Gene A,Gene B,Label,Score,Precision,Recall,False Positive Rate
YDR019C,YLR009W,0,-0.11636242,0.0,0.0,9.999999747378752e-05
YDR019C,YDL179W,0,-0.11636242,0.0,0.0,0.00019999999494757503
YFR027W,YLR343W,0,-0.11636242,0.0,0.0,0.0003000000142492354
YER150W,YJL180C,0,-0.11636242,0.0,0.0,0.00039999998989515007
YOR120W,YNR067C,0,-0.11636265,0.0,0.0,0.0005000000237487257
YKL141W,YLR343W,0,-0.11637235,0.0,0.0,0.0006000000284984708
YML054C,YPL106C,0,-0.11638464,0.0,0.0,0.000699999975040555
YKL180W,YLR318W,0,-0.116390824,0.0,0.0,0.0007999999797903001
YDL105W,YER091C,0,-0.116397984,0.0,0.0,0.0008999999845400453
YER070W,YOR348C,0,-0.11645076,0.0,0.0,0.0010000000474974513
YJL158C,YPL280W,0,-0.11651429,0.0,0.0,0.0010999999940395355
YER091C,YDR130C,0,-0.116534054,0.0,0.0,0.0012000000569969416
YLR258W,YMR117C,0,-0.11654273,0.0,0.0,0.0013000000035390258
YNL078W,YGR161C,0,-0.11656375,0.0,0.0,0.00139999995008111
YBR038W,YGL096W,0,-0.11657006,0.0,0.0,0.001500000013038516
YCR031C,YBR072W,0,-0.11658225,0.0,0.0,0.0015999999595806003
YIL123W,YFL014W,0,-0.11659496,0.0,0.0,0.0017000000225380063
YDR019C,YLR196W,0,-0.11662724,0.0,0.0,0.0017999999690800905
YGR161C,YJL189W,0,-0.11668822,0.0,0.0,0.0019000000320374966
YIL078W,YOR348C,0,-0.11668831,0.0,0.0,0.0020000000949949026
YKR094C,YDL223C,0,-0.11669056,0.0,0.0,0.002099999925121665
YML100W,YDL130W,0,-0.1167082,0.0,0.0,0.002199999988079071
YNL302C,YIL113W,0,-0.11679184,0.0,0.0,0.002300000051036477
YER038C,YMR303C,0,-0.11687757,0.0,0.0,0.002400000113993883
YGR161C,YNL182C,0,-0.11692044,0.0,0.0,0.0024999999441206455
YJR145C,YIL171W,0,-0.11702258,0.0,0.0,0.0026000000070780516
YKL081W,YIR038C,0,-0.11702801,0.0,0.0,0.0027000000700354576
YML128C,YHR052W,0,-0.11703375,0.0,0.0,0.00279999990016222
YLR258W,YBL021C,0,-0.117421046,0.0,0.0,0.002899999963119626
YJR004C,YHR209W,0,-0.117468596,0.0,0.0,0.003000000026077032
YJL136C,YDL021W,0,-0.117477395,0.0,0.0,0.003100000089034438
YPR184W,YDL055C,0,-0.11755962,0.0,0.0,0.0031999999191612005
YLR258W,YIL133C,0,-0.11782354,0.0,0.0,0.0032999999821186066
YNL112W,YOR273C,0,-0.11832401,0.0,0.0,0.0034000000450760126
YPR026W,YAL023C,0,-0.11843557,0.0,0.0,0.0035000001080334187
YEL039C,YHR052W,0,-0.11882594,0.0,0.0,0.003599999938160181
YIR039C,YIR012W,0,-0.1192341,0.0,0.0,0.003700000001117587
YPR043W,YDR380W,0,-0.11937838,0.0,0.0,0.003800000064074993
YOL077C,YIL155C,0,-0.11971398,0.0,0.0,0.0038999998942017555
YDL061C,YOL084W,0,-0.11987,0.0,0.0,0.004000000189989805
YLR291C,YMR105C,0,-0.119921364,0.0,0.0,0.004100000020116568
YLR333C,YLL055W,0,-0.120315135,0.0,0.0,0.00419999985024333
YHR089C,YHR096C,0,-0.12080585,0.0,0.0,0.00430000014603138
YNL162W,YKR077W,0,-0.12096304,0.0,0.0,0.004399999976158142
YML100W,YOR271C,0,-0.12106076,0.0,0.0,0.0044999998062849045
YOL084W,YNL132W,0,-0.12122181,0.0,0.0,0.004600000102072954
YMR290C,YGR080W,0,-0.12457223,0.0,0.0,0.004699999932199717
YEL039C,YLR115W,0,-0.12561318,0.0,0.0,0.004800000227987766
YER150W,YMR186W,0,-0.1276497,0.0,0.0,0.004900000058114529
YLR189C,YPL131W,0,-0.12803374,0.0,0.0,0.004999999888241291
YER091C,YOL093W,0,-0.12867536,0.0,0.0,0.005100000184029341
YLR043C,YER103W,0,-0.12880516,0.0,0.0,0.005200000014156103
YIL018W,YGL196W,0,-0.13022307,0.0,0.0,0.0052999998442828655
YBR072W,YNL073W,0,-0.13032492,0.0,0.0,0.005400000140070915
YBR087W,YGR161C,0,-0.13337076,0.0,0.0,0.005499999970197678
YLR058C,YDR406W,0,-0.13495639,0.0,0.0,0.00559999980032444
YEL039C,YDL246C,0,-0.13507015,0.0,0.0,0.00570000009611249
YGL209W,YPL240C,0,-0.1353941,0.0,0.0,0.005799999926239252
YOL151W,YOL101C,0,-0.13609852,0.0,0.0,0.005900000222027302
YOR212W,YMR303C,0,-0.13652174,0.0,0.0,0.006000000052154064
YDL179W,YDL223C,0,-0.13785538,0.0,0.0,0.006099999882280827
YLR142W,YOR326W,0,-0.14214315,0.0,0.0,0.006200000178068876
YFR053C,YAL011W,0,-0.14228807,0.0,0.0,0.006300000008195639
YGR264C,YBL078C,0,-0.14378107,0.0,0.0,0.006399999838322401
YOR273C,YOR369C,0,-0.14452875,0.0,0.0,0.006500000134110451
YPL223C,YLL045C,0,-0.14708108,0.0,0.0,0.006599999964237213
YDR064W,YMR133W,0,-0.1482063,0.0,0.0,0.0066999997943639755
YBR162C,YGL141W,0,-0.1509747,0.0,0.0,0.006800000090152025
YLR017W,YOR348C,0,-0.16109261,0.0,0.0,0.006899999920278788
YHR061C,YML100W,0,-0.16111839,0.0,0.0,0.007000000216066837
YFR015C,YNL123W,0,-0.16347915,0.0,0.0,0.0071000000461936
YDL223C,YBR034C,0,-0.16762939,0.0,0.0,0.007199999876320362
YGR161C,YNL304W,0,-0.16771276,0.0,0.0,0.007300000172108412
YER171W,YLR258W,0,-0.16896734,0.0,0.0,0.007400000002235174
YJL025W,YMR105C,0,-0.17137651,0.0,0.0,0.007499999832361937
YBR191W,YOL082W,0,-0.17738496,0.0,0.0,0.007600000128149986
YMR131C,YNR001C,0,-0.17790076,0.0,0.0,0.007699999958276749
YML106W,YBR169C,0,-0.18062311,0.0,0.0,0.007799999788403511
YOR145C,YFR053C,0,-0.1826025,0.0,0.0,0.007899999618530273
YML054C,YDR497C,0,-0.1845,0.0,0.0,0.00800000037997961
YMR131C,YCL044C,0,-0.1858409,0.0,0.0,0.008100000210106373
YER098W,YBR072W,0,-0.18840857,0.0,0.0,0.008200000040233135
YJL158C,YLR258W,0,-0.19118033,0.0,0.0,0.008299999870359898
YAL054C,YGR185C,0,-0.20163554,0.0,0.0,0.00839999970048666
YJL033W,YIL136W,0,-0.20207927,0.0,0.0,0.008500000461935997
YGL206C,YIL170W,0,-0.20397298,0.0,0.0,0.00860000029206276
YLR299W,YGL147C,0,-0.20576197,0.0,0.0,0.008700000122189522
YLR196W,YDR436W,0,-0.2067607,0.0,0.0,0.008799999952316284
YML023C,YBR183W,0,-0.21421242,0.0,0.0,0.008899999782443047
YDR252W,YMR250W,0,-0.21498165,0.0,0.0,0.008999999612569809
YMR123W,YCR021C,0,-0.22145467,0.0,0.0,0.009100000374019146
YLR086W,YJR073C,0,-0.22509553,0.0,0.0,0.009200000204145908
YER103W,YKR095W-A,0,-0.22527328,0.0,0.0,0.00930000003427267
YLR212C,YHR096C,0,-0.22807977,0.0,0.0,0.009399999864399433
YIL069C,YMR139W,0,-0.23356293,0.0,0.0,0.009499999694526196
YGL196W,YDR365C,0,-0.23573862,0.0,0.0,0.009600000455975533
YMR230W,YPL280W,0,-0.23631999,0.0,0.0,0.009700000286102295
YML102W,YBR066C,0,-0.25199237,0.0,0.0,0.009800000116229057
YDR144C,YHL035C,0,-0.25567326,0.0,0.0,0.00989999994635582
YNL031C,YER150W,0,-0.2596321,0.0,0.0,0.009999999776482582
YLL009C,YLR142W,0,-0.26962405,0.0,0.0,0.010099999606609344
YDR406W,YHR170W,0,-0.27639198,0.0,0.0,0.010200000368058681
YOR382W,YHR117W,0,-0.29037935,0.0,0.0,0.010300000198185444
YOR120W,YPL235W,0,-0.2914216,0.0,0.0,0.010400000028312206
YMR221C,YER150W,0,-0.29388368,0.0,0.0,0.010499999858438969
YOR036W,YPL093W,0,-0.29853308,0.0,0.0,0.010599999688565731
YBL075C,YLL057C,0,-0.30446228,0.0,0.0,0.010700000450015068
YBR006W,YEL040W,0,-0.30660826,0.0,0.0,0.01080000028014183
YLR291C,YOR317W,0,-0.32335907,0.0,0.0,0.010900000110268593
YDL022W,YMR290C,0,-0.32397532,0.0,0.0,0.010999999940395355
YLL026W,YHR010W,0,-0.3241433,0.0,0.0,0.011099999770522118
YNR022C,YOR348C,0,-0.32799438,0.0,0.0,0.01119999960064888
YNL111C,YER175C,0,-0.33369237,0.0,0.0,0.011300000362098217
YGL209W,YLL024C,0,-0.33492225,0.0,0.0,0.01140000019222498
YML054C,YJR118C,0,-0.33746123,0.0,0.0,0.011500000022351742
YCL036W,YGR142W,0,-0.33998483,0.0,0.0,0.011599999852478504
YNL233W,YMR105C,0,-0.34278977,0.0,0.0,0.011699999682605267
YPR081C,YOR004W,0,-0.344995,0.0,0.0,0.011800000444054604
YMR250W,YGL236C,0,-0.35158992,0.0,0.0,0.011900000274181366
YNL278W,YIL069C,0,-0.35290256,0.0,0.0,0.012000000104308128
YGR178C,YHL016C,0,-0.3581745,0.0,0.0,0.01209999993443489
YMR133W,YMR049C,0,-0.36250812,0.0,0.0,0.012199999764561653
YDL111C,YBL075C,0,-0.36557394,0.0,0.0,0.012299999594688416
YOR120W,YHR013C,0,-0.3683307,0.0,0.0,0.012400000356137753
YER062C,YGL236C,0,-0.3702531,0.0,0.0,0.012500000186264515
YLR333C,YER106W,0,-0.3707417,0.0,0.0,0.012600000016391277
YER106W,YMR250W,0,-0.37249556,0.0,0.0,0.01269999984651804
YDL179W,YGR027C,0,-0.37451425,0.0,0.0,0.012799999676644802
YGR138C,YJR035W,0,-0.37719253,0.0,0.0,0.012900000438094139
YLR058C,YLL008W,0,-0.3778158,0.0,0.0,0.013000000268220901
YLR197W,YCR010C,0,-0.37881508,0.0,0.0,0.013100000098347664
YDR252W,YGL031C,0,-0.38031435,0.0,0.0,0.013199999928474426
YNR033W,YDL082W,0,-0.38152683,0.0,0.0,0.013299999758601189
YNL162W,YOL154W,0,-0.38342273,0.0,0.0,0.013399999588727951
YOR063W,YAR007C,0,-0.38593462,0.0,0.0,0.013500000350177288
YOR382W,YGL062W,0,-0.38745394,0.0,0.0,0.01360000018030405
YGR088W,YDR120C,0,-0.39104286,0.0,0.0,0.013700000010430813
YIR017C,YOR298W,0,-0.39239627,0.0,0.0,0.013799999840557575
YDL170W,YFL014W,0,-0.39770448,0.0,0.0,0.013899999670684338
YMR203W,YDL204W,0,-0.40144607,0.0,0.0,0.014000000432133675
YDL081C,YOL028C,0,-0.4019206,0.0,0.0,0.014100000262260437
YGR159C,YKR034W,0,-0.41143563,0.0,0.0,0.0142000000923872
YDL112W,YHR139C,0,-0.41467333,0.0,0.0,0.014299999922513962
YNR016C,YOL084W,0,-0.41756433,0.0,0.0,0.014399999752640724
YJR119C,YGL253W,0,-0.4177433,0.0,0.0,0.014499999582767487
YGL171W,YDR380W,0,-0.41822302,0.0,0.0,0.014600000344216824
YLR197W,YDR259C,0,-0.42432812,0.0,0.0,0.014700000174343586
YPL259C,YOR317W,0,-0.434271,0.0,0.0,0.014800000004470348
YPR162C,YFL014W,0,-0.43444234,0.0,0.0,0.01489999983459711
YOR155C,YCR072C,0,-0.43929526,0.0,0.0,0.014999999664723873
YER056C,YKL011C,0,-0.4408026,0.0,0.0,0.01510000042617321
YCL027W,YCR021C,0,-0.44482943,0.0,0.0,0.015200000256299973
YIR039C,YKL024C,0,-0.44484478,0.0,0.0,0.015300000086426735
YDR074W,YPL121C,0,-0.44701377,0.0,0.0,0.015399999916553497
YPR160W,YOL145C,0,-0.4523611,0.0,0.0,0.01549999974668026
YPR198W,YHR052W,0,-0.45707372,0.0,0.0,0.015599999576807022
YDR252W,YBR105C,0,-0.46490756,0.0,0.0,0.015699999406933784
YPL186C,YOR182C,0,-0.4680198,0.0,0.0,0.015799999237060547
YPR131C,YHR157W,0,-0.47503936,0.0,0.0,0.01590000092983246
YBR045C,YHR064C,0,-0.47679433,0.0,0.0,0.01600000075995922
YIL135C,YOR369C,0,-0.47782168,0.0,0.0,0.016100000590085983
YDR342C,YDR030C,0,-0.4778346,0.0,0.0,0.016200000420212746
YDR362C,YBL075C,0,-0.478524,0.0,0.0,0.016300000250339508
YER014C-A,YFL026W,0,-0.478878,0.0,0.0,0.01640000008046627
YDR146C,YCL044C,0,-0.4789563,0.0,0.0,0.016499999910593033
YER028C,YGL031C,0,-0.47941184,0.0,0.0,0.016599999740719795
YGR161C,YOR079C,0,-0.48438597,0.0,0.0,0.016699999570846558
YHR129C,YDR471W,0,-0.48490432,0.0,0.0,0.01679999940097332
YDR418W,YMR117C,0,-0.48588613,0.0,0.0,0.016899999231100082
YNL160W,YOR167C,0,-0.48617402,0.0,0.0,0.017000000923871994
YJR073C,YDR369C,0,-0.48717776,0.0,0.0,0.017100000753998756
YMR274C,YBR169C,0,-0.4887073,0.0,0.0,0.01720000058412552
YER062C,YPL144W,0,-0.4902079,0.0,0.0,0.01730000041425228
YCL047C,YLR154C,0,-0.49276808,0.0,0.0,0.017400000244379044
YBR128C,YOR206W,0,-0.49512395,0.0,0.0,0.017500000074505806
YLR058C,YER180C,0,-0.4959568,0.0,0.0,0.01759999990463257
YER150W,YDL054C,0,-0.4968992,0.0,0.0,0.01769999973475933
YPR016C,YBR045C,0,-0.4979877,0.0,0.0,0.017799999564886093
YER014C-A,YDL142C,0,-0.49876446,0.0,0.0,0.017899999395012856
YDR418W,YIL056W,0,-0.49994662,0.0,0.0,0.017999999225139618
YDR453C,YJL157C,0,-0.50027335,0.0,0.0,0.01810000091791153
YMR117C,YHR096C,0,-0.50111437,0.0,0.0,0.018200000748038292
YNL138W-A,YLR270W,0,-0.50333434,0.0,0.0,0.018300000578165054
YPR127W,YJL189W,0,-0.5077754,0.0,0.0,0.018400000408291817
YDR449C,YIL056W,0,-0.510062,0.0,0.0,0.01850000023841858
YGR138C,YJL189W,0,-0.513842,0.0,0.0,0.01860000006854534
YLR258W,YPL139C,0,-0.51456964,0.0,0.0,0.018699999898672104
YGR129W,YML100W,0,-0.51917964,0.0,0.0,0.018799999728798866
YOL077C,YBL074C,0,-0.5224428,0.0,0.0,0.01889999955892563
YMR230W,YMR087W,0,-0.52331626,0.0,0.0,0.01899999938905239
YDR412W,YOL084W,0,-0.5252807,0.0,0.0,0.019099999219179153
YGR134W,YFL014W,0,-0.5255894,0.0,0.0,0.019200000911951065
YBL074C,YOL084W,0,-0.52662575,0.0,0.0,0.019300000742077827
YBL074C,YPL131W,0,-0.52871275,0.0,0.0,0.01940000057220459
YGR071C,YOL109W,0,-0.5290999,0.0,0.0,0.019500000402331352
YHR092C,YOR313C,0,-0.52965117,0.0,0.0,0.019600000232458115
YLR197W,YOR381W,0,-0.53003705,0.0,0.0,0.019700000062584877
YNL194C,YAL017W,0,-0.5301895,0.0,0.0,0.01979999989271164
YOR317W,YDL164C,0,-0.530366,0.0,0.0,0.019899999722838402
YGL014W,YGR138C,0,-0.53604764,0.0,0.0,0.019999999552965164
YML054C,YDR345C,0,-0.53959435,0.0,0.0,0.020099999383091927
YOR049C,YDL082W,0,-0.5401499,0.0,0.0,0.02019999921321869
YGR159C,YGL251C,0,-0.54443944,0.0,0.0,0.0203000009059906
YLR040C,YER150W,0,-0.55018187,0.0,0.0,0.020400000736117363
YHL035C,YBR085W,0,-0.550962,0.0,0.0,0.020500000566244125
YJL082W,YGL148W,0,-0.55199194,0.0,0.0,0.020600000396370888
YDR019C,YNL070W,0,-0.5530869,0.0,0.0,0.02070000022649765
YDL115C,YLR048W,0,-0.5532354,0.0,0.0,0.020800000056624413
YER140W,YDR047W,0,-0.55452627,0.0,0.0,0.020899999886751175
YFR015C,YOR194C,0,-0.5579424,0.0,0.0,0.020999999716877937
YDR528W,YDL229W,0,-0.56013465,0.0,0.0,0.0210999995470047
YEL070W,YPL061W,0,-0.56326133,0.0,0.0,0.021199999377131462
YMR256C,YFR015C,0,-0.5704052,0.0,0.0,0.021299999207258224
YLR107W,YNL096C,0,-0.5708861,0.0,0.0,0.021400000900030136
YJL172W,YDR179C,0,-0.5788536,0.0,0.0,0.0215000007301569
YLR386W,YLR029C,0,-0.58164585,0.0,0.0,0.02160000056028366
YLR345W,YML056C,0,-0.583354,0.0,0.0,0.021700000390410423
YPR073C,YCR005C,0,-0.5835767,0.0,0.0,0.021800000220537186
YFR031C-A,YDR437W,0,-0.5850399,0.0,0.0,0.021900000050663948
YIR009W,YER062C,0,-0.58617175,0.0,0.0,0.02199999988079071
YCL048W,YDR418W,0,-0.587251,0.0,0.0,0.022099999710917473
YLR450W,YBL075C,0,-0.5925549,0.0,0.0,0.022199999541044235
YIL170W,YGR143W,0,-0.59586835,0.0,0.0,0.022299999371170998
YKL062W,YPL198W,0,-0.59635246,0.0,0.0,0.02239999920129776
YDR273W,YHR051W,0,-0.5999187,0.0,0.0,0.02250000089406967
YOL040C,YOL151W,0,-0.60012305,0.0,0.0,0.022600000724196434
YPL224C,YER091C,0,-0.60183066,0.0,0.0,0.022700000554323196
YOR136W,YDL130W,0,-0.60294783,0.0,0.0,0.02280000038444996
YHR109W,YHR089C,0,-0.6035955,0.0,0.0,0.02290000021457672
YGR138C,YLR277C,0,-0.604403,0.0,0.0,0.023000000044703484
YNL063W,YJL191W,0,-0.6051051,0.0,0.0,0.023099999874830246
YNL210W,YPL213W,0,-0.60525393,0.0,0.0,0.02319999970495701
YKL029C,YGL116W,0,-0.6065875,0.0,0.0,0.02329999953508377
YLR228C,YCR005C,0,-0.60823953,0.0,0.0,0.023399999365210533
YMR217W,YDL123W,0,-0.61183965,0.0,0.0,0.023499999195337296
YHR010W,YGL037C,0,-0.6125591,0.0,0.0,0.023600000888109207
YML047C,YDL130W-A,0,-0.61408234,0.0,0.0,0.02370000071823597
YPR119W,YNL015W,0,-0.6144115,0.0,0.0,0.023800000548362732
YAL012W,YCR016W,0,-0.6145366,0.0,0.0,0.023900000378489494
YJL153C,YMR224C,0,-0.61542344,0.0,0.0,0.024000000208616257
YIL042C,YLR167W,0,-0.6157295,0.0,0.0,0.02410000003874302
YML032C,YFL014W,0,-0.61611426,0.0,0.0,0.02419999986886978
YOR124C,YLL008W,0,-0.6163907,0.0,0.0,0.024299999698996544
YLR441C,YKL010C,0,-0.6171316,0.0,0.0,0.024399999529123306
YHR031C,YFL014W,0,-0.6172676,0.0,0.0,0.02449999935925007
YFR031C-A,YHL047C,0,-0.62066185,0.0,0.0,0.02459999918937683
YGR266W,YLR150W,0,-0.6211698,0.0,0.0,0.024700000882148743
YDR306C,YJL034W,1,-0.6258302,0.004032257944345474,0.0010000000474974513,0.024700000882148743
YLR381W,YMR105C,0,-0.62687886,0.00401606410741806,0.0010000000474974513,0.024800000712275505
YJR147W,YER131W,0,-0.62786126,0.004000000189989805,0.0010000000474974513,0.024900000542402267
YDR386W,YFR031C-A,0,-0.62926304,0.0039840638637542725,0.0010000000474974513,0.02500000037252903
YGR118W,YIL037C,0,-0.6302285,0.003968254197388887,0.0010000000474974513,0.025100000202655792
YNL298W,YOR382W,0,-0.6305491,0.003952569328248501,0.0010000000474974513,0.025200000032782555
YLR175W,YLR054C,0,-0.6327033,0.003937007859349251,0.0010000000474974513,0.025299999862909317
YML018C,YIL009W,0,-0.633283,0.003921568859368563,0.0010000000474974513,0.02539999969303608
YHR021C,YAL017W,0,-0.6380429,0.00390625,0.0010000000474974513,0.025499999523162842
YNL271C,YMR303C,0,-0.6397562,0.0038910505827516317,0.0010000000474974513,0.025599999353289604
YHL040C,YPL171C,0,-0.6411884,0.0038759689778089523,0.0010000000474974513,0.025699999183416367
YFL026W,YPR001W,0,-0.6414807,0.0038610037881881,0.0010000000474974513,0.025800000876188278
YFR015C,YFR031C,0,-0.6442441,0.003846153849735856,0.0010000000474974513,0.02590000070631504
YKL089W,YAL012W,0,-0.6445651,0.0038314175326377153,0.0010000000474974513,0.026000000536441803
YPR010C,YMR195W,0,-0.6446575,0.003816793905571103,0.0010000000474974513,0.026100000366568565
YMR173W,YAL019W,0,-0.6456845,0.0038022813387215137,0.0010000000474974513,0.026200000196695328
YNL278W,YKL172W,0,-0.64692986,0.0037878789007663727,0.0010000000474974513,0.02630000002682209
YBR287W,YOR287C,0,-0.6498554,0.0037735849618911743,0.0010000000474974513,0.026399999856948853
YGL178W,YOR182C,0,-0.6502328,0.003759398590773344,0.0010000000474974513,0.026499999687075615
YFR030W,YDL075W,0,-0.65159845,0.00374531839042902,0.0010000000474974513,0.026599999517202377
YLR058C,YHL028W,0,-0.65311956,0.0037313431967049837,0.0010000000474974513,0.02669999934732914
YJL158C,YPR068C,0,-0.65318847,0.0037174720782786608,0.0010000000474974513,0.026799999177455902
YPL198W,YKL171W,0,-0.6536758,0.003703703638166189,0.0010000000474974513,0.026900000870227814
YGR161C,YDR420W,0,-0.6552839,0.0036900369450449944,0.0010000000474974513,0.027000000700354576
YGR088W,YPL098C,0,-0.6586516,0.0036764706019312143,0.0010000000474974513,0.02710000053048134
YML042W,YDL095W,0,-0.6624185,0.0036630036775022745,0.0010000000474974513,0.0272000003606081
YBL076C,YER053C,0,-0.66459405,0.0036496350076049566,0.0010000000474974513,0.027300000190734863
YLR367W,YFL061W,0,-0.66603565,0.003636363660916686,0.0010000000474974513,0.027400000020861626
YJL172W,YKR053C,0,-0.6674869,0.0036231884732842445,0.0010000000474974513,0.027499999850988388
YDL059C,YHR139C,0,-0.6678308,0.003610108280554414,0.0010000000474974513,0.02759999968111515
YIR032C,YDR091C,0,-0.66818464,0.003597122384235263,0.0010000000474974513,0.027699999511241913
YDR025W,YIL087C,0,-0.6696905,0.00358422938734293,0.0010000000474974513,0.027799999341368675
YGR234W,YOR382W,0,-0.66997194,0.0035714285913854837,0.0010000000474974513,0.027899999171495438
YKR094C,YBR238C,0,-0.6704804,0.0035587188322097063,0.0010000000474974513,0.02800000086426735
YLR083C,YNL309W,0,-0.6708305,0.003546099178493023,0.0010000000474974513,0.02810000069439411
YIL133C,YNL115C,0,-0.67092144,0.0035335689317435026,0.0010000000474974513,0.028200000524520874
YPL276W,YDR047W,0,-0.67319405,0.0035211266949772835,0.0010000000474974513,0.028300000354647636
YDR064W,YMR137C,0,-0.67409897,0.003508772002533078,0.0010000000474974513,0.0284000001847744
YNR071C,YDL082W,0,-0.6755439,0.003496503457427025,0.0010000000474974513,0.02850000001490116
YLR139C,YER117W,0,-0.67683196,0.003484320593997836,0.0010000000474974513,0.028599999845027924
YCR012W,YOR338W,0,-0.677235,0.0034722222480922937,0.0010000000474974513,0.028699999675154686
YJL102W,YER086W,0,-0.68066907,0.0034602077212184668,0.0010000000474974513,0.02879999950528145
YNL227C,YCR021C,0,-0.68093467,0.003448275849223137,0.0010000000474974513,0.02889999933540821
YER056C,YNR002C,0,-0.68100655,0.003436426166445017,0.0010000000474974513,0.028999999165534973
YFR053C,YMR112C,0,-0.68114877,0.0034246575087308884,0.0010000000474974513,0.029100000858306885
YHL024W,YKL096W-A,0,-0.6812748,0.0034129691775888205,0.0010000000474974513,0.029200000688433647
YCR031C,YEL062W,0,-0.6812751,0.003401360474526882,0.0010000000474974513,0.02930000051856041
YLR432W,YLR143W,0,-0.68489516,0.003389830468222499,0.0010000000474974513,0.029400000348687172
YKR103W,YPR132W,0,-0.68507767,0.0033783784601837397,0.0010000000474974513,0.029500000178813934
YEL040W,YJR103W,0,-0.6865045,0.003367003286257386,0.0010000000474974513,0.029600000008940697
YEL041W,YOR271C,0,-0.69012046,0.003355704713612795,0.0010000000474974513,0.02969999983906746
YOR228C,YLR061W,0,-0.6944089,0.0033444815780967474,0.0010000000474974513,0.02979999966919422
YDR144C,YMR180C,0,-0.6945456,0.0033333334140479565,0.0010000000474974513,0.029899999499320984
YPL174C,YJL089W,0,-0.6950301,0.003322259057313204,0.0010000000474974513,0.029999999329447746
YOL040C,YJL149W,0,-0.6953244,0.0033112582750618458,0.0010000000474974513,0.03009999915957451
YDL024C,YHL036W,0,-0.69616747,0.0033003301359713078,0.0010000000474974513,0.03020000085234642
YLR189C,YGR264C,0,-0.69750524,0.003289473708719015,0.0010000000474974513,0.030300000682473183
YOR116C,YDR476C,0,-0.69763803,0.0032786885276436806,0.0010000000474974513,0.030400000512599945
YLL012W,YHR209W,0,-0.6996815,0.003267973894253373,0.0010000000474974513,0.030500000342726707
YLR367W,YIL087C,0,-0.700879,0.0032573288772255182,0.0010000000474974513,0.03060000017285347
YJR015W,YIL160C,0,-0.7015215,0.003246753243729472,0.0010000000474974513,0.030700000002980232
YBR066C,YER178W,0,-0.7021556,0.0032362460624426603,0.0010000000474974513,0.030799999833106995
YMR243C,YGL170C,0,-0.7030088,0.003225806402042508,0.0010000000474974513,0.030899999663233757
YMR230W,YDR263C,0,-0.70318305,0.003215434029698372,0.0010000000474974513,0.03099999949336052
YGL031C,YPR047W,0,-0.7051631,0.0032051282469183207,0.0010000000474974513,0.031099999323487282
YOL152W,YOR271C,0,-0.70549715,0.00319488812237978,0.0010000000474974513,0.031199999153614044
YPL038W,YLR160C,0,-0.7065742,0.0031847134232521057,0.0010000000474974513,0.031300000846385956
YML128C,YNL250W,0,-0.70713246,0.0031746032182127237,0.0010000000474974513,0.03139999881386757
YKR104W,YPR167C,0,-0.7106632,0.0031645570416003466,0.0010000000474974513,0.03150000050663948
YPL223C,YFL004W,0,-0.71170735,0.0031545741949230433,0.0010000000474974513,0.031599998474121094
YHL011C,YER033C,0,-0.71276176,0.003144653979688883,0.0010000000474974513,0.031700000166893005
YGL206C,YOR285W,0,-0.7149668,0.0031347961630672216,0.0010000000474974513,0.03180000185966492
YPL082C,YNL210W,0,-0.7152786,0.0031250000465661287,0.0010000000474974513,0.03189999982714653
YBR247C,YIL171W,0,-0.71546245,0.0031152646988630295,0.0010000000474974513,0.03200000151991844
YKL143W,YJL171C,0,-0.7179644,0.003105590119957924,0.0010000000474974513,0.032099999487400055
YGR009C,YCL026C-B,0,-0.72039497,0.0030959751456975937,0.0010000000474974513,0.03220000118017197
YJR092W,YER131W,0,-0.72236276,0.003086419776082039,0.0010000000474974513,0.03229999914765358
YNL111C,YER071C,0,-0.7231829,0.003076923079788685,0.0010000000474974513,0.03240000084042549
YLR175W,YPL154C,0,-0.72339416,0.0030674845911562443,0.0010000000474974513,0.032499998807907104
YBR231C,YKR075C,0,-0.7235246,0.0030581040773540735,0.0010000000474974513,0.032600000500679016
YBL075C,YNL317W,0,-0.7243283,0.0030487803742289543,0.0010000000474974513,0.03269999846816063
YFR015C,YLR277C,0,-0.72539556,0.0030395137146115303,0.0010000000474974513,0.03280000016093254
YHR036W,YLR249W,0,-0.7255688,0.0030303029343485832,0.0010000000474974513,0.03290000185370445
YGR145W,YGR189C,0,-0.72712696,0.003021148033440113,0.0010000000474974513,0.032999999821186066
YPR043W,YOR227W,0,-0.727201,0.0030120480805635452,0.0010000000474974513,0.03310000151395798
YOL059W,YPL280W,0,-0.7288456,0.0030030030757188797,0.0010000000474974513,0.03319999948143959
YKL103C,YLR213C,0,-0.728956,0.002994012087583542,0.0010000000474974513,0.0333000011742115
YLR099C,YKL143W,0,-0.7297435,0.0029850746504962444,0.0010000000474974513,0.033399999141693115
YLL055W,YBR160W,0,-0.729828,0.0029761905316263437,0.0010000000474974513,0.03350000083446503
YML037C,YNR071C,0,-0.7337009,0.002967359032481909,0.0010000000474974513,0.03359999880194664
YDL045W-A,YMR303C,0,-0.73465383,0.002958579920232296,0.0010000000474974513,0.03370000049471855
YLR075W,YJL149W,0,-0.73469687,0.0029498524963855743,0.0010000000474974513,0.033799998462200165
YGL031C,YLR120C,0,-0.73490703,0.0029411765281111,0.0010000000474974513,0.033900000154972076
YNR053C,YFL029C,0,-0.7349887,0.0029325513169169426,0.0010000000474974513,0.03400000184774399
YML081C-A,YMR250W,0,-0.73524606,0.002923976629972458,0.0010000000474974513,0.0340999998152256
YHR030C,YPR119W,0,-0.7363899,0.0029154520016163588,0.0010000000474974513,0.03420000150799751
YGR214W,YGR225W,0,-0.7376276,0.0029069767333567142,0.0010000000474974513,0.034299999475479126
YER087C-A,YER161C,0,-0.7378458,0.0028985508251935244,0.0010000000474974513,0.03440000116825104
YJR021C,YGR055W,0,-0.7389027,0.0028901733458042145,0.0010000000474974513,0.03449999913573265
YLR327C,YPL218W,0,-0.7397473,0.0028818442951887846,0.0010000000474974513,0.03460000082850456
YGR177C,YHL016C,0,-0.74154294,0.0028735632076859474,0.0010000000474974513,0.034699998795986176
YLR325C,YPL221W,0,-0.74278903,0.0028653296176344156,0.0010000000474974513,0.03480000048875809
YCR012W,YDL114W,0,-0.7432337,0.0028571428265422583,0.0010000000474974513,0.0348999984562397
YPR192W,YDR353W,0,-0.7440895,0.0028490028344094753,0.0010000000474974513,0.03500000014901161
YGR178C,YKL171W,0,-0.7445805,0.0028409091755747795,0.0010000000474974513,0.035100001841783524
YIL120W,YDR026C,0,-0.7453406,0.00283286115154624,0.0010000000474974513,0.03519999980926514
YDR273W,YGL115W,0,-0.7476499,0.0028248587623238564,0.0010000000474974513,0.03530000150203705
YBR054W,YDL095W,0,-0.7490815,0.002816901309415698,0.0010000000474974513,0.03539999946951866
YNL024C,YMR303C,0,-0.74921906,0.002808988792821765,0.0010000000474974513,0.03550000116229057
YDR367W,YOR382W,0,-0.7506336,0.002801120514050126,0.0010000000474974513,0.035599999129772186
YCL050C,YMR087W,0,-0.75131917,0.002793296007439494,0.0010000000474974513,0.0357000008225441
YER184C,YNL015W,0,-0.75193083,0.002785515272989869,0.0010000000474974513,0.03579999879002571
YER038C,YPR091C,0,-0.7533163,0.0027777778450399637,0.0010000000474974513,0.03590000048279762
YDR436W,YCR047C,0,-0.75401974,0.002770083025097847,0.0010000000474974513,0.035999998450279236
YMR239C,YGR204W,0,-0.75410056,0.0027624310459941626,0.0010000000474974513,0.03610000014305115
YBR191W,YOR136W,0,-0.7545115,0.002754820976406336,0.0010000000474974513,0.03620000183582306
YER053C,YDR451C,0,-0.75463974,0.002747252816334367,0.0010000000474974513,0.03629999980330467
YPR047W,YOR204W,0,-0.7560997,0.002739726100116968,0.0010000000474974513,0.036400001496076584
YNL194C,YJL189W,0,-0.7573304,0.0027322403620928526,0.0010000000474974513,0.0364999994635582
YCR002C,YNL181W,0,-0.7575948,0.00272479560226202,0.0010000000474974513,0.03660000115633011
YBL087C,YNR033W,0,-0.7585052,0.0027173913549631834,0.0010000000474974513,0.03669999912381172
YPL043W,YPR167C,0,-0.7589303,0.002710027154535055,0.0010000000474974513,0.03680000081658363
YNL162W,YOR147W,0,-0.7603395,0.0027027027681469917,0.0010000000474974513,0.03689999878406525
YGR088W,YIL125W,0,-0.76054156,0.002695417730137706,0.0010000000474974513,0.03700000047683716
YDR398W,YIR032C,0,-0.76070416,0.0026881720405071974,0.0010000000474974513,0.03709999844431877
YNL066W,YNL025C,0,-0.76292026,0.002680965233594179,0.0010000000474974513,0.03720000013709068
YMR321C,YPR175W,0,-0.76335645,0.002673796843737364,0.0010000000474974513,0.037300001829862595
YPR152C,YDL130W,0,-0.7637156,0.0026666666381061077,0.0010000000474974513,0.03739999979734421
YJL080C,YDR009W,0,-0.76446414,0.002659574383869767,0.0010000000474974513,0.03750000149011612
YMR175W,YCL044C,0,-0.76475656,0.0026525198481976986,0.0010000000474974513,0.03759999945759773
YPR005C,YML058W-A,0,-0.7648554,0.0026455025654286146,0.0010000000474974513,0.037700001150369644
YJR010W,YML005W,0,-0.7664057,0.0026385225355625153,0.0010000000474974513,0.03779999911785126
YLR224W,YJL034W,1,-0.76679516,0.005263158120214939,0.0020000000949949026,0.03779999911785126
YBR078W,YMR105C,0,-0.7674768,0.005249343812465668,0.0020000000949949026,0.03790000081062317
YJL057C,YER126C,0,-0.7675998,0.005235602147877216,0.0020000000949949026,0.03799999877810478
YJL183W,YPL280W,0,-0.7701936,0.00522193219512701,0.0020000000949949026,0.038100000470876694
YLR318W,YGR162W,0,-0.77114236,0.0052083334885537624,0.0020000000949949026,0.03819999843835831
YJL006C,YJL171C,0,-0.7719053,0.005194805096834898,0.0020000000949949026,0.03830000013113022
YGR279C,YPR091C,0,-0.77338934,0.005181347019970417,0.0020000000949949026,0.03840000182390213
YJL136C,YFR006W,0,-0.77459455,0.005167958792299032,0.0020000000949949026,0.03849999979138374
YIR038C,YOL052C,0,-0.77463543,0.005154639016836882,0.0020000000949949026,0.038600001484155655
YML132W,YKR096W,0,-0.7765372,0.005141388159245253,0.0020000000949949026,0.03869999945163727
YMR055C,YDR234W,0,-0.7766018,0.0051282052882015705,0.0020000000949949026,0.03880000114440918
YLR321C,YGR026W,0,-0.77721214,0.005115089472383261,0.0020000000949949026,0.03889999911189079
YDL055C,YOR374W,0,-0.77767503,0.005102040711790323,0.0020000000949949026,0.039000000804662704
YPL276W,YLR249W,0,-0.7795824,0.005089058540761471,0.0020000000949949026,0.03909999877214432
YGL126W,YOR182C,0,-0.7796445,0.005076142027974129,0.0020000000949949026,0.03920000046491623
YPR002W,YIL130W,0,-0.7807982,0.005063291173428297,0.0020000000949949026,0.03929999843239784
YML018C,YNL146W,0,-0.7826885,0.005050505045801401,0.0020000000949949026,0.039400000125169754
YHL044W,YOL120C,0,-0.7834593,0.005037783179432154,0.0020000000949949026,0.039500001817941666
YFR015C,YKR095W-A,0,-0.78352606,0.005025125574320555,0.0020000000949949026,0.03959999978542328
YER179W,YDR077W,0,-0.78477156,0.00501253129914403,0.0020000000949949026,0.03970000147819519
YJR054W,YBR067C,0,-0.78497577,0.004999999888241291,0.0020000000949949026,0.039799999445676804
YBL054W,YMR081C,0,-0.7853795,0.004987531341612339,0.0020000000949949026,0.039900001138448715
YOL043C,YPL111W,0,-0.7858223,0.004975124262273312,0.0020000000949949026,0.03999999910593033
YOL077C,YMR163C,0,-0.7862854,0.004962779115885496,0.0020000000949949026,0.04010000079870224
YMR182C,YBR092C,0,-0.7864704,0.004950494971126318,0.0020000000949949026,0.04019999876618385
YGL170C,YHL003C,0,-0.7871134,0.004938271827995777,0.0020000000949949026,0.040300000458955765
YKL194C,YNL162W,0,-0.7876766,0.004926108289510012,0.0020000000949949026,0.04039999842643738
YPR080W,YDR196C,0,-0.7892798,0.004914004821330309,0.0020000000949949026,0.04050000011920929
YOR232W,YNL335W,0,-0.7898518,0.0049019609577953815,0.0020000000949949026,0.0406000018119812
YPR047W,YLR029C,0,-0.789955,0.004889975767582655,0.0020000000949949026,0.040699999779462814
YJR070C,YML133C,0,-0.7902069,0.004878048785030842,0.0020000000949949026,0.040800001472234726
YOL101C,YHL019C,0,-0.790812,0.004866180010139942,0.0020000000949949026,0.04089999943971634
YLL048C,YGR001C,0,-0.7919575,0.004854368977248669,0.0020000000949949026,0.04100000113248825
YML027W,YDL061C,0,-0.7921243,0.004842615220695734,0.0020000000949949026,0.041099999099969864
YDR444W,YKL032C,0,-0.7967185,0.004830917809158564,0.0020000000949949026,0.041200000792741776
YCL026C-B,YPR095C,0,-0.79698324,0.004819277208298445,0.0020000000949949026,0.04129999876022339
YPR192W,YHR080C,0,-0.7973019,0.004807692486792803,0.0020000000949949026,0.0414000004529953
YML027W,YMR242C,0,-0.79797375,0.0047961631789803505,0.0020000000949949026,0.04149999842047691
YBL113C,YLR004C,0,-0.7982824,0.0047846888191998005,0.0020000000949949026,0.041600000113248825
YGR295C,YLR073C,0,-0.800967,0.00477326987311244,0.0020000000949949026,0.04170000180602074
YMR228W,YLR029C,0,-0.8011744,0.004761904943734407,0.0020000000949949026,0.04179999977350235
YER140W,YIL047C,0,-0.8016678,0.0047505940310657024,0.0020000000949949026,0.04190000146627426
YFR018C,YPR067W,0,-0.8026985,0.004739336669445038,0.0020000000949949026,0.041999999433755875
YGR082W,YPR026W,0,-0.8030307,0.004728132393211126,0.0020000000949949026,0.042100001126527786
YHR165C,YAL015C,0,-0.80308414,0.004716981202363968,0.0020000000949949026,0.0421999990940094
YDR530C,YER131W,0,-0.8054477,0.004705882165580988,0.0020000000949949026,0.04230000078678131
YMR230W,YPR154W,0,-0.8061888,0.004694835748523474,0.0020000000949949026,0.042399998754262924
YIL034C,YCR098C,0,-0.80651283,0.004683840554207563,0.0020000000949949026,0.042500000447034836
YGL078C,YOL117W,0,-0.8069836,0.004672897048294544,0.0020000000949949026,0.04259999841451645
YMR296C,YMR090W,0,-0.80739975,0.004662004765123129,0.0020000000949949026,0.04270000010728836
YLR367W,YJL149W,0,-0.80809665,0.004651162773370743,0.0020000000949949026,0.04280000180006027
YMR045C,YGL076C,0,-0.8091816,0.004640371073037386,0.0020000000949949026,0.042899999767541885
YJR016C,YGR235C,0,-0.80941117,0.004629629664123058,0.0020000000949949026,0.0430000014603138
YBL054W,YLR165C,0,-0.81016207,0.004618937615305185,0.0020000000949949026,0.04309999942779541
YOR236W,YDR134C,0,-0.8103056,0.004608294926583767,0.0020000000949949026,0.04320000112056732
YER074W,YCR091W,0,-0.81054306,0.004597701132297516,0.0020000000949949026,0.043299999088048935
YFR015C,YNL039W,0,-0.8110157,0.004587155766785145,0.0020000000949949026,0.04340000078082085
YKL171W,YHR052W,0,-0.81205463,0.004576658830046654,0.0020000000949949026,0.04349999874830246
YER055C,YCR086W,0,-0.814162,0.004566209856420755,0.0020000000949949026,0.04360000044107437
YOL090W,YCR016W,0,-0.81460726,0.00455580884590745,0.0020000000949949026,0.043699998408555984
YOR176W,YJR149W,0,-0.8147038,0.004545454401522875,0.0020000000949949026,0.043800000101327896
YLR129W,YOL057W,0,-0.8148643,0.004535147454589605,0.0020000000949949026,0.04390000179409981
YLR364W,YNL208W,0,-0.8157054,0.004524887073785067,0.0020000000949949026,0.04399999976158142
YAR009C,YGR078C,0,-0.8158138,0.004514672793447971,0.0020000000949949026,0.04410000145435333
YGR251W,YBL011W,0,-0.81687534,0.0045045046135783195,0.0020000000949949026,0.044199999421834946
YER138C,YBL017C,0,-0.8173425,0.004494382068514824,0.0020000000949949026,0.04430000111460686
YGR017W,YJL166W,0,-0.81758666,0.0044843051582574844,0.0020000000949949026,0.04439999908208847
YER125W,YBR066C,0,-0.81781745,0.0044742729514837265,0.0020000000949949026,0.04450000077486038
YGL189C,YIR002C,0,-0.82027495,0.004464285913854837,0.0020000000949949026,0.044599998742341995
YOL095C,YHL050C,0,-0.8210721,0.004454343114048243,0.0020000000949949026,0.04470000043511391
YKR075C,YDL149W,0,-0.82127666,0.004444444552063942,0.0020000000949949026,0.04479999840259552
YMR290C,YLR425W,0,-0.82179403,0.004434589762240648,0.0020000000949949026,0.04490000009536743
YLR098C,YOR272W,0,-0.8231895,0.0044247787445783615,0.0020000000949949026,0.04500000178813934
YML104C,YLR040C,0,-0.8248857,0.004415011033415794,0.0020000000949949026,0.045099999755620956
YPR119W,YGR055W,0,-0.82703805,0.0044052861630916595,0.0020000000949949026,0.04520000144839287
YGR017W,YCR035C,0,-0.8282558,0.004395604599267244,0.0020000000949949026,0.04529999941587448
YHR092C,YDR371W,0,-0.82842803,0.004385964944958687,0.0020000000949949026,0.04540000110864639
YIL111W,YML081W,0,-0.8295727,0.004376367665827274,0.0020000000949949026,0.045499999076128006
YCR105W,YCR011C,0,-0.829759,0.0043668122962117195,0.0020000000949949026,0.04560000076889992
YPR149W,YGL147C,0,-0.8301693,0.004357298370450735,0.0020000000949949026,0.04569999873638153
YEL039C,YCR024C,0,-0.83054614,0.004347825888544321,0.0020000000949949026,0.04580000042915344
YOR391C,YNL056W,0,-0.8335351,0.004338394850492477,0.0020000000949949026,0.045899998396635056
YLR284C,YLR359W,0,-0.83458745,0.0043290043249726295,0.0020000000949949026,0.04600000008940697
YGR204W,YER142C,0,-0.83608687,0.0043196543119847775,0.0020000000949949026,0.04610000178217888
YJL225C,YDR134C,0,-0.8364816,0.004310344811528921,0.0020000000949949026,0.04619999974966049
YML125C,YKR075C,0,-0.83700955,0.004301075357943773,0.0020000000949949026,0.046300001442432404
YGR154C,YFR015C,0,-0.83734965,0.004291845485568047,0.0020000000949949026,0.04639999940991402
YLR058C,YPL159C,0,-0.83748233,0.004282655194401741,0.0020000000949949026,0.04650000110268593
YKL181W,YDL149W,0,-0.8389659,0.004273504484444857,0.0020000000949949026,0.04659999907016754
YOR054C,YER102W,0,-0.8391192,0.004264392424374819,0.0020000000949949026,0.04670000076293945
YLL014W,YBR131W,0,-0.83932245,0.0042553190141916275,0.0020000000949949026,0.046799998730421066
YKL026C,YDR213W,0,-0.83938897,0.00424628471955657,0.0020000000949949026,0.04690000042319298
YDR226W,YHL035C,0,-0.83948576,0.0042372881434857845,0.0020000000949949026,0.04699999839067459
YLR286C,YLR215C,0,-0.8396162,0.004228329751640558,0.0020000000949949026,0.0471000000834465
YIL018W,YOR386W,0,-0.8399011,0.004219409078359604,0.0020000000949949026,0.047200001776218414
YJR010W,YMR235C,0,-0.84053075,0.0042105261236429214,0.0020000000949949026,0.04729999974370003
YJR010W,YNL308C,0,-0.841012,0.004201680887490511,0.0020000000949949026,0.04740000143647194
YGR208W,YLR324W,0,-0.84126127,0.0041928719729185104,0.0020000000949949026,0.04749999940395355
YNL153C,YJL153C,0,-0.8422873,0.0041841003112494946,0.0020000000949949026,0.047600001096725464
YLR327C,YJL085W,0,-0.84254813,0.004175365436822176,0.0020000000949949026,0.04769999906420708
YDL129W,YCR107W,0,-0.84348,0.004166666883975267,0.0020000000949949026,0.04780000075697899
YJR058C,YPR174C,0,-0.8436347,0.0041580041870474815,0.0020000000949949026,0.0478999987244606
YGL089C,YIL128W,0,-0.84415734,0.004149377811700106,0.0020000000949949026,0.04800000041723251
YNL077W,YMR229C,0,-0.8442012,0.004140786826610565,0.0020000000949949026,0.04809999838471413
YCL074W,YPR135W,0,-0.8443128,0.00413223123177886,0.0020000000949949026,0.04820000007748604
YPR160W,YDR254W,0,-0.8450687,0.004123711492866278,0.0020000000949949026,0.04830000177025795
YBL085W,YJL213W,0,-0.8455676,0.004115226212888956,0.0020000000949949026,0.04839999973773956
YLR224W,YLR380W,1,-0.8462547,0.006160164251923561,0.003000000026077032,0.04839999973773956
YOR019W,YHR092C,0,-0.8464042,0.006147541105747223,0.003000000026077032,0.048500001430511475
YJL056C,YMR051C,0,-0.84641075,0.0061349691823124886,0.003000000026077032,0.04859999939799309
YDR222W,YLR452C,0,-0.84651613,0.006122448947280645,0.003000000026077032,0.048700001090765
YER104W,YNL190W,0,-0.84672356,0.006109979469329119,0.003000000026077032,0.04879999905824661
YDR074W,YOR182C,0,-0.8470355,0.006097560748457909,0.003000000026077032,0.048900000751018524
YJL183W,YPR011C,0,-0.8472105,0.006085192784667015,0.003000000026077032,0.04899999871850014
YBL074C,YDR496C,0,-0.8485749,0.0060728746466338634,0.003000000026077032,0.04910000041127205
YBR082C,YLR224W,1,-0.8489499,0.008080808445811272,0.004000000189989805,0.04910000041127205
YIR012W,YFR003C,0,-0.84942865,0.008064515888690948,0.004000000189989805,0.04919999837875366
YML037C,YMR225C,0,-0.85066235,0.008048289455473423,0.004000000189989805,0.049300000071525574
YGL170C,YBR012W-B,0,-0.85094905,0.00803212821483612,0.004000000189989805,0.049400001764297485
YNL301C,YFR029W,0,-0.8510281,0.008016032166779041,0.004000000189989805,0.0494999997317791
YPL017C,YPL058C,0,-0.8516488,0.00800000037997961,0.004000000189989805,0.04960000142455101
YLR056W,YPR005C,0,-0.85171986,0.007984031923115253,0.004000000189989805,0.04969999939203262
YGL026C,YMR087W,0,-0.8530141,0.007968127727508545,0.004000000189989805,0.049800001084804535
YBR247C,YDR242W,0,-0.85385394,0.007952285930514336,0.004000000189989805,0.04989999905228615
YLR175W,YNL325C,0,-0.8538699,0.007936508394777775,0.004000000189989805,0.05000000074505806
YLR099C,YBR092C,0,-0.8540344,0.007920792326331139,0.004000000189989805,0.05009999871253967
YDR383C,YJL191W,0,-0.8546953,0.007905138656497002,0.004000000189989805,0.050200000405311584
YCR058C,YGL006W,0,-0.85486937,0.00788954645395279,0.004000000189989805,0.0502999983727932
YGL010W,YOR267C,0,-0.854934,0.007874015718698502,0.004000000189989805,0.05040000006556511
YMR169C,YGL084C,0,-0.85663414,0.007858546450734138,0.004000000189989805,0.05050000175833702
YLR367W,YGL229C,0,-0.8567817,0.007843137718737125,0.004000000189989805,0.050599999725818634
YIL148W,YML039W,0,-0.856889,0.007827788591384888,0.004000000189989805,0.050700001418590546
YFL026W,YDR388W,0,-0.8582834,0.0078125,0.004000000189989805,0.05079999938607216
YDR044W,YBR169C,0,-0.8585663,0.007797271013259888,0.004000000189989805,0.05090000107884407
YNL236W,YKL043W,0,-0.8588854,0.0077821011655032635,0.004000000189989805,0.050999999046325684
YGL119W,YOR383C,0,-0.86051023,0.007766990456730127,0.004000000189989805,0.051100000739097595
YJR054W,YMR041C,0,-0.8605137,0.007751937955617905,0.004000000189989805,0.05119999870657921
YML054C,YLL013C,0,-0.8612689,0.007736944127827883,0.004000000189989805,0.05130000039935112
YHR073W,YMR175W,0,-0.8621651,0.0077220075763762,0.004000000189989805,0.05139999836683273
YLR194C,YBR084W,0,-0.862643,0.00770712923258543,0.004000000189989805,0.051500000059604645
YIL078W,YNL202W,0,-0.8629937,0.007692307699471712,0.004000000189989805,0.051600001752376556
YOL053C-A,YNL207W,0,-0.8642322,0.007677542977035046,0.004000000189989805,0.05169999971985817
YGL183C,YGL093W,0,-0.86450183,0.007662835065275431,0.004000000189989805,0.05180000141263008
YGL103W,YLR001C,0,-0.8650595,0.00764818349853158,0.004000000189989805,0.051899999380111694
YOL132W,YNL239W,0,-0.8664402,0.007633587811142206,0.004000000189989805,0.052000001072883606
YJR158W,YMR295C,0,-0.8665093,0.007619047537446022,0.004000000189989805,0.05209999904036522
YPL225W,YLR061W,0,-0.8676678,0.0076045626774430275,0.004000000189989805,0.05220000073313713
YKR075C,YBR029C,0,-0.8680905,0.007590132765471935,0.004000000189989805,0.052299998700618744
YBL013W,YHR028C,0,-0.8687302,0.007575757801532745,0.004000000189989805,0.052400000393390656
YIL017W,YJL034W,1,-0.8688259,0.009451796300709248,0.004999999888241291,0.052400000393390656
YML106W,YJR010W,0,-0.8689892,0.009433962404727936,0.004999999888241291,0.05249999836087227
YPR125W,YNL210W,0,-0.86915207,0.009416195563971996,0.004999999888241291,0.05260000005364418
YLR356W,YBL028C,0,-0.86965954,0.00939849577844143,0.004999999888241291,0.05270000174641609
YLR283W,YKL179C,0,-0.8702949,0.009380863048136234,0.004999999888241291,0.052799999713897705
YPL095C,YPR110C,0,-0.87061095,0.009363295510411263,0.004999999888241291,0.05290000140666962
YIL144W,YML082W,0,-0.8706645,0.009345794096589088,0.004999999888241291,0.05299999937415123
YDL061C,YGR122W,0,-0.8707297,0.009328357875347137,0.004999999888241291,0.05310000106692314
YLR414C,YDR518W,0,-0.8710276,0.00931098684668541,0.004999999888241291,0.053199999034404755
YMR247C,YMR090W,0,-0.8713218,0.00929368007928133,0.004999999888241291,0.053300000727176666
YPL168W,YHR089C,0,-0.8713223,0.0092764375731349,0.004999999888241291,0.05339999869465828
YBR162W-A,YOR389W,0,-0.8713634,0.009259259328246117,0.004999999888241291,0.05350000038743019
YLR187W,YHR202W,0,-0.8723986,0.009242144413292408,0.004999999888241291,0.053599998354911804
YOL101C,YJL191W,0,-0.87483037,0.009225091896951199,0.004999999888241291,0.053700000047683716
YIR005W,YPL056C,0,-0.8751893,0.009208102710545063,0.004999999888241291,0.05380000174045563
YFL014W,YLR309C,0,-0.87551296,0.009191176854074001,0.004999999888241291,0.05389999970793724
YPL168W,YJR076C,0,-0.8759023,0.00917431153357029,0.004999999888241291,0.05400000140070915
YPL269W,YDL144C,0,-0.8762419,0.009157509543001652,0.004999999888241291,0.054099999368190765
YDL087C,YLR460C,0,-0.8769783,0.009140768088400364,0.004999999888241291,0.05420000106096268
YPR186C,YDR476C,0,-0.87718,0.009124087169766426,0.004999999888241291,0.05429999902844429
YGL070C,YBR012W-B,0,-0.8773421,0.009107467718422413,0.004999999888241291,0.0544000007212162
YJR097W,YDL229W,0,-0.8778919,0.00909090880304575,0.004999999888241291,0.054499998688697815
YHL040C,YHR010W,0,-0.87838507,0.009074410423636436,0.004999999888241291,0.05460000038146973
YLR413W,YPR167C,0,-0.8784462,0.009057970717549324,0.004999999888241291,0.05469999834895134
YOR168W,YIL013C,0,-0.87907195,0.009041591547429562,0.004999999888241291,0.05480000004172325
YMR050C,YNL232W,0,-0.8792255,0.009025271050632,0.004999999888241291,0.05490000173449516
YNL194C,YDR365C,0,-0.87943125,0.009009009227156639,0.004999999888241291,0.054999999701976776
YGL148W,YGL180W,0,-0.8795507,0.008992806077003479,0.004999999888241291,0.05510000139474869
YKL185W,YOR063W,0,-0.8798555,0.008976660668849945,0.004999999888241291,0.0551999993622303
YGR204W,YPR006C,0,-0.8798586,0.008960573934018612,0.004999999888241291,0.05530000105500221
YNR053C,YHR194W,0,-0.87999654,0.00894454400986433,0.004999999888241291,0.055399999022483826
YDR144C,YFR016C,0,-0.8800684,0.008928571827709675,0.004999999888241291,0.05550000071525574
YIL011W,YBR214W,0,-0.8804234,0.008912655524909496,0.004999999888241291,0.05559999868273735
YPR137W,YCR010C,0,-0.8808665,0.008896796964108944,0.004999999888241291,0.05570000037550926
YDR159W,YLR154W-C,0,-0.8812059,0.008880994282662868,0.004999999888241291,0.055799998342990875
YBR010W,YPR091C,0,-0.88127506,0.008865248411893845,0.004999999888241291,0.05590000003576279
YNL138W-A,YOL154W,0,-0.8835044,0.008849557489156723,0.004999999888241291,0.0560000017285347
YNL101W,YFL014W,0,-0.8847542,0.008833922445774078,0.004999999888241291,0.05609999969601631
YLR058C,YBR061C,0,-0.8850751,0.008818342350423336,0.004999999888241291,0.05620000138878822
YBR081C,YMR295C,0,-0.8853018,0.008802817203104496,0.004999999888241291,0.056299999356269836
YOR162C,YGR162W,0,-0.8856741,0.008787346072494984,0.004999999888241291,0.05640000104904175
YHR138C,YMR042W,0,-0.8864893,0.008771929889917374,0.004999999888241291,0.05649999901652336
YHR139C,YMR143W,0,-0.8870294,0.008756567724049091,0.004999999888241291,0.05660000070929527
YIL053W,YJR158W,0,-0.88704336,0.008741258643567562,0.004999999888241291,0.056699998676776886
YBL013W,YHL019C,0,-0.8892509,0.00872600357979536,0.004999999888241291,0.0568000003695488
YHR009C,YLR409C,0,-0.88968015,0.008710801601409912,0.004999999888241291,0.05689999833703041
YER044C-A,YBL030C,0,-0.89035964,0.008695651777088642,0.004999999888241291,0.05700000002980232
YKL200C,YAL022C,0,-0.8905897,0.0086805559694767,0.004999999888241291,0.057100001722574234
YML027W,YER117W,0,-0.8913809,0.008665511384606361,0.004999999888241291,0.05719999969005585
YDR222W,YDR406W,0,-0.89234066,0.008650518953800201,0.004999999888241291,0.05730000138282776
YNL268W,YBR012W-B,0,-0.8923707,0.00863557867705822,0.004999999888241291,0.05739999935030937
YJR145C,YML039W,0,-0.8928261,0.008620689623057842,0.004999999888241291,0.057500001043081284
YGL031C,YDL077C,0,-0.8928491,0.008605851791799068,0.004999999888241291,0.0575999990105629
YOR230W,YAL025C,0,-0.8928993,0.008591065183281898,0.004999999888241291,0.05770000070333481
YBR214W,YML071C,0,-0.89295924,0.008576328866183758,0.004999999888241291,0.05779999867081642
YOL002C,YDL247W,0,-0.89320636,0.008561643771827221,0.004999999888241291,0.05790000036358833
YCL068C,YNR043W,0,-0.8936,0.008547008968889713,0.004999999888241291,0.057999998331069946
YNR021W,YNL024C,0,-0.89384997,0.00853242352604866,0.004999999888241291,0.05810000002384186
YPL111W,YOR242C,0,-0.8950108,0.008517887443304062,0.004999999888241291,0.05820000171661377
YPR148C,YPL064C,0,-0.89501977,0.008503401651978493,0.004999999888241291,0.05829999968409538
YPR097W,YDL184C,0,-0.8952,0.008488964289426804,0.004999999888241291,0.058400001376867294
YDL099W,YOR251C,0,-0.895205,0.008474576286971569,0.004999999888241291,0.05849999934434891
YNR037C,YJR027W,0,-0.895355,0.008460236713290215,0.004999999888241291,0.05860000103712082
YOL101C,YGR026W,0,-0.89542603,0.00844594556838274,0.004999999888241291,0.05869999900460243
YIL155C,YGR246C,0,-0.8959105,0.008431702852249146,0.004999999888241291,0.058800000697374344
YDR131C,YJL034W,1,-0.8974098,0.010101010091602802,0.006000000052154064,0.058800000697374344
YHR120W,YGL031C,0,-0.89761925,0.010084033943712711,0.006000000052154064,0.05889999866485596
YDL211C,YBR146W,0,-0.89763665,0.010067113675177097,0.006000000052154064,0.05900000035762787
YML109W,YMR268W-A,0,-0.8980272,0.01005025114864111,0.006000000052154064,0.05909999832510948
YKL033W,YDL130W,0,-0.8983934,0.010033444501459599,0.006000000052154064,0.05920000001788139
YNR002C,YGR078C,0,-0.899053,0.01001669466495514,0.006000000052154064,0.059300001710653305
YCL026C-B,YMR006C,0,-0.8995595,0.009999999776482582,0.006000000052154064,0.05939999967813492
YPL090C,YGL169W,0,-0.8999045,0.009983360767364502,0.006000000052154064,0.05950000137090683
YOR228C,YNL281W,0,-0.90015435,0.009966777637600899,0.006000000052154064,0.05959999933838844
YKL199C,YML011C,0,-0.90061593,0.009950248524546623,0.006000000052154064,0.059700001031160355
YDR358W,YAL058W,1,-0.90085864,0.011589404195547104,0.007000000216066837,0.059700001031160355
YDR487C,YMR105C,0,-0.9010302,0.011570247821509838,0.007000000216066837,0.05979999899864197
YOR338W,YOR301W,0,-0.9012836,0.011551154777407646,0.007000000216066837,0.05990000069141388
YBL005W-B,YKL197C,0,-0.9019766,0.011532125063240528,0.007000000216066837,0.05999999865889549
YBR297W,YPR091C,0,-0.90226734,0.01151315774768591,0.007000000216066837,0.060100000351667404
YML098W,YGL147C,0,-0.90228677,0.01149425283074379,0.007000000216066837,0.06019999831914902
YNL231C,YPL113C,0,-0.90289664,0.011475409381091595,0.007000000216066837,0.06030000001192093
YLR244C,YDL149W,0,-0.9030955,0.011456628330051899,0.007000000216066837,0.06040000170469284
YJL021C,YMR213W,0,-0.90350235,0.011437908746302128,0.007000000216066837,0.060499999672174454
YDL075W,YPR034W,0,-0.90352714,0.011419249698519707,0.007000000216066837,0.060600001364946365
YPL116W,YPL248C,0,-0.9036598,0.011400651186704636,0.007000000216066837,0.06069999933242798
YPR102C,YNL250W,0,-0.9037149,0.01138211414217949,0.007000000216066837,0.06080000102519989
YAL041W,YHR080C,0,-0.9045582,0.011363636702299118,0.007000000216066837,0.0608999989926815
YDR416W,YHL015W,0,-0.9046283,0.011345218867063522,0.007000000216066837,0.061000000685453415
YHR138C,YOL140W,0,-0.90466166,0.011326860636472702,0.007000000216066837,0.06109999865293503
YDR213W,YMR241W,0,-0.9050617,0.011308562010526657,0.007000000216066837,0.06120000034570694
YLR011W,YCR031C,0,-0.905615,0.011290322989225388,0.007000000216066837,0.06129999831318855
YNL233W,YLR413W,0,-0.9061135,0.011272141709923744,0.007000000216066837,0.061400000005960464
YCL063W,YOL053C-A,0,-0.9061518,0.011254019103944302,0.007000000216066837,0.061500001698732376
YPR160W,YDL134C,0,-0.9065778,0.01123595517128706,0.007000000216066837,0.06159999966621399
YOR330C,YOR391C,0,-0.9071915,0.011217948980629444,0.007000000216066837,0.0617000013589859
YHR181W,YHL035C,0,-0.9072157,0.01119999960064888,0.007000000216066837,0.061799999326467514
YLR194C,YGL196W,0,-0.9073745,0.011182108893990517,0.007000000216066837,0.061900001019239426
YCL068C,YDL240W,0,-0.9076916,0.01116427406668663,0.007000000216066837,0.06199999898672104
YGR159C,YMR284W,0,-0.9080405,0.01114649698138237,0.007000000216066837,0.06210000067949295
YAL040C,YMR198W,0,-0.9093702,0.011128775775432587,0.007000000216066837,0.062199998646974564
YOL071W,YJL213W,0,-0.9100585,0.011111111380159855,0.007000000216066837,0.062300000339746475
YER089C,YGL231C,0,-0.9111705,0.011093501932919025,0.007000000216066837,0.06239999830722809
YFR019W,YMR122W-A,0,-0.91144145,0.011075949296355247,0.007000000216066837,0.0625
YFL035C-B,YDR129C,0,-0.9119054,0.011058451607823372,0.007000000216066837,0.06260000169277191
YKR034W,YMR268W-A,0,-0.9121083,0.011041009798645973,0.007000000216066837,0.06270000338554382
YAR027W,YCR055C,0,-0.912343,0.011023622006177902,0.007000000216066837,0.06279999762773514
YHR215W,YJR035W,0,-0.9123888,0.011006289161741734,0.007000000216066837,0.06289999932050705
YML045W,YOR075W,0,-0.9124732,0.010989011265337467,0.007000000216066837,0.06300000101327896
YAR018C,YGL037C,0,-0.91252995,0.010971786454319954,0.007000000216066837,0.06310000270605087
YMR045C,YPL209C,0,-0.91388154,0.010954616591334343,0.007000000216066837,0.06319999694824219
YJL216C,YPL143W,0,-0.9138857,0.010937499813735485,0.007000000216066837,0.0632999986410141
YGR122W,YPL135W,0,-0.91429794,0.010920437052845955,0.007000000216066837,0.06340000033378601
YLR126C,YCR010C,0,-0.9145906,0.010903426446020603,0.007000000216066837,0.06350000202655792
YPL167C,YNR071C,0,-0.91545415,0.01088646985590458,0.007000000216066837,0.06360000371932983
YPL116W,YER049W,0,-0.9160267,0.010869565419852734,0.007000000216066837,0.06369999796152115
YFR021W,YMR049C,0,-0.9162893,0.010852713137865067,0.007000000216066837,0.06379999965429306
YNR018W,YML004C,0,-0.91629493,0.010835913009941578,0.007000000216066837,0.06390000134706497
YDL140C,YPL276W,0,-0.91742206,0.010819165036082268,0.007000000216066837,0.06400000303983688
YPL093W,YDR261C-D,0,-0.9175823,0.010802469216287136,0.007000000216066837,0.0640999972820282
YML037C,YHL032C,0,-0.91772354,0.010785824619233608,0.007000000216066837,0.06419999897480011
YDR265W,YIL080W,0,-0.91787887,0.01076923031359911,0.007000000216066837,0.06430000066757202
YKL200C,YJR004C,0,-0.91796887,0.01075268816202879,0.007000000216066837,0.06440000236034393
YKL059C,YCR055C,0,-0.9181001,0.010736196301877499,0.007000000216066837,0.06449999660253525
YNL086W,YPL213W,0,-0.918113,0.010719754733145237,0.007000000216066837,0.06459999829530716
YKL093W,YIL133C,0,-0.9184234,0.010703363455832005,0.007000000216066837,0.06469999998807907
YOR036W,YDR060W,0,-0.918805,0.010687022469937801,0.007000000216066837,0.06480000168085098
YOL155C,YOR287C,0,-0.9191576,0.010670731775462627,0.007000000216066837,0.0649000033736229
YDR222W,YNR061C,0,-0.9195614,0.010654490441083908,0.007000000216066837,0.06499999761581421
YPL196W,YCR058C,0,-0.9198605,0.010638297535479069,0.007000000216066837,0.06509999930858612
YOR237W,YNL024C,0,-0.91988003,0.010622154921293259,0.007000000216066837,0.06520000100135803
YJL216C,YDR233C,0,-0.9200276,0.010606060735881329,0.007000000216066837,0.06530000269412994
YBL005W-B,YIL061C,0,-0.92022014,0.010590014979243279,0.007000000216066837,0.06539999693632126
YJR150C,YCL039W,0,-0.920308,0.010574018582701683,0.007000000216066837,0.06549999862909317
YPL196W,YMR006C,0,-0.920565,0.010558069683611393,0.007000000216066837,0.06560000032186508
YJR068W,YNL181W,0,-0.92100775,0.010542168281972408,0.007000000216066837,0.065700002014637
YMR125W,YDR415C,0,-0.9212271,0.010526316240429878,0.007000000216066837,0.0658000037074089
YBR189W,YHR036W,0,-0.92185307,0.010510510765016079,0.007000000216066837,0.06589999794960022
YOR285W,YCR093W,0,-0.92216,0.010494752787053585,0.007000000216066837,0.06599999964237213
YBL100W-B,YPL098C,0,-0.9221839,0.010479042306542397,0.007000000216066837,0.06610000133514404
YBL013W,YIL172C,0,-0.9224695,0.010463378392159939,0.007000000216066837,0.06620000302791595
YGL226W,YJL148W,0,-0.923725,0.010447761043906212,0.007000000216066837,0.06629999727010727
YPR154W,YDL129W,0,-0.92392313,0.01043219119310379,0.007000000216066837,0.06639999896287918
YKR096W,YDL215C,0,-0.92456794,0.010416666977107525,0.007000000216066837,0.06650000065565109
YNL217W,YCL061C,0,-0.9246057,0.010401188395917416,0.007000000216066837,0.066600002348423
YER138C,YFR045W,0,-0.9249095,0.010385756380856037,0.007000000216066837,0.06669999659061432
YPR002W,YBL056W,0,-0.9256582,0.010370370000600815,0.007000000216066837,0.06679999828338623
YBR294W,YGR161W-A,0,-0.9260764,0.010355029255151749,0.007000000216066837,0.06689999997615814
YER106W,YJR048W,0,-0.92629576,0.010339734144508839,0.007000000216066837,0.06700000166893005
YKL024C,YJL171C,0,-0.9264116,0.01032448373734951,0.007000000216066837,0.06710000336170197
YLR284C,YBR299W,0,-0.92684996,0.010309278033673763,0.007000000216066837,0.06719999760389328
YEL024W,YLR024C,0,-0.92709947,0.010294117964804173,0.007000000216066837,0.06729999929666519
YNL339C,YCR016W,0,-0.92773306,0.010279001668095589,0.007000000216066837,0.0674000009894371
YHR066W,YDR170W-A,0,-0.92827725,0.010263930074870586,0.007000000216066837,0.06750000268220901
YOR020C,YJR027W,0,-0.9284215,0.010248902253806591,0.007000000216066837,0.06759999692440033
YGL063W,YDR087C,0,-0.9284419,0.010233918204903603,0.007000000216066837,0.06769999861717224
YOR201C,YOL103W-B,0,-0.9285127,0.010218977928161621,0.007000000216066837,0.06780000030994415
YBR090C-A,YJL108C,0,-0.9291948,0.010204081423580647,0.007000000216066837,0.06790000200271606
YOL007C,YHL016C,0,-0.92962193,0.010189228691160679,0.007000000216066837,0.06800000369548798
YLR227W-B,YGL094C,0,-0.9298296,0.010174418799579144,0.007000000216066837,0.06809999793767929
YDR441C,YHR202W,0,-0.93010867,0.01015965174883604,0.007000000216066837,0.0681999996304512
YJR158W,YOR267C,0,-0.9305184,0.01014492753893137,0.007000000216066837,0.06830000132322311
YOL077C,YNL331C,0,-0.93077445,0.010130246169865131,0.007000000216066837,0.06840000301599503
YGL058W,YIL017W,1,-0.9311079,0.011560693383216858,0.00800000037997961,0.06840000301599503
YGR088W,YDL087C,0,-0.9311907,0.011544011533260345,0.00800000037997961,0.06849999725818634
YDR316W-A,YGL061C,0,-0.93134403,0.011527377180755138,0.00800000037997961,0.06859999895095825
YCL068C,YGR220C,0,-0.9313704,0.011510791257023811,0.00800000037997961,0.06870000064373016
YKL082C,YMR101C,0,-0.9317478,0.01149425283074379,0.00800000037997961,0.06880000233650208
YLL009C,YCL068C,0,-0.93199503,0.011477761901915073,0.00800000037997961,0.06889999657869339
YMR045C,YGL084C,0,-0.9325757,0.011461318470537663,0.00800000037997961,0.0689999982714653
YNL302C,YDR416W,0,-0.9327148,0.011444921605288982,0.00800000037997961,0.06909999996423721
YPR158C-C,YOR388C,0,-0.9337145,0.011428571306169033,0.00800000037997961,0.06920000165700912
YGR084C,YGL046W,0,-0.93378866,0.011412268504500389,0.00800000037997961,0.06930000334978104
YNL208W,YGR027W-B,0,-0.9347023,0.011396011337637901,0.00800000037997961,0.06939999759197235
YJL021C,YGL035C,0,-0.9350904,0.011379800736904144,0.00800000037997961,0.06949999928474426
YGR235C,YER023W,0,-0.9355618,0.011363636702299118,0.00800000037997961,0.06960000097751617
YPL050C,YDR476C,0,-0.93576086,0.011347517371177673,0.00800000037997961,0.06970000267028809
YFR031C-A,YDR210W-B,0,-0.9366118,0.01133144460618496,0.00800000037997961,0.0697999969124794
YOR287C,YJL026W,0,-0.936743,0.011315417475998402,0.00800000037997961,0.06989999860525131
YNR027W,YDR210W-B,0,-0.9368093,0.011299435049295425,0.00800000037997961,0.07000000029802322
YER147C,YCR058C,0,-0.93691695,0.011283498257398605,0.00800000037997961,0.07010000199079514
YPR111W,YJL181W,0,-0.9372668,0.011267605237662792,0.00800000037997961,0.07020000368356705
YHR047C,YDR170W-A,0,-0.9373069,0.011251757852733135,0.00800000037997961,0.07029999792575836
YLR194C,YLR301W,0,-0.93749297,0.01123595517128706,0.00800000037997961,0.07039999961853027
YOR228C,YPR102C,0,-0.9379202,0.011220196262001991,0.00800000037997961,0.07050000131130219
YLR224W,YHR108W,1,-0.937938,0.012605042196810246,0.008999999612569809,0.07050000131130219
YLR264W,YDR536W,0,-0.9379984,0.012587412260472775,0.008999999612569809,0.0706000030040741
YGR235C,YIR031C,0,-0.9381316,0.012569832615554333,0.008999999612569809,0.07069999724626541
YPL006W,YAL025C,0,-0.93853605,0.012552301399409771,0.008999999612569809,0.07079999893903732
YGL169W,YKL063C,0,-0.9387634,0.01253481861203909,0.008999999612569809,0.07090000063180923
YER155C,YGL096W,0,-0.93885076,0.012517385184764862,0.008999999612569809,0.07100000232458115
YOR343W-B,YLR185W,0,-0.939114,0.012500000186264515,0.008999999612569809,0.07109999656677246
YGL155W,YPR158W-B,0,-0.9393115,0.012482662685215473,0.008999999612569809,0.07119999825954437
YPR096C,YMR289W,0,-0.93932295,0.012465373612940311,0.008999999612569809,0.07129999995231628
YFL002W-B,YDL075W,0,-0.93997,0.01244813296943903,0.008999999612569809,0.0714000016450882
YFL013C,YOL101C,0,-0.9402298,0.012430938892066479,0.008999999612569809,0.07150000333786011
YGL231C,YPR067W,0,-0.9406053,0.012413793243467808,0.008999999612569809,0.07159999758005142
YOR168W,YFL018W-A,0,-0.94064164,0.012396694160997868,0.008999999612569809,0.07169999927282333
YER014C-A,YIL087C,0,-0.94065773,0.012379642575979233,0.008999999612569809,0.07180000096559525
YBL005W-B,YBR180W,0,-0.9407785,0.012362637557089329,0.008999999612569809,0.07190000265836716
YDR210C-D,YJL136C,0,-0.9412539,0.012345679104328156,0.008999999612569809,0.07199999690055847
YDL107W,YNL086W,0,-0.9417181,0.012328767217695713,0.008999999612569809,0.07209999859333038
YGL009C,YKL100C,0,-0.9417825,0.012311901897192001,0.008999999612569809,0.0722000002861023
YHL011C,YLR234W,0,-0.9425472,0.012295082211494446,0.008999999612569809,0.0723000019788742
YLR043C,YNL024C,0,-0.9429189,0.012278308160603046,0.008999999612569809,0.07240000367164612
YOR391C,YOL111C,0,-0.9430473,0.012261580675840378,0.008999999612569809,0.07249999791383743
YDR076W,YJL181W,0,-0.9433373,0.01224489789456129,0.008999999612569809,0.07259999960660934
YDL061C,YPL257W-A,0,-0.9436902,0.01222826074808836,0.008999999612569809,0.07270000129938126
YAL007C,YPR174C,0,-0.94373834,0.012211669236421585,0.008999999612569809,0.07280000299215317
YNL240C,YNL054W-A,0,-0.9437561,0.012195121496915817,0.008999999612569809,0.07289999723434448
YNL290W,YGR052W,0,-0.9437814,0.012178619392216206,0.008999999612569809,0.0729999989271164
YGR202C,YLR391W,0,-0.9439372,0.012162161991000175,0.008999999612569809,0.0731000006198883
YJL089W,YGR109W-B,0,-0.94405246,0.012145749293267727,0.008999999612569809,0.07320000231266022
YGR027W-B,YKL032C,0,-0.94421697,0.012129380367696285,0.008999999612569809,0.07329999655485153
YJR029W,YNL216W,0,-0.94433796,0.01211305521428585,0.008999999612569809,0.07339999824762344
YIL017W,YAL058W,1,-0.94441795,0.01344086043536663,0.009999999776482582,0.07339999824762344
YBR087W,YJL012C-A,0,-0.9444289,0.01342281885445118,0.009999999776482582,0.07349999994039536
YNR018W,YJR096W,0,-0.9448464,0.013404825702309608,0.009999999776482582,0.07360000163316727
YPR158C-D,YGL123W,0,-0.9455011,0.013386880978941917,0.009999999776482582,0.07370000332593918
YJR060W,YBR271W,0,-0.94587314,0.013368983753025532,0.009999999776482582,0.0737999975681305
YMR250W,YMR122W-A,0,-0.9460249,0.013351134955883026,0.009999999776482582,0.0738999992609024
YJL082W,YHR148W,0,-0.94618845,0.013333333656191826,0.009999999776482582,0.07400000095367432
YKR103W,YMR268W-A,0,-0.9464797,0.013315578922629356,0.009999999776482582,0.07410000264644623
YHR172W,YNL007C,0,-0.9468107,0.013297872617840767,0.009999999776482582,0.07419999688863754
YLR377C,YLR196W,0,-0.9468144,0.013280212879180908,0.009999999776482582,0.07429999858140945
YLR187W,YDR316W-B,0,-0.9470155,0.01326259970664978,0.009999999776482582,0.07440000027418137
YKR090W,YKR069W,0,-0.9474311,0.013245033100247383,0.009999999776482582,0.07450000196695328
YOR382W,YLR295C,0,-0.9474896,0.013227513059973717,0.009999999776482582,0.07460000365972519
YDL130W-A,YMR268W-A,0,-0.9478426,0.013210039585828781,0.009999999776482582,0.0746999979019165
YDR025W,YHR161C,0,-0.9479557,0.013192611746490002,0.009999999776482582,0.07479999959468842
YLR227W-B,YGL155W,0,-0.9479703,0.013175230473279953,0.009999999776482582,0.07490000128746033
YPR184W,YMR268W-A,0,-0.948176,0.01315789483487606,0.009999999776482582,0.07500000298023224
YLR194C,YOR057W,0,-0.9482286,0.013140604831278324,0.009999999776482582,0.07509999722242355
YBL080C,YFL011W-A,0,-0.94874835,0.01312335953116417,0.009999999776482582,0.07519999891519547
YGL127C,YKL178C,0,-0.9491887,0.01310615986585617,0.009999999776482582,0.07530000060796738
YKL061W,YMR122W-A,0,-0.9493655,0.013089004904031754,0.009999999776482582,0.07540000230073929
YER171W,YBL005W-B,0,-0.94946504,0.013071895577013493,0.009999999776482582,0.0754999965429306
YIL079C,YDR134C,0,-0.9495257,0.013054830022156239,0.009999999776482582,0.07559999823570251
YPR137C-B,YJL186W,0,-0.9495505,0.01303781010210514,0.009999999776482582,0.07569999992847443
YOR136W,YGR225W,0,-0.94971085,0.013020833022892475,0.009999999776482582,0.07580000162124634
YOL104C,YGR001C,0,-0.94973695,0.013003901578485966,0.009999999776482582,0.07590000331401825
YHR215W,YCL016C,0,-0.9498091,0.012987012974917889,0.009999999776482582,0.07599999755620956
YMR226C,YML037C,0,-0.950415,0.012970169074833393,0.009999999776482582,0.07609999924898148
YLR391W,YMR049C,0,-0.9505633,0.01295336801558733,0.009999999776482582,0.07620000094175339
YGL249W,YER056C-A,0,-0.9508523,0.012936610728502274,0.009999999776482582,0.0763000026345253
YGR292W,YLR227W-A,0,-0.95099914,0.01291989628225565,0.009999999776482582,0.07639999687671661
YPL019C,YIL167W,0,-0.95100284,0.012903225608170033,0.009999999776482582,0.07649999856948853
YHL040C,YPL043W,0,-0.9511807,0.012886597774922848,0.009999999776482582,0.07660000026226044
YPL183C,YHR146W,0,-0.95177937,0.012870012782514095,0.009999999776482582,0.07670000195503235
YDL211C,YDL067C,0,-0.9520248,0.012853470630943775,0.009999999776482582,0.07680000364780426
YCR087C-A,YMR303C,0,-0.95220125,0.012836970388889313,0.009999999776482582,0.07689999788999557
YNL095C,YDR419W,0,-0.95221984,0.012820512987673283,0.009999999776482582,0.07699999958276749
YER087C-A,YBR193C,0,-0.95248854,0.01280409749597311,0.009999999776482582,0.0771000012755394
YDR367W,YDL245C,0,-0.95315814,0.012787723913788795,0.009999999776482582,0.07720000296831131
YDL245C,YLR167W,0,-0.95328164,0.012771392241120338,0.009999999776482582,0.07729999721050262
YLR312C-B,YIL142W,0,-0.9535067,0.012755102477967739,0.009999999776482582,0.07739999890327454
YJL021C,YNL210W,0,-0.95354235,0.012738853693008423,0.009999999776482582,0.07750000059604645
YGL194C,YGR124W,0,-0.95357144,0.01272264588624239,0.009999999776482582,0.07760000228881836
YER140W,YDR524C,0,-0.9536085,0.012706479988992214,0.009999999776482582,0.07769999653100967
YKL134C,YOR356W,0,-0.953666,0.012690355069935322,0.009999999776482582,0.07779999822378159
YLR035C-A,YKR068C,0,-0.9541646,0.012674271129071712,0.009999999776482582,0.0778999999165535
YLR414C,YDR055W,0,-0.9541886,0.012658228166401386,0.009999999776482582,0.07800000160932541
YDR034C,YKL158W,0,-0.9542651,0.012642225250601768,0.009999999776482582,0.07810000330209732
YDL101C,YPR137C-A,0,-0.95435727,0.01262626238167286,0.009999999776482582,0.07819999754428864
YER015W,YHR025W,0,-0.95474803,0.012610340490937233,0.009999999776482582,0.07829999923706055
YGR082W,YNR057C,0,-0.9555433,0.012594458647072315,0.009999999776482582,0.07840000092983246
YGR097W,YCR016W,0,-0.9563092,0.012578615918755531,0.009999999776482582,0.07850000262260437
YPL149W,YMR122W-A,0,-0.9563166,0.01256281416863203,0.009999999776482582,0.07859999686479568
YDL148C,YMR035W,0,-0.9563252,0.012547051534056664,0.009999999776482582,0.0786999985575676
YFL002W-B,YMR285C,0,-0.9563327,0.01253132801502943,0.009999999776482582,0.07880000025033951
YOL140W,YHL050C,0,-0.9571272,0.012515644542872906,0.009999999776482582,0.07890000194311142
YNR074C,YHR021C,0,-0.9573778,0.012500000186264515,0.009999999776482582,0.07900000363588333
YDR038C,YOR215C,0,-0.957724,0.012484394945204258,0.009999999776482582,0.07909999787807465
YJL041W,YLR227W-A,0,-0.95807767,0.01246882788836956,0.009999999776482582,0.07919999957084656
YPR137C-B,YGL063W,0,-0.9584069,0.012453299947082996,0.009999999776482582,0.07930000126361847
YLR032W,YKL158W,0,-0.9584962,0.012437811121344566,0.009999999776482582,0.07940000295639038
YBL080C,YMR034C,0,-0.95921564,0.012422360479831696,0.009999999776482582,0.0794999971985817
YPL113C,YKR071C,0,-0.95964086,0.012406948022544384,0.009999999776482582,0.07959999889135361
YDR483W,YOR192C-A,0,-0.96044815,0.012391573749482632,0.009999999776482582,0.07970000058412552
YDL061C,YLL067C,0,-0.96055067,0.012376237660646439,0.009999999776482582,0.07980000227689743
YLR194C,YHL047C,0,-0.96073914,0.012360939756035805,0.009999999776482582,0.07989999651908875
YPR046W,YDR261W-A,0,-0.9607445,0.012345679104328156,0.009999999776482582,0.07999999821186066
YBR010W,YLR050C,0,-0.9608015,0.012330456636846066,0.009999999776482582,0.08009999990463257
YDR424C,YCR058C,0,-0.9613097,0.012315270490944386,0.009999999776482582,0.08020000159740448
YPR158C-D,YBR002C,0,-0.9619297,0.01230012346059084,0.009999999776482582,0.08030000329017639
YKR075C,YLR395C,0,-0.9625294,0.012285011820495129,0.009999999776482582,0.0803999975323677
YLR285W,YDR261W-B,0,-0.9626211,0.012269938364624977,0.009999999776482582,0.08049999922513962
YEL020W-A,YIL113W,0,-0.9628979,0.01225490216165781,0.009999999776482582,0.08060000091791153
YER106W,YJL109C,0,-0.9630127,0.012239902280271053,0.009999999776482582,0.08070000261068344
YFL010W-A,YDR004W,0,-0.96320736,0.012224938720464706,0.009999999776482582,0.08079999685287476
YMR063W,YDR018C,0,-0.96321905,0.012210012413561344,0.009999999776482582,0.08089999854564667
YBR090C-A,YGL189C,0,-0.96323025,0.012195121496915817,0.009999999776482582,0.08100000023841858
YLR102C,YHR204W,1,-0.96326995,0.01339829433709383,0.010999999940395355,0.08100000023841858
YDR261W-A,YOR189W,0,-0.96357584,0.013381995260715485,0.010999999940395355,0.08110000193119049
YEL019C,YLR134W,0,-0.9639981,0.013365735299885273,0.010999999940395355,0.0812000036239624
YOR206W,YDL200C,0,-0.9643841,0.013349514454603195,0.010999999940395355,0.08129999786615372
YCR086W,YCR058C,0,-0.964612,0.013333333656191826,0.010999999940395355,0.08139999955892563
YDR500C,YHR090C,0,-0.96470857,0.013317191042006016,0.010999999940395355,0.08150000125169754
YGR191W,YJL046W,0,-0.9647163,0.013301088474690914,0.010999999940395355,0.08160000294446945
YKL009W,YGL231C,0,-0.9648063,0.013285024091601372,0.010999999940395355,0.08169999718666077
YNL216W,YHR009C,0,-0.9649757,0.013268998824059963,0.010999999940395355,0.08179999887943268
YLR239C,YGL231C,0,-0.9650501,0.013253011740744114,0.010999999940395355,0.08190000057220459
YBL063W,YPL196W,0,-0.9652771,0.013237063772976398,0.010999999940395355,0.0820000022649765
YLR078C,YDR261C-D,0,-0.9653866,0.013221153989434242,0.010999999940395355,0.08209999650716782
YGR159C,YAR044W,0,-0.96551573,0.013205282390117645,0.010999999940395355,0.08219999819993973
YHR036W,YIL133C,0,-0.96556056,0.013189448043704033,0.010999999940395355,0.08229999989271164
YBL013W,YDR034C-C,0,-0.9659463,0.013173652812838554,0.010999999940395355,0.08240000158548355
YGL231C,YGR054W,0,-0.96628153,0.01315789483487606,0.010999999940395355,0.08250000327825546
YAL063C,YOL076W,0,-0.9669026,0.013142174109816551,0.010999999940395355,0.08259999752044678
YMR229C,YDR210W-B,0,-0.9669999,0.013126491568982601,0.010999999940395355,0.08269999921321869
YBL024W,YER108C,0,-0.9670657,0.013110846281051636,0.010999999940395355,0.0828000009059906
YBL028C,YNL130C,0,-0.9674796,0.013095238246023655,0.010999999940395355,0.08290000259876251
YML099C,YDR170W-A,0,-0.96754944,0.013079667463898659,0.010999999940395355,0.08299999684095383
YCL048W,YCL057C-A,0,-0.967602,0.013064133003354073,0.010999999940395355,0.08309999853372574
YOR193W,YDL124W,0,-0.96768415,0.013048635795712471,0.010999999940395355,0.08320000022649765
YBR296C,YLR150W,0,-0.9679706,0.01303317490965128,0.010999999940395355,0.08330000191926956
YOR158W,YDR098C-B,0,-0.9682509,0.013017751276493073,0.010999999940395355,0.08340000361204147
YKL161C,YLR029C,0,-0.9689251,0.013002363964915276,0.010999999940395355,0.08349999785423279
YGR272C,YPL208W,0,-0.96901774,0.012987012974917889,0.010999999940395355,0.0835999995470047
YBL013W,YNL190W,0,-0.96914923,0.012971698306500912,0.010999999940395355,0.08370000123977661
YHL047C,YGR109W-B,0,-0.96943617,0.01295641902834177,0.010999999940395355,0.08380000293254852
YER070W,YJR135C,0,-0.9696357,0.012941176071763039,0.010999999940395355,0.08389999717473984
YGR251W,YFL039C,0,-0.9698018,0.012925969436764717,0.010999999940395355,0.08399999886751175
YDR430C,YPR158W-B,0,-0.97016037,0.012910798192024231,0.010999999940395355,0.08410000056028366
YER137C-A,YIL101C,0,-0.9702592,0.01289566233754158,0.010999999940395355,0.08420000225305557
YIL139C,YKL180W,0,-0.9703479,0.012880561873316765,0.010999999940395355,0.08429999649524689
YKL001C,YDR492W,0,-0.9704025,0.012865496799349785,0.010999999940395355,0.0843999981880188
YOL124C,YER140W,0,-0.970703,0.01285046711564064,0.010999999940395355,0.08449999988079071
YIR012W,YGR161C-D,0,-0.9710494,0.012835472822189331,0.010999999940395355,0.08460000157356262
YPL113C,YJL012C,0,-0.97110295,0.012820512987673283,0.010999999940395355,0.08470000326633453
YDR418W,YDR138W,0,-0.97136736,0.012805587612092495,0.010999999940395355,0.08479999750852585
YCL047C,YGR113W,0,-0.97138083,0.012790697626769543,0.010999999940395355,0.08489999920129776
YNL146W,YER127W,0,-0.9713975,0.012775842100381851,0.010999999940395355,0.08500000089406967
YHR204W,YDR358W,1,-0.9716146,0.013921113684773445,0.012000000104308128,0.08500000089406967
YKL138C-A,YDR312W,0,-0.97162306,0.01390498224645853,0.012000000104308128,0.08510000258684158
YDR399W,YCR058C,0,-0.9717246,0.013888888992369175,0.012000000104308128,0.0851999968290329
YAR010C,YGL189C,0,-0.971931,0.01387283205986023,0.012000000104308128,0.08529999852180481
YLR092W,YLR073C,0,-0.9723592,0.013856813311576843,0.012000000104308128,0.08540000021457672
YLR055C,YGR161W-B,0,-0.9732553,0.013840830884873867,0.012000000104308128,0.08550000190734863
YIL017W,YGL240W,1,-0.97331727,0.014976958744227886,0.013000000268220901,0.08550000190734863
YML037C,YAL062W,0,-0.9735352,0.014959723688662052,0.013000000268220901,0.08560000360012054
YMR226C,YFR031C,0,-0.9735687,0.014942528679966927,0.013000000268220901,0.08569999784231186
YEL039C,YAR002C-A,0,-0.9738507,0.014925372786819935,0.013000000268220901,0.08579999953508377
YDR262W,YDR234W,0,-0.9742483,0.014908256940543652,0.013000000268220901,0.08590000122785568
YMR316W,YLR227W-A,0,-0.9743087,0.014891180209815502,0.013000000268220901,0.0860000029206276
YHR074W,YPR137C-A,0,-0.9743252,0.014874141663312912,0.013000000268220901,0.08609999716281891
YGR272C,YAR002C-A,0,-0.97457397,0.01485714316368103,0.013000000268220901,0.08619999885559082
YBR128C,YLR276C,0,-0.9746864,0.014840182848274708,0.013000000268220901,0.08630000054836273
YLR194C,YBR093C,0,-0.97470367,0.014823260717093945,0.013000000268220901,0.08640000224113464
YAR031W,YOL141W,0,-0.97505426,0.014806377701461315,0.013000000268220901,0.08649999648332596
YGR103W,YDR170W-A,0,-0.9751513,0.01478953380137682,0.013000000268220901,0.08659999817609787
YJR010W,YER060W-A,0,-0.97531044,0.014772727154195309,0.013000000268220901,0.08669999986886978
YNL066W,YOL053C-A,0,-0.9754367,0.014755958691239357,0.013000000268220901,0.0868000015616417
YFR015C,YDR210C-C,0,-0.9755269,0.01473922934383154,0.013000000268220901,0.0869000032544136
YNR052C,YLR410W-B,0,-0.97559273,0.014722537249326706,0.013000000268220901,0.08699999749660492
YLR301W,YBR009C,0,-0.9760461,0.014705882407724857,0.013000000268220901,0.08709999918937683
YBR185C,YDR134C,0,-0.9762051,0.014689265750348568,0.013000000268220901,0.08720000088214874
YOR142W-B,YLR043C,0,-0.9763335,0.014672686345875263,0.013000000268220901,0.08730000257492065
YGL051W,YPR158C-C,0,-0.97662985,0.014656144194304943,0.013000000268220901,0.08739999681711197
YJR009C,YLR001C,0,-0.97664165,0.014639639295637608,0.013000000268220901,0.08749999850988388
YPR196W,YOL042W,0,-0.97726667,0.014623171649873257,0.013000000268220901,0.08760000020265579
YLR410W-B,YJR118C,0,-0.9777986,0.01460674125701189,0.013000000268220901,0.0877000018954277
YFL035C,YKL116C,0,-0.9778503,0.014590348117053509,0.013000000268220901,0.08780000358819962
YFL035C,YLR289W,0,-0.978006,0.014573991298675537,0.013000000268220901,0.08789999783039093
YKR095W-A,YIL083C,0,-0.97827697,0.014557670801877975,0.013000000268220901,0.08799999952316284
YDR472W,YGR283C,0,-0.9786329,0.014541386626660824,0.013000000268220901,0.08810000121593475
YDR534C,YPR174C,0,-0.97900426,0.014525139704346657,0.013000000268220901,0.08820000290870667
YFR015C,YDR524C,0,-0.9791813,0.014508928172290325,0.013000000268220901,0.08829999715089798
YER139C,YMR122W-A,0,-0.97925186,0.014492753893136978,0.013000000268220901,0.08839999884366989
YDR034C-C,YGL210W,0,-0.97941184,0.014476615004241467,0.013000000268220901,0.0885000005364418
YOR246C,YNL146W,0,-0.9794228,0.01446051150560379,0.013000000268220901,0.08860000222921371
YPL133C,YGL231C,0,-0.9799354,0.014444444328546524,0.013000000268220901,0.08869999647140503
YDL205C,YJL012C-A,0,-0.9800345,0.014428412541747093,0.013000000268220901,0.08879999816417694
YOR338W,YBL075C,0,-0.9800427,0.014412417076528072,0.013000000268220901,0.08889999985694885
YLR371W,YDR098C-B,0,-0.9801526,0.014396456070244312,0.013000000268220901,0.08900000154972076
YJR029W,YDL105W,0,-0.9802842,0.014380531385540962,0.013000000268220901,0.08910000324249268
YBL005W-B,YPR186C,0,-0.9805658,0.014364641159772873,0.013000000268220901,0.08919999748468399
YJR029W,YLR234W,0,-0.98066294,0.014348786324262619,0.013000000268220901,0.0892999991774559
YDR416W,YGR109W-B,0,-0.98076177,0.014332965947687626,0.013000000268220901,0.08940000087022781
YER098W,YDR098C-A,0,-0.98100865,0.014317180961370468,0.013000000268220901,0.08950000256299973
YHL047C,YOR167C,0,-0.9811944,0.014301430433988571,0.013000000268220901,0.08959999680519104
YDR101C,YDR365W-A,0,-0.9813378,0.014285714365541935,0.013000000268220901,0.08969999849796295
YKL029C,YPL233W,0,-0.98136616,0.01427003275603056,0.013000000268220901,0.08980000019073486
YPL143W,YCR087C-A,0,-0.98146117,0.014254385605454445,0.013000000268220901,0.08990000188350677
YML132W,YNL086W,0,-0.9815756,0.014238772913813591,0.013000000268220901,0.09000000357627869
YHR037W,YDL038C,0,-0.981588,0.014223194681107998,0.013000000268220901,0.09009999781847
YNL173C,YIL172C,0,-0.9816091,0.014207649976015091,0.013000000268220901,0.09019999951124191
YKL194C,YLL017W,0,-0.9819199,0.014192139729857445,0.013000000268220901,0.09030000120401382
YDR210C-C,YFR025C,0,-0.98204565,0.014176663011312485,0.013000000268220901,0.09040000289678574
YFL035C-A,YJL102W,0,-0.9821696,0.014161219820380211,0.013000000268220901,0.09049999713897705
YDR365W-A,YAL048C,0,-0.98232555,0.014145811088383198,0.013000000268220901,0.09059999883174896
YHR165C,YBR075W,0,-0.98232913,0.014130434952676296,0.013000000268220901,0.09070000052452087
YOL086W-A,YJR031C,0,-0.98259664,0.01411509234458208,0.013000000268220901,0.09080000221729279
YDR091C,YDL124W,0,-0.9826256,0.014099783264100552,0.013000000268220901,0.0908999964594841
YOR343W-A,YBL017C,0,-0.98263824,0.014084506779909134,0.013000000268220901,0.09099999815225601
YNR018W,YBR097W,0,-0.9828088,0.014069263823330402,0.013000000268220901,0.09109999984502792
YMR050C,YGR083C,0,-0.9828553,0.014054054394364357,0.013000000268220901,0.09120000153779984
YBR289W,YMR262W,0,-0.98302186,0.014038876630365849,0.013000000268220901,0.09130000323057175
YFL035C,YOR079C,0,-0.9830383,0.014023732393980026,0.013000000268220901,0.09139999747276306
YNL065W,YOR313C,0,-0.9831084,0.014008620753884315,0.013000000268220901,0.09149999916553497
YLR459W,YOR192C-B,0,-0.9832474,0.013993541710078716,0.013000000268220901,0.09160000085830688
YDR086C,YJL171C,0,-0.983333,0.013978494331240654,0.013000000268220901,0.0917000025510788
YKL097W-A,YOR326W,0,-0.9837568,0.013963480480015278,0.013000000268220901,0.09179999679327011
YIL030C,YIL017W,1,-0.9838537,0.015021459199488163,0.014000000432133675,0.09179999679327011
YNL160W,YDR210C-C,0,-0.984087,0.015005359426140785,0.014000000432133675,0.09189999848604202
YDL211C,YPL233W,0,-0.9842613,0.014989293180406094,0.014000000432133675,0.09200000017881393
YPR086W,YDR261W-B,0,-0.9843997,0.014973262324929237,0.014000000432133675,0.09210000187158585
YJR016C,YDR437W,0,-0.98442423,0.014957264997065067,0.014000000432133675,0.09220000356435776
YFL035C,YPL060W,0,-0.9853599,0.014941302128136158,0.014000000432133675,0.09229999780654907
YGR272C,YJR104C,0,-0.9854206,0.014925372786819935,0.014000000432133675,0.09239999949932098
YNR003C,YCL003W,0,-0.98545873,0.014909477904438972,0.014000000432133675,0.0925000011920929
YNL175C,YJR010W,0,-0.9856131,0.014893617480993271,0.014000000432133675,0.09260000288486481
YHL009W-B,YPL135W,0,-0.9857166,0.01487778965383768,0.014000000432133675,0.09269999712705612
YNL216W,YIL172C,0,-0.98574793,0.014861995354294777,0.014000000432133675,0.09279999881982803
YMR257C,YGL231C,0,-0.9859607,0.014846235513687134,0.014000000432133675,0.09290000051259995
YLR256W-A,YGL053W,0,-0.98598003,0.014830508269369602,0.014000000432133675,0.09300000220537186
YOR142W-B,YOR251C,0,-0.98624337,0.014814814552664757,0.014000000432133675,0.09309999644756317
YBR100W,YPR200C,0,-0.98624563,0.014799154363572598,0.014000000432133675,0.09319999814033508
YOL052C-A,YMR177W,0,-0.9862926,0.01478352677077055,0.014000000432133675,0.093299999833107
YDR425W,YPR158C-C,0,-0.9866713,0.014767932705581188,0.014000000432133675,0.0934000015258789
YGR268C,YHR140W,0,-0.986706,0.014752371236681938,0.014000000432133675,0.09350000321865082
YDR387C,YDR261W-B,0,-0.98677015,0.0147368423640728,0.014000000432133675,0.09359999746084213
YNL149C,YML058W-A,0,-0.98680484,0.014721346087753773,0.014000000432133675,0.09369999915361404
YER032W,YLR413W,0,-0.98686063,0.014705882407724857,0.014000000432133675,0.09380000084638596
YMR045C,YLL051C,0,-0.986886,0.014690451323986053,0.014000000432133675,0.09390000253915787
YPR097W,YKL217W,0,-0.9869213,0.014675052836537361,0.014000000432133675,0.09399999678134918
YLR015W,YLR410W-B,0,-0.98695123,0.014659686014056206,0.014000000432133675,0.0940999984741211
YHR039C-B,YLR008C,0,-0.98727167,0.014644351787865162,0.014000000432133675,0.094200000166893
YNL189W,YOR343W-A,0,-0.9874451,0.014629049226641655,0.014000000432133675,0.09430000185966492
YML102W,YBR085W,0,-0.9874617,0.014613778330385685,0.014000000432133675,0.09440000355243683
YDR298C,YER140W,0,-0.9876529,0.014598540030419827,0.014000000432133675,0.09449999779462814
YNL298W,YOR142W-A,0,-0.98784006,0.014583333395421505,0.014000000432133675,0.09459999948740005
YBR092C,YML011C,0,-0.9878627,0.01456815842539072,0.014000000432133675,0.09470000118017197
YLR404W,YGR031C-A,0,-0.9879229,0.014553014189004898,0.014000000432133675,0.09480000287294388
YDR098C-B,YGR072W,0,-0.9880706,0.014537902548909187,0.014000000432133675,0.09489999711513519
YLR035C-A,YER029C,0,-0.9880928,0.014522821642458439,0.014000000432133675,0.0949999988079071
YNL160W,YDL127W,0,-0.98814285,0.014507772400975227,0.014000000432133675,0.09510000050067902
YJL059W,YGL178W,0,-0.98825216,0.014492753893136978,0.014000000432133675,0.09520000219345093
YMR091C,YKL158W,0,-0.9882703,0.014477766118943691,0.014000000432133675,0.09529999643564224
YIL177C,YNL086W,0,-0.98827744,0.014462810009717941,0.014000000432133675,0.09539999812841415
YIL119C,YKL078W,0,-0.9883046,0.014447884634137154,0.014000000432133675,0.09549999982118607
YOR298W,YJL144W,0,-0.98830855,0.014432989992201328,0.014000000432133675,0.09560000151395798
YLR435W,YHR079C-B,0,-0.98837876,0.014418126083910465,0.014000000432133675,0.09570000320672989
YIL062C,YPL257W-B,0,-0.988515,0.01440329197794199,0.014000000432133675,0.0957999974489212
YDR195W,YPR138C,0,-0.98854136,0.014388489536941051,0.014000000432133675,0.09589999914169312
YAR009C,YOR004W,0,-0.9887173,0.0143737168982625,0.014000000432133675,0.09600000083446503
YKR037C,YCL060C,0,-0.9887291,0.014358974061906338,0.014000000432133675,0.09610000252723694
YGR109W-A,YOR262W,0,-0.9889102,0.014344261959195137,0.014000000432133675,0.09619999676942825
YKL138C-A,YFL010W-A,0,-0.9890053,0.014329580590128899,0.014000000432133675,0.09629999846220016
YKL134C,YDR210C-C,0,-0.989009,0.014314928092062473,0.014000000432133675,0.09640000015497208
YJL080C,YKR019C,0,-0.9890162,0.01430030632764101,0.014000000432133675,0.09650000184774399
YDR365W-A,YLR327C,0,-0.9892888,0.014285714365541935,0.014000000432133675,0.0966000035405159
YJL072C,YGR109W-A,0,-0.98948634,0.014271152205765247,0.014000000432133675,0.09669999778270721
YDR210C-C,YBL022C,0,-0.98951924,0.014256618916988373,0.014000000432133675,0.09679999947547913
YBR048W,YOR291W,0,-0.98957527,0.01424211636185646,0.014000000432133675,0.09690000116825104
YBL092W,YOR283W,0,-0.98966193,0.014227642677724361,0.014000000432133675,0.09700000286102295
YOR116C,YDL134C-A,0,-0.98970854,0.014213197864592075,0.014000000432133675,0.09709999710321426
YDR098C-A,YDR021W,0,-0.9898156,0.014198782853782177,0.014000000432133675,0.09719999879598618
YOR228C,YKR037C,0,-0.9899534,0.014184396713972092,0.014000000432133675,0.09730000048875809
YNR032C-A,YNR061C,0,-0.99004686,0.014170040376484394,0.014000000432133675,0.09740000218153
YFR010W,YCR058C,0,-0.99013317,0.01415571290999651,0.014000000432133675,0.09749999642372131
YPL183W-A,YPR137C-A,0,-0.99017775,0.014141414314508438,0.014000000432133675,0.09759999811649323
YKL004W,YIL087C,0,-0.9903413,0.01412714459002018,0.014000000432133675,0.09769999980926514
YBR105C,YMR241W,0,-0.99044,0.01411290280520916,0.014000000432133675,0.09780000150203705
YBR153W,YDR316W-B,0,-0.9906715,0.014098690822720528,0.014000000432133675,0.09790000319480896
YMR101C,YDL012C,0,-0.9907439,0.014084506779909134,0.014000000432133675,0.09799999743700027
YCR080W,YER142C,0,-0.99103045,0.014070351608097553,0.014000000432133675,0.09809999912977219
YPL111W,YDR496C,0,-0.991297,0.014056225307285786,0.014000000432133675,0.0982000008225441
YLR382C,YER108C,0,-0.9914769,0.014042126014828682,0.014000000432133675,0.09830000251531601
YNL138W,YER106W,0,-0.9914776,0.014028056524693966,0.014000000432133675,0.09839999675750732
YIR039C,YKR066C,0,-0.99156797,0.014014014042913914,0.014000000432133675,0.09849999845027924
YGL178W,YFL035C-A,0,-0.99160457,0.014000000432133675,0.014000000432133675,0.09860000014305115
YHR214C-C,YDR151C,0,-0.9917251,0.0139860138297081,0.014000000432133675,0.09870000183582306
YLR154W-A,YCR058C,0,-0.9918097,0.013972056098282337,0.014000000432133675,0.09880000352859497
YOR124C,YCR029C-A,0,-0.99184084,0.013958125375211239,0.014000000432133675,0.09889999777078629
YDR210C-C,YGL021W,0,-0.9919555,0.013944223523139954,0.014000000432133675,0.0989999994635582
YER137C-A,YGR222W,0,-0.9920131,0.013930348679423332,0.014000000432133675,0.09910000115633011
YPL106C,YER137C,0,-0.9920459,0.013916500844061375,0.014000000432133675,0.09920000284910202
YGL045W,YLR227W-A,0,-0.9921777,0.013902680948376656,0.014000000432133675,0.09929999709129333
YPR158C-D,YHR041C,0,-0.9923259,0.013888888992369175,0.014000000432133675,0.09939999878406525
YPL026C,YDL038C,0,-0.9923471,0.013875124044716358,0.014000000432133675,0.09950000047683716
YOL086W-A,YML071C,0,-0.9924624,0.013861386105418205,0.014000000432133675,0.09960000216960907
YBL072C,YLL003W,0,-0.99250245,0.013847675174474716,0.014000000432133675,0.09969999641180038
YHR214W,YML086C,0,-0.99258137,0.013833992183208466,0.014000000432133675,0.0997999981045723
YIL153W,YGR109W-B,0,-0.99264693,0.013820335268974304,0.014000000432133675,0.09989999979734421
YLR154W-A,YNL218W,0,-0.9926908,0.013806706294417381,0.014000000432133675,0.10000000149011612
YFR015C,YJL012C-A,0,-0.992911,0.013793103396892548,0.014000000432133675,0.10010000318288803
YDL047W,YOL086W-A,0,-0.9929192,0.013779527507722378,0.014000000432133675,0.10019999742507935
YCL054W,YMR163C,0,-0.992962,0.013765978626906872,0.014000000432133675,0.10029999911785126
YML037C,YKL011C,0,-0.99301803,0.013752455823123455,0.014000000432133675,0.10040000081062317
YMR268W-A,YHR001W-A,0,-0.9931115,0.013738960027694702,0.014000000432133675,0.10050000250339508
YNL160W,YLR017W,0,-0.9931152,0.013725490309298038,0.014000000432133675,0.1005999967455864
YFR031C-A,YNL217W,0,-0.9933542,0.013712046667933464,0.014000000432133675,0.1006999984383583
YKL009W,YPL153C,0,-0.9935914,0.013698630034923553,0.014000000432133675,0.10080000013113022
YDR365W-A,YGR112W,0,-0.99361813,0.013685239478945732,0.014000000432133675,0.10090000182390213
YPR148C,YGL249W,0,-0.99365234,0.013671875,0.014000000432133675,0.10100000351667404
YGL010W,YDL164C,0,-0.99375784,0.013658536598086357,0.014000000432133675,0.10109999775886536
YDR257C,YDR034C-C,0,-0.993824,0.013645224273204803,0.014000000432133675,0.10119999945163727
YMR080C,YLR227W-A,0,-0.9938487,0.013631938025355339,0.014000000432133675,0.10130000114440918
YIL068C,YLR391W,0,-0.9939234,0.01361867692321539,0.014000000432133675,0.10140000283718109
YHR214C-C,YIL027C,0,-0.9939803,0.013605441898107529,0.014000000432133675,0.1014999970793724
YOR228C,YBL051C,0,-0.9939884,0.013592232950031757,0.014000000432133675,0.10159999877214432
YOL029C,YOL103W-B,0,-0.99408734,0.0135790491476655,0.014000000432133675,0.10170000046491623
YDR482C,YCL003W,0,-0.9941691,0.013565891422331333,0.014000000432133675,0.10180000215768814
YBL080C,YMR074C,0,-0.9941964,0.01355275884270668,0.014000000432133675,0.10189999639987946
YKR019C,YOR343W-A,0,-0.994573,0.013539651408791542,0.014000000432133675,0.10199999809265137
YGL192W,YOL103W-A,0,-0.9946635,0.013526570051908493,0.014000000432133675,0.10209999978542328
YKL199C,YOL018C,0,-0.9949621,0.013513513840734959,0.014000000432133675,0.10220000147819519
YDL031W,YCL012W,0,-0.99496603,0.013500481843948364,0.014000000432133675,0.1023000031709671
YLR391W-A,YOL086W-A,0,-0.99514914,0.013487475924193859,0.014000000432133675,0.10239999741315842
YDR265W,YOL086W-A,0,-0.9955189,0.013474495150148869,0.014000000432133675,0.10249999910593033
YNL107W,YJL136C,0,-0.99565613,0.013461538590490818,0.014000000432133675,0.10260000079870224
YCR047C,YNL054W-A,0,-0.99565935,0.013448607176542282,0.014000000432133675,0.10270000249147415
YLR154W-A,YLL062C,0,-0.99578,0.01343570090830326,0.014000000432133675,0.10279999673366547
YPR137W,YHR214C-B,0,-0.99587524,0.01342281885445118,0.014000000432133675,0.10289999842643738
YDR244W,YLR044C,0,-0.99590087,0.013409961946308613,0.014000000432133675,0.10300000011920929
YOR285W,YDR420W,0,-0.9964925,0.013397129252552986,0.014000000432133675,0.1031000018119812
YDR492W,YMR318C,0,-0.99664104,0.0133843207731843,0.014000000432133675,0.10320000350475311
YIL017W,YLR127C,1,-0.99689484,0.014326647855341434,0.014999999664723873,0.10320000350475311
YFL035C,YLR044C,0,-0.99693155,0.014312976971268654,0.014999999664723873,0.10329999774694443
YDL206W,YIL047C,0,-0.99695206,0.014299333095550537,0.014999999664723873,0.10339999943971634
YMR179W,YNL054W-A,0,-0.9970257,0.014285714365541935,0.014999999664723873,0.10350000113248825
YIL017W,YIL075C,1,-0.99725723,0.01522359624505043,0.01600000075995922,0.10350000113248825
YNL335W,YNL208W,0,-0.9972919,0.015209125354886055,0.01600000075995922,0.10360000282526016
YPR137C-B,YNL258C,0,-0.9973879,0.015194681473076344,0.01600000075995922,0.10369999706745148
YJL065C,YPR137C-B,0,-0.99756074,0.01518026553094387,0.01600000075995922,0.10379999876022339
YDR253C,YPR137C-B,0,-0.99756896,0.015165876597166061,0.01600000075995922,0.1039000004529953
YDR257C,YPL280W,0,-0.9975698,0.01515151560306549,0.01600000075995922,0.10400000214576721
YOR142W-B,YPR198W,0,-0.9977499,0.01513718068599701,0.01600000075995922,0.10409999638795853
YAR010C,YJL191W,0,-0.99796295,0.015122873708605766,0.01600000075995922,0.10419999808073044
YOR092W,YOL107W,0,-0.9979811,0.015108592808246613,0.01600000075995922,0.10429999977350235
YGR144W,YCL060C,0,-0.9982374,0.015094339847564697,0.01600000075995922,0.10440000146627426
YDR261W-A,YER028C,0,-0.99825203,0.015080112963914871,0.01600000075995922,0.10450000315904617
YDR205W,YKR096W,0,-0.9983313,0.015065913088619709,0.01600000075995922,0.10459999740123749
YOR343W-A,YMR076C,0,-0.99837554,0.01505174022167921,0.01600000075995922,0.1046999990940094
YER159C-A,YDR158W,0,-0.99849904,0.015037594363093376,0.01600000075995922,0.10480000078678131
YHR170W,YCR087C-A,0,-0.9985305,0.015023474581539631,0.01600000075995922,0.10490000247955322
YPR169W,YML133C,0,-0.998543,0.015009380877017975,0.01600000075995922,0.10499999672174454
YGR272C,YDR188W,0,-0.9985831,0.014995314180850983,0.01600000075995922,0.10509999841451645
YPL210C,YFR024C,0,-0.9986448,0.01498127356171608,0.01600000075995922,0.10520000010728836
YDR358W,YGL240W,1,-0.998693,0.01590271294116974,0.017000000923871994,0.10520000010728836
YPR118W,YCL044C,0,-0.99882233,0.015887850895524025,0.017000000923871994,0.10530000180006027
YPL153C,YLR391W-A,0,-0.99889517,0.01587301678955555,0.017000000923871994,0.10540000349283218
YKL024C,YJR036C,0,-0.9990454,0.015858208760619164,0.017000000923871994,0.1054999977350235
YDR304C,YPL257W-A,0,-0.99914515,0.015843430534005165,0.017000000923871994,0.10559999942779541
YDR289C,YLR391W-A,0,-0.99932694,0.015828678384423256,0.017000000923871994,0.10570000112056732
YNL054W-B,YOR124C,0,-0.99942493,0.015813954174518585,0.017000000923871994,0.10580000281333923
YBL030C,YBR100W,0,-0.99943006,0.015799256041646004,0.017000000923871994,0.10589999705553055
YGR063C,YFR006W,0,-0.99958396,0.01578458771109581,0.017000000923871994,0.10599999874830246
YDR210C-C,YPL119C,0,-0.99959373,0.015769943594932556,0.017000000923871994,0.10610000044107437
YDL033C,YCR087C-A,0,-0.9996276,0.01575532928109169,0.017000000923871994,0.10620000213384628
YPL175W,YER117W,0,-0.9997107,0.015740741044282913,0.017000000923871994,0.1062999963760376
YDR034C-C,YNL330C,0,-1.0001986,0.015726178884506226,0.017000000923871994,0.10639999806880951
YDR316W-A,YMR040W,0,-1.0002192,0.015711644664406776,0.017000000923871994,0.10649999976158142
YPL168W,YBL038W,0,-1.0002269,0.015697138383984566,0.017000000923871994,0.10660000145435333
YJR135C,YLR150W,0,-1.0003427,0.015682656317949295,0.017000000923871994,0.10670000314712524
YMR054W,YHR139C,0,-1.0004789,0.015668202191591263,0.017000000923871994,0.10679999738931656
YPL189W,YMR139W,0,-1.0004804,0.01565377600491047,0.017000000923871994,0.10689999908208847
YKL097W-A,YOR322C,0,-1.0005473,0.015639374032616615,0.017000000923871994,0.10700000077486038
YDR365W-A,YBL064C,0,-1.0006143,0.015625,0.017000000923871994,0.1071000024676323
YNL010W,YHR164C,0,-1.0007025,0.015610652044415474,0.017000000923871994,0.10719999670982361
YOR145C,YFL002W-B,0,-1.0010424,0.015596330165863037,0.017000000923871994,0.10729999840259552
YPL183C,YNL242W,0,-1.0011582,0.015582035295665264,0.017000000923871994,0.10740000009536743
YGL161C,YLR410W-B,0,-1.0012975,0.015567765571177006,0.017000000923871994,0.10750000178813934
YNL181W,YFR033C,0,-1.001299,0.015553522855043411,0.017000000923871994,0.10760000348091125
YBR283C,YPR127W,0,-1.0014384,0.015539305284619331,0.017000000923871994,0.10769999772310257
YFR008W,YHR193C,0,-1.0014999,0.01552511379122734,0.017000000923871994,0.10779999941587448
YDR034C-C,YGL226W,0,-1.0015814,0.015510949306190014,0.017000000923871994,0.10790000110864639
YNR053C,YJL094C,0,-1.0015838,0.015496809035539627,0.017000000923871994,0.1080000028014183
YDR028C,YCL066W,0,-1.0016397,0.015482695773243904,0.017000000923871994,0.10809999704360962
YER159C-A,YFR006W,0,-1.0016555,0.015468607656657696,0.017000000923871994,0.10819999873638153
YKL199C,YBR202W,0,-1.0018705,0.015454545617103577,0.017000000923871994,0.10830000042915344
YCL063W,YFL035C-A,0,-1.0019966,0.015440508723258972,0.017000000923871994,0.10840000212192535
YJL062W-A,YNL330C,0,-1.0021051,0.015426496975123882,0.017000000923871994,0.10849999636411667
YPL168W,YKL053C-A,0,-1.002279,0.015412511304020882,0.017000000923871994,0.10859999805688858
YKR075C,YKL038W,0,-1.0023612,0.015398550778627396,0.017000000923871994,0.10869999974966049
YPL173W,YNR018W,0,-1.0023909,0.015384615398943424,0.017000000923871994,0.1088000014424324
YJL062W-A,YNR032C-A,0,-1.0024043,0.015370705164968967,0.017000000923871994,0.10890000313520432
YDR316W-A,YDL198C,0,-1.0024457,0.015356820076704025,0.017000000923871994,0.10899999737739563
YMR315W,YBL068W,0,-1.0024563,0.015342960134148598,0.017000000923871994,0.10909999907016754
YGL167C,YLL012W,0,-1.0025299,0.015329125337302685,0.017000000923871994,0.10920000076293945
YCR087C-A,YGR225W,0,-1.0025828,0.015315315686166286,0.017000000923871994,0.10930000245571136
YML030W,YLR154W-C,0,-1.0025865,0.015301530249416828,0.017000000923871994,0.10939999669790268
YDL206W,YIL125W,0,-1.0025986,0.015287769958376884,0.017000000923871994,0.10949999839067459
YNR050C,YBR012W-B,0,-1.0026819,0.01527403388172388,0.017000000923871994,0.1096000000834465
YOR343W-A,YLR277C,0,-1.0027543,0.015260322950780392,0.017000000923871994,0.10970000177621841
YGR161W-B,YDL021W,0,-1.002779,0.015246637165546417,0.017000000923871994,0.10980000346899033
YBR090C-A,YCR014C,0,-1.0027964,0.015232974663376808,0.017000000923871994,0.10989999771118164
YLR035C-A,YHR143W,0,-1.0028929,0.015219337306916714,0.017000000923871994,0.10999999940395355
YDL170W,YGR274C,0,-1.0029545,0.01520572416484356,0.017000000923871994,0.11010000109672546
YJL062W-A,YDR309C,0,-1.0031033,0.01519213616847992,0.017000000923871994,0.11020000278949738
YER137C-A,YOR322C,0,-1.0031083,0.015178571455180645,0.017000000923871994,0.11029999703168869
YAR044W,YDR545W,0,-1.003736,0.01516503095626831,0.017000000923871994,0.1103999987244606
YDR261W-A,YGR143W,0,-1.0038346,0.01515151560306549,0.017000000923871994,0.11050000041723251
YAL019W,YNL054W-A,0,-1.0038757,0.015138023532927036,0.017000000923871994,0.11060000211000443
YDR090C,YDR361C,0,-1.0038853,0.015124554745852947,0.017000000923871994,0.11069999635219574
YER089C,YLR227W-A,0,-1.0039827,0.015111111104488373,0.017000000923871994,0.11079999804496765
YDR449C,YMR046C,0,-1.0041744,0.015097690746188164,0.017000000923871994,0.11089999973773956
YAL029C,YLR391W-A,0,-1.0042441,0.015084294602274895,0.017000000923871994,0.11100000143051147
YCL074W,YDR261W-B,0,-1.0044396,0.015070921741425991,0.017000000923871994,0.11110000312328339
YMR306W,YLR227W-A,0,-1.0045568,0.015057573094964027,0.017000000923871994,0.1111999973654747
YBR031W,YPR071W,0,-1.0045934,0.01504424773156643,0.017000000923871994,0.11129999905824661
YER014C-A,YLL067C,0,-1.0046017,0.015030945651233196,0.017000000923871994,0.11140000075101852
YGL170C,YLR350W,0,-1.0048943,0.015017667785286903,0.017000000923871994,0.11150000244379044
YER131W,YML095C,0,-1.0050038,0.015004413202404976,0.017000000923871994,0.11159999668598175
YPL259C,YER108C,0,-1.0052044,0.014991181902587414,0.017000000923871994,0.11169999837875366
YGR251W,YOR127W,0,-1.0052415,0.014977973885834217,0.017000000923871994,0.11180000007152557
YPR095C,YCL012W,0,-1.0052884,0.014964789152145386,0.017000000923871994,0.11190000176429749
YER087C-A,YMR081C,0,-1.0053325,0.014951626770198345,0.017000000923871994,0.1120000034570694
YGL136C,YPL225W,0,-1.0054358,0.014938488602638245,0.017000000923871994,0.11209999769926071
YDR261W-A,YGR077C,0,-1.0055013,0.014925372786819935,0.017000000923871994,0.11219999939203262
YKL064W,YGR027W-B,0,-1.0058634,0.01491228025406599,0.017000000923871994,0.11230000108480453
YMR166C,YOR106W,0,-1.0061332,0.014899211004376411,0.017000000923871994,0.11240000277757645
YJL062W-A,YOR070C,0,-1.0061502,0.014886165037751198,0.017000000923871994,0.11249999701976776
YNL210W,YDR316W-B,0,-1.0062968,0.0148731404915452,0.017000000923871994,0.11259999871253967
YJR133W,YCL003W,0,-1.006342,0.014860140159726143,0.017000000923871994,0.11270000040531158
YJL021C,YNL086W,0,-1.0064156,0.014847161248326302,0.017000000923871994,0.1128000020980835
YPR043W,YFL035C-A,0,-1.0064816,0.014834205619990826,0.017000000923871994,0.11289999634027481
YLR327C,YDR242W,0,-1.0065358,0.014821273274719715,0.017000000923871994,0.11299999803304672
YIL047C,YKR096W,0,-1.0065643,0.01480836234986782,0.017000000923871994,0.11309999972581863
YGR188C,YMR090W,0,-1.0068313,0.014795474708080292,0.017000000923871994,0.11320000141859055
YER014C-A,YLR360W,0,-1.0072285,0.014782608486711979,0.017000000923871994,0.11330000311136246
YDR316W-A,YDL012C,0,-1.0072794,0.014769765548408031,0.017000000923871994,0.11339999735355377
YGR241C,YDR018C,0,-1.0073476,0.0147569440305233,0.017000000923871994,0.11349999904632568
YGL192W,YBR075W,0,-1.0073551,0.014744145795702934,0.017000000923871994,0.1136000007390976
YPR114W,YCR058C,0,-1.0074624,0.014731368981301785,0.017000000923871994,0.1137000024318695
YKL109W,YNL284C-A,0,-1.0074624,0.014718614518642426,0.017000000923871994,0.11379999667406082
YLR165C,YOR343C-A,0,-1.0074624,0.014705882407724857,0.017000000923871994,0.11389999836683273
YJL198W,YBR200W-A,0,-1.0074624,0.014693171717226505,0.017000000923871994,0.11400000005960464
YGR138C,YER053C-A,0,-1.0074624,0.014680483378469944,0.017000000923871994,0.11410000175237656
YJR094W-A,YJL133C-A,0,-1.0074624,0.014667817391455173,0.017000000923871994,0.11420000344514847
YDR197W,YOR343C-A,0,-1.0074624,0.01465517282485962,0.017000000923871994,0.11429999768733978
YLL055W,YER053C-A,0,-1.0074624,0.014642549678683281,0.017000000923871994,0.1143999993801117
YKR078W,YLR391W-A,0,-1.0074624,0.014629947952926159,0.017000000923871994,0.1145000010728836
YNR021W,YBR233W-A,0,-1.0074624,0.014617368578910828,0.017000000923871994,0.11460000276565552
YGL225W,YAR070W-A,0,-1.0074624,0.014604810625314713,0.017000000923871994,0.11469999700784683
YOR240W,YLL017W,0,-1.0074624,0.014592275023460388,0.017000000923871994,0.11479999870061874
YBL029C-A,YCR046C,0,-1.0074624,0.014579759910702705,0.017000000923871994,0.11490000039339066
YBR295W,YOR343C-A,0,-1.0074624,0.014567266218364239,0.017000000923871994,0.11500000208616257
YML018C,YJL062W-A,0,-1.0074624,0.014554794877767563,0.017000000923871994,0.11509999632835388
YPR008W,YER053C-A,0,-1.0074624,0.014542344026267529,0.017000000923871994,0.1151999980211258
YHR214W-G,YFR029W,0,-1.0074624,0.01452991459518671,0.017000000923871994,0.1152999997138977
YAR070W-A,YPR198W,0,-1.0074624,0.014517506584525108,0.017000000923871994,0.11540000140666962
YDL206W,YPL257W-B,0,-1.0074624,0.014505119062960148,0.017000000923871994,0.11550000309944153
YAL015C,YDR381C-A,0,-1.0074624,0.014492753893136978,0.017000000923871994,0.11559999734163284
YMR160W,YCR029C-A,0,-1.0074624,0.01448040921241045,0.017000000923871994,0.11569999903440475
YDR449C,YBL101W-B,0,-1.0074624,0.014468085020780563,0.017000000923871994,0.11580000072717667
YOR142W-A,YIL167W,0,-1.0074624,0.014455782249569893,0.017000000923871994,0.11590000241994858
YGL061C,YBL101W-A,0,-1.0074624,0.014443499967455864,0.017000000923871994,0.11599999666213989
YBL101W-B,YBR005W,0,-1.0074624,0.014431239105761051,0.017000000923871994,0.1160999983549118
YDL121C,YKL158W,0,-1.0074624,0.01441899873316288,0.017000000923871994,0.11620000004768372
YBR012W-B,YOR343C-A,0,-1.0074624,0.014406779780983925,0.017000000923871994,0.11630000174045563
YGL205W,YOR343C-A,0,-1.0074624,0.014394581317901611,0.017000000923871994,0.11640000343322754
YBL101W-A,YER142C,0,-1.0074624,0.014382402412593365,0.017000000923871994,0.11649999767541885
YMR166C,YHR079C-B,0,-1.0074624,0.014370244927704334,0.017000000923871994,0.11659999936819077
YKL138C-A,YLR040C,0,-1.0074624,0.014358107931911945,0.017000000923871994,0.11670000106096268
YDR210W-C,YBR241C,0,-1.0074624,0.014345991425216198,0.017000000923871994,0.11680000275373459
YDR381C-A,YGR057C,0,-1.0074624,0.014333895407617092,0.017000000923871994,0.1168999969959259
YOL145C,YBL101W-A,0,-1.0074624,0.014321819879114628,0.017000000923871994,0.11699999868869781
YER111C,YDR381C-A,0,-1.0074624,0.01430976390838623,0.017000000923871994,0.11710000038146973
YKL138C-A,YDR056C,0,-1.0074624,0.01429772935807705,0.017000000923871994,0.11720000207424164
YHL026C,YML045W-A,0,-1.0074624,0.014285714365541935,0.017000000923871994,0.11729999631643295
YKR083C,YER053C-A,0,-1.0074624,0.014273719862103462,0.017000000923871994,0.11739999800920486
YPL133C,YJL133C-A,0,-1.0074624,0.014261744916439056,0.017000000923871994,0.11749999970197678
YCL048W-A,YOL052C,0,-1.0074624,0.014249790459871292,0.017000000923871994,0.11760000139474869
YHR214W-G,YBR187W,0,-1.0074624,0.014237855561077595,0.017000000923871994,0.1177000030875206
YBR247C,YCL048W-A,0,-1.0074624,0.014225941151380539,0.017000000923871994,0.11779999732971191
YNL181W,YGL046W,0,-1.0074624,0.014214047230780125,0.017000000923871994,0.11789999902248383
YPR158C-D,YBL101W-B,0,-1.0074624,0.014202171936631203,0.017000000923871994,0.11800000071525574
YNL284C-A,YLR390W-A,0,-1.0074624,0.014190317131578922,0.017000000923871994,0.11810000240802765
YGR161C-D,YMR122W-A,0,-1.0074624,0.014178481884300709,0.017000000923871994,0.11819999665021896
YBL101W-A,YMR048W,0,-1.0074624,0.014166667126119137,0.017000000923871994,0.11829999834299088
YML037C,YDL134C-A,0,-1.0074624,0.014154870994389057,0.017000000923871994,0.11840000003576279
YPL235W,YOR343C-A,0,-1.0074624,0.014143094420433044,0.017000000923871994,0.1185000017285347
YMR019W,YER053C-A,0,-1.0074624,0.014131338335573673,0.017000000923871994,0.11860000342130661
YBR200W-A,YIL124W,0,-1.0074624,0.014119600877165794,0.017000000923871994,0.11869999766349792
YIL171W,YCR029C-A,0,-1.0074624,0.014107883907854557,0.017000000923871994,0.11879999935626984
YNL160W,YGL258W-A,0,-1.0074624,0.014096185564994812,0.017000000923871994,0.11890000104904175
YHR079C-B,YLR227W-A,0,-1.0074624,0.014084506779909134,0.017000000923871994,0.11900000274181366
YLR154W-A,YLR227W-B,0,-1.0074624,0.014072847552597523,0.017000000923871994,0.11909999698400497
YDR014W-A,YDR044W,0,-1.0074624,0.014061207883059978,0.017000000923871994,0.11919999867677689
YPR148C,YFR024C,0,-1.0074624,0.014049586839973927,0.017000000923871994,0.1193000003695488
YBL101W-B,YKL053C-A,0,-1.0074624,0.014037985354661942,0.017000000923871994,0.11940000206232071
YBL101W-B,YGR057C,0,-1.0074624,0.014026402495801449,0.017000000923871994,0.11949999630451202
YOR272W,YML045W-A,0,-1.0074624,0.014014839194715023,0.017000000923871994,0.11959999799728394
YCL026C-B,YOR192C-A,0,-1.0074624,0.01400329452008009,0.017000000923871994,0.11969999969005585
YGL258W-A,YNR043W,0,-1.0074624,0.013991769403219223,0.017000000923871994,0.11980000138282776
YNL135C,YML045W-A,0,-1.0074624,0.013980262912809849,0.017000000923871994,0.11990000307559967
YOL101C,YBL101W-B,0,-1.0074624,0.013968775980174541,0.017000000923871994,0.11999999731779099
YDR387C,YCR029C-A,0,-1.0074624,0.013957306742668152,0.017000000923871994,0.1200999990105629
YBR200W-A,YCR029C-A,0,-1.0074624,0.01394585706293583,0.017000000923871994,0.12020000070333481
YAR070W-A,YDL087C,0,-1.0074624,0.013934426009654999,0.017000000923871994,0.12030000239610672
YJR009C,YOR343C-A,0,-1.0074624,0.01392301358282566,0.017000000923871994,0.12039999663829803
YAR070W-A,YBR094W,0,-1.0074624,0.01391162071377039,0.017000000923871994,0.12049999833106995
YLR256W-A,YBL029C-A,0,-1.0074624,0.013900245539844036,0.017000000923871994,0.12060000002384186
YLR283W,YLR154W-C,0,-1.0074624,0.013888888992369175,0.017000000923871994,0.12070000171661377
YBR022W,YJL133C-A,0,-1.0074624,0.013877551071345806,0.017000000923871994,0.12080000340938568
YDR381C-A,YEL006W,0,-1.0074624,0.01386623177677393,0.017000000923871994,0.120899997651577
YDL206W,YLR227W-A,0,-1.0074624,0.013854931108653545,0.017000000923871994,0.12099999934434891
YHR214C-C,YFL011W-A,0,-1.0074624,0.013843648135662079,0.017000000923871994,0.12110000103712082
YGL258W-A,YML063W,0,-1.0074624,0.013832383789122105,0.017000000923871994,0.12120000272989273
YMR013C,YJL133C-A,0,-1.0074624,0.013821138069033623,0.017000000923871994,0.12129999697208405
YGL070C,YDR210W-C,0,-1.0074624,0.013809910975396633,0.017000000923871994,0.12139999866485596
YHR116W,YBR200W-A,0,-1.0074624,0.013798701576888561,0.017000000923871994,0.12150000035762787
YOR086C,YML045W-A,0,-1.0074624,0.013787509873509407,0.017000000923871994,0.12160000205039978
YGR084C,YOR343C-A,0,-1.0074624,0.013776336796581745,0.017000000923871994,0.1216999962925911
YKR068C,YML045W-A,0,-1.0074624,0.013765182346105576,0.017000000923871994,0.121799997985363
YJL133C-A,YBR005W,0,-1.0074624,0.013754045590758324,0.017000000923871994,0.12189999967813492
YAR070W-A,YJR140C,0,-1.0074624,0.01374292653053999,0.017000000923871994,0.12200000137090683
YBL101W-B,YCR077C,0,-1.0074624,0.013731825165450573,0.017000000923871994,0.12210000306367874
YMR243C,YER053C-A,0,-1.0074624,0.013720742426812649,0.017000000923871994,0.12219999730587006
YGL028C,YBR200W-A,0,-1.0074624,0.013709677383303642,0.017000000923871994,0.12229999899864197
YHR021C,YER053C-A,0,-1.0074624,0.013698630034923553,0.017000000923871994,0.12240000069141388
YMR173W,YCL048W-A,0,-1.0074624,0.013687600381672382,0.017000000923871994,0.12250000238418579
YEL002C,YNL284C-A,0,-1.0074624,0.013676589354872704,0.017000000923871994,0.1225999966263771
YNR047W,YBR200W-A,0,-1.0074624,0.013665595091879368,0.017000000923871994,0.12269999831914902
YOL078W,YER053C-A,0,-1.0074624,0.01365461852401495,0.017000000923871994,0.12280000001192093
YGR077C,YDR381C-A,0,-1.0074624,0.01364365965127945,0.017000000923871994,0.12290000170469284
YHR214W-G,YJL041W,0,-1.0074624,0.013632718473672867,0.017000000923871994,0.12300000339746475
YOL103W-A,YDR350C,0,-1.0074624,0.013621794991195202,0.017000000923871994,0.12309999763965607
YLR194C,YDR014W-A,0,-1.0074624,0.01361088827252388,0.017000000923871994,0.12319999933242798
YAR044W,YER053C-A,0,-1.0074624,0.01360000018030405,0.017000000923871994,0.12330000102519989
YNL284C-A,YML085C,0,-1.0074624,0.013589128851890564,0.017000000923871994,0.1234000027179718
YDR210W-C,YPR071W,0,-1.0074624,0.013578275218605995,0.017000000923871994,0.12349999696016312
YPL105C,YDR381C-A,0,-1.0074624,0.01356743834912777,0.017000000923871994,0.12359999865293503
YDL038C,YDR476C,0,-1.0074624,0.013556619174778461,0.017000000923871994,0.12370000034570694
YIL155C,YJL133C-A,0,-1.0074624,0.013545816764235497,0.017000000923871994,0.12380000203847885
YAL024C,YBL101W-A,0,-1.0074624,0.01353503204882145,0.017000000923871994,0.12389999628067017
YHR140W,YFL018W-A,0,-1.0074624,0.013524264097213745,0.017000000923871994,0.12399999797344208
YJR015W,YKL200C,0,-1.0074624,0.013513513840734959,0.017000000923871994,0.12409999966621399
YGR109W-B,YGL141W,0,-1.0074624,0.013502780348062515,0.017000000923871994,0.1242000013589859
YML045W-A,YCR093W,0,-1.0074624,0.013492063619196415,0.017000000923871994,0.12430000305175781
YGL258W-A,YHR153C,0,-1.0074624,0.013481363654136658,0.017000000923871994,0.12439999729394913
YPL206C,YML045W-A,0,-1.0074624,0.013470681384205818,0.017000000923871994,0.12449999898672104
YLR312C-B,YLR001C,0,-1.0074624,0.013460015878081322,0.017000000923871994,0.12460000067949295
YBL101W-A,YDR533C,0,-1.0074624,0.013449367135763168,0.017000000923871994,0.12470000237226486
YDR210W-C,YDL140C,0,-1.0074624,0.013438735157251358,0.017000000923871994,0.12479999661445618
YKL103C,YDR014W-A,0,-1.0074624,0.01342811994254589,0.017000000923871994,0.12489999830722809
YIL017W,YDR131C,1,-1.0074624,0.014206787571310997,0.017999999225139618,0.12489999830722809
YDL180W,YNL054W-A,0,-1.0074624,0.014195583760738373,0.017999999225139618,0.125
YLR287C-A,YHR039C-B,0,-1.0074741,0.014184396713972092,0.017999999225139618,0.1251000016927719
YIL064W,YDL093W,0,-1.0075952,0.014173228293657303,0.017999999225139618,0.12520000338554382
YBR121C,YDL012C,0,-1.007759,0.014162077568471432,0.017999999225139618,0.12530000507831573
YDL038C,YCR038C,0,-1.0077922,0.014150943607091904,0.017999999225139618,0.12540000677108765
YDR196C,YOL165C,0,-1.0077977,0.014139827340841293,0.017999999225139618,0.12549999356269836
YOR142W-B,YPL147W,0,-1.0081538,0.0141287287697196,0.017999999225139618,0.12559999525547028
YJL166W,YCL057C-A,0,-1.0081978,0.014117646962404251,0.017999999225139618,0.1256999969482422
YNL248C,YGL085W,0,-1.0083256,0.01410658285021782,0.017999999225139618,0.1257999986410141
YDR365W-A,YPL280W,0,-1.0087916,0.014095536433160305,0.017999999225139618,0.125900000333786
YGR159C,YPR131C,0,-1.0088215,0.014084506779909134,0.017999999225139618,0.12600000202655792
YPR111W,YGL076C,0,-1.0090575,0.01407349482178688,0.017999999225139618,0.12610000371932983
YAR044W,YJL046W,0,-1.0091188,0.01406249962747097,0.017999999225139618,0.12620000541210175
YKR052C,YGR109W-A,0,-1.0093019,0.014051522128283978,0.017999999225139618,0.12630000710487366
YNL162W,YJL021C,0,-1.009359,0.014040561392903328,0.017999999225139618,0.12639999389648438
YLR227W-B,YCL075W,0,-1.009377,0.014029618352651596,0.017999999225139618,0.1264999955892563
YLR009W,YNR008W,0,-1.0094134,0.014018691144883633,0.017999999225139618,0.1265999972820282
YCL012W,YKL114C,0,-1.0094914,0.014007782563567162,0.017999999225139618,0.1266999989748001
YEL016C,YMR046C,0,-1.0095049,0.013996889814734459,0.017999999225139618,0.12680000066757202
YOR066W,YKL158W,0,-1.009612,0.0139860138297081,0.017999999225139618,0.12690000236034393
YPR192W,YFL035C,0,-1.0098375,0.013975155539810658,0.017999999225139618,0.12700000405311584
YOR025W,YNL054W-A,0,-1.009876,0.013964313082396984,0.017999999225139618,0.12710000574588776
YKR096W,YNL122C,0,-1.0099899,0.013953488320112228,0.017999999225139618,0.12720000743865967
YIL095W,YCL057C-A,0,-1.0100039,0.013942680321633816,0.017999999225139618,0.12729999423027039
YMR168C,YBL072C,0,-1.0103728,0.013931888155639172,0.017999999225139618,0.1273999959230423
YLR214W,YJR149W,0,-1.0106494,0.013921113684773445,0.017999999225139618,0.1274999976158142
YPL101W,YGR161C-D,0,-1.0107628,0.013910355046391487,0.017999999225139618,0.12759999930858612
YDR465C,YCL060C,0,-1.0110193,0.013899614103138447,0.017999999225139618,0.12770000100135803
YJL112W,YBL075C,0,-1.0111347,0.013888888992369175,0.017999999225139618,0.12780000269412994
YLR312C-B,YDR246W,0,-1.011149,0.013878180645406246,0.017999999225139618,0.12790000438690186
YJR021C,YER014C-A,0,-1.0111547,0.013867488130927086,0.017999999225139618,0.12800000607967377
YPL017C,YER007W,0,-1.011261,0.013856813311576843,0.017999999225139618,0.12809999287128448
YGR272C,YLR153C,0,-1.0112985,0.013846153393387794,0.017999999225139618,0.1281999945640564
YOR341W,YOR131C,0,-1.0113834,0.013835511170327663,0.017999999225139618,0.1282999962568283
YLR391W-A,YKL038W,0,-1.011624,0.0138248847797513,0.017999999225139618,0.12839999794960022
YDR365W-A,YDR210W-B,0,-1.011981,0.013814275152981281,0.017999999225139618,0.12849999964237213
YER165W,YCL034W,0,-1.0120543,0.01380368135869503,0.017999999225139618,0.12860000133514404
YGR044C,YGR031C-A,0,-1.0120655,0.013793103396892548,0.017999999225139618,0.12870000302791595
YML104C,YMR090W,0,-1.0122486,0.013782542198896408,0.017999999225139618,0.12880000472068787
YNL284C-B,YLR023C,0,-1.0122526,0.013771996833384037,0.017999999225139618,0.12890000641345978
YDR044W,YJL012C-A,0,-1.0122926,0.013761468231678009,0.017999999225139618,0.1289999932050705
YOR291W,YER142C,0,-1.012508,0.013750954531133175,0.017999999225139618,0.1290999948978424
YJL062W-A,YIR031C,0,-1.0125502,0.013740457594394684,0.017999999225139618,0.12919999659061432
YML018C,YLR215C,0,-1.0125701,0.013729977421462536,0.017999999225139618,0.12929999828338623
YMR074C,YLL051C,0,-1.0127544,0.013719512149691582,0.017999999225139618,0.12939999997615814
YDR222W,YBR084W,0,-1.0128549,0.01370906364172697,0.017999999225139618,0.12950000166893005
YAR044W,YJL143W,0,-1.0130973,0.013698630034923553,0.017999999225139618,0.12960000336170197
YOR343W-B,YER007W,0,-1.0131704,0.01368821319192648,0.017999999225139618,0.12970000505447388
YLR312C-B,YPL126W,0,-1.0133636,0.013677811250090599,0.017999999225139618,0.1298000067472458
YKR007W,YIL172C,0,-1.0135279,0.013667426072061062,0.017999999225139618,0.1298999935388565
YDL243C,YCR080W,0,-1.0137024,0.013657055795192719,0.017999999225139618,0.12999999523162842
YMR297W,YPL113C,0,-1.0139655,0.013646702282130718,0.017999999225139618,0.13009999692440033
YLR100W,YGL046W,0,-1.0142041,0.013636363670229912,0.017999999225139618,0.13019999861717224
YDR316W-B,YOR172W,0,-1.0142609,0.013626040890812874,0.017999999225139618,0.13030000030994415
YOR343W-B,YHR086W,0,-1.0143474,0.013615733943879604,0.017999999225139618,0.13040000200271606
YIR006C,YLR337W,0,-1.0145161,0.013605441898107529,0.017999999225139618,0.13050000369548798
YFR024C,YPL010W,0,-1.0147325,0.013595166616141796,0.017999999225139618,0.1306000053882599
YPR143W,YLR164W,0,-1.0147355,0.013584905304014683,0.017999999225139618,0.1307000070810318
YOR142W-B,YBR081C,0,-1.014903,0.013574660755693913,0.017999999225139618,0.13079999387264252
YPR137C-A,YLL002W,0,-1.0150305,0.013564431108534336,0.017999999225139618,0.13089999556541443
YIR014W,YPL207W,0,-1.0150692,0.013554217293858528,0.017999999225139618,0.13099999725818634
YFR018C,YLR410W-B,0,-1.015084,0.013544018380343914,0.017999999225139618,0.13109999895095825
YBL005W-B,YBR294W,0,-1.0150905,0.013533834367990494,0.017999999225139618,0.13120000064373016
YDR316W-A,YHR037W,0,-1.0153598,0.013523666188120842,0.017999999225139618,0.13130000233650208
YPR102C,YGR031C-A,0,-1.0156441,0.013513513840734959,0.017999999225139618,0.131400004029274
YBR121C,YFL035C-A,0,-1.0156738,0.013503375463187695,0.017999999225139618,0.1315000057220459
YOL142W,YNL194C,0,-1.0156864,0.013493252918124199,0.017999999225139618,0.1316000074148178
YDR229W,YDL130W,0,-1.015702,0.013483146205544472,0.017999999225139618,0.13169999420642853
YDR387C,YDR170C,0,-1.0159231,0.013473053462803364,0.017999999225139618,0.13179999589920044
YPR148C,YMR075W,0,-1.0159538,0.013462976552546024,0.017999999225139618,0.13189999759197235
YIL017W,YDL008W,1,-1.0161153,0.014200299046933651,0.01899999938905239,0.13189999759197235
YMR262W,YOR123C,0,-1.0161643,0.014189694076776505,0.01899999938905239,0.13199999928474426
YKL172W,YGL046W,0,-1.016313,0.014179104939103127,0.01899999938905239,0.13210000097751617
YNL284C,YDR261W-B,0,-1.0164009,0.014168530702590942,0.01899999938905239,0.13220000267028809
YJL216C,YNL190W,0,-1.0164819,0.014157973229885101,0.01899999938905239,0.13230000436306
YGR205W,YLR154W-C,0,-1.0165776,0.014147431589663029,0.01899999938905239,0.1324000060558319
YBR031W,YNL054W-A,0,-1.016582,0.01413690485060215,0.01899999938905239,0.13249999284744263
YPR063C,YML102W,0,-1.0166792,0.01412639394402504,0.01899999938905239,0.13259999454021454
YNL054W-B,YML097C,0,-1.0166973,0.014115898869931698,0.01899999938905239,0.13269999623298645
YPR182W,YOR283W,0,-1.0167793,0.014105419628322124,0.01899999938905239,0.13279999792575836
YPR016C,YNL054W-A,0,-1.0171088,0.014094955287873745,0.01899999938905239,0.13289999961853027
YEL018W,YNL208W,0,-1.0171304,0.014084506779909134,0.01899999938905239,0.13300000131130219
YNL223W,YJL136C,0,-1.0171512,0.014074074104428291,0.01899999938905239,0.1331000030040741
YLR158C,YDR234W,0,-1.0171748,0.014063656330108643,0.01899999938905239,0.133200004696846
YGR027W-B,YMR172W,0,-1.0172158,0.014053254388272762,0.01899999938905239,0.13330000638961792
YCR012W,YOL098C,0,-1.0172645,0.014042867347598076,0.01899999938905239,0.13339999318122864
YGL063W,YER159C-A,0,-1.0172734,0.014032496139407158,0.01899999938905239,0.13349999487400055
YPL208W,YBR012W-B,0,-1.0173175,0.014022139832377434,0.01899999938905239,0.13359999656677246
YLR154W-A,YOR372C,0,-1.017377,0.014011799357831478,0.01899999938905239,0.13369999825954437
YGR204W,YNL133C,0,-1.0173993,0.014001473784446716,0.01899999938905239,0.13379999995231628
YLR256W-A,YML061C,0,-1.0174216,0.013991163112223148,0.01899999938905239,0.1339000016450882
YGR161C-D,YOL123W,0,-1.0175697,0.013980868272483349,0.01899999938905239,0.1340000033378601
YIL076W,YGR035C,0,-1.017636,0.013970588333904743,0.01899999938905239,0.13410000503063202
YDL112W,YFL035C,0,-1.017693,0.013960323296487331,0.01899999938905239,0.13420000672340393
YDL210W,YDR316W-B,0,-1.0177344,0.013950073160231113,0.01899999938905239,0.13429999351501465
YGL073W,YPL257W-A,0,-1.0178413,0.013939838856458664,0.01899999938905239,0.13439999520778656
YDL051W,YPL280W,0,-1.0178616,0.013929618522524834,0.01899999938905239,0.13449999690055847
YDR210C-C,YKL006W,0,-1.0179071,0.013919414021074772,0.01899999938905239,0.13459999859333038
YHR165C,YOL103W-A,0,-1.018006,0.013909224420785904,0.01899999938905239,0.1347000002861023
YNL065W,YDR210W-B,0,-1.0181047,0.013899048790335655,0.01899999938905239,0.1348000019788742
YCR080W,YDR055W,0,-1.0181539,0.013888888992369175,0.01899999938905239,0.13490000367164612
YKL061W,YNR043W,0,-1.0182458,0.013878743164241314,0.01899999938905239,0.13500000536441803
YOR253W,YHL026C,0,-1.0183446,0.013868613168597221,0.01899999938905239,0.13510000705718994
YIL017W,YFL049W,1,-1.0186616,0.014587892219424248,0.019999999552965164,0.13510000705718994
YFL002W-B,YDR052C,0,-1.0186974,0.014577259309589863,0.019999999552965164,0.13519999384880066
YOR116C,YHR184W,0,-1.0187573,0.014566642232239246,0.019999999552965164,0.13529999554157257
YDR098C-A,YPL218W,0,-1.0188948,0.014556040987372398,0.019999999552965164,0.13539999723434448
YOR343W-A,YAR007C,0,-1.0191007,0.014545454643666744,0.019999999552965164,0.1354999989271164
YOL129W,YOR142W-A,0,-1.0191582,0.014534884132444859,0.019999999552965164,0.1356000006198883
YIL011W,YKR104W,0,-1.0191944,0.014524328522384167,0.019999999552965164,0.13570000231266022
YMR045C,YLR115W,0,-1.0193123,0.014513787813484669,0.019999999552965164,0.13580000400543213
YNL284C-B,YKL017C,0,-1.0196356,0.01450326293706894,0.019999999552965164,0.13590000569820404
YKL199C,YOL157C,0,-1.019686,0.014492753893136978,0.019999999552965164,0.13600000739097595
YMR221C,YHR008C,0,-1.0203668,0.014482258819043636,0.019999999552965164,0.13609999418258667
YDR116C,YCR055C,0,-1.0204237,0.014471779577434063,0.019999999552965164,0.13619999587535858
YIR017C,YDR098C-B,0,-1.0208538,0.014461316168308258,0.019999999552965164,0.1362999975681305
YLR154W-A,YMR137C,0,-1.0210264,0.014450866729021072,0.019999999552965164,0.1363999992609024
YCL014W,YNL054W-A,0,-1.0211008,0.014440433122217655,0.019999999552965164,0.13650000095367432
YHR204W,YIL017W,1,-1.0214448,0.01515151560306549,0.020999999716877937,0.13650000095367432
YCR063W,YLR352W,0,-1.0214689,0.015140591189265251,0.020999999716877937,0.13660000264644623
YEL039C,YBR100W,0,-1.0215645,0.01512968260794878,0.020999999716877937,0.13670000433921814
YER050C,YJL012C-A,0,-1.0216959,0.015118790790438652,0.020999999716877937,0.13680000603199005
YBR207W,YML039W,0,-1.0217122,0.015107913874089718,0.020999999716877937,0.13689999282360077
YFL013C,YCL012W,0,-1.0217396,0.015097052790224552,0.020999999716877937,0.13699999451637268
YBR075W,YHR073W,0,-1.0218755,0.01508620660752058,0.020999999716877937,0.1370999962091446
YNL173C,YJL206C,0,-1.0219027,0.015075377188622952,0.020999999716877937,0.1371999979019165
YKL199C,YLR204W,0,-1.0223897,0.015064562670886517,0.020999999716877937,0.13729999959468842
YIL072W,YCR005C,0,-1.0224203,0.015053763054311275,0.020999999716877937,0.13740000128746033
YGR235C,YPL038W,0,-1.0226086,0.015042980201542377,0.020999999716877937,0.13750000298023224
YML018C,YPL060W,0,-1.022638,0.015032212249934673,0.020999999716877937,0.13760000467300415
YGR161W-B,YGR035C,0,-1.0226563,0.015021459199488163,0.020999999716877937,0.13770000636577606
YKL200C,YDL154W,0,-1.0228455,0.015010721981525421,0.020999999716877937,0.13779999315738678
YGR063C,YDR210C-C,0,-1.0232571,0.014999999664723873,0.020999999716877937,0.1378999948501587
YOR172W,YLR167W,0,-1.0234193,0.014989293180406094,0.020999999716877937,0.1379999965429306
YNL054W-B,YER149C,0,-1.0238992,0.014978601597249508,0.020999999716877937,0.13809999823570251
YER138C,YDL102W,0,-1.0240221,0.01496792584657669,0.020999999716877937,0.13819999992847443
YGR109W-B,YMR002W,0,-1.0240556,0.014957264997065067,0.020999999716877937,0.13830000162124634
YDL204W,YPL174C,0,-1.0244881,0.014946619048714638,0.020999999716877937,0.13840000331401825
YBR009C,YBR100W,0,-1.0246762,0.014935988932847977,0.020999999716877937,0.13850000500679016
YOR343W-A,YDR251W,0,-1.0248786,0.014925372786819935,0.020999999716877937,0.13860000669956207
YLR154W-A,YNR008W,0,-1.0249858,0.014914772473275661,0.020999999716877937,0.1386999934911728
YBR159W,YJR132W,0,-1.0253214,0.014904187060892582,0.020999999716877937,0.1387999951839447
YGR251W,YLR411W,0,-1.0254155,0.014893617480993271,0.020999999716877937,0.1388999968767166
YCL017C,YHL008C,0,-1.0254335,0.014883061870932579,0.020999999716877937,0.13899999856948853
YDR316W-A,YGR154C,0,-1.0255865,0.014872521162033081,0.020999999716877937,0.13910000026226044
YLR154W-C,YDL141W,0,-1.0257154,0.014861995354294777,0.020999999716877937,0.13920000195503235
YFL029C,YMR160W,0,-1.0259699,0.014851485379040241,0.020999999716877937,0.13930000364780426
YHR030C,YLL062C,0,-1.0261769,0.014840989373624325,0.020999999716877937,0.13940000534057617
YLL014W,YGR109W-B,0,-1.0266894,0.014830508269369602,0.020999999716877937,0.13950000703334808
YOR343W-A,YLR359W,0,-1.0270516,0.014820042066276073,0.020999999716877937,0.1395999938249588
YGR251W,YER148W,0,-1.0272797,0.014809590764343739,0.020999999716877937,0.1396999955177307
YDR019C,YPR072W,0,-1.0276282,0.014799154363572598,0.020999999716877937,0.13979999721050262
YJL021C,YLR154W-C,0,-1.027988,0.014788731932640076,0.020999999716877937,0.13989999890327454
YML124C,YFL035C-A,0,-1.0280887,0.014778325334191322,0.020999999716877937,0.14000000059604645
YBR274W,YGR214W,0,-1.0281152,0.014767932705581188,0.020999999716877937,0.14010000228881836
YOL029C,YLR293C,0,-1.0281638,0.014757554046809673,0.020999999716877937,0.14020000398159027
YLR158C,YCL003W,0,-1.0283362,0.014747191220521927,0.020999999716877937,0.14030000567436218
YDR261C,YMR087W,0,-1.0284754,0.0147368423640728,0.020999999716877937,0.1404000073671341
YPR137C-B,YKL178C,0,-1.0285331,0.014726507477462292,0.020999999716877937,0.1404999941587448
YDR472W,YKL109W,0,-1.0287387,0.014716187492012978,0.020999999716877937,0.14059999585151672
YPL223C,YGR027W-B,0,-1.0287635,0.014705882407724857,0.020999999716877937,0.14069999754428864
YGL123W,YNL230C,0,-1.0288596,0.014695591293275356,0.020999999716877937,0.14079999923706055
YLR410W-A,YJL083W,0,-1.0290599,0.014685315079987049,0.020999999716877937,0.14090000092983246
YLR188W,YLR042C,0,-1.0296469,0.014675052836537361,0.020999999716877937,0.14100000262260437
YDR316W-B,YLR120C,0,-1.029702,0.014664804562926292,0.020999999716877937,0.14110000431537628
YEL029C,YLR286C,0,-1.0300387,0.014654571190476418,0.020999999716877937,0.1412000060081482
YBR295W,YGR161C-D,0,-1.0301299,0.014644351787865162,0.020999999716877937,0.1412999927997589
YLR227W-B,YOR071C,0,-1.0302287,0.014634146355092525,0.020999999716877937,0.14139999449253082
YBR195C,YDR261C-D,0,-1.0303274,0.014623955823481083,0.020999999716877937,0.14149999618530273
YGL183C,YLR337C,0,-1.0303376,0.014613778330385685,0.020999999716877937,0.14159999787807465
YER102W,YJL087C,0,-1.0305218,0.01460361573845148,0.020999999716877937,0.14169999957084656
YOR177C,YML058W-A,0,-1.0306839,0.01459346804767847,0.020999999716877937,0.14180000126361847
YDR342C,YIL037C,0,-1.0308155,0.014583333395421505,0.020999999716877937,0.14190000295639038
YJR029W,YPR186C,0,-1.0309851,0.014573212713003159,0.020999999716877937,0.1420000046491623
YLL011W,YLR391W,0,-1.0310085,0.014563106931746006,0.020999999716877937,0.1421000063419342
YLR348C,YBR012W-A,0,-1.0313778,0.014553014189004898,0.020999999716877937,0.14219999313354492
YBL005W-B,YDR083W,0,-1.0314465,0.014542936347424984,0.020999999716877937,0.14229999482631683
YER159C-A,YKL011C,0,-1.0317432,0.014532871544361115,0.020999999716877937,0.14239999651908875
YDR323C,YJR070C,0,-1.0317847,0.014522821642458439,0.020999999716877937,0.14249999821186066
YJL136C,YCR055C,0,-1.0318768,0.014512784779071808,0.020999999716877937,0.14259999990463257
YPR073C,YER108C,0,-1.0319854,0.01450276281684637,0.020999999716877937,0.14270000159740448
YIL130W,YJL171C,0,-1.0320609,0.014492753893136978,0.020999999716877937,0.1428000032901764
YOR373W,YMR242C,0,-1.0320654,0.014482758939266205,0.020999999716877937,0.1429000049829483
YMR032W,YOL086W-A,0,-1.0320888,0.014472777023911476,0.020999999716877937,0.14300000667572021
YKL200C,YGR120C,0,-1.0321447,0.014462810009717941,0.020999999716877937,0.14309999346733093
YFL044C,YHL026C,0,-1.0322206,0.014452856034040451,0.020999999716877937,0.14319999516010284
YNL146W,YOR269W,0,-1.0322909,0.01444291602820158,0.020999999716877937,0.14329999685287476
YHR014W,YBR196C,0,-1.0324153,0.014432989992201328,0.020999999716877937,0.14339999854564667
YOL132W,YKL011C,0,-1.0327021,0.014423076994717121,0.020999999716877937,0.14350000023841858
YML043C,YKL158W,0,-1.032874,0.014413177967071533,0.020999999716877937,0.1436000019311905
YFL011W-A,YGL173C,0,-1.0329093,0.01440329197794199,0.020999999716877937,0.1437000036239624
YLR299W,YGR109W-A,0,-1.0329777,0.014393419958651066,0.020999999716877937,0.14380000531673431
YOR192C-A,YIL093C,0,-1.0329777,0.014383561909198761,0.020999999716877937,0.14390000700950623
YGL005C,YDR210W-B,0,-1.0330435,0.0143737168982625,0.020999999716877937,0.14399999380111694
YJR147W,YOL103W-B,0,-1.033307,0.014363884925842285,0.020999999716877937,0.14409999549388885
YHR006W,YOR192C-B,0,-1.0333892,0.014354066923260689,0.020999999716877937,0.14419999718666077
YDR365W-A,YJL045W,0,-1.0334222,0.014344261959195137,0.020999999716877937,0.14429999887943268
YMR137C,YML133C,0,-1.0339288,0.014334470964968204,0.020999999716877937,0.1444000005722046
YOL155C,YLR130C,0,-1.0339608,0.014324693009257317,0.020999999716877937,0.1445000022649765
YDR176W,YGR161W-B,0,-1.0341465,0.014314928092062473,0.020999999716877937,0.1446000039577484
YBL113C,YPL273W,0,-1.0342159,0.01430517714470625,0.020999999716877937,0.14470000565052032
YOR193W,YDR098C-B,0,-1.0344757,0.01429543923586607,0.020999999716877937,0.14480000734329224
YHR186C,YLR001C,0,-1.0345514,0.014285714365541935,0.020999999716877937,0.14489999413490295
YDR210C-D,YLR426W,0,-1.0354304,0.014276002533733845,0.020999999716877937,0.14499999582767487
YER032W,YFL002W-A,0,-1.0355309,0.014266304671764374,0.020999999716877937,0.14509999752044678
YDR138W,YPL257W-B,0,-1.035661,0.014256618916988373,0.020999999716877937,0.1451999992132187
YDR210C-C,YJL097W,0,-1.0356774,0.014246947132050991,0.020999999716877937,0.1453000009059906
YOL158C,YJL112W,0,-1.0357155,0.014237288385629654,0.020999999716877937,0.1454000025987625
YMR210W,YGR281W,0,-1.0360312,0.014227642677724361,0.020999999716877937,0.14550000429153442
YHR148W,YEL048C,0,-1.0362848,0.014218009077012539,0.020999999716877937,0.14560000598430634
YER159C-A,YPL010W,0,-1.0363688,0.014208389446139336,0.020999999716877937,0.14569999277591705
YKL097W-A,YDL021W,0,-1.0364292,0.014198782853782177,0.020999999716877937,0.14579999446868896
YPL140C,YPR137C-A,0,-1.0367475,0.014189189299941063,0.020999999716877937,0.14589999616146088
YPR137C-B,YHL050C,0,-1.0368297,0.014179608784615993,0.020999999716877937,0.1459999978542328
YOR192C-A,YPL061W,0,-1.0369285,0.014170040376484394,0.020999999716877937,0.1460999995470047
YPR024W,YLR391W-A,0,-1.0370061,0.014160485938191414,0.020999999716877937,0.1462000012397766
YBR287W,YNL146W,0,-1.0370204,0.014150943607091904,0.020999999716877937,0.14630000293254852
YBL020W,YMR268W-A,0,-1.0370334,0.014141414314508438,0.020999999716877937,0.14640000462532043
YLR191W,YDR415C,0,-1.0371219,0.014131898060441017,0.020999999716877937,0.14650000631809235
YOR142W-A,YDL129W,0,-1.037307,0.014122393913567066,0.020999999716877937,0.14659999310970306
YMR285C,YPR096C,0,-1.0374082,0.01411290280520916,0.020999999716877937,0.14669999480247498
YML106W,YJL108C,0,-1.037655,0.014103424735367298,0.020999999716877937,0.1467999964952469
YGR086C,YFL011W-A,0,-1.0376846,0.014093959704041481,0.020999999716877937,0.1468999981880188
YLR410W-A,YHR135C,0,-1.0377845,0.014084506779909134,0.020999999716877937,0.1469999998807907
YFL002W-B,YDL106C,0,-1.0379986,0.014075066894292831,0.020999999716877937,0.14710000157356262
YDR365W-A,YAR007C,0,-1.0383772,0.014065640047192574,0.020999999716877937,0.14720000326633453
YDR527W,YBR158W,0,-1.0384382,0.014056225307285786,0.020999999716877937,0.14730000495910645
YJR029W,YMR169C,0,-1.0386093,0.014046822674572468,0.020999999716877937,0.14740000665187836
YMR074C,YGL031C,0,-1.0387278,0.014037433080375195,0.020999999716877937,0.14749999344348907
YOL111C,YOL157C,0,-1.0387555,0.014028056524693966,0.020999999716877937,0.147599995136261
YMR226C,YFL002W-B,0,-1.0388709,0.014018691144883633,0.020999999716877937,0.1476999968290329
YNL278W,YGL189C,0,-1.038909,0.014009339734911919,0.020999999716877937,0.1477999985218048
YDR261W-A,YPR137W,0,-1.0390027,0.014000000432133675,0.020999999716877937,0.14790000021457672
YDR098C-A,YDR247W,0,-1.0391179,0.0139906732365489,0.020999999716877937,0.14800000190734863
YGR122W,YLL027W,0,-1.0393481,0.013981358148157597,0.020999999716877937,0.14810000360012054
YJL166W,YMR295C,0,-1.0393865,0.013972056098282337,0.020999999716877937,0.14820000529289246
YOR162C,YKL096W-A,0,-1.0396092,0.013962766155600548,0.020999999716877937,0.14830000698566437
YGL070C,YHL021C,0,-1.0396097,0.013953488320112228,0.020999999716877937,0.14839999377727509
YOR116C,YOR343W-A,0,-1.0398092,0.013944223523139954,0.020999999716877937,0.148499995470047
YML011C,YLR410W-B,0,-1.0398421,0.013934969902038574,0.020999999716877937,0.1485999971628189
YDR040C,YLR391W-A,0,-1.040496,0.01392572931945324,0.020999999716877937,0.14869999885559082
YGR161W-A,YDR411C,0,-1.0405006,0.013916500844061375,0.020999999716877937,0.14880000054836273
YER137C-A,YBR271W,0,-1.040978,0.01390728447586298,0.020999999716877937,0.14890000224113464
YNR037C,YCR055C,0,-1.0410649,0.01389808114618063,0.020999999716877937,0.14900000393390656
YHR103W,YLR410W-B,0,-1.0412085,0.013888888992369175,0.020999999716877937,0.14910000562667847
YMR080C,YKL158W,0,-1.0413437,0.01387970894575119,0.020999999716877937,0.14920000731945038
YLR212C,YHR157W,0,-1.0413514,0.01387054193764925,0.020999999716877937,0.1492999941110611
YMR262W,YBR005W,0,-1.0415381,0.013861386105418205,0.020999999716877937,0.149399995803833
YOL103W-A,YOR271C,0,-1.0415707,0.01385224238038063,0.020999999716877937,0.14949999749660492
YPL178W,YPR158C-C,0,-1.0417353,0.0138431116938591,0.020999999716877937,0.14959999918937683
YFR021W,YFR024C,0,-1.041746,0.013833992183208466,0.020999999716877937,0.14970000088214874
YPR158C-D,YFR019W,0,-1.0418011,0.0138248847797513,0.020999999716877937,0.14980000257492065
YOL104C,YOR343W-A,0,-1.0421304,0.013815789483487606,0.020999999716877937,0.14990000426769257
YMR086W,YKL004W,0,-1.0427893,0.013806706294417381,0.020999999716877937,0.15000000596046448
YHR010W,YOR132W,0,-1.0428747,0.013797634281218052,0.020999999716877937,0.1500999927520752
YNL095C,YGR162W,0,-1.0429658,0.013788575306534767,0.020999999716877937,0.1501999944448471
YGL168W,YJR149W,0,-1.0430738,0.013779527507722378,0.020999999716877937,0.15029999613761902
YER108C,YOR254C,0,-1.0431124,0.013770491816103458,0.020999999716877937,0.15039999783039093
YOR237W,YPR113W,0,-1.0431304,0.013761468231678009,0.020999999716877937,0.15049999952316284
YPR148C,YPL135W,0,-1.0431596,0.013752455823123455,0.020999999716877937,0.15060000121593475
YML063W,YIL064W,0,-1.0433458,0.013743455521762371,0.020999999716877937,0.15070000290870667
YDR210C-C,YKL017C,0,-1.0437106,0.013734467327594757,0.020999999716877937,0.15080000460147858
YFR018C,YEL024W,0,-1.043728,0.013725490309298038,0.020999999716877937,0.1509000062942505
YOL053C-A,YNL273W,0,-1.0438541,0.01371652539819479,0.020999999716877937,0.1509999930858612
YOR343W-A,YIL087C,0,-1.0438753,0.013707571662962437,0.020999999716877937,0.15109999477863312
YNR001C,YPL141C,0,-1.0439922,0.013698630034923553,0.020999999716877937,0.15119999647140503
YDR444W,YMR289W,0,-1.0455017,0.01368970051407814,0.020999999716877937,0.15129999816417694
YML040W,YCR005C,0,-1.045515,0.013680782169103622,0.020999999716877937,0.15139999985694885
YNL210W,YDR115W,0,-1.045838,0.013671875,0.020999999716877937,0.15150000154972076
YDR306C,YHR204W,1,-1.0460964,0.014313598163425922,0.02199999988079071,0.15150000154972076
YPL105C,YJL012C-A,0,-1.04646,0.01430429145693779,0.02199999988079071,0.15160000324249268
YDR365W-A,YPL139C,0,-1.046542,0.014294996857643127,0.02199999988079071,0.1517000049352646
YDL229W,YHR161C,0,-1.0465733,0.014285714365541935,0.02199999988079071,0.1518000066280365
YOR278W,YGR027W-B,0,-1.047003,0.014276443980634212,0.02199999988079071,0.15189999341964722
YOL124C,YLR035C-A,0,-1.0472511,0.01426718570291996,0.02199999988079071,0.15199999511241913
YML045W,YMR114C,0,-1.0476443,0.014257939532399178,0.02199999988079071,0.15209999680519104
YOR136W,YCR047C,0,-1.047753,0.01424870453774929,0.02199999988079071,0.15219999849796295
YOR167C,YMR133W,0,-1.0479552,0.014239482581615448,0.02199999988079071,0.15230000019073486
YMR262W,YPL121C,0,-1.048144,0.014230271801352501,0.02199999988079071,0.15240000188350677
YGR161W-B,YMR041C,0,-1.0481553,0.014221073128283024,0.02199999988079071,0.1525000035762787
YLR227W-B,YBR212W,0,-1.048287,0.014211886562407017,0.02199999988079071,0.1526000052690506
YNL239W,YLR312C-B,0,-1.0484463,0.014202711172401905,0.02199999988079071,0.1527000069618225
YGR214W,YLR227W-A,0,-1.0487809,0.014193548820912838,0.02199999988079071,0.15279999375343323
YOR338W,YGL045W,0,-1.0489542,0.014184396713972092,0.02199999988079071,0.15289999544620514
YPL257W-B,YNL273W,0,-1.0489783,0.01417525764554739,0.02199999988079071,0.15299999713897705
YLR040C,YNL291C,0,-1.0490395,0.014166129752993584,0.02199999988079071,0.15309999883174896
YOR230W,YKL097W-A,0,-1.0491952,0.014157013967633247,0.02199999988079071,0.15320000052452087
YDR134C,YPR158C-C,0,-1.0493076,0.014147910289466381,0.02199999988079071,0.15330000221729279
YJL056C,YMR295C,0,-1.049347,0.01413881778717041,0.02199999988079071,0.1534000039100647
YOR346W,YDL124W,0,-1.0505068,0.014129736460745335,0.02199999988079071,0.1535000056028366
YFR033C,YJR160C,0,-1.0506052,0.014120667241513729,0.02199999988079071,0.15360000729560852
YPR158C-C,YDR023W,0,-1.0506245,0.014111610129475594,0.02199999988079071,0.15369999408721924
YNL059C,YLR154W-C,0,-1.0506597,0.014102564193308353,0.02199999988079071,0.15379999577999115
YGL061C,YMR268W-A,0,-1.050913,0.014093529433012009,0.02199999988079071,0.15389999747276306
YEL056W,YPR137C-B,0,-1.0509537,0.014084506779909134,0.02199999988079071,0.15399999916553497
YHR214C-C,YBR191W,0,-1.0510197,0.01407549623399973,0.02199999988079071,0.15410000085830688
YGR296W,YOL023W,0,-1.051029,0.014066495932638645,0.02199999988079071,0.1542000025510788
YML063W,YOR244W,0,-1.0517682,0.014057507738471031,0.02199999988079071,0.1543000042438507
YLR181C,YHR157W,0,-1.0518659,0.014048531651496887,0.02199999988079071,0.15440000593662262
YAR019C,YGL096W,0,-1.0520703,0.014039565809071064,0.02199999988079071,0.15449999272823334
YLR410W-A,YLL002W,0,-1.052139,0.01403061207383871,0.02199999988079071,0.15459999442100525
YBR146W,YDR196C,0,-1.0521461,0.014021669514477253,0.02199999988079071,0.15469999611377716
YPR002W,YBL013W,0,-1.0522088,0.014012739062309265,0.02199999988079071,0.15479999780654907
YER048W-A,YFR006W,0,-1.0522723,0.014003818854689598,0.02199999988079071,0.15489999949932098
YLR164W,YLR350W,0,-1.0523975,0.013994910754263401,0.02199999988079071,0.1550000011920929
YBR074W,YKL088W,0,-1.0527208,0.0139860138297081,0.02199999988079071,0.1551000028848648
YBR075W,YGL076C,0,-1.0527487,0.013977128081023693,0.02199999988079071,0.15520000457763672
YHR039C-B,YCL029C,0,-1.0531975,0.013968253508210182,0.02199999988079071,0.15530000627040863
YIL017W,YER100W,1,-1.0533092,0.014593908563256264,0.023000000044703484,0.15530000627040863
YPL123C,YFL018W-A,0,-1.0539864,0.01458465401083231,0.023000000044703484,0.15539999306201935
YGL030W,YPR137C-A,0,-1.0546082,0.014575411565601826,0.023000000044703484,0.15549999475479126
YOR148C,YJL012C-A,0,-1.0546491,0.014566181227564812,0.023000000044703484,0.15559999644756317
YGR161W-A,YLR249W,0,-1.0547398,0.014556962065398693,0.023000000044703484,0.15569999814033508
YGR017W,YGL178W,0,-1.0552971,0.014547755010426044,0.023000000044703484,0.155799999833107
YBR146W,YOL165C,0,-1.0553001,0.014538559131324291,0.023000000044703484,0.1559000015258789
YKL097W-A,YBR155W,0,-1.0554031,0.014529374428093433,0.023000000044703484,0.15600000321865082
YIL147C,YFL002W-A,0,-1.055452,0.014520201832056046,0.023000000044703484,0.15610000491142273
YOR090C,YLR286C,0,-1.0561131,0.014511041343212128,0.023000000044703484,0.15620000660419464
YGR161C-D,YMR133W,0,-1.056419,0.01450189109891653,0.023000000044703484,0.15629999339580536
YML045W,YDR130C,0,-1.0565583,0.014492753893136978,0.023000000044703484,0.15639999508857727
YNL162W,YHL026C,0,-1.056754,0.014483626931905746,0.023000000044703484,0.15649999678134918
YDL134C-A,YER029C,0,-1.05688,0.014474512077867985,0.023000000044703484,0.1565999984741211
YJL108C,YIL083C,0,-1.0568991,0.014465408399701118,0.023000000044703484,0.156700000166893
YOR142W-A,YLR248W,0,-1.0569128,0.014456316828727722,0.023000000044703484,0.15680000185966492
YIL047C,YHR029C,0,-1.0570145,0.014447236433625221,0.023000000044703484,0.15690000355243683
YKL200C,YPL180W,0,-1.0571136,0.014438167214393616,0.023000000044703484,0.15700000524520874
YLR042C,YOR386W,0,-1.0571294,0.014429109171032906,0.023000000044703484,0.15710000693798065
YBR187W,YPR158C-C,0,-1.0572422,0.01442006230354309,0.023000000044703484,0.15719999372959137
YMR032W,YHL026C,0,-1.057334,0.014411027543246746,0.023000000044703484,0.15729999542236328
YPR159W,YBR128C,0,-1.0575813,0.014402003958821297,0.023000000044703484,0.1573999971151352
YDR210C-D,YLR151C,0,-1.0577029,0.014392991550266743,0.023000000044703484,0.1574999988079071
YFL002W-A,YGR134W,0,-1.0581363,0.014383990317583084,0.023000000044703484,0.15760000050067902
YOR338W,YLR459W,0,-1.0582049,0.014375000260770321,0.023000000044703484,0.15770000219345093
YLR413W,YLR394W,0,-1.058311,0.014366021379828453,0.023000000044703484,0.15780000388622284
YKL200C,YER091C,0,-1.0584607,0.01435705367475748,0.023000000044703484,0.15790000557899475
YEL020W-A,YKL063C,0,-1.058614,0.014348097145557404,0.023000000044703484,0.15800000727176666
YAR044W,YDR297W,0,-1.0586625,0.014339151792228222,0.023000000044703484,0.15809999406337738
YML096W,YDL200C,0,-1.0590463,0.014330217614769936,0.023000000044703484,0.1581999957561493
YBR141C,YGR007W,0,-1.0591695,0.01432129554450512,0.023000000044703484,0.1582999974489212
YGR266W,YDR083W,0,-1.0592057,0.014312383718788624,0.023000000044703484,0.15839999914169312
YLR288C,YFL035C-B,0,-1.0593209,0.014303482137620449,0.023000000044703484,0.15850000083446503
YHR214C-C,YAL038W,0,-1.0596125,0.014294592663645744,0.023000000044703484,0.15860000252723694
YGL241W,YDR273W,0,-1.059741,0.014285714365541935,0.023000000044703484,0.15870000422000885
YGR099W,YER108C,0,-1.0601212,0.014276846311986446,0.023000000044703484,0.15880000591278076
YPL022W,YGR266W,0,-1.0604128,0.014267990365624428,0.023000000044703484,0.15889999270439148
YNL199C,YKL171W,0,-1.0605453,0.01425914466381073,0.023000000044703484,0.1589999943971634
YCR035C,YIL108W,0,-1.0606176,0.014250310137867928,0.023000000044703484,0.1590999960899353
YDR217C,YPL257W-B,0,-1.0609294,0.014241485856473446,0.023000000044703484,0.15919999778270721
YLR011W,YFR006W,0,-1.0609825,0.014232673682272434,0.023000000044703484,0.15929999947547913
YOR142W-A,YMR192W,0,-1.0609953,0.014223871752619743,0.023000000044703484,0.15940000116825104
YLR194C,YBL007C,0,-1.0610701,0.014215080067515373,0.023000000044703484,0.15950000286102295
YHR215W,YDR261W-B,0,-1.0611929,0.014206300489604473,0.023000000044703484,0.15960000455379486
YMR169C,YNL284C-B,0,-1.0612916,0.014197531156241894,0.023000000044703484,0.15970000624656677
YDR098C-A,YLL008W,0,-1.0612916,0.014188772067427635,0.023000000044703484,0.1597999930381775
YML018C,YDL018C,0,-1.061681,0.014180025085806847,0.023000000044703484,0.1598999947309494
YML042W,YPL049C,0,-1.0621613,0.014171287417411804,0.023000000044703484,0.1599999964237213
YOR240W,YFR024C,0,-1.062203,0.014162561856210232,0.023000000044703484,0.16009999811649323
YER082C,YLR413W,0,-1.0622456,0.01415384653955698,0.023000000044703484,0.16019999980926514
YMR086W,YLR304C,0,-1.0627,0.01414514146745205,0.023000000044703484,0.16030000150203705
YML011C,YDR134C,0,-1.0628086,0.014136447571218014,0.023000000044703484,0.16040000319480896
YIL019W,YFL021W,0,-1.0635158,0.014127763919532299,0.023000000044703484,0.16050000488758087
YCL027W,YOR175C,0,-1.0635387,0.01411909144371748,0.023000000044703484,0.16060000658035278
YOL103W-A,YJR123W,0,-1.0635962,0.014110429212450981,0.023000000044703484,0.1606999933719635
YDR361C,YIL113W,0,-1.0636737,0.014101778157055378,0.023000000044703484,0.1607999950647354
YJL179W,YOL057W,0,-1.0637636,0.014093137346208096,0.023000000044703484,0.16089999675750732
YGR165W,YPR196W,0,-1.0638891,0.014084506779909134,0.023000000044703484,0.16099999845027924
YML027W,YHR039C-B,0,-1.0641823,0.014075887389481068,0.023000000044703484,0.16110000014305115
YOL053C-A,YFR014C,0,-1.0643133,0.014067278243601322,0.023000000044703484,0.16120000183582306
YBL113C,YGR089W,0,-1.0644186,0.014058679342269897,0.023000000044703484,0.16130000352859497
YDR415C,YHR024C,0,-1.0646192,0.014050091616809368,0.023000000044703484,0.16140000522136688
YHL017W,YBR162C,0,-1.0646206,0.01404151413589716,0.023000000044703484,0.1615000069141388
YFR018C,YGR258C,0,-1.0647601,0.014032946899533272,0.023000000044703484,0.1615999937057495
YGL096W,YER060W-A,0,-1.064846,0.014024389907717705,0.023000000044703484,0.16169999539852142
YOL107W,YDL202W,0,-1.064877,0.014015844091773033,0.023000000044703484,0.16179999709129333
YEL020W-A,YKR104W,0,-1.065344,0.014007308520376682,0.023000000044703484,0.16189999878406525
YDR416W,YLR460C,0,-1.0653616,0.013998782262206078,0.023000000044703484,0.16200000047683716
YER087C-A,YIL048W,0,-1.0654225,0.013990267179906368,0.023000000044703484,0.16210000216960907
YAL068C,YGR252W,0,-1.0654656,0.013981763273477554,0.023000000044703484,0.16220000386238098
YKL200C,YNL271C,0,-1.0655096,0.013973268680274487,0.023000000044703484,0.1623000055551529
YNL206C,YKL006W,0,-1.0657936,0.01396478433161974,0.023000000044703484,0.1624000072479248
YIL069C,YOL103W-A,0,-1.0659008,0.013956310227513313,0.023000000044703484,0.16249999403953552
YML004C,YGR205W,0,-1.0660604,0.013947847299277782,0.023000000044703484,0.16259999573230743
YNL181W,YFL047W,0,-1.0661205,0.013939393684267998,0.023000000044703484,0.16269999742507935
YER087C-A,YOR195W,0,-1.0662961,0.013930951245129108,0.023000000044703484,0.16279999911785126
YFL002W-B,YGL196W,0,-1.0663947,0.013922518119215965,0.023000000044703484,0.16290000081062317
YER007C-A,YPR137C-A,0,-1.0664276,0.013914095237851143,0.023000000044703484,0.16300000250339508
YHR197W,YDR092W,0,-1.0666871,0.013905683532357216,0.023000000044703484,0.163100004196167
YKR044W,YBL005W-B,0,-1.0667527,0.013897281140089035,0.023000000044703484,0.1632000058889389
YPR184W,YDR227W,0,-1.0669107,0.013888888992369175,0.023000000044703484,0.16329999268054962
YLR194C,YOR215C,0,-1.0669856,0.013880507089197636,0.023000000044703484,0.16339999437332153
YLL012W,YGR029W,0,-1.0675377,0.013872135430574417,0.023000000044703484,0.16349999606609344
YOL053C-A,YOR009W,0,-1.0676104,0.013863773085176945,0.023000000044703484,0.16359999775886536
YFL002W-B,YLR414C,0,-1.0683043,0.013855421915650368,0.023000000044703484,0.16369999945163727
YFL010W-A,YOR227W,0,-1.0683279,0.013847080059349537,0.023000000044703484,0.16380000114440918
YKL087C,YER184C,0,-1.0683556,0.013838748447597027,0.023000000044703484,0.1639000028371811
YPL258C,YBR034C,0,-1.068431,0.013830427080392838,0.023000000044703484,0.164000004529953
YJR109C,YMR114C,0,-1.0685363,0.013822115026414394,0.023000000044703484,0.16410000622272491
YDR146C,YLR337W,0,-1.068547,0.013813814148306847,0.023000000044703484,0.16419999301433563
YDR316W-A,YDL204W,0,-1.0686334,0.013805522583425045,0.023000000044703484,0.16429999470710754
YNL046W,YFL004W,0,-1.0686483,0.01379724033176899,0.023000000044703484,0.16439999639987946
YLR433C,YDR261W-B,0,-1.0687323,0.01378896925598383,0.023000000044703484,0.16449999809265137
YHR210C,YBL074C,0,-1.0692625,0.013780706562101841,0.023000000044703484,0.16459999978542328
YDR064W,YNL217W,0,-1.0692883,0.013772455044090748,0.023000000044703484,0.1647000014781952
YPR111W,YCL068C,0,-1.0694041,0.0137642128393054,0.023000000044703484,0.1648000031709671
YIR012W,YLR160C,0,-1.0694546,0.013755980879068375,0.023000000044703484,0.164900004863739
YGL183C,YGR037C,0,-1.0696263,0.013747758232057095,0.023000000044703484,0.16500000655651093
YBR111W-A,YML005W,0,-1.0697037,0.013739545829594135,0.023000000044703484,0.16509999334812164
YNL180C,YLR154W-C,0,-1.069939,0.013731343671679497,0.023000000044703484,0.16519999504089355
YOR343W-B,YIR006C,0,-1.070115,0.01372314989566803,0.023000000044703484,0.16529999673366547
YOR084W,YDR196C,0,-1.0701938,0.013714967295527458,0.023000000044703484,0.16539999842643738
YNL251C,YNL181W,0,-1.0703862,0.013706794008612633,0.023000000044703484,0.1655000001192093
YHR122W,YDR453C,0,-1.0706668,0.013698630034923553,0.023000000044703484,0.1656000018119812
YPL177C,YHL044W,0,-1.0708259,0.013690476305782795,0.023000000044703484,0.1657000035047531
YML056C,YOL098C,0,-1.0710613,0.013682331889867783,0.023000000044703484,0.16580000519752502
YPR047W,YCR087C-A,0,-1.0710988,0.013674197718501091,0.023000000044703484,0.16590000689029694
YIL090W,YJR120W,0,-1.0711259,0.013666072860360146,0.023000000044703484,0.16599999368190765
YNL138W-A,YOL053C-A,0,-1.0713189,0.013657957315444946,0.023000000044703484,0.16609999537467957
YMR101C,YGR054W,0,-1.0716457,0.013649852015078068,0.023000000044703484,0.16619999706745148
YPL056C,YLR246W,0,-1.0717393,0.013641756027936935,0.023000000044703484,0.1662999987602234
YIR005W,YBR105C,0,-1.0717846,0.01363366935402155,0.023000000044703484,0.1664000004529953
YMR287C,YMR143W,0,-1.071793,0.01362559199333191,0.023000000044703484,0.1665000021457672
YLR073C,YOL123W,0,-1.0724232,0.01361752487719059,0.023000000044703484,0.16660000383853912
YHR214W,YPR128C,0,-1.0727675,0.013609467074275017,0.023000000044703484,0.16670000553131104
YLR337W,YBR003W,0,-1.0728405,0.013601419515907764,0.023000000044703484,0.16680000722408295
YML063W,YBR299W,0,-1.0729712,0.013593380339443684,0.023000000044703484,0.16689999401569366
YKL138C-A,YGR208W,0,-1.0731316,0.013585351407527924,0.023000000044703484,0.16699999570846558
YAR010C,YKL007W,0,-1.0733367,0.01357733178883791,0.023000000044703484,0.1670999974012375
YOR195W,YLL067C,0,-1.0737013,0.013569321483373642,0.023000000044703484,0.1671999990940094
YDR387C,YDR261C-D,0,-1.0739012,0.01356132049113512,0.023000000044703484,0.1673000007867813
YLL031C,YBL028C,0,-1.0746903,0.01355332974344492,0.023000000044703484,0.16740000247955322
YBL113C,YOR168W,0,-1.0747824,0.01354534737765789,0.023000000044703484,0.16750000417232513
YER140W,YGL116W,0,-1.0748463,0.013537375256419182,0.023000000044703484,0.16760000586509705
YDL075W,YJR052W,0,-1.0749142,0.013529411517083645,0.023000000044703484,0.16769999265670776
YHR174W,YNL151C,0,-1.0750216,0.013521458022296429,0.023000000044703484,0.16779999434947968
YGL089C,YOL019W,0,-1.0756732,0.013513513840734959,0.023000000044703484,0.1678999960422516
YDL061C,YPL175W,0,-1.0757089,0.01350557804107666,0.023000000044703484,0.1679999977350235
YOL157C,YJR073C,0,-1.0757592,0.013497652485966682,0.023000000044703484,0.1680999994277954
YDR444W,YKL078W,0,-1.0760702,0.01348973624408245,0.023000000044703484,0.16820000112056732
YNL115C,YNL110C,0,-1.0761855,0.01348182838410139,0.023000000044703484,0.16830000281333923
YDL024C,YMR034C,0,-1.076225,0.013473930768668652,0.023000000044703484,0.16840000450611115
YFL010W-A,YCR038C,0,-1.0765691,0.013466042466461658,0.023000000044703484,0.16850000619888306
YBR142W,YPL171C,0,-1.0765803,0.013458162546157837,0.023000000044703484,0.16859999299049377
YDR306C,YER012W,1,-1.0768257,0.014035088010132313,0.024000000208616257,0.16859999299049377
YBL005W-B,YHR116W,0,-1.0768982,0.0140268849208951,0.024000000208616257,0.16869999468326569
YNR010W,YOR341W,0,-1.0771135,0.014018691144883633,0.024000000208616257,0.1687999963760376
YGR180C,YDL069C,0,-1.0771977,0.014010507613420486,0.024000000208616257,0.1688999980688095
YIL136W,YMR232W,0,-1.0777212,0.014002333395183086,0.024000000208616257,0.16899999976158142
YFR024C,YDL160C,0,-1.0779508,0.013994169421494007,0.024000000208616257,0.16910000145435333
YLR264W,YGR188C,0,-1.078153,0.0139860138297081,0.024000000208616257,0.16920000314712524
YCR009C,YOR228C,0,-1.078176,0.013977868482470512,0.024000000208616257,0.16930000483989716
YMR015C,YMR165C,0,-1.0782696,0.013969732448458672,0.024000000208616257,0.16940000653266907
YEL024W,YLR286C,0,-1.0783765,0.013961605727672577,0.024000000208616257,0.16949999332427979
YOR142W-B,YPL224C,0,-1.0784445,0.013953488320112228,0.024000000208616257,0.1695999950170517
YNL138W-A,YNL036W,0,-1.0784755,0.013945380225777626,0.024000000208616257,0.1696999967098236
YNL050C,YEL038W,0,-1.0787035,0.013937282375991344,0.024000000208616257,0.16979999840259552
YOL029C,YDR224C,0,-1.078975,0.013929192908108234,0.024000000208616257,0.16990000009536743
YKL001C,YLL017W,0,-1.0789917,0.013921113684773445,0.024000000208616257,0.17000000178813934
YDR418W,YBR195C,0,-1.0796916,0.013913043774664402,0.024000000208616257,0.17010000348091125
YDR387C,YMR074C,0,-1.0797046,0.01390498224645853,0.024000000208616257,0.17020000517368317
YDR393W,YDL119C,0,-1.0797637,0.01389693096280098,0.024000000208616257,0.17030000686645508
YKL004W,YDR415C,0,-1.0801649,0.013888888992369175,0.024000000208616257,0.1703999936580658
YKL171W,YAL043C,0,-1.0802491,0.013880856335163116,0.024000000208616257,0.1704999953508377
YLR337W,YKL007W,0,-1.0802585,0.01387283205986023,0.024000000208616257,0.17059999704360962
YOR240W,YLR079W,0,-1.0803543,0.013864818029105663,0.024000000208616257,0.17069999873638153
YMR274C,YBL028C,0,-1.0808872,0.013856813311576843,0.024000000208616257,0.17080000042915344
YFL005W,YPR003C,0,-1.0809113,0.013848816975951195,0.024000000208616257,0.17090000212192535
YFR015C,YHL050C,0,-1.0811437,0.013840830884873867,0.024000000208616257,0.17100000381469727
YHR210C,YPR137C-B,0,-1.0811442,0.01383285317569971,0.024000000208616257,0.17110000550746918
YCL051W,YIL108W,0,-1.0811559,0.0138248847797513,0.024000000208616257,0.1712000072002411
YDR146C,YJR027W,0,-1.0813063,0.013816925697028637,0.024000000208616257,0.1712999939918518
YPL168W,YLR438C-A,0,-1.0814117,0.01380897592753172,0.024000000208616257,0.17139999568462372
YOR043W,YDR261C-D,0,-1.0816051,0.013801035471260548,0.024000000208616257,0.17149999737739563
YJR149W,YMR313C,0,-1.0816063,0.013793103396892548,0.024000000208616257,0.17159999907016754
YDR418W,YMR268W-A,0,-1.0816561,0.013785180635750294,0.024000000208616257,0.17170000076293945
YJL079C,YDR018C,0,-1.0816778,0.013777267187833786,0.024000000208616257,0.17180000245571136
YDR306C,YLR224W,1,-1.0818331,0.014343086630105972,0.02500000037252903,0.17180000245571136
YBR090C-A,YHR079C-B,0,-1.0821959,0.014334862120449543,0.02500000037252903,0.17190000414848328
YFR015C,YLR154W-C,0,-1.0822654,0.014326647855341434,0.02500000037252903,0.1720000058412552
YCR086W,YAL017W,0,-1.0822883,0.014318441972136497,0.02500000037252903,0.1720999926328659
YLR353W,YLL067C,0,-1.0824218,0.014310246333479881,0.02500000037252903,0.17219999432563782
YDR138W,YJR160C,0,-1.0824974,0.014302059076726437,0.02500000037252903,0.17229999601840973
YER130C,YBR118W,0,-1.0828098,0.014293882064521313,0.02500000037252903,0.17239999771118164
YLL011W,YDR281C,0,-1.0828476,0.014285714365541935,0.02500000037252903,0.17249999940395355
YDL024C,YBL005W-B,0,-1.0833122,0.014277555979788303,0.02500000037252903,0.17260000109672546
YMR215W,YFL010W-A,0,-1.0833477,0.014269405975937843,0.02500000037252903,0.17270000278949738
YNL248C,YDL109C,0,-1.0835993,0.014261266216635704,0.02500000037252903,0.1728000044822693
YJR097W,YPL019C,0,-1.0838957,0.014253135770559311,0.02500000037252903,0.1729000061750412
YCR005C,YOL067C,0,-1.083932,0.014245014637708664,0.02500000037252903,0.17299999296665192
YBR020W,YDR074W,0,-1.0842618,0.014236901886761189,0.02500000037252903,0.17309999465942383
YHR185C,YER137C,0,-1.0843621,0.014228799380362034,0.02500000037252903,0.17319999635219574
YHR029C,YPL122C,0,-1.0843885,0.01422070525586605,0.02500000037252903,0.17329999804496765
YDR299W,YAR009C,0,-1.0844218,0.014212620444595814,0.02500000037252903,0.17339999973773956
YPL168W,YML016C,0,-1.0844868,0.014204545877873898,0.02500000037252903,0.17350000143051147
YPL252C,YIL087C,0,-1.0845634,0.014196479693055153,0.02500000037252903,0.1736000031232834
YMR220W,YIL111W,0,-1.0850497,0.01418842189013958,0.02500000037252903,0.1737000048160553
YOR304C-A,YER053C,0,-1.0851349,0.014180374331772327,0.02500000037252903,0.1738000065088272
YFR053C,YGR097W,0,-1.085338,0.014172335155308247,0.02500000037252903,0.17389999330043793
YOL053C-A,YLL018C,0,-1.0855688,0.014164306223392487,0.02500000037252903,0.17399999499320984
YOR181W,YGL046W,0,-1.0858516,0.014156285673379898,0.02500000037252903,0.17409999668598175
YHR074W,YJL021C,0,-1.086027,0.014148273505270481,0.02500000037252903,0.17419999837875366
YBR036C,YCR097WB,0,-1.0863327,0.014140271581709385,0.02500000037252903,0.17430000007152557
YER138C,YOR019W,0,-1.0864514,0.01413227804005146,0.02500000037252903,0.17440000176429749
YGR234W,YIL136W,0,-1.0864753,0.014124293811619282,0.02500000037252903,0.1745000034570694
YDR090C,YDR047W,0,-1.0865204,0.01411631889641285,0.02500000037252903,0.1746000051498413
YPL180W,YCR016W,0,-1.0867082,0.014108352363109589,0.02500000037252903,0.17470000684261322
YKL130C,YDR056C,0,-1.0868547,0.014100395143032074,0.02500000037252903,0.17479999363422394
YFL045C,YMR094W,0,-1.0868808,0.01409244630485773,0.02500000037252903,0.17489999532699585
YDR032C,YMR034C,0,-1.0870368,0.014084506779909134,0.02500000037252903,0.17499999701976776
YKL026C,YDR098C-B,0,-1.0872021,0.014076576568186283,0.02500000037252903,0.17509999871253967
YHR169W,YLR001C,0,-1.0878186,0.014068654738366604,0.02500000037252903,0.17520000040531158
YKL024C,YDR479C,0,-1.088426,0.01406074222177267,0.02500000037252903,0.1753000020980835
YDR173C,YNL080C,0,-1.0885093,0.014052839018404484,0.02500000037252903,0.1754000037908554
YBR296C,YDL051W,0,-1.0885311,0.014044944196939468,0.02500000037252903,0.17550000548362732
YGL005C,YJR010W,0,-1.0886456,0.014037057757377625,0.02500000037252903,0.17560000717639923
YGR099W,YNL284C-B,0,-1.0889142,0.014029180631041527,0.02500000037252903,0.17569999396800995
YDL171C,YBL005W-B,0,-1.0891626,0.014021312817931175,0.02500000037252903,0.17579999566078186
YLR312C-B,YOR172W,0,-1.0893012,0.01401345245540142,0.02500000037252903,0.17589999735355377
YDR261W-A,YIL093C,0,-1.0899676,0.014005602337419987,0.02500000037252903,0.17599999904632568
YIL095W,YIL155C,0,-1.0901082,0.013997760601341724,0.02500000037252903,0.1761000007390976
YKL164C,YNR059W,0,-1.0904588,0.013989927247166634,0.02500000037252903,0.1762000024318695
YNL096C,YBR241C,0,-1.0904788,0.013982103206217289,0.02500000037252903,0.17630000412464142
YLR430W,YPR174C,0,-1.0907633,0.013974287547171116,0.02500000037252903,0.17640000581741333
YNL286W,YDR018C,0,-1.0907949,0.013966480270028114,0.02500000037252903,0.17649999260902405
YER137C,YDL205C,0,-1.0907952,0.013958682306110859,0.02500000037252903,0.17659999430179596
YGL123W,YGL222C,0,-1.0915109,0.013950892724096775,0.02500000037252903,0.17669999599456787
YDL022W,YOR098C,0,-1.0916696,0.013943112455308437,0.02500000037252903,0.17679999768733978
YDL136W,YLR212C,0,-1.0919119,0.013935339637100697,0.02500000037252903,0.1768999993801117
YPL123C,YHR035W,0,-1.0928934,0.013927577063441277,0.02500000037252903,0.1770000010728836
YEL039C,YDR456W,0,-1.0929072,0.013919821940362453,0.02500000037252903,0.17710000276565552
YGR009C,YBL100W-B,0,-1.0930104,0.013912076130509377,0.02500000037252903,0.17720000445842743
YOR240W,YNR057C,0,-1.0933433,0.013904337771236897,0.02500000037252903,0.17730000615119934
YGL014W,YIL072W,0,-1.0934088,0.013896609656512737,0.02500000037252903,0.17739999294281006
YML096W,YBR168W,0,-1.0935049,0.013888888992369175,0.02500000037252903,0.17749999463558197
YNL322C,YJR029W,0,-1.0939115,0.013881176710128784,0.02500000037252903,0.17759999632835388
YJL025W,YEL048C,0,-1.0948545,0.01387347374111414,0.02500000037252903,0.1776999980211258
YBR042C,YGL046W,0,-1.0949196,0.013865779154002666,0.02500000037252903,0.1777999997138977
YJL044C,YDL180W,0,-1.0956134,0.013858092948794365,0.02500000037252903,0.17790000140666962
YNL044W,YLR337W,0,-1.0959206,0.013850415125489235,0.02500000037252903,0.17800000309944153
YDL223C,YAL043C,0,-1.0963178,0.013842746615409851,0.02500000037252903,0.17810000479221344
YKR094C,YJL213W,0,-1.0963209,0.013835085555911064,0.02500000037252903,0.17820000648498535
YJR009C,YKL132C,0,-1.0966837,0.013827433809638023,0.02500000037252903,0.17829999327659607
YBL093C,YML133C,0,-1.0968869,0.01381978951394558,0.02500000037252903,0.17839999496936798
YKL007W,YLR154W-C,0,-1.0971028,0.013812154531478882,0.02500000037252903,0.1784999966621399
YHL036W,YGR245C,0,-1.0971065,0.013804527930915356,0.02500000037252903,0.1785999983549118
YOL028C,YMR175W,0,-1.0972748,0.013796909712255001,0.02500000037252903,0.17870000004768372
YBR084W,YCR058C,0,-1.0974625,0.013789299875497818,0.02500000037252903,0.17880000174045563
YJL216C,YLR209C,0,-1.0976082,0.013781697489321232,0.02500000037252903,0.17890000343322754
YLR028C,YLR042C,0,-1.0981721,0.013774104416370392,0.02500000037252903,0.17900000512599945
YPR010C,YKL140W,0,-1.0984085,0.013766519725322723,0.02500000037252903,0.17910000681877136
YDR248C,YKL085W,0,-1.0986524,0.013758943416178226,0.02500000037252903,0.17919999361038208
YOL028C,YDR476C,0,-1.0987673,0.013751375488936901,0.02500000037252903,0.179299995303154
YOR262W,YBR054W,0,-1.0990232,0.013743815012276173,0.02500000037252903,0.1793999969959259
YCL003W,YGL222C,0,-1.0993745,0.01373626384884119,0.02500000037252903,0.17949999868869781
YGL006W,YOL098C,0,-1.0996248,0.013728720135986805,0.02500000037252903,0.17960000038146973
YOL043C,YDR065W,0,-1.0998852,0.013721185736358166,0.02500000037252903,0.17970000207424164
YDR527W,YGL104C,0,-1.099963,0.013713658787310123,0.02500000037252903,0.17980000376701355
YPR128C,YFL018W-A,0,-1.0999929,0.013706140220165253,0.02500000037252903,0.17990000545978546
YER007W,YFR016C,0,-1.1001754,0.013698630034923553,0.02500000037252903,0.18000000715255737
YGL039W,YJL190C,0,-1.1002158,0.013691128231585026,0.02500000037252903,0.1800999939441681
YLR019W,YDR170W-A,0,-1.1003296,0.01368363481014967,0.02500000037252903,0.18019999563694
YML052W,YGL209W,0,-1.1003319,0.01367614883929491,0.02500000037252903,0.18029999732971191
YFL035C-B,YDR160W,0,-1.1004033,0.013668671250343323,0.02500000037252903,0.18039999902248383
YFL041W,YAR009C,0,-1.1004177,0.013661202043294907,0.02500000037252903,0.18050000071525574
YMR059W,YFL037W,0,-1.1004757,0.013653741218149662,0.02500000037252903,0.18060000240802765
YHR185C,YLL011W,0,-1.1005877,0.013646287843585014,0.02500000037252903,0.18070000410079956
YGR266W,YFR033C,0,-1.1007006,0.013638843782246113,0.02500000037252903,0.18080000579357147
YDR386W,YLR142W,0,-1.1007298,0.013631407171487808,0.02500000037252903,0.1808999925851822
YLR357W,YDR476C,0,-1.1009443,0.0136239780113101,0.02500000037252903,0.1809999942779541
YFR045W,YDR103W,0,-1.101227,0.013616558164358139,0.02500000037252903,0.181099995970726
YOR391C,YIL156W,0,-1.1013566,0.013609145767986774,0.02500000037252903,0.18119999766349792
YKR078W,YCL024W,0,-1.1018089,0.013601740822196007,0.02500000037252903,0.18129999935626984
YLR330W,YJR027W,0,-1.101849,0.013594345189630985,0.02500000037252903,0.18140000104904175
YLR194C,YMR312W,0,-1.1020167,0.013586956076323986,0.02500000037252903,0.18150000274181366
YLR306W,YDL051W,0,-1.1022336,0.013579576276242733,0.02500000037252903,0.18160000443458557
YOR291W,YGR185C,0,-1.1023167,0.013572203926742077,0.02500000037252903,0.18170000612735748
YEL048C,YDR240C,0,-1.102449,0.013564839959144592,0.02500000037252903,0.1817999929189682
YKL200C,YHR139C,0,-1.1030154,0.013557483442127705,0.02500000037252903,0.1818999946117401
YGL148W,YKL048C,0,-1.1030244,0.013550135307013988,0.02500000037252903,0.18199999630451202
YOR019W,YGL137W,0,-1.1033571,0.013542795553803444,0.02500000037252903,0.18209999799728394
YAL024C,YLR278C,0,-1.1034527,0.013535463251173496,0.02500000037252903,0.18219999969005585
YLR040C,YJR010W,0,-1.1038135,0.013528138399124146,0.02500000037252903,0.18230000138282776
YHR004C,YOR389W,0,-1.1042542,0.013520821928977966,0.02500000037252903,0.18240000307559967
YDR219C,YLR224W,1,-1.1043531,0.014054054394364357,0.026000000536441803,0.18240000307559967
YOR240W,YLR187W,0,-1.1044228,0.014046461321413517,0.026000000536441803,0.18250000476837158
YGR283C,YDR308C,0,-1.1045676,0.014038876630365849,0.026000000536441803,0.1826000064611435
YPL138C,YIR038C,0,-1.104834,0.014031300321221352,0.026000000536441803,0.1826999932527542
YDR065W,YFL005W,0,-1.104866,0.014023732393980026,0.026000000536441803,0.18279999494552612
YFR038W,YMR295C,0,-1.1050931,0.014016172848641872,0.026000000536441803,0.18289999663829803
YDL211C,YJR084W,0,-1.1056932,0.014008620753884315,0.026000000536441803,0.18299999833106995
YBR299W,YGR214W,0,-1.1057981,0.01400107704102993,0.026000000536441803,0.18310000002384186
YDR019C,YDL145C,0,-1.1058315,0.013993541710078716,0.026000000536441803,0.18320000171661377
YML095C,YOR131C,0,-1.1058383,0.0139860138297081,0.026000000536441803,0.18330000340938568
YNL010W,YBR168W,0,-1.1059813,0.013978494331240654,0.026000000536441803,0.1834000051021576
YIL123W,YNR072W,0,-1.1061192,0.01397098321467638,0.026000000536441803,0.1835000067949295
YLR154W-C,YLR309C,0,-1.1064372,0.013963480480015278,0.026000000536441803,0.18359999358654022
YJL172W,YGR214W,0,-1.1070012,0.013955985195934772,0.026000000536441803,0.18369999527931213
YOL132W,YLR312W-A,0,-1.1070353,0.013948498293757439,0.026000000536441803,0.18379999697208405
YFR041C,YAR044W,0,-1.1074078,0.013941018842160702,0.026000000536441803,0.18389999866485596
YER013W,YJL102W,0,-1.107595,0.013933547772467136,0.026000000536441803,0.18400000035762787
YGR101W,YOL120C,0,-1.1078247,0.013926085084676743,0.026000000536441803,0.18410000205039978
YOR228C,YMR072W,0,-1.1080785,0.013918629847466946,0.026000000536441803,0.1842000037431717
YBR150C,YOR004W,0,-1.1087843,0.013911182060837746,0.026000000536441803,0.1843000054359436
YLR312W-A,YHR138C,0,-1.1088248,0.013903743587434292,0.026000000536441803,0.18440000712871552
YBL064C,YOL059W,0,-1.1088759,0.013896312564611435,0.026000000536441803,0.18449999392032623
YNL024C,YOL052C,0,-1.1089163,0.013888888992369175,0.026000000536441803,0.18459999561309814
YDL206W,YNR071C,0,-1.1090598,0.013881473802030087,0.026000000536441803,0.18469999730587006
YDR377W,YMR034C,0,-1.1095414,0.013874066062271595,0.026000000536441803,0.18479999899864197
YPR003C,YKL043W,0,-1.1095765,0.013866666704416275,0.026000000536441803,0.18490000069141388
YJR046W,YIL096C,0,-1.1097016,0.013859274797141552,0.026000000536441803,0.1850000023841858
YER140W,YOL070C,0,-1.1098005,0.01385189127177,0.026000000536441803,0.1851000040769577
YMR086W,YIL047C,0,-1.1099522,0.013844515196979046,0.026000000536441803,0.18520000576972961
YLR126C,YAL031C,0,-1.110182,0.013837147504091263,0.026000000536441803,0.18529999256134033
YMR166C,YLL002W,0,-1.1102204,0.013829787261784077,0.026000000536441803,0.18539999425411224
YFL037W,YFL011W-A,0,-1.1102219,0.013822434470057487,0.026000000536441803,0.18549999594688416
YCL055W,YIL170W,0,-1.1105628,0.01381509006023407,0.026000000536441803,0.18559999763965607
YOR259C,YLR224W,1,-1.1107864,0.014338821172714233,0.027000000700354576,0.18559999763965607
YMR091C,YHR140W,0,-1.1118184,0.014331210404634476,0.027000000700354576,0.18569999933242798
YKR105C,YJL149W,0,-1.1124452,0.014323607087135315,0.027000000700354576,0.1858000010251999
YCL075W,YML056C,0,-1.1125579,0.0143160130828619,0.027000000700354576,0.1859000027179718
YDR497C,YJL144W,0,-1.1126604,0.014308426529169083,0.027000000700354576,0.1860000044107437
YDR065W,YIL177C,0,-1.1127366,0.014300847426056862,0.027000000700354576,0.18610000610351562
YKL064W,YCR097WB,0,-1.1130688,0.014293276704847813,0.027000000700354576,0.18619999289512634
YML081W,YER117W,0,-1.1131644,0.014285714365541935,0.027000000700354576,0.18629999458789825
YGL089C,YGR052W,0,-1.1133561,0.014278159476816654,0.027000000700354576,0.18639999628067017
YMR050C,YML076C,0,-1.1135491,0.014270612969994545,0.027000000700354576,0.18649999797344208
YJL206C,YKL181W,0,-1.1137451,0.014263074845075607,0.027000000700354576,0.186599999666214
YJL065C,YML018C,0,-1.1140715,0.014255544170737267,0.027000000700354576,0.1867000013589859
YER089C,YNL160W,0,-1.114247,0.014248020946979523,0.027000000700354576,0.1868000030517578
YIR037W,YLR460C,0,-1.1143733,0.01424050610512495,0.027000000700354576,0.18690000474452972
YDL246C,YNR019W,0,-1.115135,0.01423299964517355,0.027000000700354576,0.18700000643730164
YAR031W,YOR240W,0,-1.1151961,0.014225500635802746,0.027000000700354576,0.18709999322891235
YGL059W,YGR035C,0,-1.1152067,0.014218009077012539,0.027000000700354576,0.18719999492168427
YFR053C,YMR166C,0,-1.1152742,0.014210525900125504,0.027000000700354576,0.18729999661445618
YNR060W,YLR460C,0,-1.1156752,0.01420305110514164,0.027000000700354576,0.1873999983072281
YJR098C,YER165W,0,-1.1158044,0.014195583760738373,0.027000000700354576,0.1875
YKR009C,YCR029C-A,0,-1.1158094,0.014188123866915703,0.027000000700354576,0.1876000016927719
YLL014W,YMR166C,0,-1.1168383,0.014180672354996204,0.027000000700354576,0.18770000338554382
YLR224W,YLR097C,1,-1.1173185,0.01469816267490387,0.02800000086426735,0.18770000338554382
YKR088C,YHR140W,0,-1.1174062,0.014690451323986053,0.02800000086426735,0.18780000507831573
YBR028C,YPR169W,0,-1.1177182,0.014682747423648834,0.02800000086426735,0.18790000677108765
YJR109C,YPL171C,0,-1.1180283,0.014675052836537361,0.02800000086426735,0.18799999356269836
YNL239W,YJL136C,0,-1.1181136,0.01466736476868391,0.02800000086426735,0.18809999525547028
YHR210C,YOR222W,0,-1.1182301,0.014659686014056206,0.02800000086426735,0.1881999969482422
YMR176W,YOR032C,0,-1.1185273,0.014652014710009098,0.02800000086426735,0.1882999986410141
YOR389W,YBR183W,0,-1.1187423,0.014644351787865162,0.02800000086426735,0.188400000333786
YBR101C,YOL092W,0,-1.1187664,0.014636696316301823,0.02800000086426735,0.18850000202655792
YLR265C,YDR056C,0,-1.1190342,0.014629049226641655,0.02800000086426735,0.18860000371932983
YNL084C,YAL068C,0,-1.1192719,0.014621409587562084,0.02800000086426735,0.18870000541210175
YLR011W,YPR063C,0,-1.1192752,0.014613778330385685,0.02800000086426735,0.18880000710487366
YOR099W,YPR184W,0,-1.1193624,0.014606155455112457,0.02800000086426735,0.18889999389648438
YDR306C,YDL097C,1,-1.1200186,0.015119916759431362,0.028999999165534973,0.18889999389648438
YDR222W,YOR217W,0,-1.120303,0.015112037770450115,0.028999999165534973,0.1889999955892563
YOR391C,YOL101C,0,-1.1207839,0.015104166232049465,0.028999999165534973,0.1890999972820282
YNL208W,YOR067C,0,-1.1208826,0.015096304006874561,0.028999999165534973,0.1891999989748001
YOR266W,YGL185C,0,-1.1211138,0.015088449232280254,0.028999999165534973,0.18930000066757202
YDR503C,YER108C,0,-1.1212019,0.015080602839589119,0.028999999165534973,0.18940000236034393
YLR356W,YNL297C,0,-1.121319,0.015072764828801155,0.028999999165534973,0.18950000405311584
YDR438W,YDL136W,0,-1.121801,0.015064935199916363,0.028999999165534973,0.18960000574588776
YCL026C-B,YJR059W,0,-1.1226516,0.015057113021612167,0.028999999165534973,0.18970000743865967
YLR301W,YER060W,0,-1.1229684,0.015049299225211143,0.028999999165534973,0.18979999423027039
YLR189C,YGL256W,0,-1.1240501,0.015041493810713291,0.028999999165534973,0.1898999959230423
YER138C,YGL105W,0,-1.1248013,0.015033695846796036,0.028999999165534973,0.1899999976158142
YHR039C-A,YOL057W,0,-1.1250354,0.015025907196104527,0.028999999165534973,0.19009999930858612
YDR262W,YBR037C,0,-1.1255475,0.01501812506467104,0.028999999165534973,0.19020000100135803
YPR204W,YBL056W,0,-1.1257428,0.015010352246463299,0.028999999165534973,0.19030000269412994
YOR070C,YDR415C,0,-1.1259048,0.015002586878836155,0.028999999165534973,0.19040000438690186
YPL276W,YPL042C,0,-1.1260216,0.014994828961789608,0.028999999165534973,0.19050000607967377
YGR017W,YNR010W,0,-1.1263548,0.014987080357968807,0.028999999165534973,0.19059999287128448
YIL046W,YGL240W,1,-1.1270078,0.01549586746841669,0.029999999329447746,0.19059999287128448
YOR120W,YGL061C,0,-1.1276499,0.015487867407500744,0.029999999329447746,0.1906999945640564
YGR251W,YGR143W,0,-1.1277038,0.015479875728487968,0.029999999329447746,0.1907999962568283
YHR057C,YLL067C,0,-1.1281421,0.015471892431378365,0.029999999329447746,0.19089999794960022
YPL168W,YMR180C,0,-1.1282564,0.015463917516171932,0.029999999329447746,0.19099999964237213
YAR009C,YPL061W,0,-1.1282836,0.015455950982868671,0.029999999329447746,0.19110000133514404
YEL056W,YNL065W,0,-1.1286582,0.015447991900146008,0.029999999329447746,0.19120000302791595
YPL179W,YGL231C,0,-1.1288105,0.015440041199326515,0.029999999329447746,0.19130000472068787
YJR010W,YNL218W,0,-1.1292784,0.015432098880410194,0.029999999329447746,0.19140000641345978
YGR251W,YPR189W,0,-1.129896,0.015424164943397045,0.029999999329447746,0.1914999932050705
YPR102C,YOL147C,0,-1.1299689,0.015416238456964493,0.029999999329447746,0.1915999948978424
YLR209C,YMR295C,0,-1.1299733,0.015408320352435112,0.029999999329447746,0.19169999659061432
YOR084W,YHL015W,0,-1.1300367,0.015400410629808903,0.029999999329447746,0.19179999828338623
YHR067W,YMR099C,0,-1.1302626,0.015392509289085865,0.029999999329447746,0.19189999997615814
YPR174C,YMR318C,0,-1.1306633,0.015384615398943424,0.029999999329447746,0.19200000166893005
YDL225W,YAR009C,0,-1.130704,0.015376729890704155,0.029999999329447746,0.19210000336170197
YHL006C,YGR055W,0,-1.1307311,0.015368852764368057,0.029999999329447746,0.19220000505447388
YCR047C,YAR035W,0,-1.1310688,0.015360983088612556,0.029999999329447746,0.1923000067472458
YOR075W,YOR251C,0,-1.1311353,0.015353121794760227,0.029999999329447746,0.1923999935388565
YML100W,YGR254W,0,-1.1313492,0.01534526888281107,0.029999999329447746,0.19249999523162842
YHL017W,YLR130C,0,-1.131512,0.015337423421442509,0.029999999329447746,0.19259999692440033
YER104W,YMR166C,0,-1.131714,0.01532958634197712,0.029999999329447746,0.19269999861717224
YER190W,YKL038W,0,-1.131752,0.015321756713092327,0.029999999329447746,0.19280000030994415
YJL080C,YDR160W,0,-1.131964,0.015313935466110706,0.029999999329447746,0.19290000200271606
YCL074W,YDL185W,0,-1.132175,0.015306122601032257,0.029999999329447746,0.19300000369548798
YAL015C,YDR280W,0,-1.1324841,0.015298317186534405,0.029999999329447746,0.1931000053882599
YIL078W,YOR388C,0,-1.1331486,0.015290520153939724,0.029999999329447746,0.1932000070810318
YIL154C,YIL119C,0,-1.1333376,0.01528273057192564,0.029999999329447746,0.19329999387264252
YKL056C,YNL217W,0,-1.1333547,0.015274949371814728,0.029999999329447746,0.19339999556541443
YFR030W,YMR025W,0,-1.133665,0.015267175622284412,0.029999999329447746,0.19349999725818634
YPL168W,YDL245C,0,-1.1336731,0.015259410254657269,0.029999999329447746,0.19359999895095825
YMR194W,YPL134C,0,-1.1339399,0.015251652337610722,0.029999999329447746,0.19370000064373016
YER185W,YIL062C,0,-1.1339482,0.015243902802467346,0.029999999329447746,0.19380000233650208
YCL008C,YLR224W,1,-1.1339574,0.015744032338261604,0.03099999949336052,0.19380000233650208
YGR020C,YCR045C,0,-1.1342204,0.015736039727926254,0.03099999949336052,0.193900004029274
YLR139C,YNR071C,0,-1.1343647,0.01572805643081665,0.03099999949336052,0.1940000057220459
YOR389W,YEL001C,0,-1.1344745,0.015720080584287643,0.03099999949336052,0.1941000074148178
YMR123W,YGR138C,0,-1.1345075,0.015712114050984383,0.03099999949336052,0.19419999420642853
YGL010W,YOR258W,0,-1.1347107,0.01570415310561657,0.03099999949336052,0.19429999589920044
YLR099C,YPL056C,0,-1.1348726,0.015696203336119652,0.03099999949336052,0.19439999759197235
YLR278C,YDL180W,0,-1.1351463,0.015688259154558182,0.03099999949336052,0.19449999928474426
YOR019W,YMR078C,0,-1.1352671,0.015680324286222458,0.03099999949336052,0.19460000097751617
YBR301W,YHR080C,0,-1.1356682,0.01567239686846733,0.03099999949336052,0.19470000267028809
YOL142W,YKR078W,0,-1.1361233,0.0156644769012928,0.03099999949336052,0.19480000436306
YJL108C,YPR119W,0,-1.136334,0.015656566247344017,0.03099999949336052,0.1949000060558319
YER087C-A,YDR030C,0,-1.136512,0.01564866304397583,0.03099999949336052,0.19499999284744263
YLR040C,YBR271W,0,-1.1365759,0.01564076729118824,0.03099999949336052,0.19509999454021454
YIL137C,YLR042C,0,-1.1367632,0.015632878988981247,0.03099999949336052,0.19519999623298645
YNL050C,YMR313C,0,-1.136912,0.015625,0.03099999949336052,0.19529999792575836
YNL182C,YML120C,0,-1.1369412,0.01561712846159935,0.03099999949336052,0.19539999961853027
YNR011C,YIL172C,0,-1.1369869,0.015609265305101871,0.03099999949336052,0.19550000131130219
YDR205W,YGR026W,0,-1.1371201,0.01560140959918499,0.03099999949336052,0.1956000030040741
YJR028W,YKL074C,0,-1.1372107,0.015593561343848705,0.03099999949336052,0.195700004696846
YMR163C,YLR251W,0,-1.1378709,0.015585721470415592,0.03099999949336052,0.19580000638961792
YCL018W,YBR084W,0,-1.1379634,0.015577889047563076,0.03099999949336052,0.19589999318122864
YPL068C,YNL192W,0,-1.1389588,0.015570065006613731,0.03099999949336052,0.19599999487400055
YBL022C,YDR055W,0,-1.1394463,0.015562249347567558,0.03099999949336052,0.19609999656677246
YOR291W,YPR155C,0,-1.1400435,0.015554440207779408,0.03099999949336052,0.19619999825954437
YBR012W-A,YAL023C,0,-1.1401857,0.015546640381217003,0.03099999949336052,0.19629999995231628
YBR096W,YPR199C,0,-1.140191,0.01553884707391262,0.03099999949336052,0.1964000016450882
YIL069C,YDL113C,0,-1.1406924,0.01553106214851141,0.03099999949336052,0.1965000033378601
YBR301W,YOR027W,0,-1.1413038,0.015523284673690796,0.03099999949336052,0.19660000503063202
YLR099C,YGL030W,0,-1.1415919,0.015515515580773354,0.03099999949336052,0.19670000672340393
YML091C,YHR113W,0,-1.1425223,0.015507753938436508,0.03099999949336052,0.19679999351501465
YLR370C,YBR072W,0,-1.1426148,0.01549999974668026,0.03099999949336052,0.19689999520778656
YOR011W,YJL171C,0,-1.142813,0.015492253936827183,0.03099999949336052,0.19699999690055847
YGR017W,YGL122C,0,-1.1437253,0.015484515577554703,0.03099999949336052,0.19709999859333038
YGR155W,YPR001W,0,-1.1438359,0.01547678466886282,0.03099999949336052,0.1972000002861023
YOR025W,YMR099C,0,-1.1438376,0.015469062142074108,0.03099999949336052,0.1973000019788742
YMR059W,YMR262W,0,-1.1439823,0.015461347065865993,0.03099999949336052,0.19740000367164612
YNL073W,YHR096C,0,-1.144091,0.015453639440238476,0.03099999949336052,0.19750000536441803
YDL019C,YDR415C,0,-1.1441567,0.015445939265191555,0.03099999949336052,0.19760000705718994
YDR067C,YML081W,0,-1.1442419,0.015438247472047806,0.03099999949336052,0.19769999384880066
YDL007W,YDR131C,1,-1.1443652,0.015928322449326515,0.03200000151991844,0.19769999384880066
YMR128W,YPL018W,0,-1.1445798,0.015920398756861687,0.03200000151991844,0.19779999554157257
YLR163C,YMR118C,0,-1.1446931,0.015912480652332306,0.03200000151991844,0.19789999723434448
YGR109W-B,YOR369C,0,-1.1448176,0.01590457186102867,0.03200000151991844,0.1979999989271164
YNL055C,YOR391C,0,-1.1452221,0.015896672382950783,0.03200000151991844,0.1981000006198883
YLR312C-B,YGL071W,0,-1.1452799,0.015888778492808342,0.03200000151991844,0.19820000231266022
YER074W,YMR081C,0,-1.1457812,0.015880893915891647,0.03200000151991844,0.19830000400543213
YDL029W,YGR122W,0,-1.1458073,0.01587301678955555,0.03200000151991844,0.19840000569820404
YHR005C-A,YLR237W,0,-1.1458274,0.01586514711380005,0.03200000151991844,0.19850000739097595
YMR270C,YLL017W,0,-1.1458504,0.015857284888625145,0.03200000151991844,0.19859999418258667
YCL063W,YDL113C,0,-1.1458758,0.015849430114030838,0.03200000151991844,0.19869999587535858
YMR160W,YHR110W,0,-1.1459798,0.015841584652662277,0.03200000151991844,0.1987999975681305
YDR449C,YDR353W,0,-1.1462299,0.015833744779229164,0.03200000151991844,0.1988999992609024
YGL028C,YBR149W,0,-1.146631,0.015825914219021797,0.03200000151991844,0.19900000095367432
YOR224C,YDL129W,0,-1.147139,0.015818091109395027,0.03200000151991844,0.19910000264644623
YHR088W,YCL075W,0,-1.1477437,0.015810277312994003,0.03200000151991844,0.19920000433921814
YKL064W,YOR120W,0,-1.1478693,0.015802469104528427,0.03200000151991844,0.19930000603199005
YJL048C,YNL172W,1,-1.1480969,0.01628825254738331,0.032999999821186066,0.19930000603199005
YBR189W,YFL035C-B,0,-1.1481458,0.016280217096209526,0.032999999821186066,0.19939999282360077
YLR285W,YCR016W,0,-1.1483934,0.01627218909561634,0.032999999821186066,0.19949999451637268
YDR380W,YMR306W,0,-1.1483947,0.0162641704082489,0.032999999821186066,0.1995999962091446
YBL013W,YHR057C,0,-1.1487378,0.01625615730881691,0.032999999821186066,0.1996999979019165
YFR045W,YJR134C,0,-1.1488243,0.016248153522610664,0.032999999821186066,0.19979999959468842
YFL033C,YOR240W,0,-1.148881,0.016240157186985016,0.032999999821186066,0.19990000128746033
YLR284C,YBR142W,0,-1.1489146,0.016232168301939964,0.032999999821186066,0.20000000298023224
YOL104C,YLR419W,0,-1.1493291,0.01622418873012066,0.032999999821186066,0.20010000467300415
YDR449C,YKL088W,0,-1.1501199,0.01621621660888195,0.032999999821186066,0.20020000636577606
YLR209C,YPR196W,0,-1.1502684,0.01620825193822384,0.032999999821186066,0.20029999315738678
YDL038C,YGR057C,0,-1.1503665,0.016200294718146324,0.032999999821186066,0.2003999948501587
YJL025W,YPR096C,0,-1.1505057,0.016192344948649406,0.032999999821186066,0.2004999965429306
YPR174C,YGR244C,0,-1.1508129,0.016184404492378235,0.032999999821186066,0.20059999823570251
YLR024C,YFL018W-A,0,-1.1509274,0.01617647148668766,0.032999999821186066,0.20069999992847443
YLR291C,YJL046W,0,-1.1509913,0.016168544068932533,0.032999999821186066,0.20080000162124634
YLL026W,YPL038W,0,-1.151063,0.016160625964403152,0.032999999821186066,0.20090000331401825
YIL064W,YDR076W,0,-1.1513339,0.016152717173099518,0.032999999821186066,0.20100000500679016
YDR465C,YMR017W,0,-1.1514907,0.01614481396973133,0.032999999821186066,0.20110000669956207
YCR031C,YDR065W,0,-1.152484,0.01613692007958889,0.032999999821186066,0.2011999934911728
YML045W,YJL087C,0,-1.152563,0.016129031777381897,0.032999999821186066,0.2012999951839447
YFL066C,YJR155W,0,-1.1525705,0.01612115278840065,0.032999999821186066,0.2013999968767166
YAR044W,YJR083C,0,-1.1528594,0.01611328125,0.032999999821186066,0.20149999856948853
YMR109W,YDL211C,0,-1.1529753,0.016105417162179947,0.032999999821186066,0.20160000026226044
YJL212C,YBR026C,0,-1.1531682,0.01609756052494049,0.032999999821186066,0.20170000195503235
YER138C,YIL107C,0,-1.1531774,0.01608971320092678,0.032999999821186066,0.20180000364780426
YIL011W,YOR240W,0,-1.1531829,0.01608187146484852,0.032999999821186066,0.20190000534057617
YMR262W,YIL155C,0,-1.1533751,0.016074037179350853,0.032999999821186066,0.20200000703334808
YGR218W,YLR278C,0,-1.1534189,0.016066212207078934,0.032999999821186066,0.2020999938249588
YER008C,YMR090W,0,-1.1534836,0.01605839468538761,0.032999999821186066,0.2021999955177307
YGL078C,YGR239C,0,-1.1536226,0.016050582751631737,0.032999999821186066,0.20229999721050262
YDL029W,YPL113C,0,-1.1542635,0.01604278013110161,0.032999999821186066,0.20239999890327454
YDR406W,YLR190W,0,-1.1551969,0.016034984961152077,0.032999999821186066,0.20250000059604645
YDR306C,YDR330W,1,-1.155275,0.01651287078857422,0.03400000184774399,0.20250000059604645
YGR062C,YJR027W,0,-1.156237,0.01650485396385193,0.03400000184774399,0.20260000228881836
YEL030W,YCR040W,0,-1.1562786,0.016496846452355385,0.03400000184774399,0.20270000398159027
YOR292C,YMR150C,0,-1.1564354,0.016488846391439438,0.03400000184774399,0.20280000567436218
YOR266W,YLR126C,0,-1.1570011,0.016480853781104088,0.03400000184774399,0.2029000073671341
YMR013C,YLR345W,0,-1.1576046,0.016472868621349335,0.03400000184774399,0.2029999941587448
YJL114W,YMR035W,0,-1.1581165,0.01646489091217518,0.03400000184774399,0.20309999585151672
YBR181C,YPR111W,0,-1.1582637,0.01645692251622677,0.03400000184774399,0.20319999754428864
YLR467W,YKL161C,0,-1.1584184,0.016448959708213806,0.03400000184774399,0.20329999923706055
YDR523C,YDR347W,0,-1.1586548,0.01644100621342659,0.03400000184774399,0.20340000092983246
YIL170W,YPL121C,0,-1.158774,0.01643306016921997,0.03400000184774399,0.20350000262260437
YDR011W,YGR296W,0,-1.1588327,0.01642512157559395,0.03400000184774399,0.20360000431537628
YEL056W,YDR018C,0,-1.1590325,0.016417190432548523,0.03400000184774399,0.2037000060081482
YOR132W,YKL011C,0,-1.1592108,0.016409266740083694,0.03400000184774399,0.2037999927997589
YDL022W,YLR020C,0,-1.1594992,0.016401350498199463,0.03400000184774399,0.20389999449253082
YNR040W,YLR419W,0,-1.15968,0.016393441706895828,0.03400000184774399,0.20399999618530273
YPL240C,YAR002C-A,0,-1.1596863,0.01638554222881794,0.03400000184774399,0.20409999787807465
YPR125W,YJL181W,0,-1.1600052,0.016377650201320648,0.03400000184774399,0.20419999957084656
YOR287C,YOL157C,0,-1.1603407,0.016369763761758804,0.03400000184774399,0.20430000126361847
YDL133C-A,YJR153W,0,-1.1604201,0.016361886635422707,0.03400000184774399,0.20440000295639038
YNL227C,YIL083C,0,-1.1607503,0.016354016959667206,0.03400000184774399,0.2045000046491623
YBL011W,YJR010W,0,-1.1613946,0.016346154734492302,0.03400000184774399,0.2046000063419342
YDL206W,YNL247W,0,-1.1614329,0.016338298097252846,0.03400000184774399,0.20469999313354492
YOL053C-A,YPL110C,0,-1.1616358,0.016330450773239136,0.03400000184774399,0.20479999482631683
YCL026C-B,YOR254C,0,-1.1631696,0.016322610899806023,0.03400000184774399,0.20489999651908875
YHR010W,YOR090C,0,-1.1635392,0.016314778476953506,0.03400000184774399,0.20499999821186066
YDR019C,YDR130C,0,-1.1637253,0.016306955367326736,0.03400000184774399,0.20509999990463257
YNL191W,YDR248C,0,-1.1639597,0.016299137845635414,0.03400000184774399,0.20520000159740448
YNL122C,YHR206W,0,-1.1642808,0.01629132777452469,0.03400000184774399,0.2053000032901764
YDR176W,YIL069C,0,-1.1643022,0.01628352515399456,0.03400000184774399,0.2054000049829483
YDL006W,YMR087W,0,-1.1644228,0.01627572998404503,0.03400000184774399,0.20550000667572021
YDR444W,YMR002W,0,-1.1644905,0.016267942264676094,0.03400000184774399,0.20559999346733093
YLR348C,YGR169C,0,-1.1645327,0.016260161995887756,0.03400000184774399,0.20569999516010284
YDR131C,YDR328C,1,-1.1645395,0.016730401664972305,0.03500000014901161,0.20569999516010284
YDL243C,YOR377W,0,-1.1646456,0.016722407191991806,0.03500000014901161,0.20579999685287476
YJL141C,YLL066C,0,-1.164887,0.016714422032237053,0.03500000014901161,0.20589999854564667
YLL045C,YLR010C,0,-1.164913,0.016706444323062897,0.03500000014901161,0.20600000023841858
YML091C,YKL021C,0,-1.1651288,0.016698474064469337,0.03500000014901161,0.2061000019311905
YER175C,YJR120W,0,-1.1654944,0.016690509393811226,0.03500000014901161,0.2062000036239624
YDL240W,YKL171W,0,-1.1655475,0.01668255403637886,0.03500000014901161,0.20630000531673431
YPL116W,YIL064W,0,-1.1655664,0.016674606129527092,0.03500000014901161,0.20640000700950623
YDR520C,YOR167C,0,-1.1656364,0.01666666753590107,0.03500000014901161,0.20649999380111694
YPL068C,YNL288W,0,-1.1657081,0.016658734530210495,0.03500000014901161,0.20659999549388885
YLL014W,YDR248C,0,-1.1657554,0.016650808975100517,0.03500000014901161,0.20669999718666077
YCL027W,YML070W,0,-1.1661123,0.016642890870571136,0.03500000014901161,0.20679999887943268
YFL045C,YPL248C,0,-1.166326,0.016634980216622353,0.03500000014901161,0.2069000005722046
YDR247W,YLR401C,0,-1.166498,0.016627078875899315,0.03500000014901161,0.2070000022649765
YHR122W,YNL181W,0,-1.1666569,0.016619183123111725,0.03500000014901161,0.2071000039577484
YGL222C,YBR241C,0,-1.1669102,0.016611294820904732,0.03500000014901161,0.20720000565052032
YBR093C,YDR411C,0,-1.1676708,0.016603415831923485,0.03500000014901161,0.20730000734329224
YNR040W,YMR198W,0,-1.167693,0.016595542430877686,0.03500000014901161,0.20739999413490295
YLL053C,YOL003C,0,-1.1685529,0.016587678343057632,0.03500000014901161,0.20749999582767487
YGL120C,YMR232W,0,-1.1686227,0.016579819843173027,0.03500000014901161,0.20759999752044678
YKL056C,YJL219W,0,-1.1687038,0.01657196879386902,0.03500000014901161,0.2076999992132187
YPR174C,YLR394W,0,-1.1688212,0.016564127057790756,0.03500000014901161,0.2078000009059906
YMR051C,YNR059W,0,-1.1690105,0.01655629090964794,0.03500000014901161,0.2079000025987625
YGL120C,YCR016W,0,-1.1697639,0.016548464074730873,0.03500000014901161,0.20800000429153442
YLR075W,YFR029W,0,-1.1699995,0.016540642827749252,0.03500000014901161,0.20810000598430634
YER137C,YCR016W,0,-1.1702987,0.01653282903134823,0.03500000014901161,0.20819999277591705
YJR073C,YOR297C,0,-1.1706918,0.0165250226855278,0.03500000014901161,0.20829999446868896
YNL247W,YOR089C,0,-1.1707643,0.01651722565293312,0.03500000014901161,0.20839999616146088
YBL031W,YDL180W,0,-1.1708182,0.016509434208273888,0.03500000014901161,0.2084999978542328
YPR175W,YGR071C,0,-1.1708649,0.01650165021419525,0.03500000014901161,0.2085999995470047
YAR044W,YFL014W,0,-1.1709617,0.016493873670697212,0.03500000014901161,0.2087000012397766
YHR009C,YCR037C,0,-1.1709625,0.01648610457777977,0.03500000014901161,0.20880000293254852
YOR096W,YMR238W,0,-1.1713068,0.016478342935442924,0.03500000014901161,0.20890000462532043
YLR356W,YOR151C,0,-1.1715356,0.016470588743686676,0.03500000014901161,0.20900000631809235
YML057W,YLL045C,0,-1.1720062,0.016462840139865875,0.03500000014901161,0.20909999310970306
YIR015W,YDR471W,0,-1.1720204,0.01645510084927082,0.03500000014901161,0.20919999480247498
YDR239C,YPL123C,0,-1.1726029,0.016447369009256363,0.03500000014901161,0.2092999964952469
YOR322C,YGR035C,0,-1.1731175,0.016439642757177353,0.03500000014901161,0.2093999981880188
YDR138W,YIL111W,0,-1.1737556,0.01643192395567894,0.03500000014901161,0.2094999998807907
YLR446W,YJL165C,0,-1.1738012,0.016424214467406273,0.03500000014901161,0.20960000157356262
YGL189C,YKR055W,0,-1.1743275,0.016416510567069054,0.03500000014901161,0.20970000326633453
YFR053C,YGL105W,0,-1.174911,0.01640881411731243,0.03500000014901161,0.20980000495910645
YLR313C,YPL126W,0,-1.1750098,0.016401125118136406,0.03500000014901161,0.20990000665187836
YLR040C,YKR055W,0,-1.1758118,0.016393441706895828,0.03500000014901161,0.20999999344348907
YAL024C,YBR241C,0,-1.1762146,0.016385767608880997,0.03500000014901161,0.210099995136261
YJL012C,YJL046W,0,-1.1763455,0.016378100961446762,0.03500000014901161,0.2101999968290329
YJL114W,YAL068C,0,-1.1764259,0.016370439901947975,0.03500000014901161,0.2102999985218048
YML081W,YLL035W,0,-1.1765217,0.016362786293029785,0.03500000014901161,0.21040000021457672
YOR068C,YMR169C,0,-1.1767224,0.016355140134692192,0.03500000014901161,0.21050000190734863
YNL102W,YNL247W,0,-1.1767929,0.016347501426935196,0.03500000014901161,0.21060000360012054
YOR025W,YHR214C-B,0,-1.1769015,0.016339870169758797,0.03500000014901161,0.21070000529289246
YGL246C,YOR389W,0,-1.1774372,0.016332244500517845,0.03500000014901161,0.21080000698566437
YJL098W,YOL127W,0,-1.1774954,0.01632462628185749,0.03500000014901161,0.21089999377727509
YBR189W,YLR283W,0,-1.1776527,0.016317015513777733,0.03500000014901161,0.210999995470047
YML096W,YOR090C,0,-1.1777496,0.016309412196278572,0.03500000014901161,0.2110999971628189
YHR214W,YJL006C,0,-1.177776,0.016301816329360008,0.03500000014901161,0.21119999885559082
YER153C,YML045W,0,-1.1782557,0.01629422791302204,0.03500000014901161,0.21130000054836273
YJL080C,YFL017W-A,0,-1.1784791,0.016286645084619522,0.03500000014901161,0.21140000224113464
YMR136W,YOR177C,0,-1.1785662,0.0162790697067976,0.03500000014901161,0.21150000393390656
YKR066C,YKL063C,0,-1.1792557,0.016271501779556274,0.03500000014901161,0.21160000562667847
YFR018C,YLR377C,0,-1.1795369,0.016263941302895546,0.03500000014901161,0.21170000731945038
YNL217W,YPR067W,0,-1.1802303,0.016256386414170265,0.03500000014901161,0.2117999941110611
YML087C,YKR020W,0,-1.180391,0.01624883897602558,0.03500000014901161,0.211899995803833
YHL036W,YLR109W,0,-1.1804885,0.016241298988461494,0.03500000014901161,0.21199999749660492
YDL098C,YDL180W,0,-1.1805063,0.016233766451478004,0.03500000014901161,0.21209999918937683
YDR444W,YKL015W,0,-1.1807095,0.016226239502429962,0.03500000014901161,0.21220000088214874
YLL012W,YDR381W,0,-1.181328,0.016218721866607666,0.03500000014901161,0.21230000257492065
YCR065W,YHL024W,0,-1.1818191,0.016211209818720818,0.03500000014901161,0.21240000426769257
YNL045W,YLL022C,0,-1.1822497,0.016203703358769417,0.03500000014901161,0.21250000596046448
YIL170W,YPL225W,0,-1.1823379,0.016196206212043762,0.03500000014901161,0.2125999927520752
YBR173C,YLR224W,1,-1.1825024,0.016651248559355736,0.035999998450279236,0.2125999927520752
YLR228C,YIL170W,0,-1.1826226,0.016643550246953964,0.035999998450279236,0.2126999944448471
YER138C,YGR054W,0,-1.183235,0.01663585938513279,0.035999998450279236,0.21279999613761902
YOL149W,YIL155C,0,-1.1832472,0.016628175973892212,0.035999998450279236,0.21289999783039093
YBR207W,YLR352W,0,-1.1834692,0.016620498150587082,0.035999998450279236,0.21299999952316284
YDR131C,YMR022W,1,-1.18361,0.01707429625093937,0.03700000047683716,0.21299999952316284
YBR038W,YML039W,0,-1.1850551,0.01706642098724842,0.03700000047683716,0.21310000121593475
YPL223C,YBR218C,0,-1.185115,0.01705855317413807,0.03700000047683716,0.21320000290870667
YGL105W,YMR210W,0,-1.185249,0.017050690948963165,0.03700000047683716,0.21330000460147858
YJL069C,YPR030W,0,-1.185502,0.017042838037014008,0.03700000047683716,0.2134000062942505
YOL155C,YAL026C,0,-1.1856371,0.017034990713000298,0.03700000047683716,0.2134999930858612
YCL075W,YOR192C,0,-1.1857806,0.017027150839567184,0.03700000047683716,0.21359999477863312
YDR471W,YCL005W-A,0,-1.1859652,0.01701931841671467,0.03700000047683716,0.21369999647140503
YFL066C,YER109C,0,-1.1861571,0.01701149344444275,0.03700000047683716,0.21379999816417694
YJL035C,YER110C,0,-1.1862313,0.017003675922751427,0.03700000047683716,0.21389999985694885
YHR193C,YKL077W,0,-1.1865135,0.0169958658516407,0.03700000047683716,0.21400000154972076
YJL216C,YKL085W,0,-1.1866196,0.016988063231110573,0.03700000047683716,0.21410000324249268
YMR322C,YDL148C,0,-1.1867224,0.016980266198515892,0.03700000047683716,0.2142000049352646
YCL026C-B,YBL098W,0,-1.1868297,0.016972476616501808,0.03700000047683716,0.2143000066280365
YMR315W,YPR030W,0,-1.1870501,0.01696469448506832,0.03700000047683716,0.21439999341964722
YER138C,YFL047W,0,-1.1872082,0.01695691980421543,0.03700000047683716,0.21449999511241913
YDR009W,YHR211W,0,-1.1873891,0.016949152573943138,0.03700000047683716,0.21459999680519104
YER185W,YGL096W,0,-1.1875674,0.016941392794251442,0.03700000047683716,0.21469999849796295
YDR144C,YDR242W,0,-1.1876787,0.016933638602495193,0.03700000047683716,0.21480000019073486
YPL168W,YDR252W,0,-1.1877756,0.016925891861319542,0.03700000047683716,0.21490000188350677
YBR093C,YNL325C,0,-1.1880101,0.016918152570724487,0.03700000047683716,0.2150000035762787
YOL090W,YCR072C,0,-1.1886876,0.01691042073071003,0.03700000047683716,0.2151000052690506
YHR179W,YIL037C,0,-1.1889855,0.01690269447863102,0.03700000047683716,0.2152000069618225
YKL197C,YKL178C,0,-1.1890678,0.016894977539777756,0.03700000047683716,0.21529999375343323
YPR118W,YNL010W,0,-1.1891605,0.01688726618885994,0.03700000047683716,0.21539999544620514
YDL209C,YNR028W,0,-1.1894873,0.01687956228852272,0.03700000047683716,0.21549999713897705
YDR461W,YGR060W,0,-1.1902751,0.016871865838766098,0.03700000047683716,0.21559999883174896
YAL044C,YDL083C,0,-1.1907486,0.016864174976944923,0.03700000047683716,0.21570000052452087
YDR018C,YNL133C,0,-1.1909391,0.016856491565704346,0.03700000047683716,0.21580000221729279
YEL038W,YML133C,0,-1.1912242,0.016848815605044365,0.03700000047683716,0.2159000039100647
YDL091C,YML040W,0,-1.1916138,0.01684114709496498,0.03700000047683716,0.2160000056028366
YOR221C,YKL011C,0,-1.1916453,0.016833484172821045,0.03700000047683716,0.21610000729560852
YJR150C,YER110C,0,-1.1917025,0.016825830563902855,0.03700000047683716,0.21619999408721924
YJL056C,YLR244C,0,-1.1917892,0.016818182542920113,0.03700000047683716,0.21629999577999115
YDR228C,YER117W,0,-1.1920271,0.016810540109872818,0.03700000047683716,0.21639999747276306
YKL173W,YGL123W,0,-1.192309,0.01680290699005127,0.03700000047683716,0.21649999916553497
YLL055W,YER090W,0,-1.1923382,0.01679527945816517,0.03700000047683716,0.21660000085830688
YOL104C,YKL011C,0,-1.1924177,0.016787659376859665,0.03700000047683716,0.2167000025510788
YLL012W,YKL028W,0,-1.1927004,0.01678004488348961,0.03700000047683716,0.2168000042438507
YNR004W,YKL077W,0,-1.1928211,0.0167724397033453,0.03700000047683716,0.21690000593662262
YDR313C,YJR096W,0,-1.1928579,0.016764838248491287,0.03700000047683716,0.21699999272823334
YLL053C,YLR270W,0,-1.1932367,0.016757246106863022,0.03700000047683716,0.21709999442100525
YJL206C,YML120C,0,-1.1951138,0.016749659553170204,0.03700000047683716,0.21719999611377716
YPL168W,YJL011C,0,-1.1953216,0.016742082312703133,0.03700000047683716,0.21729999780654907
YLR189C,YAL019W,0,-1.1955162,0.01673450879752636,0.03700000047683716,0.21739999949932098
YOL077C,YPR114W,0,-1.1957418,0.016726944595575333,0.03700000047683716,0.2175000011920929
YDR380W,YGR283C,0,-1.1959608,0.016719385981559753,0.03700000047683716,0.2176000028848648
YPL231W,YLR139C,0,-1.196239,0.016711832955479622,0.03700000047683716,0.21770000457763672
YDR387C,YJL171C,0,-1.1962594,0.016704289242625237,0.03700000047683716,0.21780000627040863
YER130C,YOR127W,0,-1.1965189,0.0166967511177063,0.03700000047683716,0.21789999306201935
YDR415C,YGR162W,0,-1.1971235,0.016689220443367958,0.03700000047683716,0.21799999475479126
YIL053W,YBR046C,0,-1.1974124,0.016681695356965065,0.03700000047683716,0.21809999644756317
YPL137C,YHR020W,0,-1.1975381,0.01667417772114277,0.03700000047683716,0.21819999814033508
YJR016C,YER173W,0,-1.1976614,0.01666666753590107,0.03700000047683716,0.218299999833107
YBL054W,YMR061W,0,-1.1977526,0.016659162938594818,0.03700000047683716,0.2184000015258789
YOR037W,YNR061C,0,-1.1980747,0.016651665791869164,0.03700000047683716,0.21850000321865082
YLR058C,YGR017W,0,-1.1983205,0.016644174233078957,0.03700000047683716,0.21860000491142273
YNR035C,YNL046W,0,-1.1983738,0.016636690124869347,0.03700000047683716,0.21870000660419464
YDR500C,YAL034W-A,0,-1.1984252,0.016629213467240334,0.03700000047683716,0.21879999339580536
YDL121C,YOR080W,0,-1.1992449,0.016621742397546768,0.03700000047683716,0.21889999508857727
YDR378C,YEL043W,0,-1.1998047,0.0166142787784338,0.03700000047683716,0.21899999678134918
YOL052C-A,YLR078C,0,-1.2002138,0.016606822609901428,0.03700000047683716,0.2190999984741211
YGL147C,YBR091C,0,-1.2004699,0.016599372029304504,0.03700000047683716,0.219200000166893
YPL019C,YNR040W,0,-1.2007489,0.016591928899288177,0.03700000047683716,0.21930000185966492
YIL153W,YOL098C,0,-1.2008722,0.0165844913572073,0.03700000047683716,0.21940000355243683
YKL096W-A,YPR200C,0,-1.2010087,0.016577061265707016,0.03700000047683716,0.21950000524520874
YOR143C,YJR073C,0,-1.201116,0.01656963676214218,0.03700000047683716,0.21960000693798065
YNL050C,YHR139C,0,-1.2013046,0.016562219709157944,0.03700000047683716,0.21969999372959137
YER179W,YOL101C,0,-1.2014327,0.016554810106754303,0.03700000047683716,0.21979999542236328
YNL094W,YMR090W,0,-1.2020667,0.01654740609228611,0.03700000047683716,0.2198999971151352
YHR185C,YJL056C,0,-1.2022806,0.016540009528398514,0.03700000047683716,0.2199999988079071
YJL180C,YLL017W,0,-1.202439,0.016532618552446365,0.03700000047683716,0.22010000050067902
YOR194C,YCR087C-A,0,-1.2028112,0.016525235027074814,0.03700000047683716,0.22020000219345093
YAL054C,YER087C-B,0,-1.2028264,0.01651785708963871,0.03700000047683716,0.22030000388622284
YLR015W,YDL119C,0,-1.2029175,0.016510486602783203,0.03700000047683716,0.22040000557899475
YER087C-A,YJR054W,0,-1.203071,0.016503121703863144,0.03700000047683716,0.22050000727176666
YKR099W,YJR147W,0,-1.2031417,0.01649576425552368,0.03700000047683716,0.22059999406337738
YDR159W,YLR419W,0,-1.2032629,0.016488414257764816,0.03700000047683716,0.2206999957561493
YLR201C,YNL096C,0,-1.2034525,0.0164810698479414,0.03700000047683716,0.2207999974489212
YNL322C,YOL107W,0,-1.203816,0.01647373102605343,0.03700000047683716,0.22089999914169312
YOL157C,YAL025C,0,-1.2038988,0.016466399654746056,0.03700000047683716,0.22100000083446503
YDR435C,YNR061C,0,-1.2038997,0.01645907387137413,0.03700000047683716,0.22110000252723694
YMR002W,YFR006W,0,-1.2039014,0.016451755538582802,0.03700000047683716,0.22120000422000885
YJL216C,YIL107C,0,-1.2044265,0.01644444465637207,0.03700000047683716,0.22130000591278076
YDL227C,YDR076W,0,-1.2044872,0.016437139362096786,0.03700000047683716,0.22139999270439148
YJR010W,YOR194C,0,-1.2047242,0.01642983965575695,0.03700000047683716,0.2214999943971634
YPL150W,YGR199W,0,-1.2048373,0.01642254739999771,0.03700000047683716,0.2215999960899353
YPL234C,YHR020W,0,-1.2051996,0.01641526259481907,0.03700000047683716,0.22169999778270721
YMR072W,YAR009C,0,-1.2052615,0.016407981514930725,0.03700000047683716,0.22179999947547913
YLL014W,YDR014W,0,-1.2056386,0.016400709748268127,0.03700000047683716,0.22190000116825104
YHR138C,YIL095W,0,-1.2056812,0.016393441706895828,0.03700000047683716,0.22200000286102295
YGL014W,YPR178W,0,-1.206091,0.016386182978749275,0.03700000047683716,0.22210000455379486
YBL005W-B,YJL054W,0,-1.206093,0.01637892797589302,0.03700000047683716,0.22220000624656677
YPL013C,YJL144W,0,-1.2061737,0.016371682286262512,0.03700000047683716,0.2222999930381775
YGR266W,YHR013C,0,-1.2062479,0.016364440321922302,0.03700000047683716,0.2223999947309494
YER125W,YHR140W,0,-1.206267,0.01635720580816269,0.03700000047683716,0.2224999964237213
YJL066C,YNL122C,0,-1.2064437,0.016349978744983673,0.03700000047683716,0.22259999811649323
YJL025W,YDR077W,0,-1.2064527,0.016342755407094955,0.03700000047683716,0.22269999980926514
YNL223W,YPR041W,0,-1.2064563,0.016335541382431984,0.03700000047683716,0.22280000150203705
YJR127C,YLR419W,0,-1.2065438,0.01632833108305931,0.03700000047683716,0.22290000319480896
YHR092C,YFL023W,0,-1.206832,0.016321130096912384,0.03700000047683716,0.22300000488758087
YDL180W,YMR149W,0,-1.2069343,0.016313932836055756,0.03700000047683716,0.22310000658035278
YJR010W,YEL038W,0,-1.2069374,0.016306743025779724,0.03700000047683716,0.2231999933719635
YJR025C,YKR054C,0,-1.2069851,0.01629955880343914,0.03700000047683716,0.2232999950647354
YJL117W,YHL026C,0,-1.2070895,0.016292382031679153,0.03700000047683716,0.22339999675750732
YNL045W,YKL038W,0,-1.2075809,0.016285210847854614,0.03700000047683716,0.22349999845027924
YLR172C,YMR118C,0,-1.2081232,0.016278047114610672,0.03700000047683716,0.22360000014305115
YPL137C,YLR251W,0,-1.2082807,0.016270888969302177,0.03700000047683716,0.22370000183582306
YHR009C,YDR518W,0,-1.2082957,0.01626373641192913,0.03700000047683716,0.22380000352859497
YDR109C,YFR014C,0,-1.208325,0.01625659130513668,0.03700000047683716,0.22390000522136688
YLR411W,YLR353W,0,-1.2083399,0.01624945178627968,0.03700000047683716,0.2240000069141388
YDR387C,YIL022W,0,-1.2087656,0.016242317855358124,0.03700000047683716,0.2240999937057495
YDL031W,YPL276W,0,-1.2088978,0.016235191375017166,0.03700000047683716,0.22419999539852142
YCL067C,YBR012W-A,0,-1.2091268,0.016228070482611656,0.03700000047683716,0.22429999709129333
YER137C,YDL225W,0,-1.2092234,0.016220955178141594,0.03700000047683716,0.22439999878406525
YGR012W,YOL121C,0,-1.2092805,0.01621384732425213,0.03700000047683716,0.22450000047683716
YNL208W,YDL180W,0,-1.2098013,0.01620674505829811,0.03700000047683716,0.22460000216960907
YKL217W,YBR034C,0,-1.2100645,0.01619965024292469,0.03700000047683716,0.22470000386238098
YJL097W,YOL023W,0,-1.2103983,0.016192561015486717,0.03700000047683716,0.2248000055551529
YPL006W,YDR013W,0,-1.2105087,0.016185477375984192,0.03700000047683716,0.2249000072479248
YPL017C,YLR292C,0,-1.2108356,0.016178399324417114,0.03700000047683716,0.22499999403953552
YLL014W,YER091C,0,-1.2108616,0.016171328723430634,0.03700000047683716,0.22509999573230743
YLR361C,YGR055W,0,-1.2111474,0.0161642637103796,0.03700000047683716,0.22519999742507935
YDR019C,YDL121C,0,-1.2113187,0.016157206147909164,0.03700000047683716,0.22529999911785126
YML128C,YBL056W,0,-1.2113868,0.016150152310729027,0.03700000047683716,0.22540000081062317
YMR086W,YDL143W,0,-1.2114567,0.016143105924129486,0.03700000047683716,0.22550000250339508
YML037C,YJR084W,0,-1.2117554,0.016136066988110542,0.03700000047683716,0.225600004196167
YMR153W,YHL012W,0,-1.2120512,0.016129031777381897,0.03700000047683716,0.2257000058889389
YPR096C,YMR315W,0,-1.2125934,0.01612200401723385,0.03700000047683716,0.22579999268054962
YPR118W,YLR270W,0,-1.2129382,0.016114981845021248,0.03700000047683716,0.22589999437332153
YDL184C,YCR028C,0,-1.2132779,0.016107967123389244,0.03700000047683716,0.22599999606609344
YER127W,YNL115C,0,-1.2133601,0.016100957989692688,0.03700000047683716,0.22609999775886536
YPL273W,YNR004W,0,-1.2133669,0.01609395444393158,0.03700000047683716,0.22619999945163727
YLR364W,YLR283W,0,-1.2134013,0.01608695648610592,0.03700000047683716,0.22630000114440918
YGL253W,YOR357C,0,-1.2134897,0.016079965978860855,0.03700000047683716,0.2264000028371811
YNL217W,YBR283C,0,-1.214059,0.01607297919690609,0.03700000047683716,0.226500004529953
YOL107W,YBR122C,0,-1.2141613,0.01606600172817707,0.03700000047683716,0.22660000622272491
YKL009W,YJL174W,0,-1.2145127,0.01605902798473835,0.03700000047683716,0.22669999301433563
YML091C,YLR164W,0,-1.2146641,0.016052059829235077,0.03700000047683716,0.22679999470710754
YER179W,YEL050C,0,-1.214905,0.0160450991243124,0.03700000047683716,0.22689999639987946
YPR143W,YLR426W,0,-1.2150303,0.016038144007325172,0.03700000047683716,0.22699999809265137
YMR159C,YJL114W,0,-1.2155093,0.01603119634091854,0.03700000047683716,0.22709999978542328
YNL158W,YOR378W,0,-1.2159327,0.016024252399802208,0.03700000047683716,0.2272000014781952
YNL094W,YNL095C,0,-1.2159878,0.016017315909266472,0.03700000047683716,0.2273000031709671
YDR288W,YER150W,0,-1.2164363,0.016010385006666183,0.03700000047683716,0.227400004863739
YDL077C,YJR143C,0,-1.2166624,0.016003459692001343,0.03700000047683716,0.22750000655651093
YKR057W,YMR295C,0,-1.2169062,0.0159965418279171,0.03700000047683716,0.22759999334812164
YGL014W,YKR097W,0,-1.2169479,0.015989627689123154,0.03700000047683716,0.22769999504089355
YBR271W,YOL123W,0,-1.217226,0.015982721000909805,0.03700000047683716,0.22779999673366547
YLR194C,YML100W,0,-1.2173976,0.015975819900631905,0.03700000047683716,0.22789999842643738
YER096W,YNL068C,0,-1.2175,0.0159689262509346,0.03700000047683716,0.2280000001192093
YBR185C,YKR096W,0,-1.2178423,0.015962036326527596,0.03700000047683716,0.2281000018119812
YLR278C,YHR041C,0,-1.2186035,0.015955153852701187,0.03700000047683716,0.2282000035047531
YGL259W,YAL035W,0,-1.2189525,0.015948275104165077,0.03700000047683716,0.22830000519752502
YPL056C,YKR028W,0,-1.2191128,0.015941403806209564,0.03700000047683716,0.22840000689029694
YDR052C,YGR026W,0,-1.2191151,0.015934539958834648,0.03700000047683716,0.22849999368190765
YFR018C,YEL018W,0,-1.219177,0.01592767983675003,0.03700000047683716,0.22859999537467957
YER114C,YPR091C,0,-1.2193865,0.01592082530260086,0.03700000047683716,0.22869999706745148
YLR446W,YGL035C,0,-1.2198163,0.015913978219032288,0.03700000047683716,0.2287999987602234
YAL040C,YKL079W,0,-1.2198561,0.015907136723399162,0.03700000047683716,0.2289000004529953
YOL086C,YHR118C,0,-1.220092,0.015900300815701485,0.03700000047683716,0.2290000021457672
YNL007C,YPL157W,0,-1.2205871,0.015893470495939255,0.03700000047683716,0.22910000383853912
YJR082C,YIL170W,0,-1.2207894,0.015886645764112473,0.03700000047683716,0.22920000553131104
YGR194C,YPR003C,0,-1.221047,0.015879828482866287,0.03700000047683716,0.22930000722408295
YHR169W,YIL171W,0,-1.2211934,0.01587301678955555,0.03700000047683716,0.22939999401569366
YOL140W,YOR369C,0,-1.2213959,0.01586620882153511,0.03700000047683716,0.22949999570846558
YKL161C,YEL036C,0,-1.2216672,0.015859408304095268,0.03700000047683716,0.2295999974012375
YMR210W,YIL134W,0,-1.2216694,0.015852613374590874,0.03700000047683716,0.2296999990940094
YFR045W,YOR260W,0,-1.2224504,0.015845824033021927,0.03700000047683716,0.2298000007867813
YPR011C,YKL195W,0,-1.2225758,0.015839040279388428,0.03700000047683716,0.22990000247955322
YHL026C,YHL011C,0,-1.2229278,0.015832263976335526,0.03700000047683716,0.23000000417232513
YBR247C,YJR108W,0,-1.2230626,0.015825491398572922,0.03700000047683716,0.23010000586509705
YDR368W,YDR018C,0,-1.2234007,0.015818726271390915,0.03700000047683716,0.23019999265670776
YOL040C,YOL057W,0,-1.2238544,0.015811966732144356,0.03700000047683716,0.23029999434947968
YMR130W,YOR162C,0,-1.2239333,0.015805210918188095,0.03700000047683716,0.2303999960422516
YOR358W,YGL185C,0,-1.2239722,0.01579846255481243,0.03700000047683716,0.2304999977350235
YOL120C,YGR156W,0,-1.2243739,0.015791719779372215,0.03700000047683716,0.2305999994277954
YIR014W,YLR151C,0,-1.2243786,0.015784982591867447,0.03700000047683716,0.23070000112056732
YJR107W,YHR064C,0,-1.2245256,0.015778250992298126,0.03700000047683716,0.23080000281333923
YAL059W,YNR061C,0,-1.2245692,0.015771526843309402,0.03700000047683716,0.23090000450611115
YJR065C,YBR183W,0,-1.2246825,0.015764806419610977,0.03700000047683716,0.23100000619888306
YOL152W,YBR045C,0,-1.2249969,0.015758091583848,0.03700000047683716,0.23109999299049377
YNL045W,YJR010W,0,-1.2251083,0.01575138419866562,0.03700000047683716,0.23119999468326569
YKL026C,YMR012W,0,-1.2252029,0.015744680538773537,0.03700000047683716,0.2312999963760376
YPR175W,YPR026W,0,-1.2253764,0.01573798432946205,0.03700000047683716,0.2313999980688095
YNL115C,YIL013C,0,-1.2256982,0.015731291845440865,0.03700000047683716,0.23149999976158142
YJL165C,YNL115C,0,-1.2258164,0.015724606812000275,0.03700000047683716,0.23160000145435333
YEL029C,YHR035W,0,-1.2258542,0.015717927366495132,0.03700000047683716,0.23170000314712524
YAR009C,YPL155C,0,-1.2260319,0.015711253508925438,0.03700000047683716,0.23180000483989716
YHR017W,YNR067C,0,-1.2267481,0.015704583376646042,0.03700000047683716,0.23190000653266907
YMR184W,YDR306C,1,-1.2269113,0.016122188419103622,0.03799999877810478,0.23190000653266907
YER179W,YMR145C,0,-1.2274898,0.016115352511405945,0.03799999877810478,0.23199999332427979
YER087W,YIL136W,0,-1.2276565,0.016108520328998566,0.03799999877810478,0.2320999950170517
YDR248C,YJR126C,0,-1.2282072,0.016101695597171783,0.03799999877810478,0.2321999967098236
YLR175W,YEL048C,0,-1.2286191,0.0160948745906353,0.03799999877810478,0.23229999840259552
YGL027C,YDR026C,0,-1.2286853,0.016088061034679413,0.03799999877810478,0.23240000009536743
YFL066C,YNR013C,0,-1.2288433,0.016081253066658974,0.03799999877810478,0.23250000178813934
YPR070W,YOR338W,0,-1.2289696,0.016074450686573982,0.03799999877810478,0.23260000348091125
YGL241W,YIL096C,0,-1.2290143,0.01606765389442444,0.03799999877810478,0.23270000517368317
YEL043W,YDR139C,0,-1.2292124,0.016060862690210342,0.03799999877810478,0.23280000686645508
YNL146W,YOL070C,0,-1.2293919,0.016054077073931694,0.03799999877810478,0.2328999936580658
YOR001W,YIL177C,0,-1.2298251,0.016047297045588493,0.03799999877810478,0.2329999953508377
YOR381W,YPR041W,0,-1.2302872,0.01604052260518074,0.03799999877810478,0.23309999704360962
YOR070C,YOR131C,0,-1.2303921,0.016033755615353584,0.03799999877810478,0.23319999873638153
YOR230W,YER142C,0,-1.2307504,0.016026992350816727,0.03799999877810478,0.23330000042915344
YPL111W,YHR009C,0,-1.2308294,0.016020236536860466,0.03799999877810478,0.23340000212192535
YJR029W,YPR155C,0,-1.2310752,0.016013484448194504,0.03799999877810478,0.23350000381469727
YFL066C,YDR390C,0,-1.2312747,0.01600673981010914,0.03799999877810478,0.23360000550746918
YMR004W,YJL149W,0,-1.2314359,0.01600000075995922,0.03799999877810478,0.2337000072002411
YBR142W,YGR026W,0,-1.2315923,0.015993265435099602,0.03799999877810478,0.2337999939918518
YBR012W-A,YDL055C,0,-1.2318771,0.01598653756082058,0.03799999877810478,0.23389999568462372
YDR301W,YGR071C,0,-1.232491,0.015979815274477005,0.03799999877810478,0.23399999737739563
YOR317W,YOR279C,0,-1.232733,0.015973098576068878,0.03799999877810478,0.23409999907016754
YKL024C,YML030W,0,-1.233304,0.0159663874655962,0.03799999877810478,0.23420000076293945
YNL055C,YGR179C,0,-1.2334052,0.01595968008041382,0.03799999877810478,0.23430000245571136
YBR016W,YGR138C,0,-1.2335315,0.015952980145812035,0.03799999877810478,0.23440000414848328
YNL175C,YOR378W,0,-1.2336186,0.0159462857991457,0.03799999877810478,0.2345000058412552
YER012W,YDR131C,1,-1.2336541,0.016359061002731323,0.039000000804662704,0.2345000058412552
YOR335C,YGL085W,0,-1.233787,0.016352200880646706,0.039000000804662704,0.2345999926328659
YOR096W,YHR175W,0,-1.234,0.016345348209142685,0.039000000804662704,0.23469999432563782
YOR191W,YHR035W,0,-1.2341121,0.016338501125574112,0.039000000804662704,0.23479999601840973
YFL029C,YGR060W,0,-1.2341632,0.016331657767295837,0.039000000804662704,0.23489999771118164
YLR264W,YKR053C,0,-1.2342584,0.01632482185959816,0.039000000804662704,0.23499999940395355
YGR113W,YJL148W,0,-1.2343494,0.01631799153983593,0.039000000804662704,0.23510000109672546
YGR056W,YML133C,0,-1.2344017,0.016311166808009148,0.039000000804662704,0.23520000278949738
YLR352W,YGR078C,0,-1.2346305,0.016304347664117813,0.039000000804662704,0.2353000044822693
YPR026W,YKL090W,0,-1.2347165,0.016297534108161926,0.039000000804662704,0.2354000061750412
YGR052W,YGL068W,0,-1.235091,0.016290726140141487,0.039000000804662704,0.23549999296665192
YGL209W,YOR271C,0,-1.2353432,0.016283925622701645,0.039000000804662704,0.23559999465942383
YMR086W,YIL172C,0,-1.2354344,0.0162771288305521,0.039000000804662704,0.23569999635219574
YGL158W,YDL137W,0,-1.235902,0.016270337626338005,0.039000000804662704,0.23579999804496765
YLR377C,YGR296W,0,-1.2362715,0.016263553872704506,0.039000000804662704,0.23589999973773956
YDR245W,YHL008C,0,-1.2362939,0.016256773844361305,0.039000000804662704,0.23600000143051147
YOR145C,YLR092W,0,-1.2366346,0.016249999403953552,0.039000000804662704,0.2361000031232834
YDR306C,YLR417W,1,-1.2371902,0.016659725457429886,0.03999999910593033,0.2361000031232834
YPR011C,YPL130W,0,-1.2376016,0.01665278896689415,0.03999999910593033,0.2362000048160553
YBR087W,YCR045C,0,-1.2377284,0.01664585992693901,0.03999999910593033,0.2363000065088272
YBR009C,YAR033W,0,-1.2382482,0.01663893461227417,0.03999999910593033,0.23639999330043793
YER130C,YEL021W,0,-1.2382561,0.016632016748189926,0.03999999910593033,0.23649999499320984
YLR193C,YGR035C,0,-1.2386466,0.01662510447204113,0.03999999910593033,0.23659999668598175
YDR405W,YKR078W,0,-1.2387408,0.01661819778382778,0.03999999910593033,0.23669999837875366
YER060W-A,YOR374W,0,-1.2388059,0.016611294820904732,0.03999999910593033,0.23680000007152557
YGR262C,YOR304C-A,0,-1.238891,0.01660439930856228,0.03999999910593033,0.23690000176429749
YPR003C,YDL148C,0,-1.2390125,0.016597511246800423,0.03999999910593033,0.2370000034570694
YDL121C,YGL191W,0,-1.2392257,0.016590626910328865,0.03999999910593033,0.2371000051498413
YJL225C,YGR229C,0,-1.23923,0.016583748161792755,0.03999999910593033,0.23720000684261322
YGL192W,YDL227C,0,-1.2393261,0.016576875001192093,0.03999999910593033,0.23729999363422394
YML045W,YFL023W,0,-1.2395778,0.01657000742852688,0.03999999910593033,0.23739999532699585
YPL167C,YOL057W,0,-1.2399629,0.01656314730644226,0.03999999910593033,0.23749999701976776
YKL129C,YJR120W,0,-1.2401488,0.01655629090964794,0.03999999910593033,0.23759999871253967
YPR026W,YPR003C,0,-1.2404646,0.01654944196343422,0.03999999910593033,0.23770000040531158
YDR009W,YJL181W,0,-1.2405785,0.016542596742510796,0.03999999910593033,0.2378000020980835
YHR172W,YMR087W,0,-1.2406718,0.01653575897216797,0.03999999910593033,0.2379000037908554
YPR096C,YOR138C,0,-1.2412335,0.01652892492711544,0.03999999910593033,0.23800000548362732
YIL019W,YDR129C,0,-1.2412585,0.01652209833264351,0.03999999910593033,0.23810000717639923
YNL182C,YBL010C,0,-1.2414397,0.016515277326107025,0.03999999910593033,0.23819999396800995
YNL206C,YJL190C,0,-1.2414607,0.01650846004486084,0.03999999910593033,0.23829999566078186
YLR009W,YPR049C,0,-1.241471,0.01650165021419525,0.03999999910593033,0.23839999735355377
YER114C,YML133C,0,-1.2415911,0.01649484597146511,0.03999999910593033,0.23849999904632568
YER081W,YGR214W,0,-1.2416543,0.01648804545402527,0.03999999910593033,0.2386000007390976
YFL010W-A,YDL141W,0,-1.2418461,0.016481252387166023,0.03999999910593033,0.2387000024318695
YIL053W,YHL026C,0,-1.2421914,0.016474464908242226,0.03999999910593033,0.23880000412464142
YPR169W,YOR298W,0,-1.2423022,0.016467683017253876,0.03999999910593033,0.23890000581741333
YNL007C,YKR072C,0,-1.2423924,0.016460904851555824,0.03999999910593033,0.23899999260902405
YNL217W,YGR200C,0,-1.2430696,0.01645413413643837,0.03999999910593033,0.23909999430179596
YER131W,YKR101W,0,-1.2431073,0.016447369009256363,0.03999999910593033,0.23919999599456787
YAR010C,YKR008W,0,-1.2431334,0.016440607607364655,0.03999999910593033,0.23929999768733978
YPL137C,YOL165C,0,-1.2434733,0.016433853656053543,0.03999999910593033,0.2393999993801117
YLR389C,YDR240C,0,-1.2436849,0.01642710529267788,0.03999999910593033,0.2395000010728836
YEL070W,YGL062W,0,-1.2437663,0.016420360654592514,0.03999999910593033,0.23960000276565552
YPL176C,YJL034W,1,-1.2440635,0.016823964193463326,0.04100000113248825,0.23960000276565552
YHR023W,YNL046W,0,-1.2446877,0.016817063093185425,0.04100000113248825,0.23970000445842743
YAL059W,YGL009C,0,-1.244929,0.016810167580842972,0.04100000113248825,0.23980000615119934
YPL150W,YNL212W,0,-1.2457026,0.016803279519081116,0.04100000113248825,0.23989999294281006
YLR467W,YMR081C,0,-1.246138,0.016796395182609558,0.04100000113248825,0.23999999463558197
YJR015W,YGR268C,0,-1.2461576,0.016789516434073448,0.04100000113248825,0.24009999632835388
YDR387C,YLR033W,0,-1.2463902,0.016782645136117935,0.04100000113248825,0.2401999980211258
YMR264W,YDR131C,1,-1.2464885,0.017184942960739136,0.041999999433755875,0.2401999980211258
YMR046C,YIL093C,0,-1.246562,0.017177913337945938,0.041999999433755875,0.2402999997138977
YJL162C,YGR012W,0,-1.2466873,0.017170891165733337,0.041999999433755875,0.24040000140666962
YLL016W,YDR076W,0,-1.246755,0.017163874581456184,0.041999999433755875,0.24050000309944153
YLR432W,YBR125C,0,-1.2467831,0.01715686358511448,0.041999999433755875,0.24060000479221344
YLR356W,YIL132C,0,-1.2467984,0.017149856314063072,0.041999999433755875,0.24070000648498535
YDR402C,YNL086W,0,-1.2468853,0.017142856493592262,0.041999999433755875,0.24079999327659607
YFR008W,YAL023C,0,-1.2468871,0.0171358622610569,0.041999999433755875,0.24089999496936798
YJL069C,YJR153W,0,-1.2469305,0.017128873616456985,0.041999999433755875,0.2409999966621399
YFL056C,YDR280W,0,-1.2470045,0.017121892422437668,0.041999999433755875,0.2410999983549118
YML128C,YBR003W,0,-1.2471741,0.01711491495370865,0.041999999433755875,0.24120000004768372
YML021C,YDR090C,0,-1.2474581,0.017107943072915077,0.041999999433755875,0.24130000174045563
YJR054W,YOL064C,0,-1.2475754,0.017100976780056953,0.041999999433755875,0.24140000343322754
YGL089C,YPR086W,0,-1.2477349,0.017094017937779427,0.041999999433755875,0.24150000512599945
YBL113C,YGR036C,0,-1.2478584,0.017087062820792198,0.041999999433755875,0.24160000681877136
YDL085W,YHR092C,0,-1.2480196,0.017080113291740417,0.041999999433755875,0.24169999361038208
YNL101W,YBR191W,0,-1.2480661,0.017073171213269234,0.041999999433755875,0.241799995303154
YPR096C,YDR375C,0,-1.248145,0.01706623286008835,0.041999999433755875,0.2418999969959259
YPL130W,YBR271W,0,-1.2481638,0.01705930195748806,0.041999999433755875,0.24199999868869781
YGL171W,YGL256W,0,-1.248164,0.01705237478017807,0.041999999433755875,0.24210000038146973
YOR393W,YCL044C,0,-1.2482822,0.017045455053448677,0.041999999433755875,0.24220000207424164
YDR306C,YML013W,1,-1.2485524,0.017444219440221786,0.0430000014603138,0.24220000207424164
YHR204W,YDR131C,1,-1.2485822,0.01784265972673893,0.04399999976158142,0.24220000207424164
YMR322C,YGR211W,0,-1.2485921,0.017835427075624466,0.04399999976158142,0.24230000376701355
YLR098C,YOR020C,0,-1.2488085,0.0178282018750906,0.04399999976158142,0.24240000545978546
YDR416W,YOR251C,0,-1.2488438,0.01782098039984703,0.04399999976158142,0.24250000715255737
YDR261C,YNR071C,0,-1.2489845,0.01781376451253891,0.04399999976158142,0.2425999939441681
YPR036W,YER033C,0,-1.2492913,0.017806556075811386,0.04399999976158142,0.24269999563694
YHL040C,YLR430W,0,-1.2494552,0.01779935322701931,0.04399999976158142,0.24279999732971191
YLR356W,YMR114C,0,-1.2495121,0.01779215596616268,0.04399999976158142,0.24289999902248383
YOL121C,YOL123W,0,-1.2495853,0.0177849642932415,0.04399999976158142,0.24300000071525574
YEL031W,YPR114W,0,-1.2499706,0.017777778208255768,0.04399999976158142,0.24310000240802765
YLL066C,YER091C,0,-1.2500604,0.017770597711205482,0.04399999976158142,0.24320000410079956
YLR385C,YNL110C,0,-1.2500609,0.017763422802090645,0.04399999976158142,0.24330000579357147
YGR070W,YNL122C,0,-1.2501873,0.017756255343556404,0.04399999976158142,0.2433999925851822
YOL053C-A,YDR096W,0,-1.2510145,0.017749091610312462,0.04399999976158142,0.2434999942779541
YPL189C-A,YDL067C,0,-1.2511817,0.017741935327649117,0.04399999976158142,0.243599995970726
YER082C,YMR074C,0,-1.2512299,0.01773478463292122,0.04399999976158142,0.24369999766349792
YHR005C,YGR142W,0,-1.2514914,0.01772763952612877,0.04399999976158142,0.24379999935626984
YER179W,YHR140W,0,-1.2516967,0.017720500007271767,0.04399999976158142,0.24390000104904175
YDR201W,YLL017W,0,-1.2518587,0.017713366076350212,0.04399999976158142,0.24400000274181366
YIL170W,YNR019W,0,-1.2519206,0.017706237733364105,0.04399999976158142,0.24410000443458557
YBR198C,YJL181W,0,-1.2520355,0.017699114978313446,0.04399999976158142,0.24420000612735748
YLR446W,YJL085W,0,-1.2520431,0.017691997811198235,0.04399999976158142,0.2442999929189682
YJL025W,YNL318C,0,-1.2520604,0.01768488809466362,0.04399999976158142,0.2443999946117401
YNL242W,YNL213C,0,-1.2520727,0.017677782103419304,0.04399999976158142,0.24449999630451202
YML030W,YBR119W,0,-1.2522086,0.017670683562755585,0.04399999976158142,0.24459999799728394
YPR175W,YHR209W,0,-1.2524585,0.017663588747382164,0.04399999976158142,0.24469999969005585
YOR092W,YOR378W,0,-1.2528362,0.01765650138258934,0.04399999976158142,0.24480000138282776
YJL174W,YAL060W,0,-1.2533977,0.017649417743086815,0.04399999976158142,0.24490000307559967
YPL103C,YMR049C,0,-1.2534405,0.017642341554164886,0.04399999976158142,0.24500000476837158
YHL034C,YLR139C,0,-1.253738,0.017635270953178406,0.04399999976158142,0.2451000064611435
YLR224W,YNL159C,1,-1.2538056,0.018028846010565758,0.04500000178813934,0.2451000064611435
YKL081W,YGR047C,0,-1.2541273,0.01802162639796734,0.04500000178813934,0.2451999932527542
YIL018W,YJL013C,0,-1.2545315,0.018014412373304367,0.04500000178813934,0.24529999494552612
YHR029C,YPL175W,0,-1.2551733,0.018007202073931694,0.04500000178813934,0.24539999663829803
YNL188W,YJR026W,0,-1.255526,0.017999999225139618,0.04500000178813934,0.24549999833106995
YGR234W,YBL014C,0,-1.2555923,0.01799280196428299,0.04500000178813934,0.24560000002384186
YOR124C,YLL017W,0,-1.2560014,0.017985612154006958,0.04500000178813934,0.24570000171661377
YLR287C-A,YGL128C,0,-1.2560085,0.017978426069021225,0.04500000178813934,0.24580000340938568
YIL096C,YHR035W,0,-1.2562064,0.01797124557197094,0.04500000178813934,0.2459000051021576
YDL105W,YPR016C,0,-1.2563139,0.01796407252550125,0.04500000178813934,0.2460000067949295
YIR009W,YKR078W,0,-1.2568103,0.01795690320432186,0.04500000178813934,0.24609999358654022
YOR247W,YGR245C,0,-1.2573622,0.017949741333723068,0.04500000178813934,0.24619999527931213
YIL123W,YDL111C,0,-1.2573771,0.017942583188414574,0.04500000178813934,0.24629999697208405
YKL217W,YGR162W,0,-1.2579151,0.017935432493686676,0.04500000178813934,0.24639999866485596
YHR113W,YHR064C,0,-1.2581534,0.017928287386894226,0.04500000178813934,0.24650000035762787
YFL066C,YEL064C,0,-1.2581779,0.017921147868037224,0.04500000178813934,0.24660000205039978
YMR071C,YOR389W,0,-1.258179,0.01791401207447052,0.04500000178813934,0.2467000037431717
YBL087C,YOR049C,0,-1.2582074,0.017906883731484413,0.04500000178813934,0.2468000054359436
YPL085W,YHR080C,0,-1.2585012,0.017899760976433754,0.04500000178813934,0.24690000712871552
YKR054C,YJL171C,0,-1.2585205,0.017892643809318542,0.04500000178813934,0.24699999392032623
YPL076W,YDL083C,0,-1.2586776,0.01788553223013878,0.04500000178813934,0.24709999561309814
YJL044C,YHR140W,0,-1.2588784,0.017878426238894463,0.04500000178813934,0.24719999730587006
YEL037C,YDR131C,1,-1.2589246,0.018268467858433723,0.04600000008940697,0.24719999730587006
YOL052C,YIL171W,0,-1.2590235,0.018261214718222618,0.04600000008940697,0.24729999899864197
YDR358W,YOR249C,1,-1.2590922,0.01865079440176487,0.04699999839067459,0.24729999899864197
YPR063C,YGL200C,0,-1.2594491,0.018643395975232124,0.04699999839067459,0.24740000069141388
YBR155W,YOR388C,0,-1.2594757,0.018636003136634827,0.04699999839067459,0.2475000023841858
YDR353W,YML133C,0,-1.2598821,0.018628615885972977,0.04699999839067459,0.2476000040769577
YGR058W,YHR140W,0,-1.2600845,0.018621236085891724,0.04699999839067459,0.24770000576972961
YDL119C,YKR093W,0,-1.2600977,0.01861386187374592,0.04699999839067459,0.24779999256134033
YNL298W,YBR066C,0,-1.2611943,0.01860649324953556,0.04699999839067459,0.24789999425411224
YPR042C,YPL276W,0,-1.2616129,0.01859913021326065,0.04699999839067459,0.24799999594688416
YER060W,YLR040C,0,-1.2616525,0.01859177276492119,0.04699999839067459,0.24809999763965607
YLR074C,YDL129W,0,-1.2618657,0.018584420904517174,0.04699999839067459,0.24819999933242798
YER175C,YDL117W,0,-1.261928,0.018577074632048607,0.04699999839067459,0.2483000010251999
YBL087C,YDR076W,0,-1.2620736,0.018569735810160637,0.04699999839067459,0.2484000027179718
YKL063C,YLR170C,0,-1.2621938,0.018562400713562965,0.04699999839067459,0.2485000044107437
YGL240W,YOR259C,1,-1.2625192,0.01894986256957054,0.04800000041723251,0.2485000044107437
YJL114W,YOR054C,0,-1.2630271,0.01894238404929638,0.04800000041723251,0.24860000610351562
YPR036W,YOR113W,0,-1.2632917,0.018934911116957664,0.04800000041723251,0.24869999289512634
YOR285W,YKL007W,0,-1.2633713,0.018927445635199547,0.04800000041723251,0.24879999458789825
YLR301W,YGL246C,0,-1.2639514,0.018919983878731728,0.04800000041723251,0.24889999628067017
YJL155C,YPL252C,0,-1.2642014,0.018912529572844505,0.04800000041723251,0.24899999797344208
YML071C,YOR267C,0,-1.2642484,0.01890508085489273,0.04800000041723251,0.249099999666214
YPR137W,YPL095C,0,-1.2647291,0.018897637724876404,0.04800000041723251,0.2492000013589859
YDR380W,YIL080W,0,-1.2651008,0.018890200182795525,0.04800000041723251,0.2493000030517578
YNL286W,YLR134W,0,-1.2651857,0.018882770091295242,0.04800000041723251,0.24940000474452972
YHR108W,YER143W,1,-1.2657214,0.01926857978105545,0.04899999871850014,0.24940000474452972
YOR096W,YJL006C,0,-1.2661363,0.019261006265878677,0.04899999871850014,0.24950000643730164
YGL051W,YGR254W,0,-1.2665638,0.019253438338637352,0.04899999871850014,0.24959999322891235
YIL061C,YNL092W,0,-1.2667203,0.019245875999331474,0.04899999871850014,0.24969999492168427
YDR144C,YJL026W,0,-1.2668828,0.019238319247961044,0.04899999871850014,0.24979999661445618
YAL063C,YPL149W,0,-1.2669953,0.01923076994717121,0.04899999871850014,0.2498999983072281
YLL055W,YKL085W,0,-1.2671173,0.019223224371671677,0.04899999871850014,0.25
YLR099C,YBR089C-A,0,-1.2673395,0.01921568624675274,0.04899999871850014,0.2500999867916107
YLR284C,YDR090C,0,-1.267393,0.01920815370976925,0.04899999871850014,0.2502000033855438
YDR244W,YIL076W,0,-1.2674457,0.019200626760721207,0.04899999871850014,0.25029999017715454
YNL115C,YMR002W,0,-1.2681328,0.019193105399608612,0.04899999871850014,0.25040000677108765
YOL132W,YOR260W,0,-1.268169,0.019185591489076614,0.04899999871850014,0.25049999356269836
YDR211W,YIL171W,0,-1.2681972,0.019178081303834915,0.04899999871850014,0.25060001015663147
YKL183W,YLR160C,0,-1.2682054,0.019170578569173813,0.04899999871850014,0.2506999969482422
YIL046W,YLR224W,1,-1.2683886,0.01955416426062584,0.05000000074505806,0.2506999969482422
YLR191W,YKR096W,0,-1.2689784,0.019546519964933395,0.05000000074505806,0.2508000135421753
YLR301W,YOR057W,0,-1.2690753,0.01953888311982155,0.05000000074505806,0.250900000333786
YOR393W,YHR021C,0,-1.269232,0.01953125,0.05000000074505806,0.25099998712539673
YFR045W,YPR131C,0,-1.2692605,0.01952362433075905,0.05000000074505806,0.25110000371932983
YDR131C,YFL049W,1,-1.2692926,0.01990632340312004,0.050999999046325684,0.25110000371932983
YKL058W,YPL093W,0,-1.2693605,0.019898556172847748,0.050999999046325684,0.25119999051094055
YDR262W,YLR429W,0,-1.2695827,0.01989079639315605,0.050999999046325684,0.25130000710487366
YOR356W,YCR052W,0,-1.2697196,0.019883040338754654,0.050999999046325684,0.2513999938964844
YHR113W,YGL144C,0,-1.2697394,0.019875291734933853,0.050999999046325684,0.2515000104904175
YPR010C,YOL029C,0,-1.2699834,0.01986755058169365,0.050999999046325684,0.2515999972820282
YML099C,YDR065W,0,-1.270049,0.019859813153743744,0.050999999046325684,0.2517000138759613
YKL058W,YKL029C,0,-1.2701639,0.019852083176374435,0.050999999046325684,0.251800000667572
YKL034W,YDR131C,1,-1.2701789,0.020233463495969772,0.052000001072883606,0.251800000667572
YDR002W,YGL227W,1,-1.2703985,0.02061454765498638,0.05299999937415123,0.251800000667572
YPL096C-A,YKL140W,0,-1.2707282,0.02060653269290924,0.05299999937415123,0.25189998745918274
YDL059C,YBR121C,0,-1.271258,0.020598523318767548,0.05299999937415123,0.25200000405311584
YKL088W,YOL023W,0,-1.2713454,0.02059052139520645,0.05299999937415123,0.25209999084472656
YGL095C,YKL138C-A,0,-1.2714807,0.020582525059580803,0.05299999937415123,0.25220000743865967
YML045W,YPL021W,0,-1.2720509,0.020574534311890602,0.05299999937415123,0.2522999942302704
YKL103C,YDR443C,0,-1.2722652,0.020566551014780998,0.05299999937415123,0.2524000108242035
YOR099W,YJL206C,0,-1.2723498,0.020558573305606842,0.05299999937415123,0.2524999976158142
YLR164W,YNL289W,0,-1.2726451,0.020550601184368134,0.05299999937415123,0.2526000142097473
YDL130W,YGR263C,0,-1.2731853,0.020542636513710022,0.05299999937415123,0.25270000100135803
YML040W,YLR289W,0,-1.2733443,0.02053467556834221,0.05299999937415123,0.25279998779296875
YOR068C,YOL151W,0,-1.2741342,0.020526723936200142,0.05299999937415123,0.25290000438690186
YDR528W,YFL026W,0,-1.2741817,0.020518776029348373,0.05299999937415123,0.2529999911785126
YDR444W,YNL049C,0,-1.2743299,0.020510835573077202,0.05299999937415123,0.2531000077724457
YFR018C,YGL068W,0,-1.2745165,0.020502900704741478,0.05299999937415123,0.2531999945640564
YJR015W,YMR097C,0,-1.2750913,0.02049497328698635,0.05299999937415123,0.2533000111579895
YNL202W,YJL046W,0,-1.2752165,0.020487051457166672,0.05299999937415123,0.2533999979496002
YIL153W,YIL177C,0,-1.2755421,0.02047913521528244,0.05299999937415123,0.2535000145435333
YDR248C,YIL137C,0,-1.275781,0.020471224561333656,0.05299999937415123,0.25360000133514404
YMR074C,YPR037C,0,-1.2765869,0.02046332135796547,0.05299999937415123,0.25369998812675476
YDR315C,YOR019W,0,-1.2767338,0.02045542187988758,0.05299999937415123,0.25380000472068787
YBL113C,YDL192W,0,-1.2769073,0.02044753171503544,0.05299999937415123,0.2538999915122986
YHL035C,YBR150C,0,-1.2770096,0.020439645275473595,0.05299999937415123,0.2540000081062317
YBR026C,YGR113W,0,-1.2771635,0.020431766286492348,0.05299999937415123,0.2540999948978424
YER070W,YER060W,0,-1.2773345,0.02042389288544655,0.05299999937415123,0.2542000114917755
YPR011C,YGR101W,0,-1.277423,0.020416025072336197,0.05299999937415123,0.25429999828338623
YJL149W,YKL038W,0,-1.2776787,0.020408162847161293,0.05299999937415123,0.25440001487731934
YGR044C,YLR333C,0,-1.2778796,0.020400308072566986,0.05299999937415123,0.25450000166893005
YER126C,YDR256C,0,-1.2780815,0.020392458885908127,0.05299999937415123,0.25459998846054077
YIL078W,YLR014C,0,-1.2781337,0.020384615287184715,0.05299999937415123,0.2547000050544739
YMR160W,YGR221C,0,-1.278141,0.02037677727639675,0.05299999937415123,0.2547999918460846
YLL053C,YJL097W,0,-1.2782336,0.020368946716189384,0.05299999937415123,0.2549000084400177
YNL061W,YPL110C,0,-1.2782676,0.020361121743917465,0.05299999937415123,0.2549999952316284
YLR209C,YMR118C,0,-1.2787251,0.020353302359580994,0.05299999937415123,0.2551000118255615
YDL243C,YIL087C,0,-1.2791072,0.02034548856317997,0.05299999937415123,0.25519999861717224
YJR028W,YPL178W,0,-1.2796549,0.020337682217359543,0.05299999937415123,0.25529998540878296
YNL176C,YJL029C,0,-1.2801229,0.020329881459474564,0.05299999937415123,0.25540000200271606
YDR065W,YOR250C,0,-1.2804713,0.020322086289525032,0.05299999937415123,0.2554999887943268
YML040W,YDL054C,0,-1.280701,0.020314296707510948,0.05299999937415123,0.2556000053882599
YPL068C,YOR232W,0,-1.2807606,0.020306512713432312,0.05299999937415123,0.2556999921798706
YPL248C,YHL035C,0,-1.2808051,0.020298736169934273,0.05299999937415123,0.2558000087738037
YPR097W,YPL033C,0,-1.2808154,0.02029096521437168,0.05299999937415123,0.25589999556541443
YBL069W,YDR451C,0,-1.2808317,0.020283199846744537,0.05299999937415123,0.25600001215934753
YDR213W,YKL117W,0,-1.2808961,0.02027544006705284,0.05299999937415123,0.25609999895095825
YHR214W,YMR089C,0,-1.281005,0.020267685875296593,0.05299999937415123,0.25619998574256897
YLR007W,YGR254W,0,-1.2810341,0.02025993913412094,0.05299999937415123,0.2563000023365021
YBR046C,YML030W,0,-1.2815825,0.020252197980880737,0.05299999937415123,0.2563999891281128
YGR122W,YMR158W,0,-1.282513,0.020244460552930832,0.05299999937415123,0.2565000057220459
YNL248C,YAL039C,0,-1.2828829,0.020236732438206673,0.05299999937415123,0.2565999925136566
YPL101W,YPL240C,0,-1.283079,0.020229008048772812,0.05299999937415123,0.2567000091075897
YBL005W-B,YDR261C,0,-1.2831722,0.0202212892472744,0.05299999937415123,0.25679999589920044
YMR292W,YLR283W,0,-1.2834476,0.020213577896356583,0.05299999937415123,0.25690001249313354
YDL087C,YMR099C,0,-1.2841849,0.020205870270729065,0.05299999937415123,0.25699999928474426
YNL217W,YKR096W,0,-1.2851007,0.020198170095682144,0.05299999937415123,0.257099986076355
YPR097W,YLR304C,0,-1.2854214,0.02019047550857067,0.05299999937415123,0.2572000026702881
YDR092W,YLR414C,0,-1.285515,0.020182788372039795,0.05299999937415123,0.2572999894618988
YOR109W,YDL121C,0,-1.2855781,0.020175104960799217,0.05299999937415123,0.2574000060558319
YNL092W,YGL195W,0,-1.2856232,0.020167427137494087,0.05299999937415123,0.2574999928474426
YAR031W,YDL039C,0,-1.2857519,0.020159756764769554,0.05299999937415123,0.25760000944137573
YGL073W,YDL144C,0,-1.2858782,0.02015209197998047,0.05299999937415123,0.25769999623298645
YMR257C,YLL067C,0,-1.2859377,0.020144430920481682,0.05299999937415123,0.25780001282691956
YJR015W,YNL131W,0,-1.2859548,0.020136777311563492,0.05299999937415123,0.2578999996185303
YOR292C,YOR265W,0,-1.2859668,0.0201291311532259,0.05299999937415123,0.257999986410141
YMR257C,YBR267W,0,-1.2863907,0.020121488720178604,0.05299999937415123,0.2581000030040741
YKR095W-A,YOR377W,0,-1.2864269,0.020113851875066757,0.05299999937415123,0.2581999897956848
YJR098C,YJR119C,0,-1.2866551,0.020106220617890358,0.05299999937415123,0.2583000063896179
YDR423C,YLR061W,0,-1.2867451,0.020098596811294556,0.05299999937415123,0.25839999318122864
YBR046C,YDR444W,0,-1.28704,0.0200909785926342,0.05299999937415123,0.25850000977516174
YNL092W,YDR478W,0,-1.2871807,0.020083364099264145,0.05299999937415123,0.25859999656677246
YBL098W,YGR288W,0,-1.2878791,0.020075757056474686,0.05299999937415123,0.25870001316070557
YDR447C,YJL078C,0,-1.2885616,0.020068155601620674,0.05299999937415123,0.2587999999523163
YPR138C,YOR374W,0,-1.288617,0.02006055973470211,0.05299999937415123,0.258899986743927
YHR149C,YMR262W,0,-1.2890116,0.020052969455718994,0.05299999937415123,0.2590000033378601
YBR069C,YML049C,0,-1.2891124,0.020045386627316475,0.05299999937415123,0.2590999901294708
YER137C,YDR111C,0,-1.2893556,0.020037807524204254,0.05299999937415123,0.25920000672340393
YER087C-A,YHR160C,0,-1.2896775,0.02003023400902748,0.05299999937415123,0.25929999351501465
YMR045C,YML113W,0,-1.2900814,0.020022667944431305,0.05299999937415123,0.25940001010894775
YDR301W,YJR027W,0,-1.290304,0.020015105605125427,0.05299999937415123,0.25949999690055847
YNL146W,YPL207W,0,-1.2903495,0.020007550716400146,0.05299999937415123,0.2596000134944916
YLR224W,YBL057C,1,-1.2905535,0.02037735842168331,0.05400000140070915,0.2596000134944916
YMR051C,YER060W-A,0,-1.2905744,0.020369671285152435,0.05400000140070915,0.2597000002861023
YDR247W,YNL092W,0,-1.2909534,0.020361991599202156,0.05400000140070915,0.259799987077713
YNL190W,YNL244C,0,-1.2911274,0.020354315638542175,0.05400000140070915,0.2599000036716461
YNL026W,YLL017W,0,-1.2911581,0.02034664712846279,0.05400000140070915,0.25999999046325684
YGR012W,YJL194W,0,-1.2913345,0.020338982343673706,0.05400000140070915,0.26010000705718994
YOR233W,YDL055C,0,-1.2915667,0.020331325009465218,0.05400000140070915,0.26019999384880066
YNL180C,YOR063W,0,-1.2916329,0.020323673263192177,0.05400000140070915,0.26030001044273376
YPR017C,YLR348C,0,-1.2917747,0.020316027104854584,0.05400000140070915,0.2603999972343445
YPL056C,YOR311C,0,-1.2918558,0.02030838653445244,0.05400000140070915,0.2605000138282776
YIL170W,YPL175W,0,-1.2920951,0.02030075155198574,0.05400000140070915,0.2606000006198883
YHR165C,YOL098C,0,-1.2921642,0.02029312215745449,0.05400000140070915,0.260699987411499
YDR530C,YGR055W,0,-1.2923502,0.020285500213503838,0.05400000140070915,0.26080000400543213
YCL036W,YJL144W,0,-1.2923965,0.020277881994843483,0.05400000140070915,0.26089999079704285
YNR018W,YJL096W,0,-1.2925099,0.020270269364118576,0.05400000140070915,0.26100000739097595
YJR149W,YDL109C,0,-1.2925657,0.020262664183974266,0.05400000140070915,0.26109999418258667
YER100W,YDR131C,1,-1.2926309,0.020630156621336937,0.054999999701976776,0.26109999418258667
YJL025W,YNL122C,0,-1.2927011,0.02062242291867733,0.054999999701976776,0.2612000107765198
YBL100W-B,YBR241C,0,-1.2929698,0.02061469294130802,0.054999999701976776,0.2612999975681305
YHL040C,YML095C,0,-1.2930197,0.02060696855187416,0.054999999701976776,0.2614000141620636
YGR181W,YML133C,0,-1.2930211,0.020599251613020897,0.054999999701976776,0.2615000009536743
YNL138W-A,YIL160C,0,-1.2935219,0.02059153839945793,0.054999999701976776,0.26159998774528503
YLR001C,YGL045W,0,-1.2936515,0.020583832636475563,0.054999999701976776,0.26170000433921814
YKR100C,YCR016W,0,-1.2936832,0.020576132461428642,0.054999999701976776,0.26179999113082886
YOR383C,YDR456W,0,-1.2940683,0.02056843601167202,0.054999999701976776,0.26190000772476196
YER138C,YML115C,0,-1.2943164,0.020560747012495995,0.054999999701976776,0.2619999945163727
YGR263C,YDR300C,0,-1.2946421,0.020553063601255417,0.054999999701976776,0.2621000111103058
YPR097W,YJL029C,0,-1.2949656,0.020545385777950287,0.054999999701976776,0.2621999979019165
YPL269W,YPL144W,0,-1.2952898,0.020537715405225754,0.054999999701976776,0.2623000144958496
YHR116W,YCL039W,0,-1.2953101,0.02053004875779152,0.054999999701976776,0.2624000012874603
YNL020C,YNR061C,0,-1.2963902,0.020522387698292732,0.054999999701976776,0.26249998807907104
YDR438W,YBR012W-A,0,-1.2966913,0.020514734089374542,0.054999999701976776,0.26260000467300415
YKL155C,YHL008C,0,-1.2968708,0.02050708420574665,0.054999999701976776,0.26269999146461487
YDL179W,YBR162C,0,-1.2975608,0.020499441772699356,0.054999999701976776,0.262800008058548
YNL007C,YPL097W,0,-1.2976954,0.02049180306494236,0.054999999701976776,0.2628999948501587
YJR127C,YAR035W,0,-1.2980639,0.02048417180776596,0.054999999701976776,0.2630000114440918
YHR214W,YIR037W,0,-1.2982825,0.02047654427587986,0.054999999701976776,0.2630999982357025
YLL022C,YPR174C,0,-1.2989233,0.020468924194574356,0.054999999701976776,0.2632000148296356
YKL041W,YLR224W,1,-1.2990049,0.02083333395421505,0.0560000017285347,0.2632000148296356
YNL010W,YHR149C,0,-1.2990866,0.02082558535039425,0.0560000017285347,0.26330000162124634
YPL043W,YDL129W,0,-1.2998646,0.020817844197154045,0.0560000017285347,0.26339998841285706
YAL012W,YNL015W,0,-1.299996,0.02081010863184929,0.0560000017285347,0.26350000500679016
YOR079C,YGR054W,0,-1.3002219,0.02080237679183483,0.0560000017285347,0.2635999917984009
YOR228C,YKL143W,0,-1.3004388,0.02079465240240097,0.0560000017285347,0.263700008392334
YHL003C,YHL044W,0,-1.3007448,0.020786933600902557,0.0560000017285347,0.2637999951839447
YPR168W,YDL109C,0,-1.3007791,0.020779220387339592,0.0560000017285347,0.2639000117778778
YGL010W,YMR061W,0,-1.3011934,0.020771512761712074,0.0560000017285347,0.2639999985694885
YPR070W,YFL057C,0,-1.3021587,0.020763810724020004,0.0560000017285347,0.26409998536109924
YNL115C,YHR041C,0,-1.302633,0.02075611613690853,0.0560000017285347,0.26420000195503235
YPL096C-A,YFL036W,0,-1.3026615,0.020748425275087357,0.0560000017285347,0.26429998874664307
YMR247C,YOR131C,0,-1.3026935,0.02074074000120163,0.0560000017285347,0.26440000534057617
YLR194C,YLR377C,0,-1.3030199,0.0207330621778965,0.0560000017285347,0.2644999921321869
YMR300C,YER060W-A,0,-1.3032477,0.020725388079881668,0.0560000017285347,0.26460000872612
YEL044W,YGL128C,0,-1.3034769,0.020717721432447433,0.0560000017285347,0.2646999955177307
YBL058W,YDR131C,1,-1.3040454,0.021079881116747856,0.05700000002980232,0.2646999955177307
YCR030C,YDR018C,0,-1.3043177,0.021072087809443474,0.05700000002980232,0.2648000121116638
YGL039W,YMR038C,0,-1.3044113,0.02106430195271969,0.05700000002980232,0.26489999890327454
YDL031W,YGL128C,0,-1.3044814,0.0210565198212862,0.05700000002980232,0.26499998569488525
YDR418W,YJL127C,0,-1.3048397,0.02104874514043331,0.05700000002980232,0.26510000228881836
YPR163C,YHR215W,0,-1.3048662,0.02104097418487072,0.05700000002980232,0.2651999890804291
YDR412W,YML082W,0,-1.3057233,0.021033210679888725,0.05700000002980232,0.2653000056743622
YPR156C,YOR004W,0,-1.3061899,0.02102545276284218,0.05700000002980232,0.2653999924659729
YBR082C,YDR358W,1,-1.3062452,0.02138643153011799,0.057999998331069946,0.2653999924659729
YDR438W,YNL176C,0,-1.30645,0.021378546953201294,0.057999998331069946,0.265500009059906
YKL175W,YML047C,0,-1.307081,0.021370669826865196,0.057999998331069946,0.2655999958515167
YPR098C,YMR208W,0,-1.3072593,0.021362800151109695,0.057999998331069946,0.26570001244544983
YFR036W,YHR108W,1,-1.3072597,0.021723121404647827,0.05900000035762787,0.26570001244544983
YPL223C,YLR130C,0,-1.3076987,0.021715126931667328,0.05900000035762787,0.26579999923706055
YKR095W,YLR040C,0,-1.3077612,0.021707138046622276,0.05900000035762787,0.26589998602867126
YDL133C-A,YKL109W,0,-1.3077629,0.021699154749512672,0.05900000035762787,0.26600000262260437
YBL075C,YOR138C,0,-1.3080269,0.021691177040338516,0.05900000035762787,0.2660999894142151
YKL175W,YBL112C,0,-1.3080465,0.021683204919099808,0.05900000035762787,0.2662000060081482
YGR123C,YDR239C,0,-1.3081529,0.021675238385796547,0.05900000035762787,0.2662999927997589
YPR011C,YHR117W,0,-1.3083814,0.021667279303073883,0.05900000035762787,0.266400009393692
YGL070C,YKL182W,0,-1.3085663,0.021659323945641518,0.05900000035762787,0.26649999618530273
YLR206W,YLL008W,0,-1.3086858,0.02165137603878975,0.05900000035762787,0.26660001277923584
YAL025C,YOR074C,0,-1.3090888,0.02164343371987343,0.05900000035762787,0.26669999957084656
YHR122W,YLL026W,0,-1.3092878,0.021635496988892555,0.05900000035762787,0.2667999863624573
YBR240C,YPL280W,0,-1.3093573,0.02162756584584713,0.05900000035762787,0.2669000029563904
YLR037C,YPL160W,0,-1.3096,0.021619640290737152,0.05900000035762787,0.2669999897480011
YJR096W,YGR252W,0,-1.3096443,0.02161172218620777,0.05900000035762787,0.2671000063419342
YDL061C,YLR219W,0,-1.309731,0.02160380780696869,0.05900000035762787,0.2671999931335449
YMR086W,YOR060C,0,-1.3098837,0.021595900878310204,0.05900000035762787,0.267300009727478
YLR364W,YJL102W,0,-1.3106016,0.021587997674942017,0.05900000035762787,0.26739999651908875
YDL211C,YMR304W,0,-1.3113883,0.021580101922154427,0.05900000035762787,0.26750001311302185
YPR128C,YDL247W,0,-1.3114115,0.021572211757302284,0.05900000035762787,0.26759999990463257
YDR109C,YMR075W,0,-1.3119375,0.02156432718038559,0.05900000035762787,0.2676999866962433
YML056C,YPL036W,0,-1.3120284,0.021556448191404343,0.05900000035762787,0.2678000032901764
YJL089W,YDL109C,0,-1.3120737,0.021548574790358543,0.05900000035762787,0.2678999900817871
YKR095W,YBR096W,0,-1.3126312,0.02154070883989334,0.05900000035762787,0.2680000066757202
YAL063C,YNL117W,0,-1.3126429,0.021532846614718437,0.05900000035762787,0.26809999346733093
YOR304C-A,YDR168W,0,-1.3128301,0.02152498997747898,0.05900000035762787,0.26820001006126404
YOL124C,YLR370C,0,-1.3132683,0.021517140790820122,0.05900000035762787,0.26829999685287476
YOR251C,YIL124W,0,-1.313487,0.02150929719209671,0.05900000035762787,0.26840001344680786
YDL137W,YDR030C,0,-1.3136226,0.021501457318663597,0.05900000035762787,0.2685000002384186
YMR211W,YER117W,0,-1.3136661,0.02149362489581108,0.05900000035762787,0.2685999870300293
YER014W,YPL135W,0,-1.3140578,0.021485798060894012,0.05900000035762787,0.2687000036239624
YML098W,YDL083C,0,-1.3143235,0.02147797681391239,0.05900000035762787,0.2687999904155731
YGL085W,YDR196C,0,-1.3144773,0.02147015929222107,0.05900000035762787,0.2689000070095062
YOL084W,YHR002W,0,-1.3148254,0.021462349221110344,0.05900000035762787,0.26899999380111694
YKL155C,YGR080W,0,-1.3148731,0.021454544737935066,0.05900000035762787,0.26910001039505005
YLR224W,YGR135W,1,-1.3150418,0.021810250356793404,0.05999999865889549,0.26910001039505005
YKL013C,YFR016C,0,-1.3167762,0.021802324801683426,0.05999999865889549,0.26919999718666077
YBR111W-A,YAR007C,0,-1.3168005,0.021794406697154045,0.05999999865889549,0.26930001378059387
YDR479C,YNL115C,0,-1.3170694,0.021786492317914963,0.05999999865889549,0.2694000005722046
YER110C,YBR111W-A,0,-1.3174897,0.021778583526611328,0.05999999865889549,0.2694999873638153
YHR139C,YPL011C,0,-1.3176075,0.02177068218588829,0.05999999865889549,0.2696000039577484
YIL113W,YCL044C,0,-1.3177377,0.0217627864331007,0.05999999865889549,0.26969999074935913
YFR018C,YMR247C,0,-1.3186518,0.02175489440560341,0.05999999865889549,0.26980000734329224
YLL012W,YKL063C,0,-1.3189536,0.021747009828686714,0.05999999865889549,0.26989999413490295
YOL032W,YBR150C,0,-1.3192143,0.021739130839705467,0.05999999865889549,0.27000001072883606
YHR044C,YOR348C,0,-1.3193339,0.021731257438659668,0.05999999865889549,0.2700999975204468
YJR009C,YGR165W,0,-1.319653,0.021723389625549316,0.05999999865889549,0.2702000141143799
YJR096W,YGR134W,0,-1.3197297,0.021715527400374413,0.05999999865889549,0.2703000009059906
YOL030W,YLL017W,0,-1.3198615,0.021707670763134956,0.05999999865889549,0.2703999876976013
YDL227C,YFR007W,0,-1.3207098,0.021699819713830948,0.05999999865889549,0.2705000042915344
YDR115W,YER027C,0,-1.3210789,0.021691974252462387,0.05999999865889549,0.27059999108314514
YDR131C,YOR117W,1,-1.3216916,0.02204553596675396,0.061000000685453415,0.27059999108314514
YEL043W,YGR258C,0,-1.3217205,0.022037573158740997,0.061000000685453415,0.27070000767707825
YML132W,YDL087C,0,-1.3217963,0.022029614076018333,0.061000000685453415,0.27079999446868896
YEL070W,YNR017W,0,-1.322311,0.022021660581231117,0.061000000685453415,0.27090001106262207
YML063W,YAL051W,0,-1.3223792,0.02201371267437935,0.061000000685453415,0.2709999978542328
YDR201W,YOR228C,0,-1.3226805,0.022005772218108177,0.061000000685453415,0.2711000144481659
YKL051W,YNL301C,0,-1.3228134,0.021997835487127304,0.061000000685453415,0.2712000012397766
YGR292W,YPR131C,0,-1.3230203,0.021989906206727028,0.061000000685453415,0.27129998803138733
YAR031W,YMR165C,0,-1.3235314,0.0219819825142622,0.061000000685453415,0.27140000462532043
YMR239C,YHR113W,0,-1.3235992,0.02197406254708767,0.061000000685453415,0.27149999141693115
YOL040C,YOR126C,0,-1.3240309,0.021966150030493736,0.061000000685453415,0.27160000801086426
YFL036W,YKL061W,0,-1.3240837,0.02195824310183525,0.061000000685453415,0.271699994802475
YKR035W-A,YBR299W,0,-1.3242632,0.021950341761112213,0.061000000685453415,0.2718000113964081
YJL183W,YIL101C,0,-1.3244268,0.021942446008324623,0.061000000685453415,0.2718999981880188
YKR044W,YER014C-A,0,-1.324623,0.02193455584347248,0.061000000685453415,0.2720000147819519
YCL027W,YDR130C,0,-1.3248103,0.021926671266555786,0.061000000685453415,0.2721000015735626
YLR143W,YCR037C,0,-1.3248681,0.02191879227757454,0.061000000685453415,0.27219998836517334
YFR031C-A,YAL041W,0,-1.3256075,0.02191091887652874,0.061000000685453415,0.27230000495910645
YDR306C,YBL041W,1,-1.3260168,0.022262118756771088,0.06199999898672104,0.27230000495910645
YPR178W,YDR248C,0,-1.3264865,0.022254128009080887,0.06199999898672104,0.27239999175071716
YPR097W,YBR130C,0,-1.3274094,0.022246142849326134,0.06199999898672104,0.27250000834465027
YLR224W,YPL065W,1,-1.3275379,0.022596843540668488,0.06300000101327896,0.27250000834465027
YPL226W,YDR263C,0,-1.3277305,0.022588741034269333,0.06300000101327896,0.272599995136261
YJR025C,YKL074C,0,-1.3277396,0.022580645978450775,0.06300000101327896,0.2727000117301941
YMR230W,YNR057C,0,-1.3279266,0.022572554647922516,0.06300000101327896,0.2727999985218048
YML036W,YMR175W,0,-1.3279685,0.022564470767974854,0.06300000101327896,0.2728999853134155
YOR065W,YNL096C,0,-1.3281163,0.02255639061331749,0.06300000101327896,0.27300000190734863
YMR229C,YNL218W,0,-1.3282427,0.022548317909240723,0.06300000101327896,0.27309998869895935
YDL171C,YOR297C,0,-1.3282804,0.022540250793099403,0.06300000101327896,0.27320000529289246
YMR316W,YHR046C,0,-1.3283978,0.022532189264893532,0.06300000101327896,0.2732999920845032
YOL155C,YNL054W,0,-1.3284689,0.022524133324623108,0.06300000101327896,0.2734000086784363
YJR035W,YCR087C-A,0,-1.3291234,0.02251608297228813,0.06300000101327896,0.273499995470047
YKL205W,YNL122C,0,-1.3291379,0.022508038207888603,0.06300000101327896,0.2736000120639801
YER087W,YDR111C,0,-1.3294444,0.02250000089406967,0.06300000101327896,0.2736999988555908
YPR011C,YCR044C,0,-1.3296489,0.02249196730554104,0.06300000101327896,0.27379998564720154
YLR321C,YOL107W,0,-1.3300713,0.022483939304947853,0.06300000101327896,0.27390000224113464
YMR166C,YMR075W,0,-1.3300949,0.022475918754935265,0.06300000101327896,0.27399998903274536
YLR189C,YPR007C,0,-1.3301312,0.022467903792858124,0.06300000101327896,0.27410000562667847
YJR149W,YDR218C,0,-1.3302233,0.02245989255607128,0.06300000101327896,0.2741999924182892
YLR196W,YMR037C,0,-1.3306841,0.022451888769865036,0.06300000101327896,0.2743000090122223
YJL214W,YOR349W,0,-1.3308933,0.02244389057159424,0.06300000101327896,0.274399995803833
YKL129C,YJR026W,0,-1.3309206,0.022435897961258888,0.06300000101327896,0.2745000123977661
YER055C,YJL029C,0,-1.331671,0.022427910938858986,0.06300000101327896,0.27459999918937683
YGR266W,YNR055C,0,-1.3318433,0.02241992950439453,0.06300000101327896,0.27469998598098755
YMR296C,YDR108W,0,-1.3319902,0.022411953657865524,0.06300000101327896,0.27480000257492065
YOL133W,YDR131C,1,-1.332393,0.02275960147380829,0.06400000303983688,0.27480000257492065
YFR030W,YJL206C,0,-1.3326197,0.02275151014328003,0.06400000303983688,0.27489998936653137
YER175C,YLR157C,0,-1.3327428,0.022743426263332367,0.06400000303983688,0.2750000059604645
YHR190W,YGR054W,0,-1.3336164,0.022735346108675003,0.06400000303983688,0.2750999927520752
YEL056W,YHR122W,0,-1.333927,0.022727273404598236,0.06400000303983688,0.2752000093460083
YER137C,YGR057C,0,-1.3342891,0.022719204425811768,0.06400000303983688,0.275299996137619
YDL171C,YKL088W,0,-1.3352131,0.022711142897605896,0.06400000303983688,0.2754000127315521
YCR086W,YKL082C,0,-1.3352151,0.022703086957335472,0.06400000303983688,0.27549999952316284
YBR241C,YPL157W,0,-1.3352689,0.022695034742355347,0.06400000303983688,0.27559998631477356
YLR278C,YOR136W,0,-1.3357116,0.022686989977955818,0.06400000303983688,0.27570000290870667
YER040W,YJL171C,0,-1.3358346,0.022678950801491737,0.06400000303983688,0.2757999897003174
YCL068C,YPR120C,0,-1.3360093,0.022670917212963104,0.06400000303983688,0.2759000062942505
YCR009C,YDR387C,0,-1.3362372,0.02266288921236992,0.06400000303983688,0.2759999930858612
YMR321C,YDL113C,0,-1.3364526,0.02265486679971218,0.06400000303983688,0.2761000096797943
YGR012W,YNL175C,0,-1.3365661,0.02264684997498989,0.06400000303983688,0.27619999647140503
YPR096C,YDR398W,0,-1.3369613,0.022638840600848198,0.06400000303983688,0.27630001306533813
YLR224W,YCL052C,1,-1.3371193,0.022984441369771957,0.06499999761581421,0.27630001306533813
YLR052W,YFR006W,0,-1.3371587,0.022976316511631012,0.06499999761581421,0.27639999985694885
YDR025W,YER046W,0,-1.3375524,0.022968197241425514,0.06499999761581421,0.27649998664855957
YPR057W,YGL189C,0,-1.3378078,0.022960085421800613,0.06499999761581421,0.2766000032424927
YOR076C,YJL181W,0,-1.3381784,0.02295197732746601,0.06499999761581421,0.2766999900341034
YMR273C,YBR191W,0,-1.3389465,0.022943874821066856,0.06499999761581421,0.2768000066280365
YOR162C,YPL018W,0,-1.3390101,0.0229357797652483,0.06499999761581421,0.2768999934196472
YDL154W,YLL018C-A,0,-1.3394563,0.02292769029736519,0.06499999761581421,0.2770000100135803
YNL178W,YOL101C,0,-1.3396057,0.022919604554772377,0.06499999761581421,0.27709999680519104
YDL137W,YBL051C,0,-1.3407167,0.022911526262760162,0.06499999761581421,0.27720001339912415
YER023W,YOR388C,0,-1.3407384,0.022903453558683395,0.06499999761581421,0.27730000019073486
YLR158C,YIL154C,0,-1.3407831,0.022895386442542076,0.06499999761581421,0.2773999869823456
YIL145C,YDR030C,0,-1.3410711,0.022887323051691055,0.06499999761581421,0.2775000035762787
YKL089W,YGR205W,0,-1.3411616,0.02287926711142063,0.06499999761581421,0.2775999903678894
YNL077W,YER044C,0,-1.3411678,0.022871216759085655,0.06499999761581421,0.2777000069618225
YLR074C,YDR259C,0,-1.3415099,0.022863171994686127,0.06499999761581421,0.2777999937534332
YMR089C,YBR158W,0,-1.341733,0.022855132818222046,0.06499999761581421,0.27790001034736633
YBR130C,YER087W,0,-1.3422524,0.022847101092338562,0.06499999761581421,0.27799999713897705
YJR025C,YGL148W,0,-1.342822,0.022839073091745377,0.06499999761581421,0.27810001373291016
YOR216C,YKL138C-A,0,-1.3428398,0.02283105067908764,0.06499999761581421,0.2782000005245209
YML132W,YMR143W,0,-1.3429672,0.02282303385436535,0.06499999761581421,0.2782999873161316
YKR078W,YGR158C,0,-1.3430026,0.022815022617578506,0.06499999761581421,0.2784000039100647
YJR010W,YFR016C,0,-1.343085,0.022807016968727112,0.06499999761581421,0.2784999907016754
YDR018C,YOL019W,0,-1.3431786,0.022799018770456314,0.06499999761581421,0.2786000072956085
YDL019C,YLR143W,0,-1.3431894,0.022791024297475815,0.06499999761581421,0.27869999408721924
YJL035C,YJR123W,0,-1.3435898,0.022783035412430763,0.06499999761581421,0.27880001068115234
YCR057C,YGR268C,0,-1.3442495,0.02277505211532116,0.06499999761581421,0.27889999747276306
YGR266W,YKL141W,0,-1.3445047,0.022767074406147003,0.06499999761581421,0.27900001406669617
YML061C,YPL189C-A,0,-1.3445272,0.022759104147553444,0.06499999761581421,0.2791000008583069
YDR434W,YER175C,0,-1.3446523,0.022751137614250183,0.06499999761581421,0.2791999876499176
YHR058C,YGR118W,0,-1.3454802,0.02274317666888237,0.06499999761581421,0.2793000042438507
YLR426W,YJR153W,0,-1.3456025,0.022735221311450005,0.06499999761581421,0.2793999910354614
YMR226C,YDR435C,0,-1.3467361,0.022727273404598236,0.06499999761581421,0.27950000762939453
YDR211W,YER106W,0,-1.3468916,0.022719329223036766,0.06499999761581421,0.27959999442100525
YBR145W,YIR031C,0,-1.3469374,0.022711390629410744,0.06499999761581421,0.27970001101493835
YNL006W,YCR098C,0,-1.3473049,0.02270345762372017,0.06499999761581421,0.2797999978065491
YDL077C,YLR126C,0,-1.3473182,0.022695530205965042,0.06499999761581421,0.2799000144004822
YMR221C,YDR261C,0,-1.3473823,0.022687608376145363,0.06499999761581421,0.2800000011920929
YHR041C,YLL017W,0,-1.3474817,0.02267969213426113,0.06499999761581421,0.2800999879837036
YKL009W,YDR392W,0,-1.3478166,0.022671781480312347,0.06499999761581421,0.2802000045776367
YIL069C,YBL005W,0,-1.347823,0.02266387641429901,0.06499999761581421,0.28029999136924744
YDR358W,YDR131C,1,-1.3478874,0.023004531860351562,0.06599999964237213,0.28029999136924744
YGR194C,YBR141C,0,-1.3481926,0.022996515035629272,0.06599999964237213,0.28040000796318054
YDR500C,YGR296W,0,-1.3482181,0.02298850566148758,0.06599999964237213,0.28049999475479126
YOL057W,YNL330C,0,-1.3482298,0.022980501875281334,0.06599999964237213,0.28060001134872437
YDR090C,YGR170W,0,-1.3485876,0.022972501814365387,0.06599999964237213,0.2806999981403351
YML082W,YDR107C,0,-1.3487052,0.022964509204030037,0.06599999964237213,0.2808000147342682
YDL121C,YOR212W,0,-1.3488772,0.022956522181630135,0.06599999964237213,0.2809000015258789
YIL167W,YER052C,0,-1.3491884,0.02294853888452053,0.06599999964237213,0.2809999883174896
YJL072C,YGR055W,0,-1.349202,0.022940563037991524,0.06599999964237213,0.28110000491142273
YML018C,YIL177C,0,-1.3492616,0.022932592779397964,0.06599999964237213,0.28119999170303345
YPL043W,YDR107C,0,-1.3492924,0.022924626246094704,0.06599999964237213,0.28130000829696655
YLR348C,YOR132W,0,-1.3495747,0.02291666716337204,0.06599999964237213,0.28139999508857727
YFL057C,YOL116W,0,-1.3503705,0.022908711805939674,0.06599999964237213,0.2815000116825104
YJL109C,YPR021C,0,-1.3505133,0.022900763899087906,0.06599999964237213,0.2815999984741211
YMR114C,YKL171W,0,-1.350658,0.022892819717526436,0.06599999964237213,0.2816999852657318
YGR052W,YBR045C,0,-1.3509436,0.022884882986545563,0.06599999964237213,0.2818000018596649
YMR160W,YHR035W,0,-1.3516275,0.022876949980854988,0.06599999964237213,0.28189998865127563
YBR031W,YBR168W,0,-1.3519155,0.02286902256309986,0.06599999964237213,0.28200000524520874
YIL150C,YNR019W,0,-1.3525544,0.022861100733280182,0.06599999964237213,0.28209999203681946
YDL003W,YJR070C,0,-1.352964,0.0228531863540411,0.06599999964237213,0.28220000863075256
YKL088W,YLR409C,0,-1.3532352,0.022845275700092316,0.06599999964237213,0.2822999954223633
YDR128W,YMR087W,0,-1.3535073,0.02283737063407898,0.06599999964237213,0.2824000120162964
YDR387C,YNR019W,0,-1.3536221,0.02282947115600109,0.06599999964237213,0.2824999988079071
YNR011C,YOL158C,0,-1.3538166,0.02282157726585865,0.06599999964237213,0.2825999855995178
YBR211C,YAR009C,0,-1.3540925,0.022813688963651657,0.06599999964237213,0.2827000021934509
YLL043W,YLR073C,0,-1.3541564,0.022805804386734962,0.06599999964237213,0.28279998898506165
YKR099W,YLR419W,0,-1.3554403,0.022797927260398865,0.06599999964237213,0.28290000557899475
YKL144C,YNL181W,0,-1.3561434,0.022790055721998215,0.06599999964237213,0.28299999237060547
YJL158C,YIL124W,0,-1.3562053,0.022782187908887863,0.06599999964237213,0.2831000089645386
YGR216C,YGL104C,0,-1.3562056,0.02277432754635811,0.06599999964237213,0.2831999957561493
YHR088W,YBR208C,0,-1.3562396,0.022766470909118652,0.06599999964237213,0.2833000123500824
YLR118C,YBR066C,0,-1.3564606,0.022758619859814644,0.06599999964237213,0.2833999991416931
YMR296C,YCL074W,0,-1.3571942,0.022750776261091232,0.06599999964237213,0.28349998593330383
YOR090C,YHR214C-B,0,-1.3571981,0.02274293638765812,0.06599999964237213,0.28360000252723694
YGL016W,YLR109W,0,-1.3577554,0.022735102102160454,0.06599999964237213,0.28369998931884766
YPR063C,YIL042C,0,-1.3577743,0.022727273404598236,0.06599999964237213,0.28380000591278076
YOL154W,YPL280W,0,-1.35784,0.022719448432326317,0.06599999964237213,0.2838999927043915
YDL060W,YDR107C,0,-1.359163,0.022711630910634995,0.06599999964237213,0.2840000092983246
YHR014W,YER086W,0,-1.3596414,0.02270381897687912,0.06599999964237213,0.2840999960899353
YDR248C,YFR016C,0,-1.3600668,0.022696010768413544,0.06599999964237213,0.2842000126838684
YKR068C,YFR016C,0,-1.360289,0.022688208147883415,0.06599999964237213,0.2842999994754791
YER171W,YJR120W,0,-1.361078,0.022680412977933884,0.06599999964237213,0.28439998626708984
YNR072W,YHR214C-B,0,-1.3611556,0.02267262153327465,0.06599999964237213,0.28450000286102295
YDR367W,YDR495C,0,-1.3612148,0.022664835676550865,0.06599999964237213,0.28459998965263367
YHR139C,YPL254W,0,-1.3612728,0.022657055407762527,0.06599999964237213,0.2847000062465668
YCL067C,YGL148W,0,-1.361572,0.022649278864264488,0.06599999964237213,0.2847999930381775
YOR119C,YGR035C,0,-1.3616859,0.022641509771347046,0.06599999964237213,0.2849000096321106
YDR251W,YBR033W,0,-1.3624586,0.022633744403719902,0.06599999964237213,0.2849999964237213
YOR278W,YLR126C,0,-1.3627974,0.022625986486673355,0.06599999964237213,0.2851000130176544
YHR020W,YOR326W,0,-1.3628765,0.022618232294917107,0.06599999964237213,0.28519999980926514
YGL078C,YOL004W,0,-1.3630491,0.022610483691096306,0.06599999964237213,0.28529998660087585
YGL253W,YFR049W,0,-1.3634285,0.022602738812565804,0.06599999964237213,0.28540000319480896
YCR057C,YKL077W,0,-1.3634572,0.022595001384615898,0.06599999964237213,0.2854999899864197
YGL060W,YLR075W,0,-1.3635064,0.02258726954460144,0.06599999964237213,0.2856000065803528
YKL011C,YBR033W,0,-1.3637302,0.02257954142987728,0.06599999964237213,0.2856999933719635
YGL030W,YGR295C,0,-1.3638791,0.02257181890308857,0.06599999964237213,0.2858000099658966
YNL050C,YAL031C,0,-1.3640558,0.022564101964235306,0.06599999964237213,0.2858999967575073
YDR520C,YIL080W,0,-1.3642203,0.02255639061331749,0.06599999964237213,0.28600001335144043
YHL036W,YNL020C,0,-1.3642365,0.02254868485033512,0.06599999964237213,0.28610000014305115
YFL054C,YGR046W,0,-1.3643392,0.02254098281264305,0.06599999964237213,0.28619998693466187
YJR094W-A,YPL149W,0,-1.3643442,0.022533288225531578,0.06599999964237213,0.28630000352859497
YHL028W,YBR142W,0,-1.364538,0.022525597363710403,0.06599999964237213,0.2863999903202057
YLR058C,YLR325C,0,-1.3645481,0.022517912089824677,0.06599999964237213,0.2865000069141388
YBL112C,YDL211C,0,-1.3651514,0.022510232403874397,0.06599999964237213,0.2865999937057495
YIL106W,YDR342C,0,-1.3656341,0.022502556443214417,0.06599999964237213,0.2867000102996826
YBR282W,YML056C,0,-1.3657368,0.022494887933135033,0.06599999964237213,0.28679999709129333
YLR172C,YOL157C,0,-1.3658063,0.022487223148345947,0.06599999964237213,0.28690001368522644
YGR061C,YDL121C,0,-1.3659503,0.02247956395149231,0.06599999964237213,0.28700000047683716
YIL053W,YGR075C,0,-1.3663937,0.02247191034257412,0.06599999964237213,0.2870999872684479
YDR444W,YNR044W,0,-1.3666307,0.022464262321591377,0.06599999964237213,0.287200003862381
YLR265C,YBL112C,0,-1.3669658,0.022456618025898933,0.06599999964237213,0.2872999906539917
YNL046W,YER029C,0,-1.3669959,0.022448979318141937,0.06599999964237213,0.2874000072479248
YLR158C,YOR187W,0,-1.3673086,0.02244134619832039,0.06599999964237213,0.2874999940395355
YDR080W,YKL063C,0,-1.3674418,0.022433718666434288,0.06599999964237213,0.28760001063346863
YER007W,YKL077W,0,-1.3679444,0.022426096722483635,0.06599999964237213,0.28769999742507935
YPL176C,YNL008C,1,-1.3681108,0.022758152335882187,0.06700000166893005,0.28769999742507935
YDR117C,YMR169C,0,-1.368465,0.022750424221158028,0.06700000166893005,0.28780001401901245
YDR545W,YLR239C,0,-1.3685889,0.022742701694369316,0.06700000166893005,0.28790000081062317
YKL020C,YPR119W,0,-1.3686577,0.022734984755516052,0.06700000166893005,0.2879999876022339
YGL090W,YJL225C,0,-1.3687944,0.022727273404598236,0.06700000166893005,0.288100004196167
YDR109C,YIL111W,0,-1.3694997,0.02271956577897072,0.06700000166893005,0.2881999909877777
YNL045W,YBL052C,0,-1.3697928,0.02271186374127865,0.06700000166893005,0.2883000075817108
YGL031C,YDR021W,0,-1.3699273,0.022704167291522026,0.06700000166893005,0.28839999437332153
YHR076W,YDR056C,0,-1.3699516,0.02269647642970085,0.06700000166893005,0.28850001096725464
YPL096C-A,YLR092W,0,-1.3700527,0.022688791155815125,0.06700000166893005,0.28859999775886536
YIL080W,YLR276C,0,-1.3705989,0.022681109607219696,0.06700000166893005,0.28870001435279846
YPR096C,YNL110C,0,-1.3706803,0.022673435509204865,0.06700000166893005,0.2888000011444092
YOR335C,YDR343C,0,-1.3710238,0.02266576513648033,0.06700000166893005,0.2888999879360199
YPL156C,YOR237W,0,-1.3710347,0.022658100351691246,0.06700000166893005,0.289000004529953
YGR154C,YLR426W,0,-1.371302,0.02265043929219246,0.06700000166893005,0.2890999913215637
YDR402C,YHR085W,0,-1.3714446,0.02264278382062912,0.06700000166893005,0.2892000079154968
YBL060W,YIL108W,0,-1.371762,0.022635135799646378,0.06700000166893005,0.28929999470710754
YHL031C,YNL213C,0,-1.3718193,0.022627491503953934,0.06700000166893005,0.28940001130104065
YOL116W,YIL080W,0,-1.3722466,0.02261985093355179,0.06700000166893005,0.28949999809265137
YPL189C-A,YER168C,0,-1.3722523,0.02261221781373024,0.06700000166893005,0.2896000146865845
YLR040C,YOL082W,0,-1.3723553,0.02260458841919899,0.06700000166893005,0.2897000014781952
YMR086W,YOR308C,0,-1.3726215,0.022596964612603188,0.06700000166893005,0.2897999882698059
YPL019C,YPL093W,0,-1.3728632,0.022589346393942833,0.06700000166893005,0.289900004863739
YDR033W,YJL200C,0,-1.3732048,0.022581731900572777,0.06700000166893005,0.28999999165534973
YPR173C,YOR283W,0,-1.373461,0.022574124857783318,0.06700000166893005,0.29010000824928284
YBL100W-B,YGR007W,0,-1.3734773,0.022566521540284157,0.06700000166893005,0.29019999504089355
YDR244W,YLR446W,0,-1.3736347,0.022558921948075294,0.06700000166893005,0.29030001163482666
YJR010W,YBR196C,0,-1.3737332,0.02255132980644703,0.06700000166893005,0.2903999984264374
YDR122W,YCR040W,0,-1.373797,0.022543741390109062,0.06700000166893005,0.2904999852180481
YDR144C,YLR193C,0,-1.3738489,0.022536158561706543,0.06700000166893005,0.2906000018119812
YOR304C-A,YLR295C,0,-1.3744979,0.02252858132123947,0.06700000166893005,0.2906999886035919
YOR301W,YHR170W,0,-1.3746252,0.0225210078060627,0.06700000166893005,0.290800005197525
YDR438W,YPL093W,0,-1.3747114,0.022513441741466522,0.06700000166893005,0.29089999198913574
YKL138C-A,YGL018C,0,-1.3747371,0.022505877539515495,0.06700000166893005,0.29100000858306885
YPR063C,YCL066W,0,-1.3749653,0.022498320788145065,0.06700000166893005,0.29109999537467957
YLR276C,YPR071W,0,-1.3750156,0.022490769624710083,0.06700000166893005,0.29120001196861267
YAL053W,YMR105C,0,-1.3754689,0.0224832221865654,0.06700000166893005,0.2912999987602234
YMR247C,YDR074W,0,-1.3756864,0.022475678473711014,0.06700000166893005,0.2913999855518341
YBL069W,YHL044W,0,-1.3760719,0.022468142211437225,0.06700000166893005,0.2915000021457672
YNL024C,YNL119W,0,-1.3766018,0.022460609674453735,0.06700000166893005,0.29159998893737793
YHR029C,YPR189W,0,-1.3770489,0.022453082725405693,0.06700000166893005,0.29170000553131104
YDR444W,YDR007W,0,-1.3771168,0.0224455613642931,0.06700000166893005,0.29179999232292175
YGR283C,YNL259C,0,-1.3772935,0.022438043728470802,0.06700000166893005,0.29190000891685486
YML091C,YIL076W,0,-1.3774985,0.022430531680583954,0.06700000166893005,0.2919999957084656
YBR159W,YBR089C-A,0,-1.3775628,0.022423025220632553,0.06700000166893005,0.2921000123023987
YKR020W,YBR271W,0,-1.3783988,0.0224155243486166,0.06700000166893005,0.2921999990940094
YDR410C,YBR159W,0,-1.3784482,0.022408027201890945,0.06700000166893005,0.2922999858856201
YIL167W,YML012W,0,-1.378534,0.02240053564310074,0.06700000166893005,0.2924000024795532
YOR175C,YDR082W,0,-1.379037,0.02239304780960083,0.06700000166893005,0.29249998927116394
YNL115C,YDL149W,0,-1.3790942,0.02238556556403637,0.06700000166893005,0.29260000586509705
YOL031C,YMR217W,0,-1.3792671,0.022378088906407356,0.06700000166893005,0.29269999265670776
YDR437W,YKR061W,0,-1.3797623,0.02237061783671379,0.06700000166893005,0.29280000925064087
YKL144C,YLR337C,0,-1.379994,0.022363150492310524,0.06700000166893005,0.2928999960422516
YJR135W-A,YDR039C,0,-1.3804308,0.022355688735842705,0.06700000166893005,0.2930000126361847
YDR309C,YLR247C,0,-1.3807982,0.022348232567310333,0.06700000166893005,0.2930999994277954
YNL111C,YJR117W,0,-1.3812872,0.02234078012406826,0.06700000166893005,0.29319998621940613
YGL210W,YJL153C,0,-1.381405,0.022333333268761635,0.06700000166893005,0.29330000281333923
YMR166C,YDL137W,0,-1.3815985,0.022325892001390457,0.06700000166893005,0.29339998960494995
YBR096W,YBL082C,0,-1.3820351,0.022318454459309578,0.06700000166893005,0.29350000619888306
YLR383W,YGR205W,0,-1.382314,0.022311022505164146,0.06700000166893005,0.2935999929904938
YJL216C,YFR008W,0,-1.3824579,0.022303594276309013,0.06700000166893005,0.2937000095844269
YLL009C,YBL028C,0,-1.3825645,0.022296173498034477,0.06700000166893005,0.2937999963760376
YDR483W,YHR020W,0,-1.3828291,0.02228875644505024,0.06700000166893005,0.2939000129699707
YBR172C,YNL217W,0,-1.3828918,0.0222813431173563,0.06700000166893005,0.2939999997615814
YGL209W,YER071C,0,-1.3828973,0.02227393537759781,0.06700000166893005,0.29409998655319214
YDR387C,YPL254W,0,-1.3833523,0.022266533225774765,0.06700000166893005,0.29420000314712524
YLL041C,YGL070C,0,-1.3833587,0.02225913666188717,0.06700000166893005,0.29429998993873596
YBR012W-A,YCL036W,0,-1.3833898,0.02225174382328987,0.06700000166893005,0.29440000653266907
YMR233W,YJL046W,0,-1.3835882,0.02224435657262802,0.06700000166893005,0.2944999933242798
YHR110W,YDR248C,0,-1.3836608,0.02223697304725647,0.06700000166893005,0.2946000099182129
YLL053C,YIL143C,0,-1.3838282,0.022229595109820366,0.06700000166893005,0.2946999967098236
YBR287W,YLR316C,0,-1.3838342,0.02222222276031971,0.06700000166893005,0.2948000133037567
YAL054C,YNR060W,0,-1.38419,0.022214854136109352,0.06700000166893005,0.29490000009536743
YCL026C-B,YOL012C,0,-1.3842673,0.022207491099834442,0.06700000166893005,0.29499998688697815
YMR160W,YOL136C,0,-1.3844982,0.02220013178884983,0.06700000166893005,0.29510000348091125
YBL074C,YOL086C,0,-1.384762,0.022192779928445816,0.06700000166893005,0.295199990272522
YGR159C,YBL103C,0,-1.3851184,0.02218542993068695,0.06700000166893005,0.2953000068664551
YMR229C,YNL191W,0,-1.3853036,0.022178087383508682,0.06700000166893005,0.2953999936580658
YMR210W,YIL002C,0,-1.3855981,0.022170748561620712,0.06700000166893005,0.2955000102519989
YHR066W,YOL107W,0,-1.3863207,0.02216341346502304,0.06700000166893005,0.2955999970436096
YIL046W,YDR002W,1,-1.3863834,0.022486772388219833,0.06800000369548798,0.2955999970436096
YDR449C,YGR061C,0,-1.3865696,0.022479338571429253,0.06800000369548798,0.2957000136375427
YHL036W,YPL209C,0,-1.3866103,0.02247191034257412,0.06800000369548798,0.29580000042915344
YNL138W-A,YDR076W,0,-1.3867077,0.022464485839009285,0.06800000369548798,0.29589998722076416
YOL029C,YGL190C,0,-1.3869585,0.022457066923379898,0.06800000369548798,0.29600000381469727
YER177W,YPR167C,0,-1.3869835,0.02244965359568596,0.06800000369548798,0.296099990606308
YBR040W,YLR295C,0,-1.3874482,0.022442243993282318,0.06800000369548798,0.2962000072002411
YLR278C,YPR113W,0,-1.3876003,0.022434839978814125,0.06800000369548798,0.2962999939918518
YPL153C,YJR107W,0,-1.3876554,0.02242744155228138,0.06800000369548798,0.2964000105857849
YOR389W,YNR004W,0,-1.3879427,0.022420046851038933,0.06800000369548798,0.29649999737739563
YLR043C,YIL080W,0,-1.3886648,0.022412655875086784,0.06800000369548798,0.29660001397132874
YER049W,YGR283C,0,-1.388884,0.022405272349715233,0.06800000369548798,0.29670000076293945
YHR031C,YGL078C,0,-1.3893654,0.02239789254963398,0.06800000369548798,0.29679998755455017
YBL013W,YDR430C,0,-1.3894905,0.022390516474843025,0.06800000369548798,0.2969000041484833
YHL024W,YML048W,0,-1.38953,0.02238314598798752,0.06800000369548798,0.296999990940094
YHR175W,YHL008C,0,-1.3898797,0.02237578108906746,0.06800000369548798,0.2971000075340271
YDL121C,YBL088C,0,-1.3898927,0.022368421778082848,0.06800000369548798,0.2971999943256378
YLR158C,YPL042C,0,-1.3900763,0.022361066192388535,0.06800000369548798,0.2973000109195709
YOL029C,YLR292C,0,-1.390226,0.02235371433198452,0.06800000369548798,0.29739999771118164
YDR262W,YLR010C,0,-1.3904225,0.022346368059515953,0.06800000369548798,0.29750001430511475
YJR094W-A,YHR214C-B,0,-1.3905143,0.022339027374982834,0.06800000369548798,0.29760000109672546
YMR036C,YNL247W,0,-1.3905189,0.022331690415740013,0.06800000369548798,0.2976999878883362
YEL054C,YPL101W,0,-1.3906697,0.02232435904443264,0.06800000369548798,0.2978000044822693
YOR047C,YKR096W,0,-1.3906955,0.022317033261060715,0.06800000369548798,0.29789999127388
YDR131C,YDR260C,1,-1.3914531,0.02263779565691948,0.0689999982714653,0.29789999127388
YPL150W,YJL157C,0,-1.3919349,0.022630371153354645,0.0689999982714653,0.2980000078678131
YHR140W,YCL055W,0,-1.3920275,0.02262295037508011,0.0689999982714653,0.29809999465942383
YMR093W,YDR389W,0,-1.3920801,0.02261553518474102,0.0689999982714653,0.29820001125335693
YMR304W,YLR276C,0,-1.3921044,0.02260812558233738,0.0689999982714653,0.29829999804496765
YGR283C,YKL186C,0,-1.3922603,0.022600719705224037,0.0689999982714653,0.29840001463890076
YER068W,YBR241C,0,-1.3923534,0.022593319416046143,0.0689999982714653,0.2985000014305115
YPL011C,YGR118W,0,-1.3924078,0.022585924714803696,0.0689999982714653,0.2985999882221222
YJL200C,YDR523C,0,-1.3924643,0.022578533738851547,0.0689999982714653,0.2987000048160553
YIL011W,YJR025C,0,-1.3925073,0.022571148350834846,0.0689999982714653,0.298799991607666
YFR053C,YDL215C,0,-1.3925313,0.022563766688108444,0.0689999982714653,0.2989000082015991
YHR005C-A,YDR287W,0,-1.392878,0.02255639061331749,0.0689999982714653,0.29899999499320984
YIL167W,YHR201C,0,-1.3931507,0.022549020126461983,0.0689999982714653,0.29910001158714294
YMR292W,YKL061W,0,-1.3931544,0.022541653364896774,0.0689999982714653,0.29919999837875366
YPR073C,YDL083C,0,-1.3933576,0.022534292191267014,0.0689999982714653,0.2992999851703644
YLR382C,YDR256C,0,-1.3939747,0.02252693474292755,0.0689999982714653,0.2994000017642975
YPL233W,YNL024C,0,-1.3942565,0.022519582882523537,0.0689999982714653,0.2994999885559082
YHR061C,YNL015W,0,-1.3953134,0.02251223474740982,0.0689999982714653,0.2996000051498413
YGR061C,YBL010C,0,-1.3953141,0.022504892200231552,0.0689999982714653,0.299699991941452
YGR056W,YLR283W,0,-1.3953675,0.02249755524098873,0.0689999982714653,0.29980000853538513
YMR055C,YNR019W,0,-1.395677,0.02249022200703621,0.0689999982714653,0.29989999532699585
YDR306C,YDL190C,1,-1.3960066,0.022808732464909554,0.07000000029802322,0.29989999532699585
YPL189W,YPR042C,0,-1.3968853,0.02280130237340927,0.07000000029802322,0.30000001192092896
YBL013W,YAL056W,0,-1.3979846,0.022793877869844437,0.07000000029802322,0.3000999987125397
YPR125W,YGR296W,0,-1.3982337,0.02278645895421505,0.07000000029802322,0.3001999855041504
YLR244C,YEL065W,0,-1.3985904,0.02277904376387596,0.07000000029802322,0.3003000020980835
YPR167C,YBR196C,0,-1.3988184,0.02277163229882717,0.07000000029802322,0.3003999888896942
YLR224W,YNL311C,1,-1.3989817,0.02308943122625351,0.07100000232458115,0.3003999888896942
YPL169C,YNR004W,0,-1.399087,0.02308192476630211,0.07100000232458115,0.3005000054836273
YMR088C,YBR040W,0,-1.399127,0.023074423894286156,0.07100000232458115,0.30059999227523804
YPR035W,YJL164C,0,-1.3991864,0.0230669267475605,0.07100000232458115,0.30070000886917114
YJR101W,YGL178W,0,-1.3992466,0.023059435188770294,0.07100000232458115,0.30079999566078186
YDR306C,YFR050C,1,-1.3999361,0.023376623168587685,0.07199999690055847,0.30079999566078186
YGR003W,YLR224W,1,-1.4002186,0.02369360625743866,0.0729999989271164,0.30079999566078186
YMR262W,YMR306W,0,-1.4002514,0.023685919120907784,0.0729999989271164,0.30090001225471497
YNL146W,YPL033C,0,-1.400338,0.023678235709667206,0.0729999989271164,0.3009999990463257
YDR471W,YDR078C,0,-1.4004327,0.023670557886362076,0.0729999989271164,0.3010999858379364
YBR010W,YGR221C,0,-1.400691,0.023662885650992393,0.0729999989271164,0.3012000024318695
YMR269W,YDL054C,0,-1.4008106,0.02365521714091301,0.0729999989271164,0.3012999892234802
YDR131C,YOR249C,1,-1.4012393,0.023971494287252426,0.07400000095367432,0.3012999892234802
YJL172W,YGL068W,0,-1.4012537,0.02396373078227043,0.07400000095367432,0.30140000581741333
YDR306C,YDR131C,1,-1.4012598,0.024279702454805374,0.07500000298023224,0.30140000581741333
YJR016C,YDR337W,0,-1.4019686,0.02427184395492077,0.07500000298023224,0.30149999260902405
YKL132C,YPR144C,0,-1.4021457,0.02426399290561676,0.07500000298023224,0.30160000920295715
YJL046W,YPR083W,0,-1.4023085,0.02425614558160305,0.07500000298023224,0.30169999599456787
YGL206C,YLR158C,0,-1.4026097,0.02424830198287964,0.07500000298023224,0.301800012588501
YGR268C,YCR098C,0,-1.402924,0.024240465834736824,0.07500000298023224,0.3018999993801117
YPL274W,YBR241C,0,-1.403939,0.024232633411884308,0.07500000298023224,0.3019999861717224
YNL182C,YLR382C,0,-1.4040821,0.02422480657696724,0.07500000298023224,0.3021000027656555
YNL248C,YPR122W,0,-1.4041988,0.02421698346734047,0.07500000298023224,0.30219998955726624
YNL158W,YDR190C,0,-1.4041996,0.024209167808294296,0.07500000298023224,0.30230000615119934
YHL021C,YJL197W,0,-1.404831,0.02420135587453842,0.07500000298023224,0.30239999294281006
YER012W,YLR224W,1,-1.4050204,0.02451612986624241,0.07599999755620956,0.30239999294281006
YDL119C,YER053C,0,-1.4050559,0.024508222937583923,0.07599999755620956,0.30250000953674316
YJR130C,YDL039C,0,-1.4052278,0.024500321596860886,0.07599999755620956,0.3025999963283539
YKR093W,YBR089C-A,0,-1.4058806,0.024492425844073296,0.07599999755620956,0.302700012922287
YPL120W,YDR367W,0,-1.4061756,0.024484535679221153,0.07599999755620956,0.3027999997138977
YAR018C,YMR142C,0,-1.4064084,0.02447665110230446,0.07599999755620956,0.3028999865055084
YNR021W,YER087W,0,-1.4069179,0.024468770250678062,0.07599999755620956,0.30300000309944153
YGR086C,YDR495C,0,-1.4070761,0.024460894986987114,0.07599999755620956,0.30309998989105225
YBR115C,YJR107W,0,-1.4074177,0.024453025311231613,0.07599999755620956,0.30320000648498535
YDL229W,YDR195W,0,-1.4074444,0.02444515936076641,0.07599999755620956,0.30329999327659607
YPR163C,YHL032C,0,-1.4079387,0.024437298998236656,0.07599999755620956,0.3034000098705292
YDL223C,YEL053C,0,-1.4079854,0.02442944422364235,0.07599999755620956,0.3034999966621399
YPL244C,YLL041C,0,-1.4083978,0.02442159317433834,0.07599999755620956,0.303600013256073
YKL201C,YNL232W,0,-1.4084121,0.02441374957561493,0.07599999755620956,0.3037000000476837
YDR121W,YDR026C,0,-1.4085485,0.024405909702181816,0.07599999755620956,0.30379998683929443
YOL126C,YBR267W,0,-1.4094399,0.024398073554039,0.07599999755620956,0.30390000343322754
YKL138C-A,YDL216C,0,-1.4102856,0.024390242993831635,0.07599999755620956,0.30399999022483826
YML047C,YGL169W,0,-1.4108192,0.024382419884204865,0.07599999755620956,0.30410000681877136
YHR214W,YJR121W,0,-1.410849,0.024374598637223244,0.07599999755620956,0.3041999936103821
YJR132W,YLR234W,0,-1.4110526,0.02436678484082222,0.07599999755620956,0.3043000102043152
YNR067C,YLL018C-A,0,-1.4111384,0.024358974769711494,0.07599999755620956,0.3043999969959259
YIR032C,YER052C,0,-1.4112457,0.024351170286536217,0.07599999755620956,0.304500013589859
YDL229W,YBL051C,0,-1.4114681,0.024343369528651237,0.07599999755620956,0.3046000003814697
YGR080W,YMR101C,0,-1.412071,0.024335574358701706,0.07599999755620956,0.30469998717308044
YHR185C,YBL068W,0,-1.4123778,0.024327784776687622,0.07599999755620956,0.30480000376701355
YOR059C,YNL062C,0,-1.4125265,0.024320000782608986,0.07599999755620956,0.30489999055862427
YDR306C,YLR127C,1,-1.412589,0.02463211864233017,0.07699999958276749,0.30489999055862427
YML113W,YBR182C,0,-1.4126018,0.024624239653348923,0.07699999958276749,0.3050000071525574
YKR020W,YMR145C,0,-1.4132546,0.024616368114948273,0.07699999958276749,0.3050999939441681
YJL216C,YIL014W,0,-1.4139422,0.02460850030183792,0.07699999958276749,0.3052000105381012
YDL127W,YGR035C,0,-1.4141774,0.024600638076663017,0.07699999958276749,0.3052999973297119
YGL025C,YKL063C,0,-1.4142724,0.02459278143942356,0.07699999958276749,0.305400013923645
YDR457W,YDR533C,0,-1.4145586,0.024584930390119553,0.07699999958276749,0.30550000071525574
YGL157W,YIL034C,0,-1.4152298,0.024577083066105843,0.07699999958276749,0.30559998750686646
YLR224W,YDR400W,1,-1.4156703,0.02488832175731659,0.07800000160932541,0.30559998750686646
YJR097W,YDR023W,0,-1.4158365,0.024880383163690567,0.07800000160932541,0.30570000410079956
YLR224W,YMR276W,1,-1.4159249,0.025191325694322586,0.07900000363588333,0.30570000410079956
YMR075W,YOL057W,0,-1.4160076,0.02518329583108425,0.07900000363588333,0.3057999908924103
YNL180C,YLR356W,0,-1.4165701,0.025175271555781364,0.07900000363588333,0.3059000074863434
YLR001C,YBR208C,0,-1.4167173,0.025167251005768776,0.07900000363588333,0.3059999942779541
YPR148C,YLR330W,0,-1.4167216,0.025159236043691635,0.07900000363588333,0.3061000108718872
YKR034W,YIL124W,0,-1.4168187,0.025151224806904793,0.07900000363588333,0.3061999976634979
YKL099C,YCL075W,0,-1.4168242,0.025143221020698547,0.07900000363588333,0.30630001425743103
YLR001C,YFR016C,0,-1.4176391,0.0251352209597826,0.07900000363588333,0.30640000104904175
YLR447C,YJR073C,0,-1.4177222,0.0251272264868021,0.07900000363588333,0.30649998784065247
YDR109C,YML070W,0,-1.4186594,0.02511923760175705,0.07900000363588333,0.30660000443458557
YER114C,YPL056C,0,-1.4191468,0.025111252442002296,0.07900000363588333,0.3066999912261963
YHR033W,YIR026C,0,-1.4199456,0.02510327287018299,0.07900000363588333,0.3068000078201294
YFR045W,YBR295W,0,-1.4202598,0.025095298886299133,0.07900000363588333,0.3068999946117401
YDR131C,YDL008W,1,-1.4203632,0.02540489099919796,0.07999999821186066,0.3068999946117401
YDR387C,YER130C,0,-1.4204493,0.02539682574570179,0.07999999821186066,0.3070000112056732
YOR273C,YKR054C,0,-1.420488,0.025388766080141068,0.07999999821186066,0.30709999799728394
YLL034C,YNL051W,0,-1.4205881,0.025380710139870644,0.07999999821186066,0.30720001459121704
YHR120W,YHR035W,0,-1.4206704,0.025372661650180817,0.07999999821186066,0.30730000138282776
YMR153W,YNL115C,0,-1.4209594,0.025364616885781288,0.07999999821186066,0.3073999881744385
YMR063W,YLR186W,0,-1.4210676,0.025356577709317207,0.07999999821186066,0.3075000047683716
YLR165C,YLL016W,0,-1.4211222,0.025348542258143425,0.07999999821186066,0.3075999915599823
YLL066C,YHR079C,0,-1.4212649,0.02534051239490509,0.07999999821186066,0.3077000081539154
YHR023W,YLL016W,0,-1.4214379,0.025332488119602203,0.07999999821186066,0.3077999949455261
YFL038C,YOR131C,0,-1.4217852,0.025324469432234764,0.07999999821186066,0.30790001153945923
YGR143W,YJR120W,0,-1.421805,0.025316456332802773,0.07999999821186066,0.30799999833106995
YIL079C,YDR263C,0,-1.4222578,0.02530844695866108,0.07999999821186066,0.30809998512268066
YOR175C,YML113W,0,-1.4226557,0.025300443172454834,0.07999999821186066,0.30820000171661377
YKR009C,YGR078C,0,-1.4231056,0.025292443111538887,0.07999999821186066,0.3082999885082245
YPL225W,YDL046W,0,-1.4234276,0.025284450501203537,0.07999999821186066,0.3084000051021576
YIL112W,YDR090C,0,-1.4237808,0.025276461616158485,0.07999999821186066,0.3084999918937683
YOR176W,YJL213W,0,-1.4238178,0.02526847831904888,0.07999999821186066,0.3086000084877014
YML132W,YDR172W,0,-1.4238499,0.025260498747229576,0.07999999821186066,0.30869999527931213
YDR387C,YPR134W,0,-1.423959,0.02525252476334572,0.07999999821186066,0.30880001187324524
YPL082C,YLR353W,0,-1.4241812,0.02524455636739731,0.07999999821186066,0.30889999866485596
YJL005W,YHR142W,0,-1.4252915,0.025236593559384346,0.07999999821186066,0.3089999854564667
YNL233W,YDL229W,0,-1.4254762,0.025228634476661682,0.07999999821186066,0.3091000020503998
YBR078W,YLR315W,0,-1.4255406,0.025220680981874466,0.07999999821186066,0.3091999888420105
YDR144C,YJR110W,0,-1.4255668,0.025212733075022697,0.07999999821186066,0.3093000054359436
YOR381W,YEL020W-A,0,-1.4256074,0.025204788893461227,0.07999999821186066,0.3093999922275543
YPL113C,YMR006C,0,-1.425691,0.025196850299835205,0.07999999821186066,0.3095000088214874
YJR015W,YIL156W,0,-1.4258605,0.02518891729414463,0.07999999821186066,0.30959999561309814
YDL121C,YMR193W,0,-1.4265643,0.025180988013744354,0.07999999821186066,0.30970001220703125
YLL019C,YDR299W,0,-1.4265891,0.025173064321279526,0.07999999821186066,0.30979999899864197
YKR096W,YLR050C,0,-1.4267274,0.025165146216750145,0.07999999821186066,0.3098999857902527
YBL013W,YJR001W,0,-1.4268318,0.025157231837511063,0.07999999821186066,0.3100000023841858
YOL124C,YIL037C,0,-1.4270974,0.025149324908852577,0.07999999821186066,0.3100999891757965
YNL045W,YLR383W,0,-1.4286883,0.02514141984283924,0.07999999821186066,0.3102000057697296
YJR097W,YBR233W-A,0,-1.4287012,0.025133522227406502,0.07999999821186066,0.31029999256134033
YDR036C,YBR141C,0,-1.4293318,0.02512562833726406,0.07999999821186066,0.31040000915527344
YOR304C-A,YJR160C,0,-1.4299241,0.025117740035057068,0.07999999821186066,0.31049999594688416
YDR021W,YDL055C,0,-1.4300278,0.025109855458140373,0.07999999821186066,0.31060001254081726
YML040W,YKR068C,0,-1.4302638,0.025101976469159126,0.07999999821186066,0.310699999332428
YHR122W,YOR075W,0,-1.4309598,0.025094103068113327,0.07999999821186066,0.3107999861240387
YGR288W,YAL035W,0,-1.4311348,0.025086233392357826,0.07999999821186066,0.3109000027179718
YLL062C,YOL100W,0,-1.4319409,0.025078369304537773,0.07999999821186066,0.3109999895095825
YNL331C,YLR244C,0,-1.4319937,0.025070510804653168,0.07999999821186066,0.3111000061035156
YBL038W,YJR147W,0,-1.4329835,0.02506265603005886,0.07999999821186066,0.31119999289512634
YJL158C,YNL029C,0,-1.4335504,0.0250548068434,0.07999999821186066,0.31130000948905945
YOR359W,YER033C,0,-1.4339386,0.02504696324467659,0.07999999821186066,0.31139999628067017
YNL065W,YOL123W,0,-1.434161,0.025039123371243477,0.07999999821186066,0.31150001287460327
YNL271C,YDR453C,0,-1.4341975,0.02503128908574581,0.07999999821186066,0.311599999666214
YHR056C,YIL056W,0,-1.4347687,0.025023460388183594,0.07999999821186066,0.3116999864578247
YLR032W,YOL098C,0,-1.4352851,0.025015635415911674,0.07999999821186066,0.3118000030517578
YKL058W,YLR009W,0,-1.4357228,0.025007814168930054,0.07999999821186066,0.31189998984336853
YPR024W,YKL132C,0,-1.4364218,0.02500000037252903,0.07999999821186066,0.31200000643730164
YJR009C,YDR512C,0,-1.436469,0.024992190301418304,0.07999999821186066,0.31209999322891235
YJR094W-A,YER109C,0,-1.4366945,0.024984383955597878,0.07999999821186066,0.31220000982284546
YKL212W,YCL036W,0,-1.4372162,0.024976585060358047,0.07999999821186066,0.3122999966144562
YDL039C,YOL135C,0,-1.43726,0.024968789890408516,0.07999999821186066,0.3124000132083893
YLL018C-A,YLR039C,0,-1.4379014,0.024960998445749283,0.07999999821186066,0.3125
YDR060W,YLR283W,0,-1.4381887,0.024953212589025497,0.07999999821186066,0.3125999867916107
YDR533C,YFL039C,0,-1.438463,0.02494543232023716,0.07999999821186066,0.3127000033855438
YDR399W,YOR221C,0,-1.4388739,0.02493765577673912,0.07999999821186066,0.31279999017715454
YPL121C,YHR005C,0,-1.4389814,0.02492988482117653,0.07999999821186066,0.31290000677108765
YML061C,YGR175C,0,-1.4389895,0.024922117590904236,0.07999999821186066,0.31299999356269836
YHR149C,YOR054C,0,-1.4391254,0.02491435781121254,0.07999999821186066,0.31310001015663147
YEL048C,YOR353C,0,-1.4393798,0.024906599894165993,0.07999999821186066,0.3131999969482422
YMR055C,YBR046C,0,-1.4395926,0.024898847565054893,0.07999999821186066,0.3133000135421753
YAL058W,YKL145W,1,-1.4398142,0.02520224079489708,0.08100000023841858,0.3133000135421753
YKR050W,YNL046W,0,-1.4401213,0.025194400921463966,0.08100000023841858,0.313400000333786
YPR019W,YGR080W,0,-1.4406073,0.0251865666359663,0.08100000023841858,0.31349998712539673
YOL031C,YDL129W,0,-1.4406916,0.025178737938404083,0.08100000023841858,0.31360000371932983
YOL107W,YGR217W,0,-1.4408091,0.025170912966132164,0.08100000023841858,0.31369999051094055
YOL040C,YOL007C,0,-1.4415025,0.025163093581795692,0.08100000023841858,0.31380000710487366
YJL041W,YOR063W,0,-1.4415463,0.02515527978539467,0.08100000023841858,0.3138999938964844
YBR273C,YDR131C,1,-1.4417332,0.02545793168246746,0.0820000022649765,0.3138999938964844
YDL121C,YBR119W,0,-1.4419942,0.025450030341744423,0.0820000022649765,0.3140000104904175
YNR067C,YOR180C,0,-1.4420389,0.025442134588956833,0.0820000022649765,0.3140999972820282
YOR247W,YOR034C,0,-1.4422992,0.02543424256145954,0.0820000022649765,0.3142000138759613
YIL069C,YOR075W,0,-1.4426877,0.025426356121897697,0.0820000022649765,0.314300000667572
YGL240W,YKL022C,1,-1.4431831,0.025728456676006317,0.08299999684095383,0.314300000667572
YKR056W,YLR044C,0,-1.4437987,0.02572048269212246,0.08299999684095383,0.31439998745918274
YJR053W,YLR347C,0,-1.443818,0.0257125161588192,0.08299999684095383,0.31450000405311584
YDR189W,YOR317W,0,-1.4438199,0.025704553350806236,0.08299999684095383,0.31459999084472656
YOR386W,YOR283W,0,-1.4443957,0.025696594268083572,0.08299999684095383,0.31470000743865967
YHR138C,YGR244C,0,-1.4444789,0.025688640773296356,0.08299999684095383,0.3147999942302704
YLR189C,YKR077W,0,-1.444544,0.025680692866444588,0.08299999684095383,0.3149000108242035
YKL009W,YNL065W,0,-1.4448557,0.025672750547528267,0.08299999684095383,0.3149999976158142
YGL192W,YJL052W,0,-1.4455832,0.025664811953902245,0.08299999684095383,0.3151000142097473
YDR243C,YJL097W,0,-1.445634,0.02565687708556652,0.08299999684095383,0.31520000100135803
YDR109C,YHR079C,0,-1.4457778,0.025648949667811394,0.08299999684095383,0.31529998779296875
YLR212C,YPL146C,0,-1.4459804,0.025641025975346565,0.08299999684095383,0.31540000438690186
YLR263W,YHR117W,0,-1.4461142,0.025633106008172035,0.08299999684095383,0.3154999911785126
YIL072W,YPR169W,0,-1.4465774,0.025625193491578102,0.08299999684095383,0.3156000077724457
YIL020C,YIL136W,0,-1.4467868,0.025617284700274467,0.08299999684095383,0.3156999945640564
YLR371W,YER102W,0,-1.4472576,0.02560937963426113,0.08299999684095383,0.3158000111579895
YNL078W,YBL022C,0,-1.4473673,0.025601480156183243,0.08299999684095383,0.3158999979496002
YHR066W,YGL021W,0,-1.4477028,0.025593586266040802,0.08299999684095383,0.3160000145435333
YDL185W,YOL057W,0,-1.4477185,0.02558569610118866,0.08299999684095383,0.31610000133514404
YBL054W,YKL060C,0,-1.4479395,0.025577811524271965,0.08299999684095383,0.31619998812675476
YOR383C,YCR036W,0,-1.4484425,0.025569932535290718,0.08299999684095383,0.31630000472068787
YKL210W,YCR031C,0,-1.4486576,0.02556205727159977,0.08299999684095383,0.3163999915122986
YHR122W,YHR005C,0,-1.448749,0.02555418759584427,0.08299999684095383,0.3165000081062317
YMR321C,YLR009W,0,-1.4496568,0.025546321645379066,0.08299999684095383,0.3165999948978424
YJR149W,YDR030C,0,-1.4499327,0.025538461282849312,0.08299999684095383,0.3167000114917755
YOR393W,YDL070W,0,-1.4499949,0.025530606508255005,0.08299999684095383,0.31679999828338623
YHR030C,YIL132C,0,-1.450019,0.025522755458950996,0.08299999684095383,0.31690001487731934
YDR284C,YIL133C,0,-1.450061,0.025514909997582436,0.08299999684095383,0.31700000166893005
YKL056C,YBL061C,0,-1.4501358,0.025507068261504173,0.08299999684095383,0.31709998846054077
YHR060W,YLL062C,0,-1.4502469,0.02549923211336136,0.08299999684095383,0.3172000050544739
YDL121C,YCR063W,0,-1.4520898,0.025491399690508842,0.08299999684095383,0.3172999918460846
YOR389W,YNL041C,0,-1.4522319,0.025483574718236923,0.08299999684095383,0.3174000084400177
YDR449C,YEL024W,0,-1.4523128,0.025475751608610153,0.08299999684095383,0.3174999952316284
YKL089W,YBR149W,0,-1.452536,0.02546793408691883,0.08299999684095383,0.3176000118255615
YNL107W,YER071C,0,-1.4528095,0.025460122153162956,0.08299999684095383,0.31769999861717224
YGL178W,YLR214W,0,-1.4528183,0.02545231580734253,0.08299999684095383,0.31779998540878296
YNL095C,YKR036C,0,-1.4530886,0.0254445131868124,0.08299999684095383,0.31790000200271606
YKR058W,YLL018C-A,0,-1.4532825,0.02543671429157257,0.08299999684095383,0.3179999887943268
YJR109C,YGR158C,0,-1.4545518,0.02542892098426819,0.08299999684095383,0.3181000053882599
YPL113C,YLR052W,0,-1.4547182,0.025421133264899254,0.08299999684095383,0.3181999921798706
YNL262W,YIL052C,0,-1.4548639,0.025413349270820618,0.08299999684095383,0.3183000087738037
YOR096W,YHR116W,0,-1.454941,0.02540557086467743,0.08299999684095383,0.31839999556541443
YKR101W,YDR091C,0,-1.4550077,0.02539779618382454,0.08299999684095383,0.31850001215934753
YNL233W,YDL051W,0,-1.4552876,0.025390027090907097,0.08299999684095383,0.31859999895095825
YDR233C,YJL156C,0,-1.4553424,0.025382263585925102,0.08299999684095383,0.31869998574256897
YCL008C,YPL176C,1,-1.4553694,0.025680219754576683,0.08399999886751175,0.31869998574256897
YNL232W,YLR446W,0,-1.4558845,0.025672372430562973,0.08399999886751175,0.3188000023365021
YBR207W,YMR105C,0,-1.456122,0.02566452883183956,0.08399999886751175,0.3188999891281128
YPL064C,YGR080W,0,-1.4565483,0.02565668895840645,0.08399999886751175,0.3190000057220459
YGR047C,YKR096W,0,-1.4578017,0.025648854672908783,0.08399999886751175,0.3190999925136566
YOR195W,YML073C,0,-1.458105,0.025641025975346565,0.08399999886751175,0.3192000091075897
YLL017W,YHR201C,0,-1.4582181,0.025633201003074646,0.08399999886751175,0.31929999589920044
YLR213C,YPL226W,0,-1.4585686,0.025625381618738174,0.08399999886751175,0.31940001249313354
YMR093W,YML096W,0,-1.4587741,0.025617565959692,0.08399999886751175,0.31949999928474426
YOL121C,YJL045W,0,-1.4588002,0.025609755888581276,0.08399999886751175,0.319599986076355
YGR239C,YJL149W,0,-1.4588925,0.025601951405405998,0.08399999886751175,0.3197000026702881
YNR001C,YLR176C,0,-1.4589047,0.02559415064752102,0.08399999886751175,0.3197999894618988
YKR094C,YJR058C,0,-1.4597737,0.025586353614926338,0.08399999886751175,0.3199000060558319
YDR517W,YOR291W,0,-1.4604145,0.025578562170267105,0.08399999886751175,0.3199999928474426
YAL048C,YBR034C,0,-1.4605538,0.02557077631354332,0.08399999886751175,0.32010000944137573
YMR093W,YMR025W,0,-1.4609255,0.025562994182109833,0.08399999886751175,0.32019999623298645
YDL210W,YOR045W,0,-1.4610499,0.025555217638611794,0.08399999886751175,0.32030001282691956
YAL019W,YPL154C,0,-1.4613656,0.025547444820404053,0.08399999886751175,0.3203999996185303
YPL150W,YER113C,0,-1.4615878,0.02553967759013176,0.08399999886751175,0.320499986410141
YPL096C-A,YMR012W,0,-1.4617218,0.025531914085149765,0.08399999886751175,0.3206000030040741
YML028W,YDR524C,0,-1.4618312,0.025524156168103218,0.08399999886751175,0.3206999897956848
YER070W,YDR463W,0,-1.462376,0.02551640383899212,0.08399999886751175,0.3208000063896179
YER165W,YDR242W,0,-1.4626288,0.025508655235171318,0.08399999886751175,0.32089999318122864
YGR266W,YDR308C,0,-1.4630435,0.025500910356640816,0.08399999886751175,0.32100000977516174
YML039W,YLR352W,0,-1.4634049,0.02549317106604576,0.08399999886751175,0.32109999656677246
YFR036W,YAL058W,1,-1.4642049,0.02578883431851864,0.08500000089406967,0.32109999656677246
YDL061C,YDL129W,0,-1.4646789,0.025781013071537018,0.08500000089406967,0.32120001316070557
YML112W,YPL160W,0,-1.4648134,0.025773195549845695,0.08500000089406967,0.3212999999523163
YNL115C,YOL042W,0,-1.4649277,0.02576538361608982,0.08500000089406967,0.321399986743927
YNL213C,YOR032C,0,-1.4649805,0.025757575407624245,0.08500000089406967,0.3215000033378601
YCL063W,YOR009W,0,-1.4659538,0.025749772787094116,0.08500000089406967,0.3215999901294708
YDL039C,YPR095C,0,-1.4664255,0.025741973891854286,0.08500000089406967,0.32170000672340393
YML099C,YFL056C,0,-1.4665953,0.025734180584549904,0.08500000089406967,0.32179999351501465
YLR126C,YIL022W,0,-1.4677554,0.02572639286518097,0.08500000089406967,0.32190001010894775
YPR054W,YPR003C,0,-1.4678501,0.025718608871102333,0.08500000089406967,0.32199999690055847
YOL086C,YNL188W,0,-1.4679686,0.025710828602313995,0.08500000089406967,0.3221000134944916
YDR127W,YJR036C,0,-1.4679996,0.025703053921461105,0.08500000089406967,0.3222000002861023
YOL124C,YDR545W,0,-1.4680301,0.025695284828543663,0.08500000089406967,0.322299987077713
YER070W,YNL294C,0,-1.4690543,0.02568751946091652,0.08500000089406967,0.3224000036716461
YGL120C,YBR085W,0,-1.4691902,0.025679757818579674,0.08500000089406967,0.32249999046325684
YNL274C,YDR246W,0,-1.4692438,0.025672001764178276,0.08500000089406967,0.32260000705718994
YPR134W,YKR079C,0,-1.4693009,0.025664251297712326,0.08500000089406967,0.32269999384880066
YNL130C,YKR069W,0,-1.469589,0.025656504556536674,0.08500000089406967,0.32280001044273376
YNL111C,YBR272C,0,-1.4701219,0.02564876340329647,0.08500000089406967,0.3228999972343445
YKL060C,YLR381W,0,-1.4701507,0.025641025975346565,0.08500000089406967,0.3230000138282776
YDR131C,YNL008C,1,-1.4705346,0.025934861972928047,0.0860000029206276,0.3230000138282776
YJR149W,YBR125C,0,-1.4706136,0.025927042588591576,0.0860000029206276,0.3231000006198883
YPL258C,YKL143W,0,-1.4715873,0.025919228792190552,0.0860000029206276,0.323199987411499
YER053C,YGR156W,0,-1.4718293,0.025911418721079826,0.0860000029206276,0.32330000400543213
YOL029C,YKL061W,0,-1.4720176,0.02590361423790455,0.0860000029206276,0.32339999079704285
YPR135W,YLR130C,0,-1.4726754,0.02589581534266472,0.0860000029206276,0.32350000739097595
YMR207C,YGR080W,0,-1.4731297,0.025888020172715187,0.0860000029206276,0.32359999418258667
YLR142W,YBR150C,0,-1.4732344,0.025880228728055954,0.0860000029206276,0.3237000107765198
YAL040C,YEL021W,0,-1.4740803,0.02587244287133217,0.0860000029206276,0.3237999975681305
YOR298W,YCR044C,0,-1.4741137,0.02586466073989868,0.0860000029206276,0.3239000141620636
YIL155C,YDR115W,0,-1.4741956,0.02585688605904579,0.0860000029206276,0.3240000009536743
YDR086C,YOR317W,0,-1.4746782,0.02584911324083805,0.0860000029206276,0.32409998774528503
YKL024C,YGL028C,0,-1.4747405,0.025841346010565758,0.0860000029206276,0.32420000433921814
YGR036C,YNL132W,0,-1.4747857,0.025833584368228912,0.0860000029206276,0.32429999113082886
YOR270C,YDR109C,0,-1.4750763,0.025825826451182365,0.0860000029206276,0.32440000772476196
YLR345W,YMR090W,0,-1.4756678,0.025818072259426117,0.0860000029206276,0.3244999945163727
YHR080C,YDL143W,0,-1.4757954,0.025810323655605316,0.0860000029206276,0.3246000111103058
YBR233W-A,YFL004W,0,-1.475875,0.025802580639719963,0.0860000029206276,0.3246999979019165
YGL183C,YML049C,0,-1.4761189,0.02579484134912491,0.0860000029206276,0.3248000144958496
YDL024C,YBL056W,0,-1.4761801,0.025787105783820152,0.0860000029206276,0.3249000012874603
YHR204W,YGL240W,1,-1.4762421,0.02607913687825203,0.08699999749660492,0.3249000012874603
YDR248C,YDL076C,0,-1.4762572,0.026071321219205856,0.08699999749660492,0.32499998807907104
YDL130W-A,YNL052W,0,-1.4768083,0.02606351114809513,0.08699999749660492,0.32510000467300415
YIL134W,YMR034C,0,-1.4768822,0.026055704802274704,0.08699999749660492,0.32519999146461487
YHR129C,YPL113C,0,-1.4769827,0.026047904044389725,0.08699999749660492,0.325300008058548
YBR050C,YOR078W,0,-1.4776233,0.026040107011795044,0.08699999749660492,0.3253999948501587
YMR321C,YBR158W,0,-1.477683,0.02603231556713581,0.08699999749660492,0.3255000114440918
YGR122W,YER051W,0,-1.4777683,0.026024529710412025,0.08699999749660492,0.3255999982357025
YLR270W,YFL039C,0,-1.4779812,0.02601674571633339,0.08699999749660492,0.3257000148296356
YKL014C,YPR028W,0,-1.4781779,0.02600896917283535,0.08699999749660492,0.32580000162124634
YHR174W,YBR107C,0,-1.4782194,0.02600119635462761,0.08699999749660492,0.32589998841285706
YOR043W,YJL030W,0,-1.4784669,0.025993427261710167,0.08699999749660492,0.32600000500679016
YGL194C,YJR121W,0,-1.4785279,0.025985663756728172,0.08699999749660492,0.3260999917984009
YLR131C,YPL274W,0,-1.478669,0.025977903977036476,0.08699999749660492,0.326200008392334
YBR015C,YOL082W,0,-1.479647,0.025970149785280228,0.08699999749660492,0.3262999951839447
YPL273W,YHR160C,0,-1.4800757,0.025962399318814278,0.08699999749660492,0.3264000117778778
YMR221C,YKL170W,0,-1.4804093,0.025954654440283775,0.08699999749660492,0.3264999985694885
YPL226W,YGR223C,0,-1.480476,0.02594691328704357,0.08699999749660492,0.32659998536109924
YIL053W,YNL246W,0,-1.4811593,0.025939177721738815,0.08699999749660492,0.32670000195503235
YDR511W,YHR157W,0,-1.4815897,0.025931445881724358,0.08699999749660492,0.32679998874664307
YDR358W,YDL008W,1,-1.4819398,0.02622169256210327,0.08799999952316284,0.32679998874664307
YJR066W,YCL005W-A,0,-1.4819661,0.026213880628347397,0.08799999952316284,0.32690000534057617
YBR020W,YFL039C,0,-1.4821404,0.02620607428252697,0.08799999952316284,0.3269999921321869
YDR482C,YDR262W,0,-1.4825546,0.02619827352464199,0.08799999952316284,0.32710000872612
YGR036C,YKL006W,0,-1.4828452,0.02619047649204731,0.08799999952316284,0.3271999955177307
YDL031W,YDR369C,0,-1.483231,0.026182683184742928,0.08799999952316284,0.3273000121116638
YGR202C,YBL078C,0,-1.4833763,0.026174895465373993,0.08799999952316284,0.32739999890327454
YLR189C,YNL048W,0,-1.4840149,0.026167113333940506,0.08799999952316284,0.32749998569488525
YLL055W,YPL258C,0,-1.4842018,0.026159334927797318,0.08799999952316284,0.32760000228881836
YCL034W,YFL039C,0,-1.4842082,0.026151560246944427,0.08799999952316284,0.3276999890804291
YJL212C,YCR014C,0,-1.4843333,0.026143791154026985,0.08799999952316284,0.3278000056743622
YHR023W,YAL030W,0,-1.4843493,0.02613602578639984,0.08799999952316284,0.3278999924659729
YOL032W,YDR448W,0,-1.4848434,0.026128266006708145,0.08799999952316284,0.328000009059906
YOR066W,YOR349W,0,-1.4850993,0.026120509952306747,0.08799999952316284,0.3280999958515167
YIL159W,YNR019W,0,-1.4851953,0.026112759485840797,0.08799999952316284,0.32820001244544983
YLR141W,YDR429C,0,-1.4854174,0.026105012744665146,0.08799999952316284,0.32829999923706055
YNL045W,YIR037W,0,-1.485475,0.026097271591424942,0.08799999952316284,0.32839998602867126
YDR109C,YOR283W,0,-1.4854864,0.026089534163475037,0.08799999952316284,0.32850000262260437
YHR215W,YML012W,0,-1.485866,0.02608180232346058,0.08799999952316284,0.3285999894142151
YLL014W,YBL026W,0,-1.485999,0.02607407420873642,0.08799999952316284,0.3287000060081482
YHR135C,YKR095W-A,0,-1.487161,0.02606634981930256,0.08799999952316284,0.3287999927997589
YJL212C,YNL207W,0,-1.4872271,0.026058631017804146,0.08799999952316284,0.328900009393692
YMR086W,YGL068W,0,-1.4873644,0.02605091780424118,0.08799999952316284,0.32899999618530273
YJL062W,YMR316W,0,-1.4874812,0.026043208315968513,0.08799999952316284,0.32910001277923584
YPR010C,YGL018C,0,-1.4876889,0.026035502552986145,0.08799999952316284,0.32919999957084656
YNL223W,YLR044C,0,-1.4877182,0.026027802377939224,0.08799999952316284,0.3292999863624573
YER131W,YJL024C,0,-1.4878676,0.026020105928182602,0.08799999952316284,0.3294000029563904
YMR130W,YLR370C,0,-1.4878724,0.026012415066361427,0.08799999952316284,0.3294999897480011
YPL193W,YDR545W,0,-1.4880112,0.02600472792983055,0.08799999952316284,0.3296000063419342
YHR160C,YCL005W-A,0,-1.4880391,0.025997046381235123,0.08799999952316284,0.3296999931335449
YGL194C,YKL053C-A,0,-1.4880916,0.025989368557929993,0.08799999952316284,0.329800009727478
YGR205W,YGR116W,0,-1.4881732,0.02598169445991516,0.08799999952316284,0.32989999651908875
YIL042C,YKL100C,0,-1.4883317,0.025974025949835777,0.08799999952316284,0.33000001311302185
YPL206C,YDR444W,0,-1.4888692,0.025966361165046692,0.08799999952316284,0.33009999990463257
YOL124C,YGL035C,0,-1.4891592,0.025958701968193054,0.08799999952316284,0.3301999866962433
YLR130C,YKL063C,0,-1.4897045,0.025951046496629715,0.08799999952316284,0.3303000032901764
YNR021W,YBR029C,0,-1.4897681,0.025943396613001823,0.08799999952316284,0.3303999900817871
YBR276C,YDR418W,0,-1.4905313,0.02593575045466423,0.08799999952316284,0.3305000066757202
YNL008C,YHR027C,1,-1.4916238,0.026222746819257736,0.08900000154972076,0.3305000066757202
YDR239C,YMR256C,0,-1.4919585,0.026215022429823875,0.08900000154972076,0.33059999346733093
YNL301C,YER014C-A,0,-1.4933642,0.026207303628325462,0.08900000154972076,0.33070001006126404
YNL138W-A,YAL031C,0,-1.493802,0.026199588552117348,0.08900000154972076,0.33079999685287476
YLR068W,YAL056W,0,-1.4938108,0.02619187720119953,0.08900000154972076,0.33090001344680786
YKL194C,YOR224C,0,-1.4940614,0.026184171438217163,0.08900000154972076,0.3310000002384186
YHR074W,YMR017W,0,-1.4946927,0.026176471263170242,0.08900000154972076,0.3310999870300293
YBR202W,YGR060W,0,-1.4947454,0.02616877481341362,0.08900000154972076,0.3312000036239624
YMR296C,YDR254W,0,-1.4949008,0.026161082088947296,0.08900000154972076,0.3312999904155731
YPL121C,YDR004W,0,-1.495543,0.02615339495241642,0.08900000154972076,0.3314000070095062
YDR131C,YCL052C,1,-1.4957594,0.0264394823461771,0.09000000357627869,0.3314000070095062
YDL209C,YGL191W,0,-1.4959598,0.026431718841195107,0.09000000357627869,0.33149999380111694
YAR031W,YDR365C,0,-1.4963316,0.02642395719885826,0.09000000357627869,0.33160001039505005
YKL201C,YAL056W,0,-1.4963876,0.026416201144456863,0.09000000357627869,0.33169999718666077
YNL149C,YMR086W,0,-1.4969383,0.026408450677990913,0.09000000357627869,0.33180001378059387
YFL061W,YAR015W,0,-1.497106,0.026400703936815262,0.09000000357627869,0.3319000005722046
YOR251C,YPL171C,0,-1.497252,0.026392962783575058,0.09000000357627869,0.3319999873638153
YHL016C,YGR189C,0,-1.4976076,0.026385223492980003,0.09000000357627869,0.3321000039577484
YOL142W,YCR098C,0,-1.497732,0.026377491652965546,0.09000000357627869,0.33219999074935913
YGR282C,YOR113W,0,-1.4977622,0.026369763538241386,0.09000000357627869,0.33230000734329224
YCL054W,YDR107C,0,-1.4981323,0.026362039148807526,0.09000000357627869,0.33239999413490295
YNL210W,YLR419W,0,-1.4981526,0.026354318484663963,0.09000000357627869,0.33250001072883606
YMR296C,YGR154C,0,-1.4983461,0.02634660340845585,0.09000000357627869,0.3325999975204468
YNL010W,YDR087C,0,-1.49836,0.026338893920183182,0.09000000357627869,0.3327000141143799
YLR009W,YDR430C,0,-1.4989946,0.026331188157200813,0.09000000357627869,0.3328000009059906
YLR092W,YPL063W,0,-1.4990164,0.026323486119508743,0.09000000357627869,0.3328999876976013
YGL194C,YML085C,0,-1.4997059,0.02631578966975212,0.09000000357627869,0.3330000042915344
YNL038W,YGL085W,0,-1.4998395,0.026308096945285797,0.09000000357627869,0.33309999108314514
YKR009C,YDL145C,0,-1.4998587,0.02630040980875492,0.09000000357627869,0.33320000767707825
YPL188W,YLR054C,0,-1.5000435,0.026292726397514343,0.09000000357627869,0.33329999446868896
YBL013W,YPR180W,0,-1.5002991,0.026285046711564064,0.09000000357627869,0.33340001106262207
YBR048W,YHR099W,0,-1.5005615,0.026277372613549232,0.09000000357627869,0.3334999978542328
YNL102W,YLR213C,0,-1.5006293,0.0262697022408247,0.09000000357627869,0.3336000144481659
YML045W,YBR023C,0,-1.5006775,0.026262037456035614,0.09000000357627869,0.3337000012397766
YHR179W,YNL317W,0,-1.500799,0.026254376396536827,0.09000000357627869,0.33379998803138733
YPR097W,YML124C,0,-1.5012654,0.02624671906232834,0.09000000357627869,0.33390000462532043
YLR301W,YJL178C,0,-1.5014018,0.026239067316055298,0.09000000357627869,0.33399999141693115
YKL194C,YOR315W,0,-1.5024165,0.026231419295072556,0.09000000357627869,0.33410000801086426
YDL070W,YKL014C,0,-1.5025018,0.02622377686202526,0.09000000357627869,0.334199994802475
YCL074W,YJL149W,0,-1.5028282,0.026216138154268265,0.09000000357627869,0.3343000113964081
YPL026C,YBR030W,0,-1.5037224,0.026208503171801567,0.09000000357627869,0.3343999981880188
YBR074W,YNL202W,0,-1.5042788,0.026200873777270317,0.09000000357627869,0.3345000147819519
YAR031W,YKL183W,0,-1.5043143,0.026193248108029366,0.09000000357627869,0.3346000015735626
YCR039C,YGL148W,0,-1.50463,0.026185626164078712,0.09000000357627869,0.33469998836517334
YOR155C,YDR285W,0,-1.5047561,0.026178009808063507,0.09000000357627869,0.33480000495910645
YPR132W,YLL035W,0,-1.5047902,0.02617039903998375,0.09000000357627869,0.33489999175071716
YHR005C-A,YOR264W,0,-1.5048,0.02616279013454914,0.09000000357627869,0.33500000834465027
YNL339C,YMR292W,0,-1.5054768,0.02615518681704998,0.09000000357627869,0.335099995136261
YEL054C,YLR439W,0,-1.5057255,0.026147589087486267,0.09000000357627869,0.3352000117301941
YGL232W,YPR091C,0,-1.505794,0.026139995083212852,0.09000000357627869,0.3352999985218048
YGL155W,YDR444W,0,-1.5057945,0.026132404804229736,0.09000000357627869,0.3353999853134155
YJR139C,YDR501W,0,-1.5064765,0.02612481825053692,0.09000000357627869,0.33550000190734863
YDR003W,YCR047C,0,-1.5065099,0.02611723728477955,0.09000000357627869,0.33559998869895935
YHL019C,YMR087W,0,-1.5070567,0.026109660044312477,0.09000000357627869,0.33570000529289246
YML039W,YBR241C,0,-1.5070773,0.026102088391780853,0.09000000357627869,0.3357999920845032
YIR017C,YLR014C,0,-1.507118,0.026094520464539528,0.09000000357627869,0.3359000086784363
YGR101W,YLR344W,0,-1.5071474,0.0260869562625885,0.09000000357627869,0.335999995470047
YMR226C,YNL173C,0,-1.5071498,0.026079397648572922,0.09000000357627869,0.3361000120639801
YGL064C,YKL096W-A,0,-1.5072247,0.02607184275984764,0.09000000357627869,0.3361999988555908
YGR105W,YNL117W,0,-1.5073302,0.02606429159641266,0.09000000357627869,0.33629998564720154
YGR047C,YPL220W,0,-1.507383,0.026056746020913124,0.09000000357627869,0.33640000224113464
YDR437W,YOR074C,0,-1.5083374,0.026049204170703888,0.09000000357627869,0.33649998903274536
YNL065W,YDR145W,0,-1.5097123,0.02604166604578495,0.09000000357627869,0.33660000562667847
YDR534C,YHR142W,0,-1.510554,0.02603413350880146,0.09000000357627869,0.3366999924182892
YER049W,YBR129C,0,-1.5105811,0.02602660469710827,0.09000000357627869,0.3368000090122223
YAL020C,YGR060W,0,-1.5106088,0.026019081473350525,0.09000000357627869,0.336899995803833
YOR341W,YHR079C,0,-1.511911,0.02601156011223793,0.09000000357627869,0.3370000123977661
YPL101W,YDR343C,0,-1.5122603,0.026004044339060783,0.09000000357627869,0.33709999918937683
YLR224W,YML088W,1,-1.5125912,0.026285383850336075,0.09099999815225601,0.33709999918937683
YKL029C,YDR139C,0,-1.5128988,0.02627779357135296,0.09099999815225601,0.33719998598098755
YNL052W,YJR026W,0,-1.5130237,0.02627020701766014,0.09099999815225601,0.33730000257492065
YKR097W,YBR054W,0,-1.5130523,0.02626262605190277,0.09099999815225601,0.33739998936653137
YGL063W,YMR284W,0,-1.5134504,0.0262550488114357,0.09099999815225601,0.3375000059604645
YPR135W,YLL008W,0,-1.5134517,0.026247475296258926,0.09099999815225601,0.3375999927520752
YNL102W,YER020W,0,-1.5137912,0.0262399073690176,0.09099999815225601,0.3377000093460083
YGL009C,YFR031C,0,-1.514045,0.026232343167066574,0.09099999815225601,0.337799996137619
YML039W,YDR392W,0,-1.5143255,0.026224784553050995,0.09099999815225601,0.3379000127315521
YDR045C,YHR080C,0,-1.5143287,0.026217227801680565,0.09099999815225601,0.33799999952316284
YDR444W,YAL062W,0,-1.5143446,0.026209676638245583,0.09099999815225601,0.33809998631477356
YBR159W,YDR350C,0,-1.514445,0.026202131062746048,0.09099999815225601,0.33820000290870667
YPR017C,YPL131W,0,-1.5148472,0.026194589212536812,0.09099999815225601,0.3382999897003174
YNL006W,YLR068W,0,-1.5152012,0.026187051087617874,0.09099999815225601,0.3384000062942505
YER096W,YGR223C,0,-1.5155497,0.026179516687989235,0.09099999815225601,0.3384999930858612
YJR101W,YBR040W,0,-1.5155952,0.026171987876296043,0.09099999815225601,0.3386000096797943
YNL247W,YMR076C,0,-1.5156795,0.02616446278989315,0.09099999815225601,0.33869999647140503
YGR155W,YNR007C,0,-1.5157386,0.026156941428780556,0.09099999815225601,0.33880001306533813
YBR050C,YOR349W,0,-1.5164112,0.02614942565560341,0.09099999815225601,0.33889999985694885
YJR109C,YPR187W,0,-1.5165538,0.02614191360771656,0.09099999815225601,0.33899998664855957
YPR159W,YGR080W,0,-1.5165983,0.02613440528512001,0.09099999815225601,0.3391000032424927
YHR148W,YDL229W,0,-1.5169262,0.026126902550458908,0.09099999815225601,0.3391999900341034
YBR030W,YDR523C,0,-1.5172024,0.026119403541088104,0.09099999815225601,0.3393000066280365
YIL095W,YDR365C,0,-1.5173786,0.0261119082570076,0.09099999815225601,0.3393999934196472
YNL138W-A,YJR035W,0,-1.517747,0.02610441856086254,0.09099999815225601,0.3395000100135803
YBL023C,YNL181W,0,-1.5182992,0.026096930727362633,0.09099999815225601,0.33959999680519104
YAL022C,YPL021W,0,-1.5185201,0.02608945034444332,0.09099999815225601,0.33970001339912415
YIL080W,YOR241W,0,-1.5188688,0.02608197182416916,0.09099999815225601,0.33980000019073486
YHR156C,YPR036W,0,-1.5189425,0.026074498891830444,0.09099999815225601,0.3398999869823456
YDR019C,YGL185C,0,-1.5192877,0.026067029684782028,0.09099999815225601,0.3400000035762787
YJR135W-A,YDR270W,0,-1.519328,0.02605956420302391,0.09099999815225601,0.3400999903678894
YIR017C,YLR363C,0,-1.519926,0.02605210430920124,0.09099999815225601,0.3402000069618225
YKR061W,YHR029C,0,-1.5202874,0.02604464814066887,0.09099999815225601,0.3402999937534332
YML081W,YLR096W,0,-1.520415,0.026037195697426796,0.09099999815225601,0.34040001034736633
YHL015W,YKL042W,0,-1.5204777,0.02602974884212017,0.09099999815225601,0.34049999713897705
YOR049C,YNL219C,0,-1.5205058,0.026022305712103844,0.09099999815225601,0.34060001373291016
YOR175C,YDR472W,0,-1.5205399,0.026014866307377815,0.09099999815225601,0.3407000005245209
YHL044W,YEL001C,0,-1.5206777,0.026007430627942085,0.09099999815225601,0.3407999873161316
YCR010C,YLL051C,0,-1.5207846,0.026000000536441803,0.09099999815225601,0.3409000039100647
YOR065W,YGL030W,0,-1.5218889,0.02599257417023182,0.09099999815225601,0.3409999907016754
YOR136W,YCR014C,0,-1.5219562,0.025985151529312134,0.09099999815225601,0.3411000072956085
YJL103C,YLR143W,0,-1.5219755,0.025977732613682747,0.09099999815225601,0.34119999408721924
YJL214W,YDL143W,0,-1.5224351,0.025970319285988808,0.09099999815225601,0.34130001068115234
YBR092C,YBR024W,0,-1.522499,0.025962909683585167,0.09099999815225601,0.34139999747276306
YBR050C,YOL028C,0,-1.522793,0.025955505669116974,0.09099999815225601,0.34150001406669617
YDR120C,YHL036W,0,-1.5230529,0.02594810351729393,0.09099999815225601,0.3416000008583069
YOR332W,YHR052W,0,-1.5232607,0.025940706953406334,0.09099999815225601,0.3416999876499176
YPL028W,YMR136W,0,-1.5236479,0.025933314114809036,0.09099999815225601,0.3418000042438507
YLR370C,YGR094W,0,-1.5237403,0.025925925001502037,0.09099999815225601,0.3418999910354614
YPL233W,YDR297W,0,-1.5241866,0.025918541476130486,0.09099999815225601,0.34200000762939453
YPL208W,YGL209W,0,-1.5244678,0.025911161676049232,0.09099999815225601,0.34209999442100525
YBR268W,YJL046W,0,-1.524475,0.025903785601258278,0.09099999815225601,0.34220001101493835
YFR034C,YBR089C-A,0,-1.524514,0.02589641511440277,0.09099999815225601,0.3422999978065491
YIL021W,YPR001W,0,-1.5245965,0.025889046490192413,0.09099999815225601,0.3424000144004822
YER145C,YJL148W,0,-1.5258183,0.025881683453917503,0.09099999815225601,0.3425000011920929
YFR049W,YBR034C,0,-1.5264412,0.025874324142932892,0.09099999815225601,0.3425999879837036
YOR036W,YPL036W,0,-1.5264553,0.025866970419883728,0.09099999815225601,0.3427000045776367
YDR343C,YDR359C,0,-1.5264999,0.025859618559479713,0.09099999815225601,0.34279999136924744
YHR066W,YDL095W,0,-1.5266973,0.025852272287011147,0.09099999815225601,0.34290000796318054
YJL012C,YPR006C,0,-1.5280399,0.025844929739832878,0.09099999815225601,0.34299999475479126
YOL076W,YPR091C,0,-1.5286661,0.025837592780590057,0.09099999815225601,0.34310001134872437
YCL067C,YGL103W,0,-1.5288208,0.025830257683992386,0.09099999815225601,0.3431999981403351
YNL192W,YAL060W,0,-1.5290469,0.025822928175330162,0.09099999815225601,0.3433000147342682
YML098W,YMR049C,0,-1.5291401,0.025815602391958237,0.09099999815225601,0.3434000015258789
YDR298C,YPL220W,0,-1.5297413,0.02580828219652176,0.09099999815225601,0.3434999883174896
YLL016W,YHR073W,0,-1.5298187,0.02580096386373043,0.09099999815225601,0.34360000491142273
YBR036C,YJR029W,0,-1.5302716,0.02579365111887455,0.09099999815225601,0.34369999170303345
YEL020W-A,YLR004C,0,-1.5302988,0.025786342099308968,0.09099999815225601,0.34380000829696655
YCL025C,YML076C,0,-1.5307919,0.025779036805033684,0.09099999815225601,0.34389999508857727
YOL029C,YDR078C,0,-1.5310563,0.0257717352360487,0.09099999815225601,0.3440000116825104
YLR287C-A,YGR184C,0,-1.5313069,0.02576443925499916,0.09099999815225601,0.3440999984741211
YMR322C,YML055W,0,-1.5314115,0.02575714699923992,0.09099999815225601,0.3441999852657318
YIL088C,YKL011C,0,-1.5315095,0.02574985846877098,0.09099999815225601,0.3443000018596649
YDR390C,YGL141W,0,-1.5316937,0.02574257366359234,0.09099999815225601,0.34439998865127563
YHR051W,YDR508C,0,-1.5317091,0.025735294446349144,0.09099999815225601,0.34450000524520874
YDR372C,YDR402C,0,-1.531916,0.025728018954396248,0.09099999815225601,0.34459999203681946
YGL212W,YGR027C,0,-1.5319313,0.0257207453250885,0.09099999815225601,0.34470000863075256
YHR073W,YMR242C,0,-1.5320188,0.02571347914636135,0.09099999815225601,0.3447999954223633
YFL061W,YOR270C,0,-1.5323137,0.02570621483027935,0.09099999815225601,0.3449000120162964
YDR545W,YBR282W,0,-1.5326675,0.025698954239487648,0.09099999815225601,0.3449999988079071
YNL191W,YBL092W,0,-1.5328873,0.025691699236631393,0.09099999815225601,0.3450999855995178
YMR131C,YLR237W,0,-1.5330645,0.025684447959065437,0.09099999815225601,0.3452000021934509
YER072W,YNL086W,0,-1.5331732,0.02567720040678978,0.09099999815225601,0.34529998898506165
YCR012W,YHR009C,0,-1.5334449,0.02566995844244957,0.09099999815225601,0.34540000557899475
YOR142W,YLL018C-A,0,-1.5338079,0.02566271834075451,0.09099999815225601,0.34549999237060547
YHL019C,YLR390W-A,0,-1.5339335,0.025655483826994896,0.09099999815225601,0.3456000089645386
YGR194C,YDR534C,0,-1.5339609,0.02564825303852558,0.09099999815225601,0.3456999957561493
YOR306C,YMR043W,0,-1.5341148,0.025641025975346565,0.09099999815225601,0.3458000123500824
YDL022W,YKL198C,0,-1.5341531,0.025633802637457848,0.09099999815225601,0.3458999991416931
YDL059C,YLR291C,0,-1.5342269,0.025626584887504578,0.09099999815225601,0.34599998593330383
YGR208W,YOR201C,0,-1.5345165,0.025619369000196457,0.09099999815225601,0.34610000252723694
YKL150W,YKL079W,0,-1.5349407,0.025612158700823784,0.09099999815225601,0.34619998931884766
YCL048W,YPR072W,0,-1.5350274,0.02560495212674141,0.09099999815225601,0.34630000591278076
YNL248C,YHR206W,0,-1.5356737,0.025597749277949333,0.09099999815225601,0.3463999927043915
YLR151C,YGL198W,0,-1.5365683,0.025590552017092705,0.09099999815225601,0.3465000092983246
YDL039C,YMR208W,0,-1.5370919,0.025583356618881226,0.09099999815225601,0.3465999960899353
YGL040C,YBR183W,0,-1.5372388,0.025576166808605194,0.09099999815225601,0.3467000126838684
YHR010W,YNL243W,0,-1.5373427,0.02556898072361946,0.09099999815225601,0.3467999994754791
YJR054W,YKR088C,0,-1.5376321,0.025561798363924026,0.09099999815225601,0.34689998626708984
YCL063W,YNL175C,0,-1.5377926,0.02555461972951889,0.09099999815225601,0.34700000286102295
YIL101C,YKL038W,0,-1.5380238,0.025547444820404053,0.09099999815225601,0.34709998965263367
YLR382C,YPR200C,0,-1.5384659,0.025540275499224663,0.09099999815225601,0.3472000062465668
YNL339C,YHR110W,0,-1.5397657,0.025533108040690422,0.09099999815225601,0.3472999930381775
YLL014W,YLR401C,0,-1.5400862,0.02552594617009163,0.09099999815225601,0.3474000096321106
YNL132W,YMR176W,0,-1.5405164,0.025518788024783134,0.09099999815225601,0.3474999964237213
YKR077W,YHR161C,0,-1.5407394,0.02551163360476494,0.09099999815225601,0.3476000130176544
YNR028W,YPL171C,0,-1.5407642,0.02550448477268219,0.09099999815225601,0.34769999980926514
YJL194W,YGL191W,0,-1.5409621,0.02549733780324459,0.09099999815225601,0.34779998660087585
YDL209C,YGL094C,0,-1.5412357,0.02549019642174244,0.09099999815225601,0.34790000319480896
YMR321C,YNL219C,0,-1.5414461,0.025483058765530586,0.09099999815225601,0.3479999899864197
YGL178W,YBL085W,0,-1.5417768,0.025475922971963882,0.09099999815225601,0.3481000065803528
YHR190W,YPR068C,0,-1.5417935,0.025468794628977776,0.09099999815225601,0.3481999933719635
YPL210C,YPR030W,0,-1.5420656,0.025461668148636818,0.09099999815225601,0.3483000099658966
YIL087C,YKL149C,0,-1.5425285,0.02545454539358616,0.09099999815225601,0.3483999967575073
YMR297W,YDR399W,0,-1.5425962,0.025447426363825798,0.09099999815225601,0.34850001335144043
YML047C,YDR292C,0,-1.5428451,0.025440312922000885,0.09099999815225601,0.34860000014305115
YIL112W,YGL256W,0,-1.5429062,0.02543320320546627,0.09099999815225601,0.34869998693466187
YCL059C,YGL026C,0,-1.5430169,0.025426097214221954,0.09099999815225601,0.34880000352859497
YGR159C,YOR047C,0,-1.5435477,0.025418994948267937,0.09099999815225601,0.3488999903202057
YPR032W,YHR020W,0,-1.5437152,0.025411896407604218,0.09099999815225601,0.3490000069141388
YML028W,YDL036C,0,-1.5439403,0.025404801592230797,0.09099999815225601,0.3490999937057495
YPR097W,YMR001C,0,-1.5439564,0.025397710502147675,0.09099999815225601,0.3492000102996826
YLL040C,YCR044C,0,-1.5440938,0.025390625,0.09099999815225601,0.34929999709129333
YFL066C,YNL239W,0,-1.5443004,0.025383543223142624,0.09099999815225601,0.34940001368522644
YGR234W,YDR280W,0,-1.5443887,0.025376463308930397,0.09099999815225601,0.34950000047683716
YJR029W,YDR072C,0,-1.5444437,0.025369388982653618,0.09099999815225601,0.3495999872684479
YKL081W,YDR430C,0,-1.5445937,0.025362318381667137,0.09099999815225601,0.349700003862381
YNR074C,YPL051W,0,-1.5450064,0.025355251505970955,0.09099999815225601,0.3497999906539917
YDR404C,YKL085W,0,-1.5454632,0.02534819021821022,0.09099999815225601,0.3499000072479248
YLL018C-A,YLR201C,0,-1.5463175,0.025341130793094635,0.09099999815225601,0.3499999940395355
YLR291C,YGL170C,0,-1.546429,0.025334075093269348,0.09099999815225601,0.35010001063346863
YOR253W,YMR051C,0,-1.5464292,0.02532702498137951,0.09099999815225601,0.35019999742507935
YJR025C,YOR308C,0,-1.5465492,0.025319978594779968,0.09099999815225601,0.35030001401901245
YMR142C,YCR047C,0,-1.5468345,0.025312934070825577,0.09099999815225601,0.35040000081062317
YOR092W,YKR097W,0,-1.5470105,0.025305895134806633,0.09099999815225601,0.3504999876022339
YLR466W,YFR006W,0,-1.5470468,0.025298859924077988,0.09099999815225601,0.350600004196167
YGR129W,YKR069W,0,-1.5471513,0.02529182843863964,0.09099999815225601,0.3506999909877777
YKL144C,YLR299W,0,-1.5483912,0.025284800678491592,0.09099999815225601,0.3508000075817108
YOL121C,YPL203W,0,-1.549043,0.02527777850627899,0.09099999815225601,0.35089999437332153
YNL084C,YOL092W,0,-1.5491215,0.02527075819671154,0.09099999815225601,0.35100001096725464
YPR097W,YOR251C,0,-1.5495213,0.025263741612434387,0.09099999815225601,0.35109999775886536
YDL146W,YPL135W,0,-1.5498642,0.025256730616092682,0.09099999815225601,0.35120001435279846
YDR500C,YDR231C,0,-1.5501343,0.025249723345041275,0.09099999815225601,0.3513000011444092
YDL119C,YBR222C,0,-1.5502108,0.025242717936635017,0.09099999815225601,0.3513999879360199
YLR056W,YDR242W,0,-1.5505391,0.025235718116164207,0.09099999815225601,0.351500004529953
YGR106C,YBR096W,0,-1.5511278,0.025228722020983696,0.09099999815225601,0.3515999913215637
YDR306C,YDR260C,1,-1.5512744,0.02549889124929905,0.09200000017881393,0.3515999913215637
YML009C,YHR052W,0,-1.5514163,0.025491826236248016,0.09200000017881393,0.3517000079154968
YEL062W,YDR074W,0,-1.5514958,0.025484764948487282,0.09200000017881393,0.35179999470710754
YBR276C,YMR246W,0,-1.5519515,0.025477707386016846,0.09200000017881393,0.35190001130104065
YOL129W,YFL001W,0,-1.5521046,0.025470653548836708,0.09200000017881393,0.35199999809265137
YKR095W,YIL084C,0,-1.5524461,0.02546360343694687,0.09200000017881393,0.3521000146865845
YJR053W,YER036C,0,-1.5526552,0.025456557050347328,0.09200000017881393,0.3522000014781952
YEL041W,YOL005C,0,-1.5527934,0.025449516251683235,0.09200000017881393,0.3522999882698059
YLL022C,YGL103W,0,-1.5539223,0.02544247731566429,0.09200000017881393,0.352400004863739
YDR261C,YJL136C,0,-1.5542749,0.025435443967580795,0.09200000017881393,0.35249999165534973
YCL066W,YOR310C,0,-1.5542771,0.025428414344787598,0.09200000017881393,0.35260000824928284
YOL132W,YKL201C,0,-1.5543954,0.02542138658463955,0.09200000017881393,0.35269999504089355
YPL097W,YDR030C,0,-1.5544751,0.02541436441242695,0.09200000017881393,0.35280001163482666
YLR301W,YNL259C,0,-1.5549635,0.025407345965504646,0.09200000017881393,0.3528999984264374
YBR114W,YLR010C,0,-1.5557299,0.025400331243872643,0.09200000017881393,0.3529999852180481
YOR349W,YDR009W,0,-1.5558707,0.025393320247530937,0.09200000017881393,0.3531000018119812
YNR067C,YDR168W,0,-1.5559787,0.02538631297647953,0.09200000017881393,0.3531999886035919
YOR322C,YDL055C,0,-1.5566596,0.025379309430718422,0.09200000017881393,0.353300005197525
YPR110C,YDR138W,0,-1.556681,0.02537231147289276,0.09200000017881393,0.35339999198913574
YER190W,YNL242W,0,-1.5576282,0.02536531537771225,0.09200000017881393,0.35350000858306885
YLR145W,YJL102W,0,-1.5577232,0.025358324870467186,0.09200000017881393,0.35359999537467957
YDR306C,YDR057W,1,-1.558178,0.02562689408659935,0.09300000220537186,0.35359999537467957
YLR370C,YDL144C,0,-1.5583123,0.025619834661483765,0.09300000220537186,0.35370001196861267
YAL026C,YKL099C,0,-1.5587679,0.025612778961658478,0.09300000220537186,0.3537999987602234
YOR044W,YLL024C,0,-1.5588735,0.02560572698712349,0.09300000220537186,0.3538999855518341
YHR171W,YLR305C,0,-1.5588757,0.0255986787378788,0.09300000220537186,0.3540000021457672
YNL242W,YHR005C,0,-1.5588824,0.025591634213924408,0.09300000220537186,0.35409998893737793
YPR122W,YDR021W,0,-1.559068,0.025584593415260315,0.09300000220537186,0.35420000553131104
YKR044W,YGL171W,0,-1.5600659,0.02557755820453167,0.09300000220537186,0.35429999232292175
YFL011W,YJR051W,0,-1.5605775,0.025570524856448174,0.09300000220537186,0.35440000891685486
YDR285W,YDR007W,0,-1.5611054,0.025563497096300125,0.09300000220537186,0.3544999957084656
YML087C,YBR107C,0,-1.561559,0.025556471198797226,0.09300000220537186,0.3546000123023987
YHR033W,YPR037C,0,-1.5620857,0.025549450889229774,0.09300000220537186,0.3546999990940094
YMR125W,YJR150C,0,-1.5622996,0.02554243430495262,0.09300000220537186,0.3547999858856201
YIL046W,YDL008W,1,-1.5626389,0.025809993967413902,0.09399999678134918,0.3547999858856201
YBR166C,YPL225W,0,-1.5627853,0.025802910327911377,0.09399999678134918,0.3549000024795532
YGL240W,YHR108W,1,-1.5636424,0.026070252060890198,0.0949999988079071,0.3549000024795532
YFL021W,YPL188W,0,-1.5642911,0.02606309950351715,0.0949999988079071,0.35499998927116394
YDR025W,YBR257W,0,-1.5643941,0.02605595253407955,0.0949999988079071,0.35510000586509705
YJL102W,YDL141W,0,-1.5645472,0.026048807427287102,0.0949999988079071,0.35519999265670776
YJR075W,YBR158W,0,-1.5646571,0.02604166604578495,0.0949999988079071,0.35530000925064087
YJR075W,YNL202W,0,-1.5647105,0.026034530252218246,0.0949999988079071,0.3553999960422516
YER017C,YPL163C,0,-1.5650957,0.02602739818394184,0.0949999988079071,0.3555000126361847
YMR272C,YML015C,0,-1.5657636,0.026020267978310585,0.0949999988079071,0.3555999994277954
YMR110C,YEL038W,0,-1.566579,0.026013143360614777,0.0949999988079071,0.35569998621940613
YLR377C,YML124C,0,-1.5671777,0.026006022468209267,0.0949999988079071,0.35580000281333923
YNL111C,YAL019W,0,-1.5677553,0.025998905301094055,0.0949999988079071,0.35589998960494995
YLR164W,YAR010C,0,-1.5683621,0.025991791859269142,0.0949999988079071,0.35600000619888306
YML042W,YCR040W,0,-1.568625,0.025984682142734528,0.0949999988079071,0.3560999929904938
YGL240W,YML088W,1,-1.5688394,0.02625102549791336,0.09600000083446503,0.3560999929904938
YLR212C,YOR378W,0,-1.5689274,0.026243848726153374,0.09600000083446503,0.3562000095844269
YKL210W,YMR099C,0,-1.5691068,0.026236677542328835,0.09600000083446503,0.3562999963760376
YDR077W,YJR066W,0,-1.5691233,0.026229508221149445,0.09600000083446503,0.3564000129699707
YMR072W,YLR050C,0,-1.5693039,0.026222344487905502,0.09600000083446503,0.3564999997615814
YPL076W,YLL027W,0,-1.5694846,0.02621518261730671,0.09600000083446503,0.35659998655319214
YMR256C,YIR009W,0,-1.5695848,0.026208026334643364,0.09600000083446503,0.35670000314712524
YDR318W,YOL020W,0,-1.569713,0.026200873777270317,0.09600000083446503,0.35679998993873596
YIL106W,YHL015W,0,-1.5709221,0.02619372494518757,0.09600000083446503,0.35690000653266907
YGL216W,YPL196W,0,-1.5710181,0.02618657983839512,0.09600000083446503,0.3569999933242798
YOR096W,YMR289W,0,-1.5717779,0.026179438456892967,0.09600000083446503,0.3571000099182129
YBR156C,YGR169C,0,-1.5721693,0.026172300800681114,0.09600000083446503,0.3571999967098236
YDL033C,YNL063W,0,-1.5725832,0.02616516686975956,0.09600000083446503,0.3573000133037567
YKR097W,YDR320C-A,0,-1.5728132,0.026158038526773453,0.09600000083446503,0.35740000009536743
YJL183W,YOR246C,0,-1.5736747,0.026150912046432495,0.09600000083446503,0.35749998688697815
YDR449C,YGR208W,0,-1.574067,0.026143791154026985,0.09600000083446503,0.35760000348091125
YBR172C,YBR096W,0,-1.5746655,0.026136672124266624,0.09600000083446503,0.357699990272522
YHR110W,YCL064C,0,-1.5751808,0.02612955868244171,0.09600000083446503,0.3578000068664551
YOR219C,YDR046C,0,-1.5753843,0.026122448965907097,0.09600000083446503,0.3578999936580658
YLR259C,YPR081C,0,-1.5756092,0.02611534297466278,0.09600000083446503,0.3580000102519989
YOL077C,YPL253C,0,-1.5758107,0.026108240708708763,0.09600000083446503,0.3580999970436096
YDL029W,YJL095W,0,-1.5758668,0.026101142168045044,0.09600000083446503,0.3582000136375427
YAL012W,YDL160C,0,-1.5760175,0.026094047352671623,0.09600000083446503,0.35830000042915344
YEL039C,YER048W-A,0,-1.5760226,0.0260869562625885,0.09600000083446503,0.35839998722076416
YBR128C,YPL202C,0,-1.5762929,0.026079868897795677,0.09600000083446503,0.35850000381469727
YDR273W,YMR076C,0,-1.5765702,0.0260727871209383,0.09600000083446503,0.358599990606308
YBR080C,YMR242C,0,-1.5765995,0.026065707206726074,0.09600000083446503,0.3587000072002411
YEL015W,YCR107W,0,-1.5767678,0.026058631017804146,0.09600000083446503,0.3587999939918518
YJL141C,YPL103C,0,-1.5771228,0.026051560416817665,0.09600000083446503,0.3589000105857849
YKL009W,YAL044C,0,-1.5771445,0.026044493541121483,0.09600000083446503,0.35899999737739563
YER120W,YBL031W,0,-1.5777009,0.02603742852807045,0.09600000083446503,0.35910001397132874
YDR482C,YOL121C,0,-1.5783192,0.026030369102954865,0.09600000083446503,0.35920000076293945
YCR094W,YDR533C,0,-1.5783255,0.026023313403129578,0.09600000083446503,0.35929998755455017
YOR065W,YOR162C,0,-1.578483,0.02601625956594944,0.09600000083446503,0.3594000041484833
YDR087C,YML076C,0,-1.579309,0.02600921131670475,0.09600000083446503,0.359499990940094
YOR272W,YKL038W,0,-1.5798146,0.02600216679275036,0.09600000083446503,0.3596000075340271
YPL169C,YDR406W,0,-1.5800693,0.025995125994086266,0.09600000083446503,0.3596999943256378
YMR049C,YGR054W,0,-1.580519,0.02598808892071247,0.09600000083446503,0.3598000109195709
YLR047C,YCL055W,0,-1.5813371,0.025981055572628975,0.09600000083446503,0.35989999771118164
YHL044W,YOR172W,0,-1.5813466,0.025974025949835777,0.09600000083446503,0.36000001430511475
YOL093W,YNL243W,0,-1.581395,0.025967000052332878,0.09600000083446503,0.36010000109672546
YBR010W,YEL065W,0,-1.5817876,0.025959977880120277,0.09600000083446503,0.3601999878883362
YOR092W,YLR214W,0,-1.5818235,0.025952959433197975,0.09600000083446503,0.3603000044822693
YNL073W,YFR006W,0,-1.5818359,0.02594594657421112,0.09600000083446503,0.36039999127388
YFL045C,YPR068C,0,-1.5821563,0.025938935577869415,0.09600000083446503,0.3605000078678131
YDR325W,YPL188W,0,-1.5824207,0.02593192830681801,0.09600000083446503,0.36059999465942383
YJR078W,YJR048W,0,-1.5831896,0.02592492662370205,0.09600000083446503,0.36070001125335693
YGR058W,YCL005W-A,0,-1.5832537,0.02591792680323124,0.09600000083446503,0.36079999804496765
YDL154W,YPL058C,0,-1.5832695,0.025910930708050728,0.09600000083446503,0.36090001463890076
YNR053C,YNL218W,0,-1.5834138,0.025903940200805664,0.09600000083446503,0.3610000014305115
YLR447C,YAL025C,0,-1.5834779,0.02589695155620575,0.09600000083446503,0.3610999882221222
YNL153C,YKL217W,0,-1.5836787,0.025889968499541283,0.09600000083446503,0.3612000048160553
YNR067C,YGR200C,0,-1.5839391,0.025882987305521965,0.09600000083446503,0.361299991607666
YDR461W,YBR207W,0,-1.5843506,0.025876011699438095,0.09600000083446503,0.3614000082015991
YDL198C,YER168C,0,-1.5847975,0.025869037955999374,0.09600000083446503,0.36149999499320984
YPL013C,YOR313C,0,-1.5849333,0.0258620698004961,0.09600000083446503,0.36160001158714294
YLR109W,YDL124W,0,-1.5852436,0.025855103507637978,0.09600000083446503,0.36169999837875366
YBL038W,YPL225W,0,-1.5852723,0.0258481428027153,0.09600000083446503,0.3617999851703644
YGL155W,YER014C-A,0,-1.5857548,0.025841183960437775,0.09600000083446503,0.3619000017642975
YML030W,YOR131C,0,-1.5859064,0.025834230706095695,0.09600000083446503,0.3619999885559082
YML061C,YBR162C,0,-1.5859497,0.025827279314398766,0.09600000083446503,0.3621000051498413
YMR296C,YGL232W,0,-1.5862004,0.025820333510637283,0.09600000083446503,0.362199991941452
YER055C,YNL240C,0,-1.5862774,0.0258133914321661,0.09600000083446503,0.36230000853538513
YDL087C,YIL130W,0,-1.5863872,0.025806451216340065,0.09600000083446503,0.36239999532699585
YHR105W,YMR008C,0,-1.5867337,0.025799516588449478,0.09600000083446503,0.36250001192092896
YDL098C,YLL062C,0,-1.5867447,0.02579258382320404,0.09600000083446503,0.3625999987125397
YIL125W,YML063W,0,-1.5870113,0.02578565664589405,0.09600000083446503,0.3626999855041504
YER025W,YPR047W,0,-1.5876855,0.02577873319387436,0.09600000083446503,0.3628000020980835
YIL123W,YGR174C,0,-1.5878104,0.025771811604499817,0.09600000083446503,0.3628999888896942
YMR179W,YOR204W,0,-1.5882845,0.025764895603060722,0.09600000083446503,0.3630000054836273
YKL154W,YJR103W,0,-1.5884203,0.025757981464266777,0.09600000083446503,0.36309999227523804
YLR364W,YEL040W,0,-1.5888644,0.02575107291340828,0.09600000083446503,0.36320000886917114
YDR033W,YAL002W,0,-1.5892746,0.02574416808784008,0.09600000083446503,0.36329999566078186
YMR023C,YLR276C,0,-1.5894712,0.02573726512491703,0.09600000083446503,0.36340001225471497
YOR191W,YDR120C,0,-1.5904615,0.025730367749929428,0.09600000083446503,0.3634999990463257
YAL054C,YDR389W,0,-1.5907809,0.025723472237586975,0.09600000083446503,0.3635999858379364
YOR049C,YIL020C,0,-1.5917519,0.02571658231317997,0.09600000083446503,0.3637000024318695
YNR060W,YML006C,0,-1.5919317,0.025709694251418114,0.09600000083446503,0.3637999892234802
YOR304C-A,YPR073C,0,-1.592104,0.025702811777591705,0.09600000083446503,0.36390000581741333
YPL105C,YNL247W,0,-1.5923207,0.025695931166410446,0.09600000083446503,0.36399999260902405
YLR364W,YER055C,0,-1.5926143,0.025689056143164635,0.09600000083446503,0.36410000920295715
YER102W,YFL047W,0,-1.5926634,0.025682182982563972,0.09600000083446503,0.36419999599456787
YCR057C,YOL030W,0,-1.5927345,0.02567531354725361,0.09600000083446503,0.364300012588501
YDR145W,YIL139C,0,-1.5930787,0.025668449699878693,0.09600000083446503,0.3643999993801117
YOL144W,YPL087W,0,-1.593135,0.025661587715148926,0.09600000083446503,0.3644999861717224
YDR332W,YFL039C,0,-1.5935432,0.025654729455709457,0.09600000083446503,0.3646000027656555
YHL024W,YMR284W,0,-1.5936258,0.025647876784205437,0.09600000083446503,0.36469998955726624
YOR340C,YGR281W,0,-1.5936426,0.025641025975346565,0.09600000083446503,0.36480000615119934
YNL178W,YIL034C,0,-1.5939527,0.025634178891777992,0.09600000083446503,0.36489999294281006
YOR085W,YNL046W,0,-1.593969,0.025627335533499718,0.09600000083446503,0.36500000953674316
YDR148C,YIL080W,0,-1.5943867,0.02562049590051174,0.09600000083446503,0.3650999963283539
YOR249C,YJL034W,1,-1.5948149,0.025880469009280205,0.09700000286102295,0.3650999963283539
YNL066W,YDR075W,0,-1.5949252,0.025873566046357155,0.09700000286102295,0.365200012922287
YDL144C,YDR167W,0,-1.5951182,0.025866666808724403,0.09700000286102295,0.3652999997138977
YDR090C,YER068W,0,-1.5955561,0.02585977129638195,0.09700000286102295,0.3653999865055084
YKL034W,YLR224W,1,-1.5957884,0.026119403541088104,0.09799999743700027,0.3653999865055084
YDL095W,YGL035C,0,-1.5960225,0.026112442836165428,0.09799999743700027,0.36550000309944153
YJR046W,YMR246W,0,-1.5960675,0.0261054877191782,0.09799999743700027,0.36559998989105225
YER082C,YLR304C,0,-1.5964947,0.02609853446483612,0.09799999743700027,0.36570000648498535
YER048W-A,YCR072C,0,-1.5968813,0.02609158679842949,0.09799999743700027,0.36579999327659607
YER125W,YDL030W,0,-1.5972614,0.026084642857313156,0.09799999743700027,0.3659000098705292
YJR094W-A,YPR067W,0,-1.5978886,0.026077700778841972,0.09799999743700027,0.3659999966621399
YBL026W,YPL196W,0,-1.5986154,0.026070764288306236,0.09799999743700027,0.366100013256073
YJL221C,YKL218C,0,-1.5999848,0.02606382966041565,0.09799999743700027,0.3662000000476837
YDL184C,YNL304W,0,-1.6008185,0.02605690062046051,0.09799999743700027,0.36629998683929443
YGL151W,YLR466W,0,-1.6011387,0.02604997344315052,0.09799999743700027,0.36640000343322754
YNR070W,YLR350W,0,-1.6012944,0.02604304999113083,0.09799999743700027,0.36649999022483826
YHR193C,YLR215C,0,-1.6016835,0.026036132127046585,0.09799999743700027,0.36660000681877136
YBR182C,YKR105C,0,-1.6017114,0.02602921612560749,0.09799999743700027,0.3666999936103821
YDR527W,YNR001C,0,-1.60225,0.026022305712103844,0.09799999743700027,0.3668000102043152
YPL248C,YHL016C,0,-1.6027846,0.026015397161245346,0.09799999743700027,0.3668999969959259
YJR145C,YMR006C,0,-1.6033126,0.026008492335677147,0.09799999743700027,0.367000013589859
YER143W,YNL172W,1,-1.6034528,0.0262669138610363,0.0989999994635582,0.367000013589859
YMR016C,YDL246C,0,-1.6036707,0.026259947568178177,0.0989999994635582,0.3671000003814697
YMR128W,YMR322C,0,-1.604433,0.026252983137965202,0.0989999994635582,0.36719998717308044
YPL188W,YPL221W,0,-1.6046745,0.026246022433042526,0.0989999994635582,0.36730000376701355
YOR043W,YDR025W,0,-1.6053172,0.026239067316055298,0.0989999994635582,0.36739999055862427
YDL030W,YOR313C,0,-1.6061722,0.02623211406171322,0.0989999994635582,0.3675000071525574
YLR163C,YPL096C-A,0,-1.6063026,0.026225166395306587,0.0989999994635582,0.3675999939441681
YIL107C,YDR257C,0,-1.6064061,0.026218220591545105,0.0989999994635582,0.3677000105381012
YJL153C,YNL131W,0,-1.6064366,0.02621127851307392,0.0989999994635582,0.3677999973297119
YBR192W,YDR402C,0,-1.6067804,0.026204340159893036,0.0989999994635582,0.367900013923645
YKL062W,YPL097W,0,-1.6068097,0.0261974073946476,0.0989999994635582,0.36800000071525574
YLR394W,YHR085W,0,-1.6068305,0.02619047649204731,0.0989999994635582,0.36809998750686646
YGL192W,YOR227W,0,-1.6069998,0.02618354931473732,0.0989999994635582,0.36820000410079956
YIL154C,YPL280W,0,-1.6071423,0.02617662586271763,0.0989999994635582,0.3682999908924103
YLR009W,YML048W,0,-1.6072545,0.026169706135988235,0.0989999994635582,0.3684000074863434
YDL171C,YGR283C,0,-1.607355,0.02616279013454914,0.0989999994635582,0.3684999942779541
YMR198W,YOL061W,0,-1.6074737,0.026155877858400345,0.0989999994635582,0.3686000108718872
YFL057C,YHR004C,0,-1.6075388,0.026148969307541847,0.0989999994635582,0.3686999976634979
YDR298C,YPL038W,0,-1.6078366,0.026142064481973648,0.0989999994635582,0.36880001425743103
YHR184W,YPL137C,0,-1.6080459,0.026135163381695747,0.0989999994635582,0.36890000104904175
YHR171W,YLL061W,0,-1.6081294,0.026128266006708145,0.0989999994635582,0.36899998784065247
YKL109W,YNL284C,0,-1.6101581,0.02612137235701084,0.0989999994635582,0.36910000443458557
YDR244W,YPL095C,0,-1.6111137,0.026114482432603836,0.0989999994635582,0.3691999912261963
YNL236W,YMR292W,0,-1.6113912,0.02610759437084198,0.0989999994635582,0.3693000078201294
YOR189W,YER056C-A,0,-1.6114231,0.02610071189701557,0.0989999994635582,0.3693999946117401
YOR211C,YBR034C,0,-1.6115304,0.02609383314847946,0.0989999994635582,0.3695000112056732
YDR234W,YNL188W,0,-1.611672,0.0260869562625885,0.0989999994635582,0.36959999799728394
YPR081C,YMR175W,0,-1.6117898,0.026080084964632988,0.0989999994635582,0.36970001459121704
YER164W,YOR063W,0,-1.6119138,0.026073215529322624,0.0989999994635582,0.36980000138282776
YPL090C,YMR005W,0,-1.6126045,0.02606634981930256,0.0989999994635582,0.3698999881744385
YKL130C,YDR281C,0,-1.6134024,0.02605948969721794,0.0989999994635582,0.3700000047683716
YLR228C,YGR204W,0,-1.613642,0.026052631437778473,0.0989999994635582,0.3700999915599823
YEL044W,YLR050C,0,-1.6142021,0.026045776903629303,0.0989999994635582,0.3702000081539154
YGR295C,YKL038W,0,-1.6142358,0.02603892609477043,0.0989999994635582,0.3702999949455261
YHR030C,YLR011W,0,-1.6145667,0.02603207901120186,0.0989999994635582,0.37040001153945923
YPL143W,YPR191W,0,-1.6148976,0.026025237515568733,0.0989999994635582,0.37049999833106995
YBR023C,YDL129W,0,-1.6149942,0.026018396019935608,0.0989999994635582,0.37059998512268066
YBR279W,YOR369C,0,-1.6152569,0.02601156011223793,0.0989999994635582,0.37070000171661377
YMR136W,YML048W,0,-1.6154903,0.02600472792983055,0.0989999994635582,0.3707999885082245
YHR101C,YJR127C,0,-1.6164356,0.02599789947271347,0.0989999994635582,0.3709000051021576
YOL101C,YER048W-A,0,-1.6166435,0.02599107287824154,0.0989999994635582,0.3709999918937683
YDR028C,YCR005C,0,-1.6168821,0.025984251871705055,0.0989999994635582,0.3711000084877014
YLR213C,YIL043C,0,-1.6169225,0.02597743459045887,0.0989999994635582,0.37119999527931213
YOL142W,YOR113W,0,-1.6172689,0.025970619171857834,0.0989999994635582,0.37130001187324524
YPL252C,YJR035W,0,-1.6172827,0.025963807478547096,0.0989999994635582,0.37139999866485596
YOR383C,YKL015W,0,-1.6188573,0.025957001373171806,0.0989999994635582,0.3714999854564667
YLR098C,YAL034W-A,0,-1.6190405,0.025950197130441666,0.0989999994635582,0.3716000020503998
YPL106C,YOR180C,0,-1.6192926,0.025943396613001823,0.0989999994635582,0.3716999888420105
YHR030C,YDR393W,0,-1.6193675,0.02593659982085228,0.0989999994635582,0.3718000054359436
YJR107W,YMR072W,0,-1.6196457,0.025929806753993034,0.0989999994635582,0.3718999922275543
YKL210W,YAL059W,0,-1.6198964,0.025923017412424088,0.0989999994635582,0.3720000088214874
YDR159W,YLR466W,0,-1.6203146,0.02591622993350029,0.0989999994635582,0.37209999561309814
YJL095W,YNL191W,0,-1.6203773,0.02590944804251194,0.0989999994635582,0.37220001220703125
YKL189W,YML052W,0,-1.6205344,0.02590266801416874,0.0989999994635582,0.37229999899864197
YNL127W,YGR061C,0,-1.6208409,0.025895893573760986,0.0989999994635582,0.3723999857902527
YPR156C,YKL069W,0,-1.62088,0.025889120995998383,0.0989999994635582,0.3725000023841858
YHL025W,YLR047C,0,-1.6209062,0.025882352143526077,0.0989999994635582,0.3725999891757965
YJR097W,YBR248C,0,-1.6213692,0.02587558887898922,0.0989999994635582,0.3727000057697296
YNL325C,YDL084W,0,-1.6222368,0.02586882747709751,0.0989999994635582,0.37279999256134033
YKR072C,YAR035W,0,-1.6223506,0.0258620698004961,0.0989999994635582,0.37290000915527344
YEL040W,YDR207C,0,-1.6225706,0.02585531398653984,0.0989999994635582,0.37299999594688416
YIL111W,YDR218C,0,-1.6225711,0.025848563760519028,0.0989999994635582,0.37310001254081726
YNL301C,YBR095C,0,-1.6227939,0.025841817259788513,0.0989999994635582,0.373199999332428
YFL004W,YOL007C,0,-1.6232123,0.025835072621703148,0.0989999994635582,0.3732999861240387
YGL009C,YKL079W,0,-1.6234194,0.02582833357155323,0.0989999994635582,0.3734000027179718
YML043C,YDR244W,0,-1.6235194,0.025821596384048462,0.0989999994635582,0.3734999895095825
YKR019C,YKL004W,0,-1.6241087,0.025814862921833992,0.0989999994635582,0.3736000061035156
YGR155W,YFL021W,0,-1.6252402,0.02580813318490982,0.0989999994635582,0.37369999289512634
YLR293C,YBR158W,0,-1.6258875,0.025801407173275948,0.0989999994635582,0.37380000948905945
YJR147W,YHR117W,0,-1.6259913,0.025794684886932373,0.0989999994635582,0.37389999628067017
YLR045C,YDL215C,0,-1.6270808,0.025787966325879097,0.0989999994635582,0.37400001287460327
YDL179W,YBL061C,0,-1.627189,0.02578124962747097,0.0989999994635582,0.374099999666214
YHR204W,YLR224W,1,-1.6276265,0.02603488601744175,0.10000000149011612,0.374099999666214
YNL059C,YLR283W,0,-1.6276606,0.026028109714388847,0.10000000149011612,0.3741999864578247
YHR109W,YPL058C,0,-1.6284002,0.026021337136626244,0.10000000149011612,0.3743000030517578
YDL246C,YDR402C,0,-1.6286098,0.02601456828415394,0.10000000149011612,0.37439998984336853
YHR139C,YNL330C,0,-1.6287435,0.02600780315697193,0.10000000149011612,0.37450000643730164
YPR043W,YDR077W,0,-1.628757,0.026001039892435074,0.10000000149011612,0.37459999322891235
YBR299W,YDL054C,0,-1.6288371,0.025994280353188515,0.10000000149011612,0.37470000982284546
YKL010C,YKL205W,0,-1.6290072,0.025987526401877403,0.10000000149011612,0.3747999966144562
YDR077W,YLR361C,0,-1.6299666,0.02598077431321144,0.10000000149011612,0.3749000132083893
YDL087C,YER142C,0,-1.6305975,0.025974025949835777,0.10000000149011612,0.375
YNL095C,YNL216W,0,-1.6311752,0.025967281311750412,0.10000000149011612,0.3750999867916107
YDL045W-A,YLR432W,0,-1.6313866,0.025960540398955345,0.10000000149011612,0.3752000033855438
YMR009W,YKL060C,0,-1.6314572,0.025953801348805428,0.10000000149011612,0.37529999017715454
YBR155W,YJL085W,0,-1.6316212,0.025947067886590958,0.10000000149011612,0.37540000677108765
YBR058C-A,YPL021W,0,-1.631939,0.025940338149666786,0.10000000149011612,0.37549999356269836
YDR044W,YLR350W,0,-1.6320139,0.025933610275387764,0.10000000149011612,0.37560001015663147
YPR001W,YDR518W,0,-1.6322393,0.02592688612639904,0.10000000149011612,0.3756999969482422
YBL054W,YPL115C,0,-1.6326224,0.025920165702700615,0.10000000149011612,0.3758000135421753
YHL019C,YMR136W,0,-1.6331213,0.025913449004292488,0.10000000149011612,0.375900000333786
YFR037C,YKL011C,0,-1.6331896,0.02590673603117466,0.10000000149011612,0.37599998712539673
YIL011W,YER022W,0,-1.6332358,0.02590002678334713,0.10000000149011612,0.37610000371932983
YGL078C,YJL058C,0,-1.6332392,0.02589331939816475,0.10000000149011612,0.37619999051094055
YGL196W,YDR536W,0,-1.6332989,0.025886615738272667,0.10000000149011612,0.37630000710487366
YOL052C-A,YPL262W,0,-1.6339315,0.025879917666316032,0.10000000149011612,0.3763999938964844
YDR518W,YCL039W,0,-1.6339636,0.025873221457004547,0.10000000149011612,0.3765000104904175
YPR149W,YGR061C,0,-1.6342643,0.02586652897298336,0.10000000149011612,0.3765999972820282
YNL212W,YJR160C,0,-1.634631,0.025859840214252472,0.10000000149011612,0.3767000138759613
YPL011C,YGL141W,0,-1.6349996,0.025853153318166733,0.10000000149011612,0.376800000667572
YJL208C,YDL139C,0,-1.6352593,0.02584647201001644,0.10000000149011612,0.37689998745918274
YJL054W,YNL162W,0,-1.6353762,0.0258397925645113,0.10000000149011612,0.37700000405311584
YLR347C,YCL025C,0,-1.636171,0.025833118706941605,0.10000000149011612,0.37709999084472656
YNR074C,YPR007C,0,-1.6361915,0.02582644671201706,0.10000000149011612,0.37720000743865967
YDR495C,YHR146W,0,-1.6365417,0.025819778442382812,0.10000000149011612,0.3772999942302704
YLR189C,YPL036W,0,-1.6369623,0.025813113898038864,0.10000000149011612,0.3774000108242035
YDR044W,YGL222C,0,-1.6370338,0.025806451216340065,0.10000000149011612,0.3774999976158142
YMR041C,YPL200W,0,-1.6371869,0.025799794122576714,0.10000000149011612,0.3776000142097473
YDL179W,YDR080W,0,-1.6374346,0.02579313889145851,0.10000000149011612,0.37770000100135803
YJL141C,YDL017W,0,-1.6375989,0.025786487385630608,0.10000000149011612,0.37779998779296875
YNL063W,YEL006W,0,-1.6383921,0.025779839605093002,0.10000000149011612,0.37790000438690186
YER106W,YDR372C,0,-1.6395768,0.025773195549845695,0.10000000149011612,0.3779999911785126
YFL041W,YMR250W,0,-1.640197,0.025766555219888687,0.10000000149011612,0.3781000077724457
YPL223C,YAL034W-A,0,-1.6404704,0.025759916752576828,0.10000000149011612,0.3781999945640564
YHR148W,YKL038W,0,-1.6406754,0.025753283873200417,0.10000000149011612,0.3783000111579895
YKL096W-A,YCR047C,0,-1.6410614,0.025746652856469154,0.10000000149011612,0.3783999979496002
YPR175W,YOR045W,0,-1.641095,0.02574002556502819,0.10000000149011612,0.3785000145435333
YLR417W,YNL008C,1,-1.6414362,0.025990735739469528,0.10100000351667404,0.3785000145435333
YGL014W,YLR131C,0,-1.6417149,0.02598404884338379,0.10100000351667404,0.37860000133514404
YPR086W,YIL113W,0,-1.6426287,0.02597736567258835,0.10100000351667404,0.37869998812675476
YGL104C,YLR023C,0,-1.6426879,0.025970686227083206,0.10100000351667404,0.37880000472068787
YAL063C,YMR232W,0,-1.6426967,0.025964010506868362,0.10100000351667404,0.3788999915122986
YKR027W,YPR081C,0,-1.6427251,0.025957336649298668,0.10100000351667404,0.3790000081062317
YGR061C,YDR130C,0,-1.6432989,0.02595066837966442,0.10100000351667404,0.3790999948978424
YMR006C,YMR171C,0,-1.6433812,0.025944001972675323,0.10100000351667404,0.3792000114917755
YIL011W,YGR204W,0,-1.6438634,0.025937339290976524,0.10100000351667404,0.37929999828338623
YBR118W,YBR294W,0,-1.6443496,0.025930680334568024,0.10100000351667404,0.37940001487731934
YPL106C,YNL163C,0,-1.6449419,0.02592402510344982,0.10100000351667404,0.37950000166893005
YAL044C,YER149C,0,-1.6449673,0.02591737173497677,0.10100000351667404,0.37959998846054077
YDL112W,YEL019C,0,-1.6451995,0.025910723954439163,0.10100000351667404,0.3797000050544739
YOR084W,YOR243C,0,-1.6452106,0.025904078036546707,0.10100000351667404,0.3797999918460846
YGL238W,YKL043W,0,-1.6454049,0.02589743584394455,0.10100000351667404,0.3799000084400177
YPL043W,YKR100C,0,-1.6456357,0.02589079737663269,0.10100000351667404,0.3799999952316284
YMR243C,YER046W,0,-1.6457657,0.02588416263461113,0.10100000351667404,0.3801000118255615
YJR147W,YDR388W,0,-1.6459459,0.02587752975523472,0.10100000351667404,0.38019999861717224
YDR297W,YHR001W-A,0,-1.6464243,0.025870902463793755,0.10100000351667404,0.38029998540878296
YOL102C,YML102W,0,-1.6464373,0.02586427703499794,0.10100000351667404,0.38040000200271606
YBR058C-A,YOR288C,0,-1.6468058,0.025857655331492424,0.10100000351667404,0.3804999887943268
YKR104W,YKL116C,0,-1.6472312,0.025851037353277206,0.10100000351667404,0.3806000053882599
YDR326C,YBL039C,0,-1.6474639,0.025844421237707138,0.10100000351667404,0.3806999921798706
YGR253C,YCL008C,1,-1.6475948,0.026093630120158195,0.10199999809265137,0.3806999921798706
YPL011C,YMR217W,0,-1.6477772,0.0260869562625885,0.10199999809265137,0.3808000087738037
YGR194C,YPR034W,0,-1.6482639,0.026080286130309105,0.10199999809265137,0.38089999556541443
YER104W,YKL178C,0,-1.6487437,0.026073619723320007,0.10199999809265137,0.38100001215934753
YJL034W,YDR330W,1,-1.6495982,0.026322513818740845,0.10300000011920929,0.38100001215934753
YNL007C,YGR089W,0,-1.6496227,0.02631578966975212,0.10300000011920929,0.38109999895095825
YLR367W,YGR204W,0,-1.6498264,0.026309067383408546,0.10300000011920929,0.38119998574256897
YGR279C,YDR039C,0,-1.6499203,0.02630234882235527,0.10300000011920929,0.3813000023365021
YOR261C,YAL058W,1,-1.6499233,0.026550931856036186,0.10400000214576721,0.3813000023365021
YLR224W,YNL008C,1,-1.6499698,0.026799388229846954,0.10499999672174454,0.3813000023365021
YDR235W,YOL141W,0,-1.6502436,0.02679254859685898,0.10499999672174454,0.3813999891281128
YPR133C,YDR533C,0,-1.6503891,0.02678571455180645,0.10499999672174454,0.3815000057220459
YER014C-A,YML028W,0,-1.6504999,0.02677888236939907,0.10499999672174454,0.3815999925136566
YLR223C,YBR023C,0,-1.6512309,0.02677205577492714,0.10499999672174454,0.3817000091075897
YDR393W,YMR290C,0,-1.6520501,0.026765231043100357,0.10499999672174454,0.38179999589920044
YBR296C,YPL007C,0,-1.6520578,0.026758410036563873,0.10499999672174454,0.38190001249313354
YBR074W,YOR369C,0,-1.6521021,0.026751592755317688,0.10499999672174454,0.38199999928474426
YAL040C,YCL035C,0,-1.6522855,0.0267447791993618,0.10499999672174454,0.382099986076355
YKR054C,YPR106W,0,-1.6523906,0.026737967506051064,0.10499999672174454,0.3822000026702881
YLR435W,YGL137W,0,-1.6529318,0.026731161400675774,0.10499999672174454,0.3822999894618988
YDR253C,YIL119C,0,-1.653262,0.026724357157945633,0.10499999672174454,0.3824000060558319
YOR337W,YGR260W,0,-1.6535916,0.02671755664050579,0.10499999672174454,0.3824999928474426
YNL123W,YMR015C,0,-1.6540238,0.026710759848356247,0.10499999672174454,0.38260000944137573
YDR500C,YDL054C,0,-1.6541601,0.026703966781497,0.10499999672174454,0.38269999623298645
YMR145C,YGR170W,0,-1.6546544,0.026697177439928055,0.10499999672174454,0.38280001282691956
YOR393W,YDR079W,0,-1.6548082,0.026690391823649406,0.10499999672174454,0.3828999996185303
YAL054C,YBR282W,0,-1.655084,0.026683608070015907,0.10499999672174454,0.382999986410141
YNL301C,YLR304C,0,-1.6550972,0.026676829904317856,0.10499999672174454,0.3831000030040741
YBR189W,YNL091W,0,-1.6556029,0.026670053601264954,0.10499999672174454,0.3831999897956848
YPR194C,YLR316C,0,-1.6558656,0.02666328102350235,0.10499999672174454,0.3833000063896179
YBR233W-A,YBR059C,0,-1.6563991,0.026656512171030045,0.10499999672174454,0.38339999318122864
YDL119C,YMR013C,0,-1.6569309,0.026649747043848038,0.10499999672174454,0.38350000977516174
YKR058W,YIL009C-A,0,-1.6571088,0.02664298377931118,0.10499999672174454,0.38359999656677246
YJL079C,YPL115C,0,-1.6574001,0.02663622610270977,0.10499999672174454,0.38370001316070557
YGL064C,YKR061W,0,-1.6575409,0.02662947028875351,0.10499999672174454,0.3837999999523163
YOR148C,YDR496C,0,-1.6575574,0.026622718200087547,0.10499999672174454,0.383899986743927
YDR306C,YKL206C,1,-1.6576484,0.026869455352425575,0.10599999874830246,0.383899986743927
YPR097W,YDR075W,0,-1.6579212,0.026862645521759987,0.10599999874830246,0.3840000033378601
YOR224C,YDL164C,0,-1.6582369,0.026855839416384697,0.10599999874830246,0.3840999901294708
YDR481C,YKR101W,0,-1.6589279,0.026849037036299706,0.10599999874830246,0.38420000672340393
YDR329C,YGR032W,0,-1.6598185,0.026842238381505013,0.10599999874830246,0.38429999351501465
YLR442C,YML073C,0,-1.6598517,0.026835443452000618,0.10599999874830246,0.38440001010894775
YNL278W,YHR149C,0,-1.6601224,0.026828650385141373,0.10599999874830246,0.38449999690055847
YDR190C,YER060W-A,0,-1.6606234,0.026821862906217575,0.10599999874830246,0.3846000134944916
YPL174C,YDR083W,0,-1.6608758,0.026815077289938927,0.10599999874830246,0.3847000002861023
YLR237W,YNR059W,0,-1.6617875,0.026808295398950577,0.10599999874830246,0.384799987077713
YFR030W,YBL064C,0,-1.6618997,0.026801517233252525,0.10599999874830246,0.3849000036716461
YKL134C,YGR282C,0,-1.6622046,0.026794742792844772,0.10599999874830246,0.38499999046325684
YDR487C,YNL062C,0,-1.6625795,0.02678797021508217,0.10599999874830246,0.38510000705718994
YBR237W,YLL067C,0,-1.6629013,0.026781203225255013,0.10599999874830246,0.38519999384880066
YBR050C,YJL208C,0,-1.6630262,0.026774438098073006,0.10599999874830246,0.38530001044273376
YBR038W,YLL018C-A,0,-1.6640378,0.026767676696181297,0.10599999874830246,0.3853999972343445
YBR287W,YPL220W,0,-1.6640676,0.026760919019579887,0.10599999874830246,0.3855000138282776
YEL070W,YPL082C,0,-1.6641492,0.026754165068268776,0.10599999874830246,0.3856000006198883
YDR077W,YEL029C,0,-1.6642526,0.026747412979602814,0.10599999874830246,0.385699987411499
YHR129C,YBR142W,0,-1.665003,0.0267406664788723,0.10599999874830246,0.38580000400543213
YIR036C,YOL028C,0,-1.665459,0.026733921840786934,0.10599999874830246,0.38589999079704285
YLR301W,YER055C,0,-1.6658156,0.026727180927991867,0.10599999874830246,0.38600000739097595
YHR168W,YGR162W,0,-1.6659173,0.0267204437404871,0.10599999874830246,0.38609999418258667
YLR187W,YOR143C,0,-1.6675378,0.02671371027827263,0.10599999874830246,0.3862000107765198
YDR447C,YJL176C,0,-1.6679198,0.026706978678703308,0.10599999874830246,0.3862999975681305
YGL216W,YPR016C,0,-1.6680297,0.026700252667069435,0.10599999874830246,0.3864000141620636
YGL225W,YPL233W,0,-1.6681925,0.02669352851808071,0.10599999874830246,0.3865000009536743
YJR021C,YKR096W,0,-1.6684564,0.026686808094382286,0.10599999874830246,0.38659998774528503
YHR190W,YLR158C,0,-1.6686277,0.02668009139597416,0.10599999874830246,0.38670000433921814
YML074C,YDL069C,0,-1.6687838,0.02667337656021118,0.10599999874830246,0.38679999113082886
YJL206C,YDL141W,0,-1.6688863,0.02666666731238365,0.10599999874830246,0.38690000772476196
YOR226C,YIL084C,0,-1.6691195,0.02665995992720127,0.10599999874830246,0.3869999945163727
YBR243C,YIL006W,0,-1.6696826,0.02665325626730919,0.10599999874830246,0.3871000111103058
YOL152W,YJR084W,0,-1.6696899,0.026646556332707405,0.10599999874830246,0.3871999979019165
YDR449C,YPR057W,0,-1.669962,0.02663986012339592,0.10599999874830246,0.3873000144958496
YOR036W,YBL075C,0,-1.6703547,0.026633165776729584,0.10599999874830246,0.3874000012874603
YGR295C,YPR067W,0,-1.6704007,0.026626475155353546,0.10599999874830246,0.38749998807907104
YDR284C,YJR107W,0,-1.6712021,0.026619788259267807,0.10599999874830246,0.38760000467300415
YBR115C,YFR019W,0,-1.6716619,0.026613105088472366,0.10599999874830246,0.38769999146461487
YCL025C,YNL317W,0,-1.6717576,0.026606425642967224,0.10599999874830246,0.387800008058548
YDL227C,YOR269W,0,-1.6719748,0.02659974992275238,0.10599999874830246,0.3878999948501587
YFR025C,YMR217W,0,-1.6722072,0.026593076065182686,0.10599999874830246,0.3880000114440918
YNL223W,YHL040C,0,-1.6724628,0.02658640593290329,0.10599999874830246,0.3880999982357025
YOL104C,YPL204W,0,-1.6730313,0.026579739525914192,0.10599999874830246,0.3882000148296356
YKR052C,YJR097W,0,-1.6738623,0.026573076844215393,0.10599999874830246,0.38830000162124634
YGR296W,YBR196C,0,-1.6742669,0.026566416025161743,0.10599999874830246,0.38839998841285706
YOL126C,YPL126W,0,-1.6748781,0.02655975893139839,0.10599999874830246,0.38850000500679016
YER055C,YHR215W,0,-1.6753112,0.02655310556292534,0.10599999874830246,0.3885999917984009
YPL130W,YBR002C,0,-1.6756524,0.026546455919742584,0.10599999874830246,0.388700008392334
YPL210C,YAL017W,0,-1.6756592,0.026539810001850128,0.10599999874830246,0.3887999951839447
YBL091C-A,YML004C,0,-1.6761309,0.02653316594660282,0.10599999874830246,0.3889000117778778
YCR038C,YDR429C,0,-1.6764505,0.026526525616645813,0.10599999874830246,0.3889999985694885
YIL020C,YAR035W,0,-1.6770345,0.026519889011979103,0.10599999874830246,0.38909998536109924
YOR380W,YBR156C,0,-1.6774294,0.02651325613260269,0.10599999874830246,0.38920000195503235
YLL018C-A,YOR254C,0,-1.6778506,0.02650662697851658,0.10599999874830246,0.38929998874664307
YJL045W,YLL050C,0,-1.678499,0.026499999687075615,0.10599999874830246,0.38940000534057617
YPR187W,YCR086W,0,-1.678516,0.02649337612092495,0.10599999874830246,0.3894999921321869
YMR226C,YDR041W,0,-1.6787382,0.026486756280064583,0.10599999874830246,0.38960000872612
YEL070W,YMR301C,0,-1.6788584,0.026480140164494514,0.10599999874830246,0.3896999955177307
YBR278W,YGL238W,0,-1.6797217,0.026473525911569595,0.10599999874830246,0.3898000121116638
YLL053C,YJL117W,0,-1.6798129,0.026466917246580124,0.10599999874830246,0.38989999890327454
YGL168W,YML070W,0,-1.6800829,0.0264603104442358,0.10599999874830246,0.38999998569488525
YDR363W-A,YER143W,1,-1.6805934,0.02670327015221119,0.10700000077486038,0.38999998569488525
YJL073W,YIL007C,1,-1.68171,0.026946106925606728,0.1080000028014183,0.38999998569488525
YFR040W,YMR110C,0,-1.682098,0.026939386501908302,0.1080000028014183,0.39010000228881836
YGL014W,YOL023W,0,-1.6821946,0.026932667940855026,0.1080000028014183,0.3901999890804291
YLR131C,YDL170W,0,-1.6823348,0.02692595310509205,0.1080000028014183,0.3903000056743622
YPR046W,YER020W,0,-1.682463,0.02691924199461937,0.1080000028014183,0.3903999924659729
YHL036W,YCL004W,0,-1.6831349,0.02691253460943699,0.1080000028014183,0.390500009059906
YPR042C,YJR107W,0,-1.6838406,0.026905829086899757,0.1080000028014183,0.3905999958515167
YHR186C,YER185W,0,-1.6839017,0.026899129152297974,0.1080000028014183,0.39070001244544983
YLR263W,YGR112W,0,-1.6840171,0.02689243108034134,0.1080000028014183,0.39079999923706055
YNL274C,YPL213W,0,-1.6858159,0.026885734871029854,0.1080000028014183,0.39089998602867126
YOR045W,YMR275C,0,-1.686015,0.026879044249653816,0.1080000028014183,0.39100000262260437
YLL038C,YLR196W,0,-1.6870879,0.026872355490922928,0.1080000028014183,0.3910999894142151
YOL126C,YBL051C,0,-1.6873854,0.026865672320127487,0.1080000028014183,0.3912000060081482
YDL098C,YOL165C,0,-1.6873934,0.026858991011977196,0.1080000028014183,0.3912999927997589
YMR146C,YNL142W,0,-1.687463,0.026852311566472054,0.1080000028014183,0.391400009393692
YNL119W,YJR139C,0,-1.6874666,0.02684563770890236,0.1080000028014183,0.39149999618530273
YJL079C,YMR040W,0,-1.6876031,0.026838965713977814,0.1080000028014183,0.39160001277923584
YGR086C,YLR186W,0,-1.6877353,0.026832297444343567,0.1080000028014183,0.39169999957084656
YBR189W,YJR151C,0,-1.6878558,0.02682563289999962,0.1080000028014183,0.3917999863624573
YGL021W,YPR138C,0,-1.6881032,0.02681897208094597,0.1080000028014183,0.3919000029563904
YPR192W,YMR173W,0,-1.6881115,0.026812313124537468,0.1080000028014183,0.3919999897480011
YOR306C,YOR087W,0,-1.6884314,0.026805659756064415,0.1080000028014183,0.3921000063419342
YER173W,YDR384C,0,-1.6884921,0.02679900825023651,0.1080000028014183,0.3921999931335449
YIL018W,YLR015W,0,-1.688567,0.026792358607053757,0.1080000028014183,0.392300009727478
YLR348C,YGL191W,0,-1.6891357,0.02678571455180645,0.1080000028014183,0.39239999651908875
YPR171W,YNL178W,0,-1.6895059,0.026779072359204292,0.1080000028014183,0.39250001311302185
YDR031W,YOR294W,0,-1.6900691,0.026772433891892433,0.1080000028014183,0.39259999990463257
YOL129W,YLR291C,0,-1.6902496,0.026765799149870872,0.1080000028014183,0.3926999866962433
YJL221C,YOR304W,0,-1.6902577,0.02675916813313961,0.1080000028014183,0.3928000032901764
YBL063W,YBR296C,0,-1.6908206,0.026752538979053497,0.1080000028014183,0.3928999900817871
YER185W,YJL094C,0,-1.6911912,0.026745913550257683,0.1080000028014183,0.3930000066757202
YHR111W,YMR136W,0,-1.6913656,0.026739291846752167,0.1080000028014183,0.39309999346733093
YPL209C,YPL031C,0,-1.6919261,0.02673267386853695,0.1080000028014183,0.39320001006126404
YGR052W,YEL030W,0,-1.6920453,0.02672605775296688,0.1080000028014183,0.39329999685287476
YAL025C,YDR359C,0,-1.692489,0.02671944536268711,0.1080000028014183,0.39340001344680786
YCL066W,YMR133W,0,-1.692911,0.02671283669769764,0.1080000028014183,0.3935000002384186
YIR005W,YER007C-A,0,-1.6944443,0.026706231757998466,0.1080000028014183,0.3935999870300293
YEL062W,YIL094C,0,-1.6948284,0.026699628680944443,0.1080000028014183,0.3937000036239624
YLR219W,YBR091C,0,-1.6950457,0.026693029329180717,0.1080000028014183,0.3937999904155731
YPL127C,YPL188W,0,-1.6951088,0.02668643370270729,0.1080000028014183,0.3939000070095062
YDR117C,YPR132W,0,-1.6959563,0.026679841801524162,0.1080000028014183,0.39399999380111694
YBR036C,YLR325C,0,-1.696106,0.026673251762986183,0.1080000028014183,0.39410001039505005
YER167W,YDL208W,0,-1.6965662,0.02666666731238365,0.1080000028014183,0.39419999718666077
YMR201C,YHR149C,0,-1.6970546,0.02666008472442627,0.1080000028014183,0.39430001378059387
YGL249W,YPR113W,0,-1.6970826,0.026653503999114037,0.1080000028014183,0.3944000005722046
YNL328C,YPL262W,0,-1.6975605,0.02664692886173725,0.1080000028014183,0.3944999873638153
YLR014C,YGR162W,0,-1.6979207,0.026640355587005615,0.1080000028014183,0.3946000039577484
YER025W,YPL058C,0,-1.6982867,0.026633786037564278,0.1080000028014183,0.39469999074935913
YGL249W,YPR081C,0,-1.6995963,0.02662721835076809,0.1080000028014183,0.39480000734329224
YLR197W,YPL122C,0,-1.7003895,0.02662065625190735,0.1080000028014183,0.39489999413490295
YGR123C,YER095W,0,-1.7006067,0.026614096015691757,0.1080000028014183,0.39500001072883606
YKR059W,YER149C,0,-1.7006339,0.026607539504766464,0.1080000028014183,0.3950999975204468
YOR142W,YBR012W-A,0,-1.7006794,0.02660098485648632,0.1080000028014183,0.3952000141143799
YLR102C,YPL176C,1,-1.7008909,0.026840679347515106,0.10899999737739563,0.3952000141143799
YDR500C,YOR081C,0,-1.7009114,0.026834072545170784,0.10899999737739563,0.3953000009059906
YOR359W,YGL259W,0,-1.7015218,0.02682746760547161,0.10899999737739563,0.3953999876976013
YLR364W,YBR286W,0,-1.7015232,0.026820866391062737,0.10899999737739563,0.3955000042915344
YJL180C,YLL040C,0,-1.7017536,0.02681426890194416,0.10899999737739563,0.39559999108314514
YNL029C,YLR251W,0,-1.7018816,0.026807673275470734,0.10899999737739563,0.39570000767707825
YLR359W,YAL043C,0,-1.7020599,0.026801081374287605,0.10899999737739563,0.39579999446868896
YPR182W,YML070W,0,-1.7022191,0.026794493198394775,0.10899999737739563,0.39590001106262207
YLR357W,YEL059C-A,0,-1.7026027,0.026787908747792244,0.10899999737739563,0.3959999978542328
YIL046W,YKL054C,1,-1.7030914,0.027027027681469917,0.10999999940395355,0.3959999978542328
YDR283C,YGR260W,0,-1.7035401,0.02702038735151291,0.10999999940395355,0.3961000144481659
YPR163C,YBR097W,0,-1.7038485,0.02701375260949135,0.10999999940395355,0.3962000012397766
YMR182C,YML052W,0,-1.7042142,0.027007119730114937,0.10999999940395355,0.39629998803138733
YGL078C,YKR090W,0,-1.7045822,0.027000490576028824,0.10999999940395355,0.39640000462532043
YHR171W,YGL050W,0,-1.7049913,0.02699386514723301,0.10999999940395355,0.39649999141693115
YNR052C,YCL034W,0,-1.7056149,0.026987241581082344,0.10999999940395355,0.39660000801086426
YGR292W,YOL032W,0,-1.7056587,0.026980623602867126,0.10999999940395355,0.396699994802475
YBR276C,YOR341W,0,-1.7059333,0.026974007487297058,0.10999999940395355,0.3968000113964081
YKL052C,YDR263C,0,-1.7062758,0.02696739323437214,0.10999999940395355,0.3968999981880188
YBR237W,YJL189W,0,-1.7067438,0.026960784569382668,0.10999999940395355,0.3970000147819519
YGL104C,YOR322C,0,-1.7069963,0.026954177767038345,0.10999999940395355,0.3971000015735626
YLR333C,YER007W,0,-1.7070669,0.02694757468998432,0.10999999940395355,0.39719998836517334
YER025W,YGR062C,0,-1.7075936,0.026940975338220596,0.10999999940395355,0.39730000495910645
YDR213W,YKL190W,0,-1.7077035,0.02693437784910202,0.10999999940395355,0.39739999175071716
YGL227W,YML088W,1,-1.7081124,0.02717258222401142,0.11100000143051147,0.39739999175071716
YNR048W,YBR114W,0,-1.708417,0.027165932580828667,0.11100000143051147,0.39750000834465027
YGR014W,YBL060W,0,-1.7084302,0.02715928480029106,0.11100000143051147,0.397599995136261
YGR070W,YHR079C,0,-1.7086242,0.027152642607688904,0.11100000143051147,0.3977000117301941
YJR004C,YOR253W,0,-1.7086483,0.027146002277731895,0.11100000143051147,0.3977999985218048
YNL026W,YNL250W,0,-1.7086796,0.027139363810420036,0.11100000143051147,0.3978999853134155
YNL065W,YCR038C,0,-1.7088325,0.027132730931043625,0.11100000143051147,0.39800000190734863
YOR159C,YAL044C,0,-1.7088453,0.027126099914312363,0.11100000143051147,0.39809998869895935
YNL273W,YLR150W,0,-1.7089077,0.0271194726228714,0.11100000143051147,0.39820000529289246
YML086C,YDR492W,0,-1.7106675,0.027112847194075584,0.11100000143051147,0.3982999920845032
YOR306C,YHR114W,0,-1.7115839,0.027106227353215218,0.11100000143051147,0.3984000086784363
YDR453C,YMR228W,0,-1.7117934,0.027099609375,0.11100000143051147,0.398499995470047
YNR035C,YOR356W,0,-1.7121936,0.02709299512207508,0.11100000143051147,0.3986000120639801
YHR089C,YKL040C,0,-1.7124249,0.02708638273179531,0.11100000143051147,0.3986999988555908
YJL153C,YHR079C,0,-1.7124549,0.02707977592945099,0.11100000143051147,0.39879998564720154
YJR016C,YMR026C,0,-1.7132609,0.027073170989751816,0.11100000143051147,0.39890000224113464
YNL158W,YJL221C,0,-1.7132629,0.02706656977534294,0.11100000143051147,0.39899998903274536
YFR025C,YBL106C,0,-1.7133011,0.027059970423579216,0.11100000143051147,0.39910000562667847
YGL021W,YGL111W,0,-1.7140186,0.02705337479710579,0.11100000143051147,0.3991999924182892
YOL139C,YLR381W,0,-1.7140288,0.02704678289592266,0.11100000143051147,0.3993000090122223
YMR093W,YLR432W,0,-1.7141484,0.02704019472002983,0.11100000143051147,0.399399995803833
YPL176C,YDR427W,1,-1.715438,0.027277154847979546,0.1120000034570694,0.399399995803833
YDR447C,YDR107C,0,-1.7157502,0.027270514518022537,0.1120000034570694,0.3995000123977661
YBL103C,YPR191W,0,-1.7158889,0.027263876050710678,0.1120000034570694,0.39959999918937683
YPL090C,YNL098C,0,-1.7160469,0.027257239446043968,0.1120000034570694,0.39969998598098755
YJR138W,YLL002W,0,-1.7162552,0.027250608429312706,0.1120000034570694,0.39980000257492065
YOR228C,YMR139W,0,-1.7172719,0.027243979275226593,0.1120000034570694,0.39989998936653137
YPL087W,YKR077W,0,-1.7173564,0.02723735384643078,0.1120000034570694,0.4000000059604645
YPR163C,YER051W,0,-1.7174026,0.027230732142925262,0.1120000034570694,0.4000999927520752
YOR092W,YBR299W,0,-1.7175614,0.027224112302064896,0.1120000034570694,0.4002000093460083
YBR048W,YDL164C,0,-1.7176305,0.027217496186494827,0.1120000034570694,0.400299996137619
YLR371W,YNL191W,0,-1.7178265,0.027210883796215057,0.1120000034570694,0.4004000127315521
YOR065W,YDR082W,0,-1.7180457,0.027204275131225586,0.1120000034570694,0.40049999952316284
YLL006W,YBR142W,0,-1.7182502,0.027197668328881264,0.1120000034570694,0.40059998631477356
YDR536W,YGR200C,0,-1.718749,0.02719106525182724,0.1120000034570694,0.40070000290870667
YOR047C,YDL030W,0,-1.7191055,0.027184465900063515,0.1120000034570694,0.4007999897003174
YAL008W,YDR359C,0,-1.7193564,0.027177870273590088,0.1120000034570694,0.4009000062942505
YIL096C,YPR100W,0,-1.7198168,0.02717127650976181,0.1120000034570694,0.4009999930858612
YDR345C,YDR470C,0,-1.7198819,0.02716468647122383,0.1120000034570694,0.4011000096797943
YER031C,YBR267W,0,-1.7199342,0.027158098295331,0.1120000034570694,0.40119999647140503
YDL136W,YBR091C,0,-1.7200538,0.02715151570737362,0.1120000034570694,0.40130001306533813
YOR383C,YKL117W,0,-1.7200712,0.027144934982061386,0.1120000034570694,0.40139999985694885
YER036C,YBR237W,0,-1.7203828,0.02713835798203945,0.1120000034570694,0.40149998664855957
YNL294C,YLL057C,0,-1.7208433,0.027131782844662666,0.1120000034570694,0.4016000032424927
YIL133C,YOR265W,0,-1.7209107,0.02712521143257618,0.1120000034570694,0.4016999900341034
YKR099W,YAL022C,0,-1.7215978,0.02711864374577999,0.1120000034570694,0.4018000066280365
YDR438W,YPL281C,0,-1.7216301,0.0271120797842741,0.1120000034570694,0.4018999934196472
YBR045C,YEL052W,0,-1.7223784,0.02710551768541336,0.1120000034570694,0.4020000100135803
YGR188C,YAR027W,0,-1.72275,0.02709895931184292,0.1120000034570694,0.40209999680519104
YCL008C,YKL145W,1,-1.723246,0.02733430080115795,0.11299999803304672,0.40209999680519104
YML027W,YKR038C,0,-1.7236952,0.02732769027352333,0.11299999803304672,0.40220001339912415
YPR189W,YJL157C,0,-1.7237655,0.02732108347117901,0.11299999803304672,0.40230000019073486
YPR081C,YNR013C,0,-1.7239915,0.027314478531479836,0.11299999803304672,0.4023999869823456
YDL184C,YMR172W,0,-1.7243601,0.02730787731707096,0.11299999803304672,0.4025000035762787
YPL127C,YIL009W,0,-1.7249273,0.027301279827952385,0.11299999803304672,0.4025999903678894
YFL037W,YGL063W,0,-1.7251999,0.027294686064124107,0.11299999803304672,0.4027000069618225
YDR176W,YIL108W,0,-1.7252126,0.02728809416294098,0.11299999803304672,0.4027999937534332
YAL063C,YAL026C,0,-1.7258743,0.02728150598704815,0.11299999803304672,0.40290001034736633
YDR219C,YER143W,1,-1.7263901,0.02751629240810871,0.11400000005960464,0.40290001034736633
YKL033W,YGR174C,0,-1.7264594,0.027509652078151703,0.11400000005960464,0.40299999713897705
YER139C,YPL160W,0,-1.7264692,0.027503015473484993,0.11400000005960464,0.40310001373291016
YNL078W,YGL237C,0,-1.7265633,0.02749638259410858,0.11400000005960464,0.4032000005245209
YLL001W,YIL136W,0,-1.7268218,0.02748975157737732,0.11400000005960464,0.4032999873161316
YGR178C,YHR143W,0,-1.7268584,0.027483124285936356,0.11400000005960464,0.4034000039100647
YDR332W,YJL148W,0,-1.7268995,0.02747650071978569,0.11400000005960464,0.4034999907016754
YER099C,YDL003W,0,-1.7273244,0.027469879016280174,0.11400000005960464,0.4036000072956085
YNL239W,YML052W,0,-1.7273535,0.027463261038064957,0.11400000005960464,0.40369999408721924
YCR031C,YIL147C,0,-1.7276871,0.027456646785140038,0.11400000005960464,0.40380001068115234
YER022W,YHR080C,0,-1.727717,0.027450036257505417,0.11400000005960464,0.40389999747276306
YDL148C,YGR281W,0,-1.7278906,0.027443427592515945,0.11400000005960464,0.40400001406669617
YNL023C,YMR241W,0,-1.7286438,0.027436822652816772,0.11400000005960464,0.4041000008583069
YNL051W,YOR298W,0,-1.7295254,0.027430221438407898,0.11400000005960464,0.4041999876499176
YMR211W,YCR010C,0,-1.7296162,0.027423622086644173,0.11400000005960464,0.4043000042438507
YGR239C,YOR086C,0,-1.7298032,0.027417028322815895,0.11400000005960464,0.4043999910354614
YLR005W,YML063W,0,-1.729909,0.027410434558987617,0.11400000005960464,0.40450000762939453
YHR184W,YHR088W,0,-1.7311097,0.027403846383094788,0.11400000005960464,0.40459999442100525
YBR297W,YMR158W,0,-1.7313904,0.027397260069847107,0.11400000005960464,0.40470001101493835
YGR077C,YMR015C,0,-1.7314519,0.027390677481889725,0.11400000005960464,0.4047999978065491
YDR067C,YPL226W,0,-1.7321459,0.02738409861922264,0.11400000005960464,0.4049000144004822
YOL139C,YLR098C,0,-1.7323604,0.027377521619200706,0.11400000005960464,0.4050000011920929
YBL034C,YGR075C,0,-1.732534,0.02737094834446907,0.11400000005960464,0.4050999879837036
YER098W,YCR054C,0,-1.7326194,0.027364378795027733,0.11400000005960464,0.4052000045776367
YGR002C,YBR054W,0,-1.732663,0.027357811108231544,0.11400000005960464,0.40529999136924744
YBR183W,YHR132C,0,-1.7329217,0.027351247146725655,0.11400000005960464,0.40540000796318054
YOR078W,YBR035C,0,-1.7334641,0.027344686910510063,0.11400000005960464,0.40549999475479126
YNR059W,YPL144W,0,-1.733713,0.02733813039958477,0.11400000005960464,0.40560001134872437
YMR256C,YHR139C,0,-1.7338935,0.027331575751304626,0.11400000005960464,0.4056999981403351
YER177W,YNL282W,0,-1.7339338,0.02732502482831478,0.11400000005960464,0.4058000147342682
YHR148W,YPL224C,0,-1.7340242,0.027318475767970085,0.11400000005960464,0.4059000015258789
YFR010W,YLR045C,0,-1.7349383,0.027311930432915688,0.11400000005960464,0.4059999883174896
YBR069C,YAR002C-A,0,-1.7349921,0.02730538882315159,0.11400000005960464,0.40610000491142273
YFL017W-A,YHR106W,0,-1.735722,0.027298850938677788,0.11400000005960464,0.40619999170303345
YKR019C,YBR114W,0,-1.7358347,0.027292314916849136,0.11400000005960464,0.40630000829696655
YDL099W,YGR288W,0,-1.7360336,0.027285782620310783,0.11400000005960464,0.40639999508857727
YEL031W,YNL216W,0,-1.7364733,0.02727925404906273,0.11400000005960464,0.4065000116825104
YJR150C,YML012W,0,-1.7372648,0.027272727340459824,0.11400000005960464,0.4065999984741211
YDR146C,YJL129C,0,-1.7376088,0.027266204357147217,0.11400000005960464,0.4066999852657318
YLR221C,YBL098W,0,-1.7379926,0.02725968509912491,0.11400000005960464,0.4068000018596649
YLR385C,YAR015W,0,-1.7381967,0.02725316770374775,0.11400000005960464,0.40689998865127563
YJL048C,YFL025C,1,-1.7384568,0.02748565934598446,0.11500000208616257,0.40689998865127563
YML047C,YHL027W,0,-1.7388877,0.02747909165918827,0.11500000208616257,0.40700000524520874
YBL069W,YBR247C,0,-1.739364,0.02747252769768238,0.11500000208616257,0.40709999203681946
YMR179W,YDL208W,0,-1.7393934,0.02746596559882164,0.11500000208616257,0.40720000863075256
YDL240W,YMR040W,0,-1.7399274,0.027459407225251198,0.11500000208616257,0.4072999954223633
YBR009C,YLR106C,0,-1.7404095,0.027452852576971054,0.11500000208616257,0.4074000120162964
YDR247W,YER002W,0,-1.7405307,0.02744629979133606,0.11500000208616257,0.4074999988079071
YOR008C,YDL024C,0,-1.740777,0.027439752593636513,0.11500000208616257,0.4075999855995178
YDR014W,YBL030C,0,-1.740873,0.027433205395936966,0.11500000208616257,0.4077000021934509
YHR209W,YGL096W,0,-1.7411708,0.027426663786172867,0.11500000208616257,0.40779998898506165
YOR078W,YDR103W,0,-1.7414101,0.027420124039053917,0.11500000208616257,0.40790000557899475
YBR189W,YDL030W,0,-1.7415017,0.027413588017225266,0.11500000208616257,0.40799999237060547
YGL051W,YPL183C,0,-1.7417537,0.027407053858041763,0.11500000208616257,0.4081000089645386
YDL081C,YNL052W,0,-1.7422485,0.02740052342414856,0.11500000208616257,0.4081999957561493
YPL231W,YLR221C,0,-1.7425166,0.027393996715545654,0.11500000208616257,0.4083000123500824
YOL152W,YDL069C,0,-1.7427424,0.027387473732233047,0.11500000208616257,0.4083999991416931
YPL177C,YOR120W,0,-1.7435356,0.02738095261156559,0.11500000208616257,0.40849998593330383
YIR031C,YCR091W,0,-1.7435824,0.02737443521618843,0.11500000208616257,0.40860000252723694
YGL151W,YBL030C,0,-1.7438377,0.02736791968345642,0.11500000208616257,0.40869998931884766
YEL029C,YLR106C,0,-1.7439696,0.02736140787601471,0.11500000208616257,0.40880000591278076
YDR390C,YBR092C,0,-1.744269,0.027354899793863297,0.11500000208616257,0.4088999927043915
YLR401C,YOR086C,0,-1.7448612,0.027348395437002182,0.11500000208616257,0.4090000092983246
YOR068C,YDR111C,0,-1.7448957,0.027341892942786217,0.11500000208616257,0.4090999960899353
YLR005W,YDR471W,0,-1.7449089,0.02733539417386055,0.11500000208616257,0.4092000126838684
YER082C,YDR261C,0,-1.744951,0.027328897267580032,0.11500000208616257,0.4092999994754791
YPR156C,YMR008C,0,-1.7449664,0.027322404086589813,0.11500000208616257,0.40939998626708984
YDR057W,YJL034W,1,-1.7449759,0.027553444728255272,0.11599999666213989,0.40939998626708984
YKL201C,YPR071W,0,-1.7451082,0.027546901255846024,0.11599999666213989,0.40950000286102295
YBL088C,YPL147W,0,-1.7451758,0.027540361508727074,0.11599999666213989,0.40959998965263367
YPL112C,YGL209W,0,-1.7451934,0.027533823624253273,0.11599999666213989,0.4097000062465668
YNR044W,YGR029W,0,-1.7453752,0.02752728946506977,0.11599999666213989,0.4097999930381775
YGR061C,YCL036W,0,-1.7458493,0.027520759031176567,0.11599999666213989,0.4099000096321106
YBR023C,YLR150W,0,-1.7458729,0.027514232322573662,0.11599999666213989,0.4099999964237213
YOL124C,YOR011W,0,-1.7460457,0.027507707476615906,0.11599999666213989,0.4101000130176544
YDR410C,YOR237W,0,-1.7466105,0.0275011844933033,0.11599999666213989,0.41019999980926514
YPR166C,YNL210W,0,-1.7466694,0.02749466709792614,0.11599999666213989,0.41029998660087585
YJL108C,YBL014C,0,-1.7468354,0.02748815156519413,0.11599999666213989,0.41040000319480896
YLR037C,YMR176W,0,-1.7473623,0.02748163975775242,0.11599999666213989,0.4104999899864197
YGL206C,YPR134W,0,-1.7477071,0.027475129812955856,0.11599999666213989,0.4106000065803528
YOR242C,YDR367W,0,-1.7480546,0.027468623593449593,0.11599999666213989,0.4106999933719635
YLR324W,YDR285W,0,-1.748341,0.027462121099233627,0.11599999666213989,0.4108000099658966
YOR046C,YIL096C,0,-1.7483813,0.02745562046766281,0.11599999666213989,0.4108999967575073
YHL028W,YGR077C,0,-1.7485188,0.027449123561382294,0.11599999666213989,0.41100001335144043
YDR270W,YKL218C,0,-1.7488719,0.027442630380392075,0.11599999666213989,0.41110000014305115
YKR105C,YHR132C,0,-1.748876,0.027436140924692154,0.11599999666213989,0.41119998693466187
YML027W,YDR174W,0,-1.7491742,0.027429651468992233,0.11599999666213989,0.41130000352859497
YGL185C,YGL113W,0,-1.7492884,0.02742316760122776,0.11599999666213989,0.4113999903202057
YGR178C,YER045C,0,-1.7506235,0.027416685596108437,0.11599999666213989,0.4115000069141388
YJL054W,YHR052W,0,-1.7510598,0.02741020731627941,0.11599999666213989,0.4115999937057495
YIL047C,YPL098C,0,-1.7512596,0.027403732761740685,0.11599999666213989,0.4117000102996826
YDR101C,YLR038C,0,-1.751716,0.027397260069847107,0.11599999666213989,0.41179999709129333
YLR284C,YBR205W,0,-1.7518768,0.027390791103243828,0.11599999666213989,0.41190001368522644
YMR070W,YDR265W,0,-1.7520965,0.027384323999285698,0.11599999666213989,0.41200000047683716
YLR220W,YBR034C,0,-1.7525333,0.027377862483263016,0.11599999666213989,0.4120999872684479
YHR172W,YDL195W,0,-1.7529272,0.027371400967240334,0.11599999666213989,0.412200003862381
YDL179W,YOL042W,0,-1.7530273,0.0273649450391531,0.11599999666213989,0.4122999906539917
YJR009C,YOR034C,0,-1.7530707,0.027358490973711014,0.11599999666213989,0.4124000072479248
YML042W,YPL001W,0,-1.7530836,0.027352038770914078,0.11599999666213989,0.4124999940395355
YJL054W,YMR081C,0,-1.753323,0.02734559215605259,0.11599999666213989,0.41260001063346863
YPR110C,YGR113W,0,-1.7537845,0.02733914740383625,0.11599999666213989,0.41269999742507935
YLR291C,YLR394W,0,-1.7551539,0.02733270451426506,0.11599999666213989,0.41280001401901245
YFL044C,YBR130C,0,-1.7552522,0.02732626534998417,0.11599999666213989,0.41290000081062317
YOL155C,YPL155C,0,-1.7553248,0.027319829910993576,0.11599999666213989,0.4129999876022339
YDR217C,YDL198C,0,-1.7553493,0.02731339819729328,0.11599999666213989,0.413100004196167
YCL027W,YDR372C,0,-1.7557595,0.027306968346238136,0.11599999666213989,0.4131999909877777
YDR410C,YNL318C,0,-1.755788,0.02730054222047329,0.11599999666213989,0.4133000075817108
YKR052C,YDR224C,0,-1.756037,0.027294117957353592,0.11599999666213989,0.41339999437332153
YOL031C,YKL078W,0,-1.7564927,0.027287697419524193,0.11599999666213989,0.41350001096725464
YLR102C,YJL034W,1,-1.7570081,0.02751646377146244,0.11699999868869781,0.41350001096725464
YOR247W,YBR052C,0,-1.7574157,0.027509992942214012,0.11699999868869781,0.41359999775886536
YIR012W,YOR059C,0,-1.7575042,0.027503525838255882,0.11699999868869781,0.41370001435279846
YPR031W,YKL165C,0,-1.7582773,0.02749706245958805,0.11699999868869781,0.4138000011444092
YOR129C,YKL212W,0,-1.7583479,0.02749060094356537,0.11699999868869781,0.4138999879360199
YDR204W,YIR017C,0,-1.7592057,0.027484143152832985,0.11699999868869781,0.414000004529953
YPL026C,YDR347W,0,-1.7592336,0.0274776890873909,0.11699999868869781,0.4140999913215637
YLR467W,YHR073W,0,-1.7596918,0.027471236884593964,0.11699999868869781,0.4142000079154968
YDR461W,YGR211W,0,-1.7600214,0.027464788407087326,0.11699999868869781,0.41429999470710754
YNL302C,YIL062C,0,-1.7604887,0.027458343654870987,0.11699999868869781,0.41440001130104065
YKL175W,YPL130W,0,-1.7606009,0.027451900765299797,0.11699999868869781,0.41449999809265137
YOL095C,YBL082C,0,-1.7612417,0.027445461601018906,0.11699999868869781,0.4146000146865845
YER070W,YMR243C,0,-1.7615567,0.027439024299383163,0.11699999868869781,0.4147000014781952
YMR005W,YIR019C,0,-1.7617323,0.02743259072303772,0.11699999868869781,0.4147999882698059
YBR248C,YDL154W,0,-1.7621442,0.027426160871982574,0.11699999868869781,0.414900004863739
YJL208C,YPL195W,0,-1.7622592,0.02741973288357258,0.11699999868869781,0.41499999165534973
YIL079C,YJR033C,0,-1.7624024,0.02741330862045288,0.11699999868869781,0.41510000824928284
YER090W,YGR142W,0,-1.7632822,0.027406886219978333,0.11699999868869781,0.41519999504089355
YPR163C,YOL076W,0,-1.7633044,0.027400467544794083,0.11699999868869781,0.41530001163482666
YER031C,YPR005C,0,-1.7636389,0.02739405259490013,0.11699999868869781,0.4153999984264374
YOL121C,YKR072C,0,-1.7636901,0.02738764137029648,0.11699999868869781,0.4154999852180481
YNL278W,YDR373W,0,-1.7637752,0.027381230145692825,0.11699999868869781,0.4156000018119812
YHR190W,YLR214W,0,-1.7638351,0.02737482450902462,0.11699999868869781,0.4156999886035919
YPL091W,YLR186W,0,-1.7639855,0.027368420735001564,0.11699999868869781,0.415800005197525
YMR137C,YHL003C,0,-1.7642363,0.027362020686268806,0.11699999868869781,0.41589999198913574
YCL008C,YDR400W,1,-1.764839,0.027589431032538414,0.11800000071525574,0.41589999198913574
YHL019C,YAL023C,0,-1.7650365,0.027582982555031776,0.11800000071525574,0.41600000858306885
YLR096W,YPL058C,0,-1.7655447,0.027576535940170288,0.11800000071525574,0.41609999537467957
YGL014W,YJL085W,0,-1.7656292,0.027570093050599098,0.11800000071525574,0.41620001196861267
YNL278W,YJL180C,0,-1.7660407,0.027563653886318207,0.11800000071525574,0.4162999987602234
YOR341W,YDR486C,0,-1.7663656,0.027557216584682465,0.11800000071525574,0.4163999855518341
YBL058W,YGL240W,1,-1.7665602,0.027784263715147972,0.11900000274181366,0.4163999855518341
YIL156W,YKL180W,0,-1.7665876,0.02777777798473835,0.11900000274181366,0.4165000021457672
YIL078W,YBL014C,0,-1.7667617,0.027771295979619026,0.11900000274181366,0.41659998893737793
YJR151C,YOR204W,0,-1.7673033,0.02776481583714485,0.11900000274181366,0.41670000553131104
YKL183W,YDR178W,0,-1.7674133,0.027758339419960976,0.11900000274181366,0.41679999232292175
YKL054C,YPL065W,1,-1.7683171,0.02798507548868656,0.11999999731779099,0.41679999232292175
YDL130W-A,YJR076C,0,-1.7687808,0.027978550642728806,0.11999999731779099,0.41690000891685486
YDL087C,YPL058C,0,-1.7689506,0.0279720276594162,0.11999999731779099,0.4169999957084656
YDR105C,YLR249W,0,-1.7695934,0.02796550840139389,0.11999999731779099,0.4171000123023987
YER014W,YDR448W,0,-1.7696643,0.02795899286866188,0.11999999731779099,0.4171999990940094
YLR103C,YGR180C,0,-1.7705244,0.02795248106122017,0.11999999731779099,0.4172999858856201
YJR109C,YLR160C,0,-1.771516,0.027945971116423607,0.11999999731779099,0.4174000024795532
YPL082C,YOR264W,0,-1.7723686,0.027939464896917343,0.11999999731779099,0.41749998927116394
YBR160W,YHR085W,0,-1.7729125,0.02793296054005623,0.11999999731779099,0.41760000586509705
YBR172C,YDR536W,0,-1.7734501,0.027926459908485413,0.11999999731779099,0.41769999265670776
YMR203W,YKR077W,0,-1.7737957,0.027919963002204895,0.11999999731779099,0.41780000925064087
YMR292W,YEL040W,0,-1.7739524,0.027913467958569527,0.11999999731779099,0.4178999960422516
YLR038C,YDL246C,0,-1.7744321,0.027906976640224457,0.11999999731779099,0.4180000126361847
YMR100W,YGR034W,0,-1.7758347,0.027900489047169685,0.11999999731779099,0.4180999994277954
YNL339C,YIL115C,0,-1.776071,0.027894003316760063,0.11999999731779099,0.41819998621940613
YHR088W,YMR088C,0,-1.7763478,0.02788751944899559,0.11999999731779099,0.41830000281333923
YLR213C,YCR096C,0,-1.7764657,0.027881041169166565,0.11999999731779099,0.41839998960494995
YBR048W,YLR286C,0,-1.7767397,0.02787456475198269,0.11999999731779099,0.41850000619888306
YDL099W,YKL164C,0,-1.7771517,0.027868090197443962,0.11999999731779099,0.4185999929904938
YKL006W,YNR027W,0,-1.7771825,0.027861621230840683,0.11999999731779099,0.4187000095844269
YLR186W,YAL038W,0,-1.7773012,0.027855154126882553,0.11999999731779099,0.4187999963760376
YHR031C,YLL048C,0,-1.7773439,0.027848688885569572,0.11999999731779099,0.4189000129699707
YHL040C,YCL017C,0,-1.7774063,0.02784222736954689,0.11999999731779099,0.4189999997615814
YER045C,YLR260W,0,-1.7778941,0.027835769578814507,0.11999999731779099,0.41909998655319214
YIL123W,YBL055C,0,-1.7781966,0.027829313650727272,0.11999999731779099,0.41920000314712524
YBR189W,YMR109W,0,-1.7784395,0.027822861447930336,0.11999999731779099,0.41929998993873596
YML101C,YDR091C,0,-1.779035,0.02781641110777855,0.11999999731779099,0.41940000653266907
YDR047W,YHR052W,0,-1.7790726,0.02780996449291706,0.11999999731779099,0.4194999933242798
YBL026W,YIR032C,0,-1.7791259,0.02780352160334587,0.11999999731779099,0.4196000099182129
YIL019W,YGR143W,0,-1.7792948,0.02779708057641983,0.11999999731779099,0.4196999967098236
YDL045C,YKL056C,0,-1.7800821,0.027790643274784088,0.11999999731779099,0.4198000133037567
YKR059W,YML081C-A,0,-1.7803184,0.027784209698438644,0.11999999731779099,0.41990000009536743
YKL001C,YER029C,0,-1.780836,0.02777777798473835,0.11999999731779099,0.41999998688697815
YDR414C,YOL141W,0,-1.7813598,0.027771349996328354,0.11999999731779099,0.42010000348091125
YKL103C,YOL030W,0,-1.7814544,0.027764923870563507,0.11999999731779099,0.420199990272522
YJR078W,YBR052C,0,-1.7818307,0.02775850147008896,0.11999999731779099,0.4203000068664551
YML132W,YGL226W,0,-1.7819039,0.02775208093225956,0.11999999731779099,0.4203999936580658
YHR185C,YNL263C,0,-1.7819282,0.02774566411972046,0.11999999731779099,0.4205000102519989
YKL155C,YIR032C,0,-1.782535,0.027739251032471657,0.11999999731779099,0.4205999970436096
YDR399W,YGR089W,0,-1.783013,0.027732839807868004,0.11999999731779099,0.4207000136375427
YDL154W,YGR258C,0,-1.7833015,0.02772643230855465,0.11999999731779099,0.42080000042915344
YHR046C,YEL021W,0,-1.783634,0.027720028534531593,0.11999999731779099,0.42089998722076416
YDR039C,YGR084C,0,-1.7837592,0.027713626623153687,0.11999999731779099,0.42100000381469727
YDR014W,YDL215C,0,-1.7838885,0.02770722657442093,0.11999999731779099,0.421099990606308
YMR004W,YKR026C,0,-1.7842536,0.02770083025097847,0.11999999731779099,0.4212000072002411
YOR127W,YDR023W,0,-1.7843539,0.02769443765282631,0.11999999731779099,0.4212999939918518
YMR013C,YMR049C,0,-1.7845466,0.027688048779964447,0.11999999731779099,0.4214000105857849
YDR523C,YDR469W,0,-1.7848989,0.027681661769747734,0.11999999731779099,0.42149999737739563
YOR315W,YDL130W,0,-1.7850398,0.02767527662217617,0.11999999731779099,0.42160001397132874
YMR215W,YGR281W,0,-1.7862235,0.027668895199894905,0.11999999731779099,0.42170000076293945
YHL003C,YCL066W,0,-1.7863773,0.02766251750290394,0.11999999731779099,0.42179998755455017
YGL014W,YDL160C,0,-1.7864224,0.02765614166855812,0.11999999731779099,0.4219000041484833
YPL145C,YCL034W,0,-1.7864323,0.0276497695595026,0.11999999731779099,0.421999990940094
YBL031W,YDR140W,0,-1.7864335,0.027643399313092232,0.11999999731779099,0.4221000075340271
YOL072W,YAL025C,0,-1.7864646,0.02763703279197216,0.11999999731779099,0.4221999943256378
YOR359W,YML004C,0,-1.7868083,0.027630669996142387,0.11999999731779099,0.4223000109195709
YDR040C,YDL093W,0,-1.786885,0.027624309062957764,0.11999999731779099,0.42239999771118164
YIL125W,YLR438C-A,0,-1.7872187,0.02761795185506344,0.11999999731779099,0.42250001430511475
YBR010W,YCL066W,0,-1.7874831,0.027611596509814262,0.11999999731779099,0.42260000109672546
YOL152W,YER101C,0,-1.7892035,0.027605244889855385,0.11999999731779099,0.4226999878883362
YDR464W,YJR104C,0,-1.7897964,0.027598895132541656,0.11999999731779099,0.4228000044822693
YHR181W,YBR045C,0,-1.7901893,0.027592549100518227,0.11999999731779099,0.42289999127388
YDR492W,YER007W,0,-1.7902637,0.027586206793785095,0.11999999731779099,0.4230000078678131
YOL102C,YJL153C,0,-1.7905852,0.027579866349697113,0.11999999731779099,0.42309999465942383
YLL008W,YPL104W,0,-1.7906495,0.02757352963089943,0.11999999731779099,0.42320001125335693
YHR037W,YOL069W,0,-1.7909881,0.027567194774746895,0.11999999731779099,0.42329999804496765
YBR213W,YLR206W,0,-1.791542,0.02756086364388466,0.11999999731779099,0.42340001463890076
YMR131C,YHR090C,0,-1.7915488,0.027554534375667572,0.11999999731779099,0.4235000014305115
YML116W,YIL150C,0,-1.7921921,0.027548208832740784,0.11999999731779099,0.4235999882221222
YGR061C,YBL088C,0,-1.7927438,0.027541887015104294,0.11999999731779099,0.4237000048160553
YML112W,YOR242C,0,-1.792846,0.027535567060112953,0.11999999731779099,0.423799991607666
YNL102W,YGR208W,0,-1.7931585,0.027529248967766762,0.11999999731779099,0.4239000082015991
YGR061C,YHL038C,0,-1.79318,0.027522936463356018,0.11999999731779099,0.42399999499320984
YCL018W,YOR351C,0,-1.7932912,0.027516623958945274,0.11999999731779099,0.42410001158714294
YDL033C,YGL006W,0,-1.7932999,0.02751031704246998,0.11999999731779099,0.42419999837875366
YPL105C,YDL083C,0,-1.7937086,0.027504010125994682,0.11999999731779099,0.4242999851703644
YGR179C,YPL221W,0,-1.7946618,0.027497708797454834,0.11999999731779099,0.4244000017642975
YKR059W,YPL252C,0,-1.7946836,0.027491409331560135,0.11999999731779099,0.4244999885559082
YDR204W,YBR281C,0,-1.7947136,0.027485111728310585,0.11999999731779099,0.4246000051498413
YER120W,YPR048W,0,-1.7947714,0.027478817850351334,0.11999999731779099,0.424699991941452
YKR034W,YOL019W,0,-1.7955918,0.02747252769768238,0.11999999731779099,0.42480000853538513
YPR175W,YLL033W,0,-1.7956072,0.027466239407658577,0.11999999731779099,0.42489999532699585
YPL006W,YJR083C,0,-1.7956859,0.02745995484292507,0.11999999731779099,0.42500001192092896
YGR134W,YNL145W,0,-1.796154,0.027453672140836716,0.11999999731779099,0.4250999987125397
YDL112W,YLR039C,0,-1.7962769,0.027447393164038658,0.11999999731779099,0.4251999855041504
YDR178W,YCR098C,0,-1.7962894,0.02744111604988575,0.11999999731779099,0.4253000020980835
YOR167C,YHR099W,0,-1.7964265,0.02743484266102314,0.11999999731779099,0.4253999888896942
YPR016C,YAL039C,0,-1.7965434,0.02742857113480568,0.11999999731779099,0.4255000054836273
YNL008C,YOR117W,1,-1.7966532,0.027650821954011917,0.12099999934434891,0.4255000054836273
YDL007W,YNL311C,1,-1.797277,0.027872972190380096,0.12200000137090683,0.4255000054836273
YML125C,YGR112W,0,-1.7973825,0.027866605669260025,0.12200000137090683,0.42559999227523804
YHR148W,YER031C,0,-1.7976499,0.027860242873430252,0.12200000137090683,0.42570000886917114
YNL307C,YMR201C,0,-1.7978244,0.02785388194024563,0.12200000137090683,0.42579999566078186
YBR112C,YER038C,0,-1.7982391,0.027847522869706154,0.12200000137090683,0.42590001225471497
YOR066W,YHL008C,0,-1.7983881,0.027841167524456978,0.12200000137090683,0.4259999990463257
YNL044W,YMR110C,0,-1.7988999,0.0278348159044981,0.12200000137090683,0.4260999858379364
YIR025W,YNL008C,1,-1.7992378,0.028056569397449493,0.12300000339746475,0.4260999858379364
YPL049C,YLR048W,0,-1.7993196,0.028050171211361885,0.12300000339746475,0.4262000024318695
YPR019W,YJL109C,0,-1.7994642,0.028043774887919426,0.12300000339746475,0.4262999892234802
YJR092W,YGL005C,0,-1.7995319,0.028037382289767265,0.12300000339746475,0.42640000581741333
YLR055C,YFL004W,0,-1.7998987,0.028030993416905403,0.12300000339746475,0.42649999260902405
YLR059C,YIL002C,0,-1.8003856,0.02802460640668869,0.12300000339746475,0.42660000920295715
YFR041C,YER036C,0,-1.8007067,0.028018223121762276,0.12300000339746475,0.42669999599456787
YDR064W,YDR246W,0,-1.8008507,0.02801184169948101,0.12300000339746475,0.426800012588501
YLR107W,YOL030W,0,-1.8009051,0.028005464002490044,0.12300000339746475,0.4268999993801117
YDR224C,YPL252C,0,-1.8009332,0.027999090030789375,0.12300000339746475,0.4269999861717224
YNL111C,YEL044W,0,-1.8013394,0.027992717921733856,0.12300000339746475,0.4271000027656555
YDR405W,YLR157C,0,-1.8014443,0.027986347675323486,0.12300000339746475,0.42719998955726624
YKL110C,YBR052C,0,-1.8014739,0.027979981154203415,0.12300000339746475,0.42730000615119934
YFR049W,YDL133C-A,0,-1.8014807,0.027973618358373642,0.12300000339746475,0.42739999294281006
YPR118W,YGR188C,0,-1.8015788,0.027967257425189018,0.12300000339746475,0.42750000953674316
YPR198W,YNL210W,0,-1.8016226,0.027960900217294693,0.12300000339746475,0.4275999963283539
YBR247C,YML055W,0,-1.8017412,0.027954544872045517,0.12300000339746475,0.427700012922287
YPL040C,YKL024C,0,-1.8021163,0.02794819325208664,0.12300000339746475,0.4277999997138977
YMR228W,YDR300C,0,-1.8025665,0.02794184535741806,0.12300000339746475,0.4278999865055084
YOR046C,YEL064C,0,-1.8026954,0.02793549932539463,0.12300000339746475,0.42800000309944153
YDR508C,YPL144W,0,-1.8029187,0.02792915515601635,0.12300000339746475,0.42809998989105225
YNL061W,YDL028C,0,-1.8032757,0.027922814711928368,0.12300000339746475,0.42820000648498535
YLR367W,YKL039W,0,-1.8038228,0.027916477993130684,0.12300000339746475,0.42829999327659607
YOL069W,YJL180C,0,-1.8040159,0.02791014313697815,0.12300000339746475,0.4284000098705292
YDR443C,YMR287C,0,-1.8042443,0.027903812006115913,0.12300000339746475,0.4284999966621399
YBR107C,YKL096W-A,0,-1.8043997,0.027897482737898827,0.12300000339746475,0.428600013256073
YPL038W,YGL026C,0,-1.8046254,0.02789115719497204,0.12300000339746475,0.4287000000476837
YLR098C,YDL205C,0,-1.8051983,0.0278848335146904,0.12300000339746475,0.42879998683929443
YML063W,YGL026C,0,-1.805677,0.02787851355969906,0.12300000339746475,0.42890000343322754
YGL027C,YJR041C,0,-1.8059012,0.027872195467352867,0.12300000339746475,0.42899999022483826
YER015W,YIL111W,0,-1.8060921,0.027865881100296974,0.12300000339746475,0.42910000681877136
YCL008C,YKL054C,1,-1.8066803,0.028086069971323013,0.12399999797344208,0.42910000681877136
YJL112W,YDR074W,0,-1.8079126,0.02807971090078354,0.12399999797344208,0.4291999936103821
YKR068C,YNL210W,0,-1.8094624,0.028073353692889214,0.12399999797344208,0.4293000102043152
YBL091C-A,YDL143W,0,-1.8102021,0.028066998347640038,0.12399999797344208,0.4293999969959259
YHR036W,YDR093W,0,-1.810623,0.02806064672768116,0.12399999797344208,0.429500013589859
YJL200C,YNR043W,0,-1.810783,0.02805429883301258,0.12399999797344208,0.4296000003814697
YCR035C,YDR501W,0,-1.8108493,0.02804795280098915,0.12399999797344208,0.42969998717308044
YKL026C,YLR394W,0,-1.8109035,0.02804161049425602,0.12399999797344208,0.42980000376701355
YOR192C,YNL016W,0,-1.8110255,0.028035270050168037,0.12399999797344208,0.42989999055862427
YLR367W,YDL108W,0,-1.8115996,0.028028933331370354,0.12399999797344208,0.4300000071525574
YDL220C,YHR193C,0,-1.8116515,0.02802259847521782,0.12399999797344208,0.4300999939441681
YKR044W,YMR300C,0,-1.812284,0.028016267344355583,0.12399999797344208,0.4302000105381012
YHR215W,YNL199C,0,-1.8125055,0.028009939938783646,0.12399999797344208,0.4302999973297119
YGR014W,YLR206W,0,-1.8127961,0.028003612533211708,0.12399999797344208,0.430400013923645
YHL028W,YDR212W,0,-1.8127972,0.027997290715575218,0.12399999797344208,0.43050000071525574
YMR319C,YLR313C,0,-1.8131132,0.027990970760583878,0.12399999797344208,0.43059998750686646
YLR131C,YDL229W,0,-1.8132079,0.027984652668237686,0.12399999797344208,0.43070000410079956
YDL061C,YPR199C,0,-1.8134103,0.027978340163826942,0.12399999797344208,0.4307999908924103
YDR050C,YMR127C,0,-1.8136352,0.0279720276594162,0.12399999797344208,0.4309000074863434
YDR257C,YHR089C,0,-1.8136405,0.027965718880295753,0.12399999797344208,0.4309999942779541
YNR067C,YDR456W,0,-1.8138657,0.027959413826465607,0.12399999797344208,0.4311000108718872
YNL059C,YCR054C,0,-1.8144222,0.02795311063528061,0.12399999797344208,0.4311999976634979
YLR130C,YJL173C,0,-1.8145727,0.02794681116938591,0.12399999797344208,0.43130001425743103
YPL116W,YLR395C,0,-1.8147771,0.02794051356613636,0.12399999797344208,0.43140000104904175
YOR018W,YDL192W,0,-1.8149709,0.02793421968817711,0.12399999797344208,0.43149998784065247
YDR077W,YLR389C,0,-1.8152407,0.027927927672863007,0.12399999797344208,0.43160000443458557
YDR243C,YOL007C,0,-1.8153776,0.027921639382839203,0.12399999797344208,0.4316999912261963
YJL006C,YHR046C,0,-1.8154374,0.02791535295546055,0.12399999797344208,0.4318000078201294
YJL176C,YER110C,0,-1.8158363,0.027909070253372192,0.12399999797344208,0.4318999946117401
YOR304C-A,YNL119W,0,-1.8158971,0.027902789413928986,0.12399999797344208,0.4320000112056732
YNL065W,YHR037W,0,-1.8159488,0.027896512299776077,0.12399999797344208,0.43209999799728394
YER167W,YGR254W,0,-1.8159908,0.027890238910913467,0.12399999797344208,0.43220001459121704
YKL009W,YGL191W,0,-1.8161789,0.027883967384696007,0.12399999797344208,0.43230000138282776
YLR167W,YKL032C,0,-1.8165355,0.027877697721123695,0.12399999797344208,0.4323999881744385
YDR244W,YPL161C,0,-1.8168584,0.027871431782841682,0.12399999797344208,0.4325000047683716
YGL229C,YDR472W,0,-1.8172187,0.02786516770720482,0.12399999797344208,0.4325999915599823
YPL019C,YGR101W,0,-1.8173229,0.027858907356858253,0.12399999797344208,0.4327000081539154
YHR169W,YDR528W,0,-1.8193525,0.027852650731801987,0.12399999797344208,0.4327999949455261
YJR082C,YPR043W,0,-1.8194451,0.02784639596939087,0.12399999797344208,0.43290001153945923
YOR043W,YHR092C,0,-1.8196207,0.0278401430696249,0.12399999797344208,0.43299999833106995
YGL212W,YBR240C,0,-1.8197244,0.02783389389514923,0.12399999797344208,0.43309998512268066
YBL056W,YDR533C,0,-1.8200166,0.02782764844596386,0.12399999797344208,0.43320000171661377
YGR194C,YER068W,0,-1.8200842,0.027821404859423637,0.12399999797344208,0.4332999885082245
YJL190C,YNL130C,0,-1.8201517,0.027815163135528564,0.12399999797344208,0.4334000051021576
YHR174W,YKL042W,0,-1.8202413,0.02780892513692379,0.12399999797344208,0.4334999918937683
YBL091C,YHR014W,0,-1.8204046,0.027802690863609314,0.12399999797344208,0.4336000084877014
YPR163C,YMR112C,0,-1.820794,0.027796458452939987,0.12399999797344208,0.43369999527931213
YKR050W,YDR523C,0,-1.8208214,0.02779022790491581,0.12399999797344208,0.43380001187324524
YKL144C,YPL172C,0,-1.8208337,0.02778400108218193,0.12399999797344208,0.43389999866485596
YOL152W,YMR232W,0,-1.8208727,0.02777777798473835,0.12399999797344208,0.4339999854564667
YDR110W,YOR009W,0,-1.8211111,0.02777155674993992,0.12399999797344208,0.4341000020503998
YPR194C,YGR260W,0,-1.8211627,0.027765337377786636,0.12399999797344208,0.4341999888420105
YOL104C,YLR014C,0,-1.8221539,0.027759121730923653,0.12399999797344208,0.4343000054359436
YFR037C,YJL005W,0,-1.8222374,0.027752909809350967,0.12399999797344208,0.4343999922275543
YMR284W,YGR225W,0,-1.8222948,0.02774669975042343,0.12399999797344208,0.4345000088214874
YPL064C,YOR393W,0,-1.8223243,0.027740491554141045,0.12399999797344208,0.43459999561309814
YOL038W,YNL008C,1,-1.8225423,0.02795795165002346,0.125,0.43459999561309814
YGL063W,YGR255C,0,-1.8228852,0.027951698750257492,0.125,0.43470001220703125
YNL029C,YKL164C,0,-1.8231963,0.027945449575781822,0.125,0.43479999899864197
YDR011W,YPR102C,0,-1.8232907,0.02793920412659645,0.125,0.4348999857902527
YLR404W,YDR479C,0,-1.8233219,0.02793296054005623,0.125,0.4350000023841858
YCR039C,YER145C,0,-1.8240801,0.027926720678806305,0.125,0.4350999891757965
YIR018W,YIR026C,0,-1.8245231,0.02792048268020153,0.125,0.4352000057697296
YDL146W,YKL011C,0,-1.8248941,0.027914246544241905,0.125,0.43529999256134033
YPL252C,YHL032C,0,-1.8258209,0.027908015996217728,0.125,0.43540000915527344
YJL059W,YLR038C,0,-1.8268591,0.02790178544819355,0.125,0.43549999594688416
YAL013W,YER111C,0,-1.8270133,0.02789555862545967,0.125,0.43560001254081726
YGR003W,YNL008C,1,-1.8270141,0.02811245061457157,0.12600000202655792,0.43560001254081726
YOR265W,YNR067C,0,-1.8272252,0.02810617908835411,0.12600000202655792,0.435699999332428
YGR263C,YNR044W,0,-1.8273953,0.02809991128742695,0.12600000202655792,0.4357999861240387
YPR024W,YOR032C,0,-1.8277414,0.028093645349144936,0.12600000202655792,0.4359000027179718
YKR104W,YPL033C,0,-1.8279096,0.02808738313615322,0.12600000202655792,0.4359999895095825
YNL223W,YDL084W,0,-1.8280243,0.028081122785806656,0.12600000202655792,0.4361000061035156
YJR127C,YNL130C,0,-1.828603,0.02807486616075039,0.12600000202655792,0.43619999289512634
YBR096W,YBR207W,0,-1.8289489,0.02806861139833927,0.12600000202655792,0.43630000948905945
YBR189W,YHR153C,0,-1.8293703,0.028062360361218452,0.12600000202655792,0.43639999628067017
YOR242C,YJR013W,0,-1.8297521,0.028056113049387932,0.12600000202655792,0.43650001287460327
YLR130C,YAL060W,0,-1.830027,0.02804986573755741,0.12600000202655792,0.436599999666214
YOR060C,YHL016C,0,-1.8304185,0.028043624013662338,0.12600000202655792,0.4366999864578247
YNL173C,YDR399W,0,-1.8311604,0.028037382289767265,0.12600000202655792,0.4368000030517578
YGL256W,YOR353C,0,-1.8315973,0.02803114615380764,0.12600000202655792,0.43689998984336853
YLR438C-A,YDL170W,0,-1.8317057,0.028024911880493164,0.12600000202655792,0.43700000643730164
YKL217W,YLR251W,0,-1.8317412,0.028018679469823837,0.12600000202655792,0.43709999322891235
YFR047C,YGL253W,0,-1.8318354,0.02801245078444481,0.12600000202655792,0.43720000982284546
YBR006W,YDL195W,0,-1.8320765,0.02800622396171093,0.12600000202655792,0.4372999966144562
YPR024W,YLR014C,0,-1.8322535,0.02800000086426735,0.12600000202655792,0.4374000132083893
YKL165C,YGL116W,0,-1.8324264,0.027993779629468918,0.12600000202655792,0.4375
YDR224C,YOL095C,0,-1.8332151,0.027987560257315636,0.12600000202655792,0.4375999867916107
YDL043C,YFR008W,0,-1.8333335,0.0279813464730978,0.12600000202655792,0.4377000033855438
YGR134W,YGR124W,0,-1.8335445,0.027975132688879967,0.12600000202655792,0.43779999017715454
YDR137W,YBR158W,0,-1.833755,0.02796892262995243,0.12600000202655792,0.43790000677108765
YAL040C,YCR106W,0,-1.8352541,0.027962716296315193,0.12600000202655792,0.43799999356269836
YJR076C,YHL021C,0,-1.8356597,0.027956511825323105,0.12600000202655792,0.43810001015663147
YNL210W,YBR042C,0,-1.8356898,0.027950311079621315,0.12600000202655792,0.4381999969482422
YDR457W,YNL302C,0,-1.836186,0.027944112196564674,0.12600000202655792,0.4383000135421753
YCR052W,YOR054C,0,-1.8362528,0.027937915176153183,0.12600000202655792,0.438400000333786
YMR208W,YKL077W,0,-1.8363407,0.02793172188103199,0.12600000202655792,0.43849998712539673
YKR088C,YDR270W,0,-1.8363829,0.027925532311201096,0.12600000202655792,0.43860000371932983
YGR004W,YJL189W,0,-1.8364877,0.02791934460401535,0.12600000202655792,0.43869999051094055
YGL226C-A,YPL100W,0,-1.8365309,0.027913158759474754,0.12600000202655792,0.43880000710487366
YOR191W,YPL155C,0,-1.8365766,0.027906976640224457,0.12600000202655792,0.4388999938964844
YGR076C,YOR374W,0,-1.8373641,0.02790079638361931,0.12600000202655792,0.4390000104904175
YJR151C,YPL188W,0,-1.837697,0.02789461985230446,0.12600000202655792,0.4390999972820282
YBL017C,YPL131W,0,-1.8377618,0.027888447046279907,0.12600000202655792,0.4392000138759613
YPR175W,YER099C,0,-1.8387696,0.027882274240255356,0.12600000202655792,0.439300000667572
YGL212W,YHR133C,0,-1.8390526,0.027876107022166252,0.12600000202655792,0.43939998745918274
YDR386W,YGR211W,0,-1.8393623,0.02786993980407715,0.12600000202655792,0.43950000405311584
YHR037W,YGR070W,0,-1.8396653,0.027863776311278343,0.12600000202655792,0.43959999084472656
YML132W,YPL146C,0,-1.8398113,0.027857616543769836,0.12600000202655792,0.43970000743865967
YGL126W,YBR257W,0,-1.8399829,0.02785145863890648,0.12600000202655792,0.4397999942302704
YJL057C,YBR257W,0,-1.8401107,0.02784530445933342,0.12600000202655792,0.4399000108242035
YJL200C,YLR120C,0,-1.8406991,0.02783915214240551,0.12600000202655792,0.4399999976158142
YHR005C-A,YBL035C,0,-1.8408207,0.02783300168812275,0.12600000202655792,0.4401000142097473
YOR081C,YKR056W,0,-1.8409463,0.027826854959130287,0.12600000202655792,0.44020000100135803
YDR362C,YAR027W,0,-1.8411015,0.027820710092782974,0.12600000202655792,0.44029998779296875
YDR500C,YHR074W,0,-1.8419069,0.02781456895172596,0.12600000202655792,0.44040000438690186
YER190W,YHR005C,0,-1.8425549,0.027808431535959244,0.12600000202655792,0.4404999911785126
YHR004C,YHR170W,0,-1.8426551,0.027802294120192528,0.12600000202655792,0.4406000077724457
YDL166C,YOR313C,0,-1.8428818,0.02779616229236126,0.12600000202655792,0.4406999945640564
YCR092C,YHR046C,0,-1.8439656,0.02779003046452999,0.12600000202655792,0.4408000111579895
YPL156C,YMR235C,0,-1.8440002,0.02778390236198902,0.12600000202655792,0.4408999979496002
YDR520C,YGL026C,0,-1.8440598,0.02777777798473835,0.12600000202655792,0.4410000145435333
YNL206C,YOL111C,0,-1.8443681,0.027771655470132828,0.12600000202655792,0.44110000133514404
YIL159W,YDL100C,0,-1.8448075,0.027765534818172455,0.12600000202655792,0.44119998812675476
YNL293W,YBR061C,0,-1.8449754,0.02775941789150238,0.12600000202655792,0.44130000472068787
YOR346W,YKL150W,0,-1.8455032,0.027753304690122604,0.12600000202655792,0.4413999915122986
YAR031W,YDR007W,0,-1.8458415,0.02774719148874283,0.12600000202655792,0.4415000081062317
YHR017W,YKR056W,0,-1.8459737,0.0277410838752985,0.12600000202655792,0.4415999948978424
YOR090C,YFL001W,0,-1.8459928,0.027734976261854172,0.12600000202655792,0.4417000114917755
YBR170C,YPL176C,1,-1.8473294,0.02794894389808178,0.12700000405311584,0.4417000114917755
YGL178W,YBR049C,0,-1.8477323,0.02794279344379902,0.12700000405311584,0.44179999828338623
YPL022W,YHR154W,0,-1.847859,0.027936646714806557,0.12700000405311584,0.44190001487731934
YDL142C,YDL074C,0,-1.8481903,0.027930503711104393,0.12700000405311584,0.44200000166893005
YOL121C,YLR183C,0,-1.8484905,0.02792436257004738,0.12700000405311584,0.44209998846054077
YJL214W,YPL144W,0,-1.8485652,0.027918223291635513,0.12700000405311584,0.4422000050544739
YER179W,YKR049C,0,-1.8488384,0.027912087738513947,0.12700000405311584,0.4422999918460846
YBL031W,YDL084W,0,-1.8489021,0.02790595404803753,0.12700000405311584,0.4424000084400177
YMR195W,YNL310C,0,-1.8490655,0.02789982408285141,0.12700000405311584,0.4424999952316284
YDL149W,YAR002C-A,0,-1.8493725,0.02789369598031044,0.12700000405311584,0.4426000118255615
YER060W,YMR053C,0,-1.8496245,0.02788757160305977,0.12700000405311584,0.44269999861717224
YDR064W,YMR256C,0,-1.8506677,0.027881449088454247,0.12700000405311584,0.44279998540878296
YJR010C-A,YDR077W,0,-1.8506782,0.027875328436493874,0.12700000405311584,0.44290000200271606
YNL077W,YLL057C,0,-1.8509372,0.0278692115098238,0.12700000405311584,0.4429999887943268
YJL183W,YOL067C,0,-1.8510643,0.027863098308444023,0.12700000405311584,0.4431000053882599
YBL054W,YCR094W,0,-1.8511251,0.027856986969709396,0.12700000405311584,0.4431999921798706
YKL168C,YCR054C,0,-1.8512387,0.02785087749361992,0.12700000405311584,0.4433000087738037
YHR069C,YNL080C,0,-1.851305,0.02784477174282074,0.12700000405311584,0.44339999556541443
YAL040C,YBR059C,0,-1.8518771,0.02783866785466671,0.12700000405311584,0.44350001215934753
YNL036W,YLR006C,0,-1.8520234,0.02783256582915783,0.12700000405311584,0.44359999895095825
YER106W,YBR182C,0,-1.8523186,0.027826467528939247,0.12700000405311584,0.44369998574256897
YLR333C,YDR105C,0,-1.852328,0.027820372954010963,0.12700000405311584,0.4438000023365021
YIL140W,YDR173C,0,-1.8528141,0.02781428024172783,0.12700000405311584,0.4438999891281128
YER103W,YML004C,0,-1.8532941,0.027808189392089844,0.12700000405311584,0.4440000057220459
YBR020W,YDL111C,0,-1.853508,0.027802102267742157,0.12700000405311584,0.4440999925136566
YDL045W-A,YOR221C,0,-1.8541132,0.02779601700603962,0.12700000405311584,0.4442000091075897
YNL027W,YOL127W,0,-1.8541952,0.02778993360698223,0.12700000405311584,0.44429999589920044
YGL157W,YBR241C,0,-1.8552548,0.02778385393321514,0.12700000405311584,0.44440001249313354
YGR295C,YEL021W,0,-1.8553686,0.02777777798473835,0.12700000405311584,0.44449999928474426
YPR135W,YER060W-A,0,-1.8556882,0.027771703898906708,0.12700000405311584,0.444599986076355
YDR074W,YGL073W,0,-1.8556976,0.027765631675720215,0.12700000405311584,0.4447000026702881
YBR191W,YEL015W,0,-1.8557827,0.02775956317782402,0.12700000405311584,0.4447999894618988
YNL328C,YKL039W,0,-1.8559834,0.027753496542572975,0.12700000405311584,0.4449000060558319
YNL248C,YMR228W,0,-1.8565933,0.02774743363261223,0.12700000405311584,0.4449999928474426
YKL212W,YHR052W,0,-1.8566536,0.02774137258529663,0.12700000405311584,0.44510000944137573
YMR195W,YDL095W,0,-1.856757,0.027735313400626183,0.12700000405311584,0.44519999623298645
YCR094W,YGL148W,0,-1.8571876,0.027729257941246033,0.12700000405311584,0.44530001282691956
YLR183C,YDR007W,0,-1.8573388,0.027723204344511032,0.12700000405311584,0.4453999996185303
YOR363C,YLR158C,0,-1.8577572,0.02771715447306633,0.12700000405311584,0.445499986410141
YNL218W,YPL147W,0,-1.857936,0.027711106464266777,0.12700000405311584,0.4456000030040741
YOR222W,YOL126C,0,-1.8581518,0.027705060318112373,0.12700000405311584,0.4456999897956848
YGL098W,YDR517W,0,-1.8582035,0.027699017897248268,0.12700000405311584,0.4458000063896179
YJR101W,YGR156W,0,-1.858264,0.02769297920167446,0.12700000405311584,0.44589999318122864
YAR042W,YPR049C,0,-1.8583257,0.027686940506100655,0.12700000405311584,0.44600000977516174
YGL238W,YDR287W,0,-1.858546,0.027680907398462296,0.12700000405311584,0.44609999656677246
YDR244W,YKL144C,0,-1.8590561,0.027674874290823936,0.12700000405311584,0.44620001316070557
YOL155C,YHL038C,0,-1.8590997,0.027668844908475876,0.12700000405311584,0.4462999999523163
YDR536W,YMR316W,0,-1.8593053,0.027662819251418114,0.12700000405311584,0.446399986743927
YML043C,YMR220W,0,-1.8595506,0.02765679359436035,0.12700000405311584,0.4465000033378601
YLR373C,YOR298W,0,-1.8597735,0.027650773525238037,0.12700000405311584,0.4465999901294708
YPL130W,YGR288W,0,-1.8608124,0.027644753456115723,0.12700000405311584,0.44670000672340393
YLR239C,YLR054C,0,-1.8611706,0.027638737112283707,0.12700000405311584,0.44679999351501465
YKL009W,YPR180W,0,-1.8611746,0.02763272449374199,0.12700000405311584,0.44690001010894775
YML036W,YKL043W,0,-1.8623792,0.02762671373784542,0.12700000405311584,0.44699999690055847
YML099C,YPL004C,0,-1.8623852,0.027620704844594002,0.12700000405311584,0.4471000134944916
YPR113W,YLR157C,0,-1.8624538,0.02761469967663288,0.12700000405311584,0.4472000002861023
YBR066C,YGL226W,0,-1.8624898,0.02760869637131691,0.12700000405311584,0.447299987077713
YPR149W,YDL055C,0,-1.8625776,0.027602694928646088,0.12700000405311584,0.4474000036716461
YHR028C,YPL160W,0,-1.8628561,0.027596697211265564,0.12700000405311584,0.44749999046325684
YHR150W,YDL061C,0,-1.8629612,0.02759070135653019,0.12700000405311584,0.44760000705718994
YCL008C,YHR027C,1,-1.8633071,0.027801912277936935,0.12800000607967377,0.44760000705718994
YKL051W,YPL033C,0,-1.863311,0.02779587358236313,0.12800000607967377,0.44769999384880066
YBR080C,YKR034W,0,-1.8633796,0.02778983861207962,0.12800000607967377,0.44780001044273376
YNL240C,YBR164C,0,-1.8634578,0.02778380736708641,0.12800000607967377,0.4478999972343445
YKR035W-A,YGL256W,0,-1.8638147,0.02777777798473835,0.12800000607967377,0.4480000138282776
YDR118W,YPL176C,1,-1.8648264,0.027988716959953308,0.1289999932050705,0.4480000138282776
YDL029W,YNL061W,0,-1.8650092,0.027982646599411964,0.1289999932050705,0.4481000006198883
YOL109W,YKL014C,0,-1.8665832,0.02797657810151577,0.1289999932050705,0.448199987411499
YLR167W,YOR150W,0,-1.8670722,0.027970511466264725,0.1289999932050705,0.44830000400543213
YOL152W,YDR441C,0,-1.8674911,0.027964448556303978,0.1289999932050705,0.44839999079704285
YKR034W,YGR112W,0,-1.8677644,0.02795838750898838,0.1289999932050705,0.44850000739097595
YNL262W,YOL155C,0,-1.8680267,0.02795233018696308,0.1289999932050705,0.44859999418258667
YBR065C,YGR222W,0,-1.8683937,0.02794627472758293,0.1289999932050705,0.4487000107765198
YOR059C,YCR063W,0,-1.8685051,0.02794022113084793,0.1289999932050705,0.4487999975681305
YPL183W-A,YKL043W,0,-1.8686222,0.02793417125940323,0.1289999932050705,0.4489000141620636
YHR004C,YKL096W-A,0,-1.8689102,0.027928123250603676,0.1289999932050705,0.4490000009536743
YOR001W,YIL160C,0,-1.8690064,0.027922077104449272,0.1289999932050705,0.44909998774528503
YBR069C,YJR089W,0,-1.8691303,0.027916034683585167,0.1289999932050705,0.44920000433921814
YER164W,YLR467W,0,-1.8692476,0.02790999598801136,0.1289999932050705,0.44929999113082886
YOR046C,YER173W,0,-1.8692665,0.027903959155082703,0.1289999932050705,0.44940000772476196
YAL058W,YDR177W,1,-1.8694243,0.028114186599850655,0.12999999523162842,0.44940000772476196
YDL022W,YGR295C,0,-1.869595,0.028108108788728714,0.12999999523162842,0.4494999945163727
YMR261C,YCR037C,0,-1.8696054,0.028102032840251923,0.12999999523162842,0.4496000111103058
YNR017W,YHR092C,0,-1.8700424,0.02809595875442028,0.12999999523162842,0.4496999979019165
YDL024C,YDR378C,0,-1.8705858,0.028089888393878937,0.12999999523162842,0.4498000144958496
YMR239C,YDL197C,0,-1.8707396,0.028083819895982742,0.12999999523162842,0.4499000012874603
YDL136W,YPR128C,0,-1.8708898,0.028077753260731697,0.12999999523162842,0.44999998807907104
YNL286W,YDL220C,0,-1.8710219,0.02807169035077095,0.12999999523162842,0.45010000467300415
YIL013C,YNR013C,0,-1.8715215,0.028065631166100502,0.12999999523162842,0.45019999146461487
YHR147C,YDL138W,0,-1.8717533,0.028059571981430054,0.12999999523162842,0.450300008058548
YPR024W,YIL160C,0,-1.8721234,0.028053518384695053,0.12999999523162842,0.4503999948501587
YIR004W,YOL120C,0,-1.8722725,0.028047464787960052,0.12999999523162842,0.4505000114440918
YOR176W,YPL200W,0,-1.8722881,0.02804141491651535,0.12999999523162842,0.4505999982357025
YOR116C,YNR059W,0,-1.8723706,0.028035366907715797,0.12999999523162842,0.4507000148296356
YOR315W,YPR169W,0,-1.8725476,0.028029322624206543,0.12999999523162842,0.45080000162124634
YNL233W,YKR079C,0,-1.8727039,0.028023280203342438,0.12999999523162842,0.45089998841285706
YPL043W,YBR038W,0,-1.8732919,0.02801724150776863,0.12999999523162842,0.45100000500679016
YCL069W,YCR035C,0,-1.8733695,0.028011204674839973,0.12999999523162842,0.4510999917984009
YGR185C,YOL007C,0,-1.8736948,0.028005169704556465,0.12999999523162842,0.451200008392334
YFL044C,YMR048W,0,-1.8737803,0.027999138459563255,0.12999999523162842,0.4512999951839447
YPR156C,YML091C,0,-1.8738811,0.027993109077215195,0.12999999523162842,0.4514000117778778
YDL091C,YDR120C,0,-1.8739707,0.027987083420157433,0.12999999523162842,0.4514999985694885
YKL059C,YLR098C,0,-1.8741385,0.02798105962574482,0.12999999523162842,0.45159998536109924
YLR011W,YLR098C,0,-1.8745805,0.027975037693977356,0.12999999523162842,0.45170000195503235
YPL101W,YOR349W,0,-1.8746661,0.02796901948750019,0.12999999523162842,0.45179998874664307
YFR036W,YIL075C,1,-1.8750054,0.028178103268146515,0.13099999725818634,0.45179998874664307
YBR069C,YOR274W,0,-1.875008,0.028172042220830917,0.13099999725818634,0.45190000534057617
YBR112C,YKL099C,0,-1.8753458,0.02816598489880562,0.13099999725818634,0.4519999921321869
YMR276W,YNL311C,1,-1.8755099,0.028374891728162766,0.13199999928474426,0.4519999921321869
YPL210C,YLL001W,0,-1.8757919,0.028368793427944183,0.13199999928474426,0.45210000872612
YBR296C,YPL195W,0,-1.8758388,0.0283626988530159,0.13199999928474426,0.4521999955177307
YJR016C,YIL038C,0,-1.8761855,0.028356606140732765,0.13199999928474426,0.4523000121116638
YGR180C,YHR201C,0,-1.876233,0.02835051529109478,0.13199999928474426,0.45239999890327454
YFL029C,YCR054C,0,-1.8763248,0.028344428166747093,0.13199999928474426,0.45249998569488525
YNL048W,YOR182C,0,-1.8763851,0.028338342905044556,0.13199999928474426,0.45260000228881836
YOR233W,YOL071W,0,-1.8764201,0.028332259505987167,0.13199999928474426,0.4526999890804291
YBL093C,YOR253W,0,-1.8770796,0.028326179832220078,0.13199999928474426,0.4528000056743622
YDL154W,YBL035C,0,-1.8771378,0.028320103883743286,0.13199999928474426,0.4528999924659729
YAL040C,YHR046C,0,-1.8774115,0.028314027935266495,0.13199999928474426,0.453000009059906
YDR159W,YMR165C,0,-1.8776792,0.028307955712080002,0.13199999928474426,0.4530999958515167
YHR158C,YNL202W,0,-1.8779016,0.028301887214183807,0.13199999928474426,0.45320001244544983
YHR011W,YPL135W,0,-1.8781047,0.028295820578932762,0.13199999928474426,0.45329999923706055
YER013W,YMR145C,0,-1.8781421,0.028289755806326866,0.13199999928474426,0.45339998602867126
YIL056W,YLR115W,0,-1.878664,0.02828369475901127,0.13199999928474426,0.45350000262260437
YJR084W,YPL281C,0,-1.8792557,0.02827763557434082,0.13199999928474426,0.4535999894142151
YDR146C,YER046W,0,-1.8804641,0.02827157825231552,0.13199999928474426,0.4537000060081482
YDR003W,YPL253C,0,-1.8805555,0.02826552465558052,0.13199999928474426,0.4537999927997589
YGR271W,YKL191W,0,-1.8806492,0.02825947292149067,0.13199999928474426,0.453900009393692
YDR363W-A,YFR036W,1,-1.8808206,0.028467465192079544,0.13300000131130219,0.453900009393692
YGL226W,YOL123W,0,-1.880945,0.02846137434244156,0.13300000131130219,0.45399999618530273
YOR127W,YIL056W,0,-1.8816477,0.028455285355448723,0.13300000131130219,0.45410001277923584
YDR146C,YKL165C,0,-1.8825006,0.028449198231101036,0.13300000131130219,0.45419999957084656
YDL190C,YGL240W,1,-1.8827063,0.02865697257220745,0.1340000033378601,0.45419999957084656
YPL092W,YGR116W,0,-1.8833033,0.02865084446966648,0.1340000033378601,0.4542999863624573
YAL013W,YAL012W,0,-1.8833399,0.02864472009241581,0.1340000033378601,0.4544000029563904
YNL328C,YPR037C,0,-1.8840917,0.028638597577810287,0.1340000033378601,0.4544999897480011
YBR180W,YPR019W,0,-1.8842479,0.028632478788495064,0.1340000033378601,0.4546000063419342
YFL041W,YEL020W-A,0,-1.8843933,0.02862636186182499,0.1340000033378601,0.4546999931335449
YDR312W,YDR383C,0,-1.8850238,0.028620248660445213,0.1340000033378601,0.454800009727478
YOR332W,YDR055W,0,-1.8850889,0.028614135459065437,0.1340000033378601,0.45489999651908875
YFR047C,YDR528W,0,-1.8851117,0.02860802784562111,0.1340000033378601,0.45500001311302185
YHR164C,YIL087C,0,-1.885223,0.02860192023217678,0.1340000033378601,0.45509999990463257
YPR030W,YGR244C,0,-1.8853618,0.0285958182066679,0.1340000033378601,0.4551999866962433
YIL153W,YGR165W,0,-1.8853683,0.02858971618115902,0.1340000033378601,0.4553000032901764
YDR529C,YIL173W,0,-1.8853737,0.028583617880940437,0.1340000033378601,0.4553999900817871
YER019C-A,YPL100W,0,-1.885651,0.028577521443367004,0.1340000033378601,0.4555000066757202
YLR293C,YBR295W,0,-1.8858529,0.02857142873108387,0.1340000033378601,0.45559999346733093
YJR046W,YGL064C,0,-1.8866076,0.028565337881445885,0.1340000033378601,0.45570001006126404
YPR024W,YLR293C,0,-1.8867005,0.02855924889445305,0.1340000033378601,0.45579999685287476
YLR163C,YLL018C-A,0,-1.8868853,0.02855316363275051,0.1340000033378601,0.45590001344680786
YKL094W,YJL172W,0,-1.8874873,0.028547082096338272,0.1340000033378601,0.4560000002384186
YHR174W,YDR441C,0,-1.8876725,0.028541000559926033,0.1340000033378601,0.4560999870300293
YNL142W,YMR133W,0,-1.8877189,0.028534922748804092,0.1340000033378601,0.4562000036239624
YDR353W,YGL122C,0,-1.888606,0.02852884866297245,0.1340000033378601,0.4562999904155731
YER096W,YDR261C,0,-1.8886687,0.028522776439785957,0.1340000033378601,0.4564000070095062
YGR258C,YDR533C,0,-1.8895427,0.028516706079244614,0.1340000033378601,0.45649999380111694
YFR032C-A,YKL168C,0,-1.8896617,0.02851063758134842,0.1340000033378601,0.45660001039505005
YDL210W,YER175C,0,-1.8906368,0.028504572808742523,0.1340000033378601,0.45669999718666077
YGL229C,YPR189W,0,-1.8909765,0.028498511761426926,0.1340000033378601,0.45680001378059387
YGL222C,YNL207W,0,-1.8914788,0.028492450714111328,0.1340000033378601,0.4569000005722046
YPL026C,YJL071W,0,-1.8919548,0.02848639525473118,0.1340000033378601,0.4569999873638153
YKL119C,YLR196W,0,-1.8922582,0.02848033979535103,0.1340000033378601,0.4571000039577484
YDR406W,YDR325W,0,-1.892294,0.028474288061261177,0.1340000033378601,0.45719999074935913
YGR129W,YGL026C,0,-1.8926092,0.028468238189816475,0.1340000033378601,0.45730000734329224
YNL240C,YCR054C,0,-1.8929821,0.02846219204366207,0.1340000033378601,0.45739999413490295
YHL047C,YDL101C,0,-1.8940623,0.028456147760152817,0.1340000033378601,0.45750001072883606
YOR046C,YIL002C,0,-1.8941439,0.02845010533928871,0.1340000033378601,0.4575999975204468
YMR230W,YJL026W,0,-1.8943073,0.028444066643714905,0.1340000033378601,0.4577000141143799
YGR052W,YBR272C,0,-1.8944567,0.028438029810786247,0.1340000033378601,0.4578000009059906
YBR006W,YLR305C,0,-1.8944899,0.028431996703147888,0.1340000033378601,0.4578999876976013
YOL076W,YLR098C,0,-1.8949608,0.02842596545815468,0.1340000033378601,0.4580000042915344
YLR404W,YOR167C,0,-1.895075,0.028419936075806618,0.1340000033378601,0.45809999108314514
YGR159C,YHR077C,0,-1.8952862,0.028413910418748856,0.1340000033378601,0.45820000767707825
YNL248C,YKL013C,0,-1.8960682,0.028407886624336243,0.1340000033378601,0.45829999446868896
YDL205C,YML005W,0,-1.8977419,0.02840186469256878,0.1340000033378601,0.45840001106262207
YOR027W,YKL038W,0,-1.8981153,0.028395846486091614,0.1340000033378601,0.4584999978542328
YFR010W,YCL066W,0,-1.8981707,0.028389830142259598,0.1340000033378601,0.4586000144481659
YGR062C,YOL028C,0,-1.8983169,0.02838381752371788,0.1340000033378601,0.4587000012397766
YOR299W,YFR001W,0,-1.8984241,0.028377806767821312,0.1340000033378601,0.45879998803138733
YOR119C,YOR142W,0,-1.8985747,0.028371797874569893,0.1340000033378601,0.45890000462532043
YDR372C,YDL170W,0,-1.8986031,0.028365790843963623,0.1340000033378601,0.45899999141693115
YGL063W,YOR279C,0,-1.8990642,0.02835978753864765,0.1340000033378601,0.45910000801086426
YOR181W,YGL232W,0,-1.8991534,0.02835378795862198,0.1340000033378601,0.459199994802475
YGL212W,YMR238W,0,-1.8995512,0.028347788378596306,0.1340000033378601,0.4593000113964081
YLL018C-A,YOR310C,0,-1.8996391,0.02834179438650608,0.1340000033378601,0.4593999981880188
YBR166C,YOR054C,0,-1.8997458,0.028335800394415855,0.1340000033378601,0.4595000147819519
YKR105C,YLR190W,0,-1.8998224,0.02832981012761593,0.1340000033378601,0.4596000015735626
YDR482C,YKR072C,0,-1.9001203,0.02832382172346115,0.1340000033378601,0.45969998836517334
YKL059C,YER056C-A,0,-1.9006315,0.028317835181951523,0.1340000033378601,0.45980000495910645
YML063W,YOR315W,0,-1.9006959,0.028311852365732193,0.1340000033378601,0.45989999175071716
YFL023W,YDR098C,0,-1.900863,0.02830587327480316,0.1340000033378601,0.46000000834465027
YLR206W,YOL140W,0,-1.9015244,0.02829989418387413,0.1340000033378601,0.460099995136261
YKL013C,YMR015C,0,-1.9018065,0.028293918818235397,0.1340000033378601,0.4602000117301941
YHR149C,YGR212W,0,-1.9018446,0.028287945315241814,0.1340000033378601,0.4602999985218048
YLR329W,YGL068W,0,-1.9018868,0.02828197553753853,0.1340000033378601,0.4603999853134155
YPR118W,YNL314W,0,-1.9020016,0.028276007622480392,0.1340000033378601,0.46050000190734863
YKL081W,YEL032W,0,-1.9024788,0.028270041570067406,0.1340000033378601,0.46059998869895935
YAR042W,YPR110C,0,-1.9028735,0.028264079242944717,0.1340000033378601,0.46070000529289246
YFR038W,YDL215C,0,-1.9030081,0.02825811877846718,0.1340000033378601,0.4607999920845032
YNL077W,YOR373W,0,-1.9030539,0.02825216017663479,0.1340000033378601,0.4609000086784363
YKL144C,YJL101C,0,-1.9030895,0.028246205300092697,0.1340000033378601,0.460999995470047
YKR020W,YML070W,0,-1.9032304,0.028240252286195755,0.1340000033378601,0.4611000120639801
YPL210C,YLR176C,0,-1.9039409,0.02823430299758911,0.1340000033378601,0.4611999988555908
YER126C,YNL218W,0,-1.9042417,0.028228355571627617,0.1340000033378601,0.46129998564720154
YDR059C,YJR041C,0,-1.904651,0.02822241000831127,0.1340000033378601,0.46140000224113464
YLR438C-A,YAR033W,0,-1.9050566,0.028216466307640076,0.1340000033378601,0.46149998903274536
YFR041C,YER074W,0,-1.9052056,0.028210526332259178,0.1340000033378601,0.46160000562667847
YJL045W,YOR290C,0,-1.9063005,0.02820458821952343,0.1340000033378601,0.4616999924182892
YNL233W,YML028W,0,-1.906331,0.02819865383207798,0.1340000033378601,0.4618000090122223
YMR276W,YPL065W,1,-1.9066889,0.028403114527463913,0.13500000536441803,0.4618000090122223
YDR178W,YOR288C,0,-1.9068124,0.02839713916182518,0.13500000536441803,0.461899995803833
YDR434W,YPL133C,0,-1.907036,0.028391167521476746,0.13500000536441803,0.4620000123977661
YKL093W,YNL259C,0,-1.9072717,0.02838519774377346,0.13500000536441803,0.46209999918937683
YJL082W,YDR279W,0,-1.9077443,0.028379229828715324,0.13500000536441803,0.46219998598098755
YLR206W,YGR169C,0,-1.9083527,0.028373265638947487,0.13500000536441803,0.46230000257492065
YOL138C,YOR391C,0,-1.9086496,0.0283673033118248,0.13500000536441803,0.46239998936653137
YBR020W,YNL207W,0,-1.9088426,0.02836134470999241,0.13500000536441803,0.4625000059604645
YHR181W,YMR131C,0,-1.9090976,0.028355387970805168,0.13500000536441803,0.4625999927520752
YMR159C,YIR032C,0,-1.909224,0.028349433094263077,0.13500000536441803,0.4627000093460083
YKL108W,YBR299W,0,-1.9094281,0.028343480080366135,0.13500000536441803,0.462799996137619
YKL181W,YBL089W,0,-1.9095355,0.02833753079175949,0.13500000536441803,0.4629000127315521
YDL208W,YBL098W,0,-1.9100066,0.028331585228443146,0.13500000536441803,0.46299999952316284
YBR287W,YNL286W,0,-1.9100581,0.0283256396651268,0.13500000536441803,0.46309998631477356
YBR281C,YMR242C,0,-1.9105457,0.028319697827100754,0.13500000536441803,0.46320000290870667
YDL091C,YMR175W,0,-1.910592,0.028313757851719856,0.13500000536441803,0.4632999897003174
YNL339C,YGL209W,0,-1.9112606,0.028307821601629257,0.13500000536441803,0.4634000062942505
YLR121C,YOL144W,0,-1.9112737,0.028301887214183807,0.13500000536441803,0.4634999930858612
YDR358W,YPL096W,1,-1.9112778,0.028505554422736168,0.13600000739097595,0.4634999930858612
YMR272C,YNL188W,0,-1.9113888,0.028499580919742584,0.13600000739097595,0.4636000096797943
YNL248C,YNR041C,0,-1.9114639,0.02849360927939415,0.13600000739097595,0.46369999647140503
YBR081C,YJL011C,0,-1.9115722,0.028487641364336014,0.13600000739097595,0.46380001306533813
YAR031W,YAL063C,0,-1.9117554,0.028481675311923027,0.13600000739097595,0.46389999985694885
YGR223C,YDL160C,0,-1.9120584,0.02847571112215519,0.13600000739097595,0.46399998664855957
YDL081C,YLR389C,0,-1.9121987,0.02846975065767765,0.13600000739097595,0.4641000032424927
YJL208C,YLR153C,0,-1.9127039,0.02846379205584526,0.13600000739097595,0.4641999900341034
YOR357C,YER002W,0,-1.912902,0.02845783717930317,0.13600000739097595,0.4643000066280365
YDR041W,YKL132C,0,-1.9134682,0.028451882302761078,0.13600000739097595,0.4643999934196472
YML032C,YJL045W,0,-1.9138628,0.028445931151509285,0.13600000739097595,0.4645000100135803
YML016C,YKL132C,0,-1.9140147,0.02843998372554779,0.13600000739097595,0.46459999680519104
YBL069W,YGL249W,0,-1.914114,0.028434036299586296,0.13600000739097595,0.46470001339912415
YDR190C,YGL087C,0,-1.9146779,0.02842809446156025,0.13600000739097595,0.46480000019073486
YKL062W,YML023C,0,-1.9147094,0.028422152623534203,0.13600000739097595,0.4648999869823456
YPL252C,YBR274W,0,-1.9147599,0.028416214510798454,0.13600000739097595,0.4650000035762787
YBR295W,YLR309C,0,-1.9148425,0.028410278260707855,0.13600000739097595,0.4650999903678894
YNL153C,YGR281W,0,-1.9149815,0.028404343873262405,0.13600000739097595,0.4652000069618225
YDR204W,YIL036W,0,-1.9150602,0.028398413211107254,0.13600000739097595,0.4652999937534332
YNR048W,YLL061W,0,-1.9150658,0.028392484411597252,0.13600000739097595,0.46540001034736633
YJL071W,YPL183W-A,0,-1.9152588,0.0283865574747324,0.13600000739097595,0.46549999713897705
YPL218W,YGR089W,0,-1.9156309,0.028380634263157845,0.13600000739097595,0.46560001373291016
YHL032C,YOR032C,0,-1.9158837,0.02837471291422844,0.13600000739097595,0.4657000005245209
YNL023C,YJL060W,0,-1.9162804,0.028368793427944183,0.13600000739097595,0.4657999873161316
YPL099C,YPL087W,0,-1.9165267,0.028362877666950226,0.13600000739097595,0.4659000039100647
YJR109C,YIL013C,0,-1.9172755,0.028356963768601418,0.13600000739097595,0.4659999907016754
YGR144W,YIL135C,0,-1.9175228,0.028351053595542908,0.13600000739097595,0.4661000072956085
YCL027W,YDR463W,0,-1.9177145,0.028345143422484398,0.13600000739097595,0.46619999408721924
YPR184W,YJL053W,0,-1.9178174,0.028339236974716187,0.13600000739097595,0.46630001068115234
YOR250C,YNL308C,0,-1.9178307,0.028333334252238274,0.13600000739097595,0.46639999747276306
YMR093W,YGR101W,0,-1.9181145,0.02832743152976036,0.13600000739097595,0.46650001406669617
YPL106C,YGR245C,0,-1.918208,0.028321532532572746,0.13600000739097595,0.4666000008583069
YIL052C,YKR066C,0,-1.9182662,0.02831563539803028,0.13600000739097595,0.4666999876499176
YGR062C,YDL208W,0,-1.9183211,0.028309741988778114,0.13600000739097595,0.4668000042438507
YKR105C,YGR057C,0,-1.9186014,0.028303850442171097,0.13600000739097595,0.4668999910354614
YPL253C,YCR040W,0,-1.9186715,0.02829796075820923,0.13600000739097595,0.46700000762939453
YGL123W,YBR275C,0,-1.9188558,0.02829207479953766,0.13600000739097595,0.46709999442100525
YML074C,YIL002C,0,-1.9190916,0.02828618884086609,0.13600000739097595,0.46720001101493835
YDR244W,YDR251W,0,-1.9192566,0.028280308470129967,0.13600000739097595,0.4672999978065491
YNL050C,YBR061C,0,-1.919507,0.028274428099393845,0.13600000739097595,0.4674000144004822
YIL144W,YAL028W,0,-1.9196012,0.02826855145394802,0.13600000739097595,0.4675000011920929
YDR219C,YML088W,1,-1.919691,0.028470490127801895,0.13699999451637268,0.4675000011920929
YMR207C,YGR191W,0,-1.9211572,0.028464574366807938,0.13699999451637268,0.4675999879837036
YNL066W,YJL128C,0,-1.9212329,0.02845866233110428,0.13699999451637268,0.4677000045776367
YML057W,YGR282C,0,-1.9215257,0.02845275215804577,0.13699999451637268,0.46779999136924744
YFL005W,YDL139C,0,-1.9217709,0.028446843847632408,0.13699999451637268,0.46790000796318054
YNL128W,YOL052C,0,-1.9225308,0.028440939262509346,0.13699999451637268,0.46799999475479126
YDL223C,YPL147W,0,-1.9229193,0.028435034677386284,0.13699999451637268,0.46810001134872437
YDR086C,YOR250C,0,-1.9229318,0.02842913381755352,0.13699999451637268,0.4681999981403351
YIL098C,YLR109W,0,-1.9230198,0.028423236683011055,0.13699999451637268,0.4683000147342682
YDR536W,YDR388W,0,-1.9231398,0.02841734141111374,0.13699999451637268,0.4684000015258789
YBR156C,YGR143W,0,-1.9231838,0.028411448001861572,0.13699999451637268,0.4684999883174896
YJL212C,YPL149W,0,-1.9232697,0.028405556455254555,0.13699999451637268,0.46860000491142273
YDL171C,YOR036W,0,-1.9237545,0.028399668633937836,0.13699999451637268,0.46869999170303345
YLL019C,YIL139C,0,-1.9239477,0.028393782675266266,0.13699999451637268,0.46880000829696655
YDR046C,YLR006C,0,-1.9252125,0.028387898579239845,0.13699999451637268,0.46889999508857727
YLR333C,YBL035C,0,-1.9253175,0.028382018208503723,0.13699999451637268,0.4690000116825104
YJL081C,YCL036W,0,-1.9258453,0.02837613970041275,0.13699999451637268,0.4690999984741211
YNL173C,YAR019C,0,-1.9260443,0.028370263054966927,0.13699999451637268,0.4691999852657318
YOR324C,YBR061C,0,-1.9260983,0.0283643901348114,0.13699999451637268,0.4693000018596649
YGL126W,YMR075W,0,-1.9261059,0.028358517214655876,0.13699999451637268,0.46939998865127563
YMR230W,YOL116W,0,-1.9261278,0.0283526498824358,0.13699999451637268,0.46950000524520874
YJL056C,YMR232W,0,-1.9262899,0.02834678255021572,0.13699999451637268,0.46959999203681946
YDR381W,YIL130W,0,-1.9264835,0.028340918943285942,0.13699999451637268,0.46970000863075256
YPL076W,YDR495C,0,-1.9269847,0.028335057199001312,0.13699999451637268,0.4697999954223633
YOL055C,YGR145W,0,-1.927442,0.02832919731736183,0.13699999451637268,0.4699000120162964
YNR035C,YOL002C,0,-1.9283618,0.02832334116101265,0.13699999451637268,0.4699999988079071
YFL010W-A,YJL196C,0,-1.92838,0.028317486867308617,0.13699999451637268,0.4700999855995178
YGL206C,YDR498C,0,-1.9285456,0.028311634436249733,0.13699999451637268,0.4702000021934509
YLR258W,YIL124W,0,-1.9286281,0.028305785730481148,0.13699999451637268,0.47029998898506165
YEL069C,YEL015W,0,-1.9293735,0.028299938887357712,0.13699999451637268,0.47040000557899475
YKL056C,YBR166C,0,-1.9298686,0.028294093906879425,0.13699999451637268,0.47049999237060547
YNL309W,YDR074W,0,-1.9300551,0.028288250789046288,0.13699999451637268,0.4706000089645386
YGR144W,YDR371W,0,-1.9301468,0.02828241139650345,0.13699999451637268,0.4706999957561493
YMR188C,YGR180C,0,-1.9309312,0.02827657386660576,0.13699999451637268,0.4708000123500824
YJL024C,YPL061W,0,-1.9311796,0.028270738199353218,0.13699999451637268,0.4708999991416931
YBL028C,YJL148W,0,-1.9315264,0.028264906257390976,0.13699999451637268,0.47099998593330383
YJR009C,YGL049C,0,-1.9315399,0.028259076178073883,0.13699999451637268,0.47110000252723694
YPL156C,YLR284C,0,-1.9332193,0.02825324796140194,0.13699999451637268,0.47119998931884766
YOR259C,YNL311C,1,-1.9337329,0.028453608974814415,0.1379999965429306,0.47119998931884766
YML091C,YGL059W,0,-1.9344854,0.028447743505239487,0.1379999965429306,0.47130000591278076
YGL240W,YKL145W,1,-1.9350587,0.028647979721426964,0.13899999856948853,0.47130000591278076
YIL046W,YMR314W,1,-1.9356111,0.028848135843873024,0.14000000059604645,0.47130000591278076
YGL136C,YKL085W,0,-1.9360758,0.028842192143201828,0.14000000059604645,0.4713999927043915
YER070W,YKL004W,0,-1.9361402,0.02883625216782093,0.14000000059604645,0.4715000092983246
YBL034C,YBR101C,0,-1.9361483,0.028830312192440033,0.14000000059604645,0.4715999960899353
YNR001C,YJR021C,0,-1.9364719,0.028824377804994583,0.14000000059604645,0.4717000126838684
YOR176W,YLR047C,0,-1.9365256,0.028818443417549133,0.14000000059604645,0.4717999994754791
YGR014W,YBR294W,0,-1.9366795,0.028812512755393982,0.14000000059604645,0.47189998626708984
YOL138C,YPR110C,0,-1.9369899,0.02880658395588398,0.14000000059604645,0.47200000286102295
YBR202W,YKR057W,0,-1.9371952,0.028800658881664276,0.14000000059604645,0.47209998965263367
YPL269W,YIL150C,0,-1.9374429,0.028794733807444572,0.14000000059604645,0.4722000062465668
YBR212W,YDR300C,0,-1.9377431,0.028788814321160316,0.14000000059604645,0.4722999930381775
YNL231C,YGL206C,0,-1.937837,0.02878289483487606,0.14000000059604645,0.4724000096321106
YDR126W,YKL205W,0,-1.9378523,0.028776979073882103,0.14000000059604645,0.4724999964237213
YOR079C,YDR093W,0,-1.9379543,0.028771065175533295,0.14000000059604645,0.4726000130176544
YJL164C,YJR004C,0,-1.9379886,0.028765153139829636,0.14000000059604645,0.47269999980926514
YHR164C,YDR072C,0,-1.938245,0.028759244829416275,0.14000000059604645,0.47279998660087585
YER098W,YPL213W,0,-1.9389625,0.028753336519002914,0.14000000059604645,0.47290000319480896
YPL248C,YPL274W,0,-1.938981,0.028747433796525,0.14000000059604645,0.4729999899864197
YMR300C,YKR061W,0,-1.9390349,0.02874153107404709,0.14000000059604645,0.4731000065803528
YMR285C,YER056C-A,0,-1.9394487,0.028735632076859474,0.14000000059604645,0.4731999933719635
YPR031W,YOR187W,0,-1.9395366,0.02872973494231701,0.14000000059604645,0.4733000099658966
YBR296C,YKR028W,0,-1.9395641,0.028723841533064842,0.14000000059604645,0.4733999967575073
YNL079C,YPL093W,0,-1.9406177,0.028717948123812675,0.14000000059604645,0.47350001335144043
YGR081C,YKL161C,0,-1.9407321,0.028712058439850807,0.14000000059604645,0.47360000014305115
YML011C,YDR371W,0,-1.9412013,0.028706172481179237,0.14000000059604645,0.47369998693466187
YLR348C,YBR218C,0,-1.9415412,0.028700286522507668,0.14000000059604645,0.47380000352859497
YDR373W,YKL109W,0,-1.9416987,0.028694404289126396,0.14000000059604645,0.4738999903202057
YNL038W,YBR040W,0,-1.9419245,0.028688523918390274,0.14000000059604645,0.4740000069141388
YIL011W,YLR039C,0,-1.9422606,0.02868264727294445,0.14000000059604645,0.4740999937057495
YGL021W,YOL064C,0,-1.9424008,0.028676772490143776,0.14000000059604645,0.4742000102996826
YBR146W,YLR023C,0,-1.9427992,0.02867089956998825,0.14000000059604645,0.47429999709129333
YDR373W,YJL200C,0,-1.942984,0.028665028512477875,0.14000000059604645,0.47440001368522644
YPL017C,YLR353W,0,-1.9432753,0.028659161180257797,0.14000000059604645,0.47450000047683716
YDR081C,YHR052W,0,-1.9435245,0.02865329571068287,0.14000000059604645,0.4745999872684479
YKL201C,YMR016C,0,-1.943591,0.02864743210375309,0.14000000059604645,0.474700003862381
YLR017W,YNL012W,0,-1.9436554,0.02864157035946846,0.14000000059604645,0.4747999906539917
YJL155C,YNL221C,0,-1.9441675,0.02863571234047413,0.14000000059604645,0.4749000072479248
YDR254W,YCR081W,0,-1.9442004,0.028629856184124947,0.14000000059604645,0.4749999940395355
YGR286C,YOR311C,0,-1.9444346,0.028624003753066063,0.14000000059604645,0.47510001063346863
YOR369C,YDR281C,0,-1.9446427,0.02861815132200718,0.14000000059604645,0.47519999742507935
YGR194C,YBR123C,0,-1.9447638,0.028612302616238594,0.14000000059604645,0.47530001401901245
YDR436W,YLR096W,0,-1.945211,0.028606457635760307,0.14000000059604645,0.47540000081062317
YDR227W,YOR351C,0,-1.9454526,0.02860061265528202,0.14000000059604645,0.4754999876022339
YHR081W,YOR127W,0,-1.9459041,0.028594771400094032,0.14000000059604645,0.475600004196167
YDR494W,YNL302C,0,-1.9461275,0.028588932007551193,0.14000000059604645,0.4756999909877777
YBL069W,YDL179W,0,-1.9462919,0.028583094477653503,0.14000000059604645,0.4758000075817108
YMR319C,YDR353W,0,-1.9463801,0.028577260673046112,0.14000000059604645,0.47589999437332153
YMR296C,YPL110C,0,-1.9467801,0.02857142873108387,0.14000000059604645,0.47600001096725464
YOR257W,YPL036W,0,-1.9469784,0.028565598651766777,0.14000000059604645,0.47609999775886536
YDR361C,YLR381W,0,-1.9476174,0.028559772297739983,0.14000000059604645,0.47620001435279846
YFL056C,YGL093W,0,-1.947868,0.028553945943713188,0.14000000059604645,0.4763000011444092
YBR082C,YML088W,1,-1.9481438,0.0287520382553339,0.14100000262260437,0.4763000011444092
YMR296C,YIR037W,0,-1.9483359,0.02874617651104927,0.14100000262260437,0.4763999879360199
YFR032C-A,YOL042W,0,-1.9488142,0.02874031849205494,0.14100000262260437,0.476500004529953
YLL041C,YGR202C,0,-1.9489406,0.028734460473060608,0.14100000262260437,0.4765999913215637
YOR272W,YFR029W,0,-1.9489772,0.028728606179356575,0.14100000262260437,0.4767000079154968
YPL189W,YER040W,0,-1.9490205,0.02872275374829769,0.14100000262260437,0.47679999470710754
YPR192W,YBR107C,0,-1.9491442,0.028716905042529106,0.14100000262260437,0.47690001130104065
YLL045C,YDR498C,0,-1.9493897,0.02871105633676052,0.14100000262260437,0.47699999809265137
YNL044W,YOR192C,0,-1.9494911,0.028705211356282234,0.14100000262260437,0.4771000146865845
YHR037W,YDR343C,0,-1.9496872,0.028699368238449097,0.14100000262260437,0.4772000014781952
YKL155C,YBL106C,0,-1.9501036,0.028693528845906258,0.14100000262260437,0.4772999882698059
YLR044C,YLR096W,0,-1.9504367,0.028687691316008568,0.14100000262260437,0.477400004863739
YER020W,YDL195W,0,-1.9504784,0.028681855648756027,0.14100000262260437,0.47749999165534973
YKL174C,YPL280W,0,-1.950792,0.028676021844148636,0.14100000262260437,0.47760000824928284
YDL184C,YIL036W,0,-1.9513055,0.028670191764831543,0.14100000262260437,0.47769999504089355
YGR255C,YHR059W,0,-1.9513521,0.0286643635481596,0.14100000262260437,0.47780001163482666
YDR503C,YGL050W,0,-1.9514397,0.028658537194132805,0.14100000262260437,0.4778999984264374
YPL161C,YIL009W,0,-1.9521264,0.02865271270275116,0.14100000262260437,0.4779999852180481
YGR177C,YDR518W,0,-1.9521936,0.028646891936659813,0.14100000262260437,0.4781000018119812
YHR171W,YER185W,0,-1.9522454,0.028641073033213615,0.14100000262260437,0.4781999886035919
YHR204W,YJR102C,1,-1.952252,0.028838342055678368,0.1420000046491623,0.4781999886035919
YPR024W,YEL019C,0,-1.9526191,0.028832487761974335,0.1420000046491623,0.478300005197525
YPL021W,YNL221C,0,-1.9527314,0.028826633468270302,0.1420000046491623,0.47839999198913574
YMR159C,YLR120C,0,-1.953345,0.028820782899856567,0.1420000046491623,0.47850000858306885
YKR044W,YDR107C,0,-1.9534053,0.028814934194087982,0.1420000046491623,0.47859999537467957
YBL091C-A,YLR325C,0,-1.9534209,0.028809089213609695,0.1420000046491623,0.47870001196861267
YER153C,YDL195W,0,-1.9534891,0.028803246095776558,0.1420000046491623,0.4787999987602234
YHR030C,YOR236W,0,-1.9539974,0.02879740484058857,0.1420000046491623,0.4788999855518341
YPL202C,YIR019C,0,-1.9547523,0.02879156544804573,0.1420000046491623,0.4790000021457672
YHR023W,YER089C,0,-1.9551507,0.02878572791814804,0.1420000046491623,0.47909998893737793
YOR243C,YBR193C,0,-1.9556221,0.02877989411354065,0.1420000046491623,0.47920000553131104
YOR103C,YNL012W,0,-1.9566922,0.028774062171578407,0.1420000046491623,0.47929999232292175
YGR241C,YNL318C,0,-1.956723,0.028768233954906464,0.1420000046491623,0.47940000891685486
YDR178W,YNL068C,0,-1.9570762,0.02876240573823452,0.1420000046491623,0.4794999957084656
YIL125W,YKL096W-A,0,-1.9571047,0.028756581246852875,0.1420000046491623,0.4796000123023987
YDR160W,YJR025C,0,-1.9571509,0.02875075861811638,0.1420000046491623,0.4796999990940094
YOR098C,YLR029C,0,-1.9572,0.02874493971467018,0.1420000046491623,0.4797999858856201
YOR247W,YKR048C,0,-1.9575602,0.028739120811223984,0.1420000046491623,0.4799000024795532
YGR174C,YOL002C,0,-1.9576336,0.028733305633068085,0.1420000046491623,0.47999998927116394
YPR156C,YJR006W,0,-1.9580567,0.028727494180202484,0.1420000046491623,0.48010000586509705
YER015W,YKL079W,0,-1.9581407,0.028721682727336884,0.1420000046491623,0.48019999265670776
YGR154C,YDR028C,0,-1.9586082,0.02871587499976158,0.1420000046491623,0.48030000925064087
YHR186C,YJR034W,0,-1.9586419,0.02871006913483143,0.1420000046491623,0.4803999960422516
YBL069W,YKR105C,0,-1.9588244,0.028704265132546425,0.1420000046491623,0.4805000126361847
YJR135C,YOR045W,0,-1.9591784,0.02869846485555172,0.1420000046491623,0.4805999994277954
YBR041W,YFL021W,0,-1.9591964,0.028692664578557014,0.1420000046491623,0.48069998621940613
YPL208W,YHR161C,0,-1.9593543,0.028686868026852608,0.1420000046491623,0.48080000281333923
YKR099W,YHR160C,0,-1.9593621,0.0286810752004385,0.1420000046491623,0.48089998960494995
YIL139C,YMR163C,0,-1.9598161,0.02867528237402439,0.1420000046491623,0.48100000619888306
YPR163C,YER027C,0,-1.9601502,0.02866949327290058,0.1420000046491623,0.4810999929904938
YDR044W,YFL047W,0,-1.960164,0.02866370603442192,0.1420000046491623,0.4812000095844269
YKR072C,YOR267C,0,-1.960569,0.02865792065858841,0.1420000046491623,0.4812999963760376
YBR058C,YGL021W,0,-1.9606165,0.028652139008045197,0.1420000046491623,0.4814000129699707
YPR055W,YBL021C,0,-1.9608337,0.028646359220147133,0.1420000046491623,0.4814999997615814
YIR037W,YOL010W,0,-1.9612646,0.02864058129489422,0.1420000046491623,0.48159998655319214
YAL041W,YFL037W,0,-1.9612719,0.028634805232286453,0.1420000046491623,0.48170000314712524
YKL045W,YLR467W,0,-1.9614459,0.028629032894968987,0.1420000046491623,0.48179998993873596
YKL206C,YJL034W,1,-1.961506,0.028824834153056145,0.14300000667572021,0.48179998993873596
YML091C,YEL020W-A,0,-1.961537,0.028819024562835693,0.14300000667572021,0.48190000653266907
YPL105C,YDL085W,0,-1.9615632,0.02881321869790554,0.14300000667572021,0.4819999933242798
YML052W,YDR414C,0,-1.9618093,0.028807412832975388,0.14300000667572021,0.4821000099182129
YPL186C,YKL006C-A,0,-1.9618686,0.028801610693335533,0.14300000667572021,0.4821999967098236
YIL070C,YNL242W,0,-1.9619123,0.028795812278985977,0.14300000667572021,0.4823000133037567
YPR043W,YBR024W,0,-1.9623843,0.02879001386463642,0.14300000667572021,0.48240000009536743
YOR247W,YPR035W,0,-1.9628052,0.028784219175577164,0.14300000667572021,0.48249998688697815
YOL155C,YLR268W,0,-1.9632431,0.028778426349163055,0.14300000667572021,0.48260000348091125
YNR053C,YDL217C,0,-1.9634701,0.028772635385394096,0.14300000667572021,0.482699990272522
YDR086C,YFR034C,0,-1.9635118,0.028766848146915436,0.14300000667572021,0.4828000068664551
YJR103W,YHL016C,0,-1.9641098,0.028761062771081924,0.14300000667572021,0.4828999936580658
YKL210W,YJR041C,0,-1.9647864,0.028755279257893562,0.14300000667572021,0.4830000102519989
YPL094C,YIL006W,0,-1.9649173,0.02874949760735035,0.14300000667572021,0.4830999970436096
YJR083C,YEL065W,0,-1.9649572,0.028743717819452286,0.14300000667572021,0.4832000136375427
YOR038C,YIL167W,0,-1.965434,0.02873794175684452,0.14300000667572021,0.48330000042915344
YHR061C,YCR010C,0,-1.965504,0.028732167556881905,0.14300000667572021,0.48339998722076416
YOR162C,YDR013W,0,-1.9658558,0.028726395219564438,0.14300000667572021,0.48350000381469727
YFR030W,YML081C-A,0,-1.9663578,0.02872062660753727,0.14300000667572021,0.483599990606308
YDL127W,YOL140W,0,-1.9663942,0.02871485985815525,0.14300000667572021,0.4837000072002411
YMR184W,YHR108W,1,-1.9670415,0.02890985831618309,0.14399999380111694,0.4837000072002411
YDR247W,YPL058C,0,-1.9670863,0.028904054313898087,0.14399999380111694,0.4837999939918518
YHR074W,YLR323C,0,-1.9672145,0.02889825403690338,0.14399999380111694,0.4839000105857849
YDR204W,YML100W,0,-1.9672146,0.028892455622553825,0.14399999380111694,0.48399999737739563
YHR056C,YPR021C,0,-1.9675785,0.02888665907084942,0.14399999380111694,0.48410001397132874
YER081W,YER017C,0,-1.9676067,0.02888086624443531,0.14399999380111694,0.48420000076293945
YIL011W,YCL016C,0,-1.9679304,0.02887507528066635,0.14399999380111694,0.48429998755455017
YDR375C,YOR004W,0,-1.9692533,0.02886928617954254,0.14399999380111694,0.4844000041484833
YPL176C,YFR052W,1,-1.9692742,0.029063940048217773,0.14499999582767487,0.4844000041484833
YBL091C-A,YNL006W,0,-1.9695563,0.029058115556836128,0.14499999582767487,0.484499990940094
YMR180C,YDR116C,0,-1.9697785,0.02905229479074478,0.14499999582767487,0.4846000075340271
YMR006C,YDL082W,0,-1.9699994,0.029046474024653435,0.14499999582767487,0.4846999943256378
YML097C,YCL025C,0,-1.9700772,0.029040656983852386,0.14499999582767487,0.4848000109195709
YGR258C,YJL178C,0,-1.9701201,0.029034841805696487,0.14499999582767487,0.48489999771118164
YGL098W,YKR057W,0,-1.9704473,0.029029028490185738,0.14499999582767487,0.48500001430511475
YHR135C,YBR092C,0,-1.9708775,0.029023218899965286,0.14499999582767487,0.48510000109672546
YJL165C,YLR251W,0,-1.9709256,0.029017411172389984,0.14499999582767487,0.4851999878883362
YHR205W,YOR297C,0,-1.9709415,0.02901160530745983,0.14499999582767487,0.4853000044822693
YKL052C,YER111C,0,-1.9709479,0.029005801305174828,0.14499999582767487,0.48539999127388
YLR312W-A,YJR065C,0,-1.9714047,0.028999999165534973,0.14499999582767487,0.4855000078678131
YOR059C,YMR289W,0,-1.9724276,0.028994200751185417,0.14499999582767487,0.48559999465942383
YPL146C,YGR118W,0,-1.9724883,0.02898840419948101,0.14499999582767487,0.48570001125335693
YDR204W,YLR440C,0,-1.9725739,0.028982609510421753,0.14499999582767487,0.48579999804496765
YHL025W,YOL126C,0,-1.9726645,0.028976818546652794,0.14499999582767487,0.48590001463890076
YLR079W,YOR091W,0,-1.9727165,0.028971029445528984,0.14499999582767487,0.4860000014305115
YDL040C,YLL008W,0,-1.9733218,0.028965242207050323,0.14499999582767487,0.4860999882221222
YFR024C-A,YLR092W,0,-1.973532,0.028959456831216812,0.14499999582767487,0.4862000048160553
YNL183C,YHR148W,0,-1.9736761,0.02895367331802845,0.14499999582767487,0.486299991607666
YBR022W,YAR035W,0,-1.9737675,0.028947893530130386,0.14499999582767487,0.4864000082015991
YOL121C,YNR008W,0,-1.973782,0.028942115604877472,0.14499999582767487,0.48649999499320984
YDR416W,YPL148C,0,-1.9742528,0.028936339542269707,0.14499999582767487,0.48660001158714294
YBL051C,YER046W,0,-1.9745637,0.02893056720495224,0.14499999582767487,0.48669999837875366
YMR257C,YIL130W,0,-1.9748774,0.028924794867634773,0.14499999582767487,0.4867999851703644
YJR150C,YDR501W,0,-1.9750639,0.028919026255607605,0.14499999582767487,0.4869000017642975
YIL120W,YGR184C,0,-1.9753214,0.028913259506225586,0.14499999582767487,0.4869999885559082
YMR039C,YJL026W,0,-1.9760507,0.028907496482133865,0.14499999582767487,0.4871000051498413
YDR002W,YCL052C,1,-1.976504,0.0291010569781065,0.1459999978542328,0.4871000051498413
YHR154W,YDR247W,0,-1.9769624,0.029095256701111794,0.1459999978542328,0.487199991941452
YBR082C,YIL046W,1,-1.9774474,0.029288703575730324,0.1469999998807907,0.487199991941452
YJL069C,YIL068C,0,-1.9775449,0.029282867908477783,0.1469999998807907,0.48730000853538513
YMR194W,YDR227W,0,-1.9778943,0.02927703596651554,0.1469999998807907,0.48739999532699585
YER090W,YKL182W,0,-1.9781238,0.029271205887198448,0.1469999998807907,0.48750001192092896
YDL171C,YLR394W,0,-1.9784485,0.029265379533171654,0.1469999998807907,0.4875999987125397
YDR353W,YLR039C,0,-1.9790561,0.02925955504179001,0.1469999998807907,0.4876999855041504
YDL003W,YDR107C,0,-1.9794832,0.029253730550408363,0.1469999998807907,0.4878000020980835
YPL234C,YNL314W,0,-1.97957,0.029247911646962166,0.1469999998807907,0.4878999888896942
YNL079C,YNL077W,0,-1.9796492,0.02924209274351597,0.1469999998807907,0.4880000054836273
YIL098C,YGR282C,0,-1.9810603,0.02923627756536007,0.1469999998807907,0.48809999227523804
YPR060C,YDR078C,0,-1.9810752,0.02923046238720417,0.1469999998807907,0.48820000886917114
YGR268C,YMR319C,0,-1.9811124,0.02922465279698372,0.1469999998807907,0.48829999566078186
YPL017C,YJR006W,0,-1.9811618,0.029218843206763268,0.1469999998807907,0.48840001225471497
YNL302C,YBR279W,0,-1.9812133,0.029213037341833115,0.1469999998807907,0.4884999990463257
YKL005C,YCL025C,0,-1.9815692,0.02920723147690296,0.1469999998807907,0.4885999858379364
YJR094W-A,YGR030C,0,-1.9815866,0.029201431199908257,0.1469999998807907,0.4887000024318695
YJR045C,YNL325C,0,-1.9816135,0.02919563092291355,0.1469999998807907,0.4887999892234802
YPL196W,YJL096W,0,-1.9821156,0.029189832508563995,0.1469999998807907,0.48890000581741333
YIL139C,YHR039C-A,0,-1.9823086,0.029184037819504738,0.1469999998807907,0.48899999260902405
YJL170C,YPL006W,0,-1.9824718,0.02917824499309063,0.1469999998807907,0.48910000920295715
YIL088C,YER117W,0,-1.9825114,0.02917245402932167,0.1469999998807907,0.48919999599456787
YCR096C,YPL280W,0,-1.9828973,0.02916666679084301,0.1469999998807907,0.489300012588501
YPR108W,YDR358W,1,-1.9832011,0.029359254986047745,0.14800000190734863,0.489300012588501
YDL078C,YOR032C,0,-1.9833559,0.0293534304946661,0.14800000190734863,0.4893999993801117
YER008C,YLL033W,0,-1.9834529,0.029347609728574753,0.14800000190734863,0.4894999861717224
YDR470C,YOR096W,0,-1.9834982,0.029341792687773705,0.14800000190734863,0.4896000027656555
YKL117W,YKL053C-A,0,-1.9838599,0.029335975646972656,0.14800000190734863,0.48969998955726624
YPR175W,YDL054C,0,-1.9838802,0.029330162331461906,0.14800000190734863,0.48980000615119934
YDR405W,YGL016W,0,-1.9838907,0.029324350878596306,0.14800000190734863,0.48989999294281006
YJL011C,YNR007C,0,-1.9847304,0.029318541288375854,0.14800000190734863,0.49000000953674316
YMR137C,YBR175W,0,-1.9850732,0.0293127354234457,0.14800000190734863,0.4900999963283539
YHR204W,YMR077C,1,-1.9854352,0.02950495108962059,0.14900000393390656,0.4900999963283539
YGR174C,YDR238C,0,-1.9855332,0.029499109834432602,0.14900000393390656,0.490200012922287
YMR292W,YPL131W,0,-1.9855491,0.029493270441889763,0.14900000393390656,0.4902999997138977
YLL055W,YLR004C,0,-1.9859184,0.029487432911992073,0.14900000393390656,0.4903999865055084
YIL046W,YFR052W,1,-1.9862834,0.02967946231365204,0.15000000596046448,0.4903999865055084
YBR050C,YOR079C,0,-1.9869295,0.029673591256141663,0.15000000596046448,0.49050000309944153
YPR173C,YOR308C,0,-1.9869567,0.029667722061276436,0.15000000596046448,0.49059998989105225
YNL027W,YIL101C,0,-1.9870023,0.02966185472905636,0.15000000596046448,0.49070000648498535
YOR175C,YIL143C,0,-1.987673,0.02965599112212658,0.15000000596046448,0.49079999327659607
YHR139C,YHR001W-A,0,-1.9878621,0.02965012937784195,0.15000000596046448,0.4909000098705292
YJL062W,YGL232W,0,-1.9883695,0.02964426949620247,0.15000000596046448,0.4909999966621399
YLL041C,YML086C,0,-1.9884493,0.029638411477208138,0.15000000596046448,0.491100013256073
YOR377W,YAL028W,0,-1.9887779,0.029632557183504105,0.15000000596046448,0.4912000000476837
YER089C,YDL227C,0,-1.9888164,0.02962670288980007,0.15000000596046448,0.49129998683929443
YDL091C,YBR054W,0,-1.9891977,0.029620852321386337,0.15000000596046448,0.49140000343322754
YGL136C,YDR496C,0,-1.9899362,0.0296150054782629,0.15000000596046448,0.49149999022483826
YDL055C,YDR388W,0,-1.989941,0.029609158635139465,0.15000000596046448,0.49160000681877136
YOR151C,YDR044W,0,-1.9899586,0.029603315517306328,0.15000000596046448,0.4916999936103821
YMR153W,YKL096W-A,0,-1.9903631,0.02959747426211834,0.15000000596046448,0.4918000102043152
YBR058C-A,YOL045W,0,-1.9905095,0.0295916348695755,0.15000000596046448,0.4918999969959259
YNL164C,YER087C-B,0,-1.9905127,0.02958579920232296,0.15000000596046448,0.492000013589859
YIL156W,YLR134W,0,-1.9907181,0.02957996539771557,0.15000000596046448,0.4921000003814697
YBR261C,YOR310C,0,-1.9914691,0.029574131593108177,0.15000000596046448,0.49219998717308044
YKR036C,YHR060W,0,-1.9914925,0.029568303376436234,0.15000000596046448,0.49230000376701355
YER088C,YNL133C,0,-1.9917516,0.02956247515976429,0.15000000596046448,0.49239999055862427
YNL278W,YGR083C,0,-1.9921939,0.029556650668382645,0.15000000596046448,0.4925000071525574
YDR127W,YMR182C,0,-1.992388,0.02955082803964615,0.15000000596046448,0.4925999939441681
YOR357C,YDR309C,0,-1.9930934,0.029545007273554802,0.15000000596046448,0.4927000105381012
YDR064W,YKL110C,0,-1.9932419,0.029539188370108604,0.15000000596046448,0.4927999973297119
YBR289W,YBL082C,0,-1.9932603,0.029533373191952705,0.15000000596046448,0.492900013923645
YGR268C,YGR083C,0,-1.9933046,0.029527559876441956,0.15000000596046448,0.49300000071525574
YKR102W,YOR353C,0,-1.9933952,0.029521748423576355,0.15000000596046448,0.49309998750686646
YCR039C,YGR113W,0,-1.9940206,0.029515938833355904,0.15000000596046448,0.49320000410079956
YFR030W,YML009C,0,-1.9941889,0.0295101311057806,0.15000000596046448,0.4932999908924103
YGL058W,YCL008C,1,-1.9944415,0.029701022431254387,0.1509999930858612,0.4932999908924103
YPR026W,YCL017C,0,-1.9944717,0.0296951811760664,0.1509999930858612,0.4934000074863434
YDR118W,YAL058W,1,-1.9944803,0.02988596074283123,0.15199999511241913,0.4934000074863434
YPR159W,YLR287C-A,0,-1.994511,0.029880085960030556,0.15199999511241913,0.4934999942779541
YDR424C,YDR091C,0,-1.9953777,0.02987421303987503,0.15199999511241913,0.4936000108718872
YLR017W,YNL026W,0,-1.9954172,0.029868343845009804,0.15199999511241913,0.4936999976634979
YLR214W,YOL093W,0,-1.9962267,0.029862474650144577,0.15199999511241913,0.49380001425743103
YOR127W,YDR263C,0,-1.9979094,0.02985660918056965,0.15199999511241913,0.49390000104904175
YGR208W,YPL098C,0,-1.9988731,0.02985074557363987,0.15199999511241913,0.49399998784065247
YKL081W,YBL007C,0,-1.9993407,0.02984488569200039,0.15199999511241913,0.49410000443458557
YLR389C,YIL130W,0,-1.9993489,0.02983902581036091,0.15199999511241913,0.4941999912261963
YHR037W,YBR196C,0,-1.9994816,0.029833169654011726,0.15199999511241913,0.4943000078201294
YCR026C,YKL132C,0,-1.9996073,0.029827315360307693,0.15199999511241913,0.4943999946117401
YKL095W,YIR031C,0,-1.9996141,0.02982146292924881,0.15199999511241913,0.4945000112056732
YER007C-A,YLR277C,0,-1.9997288,0.029815614223480225,0.15199999511241913,0.49459999799728394
YGL240W,YPL065W,1,-2.000646,0.030005883425474167,0.15299999713897705,0.49459999799728394
YLR324W,YCR046C,0,-2.0007548,0.029999999329447746,0.15299999713897705,0.49470001459121704
YBL034C,YGL030W,0,-2.0009587,0.029994118958711624,0.15299999713897705,0.49480000138282776
YOL032W,YDL164C,0,-2.0016947,0.02998824045062065,0.15299999713897705,0.4948999881744385
YDR003W,YCR098C,0,-2.0019398,0.029982363805174828,0.15299999713897705,0.4950000047683716
YJL025W,YBR146W,0,-2.0025594,0.029976489022374153,0.15299999713897705,0.4950999915599823
YER049W,YBL060W,0,-2.003137,0.029970617964863777,0.15299999713897705,0.4952000081539154
YJL079C,YNR007C,0,-2.0032144,0.0299647469073534,0.15299999713897705,0.4952999949455261
YOR046C,YHR172W,0,-2.0032275,0.029958879575133324,0.15299999713897705,0.49540001153945923
YER081W,YMR241W,0,-2.0035443,0.029953014105558395,0.15299999713897705,0.49549999833106995
YPL269W,YPL098C,0,-2.003588,0.029947152361273766,0.15299999713897705,0.49559998512268066
YIL034C,YML005W,0,-2.004174,0.029941292479634285,0.15299999713897705,0.49570000171661377
YGL206C,YJR103W,0,-2.004263,0.029935432597994804,0.15299999713897705,0.4957999885082245
YDR178W,YPR138C,0,-2.0043776,0.02992957830429077,0.15299999713897705,0.4959000051021576
YPL103C,YJL101C,0,-2.004689,0.02992372401058674,0.15299999713897705,0.4959999918937683
YOR317W,YGR244C,0,-2.0048776,0.029917871579527855,0.15299999713897705,0.4961000084877014
YBL063W,YNR032C-A,0,-2.0057468,0.02991202287375927,0.15299999713897705,0.49619999527931213
YAL010C,YIL124W,0,-2.0058897,0.029906176030635834,0.15299999713897705,0.49630001187324524
YOL086C,YOR319W,0,-2.0060654,0.029900332912802696,0.15299999713897705,0.49639999866485596
YDR530C,YBR061C,0,-2.0061333,0.02989448979496956,0.15299999713897705,0.4964999854564667
YLR330W,YJL026W,0,-2.006178,0.02988865040242672,0.15299999713897705,0.4966000020503998
YPR036W,YLL002W,0,-2.0062523,0.02988281287252903,0.15299999713897705,0.4966999888420105
YML047C,YDR150W,0,-2.006496,0.02987697720527649,0.15299999713897705,0.4968000054359436
YAR019C,YGR112W,0,-2.0065038,0.029871143400669098,0.15299999713897705,0.4968999922275543
YOR355W,YBR031W,0,-2.0067947,0.029865313321352005,0.15299999713897705,0.4970000088214874
YJR097W,YCL050C,0,-2.0069242,0.02985948510468006,0.15299999713897705,0.49709999561309814
YJR049C,YGL128C,0,-2.007314,0.029853658750653267,0.15299999713897705,0.49720001220703125
YLR189C,YPL004C,0,-2.0076702,0.02984783425927162,0.15299999713897705,0.49729999899864197
YBR176W,YLR106C,0,-2.007713,0.029842013493180275,0.15299999713897705,0.4973999857902527
YIR015W,YDR091C,0,-2.0080872,0.029836192727088928,0.15299999713897705,0.4975000023841858
YFR034C,YER127W,0,-2.0085738,0.02983037568628788,0.15299999713897705,0.4975999891757965
YOL155C,YIL143C,0,-2.0088103,0.02982456050813198,0.15299999713897705,0.4977000057697296
YDL029W,YIL120W,0,-2.0088577,0.02981874905526638,0.15299999713897705,0.49779999256134033
YPL137C,YAR015W,0,-2.0089166,0.02981293760240078,0.15299999713897705,0.49790000915527344
YBR058C-A,YGR264C,0,-2.009148,0.029807129874825478,0.15299999713897705,0.49799999594688416
YJR034W,YPL130W,0,-2.0093865,0.029801324009895325,0.15299999713897705,0.49810001254081726
YJR097W,YOL007C,0,-2.0093987,0.02979552000761032,0.15299999713897705,0.498199999332428
YDR449C,YLR323C,0,-2.0100152,0.029789719730615616,0.15299999713897705,0.4982999861240387
YOL139C,YGR113W,0,-2.0102687,0.02978392131626606,0.15299999713897705,0.4984000027179718
YAL021C,YMR307W,0,-2.010475,0.029778122901916504,0.15299999713897705,0.4984999895095825
YDR110W,YIL072W,0,-2.0107636,0.029772330075502396,0.15299999713897705,0.4986000061035156
YDR033W,YGL211W,0,-2.01105,0.029766537249088287,0.15299999713897705,0.49869999289512634
YDR059C,YMR136W,0,-2.011084,0.02976074628531933,0.15299999713897705,0.49880000948905945
YLR151C,YMR175W,0,-2.0119872,0.029754959046840668,0.15299999713897705,0.49889999628067017
YJR034W,YMR319C,0,-2.0121124,0.029749173671007156,0.15299999713897705,0.49900001287460327
YGL183C,YOR034C,0,-2.0125248,0.029743390157818794,0.15299999713897705,0.499099999666214
YEL006W,YGR120C,0,-2.0125546,0.02973760850727558,0.15299999713897705,0.4991999864578247
YPR149W,YHR154W,0,-2.0125659,0.029731830582022667,0.15299999713897705,0.4993000030517578
YLL018C-A,YLR359W,0,-2.0126762,0.0297260545194149,0.15299999713897705,0.49939998984336853
YKL183W,YBR128C,0,-2.0127192,0.029720280319452286,0.15299999713897705,0.49950000643730164
YDR285W,YIL128W,0,-2.0129611,0.02971450798213482,0.15299999713897705,0.49959999322891235
YMR056C,YIL137C,0,-2.013139,0.0297087375074625,0.15299999713897705,0.49970000982284546
YDL208W,YOR070C,0,-2.013298,0.029702970758080482,0.15299999713897705,0.4997999966144562
YLR014C,YER040W,0,-2.0134103,0.029697205871343613,0.15299999713897705,0.4999000132083893
YDR297W,YLR129W,0,-2.0137954,0.029691440984606743,0.15299999713897705,0.5
YHR154W,YMR318C,0,-2.013837,0.02968568168580532,0.15299999713897705,0.5001000165939331
YDR060W,YBR097W,0,-2.0140145,0.0296799223870039,0.15299999713897705,0.5001999735832214
YBR196C,YPR034W,0,-2.0141969,0.029674166813492775,0.15299999713897705,0.5002999901771545
YGR062C,YLR248W,0,-2.0142047,0.02966841123998165,0.15299999713897705,0.5004000067710876
YPL083C,YBR233W-A,0,-2.0151825,0.029662659391760826,0.15299999713897705,0.5005000233650208
YBR112C,YJR103W,0,-2.0153759,0.02965690940618515,0.15299999713897705,0.5005999803543091
YLR213C,YEL012W,0,-2.016191,0.029651163145899773,0.15299999713897705,0.5006999969482422
YPL233W,YHR117W,0,-2.0163558,0.029645416885614395,0.15299999713897705,0.5008000135421753
YOL132W,YHR036W,0,-2.0164287,0.029639674350619316,0.15299999713897705,0.5008999705314636
YGR285C,YBR251W,0,-2.016545,0.029633933678269386,0.15299999713897705,0.5009999871253967
YMR301C,YOR004W,0,-2.0165982,0.029628194868564606,0.15299999713897705,0.5011000037193298
YHR120W,YJR103W,0,-2.0167687,0.029622459784150124,0.15299999713897705,0.5012000203132629
YJL192C,YGL021W,0,-2.0168376,0.02961672469973564,0.15299999713897705,0.5012999773025513
YBL023C,YOL129W,0,-2.0169516,0.029610993340611458,0.15299999713897705,0.5013999938964844
YER070W,YLR440C,0,-2.0171995,0.029605263844132423,0.15299999713897705,0.5015000104904175
YER070W,YMR098C,0,-2.0173073,0.029599536210298538,0.15299999713897705,0.5016000270843506
YDR375C,YOR340C,0,-2.0175138,0.029593810439109802,0.15299999713897705,0.5016999840736389
YBR213W,YER055C,0,-2.0175517,0.029588086530566216,0.15299999713897705,0.501800000667572
YGR217W,YMR049C,0,-2.0177734,0.029582366347312927,0.15299999713897705,0.5019000172615051
YBL063W,YDL229W,0,-2.0181222,0.029576648026704788,0.15299999713897705,0.5019999742507935
YDR368W,YPL050C,0,-2.0184972,0.0295709315687418,0.15299999713897705,0.5020999908447266
YMR002W,YDR111C,0,-2.018541,0.029565216973423958,0.15299999713897705,0.5022000074386597
YKL010C,YLR010C,0,-2.0190787,0.029559506103396416,0.15299999713897705,0.5023000240325928
YOR084W,YMR301C,0,-2.019274,0.029553795233368874,0.15299999713897705,0.5023999810218811
YNL331C,YEL058W,0,-2.019294,0.02954808808863163,0.15299999713897705,0.5024999976158142
YDR044W,YOR239W,0,-2.0193686,0.029542382806539536,0.15299999713897705,0.5026000142097473
YML043C,YOR290C,0,-2.0197494,0.02953667938709259,0.15299999713897705,0.5026999711990356
YGL241W,YDR087C,0,-2.020549,0.029530977830290794,0.15299999713897705,0.5027999877929688
YJL130C,YDR087C,0,-2.0208535,0.029525279998779297,0.15299999713897705,0.5029000043869019
YIR018W,YGR220C,0,-2.0208786,0.02951958402991295,0.15299999713897705,0.503000020980835
YKL165C,YOR101W,0,-2.0216763,0.0295138880610466,0.15299999713897705,0.5030999779701233
YDR103W,YGL169W,0,-2.02189,0.02950819581747055,0.15299999713897705,0.5031999945640564
YJL162C,YML071C,0,-2.0220978,0.0295025072991848,0.15299999713897705,0.5033000111579895
YGR144W,YDR197W,0,-2.0225303,0.029496818780899048,0.15299999713897705,0.5034000277519226
YJL198W,YDR046C,0,-2.0225616,0.029491133987903595,0.15299999713897705,0.5034999847412109
YDR226W,YDL106C,0,-2.0225992,0.029485449194908142,0.15299999713897705,0.503600001335144
YNL240C,YKL089W,0,-2.0226953,0.029479768127202988,0.15299999713897705,0.5037000179290771
YJR147W,YIL156W,0,-2.0227716,0.029474088922142982,0.15299999713897705,0.5037999749183655
YKL080W,YDR407C,0,-2.023247,0.029468413442373276,0.15299999713897705,0.5038999915122986
YBR198C,YDR268W,0,-2.023681,0.02946273796260357,0.15299999713897705,0.5040000081062317
YOR192C,YGR223C,0,-2.023814,0.02945706620812416,0.15299999713897705,0.5041000247001648
YKR058W,YAL015C,0,-2.0241554,0.0294513963162899,0.15299999713897705,0.5041999816894531
YDR235W,YHR092C,0,-2.0245767,0.029445728287100792,0.15299999713897705,0.5042999982833862
YGR014W,YCR094W,0,-2.0247574,0.02944006212055683,0.15299999713897705,0.5044000148773193
YFR005C,YLR029C,0,-2.0247605,0.02943439781665802,0.15299999713897705,0.5044999718666077
YDR032C,YBL085W,0,-2.0248036,0.029428735375404358,0.15299999713897705,0.5045999884605408
YER070W,YNL131W,0,-2.0248117,0.029423076659440994,0.15299999713897705,0.5047000050544739
YGL196W,YGL173C,0,-2.0248437,0.02941741980612278,0.15299999713897705,0.504800021648407
YOR081C,YLR153C,0,-2.0250173,0.029411764815449715,0.15299999713897705,0.5048999786376953
YGL206C,YOR180C,0,-2.025226,0.0294061116874218,0.15299999713897705,0.5049999952316284
YDR080W,YNL016W,0,-2.0253057,0.029400460422039032,0.15299999713897705,0.5051000118255615
YKL087C,YLR106C,0,-2.025678,0.029394812881946564,0.15299999713897705,0.5052000284194946
YDL033C,YJL109C,0,-2.025712,0.029389167204499245,0.15299999713897705,0.505299985408783
YLR099C,YPR086W,0,-2.0257416,0.029383521527051926,0.15299999713897705,0.5054000020027161
YBR233W-A,YPL122C,0,-2.025765,0.029377879574894905,0.15299999713897705,0.5055000185966492
YNL328C,YDL117W,0,-2.026303,0.029372239485383034,0.15299999713897705,0.5055999755859375
YDR003W,YKR095W,0,-2.0264945,0.02936660312116146,0.15299999713897705,0.5056999921798706
YIL084C,YEL021W,0,-2.026523,0.029360966756939888,0.15299999713897705,0.5058000087738037
YKL085W,YPR138C,0,-2.026884,0.029355334118008614,0.15299999713897705,0.5059000253677368
YKL087C,YIL173W,0,-2.0274649,0.02934970334172249,0.15299999713897705,0.5059999823570251
YOR193W,YMR220W,0,-2.027667,0.029344074428081512,0.15299999713897705,0.5060999989509583
YDR363W-A,YML013W,1,-2.02768,0.029530201107263565,0.15399999916553497,0.5060999989509583
YGL259W,YPL186C,0,-2.0277004,0.029524540528655052,0.15399999916553497,0.5062000155448914
YLR377C,YDR169C,0,-2.0278487,0.02951887995004654,0.15399999916553497,0.5062999725341797
YPL209C,YML011C,0,-2.028092,0.029513223096728325,0.15399999916553497,0.5063999891281128
YDR375C,YNR072W,0,-2.0281632,0.02950756810605526,0.15399999916553497,0.5065000057220459
YBR114W,YMR269W,0,-2.028476,0.029501914978027344,0.15399999916553497,0.506600022315979
YJL089W,YJL140W,0,-2.0287125,0.029496265575289726,0.15399999916553497,0.5066999793052673
YPL215W,YLR234W,0,-2.028757,0.02949061617255211,0.15399999916553497,0.5067999958992004
YML043C,YEL002C,0,-2.0287862,0.02948497049510479,0.15399999916553497,0.5069000124931335
YJL035C,YML057W,0,-2.0292003,0.02947932668030262,0.15399999916553497,0.5070000290870667
YPR167C,YCL034W,0,-2.029238,0.0294736847281456,0.15399999916553497,0.507099986076355
YDR529C,YJR132W,0,-2.0292766,0.029468044638633728,0.15399999916553497,0.5072000026702881
YFR034C,YPR188C,0,-2.0293329,0.029462406411767006,0.15399999916553497,0.5073000192642212
YBL093C,YLL024C,0,-2.0293343,0.029456771910190582,0.15399999916553497,0.5073999762535095
YDL019C,YPL254W,0,-2.0301821,0.02945113740861416,0.15399999916553497,0.5074999928474426
YDL200C,YGL236C,0,-2.0305414,0.029445506632328033,0.15399999916553497,0.5076000094413757
YKL024C,YOL080C,0,-2.0308728,0.029439877718687057,0.15399999916553497,0.5077000260353088
YMR009W,YHR149C,0,-2.0310209,0.02943425066769123,0.15399999916553497,0.5077999830245972
YFL004W,YJL060W,0,-2.031669,0.029428625479340553,0.15399999916553497,0.5078999996185303
YPR156C,YHR017W,0,-2.0317314,0.029423004016280174,0.15399999916553497,0.5080000162124634
YGL194C,YOR150W,0,-2.0317743,0.029417382553219795,0.15399999916553497,0.5080999732017517
YGL167C,YPR005C,0,-2.0318136,0.029411764815449715,0.15399999916553497,0.5081999897956848
YOL129W,YJR134C,0,-2.0318913,0.029406148940324783,0.15399999916553497,0.5083000063896179
YLL011W,YDR229W,0,-2.0320835,0.029400534927845,0.15399999916553497,0.508400022983551
YDR044W,YER002W,0,-2.0325768,0.02939492277801037,0.15399999916553497,0.5084999799728394
YDR107C,YOL067C,0,-2.0333312,0.029389312490820885,0.15399999916553497,0.5085999965667725
YDR436W,YGR246C,0,-2.0336864,0.0293837059289217,0.15399999916553497,0.5087000131607056
YOL149W,YBL064C,0,-2.0337434,0.029378099367022514,0.15399999916553497,0.5088000297546387
YGL053W,YLR151C,0,-2.0340455,0.029372496530413628,0.15399999916553497,0.508899986743927
YMR180C,YKR028W,0,-2.0340612,0.02936689555644989,0.15399999916553497,0.5090000033378601
YMR004W,YOR355W,0,-2.0343943,0.029361296445131302,0.15399999916553497,0.5091000199317932
YOL125W,YOR092W,0,-2.0344198,0.029355699196457863,0.15399999916553497,0.5091999769210815
YDL102W,YDL142C,0,-2.0346649,0.029350105673074722,0.15399999916553497,0.5092999935150146
YPR035W,YNR052C,0,-2.0349247,0.02934451214969158,0.15399999916553497,0.5094000101089478
YDL078C,YGL049C,0,-2.0351012,0.02933892235159874,0.15399999916553497,0.5095000267028809
YDL061C,YHR148W,0,-2.0351422,0.029333332553505898,0.15399999916553497,0.5095999836921692
YPL106C,YHR175W,0,-2.035164,0.029327746480703354,0.15399999916553497,0.5097000002861023
YOR179C,YGR292W,0,-2.0351677,0.02932216227054596,0.15399999916553497,0.5098000168800354
YKL173W,YHR014W,0,-2.0355792,0.029316581785678864,0.15399999916553497,0.5098999738693237
YGL119W,YOL155C,0,-2.0356014,0.029311001300811768,0.15399999916553497,0.5099999904632568
YKL001C,YDL084W,0,-2.0357728,0.02930542267858982,0.15399999916553497,0.5101000070571899
YKR035W-A,YER056C-A,0,-2.0358276,0.029299847781658173,0.15399999916553497,0.510200023651123
YBR061C,YIL109C,0,-2.035863,0.029294274747371674,0.15399999916553497,0.5102999806404114
YDR453C,YOL117W,0,-2.036049,0.029288703575730324,0.15399999916553497,0.5103999972343445
YLR377C,YLR130C,0,-2.0360727,0.029283134266734123,0.15399999916553497,0.5105000138282776
YIL011W,YOR271C,0,-2.036197,0.029277566820383072,0.15399999916553497,0.5105999708175659
YJR089W,YLR304C,0,-2.036295,0.02927200123667717,0.15399999916553497,0.510699987411499
YDR146C,YOR219C,0,-2.0364344,0.029266439378261566,0.15399999916553497,0.5108000040054321
YJL168C,YEL069C,0,-2.0367758,0.029260877519845963,0.15399999916553497,0.5109000205993652
YDL039C,YDR347W,0,-2.0371814,0.029255319386720657,0.15399999916553497,0.5109999775886536
YHL006C,YKR072C,0,-2.0373461,0.0292497631162405,0.15399999916553497,0.5110999941825867
YLR193C,YMR017W,0,-2.0378058,0.029244208708405495,0.15399999916553497,0.5112000107765198
YDR120C,YPR182W,0,-2.0379832,0.029238656163215637,0.15399999916553497,0.5113000273704529
YNL314W,YPR034W,0,-2.0380325,0.02923310548067093,0.15399999916553497,0.5113999843597412
YDR494W,YDR263C,0,-2.0387454,0.02922755666077137,0.15399999916553497,0.5115000009536743
YKL195W,YOL121C,0,-2.0388901,0.02922201156616211,0.15399999916553497,0.5116000175476074
YDR159W,YOL007C,0,-2.0396004,0.029216468334197998,0.15399999916553497,0.5116999745368958
YDR100W,YEL036C,0,-2.039606,0.029210925102233887,0.15399999916553497,0.5117999911308289
YNL311C,YFR052W,1,-2.0399468,0.029395030811429024,0.1550000011920929,0.5117999911308289
YJL208C,YDR320C-A,0,-2.0403497,0.029389457777142525,0.1550000011920929,0.511900007724762
YBR069C,YGL028C,0,-2.0404549,0.029383886605501175,0.1550000011920929,0.5120000243186951
YGR061C,YKR100C,0,-2.0405064,0.029378317296504974,0.1550000011920929,0.5120999813079834
YBL011W,YMR165C,0,-2.0406675,0.029372749850153923,0.1550000011920929,0.5121999979019165
YJR112W,YBR274W,0,-2.040721,0.02936718426644802,0.1550000011920929,0.5123000144958496
YJL056C,YDR322W,0,-2.0408533,0.029361622408032417,0.1550000011920929,0.5123999714851379
YAR018C,YDR014W,0,-2.0409641,0.029356060549616814,0.1550000011920929,0.512499988079071
YER145C,YGL059W,0,-2.04179,0.02935050241649151,0.1550000011920929,0.5126000046730042
YLR329W,YGR193C,0,-2.0425363,0.029344944283366203,0.1550000011920929,0.5127000212669373
YDR170C,YDR240C,0,-2.0425363,0.029339389875531197,0.1550000011920929,0.5127999782562256
YML101C,YMR101C,0,-2.0426617,0.02933383733034134,0.1550000011920929,0.5128999948501587
YDR418W,YDR359C,0,-2.042851,0.02932828851044178,0.1550000011920929,0.5130000114440918
YJL073W,YNL008C,1,-2.0428708,0.029511917382478714,0.15600000321865082,0.5130000114440918
YAL058W,YML092C,1,-2.0430248,0.029695479199290276,0.15700000524520874,0.5130000114440918
YGL016W,YIL021W,0,-2.0436416,0.029689863324165344,0.15700000524520874,0.5131000280380249
YAL041W,YNR038W,0,-2.0437238,0.02968425117433071,0.15700000524520874,0.5131999850273132
YKR054C,YDR190C,0,-2.044519,0.02967863902449608,0.15700000524520874,0.5133000016212463
YIL033C,YKR044W,0,-2.0446568,0.029673030599951744,0.15700000524520874,0.5134000182151794
YBR037C,YIR017C,0,-2.0449579,0.02966742217540741,0.15700000524520874,0.5134999752044678
YKL014C,YPL001W,0,-2.0452642,0.029661817476153374,0.15700000524520874,0.5135999917984009
YKR052C,YFL038C,0,-2.0454853,0.029656214639544487,0.15700000524520874,0.513700008392334
YAL011W,YGL186C,0,-2.0455966,0.02965061366558075,0.15700000524520874,0.5138000249862671
YNL290W,YDL246C,0,-2.045635,0.02964501455426216,0.15700000524520874,0.5138999819755554
YBR050C,YGL241W,0,-2.0460622,0.02963941916823387,0.15700000524520874,0.5139999985694885
YPL130W,YDR423C,0,-2.0461073,0.02963382378220558,0.15700000524520874,0.5141000151634216
YER093C,YDR256C,0,-2.046275,0.02962823212146759,0.15700000524520874,0.51419997215271
YBR150C,YGR060W,0,-2.0463927,0.029622642323374748,0.15700000524520874,0.5142999887466431
YOR025W,YNR017W,0,-2.0465853,0.029617052525281906,0.15700000524520874,0.5144000053405762
YDL166C,YBR240C,0,-2.0466077,0.029611466452479362,0.15700000524520874,0.5145000219345093
YJR134C,YPL121C,0,-2.047489,0.029605884104967117,0.15700000524520874,0.5145999789237976
YDL007W,YFL049W,1,-2.047542,0.02978883869946003,0.15800000727176666,0.5145999789237976
YER093C,YBR240C,0,-2.0479062,0.0297832228243351,0.15800000727176666,0.5146999955177307
YKL006W,YER061C,0,-2.0485091,0.029777610674500465,0.15800000727176666,0.5148000121116638
YER174C,YGL195W,0,-2.0487401,0.029771998524665833,0.15800000727176666,0.5149000287055969
YEL070W,YIL005W,0,-2.0489004,0.029766390100121498,0.15800000727176666,0.5149999856948853
YER044C,YNR059W,0,-2.0489633,0.029760783538222313,0.15800000727176666,0.5151000022888184
YDR268W,YER060W-A,0,-2.049181,0.029755178838968277,0.15800000727176666,0.5152000188827515
YGL030W,YLR188W,0,-2.0492995,0.02974957600235939,0.15800000727176666,0.5152999758720398
YBL031W,YNL070W,0,-2.0496454,0.029743975028395653,0.15800000727176666,0.5153999924659729
YJR158W,YGL025C,0,-2.0499551,0.029738377779722214,0.15800000727176666,0.515500009059906
YMR080C,YGL093W,0,-2.0500064,0.029732780531048775,0.15800000727176666,0.5156000256538391
YPL027W,YDR067C,0,-2.0502434,0.029727187007665634,0.15800000727176666,0.5156999826431274
YJR155W,YDR377W,0,-2.0504105,0.029721595346927643,0.15800000727176666,0.5157999992370605
YJR145C,YCL059C,0,-2.050941,0.0297160055488348,0.15800000727176666,0.5159000158309937
YLR141W,YAL056W,0,-2.051029,0.029710417613387108,0.15800000727176666,0.515999972820282
YDR524C,YDR135C,0,-2.0512815,0.029704831540584564,0.15800000727176666,0.5160999894142151
YJR147W,YJR075W,0,-2.051705,0.02969924733042717,0.15800000727176666,0.5162000060081482
YHR067W,YOL030W,0,-2.05202,0.029693666845560074,0.15800000727176666,0.5163000226020813
YML125C,YIL006W,0,-2.0522733,0.029688086360692978,0.15800000727176666,0.5163999795913696
YPL017C,YBL103C,0,-2.0523407,0.02968250960111618,0.15800000727176666,0.5164999961853027
YIR036C,YDL143W,0,-2.052764,0.029676934704184532,0.15800000727176666,0.5166000127792358
YCR105W,YMR005W,0,-2.0529246,0.029671361669898033,0.15800000727176666,0.516700029373169
YGR099W,YBR196C,0,-2.053029,0.029665790498256683,0.15800000727176666,0.5167999863624573
YDL136W,YDR007W,0,-2.053243,0.029660221189260483,0.15800000727176666,0.5169000029563904
YNL077W,YKL013C,0,-2.0536761,0.02965465374290943,0.15800000727176666,0.5170000195503235
YNL307C,YPL001W,0,-2.0541296,0.02964909002184868,0.15800000727176666,0.5170999765396118
YKL094W,YGR208W,0,-2.0541506,0.029643526300787926,0.15800000727176666,0.5171999931335449
YGL240W,YOR261C,1,-2.0544512,0.029825549572706223,0.1589999943971634,0.5171999931335449
YCR020C,YJL173C,0,-2.0544732,0.029819954186677933,0.1589999943971634,0.517300009727478
YGL155W,YJL219W,0,-2.0545323,0.02981436252593994,0.1589999943971634,0.5174000263214111
YAL011W,YDR281C,0,-2.054634,0.02980877459049225,0.1589999943971634,0.5174999833106995
YHL016C,YPR083W,0,-2.0548863,0.029803186655044556,0.1589999943971634,0.5175999999046326
YFR034C,YPR162C,0,-2.0553787,0.029797600582242012,0.1589999943971634,0.5177000164985657
YJR108W,YPL135W,0,-2.055728,0.029792018234729767,0.1589999943971634,0.517799973487854
YBR156C,YER027C,0,-2.0560074,0.02978643774986267,0.1589999943971634,0.5178999900817871
YMR059W,YLR086W,0,-2.0566716,0.029780857264995575,0.1589999943971634,0.5180000066757202
YBR276C,YJR150C,0,-2.0571191,0.029775280505418777,0.1589999943971634,0.5181000232696533
YJR034W,YEL015W,0,-2.057342,0.02976970560848713,0.1589999943971634,0.5181999802589417
YHL004W,YLR304C,0,-2.0575228,0.02976413257420063,0.1589999943971634,0.5182999968528748
YOR301W,YLR382C,0,-2.0575554,0.02975856326520443,0.1589999943971634,0.5184000134468079
YDL210W,YOR212W,0,-2.057611,0.02975299395620823,0.1589999943971634,0.5184999704360962
YPR043W,YOR138C,0,-2.0578673,0.029747428372502327,0.1589999943971634,0.5185999870300293
YJL212C,YHR056C,0,-2.0583687,0.029741862788796425,0.1589999943971634,0.5187000036239624
YPR055W,YGL021W,0,-2.0585096,0.02973630093038082,0.1589999943971634,0.5188000202178955
YIL130W,YJL157C,0,-2.0585847,0.029730740934610367,0.1589999943971634,0.5188999772071838
YML021C,YLR350W,0,-2.0586073,0.02972518280148506,0.1589999943971634,0.5189999938011169
YDL171C,YPR152C,0,-2.0591605,0.029719626531004906,0.1589999943971634,0.51910001039505
YLR450W,YBL098W,0,-2.0592008,0.0297140721231699,0.1589999943971634,0.5192000269889832
YLR093C,YBR029C,0,-2.0592322,0.02970851957798004,0.1589999943971634,0.5192999839782715
YPR173C,YBR005W,0,-2.0595217,0.029702970758080482,0.1589999943971634,0.5194000005722046
YBL024W,YLR451W,0,-2.060169,0.029697421938180923,0.1589999943971634,0.5195000171661377
YIL026C,YBR061C,0,-2.0604706,0.029691876843571663,0.1589999943971634,0.519599974155426
YDL003W,YER178W,0,-2.0608377,0.02968633361160755,0.1589999943971634,0.5196999907493591
YBR295W,YOR353C,0,-2.0610018,0.02968079224228859,0.1589999943971634,0.5198000073432922
YPL233W,YNR030W,0,-2.061046,0.029675252735614777,0.1589999943971634,0.5199000239372253
YDL205C,YOL028C,0,-2.06177,0.029669715091586113,0.1589999943971634,0.5199999809265137
YJR042W,YNL029C,0,-2.0622985,0.0296641793102026,0.1589999943971634,0.5200999975204468
YOL125W,YLR106C,0,-2.062852,0.029658645391464233,0.1589999943971634,0.5202000141143799
YFL041W,YGL232W,0,-2.063213,0.029653115198016167,0.1589999943971634,0.5202999711036682
YJL162C,YLR118C,0,-2.0638123,0.0296475850045681,0.1589999943971634,0.5203999876976013
YPL176C,YDR177W,1,-2.0638452,0.02982848696410656,0.1599999964237213,0.5203999876976013
YNL322C,YGR075C,0,-2.0642645,0.029822926968336105,0.1599999964237213,0.5205000042915344
YHL003C,YBL008W,0,-2.0643654,0.0298173688352108,0.1599999964237213,0.5206000208854675
YDR108W,YDR087C,0,-2.0649188,0.029811812564730644,0.1599999964237213,0.5206999778747559
YHR143W,YNL073W,0,-2.0651596,0.029806260019540787,0.1599999964237213,0.520799994468689
YDR500C,YIR023W,0,-2.0652044,0.02980070747435093,0.1599999964237213,0.5209000110626221
YFL061W,YIL005W,0,-2.0652478,0.02979515865445137,0.1599999964237213,0.5210000276565552
YNL145W,YAL043C,0,-2.066392,0.02978961169719696,0.1599999964237213,0.5210999846458435
YIR023W,YGR080W,0,-2.0667186,0.02978406473994255,0.1599999964237213,0.5212000012397766
YOR182C,YLR268W,0,-2.0667982,0.02977852150797844,0.1599999964237213,0.5213000178337097
YJL005W,YDR083W,0,-2.0669136,0.029772980138659477,0.1599999964237213,0.521399974822998
YIR012W,YDR478W,0,-2.0671625,0.029767442494630814,0.1599999964237213,0.5214999914169312
YOR018W,YDR304C,0,-2.0672057,0.02976190485060215,0.1599999964237213,0.5216000080108643
YBL091C-A,YLR067C,0,-2.0674574,0.029756369069218636,0.1599999964237213,0.5217000246047974
YKR035W-A,YDL138W,0,-2.0676236,0.02975083701312542,0.1599999964237213,0.5217999815940857
YDL003W,YGL195W,0,-2.0677578,0.029745304957032204,0.1599999964237213,0.5218999981880188
YHR036W,YDR347W,0,-2.0683439,0.029739776626229286,0.1599999964237213,0.5220000147819519
YOR084W,YMR285C,0,-2.0688133,0.029734250158071518,0.1599999964237213,0.5220999717712402
YBL017C,YPR200C,0,-2.0688226,0.0297287255525589,0.1599999964237213,0.5221999883651733
YAR031W,YDR404C,0,-2.0700753,0.02972320280969143,0.1599999964237213,0.5223000049591064
YDR075W,YHR082C,0,-2.0701044,0.02971768192946911,0.1599999964237213,0.5224000215530396
YFR036W,YOR259C,1,-2.070288,0.029897864907979965,0.16099999845027924,0.5224000215530396
YNR011C,YNR030W,0,-2.0713022,0.029892314225435257,0.16099999845027924,0.5224999785423279
YOR380W,YOR373W,0,-2.071361,0.02988676354289055,0.16099999845027924,0.522599995136261
YJL048C,YDR054C,1,-2.0714467,0.03006681427359581,0.16200000047683716,0.522599995136261
YMR179W,YMR237W,0,-2.071448,0.030061235651373863,0.16200000047683716,0.5227000117301941
YJL194W,YJR160C,0,-2.071528,0.030055658891797066,0.16200000047683716,0.5228000283241272
YJR097W,YJL208C,0,-2.0715969,0.030050083994865417,0.16200000047683716,0.5228999853134155
YOR313C,YMR171C,0,-2.0716977,0.03004451096057892,0.16200000047683716,0.5230000019073486
YOL096C,YIL173W,0,-2.0718467,0.03003893978893757,0.16200000047683716,0.5231000185012817
YDR212W,YHR046C,0,-2.0720813,0.030033370479941368,0.16200000047683716,0.5231999754905701
YER155C,YMR040W,0,-2.0721636,0.030027803033590317,0.16200000047683716,0.5232999920845032
YBR058C-A,YPL091W,0,-2.0724072,0.030022239312529564,0.16200000047683716,0.5234000086784363
YNL325C,YFL056C,0,-2.0724099,0.03001667559146881,0.16200000047683716,0.5235000252723694
YDR507C,YOR334W,0,-2.0730944,0.030011115595698357,0.16200000047683716,0.5235999822616577
YAL051W,YGR204W,0,-2.0732267,0.03000555746257305,0.16200000047683716,0.5236999988555908
YGR070W,YDL235C,0,-2.0736756,0.029999999329447746,0.16200000047683716,0.5238000154495239
YOL124C,YHL038C,0,-2.0738583,0.02999444492161274,0.16200000047683716,0.5238999724388123
YPR019W,YOR180C,0,-2.0745149,0.029988892376422882,0.16200000047683716,0.5239999890327454
YER015W,YDL047W,0,-2.0751507,0.029983341693878174,0.16200000047683716,0.5241000056266785
YDR345C,YER112W,0,-2.0756805,0.029977794736623764,0.16200000047683716,0.5242000222206116
YIL052C,YGL238W,0,-2.0757017,0.029972247779369354,0.16200000047683716,0.5242999792098999
YGR002C,YIR012W,0,-2.0760274,0.029966704547405243,0.16200000047683716,0.524399995803833
YIR025W,YMR276W,1,-2.0760937,0.030146107077598572,0.16300000250339508,0.524399995803833
YKL150W,YJR052W,0,-2.076206,0.030140532180666924,0.16300000250339508,0.5245000123977661
YKL103C,YDR059C,0,-2.0769286,0.030134961009025574,0.16300000250339508,0.5246000289916992
YDR101C,YBL060W,0,-2.077527,0.030129389837384224,0.16300000250339508,0.5246999859809875
YPL172C,YCR054C,0,-2.0776026,0.030123822391033173,0.16300000250339508,0.5248000025749207
YJL106W,YBR023C,0,-2.0780067,0.03011825494468212,0.16300000250339508,0.5249000191688538
YKR104W,YDL028C,0,-2.078063,0.03011269122362137,0.16300000250339508,0.5249999761581421
YDR404C,YMR284W,0,-2.0782275,0.030107129365205765,0.16300000250339508,0.5250999927520752
YLR214W,YLL035W,0,-2.0782828,0.03010156936943531,0.16300000250339508,0.5252000093460083
YGL144C,YLR276C,0,-2.0782835,0.030096011236310005,0.16300000250339508,0.5253000259399414
YOR049C,YML076C,0,-2.0792325,0.030090456828475,0.16300000250339508,0.5253999829292297
YGR003W,YPL176C,1,-2.0793421,0.030269471928477287,0.164000004529953,0.5253999829292297
YJR001W,YLR451W,0,-2.0793943,0.030263885855674744,0.164000004529953,0.5254999995231628
YPL093W,YIL145C,0,-2.0794911,0.0302583035081625,0.164000004529953,0.525600016117096
YPR152C,YGR113W,0,-2.079504,0.030252721160650253,0.164000004529953,0.5256999731063843
YOR353C,YPR154W,0,-2.080255,0.030247140675783157,0.164000004529953,0.5257999897003174
YLR015W,YKL109W,0,-2.0806334,0.03024156391620636,0.164000004529953,0.5259000062942505
YLR055C,YDR280W,0,-2.0806417,0.03023598901927471,0.164000004529953,0.5260000228881836
YER005W,YLR270W,0,-2.0811114,0.030230414122343063,0.164000004529953,0.5260999798774719
YKL064W,YPR106W,0,-2.0817564,0.030224842950701714,0.164000004529953,0.526199996471405
YGR020C,YGR179C,0,-2.081921,0.030219273641705513,0.164000004529953,0.5263000130653381
YBL008W,YJR041C,0,-2.0820866,0.03021370619535446,0.164000004529953,0.5264000296592712
YHR111W,YLR010C,0,-2.0821493,0.03020814061164856,0.164000004529953,0.5264999866485596
YDR358W,YBR173C,1,-2.0821862,0.03038674034178257,0.16500000655651093,0.5264999866485596
YFR036W,YPL176C,1,-2.082359,0.030565273016691208,0.16599999368190765,0.5264999866485596
YDR301W,YBR155W,0,-2.0823903,0.03055964596569538,0.16599999368190765,0.5266000032424927
YOR216C,YNL310C,0,-2.082798,0.030554022639989853,0.16599999368190765,0.5267000198364258
YIL019W,YGR094W,0,-2.0830786,0.030548399314284325,0.16599999368190765,0.5267999768257141
YMR207C,YKL056C,0,-2.0830913,0.030542777851223946,0.16599999368190765,0.5268999934196472
YIL123W,YGR120C,0,-2.0831122,0.030537160113453865,0.16599999368190765,0.5270000100135803
YMR184W,YCL008C,1,-2.0834205,0.030715467408299446,0.16699999570846558,0.5270000100135803
YDR463W,YPL280W,0,-2.0834346,0.030709819868206978,0.16699999570846558,0.5271000266075134
YMR284W,YDL231C,0,-2.0842712,0.03070417419075966,0.16699999570846558,0.5271999835968018
YAL054C,YKR002W,0,-2.0846221,0.03069852851331234,0.16699999570846558,0.5273000001907349
YHR082C,YKR038C,0,-2.0848618,0.03069288656115532,0.16699999570846558,0.527400016784668
YDR345C,YMR006C,0,-2.084893,0.030687246471643448,0.16699999570846558,0.5274999737739563
YNL138W,YGL251C,0,-2.0849183,0.030681610107421875,0.16699999570846558,0.5275999903678894
YGL249W,YHR057C,0,-2.0849867,0.030675973743200302,0.16699999570846558,0.5277000069618225
YMR312W,YLR452C,0,-2.0855505,0.03067033924162388,0.16699999570846558,0.5278000235557556
YGL063W,YHR012W,0,-2.085579,0.030664708465337753,0.16699999570846558,0.527899980545044
YGR004W,YLR390W-A,0,-2.0857918,0.030659077689051628,0.16699999570846558,0.527999997138977
YKL096W-A,YJL173C,0,-2.0859935,0.0306534506380558,0.16699999570846558,0.5281000137329102
YHL036W,YNL036W,0,-2.086026,0.030647825449705124,0.16699999570846558,0.5281999707221985
YBR065C,YPL063W,0,-2.086114,0.030642202123999596,0.16699999570846558,0.5282999873161316
YLR059C,YPL202C,0,-2.0862076,0.030636580660939217,0.16699999570846558,0.5284000039100647
YNR016C,YPR054W,0,-2.0863082,0.030630961060523987,0.16699999570846558,0.5285000205039978
YDL141W,YGR200C,0,-2.0863605,0.030625343322753906,0.16699999570846558,0.5285999774932861
YLR016C,YDL215C,0,-2.0864413,0.030619729310274124,0.16699999570846558,0.5286999940872192
YLR043C,YJR150C,0,-2.0864491,0.030614115297794342,0.16699999570846558,0.5288000106811523
YMR173W,YDL149W,0,-2.0868683,0.03060850501060486,0.16699999570846558,0.5289000272750854
YLR068W,YBR049C,0,-2.0893028,0.030602894723415375,0.16699999570846558,0.5289999842643738
YKR085C,YLR263W,0,-2.0893717,0.03059728816151619,0.16699999570846558,0.5291000008583069
YLR371W,YPL144W,0,-2.0894723,0.030591683462262154,0.16699999570846558,0.52920001745224
YKL009W,YNR022C,0,-2.089475,0.030586080625653267,0.16699999570846558,0.5292999744415283
YGR193C,YBR054W,0,-2.0896187,0.03058047965168953,0.16699999570846558,0.5293999910354614
YPR111W,YIL173W,0,-2.089625,0.03057488054037094,0.16699999570846558,0.5295000076293945
YKL058W,YHR164C,0,-2.0901654,0.03056928515434265,0.16699999570846558,0.5296000242233276
YAL026C,YDR004W,0,-2.0902803,0.03056368976831436,0.16699999570846558,0.529699981212616
YEL032W,YDR169C,0,-2.0903802,0.03055809624493122,0.16699999570846558,0.5297999978065491
YGL068W,YHR206W,0,-2.0904968,0.03055250644683838,0.16699999570846558,0.5299000144004822
YDR483W,YJL071W,0,-2.0906131,0.030546918511390686,0.16699999570846558,0.5299999713897705
YLR025W,YAL058W,1,-2.0907695,0.030724214389920235,0.1679999977350235,0.5299999713897705
YBR248C,YLR396C,0,-2.090897,0.030718596652150154,0.1679999977350235,0.5300999879837036
YHR171W,YHR186C,0,-2.0909026,0.030712980777025223,0.1679999977350235,0.5302000045776367
YPL223C,YLR403W,0,-2.09097,0.03070736676454544,0.1679999977350235,0.5303000211715698
YHR023W,YJR052W,0,-2.0915823,0.030701754614710808,0.1679999977350235,0.5303999781608582
YMR234W,YGR225W,0,-2.0918448,0.030696144327521324,0.1679999977350235,0.5304999947547913
YKL203C,YOR049C,0,-2.091933,0.03069053776562214,0.1679999977350235,0.5306000113487244
YGR178C,YAL013W,0,-2.0922403,0.030684931203722954,0.1679999977350235,0.5307000279426575
YKL081W,YLR088W,0,-2.0923755,0.030679328367114067,0.1679999977350235,0.5307999849319458
YKL015W,YGL021W,0,-2.0925953,0.03067372739315033,0.1679999977350235,0.5309000015258789
YJL073W,YER143W,1,-2.0931077,0.030850674957036972,0.16899999976158142,0.5309000015258789
YGL089C,YKR014C,0,-2.0939038,0.030845044180750847,0.16899999976158142,0.531000018119812
YMR131C,YOL042W,0,-2.0941412,0.03083941526710987,0.16899999976158142,0.5310999751091003
YBR162W-A,YPL119C,0,-2.0942078,0.030833790078759193,0.16899999976158142,0.5311999917030334
YOR155C,YDL040C,0,-2.0943599,0.030828164890408516,0.16899999976158142,0.5313000082969666
YPL002C,YAL058W,1,-2.094381,0.031004924327135086,0.17000000178813934,0.5313000082969666
YDL108W,YDR046C,0,-2.0945697,0.03099927119910717,0.17000000178813934,0.5314000248908997
YOR179C,YDL072C,0,-2.0945902,0.030993618071079254,0.17000000178813934,0.531499981880188
YDR472W,YOR377W,0,-2.094676,0.030987968668341637,0.17000000178813934,0.5315999984741211
YDR304C,YKL082C,0,-2.0949047,0.03098232112824917,0.17000000178813934,0.5317000150680542
YPR143W,YMR026C,0,-2.0953326,0.030976677313447,0.17000000178813934,0.5317999720573425
YDR486C,YMR101C,0,-2.096207,0.03097103349864483,0.17000000178813934,0.5318999886512756
YDR240C,YKL114C,0,-2.096355,0.030965391546487808,0.17000000178813934,0.5320000052452087
YJR134C,YDR508C,0,-2.0965302,0.030959751456975937,0.17000000178813934,0.5321000218391418
YOR145C,YBR101C,0,-2.0966103,0.030954115092754364,0.17000000178813934,0.5321999788284302
YCR065W,YHR120W,0,-2.0967832,0.03094848059117794,0.17000000178813934,0.5322999954223633
YHR147C,YOR091W,0,-2.0971477,0.030942846089601517,0.17000000178813934,0.5324000120162964
YDR497C,YJR052W,0,-2.0980597,0.03093721531331539,0.17000000178813934,0.5325000286102295
YJR010W,YPL010W,0,-2.098086,0.030931586399674416,0.17000000178813934,0.5325999855995178
YGR062C,YLR381W,0,-2.0983932,0.03092595934867859,0.17000000178813934,0.5327000021934509
YLR092W,YLR373C,0,-2.098622,0.03092033416032791,0.17000000178813934,0.532800018787384
YBR212W,YIR031C,0,-2.0986328,0.030914710834622383,0.17000000178813934,0.5328999757766724
YBL005W,YDR190C,0,-2.0987961,0.030909091234207153,0.17000000178813934,0.5329999923706055
YDR233C,YDR046C,0,-2.0989292,0.030903471633791924,0.17000000178813934,0.5331000089645386
YER070W,YNL261W,0,-2.0993786,0.030897855758666992,0.17000000178813934,0.5332000255584717
YCR005C,YGL180W,0,-2.0999868,0.03089223988354206,0.17000000178813934,0.53329998254776
YDR472W,YDR281C,0,-2.1005516,0.030886627733707428,0.17000000178813934,0.5333999991416931
YLR386W,YDL036C,0,-2.1008604,0.030881017446517944,0.17000000178813934,0.5335000157356262
YPL186C,YBR208C,0,-2.101236,0.03087540902197361,0.17000000178813934,0.5335999727249146
YDL130W,YBR023C,0,-2.101692,0.030869802460074425,0.17000000178813934,0.5336999893188477
YDL240W,YDR263C,0,-2.1019323,0.03086419776082039,0.17000000178813934,0.5338000059127808
YJR104C,YGR274C,0,-2.1021552,0.030858594924211502,0.17000000178813934,0.5339000225067139
YBR033W,YGL049C,0,-2.1027122,0.030852993950247765,0.17000000178813934,0.5339999794960022
YNL112W,YFR001W,0,-2.1032698,0.030847396701574326,0.17000000178813934,0.5340999960899353
YHL006C,YDL035C,0,-2.1032813,0.030841799452900887,0.17000000178813934,0.5342000126838684
YPR120C,YKL096W-A,0,-2.1033354,0.030836205929517746,0.17000000178813934,0.5343000292778015
YDR069C,YAL058W,1,-2.1034498,0.031011968851089478,0.17100000381469727,0.5343000292778015
YHR172W,YDL078C,0,-2.1039686,0.03100634552538395,0.17100000381469727,0.5343999862670898
YOL152W,YOL142W,0,-2.1041327,0.03100072592496872,0.17100000381469727,0.534500002861023
YLR312W-A,YLR141W,0,-2.1045284,0.03099510632455349,0.17100000381469727,0.534600019454956
YDL065C,YOR369C,0,-2.104869,0.03098948858678341,0.17100000381469727,0.5346999764442444
YBR166C,YDR536W,0,-2.1053107,0.030983874574303627,0.17100000381469727,0.5347999930381775
YLR131C,YNL309W,0,-2.105815,0.030978260561823845,0.17100000381469727,0.5349000096321106
YLR079W,YOL144W,0,-2.1060133,0.03097265027463436,0.17100000381469727,0.5350000262260437
YOL104C,YHR132C,0,-2.1063356,0.030967041850090027,0.17100000381469727,0.535099983215332
YER082C,YML124C,0,-2.1063855,0.030961433425545692,0.17100000381469727,0.5351999998092651
YNR050C,YDR168W,0,-2.1067274,0.030955828726291656,0.17100000381469727,0.5353000164031982
YAL013W,YOR250C,0,-2.1073644,0.03095022588968277,0.17100000381469727,0.5353999733924866
YMR063W,YLR263W,0,-2.1077743,0.030944624915719032,0.17100000381469727,0.5354999899864197
YIL072W,YDR259C,0,-2.1079013,0.030939025804400444,0.17100000381469727,0.5356000065803528
YOR266W,YGR156W,0,-2.1080391,0.030933430418372154,0.17100000381469727,0.5357000231742859
YOR230W,YGL113W,0,-2.1081128,0.030927835032343864,0.17100000381469727,0.5357999801635742
YGR181W,YHL021C,0,-2.109436,0.030922241508960724,0.17100000381469727,0.5358999967575073
YDR050C,YPR106W,0,-2.1096447,0.030916651710867882,0.17100000381469727,0.5360000133514404
YLR221C,YKR014C,0,-2.1097906,0.03091106377542019,0.17100000381469727,0.5360999703407288
YJR016C,YGR202C,0,-2.1101592,0.030905475839972496,0.17100000381469727,0.5361999869346619
YGL127C,YGR274C,0,-2.1105673,0.0308998916298151,0.17100000381469727,0.536300003528595
YDR126W,YPL033C,0,-2.1108742,0.030894309282302856,0.17100000381469727,0.5364000201225281
YER129W,YGL120C,0,-2.1111593,0.03088872879743576,0.17100000381469727,0.5364999771118164
YOR046C,YHR005C-A,0,-2.1112206,0.030883150175213814,0.17100000381469727,0.5365999937057495
YHR148W,YPL274W,0,-2.1112976,0.030877573415637016,0.17100000381469727,0.5367000102996826
YOL052C-A,YOR319W,0,-2.1116383,0.030871998518705368,0.17100000381469727,0.5368000268936157
YBR222C,YHR070W,0,-2.1117857,0.03086642548441887,0.17100000381469727,0.536899983882904
YBR074W,YPR119W,0,-2.1120965,0.03086085617542267,0.17100000381469727,0.5370000004768372
YDR270W,YGL190C,0,-2.1124587,0.030855286866426468,0.17100000381469727,0.5371000170707703
YER031C,YML120C,0,-2.112969,0.030849721282720566,0.17100000381469727,0.5371999740600586
YDR256C,YDR105C,0,-2.1149127,0.030844155699014664,0.17100000381469727,0.5372999906539917
YNR070W,YNL049C,0,-2.1149297,0.03083859384059906,0.17100000381469727,0.5374000072479248
YPR161C,YJR139C,0,-2.1150224,0.030833031982183456,0.17100000381469727,0.5375000238418579
YDR034C,YLL041C,0,-2.1150737,0.03082747384905815,0.17100000381469727,0.5375999808311462
YOR059C,YEL041W,0,-2.1154342,0.030821917578577995,0.17100000381469727,0.5376999974250793
YEL037C,YML088W,1,-2.1156445,0.030996575951576233,0.1720000058412552,0.5376999974250793
YDR100W,YKR057W,0,-2.1162992,0.03099099174141884,0.1720000058412552,0.5378000140190125
YEL005C,YLR382C,0,-2.1172428,0.030985407531261444,0.1720000058412552,0.5378999710083008
YBR155W,YGR062C,0,-2.117657,0.030979827046394348,0.1720000058412552,0.5379999876022339
YNR033W,YPL076W,0,-2.1178062,0.0309742484241724,0.1720000058412552,0.538100004196167
YKL143W,YCL050C,0,-2.1178496,0.030968671664595604,0.1720000058412552,0.5382000207901001
YNL138W,YNL023C,0,-2.1179426,0.030963096767663956,0.1720000058412552,0.5382999777793884
YPR122W,YKR072C,0,-2.1179569,0.030957523733377457,0.1720000058412552,0.5383999943733215
YDR254W,YNL130C,0,-2.118014,0.030951952561736107,0.1720000058412552,0.5385000109672546
YJL162C,YOL026C,0,-2.1187367,0.030946383252739906,0.1720000058412552,0.5386000275611877
YGL144C,YGL059W,0,-2.1188915,0.030940815806388855,0.1720000058412552,0.5386999845504761
YML027W,YPL218W,0,-2.11948,0.030935252085328102,0.1720000058412552,0.5388000011444092
YDR039C,YFR007W,0,-2.1198764,0.03092968836426735,0.1720000058412552,0.5389000177383423
YPL174C,YHL038C,0,-2.1200476,0.030924128368496895,0.1720000058412552,0.5389999747276306
YDL209C,YLR039C,0,-2.1203215,0.03091856837272644,0.1720000058412552,0.5390999913215637
YKR066C,YNL012W,0,-2.120516,0.030913012102246284,0.1720000058412552,0.5392000079154968
YER025W,YNL164C,0,-2.1209311,0.030907457694411278,0.1720000058412552,0.5393000245094299
YOR373W,YGR184C,0,-2.1210246,0.03090190514922142,0.1720000058412552,0.5393999814987183
YER104W,YBR046C,0,-2.1212194,0.030896352604031563,0.1720000058412552,0.5394999980926514
YDR032C,YNL221C,0,-2.121298,0.030890803784132004,0.1720000058412552,0.5396000146865845
YLR265C,YPL082C,0,-2.1214077,0.030885256826877594,0.1720000058412552,0.5396999716758728
YKR057W,YCR037C,0,-2.121722,0.030879713594913483,0.1720000058412552,0.5397999882698059
YGR056W,YLR300W,0,-2.1218894,0.03087417036294937,0.1720000058412552,0.539900004863739
YIL035C,YOL105C,0,-2.122141,0.03086862899363041,0.1720000058412552,0.5400000214576721
YFL011W,YML036W,0,-2.122711,0.030863089486956596,0.1720000058412552,0.5400999784469604
YLR043C,YGR218W,0,-2.1228666,0.030857553705573082,0.1720000058412552,0.5401999950408936
YDR527W,YDR032C,0,-2.122967,0.030852017924189568,0.1720000058412552,0.5403000116348267
YPL140C,YGR020C,0,-2.123517,0.030846484005451202,0.1720000058412552,0.5404000282287598
YDR031W,YDR122W,0,-2.1236925,0.030840953812003136,0.1720000058412552,0.5404999852180481
YHR160C,YJR059W,0,-2.1239378,0.030835425481200218,0.1720000058412552,0.5406000018119812
YMR038C,YBL079W,0,-2.1241717,0.0308298971503973,0.1720000058412552,0.5407000184059143
YER126C,YDR159W,0,-2.1241858,0.03082437254488468,0.1720000058412552,0.5407999753952026
YKR009C,YDR121W,0,-2.1243067,0.030818849802017212,0.1720000058412552,0.5408999919891357
YNL044W,YOR373W,0,-2.1246536,0.03081332892179489,0.1720000058412552,0.5410000085830688
YNR011C,YLR054C,0,-2.1246855,0.03080780990421772,0.1720000058412552,0.541100025177002
YEL017C-A,YNL142W,0,-2.1251757,0.030802292749285698,0.1720000058412552,0.5411999821662903
YOR346W,YOR388C,0,-2.125252,0.030796777456998825,0.1720000058412552,0.5412999987602234
YGR060W,YDL076C,0,-2.1253393,0.0307912640273571,0.1720000058412552,0.5414000153541565
YHR129C,YHL025W,0,-2.125469,0.030785752460360527,0.1720000058412552,0.5414999723434448
YDR520C,YKL150W,0,-2.1254997,0.030780242756009102,0.1720000058412552,0.5415999889373779
YJL221C,YER061C,0,-2.1255906,0.030774736776947975,0.1720000058412552,0.541700005531311
YDR361C,YOR377W,0,-2.1257145,0.03076923079788685,0.1720000058412552,0.5418000221252441
YCL067C,YML028W,0,-2.1257503,0.03076372668147087,0.1720000058412552,0.5418999791145325
YER151C,YER014W,0,-2.125952,0.030758226290345192,0.1720000058412552,0.5419999957084656
YIL137C,YPL213W,0,-2.1260102,0.030752725899219513,0.1720000058412552,0.5421000123023987
YMR194W,YPR048W,0,-2.126141,0.030747229233384132,0.1720000058412552,0.5422000288963318
YBR297W,YDR404C,0,-2.1262498,0.0307417344301939,0.1720000058412552,0.5422999858856201
YGL222C,YEL061C,0,-2.1262615,0.03073623962700367,0.1720000058412552,0.5424000024795532
YCR018C,YCL050C,0,-2.1263037,0.030730748549103737,0.1720000058412552,0.5425000190734863
YHR172W,YDR435C,0,-2.126467,0.030725259333848953,0.1720000058412552,0.5425999760627747
YPR031W,YNL145W,0,-2.1267867,0.03071977198123932,0.1720000058412552,0.5426999926567078
YCR065W,YJL097W,0,-2.1268187,0.030714286491274834,0.1720000058412552,0.5428000092506409
YJR053W,YKL161C,0,-2.127229,0.030708802863955498,0.1720000058412552,0.542900025844574
YHR204W,YGR135W,1,-2.1274683,0.03088182769715786,0.17299999296665192,0.542900025844574
YKL089W,YOL144W,0,-2.1276596,0.030876316130161285,0.17299999296665192,0.5429999828338623
YCL057W,YDL105W,0,-2.1276646,0.03087080642580986,0.17299999296665192,0.5430999994277954
YGR224W,YAR007C,0,-2.1277683,0.030865298584103584,0.17299999296665192,0.5432000160217285
YDL099W,YNL151C,0,-2.1280472,0.030859792605042458,0.17299999296665192,0.5432999730110168
YML128C,YDR463W,0,-2.128143,0.03085428848862648,0.17299999296665192,0.54339998960495
YPR110C,YLR452C,0,-2.1281853,0.0308487880975008,0.17299999296665192,0.5435000061988831
YBR112C,YBR180W,0,-2.1284726,0.030843287706375122,0.17299999296665192,0.5436000227928162
YGL090W,YDR236C,0,-2.1285703,0.030837789177894592,0.17299999296665192,0.5436999797821045
YDL246C,YKL135C,0,-2.1285877,0.03083229437470436,0.17299999296665192,0.5437999963760376
YDR358W,YJR102C,1,-2.1286108,0.03100498951971531,0.17399999499320984,0.5437999963760376
YLR207W,YFL049W,1,-2.1287143,0.031177623197436333,0.17499999701976776,0.5437999963760376
YPL097W,YDR009W,0,-2.128775,0.031172070652246475,0.17499999701976776,0.5439000129699707
YLR347C,YER101C,0,-2.1292493,0.031166518107056618,0.17499999701976776,0.5440000295639038
YLR086W,YPL061W,0,-2.1293607,0.03116096928715706,0.17499999701976776,0.5440999865531921
YMR159C,YGR089W,0,-2.1297073,0.0311554204672575,0.17499999701976776,0.5442000031471252
YPL111W,YKL217W,0,-2.1297505,0.03114987537264824,0.17499999701976776,0.5443000197410583
YMR109W,YDR025W,0,-2.129837,0.031144332140684128,0.17499999701976776,0.5443999767303467
YNL006W,YGR158C,0,-2.1299865,0.031138790771365166,0.17499999701976776,0.5444999933242798
YGL232W,YDR436W,0,-2.1301718,0.031133249402046204,0.17499999701976776,0.5446000099182129
YGR081C,YPL163C,0,-2.1309025,0.03112771175801754,0.17499999701976776,0.544700026512146
YOR266W,YDR436W,0,-2.1314797,0.031122175976634026,0.17499999701976776,0.5447999835014343
YDR236C,YGL120C,0,-2.1317396,0.03111664205789566,0.17499999701976776,0.5449000000953674
YML124C,YDR078C,0,-2.1322021,0.031111111864447594,0.17499999701976776,0.5450000166893005
YOR219C,YPL036W,0,-2.1322768,0.031105581670999527,0.17499999701976776,0.5450999736785889
YGL210W,YBR034C,0,-2.1326146,0.03110005334019661,0.17499999701976776,0.545199990272522
YLR404W,YCL035C,0,-2.1326525,0.03109452687203884,0.17499999701976776,0.5453000068664551
YER129W,YOR374W,0,-2.1329432,0.03108900412917137,0.17499999701976776,0.5454000234603882
YER174C,YDR448W,0,-2.1329725,0.0310834813863039,0.17499999701976776,0.5454999804496765
YBL030C,YLR086W,0,-2.1331189,0.03107796050608158,0.17499999701976776,0.5455999970436096
YER032W,YDL217C,0,-2.133413,0.03107244335114956,0.17499999701976776,0.5457000136375427
YMR269W,YDR224C,0,-2.1336286,0.031066926196217537,0.17499999701976776,0.545799970626831
YOR337W,YMR287C,0,-2.134158,0.031061412766575813,0.17499999701976776,0.5458999872207642
YDR276C,YCR020C,0,-2.1344774,0.03105590119957924,0.17499999701976776,0.5460000038146973
YBR188C,YIL144W,0,-2.1344948,0.031050389632582664,0.17499999701976776,0.5461000204086304
YNL036W,YKR028W,0,-2.1348226,0.03104488179087639,0.17499999701976776,0.5461999773979187
YPL060W,YCL050C,0,-2.1350164,0.031039375811815262,0.17499999701976776,0.5462999939918518
YIL039W,YCR091W,0,-2.1354108,0.031033871695399284,0.17499999701976776,0.5464000105857849
YHR194W,YEL006W,0,-2.1356642,0.031028369441628456,0.17499999701976776,0.546500027179718
YDR343C,YNL131W,0,-2.135967,0.031022869050502777,0.17499999701976776,0.5465999841690063
YGR171C,YBR287W,0,-2.1366897,0.031017370522022247,0.17499999701976776,0.5467000007629395
YFL057C,YBR049C,0,-2.1369784,0.031011873856186867,0.17499999701976776,0.5468000173568726
YOR156C,YGL059W,0,-2.1371236,0.031006379052996635,0.17499999701976776,0.5468999743461609
YLR154C,YOR180C,0,-2.1373794,0.031000886112451553,0.17499999701976776,0.546999990940094
YIL046W,YPR108W,1,-2.13757,0.031172512099146843,0.17599999904632568,0.546999990940094
YBR033W,YMR101C,0,-2.1381834,0.031166991218924522,0.17599999904632568,0.5471000075340271
YOR227W,YLR209C,0,-2.1383572,0.03116147220134735,0.17599999904632568,0.5472000241279602
YBR180W,YBR286W,0,-2.1383874,0.031155956909060478,0.17599999904632568,0.5472999811172485
YOL038W,YCL008C,1,-2.1392908,0.03132743388414383,0.1770000010728836,0.5472999811172485
YFL049W,YNL311C,1,-2.1393163,0.031498849391937256,0.17800000309944153,0.5472999811172485
YHR150W,YML052W,0,-2.1393273,0.03149327635765076,0.17800000309944153,0.5473999977111816
YGR047C,YLR107W,0,-2.139394,0.031487707048654556,0.17800000309944153,0.5475000143051147
YLR287C-A,YIL009W,0,-2.1400273,0.031482137739658356,0.17800000309944153,0.5475999712944031
YDR430C,YIL004C,0,-2.140412,0.031476568430662155,0.17800000309944153,0.5476999878883362
YOR187W,YDR103W,0,-2.1409996,0.03147100284695625,0.17800000309944153,0.5478000044822693
YPR194C,YLR381W,0,-2.141044,0.03146544098854065,0.17800000309944153,0.5479000210762024
YML132W,YHR017W,0,-2.141597,0.031459879130125046,0.17800000309944153,0.5479999780654907
YPR122W,YIL142W,0,-2.1418388,0.03145432099699974,0.17800000309944153,0.5480999946594238
YLR131C,YIL004C,0,-2.1420472,0.031448762863874435,0.17800000309944153,0.5482000112533569
YGL191W,YOL082W,0,-2.1425774,0.03144320845603943,0.17800000309944153,0.54830002784729
YPL096W,YMR276W,1,-2.1428478,0.0316142700612545,0.17900000512599945,0.54830002784729
YER114C,YKL042W,0,-2.1429317,0.031608689576387405,0.17900000512599945,0.5483999848365784
YLR008C,YMR238W,0,-2.1436121,0.03160310909152031,0.17900000512599945,0.5485000014305115
YBR009C,YNL308C,0,-2.143697,0.031597528606653214,0.17900000512599945,0.5486000180244446
YLR080W,YPL135W,0,-2.1437922,0.031591951847076416,0.17900000512599945,0.5486999750137329
YLR403W,YMR053C,0,-2.1440718,0.03158637881278992,0.17900000512599945,0.548799991607666
YKL143W,YGR169C,0,-2.144535,0.03158080577850342,0.17900000512599945,0.5489000082015991
YDL029W,YIL038C,0,-2.1445856,0.03157523274421692,0.17900000512599945,0.5490000247955322
YHR058C,YNL297C,0,-2.1446757,0.03156966343522072,0.17900000512599945,0.5490999817848206
YER019C-A,YLL019C,0,-2.1447797,0.031564097851514816,0.17900000512599945,0.5491999983787537
YIL030C,YCL008C,1,-2.1457584,0.03173483908176422,0.18000000715255737,0.5491999983787537
YAL041W,YDR040C,0,-2.1462307,0.03172924369573593,0.18000000715255737,0.5493000149726868
YNL164C,YKL205W,0,-2.146445,0.03172365203499794,0.18000000715255737,0.5493999719619751
YDR118W,YHR027C,1,-2.1466806,0.031894274055957794,0.1809999942779541,0.5493999719619751
YGL009C,YHL027W,0,-2.1469176,0.031888652592897415,0.1809999942779541,0.5494999885559082
YIL011W,YKR028W,0,-2.1473103,0.03188303858041763,0.1809999942779541,0.5496000051498413
YLL011W,YDL003W,0,-2.147801,0.03187742084264755,0.1809999942779541,0.5497000217437744
YGL127C,YKL069W,0,-2.1478128,0.03187180683016777,0.1809999942779541,0.5497999787330627
YBR276C,YMR308C,0,-2.148009,0.03186619654297829,0.1809999942779541,0.5498999953269958
YDL133C-A,YKR057W,0,-2.148133,0.0318605862557888,0.1809999942779541,0.550000011920929
YBL022C,YPR068C,0,-2.1482217,0.03185497969388962,0.1809999942779541,0.5501000285148621
YMR055C,YNL118C,0,-2.148466,0.03184937685728073,0.1809999942779541,0.5501999855041504
YML091C,YBR065C,0,-2.1485739,0.031843770295381546,0.1809999942779541,0.5503000020980835
YHR005C-A,YBR188C,0,-2.1485965,0.03183817118406296,0.1809999942779541,0.5504000186920166
YPL183C,YPL271W,0,-2.148935,0.03183257207274437,0.1809999942779541,0.5504999756813049
YPL111W,YML034W,0,-2.1490238,0.03182697296142578,0.1809999942779541,0.550599992275238
YPL097W,YML076C,0,-2.149392,0.03182137757539749,0.1809999942779541,0.5507000088691711
YOR288C,YLL021W,0,-2.1494038,0.0318157859146595,0.1809999942779541,0.5508000254631042
YIL056W,YDL247W,0,-2.1495087,0.03181019425392151,0.1809999942779541,0.5508999824523926
YLR221C,YLR452C,0,-2.149599,0.03180460259318352,0.1809999942779541,0.5509999990463257
YDR337W,YOR132W,0,-2.149816,0.031799014657735825,0.1809999942779541,0.5511000156402588
YNL079C,YOR032C,0,-2.1504538,0.03179343044757843,0.1809999942779541,0.5511999726295471
YDL240W,YOR264W,0,-2.1505055,0.031787846237421036,0.1809999942779541,0.5512999892234802
YKR019C,YDL123W,0,-2.1505868,0.03178226575255394,0.1809999942779541,0.5514000058174133
YBR287W,YDR204W,0,-2.1507692,0.031776685267686844,0.1809999942779541,0.5515000224113464
YPR189W,YMR307W,0,-2.151072,0.031771108508110046,0.1809999942779541,0.5515999794006348
YPL239W,YJL174W,0,-2.1511157,0.03176553174853325,0.1809999942779541,0.5516999959945679
YLR197W,YGL112C,0,-2.1513739,0.03175995871424675,0.1809999942779541,0.551800012588501
YHR160C,YBR166C,0,-2.1515677,0.03175438567996025,0.1809999942779541,0.5519000291824341
YDL036C,YDL113C,0,-2.1518238,0.03174881637096405,0.1809999942779541,0.5519999861717224
YNL153C,YGR046W,0,-2.1519606,0.03174324706196785,0.1809999942779541,0.5521000027656555
YAL063C,YMR075W,0,-2.151992,0.03173768147826195,0.1809999942779541,0.5522000193595886
YCL055W,YDR007W,0,-2.1520126,0.031732119619846344,0.1809999942779541,0.552299976348877
YPL076W,YMR171C,0,-2.1525495,0.03172655403614044,0.1809999942779541,0.5523999929428101
YPL103C,YKL191W,0,-2.1526663,0.03172099590301514,0.1809999942779541,0.5525000095367432
YOR116C,YLR090W,0,-2.1527812,0.03171543776988983,0.1809999942779541,0.5526000261306763
YBR191W,YDR088C,0,-2.1536849,0.031709879636764526,0.1809999942779541,0.5526999831199646
YPL065W,YNL008C,1,-2.1540866,0.0318794883787632,0.18199999630451202,0.5526999831199646
YJR001W,YJR078W,0,-2.1541402,0.031873904168605804,0.18199999630451202,0.5527999997138977
YAL002W,YIL137C,0,-2.1543155,0.03186832368373871,0.18199999630451202,0.5529000163078308
YDR046C,YLR466W,0,-2.1544158,0.03186274692416191,0.18199999630451202,0.5529999732971191
YFR027W,YDR280W,0,-2.154936,0.031857166439294815,0.18199999630451202,0.5530999898910522
YDR465C,YOR270C,0,-2.1549926,0.031851593405008316,0.18199999630451202,0.5532000064849854
YNL301C,YDR044W,0,-2.1550024,0.03184602037072182,0.18199999630451202,0.5533000230789185
YKR101W,YDR518W,0,-2.1550333,0.03184044733643532,0.18199999630451202,0.5533999800682068
YDR318W,YDR038C,0,-2.1552157,0.03183487802743912,0.18199999630451202,0.5534999966621399
YDR406W,YJL085W,0,-2.1554449,0.031829312443733215,0.18199999630451202,0.553600013256073
YDL223C,YNL039W,0,-2.1555316,0.03182374686002731,0.18199999630451202,0.5536999702453613
YKL186C,YPR200C,0,-2.1557026,0.03181818127632141,0.18199999630451202,0.5537999868392944
YLR131C,YKL087C,0,-2.1558702,0.03181261941790581,0.18199999630451202,0.5539000034332275
YJR104C,YOR074C,0,-2.155976,0.0318070612847805,0.18199999630451202,0.5540000200271606
YNL311C,YDR400W,1,-2.1560137,0.03197623789310455,0.18299999833106995,0.5540000200271606
YDR469W,YDR093W,0,-2.1563623,0.03197064995765686,0.18299999833106995,0.554099977016449
YPL156C,YFL021W,0,-2.15645,0.031965065747499466,0.18299999833106995,0.5541999936103821
YGR286C,YBR085W,0,-2.1565034,0.03195948153734207,0.18299999833106995,0.5543000102043152
YHR149C,YGR075C,0,-2.1569335,0.031953901052474976,0.18299999833106995,0.5544000267982483
YBR169C,YLR363C,0,-2.1577404,0.03194832429289818,0.18299999833106995,0.5544999837875366
YGR097W,YNL025C,0,-2.1578224,0.03194274753332138,0.18299999833106995,0.5546000003814697
YEL024W,YPL179W,0,-2.1579218,0.03193717449903488,0.18299999833106995,0.5547000169754028
YDL170W,YOR172W,0,-2.1583104,0.03193160146474838,0.18299999833106995,0.5547999739646912
YHR056C,YPL258C,0,-2.1587036,0.031926028430461884,0.18299999833106995,0.5548999905586243
YHR148W,YNR017W,0,-2.158705,0.03192045912146568,0.18299999833106995,0.5550000071525574
YAR019C,YDR463W,0,-2.1592686,0.03191489353775978,0.18299999833106995,0.5551000237464905
YLR080W,YGR101W,0,-2.159808,0.03190932795405388,0.18299999833106995,0.5551999807357788
YGR144W,YDR440W,0,-2.1598985,0.031903766095638275,0.18299999833106995,0.5552999973297119
YDR487C,YOR106W,0,-2.1605334,0.03189820423722267,0.18299999833106995,0.555400013923645
YNL240C,YOR075W,0,-2.16076,0.031892646104097366,0.18299999833106995,0.5554999709129333
YDR437W,YGL236C,0,-2.1618927,0.03188708797097206,0.18299999833106995,0.5555999875068665
YLL018C-A,YDR047W,0,-2.1623065,0.031881533563137054,0.18299999833106995,0.5557000041007996
YFR036W,YDR219C,1,-2.1624868,0.03205016627907753,0.18400000035762787,0.5557000041007996
YDR083W,YDR072C,0,-2.1626208,0.032044582068920135,0.18400000035762787,0.5558000206947327
YBR181C,YJR126C,0,-2.1626513,0.03203900530934334,0.18400000035762787,0.555899977684021
YBR030W,YPR155C,0,-2.16277,0.03203342482447624,0.18400000035762787,0.5559999942779541
YKL154W,YBR281C,0,-2.162802,0.03202785179018974,0.18400000035762787,0.5561000108718872
YKL192C,YJL060W,0,-2.163143,0.032022275030612946,0.18400000035762787,0.5562000274658203
YJR103W,YLR363C,0,-2.1635315,0.032016705721616745,0.18400000035762787,0.5562999844551086
YJR131W,YER143W,1,-2.1639807,0.032185107469558716,0.1850000023841858,0.5562999844551086
YHR036W,YGR077C,0,-2.1641567,0.03217950835824013,0.1850000023841858,0.5564000010490417
YPR141C,YCR026C,0,-2.1642864,0.03217391297221184,0.1850000023841858,0.5565000176429749
YHR185C,YNL041C,0,-2.1643536,0.03216831758618355,0.1850000023841858,0.5565999746322632
YOL144W,YER040W,0,-2.164417,0.03216272592544556,0.1850000023841858,0.5566999912261963
YKL024C,YKR089C,0,-2.1645055,0.032157134264707565,0.1850000023841858,0.5568000078201294
YDL179W,YCL032W,0,-2.1645095,0.03215154632925987,0.1850000023841858,0.5569000244140625
YDR235W,YGR204W,0,-2.1648266,0.03214595839381218,0.1850000023841858,0.5569999814033508
YNL317W,YKL039W,0,-2.165095,0.032140374183654785,0.1850000023841858,0.5570999979972839
YDR345C,YPL119C,0,-2.1651323,0.03213479369878769,0.1850000023841858,0.557200014591217
YDR438W,YIL173W,0,-2.165218,0.03212921321392059,0.1850000023841858,0.5572999715805054
YPL183C,YLR395C,0,-2.165231,0.0321236327290535,0.1850000023841858,0.5573999881744385
YGR009C,YLR209C,0,-2.165621,0.0321180559694767,0.1850000023841858,0.5575000047683716
YBR198C,YNL147W,0,-2.1659987,0.0321124792098999,0.1850000023841858,0.5576000213623047
YPR166C,YJR031C,0,-2.166057,0.0321069061756134,0.1850000023841858,0.557699978351593
YBR024W,YDL133C-A,0,-2.1661522,0.0321013368666172,0.1850000023841858,0.5577999949455261
YDR495C,YMR171C,0,-2.1663816,0.032095767557621,0.1850000023841858,0.5579000115394592
YGR193C,YCL044C,0,-2.1665173,0.0320901982486248,0.1850000023841858,0.5580000281333923
YKL043W,YGR244C,0,-2.1665938,0.0320846326649189,0.1850000023841858,0.5580999851226807
YHR006W,YBR105C,0,-2.1666467,0.032079070806503296,0.1850000023841858,0.5582000017166138
YJR059W,YNL304W,0,-2.1668916,0.03207350894808769,0.1850000023841858,0.5583000183105469
YMR207C,YJL056C,0,-2.1671493,0.03206795081496239,0.1850000023841858,0.5583999752998352
YPL083C,YBR084W,0,-2.167273,0.03206239268183708,0.1850000023841858,0.5584999918937683
YCL008C,YBL041W,1,-2.1685312,0.03223011642694473,0.1860000044107437,0.5584999918937683
YFR021W,YKL170W,0,-2.1687715,0.03222453221678734,0.1860000044107437,0.5586000084877014
YDR179C,YLR074C,0,-2.1690357,0.03221895173192024,0.1860000044107437,0.5587000250816345
YEL037C,YIL007C,1,-2.1690722,0.03238655999302864,0.18700000643730164,0.5587000250816345
YHR037W,YLR134W,0,-2.1700547,0.032380953431129456,0.18700000643730164,0.5587999820709229
YDR101C,YLL018C-A,0,-2.1700997,0.03237534686923027,0.18700000643730164,0.558899998664856
YJL066C,YJL095W,0,-2.1701114,0.032369740307331085,0.18700000643730164,0.5590000152587891
YPL112C,YGL120C,0,-2.1701539,0.0323641411960125,0.18700000643730164,0.5590999722480774
YJL194W,YML086C,0,-2.1704867,0.03235853835940361,0.18700000643730164,0.5591999888420105
YNL118C,YLR011W,0,-2.1705456,0.03235294297337532,0.18700000643730164,0.5593000054359436
YOR249C,YER143W,1,-2.1706316,0.03252032399177551,0.18799999356269836,0.5593000054359436
YDR345C,YDL111C,0,-2.1712568,0.032514702528715134,0.18799999356269836,0.5594000220298767
YAL016W,YDR317W,0,-2.1719081,0.032509077340364456,0.18799999356269836,0.559499979019165
YML106W,YCR072C,0,-2.1726577,0.032503459602594376,0.18799999356269836,0.5595999956130981
YMR269W,YOL055C,0,-2.1729767,0.032497838139534,0.18799999356269836,0.5597000122070312
YGL171W,YKL005C,0,-2.1730819,0.032492224127054214,0.18799999356269836,0.5598000288009644
YBL091C-A,YGR104C,0,-2.1732156,0.032486606389284134,0.18799999356269836,0.5598999857902527
YOL129W,YCR077C,0,-2.17394,0.03248099610209465,0.18799999356269836,0.5600000023841858
YLR197W,YIL147C,0,-2.174129,0.03247538581490517,0.18799999356269836,0.5601000189781189
YDL061C,YDR145W,0,-2.1742704,0.03246977552771568,0.18799999356269836,0.5601999759674072
YMR016C,YAL062W,0,-2.174298,0.0324641689658165,0.18799999356269836,0.5602999925613403
YCR065W,YDL069C,0,-2.1746266,0.03245856240391731,0.18799999356269836,0.5604000091552734
YKR102W,YJL189W,0,-2.175052,0.032452959567308426,0.18799999356269836,0.5605000257492065
YNL096C,YBR122C,0,-2.1750593,0.03244736045598984,0.18799999356269836,0.5605999827384949
YKR037C,YJR048W,0,-2.1751955,0.03244176134467125,0.18799999356269836,0.560699999332428
YLR105C,YJR045C,0,-2.1754413,0.03243616223335266,0.18799999356269836,0.5608000159263611
YPR021C,YMR308C,0,-2.176016,0.03243056684732437,0.18799999356269836,0.5608999729156494
YLL009C,YOR386W,0,-2.176193,0.03242497518658638,0.18799999356269836,0.5609999895095825
YLR121C,YHL032C,0,-2.1763809,0.03241938352584839,0.18799999356269836,0.5611000061035156
YMR264W,YFL025C,1,-2.1765764,0.03258620575070381,0.1889999955892563,0.5611000061035156
YJR155W,YKR103W,0,-2.1770003,0.03258058801293373,0.1889999955892563,0.5612000226974487
YJL054W,YMR232W,0,-2.1770775,0.03257497400045395,0.1889999955892563,0.5612999796867371
YGL005C,YGL249W,0,-2.1772606,0.03256935998797417,0.1889999955892563,0.5613999962806702
YFL001W,YNL110C,0,-2.177642,0.03256374970078468,0.1889999955892563,0.5615000128746033
YNL094W,YFL001W,0,-2.1776934,0.0325581394135952,0.1889999955892563,0.5616000294685364
YJL097W,YOL052C,0,-2.178394,0.032552532851696014,0.1889999955892563,0.5616999864578247
YKL034W,YCL008C,1,-2.1787581,0.03271913155913353,0.1899999976158142,0.5616999864578247
YDR353W,YCL029C,0,-2.1789916,0.032713498920202255,0.1899999976158142,0.5618000030517578
YGL003C,YPR113W,0,-2.179098,0.03270786628127098,0.1899999976158142,0.5619000196456909
YJR101W,YOR063W,0,-2.1791484,0.032702237367630005,0.1899999976158142,0.5619999766349792
YKR061W,YAR033W,0,-2.1794758,0.03269660845398903,0.1899999976158142,0.5620999932289124
YHR069C,YKL198C,0,-2.1796563,0.03269098326563835,0.1899999976158142,0.5622000098228455
YBR172C,YDR297W,0,-2.179682,0.03268536180257797,0.1899999976158142,0.5623000264167786
YJL183W,YPL104W,0,-2.1798897,0.03267974033951759,0.1899999976158142,0.5623999834060669
YCR012W,YOR087W,0,-2.1800282,0.032674118876457214,0.1899999976158142,0.5625
YOR176W,YPL207W,0,-2.1800544,0.032668501138687134,0.1899999976158142,0.5626000165939331
YJL109C,YGL169W,0,-2.1804488,0.03266288340091705,0.1899999976158142,0.5626999735832214
YDR377W,YNL251C,0,-2.1810644,0.03265726938843727,0.1899999976158142,0.5627999901771545
YAL022C,YIL020C,0,-2.181123,0.03265165910124779,0.1899999976158142,0.5629000067710876
YER104W,YBR276C,0,-2.1811366,0.032646048814058304,0.1899999976158142,0.5630000233650208
YEL058W,YOR388C,0,-2.1822383,0.03264043852686882,0.1899999976158142,0.5630999803543091
YIR032C,YMR200W,0,-2.182433,0.032634831964969635,0.1899999976158142,0.5631999969482422
YLL061W,YJL180C,0,-2.1824358,0.03262922912836075,0.1899999976158142,0.5633000135421753
YML099C,YGL059W,0,-2.1826499,0.03262362629175186,0.1899999976158142,0.5633999705314636
YMR298W,YNL136W,0,-2.1826584,0.03261802718043327,0.1899999976158142,0.5634999871253967
YMR284W,YOR264W,0,-2.1827245,0.032612428069114685,0.1899999976158142,0.5636000037193298
YBL034C,YOR355W,0,-2.1830378,0.0326068289577961,0.1899999976158142,0.5637000203132629
YPL183W-A,YDR129C,0,-2.1840775,0.03260123357176781,0.1899999976158142,0.5637999773025513
YPR141C,YBR283C,0,-2.1842551,0.032595641911029816,0.1899999976158142,0.5638999938964844
YHR023W,YDR076W,0,-2.1843827,0.032590050250291824,0.1899999976158142,0.5640000104904175
YBL005W,YKL040C,0,-2.1845758,0.03258446231484413,0.1899999976158142,0.5641000270843506
YOR086C,YPR083W,0,-2.1848752,0.03257887437939644,0.1899999976158142,0.5641999840736389
YPL096W,YAL058W,1,-2.1851764,0.03274472802877426,0.19099999964237213,0.5641999840736389
YGL035C,YDR129C,0,-2.1857646,0.03273911401629448,0.19099999964237213,0.564300000667572
YJR078W,YHR161C,0,-2.1861207,0.032733503729104996,0.19099999964237213,0.5644000172615051
YAL002W,YOR271C,0,-2.1862147,0.03272789716720581,0.19099999964237213,0.5644999742507935
YML129C,YDL069C,0,-2.1863933,0.032722290605306625,0.19099999964237213,0.5645999908447266
YMR127C,YBR286W,0,-2.1864004,0.03271668404340744,0.19099999964237213,0.5647000074386597
YLR244C,YNL230C,0,-2.1865268,0.03271108120679855,0.19099999964237213,0.5648000240325928
YGL089C,YGR246C,0,-2.1866944,0.03270547837018967,0.19099999964237213,0.5648999810218811
YIL008W,YGL180W,0,-2.1872592,0.03269987925887108,0.19099999964237213,0.5649999976158142
YDR207C,YOR101W,0,-2.187305,0.03269428387284279,0.19099999964237213,0.5651000142097473
YOR162C,YOR265W,0,-2.187504,0.0326886884868145,0.19099999964237213,0.5651999711990356
YPR144C,YDL035C,0,-2.1875117,0.03268309310078621,0.19099999964237213,0.5652999877929688
YOR110W,YJL033W,0,-2.1876173,0.03267750144004822,0.19099999964237213,0.5654000043869019
YPR188C,YMR241W,0,-2.188101,0.032671913504600525,0.19099999964237213,0.565500020980835
YFL045C,YDR268W,0,-2.1881387,0.03266632556915283,0.19099999964237213,0.5655999779701233
YMR089C,YLR316C,0,-2.1884065,0.03266073763370514,0.19099999964237213,0.5656999945640564
YAL033W,YMR041C,0,-2.1886308,0.032655153423547745,0.19099999964237213,0.5658000111579895
YDR513W,YFL021W,0,-2.1893141,0.03264957293868065,0.19099999964237213,0.5659000277519226
YKL134C,YPL179W,0,-2.1895578,0.03264399245381355,0.19099999964237213,0.5659999847412109
YGL232W,YMR152W,0,-2.1900525,0.032638415694236755,0.19099999964237213,0.566100001335144
YIL051C,YNL036W,0,-2.1901674,0.03263283893465996,0.19099999964237213,0.5662000179290771
YMR168C,YHR147C,0,-2.190439,0.03262726217508316,0.19099999964237213,0.5662999749183655
YKL011C,YDR451C,0,-2.1907508,0.03262168914079666,0.19099999964237213,0.5663999915122986
YPR106W,YOR209C,0,-2.190847,0.03261611983180046,0.19099999964237213,0.5665000081062317
YMR276W,YDR069C,1,-2.1909702,0.03278128802776337,0.19200000166893005,0.5665000081062317
YCL063W,YLR145W,0,-2.191164,0.03277569264173508,0.19200000166893005,0.5666000247001648
YBL011W,YMR101C,0,-2.1911948,0.03277009725570679,0.19200000166893005,0.5666999816894531
YFL049W,YLR208W,1,-2.1914213,0.03293515369296074,0.19300000369548798,0.5666999816894531
YKL129C,YML012W,0,-2.1922884,0.03292953595519066,0.19300000369548798,0.5667999982833862
YMR146C,YAL051W,0,-2.1923974,0.03292391821742058,0.19300000369548798,0.5669000148773193
YGR188C,YGR076C,0,-2.1925013,0.0329183004796505,0.19300000369548798,0.5669999718666077
YIL159W,YNL288W,0,-2.1925905,0.032912686467170715,0.19300000369548798,0.5670999884605408
YOR156C,YLR347C,0,-2.1930487,0.03290707617998123,0.19300000369548798,0.5672000050544739
YMR016C,YMR081C,0,-2.1930802,0.03290146589279175,0.19300000369548798,0.567300021648407
YLR263W,YOR127W,0,-2.1934009,0.03289585933089256,0.19300000369548798,0.5673999786376953
YJR140C,YDR228C,0,-2.1935108,0.03289025276899338,0.19300000369548798,0.5674999952316284
YIR018W,YPR034W,0,-2.1940167,0.03288464993238449,0.19300000369548798,0.5676000118255615
YPR120C,YHR146W,0,-2.194263,0.032879047095775604,0.19300000369548798,0.5677000284194946
YBR092C,YGL137W,0,-2.1945636,0.03287344425916672,0.19300000369548798,0.567799985408783
YPL248C,YNL130C,0,-2.1946206,0.03286784887313843,0.19300000369548798,0.5679000020027161
YLR418C,YPL154C,0,-2.1950457,0.03286224976181984,0.19300000369548798,0.5680000185966492
YJL062W,YOL125W,0,-2.1954613,0.03285665810108185,0.19300000369548798,0.5680999755859375
YGR105W,YMR261C,0,-2.1957488,0.03285106271505356,0.19300000369548798,0.5681999921798706
YDR219C,YOR117W,1,-2.1958451,0.0330156572163105,0.1940000057220459,0.5681999921798706
YOR306C,YNL167C,0,-2.196009,0.03301003947854042,0.1940000057220459,0.5683000087738037
YNL055C,YML107C,0,-2.196375,0.03300442174077034,0.1940000057220459,0.5684000253677368
YDR126W,YHR013C,0,-2.196676,0.03299880772829056,0.1940000057220459,0.5684999823570251
YMR013C,YGR225W,0,-2.1970208,0.032993197441101074,0.1940000057220459,0.5685999989509583
YDL069C,YOR254C,0,-2.1972983,0.03298758715391159,0.1940000057220459,0.5687000155448914
YMR287C,YCR024C,0,-2.1977704,0.032981980592012405,0.1940000057220459,0.5687999725341797
YAL024C,YPL022W,0,-2.1987514,0.03297637403011322,0.1940000057220459,0.5688999891281128
YDL036C,YEL069C,0,-2.19889,0.032970767468214035,0.1940000057220459,0.5690000057220459
YOR076C,YGR165W,0,-2.1989934,0.03296516463160515,0.1940000057220459,0.569100022315979
YNL278W,YDR495C,0,-2.199037,0.03295956552028656,0.1940000057220459,0.5691999793052673
YOR259C,YFL049W,1,-2.1991124,0.03312383219599724,0.19499999284744263,0.5691999793052673
YDL003W,YLL043W,0,-2.199434,0.03311820700764656,0.19499999284744263,0.5692999958992004
YMR314W,YNL008C,1,-2.1994746,0.03328239172697067,0.19599999487400055,0.5692999958992004
YML097C,YDR158W,0,-2.1996198,0.033276740461587906,0.19599999487400055,0.5694000124931335
YDR039C,YGR229C,0,-2.199828,0.03327109292149544,0.19599999487400055,0.5695000290870667
YLR141W,YER051W,0,-2.2001328,0.03326544538140297,0.19599999487400055,0.569599986076355
YHR204W,YBR170C,1,-2.2006557,0.03342949226498604,0.19699999690055847,0.569599986076355
YGL026C,YBR091C,0,-2.2008967,0.03342382237315178,0.19699999690055847,0.5697000026702881
YJL004C,YOR369C,0,-2.2011585,0.03341815248131752,0.19699999690055847,0.5698000192642212
YDR529C,YDR130C,0,-2.2019818,0.03341248258948326,0.19699999690055847,0.5698999762535095
YOR084W,YOL005C,0,-2.2020135,0.0334068164229393,0.19699999690055847,0.5699999928474426
YLR219W,YMR205C,0,-2.2021844,0.03340115398168564,0.19699999690055847,0.5701000094413757
YKL130C,YPL154C,0,-2.2024434,0.033395491540431976,0.19699999690055847,0.5702000260353088
YAL058W,YDR330W,1,-2.202448,0.033559322357177734,0.1979999989271164,0.5702000260353088
YLL034C,YFR014C,0,-2.202702,0.03355363383889198,0.1979999989271164,0.5702999830245972
YEL012W,YKL186C,0,-2.2032304,0.03354794904589653,0.1979999989271164,0.5703999996185303
YOR145C,YIL084C,0,-2.205179,0.033542267978191376,0.1979999989271164,0.5705000162124634
YJL062W,YDL069C,0,-2.2056816,0.03353658691048622,0.1979999989271164,0.5705999732017517
YBR213W,YEL005C,0,-2.2057345,0.03353090584278107,0.1979999989271164,0.5706999897956848
YOL151W,YJR084W,0,-2.2060673,0.03352522850036621,0.1979999989271164,0.5708000063896179
YHR136C,YMR228W,0,-2.2061567,0.03351955488324165,0.1979999989271164,0.570900022983551
YGL126W,YHR149C,0,-2.2063699,0.033513881266117096,0.1979999989271164,0.5709999799728394
YDR038C,YCR047C,0,-2.20668,0.03350820764899254,0.1979999989271164,0.5710999965667725
YPR152C,YLR086W,0,-2.2071166,0.03350253775715828,0.1979999989271164,0.5712000131607056
YMR269W,YBL091C,0,-2.2071738,0.03349687159061432,0.1979999989271164,0.5713000297546387
YDL069C,YDR371W,0,-2.2072165,0.03349120542407036,0.1979999989271164,0.571399986743927
YPL130W,YMR175W,0,-2.2072995,0.0334855392575264,0.1979999989271164,0.5715000033378601
YHR111W,YIL019W,0,-2.2075648,0.033479876816272736,0.1979999989271164,0.5716000199317932
YDL077C,YOL147C,0,-2.2081573,0.03347421810030937,0.1979999989271164,0.5716999769210815
YBL055C,YBR295W,0,-2.208637,0.03346855938434601,0.1979999989271164,0.5717999935150146
YJL087C,YOL067C,0,-2.2087386,0.03346290439367294,0.1979999989271164,0.5719000101089478
YDR516C,YDR343C,0,-2.2095125,0.03345724940299988,0.1979999989271164,0.5720000267028809
YJR066W,YDL084W,0,-2.2100692,0.03345159813761711,0.1979999989271164,0.5720999836921692
YPR198W,YHR047C,0,-2.2101424,0.033445946872234344,0.1979999989271164,0.5722000002861023
YBR233W-A,YPL051W,0,-2.2101538,0.03344029560685158,0.1979999989271164,0.5723000168800354
YJL041W,YGL051W,0,-2.21019,0.03343465179204941,0.1979999989271164,0.5723999738693237
YMR063W,YNL121C,0,-2.2102158,0.03342900425195694,0.1979999989271164,0.5724999904632568
YMR314W,YOR249C,1,-2.2104788,0.03359216824173927,0.19900000095367432,0.5724999904632568
YER111C,YAL056W,0,-2.210652,0.033586498349905014,0.19900000095367432,0.5726000070571899
YBR069C,YLR292C,0,-2.2107916,0.033580828458070755,0.19900000095367432,0.572700023651123
YPL019C,YAL041W,0,-2.2111332,0.03357516601681709,0.19900000095367432,0.5727999806404114
YPL218W,YJL085W,0,-2.2119913,0.03356949985027313,0.19900000095367432,0.5728999972343445
YPL210C,YLR382C,0,-2.2121928,0.03356383740901947,0.19900000095367432,0.5730000138282776
YCR039C,YHR047C,0,-2.2125556,0.03355817869305611,0.19900000095367432,0.5730999708175659
YLR038C,YGR145W,0,-2.2126546,0.03355251997709274,0.19900000095367432,0.573199987411499
YLR098C,YML067C,0,-2.2127457,0.03354686498641968,0.19900000095367432,0.5733000040054321
YLR425W,YGL238W,0,-2.2127934,0.03354120999574661,0.19900000095367432,0.5734000205993652
YMR128W,YPR032W,0,-2.2134125,0.033535558730363846,0.19900000095367432,0.5734999775886536
YKL040C,YPR005C,0,-2.213591,0.03352990746498108,0.19900000095367432,0.5735999941825867
YKL080W,YDR111C,0,-2.2136042,0.03352425992488861,0.19900000095367432,0.5737000107765198
YEL053C,YDL141W,0,-2.2141192,0.03351861238479614,0.19900000095367432,0.5738000273704529
YGL219C,YGL021W,0,-2.2151878,0.03351296856999397,0.19900000095367432,0.5738999843597412
YMR153W,YJL052W,0,-2.2152982,0.0335073247551918,0.19900000095367432,0.5740000009536743
YKL190W,YNL250W,0,-2.2156904,0.03350168466567993,0.19900000095367432,0.5741000175476074
YPL252C,YKL048C,0,-2.2158182,0.03349604457616806,0.19900000095367432,0.5741999745368958
YGR085C,YNL103W,0,-2.2160957,0.03349040821194649,0.19900000095367432,0.5742999911308289
YDR353W,YLR244C,0,-2.2163749,0.033484771847724915,0.19900000095367432,0.574400007724762
YPR122W,YOR069W,0,-2.2167423,0.03347913920879364,0.19900000095367432,0.5745000243186951
YDR497C,YKL006C-A,0,-2.2168128,0.033473506569862366,0.19900000095367432,0.5745999813079834
YOR065W,YPL010W,0,-2.2168548,0.03346787765622139,0.19900000095367432,0.5746999979019165
YMR180C,YGL051W,0,-2.2169762,0.033462248742580414,0.19900000095367432,0.5748000144958496
YLL009C,YOR308C,0,-2.2170439,0.033456623554229736,0.19900000095367432,0.5748999714851379
YDR520C,YIR036C,0,-2.21747,0.03345099836587906,0.19900000095367432,0.574999988079071
YPL140C,YAL003W,0,-2.2174911,0.03344537690281868,0.19900000095367432,0.5751000046730042
YCR010C,YPL135W,0,-2.2175043,0.0334397591650486,0.19900000095367432,0.5752000212669373
YPL011C,YIL006W,0,-2.2177618,0.03343414142727852,0.19900000095367432,0.5752999782562256
YNR057C,YDR371W,0,-2.2182188,0.03342852368950844,0.19900000095367432,0.5753999948501587
YDR268W,YLR363C,0,-2.2188146,0.033422909677028656,0.19900000095367432,0.5755000114440918
YHR011W,YDR534C,0,-2.219041,0.033417295664548874,0.19900000095367432,0.5756000280380249
YNR001C,YGL137W,0,-2.219559,0.03341168537735939,0.19900000095367432,0.5756999850273132
YHR057C,YPL058C,0,-2.2198646,0.03340607509016991,0.19900000095367432,0.5758000016212463
YNL142W,YKL079W,0,-2.2198853,0.03340046852827072,0.19900000095367432,0.5759000182151794
YOR145C,YPR105C,0,-2.2199147,0.033394865691661835,0.19900000095367432,0.5759999752044678
YLR193C,YLR098C,0,-2.219942,0.03338926285505295,0.19900000095367432,0.5760999917984009
YLR383W,YIL027C,0,-2.220009,0.03338366001844406,0.19900000095367432,0.576200008392334
YLR092W,YLR006C,0,-2.2206163,0.03337806090712547,0.19900000095367432,0.5763000249862671
YDR377W,YIL009W,0,-2.221265,0.033372461795806885,0.19900000095367432,0.5763999819755554
YGR083C,YNL052W,0,-2.221333,0.033366866409778595,0.19900000095367432,0.5764999985694885
YDR524C,YPL031C,0,-2.2213888,0.033361274749040604,0.19900000095367432,0.5766000151634216
YDL045C,YLR435W,0,-2.2216055,0.03335568308830261,0.19900000095367432,0.57669997215271
YHR023W,YEL002C,0,-2.222059,0.03335009142756462,0.19900000095367432,0.5767999887466431
YGR063C,YHR073W,0,-2.2223256,0.03334450349211693,0.19900000095367432,0.5769000053405762
YGL249W,YGR134W,0,-2.2223656,0.033338919281959534,0.19900000095367432,0.5770000219345093
YOR391C,YLR289W,0,-2.222383,0.03333333507180214,0.19900000095367432,0.5770999789237976
YIR018W,YPR131C,0,-2.222973,0.033327750861644745,0.19900000095367432,0.5771999955177307
YOR349W,YNL267W,0,-2.2232695,0.03332217037677765,0.19900000095367432,0.5773000121116638
YIL088C,YOL140W,0,-2.2233307,0.03331658989191055,0.19900000095367432,0.5774000287055969
YOR216C,YLL013C,0,-2.2233517,0.033311013132333755,0.19900000095367432,0.5774999856948853
YOR357C,YAL039C,0,-2.2235262,0.033305440098047256,0.19900000095367432,0.5776000022888184
YOR008C,YHL006C,0,-2.2235339,0.03329986706376076,0.19900000095367432,0.5777000188827515
YOR334W,YIL119C,0,-2.2236304,0.03329429402947426,0.19900000095367432,0.5777999758720398
YPL019C,YDR205W,0,-2.223772,0.03328872472047806,0.19900000095367432,0.5778999924659729
YHR105W,YNR015W,0,-2.2237928,0.033283159136772156,0.19900000095367432,0.578000009059906
YLR287C-A,YPL091W,0,-2.223958,0.033277593553066254,0.19900000095367432,0.5781000256538391
YOL043C,YCL034W,0,-2.224119,0.03327202796936035,0.19900000095367432,0.5781999826431274
YJL048C,YHR027C,1,-2.2241676,0.03343363478779793,0.20000000298023224,0.5781999826431274
YMR184W,YNL008C,1,-2.2241871,0.03359518572688103,0.20100000500679016,0.5781999826431274
YAL041W,YBL082C,0,-2.2242434,0.033589571714401245,0.20100000500679016,0.5782999992370605
YLR113W,YEL061C,0,-2.2246425,0.03358396142721176,0.20100000500679016,0.5784000158309937
YDR021W,YIL084C,0,-2.2246997,0.03357835114002228,0.20100000500679016,0.578499972820282
YMR292W,YJR153W,0,-2.2247045,0.033572740852832794,0.20100000500679016,0.5785999894142151
YER068W,YCR072C,0,-2.2250617,0.03356713429093361,0.20100000500679016,0.5787000060081482
YBR214W,YGR029W,0,-2.2251854,0.033561527729034424,0.20100000500679016,0.5788000226020813
YKR105C,YER040W,0,-2.22528,0.03355592489242554,0.20100000500679016,0.5788999795913696
YPR156C,YPR133W-A,0,-2.2253983,0.03355032578110695,0.20100000500679016,0.5789999961853027
YLR147C,YEL061C,0,-2.225594,0.03354472666978836,0.20100000500679016,0.5791000127792358
YPR159W,YML097C,0,-2.2256582,0.03353912755846977,0.20100000500679016,0.579200029373169
YPR138C,YPL031C,0,-2.2257388,0.03353353217244148,0.20100000500679016,0.5792999863624573
YNL191W,YPR186C,0,-2.22595,0.03352794051170349,0.20100000500679016,0.5794000029563904
YNL262W,YCR093W,0,-2.2261326,0.0335223488509655,0.20100000500679016,0.5795000195503235
YIL030C,YAL058W,1,-2.2267294,0.03368350863456726,0.20200000703334808,0.5795000195503235
YMR137C,YMR218C,0,-2.2268355,0.03367789089679718,0.20200000703334808,0.5795999765396118
YMR304W,YIR006C,0,-2.2271354,0.0336722768843174,0.20200000703334808,0.5796999931335449
YLR386W,YKL161C,0,-2.2273333,0.033666666597127914,0.20200000703334808,0.579800009727478
YGR082W,YLR187W,0,-2.2277234,0.03366105630993843,0.20200000703334808,0.5799000263214111
YCL035C,YOR172W,0,-2.2279131,0.033655449748039246,0.20200000703334808,0.5799999833106995
YCR014C,YNR052C,0,-2.2284002,0.03364984318614006,0.20200000703334808,0.5800999999046326
YDL097C,YOR249C,1,-2.2288802,0.03381079435348511,0.2029999941587448,0.5800999999046326
YHR110W,YOR032C,0,-2.2293413,0.03380516171455383,0.2029999941587448,0.5802000164985657
YMR274C,YOL023W,0,-2.2293577,0.03379953280091286,0.2029999941587448,0.580299973487854
YLR285W,YMR101C,0,-2.2294986,0.03379390761256218,0.2029999941587448,0.5803999900817871
YMR070W,YKL014C,0,-2.2295792,0.0337882824242115,0.2029999941587448,0.5805000066757202
YDR416W,YPL137C,0,-2.2296169,0.03378266096115112,0.2029999941587448,0.5806000232696533
YGR040W,YPL183C,0,-2.229643,0.033777039498090744,0.2029999941587448,0.5806999802589417
YOL105C,YDL217C,0,-2.2297344,0.033771418035030365,0.2029999941587448,0.5807999968528748
YLL009C,YDL245C,0,-2.2300055,0.033765800297260284,0.2029999941587448,0.5809000134468079
YDR213W,YDR498C,0,-2.2300565,0.0337601862847805,0.2029999941587448,0.5809999704360962
YLR288C,YEL001C,0,-2.2302167,0.03375457227230072,0.2029999941587448,0.5810999870300293
YER151C,YIL061C,0,-2.23053,0.03374896198511124,0.2029999941587448,0.5812000036239624
YKR059W,YLR295C,0,-2.2305732,0.03374335169792175,0.2029999941587448,0.5813000202178955
YGR099W,YDR072C,0,-2.2311769,0.03373774141073227,0.2029999941587448,0.5813999772071838
YHR204W,YDR177W,1,-2.231263,0.033898305147886276,0.20399999618530273,0.5813999772071838
YPL154C,YJR118C,0,-2.2312672,0.033892672508955,0.20399999618530273,0.5814999938011169
YPR047W,YDL054C,0,-2.2313185,0.033887043595314026,0.20399999618530273,0.58160001039505
YBL052C,YMR035W,0,-2.2322748,0.03388141468167305,0.20399999618530273,0.5817000269889832
YOL070C,YCL044C,0,-2.2327597,0.03387578949332237,0.20399999618530273,0.5817999839782715
YOL076W,YBR198C,0,-2.2329333,0.033870164304971695,0.20399999618530273,0.5819000005722046
YLL031C,YBL061C,0,-2.2329433,0.033864542841911316,0.20399999618530273,0.5820000171661377
YOR092W,YDR229W,0,-2.232978,0.03385892137885094,0.20399999618530273,0.582099974155426
YGL155W,YDL245C,0,-2.2334642,0.033853303641080856,0.20399999618530273,0.5821999907493591
YMR218C,YDR236C,0,-2.2335858,0.033847685903310776,0.20399999618530273,0.5823000073432922
YDR423C,YGR089W,0,-2.233814,0.033842071890830994,0.20399999618530273,0.5824000239372253
YGR295C,YGR113W,0,-2.2341144,0.03383645787835121,0.20399999618530273,0.5824999809265137
YMR292W,YHR070W,0,-2.2342405,0.03383084759116173,0.20399999618530273,0.5825999975204468
YPR068C,YDL078C,0,-2.2344909,0.033825237303972244,0.20399999618530273,0.5827000141143799
YOL102C,YDL141W,0,-2.2346747,0.03381962701678276,0.20399999618530273,0.5827999711036682
YHR204W,YKL041W,1,-2.2347195,0.03397977724671364,0.20499999821186066,0.5827999711036682
YNL133C,YOR348C,0,-2.234791,0.03397414833307266,0.20499999821186066,0.5828999876976013
YDR201W,YMR230W,0,-2.2351797,0.03396851569414139,0.20499999821186066,0.5830000042915344
YNL223W,YJL219W,0,-2.2353458,0.03396289050579071,0.20499999821186066,0.5831000208854675
YAL063C,YBR279W,0,-2.2358415,0.03395726531744003,0.20499999821186066,0.5831999778747559
YGL226C-A,YFR005C,0,-2.2361157,0.033951640129089355,0.20499999821186066,0.583299994468689
YKL134C,YPL204W,0,-2.2361667,0.033946018666028976,0.20499999821186066,0.5834000110626221
YKL052C,YOR086C,0,-2.2365763,0.0339403972029686,0.20499999821186066,0.5835000276565552
YDL040C,YDL069C,0,-2.2370772,0.03393477946519852,0.20499999821186066,0.5835999846458435
YOR091W,YDR359C,0,-2.2371976,0.033929161727428436,0.20499999821186066,0.5837000012397766
YDR092W,YFL010W-A,0,-2.2378306,0.033923547714948654,0.20499999821186066,0.5838000178337097
YOL140W,YDR076W,0,-2.2378652,0.03391793370246887,0.20499999821186066,0.583899974822998
YDR517W,YLR008C,0,-2.237974,0.03391232341527939,0.20499999821186066,0.5839999914169312
YDR443C,YPR068C,0,-2.2382903,0.0339067168533802,0.20499999821186066,0.5841000080108643
YJL056C,YER162C,0,-2.2386599,0.03390110656619072,0.20499999821186066,0.5842000246047974
YKL166C,YLR150W,0,-2.2388537,0.03389550372958183,0.20499999821186066,0.5842999815940857
YMR184W,YKL022C,1,-2.2389958,0.03405521437525749,0.20600000023841858,0.5842999815940857
YJR053W,YBL089W,0,-2.2392051,0.034049585461616516,0.20600000023841858,0.5843999981880188
YIL068C,YDR021W,0,-2.2394316,0.03404396027326584,0.20600000023841858,0.5845000147819519
YOL032W,YKR002W,0,-2.2398126,0.03403833508491516,0.20600000023841858,0.5845999717712402
YAL024C,YNR028W,0,-2.2400553,0.034032709896564484,0.20600000023841858,0.5846999883651733
YPL127C,YHR174W,0,-2.241303,0.034027088433504105,0.20600000023841858,0.5848000049591064
YDL106C,YDR320C-A,0,-2.2418473,0.034021470695734024,0.20600000023841858,0.5849000215530396
YKL180W,YDR088C,0,-2.24198,0.034015852957963943,0.20600000023841858,0.5849999785423279
YCR039C,YPR200C,0,-2.2423525,0.03401023522019386,0.20600000023841858,0.585099995136261
YER109C,YPL137C,0,-2.2427385,0.03400462120771408,0.20600000023841858,0.5852000117301941
YIL046W,YMR276W,1,-2.2428296,0.034164052456617355,0.2070000022649765,0.5852000117301941
YMR017W,YNL288W,0,-2.2430823,0.03415841609239578,0.2070000022649765,0.5853000283241272
YAL058W,YOR117W,1,-2.2433174,0.03431776911020279,0.20800000429153442,0.5853000283241272
YPR111W,YPR001W,0,-2.2433822,0.03431210666894913,0.20800000429153442,0.5853999853134155
YER174C,YHR060W,0,-2.2439349,0.034306447952985764,0.20800000429153442,0.5855000019073486
YER036C,YMR213W,0,-2.244208,0.0343007929623127,0.20800000429153442,0.5856000185012817
YPL193W,YIR019C,0,-2.244247,0.034295134246349335,0.20800000429153442,0.5856999754905701
YJR063W,YBL014C,0,-2.2446482,0.03428948298096657,0.20800000429153442,0.5857999920845032
YNL191W,YAL051W,0,-2.2446506,0.0342838317155838,0.20800000429153442,0.5859000086784363
YDL112W,YGL005C,0,-2.2449367,0.034278180450201035,0.20800000429153442,0.5860000252723694
YGL151W,YDR091C,0,-2.245138,0.034272532910108566,0.20800000429153442,0.5860999822616577
YNR030W,YGR224W,0,-2.2452798,0.0342668853700161,0.20800000429153442,0.5861999988555908
YGL061C,YJL056C,0,-2.245521,0.03426124155521393,0.20800000429153442,0.5863000154495239
YGL107C,YJR053W,0,-2.2457016,0.03425559774041176,0.20800000429153442,0.5863999724388123
YIL145C,YOR253W,0,-2.2458572,0.03424995765089989,0.20800000429153442,0.5864999890327454
YAL028W,YIL135C,0,-2.2461224,0.034244321286678314,0.20800000429153442,0.5866000056266785
YLR293C,YHR175W,0,-2.2462623,0.03423868492245674,0.20800000429153442,0.5867000222206116
YOR060C,YDR479C,0,-2.246785,0.03423304855823517,0.20800000429153442,0.5867999792098999
YJL208C,YGR238C,0,-2.2468705,0.034227415919303894,0.20800000429153442,0.586899995803833
YJL029C,YJL173C,0,-2.246953,0.03422178328037262,0.20800000429153442,0.5870000123977661
YDR246W,YMR232W,0,-2.2473748,0.034216154366731644,0.20800000429153442,0.5871000289916992
YAR031W,YPR131C,0,-2.2476766,0.03421052545309067,0.20800000429153442,0.5871999859809875
YMR183C,YNL117W,0,-2.2478034,0.03420490026473999,0.20800000429153442,0.5873000025749207
YBR006W,YPL040C,0,-2.2479022,0.03419927507638931,0.20800000429153442,0.5874000191688538
YPL161C,YJR051W,0,-2.2479208,0.034193653613328934,0.20800000429153442,0.5874999761581421
YKL198C,YER086W,0,-2.2480779,0.03418803587555885,0.20800000429153442,0.5875999927520752
YIL046W,YER143W,1,-2.248791,0.03434675559401512,0.20900000631809235,0.5875999927520752
YKL195W,YNR041C,0,-2.2488048,0.03434111177921295,0.20900000631809235,0.5877000093460083
YFR030W,YGL006W,0,-2.2491229,0.03433546796441078,0.20900000631809235,0.5878000259399414
YIL052C,YNL032W,0,-2.2497685,0.03432982787489891,0.20900000631809235,0.5878999829292297
YHL004W,YDR309C,0,-2.249849,0.03432419151067734,0.20900000631809235,0.5879999995231628
YPL167C,YJL103C,0,-2.250334,0.034318555146455765,0.20900000631809235,0.588100016117096
YLR353W,YBR208C,0,-2.2505593,0.03431292250752449,0.20900000631809235,0.5881999731063843
YOR341W,YMR016C,0,-2.2507977,0.034307289868593216,0.20900000631809235,0.5882999897003174
YJL078C,YFR013W,0,-2.250976,0.03430165722966194,0.20900000631809235,0.5884000062942505
YHR105W,YLR314C,0,-2.2509987,0.034296028316020966,0.20900000631809235,0.5885000228881836
YPL116W,YDL040C,0,-2.251394,0.03429040312767029,0.20900000631809235,0.5885999798774719
YGL240W,YAL058W,1,-2.2515795,0.03444881737232208,0.20999999344348907,0.5885999798774719
YJL082W,YDR110W,0,-2.2516205,0.034443169832229614,0.20999999344348907,0.588699996471405
YBR289W,YNL227C,0,-2.2520664,0.034437522292137146,0.20999999344348907,0.5888000130653381
YER044C,YNL310C,0,-2.2523286,0.03443187475204468,0.20999999344348907,0.5889000296592712
YLR189C,YNR019W,0,-2.252331,0.03442623093724251,0.20999999344348907,0.5889999866485596
YNL261W,YOR167C,0,-2.2528143,0.03442058712244034,0.20999999344348907,0.5891000032424927
YKR103W,YGL210W,0,-2.252858,0.03441494703292847,0.20999999344348907,0.5892000198364258
YMR205C,YFL047W,0,-2.2534652,0.034409306943416595,0.20999999344348907,0.5892999768257141
YOL038W,YGR003W,1,-2.2535727,0.03456749767065048,0.210999995470047,0.5892999768257141
YNL297C,YJL097W,0,-2.2537515,0.03456183522939682,0.210999995470047,0.5893999934196472
YPL215W,YBR058C-A,0,-2.2538257,0.03455617278814316,0.210999995470047,0.5895000100135803
YBL051C,YLR192C,0,-2.2539923,0.034550514072179794,0.210999995470047,0.5896000266075134
YPL161C,YKL004W,0,-2.2541025,0.03454485908150673,0.210999995470047,0.5896999835968018
YOL062C,YFL056C,0,-2.2542346,0.034539204090833664,0.210999995470047,0.5898000001907349
YCL008C,YPL065W,1,-2.254504,0.034697216004133224,0.21199999749660492,0.5898000001907349
YOL152W,YCL061C,0,-2.2545764,0.03469153866171837,0.21199999749660492,0.589900016784668
YCL043C,YGL246C,0,-2.2549675,0.03468586504459381,0.21199999749660492,0.5899999737739563
YPR102C,YGR076C,0,-2.2551124,0.034680191427469254,0.21199999749660492,0.5900999903678894
YNL008C,YDR400W,1,-2.2555332,0.034838076680898666,0.21299999952316284,0.5900999903678894
YDL230W,YNL188W,0,-2.2561944,0.03483238071203232,0.21299999952316284,0.5902000069618225
YLR118C,YLR141W,0,-2.2562964,0.03482668474316597,0.21299999952316284,0.5903000235557556
YLR260W,YOL052C,0,-2.2566829,0.03482099249958992,0.21299999952316284,0.590399980545044
YLR093C,YEL065W,0,-2.2570117,0.03481530025601387,0.21299999952316284,0.590499997138977
YLR299W,YBR112C,0,-2.2570798,0.03480960801243782,0.21299999952316284,0.5906000137329102
YOR383C,YOR076C,0,-2.2580636,0.03480392321944237,0.21299999952316284,0.5906999707221985
YKL150W,YDR067C,0,-2.2580793,0.034798234701156616,0.21299999952316284,0.5907999873161316
YHR110W,YNR003C,0,-2.2581508,0.03479254990816116,0.21299999952316284,0.5909000039100647
YDL102W,YKL048C,0,-2.258486,0.03478686884045601,0.21299999952316284,0.5910000205039978
YNL129W,YJL101C,0,-2.2588751,0.034781187772750854,0.21299999952316284,0.5910999774932861
YDR469W,YNL308C,0,-2.2588933,0.034775510430336,0.21299999952316284,0.5911999940872192
YGR271W,YMR020W,0,-2.2591217,0.03476983308792114,0.21299999952316284,0.5913000106811523
YKL052C,YNL251C,0,-2.2593071,0.034764159470796585,0.21299999952316284,0.5914000272750854
YAR033W,YGR078C,0,-2.2611856,0.03475848585367203,0.21299999952316284,0.5914999842643738
YNL044W,YOR038C,0,-2.2612987,0.03475281596183777,0.21299999952316284,0.5916000008583069
YML101C,YNL135C,0,-2.261959,0.03474714607000351,0.21299999952316284,0.59170001745224
YKL089W,YNL259C,0,-2.262304,0.03474147617816925,0.21299999952316284,0.5917999744415283
YPR010C,YBL091C,0,-2.2623045,0.03473581373691559,0.21299999952316284,0.5918999910354614
YGL172W,YPR005C,0,-2.262398,0.03473014757037163,0.21299999952316284,0.5920000076293945
YKL205W,YHR047C,0,-2.2626283,0.034724485129117966,0.21299999952316284,0.5921000242233276
YGR234W,YLR246W,0,-2.2631223,0.0347188264131546,0.21299999952316284,0.592199981212616
YIL143C,YBR091C,0,-2.2633612,0.03471316769719124,0.21299999952316284,0.5922999978065491
YLR390W,YDL113C,0,-2.2634175,0.03470751270651817,0.21299999952316284,0.5924000144004822
YHR147C,YDR399W,0,-2.2639897,0.03470185771584511,0.21299999952316284,0.5924999713897705
YKR050W,YMR312W,0,-2.2642934,0.03469620645046234,0.21299999952316284,0.5925999879837036
YFL037W,YMR308C,0,-2.2646067,0.034690555185079575,0.21299999952316284,0.5927000045776367
YPL145C,YIL037C,0,-2.2646935,0.03468490391969681,0.21299999952316284,0.5928000211715698
YBL088C,YGL137W,0,-2.2650874,0.03467925637960434,0.21299999952316284,0.5928999781608582
YJR065C,YLR394W,0,-2.265247,0.03467361256480217,0.21299999952316284,0.5929999947547913
YGR047C,YHR082C,0,-2.265628,0.03466796875,0.21299999952316284,0.5931000113487244
YDR007W,YDR341C,0,-2.2659693,0.03466232866048813,0.21299999952316284,0.5932000279426575
YAL033W,YPR135W,0,-2.2662237,0.03465668857097626,0.21299999952316284,0.5932999849319458
YLR090W,YOR313C,0,-2.2663562,0.034651048481464386,0.21299999952316284,0.5934000015258789
YER177W,YOR195W,0,-2.2666528,0.03464541211724281,0.21299999952316284,0.593500018119812
YLL009C,YMR257C,0,-2.2666786,0.03463977947831154,0.21299999952316284,0.5935999751091003
YDR229W,YOL067C,0,-2.2668314,0.034634146839380264,0.21299999952316284,0.5936999917030334
YBR082C,YFR036W,1,-2.2672577,0.034791089594364166,0.21400000154972076,0.5936999917030334
YDR032C,YDL240W,0,-2.2676344,0.0347854346036911,0.21400000154972076,0.5938000082969666
YER164W,YOL005C,0,-2.2678893,0.034779783338308334,0.21400000154972076,0.5939000248908997
YDR497C,YML077W,0,-2.2680268,0.03477413207292557,0.21400000154972076,0.593999981880188
YDR268W,YOR311C,0,-2.2686527,0.0347684808075428,0.21400000154972076,0.5940999984741211
YOL133W,YML088W,1,-2.2689002,0.034925274550914764,0.2150000035762787,0.5940999984741211
YDR243C,YHR156C,0,-2.2689455,0.034919604659080505,0.2150000035762787,0.5942000150680542
YJR155W,YCL034W,0,-2.2696197,0.034913934767246246,0.2150000035762787,0.5942999720573425
YLR244C,YPL104W,0,-2.2697456,0.03490826487541199,0.2150000035762787,0.5943999886512756
YIL006W,YPR048W,0,-2.2697775,0.03490259870886803,0.2150000035762787,0.5945000052452087
YDR392W,YNL289W,0,-2.270314,0.034896932542324066,0.2150000035762787,0.5946000218391418
YER023W,YAL062W,0,-2.270365,0.034891270101070404,0.2150000035762787,0.5946999788284302
YIL018W,YEL001C,0,-2.2703888,0.03488560765981674,0.2150000035762787,0.5947999954223633
YBR050C,YGR188C,0,-2.2707167,0.03487994894385338,0.2150000035762787,0.5949000120162964
YBL034C,YDL084W,0,-2.2709098,0.034874290227890015,0.2150000035762787,0.5950000286102295
YIR025W,YDR219C,1,-2.27121,0.03503081575036049,0.2160000056028366,0.5950000286102295
YOR288C,YIL094C,0,-2.2712371,0.035025134682655334,0.2160000056028366,0.5950999855995178
YNL132W,YDR088C,0,-2.2712617,0.03501945361495018,0.2160000056028366,0.5952000021934509
YDL007W,YML088W,1,-2.2712777,0.035175878554582596,0.21699999272823334,0.5952000021934509
YDR045C,YPL183W-A,0,-2.2715797,0.03517017886042595,0.21699999272823334,0.595300018787384
YBR278W,YGR260W,0,-2.2716916,0.0351644791662693,0.21699999272823334,0.5953999757766724
YEL037C,YIR025W,1,-2.2722156,0.03532080352306366,0.21799999475479126,0.5953999757766724
YPR168W,YLR147C,0,-2.2722952,0.03531508147716522,0.21799999475479126,0.5954999923706055
YLR247C,YOR388C,0,-2.2723174,0.03530936315655708,0.21799999475479126,0.5956000089645386
YGL192W,YDL074C,0,-2.2730281,0.035303644835948944,0.21799999475479126,0.5957000255584717
YER038C,YMR232W,0,-2.2736967,0.035297926515340805,0.21799999475479126,0.59579998254776
YMR276W,YIL007C,1,-2.273902,0.03545410558581352,0.21899999678134918,0.59579998254776
YJL221C,YJL029C,0,-2.274025,0.03544836491346359,0.21899999678134918,0.5958999991416931
YKL093W,YOL059W,0,-2.2741895,0.03544262796640396,0.21899999678134918,0.5960000157356262
YGR286C,YAL053W,0,-2.274317,0.03543689474463463,0.21899999678134918,0.5960999727249146
YJL001W,YCL008C,1,-2.2743475,0.0355929471552372,0.2199999988079071,0.5960999727249146
YBR207W,YOR297C,0,-2.2745185,0.035587187856435776,0.2199999988079071,0.5961999893188477
YAR033W,YHL016C,0,-2.274709,0.03558143228292465,0.2199999988079071,0.5963000059127808
YNL268W,YMR061W,0,-2.2754831,0.03557568043470383,0.2199999988079071,0.5964000225067139
YPR046W,YGL016W,0,-2.2755167,0.035569928586483,0.2199999988079071,0.5964999794960022
YMR239C,YFR027W,0,-2.275818,0.035564176738262177,0.2199999988079071,0.5965999960899353
YOR158W,YMR306W,0,-2.275884,0.03555842861533165,0.2199999988079071,0.5967000126838684
YCL001W,YBL021C,0,-2.275902,0.03555268421769142,0.2199999988079071,0.5968000292778015
YCR002C,YML076C,0,-2.2763567,0.03554693982005119,0.2199999988079071,0.5968999862670898
YMR215W,YPR041W,0,-2.2765326,0.035541195422410965,0.2199999988079071,0.597000002861023
YMR319C,YGR009C,0,-2.2766418,0.035535454750061035,0.2199999988079071,0.597100019454956
YER174C,YHL003C,0,-2.2767603,0.035529714077711105,0.2199999988079071,0.5971999764442444
YER151C,YHL011C,0,-2.276959,0.035523977130651474,0.2199999988079071,0.5972999930381775
YEL016C,YLR268W,0,-2.2770562,0.03551824390888214,0.2199999988079071,0.5974000096321106
YKL062W,YKR020W,0,-2.2771533,0.03551251068711281,0.2199999988079071,0.5975000262260437
YPR026W,YDL065C,0,-2.2773716,0.035506777465343475,0.2199999988079071,0.597599983215332
YJR035W,YBR023C,0,-2.2775145,0.03550104796886444,0.2199999988079071,0.5976999998092651
YDR160W,YJL059W,0,-2.2775176,0.035495322197675705,0.2199999988079071,0.5978000164031982
YGR155W,YPL252C,0,-2.2776115,0.03548959642648697,0.2199999988079071,0.5978999733924866
YDR092W,YDR023W,0,-2.2776747,0.03548387065529823,0.2199999988079071,0.5979999899864197
YDR482C,YDL015C,0,-2.277823,0.035478148609399796,0.2199999988079071,0.5981000065803528
YLR430W,YGL198W,0,-2.2780592,0.03547242656350136,0.2199999988079071,0.5982000231742859
YDR443C,YHR047C,0,-2.2781556,0.03546670824289322,0.2199999988079071,0.5982999801635742
YBR243C,YLR395C,0,-2.2783701,0.03546099364757538,0.2199999988079071,0.5983999967575073
YOR101W,YBL089W,0,-2.2784529,0.03545527905225754,0.2199999988079071,0.5985000133514404
YDL108W,YLR263W,0,-2.278492,0.0354495644569397,0.2199999988079071,0.5985999703407288
YNL232W,YDR103W,0,-2.2786567,0.035443853586912155,0.2199999988079071,0.5986999869346619
YDR313C,YMR038C,0,-2.2787495,0.03543814271688461,0.2199999988079071,0.598800003528595
YNL044W,YDR205W,0,-2.27904,0.03543243557214737,0.2199999988079071,0.5989000201225281
YMR177W,YIL008W,0,-2.279304,0.035426732152700424,0.2199999988079071,0.5989999771118164
YER164W,YLR313C,0,-2.2793858,0.03542102873325348,0.2199999988079071,0.5990999937057495
YLR079W,YDL141W,0,-2.2793992,0.035415325313806534,0.2199999988079071,0.5992000102996826
YPL215W,YKL042W,0,-2.2800152,0.03540962561964989,0.2199999988079071,0.5993000268936157
YPL127C,YHR056C,0,-2.2800243,0.03540392592549324,0.2199999988079071,0.599399983882904
YPR041W,YIL009W,0,-2.2805464,0.03539822995662689,0.2199999988079071,0.5995000004768372
YNL180C,YDL036C,0,-2.2807546,0.035392533987760544,0.2199999988079071,0.5996000170707703
YOR110W,YBL063W,0,-2.2808285,0.035386841744184494,0.2199999988079071,0.5996999740600586
YGR046W,YOL028C,0,-2.281058,0.03538115322589874,0.2199999988079071,0.5997999906539917
YKR031C,YNL289W,0,-2.2812412,0.03537546098232269,0.2199999988079071,0.5999000072479248
YOR099W,YBR195C,0,-2.2812521,0.03536977618932724,0.2199999988079071,0.6000000238418579
YIR015W,YOR148C,0,-2.2813394,0.03536408767104149,0.2199999988079071,0.6000999808311462
YHR149C,YDR100W,0,-2.2817848,0.035358406603336334,0.2199999988079071,0.6001999974250793
YLR176C,YBR033W,0,-2.2820518,0.03535272553563118,0.2199999988079071,0.6003000140190125
YDR449C,YKL082C,0,-2.28215,0.035347044467926025,0.2199999988079071,0.6003999710083008
YKL090W,YGL169W,0,-2.2822418,0.03534136712551117,0.2199999988079071,0.6004999876022339
YDL185W,YNL023C,0,-2.28229,0.035335689783096313,0.2199999988079071,0.600600004196167
YDR358W,YML092C,1,-2.2825725,0.03549060598015785,0.22100000083446503,0.600600004196167
YDR358W,YDR427W,1,-2.2828236,0.03564547374844551,0.22200000286102295,0.600600004196167
YIL046W,YGL227W,1,-2.2830713,0.03580028936266899,0.22300000488758087,0.600600004196167
YDR160W,YJL045W,0,-2.283223,0.035794541239738464,0.22300000488758087,0.6007000207901001
YER125W,YOR091W,0,-2.28344,0.035788796842098236,0.22300000488758087,0.6007999777793884
YJR135W-A,YOR148C,0,-2.2837071,0.035783056169748306,0.22300000488758087,0.6008999943733215
YBR212W,YGR239C,0,-2.2844918,0.035777315497398376,0.22300000488758087,0.6010000109672546
YLR265C,YJR042W,0,-2.284544,0.03577157482504845,0.22300000488758087,0.6011000275611877
YDR002W,YFL049W,1,-2.2845833,0.035926222801208496,0.2240000069141388,0.6011000275611877
YJL066C,YDL142C,0,-2.2846437,0.035920463502407074,0.2240000069141388,0.6011999845504761
YOR044W,YNL079C,0,-2.284897,0.03591470420360565,0.2240000069141388,0.6013000011444092
YLL045C,YHR085W,0,-2.2849157,0.03590894490480423,0.2240000069141388,0.6014000177383423
YCL017C,YDR436W,0,-2.285021,0.035903189331293106,0.2240000069141388,0.6014999747276306
YHR081W,YLR045C,0,-2.2851493,0.03589743748307228,0.2240000069141388,0.6015999913215637
YGL240W,YPL096W,1,-2.2851722,0.0360519140958786,0.22499999403953552,0.6015999913215637
YOR037W,YLR276C,0,-2.286412,0.036046139895915985,0.22499999403953552,0.6017000079154968
YKR030W,YGR178C,0,-2.2864497,0.03604036569595337,0.22499999403953552,0.6018000245094299
YOR116C,YBL011W,0,-2.287231,0.03603459149599075,0.22499999403953552,0.6018999814987183
YGR112W,YDL192W,0,-2.2879689,0.036028824746608734,0.22499999403953552,0.6019999980926514
YMR032W,YBR294W,0,-2.2883837,0.03602305427193642,0.22499999403953552,0.6021000146865845
YML091C,YGL049C,0,-2.2885444,0.0360172875225544,0.22499999403953552,0.6021999716758728
YDR022C,YPR113W,0,-2.2886608,0.03601152449846268,0.22499999403953552,0.6022999882698059
YBL056W,YPR068C,0,-2.288946,0.036005761474370956,0.22499999403953552,0.602400004863739
YKL201C,YGL083W,0,-2.2890291,0.035999998450279236,0.22499999403953552,0.6025000214576721
YMR230W,YOR216C,0,-2.2897537,0.035994239151477814,0.22499999403953552,0.6025999784469604
YDR189W,YDL081C,0,-2.2900815,0.03598848357796669,0.22499999403953552,0.6026999950408936
YCL029C,YDR135C,0,-2.2905998,0.035982728004455566,0.22499999403953552,0.6028000116348267
YGL233W,YPR083W,0,-2.2907088,0.03597697615623474,0.22499999403953552,0.6029000282287598
YHR064C,YPL042C,0,-2.2907934,0.035971224308013916,0.22499999403953552,0.6029999852180481
YER167W,YJR042W,0,-2.2908564,0.03596547245979309,0.22499999403953552,0.6031000018119812
YOL071W,YPR200C,0,-2.2908962,0.035959724336862564,0.22499999403953552,0.6032000184059143
YPL173W,YOL002C,0,-2.2908967,0.035953979939222336,0.22499999403953552,0.6032999753952026
YBR060C,YBR182C,0,-2.2915318,0.03594823554158211,0.22499999403953552,0.6033999919891357
YER089C,YPL220W,0,-2.291548,0.03594249114394188,0.22499999403953552,0.6035000085830688
YDL061C,YAL025C,0,-2.291973,0.03593675047159195,0.22499999403953552,0.603600025177002
YLR315W,YLR318W,0,-2.2919774,0.03593101352453232,0.22499999403953552,0.6036999821662903
YBR273C,YLR380W,1,-2.292063,0.036084942519664764,0.22599999606609344,0.6036999821662903
YER185W,YIL171W,0,-2.2923944,0.03607918322086334,0.22599999606609344,0.6037999987602234
YMR246W,YNL189W,0,-2.292844,0.03607342392206192,0.22599999606609344,0.6039000153541565
YFR024C-A,YKL089W,0,-2.293126,0.036067668348550797,0.22599999606609344,0.6039999723434448
YHR171W,YIL070C,0,-2.2934482,0.03606191277503967,0.22599999606609344,0.6040999889373779
YMR133W,YNR059W,0,-2.2942064,0.03605615720152855,0.22599999606609344,0.604200005531311
YDL085W,YER072W,0,-2.2942703,0.036050405353307724,0.22599999606609344,0.6043000221252441
YGR004W,YML071C,0,-2.2945225,0.0360446572303772,0.22599999606609344,0.6043999791145325
YMR182C,YPL280W,0,-2.294749,0.03603890910744667,0.22599999606609344,0.6044999957084656
YMR150C,YKL181W,0,-2.2948115,0.03603316470980644,0.22599999606609344,0.6046000123023987
YPL193W,YPL048W,0,-2.2948606,0.036027420312166214,0.22599999606609344,0.6047000288963318
YLR447C,YJR059W,0,-2.2955701,0.036021675914525986,0.22599999606609344,0.6047999858856201
YNL055C,YLR147C,0,-2.2957146,0.036015935242176056,0.22599999606609344,0.6049000024795532
YOR257W,YBR005W,0,-2.2960777,0.036010198295116425,0.22599999606609344,0.6050000190734863
YCL008C,YDR330W,1,-2.2961023,0.03616377338767052,0.22699999809265137,0.6050000190734863
YDR263C,YNL156C,0,-2.2962701,0.036158010363578796,0.22699999809265137,0.6050999760627747
YLR259C,YDR329C,0,-2.2963207,0.03615225479006767,0.22699999809265137,0.6051999926567078
YIR025W,YAL058W,1,-2.296416,0.036305733025074005,0.2280000001192093,0.6051999926567078
YML095C,YCL034W,0,-2.296428,0.03629995137453079,0.2280000001192093,0.6053000092506409
YEL022W,YER052C,0,-2.2966297,0.03629417344927788,0.2280000001192093,0.605400025844574
YIL072W,YER020W,0,-2.2968705,0.03628839552402496,0.2280000001192093,0.6054999828338623
YBR150C,YDR392W,0,-2.297046,0.03628262132406235,0.2280000001192093,0.6055999994277954
YPR010C,YOR253W,0,-2.2972178,0.03627685084939003,0.2280000001192093,0.6057000160217285
YLR328W,YJR035W,0,-2.297571,0.03627108037471771,0.2280000001192093,0.6057999730110168
YKL135C,YCR107W,0,-2.2979286,0.036265309900045395,0.2280000001192093,0.60589998960495
YDR126W,YBR208C,0,-2.2983713,0.036259543150663376,0.2280000001192093,0.6060000061988831
YPL101W,YBL080C,0,-2.298463,0.03625377640128136,0.2280000001192093,0.6061000227928162
YKL082C,YMR186W,0,-2.2986102,0.036248013377189636,0.2280000001192093,0.6061999797821045
YDR443C,YLR344W,0,-2.2986307,0.036242250353097916,0.2280000001192093,0.6062999963760376
YDR416W,YDR317W,0,-2.2988257,0.036236491054296494,0.2280000001192093,0.6064000129699707
YDL117W,YNL070W,0,-2.2991092,0.03623073175549507,0.2280000001192093,0.6065000295639038
YLR248W,YNR028W,0,-2.2992063,0.03622497618198395,0.2280000001192093,0.6065999865531921
YJL073W,YBR273C,1,-2.299269,0.036378078162670135,0.2290000021457672,0.6065999865531921
YBR002C,YML076C,0,-2.299288,0.03637230023741722,0.2290000021457672,0.6067000031471252
YIL078W,YBL085W,0,-2.2993143,0.03636652231216431,0.2290000021457672,0.6068000197410583
YKL124W,YDL031W,0,-2.2996962,0.03636074811220169,0.2290000021457672,0.6068999767303467
YHR172W,YDR217C,0,-2.3009334,0.03635497763752937,0.2290000021457672,0.6069999933242798
YIL039W,YGR081C,0,-2.3012938,0.036349207162857056,0.2290000021457672,0.6071000099182129
YEL029C,YLR430W,0,-2.301462,0.03634343668818474,0.2290000021457672,0.607200026512146
YJR145C,YOR294W,0,-2.3017542,0.03633766993880272,0.2290000021457672,0.6072999835014343
YDL024C,YNL081C,0,-2.3027399,0.036331906914711,0.2290000021457672,0.6074000000953674
YPL233W,YBL014C,0,-2.3029473,0.03632614389061928,0.2290000021457672,0.6075000166893005
YNL298W,YGL163C,0,-2.3030164,0.03632038086652756,0.2290000021457672,0.6075999736785889
YMR285C,YOR192C,0,-2.3033283,0.036314621567726135,0.2290000021457672,0.607699990272522
YMR080C,YPL148C,0,-2.303437,0.03630886226892471,0.2290000021457672,0.6078000068664551
YDR528W,YIL130W,0,-2.3036902,0.03630310669541359,0.2290000021457672,0.6079000234603882
YBL030C,YBR002C,0,-2.3037412,0.036297354847192764,0.2290000021457672,0.6079999804496765
YHR204W,YBL041W,1,-2.3046253,0.03645008057355881,0.23000000417232513,0.6079999804496765
YLR043C,YMR215W,0,-2.304805,0.03644430264830589,0.23000000417232513,0.6080999970436096
YIL053W,YDR384C,0,-2.3051057,0.03643852844834328,0.23000000417232513,0.6082000136375427
YOL076W,YDR072C,0,-2.3058307,0.03643275797367096,0.23000000417232513,0.608299970626831
YJL200C,YDL135C,0,-2.305998,0.03642698749899864,0.23000000417232513,0.6083999872207642
YAL054C,YIL042C,0,-2.306233,0.03642122074961662,0.23000000417232513,0.6085000038146973
YNL052W,YCL050C,0,-2.3064177,0.036415454000234604,0.23000000417232513,0.6086000204086304
YGR144W,YGL169W,0,-2.3066826,0.036409687250852585,0.23000000417232513,0.6086999773979187
YIR025W,YNL311C,1,-2.3072817,0.036562204360961914,0.23100000619888306,0.6086999773979187
YIL072W,YLR363C,0,-2.307977,0.0365564189851284,0.23100000619888306,0.6087999939918518
YML104C,YBL021C,0,-2.308212,0.03655063360929489,0.23100000619888306,0.6089000105857849
YAL022C,YML041C,0,-2.3090484,0.03654485195875168,0.23100000619888306,0.609000027179718
YGR174C,YBR164C,0,-2.3092666,0.036539070308208466,0.23100000619888306,0.6090999841690063
YDR448W,YLR201C,0,-2.3095334,0.03653329238295555,0.23100000619888306,0.6092000007629395
YDR276C,YPL017C,0,-2.3098648,0.03652751445770264,0.23100000619888306,0.6093000173568726
YGR159C,YIL005W,0,-2.3102844,0.03652174025774002,0.23100000619888306,0.6093999743461609
YGL098W,YKL006C-A,0,-2.3107183,0.036515966057777405,0.23100000619888306,0.609499990940094
YJR140C,YGL127C,0,-2.311003,0.03651019558310509,0.23100000619888306,0.6096000075340271
YDR246W,YAR015W,0,-2.3110807,0.03650442510843277,0.23100000619888306,0.6097000241279602
YLR213C,YDR041W,0,-2.311108,0.03649865835905075,0.23100000619888306,0.6097999811172485
YJL112W,YDR270W,0,-2.3114884,0.03649289160966873,0.23100000619888306,0.6098999977111816
YBL005W,YGR179C,0,-2.3117712,0.03648712858557701,0.23100000619888306,0.6100000143051147
YLR163C,YAR035W,0,-2.3119287,0.03648136556148529,0.23100000619888306,0.6100999712944031
YHR204W,YFL025C,1,-2.312146,0.036633506417274475,0.23199999332427979,0.6100999712944031
YML107C,YNL063W,0,-2.312338,0.03662772476673126,0.23199999332427979,0.6101999878883362
YER055C,YER029C,0,-2.312355,0.03662194311618805,0.23199999332427979,0.6103000044822693
YLR350W,YNL188W,0,-2.3123975,0.036616161465644836,0.23199999332427979,0.6104000210762024
YER031C,YGL237C,0,-2.3127282,0.03661038354039192,0.23199999332427979,0.6104999780654907
YCR081W,YGR165W,0,-2.3128915,0.03660460561513901,0.23199999332427979,0.6105999946594238
YJR108W,YDR441C,0,-2.313256,0.03659883141517639,0.23199999332427979,0.6107000112533569
YLR287C-A,YKL032C,0,-2.3133123,0.036593060940504074,0.23199999332427979,0.61080002784729
YER017C,YHR096C,0,-2.313453,0.03658729046583176,0.23199999332427979,0.6108999848365784
YPR137W,YOL136C,0,-2.313635,0.03658151999115944,0.23199999332427979,0.6110000014305115
YML061C,YJR138W,0,-2.313729,0.03657575324177742,0.23199999332427979,0.6111000180244446
YNR050C,YKL166C,0,-2.3137302,0.0365699864923954,0.23199999332427979,0.6111999750137329
YCL018W,YPR133C,0,-2.3137486,0.03656422346830368,0.23199999332427979,0.611299991607666
YPR118W,YGR101W,0,-2.31408,0.03655846044421196,0.23199999332427979,0.6114000082015991
YAR018C,YER017C,0,-2.3143823,0.03655270114541054,0.23199999332427979,0.6115000247955322
YJL183W,YMR006C,0,-2.3145664,0.036546945571899414,0.23199999332427979,0.6115999817848206
YMR264W,YFL049W,1,-2.3147354,0.03669869154691696,0.2329999953508377,0.6115999817848206
YDR128W,YCL016C,0,-2.3151085,0.03669291362166405,0.2329999953508377,0.6116999983787537
YDL006W,YKL154W,0,-2.3155005,0.03668713569641113,0.2329999953508377,0.6118000149726868
YJL033W,YGR181W,0,-2.3156395,0.03668136149644852,0.2329999953508377,0.6118999719619751
YDL043C,YBR222C,0,-2.316519,0.0366755872964859,0.2329999953508377,0.6119999885559082
YLR120C,YDL192W,0,-2.3168013,0.036669813096523285,0.2329999953508377,0.6121000051498413
YDR092W,YBL074C,0,-2.3170903,0.03666404262185097,0.2329999953508377,0.6122000217437744
YOL122C,YPL254W,0,-2.3172672,0.03665827587246895,0.2329999953508377,0.6122999787330627
YLR314C,YLL045C,0,-2.317279,0.03665250912308693,0.2329999953508377,0.6123999953269958
YMR128W,YNL133C,0,-2.31756,0.03664674609899521,0.2329999953508377,0.612500011920929
YBR155W,YIL004C,0,-2.318548,0.03664098307490349,0.2329999953508377,0.6126000285148621
YMR286W,YLR153C,0,-2.31856,0.03663522005081177,0.2329999953508377,0.6126999855041504
YOL084W,YGR032W,0,-2.31857,0.036629460752010345,0.2329999953508377,0.6128000020980835
YGR165W,YLR249W,0,-2.318576,0.03662370145320892,0.2329999953508377,0.6129000186920166
YKL080W,YHR090C,0,-2.3187716,0.0366179458796978,0.2329999953508377,0.6129999756813049
YDR144C,YJL208C,0,-2.318878,0.036612194031476974,0.2329999953508377,0.613099992275238
YDR323C,YDL204W,0,-2.318901,0.03660644218325615,0.2329999953508377,0.6132000088691711
YMR298W,YLR357W,0,-2.318916,0.036600690335035324,0.2329999953508377,0.6133000254631042
YDR464W,YPL063W,0,-2.3191948,0.0365949422121048,0.2329999953508377,0.6133999824523926
YDR252W,YMR158W,0,-2.3194315,0.03658919781446457,0.2329999953508377,0.6134999990463257
YMR013C,YAR007C,0,-2.31972,0.03658344969153404,0.2329999953508377,0.6136000156402588
YMR285C,YMR152W,0,-2.3199542,0.03657770901918411,0.2329999953508377,0.6136999726295471
YPR175W,YKR090W,0,-2.3200002,0.03657196834683418,0.2329999953508377,0.6137999892234802
YGL192W,YMR123W,0,-2.3200564,0.03656622767448425,0.2329999953508377,0.6139000058174133
YKR064W,YGL238W,0,-2.3203576,0.03656049072742462,0.2329999953508377,0.6140000224113464
YIL046W,YDR330W,1,-2.320477,0.036711640655994415,0.23399999737739563,0.6140000224113464
YLR120C,YBR160W,0,-2.320773,0.03670588135719299,0.23399999737739563,0.6140999794006348
YFR050C,YDR219C,1,-2.3209271,0.036856964230537415,0.23499999940395355,0.6140999794006348
YOL129W,YBR193C,0,-2.3212962,0.0368511825799942,0.23499999940395355,0.6141999959945679
YBR257W,YGR165W,0,-2.3214924,0.03684540465474129,0.23499999940395355,0.614300012588501
YOR216C,YPL144W,0,-2.321715,0.03683963045477867,0.23499999940395355,0.6144000291824341
YKL051W,YJL198W,0,-2.3218548,0.036833856254816055,0.23499999940395355,0.6144999861717224
YJL079C,YDR347W,0,-2.3221395,0.03682808205485344,0.23499999940395355,0.6146000027656555
YBR040W,YDR499W,0,-2.3222451,0.03682231158018112,0.23499999940395355,0.6147000193595886
YDR473C,YKL090W,0,-2.3225882,0.0368165448307991,0.23499999940395355,0.614799976348877
YER027C,YPL254W,0,-2.3227057,0.036810778081417084,0.23499999940395355,0.6148999929428101
YBR170C,YPL065W,1,-2.3227081,0.036961629986763,0.23600000143051147,0.6148999929428101
YIL046W,YLR417W,1,-2.322767,0.03711243346333504,0.2370000034570694,0.6148999929428101
YBR297W,YKL053C-A,0,-2.3230355,0.03710662201046944,0.2370000034570694,0.6150000095367432
YJL019W,YLR160C,0,-2.3235493,0.037100814282894135,0.2370000034570694,0.6151000261306763
YDR096W,YCL029C,0,-2.3247871,0.03709500655531883,0.2370000034570694,0.6151999831199646
YMR013C,YJR066W,0,-2.3249922,0.03708920255303383,0.2370000034570694,0.6152999997138977
YDR358W,YNL311C,1,-2.3256016,0.03723986819386482,0.23800000548362732,0.6152999997138977
YMR043W,YPR083W,0,-2.3258789,0.03723404183983803,0.23800000548362732,0.6154000163078308
YMR227C,YHR142W,0,-2.3260791,0.03722821921110153,0.23800000548362732,0.6154999732971191
YIR023W,YPR005C,0,-2.3262022,0.037222396582365036,0.23800000548362732,0.6155999898910522
YGR144W,YHR117W,0,-2.3265061,0.03721657395362854,0.23800000548362732,0.6157000064849854
YOR159C,YER113C,0,-2.3268092,0.03721075505018234,0.23800000548362732,0.6158000230789185
YML125C,YCL025C,0,-2.3268178,0.037204939872026443,0.23800000548362732,0.6158999800682068
YDR383C,YNL242W,0,-2.327755,0.037199124693870544,0.23800000548362732,0.6159999966621399
YDR083W,YGR162W,0,-2.3280191,0.037193313241004944,0.23800000548362732,0.616100013256073
YPR073C,YGR223C,0,-2.3282106,0.03718750178813934,0.23800000548362732,0.6161999702453613
YMR264W,YNL172W,1,-2.3283336,0.03733791410923004,0.23899999260902405,0.6161999702453613
YER174C,YLR244C,0,-2.329045,0.03733208402991295,0.23899999260902405,0.6162999868392944
YLR364W,YGR072W,0,-2.3293695,0.037326253950595856,0.23899999260902405,0.6164000034332275
YCL024W,YDL247W,0,-2.3294737,0.03732042387127876,0.23899999260902405,0.6165000200271606
YDR463W,YPL157W,0,-2.3295577,0.03731459751725197,0.23899999260902405,0.616599977016449
YDR285W,YJR035W,0,-2.3299007,0.037308771163225174,0.23899999260902405,0.6166999936103821
YIL036W,YLR359W,0,-2.3299563,0.03730294853448868,0.23899999260902405,0.6168000102043152
YJL066C,YDR392W,0,-2.330004,0.03729712963104248,0.23899999260902405,0.6169000267982483
YOR384W,YKL042W,0,-2.3300312,0.03729131072759628,0.23899999260902405,0.6169999837875366
YML120C,YIL038C,0,-2.3310633,0.037285491824150085,0.23899999260902405,0.6171000003814697
YLR088W,YHR146W,0,-2.332277,0.037279676645994186,0.23899999260902405,0.6172000169754028
YNR011C,YOR327C,0,-2.332462,0.03727386146783829,0.23899999260902405,0.6172999739646912
YDR429C,YMR307W,0,-2.33262,0.03726805001497269,0.23899999260902405,0.6173999905586243
YER098W,YLR228C,0,-2.3331397,0.037262238562107086,0.23899999260902405,0.6175000071525574
YBR037C,YLR145W,0,-2.3331797,0.037256430834531784,0.23899999260902405,0.6176000237464905
YFL029C,YLR248W,0,-2.3333404,0.03725062310695648,0.23899999260902405,0.6176999807357788
YKL058W,YCL061C,0,-2.3333776,0.03724481910467148,0.23899999260902405,0.6177999973297119
YLR061W,YLR268W,0,-2.3333898,0.037239015102386475,0.23899999260902405,0.617900013923645
YGL090W,YDL106C,0,-2.333465,0.03723321482539177,0.23899999260902405,0.6179999709129333
YIL072W,YDR088C,0,-2.3336263,0.037227414548397064,0.23899999260902405,0.6180999875068665
YLR321C,YMR094W,0,-2.3339937,0.03722161799669266,0.23899999260902405,0.6182000041007996
YDL085W,YML015C,0,-2.3340595,0.03721582144498825,0.23899999260902405,0.6183000206947327
YMR290C,YPL144W,0,-2.3342242,0.037210024893283844,0.23899999260902405,0.618399977684021
YOR045W,YOL093W,0,-2.3343408,0.037204235792160034,0.23899999260902405,0.6184999942779541
YLR418C,YBR145W,0,-2.3348973,0.037198442965745926,0.23899999260902405,0.6186000108718872
YHR207C,YOR232W,0,-2.3349988,0.037192653864622116,0.23899999260902405,0.6187000274658203
YPL050C,YLR019W,0,-2.3357568,0.037186868488788605,0.23899999260902405,0.6187999844551086
YOL129W,YPL051W,0,-2.3359845,0.03718108311295509,0.23899999260902405,0.6189000010490417
YDR005C,YPL018W,0,-2.3361301,0.03717529773712158,0.23899999260902405,0.6190000176429749
YGL098W,YIL167W,0,-2.3365152,0.03716951608657837,0.23899999260902405,0.6190999746322632
YJL183W,YDR332W,0,-2.337035,0.037163738161325455,0.23899999260902405,0.6191999912261963
YBR087W,YGR286C,0,-2.3370986,0.03715796023607254,0.23899999260902405,0.6193000078201294
YEL037C,YFL025C,1,-2.3371887,0.037307631224393845,0.23999999463558197,0.6193000078201294
YMR123W,YJL191W,0,-2.3372095,0.03730183467268944,0.23999999463558197,0.6194000244140625
YJL170C,YMR220W,0,-2.3374848,0.03729603812098503,0.23999999463558197,0.6194999814033508
YBR069C,YJL178C,0,-2.3376977,0.037290241569280624,0.23999999463558197,0.6195999979972839
YKR028W,YOR032C,0,-2.337707,0.037284448742866516,0.23999999463558197,0.619700014591217
YHR136C,YOL078W,0,-2.337721,0.037278659641742706,0.23999999463558197,0.6197999715805054
YGL219C,YDR270W,0,-2.3380702,0.0372728668153286,0.23999999463558197,0.6198999881744385
YDR530C,YNL308C,0,-2.3392289,0.03726708143949509,0.23999999463558197,0.6200000047683716
YML047C,YOR324C,0,-2.3396027,0.037261296063661575,0.23999999463558197,0.6201000213623047
YBR050C,YDR082W,0,-2.3400815,0.037255510687828064,0.23999999463558197,0.620199978351593
YHR197W,YMR001C,0,-2.3401053,0.03724972903728485,0.23999999463558197,0.6202999949455261
YKR020W,YPL051W,0,-2.3403423,0.03724394738674164,0.23999999463558197,0.6204000115394592
YLR350W,YNR002C,0,-2.3407295,0.037238169461488724,0.23999999463558197,0.6205000281333923
YKL203C,YGR155W,0,-2.340889,0.03723239153623581,0.23999999463558197,0.6205999851226807
YDR036C,YGR175C,0,-2.3420231,0.03722661733627319,0.23999999463558197,0.6207000017166138
YBR150C,YLR145W,0,-2.3422942,0.03722084313631058,0.23999999463558197,0.6208000183105469
YLR188W,YOR032C,0,-2.3423946,0.03721507266163826,0.23999999463558197,0.6208999752998352
YJL170C,YML120C,0,-2.3423982,0.03720930218696594,0.23999999463558197,0.6209999918937683
YGL051W,YJL166W,0,-2.3425038,0.03720353543758392,0.23999999463558197,0.6211000084877014
YEL051W,YOL010W,0,-2.3427055,0.037197768688201904,0.23999999463558197,0.6212000250816345
YML070W,YFL021W,0,-2.3427732,0.037192001938819885,0.23999999463558197,0.6212999820709229
YLR196W,YEL017C-A,0,-2.342793,0.03718624264001846,0.23999999463558197,0.621399998664856
YBR278W,YDR204W,0,-2.3429828,0.03718047961592674,0.23999999463558197,0.6215000152587891
YPL189W,YGL053W,0,-2.343005,0.03717472031712532,0.23999999463558197,0.6215999722480774
YKL212W,YBR009C,0,-2.3430917,0.0371689647436142,0.23999999463558197,0.6216999888420105
YIL150C,YOR150W,0,-2.3435786,0.03716320917010307,0.23999999463558197,0.6218000054359436
YAL023C,YPL001W,0,-2.3439116,0.03715745359659195,0.23999999463558197,0.6219000220298767
YGR056W,YMR281W,0,-2.3442733,0.037151701748371124,0.23999999463558197,0.621999979019165
YIL046W,YDR328C,1,-2.3451693,0.037300728261470795,0.2409999966621399,0.621999979019165
YDR497C,YOR269W,0,-2.3451936,0.03729495406150818,0.2409999966621399,0.6220999956130981
YBL026W,YLR201C,0,-2.345353,0.03728918358683586,0.2409999966621399,0.6222000122070312
YOR270C,YCL025C,0,-2.345888,0.03728341683745384,0.2409999966621399,0.6223000288009644
YIL120W,YPL021W,0,-2.345914,0.03727765008807182,0.2409999966621399,0.6223999857902527
YER072W,YDR166C,0,-2.3460302,0.037271883338689804,0.2409999966621399,0.6225000023841858
YBR180W,YDR347W,0,-2.3460715,0.037266120314598083,0.2409999966621399,0.6226000189781189
YDR178W,YOR180C,0,-2.3462968,0.03726035729050636,0.2409999966621399,0.6226999759674072
YDR238C,YPR083W,0,-2.3465827,0.03725459799170494,0.2409999966621399,0.6227999925613403
YPL154C,YER041W,0,-2.3466756,0.03724884241819382,0.2409999966621399,0.6229000091552734
YFR036W,YML013W,1,-2.3469214,0.03739761933684349,0.24199999868869781,0.6229000091552734
YOR038C,YDR091C,0,-2.3473012,0.037391841411590576,0.24199999868869781,0.6230000257492065
YCL014W,YDL003W,0,-2.3473322,0.03738606348633766,0.24199999868869781,0.6230999827384949
YGR104C,YNL240C,0,-2.3474271,0.037380289286375046,0.24199999868869781,0.623199999332428
YNR035C,YHR058C,0,-2.347762,0.03737451881170273,0.24199999868869781,0.6233000159263611
YLR324W,YER008C,0,-2.3480966,0.03736874461174011,0.24199999868869781,0.6233999729156494
YPR186C,YLR234W,0,-2.3481467,0.03736297786235809,0.24199999868869781,0.6234999895095825
YLR102C,YBR082C,1,-2.3483799,0.03751157596707344,0.24300000071525574,0.6234999895095825
YMR237W,YDR052C,0,-2.3484378,0.03750578686594963,0.24300000071525574,0.6236000061035156
YFL033C,YBR296C,0,-2.3491693,0.03750000149011612,0.24300000071525574,0.6237000226974487
YGR234W,YER161C,0,-2.3497975,0.03749421238899231,0.24300000071525574,0.6237999796867371
YOR249C,YHR027C,1,-2.3500102,0.037642702460289,0.24400000274181366,0.6237999796867371
YDL216C,YPL148C,0,-2.3501444,0.0376368947327137,0.24400000274181366,0.6238999962806702
YAL002W,YIL109C,0,-2.3502724,0.037631090730428696,0.24400000274181366,0.6240000128746033
YFL048C,YGL021W,0,-2.350313,0.03762529045343399,0.24400000274181366,0.6241000294685364
YNL271C,YBR168W,0,-2.3505142,0.03761948645114899,0.24400000274181366,0.6241999864578247
YOR266W,YDR212W,0,-2.3505957,0.03761368989944458,0.24400000274181366,0.6243000030517578
YGR134W,YHR002W,0,-2.3506696,0.03760789334774017,0.24400000274181366,0.6244000196456909
YDL107W,YHR039C-A,0,-2.3506768,0.03760209679603577,0.24400000274181366,0.6244999766349792
YNL080C,YOL135C,0,-2.3510687,0.03759630024433136,0.24400000274181366,0.6245999932289124
YNR010W,YOR337W,0,-2.351954,0.03759051114320755,0.24400000274181366,0.6247000098228455
YGR081C,YLL018C-A,0,-2.3519795,0.03758471831679344,0.24400000274181366,0.6248000264167786
YPL099C,YHR149C,0,-2.3519876,0.03757893294095993,0.24400000274181366,0.6248999834060669
YHR011W,YJL192C,0,-2.352084,0.03757314383983612,0.24400000274181366,0.625
YOR156C,YGL126W,0,-2.3521638,0.03756735846400261,0.24400000274181366,0.6251000165939331
YKL183W,YJL109C,0,-2.3522549,0.037561576813459396,0.24400000274181366,0.6251999735832214
YKL054C,YML088W,1,-2.3522975,0.037709712982177734,0.24500000476837158,0.6251999735832214
YGR080W,YJL060W,0,-2.352935,0.03770390897989273,0.24500000476837158,0.6252999901771545
YDR253C,YGL161C,0,-2.3530972,0.037698108702898026,0.24500000476837158,0.6254000067710876
YOR381W,YNL185C,0,-2.353275,0.03769230842590332,0.24500000476837158,0.6255000233650208
YOL038W,YJL034W,1,-2.3535502,0.037840332835912704,0.2460000067949295,0.6255000233650208
YIL027C,YJR035W,0,-2.3541152,0.03783451393246651,0.2460000067949295,0.6255999803543091
YOR047C,YPL076W,0,-2.3541915,0.03782869502902031,0.2460000067949295,0.6256999969482422
YPR156C,YHL034C,0,-2.3542244,0.03782287985086441,0.2460000067949295,0.6258000135421753
YMR184W,YJL034W,1,-2.354246,0.03797079250216484,0.24699999392032623,0.6258000135421753
YGL136C,YOL117W,0,-2.3542688,0.03796495497226715,0.24699999392032623,0.6258999705314636
YNR030W,YIL084C,0,-2.3547075,0.03795912116765976,0.24699999392032623,0.6259999871253967
YAL053W,YLR313C,0,-2.3553092,0.03795328736305237,0.24699999392032623,0.6261000037193298
YNL221C,YCR024C,0,-2.3553581,0.037947457283735275,0.24699999392032623,0.6262000203132629
YPL111W,YGL223C,0,-2.3553739,0.03794162720441818,0.24699999392032623,0.6262999773025513
YJL048C,YNL008C,1,-2.3554184,0.038089387118816376,0.24799999594688416,0.6262999773025513
YDR189W,YGR134W,0,-2.3554528,0.03808353841304779,0.24799999594688416,0.6263999938964844
YDR481C,YGR217W,0,-2.3555598,0.038077689707279205,0.24799999594688416,0.6265000104904175
YGL014W,YIR012W,0,-2.3563626,0.03807184472680092,0.24799999594688416,0.6266000270843506
YKR101W,YER029C,0,-2.356702,0.03806599974632263,0.24799999594688416,0.6266999840736389
YGR047C,YPL033C,0,-2.3567607,0.038060158491134644,0.24799999594688416,0.626800000667572
YNL251C,YDR251W,0,-2.3568075,0.038054320961236954,0.24799999594688416,0.6269000172615051
YDR448W,YJL096W,0,-2.3569949,0.038048479706048965,0.24799999594688416,0.6269999742507935
YML076C,YER087C-B,0,-2.3572383,0.038042645901441574,0.24799999594688416,0.6270999908447266
YCL031C,YDL130W,0,-2.3577158,0.038036808371543884,0.24799999594688416,0.6272000074386597
YJR001W,YKL042W,0,-2.3577955,0.03803097829222679,0.24799999594688416,0.6273000240325928
YLR212C,YGR288W,0,-2.3584216,0.0380251444876194,0.24799999594688416,0.6273999810218811
YML028W,YMR145C,0,-2.3586552,0.03801931440830231,0.24799999594688416,0.6274999976158142
YOR219C,YKR034W,0,-2.3587968,0.03801348805427551,0.24799999594688416,0.6276000142097473
YFR049W,YPR186C,0,-2.358812,0.03800766170024872,0.24799999594688416,0.6276999711990356
YDL210W,YOL104C,0,-2.3588412,0.03800183907151222,0.24799999594688416,0.6277999877929688
YDL074C,YGL037C,0,-2.3592155,0.037996016442775726,0.24799999594688416,0.6279000043869019
YML116W,YKL020C,0,-2.359866,0.03799019753932953,0.24799999594688416,0.628000020980835
YMR314W,YFL049W,1,-2.3601468,0.038137540221214294,0.24899999797344208,0.628000020980835
YKL203C,YHR036W,0,-2.360483,0.038131698966026306,0.24899999797344208,0.6280999779701233
YDL135C,YIL056W,0,-2.3609536,0.038125861436128616,0.24899999797344208,0.6281999945640564
YDR406W,YNL103W,0,-2.3610559,0.038120023906230927,0.24899999797344208,0.6283000111579895
YDR375C,YNL128W,0,-2.361492,0.038114190101623535,0.24899999797344208,0.6284000277519226
YFR024C-A,YDL130W-A,0,-2.3616455,0.038108356297016144,0.24899999797344208,0.6284999847412109
YOL059W,YMR006C,0,-2.361831,0.03810252621769905,0.24899999797344208,0.628600001335144
YDR397C,YHR172W,0,-2.36227,0.03809669613838196,0.24899999797344208,0.6287000179290771
YJR083C,YCR054C,0,-2.362447,0.038090866059064865,0.24899999797344208,0.6287999749183655
YGL206C,YDR072C,0,-2.3626356,0.03808503970503807,0.24899999797344208,0.6288999915122986
YEL027W,YKR037C,0,-2.3627305,0.038079217076301575,0.24899999797344208,0.6290000081062317
YMR093W,YOR172W,0,-2.3633647,0.03807339444756508,0.24899999797344208,0.6291000247001648
YBR150C,YDR158W,0,-2.3635054,0.03806757554411888,0.24899999797344208,0.6291999816894531
YBR195C,YGR246C,0,-2.363567,0.038061756640672684,0.24899999797344208,0.6292999982833862
YNL055C,YBR248C,0,-2.3637774,0.038055937737226486,0.24899999797344208,0.6294000148773193
YNL032W,YGR103W,0,-2.3640754,0.03805012255907059,0.24899999797344208,0.6294999718666077
YAR027W,YOR103C,0,-2.3643034,0.03804430738091469,0.24899999797344208,0.6295999884605408
YNL031C,YPL148C,0,-2.3646054,0.03803849592804909,0.24899999797344208,0.6297000050544739
YDL006W,YOL052C,0,-2.3648038,0.038032688200473785,0.24899999797344208,0.629800021648407
YMR040W,YDR310C,0,-2.3650205,0.038026876747608185,0.24899999797344208,0.6298999786376953
YMR188C,YBL076C,0,-2.365319,0.03802107274532318,0.24899999797344208,0.6299999952316284
YOR059C,YER061C,0,-2.3660738,0.03801526874303818,0.24899999797344208,0.6301000118255615
YCL064C,YHR132C,0,-2.366382,0.038009464740753174,0.24899999797344208,0.6302000284194946
YDR377W,YIL042C,0,-2.3666961,0.03800366446375847,0.24899999797344208,0.630299985408783
YGL212W,YDL200C,0,-2.3667526,0.03799786418676376,0.24899999797344208,0.6304000020027161
YNL206C,YDL198C,0,-2.3669732,0.03799206763505936,0.24899999797344208,0.6305000185966492
YIR026C,YMR313C,0,-2.3670495,0.03798627108335495,0.24899999797344208,0.6305999755859375
YCR018C,YPL179W,0,-2.3670762,0.03798047453165054,0.24899999797344208,0.6306999921798706
YDR469W,YDR495C,0,-2.3674028,0.037974681705236435,0.24899999797344208,0.6308000087738037
YEL069C,YJL087C,0,-2.3675034,0.037968892604112625,0.24899999797344208,0.6309000253677368
YGR171C,YOR059C,0,-2.3677866,0.037963103502988815,0.24899999797344208,0.6309999823570251
YKL201C,YHR181W,0,-2.3682535,0.037957318127155304,0.24899999797344208,0.6310999989509583
YNR050C,YDL229W,0,-2.368278,0.03795153275132179,0.24899999797344208,0.6312000155448914
YDR244W,YBR089C-A,0,-2.3683736,0.03794574737548828,0.24899999797344208,0.6312999725341797
YPR138C,YOR123C,0,-2.3685434,0.03793996572494507,0.24899999797344208,0.6313999891281128
YLR404W,YBL051C,0,-2.3687227,0.037934187799692154,0.24899999797344208,0.6315000057220459
YKR008W,YGR189C,0,-2.3693922,0.03792840987443924,0.24899999797344208,0.631600022315979
YLR321C,YPL138C,0,-2.3694127,0.037922631949186325,0.24899999797344208,0.6316999793052673
YKL056C,YHR060W,0,-2.369717,0.03791685774922371,0.24899999797344208,0.6317999958992004
YEL030W,YCR093W,0,-2.3697662,0.03791108354926109,0.24899999797344208,0.6319000124931335
YNL191W,YOL018C,0,-2.370168,0.037905313074588776,0.24899999797344208,0.6320000290870667
YIL061C,YEL058W,0,-2.3701894,0.03789954259991646,0.24899999797344208,0.632099986076355
YGL061C,YDR107C,0,-2.3705719,0.03789377585053444,0.24899999797344208,0.6322000026702881
YFR024C-A,YBR264C,0,-2.3706944,0.03788800910115242,0.24899999797344208,0.6323000192642212
YMR032W,YOR126C,0,-2.3708742,0.0378822460770607,0.24899999797344208,0.6323999762535095
YLR389C,YBR131W,0,-2.371145,0.03787648305296898,0.24899999797344208,0.6324999928474426
YOR159C,YLR196W,0,-2.3715203,0.03787072375416756,0.24899999797344208,0.6326000094413757
YNL178W,YGL232W,0,-2.371666,0.037864964455366135,0.24899999797344208,0.6327000260353088
YLR451W,YGR200C,0,-2.372131,0.03785920515656471,0.24899999797344208,0.6327999830245972
YGL163C,YKL039W,0,-2.3721664,0.03785344958305359,0.24899999797344208,0.6328999996185303
YPR162C,YGL191W,0,-2.372376,0.037847697734832764,0.24899999797344208,0.6330000162124634
YGR154C,YPR161C,0,-2.3723915,0.03784194588661194,0.24899999797344208,0.6330999732017517
YLR330W,YGL116W,0,-2.3725605,0.03783619403839111,0.24899999797344208,0.6331999897956848
YNR070W,YCL014W,0,-2.3727198,0.03783044591546059,0.24899999797344208,0.6333000063896179
YJL048C,YDR400W,1,-2.3727753,0.03797660768032074,0.25,0.6333000063896179
YNL311C,YML013W,1,-2.3730109,0.03812272101640701,0.25099998712539673,0.6333000063896179
YJL005W,YKL089W,0,-2.373203,0.0381169319152832,0.25099998712539673,0.633400022983551
YER173W,YOL030W,0,-2.3733532,0.03811114653944969,0.25099998712539673,0.6334999799728394
YNR033W,YDR443C,0,-2.3734367,0.03810535743832588,0.25099998712539673,0.6335999965667725
YBR296C,YBR245C,0,-2.3735125,0.03809957578778267,0.25099998712539673,0.6337000131607056
YPL106C,YNL068C,0,-2.3737013,0.038093794137239456,0.25099998712539673,0.6338000297546387
YGR014W,YER151C,0,-2.3738434,0.03808801248669624,0.25099998712539673,0.633899986743927
YDR399W,YGL122C,0,-2.3739116,0.03808223456144333,0.25099998712539673,0.6340000033378601
YAL051W,YDR083W,0,-2.3739817,0.038076456636190414,0.25099998712539673,0.6341000199317932
YPL100W,YHL021C,0,-2.3747432,0.0380706824362278,0.25099998712539673,0.6341999769210815
YBR191W,YER002W,0,-2.3747451,0.03806490823626518,0.25099998712539673,0.6342999935150146
YJL106W,YDR421W,0,-2.374883,0.038059134036302567,0.25099998712539673,0.6344000101089478
YLR016C,YFR008W,0,-2.3751771,0.03805336728692055,0.25099998712539673,0.6345000267028809
YGL167C,YNL309W,0,-2.3752887,0.03804759681224823,0.25099998712539673,0.6345999836921692
YBL091C-A,YOR110W,0,-2.3753502,0.03804183006286621,0.25099998712539673,0.6347000002861023
YNL278W,YPL017C,0,-2.3755684,0.03803606703877449,0.25099998712539673,0.6348000168800354
YDR423C,YDL235C,0,-2.3758585,0.03803030401468277,0.25099998712539673,0.6348999738693237
YLR172C,YLR106C,0,-2.376269,0.03802454099059105,0.25099998712539673,0.6349999904632568
YPR037C,YDR107C,0,-2.3765757,0.03801878169178963,0.25099998712539673,0.6351000070571899
YOL124C,YDL135C,0,-2.3765788,0.0380130261182785,0.25099998712539673,0.635200023651123
YGR279C,YGR244C,0,-2.3768528,0.03800726681947708,0.25099998712539673,0.6352999806404114
YJR108W,YDL143W,0,-2.3769975,0.038001514971256256,0.25099998712539673,0.6353999972343445
YDL245C,YDR130C,0,-2.3775408,0.03799576312303543,0.25099998712539673,0.6355000138282776
YMR077C,YNL008C,1,-2.377555,0.038141366094350815,0.25200000405311584,0.6355000138282776
YIL002C,YHR167W,0,-2.3778903,0.0381355918943882,0.25200000405311584,0.6355999708175659
YNR003C,YGR246C,0,-2.3779156,0.03812982141971588,0.25200000405311584,0.635699987411499
YOR207C,YJR050W,0,-2.3779871,0.03812405467033386,0.25200000405311584,0.6358000040054321
YDR064W,YML059C,0,-2.3781135,0.03811828792095184,0.25200000405311584,0.6359000205993652
YPL049C,YHR117W,0,-2.3782177,0.038112521171569824,0.25200000405311584,0.6359999775886536
YBL014C,YKL016C,0,-2.3783138,0.038106758147478104,0.25200000405311584,0.6360999941825867
YIL070C,YDR300C,0,-2.378431,0.03810099884867668,0.25200000405311584,0.6362000107765198
YMR139W,YDR501W,0,-2.3784769,0.03809523954987526,0.25200000405311584,0.6363000273704529
YMR285C,YDL077C,0,-2.3785276,0.03808948025107384,0.25200000405311584,0.6363999843597412
YJL080C,YLR309C,0,-2.3786762,0.038083724677562714,0.25200000405311584,0.6365000009536743
YLR299W,YDR139C,0,-2.3787875,0.03807796910405159,0.25200000405311584,0.6366000175476074
YGL186C,YBR123C,0,-2.3791351,0.038072217255830765,0.25200000405311584,0.6366999745368958
YER027C,YMR227C,0,-2.3792818,0.03806646540760994,0.25200000405311584,0.6367999911308289
YJR033C,YKR066C,0,-2.3796334,0.03806071728467941,0.25200000405311584,0.636900007724762
YNL240C,YIL048W,0,-2.379823,0.038054969161748886,0.25200000405311584,0.6370000243186951
YBR276C,YHR179W,0,-2.3799887,0.03804922103881836,0.25200000405311584,0.6370999813079834
YDR356W,YGR101W,0,-2.3800745,0.03804347664117813,0.25200000405311584,0.6371999979019165
YHR143W,YGR124W,0,-2.380113,0.0380377359688282,0.25200000405311584,0.6373000144958496
YPL103C,YGR184C,0,-2.3802686,0.03803199529647827,0.25200000405311584,0.6373999714851379
YOR316C,YCR026C,0,-2.3804734,0.03802625462412834,0.25200000405311584,0.637499988079071
YBR279W,YEL059C-A,0,-2.381106,0.03802051767706871,0.25200000405311584,0.6376000046730042
YDR279W,YMR038C,0,-2.3811662,0.03801478445529938,0.25200000405311584,0.6377000212669373
YDR052C,YLL057C,0,-2.381572,0.038009051233530045,0.25200000405311584,0.6377999782562256
YNL246W,YMR145C,0,-2.3816183,0.03800331801176071,0.25200000405311584,0.6378999948501587
YGR081C,YOR086C,0,-2.3816602,0.03799758851528168,0.25200000405311584,0.6380000114440918
YCL018W,YCR026C,0,-2.3823926,0.03799185901880264,0.25200000405311584,0.6381000280380249
YFR030W,YML034W,0,-2.3824427,0.03798613324761391,0.25200000405311584,0.6381999850273132
YLR204W,YDL030W,0,-2.3825092,0.03798040747642517,0.25200000405311584,0.6383000016212463
YDR219C,YNL172W,1,-2.3826892,0.038125377148389816,0.2529999911785126,0.6383000016212463
YDL243C,YDR079W,0,-2.3828998,0.03811963275074959,0.2529999911785126,0.6384000182151794
YLR147C,YHR073W,0,-2.3830905,0.03811388835310936,0.2529999911785126,0.6384999752044678
YGL240W,YJR102C,1,-2.3832629,0.03825877234339714,0.2540000081062317,0.6384999752044678
YPR001W,YDR116C,0,-2.3833487,0.03825301304459572,0.2540000081062317,0.6385999917984009
YOR278W,YMR261C,0,-2.3833876,0.038247253745794296,0.2540000081062317,0.638700008392334
YOR346W,YGL238W,0,-2.3838465,0.038241494446992874,0.2540000081062317,0.6388000249862671
YGL240W,YIL075C,1,-2.3848138,0.038386270403862,0.2549999952316284,0.6388000249862671
YML004C,YLR187W,0,-2.3848827,0.038380492478609085,0.2549999952316284,0.6388999819755554
YLR427W,YAR015W,0,-2.3854067,0.03837471827864647,0.2549999952316284,0.6389999985694885
YKL154W,YNL287W,0,-2.3856552,0.03836894407868385,0.2549999952316284,0.6391000151634216
YBR267W,YJL134W,0,-2.3859034,0.03836316987872124,0.2549999952316284,0.63919997215271
YOL086C,YNL206C,0,-2.3860722,0.03835739940404892,0.2549999952316284,0.6392999887466431
YDR170C,YOL069W,0,-2.386942,0.0383516326546669,0.2549999952316284,0.6394000053405762
YIL046W,YDR054C,1,-2.3870142,0.038496240973472595,0.25600001215934753,0.6394000053405762
YPL105C,YIL009W,0,-2.3871825,0.038490451872348785,0.25600001215934753,0.6395000219345093
YHL038C,YKL013C,0,-2.387436,0.038484666496515274,0.25600001215934753,0.6395999789237976
YKL052C,YPR106W,0,-2.387471,0.03847888112068176,0.25600001215934753,0.6396999955177307
YJR022W,YDR110W,0,-2.3875391,0.03847309947013855,0.25600001215934753,0.6398000121116638
YGL225W,YHR147C,0,-2.3875973,0.03846731781959534,0.25600001215934753,0.6399000287055969
YDR075W,YML074C,0,-2.3876143,0.03846153989434242,0.25600001215934753,0.6399999856948853
YKR002W,YOL061W,0,-2.3879197,0.03845576196908951,0.25600001215934753,0.6401000022888184
YGR103W,YGL009C,0,-2.3883889,0.038449984043836594,0.25600001215934753,0.6402000188827515
YBR094W,YLL043W,0,-2.3884008,0.03844420984387398,0.25600001215934753,0.6402999758720398
YOR069W,YDR047W,0,-2.3887584,0.03843843936920166,0.25600001215934753,0.6403999924659729
YKL130C,YGR222W,0,-2.3888342,0.03843266889452934,0.25600001215934753,0.640500009059906
YPL177C,YER109C,0,-2.3889368,0.038426898419857025,0.25600001215934753,0.6406000256538391
YER015W,YEL017C-A,0,-2.3891547,0.038421131670475006,0.25600001215934753,0.6406999826431274
YLL021W,YDR388W,0,-2.3895495,0.03841536492109299,0.25600001215934753,0.6407999992370605
YPR102C,YCR046C,0,-2.389651,0.038409601897001266,0.25600001215934753,0.6409000158309937
YNL084C,YOL069W,0,-2.3898213,0.038403838872909546,0.25600001215934753,0.640999972820282
YHL031C,YKL164C,0,-2.3901165,0.038398079574108124,0.25600001215934753,0.6410999894142151
YMR256C,YDR440W,0,-2.3909187,0.0383923202753067,0.25600001215934753,0.6412000060081482
YLR377C,YBR240C,0,-2.3911154,0.03838656470179558,0.25600001215934753,0.6413000226020813
YDR254W,YIL143C,0,-2.3911998,0.038380809128284454,0.25600001215934753,0.6413999795913696
YIR025W,YKL054C,1,-2.3914015,0.03852495923638344,0.25699999928474426,0.6413999795913696
YDR363W-A,YGL240W,1,-2.3914149,0.03866906464099884,0.257999986410141,0.6413999795913696
YKL014C,YGL115W,0,-2.3914998,0.038663268089294434,0.257999986410141,0.6414999961853027
YER044C-A,YHR120W,0,-2.3916008,0.038657475262880325,0.257999986410141,0.6416000127792358
YJL208C,YBR146W,0,-2.3917558,0.038651686161756516,0.257999986410141,0.641700029373169
YDR482C,YJR053W,0,-2.3918245,0.038645897060632706,0.257999986410141,0.6417999863624573
YMR234W,YBR295W,0,-2.3918786,0.038640107959508896,0.257999986410141,0.6419000029563904
YPR043W,YDR128W,0,-2.3919704,0.038634322583675385,0.257999986410141,0.6420000195503235
YMR188C,YOR264W,0,-2.3920624,0.03862853720784187,0.257999986410141,0.6420999765396118
YIL046W,YPL002C,1,-2.3924584,0.03877245634794235,0.2590000033378601,0.6420999765396118
YKR048C,YOL011W,0,-2.3929603,0.03876665234565735,0.2590000033378601,0.6421999931335449
YKR009C,YBR195C,0,-2.3934047,0.038760848343372345,0.2590000033378601,0.642300009727478
YHR011W,YGL106W,0,-2.3935246,0.03875505179166794,0.2590000033378601,0.6424000263214111
YBR058C,YML063W,0,-2.3935287,0.03874925151467323,0.2590000033378601,0.6424999833106995
YNL031C,YLR120C,0,-2.3942022,0.038743454962968826,0.2590000033378601,0.6425999999046326
YCL017C,YNL242W,0,-2.394509,0.03873766213655472,0.2590000033378601,0.6427000164985657
YIL088C,YBR195C,0,-2.394857,0.03873186931014061,0.2590000033378601,0.642799973487854
YOL056W,YHR194W,0,-2.3948882,0.0387260764837265,0.2590000033378601,0.6428999900817871
YMR177W,YBR283C,0,-2.395251,0.03872028738260269,0.2590000033378601,0.6430000066757202
YPL151C,YER095W,0,-2.3961105,0.03871449828147888,0.2590000033378601,0.6431000232696533
YGL139W,YOL090W,0,-2.3965778,0.03870871290564537,0.2590000033378601,0.6431999802589417
YDR301W,YOR258W,0,-2.3966525,0.03870292752981186,0.2590000033378601,0.6432999968528748
YDR103W,YAL056W,0,-2.3968003,0.038697145879268646,0.2590000033378601,0.6434000134468079
YOR069W,YOR351C,0,-2.396808,0.03869136422872543,0.2590000033378601,0.6434999704360962
YNL306W,YDL059C,0,-2.397182,0.03868558630347252,0.2590000033378601,0.6435999870300293
YPL138C,YGL238W,0,-2.3977375,0.038679808378219604,0.2590000033378601,0.6437000036239624
YDR251W,YDR004W,0,-2.398082,0.03867403417825699,0.2590000033378601,0.6438000202178955
YHR088W,YGL191W,0,-2.398101,0.03866825997829437,0.2590000033378601,0.6438999772071838
YMR304W,YNL221C,0,-2.3981016,0.03866248577833176,0.2590000033378601,0.6439999938011169
YDR212W,YDL028C,0,-2.3983212,0.03865671530365944,0.2590000033378601,0.64410001039505
YDR512C,YNL287W,0,-2.3984005,0.03865094855427742,0.2590000033378601,0.6442000269889832
YMR019W,YGL129C,0,-2.399022,0.0386451818048954,0.2590000033378601,0.6442999839782715
YEL032W,YDR079W,0,-2.3990614,0.03863941505551338,0.2590000033378601,0.6444000005722046
YPL173W,YDL171C,0,-2.3993385,0.03863365203142166,0.2590000033378601,0.6445000171661377
YHR010W,YLR401C,0,-2.3995914,0.03862788900732994,0.2590000033378601,0.644599974155426
YKL014C,YCR047C,0,-2.3996346,0.03862212970852852,0.2590000033378601,0.6446999907493591
YPL196W,YDR368W,0,-2.4000294,0.0386163704097271,0.2590000033378601,0.6448000073432922
YPL176C,YOR249C,1,-2.400099,0.03875968977808952,0.25999999046325684,0.6448000073432922
YMR142C,YMR005W,0,-2.4002888,0.03875391185283661,0.25999999046325684,0.6449000239372253
YOL124C,YIL020C,0,-2.4010131,0.03874813765287399,0.25999999046325684,0.6449999809265137
YOR002W,YNR057C,0,-2.4015,0.03874236345291138,0.25999999046325684,0.6450999975204468
YIR009W,YGL115W,0,-2.4015334,0.03873659297823906,0.25999999046325684,0.6452000141143799
YDR481C,YMR192W,0,-2.4016817,0.03873082250356674,0.25999999046325684,0.6452999711036682
YJR121W,YGR113W,0,-2.4017231,0.038725052028894424,0.25999999046325684,0.6453999876976013
YMR070W,YCR047C,0,-2.4019883,0.038719285279512405,0.25999999046325684,0.6455000042915344
YDL060W,YFL036W,0,-2.402039,0.038713518530130386,0.25999999046325684,0.6456000208854675
YKL117W,YOL136C,0,-2.402455,0.038707755506038666,0.25999999046325684,0.6456999778747559
YOR136W,YBR295W,0,-2.4025486,0.038701996207237244,0.25999999046325684,0.645799994468689
YCL067C,YGL115W,0,-2.4027712,0.03869623318314552,0.25999999046325684,0.6459000110626221
YAL010C,YNL214W,0,-2.4027936,0.0386904776096344,0.25999999046325684,0.6460000276565552
YPL178W,YBR240C,0,-2.4031515,0.03868471831083298,0.25999999046325684,0.6460999846458435
YOR092W,YGR061C,0,-2.4040973,0.038678962737321854,0.25999999046325684,0.6462000012397766
YMR183C,YER017C,0,-2.404848,0.03867321088910103,0.25999999046325684,0.6463000178337097
YKR066C,YGR112W,0,-2.404934,0.0386674590408802,0.25999999046325684,0.646399974822998
YOL125W,YDR381W,0,-2.4054692,0.038661710917949677,0.25999999046325684,0.6464999914169312
YBL005W,YKL043W,0,-2.4055078,0.03865596279501915,0.25999999046325684,0.6466000080108643
YPL210C,YML005W,0,-2.4057426,0.03865021467208862,0.25999999046325684,0.6467000246047974
YHR156C,YER029C,0,-2.4057984,0.038644470274448395,0.25999999046325684,0.6467999815940857
YNL066W,YHR103W,0,-2.4062965,0.038638729602098465,0.25999999046325684,0.6468999981880188
YBR294W,YPL004C,0,-2.4066324,0.03863298520445824,0.25999999046325684,0.6470000147819519
YPL099C,YER145C,0,-2.4067354,0.038627248257398605,0.25999999046325684,0.6470999717712402
YIR032C,YOL012C,0,-2.406804,0.038621507585048676,0.25999999046325684,0.6471999883651733
YPR008W,YKR104W,0,-2.4073558,0.03861577436327934,0.25999999046325684,0.6473000049591064
YER115C,YKR105C,0,-2.4077914,0.03861003741621971,0.25999999046325684,0.6474000215530396
YAL058W,YML013W,1,-2.4079773,0.038752783089876175,0.26100000739097595,0.6474000215530396
YLR389C,YOR272W,0,-2.4086,0.03874703124165535,0.26100000739097595,0.6474999785423279
YDR228C,YGR185C,0,-2.4086573,0.038741279393434525,0.26100000739097595,0.647599995136261
YOL086C,YGL238W,0,-2.4087808,0.038735531270504,0.26100000739097595,0.6477000117301941
YFR050C,YHR108W,1,-2.4089448,0.038878172636032104,0.2619999945163727,0.6477000117301941
YIL033C,YJL006C,0,-2.4090114,0.03887240216135979,0.2619999945163727,0.6478000283241272
YOR136W,YPR048W,0,-2.4091244,0.03886663541197777,0.2619999945163727,0.6478999853134155
YCL031C,YKL060C,0,-2.409125,0.03886087238788605,0.2619999945163727,0.6480000019073486
YEL037C,YJL034W,1,-2.4092486,0.0390034094452858,0.2630000114440918,0.6480000019073486
YKL185W,YOR373W,0,-2.4093215,0.038997627794742584,0.2630000114440918,0.6481000185012817
YOR099W,YJR052W,0,-2.409354,0.03899184614419937,0.2630000114440918,0.6481999754905701
YDL134C,YIL052C,0,-2.4098928,0.03898606449365616,0.2630000114440918,0.6482999920845032
YAL002W,YBL051C,0,-2.4099095,0.038980286568403244,0.2630000114440918,0.6484000086784363
YOR359W,YHR051W,0,-2.4100144,0.03897451236844063,0.2630000114440918,0.6485000252723694
YPL196W,YDL106C,0,-2.4101646,0.038968734443187714,0.2630000114440918,0.6485999822616577
YBR289W,YPL159C,0,-2.410198,0.038962963968515396,0.2630000114440918,0.6486999988555908
YFR027W,YLR285W,0,-2.410228,0.03895718976855278,0.2630000114440918,0.6488000154495239
YOR290C,YPR113W,0,-2.411072,0.03895142301917076,0.2630000114440918,0.6488999724388123
YAL019W,YDL028C,0,-2.4113457,0.038945652544498444,0.2630000114440918,0.6489999890327454
YJR046W,YMR228W,0,-2.4117336,0.038939885795116425,0.2630000114440918,0.6491000056266785
YLR141W,YDR498C,0,-2.411753,0.038934122771024704,0.2630000114440918,0.6492000222206116
YNL078W,YPL151C,0,-2.4118204,0.03892835974693298,0.2630000114440918,0.6492999792098999
YPL239W,YML016C,0,-2.4120874,0.03892260044813156,0.2630000114440918,0.649399995803833
YOR043W,YPL001W,0,-2.412161,0.03891684114933014,0.2630000114440918,0.6495000123977661
YAL019W,YOR189W,0,-2.4123979,0.03891108185052872,0.2630000114440918,0.6496000289916992
YKL054C,YER143W,1,-2.4124663,0.03905325382947922,0.2639999985694885,0.6496000289916992
YNL283C,YDR105C,0,-2.4124737,0.0390474796295166,0.2639999985694885,0.6496999859809875
YLR213C,YBL061C,0,-2.4125226,0.039041705429553986,0.2639999985694885,0.6498000025749207
YNL094W,YOR273C,0,-2.413028,0.03903593122959137,0.2639999985694885,0.6499000191688538
YBL056W,YEL065W,0,-2.4131577,0.03903016075491905,0.2639999985694885,0.6499999761581421
YGR040W,YGR081C,0,-2.4133408,0.039024390280246735,0.2639999985694885,0.6500999927520752
YLR079W,YDL101C,0,-2.4139388,0.039018623530864716,0.2639999985694885,0.6502000093460083
YGL227W,YOR249C,1,-2.4140193,0.039160631597042084,0.26499998569488525,0.6502000093460083
YPL176C,YIL007C,1,-2.414111,0.03930259868502617,0.26600000262260437,0.6502000093460083
YMR004W,YBR283C,0,-2.4143558,0.039296794682741165,0.26600000262260437,0.6503000259399414
YBR248C,YDL098C,0,-2.4145145,0.03929099068045616,0.26600000262260437,0.6503999829292297
YER089C,YDR368W,0,-2.4148302,0.03928518667817116,0.26600000262260437,0.6504999995231628
YER185W,YHL006C,0,-2.4153473,0.03927938640117645,0.26600000262260437,0.650600016117096
YPL103C,YML060W,0,-2.415521,0.03927358612418175,0.26600000262260437,0.6506999731063843
YMR312W,YCL061C,0,-2.415633,0.03926778957247734,0.26600000262260437,0.6507999897003174
YPL026C,YNL261W,0,-2.4158108,0.039261993020772934,0.26600000262260437,0.6509000062942505
YGL064C,YBR208C,0,-2.4162977,0.039256200194358826,0.26600000262260437,0.6510000228881836
YNL267W,YER126C,0,-2.416353,0.03925040736794472,0.26600000262260437,0.6510999798774719
YDR511W,YPL146C,0,-2.4163978,0.03924461454153061,0.26600000262260437,0.651199996471405
YNL180C,YPL253C,0,-2.41655,0.0392388254404068,0.26600000262260437,0.6513000130653381
YOR253W,YCL061C,0,-2.4168608,0.03923304006457329,0.26600000262260437,0.6514000296592712
YPL176C,YDR069C,1,-2.4169037,0.03937472403049469,0.2669999897480011,0.6514000296592712
YKR099W,YGL213C,0,-2.4172041,0.03936891630291939,0.2669999897480011,0.6514999866485596
YJL059W,YHR041C,0,-2.417247,0.039363112300634384,0.2669999897480011,0.6516000032424927
YDR263C,YMR240C,0,-2.417751,0.03935731202363968,0.2669999897480011,0.6517000198364258
YPR182W,YPL092W,0,-2.4178698,0.039351511746644974,0.2669999897480011,0.6517999768257141
YPR072W,YDR448W,0,-2.4183462,0.03934571146965027,0.2669999897480011,0.6518999934196472
YJL081C,YHR160C,0,-2.4184105,0.03933991491794586,0.2669999897480011,0.6520000100135803
YMR243C,YKL078W,0,-2.4185596,0.039334118366241455,0.2669999897480011,0.6521000266075134
YIL079C,YIL061C,0,-2.418831,0.03932832553982735,0.2669999897480011,0.6521999835968018
YCR024C,YML055W,0,-2.419324,0.03932253271341324,0.2669999897480011,0.6523000001907349
YIR011C,YDL008W,1,-2.419463,0.03946399688720703,0.2680000066757202,0.6523000001907349
YBR192W,YDR469W,0,-2.4195836,0.03945818543434143,0.2680000066757202,0.652400016784668
YKL110C,YKL126W,0,-2.4200172,0.03945237770676613,0.2680000066757202,0.6524999737739563
YLR154C,YGL040C,0,-2.4201043,0.039446569979190826,0.2680000066757202,0.6525999903678894
YOR380W,YPL048W,0,-2.420244,0.03944076597690582,0.2680000066757202,0.6527000069618225
YBL091C,YPL147W,0,-2.420294,0.03943496197462082,0.2680000066757202,0.6528000235557556
YOR324C,YGR179C,0,-2.4203184,0.039429161697626114,0.2680000066757202,0.652899980545044
YDL003W,YDR451C,0,-2.4203315,0.03942336142063141,0.2680000066757202,0.652999997138977
YOR363C,YBL034C,0,-2.4205358,0.039417561143636703,0.2680000066757202,0.6531000137329102
YLR080W,YBL021C,0,-2.4207432,0.0394117645919323,0.2680000066757202,0.6531999707221985
YDR481C,YLR390W-A,0,-2.4211018,0.03940596804022789,0.2680000066757202,0.6532999873161316
YPL049C,YGL251C,0,-2.4211566,0.03940017521381378,0.2680000066757202,0.6534000039100647
YNL309W,YDL093W,0,-2.4215112,0.03939438611268997,0.2680000066757202,0.6535000205039978
YBR248C,YPR131C,0,-2.421585,0.039388593286275864,0.2680000066757202,0.6535999774932861
YHR172W,YDR150W,0,-2.4220123,0.03938280791044235,0.2680000066757202,0.6536999940872192
YLR154C,YBR061C,0,-2.4222229,0.03937701880931854,0.2680000066757202,0.6538000106811523
YNL078W,YPL104W,0,-2.422574,0.03937123715877533,0.2680000066757202,0.6539000272750854
YOL071W,YDR004W,0,-2.4226563,0.03936545178294182,0.2680000066757202,0.6539999842643738
YMR207C,YPL028W,0,-2.4226696,0.039359670132398605,0.2680000066757202,0.6541000008583069
YLL022C,YJR051W,0,-2.4230106,0.03935389220714569,0.2680000066757202,0.65420001745224
YIL142W,YPR162C,0,-2.423022,0.039348114281892776,0.2680000066757202,0.6542999744415283
YCL052C,YLR380W,1,-2.4230497,0.03948913514614105,0.26899999380111694,0.6542999744415283
YDR128W,YMR275C,0,-2.423072,0.039483342319726944,0.26899999380111694,0.6543999910354614
YPL156C,YER008C,0,-2.4234495,0.03947754576802254,0.26899999380111694,0.6545000076293945
YBL064C,YGL203C,0,-2.4235818,0.03947175294160843,0.26899999380111694,0.6546000242233276
YDR416W,YDL138W,0,-2.4240468,0.03946596384048462,0.26899999380111694,0.654699981212616
YNL159C,YDR054C,1,-2.4241188,0.039606865495443344,0.27000001072883606,0.654699981212616
YPR166C,YDL102W,0,-2.4243367,0.03960105776786804,0.27000001072883606,0.6547999978065491
YDR466W,YLR318W,0,-2.4243374,0.03959525004029274,0.27000001072883606,0.6549000144004822
YCR105W,YFR025C,0,-2.42462,0.03958944231271744,0.27000001072883606,0.6549999713897705
YKL020C,YDR296W,0,-2.4246428,0.039583638310432434,0.27000001072883606,0.6550999879837036
YOR048C,YDR371W,0,-2.424727,0.03957783803343773,0.27000001072883606,0.6552000045776367
YFR036W,YLR380W,1,-2.4247353,0.03971859812736511,0.2709999978542328,0.6552000045776367
YGL030W,YMR289W,0,-2.4251225,0.039712779223918915,0.2709999978542328,0.6553000211715698
YIL115C,YKL182W,0,-2.425123,0.03970696032047272,0.2709999978542328,0.6553999781608582
YEL024W,YGR112W,0,-2.4252834,0.03970114141702652,0.2709999978542328,0.6554999947547913
YCR036W,YDL240W,0,-2.4253035,0.03969532623887062,0.2709999978542328,0.6556000113487244
YBR060C,YGR288W,0,-2.425441,0.03968951478600502,0.2709999978542328,0.6557000279426575
YOL026C,YPL061W,0,-2.4256113,0.03968370333313942,0.2709999978542328,0.6557999849319458
YNL180C,YNR057C,0,-2.425763,0.03967789188027382,0.2709999978542328,0.6559000015258789
YLR130C,YDR130C,0,-2.426037,0.03967208415269852,0.2709999978542328,0.656000018119812
YOL076W,YDR075W,0,-2.4261866,0.039666276425123215,0.2709999978542328,0.6560999751091003
YBR082C,YNL172W,1,-2.426246,0.03980682045221329,0.2720000147819519,0.6560999751091003
YEL037C,YER143W,1,-2.4262486,0.03994732350111008,0.27300000190734863,0.6560999751091003
YLR200W,YGL191W,0,-2.4262888,0.03994147852063179,0.27300000190734863,0.6561999917030334
YDR358W,YDR219C,1,-2.4262958,0.040081918239593506,0.27399998903274536,0.6561999917030334
YDR416W,YHR041C,0,-2.4263291,0.040076058357954025,0.27399998903274536,0.6563000082969666
YOR359W,YPL220W,0,-2.4269056,0.040070194751024246,0.27399998903274536,0.6564000248908997
YHR148W,YOL072W,0,-2.4273484,0.040064338594675064,0.27399998903274536,0.656499981880188
YKL150W,YFL036W,0,-2.4274893,0.040058478713035583,0.27399998903274536,0.6565999984741211
YDR160W,YPR113W,0,-2.4276032,0.0400526225566864,0.27399998903274536,0.6567000150680542
YDR118W,YML088W,1,-2.4276285,0.040192924439907074,0.2750000059604645,0.6567000150680542
YML011C,YNL167C,0,-2.4277709,0.0401870533823967,0.2750000059604645,0.6567999720573425
YGR184C,YOL065C,0,-2.428194,0.04018118232488632,0.2750000059604645,0.6568999886512756
YOR036W,YHR209W,0,-2.4282076,0.040175311267375946,0.2750000059604645,0.6570000052452087
YER161C,YNL244C,0,-2.4282253,0.04016944020986557,0.2750000059604645,0.6571000218391418
YEL024W,YIL093C,0,-2.4284656,0.04016357660293579,0.2750000059604645,0.6571999788284302
YNL001W,YKL126W,0,-2.428699,0.040157709270715714,0.2750000059604645,0.6572999954223633
YMR094W,YGR199W,0,-2.4287524,0.040151845663785934,0.2750000059604645,0.6574000120162964
YOR381W,YBR245C,0,-2.4288335,0.040145985782146454,0.2750000059604645,0.6575000286102295
YDL051W,YDL080C,0,-2.4289396,0.04014012590050697,0.2750000059604645,0.6575999855995178
YEL017C-A,YBR142W,0,-2.4289467,0.04013426601886749,0.2750000059604645,0.6577000021934509
YGR222W,YLR381W,0,-2.429717,0.04012840986251831,0.2750000059604645,0.657800018787384
YCL067C,YPL007C,0,-2.4297538,0.04012255743145943,0.2750000059604645,0.6578999757766724
YIL153W,YGR194C,0,-2.4297981,0.040116701275110245,0.2750000059604645,0.6579999923706055
YOL125W,YNL076W,0,-2.429896,0.04011085256934166,0.2750000059604645,0.6581000089645386
YDR175C,YLR153C,0,-2.430014,0.040105003863573074,0.2750000059604645,0.6582000255584717
YMR020W,YJR138W,0,-2.4300725,0.04009915515780449,0.2750000059604645,0.65829998254776
YDR082W,YHR085W,0,-2.4302127,0.040093306452035904,0.2750000059604645,0.6583999991416931
YMR168C,YER046W,0,-2.4303427,0.040087465196847916,0.2750000059604645,0.6585000157356262
YCL008C,YMR022W,1,-2.4303536,0.04022737219929695,0.2759999930858612,0.6585000157356262
YIR009W,YOR103C,0,-2.430505,0.04022150859236717,0.2759999930858612,0.6585999727249146
YER126C,YKL013C,0,-2.4305222,0.04021564871072769,0.2759999930858612,0.6586999893188477
YJL057C,YOR189W,0,-2.4305947,0.04020978882908821,0.2759999930858612,0.6588000059127808
YBR155W,YPL271W,0,-2.4306843,0.04020393267273903,0.2759999930858612,0.6589000225067139
YMR314W,YFL025C,1,-2.4310584,0.04034372419118881,0.2770000100135803,0.6589000225067139
YDL075W,YOR272W,0,-2.4315813,0.04033784940838814,0.2770000100135803,0.6589999794960022
YIL051C,YNL068C,0,-2.4323342,0.04033197462558746,0.2770000100135803,0.6590999960899353
YGR034W,YML055W,0,-2.432825,0.04032610356807709,0.2770000100135803,0.6592000126838684
YMR006C,YPL126W,0,-2.4330695,0.04032023251056671,0.2770000100135803,0.6593000292778015
YKR090W,YNR059W,0,-2.4331827,0.040314365178346634,0.2770000100135803,0.6593999862670898
YCR060W,YGR244C,0,-2.4334142,0.040308497846126556,0.2770000100135803,0.659500002861023
YHR025W,YIL048W,0,-2.4334238,0.04030263423919678,0.2770000100135803,0.659600019454956
YGL171W,YOL020W,0,-2.4335105,0.040296770632267,0.2770000100135803,0.6596999764442444
YMR247C,YPL058C,0,-2.4336638,0.04029091075062752,0.2770000100135803,0.6597999930381775
YHR120W,YKR027W,0,-2.433794,0.04028505086898804,0.2770000100135803,0.6599000096321106
YOR070C,YDL051W,0,-2.4342759,0.040279190987348557,0.2770000100135803,0.6600000262260437
YCR026C,YBL082C,0,-2.4344501,0.040273334830999374,0.2770000100135803,0.660099983215332
YPL253C,YML095C,0,-2.434476,0.04026748239994049,0.2770000100135803,0.6601999998092651
YHR110W,YGR204W,0,-2.4350674,0.04026162624359131,0.2770000100135803,0.6603000164031982
YOL051W,YMR186W,0,-2.4357116,0.04025577753782272,0.2770000100135803,0.6603999733924866
YPR108W,YJL048C,1,-2.4363413,0.040395233780145645,0.27799999713897705,0.6603999733924866
YKR019C,YLR120C,0,-2.4364998,0.04038936644792557,0.27799999713897705,0.6604999899864197
YOR222W,YGL094C,0,-2.4368145,0.04038349911570549,0.27799999713897705,0.6606000065803528
YML102W,YOL123W,0,-2.4369833,0.04037763178348541,0.27799999713897705,0.6607000231742859
YGL040C,YGR089W,0,-2.437196,0.040371768176555634,0.27799999713897705,0.6607999801635742
YBR172C,YCR004C,0,-2.4374115,0.04036590829491615,0.27799999713897705,0.6608999967575073
YAL040C,YDR188W,0,-2.437544,0.040360044687986374,0.27799999713897705,0.6610000133514404
YPL096W,YDR219C,1,-2.4376402,0.04049934819340706,0.27900001406669617,0.6610000133514404
YPL040C,YNL304W,0,-2.4382741,0.040493469685316086,0.27900001406669617,0.6610999703407288
YML076C,YPL051W,0,-2.4383042,0.04048759117722511,0.27900001406669617,0.6611999869346619
YOR372C,YGR142W,0,-2.438763,0.04048171639442444,0.27900001406669617,0.661300003528595
YPR135W,YNL023C,0,-2.4387841,0.04047584533691406,0.27900001406669617,0.6614000201225281
YPL065W,YOR117W,1,-2.4389014,0.0406150259077549,0.2800000011920929,0.6614000201225281
YLR404W,YGR188C,0,-2.4399817,0.04060913622379303,0.2800000011920929,0.6614999771118164
YLR425W,YPL147W,0,-2.440468,0.04060324653983116,0.2800000011920929,0.6615999937057495
YLR207W,YOL133W,1,-2.4407518,0.04074235260486603,0.2809999883174896,0.6615999937057495
YAL041W,YPR021C,0,-2.441024,0.04073644429445267,0.2809999883174896,0.6617000102996826
YHR120W,YPL033C,0,-2.4410684,0.040730539709329605,0.2809999883174896,0.6618000268936157
YHR027C,YFL025C,1,-2.4413419,0.040869563817977905,0.28200000524520874,0.6618000268936157
YCL067C,YIL021W,0,-2.4414647,0.04086364433169365,0.28200000524520874,0.661899983882904
YPL022W,YBR086C,0,-2.4427211,0.040857721120119095,0.28200000524520874,0.6620000004768372
YER098W,YPL031C,0,-2.4427712,0.04085180535912514,0.28200000524520874,0.6621000170707703
YEL012W,YDR473C,0,-2.442792,0.04084588587284088,0.28200000524520874,0.6621999740600586
YJL183W,YER173W,0,-2.4435163,0.040839970111846924,0.28200000524520874,0.6622999906539917
YDR092W,YKL144C,0,-2.443637,0.040834058076143265,0.28200000524520874,0.6624000072479248
YJL108C,YPL001W,0,-2.4436555,0.040828146040439606,0.28200000524520874,0.6625000238418579
YHR207C,YGR281W,0,-2.443802,0.04082223400473595,0.28200000524520874,0.6625999808311462
YOR068C,YPR155C,0,-2.4438145,0.040816325694322586,0.28200000524520874,0.6626999974250793
YBR074W,YGL236C,0,-2.4438317,0.040810421109199524,0.28200000524520874,0.6628000140190125
YCR030C,YPL252C,0,-2.4440947,0.04080451279878616,0.28200000524520874,0.6628999710083008
YLR055C,YJR050W,0,-2.4441931,0.0407986119389534,0.28200000524520874,0.6629999876022339
YDR100W,YJL180C,0,-2.44431,0.040792711079120636,0.28200000524520874,0.663100004196167
YPL177C,YKL108W,0,-2.44433,0.04078681021928787,0.28200000524520874,0.6632000207901001
YBR129C,YFR005C,0,-2.4448245,0.04078090935945511,0.28200000524520874,0.6632999777793884
YMR009W,YIR032C,0,-2.4448981,0.04077501595020294,0.28200000524520874,0.6633999943733215
YLR447C,YJR130C,0,-2.445257,0.04076911881566048,0.28200000524520874,0.6635000109672546
YOR372C,YPR049C,0,-2.4455724,0.04076322540640831,0.28200000524520874,0.6636000275611877
YJL194W,YBR282W,0,-2.4456916,0.04075733572244644,0.28200000524520874,0.6636999845504761
YNL185C,YLR234W,0,-2.446071,0.04075144603848457,0.28200000524520874,0.6638000011444092
YLR106C,YLR228C,0,-2.446196,0.040745556354522705,0.28200000524520874,0.6639000177383423
YOR156C,YHR114W,0,-2.4462612,0.040739670395851135,0.28200000524520874,0.6639999747276306
YNL232W,YML051W,0,-2.4463973,0.040733784437179565,0.28200000524520874,0.6640999913215637
YOR065W,YDR028C,0,-2.4467657,0.040727902203798294,0.28200000524520874,0.6642000079154968
YDR437W,YPL011C,0,-2.4468577,0.04072201997041702,0.28200000524520874,0.6643000245094299
YBR082C,YFL049W,1,-2.4469247,0.04086052626371384,0.28299999237060547,0.6643000245094299
YJL141C,YGR218W,0,-2.4470854,0.04085462540388107,0.28299999237060547,0.6643999814987183
YGL107C,YOL125W,0,-2.4471548,0.04084872826933861,0.28299999237060547,0.6644999980926514
YOL121C,YNL185C,0,-2.4473283,0.04084283486008644,0.28299999237060547,0.6646000146865845
YNL286W,YDR341C,0,-2.4473999,0.040836941450834274,0.28299999237060547,0.6646999716758728
YMR276W,YKL022C,1,-2.4480727,0.04097532853484154,0.2840000092983246,0.6646999716758728
YJL080C,YPL224C,0,-2.4487164,0.04096941649913788,0.2840000092983246,0.6647999882698059
YJR117W,YLR247C,0,-2.4493158,0.04096350818872452,0.2840000092983246,0.664900004863739
YJL081C,YHR143W,0,-2.4498084,0.04095759987831116,0.2840000092983246,0.6650000214576721
YGR082W,YPL043W,0,-2.4498138,0.040951695293188095,0.2840000092983246,0.6650999784469604
YOL104C,YNR045W,0,-2.45025,0.04094579070806503,0.2840000092983246,0.6651999950408936
YDR527W,YNL080C,0,-2.4505694,0.04093988612294197,0.2840000092983246,0.6653000116348267
YDR060W,YER086W,0,-2.4510598,0.04093398526310921,0.2840000092983246,0.6654000282287598
YDR470C,YJL101C,0,-2.451514,0.04092808812856674,0.2840000092983246,0.6654999852180481
YJL165C,YPR138C,0,-2.4517457,0.04092219099402428,0.2840000092983246,0.6656000018119812
YKR062W,YOR242C,0,-2.451805,0.04091629385948181,0.2840000092983246,0.6657000184059143
YIL053W,YBR022W,0,-2.4522893,0.040910400450229645,0.2840000092983246,0.6657999753952026
YDR510W,YOR258W,0,-2.4526336,0.04090450704097748,0.2840000092983246,0.6658999919891357
YDR463W,YPR081C,0,-2.4526565,0.04089861735701561,0.2840000092983246,0.6660000085830688
YBR037C,YLR383W,0,-2.4526792,0.04089272767305374,0.2840000092983246,0.666100025177002
YMR035W,YLR353W,0,-2.4528465,0.04088684171438217,0.2840000092983246,0.6661999821662903
YFL045C,YDR031W,0,-2.453486,0.0408809557557106,0.2840000092983246,0.6662999987602234
YJL156C,YDR430C,0,-2.4535482,0.04087507352232933,0.2840000092983246,0.6664000153541565
YCR018C,YML071C,0,-2.454308,0.04086919128894806,0.2840000092983246,0.6664999723434448
YDL154W,YGL191W,0,-2.4543545,0.04086330905556679,0.2840000092983246,0.6665999889373779
YJR001W,YKL089W,0,-2.454467,0.040857430547475815,0.2840000092983246,0.666700005531311
YBR196C,YOL020W,0,-2.4548726,0.04085155203938484,0.2840000092983246,0.6668000221252441
YHR067W,YAL034W-A,0,-2.4551423,0.04084567725658417,0.2840000092983246,0.6668999791145325
YMR204C,YER180C,0,-2.4552822,0.04083980619907379,0.2840000092983246,0.6669999957084656
YDR140W,YPL063W,0,-2.4553213,0.04083393141627312,0.2840000092983246,0.6671000123023987
YJL095W,YHR014W,0,-2.4559448,0.04082806035876274,0.2840000092983246,0.6672000288963318
YNL149C,YDL105W,0,-2.4562378,0.040822193026542664,0.2840000092983246,0.6672999858856201
YNL158W,YKL186C,0,-2.4564364,0.040816325694322586,0.2840000092983246,0.6674000024795532
YMR125W,YLL018C-A,0,-2.4571502,0.04081046208739281,0.2840000092983246,0.6675000190734863
YER036C,YMR005W,0,-2.4572003,0.04080459848046303,0.2840000092983246,0.6675999760627747
YMR319C,YLR181C,0,-2.4574971,0.04079873487353325,0.2840000092983246,0.6676999926567078
YEL056W,YDR246W,0,-2.4577637,0.04079287499189377,0.2840000092983246,0.6678000092506409
YMR182C,YBL085W,0,-2.4578478,0.040787018835544586,0.2840000092983246,0.667900025844574
YFR038W,YKR064W,0,-2.4579673,0.040781158953905106,0.2840000092983246,0.6679999828338623
YLR386W,YLR228C,0,-2.458152,0.04077530652284622,0.2840000092983246,0.6680999994277954
YFR050C,YCL008C,1,-2.458884,0.04091300442814827,0.2849999964237213,0.6680999994277954
YKR002W,YCR024C,0,-2.4595485,0.040907133370637894,0.2849999964237213,0.6682000160217285
YKL205W,YOR320C,0,-2.4596817,0.04090126231312752,0.2849999964237213,0.6682999730110168
YER028C,YKR048C,0,-2.459719,0.04089539498090744,0.2849999964237213,0.66839998960495
YOR330C,YHR076W,0,-2.4602838,0.04088952764868736,0.2849999964237213,0.6685000061988831
YDL043C,YPR043W,0,-2.4607866,0.040883660316467285,0.2849999964237213,0.6686000227928162
YBL041W,YFL049W,1,-2.4609783,0.04102122783660889,0.28600001335144043,0.6686000227928162
YMR242C,YNL292W,0,-2.461012,0.041015345603227615,0.28600001335144043,0.6686999797821045
YDL075W,YIL020C,0,-2.4613097,0.041009463369846344,0.28600001335144043,0.6687999963760376
YDR011W,YGR089W,0,-2.461312,0.04100358486175537,0.28600001335144043,0.6689000129699707
YJR084W,YBR175W,0,-2.4615347,0.0409977063536644,0.28600001335144043,0.6690000295639038
YBR289W,YPL112C,0,-2.4617298,0.040991831570863724,0.28600001335144043,0.6690999865531921
YKL033W,YNR052C,0,-2.4618032,0.04098595678806305,0.28600001335144043,0.6692000031471252
YBR162W-A,YDR091C,0,-2.461962,0.040980082005262375,0.28600001335144043,0.6693000197410583
YML021C,YDR527W,0,-2.4619915,0.040974210947752,0.28600001335144043,0.6693999767303467
YDR308C,YPL188W,0,-2.4620657,0.04096834361553192,0.28600001335144043,0.6694999933242798
YBR081C,YGR037C,0,-2.4623635,0.040962476283311844,0.28600001335144043,0.6696000099182129
YIL090W,YNL015W,0,-2.4638312,0.040956608951091766,0.28600001335144043,0.669700026512146
YDR080W,YGL211W,0,-2.4638834,0.04095074534416199,0.28600001335144043,0.6697999835014343
YPL145C,YKR035W-A,0,-2.4639878,0.04094488173723221,0.28600001335144043,0.6699000000953674
YLR417W,YHR027C,1,-2.4640355,0.04108216613531113,0.28700000047683716,0.6699000000953674
YDR151C,YGR145W,0,-2.4641082,0.041076283901929855,0.28700000047683716,0.6700000166893005
YGR253C,YGR003W,1,-2.464827,0.041213508695364,0.2879999876022339,0.6700000166893005
YCL063W,YKL173W,0,-2.4648783,0.04120761156082153,0.2879999876022339,0.6700999736785889
YGR179C,YOR067C,0,-2.4648817,0.041201718151569366,0.2879999876022339,0.670199990272522
YBR166C,YPL146C,0,-2.4649048,0.0411958247423172,0.2879999876022339,0.6703000068664551
YMR142C,YBR245C,0,-2.465147,0.04118993133306503,0.2879999876022339,0.6704000234603882
YER015W,YKR089C,0,-2.465161,0.041184041649103165,0.2879999876022339,0.6704999804496765
YLR305C,YBL072C,0,-2.4654644,0.041178151965141296,0.2879999876022339,0.6705999970436096
YJR110W,YHR012W,0,-2.4662786,0.04117226600646973,0.2879999876022339,0.6707000136375427
YGR218W,YNR008W,0,-2.4665568,0.04116638004779816,0.2879999876022339,0.670799970626831
YPR133C,YGL180W,0,-2.46678,0.041160497814416885,0.2879999876022339,0.6708999872207642
YOL072W,YPR169W,0,-2.467233,0.041154615581035614,0.2879999876022339,0.6710000038146973
YCR065W,YPR067W,0,-2.4672601,0.04114873707294464,0.2879999876022339,0.6711000204086304
YLL021W,YOR386W,0,-2.4675186,0.04114285856485367,0.2879999876022339,0.6711999773979187
YDR045C,YMR220W,0,-2.4675252,0.041136980056762695,0.2879999876022339,0.6712999939918518
YOR335C,YOR138C,0,-2.4677823,0.04113110527396202,0.2879999876022339,0.6714000105857849
YOR075W,YDR242W,0,-2.4678185,0.041125230491161346,0.2879999876022339,0.671500027179718
YGR101W,YER040W,0,-2.4678776,0.04111935943365097,0.2879999876022339,0.6715999841690063
YNL282W,YEL001C,0,-2.4681106,0.04111349210143089,0.2879999876022339,0.6717000007629395
YBR087W,YKL028W,0,-2.4681134,0.04110762104392052,0.2879999876022339,0.6718000173568726
YPL028W,YNR008W,0,-2.4681144,0.04110175371170044,0.2879999876022339,0.6718999743461609
YMR019W,YCR093W,0,-2.4685144,0.04109589010477066,0.2879999876022339,0.671999990940094
YPR032W,YIL150C,0,-2.4692252,0.04109002649784088,0.2879999876022339,0.6721000075340271
YDR512C,YER015W,0,-2.4692428,0.0410841666162014,0.2879999876022339,0.6722000241279602
YNL056W,YHR011W,0,-2.4693959,0.04107830673456192,0.2879999876022339,0.6722999811172485
YDR139C,YIL022W,0,-2.4695475,0.04107244685292244,0.2879999876022339,0.6723999977111816
YCR035C,YLR390W-A,0,-2.4696074,0.04106659069657326,0.2879999876022339,0.6725000143051147
YLL029W,YHR012W,0,-2.4696538,0.041060734540224075,0.2879999876022339,0.6725999712944031
YLL012W,YDR523C,0,-2.4698856,0.04105488210916519,0.2879999876022339,0.6726999878883362
YDR003W,YPR189W,0,-2.470776,0.04104902967810631,0.2879999876022339,0.6728000044822693
YMR228W,YKR026C,0,-2.4708683,0.04104318097233772,0.2879999876022339,0.6729000210762024
YOR189W,YGR238C,0,-2.470937,0.04103733226656914,0.2879999876022339,0.6729999780654907
YJR010C-A,YER177W,0,-2.4709802,0.04103148728609085,0.2879999876022339,0.6730999946594238
YLR315W,YJL030W,0,-2.4710224,0.041025642305612564,0.2879999876022339,0.6732000112533569
YKR061W,YOL028C,0,-2.4713147,0.04101979732513428,0.2879999876022339,0.67330002784729
YDL223C,YDR463W,0,-2.4713821,0.04101395606994629,0.2879999876022339,0.6733999848365784
YIR037W,YBR005W,0,-2.4716287,0.0410081148147583,0.2879999876022339,0.6735000014305115
YGL003C,YNL243W,0,-2.4718387,0.04100227728486061,0.2879999876022339,0.6736000180244446
YIL036W,YLR386W,0,-2.471913,0.04099643975496292,0.2879999876022339,0.6736999750137329
YBR278W,YDR443C,0,-2.4721487,0.04099060595035553,0.2879999876022339,0.673799991607666
YPL202C,YDL101C,0,-2.4725728,0.04098477214574814,0.2879999876022339,0.6739000082015991
YDL145C,YDR039C,0,-2.4725883,0.040978942066431046,0.2879999876022339,0.6740000247955322
YNL298W,YIL042C,0,-2.47263,0.04097311198711395,0.2879999876022339,0.6740999817848206
YIL115C,YEL017C-A,0,-2.4731686,0.04096728190779686,0.2879999876022339,0.6741999983787537
YDR081C,YGL051W,0,-2.4733608,0.040961455553770065,0.2879999876022339,0.6743000149726868
YIL034C,YMR192W,0,-2.473459,0.04095563292503357,0.2879999876022339,0.6743999719619751
YDR050C,YIL173W,0,-2.4734795,0.040949806571006775,0.2879999876022339,0.6744999885559082
YNL199C,YCR107W,0,-2.473729,0.04094398766756058,0.2879999876022339,0.6746000051498413
YDR244W,YDL046W,0,-2.4738119,0.04093816503882408,0.2879999876022339,0.6747000217437744
YPL156C,YDR261C,0,-2.474664,0.040932346135377884,0.2879999876022339,0.6747999787330627
YNR027W,YPL031C,0,-2.4746845,0.040926530957221985,0.2879999876022339,0.6748999953269958
YOL072W,YGR040W,0,-2.4747465,0.040920715779066086,0.2879999876022339,0.675000011920929
YFL029C,YOL145C,0,-2.4750233,0.040914904326200485,0.2879999876022339,0.6751000285148621
YMR314W,YHR204W,1,-2.4750423,0.04105113819241524,0.289000004529953,0.6751000285148621
YNL261W,YGL026C,0,-2.475046,0.041045304387807846,0.289000004529953,0.6751999855041504
YBR093C,YBR118W,0,-2.4754245,0.04103947803378105,0.289000004529953,0.6753000020980835
YER125W,YFR025C,0,-2.47566,0.04103365167975426,0.289000004529953,0.6754000186920166
YCR002C,YHR099W,0,-2.476067,0.04102782532572746,0.289000004529953,0.6754999756813049
YLL011W,YIL133C,0,-2.476095,0.04102200269699097,0.289000004529953,0.675599992275238
YMR055C,YKR002W,0,-2.4764059,0.04101618006825447,0.289000004529953,0.6757000088691711
YJL054W,YLR047C,0,-2.476808,0.041010357439517975,0.289000004529953,0.6758000254631042
YIL134W,YLR260W,0,-2.4770145,0.04100453853607178,0.289000004529953,0.6758999824523926
YER175C,YOR059C,0,-2.477063,0.04099872335791588,0.289000004529953,0.6759999990463257
YDL190C,YPL176C,1,-2.4772446,0.041134752333164215,0.28999999165534973,0.6759999990463257
YKL054C,YDR069C,1,-2.4772885,0.04127074033021927,0.29100000858306885,0.6759999990463257
YJL130C,YKR031C,0,-2.4775145,0.041264887899160385,0.29100000858306885,0.6761000156402588
YJL101C,YMR076C,0,-2.477517,0.0412590391933918,0.29100000858306885,0.6761999726295471
YDR166C,YGL116W,0,-2.4776719,0.041253190487623215,0.29100000858306885,0.6762999892234802
YFL029C,YBR295W,0,-2.4778733,0.04124734178185463,0.29100000858306885,0.6764000058174133
YLR266C,YHR146W,0,-2.4781227,0.04124149680137634,0.29100000858306885,0.6765000224113464
YKR095W,YNR008W,0,-2.478556,0.041235651820898056,0.29100000858306885,0.6765999794006348
YDR421W,YLR259C,0,-2.4786017,0.04122981056571007,0.29100000858306885,0.6766999959945679
YPR086W,YJL148W,0,-2.479487,0.04122396931052208,0.29100000858306885,0.676800012588501
YBR035C,YOL023W,0,-2.480275,0.04121813178062439,0.29100000858306885,0.6769000291824341
YKR020W,YDR045C,0,-2.4804096,0.0412122942507267,0.29100000858306885,0.6769999861717224
YBL091C,YJR004C,0,-2.480417,0.04120645672082901,0.29100000858306885,0.6771000027656555
YDR289C,YLR154C,0,-2.4804664,0.04120062291622162,0.29100000858306885,0.6772000193595886
YER180C,YLR019W,0,-2.4805,0.04119478911161423,0.29100000858306885,0.677299976348877
YGL151W,YKL089W,0,-2.4805622,0.041188959032297134,0.29100000858306885,0.6773999929428101
YNL302C,YJR104C,0,-2.4805837,0.04118312895298004,0.29100000858306885,0.6775000095367432
YPL127C,YBL056W,0,-2.4805849,0.04117730259895325,0.29100000858306885,0.6776000261306763
YOL138C,YMR146C,0,-2.4806187,0.04117147624492645,0.29100000858306885,0.6776999831199646
YOR129C,YLR292C,0,-2.4806852,0.04116565361618996,0.29100000858306885,0.6777999997138977
YKL054C,YDL008W,1,-2.4806962,0.04130127280950546,0.2919999957084656,0.6777999997138977
YJR021C,YLR212C,0,-2.4808471,0.041295431554317474,0.2919999957084656,0.6779000163078308
YFR003C,YDR495C,0,-2.4809573,0.041289594024419785,0.2919999957084656,0.6779999732971191
YLR425W,YGR252W,0,-2.481243,0.041283756494522095,0.2919999957084656,0.6780999898910522
YDL045W-A,YGL098W,0,-2.4817219,0.041277918964624405,0.2919999957084656,0.6782000064849854
YJR110W,YGL115W,0,-2.4818594,0.041272085160017014,0.2919999957084656,0.6783000230789185
YJR092W,YPL129W,0,-2.4819467,0.04126625135540962,0.2919999957084656,0.6783999800682068
YJL167W,YLR433C,0,-2.4821436,0.04126042127609253,0.2919999957084656,0.6784999966621399
YMR002W,YCL064C,0,-2.4830377,0.041254591196775436,0.2919999957084656,0.678600013256073
YHR066W,YBR188C,0,-2.483156,0.04124876484274864,0.2919999957084656,0.6786999702453613
YJR110W,YGL211W,0,-2.4832568,0.04124293848872185,0.2919999957084656,0.6787999868392944
YDR337W,YLR288C,0,-2.4838107,0.04123711213469505,0.2919999957084656,0.6789000034332275
YPR133W-A,YMR172W,0,-2.4838762,0.04123128950595856,0.2919999957084656,0.6790000200271606
YMR020W,YPL186C,0,-2.4848793,0.04122547060251236,0.2919999957084656,0.679099977016449
YPL206C,YGL116W,0,-2.4852052,0.04121965169906616,0.2919999957084656,0.6791999936103821
YOL104C,YLR011W,0,-2.4855282,0.041213832795619965,0.2919999957084656,0.6793000102043152
YBR268W,YDR300C,0,-2.4857545,0.041208017617464066,0.2919999957084656,0.6794000267982483
YPR106W,YOL141W,0,-2.4859693,0.041202202439308167,0.2919999957084656,0.6794999837875366
YDR279W,YLR090W,0,-2.4860508,0.04119638726115227,0.2919999957084656,0.6796000003814697
YDR246W,YER155C,0,-2.48642,0.04119057580828667,0.2919999957084656,0.6797000169754028
YHR106W,YDR486C,0,-2.4869633,0.041184768080711365,0.2919999957084656,0.6797999739646912
YOL051W,YOR253W,0,-2.4871547,0.04117896035313606,0.2919999957084656,0.6798999905586243
YEL056W,YPR037C,0,-2.4874449,0.04117315262556076,0.2919999957084656,0.6800000071525574
YDR315C,YHR167W,0,-2.487787,0.04116734862327576,0.2919999957084656,0.6801000237464905
YGR220C,YLR432W,0,-2.4879308,0.04116154462099075,0.2919999957084656,0.6801999807357788
YMR194W,YDL134C,0,-2.4880202,0.04115574434399605,0.2919999957084656,0.6802999973297119
YJL080C,YKL165C,0,-2.4880745,0.04114994406700134,0.2919999957084656,0.680400013923645
YHR011W,YPL010W,0,-2.4882,0.04114414379000664,0.2919999957084656,0.6804999709129333
YKL108W,YLR386W,0,-2.4883428,0.04113834723830223,0.2919999957084656,0.6805999875068665
YJL041W,YAL010C,0,-2.4884067,0.04113255441188812,0.2919999957084656,0.6807000041007996
YDR523C,YDL166C,0,-2.4884205,0.041126761585474014,0.2919999957084656,0.6808000206947327
YDR064W,YBR038W,0,-2.4885428,0.041120968759059906,0.2919999957084656,0.680899977684021
YNL142W,YLR430W,0,-2.4885492,0.041115179657936096,0.2919999957084656,0.6809999942779541
YDL106C,YPL155C,0,-2.4885902,0.041109390556812286,0.2919999957084656,0.6811000108718872
YHR005C-A,YDL135C,0,-2.4891272,0.041103605180978775,0.2919999957084656,0.6812000274658203
YOR174W,YJR041C,0,-2.4894578,0.041097819805145264,0.2919999957084656,0.6812999844551086
YJL098W,YIL150C,0,-2.4899457,0.04109203442931175,0.2919999957084656,0.6814000010490417
YLR264W,YLR238W,0,-2.4900706,0.04108625277876854,0.2919999957084656,0.6815000176429749
YNR011C,YJL094C,0,-2.4901466,0.04108047112822533,0.2919999957084656,0.6815999746322632
YBR030W,YIL128W,0,-2.4903932,0.04107469320297241,0.2919999957084656,0.6816999912261963
YPR108W,YDR219C,1,-2.4905207,0.04120956361293793,0.2930000126361847,0.6816999912261963
YPL234C,YDL018C,0,-2.4905534,0.04120376706123352,0.2930000126361847,0.6818000078201294
YHR158C,YJR052W,0,-2.4906886,0.04119797423481941,0.2930000126361847,0.6819000244140625
YPL112C,YBR023C,0,-2.4906986,0.0411921851336956,0.2930000126361847,0.6819999814033508
YJR084W,YDR178W,0,-2.4908276,0.041186392307281494,0.2930000126361847,0.6820999979972839
YPL183C,YNL041C,0,-2.491009,0.041180603206157684,0.2930000126361847,0.682200014591217
YBL011W,YOR243C,0,-2.491666,0.04117481783032417,0.2930000126361847,0.6822999715805054
YGR104C,YOR297C,0,-2.4918118,0.04116903245449066,0.2930000126361847,0.6823999881744385
YLR347C,YMR284W,0,-2.4919186,0.04116324707865715,0.2930000126361847,0.6825000047683716
YJL173C,YLR054C,0,-2.491966,0.04115746542811394,0.2930000126361847,0.6826000213623047
YPL177C,YDR326C,0,-2.4921215,0.041151683777570724,0.2930000126361847,0.682699978351593
YDL045W-A,YCR038C,0,-2.4922998,0.04114590585231781,0.2930000126361847,0.6827999949455261
YPL065W,YAL058W,1,-2.4927917,0.041280537843704224,0.2939999997615814,0.6827999949455261
YER028C,YER032W,0,-2.492875,0.041274745017290115,0.2939999997615814,0.6829000115394592
YMR026C,YDR317W,0,-2.4929907,0.04126894846558571,0.2939999997615814,0.6830000281333923
YJL079C,YOR372C,0,-2.4934406,0.0412631593644619,0.2939999997615814,0.6830999851226807
YOL051W,YNL015W,0,-2.4936197,0.04125736653804779,0.2939999997615814,0.6832000017166138
YDR057W,YMR276W,1,-2.4936473,0.04139189049601555,0.29499998688697815,0.6832000017166138
YLR259C,YIL134W,0,-2.493889,0.04138608276844025,0.29499998688697815,0.6833000183105469
YOL124C,YGR029W,0,-2.494016,0.04138027876615524,0.29499998688697815,0.6833999752998352
YOR380W,YMR292W,0,-2.4940565,0.04137447476387024,0.29499998688697815,0.6834999918937683
YBL035C,YLR363C,0,-2.4941723,0.041368670761585236,0.29499998688697815,0.6836000084877014
YGL064C,YGR158C,0,-2.49433,0.04136287048459053,0.29499998688697815,0.6837000250816345
YMR070W,YMR301C,0,-2.4944346,0.041357073932886124,0.29499998688697815,0.6837999820709229
YOR346W,YJR065C,0,-2.4944408,0.04135127738118172,0.29499998688697815,0.683899998664856
YOR195W,YER162C,0,-2.4947374,0.04134548082947731,0.29499998688697815,0.6840000152587891
YOR157C,YHR204W,1,-2.4947822,0.041479822248220444,0.29600000381469727,0.6840000152587891
YBR213W,YOR070C,0,-2.4948204,0.041474007070064545,0.29600000381469727,0.6840999722480774
YOR249C,YML013W,1,-2.4948673,0.0416082926094532,0.296999990940094,0.6840999722480774
YNL151C,YML056C,0,-2.4949663,0.04160246625542641,0.296999990940094,0.6841999888420105
YML004C,YPL234C,0,-2.495141,0.04159663990139961,0.296999990940094,0.6843000054359436
YPL173W,YML028W,0,-2.4952538,0.04159081354737282,0.296999990940094,0.6844000220298767
YFL013C,YOR142W,0,-2.4957452,0.04158499091863632,0.296999990940094,0.684499979019165
YHR168W,YHR077C,0,-2.496125,0.041579168289899826,0.296999990940094,0.6845999956130981
YJR082C,YIL043C,0,-2.4963543,0.04157334938645363,0.296999990940094,0.6847000122070312
YDR288W,YJR127C,0,-2.4966378,0.04156753048300743,0.296999990940094,0.6848000288009644
YGL163C,YOL096C,0,-2.4968588,0.041561711579561234,0.296999990940094,0.6848999857902527
YJL166W,YGR254W,0,-2.4969153,0.041555896401405334,0.296999990940094,0.6850000023841858
YPR166C,YJR078W,0,-2.4976547,0.041550084948539734,0.296999990940094,0.6851000189781189
YCR009C,YBR294W,0,-2.4977982,0.04154427349567413,0.296999990940094,0.6851999759674072
YJL008C,YDR004W,0,-2.498513,0.04153846204280853,0.296999990940094,0.6852999925613403
YLR207W,YPL065W,1,-2.4985425,0.041672494262456894,0.2980000078678131,0.6852999925613403
YBR168W,YAL039C,0,-2.4987867,0.0416666679084301,0.2980000078678131,0.6854000091552734
YJR055W,YDR030C,0,-2.4988606,0.041660841554403305,0.2980000078678131,0.6855000257492065
YDL146W,YPR111W,0,-2.499078,0.04165501892566681,0.2980000078678131,0.6855999827384949
YDR398W,YEL021W,0,-2.4990785,0.04164919629693031,0.2980000078678131,0.685699999332428
YJL095W,YNL068C,0,-2.4993346,0.041643377393484116,0.2980000078678131,0.6858000159263611
YKL087C,YGL209W,0,-2.499887,0.04163755849003792,0.2980000078678131,0.6858999729156494
YDR512C,YDR240C,0,-2.5004442,0.04163173958659172,0.2980000078678131,0.6859999895095825
YLR329W,YGL243W,0,-2.5010645,0.04162592440843582,0.2980000078678131,0.6861000061035156
YOR016C,YGL237C,0,-2.5010808,0.04162011295557022,0.2980000078678131,0.6862000226974487
YBR114W,YKR031C,0,-2.5011246,0.04161430150270462,0.2980000078678131,0.6862999796867371
YPL018W,YMR133W,0,-2.501284,0.04160849004983902,0.2980000078678131,0.6863999962806702
YMR004W,YML012W,0,-2.501468,0.04160267859697342,0.2980000078678131,0.6865000128746033
YHR058C,YKL156W,0,-2.5014741,0.041596874594688416,0.2980000078678131,0.6866000294685364
YML107C,YDR304C,0,-2.5017588,0.04159106686711311,0.2980000078678131,0.6866999864578247
YPL127C,YLR120C,0,-2.501938,0.04158526286482811,0.2980000078678131,0.6868000030517578
YJL029C,YPL115C,0,-2.5019987,0.041579462587833405,0.2980000078678131,0.6869000196456909
YPL065W,YKL145W,1,-2.5023444,0.0417131707072258,0.29899999499320984,0.6869000196456909
YOR259C,YJL034W,1,-2.5026064,0.04184684157371521,0.30000001192092896,0.6869000196456909
YPL176C,YGL004C,1,-2.502801,0.041980475187301636,0.3009999990463257,0.6869000196456909
YML092C,YIL007C,1,-2.503231,0.04211407154798508,0.3019999861717224,0.6869000196456909
YGL240W,YLR417W,1,-2.504038,0.04224763065576553,0.30300000309944153,0.6869000196456909
YOR001W,YER087C-B,0,-2.505026,0.042241740971803665,0.30300000309944153,0.6869999766349792
YHR167W,YKL016C,0,-2.505102,0.0422358512878418,0.30300000309944153,0.6870999932289124
YBR009C,YDL117W,0,-2.5053587,0.04222996532917023,0.30300000309944153,0.6872000098228455
YOL043C,YOR177C,0,-2.5062459,0.04222407937049866,0.30300000309944153,0.6873000264167786
YDR443C,YJR040W,0,-2.506397,0.042218197137117386,0.30300000309944153,0.6873999834060669
YMR184W,YHR027C,1,-2.5067735,0.042351629585027695,0.30399999022483826,0.6873999834060669
YNL135C,YDL225W,0,-2.506785,0.04234573245048523,0.30399999022483826,0.6875
YDL112W,YMR285C,0,-2.506913,0.042339831590652466,0.30399999022483826,0.6876000165939331
YPR019W,YLR060W,0,-2.5069463,0.0423339381814003,0.30399999022483826,0.6876999735832214
YHR117W,YPR048W,0,-2.5072832,0.042328041046857834,0.30399999022483826,0.6877999901771545
YHR204W,YDR054C,1,-2.5073464,0.04246136546134949,0.3050000071525574,0.6877999901771545
YLR265C,YIL147C,0,-2.5076818,0.04245545715093613,0.3050000071525574,0.6879000067710876
YFR036W,YJR102C,1,-2.508173,0.0425887256860733,0.3059999942779541,0.6879000067710876
YMR203W,YKL099C,0,-2.5081956,0.04258279874920845,0.3059999942779541,0.6880000233650208
YOR259C,YIL007C,1,-2.5093524,0.04271601513028145,0.3070000112056732,0.6880000233650208
YDR067C,YER155C,0,-2.509402,0.0427100732922554,0.3070000112056732,0.6880999803543091
YAL010C,YLR289W,0,-2.5101292,0.042704131454229355,0.3070000112056732,0.6881999969482422
YOR381W,YJL143W,0,-2.5104156,0.04269819334149361,0.3070000112056732,0.6883000135421753
YJL194W,YNR010W,0,-2.51054,0.04269225522875786,0.3070000112056732,0.6883999705314636
YJL034W,YDR069C,1,-2.510579,0.0428253598511219,0.30799999833106995,0.6883999705314636
YGR271W,YOL103W,0,-2.5107524,0.04281940683722496,0.30799999833106995,0.6884999871253967
YOL151W,YCR037C,0,-2.5108411,0.04281345382332802,0.30799999833106995,0.6886000037193298
YDR139C,YLR347C,0,-2.511158,0.042807504534721375,0.30799999833106995,0.6887000203132629
YIL075C,YOR249C,1,-2.5113442,0.042940523475408554,0.3089999854564667,0.6887000203132629
YNL278W,YOR081C,0,-2.512257,0.04293455556035042,0.3089999854564667,0.6887999773025513
YML128C,YGL087C,0,-2.5124323,0.04292859137058258,0.3089999854564667,0.6888999938964844
YPR171W,YDR398W,0,-2.512486,0.04292262718081474,0.3089999854564667,0.6890000104904175
YCR106W,YKR054C,0,-2.5125916,0.042916666716337204,0.3089999854564667,0.6891000270843506
YOR142W,YDR436W,0,-2.5128558,0.042910706251859665,0.3089999854564667,0.6891999840736389
YPR175W,YEL002C,0,-2.51294,0.042904749512672424,0.3089999854564667,0.689300000667572
YBR036C,YBR097W,0,-2.5131538,0.042898792773485184,0.3089999854564667,0.6894000172615051
YDR332W,YHR039C-A,0,-2.5132458,0.04289283603429794,0.3089999854564667,0.6894999742507935
YJR112W,YMR211W,0,-2.513261,0.042886883020401,0.3089999854564667,0.6895999908447266
YLR182W,YAL023C,0,-2.5132625,0.04288093373179436,0.3089999854564667,0.6897000074386597
YFR036W,YER143W,1,-2.5133495,0.043013736605644226,0.3100000023841858,0.6897000074386597
YJR004C,YOR311C,0,-2.5134647,0.04300776869058609,0.3100000023841858,0.6898000240325928
YDL146W,YGL050W,0,-2.5135322,0.04300180450081825,0.3100000023841858,0.6898999810218811
YOR299W,YMR172W,0,-2.5138977,0.042995840311050415,0.3100000023841858,0.6899999976158142
YCL067C,YER027C,0,-2.5139825,0.04298987612128258,0.3100000023841858,0.6901000142097473
YOR260W,YPL153C,0,-2.5141594,0.04298391565680504,0.3100000023841858,0.6901999711990356
YGR216C,YDR496C,0,-2.5148642,0.0429779551923275,0.3100000023841858,0.6902999877929688
YBR181C,YJR063W,0,-2.5149229,0.04297199845314026,0.3100000023841858,0.6904000043869019
YNL309W,YGL243W,0,-2.5150697,0.04296604171395302,0.3100000023841858,0.690500020980835
YMR110C,YBL037W,0,-2.515143,0.042960088700056076,0.3100000023841858,0.6905999779701233
YCR009C,YER102W,0,-2.5152254,0.042954135686159134,0.3100000023841858,0.6906999945640564
YDR174W,YLL002W,0,-2.5152352,0.04294818639755249,0.3100000023841858,0.6908000111579895
YOR143C,YLR145W,0,-2.5152762,0.04294223710894585,0.3100000023841858,0.6909000277519226
YLR237W,YHR070W,0,-2.515293,0.0429362878203392,0.3100000023841858,0.6909999847412109
YNL149C,YPL209C,0,-2.5153635,0.04293034225702286,0.3100000023841858,0.691100001335144
YGL210W,YPL126W,0,-2.5155737,0.04292439669370651,0.3100000023841858,0.6912000179290771
YPL208W,YLR023C,0,-2.5158885,0.042918454855680466,0.3100000023841858,0.6912999749183655
YLR014C,YOR209C,0,-2.5169442,0.04291251301765442,0.3100000023841858,0.6913999915122986
YOR092W,YOR327C,0,-2.5173514,0.04290657490491867,0.3100000023841858,0.6915000081062317
YCR035C,YHR064C,0,-2.517733,0.04290063679218292,0.3100000023841858,0.6916000247001648
YDR435C,YHR059W,0,-2.5181584,0.042894698679447174,0.3100000023841858,0.6916999816894531
YDR528W,YDR254W,0,-2.518376,0.042888764292001724,0.3100000023841858,0.6917999982833862
YLR333C,YDR165W,0,-2.5186214,0.04288283362984657,0.3100000023841858,0.6919000148773193
YML125C,YAL026C,0,-2.5186803,0.04287690296769142,0.3100000023841858,0.6919999718666077
YEL022W,YGR097W,0,-2.518831,0.04287097230553627,0.3100000023841858,0.6920999884605408
YMR319C,YHL034C,0,-2.5190182,0.04286504536867142,0.3100000023841858,0.6922000050544739
YOR157C,YDR358W,1,-2.5191112,0.04299737140536308,0.3109999895095825,0.6922000050544739
YGR188C,YPR167C,0,-2.5192056,0.042991429567337036,0.3109999895095825,0.692300021648407
YIR002C,YDL021W,0,-2.5197937,0.04298548772931099,0.3109999895095825,0.6923999786376953
YOL076W,YKR064W,0,-2.5199296,0.04297954589128494,0.3109999895095825,0.6924999952316284
YJL003W,YPL202C,0,-2.5201306,0.042973607778549194,0.3109999895095825,0.6926000118255615
YGL058W,YGL240W,1,-2.5204566,0.0431058295071125,0.31200000643730164,0.6926000118255615
YPR149W,YHR101C,0,-2.5204706,0.04309987649321556,0.31200000643730164,0.6927000284194946
YFR030W,YLR361C,0,-2.520743,0.04309392347931862,0.31200000643730164,0.692799985408783
YDR289C,YPL135W,0,-2.5210083,0.04308797046542168,0.31200000643730164,0.6929000020027161
YOR018W,YBR041W,0,-2.5216053,0.04308202117681503,0.31200000643730164,0.6930000185966492
YJR155W,YOR391C,0,-2.521815,0.04307607188820839,0.31200000643730164,0.6930999755859375
YMR169C,YML076C,0,-2.5221221,0.043070126324892044,0.31200000643730164,0.6931999921798706
YOL012C,YMR307W,0,-2.5224059,0.0430641807615757,0.31200000643730164,0.6933000087738037
YNL311C,YDL008W,1,-2.5228956,0.04319624602794647,0.31299999356269836,0.6933000087738037
YJL096W,YOL064C,0,-2.52296,0.04319028556346893,0.31299999356269836,0.6934000253677368
YLR207W,YNL172W,1,-2.5233371,0.04332229495048523,0.3140000104904175,0.6934000253677368
YGL183C,YDR281C,0,-2.5235386,0.0433163195848465,0.3140000104904175,0.6934999823570251
YOR038C,YDL166C,0,-2.5242603,0.043310344219207764,0.3140000104904175,0.6935999989509583
YMR269W,YMR224C,0,-2.5245383,0.04330437257885933,0.3140000104904175,0.6937000155448914
YKL051W,YDR047W,0,-2.524592,0.043298400938510895,0.3140000104904175,0.6937999725341797
YKL217W,YOR123C,0,-2.5249782,0.04329242929816246,0.3140000104904175,0.6938999891281128
YDR410C,YNL240C,0,-2.5249841,0.043286461383104324,0.3140000104904175,0.6940000057220459
YMR063W,YPL167C,0,-2.5250432,0.04328049719333649,0.3140000104904175,0.694100022315979
YDR421W,YJL173C,0,-2.5250723,0.04327453300356865,0.3140000104904175,0.6941999793052673
YER008C,YPL058C,0,-2.5251458,0.04326856881380081,0.3140000104904175,0.6942999958992004
YMR184W,YGR003W,1,-2.5254805,0.04340038448572159,0.3149999976158142,0.6942999958992004
YFR021W,YDL154W,0,-2.5255678,0.04339440539479256,0.3149999976158142,0.6944000124931335
YMR177W,YLR074C,0,-2.5258625,0.043388430029153824,0.3149999976158142,0.6945000290870667
YAL041W,YDR231C,0,-2.5259514,0.04338245466351509,0.3149999976158142,0.694599986076355
YKL161C,YOR373W,0,-2.5260243,0.04337647929787636,0.3149999976158142,0.6947000026702881
YDR118W,YNL172W,1,-2.526054,0.04350819066166878,0.3160000145435333,0.6947000026702881
YMR319C,YAL016W,0,-2.5261505,0.04350220412015915,0.3160000145435333,0.6948000192642212
YER171W,YJL035C,0,-2.526188,0.04349621385335922,0.3160000145435333,0.6948999762535095
YDR422C,YCL043C,0,-2.5262415,0.043490227311849594,0.3160000145435333,0.6949999928474426
YDR325W,YPR133C,0,-2.5262578,0.043484244495630264,0.3160000145435333,0.6951000094413757
YDL243C,YER145C,0,-2.5264366,0.043478261679410934,0.3160000145435333,0.6952000260353088
YLR016C,YOR109W,0,-2.526639,0.043472278863191605,0.3160000145435333,0.6952999830245972
YPR134W,YPL155C,0,-2.5266397,0.04346629977226257,0.3160000145435333,0.6953999996185303
YAL010C,YOL142W,0,-2.5269961,0.04346032068133354,0.3160000145435333,0.6955000162124634
YHR184W,YEL015W,0,-2.5273337,0.04345434531569481,0.3160000145435333,0.6955999732017517
YNL153C,YLR389C,0,-2.5277872,0.043448369950056076,0.3160000145435333,0.6956999897956848
YNL328C,YHR014W,0,-2.527825,0.04344239830970764,0.3160000145435333,0.6958000063896179
YNL216W,YBR118W,0,-2.5279043,0.04343642666935921,0.3160000145435333,0.695900022983551
YBL069W,YIL005W,0,-2.5280094,0.04343045502901077,0.3160000145435333,0.6959999799728394
YOR008C,YER015W,0,-2.5280807,0.04342448711395264,0.3160000145435333,0.6960999965667725
YJL097W,YGR170W,0,-2.5283113,0.0434185229241848,0.3160000145435333,0.6962000131607056
YPL177C,YHL034C,0,-2.528468,0.04341255500912666,0.3160000145435333,0.6963000297546387
YDL017W,YOR264W,0,-2.5286179,0.043406594544649124,0.3160000145435333,0.696399986743927
YNL278W,YOR032C,0,-2.529703,0.04340063035488129,0.3160000145435333,0.6965000033378601
YER082C,YML127W,0,-2.5300844,0.043394673615694046,0.3160000145435333,0.6966000199317932
YHR186C,YBL061C,0,-2.5301907,0.04338871315121651,0.3160000145435333,0.6966999769210815
YML063W,YML085C,0,-2.5309846,0.043382756412029266,0.3160000145435333,0.6967999935150146
YPL145C,YBR052C,0,-2.5310047,0.043376803398132324,0.3160000145435333,0.6969000101089478
YOR381W,YDL139C,0,-2.531088,0.043370846658945084,0.3160000145435333,0.6970000267028809
YCR096C,YPR102C,0,-2.5311022,0.04336489737033844,0.3160000145435333,0.6970999836921692
YJR033C,YOR279C,0,-2.5312378,0.0433589443564415,0.3160000145435333,0.6972000002861023
YMR168C,YHR153C,0,-2.531491,0.04335299879312515,0.3160000145435333,0.6973000168800354
YIR025W,YCL008C,1,-2.5316393,0.04348422586917877,0.31700000166893005,0.6973000168800354
YMR184W,YGL227W,1,-2.5319192,0.04361541569232941,0.3179999887943268,0.6973000168800354
YGL167C,YPR191W,0,-2.5326245,0.043609436601400375,0.3179999887943268,0.6973999738693237
YHR160C,YPL038W,0,-2.5329564,0.043603453785181046,0.3179999887943268,0.6974999904632568
YJR131W,YDR427W,1,-2.5335896,0.04373457655310631,0.3190000057220459,0.6974999904632568
YGL253W,YJL196C,0,-2.53361,0.04372858256101608,0.3190000057220459,0.6976000070571899
YPR141C,YDR254W,0,-2.5337195,0.04372258856892586,0.3190000057220459,0.697700023651123
YPR122W,YIL137C,0,-2.533861,0.04371659457683563,0.3190000057220459,0.6977999806404114
YBL061C,YOR127W,0,-2.5338924,0.043710604310035706,0.3190000057220459,0.6978999972343445
YIL095W,YIL022W,0,-2.5339613,0.04370461776852608,0.3190000057220459,0.6980000138282776
YNL302C,YML028W,0,-2.5340445,0.04369863122701645,0.3190000057220459,0.6980999708175659
YOR212W,YGR120C,0,-2.5342042,0.04369264468550682,0.3190000057220459,0.698199987411499
YDR528W,YKL140W,0,-2.5342767,0.04368666186928749,0.3190000057220459,0.6983000040054321
YLR118C,YDR479C,0,-2.5346673,0.04368067905306816,0.3190000057220459,0.6984000205993652
YLR043C,YBR193C,0,-2.5347972,0.04367469996213913,0.3190000057220459,0.6984999775886536
YKL045W,YBR145W,0,-2.5350113,0.0436687208712101,0.3190000057220459,0.6985999941825867
YJR034W,YOR217W,0,-2.5350683,0.04366274178028107,0.3190000057220459,0.6987000107765198
YDR159W,YOR048C,0,-2.5352597,0.043656766414642334,0.3190000057220459,0.6988000273704529
YLL034C,YGL115W,0,-2.5352917,0.0436507947742939,0.3190000057220459,0.6988999843597412
YLR008C,YER180C,0,-2.5357485,0.043644823133945465,0.3190000057220459,0.6990000009536743
YML081C-A,YPL098C,0,-2.5367954,0.04363885149359703,0.3190000057220459,0.6991000175476074
YDL185W,YMR242C,0,-2.5370972,0.043632883578538895,0.3190000057220459,0.6991999745368958
YJL155C,YPR131C,0,-2.5372808,0.04362691566348076,0.3190000057220459,0.6992999911308289
YGL226C-A,YBR037C,0,-2.53765,0.04362094774842262,0.3190000057220459,0.699400007724762
YGR155W,YBL022C,0,-2.5377543,0.043614983558654785,0.3190000057220459,0.6995000243186951
YGR081C,YJR126C,0,-2.5377653,0.043609023094177246,0.3190000057220459,0.6995999813079834
YPR180W,YOR243C,0,-2.5386767,0.04360306262969971,0.3190000057220459,0.6996999979019165
YPR149W,YLR118C,0,-2.5388138,0.04359710216522217,0.3190000057220459,0.6998000144958496
YDR490C,YLR115W,0,-2.538837,0.04359114542603493,0.3190000057220459,0.6998999714851379
YAL024C,YPL042C,0,-2.5388832,0.04358518868684769,0.3190000057220459,0.699999988079071
YLR287C-A,YBL017C,0,-2.5391657,0.043579235672950745,0.3190000057220459,0.7001000046730042
YMR043W,YGR189C,0,-2.5395653,0.0435732826590538,0.3190000057220459,0.7002000212669373
YLR113W,YGL045W,0,-2.5396125,0.04356732964515686,0.3190000057220459,0.7002999782562256
YPL177C,YBR286W,0,-2.5399277,0.04356138035655022,0.3190000057220459,0.7003999948501587
YDR284C,YCL066W,0,-2.540005,0.04355543479323387,0.3190000057220459,0.7005000114440918
YDL189W,YLR145W,0,-2.5409575,0.043549489229917526,0.3190000057220459,0.7006000280380249
YOL133W,YDR002W,1,-2.5413697,0.043680042028427124,0.3199999928474426,0.7006000280380249
YCL067C,YDL069C,0,-2.5419405,0.043674081563949585,0.3199999928474426,0.7006999850273132
YCR026C,YOR106W,0,-2.5427449,0.043668121099472046,0.3199999928474426,0.7008000016212463
YMR025W,YOR290C,0,-2.5429947,0.043662164360284805,0.3199999928474426,0.7009000182151794
YJR131W,YHR027C,1,-2.5434217,0.04379263147711754,0.32100000977516174,0.7009000182151794
YIR011C,YGL227W,1,-2.54374,0.043923065066337585,0.32199999690055847,0.7009000182151794
YKL134C,YEL002C,0,-2.5438802,0.04391707479953766,0.32199999690055847,0.7009999752044678
YJR065C,YLR134W,0,-2.544058,0.04391108825802803,0.32199999690055847,0.7010999917984009
YNL029C,YLR239C,0,-2.544247,0.043905097991228104,0.32199999690055847,0.701200008392334
YDR513W,YGR036C,0,-2.5446227,0.043899115175008774,0.32199999690055847,0.7013000249862671
YDR205W,YLR130C,0,-2.5458245,0.043893128633499146,0.32199999690055847,0.7013999819755554
YGR040W,YCR077C,0,-2.54608,0.043887145817279816,0.32199999690055847,0.7014999985694885
YDR470C,YDL051W,0,-2.5462046,0.043881166726350784,0.32199999690055847,0.7016000151634216
YAR018C,YJL096W,0,-2.5462291,0.04387518763542175,0.32199999690055847,0.70169997215271
YMR220W,YER063W,0,-2.5463974,0.04386920854449272,0.32199999690055847,0.7017999887466431
YIL074C,YLR246W,0,-2.5464149,0.04386323317885399,0.32199999690055847,0.7019000053405762
YMR213W,YNL036W,0,-2.5464816,0.043857257813215256,0.32199999690055847,0.7020000219345093
YOL138C,YBR105C,0,-2.5466354,0.04385128617286682,0.32199999690055847,0.7020999789237976
YDR022C,YOR242C,0,-2.546877,0.04384531453251839,0.32199999690055847,0.7021999955177307
YDR022C,YML071C,0,-2.546986,0.04383934661746025,0.32199999690055847,0.7023000121116638
YHR186C,YBR198C,0,-2.5489848,0.043833378702402115,0.32199999690055847,0.7024000287055969
YKL093W,YNL188W,0,-2.5492024,0.04382741078734398,0.32199999690055847,0.7024999856948853
YOR176W,YLR131C,0,-2.5494301,0.04382144659757614,0.32199999690055847,0.7026000022888184
YDL223C,YGL006W,0,-2.5494545,0.0438154861330986,0.32199999690055847,0.7027000188827515
YNL239W,YDL059C,0,-2.5495186,0.04380952566862106,0.32199999690055847,0.7027999758720398
YIL120W,YLR118C,0,-2.5495536,0.043803565204143524,0.32199999690055847,0.7028999924659729
YBL058W,YIL007C,1,-2.5496438,0.043933622539043427,0.3230000138282776,0.7028999924659729
YAR042W,YJL058C,0,-2.5496488,0.043927647173404694,0.3230000138282776,0.703000009059906
YLL038C,YDR247W,0,-2.550204,0.04392167553305626,0.3230000138282776,0.7031000256538391
YOR337W,YMR026C,0,-2.5504272,0.043915703892707825,0.3230000138282776,0.7031999826431274
YJL069C,YOL116W,0,-2.5514317,0.04390973225235939,0.3230000138282776,0.7032999992370605
YNL290W,YBL093C,0,-2.551491,0.043903764337301254,0.3230000138282776,0.7034000158309937
YLR172C,YGR175C,0,-2.5516913,0.04389780014753342,0.3230000138282776,0.703499972820282
YER159C,YJR055W,0,-2.5517042,0.04389183223247528,0.3230000138282776,0.7035999894142151
YJR151C,YGR063C,0,-2.552264,0.04388586804270744,0.3230000138282776,0.7037000060081482
YML011C,YOL082W,0,-2.5524707,0.043879907578229904,0.3230000138282776,0.7038000226020813
YBL052C,YKL082C,0,-2.5527098,0.043873947113752365,0.3230000138282776,0.7038999795913696
YAR027W,YNL243W,0,-2.5539548,0.043867990374565125,0.3230000138282776,0.7039999961853027
YLR390W,YOR159C,0,-2.5540702,0.043862029910087585,0.3230000138282776,0.7041000127792358
YKL059C,YEL022W,0,-2.5543263,0.04385607689619064,0.3230000138282776,0.704200029373169
YDR309C,YKL114C,0,-2.5546331,0.0438501238822937,0.3230000138282776,0.7042999863624573
YJL041W,YDR130C,0,-2.5547128,0.04384417086839676,0.3230000138282776,0.7044000029563904
YBL060W,YDL220C,0,-2.5547254,0.04383821785449982,0.3230000138282776,0.7045000195503235
YJL167W,YGL206C,0,-2.5550168,0.04383226856589317,0.3230000138282776,0.7045999765396118
YGL094C,YNL167C,0,-2.5552766,0.04382632300257683,0.3230000138282776,0.7046999931335449
YPL167C,YBR279W,0,-2.5553224,0.04382037743926048,0.3230000138282776,0.704800009727478
YNL238W,YER020W,0,-2.5554576,0.04381443187594414,0.3230000138282776,0.7049000263214111
YDR288W,YOR045W,0,-2.5558965,0.04380849003791809,0.3230000138282776,0.7049999833106995
YJL106W,YLL004W,0,-2.5559285,0.043802548199892044,0.3230000138282776,0.7050999999046326
YGL241W,YBR218C,0,-2.5559769,0.043796610087156296,0.3230000138282776,0.7052000164985657
YMR159C,YMR072W,0,-2.5560195,0.04379067197442055,0.3230000138282776,0.705299973487854
YHR204W,YFR036W,1,-2.5564308,0.04392029345035553,0.3240000009536743,0.705299973487854
YIR025W,YOR259C,1,-2.5568025,0.04404987767338753,0.32499998807907104,0.705299973487854
YAL008W,YEL017C-A,0,-2.556867,0.04404390975832939,0.32499998807907104,0.7053999900817871
YLR324W,YMR088C,0,-2.556968,0.044037941843271255,0.32499998807907104,0.7055000066757202
YLR328W,YER074W,0,-2.557073,0.04403197392821312,0.32499998807907104,0.7056000232696533
YCR057C,YOR187W,0,-2.5573912,0.04402600973844528,0.32499998807907104,0.7056999802589417
YDR464W,YML041C,0,-2.5574667,0.044020045548677444,0.32499998807907104,0.7057999968528748
YOR060C,YNL012W,0,-2.5577185,0.044014085084199905,0.32499998807907104,0.7059000134468079
YER111C,YGL051W,0,-2.5577962,0.044008124619722366,0.32499998807907104,0.7059999704360962
YDR527W,YKL089W,0,-2.5579998,0.044002167880535126,0.32499998807907104,0.7060999870300293
YHR204W,YDL008W,1,-2.5581152,0.044131580740213394,0.32600000500679016,0.7060999870300293
YLR258W,YML120C,0,-2.55813,0.04412560909986496,0.32600000500679016,0.7062000036239624
YLR118C,YLR353W,0,-2.5585942,0.044119637459516525,0.32600000500679016,0.7063000202178955
YBR172C,YOR038C,0,-2.5587647,0.04411366581916809,0.32600000500679016,0.7063999772071838
YDR082W,YOL078W,0,-2.5591671,0.044107697904109955,0.32600000500679016,0.7064999938011169
YBL074C,YLL057C,0,-2.5592036,0.04410172998905182,0.32600000500679016,0.70660001039505
YDL190C,YFR036W,1,-2.5593336,0.04423103109002113,0.3269999921321869,0.70660001039505
YOL140W,YML076C,0,-2.5593827,0.044225048273801804,0.3269999921321869,0.7067000269889832
YJL069C,YDL065C,0,-2.5597022,0.044219065457582474,0.3269999921321869,0.7067999839782715
YDR495C,YHL032C,0,-2.559941,0.04421308636665344,0.3269999921321869,0.7069000005722046
YGL171W,YPL180W,0,-2.5608995,0.04420711100101471,0.3269999921321869,0.7070000171661377
YDR363W-A,YPL002C,1,-2.5610783,0.04433630779385567,0.328000009059906,0.7070000171661377
YBR150C,YHR086W,0,-2.5612965,0.04433031380176544,0.328000009059906,0.707099974155426
YKR094C,YMR038C,0,-2.5614011,0.044324323534965515,0.328000009059906,0.7071999907493591
YMR005W,YKL078W,0,-2.5618453,0.04431833699345589,0.328000009059906,0.7073000073432922
YLR163C,YPR095C,0,-2.5621696,0.04431234672665596,0.328000009059906,0.7074000239372253
YDL149W,YGL083W,0,-2.5622184,0.04430636391043663,0.328000009059906,0.7074999809265137
YGR262C,YIL009W,0,-2.56235,0.044300377368927,0.328000009059906,0.7075999975204468
YPL195W,YKR026C,0,-2.5626166,0.04429439455270767,0.328000009059906,0.7077000141143799
YFL033C,YBR264C,0,-2.5631182,0.04428841546177864,0.328000009059906,0.7077999711036682
YLR207W,YLR025W,1,-2.563135,0.04441744461655617,0.32899999618530273,0.7077999711036682
YPL065W,YHR027C,1,-2.5631945,0.04454643651843071,0.33000001311302185,0.7077999711036682
YNL330C,YPL058C,0,-2.563544,0.04454042389988899,0.33000001311302185,0.7078999876976013
YDR363W-A,YOL038W,1,-2.5640275,0.044669367372989655,0.3310000002384186,0.7078999876976013
YJL082W,YDL107W,0,-2.5642252,0.04466333985328674,0.3310000002384186,0.7080000042915344
YKR048C,YER014W,0,-2.5645213,0.04465731233358383,0.3310000002384186,0.7081000208854675
YPR163C,YGR202C,0,-2.5645478,0.04465128853917122,0.3310000002384186,0.7081999778747559
YBR175W,YGR222W,0,-2.5646358,0.044645264744758606,0.3310000002384186,0.708299994468689
YGR134W,YAL021C,0,-2.5646815,0.04463924467563629,0.3310000002384186,0.7084000110626221
YKL210W,YBR243C,0,-2.5651991,0.04463322460651398,0.3310000002384186,0.7085000276565552
YMR019W,YMR081C,0,-2.5655982,0.04462720826268196,0.3310000002384186,0.7085999846458435
YLR286C,YGR167W,0,-2.5657783,0.044621191918849945,0.3310000002384186,0.7087000012397766
YKR044W,YMR298W,0,-2.5661013,0.04461517557501793,0.3310000002384186,0.7088000178337097
YKL004W,YOR320C,0,-2.5661674,0.04460916295647621,0.3310000002384186,0.708899974822998
YGR058W,YOR086C,0,-2.566182,0.04460315406322479,0.3310000002384186,0.7089999914169312
YAR042W,YBR061C,0,-2.5662758,0.04459714516997337,0.3310000002384186,0.7091000080108643
YOR037W,YKR095W,0,-2.5664554,0.044591136276721954,0.3310000002384186,0.7092000246047974
YDR527W,YEL013W,0,-2.5664613,0.044585131108760834,0.3310000002384186,0.7092999815940857
YJR130C,YJR112W,0,-2.5664937,0.04457912594079971,0.3310000002384186,0.7093999981880188
YER153C,YMR098C,0,-2.5675642,0.04457312077283859,0.3310000002384186,0.7095000147819519
YJR133W,YLR006C,0,-2.5675726,0.04456711933016777,0.3310000002384186,0.7095999717712402
YFR038W,YPR149W,0,-2.5676074,0.04456112161278725,0.3310000002384186,0.7096999883651733
YPR133W-A,YIL076W,0,-2.568054,0.044555120170116425,0.3310000002384186,0.7098000049591064
YJR117W,YDR218C,0,-2.5686874,0.0445491261780262,0.3310000002384186,0.7099000215530396
YOR201C,YPL233W,0,-2.568823,0.044543128460645676,0.3310000002384186,0.7099999785423279
YFL037W,YMR193W,0,-2.569485,0.04453713819384575,0.3310000002384186,0.710099995136261
YDR005C,YJR048W,0,-2.5694914,0.044531144201755524,0.3310000002384186,0.7102000117301941
YLL041C,YLR028C,0,-2.5701768,0.0445251539349556,0.3310000002384186,0.7103000283241272
YGR003W,YDR069C,1,-2.5703056,0.04465366527438164,0.3319999873638153,0.7103000283241272
YLL061W,YLL051C,0,-2.570589,0.04464766010642052,0.3319999873638153,0.7103999853134155
YLR017W,YOR353C,0,-2.570696,0.044641654938459396,0.3319999873638153,0.7105000019073486
YMR128W,YKL048C,0,-2.5708709,0.044635653495788574,0.3319999873638153,0.7106000185012817
YNL172W,YGR135W,1,-2.5711102,0.04476408287882805,0.3330000042915344,0.7106000185012817
YOR211C,YKL116C,0,-2.5713089,0.044758062809705734,0.3330000042915344,0.7106999754905701
YOR099W,YJR078W,0,-2.5714343,0.04475205019116402,0.3330000042915344,0.7107999920845032
YFL037W,YLR105C,0,-2.5715284,0.0447460375726223,0.3330000042915344,0.7109000086784363
YLR380W,YJR102C,1,-2.5717697,0.04487437754869461,0.33399999141693115,0.7109000086784363
YER099C,YDR320C-A,0,-2.572169,0.0448683500289917,0.33399999141693115,0.7110000252723694
YEL036C,YER029C,0,-2.5722528,0.04486232250928879,0.33399999141693115,0.7110999822616577
YIR011C,YKL054C,1,-2.572587,0.044990599155426025,0.33500000834465027,0.7110999822616577
YHR207C,YDR188W,0,-2.5726717,0.04498455673456192,0.33500000834465027,0.7111999988555908
YAL058W,YDR400W,1,-2.5727913,0.04511278122663498,0.335999995470047,0.7111999988555908
YMR182C,YFR027W,0,-2.5733483,0.04510672390460968,0.335999995470047,0.7113000154495239
YER012W,YJL034W,1,-2.573404,0.04523489996790886,0.3370000123977661,0.7113000154495239
YGL227W,YML092C,1,-2.5734208,0.045363038778305054,0.33799999952316284,0.7113000154495239
YDR292C,YOR032C,0,-2.5734823,0.04535695165395737,0.33799999952316284,0.7113999724388123
YGR158C,YLR145W,0,-2.5740736,0.04535086452960968,0.33799999952316284,0.7114999890327454
YJL073W,YJL001W,1,-2.5742002,0.0454789362847805,0.33899998664855957,0.7114999890327454
YPL085W,YCR091W,0,-2.5742662,0.04547283798456192,0.33899998664855957,0.7116000056266785
YGR234W,YGR271W,0,-2.5744522,0.04546673968434334,0.33899998664855957,0.7117000222206116
YML009C,YEL021W,0,-2.5750253,0.045460641384124756,0.33899998664855957,0.7117999792098999
YER017C,YDR356W,0,-2.575374,0.04545454680919647,0.33899998664855957,0.711899995803833
YBR301W,YIL084C,0,-2.575756,0.04544845223426819,0.33899998664855957,0.7120000123977661
YER093C,YPR186C,0,-2.5771105,0.045442357659339905,0.33899998664855957,0.7121000289916992
YLR028C,YLR441C,0,-2.5776014,0.04543626680970192,0.33899998664855957,0.7121999859809875
YGL144C,YDR347W,0,-2.5778782,0.04543017968535423,0.33899998664855957,0.7123000025749207
YOL056W,YLR382C,0,-2.577997,0.045424092561006546,0.33899998664855957,0.7124000191688538
YJL072C,YDL216C,0,-2.5780938,0.04541800543665886,0.33899998664855957,0.7124999761581421
YGR288W,YGR156W,0,-2.5782866,0.04541192203760147,0.33899998664855957,0.7125999927520752
YDR139C,YHR025W,0,-2.5783284,0.04540583863854408,0.33899998664855957,0.7127000093460083
YJR101W,YIR005W,0,-2.5783784,0.04539975896477699,0.33899998664855957,0.7128000259399414
YLR450W,YLR190W,0,-2.5787,0.0453936792910099,0.33899998664855957,0.7128999829292297
YPR043W,YMR285C,0,-2.5792816,0.04538760334253311,0.33899998664855957,0.7129999995231628
YAL033W,YCR098C,0,-2.5795152,0.04538152739405632,0.33899998664855957,0.713100016117096
YPL050C,YNL185C,0,-2.5795927,0.04537545144557953,0.33899998664855957,0.7131999731063843
YKL138C,YDR483W,0,-2.5796316,0.045369379222393036,0.33899998664855957,0.7132999897003174
YIL026C,YPL169C,0,-2.5797071,0.04536330699920654,0.33899998664855957,0.7134000062942505
YDR174W,YGR255C,0,-2.5803092,0.04535723850131035,0.33899998664855957,0.7135000228881836
YIL115C,YNL308C,0,-2.5804374,0.045351170003414154,0.33899998664855957,0.7135999798774719
YNL216W,YLL033W,0,-2.5808828,0.04534510523080826,0.33899998664855957,0.713699996471405
YBR279W,YMR165C,0,-2.5809066,0.04533904045820236,0.33899998664855957,0.7138000130653381
YDR377W,YOL127W,0,-2.5809467,0.045332975685596466,0.33899998664855957,0.7139000296592712
YOR273C,YOR322C,0,-2.5809705,0.04532691463828087,0.33899998664855957,0.7139999866485596
YGR004W,YOR180C,0,-2.5812411,0.04532085731625557,0.33899998664855957,0.7141000032424927
YDR064W,YDR245W,0,-2.5819533,0.04531479626893997,0.33899998664855957,0.7142000198364258
YDR032C,YOR090C,0,-2.5819557,0.04530874267220497,0.33899998664855957,0.7142999768257141
YOR084W,YDL105W,0,-2.5821187,0.04530268535017967,0.33899998664855957,0.7143999934196472
YKR054C,YPR054W,0,-2.5821207,0.04529663175344467,0.33899998664855957,0.7145000100135803
YLR219W,YGR142W,0,-2.5825217,0.04529058188199997,0.33899998664855957,0.7146000266075134
YDL115C,YNL049C,0,-2.5826416,0.04528453201055527,0.33899998664855957,0.7146999835968018
YDR449C,YDR414C,0,-2.5826623,0.045278482139110565,0.33899998664855957,0.7148000001907349
YJL003W,YOR326W,0,-2.5826929,0.04527243599295616,0.33899998664855957,0.714900016784668
YPL048W,YKL198C,0,-2.5827596,0.04526638984680176,0.33899998664855957,0.7149999737739563
YGL162W,YJR032W,0,-2.5829508,0.04526034742593765,0.33899998664855957,0.7150999903678894
YDL097C,YPL065W,1,-2.5829546,0.04538779705762863,0.3400000035762787,0.7150999903678894
YPL204W,YDR076W,0,-2.5830185,0.04538173973560333,0.3400000035762787,0.7152000069618225
YCR077C,YFL047W,0,-2.5831919,0.04537568241357803,0.3400000035762787,0.7153000235557556
YLR385C,YDR078C,0,-2.5833519,0.04536962881684303,0.3400000035762787,0.715399980545044
YIL090W,YPR028W,0,-2.5837886,0.04536357522010803,0.3400000035762787,0.715499997138977
YNL180C,YHR142W,0,-2.583792,0.04535752534866333,0.3400000035762787,0.7156000137329102
YKR036C,YPL085W,0,-2.5838115,0.04535147547721863,0.3400000035762787,0.7156999707221985
YER155C,YGL026C,0,-2.5839348,0.045345425605773926,0.3400000035762787,0.7157999873161316
YMR023C,YDR072C,0,-2.5840914,0.04533937945961952,0.3400000035762787,0.7159000039100647
YMR019W,YKR101W,0,-2.584154,0.04533333331346512,0.3400000035762787,0.7160000205039978
YNL216W,YJL178C,0,-2.5843036,0.04532729089260101,0.3400000035762787,0.7160999774932861
YGR274C,YDR169C,0,-2.5843582,0.04532124847173691,0.3400000035762787,0.7161999940872192
YHL036W,YPL274W,0,-2.5843854,0.0453152060508728,0.3400000035762787,0.7163000106811523
YBR162W-A,YCL024W,0,-2.5846236,0.045309167355298996,0.3400000035762787,0.7164000272750854
YGR171C,YKR101W,0,-2.584681,0.04530313238501549,0.3400000035762787,0.7164999842643738
YML091C,YAR035W,0,-2.584829,0.04529709741473198,0.3400000035762787,0.7166000008583069
YGL190C,YLR401C,0,-2.5850723,0.04529106244444847,0.3400000035762787,0.71670001745224
YHR171W,YIR018W,0,-2.5851362,0.04528502747416496,0.3400000035762787,0.7167999744415283
YKR085C,YKR054C,0,-2.5853126,0.04527899995446205,0.3400000035762787,0.7168999910354614
YLR288C,YMR040W,0,-2.585709,0.04527296870946884,0.3400000035762787,0.7170000076293945
YJL071W,YNR059W,0,-2.5862296,0.04526694118976593,0.3400000035762787,0.7171000242233276
YKL218C,YAR033W,0,-2.5864027,0.04526091739535332,0.3400000035762787,0.717199981212616
YKR036C,YBR024W,0,-2.5867975,0.045254889875650406,0.3400000035762787,0.7172999978065491
YJL034W,YML013W,1,-2.5871024,0.045381952077150345,0.3409999907016754,0.7172999978065491
YHR024C,YEL061C,0,-2.5872085,0.04537591338157654,0.3409999907016754,0.7174000144004822
YAL011W,YAL039C,0,-2.5872247,0.04536987841129303,0.3409999907016754,0.7174999713897705
YDR064W,YOL103W,0,-2.5876138,0.04536384344100952,0.3409999907016754,0.7175999879837036
YLR207W,YDL008W,1,-2.5878003,0.045490823686122894,0.34200000762939453,0.7175999879837036
YOR261C,YJR131W,1,-2.5878794,0.04561776667833328,0.34299999475479126,0.7175999879837036
YNL137C,YPL159C,0,-2.587952,0.045611701905727386,0.34299999475479126,0.7177000045776367
YDR244W,YMR127C,0,-2.5882165,0.04560563713312149,0.34299999475479126,0.7178000211715698
YHR111W,YDR416W,0,-2.5884888,0.04559957608580589,0.34299999475479126,0.7178999781608582
YPL177C,YDR461W,0,-2.588632,0.045593515038490295,0.34299999475479126,0.7179999947547913
YMR156C,YGL071W,0,-2.589586,0.0455874539911747,0.34299999475479126,0.7181000113487244
YPL177C,YLR059C,0,-2.5896184,0.0455813966691494,0.34299999475479126,0.7182000279426575
YIL043C,YLR109W,0,-2.5896938,0.0455753393471241,0.34299999475479126,0.7182999849319458
YOR020C,YIL137C,0,-2.5898755,0.0455692857503891,0.34299999475479126,0.7184000015258789
YLR102C,YLR380W,1,-2.590247,0.04569606855511665,0.3440000116825104,0.7184000015258789
YDR309C,YBR095C,0,-2.5902956,0.04569000005722046,0.3440000116825104,0.718500018119812
YER070W,YIL094C,0,-2.5903003,0.045683931559324265,0.3440000116825104,0.7185999751091003
YDR041W,YBL035C,0,-2.590596,0.04567786306142807,0.3440000116825104,0.7186999917030334
YOR156C,YGR105W,0,-2.5913746,0.04567180201411247,0.3440000116825104,0.7188000082969666
YHR190W,YOL100W,0,-2.5918138,0.04566573724150658,0.3440000116825104,0.7189000248908997
YDL087C,YOR320C,0,-2.5921195,0.04565967619419098,0.3440000116825104,0.718999981880188
YNL278W,YPL254W,0,-2.5921726,0.04565361514687538,0.3440000116825104,0.7190999984741211
YMR063W,YJL143W,0,-2.592982,0.04564755782485008,0.3440000116825104,0.7192000150680542
YOR191W,YIL093C,0,-2.5931077,0.04564150050282478,0.3440000116825104,0.7192999720573425
YOR193W,YJL053W,0,-2.5931392,0.04563544690608978,0.3440000116825104,0.7193999886512756
YDL138W,YLR289W,0,-2.5933783,0.04562939330935478,0.3440000116825104,0.7195000052452087
YCL043C,YGL237C,0,-2.5936806,0.04562334343791008,0.3440000116825104,0.7196000218391418
YHR037W,YMR035W,0,-2.5944722,0.04561729356646538,0.3440000116825104,0.7196999788284302
YDL045C,YPL085W,0,-2.595372,0.045611243695020676,0.3440000116825104,0.7197999954223633
YPL244C,YLL009C,0,-2.5955522,0.04560519754886627,0.3440000116825104,0.7199000120162964
YBR046C,YML100W,0,-2.596379,0.04559915140271187,0.3440000116825104,0.7200000286102295
YOL004W,YOR025W,0,-2.5964892,0.04559310898184776,0.3440000116825104,0.7200999855995178
YBR074W,YOR258W,0,-2.5968149,0.04558706656098366,0.3440000116825104,0.7202000021934509
YKL175W,YDR361C,0,-2.5974267,0.04558102414011955,0.3440000116825104,0.720300018787384
YBR193C,YLL035W,0,-2.5974603,0.045574985444545746,0.3440000116825104,0.7203999757766724
YER129W,YGR113W,0,-2.5975988,0.04556895047426224,0.3440000116825104,0.7204999923706055
YMR168C,YMR023C,0,-2.5979588,0.04556291550397873,0.3440000116825104,0.7206000089645386
YOR179C,YLR068W,0,-2.5984018,0.04555688053369522,0.3440000116825104,0.7207000255584717
YBL063W,YPR057W,0,-2.598511,0.04555084928870201,0.3440000116825104,0.72079998254776
YKL196C,YIL132C,0,-2.5987613,0.0455448180437088,0.3440000116825104,0.7208999991416931
YML104C,YGL139W,0,-2.5990322,0.04553878679871559,0.3440000116825104,0.7210000157356262
YPR178W,YJL101C,0,-2.599289,0.04553275927901268,0.3440000116825104,0.7210999727249146
YLR321C,YJL148W,0,-2.5994003,0.04552673548460007,0.3440000116825104,0.7211999893188477
YLR207W,YML088W,1,-2.5995586,0.04565303772687912,0.3449999988079071,0.7211999893188477
YBR036C,YGR174C,0,-2.5996602,0.045646995306015015,0.3449999988079071,0.7213000059127808
YEL050C,YEL006W,0,-2.5999305,0.04564095661044121,0.3449999988079071,0.7214000225067139
YKL110C,YBR196C,0,-2.6002588,0.0456349216401577,0.3449999988079071,0.7214999794960022
YKR052C,YIL020C,0,-2.6002991,0.04562888666987419,0.3449999988079071,0.7215999960899353
YCR094W,YOL011W,0,-2.600438,0.04562285169959068,0.3449999988079071,0.7217000126838684
YMR128W,YNL244C,0,-2.6013844,0.04561682045459747,0.3449999988079071,0.7218000292778015
YDR510W,YGL009C,0,-2.6018426,0.04561078920960426,0.3449999988079071,0.7218999862670898
YGR086C,YKR028W,0,-2.6021185,0.04560475796461105,0.3449999988079071,0.722000002861023
YLR264W,YOR098C,0,-2.6021335,0.04559873044490814,0.3449999988079071,0.722100019454956
YDR375C,YFL004W,0,-2.6022851,0.04559270665049553,0.3449999988079071,0.7221999764442444
YLR438C-A,YIL076W,0,-2.602535,0.04558667913079262,0.3449999988079071,0.7222999930381775
YPL163C,YJL097W,0,-2.6027524,0.0455806590616703,0.3449999988079071,0.7224000096321106
YNL063W,YEL044W,0,-2.6029065,0.04557463526725769,0.3449999988079071,0.7225000262260437
YDR175C,YJL133W,0,-2.602955,0.045568618923425674,0.3449999988079071,0.722599983215332
YOR081C,YKR083C,0,-2.602966,0.04556259885430336,0.3449999988079071,0.7226999998092651
YJL048C,YER143W,1,-2.6031706,0.045688629150390625,0.34599998593330383,0.7226999998092651
YML099C,YHR002W,0,-2.6033082,0.045682597905397415,0.34599998593330383,0.7228000164031982
YPL177C,YCR010C,0,-2.6039975,0.045676566660404205,0.34599998593330383,0.7228999733924866
YLR187W,YNR015W,0,-2.6042445,0.045670539140701294,0.34599998593330383,0.7229999899864197
YLR023C,YEL015W,0,-2.6047308,0.04566451162099838,0.34599998593330383,0.7231000065803528
YGL171W,YLR147C,0,-2.6048133,0.04565848410129547,0.34599998593330383,0.7232000231742859
YHR120W,YCR028C,0,-2.6048462,0.04565246030688286,0.34599998593330383,0.7232999801635742
YHR108W,YNL159C,1,-2.6048634,0.045778363943099976,0.34700000286102295,0.7232999801635742
YLR203C,YOL065C,0,-2.604922,0.04577232524752617,0.34700000286102295,0.7233999967575073
YOR250C,YAL034W-A,0,-2.605325,0.04576629027724266,0.34700000286102295,0.7235000133514404
YLR067C,YJR103W,0,-2.6056995,0.045760251581668854,0.34700000286102295,0.7235999703407288
YMR314W,YHR108W,1,-2.6057274,0.0458860769867897,0.3479999899864197,0.7235999703407288
YHR044C,YJR035W,0,-2.6058514,0.045880027115345,0.3479999899864197,0.7236999869346619
YBR089C-A,YAL031C,0,-2.6061518,0.0458739772439003,0.3479999899864197,0.723800003528595
YPL100W,YBR193C,0,-2.6066346,0.045867931097745895,0.3479999899864197,0.7239000201225281
YNL149C,YIL133C,0,-2.6066434,0.04586188867688179,0.3479999899864197,0.7239999771118164
YAL020C,YJR057W,0,-2.6067703,0.045855842530727386,0.3479999899864197,0.7240999937057495
YJL033W,YHR086W,0,-2.6069357,0.04584980383515358,0.3479999899864197,0.7242000102996826
YIR025W,YJR102C,1,-2.6069381,0.04597549885511398,0.3490000069141388,0.7242000102996826
YDL142C,YML051W,0,-2.6069427,0.045969441533088684,0.3490000069141388,0.7243000268936157
YKL051W,YDR297W,0,-2.607248,0.045963387936353683,0.3490000069141388,0.724399983882904
YBL090W,YBR029C,0,-2.60745,0.04595733433961868,0.3490000069141388,0.7245000004768372
YML098W,YGR086C,0,-2.6077392,0.04595128446817398,0.3490000069141388,0.7246000170707703
YEL069C,YDL035C,0,-2.6080363,0.04594523459672928,0.3490000069141388,0.7246999740600586
YJL096W,YLR006C,0,-2.6083636,0.045939184725284576,0.3490000069141388,0.7247999906539917
YIR037W,YDR423C,0,-2.6091437,0.04593313857913017,0.3490000069141388,0.7249000072479248
YKR093W,YML067C,0,-2.609298,0.04592709615826607,0.3490000069141388,0.7250000238418579
YPL239W,YPR191W,0,-2.6097586,0.04592105373740196,0.3490000069141388,0.7250999808311462
YDR219C,YKL054C,1,-2.6098757,0.04604657366871834,0.3499999940395355,0.7250999808311462
YDR345C,YNL001W,0,-2.6100013,0.04604051634669304,0.3499999940395355,0.7251999974250793
YDR034C,YCR060W,0,-2.610428,0.04603445902466774,0.3499999940395355,0.7253000140190125
YDL135C,YPL175W,0,-2.6106584,0.04602840542793274,0.3499999940395355,0.7253999710083008
YNL221C,YMR286W,0,-2.6107337,0.04602235555648804,0.3499999940395355,0.7254999876022339
YBR231C,YHR146W,0,-2.6110675,0.046016301959753036,0.3499999940395355,0.725600004196167
YCR036W,YNL068C,0,-2.6111917,0.046010252088308334,0.3499999940395355,0.7257000207901001
YOR250C,YDR159W,0,-2.6122646,0.04600420594215393,0.3499999940395355,0.7257999777793884
YDL051W,YGL113W,0,-2.6124732,0.04599815979599953,0.3499999940395355,0.7258999943733215
YPL040C,YCR075C,0,-2.6128962,0.04599211737513542,0.3499999940395355,0.7260000109672546
YKL194C,YMR012W,0,-2.6129472,0.04598607122898102,0.3499999940395355,0.7261000275611877
YER127W,YPL010W,0,-2.6130443,0.04598003253340721,0.3499999940395355,0.7261999845504761
YHR149C,YLR115W,0,-2.613538,0.045973990112543106,0.3499999940395355,0.7263000011444092
YHR070W,YKL116C,0,-2.614061,0.0459679551422596,0.3499999940395355,0.7264000177383423
YIL030C,YMR184W,1,-2.6141198,0.04609323665499687,0.35100001096725464,0.7264000177383423
YDR059C,YPL115C,0,-2.614496,0.04608718305826187,0.35100001096725464,0.7264999747276306
YFR049W,YPL115C,0,-2.6147904,0.04608113318681717,0.35100001096725464,0.7265999913215637
YPR031W,YLR151C,0,-2.615228,0.046075087040662766,0.35100001096725464,0.7267000079154968
YMR234W,YML124C,0,-2.6153822,0.04606903716921806,0.35100001096725464,0.7268000245094299
YER088C,YGL105W,0,-2.6158178,0.04606299102306366,0.35100001096725464,0.7268999814987183
YNL056W,YOL124C,0,-2.6163094,0.046056948602199554,0.35100001096725464,0.7269999980926514
YGL212W,YPL004C,0,-2.6164382,0.04605090618133545,0.35100001096725464,0.7271000146865845
YPR134W,YGL203C,0,-2.6166682,0.046044863760471344,0.35100001096725464,0.7271999716758728
YLR207W,YHR204W,1,-2.6167376,0.04616998881101608,0.35199999809265137,0.7271999716758728
YMR033W,YPR049C,0,-2.616741,0.04616393521428108,0.35199999809265137,0.7272999882698059
YER154W,YMR056C,0,-2.6171737,0.04615788161754608,0.35199999809265137,0.727400004863739
YNL302C,YKL165C,0,-2.6174014,0.04615182802081108,0.35199999809265137,0.7275000214576721
YGL189C,YJL196C,0,-2.6175258,0.04614577814936638,0.35199999809265137,0.7275999784469604
YBR296C,YOL070C,0,-2.61819,0.04613972827792168,0.35199999809265137,0.7276999950408936
YDR503C,YDL078C,0,-2.6183655,0.04613368213176727,0.35199999809265137,0.7278000116348267
YDR139C,YKR064W,0,-2.6187627,0.04612763598561287,0.35199999809265137,0.7279000282287598
YIL118W,YNR041C,0,-2.6193156,0.046121593564748764,0.35199999809265137,0.7279999852180481
YDL210W,YMR070W,0,-2.619815,0.04611555114388466,0.35199999809265137,0.7281000018119812
YLR330W,YMR040W,0,-2.619831,0.046109508723020554,0.35199999809265137,0.7282000184059143
YOR257W,YOL032W,0,-2.6201942,0.04610347002744675,0.35199999809265137,0.7282999753952026
YGR255C,YNL212W,0,-2.6202343,0.04609743505716324,0.35199999809265137,0.7283999919891357
YDL097C,YHR108W,1,-2.6202576,0.04622234031558037,0.3529999852180481,0.7283999919891357
YOL104C,YKL189W,0,-2.6207187,0.04621628671884537,0.3529999852180481,0.7285000085830688
YKL081W,YGR175C,0,-2.6209247,0.046210236847400665,0.3529999852180481,0.728600025177002
YDR460W,YJL196C,0,-2.6213112,0.04620418697595596,0.3529999852180481,0.7286999821662903
YDR337W,YJR033C,0,-2.6214912,0.04619814082980156,0.3529999852180481,0.7287999987602234
YNL290W,YKL074C,0,-2.6219962,0.046192094683647156,0.3529999852180481,0.7289000153541565
YPL002C,YFL049W,1,-2.6232803,0.04631689190864563,0.3540000021457672,0.7289000153541565
YOR179C,YJL085W,0,-2.6237066,0.04631083086133003,0.3540000021457672,0.7289999723434448
YBR155W,YGR260W,0,-2.6242144,0.04630477353930473,0.3540000021457672,0.7290999889373779
YDR405W,YOR187W,0,-2.6247423,0.04629871994256973,0.3540000021457672,0.729200005531311
YMR109W,YNR011C,0,-2.624778,0.046292662620544434,0.3540000021457672,0.7293000221252441
YOR257W,YDR447C,0,-2.6248703,0.04628660902380943,0.3540000021457672,0.7293999791145325
YOR008C,YOR156C,0,-2.6249964,0.04628055915236473,0.3540000021457672,0.7294999957084656
YNL084C,YDR383C,0,-2.6251457,0.04627450928092003,0.3540000021457672,0.7296000123023987
YLR154C,YBL007C,0,-2.625236,0.046268463134765625,0.3540000021457672,0.7297000288963318
YGL092W,YNL230C,0,-2.625274,0.04626241326332092,0.3540000021457672,0.7297999858856201
YOR020C,YMR313C,0,-2.6260219,0.04625637084245682,0.3540000021457672,0.7299000024795532
YOR068C,YFR029W,0,-2.6261172,0.04625032842159271,0.3540000021457672,0.7300000190734863
YBL011W,YDR320C-A,0,-2.6261444,0.04624428600072861,0.3540000021457672,0.7300999760627747
YGL192W,YLR016C,0,-2.626279,0.0462382435798645,0.3540000021457672,0.7301999926567078
YLR237W,YNL219C,0,-2.626782,0.046232204884290695,0.3540000021457672,0.7303000092506409
YJR021C,YNL121C,0,-2.6269238,0.04622616991400719,0.3540000021457672,0.730400025844574
YBR112C,YBL047C,0,-2.6271946,0.04622013494372368,0.3540000021457672,0.7304999828338623
YNL297C,YGL050W,0,-2.628789,0.04621409997344017,0.3540000021457672,0.7305999994277954
YGR162W,YNL263C,0,-2.629158,0.04620806500315666,0.3540000021457672,0.7307000160217285
YKL020C,YOR016C,0,-2.629537,0.04620203748345375,0.3540000021457672,0.7307999730110168
YNL153C,YDR236C,0,-2.6296287,0.04619600623846054,0.3540000021457672,0.73089998960495
YIL088C,YNL244C,0,-2.629877,0.04618997871875763,0.3540000021457672,0.7310000061988831
YPR019W,YLR313C,0,-2.6300628,0.04618395119905472,0.3540000021457672,0.7311000227928162
YNL138W,YGR083C,0,-2.630828,0.046177927404642105,0.3540000021457672,0.7311999797821045
YNR055C,YPL252C,0,-2.630882,0.04617190733551979,0.3540000021457672,0.7312999963760376
YNL282W,YOL066C,0,-2.6309834,0.04616588354110718,0.3540000021457672,0.7314000129699707
YNR031C,YHR129C,0,-2.63118,0.04615986347198486,0.3540000021457672,0.7315000295639038
YNL051W,YEL001C,0,-2.6312697,0.04615384712815285,0.3540000021457672,0.7315999865531921
YNL123W,YOL067C,0,-2.6314514,0.04614783078432083,0.3540000021457672,0.7317000031471252
YDL045W-A,YKR069W,0,-2.6324613,0.046141814440488815,0.3540000021457672,0.7318000197410583
YGR241C,YOL141W,0,-2.6328185,0.0461358018219471,0.3540000021457672,0.7318999767303467
YGL237C,YNL287W,0,-2.632879,0.04612978920340538,0.3540000021457672,0.7319999933242798
YOR261C,YHR108W,1,-2.6336071,0.04625407233834267,0.35499998927116394,0.7319999933242798
YMR270C,YDR105C,0,-2.633816,0.046248044818639755,0.35499998927116394,0.7321000099182129
YAR042W,YER031C,0,-2.633859,0.04624202102422714,0.35499998927116394,0.732200026512146
YMR302C,YBL063W,0,-2.6344192,0.04623599722981453,0.35499998927116394,0.7322999835014343
YPL075W,YJR133W,0,-2.6346688,0.046229977160692215,0.35499998927116394,0.7324000000953674
YGL064C,YIL021W,0,-2.6349504,0.0462239570915699,0.35499998927116394,0.7325000166893005
YML127W,YGR223C,0,-2.6349638,0.046217940747737885,0.35499998927116394,0.7325999736785889
YDR013W,YDL078C,0,-2.6349814,0.04621192440390587,0.35499998927116394,0.732699990272522
YKR048C,YLR337C,0,-2.6353323,0.04620590806007385,0.35499998927116394,0.7328000068664551
YJL121C,YOL020W,0,-2.63536,0.046199895441532135,0.35499998927116394,0.7329000234603882
YJL106W,YNL325C,0,-2.635409,0.04619388282299042,0.35499998927116394,0.7329999804496765
YBL005W,YMR198W,0,-2.6355765,0.046187873929739,0.35499998927116394,0.7330999970436096
YLR100W,YDR423C,0,-2.635715,0.04618186503648758,0.35499998927116394,0.7332000136375427
YML041C,YPL221W,0,-2.6357238,0.04617585986852646,0.35499998927116394,0.733299970626831
YGL112C,YPR028W,0,-2.635807,0.04616985470056534,0.35499998927116394,0.7333999872207642
YLR005W,YDL117W,0,-2.6358812,0.04616384953260422,0.35499998927116394,0.7335000038146973
YKR009C,YPL022W,0,-2.6363237,0.046157848089933395,0.35499998927116394,0.7336000204086304
YNL183C,YER041W,0,-2.636359,0.04615184664726257,0.35499998927116394,0.7336999773979187
YOL043C,YKR089C,0,-2.6365957,0.04614584520459175,0.35499998927116394,0.7337999939918518
YJR045C,YDL113C,0,-2.6366923,0.04613984748721123,0.35499998927116394,0.7339000105857849
YOR275C,YJL089W,0,-2.6372688,0.046133853495121,0.35499998927116394,0.734000027179718
YLR353W,YKL003C,0,-2.6374295,0.04612785950303078,0.35499998927116394,0.7340999841690063
YMR089C,YMR112C,0,-2.6374567,0.04612186551094055,0.35499998927116394,0.7342000007629395
YJL073W,YDR330W,1,-2.6375659,0.04624577984213829,0.35600000619888306,0.7342000007629395
YIR025W,YDR427W,1,-2.637657,0.046369656920433044,0.3569999933242798,0.7342000007629395
YOR243C,YDR168W,0,-2.6376925,0.04636363685131073,0.3569999933242798,0.7343000173568726
YJR022W,YJL030W,0,-2.6377501,0.046357616782188416,0.3569999933242798,0.7343999743461609
YFR037C,YOL067C,0,-2.6378298,0.0463515967130661,0.3569999933242798,0.734499990940094
YDR087C,YDL040C,0,-2.6382742,0.046345580369234085,0.3569999933242798,0.7346000075340271
YKL161C,YNR008W,0,-2.6383142,0.04633956402540207,0.3569999933242798,0.7347000241279602
YDR496C,YJL191W,0,-2.638315,0.04633355140686035,0.3569999933242798,0.7347999811172485
YNL233W,YJL196C,0,-2.6384583,0.046327538788318634,0.3569999933242798,0.7348999977111816
YJL073W,YMR276W,1,-2.6385343,0.046451278030872345,0.3580000102519989,0.7348999977111816
YPL208W,YGR185C,0,-2.6386638,0.046445250511169434,0.3580000102519989,0.7350000143051147
YNL031C,YOL136C,0,-2.6387873,0.04643922671675682,0.3580000102519989,0.7350999712944031
YLR080W,YIL048W,0,-2.6388848,0.04643320292234421,0.3580000102519989,0.7351999878883362
YPR017C,YDR086C,0,-2.6395857,0.04642718285322189,0.3580000102519989,0.7353000044822693
YML088W,YLR380W,1,-2.6397362,0.04655082896351814,0.35899999737739563,0.7353000044822693
YKR050W,YDL135C,0,-2.639842,0.046544793993234634,0.35899999737739563,0.7354000210762024
YJR097W,YBL069W,0,-2.6403174,0.046538759022951126,0.35899999737739563,0.7354999780654907
YER072W,YPL213W,0,-2.6403806,0.046532727777957916,0.35899999737739563,0.7355999946594238
YDR110W,YHR052W,0,-2.6406696,0.046526696532964706,0.35899999737739563,0.7357000112533569
YLR080W,YKL062W,0,-2.6406977,0.046520669013261795,0.35899999737739563,0.73580002784729
YAL019W,YPR048W,0,-2.6411455,0.046514641493558884,0.35899999737739563,0.7358999848365784
YMR088C,YGL144C,0,-2.6417396,0.04650861397385597,0.35899999737739563,0.7360000014305115
YHR006W,YBR222C,0,-2.6418664,0.04650259017944336,0.35899999737739563,0.7361000180244446
YGR003W,YER143W,1,-2.6418884,0.04662608355283737,0.36000001430511475,0.7361000180244446
YOR380W,YOL078W,0,-2.6420352,0.046620044857263565,0.36000001430511475,0.7361999750137329
YDR028C,YNR013C,0,-2.6422637,0.04661400988698006,0.36000001430511475,0.736299991607666
YNL031C,YJR143C,0,-2.6426463,0.04660797491669655,0.36000001430511475,0.7364000082015991
YLR105C,YLL013C,0,-2.6431174,0.04660193994641304,0.36000001430511475,0.7365000247955322
YLR183C,YOR089C,0,-2.6434772,0.04659590870141983,0.36000001430511475,0.7365999817848206
YBR295W,YOR209C,0,-2.6436737,0.04658988118171692,0.36000001430511475,0.7366999983787537
YMR183C,YGL116W,0,-2.643923,0.04658384993672371,0.36000001430511475,0.7368000149726868
YHR168W,YOR236W,0,-2.6443546,0.0465778224170208,0.36000001430511475,0.7368999719619751
YKL022C,YML092C,1,-2.6444235,0.04670116305351257,0.3610000014305115,0.7368999719619751
YGL173C,YKL164C,0,-2.6447961,0.046695124357938766,0.3610000014305115,0.7369999885559082
YDL108W,YLR228C,0,-2.6449468,0.04668908566236496,0.3610000014305115,0.7371000051498413
YNL091W,YPL194W,0,-2.6452014,0.04668304696679115,0.3610000014305115,0.7372000217437744
YNL133C,YIL101C,0,-2.6452136,0.046677011996507645,0.3610000014305115,0.7372999787330627
YDR200C,YPR034W,0,-2.6452856,0.046670977026224136,0.3610000014305115,0.7373999953269958
YJR010C-A,YDL231C,0,-2.6456916,0.04666494205594063,0.3610000014305115,0.737500011920929
YJL029C,YOR074C,0,-2.6457117,0.04665891081094742,0.3610000014305115,0.7376000285148621
YMR264W,YIL007C,1,-2.646567,0.04678211361169815,0.3619999885559082,0.7376000285148621
YDR297W,YOL061W,0,-2.6467159,0.04677606746554375,0.3619999885559082,0.7376999855041504
YJL056C,YLR020C,0,-2.6471255,0.04677002504467964,0.3619999885559082,0.7378000020980835
YAL002W,YML081C-A,0,-2.6472888,0.046763982623815536,0.3619999885559082,0.7379000186920166
YHR204W,YKL054C,1,-2.6474652,0.0468871109187603,0.3630000054836273,0.7379000186920166
YOR110W,YOR127W,0,-2.647509,0.046881053596735,0.3630000054836273,0.7379999756813049
YDR054C,YFL025C,1,-2.6476223,0.047004133462905884,0.36399999260902405,0.7379999756813049
YHR204W,YDR057W,1,-2.6478126,0.04712717980146408,0.36500000953674316,0.7379999756813049
YOR244W,YLR176C,0,-2.6480005,0.04712109640240669,0.36500000953674316,0.738099992275238
YJL019W,YBR061C,0,-2.6480603,0.047115013003349304,0.36500000953674316,0.7382000088691711
YNL055C,YOR127W,0,-2.6480646,0.047108929604291916,0.36500000953674316,0.7383000254631042
YDL210W,YBR074W,0,-2.6481931,0.047102853655815125,0.36500000953674316,0.7383999824523926
YBR129C,YJR055W,0,-2.6482213,0.047096773982048035,0.36500000953674316,0.7384999990463257
YOR191W,YIL147C,0,-2.6482482,0.04709069803357124,0.36500000953674316,0.7386000156402588
YIL076W,YBR222C,0,-2.6483982,0.04708462208509445,0.36500000953674316,0.7386999726295471
YKL210W,YAR042W,0,-2.6486528,0.04707854986190796,0.36500000953674316,0.7387999892234802
YLR103C,YOR253W,0,-2.648678,0.047072477638721466,0.36500000953674316,0.7389000058174133
YDR118W,YKL022C,1,-2.64871,0.04719535633921623,0.3659999966621399,0.7389000058174133
YEL062W,YHL031C,0,-2.6489775,0.047189272940158844,0.3659999966621399,0.7390000224113464
YOR037W,YLR259C,0,-2.649287,0.047183189541101456,0.3659999966621399,0.7390999794006348
YGL031C,YDL135C,0,-2.6497948,0.04717710614204407,0.3659999966621399,0.7391999959945679
YMR264W,YJL048C,1,-2.6498554,0.047299910336732864,0.367000013589859,0.7391999959945679
YNL079C,YOL072W,0,-2.6499097,0.04729381576180458,0.367000013589859,0.739300012588501
YDR298C,YIR031C,0,-2.6501243,0.0472877211868763,0.367000013589859,0.7394000291824341
YBR081C,YPR005C,0,-2.6512163,0.04728162661194801,0.367000013589859,0.7394999861717224
YGR061C,YHR089C,0,-2.6513073,0.04727553948760033,0.367000013589859,0.7396000027656555
YML052W,YKL116C,0,-2.6516092,0.04726944863796234,0.367000013589859,0.7397000193595886
YDR520C,YPR005C,0,-2.6518693,0.047263361513614655,0.367000013589859,0.739799976348877
YBR006W,YBR207W,0,-2.6521046,0.04725727438926697,0.367000013589859,0.7398999929428101
YDR108W,YCR060W,0,-2.652171,0.04725119099020958,0.367000013589859,0.7400000095367432
YML107C,YNL267W,0,-2.652623,0.04724510759115219,0.367000013589859,0.7401000261306763
YER113C,YDR091C,0,-2.652971,0.0472390279173851,0.367000013589859,0.7401999831199646
YPL177C,YMR110C,0,-2.653591,0.04723294824361801,0.367000013589859,0.7402999997138977
YJL034W,YBL041W,1,-2.6537375,0.04735555127263069,0.36800000071525574,0.7402999997138977
YDL171C,YBR087W,0,-2.6539743,0.047349460422992706,0.36800000071525574,0.7404000163078308
YML088W,YNL159C,1,-2.6542737,0.047472018748521805,0.36899998784065247,0.7404000163078308
YMR306W,YER007W,0,-2.6545417,0.047465912997722626,0.36899998784065247,0.7404999732971191
YLR288C,YCR037C,0,-2.6546314,0.04745980724692345,0.36899998784065247,0.7405999898910522
YGR047C,YHR106W,0,-2.6546366,0.047453705221414566,0.36899998784065247,0.7407000064849854
YDR174W,YAL053W,0,-2.6546779,0.047447603195905685,0.36899998784065247,0.7408000230789185
YGL227W,YNL008C,1,-2.654732,0.04757006838917732,0.3700000047683716,0.7408000230789185
YFL048C,YGR189C,0,-2.6547604,0.047563955187797546,0.3700000047683716,0.7408999800682068
YKL173W,YBL088C,0,-2.6550045,0.04755784198641777,0.3700000047683716,0.7409999966621399
YIL075C,YFL049W,1,-2.655059,0.04768024757504463,0.3709999918937683,0.7409999966621399
YJL170C,YDR518W,0,-2.655217,0.04767411947250366,0.3709999918937683,0.741100013256073
YNL290W,YGL136C,0,-2.6555192,0.04766799509525299,0.3709999918937683,0.7411999702453613
YML092C,YFL025C,1,-2.655696,0.04779033735394478,0.3720000088214874,0.7411999702453613
YIL047C,YNR030W,0,-2.6557329,0.04778420180082321,0.3720000088214874,0.7412999868392944
YBR026C,YGR101W,0,-2.6565208,0.047778062522411346,0.3720000088214874,0.7414000034332275
YDL036C,YLR277C,0,-2.6568286,0.04777192696928978,0.3720000088214874,0.7415000200271606
YNL268W,YGR099W,0,-2.657282,0.04776579514145851,0.3720000088214874,0.741599977016449
YAR018C,YHR067W,0,-2.6573527,0.047759659588336945,0.3720000088214874,0.7416999936103821
YLR417W,YDR330W,1,-2.6574438,0.047881901264190674,0.37299999594688416,0.7416999936103821
YKL192C,YOR119C,0,-2.6576774,0.04787575453519821,0.37299999594688416,0.7418000102043152
YKR020W,YKL197C,0,-2.659507,0.04786961153149605,0.37299999594688416,0.7419000267982483
YOR071C,YNL098C,0,-2.6595852,0.047863468527793884,0.37299999594688416,0.7419999837875366
YDL085W,YLR385C,0,-2.6598146,0.04785732552409172,0.37299999594688416,0.7421000003814697
YDR373W,YOL031C,0,-2.6599107,0.047851186245679855,0.37299999594688416,0.7422000169754028
YGR010W,YBR243C,0,-2.6606195,0.04784504696726799,0.37299999594688416,0.7422999739646912
YKR007W,YPR081C,0,-2.660713,0.04783891141414642,0.37299999594688416,0.7423999905586243
YNL325C,YML097C,0,-2.6609578,0.04783277586102486,0.37299999594688416,0.7425000071525574
YCR036W,YDR369C,0,-2.6615865,0.04782664403319359,0.37299999594688416,0.7426000237464905
YOR241W,YOL067C,0,-2.6617658,0.04782051220536232,0.37299999594688416,0.7426999807357788
YDR279W,YGL105W,0,-2.6620295,0.04781438410282135,0.37299999594688416,0.7427999973297119
YBR189W,YBR260C,0,-2.6622183,0.04780825600028038,0.37299999594688416,0.742900013923645
YDL112W,YER149C,0,-2.662224,0.04780212789773941,0.37299999594688416,0.7429999709129333
YGL107C,YOL019W,0,-2.6622527,0.04779600352048874,0.37299999594688416,0.7430999875068665
YDR219C,YLR417W,1,-2.662627,0.04791800305247307,0.37400001287460327,0.7430999875068665
YGL244W,YJR066W,0,-2.6628397,0.0479118637740612,0.37400001287460327,0.7432000041007996
YDL060W,YJL041W,0,-2.662892,0.04790572449564934,0.37400001287460327,0.7433000206947327
YBL023C,YDL217C,0,-2.6630423,0.04789958894252777,0.37400001287460327,0.743399977684021
YNL101W,YOR260W,0,-2.6635711,0.0478934571146965,0.37400001287460327,0.7434999942779541
YHR108W,YFL049W,1,-2.6636038,0.04801536351442337,0.375,0.7434999942779541
YDR517W,YDR169C,0,-2.663693,0.04800921678543091,0.375,0.7436000108718872
YMR089C,YML036W,0,-2.6640031,0.048003073781728745,0.375,0.7437000274658203
YPL151C,YHR001W-A,0,-2.6640558,0.04799692705273628,0.375,0.7437999844551086
YLR371W,YDR472W,0,-2.6641848,0.04799078404903412,0.375,0.7439000010490417
YNR011C,YBR245C,0,-2.6643705,0.04798464477062225,0.375,0.7440000176429749
YNR035C,YKL161C,0,-2.664373,0.04797850549221039,0.375,0.7440999746322632
YPR054W,YJR055W,0,-2.6644611,0.04797236621379852,0.375,0.7441999912261963
YOL061W,YOR045W,0,-2.6644876,0.047966230660676956,0.375,0.7443000078201294
YPL075W,YJR108W,0,-2.6646426,0.04796009883284569,0.375,0.7444000244140625
YHR030C,YKL190W,0,-2.6648118,0.04795396327972412,0.375,0.7444999814033508
YLR364W,YOR201C,0,-2.664914,0.04794783145189285,0.375,0.7445999979972839
YKL134C,YKL114C,0,-2.6649234,0.04794170334935188,0.375,0.744700014591217
YBL057C,YNL311C,1,-2.6649692,0.04806340113282204,0.37599998712539673,0.744700014591217
YHR077C,YGR004W,0,-2.6650908,0.04805725812911987,0.37599998712539673,0.7447999715805054
YMR273C,YDL175C,0,-2.6652825,0.04805111885070801,0.37599998712539673,0.7448999881744385
YLR321C,YOR313C,0,-2.6653354,0.04804497957229614,0.37599998712539673,0.7450000047683716
YLL004W,YPR190C,0,-2.6655662,0.04803884029388428,0.37599998712539673,0.7451000213623047
YPR060C,YOL123W,0,-2.6659853,0.04803270474076271,0.37599998712539673,0.745199978351593
YER174C,YOR258W,0,-2.6661537,0.048026569187641144,0.37599998712539673,0.7452999949455261
YOR230W,YDR093W,0,-2.6661608,0.04802043363451958,0.37599998712539673,0.7454000115394592
YNL008C,YDR177W,1,-2.66625,0.048142001032829285,0.37700000405311584,0.7454000115394592
YGR024C,YOR138C,0,-2.6664958,0.04813585430383682,0.37700000405311584,0.7455000281333923
YHR186C,YOR065W,0,-2.6672516,0.04812970757484436,0.37700000405311584,0.7455999851226807
YNL267W,YDR329C,0,-2.6673806,0.0481235645711422,0.37700000405311584,0.7457000017166138
YNL123W,YOR297C,0,-2.667463,0.04811742156744003,0.37700000405311584,0.7458000183105469
YKL194C,YPL180W,0,-2.6675415,0.04811128228902817,0.37700000405311584,0.7458999752998352
YMR020W,YGL122C,0,-2.667612,0.0481051430106163,0.37700000405311584,0.7459999918937683
YGR095C,YHR004C,0,-2.6677072,0.04809900373220444,0.37700000405311584,0.7461000084877014
YDR219C,YBL057C,1,-2.668869,0.0482204370200634,0.3779999911785126,0.7461000084877014
YNL223W,YJL178C,0,-2.669049,0.04821428656578064,0.3779999911785126,0.7462000250816345
YPR060C,YPL099C,0,-2.6691961,0.04820813611149788,0.3779999911785126,0.7462999820709229
YEL032W,YDR308C,0,-2.6693313,0.04820198938250542,0.3779999911785126,0.746399998664856
YMR054W,YNL207W,0,-2.6694524,0.048195842653512955,0.3779999911785126,0.7465000152587891
YDR002W,YLR097C,1,-2.669873,0.048317186534404755,0.3790000081062317,0.7465000152587891
YMR142C,YPL235W,0,-2.6706069,0.0483110249042511,0.3790000081062317,0.7465999722480774
YLR203C,YGL093W,0,-2.6714275,0.04830486699938774,0.3790000081062317,0.7466999888420105
YCR036W,YGR156W,0,-2.6717267,0.04829871281981468,0.3790000081062317,0.7468000054359436
YDR399W,YMR043W,0,-2.6717496,0.04829255864024162,0.3790000081062317,0.7469000220298767
YOR001W,YJR052W,0,-2.6721208,0.048286404460668564,0.3790000081062317,0.746999979019165
YMR094W,YIL156W,0,-2.672461,0.0482802540063858,0.3790000081062317,0.7470999956130981
YOR145C,YHR039C-A,0,-2.6726608,0.04827410355210304,0.3790000081062317,0.7472000122070312
YOL142W,YBR107C,0,-2.6727657,0.04826795682311058,0.3790000081062317,0.7473000288009644
YOR323C,YMR001C,0,-2.6729038,0.04826181009411812,0.3790000081062317,0.7473999857902527
YNR037C,YML060W,0,-2.6731284,0.048255667090415955,0.3790000081062317,0.7475000023841858
YJL013C,YDR281C,0,-2.6733897,0.04824952408671379,0.3790000081062317,0.7476000189781189
YAL033W,YBL047C,0,-2.6734793,0.04824338108301163,0.3790000081062317,0.7476999759674072
YOR373W,YLR382C,0,-2.6734943,0.04823724180459976,0.3790000081062317,0.7477999925613403
YIL095W,YNL068C,0,-2.6738307,0.0482311025261879,0.3790000081062317,0.7479000091552734
YDR080W,YDR150W,0,-2.6739132,0.04822496324777603,0.3790000081062317,0.7480000257492065
YER022W,YPR081C,0,-2.6739337,0.048218827694654465,0.3790000081062317,0.7480999827384949
YDL240W,YBL085W,0,-2.6743066,0.048212695866823196,0.3790000081062317,0.748199999332428
YEL030W,YAL043C,0,-2.6743815,0.04820656403899193,0.3790000081062317,0.7483000159263611
YJR010C-A,YFL036W,0,-2.674382,0.04820043221116066,0.3790000081062317,0.7483999729156494
YLR037C,YNL137C,0,-2.6744273,0.04819430410861969,0.3790000081062317,0.7484999895095825
YPR131C,YJL143W,0,-2.674521,0.04818817600607872,0.3790000081062317,0.7486000061035156
YDR139C,YAL019W,0,-2.6746018,0.04818204790353775,0.3790000081062317,0.7487000226974487
YJL155C,YJR075W,0,-2.6746123,0.04817592352628708,0.3790000081062317,0.7487999796867371
YOR304W,YOL065C,0,-2.6754434,0.048169802874326706,0.3790000081062317,0.7488999962806702
YNL173C,YGL168W,0,-2.6754825,0.048163678497076035,0.3790000081062317,0.7490000128746033
YER167W,YGL236C,0,-2.6755989,0.04815756157040596,0.3790000081062317,0.7491000294685364
YDR205W,YDL192W,0,-2.6761334,0.04815144091844559,0.3790000081062317,0.7491999864578247
YDR425W,YML067C,0,-2.6762316,0.04814532399177551,0.3790000081062317,0.7493000030517578
YER002W,YBR121C,0,-2.6765687,0.04813921079039574,0.3790000081062317,0.7494000196456909
YDR312W,YDR296W,0,-2.6767054,0.04813309758901596,0.3790000081062317,0.7494999766349792
YDR323C,YAL062W,0,-2.6767266,0.048126984387636185,0.3790000081062317,0.7495999932289124
YLR165C,YIL014W,0,-2.677564,0.04812087491154671,0.3790000081062317,0.7497000098228455
YMR281W,YGL040C,0,-2.677629,0.04811476543545723,0.3790000081062317,0.7498000264167786
YNR059W,YDR116C,0,-2.67773,0.04810865595936775,0.3790000081062317,0.7498999834060669
YHL028W,YMR225C,0,-2.6779659,0.04810255020856857,0.3790000081062317,0.75
YJL011C,YJL133W,0,-2.6785963,0.04809644818305969,0.3790000081062317,0.7501000165939331
YKL033W,YDL108W,0,-2.678723,0.04809034243226051,0.3790000081062317,0.7501999735832214
YBR010W,YGR208W,0,-2.679501,0.04808424413204193,0.3790000081062317,0.7502999901771545
YBL005W,YJR084W,0,-2.6801345,0.04807814210653305,0.3790000081062317,0.7504000067710876
YFR036W,YHR027C,1,-2.6803231,0.0481988824903965,0.3799999952316284,0.7504000067710876
YLR088W,YMR232W,0,-2.6804178,0.048192769289016724,0.3799999952316284,0.7505000233650208
YOR076C,YBR282W,0,-2.6805422,0.048186659812927246,0.3799999952316284,0.7505999803543091
YBR153W,YHR005C,0,-2.6810386,0.04818055033683777,0.3799999952316284,0.7506999969482422
YPL083C,YLR394W,0,-2.6811821,0.04817444086074829,0.3799999952316284,0.7508000135421753
YDR075W,YBL098W,0,-2.6812618,0.04816833510994911,0.3799999952316284,0.7508999705314636
YCR063W,YOR101W,0,-2.6813214,0.04816222935914993,0.3799999952316284,0.7509999871253967
YER177W,YPR199C,0,-2.6815789,0.04815612733364105,0.3799999952316284,0.7511000037193298
YNL267W,YDR107C,0,-2.6820304,0.04815002530813217,0.3799999952316284,0.7512000203132629
YDR363W-A,YPL096W,1,-2.6836135,0.04827062040567398,0.38100001215934753,0.7512000203132629
YOL059W,YLR344W,0,-2.6837342,0.048264503479003906,0.38100001215934753,0.7512999773025513
YER139C,YBR283C,0,-2.6838706,0.04825839027762413,0.38100001215934753,0.7513999938964844
YDL074C,YNL117W,0,-2.6842666,0.04825228080153465,0.38100001215934753,0.7515000104904175
YIL120W,YHR073W,0,-2.6842864,0.04824616760015488,0.38100001215934753,0.7516000270843506
YHR204W,YBL058W,1,-2.6843061,0.04836667329072952,0.38199999928474426,0.7516000270843506
YIL018W,YPL129W,0,-2.684396,0.04836055263876915,0.38199999928474426,0.7516999840736389
YPL177C,YOR156C,0,-2.684397,0.04835443198680878,0.38199999928474426,0.751800000667572
YHR204W,YBL057C,1,-2.684869,0.04847487807273865,0.382999986410141,0.751800000667572
YKL175W,YPL186C,0,-2.6851685,0.04846874251961708,0.382999986410141,0.7519000172615051
YPR198W,YKL150W,0,-2.685812,0.04846261069178581,0.382999986410141,0.7519999742507935
YBL061C,YGL083W,0,-2.68598,0.048456478863954544,0.382999986410141,0.7520999908447266
YIL075C,YJL034W,1,-2.6861062,0.048576850444078445,0.3840000033378601,0.7520999908447266
YPL176C,YML013W,1,-2.6862564,0.04869719222187996,0.38499999046325684,0.7520999908447266
YNL232W,YPL153C,0,-2.686327,0.0486910343170166,0.38499999046325684,0.7522000074386597
YDL240W,YDL139C,0,-2.6864445,0.048684876412153244,0.38499999046325684,0.7523000240325928
YKL196C,YPL061W,0,-2.686774,0.048678722232580185,0.38499999046325684,0.7523999810218811
YDR101C,YDR257C,0,-2.6873262,0.048672568053007126,0.38499999046325684,0.7524999976158142
YMR300C,YGL071W,0,-2.6873543,0.04866641387343407,0.38499999046325684,0.7526000142097473
YDR057W,YFL025C,1,-2.6874316,0.048786651343107224,0.38600000739097595,0.7526000142097473
YIL153W,YNR019W,0,-2.6878405,0.04878048598766327,0.38600000739097595,0.7526999711990356
YEL070W,YLR395C,0,-2.6882064,0.04877432435750961,0.38600000739097595,0.7527999877929688
YML074C,YCL029C,0,-2.6884596,0.04876816272735596,0.38600000739097595,0.7529000043869019
YMR314W,YJL073W,1,-2.6886084,0.048888325691223145,0.3869999945163727,0.7529000043869019
YKL022C,YJR131W,1,-2.6886594,0.04900846257805824,0.3880000114440918,0.7529000043869019
YDR036C,YGR169C,0,-2.6889083,0.0490022748708725,0.3880000114440918,0.753000020980835
YGR217W,YFR033C,0,-2.6891263,0.04899608716368675,0.3880000114440918,0.7530999779701233
YDL017W,YHR073W,0,-2.6896386,0.04898989945650101,0.3880000114440918,0.7531999945640564
YOR259C,YNL159C,1,-2.6897008,0.049109961837530136,0.3889999985694885,0.7531999945640564
YIR018W,YIL037C,0,-2.689703,0.049103762954473495,0.3889999985694885,0.7533000111579895
YIL106W,YPL060W,0,-2.6900904,0.049097564071416855,0.3889999985694885,0.7534000277519226
YPR156C,YPR134W,0,-2.6901057,0.04909136891365051,0.3889999985694885,0.7534999847412109
YBL061C,YJR058C,0,-2.690614,0.04908517375588417,0.3889999985694885,0.753600001335144
YEL054C,YJL183W,0,-2.691252,0.04907898232340813,0.3889999985694885,0.7537000179290771
YHR108W,YOR117W,1,-2.6920416,0.0491989403963089,0.38999998569488525,0.7537000179290771
YGR040W,YGL169W,0,-2.6928394,0.04919273406267166,0.38999998569488525,0.7537999749183655
YMR274C,YJR132W,0,-2.6930015,0.04918653145432472,0.38999998569488525,0.7538999915122986
YHR108W,YML013W,1,-2.69329,0.04930642992258072,0.39100000262260437,0.7538999915122986
YPL099C,YGL113W,0,-2.6934638,0.049300216138362885,0.39100000262260437,0.7540000081062317
YDL102W,YCL017C,0,-2.693987,0.04929399862885475,0.39100000262260437,0.7541000247001648
YBL022C,YKL140W,0,-2.6941123,0.04928778484463692,0.39100000262260437,0.7541999816894531
YLR080W,YPR021C,0,-2.6945455,0.04928157478570938,0.39100000262260437,0.7542999982833862
YJL090C,YBR030W,0,-2.6952012,0.04927536100149155,0.39100000262260437,0.7544000148773193
YOR247W,YDR174W,0,-2.6953323,0.04926915466785431,0.39100000262260437,0.7544999718666077
YDR481C,YBR202W,0,-2.6957488,0.04926294460892677,0.39100000262260437,0.7545999884605408
YGL071W,YOL147C,0,-2.695799,0.049256738275289536,0.39100000262260437,0.7547000050544739
YDR356W,YNL039W,0,-2.6961052,0.049250535666942596,0.39100000262260437,0.754800021648407
YMR153W,YDL091C,0,-2.696304,0.04924433305859566,0.39100000262260437,0.7548999786376953
YLR188W,YNL244C,0,-2.6964514,0.04923813045024872,0.39100000262260437,0.7549999952316284
YDL166C,YDR460W,0,-2.6965377,0.04923193156719208,0.39100000262260437,0.7551000118255615
YOR206W,YLR078C,0,-2.6966448,0.04922573268413544,0.39100000262260437,0.7552000284194946
YMR059W,YGR089W,0,-2.6966498,0.049219537526369095,0.39100000262260437,0.755299985408783
YBR120C,YDR093W,0,-2.6968076,0.04921334236860275,0.39100000262260437,0.7554000020027161
YAL033W,YKL053C-A,0,-2.6973002,0.04920714721083641,0.39100000262260437,0.7555000185966492
YER022W,YAL025C,0,-2.6980307,0.04920095577836037,0.39100000262260437,0.7555999755859375
YGL058W,YDR358W,1,-2.698068,0.049320582300424576,0.3919999897480011,0.7555999755859375
YIL043C,YOR148C,0,-2.6995437,0.04931437969207764,0.3919999897480011,0.7556999921798706
YJR102C,YDR330W,1,-2.699677,0.049433961510658264,0.3930000066757202,0.7556999921798706
YOR233W,YKL099C,0,-2.69978,0.04942774400115013,0.3930000066757202,0.7558000087738037
YER082C,YOL052C,0,-2.699796,0.0494215302169323,0.3930000066757202,0.7559000253677368
YAL051W,YLR452C,0,-2.7000372,0.04941531643271446,0.3930000066757202,0.7559999823570251
YKR059W,YPL094C,0,-2.700233,0.04940910264849663,0.3930000066757202,0.7560999989509583
YNL218W,YBR005W,0,-2.7004616,0.04940289258956909,0.3930000066757202,0.7562000155448914
YLL048C,YGR175C,0,-2.700619,0.049396682530641556,0.3930000066757202,0.7562999725341797
YIL053W,YDR481C,0,-2.700949,0.04939047247171402,0.3930000066757202,0.7563999891281128
YDR233C,YEL052W,0,-2.7013566,0.04938426613807678,0.3930000066757202,0.7565000057220459
YOR046C,YLR395C,0,-2.7015345,0.04937806352972984,0.3930000066757202,0.756600022315979
YDR438W,YOR194C,0,-2.701873,0.049371860921382904,0.3930000066757202,0.7566999793052673
YOL145C,YLR106C,0,-2.7029245,0.049365658313035965,0.3930000066757202,0.7567999958992004
YGL059W,YLR289W,0,-2.703085,0.049359455704689026,0.3930000066757202,0.7569000124931335
YIL098C,YOL031C,0,-2.7032688,0.049353260546922684,0.3930000066757202,0.7570000290870667
YFR025C,YDR166C,0,-2.7035306,0.04934706166386604,0.3930000066757202,0.757099986076355
YJL194W,YOR126C,0,-2.7036111,0.0493408665060997,0.3930000066757202,0.7572000026702881
YDR031W,YDR188W,0,-2.7041337,0.04933467134833336,0.3930000066757202,0.7573000192642212
YIL115C,YLR383W,0,-2.704141,0.049328479915857315,0.3930000066757202,0.7573999762535095
YOL004W,YLR106C,0,-2.7042973,0.04932228848338127,0.3930000066757202,0.7574999928474426
YKL203C,YHR077C,0,-2.7042994,0.049316100776195526,0.3930000066757202,0.7576000094413757
YML059C,YBL085W,0,-2.7044528,0.04930991306900978,0.3930000066757202,0.7577000260353088
YPR073C,YDR207C,0,-2.7046092,0.049303725361824036,0.3930000066757202,0.7577999830245972
YDR227W,YDR245W,0,-2.704825,0.04929754137992859,0.3930000066757202,0.7578999996185303
YJL106W,YPL083C,0,-2.7049031,0.04929135739803314,0.3930000066757202,0.7580000162124634
YNL183C,YPL129W,0,-2.7049859,0.049285177141427994,0.3930000066757202,0.7580999732017517
YOR179C,YMR224C,0,-2.7051375,0.049278996884822845,0.3930000066757202,0.7581999897956848
YPL085W,YEL019C,0,-2.705657,0.0492728166282177,0.3930000066757202,0.7583000063896179
YPL173W,YOR043W,0,-2.7057073,0.04926664009690285,0.3930000066757202,0.758400022983551
YCR053W,YBL008W,0,-2.7063656,0.049260467290878296,0.3930000066757202,0.7584999799728394
YMR281W,YOR239W,0,-2.7064836,0.049254290759563446,0.3930000066757202,0.7585999965667725
YIL115C,YBR089C-A,0,-2.7069561,0.04924812167882919,0.3930000066757202,0.7587000131607056
YMR264W,YPL065W,1,-2.7075002,0.04936724901199341,0.39399999380111694,0.7587000131607056
YNL287W,YMR139W,0,-2.7075088,0.04936106130480766,0.39399999380111694,0.7588000297546387
YOL147C,YKR026C,0,-2.7076442,0.049354877322912216,0.39399999380111694,0.758899986743927
YMR158W,YER102W,0,-2.7076805,0.04934869706630707,0.39399999380111694,0.7590000033378601
YMR059W,YLR361C,0,-2.7079146,0.04934251680970192,0.39399999380111694,0.7591000199317932
YHR014W,YNR057C,0,-2.7082589,0.04933634027838707,0.39399999380111694,0.7591999769210815
YIL030C,YGL227W,1,-2.7084954,0.04945536330342293,0.39500001072883606,0.7591999769210815
YDR118W,YPL002C,1,-2.709557,0.0495743602514267,0.3959999978542328,0.7591999769210815
YLR083C,YDL111C,0,-2.7095604,0.04956815764307976,0.3959999978542328,0.7592999935150146
YIL074C,YKR071C,0,-2.710036,0.04956195130944252,0.3959999978542328,0.7594000101089478
YGR245C,YPL271W,0,-2.7101483,0.04955574870109558,0.3959999978542328,0.7595000267028809
YIL046W,YNL159C,1,-2.710195,0.04967467486858368,0.3970000147819519,0.7595000267028809
YCL059C,YIL021W,0,-2.7103598,0.049668461084365845,0.3970000147819519,0.7595999836921692
YIL068C,YHR039C-A,0,-2.7109468,0.04966224730014801,0.3970000147819519,0.7597000002861023
YLL048C,YAR015W,0,-2.711345,0.049656033515930176,0.3970000147819519,0.7598000168800354
YJR057W,YBL037W,0,-2.7119462,0.04964982345700264,0.3970000147819519,0.7598999738693237
YNR047W,YLR026C,0,-2.7123609,0.0496436171233654,0.3970000147819519,0.7599999904632568
YNL223W,YGL064C,0,-2.712468,0.049637410789728165,0.3970000147819519,0.7601000070571899
YCL061C,YLR141W,0,-2.7132132,0.04963120445609093,0.3970000147819519,0.760200023651123
YGL051W,YDR411C,0,-2.7133224,0.04962500184774399,0.3970000147819519,0.7602999806404114
YDR472W,YGL190C,0,-2.713556,0.04961879923939705,0.3970000147819519,0.7603999972343445
YOL096C,YER029C,0,-2.713836,0.04961259663105011,0.3970000147819519,0.7605000138282776
YML099C,YOR070C,0,-2.7142262,0.04960639774799347,0.3970000147819519,0.7605999708175659
YPL161C,YOL076W,0,-2.714626,0.04960019886493683,0.3970000147819519,0.760699987411499
YLR329W,YML077W,0,-2.7147892,0.049594003707170486,0.3970000147819519,0.7608000040054321
YDL099W,YMR298W,0,-2.7148376,0.049587808549404144,0.3970000147819519,0.7609000205993652
YDR329C,YOL123W,0,-2.7148683,0.0495816171169281,0.3970000147819519,0.7609999775886536
YDR383C,YPR067W,0,-2.7151153,0.04957542568445206,0.3970000147819519,0.7610999941825867
YPR108W,YIL007C,1,-2.7152944,0.04969409480690956,0.39800000190734863,0.7610999941825867
YKR058W,YJR135C,0,-2.715398,0.049687888473272324,0.39800000190734863,0.7612000107765198
YDR389W,YDR247W,0,-2.7162087,0.049681685864925385,0.39800000190734863,0.7613000273704529
YDR337W,YDL220C,0,-2.7167037,0.049675486981868744,0.39800000190734863,0.7613999843597412
YGR044C,YFL044C,0,-2.7170637,0.0496692880988121,0.39800000190734863,0.7615000009536743
YGL192W,YOR129C,0,-2.7171395,0.04966308921575546,0.39800000190734863,0.7616000175476074
YLR059C,YGL016W,0,-2.717321,0.04965689405798912,0.39800000190734863,0.7616999745368958
YNL098C,YIL145C,0,-2.7175007,0.04965069890022278,0.39800000190734863,0.7617999911308289
YER040W,YER112W,0,-2.7177312,0.049644503742456436,0.39800000190734863,0.761900007724762
YDL045W-A,YDL143W,0,-2.718045,0.04963831230998039,0.39800000190734863,0.7620000243186951
YCR081W,YGL223C,0,-2.7182167,0.04963212460279465,0.39800000190734863,0.7620999813079834
YDR527W,YDR165W,0,-2.718778,0.0496259368956089,0.39800000190734863,0.7621999979019165
YHR150W,YGR083C,0,-2.718846,0.04961974918842316,0.39800000190734863,0.7623000144958496
YMR039C,YPR054W,0,-2.71886,0.04961356148123741,0.39800000190734863,0.7623999714851379
YBR276C,YOR201C,0,-2.7192922,0.049607377499341965,0.39800000190734863,0.762499988079071
YLR163C,YJL187C,0,-2.719319,0.049601197242736816,0.39800000190734863,0.7626000046730042
YDR322W,YGR027C,0,-2.7200222,0.04959501698613167,0.39800000190734863,0.7627000212669373
YDR256C,YER040W,0,-2.7208922,0.04958883672952652,0.39800000190734863,0.7627999782562256
YBL060W,YGL194C,0,-2.721186,0.04958266019821167,0.39800000190734863,0.7628999948501587
YDR041W,YER015W,0,-2.7214124,0.04957648366689682,0.39800000190734863,0.7630000114440918
YDR145W,YNL012W,0,-2.7214575,0.04957030713558197,0.39800000190734863,0.7631000280380249
YDR238C,YHR154W,0,-2.7216408,0.04956413432955742,0.39800000190734863,0.7631999850273132
YOR194C,YLR359W,0,-2.721733,0.04955796152353287,0.39800000190734863,0.7633000016212463
YJR006W,YER087C-B,0,-2.7217505,0.049551792442798615,0.39800000190734863,0.7634000182151794
YER177W,YDR231C,0,-2.7218337,0.04954562336206436,0.39800000190734863,0.7634999752044678
YDL099W,YJL094C,0,-2.7223132,0.04953945800662041,0.39800000190734863,0.7635999917984009
YJL004C,YER145C,0,-2.7223155,0.04953329265117645,0.39800000190734863,0.763700008392334
YKL087C,YCL061C,0,-2.7225025,0.0495271272957325,0.39800000190734863,0.7638000249862671
YHR148W,YDR140W,0,-2.7226107,0.04952096566557884,0.39800000190734863,0.7638999819755554
YDL029W,YIR036C,0,-2.722632,0.049514804035425186,0.39800000190734863,0.7639999985694885
YDR334W,YLR396C,0,-2.7229989,0.04950864613056183,0.39800000190734863,0.7641000151634216
YPL210C,YLR309C,0,-2.723203,0.04950248822569847,0.39800000190734863,0.76419997215271
YNL172W,YDR260C,1,-2.723554,0.049620695412158966,0.39899998903274536,0.76419997215271
YJR134C,YML081C-A,0,-2.7238467,0.049614522606134415,0.39899998903274536,0.7642999887466431
YGL227W,YOR117W,1,-2.7238927,0.04973268508911133,0.4000000059604645,0.7642999887466431
YGL119W,YDL067C,0,-2.7241843,0.04972650483250618,0.4000000059604645,0.7644000053405762
YJL164C,YNL243W,0,-2.7242844,0.04972032457590103,0.4000000059604645,0.7645000219345093
YDR292C,YBL092W,0,-2.724303,0.04971414431929588,0.4000000059604645,0.7645999789237976
YJL025W,YHR149C,0,-2.7244093,0.049707964062690735,0.4000000059604645,0.7646999955177307
YJL062W,YAL002W,0,-2.7253842,0.049701787531375885,0.4000000059604645,0.7648000121116638
YDR178W,YNR030W,0,-2.7257636,0.049695614725351334,0.4000000059604645,0.7649000287055969
YDR530C,YGL186C,0,-2.7258208,0.04968944191932678,0.4000000059604645,0.7649999856948853
YKL165C,YOR126C,0,-2.7258995,0.04968326911330223,0.4000000059604645,0.7651000022888184
YIL027C,YNL212W,0,-2.7260826,0.04967710003256798,0.4000000059604645,0.7652000188827515
YLR447C,YER109C,0,-2.7266934,0.049670930951833725,0.4000000059604645,0.7652999758720398
YKL210W,YIL090W,0,-2.7268152,0.04966476187109947,0.4000000059604645,0.7653999924659729
YGR047C,YGL040C,0,-2.7269413,0.04965859651565552,0.4000000059604645,0.765500009059906
YOR075W,YCR039C,0,-2.7269962,0.04965243116021156,0.4000000059604645,0.7656000256538391
YDR332W,YAL019W,0,-2.7276263,0.04964626953005791,0.4000000059604645,0.7656999826431274
YGL227W,YFL025C,1,-2.728147,0.04976420849561691,0.4009999930858612,0.7656999826431274
YLL009C,YNL214W,0,-2.728504,0.04975803568959236,0.4009999930858612,0.7657999992370605
YNL111C,YER050C,0,-2.7289302,0.04975186288356781,0.4009999930858612,0.7659000158309937
YDL223C,YFR014C,0,-2.7289548,0.04974569007754326,0.4009999930858612,0.765999972820282
YJL073W,YER100W,1,-2.729008,0.049863558262586594,0.4020000100135803,0.765999972820282
YKR094C,YKL082C,0,-2.729173,0.04985737428069115,0.4020000100135803,0.7660999894142151
YAR042W,YGR229C,0,-2.7293162,0.0498511902987957,0.4020000100135803,0.7662000060081482
YER123W,YKL089W,0,-2.729845,0.04984501004219055,0.4020000100135803,0.7663000226020813
YLR047C,YAL062W,0,-2.7299469,0.0498388297855854,0.4020000100135803,0.7663999795913696
YGL119W,YDR128W,0,-2.7305412,0.049832653254270554,0.4020000100135803,0.7664999961853027
YLR055C,YJR059W,0,-2.7308838,0.049826476722955704,0.4020000100135803,0.7666000127792358
YDL108W,YDR207C,0,-2.730957,0.049820300191640854,0.4020000100135803,0.766700029373169
YML021C,YLR015W,0,-2.7316554,0.0498141273856163,0.4020000100135803,0.7667999863624573
YFL044C,YFR013W,0,-2.7317646,0.04980795457959175,0.4020000100135803,0.7669000029563904
YOL102C,YMR056C,0,-2.7317903,0.0498017854988575,0.4020000100135803,0.7670000195503235
YOR043W,YBR094W,0,-2.7318509,0.049795616418123245,0.4020000100135803,0.7670999765396118
YKL028W,YIL134W,0,-2.7322388,0.04978944733738899,0.4020000100135803,0.7671999931335449
YOR119C,YJL071W,0,-2.7331984,0.04978328198194504,0.4020000100135803,0.767300009727478
YER028C,YGR216C,0,-2.7332342,0.04977711662650108,0.4020000100135803,0.7674000263214111
YDL128W,YDR111C,0,-2.7333703,0.04977095499634743,0.4020000100135803,0.7674999833106995
YGL098W,YOR177C,0,-2.7333715,0.04976479336619377,0.4020000100135803,0.7675999999046326
YDR410C,YMR048W,0,-2.7333753,0.049758631736040115,0.4020000100135803,0.7677000164985657
YPR156C,YPL206C,0,-2.7338731,0.04975247383117676,0.4020000100135803,0.767799973487854
YAL059W,YOR209C,0,-2.7338853,0.0497463196516037,0.4020000100135803,0.7678999900817871
YHR101C,YGL194C,0,-2.7338884,0.04974016174674034,0.4020000100135803,0.7680000066757202
YBL011W,YDR197W,0,-2.7338998,0.04973401129245758,0.4020000100135803,0.7681000232696533
YKL005C,YNR028W,0,-2.7339702,0.04972785711288452,0.4020000100135803,0.7681999802589417
YGL227W,YJR102C,1,-2.7339852,0.04984539374709129,0.40299999713897705,0.7681999802589417
YHL028W,YPL262W,0,-2.7340193,0.04983922839164734,0.40299999713897705,0.7682999968528748
YDR362C,YLR385C,0,-2.7340467,0.04983306676149368,0.40299999713897705,0.7684000134468079
YKL194C,YDR229W,0,-2.7340858,0.04982690513134003,0.40299999713897705,0.7684999704360962
YDL230W,YLL038C,0,-2.7341487,0.04982074350118637,0.40299999713897705,0.7685999870300293
YCL063W,YLR181C,0,-2.7342267,0.04981458559632301,0.40299999713897705,0.7687000036239624
YPR131C,YGR037C,0,-2.7346442,0.049808427691459656,0.40299999713897705,0.7688000202178955
YOL149W,YGR156W,0,-2.734675,0.0498022735118866,0.40299999713897705,0.7688999772071838
YMR004W,YDR416W,0,-2.734773,0.04979611933231354,0.40299999713897705,0.7689999938011169
YPL040C,YDR093W,0,-2.735136,0.04978996887803078,0.40299999713897705,0.76910001039505
YOR142W,YNL076W,0,-2.7356722,0.049783818423748016,0.40299999713897705,0.7692000269889832
YGR223C,YLL040C,0,-2.735745,0.049777667969465256,0.40299999713897705,0.7692999839782715
YBL030C,YJL134W,0,-2.7358944,0.049771521240472794,0.40299999713897705,0.7694000005722046
YDR205W,YJL117W,0,-2.7361803,0.04976537451148033,0.40299999713897705,0.7695000171661377
YFL029C,YML107C,0,-2.7364671,0.04975922778248787,0.40299999713897705,0.769599974155426
YLR295C,YER086W,0,-2.736521,0.049753084778785706,0.40299999713897705,0.7696999907493591
YMR234W,YDR240C,0,-2.7366345,0.04974694550037384,0.40299999713897705,0.7698000073432922
YBL088C,YNL289W,0,-2.7367928,0.049740806221961975,0.40299999713897705,0.7699000239372253
YKL194C,YBR272C,0,-2.736894,0.04973466694355011,0.40299999713897705,0.7699999809265137
YLL006W,YOR071C,0,-2.7376676,0.049728527665138245,0.40299999713897705,0.7700999975204468
YDR244W,YMR017W,0,-2.737676,0.04972239211201668,0.40299999713897705,0.7702000141143799
YBR173C,YGL227W,1,-2.7376966,0.049839623272418976,0.40400001406669617,0.7702000141143799
YJL164C,YKL114C,0,-2.7378252,0.049833476543426514,0.40400001406669617,0.7702999711036682
YGL206C,YDR212W,0,-2.738364,0.04982732981443405,0.40400001406669617,0.7703999876976013
YNL020C,YCR093W,0,-2.7383897,0.04982118681073189,0.40400001406669617,0.7705000042915344
YER101C,YER040W,0,-2.7384098,0.049815043807029724,0.40400001406669617,0.7706000208854675
YPL013C,YLR061W,0,-2.7387621,0.04980890080332756,0.40400001406669617,0.7706999778747559
YER165W,YPL126W,0,-2.73894,0.049802761524915695,0.40400001406669617,0.770799994468689
YOR207C,YDR416W,0,-2.7393208,0.04979662224650383,0.40400001406669617,0.7709000110626221
YOR127W,YAL056W,0,-2.739364,0.04979048669338226,0.40400001406669617,0.7710000276565552
YAL007C,YBR089C-A,0,-2.7396696,0.049784351140260696,0.40400001406669617,0.7710999846458435
YGL194C,YFL047W,0,-2.7397044,0.04977821558713913,0.40400001406669617,0.7712000012397766
YKL124W,YDR501W,0,-2.7397385,0.04977208375930786,0.40400001406669617,0.7713000178337097
YIL147C,YFR049W,0,-2.7402909,0.04976595193147659,0.40400001406669617,0.771399974822998
YNL232W,YDL164C,0,-2.7405226,0.04975982382893562,0.40400001406669617,0.7714999914169312
YIL035C,YOL031C,0,-2.74106,0.04975369572639465,0.40400001406669617,0.7716000080108643
YHR149C,YHR041C,0,-2.7421124,0.049747567623853683,0.40400001406669617,0.7717000246047974
YOL072W,YDR296W,0,-2.7421832,0.04974144324660301,0.40400001406669617,0.7717999815940857
YMR273C,YMR285C,0,-2.7423844,0.04973531886935234,0.40400001406669617,0.7718999981880188
YBL085W,YKL140W,0,-2.7426147,0.04972919821739197,0.40400001406669617,0.7720000147819519
YCL004W,YIL167W,0,-2.7426255,0.049723077565431595,0.40400001406669617,0.7720999717712402
YDR520C,YOR217W,0,-2.74342,0.04971695691347122,0.40400001406669617,0.7721999883651733
YHL006C,YML011C,0,-2.7435396,0.04971083998680115,0.40400001406669617,0.7723000049591064
YMR243C,YJL024C,0,-2.743572,0.04970472306013107,0.40400001406669617,0.7724000215530396
YOL038W,YLR380W,1,-2.74381,0.049821626394987106,0.4050000011920929,0.7724000215530396
YDR059C,YDL202W,0,-2.744671,0.049815498292446136,0.4050000011920929,0.7724999785423279
YDR404C,YMR269W,0,-2.7449443,0.04980937018990517,0.4050000011920929,0.772599995136261
YLL033W,YBR003W,0,-2.7452245,0.049803245812654495,0.4050000011920929,0.7727000117301941
YER143W,YLR208W,1,-2.7454946,0.04992007836699486,0.4059999883174896,0.7727000117301941
YDR393W,YNL032W,0,-2.7455156,0.04991394281387329,0.4059999883174896,0.7728000283241272
YAL026C,YJR135C,0,-2.7456977,0.049907807260751724,0.4059999883174896,0.7728999853134155
YLL009C,YJR103W,0,-2.7458045,0.04990167170763016,0.4059999883174896,0.7730000019073486
YBR097W,YGL019W,0,-2.7459927,0.04989553987979889,0.4059999883174896,0.7731000185012817
YML102W,YNL156C,0,-2.7463472,0.04988940805196762,0.4059999883174896,0.7731999754905701
YCR096C,YBR001C,0,-2.7465255,0.04988327622413635,0.4059999883174896,0.7732999920845032
YPR010C,YBR086C,0,-2.7465975,0.04987714812159538,0.4059999883174896,0.7734000086784363
YFR027W,YGR212W,0,-2.7466142,0.04987102374434471,0.4059999883174896,0.7735000252723694
YOR176W,YLR163C,0,-2.7474387,0.04986489936709404,0.4059999883174896,0.7735999822616577
YLR330W,YOL052C,0,-2.747753,0.04985877498984337,0.4059999883174896,0.7736999988555908
YCL017C,YML077W,0,-2.7478473,0.0498526506125927,0.4059999883174896,0.7738000154495239
YAL029C,YPL274W,0,-2.7481291,0.049846529960632324,0.4059999883174896,0.7738999724388123
YIL026C,YJR097W,0,-2.748207,0.04984041303396225,0.4059999883174896,0.7739999890327454
YER151C,YKL039W,0,-2.7482948,0.049834296107292175,0.4059999883174896,0.7741000056266785
YBR142W,YER056C-A,0,-2.7487113,0.0498281791806221,0.4059999883174896,0.7742000222206116
YIL062C,YMR048W,0,-2.7493322,0.049822062253952026,0.4059999883174896,0.7742999792098999
YIL051C,YOR253W,0,-2.7499425,0.04981595277786255,0.4059999883174896,0.774399995803833
YLR029C,YCR046C,0,-2.7499595,0.04980983957648277,0.4059999883174896,0.7745000123977661
YGL192W,YAR042W,0,-2.7502427,0.049803730100393295,0.4059999883174896,0.7746000289916992
YJR010C-A,YPL147W,0,-2.7504652,0.04979762062430382,0.4059999883174896,0.7746999859809875
YMR270C,YPL104W,0,-2.7515604,0.04979151487350464,0.4059999883174896,0.7748000025749207
YGL139W,YPL226W,0,-2.7518647,0.04978540912270546,0.4059999883174896,0.7749000191688538
YGR239C,YGL237C,0,-2.752166,0.04977930337190628,0.4059999883174896,0.7749999761581421
YOR359W,YEL051W,0,-2.7525473,0.0497732013463974,0.4059999883174896,0.7750999927520752
YER095W,YGR179C,0,-2.7526848,0.04976709932088852,0.4059999883174896,0.7752000093460083
YBR155W,YOR341W,0,-2.7530563,0.04976100102066994,0.4059999883174896,0.7753000259399414
YOR384W,YMR139W,0,-2.753369,0.049754902720451355,0.4059999883174896,0.7753999829292297
YPL096W,YPL065W,1,-2.7534182,0.04987134039402008,0.40700000524520874,0.7753999829292297
YAL029C,YEL038W,0,-2.7537143,0.0498652309179306,0.40700000524520874,0.7754999995231628
YMR276W,YGL004C,1,-2.753763,0.04998162388801575,0.40799999237060547,0.7754999995231628
YOR216C,YOL139C,0,-2.7540314,0.049975503236055374,0.40799999237060547,0.775600016117096
YGR044C,YGL050W,0,-2.7541287,0.049969382584095,0.40799999237060547,0.7756999731063843
YOL026C,YLR394W,0,-2.7543485,0.04996326193213463,0.40799999237060547,0.7757999897003174
YLR207W,YIR025W,1,-2.7548153,0.0500795878469944,0.4090000092983246,0.7757999897003174
YMR098C,YPL123C,0,-2.7550137,0.05007345601916313,0.4090000092983246,0.7759000062942505
YMR077C,YDR330W,1,-2.7560089,0.05018974095582962,0.4099999964237213,0.7759000062942505
YPL085W,YGR204W,0,-2.7560656,0.05018359795212746,0.4099999964237213,0.7760000228881836
YJR040W,YER029C,0,-2.7566164,0.05017745867371559,0.4099999964237213,0.7760999798774719
YOR324C,YLR385C,0,-2.7567089,0.05017131567001343,0.4099999964237213,0.776199996471405
YHR204W,YJL001W,1,-2.7570581,0.050287533551454544,0.41100001335144043,0.776199996471405
YML032C,YNL001W,0,-2.7576022,0.050281379371881485,0.41100001335144043,0.7763000130653381
YOR278W,YNR047W,0,-2.7578776,0.050275228917598724,0.41100001335144043,0.7764000296592712
YNR045W,YPL144W,0,-2.758521,0.050269078463315964,0.41100001335144043,0.7764999866485596
YER002W,YBR091C,0,-2.7597923,0.0502629317343235,0.41100001335144043,0.7766000032424927
YDR233C,YBR145W,0,-2.7599533,0.05025678500533104,0.41100001335144043,0.7767000198364258
YDR434W,YGL025C,0,-2.76004,0.050250642001628876,0.41100001335144043,0.7767999768257141
YDR518W,YGL191W,0,-2.7602017,0.05024449899792671,0.41100001335144043,0.7768999934196472
YGR104C,YDR246W,0,-2.7610328,0.05023835599422455,0.41100001335144043,0.7770000100135803
YGL090W,YPR095C,0,-2.7614079,0.05023221671581268,0.41100001335144043,0.7771000266075134
YDL091C,YJR051W,0,-2.7615604,0.05022607743740082,0.41100001335144043,0.7771999835968018
YMR308C,YNR038W,0,-2.7616577,0.05021994188427925,0.41100001335144043,0.7773000001907349
YBR260C,YJR048W,0,-2.7620008,0.050213806331157684,0.41100001335144043,0.777400016784668
YDL097C,YDR260C,1,-2.7620432,0.05032983049750328,0.41200000047683716,0.777400016784668
YBR166C,YDL046W,0,-2.762356,0.05032368376851082,0.41200000047683716,0.7774999737739563
YOR377W,YEL015W,0,-2.7633228,0.050317537039518356,0.41200000047683716,0.7775999903678894
YNL231C,YDR397C,0,-2.763694,0.05031139403581619,0.41200000047683716,0.7777000069618225
YLL003W,YBR035C,0,-2.7638342,0.05030525103211403,0.41200000047683716,0.7778000235557556
YHR111W,YPL134C,0,-2.7638347,0.050299108028411865,0.41200000047683716,0.777899980545044
YBR164C,YOR243C,0,-2.764356,0.05029296875,0.41200000047683716,0.777999997138977
YDR375C,YER159C,0,-2.764448,0.050286829471588135,0.41200000047683716,0.7781000137329102
YHL038C,YDR468C,0,-2.7647364,0.05028069391846657,0.41200000047683716,0.7781999707221985
YFR036W,YMR022W,1,-2.7647927,0.05039658397436142,0.4129999876022339,0.7781999707221985
YOR275C,YPL183W-A,0,-2.7649994,0.05039043352007866,0.4129999876022339,0.7782999873161316
YDR110W,YJL103C,0,-2.765216,0.0503842867910862,0.4129999876022339,0.7784000039100647
YNL278W,YHR172W,0,-2.7659476,0.050378140062093735,0.4129999876022339,0.7785000205039978
YGL192W,YAL013W,0,-2.7672875,0.05037199705839157,0.4129999876022339,0.7785999774932861
YMR300C,YOR207C,0,-2.7674692,0.05036585405468941,0.4129999876022339,0.7786999940872192
YOL149W,YGL180W,0,-2.7680757,0.050359711050987244,0.4129999876022339,0.7788000106811523
YKL094W,YJL052W,0,-2.768452,0.05035357177257538,0.4129999876022339,0.7789000272750854
YNL244C,YKL179C,0,-2.7685134,0.05034743249416351,0.4129999876022339,0.7789999842643738
YIL030C,YNL311C,1,-2.7687485,0.05046318843960762,0.414000004529953,0.7789999842643738
YKL141W,YJL180C,0,-2.7687836,0.05045703798532486,0.414000004529953,0.7791000008583069
YNL278W,YOL072W,0,-2.768799,0.0504508912563324,0.414000004529953,0.77920001745224
YOL149W,YKR072C,0,-2.7695081,0.05044474080204964,0.414000004529953,0.7792999744415283
YOR259C,YPL065W,1,-2.769673,0.05056042969226837,0.41499999165534973,0.7792999744415283
YJL034W,YDR054C,1,-2.7702544,0.05067608878016472,0.41600000858306885,0.7792999744415283
YLL011W,YLR277C,0,-2.7707655,0.05066991597414017,0.41600000858306885,0.7793999910354614
YOL124C,YNL164C,0,-2.7708337,0.050663743168115616,0.41600000858306885,0.7795000076293945
YLR396C,YPR073C,0,-2.7713878,0.05065757408738136,0.41600000858306885,0.7796000242233276
YLR357W,YHR085W,0,-2.7718914,0.05065140500664711,0.41600000858306885,0.779699981212616
YIL142W,YOL096C,0,-2.7725484,0.050645239651203156,0.41600000858306885,0.7797999978065491
YNL317W,YNL314W,0,-2.773153,0.0506390742957592,0.41600000858306885,0.7799000144004822
YPR143W,YDR165W,0,-2.7731621,0.050632912665605545,0.41600000858306885,0.7799999713897705
YPL179W,YKR089C,0,-2.7733126,0.05062675103545189,0.41600000858306885,0.7800999879837036
YEL022W,YLR330W,0,-2.7733777,0.05062058940529823,0.41600000858306885,0.7802000045776367
YGL106W,YAL031C,0,-2.7735848,0.050614431500434875,0.41600000858306885,0.7803000211715698
YIR011C,YDR002W,1,-2.7739432,0.05072992667555809,0.4169999957084656,0.7803000211715698
YDL097C,YIL007C,1,-2.774223,0.050845395773649216,0.4180000126361847,0.7803000211715698
YLR329W,YBL103C,0,-2.7742758,0.05083921179175377,0.4180000126361847,0.7803999781608582
YIL061C,YNL317W,0,-2.7749574,0.05083302780985832,0.4180000126361847,0.7804999947547913
YLR380W,YDR177W,1,-2.7752345,0.05094844475388527,0.4189999997615814,0.7804999947547913
YGR129W,YNL314W,0,-2.7753623,0.05094224959611893,0.4189999997615814,0.7806000113487244
YOR243C,YER023W,0,-2.7753775,0.05093605816364288,0.4189999997615814,0.7807000279426575
YKR027W,YPR055W,0,-2.7759368,0.05092986673116684,0.4189999997615814,0.7807999849319458
YHL003C,YBR119W,0,-2.77619,0.050923675298690796,0.4189999997615814,0.7809000015258789
YOL108C,YDL054C,0,-2.7763665,0.05091748759150505,0.4189999997615814,0.781000018119812
YOL109W,YHR047C,0,-2.7764292,0.050911299884319305,0.4189999997615814,0.7810999751091003
YHR204W,YDR400W,1,-2.776516,0.0510266050696373,0.41999998688697815,0.7810999751091003
YOR243C,YHR073W,0,-2.776565,0.051020409911870956,0.41999998688697815,0.7811999917030334
YKR083C,YML080W,0,-2.7767937,0.051014211028814316,0.41999998688697815,0.7813000082969666
YML031W,YLR300W,0,-2.7769127,0.051008015871047974,0.41999998688697815,0.7814000248908997
YOR090C,YMR193W,0,-2.7771475,0.05100182071328163,0.41999998688697815,0.781499981880188
YJL187C,YNL251C,0,-2.77719,0.05099562928080559,0.41999998688697815,0.7815999984741211
YGL192W,YBL103C,0,-2.7773006,0.050989437848329544,0.41999998688697815,0.7817000150680542
YEL020W-A,YEL024W,0,-2.7774243,0.0509832501411438,0.41999998688697815,0.7817999720573425
YOR259C,YML088W,1,-2.7774699,0.05109843611717224,0.42100000381469727,0.7817999720573425
YGL005C,YHR085W,0,-2.7776458,0.0510922335088253,0.42100000381469727,0.7818999886512756
YDR383C,YGL049C,0,-2.7778792,0.05108603462576866,0.42100000381469727,0.7820000052452087
YDL097C,YML088W,1,-2.777886,0.05120116472244263,0.421999990940094,0.7820000052452087
YPR175W,YGL174W,0,-2.7780912,0.05119495466351509,0.421999990940094,0.7821000218391418
YOR373W,YNL076W,0,-2.7782805,0.051188744604587555,0.421999990940094,0.7821999788284302
YBR058C,YIR032C,0,-2.7787313,0.05118253454566002,0.421999990940094,0.7822999954223633
YJR112W,YBR061C,0,-2.778774,0.05117632821202278,0.421999990940094,0.7824000120162964
YOL138C,YOR123C,0,-2.7787912,0.051170121878385544,0.421999990940094,0.7825000286102295
YLR239C,YOR143C,0,-2.7789524,0.051163919270038605,0.421999990940094,0.7825999855995178
YBR198C,YDL080C,0,-2.7789667,0.051157716661691666,0.421999990940094,0.7827000021934509
YFL037W,YOR070C,0,-2.7790153,0.05115151405334473,0.421999990940094,0.782800018787384
YGL040C,YER110C,0,-2.77982,0.051145315170288086,0.421999990940094,0.7828999757766724
YKL054C,YDR400W,1,-2.7798655,0.05126029998064041,0.4230000078678131,0.7828999757766724
YDR363W-A,YLR127C,1,-2.7799761,0.05137525871396065,0.42399999499320984,0.7828999757766724
YCL052C,YPL065W,1,-2.7802076,0.051490187644958496,0.42500001192092896,0.7828999757766724
YMR314W,YPL065W,1,-2.7805169,0.05160508677363396,0.4259999990463257,0.7828999757766724
YBR082C,YML013W,1,-2.780679,0.05171995982527733,0.4269999861717224,0.7828999757766724
YNL290W,YOL144W,0,-2.7807488,0.051713697612285614,0.4269999861717224,0.7829999923706055
YJL129C,YML077W,0,-2.7814186,0.0517074353992939,0.4269999861717224,0.7831000089645386
YPL105C,YNL129W,0,-2.7817795,0.051701173186302185,0.4269999861717224,0.7832000255584717
YGR262C,YGL006W,0,-2.78216,0.05169491469860077,0.4269999861717224,0.78329998254776
YBR094W,YNR002C,0,-2.7822297,0.05168865621089935,0.4269999861717224,0.7833999991416931
YFR003C,YNL230C,0,-2.7822459,0.051682401448488235,0.4269999861717224,0.7835000157356262
YPR008W,YOR232W,0,-2.7834158,0.05167614668607712,0.4269999861717224,0.7835999727249146
YIL106W,YPR028W,0,-2.7837598,0.051669891923666,0.4269999861717224,0.7836999893188477
YGR134W,YIL130W,0,-2.7839708,0.05166364088654518,0.4269999861717224,0.7838000059127808
YFR031C-A,YKL004W,0,-2.7840576,0.05165739357471466,0.4269999861717224,0.7839000225067139
YKR058W,YNL330C,0,-2.784146,0.05165114253759384,0.4269999861717224,0.7839999794960022
YML081C-A,YNL280C,0,-2.7864492,0.05164489522576332,0.4269999861717224,0.7840999960899353
YNL081C,YKL191W,0,-2.7865493,0.0516386516392231,0.4269999861717224,0.7842000126838684
YPR032W,YMR220W,0,-2.7866895,0.05163240805268288,0.4269999861717224,0.7843000292778015
YDR022C,YDR011W,0,-2.787464,0.051626164466142654,0.4269999861717224,0.7843999862670898
YKR007W,YDR253C,0,-2.7874975,0.05161992087960243,0.4269999861717224,0.784500002861023
YNL077W,YPL018W,0,-2.7875273,0.05161368474364281,0.4269999861717224,0.784600019454956
YDR414C,YEL030W,0,-2.787764,0.05160744488239288,0.4269999861717224,0.7846999764442444
YDR036C,YDR398W,0,-2.787966,0.05160120874643326,0.4269999861717224,0.7847999930381775
YPR105C,YGR081C,0,-2.7880564,0.05159497261047363,0.4269999861717224,0.7849000096321106
YDR151C,YBR107C,0,-2.7881215,0.051588740199804306,0.4269999861717224,0.7850000262260437
YER072W,YPL139C,0,-2.788233,0.05158250778913498,0.4269999861717224,0.785099983215332
YAL011W,YGL005C,0,-2.7882798,0.05157627910375595,0.4269999861717224,0.7851999998092651
YPL096W,YPL176C,1,-2.7884562,0.05169082060456276,0.42800000309944153,0.7851999998092651
YKL110C,YNL070W,0,-2.7885673,0.051684580743312836,0.42800000309944153,0.7853000164031982
YJL166W,YNL287W,0,-2.78888,0.051678337156772614,0.42800000309944153,0.7853999733924866
YJL176C,YBR205W,0,-2.7889993,0.05167210102081299,0.42800000309944153,0.7854999899864197
YGL112C,YPL038W,0,-2.7893772,0.051665861159563065,0.42800000309944153,0.7856000065803528
YLL019C,YCR028C,0,-2.7895057,0.05165962502360344,0.42800000309944153,0.7857000231742859
YOR250C,YJL176C,0,-2.7909489,0.05165339261293411,0.42800000309944153,0.7857999801635742
YLR207W,YDR427W,1,-2.7911508,0.051767829805612564,0.42899999022483826,0.7857999801635742
YDR238C,YGL122C,0,-2.7912836,0.05176158249378204,0.42899999022483826,0.7858999967575073
YOR265W,YGR142W,0,-2.791402,0.05175533890724182,0.42899999022483826,0.7860000133514404
YDR234W,YLR175W,0,-2.7915676,0.0517490953207016,0.42899999022483826,0.7860999703407288
YLR427W,YBR195C,0,-2.7921014,0.051742855459451675,0.42899999022483826,0.7861999869346619
YNL231C,YER027C,0,-2.7921152,0.05173661187291145,0.42899999022483826,0.786300003528595
YKR019C,YLR200W,0,-2.7922046,0.05173037573695183,0.42899999022483826,0.7864000201225281
YJR140C,YDR078C,0,-2.7922904,0.0517241396009922,0.42899999022483826,0.7864999771118164
YBR202W,YLR228C,0,-2.7923021,0.05171790346503258,0.42899999022483826,0.7865999937057495
YER019C-A,YAL031C,0,-2.7925558,0.05171166732907295,0.42899999022483826,0.7867000102996826
YOR059C,YMR173W,0,-2.792785,0.051705434918403625,0.42899999022483826,0.7868000268936157
YPL195W,YBL089W,0,-2.7929137,0.0516992062330246,0.42899999022483826,0.786899983882904
YDR279W,YML051W,0,-2.7930882,0.05169297382235527,0.42899999022483826,0.7870000004768372
YIR025W,YJL073W,1,-2.793535,0.0518072284758091,0.4300000071525574,0.7870000004768372
YPL204W,YDR011W,0,-2.7935436,0.051800988614559174,0.4300000071525574,0.7871000170707703
YKR019C,YML042W,0,-2.7938492,0.05179474875330925,0.4300000071525574,0.7871999740600586
YHR037W,YGL180W,0,-2.7940323,0.051788508892059326,0.4300000071525574,0.7872999906539917
YNR048W,YBR055C,0,-2.7942264,0.0517822727560997,0.4300000071525574,0.7874000072479248
YGL148W,YBL068W,0,-2.794295,0.051776040345430374,0.4300000071525574,0.7875000238418579
YGR005C,YOR180C,0,-2.7945502,0.05176980420947075,0.4300000071525574,0.7875999808311462
YCR026C,YOR103C,0,-2.79482,0.05176357179880142,0.4300000071525574,0.7876999974250793
YMR112C,YER029C,0,-2.7948678,0.051757343113422394,0.4300000071525574,0.7878000140190125
YER139C,YGL045W,0,-2.7951314,0.051751114428043365,0.4300000071525574,0.7878999710083008
YDL102W,YJR001W,0,-2.7952054,0.05174488574266434,0.4300000071525574,0.7879999876022339
YMR230W,YNR050C,0,-2.7952092,0.05173866078257561,0.4300000071525574,0.788100004196167
YMR123W,YGL174W,0,-2.7952192,0.05173243582248688,0.4300000071525574,0.7882000207901001
YNL061W,YJR132W,0,-2.7953415,0.05172621086239815,0.4300000071525574,0.7882999777793884
YBR048W,YJL130C,0,-2.79594,0.051719989627599716,0.4300000071525574,0.7883999943733215
YBR120C,YPL011C,0,-2.796127,0.05171377211809158,0.4300000071525574,0.7885000109672546
YER113C,YHR114W,0,-2.796182,0.05170755088329315,0.4300000071525574,0.7886000275611877
YLL019C,YPL134C,0,-2.7963214,0.05170133337378502,0.4300000071525574,0.7886999845504761
YGL213C,YDR083W,0,-2.796601,0.051695119589567184,0.4300000071525574,0.7888000011444092
YMR230W,YER023W,0,-2.7966301,0.05168890580534935,0.4300000071525574,0.7889000177383423
YGR254W,YDR098C,0,-2.7966924,0.051682692021131516,0.4300000071525574,0.7889999747276306
YDR045C,YBL060W,0,-2.7970593,0.05167648196220398,0.4300000071525574,0.7890999913215637
YBR172C,YDR088C,0,-2.7970831,0.051670271903276443,0.4300000071525574,0.7892000079154968
YOR261C,YGR003W,1,-2.797138,0.0517842136323452,0.4309999942779541,0.7892000079154968
YKR044W,YNL049C,0,-2.797147,0.05177799239754677,0.4309999942779541,0.7893000245094299
YDR490C,YEL061C,0,-2.7977579,0.05177177116274834,0.4309999942779541,0.7893999814987183
YML067C,YBR091C,0,-2.797888,0.051765553653240204,0.4309999942779541,0.7894999980926514
YHR186C,YBR153W,0,-2.797957,0.05175933614373207,0.4309999942779541,0.7896000146865845
YJL029C,YDL078C,0,-2.79836,0.051753122359514236,0.4309999942779541,0.7896999716758728
YDR325W,YLR268W,0,-2.7986453,0.0517469085752964,0.4309999942779541,0.7897999882698059
YDR164C,YJR103W,0,-2.7988951,0.05174069479107857,0.4309999942779541,0.789900004863739
YMR182C,YBL060W,0,-2.7995296,0.05173448473215103,0.4309999942779541,0.7900000214576721
YNL006W,YMR026C,0,-2.7997606,0.051728274673223495,0.4309999942779541,0.7900999784469604
YJL012C,YGL083W,0,-2.799966,0.05172206833958626,0.4309999942779541,0.7901999950408936
YHR169W,YBR042C,0,-2.7999804,0.05171586200594902,0.4309999942779541,0.7903000116348267
YDR353W,YDR168W,0,-2.8001459,0.05170965939760208,0.4309999942779541,0.7904000282287598
YPL099C,YHR012W,0,-2.801134,0.051703453063964844,0.4309999942779541,0.7904999852180481
YDL007W,YBL057C,1,-2.801884,0.05181720107793808,0.4320000112056732,0.7904999852180481
YER013W,YMR115W,0,-2.8032186,0.051810987293720245,0.4320000112056732,0.7906000018119812
YDL184C,YLL050C,0,-2.8034027,0.05180477350950241,0.4320000112056732,0.7907000184059143
YOR037W,YLR139C,0,-2.8036063,0.051798559725284576,0.4320000112056732,0.7907999753952026
YPR171W,YOR351C,0,-2.8040361,0.05179234966635704,0.4320000112056732,0.7908999919891357
YPL178W,YLR276C,0,-2.8041365,0.0517861433327198,0.4320000112056732,0.7910000085830688
YKL033W,YGL090W,0,-2.804499,0.051779936999082565,0.4320000112056732,0.791100025177002
YPL176C,YHR027C,1,-2.8049576,0.051893576979637146,0.43299999833106995,0.791100025177002
YLR207W,YAL058W,1,-2.805121,0.05200719088315964,0.4339999854564667,0.791100025177002
YGL119W,YNL044W,0,-2.8052976,0.05200095847249031,0.4339999854564667,0.7911999821662903
YHR167W,YMR078C,0,-2.8053656,0.05199472978711128,0.4339999854564667,0.7912999987602234
YDL102W,YGR217W,0,-2.805876,0.051988501101732254,0.4339999854564667,0.7914000153541565
YLR005W,YCR063W,0,-2.8059838,0.051982272416353226,0.4339999854564667,0.7914999723434448
YKR062W,YPR028W,0,-2.8060539,0.051976047456264496,0.4339999854564667,0.7915999889373779
YNR003C,YPR068C,0,-2.8065438,0.051969822496175766,0.4339999854564667,0.791700005531311
YFR024C-A,YGL129C,0,-2.8066735,0.051963601261377335,0.4339999854564667,0.7918000221252441
YMR298W,YDR117C,0,-2.8067791,0.0519573800265789,0.4339999854564667,0.7918999791145325
YML021C,YOR048C,0,-2.8069894,0.05195116251707077,0.4339999854564667,0.7919999957084656
YJL048C,YLR025W,1,-2.8071773,0.05206463113427162,0.4350000023841858,0.7919999957084656
YDL077C,YKR037C,0,-2.807902,0.05205840244889259,0.4350000023841858,0.7921000123023987
YHR156C,YLL027W,0,-2.8082764,0.05205217003822327,0.4350000023841858,0.7922000288963318
YBR177C,YLR023C,0,-2.808357,0.05204594507813454,0.4350000023841858,0.7922999858856201
YPL022W,YMR127C,0,-2.8092122,0.05203971639275551,0.4350000023841858,0.7924000024795532
YPL180W,YOL020W,0,-2.8095305,0.05203349143266678,0.4350000023841858,0.7925000190734863
YHR076W,YOR241W,0,-2.8101168,0.05202727019786835,0.4350000023841858,0.7925999760627747
YBR080C,YDL108W,0,-2.8101203,0.052021048963069916,0.4350000023841858,0.7926999926567078
YML124C,YJR103W,0,-2.810191,0.052014827728271484,0.4350000023841858,0.7928000092506409
YJL065C,YIL037C,0,-2.8109171,0.05200860649347305,0.4350000023841858,0.792900025844574
YGL246C,YHR142W,0,-2.8111439,0.05200239270925522,0.4350000023841858,0.7929999828338623
YMR273C,YGR046W,0,-2.8114488,0.051996175199747086,0.4350000023841858,0.7930999994277954
YGL142C,YDR448W,0,-2.811609,0.05198996141552925,0.4350000023841858,0.7932000160217285
YPL218W,YIR019C,0,-2.8123953,0.05198374763131142,0.4350000023841858,0.7932999730110168
YIL118W,YBR146W,0,-2.812416,0.05197753757238388,0.4350000023841858,0.79339998960495
YLR127C,YBR173C,1,-2.8125126,0.05209080129861832,0.4359999895095825,0.79339998960495
YOR175C,YGR040W,0,-2.8126793,0.05208457633852959,0.4359999895095825,0.7935000061988831
YOR142W,YGL003C,0,-2.8130343,0.052078355103731155,0.4359999895095825,0.7936000227928162
YKL144C,YLR014C,0,-2.8134286,0.05207213759422302,0.4359999895095825,0.7936999797821045
YHR165C,YJL164C,0,-2.8143754,0.05206592008471489,0.4359999895095825,0.7937999963760376
YJR022W,YML011C,0,-2.8145547,0.05205970257520676,0.4359999895095825,0.7939000129699707
YML051W,YNL221C,0,-2.8145883,0.052053485065698624,0.4359999895095825,0.7940000295639038
YMR264W,YDR219C,1,-2.8147805,0.052166648209095,0.43700000643730164,0.7940000295639038
YIL112W,YBR283C,0,-2.8152406,0.05216041952371597,0.43700000643730164,0.7940999865531921
YFR014C,YBR193C,0,-2.8154619,0.05215419456362724,0.43700000643730164,0.7942000031471252
YML070W,YOR148C,0,-2.8156896,0.05214796960353851,0.43700000643730164,0.7943000197410583
YER095W,YDR078C,0,-2.8158252,0.05214174836874008,0.43700000643730164,0.7943999767303467
YEL037C,YDR118W,1,-2.816549,0.05225483328104019,0.43799999356269836,0.7943999767303467
YBR273C,YGR003W,1,-2.8169873,0.052367888391017914,0.4390000104904175,0.7943999767303467
YOR172W,YMR308C,0,-2.817077,0.05236164107918739,0.4390000104904175,0.7944999933242798
YCR105W,YLL033W,0,-2.8174603,0.05235539749264717,0.4390000104904175,0.7946000099182129
YLR097C,YJL034W,1,-2.8184402,0.052468400448560715,0.4399999976158142,0.7946000099182129
YPR035W,YDR381W,0,-2.818612,0.0524621419608593,0.4399999976158142,0.794700026512146
YIR025W,YBR273C,1,-2.818672,0.05257510766386986,0.4410000145435333,0.794700026512146
YAR027W,YGR184C,0,-2.8188736,0.052568841725587845,0.4410000145435333,0.7947999835014343
YIR025W,YIL075C,1,-2.8192737,0.05268176272511482,0.44200000166893005,0.7947999835014343
YMR088C,YDR420W,0,-2.8196075,0.052675485610961914,0.44200000166893005,0.7949000000953674
YMR282C,YJL133W,0,-2.8201568,0.052669208496809006,0.44200000166893005,0.7950000166893005
YKL138C,YHR074W,0,-2.8205855,0.052662935107946396,0.44200000166893005,0.7950999736785889
YDR520C,YDL017W,0,-2.8206017,0.05265665799379349,0.44200000166893005,0.795199990272522
YBR170C,YMR276W,1,-2.8208644,0.052769504487514496,0.4429999887943268,0.795199990272522
YPR133C,YBL068W,0,-2.8209093,0.05276321992278099,0.4429999887943268,0.7953000068664551
YJR010C-A,YOR001W,0,-2.8213298,0.052756935358047485,0.4429999887943268,0.7954000234603882
YBR301W,YKL141W,0,-2.821964,0.05275065451860428,0.4429999887943268,0.7954999804496765
YPL143W,YNL081C,0,-2.8219726,0.05274437367916107,0.4429999887943268,0.7955999970436096
YMR282C,YJL117W,0,-2.8220944,0.05273809656500816,0.4429999887943268,0.7957000136375427
YBR074W,YPR152C,0,-2.822191,0.052731819450855255,0.4429999887943268,0.795799970626831
YFL033C,YMR284W,0,-2.8223832,0.05272554233670235,0.4429999887943268,0.7958999872207642
YOR002W,YDR430C,0,-2.8224328,0.05271926522254944,0.4429999887943268,0.7960000038146973
YOR334W,YDL107W,0,-2.8227441,0.05271299555897713,0.4429999887943268,0.7961000204086304
YOR372C,YGR211W,0,-2.823082,0.05270672217011452,0.4429999887943268,0.7961999773979187
YOR176W,YJL096W,0,-2.823199,0.052700452506542206,0.4429999887943268,0.7962999939918518
YFR032C-A,YDL067C,0,-2.8235,0.052694182842969894,0.4429999887943268,0.7964000105857849
YHR051W,YEL015W,0,-2.8235104,0.05268791690468788,0.4429999887943268,0.796500027179718
YJR034W,YGL090W,0,-2.823594,0.05268165096640587,0.4429999887943268,0.7965999841690063
YNL282W,YPL218W,0,-2.8236103,0.052675385028123856,0.4429999887943268,0.7967000007629395
YCR009C,YOR168W,0,-2.8236983,0.05266912281513214,0.4429999887943268,0.7968000173568726
YDR137W,YBR015C,0,-2.823901,0.052662864327430725,0.4429999887943268,0.7968999743461609
YDR358W,YBL041W,1,-2.8242972,0.052775464951992035,0.4440000057220459,0.7968999743461609
YLR120C,YOR150W,0,-2.8244426,0.052769195288419724,0.4440000057220459,0.796999990940094
YBR010W,YGL198W,0,-2.8246229,0.052762921899557114,0.4440000057220459,0.7971000075340271
YLR193C,YMR322C,0,-2.824919,0.0527566522359848,0.4440000057220459,0.7972000241279602
YJR140C,YPR048W,0,-2.8249762,0.05275038629770279,0.4440000057220459,0.7972999811172485
YER123W,YPL129W,0,-2.8253038,0.052744120359420776,0.4440000057220459,0.7973999977111816
YLR450W,YDR359C,0,-2.825322,0.05273785442113876,0.4440000057220459,0.7975000143051147
YER008C,YKL017C,0,-2.825507,0.05273159220814705,0.4440000057220459,0.7975999712944031
YBR002C,YGL169W,0,-2.825524,0.052725329995155334,0.4440000057220459,0.7976999878883362
YNL137C,YKR020W,0,-2.8261063,0.05271906778216362,0.4440000057220459,0.7978000044822693
YGR271W,YOR304W,0,-2.8264704,0.052712809294462204,0.4440000057220459,0.7979000210762024
YOR278W,YDR197W,0,-2.8267365,0.052706554532051086,0.4440000057220459,0.7979999780654907
YOR216C,YIR006C,0,-2.827029,0.05270029604434967,0.4440000057220459,0.7980999946594238
YJR138W,YHR132C,0,-2.827245,0.05269404128193855,0.4440000057220459,0.7982000112533569
YIL046W,YMR077C,1,-2.8279126,0.05280645564198494,0.4449999928474426,0.7982000112533569
YOR194C,YAL062W,0,-2.8280547,0.05280018970370293,0.4449999928474426,0.79830002784729
YDR512C,YIL120W,0,-2.828431,0.05279392749071121,0.4449999928474426,0.7983999848365784
YDL230W,YNL268W,0,-2.8284335,0.0527876615524292,0.4449999928474426,0.7985000014305115
YKL005C,YPL188W,0,-2.8284647,0.05278140306472778,0.4449999928474426,0.7986000180244446
YER030W,YHR005C,0,-2.8286107,0.05277514085173607,0.4449999928474426,0.7986999750137329
YBR170C,YDL008W,1,-2.8291438,0.05288746580481529,0.44600000977516174,0.7986999750137329
YPL174C,YKL135C,0,-2.8295004,0.05288119614124298,0.44600000977516174,0.798799991607666
YPL002C,YKL022C,1,-2.8297644,0.05299348011612892,0.44699999690055847,0.798799991607666
YBR058C,YJL168C,0,-2.8298092,0.052987199276685715,0.44699999690055847,0.7989000082015991
YOR194C,YDR376W,0,-2.830199,0.05298091843724251,0.44699999690055847,0.7990000247955322
YIL078W,YHR039C-A,0,-2.8303692,0.0529746375977993,0.44699999690055847,0.7990999817848206
YBR115C,YBL020W,0,-2.8305147,0.05296836048364639,0.44699999690055847,0.7991999983787537
YLR382C,YEL030W,0,-2.8317745,0.05296208709478378,0.44699999690055847,0.7993000149726868
YMR286W,YIR026C,0,-2.8321314,0.052955809980630875,0.44699999690055847,0.7993999719619751
YCR094W,YDR013W,0,-2.8323662,0.052949536591768265,0.44699999690055847,0.7994999885559082
YIL002C,YGR179C,0,-2.8324807,0.05294326692819595,0.44699999690055847,0.7996000051498413
YOR179C,YER099C,0,-2.8334427,0.05293699726462364,0.44699999690055847,0.7997000217437744
YDR268W,YGR255C,0,-2.83351,0.05293072760105133,0.44699999690055847,0.7997999787330627
YHR081W,YLR150W,0,-2.8340986,0.05292446166276932,0.44699999690055847,0.7998999953269958
YJL073W,YBR173C,1,-2.8347268,0.053036581724882126,0.4480000138282776,0.7998999953269958
YLR102C,YDL190C,1,-2.8348904,0.053148675709962845,0.4490000009536743,0.7998999953269958
YMR237W,YNL026W,0,-2.8349226,0.05314238369464874,0.4490000009536743,0.800000011920929
YDL087C,YJR036C,0,-2.835042,0.05313609540462494,0.4490000009536743,0.8001000285148621
YIL048W,YBL085W,0,-2.8359716,0.053129807114601135,0.4490000009536743,0.8001999855041504
YNL297C,YDR229W,0,-2.835973,0.05312352254986763,0.4490000009536743,0.8003000020980835
YBR175W,YNL291C,0,-2.8361132,0.053117237985134125,0.4490000009536743,0.8004000186920166
YGL189C,YGL139W,0,-2.836725,0.05311095342040062,0.4490000009536743,0.8004999756813049
YPL091W,YBR185C,0,-2.8372872,0.05310467258095741,0.4490000009536743,0.800599992275238
YCR057C,YIL020C,0,-2.8373082,0.053098391741514206,0.4490000009536743,0.8007000088691711
YJR004C,YDL200C,0,-2.83788,0.0530921146273613,0.4490000009536743,0.8008000254631042
YAL026C,YER133W,0,-2.8379753,0.05308583751320839,0.4490000009536743,0.8008999824523926
YPL031C,YAL043C,0,-2.8381906,0.05307956039905548,0.4490000009536743,0.8009999990463257
YOR098C,YOL042W,0,-2.8387005,0.05307328701019287,0.4490000009536743,0.8011000156402588
YPL060W,YDL065C,0,-2.838754,0.05306701362133026,0.4490000009536743,0.8011999726295471
YOR090C,YGL026C,0,-2.8389406,0.05306074395775795,0.4490000009536743,0.8012999892234802
YCR106W,YCR044C,0,-2.8394163,0.05305447056889534,0.4490000009536743,0.8014000058174133
YDR118W,YJL001W,1,-2.839739,0.05316635221242905,0.44999998807907104,0.8014000058174133
YML021C,YPL206C,0,-2.8401358,0.05316007137298584,0.44999998807907104,0.8015000224113464
YAL007C,YBR122C,0,-2.8402965,0.05315379053354263,0.44999998807907104,0.8015999794006348
YNL246W,YJL168C,0,-2.8409355,0.053147513419389725,0.44999998807907104,0.8016999959945679
YMR218C,YFL038C,0,-2.8410752,0.053141236305236816,0.44999998807907104,0.801800012588501
YOR123C,YDR379W,0,-2.8415165,0.05313496291637421,0.44999998807907104,0.8019000291824341
YPR131C,YKR071C,0,-2.842083,0.0531286895275116,0.44999998807907104,0.8019999861717224
YEL053C,YPL213W,0,-2.842302,0.05312241613864899,0.44999998807907104,0.8021000027656555
YGL070C,YIL139C,0,-2.8423245,0.053116146475076675,0.44999998807907104,0.8022000193595886
YLR033W,YMR312W,0,-2.8426807,0.053109876811504364,0.44999998807907104,0.802299976348877
YDL175C,YOR142W,0,-2.8427508,0.05310361087322235,0.44999998807907104,0.8023999929428101
YPL040C,YML006C,0,-2.8428466,0.05309734493494034,0.44999998807907104,0.8025000095367432
YMR184W,YOR259C,1,-2.8435056,0.05320906266570091,0.45100000500679016,0.8025000095367432
YMR091C,YPR144C,0,-2.843805,0.053202785551548004,0.45100000500679016,0.8026000261306763
YDL060W,YDR170C,0,-2.8439171,0.053196508437395096,0.45100000500679016,0.8026999831199646
YKL108W,YAL016W,0,-2.8440778,0.053190235048532486,0.45100000500679016,0.8027999997138977
YNL142W,YIL006W,0,-2.8442867,0.053183961659669876,0.45100000500679016,0.8029000163078308
YKR103W,YPR007C,0,-2.8447576,0.053177691996097565,0.45100000500679016,0.8029999732971191
YKR100C,YBR097W,0,-2.8454266,0.05317142233252525,0.45100000500679016,0.8030999898910522
YGL014W,YBR202W,0,-2.8461668,0.05316515266895294,0.45100000500679016,0.8032000064849854
YIR025W,YDR358W,1,-2.8462737,0.053276754915714264,0.4519999921321869,0.8032000064849854
YHL034C,YOR070C,0,-2.8467505,0.053270477801561356,0.4519999921321869,0.8033000230789185
YGR058W,YOL142W,0,-2.8472207,0.05326420068740845,0.4519999921321869,0.8033999800682068
YLR102C,YNL172W,1,-2.847388,0.05337575078010559,0.453000009059906,0.8033999800682068
YOR259C,YGL227W,1,-2.8475177,0.053487274795770645,0.45399999618530273,0.8033999800682068
YFR034C,YLR019W,0,-2.8479195,0.053480975329875946,0.45399999618530273,0.8034999966621399
YOR080W,YLR409C,0,-2.8479464,0.05347467586398125,0.45399999618530273,0.803600013256073
YCR092C,YDR247W,0,-2.8484418,0.053468380123376846,0.45399999618530273,0.8036999702453613
YLR344W,YPR100W,0,-2.848862,0.05346208065748215,0.45399999618530273,0.8037999868392944
YMR077C,YLR208W,1,-2.849119,0.05357353016734123,0.45500001311302185,0.8037999868392944
YDR517W,YER086W,0,-2.849189,0.053567223250865936,0.45500001311302185,0.8039000034332275
YCL017C,YMR240C,0,-2.8493345,0.05356091633439064,0.45500001311302185,0.8040000200271606
YKR094C,YJL121C,0,-2.8494914,0.05355461314320564,0.45500001311302185,0.804099977016449
YOR157C,YFL049W,1,-2.849882,0.053665999323129654,0.4560000002384186,0.804099977016449
YIL079C,YLR427W,0,-2.8500042,0.05365968495607376,0.4560000002384186,0.8041999936103821
YGR253C,YJR131W,1,-2.8511884,0.05377103015780449,0.4569999873638153,0.8041999936103821
YMR314W,YGL227W,1,-2.8512948,0.053882353007793427,0.4580000042915344,0.8041999936103821
YPL040C,YJL192C,0,-2.8513277,0.05387601628899574,0.4580000042915344,0.8043000102043152
YLR093C,YOR353C,0,-2.8518245,0.05386967957019806,0.4580000042915344,0.8044000267982483
YDL077C,YMR048W,0,-2.8519416,0.053863342851400375,0.4580000042915344,0.8044999837875366
YJR083C,YMR101C,0,-2.8522868,0.05385700985789299,0.4580000042915344,0.8046000003814697
YMR168C,YNR028W,0,-2.8523052,0.053850676864385605,0.4580000042915344,0.8047000169754028
YDR512C,YNL263C,0,-2.8525262,0.05384434387087822,0.4580000042915344,0.8047999739646912
YML112W,YDR242W,0,-2.852563,0.05383801460266113,0.4580000042915344,0.8048999905586243
YLR321C,YNR022C,0,-2.8526192,0.053831689059734344,0.4580000042915344,0.8050000071525574
YDL007W,YML013W,1,-2.8530633,0.053942885249853134,0.45899999141693115,0.8050000071525574
YDR443C,YBR122C,0,-2.8538167,0.05393654480576515,0.45899999141693115,0.8051000237464905
YEL016C,YOR278W,0,-2.8538592,0.05393020808696747,0.45899999141693115,0.8051999807357788
YDR031W,YLR043C,0,-2.8538623,0.053923871368169785,0.45899999141693115,0.8052999973297119
YLL033W,YPL104W,0,-2.8540523,0.0539175383746624,0.45899999141693115,0.805400013923645
YJL072C,YJL112W,0,-2.8541071,0.053911205381155014,0.45899999141693115,0.8054999709129333
YKR019C,YBR120C,0,-2.8541472,0.05390487238764763,0.45899999141693115,0.8055999875068665
YMR301C,YOR274W,0,-2.854189,0.05389854311943054,0.45899999141693115,0.8057000041007996
YOR257W,YDR259C,0,-2.8542933,0.053892213851213455,0.45899999141693115,0.8058000206947327
YMR203W,YNL101W,0,-2.8544471,0.05388588830828667,0.45899999141693115,0.805899977684021
YLL019C,YDR472W,0,-2.8548667,0.05387956276535988,0.45899999141693115,0.8059999942779541
YLR207W,YOR259C,1,-2.8548896,0.05399060994386673,0.46000000834465027,0.8059999942779541
YOR045W,YGL226W,0,-2.8549001,0.053984273225069046,0.46000000834465027,0.8061000108718872
YGR044C,YDL139C,0,-2.8550756,0.05397794023156166,0.46000000834465027,0.8062000274658203
YNL061W,YLR295C,0,-2.8550875,0.053971607238054276,0.46000000834465027,0.8062999844551086
YDR092W,YMR008C,0,-2.8551304,0.05396527424454689,0.46000000834465027,0.8064000010490417
YPL177C,YHR076W,0,-2.8560274,0.0539589449763298,0.46000000834465027,0.8065000176429749
YDR497C,YHL003C,0,-2.856352,0.05395261570811272,0.46000000834465027,0.8065999746322632
YIL002C,YBR003W,0,-2.8566868,0.05394628643989563,0.46000000834465027,0.8066999912261963
YLR201C,YGL137W,0,-2.8567061,0.05393996089696884,0.46000000834465027,0.8068000078201294
YMR019W,YLR404W,0,-2.8569639,0.05393363907933235,0.46000000834465027,0.8069000244140625
YJL081C,YDL189W,0,-2.8574884,0.05392731353640556,0.46000000834465027,0.8069999814033508
YOR157C,YHR108W,1,-2.857593,0.054038215428590775,0.460999995470047,0.8069999814033508
YLR010C,YGR120C,0,-2.8578656,0.05403187870979309,0.460999995470047,0.8070999979972839
YKR006C,YJR055W,0,-2.8583248,0.054025549441576004,0.460999995470047,0.807200014591217
YGR058W,YMR016C,0,-2.8583467,0.05401921644806862,0.460999995470047,0.8072999715805054
YDR405W,YJR006W,0,-2.8585193,0.05401288717985153,0.460999995470047,0.8073999881744385
YHR179W,YHR133C,0,-2.8586488,0.054006561636924744,0.460999995470047,0.8075000047683716
YKL014C,YIR026C,0,-2.8595808,0.054000236093997955,0.460999995470047,0.8076000213623047
YHL034C,YPL203W,0,-2.8596227,0.05399391055107117,0.460999995470047,0.807699978351593
YGR047C,YER101C,0,-2.8597152,0.05398758500814438,0.460999995470047,0.8077999949455261
YGR295C,YLL050C,0,-2.8602288,0.05398126319050789,0.460999995470047,0.8079000115394592
YPL203W,YMR267W,0,-2.8609455,0.0539749450981617,0.460999995470047,0.8080000281333923
YLR316C,YMR075W,0,-2.861484,0.053968627005815506,0.460999995470047,0.8080999851226807
YHR147C,YLR347C,0,-2.8616748,0.053962308913469315,0.460999995470047,0.8082000017166138
YOR261C,YNL311C,1,-2.8621058,0.0540730319917202,0.4620000123977661,0.8082000017166138
YOL133W,YOR249C,1,-2.8625987,0.054183732718229294,0.46299999952316284,0.8082000017166138
YDR002W,YMR276W,1,-2.8631413,0.0542944073677063,0.46399998664855957,0.8082000017166138
YOL129W,YJR103W,0,-2.8635414,0.05428805574774742,0.46399998664855957,0.8083000183105469
YGL151W,YKL124W,0,-2.8635614,0.054281704127788544,0.46399998664855957,0.8083999752998352
YOR181W,YOL135C,0,-2.8637397,0.054275352507829666,0.46399998664855957,0.8084999918937683
YLR429W,YNL167C,0,-2.8640025,0.05426900461316109,0.46399998664855957,0.8086000084877014
YDR175C,YBR046C,0,-2.8644724,0.054262660443782806,0.46399998664855957,0.8087000250816345
YPR133C,YPL094C,0,-2.8646166,0.05425631254911423,0.46399998664855957,0.8087999820709229
YEL051W,YNR017W,0,-2.8646595,0.054249972105026245,0.46399998664855957,0.808899998664856
YOL129W,YPL115C,0,-2.864775,0.054243627935647964,0.46399998664855957,0.8090000152587891
YDR377W,YBR041W,0,-2.8650694,0.05423728749155998,0.46399998664855957,0.8090999722480774
YDR011W,YBR205W,0,-2.8653333,0.0542309507727623,0.46399998664855957,0.8091999888420105
YDR036C,YML101C,0,-2.865619,0.054224610328674316,0.46399998664855957,0.8093000054359436
YKR019C,YER139C,0,-2.865744,0.05421827360987663,0.46399998664855957,0.8094000220298767
YKL034W,YDL008W,1,-2.866101,0.05432877689599991,0.4650000035762787,0.8094000220298767
YER022W,YGL040C,0,-2.8663764,0.05432242900133133,0.4650000035762787,0.809499979019165
YBR120C,YMR040W,0,-2.8666177,0.05431608483195305,0.4650000035762787,0.8095999956130981
YIR025W,YGR003W,1,-2.8667042,0.054426535964012146,0.4659999907016754,0.8095999956130981
YFL029C,YJR126C,0,-2.8674395,0.05442018061876297,0.4659999907016754,0.8097000122070312
YNL238W,YDR429C,0,-2.8676956,0.054413825273513794,0.4659999907016754,0.8098000288009644
YJR075W,YGR118W,0,-2.868119,0.054407473653554916,0.4659999907016754,0.8098999857902527
YCL067C,YMR035W,0,-2.8689435,0.05440112203359604,0.4659999907016754,0.8100000023841858
YMR184W,YML013W,1,-2.8691819,0.05451149865984917,0.46700000762939453,0.8100000023841858
YML116W,YJL003W,0,-2.8692884,0.054505135864019394,0.46700000762939453,0.8101000189781189
YAL015C,YMR213W,0,-2.869347,0.05449877306818962,0.46700000762939453,0.8101999759674072
YGR268C,YBR177C,0,-2.8696287,0.054492413997650146,0.46700000762939453,0.8102999925613403
YKR036C,YLR260W,0,-2.8704357,0.05448605865240097,0.46700000762939453,0.8104000091552734
YDR148C,YBL060W,0,-2.8713586,0.054479699581861496,0.46700000762939453,0.8105000257492065
YDR373W,YJL121C,0,-2.8715787,0.05447334796190262,0.46700000762939453,0.8105999827384949
YGR077C,YOL147C,0,-2.871748,0.05446699261665344,0.46700000762939453,0.810699999332428
YDR510W,YPL134C,0,-2.871807,0.054460640996694565,0.46700000762939453,0.8108000159263611
YGL105W,YNL216W,0,-2.872002,0.05445428937673569,0.46700000762939453,0.8108999729156494
YMR091C,YKL085W,0,-2.8720052,0.05444794148206711,0.46700000762939453,0.8109999895095825
YGR262C,YJR153W,0,-2.8720248,0.05444159358739853,0.46700000762939453,0.8111000061035156
YKR101W,YCL029C,0,-2.8720868,0.05443524941802025,0.46700000762939453,0.8112000226974487
YBR065C,YDR083W,0,-2.8721745,0.05442890524864197,0.46700000762939453,0.8112999796867371
YBR121C,YGR276C,0,-2.872187,0.05442256107926369,0.46700000762939453,0.8113999962806702
YOR334W,YLL051C,0,-2.8723264,0.054416220635175705,0.46700000762939453,0.8115000128746033
YHR204W,YPL096W,1,-2.8724687,0.05452638864517212,0.46799999475479126,0.8115000128746033
YPR017C,YGL106W,0,-2.872648,0.05452003702521324,0.46799999475479126,0.8116000294685364
YNL051W,YPL175W,0,-2.8729846,0.054513685405254364,0.46799999475479126,0.8116999864578247
YPL133C,YCL061C,0,-2.8736074,0.054507337510585785,0.46799999475479126,0.8118000030517578
YOL111C,YPL179W,0,-2.8736126,0.054500989615917206,0.46799999475479126,0.8119000196456909
YML032C,YHR201C,0,-2.873761,0.054494645446538925,0.46799999475479126,0.8119999766349792
YIR025W,YMR264W,1,-2.8742387,0.054604727774858475,0.4690000116825104,0.8119999766349792
YHL003C,YMR158W,0,-2.8745582,0.054598368704319,0.4690000116825104,0.8120999932289124
YHR186C,YHR133C,0,-2.8746698,0.054592013359069824,0.4690000116825104,0.8122000098228455
YDR481C,YAL035W,0,-2.8750718,0.05458566173911095,0.4690000116825104,0.8123000264167786
YDL078C,YKL174C,0,-2.8751185,0.05457931011915207,0.4690000116825104,0.8123999834060669
YMR077C,YNL172W,1,-2.875563,0.05468931794166565,0.4699999988079071,0.8123999834060669
YGL246C,YNL076W,0,-2.8755958,0.054682955145835876,0.4699999988079071,0.8125
YOR355W,YDR388W,0,-2.8763165,0.054676592350006104,0.4699999988079071,0.8126000165939331
YDR128W,YGL040C,0,-2.8764553,0.05467023327946663,0.4699999988079071,0.8126999735832214
YER019C-A,YKR055W,0,-2.8766437,0.054663874208927155,0.4699999988079071,0.8127999901771545
YPL075W,YHR073W,0,-2.8774188,0.05465751886367798,0.4699999988079071,0.8129000067710876
YMR063W,YDR076W,0,-2.8779094,0.0546511635184288,0.4699999988079071,0.8130000233650208
YGR143W,YDL139C,0,-2.8779547,0.054644808173179626,0.4699999988079071,0.8130999803543091
YDL108W,YLR038C,0,-2.8784437,0.05463845655322075,0.4699999988079071,0.8131999969482422
YJR131W,YAL058W,1,-2.8790271,0.05474834516644478,0.47099998593330383,0.8131999969482422
YKL034W,YNL172W,1,-2.8791587,0.05485820397734642,0.47200000286102295,0.8131999969482422
YFR014C,YGL233W,0,-2.8799248,0.05485183000564575,0.47200000286102295,0.8133000135421753
YOR386W,YMR232W,0,-2.880191,0.054845456033945084,0.47200000286102295,0.8133999705314636
YPL173W,YMR020W,0,-2.8802788,0.054839085787534714,0.47200000286102295,0.8134999871253967
YPR166C,YKL174C,0,-2.8805563,0.054832715541124344,0.47200000286102295,0.8136000037193298
YNL268W,YKR090W,0,-2.8806312,0.054826345294713974,0.47200000286102295,0.8137000203132629
YDR303C,YNL242W,0,-2.8806846,0.054819975048303604,0.47200000286102295,0.8137999773025513
YNL231C,YGL026C,0,-2.8810232,0.05481361225247383,0.47200000286102295,0.8138999938964844
YPL145C,YJL006C,0,-2.8818257,0.05480724573135376,0.47200000286102295,0.8140000104904175
YGR229C,YOR353C,0,-2.882562,0.05480088293552399,0.47200000286102295,0.8141000270843506
YJL082W,YER050C,0,-2.883143,0.054794520139694214,0.47200000286102295,0.8141999840736389
YGR003W,YOR117W,1,-2.8832364,0.054904237389564514,0.4729999899864197,0.8141999840736389
YOL078W,YLR085C,0,-2.883248,0.054897863417863846,0.4729999899864197,0.814300000667572
YGL135W,YGR063C,0,-2.8835378,0.054891493171453476,0.4729999899864197,0.8144000172615051
YMR115W,YDR236C,0,-2.8839345,0.054885122925043106,0.4729999899864197,0.8144999742507935
YIL123W,YGL195W,0,-2.884436,0.054878756403923035,0.4729999899864197,0.8145999908447266
YNL158W,YCL035C,0,-2.884788,0.05487238988280296,0.4729999899864197,0.8147000074386597
YGR003W,YLR417W,1,-2.8851616,0.0549820214509964,0.4740000069141388,0.8147000074386597
YOR219C,YEL015W,0,-2.8853438,0.05497564375400543,0.4740000069141388,0.8148000240325928
YPR166C,YGR199W,0,-2.8856137,0.054969269782304764,0.4740000069141388,0.8148999810218811
YMR184W,YBR170C,1,-2.8858194,0.05507884919643402,0.4749999940395355,0.8148999810218811
YGL106W,YBR052C,0,-2.8859992,0.05507246404886246,0.4749999940395355,0.8149999976158142
YMR009W,YOR020C,0,-2.8864076,0.055066078901290894,0.4749999940395355,0.8151000142097473
YPL065W,YGR135W,1,-2.8866112,0.05517560988664627,0.47600001096725464,0.8151000142097473
YIL126W,YLR451W,0,-2.886711,0.05516921728849411,0.47600001096725464,0.8151999711990356
YPL002C,YLR208W,1,-2.887696,0.0552787110209465,0.47699999809265137,0.8151999711990356
YMR198W,YIL006W,0,-2.888569,0.05527230724692345,0.47699999809265137,0.8152999877929688
YMR070W,YKL108W,0,-2.888769,0.05526590347290039,0.47699999809265137,0.8154000043869019
YDR510W,YCL055W,0,-2.8888178,0.055259499698877335,0.47699999809265137,0.815500020980835
YDR205W,YJL143W,0,-2.8890207,0.05525309965014458,0.47699999809265137,0.8155999779701233
YPR141C,YER005W,0,-2.889466,0.05524669960141182,0.47699999809265137,0.8156999945640564
YOR259C,YKL022C,1,-2.8895323,0.05535610765218735,0.4779999852180481,0.8156999945640564
YMR276W,YDR400W,1,-2.8898776,0.055465493351221085,0.4790000021457672,0.8156999945640564
YOR232W,YDR301W,0,-2.890436,0.055459070950746536,0.4790000021457672,0.8158000111579895
YDR483W,YMR075W,0,-2.8907936,0.055452652275562286,0.4790000021457672,0.8159000277519226
YLR450W,YLR304C,0,-2.891126,0.055446233600378036,0.4790000021457672,0.8159999847412109
YKR048C,YPL226W,0,-2.8912482,0.05543981492519379,0.4790000021457672,0.816100001335144
YLR182W,YER031C,0,-2.8915548,0.055433399975299835,0.4790000021457672,0.8162000179290771
YDR200C,YDR135C,0,-2.8918114,0.055426985025405884,0.4790000021457672,0.8162999749183655
YLR427W,YDR298C,0,-2.8921156,0.05542057007551193,0.4790000021457672,0.8163999915122986
YER120W,YBR055C,0,-2.89236,0.05541415885090828,0.4790000021457672,0.8165000081062317
YKL196C,YBR145W,0,-2.8926249,0.055407751351594925,0.4790000021457672,0.8166000247001648
YNL107W,YMR176W,0,-2.8927402,0.05540134012699127,0.4790000021457672,0.8166999816894531
YPR163C,YDL111C,0,-2.8931165,0.055394936352968216,0.4790000021457672,0.8167999982833862
YGL003C,YLR147C,0,-2.893386,0.05538852885365486,0.4790000021457672,0.8169000148773193
YER125W,YIL027C,0,-2.8935497,0.055382125079631805,0.4790000021457672,0.8169999718666077
YDR168W,YNL025C,0,-2.8939817,0.05537572130560875,0.4790000021457672,0.8170999884605408
YKL089W,YGL223C,0,-2.8941061,0.05536932125687599,0.4790000021457672,0.8172000050544739
YHR004C,YMR156C,0,-2.8951478,0.055362921208143234,0.4790000021457672,0.817300021648407
YMR179W,YOR232W,0,-2.8956237,0.055356524884700775,0.4790000021457672,0.8173999786376953
YNL262W,YJR117W,0,-2.8956468,0.055350128561258316,0.4790000021457672,0.8174999952316284
YBR036C,YKL093W,0,-2.8957126,0.05534373223781586,0.4790000021457672,0.8176000118255615
YDR358W,YDR177W,1,-2.8957605,0.0554528646171093,0.47999998927116394,0.8176000118255615
YNL029C,YLR353W,0,-2.8962705,0.05544646084308624,0.47999998927116394,0.8177000284194946
YPL091W,YML071C,0,-2.8967736,0.05544005706906319,0.47999998927116394,0.817799985408783
YGR036C,YJL196C,0,-2.8970702,0.05543365329504013,0.47999998927116394,0.8179000020027161
YFL061W,YBL023C,0,-2.8970869,0.05542725324630737,0.47999998927116394,0.8180000185966492
YLR439W,YER007W,0,-2.8973706,0.055420853197574615,0.47999998927116394,0.8180999755859375
YLR447C,YOR265W,0,-2.8973925,0.05541445314884186,0.47999998927116394,0.8181999921798706
YDL017W,YDR375C,0,-2.8990467,0.0554080568253994,0.47999998927116394,0.8183000087738037
YLR207W,YJL001W,1,-2.8993099,0.055517081171274185,0.48100000619888306,0.8183000087738037
YGL174W,YOL030W,0,-2.8995183,0.05551067367196083,0.48100000619888306,0.8184000253677368
YHR051W,YGL205W,0,-2.8995306,0.055504269897937775,0.48100000619888306,0.8184999823570251
YJL073W,YNL172W,1,-2.8996468,0.05561324581503868,0.4819999933242798,0.8184999823570251
YNR027W,YNL281W,0,-2.899915,0.05560683086514473,0.4819999933242798,0.8185999989509583
YBR058C-A,YHR133C,0,-2.9000392,0.05560041591525078,0.4819999933242798,0.8187000155448914
YJR068W,YOR081C,0,-2.9008658,0.05559400096535683,0.4819999933242798,0.8187999725341797
YML088W,YBL041W,1,-2.9026117,0.05570291727781296,0.4830000102519989,0.8187999725341797
YLR207W,YMR264W,1,-2.9038694,0.055811807513237,0.48399999737739563,0.8187999725341797
YPL101W,YML055W,0,-2.904155,0.055805373936891556,0.48399999737739563,0.8188999891281128
YMR311C,YIL009C-A,0,-2.9041684,0.05579894036054611,0.48399999737739563,0.8190000057220459
YPR086W,YPL202C,0,-2.9045365,0.05579250678420067,0.48399999737739563,0.819100022315979
YDR252W,YDL098C,0,-2.9052966,0.05578607693314552,0.48399999737739563,0.8191999793052673
YDL175C,YLL057C,0,-2.9054573,0.05577964708209038,0.48399999737739563,0.8192999958992004
YOL133W,YDR057W,1,-2.9060133,0.05588845536112785,0.48500001430511475,0.8192999958992004
YGL226C-A,YOR096W,0,-2.9063373,0.05588201433420181,0.48500001430511475,0.8194000124931335
YGR003W,YML092C,1,-2.9064267,0.055990781635046005,0.4860000014305115,0.8194000124931335
YER017C,YNL291C,0,-2.9064858,0.05598433315753937,0.4860000014305115,0.8195000290870667
YDR217C,YPR169W,0,-2.9072235,0.05597788468003273,0.4860000014305115,0.819599986076355
YKR052C,YKL053C-A,0,-2.907362,0.05597143992781639,0.4860000014305115,0.8197000026702881
YPR122W,YFL038C,0,-2.9084346,0.05596499145030975,0.4860000014305115,0.8198000192642212
YOR037W,YDR369C,0,-2.9092996,0.05595855042338371,0.4860000014305115,0.8198999762535095
YHR067W,YDL128W,0,-2.9094858,0.055952105671167374,0.4860000014305115,0.8199999928474426
YLR105C,YIL124W,0,-2.9095304,0.05594566464424133,0.4860000014305115,0.8201000094413757
YJL011C,YOR089C,0,-2.9096687,0.05593922734260559,0.4860000014305115,0.8202000260353088
YDR289C,YPR032W,0,-2.9103067,0.05593279004096985,0.4860000014305115,0.8202999830245972
YCR106W,YOR177C,0,-2.9103158,0.055926352739334106,0.4860000014305115,0.8203999996185303
YJL004C,YLR448W,0,-2.9111516,0.055919915437698364,0.4860000014305115,0.8205000162124634
YOL151W,YFL036W,0,-2.9114506,0.05591348186135292,0.4860000014305115,0.8205999732017517
YEL056W,YBR205W,0,-2.911639,0.055907052010297775,0.4860000014305115,0.8206999897956848
YHR161C,YKR071C,0,-2.9116511,0.05590062215924263,0.4860000014305115,0.8208000063896179
YKL041W,YNL172W,1,-2.9118938,0.0560091994702816,0.4869999885559082,0.8208000063896179
YDR174W,YLR007W,0,-2.912083,0.05600275844335556,0.4869999885559082,0.820900022983551
YLR207W,YKL145W,1,-2.9124625,0.056111302226781845,0.4880000054836273,0.820900022983551
YOR181W,YJR033C,0,-2.9125516,0.05610485002398491,0.4880000054836273,0.8209999799728394
YJL082W,YMR192W,0,-2.9128544,0.05609840154647827,0.4880000054836273,0.8210999965667725
YDL185W,YBR254C,0,-2.912859,0.056091953068971634,0.4880000054836273,0.8212000131607056
YIL126W,YLR381W,0,-2.91309,0.056085508316755295,0.4880000054836273,0.8213000297546387
YLR439W,YPR019W,0,-2.9131885,0.056079063564538956,0.4880000054836273,0.821399986743927
YER007C-A,YIL098C,0,-2.9132783,0.05607261881232262,0.4880000054836273,0.8215000033378601
YHL011C,YER029C,0,-2.9137142,0.056066177785396576,0.4880000054836273,0.8216000199317932
YPL177C,YKL150W,0,-2.914151,0.056059736758470535,0.4880000054836273,0.8216999769210815
YJL186W,YLR206W,0,-2.9154582,0.056053295731544495,0.4880000054836273,0.8217999935150146
YBL056W,YML073C,0,-2.9155133,0.05604685842990875,0.4880000054836273,0.8219000101089478
YDL097C,YGR003W,1,-2.9162104,0.056155260652303696,0.48899999260902405,0.8219000101089478
YPR046W,YDR468C,0,-2.9169276,0.05614881217479706,0.48899999260902405,0.8220000267028809
YNL180C,YJR083C,0,-2.917057,0.05614236369729042,0.48899999260902405,0.8220999836921692
YHR148W,YLR448W,0,-2.9176729,0.05613591894507408,0.48899999260902405,0.8222000002861023
YFR038W,YDR317W,0,-2.917724,0.05612947791814804,0.48899999260902405,0.8223000168800354
YBL034C,YJL187C,0,-2.9180653,0.0561230331659317,0.48899999260902405,0.8223999738693237
YIL118W,YJR049C,0,-2.9182239,0.05611659213900566,0.48899999260902405,0.8224999904632568
YGR135W,YIL007C,1,-2.9187348,0.05622490122914314,0.49000000953674316,0.8224999904632568
YAL033W,YDR062W,0,-2.919123,0.05621844902634621,0.49000000953674316,0.8226000070571899
YER180C,YCL016C,0,-2.919676,0.05621200054883957,0.49000000953674316,0.822700023651123
YKL192C,YBL088C,0,-2.919729,0.05620555207133293,0.49000000953674316,0.8227999806404114
YOR337W,YBR105C,0,-2.9198272,0.056199103593826294,0.49000000953674316,0.8228999972343445
YDR416W,YMR048W,0,-2.9201303,0.056192658841609955,0.49000000953674316,0.8230000138282776
YLR395C,YOR113W,0,-2.9206326,0.056186217814683914,0.49000000953674316,0.8230999708175659
YKL045W,YKL052C,0,-2.9208257,0.056179776787757874,0.49000000953674316,0.823199987411499
YOL129W,YLL001W,0,-2.9209788,0.05617333576083183,0.49000000953674316,0.8233000040054321
YGL226W,YHR024C,0,-2.9214134,0.05616689473390579,0.49000000953674316,0.8234000205993652
YDL017W,YPR067W,0,-2.9216914,0.05616045743227005,0.49000000953674316,0.8234999775886536
YKL119C,YBR091C,0,-2.9222064,0.056154023855924606,0.49000000953674316,0.8235999941825867
YJL019W,YLR154C,0,-2.922343,0.056147586554288864,0.49000000953674316,0.8237000107765198
YIL030C,YPL096W,1,-2.922941,0.056255728006362915,0.4909999966621399,0.8237000107765198
YDR189W,YFR031C,0,-2.9234602,0.056249283254146576,0.4909999966621399,0.8238000273704529
YCR081W,YKR071C,0,-2.9238975,0.056242842227220535,0.4909999966621399,0.8238999843597412
YOR057W,YBR254C,0,-2.9240773,0.056236397475004196,0.4909999966621399,0.8240000009536743
YOL004W,YOR260W,0,-2.9242203,0.056229960173368454,0.4909999966621399,0.8241000175476074
YIL148W,YKL172W,0,-2.9242818,0.05622351914644241,0.4909999966621399,0.8241999745368958
YOL112W,YMR289W,0,-2.924567,0.05621708184480667,0.4909999966621399,0.8242999911308289
YJL192C,YPL144W,0,-2.925459,0.05621064826846123,0.4909999966621399,0.824400007724762
YDR064W,YOR103C,0,-2.9260552,0.056204210966825485,0.4909999966621399,0.8245000243186951
YOL071W,YGL173C,0,-2.9266331,0.05619778111577034,0.4909999966621399,0.8245999813079834
YDR039C,YLR188W,0,-2.9266958,0.056191347539424896,0.4909999966621399,0.8246999979019165
YDR179C,YDR021W,0,-2.9267504,0.05618491768836975,0.4909999966621399,0.8248000144958496
YOL026C,YHR147C,0,-2.9273455,0.056178491562604904,0.4909999966621399,0.8248999714851379
YNL136W,YOR327C,0,-2.9274814,0.05617206171154976,0.4909999966621399,0.824999988079071
YER025W,YBR060C,0,-2.9280097,0.05616563558578491,0.4909999966621399,0.8251000046730042
YAR019C,YLR039C,0,-2.928352,0.056159213185310364,0.4909999966621399,0.8252000212669373
YAR002C-A,YDR158W,0,-2.9289925,0.056152790784835815,0.4909999966621399,0.8252999782562256
YNR050C,YGL253W,0,-2.929414,0.05614636838436127,0.4909999966621399,0.8253999948501587
YHR158C,YCR046C,0,-2.9294274,0.05613994970917702,0.4909999966621399,0.8255000114440918
YDR172W,YDR166C,0,-2.9295144,0.05613353103399277,0.4909999966621399,0.8256000280380249
YGL098W,YEL029C,0,-2.9298067,0.056127116084098816,0.4909999966621399,0.8256999850273132
YHR204W,YGR003W,1,-2.9299605,0.056234996765851974,0.492000013589859,0.8256999850273132
YKR079C,YBR142W,0,-2.930004,0.05622857064008713,0.492000013589859,0.8258000016212463
YMR281W,YDL047W,0,-2.9301488,0.05622214451432228,0.492000013589859,0.8259000182151794
YBL047C,YMR097C,0,-2.9301584,0.05621572211384773,0.492000013589859,0.8259999752044678
YDR481C,YER020W,0,-2.9302838,0.056209299713373184,0.492000013589859,0.8260999917984009
YKL175W,YBR101C,0,-2.930373,0.056202877312898636,0.492000013589859,0.826200008392334
YDL112W,YJR068W,0,-2.930819,0.056196458637714386,0.492000013589859,0.8263000249862671
YDR363W-A,YJR131W,1,-2.9310994,0.05630424991250038,0.49300000071525574,0.8263000249862671
YLR028C,YAL056W,0,-2.9313507,0.056297820061445236,0.49300000071525574,0.8263999819755554
YPR010C,YLR029C,0,-2.932189,0.05629139021039009,0.49300000071525574,0.8264999985694885
YDR330W,YLR208W,1,-2.9321897,0.056399133056402206,0.49399998784065247,0.8264999985694885
YBR115C,YNL216W,0,-2.932453,0.056392695754766464,0.49399998784065247,0.8266000151634216
YLR024C,YER008C,0,-2.9325821,0.05638625845313072,0.49399998784065247,0.82669997215271
YKL089W,YLR093C,0,-2.9327657,0.05637982115149498,0.49399998784065247,0.8267999887466431
YNL027W,YNL048W,0,-2.9330375,0.056373387575149536,0.49399998784065247,0.8269000053405762
YNL023C,YNL244C,0,-2.933904,0.05636695399880409,0.49399998784065247,0.8270000219345093
YAL022C,YLR153C,0,-2.935281,0.05636052414774895,0.49399998784065247,0.8270999789237976
YER159C,YKL043W,0,-2.935622,0.0563540942966938,0.49399998784065247,0.8271999955177307
YDR487C,YOL140W,0,-2.9360223,0.056347668170928955,0.49399998784065247,0.8273000121116638
YOR174W,YGL137W,0,-2.9361796,0.05634124204516411,0.49399998784065247,0.8274000287055969
YLR121C,YDR251W,0,-2.9364667,0.05633481591939926,0.49399998784065247,0.8274999856948853
YDR218C,YOL045W,0,-2.936825,0.05632839351892471,0.49399998784065247,0.8276000022888184
YML043C,YBR257W,0,-2.938663,0.056321971118450165,0.49399998784065247,0.8277000188827515
YBR254C,YIL006W,0,-2.9388382,0.056315548717975616,0.49399998784065247,0.8277999758720398
YDR528W,YPL175W,0,-2.9389036,0.05630913004279137,0.49399998784065247,0.8278999924659729
YDR497C,YER020W,0,-2.9391901,0.05630271136760712,0.49399998784065247,0.828000009059906
YPL253C,YMR233W,0,-2.9393258,0.056296296417713165,0.49399998784065247,0.8281000256538391
YGL220W,YGR263C,0,-2.9394274,0.056289881467819214,0.49399998784065247,0.8281999826431274
YMR065W,YBR055C,0,-2.9395545,0.05628346651792526,0.49399998784065247,0.8282999992370605
YBL047C,YKL141W,0,-2.9402707,0.05627705529332161,0.49399998784065247,0.8284000158309937
YMR301C,YOL142W,0,-2.9406595,0.05627064406871796,0.49399998784065247,0.828499972820282
YIL047C,YER165W,0,-2.9417663,0.0562642365694046,0.49399998784065247,0.8285999894142151
YGR171C,YGL236C,0,-2.9418776,0.05625782907009125,0.49399998784065247,0.8287000060081482
YOR071C,YJL096W,0,-2.941951,0.05625142157077789,0.49399998784065247,0.8288000226020813
YLR417W,YCL052C,1,-2.942506,0.05635887384414673,0.4950000047683716,0.8288000226020813
YDR014W,YDR473C,0,-2.943197,0.05635245889425278,0.4950000047683716,0.8288999795913696
YNL238W,YDR160W,0,-2.9435358,0.056346043944358826,0.4950000047683716,0.8289999961853027
YIL020C,YGR145W,0,-2.943695,0.05633963271975517,0.4950000047683716,0.8291000127792358
YNL199C,YOL019W,0,-2.944014,0.05633321776986122,0.4950000047683716,0.829200029373169
YDR298C,YML034W,0,-2.9441838,0.05632681027054787,0.4950000047683716,0.8292999863624573
YDR235W,YLR139C,0,-2.944232,0.056320399045944214,0.4950000047683716,0.8294000029563904
YHR194W,YPR072W,0,-2.944321,0.05631399154663086,0.4950000047683716,0.8295000195503235
YDL145C,YHR004C,0,-2.9453611,0.0563075877726078,0.4950000047683716,0.8295999765396118
YBL091C,YPL051W,0,-2.945614,0.05630118399858475,0.4950000047683716,0.8296999931335449
YDL138W,YOR388C,0,-2.9456403,0.05629478022456169,0.4950000047683716,0.829800009727478
YFR049W,YGL035C,0,-2.9458153,0.056288380175828934,0.4950000047683716,0.8299000263214111
YJR032W,YAL043C,0,-2.9459538,0.056281980127096176,0.4950000047683716,0.8299999833106995
YNL094W,YLL048C,0,-2.9463348,0.05627558007836342,0.4950000047683716,0.8300999999046326
YER100W,YNL008C,1,-2.9469442,0.056382857263088226,0.4959999918937683,0.8300999999046326
YML102W,YGL112C,0,-2.9484508,0.05637644976377487,0.4959999918937683,0.8302000164985657
YKL166C,YOL100W,0,-2.9487202,0.05637004226446152,0.4959999918937683,0.830299973487854
YLR127C,YOL038W,1,-2.9487853,0.056477271020412445,0.4970000088214874,0.830299973487854
YJL035C,YNL012W,0,-2.9488862,0.056470856070518494,0.4970000088214874,0.8303999900817871
YHR184W,YML034W,0,-2.9490006,0.05646444112062454,0.4970000088214874,0.8305000066757202
YBR218C,YEL006W,0,-2.9490063,0.05645802617073059,0.4970000088214874,0.8306000232696533
YKL155C,YOR136W,0,-2.9490464,0.05645161122083664,0.4970000088214874,0.8306999802589417
YIL043C,YKL140W,0,-2.9491174,0.056445199996232986,0.4970000088214874,0.8307999968528748
YGL058W,YKL206C,1,-2.9491909,0.056552350521087646,0.49799999594688416,0.8307999968528748
YKL034W,YOL038W,1,-2.949393,0.05665947496891022,0.49900001287460327,0.8307999968528748
YOL100W,YDR347W,0,-2.9494383,0.056653041392564774,0.49900001287460327,0.8309000134468079
YMR273C,YLR439W,0,-2.9495146,0.05664661154150963,0.49900001287460327,0.8309999704360962
YNL023C,YKL007W,0,-2.9495547,0.05664018169045448,0.49900001287460327,0.8310999870300293
YOR334W,YOL051W,0,-2.949753,0.05663375183939934,0.49900001287460327,0.8312000036239624
YPL259C,YBR294W,0,-2.9500506,0.05662732571363449,0.49900001287460327,0.8313000202178955
YOL032W,YKL039W,0,-2.9503682,0.056620899587869644,0.49900001287460327,0.8313999772071838
YPL093W,YGR083C,0,-2.9504855,0.056614477187395096,0.49900001287460327,0.8314999938011169
YOL054W,YNL283C,0,-2.951914,0.05660805478692055,0.49900001287460327,0.83160001039505
YJL073W,YLR025W,1,-2.9527967,0.056715063750743866,0.5,0.83160001039505
YMR314W,YMR077C,1,-2.952846,0.056822046637535095,0.5009999871253967,0.83160001039505
YLR024C,YIL070C,0,-2.952902,0.056815605610609055,0.5009999871253967,0.8317000269889832
YMR022W,YER143W,1,-2.9535592,0.0569225549697876,0.5019999742507935,0.8317000269889832
YOL018C,YGR072W,0,-2.9538014,0.05691609904170036,0.5019999742507935,0.8317999839782715
YDL175C,YGR062C,0,-2.9540322,0.05690964683890343,0.5019999742507935,0.8319000005722046
YGL016W,YFR013W,0,-2.9544146,0.05690319836139679,0.5019999742507935,0.8320000171661377
YNL239W,YJR057W,0,-2.954439,0.056896746158599854,0.5019999742507935,0.832099974155426
YDR513W,YOR103C,0,-2.9545295,0.056890297681093216,0.5019999742507935,0.8321999907493591
YGR260W,YDL120W,0,-2.9546907,0.05688385292887688,0.5019999742507935,0.8323000073432922
YNL297C,YOR189W,0,-2.954756,0.05687740817666054,0.5019999742507935,0.8324000239372253
YEL044W,YIL124W,0,-2.9549613,0.0568709634244442,0.5019999742507935,0.8324999809265137
YOR099W,YJL174W,0,-2.9550877,0.05686452239751816,0.5019999742507935,0.8325999975204468
YKL051W,YOR001W,0,-2.955345,0.05685808137059212,0.5019999742507935,0.8327000141143799
YCR039C,YOR221C,0,-2.9557965,0.05685164034366608,0.5019999742507935,0.8327999711036682
YPL096W,YDR328C,1,-2.9559648,0.05695844069123268,0.503000020980835,0.8327999711036682
YDR298C,YDR224C,0,-2.9564755,0.056951992213726044,0.503000020980835,0.8328999876976013
YMR020W,YJR004C,0,-2.9565294,0.056945543736219406,0.503000020980835,0.8330000042915344
YBR273C,YDL008W,1,-2.956807,0.05705229938030243,0.5040000081062317,0.8330000042915344
YDR289C,YJL071W,0,-2.9572084,0.057045839726924896,0.5040000081062317,0.8331000208854675
YPL063W,YFL039C,0,-2.9573293,0.05703938379883766,0.5040000081062317,0.8331999778747559
YBR065C,YFL021W,0,-2.9575279,0.05703292787075043,0.5040000081062317,0.833299994468689
YIL143C,YMR149W,0,-2.9581854,0.05702647566795349,0.5040000081062317,0.8334000110626221
YLR191W,YDR326C,0,-2.9585183,0.057020023465156555,0.5040000081062317,0.8335000276565552
YCL059C,YOR224C,0,-2.9586203,0.05701357498764992,0.5040000081062317,0.8335999846458435
YDR315C,YMR133W,0,-2.9588535,0.05700712651014328,0.5040000081062317,0.8337000012397766
YLR016C,YGL198W,0,-2.9594462,0.05700067803263664,0.5040000081062317,0.8338000178337097
YOR060C,YJR052W,0,-2.9596016,0.0569942332804203,0.5040000081062317,0.833899974822998
YCR036W,YKR031C,0,-2.959638,0.056987788528203964,0.5040000081062317,0.8339999914169312
YDR383C,YML015C,0,-2.959861,0.056981343775987625,0.5040000081062317,0.8341000080108643
YPL096W,YFR052W,1,-2.9601562,0.05708795040845871,0.5049999952316284,0.8341000080108643
YDR461W,YLR309C,0,-2.9601588,0.057081498205661774,0.5049999952316284,0.8342000246047974
YGL174W,YGR020C,0,-2.9603312,0.05707504600286484,0.5049999952316284,0.8342999815940857
YBR035C,YLR359W,0,-2.9604046,0.0570685938000679,0.5049999952316284,0.8343999981880188
YLR121C,YJL110C,0,-2.960473,0.057062145322561264,0.5049999952316284,0.8345000147819519
YLL031C,YMR053C,0,-2.9607198,0.057055700570344925,0.5049999952316284,0.8345999717712402
YPL143W,YOR294W,0,-2.962251,0.057049255818128586,0.5049999952316284,0.8346999883651733
YMR184W,YPL065W,1,-2.9627843,0.05715576559305191,0.5059999823570251,0.8346999883651733
YDR118W,YKL002W,1,-2.9633367,0.057262253016233444,0.5070000290870667,0.8346999883651733
YOR099W,YHR037W,0,-2.9633605,0.057255785912275314,0.5070000290870667,0.8348000049591064
YNL308C,YHR059W,0,-2.9648712,0.05724932253360748,0.5070000290870667,0.8349000215530396
YBR264C,YAL035W,0,-2.9650497,0.05724285915493965,0.5070000290870667,0.8349999785423279
YOR157C,YOR249C,1,-2.96509,0.05734928697347641,0.5080000162124634,0.8349999785423279
YBR107C,YER161C,0,-2.9651425,0.05734281614422798,0.5080000162124634,0.835099995136261
YPR120C,YML097C,0,-2.9654434,0.057336341589689255,0.5080000162124634,0.8352000117301941
YER174C,YLR181C,0,-2.9654691,0.057329870760440826,0.5080000162124634,0.8353000283241272
YDR373W,YNL206C,0,-2.9654973,0.0573234036564827,0.5080000162124634,0.8353999853134155
YBR170C,YML092C,1,-2.9661624,0.05742976441979408,0.5090000033378601,0.8353999853134155
YGR058W,YNL103W,0,-2.966276,0.05742328613996506,0.5090000033378601,0.8355000019073486
YOR222W,YPR048W,0,-2.9663641,0.05741680786013603,0.5090000033378601,0.8356000185012817
YKL206C,YNL311C,1,-2.9669497,0.05752312019467354,0.5099999904632568,0.8356000185012817
YEL037C,YMR077C,1,-2.9671094,0.05762941390275955,0.5109999775886536,0.8356000185012817
YAL041W,YGR030C,0,-2.9671288,0.057622913271188736,0.5109999775886536,0.8356999754905701
YDL154W,YJL197W,0,-2.9671347,0.05761641636490822,0.5109999775886536,0.8357999920845032
YNL159C,YDR328C,1,-2.9671907,0.05772266164422035,0.5120000243186951,0.8357999920845032
YOL138C,YDR359C,0,-2.9672573,0.05771615356206894,0.5120000243186951,0.8359000086784363
YGR105W,YJR013W,0,-2.967287,0.057709649205207825,0.5120000243186951,0.8360000252723694
YDL015C,YHR013C,0,-2.967481,0.05770314484834671,0.5120000243186951,0.8360999822616577
YKL009W,YOR359W,0,-2.9675896,0.057696640491485596,0.5120000243186951,0.8361999988555908
YGR002C,YGR221C,0,-2.968025,0.05769013985991478,0.5120000243186951,0.8363000154495239
YGL240W,YLR127C,1,-2.9683821,0.05779630318284035,0.5130000114440918,0.8363000154495239
YEL037C,YGL004C,1,-2.96897,0.057902444154024124,0.5139999985694885,0.8363000154495239
YCR004C,YDR422C,0,-2.9692585,0.05789592117071152,0.5139999985694885,0.8363999724388123
YGR103W,YGR260W,0,-2.9697146,0.05788940191268921,0.5139999985694885,0.8364999890327454
YDL230W,YKL085W,0,-2.969868,0.0578828826546669,0.5139999985694885,0.8366000056266785
YKL138C,YOL126C,0,-2.9699187,0.05787636712193489,0.5139999985694885,0.8367000222206116
YNL029C,YBL014C,0,-2.9700222,0.05786984786391258,0.5139999985694885,0.8367999792098999
YOR193W,YDL128W,0,-2.9701507,0.05786333605647087,0.5139999985694885,0.836899995803833
YLR102C,YIL007C,1,-2.9706843,0.057969383895397186,0.5149999856948853,0.836899995803833
YOR048C,YJL180C,0,-2.9707057,0.05796285718679428,0.5149999856948853,0.8370000123977661
YJR010C-A,YKL110C,0,-2.9712174,0.057956334203481674,0.5149999856948853,0.8371000289916992
YLR097C,YLR380W,1,-2.971601,0.05806233733892441,0.515999972820282,0.8371000289916992
YJL073W,YDR219C,1,-2.971699,0.05816831812262535,0.5170000195503235,0.8371000289916992
YER151C,YLR323C,0,-2.9719806,0.05816177278757095,0.5170000195503235,0.8371999859809875
YKR036C,YEL013W,0,-2.9723089,0.058155231177806854,0.5170000195503235,0.8373000025749207
YHR039C-A,YDR498C,0,-2.972401,0.058148689568042755,0.5170000195503235,0.8374000191688538
YEL018W,YBR283C,0,-2.9724987,0.058142151683568954,0.5170000195503235,0.8374999761581421
YOL138C,YBL014C,0,-2.9725041,0.058135613799095154,0.5170000195503235,0.8375999927520752
YOL052C,YIR026C,0,-2.972583,0.05812907591462135,0.5170000195503235,0.8377000093460083
YBR251W,YBR081C,0,-2.9730084,0.05812254175543785,0.5170000195503235,0.8378000259399414
YOR359W,YNL292W,0,-2.9734309,0.05811600759625435,0.5170000195503235,0.8378999829292297
YBL058W,YJR131W,1,-2.9738963,0.05822187289595604,0.5180000066757202,0.8378999829292297
YGR024C,YOR326W,0,-2.974859,0.05821532756090164,0.5180000066757202,0.8379999995231628
YNR001C,YER159C,0,-2.9752247,0.05820878595113754,0.5180000066757202,0.838100016117096
YBR087W,YML060W,0,-2.9752953,0.05820224806666374,0.5180000066757202,0.8381999731063843
YDR219C,YDL008W,1,-2.9754076,0.05830805376172066,0.5189999938011169,0.8381999731063843
YMR282C,YOL117W,0,-2.9754727,0.05830150470137596,0.5189999938011169,0.8382999897003174
YOR209C,YHR001W-A,0,-2.9759305,0.058294955641031265,0.5189999938011169,0.8384000062942505
YJL034W,YLR208W,1,-2.9761717,0.0584007203578949,0.5199999809265137,0.8384000062942505
YBL047C,YDR356W,0,-2.9761732,0.058394160121679306,0.5199999809265137,0.8385000228881836
YJL158C,YGR034W,0,-2.9767644,0.05838760361075401,0.5199999809265137,0.8385999798774719
YML057W,YBL022C,0,-2.9767826,0.05838104709982872,0.5199999809265137,0.838699996471405
YCR094W,YDR364C,0,-2.9774625,0.058374494314193726,0.5199999809265137,0.8388000130653381
YLR215C,YHR086W,0,-2.977497,0.05836794152855873,0.5199999809265137,0.8389000296592712
YKL013C,YMR163C,0,-2.9778347,0.058361392468214035,0.5199999809265137,0.8389999866485596
YBR301W,YDR390C,0,-2.9781213,0.05835484340786934,0.5199999809265137,0.8391000032424927
YBR041W,YOR126C,0,-2.978338,0.05834829434752464,0.5199999809265137,0.8392000198364258
YLR127C,YKL145W,1,-2.9786673,0.05845394358038902,0.5210000276565552,0.8392000198364258
YMR177W,YOR254C,0,-2.9794056,0.05844738706946373,0.5210000276565552,0.8392999768257141
YOR001W,YOR080W,0,-2.980169,0.05844083055853844,0.5210000276565552,0.8393999934196472
YDR312W,YHR158C,0,-2.9805968,0.058434274047613144,0.5210000276565552,0.8395000100135803
YMR063W,YBL025W,0,-2.9809039,0.05842772126197815,0.5210000276565552,0.8396000266075134
YKR031C,YMR025W,0,-2.9811776,0.05842117220163345,0.5210000276565552,0.8396999835968018
YER125W,YPL036W,0,-2.981225,0.05841461941599846,0.5210000276565552,0.8398000001907349
YIR012W,YIL020C,0,-2.9815896,0.05840807035565376,0.5210000276565552,0.839900016784668
YDL166C,YLR060W,0,-2.9816332,0.058401525020599365,0.5210000276565552,0.8399999737739563
YDR283C,YDL235C,0,-2.9818351,0.05839497968554497,0.5210000276565552,0.8400999903678894
YDR022C,YHL006C,0,-2.9821765,0.05838843435049057,0.5210000276565552,0.8402000069618225
YBR173C,YNL008C,1,-2.9823062,0.058493949472904205,0.5220000147819519,0.8402000069618225
YIR025W,YLR417W,1,-2.983208,0.05859943851828575,0.5230000019073486,0.8402000069618225
YJL035C,YDR014W,0,-2.9835703,0.05859287455677986,0.5230000019073486,0.8403000235557556
YOR193W,YNL227C,0,-2.9835913,0.05858631059527397,0.5230000019073486,0.840399980545044
YDL101C,YLL003W,0,-2.9835992,0.05857975035905838,0.5230000019073486,0.840499997138977
YOR156C,YLR459W,0,-2.9837508,0.05857319012284279,0.5230000019073486,0.8406000137329102
YLR212C,YGR193C,0,-2.9842455,0.0585666298866272,0.5230000019073486,0.8406999707221985
YGR095C,YGR282C,0,-2.9842942,0.058560073375701904,0.5230000019073486,0.8407999873161316
YDR500C,YEL001C,0,-2.9846108,0.05855351686477661,0.5230000019073486,0.8409000039100647
YAR042W,YCR052W,0,-2.9848511,0.05854696035385132,0.5230000019073486,0.8410000205039978
YCL001W,YDR498C,0,-2.9848888,0.058540407568216324,0.5230000019073486,0.8410999774932861
YNR028W,YER178W,0,-2.9850047,0.05853385478258133,0.5230000019073486,0.8411999940872192
YNL238W,YBR097W,0,-2.985057,0.05852730572223663,0.5230000019073486,0.8413000106811523
YAL007C,YNL001W,0,-2.985069,0.05852075666189194,0.5230000019073486,0.8414000272750854
YMR039C,YDR496C,0,-2.9860325,0.05851420760154724,0.5230000019073486,0.8414999842643738
YLL033W,YNL314W,0,-2.9862773,0.058507662266492844,0.5230000019073486,0.8416000008583069
YER154W,YLR024C,0,-2.98821,0.058501116931438446,0.5230000019073486,0.84170001745224
YAR042W,YOL072W,0,-2.988322,0.05849457532167435,0.5230000019073486,0.8417999744415283
YER089C,YOR090C,0,-2.9886997,0.05848803371191025,0.5230000019073486,0.8418999910354614
YOR157C,YDR069C,1,-2.9892416,0.05859331414103508,0.5239999890327454,0.8418999910354614
YOR068C,YDR460W,0,-2.9900832,0.058586761355400085,0.5239999890327454,0.8420000076293945
YMR273C,YBR289W,0,-2.9911296,0.05858021229505539,0.5239999890327454,0.8421000242233276
YNL282W,YPL153C,0,-2.9912224,0.05857366323471069,0.5239999890327454,0.842199981212616
YMR204C,YJL072C,0,-2.9914992,0.058567117899656296,0.5239999890327454,0.8422999978065491
YBR176W,YEL001C,0,-2.9918656,0.0585605725646019,0.5239999890327454,0.8424000144004822
YPR125W,YOR086C,0,-2.9920564,0.0585540272295475,0.5239999890327454,0.8424999713897705
YPL167C,YKL116C,0,-2.9922304,0.0585474856197834,0.5239999890327454,0.8425999879837036
YIR026C,YNL284C,0,-2.9924946,0.0585409440100193,0.5239999890327454,0.8427000045776367
YLR015W,YBR202W,0,-2.9932363,0.0585344061255455,0.5239999890327454,0.8428000211715698
YIR006C,YJR013W,0,-2.9938824,0.0585278682410717,0.5239999890327454,0.8428999781608582
YMR071C,YPL235W,0,-2.994045,0.0585213303565979,0.5239999890327454,0.8429999947547913
YGL067W,YLR192C,0,-2.9943156,0.0585147961974144,0.5239999890327454,0.8431000113487244
YJL085W,YDR052C,0,-2.994498,0.058508262038230896,0.5239999890327454,0.8432000279426575
YDR081C,YCL016C,0,-2.9951675,0.05850173160433769,0.5239999890327454,0.8432999849319458
YDR424C,YGL005C,0,-2.99522,0.05849520117044449,0.5239999890327454,0.8434000015258789
YOR151C,YNR059W,0,-2.9964879,0.058488670736551285,0.5239999890327454,0.843500018119812
YBR173C,YIL007C,1,-2.9965851,0.05859375,0.5249999761581421,0.843500018119812
YBR058C,YMR078C,0,-2.9968562,0.0585872121155262,0.5249999761581421,0.8435999751091003
YER109C,YLR234W,0,-2.9970572,0.0585806742310524,0.5249999761581421,0.8436999917030334
YPR057W,YPR006C,0,-2.997258,0.0585741363465786,0.5249999761581421,0.8438000082969666
YPR008W,YDL030W,0,-2.997511,0.058567602187395096,0.5249999761581421,0.8439000248908997
YPL075W,YER159C,0,-2.9979541,0.05856107175350189,0.5249999761581421,0.843999981880188
YDL231C,YHR114W,0,-2.997957,0.05855453759431839,0.5249999761581421,0.8440999984741211
YBR213W,YHR167W,0,-2.9980628,0.058548010885715485,0.5249999761581421,0.8442000150680542
YDR313C,YIL070C,0,-2.9985182,0.05854148045182228,0.5249999761581421,0.8442999720573425
YBR214W,YOL100W,0,-2.999213,0.058534953743219376,0.5249999761581421,0.8443999886512756
YOL147C,YFL047W,0,-2.999282,0.05852842703461647,0.5249999761581421,0.8445000052452087
YOR351C,YNL230C,0,-2.999338,0.058521904051303864,0.5249999761581421,0.8446000218391418
YHR067W,YML049C,0,-2.999429,0.05851538106799126,0.5249999761581421,0.8446999788284302
YIL095W,YJR135C,0,-2.999933,0.05850885808467865,0.5249999761581421,0.8447999954223633
YCL024W,YCR024C,0,-3.000413,0.05850233882665634,0.5249999761581421,0.8449000120162964
YML124C,YHR146W,0,-3.0007489,0.05849582329392433,0.5249999761581421,0.8450000286102295
YGR057C,YAR033W,0,-3.0008483,0.05848930403590202,0.5249999761581421,0.8450999855995178
YHR006W,YGL112C,0,-3.0012116,0.05848278850317001,0.5249999761581421,0.8452000021934509
YMR180C,YMR009W,0,-3.0015292,0.0584762766957283,0.5249999761581421,0.845300018787384
YDR497C,YBR023C,0,-3.001633,0.05846976116299629,0.5249999761581421,0.8453999757766724
YPL274W,YNL049C,0,-3.0022914,0.05846325308084488,0.5249999761581421,0.8454999923706055
YEL062W,YAL031C,0,-3.0025146,0.05845674127340317,0.5249999761581421,0.8456000089645386
YDL145C,YER139C,0,-3.0025375,0.058450233191251755,0.5249999761581421,0.8457000255584717
YMR264W,YDR427W,1,-3.0025613,0.05855504795908928,0.5260000228881836,0.8457000255584717
YJL025W,YLR201C,0,-3.002634,0.05854853242635727,0.5260000228881836,0.84579998254776
YPL002C,YML092C,1,-3.0041099,0.05865330994129181,0.5270000100135803,0.84579998254776
YOR018W,YHR017W,0,-3.0048738,0.058646783232688904,0.5270000100135803,0.8458999991416931
YMR314W,YKL054C,1,-3.0049841,0.058751530945301056,0.527999997138977,0.8458999991416931
YOR157C,YGL227W,1,-3.0052993,0.05885625258088112,0.5289999842643738,0.8458999991416931
YKL021C,YEL021W,0,-3.0053976,0.05884970352053642,0.5289999842643738,0.8460000157356262
YPR108W,YDR400W,1,-3.005853,0.0589543953537941,0.5299999713897705,0.8460000157356262
YCL059C,YPR086W,0,-3.0065176,0.058947835117578506,0.5299999713897705,0.8460999727249146
YPR199C,YKL015W,0,-3.0066662,0.05894128233194351,0.5299999713897705,0.8461999893188477
YMR192W,YHR206W,0,-3.0068662,0.05893472582101822,0.5299999713897705,0.8463000059127808
YBR176W,YMR072W,0,-3.0071104,0.058928173035383224,0.5299999713897705,0.8464000225067139
YKR020W,YPR200C,0,-3.0072486,0.05892162397503853,0.5299999713897705,0.8464999794960022
YML031W,YMR078C,0,-3.0075548,0.05891507491469383,0.5299999713897705,0.8465999960899353
YOR061W,YGR217W,0,-3.007612,0.058908525854349136,0.5299999713897705,0.8467000126838684
YJL166W,YGL198W,0,-3.0076377,0.05890197679400444,0.5299999713897705,0.8468000292778015
YDR511W,YAL043C,0,-3.008374,0.05889543145895004,0.5299999713897705,0.8468999862670898
YER013W,YDL235C,0,-3.0084248,0.058888889849185944,0.5299999713897705,0.847000002861023
YJR097W,YKL173W,0,-3.008766,0.058882348239421844,0.5299999713897705,0.847100019454956
YDL091C,YIL147C,0,-3.0088782,0.058875806629657745,0.5299999713897705,0.8471999764442444
YOR212W,YCR063W,0,-3.0093548,0.058869265019893646,0.5299999713897705,0.8472999930381775
YGL253W,YHL011C,0,-3.0093713,0.058862727135419846,0.5299999713897705,0.8474000096321106
YMR284W,YNL243W,0,-3.0094883,0.058856189250946045,0.5299999713897705,0.8475000262260437
YOR278W,YJL196C,0,-3.0096576,0.05884965509176254,0.5299999713897705,0.847599983215332
YEL031W,YBL085W,0,-3.0097268,0.05884312093257904,0.5299999713897705,0.8476999998092651
YJL073W,YDR069C,1,-3.0098314,0.0589476004242897,0.531000018119812,0.8476999998092651
YDR279W,YPL011C,0,-3.0099216,0.058941058814525604,0.531000018119812,0.8478000164031982
YLR207W,YJR102C,1,-3.0101907,0.05904550477862358,0.5320000052452087,0.8478000164031982
YLR285W,YJL127C,0,-3.0105927,0.059038951992988586,0.5320000052452087,0.8478999733924866
YMR233W,YPL028W,0,-3.0115921,0.05903240293264389,0.5320000052452087,0.8479999899864197
YNL261W,YOL071W,0,-3.0116475,0.059025850147008896,0.5320000052452087,0.8481000065803528
YER173W,YOL028C,0,-3.012144,0.0590193048119545,0.5320000052452087,0.8482000231742859
YLR207W,YJR131W,1,-3.0121977,0.0591236837208271,0.5329999923706055,0.8482000231742859
YER161C,YLR395C,0,-3.012213,0.05911712348461151,0.5329999923706055,0.8482999801635742
YGR123C,YLR292C,0,-3.0122607,0.05911057069897652,0.5329999923706055,0.8483999967575073
YKR007W,YBL020W,0,-3.0135,0.059104014188051224,0.5329999923706055,0.8485000133514404
YLR127C,YFL025C,1,-3.0137374,0.05920833721756935,0.5339999794960022,0.8485000133514404
YBR276C,YER139C,0,-3.0140703,0.05920177325606346,0.5339999794960022,0.8485999703407288
YJL054W,YLR086W,0,-3.0150673,0.05919521301984787,0.5339999794960022,0.8486999869346619
YDR530C,YMR286W,0,-3.0167577,0.05918864905834198,0.5339999794960022,0.848800003528595
YKL089W,YER149C,0,-3.0175169,0.05918208882212639,0.5339999794960022,0.8489000201225281
YAL016W,YIL135C,0,-3.0189812,0.059175532311201096,0.5339999794960022,0.8489999771118164
YIL095W,YMR192W,0,-3.0190794,0.0591689758002758,0.5339999794960022,0.8490999937057495
YMR296C,YJR139C,0,-3.019293,0.05916241928935051,0.5339999794960022,0.8492000102996826
YBL057C,YDR427W,1,-3.0193284,0.05926664546132088,0.5350000262260437,0.8492000102996826
YJL089W,YNL242W,0,-3.0194957,0.05926008149981499,0.5350000262260437,0.8493000268936157
YDL175C,YNR027W,0,-3.019635,0.0592535175383091,0.5350000262260437,0.849399983882904
YOR037W,YER123W,0,-3.019937,0.05924695357680321,0.5350000262260437,0.8495000004768372
YCR065W,YLR078C,0,-3.019985,0.059240393340587616,0.5350000262260437,0.8496000170707703
YLR389C,YJL112W,0,-3.0200703,0.05923383682966232,0.5350000262260437,0.8496999740600586
YBR192W,YNL261W,0,-3.0206578,0.05922727659344673,0.5350000262260437,0.8497999906539917
YBL092W,YGL148W,0,-3.020878,0.05922072008252144,0.5350000262260437,0.8499000072479248
YKL180W,YCL050C,0,-3.0208828,0.059214167296886444,0.5350000262260437,0.8500000238418579
YPL105C,YDL164C,0,-3.0210106,0.05920761451125145,0.5350000262260437,0.8500999808311462
YPR134W,YKR054C,0,-3.0213645,0.059201061725616455,0.5350000262260437,0.8501999974250793
YMR296C,YMR285C,0,-3.0214522,0.05919451266527176,0.5350000262260437,0.8503000140190125
YJL034W,YDR400W,1,-3.0217717,0.059298593550920486,0.5360000133514404,0.8503000140190125
YEL037C,YJR131W,1,-3.021949,0.05940265581011772,0.5370000004768372,0.8503000140190125
YBL026W,YER063W,0,-3.0224533,0.059396084398031235,0.5370000004768372,0.8503999710083008
YJR025C,YEL038W,0,-3.022502,0.059389516711235046,0.5370000004768372,0.8504999876022339
YER050C,YPR034W,0,-3.02264,0.05938294902443886,0.5370000004768372,0.850600004196167
YOR159C,YML051W,0,-3.0226681,0.05937638133764267,0.5370000004768372,0.8507000207901001
YKL168C,YBR119W,0,-3.022883,0.05936981737613678,0.5370000004768372,0.8507999777793884
YCL031C,YJL196C,0,-3.023033,0.05936325341463089,0.5370000004768372,0.8508999943733215
YLR209C,YGR037C,0,-3.0230386,0.0593566931784153,0.5370000004768372,0.8510000109672546
YKR068C,YMR016C,0,-3.0235045,0.05935013294219971,0.5370000004768372,0.8511000275611877
YNL077W,YML101C,0,-3.0245464,0.059343572705984116,0.5370000004768372,0.8511999845504761
YKR088C,YMR008C,0,-3.024697,0.05933701619505882,0.5370000004768372,0.8513000011444092
YDL006W,YMR056C,0,-3.0252948,0.05933045968413353,0.5370000004768372,0.8514000177383423
YCL017C,YLR209C,0,-3.0253544,0.059323906898498535,0.5370000004768372,0.8514999747276306
YMR089C,YGR169C,0,-3.0256195,0.05931735411286354,0.5370000004768372,0.8515999913215637
YGL051W,YBL090W,0,-3.0257218,0.059310801327228546,0.5370000004768372,0.8517000079154968
YDL127W,YDR130C,0,-3.0257545,0.05930425226688385,0.5370000004768372,0.8518000245094299
YDR148C,YBR218C,0,-3.0263638,0.059297703206539154,0.5370000004768372,0.8518999814987183
YDL108W,YGL226W,0,-3.0265172,0.059291157871484756,0.5370000004768372,0.8519999980926514
YOR247W,YHR047C,0,-3.026624,0.05928460881114006,0.5370000004768372,0.8521000146865845
YDR323C,YDL087C,0,-3.026785,0.05927806720137596,0.5370000004768372,0.8521999716758728
YLR451W,YPL085W,0,-3.0268786,0.059271521866321564,0.5370000004768372,0.8522999882698059
YDL043C,YNR048W,0,-3.0271962,0.059264980256557465,0.5370000004768372,0.852400004863739
YEL017C-A,YDL140C,0,-3.0272162,0.059258442372083664,0.5370000004768372,0.8525000214576721
YML129C,YKR038C,0,-3.0273554,0.05925190448760986,0.5370000004768372,0.8525999784469604
YPL224C,YBR185C,0,-3.028073,0.05924536660313606,0.5370000004768372,0.8526999950408936
YLR037C,YOL055C,0,-3.028546,0.05923883244395256,0.5370000004768372,0.8528000116348267
YNL233W,YGL005C,0,-3.0292144,0.05923229828476906,0.5370000004768372,0.8529000282287598
YML101C,YOR126C,0,-3.029404,0.059225764125585556,0.5370000004768372,0.8529999852180481
YGL203C,YER015W,0,-3.0295012,0.05921923369169235,0.5370000004768372,0.8531000018119812
YPR108W,YMR077C,1,-3.0298312,0.05932296812534332,0.5379999876022339,0.8531000018119812
YOL145C,YLR259C,0,-3.030112,0.059316426515579224,0.5379999876022339,0.8532000184059143
YKR085C,YPR133W-A,0,-3.030343,0.05930988863110542,0.5379999876022339,0.8532999753952026
YJL095W,YNR047W,0,-3.0303445,0.05930335074663162,0.5379999876022339,0.8533999919891357
YMR211W,YIL128W,0,-3.0305161,0.05929681658744812,0.5379999876022339,0.8535000085830688
YGL168W,YEL031W,0,-3.0311916,0.05929027870297432,0.5379999876022339,0.853600025177002
YLL006W,YPL010W,0,-3.0314379,0.059283748269081116,0.5379999876022339,0.8536999821662903
YIL039W,YDL065C,0,-3.0319953,0.059277214109897614,0.5379999876022339,0.8537999987602234
YPL059W,YML120C,0,-3.0320556,0.05927068367600441,0.5379999876022339,0.8539000153541565
YDR378C,YNL166C,0,-3.0327468,0.059264153242111206,0.5379999876022339,0.8539999723434448
YIR025W,YKL206C,1,-3.0329301,0.059367772191762924,0.5389999747276306,0.8539999723434448
YHR205W,YCR052W,0,-3.0331228,0.059361234307289124,0.5389999747276306,0.8540999889373779
YOL133W,YJR102C,1,-3.0331345,0.05946481600403786,0.5400000214576721,0.8540999889373779
YLR182W,YBR023C,0,-3.0334265,0.05945827066898346,0.5400000214576721,0.854200005531311
YKL195W,YPR120C,0,-3.0338795,0.05945172160863876,0.5400000214576721,0.8543000221252441
YML112W,YMR048W,0,-3.0344648,0.059445179998874664,0.5400000214576721,0.8543999791145325
YBR094W,YAL019W,0,-3.0350626,0.05943863466382027,0.5400000214576721,0.8544999957084656
YBR010W,YDR172W,0,-3.0353725,0.05943209305405617,0.5400000214576721,0.8546000123023987
YOL138C,YLR404W,0,-3.0355203,0.05942555144429207,0.5400000214576721,0.8547000288963318
YBR015C,YDR310C,0,-3.0355718,0.05941901355981827,0.5400000214576721,0.8547999858856201
YGL246C,YGR072W,0,-3.036146,0.05941247567534447,0.5400000214576721,0.8549000024795532
YDL015C,YOL121C,0,-3.0366127,0.059405941516160965,0.5400000214576721,0.8550000190734863
YGL060W,YLR181C,0,-3.03676,0.05939940735697746,0.5400000214576721,0.8550999760627747
YLR127C,YML088W,1,-3.0378268,0.05950285866856575,0.5410000085830688,0.8550999760627747
YFR034C,YDR389W,0,-3.0379386,0.05949631705880165,0.5410000085830688,0.8551999926567078
YLR390W,YMR163C,0,-3.0386057,0.05948977172374725,0.5410000085830688,0.8553000092506409
YBL056W,YHR060W,0,-3.039284,0.05948323383927345,0.5410000085830688,0.855400025844574
YJR005W,YDR039C,0,-3.0402067,0.059476692229509354,0.5410000085830688,0.8554999828338623
YML074C,YIL020C,0,-3.0403993,0.05947015434503555,0.5410000085830688,0.8555999994277954
YOR176W,YGR085C,0,-3.040621,0.05946362018585205,0.5410000085830688,0.8557000160217285
YCR052W,YGR029W,0,-3.0406654,0.05945708230137825,0.5410000085830688,0.8557999730110168
YPL161C,YDR359C,0,-3.0410345,0.05945054814219475,0.5410000085830688,0.85589998960495
YIR011C,YNL311C,1,-3.0413115,0.05955389514565468,0.5419999957084656,0.85589998960495
YKR008W,YGR020C,0,-3.0413358,0.05954735353589058,0.5419999957084656,0.8560000061988831
YML023C,YDR350C,0,-3.0414002,0.05954081192612648,0.5419999957084656,0.8561000227928162
YHR105W,YMR117C,0,-3.0414007,0.05953427031636238,0.5419999957084656,0.8561999797821045
YKR035W-A,YGR244C,0,-3.0424526,0.05952773243188858,0.5419999957084656,0.8562999963760376
YDR254W,YBL021C,0,-3.0442793,0.05952119454741478,0.5419999957084656,0.8564000129699707
YDR375C,YMR235C,0,-3.0443578,0.05951466038823128,0.5419999957084656,0.8565000295639038
YJL062W,YDL200C,0,-3.0444267,0.059508126229047775,0.5419999957084656,0.8565999865531921
YBL026W,YDR047W,0,-3.0445879,0.05950159206986427,0.5419999957084656,0.8567000031471252
YGL192W,YHR153C,0,-3.044663,0.05949506163597107,0.5419999957084656,0.8568000197410583
YNL232W,YIL094C,0,-3.0447195,0.059488531202077866,0.5419999957084656,0.8568999767303467
YJL073W,YOR261C,1,-3.0449371,0.05959174782037735,0.5429999828338623,0.8568999767303467
YIL140W,YPL007C,0,-3.0450723,0.05958520621061325,0.5429999828338623,0.8569999933242798
YMR098C,YHR061C,0,-3.0455053,0.05957866832613945,0.5429999828338623,0.8571000099182129
YDR076W,YBR131W,0,-3.045678,0.05957213416695595,0.5429999828338623,0.857200026512146
YGL090W,YMR163C,0,-3.04626,0.059565600007772446,0.5429999828338623,0.8572999835014343
YLR447C,YDL113C,0,-3.0465465,0.059559065848588943,0.5429999828338623,0.8574000000953674
YLR207W,YBL041W,1,-3.0465615,0.05966220796108246,0.5440000295639038,0.8574000000953674
YLL009C,YCL055W,0,-3.0467618,0.05965566262602806,0.5440000295639038,0.8575000166893005
YOR037W,YPR005C,0,-3.0470011,0.05964912101626396,0.5440000295639038,0.8575999736785889
YDR363W-A,YDR057W,1,-3.047174,0.059752218425273895,0.5450000166893005,0.8575999736785889
YNL091W,YKL130C,0,-3.0474455,0.0597456693649292,0.5450000166893005,0.857699990272522
YHR057C,YPR191W,0,-3.0480244,0.0597391203045845,0.5450000166893005,0.8578000068664551
YMR218C,YLR045C,0,-3.048051,0.059732574969530106,0.5450000166893005,0.8579000234603882
YPL156C,YMR025W,0,-3.0489926,0.05972602590918541,0.5450000166893005,0.8579999804496765
YPL011C,YFR010W,0,-3.0492117,0.05971948429942131,0.5450000166893005,0.8580999970436096
YPL096W,YKL054C,1,-3.049785,0.059822503477334976,0.5460000038146973,0.8580999970436096
YGL168W,YGL190C,0,-3.05027,0.05981595069169998,0.5460000038146973,0.8582000136375427
YMR304W,YPL091W,0,-3.0504768,0.05980939790606499,0.5460000038146973,0.858299970626831
YPL097W,YLR289W,0,-3.0509145,0.05980284884572029,0.5460000038146973,0.8583999872207642
YDR494W,YGR097W,0,-3.0509183,0.059796299785375595,0.5460000038146973,0.8585000038146973
YDR040C,YML031W,0,-3.0519495,0.0597897507250309,0.5460000038146973,0.8586000204086304
YIR011C,YGL004C,1,-3.0520082,0.059892695397138596,0.546999990940094,0.8586000204086304
YLR045C,YLR394W,0,-3.0522554,0.0598861388862133,0.546999990940094,0.8586999773979187
YJR123W,YHR047C,0,-3.0524364,0.05987958237528801,0.546999990940094,0.8587999939918518
YLR017W,YPL178W,0,-3.0540414,0.059873029589653015,0.546999990940094,0.8589000105857849
YJR084W,YFR005C,0,-3.054474,0.05986647680401802,0.546999990940094,0.859000027179718
YLR440C,YGL220W,0,-3.0549567,0.059859924018383026,0.546999990940094,0.8590999841690063
YNL158W,YGR081C,0,-3.0554888,0.05985337495803833,0.546999990940094,0.8592000007629395
YER013W,YKL130C,0,-3.055591,0.059846825897693634,0.546999990940094,0.8593000173568726
YER089C,YBL092W,0,-3.055623,0.059840280562639236,0.546999990940094,0.8593999743461609
YLR207W,YDR328C,1,-3.055676,0.059943120926618576,0.5479999780654907,0.8593999743461609
YNL273W,YGR252W,0,-3.0558715,0.05993656441569328,0.5479999780654907,0.859499990940094
YBR022W,YPL050C,0,-3.055946,0.05993000790476799,0.5479999780654907,0.8596000075340271
YKL210W,YPL178W,0,-3.0561483,0.059923455119132996,0.5479999780654907,0.8597000241279602
YDR503C,YKR037C,0,-3.0562143,0.059916902333498,0.5479999780654907,0.8597999811172485
YGR047C,YAL022C,0,-3.0563312,0.059910353273153305,0.5479999780654907,0.8598999977111816
YIL075C,YDR400W,1,-3.0573587,0.060013119131326675,0.5490000247955322,0.8598999977111816
YER151C,YPL049C,0,-3.057369,0.060006558895111084,0.5490000247955322,0.8600000143051147
YOR155C,YOL071W,0,-3.0579417,0.05999999865889549,0.5490000247955322,0.8600999712944031
YJR134C,YDR362C,0,-3.058004,0.0599934421479702,0.5490000247955322,0.8601999878883362
YPL161C,YJL094C,0,-3.058027,0.059986889362335205,0.5490000247955322,0.8603000044822693
YDR036C,YKL069W,0,-3.0582612,0.05998033285140991,0.5490000247955322,0.8604000210762024
YLR220W,YGR167W,0,-3.0583405,0.059973783791065216,0.5490000247955322,0.8604999780654907
YKL210W,YDL045C,0,-3.0584729,0.05996723100543022,0.5490000247955322,0.8605999946594238
YKL124W,YLR100W,0,-3.058835,0.059960681945085526,0.5490000247955322,0.8607000112533569
YJL087C,YGL236C,0,-3.0589786,0.05995413288474083,0.5490000247955322,0.86080002784729
YOR157C,YCL008C,1,-3.0596635,0.06005677953362465,0.550000011920929,0.86080002784729
YPL156C,YDL046W,0,-3.0598996,0.060050223022699356,0.550000011920929,0.8608999848365784
YMR016C,YJR076C,0,-3.0599606,0.06004366651177406,0.550000011920929,0.8610000014305115
YFR037C,YOR034C,0,-3.0604873,0.06003711372613907,0.550000011920929,0.8611000180244446
YDR483W,YLR266C,0,-3.060768,0.060030560940504074,0.550000011920929,0.8611999750137329
YLR347C,YMR088C,0,-3.0611145,0.06002400815486908,0.550000011920929,0.861299991607666
YOL004W,YML055W,0,-3.0611408,0.060017459094524384,0.550000011920929,0.8614000082015991
YBL023C,YJR060W,0,-3.0625315,0.06001091003417969,0.550000011920929,0.8615000247955322
YDR497C,YKL190W,0,-3.0629132,0.06000436469912529,0.550000011920929,0.8615999817848206
YDL130W-A,YHR161C,0,-3.063073,0.05999781936407089,0.550000011920929,0.8616999983787537
YDR179C,YOR313C,0,-3.063116,0.059991274029016495,0.550000011920929,0.8618000149726868
YPL252C,YIL090W,0,-3.0634053,0.059984732419252396,0.550000011920929,0.8618999719619751
YMR020W,YPL076W,0,-3.0636325,0.059978190809488297,0.550000011920929,0.8619999885559082
YDR362C,YHR099W,0,-3.0636675,0.0599716491997242,0.550000011920929,0.8621000051498413
YMR152W,YLR429W,0,-3.063904,0.0599651113152504,0.550000011920929,0.8622000217437744
YMR298W,YMR053C,0,-3.0639794,0.059958573430776596,0.550000011920929,0.8622999787330627
YDL190C,YMR077C,1,-3.0640836,0.06006104126572609,0.5509999990463257,0.8622999787330627
YMR039C,YEL001C,0,-3.0646803,0.06005449593067169,0.5509999990463257,0.8623999953269958
YJL033W,YAL019W,0,-3.0648239,0.060047950595617294,0.5509999990463257,0.862500011920929
YPL149W,YPL122C,0,-3.0650022,0.060041408985853195,0.5509999990463257,0.8626000285148621
YNL236W,YPL115C,0,-3.0654905,0.060034867376089096,0.5509999990463257,0.8626999855041504
YJR102C,YDR054C,1,-3.0658875,0.06013726815581322,0.5519999861717224,0.8626999855041504
YMR036C,YOR192C,0,-3.0665886,0.06013071909546852,0.5519999861717224,0.8628000020980835
YOR299W,YGR083C,0,-3.0667734,0.060124170035123825,0.5519999861717224,0.8629000186920166
YCL008C,YBR170C,1,-3.0669854,0.06022652983665466,0.5529999732971191,0.8629000186920166
YDL164C,YBL090W,0,-3.0677137,0.06021997332572937,0.5529999732971191,0.8629999756813049
YJL060W,YER061C,0,-3.0682662,0.06021341308951378,0.5529999732971191,0.863099992275238
YKL034W,YPL065W,1,-3.068329,0.060315731912851334,0.5540000200271606,0.863099992275238
YLR206W,YLR357W,0,-3.0685506,0.060309167951345444,0.5540000200271606,0.8632000088691711
YLR024C,YDR164C,0,-3.0697372,0.060302600264549255,0.5540000200271606,0.8633000254631042
YMR019W,YGR221C,0,-3.0698369,0.060296040028333664,0.5540000200271606,0.8633999824523926
YNL008C,YDR260C,1,-3.0700185,0.06039830297231674,0.5550000071525574,0.8633999824523926
YNL118C,YIL033C,0,-3.0706732,0.060391731560230255,0.5550000071525574,0.8634999990463257
YJL013C,YNL219C,0,-3.0709095,0.06038516014814377,0.5550000071525574,0.8636000156402588
YOR057W,YDR129C,0,-3.0717225,0.06037858873605728,0.5550000071525574,0.8636999726295471
YCR039C,YGR223C,0,-3.0720513,0.06037202104926109,0.5550000071525574,0.8637999892234802
YDR057W,YML013W,1,-3.072446,0.0604742206633091,0.5559999942779541,0.8637999892234802
YHR118C,YDL035C,0,-3.0725691,0.06046764552593231,0.5559999942779541,0.8639000058174133
YNL294C,YHR059W,0,-3.0726912,0.06046107038855553,0.5559999942779541,0.8640000224113464
YBR060C,YMR156C,0,-3.0726926,0.06045449525117874,0.5559999942779541,0.8640999794006348
YPL022W,YML129C,0,-3.0728939,0.060447923839092255,0.5559999942779541,0.8641999959945679
YIL033C,YEL001C,0,-3.0730155,0.06044135242700577,0.5559999942779541,0.864300012588501
YOR250C,YNL263C,0,-3.07388,0.06043478101491928,0.5559999942779541,0.8644000291824341
YER100W,YNL311C,1,-3.0742772,0.06053689867258072,0.5569999814033508,0.8644000291824341
YDR050C,YLR153C,0,-3.0747354,0.060530319809913635,0.5569999814033508,0.8644999861717224
YGR208W,YDR381W,0,-3.0748055,0.06052374094724655,0.5569999814033508,0.8646000027656555
YIL147C,YDL115C,0,-3.0748522,0.060517165809869766,0.5569999814033508,0.8647000193595886
YNL079C,YML107C,0,-3.0751383,0.06051059067249298,0.5569999814033508,0.864799976348877
YGR002C,YHR167W,0,-3.0754986,0.060504019260406494,0.5569999814033508,0.8648999929428101
YBR198C,YER017C,0,-3.0757794,0.06049744784832001,0.5569999814033508,0.8650000095367432
YJL083W,YMR149W,0,-3.0763433,0.06049087643623352,0.5569999814033508,0.8651000261306763
YDL007W,YER143W,1,-3.0766394,0.0605928972363472,0.5580000281333923,0.8651000261306763
YGR010W,YDR195W,0,-3.0771706,0.060586318373680115,0.5580000281333923,0.8651999831199646
YJR101W,YJL003W,0,-3.0774317,0.06057974323630333,0.5580000281333923,0.8652999997138977
YDR173C,YNL133C,0,-3.0776227,0.060573164373636246,0.5580000281333923,0.8654000163078308
YDL097C,YDL008W,1,-3.077697,0.060675133019685745,0.5590000152587891,0.8654000163078308
YOR046C,YER155C,0,-3.078037,0.060668546706438065,0.5590000152587891,0.8654999732971191
YMR013C,YPR168W,0,-3.0780847,0.06066196411848068,0.5590000152587891,0.8655999898910522
YOR266W,YOR301W,0,-3.0783112,0.0606553815305233,0.5590000152587891,0.8657000064849854
YGR245C,YDR441C,0,-3.078459,0.060648802667856216,0.5590000152587891,0.8658000230789185
YPL101W,YNL056W,0,-3.0787272,0.060642220079898834,0.5590000152587891,0.8658999800682068
YLR102C,YDR260C,1,-3.0788243,0.060744114220142365,0.5600000023841858,0.8658999800682068
YFL017W-A,YMR070W,0,-3.079416,0.060737527906894684,0.5600000023841858,0.8659999966621399
YLR055C,YCL024W,0,-3.0795512,0.060730941593647,0.5600000023841858,0.866100013256073
YOR060C,YIL042C,0,-3.0800202,0.06072435528039932,0.5600000023841858,0.8661999702453613
YOL030W,YLL024C,0,-3.080145,0.06071776896715164,0.5600000023841858,0.8662999868392944
YDR140W,YOR123C,0,-3.080601,0.06071118637919426,0.5600000023841858,0.8664000034332275
YNL077W,YML006C,0,-3.0807817,0.060704607516527176,0.5600000023841858,0.8665000200271606
YKL041W,YLR208W,1,-3.0809367,0.06080641597509384,0.5609999895095825,0.8665000200271606
YPR182W,YLR425W,0,-3.0823934,0.06079982593655586,0.5609999895095825,0.866599977016449
YMR276W,YKL054C,1,-3.0832777,0.06090160459280014,0.5619999766349792,0.866599977016449
YDL045C,YAL026C,0,-3.083309,0.060895003378391266,0.5619999766349792,0.8666999936103821
YDR289C,YOR260W,0,-3.0834544,0.06088840588927269,0.5619999766349792,0.8668000102043152
YGR099W,YMR287C,0,-3.0836048,0.06088181212544441,0.5619999766349792,0.8669000267982483
YOR334W,YML034W,0,-3.0836973,0.060875218361616135,0.5619999766349792,0.8669999837875366
YOR226C,YDL115C,0,-3.0838435,0.06086862459778786,0.5619999766349792,0.8671000003814697
YJL019W,YGL093W,0,-3.083937,0.06086203083395958,0.5619999766349792,0.8672000169754028
YKL119C,YFL044C,0,-3.0842505,0.0608554407954216,0.5619999766349792,0.8672999739646912
YGL227W,YDR260C,1,-3.084408,0.06095712259411812,0.5630000233650208,0.8672999739646912
YCL014W,YMR163C,0,-3.0846639,0.06095052510499954,0.5630000233650208,0.8673999905586243
YHR204W,YIL075C,1,-3.0847275,0.06105217710137367,0.5640000104904175,0.8673999905586243
YKL074C,YJL087C,0,-3.0848079,0.0610455684363842,0.5640000104904175,0.8675000071525574
YPL105C,YDL033C,0,-3.0849154,0.06103895977139473,0.5640000104904175,0.8676000237464905
YDR393W,YJR057W,0,-3.085117,0.06103235483169556,0.5640000104904175,0.8676999807357788
YLR102C,YOR157C,1,-3.0857909,0.06113395467400551,0.5649999976158142,0.8676999807357788
YBR112C,YKL190W,0,-3.086169,0.06112733855843544,0.5649999976158142,0.8677999973297119
YKR030W,YOL065C,0,-3.0871327,0.06112072616815567,0.5649999976158142,0.867900013923645
YDL190C,YDR057W,1,-3.0872028,0.06122228130698204,0.5659999847412109,0.867900013923645
YOR358W,YDL107W,0,-3.0873828,0.061215661466121674,0.5659999847412109,0.8679999709129333
YER012W,YLR417W,1,-3.089492,0.06131718307733536,0.5669999718666077,0.8679999709129333
YOR299W,YJR051W,0,-3.0896585,0.061310552060604095,0.5669999718666077,0.8680999875068665
YML023C,YDR466W,0,-3.0898938,0.06130392476916313,0.5669999718666077,0.8682000041007996
YLL033W,YGL237C,0,-3.090575,0.06129729747772217,0.5669999718666077,0.8683000206947327
YNR010W,YKL006C-A,0,-3.0914338,0.061290670186281204,0.5669999718666077,0.868399977684021
YGR241C,YOR020C,0,-3.0914683,0.06128404662013054,0.5669999718666077,0.8684999942779541
YBR173C,YDR054C,1,-3.0920014,0.06138549745082855,0.5680000185966492,0.8684999942779541
YLR025W,YDR330W,1,-3.0924735,0.061486925929784775,0.5690000057220459,0.8684999942779541
YNR053C,YPR169W,0,-3.0929515,0.06148028001189232,0.5690000057220459,0.8686000108718872
YOL095C,YOL100W,0,-3.0929844,0.06147363781929016,0.5690000057220459,0.8687000274658203
YJR076C,YIL109C,0,-3.0930302,0.0614669993519783,0.5690000057220459,0.8687999844551086
YLR163C,YJR104C,0,-3.093463,0.061460357159376144,0.5690000057220459,0.8689000010490417
YNL221C,YOR168W,0,-3.093777,0.061453722417354584,0.5690000057220459,0.8690000176429749
YOR217W,YHR039C-A,0,-3.0943596,0.061447083950042725,0.5690000057220459,0.8690999746322632
YLR090W,YDR468C,0,-3.0953672,0.061440449208021164,0.5690000057220459,0.8691999912261963
YJR075W,YOR048C,0,-3.0954473,0.0614338144659996,0.5690000057220459,0.8693000078201294
YLR127C,YOR259C,1,-3.095976,0.06153513863682747,0.5699999928474426,0.8693000078201294
YPL001W,YKL114C,0,-3.0960748,0.06152849644422531,0.5699999928474426,0.8694000244140625
YBL021C,YDR486C,0,-3.0961344,0.06152185797691345,0.5699999928474426,0.8694999814033508
YGR024C,YIL156W,0,-3.0966895,0.061515215784311295,0.5699999928474426,0.8695999979972839
YKL206C,YER143W,1,-3.098032,0.06161648780107498,0.5709999799728394,0.8695999979972839
YGL167C,YOL010W,0,-3.098141,0.061609841883182526,0.5709999799728394,0.869700014591217
YGR014W,YOR217W,0,-3.0984147,0.06160319223999977,0.5709999799728394,0.8697999715805054
YLR363C,YLR234W,0,-3.0990736,0.061596546322107315,0.5709999799728394,0.8698999881744385
YOL139C,YBL030C,0,-3.099591,0.06158990412950516,0.5709999799728394,0.8700000047683716
YDR473C,YGL087C,0,-3.0996947,0.061583261936903,0.5709999799728394,0.8701000213623047
YMR098C,YGR095C,0,-3.1001232,0.06157661974430084,0.5709999799728394,0.870199978351593
YOR279C,YJR006W,0,-3.100403,0.06156998127698898,0.5709999799728394,0.8702999949455261
YLR390W,YOR057W,0,-3.1004162,0.061563342809677124,0.5709999799728394,0.8704000115394592
YPR043W,YDR377W,0,-3.1010797,0.061556704342365265,0.5709999799728394,0.8705000281333923
YMR314W,YLR417W,1,-3.1012952,0.06165786460042,0.5720000267028809,0.8705000281333923
YLR207W,YDL097C,1,-3.1017635,0.06175899878144264,0.5730000138282776,0.8705000281333923
YFR047C,YLR188W,0,-3.102146,0.06175234541296959,0.5730000138282776,0.8705999851226807
YGL233W,YDR116C,0,-3.10283,0.06174568831920624,0.5730000138282776,0.8707000017166138
YNR045W,YNR013C,0,-3.102865,0.061739034950733185,0.5730000138282776,0.8708000183105469
YMR207C,YMR301C,0,-3.1035836,0.06173238530755043,0.5730000138282776,0.8708999752998352
YOL145C,YLR007W,0,-3.104153,0.061725735664367676,0.5730000138282776,0.8709999918937683
YPR166C,YPL208W,0,-3.1046164,0.06171908602118492,0.5730000138282776,0.8711000084877014
YHR132C,YHR201C,0,-3.1050332,0.061712440103292465,0.5730000138282776,0.8712000250816345
YOR176W,YOR034C,0,-3.105053,0.06170579418540001,0.5730000138282776,0.8712999820709229
YOL129W,YER017C,0,-3.1054337,0.06169914826750755,0.5730000138282776,0.871399998664856
YHR037W,YNL284C,0,-3.1058528,0.061692506074905396,0.5730000138282776,0.8715000152587891
YJR117W,YBR119W,0,-3.1059115,0.06168586388230324,0.5730000138282776,0.8715999722480774
YML124C,YDR388W,0,-3.1062076,0.06167922541499138,0.5730000138282776,0.8716999888420105
YML127W,YFR013W,0,-3.106711,0.06167258694767952,0.5730000138282776,0.8718000054359436
YGL070C,YDL148C,0,-3.1070046,0.06166594848036766,0.5730000138282776,0.8719000220298767
YKL059C,YNL192W,0,-3.107324,0.0616593137383461,0.5730000138282776,0.871999979019165
YJR005W,YCL063W,0,-3.107362,0.06165267899632454,0.5730000138282776,0.8720999956130981
YDR096W,YLR006C,0,-3.1075876,0.06164604797959328,0.5730000138282776,0.8722000122070312
YDR032C,YHR012W,0,-3.1083813,0.061639413237571716,0.5730000138282776,0.8723000288009644
YML120C,YHR082C,0,-3.1084197,0.06163278594613075,0.5730000138282776,0.8723999857902527
YOR127W,YDR088C,0,-3.1090968,0.06162615492939949,0.5730000138282776,0.8725000023841858
YDR031W,YDL141W,0,-3.1091177,0.06161952763795853,0.5730000138282776,0.8726000189781189
YJL081C,YGL236C,0,-3.109145,0.06161290407180786,0.5730000138282776,0.8726999759674072
YNR008W,YIL150C,0,-3.1102037,0.061606280505657196,0.5730000138282776,0.8727999925613403
YNL161W,YNL284C,0,-3.1106403,0.06159965693950653,0.5730000138282776,0.8729000091552734
YOR085W,YNL076W,0,-3.110811,0.061593033373355865,0.5730000138282776,0.8730000257492065
YKL033W,YMR125W,0,-3.1109798,0.0615864135324955,0.5730000138282776,0.8730999827384949
YPR067W,YDR498C,0,-3.1111777,0.06157979741692543,0.5730000138282776,0.873199999332428
YDL007W,YDR400W,1,-3.1113908,0.061680637300014496,0.5740000009536743,0.873199999332428
YJR013W,YMR275C,0,-3.1116445,0.06167401000857353,0.5740000009536743,0.8733000159263611
YDL209C,YKR077W,0,-3.1116707,0.06166738271713257,0.5740000009536743,0.8733999729156494
YIR011C,YDR400W,1,-3.1116838,0.06176818162202835,0.574999988079071,0.8733999729156494
YLR265C,YDR448W,0,-3.1117268,0.06176154688000679,0.574999988079071,0.8734999895095825
YNR035C,YOR038C,0,-3.1121976,0.06175491213798523,0.574999988079071,0.8736000061035156
YOR070C,YDL035C,0,-3.1124659,0.06174828112125397,0.574999988079071,0.8737000226974487
YDR062W,YGL084C,0,-3.1132863,0.061741650104522705,0.574999988079071,0.8737999796867371
YHR041C,YLR006C,0,-3.1142151,0.06173502281308174,0.574999988079071,0.8738999962806702
YJL186W,YBR196C,0,-3.11491,0.06172839552164078,0.574999988079071,0.8740000128746033
YOR299W,YGR089W,0,-3.1151943,0.061721768230199814,0.574999988079071,0.8741000294685364
YLR371W,YDL175C,0,-3.1154554,0.06171514466404915,0.574999988079071,0.8741999864578247
YDR322W,YPR189W,0,-3.1155975,0.06170852109789848,0.574999988079071,0.8743000030517578
YML115C,YJL128C,0,-3.1160076,0.06170189753174782,0.574999988079071,0.8744000196456909
YMR233W,YPR188C,0,-3.1161914,0.06169527769088745,0.574999988079071,0.8744999766349792
YLR097C,YER143W,1,-3.116402,0.06179594621062279,0.5759999752044678,0.8744999766349792
YIR006C,YDL231C,0,-3.1164098,0.061789315193891525,0.5759999752044678,0.8745999932289124
YDR148C,YOR358W,0,-3.116598,0.06178268790245056,0.5759999752044678,0.8747000098228455
YGL005C,YER087C-B,0,-3.1175697,0.0617760606110096,0.5759999752044678,0.8748000264167786
YIR018W,YKL195W,0,-3.1179233,0.06176943704485893,0.5759999752044678,0.8748999834060669
YPR173C,YDL047W,0,-3.1180093,0.06176281347870827,0.5759999752044678,0.875
YDR381W,YGR124W,0,-3.1181176,0.0617561899125576,0.5759999752044678,0.8751000165939331
YIL088C,YBR095C,0,-3.1183777,0.061749570071697235,0.5759999752044678,0.8751999735832214
YFL037W,YGL120C,0,-3.1185725,0.06174295023083687,0.5759999752044678,0.8752999901771545
YLR105C,YHR149C,0,-3.1188657,0.0617363341152668,0.5759999752044678,0.8754000067710876
YBL007C,YOR147W,0,-3.1200755,0.06172971799969673,0.5759999752044678,0.8755000233650208
YLR011W,YJL178C,0,-3.1201723,0.06172310188412666,0.5759999752044678,0.8755999803543091
YOR110W,YGL084C,0,-3.1203158,0.06171648949384689,0.5759999752044678,0.8756999969482422
YPL002C,YDR330W,1,-3.1206932,0.06181701272726059,0.5770000219345093,0.8756999969482422
YMR313C,YEL030W,0,-3.121153,0.061810389161109924,0.5770000219345093,0.8758000135421753
YLR085C,YPL004C,0,-3.121471,0.06180376932024956,0.5770000219345093,0.8758999705314636
YDR093W,YOR172W,0,-3.122104,0.06179714947938919,0.5770000219345093,0.8759999871253967
YNR010W,YDR082W,0,-3.1225574,0.06179053336381912,0.5770000219345093,0.8761000037193298
YEL031W,YJR013W,0,-3.1228201,0.061783917248249054,0.5770000219345093,0.8762000203132629
YOL026C,YEL006W,0,-3.1228902,0.061777301132678986,0.5770000219345093,0.8762999773025513
YER032W,YBR264C,0,-3.1233299,0.061770688742399216,0.5770000219345093,0.8763999938964844
YLR206W,YGR170W,0,-3.123579,0.061764076352119446,0.5770000219345093,0.8765000104904175
YPL145C,YJR063W,0,-3.123746,0.061757463961839676,0.5770000219345093,0.8766000270843506
YMR004W,YER033C,0,-3.1240942,0.061750855296850204,0.5770000219345093,0.8766999840736389
YDR362C,YLR357W,0,-3.124247,0.06174424663186073,0.5770000219345093,0.876800000667572
YPL186C,YMR201C,0,-3.125365,0.06173764169216156,0.5770000219345093,0.8769000172615051
YBR251W,YGL210W,0,-3.1254323,0.06173103675246239,0.5770000219345093,0.8769999742507935
YOR103C,YOR151C,0,-3.1255343,0.061724431812763214,0.5770000219345093,0.8770999908447266
YNL238W,YLR277C,0,-3.1259317,0.06171783059835434,0.5770000219345093,0.8772000074386597
YPL096W,YBR173C,1,-3.12642,0.06181818246841431,0.578000009059906,0.8772000074386597
YNL258C,YNL070W,0,-3.126423,0.06181157007813454,0.578000009059906,0.8773000240325928
YIL026C,YHR051W,0,-3.1269207,0.061804961413145065,0.578000009059906,0.8773999810218811
YEL058W,YFR013W,0,-3.1277318,0.061798352748155594,0.578000009059906,0.8774999976158142
YGL058W,YLR417W,1,-3.127919,0.06189865246415138,0.5789999961853027,0.8774999976158142
YOR151C,YLR370C,0,-3.1283467,0.061892036348581314,0.5789999961853027,0.8776000142097473
YBR231C,YNL314W,0,-3.128369,0.061885420233011246,0.5789999961853027,0.8776999711990356
YER017C,YLR023C,0,-3.1284108,0.061878807842731476,0.5789999961853027,0.8777999877929688
YDL138W,YOR274W,0,-3.1289604,0.061872195452451706,0.5789999961853027,0.8779000043869019
YPL018W,YIL150C,0,-3.1297257,0.061865583062171936,0.5789999961853027,0.878000020980835
YOL051W,YAL023C,0,-3.1298454,0.061858974397182465,0.5789999961853027,0.8780999779701233
YBR145W,YGR254W,0,-3.1299012,0.06185236573219299,0.5789999961853027,0.8781999945640564
YOL054W,YDR280W,0,-3.1300578,0.06184576079249382,0.5789999961853027,0.8783000111579895
YLR244C,YOR123C,0,-3.1308558,0.06183915585279465,0.5789999961853027,0.8784000277519226
YBR022W,YIL021W,0,-3.1314304,0.061832550913095474,0.5789999961853027,0.8784999847412109
YOR249C,YNL159C,1,-3.1316574,0.061932727694511414,0.5799999833106995,0.8784999847412109
YML051W,YLR395C,0,-3.1318846,0.061926115304231644,0.5799999833106995,0.878600001335144
YPR120C,YKL114C,0,-3.1324341,0.061919502913951874,0.5799999833106995,0.8787000179290771
YHR150W,YOL078W,0,-3.1326659,0.0619128942489624,0.5799999833106995,0.8787999749183655
YDR517W,YKL016C,0,-3.132698,0.06190628558397293,0.5799999833106995,0.8788999915122986
YBL025W,YOR372C,0,-3.1329215,0.06189968064427376,0.5799999833106995,0.8790000081062317
YLR417W,YDR054C,1,-3.13295,0.061999786645174026,0.5809999704360962,0.8790000081062317
YLR097C,YDR427W,1,-3.13322,0.062099870294332504,0.5820000171661377,0.8790000081062317
YML098W,YGL213C,0,-3.1339028,0.06209324672818184,0.5820000171661377,0.8791000247001648
YDR309C,YKL116C,0,-3.1350482,0.062086623162031174,0.5820000171661377,0.8791999816894531
YNL056W,YER027C,0,-3.1353981,0.06207999959588051,0.5820000171661377,0.8792999982833862
YDL190C,YJR131W,1,-3.1356013,0.062180034816265106,0.5830000042915344,0.8792999982833862
YJL026W,YDL078C,0,-3.135773,0.062173403799533844,0.5830000042915344,0.8794000148773193
YPR019W,YCR037C,0,-3.1362488,0.06216677278280258,0.5830000042915344,0.8794999718666077
YPL127C,YKR055W,0,-3.136292,0.06216014549136162,0.5830000042915344,0.8795999884605408
YNL239W,YMR267W,0,-3.1366618,0.062153518199920654,0.5830000042915344,0.8797000050544739
YKL195W,YHR118C,0,-3.1370013,0.06214689090847969,0.5830000042915344,0.879800021648407
YJR151C,YKL110C,0,-3.137406,0.062140267342329025,0.5830000042915344,0.8798999786376953
YCR035C,YDR395W,0,-3.13754,0.06213364750146866,0.5830000042915344,0.8799999952316284
YLR417W,YLR025W,1,-3.137925,0.062233589589595795,0.5839999914169312,0.8799999952316284
YKL041W,YJR131W,1,-3.1380992,0.06233350932598114,0.5849999785423279,0.8799999952316284
YIL075C,YDR260C,1,-3.1382136,0.06243341043591499,0.5860000252723694,0.8799999952316284
YJL179W,YHL011C,0,-3.1385305,0.06242676079273224,0.5860000252723694,0.8801000118255615
YKL017C,YAR033W,0,-3.1386802,0.062420111149549484,0.5860000252723694,0.8802000284194946
YKL130C,YLR316C,0,-3.1387045,0.06241346150636673,0.5860000252723694,0.880299985408783
YHR069C,YCR035C,0,-3.139008,0.062406815588474274,0.5860000252723694,0.8804000020027161
YJL073W,YMR022W,1,-3.1394293,0.06250665336847305,0.5870000123977661,0.8804000020027161
YDR439W,YKL087C,0,-3.1395526,0.0625,0.5870000123977661,0.8805000185966492
YOL138C,YER161C,0,-3.1400473,0.06249334663152695,0.5870000123977661,0.8805999755859375
YHR119W,YJR013W,0,-3.1402626,0.062486693263053894,0.5870000123977661,0.8806999921798706
YJL003W,YML011C,0,-3.1403403,0.06248004361987114,0.5870000123977661,0.8808000087738037
YBR273C,YDR427W,1,-3.1405036,0.06257981806993484,0.5879999995231628,0.8808000087738037
YOL151W,YKL126W,0,-3.1405728,0.06257316470146179,0.5879999995231628,0.8809000253677368
YER173W,YMR218C,0,-3.1406195,0.06256650388240814,0.5879999995231628,0.8809999823570251
YNL123W,YER031C,0,-3.1406853,0.06255985051393509,0.5879999995231628,0.8810999989509583
YPL169C,YHR081W,0,-3.1411898,0.06255318969488144,0.5879999995231628,0.8812000155448914
YLR285W,YGL092W,0,-3.1412323,0.06254653632640839,0.5879999995231628,0.8812999725341797
YOR181W,YIL147C,0,-3.1413887,0.06253988295793533,0.5879999995231628,0.8813999891281128
YNL214W,YDL139C,0,-3.1414108,0.06253323704004288,0.5879999995231628,0.8815000057220459
YLR207W,YKL041W,1,-3.1420434,0.06263292580842972,0.5889999866485596,0.8815000057220459
YLR078C,YJL012C,0,-3.1432812,0.06262626498937607,0.5889999866485596,0.881600022315979
YJL176C,YBR274W,0,-3.1442273,0.06261960417032242,0.5889999866485596,0.8816999793052673
YDL164C,YNR013C,0,-3.1445124,0.06261295080184937,0.5889999866485596,0.8817999958992004
YDL007W,YJR102C,1,-3.1447864,0.06271258741617203,0.5899999737739563,0.8817999958992004
YDL007W,YJL048C,1,-3.1454384,0.0628122016787529,0.5910000205039978,0.8817999958992004
YHR186C,YDR110W,0,-3.1465676,0.06280552595853806,0.5910000205039978,0.8819000124931335
YOR249C,YBL057C,1,-3.1469274,0.06290511041879654,0.5920000076293945,0.8819000124931335
YDR118W,YMR022W,1,-3.1475155,0.06300467252731323,0.5929999947547913,0.8819000124931335
YER013W,YGL213C,0,-3.1482522,0.0629979819059372,0.5929999947547913,0.8820000290870667
YHR190W,YKL085W,0,-3.1483495,0.06299129128456116,0.5929999947547913,0.882099986076355
YHL003C,YML077W,0,-3.1485,0.06298460066318512,0.5929999947547913,0.8822000026702881
YDL015C,YLR246W,0,-3.1493824,0.06297791004180908,0.5929999947547913,0.8823000192642212
YIR011C,YDR363W-A,1,-3.149584,0.063077412545681,0.593999981880188,0.8823000192642212
YIL043C,YPL131W,0,-3.1509042,0.06307071447372437,0.593999981880188,0.8823999762535095
YAL041W,YJR151C,0,-3.1514146,0.06306401640176773,0.593999981880188,0.8824999928474426
YLL006W,YJR065C,0,-3.1521728,0.0630573257803917,0.593999981880188,0.8826000094413757
YPL210C,YML067C,0,-3.1523912,0.06305063515901566,0.593999981880188,0.8827000260353088
YMR183C,YOL059W,0,-3.1525753,0.06304393708705902,0.593999981880188,0.8827999830245972
YOR233W,YOL045W,0,-3.1526134,0.06303724646568298,0.593999981880188,0.8828999996185303
YPR118W,YJR117W,0,-3.1528351,0.06303056329488754,0.593999981880188,0.8830000162124634
YOR259C,YDR330W,1,-3.1538434,0.0631299763917923,0.5950000286102295,0.8830000162124634
YDR040C,YKL028W,0,-3.1543348,0.06312327831983566,0.5950000286102295,0.8830999732017517
YLR127C,YDR054C,1,-3.1549394,0.06322266161441803,0.5960000157356262,0.8830999732017517
YCL014W,YKL174C,0,-3.155575,0.0632159560918808,0.5960000157356262,0.8831999897956848
YKL191W,YPL146C,0,-3.1561828,0.06320925056934357,0.5960000157356262,0.8833000063896179
YPL262W,YNL242W,0,-3.1562755,0.06320254504680634,0.5960000157356262,0.883400022983551
YER171W,YGR145W,0,-3.1564915,0.0631958469748497,0.5960000157356262,0.8834999799728394
YHR164C,YOR126C,0,-3.156581,0.06318914145231247,0.5960000157356262,0.8835999965667725
YLR078C,YER162C,0,-3.1569526,0.06318244338035583,0.5960000157356262,0.8837000131607056
YGR262C,YDR443C,0,-3.1570222,0.0631757453083992,0.5960000157356262,0.8838000297546387
YBR170C,YDL097C,1,-3.1573732,0.0632750391960144,0.597000002861023,0.8838000297546387
YBL023C,YDL235C,0,-3.1578672,0.06326833367347717,0.597000002861023,0.883899986743927
YGR003W,YMR077C,1,-3.1580186,0.06336759775876999,0.5979999899864197,0.883899986743927
YHR133C,YGL049C,0,-3.1583617,0.06336088478565216,0.5979999899864197,0.8840000033378601
YML098W,YLL043W,0,-3.1587708,0.06335417181253433,0.5979999899864197,0.8841000199317932
YKR101W,YDR468C,0,-3.158964,0.0633474588394165,0.5979999899864197,0.8841999769210815
YOR092W,YNR045W,0,-3.159197,0.06334074586629868,0.5979999899864197,0.8842999935150146
YBR149W,YLR170C,0,-3.1600916,0.06333404034376144,0.5979999899864197,0.8844000101089478
YBR145W,YDR304C,0,-3.1603568,0.06332733482122421,0.5979999899864197,0.8845000267028809
YBR095C,YFL038C,0,-3.161359,0.06332062929868698,0.5979999899864197,0.8845999836921692
YDR284C,YBR274W,0,-3.162203,0.06331392377614975,0.5979999899864197,0.8847000002861023
YER139C,YNR013C,0,-3.1631944,0.06330721825361252,0.5979999899864197,0.8848000168800354
YOR057W,YOR308C,0,-3.164112,0.06330052018165588,0.5979999899864197,0.8848999738693237
YOR034C,YOL051W,0,-3.1643054,0.06329382210969925,0.5979999899864197,0.8849999904632568
YKL058W,YBR095C,0,-3.1649039,0.06328712403774261,0.5979999899864197,0.8851000070571899
YOR324C,YPL178W,0,-3.165066,0.06328042596578598,0.5979999899864197,0.885200023651123
YDR013W,YMR026C,0,-3.1655405,0.06327372789382935,0.5979999899864197,0.8852999806404114
YMR080C,YOL018C,0,-3.1665125,0.06326702982187271,0.5979999899864197,0.8853999972343445
YJL112W,YCL024W,0,-3.1667783,0.06326033920049667,0.5979999899864197,0.8855000138282776
YER017C,YOR334W,0,-3.1669354,0.06325364857912064,0.5979999899864197,0.8855999708175659
YFR031C,YGR276C,0,-3.167169,0.0632469579577446,0.5979999899864197,0.885699987411499
YBL055C,YDR448W,0,-3.167262,0.06324026733636856,0.5979999899864197,0.8858000040054321
YPL120W,YEL052W,0,-3.1673157,0.06323358416557312,0.5979999899864197,0.8859000205993652
YKL119C,YDR265W,0,-3.1688726,0.06322690099477768,0.5979999899864197,0.8859999775886536
YKR062W,YKL026C,0,-3.1689231,0.06322021037340164,0.5979999899864197,0.8860999941825867
YGR193C,YLR020C,0,-3.1691282,0.0632135272026062,0.5979999899864197,0.8862000107765198
YOR046C,YHR089C,0,-3.1694384,0.06320685148239136,0.5979999899864197,0.8863000273704529
YGL122C,YML048W,0,-3.1695602,0.06320016831159592,0.5979999899864197,0.8863999843597412
YPL028W,YLR314C,0,-3.1703107,0.06319349259138107,0.5979999899864197,0.8865000009536743
YDL047W,YMR225C,0,-3.1703517,0.06318681687116623,0.5979999899864197,0.8866000175476074
YLL026W,YMR250W,0,-3.1703548,0.06318013370037079,0.5979999899864197,0.8866999745368958
YOR257W,YPL179W,0,-3.1707194,0.06317346543073654,0.5979999899864197,0.8867999911308289
YOL072W,YFR033C,0,-3.1708457,0.0631667897105217,0.5979999899864197,0.886900007724762
YIL030C,YMR077C,1,-3.1709702,0.06326574087142944,0.5989999771118164,0.886900007724762
YIL035C,YKL124W,0,-3.17154,0.063259057700634,0.5989999771118164,0.8870000243186951
YBL007C,YJR143C,0,-3.1717503,0.06325237452983856,0.5989999771118164,0.8870999813079834
YMR041C,YLR289W,0,-3.1720498,0.06324569880962372,0.5989999771118164,0.8871999979019165
YDR145W,YKR083C,0,-3.172415,0.06323902308940887,0.5989999771118164,0.8873000144958496
YDR423C,YDR419W,0,-3.172654,0.06323234736919403,0.5989999771118164,0.8873999714851379
YER012W,YNL172W,1,-3.1730082,0.0633312240242958,0.6000000238418579,0.8873999714851379
YDR150W,YGL129C,0,-3.1732414,0.06332454085350037,0.6000000238418579,0.887499988079071
YML107C,YER013W,0,-3.1738694,0.06331785768270493,0.6000000238418579,0.8876000046730042
YHR168W,YHR057C,0,-3.1741679,0.06331117451190948,0.6000000238418579,0.8877000212669373
YCR075C,YGL087C,0,-3.1743898,0.06330449134111404,0.6000000238418579,0.8877999782562256
YPL096W,YBR273C,1,-3.1746411,0.06340331584215164,0.6010000109672546,0.8877999782562256
YMR065W,YHR079C,0,-3.1747258,0.0633966252207756,0.6010000109672546,0.8878999948501587
YIL046W,YOR261C,1,-3.1749282,0.06349541246891022,0.6019999980926514,0.8878999948501587
YGL144C,YDR518W,0,-3.175382,0.06348871439695358,0.6019999980926514,0.8880000114440918
YLR377C,YNL325C,0,-3.1755624,0.06348202377557755,0.6019999980926514,0.8881000280380249
YOR063W,YIL094C,0,-3.175589,0.06347532570362091,0.6019999980926514,0.8881999850273132
YER008C,YDR122W,0,-3.1762283,0.06346863508224487,0.6019999980926514,0.8883000016212463
YOL056W,YGL222C,0,-3.1763813,0.06346194446086884,0.6019999980926514,0.8884000182151794
YFR041C,YJR089W,0,-3.1765187,0.0634552538394928,0.6019999980926514,0.8884999752044678
YLR450W,YPR100W,0,-3.1772115,0.06344856321811676,0.6019999980926514,0.8885999917984009
YDR064W,YER087C-B,0,-3.177227,0.06344188004732132,0.6019999980926514,0.888700008392334
YIL043C,YDL076C,0,-3.1773088,0.06343519687652588,0.6019999980926514,0.8888000249862671
YKL119C,YPR019W,0,-3.17742,0.06342851370573044,0.6019999980926514,0.8888999819755554
YGL137W,YDR107C,0,-3.1777153,0.063421830534935,0.6019999980926514,0.8889999985694885
YKL009W,YLR344W,0,-3.1785061,0.06341514736413956,0.6019999980926514,0.8891000151634216
YJL198W,YJR132W,0,-3.1788516,0.06340847164392471,0.6019999980926514,0.88919997215271
YOR232W,YBL055C,0,-3.1788557,0.06340178847312927,0.6019999980926514,0.8892999887466431
YPL083C,YGL144C,0,-3.1790779,0.06339511275291443,0.6019999980926514,0.8894000053405762
YBR080C,YJR068W,0,-3.179446,0.06338843703269958,0.6019999980926514,0.8895000219345093
YAL011W,YNL330C,0,-3.1794822,0.06338176131248474,0.6019999980926514,0.8895999789237976
YNL206C,YJR135C,0,-3.1795108,0.0633750930428505,0.6019999980926514,0.8896999955177307
YKL033W,YDR472W,0,-3.1796925,0.06336842477321625,0.6019999980926514,0.8898000121116638
YPR019W,YLL021W,0,-3.179965,0.0633617490530014,0.6019999980926514,0.8899000287055969
YBR086C,YPL203W,0,-3.1805909,0.06335508078336716,0.6019999980926514,0.8899999856948853
YKL028W,YLR115W,0,-3.1806662,0.06334841996431351,0.6019999980926514,0.8901000022888184
YDR069C,YJR102C,1,-3.1811907,0.06344696879386902,0.6029999852180481,0.8901000022888184
YFR005C,YMR149W,0,-3.1812189,0.06344029307365417,0.6029999852180481,0.8902000188827515
YML041C,YKL040C,0,-3.1818707,0.06343361735343933,0.6029999852180481,0.8902999758720398
YKL034W,YML092C,1,-3.1822894,0.06353213638067245,0.6039999723434448,0.8902999758720398
YMR071C,YDL099W,0,-3.18264,0.06352545320987701,0.6039999723434448,0.8903999924659729
YCL052C,YDL008W,1,-3.1828063,0.06362393498420715,0.6050000190734863,0.8903999924659729
YJL125C,YIL005W,0,-3.1842582,0.06361724436283112,0.6050000190734863,0.890500009059906
YML101C,YNL036W,0,-3.184425,0.06361055374145508,0.6050000190734863,0.8906000256538391
YKR052C,YGL053W,0,-3.1846101,0.06360387057065964,0.6050000190734863,0.8906999826431274
YKL059C,YPL091W,0,-3.1847432,0.0635971799492836,0.6050000190734863,0.8907999992370605
YGL119W,YDR405W,0,-3.1848376,0.06359049677848816,0.6050000190734863,0.8909000158309937
YDR034C,YKR077W,0,-3.1854591,0.06358381360769272,0.6050000190734863,0.890999972820282
YDR375C,YKR066C,0,-3.1857212,0.06357713043689728,0.6050000190734863,0.8910999894142151
YEL013W,YBL089W,0,-3.1860607,0.06357045471668243,0.6050000190734863,0.8912000060081482
YDR025W,YMR290C,0,-3.1863008,0.063563771545887,0.6050000190734863,0.8913000226020813
YOR001W,YMR016C,0,-3.1867025,0.06355709582567215,0.6050000190734863,0.8913999795913696
YGL003C,YML036W,0,-3.1870472,0.0635504201054573,0.6050000190734863,0.8914999961853027
YKL039W,YHR079C,0,-3.1870887,0.06354374438524246,0.6050000190734863,0.8916000127792358
YDR301W,YFR041C,0,-3.1877306,0.06353706866502762,0.6050000190734863,0.891700029373169
YBL005W,YJR004C,0,-3.1884053,0.06353040039539337,0.6050000190734863,0.8917999863624573
YML006C,YKL174C,0,-3.1886628,0.06352373212575912,0.6050000190734863,0.8919000029563904
YOL111C,YBR230C,0,-3.1887853,0.06351706385612488,0.6050000190734863,0.8920000195503235
YPR008W,YKL093W,0,-3.1888168,0.06351039558649063,0.6050000190734863,0.8920999765396118
YDR069C,YKL145W,1,-3.188969,0.06360869109630585,0.6060000061988831,0.8920999765396118
YER139C,YJR036C,0,-3.1891196,0.063602015376091,0.6060000061988831,0.8921999931335449
YIL126W,YHL027W,0,-3.189932,0.06359533965587616,0.6060000061988831,0.892300009727478
YIL033C,YPL145C,0,-3.1908133,0.06358866393566132,0.6060000061988831,0.8924000263214111
YGL058W,YML092C,1,-3.1910818,0.06368691474199295,0.6069999933242798,0.8924000263214111
YOL031C,YBR042C,0,-3.1917837,0.06368023157119751,0.6069999933242798,0.8924999833106995
YPR108W,YER143W,1,-3.191798,0.06377845257520676,0.6079999804496765,0.8924999833106995
YOR261C,YDR057W,1,-3.1922472,0.06387665122747421,0.609000027179718,0.8924999833106995
YCR094W,YML095C,0,-3.1923947,0.06386995315551758,0.609000027179718,0.8925999999046326
YKL022C,YDR069C,1,-3.1926568,0.06396812200546265,0.6100000143051147,0.8925999999046326
YMR264W,YIL075C,1,-3.1930187,0.06406626850366592,0.6110000014305115,0.8925999999046326
YLR016C,YJR126C,0,-3.193581,0.0640595480799675,0.6110000014305115,0.8927000164985657
YPR154W,YPL004C,0,-3.194422,0.06405283510684967,0.6110000014305115,0.892799973487854
YPL129W,YKL149C,0,-3.1948745,0.06404612213373184,0.6110000014305115,0.8928999900817871
YPL133C,YDR376W,0,-3.1953533,0.06403940916061401,0.6110000014305115,0.8930000066757202
YLR284C,YLR201C,0,-3.1953604,0.06403269618749619,0.6110000014305115,0.8931000232696533
YJL098W,YGL073W,0,-3.1959534,0.06402599066495895,0.6110000014305115,0.8931999802589417
YHR207C,YER176W,0,-3.1964567,0.06401927769184113,0.6110000014305115,0.8932999968528748
YDL097C,YBL057C,1,-3.197189,0.06411734223365784,0.6119999885559082,0.8932999968528748
YML098W,YGR116W,0,-3.1973925,0.06411062180995941,0.6119999885559082,0.8934000134468079
YCR004C,YEL031W,0,-3.1976726,0.06410390883684158,0.6119999885559082,0.8934999704360962
YER102W,YOR254C,0,-3.1977735,0.06409719586372375,0.6119999885559082,0.8935999870300293
YMR287C,YJR135C,0,-3.1991534,0.06409048289060593,0.6119999885559082,0.8937000036239624
YER115C,YAL031C,0,-3.199404,0.0640837699174881,0.6119999885559082,0.8938000202178955
YML021C,YBR095C,0,-3.199427,0.06407705694437027,0.6119999885559082,0.8938999772071838
YDR118W,YOR259C,1,-3.1997232,0.06417503952980042,0.6129999756813049,0.8938999772071838
YBL069W,YOL136C,0,-3.2001688,0.06416832655668259,0.6129999756813049,0.8939999938011169
YDR494W,YMR019W,0,-3.2005002,0.06416160613298416,0.6129999756813049,0.89410001039505
YOR084W,YLR105C,0,-3.2005537,0.06415489315986633,0.6129999756813049,0.8942000269889832
YNL322C,YDR309C,0,-3.2010362,0.0641481801867485,0.6129999756813049,0.8942999839782715
YKL034W,YFR052W,1,-3.2029784,0.06424610316753387,0.6140000224113464,0.8942999839782715
YMR159C,YLR323C,0,-3.2032173,0.06423938274383545,0.6140000224113464,0.8944000005722046
YJL013C,YBR107C,0,-3.2033017,0.06423266232013702,0.6140000224113464,0.8945000171661377
YDR330W,YGR135W,1,-3.203348,0.06433054059743881,0.6150000095367432,0.8945000171661377
YDL190C,YMR264W,1,-3.203478,0.0644284039735794,0.6159999966621399,0.8945000171661377
YPL096W,YIL075C,1,-3.2039416,0.06452625244855881,0.6169999837875366,0.8945000171661377
YKL022C,YLR097C,1,-3.2041147,0.06462407112121582,0.6179999709129333,0.8945000171661377
YMR184W,YGR253C,1,-3.2045796,0.06472187489271164,0.6190000176429749,0.8945000171661377
YDL074C,YNR037C,0,-3.2046063,0.06471510976552963,0.6190000176429749,0.894599974155426
YGR003W,YPL065W,1,-3.2047236,0.06481287628412247,0.6200000047683716,0.894599974155426
YNL084C,YGR252W,0,-3.2057636,0.06480610370635986,0.6200000047683716,0.8946999907493591
YOR011W,YBL090W,0,-3.205814,0.06479933112859726,0.6200000047683716,0.8948000073432922
YKR090W,YIL004C,0,-3.206609,0.06479255855083466,0.6200000047683716,0.8949000239372253
YPL206C,YHR006W,0,-3.2070558,0.06478578597307205,0.6200000047683716,0.8949999809265137
YNL159C,YHR027C,1,-3.2072375,0.06488350033760071,0.6209999918937683,0.8949999809265137
YLR417W,YML092C,1,-3.2074695,0.06498119235038757,0.621999979019165,0.8949999809265137
YDR243C,YCR028C,0,-3.2077403,0.06497440487146378,0.621999979019165,0.8950999975204468
YKL015W,YKL198C,0,-3.207986,0.06496761739253998,0.621999979019165,0.8952000141143799
YKR090W,YIL048W,0,-3.2082953,0.06496083736419678,0.621999979019165,0.8952999711036682
YOL040C,YNL131W,0,-3.209007,0.06495404988527298,0.621999979019165,0.8953999876976013
YKL124W,YJL155C,0,-3.209751,0.06494726985692978,0.621999979019165,0.8955000042915344
YKL022C,YML013W,1,-3.2098558,0.06504489481449127,0.6230000257492065,0.8955000042915344
YPR120C,YKR089C,0,-3.2099545,0.06503810733556747,0.6230000257492065,0.8956000208854675
YMR312W,YMR235C,0,-3.2104023,0.06503131240606308,0.6230000257492065,0.8956999778747559
YOL151W,YDR166C,0,-3.210521,0.06502452492713928,0.6230000257492065,0.895799994468689
YLR440C,YJL024C,0,-3.2112558,0.06501774489879608,0.6230000257492065,0.8959000110626221
YBR173C,YDR260C,1,-3.212562,0.0651153102517128,0.6240000128746033,0.8959000110626221
YMR098C,YDR105C,0,-3.2126293,0.0651085153222084,0.6240000128746033,0.8960000276565552
YDR412W,YOL066C,0,-3.21269,0.06510172039270401,0.6240000128746033,0.8960999846458435
YDL175C,YPL224C,0,-3.212794,0.06509493291378021,0.6240000128746033,0.8962000012397766
YDL097C,YKL041W,1,-3.2128634,0.06519244611263275,0.625,0.8962000012397766
YBR237W,YIR037W,0,-3.212968,0.06518565118312836,0.625,0.8963000178337097
YDR145W,YHR088W,0,-3.2133188,0.06517884880304337,0.625,0.896399974822998
YLR172C,YLR193C,0,-3.213493,0.06517205387353897,0.625,0.8964999914169312
YJR045C,YBR218C,0,-3.2150035,0.06516525894403458,0.625,0.8966000080108643
YPL161C,YKL040C,0,-3.2150266,0.06515846401453018,0.625,0.8967000246047974
YIL027C,YLR330W,0,-3.2153351,0.06515167653560638,0.625,0.8967999815940857
YIL159W,YML097C,0,-3.2153387,0.06514488160610199,0.625,0.8968999981880188
YGL004C,YDR330W,1,-3.2156122,0.06524231284856796,0.6259999871253967,0.8968999981880188
YNR047W,YAL031C,0,-3.2157989,0.06523551791906357,0.6259999871253967,0.8970000147819519
YLR417W,YDR328C,1,-3.2172077,0.06533291935920715,0.6269999742507935,0.8970000147819519
YHR066W,YBR121C,0,-3.2173307,0.06532610952854156,0.6269999742507935,0.8970999717712402
YLR127C,YDR260C,1,-3.2173693,0.06542348116636276,0.628000020980835,0.8970999717712402
YER044C,YCL018W,0,-3.2175124,0.06541666388511658,0.628000020980835,0.8971999883651733
YFL029C,YKL048C,0,-3.2177017,0.06540985405445099,0.628000020980835,0.8973000049591064
YLR328W,YBL088C,0,-3.2178786,0.0654030442237854,0.628000020980835,0.8974000215530396
YOR026W,YLR260W,0,-3.2182016,0.06539622694253922,0.628000020980835,0.8974999785423279
YHR073W,YJL134W,0,-3.2182703,0.06538942456245422,0.628000020980835,0.897599995136261
YLR367W,YPR016C,0,-3.219476,0.06538261473178864,0.628000020980835,0.8977000117301941
YOR259C,YKL054C,1,-3.2203548,0.06547991186380386,0.6290000081062317,0.8977000117301941
YDR057W,YHR027C,1,-3.2206204,0.0655771866440773,0.6299999952316284,0.8977000117301941
YPL151C,YFL001W,0,-3.2215002,0.06557035446166992,0.6299999952316284,0.8978000283241272
YNL218W,YEL015W,0,-3.2217872,0.06556353718042374,0.6299999952316284,0.8978999853134155
YPR182W,YLR192C,0,-3.2223094,0.06555671244859695,0.6299999952316284,0.8980000019073486
YOL108C,YJL134W,0,-3.2225401,0.06554988771677017,0.6299999952316284,0.8981000185012817
YOL133W,YLR208W,1,-3.2226267,0.06564711034297943,0.6309999823570251,0.8981000185012817
YOR359W,YDL145C,0,-3.2238424,0.06564027816057205,0.6309999823570251,0.8981999754905701
YER120W,YBR218C,0,-3.2238886,0.06563345342874527,0.6309999823570251,0.8982999920845032
YGR217W,YMR313C,0,-3.2242885,0.06562662869691849,0.6309999823570251,0.8984000086784363
YML127W,YNR052C,0,-3.2243764,0.0656198039650917,0.6309999823570251,0.8985000252723694
YER162C,YOL023W,0,-3.2245684,0.06561297923326492,0.6309999823570251,0.8985999822616577
YDR175C,YAL030W,0,-3.2259295,0.06560615450143814,0.6309999823570251,0.8986999988555908
YDR527W,YJL166W,0,-3.2267263,0.06559933722019196,0.6309999823570251,0.8988000154495239
YGR202C,YIL014W,0,-3.2272549,0.06559251248836517,0.6309999823570251,0.8988999724388123
YOR224C,YLR192C,0,-3.2276232,0.06558569520711899,0.6309999823570251,0.8989999890327454
YDR483W,YPR133C,0,-3.2276328,0.0655788853764534,0.6309999823570251,0.8991000056266785
YLR228C,YLR181C,0,-3.2280278,0.06557206809520721,0.6309999823570251,0.8992000222206116
YJR089W,YOR067C,0,-3.2281842,0.06556525081396103,0.6309999823570251,0.8992999792098999
YDR468C,YBR193C,0,-3.2284298,0.06555844098329544,0.6309999823570251,0.899399995803833
YJL179W,YLR363C,0,-3.228498,0.06555163115262985,0.6309999823570251,0.8995000123977661
YBR060C,YPL049C,0,-3.2285435,0.06554482132196426,0.6309999823570251,0.8996000289916992
YNL199C,YER033C,0,-3.2292433,0.06553801149129868,0.6309999823570251,0.8996999859809875
YDR529C,YEL044W,0,-3.2293506,0.06553120911121368,0.6309999823570251,0.8998000025749207
YER012W,YJL073W,1,-3.2295365,0.06562824547290802,0.6320000290870667,0.8998000025749207
YDR211W,YHR073W,0,-3.2297256,0.06562142819166183,0.6320000290870667,0.8999000191688538
YLR360W,YCL001W,0,-3.231354,0.06561461836099625,0.6320000290870667,0.8999999761581421
YDL110C,YJR059W,0,-3.2318513,0.06560780853033066,0.6320000290870667,0.9000999927520752
YER049W,YPL090C,0,-3.2323256,0.06560099869966507,0.6320000290870667,0.9002000093460083
YOR324C,YOR274W,0,-3.2323935,0.06559418886899948,0.6320000290870667,0.9003000259399414
YIL090W,YPL175W,0,-3.2324626,0.06558737903833389,0.6320000290870667,0.9003999829292297
YMR039C,YMR287C,0,-3.2327867,0.0655805766582489,0.6320000290870667,0.9004999995231628
YDR400W,YML013W,1,-3.2330039,0.06567752361297607,0.6330000162124634,0.9004999995231628
YLR102C,YPR108W,1,-3.2332585,0.06577445566654205,0.6340000033378601,0.9004999995231628
YIL026C,YNL167C,0,-3.2335484,0.06576763838529587,0.6340000033378601,0.900600016117096
YPL063W,YER086W,0,-3.2335918,0.06576081365346909,0.6340000033378601,0.9006999731063843
YER012W,YMR077C,1,-3.2340245,0.06585770845413208,0.6349999904632568,0.9006999731063843
YLL048C,YGR218W,0,-3.2340448,0.0658508762717247,0.6349999904632568,0.9007999897003174
YGL094C,YML034W,0,-3.2351835,0.06584405153989792,0.6349999904632568,0.9009000062942505
YBR170C,YFR052W,1,-3.236426,0.06594090163707733,0.6359999775886536,0.9009000062942505
YLR102C,YMR264W,1,-3.2370245,0.06603773683309555,0.6370000243186951,0.9009000062942505
YML098W,YML085C,0,-3.2370641,0.06603088974952698,0.6370000243186951,0.9010000228881836
YKL150W,YLL001W,0,-3.237192,0.066024050116539,0.6370000243186951,0.9010999798774719
YFR041C,YHR133C,0,-3.2372477,0.06601720303297043,0.6370000243186951,0.901199996471405
YNL281W,YLR292C,0,-3.2373788,0.06601036339998245,0.6370000243186951,0.9013000130653381
YIL021W,YGL129C,0,-3.2375233,0.06600352376699448,0.6370000243186951,0.9014000296592712
YGL206C,YGR199W,0,-3.2377155,0.0659966841340065,0.6370000243186951,0.9014999866485596
YIR011C,YML088W,1,-3.238388,0.06609344482421875,0.6380000114440918,0.9014999866485596
YMR184W,YMR264W,1,-3.2384274,0.06619018316268921,0.6389999985694885,0.9014999866485596
YJL081C,YDR353W,0,-3.2387912,0.06618332117795944,0.6389999985694885,0.9016000032424927
YNL026W,YNL243W,0,-3.2394483,0.06617647409439087,0.6389999985694885,0.9017000198364258
YLR207W,YKL054C,1,-3.2395384,0.06627316772937775,0.6399999856948853,0.9017000198364258
YDR032C,YBL090W,0,-3.239657,0.06626630574464798,0.6399999856948853,0.9017999768257141
YKL155C,YBR281C,0,-3.2400277,0.06625944375991821,0.6399999856948853,0.9018999934196472
YOL009C,YBR254C,0,-3.2403595,0.06625258922576904,0.6399999856948853,0.9020000100135803
YPL218W,YHR005C,0,-3.2408268,0.06624572724103928,0.6399999856948853,0.9021000266075134
YOR249C,YLR097C,1,-3.2409313,0.06634236872196198,0.640999972820282,0.9021000266075134
YDR002W,YLR380W,1,-3.242563,0.06643899530172348,0.6420000195503235,0.9021000266075134
YMR146C,YJL044C,0,-3.2442663,0.06643211841583252,0.6420000195503235,0.9021999835968018
YHR004C,YBR264C,0,-3.2444649,0.06642524898052216,0.6420000195503235,0.9023000001907349
YOL018C,YHR011W,0,-3.2446156,0.0664183720946312,0.6420000195503235,0.902400016784668
YKL192C,YHR005C,0,-3.245272,0.06641150265932083,0.6420000195503235,0.9024999737739563
YKR062W,YNL267W,0,-3.2458098,0.06640463322401047,0.6420000195503235,0.9025999903678894
YDR325W,YGL116W,0,-3.2460055,0.0663977637887001,0.6420000195503235,0.9027000069618225
YIL133C,YGL106W,0,-3.2461646,0.06639090180397034,0.6420000195503235,0.9028000235557556
YMR022W,YDR427W,1,-3.246165,0.06648743897676468,0.6430000066757202,0.9028000235557556
YPL098C,YAR002C-A,0,-3.2462533,0.06648056209087372,0.6430000066757202,0.902899980545044
YDR279W,YNL166C,0,-3.246443,0.06647369265556335,0.6430000066757202,0.902999997138977
YNL129W,YER151C,0,-3.2464685,0.0664668157696724,0.6430000066757202,0.9031000137329102
YNL027W,YOL062C,0,-3.2466424,0.06645994633436203,0.6430000066757202,0.9031999707221985
YNR007C,YKR049C,0,-3.2470214,0.06645307689905167,0.6430000066757202,0.9032999873161316
YBL057C,YDR054C,1,-3.2475476,0.06654954701662064,0.6439999938011169,0.9032999873161316
YLR200W,YOL093W,0,-3.2483976,0.06654267758131027,0.6439999938011169,0.9034000039100647
YJL011C,YML051W,0,-3.2491882,0.06653580069541931,0.6439999938011169,0.9035000205039978
YJR068W,YEL058W,0,-3.2492487,0.06652892380952835,0.6439999938011169,0.9035999774932861
YGL070C,YJL140W,0,-3.2496433,0.06652205437421799,0.6439999938011169,0.9036999940872192
YDR057W,YLR025W,1,-3.2498882,0.06661846488714218,0.6449999809265137,0.9036999940872192
YOR358W,YOL072W,0,-3.2512238,0.06661158800125122,0.6449999809265137,0.9038000106811523
YBR176W,YHR012W,0,-3.2519162,0.06660471111536026,0.6449999809265137,0.9039000272750854
YOL133W,YDL007W,1,-3.2521534,0.06670108437538147,0.6460000276565552,0.9039000272750854
YDR012W,YNL016W,0,-3.2521708,0.06669420003890991,0.6460000276565552,0.9039999842643738
YJL081C,YPL151C,0,-3.2525156,0.06668731570243835,0.6460000276565552,0.9041000008583069
YBR043C,YHR017W,0,-3.2531316,0.0666804313659668,0.6460000276565552,0.90420001745224
YPR110C,YBR153W,0,-3.2533548,0.06667354702949524,0.6460000276565552,0.9042999744415283
YKL041W,YDR330W,1,-3.2535422,0.06676986813545227,0.6470000147819519,0.9042999744415283
YMR184W,YMR077C,1,-3.254248,0.06686616688966751,0.6480000019073486,0.9042999744415283
YPR184W,YMR169C,0,-3.2544248,0.06685926765203476,0.6480000019073486,0.9043999910354614
YMR211W,YMR240C,0,-3.2555666,0.06685236841440201,0.6480000019073486,0.9045000076293945
YOR151C,YOR308C,0,-3.255593,0.06684546917676926,0.6480000019073486,0.9046000242233276
YOR086C,YGR200C,0,-3.2571852,0.0668385773897171,0.6480000019073486,0.904699981212616
YPR182W,YLL027W,0,-3.2578487,0.06683168560266495,0.6480000019073486,0.9047999978065491
YLR403W,YDR364C,0,-3.258066,0.06682479381561279,0.6480000019073486,0.9049000144004822
YDR358W,YDR330W,1,-3.2581565,0.06692101806402206,0.6489999890327454,0.9049000144004822
YJR102C,YML092C,1,-3.2594016,0.06701721996068954,0.6499999761581421,0.9049000144004822
YDR320C,YIL004C,0,-3.259738,0.0670103058218956,0.6499999761581421,0.9049999713897705
YDR318W,YPR068C,0,-3.2597525,0.06700339913368225,0.6499999761581421,0.9050999879837036
YML098W,YFR038W,0,-3.259815,0.0669964924454689,0.6499999761581421,0.9052000045776367
YNL149C,YBR002C,0,-3.2609565,0.06698959320783615,0.6499999761581421,0.9053000211715698
YKL059C,YNL121C,0,-3.261633,0.0669826865196228,0.6499999761581421,0.9053999781608582
YBL063W,YGR271W,0,-3.2616727,0.06697578728199005,0.6499999761581421,0.9054999947547913
YDL043C,YJR083C,0,-3.2620392,0.0669688880443573,0.6499999761581421,0.9056000113487244
YPL112C,YNL268W,0,-3.2625165,0.06696198880672455,0.6499999761581421,0.9057000279426575
YDR039C,YKL190W,0,-3.2627118,0.0669550895690918,0.6499999761581421,0.9057999849319458
YGR175C,YNL135C,0,-3.263445,0.06694819033145905,0.6499999761581421,0.9059000015258789
YER139C,YLR187W,0,-3.2642634,0.06694129854440689,0.6499999761581421,0.906000018119812
YMR184W,YKL002W,1,-3.2645514,0.06703738123178482,0.6510000228881836,0.906000018119812
YGR003W,YCL052C,1,-3.2647045,0.06713344156742096,0.6520000100135803,0.906000018119812
YJR053W,YCL048W,0,-3.2658064,0.06712653487920761,0.6520000100135803,0.9060999751091003
YOR192C,YPL007C,0,-3.266243,0.06711962074041367,0.6520000100135803,0.9061999917030334
YLR015W,YPL004C,0,-3.2676315,0.06711271405220032,0.6520000100135803,0.9063000082969666
YDR148C,YBL037W,0,-3.2680376,0.06710580736398697,0.6520000100135803,0.9064000248908997
YDR372C,YGL049C,0,-3.2692294,0.06709890067577362,0.6520000100135803,0.906499981880188
YBR207W,YCR044C,0,-3.2692378,0.06709199398756027,0.6520000100135803,0.9065999984741211
YLR221C,YGL112C,0,-3.2694888,0.06708509474992752,0.6520000100135803,0.9067000150680542
YGL051W,YIL042C,0,-3.2700431,0.06707818806171417,0.6520000100135803,0.9067999720573425
YLR127C,YOR261C,1,-3.2702,0.06717415899038315,0.652999997138977,0.9067999720573425
YDR075W,YPR037C,0,-3.2706337,0.0671672523021698,0.652999997138977,0.9068999886512756
YDL107W,YOR279C,0,-3.270942,0.06716033816337585,0.652999997138977,0.9070000052452087
YLR127C,YBR170C,1,-3.2730196,0.06725627183914185,0.6539999842643738,0.9070000052452087
YOR099W,YKL114C,0,-3.2732828,0.0672493577003479,0.6539999842643738,0.9071000218391418
YAL041W,YMR053C,0,-3.2737086,0.06724244356155396,0.6539999842643738,0.9071999788284302
YLL019C,YJL081C,0,-3.2738564,0.06723552942276001,0.6539999842643738,0.9072999954223633
YJR084W,YOR194C,0,-3.2751772,0.06722861528396606,0.6539999842643738,0.9074000120162964
YJL156C,YNL167C,0,-3.2755334,0.06722170859575272,0.6539999842643738,0.9075000286102295
YDR176W,YJL005W,0,-3.2755735,0.06721480190753937,0.6539999842643738,0.9075999855995178
YGL058W,YGL227W,1,-3.2758272,0.06731065362691879,0.6549999713897705,0.9075999855995178
YOR061W,YGL026C,0,-3.2758467,0.06730373948812485,0.6549999713897705,0.9077000021934509
YNL098C,YJL012C,0,-3.276395,0.0672968253493309,0.6549999713897705,0.907800018787384
YEL018W,YPL183W-A,0,-3.2767262,0.06728991121053696,0.6549999713897705,0.9078999757766724
YOR085W,YJL133W,0,-3.27694,0.06728299707174301,0.6549999713897705,0.9079999923706055
YPL156C,YDL100C,0,-3.2770667,0.06727609038352966,0.6549999713897705,0.9081000089645386
YOL071W,YDR368W,0,-3.2771657,0.06726917624473572,0.6549999713897705,0.9082000255584717
YGR264C,YGL040C,0,-3.2777371,0.06726226955652237,0.6549999713897705,0.90829998254776
YGL155W,YBL056W,0,-3.2795942,0.06725536286830902,0.6549999713897705,0.9083999991416931
YDR212W,YPL042C,0,-3.2796834,0.06724846363067627,0.6549999713897705,0.9085000157356262
YBR121C,YGL173C,0,-3.280873,0.06724155694246292,0.6549999713897705,0.9085999727249146
YER168C,YNL292W,0,-3.2816906,0.06723465770483017,0.6549999713897705,0.9086999893188477
YMR270C,YGR076C,0,-3.2819295,0.06722775101661682,0.6549999713897705,0.9088000059127808
YMR200W,YGL062W,0,-3.2823145,0.06722085177898407,0.6549999713897705,0.9089000225067139
YJR151C,YLR170C,0,-3.282386,0.06721395254135132,0.6549999713897705,0.9089999794960022
YLR127C,YLR417W,1,-3.2825992,0.0673096626996994,0.656000018119812,0.9089999794960022
YNL304W,YMR048W,0,-3.283419,0.06730276346206665,0.656000018119812,0.9090999960899353
YGL058W,YNL311C,1,-3.2837572,0.06739844381809235,0.6570000052452087,0.9090999960899353
YMR286W,YEL064C,0,-3.2846727,0.0673915296792984,0.6570000052452087,0.9092000126838684
YLR305C,YDL143W,0,-3.2848623,0.06738461554050446,0.6570000052452087,0.9093000292778015
YDR328C,YDR400W,1,-3.284989,0.06748025864362717,0.6579999923706055,0.9093000292778015
YPL259C,YER099C,0,-3.2851002,0.06747333705425262,0.6579999923706055,0.9093999862670898
YAL051W,YBR264C,0,-3.2851293,0.06746642291545868,0.6579999923706055,0.909500002861023
YAL013W,YLR439W,0,-3.285394,0.06745950132608414,0.6579999923706055,0.909600019454956
YGL068W,YDR376W,0,-3.2856965,0.06745258718729019,0.6579999923706055,0.9096999764442444
YNL283C,YOR373W,0,-3.285948,0.06744567304849625,0.6579999923706055,0.9097999930381775
YOR167C,YOR243C,0,-3.2863336,0.0674387589097023,0.6579999923706055,0.9099000096321106
YLR015W,YKL094W,0,-3.2883713,0.06743185222148895,0.6579999923706055,0.9100000262260437
YBL025W,YML076C,0,-3.2886925,0.06742493808269501,0.6579999923706055,0.910099983215332
YKL039W,YBR282W,0,-3.2894597,0.06741803139448166,0.6579999923706055,0.9101999998092651
YBR176W,YHL031C,0,-3.2895145,0.06741112470626831,0.6579999923706055,0.9103000164031982
YMR257C,YGL005C,0,-3.2900128,0.06740421801805496,0.6579999923706055,0.9103999733924866
YGR030C,YDR231C,0,-3.291227,0.06739731878042221,0.6579999923706055,0.9104999899864197
YJL048C,YDR177W,1,-3.2915518,0.06749282777309418,0.6589999794960022,0.9104999899864197
YDL029W,YCR035C,0,-3.2917564,0.06748592108488083,0.6589999794960022,0.9106000065803528
YIL134W,YJR126C,0,-3.2919466,0.06747900694608688,0.6589999794960022,0.9107000231742859
YOR038C,YGR238C,0,-3.292012,0.06747210025787354,0.6589999794960022,0.9107999801635742
YKL082C,YML073C,0,-3.2921865,0.06746519356966019,0.6589999794960022,0.9108999967575073
YDL108W,YOR138C,0,-3.2928345,0.06745828688144684,0.6589999794960022,0.9110000133514404
YDR003W,YNL041C,0,-3.293084,0.06745138019323349,0.6589999794960022,0.9110999703407288
YMR264W,YML088W,1,-3.2932076,0.06754682213068008,0.6600000262260437,0.9110999703407288
YNR055C,YKL006C-A,0,-3.2935054,0.06753990799188614,0.6600000262260437,0.9111999869346619
YML032C,YPL013C,0,-3.2937033,0.06753300130367279,0.6600000262260437,0.911300003528595
YLR026C,YDR310C,0,-3.2949674,0.06752608716487885,0.6600000262260437,0.9114000201225281
YMR188C,YLR292C,0,-3.2950187,0.0675191804766655,0.6600000262260437,0.9114999771118164
YDR512C,YDR200C,0,-3.2970095,0.06751227378845215,0.6600000262260437,0.9115999937057495
YDR160W,YLR425W,0,-3.2976522,0.0675053671002388,0.6600000262260437,0.9117000102996826
YMR313C,YMR289W,0,-3.2989964,0.06749846786260605,0.6600000262260437,0.9118000268936157
YDL015C,YEL044W,0,-3.299001,0.0674915611743927,0.6600000262260437,0.911899983882904
YDR148C,YCL051W,0,-3.2990682,0.06748466193675995,0.6600000262260437,0.9120000004768372
YER088C,YOL030W,0,-3.299106,0.0674777626991272,0.6600000262260437,0.9121000170707703
YJR058C,YOR045W,0,-3.299705,0.06747086346149445,0.6600000262260437,0.9121999740600586
YPR108W,YBR170C,1,-3.2999537,0.06756618618965149,0.6610000133514404,0.9121999740600586
YBR289W,YKL094W,0,-3.3000705,0.06755927950143814,0.6610000133514404,0.9122999906539917
YDL111C,YLR438C-A,0,-3.3002746,0.06755237281322479,0.6610000133514404,0.9124000072479248
YOR008C,YGL200C,0,-3.3002808,0.06754547357559204,0.6610000133514404,0.9125000238418579
YLR418C,YGL216W,0,-3.300471,0.06753857433795929,0.6610000133514404,0.9125999808311462
YGL127C,YDR463W,0,-3.3008597,0.06753167510032654,0.6610000133514404,0.9126999974250793
YGR095C,YNL085W,0,-3.301298,0.06752477586269379,0.6610000133514404,0.9128000140190125
YGL172W,YGR169C,0,-3.3016942,0.06751787662506104,0.6610000133514404,0.9128999710083008
YGR030C,YGL098W,0,-3.3026898,0.06751097738742828,0.6610000133514404,0.9129999876022339
YGR104C,YNL294C,0,-3.3027031,0.06750408560037613,0.6610000133514404,0.913100004196167
YLR220W,YPR200C,0,-3.3039691,0.06749719381332397,0.6610000133514404,0.9132000207901001
YBR060C,YGR099W,0,-3.3041146,0.06749030202627182,0.6610000133514404,0.9132999777793884
YPR178W,YDL074C,0,-3.3043158,0.06748341023921967,0.6610000133514404,0.9133999943733215
YNL261W,YLL003W,0,-3.3048298,0.06747651845216751,0.6610000133514404,0.9135000109672546
YOR157C,YDR400W,1,-3.3051784,0.06757170706987381,0.6620000004768372,0.9135000109672546
YKL217W,YGL059W,0,-3.3053272,0.06756480783224106,0.6620000004768372,0.9136000275611877
YNR010W,YHR168W,0,-3.3056808,0.0675579160451889,0.6620000004768372,0.9136999845504761
YOL018C,YCL031C,0,-3.3057227,0.06755101680755615,0.6620000004768372,0.9138000011444092
YJL073W,YML092C,1,-3.3062613,0.06764616072177887,0.6629999876022339,0.9138000011444092
YDR289C,YKR072C,0,-3.3065422,0.06763925403356552,0.6629999876022339,0.9139000177383423
YML125C,YBL093C,0,-3.3066707,0.06763235479593277,0.6629999876022339,0.9139999747276306
YJL012C,YKR028W,0,-3.3074267,0.06762545555830002,0.6629999876022339,0.9140999913215637
YPR163C,YLR186W,0,-3.307944,0.06761856377124786,0.6629999876022339,0.9142000079154968
YIL088C,YPL085W,0,-3.307995,0.06761166453361511,0.6629999876022339,0.9143000245094299
YGR046W,YOR177C,0,-3.3082423,0.06760477274656296,0.6629999876022339,0.9143999814987183
YKL206C,YDL008W,1,-3.3083441,0.06769983470439911,0.6639999747276306,0.9143999814987183
YDR101C,YPL207W,0,-3.3083506,0.06769293546676636,0.6639999747276306,0.9144999980926514
YDR308C,YOR332W,0,-3.3085392,0.0676860362291336,0.6639999747276306,0.9146000146865845
YPL253C,YGL112C,0,-3.3088887,0.06767913699150085,0.6639999747276306,0.9146999716758728
YOL031C,YDR098C,0,-3.30986,0.0676722377538681,0.6639999747276306,0.9147999882698059
YJR110W,YFR008W,0,-3.3112628,0.06766533851623535,0.6639999747276306,0.914900004863739
YKR002W,YKL140W,0,-3.311361,0.0676584467291832,0.6639999747276306,0.9150000214576721
YGR134W,YNR037C,0,-3.3122108,0.06765155494213104,0.6639999747276306,0.9150999784469604
YMR264W,YDR054C,1,-3.3122344,0.06774653494358063,0.6650000214576721,0.9150999784469604
YDR322W,YOR241W,0,-3.3130038,0.06773963570594788,0.6650000214576721,0.9151999950408936
YPL206C,YOR034C,0,-3.313123,0.06773273646831512,0.6650000214576721,0.9153000116348267
YGR006W,YPR155C,0,-3.3139105,0.06772583723068237,0.6650000214576721,0.9154000282287598
YDR288W,YDL128W,0,-3.3141506,0.06771893799304962,0.6650000214576721,0.9154999852180481
YDR146C,YKR008W,0,-3.3142622,0.06771204620599747,0.6650000214576721,0.9156000018119812
YDR054C,YML013W,1,-3.3152502,0.06780696660280228,0.6660000085830688,0.9156000018119812
YMR077C,YNL311C,1,-3.315829,0.0679018646478653,0.6669999957084656,0.9156000018119812
YCL031C,YJR139C,0,-3.3160179,0.06789495050907135,0.6669999957084656,0.9157000184059143
YOR046C,YNL135C,0,-3.316057,0.067888043820858,0.6669999957084656,0.9157999753952026
YOR380W,YLR330W,0,-3.316839,0.06788112968206406,0.6669999957084656,0.9158999919891357
YGL216W,YBR195C,0,-3.3176842,0.06787422299385071,0.6669999957084656,0.9160000085830688
YOR275C,YGR116W,0,-3.3177674,0.06786731630563736,0.6669999957084656,0.916100025177002
YGR003W,YFL025C,1,-3.318686,0.0679621547460556,0.6679999828338623,0.916100025177002
YPR057W,YDR473C,0,-3.3197505,0.06795524060726166,0.6679999828338623,0.9161999821662903
YIL030C,YKL206C,1,-3.3197775,0.06805004924535751,0.6690000295639038,0.9161999821662903
YDL017W,YBR168W,0,-3.3208168,0.06804312765598297,0.6690000295639038,0.9162999987602234
YOR244W,YGL112C,0,-3.321027,0.06803620606660843,0.6690000295639038,0.9164000153541565
YPR108W,YKL022C,1,-3.3214853,0.0681309774518013,0.6700000166893005,0.9164000153541565
YDR034C,YJR049C,0,-3.3220494,0.06812404841184616,0.6700000166893005,0.9164999723434448
YDR378C,YMR313C,0,-3.3222313,0.06811711937189102,0.6700000166893005,0.9165999889373779
YDL190C,YDR069C,1,-3.3230338,0.06821185350418091,0.6710000038146973,0.9165999889373779
YIL075C,YKL206C,1,-3.3235343,0.068306565284729,0.671999990940094,0.9165999889373779
YDR490C,YBR037C,0,-3.3239968,0.06829962134361267,0.671999990940094,0.916700005531311
YPL206C,YNL287W,0,-3.324766,0.06829268485307693,0.671999990940094,0.9168000221252441
YHR111W,YJL045W,0,-3.3251579,0.0682857409119606,0.671999990940094,0.9168999791145325
YBR278W,YDR440W,0,-3.3256109,0.06827880442142487,0.671999990940094,0.9169999957084656
YMR264W,YHR027C,1,-3.3259246,0.06837346404790878,0.6729999780654907,0.9169999957084656
YER063W,YML071C,0,-3.326719,0.06836652010679245,0.6729999780654907,0.9171000123023987
YNL290W,YGR056W,0,-3.3269937,0.06835957616567612,0.6729999780654907,0.9172000288963318
YIL075C,YJR102C,1,-3.32745,0.06845419108867645,0.6740000247955322,0.9172000288963318
YGL192W,YKL197C,0,-3.328046,0.06844723969697952,0.6740000247955322,0.9172999858856201
YOR211C,YER155C,0,-3.3281214,0.06844029575586319,0.6740000247955322,0.9174000024795532
YCR096C,YKL095W,0,-3.328123,0.06843334436416626,0.6740000247955322,0.9175000190734863
YMR184W,YPL002C,1,-3.328515,0.06852792203426361,0.675000011920929,0.9175000190734863
YJR005W,YBR287W,0,-3.328757,0.06852096319198608,0.675000011920929,0.9175999760627747
YML129C,YCR060W,0,-3.3295326,0.06851400434970856,0.675000011920929,0.9176999926567078
YPL151C,YJR076C,0,-3.3298252,0.06850705295801163,0.675000011920929,0.9178000092506409
YER100W,YJL048C,1,-3.3307817,0.0686015859246254,0.6759999990463257,0.9178000092506409
YDR211W,YJR089W,0,-3.3310316,0.06859461963176727,0.6759999990463257,0.917900025844574
YGL212W,YAL056W,0,-3.3312242,0.06858766078948975,0.6759999990463257,0.9179999828338623
YBR170C,YML088W,1,-3.3313112,0.06868215650320053,0.6769999861717224,0.9179999828338623
YIL035C,YAL059W,0,-3.3326015,0.06867519021034241,0.6769999861717224,0.9180999994277954
YPR024W,YER155C,0,-3.3326359,0.06866822391748428,0.6769999861717224,0.9182000160217285
YOL133W,YDR118W,1,-3.3331044,0.06876267492771149,0.6779999732971191,0.9182000160217285
YPR032W,YNR022C,0,-3.3334138,0.06875570118427277,0.6779999732971191,0.9182999730110168
YIR004W,YPL218W,0,-3.333615,0.06874873489141464,0.6779999732971191,0.91839998960495
YNL294C,YJR006W,0,-3.3339803,0.06874176114797592,0.6779999732971191,0.9185000061988831
YBR251W,YLR289W,0,-3.3340323,0.0687347948551178,0.6779999732971191,0.9186000227928162
YKL059C,YNL221C,0,-3.3341305,0.06872782856225967,0.6779999732971191,0.9186999797821045
YIL039W,YDL108W,0,-3.3344874,0.06872086226940155,0.6779999732971191,0.9187999963760376
YKL034W,YDR054C,1,-3.335809,0.06881524622440338,0.6790000200271606,0.9187999963760376
YNR024W,YOR207C,0,-3.3365629,0.06880827248096466,0.6790000200271606,0.9189000129699707
YBL093C,YLR096W,0,-3.3372471,0.06880129873752594,0.6790000200271606,0.9190000295639038
YDR503C,YDL127W,0,-3.3376105,0.06879432499408722,0.6790000200271606,0.9190999865531921
YPR102C,YML067C,0,-3.3379724,0.0687873587012291,0.6790000200271606,0.9192000031471252
YIL020C,YMR240C,0,-3.3388865,0.06878039240837097,0.6790000200271606,0.9193000197410583
YLR371W,YDR116C,0,-3.3390434,0.06877342611551285,0.6790000200271606,0.9193999767303467
YKR085C,YML127W,0,-3.3397272,0.06876645982265472,0.6790000200271606,0.9194999933242798
YER089C,YNL121C,0,-3.340135,0.0687594935297966,0.6790000200271606,0.9196000099182129
YDL047W,YOL028C,0,-3.3402283,0.06875253468751907,0.6790000200271606,0.919700026512146
YKR090W,YKL197C,0,-3.3410141,0.06874556839466095,0.6790000200271606,0.9197999835014343
YGL119W,YNL292W,0,-3.3413854,0.06873860955238342,0.6790000200271606,0.9199000000953674
YOR332W,YNL156C,0,-3.3419416,0.0687316507101059,0.6790000200271606,0.9200000166893005
YLL003W,YER029C,0,-3.343404,0.06872469931840897,0.6790000200271606,0.9200999736785889
YGL190C,YER101C,0,-3.343434,0.06871774047613144,0.6790000200271606,0.920199990272522
YDR337W,YML011C,0,-3.343496,0.06871078908443451,0.6790000200271606,0.9203000068664551
YKL034W,YBL057C,1,-3.3436782,0.0688050165772438,0.6800000071525574,0.9203000068664551
YJR097W,YDR167W,0,-3.3446062,0.06879805773496628,0.6800000071525574,0.9204000234603882
YMR243C,YDR510W,0,-3.3451736,0.06879109889268875,0.6800000071525574,0.9204999804496765
YER017C,YKL197C,0,-3.346432,0.06878414005041122,0.6800000071525574,0.9205999970436096
YDL093W,YNL330C,0,-3.3464959,0.0687771812081337,0.6800000071525574,0.9207000136375427
YNL091W,YOR216C,0,-3.3466113,0.06877022981643677,0.6800000071525574,0.920799970626831
YLR418C,YKR088C,0,-3.3467638,0.06876327097415924,0.6800000071525574,0.9208999872207642
YER046W,YPL115C,0,-3.346914,0.06875631958246231,0.6800000071525574,0.9210000038146973
YBR081C,YCL051W,0,-3.3469594,0.06874936819076538,0.6800000071525574,0.9211000204086304
YLR165C,YGR221C,0,-3.3471727,0.06874241679906845,0.6800000071525574,0.9211999773979187
YDR031W,YDL100C,0,-3.3475163,0.06873547285795212,0.6800000071525574,0.9212999939918518
YFR038W,YOL145C,0,-3.3481076,0.06872852146625519,0.6800000071525574,0.9214000105857849
YBR170C,YGR135W,1,-3.3481252,0.06882263720035553,0.6809999942779541,0.9214000105857849
YOL145C,YDR238C,0,-3.3482668,0.0688156858086586,0.6809999942779541,0.921500027179718
YNL027W,YBR231C,0,-3.3484547,0.06880872696638107,0.6809999942779541,0.9215999841690063
YMR142C,YPL226W,0,-3.3489296,0.06880177557468414,0.6809999942779541,0.9217000007629395
YJR016C,YER074W,0,-3.350063,0.06879482418298721,0.6809999942779541,0.9218000173568726
YER104W,YMR063W,0,-3.3507686,0.06878788024187088,0.6809999942779541,0.9218999743461609
YAL044C,YOR332W,0,-3.3512535,0.06878092885017395,0.6809999942779541,0.921999990940094
YDR330W,YFR052W,1,-3.3520648,0.06887497752904892,0.6819999814033508,0.921999990940094
YOR057W,YNL243W,0,-3.3527884,0.06886801868677139,0.6819999814033508,0.9221000075340271
YKR090W,YMR037C,0,-3.3537335,0.06886106729507446,0.6819999814033508,0.9222000241279602
YDR400W,YDR054C,1,-3.3547344,0.06895507127046585,0.6830000281333923,0.9222000241279602
YLR440C,YNL273W,0,-3.3558085,0.06894811242818832,0.6830000281333923,0.9222999811172485
YPL101W,YKL144C,0,-3.3573844,0.0689411535859108,0.6830000281333923,0.9223999977111816
YIL115C,YGL155W,0,-3.358075,0.06893419474363327,0.6830000281333923,0.9225000143051147
YER154W,YGL222C,0,-3.3592112,0.06892723590135574,0.6830000281333923,0.9225999712944031
YLR078C,YOR090C,0,-3.3594105,0.06892028450965881,0.6830000281333923,0.9226999878883362
YMR256C,YDL217C,0,-3.3595302,0.06891332566738129,0.6830000281333923,0.9228000044822693
YDR121W,YDR364C,0,-3.3596246,0.06890637427568436,0.6830000281333923,0.9229000210762024
YEL017C-A,YDL065C,0,-3.3601491,0.06889942288398743,0.6830000281333923,0.9229999780654907
YPL180W,YKR064W,0,-3.3608158,0.0688924789428711,0.6830000281333923,0.9230999946594238
YLR207W,YDR057W,1,-3.3610828,0.06898638606071472,0.6840000152587891,0.9230999946594238
YFR036W,YOR249C,1,-3.3612,0.06908027082681656,0.6850000023841858,0.9230999946594238
YBR193C,YIL048W,0,-3.3612087,0.06907331198453903,0.6850000023841858,0.9232000112533569
YMR109W,YOR172W,0,-3.3613513,0.06906634569168091,0.6850000023841858,0.92330002784729
YJR131W,YDL008W,1,-3.3629687,0.06916020065546036,0.6859999895095825,0.92330002784729
YDR303C,YOR080W,0,-3.3629756,0.06915322691202164,0.6859999895095825,0.9233999848365784
YDR100W,YOL042W,0,-3.3633642,0.06914625316858292,0.6859999895095825,0.9235000014305115
YOR232W,YNL297C,0,-3.3636768,0.06913928687572479,0.6859999895095825,0.9236000180244446
YIR025W,YDR118W,1,-3.3644881,0.06923309713602066,0.6869999766349792,0.9236000180244446
YIL076W,YPR019W,0,-3.3658936,0.06922611594200134,0.6869999766349792,0.9236999750137329
YGR124W,YPR072W,0,-3.3660498,0.06921914219856262,0.6869999766349792,0.923799991607666
YJL034W,YNL159C,1,-3.3661392,0.0693129152059555,0.6880000233650208,0.923799991607666
YLR037C,YKR053C,0,-3.3666635,0.06930593401193619,0.6880000233650208,0.9239000082015991
YLR347C,YHR073W,0,-3.3667743,0.06929895281791687,0.6880000233650208,0.9240000247955322
YBR218C,YLR203C,0,-3.3682287,0.06929197162389755,0.6880000233650208,0.9240999817848206
YGR104C,YJL094C,0,-3.368438,0.06928499788045883,0.6880000233650208,0.9241999983787537
YMR146C,YCR077C,0,-3.3687174,0.06927801668643951,0.6880000233650208,0.9243000149726868
YFL013C,YGL113W,0,-3.3688009,0.0692710429430008,0.6880000233650208,0.9243999719619751
YNL091W,YPR030W,0,-3.3695147,0.06926406919956207,0.6880000233650208,0.9244999885559082
YDR386W,YOR034C,0,-3.3695247,0.06925709545612335,0.6880000233650208,0.9246000051498413
YDR375C,YMR039C,0,-3.3712223,0.06925012916326523,0.6880000233650208,0.9247000217437744
YBR207W,YER162C,0,-3.3715303,0.06924315541982651,0.6880000233650208,0.9247999787330627
YBL058W,YDR400W,1,-3.3718994,0.06933682411909103,0.6890000104904175,0.9247999787330627
YDR403W,YDR088C,0,-3.3727324,0.06932984292507172,0.6890000104904175,0.9248999953269958
YGR047C,YDR372C,0,-3.3729007,0.069322869181633,0.6890000104904175,0.925000011920929
YDR265W,YLR439W,0,-3.374851,0.06931589543819427,0.6890000104904175,0.9251000285148621
YBR273C,YKL206C,1,-3.3770463,0.06940951943397522,0.6899999976158142,0.9251000285148621
YER005W,YPL050C,0,-3.3772233,0.0694025382399559,0.6899999976158142,0.9251999855041504
YPR178W,YPR133C,0,-3.3773224,0.06939555704593658,0.6899999976158142,0.9253000020980835
YOR002W,YMR224C,0,-3.3776033,0.06938857585191727,0.6899999976158142,0.9254000186920166
YPR016C,YLR384C,0,-3.3776197,0.06938160210847855,0.6899999976158142,0.9254999756813049
YBL057C,YLR380W,1,-3.37779,0.06947516649961472,0.6909999847412109,0.9254999756813049
YBR036C,YMR188C,0,-3.3787944,0.0694681778550148,0.6909999847412109,0.925599992275238
YNL268W,YOR150W,0,-3.3802612,0.06946119666099548,0.6909999847412109,0.9257000088691711
YKL206C,YNL159C,1,-3.381324,0.06955473124980927,0.6919999718666077,0.9257000088691711
YPL085W,YNL325C,0,-3.381478,0.06954773515462875,0.6919999718666077,0.9258000254631042
YLL041C,YGL037C,0,-3.3818502,0.06954074651002884,0.6919999718666077,0.9258999824523926
YDR423C,YGL198W,0,-3.3819487,0.06953376531600952,0.6919999718666077,0.9259999990463257
YPR134W,YER048W-A,0,-3.3828652,0.0695267766714096,0.6919999718666077,0.9261000156402588
YJR013W,YAL043C,0,-3.3832011,0.06951978802680969,0.6919999718666077,0.9261999726295471
YER123W,YDL100C,0,-3.3833516,0.06951280683279037,0.6919999718666077,0.9262999892234802
YMR270C,YLR292C,0,-3.3834321,0.06950582563877106,0.6919999718666077,0.9264000058174133
YOR265W,YER063W,0,-3.3845515,0.06949884444475174,0.6919999718666077,0.9265000224113464
YLR015W,YNL161W,0,-3.3854501,0.06949186325073242,0.6919999718666077,0.9265999794006348
YBR273C,YPL002C,1,-3.3855932,0.06958530098199844,0.6930000185966492,0.9265999794006348
YIL075C,YER143W,1,-3.3856833,0.06967871636152267,0.6940000057220459,0.9265999794006348
YHR057C,YBR042C,0,-3.3865373,0.06967172026634216,0.6940000057220459,0.9266999959945679
YJR130C,YOL018C,0,-3.3867724,0.06966472417116165,0.6940000057220459,0.926800012588501
YER104W,YDR201W,0,-3.3869088,0.06965773552656174,0.6940000057220459,0.9269000291824341
YGL226W,YBR119W,0,-3.3870084,0.06965073943138123,0.6940000057220459,0.9269999861717224
YER012W,YKL054C,1,-3.3877966,0.06974410265684128,0.6949999928474426,0.9269999861717224
YMR033W,YKL048C,0,-3.3888156,0.06973710656166077,0.6949999928474426,0.9271000027656555
YBR257W,YLR007W,0,-3.3888462,0.06973011046648026,0.6949999928474426,0.9272000193595886
YIL033C,YOR221C,0,-3.3900015,0.06972311437129974,0.6949999928474426,0.927299976348877
YDR069C,YGR135W,1,-3.392234,0.06981643289327621,0.6959999799728394,0.927299976348877
YKR048C,YDR341C,0,-3.3923023,0.0698094293475151,0.6959999799728394,0.9273999929428101
YBR168W,YLR181C,0,-3.3927336,0.069802425801754,0.6959999799728394,0.9275000095367432
YGR253C,YKL206C,1,-3.393546,0.06989570707082748,0.6970000267028809,0.9275000095367432
YPL178W,YDL078C,0,-3.393737,0.06988869607448578,0.6970000267028809,0.9276000261306763
YDR022C,YBR168W,0,-3.3938475,0.06988169252872467,0.6970000267028809,0.9276999831199646
YML061C,YDL120W,0,-3.3940241,0.06987468898296356,0.6970000267028809,0.9277999997138977
YGR263C,YPL148C,0,-3.3944037,0.06986768543720245,0.6970000267028809,0.9279000163078308
YBL038W,YNL029C,0,-3.3949263,0.06986068189144135,0.6970000267028809,0.9279999732971191
YNL273W,YPL122C,0,-3.395475,0.06985367834568024,0.6970000267028809,0.9280999898910522
YDR468C,YCR060W,0,-3.3965855,0.06984667479991913,0.6970000267028809,0.9282000064849854
YNL158W,YJR058C,0,-3.3978055,0.06983967870473862,0.6970000267028809,0.9283000230789185
YEL037C,YJL073W,1,-3.397896,0.06993287056684494,0.6980000138282776,0.9283000230789185
YNL128W,YMR171C,0,-3.3991067,0.06992586702108383,0.6980000138282776,0.9283999800682068
YFR010W,YGR281W,0,-3.3995469,0.06991886347532272,0.6980000138282776,0.9284999966621399
YIL076W,YGL076C,0,-3.399588,0.06991185992956161,0.6980000138282776,0.928600013256073
YMR054W,YHL003C,0,-3.401248,0.0699048563838005,0.6980000138282776,0.9286999702453613
YJR065C,YHR008C,0,-3.4033492,0.06989786028862,0.6980000138282776,0.9287999868392944
YER167W,YIL125W,0,-3.403562,0.06989085674285889,0.6980000138282776,0.9289000034332275
YJR049C,YNL048W,0,-3.40455,0.06988386064767838,0.6980000138282776,0.9290000200271606
YHR135C,YGR057C,0,-3.4061868,0.06987686455249786,0.6980000138282776,0.929099977016449
YBR060C,YKL179C,0,-3.4067094,0.06986986845731735,0.6980000138282776,0.9291999936103821
YJR101W,YMR289W,0,-3.4067588,0.06986287981271744,0.6980000138282776,0.9293000102043152
YDR422C,YER139C,0,-3.406821,0.06985588371753693,0.6980000138282776,0.9294000267982483
YCR106W,YLR394W,0,-3.4071174,0.06984889507293701,0.6980000138282776,0.9294999837875366
YNL159C,YML013W,1,-3.4077628,0.06994196772575378,0.6990000009536743,0.9294999837875366
YGR217W,YDR310C,0,-3.4082408,0.06993496417999268,0.6990000009536743,0.9296000003814697
YDR425W,YPL159C,0,-3.408921,0.06992796808481216,0.6990000009536743,0.9297000169754028
YBR173C,YML013W,1,-3.408931,0.07002100348472595,0.699999988079071,0.9297000169754028
YIL068C,YDR423C,0,-3.4098654,0.07001399993896484,0.699999988079071,0.9297999739646912
YHR057C,YJR006W,0,-3.4103427,0.07000700384378433,0.699999988079071,0.9298999905586243
YKR035W-A,YPR120C,0,-3.4115212,0.07000000029802322,0.699999988079071,0.9300000071525574
YNL031C,YLR268W,0,-3.4125118,0.06999300420284271,0.699999988079071,0.9301000237464905
YDR529C,YKL117W,0,-3.413267,0.0699860006570816,0.699999988079071,0.9301999807357788
YGR238C,YGL083W,0,-3.413514,0.06997900456190109,0.699999988079071,0.9302999973297119
YOR057W,YGR199W,0,-3.4138412,0.06997200846672058,0.699999988079071,0.930400013923645
YGR174C,YLR181C,0,-3.4147813,0.06996501982212067,0.699999988079071,0.9304999709129333
YPR128C,YJL134W,0,-3.4148128,0.06995802372694016,0.699999988079071,0.9305999875068665
YFR041C,YKL173W,0,-3.4149587,0.06995103508234024,0.699999988079071,0.9307000041007996
YIL106W,YGR072W,0,-3.416075,0.06994404643774033,0.699999988079071,0.9308000206947327
YMR109W,YLR032W,0,-3.4161532,0.06993705779314041,0.699999988079071,0.930899977684021
YKL034W,YER143W,1,-3.416562,0.07002996653318405,0.7009999752044678,0.930899977684021
YDR308C,YHR002W,0,-3.4168968,0.07002297788858414,0.7009999752044678,0.9309999942779541
YGL213C,YDR116C,0,-3.4173334,0.07001598179340363,0.7009999752044678,0.9311000108718872
YDR244W,YDR228C,0,-3.417749,0.07000898569822311,0.7009999752044678,0.9312000274658203
YPL074W,YNL023C,0,-3.4182968,0.0700019970536232,0.7009999752044678,0.9312999844551086
YDR148C,YIL070C,0,-3.4189885,0.06999500840902328,0.7009999752044678,0.9314000010490417
YJR151C,YOR274W,0,-3.4194543,0.06998801976442337,0.7009999752044678,0.9315000176429749
YPR017C,YDR062W,0,-3.4200413,0.06998103111982346,0.7009999752044678,0.9315999746322632
YDL097C,YGL004C,1,-3.4201279,0.07007386535406113,0.7020000219345093,0.9315999746322632
YMR230W,YBL090W,0,-3.4201896,0.07006686925888062,0.7020000219345093,0.9316999912261963
YDL081C,YMR149W,0,-3.4202821,0.0700598806142807,0.7020000219345093,0.9318000078201294
YLR207W,YPR108W,1,-3.4205835,0.07015267759561539,0.703000009059906,0.9318000078201294
YPL244C,YJL024C,0,-3.4219062,0.07014568150043488,0.703000009059906,0.9319000244140625
YOR008C,YGL223C,0,-3.4243677,0.07013867795467377,0.703000009059906,0.9319999814033508
YLR102C,YLR417W,1,-3.4245658,0.07023144513368607,0.7039999961853027,0.9319999814033508
YGR191W,YCR037C,0,-3.4251537,0.07022444158792496,0.7039999961853027,0.9320999979972839
YKR068C,YNL054W,0,-3.4260073,0.07021743804216385,0.7039999961853027,0.932200014591217
YGL005C,YOR269W,0,-3.4264362,0.07021043449640274,0.7039999961853027,0.9322999715805054
YHR204W,YPL002C,1,-3.4264514,0.07030314952135086,0.7049999833106995,0.9322999715805054
YCL051W,YBR094W,0,-3.4271433,0.07029613852500916,0.7049999833106995,0.9323999881744385
YDL015C,YER165W,0,-3.427236,0.07028913497924805,0.7049999833106995,0.9325000047683716
YNL286W,YOL055C,0,-3.4279416,0.07028212398290634,0.7049999833106995,0.9326000213623047
YKR088C,YBL103C,0,-3.4288266,0.07027512043714523,0.7049999833106995,0.932699978351593
YDR512C,YJL178C,0,-3.4289207,0.07026811689138412,0.7049999833106995,0.9327999949455261
YEL012W,YGL196W,0,-3.429024,0.07026111334562302,0.7049999833106995,0.9329000115394592
YJL025W,YGL129C,0,-3.4291642,0.07025410979986191,0.7049999833106995,0.9330000281333923
YGL061C,YMR200W,0,-3.4291847,0.0702471137046814,0.7049999833106995,0.9330999851226807
YIR025W,YLR025W,1,-3.4295301,0.07033973932266235,0.7059999704360962,0.9330999851226807
YLR390W,YBR254C,0,-3.4302146,0.07033273577690125,0.7059999704360962,0.9332000017166138
YOR110W,YDR473C,0,-3.4302542,0.07032573223114014,0.7059999704360962,0.9333000183105469
YGR239C,YNL036W,0,-3.4304423,0.07031872868537903,0.7059999704360962,0.9333999752998352
YLR417W,YLR380W,1,-3.4311264,0.070411317050457,0.7070000171661377,0.9333999752998352
YGR253C,YGL227W,1,-3.432157,0.07050388306379318,0.7080000042915344,0.9333999752998352
YDR438W,YPR054W,0,-3.4322133,0.07049686461687088,0.7080000042915344,0.9334999918937683
YER177W,YER155C,0,-3.4322374,0.07048984616994858,0.7080000042915344,0.9336000084877014
YDL007W,YDR330W,1,-3.4323401,0.07058238238096237,0.7089999914169312,0.9336000084877014
YML032C,YIL142W,0,-3.4326744,0.07057535648345947,0.7089999914169312,0.9337000250816345
YDL022W,YMR173W,0,-3.4341938,0.07056833058595657,0.7089999914169312,0.9337999820709229
YMR276W,YDR427W,1,-3.4342434,0.07066082954406738,0.7099999785423279,0.9337999820709229
YPL244C,YPR054W,0,-3.4344447,0.07065379619598389,0.7099999785423279,0.933899998664856
YDR337W,YDL149W,0,-3.435036,0.07064676284790039,0.7099999785423279,0.9340000152587891
YNL094W,YOR057W,0,-3.436687,0.07063973695039749,0.7099999785423279,0.9340999722480774
YPR161C,YCL017C,0,-3.4381335,0.07063271105289459,0.7099999785423279,0.9341999888420105
YIL120W,YDR466W,0,-3.4382098,0.0706256851553917,0.7099999785423279,0.9343000054359436
YLR191W,YPR199C,0,-3.4383552,0.0706186592578888,0.7099999785423279,0.9344000220298767
YDR358W,YNL008C,1,-3.4386685,0.07071109116077423,0.7110000252723694,0.9344000220298767
YMR100W,YDR011W,0,-3.439789,0.07070405781269073,0.7110000252723694,0.934499979019165
YML081C-A,YJR117W,0,-3.4401124,0.07069702446460724,0.7110000252723694,0.9345999956130981
YKL041W,YFR052W,1,-3.4403546,0.07078941911458969,0.7120000123977661,0.9345999956130981
YDR083W,YLR309C,0,-3.4405892,0.0707823857665062,0.7120000123977661,0.9347000122070312
YBR273C,YIL075C,1,-3.4415123,0.07087475061416626,0.7129999995231628,0.9347000122070312
YML012W,YGR094W,0,-3.4423542,0.07086770981550217,0.7129999995231628,0.9348000288009644
YMR054W,YLL038C,0,-3.4436266,0.07086066156625748,0.7129999995231628,0.9348999857902527
YER167W,YLL003W,0,-3.4442866,0.07085362076759338,0.7129999995231628,0.9350000023841858
YKR044W,YGR002C,0,-3.444299,0.07084657996892929,0.7129999995231628,0.9351000189781189
YER148W,YKL114C,0,-3.4443886,0.0708395466208458,0.7129999995231628,0.9351999759674072
YOL133W,YBL058W,1,-3.4475272,0.07093185186386108,0.7139999866485596,0.9351999759674072
YOR301W,YDR532C,0,-3.448404,0.0709248036146164,0.7139999866485596,0.9352999925613403
YGR252W,YOR332W,0,-3.4486725,0.0709177628159523,0.7139999866485596,0.9354000091552734
YPR133C,YDL235C,0,-3.448881,0.07091071456670761,0.7139999866485596,0.9355000257492065
YPL028W,YIL109C,0,-3.4492059,0.07090367376804352,0.7139999866485596,0.9355999827384949
YOR159C,YOR258W,0,-3.450085,0.07089663296937943,0.7139999866485596,0.935699999332428
YDR389W,YJL008C,0,-3.450538,0.07088959217071533,0.7139999866485596,0.9358000159263611
YBR273C,YOR117W,1,-3.4511483,0.07098183035850525,0.7149999737739563,0.9358000159263611
YDR464W,YIL048W,0,-3.4512215,0.07097478955984116,0.7149999737739563,0.9358999729156494
YOR129C,YKL005C,0,-3.4532456,0.07096774131059647,0.7149999737739563,0.9359999895095825
YCR035C,YGL172W,0,-3.4534886,0.07096070051193237,0.7149999737739563,0.9361000061035156
YDR098C,YML071C,0,-3.4535644,0.07095365971326828,0.7149999737739563,0.9362000226974487
YDL065C,YAL035W,0,-3.4554305,0.07094661891460419,0.7149999737739563,0.9362999796867371
YPL028W,YJR076C,0,-3.4557145,0.0709395781159401,0.7149999737739563,0.9363999962806702
YER082C,YLR015W,0,-3.4557621,0.070932537317276,0.7149999737739563,0.9365000128746033
YHR111W,YNL258C,0,-3.45738,0.0709255039691925,0.7149999737739563,0.9366000294685364
YIL106W,YKL190W,0,-3.4574401,0.07091847062110901,0.7149999737739563,0.9366999864578247
YHR205W,YLR130C,0,-3.4577165,0.07091143727302551,0.7149999737739563,0.9368000030517578
YJL090C,YDR110W,0,-3.459707,0.07090440392494202,0.7149999737739563,0.9369000196456909
YMR081C,YNL156C,0,-3.4601176,0.07089737057685852,0.7149999737739563,0.9369999766349792
YHR081W,YOR265W,0,-3.46014,0.07089034467935562,0.7149999737739563,0.9370999932289124
YOR002W,YFR007W,0,-3.4617448,0.07088331878185272,0.7149999737739563,0.9372000098228455
YBL087C,YER148W,0,-3.462459,0.07087628543376923,0.7149999737739563,0.9373000264167786
YDR372C,YDR021W,0,-3.4624856,0.07086926698684692,0.7149999737739563,0.9373999834060669
YKL087C,YOL011W,0,-3.4630847,0.07086224108934402,0.7149999737739563,0.9375
YKR008W,YDL046W,0,-3.4640777,0.07085521519184113,0.7149999737739563,0.9376000165939331
YDR059C,YER068W,0,-3.4656012,0.07084819674491882,0.7149999737739563,0.9376999735832214
YMR256C,YDR315C,0,-3.4658825,0.07084117829799652,0.7149999737739563,0.9377999901771545
YLR193C,YGL216W,0,-3.4666245,0.07083415985107422,0.7149999737739563,0.9379000067710876
YGR099W,YNL218W,0,-3.4667222,0.07082714140415192,0.7149999737739563,0.9380000233650208
YIL088C,YER112W,0,-3.467305,0.07082013040781021,0.7149999737739563,0.9380999803543091
YNL038W,YLR201C,0,-3.4681704,0.07081311196088791,0.7149999737739563,0.9381999969482422
YFL029C,YNL054W,0,-3.4683657,0.0708061009645462,0.7149999737739563,0.9383000135421753
YJL033W,YGR169C,0,-3.4686055,0.0707990899682045,0.7149999737739563,0.9383999705314636
YER114C,YFR033C,0,-3.4693518,0.07079207897186279,0.7149999737739563,0.9384999871253967
YPL127C,YOR271C,0,-3.4693995,0.07078506797552109,0.7149999737739563,0.9386000037193298
YDR219C,YBR170C,1,-3.4694557,0.07087705284357071,0.7160000205039978,0.9386000037193298
YHR110W,YJL192C,0,-3.4695294,0.070870041847229,0.7160000205039978,0.9387000203132629
YNR055C,YDR103W,0,-3.4697688,0.0708630234003067,0.7160000205039978,0.9387999773025513
YOR085W,YLR201C,0,-3.470055,0.070856012403965,0.7160000205039978,0.9388999938964844
YLR172C,YOR174W,0,-3.4705265,0.07084900140762329,0.7160000205039978,0.9390000104904175
YLR435W,YLR147C,0,-3.4722745,0.07084199041128159,0.7160000205039978,0.9391000270843506
YOL078W,YNL188W,0,-3.472552,0.07083497941493988,0.7160000205039978,0.9391999840736389
YIL042C,YNR045W,0,-3.4727857,0.07082797586917877,0.7160000205039978,0.939300000667572
YCR030C,YDR110W,0,-3.473073,0.07082097232341766,0.7160000205039978,0.9394000172615051
YKR066C,YDR341C,0,-3.4731996,0.07081396132707596,0.7160000205039978,0.9394999742507935
YPR108W,YDR057W,1,-3.4732418,0.07090585678815842,0.7170000076293945,0.9394999742507935
YNL038W,YER046W,0,-3.4755971,0.07089884579181671,0.7170000076293945,0.9395999908447266
YPL002C,YBL041W,1,-3.4760149,0.07099070399999619,0.7179999947547913,0.9395999908447266
YPR166C,YLR323C,0,-3.4764388,0.07098368555307388,0.7179999947547913,0.9397000074386597
YAL021C,YNR013C,0,-3.4772024,0.07097666710615158,0.7179999947547913,0.9398000240325928
YJL044C,YOR332W,0,-3.4778273,0.07096965610980988,0.7179999947547913,0.9398999810218811
YJL004C,YDL098C,0,-3.4787729,0.07096263766288757,0.7179999947547913,0.9399999976158142
YBR289W,YNL085W,0,-3.4787846,0.07095562666654587,0.7179999947547913,0.9401000142097473
YDR175C,YBR205W,0,-3.4789054,0.07094861567020416,0.7179999947547913,0.9401999711990356
YOR176W,YBL017C,0,-3.479193,0.07094160467386246,0.7179999947547913,0.9402999877929688
YGR218W,YGL040C,0,-3.479282,0.07093460112810135,0.7179999947547913,0.9404000043869019
YKL067W,YOR227W,0,-3.480148,0.07092759013175964,0.7179999947547913,0.940500020980835
YOL147C,YGL223C,0,-3.4810355,0.07092058658599854,0.7179999947547913,0.9405999779701233
YKR085C,YBR260C,0,-3.4817417,0.07091358304023743,0.7179999947547913,0.9406999945640564
YPR008W,YKL052C,0,-3.4819694,0.07090657949447632,0.7179999947547913,0.9408000111579895
YLR163C,YGR007W,0,-3.4819753,0.07089957594871521,0.7179999947547913,0.9409000277519226
YNL137C,YKL135C,0,-3.4820392,0.0708925724029541,0.7179999947547913,0.9409999847412109
YGL127C,YNL291C,0,-3.4824574,0.07088557630777359,0.7179999947547913,0.941100001335144
YCL043C,YDR238C,0,-3.4826405,0.07087858021259308,0.7179999947547913,0.9412000179290771
YKL155C,YML031W,0,-3.4827187,0.07087158411741257,0.7179999947547913,0.9412999749183655
YER125W,YEL044W,0,-3.4843996,0.07086458802223206,0.7179999947547913,0.9413999915122986
YMR282C,YML041C,0,-3.4855878,0.07085759192705154,0.7179999947547913,0.9415000081062317
YCR009C,YOL072W,0,-3.4861453,0.07085060328245163,0.7179999947547913,0.9416000247001648
YBR170C,YBR173C,1,-3.4866045,0.07094228267669678,0.718999981880188,0.9416000247001648
YMR039C,YER178W,0,-3.486777,0.07093527913093567,0.718999981880188,0.9416999816894531
YOR195W,YDR231C,0,-3.4878826,0.07092828303575516,0.718999981880188,0.9417999982833862
YPL002C,YDR069C,1,-3.488082,0.07101992517709732,0.7200000286102295,0.9417999982833862
YDR337W,YJR032W,0,-3.4890108,0.07101292163133621,0.7200000286102295,0.9419000148773193
YBR278W,YCL067C,0,-3.4898903,0.0710059180855751,0.7200000286102295,0.9419999718666077
YML112W,YML057W,0,-3.4914606,0.070998914539814,0.7200000286102295,0.9420999884605408
YEL038W,YIL076W,0,-3.4915183,0.07099191844463348,0.7200000286102295,0.9422000050544739
YOL149W,YDR005C,0,-3.4925306,0.07098491489887238,0.7200000286102295,0.942300021648407
YOR046C,YJL198W,0,-3.4926395,0.07097791880369186,0.7200000286102295,0.9423999786376953
YJR131W,YLR380W,1,-3.492755,0.07106949388980865,0.7210000157356262,0.9423999786376953
YGR003W,YNL159C,1,-3.4934118,0.07116104662418365,0.722000002861023,0.9423999786376953
YGL151W,YKL189W,0,-3.493491,0.07115403562784195,0.722000002861023,0.9424999952316284
YOR037W,YDL113C,0,-3.4935994,0.07114702463150024,0.722000002861023,0.9426000118255615
YMR022W,YML092C,1,-3.4941878,0.07123854756355286,0.7229999899864197,0.9426000118255615
YML051W,YLR170C,0,-3.494253,0.07123152911663055,0.7229999899864197,0.9427000284194946
YOR239W,YNL096C,0,-3.494397,0.07122451066970825,0.7229999899864197,0.942799985408783
YLR403W,YDR130C,0,-3.4955518,0.07121749222278595,0.7229999899864197,0.9429000020027161
YDL190C,YER100W,1,-3.495779,0.07130897045135498,0.7239999771118164,0.9429000020027161
YBR082C,YHR027C,1,-3.4961398,0.07140043377876282,0.7250000238418579,0.9429000020027161
YOR080W,YBR260C,0,-3.4961863,0.07139340043067932,0.7250000238418579,0.9430000185966492
YDL190C,YDR054C,1,-3.4969852,0.07148483395576477,0.7260000109672546,0.9430000185966492
YGR253C,YDR400W,1,-3.4970984,0.07157625257968903,0.7269999980926514,0.9430000185966492
YBR036C,YHL003C,0,-3.4977424,0.07156920433044434,0.7269999980926514,0.9430999755859375
YPR008W,YGL211W,0,-3.4988053,0.07156216353178024,0.7269999980926514,0.9431999921798706
YFR031C,YGL144C,0,-3.498897,0.07155511528253555,0.7269999980926514,0.9433000087738037
YGL004C,YDR177W,1,-3.4999053,0.07164648920297623,0.7279999852180481,0.9433000087738037
YDR410C,YGR202C,0,-3.5025659,0.07163944095373154,0.7279999852180481,0.9434000253677368
YPL177C,YLR005W,0,-3.502674,0.07163239270448685,0.7279999852180481,0.9434999823570251
YAL016W,YMR041C,0,-3.5037916,0.07162534445524216,0.7279999852180481,0.9435999989509583
YBR251W,YIL138C,0,-3.504556,0.07161829620599747,0.7279999852180481,0.9437000155448914
YER012W,YGL004C,1,-3.505051,0.07170961797237396,0.7289999723434448,0.9437000155448914
YOL111C,YLR328W,0,-3.50585,0.07170256972312927,0.7289999723434448,0.9437999725341797
YMR098C,YIL120W,0,-3.5073216,0.07169551402330399,0.7289999723434448,0.9438999891281128
YHR086W,YML048W,0,-3.5080376,0.0716884657740593,0.7289999723434448,0.9440000057220459
YGR262C,YBL005W,0,-3.5081725,0.0716814175248146,0.7289999723434448,0.944100022315979
YJR032W,YLR276C,0,-3.5083044,0.07167436927556992,0.7289999723434448,0.9441999793052673
YDR217C,YMR228W,0,-3.5083468,0.07166732102632523,0.7289999723434448,0.9442999958992004
YGR262C,YOL149W,0,-3.50964,0.07166028022766113,0.7289999723434448,0.9444000124931335
YDR328C,YJR102C,1,-3.5104504,0.07175152003765106,0.7300000190734863,0.9444000124931335
YMR123W,YKL190W,0,-3.5106752,0.07174447178840637,0.7300000190734863,0.9445000290870667
YBR082C,YKL002W,1,-3.5119967,0.07183568924665451,0.7310000061988831,0.9445000290870667
YGR124W,YAL023C,0,-3.5120006,0.07182863354682922,0.7310000061988831,0.944599986076355
YKL002W,YDR427W,1,-3.5124843,0.07191982865333557,0.7319999933242798,0.944599986076355
YDL225W,YHR070W,0,-3.512597,0.07191275805234909,0.7319999933242798,0.9447000026702881
YPL169C,YHR085W,0,-3.5131009,0.0719056949019432,0.7319999933242798,0.9448000192642212
YMR004W,YJR076C,0,-3.5132318,0.07189863175153732,0.7319999933242798,0.9448999762535095
YGR106C,YGR191W,0,-3.513675,0.07189157605171204,0.7319999933242798,0.9449999928474426
YDR289C,YCL031C,0,-3.514502,0.07188451290130615,0.7319999933242798,0.9451000094413757
YKL206C,YMR276W,1,-3.5148363,0.07197564840316772,0.7329999804496765,0.9451000094413757
YHR027C,YER143W,1,-3.5150778,0.0720667615532875,0.734000027179718,0.9451000094413757
YPR171W,YOL072W,0,-3.5161562,0.07205969095230103,0.734000027179718,0.9452000260353088
YJL048C,YIL007C,1,-3.516208,0.07215078175067902,0.7350000143051147,0.9452000260353088
YOR176W,YLR292C,0,-3.5165846,0.07214369624853134,0.7350000143051147,0.9452999830245972
YNL091W,YGR229C,0,-3.5170789,0.07213661819696426,0.7350000143051147,0.9453999996185303
YML080W,YEL015W,0,-3.517173,0.07212954014539719,0.7350000143051147,0.9455000162124634
YDR005C,YGL173C,0,-3.5183873,0.07212246209383011,0.7350000143051147,0.9455999732017517
YCR004C,YJR076C,0,-3.519096,0.07211538404226303,0.7350000143051147,0.9456999897956848
YMR298W,YCR096C,0,-3.5197806,0.07210830599069595,0.7350000143051147,0.9458000063896179
YGL244W,YLR026C,0,-3.52019,0.07210123538970947,0.7350000143051147,0.945900022983551
YIL075C,YBL057C,1,-3.5220592,0.0721922516822815,0.7360000014305115,0.945900022983551
YDR071C,YKL069W,0,-3.523426,0.07218517363071442,0.7360000014305115,0.9459999799728394
YNL311C,YFL025C,1,-3.5249064,0.07227616012096405,0.7369999885559082,0.9459999799728394
YKL010C,YOL096C,0,-3.5254934,0.07226907461881638,0.7369999885559082,0.9460999965667725
YNR016C,YPL234C,0,-3.5264113,0.0722619891166687,0.7369999885559082,0.9462000131607056
YOR129C,YOR304W,0,-3.5272262,0.07225490361452103,0.7369999885559082,0.9463000297546387
YPR024W,YPR133C,0,-3.527541,0.07224781811237335,0.7369999885559082,0.946399986743927
YPL210C,YKL149C,0,-3.5284936,0.07224074006080627,0.7369999885559082,0.9465000033378601
YOR224C,YOR369C,0,-3.5303419,0.0722336545586586,0.7369999885559082,0.9466000199317932
YGR104C,YKL108W,0,-3.531633,0.07222657650709152,0.7369999885559082,0.9466999769210815
YPL134C,YKL053C-A,0,-3.5316508,0.07221949845552444,0.7369999885559082,0.9467999935150146
YOR249C,YPL065W,1,-3.5316818,0.07231040298938751,0.7379999756813049,0.9467999935150146
YKL056C,YOR204W,0,-3.5319588,0.07230332493782043,0.7379999756813049,0.9469000101089478
YLR361C,YDL141W,0,-3.5332105,0.07229623943567276,0.7379999756813049,0.9470000267028809
YNL283C,YDL040C,0,-3.5334518,0.07228915393352509,0.7379999756813049,0.9470999836921692
YMR112C,YNL330C,0,-3.5336015,0.07228207588195801,0.7379999756813049,0.9472000002861023
YDL007W,YER100W,1,-3.5339963,0.0723729282617569,0.7390000224113464,0.9472000002861023
YHR150W,YIL056W,0,-3.5342443,0.07236584275960922,0.7390000224113464,0.9473000168800354
YKL002W,YDR054C,1,-3.535372,0.07245667278766632,0.7400000095367432,0.9473000168800354
YGL058W,YDL097C,1,-3.536029,0.07254748046398163,0.7409999966621399,0.9473000168800354
YEL037C,YKL041W,1,-3.536144,0.07263828068971634,0.7419999837875366,0.9473000168800354
YML012W,YPL061W,0,-3.537035,0.07263116538524628,0.7419999837875366,0.9473999738693237
YPL210C,YGL112C,0,-3.5379577,0.07262405753135681,0.7419999837875366,0.9474999904632568
YIL030C,YPL002C,1,-3.5388587,0.07271482050418854,0.7429999709129333,0.9474999904632568
YER012W,YKL041W,1,-3.539366,0.07280556112527847,0.7440000176429749,0.9474999904632568
YBR170C,YKL206C,1,-3.5399597,0.07289627939462662,0.7450000047683716,0.9474999904632568
YBR248C,YER090W,0,-3.5403478,0.07288914918899536,0.7450000047683716,0.9476000070571899
YNL001W,YDR167W,0,-3.5406535,0.0728820189833641,0.7450000047683716,0.947700023651123
YDR150W,YBR122C,0,-3.5409966,0.07287488877773285,0.7450000047683716,0.9477999806404114
YOL147C,YER095W,0,-3.5416334,0.07286775857210159,0.7450000047683716,0.9478999972343445
YOL133W,YBL041W,1,-3.5418594,0.07295843213796616,0.7459999918937683,0.9478999972343445
YBL055C,YLR088W,0,-3.5418851,0.0729513019323349,0.7459999918937683,0.9480000138282776
YMR297W,YGR032W,0,-3.542754,0.07294416427612305,0.7459999918937683,0.9480999708175659
YKL034W,YDR400W,1,-3.5429785,0.07303480803966522,0.746999979019165,0.9480999708175659
YLR238W,YOR034C,0,-3.54309,0.07302766293287277,0.746999979019165,0.948199987411499
YMR184W,YMR022W,1,-3.5431254,0.07311827689409256,0.7480000257492065,0.948199987411499
YHR041C,YNL330C,0,-3.5458028,0.07311113178730011,0.7480000257492065,0.9483000040054321
YBR260C,YKL032C,0,-3.545934,0.07310398668050766,0.7480000257492065,0.9484000205993652
YIL145C,YJL128C,0,-3.5468137,0.07309684157371521,0.7480000257492065,0.9484999775886536
YGL227W,YDR177W,1,-3.547672,0.07318741083145142,0.7490000128746033,0.9484999775886536
YNL118C,YGR057C,0,-3.5483077,0.07318026572465897,0.7490000128746033,0.9485999941825867
YML127W,YDL143W,0,-3.5484684,0.07317311316728592,0.7490000128746033,0.9487000107765198
YDR127W,YNL219C,0,-3.5485454,0.07316596806049347,0.7490000128746033,0.9488000273704529
YOR157C,YPL096W,1,-3.5494058,0.0732564926147461,0.75,0.9488000273704529
YIL030C,YJL073W,1,-3.5494893,0.07334700971841812,0.7509999871253967,0.9488000273704529
YNL284C,YGR057C,0,-3.5496402,0.07333984225988388,0.7509999871253967,0.9488999843597412
YNL110C,YLR060W,0,-3.550661,0.07333268225193024,0.7509999871253967,0.9490000009536743
YLR427W,YDR179C,0,-3.5517387,0.07332552224397659,0.7509999871253967,0.9491000175476074
YNL079C,YNL044W,0,-3.5521467,0.07331836223602295,0.7509999871253967,0.9491999745368958
YNL123W,YGR252W,0,-3.5548284,0.0733112096786499,0.7509999871253967,0.9492999911308289
YOR211C,YNR007C,0,-3.5550911,0.07330404967069626,0.7509999871253967,0.949400007724762
YIL027C,YOR148C,0,-3.5577292,0.07329689711332321,0.7509999871253967,0.9495000243186951
YDR330W,YML092C,1,-3.5578034,0.07338733226060867,0.7519999742507935,0.9495000243186951
YER027C,YDR116C,0,-3.558475,0.07338017225265503,0.7519999742507935,0.9495999813079834
YOR057W,YMR171C,0,-3.5587904,0.07337301224470139,0.7519999742507935,0.9496999979019165
YKR019C,YCR038C,0,-3.5589104,0.07336585223674774,0.7519999742507935,0.9498000144958496
YPL002C,YLR417W,1,-3.5589678,0.07345625013113022,0.753000020980835,0.9498000144958496
YGR009C,YFL005W,0,-3.5590208,0.07344908267259598,0.753000020980835,0.9498999714851379
YNL001W,YIL090W,0,-3.5592005,0.07344192266464233,0.753000020980835,0.949999988079071
YMR218C,YLL043W,0,-3.5596108,0.0734347552061081,0.753000020980835,0.9501000046730042
YGL070C,YNL166C,0,-3.5600207,0.07342759519815445,0.753000020980835,0.9502000212669373
YGL167C,YPL042C,0,-3.560155,0.0734204351902008,0.753000020980835,0.9502999782562256
YDR179C,YNL317W,0,-3.5608923,0.07341327518224716,0.753000020980835,0.9503999948501587
YDR172W,YDR021W,0,-3.5612183,0.07340612262487411,0.753000020980835,0.9505000114440918
YKL117W,YML059C,0,-3.5628488,0.07339897006750107,0.753000020980835,0.9506000280380249
YJR131W,YLR208W,1,-3.5642216,0.07348927855491638,0.7540000081062317,0.9506000280380249
YNL231C,YML028W,0,-3.564282,0.07348211854696274,0.7540000081062317,0.9506999850273132
YIR023W,YJL058C,0,-3.5657122,0.0734749585390091,0.7540000081062317,0.9508000016212463
YER032W,YGR193C,0,-3.5661273,0.07346779853105545,0.7540000081062317,0.9509000182151794
YNL077W,YEL012W,0,-3.566305,0.0734606385231018,0.7540000081062317,0.9509999752044678
YMR080C,YKR048C,0,-3.5665689,0.07345348596572876,0.7540000081062317,0.9510999917984009
YLR105C,YPL050C,0,-3.566613,0.07344632595777512,0.7540000081062317,0.951200008392334
YBL058W,YMR022W,1,-3.5667152,0.07353657484054565,0.7549999952316284,0.951200008392334
YNL302C,YGR254W,0,-3.5685186,0.07352941483259201,0.7549999952316284,0.9513000249862671
YGL174W,YLR438C-A,0,-3.5697844,0.07352225482463837,0.7549999952316284,0.9513999819755554
YMR036C,YMR153W,0,-3.5731103,0.07351509481668472,0.7549999952316284,0.9514999985694885
YKL117W,YOR254C,0,-3.5740347,0.07350793480873108,0.7549999952316284,0.9516000151634216
YJL013C,YLL002W,0,-3.5741665,0.07350078225135803,0.7549999952316284,0.95169997215271
YGR241C,YPL129W,0,-3.5747335,0.07349362224340439,0.7549999952316284,0.9517999887466431
YDR478W,YHR086W,0,-3.577099,0.07348646968603134,0.7549999952316284,0.9519000053405762
YBR109C,YGR029W,0,-3.5789025,0.0734793171286583,0.7549999952316284,0.9520000219345093
YKL002W,YKL206C,1,-3.579049,0.07356948405504227,0.7559999823570251,0.9520000219345093
YMR237W,YLR330W,0,-3.5796988,0.07356232404708862,0.7559999823570251,0.9520999789237976
YGL163C,YLL027W,0,-3.5808737,0.07355516403913498,0.7559999823570251,0.9521999955177307
YFR021W,YOL042W,0,-3.5810251,0.07354801148176193,0.7559999823570251,0.9523000121116638
YLR005W,YPR161C,0,-3.5811658,0.07354085892438889,0.7559999823570251,0.9524000287055969
YGL107C,YPL063W,0,-3.5820253,0.07353370636701584,0.7559999823570251,0.9524999856948853
YOR316C,YLR120C,0,-3.5825813,0.07352655380964279,0.7559999823570251,0.9526000022888184
YDL185W,YER114C,0,-3.5827317,0.07351940125226974,0.7559999823570251,0.9527000188827515
YDR530C,YDL216C,0,-3.5837147,0.0735122486948967,0.7559999823570251,0.9527999758720398
YHR148W,YNL131W,0,-3.5837712,0.07350510358810425,0.7559999823570251,0.9528999924659729
YNR031C,YNL263C,0,-3.584175,0.0734979584813118,0.7559999823570251,0.953000009059906
YOL038W,YPL002C,1,-3.5843542,0.07358802109956741,0.7570000290870667,0.953000009059906
YOR207C,YNL292W,0,-3.585718,0.07358086854219437,0.7570000290870667,0.9531000256538391
YDR176W,YJR068W,0,-3.5860212,0.07357371598482132,0.7570000290870667,0.9531999826431274
YEL002C,YJL094C,0,-3.5865524,0.07356657087802887,0.7570000290870667,0.9532999992370605
YIR011C,YJL001W,1,-3.5889747,0.0736565962433815,0.7580000162124634,0.9532999992370605
YHR074W,YIL156W,0,-3.5892642,0.07364943623542786,0.7580000162124634,0.9534000158309937
YPL119C,YMR026C,0,-3.5910902,0.07364228367805481,0.7580000162124634,0.953499972820282
YJR082C,YBR230C,0,-3.592777,0.07363512367010117,0.7580000162124634,0.9535999894142151
YNL271C,YGL172W,0,-3.5948296,0.07362797111272812,0.7580000162124634,0.9537000060081482
YIL062C,YGL210W,0,-3.5951388,0.07362082600593567,0.7580000162124634,0.9538000226020813
YGR047C,YHR059W,0,-3.5954354,0.07361367344856262,0.7580000162124634,0.9538999795913696
YOR359W,YJL197W,0,-3.5961058,0.07360652834177017,0.7580000162124634,0.9539999961853027
YMR257C,YDR140W,0,-3.5965378,0.07359937578439713,0.7580000162124634,0.9541000127792358
YPL112C,YJR084W,0,-3.5976634,0.07359223067760468,0.7580000162124634,0.954200029373169
YOL133W,YMR314W,1,-3.5978146,0.07368216663599014,0.7590000033378601,0.954200029373169
YDL190C,YGL058W,1,-3.5993817,0.07377208024263382,0.7599999904632568,0.954200029373169
YMR109W,YMR287C,0,-3.599471,0.07376492023468018,0.7599999904632568,0.9542999863624573
YLR429W,YMR150C,0,-3.6020029,0.07375776767730713,0.7599999904632568,0.9544000029563904
YNL118C,YJL044C,0,-3.6025302,0.07375060766935349,0.7599999904632568,0.9545000195503235
YKL022C,YCL052C,1,-3.603112,0.07384048402309418,0.7609999775886536,0.9545000195503235
YDL175C,YOL116W,0,-3.6039038,0.07383331656455994,0.7609999775886536,0.9545999765396118
YKL155C,YGL223C,0,-3.6043885,0.07382615655660629,0.7609999775886536,0.9546999931335449
YLL041C,YKR100C,0,-3.6048372,0.07381899654865265,0.7609999775886536,0.954800009727478
YMR033W,YDR429C,0,-3.6052554,0.073811836540699,0.7609999775886536,0.9549000263214111
YGL213C,YER149C,0,-3.6084492,0.07380467653274536,0.7609999775886536,0.9549999833106995
YBR273C,YGR135W,1,-3.6093264,0.07389449328184128,0.7620000243186951,0.9549999833106995
YDR057W,YDR400W,1,-3.6101944,0.073984295129776,0.7630000114440918,0.9549999833106995
YJR083C,YBR024W,0,-3.6113524,0.07397712022066116,0.7630000114440918,0.9550999999046326
YOR101W,YDR021W,0,-3.6113915,0.07396994531154633,0.7630000114440918,0.9552000164985657
YER159C,YBR119W,0,-3.6114314,0.07396277785301208,0.7630000114440918,0.955299973487854
YMR133W,YMR101C,0,-3.6121066,0.07395561039447784,0.7630000114440918,0.9553999900817871
YKL087C,YDR414C,0,-3.6121562,0.0739484429359436,0.7630000114440918,0.9555000066757202
YLR266C,YGL087C,0,-3.6123881,0.07394127547740936,0.7630000114440918,0.9556000232696533
YJL214W,YDR009W,0,-3.613328,0.07393410801887512,0.7630000114440918,0.9556999802589417
YBL011W,YNR052C,0,-3.6134849,0.07392694801092148,0.7630000114440918,0.9557999968528748
YNR031C,YNL306W,0,-3.6164358,0.07391978055238724,0.7630000114440918,0.9559000134468079
YNR037C,YKR066C,0,-3.6182458,0.0739126205444336,0.7630000114440918,0.9559999704360962
YGR171C,YML034W,0,-3.6184392,0.07390546053647995,0.7630000114440918,0.9560999870300293
YLL003W,YGR276C,0,-3.618476,0.0738983079791069,0.7630000114440918,0.9562000036239624
YMR035W,YKR089C,0,-3.618715,0.07389114797115326,0.7630000114440918,0.9563000202178955
YBR162W-A,YDR170C,0,-3.6188889,0.07388399541378021,0.7630000114440918,0.9563999772071838
YGL061C,YLR438C-A,0,-3.6197135,0.07387684285640717,0.7630000114440918,0.9564999938011169
YMR077C,YLR417W,1,-3.6202185,0.07396650314331055,0.7639999985694885,0.9564999938011169
YEL013W,YKL168C,0,-3.6208506,0.0739593431353569,0.7639999985694885,0.95660001039505
YBR170C,YMR022W,1,-3.621103,0.0740489810705185,0.7649999856948853,0.95660001039505
YKL206C,YML013W,1,-3.621118,0.0741385966539383,0.765999972820282,0.95660001039505
YJL001W,YDR400W,1,-3.6228845,0.0742281973361969,0.7670000195503235,0.95660001039505
YJR068W,YLR088W,0,-3.6229088,0.07422101497650146,0.7670000195503235,0.9567000269889832
YKL034W,YFR050C,1,-3.6253533,0.07431059330701828,0.7680000066757202,0.9567000269889832
YJL128C,YDR347W,0,-3.62773,0.07430340349674225,0.7680000066757202,0.9567999839782715
YBL057C,YCL052C,1,-3.6286294,0.07439295947551727,0.7689999938011169,0.9567999839782715
YCR096C,YML076C,0,-3.6287193,0.07438576221466064,0.7689999938011169,0.9569000005722046
YDL108W,YJL140W,0,-3.6305816,0.07437856495380402,0.7689999938011169,0.9570000171661377
YNL298W,YIL004C,0,-3.6313674,0.07437137514352798,0.7689999938011169,0.957099974155426
YPL096W,YKL002W,1,-3.631492,0.07446088641881943,0.7699999809265137,0.957099974155426
YOL051W,YGL113W,0,-3.6315768,0.0744536817073822,0.7699999809265137,0.9571999907493591
YBL058W,YDR057W,1,-3.6322834,0.07454317063093185,0.7710000276565552,0.9571999907493591
YLL029W,YML076C,0,-3.6325557,0.07453596591949463,0.7710000276565552,0.9573000073432922
YPR143W,YBR282W,0,-3.6328595,0.0745287612080574,0.7710000276565552,0.9574000239372253
YNL248C,YDR429C,0,-3.6332037,0.07452155649662018,0.7710000276565552,0.9574999809265137
YOL133W,YMR264W,1,-3.6345615,0.07461100071668625,0.7720000147819519,0.9574999809265137
YPL239W,YLL034C,0,-3.63533,0.07460378855466843,0.7720000147819519,0.9575999975204468
YLR067C,YLR145W,0,-3.635699,0.0745965763926506,0.7720000147819519,0.9577000141143799
YMR033W,YGR191W,0,-3.6358726,0.07458937168121338,0.7720000147819519,0.9577999711036682
YNL159C,YNL311C,1,-3.6361516,0.07467877864837646,0.7730000019073486,0.9577999711036682
YOR159C,YGL155W,0,-3.6365237,0.07467155903577805,0.7730000019073486,0.9578999876976013
YLR088W,YDR212W,0,-3.636699,0.07466434687376022,0.7730000019073486,0.9580000042915344
YEL037C,YLR380W,1,-3.6372533,0.07475371658802032,0.7739999890327454,0.9580000042915344
YBL038W,YBL037W,0,-3.637294,0.0747464969754219,0.7739999890327454,0.9581000208854675
YDR121W,YNL288W,0,-3.6376822,0.07473928481340408,0.7739999890327454,0.9581999778747559
YDR377W,YDR375C,0,-3.6380303,0.07473206520080566,0.7739999890327454,0.958299994468689
YNL073W,YPL104W,0,-3.6392634,0.07472485303878784,0.7739999890327454,0.9584000110626221
YDR207C,YLR425W,0,-3.639414,0.07471763342618942,0.7739999890327454,0.9585000276565552
YLR316C,YGL112C,0,-3.639554,0.0747104212641716,0.7739999890327454,0.9585999846458435
YBR296C,YIL156W,0,-3.6399992,0.07470321655273438,0.7739999890327454,0.9587000012397766
YMR264W,YLR417W,1,-3.6400511,0.07479251176118851,0.7749999761581421,0.9587000012397766
YDL217C,YDR379W,0,-3.6421602,0.07478529214859009,0.7749999761581421,0.9588000178337097
YOR216C,YER093C,0,-3.64233,0.07477807998657227,0.7749999761581421,0.958899974822998
YJL164C,YBR046C,0,-3.643078,0.07477086037397385,0.7749999761581421,0.9589999914169312
YML097C,YDR167W,0,-3.6453278,0.07476364821195602,0.7749999761581421,0.9591000080108643
YPL112C,YNR013C,0,-3.646117,0.0747564360499382,0.7749999761581421,0.9592000246047974
YPL274W,YDL128W,0,-3.6463716,0.07474923133850098,0.7749999761581421,0.9592999815940857
YJL098W,YOR346W,0,-3.6476715,0.07474201917648315,0.7749999761581421,0.9593999981880188
YAL041W,YMR188C,0,-3.6477165,0.07473481446504593,0.7749999761581421,0.9595000147819519
YBR193C,YLR039C,0,-3.6479032,0.0747276023030281,0.7749999761581421,0.9595999717712402
YLR396C,YPR072W,0,-3.6485798,0.07472039759159088,0.7749999761581421,0.9596999883651733
YOR193W,YLR105C,0,-3.6504705,0.07471320033073425,0.7749999761581421,0.9598000049591064
YML094W,YNL166C,0,-3.6509182,0.07470599561929703,0.7749999761581421,0.9599000215530396
YER012W,YDR002W,1,-3.6512234,0.0747951790690422,0.7760000228881836,0.9599000215530396
YOL096C,YML077W,0,-3.651621,0.07478797435760498,0.7760000228881836,0.9599999785423279
YKL206C,YGL004C,1,-3.6517978,0.07487713545560837,0.7770000100135803,0.9599999785423279
YPR086W,YHR024C,0,-3.6554375,0.07486991584300995,0.7770000100135803,0.960099995136261
YOR008C,YIL036W,0,-3.6558049,0.07486270368099213,0.7770000100135803,0.9602000117301941
YKL074C,YMR225C,0,-3.6563709,0.0748554915189743,0.7770000100135803,0.9603000283241272
YOR259C,YKL206C,1,-3.657328,0.07494460791349411,0.777999997138977,0.9603000283241272
YDR245W,YHR064C,0,-3.6575859,0.07493738830089569,0.777999997138977,0.9603999853134155
YCR044C,YFL047W,0,-3.6575878,0.07493017613887787,0.777999997138977,0.9605000019073486
YOL038W,YDR054C,1,-3.6583931,0.07501926273107529,0.7789999842643738,0.9605000019073486
YOR039W,YDR487C,0,-3.6584265,0.07501203566789627,0.7789999842643738,0.9606000185012817
YBR082C,YFR050C,1,-3.6588,0.0751010999083519,0.7799999713897705,0.9606000185012817
YCL014W,YDL143W,0,-3.6593716,0.07509386539459229,0.7799999713897705,0.9606999754905701
YOR109W,YNL271C,0,-3.66071,0.07508663833141327,0.7799999713897705,0.9607999920845032
YOR195W,YDL235C,0,-3.6620505,0.07507941126823425,0.7799999713897705,0.9609000086784363
YOR181W,YKL058W,0,-3.6621425,0.07507218420505524,0.7799999713897705,0.9610000252723694
YKL045W,YLL048C,0,-3.6625733,0.07506495714187622,0.7799999713897705,0.9610999822616577
YOR117W,YDR177W,1,-3.6643322,0.07515396177768707,0.781000018119812,0.9610999822616577
YDR219C,YKL002W,1,-3.6647532,0.07524295151233673,0.7820000052452087,0.9610999822616577
YBR254C,YDR021W,0,-3.6658912,0.07523570954799652,0.7820000052452087,0.9611999988555908
YNL159C,YDR260C,1,-3.667545,0.07532467693090439,0.7829999923706055,0.9611999988555908
YPR132W,YAL035W,0,-3.669681,0.07531742751598358,0.7829999923706055,0.9613000154495239
YFR041C,YOR014W,0,-3.66979,0.07531018555164337,0.7829999923706055,0.9613999724388123
YNL159C,YNL008C,1,-3.6699417,0.07539911568164825,0.7839999794960022,0.9613999724388123
YNL306W,YLR427W,0,-3.6703327,0.07539186626672745,0.7839999794960022,0.9614999890327454
YLR417W,YGR135W,1,-3.6708872,0.07548076659440994,0.7850000262260437,0.9614999890327454
YDR057W,YPL002C,1,-3.6712677,0.07556965947151184,0.7860000133514404,0.9614999890327454
YLR447C,YDR100W,0,-3.6725657,0.07556239515542984,0.7860000133514404,0.9616000056266785
YBL058W,YDR177W,1,-3.6730616,0.07565125077962875,0.7870000004768372,0.9616000056266785
YLR417W,YBL041W,1,-3.6745803,0.07574009895324707,0.7879999876022339,0.9616000056266785
YER063W,YCR044C,0,-3.67663,0.07573281973600388,0.7879999876022339,0.9617000222206116
YMR225C,YDR088C,0,-3.6776142,0.07572554051876068,0.7879999876022339,0.9617999792098999
YIR011C,YDL190C,1,-3.6782167,0.07581435889005661,0.7889999747276306,0.9617999792098999
YPR057W,YDL138W,0,-3.6785307,0.07580707222223282,0.7889999747276306,0.961899995803833
YOR323C,YDL095W,0,-3.6788664,0.07579978555440903,0.7889999747276306,0.9620000123977661
YLR418C,YNL185C,0,-3.679704,0.07579250633716583,0.7889999747276306,0.9621000289916992
YLR127C,YLR097C,1,-3.6811454,0.07588128000497818,0.7900000214576721,0.9621000289916992
YKL034W,YBL041W,1,-3.682378,0.07597003132104874,0.7910000085830688,0.9621000289916992
YMR091C,YGR077C,0,-3.6830585,0.07596273720264435,0.7910000085830688,0.9621999859809875
YKL203C,YDR071C,0,-3.6840389,0.07595544308423996,0.7910000085830688,0.9623000025749207
YEL015W,YKL179C,0,-3.6844041,0.07594814896583557,0.7910000085830688,0.9624000191688538
YGL060W,YJR060W,0,-3.6853726,0.07594086229801178,0.7910000085830688,0.9624999761581421
YKR085C,YNR020C,0,-3.6859207,0.07593356817960739,0.7910000085830688,0.9625999927520752
YIL090W,YGR193C,0,-3.6866794,0.0759262815117836,0.7910000085830688,0.9627000093460083
YBR010W,YDR188W,0,-3.68713,0.07591899484395981,0.7910000085830688,0.9628000259399414
YIL026C,YBR024W,0,-3.6890948,0.07591170817613602,0.7910000085830688,0.9628999829292297
YNL094W,YHR114W,0,-3.6901357,0.07590442150831223,0.7910000085830688,0.9629999995231628
YLR175W,YOR168W,0,-3.6917174,0.07589714229106903,0.7910000085830688,0.963100016117096
YHR190W,YMR318C,0,-3.693177,0.07588985562324524,0.7910000085830688,0.9631999731063843
YEL037C,YGL058W,1,-3.695194,0.07597851008176804,0.7919999957084656,0.9631999731063843
YOL133W,YGL227W,1,-3.699221,0.07606714963912964,0.7929999828338623,0.9631999731063843
YJR108W,YOR372C,0,-3.7029119,0.07605984807014465,0.7929999828338623,0.9632999897003174
YPL215W,YOR323C,0,-3.7035465,0.07605255395174026,0.7929999828338623,0.9634000062942505
YOR261C,YIL007C,1,-3.7052143,0.07614115625619888,0.7940000295639038,0.9634000062942505
YOL123W,YNL243W,0,-3.7055495,0.0761338546872139,0.7940000295639038,0.9635000228881836
YMR285C,YJL096W,0,-3.7066386,0.07612656056880951,0.7940000295639038,0.9635999798774719
YGR262C,YGR276C,0,-3.7083566,0.07611925899982452,0.7940000295639038,0.963699996471405
YGR191W,YJR121W,0,-3.7100356,0.07611196488142014,0.7940000295639038,0.9638000130653381
YJR089W,YML049C,0,-3.710572,0.07610467076301575,0.7940000295639038,0.9639000296592712
YJR032W,YDR091C,0,-3.7116394,0.07609737664461136,0.7940000295639038,0.9639999866485596
YGR129W,YMR227C,0,-3.7117183,0.07609008252620697,0.7940000295639038,0.9641000032424927
YDR378C,YHR012W,0,-3.7118368,0.07608278840780258,0.7940000295639038,0.9642000198364258
YDR439W,YGL223C,0,-3.7140431,0.07607550173997879,0.7940000295639038,0.9642999768257141
YBR030W,YNL292W,0,-3.71418,0.076068215072155,0.7940000295639038,0.9643999934196472
YBR273C,YGL227W,1,-3.7150297,0.07615672051906586,0.7950000166893005,0.9643999934196472
YGR081C,YNL061W,0,-3.717005,0.07614942640066147,0.7950000166893005,0.9645000100135803
YLR175W,YOR119C,0,-3.7186677,0.07614213228225708,0.7950000166893005,0.9646000266075134
YKL034W,YDR057W,1,-3.7203906,0.07623060792684555,0.7960000038146973,0.9646000266075134
YMR314W,YDR002W,1,-3.7205637,0.07631906867027283,0.796999990940094,0.9646000266075134
YMR264W,YML092C,1,-3.720975,0.07640750706195831,0.7979999780654907,0.9646000266075134
YDR096W,YGR029W,0,-3.721421,0.07640019059181213,0.7979999780654907,0.9646999835968018
YDR460W,YLR360W,0,-3.7217033,0.07639287412166595,0.7979999780654907,0.9648000001907349
YPL244C,YIL134W,0,-3.7224607,0.07638556510210037,0.7979999780654907,0.964900016784668
YDR062W,YPR072W,0,-3.723091,0.07637825608253479,0.7979999780654907,0.9649999737739563
YNL183C,YOR138C,0,-3.7260976,0.07637094706296921,0.7979999780654907,0.9650999903678894
YER125W,YDR422C,0,-3.7305267,0.07636363804340363,0.7979999780654907,0.9652000069618225
YBR170C,YDR260C,1,-3.73233,0.07645201683044434,0.7990000247955322,0.9652000069618225
YIL039W,YPL060W,0,-3.7327855,0.07644470036029816,0.7990000247955322,0.9653000235557556
YIL030C,YKL002W,1,-3.7329843,0.07653304934501648,0.800000011920929,0.9653000235557556
YNL199C,YMR270C,0,-3.7334068,0.0765257328748703,0.800000011920929,0.965399980545044
YCR030C,YKR028W,0,-3.7343123,0.07651840895414352,0.800000011920929,0.965499997138977
YOR243C,YNL068C,0,-3.7351255,0.07651109248399734,0.800000011920929,0.9656000137329102
YHR181W,YBR041W,0,-3.737493,0.07650377601385117,0.800000011920929,0.9656999707221985
YNL244C,YJL148W,0,-3.7383516,0.07649645954370499,0.800000011920929,0.9657999873161316
YPL159C,YOL045W,0,-3.7418315,0.0764891505241394,0.800000011920929,0.9659000039100647
YMR264W,YLR208W,1,-3.7434998,0.07657743990421295,0.8009999990463257,0.9659000039100647
YER019C-A,YDR410C,0,-3.7441075,0.07657011598348618,0.8009999990463257,0.9660000205039978
YEL037C,YDL007W,1,-3.7449982,0.07665838301181793,0.8019999861717224,0.9660000205039978
YBR082C,YLR208W,1,-3.7474558,0.0767466276884079,0.8029999732971191,0.9660000205039978
YKL058W,YOR299W,0,-3.751093,0.07673929631710052,0.8029999732971191,0.9660999774932861
YDR372C,YGL106W,0,-3.7517345,0.07673196494579315,0.8029999732971191,0.9661999940872192
YML009C,YNL070W,0,-3.752212,0.07672463357448578,0.8029999732971191,0.9663000106811523
YJL129C,YDL035C,0,-3.7528615,0.0767173022031784,0.8029999732971191,0.9664000272750854
YDR332W,YIL070C,0,-3.7530603,0.07670997083187103,0.8029999732971191,0.9664999842643738
YLR451W,YDR217C,0,-3.7545874,0.07670264691114426,0.8029999732971191,0.9666000008583069
YFR037C,YGL244W,0,-3.7546074,0.07669532299041748,0.8029999732971191,0.96670001745224
YKL024C,YML124C,0,-3.7549865,0.0766879990696907,0.8029999732971191,0.9667999744415283
YJR102C,YGL004C,1,-3.7566566,0.0767761617898941,0.8040000200271606,0.9667999744415283
YOR261C,YBR170C,1,-3.7586176,0.0768643170595169,0.8050000071525574,0.9667999744415283
YBR187W,YDR012W,0,-3.7587202,0.07685697823762894,0.8050000071525574,0.9668999910354614
YMR033W,YER178W,0,-3.759187,0.07684963941574097,0.8050000071525574,0.9670000076293945
YLR163C,YML009C,0,-3.7615125,0.0768423080444336,0.8050000071525574,0.9671000242233276
YNL293W,YKL170W,0,-3.7618976,0.07683496922254562,0.8050000071525574,0.967199981212616
YMR033W,YPR100W,0,-3.7636828,0.07682763785123825,0.8050000071525574,0.9672999978065491
YLR361C,YIL138C,0,-3.7676816,0.07682030647993088,0.8050000071525574,0.9674000144004822
YMR314W,YER100W,1,-3.7688525,0.07690839469432831,0.8059999942779541,0.9674000144004822
YOR119C,YER133W,0,-3.771401,0.07690105587244034,0.8059999942779541,0.9674999713897705
YOL112W,YLR268W,0,-3.7718282,0.07689372450113297,0.8059999942779541,0.9675999879837036
YBL058W,YBR173C,1,-3.772414,0.07698178291320801,0.8069999814033508,0.9675999879837036
YGL058W,YOL038W,1,-3.7733438,0.07706981897354126,0.8080000281333923,0.9675999879837036
YKL183W,YHR120W,0,-3.774599,0.07706247270107269,0.8080000281333923,0.9677000045776367
YOR175C,YGR167W,0,-3.7758362,0.07705511897802353,0.8080000281333923,0.9678000211715698
YKR038C,YHR206W,0,-3.7769337,0.07704777270555496,0.8080000281333923,0.9678999781608582
YKR007W,YLR248W,0,-3.778793,0.0770404264330864,0.8080000281333923,0.9679999947547913
YBR173C,YGL004C,1,-3.7800112,0.07712841778993607,0.8090000152587891,0.9679999947547913
YMR168C,YMR311C,0,-3.7815208,0.0771210640668869,0.8090000152587891,0.9681000113487244
YMR172W,YMR200W,0,-3.7855546,0.07711371779441833,0.8090000152587891,0.9682000279426575
YER007C-A,YJL121C,0,-3.7863996,0.07710636407136917,0.8090000152587891,0.9682999849319458
YJL019W,YKL040C,0,-3.7866256,0.0770990177989006,0.8090000152587891,0.9684000015258789
YIL147C,YIL142W,0,-3.7868936,0.07709167152643204,0.8090000152587891,0.968500018119812
YKL002W,YLR208W,1,-3.788379,0.07717961072921753,0.8100000023841858,0.968500018119812
YBR074W,YNR008W,0,-3.789903,0.07717225700616837,0.8100000023841858,0.9685999751091003
YMR298W,YKL039W,0,-3.7899675,0.0771649032831192,0.8100000023841858,0.9686999917030334
YNL219C,YKL140W,0,-3.79013,0.07715755701065063,0.8100000023841858,0.9688000082969666
YMR054W,YPL013C,0,-3.790264,0.07715020328760147,0.8100000023841858,0.9689000248908997
YKL034W,YBR170C,1,-3.7908938,0.07723809778690338,0.8109999895095825,0.9689000248908997
YGL227W,YLR025W,1,-3.7915876,0.0773259699344635,0.8119999766349792,0.9689000248908997
YKL034W,YPL002C,1,-3.7929845,0.07741382718086243,0.8130000233650208,0.9689000248908997
YGL174W,YDR369C,0,-3.793175,0.07740645855665207,0.8130000233650208,0.968999981880188
YGL213C,YGL025C,0,-3.7942224,0.07739908248186111,0.8130000233650208,0.9690999984741211
YDL143W,YMR026C,0,-3.7945595,0.07739172130823135,0.8130000233650208,0.9692000150680542
YPL214C,YPR125W,0,-3.7957883,0.077384352684021,0.8130000233650208,0.9692999720573425
YOR259C,YCL052C,1,-3.7959888,0.07747215777635574,0.8140000104904175,0.9692999720573425
YKL034W,YPL096W,1,-3.7968924,0.0775599554181099,0.8149999976158142,0.9692999720573425
YOR008C,YOR335C,0,-3.7995405,0.07755257189273834,0.8149999976158142,0.9693999886512756
YJL001W,YKL041W,1,-3.7999668,0.0776403397321701,0.8159999847412109,0.9693999886512756
YJR083C,YLR363C,0,-3.8003502,0.07763295620679855,0.8159999847412109,0.9695000052452087
YML076C,YDR088C,0,-3.8003838,0.077625572681427,0.8159999847412109,0.9696000218391418
YJR082C,YLR107W,0,-3.8010142,0.07761818915605545,0.8159999847412109,0.9696999788284302
YJR049C,YER051W,0,-3.80253,0.0776108056306839,0.8159999847412109,0.9697999954223633
YDR172W,YLR060W,0,-3.8038318,0.07760342210531235,0.8159999847412109,0.9699000120162964
YKL005C,YDL217C,0,-3.8042204,0.07759604603052139,0.8159999847412109,0.9700000286102295
YOR157C,YER143W,1,-3.8068466,0.07768374681472778,0.8169999718666077,0.9700000286102295
YLR059C,YAL035W,0,-3.80726,0.07767636328935623,0.8169999718666077,0.9700999855995178
YLR459W,YMR270C,0,-3.8099487,0.07766897976398468,0.8169999718666077,0.9702000021934509
YPL105C,YNR027W,0,-3.8106234,0.07766159623861313,0.8169999718666077,0.970300018787384
YGL136C,YPR188C,0,-3.810653,0.07765421271324158,0.8169999718666077,0.9703999757766724
YKL041W,YNL311C,1,-3.8122432,0.07774187624454498,0.8180000185966492,0.9703999757766724
YDR482C,YNL325C,0,-3.813247,0.07773448526859283,0.8180000185966492,0.9704999923706055
YOR157C,YGL058W,1,-3.8157973,0.07782211899757385,0.8190000057220459,0.9704999923706055
YER050C,YJR084W,0,-3.8159091,0.0778147280216217,0.8190000057220459,0.9706000089645386
YER114C,YBR049C,0,-3.8190467,0.07780733704566956,0.8190000057220459,0.9707000255584717
YOR206W,YHL011C,0,-3.8207645,0.07779994606971741,0.8190000057220459,0.97079998254776
YPR086W,YOR126C,0,-3.8208852,0.07779255509376526,0.8190000057220459,0.9708999991416931
YMR264W,YOR259C,1,-3.8238704,0.0778801441192627,0.8199999928474426,0.9708999991416931
YFR052W,YDR054C,1,-3.824435,0.07796771079301834,0.8209999799728394,0.9708999991416931
YDR045C,YLR328W,0,-3.8270578,0.077960304915905,0.8209999799728394,0.9710000157356262
YLR097C,YOR117W,1,-3.8273156,0.07804785668849945,0.8220000267028809,0.9710000157356262
YNL056W,YEL058W,0,-3.8281758,0.07804044336080551,0.8220000267028809,0.9710999727249146
YFL048C,YBR055C,0,-3.8294613,0.07803303748369217,0.8220000267028809,0.9711999893188477
YMR282C,YKL094W,0,-3.8295405,0.07802563160657883,0.8220000267028809,0.9713000059127808
YMR033W,YJL117W,0,-3.830028,0.07801822572946548,0.8220000267028809,0.9714000225067139
YHR057C,YNL073W,0,-3.8302138,0.07801081985235214,0.8220000267028809,0.9714999794960022
YOR061W,YNR003C,0,-3.830279,0.0780034139752388,0.8220000267028809,0.9715999960899353
YPR143W,YFR033C,0,-3.8304079,0.07799601554870605,0.8220000267028809,0.9717000126838684
YNL261W,YCR028C,0,-3.830522,0.07798861712217331,0.8220000267028809,0.9718000292778015
YCL031C,YGR084C,0,-3.831101,0.07798121869564056,0.8220000267028809,0.9718999862670898
YMR264W,YDR057W,1,-3.831366,0.07806868106126785,0.8230000138282776,0.9718999862670898
YBR173C,YKL041W,1,-3.8320568,0.07815612107515335,0.8240000009536743,0.9718999862670898
YGR253C,YGL004C,1,-3.8330443,0.07824355363845825,0.824999988079071,0.9718999862670898
YLR321C,YPL007C,0,-3.834643,0.07823613286018372,0.824999988079071,0.972000002861023
YER100W,YJR102C,1,-3.8357618,0.07832353562116623,0.8259999752044678,0.972000002861023
YPR178W,YPL213W,0,-3.8364346,0.0783161073923111,0.8259999752044678,0.972100019454956
YMR220W,YGR220C,0,-3.8367357,0.07830868661403656,0.8259999752044678,0.9721999764442444
YBL087C,YDL184C,0,-3.8370786,0.07830125838518143,0.8259999752044678,0.9722999930381775
YOR014W,YNL287W,0,-3.8374302,0.07829383760690689,0.8259999752044678,0.9724000096321106
YNL137C,YOR327C,0,-3.8381789,0.07828641682863235,0.8259999752044678,0.9725000262260437
YOL112W,YGL226W,0,-3.8399394,0.07827899605035782,0.8259999752044678,0.972599983215332
YGL123W,YOR045W,0,-3.8413785,0.07827158272266388,0.8259999752044678,0.9726999998092651
YMR264W,YDR177W,1,-3.8414361,0.07835891842842102,0.8270000219345093,0.9726999998092651
YLR429W,YML012W,0,-3.8421052,0.07835149019956589,0.8270000219345093,0.9728000164031982
YOR086C,YBL017C,0,-3.84309,0.07834406942129135,0.8270000219345093,0.9728999733924866
YDR069C,YNL311C,1,-3.847379,0.0784313753247261,0.828000009059906,0.9728999733924866
YMR077C,YGR135W,1,-3.847529,0.07851865887641907,0.8289999961853027,0.9728999733924866
YKL041W,YGL004C,1,-3.8486874,0.07860592752695084,0.8299999833106995,0.9728999733924866
YOR075W,YER017C,0,-3.8487303,0.07859848439693451,0.8299999833106995,0.9729999899864197
YCL052C,YHR027C,1,-3.848807,0.07868573069572449,0.8309999704360962,0.9729999899864197
YBL058W,YKL002W,1,-3.849156,0.07877296209335327,0.8320000171661377,0.9729999899864197
YLR127C,YKL041W,1,-3.851382,0.07886017113924026,0.8330000042915344,0.9729999899864197
YDR059C,YMR005W,0,-3.851949,0.07885270565748215,0.8330000042915344,0.9731000065803528
YBR082C,YGR135W,1,-3.852471,0.07893989235162735,0.8339999914169312,0.9731000065803528
YOR038C,YBR119W,0,-3.8554294,0.07893242686986923,0.8339999914169312,0.9732000231742859
YKL099C,YBL068W,0,-3.856119,0.07892495393753052,0.8339999914169312,0.9732999801635742
YMR115W,YOL102C,0,-3.8579738,0.0789174884557724,0.8339999914169312,0.9733999967575073
YDR148C,YMR043W,0,-3.8583891,0.07891002297401428,0.8339999914169312,0.9735000133514404
YDR246W,YDR228C,0,-3.859349,0.07890255749225616,0.8339999914169312,0.9735999703407288
YMR056C,YKR014C,0,-3.8619437,0.07889509201049805,0.8339999914169312,0.9736999869346619
YJL081C,YOL102C,0,-3.863383,0.07888762652873993,0.8339999914169312,0.973800003528595
YDR328C,YML013W,1,-3.8681467,0.07897474616765976,0.8349999785423279,0.973800003528595
YPL127C,YPL063W,0,-3.8683848,0.07896728068590164,0.8349999785423279,0.9739000201225281
YDR284C,YJR073C,0,-3.8689263,0.07895980775356293,0.8349999785423279,0.9739999771118164
YGL058W,YDL007W,1,-3.8692791,0.07904689759016037,0.8360000252723694,0.9739999771118164
YDR328C,YHR027C,1,-3.8697941,0.07913397252559662,0.8370000123977661,0.9739999771118164
YKL020C,YEL053C,0,-3.8700144,0.07912649214267731,0.8370000123977661,0.9740999937057495
YBR036C,YAL035W,0,-3.8701894,0.079119011759758,0.8370000123977661,0.9742000102996826
YBR173C,YJR102C,1,-3.8714747,0.07920604944229126,0.8379999995231628,0.9742000102996826
YDR513W,YDL045C,0,-3.8716455,0.07919856160879135,0.8379999995231628,0.9743000268936157
YMR153W,YJL129C,0,-3.8726575,0.07919108122587204,0.8379999995231628,0.974399983882904
YDR028C,YBR059C,0,-3.8727133,0.07918359339237213,0.8379999995231628,0.9745000004768372
YOR299W,YKL095W,0,-3.8732212,0.07917611300945282,0.8379999995231628,0.9746000170707703
YBR082C,YBR173C,1,-3.8745515,0.0792631059885025,0.8389999866485596,0.9746000170707703
YMR275C,YPL115C,0,-3.876462,0.0792556181550026,0.8389999866485596,0.9746999740600586
YOL133W,YBL057C,1,-3.8767219,0.07934258878231049,0.8399999737739563,0.9746999740600586
YDR088C,YGL087C,0,-3.8812187,0.07933509349822998,0.8399999737739563,0.9747999906539917
YGL058W,YDR002W,1,-3.8822625,0.07942204177379608,0.8410000205039978,0.9747999906539917
YHR039C-A,YDL128W,0,-3.8822892,0.07941453903913498,0.8410000205039978,0.9749000072479248
YKL002W,YIL007C,1,-3.8845422,0.07950146496295929,0.8420000076293945,0.9749000072479248
YNL038W,YMR240C,0,-3.8848917,0.07949395477771759,0.8420000076293945,0.9750000238418579
YPL180W,YDR463W,0,-3.8875859,0.07948645204305649,0.8420000076293945,0.9750999808311462
YKL166C,YDL111C,0,-3.8878615,0.07947894930839539,0.8420000076293945,0.9751999974250793
YNL206C,YDL076C,0,-3.8912027,0.07947144657373428,0.8420000076293945,0.9753000140190125
YKR031C,YPL119C,0,-3.892041,0.07946395128965378,0.8420000076293945,0.9753999710083008
YKL203C,YDR164C,0,-3.8926644,0.07945644855499268,0.8420000076293945,0.9754999876022339
YMR276W,YMR022W,1,-3.892902,0.07954330742359161,0.8429999947547913,0.9754999876022339
YDR410C,YNL284C,0,-3.893159,0.07953580468893051,0.8429999947547913,0.975600004196167
YLR097C,YGL004C,1,-3.893632,0.07962264120578766,0.843999981880188,0.975600004196167
YLR011W,YBR024W,0,-3.8949735,0.07961513102054596,0.843999981880188,0.9757000207901001
YKL005C,YBR119W,0,-3.8954303,0.07960762083530426,0.843999981880188,0.9757999777793884
YMR302C,YKL117W,0,-3.8976772,0.07960011065006256,0.843999981880188,0.9758999943733215
YHL034C,YBR035C,0,-3.8984616,0.07959260791540146,0.843999981880188,0.9760000109672546
YBR022W,YLR204W,0,-3.9003637,0.07958509773015976,0.843999981880188,0.9761000275611877
YLR028C,YJL128C,0,-3.9015553,0.07957759499549866,0.843999981880188,0.9761999845504761
YLL048C,YDL143W,0,-3.9025784,0.07957009226083755,0.843999981880188,0.9763000011444092
YHR135C,YER155C,0,-3.9038534,0.07956259697675705,0.843999981880188,0.9764000177383423
YNL159C,YGL004C,1,-3.9049637,0.07964935153722763,0.8450000286102295,0.9764000177383423
YDL015C,YMR038C,0,-3.9051642,0.07964184880256653,0.8450000286102295,0.9764999747276306
YPL195W,YCR044C,0,-3.9063041,0.07963433861732483,0.8450000286102295,0.9765999913215637
YMR071C,YMR123W,0,-3.9068718,0.07962683588266373,0.8450000286102295,0.9767000079154968
YCR009C,YPL078C,0,-3.9078484,0.07961933314800262,0.8450000286102295,0.9768000245094299
YKL005C,YER168C,0,-3.9080062,0.07961183041334152,0.8450000286102295,0.9768999814987183
YOR069W,YLR007W,0,-3.9099195,0.07960433512926102,0.8450000286102295,0.9769999980926514
YLR025W,YHR027C,1,-3.9099874,0.07969103008508682,0.8460000157356262,0.9769999980926514
YDR358W,YER100W,1,-3.910228,0.07977771759033203,0.847000002861023,0.9769999980926514
YML067C,YPL149W,0,-3.911084,0.07977019995450974,0.847000002861023,0.9771000146865845
YPL180W,YEL052W,0,-3.9116714,0.07976268976926804,0.847000002861023,0.9771999716758728
YMR264W,YKL206C,1,-3.913792,0.07984934002161026,0.8479999899864197,0.9771999716758728
YER089C,YEL013W,0,-3.9152744,0.07984182238578796,0.8479999899864197,0.9772999882698059
YER129W,YBL079W,0,-3.915812,0.07983430474996567,0.8479999899864197,0.977400004863739
YNL056W,YOR150W,0,-3.916643,0.07982679456472397,0.8479999899864197,0.9775000214576721
YPR149W,YOR020C,0,-3.9196413,0.07981927692890167,0.8479999899864197,0.9775999784469604
YHR190W,YDR292C,0,-3.9203184,0.07981176674365997,0.8479999899864197,0.9776999950408936
YGL103W,YGR254W,0,-3.9211085,0.07980425655841827,0.8479999899864197,0.9778000116348267
YGR262C,YPR072W,0,-3.922391,0.07979674637317657,0.8479999899864197,0.9779000282287598
YDR076W,YOR388C,0,-3.925647,0.07978923618793488,0.8479999899864197,0.9779999852180481
YMR264W,YPL002C,1,-3.9263432,0.07987581193447113,0.8489999771118164,0.9779999852180481
YJL052W,YGR118W,0,-3.9275434,0.07986829429864883,0.8489999771118164,0.9781000018119812
YOR039W,YOR187W,0,-3.9291508,0.07986078411340714,0.8489999771118164,0.9782000184059143
YDR337W,YOR174W,0,-3.931108,0.07985327392816544,0.8489999771118164,0.9782999753952026
YLR425W,YMR213W,0,-3.93188,0.07984576374292374,0.8489999771118164,0.9783999919891357
YPR108W,YMR264W,1,-3.932902,0.07993229478597641,0.8500000238418579,0.9783999919891357
YEL017C-A,YBR121C,0,-3.9339728,0.07992477715015411,0.8500000238418579,0.9785000085830688
YBR082C,YDR260C,1,-3.9352508,0.080011285841465,0.8510000109672546,0.9785000085830688
YMR314W,YLR025W,1,-3.9365013,0.08009777218103409,0.8519999980926514,0.9785000085830688
YAL022C,YDR174W,0,-3.9374073,0.0800902396440506,0.8519999980926514,0.978600025177002
YOL133W,YPL002C,1,-3.9388855,0.0801767110824585,0.8529999852180481,0.978600025177002
YEL037C,YGR135W,1,-3.9398925,0.0802631601691246,0.8539999723434448,0.978600025177002
YKL210W,YOR316C,0,-3.9438238,0.08025561273097992,0.8539999723434448,0.9786999821662903
YBL041W,YML013W,1,-3.9457674,0.08034203946590424,0.8550000190734863,0.9786999821662903
YDR034C,YKR008W,0,-3.947132,0.08033449202775955,0.8550000190734863,0.9787999987602234
YKL034W,YFL025C,1,-3.9472275,0.08042089641094208,0.8560000061988831,0.9787999987602234
YKL034W,YNL008C,1,-3.9486234,0.08050727844238281,0.8569999933242798,0.9787999987602234
YJL001W,YNL159C,1,-3.9496858,0.08059365302324295,0.8579999804496765,0.9787999987602234
YBR173C,YLR025W,1,-3.9499698,0.0806800052523613,0.859000027179718,0.9787999987602234
YLR200W,YNR037C,0,-3.9518793,0.08067242801189423,0.859000027179718,0.9789000153541565
YAL007C,YPL244C,0,-3.9520793,0.08066485077142715,0.859000027179718,0.9789999723434448
YOL125W,YDL031W,0,-3.9534628,0.08065727353096008,0.859000027179718,0.9790999889373779
YOR261C,YKL206C,1,-3.9537091,0.08074358850717545,0.8600000143051147,0.9790999889373779
YNL223W,YOL054W,0,-3.95399,0.08073601126670837,0.8600000143051147,0.979200005531311
YNL059C,YOR260W,0,-3.958751,0.0807284340262413,0.8600000143051147,0.9793000221252441
YGR220C,YGR007W,0,-3.9635785,0.08072085678577423,0.8600000143051147,0.9793999791145325
YGL058W,YML013W,1,-3.9638977,0.08080713450908661,0.8610000014305115,0.9793999791145325
YER012W,YMR276W,1,-3.9640238,0.0808933898806572,0.8619999885559082,0.9793999791145325
YLR025W,YDR427W,1,-3.9675837,0.08097963780164719,0.8629999756813049,0.9793999791145325
YDL091C,YPL203W,0,-3.9730237,0.08097203820943832,0.8629999756813049,0.9794999957084656
YBR170C,YER100W,1,-3.978139,0.08105826377868652,0.8640000224113464,0.9794999957084656
YOR330C,YKL189W,0,-3.9793718,0.08105065673589706,0.8640000224113464,0.9796000123023987
YDR137W,YDR207C,0,-3.979769,0.0810430571436882,0.8640000224113464,0.9797000288963318
YER167W,YGL073W,0,-3.980116,0.08103545010089874,0.8640000224113464,0.9797999858856201
YDR510W,YDR145W,0,-3.982229,0.08102785050868988,0.8640000224113464,0.9799000024795532
YML098W,YER030W,0,-3.9856021,0.08102025836706161,0.8640000224113464,0.9800000190734863
YOR039W,YER115C,0,-3.9882634,0.08101265877485275,0.8640000224113464,0.9800999760627747
YPR019W,YNR013C,0,-3.9882758,0.08100505918264389,0.8640000224113464,0.9801999926567078
YMR311C,YDR116C,0,-3.989076,0.08099746704101562,0.8640000224113464,0.9803000092506409
YMR070W,YNR010W,0,-3.9907632,0.08098987489938736,0.8640000224113464,0.980400025844574
YDR386W,YPR155C,0,-3.9930468,0.0809822827577591,0.8640000224113464,0.9804999828338623
YEL037C,YBL058W,1,-3.9940794,0.08106841892004013,0.8650000095367432,0.9804999828338623
YNL091W,YNL158W,0,-3.9943082,0.08106081932783127,0.8650000095367432,0.9805999994277954
YBR282W,YLR096W,0,-3.9949124,0.0810532197356224,0.8650000095367432,0.9807000160217285
YBL058W,YKL206C,1,-3.996302,0.08113932609558105,0.8659999966621399,0.9807000160217285
YGL253W,YDL137W,0,-3.9963512,0.0811317190527916,0.8659999966621399,0.9807999730110168
YNL159C,YLR025W,1,-3.996747,0.08121779561042786,0.8669999837875366,0.9807999730110168
YKL034W,YPR108W,1,-4.0004544,0.08130385726690292,0.8679999709129333,0.9807999730110168
YHR025W,YLR060W,0,-4.000648,0.08129624277353287,0.8679999709129333,0.98089998960495
YOR260W,YOR101W,0,-4.0007343,0.08128862828016281,0.8679999709129333,0.9810000061988831
YGL060W,YKR055W,0,-4.002935,0.08128102123737335,0.8679999709129333,0.9811000227928162
YKL034W,YJL048C,1,-4.0040126,0.08136703819036484,0.8690000176429749,0.9811000227928162
YOR078W,YJR041C,0,-4.006062,0.08135942369699478,0.8690000176429749,0.9811999797821045
YFR050C,YMR022W,1,-4.006236,0.08144542574882507,0.8700000047683716,0.9811999797821045
YOL086C,YDR226W,0,-4.0065494,0.08143779635429382,0.8700000047683716,0.9812999963760376
YOL038W,YCL052C,1,-4.008099,0.08152377605438232,0.8709999918937683,0.9812999963760376
YDR363W-A,YER100W,1,-4.0134234,0.08160973340272903,0.871999979019165,0.9812999963760376
YPL244C,YIL076W,0,-4.015787,0.08160209655761719,0.871999979019165,0.9814000129699707
YOR091W,YOR294W,0,-4.0175323,0.08159445971250534,0.871999979019165,0.9815000295639038
YKL195W,YHR057C,0,-4.02001,0.0815868228673935,0.871999979019165,0.9815999865531921
YDR320C,YDR460W,0,-4.020536,0.08157919347286224,0.871999979019165,0.9817000031471252
YFL033C,YKR014C,0,-4.0229483,0.081571564078331,0.871999979019165,0.9818000197410583
YGL045W,YOL100W,0,-4.026623,0.08156393468379974,0.871999979019165,0.9818999767303467
YDR359C,YNL133C,0,-4.026933,0.0815563052892685,0.871999979019165,0.9819999933242798
YKR072C,YNL085W,0,-4.027813,0.08154867589473724,0.871999979019165,0.9821000099182129
YHR059W,YOR327C,0,-4.0298033,0.08154105395078659,0.871999979019165,0.982200026512146
YKL016C,YIL004C,0,-4.031052,0.08153342455625534,0.871999979019165,0.9822999835014343
YDL106C,YDL080C,0,-4.032574,0.08152580261230469,0.871999979019165,0.9824000000953674
YMR112C,YFL047W,0,-4.0336523,0.08151818066835403,0.871999979019165,0.9825000166893005
YKL175W,YOL054W,0,-4.034441,0.08151056617498398,0.871999979019165,0.9825999736785889
YIL147C,YGR193C,0,-4.035571,0.08150294423103333,0.871999979019165,0.982699990272522
YPL169C,YOR151C,0,-4.037208,0.08149532973766327,0.871999979019165,0.9828000068664551
YDL225W,YPL235W,0,-4.038721,0.08148770779371262,0.871999979019165,0.9829000234603882
YMR312W,YDR167W,0,-4.0390234,0.08148010075092316,0.871999979019165,0.9829999804496765
YJL019W,YBR264C,0,-4.0401278,0.0814724862575531,0.871999979019165,0.9830999970436096
YGL058W,YLR127C,1,-4.040393,0.08155829459428787,0.8730000257492065,0.9830999970436096
YJR102C,YDR177W,1,-4.041288,0.08164408802986145,0.8740000128746033,0.9830999970436096
YDR405W,YGR241C,0,-4.0422935,0.0816364660859108,0.8740000128746033,0.9832000136375427
YLR033W,YLR285W,0,-4.043974,0.08162884414196014,0.8740000128746033,0.983299970626831
YDL097C,YML013W,1,-4.045574,0.08171460777521133,0.875,0.983299970626831
YOR316C,YBR125C,0,-4.046235,0.08170697838068008,0.875,0.9833999872207642
YLR328W,YJL094C,0,-4.0482626,0.08169934898614883,0.875,0.9835000038146973
YLR207W,YPL096W,1,-4.05076,0.08178508281707764,0.8759999871253967,0.9835000038146973
YLL022C,YDR170C,0,-4.054043,0.08177744597196579,0.8759999871253967,0.9836000204086304
YDR219C,YCL052C,1,-4.054258,0.0818631574511528,0.8769999742507935,0.9836000204086304
YBL008W,YDR088C,0,-4.059611,0.08185551315546036,0.8769999742507935,0.9836999773979187
YCR036W,YGL210W,0,-4.0604,0.08184787631034851,0.8769999742507935,0.9837999939918518
YOR014W,YNL156C,0,-4.0608864,0.08184023946523666,0.8769999742507935,0.9839000105857849
YHL027W,YLR170C,0,-4.0644464,0.08183260262012482,0.8769999742507935,0.984000027179718
YDR062W,YMR235C,0,-4.0646415,0.08182496577501297,0.8769999742507935,0.9840999841690063
YIL153W,YOL100W,0,-4.065726,0.08181733638048172,0.8769999742507935,0.9842000007629395
YHR066W,YMR290C,0,-4.068992,0.08180969953536987,0.8769999742507935,0.9843000173568726
YEL037C,YMR264W,1,-4.0693603,0.08189534395933151,0.878000020980835,0.9843000173568726
YLR328W,YDR456W,0,-4.0725646,0.08188770711421967,0.878000020980835,0.9843999743461609
YMR100W,YLR370C,0,-4.0734897,0.08188007026910782,0.878000020980835,0.984499990940094
YKL002W,YGL227W,1,-4.076474,0.08196568489074707,0.8790000081062317,0.984499990940094
YNR055C,YEL058W,0,-4.0786843,0.08195804059505463,0.8790000081062317,0.9846000075340271
YNL084C,YGR167W,0,-4.079964,0.08195040374994278,0.8790000081062317,0.9847000241279602
YNR055C,YHR114W,0,-4.0812645,0.08194275945425034,0.8790000081062317,0.9847999811172485
YEL037C,YOR157C,1,-4.0906906,0.0820283368229866,0.8799999952316284,0.9847999811172485
YBR273C,YKL041W,1,-4.0917816,0.08211389929056168,0.8809999823570251,0.9847999811172485
YBR074W,YJL165C,0,-4.0928807,0.08210624754428864,0.8809999823570251,0.9848999977111816
YIL030C,YER100W,1,-4.0939674,0.08219178020954132,0.8820000290870667,0.9848999977111816
YEL054C,YBR196C,0,-4.0988507,0.08218412101268768,0.8820000290870667,0.9850000143051147
YEL037C,YDR400W,1,-4.1030865,0.08226963877677917,0.8830000162124634,0.9850000143051147
YER082C,YKL110C,0,-4.10362,0.08226197212934494,0.8830000162124634,0.9850999712944031
YOR157C,YDR177W,1,-4.1045403,0.08234746009111404,0.8840000033378601,0.9850999712944031
YOR278W,YGL210W,0,-4.1046596,0.08233979344367981,0.8840000033378601,0.9851999878883362
YHR027C,YML092C,1,-4.1056905,0.08242525905370712,0.8849999904632568,0.9851999878883362
YKL002W,YJR102C,1,-4.1061172,0.08251070976257324,0.8859999775886536,0.9851999878883362
YIL051C,YOR311C,0,-4.106659,0.08250302821397781,0.8859999775886536,0.9853000044822693
YMR314W,YML013W,1,-4.108285,0.08258845657110214,0.8870000243186951,0.9853000044822693
YBL058W,YJL001W,1,-4.110072,0.08267387002706528,0.8880000114440918,0.9853000044822693
YLR025W,YGL004C,1,-4.1136546,0.08275926113128662,0.8889999985694885,0.9853000044822693
YOR066W,YML099C,0,-4.1142592,0.0827515572309494,0.8889999985694885,0.9854000210762024
YKL206C,YBL041W,1,-4.115986,0.08283693343400955,0.8899999856948853,0.9854000210762024
YMR276W,YKL145W,1,-4.117001,0.08292228728532791,0.890999972820282,0.9854000210762024
YOL055C,YMR139W,0,-4.1170225,0.0829145759344101,0.890999972820282,0.9854999780654907
YMR184W,YGL004C,1,-4.1195354,0.08299990743398666,0.8920000195503235,0.9854999780654907
YKL034W,YKL041W,1,-4.120686,0.08308522403240204,0.8930000066757202,0.9854999780654907
YOR158W,YDR375C,0,-4.126665,0.08307749778032303,0.8930000066757202,0.9855999946594238
YNL056W,YOR067C,0,-4.127207,0.08306976407766342,0.8930000066757202,0.9857000112533569
YOR219C,YOR227W,0,-4.127405,0.08306203782558441,0.8930000066757202,0.98580002784729
YEL058W,YDL076C,0,-4.130416,0.083054319024086,0.8930000066757202,0.9858999848365784
YNL216W,YDR167W,0,-4.13091,0.08304659277200699,0.8930000066757202,0.9860000014305115
YER050C,YJR083C,0,-4.134428,0.08303886651992798,0.8930000066757202,0.9861000180244446
YHR057C,YHR001W-A,0,-4.1386795,0.08303114771842957,0.8930000066757202,0.9861999750137329
YBR043C,YLR427W,0,-4.142124,0.08302342891693115,0.8930000066757202,0.986299991607666
YCL052C,YOR117W,1,-4.144051,0.08310867100954056,0.8939999938011169,0.986299991607666
YOR209C,YHR064C,0,-4.1441536,0.08310094475746155,0.8939999938011169,0.9864000082015991
YDR003W,YDR217C,0,-4.150782,0.08309322595596313,0.8939999938011169,0.9865000247955322
YKL195W,YNL293W,0,-4.151656,0.08308549970388412,0.8939999938011169,0.9865999817848206
YLR418C,YJR084W,0,-4.1524763,0.08307778090238571,0.8939999938011169,0.9866999983787537
YDL097C,YKL206C,1,-4.157056,0.08316297829151154,0.8949999809265137,0.9866999983787537
YMR314W,YKL206C,1,-4.1584444,0.08324816823005676,0.8960000276565552,0.9866999983787537
YGL227W,YNL159C,1,-4.1613593,0.0833333358168602,0.8970000147819519,0.9866999983787537
YFR050C,YLR025W,1,-4.1619577,0.08341848850250244,0.8980000019073486,0.9866999983787537
YBL058W,YIL075C,1,-4.1677876,0.0835036188364029,0.8989999890327454,0.9866999983787537
YEL018W,YKL173W,0,-4.169389,0.08349587023258209,0.8989999890327454,0.9868000149726868
YIL030C,YOR261C,1,-4.171049,0.08358097821474075,0.8999999761581421,0.9868000149726868
YOR157C,YDR427W,1,-4.175176,0.08366607874631882,0.9010000228881836,0.9868000149726868
YML067C,YDR395W,0,-4.1849527,0.08365830779075623,0.9010000228881836,0.9868999719619751
YOL133W,YFR052W,1,-4.1874375,0.0837433859705925,0.9020000100135803,0.9868999719619751
YBR086C,YFL038C,0,-4.188488,0.08373560756444931,0.9020000100135803,0.9869999885559082
YNL267W,YOR070C,0,-4.18863,0.08372783660888672,0.9020000100135803,0.9871000051498413
YKR007W,YLR093C,0,-4.189592,0.08372006565332413,0.9020000100135803,0.9872000217437744
YIR011C,YOR259C,1,-4.194161,0.08380510658025742,0.902999997138977,0.9872000217437744
YEL030W,YOL100W,0,-4.194835,0.08379732817411423,0.902999997138977,0.9872999787330627
YGL058W,YGR135W,1,-4.197082,0.08388233929872513,0.9039999842643738,0.9872999787330627
YMR257C,YNL293W,0,-4.200572,0.08387456089258194,0.9039999842643738,0.9873999953269958
YOR304W,YFR013W,0,-4.204054,0.08386677503585815,0.9039999842643738,0.987500011920929
YBL058W,YMR264W,1,-4.205283,0.08395176380872726,0.9049999713897705,0.987500011920929
YHR081W,YDR473C,0,-4.2067137,0.08394397795200348,0.9049999713897705,0.9876000285148621
YMR091C,YOL108C,0,-4.207186,0.0839361920952797,0.9049999713897705,0.9876999855041504
YGL161C,YPL031C,0,-4.207552,0.08392840623855591,0.9049999713897705,0.9878000020980835
YJL001W,YLR025W,1,-4.214827,0.08401335030794144,0.906000018119812,0.9878000020980835
YMR302C,YBR123C,0,-4.2154703,0.08400556445121765,0.906000018119812,0.9879000186920166
YBL058W,YML013W,1,-4.216093,0.08409048616886139,0.9070000052452087,0.9879000186920166
YHR037W,YNL156C,0,-4.2192144,0.084082692861557,0.9070000052452087,0.9879999756813049
YMR077C,YDR260C,1,-4.221178,0.08416759222745895,0.9079999923706055,0.9879999756813049
YKL034W,YGR253C,1,-4.2225847,0.08425247669219971,0.9089999794960022,0.9879999756813049
YKR068C,YDR072C,0,-4.2245855,0.08424466848373413,0.9089999794960022,0.988099992275238
YCL014W,YMR171C,0,-4.228859,0.08423686772584915,0.9089999794960022,0.9882000088691711
YPR017C,YMR005W,0,-4.2329626,0.08422905951738358,0.9089999794960022,0.9883000254631042
YFR050C,YIL075C,1,-4.233326,0.08431390672922134,0.9100000262260437,0.9883000254631042
YDR212W,YJR139C,0,-4.234396,0.08430609852075577,0.9100000262260437,0.9883999824523926
YMR098C,YLR078C,0,-4.2374396,0.0842982828617096,0.9100000262260437,0.9884999990463257
YLR370C,YBR003W,0,-4.2394557,0.08429047465324402,0.9100000262260437,0.9886000156402588
YOL026C,YOL055C,0,-4.2482934,0.08428267389535904,0.9100000262260437,0.9886999726295471
YJL001W,YGL004C,1,-4.2499895,0.08436747640371323,0.9110000133514404,0.9886999726295471
YIL145C,YJR126C,0,-4.251385,0.08435966074466705,0.9110000133514404,0.9887999892234802
YER100W,YBL041W,1,-4.2517896,0.08444444090127945,0.9120000004768372,0.9887999892234802
YNL038W,YPL213W,0,-4.252632,0.08443662524223328,0.9120000004768372,0.9889000058174133
YPR166C,YBR278W,0,-4.253415,0.0844288095831871,0.9120000004768372,0.9890000224113464
YNL076W,YJR126C,0,-4.2567024,0.08442099392414093,0.9120000004768372,0.9890999794006348
YOR257W,YPR135W,0,-4.2599845,0.08441317826509476,0.9120000004768372,0.9891999959945679
YOR219C,YLR403W,0,-4.263444,0.08440537005662918,0.9120000004768372,0.989300012588501
YNL218W,YKL017C,0,-4.265292,0.08439755439758301,0.9120000004768372,0.9894000291824341
YKL190W,YDL018C,0,-4.269656,0.08438974618911743,0.9120000004768372,0.9894999861717224
YIL051C,YNL135C,0,-4.270483,0.08438193798065186,0.9120000004768372,0.9896000027656555
YDL045W-A,YNL131W,0,-4.2707906,0.08437412977218628,0.9120000004768372,0.9897000193595886
YLR088W,YDR170C,0,-4.272238,0.0843663290143013,0.9120000004768372,0.989799976348877
YDL195W,YMR012W,0,-4.2830095,0.08435852080583572,0.9120000004768372,0.9898999929428101
YER022W,YPL122C,0,-4.2869415,0.08435072004795074,0.9120000004768372,0.9900000095367432
YNL175C,YNL110C,0,-4.288306,0.08434291929006577,0.9120000004768372,0.9901000261306763
YNL098C,YNL085W,0,-4.2887506,0.08433511853218079,0.9120000004768372,0.9901999831199646
YDR483W,YAL035W,0,-4.290536,0.0843273252248764,0.9120000004768372,0.9902999997138977
YPL203W,YDR167W,0,-4.291871,0.08431952446699142,0.9120000004768372,0.9904000163078308
YKL054C,YLR208W,1,-4.303013,0.08440417796373367,0.9129999876022339,0.9904000163078308
YLR292C,YDL065C,0,-4.309785,0.0843963772058487,0.9129999876022339,0.9904999732971191
YGL173C,YNL243W,0,-4.3106613,0.08438857644796371,0.9129999876022339,0.9905999898910522
YDR276C,YKR055W,0,-4.3109617,0.08438077569007874,0.9129999876022339,0.9907000064849854
YKR068C,YMR037C,0,-4.3127894,0.08437297493219376,0.9129999876022339,0.9908000230789185
YNR007C,YFR014C,0,-4.3197694,0.08436518162488937,0.9129999876022339,0.9908999800682068
YNR024W,YML080W,0,-4.325239,0.08435738831758499,0.9129999876022339,0.9909999966621399
YER114C,YIL038C,0,-4.3285694,0.08434959501028061,0.9129999876022339,0.991100013256073
YLR285W,YDL040C,0,-4.3290286,0.08434180170297623,0.9129999876022339,0.9911999702453613
YJL048C,YDR069C,1,-4.3300233,0.0844263806939125,0.9139999747276306,0.9911999702453613
YKL004W,YJL069C,0,-4.3308134,0.08441857993602753,0.9139999747276306,0.9912999868392944
YOL133W,YGL058W,1,-4.336007,0.08450313657522202,0.9150000214576721,0.9912999868392944
YMR076C,YOL042W,0,-4.340418,0.08449533581733704,0.9150000214576721,0.9914000034332275
YJL053W,YKR071C,0,-4.3426647,0.08448753505945206,0.9150000214576721,0.9915000200271606
YEL013W,YOR090C,0,-4.346224,0.08447973430156708,0.9150000214576721,0.991599977016449
YOR002W,YCR036W,0,-4.352806,0.0844719335436821,0.9150000214576721,0.9916999936103821
YOR269W,YFR029W,0,-4.353437,0.08446414023637772,0.9150000214576721,0.9918000102043152
YJL001W,YDR427W,1,-4.354944,0.08454864472150803,0.9160000085830688,0.9918000102043152
YOR117W,YLR208W,1,-4.3574705,0.08463313430547714,0.9169999957084656,0.9918000102043152
YDR231C,YLR170C,0,-4.358803,0.08462532609701157,0.9169999957084656,0.9919000267982483
YKL087C,YLR220W,0,-4.3697085,0.0846175104379654,0.9169999957084656,0.9919999837875366
YDL190C,YBL058W,1,-4.372876,0.08470197767019272,0.9179999828338623,0.9919999837875366
YKL175W,YNL137C,0,-4.392166,0.08469416201114655,0.9179999828338623,0.9921000003814697
YPR108W,YML092C,1,-4.3961277,0.08477859944105148,0.9190000295639038,0.9921000003814697
YDL145C,YLR305C,0,-4.396546,0.08477077633142471,0.9190000295639038,0.9922000169754028
YNL038W,YFR014C,0,-4.3980846,0.08476296067237854,0.9190000295639038,0.9922999739646912
YKR031C,YNL054W,0,-4.4020476,0.08475514501333237,0.9190000295639038,0.9923999905586243
YDL190C,YBL041W,1,-4.406248,0.08483954519033432,0.9200000166893005,0.9923999905586243
YOR211C,YDR494W,0,-4.406809,0.08483172208070755,0.9200000166893005,0.9925000071525574
YNR035C,YFL048C,0,-4.4091115,0.08482389897108078,0.9200000166893005,0.9926000237464905
YGL005C,YGR134W,0,-4.4119816,0.08481607586145401,0.9200000166893005,0.9926999807357788
YDR031W,YDR236C,0,-4.415821,0.08480826020240784,0.9200000166893005,0.9927999973297119
YMR264W,YKL002W,1,-4.4186497,0.08489261567592621,0.9210000038146973,0.9927999973297119
YOR265W,YPL271W,0,-4.427507,0.08488479256629944,0.9210000038146973,0.992900013923645
YOR038C,YDL028C,0,-4.432542,0.08487696945667267,0.9210000038146973,0.9929999709129333
YCR096C,YDR005C,0,-4.4399776,0.0848691463470459,0.9210000038146973,0.9930999875068665
YBR173C,YDR328C,1,-4.448843,0.08495347201824188,0.921999990940094,0.9930999875068665
YDR075W,YNL133C,0,-4.4505663,0.08494564145803452,0.921999990940094,0.9932000041007996
YLR025W,YDR177W,1,-4.45092,0.08502993732690811,0.9229999780654907,0.9932000041007996
YBL058W,YOL038W,1,-4.453755,0.08511422574520111,0.9240000247955322,0.9932000041007996
YMR311C,YDR167W,0,-4.456711,0.08510638028383255,0.9240000247955322,0.9933000206947327
YER022W,YOR353C,0,-4.457815,0.08509854227304459,0.9240000247955322,0.993399977684021
YMR203W,YGR155W,0,-4.463045,0.08509071171283722,0.9240000247955322,0.9934999942779541
YLR270W,YMR105C,0,-4.466882,0.08508287370204926,0.9240000247955322,0.9936000108718872
YOL038W,YIL075C,1,-4.477912,0.08516710996627808,0.925000011920929,0.9936000108718872
YHR190W,YDR456W,0,-4.4798307,0.08515927195549011,0.925000011920929,0.9937000274658203
YIL075C,YKL145W,1,-4.4817934,0.08524348586797714,0.9259999990463257,0.9937000274658203
YHR190W,YEL002C,0,-4.4937644,0.08523564040660858,0.9259999990463257,0.9937999844551086
YOL038W,YDR177W,1,-4.4999056,0.08531983196735382,0.9269999861717224,0.9937999844551086
YCR053W,YBR109C,0,-4.5060644,0.08531197905540466,0.9269999861717224,0.9939000010490417
YER173W,YHL027W,0,-4.5099306,0.0853041335940361,0.9269999861717224,0.9940000176429749
YKL034W,YER100W,1,-4.514324,0.08538829535245895,0.9279999732971191,0.9940000176429749
YBR173C,YML092C,1,-4.5156984,0.08547244220972061,0.9290000200271606,0.9940000176429749
YBL038W,YJL029C,0,-4.519881,0.08546458184719086,0.9290000200271606,0.9940999746322632
YGR085C,YHR064C,0,-4.5267735,0.0854567214846611,0.9290000200271606,0.9941999912261963
YHR135C,YLR292C,0,-4.531002,0.08544886112213135,0.9290000200271606,0.9943000078201294
YBR173C,YDR177W,1,-4.5332484,0.08553297072649002,0.9300000071525574,0.9943000078201294
YML092C,YFR052W,1,-4.534834,0.0856170654296875,0.9309999942779541,0.9943000078201294
YDR421W,YIL143C,0,-4.5353193,0.08560919761657715,0.9309999942779541,0.9944000244140625
YHR111W,YGR005C,0,-4.550807,0.0856013223528862,0.9309999942779541,0.9944999814033508
YER012W,YBL058W,1,-4.552345,0.08568539470434189,0.9319999814033508,0.9944999814033508
YDR100W,YCR075C,0,-4.5579634,0.08567751199007034,0.9319999814033508,0.9945999979972839
YGL058W,YJR102C,1,-4.5588164,0.08576156198978424,0.9330000281333923,0.9945999979972839
YDL190C,YBR173C,1,-4.5675774,0.08584558963775635,0.9340000152587891,0.9945999979972839
YOR157C,YML092C,1,-4.5859075,0.08592960238456726,0.9350000023841858,0.9945999979972839
YER050C,YHR085W,0,-4.586957,0.08592170476913452,0.9350000023841858,0.994700014591217
YKR071C,YLR170C,0,-4.600689,0.08591380715370178,0.9350000023841858,0.9947999715805054
YHR111W,YJR060W,0,-4.6019588,0.08590591698884964,0.9350000023841858,0.9948999881744385
YDL190C,YLR208W,1,-4.6115694,0.08598989248275757,0.9359999895095825,0.9948999881744385
YIR011C,YLR025W,1,-4.612069,0.0860738530755043,0.9369999766349792,0.9948999881744385
YGL058W,YMR022W,1,-4.620614,0.08615780621767044,0.9380000233650208,0.9948999881744385
YHR057C,YBR268W,0,-4.620679,0.08614988625049591,0.9380000233650208,0.9950000047683716
YDR276C,YDR079W,0,-4.625218,0.08614198118448257,0.9380000233650208,0.9951000213623047
YOR261C,YLR097C,1,-4.627903,0.08622589707374573,0.9390000104904175,0.9951000213623047
YJL155C,YDL115C,0,-4.6298456,0.0862179771065712,0.9390000104904175,0.995199978351593
YLR097C,YNL159C,1,-4.634701,0.08630187064409256,0.9399999976158142,0.995199978351593
YBL007C,YGR167W,0,-4.6448145,0.08629395067691803,0.9399999976158142,0.9952999949455261
YER050C,YAL051W,0,-4.6537457,0.0862860307097435,0.9399999976158142,0.9954000115394592
YLR028C,YKL126W,0,-4.662532,0.08627811074256897,0.9399999976158142,0.9955000281333923
YNL238W,YLL048C,0,-4.6663704,0.08627019077539444,0.9399999976158142,0.9955999851226807
YJL001W,YOR259C,1,-4.6699224,0.08635403960943222,0.9409999847412109,0.9955999851226807
YIR011C,YBR273C,1,-4.6699333,0.0864378809928894,0.9419999718666077,0.9955999851226807
YGL058W,YCL052C,1,-4.680088,0.0865217000246048,0.9430000185966492,0.9955999851226807
YKL206C,YML092C,1,-4.682655,0.086605504155159,0.9440000057220459,0.9955999851226807
YDR419W,YMR213W,0,-4.6868763,0.08659756183624268,0.9440000057220459,0.9957000017166138
YBL093C,YNL199C,0,-4.6935225,0.08658961951732635,0.9440000057220459,0.9958000183105469
YGR005C,YBR274W,0,-4.6941333,0.08658167719841003,0.9440000057220459,0.9958999752998352
YLR097C,YDR069C,1,-4.6952953,0.08666544407606125,0.9449999928474426,0.9958999752998352
YMR146C,YLR384C,0,-4.6975737,0.08665749430656433,0.9449999928474426,0.9959999918937683
YKL175W,YPL042C,0,-4.6993246,0.08664955198764801,0.9449999928474426,0.9961000084877014
YIL033C,YLR028C,0,-4.712879,0.08664160966873169,0.9449999928474426,0.9962000250816345
YNL016W,YLR384C,0,-4.7130747,0.08663365989923477,0.9449999928474426,0.9962999820709229
YIL075C,YOR259C,1,-4.7296658,0.086717389523983,0.9459999799728394,0.9962999820709229
YOR157C,YLR025W,1,-4.747785,0.08680109679698944,0.9470000267028809,0.9962999820709229
YDR069C,YCL052C,1,-4.7542143,0.08688479661941528,0.9480000138282776,0.9962999820709229
YDL097C,YHR027C,1,-4.758891,0.08696847409009933,0.9490000009536743,0.9962999820709229
YOL038W,YLR208W,1,-4.760545,0.08705213665962219,0.949999988079071,0.9962999820709229
YJL001W,YHR027C,1,-4.765326,0.08713579177856445,0.9509999752044678,0.9962999820709229
YPR108W,YJL001W,1,-4.77287,0.08721942454576492,0.9520000219345093,0.9962999820709229
YMR314W,YDR328C,1,-4.7950625,0.0873030424118042,0.953000009059906,0.9962999820709229
YEL018W,YDR140W,0,-4.8163033,0.0872950479388237,0.953000009059906,0.996399998664856
YMR077C,YMR022W,1,-4.820424,0.08737864345312119,0.9539999961853027,0.996399998664856
YJL001W,YML092C,1,-4.820925,0.08746222406625748,0.9549999833106995,0.996399998664856
YOR106W,YOR150W,0,-4.8291383,0.08745421469211578,0.9549999833106995,0.9965000152587891
YIL019W,YGR145W,0,-4.841707,0.08744620531797409,0.9549999833106995,0.9965999722480774
YFR050C,YCL052C,1,-4.854147,0.087529756128788,0.9559999704360962,0.9965999722480774
YBR173C,YMR022W,1,-4.8548646,0.0876132920384407,0.9570000171661377,0.9965999722480774
YMR004W,YOR219C,0,-4.8690166,0.08760527521371841,0.9570000171661377,0.9966999888420105
YKL190W,YBR024W,0,-4.8711743,0.08759725093841553,0.9570000171661377,0.9968000054359436
YPR108W,YFR052W,1,-4.878476,0.08768076449632645,0.9580000042915344,0.9968000054359436
YBL058W,YHR027C,1,-4.8786025,0.08776425570249557,0.9589999914169312,0.9968000054359436
YJL001W,YOR117W,1,-4.886485,0.08784773200750351,0.9599999785423279,0.9968000054359436
YOR261C,YBR173C,1,-4.8923883,0.08793119341135025,0.9610000252723694,0.9968000054359436
YBL058W,YLR025W,1,-4.895509,0.0880146399140358,0.9620000123977661,0.9968000054359436
YDL097C,YBL041W,1,-4.8959665,0.08809807151556015,0.9629999995231628,0.9968000054359436
YER100W,YKL145W,1,-4.9186954,0.08818148821592331,0.9639999866485596,0.9968000054359436
YKL034W,YLR097C,1,-4.9215217,0.08826488256454468,0.9649999737739563,0.9968000054359436
YGR145W,YNL110C,0,-4.9238005,0.08825681358575821,0.9649999737739563,0.9969000220298767
YPL262W,YHR086W,0,-4.924564,0.08824874460697174,0.9649999737739563,0.996999979019165
YGR106C,YOR099W,0,-4.926592,0.08824067562818527,0.9649999737739563,0.9970999956130981
YBL041W,YKL145W,1,-4.9285955,0.08832404017448425,0.9660000205039978,0.9970999956130981
YOL066C,YER129W,0,-4.932576,0.08831596374511719,0.9660000205039978,0.9972000122070312
YNL118C,YLR357W,0,-4.9414454,0.08830788731575012,0.9660000205039978,0.9973000288009644
YHR027C,YKL145W,1,-4.942852,0.08839122205972672,0.9670000076293945,0.9973000288009644
YOL133W,YLR097C,1,-4.949616,0.08847454190254211,0.9679999947547913,0.9973000288009644
YOL038W,YBR173C,1,-4.9499054,0.08855784684419632,0.968999981880188,0.9973000288009644
YGR145W,YNL308C,0,-4.956625,0.08854975551366806,0.968999981880188,0.9973999857902527
YPR108W,YER012W,1,-4.9721403,0.08863303810358047,0.9700000286102295,0.9973999857902527
YBL041W,YOR117W,1,-4.9838705,0.0887163057923317,0.9710000157356262,0.9973999857902527
YKL080W,YGR106C,0,-5.0099115,0.08870820701122284,0.9710000157356262,0.9975000023841858
YNL239W,YDR284C,0,-5.010955,0.08870010077953339,0.9710000157356262,0.9976000189781189
YGR253C,YDR328C,1,-5.020757,0.08878333866596222,0.972000002861023,0.9976000189781189
YMR314W,YML092C,1,-5.030027,0.08886656165122986,0.9729999899864197,0.9976000189781189
YOR157C,YGR135W,1,-5.049283,0.0889497697353363,0.9739999771118164,0.9976000189781189
YDL007W,YDL097C,1,-5.054162,0.08903296291828156,0.9750000238418579,0.9976000189781189
YDL007W,YJL001W,1,-5.0736036,0.08911614120006561,0.9760000109672546,0.9976000189781189
YOR340C,YIL019W,0,-5.079338,0.08910800516605377,0.9760000109672546,0.9976999759674072
YMR314W,YGR135W,1,-5.109894,0.08919116109609604,0.9769999980926514,0.9976999759674072
YDR212W,YDR071C,0,-5.1181784,0.0891830250620842,0.9769999980926514,0.9977999925613403
YOL056W,YLR328W,0,-5.121332,0.08917488157749176,0.9769999980926514,0.9979000091552734
YDR494W,YCR096C,0,-5.1262646,0.08916674554347992,0.9769999980926514,0.9980000257492065
YKL059C,YDR463W,0,-5.1464663,0.08915860205888748,0.9769999980926514,0.9980999827384949
YOL038W,YDR427W,1,-5.1503754,0.08924172073602676,0.9779999852180481,0.9980999827384949
YOR157C,YKL145W,1,-5.164668,0.08932481706142426,0.9789999723434448,0.9980999827384949
YMR077C,YKL041W,1,-5.170371,0.08940789848566055,0.9800000190734863,0.9980999827384949
YBL058W,YDL097C,1,-5.2607903,0.08949097245931625,0.9810000061988831,0.9980999827384949
YBL038W,YPR067W,0,-5.2707014,0.08948280662298203,0.9810000061988831,0.998199999332428
YJL001W,YKL145W,1,-5.2710867,0.08956585079431534,0.9819999933242798,0.998199999332428
YOR157C,YOR117W,1,-5.2760086,0.08964888006448746,0.9829999804496765,0.998199999332428
YDL145C,YGL195W,0,-5.2761574,0.08964070677757263,0.9829999804496765,0.9983000159263611
YKL002W,YMR022W,1,-5.286545,0.08972371369600296,0.984000027179718,0.9983000159263611
YFR050C,YKL145W,1,-5.290778,0.08980671316385269,0.9850000143051147,0.9983000159263611
YOR259C,YDR427W,1,-5.30432,0.08988969027996063,0.9860000014305115,0.9983000159263611
YDL097C,YGR135W,1,-5.306898,0.08997265249490738,0.9869999885559082,0.9983000159263611
YLR097C,YCL052C,1,-5.318746,0.09005559980869293,0.9879999756813049,0.9983000159263611
YMR297W,YDL046W,0,-5.3342514,0.09004739671945572,0.9879999756813049,0.9983999729156494
YJL081C,YDR292C,0,-5.3630867,0.09003918617963791,0.9879999756813049,0.9984999895095825
YIL033C,YDR129C,0,-5.387484,0.0900309830904007,0.9879999756813049,0.9986000061035156
YML106W,YNL244C,0,-5.4051847,0.09002278000116348,0.9879999756813049,0.9987000226974487
YOL038W,YOR117W,1,-5.4304137,0.09010568261146545,0.9890000224113464,0.9987000226974487
YFR050C,YBL041W,1,-5.440837,0.09018857777118683,0.9900000095367432,0.9987000226974487
YIL018W,YDL061C,0,-5.4437785,0.09018035978078842,0.9900000095367432,0.9987999796867371
YPR108W,YOR259C,1,-5.478959,0.090263232588768,0.9909999966621399,0.9987999796867371
YOR257W,YPR008W,0,-5.490514,0.090255007147789,0.9909999966621399,0.9988999962806702
YDL097C,YFR052W,1,-5.511296,0.0903378576040268,0.9919999837875366,0.9988999962806702
YGL058W,YGR253C,1,-5.527252,0.0904206857085228,0.9929999709129333,0.9988999962806702
YMR188C,YKL087C,0,-5.5520535,0.0904124528169632,0.9929999709129333,0.9990000128746033
YER012W,YDL007W,1,-5.621394,0.090495266020298,0.9940000176429749,0.9990000128746033
YGL103W,YLR048W,0,-5.6544523,0.0904870256781578,0.9940000176429749,0.9991000294685364
YJR145C,YBR031W,0,-5.683017,0.0904787927865982,0.9940000176429749,0.9991999864578247
YGR253C,YKL002W,1,-5.6876965,0.09056157618761063,0.9950000047683716,0.9991999864578247
YDL007W,YGR135W,1,-5.7775164,0.09064433723688126,0.9959999918937683,0.9991999864578247
YCR031C,YBR048W,0,-5.7965627,0.09063608944416046,0.9959999918937683,0.9993000030517578
YCL052C,YLR025W,1,-5.8658514,0.0907188355922699,0.996999979019165,0.9993000030517578
YJL166W,YKL016C,0,-5.88389,0.0907105803489685,0.996999979019165,0.9994000196456909
YIL075C,YHR027C,1,-5.892622,0.09079330414533615,0.9980000257492065,0.9994000196456909
YJL001W,YGR135W,1,-5.9224877,0.0908760130405426,0.9990000128746033,0.9994000196456909
YNL131W,YPR100W,0,-6.151103,0.09086774289608002,0.9990000128746033,0.9994999766349792
YDL075W,YLR075W,0,-6.481719,0.09085948020219803,0.9990000128746033,0.9995999932289124
YGR253C,YKL145W,1,-6.6002016,0.09094215929508209,1.0,0.9995999932289124
YBR191W,YGR214W,0,-6.810027,0.0909338891506195,1.0,0.9997000098228455
YFR031C-A,YBR048W,0,-7.0580754,0.09092562645673752,1.0,0.9998000264167786
YDR447C,YIL148W,0,-7.262616,0.09091735631227493,1.0,0.9998999834060669
YDR447C,YJR123W,0,-7.4087105,0.09090909361839294,1.0,1.0
