Gene A,Gene B,Label,Score,Precision,Recall,False Positive Rate
YLR432W,YOR358W,0,0.65447503,0.0,0.0,0.00043290044413879514
YML067C,YER044C-A,0,0.6406809,0.0,0.0,0.0008658008882775903
YMR050C,YBR146W,0,0.64019793,0.0,0.0,0.0012987012742087245
YLR430W,YBR049C,1,0.62488806,0.25,0.0043290043249726295,0.0012987012742087245
YOR136W,YDR399W,0,0.6245794,0.20000000298023224,0.0043290043249726295,0.0017316017765551805
YIL036W,YIL018W,0,0.6190164,0.1666666716337204,0.0043290043249726295,0.0021645021624863148
YOR191W,YDR328C,0,0.5876513,0.1428571492433548,0.0043290043249726295,0.002597402548417449
YOR262W,YKR075C,0,0.586823,0.125,0.0043290043249726295,0.0030303029343485832
YDR471W,YHR170W,0,0.5782594,0.1111111119389534,0.0043290043249726295,0.003463203553110361
YIL052C,YGL070C,0,0.5684244,0.10000000149011612,0.0043290043249726295,0.0038961039390414953
YER179W,YNL181W,0,0.5674442,0.09090909361839294,0.0043290043249726295,0.0043290043249726295
YLR377C,YGR007W,0,0.561825,0.0833333358168602,0.0043290043249726295,0.004761904943734407
YGL246C,YJR017C,1,0.5516282,0.1538461595773697,0.008658008649945259,0.004761904943734407
YDR021W,YBL072C,0,0.5495491,0.1428571492433548,0.008658008649945259,0.005194805096834898
YBL087C,YNL076W,0,0.5488391,0.13333334028720856,0.008658008649945259,0.005627705715596676
YLR277C,YLR430W,1,0.5417845,0.1875,0.012987012974917889,0.005627705715596676
YLR056W,YKL051W,0,0.53753805,0.1764705926179886,0.012987012974917889,0.0060606058686971664
YHR201C,YLR196W,0,0.52893406,0.1666666716337204,0.012987012974917889,0.006493506487458944
YGL085W,YLR060W,0,0.52551216,0.15789473056793213,0.012987012974917889,0.006926407106220722
YNL062C,YNL111C,0,0.51833403,0.15000000596046448,0.012987012974917889,0.007359307259321213
YBR153W,YBR121C,0,0.51483804,0.1428571492433548,0.012987012974917889,0.007792207878082991
YIL119C,YLR061W,0,0.51216954,0.13636364042758942,0.012987012974917889,0.008225108496844769
YDR399W,YNL161W,0,0.5118376,0.1304347813129425,0.012987012974917889,0.008658008649945259
YDL209C,YOR335C,0,0.5069001,0.125,0.012987012974917889,0.00909090880304575
YJR117W,YGL005C,0,0.5063363,0.11999999731779099,0.012987012974917889,0.009523809887468815
YBR169C,YJL179W,0,0.50399196,0.11538461595773697,0.012987012974917889,0.009956710040569305
YPL076W,YBR193C,0,0.49821934,0.1111111119389534,0.012987012974917889,0.010389610193669796
YLL048C,YPR188C,0,0.49717668,0.1071428582072258,0.012987012974917889,0.010822511278092861
YOR065W,YBR121C,0,0.4952273,0.1034482792019844,0.012987012974917889,0.011255411431193352
YDR195W,YLR430W,1,0.4940432,0.13333334028720856,0.017316017299890518,0.011255411431193352
YNL190W,YHR170W,0,0.4901754,0.12903225421905518,0.017316017299890518,0.011688311584293842
YOR156C,YDR412W,0,0.4875051,0.125,0.017316017299890518,0.012121211737394333
YJL057C,YLL024C,0,0.48679295,0.12121212482452393,0.017316017299890518,0.012554112821817398
YER177W,YHL003C,0,0.4821664,0.11764705926179886,0.017316017299890518,0.012987012974917889
YMR039C,YBR121C,1,0.4800434,0.1428571492433548,0.021645022556185722,0.012987012974917889
YMR053C,YBR034C,0,0.47910532,0.1388888955116272,0.021645022556185722,0.01341991312801838
YKR089C,YMR015C,0,0.475283,0.13513512909412384,0.021645022556185722,0.013852814212441444
YLR259C,YDL102W,0,0.4744855,0.1315789520740509,0.021645022556185722,0.014285714365541935
YLR390W-A,YDR002W,0,0.47114268,0.12820513546466827,0.021645022556185722,0.014718614518642426
YJL181W,YOL144W,0,0.47107542,0.125,0.021645022556185722,0.01515151560306549
YLR277C,YIL131C,1,0.4703442,0.1463414579629898,0.025974025949835777,0.01515151560306549
YML102W,YPL253C,0,0.46971676,0.1428571492433548,0.025974025949835777,0.015584415756165981
YDR398W,YLR092W,0,0.46604446,0.13953489065170288,0.025974025949835777,0.016017315909266472
YBR121C,YDR228C,1,0.4651164,0.15909090638160706,0.03030303120613098,0.016017315909266472
YGL070C,YKL006W,0,0.46412572,0.15555556118488312,0.03030303120613098,0.016450216993689537
YML021C,YMR118C,0,0.46355745,0.15217390656471252,0.03030303120613098,0.016883116215467453
YIL068C,YKL060C,0,0.46297732,0.1489361673593521,0.03030303120613098,0.017316017299890518
YKL185W,YKL080W,0,0.4593562,0.1458333283662796,0.03030303120613098,0.017748918384313583
YPR003C,YIL033C,0,0.45838588,0.1428571492433548,0.03030303120613098,0.0181818176060915
YHR202W,YGL194C,0,0.45328203,0.14000000059604645,0.03030303120613098,0.018614718690514565
YER072W,YHR113W,0,0.4502469,0.13725490868091583,0.03030303120613098,0.01904761977493763
YDL124W,YOR060C,0,0.45023033,0.13461539149284363,0.03030303120613098,0.019480518996715546
YDR377W,YGR212W,0,0.450199,0.1320754736661911,0.03030303120613098,0.01991342008113861
YPL100W,YGR129W,0,0.44998592,0.12962962687015533,0.03030303120613098,0.020346321165561676
YIL013C,YLR150W,0,0.4472107,0.12727272510528564,0.03030303120613098,0.020779220387339592
YNL068C,YKL051W,0,0.44578332,0.125,0.03030303120613098,0.021212121471762657
YIL096C,YLR413W,0,0.4404796,0.12280701845884323,0.03030303120613098,0.021645022556185722
YBR169C,YNL066W,0,0.43897817,0.12068965286016464,0.03030303120613098,0.02207792177796364
YGR174C,YER127W,0,0.43749562,0.11864406615495682,0.03030303120613098,0.022510822862386703
YKR079C,YDR025W,0,0.43639183,0.11666666716337204,0.03030303120613098,0.02294372208416462
YER062C,YDR381W,0,0.43556106,0.1147540956735611,0.03030303120613098,0.023376623168587685
YBR046C,YGL005C,0,0.4345526,0.11290322244167328,0.03030303120613098,0.02380952425301075
YJL012C,YNL176C,0,0.43448147,0.1111111119389534,0.03030303120613098,0.024242423474788666
YML041C,YKL145W,0,0.43178043,0.109375,0.03030303120613098,0.02467532455921173
YML023C,YKL141W,0,0.43068752,0.10769230872392654,0.03030303120613098,0.025108225643634796
YNL056W,YML016C,0,0.4289519,0.10606060922145844,0.03030303120613098,0.025541124865412712
YMR195W,YBL072C,0,0.4274871,0.10447761416435242,0.03030303120613098,0.025974025949835777
YHR205W,YJL186W,0,0.42560112,0.10294117778539658,0.03030303120613098,0.026406927034258842
YBR069C,YHR158C,0,0.42485985,0.10144927352666855,0.03030303120613098,0.02683982625603676
YJL127C,YJL098W,0,0.42444816,0.10000000149011612,0.03030303120613098,0.027272727340459824
YKR078W,YCR086W,0,0.42173055,0.09859155118465424,0.03030303120613098,0.02770562842488289
YOL084W,YHR014W,0,0.42157704,0.0972222238779068,0.03030303120613098,0.028138527646660805
YOR260W,YGL116W,0,0.42150483,0.09589041024446487,0.03030303120613098,0.02857142873108387
YGL231C,YLR299W,0,0.42059144,0.09459459781646729,0.03030303120613098,0.029004329815506935
YPR143W,YHR194W,0,0.4174891,0.09333333373069763,0.03030303120613098,0.02943722903728485
YDR398W,YJL179W,0,0.41396263,0.09210526198148727,0.03030303120613098,0.029870130121707916
YIL019W,YJL180C,0,0.41070738,0.09090909361839294,0.03030303120613098,0.03030303120613098
YLR277C,YBR121C,1,0.41055503,0.10256410390138626,0.034632034599781036,0.03030303120613098
YEL027W,YMR091C,0,0.41049865,0.10126582533121109,0.034632034599781036,0.030735930427908897
YGL073W,YNL065W,0,0.4095446,0.10000000149011612,0.034632034599781036,0.031168831512331963
YDR490C,YOR002W,0,0.40489945,0.09876543283462524,0.034632034599781036,0.03160173073410988
YNL222W,YGL246C,1,0.4028315,0.10975609719753265,0.03896103799343109,0.03160173073410988
YOR048C,YKL018W,1,0.39903286,0.1204819306731224,0.043290045112371445,0.03160173073410988
YBR114W,YER109C,0,0.3985125,0.1190476194024086,0.043290045112371445,0.032034631818532944
YJR120W,YOR227W,0,0.3969697,0.11764705926179886,0.043290045112371445,0.03246753290295601
YDR515W,YIL053W,0,0.39664182,0.11627907305955887,0.043290045112371445,0.032900433987379074
YLR175W,YNR037C,0,0.39416942,0.1149425283074379,0.043290045112371445,0.03333333507180214
YIL013C,YBR034C,0,0.39202031,0.11363636702299118,0.043290045112371445,0.033766232430934906
YLR115W,YIL131C,1,0.3884572,0.12359550595283508,0.0476190485060215,0.033766232430934906
YLR220W,YDR176W,0,0.38713142,0.12222222238779068,0.0476190485060215,0.03419913351535797
YDL134C,YDL223C,0,0.38632685,0.12087912112474442,0.0476190485060215,0.034632034599781036
YOR002W,YAL068C,0,0.3862664,0.1195652186870575,0.0476190485060215,0.0350649356842041
YLR004C,YNL055C,0,0.38428718,0.11827956885099411,0.0476190485060215,0.03549783676862717
YGL053W,YJR108W,0,0.38346705,0.11702127754688263,0.0476190485060215,0.035930734127759933
YKR088C,YPL189W,0,0.38342193,0.11578947305679321,0.0476190485060215,0.036363635212183
YMR039C,YGL246C,1,0.38159415,0.125,0.051948051899671555,0.036363635212183
YBL091C,YIL062C,0,0.38023067,0.12371134012937546,0.051948051899671555,0.036796536296606064
YKL087C,YOR271C,0,0.37975207,0.12244898080825806,0.051948051899671555,0.03722943738102913
YDL243C,YKL060C,0,0.37783438,0.12121212482452393,0.051948051899671555,0.037662338465452194
YIL156W,YBL047C,0,0.37745586,0.11999999731779099,0.051948051899671555,0.03809523954987526
YOR101W,YHL031C,0,0.3758792,0.11881188303232193,0.051948051899671555,0.038528136909008026
YLR377C,YNL055C,0,0.3756905,0.11764705926179886,0.051948051899671555,0.03896103799343109
YKL014C,YBR121C,0,0.37561813,0.11650485545396805,0.051948051899671555,0.039393939077854156
YBR085W,YDL223C,0,0.37452868,0.11538461595773697,0.051948051899671555,0.03982684016227722
YLR367W,YNL094W,0,0.3726518,0.11428571492433548,0.051948051899671555,0.04025974124670029
YNL103W,YLR093C,0,0.37161162,0.11320754885673523,0.051948051899671555,0.04069264233112335
YNL059C,YBR034C,0,0.3690231,0.11214952915906906,0.051948051899671555,0.04112553969025612
YGL126W,YML013W,0,0.36854458,0.1111111119389534,0.051948051899671555,0.041558440774679184
YIL120W,YLR409C,0,0.36763874,0.11009174585342407,0.051948051899671555,0.04199134185910225
YML101C,YLR115W,0,0.36499897,0.1090909093618393,0.051948051899671555,0.042424242943525314
YDL003W,YER023W,0,0.36437035,0.10810811072587967,0.051948051899671555,0.04285714402794838
YGL126W,YDR545W,0,0.36318228,0.1071428582072258,0.051948051899671555,0.043290045112371445
YLR039C,YOR109W,0,0.3630996,0.10619468986988068,0.051948051899671555,0.04372294247150421
YDR441C,YBL013W,0,0.36293417,0.10526315867900848,0.051948051899671555,0.04415584355592728
YCR038C,YOR059C,0,0.36145467,0.104347825050354,0.051948051899671555,0.04458874464035034
YOL061W,YPL253C,0,0.3609058,0.1034482792019844,0.051948051899671555,0.04502164572477341
YLR284C,YOR009W,0,0.3608639,0.10256410390138626,0.051948051899671555,0.04545454680919647
YER056C,YGR030C,0,0.36027148,0.10169491171836853,0.051948051899671555,0.04588744416832924
YGR161C,YJL216C,0,0.360084,0.10084033757448196,0.051948051899671555,0.046320345252752304
YBR121C,YGL246C,1,0.3596784,0.10833333432674408,0.05627705529332161,0.046320345252752304
YHR204W,YPL239W,0,0.35961184,0.10743801295757294,0.05627705529332161,0.04675324633717537
YER155C,YPL061W,0,0.35904106,0.10655737668275833,0.05627705529332161,0.047186147421598434
YNL222W,YIL131C,1,0.35887972,0.11382114142179489,0.06060606241226196,0.047186147421598434
YPL262W,YKL040C,0,0.35693312,0.11290322244167328,0.06060606241226196,0.0476190485060215
YBR119W,YIL173W,0,0.35609373,0.1120000034570694,0.06060606241226196,0.048051949590444565
YNL123W,YML047C,0,0.3550027,0.1111111119389534,0.06060606241226196,0.04848484694957733
YHR108W,YHR120W,0,0.3549821,0.11023622006177902,0.06060606241226196,0.0489177480340004
YLR115W,YAL043C,1,0.35495737,0.1171875,0.06493506580591202,0.0489177480340004
YLR293C,YKR099W,0,0.3538805,0.11627907305955887,0.06493506580591202,0.04935064911842346
YGR055W,YKL058W,0,0.35276702,0.11538461595773697,0.06493506580591202,0.04978355020284653
YPR008W,YHR170W,0,0.35276595,0.11450381577014923,0.06493506580591202,0.05021645128726959
YGL070C,YIR026C,0,0.35256448,0.11363636702299118,0.06493506580591202,0.05064935237169266
YBR078W,YDR135C,0,0.35212147,0.11278195679187775,0.06493506580591202,0.051082249730825424
YLR390W-A,YNR053C,0,0.3520653,0.11194030195474625,0.06493506580591202,0.05151515081524849
YDR301W,YIL131C,1,0.3510752,0.11851851642131805,0.06926406919956207,0.05151515081524849
YLR059C,YGL231C,0,0.35067195,0.11764705926179886,0.06926406919956207,0.051948051899671555
YPL207W,YLR001C,0,0.35045078,0.11678832024335861,0.06926406919956207,0.05238095298409462
YLR194C,YGL171W,0,0.34843457,0.11594203114509583,0.06926406919956207,0.052813854068517685
YML023C,YKL196C,0,0.34824017,0.11510791629552841,0.06926406919956207,0.05324675142765045
YDR406W,YMR242C,0,0.34647295,0.11428571492433548,0.06926406919956207,0.05367965251207352
YLR115W,YER133W,1,0.34275866,0.12056737393140793,0.07359307259321213,0.05367965251207352
YCR105W,YPL063W,0,0.3420963,0.11971831321716309,0.07359307259321213,0.05411255359649658
YMR243C,YGL226W,0,0.34174404,0.11888112127780914,0.07359307259321213,0.05454545468091965
YNL199C,YOR236W,0,0.34135166,0.1180555522441864,0.07359307259321213,0.05497835576534271
YOL055C,YGL198W,0,0.34106562,0.11724138259887695,0.07359307259321213,0.05541125684976578
YBR069C,YJL167W,0,0.34089625,0.1164383590221405,0.07359307259321213,0.055844154208898544
YPL001W,YML061C,0,0.3408354,0.11564625799655914,0.07359307259321213,0.05627705529332161
YDR301W,YBR121C,1,0.3401107,0.12162162363529205,0.07792207598686218,0.05627705529332161
YIL011W,YJL197W,0,0.34003514,0.12080536782741547,0.07792207598686218,0.056709956377744675
YDL160C,YIL014W,0,0.3390182,0.11999999731779099,0.07792207598686218,0.05714285746216774
YOR026W,YLR056W,0,0.33874696,0.1192052960395813,0.07792207598686218,0.057575758546590805
YOR241W,YHR157W,0,0.33864364,0.1184210553765297,0.07792207598686218,0.05800865963101387
YJL196C,YJR054W,0,0.33863783,0.11764705926179886,0.07792207598686218,0.05844155699014664
YIL064W,YML045W,0,0.3384095,0.11688311398029327,0.07792207598686218,0.0588744580745697
YBR114W,YPL233W,0,0.33784047,0.11612903326749802,0.07792207598686218,0.05930735915899277
YLR277C,YGL246C,1,0.33710963,0.12179487198591232,0.08225107938051224,0.05930735915899277
YIL056W,YNR053C,0,0.33651724,0.12101911008358002,0.08225107938051224,0.05974026024341583
YGR202C,YOR048C,0,0.33535713,0.12025316804647446,0.08225107938051224,0.0601731613278389
YGL151W,YDR135C,0,0.33435804,0.11949685215950012,0.08225107938051224,0.06060606241226196
YDL081C,YDR165W,0,0.3336916,0.11874999850988388,0.08225107938051224,0.06103895977139473
YOR247W,YNR053C,0,0.33330637,0.11801242083311081,0.08225107938051224,0.061471860855817795
YJR117W,YGL231C,0,0.333031,0.11728394776582718,0.08225107938051224,0.06190476194024086
YOR262W,YLR323C,0,0.33202985,0.11656441539525986,0.08225107938051224,0.062337663024663925
YGL096W,YJL208C,0,0.3304374,0.11585365980863571,0.08225107938051224,0.06277056038379669
YPL190C,YNL251C,1,0.32914212,0.12121212482452393,0.08658009022474289,0.06277056038379669
YAL007C,YKR100C,0,0.32796466,0.1204819306731224,0.08658009022474289,0.06320346146821976
YJR131W,YIL062C,0,0.32665393,0.11976047605276108,0.08658009022474289,0.06363636255264282
YMR215W,YIL068C,0,0.32572308,0.1190476194024086,0.08658009022474289,0.06406926363706589
YDR127W,YLR167W,0,0.32559595,0.11834319680929184,0.08658009022474289,0.06450216472148895
YOR101W,YOR136W,0,0.32538882,0.11764705926179886,0.08658009022474289,0.06493506580591202
YPR067W,YDR168W,0,0.32513443,0.11695906519889832,0.08658009022474289,0.06536796689033508
YDR500C,YLR277C,0,0.3240873,0.11627907305955887,0.08658009022474289,0.06580086797475815
YLL048C,YER071C,0,0.32381812,0.11560693383216858,0.08658009022474289,0.06623376905918121
YOR018W,YNL045W,0,0.3229455,0.1149425283074379,0.08658009022474289,0.06666667014360428
YEL048C,YKR007W,0,0.32206503,0.11428571492433548,0.08658009022474289,0.06709956377744675
YPR134W,YDR005C,0,0.32036594,0.11363636702299118,0.08658009022474289,0.06753246486186981
YMR275C,YPL225W,0,0.31900403,0.11299435049295425,0.08658009022474289,0.06796536594629288
YBR069C,YNL133C,0,0.3180957,0.11235955357551575,0.08658009022474289,0.06839826703071594
YLR347C,YIL167W,0,0.31685898,0.11173184216022491,0.08658009022474289,0.06883116811513901
YJR132W,YPL173W,0,0.31571665,0.1111111119389534,0.08658009022474289,0.06926406919956207
YOR191W,YDR407C,0,0.3149443,0.11049723625183105,0.08658009022474289,0.06969697028398514
YMR076C,YER056C,0,0.31485802,0.10989011079072952,0.08658009022474289,0.0701298713684082
YLR115W,YJR017C,1,0.3146843,0.1147540956735611,0.09090909361839294,0.0701298713684082
YOR179C,YDR228C,1,0.31326768,0.1195652186870575,0.095238097012043,0.0701298713684082
YOR048C,YBR049C,1,0.31297535,0.12432432174682617,0.09956710040569305,0.0701298713684082
YPR055W,YML047C,0,0.31252086,0.12365591526031494,0.09956710040569305,0.07056277245283127
YOR004W,YLR190W,0,0.31242055,0.12299465388059616,0.09956710040569305,0.07099567353725433
YHR088W,YKR100C,0,0.31208208,0.12234042584896088,0.09956710040569305,0.0714285746216774
YBR029C,YHR148W,0,0.3119568,0.12169311940670013,0.09956710040569305,0.07186146825551987
YAL043C,YPL190C,1,0.31162938,0.12631578743457794,0.10389610379934311,0.07186146825551987
YNL247W,YMR002W,0,0.3108701,0.1256544440984726,0.10389610379934311,0.07229436933994293
YDR300C,YNR053C,0,0.31060922,0.125,0.10389610379934311,0.072727270424366
YFR024C-A,YJL179W,0,0.31042942,0.12435232847929001,0.10389610379934311,0.07316017150878906
YDL209C,YER178W,0,0.31009963,0.12371134012937546,0.10389610379934311,0.07359307259321213
YPL058C,YHR133C,0,0.31006065,0.1230769231915474,0.10389610379934311,0.07402597367763519
YDR145W,YIL022W,0,0.30850622,0.12244898080825806,0.10389610379934311,0.07445887476205826
YIL019W,YBR029C,0,0.30761483,0.12182740867137909,0.10389610379934311,0.07489177584648132
YFL056C,YCL001W,0,0.30691156,0.12121212482452393,0.10389610379934311,0.07532467693090439
YJL127C,YIL069C,0,0.30680946,0.12060301750898361,0.10389610379934311,0.07575757801532745
YMR322C,YNL066W,0,0.30505773,0.11999999731779099,0.10389610379934311,0.07619047909975052
YPL013C,YDR105C,0,0.30448467,0.11940298229455948,0.10389610379934311,0.07662338018417358
YLR277C,YBR049C,1,0.30405703,0.12376237660646439,0.10822510719299316,0.07662338018417358
YPL280W,YPR105C,0,0.30388537,0.1231527104973793,0.10822510719299316,0.07705627381801605
YEL005C,YHR138C,0,0.3029696,0.12254901975393295,0.10822510719299316,0.07748917490243912
YPL137C,YDL211C,0,0.30295247,0.12195122241973877,0.10822510719299316,0.07792207598686218
YPR148C,YBL047C,0,0.30260482,0.12135922163724899,0.10822510719299316,0.07835497707128525
YNL221C,YNL111C,0,0.30252162,0.12077295035123825,0.10822510719299316,0.07878787815570831
YLR413W,YOR113W,0,0.3025101,0.12019230425357819,0.10822510719299316,0.07922077924013138
YDR328C,YLR328W,0,0.30207807,0.11961722373962402,0.10822510719299316,0.07965368032455444
YBR049C,YGL246C,1,0.3020307,0.12380952388048172,0.11255411058664322,0.07965368032455444
YPR067W,YOR032C,0,0.30182078,0.12322274595499039,0.11255411058664322,0.08008658140897751
YBR121C,YNL222W,1,0.30124083,0.12735849618911743,0.11688311398029327,0.08008658140897751
YJR084W,YJL212C,0,0.29930967,0.1267605572938919,0.11688311398029327,0.08051948249340057
YFL061W,YEL001C,0,0.29865682,0.12616822123527527,0.11688311398029327,0.08095238357782364
YNL025C,YDR517W,0,0.2974962,0.12558139860630035,0.11688311398029327,0.0813852846622467
YGR283C,YHR214W,0,0.29742384,0.125,0.11688311398029327,0.08181817829608917
YDR023W,YPL176C,0,0.29672167,0.12442396581172943,0.11688311398029327,0.08225107938051224
YOL121C,YLR352W,0,0.29665807,0.12385321408510208,0.11688311398029327,0.0826839804649353
YIL096C,YGL107C,0,0.2960193,0.12328767031431198,0.11688311398029327,0.08311688154935837
YDR301W,YLR115W,1,0.29599616,0.12727272510528564,0.12121212482452393,0.08311688154935837
YBR191W,YMR035W,0,0.2947638,0.12669683992862701,0.12121212482452393,0.08354978263378143
YDR007W,YER123W,0,0.2947568,0.12612612545490265,0.12121212482452393,0.0839826837182045
YNL247W,YLR150W,0,0.29475138,0.12556053698062897,0.12121212482452393,0.08441558480262756
YDR189W,YDR287W,0,0.29448688,0.125,0.12121212482452393,0.08484848588705063
YDR482C,YLL066C,0,0.2944115,0.12444444745779037,0.12121212482452393,0.0852813869714737
YDR025W,YNL123W,0,0.2923609,0.12389380484819412,0.12121212482452393,0.08571428805589676
YPL133C,YPL100W,0,0.29203257,0.12334802001714706,0.12121212482452393,0.08614718914031982
YBR086C,YGL195W,0,0.29198942,0.12280701845884323,0.12121212482452393,0.08658009022474289
YLR430W,YBR121C,1,0.2918494,0.1266375482082367,0.12554112076759338,0.08658009022474289
YGR174C,YBR162C,0,0.29176334,0.12608695030212402,0.12554112076759338,0.08701298385858536
YKL191W,YDR243C,0,0.29138628,0.12554112076759338,0.12554112076759338,0.08744588494300842
YDR301W,YJR017C,1,0.29098174,0.12931033968925476,0.12987013161182404,0.08744588494300842
YOR090C,YKR088C,0,0.29081896,0.1287553608417511,0.12987013161182404,0.08787878602743149
YPR120C,YGL194C,0,0.2862633,0.12820513546466827,0.12987013161182404,0.08831168711185455
YLL066C,YHL006C,0,0.28592825,0.12765957415103912,0.12987013161182404,0.08874458819627762
YBR169C,YKL134C,0,0.28532305,0.12711864709854126,0.12987013161182404,0.08917748928070068
YDR148C,YNL250W,0,0.283964,0.1265822798013687,0.12987013161182404,0.08961039036512375
YBL080C,YNL243W,0,0.2832841,0.1260504275560379,0.12987013161182404,0.09004329144954681
YGR212W,YKL051W,0,0.2832779,0.12552301585674286,0.12987013161182404,0.09047619253396988
YEL018W,YNL063W,0,0.28318784,0.125,0.12987013161182404,0.09090909361839294
YPR105C,YOR048C,0,0.2824159,0.12448132783174515,0.12987013161182404,0.09134199470281601
YPL207W,YNR038W,0,0.281059,0.12396693974733353,0.12987013161182404,0.09177488833665848
YIL096C,YHR106W,0,0.2810172,0.12345679104328156,0.12987013161182404,0.09220778942108154
YHL028W,YDR292C,0,0.2802035,0.12295082211494446,0.12987013161182404,0.09264069050550461
YOR090C,YBR189W,0,0.27865538,0.12244898080825806,0.12987013161182404,0.09307359158992767
YDR212W,YIL119C,0,0.27860612,0.12195122241973877,0.12987013161182404,0.09350649267435074
YPR067W,YER129W,0,0.27734807,0.12145748734474182,0.12987013161182404,0.0939393937587738
YLL018C,YHR157W,0,0.2772071,0.12096773833036423,0.12987013161182404,0.09437229484319687
YLR277C,YLR115W,1,0.27613238,0.12449799478054047,0.1341991275548935,0.09437229484319687
YNL222W,YDR228C,1,0.27599737,0.12800000607967377,0.13852813839912415,0.09437229484319687
YHR033W,YBL072C,0,0.27561462,0.12749004364013672,0.13852813839912415,0.09480519592761993
YLR185W,YDR111C,0,0.27506506,0.1269841343164444,0.13852813839912415,0.095238097012043
YOR334W,YPL001W,0,0.27439648,0.12648221850395203,0.13852813839912415,0.09567099809646606
YOR091W,YJL174W,0,0.27366963,0.12598425149917603,0.13852813839912415,0.09610389918088913
YHR165C,YLR058C,0,0.27335325,0.125490203499794,0.13852813839912415,0.0965367928147316
YOR002W,YDR301W,0,0.27306142,0.125,0.13852813839912415,0.09696969389915466
YLR258W,YGL078C,0,0.27079234,0.12451361864805222,0.13852813839912415,0.09740259498357773
YHR114W,YNL065W,0,0.27063793,0.12403100728988647,0.13852813839912415,0.0978354960680008
YKR096W,YCR021C,0,0.27052572,0.1235521212220192,0.13852813839912415,0.09826839715242386
YMR275C,YDR244W,0,0.27044132,0.1230769231915474,0.13852813839912415,0.09870129823684692
YDR399W,YLR019W,0,0.27025652,0.12260536104440689,0.13852813839912415,0.09913419932126999
YLL048C,YGL016W,0,0.269718,0.1221374049782753,0.13852813839912415,0.09956710040569305
YGR060W,YMR125W,0,0.26966003,0.12167300283908844,0.13852813839912415,0.10000000149011612
YIL064W,YBL013W,0,0.2692693,0.12121212482452393,0.13852813839912415,0.10043290257453918
YKL129C,YDR165W,0,0.26850292,0.12075471878051758,0.13852813839912415,0.10086580365896225
YGR082W,YDR361C,0,0.26706994,0.12030075490474701,0.13852813839912415,0.10129870474338531
YIL064W,YKL145W,0,0.26674816,0.11985018849372864,0.13852813839912415,0.10173159837722778
YBL080C,YIL052C,0,0.26545206,0.11940298229455948,0.13852813839912415,0.10216449946165085
YMR105C,YPL225W,0,0.2653023,0.11895910650491714,0.13852813839912415,0.10259740054607391
YDR025W,YPL097W,0,0.26462635,0.11851851642131805,0.13852813839912415,0.10303030163049698
YLR377C,YIL087C,0,0.26459232,0.11808118224143982,0.13852813839912415,0.10346320271492004
YPR173C,YMR009W,0,0.26439092,0.11764705926179886,0.13852813839912415,0.10389610379934311
YMR243C,YKL099C,0,0.26416922,0.11721611768007278,0.13852813839912415,0.10432900488376617
YPR154W,YJL057C,0,0.26271555,0.11678832024335861,0.13852813839912415,0.10476190596818924
YDR028C,YOR259C,0,0.2620357,0.11636363714933395,0.13852813839912415,0.1051948070526123
YIL052C,YKL079W,0,0.26016188,0.11594203114509583,0.13852813839912415,0.10562770813703537
YDR345C,YKR077W,0,0.260073,0.11552346497774124,0.13852813839912415,0.10606060922145844
YLR277C,YJR017C,1,0.2599102,0.11870503425598145,0.1428571492433548,0.10606060922145844
YDR023W,YCR106W,0,0.25987452,0.11827956885099411,0.1428571492433548,0.1064935028553009
YIL147C,YDR040C,0,0.25927138,0.11785714328289032,0.1428571492433548,0.10692640393972397
YIL069C,YDL102W,0,0.259263,0.11743772029876709,0.1428571492433548,0.10735930502414703
YOR249C,YPR174C,0,0.25864723,0.11702127754688263,0.1428571492433548,0.1077922061085701
YJR150C,YPR120C,0,0.2583832,0.11660777032375336,0.1428571492433548,0.10822510719299316
YOL135C,YDL102W,0,0.25817963,0.11619718372821808,0.1428571492433548,0.10865800827741623
YKR053C,YML082W,0,0.25759298,0.11578947305679321,0.1428571492433548,0.1090909093618393
YOR250C,YOR065W,0,0.25756443,0.11538461595773697,0.1428571492433548,0.10952381044626236
YOR319W,YBR193C,0,0.2570885,0.11498257517814636,0.1428571492433548,0.10995671153068542
YHR142W,YLR196W,0,0.25637487,0.1145833358168602,0.1428571492433548,0.11038961261510849
YHR214W,YKL087C,0,0.25627723,0.1141868531703949,0.1428571492433548,0.11082251369953156
YDL105W,YDL123W,0,0.2560792,0.11379310488700867,0.1428571492433548,0.11125541478395462
YDR427W,YBR109C,0,0.2556369,0.11340206116437912,0.1428571492433548,0.11168830841779709
YCR021C,YNL161W,0,0.2551963,0.11301369965076447,0.1428571492433548,0.11212120950222015
YOR004W,YBR193C,0,0.25504312,0.11262798309326172,0.1428571492433548,0.11255411058664322
YLR426W,YNL123W,0,0.25413668,0.11224489659070969,0.1428571492433548,0.11298701167106628
YIL131C,YJR017C,1,0.25381646,0.1152542382478714,0.14718614518642426,0.11298701167106628
YFR027W,YIL096C,0,0.25342125,0.11486486345529556,0.14718614518642426,0.11341991275548935
YHR154W,YKL114C,0,0.25301036,0.11447811126708984,0.14718614518642426,0.11385281383991241
YKL141W,YKL145W,0,0.25297195,0.11409395933151245,0.14718614518642426,0.11428571492433548
YKL194C,YLR367W,0,0.25251746,0.113712377846241,0.14718614518642426,0.11471861600875854
YNL048W,YOR341W,0,0.25241542,0.1133333370089531,0.14718614518642426,0.11515151709318161
YML031W,YGL194C,0,0.2522057,0.11295680701732635,0.14718614518642426,0.11558441817760468
YIL069C,YLR382C,0,0.25201938,0.11258278042078018,0.14718614518642426,0.11601731926202774
YOR380W,YIL130W,0,0.25189966,0.11221121996641159,0.14718614518642426,0.11645021289587021
YDL220C,YDR234W,0,0.25182894,0.11184210330247879,0.14718614518642426,0.11688311398029327
YCL017C,YBR218C,0,0.25169036,0.11147540807723999,0.14718614518642426,0.11731601506471634
YLR377C,YKL129C,0,0.25118884,0.1111111119389534,0.14718614518642426,0.1177489161491394
YOR157C,YNL164C,0,0.25065655,0.11074918508529663,0.14718614518642426,0.11818181723356247
YJR035W,YBR119W,0,0.25041756,0.11038961261510849,0.14718614518642426,0.11861471831798553
YDR280W,YPL221W,0,0.24996288,0.11003236472606659,0.14718614518642426,0.1190476194024086
YIL009W,YNL111C,0,0.24979362,0.10967741906642914,0.14718614518642426,0.11948052048683167
YDR150W,YJL212C,0,0.249597,0.10932476073503494,0.14718614518642426,0.11991342157125473
YIL008W,YKR099W,0,0.24921583,0.10897435992956161,0.14718614518642426,0.1203463226556778
YDR434W,YLR259C,0,0.24881138,0.10862620174884796,0.14718614518642426,0.12077922374010086
YPL130W,YGL226W,0,0.24850489,0.1082802563905716,0.14718614518642426,0.12121212482452393
YHR194W,YNL081C,0,0.24828811,0.10793650895357132,0.14718614518642426,0.1216450184583664
YGR181W,YHL021C,0,0.24792,0.10759493708610535,0.14718614518642426,0.12207791954278946
YDR261C,YPL021W,0,0.24778326,0.10725551843643188,0.14718614518642426,0.12251082062721252
YGR204W,YPL126W,0,0.24763958,0.10691823810338974,0.14718614518642426,0.12294372171163559
YPL140C,YGR030C,0,0.24740018,0.10658307373523712,0.14718614518642426,0.12337662279605865
YNR030W,YPL178W,0,0.24685438,0.10625000298023224,0.14718614518642426,0.12380952388048172
YOL020W,YKL016C,0,0.24579538,0.1059190034866333,0.14718614518642426,0.12424242496490479
YJL098W,YGL151W,0,0.24509045,0.10559006035327911,0.14718614518642426,0.12467532604932785
YDR386W,YKL150W,0,0.24472672,0.10526315867900848,0.14718614518642426,0.12510822713375092
YPR155C,YIL018W,0,0.2445218,0.10493826866149902,0.14718614518642426,0.12554112076759338
YOR049C,YGR253C,0,0.24442144,0.10461538285017014,0.14718614518642426,0.12597402930259705
YPR199C,YBL047C,0,0.24420577,0.10429447889328003,0.14718614518642426,0.12640692293643951
YAL043C,YIL131C,1,0.24413681,0.1070336401462555,0.1515151560306549,0.12640692293643951
YHR169W,YLR345W,0,0.24378853,0.10670731961727142,0.1515151560306549,0.12683983147144318
YAL056W,YDL117W,0,0.2428653,0.10638298094272614,0.1515151560306549,0.12727272510528564
YBR049C,YOR179C,1,0.24276283,0.1090909093618393,0.15584415197372437,0.12727272510528564
YLR017W,YNR053C,0,0.24251482,0.10876133292913437,0.15584415197372437,0.1277056336402893
YDR007W,YNR059W,0,0.24208671,0.10843373835086823,0.15584415197372437,0.12813852727413177
YOL042W,YDR092W,0,0.2420443,0.10810811072587967,0.15584415197372437,0.12857143580913544
YBR101C,YPL198W,0,0.24108934,0.10778442770242691,0.15584415197372437,0.1290043294429779
YBR038W,YIL062C,0,0.2406196,0.10746268928050995,0.15584415197372437,0.12943722307682037
YGR161C,YLR175W,0,0.24048232,0.1071428582072258,0.15584415197372437,0.12987013161182404
YBL087C,YHL006C,0,0.24021886,0.10682492703199387,0.15584415197372437,0.1303030252456665
YOR045W,YHR197W,0,0.23974824,0.10650887340307236,0.15584415197372437,0.13073593378067017
YCL016C,YKL060C,0,0.2394469,0.10619468986988068,0.15584415197372437,0.13116882741451263
YDR227W,YIL130W,0,0.23814858,0.10588235408067703,0.15584415197372437,0.1316017359495163
YGL189C,YKR099W,0,0.23722719,0.10557185113430023,0.15584415197372437,0.13203462958335876
YMR101C,YOR254C,0,0.2368696,0.10526315867900848,0.15584415197372437,0.13246753811836243
YPL120W,YHR090C,0,0.23624122,0.10495626926422119,0.15584415197372437,0.1329004317522049
YNL023C,YHR202W,0,0.23561317,0.10465116053819656,0.15584415197372437,0.13333334028720856
YKR079C,YMR149W,0,0.23547561,0.104347825050354,0.15584415197372437,0.13376623392105103
YNL076W,YCR035C,0,0.23523341,0.10404624044895172,0.15584415197372437,0.1341991275548935
YER062C,YIL030C,0,0.23515879,0.10374639928340912,0.15584415197372437,0.13463203608989716
YOR266W,YBR085W,0,0.23504286,0.1034482792019844,0.15584415197372437,0.13506492972373962
YBR208C,YDR438W,0,0.23459291,0.10315186530351639,0.15584415197372437,0.1354978382587433
YOR048C,YAL043C,1,0.23451002,0.10571428388357162,0.16017316281795502,0.1354978382587433
YLL018C-A,YKR052C,0,0.23392788,0.10541310906410217,0.16017316281795502,0.13593073189258575
YBL051C,YKL087C,0,0.23350959,0.10511363297700882,0.16017316281795502,0.13636364042758942
YKR053C,YML102W,0,0.23320988,0.10481586307287216,0.16017316281795502,0.13679653406143188
YML076C,YNL123W,0,0.23318958,0.10451977699995041,0.16017316281795502,0.13722944259643555
YDR195W,YPL190C,1,0.23187573,0.10704225301742554,0.16450215876102448,0.13722944259643555
YAL019W,YBR078W,0,0.23173292,0.10674156993627548,0.16450215876102448,0.13766233623027802
YMR059W,YLR367W,0,0.23128246,0.10644257813692093,0.16450215876102448,0.13809524476528168
YNL222W,YGR156W,1,0.23105526,0.1089385449886322,0.16883116960525513,0.13809524476528168
YPL146C,YBR060C,0,0.2310101,0.10863509774208069,0.16883116960525513,0.13852813839912415
YNL062C,YOR260W,0,0.23099795,0.10833333432674408,0.16883116960525513,0.1389610320329666
YJR117W,YOR001W,0,0.23049343,0.10803323984146118,0.16883116960525513,0.13939394056797028
YKL018W,YDR289C,1,0.23016666,0.11049723625183105,0.17316018044948578,0.13939394056797028
YIR019C,YJR027W,0,0.22968844,0.11019283533096313,0.17316018044948578,0.13982683420181274
YAL043C,YGR156W,1,0.22939077,0.11263736337423325,0.17748917639255524,0.13982683420181274
YPL138C,YOR335C,0,0.22929867,0.11232876777648926,0.17748917639255524,0.1402597427368164
YGR178C,YIL009W,0,0.22847246,0.11202185600996017,0.17748917639255524,0.14069263637065887
YHL028W,YDL117W,0,0.22798334,0.1117166206240654,0.17748917639255524,0.14112554490566254
YCL017C,YDR256C,0,0.22755128,0.11141304671764374,0.17748917639255524,0.141558438539505
YDR195W,YAL043C,1,0.22726394,0.11382114142179489,0.1818181872367859,0.141558438539505
YBR101C,YBR169C,0,0.2270778,0.1135135143995285,0.1818181872367859,0.14199134707450867
YBR038W,YDR023W,0,0.22689949,0.11320754885673523,0.1818181872367859,0.14242424070835114
YDL220C,YOR258W,0,0.2263773,0.11290322244167328,0.1818181872367859,0.1428571492433548
YJR120W,YOR254C,0,0.22634594,0.11260053515434265,0.1818181872367859,0.14329004287719727
YKL149C,YDR165W,0,0.22606605,0.11229946464300156,0.1818181872367859,0.14372293651103973
YLR390W-A,YDR213W,0,0.22470729,0.1120000034570694,0.1818181872367859,0.1441558450460434
YJR046W,YPL161C,0,0.2241686,0.11170212924480438,0.1818181872367859,0.14458873867988586
YLR115W,YGL246C,1,0.22369964,0.11405835300683975,0.18614718317985535,0.14458873867988586
YJL045W,YGL198W,0,0.22280326,0.11375661194324493,0.18614718317985535,0.14502164721488953
YMR039C,YAL043C,1,0.22264017,0.11609498411417007,0.190476194024086,0.14502164721488953
YLR435W,YNL161W,0,0.22260408,0.11578947305679321,0.190476194024086,0.145454540848732
YBR038W,YHR170W,0,0.2224212,0.11548556387424469,0.190476194024086,0.14588744938373566
YJL183W,YGR129W,0,0.22198513,0.11518324911594391,0.190476194024086,0.14632034301757812
YBR038W,YOR103C,0,0.22179373,0.11488250643014908,0.190476194024086,0.1467532515525818
YGR212W,YML101C,0,0.22171763,0.1145833358168602,0.190476194024086,0.14718614518642426
YKL018W,YLR430W,1,0.2216713,0.11688311398029327,0.19480518996715546,0.14718614518642426
YBR162W-A,YJR123W,0,0.22149828,0.1165803074836731,0.19480518996715546,0.14761905372142792
YPL169C,YDR303C,0,0.22149302,0.11627907305955887,0.19480518996715546,0.14805194735527039
YLR092W,YDR179C,0,0.22092071,0.1159793809056282,0.19480518996715546,0.14848485589027405
YOR048C,YBR121C,1,0.22069444,0.11825192719697952,0.1991342008113861,0.14848485589027405
YOL132W,YKL077W,0,0.2203546,0.11794871836900711,0.1991342008113861,0.14891774952411652
YDL098C,YLR175W,0,0.22011232,0.11764705926179886,0.1991342008113861,0.14935064315795898
YLL006W,YDR301W,0,0.21986744,0.11734694242477417,0.1991342008113861,0.14978355169296265
YGL098W,YLR248W,0,0.21983486,0.11704834550619125,0.1991342008113861,0.15021644532680511
YNL240C,YOR195W,0,0.21978012,0.11675126850605011,0.1991342008113861,0.15064935386180878
YPL100W,YCL044C,0,0.21965884,0.11645569652318954,0.1991342008113861,0.15108224749565125
YKL018W,YBR049C,1,0.21911599,0.11868686974048615,0.20346319675445557,0.15108224749565125
YGR099W,YDR367W,0,0.21908696,0.11838790774345398,0.20346319675445557,0.1515151560306549
YJR073C,YFR040W,0,0.218627,0.11809045076370239,0.20346319675445557,0.15194804966449738
YMR039C,YBR049C,1,0.21793655,0.12030075490474701,0.20779220759868622,0.15194804966449738
YBR049C,YJR017C,1,0.21788289,0.12250000238418579,0.21212121844291687,0.15194804966449738
YCL051W,YDR165W,0,0.21748315,0.12219451367855072,0.21212121844291687,0.15238095819950104
YPR143W,YDR002W,0,0.21740827,0.12189054489135742,0.21212121844291687,0.1528138518333435
YGL025C,YBR208C,0,0.2173108,0.1215880885720253,0.21212121844291687,0.15324676036834717
YCR018C,YLL067C,0,0.21709652,0.12128712981939316,0.21212121844291687,0.15367965400218964
YPL140C,YLR044C,0,0.21660344,0.1209876537322998,0.21212121844291687,0.1541125476360321
YOL011W,YKL197C,0,0.21649757,0.12068965286016464,0.21212121844291687,0.15454545617103577
YAL043C,YNL251C,1,0.21611889,0.12285012006759644,0.21645021438598633,0.15454545617103577
YLR277C,YNL251C,1,0.21538146,0.125,0.22077922523021698,0.15454545617103577
YNL251C,YJR017C,1,0.2152984,0.1271393597126007,0.22510822117328644,0.15454545617103577
YDR091C,YLR023C,0,0.21516205,0.12682926654815674,0.22510822117328644,0.15497834980487823
YGL092W,YCL044C,0,0.21498272,0.12652067840099335,0.22510822117328644,0.1554112583398819
YDL175C,YPL056C,0,0.21454996,0.12621359527111053,0.22510822117328644,0.15584415197372437
YDR256C,YER032W,0,0.21454737,0.1259079873561859,0.22510822117328644,0.15627706050872803
YPR161C,YHR005C,0,0.2145132,0.12560386955738068,0.22510822117328644,0.1567099541425705
YLR367W,YGR296W,0,0.21441282,0.12530121207237244,0.22510822117328644,0.15714286267757416
YLR115W,YNL251C,1,0.21433957,0.1274038404226303,0.2294372320175171,0.15714286267757416
YGR283C,YOR129C,0,0.2138979,0.12709832191467285,0.2294372320175171,0.15757575631141663
YDR325W,YLL006W,0,0.2137696,0.1267942637205124,0.2294372320175171,0.1580086648464203
YDR243C,YMR072W,0,0.21339685,0.12649165093898773,0.2294372320175171,0.15844155848026276
YJL096W,YDR407C,0,0.2132579,0.12619048357009888,0.2294372320175171,0.15887445211410522
YGL196W,YGL087C,0,0.21276776,0.12589073181152344,0.2294372320175171,0.1593073606491089
YOR087W,YOL154W,0,0.21271437,0.1255924105644226,0.2294372320175171,0.15974025428295135
YPL168W,YOR254C,0,0.21250536,0.1252955049276352,0.2294372320175171,0.16017316281795502
YDL072C,YER102W,0,0.21187274,0.125,0.2294372320175171,0.16060605645179749
YDR129C,YHR146W,0,0.21101059,0.12470588088035583,0.2294372320175171,0.16103896498680115
YDR213W,YLR417W,0,0.21090905,0.1244131475687027,0.2294372320175171,0.16147185862064362
YIL036W,YBL063W,0,0.21074249,0.1241217777132988,0.2294372320175171,0.16190476715564728
YKL155C,YHR133C,0,0.21052067,0.12383177876472473,0.2294372320175171,0.16233766078948975
YLR430W,YIL131C,1,0.21033399,0.1258741319179535,0.23376622796058655,0.16233766078948975
YPR086W,YCR063W,0,0.20994319,0.12558139860630035,0.23376622796058655,0.1627705693244934
YJL069C,YGL127C,0,0.20954694,0.12529002130031586,0.23376622796058655,0.16320346295833588
YHR006W,YML031W,0,0.20949398,0.125,0.23376622796058655,0.16363635659217834
YLR083C,YDL102W,0,0.20939842,0.12471131980419159,0.23376622796058655,0.164069265127182
YOR045W,YGR055W,0,0.2091112,0.12442396581172943,0.23376622796058655,0.16450215876102448
YGL246C,YNL251C,1,0.20861425,0.12643678486347198,0.2380952388048172,0.16450215876102448
YER033C,YKR085C,0,0.20816927,0.12614679336547852,0.2380952388048172,0.16493506729602814
YBR091C,YCR091W,0,0.20812957,0.1258581280708313,0.2380952388048172,0.1653679609298706
YKL029C,YBR193C,0,0.20747085,0.12557077407836914,0.2380952388048172,0.16580086946487427
YOR027W,YDR092W,0,0.2067153,0.12528473138809204,0.2380952388048172,0.16623376309871674
YML101C,YPL178W,0,0.20636606,0.125,0.2380952388048172,0.1666666716337204
YCR065W,YJL168C,0,0.20530094,0.12471655011177063,0.2380952388048172,0.16709956526756287
YIL156W,YBR211C,0,0.20482422,0.12443438917398453,0.2380952388048172,0.16753247380256653
YDR129C,YLR417W,0,0.20481747,0.1241535022854805,0.2380952388048172,0.167965367436409
YGL092W,YBR086C,0,0.20402548,0.12387387454509735,0.2380952388048172,0.16839826107025146
YLR143W,YIL173W,0,0.20386572,0.12359550595283508,0.2380952388048172,0.16883116960525513
YHR142W,YBL047C,0,0.2034422,0.1233183890581131,0.2380952388048172,0.1692640632390976
YNL221C,YKL129C,0,0.20342793,0.1230425089597702,0.2380952388048172,0.16969697177410126
YHL011C,YMR225C,0,0.20260154,0.1227678582072258,0.2380952388048172,0.17012986540794373
YPL116W,YHR214W,0,0.20246333,0.12249442934989929,0.2380952388048172,0.1705627739429474
YDR517W,YMR237W,0,0.2018844,0.12222222238779068,0.2380952388048172,0.17099566757678986
YIL052C,YML016C,0,0.2016901,0.12195122241973877,0.2380952388048172,0.17142857611179352
YPR003C,YGR283C,0,0.20164037,0.12168141454458237,0.2380952388048172,0.171861469745636
YML100W,YKR052C,0,0.2004006,0.12141280621290207,0.2380952388048172,0.17229437828063965
YPL141C,YLR175W,0,0.20014608,0.12114537507295609,0.2380952388048172,0.17272727191448212
YMR039C,YPL190C,1,0.1995531,0.1230769231915474,0.24242424964904785,0.17272727191448212
YDR111C,YMR091C,0,0.199315,0.12280701845884323,0.24242424964904785,0.17316018044948578
YML023C,YDR343C,0,0.19905545,0.12253829091787338,0.24242424964904785,0.17359307408332825
YER155C,YNR052C,0,0.19854867,0.12227074056863785,0.24242424964904785,0.17402596771717072
YIL156W,YIL009W,0,0.19831695,0.12200435996055603,0.24242424964904785,0.17445887625217438
YML016C,YOR079C,0,0.19760096,0.12173912674188614,0.24242424964904785,0.17489176988601685
YIL062C,YDR005C,0,0.19756092,0.12147505581378937,0.24242424964904785,0.1753246784210205
YDR287W,YLR143W,0,0.19749685,0.12121212482452393,0.24242424964904785,0.17575757205486298
YPL190C,YGL246C,1,0.19696641,0.12311015278100967,0.2467532455921173,0.17575757205486298
YOR262W,YBR089C-A,0,0.19690053,0.12284483015537262,0.2467532455921173,0.17619048058986664
YLR277C,YAL043C,1,0.19553657,0.12473118305206299,0.25108224153518677,0.17619048058986664
YOR380W,YOL032W,0,0.19550197,0.1244635209441185,0.25108224153518677,0.1766233742237091
YDR195W,YKL018W,1,0.19543111,0.12633833289146423,0.2554112672805786,0.1766233742237091
YKR075C,YER143W,0,0.19530924,0.1260683834552765,0.2554112672805786,0.17705628275871277
YGR170W,YMR001C,0,0.19525982,0.12579956650733948,0.2554112672805786,0.17748917639255524
YBR003W,YDR399W,0,0.19524358,0.12553191184997559,0.2554112672805786,0.1779220849275589
YGL063W,YHR214W,0,0.19505356,0.12526538968086243,0.2554112672805786,0.17835497856140137
YGL144C,YBR045C,0,0.19502316,0.125,0.2554112672805786,0.17878787219524384
YOR316C,YDR227W,0,0.19501115,0.12473572790622711,0.2554112672805786,0.1792207807302475
YOR018W,YBL087C,0,0.19470839,0.12447257339954376,0.2554112672805786,0.17965367436408997
YGR103W,YCR091W,0,0.1945097,0.12421052902936935,0.2554112672805786,0.18008658289909363
YKL016C,YPR134W,0,0.19423811,0.1239495798945427,0.2554112672805786,0.1805194765329361
YPR046W,YHL015W,0,0.19411053,0.12368972599506378,0.2554112672805786,0.18095238506793976
YOR334W,YLR413W,0,0.19362806,0.12343095988035202,0.2554112672805786,0.18138527870178223
YIL087C,YNL111C,0,0.19225565,0.12317327409982681,0.2554112672805786,0.1818181872367859
YER179W,YDR300C,0,0.19203465,0.12291666865348816,0.2554112672805786,0.18225108087062836
YGL098W,YGR253C,0,0.19195434,0.12266112118959427,0.2554112672805786,0.18268398940563202
YGL246C,YDR228C,1,0.19150548,0.12448132783174515,0.25974026322364807,0.18268398940563202
YOL122C,YOL051W,0,0.19137366,0.12422360479831696,0.25974026322364807,0.1831168830394745
YPR114W,YIL053W,0,0.19124538,0.12396693974733353,0.25974026322364807,0.18354977667331696
YOR026W,YNL180C,0,0.19114332,0.12371134012937546,0.25974026322364807,0.18398268520832062
YGL192W,YOR254C,0,0.19093658,0.12345679104328156,0.25974026322364807,0.18441557884216309
YLR333C,YNL076W,0,0.19048773,0.12320328503847122,0.25974026322364807,0.18484848737716675
YDR513W,YDR397C,0,0.19024265,0.12295082211494446,0.25974026322364807,0.18528138101100922
YJR150C,YNL059C,0,0.19023553,0.12269938737154007,0.25974026322364807,0.18571428954601288
YLR115W,YLR430W,1,0.19014202,0.12448979914188385,0.26406925916671753,0.18571428954601288
YLR023C,YGR094W,0,0.19008401,0.12423625588417053,0.26406925916671753,0.18614718317985535
YJL057C,YIL123W,0,0.19006582,0.12398374080657959,0.26406925916671753,0.186580091714859
YPR161C,YGL115W,0,0.18947482,0.12373225390911102,0.26406925916671753,0.18701298534870148
YLR432W,YER038C,0,0.1889787,0.12348178029060364,0.26406925916671753,0.18744589388370514
YMR322C,YOL116W,0,0.18884113,0.12323231995105743,0.26406925916671753,0.1878787875175476
YMR081C,YCR063W,0,0.18880732,0.12298387289047241,0.26406925916671753,0.18831168115139008
YGL194C,YJR096W,0,0.18798135,0.12273641675710678,0.26406925916671753,0.18874458968639374
YHR169W,YFR025C,0,0.18797551,0.12248995900154114,0.26406925916671753,0.1891774833202362
YDR122W,YGR224W,0,0.1878875,0.12224449217319489,0.26406925916671753,0.18961039185523987
YNL263C,YOL132W,0,0.187498,0.12200000137090683,0.26406925916671753,0.19004328548908234
YAL068C,YPL021W,0,0.18681894,0.12175648659467697,0.26406925916671753,0.190476194024086
YDL081C,YCR024C,0,0.1867585,0.12151394784450531,0.26406925916671753,0.19090908765792847
YDR129C,YBL063W,0,0.18658301,0.12127236276865005,0.26406925916671753,0.19134199619293213
YDR195W,YBR121C,1,0.18646064,0.1230158731341362,0.268398255109787,0.19134199619293213
YHR073W,YPL210C,0,0.18580362,0.12277227640151978,0.268398255109787,0.1917748898267746
YML059C,YER040W,0,0.18529923,0.12252964079380035,0.268398255109787,0.19220779836177826
YNL183C,YOR335C,0,0.1852428,0.12228796631097794,0.268398255109787,0.19264069199562073
YHR005C,YLR055C,0,0.18524115,0.12204724550247192,0.268398255109787,0.1930735856294632
YEL048C,YDR300C,0,0.18522307,0.12180746346712112,0.268398255109787,0.19350649416446686
YGL092W,YMR242C,0,0.18468957,0.12156862765550613,0.268398255109787,0.19393938779830933
YPR143W,YDL211C,0,0.18437463,0.12133072316646576,0.268398255109787,0.194372296333313
YGR057C,YPL168W,0,0.18432724,0.12109375,0.268398255109787,0.19480518996715546
YML011C,YPR175W,0,0.18372692,0.12085770070552826,0.268398255109787,0.19523809850215912
YDR361C,YHR158C,0,0.183711,0.12062256783246994,0.268398255109787,0.1956709921360016
YHR214W,YDR045C,0,0.18358149,0.12038835138082504,0.268398255109787,0.19610390067100525
YER129W,YOR001W,0,0.18298095,0.12015503644943237,0.268398255109787,0.19653679430484772
YNL180C,YHR014W,0,0.18282534,0.11992263048887253,0.268398255109787,0.19696970283985138
YAL015C,YLR220W,0,0.18256532,0.11969111859798431,0.268398255109787,0.19740259647369385
YLR430W,YDR228C,1,0.18238474,0.12138728052377701,0.27272728085517883,0.19740259647369385
YDR028C,YKR049C,0,0.18229415,0.12115384638309479,0.27272728085517883,0.1978355050086975
YLR194C,YPL210C,0,0.18217115,0.1209213063120842,0.27272728085517883,0.19826839864253998
YGR254W,YLR313C,0,0.18204515,0.12068965286016464,0.27272728085517883,0.19870129227638245
YKR078W,YHL028W,0,0.18176208,0.12045889347791672,0.27272728085517883,0.1991342008113861
YJR117W,YHR142W,0,0.18171324,0.12022900581359863,0.27272728085517883,0.19956709444522858
YKR078W,YNL164C,0,0.18156613,0.11999999731779099,0.27272728085517883,0.20000000298023224
YFL049W,YEL044W,0,0.18099259,0.11977186053991318,0.27272728085517883,0.2004328966140747
YOR179C,YJR017C,1,0.18092878,0.12144212424755096,0.2770562767982483,0.2004328966140747
YBR054W,YIL148W,0,0.18059103,0.12121212482452393,0.2770562767982483,0.20086580514907837
YIL148W,YOR079C,0,0.18047445,0.12098298966884613,0.2770562767982483,0.20129869878292084
YER063W,YGL027C,0,0.18028024,0.12075471878051758,0.2770562767982483,0.2017316073179245
YAR009C,YKL032C,0,0.18008785,0.12052730470895767,0.2770562767982483,0.20216450095176697
YMR230W,YDL076C,0,0.1795427,0.12030075490474701,0.2770562767982483,0.20259740948677063
YFR031C-A,YDL102W,0,0.17941816,0.1200750470161438,0.2770562767982483,0.2030303031206131
YKL062W,YDR395W,0,0.17935048,0.11985018849372864,0.2770562767982483,0.20346319675445557
YPL120W,YBL038W,0,0.17854683,0.11962617188692093,0.2770562767982483,0.20389610528945923
YER179W,YDL119C,0,0.17847545,0.11940298229455948,0.2770562767982483,0.2043289989233017
YCR031C,YOR341W,0,0.17839351,0.11918063461780548,0.2770562767982483,0.20476190745830536
YPL190C,YGR156W,1,0.17829485,0.12081784754991531,0.28138527274131775,0.20476190745830536
YOR193W,YKL006W,0,0.17786933,0.12059368938207626,0.28138527274131775,0.20519480109214783
YJR035W,YER143W,0,0.17773293,0.12037037312984467,0.28138527274131775,0.2056277096271515
YML016C,YFR038W,0,0.17768861,0.12014787644147873,0.28138527274131775,0.20606060326099396
YLR019W,YKR099W,0,0.17761938,0.11992619931697845,0.28138527274131775,0.20649351179599762
YLR347C,YDL209C,0,0.17753588,0.11970534175634384,0.28138527274131775,0.2069264054298401
YJR041C,YFR034C,0,0.17696314,0.1194852963089943,0.28138527274131775,0.20735931396484375
YLR234W,YNL123W,0,0.17692739,0.11926605552434921,0.28138527274131775,0.20779220759868622
YKR078W,YHR185C,0,0.17688079,0.1190476194024086,0.28138527274131775,0.2082251012325287
YKL033W,YDR257C,0,0.17670713,0.11882998049259186,0.28138527274131775,0.20865800976753235
YLR430W,YNL251C,1,0.17643656,0.12043795734643936,0.2857142984867096,0.20865800976753235
YLR194C,YOR060C,0,0.1762939,0.12021858245134354,0.2857142984867096,0.20909090340137482
YBR069C,YBR034C,0,0.17604752,0.11999999731779099,0.2857142984867096,0.20952381193637848
YLR411W,YPR097W,0,0.1759969,0.1197822168469429,0.2857142984867096,0.20995670557022095
YMR232W,YMR230W,0,0.17526935,0.1195652186870575,0.2857142984867096,0.2103896141052246
YBR121C,YNL251C,1,0.17522171,0.12115732580423355,0.29004329442977905,0.2103896141052246
YLR115W,YBR121C,1,0.17518383,0.12274368107318878,0.2943722903728485,0.2103896141052246
YDR301W,YKL018W,1,0.174782,0.12432432174682617,0.29870128631591797,0.2103896141052246
YDR023W,YNR059W,0,0.17453583,0.12410072237253189,0.29870128631591797,0.21082250773906708
YGL126W,YMR072W,0,0.17415194,0.12387792021036148,0.29870128631591797,0.21125541627407074
YOR247W,YLR181C,0,0.17414634,0.12365591526031494,0.29870128631591797,0.2116883099079132
YER133W,YOR179C,1,0.17354292,0.12522360682487488,0.3030303120613098,0.2116883099079132
YHR202W,YDR025W,0,0.17332166,0.125,0.3030303120613098,0.21212121844291687
YHR158C,YOL012C,0,0.17308798,0.1247771829366684,0.3030303120613098,0.21255411207675934
YER005W,YOR113W,0,0.17281754,0.12455516308546066,0.3030303120613098,0.2129870057106018
YOR195W,YOR259C,0,0.17275165,0.1243339255452156,0.3030303120613098,0.21341991424560547
YMR015C,YGR120C,0,0.17250372,0.12411347776651382,0.3030303120613098,0.21385280787944794
YML061C,YPL233W,0,0.17178921,0.12389380484819412,0.3030303120613098,0.2142857164144516
YLR115W,YOR179C,1,0.1716218,0.12544170022010803,0.3073593080043793,0.2142857164144516
YLR004C,YLR115W,0,0.17161566,0.12522046267986298,0.3073593080043793,0.21471861004829407
YKL018W,YGL246C,1,0.17152052,0.1267605572938919,0.31168830394744873,0.21471861004829407
YMR039C,YOR179C,1,0.17148529,0.12829525768756866,0.3160173296928406,0.21471861004829407
YPR154W,YOR158W,0,0.1708097,0.1280701756477356,0.3160173296928406,0.21515151858329773
YPR071W,YJL208C,0,0.17066337,0.1278458833694458,0.3160173296928406,0.2155844122171402
YAL011W,YGR060W,0,0.17064638,0.12762238085269928,0.3160173296928406,0.21601732075214386
YLR277C,YLR075W,0,0.17047773,0.12739965319633484,0.3160173296928406,0.21645021438598633
YMR158W,YMR131C,0,0.17008442,0.12717770040035248,0.3160173296928406,0.21688312292099
YOR260W,YKL051W,0,0.1696319,0.1269565224647522,0.3160173296928406,0.21731601655483246
YNR048W,YNL065W,0,0.16927959,0.1267361044883728,0.3160173296928406,0.21774892508983612
YJR120W,YBL008W,0,0.16917443,0.1265164613723755,0.3160173296928406,0.2181818187236786
YPR148C,YBR015C,0,0.16881476,0.12629757821559906,0.3160173296928406,0.21861471235752106
YEL027W,YNL278W,0,0.1687276,0.12607944011688232,0.3160173296928406,0.21904762089252472
YOR272W,YLL057C,0,0.16814815,0.12586206197738647,0.3160173296928406,0.2194805145263672
YDR091C,YPL224C,0,0.16786486,0.1256454437971115,0.3160173296928406,0.21991342306137085
YGL005C,YBR045C,0,0.16742732,0.12542955577373505,0.3160173296928406,0.22034631669521332
YBR086C,YGR094W,0,0.16712773,0.12521441280841827,0.3160173296928406,0.22077922523021698
YDR515W,YDR108W,0,0.16656503,0.125,0.3160173296928406,0.22121211886405945
YMR286W,YLR413W,0,0.16591705,0.12478632479906082,0.3160173296928406,0.2216450273990631
YIL156W,YMR262W,0,0.16576324,0.12457337975502014,0.3160173296928406,0.22207792103290558
YGR235C,YDR437W,0,0.1653492,0.12436115741729736,0.3160173296928406,0.22251082956790924
YBR029C,YNL251C,0,0.16525166,0.12414965778589249,0.3160173296928406,0.2229437232017517
YGR055W,YNL081C,0,0.1648482,0.12393888086080551,0.3160173296928406,0.22337661683559418
YPR037C,YBR212W,0,0.1643745,0.12372881174087524,0.3160173296928406,0.22380952537059784
YBR107C,YPR148C,0,0.16400142,0.12351945787668228,0.3160173296928406,0.2242424190044403
YBL038W,YOL095C,0,0.16365173,0.12331081181764603,0.3160173296928406,0.22467532753944397
YLL026W,YLR056W,0,0.16304038,0.12310286611318588,0.3160173296928406,0.22510822117328644
YGL151W,YDR257C,0,0.1621222,0.12289562076330185,0.3160173296928406,0.2255411297082901
YHR024C,YGL018C,0,0.16152133,0.12268907576799393,0.3160173296928406,0.22597402334213257
YNL263C,YLL031C,0,0.16121313,0.12248322367668152,0.3160173296928406,0.22640693187713623
YLR011W,YHR020W,0,0.16116486,0.12227805703878403,0.3160173296928406,0.2268398255109787
YNL286W,YPL156C,0,0.16052248,0.12207357585430145,0.3160173296928406,0.22727273404598236
YDR148C,YJR027W,0,0.16030927,0.1218697801232338,0.3160173296928406,0.22770562767982483
YBR034C,YPL076W,0,0.15986216,0.12166666984558105,0.3160173296928406,0.2281385213136673
YML041C,YGR217W,0,0.15984742,0.12146422266960144,0.3160173296928406,0.22857142984867096
YDR195W,YBR049C,1,0.1595926,0.1229235902428627,0.32034632563591003,0.22857142984867096
YBR233W-A,YKL060C,0,0.15947038,0.12271973490715027,0.32034632563591003,0.22900432348251343
YPR154W,YIL153W,0,0.15931754,0.12251655757427216,0.32034632563591003,0.2294372320175171
YDR201W,YOR330C,0,0.15912792,0.12231405079364777,0.32034632563591003,0.22987012565135956
YCR106W,YMR002W,0,0.15870433,0.1221122145652771,0.32034632563591003,0.23030303418636322
YOR048C,YNL251C,1,0.15847655,0.12355848401784897,0.3246753215789795,0.23030303418636322
YDR464W,YLR247C,0,0.1584324,0.12335526198148727,0.3246753215789795,0.2307359278202057
YLR223C,YNL288W,0,0.15836312,0.1231527104973793,0.3246753215789795,0.23116883635520935
YAL043C,YOR179C,1,0.15750645,0.12459016591310501,0.32900431752204895,0.23116883635520935
YER177W,YDR439W,0,0.15727644,0.1243862509727478,0.32900431752204895,0.23160172998905182
YBR121C,YJR017C,1,0.15673186,0.12581700086593628,0.3333333432674408,0.23160172998905182
YHR154W,YBR146W,0,0.15668376,0.12561175227165222,0.3333333432674408,0.23203463852405548
YJR017C,YGR156W,1,0.15552962,0.12703582644462585,0.33766233921051025,0.23203463852405548
YCL029C,YJL083W,0,0.15524828,0.12682926654815674,0.33766233921051025,0.23246753215789795
YHL017W,YBR069C,0,0.1551387,0.12662337720394135,0.33766233921051025,0.23290042579174042
YFR016C,YHL026C,0,0.1549505,0.12641815841197968,0.33766233921051025,0.23333333432674408
YHR154W,YGL144C,0,0.15466937,0.12621359527111053,0.33766233921051025,0.23376622796058655
YLR193C,YDL102W,0,0.15452035,0.12600968778133392,0.33766233921051025,0.2341991364955902
YLR011W,YAL068C,0,0.1537757,0.12580645084381104,0.33766233921051025,0.23463203012943268
YOR272W,YOR330C,0,0.15354358,0.12560386955738068,0.33766233921051025,0.23506493866443634
YPR188C,YPL176C,0,0.153385,0.12540192902088165,0.33766233921051025,0.2354978322982788
YMR237W,YCL054W,0,0.15327677,0.12520064413547516,0.33766233921051025,0.23593074083328247
YNL103W,YMR001C,0,0.15281166,0.125,0.33766233921051025,0.23636363446712494
YFR031C-A,YPL043W,0,0.15259148,0.12479999661445618,0.33766233921051025,0.2367965430021286
YKL185W,YOR027W,0,0.15223132,0.12460064142942429,0.33766233921051025,0.23722943663597107
YER007C-A,YLR007W,0,0.15197153,0.12440191209316254,0.33766233921051025,0.23766233026981354
YGR055W,YOL095C,0,0.15186007,0.12420382350683212,0.33766233921051025,0.2380952388048172
YKR093W,YLR055C,0,0.1514023,0.12400636076927185,0.33766233921051025,0.23852813243865967
YPR106W,YNR019W,0,0.15118243,0.12380952388048172,0.33766233921051025,0.23896104097366333
YLR258W,YDR268W,0,0.15102257,0.12361331284046173,0.33766233921051025,0.2393939346075058
YDR098C,YJR150C,0,0.15045668,0.12341772019863129,0.33766233921051025,0.23982684314250946
YOR049C,YNL278W,0,0.15017559,0.12322274595499039,0.33766233921051025,0.24025973677635193
YNL221C,YHR158C,0,0.15013827,0.12302839010953903,0.33766233921051025,0.2406926453113556
YLR085C,YER177W,0,0.1491292,0.12283464521169662,0.33766233921051025,0.24112553894519806
YPR095C,YGR253C,0,0.14911292,0.12264151126146317,0.33766233921051025,0.24155844748020172
YNR032C-A,YJL173C,0,0.14899832,0.12244898080825806,0.33766233921051025,0.2419913411140442
YMR274C,YLR118C,0,0.1489376,0.1222570538520813,0.33766233921051025,0.24242424964904785
YHR202W,YNL062C,0,0.14878084,0.12206573039293289,0.33766233921051025,0.24285714328289032
YAL002W,YER108C,0,0.14806084,0.12187500298023224,0.33766233921051025,0.2432900369167328
YAL056W,YGL107C,0,0.1476644,0.12168486416339874,0.33766233921051025,0.24372294545173645
YGR078C,YLR193C,0,0.147283,0.1214953288435936,0.33766233921051025,0.24415583908557892
YJR108W,YGR208W,0,0.1469552,0.12130637466907501,0.33766233921051025,0.24458874762058258
YDR195W,YJR017C,1,0.14677489,0.12267080694437027,0.3419913351535797,0.24458874762058258
YDL098C,YBR149W,0,0.14611,0.12248062342405319,0.3419913351535797,0.24502164125442505
YCL016C,YER032W,0,0.14582548,0.12229102104902267,0.3419913351535797,0.2454545497894287
YPR199C,YKL006W,0,0.14510629,0.12210200726985931,0.3419913351535797,0.24588744342327118
YKR075C,YJL208C,0,0.14487416,0.12191358208656311,0.3419913351535797,0.24632035195827484
YDL012C,YHR114W,0,0.14485982,0.12172573059797287,0.3419913351535797,0.2467532455921173
YER177W,YDL189W,0,0.1448548,0.12153846025466919,0.3419913351535797,0.24718615412712097
YPL126W,YGL005C,0,0.14408357,0.12135176360607147,0.3419913351535797,0.24761904776096344
YLR430W,YGL246C,1,0.14387725,0.12269938737154007,0.34632036089897156,0.24761904776096344
YDR545W,YBR060C,0,0.14362128,0.12251148372888565,0.34632036089897156,0.2480519413948059
YKL191W,YLR058C,0,0.14327615,0.12232416123151779,0.34632036089897156,0.24848484992980957
YDR517W,YGR017W,0,0.14298154,0.1221374049782753,0.34632036089897156,0.24891774356365204
YBR085W,YBR023C,0,0.14294751,0.12195122241973877,0.34632036089897156,0.2493506520986557
YDR468C,YDR040C,0,0.14275727,0.12176559865474701,0.34632036089897156,0.24978354573249817
YMR053C,YGR253C,0,0.14243582,0.12158054858446121,0.34632036089897156,0.25021645426750183
YIL131C,YNL251C,1,0.14236158,0.12291350215673447,0.350649356842041,0.25021645426750183
YLR044C,YEL032W,0,0.14226885,0.12272727489471436,0.350649356842041,0.2506493628025055
YPR161C,YBR016W,0,0.14207403,0.12254160642623901,0.350649356842041,0.25108224153518677
YOR383C,YMR230W,0,0.14155784,0.12235649675130844,0.350649356842041,0.25151515007019043
YBR119W,YNL024C,0,0.14134808,0.12217194586992264,0.350649356842041,0.2519480586051941
YMR063W,YER023W,0,0.14127694,0.1219879537820816,0.350649356842041,0.25238096714019775
YOR048C,YLR277C,1,0.14096734,0.12330827116966248,0.3549783527851105,0.25238096714019775
YPL190C,YNL222W,1,0.14084317,0.12462462484836578,0.35930734872817993,0.25238096714019775
YOR193W,YDR434W,0,0.14066736,0.12443777918815613,0.35930734872817993,0.25281384587287903
YLR248W,YHR080C,0,0.1400085,0.12425149977207184,0.35930734872817993,0.2532467544078827
YFL049W,YJL216C,0,0.13887423,0.12406577169895172,0.35930734872817993,0.25367966294288635
YGR060W,YER081W,0,0.13864337,0.12388059496879578,0.35930734872817993,0.2541125416755676
YER133W,YJR017C,1,0.13839906,0.12518629431724548,0.3636363744735718,0.2541125416755676
YBR085W,YPL135W,0,0.13828261,0.125,0.3636363744735718,0.2545454502105713
YGR235C,YCR031C,0,0.13777633,0.12481426447629929,0.3636363744735718,0.25497835874557495
YJL183W,YBR003W,0,0.13763662,0.12462908029556274,0.3636363744735718,0.2554112672805786
YDR468C,YKL060C,0,0.1376289,0.12444444745779037,0.3636363744735718,0.2558441460132599
YDL189W,YIL033C,0,0.13751145,0.12426035851240158,0.3636363744735718,0.25627705454826355
YEL048C,YGR170W,0,0.13741256,0.12407680600881577,0.3636363744735718,0.2567099630832672
YDR009W,YMR177W,0,0.1374061,0.12389380484819412,0.3636363744735718,0.2571428716182709
YFR047C,YKR049C,0,0.13708447,0.12371134012937546,0.3636363744735718,0.25757575035095215
YKL191W,YDL220C,0,0.13707873,0.12352941185235977,0.3636363744735718,0.2580086588859558
YBR121C,YGR156W,1,0.13681751,0.12481644749641418,0.36796537041664124,0.2580086588859558
YER143W,YHR150W,0,0.13663831,0.12463343143463135,0.36796537041664124,0.2584415674209595
YDR168W,YHR157W,0,0.13601589,0.12445095181465149,0.36796537041664124,0.25887444615364075
YJR042W,YPR106W,0,0.13582662,0.12426900863647461,0.36796537041664124,0.2593073546886444
YDR039C,YJL094C,0,0.13552815,0.12408759444952011,0.36796537041664124,0.25974026322364807
YJL212C,YMR156C,0,0.13539368,0.123906709253788,0.36796537041664124,0.26017317175865173
YPL168W,YNL118C,0,0.13534725,0.12372634559869766,0.36796537041664124,0.260606050491333
YGL063W,YLL021W,0,0.13506824,0.12354651093482971,0.36796537041664124,0.26103895902633667
YKR064W,YPL239W,0,0.1350467,0.12336719781160355,0.36796537041664124,0.26147186756134033
YKR079C,YBR188C,0,0.13487875,0.12318840622901917,0.36796537041664124,0.261904776096344
YPL126W,YMR313C,0,0.1340022,0.12301012873649597,0.36796537041664124,0.26233765482902527
YMR275C,YPR105C,0,0.13339064,0.12283237278461456,0.36796537041664124,0.26277056336402893
YPL058C,YEL044W,0,0.1330512,0.12265512347221375,0.36796537041664124,0.2632034718990326
YJR150C,YGL129C,0,0.1329925,0.12247838824987411,0.36796537041664124,0.26363635063171387
YMR041C,YER040W,0,0.13284291,0.12230215966701508,0.36796537041664124,0.26406925916671753
YPR067W,YLR435W,0,0.13271461,0.12212643772363663,0.36796537041664124,0.2645021677017212
YLR377C,YDR092W,0,0.13262492,0.12195122241973877,0.36796537041664124,0.26493507623672485
YDR516C,YOL121C,0,0.13258635,0.1217765063047409,0.36796537041664124,0.26536795496940613
YLR277C,YKL018W,1,0.13221146,0.12303290516138077,0.3722943663597107,0.26536795496940613
YGR129W,YDL134C,0,0.13187043,0.12285714596509933,0.3722943663597107,0.2658008635044098
YDR434W,YDR528W,0,0.13167103,0.1226818859577179,0.3722943663597107,0.26623377203941345
YLR430W,YNL222W,1,0.13164602,0.12393162399530411,0.37662336230278015,0.26623377203941345
YIL144W,YPL248C,0,0.13125876,0.12375533580780029,0.37662336230278015,0.2666666805744171
YBR218C,YIL096C,0,0.13110904,0.12357954680919647,0.37662336230278015,0.2670995593070984
YOR136W,YBL025W,0,0.1306414,0.12340425699949265,0.37662336230278015,0.26753246784210205
YBR218C,YML076C,0,0.13058935,0.12322945892810822,0.37662336230278015,0.2679653763771057
YHR106W,YDR005C,0,0.13048008,0.12305516004562378,0.37662336230278015,0.268398255109787
YJL110C,YGL096W,0,0.13047957,0.12288135290145874,0.37662336230278015,0.26883116364479065
YPR037C,YNL173C,0,0.13040252,0.1227080374956131,0.37662336230278015,0.2692640721797943
YIL013C,YNL190W,0,0.13021901,0.12253521382808685,0.37662336230278015,0.269696980714798
YGR017W,YCR063W,0,0.1299336,0.12236286699771881,0.37662336230278015,0.27012985944747925
YKL026C,YJR052W,0,0.12990484,0.12219101190567017,0.37662336230278015,0.2705627679824829
YBR119W,YGR057C,0,0.12898459,0.12201963365077972,0.37662336230278015,0.2709956765174866
YNL020C,YIR026C,0,0.12892288,0.12184873968362808,0.37662336230278015,0.27142858505249023
YBL035C,YDL093W,0,0.12887155,0.12167832255363464,0.37662336230278015,0.2718614637851715
YOL011W,YDR384C,0,0.12880066,0.12150838226079941,0.37662336230278015,0.27229437232017517
YOR018W,YER031C,0,0.12870078,0.12133891135454178,0.37662336230278015,0.27272728085517883
YNL288W,YGR129W,0,0.12857248,0.12116991728544235,0.37662336230278015,0.2731601595878601
YDR471W,YER028C,0,0.12848702,0.12100139260292053,0.37662336230278015,0.27359306812286377
YKL141W,YNL123W,0,0.12838365,0.12083332985639572,0.37662336230278015,0.27402597665786743
YPL140C,YLR019W,0,0.12830351,0.12066574394702911,0.37662336230278015,0.2744588851928711
YEL019C,YPL178W,0,0.12812373,0.12049861252307892,0.37662336230278015,0.27489176392555237
YFR010W,YDR407C,0,0.127769,0.12033195048570633,0.37662336230278015,0.27532467246055603
YDR213W,YER072W,0,0.12770386,0.12016574293375015,0.37662336230278015,0.2757575809955597
YDR092W,YLR466W,0,0.12738343,0.11999999731779099,0.37662336230278015,0.27619048953056335
YIL153W,YIL167W,0,0.12716289,0.11983471363782883,0.37662336230278015,0.27662336826324463
YOL135C,YGL231C,0,0.1270551,0.11966987699270248,0.37662336230278015,0.2770562767982483
YER100W,YHR210C,0,0.1267841,0.11950549483299255,0.37662336230278015,0.27748918533325195
YIL118W,YDR179C,0,0.12675512,0.11934156715869904,0.37662336230278015,0.2779220640659332
YAL043C,YGL246C,1,0.1265728,0.12054794281721115,0.380952388048172,0.2779220640659332
YGL196W,YHR005C,0,0.12653998,0.12038303911685944,0.380952388048172,0.2783549726009369
YOR191W,YBR279W,0,0.12619486,0.12021858245134354,0.380952388048172,0.27878788113594055
YOR383C,YOR132W,0,0.12613417,0.12005457282066345,0.380952388048172,0.2792207896709442
YMR076C,YJR096W,0,0.12600964,0.11989101022481918,0.380952388048172,0.2796536684036255
YLR258W,YGL045W,0,0.1256225,0.11972789466381073,0.380952388048172,0.28008657693862915
YHR120W,YBR180W,0,0.12561795,0.1195652186870575,0.380952388048172,0.2805194854736328
YER023W,YMR125W,0,0.12506935,0.11940298229455948,0.380952388048172,0.2809523940086365
YLR248W,YNL063W,0,0.12452014,0.11924119293689728,0.380952388048172,0.28138527274131775
YPR188C,YLR150W,0,0.12399922,0.1190798357129097,0.380952388048172,0.2818181812763214
YOR068C,YML127W,0,0.12342535,0.11891891807317734,0.380952388048172,0.2822510898113251
YML059C,YAR009C,0,0.12312841,0.1187584325671196,0.380952388048172,0.28268396854400635
YOR026W,YDR384C,0,0.12301169,0.11859837919473648,0.380952388048172,0.28311687707901
YLR277C,YDR289C,1,0.122928806,0.1197846531867981,0.38528138399124146,0.28311687707901
YJL089W,YNL142W,0,0.122770846,0.11962365359067917,0.38528138399124146,0.28354978561401367
YML011C,YHR165C,0,0.12246277,0.11946308612823486,0.38528138399124146,0.28398269414901733
YIL052C,YOR249C,0,0.12224167,0.11930295079946518,0.38528138399124146,0.2844155728816986
YLR284C,YDL223C,0,0.122054145,0.11914324015378952,0.38528138399124146,0.28484848141670227
YBR233W-A,YMR318C,0,0.12204069,0.11898395419120789,0.38528138399124146,0.28528138995170593
YGR078C,YHR138C,0,0.12198968,0.11882510036230087,0.38528138399124146,0.2857142984867096
YDR301W,YNL222W,1,0.121841006,0.11999999731779099,0.3896103799343109,0.2857142984867096
YBR038W,YER155C,0,0.121631466,0.11984021216630936,0.3896103799343109,0.28614717721939087
YDR301W,YAL043C,1,0.121629156,0.12101063877344131,0.39393940567970276,0.28614717721939087
YHR033W,YHR190W,0,0.121381685,0.12084993720054626,0.39393940567970276,0.28658008575439453
YCR058C,YKR049C,0,0.12093903,0.12068965286016464,0.39393940567970276,0.2870129942893982
YLR367W,YNL130C,0,0.12075575,0.12052980065345764,0.39393940567970276,0.28744587302207947
YER031C,YHL035C,0,0.12072248,0.12037037312984467,0.39393940567970276,0.28787878155708313
YML011C,YHL031C,0,0.12064417,0.12021136283874512,0.39393940567970276,0.2883116900920868
YOR048C,YNL222W,1,0.12039405,0.1213720291852951,0.3982684016227722,0.2883116900920868
YOR172W,YGL016W,0,0.12035708,0.12121212482452393,0.3982684016227722,0.28874459862709045
YDL160C,YNR024W,0,0.119981095,0.12105263024568558,0.3982684016227722,0.28917747735977173
YAL043C,YLR430W,1,0.11957534,0.12220761924982071,0.4025973975658417,0.28917747735977173
YOR032C,YCR035C,0,0.11891423,0.12204724550247192,0.4025973975658417,0.2896103858947754
YLL006W,YMR091C,0,0.11887534,0.12188728898763657,0.4025973975658417,0.29004329442977905
YDR195W,YDR301W,1,0.118740454,0.12303665280342102,0.40692639350891113,0.29004329442977905
YOR016C,YDR350C,0,0.11862094,0.12287581712007523,0.40692639350891113,0.2904762029647827
YHR033W,YGL192W,0,0.118477516,0.12271540611982346,0.40692639350891113,0.290909081697464
YDR244W,YJR096W,0,0.1182161,0.12255541235208511,0.40692639350891113,0.29134199023246765
YMR050C,YLR068W,0,0.1182154,0.1223958358168602,0.40692639350891113,0.2917748987674713
YPL100W,YFL026W,0,0.11796656,0.12223666906356812,0.40692639350891113,0.2922077775001526
YJR048W,YJL083W,0,0.1176904,0.12207791954278946,0.40692639350891113,0.29264068603515625
YOR191W,YOL084W,0,0.11755596,0.12191958725452423,0.40692639350891113,0.2930735945701599
YNL111C,YOR001W,0,0.11736592,0.12176165729761124,0.40692639350891113,0.2935065031051636
YFR024C-A,YBR003W,0,0.11719886,0.12160413712263107,0.40692639350891113,0.29393938183784485
YOR018W,YOL042W,0,0.11698221,0.12144702672958374,0.40692639350891113,0.2943722903728485
YOL154W,YML061C,0,0.11656704,0.12129032611846924,0.40692639350891113,0.2948051989078522
YML045W,YHR210C,0,0.11653327,0.12113402038812637,0.40692639350891113,0.29523810744285583
YKL018W,YER133W,1,0.11653054,0.12226512283086777,0.411255419254303,0.29523810744285583
YPL115C,YDR343C,0,0.1161228,0.12210796773433685,0.411255419254303,0.2956709861755371
YLR451W,YPL193W,0,0.11590694,0.12195122241973877,0.411255419254303,0.29610389471054077
YJR153W,YNL024C,0,0.11585888,0.12179487198591232,0.411255419254303,0.29653680324554443
YDR308C,YIL043C,0,0.115816,0.12163892388343811,0.411255419254303,0.2969697117805481
YMR105C,YNR019W,0,0.115695454,0.12148337811231613,0.411255419254303,0.29740259051322937
YDR204W,YER005W,0,0.11507715,0.12132822722196579,0.411255419254303,0.29783549904823303
YDL113C,YLR292C,0,0.114437565,0.12117347121238708,0.411255419254303,0.2982684075832367
YBR211C,YJL096W,0,0.11396544,0.12101911008358002,0.411255419254303,0.29870128631591797
YBR043C,YLR249W,0,0.113963515,0.12086513638496399,0.411255419254303,0.29913419485092163
YIL130W,YER015W,0,0.113872774,0.1207115650177002,0.411255419254303,0.2995671033859253
YBL063W,YLR260W,0,0.11378701,0.12055837363004684,0.411255419254303,0.30000001192092896
YNR019W,YMR035W,0,0.113584585,0.12040557712316513,0.411255419254303,0.30043289065361023
YJR054W,YPL253C,0,0.1133368,0.12025316804647446,0.411255419254303,0.3008657991886139
YKL069W,YHR202W,0,0.113200605,0.12010113894939423,0.411255419254303,0.30129870772361755
YPL120W,YML127W,0,0.11302723,0.11994949728250504,0.411255419254303,0.3017316162586212
YBR211C,YCR058C,0,0.11280086,0.11979823559522629,0.411255419254303,0.3021644949913025
YOL076W,YOR009W,0,0.11249835,0.11964735388755798,0.411255419254303,0.30259740352630615
YDR422C,YOR059C,0,0.112228304,0.11949685215950012,0.411255419254303,0.3030303120613098
YDR019C,YJL069C,0,0.1114542,0.1193467304110527,0.411255419254303,0.3034631907939911
YFR010W,YNL020C,0,0.11079146,0.11919698864221573,0.411255419254303,0.30389609932899475
YLR360W,YLR432W,0,0.110783726,0.1190476194024086,0.411255419254303,0.3043290078639984
YHR165C,YGL064C,0,0.11077921,0.11889862269163132,0.411255419254303,0.3047619163990021
YJR109C,YNL054W,0,0.11049336,0.11874999850988388,0.411255419254303,0.30519479513168335
YGL005C,YGL111W,0,0.110316195,0.11860174685716629,0.411255419254303,0.305627703666687
YGR266W,YNL240C,0,0.11031548,0.11845386773347855,0.411255419254303,0.3060606122016907
YDR381W,YKL043W,0,0.11012388,0.11830635368824005,0.411255419254303,0.30649352073669434
YOR136W,YGR007W,0,0.10990262,0.1181592047214508,0.411255419254303,0.3069263994693756
YGR007W,YJL180C,0,0.109649435,0.11801242083311081,0.411255419254303,0.3073593080043793
YDR528W,YJL216C,0,0.10959336,0.11786600202322006,0.411255419254303,0.30779221653938293
YLR277C,YMR039C,1,0.10919296,0.11895910650491714,0.41558441519737244,0.30779221653938293
YBL087C,YIL123W,0,0.10858841,0.11881188303232193,0.41558441519737244,0.3082250952720642
YDR361C,YPL183C,0,0.10848126,0.11866501718759537,0.41558441519737244,0.30865800380706787
YDL091C,YNL164C,0,0.10828571,0.11851851642131805,0.41558441519737244,0.30909091234207153
YKL191W,YLR189C,0,0.10790539,0.11837238073348999,0.41558441519737244,0.3095238208770752
YHR001W-A,YPR097W,0,0.10786444,0.11822660267353058,0.41558441519737244,0.30995669960975647
YLR234W,YIR026C,0,0.10761214,0.11808118224143982,0.41558441519737244,0.31038960814476013
YLR011W,YBR060C,0,0.10747151,0.11793611943721771,0.41558441519737244,0.3108225166797638
YLL018C-A,YOR249C,0,0.10742769,0.11779141426086426,0.41558441519737244,0.31125542521476746
YGR181W,YFL025C,0,0.10740226,0.11764705926179886,0.41558441519737244,0.31168830394744873
YHR148W,YHL025W,0,0.10716446,0.11750306189060211,0.41558441519737244,0.3121212124824524
YGL226W,YPR086W,0,0.10695617,0.11735941469669342,0.41558441519737244,0.31255412101745605
YLR426W,YHL028W,0,0.10681738,0.11721611768007278,0.41558441519737244,0.31298699975013733
YGR254W,YDL211C,0,0.10656459,0.1170731708407402,0.41558441519737244,0.313419908285141
YGL129C,YLR067C,0,0.106546566,0.11693057417869568,0.41558441519737244,0.31385281682014465
YJL012C,YLR056W,0,0.10650791,0.11678832024335861,0.41558441519737244,0.3142857253551483
YJL180C,YBR208C,0,0.10631187,0.1166464164853096,0.41558441519737244,0.3147186040878296
YLL018C,YPR128C,0,0.10620547,0.11650485545396805,0.41558441519737244,0.31515151262283325
YOL012C,YNL076W,0,0.10614683,0.11636363714933395,0.41558441519737244,0.3155844211578369
YBR119W,YBR272C,0,0.106100544,0.11622276157140732,0.41558441519737244,0.3160173296928406
YBR043C,YCL035C,0,0.106034264,0.11608222126960754,0.41558441519737244,0.31645020842552185
YPL173W,YHR020W,0,0.10556544,0.11594203114509583,0.41558441519737244,0.3168831169605255
YOL055C,YLR258W,0,0.10539036,0.11580216884613037,0.41558441519737244,0.3173160254955292
YDR228C,YJR017C,1,0.10484722,0.11686746776103973,0.4199134111404419,0.3173160254955292
YKL192C,YCR044C,0,0.104821384,0.1167268380522728,0.4199134111404419,0.31774890422821045
YDR009W,YIL053W,0,0.10468912,0.11658653616905212,0.4199134111404419,0.3181818127632141
YKR053C,YIL167W,0,0.104535505,0.11644657701253891,0.4199134111404419,0.3186147212982178
YPL140C,YDR092W,0,0.10409121,0.11630695313215256,0.4199134111404419,0.31904762983322144
YKL141W,YMR105C,0,0.10379223,0.11616766452789307,0.4199134111404419,0.3194805085659027
YLR417W,YBL063W,0,0.10371194,0.11602871119976044,0.4199134111404419,0.31991341710090637
YLL024C,YBR003W,0,0.10357784,0.11589008569717407,0.4199134111404419,0.32034632563591003
YML102W,YOR060C,0,0.102822706,0.11575178802013397,0.4199134111404419,0.3207792341709137
YLR426W,YOR027W,0,0.10234462,0.11561382561922073,0.4199134111404419,0.32121211290359497
YOR090C,YPL193W,0,0.102320105,0.11547619104385376,0.4199134111404419,0.32164502143859863
YOR271C,YBR028C,0,0.10221938,0.11533888429403305,0.4199134111404419,0.3220779299736023
YKR089C,YNL076W,0,0.10212673,0.11520189791917801,0.4199134111404419,0.32251080870628357
YBR121C,YIL131C,1,0.10200405,0.11625148355960846,0.42424243688583374,0.32251080870628357
YBR038W,YPR128C,0,0.10200126,0.11611374467611313,0.42424243688583374,0.32294371724128723
YBR049C,YDR228C,1,0.10161712,0.11715976148843765,0.4285714328289032,0.32294371724128723
YMR175W,YOR363C,0,0.10155807,0.11702127754688263,0.4285714328289032,0.3233766257762909
YJL110C,YKR083C,0,0.1014446,0.11688311398029327,0.4285714328289032,0.32380953431129456
YML045W,YER108C,0,0.10089476,0.11674528568983078,0.4285714328289032,0.32424241304397583
YMR322C,YMR149W,0,0.10087306,0.11660777032375336,0.4285714328289032,0.3246753215789795
YDR328C,YCR038C,0,0.10066364,0.1164705902338028,0.4285714328289032,0.32510823011398315
YMR243C,YDR384C,0,0.10059294,0.1163337230682373,0.4285714328289032,0.3255411386489868
YDL235C,YOR011W,0,0.09961036,0.11619718372821808,0.4285714328289032,0.3259740173816681
YML100W,YJL078C,0,0.09940122,0.11606096476316452,0.4285714328289032,0.32640692591667175
YFL026W,YPR100W,0,0.09936089,0.11592505872249603,0.4285714328289032,0.3268398344516754
YPL248C,YNR030W,0,0.0993211,0.11578947305679321,0.4285714328289032,0.3272727131843567
YER007C-A,YDR284C,0,0.098919764,0.11565420776605606,0.4285714328289032,0.32770562171936035
YBL038W,YPL049C,0,0.098293886,0.11551925539970398,0.4285714328289032,0.328138530254364
YKL062W,YGR060W,0,0.09804245,0.11538461595773697,0.4285714328289032,0.3285714387893677
YBR208C,YDR437W,0,0.09758877,0.11525028944015503,0.4285714328289032,0.32900431752204895
YHR146W,YLR059C,0,0.097550206,0.11511627584695816,0.4285714328289032,0.3294372260570526
YKL194C,YML004C,0,0.09746301,0.11498257517814636,0.4285714328289032,0.3298701345920563
YMR048W,YLR059C,0,0.09702667,0.11484918743371964,0.4285714328289032,0.33030304312705994
YOR380W,YER040W,0,0.09684862,0.11471610516309738,0.4285714328289032,0.3307359218597412
YNL038W,YGL064C,0,0.09684692,0.1145833358168602,0.4285714328289032,0.3311688303947449
YLR277C,YGR156W,1,0.09682461,0.11560693383216858,0.43290042877197266,0.3311688303947449
YPR161C,YLR058C,0,0.096759826,0.1154734417796135,0.43290042877197266,0.33160173892974854
YPR131C,YJL208C,0,0.096205615,0.11534025520086288,0.43290042877197266,0.3320346176624298
YFR047C,YGL192W,0,0.09615383,0.11520737409591675,0.43290042877197266,0.33246752619743347
YLR277C,YDR301W,1,0.09599729,0.11622554808855057,0.4372294247150421,0.33246752619743347
YIL106W,YOR264W,0,0.09588815,0.11609195172786713,0.4372294247150421,0.33290043473243713
YOR091W,YGL115W,0,0.095423885,0.11595866829156876,0.4372294247150421,0.3333333432674408
YDR500C,YKR083C,0,0.09515083,0.11582569032907486,0.4372294247150421,0.33376622200012207
YKL132C,YKL058W,0,0.09495531,0.11569301038980484,0.4372294247150421,0.33419913053512573
YLR367W,YLR054C,0,0.09439805,0.11556064337491989,0.4372294247150421,0.3346320390701294
YJL127C,YDR025W,0,0.0939696,0.11542857438325882,0.4372294247150421,0.33506494760513306
YFL049W,YER129W,0,0.09372105,0.11529680341482162,0.4372294247150421,0.33549782633781433
YOR334W,YNL181W,0,0.09347567,0.1151653379201889,0.4372294247150421,0.335930734872818
YBR038W,YER167W,0,0.09323058,0.11503417044878006,0.4372294247150421,0.33636364340782166
YNL132W,YNR024W,0,0.09297778,0.11490330100059509,0.4372294247150421,0.33679652214050293
YKL018W,YBR121C,1,0.09263392,0.11590909212827682,0.44155845046043396,0.33679652214050293
YDR189W,YIL009W,0,0.09260987,0.11577752232551575,0.44155845046043396,0.3372294306755066
YPL126W,YDR398W,0,0.092584856,0.11564625799655914,0.44155845046043396,0.33766233921051025
YOL020W,YCR045C,0,0.09241635,0.11551529169082642,0.44155845046043396,0.3380952477455139
YDR377W,YDR289C,0,0.0923906,0.11538461595773697,0.44155845046043396,0.3385281264781952
YCL068C,YPR068C,0,0.091872245,0.1152542382478714,0.44155845046043396,0.33896103501319885
YNL243W,YER108C,0,0.09158938,0.11512415111064911,0.44155845046043396,0.3393939435482025
YBR295W,YDR259C,0,0.091562696,0.1149943619966507,0.44155845046043396,0.3398268520832062
YDR098C-A,YML045W,0,0.091498956,0.11486486345529556,0.44155845046043396,0.34025973081588745
YHR214C-C,YNR033W,0,0.09128721,0.11473565548658371,0.44155845046043396,0.3406926393508911
YER159C,YPL040C,0,0.091216624,0.11460673809051514,0.44155845046043396,0.3411255478858948
YHR201C,YIL009W,0,0.09110676,0.11447811126708984,0.44155845046043396,0.34155845642089844
YER038C,YNL068C,0,0.0910953,0.11434977501630783,0.44155845046043396,0.3419913351535797
YKR007W,YMR002W,0,0.09104408,0.1142217218875885,0.44155845046043396,0.3424242436885834
YHR111W,YCL068C,0,0.09101815,0.11409395933151245,0.44155845046043396,0.34285715222358704
YER072W,YPR169W,0,0.090818286,0.11396647989749908,0.44155845046043396,0.3432900309562683
YIL131C,YGL246C,1,0.09067417,0.1149553582072258,0.4458874464035034,0.3432900309562683
YIL013C,YKL196C,0,0.09057473,0.11482720077037811,0.4458874464035034,0.343722939491272
YNL328C,YPL262W,0,0.08971624,0.1146993339061737,0.4458874464035034,0.34415584802627563
YFR010W,YOR027W,0,0.089660704,0.11457174271345139,0.4458874464035034,0.3445887565612793
YCL012W,YLR328W,0,0.089555755,0.11444444209337234,0.4458874464035034,0.34502163529396057
YIL087C,YLR333C,0,0.089154944,0.11431742459535599,0.4458874464035034,0.34545454382896423
YOR156C,YLR337C,0,0.08908352,0.11419069021940231,0.4458874464035034,0.3458874523639679
YOL122C,YML076C,0,0.08901942,0.11406423151493073,0.4458874464035034,0.34632036089897156
YPL043W,YEL044W,0,0.08880588,0.11393805593252182,0.4458874464035034,0.34675323963165283
YDR178W,YDR384C,0,0.08855449,0.113812156021595,0.4458874464035034,0.3471861481666565
YLR363C,YDR303C,0,0.088554166,0.11368653178215027,0.4458874464035034,0.34761905670166016
YJL057C,YIL018W,0,0.08853269,0.11356119066476822,0.4458874464035034,0.34805193543434143
YER139C,YIL043C,0,0.08852057,0.11343612521886826,0.4458874464035034,0.3484848439693451
YDR098C,YKL138C,0,0.08819519,0.11331132799386978,0.4458874464035034,0.34891775250434875
YOR258W,YNL176C,0,0.087876916,0.11318681389093399,0.4458874464035034,0.3493506610393524
YPL058C,YHR001W-A,0,0.08769711,0.11306256800889969,0.4458874464035034,0.3497835397720337
YDR301W,YNL251C,1,0.08754276,0.11403508484363556,0.4502164423465729,0.3497835397720337
YBR254C,YMR125W,0,0.08749866,0.11391018331050873,0.4502164423465729,0.35021644830703735
YOL098C,YML016C,0,0.08736873,0.11378555744886398,0.4502164423465729,0.350649356842041
YKL016C,YGR083C,0,0.086945266,0.11366119980812073,0.4502164423465729,0.3510822653770447
YKL018W,YMR039C,1,0.0868483,0.11462882161140442,0.4545454680919647,0.3510822653770447
YNR048W,YCR024C,0,0.08681445,0.11450381577014923,0.4545454680919647,0.35151514410972595
YLR411W,YNR030W,0,0.08675583,0.11437908560037613,0.4545454680919647,0.3519480526447296
YCR086W,YNL194C,0,0.08672402,0.11425462365150452,0.4545454680919647,0.3523809611797333
YBR119W,YMR015C,0,0.08667102,0.11413043737411499,0.4545454680919647,0.35281383991241455
YOR016C,YOR236W,0,0.0864656,0.11400651186704636,0.4545454680919647,0.3532467484474182
YLR239C,YPR097W,0,0.08630529,0.11388286203145981,0.4545454680919647,0.3536796569824219
YLR384C,YNL216W,0,0.085605584,0.11375948041677475,0.4545454680919647,0.35411256551742554
YIL036W,YPL100W,0,0.085396454,0.11363636702299118,0.4545454680919647,0.3545454442501068
YIL022W,YNL118C,0,0.085137986,0.1135135143995285,0.4545454680919647,0.3549783527851105
YFR024C,YCR024C,0,0.08500862,0.11339092999696732,0.4545454680919647,0.35541126132011414
YMR041C,YKL132C,0,0.0849525,0.11326860636472702,0.4545454680919647,0.3558441698551178
YKR083C,YJL001W,0,0.08463222,0.11314655095338821,0.4545454680919647,0.3562770485877991
YLR430W,YGR156W,1,0.084524944,0.11410118639469147,0.4588744640350342,0.3562770485877991
YGL067W,YLR059C,0,0.083712816,0.11397849768400192,0.4588744640350342,0.35670995712280273
YOR158W,YBL047C,0,0.08336103,0.11385606974363327,0.4588744640350342,0.3571428656578064
YMR286W,YNL181W,0,0.08252592,0.11373390257358551,0.4588744640350342,0.35757574439048767
YDR463W,YDR100W,0,0.0824524,0.11361200362443924,0.4588744640350342,0.35800865292549133
YPR106W,YLR432W,0,0.08244289,0.11349036544561386,0.4588744640350342,0.358441561460495
YLL018C,YPL175W,0,0.08240889,0.11336898058652878,0.4588744640350342,0.35887446999549866
YHR210C,YHR133C,0,0.08228414,0.11324786394834518,0.4588744640350342,0.35930734872817993
YKL018W,YDR228C,1,0.08201182,0.11419423669576645,0.46320345997810364,0.35930734872817993
YDL100C,YGL139W,0,0.08194345,0.11407249420881271,0.46320345997810364,0.3597402572631836
YBR043C,YCR091W,0,0.08159003,0.11395101249217987,0.46320345997810364,0.36017316579818726
YOL121C,YBL031W,0,0.081357256,0.11382978409528732,0.46320345997810364,0.3606060743331909
YBR130C,YEL048C,0,0.08133973,0.11370882391929626,0.46320345997810364,0.3610389530658722
YNL294C,YKL197C,0,0.08124713,0.1135881096124649,0.46320345997810364,0.36147186160087585
YLR417W,YLR044C,0,0.081233956,0.11346765607595444,0.46320345997810364,0.3619047701358795
YGR178C,YOR259C,0,0.08119115,0.11334745585918427,0.46320345997810364,0.3623376488685608
YFR031C-A,YPL021W,0,0.08114785,0.11322751641273499,0.46320345997810364,0.36277055740356445
YLR249W,YCR005C,0,0.08114499,0.1131078228354454,0.46320345997810364,0.3632034659385681
YBR101C,YLR011W,0,0.08110043,0.11298838257789612,0.46320345997810364,0.3636363744735718
YDR098C-B,YBR191W,0,0.080997355,0.11286919564008713,0.46320345997810364,0.36406925320625305
YBR029C,YGR161C,0,0.080730245,0.11275026202201843,0.46320345997810364,0.3645021617412567
YJL045W,YPL221W,0,0.08066118,0.11263158172369003,0.46320345997810364,0.3649350702762604
YDR178W,YLR067C,0,0.0804231,0.11251314729452133,0.46320345997810364,0.36536797881126404
YDR025W,YER005W,0,0.080082834,0.11239495873451233,0.46320345997810364,0.3658008575439453
YER179W,YDL100C,0,0.07969104,0.11227702349424362,0.46320345997810364,0.366233766078949
YKL141W,YGL096W,0,0.07966582,0.11215932667255402,0.46320345997810364,0.36666667461395264
YGL028C,YKL155C,0,0.07953495,0.1120418831706047,0.46320345997810364,0.3670995533466339
YAL048C,YPL056C,0,0.079371005,0.1119246855378151,0.46320345997810364,0.3675324618816376
YBR029C,YOR065W,0,0.079343036,0.11180773377418518,0.46320345997810364,0.36796537041664124
YER063W,YDL139C,0,0.07918153,0.11169102042913437,0.46320345997810364,0.3683982789516449
YBR101C,YEL001C,0,0.07906424,0.11157456040382385,0.46320345997810364,0.36883115768432617
YGR161W-A,YNL029C,0,0.07906388,0.11145833134651184,0.46320345997810364,0.36926406621932983
YAR009C,YMR237W,0,0.078442335,0.11134234815835953,0.46320345997810364,0.3696969747543335
YDR463W,YMR035W,0,0.07839906,0.11122661083936691,0.46320345997810364,0.37012988328933716
YMR059W,YDR359C,0,0.07821992,0.1111111119389534,0.46320345997810364,0.37056276202201843
YDR004W,YOL052C-A,0,0.078210354,0.11099585145711899,0.46320345997810364,0.3709956705570221
YDL113C,YIL009W,0,0.078192964,0.11088082939386368,0.46320345997810364,0.37142857909202576
YOR002W,YMR153W,0,0.07806994,0.11076604574918747,0.46320345997810364,0.37186145782470703
YLR185W,YIL144W,0,0.077491514,0.11065150052309036,0.46320345997810364,0.3722943663597107
YER100W,YLR323C,0,0.07710915,0.11053719371557236,0.46320345997810364,0.37272727489471436
YEL048C,YPR105C,0,0.07706003,0.11042311787605286,0.46320345997810364,0.373160183429718
YKL060C,YLL057C,0,0.07704874,0.11030928045511246,0.46320345997810364,0.3735930621623993
YPL130W,YMR040W,0,0.07651977,0.11019567400217056,0.46320345997810364,0.37402597069740295
YDL012C,YLR260W,0,0.07650952,0.11008230596780777,0.46320345997810364,0.3744588792324066
YFL056C,YLR234W,0,0.0764495,0.10996916890144348,0.46320345997810364,0.3748917877674103
YAR042W,YPR095C,0,0.07640486,0.1098562628030777,0.46320345997810364,0.37532466650009155
YDR004W,YER060W,0,0.07550733,0.10974358767271042,0.46320345997810364,0.3757575750350952
YJR123W,YPL156C,0,0.07544091,0.10963115096092224,0.46320345997810364,0.3761904835700989
YDR195W,YIL131C,1,0.07499444,0.11054247617721558,0.4675324559211731,0.3761904835700989
YDR301W,YLR430W,1,0.07490811,0.11145194619894028,0.47186148166656494,0.3761904835700989
YGL061C,YMR242C,0,0.074496865,0.11133810132741928,0.47186148166656494,0.37662336230278015
YIL033C,YPR133C,0,0.07412596,0.11122448742389679,0.47186148166656494,0.3770562708377838
YER108C,YLR150W,0,0.07336268,0.1111111119389534,0.47186148166656494,0.3774891793727875
YGL063W,YHR202W,0,0.07257412,0.11099795997142792,0.47186148166656494,0.37792208790779114
YIL106W,YIL144W,0,0.07226999,0.11088504642248154,0.47186148166656494,0.3783549666404724
YIL064W,YNL020C,0,0.07202749,0.11077235639095306,0.47186148166656494,0.3787878751754761
YLR299W,YDR301W,0,0.071976885,0.1106598973274231,0.47186148166656494,0.37922078371047974
YGR174C,YHR014W,0,0.07177468,0.11054766923189163,0.47186148166656494,0.3796536922454834
YMR234W,YGL151W,0,0.07175617,0.11043566465377808,0.47186148166656494,0.3800865709781647
YKR049C,YLR150W,0,0.071691856,0.11032388359308243,0.47186148166656494,0.38051947951316833
YMR053C,YLR004C,0,0.07160744,0.11021233350038528,0.47186148166656494,0.380952388048172
YHR096C,YBR016W,0,0.07109195,0.11010100692510605,0.47186148166656494,0.38138526678085327
YGL243W,YBR121C,0,0.07107815,0.10998991131782532,0.47186148166656494,0.38181817531585693
YJR052W,YGR005C,0,0.07098595,0.1098790317773819,0.47186148166656494,0.3822510838508606
YOL132W,YIL173W,0,0.07061472,0.10976837575435638,0.47186148166656494,0.38268399238586426
YAL019W,YGR129W,0,0.070242986,0.10965795069932938,0.47186148166656494,0.38311687111854553
YHR110W,YAL030W,0,0.06986588,0.10954774171113968,0.47186148166656494,0.3835497796535492
YLR377C,YDL134C,0,0.06971161,0.10943774878978729,0.47186148166656494,0.38398268818855286
YKL069W,YLR347C,0,0.06938091,0.10932798683643341,0.47186148166656494,0.3844155967235565
YBR295W,YDR261C,0,0.06926838,0.10921843349933624,0.47186148166656494,0.3848484754562378
YGR174C,YMR131C,0,0.06926701,0.10910911113023758,0.47186148166656494,0.38528138399124146
YCR044C,YML076C,0,0.06912531,0.10899999737739563,0.47186148166656494,0.3857142925262451
YKL033W,YEL044W,0,0.068762094,0.10889110714197159,0.47186148166656494,0.3861471712589264
YLR293C,YPL076W,0,0.068642676,0.10878243297338486,0.47186148166656494,0.38658007979393005
YKR100C,YKR034W,0,0.06834637,0.10867397487163544,0.47186148166656494,0.3870129883289337
YKL039W,YMR133W,0,0.068344325,0.10856574028730392,0.47186148166656494,0.3874458968639374
YPL058C,YNR053C,0,0.06823296,0.10845771431922913,0.47186148166656494,0.38787877559661865
YKL018W,YIL131C,1,0.06810723,0.10934393852949142,0.4761904776096344,0.38787877559661865
YFR010W,YCR036W,0,0.067922905,0.10923535376787186,0.4761904776096344,0.3883116841316223
YMR232W,YJR049C,0,0.06751146,0.1091269850730896,0.4761904776096344,0.388744592666626
YDR316W-B,YKL080W,0,0.06702614,0.10901883244514465,0.4761904776096344,0.38917750120162964
YEL027W,YGL238W,0,0.066446014,0.10891088843345642,0.4761904776096344,0.3896103799343109
YLR215C,YPL183C,0,0.06611331,0.1088031679391861,0.4761904776096344,0.3900432884693146
YMR076C,YJR035W,0,0.06599415,0.10869564861059189,0.4761904776096344,0.39047619700431824
YGL092W,YKL052C,0,0.065861404,0.10858835279941559,0.4761904776096344,0.3909091055393219
YIL119C,YOR192C,0,0.06577517,0.108481265604496,0.4761904776096344,0.3913419842720032
YGR254W,YDL149W,0,0.065675706,0.10837438702583313,0.4761904776096344,0.39177489280700684
YOR002W,YBR015C,0,0.0656236,0.10826771706342697,0.4761904776096344,0.3922078013420105
YPL248C,YLR056W,0,0.0655666,0.10816125571727753,0.4761904776096344,0.3926406800746918
YPR131C,YGR005C,0,0.06547259,0.1080550104379654,0.4761904776096344,0.39307358860969543
YCL017C,YLR196W,0,0.065080345,0.10794896632432938,0.4761904776096344,0.3935064971446991
YOR027W,YGR211W,0,0.064600244,0.10784313827753067,0.4761904776096344,0.39393940567970276
YML011C,YMR237W,0,0.06434175,0.10773751139640808,0.4761904776096344,0.39437228441238403
YGL092W,YDL106C,0,0.06422064,0.1076320931315422,0.4761904776096344,0.3948051929473877
YNR032C-A,YPL018W,0,0.06404355,0.10752688348293304,0.4761904776096344,0.39523810148239136
YPL001W,YOR068C,0,0.06402785,0.107421875,0.4761904776096344,0.395671010017395
YMR081C,YKL134C,0,0.063431874,0.10731707513332367,0.4761904776096344,0.3961038887500763
YOR207C,YPL075W,0,0.06340136,0.10721247643232346,0.4761904776096344,0.39653679728507996
YDR235W,YBR065C,0,0.06320153,0.10710807889699936,0.4761904776096344,0.3969697058200836
YJR109C,YML086C,0,0.06320003,0.10700388997793198,0.4761904776096344,0.3974025845527649
YLR227W-A,YDR301W,0,0.062601596,0.10689990222454071,0.4761904776096344,0.39783549308776855
YOR241W,YBR181C,0,0.06258792,0.10679611563682556,0.4761904776096344,0.3982684016227722
YHL038C,YDR025W,0,0.06165963,0.10669253021478653,0.4761904776096344,0.3987013101577759
YFR031C-A,YOL061W,0,0.061659064,0.10658914595842361,0.4761904776096344,0.39913418889045715
YGR193C,YDL113C,0,0.06158996,0.10648596286773682,0.4761904776096344,0.3995670974254608
YDR435C,YDR028C,0,0.061407667,0.10638298094272614,0.4761904776096344,0.4000000059604645
YMR232W,YDR317W,0,0.06057137,0.10628019273281097,0.4761904776096344,0.40043291449546814
YOR048C,YJR017C,1,0.060241748,0.1071428582072258,0.48051947355270386,0.40043291449546814
YAL043C,YNL222W,1,0.06009838,0.10800385475158691,0.4848484992980957,0.40043291449546814
YNL145W,YLR337C,0,0.05999917,0.10789980739355087,0.4848484992980957,0.4008657932281494
YPL190C,YDR228C,1,0.059874635,0.10875841975212097,0.48917749524116516,0.4008657932281494
YER100W,YOR060C,0,0.059826653,0.10865384340286255,0.48917749524116516,0.4012987017631531
YIL087C,YDR244W,0,0.05979335,0.10854946821928024,0.48917749524116516,0.40173161029815674
YDR210C-D,YOR236W,0,0.05963179,0.10844529420137405,0.48917749524116516,0.402164489030838
YER133W,YPL190C,1,0.059544038,0.10930009931325912,0.4935064911842346,0.402164489030838
YGR161W-A,YGL005C,0,0.059489142,0.10919540375471115,0.4935064911842346,0.4025973975658417
YLR234W,YOR357C,0,0.059449133,0.1090909093618393,0.4935064911842346,0.40303030610084534
YDL220C,YLR363C,0,0.059256975,0.10898661613464355,0.4935064911842346,0.403463214635849
YDR316W-B,YOR195W,0,0.059000015,0.10888252407312393,0.4935064911842346,0.4038960933685303
YOR068C,YGL105W,0,0.05882676,0.10877862572669983,0.4935064911842346,0.40432900190353394
YHR111W,YHL015W,0,0.05864839,0.10867492854595184,0.4935064911842346,0.4047619104385376
YHL011C,YML096W,0,0.058534052,0.10857142508029938,0.4935064911842346,0.40519481897354126
YJR117W,YMR131C,0,0.058361333,0.10846812278032303,0.4935064911842346,0.40562769770622253
YKR089C,YLR055C,0,0.05798624,0.1083650216460228,0.4935064911842346,0.4060606062412262
YER177W,YLR006C,0,0.057826307,0.10826210677623749,0.4935064911842346,0.40649351477622986
YDR301W,YBR049C,1,0.057686877,0.10910815745592117,0.4978354871273041,0.40649351477622986
YGR080W,YLR333C,0,0.05646256,0.10900473594665527,0.4978354871273041,0.40692639350891113
YAR042W,YPR174C,0,0.05643272,0.10890151560306549,0.4978354871273041,0.4073593020439148
YIL064W,YOR207C,0,0.056089897,0.10879848897457123,0.4978354871273041,0.40779221057891846
YLR367W,YGR208W,0,0.0558472,0.10869564861059189,0.4978354871273041,0.4082251191139221
YML102W,YGL105W,0,0.05564819,0.10859300941228867,0.4978354871273041,0.4086579978466034
YML133C,YJL083W,0,0.05564664,0.10849056392908096,0.4978354871273041,0.40909090638160706
YLR001C,YGR044C,0,0.05551892,0.10838831216096878,0.4978354871273041,0.4095238149166107
YDR195W,YNL251C,1,0.054763388,0.10922787338495255,0.5021644830703735,0.4095238149166107
YLR248W,YDR399W,0,0.054514494,0.10912511497735977,0.5021644830703735,0.4099567234516144
YDR210C-D,YMR175W,0,0.054415736,0.10902255773544312,0.5021644830703735,0.41038960218429565
YBR038W,YGL087C,0,0.05402511,0.10892018675804138,0.5021644830703735,0.4108225107192993
YFR016C,YMR105C,0,0.05400027,0.10881800949573517,0.5021644830703735,0.411255419254303
YNL054W-A,YPR169W,0,0.053929392,0.10871602594852448,0.5021644830703735,0.41168829798698425
YLR390W-A,YLR006C,0,0.05389489,0.1086142286658287,0.5021644830703735,0.4121212065219879
YFR034C,YGL226W,0,0.05346402,0.10851262509822845,0.5021644830703735,0.4125541150569916
YLL066C,YNL111C,0,0.05344272,0.10841121524572372,0.5021644830703735,0.41298702359199524
YDR301W,YER133W,1,0.053272944,0.10924369841814041,0.5064935088157654,0.41298702359199524
YOL069W,YOR059C,0,0.05309685,0.10914178937673569,0.5064935088157654,0.4134199023246765
YDR437W,YMR131C,0,0.05279587,0.10904007405042648,0.5064935088157654,0.4138528108596802
YIL037C,YML055W,0,0.052497614,0.1089385449886322,0.5064935088157654,0.41428571939468384
YLR083C,YOR264W,0,0.051384892,0.10883720964193344,0.5064935088157654,0.4147186279296875
YFL005W,YKL080W,0,0.05122442,0.1087360605597496,0.5064935088157654,0.4151515066623688
YIL131C,YGR156W,1,0.05109945,0.10956360399723053,0.5108225345611572,0.4151515066623688
YDR212W,YOR380W,0,0.050914656,0.1094619631767273,0.5108225345611572,0.41558441519737244
YPR175W,YGR161C-D,0,0.05090006,0.10936051607131958,0.5108225345611572,0.4160173237323761
YMR220W,YKL006W,0,0.05075867,0.10925926268100739,0.5108225345611572,0.4164502024650574
YLR115W,YBR049C,1,0.050516214,0.11008325964212418,0.5151515007019043,0.4164502024650574
YJR120W,YPR046W,0,0.05030277,0.10998151451349258,0.5151515007019043,0.41688311100006104
YLR293C,YJL035C,0,0.050243836,0.10987996309995651,0.5151515007019043,0.4173160195350647
YLR430W,YPL190C,1,0.050100114,0.11070110648870468,0.5194805264472961,0.4173160195350647
YOL055C,YGL006W,0,0.04960489,0.1105990782380104,0.5194805264472961,0.41774892807006836
YML013W,YNR024W,0,0.049401756,0.11049723625183105,0.5194805264472961,0.41818180680274963
YKR064W,YCR058C,0,0.04923235,0.11039558053016663,0.5194805264472961,0.4186147153377533
YPL135W,YCL035C,0,0.049224798,0.11029411852359772,0.5194805264472961,0.41904762387275696
YBL080C,YGL070C,0,0.049102254,0.11019283533096313,0.5194805264472961,0.4194805324077606
YLR056W,YPR133C,0,0.049013536,0.11009174585342407,0.5194805264472961,0.4199134111404419
YGR103W,YDR002W,0,0.04892427,0.10999083518981934,0.5194805264472961,0.42034631967544556
YHR118C,YNL054W-A,0,0.048634846,0.10989011079072952,0.5194805264472961,0.4207792282104492
YOL103W-A,YKL077W,0,0.048459616,0.10978957265615463,0.5194805264472961,0.4212121069431305
YDR098C-A,YPR143W,0,0.048445154,0.10968921333551407,0.5194805264472961,0.42164501547813416
YLR390W-A,YMR158W,0,0.04840016,0.10958904027938843,0.5194805264472961,0.4220779240131378
YDR398W,YKR095W,0,0.04801237,0.10948905348777771,0.5194805264472961,0.4225108325481415
YFL061W,YGR161C-D,0,0.048002157,0.10938924551010132,0.5194805264472961,0.42294371128082275
YBR038W,YAL048C,0,0.047822546,0.10928961634635925,0.5194805264472961,0.4233766198158264
YGR170W,YGR007W,0,0.047752168,0.10919017344713211,0.5194805264472961,0.4238095283508301
YMR072W,YLR247C,0,0.047716122,0.1090909093618393,0.5194805264472961,0.42424243688583374
YDL012C,YGR260W,0,0.047615048,0.1089918240904808,0.5194805264472961,0.424675315618515
YPR034W,YIL005W,0,0.046961833,0.10889292508363724,0.5194805264472961,0.4251082241535187
YBR049C,YIL131C,1,0.046850618,0.10970081388950348,0.523809552192688,0.4251082241535187
YBR233W-A,YFL011W,0,0.04680768,0.1096014529466629,0.523809552192688,0.42554113268852234
YJR048W,YER129W,0,0.046750102,0.10950226336717606,0.523809552192688,0.4259740114212036
YPR105C,YNL054W-A,0,0.046582125,0.10940325260162354,0.523809552192688,0.4264069199562073
YGR161W-A,YLR299W,0,0.046545055,0.10930442810058594,0.523809552192688,0.42683982849121094
YBL013W,YPL215W,0,0.046423078,0.10920577496290207,0.523809552192688,0.4272727370262146
YKL045W,YOL126C,0,0.045981668,0.10910730063915253,0.523809552192688,0.4277056157588959
YLR324W,YCR018C,0,0.04596021,0.10900901257991791,0.523809552192688,0.42813852429389954
YGL142C,YLR190W,0,0.045594797,0.10891088843345642,0.523809552192688,0.4285714328289032
YMR039C,YNL222W,1,0.045385044,0.10971222817897797,0.5281385183334351,0.4285714328289032
YNL222W,YNL251C,1,0.04534175,0.1105121299624443,0.5324675440788269,0.4285714328289032
YLR044C,YOR372C,0,0.045257773,0.11041292548179626,0.5324675440788269,0.42900434136390686
YKL185W,YLR058C,0,0.045160796,0.11031389981508255,0.5324675440788269,0.42943722009658813
YJL181W,YKL196C,0,0.04501038,0.11021505296230316,0.5324675440788269,0.4298701286315918
YFL049W,YPR097W,0,0.044961225,0.1101163849234581,0.5324675440788269,0.43030303716659546
YML057W,YLR150W,0,0.044481795,0.11001788824796677,0.5324675440788269,0.43073591589927673
YMR101C,YML061C,0,0.044387244,0.10991957038640976,0.5324675440788269,0.4311688244342804
YER142C,YCL012W,0,0.044328906,0.10982143133878708,0.5324675440788269,0.43160173296928406
YNL284C-B,YLR259C,0,0.044241082,0.10972346365451813,0.5324675440788269,0.4320346415042877
YLR167W,YMR177W,0,0.044014204,0.1096256673336029,0.5324675440788269,0.432467520236969
YMR039C,YLR430W,1,0.04385915,0.11041852086782455,0.536796510219574,0.432467520236969
YOR090C,YBR100W,0,0.043766264,0.11032028496265411,0.536796510219574,0.43290042877197266
YCL068C,YCR106W,0,0.043500792,0.1102222204208374,0.536796510219574,0.4333333373069763
YOR091W,YGL104C,0,0.04348221,0.11012433469295502,0.536796510219574,0.43376624584198
YHR037W,YLR409C,0,0.043333065,0.11002662032842636,0.536796510219574,0.43419912457466125
YBR233W-A,YCR038C,0,0.04323401,0.10992907732725143,0.536796510219574,0.4346320331096649
YGR109W-A,YPL006W,0,0.043000873,0.10983171314001083,0.536796510219574,0.4350649416446686
YDR210C-D,YDR108W,0,0.042853005,0.10973451286554337,0.536796510219574,0.43549785017967224
YKL069W,YIL053W,0,0.042792123,0.10963749140501022,0.536796510219574,0.4359307289123535
YDR256C,YKL192C,0,0.0422314,0.10954063385725021,0.536796510219574,0.4363636374473572
YLR347C,YNL287W,0,0.042230833,0.10944395512342453,0.536796510219574,0.43679654598236084
YGL073W,YGR161C-D,0,0.042106666,0.10934744030237198,0.536796510219574,0.4372294247150421
YGR161W-A,YJL216C,0,0.041756954,0.10925110429525375,0.536796510219574,0.4376623332500458
YDL105W,YPL175W,0,0.04168732,0.10915493220090866,0.536796510219574,0.43809524178504944
YFR040W,YGR138C,0,0.041134406,0.1090589240193367,0.536796510219574,0.4385281503200531
YLR193C,YHR079C-B,0,0.041130465,0.10896309465169907,0.536796510219574,0.4389610290527344
YNL286W,YIL123W,0,0.04097986,0.10886742919683456,0.536796510219574,0.43939393758773804
YOR241W,YCR038C,0,0.040829863,0.1087719276547432,0.536796510219574,0.4398268461227417
YDR422C,YDR384C,0,0.040671866,0.10867659747600555,0.536796510219574,0.44025975465774536
YOR179C,YDR289C,1,0.04063746,0.1094570904970169,0.5411255359649658,0.44025975465774536
YGR055W,YOL103W-A,0,0.040459182,0.10936132818460464,0.5411255359649658,0.44069263339042664
YIL022W,YGL064C,0,0.040408377,0.10926573723554611,0.5411255359649658,0.4411255419254303
YJL181W,YMR207C,0,0.04014155,0.10917030274868011,0.5411255359649658,0.44155845046043396
YKR099W,YOR341W,0,0.04000048,0.10907504707574844,0.5411255359649658,0.44199132919311523
YCR045C,YOR193W,0,0.039888557,0.10897994786500931,0.5411255359649658,0.4424242377281189
YJR132W,YER143W,0,0.039814,0.1088850200176239,0.5411255359649658,0.44285714626312256
YEL020W-A,YBR180W,0,0.03972881,0.10879025608301163,0.5411255359649658,0.4432900547981262
YBR043C,YGR266W,0,0.039567333,0.10869564861059189,0.5411255359649658,0.4437229335308075
YPR131C,YDL012C,0,0.0394303,0.10860121995210648,0.5411255359649658,0.44415584206581116
YDR365W-A,YFR030W,0,0.03935725,0.1085069477558136,0.5411255359649658,0.4445887506008148
YKL006C-A,YKL129C,0,0.039312597,0.10841283947229385,0.5411255359649658,0.4450216591358185
YDR325W,YGR109W-A,0,0.03922983,0.10831888765096664,0.5411255359649658,0.44545453786849976
YLL024C,YPL193W,0,0.03914884,0.10822510719299316,0.5411255359649658,0.4458874464035034
YLR115W,YNL222W,1,0.03911503,0.10899654030799866,0.5454545617103577,0.4458874464035034
YIL056W,YDR217C,0,0.039072122,0.10890233516693115,0.5454545617103577,0.4463203549385071
YLR227W-A,YCL017C,0,0.038970932,0.10880828648805618,0.5454545617103577,0.44675323367118835
YMR105C,YEL044W,0,0.038909283,0.10871440917253494,0.5454545617103577,0.447186142206192
YLR001C,YGR129W,0,0.03880908,0.10862068831920624,0.5454545617103577,0.4476190507411957
YJL180C,YPR199C,0,0.038788408,0.10852713137865067,0.5454545617103577,0.44805195927619934
YIL098C,YHR110W,0,0.038743477,0.10843373835086823,0.5454545617103577,0.4484848380088806
YGR178C,YMR072W,0,0.038692605,0.10834050178527832,0.5454545617103577,0.4489177465438843
YMR081C,YER041W,0,0.038669642,0.10824742168188095,0.5454545617103577,0.44935065507888794
YOR207C,YFL049W,0,0.038508706,0.10815450549125671,0.5454545617103577,0.4497835636138916
YBL100W-B,YOR103C,0,0.038486686,0.10806175321340561,0.5454545617103577,0.4502164423465729
YGR205W,YDR190C,0,0.038165364,0.10796914994716644,0.5454545617103577,0.45064935088157654
YML021C,YEL024W,0,0.038072195,0.10787671059370041,0.5454545617103577,0.4510822594165802
YHR014W,YGR161C-D,0,0.037943933,0.10778442770242691,0.5454545617103577,0.4515151381492615
YCR086W,YKL060C,0,0.037750993,0.10769230872392654,0.5454545617103577,0.45194804668426514
YLR315W,YDR092W,0,0.037587952,0.10760033875703812,0.5454545617103577,0.4523809552192688
YDR372C,YIL043C,0,0.037277874,0.10750853270292282,0.5454545617103577,0.45281386375427246
YGR024C,YIL098C,0,0.0370281,0.10741688311100006,0.5454545617103577,0.45324674248695374
YGL016W,YKL080W,0,0.03627922,0.10732538253068924,0.5454545617103577,0.4536796510219574
YPR097W,YLR143W,0,0.036168326,0.10723404586315155,0.5454545617103577,0.45411255955696106
YDR301W,YGL246C,1,0.03586928,0.10799320042133331,0.5497835278511047,0.45411255955696106
YJL089W,YHR190W,0,0.035513666,0.1079014465212822,0.5497835278511047,0.4545454680919647
YER014W,YPL135W,0,0.03532652,0.10780984908342361,0.5497835278511047,0.454978346824646
YPL215W,YDR002W,0,0.03509147,0.10771840810775757,0.5497835278511047,0.45541125535964966
YDR195W,YNL222W,1,0.034612052,0.10847457498311996,0.5541125535964966,0.45541125535964966
YCR036W,YCR106W,0,0.034412142,0.10838272422552109,0.5541125535964966,0.4558441638946533
YDR361C,YDL102W,0,0.034391966,0.10829102993011475,0.5541125535964966,0.4562770426273346
YER007C-A,YHR106W,0,0.034384836,0.10819949209690094,0.5541125535964966,0.45670995116233826
YPR128C,YLR190W,0,0.03420311,0.10810811072587967,0.5541125535964966,0.4571428596973419
YBR049C,YBR121C,1,0.033830594,0.10886076092720032,0.5584415793418884,0.4571428596973419
YOL103W-A,YGR129W,0,0.03356671,0.10876896977424622,0.5584415793418884,0.4575757682323456
YMR039C,YDR289C,1,0.033507373,0.10951979458332062,0.5627705454826355,0.4575757682323456
YHR122W,YIL123W,0,0.0330774,0.10942760854959488,0.5627705454826355,0.45800864696502686
YBR211C,YFR016C,0,0.032882612,0.10933557897806168,0.5627705454826355,0.4584415555000305
YKL132C,YLR055C,0,0.032475118,0.10924369841814041,0.5627705454826355,0.4588744640350342
YGR109W-A,YHR110W,0,0.03230619,0.10915197432041168,0.5627705454826355,0.45930737257003784
YPL221W,YER071C,0,0.032288294,0.10906039923429489,0.5627705454826355,0.4597402513027191
YPR161C,YJL058C,0,0.032126207,0.10896898806095123,0.5627705454826355,0.4601731598377228
YOR179C,YPL190C,1,0.031975638,0.10971524566411972,0.5670995712280273,0.4601731598377228
YDR375C,YOR011W,0,0.03156014,0.10962343215942383,0.5670995712280273,0.46060606837272644
YPL137C,YMR125W,0,0.031441424,0.10953177511692047,0.5670995712280273,0.4610389471054077
YPR158W-B,YKR007W,0,0.031021958,0.10944026708602905,0.5670995712280273,0.4614718556404114
YKR027W,YLR249W,0,0.030782929,0.10934891551733017,0.5670995712280273,0.46190476417541504
YDR513W,YLR345W,0,0.030772356,0.10925771296024323,0.5670995712280273,0.4623376727104187
YPL175W,YGR161C-D,0,0.030720348,0.10916666686534882,0.5670995712280273,0.4627705514431
YHL017W,YDR365W-A,0,0.03067392,0.10907576978206635,0.5670995712280273,0.46320345997810364
YPL156C,YPL178W,0,0.030500023,0.10898502171039581,0.5670995712280273,0.4636363685131073
YKL045W,YBR112C,0,0.030304527,0.10889443010091782,0.5670995712280273,0.46406927704811096
YOR236W,YNL054W-A,0,0.030301774,0.10880398750305176,0.5670995712280273,0.46450215578079224
YOR081C,YBR090C-A,0,0.030149003,0.10871369391679764,0.5670995712280273,0.4649350643157959
YGR078C,YER167W,0,0.03003913,0.10862354934215546,0.5670995712280273,0.46536797285079956
YKL018W,YNL251C,1,0.03000599,0.10936205834150314,0.5714285969734192,0.46536797285079956
YBR211C,YNR033W,0,0.029706178,0.10927152633666992,0.5714285969734192,0.46580085158348083
YBR109C,YNL132W,0,0.029625399,0.10918114334344864,0.5714285969734192,0.4662337601184845
YKR077W,YHR190W,0,0.029559476,0.1090909093618393,0.5714285969734192,0.46666666865348816
YAR042W,YGL129C,0,0.029325588,0.10900082439184189,0.5714285969734192,0.4670995771884918
YDR375C,YGR296W,0,0.02920678,0.10891088843345642,0.5714285969734192,0.4675324559211731
YGL171W,YPL097W,0,0.028450517,0.10882110148668289,0.5714285969734192,0.46796536445617676
YPR003C,YFR030W,0,0.028446464,0.1087314635515213,0.5714285969734192,0.4683982729911804
YDR098C-A,YPL171C,0,0.028354554,0.10864197462797165,0.5714285969734192,0.4688311815261841
YDR468C,YOR254C,0,0.02833402,0.10855263471603394,0.5714285969734192,0.46926406025886536
YHR165C,YDR268W,0,0.0279894,0.10846343636512756,0.5714285969734192,0.469696968793869
YOR101W,YMR015C,0,0.027885905,0.10837438702583313,0.5714285969734192,0.4701298773288727
YJR102C,YER081W,0,0.02787554,0.10828547924757004,0.5714285969734192,0.47056275606155396
YKR095W-A,YKL058W,0,0.027774503,0.10819672048091888,0.5714285969734192,0.4709956645965576
YOR091W,YER053C-A,0,0.027774503,0.10810811072587967,0.5714285969734192,0.4714285731315613
YJR054W,YOR343C-A,0,0.027774503,0.1080196425318718,0.5714285969734192,0.47186148166656494
YFL035C-B,YLR328W,0,0.027774503,0.10793131589889526,0.5714285969734192,0.4722943603992462
YFL035C-B,YFL061W,0,0.027774503,0.10784313827753067,0.5714285969734192,0.4727272689342499
YML076C,YOR343C-A,0,0.027774503,0.10775510221719742,0.5714285969734192,0.47316017746925354
YDR210C-D,YBR100W,0,0.027774503,0.10766720771789551,0.5714285969734192,0.4735930860042572
YOR343C-A,YCR038C,0,0.027774503,0.10757946223020554,0.5714285969734192,0.4740259647369385
YJL133C-A,YIL153W,0,0.027774503,0.1074918583035469,0.5714285969734192,0.47445887327194214
YCL005W-A,YKL051W,0,0.027774503,0.10740439593791962,0.5714285969734192,0.4748917818069458
YJR042W,YOL086W-A,0,0.027774503,0.10731707513332367,0.5714285969734192,0.4753246605396271
YJL133C-A,YLL006W,0,0.027774503,0.10722989588975906,0.5714285969734192,0.47575756907463074
YDR365W-A,YFL018W-A,0,0.027774503,0.1071428582072258,0.5714285969734192,0.4761904776096344
YLL018C-A,YFL035C-A,0,0.027774503,0.10705596208572388,0.5714285969734192,0.47662338614463806
YHR090C,YOR343C-A,0,0.027774503,0.1069692075252533,0.5714285969734192,0.47705626487731934
YJL133C-A,YKL114C,0,0.027774503,0.10688259452581406,0.5714285969734192,0.477489173412323
YFL035C-B,YBL091C,0,0.027774503,0.10679611563682556,0.5714285969734192,0.47792208194732666
YCL005W-A,YLR347C,0,0.027774503,0.10670977830886841,0.5714285969734192,0.4783549904823303
YCL005W-A,YLR215C,0,0.027774503,0.1066235899925232,0.5714285969734192,0.4787878692150116
YDL134C-A,YML004C,0,0.027774503,0.10653752833604813,0.5714285969734192,0.47922077775001526
YCL005W-A,YOR192C,0,0.027774503,0.106451615691185,0.5714285969734192,0.4796536862850189
YIL053W,YDR210W-C,0,0.027774503,0.10636583715677261,0.5714285969734192,0.4800865948200226
YOR087W,YER053C-A,0,0.027774503,0.10628019273281097,0.5714285969734192,0.48051947355270386
YIL068C,YFL018W-A,0,0.027774503,0.10619468986988068,0.5714285969734192,0.4809523820877075
YBR200W-A,YHL003C,0,0.027774503,0.10610932111740112,0.5714285969734192,0.4813852906227112
YDR412W,YER053C-A,0,0.027774503,0.10602409392595291,0.5714285969734192,0.48181816935539246
YKL138C-A,YMR183C,0,0.027774503,0.10593900829553604,0.5714285969734192,0.4822510778903961
YJL078C,YOR343C-A,0,0.027774503,0.10585404932498932,0.5714285969734192,0.4826839864253998
YER044C-A,YLR154W-C,0,0.027774503,0.10576923191547394,0.5714285969734192,0.48311689496040344
YCL005W-A,YMR275C,0,0.027774503,0.1056845486164093,0.5714285969734192,0.4835497736930847
YGL006W,YER053C-A,0,0.027774503,0.10559999942779541,0.5714285969734192,0.4839826822280884
YBR200W-A,YNL118C,0,0.027774503,0.10551558434963226,0.5714285969734192,0.48441559076309204
YHR122W,YKL138C-A,0,0.027774503,0.10543131083250046,0.5714285969734192,0.4848484992980957
YBL013W,YOR343C-A,0,0.027774503,0.1053471639752388,0.5714285969734192,0.485281378030777
YFL035C-B,YDR005C,0,0.027774503,0.10526315867900848,0.5714285969734192,0.48571428656578064
YKL062W,YJL133C-A,0,0.027774503,0.10517928004264832,0.5714285969734192,0.4861471951007843
YDR210W-C,YPL117C,0,0.027774503,0.10509554296731949,0.5714285969734192,0.4865800738334656
YCL005W-A,YOL121C,0,0.027774503,0.10501193255186081,0.5714285969734192,0.48701298236846924
YBL080C,YDR210W-C,0,0.027774503,0.10492845624685287,0.5714285969734192,0.4874458909034729
YGR181W,YKR095W-A,0,0.027774503,0.10484511405229568,0.5714285969734192,0.48787879943847656
YHR214C-C,YER108C,0,0.027774503,0.10476190596818924,0.5714285969734192,0.48831167817115784
YJR123W,YKR095W-A,0,0.027774503,0.10467882454395294,0.5714285969734192,0.4887445867061615
YAL030W,YFL035C-A,0,0.027774503,0.10459587723016739,0.5714285969734192,0.48917749524116516
YKL138C-A,YOR335C,0,0.027774503,0.10451306402683258,0.5714285969734192,0.4896104037761688
YJL133C-A,YER032W,0,0.027774503,0.10443037748336792,0.5714285969734192,0.4900432825088501
YKR095W-A,YLR067C,0,0.027774503,0.104347825050354,0.5714285969734192,0.49047619104385376
YDR021W,YFL035C-A,0,0.027774503,0.10426539927721024,0.5714285969734192,0.4909090995788574
YOL154W,YER053C-A,0,0.027774503,0.10418310761451721,0.5714285969734192,0.4913419783115387
YCL005W-A,YKR100C,0,0.027774503,0.10410095006227493,0.5714285969734192,0.49177488684654236
YOR045W,YFL018W-A,0,0.027774503,0.1040189117193222,0.5714285969734192,0.492207795381546
YFL035C-B,YDR395W,0,0.027774503,0.10393700748682022,0.5714285969734192,0.4926407039165497
YGL073W,YOL086W-A,0,0.027774503,0.10385522991418839,0.5714285969734192,0.49307358264923096
YKR095W-A,YGR060W,0,0.027774503,0.1037735864520073,0.5714285969734192,0.4935064911842346
YIL107C,YOR343C-A,0,0.027774503,0.10369206964969635,0.5714285969734192,0.4939393997192383
YKL138C-A,YPR180W,0,0.027774503,0.10361067205667496,0.5714285969734192,0.49437230825424194
YFL035C-B,YPL133C,0,0.027774503,0.10352940857410431,0.5714285969734192,0.4948051869869232
YLR154W-C,YPL173W,0,0.027774503,0.1034482792019844,0.5714285969734192,0.4952380955219269
YGR170W,YKR095W-A,0,0.027774503,0.10336726903915405,0.5714285969734192,0.49567100405693054
YDL105W,YBR200W-A,0,0.027774503,0.10328638553619385,0.5714285969734192,0.4961038827896118
YER062C,YKR095W-A,0,0.027774503,0.10320562869310379,0.5714285969734192,0.4965367913246155
YBR049C,YNL222W,1,0.027750595,0.10390625149011612,0.5757575631141663,0.4965367913246155
YLR131C,YOL103W-A,0,0.02759154,0.10382513701915741,0.5757575631141663,0.49696969985961914
YDR213W,YML086C,0,0.027555605,0.10374414920806885,0.5757575631141663,0.4974026083946228
YBR091C,YDL135C,0,0.027337609,0.10366328805685043,0.5757575631141663,0.4978354871273041
YDR300C,YNL180C,0,0.027207615,0.10358255356550217,0.5757575631141663,0.49826839566230774
YPR180W,YNL054W-A,0,0.027145991,0.10350194573402405,0.5757575631141663,0.4987013041973114
YHL038C,YNL251C,0,0.02711975,0.10342146456241608,0.5757575631141663,0.49913421273231506
YHR090C,YFR025C,0,0.027108258,0.10334110260009766,0.5757575631141663,0.49956709146499634
YPL207W,YDR316W-B,0,0.027008558,0.10326086729764938,0.5757575631141663,0.5
YMR048W,YDR100W,0,0.026683224,0.10318075865507126,0.5757575631141663,0.5004329085350037
YDL003W,YLR435W,0,0.026545187,0.10310077667236328,0.5757575631141663,0.5008658170700073
YDR345C,YGR178C,0,0.026074855,0.10302091389894485,0.5757575631141663,0.501298725605011
YKR053C,YJR117W,0,0.025869353,0.10294117778539658,0.5757575631141663,0.5017315745353699
YOR091W,YOR090C,0,0.025697557,0.10286156088113785,0.5757575631141663,0.5021644830703735
YOR179C,YGL246C,1,0.025502985,0.103554867208004,0.5800865888595581,0.5021644830703735
YDR200C,YKR095W,0,0.025164483,0.10347490012645721,0.5800865888595581,0.5025973916053772
YPR110C,YGR017W,0,0.025122037,0.10339505970478058,0.5800865888595581,0.5030303001403809
YOL096C,YGR109W-A,0,0.024991615,0.10331534594297409,0.5800865888595581,0.5034632086753845
YNL142W,YGR030C,0,0.024967683,0.10323574393987656,0.5800865888595581,0.5038961172103882
YBR114W,YKL040C,0,0.024731902,0.10315627604722977,0.5800865888595581,0.5043290257453918
YJR120W,YLR299W,0,0.024349386,0.10307691991329193,0.5800865888595581,0.5047619342803955
YOR266W,YPL224C,0,0.0240131,0.10299769043922424,0.5800865888595581,0.5051947832107544
YBR069C,YMR207C,0,0.023795234,0.1029185876250267,0.5800865888595581,0.5056276917457581
YDL091C,YDR168W,0,0.023727385,0.10283960402011871,0.5800865888595581,0.5060606002807617
YBR069C,YJL001W,0,0.023714123,0.10276073962450027,0.5800865888595581,0.5064935088157654
YPL105C,YER072W,0,0.02353294,0.10268199443817139,0.5800865888595581,0.506926417350769
YOR207C,YDR098C-B,0,0.023206482,0.10260336846113205,0.5800865888595581,0.5073593258857727
YGR161C-D,YBR045C,0,0.02309137,0.10252486914396286,0.5800865888595581,0.5077922344207764
YCL044C,YMR225C,0,0.022990001,0.10244648158550262,0.5800865888595581,0.5082250833511353
YLR227W-A,YPR034W,0,0.02293957,0.10236822068691254,0.5800865888595581,0.5086579918861389
YOR048C,YDR195W,1,0.022834657,0.10305343568325043,0.5844155550003052,0.5086579918861389
YLR181C,YHR005C,0,0.022756463,0.10297483205795288,0.5844155550003052,0.5090909004211426
YGL006W,YMR195W,0,0.022156341,0.10289634019136429,0.5844155550003052,0.5095238089561462
YDR057W,YHR133C,0,0.021994619,0.10281797498464584,0.5844155550003052,0.5099567174911499
YJR042W,YDR343C,0,0.02187191,0.10273972898721695,0.5844155550003052,0.5103896260261536
YGR202C,YOL103W-A,0,0.021392828,0.10266159474849701,0.5844155550003052,0.5108225345611572
YGR161C-D,YHL021C,0,0.021220239,0.10258358716964722,0.5844155550003052,0.5112553834915161
YER063W,YGL192W,0,0.021092942,0.10250569134950638,0.5844155550003052,0.5116882920265198
YOR191W,YMR009W,0,0.020887094,0.10242792218923569,0.5844155550003052,0.5121212005615234
YBR049C,YPL190C,1,0.020650974,0.10310841351747513,0.588744580745697,0.5121212005615234
YML041C,YOR086C,0,0.020607984,0.10303030163049698,0.588744580745697,0.5125541090965271
YNL284C-B,YKL141W,0,0.02059341,0.10295230895280838,0.588744580745697,0.5129870176315308
YJL035C,YOR335C,0,0.020557066,0.10287443548440933,0.588744580745697,0.5134199261665344
YDR040C,YGR161C-D,0,0.020525863,0.10279667377471924,0.588744580745697,0.5138528347015381
YGL085W,YBR191W,0,0.019765599,0.1027190312743187,0.588744580745697,0.5142857432365417
YDR399W,YBR100W,0,0.019705297,0.1026415079832077,0.588744580745697,0.5147185921669006
YBR233W-A,YDR040C,0,0.019686388,0.10256410390138626,0.588744580745697,0.5151515007019043
YGL087C,YLR384C,0,0.019678755,0.10248681157827377,0.588744580745697,0.515584409236908
YKL060C,YGL240W,0,0.019638857,0.10240963846445084,0.588744580745697,0.5160173177719116
YLR347C,YDR517W,0,0.01962377,0.10233258455991745,0.588744580745697,0.5164502263069153
YLR377C,YOL061W,0,0.019412233,0.10225564241409302,0.588744580745697,0.516883134841919
YOR048C,YMR039C,1,0.019051237,0.10293012857437134,0.5930736064910889,0.516883134841919
YKL150W,YNL118C,0,0.018862529,0.10285285115242004,0.5930736064910889,0.5173160433769226
YOR249C,YBR028C,0,0.018454386,0.1027756929397583,0.5930736064910889,0.5177488923072815
YOR090C,YBR295W,0,0.018344318,0.10269865393638611,0.5930736064910889,0.5181818008422852
YNL054W-A,YNL130C,0,0.018295826,0.10262171924114227,0.5930736064910889,0.5186147093772888
YLR052W,YKR072C,0,0.018185643,0.10254491120576859,0.5930736064910889,0.5190476179122925
YOR191W,YOR034C,0,0.01812403,0.10246821492910385,0.5930736064910889,0.5194805264472961
YOL011W,YGR094W,0,0.017991057,0.10239163041114807,0.5930736064910889,0.5199134349822998
YIL013C,YCL068C,0,0.017840942,0.10231515765190125,0.5930736064910889,0.5203463435173035
YOR334W,YGR296W,0,0.017806387,0.10223880410194397,0.5930736064910889,0.5207791924476624
YMR105C,YOL103W-A,0,0.017679496,0.10216256231069565,0.5930736064910889,0.521212100982666
YGL243W,YDR004W,0,0.017663611,0.10208643972873688,0.5930736064910889,0.5216450095176697
YMR318C,YLL024C,0,0.017630873,0.10201042145490646,0.5930736064910889,0.5220779180526733
YOR048C,YLR430W,1,0.017372428,0.1026785746216774,0.5974025726318359,0.5220779180526733
YOL059W,YLR092W,0,0.017237281,0.10260222852230072,0.5974025726318359,0.522510826587677
YPR180W,YJL058C,0,0.017224384,0.10252600163221359,0.5974025726318359,0.5229437351226807
YDR195W,YDR228C,1,0.017037233,0.1031922772526741,0.6017315983772278,0.5229437351226807
YPL004C,YER044C-A,0,0.017028427,0.10311572998762131,0.6017315983772278,0.5233766436576843
YBR069C,YBL025W,0,0.016971124,0.10303928703069687,0.6017315983772278,0.523809552192688
YLL026W,YEL032W,0,0.01685123,0.10296296328306198,0.6017315983772278,0.5242424011230469
YNL045W,YFR025C,0,0.016780434,0.10288675129413605,0.6017315983772278,0.5246753096580505
YGR178C,YPR095C,0,0.015478605,0.10281065106391907,0.6017315983772278,0.5251082181930542
YJR132W,YNL068C,0,0.015412508,0.10273466259241104,0.6017315983772278,0.5255411267280579
YJL110C,YJL179W,0,0.015173925,0.10265878587961197,0.6017315983772278,0.5259740352630615
YML107C,YJL208C,0,0.014796333,0.10258302837610245,0.6017315983772278,0.5264069437980652
YJR132W,YLR056W,0,0.0147530865,0.10250737518072128,0.6017315983772278,0.5268398523330688
YHR096C,YJL003W,0,0.014699554,0.10243183374404907,0.6017315983772278,0.5272727012634277
YPR097W,YMR183C,0,0.014572693,0.10235640406608582,0.6017315983772278,0.5277056097984314
YLR227W-A,YBR189W,0,0.014189787,0.10228108614683151,0.6017315983772278,0.5281385183334351
YJR117W,YDR513W,0,0.014080627,0.10220587998628616,0.6017315983772278,0.5285714268684387
YCR024C,YNL194C,0,0.014062105,0.10213078558444977,0.6017315983772278,0.5290043354034424
YBR089C-A,YCR038C,0,0.014024435,0.10205580294132233,0.6017315983772278,0.529437243938446
YLR466W,YMR091C,0,0.013995839,0.10198092460632324,0.6017315983772278,0.5298701524734497
YGL087C,YER040W,0,0.013761459,0.10190615803003311,0.6017315983772278,0.5303030014038086
YCL016C,YGR245C,0,0.013757495,0.10183150321245193,0.6017315983772278,0.5307359099388123
YKL018W,YJR017C,1,0.0136815775,0.10248901695013046,0.6060606241226196,0.5307359099388123
YPR037C,YDR025W,0,0.013597412,0.10241404175758362,0.6060606241226196,0.5311688184738159
YMR242C,YBR015C,0,0.013531512,0.10233917832374573,0.6060606241226196,0.5316017270088196
YOR048C,YGR156W,1,0.013516996,0.1029948890209198,0.6103895902633667,0.5316017270088196
YBR191W,YGR040W,0,0.012709936,0.10291970521211624,0.6103895902633667,0.5320346355438232
YHR073W,YGL053W,0,0.012559308,0.10284464061260223,0.6103895902633667,0.5324675440788269
YGL142C,YDR165W,0,0.012478625,0.10276968032121658,0.6103895902633667,0.5329004526138306
YMR195W,YOR110W,0,0.012241727,0.10269483178853989,0.6103895902633667,0.5333333611488342
YGL246C,YOR207C,0,0.011712251,0.10262008756399155,0.6103895902633667,0.5337662100791931
YPL262W,YER167W,0,0.011389939,0.10254545509815216,0.6103895902633667,0.5341991186141968
YOL132W,YPR097W,0,0.010786159,0.10247092694044113,0.6103895902633667,0.5346320271492004
YER056C,YAL011W,0,0.010785764,0.10239651054143906,0.6103895902633667,0.5350649356842041
YLR037C,YNL055C,0,0.010736434,0.10232220590114594,0.6103895902633667,0.5354978442192078
YPR057W,YOR048C,0,0.010727672,0.10224800556898117,0.6103895902633667,0.5359307527542114
YGR212W,YPL178W,0,0.01072702,0.10217390954494476,0.6103895902633667,0.5363636612892151
YKR034W,YDL076C,0,0.010581857,0.10209992527961731,0.6103895902633667,0.536796510219574
YKR085C,YDR041W,0,0.01044233,0.10202605277299881,0.6103895902633667,0.5372294187545776
YFR024C,YDR190C,0,0.010253189,0.10195227712392807,0.6103895902633667,0.5376623272895813
YJR046W,YBL014C,0,0.009891229,0.10187861323356628,0.6103895902633667,0.538095235824585
YDR301W,YDL076C,0,0.009740857,0.10180505365133286,0.6103895902633667,0.5385281443595886
YEL018W,YOR207C,0,0.009642592,0.10173159837722778,0.6103895902633667,0.5389610528945923
YER023W,YPR097W,0,0.009537226,0.10165825486183167,0.6103895902633667,0.539393961429596
YGR055W,YML092C,0,0.009303128,0.1015850156545639,0.6103895902633667,0.5398268103599548
YDR098C-A,YLR432W,0,0.009248719,0.1015118807554245,0.6103895902633667,0.5402597188949585
YOR049C,YDR025W,0,0.009011252,0.10143885016441345,0.6103895902633667,0.5406926274299622
YLR227W-A,YIL075C,0,0.008921685,0.10136592388153076,0.6103895902633667,0.5411255359649658
YLR426W,YBR248C,0,0.008712424,0.10129310190677643,0.6103895902633667,0.5415584444999695
YLR093C,YHR157W,0,0.008652216,0.10122038424015045,0.6103895902633667,0.5419913530349731
YDR009W,YPL176C,0,0.008252969,0.10114777833223343,0.6103895902633667,0.5424242615699768
YOL098C,YBL014C,0,0.0079855155,0.10107526928186417,0.6103895902633667,0.5428571701049805
YML127W,YDR259C,0,0.0076011694,0.10100286453962326,0.6103895902633667,0.5432900190353394
YGR174C,YNL094W,0,0.0074066496,0.10093056410551071,0.6103895902633667,0.543722927570343
YOR267C,YLR175W,0,0.007130576,0.10085836797952652,0.6103895902633667,0.5441558361053467
YDR301W,YGR156W,1,0.007095938,0.10150106996297836,0.6147186160087585,0.5441558361053467
YCL029C,YOL095C,0,0.007073385,0.1014285683631897,0.6147186160087585,0.5445887446403503
YLR234W,YIL107C,0,0.0068697087,0.10135617107152939,0.6147186160087585,0.545021653175354
YOR191W,YML076C,0,0.0064720674,0.10128387808799744,0.6147186160087585,0.5454545617103577
YPR017C,YIL167W,0,0.006419433,0.10121168941259384,0.6147186160087585,0.5458874702453613
YER133W,YIL131C,1,0.006413204,0.10185185074806213,0.6190476417541504,0.5458874702453613
YKL018W,YNL222W,1,0.0064004487,0.1024911031126976,0.6233766078948975,0.5458874702453613
YNL133C,YML013W,0,0.006006246,0.1024182066321373,0.6233766078948975,0.5463203191757202
YDR328C,YER108C,0,0.005836898,0.10234541445970535,0.6233766078948975,0.5467532277107239
YGR174C,YIL173W,0,0.005662007,0.10227272659540176,0.6233766078948975,0.5471861362457275
YHR103W,YGR060W,0,0.0051214374,0.10220014303922653,0.6233766078948975,0.5476190447807312
YLR004C,YCL048W,0,0.005013944,0.10212765634059906,0.6233766078948975,0.5480519533157349
YML011C,YLR352W,0,0.0049854047,0.10205528140068054,0.6233766078948975,0.5484848618507385
YJR084W,YBR107C,0,0.004501318,0.10198300331830978,0.6233766078948975,0.5489177703857422
YDR028C,YDL046W,0,0.0042973883,0.10191082954406738,0.6233766078948975,0.5493506789207458
YJR150C,YKL197C,0,0.0041838787,0.10183875262737274,0.6233766078948975,0.5497835278511047
YER028C,YFR030W,0,0.004135491,0.10176678746938705,0.6233766078948975,0.5502164363861084
YLL031C,YLR249W,0,0.003995282,0.10169491171836853,0.6233766078948975,0.5506493449211121
YPR106W,YBR065C,0,0.003851404,0.10162314772605896,0.6233766078948975,0.5510822534561157
YGR217W,YOR157C,0,0.0036424673,0.10155148059129715,0.6233766078948975,0.5515151619911194
YDL119C,YJL196C,0,0.0036330125,0.1014799177646637,0.6233766078948975,0.551948070526123
YDL247W,YBR005W,0,0.0034924163,0.101408451795578,0.6233766078948975,0.5523809790611267
YOR262W,YGL085W,0,0.0034752092,0.10133709013462067,0.6233766078948975,0.5528138279914856
YGR193C,YOR113W,0,0.0034443787,0.10126582533121109,0.6233766078948975,0.5532467365264893
YOR177C,YLR315W,0,0.0031487546,0.10119465738534927,0.6233766078948975,0.5536796450614929
YHR035W,YML059C,0,0.00298096,0.10112359374761581,0.6233766078948975,0.5541125535964966
YBR107C,YDR439W,0,0.0023370846,0.10105263441801071,0.6233766078948975,0.5545454621315002
YJL054W,YDR009W,0,0.0019767596,0.10098176449537277,0.6233766078948975,0.5549783706665039
YDL098C,YDR545W,0,0.0018090135,0.10091099888086319,0.6233766078948975,0.5554112792015076
YCR035C,YPL018W,0,0.0014830953,0.10084033757448196,0.6233766078948975,0.5558441281318665
YMR261C,YER040W,0,0.0013491339,0.1007697656750679,0.6233766078948975,0.5562770366668701
YGL167C,YHL050C,0,0.0013466454,0.1006992980837822,0.6233766078948975,0.5567099452018738
YOR241W,YNR019W,0,0.0011132243,0.10062892735004425,0.6233766078948975,0.5571428537368774
YDL091C,YKR064W,0,0.0010070777,0.10055866092443466,0.6233766078948975,0.5575757622718811
YKL155C,YDR395W,0,0.0009956486,0.10048848390579224,0.6233766078948975,0.5580086708068848
YOR191W,YHR111W,0,0.0009495481,0.10041841119527817,0.6233766078948975,0.5584415793418884
YER014W,YDL031W,0,0.00068884855,0.10034843534231186,0.6233766078948975,0.5588744878768921
YHR088W,YMR275C,0,0.0005139685,0.10027854889631271,0.6233766078948975,0.559307336807251
YOR156C,YOR103C,0,0.00031398004,0.10020876675844193,0.6233766078948975,0.5597402453422546
YFR014C,YOL052C-A,0,0.00012755161,0.1001390814781189,0.6233766078948975,0.5601731538772583
YIL038C,YNR033W,0,5.4328702e-06,0.10006949305534363,0.6233766078948975,0.560606062412262
YBL087C,YDR080W,0,-0.00033811713,0.10000000149011612,0.6233766078948975,0.5610389709472656
YLR215C,YLR067C,0,-0.000341455,0.09993060678243637,0.6233766078948975,0.5614718794822693
YPR173C,YGR161C,0,-0.00063917274,0.09986130148172379,0.6233766078948975,0.561904788017273
YOL020W,YDL076C,0,-0.00068340683,0.09979210048913956,0.6233766078948975,0.5623376369476318
YPL058C,YDL031W,0,-0.00075485045,0.09972298890352249,0.6233766078948975,0.5627705454826355
YLL031C,YHL050C,0,-0.0009673708,0.09965398162603378,0.6233766078948975,0.5632034540176392
YAL007C,YDR005C,0,-0.0011525289,0.09958506375551224,0.6233766078948975,0.5636363625526428
YIL131C,YDR228C,1,-0.0011771643,0.10020732879638672,0.6277056336402893,0.5636363625526428
YGL243W,YKR095W,0,-0.001218623,0.1001381203532219,0.6277056336402893,0.5640692710876465
YHR139C,YDR437W,0,-0.0012750276,0.10006901621818542,0.6277056336402893,0.5645021796226501
YDR289C,YDR228C,1,-0.0014332109,0.10068965703248978,0.6320346593856812,0.5645021796226501
YHR165C,YBR191W,0,-0.0019125366,0.10062026232481003,0.6320346593856812,0.5649350881576538
YLR315W,YHR142W,0,-0.00197061,0.10055096447467804,0.6320346593856812,0.5653679370880127
YDR098C-A,YKL040C,0,-0.0022998736,0.10048176348209381,0.6320346593856812,0.5658008456230164
YCR045C,YNL029C,0,-0.002691927,0.10041265189647675,0.6320346593856812,0.56623375415802
YBR090C-A,YDR395W,0,-0.002709052,0.10034364461898804,0.6320346593856812,0.5666666626930237
YDR407C,YCL054W,0,-0.0028404132,0.10027472674846649,0.6320346593856812,0.5670995712280273
YDR361C,YCR018C,0,-0.0031183832,0.1002059057354927,0.6320346593856812,0.567532479763031
YPL018W,YOL095C,0,-0.0033487217,0.10013717412948608,0.6320346593856812,0.5679653882980347
YJL183W,YOR009W,0,-0.0036303536,0.10006853938102722,0.6320346593856812,0.5683982968330383
YMR063W,YLR181C,0,-0.0036609494,0.10000000149011612,0.6320346593856812,0.5688311457633972
YPL141C,YER123W,0,-0.0037537836,0.09993155300617218,0.6320346593856812,0.5692640542984009
YDL124W,YGL064C,0,-0.0037625679,0.099863201379776,0.6320346593856812,0.5696969628334045
YLL018C-A,YDR257C,0,-0.0039641135,0.09979493916034698,0.6320346593856812,0.5701298713684082
YCR024C,YKL063C,0,-0.0041825944,0.09972677379846573,0.6320346593856812,0.5705627799034119
YER100W,YPL146C,0,-0.0042105042,0.09965870529413223,0.6320346593856812,0.5709956884384155
YHR149C,YNR038W,0,-0.0045285323,0.0995907261967659,0.6320346593856812,0.5714285969734192
YJL094C,YIL033C,0,-0.004666137,0.09952283650636673,0.6320346593856812,0.5718614459037781
YKL191W,YOL098C,0,-0.004689487,0.09945504367351532,0.6320346593856812,0.5722943544387817
YIL056W,YJL083W,0,-0.004823076,0.09938734024763107,0.6320346593856812,0.5727272629737854
YDL230W,YAL026C,0,-0.004865723,0.09931972622871399,0.6320346593856812,0.5731601715087891
YDR471W,YIR019C,0,-0.005003276,0.09925220906734467,0.6320346593856812,0.5735930800437927
YHR079C-B,YHR080C,0,-0.0050630723,0.0991847813129425,0.6320346593856812,0.5740259885787964
YPL198W,YNL055C,0,-0.005096095,0.0991174504160881,0.6320346593856812,0.5744588971138
YOR048C,YLR115W,1,-0.0051809126,0.09972862899303436,0.6363636255264282,0.5744588971138
YBL008W,YJR054W,0,-0.0058081993,0.09966101497411728,0.6363636255264282,0.5748917460441589
YER102W,YOR227W,0,-0.0061195777,0.09959349781274796,0.6363636255264282,0.5753246545791626
YGL076C,YJR131W,0,-0.006249974,0.0995260700583458,0.6363636255264282,0.5757575631141663
YHR108W,YIR004W,0,-0.006462055,0.0994587317109108,0.6363636255264282,0.5761904716491699
YBR112C,YGL018C,0,-0.0069851414,0.09939148277044296,0.6363636255264282,0.5766233801841736
YER177W,YJL212C,0,-0.007261813,0.09932432323694229,0.6363636255264282,0.5770562887191772
YGR193C,YNL055C,0,-0.007509636,0.09925726056098938,0.6363636255264282,0.5774891972541809
YOL078W,YBR045C,0,-0.007578435,0.09919027984142303,0.6363636255264282,0.5779221057891846
YBL056W,YPL193W,0,-0.007765072,0.09912339597940445,0.6363636255264282,0.5783549547195435
YBR029C,YDL124W,0,-0.007935869,0.09905660152435303,0.6363636255264282,0.5787878632545471
YNL173C,YPR148C,0,-0.008010233,0.09898989647626877,0.6363636255264282,0.5792207717895508
YIL022W,YBR090C-A,0,-0.008064372,0.09892328083515167,0.6363636255264282,0.5796536803245544
YDR243C,YJR027W,0,-0.008154014,0.09885676205158234,0.6363636255264282,0.5800865888595581
YBR149W,YER015W,0,-0.008960078,0.09879032522439957,0.6363636255264282,0.5805194973945618
YBR046C,YOL078W,0,-0.009191366,0.09872397780418396,0.6363636255264282,0.5809524059295654
YER108C,YHR014W,0,-0.009360759,0.09865771979093552,0.6363636255264282,0.5813852548599243
YBR085W,YDR469W,0,-0.009453097,0.09859155118465424,0.6363636255264282,0.581818163394928
YDL220C,YDR463W,0,-0.009702282,0.09852547198534012,0.6363636255264282,0.5822510719299316
YEL020W-A,YHL011C,0,-0.009759694,0.09845947474241257,0.6363636255264282,0.5826839804649353
YHR150W,YDL031W,0,-0.009932833,0.09839357435703278,0.6363636255264282,0.583116888999939
YBR046C,YML133C,0,-0.009987207,0.09832775592803955,0.6363636255264282,0.5835497975349426
YDR268W,YPR105C,0,-0.010018045,0.09826203435659409,0.6363636255264282,0.5839827060699463
YCR058C,YOR227W,0,-0.010345047,0.09819639474153519,0.6363636255264282,0.5844155550003052
YIL036W,YIL014W,0,-0.010675805,0.09813084453344345,0.6363636255264282,0.5848484635353088
YOL076W,YBR091C,0,-0.010790976,0.09806537628173828,0.6363636255264282,0.5852813720703125
YGR003W,YCL064C,0,-0.011180418,0.09799999743700027,0.6363636255264282,0.5857142806053162
YLR426W,YKR088C,0,-0.011645688,0.09793470799922943,0.6363636255264282,0.5861471891403198
YKL194C,YDR246W,0,-0.012008103,0.09786950796842575,0.6363636255264282,0.5865800976753235
YJR073C,YDR189W,0,-0.012016462,0.09780438989400864,0.6363636255264282,0.5870130062103271
YDR227W,YLR248W,0,-0.012425588,0.09773936122655869,0.6363636255264282,0.5874459147453308
YOR081C,YER139C,0,-0.012547823,0.0976744219660759,0.6363636255264282,0.5878787636756897
YKR049C,YOR001W,0,-0.012780683,0.09760956466197968,0.6363636255264282,0.5883116722106934
YML101C,YGL167C,0,-0.012814747,0.09754478931427002,0.6363636255264282,0.588744580745697
YHR006W,YJR046W,0,-0.013154278,0.09748010337352753,0.6363636255264282,0.5891774892807007
YOR087W,YCR058C,0,-0.013158625,0.0974155068397522,0.6363636255264282,0.5896103978157043
YDR441C,YFR025C,0,-0.013290713,0.09735099226236343,0.6363636255264282,0.590043306350708
YDR045C,YCR038C,0,-0.013362007,0.09728656709194183,0.6363636255264282,0.5904762148857117
YOR177C,YPR068C,0,-0.01338576,0.0972222238779068,0.6363636255264282,0.5909090638160706
YMR059W,YCL051W,0,-0.01339771,0.09715796262025833,0.6363636255264282,0.5913419723510742
YDR303C,YJL083W,0,-0.0136073325,0.09709379076957703,0.6363636255264282,0.5917748808860779
YOR048C,YDR228C,1,-0.0136322845,0.09768977016210556,0.6406926512718201,0.5917748808860779
YDR175C,YJR118C,0,-0.0138855595,0.09762533009052277,0.6406926512718201,0.5922077894210815
YDR308C,YIL144W,0,-0.0141209755,0.09756097197532654,0.6406926512718201,0.5926406979560852
YHR035W,YOL051W,0,-0.014149854,0.09749670326709747,0.6406926512718201,0.5930736064910889
YKL016C,YBR090C-A,0,-0.014476178,0.09743252396583557,0.6406926512718201,0.5935065150260925
YDR165W,YFR034C,0,-0.0145013835,0.09736841917037964,0.6406926512718201,0.5939394235610962
YGL067W,YDR309C,0,-0.014658498,0.09730440378189087,0.6406926512718201,0.5943722724914551
YIL154C,YIL120W,0,-0.014692457,0.09724047034978867,0.6406926512718201,0.5948051810264587
YLR044C,YOL116W,0,-0.014730079,0.09717662632465363,0.6406926512718201,0.5952380895614624
YLR277C,YNL222W,1,-0.015176142,0.09776902943849564,0.6450216174125671,0.5952380895614624
YJR049C,YGL198W,0,-0.015340226,0.0977049171924591,0.6450216174125671,0.5956709980964661
YER133W,YDR228C,1,-0.015656548,0.09829620271921158,0.649350643157959,0.5956709980964661
YDR175C,YIL062C,0,-0.015710952,0.09823182970285416,0.649350643157959,0.5961039066314697
YGL246C,YFL011W,0,-0.015799256,0.0981675386428833,0.649350643157959,0.5965368151664734
YPL058C,YGR005C,0,-0.015888298,0.09810333698987961,0.649350643157959,0.596969723701477
YDL247W,YJR035W,0,-0.015944751,0.09803921729326248,0.649350643157959,0.5974025726318359
YLL018C,YDL220C,0,-0.016026394,0.09797517955303192,0.649350643157959,0.5978354811668396
YPR055W,YDR259C,0,-0.016120432,0.09791122376918793,0.649350643157959,0.5982683897018433
YDR078C,YHR197W,0,-0.01617256,0.0978473573923111,0.649350643157959,0.5987012982368469
YOL126C,YMR195W,0,-0.0162223,0.09778357297182083,0.649350643157959,0.5991342067718506
YDR435C,YDL211C,0,-0.016229352,0.09771987050771713,0.649350643157959,0.5995671153068542
YOR262W,YKL058W,0,-0.016263397,0.09765625,0.649350643157959,0.6000000238418579
YBR121C,YDR289C,1,-0.016290413,0.0982433333992958,0.6536796689033508,0.6000000238418579
YDR308C,YGR208W,0,-0.016301932,0.09817945212125778,0.6536796689033508,0.6004328727722168
YPL209C,YDL102W,0,-0.016363213,0.09811566025018692,0.6536796689033508,0.6008657813072205
YDR160W,YPL183C,0,-0.016512753,0.09805195033550262,0.6536796689033508,0.6012986898422241
YAL028W,YLR075W,0,-0.016791785,0.0979883223772049,0.6536796689033508,0.6017315983772278
YMR195W,YLL014W,0,-0.016974742,0.09792477637529373,0.6536796689033508,0.6021645069122314
YPR071W,YOR132W,0,-0.017020011,0.09786131232976913,0.6536796689033508,0.6025974154472351
YIL013C,YOR363C,0,-0.017061414,0.0977979302406311,0.6536796689033508,0.6030303239822388
YLL014W,YER127W,0,-0.017073246,0.09773463010787964,0.6536796689033508,0.6034632325172424
YIL137C,YOR158W,0,-0.017093884,0.09767141193151474,0.6536796689033508,0.6038960814476013
YMR230W,YDR257C,0,-0.017285155,0.09760827571153641,0.6536796689033508,0.604328989982605
YOL009C,YIL144W,0,-0.01778883,0.09754522144794464,0.6536796689033508,0.6047618985176086
YGR103W,YBL031W,0,-0.018074857,0.09748224914073944,0.6536796689033508,0.6051948070526123
YKR075C,YER109C,0,-0.018076347,0.09741935133934021,0.6536796689033508,0.605627715587616
YMR215W,YBL100W-B,0,-0.018193727,0.09735654294490814,0.6536796689033508,0.6060606241226196
YFR016C,YOL032W,0,-0.018208893,0.09729381650686264,0.6536796689033508,0.6064935326576233
YOR192C,YJL127C,0,-0.018251488,0.09723116457462311,0.6536796689033508,0.6069263815879822
YJR123W,YCR005C,0,-0.018773938,0.09716859459877014,0.6536796689033508,0.6073592901229858
YPL146C,YGL006W,0,-0.018809197,0.09710610657930374,0.6536796689033508,0.6077921986579895
YFL049W,YHR106W,0,-0.01897368,0.09704370051622391,0.6536796689033508,0.6082251071929932
YGL107C,YJL035C,0,-0.01969448,0.09698137640953064,0.6536796689033508,0.6086580157279968
YOR359W,YER159C,0,-0.019800277,0.09691912680864334,0.6536796689033508,0.6090909242630005
YOL012C,YOL095C,0,-0.020090276,0.09685695916414261,0.6536796689033508,0.6095238327980042
YGR212W,YJR131W,0,-0.020126449,0.09679487347602844,0.6536796689033508,0.609956681728363
YKR093W,YNL318C,0,-0.020186143,0.09673286229372025,0.6536796689033508,0.6103895902633667
YDR381W,YPL179W,0,-0.020249633,0.09667093306779861,0.6536796689033508,0.6108224987983704
YBR162W-A,YBR189W,0,-0.0205464,0.09660908579826355,0.6536796689033508,0.611255407333374
YPL001W,YLR315W,0,-0.020596812,0.09654731303453445,0.6536796689033508,0.6116883158683777
YER033C,YOR273C,0,-0.020698363,0.09648562222719193,0.6536796689033508,0.6121212244033813
YDL093W,YGR097W,0,-0.02085458,0.09642401337623596,0.6536796689033508,0.612554132938385
YDR377W,YBR090C-A,0,-0.021137036,0.09636247903108597,0.6536796689033508,0.6129870414733887
YMR318C,YER060W-A,0,-0.021422463,0.09630101919174194,0.6536796689033508,0.6134198904037476
YBR162C,YGR122W,0,-0.021596948,0.09623964130878448,0.6536796689033508,0.6138527989387512
YOL154W,YDR437W,0,-0.022384772,0.09617834538221359,0.6536796689033508,0.6142857074737549
YJL012C,YKR077W,0,-0.022728028,0.09611712396144867,0.6536796689033508,0.6147186160087585
YFL005W,YGL087C,0,-0.023112686,0.09605597704648972,0.6536796689033508,0.6151515245437622
YJL021C,YNL240C,0,-0.023210237,0.09599491208791733,0.6536796689033508,0.6155844330787659
YGR178C,YOR101W,0,-0.023261355,0.0959339290857315,0.6536796689033508,0.6160173416137695
YDR007W,YDR517W,0,-0.023324804,0.09587301313877106,0.6536796689033508,0.6164501905441284
YAL043C,YDR228C,1,-0.023325918,0.0964467003941536,0.6580086350440979,0.6164501905441284
YOR068C,YHL026C,0,-0.023436533,0.09638553857803345,0.6580086350440979,0.6168830990791321
YDL240W,YPL189W,0,-0.023739189,0.09632445871829987,0.6580086350440979,0.6173160076141357
YGR283C,YCR038C,0,-0.02382666,0.09626346081495285,0.6580086350440979,0.6177489161491394
YLR059C,YKL060C,0,-0.023870127,0.09620252996683121,0.6580086350440979,0.6181818246841431
YIL068C,YIL118W,0,-0.024137558,0.09614168107509613,0.6580086350440979,0.6186147332191467
YLR258W,YIL068C,0,-0.02422108,0.09608090668916702,0.6580086350440979,0.6190476417541504
YGL053W,YKL080W,0,-0.024456622,0.09602021425962448,0.6580086350440979,0.6194804906845093
YNL176C,YIL167W,0,-0.024675163,0.09595959633588791,0.6580086350440979,0.6199133992195129
YDL220C,YNR059W,0,-0.024869347,0.0958990529179573,0.6580086350440979,0.6203463077545166
YER177W,YOL011W,0,-0.025395261,0.09583858400583267,0.6580086350440979,0.6207792162895203
YOR179C,YGR156W,1,-0.02542335,0.09640831500291824,0.6623376607894897,0.6207792162895203
YOR002W,YOR065W,0,-0.025698783,0.09634760767221451,0.6623376607894897,0.6212121248245239
YDR039C,YPR003C,0,-0.025868805,0.09628697484731674,0.6623376607894897,0.6216450333595276
YGL243W,YMR133W,0,-0.02595962,0.09622641652822495,0.6623376607894897,0.6220779418945312
YIL120W,YGR017W,0,-0.026197271,0.09616593271493912,0.6623376607894897,0.6225108504295349
YOL096C,YOL059W,0,-0.026209014,0.09610553085803986,0.6623376607894897,0.6229436993598938
YDL160C,YLR200W,0,-0.026409553,0.09604519605636597,0.6623376607894897,0.6233766078948975
YFR024C,YLR093C,0,-0.026493924,0.09598494321107864,0.6623376607894897,0.6238095164299011
YPR199C,YHR020W,0,-0.026604416,0.09592476487159729,0.6623376607894897,0.6242424249649048
YDL091C,YLR248W,0,-0.026615145,0.0958646610379219,0.6623376607894897,0.6246753334999084
YJR048W,YKL150W,0,-0.026828935,0.09580463171005249,0.6623376607894897,0.6251082420349121
YJR046W,YPR097W,0,-0.028794365,0.09574468433856964,0.6623376607894897,0.6255411505699158
YGR212W,YCR086W,0,-0.028810518,0.09568480402231216,0.6623376607894897,0.6259739995002747
YDR201W,YMR009W,0,-0.029083641,0.09562499821186066,0.6623376607894897,0.6264069080352783
YJL089W,YCR018C,0,-0.0290975,0.09556527435779572,0.6623376607894897,0.626839816570282
YGR202C,YDR259C,0,-0.02923839,0.09550561755895615,0.6623376607894897,0.6272727251052856
YFR024C,YDR160W,0,-0.02947856,0.09544603526592255,0.6623376607894897,0.6277056336402893
YAL043C,YJR017C,1,-0.029556828,0.09600997716188431,0.6666666865348816,0.6277056336402893
YOR334W,YPL210C,0,-0.029700072,0.0959501564502716,0.6666666865348816,0.628138542175293
YEL020W-A,YGL240W,0,-0.0298236,0.09589041024446487,0.6666666865348816,0.6285714507102966
YKL196C,YBL025W,0,-0.030000376,0.09583073854446411,0.6666666865348816,0.6290042996406555
YDR301W,YDR289C,1,-0.030146787,0.09639303386211395,0.6709956526756287,0.6290042996406555
YOR267C,YBR218C,0,-0.03024503,0.09633312374353409,0.6709956526756287,0.6294372081756592
YPL058C,YNL294C,0,-0.030300653,0.09627329558134079,0.6709956526756287,0.6298701167106628
YOR136W,YGL127C,0,-0.030599521,0.09621353447437286,0.6709956526756287,0.6303030252456665
YLR288C,YJL083W,0,-0.030804949,0.09615384787321091,0.6709956526756287,0.6307359337806702
YLR442C,YLR019W,0,-0.030834349,0.09609423577785492,0.6709956526756287,0.6311688423156738
YBR086C,YDL145C,0,-0.030930324,0.0960346981883049,0.6709956526756287,0.6316017508506775
YDR195W,YLR115W,1,-0.03110814,0.0965944305062294,0.6753246784210205,0.6316017508506775
YML101C,YLR006C,0,-0.03113568,0.09653465449810028,0.6753246784210205,0.6320346593856812
YGR245C,YCL001W,0,-0.031202385,0.09647495299577713,0.6753246784210205,0.63246750831604
YER041W,YMR118C,0,-0.031251688,0.09641532599925995,0.6753246784210205,0.6329004168510437
YDL100C,YPL262W,0,-0.031656493,0.09635577350854874,0.6753246784210205,0.6333333253860474
YJL003W,YBL091C,0,-0.031925824,0.0962962955236435,0.6753246784210205,0.633766233921051
YCR021C,YML047C,0,-0.032026406,0.09623689204454422,0.6753246784210205,0.6341991424560547
YHR111W,YPL049C,0,-0.032030486,0.09617755562067032,0.6753246784210205,0.6346320509910583
YLR258W,YLL021W,0,-0.032273713,0.09611830115318298,0.6753246784210205,0.635064959526062
YER176W,YJL026W,0,-0.03229143,0.09605911374092102,0.6753246784210205,0.6354978084564209
YBL013W,YNL173C,0,-0.032294095,0.09600000083446503,0.6753246784210205,0.6359307169914246
YMR040W,YGR253C,0,-0.032425705,0.095940962433815,0.6753246784210205,0.6363636255264282
YNL031C,YDR246W,0,-0.032609206,0.09588199108839035,0.6753246784210205,0.6367965340614319
YKL069W,YHR005C,0,-0.032936234,0.09582309424877167,0.6753246784210205,0.6372294425964355
YKL110C,YPL058C,0,-0.033041153,0.09576427191495895,0.6753246784210205,0.6376623511314392
YOL009C,YPR174C,0,-0.033073973,0.09570552408695221,0.6753246784210205,0.6380952596664429
YNR048W,YDR317W,0,-0.033326115,0.09564684331417084,0.6753246784210205,0.6385281682014465
YER100W,YEL006W,0,-0.033342507,0.09558823704719543,0.6753246784210205,0.6389610171318054
YLR001C,YGR040W,0,-0.03367624,0.0955296978354454,0.6753246784210205,0.6393939256668091
YIL056W,YJL181W,0,-0.033751626,0.09547123312950134,0.6753246784210205,0.6398268342018127
YER142C,YPR071W,0,-0.03380851,0.09541284292936325,0.6753246784210205,0.6402597427368164
YOL029C,YDR021W,0,-0.034315076,0.09535451978445053,0.6753246784210205,0.6406926512718201
YMR039C,YJR017C,1,-0.034465488,0.09590714424848557,0.6796537041664124,0.6406926512718201
YDR004W,YIL008W,0,-0.035015002,0.09584859758615494,0.6796537041664124,0.6411255598068237
YGR024C,YLR215C,0,-0.035161614,0.09579011797904968,0.6796537041664124,0.6415584683418274
YFR027W,YJL216C,0,-0.03545935,0.0957317054271698,0.6796537041664124,0.6419913172721863
YBR248C,YNL164C,0,-0.035568666,0.09567336738109589,0.6796537041664124,0.6424242258071899
YIR019C,YKL192C,0,-0.036164116,0.09561510384082794,0.6796537041664124,0.6428571343421936
YHR001W-A,YLR058C,0,-0.0365186,0.09555690735578537,0.6796537041664124,0.6432900428771973
YLL016W,YJL173C,0,-0.036853146,0.09549878537654877,0.6796537041664124,0.6437229514122009
YGL107C,YPL049C,0,-0.036963303,0.09544073045253754,0.6796537041664124,0.6441558599472046
YDR189W,YCL001W,0,-0.03711847,0.09538274258375168,0.6796537041664124,0.6445887684822083
YBR114W,YNL216W,0,-0.03718312,0.09532483667135239,0.6796537041664124,0.6450216174125671
YCL001W,YPL018W,0,-0.037245337,0.09526699036359787,0.6796537041664124,0.6454545259475708
YGR161C,YNL068C,0,-0.037328634,0.09520921856164932,0.6796537041664124,0.6458874344825745
YFL056C,YPL168W,0,-0.03736871,0.09515151381492615,0.6796537041664124,0.6463203430175781
YLR059C,YHR106W,0,-0.03766345,0.09509388357400894,0.6796537041664124,0.6467532515525818
YPR143W,YIL167W,0,-0.03771149,0.09503632038831711,0.6796537041664124,0.6471861600875854
YAL019W,YOL052C-A,0,-0.037829112,0.09497882425785065,0.6796537041664124,0.6476190686225891
YMR232W,YJL208C,0,-0.03822397,0.09492140263319016,0.6796537041664124,0.6480519771575928
YKL018W,YOR179C,1,-0.03835052,0.09546827524900436,0.6839826703071594,0.6480519771575928
YKR027W,YBR218C,0,-0.038624186,0.09541063010692596,0.6839826703071594,0.6484848260879517
YDR309C,YDR217C,0,-0.03871854,0.09535304456949234,0.6839826703071594,0.6489177346229553
YLR451W,YDR021W,0,-0.038950074,0.09529553353786469,0.6839826703071594,0.649350643157959
YMR059W,YFR025C,0,-0.039024126,0.095238097012043,0.6839826703071594,0.6497835516929626
YPL146C,YGL198W,0,-0.039095286,0.09518072009086609,0.6839826703071594,0.6502164602279663
YPR155C,YBL014C,0,-0.03914355,0.09512341767549515,0.6839826703071594,0.65064936876297
YPL225W,YPL061W,0,-0.039297994,0.09506618231534958,0.6839826703071594,0.6510822772979736
YER038C,YLR143W,0,-0.039363448,0.09500902146100998,0.6839826703071594,0.6515151262283325
YOL076W,YEL048C,0,-0.039576914,0.09495192021131516,0.6839826703071594,0.6519480347633362
YGR057C,YBR121C,0,-0.0396411,0.0948948934674263,0.6839826703071594,0.6523809432983398
YJR132W,YIL013C,0,-0.03966448,0.09483793377876282,0.6839826703071594,0.6528138518333435
YGL006W,YLR181C,0,-0.03968248,0.09478104114532471,0.6839826703071594,0.6532467603683472
YBR109C,YMR275C,0,-0.04006565,0.09472422301769257,0.6839826703071594,0.6536796689033508
YKR078W,YPL097W,0,-0.040290546,0.0946674644947052,0.6839826703071594,0.6541125774383545
YJL078C,YMR059W,0,-0.040601704,0.0946107804775238,0.6839826703071594,0.6545454263687134
YIL153W,YKL138C,0,-0.040748816,0.09455415606498718,0.6839826703071594,0.654978334903717
YLL053C,YDL223C,0,-0.04094282,0.09449760615825653,0.6839826703071594,0.6554112434387207
YPR046W,YDL102W,0,-0.04133728,0.09444112330675125,0.6839826703071594,0.6558441519737244
YML133C,YDR309C,0,-0.04168197,0.09438470751047134,0.6839826703071594,0.656277060508728
YER062C,YOR236W,0,-0.04172488,0.09432835876941681,0.6839826703071594,0.6567099690437317
YLR352W,YJL069C,0,-0.042119734,0.09427207708358765,0.6839826703071594,0.6571428775787354
YDR386W,YBL031W,0,-0.04227658,0.09421586245298386,0.6839826703071594,0.657575786113739
YBR015C,YHL021C,0,-0.042513076,0.09415971487760544,0.6839826703071594,0.6580086350440979
YPR180W,YDR273W,0,-0.042664576,0.09410363435745239,0.6839826703071594,0.6584415435791016
YNR048W,YKR089C,0,-0.042707417,0.09404762089252472,0.6839826703071594,0.6588744521141052
YER014W,YEL032W,0,-0.042955544,0.09399167448282242,0.6839826703071594,0.6593073606491089
YPR055W,YIL030C,0,-0.042979103,0.09393578767776489,0.6839826703071594,0.6597402691841125
YER143W,YBR169C,0,-0.043342926,0.09387997537851334,0.6839826703071594,0.6601731777191162
YHR118C,YDR359C,0,-0.043440048,0.09382423013448715,0.6839826703071594,0.6606060862541199
YLR345W,YBR162C,0,-0.04381567,0.09376854449510574,0.6839826703071594,0.6610389351844788
YOR018W,YNL133C,0,-0.043844264,0.0937129333615303,0.6839826703071594,0.6614718437194824
YMR175W,YOR250C,0,-0.043910738,0.09365738183259964,0.6839826703071594,0.6619047522544861
YLR039C,YLR411W,0,-0.04393481,0.09360189735889435,0.6839826703071594,0.6623376607894897
YOR320C,YDR244W,0,-0.044339616,0.09354647994041443,0.6839826703071594,0.6627705693244934
YGR004W,YHR020W,0,-0.044841018,0.09349112212657928,0.6839826703071594,0.6632034778594971
YHR110W,YGR253C,0,-0.04498334,0.09343583881855011,0.6839826703071594,0.6636363863945007
YKR075C,YOL061W,0,-0.04510342,0.09338061511516571,0.6839826703071594,0.6640692353248596
YIL098C,YNL246W,0,-0.045326862,0.09332545846700668,0.6839826703071594,0.6645021438598633
YEL020W-A,YOR320C,0,-0.04547423,0.09327036887407303,0.6839826703071594,0.6649350523948669
YNL133C,YER129W,0,-0.045496035,0.09321533888578415,0.6839826703071594,0.6653679609298706
YBR189W,YNL287W,0,-0.0455737,0.09316037595272064,0.6839826703071594,0.6658008694648743
YDR513W,YLR017W,0,-0.045598175,0.09310548007488251,0.6839826703071594,0.6662337779998779
YER133W,YGL246C,1,-0.04576144,0.09363957494497299,0.6883116960525513,0.6662337779998779
YAL030W,YOR086C,0,-0.045774914,0.09358446300029755,0.6883116960525513,0.6666666865348816
YDR023W,YBL100W-B,0,-0.046453506,0.09352941066026688,0.6883116960525513,0.6670995950698853
YDL235C,YHR014W,0,-0.04693875,0.09347442537546158,0.6883116960525513,0.6675324440002441
YDL160C,YFR025C,0,-0.047228772,0.09341950714588165,0.6883116960525513,0.6679653525352478
YGR103W,YDR243C,0,-0.04796255,0.0933646485209465,0.6883116960525513,0.6683982610702515
YGL115W,YGL198W,0,-0.047973994,0.09330985695123672,0.6883116960525513,0.6688311696052551
YNL216W,YCL039W,0,-0.048209228,0.09325513243675232,0.6883116960525513,0.6692640781402588
YLR390W-A,YGL167C,0,-0.04860949,0.09320046752691269,0.6883116960525513,0.6696969866752625
YHR190W,YIL130W,0,-0.048989076,0.09314586967229843,0.6883116960525513,0.6701298952102661
YPL141C,YGR057C,0,-0.049353085,0.09309133142232895,0.6883116960525513,0.670562744140625
YIL068C,YOR253W,0,-0.050204087,0.09303686022758484,0.6883116960525513,0.6709956526756287
YPR008W,YKL039W,0,-0.050665636,0.0929824560880661,0.6883116960525513,0.6714285612106323
YJL183W,YOR027W,0,-0.051060576,0.09292811155319214,0.6883116960525513,0.671861469745636
YHR006W,YMR002W,0,-0.051509064,0.09287383407354355,0.6883116960525513,0.6722943782806396
YDR148C,YML107C,0,-0.051519807,0.09281961619853973,0.6883116960525513,0.6727272868156433
YGR129W,YCL067C,0,-0.05156711,0.0927654579281807,0.6883116960525513,0.673160195350647
YER102W,YNL287W,0,-0.051825587,0.09271136671304703,0.6883116960525513,0.6735930442810059
YAL056W,YKL040C,0,-0.051902693,0.09265734255313873,0.6883116960525513,0.6740259528160095
YPL203W,YBR085W,0,-0.052246083,0.09260337799787521,0.6883116960525513,0.6744588613510132
YNL025C,YHL006C,0,-0.05249035,0.09254947304725647,0.6883116960525513,0.6748917698860168
YGL115W,YJL058C,0,-0.05255199,0.0924956351518631,0.6883116960525513,0.6753246784210205
YGL016W,YPL117C,0,-0.052643385,0.0924418568611145,0.6883116960525513,0.6757575869560242
YIL137C,YDR200C,0,-0.052839983,0.09238814562559128,0.6883116960525513,0.6761904954910278
YOR103C,YPR086W,0,-0.052841038,0.09233449399471283,0.6883116960525513,0.6766234040260315
YER028C,YLR328W,0,-0.052863378,0.09228090196847916,0.6883116960525513,0.6770562529563904
YMR118C,YDL117W,0,-0.053176675,0.09222737699747086,0.6883116960525513,0.677489161491394
YOL135C,YHL025W,0,-0.05349082,0.09217391163110733,0.6883116960525513,0.6779220700263977
YML021C,YPL173W,0,-0.05376615,0.09212051331996918,0.6883116960525513,0.6783549785614014
YNL164C,YER071C,0,-0.054007445,0.0920671671628952,0.6883116960525513,0.678787887096405
YIL030C,YOL051W,0,-0.054306973,0.0920138880610466,0.6883116960525513,0.6792207956314087
YOR250C,YGL198W,0,-0.054353062,0.09196066856384277,0.6883116960525513,0.6796537041664124
YBL035C,YDL223C,0,-0.054827306,0.09190751612186432,0.6883116960525513,0.6800865530967712
YDR377W,YER033C,0,-0.054883365,0.09185441583395004,0.6883116960525513,0.6805194616317749
YOR087W,YDR280W,0,-0.055022944,0.09180138260126114,0.6883116960525513,0.6809523701667786
YJL054W,YKL043W,0,-0.055030953,0.09174841642379761,0.6883116960525513,0.6813852787017822
YIL014W,YHR158C,0,-0.05508094,0.09169550240039825,0.6883116960525513,0.6818181872367859
YEL020W-A,YHR210C,0,-0.05517774,0.09164264798164368,0.6883116960525513,0.6822510957717896
YNL190W,YPR071W,0,-0.055292737,0.09158986061811447,0.6883116960525513,0.6826840043067932
YLR426W,YLR367W,0,-0.0553328,0.09153713285923004,0.6883116960525513,0.6831169128417969
YDR213W,YIL033C,0,-0.055521626,0.09148446470499039,0.6883116960525513,0.6835497617721558
YDR500C,YCR036W,0,-0.05556043,0.09143185615539551,0.6883116960525513,0.6839826703071594
YOR267C,YIL069C,0,-0.05590875,0.0913793072104454,0.6883116960525513,0.6844155788421631
YML045W,YBR248C,0,-0.055939145,0.09132682532072067,0.6883116960525513,0.6848484873771667
YPL063W,YGR245C,0,-0.056344572,0.09127439558506012,0.6883116960525513,0.6852813959121704
YNL023C,YDR343C,0,-0.05672567,0.09122203290462494,0.6883116960525513,0.6857143044471741
YAL019W,YPL063W,0,-0.05700906,0.09116972237825394,0.6883116960525513,0.6861472129821777
YBR208C,YPR100W,0,-0.057159115,0.0911174789071083,0.6883116960525513,0.6865800619125366
YDR386W,YPL210C,0,-0.05758171,0.09106529504060745,0.6883116960525513,0.6870129704475403
YDR377W,YEL048C,0,-0.057619084,0.09101316332817078,0.6883116960525513,0.687445878982544
YPL198W,YGR208W,0,-0.058013793,0.09096109867095947,0.6883116960525513,0.6878787875175476
YDL235C,YPR128C,0,-0.05804846,0.09090909361839294,0.6883116960525513,0.6883116960525513
YBR153W,YMR105C,0,-0.05854537,0.0908571407198906,0.6883116960525513,0.6887446045875549
YOR264W,YGR244C,0,-0.058887612,0.09080525487661362,0.6883116960525513,0.6891775131225586
YBR211C,YNL132W,0,-0.05897763,0.09075342118740082,0.6883116960525513,0.6896103620529175
YIL007C,YIL096C,0,-0.05905618,0.09070165455341339,0.6883116960525513,0.6900432705879211
YOL055C,YHR214W,0,-0.059398238,0.09064994007349014,0.6883116960525513,0.6904761791229248
YEL005C,YMR050C,0,-0.05946694,0.09059829264879227,0.6883116960525513,0.6909090876579285
YPL203W,YML092C,0,-0.05949417,0.09054669737815857,0.6883116960525513,0.6913419961929321
YBR121C,YOR179C,1,-0.060621206,0.09106431156396866,0.6926407217979431,0.6913419961929321
YAR009C,YGL078C,0,-0.060822356,0.09101251512765884,0.6926407217979431,0.6917749047279358
YLR011W,YGR211W,0,-0.06097916,0.09096077084541321,0.6926407217979431,0.6922078132629395
YHR122W,YBR279W,0,-0.06099655,0.09090909361839294,0.6926407217979431,0.6926407217979431
YLL066C,YER100W,0,-0.061987553,0.09085746854543686,0.6926407217979431,0.693073570728302
YPR071W,YLL053C,0,-0.06206349,0.09080590307712555,0.6926407217979431,0.6935064792633057
YAL043C,YBR049C,1,-0.062219802,0.09132160991430283,0.6969696879386902,0.6935064792633057
YDL220C,YNL294C,0,-0.06231204,0.0912698432803154,0.6969696879386902,0.6939393877983093
YBL056W,YDR500C,0,-0.06284295,0.09121812880039215,0.6969696879386902,0.694372296333313
YPL171C,YDR386W,0,-0.06289661,0.09116648137569427,0.6969696879386902,0.6948052048683167
YPR134W,YKL196C,0,-0.0635903,0.09111488610506058,0.6969696879386902,0.6952381134033203
YPL137C,YDR217C,0,-0.063706614,0.09106335043907166,0.6969696879386902,0.695671021938324
YDL247W,YGL194C,0,-0.06442875,0.09101187437772751,0.6969696879386902,0.6961038708686829
YPR071W,YKL002W,0,-0.06453482,0.09096045047044754,0.6969696879386902,0.6965367794036865
YPR095C,YGL061C,0,-0.06470934,0.09090909361839294,0.6969696879386902,0.6969696879386902
YOR191W,YDR178W,0,-0.06552501,0.09085778892040253,0.6969696879386902,0.6974025964736938
YHL017W,YDR165W,0,-0.065902665,0.09080654382705688,0.6969696879386902,0.6978355050086975
YKL018W,YAL043C,1,-0.066492334,0.09131905436515808,0.701298713684082,0.6978355050086975
YDR148C,YDR441C,0,-0.06721504,0.09126760810613632,0.701298713684082,0.6982684135437012
YDR515W,YLR190W,0,-0.06732015,0.09121621400117874,0.701298713684082,0.6987013220787048
YHR113W,YDR399W,0,-0.06741615,0.09116488695144653,0.701298713684082,0.6991341710090637
YEL018W,YER038C,0,-0.06742495,0.0911136120557785,0.701298713684082,0.6995670795440674
YDR406W,YMR237W,0,-0.067441165,0.09106239676475525,0.701298713684082,0.699999988079071
YNL251C,YDR228C,1,-0.067537785,0.09157303720712662,0.7056276798248291,0.699999988079071
YOL078W,YGR161C,0,-0.06767382,0.09152162075042725,0.7056276798248291,0.7004328966140747
YML041C,YAL051W,0,-0.068184495,0.09147025644779205,0.7056276798248291,0.7008658051490784
YOL154W,YJL183W,0,-0.06821719,0.09141895920038223,0.7056276798248291,0.701298713684082
YDR019C,YBR045C,0,-0.068375215,0.09136771410703659,0.7056276798248291,0.7017316222190857
YFL026W,YBR149W,0,-0.06851703,0.09131652861833572,0.7056276798248291,0.7021645307540894
YAL043C,YER133W,1,-0.068753235,0.09182530641555786,0.709956705570221,0.7021645307540894
YLR017W,YLR352W,0,-0.06893162,0.09177391976118088,0.709956705570221,0.7025973796844482
YBR212W,YMR133W,0,-0.069270775,0.09172259271144867,0.709956705570221,0.7030302882194519
YPR017C,YPL156C,0,-0.069309175,0.09167132526636124,0.709956705570221,0.7034631967544556
YBL007C,YML096W,0,-0.06955753,0.09162010997533798,0.709956705570221,0.7038961052894592
YBR181C,YHR090C,0,-0.06965019,0.0915689542889595,0.709956705570221,0.7043290138244629
YOR016C,YLL026W,0,-0.07004907,0.0915178582072258,0.709956705570221,0.7047619223594666
YPR067W,YAL068C,0,-0.07052027,0.09146681427955627,0.709956705570221,0.7051948308944702
YPL133C,YJR150C,0,-0.071388066,0.09141582995653152,0.709956705570221,0.7056276798248291
YOL121C,YMR220W,0,-0.071527615,0.09136490523815155,0.709956705570221,0.7060605883598328
YJL167W,YOR260W,0,-0.072371475,0.09131403267383575,0.709956705570221,0.7064934968948364
YDR469W,YDL119C,0,-0.07238245,0.09126321971416473,0.709956705570221,0.7069264054298401
YBR054W,YCR005C,0,-0.0729443,0.09121245890855789,0.709956705570221,0.7073593139648438
YNL173C,YJL026W,0,-0.0739275,0.09116175770759583,0.709956705570221,0.7077922224998474
YKL048C,YIL148W,0,-0.07393507,0.09111110866069794,0.709956705570221,0.7082251310348511
YDR301W,YDR228C,1,-0.07428363,0.09161576628684998,0.7142857313156128,0.7082251310348511
YNL045W,YPR188C,0,-0.07438457,0.09156493097543716,0.7142857313156128,0.70865797996521
YGR165W,YLR337C,0,-0.07454285,0.09151414036750793,0.7142857313156128,0.7090908885002136
YGL092W,YDR108W,0,-0.07476622,0.09146341681480408,0.7142857313156128,0.7095237970352173
YLR239C,YLR258W,0,-0.07490496,0.0914127454161644,0.7142857313156128,0.709956705570221
YGR235C,YNL216W,0,-0.07504867,0.0913621261715889,0.7142857313156128,0.7103896141052246
YDR213W,YDL117W,0,-0.07539773,0.09131156653165817,0.7142857313156128,0.7108225226402283
YNL056W,YCR035C,0,-0.07539973,0.09126105904579163,0.7142857313156128,0.7112554311752319
YDR098C,YGL064C,0,-0.07572863,0.09121061116456985,0.7142857313156128,0.7116883397102356
YNL243W,YGR055W,0,-0.0758321,0.09116022288799286,0.7142857313156128,0.7121211886405945
YMR226C,YBR045C,0,-0.07597166,0.09110988676548004,0.7142857313156128,0.7125540971755981
YPL126W,YIL123W,0,-0.07622945,0.0910596027970314,0.7142857313156128,0.7129870057106018
YNL142W,YLR323C,0,-0.07641505,0.09100937843322754,0.7142857313156128,0.7134199142456055
YKR096W,YDR246W,0,-0.07657207,0.09095920622348785,0.7142857313156128,0.7138528227806091
YAL043C,YDR289C,1,-0.07665099,0.09146005660295486,0.7186146974563599,0.7138528227806091
YBR189W,YJL089W,0,-0.07671167,0.09140969067811966,0.7186146974563599,0.7142857313156128
YIL147C,YDR513W,0,-0.076734245,0.09135938435792923,0.7186146974563599,0.7147186398506165
YOR018W,YMR207C,0,-0.077013195,0.09130913019180298,0.7186146974563599,0.7151514887809753
YJR131W,YMR149W,0,-0.077982396,0.0912589356303215,0.7186146974563599,0.715584397315979
YMR041C,YLR247C,0,-0.07825908,0.0912087932229042,0.7186146974563599,0.7160173058509827
YKR100C,YGL116W,0,-0.078339234,0.09115870296955109,0.7186146974563599,0.7164502143859863
YIL056W,YFR014C,0,-0.07885824,0.09110867232084274,0.7186146974563599,0.71688312292099
YML098W,YDR500C,0,-0.079618424,0.09105869382619858,0.7186146974563599,0.7173160314559937
YDR398W,YAL059W,0,-0.07966176,0.09100877493619919,0.7186146974563599,0.7177489399909973
YCR107W,YPL189W,0,-0.0797038,0.09095890074968338,0.7186146974563599,0.7181817889213562
YOR383C,YER015W,0,-0.079812154,0.09090909361839294,0.7186146974563599,0.7186146974563599
YBR038W,YDL093W,0,-0.07994144,0.09085933119058609,0.7186146974563599,0.7190476059913635
YGL006W,YGR030C,0,-0.07996497,0.09080962836742401,0.7186146974563599,0.7194805145263672
YHL026C,YHR080C,0,-0.08003248,0.09075997769832611,0.7186146974563599,0.7199134230613708
YML098W,YDR439W,0,-0.080077596,0.09071037918329239,0.7186146974563599,0.7203463315963745
YIL014W,YKR031C,0,-0.08017367,0.09066084027290344,0.7186146974563599,0.7207792401313782
YMR261C,YNL068C,0,-0.08075203,0.09061135351657867,0.7186146974563599,0.7212121486663818
YPL105C,YAL059W,0,-0.08090937,0.09056191891431808,0.7186146974563599,0.7216449975967407
YMR234W,YNR019W,0,-0.080931544,0.09051254391670227,0.7186146974563599,0.7220779061317444
YFL011W,YLL021W,0,-0.08094876,0.09046321362257004,0.7186146974563599,0.722510814666748
YJR046W,YHR090C,0,-0.081053734,0.09041394293308258,0.7186146974563599,0.7229437232017517
YLR430W,YDR289C,1,-0.0813707,0.09090909361839294,0.7229437232017517,0.7229437232017517
YDR228C,YGR156W,1,-0.08231972,0.09140370041131973,0.7272727489471436,0.7229437232017517
YHR158C,YDR469W,0,-0.08236684,0.09135399758815765,0.7272727489471436,0.7233766317367554
YOR048C,YIL131C,1,-0.08244736,0.09184782952070236,0.7316017150878906,0.7233766317367554
YLR426W,YDR471W,0,-0.08254498,0.09179793298244476,0.7316017150878906,0.723809540271759
YLR345W,YNL038W,0,-0.08282161,0.09174810349941254,0.7316017150878906,0.7242424488067627
YDR471W,YLR234W,0,-0.08380871,0.09169831871986389,0.7316017150878906,0.7246752977371216
YAL002W,YHR088W,0,-0.08395721,0.09164859354496002,0.7316017150878906,0.7251082062721252
YDL100C,YLR001C,0,-0.08396706,0.09159891307353973,0.7316017150878906,0.7255411148071289
YDR407C,YNL251C,0,-0.08408564,0.09154929220676422,0.7316017150878906,0.7259740233421326
YOR002W,YDR261C,0,-0.08429249,0.09149973094463348,0.7316017150878906,0.7264069318771362
YGL246C,YJL058C,0,-0.08429251,0.09145021438598633,0.7316017150878906,0.7268398404121399
YJR073C,YAL030W,0,-0.08438833,0.09140075743198395,0.7316017150878906,0.7272727489471436
YDR235W,YGL194C,0,-0.08503768,0.09135135263204575,0.7316017150878906,0.7277056574821472
YDL119C,YBR045C,0,-0.08534034,0.09130199998617172,0.7316017150878906,0.7281385064125061
YKL018W,YPL190C,1,-0.085457556,0.09179265797138214,0.7359307408332825,0.7281385064125061
YGR004W,YDR317W,0,-0.0858689,0.0917431190609932,0.7359307408332825,0.7285714149475098
YER044C-A,YOR250C,0,-0.08611685,0.09169363230466843,0.7359307408332825,0.7290043234825134
YBR211C,YAL026C,0,-0.086451635,0.09164420515298843,0.7359307408332825,0.7294372320175171
YGR161C,YMR153W,0,-0.087535225,0.09159483015537262,0.7359307408332825,0.7298701405525208
YLR215C,YPL156C,0,-0.08798095,0.09154549986124039,0.7359307408332825,0.7303030490875244
YLR083C,YLR004C,0,-0.08874193,0.09149622917175293,0.7359307408332825,0.7307359576225281
YBR254C,YDR179C,0,-0.08882731,0.09144701808691025,0.7359307408332825,0.731168806552887
YGR181W,YNL063W,0,-0.088828586,0.09139785170555115,0.7359307408332825,0.7316017150878906
YDR025W,YPL076W,0,-0.089261904,0.09134873747825623,0.7359307408332825,0.7320346236228943
YKL006C-A,YKR049C,0,-0.0897733,0.09129967540502548,0.7359307408332825,0.732467532157898
YNL137C,YJL127C,0,-0.08998569,0.09125067293643951,0.7359307408332825,0.7329004406929016
YJL096W,YER038C,0,-0.090041906,0.09120171517133713,0.7359307408332825,0.7333333492279053
YML059C,YKR077W,0,-0.090175554,0.09115281701087952,0.7359307408332825,0.7337662577629089
YAL002W,YCR016W,0,-0.09019753,0.09110396355390549,0.7359307408332825,0.7341991066932678
YDR201W,YIL043C,0,-0.09021054,0.09105516970157623,0.7359307408332825,0.7346320152282715
YOR048C,YGL246C,1,-0.09031685,0.09154175221920013,0.7402597665786743,0.7346320152282715
YLR284C,YIL144W,0,-0.09049768,0.09149277955293655,0.7402597665786743,0.7350649237632751
YIL156W,YOR262W,0,-0.09069902,0.09144385159015656,0.7402597665786743,0.7354978322982788
YPL193W,YPL006W,0,-0.09078329,0.09139497578144073,0.7402597665786743,0.7359307408332825
YBL056W,YIL144W,0,-0.091044664,0.09134615212678909,0.7402597665786743,0.7363636493682861
YMR110C,YNL048W,0,-0.09120096,0.09129738062620163,0.7402597665786743,0.7367965579032898
YDL189W,YBR016W,0,-0.09124611,0.09124866873025894,0.7402597665786743,0.7372294664382935
YLR239C,YJL127C,0,-0.09174375,0.09120000153779984,0.7402597665786743,0.7376623153686523
YNL233W,YDR280W,0,-0.092081815,0.09115138649940491,0.7402597665786743,0.738095223903656
YGR178C,YJL179W,0,-0.0923834,0.09110282361507416,0.7402597665786743,0.7385281324386597
YBL031W,YBR094W,0,-0.09238897,0.09105431288480759,0.7402597665786743,0.7389610409736633
YHR103W,YLR409C,0,-0.092604734,0.0910058543086052,0.7402597665786743,0.739393949508667
YGL196W,YDR437W,0,-0.0929355,0.09095744788646698,0.7402597665786743,0.7398268580436707
YHR001W-A,YNL288W,0,-0.09298682,0.09090909361839294,0.7402597665786743,0.7402597665786743
YKL032C,YOR341W,0,-0.093208045,0.09086078405380249,0.7402597665786743,0.7406926155090332
YLR430W,YOR179C,1,-0.09323813,0.09134360402822495,0.7445887327194214,0.7406926155090332
YEL027W,YDL149W,0,-0.093349405,0.09129511564970016,0.7445887327194214,0.7411255240440369
YER102W,YKR077W,0,-0.093867406,0.09124668687582016,0.7445887327194214,0.7415584325790405
YIL098C,YIL043C,0,-0.09451629,0.09119830280542374,0.7445887327194214,0.7419913411140442
YOR034C,YLR189C,0,-0.09499599,0.09114997088909149,0.7445887327194214,0.7424242496490479
YKR096W,YDR091C,0,-0.0956597,0.09110169857740402,0.7445887327194214,0.7428571581840515
YLR361C,YCR024C,0,-0.09577458,0.09105347096920013,0.7445887327194214,0.7432900667190552
YNL173C,YOR109W,0,-0.095807716,0.09100528806447983,0.7445887327194214,0.7437229156494141
YJR041C,YDR150W,0,-0.09590187,0.0909571647644043,0.7445887327194214,0.7441558241844177
YOR002W,YMR262W,0,-0.09603618,0.09090909361839294,0.7445887327194214,0.7445887327194214
YLR190W,YGR030C,0,-0.096122116,0.09086106717586517,0.7445887327194214,0.745021641254425
YDL091C,YBR086C,0,-0.09629287,0.09081309288740158,0.7445887327194214,0.7454545497894287
YKL197C,YDL119C,0,-0.09691122,0.09076517075300217,0.7445887327194214,0.7458874583244324
YOL078W,YGR142W,0,-0.097287446,0.09071730077266693,0.7445887327194214,0.746320366859436
YLR234W,YLR247C,0,-0.09733905,0.09066947549581528,0.7445887327194214,0.7467532753944397
YJR073C,YIL069C,0,-0.09779075,0.0906217098236084,0.7445887327194214,0.7471861243247986
YJL098W,YLR220W,0,-0.09869124,0.0905739888548851,0.7445887327194214,0.7476190328598022
YPL171C,YNL278W,0,-0.098734125,0.09052631258964539,0.7445887327194214,0.7480519413948059
YLR277C,YER133W,1,-0.09907523,0.09100473672151566,0.7489177584648132,0.7480519413948059
YGL196W,YNL216W,0,-0.09913453,0.09095688909292221,0.7489177584648132,0.7484848499298096
YIL056W,YLR466W,0,-0.0993363,0.09090909361839294,0.7489177584648132,0.7489177584648132
YLR367W,YKR034W,0,-0.099386126,0.09086134284734726,0.7489177584648132,0.7493506669998169
YLR115W,YPL190C,1,-0.0994382,0.09133858233690262,0.7532467246055603,0.7493506669998169
YDR235W,YJL180C,0,-0.099739626,0.0912906602025032,0.7532467246055603,0.7497835755348206
YDR040C,YMR001C,0,-0.09988575,0.09124279022216797,0.7532467246055603,0.7502164244651794
YLR039C,YHR096C,0,-0.10025157,0.09119496494531631,0.7532467246055603,0.7506493330001831
YOR320C,YOR227W,0,-0.100581095,0.09114719927310944,0.7532467246055603,0.7510822415351868
YER041W,YPR017C,0,-0.10082914,0.09109947830438614,0.7532467246055603,0.7515151500701904
YOR048C,YOR179C,1,-0.10091828,0.09157509356737137,0.7575757503509521,0.7515151500701904
YPR188C,YDR397C,0,-0.10108249,0.09152719378471375,0.7575757503509521,0.7519480586051941
YOL098C,YNL023C,0,-0.10138323,0.0914793536067009,0.7575757503509521,0.7523809671401978
YAL002W,YML057W,0,-0.10179591,0.09143155813217163,0.7575757503509521,0.7528138756752014
YJL089W,YNR037C,0,-0.10199213,0.09138381481170654,0.7575757503509521,0.7532467246055603
YNL251C,YGR156W,1,-0.1022046,0.09185803681612015,0.761904776096344,0.7532467246055603
YPL141C,YPR067W,0,-0.10224809,0.09181012213230133,0.761904776096344,0.753679633140564
YBR119W,YFR034C,0,-0.10235818,0.0917622521519661,0.761904776096344,0.7541125416755676
YDR325W,YKL043W,0,-0.10270405,0.09171443432569504,0.761904776096344,0.7545454502105713
YDR289C,YOR001W,0,-0.10295035,0.09166666865348816,0.761904776096344,0.754978358745575
YBR049C,YDR289C,1,-0.10342853,0.09213951230049133,0.7662337422370911,0.754978358745575
YLR118C,YOL029C,0,-0.10358608,0.09209156781435013,0.7662337422370911,0.7554112672805786
YHR113W,YLR115W,0,-0.10369861,0.0920436829328537,0.7662337422370911,0.7558441758155823
YKR075C,YOR357C,0,-0.104282044,0.09199584275484085,0.7662337422370911,0.7562770843505859
YEL020W-A,YER060W,0,-0.10451564,0.09194805473089218,0.7662337422370911,0.7567099332809448
YMR286W,YHR114W,0,-0.10474098,0.0919003114104271,0.7662337422370911,0.7571428418159485
YCL017C,YOR258W,0,-0.104751155,0.09185262024402618,0.7662337422370911,0.7575757503509521
YIL120W,YNL063W,0,-0.105148084,0.09180498123168945,0.7662337422370911,0.7580086588859558
YBR153W,YFL025C,0,-0.10520843,0.0917573869228363,0.7662337422370911,0.7584415674209595
YGR204W,YNL318C,0,-0.10520905,0.09170984476804733,0.7662337422370911,0.7588744759559631
YPR173C,YJL057C,0,-0.10572699,0.09166235476732254,0.7662337422370911,0.7593073844909668
YBR254C,YOR059C,0,-0.10574354,0.09161490947008133,0.7662337422370911,0.7597402334213257
YKL149C,YDR110W,0,-0.10575786,0.0915675088763237,0.7662337422370911,0.7601731419563293
YDL135C,YDR244W,0,-0.10579732,0.09152016788721085,0.7662337422370911,0.760606050491333
YLR054C,YJL168C,0,-0.10644278,0.09147287160158157,0.7662337422370911,0.7610389590263367
YBL087C,YKL077W,0,-0.10697019,0.09142562001943588,0.7662337422370911,0.7614718675613403
YHR035W,YNL161W,0,-0.10716541,0.09137842059135437,0.7662337422370911,0.761904776096344
YKR075C,YPR120C,0,-0.10717894,0.09133126586675644,0.7662337422370911,0.7623376846313477
YDL189W,YCL039W,0,-0.107186615,0.09128417074680328,0.7662337422370911,0.7627705335617065
YLR115W,YGR156W,1,-0.10728124,0.09175257384777069,0.7705627679824829,0.7627705335617065
YJL162C,YPR071W,0,-0.10728924,0.0917053073644638,0.7705627679824829,0.7632034420967102
YDR468C,YOR009W,0,-0.10786414,0.0916580855846405,0.7705627679824829,0.7636363506317139
YBR208C,YJL197W,0,-0.10787369,0.09161090850830078,0.7705627679824829,0.7640692591667175
YMR039C,YDR228C,1,-0.10818936,0.09207818657159805,0.7748917937278748,0.7640692591667175
YGL231C,YOR086C,0,-0.108297616,0.0920308455824852,0.7748917937278748,0.7645021677017212
YGL085W,YMR118C,0,-0.10843956,0.09198355674743652,0.7748917937278748,0.7649350762367249
YCL029C,YPR131C,0,-0.108534336,0.09193631261587143,0.7748917937278748,0.7653679847717285
YDL106C,YFR014C,0,-0.10874714,0.09188912063837051,0.7748917937278748,0.7658008933067322
YKL194C,YOR026W,0,-0.109442174,0.09184197336435318,0.7748917937278748,0.7662337422370911
YGL096W,YDR190C,0,-0.109574236,0.09179487079381943,0.7748917937278748,0.7666666507720947
YPR055W,YDL223C,0,-0.10958106,0.09174782037734985,0.7748917937278748,0.7670995593070984
YPR148C,YCR018C,0,-0.11006051,0.09170082211494446,0.7748917937278748,0.767532467842102
YIL119C,YER139C,0,-0.11031164,0.09165386855602264,0.7748917937278748,0.7679653763771057
YFR024C-A,YKL129C,0,-0.11035285,0.09160695970058441,0.7748917937278748,0.7683982849121094
YOR048C,YDR301W,1,-0.11067708,0.09207160770893097,0.7792207598686218,0.7683982849121094
YBR091C,YGR122W,0,-0.110949874,0.0920245423913002,0.7792207598686218,0.768831193447113
YHL038C,YLR277C,0,-0.11107135,0.09197751432657242,0.7792207598686218,0.7692640423774719
YJR042W,YPL168W,0,-0.11111866,0.09193053841590881,0.7792207598686218,0.7696969509124756
YBR121C,YPL190C,1,-0.11189859,0.09239407628774643,0.7835497856140137,0.7696969509124756
YOR267C,YER028C,0,-0.11194541,0.09234693646430969,0.7835497856140137,0.7701298594474792
YDR372C,YEL044W,0,-0.11205941,0.09229984879493713,0.7835497856140137,0.7705627679824829
YLR239C,YPL120W,0,-0.11213352,0.09225280582904816,0.7835497856140137,0.7709956765174866
YML041C,YGL006W,0,-0.11232709,0.09220580756664276,0.7835497856140137,0.7714285850524902
YBR054W,YCL035C,0,-0.1123787,0.09215886145830154,0.7835497856140137,0.7718614935874939
YDR195W,YOR179C,1,-0.11260627,0.0926208645105362,0.7878788113594055,0.7718614935874939
YOR236W,YBR208C,0,-0.11273074,0.09257375448942184,0.7878788113594055,0.7722943425178528
YDR284C,YCL067C,0,-0.112838194,0.09252668917179108,0.7878788113594055,0.7727272510528564
YGR057C,YDL223C,0,-0.11304079,0.09247967600822449,0.7878788113594055,0.7731601595878601
YML067C,YMR195W,0,-0.11309532,0.09243270754814148,0.7878788113594055,0.7735930681228638
YKL141W,YDL235C,0,-0.11322188,0.09238578379154205,0.7878788113594055,0.7740259766578674
YGL073W,YBR211C,0,-0.11334644,0.0923389121890068,0.7878788113594055,0.7744588851928711
YOL042W,YLR054C,0,-0.11381784,0.09229209274053574,0.7878788113594055,0.7748917937278748
YEL039C,YDR399W,0,-0.1138567,0.09224531054496765,0.7878788113594055,0.7753247022628784
YDR289C,YJR017C,1,-0.1138912,0.09270516782999039,0.7922077775001526,0.7753247022628784
YNL024C,YJL197W,0,-0.11403006,0.09265822917222977,0.7922077775001526,0.7757575511932373
YDL240W,YDR430C,0,-0.11420658,0.09261133521795273,0.7922077775001526,0.776190459728241
YBR065C,YHR020W,0,-0.114764825,0.09256449341773987,0.7922077775001526,0.7766233682632446
YDR212W,YIL009W,0,-0.11478667,0.09251769632101059,0.7922077775001526,0.7770562767982483
YHR111W,YHL011C,0,-0.1153131,0.09247094392776489,0.7922077775001526,0.777489185333252
YJL058C,YPL145C,0,-0.11535804,0.09242424368858337,0.7922077775001526,0.7779220938682556
YGL058W,YKL087C,0,-0.11551422,0.09237758815288544,0.7922077775001526,0.7783550024032593
YOR236W,YPR100W,0,-0.115633324,0.09233097732067108,0.7922077775001526,0.7787878513336182
YKR053C,YML092C,0,-0.11592752,0.0922844186425209,0.7922077775001526,0.7792207598686218
YLR019W,YHL035C,0,-0.115968004,0.09223790466785431,0.7922077775001526,0.7796536684036255
YGR205W,YOL132W,0,-0.11663015,0.0921914353966713,0.7922077775001526,0.7800865769386292
YOR002W,YDR399W,0,-0.11689628,0.09214501827955246,0.7922077775001526,0.7805194854736328
YML067C,YOR241W,0,-0.11728506,0.09209863841533661,0.7922077775001526,0.7809523940086365
YDR372C,YKR007W,0,-0.117522106,0.09205231070518494,0.7922077775001526,0.7813853025436401
YHR185C,YGL061C,0,-0.11779116,0.09200603514909744,0.7922077775001526,0.7818182110786438
YDR075W,YDR384C,0,-0.11835255,0.09195979684591293,0.7922077775001526,0.7822510600090027
YOR027W,YOR241W,0,-0.118686005,0.0919136106967926,0.7922077775001526,0.7826839685440063
YDL091C,YPL013C,0,-0.11870673,0.09186746925115585,0.7922077775001526,0.78311687707901
YGR181W,YCR036W,0,-0.11882831,0.09182137250900269,0.7922077775001526,0.7835497856140137
YPL138C,YDR284C,0,-0.118868396,0.0917753279209137,0.7922077775001526,0.7839826941490173
YPR008W,YOR132W,0,-0.11901951,0.09172932058572769,0.7922077775001526,0.784415602684021
YKR078W,YMR081C,0,-0.11947794,0.09168336540460587,0.7922077775001526,0.7848485112190247
YHR035W,YLR223C,0,-0.119523,0.09163745492696762,0.7922077775001526,0.7852813601493835
YKL048C,YLR382C,0,-0.11997701,0.09159158915281296,0.7922077775001526,0.7857142686843872
YDR513W,YCL039W,0,-0.12002352,0.09154577553272247,0.7922077775001526,0.7861471772193909
YJR150C,YEL032W,0,-0.12009676,0.09149999916553497,0.7922077775001526,0.7865800857543945
YDL135C,YBR086C,0,-0.1201251,0.09145427495241165,0.7922077775001526,0.7870129942893982
YDR178W,YJR131W,0,-0.12026341,0.09140858799219131,0.7922077775001526,0.7874459028244019
YMR039C,YGR156W,1,-0.12086478,0.09186220914125443,0.7965368032455444,0.7874459028244019
YDL100C,YCR021C,0,-0.12088637,0.09181636571884155,0.7965368032455444,0.7878788113594055
YGR202C,YOL122C,0,-0.12112065,0.09177057445049286,0.7965368032455444,0.7883116602897644
YJL045W,YHR001W-A,0,-0.121797875,0.09172482788562775,0.7965368032455444,0.7887445688247681
YDR122W,YLR060W,0,-0.12216671,0.09167912602424622,0.7965368032455444,0.7891774773597717
YML107C,YGL195W,0,-0.12310742,0.09163346886634827,0.7965368032455444,0.7896103858947754
YLR247C,YKL051W,0,-0.12336518,0.0915878564119339,0.7965368032455444,0.790043294429779
YPL010W,YOR259C,0,-0.12394826,0.09154228866100311,0.7965368032455444,0.7904762029647827
YPL116W,YPL040C,0,-0.1242172,0.09149676561355591,0.7965368032455444,0.7909091114997864
YLR007W,YOL029C,0,-0.12446734,0.09145129472017288,0.7965368032455444,0.79134202003479
YLR039C,YLR260W,0,-0.124846205,0.09140586107969284,0.7965368032455444,0.7917748689651489
YLR430W,YJR017C,1,-0.12489554,0.09185700118541718,0.8008658289909363,0.7917748689651489
YOR266W,YGR260W,0,-0.12588818,0.0918114110827446,0.8008658289909363,0.7922077775001526
YIL014W,YHL011C,0,-0.12589142,0.0917658731341362,0.8008658289909363,0.7926406860351562
YDR195W,YDR289C,1,-0.12611379,0.09221616387367249,0.8051947951316833,0.7926406860351562
YBR146W,YNL161W,0,-0.12612708,0.09217046946287155,0.8051947951316833,0.7930735945701599
YDR435C,YKL080W,0,-0.12628888,0.0921248123049736,0.8051947951316833,0.7935065031051636
YJR132W,YDR176W,0,-0.12635131,0.09207920730113983,0.8051947951316833,0.7939394116401672
YOR090C,YCR018C,0,-0.12654546,0.09203364700078964,0.8051947951316833,0.7943723201751709
YOR179C,YNL222W,1,-0.12657125,0.09248269349336624,0.8095238208770752,0.7943723201751709
YNL145W,YGR044C,0,-0.12788203,0.09243697673082352,0.8095238208770752,0.7948051691055298
YDR375C,YOR189W,0,-0.127887,0.09239130467176437,0.8095238208770752,0.7952380776405334
YLR039C,YGR005C,0,-0.12847175,0.09234567731618881,0.8095238208770752,0.7956709861755371
YOR320C,YBR188C,0,-0.12858233,0.09230010211467743,0.8095238208770752,0.7961038947105408
YNL103W,YJR102C,0,-0.12876911,0.09225456416606903,0.8095238208770752,0.7965368032455444
YPL190C,YDR289C,1,-0.12886152,0.09270217269659042,0.8138527870178223,0.7965368032455444
YHR170W,YPR086W,0,-0.12893721,0.09265647828578949,0.8138527870178223,0.7969697117805481
YLR215C,YGL053W,0,-0.12930638,0.09261083602905273,0.8138527870178223,0.7974026203155518
YPL105C,YER081W,0,-0.12937845,0.09256523847579956,0.8138527870178223,0.7978354692459106
YLR181C,YBR212W,0,-0.12943648,0.09251968562602997,0.8138527870178223,0.7982683777809143
YGR099W,YCL044C,0,-0.13016386,0.09247417747974396,0.8138527870178223,0.798701286315918
YCR086W,YKL054C,0,-0.13036267,0.09242871403694153,0.8138527870178223,0.7991341948509216
YOR048C,YER133W,1,-0.1311222,0.0928746908903122,0.8181818127632141,0.7991341948509216
YPR175W,YDR110W,0,-0.1314051,0.09282907843589783,0.8181818127632141,0.7995671033859253
YDR150W,YHL015W,0,-0.1314163,0.09278350323438644,0.8181818127632141,0.800000011920929
YGR178C,YPL040C,0,-0.13164781,0.09273798018693924,0.8181818127632141,0.8004329204559326
YCL016C,YFR038W,0,-0.13201857,0.09269249439239502,0.8181818127632141,0.8008658289909363
YMR039C,YIL131C,1,-0.13305373,0.09313725680112839,0.822510838508606,0.8008658289909363
YBR003W,YML016C,0,-0.13422416,0.09309162199497223,0.822510838508606,0.8012986779212952
YGL093W,YBL051C,0,-0.13522755,0.09304603189229965,0.822510838508606,0.8017315864562988
YDR204W,YGR142W,0,-0.13553388,0.09300048649311066,0.822510838508606,0.8021644949913025
YNL054W,YCL067C,0,-0.13559383,0.09295499324798584,0.822510838508606,0.8025974035263062
YDR301W,YPL190C,1,-0.13559416,0.09339853376150131,0.826839804649353,0.8025974035263062
YDL160C,YKL149C,0,-0.13569601,0.09335288405418396,0.826839804649353,0.8030303120613098
YML081W,YPR105C,0,-0.13634773,0.09330727905035019,0.826839804649353,0.8034632205963135
YMR091C,YGL111W,0,-0.13650736,0.09326171875,0.826839804649353,0.8038961291313171
YOR363C,YHR033W,0,-0.13666226,0.09321620315313339,0.826839804649353,0.804328978061676
YOR271C,YNL066W,0,-0.13696413,0.09317073225975037,0.826839804649353,0.8047618865966797
YGL196W,YPL168W,0,-0.1370008,0.09312530606985092,0.826839804649353,0.8051947951316833
YPR106W,YKL002W,0,-0.13703273,0.09307992458343506,0.826839804649353,0.805627703666687
YLR277C,YDR228C,1,-0.13794564,0.09352167695760727,0.8311688303947449,0.805627703666687
YGR082W,YEL006W,0,-0.13896887,0.09347614645957947,0.8311688303947449,0.8060606122016907
YKR078W,YDL220C,0,-0.13899282,0.09343065321445465,0.8311688303947449,0.8064935207366943
YOR065W,YJL180C,0,-0.13904189,0.09338521212339401,0.8311688303947449,0.806926429271698
YBR101C,YPR095C,0,-0.13967234,0.09333981573581696,0.8311688303947449,0.8073592782020569
YHR090C,YLR352W,0,-0.13982435,0.09329446405172348,0.8311688303947449,0.8077921867370605
YDL135C,YIL018W,0,-0.1400875,0.09324914962053299,0.8311688303947449,0.8082250952720642
YGR217W,YGL078C,0,-0.14016117,0.09320387989282608,0.8311688303947449,0.8086580038070679
YBR023C,YGL151W,0,-0.14019234,0.09315866231918335,0.8311688303947449,0.8090909123420715
YDR189W,YPR057W,0,-0.14020942,0.0931134819984436,0.8311688303947449,0.8095238208770752
YJL094C,YNR052C,0,-0.14037885,0.09306834638118744,0.8311688303947449,0.8099567294120789
YFL025C,YDR301W,0,-0.14076091,0.09302325546741486,0.8311688303947449,0.8103896379470825
YKL132C,YNL216W,0,-0.14177747,0.09297820925712585,0.8311688303947449,0.8108224868774414
YDR300C,YDL134C,0,-0.14206152,0.09293320775032043,0.8311688303947449,0.8112553954124451
YEL005C,YBR162W-A,0,-0.14245091,0.092888243496418,0.8311688303947449,0.8116883039474487
YML107C,YGR094W,0,-0.1440029,0.09284332394599915,0.8311688303947449,0.8121212124824524
YBR049C,YER133W,1,-0.14476962,0.09328177571296692,0.8354978561401367,0.8121212124824524
YBL005W,YBR028C,0,-0.14553623,0.09323671460151672,0.8354978561401367,0.812554121017456
YCR016W,YPL117C,0,-0.14621271,0.09319169819355011,0.8354978561401367,0.8129870295524597
YEL020W-A,YML013W,0,-0.14640631,0.09314671903848648,0.8354978561401367,0.8134199380874634
YLR190W,YNL278W,0,-0.14672028,0.09310178458690643,0.8354978561401367,0.8138527870178223
YGR103W,YNL243W,0,-0.1470293,0.09305689483880997,0.8354978561401367,0.8142856955528259
YOL098C,YOL052C-A,0,-0.14776763,0.09301204979419708,0.8354978561401367,0.8147186040878296
YMR059W,YEL051W,0,-0.14794257,0.09296724200248718,0.8354978561401367,0.8151515126228333
YOL076W,YLR181C,0,-0.14808765,0.09292248636484146,0.8354978561401367,0.8155844211578369
YGR082W,YFL005W,0,-0.14827368,0.09287776798009872,0.8354978561401367,0.8160173296928406
YOR192C,YHR110W,0,-0.1485074,0.09283309429883957,0.8354978561401367,0.8164502382278442
YNL246W,YER032W,0,-0.14862493,0.0927884578704834,0.8354978561401367,0.8168830871582031
YIL120W,YOR079C,0,-0.14872482,0.0927438735961914,0.8354978561401367,0.8173159956932068
YER133W,YDR289C,1,-0.14981134,0.09317963570356369,0.8398268222808838,0.8173159956932068
YIL036W,YIL119C,0,-0.14993085,0.09313490241765976,0.8398268222808838,0.8177489042282104
YHL017W,YDR309C,0,-0.1501591,0.09309021383523941,0.8398268222808838,0.8181818127632141
YCR024C,YNL288W,0,-0.15054367,0.09304556250572205,0.8398268222808838,0.8186147212982178
YDL093W,YDL113C,0,-0.15097913,0.09300095587968826,0.8398268222808838,0.8190476298332214
YDR160W,YLR092W,0,-0.1513765,0.09295639395713806,0.8398268222808838,0.8194805383682251
YOR034C,YHR122W,0,-0.15174223,0.09291187673807144,0.8398268222808838,0.8199134469032288
YGL053W,YDR301W,0,-0.1523724,0.0928674042224884,0.8398268222808838,0.8203462958335876
YER109C,YGL058W,0,-0.15347105,0.09282296895980835,0.8398268222808838,0.8207792043685913
YKL149C,YPR175W,0,-0.15355085,0.09277857840061188,0.8398268222808838,0.821212112903595
YML045W,YFL011W,0,-0.15364651,0.09273422509431839,0.8398268222808838,0.8216450214385986
YPR128C,YBR121C,0,-0.15386994,0.09268991649150848,0.8398268222808838,0.8220779299736023
YBR121C,YER133W,1,-0.15467902,0.09312321245670319,0.8441558480262756,0.8220779299736023
YLR067C,YGR040W,0,-0.15491466,0.09307876229286194,0.8441558480262756,0.822510838508606
YPR046W,YOR254C,0,-0.15502888,0.09303434938192368,0.8441558480262756,0.8229437470436096
YPL190C,YIL131C,1,-0.15518858,0.0934668555855751,0.8484848737716675,0.8229437470436096
YDR045C,YDR406W,0,-0.15545915,0.0934223085641861,0.8484848737716675,0.8233765959739685
YPL063W,YLL057C,0,-0.15560986,0.09337779879570007,0.8484848737716675,0.8238095045089722
YBR272C,YPL248C,0,-0.15563351,0.09333333373069763,0.8484848737716675,0.8242424130439758
YAL051W,YMR237W,0,-0.15823093,0.09328891336917877,0.8484848737716675,0.8246753215789795
YGL167C,YHR114W,0,-0.15910986,0.0932445302605629,0.8484848737716675,0.8251082301139832
YPL137C,YBR043C,0,-0.15977286,0.0932001918554306,0.8484848737716675,0.8255411386489868
YPR055W,YDR041W,0,-0.15984742,0.0931558907032013,0.8484848737716675,0.8259740471839905
YNL054W,YHR201C,0,-0.16038872,0.09311164170503616,0.8484848737716675,0.8264069557189941
YMR275C,YDR301W,0,-0.16126145,0.09306742995977402,0.8484848737716675,0.826839804649353
YKL141W,YGL226W,0,-0.16153711,0.09302325546741486,0.8484848737716675,0.8272727131843567
YBR279W,YGL219C,0,-0.1617182,0.09297912567853928,0.8484848737716675,0.8277056217193604
YER063W,YKL040C,0,-0.16222836,0.09293504059314728,0.8484848737716675,0.828138530254364
YOR016C,YDR148C,0,-0.16254933,0.09289099276065826,0.8484848737716675,0.8285714387893677
YLR131C,YDR235W,0,-0.16272767,0.09284698963165283,0.8484848737716675,0.8290043473243713
YIL007C,YKL063C,0,-0.16301341,0.09280303120613098,0.8484848737716675,0.829437255859375
YPR133C,YHR133C,0,-0.16333683,0.09275911003351212,0.8484848737716675,0.8298701047897339
YHR146W,YLR259C,0,-0.16353002,0.09271523356437683,0.8484848737716675,0.8303030133247375
YML107C,YKL052C,0,-0.16435722,0.09267139434814453,0.8484848737716675,0.8307359218597412
YOR179C,YNL251C,1,-0.16499893,0.09310019016265869,0.8528138399124146,0.8307359218597412
YMR105C,YMR207C,0,-0.16529952,0.09305620938539505,0.8528138399124146,0.8311688303947449
YNR048W,YML004C,0,-0.16537444,0.09301227331161499,0.8528138399124146,0.8316017389297485
YKL185W,YGR078C,0,-0.16570692,0.09296838194131851,0.8528138399124146,0.8320346474647522
YJR123W,YDR289C,0,-0.16640393,0.09292452782392502,0.8528138399124146,0.8324675559997559
YER093C,YOR026W,0,-0.16647933,0.0928807184100151,0.8528138399124146,0.8329004049301147
YJL096W,YDR009W,0,-0.16653812,0.09283694624900818,0.8528138399124146,0.8333333134651184
YPL171C,YER102W,0,-0.16665797,0.09279321879148483,0.8528138399124146,0.8337662220001221
YOL042W,YDR439W,0,-0.16677985,0.09274952858686447,0.8528138399124146,0.8341991305351257
YBR212W,YMR118C,0,-0.16697924,0.09270588308572769,0.8528138399124146,0.8346320390701294
YDL105W,YDR365C,0,-0.16733074,0.0926622748374939,0.8528138399124146,0.8350649476051331
YOR157C,YNL317W,0,-0.16761546,0.09261871129274368,0.8528138399124146,0.8354978561401367
YEL044W,YNL176C,0,-0.16774683,0.09257518500089645,0.8528138399124146,0.8359307646751404
YGR082W,YDL243C,0,-0.16785456,0.0925317034125328,0.8528138399124146,0.8363636136054993
YGL098W,YPR071W,0,-0.1681837,0.09248826652765274,0.8528138399124146,0.8367965221405029
YDR160W,YBR272C,0,-0.1683575,0.09244485944509506,0.8528138399124146,0.8372294306755066
YER133W,YNL251C,1,-0.16882169,0.09287054091691971,0.8571428656578064,0.8372294306755066
YAL043C,YBR121C,1,-0.16893211,0.09329582750797272,0.8614718317985535,0.8372294306755066
YKR096W,YML061C,0,-0.16917749,0.09325210750102997,0.8614718317985535,0.8376623392105103
YGL107C,YMR156C,0,-0.16934326,0.0932084321975708,0.8614718317985535,0.8380952477455139
YNL250W,YHL038C,0,-0.1697969,0.09316479414701462,0.8614718317985535,0.8385281562805176
YJR073C,YOR357C,0,-0.17003654,0.09312120079994202,0.8614718317985535,0.8389610648155212
YGL067W,YGR253C,0,-0.17020485,0.0930776447057724,0.8614718317985535,0.8393939137458801
YPL176C,YBR094W,0,-0.1702724,0.09303412586450577,0.8614718317985535,0.8398268222808838
YBL056W,YNL286W,0,-0.17031303,0.09299065172672272,0.8614718317985535,0.8402597308158875
YKL033W,YFR053C,0,-0.1703945,0.09294722229242325,0.8614718317985535,0.8406926393508911
YGL231C,YEL044W,0,-0.17161398,0.09290383011102676,0.8614718317985535,0.8411255478858948
YPL115C,YKL150W,0,-0.17162172,0.09286047518253326,0.8614718317985535,0.8415584564208984
YGL189C,YMR149W,0,-0.1718443,0.09281716495752335,0.8614718317985535,0.8419913649559021
YNL243W,YIL098C,0,-0.17199734,0.09277389198541641,0.8614718317985535,0.842424213886261
YNL263C,YMR237W,0,-0.17249219,0.09273066371679306,0.8614718317985535,0.8428571224212646
YMR286W,YDL093W,0,-0.17280236,0.09268747270107269,0.8614718317985535,0.8432900309562683
YPL018W,YHR114W,0,-0.17368273,0.09264431893825531,0.8614718317985535,0.843722939491272
YNR052C,YDR135C,0,-0.17421484,0.09260120987892151,0.8614718317985535,0.8441558480262756
YDR261C,YPR120C,0,-0.17434354,0.09255813807249069,0.8614718317985535,0.8445887565612793
YDR129C,YPL130W,0,-0.17438965,0.09251511096954346,0.8614718317985535,0.845021665096283
YDR377W,YLR442C,0,-0.17444442,0.0924721211194992,0.8614718317985535,0.8454545736312866
YJL212C,YKL080W,0,-0.17489965,0.09242916852235794,0.8614718317985535,0.8458874225616455
YOR193W,YHR138C,0,-0.17529906,0.09238626062870026,0.8614718317985535,0.8463203310966492
YIL019W,YDR227W,0,-0.17562734,0.09234338998794556,0.8614718317985535,0.8467532396316528
YDR308C,YER081W,0,-0.17568521,0.09230055660009384,0.8614718317985535,0.8471861481666565
YJL094C,YDR284C,0,-0.17570615,0.09225776791572571,0.8614718317985535,0.8476190567016602
YML011C,YGR202C,0,-0.17622836,0.09221501648426056,0.8614718317985535,0.8480519652366638
YAL015C,YDR009W,0,-0.17633997,0.0921723023056984,0.8614718317985535,0.8484848737716675
YAL068C,YKL005C,0,-0.1763658,0.09212963283061981,0.8614718317985535,0.8489177227020264
YPL224C,YOR001W,0,-0.17652804,0.09208699315786362,0.8614718317985535,0.84935063123703
YGL243W,YPL130W,0,-0.1766432,0.0920444056391716,0.8614718317985535,0.8497835397720337
YJL094C,YOR048C,0,-0.176925,0.09200184792280197,0.8614718317985535,0.8502164483070374
YER014W,YLR382C,0,-0.17716797,0.09195933490991592,0.8614718317985535,0.850649356842041
YNL286W,YLR011W,0,-0.17747381,0.09191685914993286,0.8614718317985535,0.8510822653770447
YNL103W,YMR081C,0,-0.17821752,0.09187442064285278,0.8614718317985535,0.8515151739120483
YPL140C,YMR055C,0,-0.17846687,0.09183202683925629,0.8614718317985535,0.8519480228424072
YGR099W,YGL226W,0,-0.17936975,0.09178967028856277,0.8614718317985535,0.8523809313774109
YGL196W,YPL161C,0,-0.17940871,0.09174735099077225,0.8614718317985535,0.8528138399124146
YDR359C,YMR149W,0,-0.17946583,0.0917050689458847,0.8614718317985535,0.8532467484474182
YOR018W,YOR358W,0,-0.1795486,0.09166283160448074,0.8614718317985535,0.8536796569824219
YEL039C,YNR052C,0,-0.17994668,0.09162062406539917,0.8614718317985535,0.8541125655174255
YDR078C,YOL095C,0,-0.18016754,0.09157846122980118,0.8614718317985535,0.8545454740524292
YOR034C,YNL176C,0,-0.18071033,0.09153633564710617,0.8614718317985535,0.8549783825874329
YGL246C,YGR156W,1,-0.18078364,0.09195402264595032,0.8658008575439453,0.8549783825874329
YDR317W,YMR131C,0,-0.18083797,0.09191176295280457,0.8658008575439453,0.8554112315177917
YGL053W,YDR261C,0,-0.18099861,0.0918695479631424,0.8658008575439453,0.8558441400527954
YJR048W,YCR091W,0,-0.18135883,0.09182736277580261,0.8658008575439453,0.8562770485877991
YML107C,YBR169C,0,-0.1819842,0.09178522229194641,0.8658008575439453,0.8567099571228027
YDR308C,YOL116W,0,-0.18205512,0.0917431190609932,0.8658008575439453,0.8571428656578064
YLR277C,YOR179C,1,-0.18221451,0.09215956181287766,0.8701298832893372,0.8571428656578064
YKR093W,YER062C,0,-0.18254162,0.0921173244714737,0.8701298832893372,0.8575757741928101
YGR283C,YDR365C,0,-0.1826111,0.09207512438297272,0.8701298832893372,0.8580086827278137
YCR045C,YKL054C,0,-0.18290736,0.09203296899795532,0.8701298832893372,0.8584415316581726
YDR515W,YMR177W,0,-0.18314256,0.09199084341526031,0.8701298832893372,0.8588744401931763
YNL054W,YLR181C,0,-0.18323843,0.09194876253604889,0.8701298832893372,0.8593073487281799
YDR261C,YKL040C,0,-0.18334374,0.09190671890974045,0.8701298832893372,0.8597402572631836
YDR372C,YBL014C,0,-0.18372665,0.09186471998691559,0.8701298832893372,0.8601731657981873
YPR095C,YNL059C,0,-0.18384817,0.09182275086641312,0.8701298832893372,0.8606060743331909
YDR212W,YHL025W,0,-0.18416236,0.09178081899881363,0.8701298832893372,0.8610389828681946
YPL137C,YHR149C,0,-0.18505205,0.09173893183469772,0.8701298832893372,0.8614718317985535
YOR189W,YAL068C,0,-0.18509635,0.0916970819234848,0.8701298832893372,0.8619047403335571
YLR007W,YDL076C,0,-0.18510446,0.09165526926517487,0.8701298832893372,0.8623376488685608
YOL154W,YDL189W,0,-0.18546174,0.09161349385976791,0.8701298832893372,0.8627705574035645
YCL054W,YGL127C,0,-0.18558355,0.09157175570726395,0.8701298832893372,0.8632034659385681
YLR239C,YCL051W,0,-0.18564014,0.09153005480766296,0.8701298832893372,0.8636363744735718
YDR100W,YDR021W,0,-0.18565726,0.09148839116096497,0.8701298832893372,0.8640692830085754
YCR045C,YGR266W,0,-0.18614462,0.09144677221775055,0.8701298832893372,0.8645021915435791
YJR109C,YKR034W,0,-0.18670599,0.09140518307685852,0.8701298832893372,0.864935040473938
YDR100W,YML096W,0,-0.18672387,0.09136363863945007,0.8701298832893372,0.8653679490089417
YML045W,YNR019W,0,-0.18711515,0.09132212400436401,0.8701298832893372,0.8658008575439453
YDR301W,YOR179C,1,-0.18783988,0.09173478931188583,0.8744588494300842,0.8658008575439453
YDR178W,YDR406W,0,-0.18789303,0.09169314801692963,0.8744588494300842,0.866233766078949
YKR085C,YJL058C,0,-0.1884496,0.0916515439748764,0.8744588494300842,0.8666666746139526
YOR191W,YDR308C,0,-0.1893092,0.09160997718572617,0.8744588494300842,0.8670995831489563
YHR185C,YDR365C,0,-0.1897278,0.09156844764947891,0.8744588494300842,0.86753249168396
YLR223C,YDR384C,0,-0.19111435,0.09152696281671524,0.8744588494300842,0.8679653406143188
YMR039C,YNL251C,1,-0.19154441,0.09193840622901917,0.8787878751754761,0.8679653406143188
YGR055W,YMR110C,0,-0.1916376,0.09189678728580475,0.8787878751754761,0.8683982491493225
YDR189W,YGL045W,0,-0.19203003,0.09185520559549332,0.8787878751754761,0.8688311576843262
YGR057C,YGL127C,0,-0.19296393,0.09181366115808487,0.8787878751754761,0.8692640662193298
YKL145W,YBR089C-A,0,-0.19336033,0.0917721539735794,0.8787878751754761,0.8696969747543335
YOR101W,YBL008W,0,-0.19405745,0.09173068404197693,0.8787878751754761,0.8701298832893372
YDR127W,YDR105C,0,-0.19421871,0.09168925136327744,0.8787878751754761,0.8705627918243408
YGL167C,YPL253C,0,-0.1952455,0.09164785593748093,0.8787878751754761,0.8709957003593445
YNL181W,YMR153W,0,-0.19535644,0.0916064977645874,0.8787878751754761,0.8714285492897034
YDR482C,YGR030C,0,-0.1960936,0.09156517684459686,0.8787878751754761,0.871861457824707
YPR105C,YJR096W,0,-0.19676393,0.09152389317750931,0.8787878751754761,0.8722943663597107
YDR427W,YKL040C,0,-0.19695987,0.09148264676332474,0.8787878751754761,0.8727272748947144
YJR153W,YGR005C,0,-0.19707708,0.09144144505262375,0.8787878751754761,0.873160183429718
YOL042W,YKL039W,0,-0.19759469,0.09140027314424515,0.8787878751754761,0.8735930919647217
YCR105W,YBL051C,0,-0.19790976,0.09135913848876953,0.8787878751754761,0.8740260004997253
YCL017C,YGR078C,0,-0.19812736,0.0913180410861969,0.8787878751754761,0.8744588494300842
YBR107C,YDR045C,0,-0.19825144,0.09127698093652725,0.8787878751754761,0.8748917579650879
YPR106W,YPR105C,0,-0.19826162,0.09123595803976059,0.8787878751754761,0.8753246665000916
YDL240W,YCR005C,0,-0.19863911,0.09119496494531631,0.8787878751754761,0.8757575750350952
YNL263C,YCR036W,0,-0.19881047,0.09115401655435562,0.8787878751754761,0.8761904835700989
YML021C,YOR316C,0,-0.19893564,0.09111310541629791,0.8787878751754761,0.8766233921051025
YCL017C,YGR260W,0,-0.19937961,0.09107223153114319,0.8787878751754761,0.8770563006401062
YFR047C,YPR105C,0,-0.20008962,0.09103138744831085,0.8787878751754761,0.8774891495704651
YML023C,YNR038W,0,-0.20011994,0.0909905880689621,0.8787878751754761,0.8779220581054688
YOR079C,YPL049C,0,-0.20157266,0.09094981849193573,0.8787878751754761,0.8783549666404724
YNL103W,YLR037C,0,-0.20163678,0.09090909361839294,0.8787878751754761,0.8787878751754761
YML023C,YER167W,0,-0.2018376,0.09086839854717255,0.8787878751754761,0.8792207837104797
YDR328C,YJL196C,0,-0.20194982,0.09082774072885513,0.8787878751754761,0.8796536922454834
YBR029C,YLR337C,0,-0.20215939,0.0907871201634407,0.8787878751754761,0.8800866007804871
YGR099W,YGL126W,0,-0.20345053,0.09074653685092926,0.8787878751754761,0.8805195093154907
YMR039C,YER133W,1,-0.20431116,0.09115281701087952,0.8831169009208679,0.8805195093154907
YOR189W,YCL064C,0,-0.20548443,0.09111210703849792,0.8831169009208679,0.8809523582458496
YIL118W,YMR072W,0,-0.20737635,0.09107142686843872,0.8831169009208679,0.8813852667808533
YDR023W,YJL083W,0,-0.20758721,0.0910307914018631,0.8831169009208679,0.8818181753158569
YML011C,YPL006W,0,-0.20770884,0.09099018573760986,0.8831169009208679,0.8822510838508606
YLR430W,YER133W,1,-0.2078765,0.09139545261859894,0.887445867061615,0.8822510838508606
YDR195W,YMR039C,1,-0.20839064,0.09180035442113876,0.8917748928070068,0.8822510838508606
YKL018W,YLR115W,1,-0.20926555,0.09220489859580994,0.8961039185523987,0.8822510838508606
YPR173C,YDR234W,0,-0.2100039,0.09216384589672089,0.8961039185523987,0.8826839923858643
YOR316C,YIL087C,0,-0.21004196,0.09212283045053482,0.8961039185523987,0.8831169009208679
YNL176C,YBR045C,0,-0.21115151,0.09208185225725174,0.8961039185523987,0.8835498094558716
YGR208W,YKL099C,0,-0.2114712,0.09204090386629105,0.8961039185523987,0.8839826583862305
YDR150W,YCR021C,0,-0.21186975,0.09200000017881393,0.8961039185523987,0.8844155669212341
YJL127C,YGL129C,0,-0.21203575,0.09195912629365921,0.8961039185523987,0.8848484754562378
YKL191W,YLR466W,0,-0.21210611,0.09191829711198807,0.8961039185523987,0.8852813839912415
YDR244W,YDR317W,0,-0.21213455,0.09187749773263931,0.8961039185523987,0.8857142925262451
YNR048W,YPL145C,0,-0.21237846,0.09183673560619354,0.8961039185523987,0.8861472010612488
YPL225W,YPL210C,0,-0.21253125,0.09179601073265076,0.8961039185523987,0.8865801095962524
YGR078C,YPR068C,0,-0.21265352,0.09175531566143036,0.8961039185523987,0.8870129585266113
YCL017C,YGL053W,0,-0.21267396,0.09171466529369354,0.8961039185523987,0.887445867061615
YLR004C,YKR075C,0,-0.2127876,0.09167404472827911,0.8961039185523987,0.8878787755966187
YMR205C,YDR406W,0,-0.21296276,0.09163346886634827,0.8961039185523987,0.8883116841316223
YEL024W,YDL139C,0,-0.21300533,0.09159292280673981,0.8961039185523987,0.888744592666626
YLR360W,YJR052W,0,-0.21377662,0.09155241400003433,0.8961039185523987,0.8891775012016296
YLR313C,YPR141C,0,-0.2138905,0.09151193499565125,0.8961039185523987,0.8896104097366333
YOL055C,YER005W,0,-0.21398383,0.09147150069475174,0.8961039185523987,0.890043318271637
YOR034C,YMR261C,0,-0.21414463,0.09143109619617462,0.8961039185523987,0.8904761672019958
YOL078W,YPL117C,0,-0.21452565,0.09139072895050049,0.8961039185523987,0.8909090757369995
YNL142W,YIL069C,0,-0.21587119,0.09135039895772934,0.8961039185523987,0.8913419842720032
YJL012C,YER178W,0,-0.21641214,0.09131009876728058,0.8961039185523987,0.8917748928070068
YOL078W,YLR384C,0,-0.21704142,0.0912698432803154,0.8961039185523987,0.8922078013420105
YPR128C,YDR516C,0,-0.21800473,0.09122961759567261,0.8961039185523987,0.8926407098770142
YKL081W,YBR162C,0,-0.21840723,0.0911894291639328,0.8961039185523987,0.8930736184120178
YJR041C,YBR094W,0,-0.21896796,0.09114927053451538,0.8961039185523987,0.8935064673423767
YCL068C,YOR359W,0,-0.21950144,0.09110915660858154,0.8961039185523987,0.8939393758773804
YOR117W,YOR172W,0,-0.21954612,0.09106907248497009,0.8961039185523987,0.894372284412384
YNL056W,YKL155C,0,-0.2195659,0.09102902561426163,0.8961039185523987,0.8948051929473877
YDR004W,YEL039C,0,-0.22054222,0.09098900854587555,0.8961039185523987,0.8952381014823914
YDR195W,YGL246C,1,-0.22082464,0.09138840436935425,0.9004328846931458,0.8952381014823914
YDR092W,YPR046W,0,-0.22109129,0.09134826809167862,0.9004328846931458,0.895671010017395
YMR234W,YDR276C,0,-0.22151129,0.09130816161632538,0.9004328846931458,0.8961039185523987
YDR280W,YDR190C,0,-0.22165829,0.09126809984445572,0.9004328846931458,0.8965367674827576
YDL145C,YGL192W,0,-0.22190203,0.09122806787490845,0.9004328846931458,0.8969696760177612
YDL243C,YDR301W,0,-0.22262034,0.09118807315826416,0.9004328846931458,0.8974025845527649
YNL059C,YNL164C,0,-0.22379367,0.09114811569452286,0.9004328846931458,0.8978354930877686
YGL243W,YHL021C,0,-0.223918,0.09110818803310394,0.9004328846931458,0.8982684016227722
YJR102C,YHR148W,0,-0.22460647,0.09106829762458801,0.9004328846931458,0.8987013101577759
YGR103W,YCL048W,0,-0.22461608,0.09102844446897507,0.9004328846931458,0.8991342186927795
YGR161C,YIL009W,0,-0.22476621,0.0909886285662651,0.9004328846931458,0.8995671272277832
YLR284C,YGR161C,0,-0.22528547,0.09094884246587753,0.9004328846931458,0.8999999761581421
YML059C,YLR248W,0,-0.22561707,0.09090909361839294,0.9004328846931458,0.9004328846931458
YLR277C,YPL190C,1,-0.22598256,0.09130624681711197,0.9047619104385376,0.9004328846931458
YDR464W,YMR074C,0,-0.22601588,0.09126637876033783,0.9047619104385376,0.9008657932281494
YMR192W,YER041W,0,-0.22696202,0.09122654050588608,0.9047619104385376,0.9012987017631531
YJR073C,YNR024W,0,-0.22725217,0.09118673950433731,0.9047619104385376,0.9017316102981567
YDR021W,YML082W,0,-0.2275076,0.09114696830511093,0.9047619104385376,0.9021645188331604
YDR441C,YER139C,0,-0.2291136,0.09110723435878754,0.9047619104385376,0.9025974273681641
YDL235C,YHL035C,0,-0.23080727,0.09106753766536713,0.9047619104385376,0.903030276298523
YML021C,YMR131C,0,-0.23089649,0.0910278782248497,0.9047619104385376,0.9034631848335266
YBR279W,YNR055C,0,-0.2310448,0.09098824858665466,0.9047619104385376,0.9038960933685303
YDR235W,YGL053W,0,-0.23171876,0.09094864875078201,0.9047619104385376,0.9043290019035339
YDL230W,YDR108W,0,-0.23176612,0.09090909361839294,0.9047619104385376,0.9047619104385376
YKR096W,YJR117W,0,-0.23209439,0.09086956828832626,0.9047619104385376,0.9051948189735413
YPR110C,YLR466W,0,-0.2327563,0.09083007276058197,0.9047619104385376,0.9056277275085449
YDR127W,YDL149W,0,-0.23303144,0.09079061448574066,0.9047619104385376,0.9060605764389038
YDR127W,YPL036W,0,-0.23326248,0.09075119346380234,0.9047619104385376,0.9064934849739075
YBR162W-A,YNL025C,0,-0.23368046,0.0907118022441864,0.9047619104385376,0.9069263935089111
YNL180C,YLR068W,0,-0.23393159,0.09067244827747345,0.9047619104385376,0.9073593020439148
YKL018W,YGR156W,1,-0.23496811,0.09106678515672684,0.9090909361839294,0.9073593020439148
YDR464W,YGL107C,0,-0.23566796,0.09102730453014374,0.9090909361839294,0.9077922105789185
YCL064C,YKL039W,0,-0.23607965,0.09098786860704422,0.9090909361839294,0.9082251191139221
YLR277C,YDR195W,1,-0.23655328,0.09138154983520508,0.9134199023246765,0.9082251191139221
YJL110C,YPR068C,0,-0.23699994,0.09134199470281601,0.9134199023246765,0.9086580276489258
YGR078C,YDR135C,0,-0.23708689,0.09130246937274933,0.9134199023246765,0.9090909361839294
YMR286W,YMR220W,0,-0.23712175,0.09126297384500504,0.9134199023246765,0.9095237851142883
YPR095C,YDL093W,0,-0.23729828,0.09122351557016373,0.9134199023246765,0.909956693649292
YPR007C,YPL235W,0,-0.23774485,0.0911840945482254,0.9134199023246765,0.9103896021842957
YOR129C,YCR021C,0,-0.23946346,0.09114471077919006,0.9134199023246765,0.9108225107192993
YOR081C,YPR010C,0,-0.23976824,0.09110535681247711,0.9134199023246765,0.911255419254303
YKL060C,YMR035W,0,-0.24012037,0.09106603264808655,0.9134199023246765,0.9116883277893066
YPR154W,YGL107C,0,-0.240398,0.09102674573659897,0.9134199023246765,0.9121212363243103
YFR034C,YOR059C,0,-0.2404399,0.09098749607801437,0.9134199023246765,0.9125540852546692
YOR060C,YMR149W,0,-0.24143629,0.09094827622175217,0.9134199023246765,0.9129869937896729
YGR005C,YDR359C,0,-0.2416427,0.09090909361839294,0.9134199023246765,0.9134199023246765
YPL115C,YDL076C,0,-0.24359678,0.09086994081735611,0.9134199023246765,0.9138528108596802
YNL142W,YDL145C,0,-0.24377899,0.09083082526922226,0.9134199023246765,0.9142857193946838
YLR215C,YGR283C,0,-0.24405964,0.0907917395234108,0.9134199023246765,0.9147186279296875
YCL029C,YPR055W,0,-0.24428122,0.09075269103050232,0.9134199023246765,0.9151515364646912
YDR367W,YGR080W,0,-0.2445627,0.09071367233991623,0.9134199023246765,0.9155844449996948
YDR092W,YHR154W,0,-0.2450441,0.09067469090223312,0.9134199023246765,0.9160172939300537
YLL006W,YMR002W,0,-0.24554719,0.0906357392668724,0.9134199023246765,0.9164502024650574
YDR289C,YGL246C,1,-0.24732672,0.0910261943936348,0.9177489280700684,0.9164502024650574
YML016C,YOL051W,0,-0.24792202,0.09098712354898453,0.9177489280700684,0.916883111000061
YDR100W,YGL018C,0,-0.24827267,0.09094808995723724,0.9177489280700684,0.9173160195350647
YER149C,YOR272W,0,-0.24871685,0.09090909361839294,0.9177489280700684,0.9177489280700684
YBR153W,YHR110W,0,-0.24886994,0.09087012708187103,0.9177489280700684,0.918181836605072
YLR167W,YPL225W,0,-0.24923857,0.09083119034767151,0.9177489280700684,0.9186147451400757
YNL181W,YML096W,0,-0.24963014,0.09079229086637497,0.9177489280700684,0.9190475940704346
YDR301W,YMR039C,1,-0.24974246,0.09118150919675827,0.9220778942108154,0.9190475940704346
YDR289C,YNL251C,1,-0.249757,0.09157039225101471,0.9264069199562073,0.9190475940704346
YBL031W,YNL038W,0,-0.25070477,0.09153122454881668,0.9264069199562073,0.9194805026054382
YKL192C,YOL116W,0,-0.25078526,0.09149209409952164,0.9264069199562073,0.9199134111404419
YDR427W,YBR248C,0,-0.25084567,0.09145299345254898,0.9264069199562073,0.9203463196754456
YLR115W,YDR228C,1,-0.2509846,0.09184109419584274,0.9307359457015991,0.9203463196754456
YFR024C-A,YCL051W,0,-0.2511672,0.09180188179016113,0.9307359457015991,0.9207792282104492
YBL007C,YBR023C,0,-0.2517614,0.09176269918680191,0.9307359457015991,0.9212121367454529
YDR517W,YOR359W,0,-0.2521842,0.09172354638576508,0.9307359457015991,0.9216450452804565
YDL235C,YOR330C,0,-0.2526498,0.09168443828821182,0.9307359457015991,0.9220778942108154
YPL120W,YGR193C,0,-0.25285962,0.09164535254240036,0.9307359457015991,0.9225108027458191
YOR267C,YKL132C,0,-0.25296146,0.09160630404949188,0.9307359457015991,0.9229437112808228
YEL044W,YER071C,0,-0.2532697,0.09156729280948639,0.9307359457015991,0.9233766198158264
YNL145W,YNL214W,0,-0.2537762,0.09152831137180328,0.9307359457015991,0.9238095283508301
YDR287W,YCR065W,0,-0.2548587,0.09148935973644257,0.9307359457015991,0.9242424368858337
YLL026W,YKL063C,0,-0.25612953,0.09145044535398483,0.9307359457015991,0.9246753454208374
YBL072C,YJL001W,0,-0.25638756,0.09141156822443008,0.9307359457015991,0.9251082539558411
YBR049C,YGR156W,1,-0.25874338,0.09179770201444626,0.9350649118423462,0.9251082539558411
YCR086W,YDR204W,0,-0.25996312,0.09175870567560196,0.9350649118423462,0.9255411028862
YOR192C,YFR050C,0,-0.26173097,0.09171974658966064,0.9350649118423462,0.9259740114212036
YDL235C,YOR266W,0,-0.26220742,0.09168081730604172,0.9350649118423462,0.9264069199562073
YDR399W,YCR063W,0,-0.2625751,0.09164191782474518,0.9350649118423462,0.9268398284912109
YKR096W,YDR002W,0,-0.26603344,0.09160305559635162,0.9350649118423462,0.9272727370262146
YJL094C,YGR161C,0,-0.2676857,0.09156422317028046,0.9350649118423462,0.9277056455612183
YOL032W,YPL156C,0,-0.26912633,0.09152542054653168,0.9350649118423462,0.9281385540962219
YLR004C,YPL013C,0,-0.26918003,0.09148665517568588,0.9350649118423462,0.9285714030265808
YNL233W,YHR190W,0,-0.26957226,0.09144792705774307,0.9350649118423462,0.9290043115615845
YOR048C,YPL190C,1,-0.26968047,0.09183241426944733,0.939393937587738,0.9290043115615845
YLR131C,YDL135C,0,-0.27092084,0.09179356694221497,0.939393937587738,0.9294372200965881
YLR215C,YOR001W,0,-0.27283868,0.09175475686788559,0.939393937587738,0.9298701286315918
YDL240W,YIL005W,0,-0.272858,0.0917159765958786,0.939393937587738,0.9303030371665955
YLR115W,YDR289C,1,-0.27290908,0.09209970384836197,0.9437229633331299,0.9303030371665955
YDR178W,YNL130C,0,-0.27348468,0.09206081181764603,0.9437229633331299,0.9307359457015991
YNL222W,YDR289C,1,-0.27463248,0.09244406968355179,0.948051929473877,0.9307359457015991
YPL190C,YJR017C,1,-0.2746647,0.09282700717449188,0.9523809552192688,0.9307359457015991
YDR381W,YDR080W,0,-0.27493015,0.09278785437345505,0.9523809552192688,0.9311688542366028
YDL139C,YHL021C,0,-0.274946,0.0927487388253212,0.9523809552192688,0.9316017031669617
YAL015C,YDR110W,0,-0.27510375,0.09270965307950974,0.9523809552192688,0.9320346117019653
YFR034C,YER167W,0,-0.275802,0.09267059713602066,0.9523809552192688,0.932467520236969
YCR105W,YGR003W,0,-0.27614108,0.09263157844543457,0.9523809552192688,0.9329004287719727
YLR377C,YOR189W,0,-0.27614737,0.09259258955717087,0.9523809552192688,0.9333333373069763
YKL194C,YNL156C,0,-0.27700314,0.09255363792181015,0.9523809552192688,0.93376624584198
YDL106C,YPR097W,0,-0.27729118,0.09251471608877182,0.9523809552192688,0.9341991543769836
YDR367W,YCL039W,0,-0.2778961,0.09247583150863647,0.9523809552192688,0.9346320629119873
YGL061C,YJL197W,0,-0.27796888,0.09243697673082352,0.9523809552192688,0.9350649118423462
YLR131C,YLR143W,0,-0.27821144,0.09239815175533295,0.9523809552192688,0.9354978203773499
YDR201W,YPR188C,0,-0.2789495,0.09235936403274536,0.9523809552192688,0.9359307289123535
YJR118C,YPR133C,0,-0.2803158,0.09232060611248016,0.9523809552192688,0.9363636374473572
YER033C,YJR096W,0,-0.28086117,0.09228187799453735,0.9523809552192688,0.9367965459823608
YLR167W,YFR016C,0,-0.28093615,0.09224318712949753,0.9523809552192688,0.9372294545173645
YLR037C,YMR002W,0,-0.28116575,0.09220452606678009,0.9523809552192688,0.9376623630523682
YJR084W,YOR109W,0,-0.28168902,0.09216590225696564,0.9523809552192688,0.938095211982727
YKR007W,YGR007W,0,-0.28202346,0.09212730079889297,0.9523809552192688,0.9385281205177307
YFR027W,YAL048C,0,-0.28210208,0.0920887365937233,0.9523809552192688,0.9389610290527344
YGL070C,YER139C,0,-0.28230003,0.0920502096414566,0.9523809552192688,0.939393937587738
YJL013C,YLR181C,0,-0.2840381,0.0920117124915123,0.9523809552192688,0.9398268461227417
YCR016W,YNL024C,0,-0.2842068,0.09197324514389038,0.9523809552192688,0.9402597546577454
YLR451W,YLR247C,0,-0.2853286,0.09193480759859085,0.9523809552192688,0.940692663192749
YGL087C,YDR397C,0,-0.28639063,0.0918964073061943,0.9523809552192688,0.9411255121231079
YOR250C,YHR149C,0,-0.28643844,0.09185803681612015,0.9523809552192688,0.9415584206581116
YPL198W,YMR072W,0,-0.28677312,0.09181969612836838,0.9523809552192688,0.9419913291931152
YBR119W,YGL198W,0,-0.28716344,0.09178139269351959,0.9523809552192688,0.9424242377281189
YGR080W,YBL005W,0,-0.2879059,0.0917431190609932,0.9523809552192688,0.9428571462631226
YDR039C,YJR035W,0,-0.28799278,0.09170487523078918,0.9523809552192688,0.9432900547981262
YPR154W,YNL066W,0,-0.28887853,0.09166666865348816,0.9523809552192688,0.9437229633331299
YGR181W,YIL153W,0,-0.29065937,0.09162848442792892,0.9523809552192688,0.9441558718681335
YGR080W,YDR259C,0,-0.29435912,0.09159034490585327,0.9523809552192688,0.9445887207984924
YJR035W,YGR165W,0,-0.29450554,0.09155222773551941,0.9523809552192688,0.9450216293334961
YKL016C,YER149C,0,-0.2945562,0.09151414036750793,0.9523809552192688,0.9454545378684998
YCR031C,YJL089W,0,-0.29490805,0.09147609025239944,0.9523809552192688,0.9458874464035034
YKR007W,YCR005C,0,-0.29700455,0.09143806993961334,0.9523809552192688,0.9463203549385071
YJR102C,YML082W,0,-0.29734218,0.09140007942914963,0.9523809552192688,0.9467532634735107
YDR287W,YNL048W,0,-0.2973567,0.0913621261715889,0.9523809552192688,0.9471861720085144
YLR001C,YLR288C,0,-0.29737103,0.09132420271635056,0.9523809552192688,0.9476190209388733
YHR148W,YPL076W,0,-0.29846764,0.0912863090634346,0.9523809552192688,0.948051929473877
YKL014C,YMR177W,0,-0.29890743,0.09124844521284103,0.9523809552192688,0.9484848380088806
YBR003W,YNL038W,0,-0.2989382,0.09121061116456985,0.9523809552192688,0.9489177465438843
YGR165W,YLR190W,0,-0.29935196,0.09117281436920166,0.9523809552192688,0.9493506550788879
YBR279W,YPR169W,0,-0.29942575,0.09113504737615585,0.9523809552192688,0.9497835636138916
YIR004W,YHL025W,0,-0.29959556,0.09109731018543243,0.9523809552192688,0.9502164721488953
YPR175W,YHR150W,0,-0.3008121,0.0910596027970314,0.9523809552192688,0.9506493210792542
YFR010W,YLR384C,0,-0.3044186,0.09102192521095276,0.9523809552192688,0.9510822296142578
YBR049C,YNL251C,1,-0.30513564,0.09139785170555115,0.9567099809646606,0.9510822296142578
YOR048C,YDR289C,1,-0.30618045,0.09177345782518387,0.9610389471054077,0.9510822296142578
YOR158W,YOR195W,0,-0.30735546,0.09173553436994553,0.9610389471054077,0.9515151381492615
YLR185W,YER028C,0,-0.3082106,0.09169764816761017,0.9610389471054077,0.9519480466842651
YLL026W,YMR237W,0,-0.30846927,0.0916597843170166,0.9610389471054077,0.9523809552192688
YGR170W,YOR330C,0,-0.30919823,0.09162195771932602,0.9610389471054077,0.9528138637542725
YDR212W,YML081W,0,-0.3096436,0.09158416092395782,0.9610389471054077,0.9532467722892761
YJR132W,YLR131C,0,-0.3107006,0.09154639393091202,0.9610389471054077,0.9536796808242798
YKL149C,YPL056C,0,-0.3112541,0.0915086567401886,0.9610389471054077,0.9541125297546387
YJR109C,YMR177W,0,-0.31199124,0.09147094935178757,0.9610389471054077,0.9545454382896423
YLR426W,YGL142C,0,-0.31338823,0.09143327921628952,0.9610389471054077,0.954978346824646
YDR195W,YER133W,1,-0.3145773,0.09180732816457748,0.9653679728507996,0.954978346824646
YDR148C,YKL080W,0,-0.31459627,0.09176954627037048,0.9653679728507996,0.9554112553596497
YBR078W,YCR005C,0,-0.31680465,0.09173179417848587,0.9653679728507996,0.9558441638946533
YNR024W,YML082W,0,-0.31959915,0.09169407933950424,0.9653679728507996,0.956277072429657
YML023C,YPL115C,0,-0.31968972,0.091656394302845,0.9653679728507996,0.9567099809646606
YOR236W,YLR292C,0,-0.32004863,0.09161873161792755,0.9653679728507996,0.9571428298950195
YER028C,YHR170W,0,-0.32173422,0.09158110618591309,0.9653679728507996,0.9575757384300232
YPL203W,YLR384C,0,-0.32202584,0.09154351055622101,0.9653679728507996,0.9580086469650269
YCR036W,YGL144C,0,-0.3246877,0.09150595217943192,0.9653679728507996,0.9584415555000305
YLR115W,YMR039C,1,-0.32470354,0.09187858551740646,0.9696969985961914,0.9584415555000305
YJL096W,YKR095W,0,-0.32608572,0.09184091538190842,0.9696969985961914,0.9588744640350342
YNL317W,YLR352W,0,-0.3275703,0.09180327504873276,0.9696969985961914,0.9593073725700378
YML059C,YCR021C,0,-0.32794973,0.09176567196846008,0.9696969985961914,0.9597402811050415
YBR279W,YDL105W,0,-0.32856488,0.0917280912399292,0.9696969985961914,0.9601731896400452
YGR235C,YGL027C,0,-0.3297529,0.0916905477643013,0.9696969985961914,0.960606038570404
YER133W,YNL222W,1,-0.33027953,0.09206219017505646,0.9740259647369385,0.960606038570404
YDR367W,YCR036W,0,-0.33036724,0.0920245423913002,0.9740259647369385,0.9610389471054077
YNL059C,YLR363C,0,-0.33137757,0.09198691695928574,0.9740259647369385,0.9614718556404114
YLR118C,YLR075W,0,-0.33147025,0.09194932878017426,0.9740259647369385,0.961904764175415
YKR027W,YNR030W,0,-0.33203906,0.09191176295280457,0.9740259647369385,0.9623376727104187
YDR517W,YNL247W,0,-0.33217,0.09187423437833786,0.9740259647369385,0.9627705812454224
YKR096W,YOR372C,0,-0.33221447,0.09183673560619354,0.9740259647369385,0.963203489780426
YDR190C,YKL080W,0,-0.3340768,0.09179926663637161,0.9740259647369385,0.9636363387107849
YHR139C,YCR065W,0,-0.33462515,0.09176182746887207,0.9740259647369385,0.9640692472457886
YAR033W,YML096W,0,-0.33518058,0.09172441810369492,0.9740259647369385,0.9645021557807922
YKL026C,YML045W,0,-0.33540326,0.09168703854084015,0.9740259647369385,0.9649350643157959
YDR367W,YML092C,0,-0.33594432,0.09164969623088837,0.9740259647369385,0.9653679728507996
YEL039C,YJL168C,0,-0.33645096,0.09161237627267838,0.9740259647369385,0.9658008813858032
YGR235C,YPL105C,0,-0.33706996,0.09157509356737137,0.9740259647369385,0.9662337899208069
YNL180C,YPL161C,0,-0.33741683,0.09153783321380615,0.9740259647369385,0.9666666388511658
YGR078C,YKL132C,0,-0.33815894,0.09150061011314392,0.9740259647369385,0.9670995473861694
YOR078W,YKL002W,0,-0.3402787,0.09146341681480408,0.9740259647369385,0.9675324559211731
YDR439W,YGR007W,0,-0.3413958,0.09142624586820602,0.9740259647369385,0.9679653644561768
YBR130C,YOL096C,0,-0.34141624,0.09138911217451096,0.9740259647369385,0.9683982729911804
YFR016C,YGR005C,0,-0.34220237,0.09135200828313828,0.9740259647369385,0.9688311815261841
YDR427W,YML076C,0,-0.343078,0.09131493419408798,0.9740259647369385,0.9692640900611877
YOR002W,YGL167C,0,-0.3443118,0.09127788990736008,0.9740259647369385,0.9696969985961914
YKL033W,YDL100C,0,-0.3443425,0.09124087542295456,0.9740259647369385,0.9701298475265503
YPR067W,YLR417W,0,-0.34468198,0.09120389074087143,0.9740259647369385,0.970562756061554
YNL288W,YPR169W,0,-0.34597692,0.09116693586111069,0.9740259647369385,0.9709956645965576
YOR179C,YIL131C,1,-0.34627417,0.09153503179550171,0.9783549904823303,0.9709956645965576
YDR545W,YIL107C,0,-0.34727678,0.09149797260761261,0.9783549904823303,0.9714285731315613
YBR162W-A,YOR086C,0,-0.3500821,0.0914609506726265,0.9783549904823303,0.9718614816665649
YGL087C,YLR299W,0,-0.35517702,0.09142395108938217,0.9783549904823303,0.9722943902015686
YKR089C,YGL107C,0,-0.35618314,0.09138698130846024,0.9783549904823303,0.9727272987365723
YOL061W,YIR031C,0,-0.35700512,0.09135004132986069,0.9783549904823303,0.9731601476669312
YML098W,YHL035C,0,-0.35750386,0.09131313115358353,0.9783549904823303,0.9735930562019348
YDR204W,YPR105C,0,-0.36533314,0.09127625077962875,0.9783549904823303,0.9740259647369385
YML067C,YHL003C,0,-0.36566845,0.09123940020799637,0.9783549904823303,0.9744588732719421
YPR106W,YOL009C,0,-0.36840937,0.09120257943868637,0.9783549904823303,0.9748917818069458
YNL222W,YJR017C,1,-0.3718706,0.09156917780637741,0.9826839566230774,0.9748917818069458
YDL175C,YDR005C,0,-0.37309247,0.09153226017951965,0.9826839566230774,0.9753246903419495
YBR208C,YDR300C,0,-0.37324464,0.09149536490440369,0.9826839566230774,0.9757575988769531
YHL038C,YHL021C,0,-0.37488666,0.09145849943161011,0.9826839566230774,0.976190447807312
YLR442C,YPL239W,0,-0.3752776,0.09142166376113892,0.9826839566230774,0.9766233563423157
YKL081W,YDR438W,0,-0.3795447,0.09138486534357071,0.9826839566230774,0.9770562648773193
YDR256C,YLR413W,0,-0.3815793,0.0913480892777443,0.9826839566230774,0.977489173412323
YDR468C,YPL224C,0,-0.3861477,0.09131134301424026,0.9826839566230774,0.9779220819473267
YOL051W,YGL049C,0,-0.3889704,0.09127462655305862,0.9826839566230774,0.9783549904823303
YDR289C,YIL131C,1,-0.38950095,0.09163986891508102,0.9870129823684692,0.9783549904823303
YOR103C,YPL061W,0,-0.38960874,0.09160305559635162,0.9870129823684692,0.978787899017334
YIL036W,YNL161W,0,-0.3909603,0.09156626462936401,0.9870129823684692,0.9792208075523376
YDR004W,YGL053W,0,-0.39360148,0.09152950346469879,0.9870129823684692,0.9796536564826965
YER143W,YGL129C,0,-0.393841,0.09149277955293655,0.9870129823684692,0.9800865650177002
YPR057W,YOL095C,0,-0.39498052,0.09145607799291611,0.9870129823684692,0.9805194735527039
YER133W,YGR156W,1,-0.39594743,0.0918203666806221,0.9913420081138611,0.9805194735527039
YOR192C,YLL014W,0,-0.39796907,0.0917835682630539,0.9913420081138611,0.9809523820877075
YEL001C,YLR323C,0,-0.40327758,0.09174679219722748,0.9913420081138611,0.9813852906227112
YLR102C,YKL138C,0,-0.4040126,0.09171005338430405,0.9913420081138611,0.9818181991577148
YKL040C,YPL010W,0,-0.40625963,0.0916733369231224,0.9913420081138611,0.9822511076927185
YIL118W,YOR019W,0,-0.40943077,0.09163665771484375,0.9913420081138611,0.9826839566230774
YDR195W,YGR156W,1,-0.4131612,0.09200000017881393,0.9956709742546082,0.9826839566230774
YBR003W,YGR260W,0,-0.41623303,0.09196321666240692,0.9956709742546082,0.983116865158081
YNL142W,YBR268W,0,-0.41824242,0.0919264554977417,0.9956709742546082,0.9835497736930847
YER072W,YBR121C,0,-0.42002672,0.09188973158597946,0.9956709742546082,0.9839826822280884
YLR442C,YER081W,0,-0.4223127,0.09185303747653961,0.9956709742546082,0.984415590763092
YMR220W,YLR451W,0,-0.4268042,0.09181636571884155,0.9956709742546082,0.9848484992980957
YBR119W,YBR094W,0,-0.4280611,0.09177973121404648,0.9956709742546082,0.9852814078330994
YFL011W,YGL107C,0,-0.42965034,0.0917431190609932,0.9956709742546082,0.9857142567634583
YKL002W,YJL001W,0,-0.43165305,0.0917065367102623,0.9956709742546082,0.9861471652984619
YBR043C,YDR087C,0,-0.43307212,0.09166999161243439,0.9956709742546082,0.9865800738334656
YLR037C,YDR434W,0,-0.4358604,0.09163346886634827,0.9956709742546082,0.9870129823684692
YLR011W,YNL081C,0,-0.43748364,0.09159697592258453,0.9956709742546082,0.9874458909034729
YER142C,YIL118W,0,-0.4399874,0.09156051278114319,0.9956709742546082,0.9878787994384766
YPR055W,YOL059W,0,-0.44338164,0.09152407199144363,0.9956709742546082,0.9883117079734802
YDL209C,YKL002W,0,-0.4440344,0.09148766845464706,0.9956709742546082,0.9887446165084839
YBR268W,YLL014W,0,-0.45348874,0.09145129472017288,0.9956709742546082,0.9891774654388428
YKL080W,YMR149W,0,-0.4546514,0.09141494333744049,0.9956709742546082,0.9896103739738464
YPR169W,YBR301W,0,-0.46112597,0.09137862175703049,0.9956709742546082,0.9900432825088501
YLR006C,YNL251C,0,-0.46297324,0.09134233742952347,0.9956709742546082,0.9904761910438538
YKL138C,YKL002W,0,-0.4660518,0.09130607545375824,0.9956709742546082,0.9909090995788574
YNL133C,YGL219C,0,-0.46808222,0.0912698432803154,0.9956709742546082,0.9913420081138611
YGL058W,YNL024C,0,-0.46917865,0.09123364090919495,0.9956709742546082,0.9917749166488647
YER014W,YOR249C,0,-0.47384176,0.09119746088981628,0.9956709742546082,0.9922077655792236
YDR227W,YLR384C,0,-0.47576603,0.0911613181233406,0.9956709742546082,0.9926406741142273
YDR289C,YOR330C,0,-0.48160112,0.09112519770860672,0.9956709742546082,0.993073582649231
YDR515W,YGR170W,0,-0.5037539,0.09108910709619522,0.9956709742546082,0.9935064911842346
YIL107C,YGL144C,0,-0.5132587,0.09105304628610611,0.9956709742546082,0.9939393997192383
YPR105C,YDR284C,0,-0.5183865,0.09101701527833939,0.9956709742546082,0.9943723082542419
YJR042W,YCR005C,0,-0.5251607,0.09098101407289505,0.9956709742546082,0.9948052167892456
YOR032C,YOR136W,0,-0.5259824,0.0909450352191925,0.9956709742546082,0.9952380657196045
YLR451W,YML096W,0,-0.5317838,0.09090909361839294,0.9956709742546082,0.9956709742546082
YLR215C,YLR093C,0,-0.54464054,0.09087317436933517,0.9956709742546082,0.9961038827896118
YDR471W,YLR061W,0,-0.5502892,0.09083728492259979,0.9956709742546082,0.9965367913246155
YPL013C,YOR059C,0,-0.5618455,0.0908014178276062,0.9956709742546082,0.9969696998596191
YDL235C,YER005W,0,-0.56948173,0.0907655879855156,0.9956709742546082,0.9974026083946228
YLR006C,YNL180C,0,-0.5703984,0.09072978049516678,0.9956709742546082,0.9978355169296265
YGR174C,YGR170W,0,-0.5828211,0.09069400280714035,0.9956709742546082,0.9982684254646301
YPL171C,YHR024C,0,-0.59816575,0.09065825492143631,0.9956709742546082,0.998701274394989
YKL077W,YNL029C,0,-0.6159235,0.09062253683805466,0.9956709742546082,0.9991341829299927
YDR289C,YGR156W,1,-0.6433241,0.09098070114850998,1.0,0.9991341829299927
YHR165C,YLR360W,0,-0.64359975,0.09094487875699997,1.0,0.9995670914649963
YJL057C,YNL233W,0,-0.8511158,0.09090909361839294,1.0,1.0
