Gene A,Gene B,Label,Score,Precision,Recall,False Positive Rate
YDR200C,YOR083W,0,-6.075016,0.0,0.0,0.00043290044413879514
YBR153W,YDR079C-A,0,-6.1820498,0.0,0.0,0.0008658008882775903
YBR111W-A,YKR089C,0,-6.259656,0.0,0.0,0.0012987012742087245
YAL047C,YNL088W,0,-6.2611694,0.0,0.0,0.0017316017765551805
YBR041W,YKR003W,1,-6.2671847,0.20000000298023224,0.0043290043249726295,0.0017316017765551805
YMR288W,YCR008W,0,-6.276258,0.1666666716337204,0.0043290043249726295,0.0021645021624863148
YOL012C,YPR165W,0,-6.281072,0.1428571492433548,0.0043290043249726295,0.002597402548417449
YJR065C,YOL038W,0,-6.2837896,0.125,0.0043290043249726295,0.0030303029343485832
YKR095W-A,YPL094C,0,-6.296994,0.1111111119389534,0.0043290043249726295,0.003463203553110361
YMR129W,YPR036W,0,-6.362546,0.10000000149011612,0.0043290043249726295,0.0038961039390414953
YKR035W-A,YML025C,0,-6.365931,0.09090909361839294,0.0043290043249726295,0.0043290043249726295
YDR323C,YOL146W,0,-6.3916464,0.0833333358168602,0.0043290043249726295,0.004761904943734407
YNL094W,YDL113C,0,-6.3941083,0.07692307978868484,0.0043290043249726295,0.005194805096834898
YER166W,YBR041W,1,-6.3942924,0.1428571492433548,0.008658008649945259,0.005194805096834898
YER014C-A,YPL041C,0,-6.4446383,0.13333334028720856,0.008658008649945259,0.005627705715596676
YHL025W,YML039W,0,-6.4475574,0.125,0.008658008649945259,0.0060606058686971664
YBR102C,YIR015W,0,-6.458349,0.11764705926179886,0.008658008649945259,0.006493506487458944
YNL225C,YKL108W,0,-6.4778514,0.1111111119389534,0.008658008649945259,0.006926407106220722
YDR298C,YMR026C,0,-6.479368,0.10526315867900848,0.008658008649945259,0.007359307259321213
YFL005W,YGR033C,0,-6.497246,0.10000000149011612,0.008658008649945259,0.007792207878082991
YLR391W,YLR186W,0,-6.5253944,0.095238097012043,0.008658008649945259,0.008225108496844769
YIL115C,YBR095C,0,-6.533071,0.09090909361839294,0.008658008649945259,0.008658008649945259
YPR144C,YDR098C-B,0,-6.542187,0.08695652335882187,0.008658008649945259,0.00909090880304575
YDR409W,YGR116W,0,-6.5438633,0.0833333358168602,0.008658008649945259,0.009523809887468815
YNL012W,YPR158W-B,0,-6.5461397,0.07999999821186066,0.008658008649945259,0.009956710040569305
YLR391W,YPR065W,0,-6.549411,0.07692307978868484,0.008658008649945259,0.010389610193669796
YDL155W,YGL244W,0,-6.5527143,0.07407407462596893,0.008658008649945259,0.010822511278092861
YMR067C,YLR227W-B,0,-6.5585613,0.0714285746216774,0.008658008649945259,0.011255411431193352
YGR276C,YBR111W-A,0,-6.5600624,0.06896551698446274,0.008658008649945259,0.011688311584293842
YDR450W,YJR135W-A,0,-6.5639606,0.06666667014360428,0.008658008649945259,0.012121211737394333
YOR030W,YNL156C,0,-6.5646257,0.06451612710952759,0.008658008649945259,0.012554112821817398
YML081C-A,YNL138W,0,-6.5677686,0.0625,0.008658008649945259,0.012987012974917889
YCL012W,YCR067C,0,-6.5680604,0.06060606241226196,0.008658008649945259,0.01341991312801838
YOR031W,YGR161C-C,0,-6.5781174,0.05882352963089943,0.008658008649945259,0.013852814212441444
YBR288C,YLR105C,0,-6.5825777,0.05714285746216774,0.008658008649945259,0.014285714365541935
YDL155W,YCR058C,0,-6.5835505,0.0555555559694767,0.008658008649945259,0.014718614518642426
YBR060C,YCR066W,0,-6.5850096,0.054054055362939835,0.008658008649945259,0.01515151560306549
YPR111W,YOR192C-B,0,-6.586361,0.05263157933950424,0.008658008649945259,0.015584415756165981
YML011C,YFL002W-A,0,-6.5888247,0.05128205195069313,0.008658008649945259,0.016017315909266472
YKL212W,YBR111W-A,0,-6.594457,0.05000000074505806,0.008658008649945259,0.016450216993689537
YKL138C-A,YBR058C,0,-6.5947394,0.04878048598766327,0.008658008649945259,0.016883116215467453
YBL016W,YGL210W-A,0,-6.5966954,0.0476190485060215,0.008658008649945259,0.017316017299890518
YNL257C,YLR383W,0,-6.605995,0.04651162773370743,0.008658008649945259,0.017748918384313583
YKL138C-A,YDR419W,0,-6.6097827,0.04545454680919647,0.008658008649945259,0.0181818176060915
YJL018W,YJL190C,0,-6.6147118,0.04444444552063942,0.008658008649945259,0.018614718690514565
YGR141W,YPR137C-B,0,-6.6169004,0.043478261679410934,0.008658008649945259,0.01904761977493763
YDR532C,YOR142W-B,0,-6.622509,0.042553190141916275,0.008658008649945259,0.019480518996715546
YGL043W,YGL210W-A,0,-6.623041,0.0416666679084301,0.008658008649945259,0.01991342008113861
YOR380W,YJL012C-A,0,-6.62615,0.040816325694322586,0.008658008649945259,0.020346321165561676
YOR240W,YGR118W,0,-6.6279373,0.03999999910593033,0.008658008649945259,0.020779220387339592
YFL035C,YNL236W,0,-6.6341076,0.03921568766236305,0.008658008649945259,0.021212121471762657
YOR368W,YGR002C,0,-6.6403413,0.03846153989434242,0.008658008649945259,0.021645022556185722
YLR337W,YDR325W,0,-6.6419535,0.03773584961891174,0.008658008649945259,0.02207792177796364
YOR377W,YLR427W,0,-6.6434402,0.03703703731298447,0.008658008649945259,0.022510822862386703
YNR072W,YLR438C-A,0,-6.6476603,0.036363635212183,0.008658008649945259,0.02294372208416462
YJL099W,YGR238C,0,-6.64892,0.0357142873108387,0.008658008649945259,0.023376623168587685
YLR363C,YCR106W,0,-6.64935,0.035087719559669495,0.008658008649945259,0.02380952425301075
YLR080W,YAL055W,0,-6.649802,0.03448275849223137,0.008658008649945259,0.024242423474788666
YGL180W,YPL257W-B,0,-6.6522937,0.033898305147886276,0.008658008649945259,0.02467532455921173
YER022W,YDR210C-C,0,-6.6542587,0.03333333507180214,0.008658008649945259,0.025108225643634796
YCL003W,YLR105C,0,-6.656872,0.032786883413791656,0.008658008649945259,0.025541124865412712
YBR297W,YCR062W,0,-6.6571226,0.032258063554763794,0.008658008649945259,0.025974025949835777
YNL274C,YPR158C-D,0,-6.6582885,0.0317460335791111,0.008658008649945259,0.026406927034258842
YGL063W,YGR109W-A,0,-6.6603966,0.03125,0.008658008649945259,0.02683982625603676
YGL100W,YLR227W-A,0,-6.6616735,0.03076923079788685,0.008658008649945259,0.027272727340459824
YPL155C,YLR337W,0,-6.6631155,0.03030303120613098,0.008658008649945259,0.02770562842488289
YPR185W,YOR275C,0,-6.666759,0.02985074557363987,0.008658008649945259,0.028138527646660805
YJR139C,YHR039C-B,0,-6.6686287,0.029411764815449715,0.008658008649945259,0.02857142873108387
YJL013C,YNL012W,0,-6.67013,0.028985507786273956,0.008658008649945259,0.029004329815506935
YGL180W,YIL017W,0,-6.674033,0.02857142873108387,0.008658008649945259,0.02943722903728485
YNL251C,YOR343W-A,0,-6.6754913,0.028169013559818268,0.008658008649945259,0.029870130121707916
YOL123W,YLR227W-A,0,-6.675555,0.02777777798473835,0.008658008649945259,0.03030303120613098
YGL112C,YPL045W,0,-6.6768084,0.027397260069847107,0.008658008649945259,0.030735930427908897
YDR261C-C,YDR261C-D,0,-6.6777334,0.027027027681469917,0.008658008649945259,0.031168831512331963
YKR095W,YER137C-A,0,-6.678506,0.02666666731238365,0.008658008649945259,0.03160173073410988
YKL138C-A,YDR503C,0,-6.679725,0.02631578966975212,0.008658008649945259,0.032034631818532944
YNL148C,YOR343W-A,0,-6.6812654,0.025974025949835777,0.008658008649945259,0.03246753290295601
YOR254C,YPL129W,0,-6.6822195,0.025641025975346565,0.008658008649945259,0.032900433987379074
YKL129C,YCR062W,0,-6.686339,0.025316456332802773,0.008658008649945259,0.03333333507180214
YCL003W,YLR039C,0,-6.6872435,0.02500000037252903,0.008658008649945259,0.033766232430934906
YAL041W,YGR241C,0,-6.687376,0.02469135820865631,0.008658008649945259,0.03419913351535797
YER137C-A,YLR301W,0,-6.6906204,0.024390242993831635,0.008658008649945259,0.034632034599781036
YJR160C,YFL002W-A,0,-6.691701,0.024096384644508362,0.008658008649945259,0.0350649356842041
YMR035W,YHR039C-B,0,-6.6928453,0.02380952425301075,0.008658008649945259,0.03549783676862717
YLR391W-A,YOR136W,0,-6.694227,0.0235294122248888,0.008658008649945259,0.035930734127759933
YFR021W,YAL009W,0,-6.6946325,0.023255813866853714,0.008658008649945259,0.036363635212183
YIL040W,YGR109W-A,0,-6.6949553,0.02298850566148758,0.008658008649945259,0.036796536296606064
YKL001C,YJR135W-A,0,-6.695051,0.022727273404598236,0.008658008649945259,0.03722943738102913
YPL169C,YMR183C,0,-6.701294,0.02247191034257412,0.008658008649945259,0.037662338465452194
YHR001W-A,YFL018W-A,0,-6.702417,0.02222222276031971,0.008658008649945259,0.03809523954987526
YMR255W,YGL011C,0,-6.704435,0.021978022530674934,0.008658008649945259,0.038528136909008026
YGL004C,YCR062W,0,-6.7077417,0.021739130839705467,0.008658008649945259,0.03896103799343109
YER014C-A,YGL210W-A,0,-6.708345,0.02150537632405758,0.008658008649945259,0.039393939077854156
YCR080W,YDL201W,0,-6.7085924,0.021276595070958138,0.008658008649945259,0.03982684016227722
YIL124W,YFL002W-A,0,-6.7087383,0.021052632480859756,0.008658008649945259,0.04025974124670029
YJR082C,YHR150W,0,-6.7094493,0.02083333395421505,0.008658008649945259,0.04069264233112335
YPL115C,YLR410W-A,0,-6.712364,0.020618556067347527,0.008658008649945259,0.04112553969025612
YNR027W,YMR080C,0,-6.71389,0.020408162847161293,0.008658008649945259,0.041558440774679184
YFL035C,YOL109W,0,-6.717995,0.020202020183205605,0.008658008649945259,0.04199134185910225
YBR288C,YMR268C,0,-6.71849,0.019999999552965164,0.008658008649945259,0.042424242943525314
YLR427W,YNL287W,0,-6.7184954,0.019801979884505272,0.008658008649945259,0.04285714402794838
YCL074W,YOR142W-A,0,-6.7187037,0.019607843831181526,0.008658008649945259,0.043290045112371445
YPL048W,YPL257W-A,0,-6.7190795,0.019417475908994675,0.008658008649945259,0.04372294247150421
YKR086W,YGR161W-B,0,-6.720142,0.01923076994717121,0.008658008649945259,0.04415584355592728
YLR391W,YOR267C,0,-6.722621,0.01904761977493763,0.008658008649945259,0.04458874464035034
YGL046W,YIL167W,0,-6.7229166,0.01886792480945587,0.008658008649945259,0.04502164572477341
YPL152W,YFL018W-A,0,-6.7237473,0.018691588193178177,0.008658008649945259,0.04545454680919647
YOR308C,YIL063C,0,-6.7247353,0.018518518656492233,0.008658008649945259,0.04588744416832924
YPL048W,YLR256W-A,0,-6.727062,0.01834862306714058,0.008658008649945259,0.046320345252752304
YAL022C,YLR227W-A,0,-6.7285895,0.0181818176060915,0.008658008649945259,0.04675324633717537
YNL059C,YAL029C,0,-6.729454,0.018018018454313278,0.008658008649945259,0.047186147421598434
YDR137W,YLR301W,0,-6.732074,0.01785714365541935,0.008658008649945259,0.0476190485060215
YGL212W,YPR158C-D,0,-6.732934,0.017699114978313446,0.008658008649945259,0.048051949590444565
YKL179C,YPR158W-B,0,-6.734454,0.017543859779834747,0.008658008649945259,0.04848484694957733
YLR102C,YDR316W-B,0,-6.739599,0.017391303554177284,0.008658008649945259,0.0489177480340004
YER074W-A,YPR158W-B,0,-6.7396607,0.017241379246115685,0.008658008649945259,0.04935064911842346
YNL248C,YPR036W-A,0,-6.7396607,0.017094017937779427,0.008658008649945259,0.04978355020284653
YLR032W,YHL009W-A,0,-6.7396607,0.016949152573943138,0.008658008649945259,0.05021645128726959
YOR380W,YOR343C-A,0,-6.7396607,0.016806723549962044,0.008658008649945259,0.05064935237169266
YNL055C,YOR142W-A,0,-6.7396607,0.01666666753590107,0.008658008649945259,0.051082249730825424
YDR062W,YBL101W-B,0,-6.7396607,0.01652892492711544,0.008658008649945259,0.05151515081524849
YMR243C,YHL009W-A,0,-6.7396607,0.016393441706895828,0.008658008649945259,0.051948051899671555
YHR079C,YHL009W-A,0,-6.7396607,0.016260161995887756,0.008658008649945259,0.05238095298409462
YAL024C,YNL284C-A,0,-6.7396607,0.016129031777381897,0.008658008649945259,0.052813854068517685
YCL059C,YBL101W-A,0,-6.7396607,0.01600000075995922,0.008658008649945259,0.05324675142765045
YFL035C-A,YPL276W,0,-6.7396607,0.01587301678955555,0.008658008649945259,0.05367965251207352
YJL081C,YFL002W-A,0,-6.740118,0.015748031437397003,0.008658008649945259,0.05411255359649658
YDR052C,YLR181C,0,-6.7420464,0.015625,0.008658008649945259,0.05454545468091965
YBR012W-A,YGR161C-D,0,-6.742735,0.01550387591123581,0.008658008649945259,0.05497835576534271
YGR156W,YPL257W-A,0,-6.744539,0.015384615398943424,0.008658008649945259,0.05541125684976578
YJL094C,YDL076C,0,-6.745386,0.015267175622284412,0.008658008649945259,0.055844154208898544
YML094W,YCR062W,0,-6.7484865,0.01515151560306549,0.008658008649945259,0.05627705529332161
YDL046W,YHR001W,1,-6.7502184,0.02255639061331749,0.012987012974917889,0.05627705529332161
YAL044C,YDR034C-C,0,-6.75083,0.02238805964589119,0.012987012974917889,0.056709956377744675
YGL029W,YHR039C-B,0,-6.7517147,0.02222222276031971,0.012987012974917889,0.05714285746216774
YJR160C,YIL029C,0,-6.752321,0.022058824077248573,0.012987012974917889,0.057575758546590805
YBR213W,YDR261C-C,0,-6.755934,0.021897809579968452,0.012987012974917889,0.05800865963101387
YDL102W,YDR364C,0,-6.7559853,0.021739130839705467,0.012987012974917889,0.05844155699014664
YML058W-A,YPL257W-B,0,-6.758567,0.02158273383975029,0.012987012974917889,0.0588744580745697
YLR170C,YDR208W,0,-6.7591944,0.02142857201397419,0.012987012974917889,0.05930735915899277
YER053C,YJL012C-A,0,-6.7623672,0.021276595070958138,0.012987012974917889,0.05974026024341583
YLR332W,YGR038C-B,0,-6.7624917,0.0211267601698637,0.012987012974917889,0.0601731613278389
YLR381W,YDR261C-C,0,-6.763131,0.02097902074456215,0.012987012974917889,0.06060606241226196
YDR460W,YIL017W,0,-6.76338,0.02083333395421505,0.012987012974917889,0.06103895977139473
YGL086W,YDR306C,0,-6.7634754,0.02068965509533882,0.012987012974917889,0.061471860855817795
YDR420W,YOR060C,0,-6.766706,0.02054794505238533,0.012987012974917889,0.06190476194024086
YBL045C,YLR157C-B,0,-6.769814,0.020408162847161293,0.012987012974917889,0.062337663024663925
YJL021C,YLR238W,0,-6.7709036,0.020270269364118576,0.012987012974917889,0.06277056038379669
YDL069C,YGR109W-A,0,-6.7732754,0.020134227350354195,0.012987012974917889,0.06320346146821976
YER014C-A,YNL090W,0,-6.7736716,0.019999999552965164,0.012987012974917889,0.06363636255264282
YCR071C,YJL093C,0,-6.774193,0.01986755058169365,0.012987012974917889,0.06406926363706589
YPR107C,YOR088W,0,-6.7755475,0.019736841320991516,0.012987012974917889,0.06450216472148895
YCR071C,YLR410W-A,0,-6.7763386,0.019607843831181526,0.012987012974917889,0.06493506580591202
YPL045W,YPR158C-D,0,-6.7779613,0.019480518996715546,0.012987012974917889,0.06536796689033508
YOR011W,YBR041W,1,-6.778256,0.025806451216340065,0.017316017299890518,0.06536796689033508
YDR210C-D,YOR129C,0,-6.7791257,0.025641025975346565,0.017316017299890518,0.06580086797475815
YBR119W,YOR142W-B,0,-6.7800303,0.025477707386016846,0.017316017299890518,0.06623376905918121
YKR035W-A,YLL056C,0,-6.7810183,0.025316456332802773,0.017316017299890518,0.06666667014360428
YMR081C,YER137C-A,0,-6.7825575,0.025157231837511063,0.017316017299890518,0.06709956377744675
YIL143C,YHR214C-C,0,-6.7828093,0.02500000037252903,0.017316017299890518,0.06753246486186981
YNL037C,YOR192C-A,0,-6.783837,0.02484472095966339,0.017316017299890518,0.06796536594629288
YBR117C,YGR161W-A,0,-6.787913,0.02469135820865631,0.017316017299890518,0.06839826703071594
YBR213W,YML095C,0,-6.7889915,0.024539876729249954,0.017316017299890518,0.06883116811513901
YNL107W,YOR088W,0,-6.7892194,0.024390242993831635,0.017316017299890518,0.06926406919956207
YER179W,YDR210C-C,0,-6.789602,0.024242423474788666,0.017316017299890518,0.06969697028398514
YMR299C,YGR006W,0,-6.790111,0.024096384644508362,0.017316017299890518,0.0701298713684082
YOR084W,YPR158W-B,0,-6.7904367,0.023952096700668335,0.017316017299890518,0.07056277245283127
YML110C,YDR059C,0,-6.791109,0.02380952425301075,0.017316017299890518,0.07099567353725433
YLR298C,YPL060C-A,0,-6.7914114,0.023668639361858368,0.017316017299890518,0.0714285746216774
YER166W,YPL145C,1,-6.7943563,0.029411764815449715,0.021645022556185722,0.0714285746216774
YGR036C,YDR022C,0,-6.794504,0.02923976629972458,0.021645022556185722,0.07186146825551987
YDR337W,YFL002W-B,0,-6.795052,0.029069768264889717,0.021645022556185722,0.07229436933994293
YPL145C,YKR003W,1,-6.7957606,0.034682080149650574,0.025974025949835777,0.07229436933994293
YJL021C,YDR393W,0,-6.7965484,0.03448275849223137,0.025974025949835777,0.072727270424366
YDL120W,YLR410W-A,0,-6.79709,0.034285712987184525,0.025974025949835777,0.07316017150878906
YKL170W,YLR354C,0,-6.7971444,0.034090910106897354,0.025974025949835777,0.07359307259321213
YBR041W,YDL046W,1,-6.7978024,0.03954802080988884,0.03030303120613098,0.07359307259321213
YDR463W,YNL054W-B,0,-6.799572,0.03932584449648857,0.03030303120613098,0.07402597367763519
YJL036W,YOR192C-A,0,-6.800157,0.03910614550113678,0.03030303120613098,0.07445887476205826
YML010W,YOR060C,0,-6.8014975,0.03888889029622078,0.03030303120613098,0.07489177584648132
YNL037C,YGR161W-B,0,-6.8029423,0.03867403417825699,0.03030303120613098,0.07532467693090439
YMR004W,YIL095W,0,-6.806188,0.03846153989434242,0.03030303120613098,0.07575757801532745
YMR162C,YHR001W,1,-6.8086343,0.04371584579348564,0.034632034599781036,0.07575757801532745
YDR375C,YHR214C-B,0,-6.808778,0.043478261679410934,0.034632034599781036,0.07619047909975052
YAL011W,YOR008C-A,0,-6.8131304,0.04324324429035187,0.034632034599781036,0.07662338018417358
YNL239W,YOR192C-A,0,-6.814558,0.04301075264811516,0.034632034599781036,0.07705627381801605
YKL026C,YCR055C,0,-6.815093,0.04278074949979782,0.034632034599781036,0.07748917490243912
YOR191W,YPL257W-B,0,-6.815287,0.042553190141916275,0.034632034599781036,0.07792207598686218
YER014C-A,YAL034W-A,0,-6.816781,0.042328041046857834,0.034632034599781036,0.07835497707128525
YGL207W,YDR210C-C,0,-6.8215947,0.04210526496171951,0.034632034599781036,0.07878787815570831
YLR107W,YDR289C,0,-6.824654,0.04188481718301773,0.034632034599781036,0.07922077924013138
YIL002C,YAR031W,0,-6.825687,0.0416666679084301,0.034632034599781036,0.07965368032455444
YLR114C,YJL093C,0,-6.8271966,0.041450776159763336,0.034632034599781036,0.08008658140897751
YOL068C,YGL044C,0,-6.8278265,0.04123711213469505,0.034632034599781036,0.08051948249340057
YNL041C,YDR439W,0,-6.829878,0.041025642305612564,0.034632034599781036,0.08095238357782364
YJL001W,YLR227W-A,0,-6.8368034,0.040816325694322586,0.034632034599781036,0.0813852846622467
YBR041W,YHR001W,1,-6.8373384,0.04568528011441231,0.03896103799343109,0.0813852846622467
YHR091C,YGR056W,0,-6.842352,0.04545454680919647,0.03896103799343109,0.08181817829608917
YKR025W,YLR157C-B,0,-6.8425493,0.04522613063454628,0.03896103799343109,0.08225107938051224
YGR140W,YKL032C,0,-6.842988,0.04500000178813934,0.03896103799343109,0.0826839804649353
YDR046C,YOR343W-B,0,-6.843231,0.04477611929178238,0.03896103799343109,0.08311688154935837
YLR131C,YNL219C,0,-6.843459,0.0445544570684433,0.03896103799343109,0.08354978263378143
YGR285C,YPR158C-D,0,-6.843573,0.04433497413992882,0.03896103799343109,0.0839826837182045
YAL026C,YAR042W,1,-6.849337,0.04901960864663124,0.043290045112371445,0.0839826837182045
YIL062C,YGR038C-A,0,-6.852244,0.04878048598766327,0.043290045112371445,0.08441558480262756
YER168C,YOR343W-A,0,-6.852659,0.04854368790984154,0.043290045112371445,0.08484848588705063
YOL135C,YIL120W,0,-6.8534408,0.04830917716026306,0.043290045112371445,0.0852813869714737
YJL204C,YBR012W-B,0,-6.8536644,0.048076923936605453,0.043290045112371445,0.08571428805589676
YJR093C,YNL261W,0,-6.8544493,0.04784689098596573,0.043290045112371445,0.08614718914031982
YPL145C,YHR001W,1,-6.8575263,0.05238095298409462,0.0476190485060215,0.08614718914031982
YHR042W,YLR227W-B,0,-6.86775,0.05213269963860512,0.0476190485060215,0.08658009022474289
YOL072W,YKR060W,0,-6.8688936,0.05188679322600365,0.0476190485060215,0.08701298385858536
YPL262W,YOR008C-A,0,-6.868897,0.051643192768096924,0.0476190485060215,0.08744588494300842
YNL219C,YPL241C,0,-6.8709035,0.05140186846256256,0.0476190485060215,0.08787878602743149
YFL008W,YIL082W-A,0,-6.876666,0.05116279050707817,0.0476190485060215,0.08831168711185455
YML112W,YBR231C,0,-6.8801384,0.05092592537403107,0.0476190485060215,0.08874458819627762
YER166W,YMR162C,1,-6.8854704,0.0552995391190052,0.051948051899671555,0.08874458819627762
YCR055C,YDL229W,0,-6.887542,0.055045872926712036,0.051948051899671555,0.08917748928070068
YNL099C,YKR090W,0,-6.888308,0.054794520139694214,0.051948051899671555,0.08961039036512375
YNL101W,YGL168W,0,-6.8894467,0.05454545468091965,0.051948051899671555,0.09004329144954681
YNL201C,YGR090W,0,-6.8933887,0.05429864302277565,0.051948051899671555,0.09047619253396988
YGR063C,YLR200W,0,-6.8955946,0.054054055362939835,0.051948051899671555,0.09090909361839294
YIL112W,YGR186W,0,-6.9004974,0.053811658173799515,0.051948051899671555,0.09134199470281601
YDR385W,YDR353W,0,-6.901186,0.0535714291036129,0.051948051899671555,0.09177488833665848
YJR089W,YKR062W,0,-6.90594,0.0533333346247673,0.051948051899671555,0.09220778942108154
YAL015C,YGR296W,0,-6.907745,0.05309734493494034,0.051948051899671555,0.09264069050550461
YJL170C,YMR225C,0,-6.912803,0.05286343768239021,0.051948051899671555,0.09307359158992767
YFL059W,YPR078C,0,-6.9232183,0.05263157933950424,0.051948051899671555,0.09350649267435074
YBR217W,YMR087W,0,-6.929722,0.052401747554540634,0.051948051899671555,0.0939393937587738
YLR196W,YDL109C,0,-6.9305935,0.052173912525177,0.051948051899671555,0.09437229484319687
YEL054C,YDR210C-D,0,-6.9334555,0.051948051899671555,0.051948051899671555,0.09480519592761993
YGL200C,YNL029C,0,-6.937093,0.0517241396009922,0.051948051899671555,0.095238097012043
YML006C,YKL186C,0,-6.938997,0.05150214582681656,0.051948051899671555,0.09567099809646606
YAL026C,YHR073W,1,-6.940091,0.0555555559694767,0.05627705529332161,0.09567099809646606
YNL106C,YJR156C,0,-6.9414563,0.05531914904713631,0.05627705529332161,0.09610389918088913
YOR210W,YDR346C,0,-6.9440837,0.055084746330976486,0.05627705529332161,0.0965367928147316
YCR039C,YMR127C,0,-6.9446287,0.05485232174396515,0.05627705529332161,0.09696969389915466
YDL197C,YER116C,0,-6.945748,0.054621849209070206,0.05627705529332161,0.09740259498357773
YHR001W-A,YJR019C,0,-6.9466724,0.054393306374549866,0.05627705529332161,0.0978354960680008
YHR073W,YHR001W,1,-6.9492884,0.05833333358168602,0.06060606241226196,0.0978354960680008
YGL180W,YDL118W,0,-6.951419,0.058091286569833755,0.06060606241226196,0.09826839715242386
YPL060W,YMR190C,0,-6.9532824,0.057851240038871765,0.06060606241226196,0.09870129823684692
YPL157W,YLR277C,0,-6.9558964,0.05761316791176796,0.06060606241226196,0.09913419932126999
YPL060W,YFR031C,0,-6.96399,0.05737704783678055,0.06060606241226196,0.09956710040569305
YMR162C,YPL145C,1,-6.965895,0.06122449040412903,0.06493506580591202,0.09956710040569305
YIL095W,YPR036W,0,-6.967615,0.060975611209869385,0.06493506580591202,0.10000000149011612
YPL063W,YML045W,0,-6.968322,0.06072874367237091,0.06493506580591202,0.10043290257453918
YGR142W,YBR274W,0,-6.968686,0.060483869165182114,0.06493506580591202,0.10086580365896225
YFL011W-A,YML078W,0,-6.968872,0.0602409653365612,0.06493506580591202,0.10129870474338531
YML057W,YDL154W,0,-6.9693394,0.05999999865889549,0.06493506580591202,0.10173159837722778
YLR433C,YBL005W-A,0,-6.9704676,0.05976095795631409,0.06493506580591202,0.10216449946165085
YOL021C,YGR057C,0,-6.972344,0.0595238097012043,0.06493506580591202,0.10259740054607391
YER108C,YGR275W,0,-6.9744825,0.05928853899240494,0.06493506580591202,0.10303030163049698
YML110C,YFL060C,0,-6.9784656,0.05905511975288391,0.06493506580591202,0.10346320271492004
YJR006W,YML061C,0,-6.979323,0.05882352963089943,0.06493506580591202,0.10389610379934311
YEL009C,YKL095W,0,-6.9866805,0.05859375,0.06493506580591202,0.10432900488376617
YLR361C,YMR013C,0,-6.987105,0.05836575850844383,0.06493506580591202,0.10476190596818924
YNL048W,YCR058C,0,-6.9885335,0.058139536529779434,0.06493506580591202,0.1051948070526123
YCR067C,YAR010C,0,-6.9903874,0.057915057986974716,0.06493506580591202,0.10562770813703537
YBR061C,YIR026C,0,-6.991497,0.057692307978868484,0.06493506580591202,0.10606060922145844
YGR037C,YBR041W,1,-6.9915996,0.061302680522203445,0.06926406919956207,0.10606060922145844
YER164W,YBR215W,0,-6.991701,0.06106870248913765,0.06926406919956207,0.1064935028553009
YOR099W,YGL022W,0,-6.9923677,0.06083650141954422,0.06926406919956207,0.10692640393972397
YNL135C,YLR346C,0,-6.992585,0.06060606241226196,0.06926406919956207,0.10735930502414703
YKL014C,YOR008C-A,0,-6.9939117,0.06037735939025879,0.06926406919956207,0.1077922061085701
YMR037C,YGL244W,0,-6.994813,0.060150377452373505,0.06926406919956207,0.10822510719299316
YIR041W,YGR056W,0,-6.9974427,0.05992509424686432,0.06926406919956207,0.10865800827741623
YML112W,YDL128W,0,-7.0003567,0.05970149114727974,0.06926406919956207,0.1090909093618393
YPR128C,YBR089C-A,0,-7.0005517,0.05947955325245857,0.06926406919956207,0.10952381044626236
YAL011W,YMR045C,0,-7.007745,0.05925925821065903,0.06926406919956207,0.10995671153068542
YGL039W,YGR161C-C,0,-7.0102367,0.05904059112071991,0.06926406919956207,0.11038961261510849
YLR007W,YOR279C,0,-7.012847,0.05882352963089943,0.06926406919956207,0.11082251369953156
YDL074C,YMR037C,0,-7.01289,0.05860805884003639,0.06926406919956207,0.11125541478395462
YMR060C,YGL115W,0,-7.013834,0.058394160121679306,0.06926406919956207,0.11168830841779709
YAL051W,YAL016W,0,-7.014386,0.05818181857466698,0.06926406919956207,0.11212120950222015
YEL061C,YMR044W,0,-7.0153704,0.05797101557254791,0.06926406919956207,0.11255411058664322
YPR105C,YKL079W,0,-7.0190682,0.05776173248887062,0.06926406919956207,0.11298701167106628
YER133W,YBL033C,0,-7.0210648,0.057553958147764206,0.06926406919956207,0.11341991275548935
YDR434W,YNL243W,0,-7.022025,0.05734767019748688,0.06926406919956207,0.11385281383991241
YPL145C,YAR042W,1,-7.023543,0.06071428582072258,0.07359307259321213,0.11385281383991241
YIL036W,YIR004W,0,-7.023696,0.06049821898341179,0.07359307259321213,0.11428571492433548
YKL048C,YGL073W,0,-7.026701,0.060283686965703964,0.07359307259321213,0.11471861600875854
YPL132W,YML131W,0,-7.0290027,0.060070671141147614,0.07359307259321213,0.11515151709318161
YPL028W,YNL263C,0,-7.0295115,0.05985915660858154,0.07359307259321213,0.11558441817760468
YLR119W,YCL075W,0,-7.0310245,0.05964912101626396,0.07359307259321213,0.11601731926202774
YJR022W,YDR285W,0,-7.0316133,0.05944056063890457,0.07359307259321213,0.11645021289587021
YBR024W,YOR338W,0,-7.0317335,0.05923344939947128,0.07359307259321213,0.11688311398029327
YKR095W-A,YNL250W,0,-7.035083,0.0590277761220932,0.07359307259321213,0.11731601506471634
YLR242C,YNL264C,1,-7.037159,0.06228373572230339,0.07792207598686218,0.11731601506471634
YIL051C,YLL021W,0,-7.038738,0.062068965286016464,0.07792207598686218,0.1177489161491394
YNL129W,YER013W,0,-7.042286,0.06185567006468773,0.07792207598686218,0.11818181723356247
YKL049C,YMR045C,0,-7.0425587,0.06164383515715599,0.07792207598686218,0.11861471831798553
YNL166C,YKR079C,0,-7.042935,0.061433445662260056,0.07792207598686218,0.1190476194024086
YBR243C,YMR012W,0,-7.0435953,0.06122449040412903,0.07792207598686218,0.11948052048683167
YOR316C,YLR148W,0,-7.044565,0.06101695075631142,0.07792207598686218,0.11991342157125473
YOR039W,YNL156C,0,-7.044612,0.06081081181764603,0.07792207598686218,0.1203463226556778
YPR019W,YMR050C,0,-7.0528092,0.06060606241226196,0.07792207598686218,0.12077922374010086
YGL206C,YPR023C,0,-7.0553517,0.06040268391370773,0.07792207598686218,0.12121212482452393
YLL001W,YGR197C,0,-7.059187,0.06020066887140274,0.07792207598686218,0.1216450184583664
YBR119W,YGR007W,0,-7.0614266,0.05999999865889549,0.07792207598686218,0.12207791954278946
YEL015W,YHR165C,0,-7.0620527,0.05980066582560539,0.07792207598686218,0.12251082062721252
YOR113W,YIR011C,0,-7.0635996,0.05960264801979065,0.07792207598686218,0.12294372171163559
YDR079W,YPL007C,0,-7.0685635,0.059405941516160965,0.07792207598686218,0.12337662279605865
YPL145C,YDL046W,1,-7.069916,0.0625,0.08225107938051224,0.12337662279605865
YER133W,YML097C,0,-7.0709534,0.062295082956552505,0.08225107938051224,0.12380952388048172
YDR108W,YDL090C,0,-7.07206,0.06209150329232216,0.08225107938051224,0.12424242496490479
YML059C,YAR008W,0,-7.0754027,0.061889249831438065,0.08225107938051224,0.12467532604932785
YDL005C,YCL075W,0,-7.0761156,0.06168831139802933,0.08225107938051224,0.12510822713375092
YKL114C,YMR239C,0,-7.0795336,0.06148867309093475,0.08225107938051224,0.12554112076759338
YDL178W,YDL128W,0,-7.08022,0.06129032373428345,0.08225107938051224,0.12597402930259705
YCL011C,YPL050C,0,-7.0809703,0.061093248426914215,0.08225107938051224,0.12640692293643951
YNR032C-A,YKL141W,0,-7.0829787,0.06089743599295616,0.08225107938051224,0.12683983147144318
YER025W,YML045W,0,-7.083845,0.06070287525653839,0.08225107938051224,0.12727272510528564
YBR041W,YAR042W,1,-7.0848637,0.06369426846504211,0.08658009022474289,0.12727272510528564
YDL175C,YBR077C,0,-7.0859833,0.0634920671582222,0.08658009022474289,0.1277056336402893
YNL230C,YAL016W,0,-7.08612,0.06329113990068436,0.08658009022474289,0.12813852727413177
YER166W,YMR079W,1,-7.0872755,0.06624605506658554,0.09090909361839294,0.12813852727413177
YFL034C-B,YKL154W,0,-7.0880165,0.06603773683309555,0.09090909361839294,0.12857143580913544
YMR275C,YAL058W,0,-7.0881276,0.06583072245121002,0.09090909361839294,0.1290043294429779
YLR033W,YGR090W,0,-7.088465,0.06562499701976776,0.09090909361839294,0.12943722307682037
YOL148C,YPL041C,0,-7.0889144,0.06542056053876877,0.09090909361839294,0.12987013161182404
YBR236C,YER108C,0,-7.089703,0.06521739065647125,0.09090909361839294,0.1303030252456665
YAL029C,YDR362C,0,-7.094843,0.06501547992229462,0.09090909361839294,0.13073593378067017
YOR371C,YPL151C,0,-7.0961523,0.06481481343507767,0.09090909361839294,0.13116882741451263
YML019W,YPR086W,0,-7.0966063,0.06461538374423981,0.09090909361839294,0.1316017359495163
YJL053W,YDL159W,0,-7.097666,0.06441717594861984,0.09090909361839294,0.13203462958335876
YJL092W,YDR311W,0,-7.0984116,0.06422018259763718,0.09090909361839294,0.13246753811836243
YPL127C,YOR123C,0,-7.0990415,0.06402438879013062,0.09090909361839294,0.1329004317522049
YNR072W,YOR193W,0,-7.101903,0.06382978707551956,0.09090909361839294,0.13333334028720856
YER006W,YGR095C,0,-7.102303,0.06363636255264282,0.09090909361839294,0.13376623392105103
YNL049C,YOR008C-A,0,-7.1053333,0.0634441077709198,0.09090909361839294,0.1341991275548935
YGL190C,YPL169C,0,-7.106141,0.0632530152797699,0.09090909361839294,0.13463203608989716
YPL249C,YER138C,0,-7.108442,0.06306306272745132,0.09090909361839294,0.13506492972373962
YDR363W,YIR015W,0,-7.1143665,0.06287425011396408,0.09090909361839294,0.1354978382587433
YDR314C,YIL066C,0,-7.1197157,0.06268656998872757,0.09090909361839294,0.13593073189258575
YER166W,YNL231C,1,-7.120516,0.065476194024086,0.095238097012043,0.13593073189258575
YEL053C,YOR001W,0,-7.1230397,0.06528189778327942,0.095238097012043,0.13636364042758942
YIR013C,YGL211W,0,-7.1276336,0.06508875638246536,0.095238097012043,0.13679653406143188
YOL080C,YJL138C,0,-7.130234,0.06489675492048264,0.095238097012043,0.13722944259643555
YLR144C,YKR083C,0,-7.131856,0.06470588594675064,0.095238097012043,0.13766233623027802
YNL201C,YIL056W,0,-7.133472,0.06451612710952759,0.095238097012043,0.13809524476528168
YLR396C,YDR372C,0,-7.1368446,0.06432748585939407,0.095238097012043,0.13852813839912415
YBR275C,YGL145W,0,-7.1394587,0.0641399398446083,0.095238097012043,0.1389610320329666
YPL149W,YER031C,0,-7.1404095,0.06395348906517029,0.095238097012043,0.13939394056797028
YLR242C,YOR011W,1,-7.1404123,0.06666667014360428,0.09956710040569305,0.13939394056797028
YGL236C,YBR192W,0,-7.140437,0.06647399067878723,0.09956710040569305,0.13982683420181274
YMR231W,YPR178W,0,-7.1408405,0.06628242135047913,0.09956710040569305,0.1402597427368164
YGR029W,YDR221W,0,-7.1417193,0.06609195470809937,0.09956710040569305,0.14069263637065887
YDL056W,YDR362C,0,-7.1423016,0.06590257585048676,0.09956710040569305,0.14112554490566254
YDL220C,YGL216W,0,-7.143661,0.0657142847776413,0.09956710040569305,0.141558438539505
YBR211C,YLL009C,0,-7.1460147,0.0655270665884018,0.09956710040569305,0.14199134707450867
YAL035W,YER160C,0,-7.148403,0.06534090638160706,0.09956710040569305,0.14242424070835114
YBR223C,YIL017W,0,-7.148841,0.06515580415725708,0.09956710040569305,0.1428571492433548
YDR375C,YBR231C,0,-7.149314,0.06497175246477127,0.09956710040569305,0.14329004287719727
YKL170W,YMR013C,0,-7.1507993,0.06478872895240784,0.09956710040569305,0.14372293651103973
YOR011W,YAL026C,1,-7.151846,0.06741572916507721,0.10389610379934311,0.14372293651103973
YGR185C,YMR051C,0,-7.154076,0.06722689419984818,0.10389610379934311,0.1441558450460434
YLR450W,YLR347C,0,-7.156344,0.0670391097664833,0.10389610379934311,0.14458873867988586
YBL009W,YFR051C,0,-7.156717,0.06685236841440201,0.10389610379934311,0.14502164721488953
YLR115W,YDR464W,0,-7.159405,0.06666667014360428,0.10389610379934311,0.145454540848732
YDL178W,YKR028W,0,-7.1667776,0.06648199260234833,0.10389610379934311,0.14588744938373566
YDL236W,YNR023W,0,-7.1686673,0.06629834324121475,0.10389610379934311,0.14632034301757812
YDR320C-A,YFL018W-A,0,-7.1691623,0.06611569970846176,0.10389610379934311,0.1467532515525818
YHR067W,YOL066C,0,-7.1693,0.06593406945466995,0.10389610379934311,0.14718614518642426
YBR289W,YJL154C,0,-7.170872,0.06575342267751694,0.10389610379934311,0.14761905372142792
YFL048C,YOR367W,0,-7.173504,0.06557376682758331,0.10389610379934311,0.14805194735527039
YCR039C,YHR086W,0,-7.1735563,0.06539509445428848,0.10389610379934311,0.14848485589027405
YDR240C,YDR464W,0,-7.1754775,0.06521739065647125,0.10389610379934311,0.14891774952411652
YOR079C,YKR062W,0,-7.1769185,0.06504064798355103,0.10389610379934311,0.14935064315795898
YJL170C,YKL070W,0,-7.184101,0.0648648664355278,0.10389610379934311,0.14978355169296265
YDR201W,YNL263C,0,-7.1861944,0.06469002366065979,0.10389610379934311,0.15021644532680511
YPL094C,YGR116W,0,-7.187023,0.06451612710952759,0.10389610379934311,0.15064935386180878
YMR142C,YBL005W-A,0,-7.187063,0.06434316188097,0.10389610379934311,0.15108224749565125
YBR041W,YPL145C,1,-7.1891794,0.06684491783380508,0.10822510719299316,0.15108224749565125
YKL051W,YER100W,0,-7.19075,0.06666667014360428,0.10822510719299316,0.1515151560306549
YPR178W,YPL253C,0,-7.1916103,0.06648936122655869,0.10822510719299316,0.15194804966449738
YIL150C,YGL089C,0,-7.192198,0.0663129985332489,0.10822510719299316,0.15238095819950104
YDL002C,YOL122C,0,-7.192602,0.06613756716251373,0.10822510719299316,0.1528138518333435
YKR053C,YJR141W,0,-7.193049,0.06596305966377258,0.10822510719299316,0.15324676036834717
YLR450W,YKL200C,0,-7.194976,0.06578947603702545,0.10822510719299316,0.15367965400218964
YIL051C,YJL186W,0,-7.195191,0.06561680138111115,0.10822510719299316,0.1541125476360321
YLR246W,YPL045W,0,-7.1966505,0.06544502824544907,0.10822510719299316,0.15454545617103577
YJR121W,YJL020C,0,-7.197623,0.06527414917945862,0.10822510719299316,0.15497834980487823
YLR274W,YKR062W,0,-7.19909,0.0651041641831398,0.10822510719299316,0.1554112583398819
YPL145C,YHR073W,1,-7.19952,0.06753246486186981,0.11255411058664322,0.1554112583398819
YMR227C,YJR026W,0,-7.1996503,0.06735751032829285,0.11255411058664322,0.15584415197372437
YKR003W,YIL013C,1,-7.2002077,0.06976744532585144,0.11688311398029327,0.15584415197372437
YLR238W,YNL326C,0,-7.2012777,0.06958762556314468,0.11688311398029327,0.15627706050872803
YMR298W,YNL247W,0,-7.201439,0.06940873712301254,0.11688311398029327,0.1567099541425705
YGL163C,YNL309W,0,-7.201825,0.06923077255487442,0.11688311398029327,0.15714286267757416
YML078W,YFR027W,0,-7.202018,0.06905370950698853,0.11688311398029327,0.15757575631141663
YDL117W,YMR087W,0,-7.2058253,0.06887754797935486,0.11688311398029327,0.1580086648464203
YFL009W,YAL051W,0,-7.2094803,0.06870228797197342,0.11688311398029327,0.15844155848026276
YER110C,YLR455W,0,-7.21432,0.06852792203426361,0.11688311398029327,0.15887445211410522
YNL135C,YDR404C,0,-7.2148695,0.06835442781448364,0.11688311398029327,0.1593073606491089
YGL029W,YOR119C,0,-7.215534,0.06818182021379471,0.11688311398029327,0.15974025428295135
YDL197C,YCL067C,0,-7.216526,0.06801007688045502,0.11688311398029327,0.16017316281795502
YGL092W,YPL235W,0,-7.2177114,0.06783919781446457,0.11688311398029327,0.16060605645179749
YOL042W,YMR091C,0,-7.218701,0.06766917556524277,0.11688311398029327,0.16103896498680115
YMR056C,YJR084W,0,-7.219407,0.06750000268220901,0.11688311398029327,0.16147185862064362
YLR459W,YOL133W,0,-7.2196045,0.06733167171478271,0.11688311398029327,0.16190476715564728
YLR433C,YOR103C,0,-7.2197585,0.06716418266296387,0.11688311398029327,0.16233766078948975
YDR005C,YMR075W,0,-7.2203603,0.06699752062559128,0.11688311398029327,0.1627705693244934
YDR054C,YOR261C,0,-7.2225094,0.06683168560266495,0.11688311398029327,0.16320346295833588
YER008C,YDR310C,0,-7.2255163,0.06666667014360428,0.11688311398029327,0.16363635659217834
YHR058C,YDL033C,0,-7.226942,0.06650245934724808,0.11688311398029327,0.164069265127182
YMR043W,YBR080C,0,-7.2276163,0.06633906811475754,0.11688311398029327,0.16450215876102448
YGR037C,YDL046W,1,-7.2292314,0.06862745434045792,0.12121212482452393,0.16450215876102448
YGL222C,YPL011C,0,-7.230441,0.0684596598148346,0.12121212482452393,0.16493506729602814
YMR175W,YMR210W,0,-7.2315693,0.06829268485307693,0.12121212482452393,0.1653679609298706
YGL223C,YGL046W,0,-7.231661,0.06812652200460434,0.12121212482452393,0.16580086946487427
YBL013W,YMR013C,0,-7.234623,0.06796116381883621,0.12121212482452393,0.16623376309871674
YDL174C,YLL013C,0,-7.235759,0.06779661029577255,0.12121212482452393,0.1666666716337204
YKL160W,YML028W,0,-7.2411375,0.06763284653425217,0.12121212482452393,0.16709956526756287
YCL008C,YKL203C,0,-7.2416735,0.06746987998485565,0.12121212482452393,0.16753247380256653
YER068W,YJL026W,0,-7.242181,0.06730769574642181,0.12121212482452393,0.167965367436409
YDL235C,YLR346C,0,-7.244097,0.06714628636837006,0.12121212482452393,0.16839826107025146
YML081C-A,YOR045W,0,-7.2481327,0.06698564440011978,0.12121212482452393,0.16883116960525513
YKR034W,YNL309W,0,-7.248952,0.06682577729225159,0.12121212482452393,0.1692640632390976
YLR330W,YML098W,0,-7.2529907,0.06666667014360428,0.12121212482452393,0.16969697177410126
YHR001W,YNL231C,1,-7.253289,0.06888361275196075,0.12554112076759338,0.16969697177410126
YCR048W,YOR301W,0,-7.2535152,0.06872037798166275,0.12554112076759338,0.17012986540794373
YDR414C,YER126C,0,-7.253568,0.06855791807174683,0.12554112076759338,0.1705627739429474
YCR075C,YNL156C,0,-7.2590714,0.06839622557163239,0.12554112076759338,0.17099566757678986
YHR005C,YPL016W,0,-7.2591443,0.06823529303073883,0.12554112076759338,0.17142857611179352
YDL220C,YOR305W,0,-7.2594557,0.06807512044906616,0.12554112076759338,0.171861469745636
YPR051W,YJR160C,0,-7.261148,0.06791569292545319,0.12554112076759338,0.17229437828063965
YDL159W,YHR135C,0,-7.2617407,0.0677570104598999,0.12554112076759338,0.17272727191448212
YOR209C,YDR392W,0,-7.2619934,0.06759906560182571,0.12554112076759338,0.17316018044948578
YJL101C,YCL075W,0,-7.2622313,0.06744185835123062,0.12554112076759338,0.17359307408332825
YNL294C,YGL098W,0,-7.2649627,0.06728538125753403,0.12554112076759338,0.17402596771717072
YOR123C,YML062C,0,-7.2685003,0.06712962687015533,0.12554112076759338,0.17445887625217438
YFL009W,YIL037C,0,-7.268816,0.06697459518909454,0.12554112076759338,0.17489176988601685
YBL082C,YNL326C,0,-7.270261,0.06682027876377106,0.12554112076759338,0.1753246784210205
YDL188C,YIL101C,0,-7.2711916,0.06666667014360428,0.12554112076759338,0.17575757205486298
YNL059C,YDR194C,0,-7.2730403,0.06651376187801361,0.12554112076759338,0.17619048058986664
YHR001W,YKL188C,1,-7.2742696,0.06864988803863525,0.12987013161182404,0.17619048058986664
YPL145C,YNL264C,1,-7.2752533,0.07077625393867493,0.1341991275548935,0.17619048058986664
YMR052W,YEL062W,0,-7.276557,0.07061503082513809,0.1341991275548935,0.1766233742237091
YNL111C,YLR224W,0,-7.277522,0.07045454531908035,0.1341991275548935,0.17705628275871277
YKL139W,YJR043C,0,-7.2779665,0.07029478251934052,0.1341991275548935,0.17748917639255524
YGR120C,YPR110C,0,-7.2815843,0.07013574987649918,0.1341991275548935,0.1779220849275589
YGR270W,YHR020W,0,-7.2823095,0.06997742503881454,0.1341991275548935,0.17835497856140137
YJR092W,YDL226C,0,-7.285166,0.06981982290744781,0.1341991275548935,0.17878787219524384
YIR009W,YKR037C,0,-7.2912297,0.0696629211306572,0.1341991275548935,0.1792207807302475
YGL019W,YER160C,0,-7.2921834,0.06950672715902328,0.1341991275548935,0.17965367436408997
YDL181W,YHR050W,0,-7.2926445,0.06935123354196548,0.1341991275548935,0.18008658289909363
YOR126C,YPL188W,0,-7.2961817,0.0691964253783226,0.1341991275548935,0.1805194765329361
YDL164C,YIL147C,0,-7.2968407,0.06904231756925583,0.1341991275548935,0.18095238506793976
YNL333W,YDR407C,0,-7.2979813,0.06888888776302338,0.1341991275548935,0.18138527870178223
YPL275W,YLR384C,0,-7.298514,0.06873614341020584,0.1341991275548935,0.1818181872367859
YDR168W,YDL090C,0,-7.298562,0.06858406960964203,0.1341991275548935,0.18225108087062836
YOR074C,YBR159W,0,-7.2991467,0.06843267381191254,0.1341991275548935,0.18268398940563202
YJL194W,YBL005W-A,0,-7.301172,0.06828194111585617,0.1341991275548935,0.1831168830394745
YJL039C,YDR057W,0,-7.301421,0.06813187152147293,0.1341991275548935,0.18354977667331696
YMR065W,YML109W,0,-7.3020096,0.06798245757818222,0.1341991275548935,0.18398268520832062
YDR181C,YLR212C,0,-7.3048525,0.06783369928598404,0.1341991275548935,0.18441557884216309
YEL030W,YDR177W,0,-7.305055,0.06768558919429779,0.1341991275548935,0.18484848737716675
YGR120C,YDR235W,0,-7.30645,0.06753812730312347,0.1341991275548935,0.18528138101100922
YEL015W,YJR102C,0,-7.307321,0.0673913061618805,0.1341991275548935,0.18571428954601288
YER116C,YHR014W,0,-7.308317,0.06724511831998825,0.1341991275548935,0.18614718317985535
YGR036C,YDL017W,0,-7.3083777,0.06709956377744675,0.1341991275548935,0.186580091714859
YPL115C,YBR165W,0,-7.3088284,0.06695464253425598,0.1341991275548935,0.18701298534870148
YGR037C,YNL231C,1,-7.3092747,0.06896551698446274,0.13852813839912415,0.18701298534870148
YLR210W,YNL216W,0,-7.3102064,0.06881720572710037,0.13852813839912415,0.18744589388370514
YBR057C,YIR015W,0,-7.31037,0.06866952776908875,0.13852813839912415,0.1878787875175476
YML112W,YHL031C,0,-7.3134947,0.06852248311042786,0.13852813839912415,0.18831168115139008
YBR057C,YER013W,0,-7.3143706,0.0683760717511177,0.13852813839912415,0.18874458968639374
YDL198C,YGL207W,0,-7.3149867,0.0682302787899971,0.13852813839912415,0.1891774833202362
YLR242C,YMR079W,1,-7.317213,0.07021276652812958,0.1428571492433548,0.1891774833202362
YGR284C,YMR219W,0,-7.319506,0.07006369531154633,0.1428571492433548,0.18961039185523987
YPL026C,YAR010C,0,-7.3198647,0.06991525739431381,0.1428571492433548,0.19004328548908234
YDR091C,YGL049C,0,-7.3200817,0.06976744532585144,0.1428571492433548,0.190476194024086
YMR237W,YNL225C,0,-7.321314,0.06962025165557861,0.1428571492433548,0.19090908765792847
YOL139C,YER129W,0,-7.3231974,0.06947368383407593,0.1428571492433548,0.19134199619293213
YFL009W,YER161C,0,-7.3244677,0.06932773441076279,0.1428571492433548,0.1917748898267746
YOR250C,YJR007W,0,-7.3250084,0.069182388484478,0.1428571492433548,0.19220779836177826
YMR025W,YAL022C,0,-7.325015,0.06903765350580215,0.1428571492433548,0.19264069199562073
YNL059C,YMR235C,0,-7.3262787,0.06889352947473526,0.1428571492433548,0.1930735856294632
YGL238W,YGR090W,0,-7.326881,0.06875000149011612,0.1428571492433548,0.19350649416446686
YLR022C,YOL124C,0,-7.3270245,0.06860706955194473,0.1428571492433548,0.19393938779830933
YGL173C,YBL046W,0,-7.328719,0.0684647336602211,0.1428571492433548,0.194372296333313
YNL197C,YIL077C,0,-7.331196,0.06832297891378403,0.1428571492433548,0.19480518996715546
YOL039W,YGR063C,0,-7.333315,0.06818182021379471,0.1428571492433548,0.19523809850215912
YLR242C,YHR001W,1,-7.3347216,0.07010309398174286,0.14718614518642426,0.19523809850215912
YOR266W,YLR208W,0,-7.336571,0.06995885074138641,0.14718614518642426,0.1956709921360016
YGR116W,YGR211W,0,-7.3385625,0.06981519609689713,0.14718614518642426,0.19610390067100525
YDR429C,YLR003C,0,-7.3386965,0.069672130048275,0.14718614518642426,0.19653679430484772
YER030W,YGL049C,0,-7.3390193,0.06952965259552002,0.14718614518642426,0.19696970283985138
YPL187W,YOR229W,0,-7.3402853,0.0693877562880516,0.14718614518642426,0.19740259647369385
YNL072W,YNL339C,0,-7.3407335,0.06924643367528915,0.14718614518642426,0.1978355050086975
YDR198C,YML039W,0,-7.34196,0.06910569220781326,0.14718614518642426,0.19826839864253998
YDL194W,YBR058C,0,-7.3422456,0.06896551698446274,0.14718614518642426,0.19870129227638245
YBL008W,YML021C,0,-7.342522,0.06882590800523758,0.14718614518642426,0.1991342008113861
YNR032C-A,YFR003C,0,-7.3436904,0.06868686527013779,0.14718614518642426,0.19956709444522858
YFL057C,YFL048C,0,-7.344533,0.06854838877916336,0.14718614518642426,0.20000000298023224
YML059C,YBR171W,0,-7.344844,0.0684104636311531,0.14718614518642426,0.2004328966140747
YNL326C,YDL036C,0,-7.3458586,0.06827308982610703,0.14718614518642426,0.20086580514907837
YBR153W,YJR110W,0,-7.346792,0.06813627481460571,0.14718614518642426,0.20129869878292084
YDR137W,YDR310C,0,-7.347437,0.06800000369548798,0.14718614518642426,0.2017316073179245
YGR254W,YHR050W,0,-7.348757,0.06786426901817322,0.14718614518642426,0.20216450095176697
YGR037C,YHR073W,1,-7.3542166,0.06972111761569977,0.1515151560306549,0.20216450095176697
YOR274W,YIR011C,0,-7.35658,0.0695825070142746,0.1515151560306549,0.20259740948677063
YBR279W,YIL173W,0,-7.357929,0.0694444477558136,0.1515151560306549,0.2030303031206131
YIL051C,YOR265W,0,-7.3592033,0.06930693238973618,0.1515151560306549,0.20346319675445557
YNL118C,YNL201C,0,-7.3599787,0.06916996091604233,0.1515151560306549,0.20389610528945923
YLR160C,YPL275W,0,-7.36002,0.06903353333473206,0.1515151560306549,0.2043289989233017
YPR105C,YHR027C,0,-7.360242,0.06889763474464417,0.1515151560306549,0.20476190745830536
YBL090W,YJR141W,0,-7.3607335,0.06876228004693985,0.1515151560306549,0.20519480109214783
YGL045W,YNL313C,0,-7.360965,0.06862745434045792,0.1515151560306549,0.2056277096271515
YMR281W,YHL012W,0,-7.362446,0.06849315017461777,0.1515151560306549,0.20606060326099396
YGR037C,YER166W,1,-7.3627176,0.0703125,0.15584415197372437,0.20606060326099396
YDR423C,YLR208W,0,-7.363991,0.07017543911933899,0.15584415197372437,0.20649351179599762
YGL178W,YIL021W,0,-7.3648367,0.07003890722990036,0.15584415197372437,0.2069264054298401
YOR027W,YBR216C,0,-7.3656054,0.06990291178226471,0.15584415197372437,0.20735931396484375
YHR142W,YML045W,0,-7.3662944,0.06976744532585144,0.15584415197372437,0.20779220759868622
YDR017C,YPL019C,0,-7.3668137,0.06963249295949936,0.15584415197372437,0.2082251012325287
YML049C,YLR139C,0,-7.367633,0.06949806958436966,0.15584415197372437,0.20865800976753235
YGR099W,YBR123C,0,-7.3686137,0.06936416029930115,0.15584415197372437,0.20909090340137482
YGR264C,YAL029C,0,-7.3727713,0.06923077255487442,0.15584415197372437,0.20952381193637848
YML057W,YFR040W,0,-7.3731413,0.06909789144992828,0.15584415197372437,0.20995670557022095
YNR030W,YDR331W,0,-7.37455,0.06896551698446274,0.15584415197372437,0.2103896141052246
YML012W,YOL122C,0,-7.3751483,0.06883364915847778,0.15584415197372437,0.21082250773906708
YOR126C,YCL044C,0,-7.376078,0.06870228797197342,0.15584415197372437,0.21125541627407074
YOR377W,YGL130W,0,-7.377471,0.06857142597436905,0.15584415197372437,0.2116883099079132
YNL264C,YMR079W,1,-7.3816476,0.07034220546483994,0.16017316281795502,0.2116883099079132
YHR073W,YKL188C,1,-7.381918,0.0721062645316124,0.16450215876102448,0.2116883099079132
YEL027W,YPL224C,0,-7.383293,0.07196969538927078,0.16450215876102448,0.21212121844291687
YGL047W,YAL055W,0,-7.385241,0.07183364778757095,0.16450215876102448,0.21255411207675934
YNL099C,YBR129C,0,-7.386183,0.07169811427593231,0.16450215876102448,0.2129870057106018
YDL033C,YBR223C,0,-7.386259,0.07156308740377426,0.16450215876102448,0.21341991424560547
YPR020W,YNR017W,0,-7.387516,0.0714285746216774,0.16450215876102448,0.21385280787944794
YBR202W,YBL102W,0,-7.3878794,0.07129456102848053,0.16450215876102448,0.2142857164144516
YER155C,YMR293C,0,-7.388158,0.07116104662418365,0.16450215876102448,0.21471861004829407
YOR079C,YJL201W,0,-7.3884735,0.07102803885936737,0.16450215876102448,0.21515151858329773
YGR246C,YOR144C,0,-7.389476,0.07089552283287048,0.16450215876102448,0.2155844122171402
YDR225W,YBL100W-B,0,-7.392081,0.070763498544693,0.16450215876102448,0.21601732075214386
YPL200W,YNL262W,0,-7.394683,0.0706319734454155,0.16450215876102448,0.21645021438598633
YJL095W,YOR388C,0,-7.396559,0.0705009251832962,0.16450215876102448,0.21688312292099
YGR037C,YLR242C,1,-7.396578,0.07222222536802292,0.16883116960525513,0.21688312292099
YDR096W,YOR126C,0,-7.39777,0.07208872586488724,0.16883116960525513,0.21731601655483246
YBR002C,YOR344C,0,-7.3983617,0.07195571810007095,0.16883116960525513,0.21774892508983612
YPL145C,YMR079W,1,-7.4036264,0.0736648216843605,0.17316018044948578,0.21774892508983612
YMR060C,YPL214C,0,-7.4038286,0.07352941483259201,0.17316018044948578,0.2181818187236786
YGR284C,YGR212W,0,-7.4040937,0.07339449226856232,0.17316018044948578,0.21861471235752106
YER166W,YIL013C,1,-7.4042387,0.07509157806634903,0.17748917639255524,0.21861471235752106
YER183C,YMR004W,0,-7.404969,0.07495429366827011,0.17748917639255524,0.21904762089252472
YPL060W,YOL104C,0,-7.4058104,0.07481751590967178,0.17748917639255524,0.2194805145263672
YPL228W,YNL241C,0,-7.4077415,0.07468123733997345,0.17748917639255524,0.21991342306137085
YHR154W,YDR201W,0,-7.407968,0.07454545795917511,0.17748917639255524,0.22034631669521332
YGL116W,YGR227W,0,-7.4100213,0.07441016286611557,0.17748917639255524,0.22077922523021698
YMR285C,YBR260C,0,-7.410724,0.07427535951137543,0.17748917639255524,0.22121211886405945
YLR096W,YIL173W,0,-7.410817,0.07414104789495468,0.17748917639255524,0.2216450273990631
YJL179W,YHR079C-A,0,-7.4119368,0.07400722056627274,0.17748917639255524,0.22207792103290558
YPL214C,YJL012C,0,-7.4134803,0.07387387752532959,0.17748917639255524,0.22251082956790924
YAR002W,YGL145W,0,-7.414809,0.07374100387096405,0.17748917639255524,0.2229437232017517
YGR009C,YGR141W,0,-7.4163094,0.07360861450433731,0.17748917639255524,0.22337661683559418
YGR029W,YIL138C,0,-7.4165215,0.07347670197486877,0.17748917639255524,0.22380952537059784
YGL029W,YMR243C,0,-7.4178,0.07334525883197784,0.17748917639255524,0.2242424190044403
YGL084C,YKR008W,0,-7.420327,0.07321428507566452,0.17748917639255524,0.22467532753944397
YER166W,YDL046W,1,-7.42087,0.07486630976200104,0.1818181872367859,0.22467532753944397
YML099C,YPL082C,0,-7.421508,0.07473309338092804,0.1818181872367859,0.22510822117328644
YDL102W,YKR002W,0,-7.4235086,0.07460035383701324,0.1818181872367859,0.2255411297082901
YGR037C,YHR001W,1,-7.4247746,0.076241135597229,0.18614718317985535,0.2255411297082901
YBL097W,YPR088C,0,-7.4249277,0.07610619813203812,0.18614718317985535,0.22597402334213257
YGR098C,YOR076C,0,-7.4253473,0.07597173005342484,0.18614718317985535,0.22640693187713623
YLR242C,YPL145C,1,-7.425509,0.07760141044855118,0.190476194024086,0.22640693187713623
YER166W,YAL026C,1,-7.426203,0.07922535389661789,0.19480518996715546,0.22640693187713623
YEL061C,YBR086C,0,-7.426797,0.07908611744642258,0.19480518996715546,0.2268398255109787
YCR107W,YNL021W,0,-7.4276333,0.07894736528396606,0.19480518996715546,0.22727273404598236
YER166W,YKR003W,1,-7.429563,0.08056042343378067,0.1991342008113861,0.22727273404598236
YOR079C,YER138C,0,-7.4301586,0.08041957765817642,0.1991342008113861,0.22770562767982483
YCL016C,YDL033C,0,-7.4316893,0.08027923107147217,0.1991342008113861,0.2281385213136673
YNL118C,YOR084W,0,-7.432188,0.08013937622308731,0.1991342008113861,0.22857142984867096
YDR418W,YMR134W,0,-7.4326,0.07999999821186066,0.1991342008113861,0.22900432348251343
YKL114C,YJL074C,0,-7.432786,0.0798611119389534,0.1991342008113861,0.2294372320175171
YHL003C,YDR470C,0,-7.4331446,0.07972270250320435,0.1991342008113861,0.22987012565135956
YOR036W,YLR466W,0,-7.4331636,0.07958477735519409,0.1991342008113861,0.23030303418636322
YPR155C,YGR044C,0,-7.433511,0.07944732159376144,0.1991342008113861,0.2307359278202057
YAL055W,YDL120W,0,-7.4342093,0.079310342669487,0.1991342008113861,0.23116883635520935
YBR201W,YGR186W,0,-7.4353995,0.07917384058237076,0.1991342008113861,0.23160172998905182
YDL236W,YIL120W,0,-7.435563,0.07903780043125153,0.1991342008113861,0.23203463852405548
YMR207C,YKR038C,0,-7.436102,0.0789022296667099,0.1991342008113861,0.23246753215789795
YGR227W,YPL192C,0,-7.4368,0.07876712083816528,0.1991342008113861,0.23290042579174042
YPR179C,YGL090W,0,-7.437753,0.07863248139619827,0.1991342008113861,0.23333333432674408
YML061C,YDR545W,0,-7.438685,0.07849829643964767,0.1991342008113861,0.23376622796058655
YMR128W,YOR159C,0,-7.438824,0.07836456596851349,0.1991342008113861,0.2341991364955902
YHR187W,YKL006C-A,0,-7.4394217,0.07823128998279572,0.1991342008113861,0.23463203012943268
YDL045C,YPR005C,0,-7.439866,0.07809846848249435,0.1991342008113861,0.23506493866443634
YDR236C,YDR200C,0,-7.441095,0.0779661014676094,0.1991342008113861,0.2354978322982788
YPR134W,YFL017W-A,0,-7.442556,0.07783418148756027,0.1991342008113861,0.23593074083328247
YDR028C,YNL026W,0,-7.442557,0.07770270109176636,0.1991342008113861,0.23636363446712494
YOL008W,YIL063C,0,-7.444062,0.07757166773080826,0.1991342008113861,0.2367965430021286
YGL168W,YHR158C,0,-7.444948,0.07744107395410538,0.1991342008113861,0.23722943663597107
YBL016W,YGL243W,0,-7.44531,0.07731092721223831,0.1991342008113861,0.23766233026981354
YMR163C,YML047C,0,-7.445734,0.07718120515346527,0.1991342008113861,0.2380952388048172
YLR165C,YHR001W-A,0,-7.446204,0.07705192267894745,0.1991342008113861,0.23852813243865967
YNL048W,YDL056W,0,-7.447885,0.07692307978868484,0.1991342008113861,0.23896104097366333
YGR002C,YDR213W,0,-7.447997,0.07679465413093567,0.1991342008113861,0.2393939346075058
YGR007W,YBR196C,0,-7.448962,0.07666666805744171,0.1991342008113861,0.23982684314250946
YGL245W,YPL212C,0,-7.4492803,0.07653909921646118,0.1991342008113861,0.24025973677635193
YOR243C,YCL054W,0,-7.4499254,0.07641196250915527,0.1991342008113861,0.2406926453113556
YLR148W,YOR279C,0,-7.449963,0.07628524303436279,0.1991342008113861,0.24112553894519806
YPR031W,YKR020W,0,-7.4505463,0.07615894079208374,0.1991342008113861,0.24155844748020172
YGR063C,YHR012W,0,-7.45097,0.07603305578231812,0.1991342008113861,0.2419913411140442
YBL093C,YNL213C,0,-7.4515476,0.07590758800506592,0.1991342008113861,0.24242424964904785
YDR499W,YNL326C,0,-7.4522266,0.07578253746032715,0.1991342008113861,0.24285714328289032
YER104W,YNL333W,0,-7.4525666,0.07565789669752121,0.1991342008113861,0.2432900369167328
YOR011W,YHR073W,1,-7.4532185,0.07717569917440414,0.20346319675445557,0.2432900369167328
YJL170C,YDR284C,0,-7.4540052,0.07704918086528778,0.20346319675445557,0.24372294545173645
YIL022W,YER031C,0,-7.4544835,0.07692307978868484,0.20346319675445557,0.24415583908557892
YML048W,YFL045C,0,-7.455275,0.07679738849401474,0.20346319675445557,0.24458874762058258
YPL055C,YNL326C,0,-7.456367,0.07667210698127747,0.20346319675445557,0.24502164125442505
YGL187C,YDR492W,0,-7.456515,0.07654722779989243,0.20346319675445557,0.2454545497894287
YLR139C,YLR346C,0,-7.458127,0.07642276585102081,0.20346319675445557,0.24588744342327118
YJR125C,YCR075C,0,-7.461904,0.07629869878292084,0.20346319675445557,0.24632035195827484
YOL122C,YOL055C,0,-7.46199,0.07617504149675369,0.20346319675445557,0.2467532455921173
YHL034C,YFL017W-A,0,-7.46518,0.07605177909135818,0.20346319675445557,0.24718615412712097
YER166W,YHR001W,1,-7.465317,0.0775444284081459,0.20779220759868622,0.24718615412712097
YDL153C,YOR194C,0,-7.4674635,0.07741935551166534,0.20779220759868622,0.24761904776096344
YOL078W,YFR041C,0,-7.469495,0.07729468494653702,0.20779220759868622,0.2480519413948059
YIL031W,YPL276W,0,-7.469667,0.07717041671276093,0.20779220759868622,0.24848484992980957
YNL326C,YPL188W,0,-7.470142,0.07704655081033707,0.20779220759868622,0.24891774356365204
YGR227W,YHR090C,0,-7.4704804,0.07692307978868484,0.20779220759868622,0.2493506520986557
YKR003W,YHR001W,1,-7.4712567,0.07840000092983246,0.21212121844291687,0.2493506520986557
YKL170W,YBR097W,0,-7.4741726,0.07827475666999817,0.21212121844291687,0.24978354573249817
YNL231C,YOR049C,1,-7.474215,0.07974481582641602,0.21645021438598633,0.24978354573249817
YDL046W,YAR042W,1,-7.4750366,0.0812101885676384,0.22077922523021698,0.24978354573249817
YER017C,YBR260C,0,-7.475377,0.0810810774564743,0.22077922523021698,0.25021645426750183
YNL192W,YCR028C,0,-7.4757648,0.08095238357782364,0.22077922523021698,0.2506493628025055
YER021W,YDL159W,0,-7.476368,0.08082409203052521,0.22077922523021698,0.25108224153518677
YJR060W,YAL012W,0,-7.4765778,0.08069620281457901,0.22077922523021698,0.25151515007019043
YPR164W,YPL042C,0,-7.478936,0.08056872338056564,0.22077922523021698,0.2519480586051941
YHL034C,YPR125W,0,-7.4804864,0.08044163882732391,0.22077922523021698,0.25238096714019775
YGR097W,YGL206C,0,-7.483781,0.08031496405601501,0.22077922523021698,0.25281384587287903
YOR011W,YER166W,1,-7.4853916,0.08176100999116898,0.22510822117328644,0.25281384587287903
YKR054C,YFR048W,0,-7.4881177,0.08163265138864517,0.22510822117328644,0.2532467544078827
YPR020W,YPL048W,0,-7.4881244,0.0815047025680542,0.22510822117328644,0.25367966294288635
YDR179C,YKL017C,0,-7.488344,0.08137714862823486,0.22510822117328644,0.2541125416755676
YBR009C,YDR183W,0,-7.4892282,0.08124999701976776,0.22510822117328644,0.2545454502105713
YDL226C,YGR095C,0,-7.489745,0.0811232477426529,0.22510822117328644,0.25497835874557495
YLR098C,YBR103W,0,-7.4961963,0.08099688589572906,0.22510822117328644,0.2554112672805786
YGL223C,YHR158C,0,-7.49682,0.08087091892957687,0.22510822117328644,0.2558441460132599
YJL024C,YPL100W,0,-7.4973907,0.08074533939361572,0.22510822117328644,0.25627705454826355
YIL040W,YCR040W,0,-7.499403,0.08062015473842621,0.22510822117328644,0.2567099630832672
YPL217C,YNR072W,0,-7.5002985,0.08049535751342773,0.22510822117328644,0.2571428716182709
YAL041W,YJL140W,0,-7.5023565,0.0803709402680397,0.22510822117328644,0.25757575035095215
YML132W,YIR019C,0,-7.502394,0.08024691045284271,0.22510822117328644,0.2580086588859558
YML086C,YIL085C,0,-7.5027447,0.08012326806783676,0.22510822117328644,0.2584415674209595
YDR358W,YDR272W,0,-7.5042996,0.07999999821186066,0.22510822117328644,0.25887444615364075
YMR025W,YGR080W,0,-7.5046396,0.07987711578607559,0.22510822117328644,0.2593073546886444
YDL230W,YLR425W,0,-7.5050015,0.07975459843873978,0.22510822117328644,0.25974026322364807
YNL048W,YLR448W,0,-7.5050287,0.079632468521595,0.22510822117328644,0.26017317175865173
YML077W,YML115C,0,-7.5055614,0.07951070368289948,0.22510822117328644,0.260606050491333
YNL003C,YGL039W,0,-7.5060134,0.0793893113732338,0.22510822117328644,0.26103895902633667
YJL194W,YIL061C,0,-7.506317,0.07926829159259796,0.22510822117328644,0.26147186756134033
YER095W,YNL257C,0,-7.5092335,0.07914764434099197,0.22510822117328644,0.261904776096344
YAR008W,YPL011C,0,-7.50959,0.07902735471725464,0.22510822117328644,0.26233765482902527
YFL039C,YML055W,0,-7.5098734,0.07890743762254715,0.22510822117328644,0.26277056336402893
YOR011W,YNL264C,1,-7.510269,0.08030302822589874,0.2294372320175171,0.26277056336402893
YOR011W,YPL145C,1,-7.510612,0.08169440180063248,0.23376622796058655,0.26277056336402893
YLR186W,YIL038C,0,-7.512292,0.08157099783420563,0.23376622796058655,0.2632034718990326
YJL041W,YJL045W,0,-7.5123167,0.08144796639680862,0.23376622796058655,0.26363635063171387
YBR041W,YIL013C,1,-7.512706,0.08283132314682007,0.2380952388048172,0.26363635063171387
YER083C,YKL140W,0,-7.5137863,0.0827067643404007,0.2380952388048172,0.26406925916671753
YNL270C,YEL030W,0,-7.517661,0.08258258551359177,0.2380952388048172,0.2645021677017212
YLR097C,YBR086C,0,-7.518755,0.08245877176523209,0.2380952388048172,0.26493507623672485
YML086C,YKR082W,0,-7.519477,0.08233533054590225,0.2380952388048172,0.26536795496940613
YNL009W,YIL082W-A,0,-7.519598,0.08221225440502167,0.2380952388048172,0.2658008635044098
YMR113W,YOR327C,0,-7.5196486,0.08208955079317093,0.2380952388048172,0.26623377203941345
YOR368W,YDR164C,0,-7.51989,0.08196721225976944,0.2380952388048172,0.2666666805744171
YMR162C,YAR042W,1,-7.520548,0.0833333358168602,0.24242424964904785,0.2666666805744171
YOR011W,YMR162C,1,-7.521269,0.08469539135694504,0.2467532455921173,0.2666666805744171
YGL181W,YCR044C,0,-7.521824,0.08456972986459732,0.2467532455921173,0.2670995593070984
YLR095C,YDR412W,0,-7.5219016,0.08444444090127945,0.2467532455921173,0.26753246784210205
YGL187C,YJL063C,0,-7.5226974,0.08431952446699142,0.2467532455921173,0.2679653763771057
YJR140C,YGL167C,0,-7.5240154,0.08419498056173325,0.2467532455921173,0.268398255109787
YHR001W,YJL145W,1,-7.524239,0.08554572612047195,0.25108224153518677,0.268398255109787
YDR221W,YDR353W,0,-7.5256643,0.08541973680257797,0.25108224153518677,0.26883116364479065
YLL015W,YPR111W,0,-7.526861,0.08529412001371384,0.25108224153518677,0.2692640721797943
YPR135W,YML034W,0,-7.527371,0.08516886830329895,0.25108224153518677,0.269696980714798
YLR429W,YDL081C,0,-7.528249,0.08504398912191391,0.25108224153518677,0.27012985944747925
YHL002W,YPL026C,0,-7.531707,0.08491947501897812,0.25108224153518677,0.2705627679824829
YLL031C,YHR020W,0,-7.531776,0.08479531854391098,0.25108224153518677,0.2709956765174866
YNL219C,YNL243W,0,-7.5333095,0.08467153459787369,0.25108224153518677,0.27142858505249023
YDR101C,YOR269W,0,-7.535314,0.08454810827970505,0.25108224153518677,0.2718614637851715
YMR162C,YIL013C,1,-7.535864,0.08588063716888428,0.2554112672805786,0.2718614637851715
YAL009W,YBR127C,0,-7.541934,0.08575581759214401,0.2554112672805786,0.27229437232017517
YBR102C,YMR075W,0,-7.5438766,0.0856313481926918,0.2554112672805786,0.27272728085517883
YDL102W,YLR268W,0,-7.544658,0.08550724387168884,0.2554112672805786,0.2731601595878601
YMR162C,YBR041W,1,-7.5447807,0.08683068305253983,0.25974026322364807,0.2731601595878601
YDR392W,YJR028W,0,-7.5450573,0.08670520037412643,0.25974026322364807,0.27359306812286377
YPR093C,YGL130W,0,-7.546431,0.08658009022474289,0.25974026322364807,0.27402597665786743
YHR001W,YAR042W,1,-7.547249,0.08789625018835068,0.26406925916671753,0.27402597665786743
YGL086W,YOL124C,0,-7.548236,0.08776978403329849,0.26406925916671753,0.2744588851928711
YGL019W,YOL006C,0,-7.5511727,0.08764367550611496,0.26406925916671753,0.27489176392555237
YGL241W,YIL014W,0,-7.552186,0.08751793205738068,0.26406925916671753,0.27532467246055603
YPR052C,YML034W,0,-7.552763,0.08739255368709564,0.26406925916671753,0.2757575809955597
YNL029C,YCL044C,0,-7.556082,0.08726752549409866,0.26406925916671753,0.27619048953056335
YEL062W,YPL022W,0,-7.5581923,0.08714285492897034,0.26406925916671753,0.27662336826324463
YDR501W,YMR313C,0,-7.559229,0.08701854199171066,0.26406925916671753,0.2770562767982483
YBR077C,YNR048W,0,-7.5593247,0.08689458668231964,0.26406925916671753,0.27748918533325195
YBR223C,YNR039C,0,-7.559949,0.08677098155021667,0.26406925916671753,0.2779220640659332
YGR227W,YCL024W,0,-7.5599837,0.08664772659540176,0.26406925916671753,0.2783549726009369
YGR082W,YGR048W,0,-7.5610085,0.08652482181787491,0.26406925916671753,0.27878788113594055
YGR178C,YDL150W,0,-7.56139,0.08640226721763611,0.26406925916671753,0.2792207896709442
YBR200W,YJL128C,0,-7.5646157,0.08628005534410477,0.26406925916671753,0.2796536684036255
YOR057W,YDR400W,0,-7.5653706,0.08615819364786148,0.26406925916671753,0.28008657693862915
YLR069C,YLR425W,0,-7.5659733,0.08603667467832565,0.26406925916671753,0.2805194854736328
YIR019C,YDR310C,0,-7.5662713,0.08591549098491669,0.26406925916671753,0.2809523940086365
YDL028C,YLL021W,0,-7.566393,0.08579465746879578,0.26406925916671753,0.28138527274131775
YJL122W,YDR446W,0,-7.567564,0.08567415922880173,0.26406925916671753,0.2818181812763214
YFR028C,YLR274W,0,-7.5684257,0.08555399626493454,0.26406925916671753,0.2822510898113251
YGR037C,YPL145C,1,-7.5698557,0.08683473616838455,0.268398255109787,0.2822510898113251
YBR210W,YDL006W,0,-7.571614,0.0867132842540741,0.268398255109787,0.28268396854400635
YHR027C,YOR359W,0,-7.57349,0.0865921750664711,0.268398255109787,0.28311687707901
YGR029W,YLR459W,0,-7.5735683,0.08647140860557556,0.268398255109787,0.28354978561401367
YIL051C,YGL229C,0,-7.574048,0.08635097742080688,0.268398255109787,0.28398269414901733
YMR048W,YGR216C,0,-7.5763893,0.08623087406158447,0.268398255109787,0.2844155728816986
YAL035W,YGR123C,0,-7.5770245,0.08611111342906952,0.268398255109787,0.28484848141670227
YNL291C,YOL034W,0,-7.5783157,0.08599168062210083,0.268398255109787,0.28528138995170593
YLR370C,YLR362W,0,-7.5795536,0.0858725756406784,0.268398255109787,0.2857142984867096
YDR009W,YDR217C,0,-7.5802298,0.08575380593538284,0.268398255109787,0.28614717721939087
YKR003W,YMR079W,1,-7.580616,0.08701657503843307,0.27272728085517883,0.28614717721939087
YOR250C,YHR084W,0,-7.5810137,0.08689655363559723,0.27272728085517883,0.28658008575439453
YDL046W,YHR073W,1,-7.581872,0.08815427124500275,0.2770562767982483,0.28658008575439453
YCR038C,YMR109W,0,-7.5829725,0.08803301304578781,0.2770562767982483,0.2870129942893982
YHR077C,YJL002C,0,-7.5840816,0.08791209012269974,0.2770562767982483,0.28744587302207947
YDL033C,YGL243W,0,-7.584611,0.08779149502515793,0.2770562767982483,0.28787878155708313
YOR058C,YMR065W,0,-7.584694,0.08767123520374298,0.2770562767982483,0.2883116900920868
YLR096W,YDR477W,0,-7.585125,0.0875513032078743,0.2770562767982483,0.28874459862709045
YML019W,YGR002C,0,-7.586229,0.08743169158697128,0.2770562767982483,0.28917747735977173
YBR041W,YNL264C,1,-7.587929,0.08867666870355606,0.28138527274131775,0.28917747735977173
YNR016C,YKL176C,0,-7.588234,0.08855585753917694,0.28138527274131775,0.2896103858947754
YLR116W,YMR234W,0,-7.5884714,0.08843537420034409,0.28138527274131775,0.29004329442977905
YOR249C,YDL058W,0,-7.5902176,0.0883152186870575,0.28138527274131775,0.2904762029647827
YFR051C,YGR104C,0,-7.591232,0.08819538354873657,0.28138527274131775,0.290909081697464
YJL111W,YOR367W,0,-7.5922456,0.08807588368654251,0.28138527274131775,0.29134199023246765
YHR086W,YDR142C,0,-7.5930767,0.08795669674873352,0.28138527274131775,0.2917748987674713
YOL033W,YDR086C,0,-7.593142,0.0878378376364708,0.28138527274131775,0.2922077775001526
YPR088C,YJR110W,0,-7.5931444,0.08771929889917374,0.28138527274131775,0.29264068603515625
YBL016W,YMR163C,0,-7.5935774,0.08760108053684235,0.28138527274131775,0.2930735945701599
YLR377C,YLR298C,0,-7.5957913,0.08748317509889603,0.28138527274131775,0.2935065031051636
YDR331W,YKL093W,0,-7.597666,0.08736559003591537,0.28138527274131775,0.29393938183784485
YER166W,YAR042W,1,-7.5976925,0.088590607047081,0.2857142984867096,0.29393938183784485
YGR268C,YFR003C,0,-7.597702,0.08847185224294662,0.2857142984867096,0.2943722903728485
YLR242C,YER166W,1,-7.5992155,0.08969210088253021,0.29004329442977905,0.2943722903728485
YIL035C,YNL002C,0,-7.601173,0.08957219123840332,0.29004329442977905,0.2948051989078522
YBL099W,YOL095C,0,-7.601559,0.0894526019692421,0.29004329442977905,0.29523810744285583
YJL087C,YOR229W,0,-7.603087,0.08933333307504654,0.29004329442977905,0.2956709861755371
YJL063C,YIL080W,0,-7.603849,0.08921437710523605,0.29004329442977905,0.29610389471054077
YLR381W,YBR205W,0,-7.6042004,0.08909574151039124,0.29004329442977905,0.29653680324554443
YER061C,YGL211W,0,-7.6052127,0.08897742629051208,0.29004329442977905,0.2969697117805481
YOR020C,YGR090W,0,-7.60536,0.08885941654443741,0.29004329442977905,0.29740259051322937
YLR153C,YOR322C,0,-7.6054325,0.0887417197227478,0.29004329442977905,0.29783549904823303
YHR073W,YJL145W,1,-7.605524,0.08994708955287933,0.2943722903728485,0.29783549904823303
YER174C,YDR484W,0,-7.6056676,0.08982826769351959,0.2943722903728485,0.2982684075832367
YKL114C,YHR081W,0,-7.6067734,0.08970976620912552,0.2943722903728485,0.29870128631591797
YLR088W,YOL109W,0,-7.6073556,0.08959157019853592,0.2943722903728485,0.29913419485092163
YMR012W,YOR244W,0,-7.608143,0.08947368711233139,0.2943722903728485,0.2995671033859253
YIL124W,YMR183C,0,-7.6083345,0.08935610949993134,0.2943722903728485,0.30000001192092896
YBR119W,YCL063W,0,-7.608989,0.08923884481191635,0.2943722903728485,0.30043289065361023
YHR079C,YKL120W,0,-7.609025,0.08912188559770584,0.2943722903728485,0.3008657991886139
YOL149W,YER190W,0,-7.609188,0.0890052393078804,0.2943722903728485,0.30129870772361755
YGR037C,YKR003W,1,-7.6093574,0.09019608050584793,0.29870128631591797,0.30129870772361755
YMR162C,YHR073W,1,-7.6097198,0.09138381481170654,0.3030303120613098,0.30129870772361755
YNL118C,YOR085W,0,-7.6097794,0.09126466512680054,0.3030303120613098,0.3017316162586212
YHR174W,YMR296C,0,-7.6101522,0.0911458358168602,0.3030303120613098,0.3021644949913025
YPR054W,YDR311W,0,-7.610524,0.09102730453014374,0.3030303120613098,0.30259740352630615
YOL149W,YNR003C,0,-7.611494,0.09090909361839294,0.3030303120613098,0.3030303120613098
YCL026C-A,YPL214C,0,-7.6147203,0.09079118072986603,0.3030303120613098,0.3034631907939911
YDR394W,YIL084C,0,-7.6157064,0.09067357331514359,0.3030303120613098,0.30389609932899475
YKL043W,YMR216C,0,-7.6157527,0.09055627137422562,0.3030303120613098,0.3043290078639984
YKR036C,YDR460W,0,-7.617376,0.09043927490711212,0.3030303120613098,0.3047619163990021
YAR003W,YHR135C,0,-7.6178102,0.0903225839138031,0.3030303120613098,0.30519479513168335
YDL040C,YDR165W,0,-7.618361,0.09020618349313736,0.3030303120613098,0.305627703666687
YPL050C,YIL147C,0,-7.619544,0.09009008854627609,0.3030303120613098,0.3060606122016907
YDL145C,YBR089C-A,0,-7.6197615,0.0899742916226387,0.3030303120613098,0.30649352073669434
YBR086C,YGR241C,0,-7.621106,0.08985879272222519,0.3030303120613098,0.3069263994693756
YOL095C,YOL012C,0,-7.621168,0.08974359184503555,0.3030303120613098,0.3073593080043793
YMR060C,YBR289W,0,-7.6213856,0.0896286815404892,0.3030303120613098,0.30779221653938293
YFR028C,YOR210W,0,-7.622338,0.08951406925916672,0.3030303120613098,0.3082250952720642
YJL194W,YPL190C,0,-7.622531,0.08939974755048752,0.3030303120613098,0.30865800380706787
YGL049C,YDL235C,0,-7.6228924,0.0892857164144516,0.3030303120613098,0.30909091234207153
YJR140C,YDL105W,0,-7.624156,0.08917197585105896,0.3030303120613098,0.3095238208770752
YEL017C-A,YOL125W,0,-7.6241784,0.0890585258603096,0.3030303120613098,0.30995669960975647
YGR037C,YMR079W,1,-7.6248813,0.0902160108089447,0.3073593080043793,0.30995669960975647
YML060W,YNL163C,0,-7.6255007,0.09010152518749237,0.3073593080043793,0.31038960814476013
YOR388C,YJL036W,0,-7.6262493,0.08998732268810272,0.3073593080043793,0.3108225166797638
YML077W,YNL281W,0,-7.6276016,0.08987341821193695,0.3073593080043793,0.31125542521476746
YGR056W,YMR095C,0,-7.6292124,0.08975979685783386,0.3073593080043793,0.31168830394744873
YOR351C,YMR095C,0,-7.629321,0.08964646607637405,0.3073593080043793,0.3121212124824524
YKL191W,YDR211W,0,-7.6296015,0.08953341841697693,0.3073593080043793,0.31255412101745605
YKL016C,YPL041C,0,-7.629635,0.08942065387964249,0.3073593080043793,0.31298699975013733
YOL117W,YCR052W,0,-7.6321154,0.08930817246437073,0.3073593080043793,0.313419908285141
YOL111C,YCL033C,0,-7.634177,0.08919598162174225,0.3073593080043793,0.31385281682014465
YLR129W,YGR072W,0,-7.6358037,0.08908406645059586,0.3073593080043793,0.3142857253551483
YMR162C,YKL188C,1,-7.636869,0.09022556245326996,0.31168830394744873,0.3142857253551483
YKL173W,YDR346C,0,-7.637428,0.09011264145374298,0.31168830394744873,0.3147186040878296
YER133W,YFL033C,0,-7.6381335,0.09000000357627869,0.31168830394744873,0.31515151262283325
YHR001W,YMR079W,1,-7.6382093,0.09113608300685883,0.3160173296928406,0.31515151262283325
YGR159C,YBR154C,0,-7.6385098,0.09102244675159454,0.3160173296928406,0.3155844211578369
YBR023C,YBR205W,0,-7.6386757,0.09090909361839294,0.3160173296928406,0.3160173296928406
YER030W,YOR178C,0,-7.6395745,0.09079602360725403,0.3160173296928406,0.31645020842552185
YMR192W,YDL076C,0,-7.6399393,0.0906832292675972,0.3160173296928406,0.3168831169605255
YGR037C,YMR162C,1,-7.640719,0.0918114110827446,0.32034632563591003,0.3168831169605255
YDL046W,YMR079W,1,-7.641283,0.09293680638074875,0.3246753215789795,0.3168831169605255
YBL099W,YOR371C,0,-7.6415586,0.09282178431749344,0.3246753215789795,0.3173160254955292
YML074C,YJR139C,0,-7.6415896,0.09270704537630081,0.3246753215789795,0.31774890422821045
YGR057C,YDL076C,0,-7.6422076,0.09259258955717087,0.3246753215789795,0.3181818127632141
YDR140W,YOR261C,0,-7.6426973,0.0924784243106842,0.3246753215789795,0.3186147212982178
YDL161W,YNL222W,0,-7.643244,0.09236453473567963,0.3246753215789795,0.31904762983322144
YLR098C,YNR001C,0,-7.6432476,0.09225092083215714,0.3246753215789795,0.3194805085659027
YLR110C,YGL011C,0,-7.6447144,0.09213759005069733,0.3246753215789795,0.31991341710090637
YPL139C,YOR359W,0,-7.6457186,0.0920245423913002,0.3246753215789795,0.32034632563591003
YMR073C,YPR007C,0,-7.646628,0.09191176295280457,0.3246753215789795,0.3207792341709137
YMR208W,YIL155C,0,-7.6467447,0.09179926663637161,0.3246753215789795,0.32121211290359497
YDR168W,YDR174W,0,-7.6472735,0.09168703854084015,0.3246753215789795,0.32164502143859863
YMR237W,YPL120W,0,-7.647457,0.09157509356737137,0.3246753215789795,0.3220779299736023
YKL206C,YBR294W,0,-7.6479816,0.09146341681480408,0.3246753215789795,0.32251080870628357
YMR200W,YFL004W,0,-7.651697,0.09135200828313828,0.3246753215789795,0.32294371724128723
YDR212W,YJL154C,0,-7.6520886,0.09124087542295456,0.3246753215789795,0.3233766257762909
YDR182W,YFR019W,0,-7.6524086,0.09113001078367233,0.3246753215789795,0.32380953431129456
YLR332W,YPL139C,0,-7.652762,0.0910194143652916,0.3246753215789795,0.32424241304397583
YGL130W,YPL116W,0,-7.6537857,0.09090909361839294,0.3246753215789795,0.3246753215789795
YNR002C,YGL167C,0,-7.653972,0.09079903364181519,0.3246753215789795,0.32510823011398315
YPR105C,YLR368W,0,-7.653974,0.09068924188613892,0.3246753215789795,0.3255411386489868
YCL024W,YEL004W,0,-7.656065,0.09057971090078354,0.3246753215789795,0.3259740173816681
YDR099W,YDR072C,0,-7.6568117,0.09047044813632965,0.3246753215789795,0.32640692591667175
YDR294C,YCL061C,0,-7.657051,0.09036144614219666,0.3246753215789795,0.3268398344516754
YCL052C,YFL017W-A,0,-7.6572056,0.09025270491838455,0.3246753215789795,0.3272727131843567
YDL074C,YPR051W,0,-7.659069,0.09014423191547394,0.3246753215789795,0.32770562171936035
YCR008W,YPL237W,0,-7.661396,0.09003601223230362,0.3246753215789795,0.328138530254364
YEL061C,YBR199W,0,-7.6621556,0.08992806077003479,0.3246753215789795,0.3285714387893677
YMR204C,YAL017W,0,-7.6625376,0.08982036262750626,0.3246753215789795,0.32900431752204895
YJL210W,YML127W,0,-7.6630135,0.08971291780471802,0.3246753215789795,0.3294372260570526
YJL214W,YJL112W,0,-7.666604,0.08960573375225067,0.3246753215789795,0.3298701345920563
YMR287C,YDR345C,0,-7.667019,0.08949880301952362,0.3246753215789795,0.33030304312705994
YPL178W,YDR060W,0,-7.6676736,0.08939213305711746,0.3246753215789795,0.3307359218597412
YBR256C,YPL218W,0,-7.669117,0.0892857164144516,0.3246753215789795,0.3311688303947449
YDR191W,YKR090W,0,-7.669612,0.08917954564094543,0.3246753215789795,0.33160173892974854
YEL062W,YDR228C,0,-7.6700697,0.08907363563776016,0.3246753215789795,0.3320346176624298
YOR039W,YER038C,0,-7.670246,0.08896797150373459,0.3246753215789795,0.33246752619743347
YFL050C,YDR254W,0,-7.672576,0.08886256068944931,0.3246753215789795,0.33290043473243713
YPR135W,YHR082C,0,-7.674103,0.08875739574432373,0.3246753215789795,0.3333333432674408
YFL034C-B,YMR016C,0,-7.6742964,0.08865248411893845,0.3246753215789795,0.33376622200012207
YNR032C-A,YHR160C,0,-7.6743145,0.08854781836271286,0.3246753215789795,0.33419913053512573
YFL050C,YDR292C,0,-7.6745777,0.08844339847564697,0.3246753215789795,0.3346320390701294
YDR153C,YPR078C,0,-7.674594,0.08833922445774078,0.3246753215789795,0.33506494760513306
YJR135C,YER003C,0,-7.6747236,0.0882352963089943,0.3246753215789795,0.33549782633781433
YIR008C,YJR021C,0,-7.6758003,0.0881316065788269,0.3246753215789795,0.335930734872818
YEL071W,YOR109W,0,-7.677933,0.08802817016839981,0.3246753215789795,0.33636364340782166
YBR177C,YCL034W,0,-7.6791067,0.08792497217655182,0.3246753215789795,0.33679652214050293
YKL007W,YGL137W,0,-7.6792927,0.08782201260328293,0.3246753215789795,0.3372294306755066
YHR073W,YNL264C,1,-7.6812477,0.08888889104127884,0.32900431752204895,0.3372294306755066
YHL003C,YFL017W-A,0,-7.681732,0.08878504484891891,0.32900431752204895,0.33766233921051025
YJR121W,YDL045C,0,-7.6820903,0.08868144452571869,0.32900431752204895,0.3380952477455139
YBL071W-A,YLL021W,0,-7.682774,0.08857809007167816,0.32900431752204895,0.3385281264781952
YPL145C,YJL145W,1,-7.6832743,0.08963911235332489,0.3333333432674408,0.3385281264781952
YGL180W,YGL178W,0,-7.684395,0.08953488618135452,0.3333333432674408,0.33896103501319885
YAL010C,YPL129W,0,-7.684536,0.08943089097738266,0.3333333432674408,0.3393939435482025
YBR237W,YER104W,0,-7.686481,0.08932714909315109,0.3333333432674408,0.3398268520832062
YOR349W,YDR459C,0,-7.6888237,0.08922363817691803,0.3333333432674408,0.34025973081588745
YML025C,YNL213C,0,-7.6900034,0.08912037312984467,0.3333333432674408,0.3406926393508911
YGL194C,YJL128C,0,-7.690101,0.0890173390507698,0.3333333432674408,0.3411255478858948
YLR109W,YKL214C,0,-7.690467,0.08891455084085464,0.3333333432674408,0.34155845642089844
YLR429W,YOL034W,0,-7.690563,0.08881199359893799,0.3333333432674408,0.3419913351535797
YDR246W,YOR305W,0,-7.6910777,0.08870967477560043,0.3333333432674408,0.3424242436885834
YPR178W,YKL175W,0,-7.6911407,0.08860759437084198,0.3333333432674408,0.34285715222358704
YGR113W,YHR205W,0,-7.691901,0.08850574493408203,0.3333333432674408,0.3432900309562683
YER155C,YFR050C,0,-7.692429,0.08840413391590118,0.3333333432674408,0.343722939491272
YDR264C,YML041C,0,-7.6924896,0.08830275386571884,0.3333333432674408,0.34415584802627563
YLR210W,YNL326C,0,-7.69378,0.088201604783535,0.3333333432674408,0.3445887565612793
YLR242C,YHR073W,1,-7.695569,0.08924484997987747,0.33766233921051025,0.3445887565612793
YMR055C,YMR285C,0,-7.6963525,0.08914285898208618,0.33766233921051025,0.34502163529396057
YOR188W,YPR086W,0,-7.6963897,0.0890410989522934,0.33766233921051025,0.34545454382896423
YDR176W,YKL028W,0,-7.696798,0.08893956989049911,0.33766233921051025,0.3458874523639679
YBR217W,YER151C,0,-7.697218,0.08883827179670334,0.33766233921051025,0.34632036089897156
YHR205W,YML085C,0,-7.6986866,0.08873720467090607,0.33766233921051025,0.34675323963165283
YKL192C,YHL025W,0,-7.6992435,0.0886363610625267,0.33766233921051025,0.3471861481666565
YMR165C,YDR425W,0,-7.699273,0.08853575587272644,0.33766233921051025,0.34761905670166016
YDL045C,YGL048C,0,-7.6994877,0.08843537420034409,0.33766233921051025,0.34805193543434143
YNR013C,YKL173W,0,-7.6999445,0.08833522349596024,0.33766233921051025,0.3484848439693451
YKL007W,YML012W,0,-7.700058,0.0882352963089943,0.33766233921051025,0.34891775250434875
YLR131C,YML062C,0,-7.700518,0.08813559263944626,0.33766233921051025,0.3493506610393524
YOR304W,YPR016C,0,-7.7008057,0.08803611993789673,0.33766233921051025,0.3497835397720337
YOR181W,YKL113C,0,-7.701933,0.08793686330318451,0.33766233921051025,0.35021644830703735
YGR264C,YBR057C,0,-7.702296,0.0878378376364708,0.33766233921051025,0.350649356842041
YPR185W,YOR033C,0,-7.7036567,0.08773903548717499,0.33766233921051025,0.3510822653770447
YER177W,YJR006W,0,-7.703827,0.08764044940471649,0.33766233921051025,0.35151514410972595
YEL036C,YJL196C,0,-7.7041845,0.0875420868396759,0.33766233921051025,0.3519480526447296
YML048W,YIL095W,0,-7.704925,0.08744394779205322,0.33766233921051025,0.3523809611797333
YCR071C,YOR351C,0,-7.7056494,0.08734602481126785,0.33766233921051025,0.35281383991241455
YPL048W,YOR327C,0,-7.7064342,0.08724832534790039,0.33766233921051025,0.3532467484474182
YGL032C,YML105C,0,-7.7085943,0.08715083450078964,0.33766233921051025,0.3536796569824219
YOR011W,YAR042W,1,-7.7088456,0.0881696417927742,0.3419913351535797,0.3536796569824219
YOR145C,YCR052W,0,-7.7099075,0.08807134628295898,0.3419913351535797,0.35411256551742554
YLR176C,YDR218C,0,-7.7100725,0.08797327429056168,0.3419913351535797,0.3545454442501068
YLR131C,YNL148C,0,-7.7112865,0.08787541836500168,0.3419913351535797,0.3549783527851105
YML012W,YKL084W,0,-7.7112947,0.08777777850627899,0.3419913351535797,0.35541126132011414
YHL031C,YOR210W,0,-7.711507,0.08768035471439362,0.3419913351535797,0.3558441698551178
YOR126C,YKR086W,0,-7.7125034,0.08758314698934555,0.3419913351535797,0.3562770485877991
YGR140W,YDR211W,0,-7.713028,0.0874861553311348,0.3419913351535797,0.35670995712280273
YNR075W,YAR008W,0,-7.7157855,0.08738937973976135,0.3419913351535797,0.3571428656578064
YLR115W,YHR102W,0,-7.7160263,0.08729282021522522,0.3419913351535797,0.35757574439048767
YHR001W,YOR049C,1,-7.7176676,0.08830022066831589,0.34632036089897156,0.35757574439048767
YCR063W,YNL339C,0,-7.71871,0.08820286393165588,0.34632036089897156,0.35800865292549133
YOL130W,YNL163C,0,-7.719296,0.08810572326183319,0.34632036089897156,0.358441561460495
YHL028W,YBR216C,0,-7.7195363,0.08800879865884781,0.34632036089897156,0.35887446999549866
YFL034C-B,YMR061W,0,-7.719555,0.08791209012269974,0.34632036089897156,0.35930734872817993
YAR018C,YPL053C,0,-7.7211666,0.08781559020280838,0.34632036089897156,0.3597402572631836
YFL025C,YDL079C,0,-7.721408,0.08771929889917374,0.34632036089897156,0.36017316579818726
YPR122W,YHR188C,0,-7.7224545,0.0876232236623764,0.34632036089897156,0.3606060743331909
YLR189C,YIR037W,0,-7.7231884,0.08752734959125519,0.34632036089897156,0.3610389530658722
YMR207C,YAR031W,0,-7.7236047,0.08743169158697128,0.34632036089897156,0.36147186160087585
YOR237W,YNL264C,1,-7.725044,0.08842794597148895,0.350649356842041,0.36147186160087585
YCR010C,YMR296C,0,-7.725713,0.08833151310682297,0.350649356842041,0.3619047701358795
YNL101W,YGL223C,0,-7.7257366,0.0882352963089943,0.350649356842041,0.3623376488685608
YOR249C,YDR363W,0,-7.725793,0.08813928067684174,0.350649356842041,0.36277055740356445
YBR009C,YPL240C,0,-7.7265263,0.08804348111152649,0.350649356842041,0.3632034659385681
YDR052C,YDR190C,0,-7.7276115,0.08794788271188736,0.350649356842041,0.3636363744735718
YDR499W,YCR040W,0,-7.7293954,0.08785249292850494,0.350649356842041,0.36406925320625305
YBL020W,YER190W,0,-7.730172,0.08775731176137924,0.350649356842041,0.3645021617412567
YIL143C,YOL093W,0,-7.730901,0.08766233921051025,0.350649356842041,0.3649350702762604
YML086C,YPL233W,0,-7.731918,0.08756756782531738,0.350649356842041,0.36536797881126404
YML031W,YGR063C,0,-7.7324696,0.08747300505638123,0.350649356842041,0.3658008575439453
YMR097C,YDL236W,0,-7.7335467,0.08737864345312119,0.350649356842041,0.366233766078949
YNL090W,YBR275C,0,-7.7352924,0.08728448301553726,0.350649356842041,0.36666667461395264
YML006C,YBL071W-A,0,-7.736157,0.08719052374362946,0.350649356842041,0.3670995533466339
YJL090C,YPL117C,0,-7.736288,0.08709677308797836,0.350649356842041,0.3675324618816376
YMR080C,YML047C,0,-7.7379007,0.08700322359800339,0.350649356842041,0.36796537041664124
YBR286W,YNL169C,0,-7.7382584,0.08690986782312393,0.350649356842041,0.3683982789516449
YJR065C,YDR435C,0,-7.7398186,0.08681672066450119,0.350649356842041,0.36883115768432617
YKR086W,YJL012C,0,-7.7400846,0.08672376722097397,0.350649356842041,0.36926406621932983
YMR277W,YML098W,0,-7.7401457,0.08663101494312286,0.350649356842041,0.3696969747543335
YNL001W,YJR112W,0,-7.740889,0.08653846383094788,0.350649356842041,0.37012988328933716
YOL008W,YER129W,0,-7.7416086,0.08644610643386841,0.350649356842041,0.37056276202201843
YJL104W,YDR469W,0,-7.741885,0.08635394275188446,0.350649356842041,0.3709956705570221
YKL204W,YIL118W,0,-7.742394,0.08626198023557663,0.350649356842041,0.37142857909202576
YNL025C,YML041C,0,-7.742846,0.08617021143436432,0.350649356842041,0.37186145782470703
YOR304W,YDL106C,0,-7.743147,0.08607863634824753,0.350649356842041,0.3722943663597107
YNL074C,YGR028W,0,-7.7434826,0.08598726242780685,0.350649356842041,0.37272727489471436
YBR041W,YNL231C,1,-7.7438354,0.08695652335882187,0.3549783527851105,0.37272727489471436
YDR184C,YOR210W,0,-7.744246,0.0868644043803215,0.3549783527851105,0.373160183429718
YGR037C,YNL264C,1,-7.744555,0.08783068507909775,0.35930734872817993,0.373160183429718
YER019W,YAL017W,0,-7.7458477,0.08773784339427948,0.35930734872817993,0.3735930621623993
YGR147C,YDR324C,0,-7.7476625,0.08764519542455673,0.35930734872817993,0.37402597069740295
YML112W,YML069W,0,-7.7484126,0.0875527411699295,0.35930734872817993,0.3744588792324066
YOR349W,YBL004W,0,-7.748761,0.0874604880809784,0.35930734872817993,0.3748917877674103
YGL194C,YFL059W,0,-7.7494736,0.0873684212565422,0.35930734872817993,0.37532466650009155
YJL201W,YOL072W,0,-7.750346,0.08727654814720154,0.35930734872817993,0.3757575750350952
YPL145C,YNL231C,1,-7.751172,0.0882352963089943,0.3636363744735718,0.3757575750350952
YOR316C,YFR037C,0,-7.7512712,0.08814270794391632,0.3636363744735718,0.3761904835700989
YLR329W,YOR254C,0,-7.752239,0.08805031329393387,0.3636363744735718,0.37662336230278015
YML127W,YNL332W,0,-7.7528853,0.08795811235904694,0.3636363744735718,0.3770562708377838
YJL071W,YFL059W,0,-7.752932,0.08786610513925552,0.3636363744735718,0.3774891793727875
YCL029C,YOL111C,0,-7.753194,0.08777429163455963,0.3636363744735718,0.37792208790779114
YGL058W,YGR033C,0,-7.754076,0.08768267184495926,0.3636363744735718,0.3783549666404724
YGR158C,YMR061W,0,-7.754611,0.08759123831987381,0.3636363744735718,0.3787878751754761
YDR302W,YDR138W,0,-7.7566314,0.08749999850988388,0.3636363744735718,0.37922078371047974
YBL097W,YMR212C,0,-7.7574778,0.08740895241498947,0.3636363744735718,0.3796536922454834
YNL088W,YML025C,0,-7.7581115,0.08731808513402939,0.3636363744735718,0.3800865709781647
YEL053C,YDL083C,0,-7.7593412,0.08722741156816483,0.3636363744735718,0.38051947951316833
YDL005C,YOR103C,0,-7.759918,0.08713693171739578,0.3636363744735718,0.380952388048172
YMR225C,YLR066W,0,-7.760499,0.08704663068056107,0.3636363744735718,0.38138526678085327
YAR018C,YLR301W,0,-7.761837,0.08695652335882187,0.3636363744735718,0.38181817531585693
YCR044C,YGL063W,0,-7.7626867,0.086866594851017,0.3636363744735718,0.3822510838508606
YLR363C,YOL109W,0,-7.764605,0.08677686005830765,0.3636363744735718,0.38268399238586426
YBL082C,YCR053W,0,-7.7646694,0.08668730407953262,0.3636363744735718,0.38311687111854553
YOR260W,YNL251C,0,-7.7646728,0.08659794181585312,0.3636363744735718,0.3835497796535492
YGR225W,YLR141W,0,-7.7651186,0.08650875091552734,0.3636363744735718,0.38398268818855286
YMR311C,YCR024C-A,0,-7.7654543,0.08641975373029709,0.3636363744735718,0.3844155967235565
YGR169C,YKL154W,0,-7.7656097,0.08633093535900116,0.3636363744735718,0.3848484754562378
YER036C,YPR112C,0,-7.765751,0.08624230325222015,0.3636363744735718,0.38528138399124146
YNL271C,YBL080C,0,-7.7672567,0.08615384250879288,0.3636363744735718,0.3857142925262451
YIL122W,YNR003C,0,-7.7672644,0.08606557548046112,0.3636363744735718,0.3861471712589264
YAL031C,YLL019C,0,-7.767903,0.0859774798154831,0.3636363744735718,0.38658007979393005
YDR162C,YLR329W,0,-7.768028,0.08588957041501999,0.3636363744735718,0.3870129883289337
YPR005C,YOR087W,0,-7.7691183,0.08580183982849121,0.3636363744735718,0.3874458968639374
YPR111W,YCL055W,0,-7.7700067,0.08571428805589676,0.3636363744735718,0.38787877559661865
YNL002C,YPR187W,0,-7.7732415,0.08562690764665604,0.3636363744735718,0.3883116841316223
YDR440W,YGL070C,0,-7.7733607,0.08553971350193024,0.3636363744735718,0.388744592666626
YDR437W,YBR275C,0,-7.773629,0.08545269817113876,0.3636363744735718,0.38917750120162964
YMR299C,YNL049C,0,-7.773917,0.08536585420370102,0.3636363744735718,0.3896103799343109
YMR139W,YDR011W,0,-7.7759967,0.0852791890501976,0.3636363744735718,0.3900432884693146
YGR056W,YLR212C,0,-7.7764654,0.08519269526004791,0.3636363744735718,0.39047619700431824
YDR524C,YDR028C,0,-7.777912,0.08510638028383255,0.3636363744735718,0.3909091055393219
YCL067C,YDR488C,0,-7.7780323,0.08502024412155151,0.3636363744735718,0.3913419842720032
YGR197C,YEL031W,0,-7.779834,0.0849342793226242,0.3636363744735718,0.39177489280700684
YGR165W,YDR078C,0,-7.7804427,0.08484848588705063,0.3636363744735718,0.3922078013420105
YML086C,YLR293C,0,-7.7805786,0.08476286381483078,0.3636363744735718,0.3926406800746918
YDR101C,YNL166C,0,-7.7816987,0.08467742055654526,0.3636363744735718,0.39307358860969543
YJL058C,YOR313C,0,-7.7823935,0.08459214866161346,0.3636363744735718,0.3935064971446991
YLR370C,YOL122C,0,-7.7827587,0.0845070406794548,0.3636363744735718,0.39393940567970276
YJR025C,YNL339C,0,-7.783163,0.08442211151123047,0.3636363744735718,0.39437228441238403
YDR518W,YNL294C,0,-7.7840805,0.08433734625577927,0.3636363744735718,0.3948051929473877
YOL026C,YDR369C,0,-7.785349,0.08425275981426239,0.3636363744735718,0.39523810148239136
YOR209C,YLR346C,0,-7.785997,0.08416833728551865,0.3636363744735718,0.395671010017395
YPL069C,YOL045W,0,-7.7861447,0.08408408612012863,0.3636363744735718,0.3961038887500763
YBL105C,YNL090W,0,-7.7864027,0.08399999886751175,0.3636363744735718,0.39653679728507996
YDR310C,YLR360W,0,-7.7867885,0.0839160829782486,0.3636363744735718,0.3969697058200836
YNL055C,YCR060W,0,-7.7872224,0.08383233845233917,0.3636363744735718,0.3974025845527649
YDL207W,YPL135W,0,-7.7882957,0.08374875038862228,0.3636363744735718,0.39783549308776855
YMR255W,YNL281W,0,-7.7890854,0.08366534113883972,0.3636363744735718,0.3982684016227722
YHL002W,YPR036W,0,-7.789329,0.0835820883512497,0.3636363744735718,0.3987013101577759
YOR250C,YFR009W,0,-7.7896585,0.0834990069270134,0.3636363744735718,0.39913418889045715
YEL050C,YNL257C,0,-7.790014,0.08341608941555023,0.3636363744735718,0.3995670974254608
YER053C,YPL096W,0,-7.7901983,0.0833333358168602,0.3636363744735718,0.4000000059604645
YLR221C,YIR026C,0,-7.791273,0.0832507461309433,0.3636363744735718,0.40043291449546814
YER177W,YCL040W,0,-7.7913074,0.08316832035779953,0.3636363744735718,0.4008657932281494
YPR081C,YDR235W,0,-7.7913184,0.0830860510468483,0.3636363744735718,0.4012987017631531
YBR159W,YGR169C,0,-7.7917,0.0830039530992508,0.3636363744735718,0.40173161029815674
YGR044C,YOR187W,0,-7.792881,0.08292201161384583,0.3636363744735718,0.402164489030838
YNR027W,YOR156C,0,-7.793181,0.08284023404121399,0.3636363744735718,0.4025973975658417
YKL176C,YHR204W,0,-7.793603,0.08275862038135529,0.3636363744735718,0.40303030610084534
YPL055C,YJL112W,0,-7.793649,0.08267716318368912,0.3636363744735718,0.403463214635849
YMR056C,YER001W,0,-7.793827,0.08259586989879608,0.3636363744735718,0.4038960933685303
YLL012W,YPL276W,0,-7.7944465,0.08251473307609558,0.3636363744735718,0.40432900190353394
YAL026C,YBR041W,1,-7.795863,0.08341511338949203,0.36796537041664124,0.40432900190353394
YLR102C,YDL024C,0,-7.795867,0.0833333358168602,0.36796537041664124,0.4047619104385376
YHR015W,YDR243C,0,-7.7960243,0.0832517147064209,0.36796537041664124,0.40519481897354126
YML086C,YKL042W,0,-7.7963533,0.08317025750875473,0.36796537041664124,0.40562769770622253
YKR055W,YCR018C,0,-7.79657,0.0830889567732811,0.36796537041664124,0.4060606062412262
YGR156W,YLR139C,0,-7.797159,0.0830078125,0.36796537041664124,0.40649351477622986
YAL026C,YDL046W,1,-7.7974544,0.08390244096517563,0.3722943663597107,0.40649351477622986
YER168C,YAR003W,0,-7.798734,0.08382066339254379,0.3722943663597107,0.40692639350891113
YNL214W,YDR341C,0,-7.799038,0.08373904228210449,0.3722943663597107,0.4073593020439148
YLR370C,YOR332W,0,-7.799061,0.08365758508443832,0.3722943663597107,0.40779221057891846
YMR281W,YDR244W,0,-7.799099,0.08357628434896469,0.3722943663597107,0.4082251191139221
YKL019W,YHR090C,0,-7.7995515,0.08349514752626419,0.3722943663597107,0.4086579978466034
YGR101W,YJR019C,0,-7.801434,0.08341415971517563,0.3722943663597107,0.40909090638160706
YOR058C,YAR014C,0,-7.8020296,0.0833333358168602,0.3722943663597107,0.4095238149166107
YPL217C,YDR395W,0,-7.802577,0.08325266093015671,0.3722943663597107,0.4099567234516144
YLR304C,YMR168C,0,-7.8031063,0.08317214995622635,0.3722943663597107,0.41038960218429565
YPR171W,YLR384C,0,-7.8037043,0.08309178799390793,0.3722943663597107,0.4108225107192993
YDR393W,YLR417W,0,-7.8049297,0.08301158249378204,0.3722943663597107,0.411255419254303
YOL091W,YLR316C,0,-7.8054743,0.0829315334558487,0.3722943663597107,0.41168829798698425
YMR032W,YER044C-A,0,-7.8068123,0.08285164088010788,0.3722943663597107,0.4121212065219879
YHR163W,YJR046W,0,-7.8080463,0.082771897315979,0.3722943663597107,0.4125541150569916
YDR022C,YOR371C,0,-7.808148,0.08269231021404266,0.3722943663597107,0.41298702359199524
YMR168C,YJR007W,0,-7.8085403,0.08261287212371826,0.3722943663597107,0.4134199023246765
YJR150C,YMR162C,1,-7.8095174,0.08349328488111496,0.37662336230278015,0.4134199023246765
YGL195W,YBR061C,0,-7.8099623,0.08341322839260101,0.37662336230278015,0.4138528108596802
YCR107W,YGR267C,0,-7.811561,0.0833333358168602,0.37662336230278015,0.41428571939468384
YBR210W,YIL095W,0,-7.8117065,0.08325358480215073,0.37662336230278015,0.4147186279296875
YHL031C,YNR017W,0,-7.813536,0.08317399770021439,0.37662336230278015,0.4151515066623688
YNL074C,YCR018C,0,-7.813547,0.08309455215930939,0.37662336230278015,0.41558441519737244
YHR114W,YGL205W,0,-7.8139763,0.08301527053117752,0.37662336230278015,0.4160173237323761
YOL055C,YOL128C,0,-7.814675,0.082936130464077,0.37662336230278015,0.4164502024650574
YPR178W,YJL154C,0,-7.8154,0.08285713940858841,0.37662336230278015,0.41688311100006104
YDR206W,YJL094C,0,-7.8154764,0.08277830481529236,0.37662336230278015,0.4173160195350647
YML047C,YOL028C,0,-7.815789,0.08269961923360825,0.37662336230278015,0.41774892807006836
YLL031C,YOR338W,0,-7.8163157,0.08262108266353607,0.37662336230278015,0.41818180680274963
YNR030W,YMR288W,0,-7.8169813,0.08254269510507584,0.37662336230278015,0.4186147153377533
YER151C,YMR210W,0,-7.817817,0.08246445655822754,0.37662336230278015,0.41904762387275696
YCR020W-B,YLR039C,0,-7.8180823,0.08238636702299118,0.37662336230278015,0.4194805324077606
YIL098C,YLR328W,0,-7.8193655,0.08230841904878616,0.37662336230278015,0.4199134111404419
YOR328W,YHR160C,0,-7.8194547,0.08223062753677368,0.37662336230278015,0.42034631967544556
YIL013C,YAR042W,1,-7.8195453,0.08309726417064667,0.380952388048172,0.42034631967544556
YPR167C,YOL117W,0,-7.819957,0.08301886916160583,0.380952388048172,0.4207792282104492
YML058W-A,YOR132W,0,-7.82135,0.08294062316417694,0.380952388048172,0.4212121069431305
YPL015C,YKL028W,0,-7.823802,0.08286252617835999,0.380952388048172,0.42164501547813416
YLR320W,YBR196C,0,-7.8240547,0.08278457075357437,0.380952388048172,0.4220779240131378
YBR010W,YDR463W,0,-7.824108,0.0827067643404007,0.380952388048172,0.4225108325481415
YIR013C,YGR057C,0,-7.8249407,0.08262910693883896,0.380952388048172,0.42294371128082275
YBR214W,YDR057W,0,-7.825582,0.08255159109830856,0.380952388048172,0.4233766198158264
YDL046W,YNL231C,1,-7.8259525,0.08341143280267715,0.38528138399124146,0.4233766198158264
YHL024W,YGR013W,0,-7.8264265,0.0833333358168602,0.38528138399124146,0.4238095283508301
YGR217W,YMR238W,0,-7.8268147,0.08325538039207458,0.38528138399124146,0.42424243688583374
YJR150C,YNL264C,1,-7.8281155,0.08411215245723724,0.3896103799343109,0.42424243688583374
YMR207C,YGL092W,0,-7.8290524,0.08403361588716507,0.3896103799343109,0.424675315618515
YOR011W,YIL013C,1,-7.83072,0.08488806337118149,0.39393940567970276,0.424675315618515
YDR022C,YKR050W,0,-7.8313217,0.08480894565582275,0.39393940567970276,0.4251082241535187
YDR478W,YLR424W,0,-7.8313994,0.08472998440265656,0.39393940567970276,0.42554113268852234
YDL192W,YLR200W,0,-7.831464,0.0846511647105217,0.39393940567970276,0.4259740114212036
YDL188C,YKL034W,0,-7.8321223,0.08457249402999878,0.39393940567970276,0.4264069199562073
YJR017C,YOR191W,0,-7.832361,0.0844939649105072,0.39393940567970276,0.42683982849121094
YEL030W,YBR129C,0,-7.8323827,0.08441558480262756,0.39393940567970276,0.4272727370262146
YDL095W,YCL019W,0,-7.8336115,0.08433734625577927,0.39393940567970276,0.4277056157588959
YBR159W,YMR104C,0,-7.8342257,0.08425925672054291,0.39393940567970276,0.42813852429389954
YBR153W,YGR181W,0,-7.834658,0.08418131619691849,0.39393940567970276,0.4285714328289032
YOR236W,YDR306C,0,-7.834698,0.08410350978374481,0.39393940567970276,0.42900434136390686
YLR384C,YFL045C,0,-7.8355346,0.08402585238218307,0.39393940567970276,0.42943722009658813
YKR054C,YKL201C,0,-7.836778,0.08394833654165268,0.39393940567970276,0.4298701286315918
YKR031C,YML085C,0,-7.836884,0.08387096971273422,0.39393940567970276,0.43030303716659546
YLR459W,YDL044C,0,-7.837384,0.08379373699426651,0.39393940567970276,0.43073591589927673
YAR019C,YNR023W,0,-7.8382797,0.08371665328741074,0.39393940567970276,0.4311688244342804
YNR053C,YEL017C-A,0,-7.838625,0.0836397036910057,0.39393940567970276,0.43160173296928406
YER068W,YCR020C,0,-7.83865,0.08356290310621262,0.39393940567970276,0.4320346415042877
YDL046W,YOR049C,1,-7.83871,0.08440367132425308,0.3982684016227722,0.4320346415042877
YPL100W,YDR439W,0,-7.838962,0.08432630449533463,0.3982684016227722,0.432467520236969
YNL264C,YOR049C,1,-7.8391094,0.08516483753919601,0.4025973975658417,0.432467520236969
YJR153W,YGR296W,0,-7.839131,0.08508691936731339,0.4025973975658417,0.43290042877197266
YNL029C,YKL070W,0,-7.8399863,0.0850091427564621,0.4025973975658417,0.4333333373069763
YGR041W,YIR022W,0,-7.8401585,0.08493150770664215,0.4025973975658417,0.43376624584198
YER166W,YNL264C,1,-7.840397,0.08576641976833344,0.40692639350891113,0.43376624584198
YOR150W,YOR145C,0,-7.841007,0.08568824082612991,0.40692639350891113,0.43419912457466125
YEL036C,YML004C,0,-7.8424463,0.08561020344495773,0.40692639350891113,0.4346320331096649
YAR015W,YLR113W,0,-7.8437614,0.0855323001742363,0.40692639350891113,0.4350649416446686
YNL166C,YLR424W,0,-7.844583,0.0854545459151268,0.40692639350891113,0.43549785017967224
YPL271W,YKL212W,0,-7.8453145,0.08537693321704865,0.40692639350891113,0.4359307289123535
YPL106C,YDL015C,0,-7.846256,0.08529945462942123,0.40692639350891113,0.4363636374473572
YJR150C,YHR001W,1,-7.847328,0.08612874150276184,0.411255419254303,0.4363636374473572
YOR367W,YLR275W,0,-7.8477855,0.08605072647333145,0.411255419254303,0.43679654598236084
YNL031C,YGR028W,0,-7.847851,0.0859728530049324,0.411255419254303,0.4372294247150421
YBR023C,YDR437W,0,-7.8495483,0.0858951210975647,0.411255419254303,0.4376623332500458
YLR022C,YER123W,0,-7.8496265,0.08581752330064774,0.411255419254303,0.43809524178504944
YJL071W,YKL084W,0,-7.850106,0.08574007451534271,0.411255419254303,0.4385281503200531
YMR079W,YJL145W,1,-7.8513556,0.08656447380781174,0.41558441519737244,0.4385281503200531
YDR385W,YDR177W,0,-7.8517113,0.08648648858070374,0.41558441519737244,0.4389610290527344
YJR150C,YBR041W,1,-7.8530517,0.08730872720479965,0.4199134111404419,0.4389610290527344
YLR170C,YBR260C,0,-7.8540373,0.08723021298646927,0.4199134111404419,0.43939393758773804
YMR044W,YGL120C,0,-7.8557463,0.08715184032917023,0.4199134111404419,0.4398268461227417
YBR272C,YHR079C,0,-7.8560615,0.08707360923290253,0.4199134111404419,0.44025975465774536
YHR042W,YFL045C,0,-7.8562846,0.08699551224708557,0.4199134111404419,0.44069263339042664
YNL041C,YJR022W,0,-7.8564167,0.08691756427288055,0.4199134111404419,0.4411255419254303
YPL152W,YDL015C,0,-7.858892,0.08683975040912628,0.4199134111404419,0.44155845046043396
YER070W,YGL212W,0,-7.86024,0.08676207810640335,0.4199134111404419,0.44199132919311523
YER032W,YNL029C,0,-7.8615932,0.08668453991413116,0.4199134111404419,0.4424242377281189
YMR314W,YPL235W,0,-7.863275,0.08660714328289032,0.4199134111404419,0.44285714626312256
YNL264C,YAR042W,1,-7.863351,0.0874219462275505,0.42424243688583374,0.44285714626312256
YMR162C,YNL231C,1,-7.8651767,0.0882352963089943,0.4285714328289032,0.44285714626312256
YMR162C,YOR237W,1,-7.866104,0.08904719352722168,0.43290042877197266,0.44285714626312256
YMR055C,YHR008C,0,-7.86804,0.08896797150373459,0.43290042877197266,0.4432900547981262
YMR299C,YKL082C,0,-7.8687863,0.08888889104127884,0.43290042877197266,0.4437229335308075
YBL102W,YHR090C,0,-7.8696012,0.08880994468927383,0.43290042877197266,0.44415584206581116
YFR050C,YOL031C,0,-7.8703113,0.08873114734888077,0.43290042877197266,0.4445887506008148
YGL168W,YKL038W,0,-7.8706956,0.08865248411893845,0.43290042877197266,0.4450216591358185
YCR048W,YGL255W,0,-7.871475,0.08857396245002747,0.43290042877197266,0.44545453786849976
YLR330W,YDR464W,0,-7.871807,0.08849557489156723,0.43290042877197266,0.4458874464035034
YOL021C,YLR268W,0,-7.873129,0.08841732889413834,0.43290042877197266,0.4463203549385071
YJR097W,YMR308C,0,-7.8739257,0.08833922445774078,0.43290042877197266,0.44675323367118835
YIL128W,YNR064C,0,-7.8739862,0.08826125413179398,0.43290042877197266,0.447186142206192
YCR028C,YGL241W,0,-7.874222,0.08818341791629791,0.43290042877197266,0.4476190507411957
YGL241W,YCL008C,0,-7.8743477,0.08810572326183319,0.43290042877197266,0.44805195927619934
YLR405W,YML124C,0,-7.87694,0.08802817016839981,0.43290042877197266,0.4484848380088806
YOL068C,YBR298C,0,-7.8786316,0.08795075118541718,0.43290042877197266,0.4489177465438843
YIL160C,YPR108W,0,-7.8810244,0.08787345886230469,0.43290042877197266,0.44935065507888794
YOL002C,YNL326C,0,-7.881345,0.08779631555080414,0.43290042877197266,0.4497835636138916
YHR169W,YKR037C,0,-7.8814454,0.08771929889917374,0.43290042877197266,0.4502164423465729
YPR088C,YPL214C,0,-7.881553,0.08764241635799408,0.43290042877197266,0.45064935088157654
YBR297W,YDR076W,0,-7.8816924,0.08756567537784576,0.43290042877197266,0.4510822594165802
YPL244C,YMR197C,0,-7.881879,0.0874890610575676,0.43290042877197266,0.4515151381492615
YDR464W,YGR181W,0,-7.882849,0.08741258829832077,0.43290042877197266,0.45194804668426514
YNR017W,YGL167C,0,-7.8834314,0.08733624219894409,0.43290042877197266,0.4523809552192688
YHR187W,YGR014W,0,-7.88443,0.08726003766059875,0.43290042877197266,0.45281386375427246
YPR001W,YPR031W,0,-7.884985,0.08718395978212357,0.43290042877197266,0.45324674248695374
YPL153C,YMR235C,0,-7.8851304,0.08710801601409912,0.43290042877197266,0.4536796510219574
YAL026C,YNL264C,1,-7.885331,0.08790252357721329,0.4372294247150421,0.4536796510219574
YMR190C,YDR400W,0,-7.8877525,0.08782608807086945,0.4372294247150421,0.45411255955696106
YBR041W,YHR073W,1,-7.8880153,0.08861859142780304,0.44155845046043396,0.45411255955696106
YCL043C,YJR043C,0,-7.8882766,0.0885416641831398,0.44155845046043396,0.4545454680919647
YOR034C,YBR114W,0,-7.8905296,0.08846487104892731,0.44155845046043396,0.454978346824646
YAR018C,YFL034C-B,0,-7.8905935,0.08838821202516556,0.44155845046043396,0.45541125535964966
YDR446W,YMR285C,0,-7.891501,0.08831168711185455,0.44155845046043396,0.4558441638946533
YMR012W,YPR135W,0,-7.891872,0.0882352963089943,0.44155845046043396,0.4562770426273346
YGL181W,YNL318C,0,-7.892047,0.08815903216600418,0.44155845046043396,0.45670995116233826
YGR202C,YDR532C,0,-7.892848,0.08808290213346481,0.44155845046043396,0.4571428596973419
YBR036C,YER001W,0,-7.8987627,0.08800690621137619,0.44155845046043396,0.4575757682323456
YDL137W,YPR178W,0,-7.8988934,0.08793103694915771,0.44155845046043396,0.45800864696502686
YER025W,YOL102C,0,-7.899215,0.08785529434680939,0.44155845046043396,0.4584415555000305
YMR162C,YNL264C,1,-7.8998117,0.08864027261734009,0.4458874464035034,0.4584415555000305
YNL101W,YNR039C,0,-7.9002767,0.08856406062841415,0.4458874464035034,0.4588744640350342
YBL002W,YEL019C,0,-7.900912,0.08848797529935837,0.4458874464035034,0.45930737257003784
YIR023W,YHR200W,0,-7.901284,0.08841201663017273,0.4458874464035034,0.4597402513027191
YDR416W,YPR036W,0,-7.9025435,0.08833619207143784,0.4458874464035034,0.4601731598377228
YLL027W,YGR186W,0,-7.902566,0.08826049417257309,0.4458874464035034,0.46060606837272644
YLR192C,YPL106C,0,-7.9026937,0.08818493038415909,0.4458874464035034,0.4610389471054077
YNR032C-A,YLR139C,0,-7.903015,0.08810949325561523,0.4458874464035034,0.4614718556404114
YAL026C,YMR079W,1,-7.903872,0.08888889104127884,0.4502164423465729,0.4614718556404114
YDL006W,YBR024W,0,-7.9046245,0.08881297707557678,0.4502164423465729,0.46190476417541504
YPR007C,YBR082C,0,-7.9060626,0.08873720467090607,0.4502164423465729,0.4623376727104187
YKL004W,YHR186C,0,-7.9062757,0.0886615514755249,0.4502164423465729,0.4627705514431
YDL013W,YGR181W,0,-7.9080358,0.08858603239059448,0.4502164423465729,0.46320345997810364
YML058W-A,YNL329C,0,-7.909742,0.08851063996553421,0.4502164423465729,0.4636363685131073
YLR242C,YMR162C,1,-7.9111147,0.0892857164144516,0.4545454680919647,0.4636363685131073
YDR378C,YDL201W,0,-7.912881,0.08920985460281372,0.4545454680919647,0.46406927704811096
YFL013C,YOR127W,0,-7.913848,0.08913412690162659,0.4545454680919647,0.46450215578079224
YHR027C,YPR125W,0,-7.9146376,0.0890585258603096,0.4545454680919647,0.4649350643157959
YGL142C,YOR326W,0,-7.9163713,0.08898305147886276,0.4545454680919647,0.46536797285079956
YCR057C,YIL143C,0,-7.917123,0.08890770375728607,0.4545454680919647,0.46580085158348083
YER017C,YAR002C-A,0,-7.917546,0.08883249014616013,0.4545454680919647,0.4662337601184845
YLR098C,YGL086W,0,-7.9186583,0.08875739574432373,0.4545454680919647,0.46666666865348816
YFL036W,YGL212W,0,-7.9188533,0.08868243545293808,0.4545454680919647,0.4670995771884918
YOL117W,YOR194C,0,-7.9193325,0.08860759437084198,0.4545454680919647,0.4675324559211731
YIL110W,YGR094W,0,-7.920389,0.08853287994861603,0.4545454680919647,0.46796536445617676
YCL043C,YNL330C,0,-7.920532,0.08845829963684082,0.4545454680919647,0.4683982729911804
YOR078W,YPR007C,0,-7.9208584,0.08838383853435516,0.4545454680919647,0.4688311815261841
YBR256C,YBR171W,0,-7.9220715,0.08830950409173965,0.4545454680919647,0.46926406025886536
YLR347C,YGR238C,0,-7.9221706,0.0882352963089943,0.4545454680919647,0.469696968793869
YPL200W,YDR427W,0,-7.9226537,0.08816120773553848,0.4545454680919647,0.4701298773288727
YJL219W,YGL051W,0,-7.923483,0.08808724582195282,0.4545454680919647,0.47056275606155396
YBR202W,YBR168W,0,-7.925392,0.0880134105682373,0.4545454680919647,0.4709956645965576
YMR301C,YNL118C,0,-7.9255347,0.08793970197439194,0.4545454680919647,0.4714285731315613
YCL038C,YPL110C,0,-7.925674,0.08786610513925552,0.4545454680919647,0.47186148166656494
YLR110C,YDL093W,0,-7.9288516,0.08779264241456985,0.4545454680919647,0.4722943603992462
YDR517W,YEL056W,0,-7.929489,0.08771929889917374,0.4545454680919647,0.4727272689342499
YLL015W,YHR067W,0,-7.9310327,0.08764607459306717,0.4545454680919647,0.47316017746925354
YMR277W,YDR369C,0,-7.9315166,0.08757297694683075,0.4545454680919647,0.4735930860042572
YGR217W,YER169W,0,-7.9323597,0.08749999850988388,0.4545454680919647,0.4740259647369385
YBL080C,YLR346C,0,-7.9326344,0.08742714673280716,0.4545454680919647,0.47445887327194214
YGL191W,YML001W,0,-7.9331264,0.08735440671443939,0.4545454680919647,0.4748917818069458
YLR238W,YCL067C,0,-7.9334064,0.08728179335594177,0.4545454680919647,0.4753246605396271
YLR106C,YPR190C,0,-7.933451,0.0872092992067337,0.4545454680919647,0.47575756907463074
YAL026C,YHR001W,1,-7.934061,0.08796680718660355,0.4588744640350342,0.47575756907463074
YKR085C,YNL073W,0,-7.934422,0.08789386600255966,0.4588744640350342,0.4761904776096344
YMR026C,YAL009W,0,-7.93577,0.08782104402780533,0.4588744640350342,0.47662338614463806
YOL051W,YNL029C,0,-7.9364243,0.08774834126234055,0.4588744640350342,0.47705626487731934
YGL191W,YDR246W,0,-7.936772,0.08767576515674591,0.4588744640350342,0.477489173412323
YKL135C,YPR006C,0,-7.9379163,0.08760330826044083,0.4588744640350342,0.47792208194732666
YGL168W,YKL055C,0,-7.938151,0.0875309631228447,0.4588744640350342,0.4783549904823303
YGL180W,YOR127W,0,-7.9382877,0.08745874464511871,0.4588744640350342,0.4787878692150116
YGR256W,YOR123C,0,-7.938554,0.08738664537668228,0.4588744640350342,0.47922077775001526
YDL069C,YMR030W,0,-7.9394283,0.0873146653175354,0.4588744640350342,0.4796536862850189
YDR434W,YLR010C,0,-7.940227,0.08724279701709747,0.4588744640350342,0.4800865948200226
YGL116W,YIL061C,0,-7.9423447,0.0871710553765297,0.4588744640350342,0.48051947355270386
YOR003W,YBR012W-A,0,-7.9433904,0.08709942549467087,0.4588744640350342,0.4809523820877075
YOR078W,YOR148C,0,-7.944906,0.08702791482210159,0.4588744640350342,0.4813852906227112
YIL022W,YER151C,0,-7.9452143,0.08695652335882187,0.4588744640350342,0.48181816935539246
YBR093C,YCR024C-A,0,-7.9459286,0.0868852436542511,0.4588744640350342,0.4822510778903961
YGR086C,YOL067C,0,-7.946491,0.08681408315896988,0.4588744640350342,0.4826839864253998
YMR162C,YAL026C,1,-7.946906,0.08756137639284134,0.46320345997810364,0.4826839864253998
YOR237W,YJL145W,1,-7.9487953,0.0883074402809143,0.4675324559211731,0.4826839864253998
YGL116W,YFL060C,0,-7.948898,0.0882352963089943,0.4675324559211731,0.48311689496040344
YLR242C,YAL026C,1,-7.9491377,0.08897959440946579,0.47186148166656494,0.48311689496040344
YGR217W,YNL243W,0,-7.9497204,0.08890701830387115,0.47186148166656494,0.4835497736930847
YJL035C,YFL004W,0,-7.949815,0.08883455395698547,0.47186148166656494,0.4839826822280884
YDL043C,YLR045C,0,-7.9509897,0.08876221626996994,0.47186148166656494,0.48441559076309204
YAL026C,YKR003W,1,-7.951168,0.08950366079807281,0.4761904776096344,0.48441559076309204
YPL127C,YER005W,0,-7.951421,0.08943089097738266,0.4761904776096344,0.4848484992980957
YBR193C,YKR046C,0,-7.9521685,0.08935824781656265,0.4761904776096344,0.485281378030777
YHR073W,YOR049C,1,-7.952984,0.09009740501642227,0.48051947355270386,0.485281378030777
YDR448W,YFL059W,0,-7.9533396,0.09002432972192764,0.48051947355270386,0.48571428656578064
YOR249C,YBR073W,0,-7.953787,0.08995138108730316,0.48051947355270386,0.4861471951007843
YJL179W,YDR515W,0,-7.9544163,0.08987854421138763,0.48051947355270386,0.4865800738334656
YGL247W,YMR273C,0,-7.955467,0.08980582654476166,0.48051947355270386,0.48701298236846924
YBR026C,YHR158C,0,-7.959024,0.08973322808742523,0.48051947355270386,0.4874458909034729
YOR078W,YDR177W,0,-7.959161,0.08966074138879776,0.48051947355270386,0.48787879943847656
YOR002W,YER161C,0,-7.9592814,0.08958838135004044,0.48051947355270386,0.48831167817115784
YDR409W,YJL074C,0,-7.9605513,0.08951612561941147,0.48051947355270386,0.4887445867061615
YGR258C,YLR181C,0,-7.9621544,0.08944399654865265,0.48051947355270386,0.48917749524116516
YER174C,YBR010W,0,-7.962403,0.08937197923660278,0.48051947355270386,0.4896104037761688
YFL023W,YER149C,0,-7.962777,0.08930008113384247,0.48051947355270386,0.4900432825088501
YNL116W,YCR009C,0,-7.9630766,0.08922829478979111,0.48051947355270386,0.49047619104385376
YNL210W,YDR201W,0,-7.9631004,0.0891566276550293,0.48051947355270386,0.4909090995788574
YNL145W,YMR069W,0,-7.9631686,0.08908507227897644,0.48051947355270386,0.4913419783115387
YDR052C,YJL050W,0,-7.968563,0.08901363611221313,0.48051947355270386,0.49177488684654236
YLR242C,YJR150C,1,-7.969255,0.08974359184503555,0.4848484992980957,0.49177488684654236
YJR150C,YER166W,1,-7.970606,0.09047237783670425,0.48917749524116516,0.49177488684654236
YOL078W,YDR224C,0,-7.9713526,0.09040000289678574,0.48917749524116516,0.492207795381546
YHR086W,YKR097W,0,-7.971602,0.09032773971557617,0.48917749524116516,0.4926407039165497
YBL013W,YNL216W,0,-7.9720135,0.09025558829307556,0.48917749524116516,0.49307358264923096
YBR038W,YOL147C,0,-7.9724035,0.0901835560798645,0.48917749524116516,0.4935064911842346
YBL097W,YAL035W,0,-7.972533,0.090111643075943,0.48917749524116516,0.4939393997192383
YCR075C,YJL001W,0,-7.9737225,0.09003984183073044,0.48917749524116516,0.49437230825424194
YOR239W,YFR031C,0,-7.973945,0.08996815234422684,0.48917749524116516,0.4948051869869232
YLR176C,YKL154W,0,-7.975304,0.08989658206701279,0.48917749524116516,0.4952380955219269
YAL041W,YPL132W,0,-7.9762044,0.0898251160979271,0.48917749524116516,0.49567100405693054
YGL194C,YPR182W,0,-7.9762564,0.08975376933813095,0.48917749524116516,0.4961038827896118
YDR329C,YPL139C,0,-7.9784374,0.08968254178762436,0.48917749524116516,0.4965367913246155
YOR267C,YFL004W,0,-7.9789486,0.08961141854524612,0.48917749524116516,0.49696969985961914
YJR150C,YOR237W,1,-7.9793463,0.09033280611038208,0.4935064911842346,0.49696969985961914
YLR405W,YOR156C,0,-7.979528,0.09026128053665161,0.4935064911842346,0.4974026083946228
YJR025C,YCR012W,0,-7.981038,0.0901898741722107,0.4935064911842346,0.4978354871273041
YHR187W,YDL120W,0,-7.9812164,0.09011857956647873,0.4935064911842346,0.49826839566230774
YJL095W,YNL202W,0,-7.9820347,0.09004739671945572,0.4935064911842346,0.4987013041973114
YHR015W,YIL120W,0,-7.983086,0.08997632563114166,0.4935064911842346,0.49913421273231506
YPR132W,YOL148C,0,-7.9838076,0.08990536630153656,0.4935064911842346,0.49956709146499634
YIR041W,YHR074W,0,-7.9850655,0.08983451873064041,0.4935064911842346,0.5
YAR014C,YOR349W,0,-7.985695,0.08976378291845322,0.4935064911842346,0.5004329085350037
YDR343C,YAL015C,0,-7.9858894,0.08969315141439438,0.4935064911842346,0.5008658170700073
YER107C,YNL243W,0,-7.986814,0.08962263911962509,0.4935064911842346,0.501298725605011
YEL029C,YGL100W,0,-7.9878616,0.08955223858356476,0.4935064911842346,0.5017315745353699
YPL051W,YMR001C,0,-7.989244,0.08948194980621338,0.4935064911842346,0.5021644830703735
YPL110C,YCR071C,0,-7.9900613,0.08941176533699036,0.4935064911842346,0.5025973916053772
YDL006W,YGR245C,0,-7.991071,0.08934169262647629,0.4935064911842346,0.5030303001403809
YLR368W,YMR005W,0,-7.991318,0.08927173167467117,0.4935064911842346,0.5034632086753845
YDR440W,YML097C,0,-7.991761,0.08920187503099442,0.4935064911842346,0.5038961172103882
YML071C,YNL326C,0,-7.992003,0.08913213759660721,0.4935064911842346,0.5043290257453918
YPR171W,YKL134C,0,-7.992441,0.08906249701976776,0.4935064911842346,0.5047619342803955
YGR178C,YDR400W,0,-7.993931,0.08899297565221786,0.4935064911842346,0.5051947832107544
YDR385W,YLR025W,0,-7.99438,0.08892355859279633,0.4935064911842346,0.5056276917457581
YJR158W,YML001W,0,-7.9944215,0.08885424584150314,0.4935064911842346,0.5060606002807617
YDL220C,YIL048W,0,-7.9952736,0.08878504484891891,0.4935064911842346,0.5064935088157654
YOR237W,YAR042W,1,-7.9958773,0.08949416130781174,0.4978354871273041,0.5064935088157654
YLR242C,YJL145W,1,-7.995886,0.09020217508077621,0.5021644830703735,0.5064935088157654
YBR110W,YCL033C,0,-7.995921,0.09013208746910095,0.5021644830703735,0.506926417350769
YOR244W,YLR347C,0,-7.9964147,0.09006211161613464,0.5021644830703735,0.5073593258857727
YIR013C,YCR067C,0,-7.996671,0.08999224007129669,0.5021644830703735,0.5077922344207764
YGL222C,YLR363C,0,-7.9969573,0.0899224802851677,0.5021644830703735,0.5082250833511353
YOR237W,YMR079W,1,-7.9970083,0.09062741696834564,0.5064935088157654,0.5082250833511353
YNL242W,YIR025W,0,-7.9976683,0.0905572772026062,0.5064935088157654,0.5086579918861389
YGL240W,YHR163W,0,-7.999424,0.09048724174499512,0.5064935088157654,0.5090909004211426
YGR097W,YGL100W,0,-8.002628,0.09041731059551239,0.5064935088157654,0.5095238089561462
YKR003W,YNL264C,1,-8.003085,0.0911196917295456,0.5108225345611572,0.5095238089561462
YOR373W,YMR322C,0,-8.004542,0.09104938060045242,0.5108225345611572,0.5099567174911499
YNR010W,YML043C,0,-8.004988,0.0909791812300682,0.5108225345611572,0.5103896260261536
YNR053C,YPR094W,0,-8.00523,0.09090909361839294,0.5108225345611572,0.5108225345611572
YCR066W,YPL214C,0,-8.005493,0.09083911031484604,0.5108225345611572,0.5112553834915161
YCR066W,YKR020W,0,-8.006122,0.09076923131942749,0.5108225345611572,0.5116882920265198
YGR258C,YLR369W,0,-8.007489,0.0906994640827179,0.5108225345611572,0.5121212005615234
YOR061W,YBR042C,0,-8.008338,0.09062980115413666,0.5108225345611572,0.5125541090965271
YLR007W,YGL137W,0,-8.008654,0.09056024253368378,0.5108225345611572,0.5129870176315308
YBR020W,YDR277C,0,-8.009022,0.09049079567193985,0.5108225345611572,0.5134199261665344
YNL014W,YDL006W,0,-8.01033,0.09042145311832428,0.5108225345611572,0.5138528347015381
YLR459W,YDR459C,0,-8.010638,0.09035222232341766,0.5108225345611572,0.5142857432365417
YDL231C,YMR190C,0,-8.011633,0.09028308838605881,0.5108225345611572,0.5147185921669006
YER174C,YJL001W,0,-8.011755,0.0902140662074089,0.5108225345611572,0.5151515007019043
YLR242C,YBR041W,1,-8.013241,0.09090909361839294,0.5151515007019043,0.5151515007019043
YPL058C,YDR217C,0,-8.0137615,0.0908396914601326,0.5151515007019043,0.515584409236908
YKL188C,YAR042W,1,-8.014323,0.09153318405151367,0.5194805264472961,0.515584409236908
YDR017C,YNR015W,0,-8.014799,0.09146341681480408,0.5194805264472961,0.5160173177719116
YER154W,YPR186C,0,-8.016205,0.09139375388622284,0.5194805264472961,0.5164502263069153
YPL098C,YNL332W,0,-8.0163765,0.09132420271635056,0.5194805264472961,0.516883134841919
YJR013W,YBR228W,0,-8.016533,0.09125475585460663,0.5194805264472961,0.5173160433769226
YOR020C,YJL133W,0,-8.016787,0.09118541330099106,0.5194805264472961,0.5177488923072815
YLR242C,YIL013C,1,-8.01684,0.09187547117471695,0.523809552192688,0.5177488923072815
YOR011W,YKR003W,1,-8.017467,0.09256449341773987,0.5281385183334351,0.5177488923072815
YPL202C,YBR273C,0,-8.01873,0.09249431639909744,0.5281385183334351,0.5181818008422852
YNL286W,YBR196C,0,-8.018886,0.09242424368858337,0.5281385183334351,0.5186147093772888
YPR046W,YDR190C,0,-8.0192795,0.09235427528619766,0.5281385183334351,0.5190476179122925
YBR296C,YHR060W,0,-8.0195675,0.0922844186425209,0.5281385183334351,0.5194805264472961
YFL034C-B,YIL076W,0,-8.01998,0.0922146663069725,0.5281385183334351,0.5199134349822998
YDR040C,YHR091C,0,-8.020694,0.09214501827955246,0.5281385183334351,0.5203463435173035
YBR145W,YPL149W,0,-8.022378,0.09207547456026077,0.5281385183334351,0.5207791924476624
YPL011C,YNL310C,0,-8.023273,0.09200603514909744,0.5281385183334351,0.521212100982666
YBR290W,YOL017W,0,-8.023499,0.09193670004606247,0.5281385183334351,0.5216450095176697
YAL026C,YIL013C,1,-8.0237465,0.09262048453092575,0.5324675440788269,0.5216450095176697
YNR002C,YNL090W,0,-8.024626,0.09255079180002213,0.5324675440788269,0.5220779180526733
YNL271C,YPR010C,0,-8.025279,0.09248120337724686,0.5324675440788269,0.522510826587677
YNL075W,YOR047C,0,-8.025461,0.09241171926259995,0.5324675440788269,0.5229437351226807
YER179W,YOR045W,0,-8.025982,0.09234233945608139,0.5324675440788269,0.5233766436576843
YJL060W,YPR002W,0,-8.027419,0.09227307140827179,0.5324675440788269,0.523809552192688
YGL222C,YPL232W,0,-8.02779,0.09220390021800995,0.5324675440788269,0.5242424011230469
YML078W,YDR166C,0,-8.029556,0.09213483333587646,0.5324675440788269,0.5246753096580505
YER044C-A,YJL210W,0,-8.0298195,0.09206587076187134,0.5324675440788269,0.5251082181930542
YER019W,YGR133W,0,-8.030542,0.09199700504541397,0.5324675440788269,0.5255411267280579
YAL026C,YOR237W,1,-8.032596,0.09267563372850418,0.536796510219574,0.5255411267280579
YKR072C,YJR135W-A,0,-8.034823,0.09260642528533936,0.536796510219574,0.5259740352630615
YAL026C,YPL145C,1,-8.036112,0.09328357875347137,0.5411255359649658,0.5259740352630615
YNR027W,YBL102W,0,-8.039112,0.0932140201330185,0.5411255359649658,0.5264069437980652
YMR162C,YJL145W,1,-8.039906,0.09388971328735352,0.5454545617103577,0.5264069437980652
YDR435C,YBR117C,0,-8.039928,0.09381980448961258,0.5454545617103577,0.5268398523330688
YNL232W,YJL072C,0,-8.040773,0.09375,0.5454545617103577,0.5272727012634277
YIL065C,YJL102W,0,-8.044062,0.09368029981851578,0.5454545617103577,0.5277056097984314
YLR394W,YPL253C,0,-8.044455,0.09361069649457932,0.5454545617103577,0.5281385183334351
YPL050C,YOR057W,0,-8.045464,0.0935412049293518,0.5454545617103577,0.5285714268684387
YKL049C,YGL049C,0,-8.045898,0.09347181022167206,0.5454545617103577,0.5290043354034424
YLR074C,YOR191W,0,-8.046928,0.09340251982212067,0.5454545617103577,0.529437243938446
YIR005W,YKL170W,0,-8.047525,0.09333333373069763,0.5454545617103577,0.5298701524734497
YNR057C,YKR101W,0,-8.047674,0.09326425194740295,0.5454545617103577,0.5303030014038086
YMR001C,YOR260W,0,-8.0483675,0.09319526702165604,0.5454545617103577,0.5307359099388123
YLR361C,YNL145W,0,-8.048733,0.09312638640403748,0.5454545617103577,0.5311688184738159
YHR073W,YKR003W,1,-8.048976,0.09379615634679794,0.5497835278511047,0.5311688184738159
YGR036C,YNL003C,0,-8.049093,0.09372694045305252,0.5497835278511047,0.5316017270088196
YGL032C,YDR208W,0,-8.049877,0.09365781396627426,0.5497835278511047,0.5320346355438232
YIL062C,YLR157C,0,-8.050042,0.09358879923820496,0.5497835278511047,0.5324675440788269
YFL056C,YGR253C,0,-8.050638,0.09351988136768341,0.5497835278511047,0.5329004526138306
YKL032C,YKL143W,0,-8.05086,0.09345106780529022,0.5497835278511047,0.5333333611488342
YAL022C,YBR097W,0,-8.051602,0.0933823511004448,0.5497835278511047,0.5337662100791931
YIL118W,YGR214W,0,-8.052326,0.09331373870372772,0.5497835278511047,0.5341991186141968
YBR286W,YJR093C,0,-8.053689,0.09324523061513901,0.5497835278511047,0.5346320271492004
YDR108W,YBL026W,0,-8.054461,0.09317681938409805,0.5497835278511047,0.5350649356842041
YGR217W,YDR411C,0,-8.05497,0.09310850501060486,0.5497835278511047,0.5354978442192078
YMR061W,YDR393W,0,-8.055243,0.09304029494524002,0.5497835278511047,0.5359307527542114
YGR037C,YJL145W,1,-8.055298,0.09370424598455429,0.5541125535964966,0.5359307527542114
YJL019W,YLR222C,0,-8.056168,0.09363570064306259,0.5541125535964966,0.5363636612892151
YDL004W,YIR023W,0,-8.0562315,0.09356725215911865,0.5541125535964966,0.536796510219574
YBR034C,YKL170W,0,-8.056379,0.09349890798330307,0.5541125535964966,0.5372294187545776
YBR089C-A,YGR170W,0,-8.057383,0.09343065321445465,0.5541125535964966,0.5376623272895813
YMR014W,YBR002C,0,-8.05824,0.09336251020431519,0.5541125535964966,0.538095235824585
YMR079W,YAR042W,1,-8.0587435,0.09402332454919815,0.5584415793418884,0.538095235824585
YDR432W,YDR088C,0,-8.059834,0.09395484626293182,0.5584415793418884,0.5385281443595886
YBL033C,YGL100W,0,-8.060939,0.09388646483421326,0.5584415793418884,0.5389610528945923
YLL022C,YOR359W,0,-8.062012,0.09381818026304245,0.5584415793418884,0.539393961429596
YIR013C,YDL014W,0,-8.063113,0.09375,0.5584415793418884,0.5398268103599548
YFL057C,YNR072W,0,-8.063919,0.09368191659450531,0.5584415793418884,0.5402597188949585
YJL020C,YBR118W,0,-8.064465,0.09361393004655838,0.5584415793418884,0.5406926274299622
YPL169C,YHR157W,0,-8.066145,0.09354604780673981,0.5584415793418884,0.5411255359649658
YGL092W,YMR093W,0,-8.066315,0.093478262424469,0.5584415793418884,0.5415584444999695
YMR162C,YMR079W,1,-8.067242,0.09413468837738037,0.5627705454826355,0.5415584444999695
YLR157C,YOR204W,0,-8.068655,0.0940665677189827,0.5627705454826355,0.5419913530349731
YGR284C,YFL034C-B,0,-8.069819,0.09399855136871338,0.5627705454826355,0.5424242615699768
YDR487C,YPL218W,0,-8.069909,0.09393063932657242,0.5627705454826355,0.5428571701049805
YMR033W,YBL013W,0,-8.070186,0.09386281669139862,0.5627705454826355,0.5432900190353394
YOL130W,YDR335W,0,-8.072161,0.09379509091377258,0.5627705454826355,0.543722927570343
YGL206C,YOR195W,0,-8.07279,0.0937274694442749,0.5627705454826355,0.5441558361053467
YKL032C,YBR250W,0,-8.073211,0.09365994483232498,0.5627705454826355,0.5445887446403503
YHR186C,YDR312W,0,-8.073409,0.09359250962734222,0.5627705454826355,0.545021653175354
YDR298C,YBR055C,0,-8.073878,0.09352517873048782,0.5627705454826355,0.5454545617103577
YOL013C,YJR160C,0,-8.074094,0.09345794469118118,0.5627705454826355,0.5458874702453613
YCR098C,YGL172W,0,-8.074954,0.0933908075094223,0.5627705454826355,0.5463203191757202
YAR014C,YGR276C,0,-8.075016,0.09332375973463058,0.5627705454826355,0.5467532277107239
YLR242C,YKR003W,1,-8.07679,0.09397417306900024,0.5670995712280273,0.5467532277107239
YNL264C,YJL145W,1,-8.076907,0.09462365508079529,0.5714285969734192,0.5467532277107239
YMR032W,YBR083W,0,-8.077184,0.09455587714910507,0.5714285969734192,0.5471861362457275
YMR044W,YJR010C-A,0,-8.078539,0.09448818862438202,0.5714285969734192,0.5476190447807312
YNR075W,YOR308C,0,-8.079638,0.09442060440778732,0.5714285969734192,0.5480519533157349
YGR163W,YFR024C-A,0,-8.07972,0.09435310959815979,0.5714285969734192,0.5484848618507385
YAL043C,YLR277C,0,-8.080047,0.09428571164608002,0.5714285969734192,0.5489177703857422
YLR431C,YPL188W,0,-8.081379,0.0942184180021286,0.5714285969734192,0.5493506789207458
YFR024C-A,YPR182W,0,-8.081685,0.09415121376514435,0.5714285969734192,0.5497835278511047
YPR083W,YMR004W,0,-8.082077,0.09408410638570786,0.5714285969734192,0.5502164363861084
YML112W,YDL200C,0,-8.083097,0.09401709586381912,0.5714285969734192,0.5506493449211121
YMR025W,YDR284C,0,-8.084695,0.09395017474889755,0.5714285969734192,0.5510822534561157
YLR350W,YBR097W,0,-8.086928,0.09388335794210434,0.5714285969734192,0.5515151619911194
YLR316C,YLR301W,0,-8.088078,0.09381663054227829,0.5714285969734192,0.551948070526123
YOR074C,YHR070W,0,-8.088191,0.09375,0.5714285969734192,0.5523809790611267
YDR377W,YBL002W,0,-8.088285,0.09368346631526947,0.5714285969734192,0.5528138279914856
YPR138C,YPL042C,0,-8.088633,0.0936170220375061,0.5714285969734192,0.5532467365264893
YBR297W,YDR498C,0,-8.088896,0.0935506746172905,0.5714285969734192,0.5536796450614929
YBR288C,YGR270W,0,-8.089451,0.09348441660404205,0.5714285969734192,0.5541125535964966
YPR065W,YGL004C,0,-8.089844,0.09341825544834137,0.5714285969734192,0.5545454621315002
YER166W,YKL188C,1,-8.090178,0.09405940771102905,0.5757575631141663,0.5545454621315002
YMR264W,YDR062W,0,-8.092179,0.0939929336309433,0.5757575631141663,0.5549783706665039
YKL150W,YIL147C,0,-8.09268,0.0939265564084053,0.5757575631141663,0.5554112792015076
YLR394W,YDR440W,0,-8.092758,0.09386026859283447,0.5757575631141663,0.5558441281318665
YJR105W,YIR011C,0,-8.093307,0.0937940776348114,0.5757575631141663,0.5562770366668701
YIL035C,YDL198C,0,-8.093514,0.0937279760837555,0.5757575631141663,0.5567099452018738
YOR226C,YHR014W,0,-8.093586,0.09366197139024734,0.5757575631141663,0.5571428537368774
YKL064W,YCR042C,0,-8.094824,0.09359605610370636,0.5757575631141663,0.5575757622718811
YKR028W,YNL253W,0,-8.095276,0.09353023767471313,0.5757575631141663,0.5580086708068848
YER167W,YDR069C,0,-8.097445,0.09346450865268707,0.5757575631141663,0.5584415793418884
YNL065W,YBR004C,0,-8.097588,0.09339887648820877,0.5757575631141663,0.5588744878768921
YPL069C,YOL067C,0,-8.098037,0.09333333373069763,0.5757575631141663,0.559307336807251
YJL208C,YKL014C,0,-8.100165,0.09326788038015366,0.5757575631141663,0.5597402453422546
YGR145W,YDR395W,0,-8.100295,0.09320252388715744,0.5757575631141663,0.5601731538772583
YBR035C,YKR101W,0,-8.100869,0.09313725680112839,0.5757575631141663,0.560606062412262
YMR255W,YKL079W,0,-8.101074,0.0930720791220665,0.5757575631141663,0.5610389709472656
YOL133W,YOR266W,0,-8.101221,0.09300699084997177,0.5757575631141663,0.5614718794822693
YPR187W,YJR102C,0,-8.101917,0.0929419994354248,0.5757575631141663,0.561904788017273
YPL075W,YHR026W,0,-8.104353,0.092877097427845,0.5757575631141663,0.5623376369476318
YKL208W,YLR363C,0,-8.104555,0.09281228482723236,0.5757575631141663,0.5627705454826355
YER001W,YOR182C,0,-8.104853,0.09274756163358688,0.5757575631141663,0.5632034540176392
YJL115W,YDL230W,0,-8.105295,0.09268292784690857,0.5757575631141663,0.5636363625526428
YMR078C,YER018C,0,-8.106385,0.09261838346719742,0.5757575631141663,0.5640692710876465
YCR063W,YER165W,0,-8.108033,0.09255392849445343,0.5757575631141663,0.5645021796226501
YBL013W,YJR097W,0,-8.108061,0.0924895703792572,0.5757575631141663,0.5649350881576538
YJL081C,YOL143C,0,-8.110264,0.09242529422044754,0.5757575631141663,0.5653679370880127
YHR067W,YDL028C,0,-8.110445,0.09236110746860504,0.5757575631141663,0.5658008456230164
YNL225C,YJR074W,0,-8.111,0.0922970175743103,0.5757575631141663,0.56623375415802
YOL038W,YKR086W,0,-8.11307,0.09223300963640213,0.5757575631141663,0.5666666626930237
YHR059W,YML019W,0,-8.113924,0.09216909110546112,0.5757575631141663,0.5670995712280273
YFL025C,YML057W,0,-8.113937,0.09210526198148727,0.5757575631141663,0.567532479763031
YDL126C,YMR065W,0,-8.114747,0.09204152226448059,0.5757575631141663,0.5679653882980347
YKL046C,YGR004W,0,-8.115658,0.09197787195444107,0.5757575631141663,0.5683982968330383
YJR132W,YIL144W,0,-8.115776,0.09191430360078812,0.5757575631141663,0.5688311457633972
YKL026C,YPR051W,0,-8.116131,0.09185083210468292,0.5757575631141663,0.5692640542984009
YJL095W,YJL063C,0,-8.11959,0.0917874425649643,0.5757575631141663,0.5696969628334045
YER110C,YIL039W,0,-8.120788,0.09172413498163223,0.5757575631141663,0.5701298713684082
YML067C,YIR033W,0,-8.120818,0.09166092425584793,0.5757575631141663,0.5705627799034119
YNL059C,YDR388W,0,-8.121338,0.0915977954864502,0.5757575631141663,0.5709956884384155
YER018C,YDR086C,0,-8.12228,0.09153475612401962,0.5757575631141663,0.5714285969734192
YAR031W,YOR117W,0,-8.122644,0.09147179871797562,0.5757575631141663,0.5718614459037781
YOL147C,YMR314W,0,-8.124977,0.09140893816947937,0.5757575631141663,0.5722943544387817
YKL220C,YOR151C,0,-8.125177,0.09134615212678909,0.5757575631141663,0.5727272629737854
YPL269W,YNR034W,0,-8.127882,0.09128345549106598,0.5757575631141663,0.5731601715087891
YBL002W,YJL166W,0,-8.127937,0.09122084826231003,0.5757575631141663,0.5735930800437927
YLL019C,YPR181C,0,-8.128876,0.09115833044052124,0.5757575631141663,0.5740259885787964
YJR150C,YIL013C,1,-8.128914,0.09178081899881363,0.5800865888595581,0.5740259885787964
YDR245W,YNL251C,0,-8.128984,0.09171800315380096,0.5800865888595581,0.5744588971138
YCR020C,YNR026C,0,-8.129377,0.09165526926517487,0.5800865888595581,0.5748917460441589
YDR228C,YNL282W,0,-8.129803,0.09159261733293533,0.5800865888595581,0.5753246545791626
YAL010C,YBR218C,0,-8.130494,0.09153005480766296,0.5800865888595581,0.5757575631141663
YKL008C,YOR275C,0,-8.131121,0.09146757423877716,0.5800865888595581,0.5761904716491699
YMR025W,YML097C,0,-8.131801,0.09140518307685852,0.5800865888595581,0.5766233801841736
YFR046C,YKR095W,0,-8.132398,0.09134287387132645,0.5800865888595581,0.5770562887191772
YOR002W,YPL019C,0,-8.132811,0.09128065407276154,0.5800865888595581,0.5774891972541809
YHR001W,YNL264C,1,-8.13496,0.09189925342798233,0.5844155550003052,0.5774891972541809
YMR163C,YIL110W,0,-8.135315,0.09183673560619354,0.5844155550003052,0.5779221057891846
YEL036C,YHL025W,0,-8.136018,0.09177429974079132,0.5844155550003052,0.5783549547195435
YOR030W,YOR381W,0,-8.138475,0.09171195328235626,0.5844155550003052,0.5787878632545471
YKL055C,YER072W,0,-8.138526,0.09164969623088837,0.5844155550003052,0.5792207717895508
YML011C,YHR069C,0,-8.139643,0.09158751368522644,0.5844155550003052,0.5796536803245544
YFR024C-A,YJL045W,0,-8.139874,0.09152542054653168,0.5844155550003052,0.5800865888595581
YKL014C,YNL246W,0,-8.142535,0.09146341681480408,0.5844155550003052,0.5805194973945618
YGR262C,YMR044W,0,-8.142586,0.09140148758888245,0.5844155550003052,0.5809524059295654
YBR041W,YMR079W,1,-8.142757,0.09201623499393463,0.588744580745697,0.5809524059295654
YPR181C,YLR305C,0,-8.143557,0.09195402264595032,0.588744580745697,0.5813852548599243
YAL031C,YPL026C,0,-8.143591,0.09189189225435257,0.588744580745697,0.581818163394928
YHR204W,YIL114C,0,-8.1454735,0.09182984381914139,0.588744580745697,0.5822510719299316
YGR085C,YDR443C,0,-8.146854,0.09176788479089737,0.588744580745697,0.5826839804649353
YBR236C,YKL004W,0,-8.147686,0.09170600026845932,0.588744580745697,0.583116888999939
YJL170C,YBR177C,0,-8.148007,0.09164420515298843,0.588744580745697,0.5835497975349426
YNR057C,YIR015W,0,-8.14918,0.09158249199390411,0.588744580745697,0.5839827060699463
YFR001W,YJL204C,0,-8.149334,0.09152086079120636,0.588744580745697,0.5844155550003052
YCR061W,YNL313C,0,-8.152624,0.09145931154489517,0.588744580745697,0.5848484635353088
YJR150C,YKR003W,1,-8.152699,0.09206989407539368,0.5930736064910889,0.5848484635353088
YDR298C,YNL099C,0,-8.155507,0.0920080617070198,0.5930736064910889,0.5852813720703125
YIL040W,YNL213C,0,-8.15694,0.0919463112950325,0.5930736064910889,0.5857142806053162
YCL051W,YPR031W,0,-8.158268,0.09188464283943176,0.5930736064910889,0.5861471891403198
YGL086W,YPL026C,0,-8.158331,0.09182305634021759,0.5930736064910889,0.5865800976753235
YJL208C,YJL012C,0,-8.159214,0.09176155179738998,0.5930736064910889,0.5870130062103271
YHR116W,YIL007C,0,-8.159285,0.09170013666152954,0.5930736064910889,0.5874459147453308
YDR518W,YLR240W,0,-8.1597185,0.09163879603147507,0.5930736064910889,0.5878787636756897
YDR459C,YPL152W,0,-8.160908,0.09157753735780716,0.5930736064910889,0.5883116722106934
YOL130W,YLR424W,0,-8.163256,0.09151636809110641,0.5930736064910889,0.588744580745697
YHR073W,YNL231C,1,-8.163259,0.09212283045053482,0.5974025726318359,0.588744580745697
YFL003C,YJL026W,0,-8.163282,0.0920613706111908,0.5974025726318359,0.5891774892807007
YLL022C,YLR007W,0,-8.164608,0.09200000017881393,0.5974025726318359,0.5896103978157043
YDR432W,YLR147C,0,-8.165194,0.09193870425224304,0.5974025726318359,0.590043306350708
YAL055W,YNL090W,0,-8.167053,0.09187749773263931,0.5974025726318359,0.5904762148857117
YHL047C,YNR064C,0,-8.167088,0.09181636571884155,0.5974025726318359,0.5909090638160706
YPR186C,YMR139W,0,-8.168986,0.09175531566143036,0.5974025726318359,0.5913419723510742
YOR239W,YGL016W,0,-8.168995,0.09169435501098633,0.5974025726318359,0.5917748808860779
YDR072C,YGR038W,0,-8.170491,0.09163346886634827,0.5974025726318359,0.5922077894210815
YOR257W,YGL144C,0,-8.170835,0.09157265722751617,0.5974025726318359,0.5926406979560852
YOL143C,YDR160W,0,-8.17236,0.09151193499565125,0.5974025726318359,0.5930736064910889
YHR073W,YAR042W,1,-8.172782,0.09211397916078568,0.6017315983772278,0.5930736064910889
YER095W,YOR191W,0,-8.173041,0.09205298125743866,0.6017315983772278,0.5935065150260925
YKR003W,YJL145W,1,-8.173952,0.09265387058258057,0.6060606241226196,0.5935065150260925
YLR106C,YDL130W,0,-8.174212,0.09259258955717087,0.6060606241226196,0.5939394235610962
YHR191C,YGR249W,0,-8.17423,0.09253139793872833,0.6060606241226196,0.5943722724914551
YDL046W,YNL264C,1,-8.177258,0.09313078224658966,0.6103895902633667,0.5943722724914551
YLL031C,YOR057W,0,-8.177789,0.09306930750608444,0.6103895902633667,0.5948051810264587
YOR049C,YAR042W,1,-8.178327,0.09366754442453384,0.6147186160087585,0.5948051810264587
YLR097C,YGR178C,0,-8.178455,0.09360580146312714,0.6147186160087585,0.5952380895614624
YHR059W,YNL251C,0,-8.179367,0.093544140458107,0.6147186160087585,0.5956709980964661
YPL125W,YDR180W,0,-8.180319,0.09348255395889282,0.6147186160087585,0.5961039066314697
YLR160C,YDL017W,0,-8.180877,0.09342104941606522,0.6147186160087585,0.5965368151664734
YPL265W,YLR034C,0,-8.182987,0.09335963428020477,0.6147186160087585,0.596969723701477
YCR020C,YKL141W,0,-8.183403,0.0932982936501503,0.6147186160087585,0.5974025726318359
YLR191W,YPR094W,0,-8.183501,0.09323703497648239,0.6147186160087585,0.5978354811668396
YGL191W,YBR114W,0,-8.184006,0.09317585080862045,0.6147186160087585,0.5982683897018433
YOR168W,YLR425W,0,-8.185804,0.09311475604772568,0.6147186160087585,0.5987012982368469
YGR216C,YNR023W,0,-8.18783,0.09305373579263687,0.6147186160087585,0.5991342067718506
YKL179C,YDR296W,0,-8.188785,0.09299279749393463,0.6147186160087585,0.5995671153068542
YDR176W,YKL122C,0,-8.190969,0.09293193370103836,0.6147186160087585,0.6000000238418579
YER068W,YIR022W,0,-8.191145,0.09287115931510925,0.6147186160087585,0.6004328727722168
YNR027W,YHR012W,0,-8.191453,0.09281045943498611,0.6147186160087585,0.6008657813072205
YMR186W,YPL121C,0,-8.193065,0.09274983406066895,0.6147186160087585,0.6012986898422241
YPL018W,YDR126W,0,-8.193216,0.09268929809331894,0.6147186160087585,0.6017315983772278
YNL113W,YLR385C,0,-8.193571,0.0926288291811943,0.6147186160087585,0.6021645069122314
YMR199W,YGL244W,0,-8.194357,0.09256844967603683,0.6147186160087585,0.6025974154472351
YOR058C,YDR087C,0,-8.194452,0.09250814467668533,0.6147186160087585,0.6030303239822388
YLR377C,YPR031W,0,-8.194515,0.0924479141831398,0.6147186160087585,0.6034632325172424
YDR513W,YNR034W,0,-8.202852,0.09238776564598083,0.6147186160087585,0.6038960814476013
YIL013C,YNL264C,1,-8.2030115,0.09297789633274078,0.6190476417541504,0.6038960814476013
YOR351C,YDL188C,0,-8.204067,0.09291747957468033,0.6190476417541504,0.604328989982605
YDR030C,YDR477W,0,-8.204237,0.09285714477300644,0.6190476417541504,0.6047618985176086
YDR198C,YOR329C,0,-8.205732,0.09279688447713852,0.6190476417541504,0.6051948070526123
YBR009C,YDR198C,0,-8.206089,0.09273670613765717,0.6190476417541504,0.605627715587616
YOR381W,YPL121C,0,-8.209621,0.09267660230398178,0.6190476417541504,0.6060606241226196
YBR041W,YJL145W,1,-8.211195,0.09326425194740295,0.6233766078948975,0.6060606241226196
YPR122W,YHR186C,0,-8.211733,0.09320387989282608,0.6233766078948975,0.6064935326576233
YJL013C,YKL055C,0,-8.214067,0.09314359724521637,0.6233766078948975,0.6069263815879822
YHL027W,YNL334C,0,-8.214124,0.09308338910341263,0.6233766078948975,0.6073592901229858
YPR122W,YPL130W,0,-8.21418,0.09302325546741486,0.6233766078948975,0.6077921986579895
YNL025C,YDR395W,0,-8.215087,0.09296320378780365,0.6233766078948975,0.6082251071929932
YBR041W,YOR049C,1,-8.216392,0.09354838728904724,0.6277056336402893,0.6082251071929932
YGR097W,YMR280C,0,-8.216778,0.09348807483911514,0.6277056336402893,0.6086580157279968
YDR358W,YDR439W,0,-8.218606,0.09342783689498901,0.6277056336402893,0.6090909242630005
YLR399C,YHR183W,0,-8.2190075,0.09336767345666885,0.6277056336402893,0.6095238327980042
YPR075C,YOR119C,0,-8.220171,0.09330759197473526,0.6277056336402893,0.609956681728363
YGR037C,YAL026C,1,-8.222557,0.09389067441225052,0.6320346593856812,0.609956681728363
YOL080C,YJL069C,0,-8.222792,0.09383033215999603,0.6320346593856812,0.6103895902633667
YBR123C,YIL008W,0,-8.226168,0.09377007186412811,0.6320346593856812,0.6108224987983704
YKL054C,YIL153W,0,-8.227151,0.09370988607406616,0.6320346593856812,0.611255407333374
YHR007C,YLL061W,0,-8.227981,0.09364977478981018,0.6320346593856812,0.6116883158683777
YGR254W,YER005W,0,-8.228287,0.09358974546194077,0.6320346593856812,0.6121212244033813
YJR083C,YIL155C,0,-8.22945,0.09352979063987732,0.6320346593856812,0.612554132938385
YKL152C,YOR326W,0,-8.23012,0.09346991032361984,0.6320346593856812,0.6129870414733887
YBR160W,YOL044W,0,-8.230546,0.09341011196374893,0.6320346593856812,0.6134198904037476
YMR061W,YPR190C,0,-8.231377,0.0933503806591034,0.6320346593856812,0.6138527989387512
YLR318W,YOR326W,0,-8.232843,0.09329073131084442,0.6320346593856812,0.6142857074737549
YDR414C,YER100W,0,-8.232857,0.09323116391897202,0.6320346593856812,0.6147186160087585
YNL280C,YAL051W,0,-8.233034,0.09317166358232498,0.6320346593856812,0.6151515245437622
YDR036C,YPR182W,0,-8.233636,0.09311224520206451,0.6320346593856812,0.6155844330787659
YJL115W,YNR075W,0,-8.233834,0.09305290132761002,0.6320346593856812,0.6160173416137695
YIL106W,YGL097W,0,-8.234339,0.09299363195896149,0.6320346593856812,0.6164501905441284
YOR011W,YMR079W,1,-8.235237,0.09357097744941711,0.6363636255264282,0.6164501905441284
YML074C,YDR388W,0,-8.236548,0.09351144731044769,0.6363636255264282,0.6168830990791321
YIL097W,YML034W,0,-8.237217,0.09345199912786484,0.6363636255264282,0.6173160076141357
YDR375C,YDR013W,0,-8.239469,0.09339263290166855,0.6363636255264282,0.6177489161491394
YLR354C,YGR185C,0,-8.239565,0.09333333373069763,0.6363636255264282,0.6181818246841431
YNL239W,YDL170W,0,-8.240082,0.09327410906553268,0.6363636255264282,0.6186147332191467
YAL020C,YGR254W,0,-8.241758,0.0932149663567543,0.6363636255264282,0.6190476417541504
YKL074C,YPR041W,0,-8.24288,0.0931558907032013,0.6363636255264282,0.6194804906845093
YOR144C,YLR060W,0,-8.243326,0.09309689700603485,0.6363636255264282,0.6199133992195129
YPL227C,YPL096W,0,-8.245088,0.09303797781467438,0.6363636255264282,0.6203463077545166
YDR202C,YLR130C,0,-8.245098,0.09297912567853928,0.6363636255264282,0.6207792162895203
YPR134W,YGR186W,0,-8.2454,0.09292035549879074,0.6363636255264282,0.6212121248245239
YMR056C,YOR213C,0,-8.247161,0.09286165237426758,0.6363636255264282,0.6216450333595276
YML110C,YPR193C,0,-8.248491,0.09280303120613098,0.6363636255264282,0.6220779418945312
YIR010W,YKL021C,0,-8.248655,0.09274447709321976,0.6363636255264282,0.6225108504295349
YNL001W,YMR140W,0,-8.248932,0.0926860049366951,0.6363636255264282,0.6229436993598938
YKL143W,YIL160C,0,-8.251651,0.09262759983539581,0.6363636255264282,0.6233766078948975
YNL220W,YHR161C,0,-8.251916,0.0925692692399025,0.6363636255264282,0.6238095164299011
YJR047C,YCR091W,0,-8.252494,0.09251101315021515,0.6363636255264282,0.6242424249649048
YPR001W,YPL192C,0,-8.254208,0.09245283156633377,0.6363636255264282,0.6246753334999084
YEL071W,YMR192W,0,-8.254307,0.09239471703767776,0.6363636255264282,0.6251082420349121
YDR245W,YPL041C,0,-8.255142,0.09233668446540833,0.6363636255264282,0.6255411505699158
YGR037C,YAR042W,1,-8.255668,0.09290646761655807,0.6406926512718201,0.6255411505699158
YOR245C,YMR150C,0,-8.257795,0.09284818172454834,0.6406926512718201,0.6259739995002747
YKL188C,YOR049C,1,-8.258866,0.09341692924499512,0.6450216174125671,0.6259739995002747
YNL280C,YNL250W,0,-8.260703,0.09335839748382568,0.6450216174125671,0.6264069080352783
YNL231C,YNL264C,1,-8.262526,0.09392610937356949,0.649350643157959,0.6264069080352783
YOR347C,YBL093C,0,-8.264392,0.09386733174324036,0.649350643157959,0.626839816570282
YGR195W,YOR344C,0,-8.266336,0.0938086286187172,0.649350643157959,0.6272727251052856
YDR365C,YNL099C,0,-8.26698,0.09375,0.649350643157959,0.6277056336402893
YLR102C,YHR088W,0,-8.267092,0.09369144588708878,0.649350643157959,0.628138542175293
YOR288C,YFL004W,0,-8.267326,0.09363295882940292,0.649350643157959,0.6285714507102966
YMR255W,YJL089W,0,-8.267957,0.09357454627752304,0.649350643157959,0.6290042996406555
YGR099W,YGR082W,0,-8.268521,0.09351620823144913,0.649350643157959,0.6294372081756592
YNL149C,YNL107W,0,-8.269333,0.09345794469118118,0.649350643157959,0.6298701167106628
YHL019C,YGL097W,0,-8.269342,0.09339974820613861,0.649350643157959,0.6303030252456665
YGR097W,YNL073W,0,-8.270016,0.0933416336774826,0.649350643157959,0.6307359337806702
YOR031W,YDR325W,0,-8.270437,0.09328357875347137,0.649350643157959,0.6311688423156738
YBR145W,YDR407C,0,-8.270948,0.09322560578584671,0.649350643157959,0.6316017508506775
YCL055W,YKR059W,0,-8.271582,0.09316769987344742,0.649350643157959,0.6320346593856812
YHR036W,YKR089C,0,-8.2718525,0.0931098684668541,0.649350643157959,0.63246750831604
YPL053C,YOR098C,0,-8.272846,0.09305211156606674,0.649350643157959,0.6329004168510437
YMR247C,YDR011W,0,-8.273152,0.09299442172050476,0.649350643157959,0.6333333253860474
YPL075W,YNR023W,0,-8.273662,0.09293680638074875,0.649350643157959,0.633766233921051
YCR009C,YOR043W,0,-8.274677,0.09287925809621811,0.649350643157959,0.6341991424560547
YOR099W,YNR023W,0,-8.27529,0.09282178431749344,0.649350643157959,0.6346320509910583
YMR214W,YOR162C,0,-8.276321,0.09276437759399414,0.649350643157959,0.635064959526062
YKL195W,YDR195W,0,-8.276709,0.09270704537630081,0.649350643157959,0.6354978084564209
YDR256C,YML058W,0,-8.277634,0.09264978021383286,0.649350643157959,0.6359307169914246
YDR252W,YDL170W,0,-8.277939,0.09259258955717087,0.649350643157959,0.6363636255264282
YPR023C,YOR003W,0,-8.279009,0.09253547340631485,0.649350643157959,0.6367965340614319
YDR450W,YBR097W,0,-8.280898,0.0924784243106842,0.649350643157959,0.6372294425964355
YLL004W,YPR080W,0,-8.281101,0.09242144227027893,0.649350643157959,0.6376623511314392
YJL092W,YDR397C,0,-8.283927,0.09236453473567963,0.649350643157959,0.6380952596664429
YPL213W,YOR229W,0,-8.285747,0.0923076942563057,0.649350643157959,0.6385281682014465
YJL071W,YER021W,0,-8.28764,0.09225092083215714,0.649350643157959,0.6389610171318054
YBR109C,YKL038W,0,-8.288563,0.09219422191381454,0.649350643157959,0.6393939256668091
YOR377W,YPR041W,0,-8.289232,0.09213759005069733,0.649350643157959,0.6398268342018127
YEL056W,YOR187W,0,-8.290203,0.09208103269338608,0.649350643157959,0.6402597427368164
YLR394W,YOR265W,0,-8.291297,0.0920245423913002,0.649350643157959,0.6406926512718201
YKL073W,YPR110C,0,-8.292736,0.0919681191444397,0.649350643157959,0.6411255598068237
YER020W,YNL326C,0,-8.294735,0.09191176295280457,0.649350643157959,0.6415584683418274
YNR075W,YJL091C,0,-8.295427,0.0918554812669754,0.649350643157959,0.6419913172721863
YBL023C,YCR073C,0,-8.297123,0.09179926663637161,0.649350643157959,0.6424242258071899
YGR120C,YMR298W,0,-8.298822,0.0917431190609932,0.649350643157959,0.6428571343421936
YGR152C,YNL128W,0,-8.298927,0.09168703854084015,0.649350643157959,0.6432900428771973
YFL023W,YMR073C,0,-8.300606,0.09163103252649307,0.649350643157959,0.6437229514122009
YJR017C,YDR324C,0,-8.300866,0.09157509356737137,0.649350643157959,0.6441558599472046
YJL093C,YPR125W,0,-8.301481,0.09151922166347504,0.649350643157959,0.6445887684822083
YPL227C,YIL007C,0,-8.301669,0.09146341681480408,0.649350643157959,0.6450216174125671
YNL031C,YMR214W,0,-8.302887,0.09140767902135849,0.649350643157959,0.6454545259475708
YLR353W,YLR384C,0,-8.302889,0.09135200828313828,0.649350643157959,0.6458874344825745
YPL019C,YLR262C,0,-8.303025,0.09129641205072403,0.649350643157959,0.6463203430175781
YPL200W,YBR218C,0,-8.303346,0.09124087542295456,0.649350643157959,0.6467532515525818
YAL055W,YGL163C,0,-8.303452,0.09118541330099106,0.649350643157959,0.6471861600875854
YBR288C,YBL045C,0,-8.30422,0.09113001078367233,0.649350643157959,0.6476190686225891
YER166W,YOR049C,1,-8.304248,0.09168184548616409,0.6536796689033508,0.6476190686225891
YMR237W,YHR023W,0,-8.304965,0.09162621200084686,0.6536796689033508,0.6480519771575928
YER177W,YGL145W,0,-8.305292,0.091570645570755,0.6536796689033508,0.6484848260879517
YLR035C,YOR295W,0,-8.305701,0.09151515364646912,0.6536796689033508,0.6489177346229553
YJL053W,YKR089C,0,-8.308484,0.091459721326828,0.6536796689033508,0.649350643157959
YOR237W,YHR001W,1,-8.311438,0.09200968593358994,0.6580086350440979,0.649350643157959
YGR284C,YHR102W,0,-8.31163,0.09195402264595032,0.6580086350440979,0.6497835516929626
YLR026C,YKL130C,0,-8.314327,0.09189842641353607,0.6580086350440979,0.6502164602279663
YOL082W,YAR003W,0,-8.317539,0.0918428972363472,0.6580086350440979,0.65064936876297
YFL025C,YDR434W,0,-8.318468,0.0917874425649643,0.6580086350440979,0.6510822772979736
YCR028C-A,YOL028C,0,-8.3193245,0.09173204749822617,0.6580086350440979,0.6515151262283325
YMR128W,YPR190C,0,-8.319426,0.09167671948671341,0.6580086350440979,0.6519480347633362
YOR026W,YKR022C,0,-8.319603,0.09162145853042603,0.6580086350440979,0.6523809432983398
YCR086W,YGL098W,0,-8.3199415,0.09156626462936401,0.6580086350440979,0.6528138518333435
YCL024W,YIL123W,0,-8.32001,0.09151113778352737,0.6580086350440979,0.6532467603683472
YNL279W,YOR018W,0,-8.320742,0.09145607799291611,0.6580086350440979,0.6536796689033508
YMR239C,YOL039W,0,-8.321156,0.09140108525753021,0.6580086350440979,0.6541125774383545
YOR319W,YNL279W,0,-8.325373,0.09134615212678909,0.6580086350440979,0.6545454263687134
YML067C,YJR073C,0,-8.326988,0.09129129350185394,0.6580086350440979,0.654978334903717
YLR170C,YAL059W,0,-8.328551,0.09123649448156357,0.6580086350440979,0.6554112434387207
YNL042W,YBR168W,0,-8.3286495,0.09118176251649857,0.6580086350440979,0.6558441519737244
YML099C,YOL016C,0,-8.333204,0.09112709760665894,0.6580086350440979,0.656277060508728
YMR162C,YDL046W,1,-8.333265,0.0916716605424881,0.6623376607894897,0.656277060508728
YKL051W,YLR066W,0,-8.333832,0.09161676466464996,0.6623376607894897,0.6567099690437317
YOL123W,YNL003C,0,-8.334696,0.0915619358420372,0.6623376607894897,0.6571428775787354
YPL149W,YHR174W,0,-8.337681,0.09150717407464981,0.6623376607894897,0.657575786113739
YFL056C,YNL304W,0,-8.338589,0.09145247936248779,0.6623376607894897,0.6580086350440979
YHR124W,YGL167C,0,-8.338915,0.09139785170555115,0.6623376607894897,0.6584415435791016
YBR155W,YLR320W,0,-8.339124,0.09134328365325928,0.6623376607894897,0.6588744521141052
YIL013C,YOR049C,1,-8.339157,0.09188544005155563,0.6666666865348816,0.6588744521141052
YCL054W,YDL201W,0,-8.3393,0.09183064848184586,0.6666666865348816,0.6593073606491089
YLR157C,YPR124W,0,-8.339674,0.09177592396736145,0.6666666865348816,0.6597402691841125
YGL142C,YDR492W,0,-8.339979,0.09172125905752182,0.6666666865348816,0.6601731777191162
YNR032W,YOL020W,0,-8.34153,0.09166666865348816,0.6666666865348816,0.6606060862541199
YKR038C,YDR120C,0,-8.342446,0.09161213785409927,0.6666666865348816,0.6610389351844788
YPR094W,YEL004W,0,-8.343047,0.09155766665935516,0.6666666865348816,0.6614718437194824
YPL078C,YDL003W,0,-8.343405,0.09150326997041702,0.6666666865348816,0.6619047522544861
YGL029W,YLR305C,0,-8.343895,0.09144893288612366,0.6666666865348816,0.6623376607894897
YHR068W,YDR400W,0,-8.3447075,0.09139465540647507,0.6666666865348816,0.6627705693244934
YAL012W,YPL116W,0,-8.345644,0.09134045243263245,0.6666666865348816,0.6632034778594971
YNL220W,YPR007C,0,-8.3459215,0.0912863090634346,0.6666666865348816,0.6636363863945007
YNL220W,YJL060W,0,-8.345992,0.09123222529888153,0.6666666865348816,0.6640692353248596
YNR054C,YNL153C,0,-8.348261,0.09117820858955383,0.6666666865348816,0.6645021438598633
YML061C,YDR346C,0,-8.348661,0.09112425893545151,0.6666666865348816,0.6649350523948669
YDR121W,YLR372W,0,-8.349131,0.09107036888599396,0.6666666865348816,0.6653679609298706
YOR346W,YDR077W,0,-8.349867,0.09101654589176178,0.6666666865348816,0.6658008694648743
YJL095W,YBR021W,0,-8.349997,0.09096278995275497,0.6666666865348816,0.6662337779998779
YFR021W,YLR060W,0,-8.35057,0.09090909361839294,0.6666666865348816,0.6666666865348816
YGR262C,YPL012W,0,-8.3517275,0.09085545688867569,0.6666666865348816,0.6670995950698853
YGL098W,YDR247W,0,-8.351936,0.09080188721418381,0.6666666865348816,0.6675324440002441
YNL210W,YIR026C,0,-8.35202,0.0907483771443367,0.6666666865348816,0.6679653525352478
YLR431C,YLR165C,0,-8.353342,0.09069493412971497,0.6666666865348816,0.6683982610702515
YKR003W,YNL231C,1,-8.3535385,0.0912301316857338,0.6709956526756287,0.6683982610702515
YKL165C,YER070W,0,-8.35355,0.09117647260427475,0.6709956526756287,0.6688311696052551
YPL145C,YIL013C,1,-8.354345,0.09171076118946075,0.6753246784210205,0.6688311696052551
YGR254W,YNL107W,0,-8.354971,0.0916568711400032,0.6753246784210205,0.6692640781402588
YHR082C,YIL114C,0,-8.3566885,0.09160305559635162,0.6753246784210205,0.6696969866752625
YPL221W,YHR098C,0,-8.3570795,0.09154929220676422,0.6753246784210205,0.6701298952102661
YML074C,YLR006C,0,-8.358588,0.09149560332298279,0.6753246784210205,0.670562744140625
YNL059C,YJL042W,0,-8.358662,0.09144196659326553,0.6753246784210205,0.6709956526756287
YKL152C,YGL094C,0,-8.359261,0.09138840436935425,0.6753246784210205,0.6714285612106323
YAL035W,YJL133W,0,-8.359271,0.09133489429950714,0.6753246784210205,0.671861469745636
YDR440W,YBR218C,0,-8.360001,0.0912814512848854,0.6753246784210205,0.6722943782806396
YOR011W,YHR001W,1,-8.361863,0.091812863945961,0.6796537041664124,0.6722943782806396
YEL032W,YDR235W,0,-8.362974,0.09175920486450195,0.6796537041664124,0.6727272868156433
YBR228W,YOR047C,0,-8.36325,0.09170560538768768,0.6796537041664124,0.673160195350647
YMR280C,YCR027C,0,-8.3684025,0.09165207296609879,0.6796537041664124,0.6735930442810059
YER166W,YHR073W,1,-8.370176,0.09218203276395798,0.6839826703071594,0.6735930442810059
YGR286C,YDL170W,0,-8.3710165,0.09212827682495117,0.6839826703071594,0.6740259528160095
YMR192W,YDR258C,0,-8.372053,0.09207459539175034,0.6839826703071594,0.6744588613510132
YKL022C,YBR105C,0,-8.372211,0.09202096611261368,0.6839826703071594,0.6748917698860168
YLR242C,YDL046W,1,-8.373355,0.09254947304725647,0.6883116960525513,0.6748917698860168
YNL031C,YGR123C,0,-8.373718,0.0924956351518631,0.6883116960525513,0.6753246784210205
YLR034C,YDR416W,0,-8.374481,0.0924418568611145,0.6883116960525513,0.6757575869560242
YIL038C,YLR350W,0,-8.376113,0.09238814562559128,0.6883116960525513,0.6761904954910278
YBR260C,YHL009C,0,-8.376677,0.09233449399471283,0.6883116960525513,0.6766234040260315
YBL015W,YDL198C,0,-8.376781,0.09228090196847916,0.6883116960525513,0.6770562529563904
YPL274W,YLR119W,0,-8.378543,0.09222737699747086,0.6883116960525513,0.677489161491394
YMR313C,YNL313C,0,-8.379301,0.09217391163110733,0.6883116960525513,0.6779220700263977
YAL010C,YGR202C,0,-8.379969,0.09212051331996918,0.6883116960525513,0.6783549785614014
YDL174C,YGR014W,0,-8.380432,0.0920671671628952,0.6883116960525513,0.678787887096405
YPL018W,YPL130W,0,-8.38077,0.0920138880610466,0.6883116960525513,0.6792207956314087
YAL015C,YDR341C,0,-8.380823,0.09196066856384277,0.6883116960525513,0.6796537041664124
YPL266W,YDR407C,0,-8.381207,0.09190751612186432,0.6883116960525513,0.6800865530967712
YOR182C,YAL001C,0,-8.381495,0.09185441583395004,0.6883116960525513,0.6805194616317749
YBR200W,YKL015W,0,-8.384352,0.09180138260126114,0.6883116960525513,0.6809523701667786
YBR179C,YPL240C,0,-8.384768,0.09174841642379761,0.6883116960525513,0.6813852787017822
YNL084C,YJR145C,0,-8.385329,0.09169550240039825,0.6883116960525513,0.6818181872367859
YDR508C,YLR221C,0,-8.386947,0.09164264798164368,0.6883116960525513,0.6822510957717896
YEL062W,YNL294C,0,-8.388092,0.09158986061811447,0.6883116960525513,0.6826840043067932
YGR244C,YGR007W,0,-8.389528,0.09153713285923004,0.6883116960525513,0.6831169128417969
YIL120W,YJL192C,0,-8.390466,0.09148446470499039,0.6883116960525513,0.6835497617721558
YLR377C,YMR137C,0,-8.390675,0.09143185615539551,0.6883116960525513,0.6839826703071594
YNL074C,YDL111C,0,-8.390744,0.0913793072104454,0.6883116960525513,0.6844155788421631
YKL192C,YJL069C,0,-8.390757,0.09132682532072067,0.6883116960525513,0.6848484873771667
YBL013W,YNR034W,0,-8.39443,0.09127439558506012,0.6883116960525513,0.6852813959121704
YNL072W,YPR024W,0,-8.395896,0.09122203290462494,0.6883116960525513,0.6857143044471741
YLR059C,YPR080W,0,-8.396163,0.09116972237825394,0.6883116960525513,0.6861472129821777
YMR139W,YER103W,0,-8.396425,0.0911174789071083,0.6883116960525513,0.6865800619125366
YKR063C,YDR314C,0,-8.397425,0.09106529504060745,0.6883116960525513,0.6870129704475403
YKL038W,YLL021W,0,-8.398281,0.09101316332817078,0.6883116960525513,0.687445878982544
YMR037C,YDR212W,0,-8.398771,0.09096109867095947,0.6883116960525513,0.6878787875175476
YNR049C,YDL106C,0,-8.400578,0.09090909361839294,0.6883116960525513,0.6883116960525513
YNL080C,YLR466W,0,-8.402216,0.0908571407198906,0.6883116960525513,0.6887446045875549
YAL026C,YKL188C,1,-8.404443,0.09137635678052902,0.6926407217979431,0.6887446045875549
YNL094W,YBL026W,0,-8.406264,0.09132420271635056,0.6926407217979431,0.6891775131225586
YIR023W,YNL119W,0,-8.407907,0.09127210825681686,0.6926407217979431,0.6896103620529175
YNL159C,YBR188C,0,-8.408955,0.09122006595134735,0.6926407217979431,0.6900432705879211
YBR155W,YLR148W,0,-8.409663,0.09116809070110321,0.6926407217979431,0.6904761791229248
YOR095C,YBR058C,0,-8.409957,0.09111617505550385,0.6926407217979431,0.6909090876579285
YKL093W,YDR228C,0,-8.410375,0.09106431156396866,0.6926407217979431,0.6913419961929321
YOR267C,YOR162C,0,-8.412524,0.09101251512765884,0.6926407217979431,0.6917749047279358
YLR242C,YAR042W,1,-8.413952,0.09152927994728088,0.6969696879386902,0.6917749047279358
YML006C,YNL214W,0,-8.414517,0.09147727489471436,0.6969696879386902,0.6922078132629395
YKL016C,YGR238C,0,-8.41641,0.0914253294467926,0.6969696879386902,0.6926407217979431
YEL053C,YDR202C,0,-8.416783,0.09137343615293503,0.6969696879386902,0.693073570728302
YCL040W,YBR284W,0,-8.416939,0.09132160991430283,0.6969696879386902,0.6935064792633057
YJR150C,YDL046W,1,-8.418121,0.09183673560619354,0.701298713684082,0.6935064792633057
YOR151C,YOL117W,0,-8.419301,0.09178470075130463,0.701298713684082,0.6939393877983093
YDR421W,YGR268C,0,-8.41983,0.09173273295164108,0.701298713684082,0.694372296333313
YNR058W,YGL226C-A,0,-8.419973,0.09168081730604172,0.701298713684082,0.6948052048683167
YIL140W,YLR377C,0,-8.421365,0.09162896126508713,0.701298713684082,0.6952381134033203
YDL046W,YKR003W,1,-8.42209,0.09214245527982712,0.7056276798248291,0.6952381134033203
YOR355W,YHR187W,0,-8.424345,0.09209039807319641,0.7056276798248291,0.695671021938324
YML062C,YHR048W,0,-8.425821,0.09203839302062988,0.7056276798248291,0.6961038708686829
YPR033C,YLL016W,0,-8.426164,0.09198645502328873,0.7056276798248291,0.6965367794036865
YER083C,YOR040W,0,-8.426323,0.09193457663059235,0.7056276798248291,0.6969696879386902
YDR416W,YDL170W,0,-8.4301195,0.09188275039196014,0.7056276798248291,0.6974025964736938
YLR074C,YMR267W,0,-8.430881,0.09183098375797272,0.7056276798248291,0.6978355050086975
YNL231C,YKL188C,1,-8.431997,0.09234233945608139,0.709956705570221,0.6978355050086975
YDR416W,YBR083W,0,-8.432545,0.09229037910699844,0.709956705570221,0.6982684135437012
YDR363W,YIL106W,0,-8.432672,0.09223847091197968,0.709956705570221,0.6987013220787048
YOR011W,YJL145W,1,-8.435313,0.0927487388253212,0.7142857313156128,0.6987013220787048
YBL090W,YLR196W,0,-8.435749,0.09269662946462631,0.7142857313156128,0.6991341710090637
YPL078C,YDL058W,0,-8.436471,0.0926445797085762,0.7142857313156128,0.6995670795440674
YLR192C,YML029W,0,-8.440115,0.09259258955717087,0.7142857313156128,0.699999988079071
YGL181W,YDL154W,0,-8.441858,0.09254065901041031,0.7142857313156128,0.7004328966140747
YDL161W,YBR050C,0,-8.442223,0.09248878806829453,0.7142857313156128,0.7008658051490784
YIR037W,YER161C,0,-8.443209,0.09243697673082352,0.7142857313156128,0.701298713684082
YBR136W,YER082C,0,-8.445133,0.09238521754741669,0.7142857313156128,0.7017316222190857
YGR230W,YLL004W,0,-8.446039,0.09233351796865463,0.7142857313156128,0.7021645307540894
YMR162C,YOR049C,1,-8.446066,0.09284116327762604,0.7186146974563599,0.7021645307540894
YHL025W,YML028W,0,-8.447689,0.09278926998376846,0.7186146974563599,0.7025973796844482
YPL117C,YLR134W,0,-8.448449,0.09273742884397507,0.7186146974563599,0.7030302882194519
YJR150C,YAR042W,1,-8.448893,0.09324400126934052,0.7229437232017517,0.7030302882194519
YHR073W,YMR079W,1,-8.449627,0.09375,0.7272727489471436,0.7030302882194519
YFR009W,YHL007C,0,-8.450191,0.09369771182537079,0.7272727489471436,0.7034631967544556
YHR055C,YJL050W,0,-8.45179,0.09364548325538635,0.7272727489471436,0.7038961052894592
YGL201C,YJR131W,0,-8.452084,0.09359331429004669,0.7272727489471436,0.7043290138244629
YHR019C,YBR009C,0,-8.45293,0.0935412049293518,0.7272727489471436,0.7047619223594666
YDR216W,YBR260C,0,-8.453579,0.0934891477227211,0.7272727489471436,0.7051948308944702
YDL145C,YJL036W,0,-8.455494,0.09343715012073517,0.7272727489471436,0.7056276798248291
YOR237W,YIL013C,1,-8.455507,0.09394107758998871,0.7316017150878906,0.7056276798248291
YJR150C,YHR073W,1,-8.456271,0.09444444626569748,0.7359307408332825,0.7056276798248291
YKR076W,YPL055C,0,-8.457651,0.09439200162887573,0.7359307408332825,0.7060605883598328
YJR047C,YER094C,0,-8.460058,0.09433962404727936,0.7359307408332825,0.7064934968948364
YGR178C,YHR048W,0,-8.46162,0.09428729861974716,0.7359307408332825,0.7069264054298401
YDR236C,YDL064W,0,-8.46299,0.09423503279685974,0.7359307408332825,0.7073593139648438
YMR168C,YMR153W,0,-8.463339,0.0941828265786171,0.7359307408332825,0.7077922224998474
YKR054C,YCL026C-A,0,-8.464487,0.09413067251443863,0.7359307408332825,0.7082251310348511
YKR036C,YFL036W,0,-8.465429,0.09407858550548553,0.7359307408332825,0.70865797996521
YMR091C,YMR305C,0,-8.466879,0.09402655065059662,0.7359307408332825,0.7090908885002136
YCR098C,YFL008W,0,-8.46705,0.09397456794977188,0.7359307408332825,0.7095237970352173
YHR091C,YBL093C,0,-8.4684105,0.09392265230417252,0.7359307408332825,0.709956705570221
YPL155C,YGR080W,0,-8.468741,0.09387078881263733,0.7359307408332825,0.7103896141052246
YPL169C,YGR082W,0,-8.471514,0.09381898492574692,0.7359307408332825,0.7108225226402283
YPR020W,YAL059W,0,-8.472582,0.09376723319292068,0.7359307408332825,0.7112554311752319
YDR448W,YBR097W,0,-8.4732685,0.09371554851531982,0.7359307408332825,0.7116883397102356
YPL145C,YOR049C,1,-8.474205,0.09421487897634506,0.7402597665786743,0.7116883397102356
YGL078C,YOL097C,0,-8.474348,0.09416299313306808,0.7402597665786743,0.7121211886405945
YIL048W,YBR114W,0,-8.47451,0.09411117434501648,0.7402597665786743,0.7125540971755981
YJR010C-A,YDR297W,0,-8.477526,0.09405940771102905,0.7402597665786743,0.7129870057106018
YJR150C,YPL145C,1,-8.477911,0.09455744922161102,0.7445887327194214,0.7129870057106018
YIL013C,YKL188C,1,-8.478597,0.09505494683980942,0.7489177584648132,0.7129870057106018
YOR011W,YOR237W,1,-8.48014,0.09555189311504364,0.7532467246055603,0.7129870057106018
YJR147W,YLR130C,0,-8.480153,0.0954994484782219,0.7532467246055603,0.7134199142456055
YOR298C-A,YPL019C,0,-8.480551,0.09544706344604492,0.7532467246055603,0.7138528227806091
YDR498C,YKL014C,0,-8.481018,0.09539473801851273,0.7532467246055603,0.7142857313156128
YOL013C,YJL029C,0,-8.481876,0.09534246474504471,0.7532467246055603,0.7147186398506165
YBR196C,YHL009C,0,-8.4822445,0.09529025107622147,0.7532467246055603,0.7151514887809753
YLR242C,YOR237W,1,-8.483675,0.09578543901443481,0.7575757503509521,0.7151514887809753
YDR318W,YBR256C,0,-8.485536,0.09573303908109665,0.7575757503509521,0.715584397315979
YDR343C,YOR328W,0,-8.486292,0.09568069875240326,0.7575757503509521,0.7160173058509827
YLR246W,YER165W,0,-8.486478,0.09562841802835464,0.7575757503509521,0.7164502143859863
YKL052C,YDL069C,0,-8.488819,0.09557618945837021,0.7575757503509521,0.71688312292099
YLR139C,YML097C,0,-8.490285,0.09552402049303055,0.7575757503509521,0.7173160314559937
YER044C-A,YPL218W,0,-8.490885,0.09547190368175507,0.7575757503509521,0.7177489399909973
YDR358W,YGL243W,0,-8.492033,0.09541984647512436,0.7575757503509521,0.7181817889213562
YDL175C,YGR152C,0,-8.4928665,0.09536784887313843,0.7575757503509521,0.7186146974563599
YLR433C,YDL003W,0,-8.493362,0.09531590342521667,0.7575757503509521,0.7190476059913635
YJR150C,YNL231C,1,-8.494751,0.09580838680267334,0.761904776096344,0.7190476059913635
YLR160C,YDR486C,0,-8.496334,0.09575625509023666,0.761904776096344,0.7194805145263672
YLR368W,YNL333W,0,-8.496342,0.09570419043302536,0.761904776096344,0.7199134230613708
YJL095W,YHR015W,0,-8.498381,0.09565217047929764,0.761904776096344,0.7203463315963745
YDL236W,YNL082W,0,-8.498644,0.09560021758079529,0.761904776096344,0.7207792401313782
YPR124W,YGL044C,0,-8.4987545,0.09554831683635712,0.761904776096344,0.7212121486663818
YDL046W,YKL188C,1,-8.499356,0.0960390642285347,0.7662337422370911,0.7212121486663818
YPR025C,YML028W,0,-8.499807,0.0959869846701622,0.7662337422370911,0.7216449975967407
YNL282W,YIL120W,0,-8.499945,0.09593495726585388,0.7662337422370911,0.7220779061317444
YBR297W,YBR256C,0,-8.500448,0.09588298946619034,0.7662337422370911,0.722510814666748
YGL090W,YNL002C,0,-8.502527,0.09583107382059097,0.7662337422370911,0.7229437232017517
YBL008W,YOR224C,0,-8.5031595,0.09577921777963638,0.7662337422370911,0.7233766317367554
YLL009C,YDL084W,0,-8.503251,0.09572742134332657,0.7662337422370911,0.723809540271759
YER020W,YOL031C,0,-8.504147,0.09567567706108093,0.7662337422370911,0.7242424488067627
YNL222W,YFR003C,0,-8.504316,0.09562398493289948,0.7662337422370911,0.7246752977371216
YNL214W,YPL019C,0,-8.505953,0.09557235240936279,0.7662337422370911,0.7251082062721252
YJL101C,YLR208W,0,-8.507365,0.09552077949047089,0.7662337422370911,0.7255411148071289
YMR004W,YHR069C,0,-8.509438,0.09546925872564316,0.7662337422370911,0.7259740233421326
YAL020C,YML094W,0,-8.509768,0.09541779011487961,0.7662337422370911,0.7264069318771362
YJL194W,YOL127W,0,-8.51037,0.09536638110876083,0.7662337422370911,0.7268398404121399
YLR450W,YGL163C,0,-8.511389,0.09531502425670624,0.7662337422370911,0.7272727489471436
YBR279W,YIL008W,0,-8.512362,0.09526372700929642,0.7662337422370911,0.7277056574821472
YKL191W,YJL166W,0,-8.513465,0.09521248191595078,0.7662337422370911,0.7281385064125061
YHL002W,YDR395W,0,-8.513842,0.09516128897666931,0.7662337422370911,0.7285714149475098
YDR423C,YKL086W,0,-8.515404,0.09511015564203262,0.7662337422370911,0.7290043234825134
YPL019C,YPR024W,0,-8.515823,0.09505907446146011,0.7662337422370911,0.7294372320175171
YOR237W,YOR049C,1,-8.516615,0.09554482251405716,0.7705627679824829,0.7294372320175171
YKL021C,YHR086W,0,-8.51696,0.09549356251955032,0.7705627679824829,0.7298701405525208
YAR014C,YML132W,0,-8.51748,0.09544236212968826,0.7705627679824829,0.7303030490875244
YPR168W,YNL107W,0,-8.517813,0.09539121389389038,0.7705627679824829,0.7307359576225281
YML060W,YPL237W,0,-8.518579,0.09534011781215668,0.7705627679824829,0.731168806552887
YOL044W,YJR007W,0,-8.518774,0.09528908133506775,0.7705627679824829,0.7316017150878906
YPR164W,YPR031W,0,-8.520079,0.095238097012043,0.7705627679824829,0.7320346236228943
YLL015W,YIL052C,0,-8.520766,0.09518716484308243,0.7705627679824829,0.732467532157898
YKR034W,YDR195W,0,-8.521601,0.09513629227876663,0.7705627679824829,0.7329004406929016
YDR298C,YDR211W,0,-8.52316,0.09508547186851501,0.7705627679824829,0.7333333492279053
YPR164W,YPL106C,0,-8.524799,0.09503470361232758,0.7705627679824829,0.7337662577629089
YJL157C,YOR371C,0,-8.52529,0.09498399496078491,0.7705627679824829,0.7341991066932678
YNL274C,YCR083W,0,-8.527659,0.09493333101272583,0.7705627679824829,0.7346320152282715
YGL200C,YNL250W,0,-8.527689,0.09488272666931152,0.7705627679824829,0.7350649237632751
YBR188C,YDR395W,0,-8.528032,0.09483218193054199,0.7705627679824829,0.7354978322982788
YBR165W,YOR003W,0,-8.529281,0.09478168189525604,0.7705627679824829,0.7359307408332825
YGL073W,YBR114W,0,-8.530346,0.09473124146461487,0.7705627679824829,0.7363636493682861
YGL180W,YCL054W,0,-8.532881,0.09468085318803787,0.7705627679824829,0.7367965579032898
YHR129C,YJL111W,0,-8.533583,0.09463051706552505,0.7705627679824829,0.7372294664382935
YPR020W,YHR169W,0,-8.533686,0.09458023309707642,0.7705627679824829,0.7376623153686523
YGR037C,YIL013C,1,-8.536421,0.09506107121706009,0.7748917937278748,0.7376623153686523
YBR161W,YJL098W,0,-8.536703,0.09501061588525772,0.7748917937278748,0.738095223903656
YPR200C,YNL271C,0,-8.536799,0.09496021270751953,0.7748917937278748,0.7385281324386597
YMR081C,YKL043W,0,-8.537101,0.09490986168384552,0.7748917937278748,0.7389610409736633
YOR031W,YFR040W,0,-8.538269,0.09485956281423569,0.7748917937278748,0.739393949508667
YDR377W,YAL055W,0,-8.538464,0.09480932354927063,0.7748917937278748,0.7398268580436707
YDR404C,YFR037C,0,-8.539855,0.09475912898778915,0.7748917937278748,0.7402597665786743
YPR167C,YKR053C,0,-8.539892,0.09470899403095245,0.7748917937278748,0.7406926155090332
YLR259C,YPL042C,0,-8.541683,0.09465891122817993,0.7748917937278748,0.7411255240440369
YBR167C,YBR079C,0,-8.546118,0.09460888057947159,0.7748917937278748,0.7415584325790405
YJR022W,YKL038W,0,-8.547578,0.09455890208482742,0.7748917937278748,0.7419913411140442
YOR349W,YNL074C,0,-8.551867,0.09450897574424744,0.7748917937278748,0.7424242496490479
YKL160W,YOL147C,0,-8.5531025,0.09445910155773163,0.7748917937278748,0.7428571581840515
YJR150C,YAL026C,1,-8.553697,0.09493670612573624,0.7792207598686218,0.7428571581840515
YDR508C,YCL063W,0,-8.558094,0.0948866605758667,0.7792207598686218,0.7432900667190552
YFR021W,YDR495C,0,-8.558543,0.09483666718006134,0.7792207598686218,0.7437229156494141
YOL021C,YKR090W,0,-8.5614395,0.09478673338890076,0.7792207598686218,0.7441558241844177
YJR002W,YKL045W,0,-8.561817,0.09473684430122375,0.7792207598686218,0.7445887327194214
YDR384C,YAL056W,0,-8.561939,0.09468700736761093,0.7792207598686218,0.745021641254425
YLR113W,YPL159C,0,-8.563407,0.09463722258806229,0.7792207598686218,0.7454545497894287
YMR162C,YKR003W,1,-8.564694,0.09511297941207886,0.7835497856140137,0.7454545497894287
YKR024C,YDR498C,0,-8.564902,0.09506302326917648,0.7835497856140137,0.7458874583244324
YBR010W,YLR275W,0,-8.565104,0.09501312673091888,0.7835497856140137,0.746320366859436
YHR084W,YOR045W,0,-8.565392,0.09496327489614487,0.7835497856140137,0.7467532753944397
YOR078W,YFR027W,0,-8.565969,0.09491347521543503,0.7835497856140137,0.7471861243247986
YJR031C,YGL089C,0,-8.566146,0.09486373513936996,0.7835497856140137,0.7476190328598022
YPL200W,YDL181W,0,-8.566298,0.09481403976678848,0.7835497856140137,0.7480519413948059
YOR237W,YKR003W,1,-8.567105,0.09528795629739761,0.7878788113594055,0.7480519413948059
YOL123W,YOL028C,0,-8.56777,0.095238097012043,0.7878788113594055,0.7484848499298096
YGR036C,YJL125C,0,-8.568462,0.09518828243017197,0.7878788113594055,0.7489177584648132
YDL178W,YPL015C,0,-8.569534,0.09513852745294571,0.7878788113594055,0.7493506669998169
YGR216C,YNL110C,0,-8.569631,0.09508881717920303,0.7878788113594055,0.7497835755348206
YGL124C,YDR306C,0,-8.570251,0.09503916651010513,0.7878788113594055,0.7502164244651794
YEL056W,YDR529C,0,-8.570325,0.09498956054449081,0.7878788113594055,0.7506493330001831
YNL099C,YNL113W,0,-8.570683,0.09494000673294067,0.7878788113594055,0.7510822415351868
YLR353W,YMR316W,0,-8.570874,0.09489051252603531,0.7878788113594055,0.7515151500701904
YPR075C,YKR050W,0,-8.571846,0.09484106302261353,0.7878788113594055,0.7519480586051941
YER053C,YCR018C,0,-8.571863,0.09479166567325592,0.7878788113594055,0.7523809671401978
YOR011W,YDL046W,1,-8.571875,0.09526288509368896,0.7922077775001526,0.7523809671401978
YKR003W,YAR042W,1,-8.576056,0.09573361277580261,0.7965368032455444,0.7523809671401978
YMR032W,YMR308C,0,-8.576713,0.09568382799625397,0.7965368032455444,0.7528138756752014
YDR361C,YFL008W,0,-8.577016,0.0956340953707695,0.7965368032455444,0.7532467246055603
YOL164W,YLR166C,0,-8.577397,0.09558441489934921,0.7965368032455444,0.753679633140564
YHR142W,YOL034W,0,-8.577482,0.0955347865819931,0.7965368032455444,0.7541125416755676
YOR181W,YKL201C,0,-8.580452,0.09548521041870117,0.7965368032455444,0.7545454502105713
YJL100W,YDL064W,0,-8.581024,0.09543568640947342,0.7965368032455444,0.754978358745575
YDL105W,YDR165W,0,-8.584877,0.09538620710372925,0.7965368032455444,0.7554112672805786
YPR065W,YDL047W,0,-8.585584,0.09533678740262985,0.7965368032455444,0.7558441758155823
YJR150C,YMR079W,1,-8.586792,0.09580527991056442,0.8008658289909363,0.7558441758155823
YGR249W,YGR101W,0,-8.587005,0.0957556962966919,0.8008658289909363,0.7562770843505859
YHR069C,YBL050W,0,-8.587236,0.09570615738630295,0.8008658289909363,0.7567099332809448
YOL151W,YDR362C,0,-8.588011,0.09565667062997818,0.8008658289909363,0.7571428418159485
YHR077C,YHR160C,0,-8.588659,0.09560723602771759,0.8008658289909363,0.7575757503509521
YOR288C,YBR223C,0,-8.589147,0.09555785357952118,0.8008658289909363,0.7580086588859558
YDL137W,YJR064W,0,-8.591212,0.09550851583480835,0.8008658289909363,0.7584415674209595
YLR320W,YNL113W,0,-8.591418,0.0954592376947403,0.8008658289909363,0.7588744759559631
YGR037C,YOR011W,1,-8.591632,0.09592573344707489,0.8051947951316833,0.7588744759559631
YPR163C,YDL128W,0,-8.592056,0.0958762913942337,0.8051947951316833,0.7593073844909668
YDR016C,YDR198C,0,-8.594118,0.0958268940448761,0.8051947951316833,0.7597402334213257
YOL151W,YPL106C,0,-8.594693,0.09577754884958267,0.8051947951316833,0.7601731419563293
YGL187C,YDL064W,0,-8.594827,0.09572825580835342,0.8051947951316833,0.760606050491333
YNL280C,YNL054W,0,-8.595369,0.09567901492118835,0.8051947951316833,0.7610389590263367
YDR025W,YJR145C,0,-8.595851,0.09562981873750687,0.8051947951316833,0.7614718675613403
YOL042W,YLR466W,0,-8.597215,0.09558067470788956,0.8051947951316833,0.761904776096344
YDR337W,YDR126W,0,-8.597737,0.09553159028291702,0.8051947951316833,0.7623376846313477
YLL042C,YGR078C,0,-8.598409,0.09548254311084747,0.8051947951316833,0.7627705335617065
YEL063C,YGR220C,0,-8.59894,0.0954335555434227,0.8051947951316833,0.7632034420967102
YFL050C,YOR182C,0,-8.599425,0.0953846126794815,0.8051947951316833,0.7636363506317139
YDR194C,YMR190C,0,-8.599693,0.09533572196960449,0.8051947951316833,0.7640692591667175
YPL203W,YML109W,0,-8.600185,0.09528688341379166,0.8051947951316833,0.7645021677017212
YER095W,YNL154C,0,-8.602708,0.095238097012043,0.8051947951316833,0.7649350762367249
YOR011W,YOR049C,1,-8.603116,0.09570112824440002,0.8095238208770752,0.7649350762367249
YMR091C,YOR315W,0,-8.605538,0.09565217047929764,0.8095238208770752,0.7653679847717285
YNL037C,YER019W,0,-8.6071,0.09560327231884003,0.8095238208770752,0.7658008933067322
YDR518W,YKL014C,0,-8.607128,0.095554418861866,0.8095238208770752,0.7662337422370911
YJL191W,YDR083W,0,-8.607576,0.09550561755895615,0.8095238208770752,0.7666666507720947
YIL117C,YDR532C,0,-8.608053,0.09545686841011047,0.8095238208770752,0.7670995593070984
YMR015C,YAR035W,0,-8.60843,0.09540816396474838,0.8095238208770752,0.767532467842102
YJL124C,YCR018C,0,-8.610668,0.09535951167345047,0.8095238208770752,0.7679653763771057
YDL045C,YJL102W,0,-8.613842,0.09531090408563614,0.8095238208770752,0.7683982849121094
YOR178C,YLR396C,0,-8.614189,0.09526235610246658,0.8095238208770752,0.768831193447113
YMR212C,YPR155C,0,-8.615061,0.09521385282278061,0.8095238208770752,0.7692640423774719
YBR217W,YKL021C,0,-8.61532,0.09516539424657822,0.8095238208770752,0.7696969509124756
YIL013C,YMR079W,1,-8.619145,0.09562563896179199,0.8138527870178223,0.7696969509124756
YDL181W,YOR181W,0,-8.6196785,0.09557702392339706,0.8138527870178223,0.7701298594474792
YGR261C,YBL041W,0,-8.620977,0.09552845358848572,0.8138527870178223,0.7705627679824829
YOR120W,YGR006W,0,-8.623482,0.09547993540763855,0.8138527870178223,0.7709956765174866
YBR298C,YIL007C,0,-8.624514,0.09543146938085556,0.8138527870178223,0.7714285850524902
YLR192C,YNL328C,0,-8.6250515,0.09538305550813675,0.8138527870178223,0.7718614935874939
YGL229C,YMR175W,0,-8.625311,0.09533468633890152,0.8138527870178223,0.7722943425178528
YMR042W,YBR022W,0,-8.626562,0.09528636932373047,0.8138527870178223,0.7727272510528564
YHR091C,YDR329C,0,-8.627161,0.095238097012043,0.8138527870178223,0.7731601595878601
YFL010W-A,YLR176C,0,-8.628349,0.09518987685441971,0.8138527870178223,0.7735930681228638
YJL024C,YDR459C,0,-8.628437,0.09514170140028,0.8138527870178223,0.7740259766578674
YLR433C,YPL159C,0,-8.628573,0.09509357810020447,0.8138527870178223,0.7744588851928711
YGR037C,YOR237W,1,-8.634632,0.09555105865001678,0.8181818127632141,0.7744588851928711
YPR168W,YOR213C,0,-8.635479,0.09550277888774872,0.8181818127632141,0.7748917937278748
YDL005C,YDR059C,0,-8.636028,0.09545454382896423,0.8181818127632141,0.7753247022628784
YHR075C,YNL250W,0,-8.637738,0.09540636092424393,0.8181818127632141,0.7757575511932373
YHR142W,YJR055W,0,-8.638886,0.0953582227230072,0.8181818127632141,0.776190459728241
YHR193C,YEL009C,0,-8.640593,0.09531013667583466,0.8181818127632141,0.7766233682632446
YLR242C,YKL188C,1,-8.6427145,0.09576612710952759,0.822510838508606,0.7766233682632446
YNL231C,YAR042W,1,-8.644719,0.09622166305780411,0.826839804649353,0.7766233682632446
YML023C,YGR241C,0,-8.645968,0.09617321193218231,0.826839804649353,0.7770562767982483
YBR296C,YBL033C,0,-8.646806,0.0961248129606247,0.826839804649353,0.777489185333252
YGR239C,YBR260C,0,-8.647022,0.09607645869255066,0.826839804649353,0.7779220938682556
YHR098C,YER029C,0,-8.647685,0.0960281565785408,0.826839804649353,0.7783550024032593
YOL066C,YGR270W,0,-8.649229,0.09597989916801453,0.826839804649353,0.7787878513336182
YBR021W,YHR074W,0,-8.649496,0.09593169391155243,0.826839804649353,0.7792207598686218
YLR113W,YKL110C,0,-8.651038,0.09588353335857391,0.826839804649353,0.7796536684036255
YNL166C,YGR254W,0,-8.651691,0.09583542495965958,0.826839804649353,0.7800865769386292
YOR250C,YPL055C,0,-8.653177,0.09578736126422882,0.826839804649353,0.7805194854736328
YLL019C,YOR150W,0,-8.653545,0.09573934972286224,0.826839804649353,0.7809523940086365
YDL095W,YCR014C,0,-8.655233,0.09569138288497925,0.826839804649353,0.7813853025436401
YOR206W,YNL126W,0,-8.655426,0.09564346820116043,0.826839804649353,0.7818182110786438
YJL108C,YHR206W,0,-8.655809,0.0955955982208252,0.826839804649353,0.7822510600090027
YGL236C,YMR214W,0,-8.657279,0.09554777294397354,0.826839804649353,0.7826839685440063
YLR116W,YMR239C,0,-8.663077,0.09549999982118607,0.826839804649353,0.78311687707901
YMR182C,YOL067C,0,-8.665968,0.09545227140188217,0.826839804649353,0.7835497856140137
YDL046W,YIL013C,1,-8.669103,0.09590409696102142,0.8311688303947449,0.7835497856140137
YOR031W,YPL110C,0,-8.670052,0.095856212079525,0.8311688303947449,0.7839826941490173
YLR167W,YDR532C,0,-8.672376,0.09580838680267334,0.8311688303947449,0.784415602684021
YGL211W,YJL208C,0,-8.672434,0.09576059877872467,0.8311688303947449,0.7848485112190247
YHR001W,YIL013C,1,-8.676817,0.09621136635541916,0.8354978561401367,0.7848485112190247
YMR042W,YJL094C,0,-8.678878,0.09616342931985855,0.8354978561401367,0.7852813601493835
YJL099W,YML011C,0,-8.6844425,0.09611553698778152,0.8354978561401367,0.7857142686843872
YDR263C,YPL159C,0,-8.684752,0.09606769680976868,0.8354978561401367,0.7861471772193909
YLR242C,YOR049C,1,-8.686222,0.096517413854599,0.8398268222808838,0.7861471772193909
YGR286C,YMR140W,0,-8.686247,0.09646941721439362,0.8398268222808838,0.7865800857543945
YGL257C,YNL333W,0,-8.686624,0.09642147272825241,0.8398268222808838,0.7870129942893982
YDR263C,YGR086C,0,-8.688081,0.09637357294559479,0.8398268222808838,0.7874459028244019
YNL274C,YGR056W,0,-8.689877,0.09632571786642075,0.8398268222808838,0.7878788113594055
YDR184C,YOR078W,0,-8.693092,0.09627791494131088,0.8398268222808838,0.7883116602897644
YLR106C,YDR166C,0,-8.693188,0.0962301567196846,0.8398268222808838,0.7887445688247681
YHR073W,YIL013C,1,-8.693453,0.0966782346367836,0.8441558480262756,0.7887445688247681
YDR202C,YBL050W,0,-8.693937,0.09663032740354538,0.8441558480262756,0.7891774773597717
YKL084W,YKL020C,0,-8.694827,0.09658246487379074,0.8441558480262756,0.7896103858947754
YOR237W,YPL145C,1,-8.699017,0.09702970087528229,0.8484848737716675,0.7896103858947754
YDR299W,YDR470C,0,-8.699846,0.09698168933391571,0.8484848737716675,0.790043294429779
YLR153C,YJR158W,0,-8.700157,0.09693372994661331,0.8484848737716675,0.7904762029647827
YDR294C,YPR074C,0,-8.702166,0.0968858152627945,0.8484848737716675,0.7909091114997864
YDR414C,YDR011W,0,-8.7035885,0.09683794528245926,0.8484848737716675,0.79134202003479
YPL125W,YNL066W,0,-8.70396,0.0967901200056076,0.8484848737716675,0.7917748689651489
YKL015W,YOR341W,0,-8.704456,0.09674234688282013,0.8484848737716675,0.7922077775001526
YCR028C-A,YER103W,0,-8.706396,0.09669462591409683,0.8484848737716675,0.7926406860351562
YDR217C,YPL218W,0,-8.706538,0.09664694219827652,0.8484848737716675,0.7930735945701599
YDR138W,YDL083C,0,-8.706948,0.09659931063652039,0.8484848737716675,0.7935065031051636
YBR066C,YJR110W,0,-8.707964,0.09655172377824783,0.8484848737716675,0.7939394116401672
YER106W,YLR435W,0,-8.70888,0.09650418162345886,0.8484848737716675,0.7943723201751709
YPL159C,YNL072W,0,-8.712463,0.09645669162273407,0.8484848737716675,0.7948051691055298
YJR097W,YNL066W,0,-8.714294,0.09640924632549286,0.8484848737716675,0.7952380776405334
YDR173C,YGR195W,0,-8.717664,0.09636184573173523,0.8484848737716675,0.7956709861755371
YAL031C,YJL141C,0,-8.719925,0.09631449729204178,0.8484848737716675,0.7961038947105408
YFL057C,YGR063C,0,-8.720076,0.09626719355583191,0.8484848737716675,0.7965368032455444
YJL157C,YNL107W,0,-8.72104,0.09621993452310562,0.8484848737716675,0.7969697117805481
YML086C,YPR031W,0,-8.725694,0.09617272019386292,0.8484848737716675,0.7974026203155518
YBL003C,YLR002C,0,-8.726285,0.09612555056810379,0.8484848737716675,0.7978354692459106
YGR177C,YER070W,0,-8.729727,0.09607843309640884,0.8484848737716675,0.7982683777809143
YOL151W,YPL175W,0,-8.729764,0.09603136032819748,0.8484848737716675,0.798701286315918
YKL085W,YNL206C,0,-8.730787,0.0959843322634697,0.8484848737716675,0.7991341948509216
YGR165W,YOR057W,0,-8.732287,0.0959373489022255,0.8484848737716675,0.7995671033859253
YJR031C,YLR136C,0,-8.732546,0.09589041024446487,0.8484848737716675,0.800000011920929
YDR439W,YBR196C,0,-8.733423,0.09584352374076843,0.8484848737716675,0.8004329204559326
YOR178C,YDR310C,0,-8.733952,0.09579667448997498,0.8484848737716675,0.8008658289909363
YER166W,YJL145W,1,-8.734439,0.0962383970618248,0.8528138399124146,0.8008658289909363
YER110C,YLR363C,0,-8.735277,0.09619140625,0.8528138399124146,0.8012986779212952
YNL317W,YIL121W,0,-8.737179,0.09614446014165878,0.8528138399124146,0.8017315864562988
YHR183W,YNL097C,0,-8.737766,0.09609755873680115,0.8528138399124146,0.8021644949913025
YPR051W,YGR123C,0,-8.737995,0.09605070948600769,0.8528138399124146,0.8025974035263062
YOR279C,YMR146C,0,-8.739401,0.09600389748811722,0.8528138399124146,0.8030303120613098
YLR242C,YNL231C,1,-8.73994,0.09644422680139542,0.8571428656578064,0.8030303120613098
YOL004W,YPR182W,0,-8.74037,0.0963972732424736,0.8571428656578064,0.8034632205963135
YOR040W,YDL064W,0,-8.740828,0.09635036438703537,0.8571428656578064,0.8038961291313171
YAL026C,YJL145W,1,-8.743424,0.0967898815870285,0.8614718317985535,0.8038961291313171
YMR081C,YJL112W,0,-8.74514,0.09674283117055893,0.8614718317985535,0.804328978061676
YIR037W,YPR086W,0,-8.74713,0.09669581800699234,0.8614718317985535,0.8047618865966797
YAL044C,YKL150W,0,-8.747381,0.09664885699748993,0.8614718317985535,0.8051947951316833
YOR095C,YKR081C,0,-8.748465,0.0966019406914711,0.8614718317985535,0.805627703666687
YHR015W,YGR158C,0,-8.748695,0.09655506908893585,0.8614718317985535,0.8060606122016907
YCR063W,YJR022W,0,-8.750225,0.09650824218988419,0.8614718317985535,0.8064935207366943
YHR187W,YDR165W,0,-8.750337,0.0964614674448967,0.8614718317985535,0.806926429271698
YDL166C,YKL152C,0,-8.750446,0.0964147299528122,0.8614718317985535,0.8073592782020569
YBL063W,YIR041W,0,-8.750774,0.09636803716421127,0.8614718317985535,0.8077921867370605
YAL026C,YNL231C,1,-8.752598,0.09680542349815369,0.8658008575439453,0.8077921867370605
YPR006C,YLR355C,0,-8.754357,0.09675858914852142,0.8658008575439453,0.8082250952720642
YJL201W,YCL011C,0,-8.754795,0.09671179950237274,0.8658008575439453,0.8086580038070679
YKL008C,YPR112C,0,-8.756549,0.09666505455970764,0.8658008575439453,0.8090909123420715
YAL023C,YPL167C,0,-8.756787,0.09661835432052612,0.8658008575439453,0.8095238208770752
YOR327C,YNL309W,0,-8.760591,0.09657170623540878,0.8658008575439453,0.8099567294120789
YLR386W,YGL255W,0,-8.763077,0.09652509540319443,0.8658008575439453,0.8103896379470825
YBR041W,YKL188C,1,-8.764002,0.09696092456579208,0.8701298832893372,0.8103896379470825
YLR264W,YJL168C,0,-8.764514,0.09691417217254639,0.8701298832893372,0.8108224868774414
YBR164C,YMR204C,0,-8.764802,0.09686747193336487,0.8701298832893372,0.8112553954124451
YJR150C,YJL145W,1,-8.765056,0.09730250388383865,0.8744588494300842,0.8112553954124451
YGR268C,YDR116C,0,-8.765503,0.0972556546330452,0.8744588494300842,0.8116883039474487
YNL207W,YPL063W,0,-8.766219,0.09720885753631592,0.8744588494300842,0.8121212124824524
YPL194W,YEL034W,0,-8.769042,0.09716209769248962,0.8744588494300842,0.812554121017456
YOR381W,YPR144C,0,-8.769841,0.09711538255214691,0.8744588494300842,0.8129870295524597
YLR342W,YJL124C,0,-8.77114,0.09706871956586838,0.8744588494300842,0.8134199380874634
YBR024W,YJL109C,0,-8.772114,0.09702209383249283,0.8744588494300842,0.8138527870178223
YBR133C,YML028W,0,-8.772699,0.09697551280260086,0.8744588494300842,0.8142856955528259
YOR100C,YMR081C,0,-8.774118,0.09692898392677307,0.8744588494300842,0.8147186040878296
YOR033C,YPL204W,0,-8.774918,0.09688249230384827,0.8744588494300842,0.8151515126228333
YBR066C,YBL033C,0,-8.775507,0.09683605283498764,0.8744588494300842,0.8155844211578369
YDR182W,YLR291C,0,-8.777559,0.09678965061903,0.8744588494300842,0.8160173296928406
YDR480W,YMR093W,0,-8.77775,0.09674329310655594,0.8744588494300842,0.8164502382278442
YPR049C,YJL063C,0,-8.778673,0.09669698774814606,0.8744588494300842,0.8168830871582031
YEL009C,YJR031C,0,-8.781479,0.09665071964263916,0.8744588494300842,0.8173159956932068
YIL048W,YKL014C,0,-8.78212,0.09660449624061584,0.8744588494300842,0.8177489042282104
YOR058C,YJL006C,0,-8.782709,0.09655831754207611,0.8744588494300842,0.8181818127632141
YOR151C,YMR305C,0,-8.7832,0.09651218354701996,0.8744588494300842,0.8186147212982178
YKL085W,YBR055C,0,-8.785687,0.09646609425544739,0.8744588494300842,0.8190476298332214
YNL065W,YPL045W,0,-8.786406,0.0964200496673584,0.8744588494300842,0.8194805383682251
YMR277W,YHR183W,0,-8.788786,0.0963740423321724,0.8744588494300842,0.8199134469032288
YLR318W,YFR050C,0,-8.789319,0.09632808715105057,0.8744588494300842,0.8203462958335876
YKL170W,YJL098W,0,-8.790617,0.09628217667341232,0.8744588494300842,0.8207792043685913
YHR072W,YIR025W,0,-8.791992,0.09623630344867706,0.8744588494300842,0.821212112903595
YKR036C,YKL113C,0,-8.793913,0.09619047492742538,0.8744588494300842,0.8216450214385986
YBL082C,YFR046C,0,-8.794208,0.09614469110965729,0.8744588494300842,0.8220779299736023
YCL039W,YFR053C,0,-8.794224,0.09609895199537277,0.8744588494300842,0.822510838508606
YPL031C,YGR024C,0,-8.79522,0.09605325758457184,0.8744588494300842,0.8229437470436096
YMR288W,YKL041W,0,-8.798519,0.09600760787725449,0.8744588494300842,0.8233765959739685
YGL187C,YNL107W,0,-8.800305,0.09596199542284012,0.8744588494300842,0.8238095045089722
YDR384C,YCR083W,0,-8.803341,0.09591642767190933,0.8744588494300842,0.8242424130439758
YGR177C,YLR466W,0,-8.803916,0.09587090462446213,0.8744588494300842,0.8246753215789795
YDR263C,YCL043C,0,-8.804337,0.0958254262804985,0.8744588494300842,0.8251082301139832
YNL230C,YOR182C,0,-8.804436,0.09577999264001846,0.8744588494300842,0.8255411386489868
YLR424W,YML085C,0,-8.806681,0.0957345962524414,0.8744588494300842,0.8259740471839905
YEL036C,YOR230W,0,-8.809107,0.09568924456834793,0.8744588494300842,0.8264069557189941
YMR280C,YLR459W,0,-8.809451,0.09564393758773804,0.8744588494300842,0.826839804649353
YNR072W,YPR074C,0,-8.810434,0.09559867531061172,0.8744588494300842,0.8272727131843567
YKL011C,YJL045W,0,-8.811001,0.0955534502863884,0.8744588494300842,0.8277056217193604
YOR142W,YOR209C,0,-8.811033,0.09550827741622925,0.8744588494300842,0.828138530254364
YOR011W,YJR150C,1,-8.812366,0.09593572467565536,0.8787878751754761,0.828138530254364
YGL241W,YHR075C,0,-8.813243,0.09589041024446487,0.8787878751754761,0.8285714387893677
YKR003W,YKL188C,1,-8.813993,0.09631728380918503,0.8831169009208679,0.8285714387893677
YBR210W,YDL083C,0,-8.816151,0.0962718278169632,0.8831169009208679,0.8290043473243713
YOL066C,YDR449C,0,-8.816731,0.09622641652822495,0.8831169009208679,0.829437255859375
YHR164C,YPR041W,0,-8.818977,0.09618104994297028,0.8831169009208679,0.8298701047897339
YKL074C,YOL147C,0,-8.819269,0.09613572061061859,0.8831169009208679,0.8303030133247375
YMR001C,YPR033C,0,-8.819776,0.09609043598175049,0.8831169009208679,0.8307359218597412
YIR017C,YGL096W,0,-8.823147,0.09604519605636597,0.8831169009208679,0.8311688303947449
YNL004W,YGR281W,0,-8.823338,0.09600000083446503,0.8831169009208679,0.8316017389297485
YLR256W,YMR186W,0,-8.823845,0.09595484286546707,0.8831169009208679,0.8320346474647522
YGR044C,YOR315W,0,-8.825287,0.0959097295999527,0.8831169009208679,0.8324675559997559
YDR470C,YBR183W,0,-8.829002,0.0958646610379219,0.8831169009208679,0.8329004049301147
YMR097C,YKR025W,0,-8.829902,0.0958196371793747,0.8831169009208679,0.8333333134651184
YPR016C,YJR102C,0,-8.830481,0.09577465057373047,0.8831169009208679,0.8337662220001221
YLR153C,YLR010C,0,-8.833761,0.09572970122098923,0.8831169009208679,0.8341991305351257
YNL264C,YKL188C,1,-8.835369,0.09615384787321091,0.887445867061615,0.8341991305351257
YLR210W,YNL239W,0,-8.836437,0.09610876441001892,0.887445867061615,0.8346320390701294
YAR015W,YPL018W,0,-8.837033,0.09606373310089111,0.887445867061615,0.8350649476051331
YKR063C,YLR448W,0,-8.837711,0.09601873904466629,0.887445867061615,0.8354978561401367
YLR170C,YBR004C,0,-8.84059,0.09597378224134445,0.887445867061615,0.8359307646751404
YBR168W,YMR008C,0,-8.84177,0.0959288701415062,0.887445867061615,0.8363636136054993
YKL146W,YNR010W,0,-8.843143,0.09588400274515152,0.887445867061615,0.8367965221405029
YCL039W,YBR097W,0,-8.846952,0.09583918005228043,0.887445867061615,0.8372294306755066
YBR072W,YNL243W,0,-8.84697,0.09579439461231232,0.887445867061615,0.8376623392105103
YHL024W,YJL045W,0,-8.847892,0.09574964642524719,0.887445867061615,0.8380952477455139
YMR008C,YOL005C,0,-8.848589,0.09570495039224625,0.887445867061615,0.8385281562805176
YFL056C,YJR073C,0,-8.849018,0.09566029161214828,0.887445867061615,0.8389610648155212
YGL063W,YLR066W,0,-8.85046,0.09561567008495331,0.887445867061615,0.8393939137458801
YDR113C,YHR038W,0,-8.852291,0.09557109326124191,0.887445867061615,0.8398268222808838
YDR375C,YCR057C,0,-8.853891,0.0955265611410141,0.887445867061615,0.8402597308158875
YGL200C,YHR081W,0,-8.854926,0.09548206627368927,0.887445867061615,0.8406926393508911
YLR119W,YOL093W,0,-8.856022,0.09543761610984802,0.887445867061615,0.8411255478858948
YOR237W,YDL046W,1,-8.856714,0.09585853666067123,0.8917748928070068,0.8411255478858948
YMR285C,YOR275C,0,-8.856997,0.09581395238637924,0.8917748928070068,0.8415584564208984
YEL069C,YCR024C-A,0,-8.860572,0.09576941281557083,0.8917748928070068,0.8419913649559021
YDR448W,YDR146C,0,-8.861662,0.0957249104976654,0.8917748928070068,0.842424213886261
YOR001W,YPR182W,0,-8.863748,0.09568044543266296,0.8917748928070068,0.8428571224212646
YLL060C,YNL210W,0,-8.865692,0.0956360250711441,0.8917748928070068,0.8432900309562683
YNL116W,YOL049W,0,-8.86759,0.09559164941310883,0.8917748928070068,0.843722939491272
YMR032W,YAL011W,0,-8.867718,0.09554731100797653,0.8917748928070068,0.8441558480262756
YNR053C,YKL134C,0,-8.869078,0.09550300985574722,0.8917748928070068,0.8445887565612793
YOR100C,YMR061W,0,-8.871563,0.09545876085758209,0.8917748928070068,0.845021665096283
YER036C,YNL006W,0,-8.872876,0.09541454166173935,0.8917748928070068,0.8454545736312866
YGL142C,YGL243W,0,-8.87321,0.09537036716938019,0.8917748928070068,0.8458874225616455
YGL096W,YHR070W,0,-8.876751,0.09532623738050461,0.8917748928070068,0.8463203310966492
YOL146W,YJL080C,0,-8.8795185,0.09528214484453201,0.8917748928070068,0.8467532396316528
YFR019W,YNL075W,0,-8.881123,0.095238097012043,0.8917748928070068,0.8471861481666565
YOR011W,YNL231C,1,-8.882083,0.09565619379281998,0.8961039185523987,0.8471861481666565
YKR003W,YOR049C,1,-8.884477,0.09607390314340591,0.9004328846931458,0.8471861481666565
YNL218W,YBR006W,0,-8.887333,0.09602954983711243,0.9004328846931458,0.8476190567016602
YNL006W,YMR239C,0,-8.888812,0.09598523378372192,0.9004328846931458,0.8480519652366638
YDL181W,YDR463W,0,-8.893073,0.095940962433815,0.9004328846931458,0.8484848737716675
YGR231C,YPR132W,0,-8.89556,0.09589672833681107,0.9004328846931458,0.8489177227020264
YDR427W,YDL060W,0,-8.897465,0.09585253149271011,0.9004328846931458,0.84935063123703
YPR183W,YHR014W,0,-8.902151,0.09580838680267334,0.9004328846931458,0.8497835397720337
YER183C,YGL229C,0,-8.904158,0.09576427191495895,0.9004328846931458,0.8502164483070374
YLL006W,YER165W,0,-8.906056,0.09572020173072815,0.9004328846931458,0.850649356842041
YOR185C,YDL093W,0,-8.906324,0.09567617624998093,0.9004328846931458,0.8510822653770447
YJR021C,YPL235W,0,-8.9068575,0.09563218057155609,0.9004328846931458,0.8515151739120483
YCR005C,YKL048C,0,-8.906984,0.09558823704719543,0.9004328846931458,0.8519480228424072
YGL257C,YLR196W,0,-8.909187,0.09554433077573776,0.9004328846931458,0.8523809313774109
YNL210W,YKR101W,0,-8.910368,0.09550046175718307,0.9004328846931458,0.8528138399124146
YPL160W,YPL007C,0,-8.911964,0.09545662999153137,0.9004328846931458,0.8532467484474182
YBR202W,YNR049C,0,-8.912533,0.09541284292936325,0.9004328846931458,0.8536796569824219
YBR243C,YBR114W,0,-8.913698,0.09536909312009811,0.9004328846931458,0.8541125655174255
YJL108C,YLR055C,0,-8.914127,0.09532538801431656,0.9004328846931458,0.8545454740524292
YOL013C,YIL008W,0,-8.915835,0.09528172016143799,0.9004328846931458,0.8549783825874329
YGR231C,YJL138C,0,-8.917412,0.095238097012043,0.9004328846931458,0.8554112315177917
YDR358W,YGL168W,0,-8.918119,0.095194511115551,0.9004328846931458,0.8558441400527954
YDR060W,YOR275C,0,-8.918395,0.09515096247196198,0.9004328846931458,0.8562770485877991
YJL116C,YKR089C,0,-8.918757,0.09510745108127594,0.9004328846931458,0.8567099571228027
YDL105W,YHR133C,0,-8.920161,0.09506398439407349,0.9004328846931458,0.8571428656578064
YKL206C,YJL194W,0,-8.920347,0.09502055495977402,0.9004328846931458,0.8575757741928101
YOR133W,YAL010C,0,-8.924135,0.09497717022895813,0.9004328846931458,0.8580086827278137
YER040W,YER019W,0,-8.927015,0.09493382275104523,0.9004328846931458,0.8584415316581726
YDL046W,YJL145W,1,-8.928296,0.09534671902656555,0.9047619104385376,0.8584415316581726
YJL104W,YIL121W,0,-8.936453,0.0953032374382019,0.9047619104385376,0.8588744401931763
YPR175W,YBR162C,0,-8.93981,0.09525980055332184,0.9047619104385376,0.8593073487281799
YML094W,YDR176W,0,-8.9410095,0.09521640092134476,0.9047619104385376,0.8597402572631836
YGR055W,YPL232W,0,-8.941677,0.09517303854227066,0.9047619104385376,0.8601731657981873
YBR041W,YOR237W,1,-8.941902,0.09558489173650742,0.9090909361839294,0.8601731657981873
YGR037C,YOR049C,1,-8.943181,0.09599635750055313,0.9134199023246765,0.8601731657981873
YOR226C,YHR026W,0,-8.943565,0.09595270454883575,0.9134199023246765,0.8606060743331909
YNL231C,YJL145W,1,-8.943909,0.09636363387107849,0.9177489280700684,0.8606060743331909
YLR074C,YPL127C,0,-8.945504,0.09631985425949097,0.9177489280700684,0.8610389828681946
YJR064W,YKR095W,0,-8.949083,0.09627611190080643,0.9177489280700684,0.8614718317985535
YDR488C,YGL135W,0,-8.94935,0.09623240679502487,0.9177489280700684,0.8619047403335571
YMR004W,YOR315W,0,-8.953421,0.0961887463927269,0.9177489280700684,0.8623376488685608
YOR351C,YJL190C,0,-8.953739,0.09614512324333191,0.9177489280700684,0.8627705574035645
YGR103W,YCR044C,0,-8.953874,0.0961015447974205,0.9177489280700684,0.8632034659385681
YGL089C,YCL043C,0,-8.955662,0.09605799615383148,0.9177489280700684,0.8636363744735718
YDR076W,YOR132W,0,-8.956589,0.09601449221372604,0.9177489280700684,0.8640692830085754
YLR114C,YER094C,0,-8.959138,0.09597102552652359,0.9177489280700684,0.8645021915435791
YOR319W,YJL035C,0,-8.960018,0.09592760354280472,0.9177489280700684,0.864935040473938
YIL033C,YNL210W,0,-8.961986,0.09588421881198883,0.9177489280700684,0.8653679490089417
YOR193W,YGR156W,0,-8.964483,0.09584087133407593,0.9177489280700684,0.8658008575439453
YDL044C,YMR305C,0,-8.964794,0.09579756110906601,0.9177489280700684,0.866233766078949
YIL013C,YNL231C,1,-8.964952,0.09620596468448639,0.9220778942108154,0.866233766078949
YAL020C,YDR055W,0,-8.966158,0.09616252779960632,0.9220778942108154,0.8666666746139526
YGR239C,YLR275W,0,-8.966709,0.09611913561820984,0.9220778942108154,0.8670995831489563
YDL085W,YNL016W,0,-8.966941,0.09607578068971634,0.9220778942108154,0.86753249168396
YOL071W,YBR066C,0,-8.967014,0.09603246301412582,0.9220778942108154,0.8679653406143188
YMR014W,YOR047C,0,-8.967243,0.0959891825914383,0.9220778942108154,0.8683982491493225
YHR171W,YPL130W,0,-8.97028,0.09594594687223434,0.9220778942108154,0.8688311576843262
YMR281W,YMR288W,0,-8.972131,0.09590274840593338,0.9220778942108154,0.8692640662193298
YJR150C,YOR049C,1,-8.972433,0.09630963206291199,0.9264069199562073,0.8692640662193298
YBL057C,YOR229W,0,-8.974835,0.09626630693674088,0.9264069199562073,0.8696969747543335
YPR086W,YLR043C,0,-8.97517,0.09622301906347275,0.9264069199562073,0.8701298832893372
YPL061W,YIR013C,0,-8.975361,0.0961797758936882,0.9264069199562073,0.8705627918243408
YNR002C,YPR189W,0,-8.975888,0.09613656997680664,0.9264069199562073,0.8709957003593445
YER106W,YLR448W,0,-8.97826,0.09609340131282806,0.9264069199562073,0.8714285492897034
YDR411C,YHR193C,0,-8.980587,0.09605026990175247,0.9264069199562073,0.871861457824707
YKL016C,YOR046C,0,-8.988193,0.09600717574357986,0.9264069199562073,0.8722943663597107
YMR232W,YNL075W,0,-8.990045,0.09596412628889084,0.9264069199562073,0.8727272748947144
YDR377W,YLR207W,0,-8.991354,0.0959211140871048,0.9264069199562073,0.873160183429718
YOR237W,YNL231C,1,-8.991411,0.09632616490125656,0.9307359457015991,0.873160183429718
YLR051C,YMR140W,0,-8.994687,0.09628302603960037,0.9307359457015991,0.8735930919647217
YIL155C,YGR281W,0,-9.003899,0.09623993188142776,0.9307359457015991,0.8740260004997253
YOR265W,YJL121C,0,-9.005435,0.09619686752557755,0.9307359457015991,0.8744588494300842
YLR175W,YMR100W,0,-9.006862,0.09615384787321091,0.9307359457015991,0.8748917579650879
YBR109C,YGR123C,0,-9.009392,0.09611086547374725,0.9307359457015991,0.8753246665000916
YDL137W,YBR154C,0,-9.010773,0.09606792032718658,0.9307359457015991,0.8757575750350952
YGR008C,YKR053C,0,-9.011026,0.0960250124335289,0.9307359457015991,0.8761904835700989
YPL145C,YKL188C,1,-9.011349,0.09642857313156128,0.9350649118423462,0.8761904835700989
YCR086W,YIL125W,0,-9.012362,0.09638553857803345,0.9350649118423462,0.8766233921051025
YBL023C,YGR044C,0,-9.015481,0.0963425487279892,0.9350649118423462,0.8770563006401062
YKL191W,YDR342C,0,-9.01882,0.09629959613084793,0.9350649118423462,0.8774891495704651
YMR109W,YEL012W,0,-9.02076,0.09625668078660965,0.9350649118423462,0.8779220581054688
YOR237W,YKL188C,1,-9.021999,0.09665924310684204,0.939393937587738,0.8779220581054688
YOR237W,YHR073W,1,-9.026739,0.09706144034862518,0.9437229633331299,0.8779220581054688
YHL003C,YDR195W,0,-9.029198,0.09701824933290482,0.9437229633331299,0.8783549666404724
YDL200C,YIL037C,0,-9.031,0.09697508811950684,0.9437229633331299,0.8787878751754761
YLR399C,YMR165C,0,-9.032154,0.09693197160959244,0.9437229633331299,0.8792207837104797
YBR168W,YDR190C,0,-9.032261,0.09688889235258102,0.9437229633331299,0.8796536922454834
YNL006W,YMR260C,0,-9.037172,0.096845842897892,0.9437229633331299,0.8800866007804871
YGR169C,YML028W,0,-9.037745,0.09680284559726715,0.9437229633331299,0.8805195093154907
YJL210W,YBR083W,0,-9.038406,0.09675987809896469,0.9437229633331299,0.8809523582458496
YOL013C,YDR011W,0,-9.040902,0.09671694785356522,0.9437229633331299,0.8813852667808533
YJL026W,YPL026C,0,-9.043701,0.09667405486106873,0.9437229633331299,0.8818181753158569
YOL113W,YOL093W,0,-9.048107,0.09663120657205582,0.9437229633331299,0.8822510838508606
YJL145W,YAR042W,1,-9.052936,0.09703145921230316,0.948051929473877,0.8822510838508606
YDR361C,YML110C,0,-9.0557575,0.0969884842634201,0.948051929473877,0.8826839923858643
YNL210W,YOR140W,0,-9.056218,0.09694555401802063,0.948051929473877,0.8831169009208679
YOL010W,YBR216C,0,-9.058795,0.09690265357494354,0.948051929473877,0.8835498094558716
YLR355C,YDR165W,0,-9.060337,0.09685979783535004,0.948051929473877,0.8839826583862305
YDR046C,YHR068W,0,-9.061302,0.09681697934865952,0.948051929473877,0.8844155669212341
YEL056W,YKL126W,0,-9.062475,0.09677419066429138,0.948051929473877,0.8848484754562378
YJL125C,YPL139C,0,-9.064848,0.09673144668340683,0.948051929473877,0.8852813839912415
YIL103W,YJL102W,0,-9.068055,0.09668873995542526,0.948051929473877,0.8857142925262451
YPL224C,YKR097W,0,-9.068922,0.09664607048034668,0.948051929473877,0.8861472010612488
YLR097C,YDL081C,0,-9.069832,0.09660343825817108,0.948051929473877,0.8865801095962524
YDR379W,YPL239W,0,-9.071005,0.09656084328889847,0.948051929473877,0.8870129585266113
YLR133W,YOL076W,0,-9.0719,0.09651829302310944,0.948051929473877,0.887445867061615
YJR074W,YNL236W,0,-9.072046,0.09647577255964279,0.948051929473877,0.8878787755966187
YHR124W,YOL125W,0,-9.074059,0.09643328934907913,0.948051929473877,0.8883116841316223
YMR316W,YGL062W,0,-9.074906,0.09639084339141846,0.948051929473877,0.888744592666626
YJL102W,YKL144C,0,-9.075483,0.09634843468666077,0.948051929473877,0.8891775012016296
YNL148C,YHR065C,0,-9.077515,0.09630607068538666,0.948051929473877,0.8896104097366333
YFR008W,YDL014W,0,-9.077812,0.09626373648643494,0.948051929473877,0.890043318271637
YLL001W,YOR182C,0,-9.079809,0.0962214395403862,0.948051929473877,0.8904761672019958
YGL021W,YGR270W,0,-9.081093,0.09617917984724045,0.948051929473877,0.8909090757369995
YOR079C,YAL040C,0,-9.081551,0.09613696485757828,0.948051929473877,0.8913419842720032
YAL012W,YMR182C,0,-9.081711,0.0960947796702385,0.948051929473877,0.8917748928070068
YGL253W,YOL055C,0,-9.082197,0.0960526317358017,0.948051929473877,0.8922078013420105
YGL158W,YHR099W,0,-9.082647,0.09601052105426788,0.948051929473877,0.8926407098770142
YDR091C,YBR037C,0,-9.082872,0.09596844762563705,0.948051929473877,0.8930736184120178
YBR093C,YGR280C,0,-9.082893,0.09592641144990921,0.948051929473877,0.8935064673423767
YPL159C,YJL098W,0,-9.084614,0.09588441252708435,0.948051929473877,0.8939393758773804
YGR289C,YCR018C,0,-9.092682,0.09584245085716248,0.948051929473877,0.894372284412384
YCL025C,YKL016C,0,-9.093883,0.09580052644014359,0.948051929473877,0.8948051929473877
YDR037W,YHL006C,0,-9.093972,0.09575863927602768,0.948051929473877,0.8952381014823914
YPL274W,YOR195W,0,-9.094507,0.09571678191423416,0.948051929473877,0.895671010017395
YLL019C,YBR188C,0,-9.096707,0.09567496925592422,0.948051929473877,0.8961039185523987
YOL044W,YBR172C,0,-9.098352,0.09563318639993668,0.948051929473877,0.8965367674827576
YLR035C,YKR081C,0,-9.105821,0.09559144824743271,0.948051929473877,0.8969696760177612
YCL052C,YDR120C,0,-9.105923,0.09554973989725113,0.948051929473877,0.8974025845527649
YGR037C,YJR150C,1,-9.106387,0.09594418108463287,0.9523809552192688,0.8974025845527649
YHR005C,YNL066W,0,-9.106444,0.09590235352516174,0.9523809552192688,0.8978354930877686
YDR256C,YDR091C,0,-9.1082325,0.0958605632185936,0.9523809552192688,0.8982684016227722
YDR329C,YLR139C,0,-9.108754,0.09581881761550903,0.9523809552192688,0.8987013101577759
YNL068C,YPL152W,0,-9.113456,0.09577710181474686,0.9523809552192688,0.8991342186927795
YKR097W,YDL006W,0,-9.114531,0.09573542326688766,0.9523809552192688,0.8995671272277832
YEL009C,YDR293C,0,-9.1151085,0.09569378197193146,0.9523809552192688,0.8999999761581421
YER166W,YOR237W,1,-9.130982,0.09608695656061172,0.9567099809646606,0.8999999761581421
YGR204W,YHR166C,0,-9.13154,0.09604519605636597,0.9567099809646606,0.9004328846931458
YBL084C,YOR295W,0,-9.133852,0.0960034728050232,0.9567099809646606,0.9008657932281494
YIL160C,YER118C,0,-9.134026,0.0959617868065834,0.9567099809646606,0.9012987017631531
YIL013C,YJL145W,1,-9.134972,0.0963541641831398,0.9610389471054077,0.9012987017631531
YNL101W,YLR154C,0,-9.143379,0.09631236642599106,0.9610389471054077,0.9017316102981567
YNR057C,YLR238W,0,-9.148385,0.0962705984711647,0.9610389471054077,0.9021645188331604
YPL202C,YKR076W,0,-9.149937,0.09622886776924133,0.9610389471054077,0.9025974273681641
YLL004W,YCR106W,0,-9.151214,0.09618717432022095,0.9610389471054077,0.903030276298523
YJR112W,YLR240W,0,-9.152539,0.09614551812410355,0.9610389471054077,0.9034631848335266
YDR251W,YLL041C,0,-9.155859,0.09610389918088913,0.9610389471054077,0.9038960933685303
YMR145C,YJL036W,0,-9.157253,0.0960623100399971,0.9610389471054077,0.9043290019035339
YOR039W,YDL039C,0,-9.159106,0.09602075815200806,0.9610389471054077,0.9047619104385376
YIR005W,YPR016C,0,-9.160345,0.0959792509675026,0.9610389471054077,0.9051948189735413
YHR075C,YKL041W,0,-9.164936,0.09593777358531952,0.9610389471054077,0.9056277275085449
YDL003W,YBR050C,0,-9.168118,0.09589632600545883,0.9610389471054077,0.9060605764389038
YAL026C,YOR049C,1,-9.173706,0.09628669917583466,0.9653679728507996,0.9060605764389038
YDR171W,YPL128C,0,-9.176182,0.09624514728784561,0.9653679728507996,0.9064934849739075
YMR069W,YDL112W,0,-9.179474,0.09620362520217896,0.9653679728507996,0.9069263935089111
YPL240C,YJL112W,0,-9.186086,0.09616214036941528,0.9653679728507996,0.9073593020439148
YDR198C,YGR044C,0,-9.187428,0.0961206927895546,0.9653679728507996,0.9077922105789185
YPR178W,YBR083W,0,-9.188387,0.0960792750120163,0.9653679728507996,0.9082251191139221
YNL119W,YPL152W,0,-9.188963,0.09603790193796158,0.9653679728507996,0.9086580276489258
YDR318W,YKL038W,0,-9.191487,0.09599655866622925,0.9653679728507996,0.9090909361839294
YKL188C,YMR079W,1,-9.194882,0.09638553857803345,0.9696969985961914,0.9090909361839294
YBR298C,YBL023C,0,-9.195667,0.09634408354759216,0.9696969985961914,0.9095237851142883
YKR081C,YMR313C,0,-9.19662,0.09630266577005386,0.9696969985961914,0.909956693649292
YOR245C,YGR074W,0,-9.198573,0.09626127779483795,0.9696969985961914,0.9103896021842957
YDR516C,YPL058C,0,-9.20022,0.09621993452310562,0.9696969985961914,0.9108225107192993
YOL002C,YNL229C,0,-9.206736,0.09617862105369568,0.9696969985961914,0.911255419254303
YAL059W,YJL062W,0,-9.209066,0.09613733738660812,0.9696969985961914,0.9116883277893066
YGR171C,YMR165C,0,-9.209815,0.09609609842300415,0.9696969985961914,0.9121212363243103
YNR033W,YMR093W,0,-9.212046,0.09605488926172256,0.9696969985961914,0.9125540852546692
YER052C,YKR086W,0,-9.213236,0.09601371735334396,0.9696969985961914,0.9129869937896729
YPR138C,YGR212W,0,-9.213379,0.09597258269786835,0.9696969985961914,0.9134199023246765
YIL018W,YNL107W,0,-9.217121,0.09593147784471512,0.9696969985961914,0.9138528108596802
YPL217C,YLR332W,0,-9.220832,0.09589041024446487,0.9696969985961914,0.9142857193946838
YLR129W,YDR039C,0,-9.223589,0.09584937989711761,0.9696969985961914,0.9147186279296875
YMR211W,YDR255C,0,-9.225264,0.09580838680267334,0.9696969985961914,0.9151515364646912
YFL045C,YGR270W,0,-9.226431,0.09576742351055145,0.9696969985961914,0.9155844449996948
YNL220W,YKL048C,0,-9.22748,0.09572649747133255,0.9696969985961914,0.9160172939300537
YNR019W,YDR341C,0,-9.22945,0.09568560123443604,0.9696969985961914,0.9164502024650574
YKL016C,YDL181W,0,-9.230935,0.0956447497010231,0.9696969985961914,0.916883111000061
YBL003C,YPR065W,0,-9.232117,0.09560392796993256,0.9696969985961914,0.9173160195350647
YPL028W,YHL011C,0,-9.232399,0.095563143491745,0.9696969985961914,0.9177489280700684
YLR256W,YOL080C,0,-9.235708,0.09552238881587982,0.9696969985961914,0.918181836605072
YMR042W,YGL027C,0,-9.240515,0.09548167139291763,0.9696969985961914,0.9186147451400757
YJL108C,YNL310C,0,-9.240576,0.09544099122285843,0.9696969985961914,0.9190475940704346
YJL108C,YJL129C,0,-9.245926,0.09540034085512161,0.9696969985961914,0.9194805026054382
YFR019W,YMR142C,0,-9.250586,0.09535972774028778,0.9696969985961914,0.9199134111404419
YFR036W,YBR182C,0,-9.254691,0.09531915187835693,0.9696969985961914,0.9203463196754456
YPL241C,YDR036C,0,-9.257118,0.09527860581874847,0.9696969985961914,0.9207792282104492
YGL200C,YPL240C,0,-9.262966,0.095238097012043,0.9696969985961914,0.9212121367454529
YOL031C,YGR296W,0,-9.263638,0.09519761800765991,0.9696969985961914,0.9216450452804565
YHR157W,YDL120W,0,-9.264727,0.09515717625617981,0.9696969985961914,0.9220778942108154
YGR262C,YGR214W,0,-9.266041,0.09511677175760269,0.9696969985961914,0.9225108027458191
YJL003W,YPL012W,0,-9.277115,0.09507639706134796,0.9696969985961914,0.9229437112808228
YPL188W,YKL175W,0,-9.283615,0.09503605961799622,0.9696969985961914,0.9233766198158264
YGR037C,YKL188C,1,-9.28899,0.09541984647512436,0.9740259647369385,0.9233766198158264
YKL193C,YKL166C,0,-9.29127,0.09537939727306366,0.9740259647369385,0.9238095283508301
YDR276C,YDR449C,0,-9.292904,0.09533898532390594,0.9740259647369385,0.9242424368858337
YBR290W,YAL023C,0,-9.2945,0.09529860317707062,0.9740259647369385,0.9246753454208374
YKL220C,YKL148C,0,-9.304312,0.09525825828313828,0.9740259647369385,0.9251082539558411
YAL031C,YJR073C,0,-9.308405,0.09521794319152832,0.9740259647369385,0.9255411028862
YDR236C,YKL051W,0,-9.309119,0.09517766535282135,0.9740259647369385,0.9259740114212036
YLR035C,YER126C,0,-9.316963,0.09513741731643677,0.9740259647369385,0.9264069199562073
YJR047C,YDR363W,0,-9.319157,0.09509721398353577,0.9740259647369385,0.9268398284912109
YPL061W,YHL040C,0,-9.319199,0.09505703300237656,0.9740259647369385,0.9272727370262146
YER177W,YBR072W,0,-9.322858,0.09501688927412033,0.9740259647369385,0.9277056455612183
YLR401C,YDR129C,0,-9.329523,0.09497678279876709,0.9740259647369385,0.9281385540962219
YNL012W,YMR093W,0,-9.33941,0.09493670612573624,0.9740259647369385,0.9285714030265808
YLR291C,YGR180C,0,-9.3394985,0.09489666670560837,0.9740259647369385,0.9290043115615845
YLL019C,YOR269W,0,-9.355322,0.09485666453838348,0.9740259647369385,0.9294372200965881
YPL231W,YJL184W,0,-9.357788,0.09481668472290039,0.9740259647369385,0.9298701286315918
YMR048W,YIL101C,0,-9.359364,0.09477674961090088,0.9740259647369385,0.9303030371665955
YBL002W,YDR425W,0,-9.367735,0.09473684430122375,0.9740259647369385,0.9307359457015991
YKR081C,YNL332W,0,-9.368533,0.09469696879386902,0.9740259647369385,0.9311688542366028
YNL119W,YNL294C,0,-9.369969,0.09465713053941727,0.9740259647369385,0.9316017031669617
YOR377W,YBR169C,0,-9.376743,0.0946173220872879,0.9740259647369385,0.9320346117019653
YPR119W,YPL036W,0,-9.378387,0.09457755088806152,0.9740259647369385,0.932467520236969
YDL223C,YOL012C,0,-9.39294,0.09453781694173813,0.9740259647369385,0.9329004287719727
YLR144C,YIL052C,0,-9.393109,0.09449811279773712,0.9740259647369385,0.9333333373069763
YNL201C,YLR264W,0,-9.393139,0.0944584384560585,0.9740259647369385,0.93376624584198
YHR089C,YOR261C,0,-9.396563,0.09441880136728287,0.9740259647369385,0.9341991543769836
YGL253W,YGR258C,0,-9.403362,0.09437919408082962,0.9740259647369385,0.9346320629119873
YLR189C,YIL008W,0,-9.405779,0.09433962404727936,0.9740259647369385,0.9350649118423462
YKR097W,YDL042C,0,-9.408838,0.09430008381605148,0.9740259647369385,0.9354978203773499
YLR303W,YJL089W,0,-9.409617,0.09426058083772659,0.9740259647369385,0.9359307289123535
YGL124C,YJL208C,0,-9.410828,0.09422110766172409,0.9740259647369385,0.9363636374473572
YOR261C,YJL069C,0,-9.410896,0.09418166428804398,0.9740259647369385,0.9367965459823608
YLR363C,YBR296C,0,-9.414357,0.09414225816726685,0.9740259647369385,0.9372294545173645
YOR245C,YGR063C,0,-9.426061,0.0941028892993927,0.9740259647369385,0.9376623630523682
YJL005W,YJL069C,0,-9.426484,0.09406354278326035,0.9740259647369385,0.938095211982727
YDR516C,YJL026W,0,-9.426879,0.09402424097061157,0.9740259647369385,0.9385281205177307
YGR225W,YOL151W,0,-9.428127,0.09398496150970459,0.9740259647369385,0.9389610290527344
YLR134W,YOR229W,0,-9.429648,0.09394571930170059,0.9740259647369385,0.939393937587738
YJL115W,YDR184C,0,-9.436491,0.09390651434659958,0.9740259647369385,0.9398268461227417
YEL034W,YMR177W,0,-9.437809,0.09386733174324036,0.9740259647369385,0.9402597546577454
YLR074C,YKL046C,0,-9.445796,0.09382819384336472,0.9740259647369385,0.940692663192749
YGR177C,YHR169W,0,-9.456849,0.09378907829523087,0.9740259647369385,0.9411255121231079
YMR116C,YKL108W,0,-9.462965,0.09375,0.9740259647369385,0.9415584206581116
YCR010C,YJL014W,0,-9.465012,0.09371095150709152,0.9740259647369385,0.9419913291931152
YGL027C,YDR529C,0,-9.468922,0.09367194026708603,0.9740259647369385,0.9424242377281189
YLR285W,YDR077W,0,-9.470552,0.09363295882940292,0.9740259647369385,0.9428571462631226
YBL035C,YPR080W,0,-9.476064,0.0935940071940422,0.9740259647369385,0.9432900547981262
YOR204W,YDL181W,0,-9.477409,0.09355509281158447,0.9740259647369385,0.9437229633331299
YNL048W,YMR136W,0,-9.477932,0.09351620823144913,0.9740259647369385,0.9441558718681335
YMR199W,YFL002C,0,-9.48181,0.09347736090421677,0.9740259647369385,0.9445887207984924
YOR113W,YLR022C,0,-9.486062,0.0934385359287262,0.9740259647369385,0.9450216293334961
YGR135W,YOR081C,0,-9.4885025,0.09339974820613861,0.9740259647369385,0.9454545378684998
YJR031C,YKL085W,0,-9.493837,0.09336099773645401,0.9740259647369385,0.9458874464035034
YER082C,YJR110W,0,-9.494938,0.0933222696185112,0.9740259647369385,0.9463203549385071
YDR148C,YOR224C,0,-9.500403,0.09328357875347137,0.9740259647369385,0.9467532634735107
YJL122W,YMR156C,0,-9.502743,0.09324492514133453,0.9740259647369385,0.9471861720085144
YOR349W,YGR254W,0,-9.503468,0.09320629388093948,0.9740259647369385,0.9476190209388733
YDR377W,YLR285W,0,-9.504562,0.09316769987344742,0.9740259647369385,0.948051929473877
YNL232W,YDR178W,0,-9.505133,0.09312913566827774,0.9740259647369385,0.9484848380088806
YOL002C,YNL290W,0,-9.50611,0.09309060871601105,0.9740259647369385,0.9489177465438843
YGL078C,YDL223C,0,-9.508488,0.09305211156606674,0.9740259647369385,0.9493506550788879
YPR112C,YOR122C,0,-9.512329,0.09301364421844482,0.9740259647369385,0.9497835636138916
YGR169C,YGR008C,0,-9.518568,0.0929752066731453,0.9740259647369385,0.9502164721488953
YLR080W,YOL020W,0,-9.521145,0.09293680638074875,0.9740259647369385,0.9506493210792542
YPL119C,YGR145W,0,-9.523051,0.092898428440094,0.9740259647369385,0.9510822296142578
YLR048W,YHR048W,0,-9.524264,0.09286008775234222,0.9740259647369385,0.9515151381492615
YMR303C,YDR289C,0,-9.525192,0.09282178431749344,0.9740259647369385,0.9519480466842651
YHR116W,YBR066C,0,-9.529123,0.09278350323438644,0.9740259647369385,0.9523809552192688
YNL041C,YOR120W,0,-9.531324,0.09274525940418243,0.9740259647369385,0.9528138637542725
YOL158C,YOR367W,0,-9.532475,0.09270704537630081,0.9740259647369385,0.9532467722892761
YCR012W,YPR190C,0,-9.534145,0.09266886115074158,0.9740259647369385,0.9536796808242798
YLR459W,YGR248W,0,-9.537539,0.09263071417808533,0.9740259647369385,0.9541125297546387
YGR280C,YOL128C,0,-9.541998,0.09259258955717087,0.9740259647369385,0.9545454382896423
YHR092C,YNL142W,0,-9.54743,0.0925545021891594,0.9740259647369385,0.954978346824646
YHR069C,YGR281W,0,-9.572496,0.0925164446234703,0.9740259647369385,0.9554112553596497
YKR076W,YHR069C,0,-9.57262,0.0924784243106842,0.9740259647369385,0.9558441638946533
YPR163C,YML029W,0,-9.580751,0.09244042634963989,0.9740259647369385,0.956277072429657
YLL009C,YDR449C,0,-9.583499,0.09240246564149857,0.9740259647369385,0.9567099809646606
YBR072W,YHR082C,0,-9.584624,0.09236453473567963,0.9740259647369385,0.9571428298950195
YHR001W-A,YLR448W,0,-9.591541,0.09232663363218307,0.9740259647369385,0.9575757384300232
YOR130C,YCR072C,0,-9.598961,0.09228876233100891,0.9740259647369385,0.9580086469650269
YIL125W,YOR294W,0,-9.599079,0.09225092083215714,0.9740259647369385,0.9584415555000305
YNR019W,YIL123W,0,-9.604815,0.09221311658620834,0.9740259647369385,0.9588744640350342
YIL052C,YDR077W,0,-9.609879,0.09217533469200134,0.9740259647369385,0.9593073725700378
YDL130W,YCR061W,0,-9.609908,0.09213759005069733,0.9740259647369385,0.9597402811050415
YOR049C,YJL145W,1,-9.611149,0.0925092101097107,0.9783549904823303,0.9597402811050415
YER020W,YOR224C,0,-9.611263,0.09247136116027832,0.9783549904823303,0.9601731896400452
YDR364C,YOR036W,0,-9.612375,0.09243353456258774,0.9783549904823303,0.960606038570404
YKL130C,YBR006W,0,-9.619015,0.09239574521780014,0.9783549904823303,0.9610389471054077
YML012W,YDR358W,0,-9.619806,0.09235798567533493,0.9783549904823303,0.9614718556404114
YIL052C,YLR425W,0,-9.621143,0.0923202633857727,0.9783549904823303,0.961904764175415
YBR155W,YKL165C,0,-9.62121,0.09228256344795227,0.9783549904823303,0.9623376727104187
YOL016C,YNR015W,0,-9.623983,0.09224490076303482,0.9783549904823303,0.9627705812454224
YNL239W,YGR081C,0,-9.624328,0.09220726042985916,0.9783549904823303,0.963203489780426
YPR191W,YLR452C,0,-9.628599,0.09216965734958649,0.9783549904823303,0.9636363387107849
YER127W,YNL006W,0,-9.632391,0.0921320840716362,0.9783549904823303,0.9640692472457886
YBR179C,YOR185C,0,-9.633274,0.0920945405960083,0.9783549904823303,0.9645021557807922
YBR145W,YCL039W,0,-9.64443,0.09205702692270279,0.9783549904823303,0.9649350643157959
YJR150C,YKL188C,1,-9.669412,0.09242670983076096,0.9826839566230774,0.9649350643157959
YKL188C,YJL145W,1,-9.687859,0.09279609471559525,0.9870129823684692,0.9649350643157959
YNL084C,YGR280C,0,-9.695667,0.09275834262371063,0.9870129823684692,0.9653679728507996
YLR270W,YDR039C,0,-9.701248,0.09272062033414841,0.9870129823684692,0.9658008813858032
YMR116C,YKR095W,0,-9.705971,0.09268292784690857,0.9870129823684692,0.9662337899208069
YLR256W,YHR196W,0,-9.707772,0.09264526516199112,0.9870129823684692,0.9666666388511658
YHR007C,YML091C,0,-9.714428,0.09260763972997665,0.9870129823684692,0.9670995473861694
YOR049C,YMR079W,1,-9.719038,0.09297604858875275,0.9913420081138611,0.9670995473861694
YKL129C,YPL159C,0,-9.719687,0.09293831139802933,0.9913420081138611,0.9675324559211731
YDR085C,YER052C,0,-9.725493,0.09290061146020889,0.9913420081138611,0.9679653644561768
YCR020C,YMR260C,0,-9.725837,0.09286293387413025,0.9913420081138611,0.9683982729911804
YNL231C,YMR079W,1,-9.73455,0.09323064237833023,0.9956709742546082,0.9683982729911804
YMR056C,YBR201W,0,-9.740195,0.09319286793470383,0.9956709742546082,0.9688311815261841
YGR055W,YBR237W,0,-9.743902,0.09315512329339981,0.9956709742546082,0.9692640900611877
YOR078W,YKL208W,0,-9.745764,0.09311740845441818,0.9956709742546082,0.9696969985961914
YNL111C,YNL294C,0,-9.749723,0.09307972341775894,0.9956709742546082,0.9701298475265503
YOL164W,YDR420W,0,-9.75267,0.09304206818342209,0.9956709742546082,0.970562756061554
YFL005W,YKR056W,0,-9.759103,0.09300445020198822,0.9956709742546082,0.9709956645965576
YOR119C,YGR008C,0,-9.764732,0.09296685457229614,0.9956709742546082,0.9714285731315613
YNL074C,YNL113W,0,-9.772781,0.09292929619550705,0.9956709742546082,0.9718614816665649
YLR246W,YHR197W,0,-9.782235,0.09289176017045975,0.9956709742546082,0.9722943902015686
YNL239W,YOL115W,0,-9.783442,0.09285426139831543,0.9956709742546082,0.9727272987365723
YLR196W,YBR162C,0,-9.790221,0.0928167849779129,0.9956709742546082,0.9731601476669312
YBR132C,YDR091C,0,-9.808522,0.09277934581041336,0.9956709742546082,0.9735930562019348
YMR238W,YDL130W,0,-9.820574,0.0927419364452362,0.9956709742546082,0.9740259647369385
YGL084C,YGR161C,0,-9.820806,0.09270455688238144,0.9956709742546082,0.9744588732719421
YGL089C,YOL042W,0,-9.823273,0.09266720712184906,0.9956709742546082,0.9748917818069458
YER036C,YDR358W,0,-9.825972,0.09262987971305847,0.9956709742546082,0.9753246903419495
YHL047C,YDL201W,0,-9.830334,0.09259258955717087,0.9956709742546082,0.9757575988769531
YJR064W,YML128C,0,-9.830696,0.09255532920360565,0.9956709742546082,0.976190447807312
YDL081C,YKL020C,0,-9.831974,0.09251809865236282,0.9956709742546082,0.9766233563423157
YKR014C,YLR003C,0,-9.832314,0.09248089790344238,0.9956709742546082,0.9770562648773193
YOR002W,YER029C,0,-9.8367605,0.09244372695684433,0.9956709742546082,0.977489173412323
YKL129C,YMR093W,0,-9.849202,0.09240658581256866,0.9956709742546082,0.9779220819473267
YGR108W,YJL026W,0,-9.881557,0.09236947447061539,0.9956709742546082,0.9783549904823303
YGR268C,YGR275W,0,-9.898731,0.0923323929309845,0.9956709742546082,0.978787899017334
YNR002C,YML043C,0,-9.900144,0.09229534864425659,0.9956709742546082,0.9792208075523376
YML060W,YNL149C,0,-9.902995,0.09225832670927048,0.9956709742546082,0.9796536564826965
YDL059C,YDR178W,0,-9.952248,0.09222133457660675,0.9956709742546082,0.9800865650177002
YHR183W,YMR081C,0,-9.979782,0.09218437224626541,0.9956709742546082,0.9805194735527039
YNR002C,YBR172C,0,-9.9977,0.09214743226766586,0.9956709742546082,0.9809523820877075
YDL079C,YER006W,0,-10.002169,0.0921105295419693,0.9956709742546082,0.9813852906227112
YOR011W,YKL188C,1,-10.021574,0.09247397631406784,1.0,0.9813852906227112
YGL181W,YNL002C,0,-10.030176,0.09243697673082352,1.0,0.9818181991577148
YNL274C,YMR296C,0,-10.03194,0.09239999949932098,1.0,0.9822511076927185
YGR286C,YDR087C,0,-10.032693,0.09236305207014084,1.0,0.9826839566230774
YKL212W,YDR059C,0,-10.044424,0.09232614189386368,1.0,0.983116865158081
YGL006W,YOR243C,0,-10.060953,0.09228925406932831,1.0,0.9835497736930847
YLR189C,YDL130W,0,-10.077562,0.09225239604711533,1.0,0.9839826822280884
YDR258C,YFL045C,0,-10.080814,0.09221556782722473,1.0,0.984415590763092
YGL158W,YLR048W,0,-10.116475,0.09217876940965652,1.0,0.9848484992980957
YHL011C,YDL230W,0,-10.119167,0.0921420007944107,1.0,0.9852814078330994
YPR093C,YGR109C,0,-10.12665,0.09210526198148727,1.0,0.9857142567634583
YJR025C,YDR465C,0,-10.141994,0.09206855297088623,1.0,0.9861471652984619
YKL009W,YPR065W,0,-10.202019,0.09203187376260757,1.0,0.9865800738334656
YOL002C,YDR113C,0,-10.236092,0.0919952243566513,1.0,0.9870129823684692
YPL256C,YGR249W,0,-10.241792,0.09195859730243683,1.0,0.9874458909034729
YNL167C,YPL029W,0,-10.258965,0.09192200750112534,1.0,0.9878787994384766
YOR185C,YPR144C,0,-10.261435,0.09188544005155563,1.0,0.9883117079734802
YMR136W,YHR030C,0,-10.265915,0.09184890985488892,1.0,0.9887446165084839
YJR047C,YNL279W,0,-10.276653,0.09181240200996399,1.0,0.9891774654388428
YMR303C,YOR143C,0,-10.305742,0.09177592396736145,1.0,0.9896103739738464
YGR239C,YPL237W,0,-10.308098,0.0917394757270813,1.0,0.9900432825088501
YOR226C,YJR002W,0,-10.309462,0.09170305728912354,1.0,0.9904761910438538
YFR028C,YEL012W,0,-10.325556,0.09166666865348816,1.0,0.9909090995788574
YGL209W,YMR093W,0,-10.373595,0.09163030236959457,1.0,0.9913420081138611
YML004C,YNR053C,0,-10.391262,0.09159397333860397,1.0,0.9917749166488647
YML019W,YGR258C,0,-10.392795,0.09155766665935516,1.0,0.9922077655792236
YDR085C,YMR014W,0,-10.398473,0.09152139723300934,1.0,0.9926406741142273
YMR173W,YGR158C,0,-10.403441,0.0914851501584053,1.0,0.993073582649231
YIL103W,YJL164C,0,-10.435068,0.09144893288612366,1.0,0.9935064911842346
YAL059W,YKL193C,0,-10.460997,0.0914127454161644,1.0,0.9939393997192383
YKR086W,YBR183W,0,-10.574684,0.09137658029794693,1.0,0.9943723082542419
YGR180C,YDR412W,0,-10.640939,0.09134045243263245,1.0,0.9948052167892456
YDR284C,YNL119W,0,-10.657072,0.09130434691905975,1.0,0.9952380657196045
YOR185C,YFL002C,0,-10.660698,0.09126827120780945,1.0,0.9956709742546082
YOL082W,YGR195W,0,-10.688405,0.09123222529888153,1.0,0.9961038827896118
YGR244C,YBL024W,0,-10.70606,0.091196209192276,1.0,0.9965367913246155
YGR195W,YGR197C,0,-10.715222,0.09116022288799286,1.0,0.9969696998596191
YBR072W,YGL100W,0,-10.834723,0.09112425893545151,1.0,0.9974026083946228
YJR145C,YGR248W,0,-10.870495,0.09108832478523254,1.0,0.9978355169296265
YGL006W,YMR239C,0,-10.879599,0.09105242043733597,1.0,0.9982684254646301
YML128C,YGR158C,0,-10.880356,0.09101654589176178,1.0,0.998701274394989
YLR270W,YPR010C,0,-11.195575,0.09098070114850998,1.0,0.9991341829299927
YER082C,YOL129W,0,-11.366789,0.09094487875699997,1.0,0.9995670914649963
YOR173W,YML080W,0,-12.296629,0.09090909361839294,1.0,1.0
