Gene A,Gene B,Label,Score,Precision,Recall,False Positive Rate
YIL153W,YER081W,0,,0.0,0.0,0.00010005002695834264
YMR061W,YHR094C,0,,0.0,0.0,0.00020010005391668528
YNL288W,YBL068W,0,,0.0,0.0,0.0003001500735990703
YDL054C,YGL150C,0,,0.0,0.0,0.00040020010783337057
YDL213C,YIR008C,0,,0.0,0.0,0.0005002501420676708
YKL138C-A,YDR378C,0,,0.0,0.0,0.0006003001471981406
YLR135W,YMR210W,0,,0.0,0.0,0.0007003501523286104
YHR050W,YFR028C,0,,0.0,0.0,0.0008004002156667411
YOL094C,YEL005C,0,,0.0,0.0,0.0009004502207972109
YLR102C,YOR033C,0,,0.0,0.0,0.0010005002841353416
YPL230W,YDL150W,0,,0.0,0.0,0.0011005502892658114
YOR255W,YLR081W,0,,0.0,0.0,0.0012006002943962812
YNL090W,YKL074C,0,,0.0,0.0,0.001300650299526751
YER002W,YBR127C,0,,0.0,0.0,0.0014007003046572208
YJL203W,YIL017C,0,,0.0,0.0,0.0015007504262030125
YER032W,YDL046W,0,,0.0,0.0,0.0016008004313334823
YPL050C,YJL167W,0,,0.0,0.0,0.001700850436463952
YMR286W,YGL133W,0,,0.0,0.0,0.0018009004415944219
YIL139C,YOR260W,0,,0.0,0.0,0.0019009504467248917
YDL070W,YIL132C,0,,0.0,0.0,0.0020010005682706833
YFR016C,YER048C,0,,0.0,0.0,0.0021010504569858313
YGL216W,YGL170C,0,,0.0,0.0,0.002201100578531623
YER054C,YDR449C,0,,0.0,0.0,0.002301150467246771
YIL043C,YLR004C,0,,0.0,0.0,0.0024012005887925625
YLR150W,YNL037C,0,,0.0,0.0,0.002501250710338354
YPR199C,YDR174W,0,,0.0,0.0,0.002601300599053502
YLR080W,YLR332W,0,,0.0,0.0,0.0027013507205992937
YGL068W,YNR049C,0,,0.0,0.0,0.0028014006093144417
YGR138C,YIL167W,0,,0.0,0.0,0.0029014507308602333
YKL119C,YOL116W,0,,0.0,0.0,0.003001500852406025
YDR256C,YLR085C,0,,0.0,0.0,0.003101550741121173
YNL181W,YLL002W,0,,0.0,0.0,0.0032016008626669645
YHR154W,YJR092W,0,,0.0,0.0,0.0033016507513821125
YDR227W,YNR053C,0,,0.0,0.0,0.003401700872927904
YER142C,YFR051C,0,,0.0,0.0,0.003501750761643052
YFR016C,YHR168W,0,,0.0,0.0,0.0036018008831888437
YBL040C,YIL108W,0,,0.0,0.0,0.0037018510047346354
YPL187W,YCR105W,0,,0.0,0.0,0.0038019008934497833
YOR142W-B,YHR041C,0,,0.0,0.0,0.003901951014995575
YOR353C,YPL221W,0,,0.0,0.0,0.004002001136541367
YJR093C,YDR020C,0,,0.0,0.0,0.004102051258087158
YNL177C,YCR106W,0,,0.0,0.0,0.0042021009139716625
YNR059W,YMR013C,0,,0.0,0.0,0.004302151035517454
YNL181W,YPL083C,0,,0.0,0.0,0.004402201157063246
YLR320W,YLR129W,0,,0.0,0.0,0.004502251278609037
YHR056C,YHR006W,0,,0.0,0.0,0.004602300934493542
YNL250W,YDR409W,0,,0.0,0.0,0.004702351056039333
YOR078W,YOL110W,0,,0.0,0.0,0.004802401177585125
YLR452C,YGR132C,0,,0.0,0.0,0.004902451299130917
YGR112W,YIL013C,0,,0.0,0.0,0.005002501420676708
YNL230C,YML029W,0,,0.0,0.0,0.0051025510765612125
YKR024C,YLR110C,0,,0.0,0.0,0.005202601198107004
YHR004C,YLR160C,0,,0.0,0.0,0.005302651319652796
YPL127C,YLR037C,0,,0.0,0.0,0.005402701441198587
YKL114C,YLR348C,0,,0.0,0.0,0.005502751562744379
YBR298C,YKR102W,0,,0.0,0.0,0.005602801218628883
YFR033C,YKL222C,0,,0.0,0.0,0.005702851340174675
YOL155C,YBL112C,0,,0.0,0.0,0.005802901461720467
YBR014C,YJR006W,0,,0.0,0.0,0.005902951583266258
YPR158C-C,YDR359C,0,,0.0,0.0,0.00600300170481205
YJL176C,YBL087C,0,,0.0,0.0,0.006103051360696554
YNR071C,YBR125C,0,,0.0,0.0,0.006203101482242346
YPR164W,YDL103C,0,,0.0,0.0,0.0063031516037881374
YGL099W,YOR103C,0,,0.0,0.0,0.006403201725333929
YNL299W,YDR004W,0,,0.0,0.0,0.006503251846879721
YER019W,YHR141C,0,,0.0,0.0,0.006603301502764225
YHR058C,YBL091C,0,,0.0,0.0,0.006703351624310017
YGR255C,YPR003C,0,,0.0,0.0,0.006803401745855808
YBR199W,YPL255W,0,,0.0,0.0,0.0069034518674016
YNL274C,YJL124C,0,,0.0,0.0,0.007003501523286104
YFL008W,YDR059C,0,,0.0,0.0,0.007103551644831896
YKL051W,YKR036C,0,,0.0,0.0,0.0072036017663776875
YER032W,YLL016W,0,,0.0,0.0,0.007303651887923479
YDR322C-A,YMR276W,0,,0.0,0.0,0.007403702009469271
YHR119W,YHR079C,0,,0.0,0.0,0.007503751665353775
YEL027W,YMR039C,0,,0.0,0.0,0.007603801786899567
YDR528W,YHR065C,0,,0.0,0.0,0.007703851908445358
YJL114W,YDR001C,0,,0.0,0.0,0.00780390202999115
YGL037C,YDR351W,0,,0.0,0.0,0.007903952151536942
YNL252C,YNL286W,0,,0.0,0.0,0.008004002273082733
YKL119C,YNL287W,0,,0.0,0.0,0.008104052394628525
YPL189W,YLR215C,0,,0.0,0.0,0.008204102516174316
YGR181W,YBL002W,0,,0.0,0.0,0.008304151706397533
YEL020C,YGL045W,0,,0.0,0.0,0.008404201827943325
YKR028W,YPR149W,0,,0.0,0.0,0.008504251949489117
YGL032C,YDR373W,0,,0.0,0.0,0.008604302071034908
YPR191W,YDL239C,0,,0.0,0.0,0.0087043521925807
YFR004W,YBR003W,0,,0.0,0.0,0.008804402314126492
YPR067W,YKL172W,0,,0.0,0.0,0.008904452435672283
YPR034W,YNL256W,0,,0.0,0.0,0.009004502557218075
YOL151W,YBR228W,0,,0.0,0.0,0.009104552678763866
YJL212C,YBR119W,0,,0.0,0.0,0.009204601868987083
YHR190W,YHR164C,0,,0.0,0.0,0.009304651990532875
YBR139W,YOR262W,0,,0.0,0.0,0.009404702112078667
YKR007W,YHR008C,0,,0.0,0.0,0.009504752233624458
YBR272C,YBL112C,0,,0.0,0.0,0.00960480235517025
YHL025W,YIL105C,0,,0.0,0.0,0.009704852476716042
YNL329C,YOR177C,0,,0.0,0.0,0.009804902598261833
YMR054W,YGR145W,0,,0.0,0.0,0.009904952719807625
YBL089W,YNL283C,0,,0.0,0.0,0.010005002841353416
YNL071W,YGL047W,0,,0.0,0.0,0.010105052962899208
YDR194C,YLR363C,0,,0.0,0.0,0.010205102153122425
YIL064W,YDL076C,0,,0.0,0.0,0.010305152274668217
YGR253C,YLL055W,0,,0.0,0.0,0.010405202396214008
YLR007W,YHR080C,0,,0.0,0.0,0.0105052525177598
YOL052C,YGL134W,0,,0.0,0.0,0.010605302639305592
YER143W,YLR224W,0,,0.0,0.0,0.010705352760851383
YNL252C,YKL117W,0,,0.0,0.0,0.010805402882397175
YLR460C,YHR008C,0,,0.0,0.0,0.010905453003942966
YCL029C,YBR217W,0,,0.0,0.0,0.011005503125488758
YOR313C,YMR308C,0,,0.0,0.0,0.011105552315711975
YJL060W,YDR395W,0,,0.0,0.0,0.011205602437257767
YGL017W,YDR214W,0,,0.0,0.0,0.011305652558803558
YCL068C,YDL171C,0,,0.0,0.0,0.01140570268034935
YOR222W,YKL054C,0,,0.0,0.0,0.011505752801895142
YBR181C,YMR078C,0,,0.0,0.0,0.011605802923440933
YOL126C,YJL123C,0,,0.0,0.0,0.011705853044986725
YOR208W,YGL208W,0,,0.0,0.0,0.011805903166532516
YHR210C,YGR133W,0,,0.0,0.0,0.011905953288078308
YDR322C-A,YJR151C,0,,0.0,0.0,0.0120060034096241
YBL091C-A,YKR102W,0,,0.0,0.0,0.012106052599847317
YDR262W,YDL036C,0,,0.0,0.0,0.012206102721393108
YDR485C,YOL126C,0,,0.0,0.0,0.0123061528429389
YOR273C,YPR128C,0,,0.0,0.0,0.012406202964484692
YOR340C,YOR142W,0,,0.0,0.0,0.012506253086030483
YDR384C,YGL183C,0,,0.0,0.0,0.012606303207576275
YBL098W,YDR331W,0,,0.0,0.0,0.012706353329122066
YKL041W,YKR056W,0,,0.0,0.0,0.012806403450667858
YER143W,YNL103W,0,,0.0,0.0,0.01290645357221365
YDR146C,YGR178C,0,,0.0,0.0,0.013006503693759441
YDR429C,YDR496C,0,,0.0,0.0,0.013106552883982658
YKL155C,YKL192C,0,,0.0,0.0,0.01320660300552845
YOL006C,YEL047C,0,,0.0,0.0,0.013306653127074242
YMR156C,YOR298W,0,,0.0,0.0,0.013406703248620033
YFL002W-B,YJL111W,0,,0.0,0.0,0.013506753370165825
YDR002W,YIL167W,0,,0.0,0.0,0.013606803491711617
YOL001W,YBL068W,0,,0.0,0.0,0.013706853613257408
YGR112W,YNL305C,0,,0.0,0.0,0.0138069037348032
YPL064C,YLR408C,0,,0.0,0.0,0.013906953856348991
YBL036C,YLR417W,0,,0.0,0.0,0.014007003046572208
YDR322C-A,YIL106W,0,,0.0,0.0,0.014107053168118
YGL180W,YKL096W-A,0,,0.0,0.0,0.014207103289663792
YER060W-A,YDR306C,0,,0.0,0.0,0.014307153411209583
YNL092W,YGR004W,0,,0.0,0.0,0.014407203532755375
YKR029C,YPL276W,0,,0.0,0.0,0.014507253654301167
YPR071W,YBL097W,0,,0.0,0.0,0.014607303775846958
YIL088C,YLR268W,0,,0.0,0.0,0.01470735389739275
YNL062C,YOR158W,0,,0.0,0.0,0.014807404018938541
YLR350W,YLL042C,0,,0.0,0.0,0.014907454140484333
YDL159W,YDR438W,0,,0.0,0.0,0.01500750333070755
YML022W,YDR406W,0,,0.0,0.0,0.015107553452253342
YML008C,YBL013W,0,,0.0,0.0,0.015207603573799133
YNL247W,YNL025C,0,,0.0,0.0,0.015307653695344925
YGR049W,YCR011C,0,,0.0,0.0,0.015407703816890717
YPR143W,YOR002W,0,,0.0,0.0,0.015507753938436508
YNR037C,YJR096W,0,,0.0,0.0,0.0156078040599823
YGR138C,YDR178W,0,,0.0,0.0,0.01570785418152809
YGL068W,YDR073W,0,,0.0,0.0,0.015807904303073883
YCR080W,YML021C,0,,0.0,0.0,0.015907954424619675
YHR120W,YDR137W,0,,0.0,0.0,0.016008004546165466
YKL188C,YOR060C,0,,0.0,0.0,0.016108054667711258
YDR213W,YDR309C,0,,0.0,0.0,0.01620810478925705
YML031W,YDR257C,0,,0.0,0.0,0.01630815491080284
YKL064W,YDR365C,0,,0.0,0.0,0.016408205032348633
YBL042C,YPL276W,0,,0.0,0.0,0.016508253291249275
YPL248C,YLL055W,0,,0.0,0.0,0.016608303412795067
YPR137C-A,YGR083C,0,,0.0,0.0,0.01670835353434086
YLR353W,YFL002C,0,,0.0,0.0,0.01680840365588665
YML031W,YBR049C,0,,0.0,0.0,0.01690845377743244
YHR202W,YDR025W,0,,0.0,0.0,0.017008503898978233
YHR176W,YGR010W,0,,0.0,0.0,0.017108554020524025
YJL004C,YPR066W,0,,0.0,0.0,0.017208604142069817
YGR027C,YOR025W,0,,0.0,0.0,0.017308654263615608
YFL011W,YML064C,0,,0.0,0.0,0.0174087043851614
YER167W,YGR276C,0,,0.0,0.0,0.01750875450670719
YJL082W,YPR161C,0,,0.0,0.0,0.017608804628252983
YLR324W,YNL173C,0,,0.0,0.0,0.017708854749798775
YMR194W,YHR216W,0,,0.0,0.0,0.017808904871344566
YKL039W,YLR272C,0,,0.0,0.0,0.017908954992890358
YPR066W,YNL197C,0,,0.0,0.0,0.01800900511443615
YLR025W,YOR094W,0,,0.0,0.0,0.01810905523598194
YJR101W,YKR006C,0,,0.0,0.0,0.018209105357527733
YBR162W-A,YER103W,0,,0.0,0.0,0.018309155479073524
YKL093W,YER023W,0,,0.0,0.0,0.018409203737974167
YJR137C,YDR233C,0,,0.0,0.0,0.01850925385951996
YNL329C,YDR377W,0,,0.0,0.0,0.01860930398106575
YOR243C,YNL156C,0,,0.0,0.0,0.018709354102611542
YDR517W,YPL134C,0,,0.0,0.0,0.018809404224157333
YKL002W,YMR288W,0,,0.0,0.0,0.018909454345703125
YDR210W,YBR052C,0,,0.0,0.0,0.019009504467248917
YMR123W,YOR101W,0,,0.0,0.0,0.019109554588794708
YML111W,YBL027W,0,,0.0,0.0,0.0192096047103405
YHR209W,YBR101C,0,,0.0,0.0,0.01930965483188629
YKL114C,YPL001W,0,,0.0,0.0,0.019409704953432083
YOL012C,YML029W,0,,0.0,0.0,0.019509755074977875
YOR157C,YDR021W,0,,0.0,0.0,0.019609805196523666
YEL011W,YHL027W,0,,0.0,0.0,0.019709855318069458
YLR013W,YDL208W,0,,0.0,0.0,0.01980990543961525
YLR251W,YML080W,0,,0.0,0.0,0.01990995556116104
YBR182C,YOR011W,0,,0.0,0.0,0.020010005682706833
YIL156W,YHR214C-B,0,,0.0,0.0,0.020110055804252625
YKL190W,YHL009W-A,0,,0.0,0.0,0.020210105925798416
YGL049C,YJR132W,0,,0.0,0.0,0.02031015418469906
YAL007C,YJR151C,0,,0.0,0.0,0.02041020430624485
YOR261C,YAL038W,0,,0.0,0.0,0.020510254427790642
YLR295C,YMR041C,0,,0.0,0.0,0.020610304549336433
YNL154C,YNL327W,0,,0.0,0.0,0.020710354670882225
YFL054C,YEL037C,0,,0.0,0.0,0.020810404792428017
YGR033C,YFL023W,0,,0.0,0.0,0.02091045491397381
YGR048W,YJR131W,0,,0.0,0.0,0.0210105050355196
YIL088C,YKL220C,0,,0.0,0.0,0.02111055515706539
YGL092W,YNL103W,0,,0.0,0.0,0.021210605278611183
YBR279W,YJR091C,0,,0.0,0.0,0.021310655400156975
YDR416W,YBL092W,0,,0.0,0.0,0.021410705521702766
YCL008C,YML080W,0,,0.0,0.0,0.021510755643248558
YEL012W,YBL029C-A,0,,0.0,0.0,0.02161080576479435
YDR021W,YHR065C,0,,0.0,0.0,0.02171085588634014
YGR027C,YIL154C,0,,0.0,0.0,0.021810906007885933
YPL075W,YKL134C,0,,0.0,0.0,0.021910956129431725
YOR313C,YGL063W,0,,0.0,0.0,0.022011006250977516
YDR490C,YHR109W,0,,0.0,0.0,0.022111056372523308
YHL003C,YNL111C,0,,0.0,0.0,0.02221110463142395
YOR190W,YPL280W,0,,0.0,0.0,0.022311154752969742
YLR095C,YIL094C,0,,0.0,0.0,0.022411204874515533
YBL009W,YNL246W,0,,0.0,0.0,0.022511254996061325
YJR099W,YBR162C,0,,0.0,0.0,0.022611305117607117
YKR085C,YIL097W,0,,0.0,0.0,0.02271135523915291
YOR162C,YLR206W,0,,0.0,0.0,0.0228114053606987
YML032C,YBR037C,0,,0.0,0.0,0.02291145548224449
YGR166W,YDR163W,0,,0.0,0.0,0.023011505603790283
YGR258C,YCL032W,0,,0.0,0.0,0.023111555725336075
YDR143C,YOL044W,0,,0.0,0.0,0.023211605846881866
YJL133C-A,YKL146W,0,,0.0,0.0,0.023311655968427658
YGR010W,YIL007C,0,,0.0,0.0,0.02341170608997345
YBR295W,YDR512C,0,,0.0,0.0,0.02351175621151924
YOR358W,YKL033W,0,,0.0,0.0,0.023611806333065033
YPL235W,YGL156W,0,,0.0,0.0,0.023711856454610825
YNL083W,YFR013W,0,,0.0,0.0,0.023811906576156616
YHR174W,YDL178W,0,,0.0,0.0,0.023911956697702408
YIL076W,YGR077C,0,,0.0,0.0,0.0240120068192482
YNL182C,YGL216W,0,,0.0,0.0,0.02411205694079399
YNL092W,YFR042W,0,,0.0,0.0,0.024212105199694633
YOR129C,YER109C,0,,0.0,0.0,0.024312155321240425
YGL195W,YPR065W,0,,0.0,0.0,0.024412205442786217
YPL139C,YER022W,0,,0.0,0.0,0.02451225556433201
YPR097W,YLR154W-C,0,,0.0,0.0,0.0246123056858778
YLR047C,YPL276W,0,,0.0,0.0,0.02471235580742359
YJL001W,YNL305C,0,,0.0,0.0,0.024812405928969383
YNL052W,YGR096W,0,,0.0,0.0,0.024912456050515175
YBR215W,YCR106W,0,,0.0,0.0,0.025012506172060966
YPR163C,YOR343C-B,0,,0.0,0.0,0.025112556293606758
YIL133C,YOR264W,0,,0.0,0.0,0.02521260641515255
YDR267C,YBL091C,0,,0.0,0.0,0.02531265653669834
YAR033W,YBR272C,0,,0.0,0.0,0.025412706658244133
YOR256C,YKL035W,0,,0.0,0.0,0.025512756779789925
YNL075W,YBL036C,0,,0.0,0.0,0.025612806901335716
YGL099W,YLR313C,0,,0.0,0.0,0.025712857022881508
YIL048W,YOR032C,0,,0.0,0.0,0.0258129071444273
YOR324C,YMR195W,0,,0.0,0.0,0.02591295726597309
YGL148W,YMR288W,0,,0.0,0.0,0.026013007387518883
YPL252C,YOR344C,0,,0.0,0.0,0.026113055646419525
YKL194C,YPL053C,0,,0.0,0.0,0.026213105767965317
YLR449W,YGL029W,0,,0.0,0.0,0.02631315588951111
YPL009C,YLR019W,0,,0.0,0.0,0.0264132060110569
YPR135W,YDR235W,0,,0.0,0.0,0.02651325613260269
YKL129C,YNL261W,0,,0.0,0.0,0.026613306254148483
YPL020C,YPL198W,0,,0.0,0.0,0.026713356375694275
YNL194C,YLR088W,0,,0.0,0.0,0.026813406497240067
YDR303C,YHL018W,0,,0.0,0.0,0.026913456618785858
YOL110W,YJR057W,0,,0.0,0.0,0.02701350674033165
YER011W,YMR112C,0,,0.0,0.0,0.02711355686187744
YOR295W,YKR093W,0,,0.0,0.0,0.027213606983423233
YAL026C,YFR034C,0,,0.0,0.0,0.027313657104969025
YLR138W,YGL037C,0,,0.0,0.0,0.027413707226514816
YGR140W,YOL086W-A,0,,0.0,0.0,0.027513757348060608
YJL111W,YJL197W,0,,0.0,0.0,0.0276138074696064
YJR108W,YDR454C,0,,0.0,0.0,0.02771385759115219
YPL230W,YLR115W,0,,0.0,0.0,0.027813907712697983
YGL153W,YOR005C,0,,0.0,0.0,0.027913957834243774
YHL002W,YGL226W,0,,0.0,0.0,0.028014006093144417
YGL085W,YHR056C,0,,0.0,0.0,0.02811405621469021
YLR182W,YHR111W,0,,0.0,0.0,0.028214106336236
YGR099W,YGR132C,0,,0.0,0.0,0.02831415645778179
YOR275C,YNR054C,0,,0.0,0.0,0.028414206579327583
YGR089W,YMR081C,0,,0.0,0.0,0.028514256700873375
YNL079C,YOL078W,0,,0.0,0.0,0.028614306822419167
YJL114W,YGL186C,0,,0.0,0.0,0.028714356943964958
YOR103C,YLR150W,0,,0.0,0.0,0.02881440706551075
YPL254W,YFR001W,0,,0.0,0.0,0.02891445718705654
YPL256C,YPL203W,0,,0.0,0.0,0.029014507308602333
YJL035C,YGR138C,0,,0.0,0.0,0.029114557430148125
YGR180C,YJL155C,0,,0.0,0.0,0.029214607551693916
YDL216C,YGL219C,0,,0.0,0.0,0.029314657673239708
YDR281C,YJL186W,0,,0.0,0.0,0.0294147077947855
YKL077W,YDR110W,0,,0.0,0.0,0.02951475791633129
YPL255W,YNL020C,0,,0.0,0.0,0.029614808037877083
YPR120C,YCL012W,0,,0.0,0.0,0.029714858159422874
YCR086W,YGL163C,0,,0.0,0.0,0.029814908280968666
YCL020W,YPL208W,0,,0.0,0.0,0.029914958402514458
YPL120W,YDR488C,0,,0.0,0.0,0.0300150066614151
YER177W,YLR413W,0,,0.0,0.0,0.03011505678296089
YIL096C,YKR055W,0,,0.0,0.0,0.030215106904506683
YMR116C,YDR147W,0,,0.0,0.0,0.030315157026052475
YNL073W,YCL026C-A,0,,0.0,0.0,0.030415207147598267
YKL165C,YOR025W,0,,0.0,0.0,0.030515257269144058
YML092C,YLR219W,0,,0.0,0.0,0.03061530739068985
YHR143W-A,YOR098C,0,,0.0,0.0,0.03071535751223564
YPL096W,YDR444W,0,,0.0,0.0,0.030815407633781433
YLR154W-C,YNL030W,0,,0.0,0.0,0.030915457755327225
YPL126W,YMR218C,0,,0.0,0.0,0.031015507876873016
YKR083C,YLR043C,0,,0.0,0.0,0.031115557998418808
YPR114W,YJL177W,0,,0.0,0.0,0.0312156081199646
YER138C,YLR460C,0,,0.0,0.0,0.03131565824151039
YDR264C,YOR090C,0,,0.0,0.0,0.03141570836305618
YDL197C,YOL045W,0,,0.0,0.0,0.031515758484601974
YOL045W,YBL008W-A,0,,0.0,0.0,0.031615808606147766
YDR346C,YCR011C,0,,0.0,0.0,0.03171585872769356
YPR011C,YOR109W,0,,0.0,0.0,0.03181590884923935
YOR144C,YBR065C,0,,0.0,0.0,0.03191595897078514
YDR148C,YJR131W,0,,0.0,0.0,0.03201600909233093
YKL018W,YKL124W,0,,0.0,0.0,0.032116059213876724
YPL130W,YIL097W,0,,0.0,0.0,0.032216109335422516
YDR261C-D,YGL028C,0,,0.0,0.0,0.03231615945696831
YMR234W,YDR261C,0,,0.0,0.0,0.0324162095785141
YMR210W,YPL097W,0,,0.0,0.0,0.03251625970005989
YGL131C,YOR196C,0,,0.0,0.0,0.03261630982160568
YBR083W,YGR257C,0,,0.0,0.0,0.032716359943151474
YKL071W,YLR391W-A,0,,0.0,0.0,0.032816410064697266
YGR094W,YLR128W,0,,0.0,0.0,0.03291645646095276
YAL001C,YBR094W,0,,0.0,0.0,0.03301650658249855
YKL029C,YDR097C,0,,0.0,0.0,0.03311655670404434
YIL008W,YCR024C-A,0,,0.0,0.0,0.033216606825590134
YNR048W,YDL102W,0,,0.0,0.0,0.033316656947135925
YJR077C,YKR103W,0,,0.0,0.0,0.03341670706868172
YLR150W,YGL162W,0,,0.0,0.0,0.03351675719022751
YGL216W,YLR409C,0,,0.0,0.0,0.0336168073117733
YOR122C,YBL029C-A,0,,0.0,0.0,0.03371685743331909
YPL134C,YBR056W,0,,0.0,0.0,0.03381690755486488
YKL138C-A,YFR031C,0,,0.0,0.0,0.033916957676410675
YLR042C,YGR148C,0,,0.0,0.0,0.03401700779795647
YLR460C,YNL219C,0,,0.0,0.0,0.03411705791950226
YEL001C,YGR142W,0,,0.0,0.0,0.03421710804104805
YDR204W,YGR215W,0,,0.0,0.0,0.03431715816259384
YER144C,YDR168W,0,,0.0,0.0,0.03441720828413963
YNL290W,YAL048C,0,,0.0,0.0,0.034517258405685425
YDR308C,YGL144C,0,,0.0,0.0,0.034617308527231216
YGR027C,YGR077C,0,,0.0,0.0,0.03471735864877701
YDR365W-B,YER056C,0,,0.0,0.0,0.0348174087703228
YNR033W,YOR355W,0,,0.0,0.0,0.03491745889186859
YKR035W-A,YDR026C,0,,0.0,0.0,0.03501750901341438
YPL100W,YGR152C,0,,0.0,0.0,0.035117559134960175
YBR183W,YOR252W,0,,0.0,0.0,0.035217609256505966
YBR154C,YOR089C,0,,0.0,0.0,0.03531765937805176
YDR182W,YML102W,0,,0.0,0.0,0.03541770949959755
YGL255W,YOR030W,0,,0.0,0.0,0.03551775962114334
YHR056C,YPL024W,0,,0.0,0.0,0.03561780974268913
YDR233C,YFL061W,0,,0.0,0.0,0.035717859864234924
YMR216C,YDR494W,0,,0.0,0.0,0.035817909985780716
YMR048W,YMR001C,0,,0.0,0.0,0.03591796010732651
YML126C,YOR210W,0,,0.0,0.0,0.0360180102288723
YBR057C,YAL016W,0,,0.0,0.0,0.03611806035041809
YCL012W,YDL220C,0,,0.0,0.0,0.03621811047196388
YFL005W,YGL163C,0,,0.0,0.0,0.036318160593509674
YKL196C,YPL213W,0,,0.0,0.0,0.036418210715055466
YKR095W-A,YKR003W,0,,0.0,0.0,0.03651826083660126
YJL192C,YKR098C,0,,0.0,0.0,0.03661831095814705
YBR196C,YPL213W,0,,0.0,0.0,0.03671835735440254
YDR109C,YDR259C,0,,0.0,0.0,0.036818407475948334
YHR119W,YLR057W,0,,0.0,0.0,0.036918457597494125
YHR120W,YPL081W,0,,0.0,0.0,0.03701850771903992
YBR126C,YHR165C,0,,0.0,0.0,0.03711855784058571
YNR015W,YMR001C,0,,0.0,0.0,0.0372186079621315
YCR107W,YDR513W,0,,0.0,0.0,0.03731865808367729
YCR055C,YNL111C,0,,0.0,0.0,0.037418708205223083
YGR038W,YPL224C,0,,0.0,0.0,0.037518758326768875
YNL148C,YMR225C,0,,0.0,0.0,0.03761880844831467
YGL160W,YLR307W,0,,0.0,0.0,0.03771885856986046
YML082W,YIR005W,0,,0.0,0.0,0.03781890869140625
YLR130C,YDR351W,0,,0.0,0.0,0.03791895881295204
YNL275W,YHR178W,0,,0.0,0.0,0.03801900893449783
YFL024C,YHR066W,0,,0.0,0.0,0.038119059056043625
YNR028W,YOR259C,0,,0.0,0.0,0.038219109177589417
YFR024C,YGR109W-A,0,,0.0,0.0,0.03831915929913521
YDL217C,YDL153C,0,,0.0,0.0,0.038419209420681
YGL043W,YDL045W-A,0,,0.0,0.0,0.03851925954222679
YDR004W,YJL111W,0,,0.0,0.0,0.03861930966377258
YDR245W,YPR159W,0,,0.0,0.0,0.038719359785318375
YPR154W,YBL029C-A,0,,0.0,0.0,0.038819409906864166
YNL175C,YMR220W,0,,0.0,0.0,0.03891946002840996
YML031W,YBR274W,0,,0.0,0.0,0.03901951014995575
YBR294W,YNL073W,0,,0.0,0.0,0.03911956027150154
YLL066C,YFR045W,0,,0.0,0.0,0.03921961039304733
YMR232W,YKL013C,0,,0.0,0.0,0.039319660514593124
YDL005C,YOR375C,0,,0.0,0.0,0.039419710636138916
YDL035C,YDR375C,0,,0.0,0.0,0.03951976075768471
YOR361C,YOR299W,0,,0.0,0.0,0.0396198108792305
YPL005W,YIL110W,0,,0.0,0.0,0.03971986100077629
YOR251C,YGL122C,0,,0.0,0.0,0.03981991112232208
YLR332W,YLR043C,0,,0.0,0.0,0.039919961243867874
YBL101C,YPL011C,0,,0.0,0.0,0.040020011365413666
YIL140W,YOR026W,0,,0.0,0.0,0.04012006148695946
YBR008C,YKR018C,0,,0.0,0.0,0.04022011160850525
YOR349W,YDL123W,0,,0.0,0.0,0.04032016173005104
YJL006C,YPL147W,0,,0.0,0.0,0.04042021185159683
YHR175W,YKL026C,0,,0.0,0.0,0.040520261973142624
YBR129C,YCL029C,0,,0.0,0.0,0.04062030836939812
YPL005W,YKL213C,0,,0.0,0.0,0.04072035849094391
YJR044C,YJR123W,0,,0.0,0.0,0.0408204086124897
YNL156C,YPR022C,0,,0.0,0.0,0.04092045873403549
YPL170W,YDL235C,0,,0.0,0.0,0.041020508855581284
YKL144C,YDR034C,0,,0.0,0.0,0.041120558977127075
YPL283C,YPR033C,0,,0.0,0.0,0.04122060909867287
YMR015C,YPR125W,0,,0.0,0.0,0.04132065922021866
YCR105W,YNR074C,0,,0.0,0.0,0.04142070934176445
YPL242C,YER017C,0,,0.0,0.0,0.04152075946331024
YEL056W,YGR227W,0,,0.0,0.0,0.04162080958485603
YPR148C,YGR068C,0,,0.0,0.0,0.041720859706401825
YGL237C,YGL012W,0,,0.0,0.0,0.04182090982794762
YJL180C,YPR152C,0,,0.0,0.0,0.04192095994949341
YNL075W,YPR182W,0,,0.0,0.0,0.0420210100710392
YOR197W,YLR345W,0,,0.0,0.0,0.04212106019258499
YDL245C,YGL158W,0,,0.0,0.0,0.04222111031413078
YNL246W,YKL091C,0,,0.0,0.0,0.042321160435676575
YAR050W,YEL071W,0,,0.0,0.0,0.042421210557222366
YPR183W,YML111W,0,,0.0,0.0,0.04252126067876816
YGR214W,YKR099W,0,,0.0,0.0,0.04262131080031395
YNL304W,YOL158C,0,,0.0,0.0,0.04272136092185974
YDR062W,YOR279C,0,,0.0,0.0,0.04282141104340553
YLR155C,YOR173W,0,,0.0,0.0,0.042921461164951324
YFR046C,YLR394W,0,,0.0,0.0,0.043021511286497116
YBR183W,YHR080C,0,,0.0,0.0,0.04312156140804291
YJR153W,YHR164C,0,,0.0,0.0,0.0432216115295887
YOL088C,YHR194W,0,,0.0,0.0,0.04332166165113449
YGR032W,YOR060C,0,,0.0,0.0,0.04342171177268028
YNL145W,YOL122C,0,,0.0,0.0,0.043521761894226074
YGR142W,YJL134W,0,,0.0,0.0,0.043621812015771866
YGR225W,YDR395W,0,,0.0,0.0,0.04372186213731766
YGR081C,YOR292C,0,,0.0,0.0,0.04382191225886345
YKL221W,YOR339C,0,,0.0,0.0,0.04392196238040924
YDR210W-D,YNL175C,0,,0.0,0.0,0.04402201250195503
YBR091C,YBR075W,0,,0.0,0.0,0.044122062623500824
YDR064W,YHL034C,0,,0.0,0.0,0.044222112745046616
YDL047W,YIR003W,0,,0.0,0.0,0.04432216286659241
YGL023C,YOR358W,0,,0.0,0.0,0.0444222092628479
YMR213W,YHR114W,0,,0.0,0.0,0.04452225938439369
YOR216C,YGL054C,0,,0.0,0.0,0.044622309505939484
YML033W,YNL005C,0,,0.0,0.0,0.044722359627485275
YLR144C,YMR083W,0,,0.0,0.0,0.04482240974903107
YBR203W,YKL096W-A,0,,0.0,0.0,0.04492245987057686
YER052C,YDR072C,0,,0.0,0.0,0.04502250999212265
YER190W,YGR268C,0,,0.0,0.0,0.04512256011366844
YNR028W,YEL041W,0,,0.0,0.0,0.04522261023521423
YGR118W,YIR003W,0,,0.0,0.0,0.045322660356760025
YDR263C,YLL066C,0,,0.0,0.0,0.04542271047830582
YLL008W,YGR161W-A,0,,0.0,0.0,0.04552276059985161
YDR198C,YHR205W,0,,0.0,0.0,0.0456228107213974
YMR308C,YOL095C,0,,0.0,0.0,0.04572286084294319
YML052W,YLL061W,0,,0.0,0.0,0.04582291096448898
YHR178W,YPL083C,0,,0.0,0.0,0.045922961086034775
YEL047C,YOL028C,0,,0.0,0.0,0.046023011207580566
YOR249C,YDR492W,0,,0.0,0.0,0.04612306132912636
YOR341W,YEL053C,0,,0.0,0.0,0.04622311145067215
YDL036C,YJR159W,0,,0.0,0.0,0.04632316157221794
YFL066C,YDR100W,0,,0.0,0.0,0.04642321169376373
YPL020C,YPR103W,0,,0.0,0.0,0.046523261815309525
YDR109C,YDR328C,0,,0.0,0.0,0.046623311936855316
YPR008W,YJL050W,0,,0.0,0.0,0.04672336205840111
YKL092C,YER118C,0,,0.0,0.0,0.0468234121799469
YLR330W,YOR323C,0,,0.0,0.0,0.04692346230149269
YPL094C,YBR186W,0,,0.0,0.0,0.04702351242303848
YOR259C,YGR057C,0,,0.0,0.0,0.047123562544584274
YML049C,YNR028W,0,,0.0,0.0,0.047223612666130066
YDR221W,YDR287W,0,,0.0,0.0,0.04732366278767586
YML100W,YOR125C,0,,0.0,0.0,0.04742371290922165
YGL058W,YPL105C,0,,0.0,0.0,0.04752376303076744
YGL257C,YBR154C,0,,0.0,0.0,0.04762381315231323
YBR085W,YDL076C,0,,0.0,0.0,0.047723863273859024
YOL039W,YDL045C,0,,0.0,0.0,0.047823913395404816
YDL059C,YHR072W,0,,0.0,0.0,0.04792396351695061
YBL052C,YPL024W,0,,0.0,0.0,0.0480240136384964
YLR033W,YBR229C,0,,0.0,0.0,0.04812406376004219
YPL088W,YHR183W,0,,0.0,0.0,0.04822411388158798
YNL142W,YLR298C,0,,0.0,0.0,0.048324160277843475
YHR205W,YDL014W,0,,0.0,0.0,0.04842421039938927
YDR480W,YNL116W,0,,0.0,0.0,0.04852426052093506
YOR229W,YCR102C,0,,0.0,0.0,0.04862431064248085
YMR263W,YCL012W,0,,0.0,0.0,0.04872436076402664
YDL104C,YDR165W,0,,0.0,0.0,0.048824410885572433
YAL032C,YBL018C,0,,0.0,0.0,0.048924461007118225
YDR464W,YGL210W-A,0,,0.0,0.0,0.04902451112866402
YJL203W,YOL078W,0,,0.0,0.0,0.04912456125020981
YJL036W,YDR397C,0,,0.0,0.0,0.0492246113717556
YMR110C,YML025C,0,,0.0,0.0,0.04932466149330139
YER171W,YHL009W-A,0,,0.0,0.0,0.04942471161484718
YLL054C,YBL045C,0,,0.0,0.0,0.049524761736392975
YOR304C-A,YDR314C,0,,0.0,0.0,0.049624811857938766
YLR007W,YHR152W,0,,0.0,0.0,0.04972486197948456
YKL168C,YBL102W,0,,0.0,0.0,0.04982491210103035
YGL172W,YDR422C,0,,0.0,0.0,0.04992496222257614
YPR137C-A,YNR006W,0,,0.0,0.0,0.05002501234412193
YPR046W,YLL002W,0,,0.0,0.0,0.050125062465667725
YGR128C,YML076C,0,,0.0,0.0,0.050225112587213516
YNL252C,YPR143W,0,,0.0,0.0,0.05032516270875931
YDR345C,YML111W,0,,0.0,0.0,0.0504252128303051
YML092C,YHR096C,0,,0.0,0.0,0.05052526295185089
YER041W,YJL151C,0,,0.0,0.0,0.05062531307339668
YLR270W,YGR038C-B,0,,0.0,0.0,0.050725363194942474
YKL192C,YJL112W,0,,0.0,0.0,0.050825413316488266
YDR168W,YKR018C,0,,0.0,0.0,0.05092546343803406
YDR188W,YBR177C,0,,0.0,0.0,0.05102551355957985
YOR317W,YMR160W,0,,0.0,0.0,0.05112556368112564
YIL016W,YLR389C,0,,0.0,0.0,0.05122561380267143
YLR166C,YOR336W,0,,0.0,0.0,0.051325663924217224
YDL098C,YIL014W,0,,0.0,0.0,0.051425714045763016
YMR123W,YJR151C,0,,0.0,0.0,0.05152576416730881
YML086C,YJL140W,0,,0.0,0.0,0.0516258142888546
YOR372C,YOR136W,0,,0.0,0.0,0.05172586441040039
YBR218C,YOL108C,0,,0.0,0.0,0.05182591453194618
YOR357C,YPR204W,0,,0.0,0.0,0.051925964653491974
YOR254C,YDR039C,0,,0.0,0.0,0.052026014775037766
YKL081W,YJR026W,0,,0.0,0.0,0.05212606117129326
YER190W,YOR025W,0,,0.0,0.0,0.05222611129283905
YOR349W,YFR031C,0,,0.0,0.0,0.05232616141438484
YDL134C,YMR180C,0,,0.0,0.0,0.052426211535930634
YER185W,YMR087W,0,,0.0,0.0,0.052526261657476425
YEL071W,YML006C,0,,0.0,0.0,0.05262631177902222
YEL024W,YPR160W,0,,0.0,0.0,0.05272636190056801
YDR292C,YPL209C,0,,0.0,0.0,0.0528264120221138
YJL216C,YLR309C,0,,0.0,0.0,0.05292646214365959
YFR042W,YPL046C,0,,0.0,0.0,0.05302651226520538
YMR134W,YJR151C,0,,0.0,0.0,0.053126562386751175
YLR244C,YKL092C,0,,0.0,0.0,0.05322661250829697
YNL243W,YNL103W,0,,0.0,0.0,0.05332666262984276
YGR092W,YPR105C,0,,0.0,0.0,0.05342671275138855
YNL059C,YLR118C,0,,0.0,0.0,0.05352676287293434
YCL034W,YDR059C,0,,0.0,0.0,0.05362681299448013
YKR088C,YDL117W,0,,0.0,0.0,0.053726863116025925
YOR027W,YPR079W,0,,0.0,0.0,0.053826913237571716
YER101C,YLR068W,0,,0.0,0.0,0.05392696335911751
YHR016C,YLR307W,0,,0.0,0.0,0.0540270134806633
YBR130C,YOL132W,0,,0.0,0.0,0.05412706360220909
YDR381W,YLR289W,0,,0.0,0.0,0.05422711372375488
YNL080C,YOR363C,0,,0.0,0.0,0.054327163845300674
YOR252W,YDR406W,0,,0.0,0.0,0.054427213966846466
YNR030W,YJR007W,0,,0.0,0.0,0.05452726408839226
YBR162C,YBR192W,0,,0.0,0.0,0.05462731420993805
YLR367W,YJL100W,0,,0.0,0.0,0.05472736433148384
YJL162C,YDR419W,0,,0.0,0.0,0.05482741445302963
YOR147W,YDR167W,0,,0.0,0.0,0.054927464574575424
YMR227C,YDR218C,0,,0.0,0.0,0.055027514696121216
YER101C,YCR106W,0,,0.0,0.0,0.05512756481766701
YBL099W,YJL063C,0,,0.0,0.0,0.0552276149392128
YPL169C,YKR086W,0,,0.0,0.0,0.05532766506075859
YJL006C,YKL022C,0,,0.0,0.0,0.05542771518230438
YNL025C,YER159C,0,,0.0,0.0,0.055527765303850174
YPR030W,YBL034C,0,,0.0,0.0,0.055627815425395966
YGR013W,YJL197W,0,,0.0,0.0,0.05572786554694176
YCR023C,YDL105W,0,,0.0,0.0,0.05582791566848755
YPR006C,YPR082C,0,,0.0,0.0,0.05592796579003334
YHR002W,YDR406W,0,,0.0,0.0,0.056028012186288834
YBR200W,YBR131W,0,,0.0,0.0,0.056128062307834625
YPR025C,YDR267C,0,,0.0,0.0,0.05622811242938042
YLR429W,YCR080W,0,,0.0,0.0,0.05632816255092621
YMR013C,YLR410W,0,,0.0,0.0,0.056428212672472
YDL025C,YGR229C,0,,0.0,0.0,0.05652826279401779
YPL005W,YER144C,0,,0.0,0.0,0.05662831291556358
YJR026W,YDR409W,0,,0.0,0.0,0.056728363037109375
YDL077C,YGL209W,0,,0.0,0.0,0.05682841315865517
YBR018C,YBR038W,0,,0.0,0.0,0.05692846328020096
YKL138C,YGL236C,0,,0.0,0.0,0.05702851340174675
YNL175C,YFL023W,0,,0.0,0.0,0.05712856352329254
YBR090C-A,YLR367W,0,,0.0,0.0,0.05722861364483833
YCR002C,YBR153W,0,,0.0,0.0,0.057328663766384125
YGR283C,YNL038W,0,,0.0,0.0,0.057428713887929916
YBR043C,YBR149W,0,,0.0,0.0,0.05752876400947571
YPR162C,YJR149W,0,,0.0,0.0,0.0576288141310215
YPL078C,YGR167W,0,,0.0,0.0,0.05772886425256729
YPR097W,YOR330C,0,,0.0,0.0,0.05782891437411308
YLR347C,YLR337C,0,,0.0,0.0,0.057928964495658875
YCL025C,YOR267C,0,,0.0,0.0,0.058029014617204666
YOR073W,YBR145W,0,,0.0,0.0,0.05812906473875046
YHR018C,YKL149C,0,,0.0,0.0,0.05822911486029625
YIR018W,YNL008C,0,,0.0,0.0,0.05832916498184204
YJL079C,YPL049C,0,,0.0,0.0,0.05842921510338783
YNL254C,YLR013W,0,,0.0,0.0,0.058529265224933624
YBR126C,YAR027W,0,,0.0,0.0,0.058629315346479416
YGL150C,YGL243W,0,,0.0,0.0,0.05872936546802521
YCR066W,YHR110W,0,,0.0,0.0,0.058829415589571
YIL133C,YLR084C,0,,0.0,0.0,0.05892946571111679
YER063W,YDL022W,0,,0.0,0.0,0.05902951583266258
YOR145C,YNL238W,0,,0.0,0.0,0.059129565954208374
YGL092W,YNR006W,0,,0.0,0.0,0.059229616075754166
YLR361C,YMR228W,0,,0.0,0.0,0.05932966619729996
YGR209C,YDR513W,0,,0.0,0.0,0.05942971631884575
YDR217C,YAR003W,0,,0.0,0.0,0.05952976644039154
YHL028W,YBR238C,0,,0.0,0.0,0.05962981656193733
YJL001W,YOR077W,0,,0.0,0.0,0.059729866683483124
YOR192C,YDL220C,0,,0.0,0.0,0.059829916805028915
YLR404W,YGL016W,0,,0.0,0.0,0.05992996320128441
YGL133W,YMR173W,0,,0.0,0.0,0.0600300133228302
YNL178W,YHR056C,0,,0.0,0.0,0.06013006344437599
YCL068C,YNL003C,0,,0.0,0.0,0.06023011356592178
YOL023W,YOR383C,0,,0.0,0.0,0.060330163687467575
YKL103C,YCL019W,0,,0.0,0.0,0.06043021380901337
YLR006C,YHR150W,0,,0.0,0.0,0.06053026393055916
YLR424W,YIL020C,0,,0.0,0.0,0.06063031405210495
YPL209C,YOR019W,0,,0.0,0.0,0.06073036417365074
YJL079C,YMR243C,0,,0.0,0.0,0.06083041429519653
YLR200W,YMR021C,0,,0.0,0.0,0.060930464416742325
YLR310C,YLR187W,0,,0.0,0.0,0.061030514538288116
YPL135W,YMR189W,0,,0.0,0.0,0.06113056465983391
YBR244W,YBR084C-A,0,,0.0,0.0,0.0612306147813797
YCR086W,YDR446W,0,,0.0,0.0,0.06133066490292549
YIL005W,YDR145W,0,,0.0,0.0,0.06143071502447128
YPL230W,YJL168C,0,,0.0,0.0,0.061530765146017075
YOR272W,YAL009W,0,,0.0,0.0,0.061630815267562866
YAR009C,YOL097C,0,,0.0,0.0,0.06173086538910866
YOL151W,YOL029C,0,,0.0,0.0,0.06183091551065445
YDR260C,YER071C,0,,0.0,0.0,0.06193096563220024
YDR145W,YPL236C,0,,0.0,0.0,0.06203101575374603
YJR084W,YOR279C,0,,0.0,0.0,0.062131065875291824
YBR235W,YGR268C,0,,0.0,0.0,0.062231115996837616
YJR150C,YLR083C,0,,0.0,0.0,0.06233116611838341
YLR001C,YBL047C,0,,0.0,0.0,0.0624312162399292
YMR190C,YOL013C,0,,0.0,0.0,0.06253126263618469
YDL035C,YGL243W,0,,0.0,0.0,0.06263131648302078
YKL180W,YFL013C,0,,0.0,0.0,0.06273136287927628
YOR355W,YNL186W,0,,0.0,0.0,0.06283141672611237
YLR440C,YAL030W,0,,0.0,0.0,0.06293146312236786
YLR452C,YDL047W,0,,0.0,0.0,0.06303151696920395
YDR416W,YNL274C,0,,0.0,0.0,0.06313156336545944
YER017C,YDL140C,0,,0.0,0.0,0.06323161721229553
YLR167W,YDL014W,0,,0.0,0.0,0.06333166360855103
YHR203C,YER101C,0,,0.0,0.0,0.06343171745538712
YOR173W,YDR218C,0,,0.0,0.0,0.06353176385164261
YPL029W,YKR036C,0,,0.0,0.0,0.0636318176984787
YLR196W,YBR026C,0,,0.0,0.0,0.06373186409473419
YLR145W,YNL054W,0,,0.0,0.0,0.06383191794157028
YGR120C,YML014W,0,,0.0,0.0,0.06393196433782578
YDR059C,YHR060W,0,,0.0,0.0,0.06403201818466187
YHR056C,YLR406C,0,,0.0,0.0,0.06413206458091736
YGR081C,YLR429W,0,,0.0,0.0,0.06423211842775345
YOR380W,YPR002W,0,,0.0,0.0,0.06433216482400894
YGR113W,YCR028C-A,0,,0.0,0.0,0.06443221867084503
YBR223C,YLR429W,0,,0.0,0.0,0.06453226506710052
YGR245C,YLL042C,0,,0.0,0.0,0.06463231891393661
YBR168W,YNL321W,0,,0.0,0.0,0.06473236531019211
YGL005C,YML021C,0,,0.0,0.0,0.0648324191570282
YML080W,YNR044W,0,,0.0,0.0,0.06493246555328369
YBR261C,YER127W,0,,0.0,0.0,0.06503251940011978
YPL116W,YKL125W,0,,0.0,0.0,0.06513256579637527
YGR169C,YJR095W,0,,0.0,0.0,0.06523261964321136
YMR218C,YLR330W,0,,0.0,0.0,0.06533266603946686
YML073C,YLR329W,0,,0.0,0.0,0.06543271988630295
YLR284C,YNL317W,0,,0.0,0.0,0.06553276628255844
YNL093W,YLR119W,0,,0.0,0.0,0.06563282012939453
YKL148C,YCR042C,0,,0.0,0.0,0.06573286652565002
YJL133C-A,YOR110W,0,,0.0,0.0,0.06583291292190552
YHR088W,YBL067C,0,,0.0,0.0,0.06593296676874161
YOR099W,YKL064W,0,,0.0,0.0,0.0660330131649971
YOL098C,YDR365W-B,0,,0.0,0.0,0.06613306701183319
YPR075C,YAL026C,0,,0.0,0.0,0.06623311340808868
YNL085W,YNL294C,0,,0.0,0.0,0.06633316725492477
YER021W,YLR023C,0,,0.0,0.0,0.06643321365118027
YPR134W,YPL057C,0,,0.0,0.0,0.06653326749801636
YMR134W,YBR162W-A,0,,0.0,0.0,0.06663331389427185
YER150W,YPL248C,0,,0.0,0.0,0.06673336774110794
YGL060W,YKL065C,0,,0.0,0.0,0.06683341413736343
YJR002W,YMR079W,0,,0.0,0.0,0.06693346798419952
YER117W,YBL014C,0,,0.0,0.0,0.06703351438045502
YMR172W,YGR249W,0,,0.0,0.0,0.06713356822729111
YCL052C,YOL135C,0,,0.0,0.0,0.0672336146235466
YPL088W,YKR095W,0,,0.0,0.0,0.06733366847038269
YDL012C,YNL279W,0,,0.0,0.0,0.06743371486663818
YHR060W,YHR062C,0,,0.0,0.0,0.06753376871347427
YDR449C,YLR363C,0,,0.0,0.0,0.06763381510972977
YHR090C,YJL063C,0,,0.0,0.0,0.06773386895656586
YOL023W,YPL234C,0,,0.0,0.0,0.06783391535282135
YJL081C,YNL273W,0,,0.0,0.0,0.06793396919965744
YHR050W,YJL159W,0,,0.0,0.0,0.06803401559591293
YDL236W,YHR016C,0,,0.0,0.0,0.06813406944274902
YLR332W,YMR268W-A,0,,0.0,0.0,0.06823411583900452
YKR008W,YJL192C,0,,0.0,0.0,0.0683341696858406
YJR083C,YCR068W,0,,0.0,0.0,0.0684342160820961
YAR008W,YIL065C,0,,0.0,0.0,0.06853426992893219
YKR101W,YOL069W,0,,0.0,0.0,0.06863431632518768
YGL085W,YOL154W,0,,0.0,0.0,0.06873437017202377
YOR078W,YOR054C,0,,0.0,0.0,0.06883441656827927
YGR161W-A,YMR038C,0,,0.0,0.0,0.06893447041511536
YKL161C,YOL042W,0,,0.0,0.0,0.06903451681137085
YDL059C,YMR173W,0,,0.0,0.0,0.06913457065820694
YIL107C,YDR179C,0,,0.0,0.0,0.06923461705446243
YJL162C,YGL212W,0,,0.0,0.0,0.06933467090129852
YPL050C,YDR155C,0,,0.0,0.0,0.06943471729755402
YBL035C,YMR034C,0,,0.0,0.0,0.06953476369380951
YDR182W,YJL029C,0,,0.0,0.0,0.0696348175406456
YPL283C,YBR042C,0,,0.0,0.0,0.06973486393690109
YGR049W,YHR146W,0,,0.0,0.0,0.06983491778373718
YJR035W,YDL227C,0,,0.0,0.0,0.06993496417999268
YMR232W,YIL103W,0,,0.0,0.0,0.07003501802682877
YER098W,YLR196W,0,,0.0,0.0,0.07013506442308426
YLR256W-A,YDR524C-B,0,,0.0,0.0,0.07023511826992035
YBR222C,YBR182C,0,,0.0,0.0,0.07033516466617584
YPL020C,YPR020W,0,,0.0,0.0,0.07043521851301193
YCL008C,YNR012W,0,,0.0,0.0,0.07053526490926743
YNL299W,YGR209C,0,,0.0,0.0,0.07063531875610352
YDR245W,YEL018W,0,,0.0,0.0,0.07073536515235901
YDR150W,YDR097C,0,,0.0,0.0,0.0708354189991951
YJR101W,YGR266W,0,,0.0,0.0,0.07093546539545059
YER013W,YIL117C,0,,0.0,0.0,0.07103551924228668
YOR207C,YLR394W,0,,0.0,0.0,0.07113556563854218
YNL124W,YHR164C,0,,0.0,0.0,0.07123561948537827
YGL020C,YHR074W,0,,0.0,0.0,0.07133566588163376
YNL021W,YPL213W,0,,0.0,0.0,0.07143571972846985
YDR386W,YAL030W,0,,0.0,0.0,0.07153576612472534
YIL091C,YPL060C-A,0,,0.0,0.0,0.07163581997156143
YLR075W,YLR247C,0,,0.0,0.0,0.07173586636781693
YGL002W,YMR001C,0,,0.0,0.0,0.07183592021465302
YBR107C,YER004W,0,,0.0,0.0,0.07193596661090851
YOL155C,YHR058C,0,,0.0,0.0,0.0720360204577446
YGR177C,YLR393W,0,,0.0,0.0,0.07213606685400009
YMR236W,YGR012W,0,,0.0,0.0,0.07223612070083618
YOR158W,YLR388W,0,,0.0,0.0,0.07233616709709167
YFL021W,YDL124W,0,,0.0,0.0,0.07243622094392776
YOL076W,YNL233W,0,,0.0,0.0,0.07253626734018326
YBR172C,YAL032C,0,,0.0,0.0,0.07263632118701935
YGL002W,YOR054C,0,,0.0,0.0,0.07273636758327484
YFL056C,YLR064W,0,,0.0,0.0,0.07283642143011093
YGL172W,YMR011W,0,,0.0,0.0,0.07293646782636642
YLR190W,YDL018C,0,,0.0,0.0,0.07303652167320251
YPR026W,YNL305C,0,,0.0,0.0,0.07313656806945801
YMR226C,YLR070C,0,,0.0,0.0,0.0732366219162941
YBL080C,YIR019C,0,,0.0,0.0,0.07333666831254959
YLR262C,YOL086W-A,0,,0.0,0.0,0.07343671470880508
YDR303C,YFL016C,0,,0.0,0.0,0.07353676855564117
YMR251W-A,YMR161W,0,,0.0,0.0,0.07363681495189667
YGL093W,YLR210W,0,,0.0,0.0,0.07373686879873276
YML098W,YMR275C,0,,0.0,0.0,0.07383691519498825
YNL137C,YOR255W,0,,0.0,0.0,0.07393696904182434
YPL005W,YMR116C,0,,0.0,0.0,0.07403701543807983
YBR133C,YNR019W,0,,0.0,0.0,0.07413706928491592
YDR415C,YJL145W,0,,0.0,0.0,0.07423711568117142
YKL117W,YPR181C,0,,0.0,0.0,0.07433716952800751
YDL103C,YLR377C,0,,0.0,0.0,0.074437215924263
YDR173C,YEL022W,0,,0.0,0.0,0.07453726977109909
YER183C,YCR107W,0,,0.0,0.0,0.07463731616735458
YBL042C,YDR435C,0,,0.0,0.0,0.07473737001419067
YBR079C,YEL046C,0,,0.0,0.0,0.07483741641044617
YLR051C,YOR056C,1,,0.0013351135421544313,0.0009950249223038554,0.07483741641044617
YOR195W,YBR302C,0,,0.0013333333190530539,0.0009950249223038554,0.07493747025728226
YOL040C,YCR027C,0,,0.0013315578689798713,0.0009950249223038554,0.07503751665353775
YNL216W,YMR024W,0,,0.0013297871919348836,0.0009950249223038554,0.07513757050037384
YOL146W,YLR213C,0,,0.0013280212879180908,0.0009950249223038554,0.07523761689662933
YDR244W,YLR002C,0,,0.0013262599240988493,0.0009950249223038554,0.07533767074346542
YJL124C,YDR287W,0,,0.0013245033333078027,0.0009950249223038554,0.07543771713972092
YGL001C,YDR519W,0,,0.0013227512827143073,0.0009950249223038554,0.075537770986557
YLR141W,YER065C,0,,0.0013210040051490068,0.0009950249223038554,0.0756378173828125
YDL010W,YOR267C,0,,0.0013192612677812576,0.0009950249223038554,0.07573787122964859
YPL139C,YML114C,0,,0.0013175230706110597,0.0009950249223038554,0.07583791762590408
YFL066C,YPR158C-C,0,,0.0013157895300537348,0.0009950249223038554,0.07593797147274017
YDL147W,YPL013C,0,,0.0013140604132786393,0.0009950249223038554,0.07603801786899567
YGL048C,YNL138W-A,0,,0.001312335953116417,0.0009950249223038554,0.07613807171583176
YNR072W,YDR235W,0,,0.0013106160331517458,0.0009950249223038554,0.07623811811208725
YIR039C,YJL138C,0,,0.001308900536969304,0.0009950249223038554,0.07633817195892334
YIR008C,YPR121W,0,,0.0013071895809844136,0.0009950249223038554,0.07643821835517883
YBR039W,YGL046W,0,,0.0013054830487817526,0.0009950249223038554,0.07653827220201492
YLR262C,YGR023W,0,,0.001303780940361321,0.0009950249223038554,0.07663831859827042
YGR148C,YMR063W,0,,0.0013020833721384406,0.0009950249223038554,0.0767383724451065
YPL088W,YOR204W,0,,0.0013003901112824678,0.0009950249223038554,0.076838418841362
YBR208C,YNL058C,0,,0.0012987012742087245,0.0009950249223038554,0.07693847268819809
YOR227W,YDL070W,0,,0.0012970168609172106,0.0009950249223038554,0.07703851908445358
YMR136W,YJL082W,0,,0.0012953367549926043,0.0009950249223038554,0.07713857293128967
YML010W,YBL100W-A,0,,0.0012936610728502274,0.0009950249223038554,0.07723861932754517
YHL033C,YBR290W,0,,0.001291989698074758,0.0009950249223038554,0.07733866572380066
YHR197W,YOL144W,0,,0.0012903226306661963,0.0009950249223038554,0.07743871957063675
YEL060C,YMR053C,0,,0.0012886597542092204,0.0009950249223038554,0.07753876596689224
YDR028C,YBL041W,0,,0.001287001301534474,0.0009950249223038554,0.07763881981372833
YOR303W,YBR271W,0,,0.0012853470398113132,0.0009950249223038554,0.07773886620998383
YLR058C,YGL162W,0,,0.00128369708545506,0.0009950249223038554,0.07783892005681992
YBR052C,YPL265W,0,,0.0012820513220503926,0.0009950249223038554,0.07793896645307541
YOR073W,YPL207W,0,,0.001280409749597311,0.0009950249223038554,0.0780390202999115
YMR106C,YGR132C,0,,0.0012787723680958152,0.0009950249223038554,0.07813906669616699
YOL096C,YNR036C,0,,0.0012771391775459051,0.0009950249223038554,0.07823912054300308
YGR264C,YBL007C,0,,0.0012755101779475808,0.0009950249223038554,0.07833916693925858
YGL190C,YPR161C,0,,0.0012738853693008423,0.0009950249223038554,0.07843922078609467
YLR007W,YAL019W,0,,0.0012722646351903677,0.0009950249223038554,0.07853926718235016
YDR309C,YBL068W,0,,0.001270647975616157,0.0009950249223038554,0.07863932102918625
YBL105C,YPR066W,0,,0.0012690355069935322,0.0009950249223038554,0.07873936742544174
YBL066C,YKR102W,0,,0.0012674271129071712,0.0009950249223038554,0.07883942127227783
YAL029C,YIL017C,0,,0.0012658227933570743,0.0009950249223038554,0.07893946766853333
YPL020C,YLR144C,0,,0.0012642225483432412,0.0009950249223038554,0.07903952151536942
YOL119C,YLR080W,0,,0.0012626262614503503,0.0009950249223038554,0.07913956791162491
YJL115W,YJL130C,0,,0.0012610340490937233,0.0009950249223038554,0.079239621758461
YMR143W,YGL037C,0,,0.0012594457948580384,0.0009950249223038554,0.07933966815471649
YML045W-A,YNL176C,0,,0.0012578616151586175,0.0009950249223038554,0.07943972200155258
YOR353C,YGR185C,0,,0.0012562813935801387,0.0009950249223038554,0.07953976839780807
YOR232W,YNL231C,0,,0.001254705130122602,0.0009950249223038554,0.07963982224464417
YBR115C,YEL020W-A,0,,0.0012531328247860074,0.0009950249223038554,0.07973986864089966
YGR142W,YPR003C,0,,0.001251564477570355,0.0009950249223038554,0.07983992248773575
YNL078W,YBL036C,0,,0.0012499999720603228,0.0009950249223038554,0.07993996888399124
YGR256W,YNL300W,0,,0.0012484394246712327,0.0009950249223038554,0.08004002273082733
YDR211W,YDR023W,0,,0.0012468828354030848,0.0009950249223038554,0.08014006912708282
YGL048C,YIL159W,0,,0.0012453299714252353,0.0009950249223038554,0.08024012297391891
YOR358W,YBR080C,0,,0.001243781065568328,0.0009950249223038554,0.08034016937017441
YOR110W,YML021C,0,,0.0012422360014170408,0.0009950249223038554,0.0804402232170105
YDL222C,YKL176C,0,,0.001240694778971374,0.0009950249223038554,0.08054026961326599
YBR204C,YNR075W,0,,0.0012391573982313275,0.0009950249223038554,0.08064032346010208
YNL024C,YDR105C,0,,0.0012376237427815795,0.0009950249223038554,0.08074036985635757
YJL172W,YJL087C,0,,0.0012360939290374517,0.0009950249223038554,0.08084042370319366
YJL206C,YGL008C,0,,0.0012345679569989443,0.0009950249223038554,0.08094047009944916
YGL220W,YBL097W,0,,0.0012330455938354135,0.0009950249223038554,0.08104052394628525
YNL202W,YGL016W,0,,0.001231527072377503,0.0009950249223038554,0.08114057034254074
YER101C,YLR332W,0,,0.0012300122762098908,0.0009950249223038554,0.08124061673879623
YJL081C,YHR113W,0,,0.0012285012053325772,0.0009950249223038554,0.08134067058563232
YGL224C,YJL204C,0,,0.001226993859745562,0.0009950249223038554,0.08144071698188782
YDR151C,YOR159C,0,,0.0012254902394488454,0.0009950249223038554,0.08154077082872391
YHR135C,YDR468C,0,,0.0012239902280271053,0.0009950249223038554,0.0816408172249794
YOR138C,YJR149W,0,,0.0012224939418956637,0.0009950249223038554,0.08174087107181549
YDR122W,YGR068C,0,,0.0012210012646391988,0.0009950249223038554,0.08184091746807098
YAL014C,YOR330C,0,,0.0012195121962577105,0.0009950249223038554,0.08194097131490707
YEL051W,YOR138C,0,,0.0012180268531665206,0.0009950249223038554,0.08204101771116257
YER048C,YPL236C,0,,0.0012165450025349855,0.0009950249223038554,0.08214107155799866
YPL190C,YCR003W,0,,0.001215066877193749,0.0009950249223038554,0.08224111795425415
YJR084W,YFR047C,0,,0.0012135922443121672,0.0009950249223038554,0.08234117180109024
YOR196C,YOL121C,0,,0.001212121220305562,0.0009950249223038554,0.08244121819734573
YDR528W,YLR352W,0,,0.0012106538051739335,0.0009950249223038554,0.08254127204418182
YHR063C,YGL070C,0,,0.0012091898825019598,0.0009950249223038554,0.08264131844043732
YFL025C,YEL009C,0,,0.001207729452289641,0.0009950249223038554,0.08274137228727341
YML093W,YKR018C,0,,0.0012062726309522986,0.0009950249223038554,0.0828414186835289
YLR131C,YPL236C,0,,0.0012048193020746112,0.0009950249223038554,0.08294147253036499
YOR335C,YNL192W,0,,0.0012033694656565785,0.0009950249223038554,0.08304151892662048
YOR363C,YER169W,0,,0.0012019231216982007,0.0009950249223038554,0.08314157277345657
YAL009W,YOL108C,0,,0.0012004801537841558,0.0009950249223038554,0.08324161916971207
YOR125C,YOL069W,0,,0.0011990407947450876,0.0009950249223038554,0.08334167301654816
YGR161C-C,YML118W,0,,0.0011976048117503524,0.0009950249223038554,0.08344171941280365
YIL020C,YMR001C,0,,0.0011961722047999501,0.0009950249223038554,0.08354177325963974
YNL230C,YMR244C-A,0,,0.0011947430903092027,0.0009950249223038554,0.08364181965589523
YDL042C,YDR498C,0,,0.00119331746827811,0.0009950249223038554,0.08374187350273132
YOR279C,YCR034W,0,,0.0011918951058760285,0.0009950249223038554,0.08384191989898682
YJR152W,YIL118W,0,,0.0011904762359336019,0.0009950249223038554,0.0839419737458229
YIL120W,YPR191W,0,,0.0011890606256201863,0.0009950249223038554,0.0840420201420784
YML052W,YIL038C,0,,0.0011876485077664256,0.0009950249223038554,0.08414207398891449
YOR030W,YMR195W,0,,0.001186239649541676,0.0009950249223038554,0.08424212038516998
YGR144W,YGR096W,0,,0.0011848341673612595,0.0009950249223038554,0.08434217423200607
YML086C,YMR025W,0,,0.001183431944809854,0.0009950249223038554,0.08444222062826157
YML112W,YJL026W,0,,0.0011820330983027816,0.0009950249223038554,0.08454227447509766
YIL079C,YHR139C,0,,0.0011806375114247203,0.0009950249223038554,0.08464232087135315
YPR111W,YMR002W,0,,0.001179245300590992,0.0009950249223038554,0.08474237471818924
YOL165C,YIL053W,0,,0.0011778563493862748,0.0009950249223038554,0.08484242111444473
YML072C,YOR117W,0,,0.001176470541395247,0.0009950249223038554,0.08494246751070023
YHR120W,YNL003C,0,,0.0011750881094485521,0.0009950249223038554,0.08504252135753632
YDL126C,YCL005W-A,0,,0.0011737089371308684,0.0009950249223038554,0.08514256775379181
YNL138W-A,YDL045W-A,0,,0.001172332908026874,0.0009950249223038554,0.0852426216006279
YKL130C,YDL097C,0,,0.0011709601385518909,0.0009950249223038554,0.08534266799688339
YDR064W,YLL055W,0,,0.0011695906287059188,0.0009950249223038554,0.08544272184371948
YKL185W,YML071C,0,,0.001168224262073636,0.0009950249223038554,0.08554276823997498
YOR125C,YDL002C,0,,0.0011668611550703645,0.0009950249223038554,0.08564282208681107
YPR043W,YGR095C,0,,0.0011655011912807822,0.0009950249223038554,0.08574286848306656
YER178W,YIL085C,0,,0.0011641443707048893,0.0009950249223038554,0.08584292232990265
YGL236C,YGR091W,0,,0.0011627906933426857,0.0009950249223038554,0.08594296872615814
YDR381C-A,YFR024C,0,,0.0011614401591941714,0.0009950249223038554,0.08604302257299423
YMR105C,YNL284C-A,0,,0.0011600927682593465,0.0009950249223038554,0.08614306896924973
YLL043W,YPR009W,0,,0.0011587485205382109,0.0009950249223038554,0.08624312281608582
YBL006C,YPL120W,0,,0.0011574074160307646,0.0009950249223038554,0.08634316921234131
YPL209C,YDR409W,0,,0.0011560693383216858,0.0009950249223038554,0.0864432230591774
YGR202C,YLR110C,0,,0.0011547344038262963,0.0009950249223038554,0.08654326945543289
YLR372W,YOR292C,0,,0.0011534024961292744,0.0009950249223038554,0.08664332330226898
YIL031W,YOR197W,0,,0.0011520737316459417,0.0009950249223038554,0.08674336969852448
YOR078W,YJR093C,0,,0.0011507479939609766,0.0009950249223038554,0.08684342354536057
YLR130C,YMR261C,0,,0.001149425283074379,0.0009950249223038554,0.08694346994161606
YHR079C-B,YDL206W,0,,0.0011481055989861488,0.0009950249223038554,0.08704352378845215
YGL001C,YNL232W,0,,0.0011467889416962862,0.0009950249223038554,0.08714357018470764
YPL120W,YIL122W,0,,0.001145475427620113,0.0009950249223038554,0.08724362403154373
YOR301W,YAL047C,0,,0.0011441647075116634,0.0009950249223038554,0.08734367042779922
YKL099C,YIR031C,0,,0.0011428571306169033,0.0009950249223038554,0.08744372427463531
YFR010W,YDR210W-D,0,,0.0011415524641051888,0.0009950249223038554,0.08754377067089081
YLR107W,YMR104C,0,,0.0011402508243918419,0.0009950249223038554,0.0876438245177269
YER074W,YDR267C,0,,0.0011389522114768624,0.0009950249223038554,0.08774387091398239
YJR127C,YER060W,0,,0.0011376563925296068,0.0009950249223038554,0.08784392476081848
YJL213W,YBR054W,0,,0.0011363636003807187,0.0009950249223038554,0.08794397115707397
YIL048W,YNL036W,0,,0.001135073835030198,0.0009950249223038554,0.08804402500391006
YBR244W,YDL122W,0,,0.0011337868636474013,0.0009950249223038554,0.08814407140016556
YDR446W,YOL041C,0,,0.0011325028026476502,0.0009950249223038554,0.08824412524700165
YER159C,YLR307W,0,,0.0011312217684462667,0.0009950249223038554,0.08834417164325714
YJL034W,YDR395W,0,,0.001129943528212607,0.0009950249223038554,0.08844422549009323
YGL195W,YGR208W,0,,0.0011286681983619928,0.0009950249223038554,0.08854427188634872
YOR038C,YPR185W,0,,0.0011273956624791026,0.0009950249223038554,0.08864432573318481
YJL103C,YLR129W,0,,0.0011261261533945799,0.0009950249223038554,0.08874437212944031
YPL167C,YPL023C,0,,0.001124859438277781,0.0009950249223038554,0.0888444185256958
YHR119W,YJL115W,0,,0.001123595517128706,0.0009950249223038554,0.08894447237253189
YPR158C-C,YDR104C,0,,0.0011223345063626766,0.0009950249223038554,0.08904451876878738
YLR410W,YNR046W,0,,0.0011210762895643711,0.0009950249223038554,0.08914457261562347
YDL139C,YPL227C,0,,0.0011198208667337894,0.0009950249223038554,0.08924461901187897
YFL061W,YPL212C,0,,0.0011185682378709316,0.0009950249223038554,0.08934467285871506
YJR150C,YPL257W-B,0,,0.0011173184029757977,0.0009950249223038554,0.08944471925497055
YIL040W,YNL327W,0,,0.0011160714784637094,0.0009950249223038554,0.08954477310180664
YLR288C,YFR031C-A,0,,0.001114827231504023,0.0009950249223038554,0.08964481949806213
YPL130W,YOR086C,0,,0.0011135857785120606,0.0009950249223038554,0.08974487334489822
YLR251W,YMR091C,0,,0.0011123470030725002,0.0009950249223038554,0.08984491974115372
YNL167C,YPL045W,0,,0.0011111111380159855,0.0009950249223038554,0.08994497358798981
YOR138C,YNL251C,0,,0.0011098779505118728,0.0009950249223038554,0.0900450199842453
YGL068W,YNR023W,0,,0.001108647440560162,0.0009950249223038554,0.09014507383108139
YNL287W,YER149C,0,,0.0011074197245761752,0.0009950249223038554,0.09024512022733688
YBR290W,YFR029W,0,,0.0011061946861445904,0.0009950249223038554,0.09034517407417297
YOL068C,YLR116W,0,,0.0011049723252654076,0.0009950249223038554,0.09044522047042847
YNL097C,YER019C-A,0,,0.0011037527583539486,0.0009950249223038554,0.09054527431726456
YPR138C,YML099C,0,,0.0011025358689948916,0.0009950249223038554,0.09064532071352005
YER014W,YDR080W,0,,0.0011013215407729149,0.0009950249223038554,0.09074537456035614
YPL158C,YHR115C,0,,0.001100110006518662,0.0009950249223038554,0.09084542095661163
YKL093W,YNL264C,0,,0.001098901149816811,0.0009950249223038554,0.09094547480344772
YER178W,YOL086C,0,,0.0010976948542520404,0.0009950249223038554,0.09104552119970322
YCL026C-A,YIL170W,0,,0.0010964912362396717,0.0009950249223038554,0.0911455750465393
YMR121C,YOR261C,0,,0.001095290295779705,0.0009950249223038554,0.0912456214427948
YDR324C,YDR351W,0,,0.0010940919164568186,0.0009950249223038554,0.09134567528963089
YJL177W,YGR030C,0,,0.0010928962146863341,0.0009950249223038554,0.09144572168588638
YGL104C,YBR119W,0,,0.0010917030740529299,0.0009950249223038554,0.09154577553272247
YCL025C,YMR024W,0,,0.0010905124945566058,0.0009950249223038554,0.09164582192897797
YOL053C-A,YDL239C,0,,0.0010893245926126838,0.0009950249223038554,0.09174587577581406
YJR117W,YEL003W,0,,0.001088139251805842,0.0009950249223038554,0.09184592217206955
YKL203C,YHR111W,0,,0.0010869564721360803,0.0009950249223038554,0.09194597601890564
YPL064C,YDR476C,0,,0.0010857763700187206,0.0009950249223038554,0.09204602241516113
YLR384C,YGL122C,0,,0.0010845987126231194,0.0009950249223038554,0.09214607626199722
YBR014C,YMR308C,0,,0.0010834236163645983,0.0009950249223038554,0.09224612265825272
YDR517W,YOL040C,0,,0.0010822510812431574,0.0009950249223038554,0.0923461765050888
YGL127C,YMR240C,0,,0.0010810811072587967,0.0009950249223038554,0.0924462229013443
YKL008C,YIL168W,0,,0.0010799135779961944,0.0009950249223038554,0.09254627674818039
YOR340C,YDR017C,0,,0.0010787486098706722,0.0009950249223038554,0.09264632314443588
YDR108W,YGL045W,0,,0.0010775862028822303,0.0009950249223038554,0.09274636954069138
YIL030C,YCR002C,0,,0.0010764262406155467,0.0009950249223038554,0.09284642338752747
YER031C,YER109C,0,,0.0010752688394859433,0.0009950249223038554,0.09294646978378296
YGR193C,YJL210W,0,,0.0010741138830780983,0.0009950249223038554,0.09304652363061905
YDR145W,YOR298W,0,,0.0010729613713920116,0.0009950249223038554,0.09314657002687454
YPL016W,YCL026C-A,0,,0.0010718113044276834,0.0009950249223038554,0.09324662387371063
YER008C,YJR043C,0,,0.0010706637986004353,0.0009950249223038554,0.09334667026996613
YNL133C,YKR068C,0,,0.0010695187374949455,0.0009950249223038554,0.09344672411680222
YLR264W,YKR098C,0,,0.0010683761211112142,0.0009950249223038554,0.09354677051305771
YPR057W,YOR056C,0,,0.0010672358330339193,0.0009950249223038554,0.0936468243598938
YNL068C,YPR057W,0,,0.0010660981060937047,0.0009950249223038554,0.09374687075614929
YBL080C,YOR357C,0,,0.0010649627074599266,0.0009950249223038554,0.09384692460298538
YGR202C,YNL027W,0,,0.0010638297535479069,0.0009950249223038554,0.09394697099924088
YDR064W,YGL065C,0,,0.0010626992443576455,0.0009950249223038554,0.09404702484607697
YKL086W,YNL094W,0,,0.0010615711798891425,0.0009950249223038554,0.09414707124233246
YDL066W,YKR036C,0,,0.001060445443727076,0.0009950249223038554,0.09424712508916855
YBL076C,YPR204W,0,,0.0010593220358714461,0.0009950249223038554,0.09434717148542404
YKL190W,YDL217C,0,,0.0010582010727375746,0.0009950249223038554,0.09444722533226013
YJL035C,YBL042C,0,,0.0010570824379101396,0.0009950249223038554,0.09454727172851562
YHL031C,YKR046C,0,,0.001055966247804463,0.0009950249223038554,0.09464732557535172
YMR263W,YGL181W,0,,0.001054852269589901,0.0009950249223038554,0.09474737197160721
YIR039C,YHR030C,0,,0.0010537407360970974,0.0009950249223038554,0.0948474258184433
YEL020C,YHR154W,0,,0.0010526315309107304,0.0009950249223038554,0.09494747221469879
YGR198W,YKL137W,0,,0.0010515246540307999,0.0009950249223038554,0.09504752606153488
YGR109C,YGR072W,0,,0.0010504202218726277,0.0009950249223038554,0.09514757245779037
YBR248C,YPL011C,0,,0.0010493178851902485,0.0009950249223038554,0.09524762630462646
YJL013C,YJL139C,0,,0.0010482179932296276,0.0009950249223038554,0.09534767270088196
YPL087W,YJL076W,0,,0.0010471204295754433,0.0009950249223038554,0.09544772654771805
YHR032W,YMR048W,0,,0.0010460250778123736,0.0009950249223038554,0.09554777294397354
YNL055C,YOR343C-B,0,,0.0010449320543557405,0.0009950249223038554,0.09564782679080963
YML082W,YPR124W,0,,0.001043841359205544,0.0009950249223038554,0.09574787318706512
YPL056C,YJL001W,0,,0.0010427528759464622,0.0009950249223038554,0.09584792703390121
YGL112C,YJL095W,0,,0.0010416667209938169,0.0009950249223038554,0.09594797343015671
YER141W,YGR072W,0,,0.0010405827779322863,0.0009950249223038554,0.0960480272769928
YLR138W,YLR105C,0,,0.0010395010467618704,0.0009950249223038554,0.09614807367324829
YJL014W,YMR106C,0,,0.001038421643897891,0.0009950249223038554,0.09624812752008438
YCR057C,YKL025C,0,,0.0010373444529250264,0.0009950249223038554,0.09634817391633987
YOR032C,YLR154W-A,0,,0.0010362694738432765,0.0009950249223038554,0.09644822776317596
YPR164W,YMR092C,0,,0.0010351967066526413,0.0009950249223038554,0.09654827415943146
YNL290W,YDR309C,0,,0.0010341261513531208,0.0009950249223038554,0.09664832055568695
YER151C,YOL077W-A,0,,0.001033057807944715,0.0009950249223038554,0.09674837440252304
YJR044C,YJL012C,0,,0.0010319917928427458,0.0009950249223038554,0.09684842079877853
YBR004C,YMR190C,0,,0.0010309278732165694,0.0009950249223038554,0.09694847464561462
YGR034W,YMR240C,0,,0.0010298661654815078,0.0009950249223038554,0.09704852104187012
YPL189W,YNL106C,0,,0.001028806553222239,0.0009950249223038554,0.09714857488870621
YDR414C,YBL067C,0,,0.0010277492692694068,0.0009950249223038554,0.0972486212849617
YBR280C,YOL121C,0,,0.0010266940807923675,0.0009950249223038554,0.09734867513179779
YDL070W,YJL207C,0,,0.001025640987791121,0.0009950249223038554,0.09744872152805328
YNL230C,YDR135C,0,,0.0010245901066809893,0.0009950249223038554,0.09754877537488937
YLR341W,YOR091W,0,,0.0010235414374619722,0.0009950249223038554,0.09764882177114487
YPL188W,YHR074W,0,,0.001022494863718748,0.0009950249223038554,0.09774887561798096
YBL099W,YDR137W,0,,0.0010214505018666387,0.0009950249223038554,0.09784892201423645
YLR330W,YDL122W,0,,0.0010204081190750003,0.0009950249223038554,0.09794897586107254
YMR234W,YGL163C,0,,0.0010193679481744766,0.0009950249223038554,0.09804902225732803
YKL086W,YDL178W,0,,0.0010183299891650677,0.0009950249223038554,0.09814907610416412
YER185W,YCL020W,0,,0.0010172940092161298,0.0009950249223038554,0.09824912250041962
YPL100W,YOR118W,0,,0.0010162601247429848,0.0009950249223038554,0.0983491763472557
YLR278C,YMR319C,0,,0.0010152284521609545,0.0009950249223038554,0.0984492227435112
YNL081C,YCR031C,0,,0.0010141987586393952,0.0009950249223038554,0.09854927659034729
YLR004C,YPL164C,0,,0.0010131712770089507,0.0009950249223038554,0.09864932298660278
YKL092C,YER038C,0,,0.0010121457744389772,0.0009950249223038554,0.09874937683343887
YEL037C,YMR005W,0,,0.0010111223673447967,0.0009950249223038554,0.09884942322969437
YBR211C,YGR277C,0,,0.001010101055726409,0.0009950249223038554,0.09894947707653046
YDR496C,YHL022C,0,,0.0010090817231684923,0.0009950249223038554,0.09904952347278595
YNL243W,YOL078W,0,,0.0010080644860863686,0.0009950249223038554,0.09914957731962204
YIL053W,YHR069C,0,,0.0010070493444800377,0.0009950249223038554,0.09924962371587753
YDL155W,YLR300W,0,,0.0010060361819341779,0.0009950249223038554,0.09934967756271362
YGR256W,YGR072W,0,,0.001005025114864111,0.0009950249223038554,0.09944972395896912
YDR062W,YPL183C,0,,0.001004016026854515,0.0009950249223038554,0.0995497778058052
YBL016W,YDR021W,0,,0.001003009034320712,0.0009950249223038554,0.0996498242020607
YER002W,YNL041C,0,,0.0010020040208473802,0.0009950249223038554,0.09974987804889679
YIL005W,YDL247W,0,,0.0010010009864345193,0.0009950249223038554,0.09984992444515228
YML080W,YPR171W,0,,0.0010000000474974513,0.0009950249223038554,0.09994997829198837
YMR048W,YDR085C,0,,0.0009990009712055326,0.0009950249223038554,0.10005002468824387
YNR049C,YCR033W,0,,0.0009980039903894067,0.0009950249223038554,0.10015007853507996
YJR034W,YIL097W,0,,0.0009970089886337519,0.0009950249223038554,0.10025012493133545
YDL070W,YML127W,0,,0.0009960159659385681,0.0009950249223038554,0.10035017877817154
YPL135W,YER050C,0,,0.0009950249223038554,0.0009950249223038554,0.10045022517442703
YLR151C,YPR180W,0,,0.000994035741314292,0.0009950249223038554,0.10055027157068253
YDR170C,YHR085W,0,,0.0009930486558005214,0.0009950249223038554,0.10065032541751862
YDR205W,YJR031C,0,,0.0009920635493472219,0.0009950249223038554,0.10075037181377411
YPL020C,YOR022C,0,,0.0009910803055390716,0.0009950249223038554,0.1008504256606102
YDR196C,YDR452W,0,,0.0009900990407913923,0.0009950249223038554,0.10095047205686569
YNR024W,YDL066W,0,,0.0009891196386888623,0.0009950249223038554,0.10105052590370178
YER090W,YKL069W,0,,0.0009881423320621252,0.0009950249223038554,0.10115057229995728
YJL214W,YMR296C,0,,0.0009871668880805373,0.0009950249223038554,0.10125062614679337
YLL018C,YHR135C,0,,0.0009861933067440987,0.0009950249223038554,0.10135067254304886
YEL001C,YMR172W,0,,0.000985221704468131,0.0009950249223038554,0.10145072638988495
YLR023C,YKL145W,0,,0.0009842519648373127,0.0009950249223038554,0.10155077278614044
YLL057C,YGL210W-A,0,,0.0009832842042669654,0.0009950249223038554,0.10165082663297653
YDL245C,YJL057C,0,,0.0009823183063417673,0.0009950249223038554,0.10175087302923203
YGL060W,YLR133W,0,,0.0009813542710617185,0.0009950249223038554,0.10185092687606812
YBR281C,YDR004W,0,,0.0009803922148421407,0.0009950249223038554,0.10195097327232361
YDR471W,YHL018W,0,,0.0009794319048523903,0.0009950249223038554,0.1020510271191597
YMR182C,YML101C,0,,0.000978473573923111,0.0009950249223038554,0.10215107351541519
YMR115W,YNL236W,0,,0.0009775171056389809,0.0009950249223038554,0.10225112736225128
YPL104W,YHR008C,0,,0.0009765625,0.0009950249223038554,0.10235117375850677
YDL066W,YJL128C,0,,0.0009756097570061684,0.0009950249223038554,0.10245122760534286
YBR282W,YMR143W,0,,0.000974658876657486,0.0009950249223038554,0.10255127400159836
YDR524C-B,YKL210W,0,,0.0009737098589539528,0.0009950249223038554,0.10265132784843445
YDR234W,YLL052C,0,,0.0009727626456879079,0.0009950249223038554,0.10275137424468994
YOR071C,YLR143W,0,,0.0009718172950670123,0.0009950249223038554,0.10285142809152603
YDR122W,YOL026C,0,,0.0009708738070912659,0.0009950249223038554,0.10295147448778152
YDL246C,YDR179C,0,,0.0009699321235530078,0.0009950249223038554,0.10305152833461761
YFL018C,YLR088W,0,,0.0009689922444522381,0.0009950249223038554,0.10315157473087311
YOR284W,YDR452W,0,,0.0009680542279966176,0.0009950249223038554,0.1032516285777092
YCL014W,YNL071W,0,,0.0009671180159784853,0.0009950249223038554,0.10335167497396469
YPL273W,YBR119W,0,,0.0009661835501901805,0.0009950249223038554,0.10345172882080078
YDL012C,YHR030C,0,,0.000965250947047025,0.0009950249223038554,0.10355177521705627
YHL033C,YBR100W,0,,0.0009643201483413577,0.0009950249223038554,0.10365182906389236
YKL025C,YPL215W,0,,0.0009633911540731788,0.0009950249223038554,0.10375187546014786
YKR039W,YDR314C,0,,0.0009624639060348272,0.0009950249223038554,0.10385192930698395
YGL001C,YDR397C,0,,0.000961538462433964,0.0009950249223038554,0.10395197570323944
YDR328C,YIR010W,0,,0.0009606147650629282,0.0009950249223038554,0.10405202955007553
YKL141W,YJL083W,0,,0.0009596928721293807,0.0009950249223038554,0.10415207594633102
YNR036C,YNL315C,0,,0.0009587727836333215,0.0009950249223038554,0.10425212234258652
YDR225W,YBR121C,0,,0.0009578543831594288,0.0009950249223038554,0.10435217618942261
YPL099C,YJL139C,0,,0.0009569377871230245,0.0009950249223038554,0.1044522225856781
YOR078W,YNL225C,0,,0.0009560229373164475,0.0009950249223038554,0.10455227643251419
YPL128C,YIL103W,0,,0.0009551098337396979,0.0009950249223038554,0.10465232282876968
YML059C,YML123C,0,,0.0009541984763927758,0.0009950249223038554,0.10475237667560577
YIL091C,YPR121W,0,,0.000953288865275681,0.0009950249223038554,0.10485242307186127
YCL025C,YLR300W,0,,0.0009523809421807528,0.0009950249223038554,0.10495247691869736
YBR204C,YDR267C,0,,0.0009514747653156519,0.0009950249223038554,0.10505252331495285
YIL030C,YJL151C,0,,0.0009505703346803784,0.0009950249223038554,0.10515257716178894
YDR098C,YJL186W,0,,0.0009496675920672715,0.0009950249223038554,0.10525262355804443
YPL139C,YIL142W,0,,0.0009487665956839919,0.0009950249223038554,0.10535267740488052
YGL097W,YLL055W,0,,0.0009478672873228788,0.0009950249223038554,0.10545272380113602
YJR120W,YFL014W,0,,0.0009469697251915932,0.0009950249223038554,0.1055527776479721
YLR200W,YBR018C,0,,0.0009460737928748131,0.0009950249223038554,0.1056528240442276
YPR082C,YDR221W,0,,0.0009451796067878604,0.0009950249223038554,0.10575287789106369
YDR264C,YLR350W,0,,0.0009442870505154133,0.0009950249223038554,0.10585292428731918
YNL092W,YPL236C,0,,0.0009433962404727936,0.0009950249223038554,0.10595297813415527
YJL058C,YDR165W,0,,0.0009425070602446795,0.0009950249223038554,0.10605302453041077
YER019C-A,YDR210W-A,0,,0.0009416195680387318,0.0009950249223038554,0.10615307837724686
YOL136C,YBR192W,0,,0.0009407337638549507,0.0009950249223038554,0.10625312477350235
YPL190C,YDR131C,0,,0.000939849647693336,0.0009950249223038554,0.10635317862033844
YBR215W,YLL032C,0,,0.0009389671613462269,0.0009950249223038554,0.10645322501659393
YDR404C,YER049W,0,,0.0009380863048136234,0.0009950249223038554,0.10655327886343002
YOR190W,YNL321W,0,,0.0009372071363031864,0.0009950249223038554,0.10665332525968552
YMR321C,YNL056W,0,,0.000936329597607255,0.0009950249223038554,0.1067533791065216
YDR184C,YLR051C,0,,0.0009354536887258291,0.0009950249223038554,0.1068534255027771
YML061C,YLR384C,0,,0.0009345794678665698,0.0009950249223038554,0.10695347934961319
YBR115C,YNR035C,0,,0.000933706818614155,0.0009950249223038554,0.10705352574586868
YEL029C,YDR143C,0,,0.0009328357991762459,0.0009950249223038554,0.10715357959270477
YOR243C,YGL142C,0,,0.0009319664677605033,0.0009950249223038554,0.10725362598896027
YFL021W,YKL025C,0,,0.0009310987079516053,0.0009950249223038554,0.10735367983579636
YDL077C,YBR276C,0,,0.0009302325779572129,0.0009950249223038554,0.10745372623205185
YDR414C,YMR046C,0,,0.0009293680195696652,0.0009950249223038554,0.10755378007888794
YOR382W,YAL038W,0,,0.000928505090996623,0.0009950249223038554,0.10765382647514343
YBR208C,YMR293C,0,,0.0009276437922380865,0.0009950249223038554,0.10775388032197952
YKL138C,YIL132C,0,,0.0009267840650863945,0.0009950249223038554,0.10785392671823502
YNL145W,YBR193C,0,,0.0009259259095415473,0.0009950249223038554,0.1079539805650711
YOR245C,YOL021C,0,,0.0009250693838112056,0.0009950249223038554,0.1080540269613266
YHR041C,YHR135C,0,,0.0009242144296877086,0.0009950249223038554,0.10815407335758209
YFL003C,YNL062C,0,,0.0009233610471710563,0.0009950249223038554,0.10825412720441818
YDR384C,YGL201C,0,,0.0009225092362612486,0.0009950249223038554,0.10835417360067368
YMR015C,YKL007W,0,,0.0009216589969582856,0.0009950249223038554,0.10845422744750977
YBR171W,YNR032C-A,0,,0.0009208103292621672,0.0009950249223038554,0.10855427384376526
YER175C,YLR011W,0,,0.0009199631749652326,0.0009950249223038554,0.10865432769060135
YPL241C,YOR230W,0,,0.0009191176504828036,0.0009950249223038554,0.10875437408685684
YER053C-A,YBL102W,0,,0.0009182736393995583,0.0009950249223038554,0.10885442793369293
YLR355C,YAL017W,0,,0.0009174311999231577,0.0009950249223038554,0.10895447432994843
YJL026W,YJR010W,0,,0.0009165902738459408,0.0009950249223038554,0.10905452817678452
YDR051C,YFL022C,0,,0.0009157509193755686,0.0009950249223038554,0.10915457457304001
YOR123C,YDL014W,0,,0.0009149130783043802,0.0009950249223038554,0.1092546284198761
YKR085C,YGL240W,0,,0.0009140768088400364,0.0009950249223038554,0.10935467481613159
YOL142W,YCL036W,0,,0.0009132419945672154,0.0009950249223038554,0.10945472866296768
YOR196C,YLL012W,0,,0.0009124087519012392,0.0009950249223038554,0.10955477505922318
YGR198W,YFL018C,0,,0.0009115770226344466,0.0009950249223038554,0.10965482890605927
YBR088C,YIR011C,0,,0.0009107468067668378,0.0009950249223038554,0.10975487530231476
YFL062W,YGR264C,0,,0.0009099181042984128,0.0009950249223038554,0.10985492914915085
YLR239C,YMR160W,0,,0.0009090909152291715,0.0009950249223038554,0.10995497554540634
YBR096W,YOR205C,0,,0.000908265239559114,0.0009950249223038554,0.11005502939224243
YDL021W,YIL019W,0,,0.0009074410190805793,0.0009950249223038554,0.11015507578849792
YER103W,YIL073C,0,,0.0009066183120012283,0.0009950249223038554,0.11025512963533401
YFR025C,YDR233C,0,,0.0009057971183210611,0.0009950249223038554,0.11035517603158951
YEL051W,YDR131C,0,,0.0009049773798324168,0.0009950249223038554,0.1104552298784256
YIR018W,YDL079C,0,,0.0009041591547429562,0.0009950249223038554,0.11055527627468109
YJL116C,YPR086W,0,,0.0009033423848450184,0.0009950249223038554,0.11065533012151718
YHR121W,YOR156C,0,,0.0009025270701386034,0.0009950249223038554,0.11075537651777267
YJL081C,YHR132C,0,,0.0009017132688313723,0.0009950249223038554,0.11085543036460876
YMR278W,YGR253C,0,,0.0009009009227156639,0.0009950249223038554,0.11095547676086426
YOR279C,YCR105W,0,,0.0009000900317914784,0.0009950249223038554,0.11105553060770035
YCL067C,YDR494W,0,,0.0008992805960588157,0.0009950249223038554,0.11115557700395584
YKR035W-A,YMR153W,0,,0.0008984726155176759,0.0009950249223038554,0.11125563085079193
YNR069C,YJL155C,0,,0.0008976660901680589,0.0009950249223038554,0.11135567724704742
YOL052C-A,YNL173C,0,,0.0008968609618023038,0.0009950249223038554,0.11145573109388351
YMR093W,YIL131C,0,,0.0008960573468357325,0.0009950249223038554,0.11155577749013901
YPR199C,YHL034C,0,,0.000895255128853023,0.0009950249223038554,0.1116558313369751
YGL148W,YNL286W,0,,0.0008944543660618365,0.0009950249223038554,0.11175587773323059
YJL005W,YJR159W,0,,0.0008936550584621727,0.0009950249223038554,0.11185593158006668
YHR030C,YOL128C,0,,0.0008928571478463709,0.0009950249223038554,0.11195597797632217
YJR070C,YLR330W,0,,0.000892060634214431,0.0009950249223038554,0.11205602437257767
YGL241W,YGL181W,0,,0.000891265575774014,0.0009950249223038554,0.11215607821941376
YJR125C,YPR194C,0,,0.0008904719725251198,0.0009950249223038554,0.11225612461566925
YJR070C,YBR049C,0,,0.0008896797080524266,0.0009950249223038554,0.11235617846250534
YCR021C,YIL098C,0,,0.0008888888987712562,0.0009950249223038554,0.11245622485876083
YKL129C,YFR009W,0,,0.0008880994864739478,0.0009950249223038554,0.11255627870559692
YBR247C,YER100W,0,,0.0008873114711605012,0.0009950249223038554,0.11265632510185242
YOR329C,YNL261W,0,,0.0008865247946232557,0.0009950249223038554,0.11275637894868851
YER171W,YJR095W,0,,0.0008857395732775331,0.0009950249223038554,0.112856425344944
YIL049W,YDR235W,0,,0.0008849557489156723,0.0009950249223038554,0.11295647919178009
YKL065C,YGL233W,0,,0.0008841733215376735,0.0009950249223038554,0.11305652558803558
YPR011C,YEL036C,0,,0.0008833922329358757,0.0009950249223038554,0.11315657943487167
YGR038W,YDL145C,0,,0.0008826125413179398,0.0009950249223038554,0.11325662583112717
YGL099W,YPR113W,0,,0.0008818341884762049,0.0009950249223038554,0.11335667967796326
YML073C,YBR026C,0,,0.0008810572908259928,0.0009950249223038554,0.11345672607421875
YOL142W,YKR068C,0,,0.0008802816737443209,0.0009950249223038554,0.11355677992105484
YKL222C,YNL016W,0,,0.0008795074536465108,0.0009950249223038554,0.11365682631731033
YLR056W,YGR013W,0,,0.0008787346305325627,0.0009950249223038554,0.11375688016414642
YBR260C,YMR273C,0,,0.0008779631461948156,0.0009950249223038554,0.11385692656040192
YNL048W,YNL240C,0,,0.0008771930006332695,0.0009950249223038554,0.113956980407238
YER167W,YOR313C,0,,0.0008764241938479245,0.0009950249223038554,0.1140570268034935
YGL139W,YHR114W,0,,0.0008756567258387804,0.0009950249223038554,0.11415708065032959
YER183C,YPL087W,0,,0.0008748906548134983,0.0009950249223038554,0.11425712704658508
YCR063W,YHR209W,0,,0.0008741258643567562,0.0009950249223038554,0.11435718089342117
YGR036C,YOR330C,0,,0.0008733624708838761,0.0009950249223038554,0.11445722728967667
YGR252W,YML001W,0,,0.0008726003579795361,0.0009950249223038554,0.11455728113651276
YPL046C,YPR068C,0,,0.000871839583851397,0.0009950249223038554,0.11465732753276825
YDR398W,YOR335C,0,,0.000871080148499459,0.0009950249223038554,0.11475738137960434
YOR330C,YBL068W,0,,0.0008703219937160611,0.0009950249223038554,0.11485742777585983
YOR273C,YGR013W,0,,0.0008695652359165251,0.0009950249223038554,0.11495748162269592
YFL049W,YGL243W,0,,0.0008688097586855292,0.0009950249223038554,0.11505752801895142
YER008C,YGL022W,0,,0.0008680555620230734,0.0009950249223038554,0.1151575818657875
YEL006W,YPL147W,0,,0.0008673027041368186,0.0009950249223038554,0.115257628262043
YCL045C,YLR057W,0,,0.000866551126819104,0.0009950249223038554,0.11535768210887909
YHR156C,YDL132W,0,,0.0008658008882775903,0.0009950249223038554,0.11545772850513458
YDR146C,YOL023W,0,,0.0008650519303046167,0.0009950249223038554,0.11555778235197067
YHL003C,YMR291W,0,,0.0008643042529001832,0.0009950249223038554,0.11565782874822617
YDR148C,YCR024C-A,0,,0.0008635578560642898,0.0009950249223038554,0.11575788259506226
YGR275W,YHR122W,0,,0.0008628127980045974,0.0009950249223038554,0.11585792899131775
YDR419W,YGL096W,0,,0.0008620689623057842,0.0009950249223038554,0.11595797538757324
YDR260C,YOL059W,0,,0.000861326465383172,0.0009950249223038554,0.11605802923440933
YHL017W,YOR294W,0,,0.000860585190821439,0.0009950249223038554,0.11615807563066483
YAL007C,YER151C,0,,0.000859845255035907,0.0009950249223038554,0.11625812947750092
YCR038C,YDR392W,0,,0.0008591065416112542,0.0009950249223038554,0.11635817587375641
YMR061W,YKR042W,0,,0.0008583691087551415,0.0009950249223038554,0.1164582297205925
YGL078C,YLL036C,0,,0.0008576329564675689,0.0009950249223038554,0.11655827611684799
YHR154W,YML126C,0,,0.0008568980265408754,0.0009950249223038554,0.11665832996368408
YJR130C,YCR012W,0,,0.0008561643771827221,0.0009950249223038554,0.11675837635993958
YER178W,YHR103W,0,,0.0008554320083931088,0.0009950249223038554,0.11685843020677567
YER098W,YDR171W,0,,0.0008547008619643748,0.0009950249223038554,0.11695847660303116
YAR008W,YDR097C,0,,0.0008539709378965199,0.0009950249223038554,0.11705853044986725
YHR210C,YDR324C,0,,0.0008532422943972051,0.0009950249223038554,0.11715857684612274
YPL256C,YFR036W,0,,0.0008525149314664304,0.0009950249223038554,0.11725863069295883
YHL015W,YDR411C,0,,0.000851788732688874,0.0009950249223038554,0.11735867708921432
YGL148W,YOL142W,0,,0.0008510638144798577,0.0009950249223038554,0.11745873093605042
YML073C,YDL140C,0,,0.0008503401186317205,0.0009950249223038554,0.11755877733230591
YKL185W,YOL059W,0,,0.0008496176451444626,0.0009950249223038554,0.117658831179142
YKL099C,YLR154W-A,0,,0.0008488964522257447,0.0009950249223038554,0.11775887757539749
YDR416W,YHR216W,0,,0.0008481764234602451,0.0009950249223038554,0.11785893142223358
YOL116W,YGL025C,0,,0.0008474576170556247,0.0009950249223038554,0.11795897781848907
YDR153C,YPL161C,0,,0.0008467400330118835,0.0009950249223038554,0.11805903166532516
YBR177C,YJL173C,0,,0.0008460236713290215,0.0009950249223038554,0.11815907806158066
YAR066W,YPL233W,0,,0.0008453085320070386,0.0009950249223038554,0.11825913190841675
YDL039C,YLR187W,0,,0.0008445946150459349,0.0009950249223038554,0.11835917830467224
YBR182C,YLL040C,0,,0.0008438818622380495,0.0009950249223038554,0.11845923215150833
YJR129C,YOR316C,0,,0.0008431703317910433,0.0009950249223038554,0.11855927854776382
YPR061C,YMR052W,0,,0.0008424599654972553,0.0009950249223038554,0.11865933239459991
YFL003C,YER093C,0,,0.0008417508215643466,0.0009950249223038554,0.11875937879085541
YDR361C,YER002W,0,,0.000841042899992317,0.0009950249223038554,0.1188594326376915
YFL057C,YMR296C,0,,0.0008403361425735056,0.0009950249223038554,0.11895947903394699
YCR038C,YPL223C,0,,0.0008396305493079126,0.0009950249223038554,0.11905953288078308
YAL056W,YGL210W-A,0,,0.0008389261784031987,0.0009950249223038554,0.11915957927703857
YKL127W,YJR091C,0,,0.0008382229716517031,0.0009950249223038554,0.11925963312387466
YPL065W,YLR191W,0,,0.0008375209290534258,0.0009950249223038554,0.11935967952013016
YGL255W,YDR515W,0,,0.0008368201088160276,0.0009950249223038554,0.11945973336696625
YOR144C,YKR053C,0,,0.0008361203945241868,0.0009950249223038554,0.11955977976322174
YML025C,YBR112C,0,,0.0008354219025932252,0.0009950249223038554,0.11965983361005783
YGL174W,YPL105C,0,,0.000834724516607821,0.0009950249223038554,0.11975988000631332
YOR253W,YML080W,0,,0.0008340283529832959,0.0009950249223038554,0.11985992640256882
YNL132W,YLR027C,0,,0.0008333333535119891,0.0009950249223038554,0.11995998024940491
YJL225C,YLL015W,0,,0.0008326394599862397,0.0009950249223038554,0.1200600266456604
YPL037C,YAL061W,0,,0.0008319467306137085,0.0009950249223038554,0.12016008049249649
YPR194C,YHR158C,0,,0.0008312552236020565,0.0009950249223038554,0.12026012688875198
YDR508C,YLR024C,0,,0.000830564764328301,0.0009950249223038554,0.12036018073558807
YLR148W,YOR118W,0,,0.0008298755274154246,0.0009950249223038554,0.12046022713184357
YDL061C,YNL026W,0,,0.0008291873964481056,0.0009950249223038554,0.12056028097867966
YBL089W,YPR127W,0,,0.0008285004296340048,0.0009950249223038554,0.12066032737493515
YHR094C,YDL021W,0,,0.0008278145687654614,0.0009950249223038554,0.12076038122177124
YCR044C,YCR018C,0,,0.0008271298720501363,0.0009950249223038554,0.12086042761802673
YJR051W,YBR042C,0,,0.0008264462812803686,0.0009950249223038554,0.12096048146486282
YPR133W-A,YER141W,0,,0.0008257638546638191,0.0009950249223038554,0.12106052786111832
YOR190W,YGL083W,0,,0.0008250825339928269,0.0009950249223038554,0.1211605817079544
YER069W,YLR219W,0,,0.0008244023192673922,0.0009950249223038554,0.1212606281042099
YGL172W,YMR273C,0,,0.0008237232104875147,0.0009950249223038554,0.12136068195104599
YIL048W,YGR271W,0,,0.0008230452658608556,0.0009950249223038554,0.12146072834730148
YMR044W,YPR083W,0,,0.0008223684271797538,0.0009950249223038554,0.12156078219413757
YNL236W,YDR210C-D,0,,0.0008216926944442093,0.0009950249223038554,0.12166082859039307
YDR105C,YEL063C,0,,0.0008210180676542222,0.0009950249223038554,0.12176088243722916
YGR165W,YOR253W,0,,0.0008203445468097925,0.0009950249223038554,0.12186092883348465
YHR203C,YNL160W,0,,0.0008196721319109201,0.0009950249223038554,0.12196098268032074
YPL045W,YIL143C,0,,0.0008190008229576051,0.0009950249223038554,0.12206102907657623
YJL076W,YIL128W,0,,0.0008183306199498475,0.0009950249223038554,0.12216108292341232
YOR353C,YNL326C,0,,0.0008176614646799862,0.0009950249223038554,0.12226112931966782
YOR087W,YLR154W-A,0,,0.0008169934735633433,0.0009950249223038554,0.1223611831665039
YOR119C,YPL013C,0,,0.0008163265301845968,0.0009950249223038554,0.1224612295627594
YPR001W,YDL117W,0,,0.0008156606927514076,0.0009950249223038554,0.12256128340959549
YMR060C,YBR136W,0,,0.0008149959030561149,0.0009950249223038554,0.12266132980585098
YLR227W-A,YIL064W,0,,0.0008143322193063796,0.0009950249223038554,0.12276138365268707
YBL089W,YNL138W,0,,0.0008136696415022016,0.0009950249223038554,0.12286143004894257
YNR063W,YLR277C,0,,0.00081300811143592,0.0009950249223038554,0.12296148389577866
YPL173W,YDL029W,0,,0.0008123476873151958,0.0009950249223038554,0.12306153029203415
YLR160C,YCR027C,0,,0.000811688310932368,0.0009950249223038554,0.12316158413887024
YGR065C,YOR245C,0,,0.0008110299822874367,0.0009950249223038554,0.12326163053512573
YML049C,YIL108W,0,,0.0008103727595880628,0.0009950249223038554,0.12336168438196182
YBL005W-A,YIL162W,0,,0.0008097165846265852,0.0009950249223038554,0.12346173077821732
YNL006W,YDR178W,0,,0.0008090615156106651,0.0009950249223038554,0.12356177717447281
YDL039C,YBL031W,0,,0.0008084074361249804,0.0009950249223038554,0.1236618310213089
YIL008W,YLR205C,0,,0.0008077544625848532,0.0009950249223038554,0.12376187741756439
YLR220W,YGL219C,0,,0.0008071024785749614,0.0009950249223038554,0.12386193126440048
YJL081C,YDR316W,0,,0.000806451600510627,0.0009950249223038554,0.12396197766065598
YKL092C,YOR156C,0,,0.0008058017701841891,0.0009950249223038554,0.12406203150749207
YAL022C,YAL048C,0,,0.0008051529875956476,0.0009950249223038554,0.12416207790374756
YDR014W-A,YBR293W,0,,0.0008045052527450025,0.0009950249223038554,0.12426213175058365
YKR067W,YGR207C,0,,0.000803858507424593,0.0009950249223038554,0.12436217814683914
YPL011C,YLR153C,0,,0.0008032128680497408,0.0009950249223038554,0.12446223199367523
YJL076W,YMR067C,0,,0.0008025682182051241,0.0009950249223038554,0.12456227838993073
YPL065W,YMR008C,0,,0.0008019246160984039,0.0009950249223038554,0.12466233223676682
YCR066W,YPL057C,0,,0.0008012820617295802,0.0009950249223038554,0.12476237863302231
YOR247W,YKR095W-A,0,,0.0008006404968909919,0.0009950249223038554,0.1248624324798584
YDR075W,YJL166W,0,,0.0007999999797903001,0.0009950249223038554,0.12496247887611389
YPL217C,YNL071W,0,,0.0007993605104275048,0.0009950249223038554,0.12506252527236938
YHR196W,YMR118C,0,,0.000798722030594945,0.0009950249223038554,0.12516258656978607
YOR207C,YIR025W,0,,0.0007980845985002816,0.0009950249223038554,0.12526263296604156
YGL100W,YGR097W,0,,0.0007974481559358537,0.0009950249223038554,0.12536267936229706
YDR398W,YPL249C,0,,0.0007968127611093223,0.0009950249223038554,0.12546272575855255
YER155C,YOL008W,0,,0.0007961783558130264,0.0009950249223038554,0.12556278705596924
YPL151C,YPL178W,0,,0.0007955449400469661,0.0009950249223038554,0.12566283345222473
YPR181C,YCR097W,0,,0.0007949125720188022,0.0009950249223038554,0.12576287984848022
YMR121C,YHR072W,0,,0.0007942811935208738,0.0009950249223038554,0.12586292624473572
YMR146C,YEL046C,0,,0.0007936508045531809,0.0009950249223038554,0.1259629875421524
YKR035W-A,YBR280C,0,,0.0007930214051157236,0.0009950249223038554,0.1260630339384079
YDL134C-A,YER053C-A,0,,0.0007923930534161627,0.0009950249223038554,0.1261630803346634
YDL058W,YDR023W,0,,0.0007917656330391765,0.0009950249223038554,0.12626312673091888
YFR053C,YCL034W,0,,0.0007911392604000866,0.0009950249223038554,0.12636318802833557
YJL021C,YMR234W,0,,0.0007905138190835714,0.0009950249223038554,0.12646323442459106
YGL207W,YOR010C,0,,0.0007898894255049527,0.0009950249223038554,0.12656328082084656
YKL078W,YLR110C,0,,0.0007892659632489085,0.0009950249223038554,0.12666332721710205
YBR043C,YFR021W,0,,0.0007886435487307608,0.0009950249223038554,0.12676338851451874
YER014C-A,YER013W,0,,0.0007880220655351877,0.0009950249223038554,0.12686343491077423
YDL066W,YPL108W,0,,0.0007874015718698502,0.0009950249223038554,0.12696348130702972
YGL225W,YDR119W,0,,0.0007867820677347481,0.0009950249223038554,0.12706352770328522
YAR050W,YGL054C,0,,0.0007861634949222207,0.0009950249223038554,0.1271635890007019
YJL066C,YML096W,0,,0.0007855459698475897,0.0009950249223038554,0.1272636353969574
YHR111W,YDR023W,0,,0.0007849293760955334,0.0009950249223038554,0.1273636817932129
YGL001C,YBR015C,0,,0.0007843137136660516,0.0009950249223038554,0.12746372818946838
YEL051W,YGR120C,0,,0.0007836990407668054,0.0009950249223038554,0.12756377458572388
YOR081C,YMR081C,0,,0.0007830853573977947,0.0009950249223038554,0.12766383588314056
YOR328W,YDR545W,0,,0.0007824726053513587,0.0009950249223038554,0.12776388227939606
YBL004W,YPL027W,0,,0.0007818608428351581,0.0009950249223038554,0.12786392867565155
YER139C,YGR121C,0,,0.0007812500116415322,0.0009950249223038554,0.12796397507190704
YML092C,YHR060W,0,,0.0007806401117704809,0.0009950249223038554,0.12806403636932373
YFL021W,YER178W,0,,0.0007800312014296651,0.0009950249223038554,0.12816408276557922
YBR170C,YLR047C,0,,0.0007794232224114239,0.0009950249223038554,0.12826412916183472
YOR001W,YPL079W,0,,0.0007788161747157574,0.0009950249223038554,0.1283641755580902
YDR098C-A,YBL087C,0,,0.0007782101165503263,0.0009950249223038554,0.1284642368555069
YGL241W,YBL040C,0,,0.0007776049897074699,0.0009950249223038554,0.1285642832517624
YJR138W,YKR039W,0,,0.0007770007941871881,0.0009950249223038554,0.12866432964801788
YFL018W-A,YMR202W,0,,0.000776397529989481,0.0009950249223038554,0.12876437604427338
YLR340W,YLR449W,0,,0.0007757951971143484,0.0009950249223038554,0.12886443734169006
YGL234W,YNR073C,0,,0.0007751937955617905,0.0009950249223038554,0.12896448373794556
YKL160W,YPL275W,0,,0.0007745933253318071,0.0009950249223038554,0.12906453013420105
YGR081C,YGR186W,0,,0.0007739937864243984,0.0009950249223038554,0.12916457653045654
YDR369C,YNL252C,0,,0.0007733951788395643,0.0009950249223038554,0.12926463782787323
YJL192C,YDR098C,0,,0.0007727975025773048,0.0009950249223038554,0.12936468422412872
YKL002W,YNL223W,0,,0.00077220075763762,0.0009950249223038554,0.12946473062038422
YFR038W,YKL006W,0,,0.0007716049440205097,0.0009950249223038554,0.1295647770166397
YKR083C,YIL119C,0,,0.0007710100035183132,0.0009950249223038554,0.1296648383140564
YDR361C,YNR039C,0,,0.0007704160525463521,0.0009950249223038554,0.1297648847103119
YOL137W,YDR434W,0,,0.0007698229164816439,0.0009950249223038554,0.12986493110656738
YJL168C,YLR333C,0,,0.0007692307699471712,0.0009950249223038554,0.12996497750282288
YOR162C,YDR240C,0,,0.0007686394965276122,0.0009950249223038554,0.13006503880023956
YBR149W,YJL103C,0,,0.0007680491544306278,0.0009950249223038554,0.13016508519649506
YIL153W,YIL135C,0,,0.0007674596854485571,0.0009950249223038554,0.13026513159275055
YIL099W,YIL133C,0,,0.0007668711477890611,0.0009950249223038554,0.13036517798900604
YER185W,YNL273W,0,,0.0007662835414521396,0.0009950249223038554,0.13046523928642273
YML028W,YDR214W,0,,0.0007656968082301319,0.0009950249223038554,0.13056528568267822
YGR157W,YLR310C,0,,0.0007651109481230378,0.0009950249223038554,0.13066533207893372
YMR197C,YER023W,0,,0.0007645260193385184,0.0009950249223038554,0.1307653784751892
YGL030W,YDR409W,0,,0.0007639419636689126,0.0009950249223038554,0.1308654397726059
YOR038C,YNL154C,0,,0.0007633587811142206,0.0009950249223038554,0.1309654861688614
YHR176W,YPR006C,0,,0.0007627765298821032,0.0009950249223038554,0.13106553256511688
YLR329W,YIL128W,0,,0.0007621950935572386,0.0009950249223038554,0.13116557896137238
YLL006W,YPL145C,0,,0.0007616146467626095,0.0009950249223038554,0.13126564025878906
YER129W,YBR217W,0,,0.0007610350148752332,0.0009950249223038554,0.13136568665504456
YGR198W,YBR235W,0,,0.0007604562561027706,0.0009950249223038554,0.13146573305130005
YDL102W,YDR165W,0,,0.0007598784286528826,0.0009950249223038554,0.13156577944755554
YKL127W,YBR216C,0,,0.0007593014161102474,0.0009950249223038554,0.13166582584381104
YGL097W,YBR254C,0,,0.0007587253348901868,0.0009950249223038554,0.13176588714122772
YBR086C,YAL033W,0,,0.0007581501267850399,0.0009950249223038554,0.13186593353748322
YMR237W,YGR287C,0,,0.0007575757335871458,0.0009950249223038554,0.1319659799337387
YOL142W,YLR259C,0,,0.0007570022717118263,0.0009950249223038554,0.1320660263299942
YPR174C,YOR088W,0,,0.0007564296247437596,0.0009950249223038554,0.1321660876274109
YPR061C,YGR074W,0,,0.0007558579090982676,0.0009950249223038554,0.13226613402366638
YBL040C,YHR138C,0,,0.0007552870083600283,0.0009950249223038554,0.13236618041992188
YPR154W,YJR138W,0,,0.0007547169807367027,0.0009950249223038554,0.13246622681617737
YER060W-A,YEL034W,0,,0.0007541478262282908,0.0009950249223038554,0.13256628811359406
YDR473C,YJL178C,0,,0.0007535794866271317,0.0009950249223038554,0.13266633450984955
YKR028W,YLR291C,0,,0.0007530120201408863,0.0009950249223038554,0.13276638090610504
YOR275C,YLR340W,0,,0.0007524454267695546,0.0009950249223038554,0.13286642730236053
YBL011W,YNR032C-A,0,,0.0007518797065131366,0.0009950249223038554,0.13296648859977722
YGR244C,YGL246C,0,,0.0007513148011639714,0.0009950249223038554,0.13306653499603271
YOL077W-A,YHR170W,0,,0.0007507507689297199,0.0009950249223038554,0.1331665813922882
YCL048W,YFL013C,0,,0.0007501875516027212,0.0009950249223038554,0.1332666277885437
YPL137C,YHR088W,0,,0.0007496252073906362,0.0009950249223038554,0.1333666890859604
YKL038W,YGL037C,0,,0.000749063678085804,0.0009950249223038554,0.13346673548221588
YOL124C,YML121W,0,,0.0007485030218958855,0.0009950249223038554,0.13356678187847137
YPL242C,YDL230W,0,,0.0007479431806132197,0.0009950249223038554,0.13366682827472687
YBR120C,YAL056W,0,,0.0007473841542378068,0.0009950249223038554,0.13376688957214355
YML100W,YJR055W,0,,0.0007468260009773076,0.0009950249223038554,0.13386693596839905
YGR023W,YPR095C,0,,0.0007462686626240611,0.0009950249223038554,0.13396698236465454
YMR215W,YPL012W,0,,0.0007457121391780674,0.0009950249223038554,0.13406702876091003
YGR055W,YNL172W,0,,0.0007451564888469875,0.0009950249223038554,0.13416709005832672
YDL058W,YPL030W,0,,0.0007446016534231603,0.0009950249223038554,0.13426713645458221
YDR527W,YLR075W,0,,0.0007440476329065859,0.0009950249223038554,0.1343671828508377
YDL045C,YLR258W,0,,0.0007434944272972643,0.0009950249223038554,0.1344672292470932
YHL003C,YLR002C,0,,0.0007429420365951955,0.0009950249223038554,0.1345672905445099
YOR133W,YDR122W,0,,0.0007423905190080404,0.0009950249223038554,0.13466733694076538
YKL141W,YOL066C,0,,0.0007418397581204772,0.0009950249223038554,0.13476738333702087
YHR002W,YCR024C-A,0,,0.0007412898703478277,0.0009950249223038554,0.13486742973327637
YJR125C,YHR158C,0,,0.00074074073927477,0.0009950249223038554,0.13496749103069305
YOL049W,YMR134W,0,,0.0007401924231089652,0.0009950249223038554,0.13506753742694855
YML023C,YHR205W,0,,0.000739644980058074,0.0009950249223038554,0.13516758382320404
YGR224W,YOR079C,0,,0.0007390982937067747,0.0009950249223038554,0.13526763021945953
YHR149C,YOR020C,0,,0.0007385524222627282,0.0009950249223038554,0.13536767661571503
YNL083W,YGL142C,0,,0.0007380073657259345,0.0009950249223038554,0.1354677379131317
YLR251W,YMR055C,0,,0.0007374631240963936,0.0009950249223038554,0.1355677843093872
YJL168C,YPL087W,0,,0.0007369196973741055,0.0009950249223038554,0.1356678307056427
YFR031C-A,YMR131C,0,,0.0007363770273514092,0.0009950249223038554,0.1357678771018982
YKL001C,YPL207W,0,,0.0007358351722359657,0.0009950249223038554,0.13586793839931488
YJL014W,YOR156C,0,,0.000735294132027775,0.0009950249223038554,0.13596798479557037
YPL002C,YOR209C,0,,0.0007347538485191762,0.0009950249223038554,0.13606803119182587
YDL061C,YLR052W,0,,0.0007342143799178302,0.0009950249223038554,0.13616807758808136
YKL005C,YDR500C,0,,0.000733675726223737,0.0009950249223038554,0.13626813888549805
YLR410W,YNL220W,0,,0.0007331378292292356,0.0009950249223038554,0.13636818528175354
YER101C,YDL220C,0,,0.0007326007471419871,0.0009950249223038554,0.13646823167800903
YNL202W,YNR004W,0,,0.0007320644217543304,0.0009950249223038554,0.13656827807426453
YER124C,YLR226W,0,,0.0007315289112739265,0.0009950249223038554,0.1366683393716812
YDR301W,YNL021W,0,,0.0007309941574931145,0.0009950249223038554,0.1367683857679367
YHR112C,YOR338W,0,,0.0007304602186195552,0.0009950249223038554,0.1368684321641922
YMR136W,YBR153W,0,,0.000729926978237927,0.0009950249223038554,0.1369684785604477
YML004C,YLR345W,0,,0.0007293946109712124,0.0009950249223038554,0.13706853985786438
YPL227C,YPL140C,0,,0.0007288630004040897,0.0009950249223038554,0.13716858625411987
YDR518W,YDL135C,0,,0.0007283321465365589,0.0009950249223038554,0.13726863265037537
YCR055C,YML073C,0,,0.0007278020493686199,0.0009950249223038554,0.13736867904663086
YPL230W,YNL317W,0,,0.0007272727089002728,0.0009950249223038554,0.13746874034404755
YOR292C,YHR065C,0,,0.0007267441833391786,0.0009950249223038554,0.13756878674030304
YDR079W,YLR313C,0,,0.0007262164144776762,0.0009950249223038554,0.13766883313655853
YDR222W,YFR050C,0,,0.0007256894023157656,0.0009950249223038554,0.13776887953281403
YLR222C,YOR254C,0,,0.000725163146853447,0.0009950249223038554,0.1378689408302307
YBR029C,YPL036W,0,,0.0007246377062983811,0.0009950249223038554,0.1379689872264862
YGL240W,YDR492W,0,,0.0007241129642352462,0.0009950249223038554,0.1380690336227417
YOR001W,YGR109W-A,0,,0.0007235889788717031,0.0009950249223038554,0.1381690800189972
YKL080W,YBR060C,0,,0.0007230658084154129,0.0009950249223038554,0.13826914131641388
YLR239C,YPL211W,0,,0.0007225433364510536,0.0009950249223038554,0.13836918771266937
YOR123C,YPL253C,0,,0.0007220216793939471,0.0009950249223038554,0.13846923410892487
YHR090C,YCR068W,0,,0.0007215007208287716,0.0009950249223038554,0.13856928050518036
YFL002W-B,YLR247C,0,,0.0007209805189631879,0.0009950249223038554,0.13866934180259705
YLL048C,YOR156C,0,,0.0007204610737971961,0.0009950249223038554,0.13876938819885254
YPL266W,YFR018C,0,,0.0007199423853307962,0.0009950249223038554,0.13886943459510803
YBR072W,YOR372C,0,,0.0007194244535639882,0.0009950249223038554,0.13896948099136353
YCL043C,YDL121C,0,,0.000718907278496772,0.0009950249223038554,0.13906952738761902
YPR120C,YOR089C,0,,0.0007183908019214869,0.0009950249223038554,0.1391695886850357
YHL026C,YMR112C,0,,0.0007178750820457935,0.0009950249223038554,0.1392696350812912
YGL172W,YGR012W,0,,0.0007173601188696921,0.0009950249223038554,0.1393696814775467
YML086C,YDL216C,0,,0.0007168458541855216,0.0009950249223038554,0.13946972787380219
YPL007C,YGL053W,0,,0.0007163324044086039,0.0009950249223038554,0.13956978917121887
YGL216W,YOR071C,0,,0.0007158195949159563,0.0009950249223038554,0.13966983556747437
YJL100W,YAR035W,0,,0.0007153076003305614,0.0009950249223038554,0.13976988196372986
YAL054C,YGR038C-B,0,,0.0007147963042370975,0.0009950249223038554,0.13986992835998535
YFR031C,YPL047W,0,,0.0007142857066355646,0.0009950249223038554,0.13996998965740204
YER087C-B,YGL183C,0,,0.0007137758657336235,0.0009950249223038554,0.14007003605365753
YML132W,YMR167W,0,,0.0007132667815312743,0.0009950249223038554,0.14017008244991302
YKR018C,YGR038C-B,0,,0.0007127583958208561,0.0009950249223038554,0.14027012884616852
YBR089C-A,YOR048C,0,,0.0007122507086023688,0.0009950249223038554,0.1403701901435852
YBR128C,YGR227W,0,,0.0007117437780834734,0.0009950249223038554,0.1404702365398407
YKR024C,YGR094W,0,,0.000711237546056509,0.0009950249223038554,0.1405702829360962
YGR206W,YDL040C,0,,0.0007107320707291365,0.0009950249223038554,0.14067032933235168
YDL214C,YNR044W,0,,0.0007102272938936949,0.0009950249223038554,0.14077039062976837
YJL122W,YOR338W,0,,0.0007097232155501842,0.0009950249223038554,0.14087043702602386
YAL001C,YPR196W,0,,0.0007092198356986046,0.0009950249223038554,0.14097048342227936
YNL246W,YKR060W,0,,0.0007087172125466168,0.0009950249223038554,0.14107052981853485
YGL078C,YGR238C,0,,0.00070821528788656,0.0009950249223038554,0.14117059111595154
YKR013W,YNL026W,0,,0.0007077140617184341,0.0009950249223038554,0.14127063751220703
YGR204W,YMR153W,0,,0.0007072135922499001,0.0009950249223038554,0.14137068390846252
YDL058W,YHR096C,0,,0.0007067137630656362,0.0009950249223038554,0.14147073030471802
YLL010C,YHR024C,0,,0.0007062146905809641,0.0009950249223038554,0.1415707916021347
YGL189C,YFL049W,0,,0.000705716316588223,0.0009950249223038554,0.1416708379983902
YOL137W,YHL022C,0,,0.0007052186410874128,0.0009950249223038554,0.1417708843946457
YDR076W,YKL079W,0,,0.0007047216058708727,0.0009950249223038554,0.14187093079090118
YDL171C,YCR089W,0,,0.0007042253273539245,0.0009950249223038554,0.14197099208831787
YNL182C,YLR308W,0,,0.0007037297473289073,0.0009950249223038554,0.14207103848457336
YJL059W,YOR079C,0,,0.000703234865795821,0.0009950249223038554,0.14217108488082886
YDR217C,YKR069W,0,,0.0007027406827546656,0.0009950249223038554,0.14227113127708435
YPL257W-B,YER042W,0,,0.0007022471982054412,0.0009950249223038554,0.14237119257450104
YJL054W,YLR044C,0,,0.0007017544121481478,0.0009950249223038554,0.14247123897075653
YHR079C-B,YCL057W,0,,0.0007012622663751245,0.0009950249223038554,0.14257128536701202
YMR318C,YCL026C-B,0,,0.000700770819094032,0.0009950249223038554,0.14267133176326752
YML102W,YOR128C,0,,0.0007002801285125315,0.0009950249223038554,0.1427713930606842
YLR362W,YJL208C,0,,0.000699790078215301,0.0009950249223038554,0.1428714394569397
YOR180C,YCR106W,0,,0.0006993007264100015,0.0009950249223038554,0.1429714858531952
YOR285W,YMR180C,0,,0.000698812014888972,0.0009950249223038554,0.14307153224945068
YNL256W,YFR024C-A,0,,0.0006983240018598735,0.0009950249223038554,0.14317157864570618
YOR304C-A,YML126C,0,,0.000697836687322706,0.0009950249223038554,0.14327163994312286
YJR035W,YDL216C,0,,0.0006973500712774694,0.0009950249223038554,0.14337168633937836
YBR084C-A,YAL014C,0,,0.0006968640955165029,0.0009950249223038554,0.14347173273563385
YKL049C,YMR237W,0,,0.0006963788182474673,0.0009950249223038554,0.14357177913188934
YHR032W,YJL116C,0,,0.0006958942394703627,0.0009950249223038554,0.14367184042930603
YDR276C,YNL064C,0,,0.0006954103009775281,0.0009950249223038554,0.14377188682556152
YMR078C,YFR024C-A,0,,0.0006949270609766245,0.0009950249223038554,0.14387193322181702
YOR115C,YGL237C,0,,0.0006944444612599909,0.0009950249223038554,0.1439719796180725
YNL223W,YHR150W,0,,0.0006939625018276274,0.0009950249223038554,0.1440720409154892
YGL062W,YHR005C-A,0,,0.0006934812990948558,0.0009950249223038554,0.1441720873117447
YNL214W,YGR068C,0,,0.0006930006784386933,0.0009950249223038554,0.14427213370800018
YPL030W,YBL036C,0,,0.0006925207562744617,0.0009950249223038554,0.14437218010425568
YOL077W-A,YPR189W,0,,0.0006920415326021612,0.0009950249223038554,0.14447224140167236
YPL050C,YLR417W,0,,0.0006915629492141306,0.0009950249223038554,0.14457228779792786
YNR023W,YML038C,0,,0.0006910850061103702,0.0009950249223038554,0.14467233419418335
YOR073W,YER065C,0,,0.0006906077614985406,0.0009950249223038554,0.14477238059043884
YCR086W,YPR160W,0,,0.0006901310989633203,0.0009950249223038554,0.14487244188785553
YMR136W,YJL184W,0,,0.0006896551931276917,0.0009950249223038554,0.14497248828411102
YBL009W,YIL137C,0,,0.0006891798693686724,0.0009950249223038554,0.14507253468036652
YBR111W-A,YDR406W,0,,0.000688705244101584,0.0009950249223038554,0.145172581076622
YML045W-A,YBR115C,0,,0.0006882312591187656,0.0009950249223038554,0.1452726423740387
YPR057W,YDR137W,0,,0.0006877579144202173,0.0009950249223038554,0.1453726887702942
YPL244C,YKR028W,0,,0.000687285210005939,0.0009950249223038554,0.14547273516654968
YDL170W,YBR228W,0,,0.0006868132040835917,0.0009950249223038554,0.14557278156280518
YKL054C,YJL180C,0,,0.0006863417802378535,0.0009950249223038554,0.14567284286022186
YGL038C,YLL032C,0,,0.0006858710548840463,0.0009950249223038554,0.14577288925647736
YLR424W,YOR236W,0,,0.0006854009698145092,0.0009950249223038554,0.14587293565273285
YDR485C,YHR124W,0,,0.000684931525029242,0.0009950249223038554,0.14597298204898834
YLR154W-A,YIL095W,0,,0.000684462720528245,0.0009950249223038554,0.14607304334640503
YDR289C,YDR285W,0,,0.000683994556311518,0.0009950249223038554,0.14617308974266052
YLR208W,YDR434W,0,,0.0006835269741714001,0.0009950249223038554,0.14627313613891602
YGL145W,YHR158C,0,,0.0006830600905232131,0.0009950249223038554,0.1463731825351715
YOR232W,YGR172C,0,,0.0006825938471592963,0.0009950249223038554,0.1464732438325882
YGL070C,YOR256C,0,,0.0006821282440796494,0.0009950249223038554,0.1465732902288437
YGL131C,YMR199W,0,,0.0006816632812842727,0.0009950249223038554,0.14667333662509918
YML029W,YNL070W,0,,0.000681198900565505,0.0009950249223038554,0.14677338302135468
YGR157W,YJL020C,0,,0.0006807352183386683,0.0009950249223038554,0.14687342941761017
YBR280C,YML102W,0,,0.0006802721181884408,0.0009950249223038554,0.14697349071502686
YGR247W,YIL168W,0,,0.0006798096583224833,0.0009950249223038554,0.14707353711128235
YNL056W,YGR252W,0,,0.0006793478387407959,0.0009950249223038554,0.14717358350753784
YLL043W,YLR210W,0,,0.0006788866012357175,0.0009950249223038554,0.14727362990379333
YPR200C,YER087W,0,,0.0006784260622225702,0.0009950249223038554,0.14737369120121002
YMR013C,YKR102W,0,,0.000677966105286032,0.0009950249223038554,0.14747373759746552
YGR096W,YJR048W,0,,0.0006775067886337638,0.0009950249223038554,0.147573783993721
YKR096W,YGL200C,0,,0.0006770480540581048,0.0009950249223038554,0.1476738303899765
YER146W,YNL132W,0,,0.0006765899597667158,0.0009950249223038554,0.1477738916873932
YCR045C,YGL062W,0,,0.0006761325057595968,0.0009950249223038554,0.14787393808364868
YPL232W,YNL246W,0,,0.0006756756920367479,0.0009950249223038554,0.14797398447990417
YFL001W,YBR152W,0,,0.0006752194603905082,0.0009950249223038554,0.14807403087615967
YLR093C,YDL105W,0,,0.0006747638108208776,0.0009950249223038554,0.14817409217357635
YER171W,YLR071C,0,,0.0006743088597431779,0.0009950249223038554,0.14827413856983185
YLL057C,YER145C,0,,0.0006738544325344265,0.0009950249223038554,0.14837418496608734
YJR112W,YBR200W-A,0,,0.0006734006456099451,0.0009950249223038554,0.14847423136234283
YHR107C,YIL117C,0,,0.0006729474989697337,0.0009950249223038554,0.14857429265975952
YNR003C,YGL245W,0,,0.0006724949344061315,0.0009950249223038554,0.14867433905601501
YOL039W,YDR435C,0,,0.0006720430101267993,0.0009950249223038554,0.1487743854522705
YNL134C,YJR093C,0,,0.0006715916679240763,0.0009950249223038554,0.148874431848526
YBR200W,YOR197W,0,,0.0006711409660056233,0.0009950249223038554,0.1489744931459427
YKL213C,YFL034C-A,0,,0.0006706907879561186,0.0009950249223038554,0.14907453954219818
YPL056C,YKL176C,0,,0.0006702413083985448,0.0009950249223038554,0.14917458593845367
YJL192C,YGR271C-A,0,,0.0006697923527099192,0.0009950249223038554,0.14927463233470917
YFR014C,YMR300C,0,,0.0006693440373055637,0.0009950249223038554,0.14937469363212585
YDR122W,YPR067W,0,,0.0006688963039778173,0.0009950249223038554,0.14947474002838135
YGR027C,YDL175C,0,,0.000668449210934341,0.0009950249223038554,0.14957478642463684
YNL175C,YFR021W,0,,0.0006680026999674737,0.0009950249223038554,0.14967483282089233
YJR161C,YKL005C,0,,0.0006675567710772157,0.0009950249223038554,0.14977489411830902
YLR329W,YHR214C-B,0,,0.0006671114242635667,0.0009950249223038554,0.14987494051456451
YGL049C,YLR234W,0,,0.0006666666595265269,0.0009950249223038554,0.14997498691082
YML019W,YBL100W-B,0,,0.0006662225350737572,0.0009950249223038554,0.1500750333070755
YPL140C,YPL003W,0,,0.0006657789344899356,0.0009950249223038554,0.1501750946044922
YEL012W,YDL215C,0,,0.0006653359741903841,0.0009950249223038554,0.15027514100074768
YPR141C,YNL035C,0,,0.0006648935959674418,0.0009950249223038554,0.15037518739700317
YHR148W,YHR106W,0,,0.0006644517998211086,0.0009950249223038554,0.15047523379325867
YNL010W,YCR017C,0,,0.0006640106439590454,0.0009950249223038554,0.15057529509067535
YMR119W,YBR077C,0,,0.0006635700119659305,0.0009950249223038554,0.15067534148693085
YBR068C,YNL064C,0,,0.0006631299620494246,0.0009950249223038554,0.15077538788318634
YGR028W,YML098W,0,,0.0006626905524171889,0.0009950249223038554,0.15087543427944183
YHR079C-B,YIL010W,0,,0.0006622516666539013,0.0009950249223038554,0.15097548067569733
YLR262C,YBR031W,0,,0.0006618133629672229,0.0009950249223038554,0.151075541973114
YPR141C,YMR288W,0,,0.0006613756413571537,0.0009950249223038554,0.1511755883693695
YKL203C,YIR034C,0,,0.0006609385600313544,0.0009950249223038554,0.151275634765625
YML093W,YJL054W,0,,0.0006605020025745034,0.0009950249223038554,0.1513756811618805
YMR260C,YPL176C,0,,0.0006600660271942616,0.0009950249223038554,0.15147574245929718
YFL003C,YCR067C,0,,0.0006596306338906288,0.0009950249223038554,0.15157578885555267
YDR384C,YDL021W,0,,0.0006591957644559443,0.0009950249223038554,0.15167583525180817
YAL007C,YBR188C,0,,0.0006587615353055298,0.0009950249223038554,0.15177588164806366
YOR113W,YGR099W,0,,0.0006583278300240636,0.0009950249223038554,0.15187594294548035
YFL066C,YLL026W,0,,0.0006578947650268674,0.0009950249223038554,0.15197598934173584
YDR072C,YPL108W,0,,0.0006574622238986194,0.0009950249223038554,0.15207603573799133
YDR180W,YGR074W,0,,0.0006570302066393197,0.0009950249223038554,0.15217608213424683
YNL190W,YJL030W,0,,0.00065659882966429,0.0009950249223038554,0.1522761434316635
YLR071C,YPR097W,0,,0.0006561679765582085,0.0009950249223038554,0.152376189827919
YDR254W,YGR257C,0,,0.0006557377055287361,0.0009950249223038554,0.1524762362241745
YKL138C,YDR020C,0,,0.0006553080165758729,0.0009950249223038554,0.15257628262043
YOL040C,YLL023C,0,,0.0006548788514919579,0.0009950249223038554,0.15267634391784668
YGL153W,YBL002W,0,,0.000654450268484652,0.0009950249223038554,0.15277639031410217
YLL057C,YJL115W,0,,0.0006540222093462944,0.0009950249223038554,0.15287643671035767
YKL155C,YOR126C,0,,0.0006535947904922068,0.0009950249223038554,0.15297648310661316
YNL229C,YHR202W,0,,0.0006531678372994065,0.0009950249223038554,0.15307654440402985
YPL065W,YBL007C,0,,0.0006527415243908763,0.0009950249223038554,0.15317659080028534
YPL133C,YGR260W,0,,0.0006523157353512943,0.0009950249223038554,0.15327663719654083
YLR388W,YKL149C,0,,0.0006518904701806605,0.0009950249223038554,0.15337668359279633
YPL180W,YJL167W,0,,0.0006514657870866358,0.0009950249223038554,0.153476744890213
YJL001W,YDR045C,0,,0.0006510416860692203,0.0009950249223038554,0.1535767912864685
YJL204C,YBR091C,0,,0.000650618108920753,0.0009950249223038554,0.153676837682724
YDR476C,YHR069C,0,,0.0006501950556412339,0.0009950249223038554,0.1537768840789795
YGL129C,YPR024W,0,,0.000649772584438324,0.0009950249223038554,0.15387694537639618
YBR031W,YIL069C,0,,0.0006493506371043622,0.0009950249223038554,0.15397699177265167
YDL217C,YML058W-A,0,,0.0006489292718470097,0.0009950249223038554,0.15407703816890717
YGR067C,YGR020C,0,,0.0006485084304586053,0.0009950249223038554,0.15417708456516266
YGL122C,YBR021W,0,,0.0006480881129391491,0.0009950249223038554,0.15427714586257935
YJR113C,YER071C,0,,0.0006476683774963021,0.0009950249223038554,0.15437719225883484
YMR156C,YFR040W,0,,0.0006472491659224033,0.0009950249223038554,0.15447723865509033
YER138C,YER046W,0,,0.0006468305364251137,0.0009950249223038554,0.15457728505134583
YFL010W-A,YPR097W,0,,0.0006464124307967722,0.0009950249223038554,0.15467733144760132
YNR072W,YLR332W,0,,0.000645994849037379,0.0009950249223038554,0.154777392745018
YBR085W,YLR050C,0,,0.000645577791146934,0.0009950249223038554,0.1548774391412735
YPL170W,YJR082C,0,,0.0006451613153330982,0.0009950249223038554,0.154977485537529
YOL039W,YHR216W,0,,0.0006447453051805496,0.0009950249223038554,0.15507753193378448
YBR150C,YBR257W,0,,0.0006443298771046102,0.0009950249223038554,0.15517759323120117
YKR083C,YGR013W,0,,0.0006439150311052799,0.0009950249223038554,0.15527763962745667
YOL086W-A,YMR243C,0,,0.000643500650767237,0.0009950249223038554,0.15537768602371216
YNL232W,YCL039W,0,,0.0006430867942981422,0.0009950249223038554,0.15547773241996765
YMR137C,YGR209C,0,,0.0006426735199056566,0.0009950249223038554,0.15557779371738434
YJL035C,YJL122W,0,,0.0006422607693821192,0.0009950249223038554,0.15567784011363983
YBL035C,YGL046W,0,,0.00064184854272753,0.0009950249223038554,0.15577788650989532
YDR398W,YGR108W,0,,0.000641436839941889,0.0009950249223038554,0.15587793290615082
YHR094C,YKL025C,0,,0.0006410256610251963,0.0009950249223038554,0.1559779942035675
YDR261C-D,YBR109C,0,,0.0006406150059774518,0.0009950249223038554,0.156078040599823
YJR021C,YGR085C,0,,0.0006402048747986555,0.0009950249223038554,0.1561780869960785
YPL137C,YCR052W,0,,0.0006397952674888074,0.0009950249223038554,0.15627813339233398
YGR046W,YJL012C-A,0,,0.0006393861840479076,0.0009950249223038554,0.15637819468975067
YOL076W,YGL130W,0,,0.000638977624475956,0.0009950249223038554,0.15647824108600616
YKL110C,YFR055W,0,,0.0006385695887729526,0.0009950249223038554,0.15657828748226166
YDR172W,YKL084W,0,,0.0006381620769388974,0.0009950249223038554,0.15667833387851715
YLR353W,YDR025W,0,,0.0006377550889737904,0.0009950249223038554,0.15677839517593384
YER151C,YEL005C,0,,0.0006373486248776317,0.0009950249223038554,0.15687844157218933
YLR130C,YIR032C,0,,0.0006369426846504211,0.0009950249223038554,0.15697848796844482
YNR057C,YHR114W,0,,0.0006365372100844979,0.0009950249223038554,0.15707853436470032
YAL001C,YPL050C,0,,0.0006361323175951838,0.0009950249223038554,0.157178595662117
YKL166C,YHL020C,0,,0.0006357278907671571,0.0009950249223038554,0.1572786420583725
YDR451C,YER081W,0,,0.0006353239878080785,0.0009950249223038554,0.157378688454628
YOR162C,YBR091C,0,,0.0006349206087179482,0.0009950249223038554,0.15747873485088348
YMR075W,YBR217W,0,,0.0006345177534967661,0.0009950249223038554,0.15757879614830017
YDL179W,YIR008C,0,,0.0006341154221445322,0.0009950249223038554,0.15767884254455566
YBR216C,YDR281C,0,,0.0006337135564535856,0.0009950249223038554,0.15777888894081116
YNL231C,YDR470C,0,,0.0006333122146315873,0.0009950249223038554,0.15787893533706665
YDR430C,YPL224C,0,,0.0006329113966785371,0.0009950249223038554,0.15797899663448334
YDR146C,YPL138C,0,,0.0006325110443867743,0.0009950249223038554,0.15807904303073883
YLR264W,YGR057C,0,,0.0006321112741716206,0.0009950249223038554,0.15817908942699432
YHR141C,YML038C,0,,0.0006317119114100933,0.0009950249223038554,0.15827913582324982
YAL031C,YOR058C,0,,0.0006313131307251751,0.0009950249223038554,0.1583791822195053
YMR060C,YOR011W,0,,0.0006309148157015443,0.0009950249223038554,0.158479243516922
YBL101W-B,YBR052C,0,,0.0006305170245468616,0.0009950249223038554,0.1585792899131775
YLR154W-A,YDR081C,0,,0.0006301196990534663,0.0009950249223038554,0.15867933630943298
YOL070C,YKL064W,0,,0.0006297228974290192,0.0009950249223038554,0.15877938270568848
YPL079W,YDR411C,0,,0.0006293266196735203,0.0009950249223038554,0.15887944400310516
YGR038C-B,YIL123W,0,,0.0006289308075793087,0.0009950249223038554,0.15897949039936066
YNR010W,YIR010W,0,,0.0006285355193540454,0.0009950249223038554,0.15907953679561615
YPR061C,YKL157W,0,,0.0006281406967900693,0.0009950249223038554,0.15917958319187164
YGL104C,YMR284W,0,,0.0006277463980950415,0.0009950249223038554,0.15927964448928833
YHL017W,YGR038W,0,,0.000627352565061301,0.0009950249223038554,0.15937969088554382
YMR230W,YFL033C,0,,0.0006269592558965087,0.0009950249223038554,0.15947973728179932
YMR092C,YLR298C,0,,0.0006265664123930037,0.0009950249223038554,0.1595797836780548
YGR271W,YMR104C,0,,0.0006261740927584469,0.0009950249223038554,0.1596798449754715
YLR107W,YDR365C,0,,0.0006257822387851775,0.0009950249223038554,0.159779891371727
YDR490C,YOR241W,0,,0.0006253908504731953,0.0009950249223038554,0.15987993776798248
YJL079C,YOL094C,0,,0.0006249999860301614,0.0009950249223038554,0.15997998416423798
YDL232W,YPL066W,0,,0.0006246096454560757,0.0009950249223038554,0.16008004546165466
YLR277C,YKL126W,0,,0.0006242197123356164,0.0009950249223038554,0.16018009185791016
YBR045C,YDR085C,0,,0.0006238303030841053,0.0009950249223038554,0.16028013825416565
YDR365W-B,YOR126C,0,,0.0006234414177015424,0.0009950249223038554,0.16038018465042114
YGL226C-A,YIL052C,0,,0.0006230529397726059,0.0009950249223038554,0.16048024594783783
YOL058W,YHR168W,0,,0.0006226649857126176,0.0009950249223038554,0.16058029234409332
YOR303W,YGL004C,0,,0.0006222775555215776,0.0009950249223038554,0.16068033874034882
YML055W,YHR185C,0,,0.000621890532784164,0.0009950249223038554,0.1607803851366043
YOR048C,YGL107C,0,,0.0006215040339156985,0.0009950249223038554,0.160880446434021
YDR415C,YLR297W,0,,0.0006211180007085204,0.0009950249223038554,0.1609804928302765
YKL193C,YLR229C,0,,0.0006207324913702905,0.0009950249223038554,0.16108053922653198
YIL017C,YDR337W,0,,0.000620347389485687,0.0009950249223038554,0.16118058562278748
YOR312C,YDR189W,0,,0.0006199628114700317,0.0009950249223038554,0.16128064692020416
YKL176C,YNL051W,0,,0.0006195786991156638,0.0009950249223038554,0.16138069331645966
YER146W,YML092C,0,,0.0006191950524225831,0.0009950249223038554,0.16148073971271515
YLR389C,YNL284C-B,0,,0.0006188118713907897,0.0009950249223038554,0.16158078610897064
YNL216W,YLR460C,0,,0.0006184292142279446,0.0009950249223038554,0.16168084740638733
YLR319C,YLR067C,0,,0.0006180469645187259,0.0009950249223038554,0.16178089380264282
YGL063W,YFL034C-A,0,,0.0006176652386784554,0.0009950249223038554,0.16188094019889832
YPR183W,YJL151C,0,,0.0006172839784994721,0.0009950249223038554,0.1619809865951538
YDL021W,YBR039W,0,,0.0006169031257741153,0.0009950249223038554,0.1620810478925705
YLR284C,YLR209C,0,,0.0006165227969177067,0.0009950249223038554,0.162181094288826
YJL114W,YGL014W,0,,0.0006161429337225854,0.0009950249223038554,0.16228114068508148
YPL118W,YBR135W,0,,0.0006157635361887515,0.0009950249223038554,0.16238118708133698
YDL025C,YLR200W,0,,0.0006153846043162048,0.0009950249223038554,0.16248123347759247
YGR094W,YER090W,0,,0.0006150061381049454,0.0009950249223038554,0.16258129477500916
YGR082W,YHR065C,0,,0.0006146281375549734,0.0009950249223038554,0.16268134117126465
YHR098C,YDR143C,0,,0.0006142506026662886,0.0009950249223038554,0.16278138756752014
YCR091W,YOL135C,0,,0.0006138735334388912,0.0009950249223038554,0.16288143396377563
YER144C,YIR032C,0,,0.000613496929872781,0.0009950249223038554,0.16298149526119232
YFL003C,YHR154W,0,,0.0006131207919679582,0.0009950249223038554,0.16308154165744781
YPL009C,YIR008C,0,,0.0006127451197244227,0.0009950249223038554,0.1631815880537033
YDR457W,YLR329W,0,,0.0006123698549345136,0.0009950249223038554,0.1632816344499588
YOR271C,YCL026C-B,0,,0.0006119951140135527,0.0009950249223038554,0.1633816957473755
YLL061W,YPL179W,0,,0.0006116207805462182,0.0009950249223038554,0.16348174214363098
YGL246C,YPL161C,0,,0.0006112469709478319,0.0009950249223038554,0.16358178853988647
YBR161W,YLL031C,0,,0.000610873568803072,0.0009950249223038554,0.16368183493614197
YBL089W,YML007W,0,,0.0006105006323195994,0.0009950249223038554,0.16378189623355865
YDL039C,YHR008C,0,,0.0006101281032897532,0.0009950249223038554,0.16388194262981415
YNL318C,YKL145W,0,,0.0006097560981288552,0.0009950249223038554,0.16398198902606964
YNL066W,YDR153C,0,,0.0006093845004215837,0.0009950249223038554,0.16408203542232513
YBR091C,YDR498C,0,,0.0006090134265832603,0.0009950249223038554,0.16418209671974182
YJL098W,YDL055C,0,,0.0006086427019909024,0.0009950249223038554,0.16428214311599731
YDR367W,YCL014W,0,,0.0006082725012674928,0.0009950249223038554,0.1643821895122528
YJR161C,YLR431C,0,,0.0006079027079977095,0.0009950249223038554,0.1644822359085083
YGR231C,YDR430C,0,,0.0006075334385968745,0.0009950249223038554,0.164582297205925
YGL068W,YER060W,0,,0.0006071645184420049,0.0009950249223038554,0.16468234360218048
YMR305C,YNL063W,0,,0.0006067961221560836,0.0009950249223038554,0.16478238999843597
YPL257W-B,YFL035C,0,,0.0006064281333237886,0.0009950249223038554,0.16488243639469147
YOR090C,YKL124W,0,,0.000606060610152781,0.0009950249223038554,0.16498249769210815
YER101C,YCR036W,0,,0.0006056934944353998,0.0009950249223038554,0.16508254408836365
YLR316C,YHR074W,0,,0.0006053269025869668,0.0009950249223038554,0.16518259048461914
YOR081C,YPL187W,0,,0.0006049606599844992,0.0009950249223038554,0.16528263688087463
YMR078C,YHR035W,0,,0.0006045949412509799,0.0009950249223038554,0.16538269817829132
YBR068C,YKL097W-A,0,,0.000604229629971087,0.0009950249223038554,0.16548274457454681
YDR173C,YCL032W,0,,0.0006038647261448205,0.0009950249223038554,0.1655827909708023
YHR077C,YIL069C,0,,0.0006035002879798412,0.0009950249223038554,0.1656828373670578
YBR073W,YLR133W,0,,0.0006031363154761493,0.0009950249223038554,0.1657828986644745
YER005W,YML046W,0,,0.0006027727504260838,0.0009950249223038554,0.16588294506072998
YLR440C,YPR010C,0,,0.0006024096510373056,0.0009950249223038554,0.16598299145698547
YBR023C,YHR065C,0,,0.0006020469591021538,0.0009950249223038554,0.16608303785324097
YHR204W,YJR046W,0,,0.0006016847328282893,0.0009950249223038554,0.16618308424949646
YIL066C,YKL167C,0,,0.0006013229140080512,0.0009950249223038554,0.16628314554691315
YKL161C,YER168C,0,,0.0006009615608491004,0.0009950249223038554,0.16638319194316864
YBL099W,YPR160W,0,,0.0006006006151437759,0.0009950249223038554,0.16648323833942413
YOL039W,YOL077W-A,0,,0.0006002400768920779,0.0009950249223038554,0.16658328473567963
YLR073C,YHR205W,0,,0.0005998800043016672,0.0009950249223038554,0.1666833460330963
YMR230W,YOL034W,0,,0.0005995203973725438,0.0009950249223038554,0.1667833924293518
YGL048C,YBL101W-B,0,,0.0005991611978970468,0.0009950249223038554,0.1668834388256073
YGL172W,YLL015W,0,,0.0005988024058751762,0.0009950249223038554,0.1669834852218628
YGL073W,YHR035W,0,,0.000598444021306932,0.0009950249223038554,0.16708354651927948
YDL239C,YML123C,0,,0.0005980861023999751,0.0009950249223038554,0.16718359291553497
YDR005C,YKL067W,0,,0.0005977286491543055,0.0009950249223038554,0.16728363931179047
YGL012W,YDR490C,0,,0.0005973715451546013,0.0009950249223038554,0.16738368570804596
YJL213W,YJR092W,0,,0.0005970149068161845,0.0009950249223038554,0.16748374700546265
YDR311W,YGL116W,0,,0.000596658734139055,0.0009950249223038554,0.16758379340171814
YDR214W,YDR328C,0,,0.000596302910707891,0.0009950249223038554,0.16768383979797363
YGR207C,YAR027W,0,,0.0005959475529380143,0.0009950249223038554,0.16778388619422913
YJL060W,YLR077W,0,,0.0005955926026217639,0.0009950249223038554,0.1678839474916458
YAR008W,YIL015W,0,,0.0005952381179668009,0.0009950249223038554,0.1679839938879013
YDR159W,YLR288C,0,,0.0005948839825578034,0.0009950249223038554,0.1680840402841568
YBR211C,YIR010W,0,,0.0005945303128100932,0.0009950249223038554,0.1681840866804123
YLR004C,YNL202W,0,,0.0005941770505160093,0.0009950249223038554,0.16828414797782898
YHR079C-B,YCR018C,0,,0.0005938242538832128,0.0009950249223038554,0.16838419437408447
YER081W,YER035W,0,,0.0005934718064963818,0.0009950249223038554,0.16848424077033997
YDR176W,YDR198C,0,,0.000593119824770838,0.0009950249223038554,0.16858428716659546
YDR245W,YLR249W,0,,0.0005927682504989207,0.0009950249223038554,0.16868434846401215
YDR506C,YBR136W,0,,0.0005924170836806297,0.0009950249223038554,0.16878439486026764
YEL020C,YGL186C,0,,0.0005920663243159652,0.0009950249223038554,0.16888444125652313
YGR244C,YIL122W,0,,0.000591715972404927,0.0009950249223038554,0.16898448765277863
YLR325C,YLR264W,0,,0.0005913660279475152,0.0009950249223038554,0.1690845489501953
YOL155C,YDR097C,0,,0.0005910165491513908,0.0009950249223038554,0.1691845953464508
YGR081C,YFR027W,0,,0.0005906674778088927,0.0009950249223038554,0.1692846417427063
YMR236W,YKL025C,0,,0.0005903187557123601,0.0009950249223038554,0.1693846881389618
YLR115W,YDR437W,0,,0.0005899704992771149,0.0009950249223038554,0.16948474943637848
YGR271W,YIL068C,0,,0.000589622650295496,0.0009950249223038554,0.16958479583263397
YDR184C,YBR288C,0,,0.0005892752087675035,0.0009950249223038554,0.16968484222888947
YLL040C,YEL043W,0,,0.0005889281746931374,0.0009950249223038554,0.16978488862514496
YAL060W,YFR013W,0,,0.0005885814898647368,0.0009950249223038554,0.16988493502140045
YPR083W,YKL097W-A,0,,0.0005882352706976235,0.0009950249223038554,0.16998499631881714
YCL064C,YPR079W,0,,0.0005878894589841366,0.0009950249223038554,0.17008504271507263
YDR346C,YHR082C,0,,0.0005875440547242761,0.0009950249223038554,0.17018508911132812
YOR249C,YJL184W,0,,0.0005871990579180419,0.0009950249223038554,0.17028513550758362
YML075C,YML066C,0,,0.0005868544685654342,0.0009950249223038554,0.1703851968050003
YDR254W,YMR159C,0,,0.0005865102866664529,0.0009950249223038554,0.1704852432012558
YBR103W,YOR156C,0,,0.000586166454013437,0.0009950249223038554,0.1705852895975113
YBL009W,YJR019C,0,,0.0005858230870217085,0.0009950249223038554,0.17068533599376678
YHR009C,YDR179C,0,,0.0005854800692759454,0.0009950249223038554,0.17078539729118347
YMR040W,YKL110C,0,,0.0005851375171914697,0.0009950249223038554,0.17088544368743896
YDL084W,YLR143W,0,,0.0005847953143529594,0.0009950249223038554,0.17098549008369446
YHR018C,YIL128W,0,,0.0005844535189680755,0.0009950249223038554,0.17108553647994995
YIL110W,YOL116W,0,,0.000584112131036818,0.0009950249223038554,0.17118559777736664
YLR344W,YCR065W,0,,0.0005837711505591869,0.0009950249223038554,0.17128564417362213
YMR136W,YIL129C,0,,0.0005834305775351822,0.0009950249223038554,0.17138569056987762
YJR034W,YCL045C,0,,0.000583090353757143,0.0009950249223038554,0.17148573696613312
YPL110C,YGL104C,0,,0.0005827505956403911,0.0009950249223038554,0.1715857982635498
YJL122W,YDR489W,0,,0.0005824111867696047,0.0009950249223038554,0.1716858446598053
YLR264W,YPR058W,0,,0.0005820721853524446,0.0009950249223038554,0.1717858910560608
YHR188C,YDR462W,0,,0.000581733591388911,0.0009950249223038554,0.17188593745231628
YFR014C,YGR078C,0,,0.0005813953466713428,0.0009950249223038554,0.17198599874973297
YJL172W,YJL057C,0,,0.0005810575094074011,0.0009950249223038554,0.17208604514598846
YNL262W,YHR016C,0,,0.0005807200795970857,0.0009950249223038554,0.17218609154224396
YDR079W,YKL211C,0,,0.0005803830572403967,0.0009950249223038554,0.17228613793849945
YOR195W,YKR096W,0,,0.0005800463841296732,0.0009950249223038554,0.17238619923591614
YER175C,YDL097C,0,,0.0005797101184725761,0.0009950249223038554,0.17248624563217163
YIL157C,YLR432W,0,,0.0005793742602691054,0.0009950249223038554,0.17258629202842712
YGL241W,YAR050W,0,,0.0005790388095192611,0.0009950249223038554,0.17268633842468262
YML114C,YHR043C,0,,0.0005787037080153823,0.0009950249223038554,0.1727863997220993
YMR172W,YMR078C,0,,0.0005783690139651299,0.0009950249223038554,0.1728864461183548
YLR107W,YNL113W,0,,0.0005780346691608429,0.0009950249223038554,0.1729864925146103
YER069W,YDR489W,0,,0.0005777007318101823,0.0009950249223038554,0.17308653891086578
YOR192C,YPR068C,0,,0.0005773672019131482,0.0009950249223038554,0.17318660020828247
YPL283C,YOR343C-A,0,,0.0005770340212620795,0.0009950249223038554,0.17328664660453796
YGR077C,YGR177C,0,,0.0005767012480646372,0.0009950249223038554,0.17338669300079346
YLR449W,YGR155W,0,,0.0005763688823208213,0.0009950249223038554,0.17348673939704895
YOL033W,YDR179C,0,,0.0005760368658229709,0.0009950249223038554,0.17358680069446564
YAR042W,YGR266W,0,,0.0005757052567787468,0.0009950249223038554,0.17368684709072113
YKL052C,YAL055W,0,,0.0005753739969804883,0.0009950249223038554,0.17378689348697662
YOR126C,YGL065C,0,,0.0005750431446358562,0.0009950249223038554,0.17388693988323212
YOR260W,YFL002W-B,0,,0.0005747126415371895,0.0009950249223038554,0.1739869862794876
YER167W,YPR003C,0,,0.0005743825458921492,0.0009950249223038554,0.1740870475769043
YKL213C,YIL128W,0,,0.0005740527994930744,0.0009950249223038554,0.1741870939731598
YFR029W,YML057W,0,,0.000573723460547626,0.0009950249223038554,0.17428714036941528
YEL029C,YJR073C,0,,0.0005733944708481431,0.0009950249223038554,0.17438718676567078
YPR158C-C,YDR273W,0,,0.0005730658886022866,0.0009950249223038554,0.17448724806308746
YBR234C,YDR237W,0,,0.0005727377138100564,0.0009950249223038554,0.17458729445934296
YER006W,YDR078C,0,,0.0005724098300561309,0.0009950249223038554,0.17468734085559845
YBR167C,YPR180W,0,,0.0005720823537558317,0.0009950249223038554,0.17478738725185394
YPL151C,YIL135C,0,,0.0005717552849091589,0.0009950249223038554,0.17488744854927063
YJR042W,YKR052C,0,,0.0005714285653084517,0.0009950249223038554,0.17498749494552612
YJL060W,YBL072C,0,,0.0005711022531613708,0.0009950249223038554,0.17508754134178162
YLR383W,YHR039C-A,0,,0.0005707762320525944,0.0009950249223038554,0.1751875877380371
YDL226C,YAL026C,0,,0.0005704506766051054,0.0009950249223038554,0.1752876490354538
YDR034C-D,YKR013W,0,,0.0005701254121959209,0.0009950249223038554,0.1753876954317093
YGL017W,YDR210W-A,0,,0.0005698005552403629,0.0009950249223038554,0.17548774182796478
YDL106C,YDL140C,0,,0.0005694761057384312,0.0009950249223038554,0.17558778822422028
YLL033W,YOR310C,0,,0.0005691519472748041,0.0009950249223038554,0.17568784952163696
YFR001W,YIL106W,0,,0.0005688281962648034,0.0009950249223038554,0.17578789591789246
YKL018W,YMR047C,0,,0.0005685048527084291,0.0009950249223038554,0.17588794231414795
YPR011C,YKL015W,0,,0.0005681818001903594,0.0009950249223038554,0.17598798871040344
YOR208W,YJL127C,0,,0.000567859155125916,0.0009950249223038554,0.17608805000782013
YLR367W,YKL063C,0,,0.000567536917515099,0.0009950249223038554,0.17618809640407562
YPR201W,YOR133W,0,,0.0005672149709425867,0.0009950249223038554,0.17628814280033112
YOR360C,YBR243C,0,,0.0005668934318237007,0.0009950249223038554,0.1763881891965866
YKR089C,YNL065W,0,,0.0005665722419507802,0.0009950249223038554,0.1764882504940033
YEL029C,YGR010W,0,,0.0005662514013238251,0.0009950249223038554,0.1765882968902588
YDR292C,YHR003C,0,,0.0005659309681504965,0.0009950249223038554,0.17668834328651428
YDR365W-A,YDR435C,0,,0.0005656108842231333,0.0009950249223038554,0.17678838968276978
YDR211W,YML006C,0,,0.0005652911495417356,0.0009950249223038554,0.17688845098018646
YDR365W-B,YOL062C,0,,0.0005649717641063035,0.0009950249223038554,0.17698849737644196
YGR245C,YOR113W,0,,0.0005646527279168367,0.0009950249223038554,0.17708854377269745
YNL304W,YMR236W,0,,0.0005643340991809964,0.0009950249223038554,0.17718859016895294
YMR093W,YPL076W,0,,0.0005640158196911216,0.0009950249223038554,0.17728865146636963
YNR030W,YOL165C,0,,0.0005636978312395513,0.0009950249223038554,0.17738869786262512
YER046W,YBR042C,0,,0.0005633803084492683,0.0009950249223038554,0.17748874425888062
YMR272C,YPR067W,0,,0.0005630630766972899,0.0009950249223038554,0.1775887906551361
YEL055C,YNL225C,0,,0.000562746194191277,0.0009950249223038554,0.1776888370513916
YNR055C,YCL062W,0,,0.0005624297191388905,0.0009950249223038554,0.1777888983488083
YML082W,YGL122C,0,,0.0005621135351248085,0.0009950249223038554,0.17788894474506378
YHR120W,YMR053C,0,,0.000561797758564353,0.0009950249223038554,0.17798899114131927
YNR044W,YIR010W,0,,0.0005614823312498629,0.0009950249223038554,0.17808903753757477
YDR259C,YPL057C,0,,0.0005611672531813383,0.0009950249223038554,0.17818909883499146
YDR170C,YNL265C,0,,0.0005608525243587792,0.0009950249223038554,0.17828914523124695
YGL190C,YGR192C,0,,0.0005605381447821856,0.0009950249223038554,0.17838919162750244
YBR271W,YAL002W,0,,0.0005602241144515574,0.0009950249223038554,0.17848923802375793
YLR410W-A,YAR042W,0,,0.0005599104333668947,0.0009950249223038554,0.17858929932117462
YKL160W,YCL057W,0,,0.0005595971015281975,0.0009950249223038554,0.17868934571743011
YKL101W,YIL038C,0,,0.0005592841189354658,0.0009950249223038554,0.1787893921136856
YFL005W,YMR162C,0,,0.0005589714855886996,0.0009950249223038554,0.1788894385099411
YDR527W,YCR105W,0,,0.0005586592014878988,0.0009950249223038554,0.1789894998073578
YML097C,YNL052W,0,,0.0005583472666330636,0.0009950249223038554,0.17908954620361328
YHR156C,YDR497C,0,,0.0005580357392318547,0.0009950249223038554,0.17918959259986877
YBR081C,YML092C,0,,0.0005577245028689504,0.0009950249223038554,0.17928963899612427
YIL023C,YML038C,0,,0.0005574136157520115,0.0009950249223038554,0.17938970029354095
YER155C,YLR039C,0,,0.0005571030778810382,0.0009950249223038554,0.17948974668979645
YAL047C,YGR078C,0,,0.0005567928892560303,0.0009950249223038554,0.17958979308605194
YMR169C,YBR060C,0,,0.0005564830498769879,0.0009950249223038554,0.17968983948230743
YCL044C,YPL018W,0,,0.0005561735015362501,0.0009950249223038554,0.17978990077972412
YML099C,YKR046C,0,,0.0005558643606491387,0.0009950249223038554,0.17988994717597961
YFL003C,YHR166C,0,,0.0005555555690079927,0.0009950249223038554,0.1799899935722351
YFL008W,YEL024W,0,,0.0005552470684051514,0.0009950249223038554,0.1800900399684906
YJR153W,YPL161C,0,,0.0005549389752559364,0.0009950249223038554,0.1801901012659073
YOR388C,YLL061W,0,,0.000554631173145026,0.0009950249223038554,0.18029014766216278
YML058W,YFL035C-B,0,,0.000554323720280081,0.0009950249223038554,0.18039019405841827
YBR221C,YPL139C,0,,0.0005540166166611016,0.0009950249223038554,0.18049024045467377
YKR034W,YJL087C,0,,0.0005537098622880876,0.0009950249223038554,0.18059030175209045
YIL043C,YDR142C,0,,0.0005534034571610391,0.0009950249223038554,0.18069034814834595
YKL152C,YLR183C,0,,0.0005530973430722952,0.0009950249223038554,0.18079039454460144
YGL208W,YIR032C,0,,0.0005527915782295167,0.0009950249223038554,0.18089044094085693
YAR071W,YOR344C,0,,0.0005524861626327038,0.0009950249223038554,0.18099050223827362
YNR010W,YML056C,0,,0.0005521810962818563,0.0009950249223038554,0.1810905486345291
YNL318C,YMR216C,0,,0.0005518763791769743,0.0009950249223038554,0.1811905950307846
YKL082C,YGL096W,0,,0.0005515719531103969,0.0009950249223038554,0.1812906414270401
YKR006C,YMR280C,0,,0.0005512679344974458,0.0009950249223038554,0.1813907027244568
YBR131W,YPL158C,0,,0.0005509642069227993,0.0009950249223038554,0.18149074912071228
YOR245C,YGL063W,0,,0.0005506607703864574,0.0009950249223038554,0.18159079551696777
YNL071W,YLR298C,0,,0.0005503577413037419,0.0009950249223038554,0.18169084191322327
YJL018W,YGR038C-A,0,,0.000550055003259331,0.0009950249223038554,0.18179088830947876
YIL137C,YLR209C,0,,0.0005497526144608855,0.0009950249223038554,0.18189094960689545
YEL077C,YAR027W,0,,0.0005494505749084055,0.0009950249223038554,0.18199099600315094
YPL244C,YMR170C,0,,0.0005491488263942301,0.0009950249223038554,0.18209104239940643
YPR065W,YOR187W,0,,0.0005488474271260202,0.0009950249223038554,0.18219108879566193
YGL054C,YGL027C,0,,0.0005485463771037757,0.0009950249223038554,0.1822911500930786
YDL181W,YHR072W-A,0,,0.0005482456181198359,0.0009950249223038554,0.1823911964893341
YDL092W,YNL009W,0,,0.0005479452083818614,0.0009950249223038554,0.1824912428855896
YHR047C,YGL079W,0,,0.0005476451478898525,0.0009950249223038554,0.1825912892818451
YOR380W,YDR143C,0,,0.0005473453784361482,0.0009950249223038554,0.18269135057926178
YNL081C,YKL209C,0,,0.0005470459582284093,0.0009950249223038554,0.18279139697551727
YLR355C,YPR033C,0,,0.000546746829058975,0.0009950249223038554,0.18289144337177277
YKL096W,YPL180W,0,,0.0005464481073431671,0.0009950249223038554,0.18299148976802826
YKR008W,YER055C,0,,0.0005461496184580028,0.0009950249223038554,0.18309155106544495
YGR112W,YPR097W,0,,0.0005458515370264649,0.0009950249223038554,0.18319159746170044
YGR122W,YPL128C,0,,0.0005455537466332316,0.0009950249223038554,0.18329164385795593
YNL068C,YMR177W,0,,0.0005452562472783029,0.0009950249223038554,0.18339169025421143
YPR158W-B,YDL174C,0,,0.0005449591553770006,0.0009950249223038554,0.1834917515516281
YER155C,YOR085W,0,,0.0005446622963063419,0.0009950249223038554,0.1835917979478836
YPR033C,YKL209C,0,,0.0005443657864816487,0.0009950249223038554,0.1836918443441391
YOL020W,YJL110C,0,,0.000544069625902921,0.0009950249223038554,0.1837918907403946
YOR383C,YGR122W,0,,0.0005437738145701587,0.0009950249223038554,0.18389195203781128
YCR086W,YHL035C,0,,0.0005434782360680401,0.0009950249223038554,0.18399199843406677
YLR166C,YML096W,0,,0.0005431830650195479,0.0009950249223038554,0.18409204483032227
YDL084W,YDR488C,0,,0.0005428881850093603,0.0009950249223038554,0.18419209122657776
YPR103W,YCL005W-A,0,,0.0005425935960374773,0.0009950249223038554,0.18429215252399445
YGR084C,YJL002C,0,,0.0005422993563115597,0.0009950249223038554,0.18439219892024994
YCR011C,YNL122C,0,,0.0005420054076239467,0.0009950249223038554,0.18449224531650543
YIL142W,YBR091C,0,,0.0005417118081822991,0.0009950249223038554,0.18459229171276093
YDL061C,YDR450W,0,,0.0005414184997789562,0.0009950249223038554,0.1846923530101776
YJL058C,YJL167W,0,,0.0005411255406215787,0.0009950249223038554,0.1847923994064331
YJR096W,YOR022C,0,,0.0005408328725025058,0.0009950249223038554,0.1848924458026886
YFR049W,YAL038W,0,,0.0005405405536293983,0.0009950249223038554,0.1849924921989441
YIL080W,YMR169C,0,,0.0005402485257945955,0.0009950249223038554,0.18509255349636078
YGL145W,YBR177C,0,,0.0005399567889980972,0.0009950249223038554,0.18519259989261627
YLR174W,YPL171C,0,,0.0005396654014475644,0.0009950249223038554,0.18529264628887177
YGR178C,YJR123W,0,,0.0005393743049353361,0.0009950249223038554,0.18539269268512726
YAL024C,YDR476C,0,,0.0005390835576690733,0.0009950249223038554,0.18549273908138275
YLR115W,YOR230W,0,,0.0005387931014411151,0.0009950249223038554,0.18559280037879944
YKL161C,YOR316C,0,,0.0005385029362514615,0.0009950249223038554,0.18569284677505493
YLR453C,YJL144W,0,,0.0005382131203077734,0.0009950249223038554,0.18579289317131042
YBR173C,YDR432W,0,,0.0005379235954023898,0.0009950249223038554,0.18589293956756592
YNL084C,YJL124C,0,,0.0005376344197429717,0.0009950249223038554,0.1859930008649826
YBR029C,YMR143W,0,,0.0005373455351218581,0.0009950249223038554,0.1860930472612381
YPR033C,YOR159C,0,,0.0005370569415390491,0.0009950249223038554,0.1861930936574936
YPL178W,YBL040C,0,,0.0005367686389945447,0.0009950249223038554,0.18629314005374908
YKL029C,YMR237W,0,,0.0005364806856960058,0.0009950249223038554,0.18639320135116577
YBL076C,YLR064W,0,,0.0005361930234357715,0.0009950249223038554,0.18649324774742126
YDL160C,YGL207W,0,,0.0005359056522138417,0.0009950249223038554,0.18659329414367676
YER139C,YNL090W,0,,0.0005356186302378774,0.0009950249223038554,0.18669334053993225
YOL020W,YIL122W,0,,0.0005353318993002176,0.0009950249223038554,0.18679340183734894
YFR050C,YBR127C,0,,0.0005350454594008625,0.0009950249223038554,0.18689344823360443
YGR225W,YNL026W,0,,0.0005347593687474728,0.0009950249223038554,0.18699349462985992
YFL001W,YOR208W,0,,0.0005344735691323876,0.0009950249223038554,0.18709354102611542
YKR057W,YIL052C,0,,0.0005341880605556071,0.0009950249223038554,0.1871936023235321
YER074W,YPR055W,0,,0.0005339028430171311,0.0009950249223038554,0.1872936487197876
YBR004C,YNL142W,0,,0.0005336179165169597,0.0009950249223038554,0.1873936951160431
YPR080W,YGR268C,0,,0.0005333333392627537,0.0009950249223038554,0.18749374151229858
YDR078C,YBR192W,0,,0.0005330490530468524,0.0009950249223038554,0.18759380280971527
YHR148W,YPR103W,0,,0.0005327650578692555,0.0009950249223038554,0.18769384920597076
YJR044C,YDR538W,0,,0.0005324813537299633,0.0009950249223038554,0.18779389560222626
YDR076W,YER040W,0,,0.0005321979988366365,0.0009950249223038554,0.18789394199848175
YLR028C,YMR164C,0,,0.0005319148767739534,0.0009950249223038554,0.18799400329589844
YMR296C,YMR250W,0,,0.0005316321039572358,0.0009950249223038554,0.18809404969215393
YDR324C,YGR167W,0,,0.0005313496221788228,0.0009950249223038554,0.18819409608840942
YLR073C,YIR035C,0,,0.0005310674314387143,0.0009950249223038554,0.18829414248466492
YEL051W,YDL076C,0,,0.0005307855899445713,0.0009950249223038554,0.1883942037820816
YBR215W,YOR216C,0,,0.0005305039812810719,0.0009950249223038554,0.1884942501783371
YPL208W,YJR091C,0,,0.000530222721863538,0.0009950249223038554,0.1885942965745926
YDL220C,YDR017C,0,,0.0005299416952766478,0.0009950249223038554,0.18869434297084808
YGR277C,YGL203C,0,,0.0005296610179357231,0.0009950249223038554,0.18879440426826477
YGR083C,YMR067C,0,,0.0005293806316331029,0.0009950249223038554,0.18889445066452026
YBR278W,YLR329W,0,,0.0005291005363687873,0.0009950249223038554,0.18899449706077576
YLR095C,YOR136W,0,,0.0005288207321427763,0.0009950249223038554,0.18909454345703125
YLL021W,YOR222W,0,,0.0005285412189550698,0.0009950249223038554,0.18919458985328674
YCL060C,YOL132W,0,,0.0005282619968056679,0.0009950249223038554,0.18929465115070343
YER008C,YDR289C,0,,0.0005279831239022315,0.0009950249223038554,0.18939469754695892
YOR071C,YDR097C,0,,0.0005277044838294387,0.0009950249223038554,0.18949474394321442
YKL077W,YHR119W,0,,0.0005274261347949505,0.0009950249223038554,0.1895947903394699
YOR145C,YNR033W,0,,0.0005271481350064278,0.0009950249223038554,0.1896948516368866
YPR052C,YKL150W,0,,0.0005268703680485487,0.0009950249223038554,0.1897948980331421
YGR034W,YBR091C,0,,0.0005265929503366351,0.0009950249223038554,0.18989494442939758
YOL059W,YCL026C-A,0,,0.0005263157654553652,0.0009950249223038554,0.18999499082565308
YOL132W,YIL006W,0,,0.0005260389298200607,0.0009950249223038554,0.19009505212306976
YGL116W,YJL179W,0,,0.0005257623270153999,0.0009950249223038554,0.19019509851932526
YOR260W,YDR001C,0,,0.0005254860734567046,0.0009950249223038554,0.19029514491558075
YJR090C,YBL105C,0,,0.0005252101109363139,0.0009950249223038554,0.19039519131183624
YIR011C,YEL009C,0,,0.0005249343812465668,0.0009950249223038554,0.19049525260925293
YIL131C,YJR048W,0,,0.0005246589425951242,0.0009950249223038554,0.19059529900550842
YER058W,YLR187W,0,,0.0005243838531896472,0.0009950249223038554,0.19069534540176392
YMR205C,YBR202W,0,,0.0005241089966148138,0.0009950249223038554,0.1907953917980194
YML049C,YOL021C,0,,0.0005238344892859459,0.0009950249223038554,0.1908954530954361
YNL048W,YGL065C,0,,0.0005235602147877216,0.0009950249223038554,0.1909954994916916
YDR280W,YLL039C,0,,0.0005232862313278019,0.0009950249223038554,0.19109554588794708
YDR284C,YLR324W,0,,0.0005230125389061868,0.0009950249223038554,0.19119559228420258
YBR149W,YNR039C,0,,0.0005227391375228763,0.0009950249223038554,0.19129565358161926
YJL103C,YER101C,0,,0.0005224660271778703,0.0009950249223038554,0.19139569997787476
YGL049C,YJR105W,0,,0.0005221932078711689,0.0009950249223038554,0.19149574637413025
YDR348C,YGR013W,0,,0.000521920679602772,0.0009950249223038554,0.19159579277038574
YOR274W,YKL051W,0,,0.0005216483841650188,0.0009950249223038554,0.19169585406780243
YHR120W,YOL110W,0,,0.0005213764379732311,0.0009950249223038554,0.19179590046405792
YBL045C,YPL236C,0,,0.000521104724612087,0.0009950249223038554,0.19189594686031342
YOR130C,YLR384C,0,,0.0005208333604969084,0.0009950249223038554,0.1919959932565689
YBR282W,YGL172W,0,,0.0005205622292123735,0.0009950249223038554,0.1920960545539856
YJL054W,YBR280C,0,,0.0005202913889661431,0.0009950249223038554,0.1921961009502411
YNL063W,YBR119W,0,,0.0005200207815505564,0.0009950249223038554,0.19229614734649658
YLR258W,YOR018W,0,,0.0005197505233809352,0.0009950249223038554,0.19239619374275208
YGL127C,YKR039W,0,,0.0005194804980419576,0.0009950249223038554,0.19249625504016876
YOL077W-A,YGR122W,0,,0.0005192108219489455,0.0009950249223038554,0.19259630143642426
YPL002C,YOL054W,0,,0.0005189413786865771,0.0009950249223038554,0.19269634783267975
YCL001W,YMR260C,0,,0.0005186722264625132,0.0009950249223038554,0.19279639422893524
YLR157C-B,YOL042W,0,,0.000518403307069093,0.0009950249223038554,0.19289645552635193
YKL077W,YCR031C,0,,0.0005181347369216383,0.0009950249223038554,0.19299650192260742
YDL070W,YML006C,0,,0.0005178663996048272,0.0009950249223038554,0.19309654831886292
YHL009C,YHR009C,0,,0.0005175983533263206,0.0009950249223038554,0.1931965947151184
YCR023C,YBR169C,0,,0.0005173305980861187,0.0009950249223038554,0.1932966411113739
YLR323C,YGR165W,0,,0.0005170630756765604,0.0009950249223038554,0.1933967024087906
YDR163W,YDR371W,0,,0.0005167958443053067,0.0009950249223038554,0.19349674880504608
YNL232W,YPR149W,0,,0.0005165289039723575,0.0009950249223038554,0.19359679520130157
YNL117W,YDR261W-A,0,,0.0005162622546777129,0.0009950249223038554,0.19369684159755707
YIL076W,YER144C,0,,0.0005159958964213729,0.0009950249223038554,0.19379690289497375
YDR453C,YDR497C,0,,0.0005157297709956765,0.0009950249223038554,0.19389694929122925
YJL196C,YDL133C-A,0,,0.0005154639366082847,0.0009950249223038554,0.19399699568748474
YPL217C,YOR007C,0,,0.0005151983350515366,0.0009950249223038554,0.19409704208374023
YPL217C,YHR035W,0,,0.0005149330827407539,0.0009950249223038554,0.19419710338115692
YPL163C,YLL027W,0,,0.0005146680632606149,0.0009950249223038554,0.19429714977741241
YHL031C,YPL196W,0,,0.0005144032766111195,0.0009950249223038554,0.1943971961736679
YPR127W,YER157W,0,,0.0005141388392075896,0.0009950249223038554,0.1944972425699234
YER141W,YER074W,0,,0.0005138746346347034,0.0009950249223038554,0.1945973038673401
YDL209C,YJL010C,0,,0.0005136106628924608,0.0009950249223038554,0.19469735026359558
YLR039C,YDR412W,0,,0.0005133470403961837,0.0009950249223038554,0.19479739665985107
YDL039C,YER165W,0,,0.0005130836507305503,0.0009950249223038554,0.19489744305610657
YOR380W,YOR299W,0,,0.0005128204938955605,0.0009950249223038554,0.19499750435352325
YOR303W,YFL050C,0,,0.0005125576863065362,0.0009950249223038554,0.19509755074977875
YLR329W,YNL079C,0,,0.0005122950533404946,0.0009950249223038554,0.19519759714603424
YMR225C,YPR137C-A,0,,0.0005120327696204185,0.0009950249223038554,0.19529764354228973
YGL100W,YGR023W,0,,0.0005117707187309861,0.0009950249223038554,0.19539770483970642
YKR071C,YGR284C,0,,0.0005115089588798583,0.0009950249223038554,0.19549775123596191
YOR162C,YER060W,0,,0.000511247431859374,0.0009950249223038554,0.1955977976322174
YBR152W,YJL118W,0,,0.0005109861958771944,0.0009950249223038554,0.1956978440284729
YLR071C,YFL057C,0,,0.0005107252509333193,0.0009950249223038554,0.1957979053258896
YER123W,YDL232W,0,,0.0005104645388200879,0.0009950249223038554,0.19589795172214508
YPL239W,YLR020C,0,,0.0005102040595375001,0.0009950249223038554,0.19599799811840057
YLR309C,YDL018C,0,,0.0005099439295008779,0.0009950249223038554,0.19609804451465607
YBL084C,YER125W,0,,0.0005096839740872383,0.0009950249223038554,0.19619810581207275
YPL274W,YJL128C,0,,0.0005094243679195642,0.0009950249223038554,0.19629815220832825
YGL112C,YCL044C,0,,0.0005091649945825338,0.0009950249223038554,0.19639819860458374
YBR080C,YIR003W,0,,0.0005089058540761471,0.0009950249223038554,0.19649824500083923
YDL156W,YDR034C,0,,0.0005086470046080649,0.0009950249223038554,0.19659830629825592
YOL096C,YPR017C,0,,0.0005083883879706264,0.0009950249223038554,0.1966983526945114
YLR166C,YOL054W,0,,0.0005081300623714924,0.0009950249223038554,0.1967983990907669
YAL028W,YBR271W,0,,0.000507872027810663,0.0009950249223038554,0.1968984454870224
YCR067C,YDR497C,0,,0.0005076142260804772,0.0009950249223038554,0.1969984918832779
YJL151C,YER001W,0,,0.0005073566571809351,0.0009950249223038554,0.19709855318069458
YGR216C,YJL173C,0,,0.0005070993793196976,0.0009950249223038554,0.19719859957695007
YHR079C-B,YHR072W-A,0,,0.0005068423924967647,0.0009950249223038554,0.19729864597320557
YPL167C,YCL038C,0,,0.0005065856385044754,0.0009950249223038554,0.19739869236946106
YGR180C,YNL139C,0,,0.0005063291173428297,0.0009950249223038554,0.19749875366687775
YGL198W,YKR018C,0,,0.0005060728872194886,0.0009950249223038554,0.19759880006313324
YBR179C,YNL283C,0,,0.0005058168899267912,0.0009950249223038554,0.19769884645938873
YGL195W,YER102W,0,,0.0005055611836723983,0.0009950249223038554,0.19779889285564423
YDR292C,YGR209C,0,,0.0005053057102486491,0.0009950249223038554,0.1978989541530609
YLR227W-A,YPL178W,0,,0.0005050505278632045,0.0009950249223038554,0.1979990005493164
YKL058W,YMR238W,0,,0.0005047955783084035,0.0009950249223038554,0.1980990469455719
YHR152W,YJL111W,0,,0.0005045408615842462,0.0009950249223038554,0.1981990933418274
YPR072W,YPL008W,0,,0.0005042864358983934,0.0009950249223038554,0.19829915463924408
YDR214W,YCL064C,0,,0.0005040322430431843,0.0009950249223038554,0.19839920103549957
YNL172W,YLR011W,0,,0.0005037783412262797,0.0009950249223038554,0.19849924743175507
YNL259C,YBR091C,0,,0.0005035246722400188,0.0009950249223038554,0.19859929382801056
YOR101W,YDL020C,0,,0.0005032712360844016,0.0009950249223038554,0.19869935512542725
YMR029C,YGR222W,0,,0.0005030180909670889,0.0009950249223038554,0.19879940152168274
YPL147W,YDL140C,0,,0.0005027652368880808,0.0009950249223038554,0.19889944791793823
YPL016W,YBL008W,0,,0.0005025125574320555,0.0009950249223038554,0.19899949431419373
YLL018C-A,YOL154W,0,,0.0005022601690143347,0.0009950249223038554,0.1990995556116104
YJL051W,YJL099W,0,,0.0005020080134272575,0.0009950249223038554,0.1991996020078659
YKR007W,YDL223C,0,,0.000501756148878485,0.0009950249223038554,0.1992996484041214
YGR172C,YDR316W-B,0,,0.000501504517160356,0.0009950249223038554,0.1993996948003769
YBR005W,YPR103W,0,,0.0005012531182728708,0.0009950249223038554,0.19949975609779358
YMR020W,YDR471W,0,,0.0005010020104236901,0.0009950249223038554,0.19959980249404907
YNL180C,YJL145W,0,,0.000500751135405153,0.0009950249223038554,0.19969984889030457
YHR090C,YOR383C,0,,0.0005005004932172596,0.0009950249223038554,0.19979989528656006
YJL145W,YDR461W,0,,0.0005002501420676708,0.0009950249223038554,0.19989995658397675
YOR177C,YDR005C,0,,0.0005000000237487257,0.0009950249223038554,0.20000000298023224
YDR408C,YKR079C,0,,0.0004997501382604241,0.0009950249223038554,0.20010004937648773
YNL309W,YOR299W,0,,0.0004995004856027663,0.0009950249223038554,0.20020009577274323
YIR011C,YHR193C,0,,0.000499251123983413,0.0009950249223038554,0.2003001570701599
YBR023C,YGR251W,0,,0.0004990019951947033,0.0009950249223038554,0.2004002034664154
YOR207C,YGR246C,0,,0.0004987530992366374,0.0009950249223038554,0.2005002498626709
YMR136W,YOR210W,0,,0.0004985044943168759,0.0009950249223038554,0.2006002962589264
YGR089W,YGL134W,0,,0.0004982561222277582,0.0009950249223038554,0.20070035755634308
YAL007C,YHR108W,0,,0.0004980079829692841,0.0009950249223038554,0.20080040395259857
YBR167C,YOL135C,0,,0.0004977600765414536,0.0009950249223038554,0.20090045034885406
YDR025W,YOR271C,0,,0.0004975124611519277,0.0009950249223038554,0.20100049674510956
YGR258C,YJR036C,0,,0.0004972650203853846,0.0009950249223038554,0.20110054314136505
YJL183W,YLR210W,0,,0.000497017870657146,0.0009950249223038554,0.20120060443878174
YML086C,YKR035W-A,0,,0.000496771011967212,0.0009950249223038554,0.20130065083503723
YGL100W,YNL282W,0,,0.0004965243279002607,0.0009950249223038554,0.20140069723129272
YNL099C,YKL172W,0,,0.000496277934871614,0.0009950249223038554,0.20150074362754822
YGL259W,YBR002C,0,,0.0004960317746736109,0.0009950249223038554,0.2016008049249649
YLR013W,YLL061W,0,,0.0004957858473062515,0.0009950249223038554,0.2017008513212204
YJL058C,YGR249W,0,,0.0004955401527695358,0.0009950249223038554,0.2018008977174759
YPL100W,YDR524C-B,0,,0.0004952946910634637,0.0009950249223038554,0.20190094411373138
YEL037C,YHR109W,0,,0.0004950495203956962,0.0009950249223038554,0.20200100541114807
YKL016C,YLR298C,0,,0.0004948045243509114,0.0009950249223038554,0.20210105180740356
YGR060W,YLR131C,0,,0.0004945598193444312,0.0009950249223038554,0.20220109820365906
YHR077C,YER001W,0,,0.0004943153471685946,0.0009950249223038554,0.20230114459991455
YGR090W,YDR261W-A,0,,0.0004940711660310626,0.0009950249223038554,0.20240120589733124
YPL001W,YML099C,0,,0.0004938271595165133,0.0009950249223038554,0.20250125229358673
YNL027W,YOR142W,0,,0.0004935834440402687,0.0009950249223038554,0.20260129868984222
YML072C,YDL211C,0,,0.0004933399031870067,0.0009950249223038554,0.20270134508609772
YER062C,YIR018W,0,,0.0004930966533720493,0.0009950249223038554,0.2028014063835144
YNR051C,YBR195C,0,,0.0004928536363877356,0.0009950249223038554,0.2029014527797699
YOR125C,YKL005C,0,,0.0004926108522340655,0.0009950249223038554,0.2030014991760254
YLR350W,YJL069C,0,,0.0004923683009110391,0.0009950249223038554,0.20310154557228088
YDL092W,YOL062C,0,,0.0004921259824186563,0.0009950249223038554,0.20320160686969757
YER123W,YLR075W,0,,0.0004918838967569172,0.0009950249223038554,0.20330165326595306
YBL035C,YLR210W,0,,0.0004916421021334827,0.0009950249223038554,0.20340169966220856
YCR057C,YNL016W,0,,0.0004914004821330309,0.0009950249223038554,0.20350174605846405
YMR304W,YBR180W,0,,0.0004911591531708837,0.0009950249223038554,0.20360180735588074
YLR022C,YBR129C,0,,0.0004909179988317192,0.0009950249223038554,0.20370185375213623
YLR016C,YGR027W-A,0,,0.0004906771355308592,0.0009950249223038554,0.20380190014839172
YGR166W,YBL099W,0,,0.000490436505060643,0.0009950249223038554,0.20390194654464722
YMR215W,YFL022C,0,,0.0004901961074210703,0.0009950249223038554,0.2040020078420639
YLR197W,YOL058W,0,,0.0004899558844044805,0.0009950249223038554,0.2041020542383194
YCL057W,YDL024C,0,,0.0004897159524261951,0.0009950249223038554,0.2042021006345749
YJR040W,YJL099W,0,,0.0004894762532785535,0.0009950249223038554,0.20430214703083038
YHR002W,YGR285C,0,,0.0004892367869615555,0.0009950249223038554,0.20440220832824707
YER054C,YDR165W,0,,0.0004889975534752011,0.0009950249223038554,0.20450225472450256
YFL061W,YPL081W,0,,0.0004887585528194904,0.0009950249223038554,0.20460230112075806
YML132W,YHR138C,0,,0.0004885197849944234,0.0009950249223038554,0.20470234751701355
YOR094W,YJL128C,0,,0.00048828125,0.0009950249223038554,0.20480239391326904
YPR185W,YNL300W,0,,0.00048804294783622026,0.0009950249223038554,0.20490245521068573
YER031C,YCR014C,0,,0.0004878048785030842,0.0009950249223038554,0.20500250160694122
YGR195W,YDR381C-A,0,,0.00048756704200059175,0.0009950249223038554,0.20510254800319672
YJL203W,YDR351W,0,,0.000487329438328743,0.0009950249223038554,0.2052025943994522
YCL068C,YNL084C,0,,0.00048709206748753786,0.0009950249223038554,0.2053026556968689
YHR107C,YGL131C,0,,0.0004868549294769764,0.0009950249223038554,0.2054027020931244
YJL026W,YNL262W,0,,0.0004866179951932281,0.0009950249223038554,0.20550274848937988
YHL021C,YDR073W,0,,0.00048638132284395397,0.0009950249223038554,0.20560279488563538
YOL049W,YBR258C,0,,0.00048614488332532346,0.0009950249223038554,0.20570285618305206
YOR157C,YBL113C,0,,0.00048590864753350616,0.0009950249223038554,0.20580290257930756
YER087W,YBL101W-B,0,,0.0004856726445723325,0.0009950249223038554,0.20590294897556305
YER160C,YMR074C,0,,0.00048543690354563296,0.0009950249223038554,0.20600299537181854
YNR059W,YCR068W,0,,0.0004852013662457466,0.0009950249223038554,0.20610305666923523
YAR033W,YKL052C,0,,0.0004849660617765039,0.0009950249223038554,0.20620310306549072
YOR189W,YLR035C,0,,0.0004847309610340744,0.0009950249223038554,0.20630314946174622
YGR246C,YHR009C,0,,0.00048449612222611904,0.0009950249223038554,0.2064031958580017
YKR006C,YDL049C,0,,0.00048426148714497685,0.0009950249223038554,0.2065032571554184
YLR185W,YJR052W,0,,0.0004840271139983088,0.0009950249223038554,0.2066033035516739
YKL189W,YML126C,0,,0.0004837929445784539,0.0009950249223038554,0.20670334994792938
YEL004W,YGR017W,0,,0.0004835590079892427,0.0009950249223038554,0.20680339634418488
YPL192C,YOR017W,0,,0.00048332527512684464,0.0009950249223038554,0.20690345764160156
YBR182C,YOL044W,0,,0.00048309177509509027,0.0009950249223038554,0.20700350403785706
YDL147W,YKL027W,0,,0.00048285853699781,0.0009950249223038554,0.20710355043411255
YKL086W,YPL203W,0,,0.0004826254735235125,0.0009950249223038554,0.20720359683036804
YMR182C,YBR154C,0,,0.00048239267198368907,0.0009950249223038554,0.20730365812778473
YDL149W,YDR490C,0,,0.00048216007417067885,0.0009950249223038554,0.20740370452404022
YGR120C,YMR291W,0,,0.0004819277091883123,0.0009950249223038554,0.20750375092029572
YHL003C,YKL095W,0,,0.0004816955770365894,0.0009950249223038554,0.2076037973165512
YMR300C,YNL087W,0,,0.0004814636486116797,0.0009950249223038554,0.2077038586139679
YIR008C,YDR515W,0,,0.0004812319530174136,0.0009950249223038554,0.2078039050102234
YGL224C,YKL090W,0,,0.0004810004902537912,0.0009950249223038554,0.20790395140647888
YIL128W,YGR132C,0,,0.000480769231216982,0.0009950249223038554,0.20800399780273438
YIL133C,YMR034C,0,,0.00048053820501081645,0.0009950249223038554,0.20810405910015106
YKL008C,YNL138W,0,,0.0004803073825314641,0.0009950249223038554,0.20820410549640656
YHR039C-A,YCR107W,0,,0.00048007682198658586,0.0009950249223038554,0.20830415189266205
YBR293W,YMR114C,0,,0.00047984643606469035,0.0009950249223038554,0.20840419828891754
YGL256W,YLL019C,0,,0.00047961631207726896,0.0009950249223038554,0.20850424468517303
YIL168W,YOL086C,0,,0.00047938639181666076,0.0009950249223038554,0.20860430598258972
YNL023C,YMR114C,0,,0.00047915667528286576,0.0009950249223038554,0.20870435237884521
YGR271W,YPL016W,0,,0.0004789271915797144,0.0009950249223038554,0.2088043987751007
YPL119C,YGR120C,0,,0.0004786979407072067,0.0009950249223038554,0.2089044451713562
YDR237W,YGR254W,0,,0.00047846889356151223,0.0009950249223038554,0.2090045064687729
YDR471W,YKL018W,0,,0.0004782400792464614,0.0009950249223038554,0.20910455286502838
YGL257C,YER081W,0,,0.00047801146865822375,0.0009950249223038554,0.20920459926128387
YMR192W,YDR285W,0,,0.00047778309090062976,0.0009950249223038554,0.20930464565753937
YGL030W,YLL039C,0,,0.00047755491686984897,0.0009950249223038554,0.20940470695495605
YJR140C,YNR046W,0,,0.00047732697566971183,0.0009950249223038554,0.20950475335121155
YKL107W,YIL014W,0,,0.0004770992381963879,0.0009950249223038554,0.20960479974746704
YGL050W,YER042W,0,,0.0004768717335537076,0.0009950249223038554,0.20970484614372253
YDL213C,YNR053C,0,,0.0004766444326378405,0.0009950249223038554,0.20980490744113922
YOR317W,YJR123W,0,,0.0004764173354487866,0.0009950249223038554,0.20990495383739471
YLR289W,YKL127W,0,,0.0004761904710903764,0.0009950249223038554,0.2100050002336502
YGR207C,YMR231W,0,,0.0004759638395626098,0.0009950249223038554,0.2101050466299057
YMR137C,YNL287W,0,,0.00047573738265782595,0.0009950249223038554,0.2102051079273224
YHR005C-A,YKL016C,0,,0.0004755111876875162,0.0009950249223038554,0.21030515432357788
YER155C,YPL097W,0,,0.0004752851673401892,0.0009950249223038554,0.21040520071983337
YKR083C,YJR129C,0,,0.0004750593798235059,0.0009950249223038554,0.21050524711608887
YDL246C,YAL028W,0,,0.00047483379603363574,0.0009950249223038554,0.21060530841350555
YGR255C,YBR135W,0,,0.00047460844507440925,0.0009950249223038554,0.21070535480976105
YHR113W,YJR067C,0,,0.00047438329784199595,0.0009950249223038554,0.21080540120601654
YCR044C,YGR103W,0,,0.0004741583834402263,0.0009950249223038554,0.21090544760227203
YDR408C,YOL165C,0,,0.0004739336436614394,0.0009950249223038554,0.21100550889968872
YNL080C,YHL035C,0,,0.0004737091367132962,0.0009950249223038554,0.2111055552959442
YAL007C,YKL009W,0,,0.0004734848625957966,0.0009950249223038554,0.2112056016921997
YOR074C,YDR488C,0,,0.00047326076310127974,0.0009950249223038554,0.2113056480884552
YDL122W,YJR131W,0,,0.00047303689643740654,0.0009950249223038554,0.2114057093858719
YER155C,YOL093W,0,,0.00047281323350034654,0.0009950249223038554,0.21150575578212738
YGR072W,YLL002W,0,,0.0004725898033939302,0.0009950249223038554,0.21160580217838287
YOR222W,YOL066C,0,,0.0004723665479104966,0.0009950249223038554,0.21170584857463837
YFL011W-A,YPL239W,0,,0.00047214352525770664,0.0009950249223038554,0.21180590987205505
YMR168C,YNL006W,0,,0.0004719207063317299,0.0009950249223038554,0.21190595626831055
YHR175W,YLR408C,0,,0.0004716981202363968,0.0009950249223038554,0.21200600266456604
YOR262W,YMR041C,0,,0.00047147570876404643,0.0009950249223038554,0.21210604906082153
YNL083W,YKR003W,0,,0.0004712535301223397,0.0009950249223038554,0.21220611035823822
YLL027W,YDL142C,0,,0.0004710315552074462,0.0009950249223038554,0.2123061567544937
YPR181C,YNL265C,0,,0.0004708097840193659,0.0009950249223038554,0.2124062031507492
YER075C,YKL040C,0,,0.00047058824566192925,0.0009950249223038554,0.2125062495470047
YFR033C,YDR405W,0,,0.00047036688192747533,0.0009950249223038554,0.2126062959432602
YLL032C,YBR110W,0,,0.00047014575102366507,0.0009950249223038554,0.21270635724067688
YJL180C,YJL053W,0,,0.000469924823846668,0.0009950249223038554,0.21280640363693237
YJL013C,YIL019W,0,,0.00046970410039648414,0.0009950249223038554,0.21290645003318787
YFL045C,YOR299W,0,,0.00046948358067311347,0.0009950249223038554,0.21300649642944336
YDL092W,YBR003W,0,,0.000469263264676556,0.0009950249223038554,0.21310655772686005
YDR381C-A,YER016W,0,,0.0004690431524068117,0.0009950249223038554,0.21320660412311554
YLR141W,YMR210W,0,,0.00046882324386388063,0.0009950249223038554,0.21330665051937103
YLR219W,YPR191W,0,,0.0004686035681515932,0.0009950249223038554,0.21340669691562653
YOR156C,YDL208W,0,,0.0004683840670622885,0.0009950249223038554,0.2135067582130432
YMR276W,YBR287W,0,,0.0004681647988036275,0.0009950249223038554,0.2136068046092987
YDR113C,YHR118C,0,,0.0004679457051679492,0.0009950249223038554,0.2137068510055542
YDR515W,YIL019W,0,,0.00046772684436291456,0.0009950249223038554,0.2138068974018097
YNL093W,YPL164C,0,,0.0004675081872846931,0.0009950249223038554,0.21390695869922638
YML067C,YJL063C,0,,0.0004672897339332849,0.0009950249223038554,0.21400700509548187
YOR291W,YER093C,0,,0.0004670714552048594,0.0009950249223038554,0.21410705149173737
YKL201C,YGR212W,0,,0.0004668534093070775,0.0009950249223038554,0.21420709788799286
YDR027C,YGR070W,0,,0.0004666355671361089,0.0009950249223038554,0.21430715918540955
YDL058W,YML132W,0,,0.00046641789958812296,0.0009950249223038554,0.21440720558166504
YOR005C,YPR052C,0,,0.0004662004648707807,0.0009950249223038554,0.21450725197792053
YOR025W,YBL100W-B,0,,0.00046598323388025165,0.0009950249223038554,0.21460729837417603
YPL217C,YMR323W,0,,0.0004657661775127053,0.0009950249223038554,0.2147073596715927
YJR035W,YJR067C,0,,0.00046554935397580266,0.0009950249223038554,0.2148074060678482
YML120C,YOR311C,0,,0.00046533270506188273,0.0009950249223038554,0.2149074524641037
YKL078W,YER017C,0,,0.00046511628897860646,0.0009950249223038554,0.2150074988603592
YBR171W,YMR067C,0,,0.00046490004751831293,0.0009950249223038554,0.21510756015777588
YCL074W,YLR300W,0,,0.0004646840097848326,0.0009950249223038554,0.21520760655403137
YJR147W,YFL055W,0,,0.00046446817577816546,0.0009950249223038554,0.21530765295028687
YCL067C,YJL200C,0,,0.0004642525454983115,0.0009950249223038554,0.21540769934654236
YDR148C,YBR126C,0,,0.0004640371189452708,0.0009950249223038554,0.21550776064395905
YGL148W,YGL196W,0,,0.00046382189611904323,0.0009950249223038554,0.21560780704021454
YNL274C,YPR034W,0,,0.0004636068479157984,0.0009950249223038554,0.21570785343647003
YOR176W,YML057W,0,,0.0004633920325431973,0.0009950249223038554,0.21580789983272552
YBL063W,YJR091C,0,,0.00046317739179357886,0.0009950249223038554,0.2159079611301422
YBL112C,YOL148C,0,,0.00046296295477077365,0.0009950249223038554,0.2160080075263977
YGR046W,YNL095C,0,,0.00046274872147478163,0.0009950249223038554,0.2161080539226532
YCL017C,YIL130W,0,,0.0004625346919056028,0.0009950249223038554,0.2162081003189087
YOR084W,YLR141W,0,,0.00046232083695940673,0.0009950249223038554,0.21630814671516418
YGL023C,YHR200W,0,,0.0004621072148438543,0.0009950249223038554,0.21640820801258087
YKL062W,YKR093W,0,,0.0004618937673512846,0.0009950249223038554,0.21650825440883636
YMR199W,YML057W,0,,0.00046168052358552814,0.0009950249223038554,0.21660830080509186
YPL115C,YHR108W,0,,0.0004614674544427544,0.0009950249223038554,0.21670834720134735
YDR017C,YBR119W,0,,0.0004612546181306243,0.0009950249223038554,0.21680840849876404
YDR145W,YAR035W,0,,0.00046104195644147694,0.0009950249223038554,0.21690845489501953
YKR007W,YML019W,0,,0.0004608294984791428,0.0009950249223038554,0.21700850129127502
YLR028C,YOR110W,0,,0.00046061721513979137,0.0009950249223038554,0.21710854768753052
YMR058W,YER157W,0,,0.0004604051646310836,0.0009950249223038554,0.2172086089849472
YJL060W,YJR088C,0,,0.0004601932887453586,0.0009950249223038554,0.2173086553812027
YER167W,YLR390W-A,0,,0.0004599815874826163,0.0009950249223038554,0.2174087017774582
YHR103W,YOR262W,0,,0.0004597701190505177,0.0009950249223038554,0.21750874817371368
YHR146W,YOR236W,0,,0.0004595588252414018,0.0009950249223038554,0.21760880947113037
YOL076W,YNL030W,0,,0.0004593477351590991,0.0009950249223038554,0.21770885586738586
YPL151C,YBL099W,0,,0.00045913681969977915,0.0009950249223038554,0.21780890226364136
YER054C,YDR350C,0,,0.0004589261079672724,0.0009950249223038554,0.21790894865989685
YGL129C,YPL037C,0,,0.00045871559996157885,0.0009950249223038554,0.21800900995731354
YOL089C,YHR205W,0,,0.00045850526657886803,0.0009950249223038554,0.21810905635356903
YBR086C,YPR189W,0,,0.0004582951369229704,0.0009950249223038554,0.21820910274982452
YBL056W,YDL052C,0,,0.000458085210993886,0.0009950249223038554,0.21830914914608002
YNL092W,YOR329C,0,,0.0004578754596877843,0.0009950249223038554,0.2184092104434967
YNL041C,YIL114C,0,,0.00045766591210849583,0.0009950249223038554,0.2185092568397522
YMR315W,YJL134W,0,,0.0004574565391521901,0.0009950249223038554,0.2186093032360077
YLR138W,YOR085W,0,,0.00045724736992269754,0.0009950249223038554,0.21870934963226318
YGL212W,YHR128W,0,,0.0004570384044200182,0.0009950249223038554,0.21880941092967987
YIR031C,YPL021W,0,,0.0004568296135403216,0.0009950249223038554,0.21890945732593536
YPR067W,YPR120C,0,,0.0004566209972836077,0.0009950249223038554,0.21900950372219086
YML128C,YHR004C,0,,0.00045641258475370705,0.0009950249223038554,0.21910955011844635
YKL048C,YLR200W,0,,0.0004562043759506196,0.0009950249223038554,0.21920961141586304
YNR013C,YDR361C,0,,0.00045599634177051485,0.0009950249223038554,0.21930965781211853
YCL060C,YKL205W,0,,0.0004557885113172233,0.0009950249223038554,0.21940970420837402
YOR204W,YDR058C,0,,0.0004555808554869145,0.0009950249223038554,0.21950975060462952
YMR293C,YNR004W,0,,0.0004553734033834189,0.0009950249223038554,0.2196098119020462
YDR014W-A,YLR205C,0,,0.00045516612590290606,0.0009950249223038554,0.2197098582983017
YJL093C,YBL004W,0,,0.0004549590521492064,0.0009950249223038554,0.2198099046945572
YNL052W,YBR118W,0,,0.0004547521530184895,0.0009950249223038554,0.21990995109081268
YBL084C,YCR024C,0,,0.00045454545761458576,0.0009950249223038554,0.22001001238822937
YHR057C,YGR145W,0,,0.0004543389368336648,0.0009950249223038554,0.22011005878448486
YOR141C,YIL014W,0,,0.000454132619779557,0.0009950249223038554,0.22021010518074036
YHR164C,YAL019W,0,,0.00045392647734843194,0.0009950249223038554,0.22031015157699585
YDR540C,YDR137W,0,,0.00045372050954028964,0.0009950249223038554,0.22041019797325134
YNL299W,YPL169C,0,,0.00045351474545896053,0.0009950249223038554,0.22051025927066803
YMR058W,YKL197C,0,,0.00045330915600061417,0.0009950249223038554,0.22061030566692352
YBR247C,YPL249C-A,0,,0.000453103770269081,0.0009950249223038554,0.22071035206317902
YLR424W,YER062C,0,,0.00045289855916053057,0.0009950249223038554,0.2208103984594345
YBL040C,YPL124W,0,,0.0004526935226749629,0.0009950249223038554,0.2209104597568512
YGL175C,YNL036W,0,,0.0004524886899162084,0.0009950249223038554,0.2210105061531067
YOL075C,YHR196W,0,,0.00045228403178043664,0.0009950249223038554,0.22111055254936218
YDL025C,YLR363C,0,,0.0004520795773714781,0.0009950249223038554,0.22121059894561768
YJL036W,YLR259C,0,,0.0004518752684816718,0.0009950249223038554,0.22131066024303436
YLR056W,YLR399C,0,,0.0004516711924225092,0.0009950249223038554,0.22141070663928986
YLL034C,YDR389W,0,,0.00045146726188249886,0.0009950249223038554,0.22151075303554535
YLR394W,YDR034C,0,,0.0004512635350693017,0.0009950249223038554,0.22161079943180084
YJL178C,YPR010C,0,,0.00045105998287908733,0.0009950249223038554,0.22171086072921753
YFL056C,YGR283C,0,,0.00045085663441568613,0.0009950249223038554,0.22181090712547302
YDL025C,YDL117W,0,,0.00045065346057526767,0.0009950249223038554,0.22191095352172852
YDL045C,YPL215W,0,,0.00045045046135783195,0.0009950249223038554,0.222010999917984
YBL046W,YER050C,0,,0.000450247636763379,0.0009950249223038554,0.2221110612154007
YER011W,YGL171W,0,,0.0004500450158957392,0.0009950249223038554,0.2222111076116562
YLR359W,YDR034C,0,,0.00044984256965108216,0.0009950249223038554,0.22231115400791168
YDR294C,YNL110C,0,,0.00044964029802940786,0.0009950249223038554,0.22241120040416718
YDR176W,YOR210W,0,,0.0004494382010307163,0.0009950249223038554,0.22251126170158386
YFL022C,YOR159C,0,,0.00044923630775883794,0.0009950249223038554,0.22261130809783936
YIL049W,YDL010W,0,,0.0004490345891099423,0.0009950249223038554,0.22271135449409485
YNL045W,YML075C,0,,0.00044883304508402944,0.0009950249223038554,0.22281140089035034
YDR201W,YNL305C,0,,0.0004486316756810993,0.0009950249223038554,0.22291146218776703
YER098W,YJL155C,0,,0.0004484304809011519,0.0009950249223038554,0.22301150858402252
YKR055W,YPL183W-A,0,,0.0004482294898480177,0.0009950249223038554,0.22311155498027802
YKL049C,YGL181W,0,,0.00044802867341786623,0.0009950249223038554,0.2232116013765335
YOR349W,YER028C,0,,0.0004478280316106975,0.0009950249223038554,0.2233116626739502
YLR228C,YDR314C,0,,0.0004476275644265115,0.0009950249223038554,0.2234117090702057
YJL085W,YMR114C,0,,0.00044742730096913874,0.0009950249223038554,0.22351175546646118
YBR066C,YER050C,0,,0.00044722718303091824,0.0009950249223038554,0.22361180186271667
YLR089C,YDR007W,0,,0.00044702726881951094,0.0009950249223038554,0.22371186316013336
YPR058W,YCL027C-A,0,,0.0004468275292310864,0.0009950249223038554,0.22381190955638885
YFR053C,YGL115W,0,,0.00044662796426564455,0.0009950249223038554,0.22391195595264435
YPR114W,YCL019W,0,,0.00044642857392318547,0.0009950249223038554,0.22401200234889984
YKL172W,YJR082C,0,,0.0004462293582037091,0.0009950249223038554,0.22411204874515533
YPR165W,YOR236W,0,,0.0004460303171072155,0.0009950249223038554,0.22421211004257202
YIL067C,YDL174C,0,,0.0004458314797375351,0.0009950249223038554,0.22431215643882751
YDL072C,YDR268W,0,,0.000445632787887007,0.0009950249223038554,0.224412202835083
YGR077C,YLR019W,0,,0.0004454342997632921,0.0009950249223038554,0.2245122492313385
YDR217C,YNL197C,0,,0.0004452359862625599,0.0009950249223038554,0.2246123105287552
YLR242C,YOR128C,0,,0.00044503781828098,0.0009950249223038554,0.22471235692501068
YMR199W,YOR266W,0,,0.0004448398540262133,0.0009950249223038554,0.22481240332126617
YPL046C,YLR073C,0,,0.0004446420643944293,0.0009950249223038554,0.22491244971752167
YER054C,YDL209C,0,,0.0004444444493856281,0.0009950249223038554,0.22501251101493835
YHL002W,YDL139C,0,,0.0004442470089998096,0.0009950249223038554,0.22511255741119385
YIL120W,YMR230W,0,,0.0004440497432369739,0.0009950249223038554,0.22521260380744934
YOR216C,YPL275W,0,,0.0004438526520971209,0.0009950249223038554,0.22531265020370483
YBL019W,YIL143C,0,,0.0004436557355802506,0.0009950249223038554,0.22541271150112152
YJR070C,YGL103W,0,,0.0004434589936863631,0.0009950249223038554,0.22551275789737701
YOR156C,YGL203C,0,,0.00044326239731162786,0.0009950249223038554,0.2256128042936325
YDL246C,YFR049W,0,,0.0004430660046637058,0.0009950249223038554,0.225712850689888
YMR013C,YDR469W,0,,0.00044286978663876653,0.0009950249223038554,0.2258129119873047
YLR285W,YJL203W,0,,0.00044267374323680997,0.0009950249223038554,0.22591295838356018
YBL066C,YHR114W,0,,0.00044247787445783615,0.0009950249223038554,0.22601300477981567
YGR161C-C,YOR287C,0,,0.0004422821803018451,0.0009950249223038554,0.22611305117607117
YGR276C,YHR205W,0,,0.00044208666076883674,0.0009950249223038554,0.22621311247348785
YPL221W,YER040W,0,,0.0004418912867549807,0.0009950249223038554,0.22631315886974335
YGL100W,YOR232W,0,,0.00044169611646793783,0.0009950249223038554,0.22641320526599884
YNL090W,YDR524C-B,0,,0.00044150109170004725,0.0009950249223038554,0.22651325166225433
YER032W,YNL312W,0,,0.0004413062706589699,0.0009950249223038554,0.22661331295967102
YPR140W,YDR170C,0,,0.0004411115951370448,0.0009950249223038554,0.2267133593559265
YPR111W,YPR067W,0,,0.00044091709423810244,0.0009950249223038554,0.226813405752182
YPL230W,YGL200C,0,,0.0004407227970659733,0.0009950249223038554,0.2269134521484375
YIL005W,YOR049C,0,,0.0004405286454129964,0.0009950249223038554,0.2270135134458542
YER062C,YBR204C,0,,0.0004403346683830023,0.0009950249223038554,0.22711355984210968
YGR231C,YGL028C,0,,0.00044014083687216043,0.0009950249223038554,0.22721360623836517
YJL028W,YIL007C,0,,0.0004399472090881318,0.0009950249223038554,0.22731365263462067
YDR145W,YER038C,0,,0.0004397537268232554,0.0009950249223038554,0.22741371393203735
YDR352W,YHR148W,0,,0.00043956044828519225,0.0009950249223038554,0.22751376032829285
YBL112C,YDR512C,0,,0.00043936731526628137,0.0009950249223038554,0.22761380672454834
YGL013C,YMR180C,0,,0.0004391743568703532,0.0009950249223038554,0.22771385312080383
YAL009W,YOL103W-B,0,,0.0004389815730974078,0.0009950249223038554,0.22781389951705933
YFR047C,YDR222W,0,,0.0004387889348436147,0.0009950249223038554,0.227913960814476
YLR131C,YNL087W,0,,0.0004385965003166348,0.0009950249223038554,0.2280140072107315
YOR274W,YDR072C,0,,0.00043840421130880713,0.0009950249223038554,0.228114053606987
YPR104C,YJL013C,0,,0.00043821209692396224,0.0009950249223038554,0.2282141000032425
YKR089C,YDL217C,0,,0.0004380201571621001,0.0009950249223038554,0.22831416130065918
YPL134C,YLR011W,0,,0.0004378283629193902,0.0009950249223038554,0.22841420769691467
YIL067C,YPL082C,0,,0.0004376367724034935,0.0009950249223038554,0.22851425409317017
YKR028W,YIL098C,0,,0.00043744532740674913,0.0009950249223038554,0.22861430048942566
YDR469W,YFL017W-A,0,,0.0004372540570329875,0.0009950249223038554,0.22871436178684235
YBR271W,YPL164C,0,,0.0004370629321783781,0.0009950249223038554,0.22881440818309784
YLL034C,YOR171C,0,,0.00043687201105058193,0.0009950249223038554,0.22891445457935333
YPL027W,YIL162W,0,,0.00043668123544193804,0.0009950249223038554,0.22901450097560883
YJL012C-A,YNL035C,0,,0.00043649060535244644,0.0009950249223038554,0.2291145622730255
YOR339C,YGR085C,0,,0.00043630017898976803,0.0009950249223038554,0.229214608669281
YHR169W,YML130C,0,,0.0004361098981462419,0.0009950249223038554,0.2293146550655365
YPR185W,YIL168W,0,,0.0004359197919256985,0.0009950249223038554,0.229414701461792
YFR001W,YFR024C-A,0,,0.0004357298603281379,0.0009950249223038554,0.22951476275920868
YCR063W,YBR042C,0,,0.0004355400742497295,0.0009950249223038554,0.22961480915546417
YMR091C,YER019C-A,0,,0.0004353504627943039,0.0009950249223038554,0.22971485555171967
YLR052W,YIR003W,0,,0.00043516099685803056,0.0009950249223038554,0.22981490194797516
YKL112W,YOL144W,0,,0.0004349717346485704,0.0009950249223038554,0.22991496324539185
YLR376C,YPR095C,0,,0.00043478261795826256,0.0009950249223038554,0.23001500964164734
YJL209W,YOR216C,0,,0.000434593646787107,0.0009950249223038554,0.23011505603790283
YJL010C,YPR037C,0,,0.0004344048793427646,0.0009950249223038554,0.23021510243415833
YDR210W-D,YOR059C,0,,0.00043421622831374407,0.0009950249223038554,0.230315163731575
YKL008C,YMR270C,0,,0.0004340277810115367,0.0009950249223038554,0.2304152101278305
YPR134W,YPR009W,0,,0.00043383947922848165,0.0009950249223038554,0.230515256524086
YBR229C,YLR288C,0,,0.0004336513520684093,0.0009950249223038554,0.2306153029203415
YDR311W,YMR200W,0,,0.0004334633704274893,0.0009950249223038554,0.23071536421775818
YCR079W,YPL133C,0,,0.000433275563409552,0.0009950249223038554,0.23081541061401367
YGL002W,YOL088C,0,,0.0004330879310145974,0.0009950249223038554,0.23091545701026917
YDL148C,YOR010C,0,,0.00043290044413879514,0.0009950249223038554,0.23101550340652466
YHR037W,YBR038W,0,,0.00043271310278214514,0.0009950249223038554,0.23111556470394135
YJR127C,YMR238W,0,,0.00043252596515230834,0.0009950249223038554,0.23121561110019684
YDR227W,YKL146W,0,,0.0004323389439377934,0.0009950249223038554,0.23131565749645233
YBR090C-A,YFR038W,0,,0.0004321521264500916,0.0009950249223038554,0.23141570389270782
YER026C,YPL211W,0,,0.0004319654544815421,0.0009950249223038554,0.2315157651901245
YBL006C,YDR167W,0,,0.0004317789280321449,0.0009950249223038554,0.23161581158638
YLR220W,YGR082W,0,,0.00043159257620573044,0.0009950249223038554,0.2317158579826355
YGL190C,YKR003W,0,,0.0004314063990022987,0.0009950249223038554,0.231815904378891
YLR092W,YDR111C,0,,0.00043122036731801927,0.0009950249223038554,0.23191595077514648
YLR013W,YKR103W,0,,0.0004310344811528921,0.0009950249223038554,0.23201601207256317
YER141W,YLL017W,0,,0.0004308487696107477,0.0009950249223038554,0.23211605846881866
YLL036C,YKL090W,0,,0.000430663232691586,0.0009950249223038554,0.23221610486507416
YOR011W,YJL207C,0,,0.0004304778412915766,0.0009950249223038554,0.23231615126132965
YHR029C,YGL060W,0,,0.0004302925954107195,0.0009950249223038554,0.23241621255874634
YPL217C,YLR075W,0,,0.00043010752415284514,0.0009950249223038554,0.23251625895500183
YNL073W,YEL005C,0,,0.0004299226275179535,0.0009950249223038554,0.23261630535125732
YJL021C,YJL145W,0,,0.0004297378472983837,0.0009950249223038554,0.23271635174751282
YLR157C-B,YMR207C,0,,0.0004295532708056271,0.0009950249223038554,0.2328164130449295
YOL098C,YBR129C,0,,0.0004293688398320228,0.0009950249223038554,0.232916459441185
YKL203C,YER109C,0,,0.00042918455437757075,0.0009950249223038554,0.2330165058374405
YOR083W,YKL074C,0,,0.00042900044354610145,0.0009950249223038554,0.23311655223369598
YOL028C,YIL177C,0,,0.00042881647823378444,0.0009950249223038554,0.23321661353111267
YIL096C,YMR101C,0,,0.0004286326584406197,0.0009950249223038554,0.23331665992736816
YPL244C,YDL235C,0,,0.0004284490132704377,0.0009950249223038554,0.23341670632362366
YGL210W-A,YJL100W,0,,0.000428265513619408,0.0009950249223038554,0.23351675271987915
YNL133C,YOR126C,0,,0.00042808218859136105,0.0009950249223038554,0.23361681401729584
YBR268W,YMR049C,0,,0.00042789900908246636,0.0009950249223038554,0.23371686041355133
YHR156C,YLR136C,0,,0.0004277160041965544,0.0009950249223038554,0.23381690680980682
YBR139W,YOR354C,0,,0.00042753314482979476,0.0009950249223038554,0.23391695320606232
YDR257C,YKL058W,0,,0.0004273504309821874,0.0009950249223038554,0.234017014503479
YPL013C,YOL082W,0,,0.0004271678626537323,0.0009950249223038554,0.2341170608997345
YML114C,YDR386W,0,,0.00042698546894825995,0.0009950249223038554,0.23421710729599
YNL002C,YNL224C,0,,0.00042680324986577034,0.0009950249223038554,0.23431715369224548
YMR030W,YLR429W,0,,0.00042662114719860256,0.0009950249223038554,0.23441721498966217
YOL061W,YLR380W,0,,0.0004264392191544175,0.0009950249223038554,0.23451726138591766
YDR276C,YGR099W,0,,0.0004262574657332152,0.0009950249223038554,0.23461730778217316
YNL081C,YGR225W,0,,0.00042607582872733474,0.0009950249223038554,0.23471735417842865
YBR271W,YOL103W-B,0,,0.000425894366344437,0.0009950249223038554,0.23481741547584534
YJR101W,YBR200W-A,0,,0.000425713078584522,0.0009950249223038554,0.23491746187210083
YOR292C,YIL095W,0,,0.00042553190723992884,0.0009950249223038554,0.23501750826835632
YGR212W,YPL128C,0,,0.0004253509105183184,0.0009950249223038554,0.23511755466461182
YLR308W,YIL159W,0,,0.00042517005931586027,0.0009950249223038554,0.2352176159620285
YCL003W,YOR254C,0,,0.00042498938273638487,0.0009950249223038554,0.235317662358284
YJR147W,YIL121W,0,,0.0004248088225722313,0.0009950249223038554,0.2354177087545395
YMR213W,YJR118C,0,,0.00042462843703106046,0.0009950249223038554,0.23551775515079498
YDR243C,YIL038C,0,,0.00042444822611287236,0.0009950249223038554,0.23561780154705048
YDR212W,YBR109C,0,,0.0004242681316100061,0.0009950249223038554,0.23571786284446716
YMR161W,YOL038W,0,,0.00042408821173012257,0.0009950249223038554,0.23581790924072266
YOL006C,YGR083C,0,,0.0004239084373693913,0.0009950249223038554,0.23591795563697815
YDR348C,YML021C,0,,0.00042372880852781236,0.0009950249223038554,0.23601800203323364
YFR031C,YPL248C,0,,0.00042354935430921614,0.0009950249223038554,0.23611806333065033
YER141W,YGR144W,0,,0.00042337001650594175,0.0009950249223038554,0.23621810972690582
YBR221C,YMR271C,0,,0.0004231908533256501,0.0009950249223038554,0.23631815612316132
YLR103C,YDR494W,0,,0.0004230118356645107,0.0009950249223038554,0.2364182025194168
YBR120C,YBL097W,0,,0.0004228329926263541,0.0009950249223038554,0.2365182638168335
YPL257W-B,YNL023C,0,,0.0004226542660035193,0.0009950249223038554,0.236618310213089
YDR363W,YDR494W,0,,0.00042247571400366724,0.0009950249223038554,0.23671835660934448
YMR030W,YOR205C,0,,0.00042229730752296746,0.0009950249223038554,0.23681840300559998
YGR271W,YGR112W,0,,0.00042211904656141996,0.0009950249223038554,0.23691846430301666
YLR259C,YDR435C,0,,0.00042194093111902475,0.0009950249223038554,0.23701851069927216
YBR302C,YGL180W,0,,0.0004217629611957818,0.0009950249223038554,0.23711855709552765
YGR060W,YMR021C,0,,0.00042158516589552164,0.0009950249223038554,0.23721860349178314
YOR190W,YKR089C,0,,0.0004214074870105833,0.0009950249223038554,0.23731866478919983
YMR061W,YLR058C,0,,0.00042122998274862766,0.0009950249223038554,0.23741871118545532
YBR211C,YGR264C,0,,0.00042105262400582433,0.0009950249223038554,0.23751875758171082
YGL241W,YOR194C,0,,0.0004208754107821733,0.0009950249223038554,0.2376188039779663
YBR261C,YDR292C,0,,0.00042069837218150496,0.0009950249223038554,0.237718865275383
YDR324C,YDL107W,0,,0.0004205214499961585,0.0009950249223038554,0.2378189116716385
YML067C,YIL118W,0,,0.0004203446733299643,0.0009950249223038554,0.23791895806789398
YNL239W,YAL029C,0,,0.0004201680712867528,0.0009950249223038554,0.23801900446414948
YJL054W,YOR126C,0,,0.0004199915856588632,0.0009950249223038554,0.23811906576156616
YMR019W,YDR303C,0,,0.0004198152746539563,0.0009950249223038554,0.23821911215782166
YHR002W,YDL107W,0,,0.0004196391091682017,0.0009950249223038554,0.23831915855407715
YCR052W,YOR157C,0,,0.00041946308920159936,0.0009950249223038554,0.23841920495033264
YLR022C,YEL053C,0,,0.0004192872147541493,0.0009950249223038554,0.23851926624774933
YGR222W,YLR417W,0,,0.00041911148582585156,0.0009950249223038554,0.23861931264400482
YKL193C,YBL052C,0,,0.0004189359024167061,0.0009950249223038554,0.23871935904026031
YER178W,YKR044W,0,,0.0004187604645267129,0.0009950249223038554,0.2388194054365158
YGR038C-A,YIL148W,0,,0.000418585172155872,0.0009950249223038554,0.2389194667339325
YIL036W,YBR002C,0,,0.0004184100544080138,0.0009950249223038554,0.239019513130188
YNL247W,YBR102C,0,,0.0004182350530754775,0.0009950249223038554,0.23911955952644348
YPL253C,YCL044C,0,,0.0004180601972620934,0.0009950249223038554,0.23921960592269897
YEL020W-A,YGR097W,0,,0.00041788548696786165,0.0009950249223038554,0.23931966722011566
YKL191W,YGR206W,0,,0.0004177109512966126,0.0009950249223038554,0.23941971361637115
YNL262W,YOR138C,0,,0.0004175365320406854,0.0009950249223038554,0.23951976001262665
YOR172W,YGL162W,0,,0.0004173622583039105,0.0009950249223038554,0.23961980640888214
YER041W,YKL096W-A,0,,0.0004171881591901183,0.0009950249223038554,0.23971985280513763
YER183C,YPR137C-A,0,,0.00041701417649164796,0.0009950249223038554,0.23981991410255432
YMR300C,YDR446W,0,,0.0004168403393123299,0.0009950249223038554,0.23991996049880981
YGL148W,YHR042W,0,,0.00041666667675599456,0.0009950249223038554,0.2400200068950653
YBL063W,YBL004W,0,,0.00041649313061498106,0.0009950249223038554,0.2401200532913208
YIL006W,YPL183C,0,,0.00041631972999311984,0.0009950249223038554,0.2402201145887375
YJL082W,YDR020C,0,,0.0004161464748904109,0.0009950249223038554,0.24032016098499298
YDR109C,YOL059W,0,,0.00041597336530685425,0.0009950249223038554,0.24042020738124847
YDR207C,YDL012C,0,,0.00041580043034628034,0.0009950249223038554,0.24052025377750397
YJL160C,YPL108W,0,,0.00041562761180102825,0.0009950249223038554,0.24062031507492065
YDR254W,YPR164W,0,,0.000415454909671098,0.0009950249223038554,0.24072036147117615
YIR032C,YOR354C,0,,0.0004152823821641505,0.0009950249223038554,0.24082040786743164
YBL028C,YAR035W,0,,0.00041511000017635524,0.0009950249223038554,0.24092045426368713
YHR143W-A,YPL127C,0,,0.0004149377637077123,0.0009950249223038554,0.24102051556110382
YIL023C,YOR019W,0,,0.00041476564365439117,0.0009950249223038554,0.24112056195735931
YFL018W-A,YJL134W,0,,0.0004145936982240528,0.0009950249223038554,0.2412206083536148
YCR028C-A,YHL038C,0,,0.00041442186920903623,0.0009950249223038554,0.2413206547498703
YKL062W,YNR015W,0,,0.0004142502148170024,0.0009950249223038554,0.241420716047287
YDL239C,YML069W,0,,0.00041407867684029043,0.0009950249223038554,0.24152076244354248
YER087C-B,YJR082C,0,,0.0004139072843827307,0.0009950249223038554,0.24162080883979797
YLR368W,YLR043C,0,,0.0004137360374443233,0.0009950249223038554,0.24172085523605347
YPL018W,YPR034W,0,,0.00041356493602506816,0.0009950249223038554,0.24182091653347015
YDR217C,YPR140W,0,,0.00041339395102113485,0.0009950249223038554,0.24192096292972565
YIL120W,YKR045C,0,,0.0004132231406401843,0.0009950249223038554,0.24202100932598114
YFL035C-B,YDL213C,0,,0.00041305244667455554,0.0009950249223038554,0.24212105572223663
YNL209W,YJR123W,0,,0.00041288192733190954,0.0009950249223038554,0.24222111701965332
YKL018W,YKL096W-A,0,,0.00041271152440458536,0.0009950249223038554,0.2423211634159088
YNL284C-B,YNL110C,0,,0.00041254126699641347,0.0009950249223038554,0.2424212098121643
YBR173C,YGR227W,0,,0.0004123711260035634,0.0009950249223038554,0.2425212562084198
YMR054W,YGR253C,0,,0.0004122011596336961,0.0009950249223038554,0.2426213175058365
YOR208W,YOR113W,0,,0.0004120313096791506,0.0009950249223038554,0.24272136390209198
YER150W,YDL193W,0,,0.00041186160524375737,0.0009950249223038554,0.24282141029834747
YKL160W,YDR261C-D,0,,0.00041169204632751644,0.0009950249223038554,0.24292145669460297
YMR261C,YNR018W,0,,0.0004115226329304278,0.0009950249223038554,0.24302151799201965
YNL122C,YJR019C,0,,0.0004113533650524914,0.0009950249223038554,0.24312156438827515
YJL063C,YKL096W-A,0,,0.0004111842135898769,0.0009950249223038554,0.24322161078453064
YER102W,YPL097W,0,,0.00041101520764641464,0.0009950249223038554,0.24332165718078613
YKR028W,YLL045C,0,,0.00041084634722210467,0.0009950249223038554,0.24342170357704163
YGL212W,YHR132C,0,,0.000410677632316947,0.0009950249223038554,0.2435217648744583
YBR282W,YNL050C,0,,0.0004105090338271111,0.0009950249223038554,0.2436218112707138
YBR282W,YHR065C,0,,0.00041034058085642755,0.0009950249223038554,0.2437218576669693
YPL094C,YGL167C,0,,0.00041017227340489626,0.0009950249223038554,0.2438219040632248
YNL059C,YJL155C,0,,0.00041000411147251725,0.0009950249223038554,0.24392196536064148
YBR044C,YDR147W,0,,0.00040983606595546007,0.0009950249223038554,0.24402201175689697
YCL003W,YMR113W,0,,0.0004096681659575552,0.0009950249223038554,0.24412205815315247
YPL218W,YLR274W,0,,0.00040950041147880256,0.0009950249223038554,0.24422210454940796
YIL154C,YKL006C-A,0,,0.0004093327734153718,0.0009950249223038554,0.24432216584682465
YML073C,YCL029C,0,,0.00040916530997492373,0.0009950249223038554,0.24442221224308014
YKL025C,YOR355W,0,,0.0004089979629497975,0.0009950249223038554,0.24452225863933563
YBR133C,YPL099C,0,,0.0004088307323399931,0.0009950249223038554,0.24462230503559113
YOR071C,YIL177C,0,,0.00040866367635317147,0.0009950249223038554,0.2447223663330078
YLR191W,YPL045W,0,,0.00040849673678167164,0.0009950249223038554,0.2448224127292633
YDR331W,YDR469W,0,,0.0004083299427293241,0.0009950249223038554,0.2449224591255188
YLR262C,YGL083W,0,,0.0004081632650922984,0.0009950249223038554,0.2450225055217743
YDL139C,YGL179C,0,,0.00040799673297442496,0.0009950249223038554,0.24512256681919098
YDL202W,YMR240C,0,,0.0004078303463757038,0.0009950249223038554,0.24522261321544647
YML061C,YHR057C,0,,0.0004076640761923045,0.0009950249223038554,0.24532265961170197
YLR005W,YKL065C,0,,0.00040749795152805746,0.0009950249223038554,0.24542270600795746
YLL018C,YOR317W,0,,0.0004073319723829627,0.0009950249223038554,0.24552276730537415
YJL078C,YGR238C,0,,0.0004071661096531898,0.0009950249223038554,0.24562281370162964
YJR054W,YBR056W,0,,0.0004070004215463996,0.0009950249223038554,0.24572286009788513
YNL097C,YOR245C,0,,0.0004068348207511008,0.0009950249223038554,0.24582290649414062
YIR035C,YLR298C,0,,0.00040666936547495425,0.0009950249223038554,0.2459229677915573
YFL062W,YIL043C,0,,0.00040650405571796,0.0009950249223038554,0.2460230141878128
YJL034W,YBL045C,0,,0.00040633889148011804,0.0009950249223038554,0.2461230605840683
YJL155C,YPR009W,0,,0.0004061738436575979,0.0009950249223038554,0.2462231069803238
YPL170W,YIL098C,0,,0.00040600894135423005,0.0009950249223038554,0.24632316827774048
YNR048W,YGR052W,0,,0.000405844155466184,0.0009950249223038554,0.24642321467399597
YDR369C,YLR110C,0,,0.0004056795150972903,0.0009950249223038554,0.24652326107025146
YLL032C,YKL182W,0,,0.00040551499114371836,0.0009950249223038554,0.24662330746650696
YKL161C,YOR245C,0,,0.0004053506418131292,0.0009950249223038554,0.24672336876392365
YCR038C,YIR022W,0,,0.0004051863797940314,0.0009950249223038554,0.24682341516017914
YGR231C,YIL129C,0,,0.00040502226329408586,0.0009950249223038554,0.24692346155643463
YNR037C,YLR383W,0,,0.0004048582923132926,0.0009950249223038554,0.24702350795269012
YHR139C,YLR388W,0,,0.00040469446685165167,0.0009950249223038554,0.24712355434894562
YPL151C,YAL048C,0,,0.00040453075780533254,0.0009950249223038554,0.2472236156463623
YDR098C,YBR268W,0,,0.00040436716517433524,0.0009950249223038554,0.2473236620426178
YHR197W,YML131W,0,,0.0004042037180624902,0.0009950249223038554,0.2474237084388733
YNR067C,YDR291W,0,,0.0004040404164697975,0.0009950249223038554,0.24752375483512878
YDR471W,YBR080C,0,,0.0004038772312924266,0.0009950249223038554,0.24762381613254547
YER014C-A,YIL022W,0,,0.0004037141625303775,0.0009950249223038554,0.24772386252880096
YBR278W,YPL227C,0,,0.0004035512392874807,0.0009950249223038554,0.24782390892505646
YKR024C,YCR058C,0,,0.0004033884615637362,0.0009950249223038554,0.24792395532131195
YGL043W,YDL097C,0,,0.0004032258002553135,0.0009950249223038554,0.24802401661872864
YPL029W,YHR138C,0,,0.0004030632844660431,0.0009950249223038554,0.24812406301498413
YKR069W,YGL220W,0,,0.00040290088509209454,0.0009950249223038554,0.24822410941123962
YLR219W,YBR109C,0,,0.00040273863123729825,0.0009950249223038554,0.24832415580749512
YKR045C,YPL266W,0,,0.0004025764937978238,0.0009950249223038554,0.2484242171049118
YOR226C,YNL093W,0,,0.00040241447277367115,0.0009950249223038554,0.2485242635011673
YOR123C,YNL138W-A,0,,0.00040225262637250125,0.0009950249223038554,0.2486243098974228
YOR247W,YHR179W,0,,0.00040209086728282273,0.0009950249223038554,0.24872435629367828
YIL128W,YDR097C,0,,0.0004019292537122965,0.0009950249223038554,0.24882441759109497
YOR219C,YER074W,0,,0.00040176778566092253,0.0009950249223038554,0.24892446398735046
YOR215C,YHR124W,0,,0.0004016064340248704,0.0009950249223038554,0.24902451038360596
YDL039C,YFR016C,0,,0.0004014451988041401,0.0009950249223038554,0.24912455677986145
YJL051W,YNL122C,0,,0.00040128410910256207,0.0009950249223038554,0.24922461807727814
YER050C,YLR153C,0,,0.0004011231358163059,0.0009950249223038554,0.24932466447353363
YKL166C,YPR030W,0,,0.00040096230804920197,0.0009950249223038554,0.24942471086978912
YKR069W,YHL034C,0,,0.0004008015966974199,0.0009950249223038554,0.24952475726604462
YLR242C,YOR214C,0,,0.0004006410308647901,0.0009950249223038554,0.2496248185634613
YDR367W,YGL098W,0,,0.0004004805814474821,0.0009950249223038554,0.2497248649597168
YBR028C,YNL272C,0,,0.00040032024844549596,0.0009950249223038554,0.2498249113559723
YIL023C,YOR033C,0,,0.0004001600609626621,0.0009950249223038554,0.24992495775222778
YCR045C,YEL003W,0,,0.00039999998989515007,0.0009950249223038554,0.2500250041484833
YER021W,YPL208W,0,,0.0003998400643467903,0.0009950249223038554,0.25012505054473877
YOL006C,YNR057C,0,,0.0003996802552137524,0.0009950249223038554,0.25022512674331665
YDR210W-D,YBL091C-A,0,,0.0003995205624960363,0.0009950249223038554,0.25032517313957214
YBR261C,YKL065C,0,,0.0003993610152974725,0.0009950249223038554,0.25042521953582764
YLR251W,YML102W,0,,0.0003992015845142305,0.0009950249223038554,0.25052526593208313
YBR139W,YOR351C,0,,0.0003990422992501408,0.0009950249223038554,0.2506253123283386
YGL142C,YNL035C,0,,0.0003988831304013729,0.0009950249223038554,0.2507253587245941
YCL051W,YDR446W,0,,0.00039872407796792686,0.0009950249223038554,0.2508254051208496
YMR189W,YPL138C,0,,0.0003985651710536331,0.0009950249223038554,0.2509254515171051
YER004W,YDR039C,0,,0.00039840638055466115,0.0009950249223038554,0.2510254979133606
YER137C,YCL038C,0,,0.00039824770647101104,0.0009950249223038554,0.2511255741119385
YML080W,YJL045W,0,,0.0003980891779065132,0.0009950249223038554,0.25122562050819397
YGR157W,YIR028W,0,,0.0003979307657573372,0.0009950249223038554,0.25132566690444946
YER041W,YMR106C,0,,0.00039777247002348304,0.0009950249223038554,0.25142571330070496
YKR025W,YAR027W,0,,0.00039761431980878115,0.0009950249223038554,0.25152575969696045
YMR228W,YHR135C,0,,0.0003974562860094011,0.0009950249223038554,0.25162580609321594
YGR098C,YEL003W,0,,0.00039729836862534285,0.0009950249223038554,0.25172585248947144
YCR105W,YLR013W,0,,0.0003971405967604369,0.0009950249223038554,0.25182589888572693
YNL221C,YIL038C,0,,0.00039698294131085277,0.0009950249223038554,0.2519259750843048
YGR085C,YBL014C,0,,0.00039682540227659047,0.0009950249223038554,0.2520260214805603
YOR101W,YOR279C,0,,0.00039666797965765,0.0009950249223038554,0.2521260678768158
YDR098C-B,YKR036C,0,,0.0003965107025578618,0.0009950249223038554,0.2522261142730713
YDL074C,YLR332W,0,,0.00039635354187339544,0.0009950249223038554,0.2523261606693268
YCR048W,YKL125W,0,,0.00039619652670808136,0.0009950249223038554,0.2524262070655823
YOL104C,YLR197W,0,,0.00039603959885425866,0.0009950249223038554,0.25252625346183777
YDR429C,YIL050W,0,,0.00039588281651958823,0.0009950249223038554,0.25262629985809326
YPR082C,YDR110W,0,,0.00039572615060023963,0.0009950249223038554,0.25272637605667114
YNL250W,YEL037C,0,,0.0003955696302000433,0.0009950249223038554,0.25282642245292664
YLR410W,YNL267W,0,,0.0003954131971113384,0.0009950249223038554,0.25292646884918213
YER162C,YGL019W,0,,0.0003952569095417857,0.0009950249223038554,0.2530265152454376
YBR211C,YGL099W,0,,0.0003951007383875549,0.0009950249223038554,0.2531265616416931
YLR182W,YMR225C,0,,0.00039494471275247633,0.0009950249223038554,0.2532266080379486
YPR164W,YDL066W,0,,0.00039478877442888916,0.0009950249223038554,0.2533266544342041
YGL194C,YHR084W,0,,0.00039463298162445426,0.0009950249223038554,0.2534267008304596
YLR103C,YHR154W,0,,0.0003944773052353412,0.0009950249223038554,0.2535267770290375
YPL239W,YMR101C,0,,0.0003943217743653804,0.0009950249223038554,0.25362682342529297
YOR197W,YDR027C,0,,0.000394166330806911,0.0009950249223038554,0.25372686982154846
YLR305C,YNL050C,0,,0.00039401103276759386,0.0009950249223038554,0.25382691621780396
YIL018W,YEL022W,0,,0.00039385585114359856,0.0009950249223038554,0.25392696261405945
YDL058W,YIL091C,0,,0.0003937007859349251,0.0009950249223038554,0.25402700901031494
YNL240C,YHL020C,0,,0.00039354583714157343,0.0009950249223038554,0.25412705540657043
YOR090C,YJL104W,0,,0.00039339103386737406,0.0009950249223038554,0.2542271018028259
YNL262W,YIL117C,0,,0.0003932363470084965,0.0009950249223038554,0.2543271780014038
YPL145C,YDR494W,0,,0.00039308174746111035,0.0009950249223038554,0.2544272243976593
YOL093W,YDR082W,0,,0.0003929273225367069,0.0009950249223038554,0.2545272707939148
YOR247W,YNL069C,0,,0.00039277298492379487,0.0009950249223038554,0.2546273171901703
YPR101W,YLR017W,0,,0.00039261876372620463,0.0009950249223038554,0.2547273635864258
YOR297C,YOR293W,0,,0.0003924646880477667,0.0009950249223038554,0.2548274099826813
YCR045C,YOR363C,0,,0.0003923106996808201,0.0009950249223038554,0.25492745637893677
YPL217C,YPR018W,0,,0.0003921568568330258,0.0009950249223038554,0.25502750277519226
YPR158W-A,YGL045W,0,,0.00039200313040055335,0.0009950249223038554,0.25512754917144775
YNL181W,YKL015W,0,,0.0003918495203834027,0.0009950249223038554,0.25522762537002563
YPL266W,YDR087C,0,,0.00039169605588540435,0.0009950249223038554,0.25532767176628113
YJR034W,YLR369W,0,,0.00039154267869889736,0.0009950249223038554,0.2554277181625366
YNL097C,YLR165C,0,,0.00039138944703154266,0.0009950249223038554,0.2555277645587921
YLR023C,YPR003C,0,,0.0003912363026756793,0.0009950249223038554,0.2556278109550476
YKL071W,YOR245C,0,,0.0003910833038389683,0.0009950249223038554,0.2557278573513031
YNL209W,YBL002W,0,,0.00039093042141757905,0.0009950249223038554,0.2558279037475586
YHR003C,YDR085C,0,,0.00039077765541151166,0.0009950249223038554,0.2559279501438141
YBR081C,YNL288W,0,,0.0003906250058207661,0.0009950249223038554,0.25602802634239197
YML121W,YPL164C,0,,0.00039047247264534235,0.0009950249223038554,0.25612807273864746
YDR111C,YLR362W,0,,0.00039032005588524044,0.0009950249223038554,0.25622811913490295
YJL151C,YDL122W,0,,0.0003901677846442908,0.0009950249223038554,0.25632816553115845
YBR211C,YDR028C,0,,0.00039001560071483254,0.0009950249223038554,0.25642821192741394
YGL063W,YPR161C,0,,0.00038986356230452657,0.0009950249223038554,0.25652825832366943
YBR179C,YNL216W,0,,0.00038971161120571196,0.0009950249223038554,0.2566283047199249
YOR086C,YMR117C,0,,0.00038955980562604964,0.0009950249223038554,0.2567283511161804
YGR217W,YLR154W-C,0,,0.0003894080873578787,0.0009950249223038554,0.2568284273147583
YPR171W,YER056C,0,,0.00038925651460886,0.0009950249223038554,0.2569284737110138
YAL028W,YLR242C,0,,0.0003891050582751632,0.0009950249223038554,0.2570285201072693
YBR188C,YBR096W,0,,0.00038895371835678816,0.0009950249223038554,0.2571285665035248
YOR273C,YLR050C,0,,0.00038880249485373497,0.0009950249223038554,0.2572286128997803
YDR098C-B,YDR218C,0,,0.0003886513877660036,0.0009950249223038554,0.25732865929603577
YGL067W,YCR068W,0,,0.0003885003970935941,0.0009950249223038554,0.25742870569229126
YMR143W,YDL014W,0,,0.00038834952283650637,0.0009950249223038554,0.25752875208854675
YJR090C,YPR180W,0,,0.0003881987649947405,0.0009950249223038554,0.25762882828712463
YBR301W,YOR209C,0,,0.00038804812356829643,0.0009950249223038554,0.2577288746833801
YMR179W,YJL194W,0,,0.0003878975985571742,0.0009950249223038554,0.2578289210796356
YMR227C,YNL246W,0,,0.0003877471899613738,0.0009950249223038554,0.2579289674758911
YGL124C,YNL199C,0,,0.00038759689778089523,0.0009950249223038554,0.2580290138721466
YPR171W,YLR026C,0,,0.0003874467220157385,0.0009950249223038554,0.2581290602684021
YOL008W,YPR086W,0,,0.00038729666266590357,0.0009950249223038554,0.2582291066646576
YHR119W,YBR235W,0,,0.0003871467197313905,0.0009950249223038554,0.2583291530609131
YPL113C,YGR193C,0,,0.0003869968932121992,0.0009950249223038554,0.25842922925949097
YNL275W,YCL001W,0,,0.0003868471831083298,0.0009950249223038554,0.25852927565574646
YEL060C,YML111W,0,,0.00038669758941978216,0.0009950249223038554,0.25862932205200195
YOR056C,YDR202C,0,,0.0003865481121465564,0.0009950249223038554,0.25872936844825745
YLR384C,YOR256C,0,,0.0003863987512886524,0.0009950249223038554,0.25882941484451294
YHR133C,YDL054C,0,,0.0003862495068460703,0.0009950249223038554,0.25892946124076843
YOR382W,YGL049C,0,,0.00038610037881881,0.0009950249223038554,0.2590295076370239
YEL034W,YNL152W,0,,0.0003859513672068715,0.0009950249223038554,0.2591295540332794
YMR193W,YDL142C,0,,0.00038580247201025486,0.0009950249223038554,0.2592296004295349
YNL298W,YPR020W,0,,0.00038565369322896004,0.0009950249223038554,0.2593296766281128
YLR102C,YDL188C,0,,0.0003855050017591566,0.0009950249223038554,0.2594297230243683
YBR152W,YLR272C,0,,0.0003853564558085054,0.0009950249223038554,0.2595297694206238
YNL093W,YDR073W,0,,0.0003852080262731761,0.0009950249223038554,0.2596298158168793
YDR348C,YMR197C,0,,0.0003850596840493381,0.0009950249223038554,0.25972986221313477
YHR001W-A,YDR261C,0,,0.00038491145824082196,0.0009950249223038554,0.25982990860939026
YGR092W,YDR296W,0,,0.0003847633779514581,0.0009950249223038554,0.25992995500564575
YOR027W,YLR380W,0,,0.0003846153849735856,0.0009950249223038554,0.26003000140190125
YML120C,YLR229C,0,,0.00038446750841103494,0.0009950249223038554,0.2601300776004791
YOR197W,YMR284W,0,,0.0003843197482638061,0.0009950249223038554,0.2602301239967346
YGR155W,YHR072W,0,,0.0003841721045318991,0.0009950249223038554,0.2603301703929901
YOR279C,YDR409W,0,,0.0003840245772153139,0.0009950249223038554,0.2604302167892456
YOL027C,YPR169W,0,,0.00038387716631405056,0.0009950249223038554,0.2605302631855011
YEL069C,YER124C,0,,0.00038372984272427857,0.0009950249223038554,0.2606303095817566
YMR232W,YJR032W,0,,0.00038358266465365887,0.0009950249223038554,0.2607303559780121
YML112W,YCR042C,0,,0.00038343557389453053,0.0009950249223038554,0.2608304023742676
YGL033W,YDR190C,0,,0.0003832886286545545,0.0009950249223038554,0.26093047857284546
YPR138C,YIL031W,0,,0.0003831417707260698,0.0009950249223038554,0.26103052496910095
YLR350W,YKL035W,0,,0.00038299502921290696,0.0009950249223038554,0.26113057136535645
YNL024C,YBR078W,0,,0.00038284840411506593,0.0009950249223038554,0.26123061776161194
YKL061W,YNL284C-A,0,,0.0003827018663287163,0.0009950249223038554,0.26133066415786743
YOR237W,YER060W,0,,0.0003825554740615189,0.0009950249223038554,0.2614307105541229
YDR352W,YOR020C,0,,0.0003824091691058129,0.0009950249223038554,0.2615307569503784
YBL079W,YBR081C,0,,0.0003822630096692592,0.0009950249223038554,0.2616308033466339
YBR179C,YDR083W,0,,0.00038211693754419684,0.0009950249223038554,0.2617308795452118
YCR066W,YBL013W,0,,0.0003819709818344563,0.0009950249223038554,0.2618309259414673
YPR125W,YOR007C,0,,0.0003818251134362072,0.0009950249223038554,0.2619309723377228
YCL036W,YNL281W,0,,0.0003816793905571103,0.0009950249223038554,0.26203101873397827
YOL039W,YHR185C,0,,0.0003815337549895048,0.0009950249223038554,0.26213106513023376
YHR191C,YOL068C,0,,0.0003813882649410516,0.0009950249223038554,0.26223111152648926
YDL074C,YLR071C,0,,0.00038124286220408976,0.0009950249223038554,0.26233115792274475
YBR272C,YLR039C,0,,0.0003810975467786193,0.0009950249223038554,0.26243120431900024
YJL081C,YDR528W,0,,0.0003809523768723011,0.0009950249223038554,0.2625312805175781
YIL120W,YOR125C,0,,0.00038080732338130474,0.0009950249223038554,0.2626313269138336
YLR368W,YOR343W-B,0,,0.00038066235720179975,0.0009950249223038554,0.2627313733100891
YKR034W,YJR083C,0,,0.0003805175074376166,0.0009950249223038554,0.2628314197063446
YBL041W,YNR015W,0,,0.00038037277408875525,0.0009950249223038554,0.2629314661026001
YMR014W,YLL053C,0,,0.0003802281280513853,0.0009950249223038554,0.2630315124988556
YBR248C,YMR153W,0,,0.0003800836275331676,0.0009950249223038554,0.2631315588951111
YKL040C,YLR026C,0,,0.0003799392143264413,0.0009950249223038554,0.2632316052913666
YCL068C,YBR188C,0,,0.0003797949175350368,0.0009950249223038554,0.26333165168762207
YLR316C,YPL105C,0,,0.0003796507080551237,0.0009950249223038554,0.26343172788619995
YJL012C-A,YOL044W,0,,0.00037950664409436285,0.0009950249223038554,0.26353177428245544
YHR148W,YBR005W,0,,0.0003793626674450934,0.0009950249223038554,0.26363182067871094
YAR050W,YOR103C,0,,0.00037921880721114576,0.0009950249223038554,0.26373186707496643
YHR211W,YNR038W,0,,0.00037907506339251995,0.0009950249223038554,0.2638319134712219
YDR322C-A,YDR119W,0,,0.0003789314068853855,0.0009950249223038554,0.2639319598674774
YKL077W,YIR013C,0,,0.0003787878667935729,0.0009950249223038554,0.2640320062637329
YKL048C,YLR077W,0,,0.0003786444431170821,0.0009950249223038554,0.2641320526599884
YMR273C,YDR058C,0,,0.00037850113585591316,0.0009950249223038554,0.2642321288585663
YER185W,YKL145W,0,,0.0003783579159062356,0.0009950249223038554,0.2643321752548218
YBR029C,YBR294W,0,,0.0003782148123718798,0.0009950249223038554,0.26443222165107727
YGL200C,YCR102C,0,,0.0003780718252528459,0.0009950249223038554,0.26453226804733276
YHR006W,YJL076W,0,,0.0003779289545491338,0.0009950249223038554,0.26463231444358826
YER178W,YDR375C,0,,0.00037778617115691304,0.0009950249223038554,0.26473236083984375
YDR237W,YKR031C,0,,0.00037764350418001413,0.0009950249223038554,0.26483240723609924
YGL200C,YBR260C,0,,0.00037750095361843705,0.0009950249223038554,0.26493245363235474
YOR083W,YJL112W,0,,0.00037735849036835134,0.0009950249223038554,0.2650325298309326
YLR136C,YPR068C,0,,0.00037721614353358746,0.0009950249223038554,0.2651325762271881
YFR025C,YCL064C,0,,0.0003770739131141454,0.0009950249223038554,0.2652326226234436
YMR019W,YGL067W,0,,0.0003769317700061947,0.0009950249223038554,0.2653326690196991
YMR276W,YPR091C,0,,0.00037678974331356585,0.0009950249223038554,0.2654327154159546
YNL239W,YLR410W-B,0,,0.0003766478330362588,0.0009950249223038554,0.2655327618122101
YMR319C,YDL079C,0,,0.00037650601007044315,0.0009950249223038554,0.2656328082084656
YNL094W,YGR211W,0,,0.0003763643326237798,0.0009950249223038554,0.26573285460472107
YJL035C,YBR162W-A,0,,0.0003762227133847773,0.0009950249223038554,0.26583293080329895
YCR011C,YMR143W,0,,0.0003760812396649271,0.0009950249223038554,0.26593297719955444
YKL129C,YPR080W,0,,0.0003759398532565683,0.0009950249223038554,0.26603302359580994
YFR038W,YIL040W,0,,0.00037579858326353133,0.0009950249223038554,0.26613306999206543
YHR175W,YJL076W,0,,0.0003756574005819857,0.0009950249223038554,0.2662331163883209
YIL156W,YDR150W,0,,0.0003755163343157619,0.0009950249223038554,0.2663331627845764
YGL033W,YGL111W,0,,0.00037537538446485996,0.0009950249223038554,0.2664332091808319
YKL006C-A,YER015W,0,,0.00037523452192544937,0.0009950249223038554,0.2665332555770874
YDR381C-A,YOL088C,0,,0.0003750937758013606,0.0009950249223038554,0.2666333019733429
YKL130C,YOR147W,0,,0.0003749531169887632,0.0009950249223038554,0.2667333781719208
YDR233C,YML111W,0,,0.0003748126036953181,0.0009950249223038554,0.26683342456817627
YNL088W,YLR466W,0,,0.0003746721486095339,0.0009950249223038554,0.26693347096443176
YIL105C,YLR071C,0,,0.000374531839042902,0.0009950249223038554,0.26703351736068726
YBR130C,YNL051W,0,,0.00037439161678776145,0.0009950249223038554,0.26713356375694275
YHR156C,YPL208W,0,,0.00037425151094794273,0.0009950249223038554,0.26723361015319824
YPR060C,YGL209W,0,,0.0003741114924196154,0.0009950249223038554,0.26733365654945374
YPL139C,YDR307W,0,,0.00037397159030660987,0.0009950249223038554,0.26743370294570923
YML067C,YIL083C,0,,0.0003738317755050957,0.0009950249223038554,0.2675337791442871
YMR300C,YHL021C,0,,0.0003736920771189034,0.0009950249223038554,0.2676338255405426
YKL054C,YGL160W,0,,0.0003735524951480329,0.0009950249223038554,0.2677338719367981
YPR158W-A,YIL129C,0,,0.0003734130004886538,0.0009950249223038554,0.2678339183330536
YLR182W,YMR090W,0,,0.0003732736222445965,0.0009950249223038554,0.2679339647293091
YOL095C,YDL104C,0,,0.00037313433131203055,0.0009950249223038554,0.2680340111255646
YOR078W,YJR042W,0,,0.00037299515679478645,0.0009950249223038554,0.26813405752182007
YMR093W,YLR409C,1,,0.0007457121391780674,0.001990049844607711,0.26813405752182007
YKL040C,YGL096W,0,,0.0007454341975972056,0.001990049844607711,0.26823410391807556
YGL121C,YLL026W,0,,0.0007451564888469875,0.001990049844607711,0.26833418011665344
YGL043W,YNR073C,0,,0.0007448789547197521,0.001990049844607711,0.26843422651290894
YDR225W,YDR043C,0,,0.0007446016534231603,0.001990049844607711,0.26853427290916443
YNR063W,YHR026W,0,,0.0007443245267495513,0.001990049844607711,0.2686343193054199
YKL054C,YIL062C,0,,0.0007440476329065859,0.001990049844607711,0.2687343657016754
YOR145C,YHR214W,0,,0.0007437709136866033,0.001990049844607711,0.2688344120979309
YGL017W,YBL051C,0,,0.0007434944272972643,0.001990049844607711,0.2689344584941864
YOL102C,YKL095W,0,,0.0007432181155309081,0.001990049844607711,0.2690345048904419
YFL003C,YCL019W,0,,0.0007429420365951955,0.001990049844607711,0.2691345810890198
YBR019C,YMR268W-A,0,,0.0007426661904901266,0.001990049844607711,0.26923462748527527
YJR026W,YMR243C,0,,0.0007423905190080404,0.001990049844607711,0.26933467388153076
YGL219C,YBL097W,0,,0.000742115022148937,0.001990049844607711,0.26943472027778625
YBR261C,YLR193C,0,,0.0007418397581204772,0.001990049844607711,0.26953476667404175
YDR461W,YGR192C,0,,0.0007415647269226611,0.001990049844607711,0.26963481307029724
YER129W,YNL216W,0,,0.0007412898703478277,0.001990049844607711,0.26973485946655273
YKL055C,YBR280C,0,,0.000741015188395977,0.001990049844607711,0.2698349058628082
YER090W,YGR255C,0,,0.00074074073927477,0.001990049844607711,0.2699349820613861
YLL026W,YLR277C,0,,0.0007404665229842067,0.001990049844607711,0.2700350284576416
YGL092W,YDR234W,0,,0.0007401924231089652,0.001990049844607711,0.2701350748538971
YOR117W,YNL270C,0,,0.0007399186142720282,0.001990049844607711,0.2702351212501526
YLL012W,YKR052C,0,,0.000739644980058074,0.001990049844607711,0.2703351676464081
YBR295W,YPR134W,0,,0.0007393715204671025,0.001990049844607711,0.2704352140426636
YDL213C,YKL020C,0,,0.0007390982937067747,0.001990049844607711,0.27053526043891907
YML112W,YDR499W,0,,0.0007388252415694296,0.001990049844607711,0.27063530683517456
YBR014C,YDR519W,0,,0.0007385524222627282,0.001990049844607711,0.27073535323143005
YKL032C,YDL083C,0,,0.0007382798357866704,0.001990049844607711,0.27083542943000793
YER033C,YNR002C,0,,0.0007380073657259345,0.001990049844607711,0.2709354758262634
YCR093W,YKL097W-A,0,,0.0007377351284958422,0.001990049844607711,0.2710355222225189
YDR173C,YDL179W,0,,0.0007374631240963936,0.001990049844607711,0.2711355686187744
YER072W,YKR065C,0,,0.0007371912943199277,0.001990049844607711,0.2712356150150299
YGL058W,YPR107C,0,,0.0007369196973741055,0.001990049844607711,0.2713356614112854
YMR278W,YGL113W,0,,0.000736648275051266,0.001990049844607711,0.2714357078075409
YLR164W,YGL046W,0,,0.0007363770273514092,0.001990049844607711,0.2715357542037964
YPR140W,YJR150C,0,,0.0007361060124821961,0.001990049844607711,0.27163583040237427
YNR074C,YKL167C,0,,0.0007358351722359657,0.001990049844607711,0.27173587679862976
YMR318C,YGR145W,0,,0.000735564564820379,0.001990049844607711,0.27183592319488525
YPL274W,YMR136W,0,,0.000735294132027775,0.001990049844607711,0.27193596959114075
YLR019W,YHR214C-C,0,,0.0007350238738581538,0.001990049844607711,0.27203601598739624
YOL053C-A,YNL023C,0,,0.0007347538485191762,0.001990049844607711,0.27213606238365173
YLR206W,YJR105W,0,,0.0007344839978031814,0.001990049844607711,0.2722361087799072
YOL023W,YOR187W,0,,0.0007342143799178302,0.001990049844607711,0.2723361551761627
YNL178W,YGL050W,0,,0.0007339449366554618,0.001990049844607711,0.2724362313747406
YBL099W,YLR344W,0,,0.000733675726223737,0.001990049844607711,0.2725362777709961
YMR182C,YLR447C,0,,0.000733406690414995,0.001990049844607711,0.2726363241672516
YFR009W,YPR171W,0,,0.0007331378292292356,0.001990049844607711,0.2727363705635071
YHR197W,YGR044C,0,,0.00073286920087412,0.001990049844607711,0.2728364169597626
YDR322C-A,YGR094W,0,,0.0007326007471419871,0.001990049844607711,0.27293646335601807
YPL235W,YKL027W,0,,0.0007323324680328369,0.001990049844607711,0.27303650975227356
YMR113W,YDL142C,0,,0.0007320644217543304,0.001990049844607711,0.27313655614852905
YLR391W,YMR032W,0,,0.0007317965500988066,0.001990049844607711,0.27323663234710693
YCR003W,YDR156W,0,,0.0007315289112739265,0.001990049844607711,0.2733366787433624
YNL095C,YPL187W,0,,0.0007312614470720291,0.001990049844607711,0.2734367251396179
YLR353W,YLR363C,0,,0.0007309941574931145,0.001990049844607711,0.2735367715358734
YOR147W,YOL103W-B,0,,0.0007307271007448435,0.001990049844607711,0.2736368179321289
YGR280C,YNR012W,0,,0.0007304602186195552,0.001990049844607711,0.2737368643283844
YNL095C,YJR053W,0,,0.0007301935111172497,0.001990049844607711,0.2738369107246399
YOR202W,YNL335W,0,,0.000729926978237927,0.001990049844607711,0.2739369571208954
YBR282W,YMR169C,0,,0.0007296607363969088,0.001990049844607711,0.27403703331947327
YKL206C,YPL228W,0,,0.0007293946109712124,0.001990049844607711,0.27413707971572876
YDL066W,YNL063W,0,,0.0007291287183761597,0.001990049844607711,0.27423712611198425
YJL178C,YBR065C,0,,0.0007288630004040897,0.001990049844607711,0.27433717250823975
YGR120C,YOR098C,0,,0.0007285974570550025,0.001990049844607711,0.27443721890449524
YCR055C,YGL180W,0,,0.0007283321465365589,0.001990049844607711,0.27453726530075073
YBR104W,YER159C,0,,0.000728067010641098,0.001990049844607711,0.2746373116970062
YHR102W,YIL157C,0,,0.0007278020493686199,0.001990049844607711,0.2747373580932617
YOR100C,YBR199W,0,,0.0007275372627191246,0.001990049844607711,0.2748374044895172
YOR241W,YGR057C,0,,0.0007272727089002728,0.001990049844607711,0.2749374806880951
YAL017W,YDR373W,0,,0.0007270083879120648,0.001990049844607711,0.2750375270843506
YNL258C,YFL057C,0,,0.0007267441833391786,0.001990049844607711,0.2751375734806061
YJL136C,YDL083C,1,,0.0010897202882915735,0.0029850746504962444,0.2751375734806061
YDL083C,YOR004W,1,,0.0014524328289553523,0.003980099689215422,0.2751375734806061
YJL010C,YHL015W,1,,0.0018148820381611586,0.004975124262273312,0.2751375734806061
YCR057C,YDR025W,1,,0.0021770682651549578,0.005970149300992489,0.2751375734806061
YGL120C,YPL081W,1,,0.0025389916263520718,0.006965174339711666,0.2751375734806061
YPL012W,YER074W,1,,0.002900652587413788,0.007960199378430843,0.2751375734806061
YDL213C,YDR339C,1,,0.0032620513811707497,0.008955223485827446,0.2751375734806061
YPR132W,YOR078W,1,,0.0036231884732842445,0.009950248524546623,0.2751375734806061
YKL156W,YBR181C,1,,0.0039840638637542725,0.0109452735632658,0.2751375734806061
YCR031C,YOR004W,1,,0.0043446775525808334,0.011940298601984978,0.2751375734806061
YCR031C,YDL083C,1,,0.004705030936747789,0.012935323640704155,0.2751375734806061
YOL010W,YLR048W,1,,0.005065123084932566,0.013930348679423332,0.2751375734806061
YGR251W,YPR144C,1,,0.005424954928457737,0.014925372786819935,0.2751375734806061
YLR441C,YCR055C,1,,0.005784526467323303,0.015920398756861687,0.2751375734806061
YCR047C,YLR003C,1,,0.006143838167190552,0.016915423795580864,0.2751375734806061
YLR441C,YDR449C,1,,0.006502890028059483,0.017910446971654892,0.2751375734806061
YDR447C,YOR287C,1,,0.00686168298125267,0.01890547201037407,0.2751375734806061
YHR196W,YKR060W,1,,0.007220216561108828,0.019900497049093246,0.2751375734806061
YER102W,YOR056C,1,,0.007578491698950529,0.020895522087812424,0.2751375734806061
YAL026C,YML026C,1,,0.007936508394777775,0.0218905471265316,0.2751375734806061
YOL121C,YLR003C,1,,0.00829426571726799,0.022885572165250778,0.2751375734806061
YGR271C-A,YLR167W,1,,0.008651765994727612,0.023880597203969955,0.2751375734806061
YCR055C,YOR056C,1,,0.009009009227156639,0.024875622242689133,0.2751375734806061
YER102W,YMR269W,1,,0.009365994483232498,0.02587064728140831,0.2751375734806061
YKR057W,YLR435W,1,,0.009722722694277763,0.026865672320127487,0.2751375734806061
YGR090W,YGR251W,1,,0.010079193860292435,0.027860697358846664,0.2751375734806061
YHR169W,YPL012W,1,,0.010435407981276512,0.028855720534920692,0.2751375734806061
YPL081W,YBR247C,1,,0.010791366919875145,0.02985074557363987,0.2751375734806061
YBL072C,YDR339C,1,,0.011147069744765759,0.030845770612359047,0.2751375734806061
YJL136C,YML026C,1,,0.011502516455948353,0.03184079751372337,0.2751375734806061
YLR435W,YMR269W,1,,0.011857707053422928,0.03283582255244255,0.2751375734806061
YMR093W,YMR269W,1,,0.012212643399834633,0.03383084759116173,0.2751375734806061
YHR169W,YOR145C,1,,0.012567324563860893,0.03482586890459061,0.2751375734806061
YML026C,YNL308C,1,,0.012921751476824284,0.035820893943309784,0.2751375734806061
YKR060W,YLR441C,1,,0.013275924138724804,0.03681591898202896,0.2751375734806061
YLR192C,YDR450W,1,,0.013629842549562454,0.03781094402074814,0.2751375734806061
YJL010C,YPL239W,1,,0.013983506709337234,0.038805969059467316,0.2751375734806061
YDR449C,YMR093W,1,,0.01433691754937172,0.03980099409818649,0.2751375734806061
YOR004W,YLR409C,1,,0.014690075069665909,0.04079601913690567,0.2751375734806061
YCR057C,YPL126W,1,,0.015042980201542377,0.04179104417562485,0.2751375734806061
YPL012W,YDR064W,1,,0.01539563201367855,0.042786069214344025,0.2751375734806061
YLL011W,YER102W,1,,0.015748031437397003,0.0437810942530632,0.2751375734806061
YMR229C,YDR324C,1,,0.01610017940402031,0.04477611929178238,0.2751375734806061
YDL083C,YIL019W,1,,0.01645207405090332,0.045771144330501556,0.2751375734806061
YKL143W,YOR056C,1,,0.016803719103336334,0.046766169369220734,0.2751375734806061
YMR229C,YGR272C,1,,0.017155110836029053,0.04776119440793991,0.2751375734806061
YCL031C,YPR112C,1,,0.017506252974271774,0.04875621944665909,0.2751375734806061
YGR103W,YJL191W,1,,0.01785714365541935,0.049751244485378265,0.2751375734806061
YLR068W,YNR054C,1,,0.01820778287947178,0.05074626952409744,0.2751375734806061
YPL081W,YDR064W,1,,0.01855817250907421,0.05174129456281662,0.2751375734806061
YGR214W,YKL082C,1,,0.018908312544226646,0.0527363196015358,0.2751375734806061
YLR222C,YMR269W,1,,0.019258202984929085,0.053731344640254974,0.2751375734806061
YCR031C,YCR055C,1,,0.019607843831181526,0.05472636967897415,0.2751375734806061
YJL109C,YDR025W,1,,0.01995723508298397,0.05572139471769333,0.2751375734806061
YBR247C,YBR189W,1,,0.020306376740336418,0.056716419756412506,0.2751375734806061
YOL010W,YDR398W,1,,0.020655270665884018,0.057711441069841385,0.2751375734806061
YGR090W,YCL059C,1,,0.02100391685962677,0.05870646610856056,0.2751375734806061
YDR447C,YMR143W,1,,0.021352313458919525,0.05970149114727974,0.2751375734806061
YAL026C,YML093W,1,,0.021700462326407433,0.06069651618599892,0.2751375734806061
YHL015W,YML024W,1,,0.022048363462090492,0.061691541224718094,0.2751375734806061
YDL083C,YDR337W,1,,0.022396018728613853,0.06268656998872757,0.2751375734806061
YDL148C,YLR003C,1,,0.022743426263332367,0.06368159502744675,0.2751375734806061
YER102W,YDL083C,1,,0.023090586066246033,0.06467662006616592,0.2751375734806061
YMR143W,YCR031C,1,,0.0234375,0.0656716451048851,0.2751375734806061
YGR118W,YHR021C,1,,0.02378416806459427,0.06666667014360428,0.2751375734806061
YJL069C,YLR435W,1,,0.02413058839738369,0.06766169518232346,0.2751375734806061
YPL081W,YPR112C,1,,0.02447676472365856,0.06865671277046204,0.2751375734806061
YLR441C,YBR048W,1,,0.024822695180773735,0.06965173780918121,0.2751375734806061
YBL004W,YCR058C,1,,0.02516837976872921,0.07064676284790039,0.2751375734806061
YLR192C,YLR441C,1,,0.025513820350170135,0.07164178788661957,0.2751375734806061
YGR118W,YDR025W,1,,0.025859015062451363,0.07263681292533875,0.2751375734806061
YBL004W,YDR339C,1,,0.02620396576821804,0.07363183796405792,0.2751375734806061
YNR054C,YMR269W,1,,0.02654867246747017,0.0746268630027771,0.2751375734806061
YOL010W,YIL069C,1,,0.02689313516020775,0.07562188804149628,0.2751375734806061
YJR002W,YPL081W,1,,0.02723735384643078,0.07661691308021545,0.2751375734806061
YKR057W,YJL136C,1,,0.02758133038878441,0.07761193811893463,0.2751375734806061
YKL099C,YIL019W,1,,0.02792506106197834,0.07860696315765381,0.2751375734806061
YKR060W,YMR269W,1,,0.02826855145394802,0.07960198819637299,0.2751375734806061
YHR196W,YCL031C,1,,0.028611797839403152,0.08059701323509216,0.2751375734806061
YBL004W,YHR196W,1,,0.028954802080988884,0.08159203827381134,0.2751375734806061
YOR145C,YOR310C,1,,0.029297564178705215,0.08258706331253052,0.2751375734806061
YPR132W,YDR339C,1,,0.029640084132552147,0.0835820883512497,0.2751375734806061
YDR447C,YDR064W,1,,0.029982363805174828,0.08457711338996887,0.2751375734806061
YPL081W,YDR339C,1,,0.030324401333928108,0.08557213842868805,0.2751375734806061
YKR057W,YNL308C,1,,0.03066619671881199,0.08656716346740723,0.2751375734806061
YPR132W,YGR090W,1,,0.03100775182247162,0.0875621885061264,0.2751375734806061
YDR447C,YLR003C,1,,0.031349066644907,0.08855721354484558,0.2751375734806061
YER087C-B,YPL063W,0,,0.031338028609752655,0.08855721354484558,0.2752376198768616
YPR151C,YBR021W,0,,0.03132699802517891,0.08855721354484558,0.27533766627311707
YNL288W,YOR136W,0,,0.03131597489118576,0.08855721354484558,0.27543771266937256
YMR202W,YDR091C,0,,0.03130495920777321,0.08855721354484558,0.27553775906562805
YNL121C,YGR229C,0,,0.031293950974941254,0.08855721354484558,0.27563780546188354
YBR043C,YIL170W,0,,0.031282953917980194,0.08855721354484558,0.2757378816604614
YFR053C,YGL083W,0,,0.03127196058630943,0.08855721354484558,0.2758379280567169
YJR002W,YBR247C,1,,0.031612224876880646,0.08955223858356476,0.2758379280567169
YDR064W,YDR398W,1,,0.03195224702358246,0.09054726362228394,0.2758379280567169
YER082C,YDL166C,1,,0.03229203075170517,0.09154228866100311,0.2758379280567169
YJL136C,YKL082C,1,,0.03263157978653908,0.09253731369972229,0.2758379280567169
YMR143W,YBL072C,1,,0.032970886677503586,0.09353233873844147,0.2758379280567169
YOR310C,YLR129W,1,,0.03330995887517929,0.09452736377716064,0.2758379280567169
YGR103W,YLR129W,1,,0.033648788928985596,0.09552238881587982,0.2758379280567169
YIL069C,YPR112C,1,,0.0339873842895031,0.096517413854599,0.2758379280567169
YPL239W,YDL083C,1,,0.034325744956731796,0.09751243889331818,0.2758379280567169
YOL010W,YPR112C,1,,0.03466386720538139,0.09850746393203735,0.2758379280567169
YML024W,YBR048W,1,,0.03500175103545189,0.09950248897075653,0.2758379280567169
YOR367W,YGR268C,0,,0.034989502280950546,0.09950248897075653,0.2759379744529724
YGL241W,YFL011W-A,0,,0.0349772647023201,0.09950248897075653,0.2760380208492279
YBR181C,YML126C,0,,0.03496503457427025,0.09950248897075653,0.2761380672454834
YHR026W,YPL241C,0,,0.034952811896800995,0.09950248897075653,0.2762381136417389
YBR111W-A,YPL129W,0,,0.03494060039520264,0.09950248897075653,0.2763381600379944
YGR038C-A,YDR453C,0,,0.034928396344184875,0.09950248897075653,0.2764382064342499
YPL045W,YKL149C,0,,0.03491619974374771,0.09950248897075653,0.27653828263282776
YOR144C,YPL094C,0,,0.03490401431918144,0.09950248897075653,0.27663832902908325
YPL010W,YHR059W,0,,0.03489183634519577,0.09950248897075653,0.27673837542533875
YOR048C,YBL029C-A,0,,0.034879665821790695,0.09950248897075653,0.27683842182159424
YDR352W,YOR382W,0,,0.03486750274896622,0.09950248897075653,0.27693846821784973
YDR217C,YDR200C,0,,0.034855350852012634,0.09950248897075653,0.2770385146141052
YOR215C,YDR471W,0,,0.03484320640563965,0.09950248897075653,0.2771385610103607
YCL033C,YMR177W,0,,0.03483106940984726,0.09950248897075653,0.2772386074066162
YMR321C,YGL016W,0,,0.03481893986463547,0.09950248897075653,0.2773386836051941
YPL013C,YHR115C,0,,0.03480682149529457,0.09950248897075653,0.2774387300014496
YDR365W-B,YKL124W,0,,0.03479471057653427,0.09950248897075653,0.2775387763977051
YPL006W,YJL095W,0,,0.03478260710835457,0.09950248897075653,0.27763882279396057
YGL014W,YPR127W,0,,0.03477051481604576,0.09950248897075653,0.27773886919021606
YKL148C,YDR306C,0,,0.03475842997431755,0.09950248897075653,0.27783891558647156
YHL006C,YCR105W,0,,0.03474635258316994,0.09950248897075653,0.27793896198272705
YGR159C,YIL019W,1,,0.03508162498474121,0.10049751400947571,0.27793896198272705
YJL191W,YBR189W,1,,0.03541666641831398,0.10149253904819489,0.27793896198272705
YLR222C,YGR128C,1,,0.035751476883888245,0.10248756408691406,0.27793896198272705
YPR132W,YBR247C,1,,0.036086052656173706,0.10348258912563324,0.27793896198272705
YML063W,YCL031C,1,,0.036420393735170364,0.10447761416435242,0.27793896198272705
YBR189W,YOR056C,1,,0.036754507571458817,0.1054726392030716,0.27793896198272705
YMR143W,YCL059C,1,,0.037088386714458466,0.10646766424179077,0.27793896198272705
YPL081W,YCL059C,1,,0.03742203861474991,0.10746268928050995,0.27793896198272705
YKL156W,YMR093W,1,,0.03775545582175255,0.10845771431922913,0.27793896198272705
YER102W,YPL012W,1,,0.03808864206075668,0.1094527393579483,0.27793896198272705
YJR002W,YDR025W,1,,0.038421597331762314,0.11044776439666748,0.27793896198272705
YLR051C,YER074W,1,,0.03875432536005974,0.11144278943538666,0.27793896198272705
YHR196W,YNL132W,1,,0.03908682242035866,0.11243781447410583,0.27793896198272705
YDL148C,YPL239W,1,,0.03941908851265907,0.11343283951282501,0.27793896198272705
YDR450W,YML093W,1,,0.03975112363696098,0.11442785710096359,0.27793896198272705
YDR447C,YGL120C,1,,0.04008293151855469,0.11542288213968277,0.27793896198272705
YMR229C,YOR287C,1,,0.04041450843214989,0.11641790717840195,0.27793896198272705
YMR229C,YPL126W,1,,0.04074585810303688,0.11741293221712112,0.27793896198272705
YLR167W,YDR324C,1,,0.04107697680592537,0.1184079572558403,0.27793896198272705
YDL153C,YGR128C,1,,0.04140786826610565,0.11940298229455948,0.27793896198272705
YNL132W,YPL090C,1,,0.04173852875828743,0.12039800733327866,0.27793896198272705
YNL132W,YLR048W,1,,0.0420689657330513,0.12139303237199783,0.27793896198272705
YLL011W,YNL302C,1,,0.042399171739816666,0.12238805741071701,0.27793896198272705
YKL099C,YLR048W,1,,0.042729150503873825,0.12338308244943619,0.27793896198272705
YKL099C,YCR058C,1,,0.04305890575051308,0.12437810748815536,0.27793896198272705
YJL191W,YBR048W,1,,0.043388430029153824,0.12537313997745514,0.27793896198272705
YLR048W,YLR129W,1,,0.043717727065086365,0.12636816501617432,0.27793896198272705
YPL239W,YPL081W,1,,0.044046800583601,0.1273631900548935,0.27793896198272705
YMR143W,YGR159C,1,,0.044375643134117126,0.12835821509361267,0.27793896198272705
YMR143W,YLR222C,1,,0.044704265892505646,0.12935324013233185,0.27793896198272705
YGR118W,YER074W,1,,0.04503265768289566,0.13034826517105103,0.27793896198272705
YCR047C,YMR093W,1,,0.04536082595586777,0.1313432902097702,0.27793896198272705
YGR081C,YMR093W,1,,0.04568876698613167,0.13233831524848938,0.27793896198272705
YDR025W,YOR078W,1,,0.04601648449897766,0.13333334028720856,0.27793896198272705
YPL204W,YDR025W,1,,0.04634397476911545,0.13432836532592773,0.27793896198272705
YKR060W,YLR186W,1,,0.04667124152183533,0.1353233903646469,0.27793896198272705
YLR186W,YLR409C,1,,0.0469982847571373,0.1363184154033661,0.27793896198272705
YKL099C,YGR128C,1,,0.04732510447502136,0.13731342554092407,0.27793896198272705
YLR435W,YER074W,1,,0.04765169695019722,0.13830845057964325,0.27793896198272705
YMR143W,YLR051C,1,,0.04797806590795517,0.13930347561836243,0.27793896198272705
YMR093W,YCR058C,1,,0.04830421507358551,0.1402985006570816,0.27793896198272705
YHR021C,YDR324C,1,,0.048630136996507645,0.14129352569580078,0.27793896198272705
YGR081C,YLR192C,1,,0.04895583540201187,0.14228855073451996,0.27793896198272705
YAL026C,YNL302C,1,,0.04928131401538849,0.14328357577323914,0.27793896198272705
YCR057C,YAL026C,1,,0.0496065691113472,0.1442786008119583,0.27793896198272705
YGL172W,YJR006W,0,,0.049589604139328,0.1442786008119583,0.27803900837898254
YPL012W,YNL308C,1,,0.04991453140974045,0.1452736258506775,0.27803900837898254
YJR002W,YMR269W,1,,0.050239235162734985,0.14626865088939667,0.27803900837898254
YCR057C,YOR078W,1,,0.050563715398311615,0.14726367592811584,0.27803900837898254
YGR090W,YDR337W,1,,0.050887979567050934,0.14825870096683502,0.27803900837898254
YPL012W,YPR144C,1,,0.051212016493082047,0.1492537260055542,0.27803900837898254
YKR060W,YIL069C,1,,0.05153583735227585,0.15024875104427338,0.27803900837898254
YNL132W,YLR186W,1,,0.05185943469405174,0.15124377608299255,0.27803900837898254
YPL126W,YDR398W,1,,0.05218280851840973,0.15223880112171173,0.27803900837898254
YGR090W,YJL069C,1,,0.052505966275930405,0.1532338261604309,0.27803900837898254
YGR128C,YIL019W,1,,0.05282890424132347,0.15422885119915009,0.27803900837898254
YGR081C,YML093W,1,,0.05315161868929863,0.15522387623786926,0.27803900837898254
YJL136C,YGL120C,1,,0.05347411334514618,0.15621890127658844,0.27803900837898254
YPR132W,YCR058C,1,,0.05379639193415642,0.15721392631530762,0.27803900837898254
YCL059C,YDR324C,1,,0.05411844700574875,0.1582089513540268,0.27803900837898254
YBR247C,YPL126W,1,,0.05444028601050377,0.15920397639274597,0.27803900837898254
YEL026W,YCL031C,1,,0.05476190522313118,0.16019900143146515,0.27803900837898254
YGL120C,YGR251W,1,,0.05508330464363098,0.16119402647018433,0.27803900837898254
YGR090W,YOR287C,1,,0.05540448799729347,0.1621890515089035,0.27803900837898254
YGR128C,YLR409C,1,,0.055725451558828354,0.16318407654762268,0.27803900837898254
YNL207W,YPR112C,1,,0.056046195328235626,0.16417910158634186,0.27803900837898254
YML063W,YBR189W,1,,0.05636672303080559,0.16517412662506104,0.27803900837898254
YKR057W,YLR409C,1,,0.05668703466653824,0.1661691516637802,0.27803900837898254
YDR447C,YDR450W,1,,0.05700712651014328,0.1671641767024994,0.27803900837898254
YGR081C,YDR064W,1,,0.05732700228691101,0.16815920174121857,0.27803900837898254
YMR268W-A,YBR189W,1,,0.05764665827155113,0.16915422677993774,0.27803900837898254
YMR229C,YCR055C,1,,0.05796610191464424,0.17014925181865692,0.27803900837898254
YBR181C,YCR055C,1,,0.05828532576560974,0.1711442768573761,0.27803900837898254
YGR118W,YLR441C,1,,0.05860433727502823,0.17213930189609528,0.27803900837898254
YPL081W,YDL083C,1,,0.05892312899231911,0.17313432693481445,0.27803900837898254
YHR196W,YOR004W,1,,0.059241704642772675,0.17412935197353363,0.27803900837898254
YML024W,YPL090C,1,,0.05956006795167923,0.1751243770122528,0.27803900837898254
YDR450W,YLR409C,1,,0.059878215193748474,0.17611940205097198,0.27803900837898254
YLL011W,YOR056C,1,,0.06019614636898041,0.17711442708969116,0.27803900837898254
YNL308C,YOR287C,1,,0.06051386147737503,0.17810945212841034,0.27803900837898254
YJL136C,YLR409C,1,,0.06083136051893234,0.17910447716712952,0.27803900837898254
YGL120C,YDR398W,1,,0.06114864721894264,0.1800995022058487,0.27803900837898254
YCR047C,YBL072C,1,,0.06146572157740593,0.18109452724456787,0.27803900837898254
YLR192C,YER074W,1,,0.061782579869031906,0.18208955228328705,0.27803900837898254
YLL011W,YGR159C,1,,0.06209922209382057,0.18308457732200623,0.27803900837898254
YOR119C,YJL191W,1,,0.062415655702352524,0.1840796023607254,0.27803900837898254
YDR447C,YLR441C,1,,0.06273186951875687,0.18507462739944458,0.27803900837898254
YHR021C,YCR031C,1,,0.0630478784441948,0.18606965243816376,0.27803900837898254
YCR057C,YOR119C,1,,0.06336366385221481,0.18706467747688293,0.27803900837898254
YPR132W,YLR186W,1,,0.06367924809455872,0.1880597025156021,0.27803900837898254
YCR047C,YBR189W,1,,0.06399460881948471,0.1890547275543213,0.27803900837898254
YGR103W,YBL072C,1,,0.06430976092815399,0.19004975259304047,0.27803900837898254
YMR268W-A,YDL083C,1,,0.06462470442056656,0.19104477763175964,0.27803900837898254
YAL026C,YOR287C,1,,0.06493943184614182,0.19203980267047882,0.27803900837898254
YLR441C,YPL126W,1,,0.06525395065546036,0.193034827709198,0.27803900837898254
YLR167W,YGR128C,1,,0.06556826084852219,0.19402985274791718,0.27803900837898254
YML026C,YDR324C,1,,0.0658823549747467,0.19502487778663635,0.27803900837898254
YJL010C,YKR060W,1,,0.06619623303413391,0.19601990282535553,0.27803900837898254
YHR196W,YCR058C,1,,0.066509909927845,0.1970149278640747,0.27803900837898254
YJR002W,YDR337W,1,,0.06682337075471878,0.19800995290279388,0.27803900837898254
YCR047C,YPL012W,1,,0.06713662296533585,0.19900497794151306,0.27803900837898254
YCR055C,YML093W,1,,0.0674496665596962,0.20000000298023224,0.27803900837898254
YGR118W,YOR145C,1,,0.06776249408721924,0.20099502801895142,0.27803900837898254
YJL191W,YDL166C,1,,0.06807512044906616,0.2019900530576706,0.27803900837898254
YDR447C,YDL083C,1,,0.06838753074407578,0.20298507809638977,0.27803900837898254
YAL026C,YLR003C,1,,0.06869973242282867,0.20398010313510895,0.27803900837898254
YBR247C,YKL099C,1,,0.06901172548532486,0.20497512817382812,0.27803900837898254
YJL069C,YLR409C,1,,0.06932350993156433,0.2059701532125473,0.27803900837898254
YBL004W,YJL010C,1,,0.06963508576154709,0.20696517825126648,0.27803900837898254
YJL136C,YKL099C,1,,0.06994645297527313,0.20796020328998566,0.27803900837898254
YHR169W,YBR247C,1,,0.07025761157274246,0.20895522832870483,0.27803900837898254
YGR103W,YBR247C,1,,0.07056856155395508,0.209950253367424,0.27803900837898254
YNL207W,YOR004W,1,,0.07087930291891098,0.2109452784061432,0.27803900837898254
YPR144C,YDL166C,1,,0.07118984311819077,0.21194030344486237,0.27803900837898254
YML024W,YCR055C,1,,0.07150016725063324,0.21293532848358154,0.27803900837898254
YMR143W,YGR128C,1,,0.0718102902173996,0.21393035352230072,0.27803900837898254
YHR021C,YIL019W,1,,0.07212019711732864,0.2149253785610199,0.27803900837898254
YGR214W,YCR057C,1,,0.07242990285158157,0.21592040359973907,0.27803900837898254
YML063W,YOL010W,1,,0.07273940742015839,0.21691542863845825,0.27803900837898254
YBL004W,YLR192C,1,,0.07304869592189789,0.21791045367717743,0.27803900837898254
YNL207W,YLR409C,1,,0.07335778325796127,0.2189054787158966,0.27803900837898254
YKL082C,YDR064W,1,,0.07366666942834854,0.21990050375461578,0.27803900837898254
YCR057C,YGR128C,1,,0.0739753395318985,0.22089552879333496,0.27803900837898254
YOR145C,YCR058C,1,,0.07428380846977234,0.22189055383205414,0.27803900837898254
YIL019W,YDR337W,1,,0.07459207624197006,0.22288557887077332,0.27803900837898254
YGR128C,YER082C,1,,0.07490013539791107,0.2238806039094925,0.27803900837898254
YMR268W-A,YMR269W,1,,0.07520798593759537,0.22487562894821167,0.27803900837898254
YLR068W,YJL069C,1,,0.07551563531160355,0.22587065398693085,0.27803900837898254
YCR058C,YLR129W,1,,0.07582307606935501,0.22686567902565002,0.27803900837898254
YNL207W,YBR181C,1,,0.07613031566143036,0.227860689163208,0.27803900837898254
YHL015W,YML093W,1,,0.07643735408782959,0.22885571420192719,0.27803900837898254
YGR103W,YPR144C,1,,0.0767441838979721,0.22985073924064636,0.27803900837898254
YDL153C,YCL059C,1,,0.07705081254243851,0.23084576427936554,0.27803900837898254
YOR145C,YLR003C,1,,0.07735724002122879,0.23184078931808472,0.27803900837898254
YOR119C,YDR339C,1,,0.07766345888376236,0.2328358143568039,0.27803900837898254
YNL308C,YBR048W,1,,0.07796947658061981,0.23383083939552307,0.27803900837898254
YHL015W,YLR222C,1,,0.07827529311180115,0.23482586443424225,0.27803900837898254
YPL126W,YIL019W,1,,0.07858090102672577,0.23582088947296143,0.27803900837898254
YMR229C,YCR031C,1,,0.07888630777597427,0.2368159145116806,0.27803900837898254
YBL004W,YKL082C,1,,0.07919152081012726,0.23781093955039978,0.27803900837898254
YDR337W,YLR129W,1,,0.07949652522802353,0.23880596458911896,0.27803900837898254
YGR251W,YIL019W,1,,0.07980132102966309,0.23980098962783813,0.27803900837898254
YLR186W,YNL302C,1,,0.08010592311620712,0.2407960146665573,0.27803900837898254
YKL156W,YER074W,1,,0.08041032403707504,0.2417910397052765,0.27803900837898254
YBR189W,YML093W,1,,0.08071452379226685,0.24278606474399567,0.27803900837898254
YGR081C,YML026C,1,,0.08101851493120193,0.24378108978271484,0.27803900837898254
YNL207W,YBR247C,1,,0.0813223123550415,0.24477611482143402,0.27803900837898254
YMR229C,YDR337W,1,,0.08162590861320496,0.2457711398601532,0.27803900837898254
YGR118W,YLR051C,1,,0.08192930370569229,0.24676616489887238,0.27803900837898254
YOL121C,YBR048W,1,,0.08223249763250351,0.24776118993759155,0.27803900837898254
YOL121C,YPL204W,1,,0.08253549039363861,0.24875621497631073,0.27803900837898254
YLR186W,YBR048W,1,,0.0828382819890976,0.2497512400150299,0.27803900837898254
YGL120C,YML026C,1,,0.08314087986946106,0.2507462799549103,0.27803900837898254
YGR271C-A,YLR129W,1,,0.08344326913356781,0.25174129009246826,0.27803900837898254
YBL004W,YLR129W,1,,0.08374546468257904,0.25273633003234863,0.27803900837898254
YOR310C,YLR051C,1,,0.08404745906591415,0.2537313401699066,0.27803900837898254
YNL132W,YMR093W,1,,0.08434925973415375,0.254726380109787,0.27803900837898254
YNL207W,YGR272C,1,,0.08465085923671722,0.25572139024734497,0.27803900837898254
YPL204W,YML024W,1,,0.08495225757360458,0.25671643018722534,0.27803900837898254
YPL081W,YKL099C,1,,0.08525345474481583,0.2577114403247833,0.27803900837898254
YDR447C,YHR196W,1,,0.08555445820093155,0.2587064802646637,0.27803900837898254
YLR435W,YGR272C,1,,0.08585526049137115,0.2597014904022217,0.27803900837898254
YPL081W,YLR222C,1,,0.08615586906671524,0.26069653034210205,0.27803900837898254
YLR003C,YLR409C,1,,0.08645627647638321,0.26169154047966003,0.27803900837898254
YDR324C,YMR269W,1,,0.08675649017095566,0.2626865804195404,0.27803900837898254
YKL156W,YGR251W,1,,0.08705650269985199,0.2636815905570984,0.27803900837898254
YLR167W,YBR048W,1,,0.0873563215136528,0.26467663049697876,0.27803900837898254
YLR167W,YGR272C,1,,0.0876559391617775,0.26567164063453674,0.27803900837898254
YOR119C,YBR048W,1,,0.08795536309480667,0.2666666805744171,0.27803900837898254
YHL015W,YDL166C,1,,0.08825459331274033,0.2676616907119751,0.27803900837898254
YOL121C,YPR132W,1,,0.08855362236499786,0.26865673065185547,0.27803900837898254
YNL132W,YLR441C,1,,0.08885245770215988,0.26965174078941345,0.27803900837898254
YGR118W,YDR398W,1,,0.08915109932422638,0.2706467807292938,0.27803900837898254
YBL004W,YEL026W,1,,0.08944953978061676,0.2716417908668518,0.27803900837898254
YDR025W,YLR048W,1,,0.08974778652191162,0.2726368308067322,0.27803900837898254
YHR021C,YDR064W,1,,0.09004583954811096,0.27363184094429016,0.27803900837898254
YML063W,YKR060W,1,,0.09034369885921478,0.27462685108184814,0.27803900837898254
YPL239W,YLR222C,1,,0.09064136445522308,0.2756218910217285,0.27803900837898254
YJL109C,YOL121C,1,,0.09093882888555527,0.2766169011592865,0.27803900837898254
YPL012W,YPL126W,1,,0.09123609960079193,0.27761194109916687,0.27803900837898254
YJR002W,YGR090W,1,,0.09153318405151367,0.27860695123672485,0.27803900837898254
YCR057C,YGR251W,1,,0.0918300673365593,0.2796019911766052,0.27803900837898254
YML024W,YBR189W,1,,0.0921267569065094,0.2805970013141632,0.27803900837898254
YMR268W-A,YJL069C,1,,0.09242325276136398,0.2815920412540436,0.27803900837898254
YCL031C,YDR324C,1,,0.09271955490112305,0.28258705139160156,0.27803900837898254
YDL153C,YNL308C,1,,0.09301566332578659,0.28358209133148193,0.27803900837898254
YDL213C,YOL121C,1,,0.09331158548593521,0.2845771014690399,0.27803900837898254
YJL191W,YDR324C,1,,0.09360730648040771,0.2855721414089203,0.27803900837898254
YML026C,YDR398W,1,,0.0939028337597847,0.28656715154647827,0.27803900837898254
YKL099C,YCL059C,1,,0.09419817477464676,0.28756219148635864,0.27803900837898254
YPL204W,YKL099C,1,,0.0944933220744133,0.2885572016239166,0.27803900837898254
YPL204W,YMR269W,1,,0.09478827565908432,0.289552241563797,0.27803900837898254
YGR118W,YLR068W,1,,0.09508303552865982,0.290547251701355,0.27803900837898254
YJL069C,YBR181C,1,,0.0953776016831398,0.29154229164123535,0.27803900837898254
YBR189W,YPL090C,1,,0.09567198157310486,0.29253730177879333,0.27803900837898254
YOL010W,YCR057C,1,,0.0959661677479744,0.2935323417186737,0.27803900837898254
YMR268W-A,YLR048W,1,,0.09626016020774841,0.2945273518562317,0.27803900837898254
YCR047C,YIL069C,1,,0.09655396640300751,0.29552239179611206,0.27803900837898254
YML026C,YDR337W,1,,0.09684757888317108,0.29651740193367004,0.27803900837898254
YDL148C,YDR324C,1,,0.09714099764823914,0.2975124418735504,0.27803900837898254
YJL069C,YGR159C,1,,0.09743423014879227,0.2985074520111084,0.27803900837898254
YLR051C,YOR287C,1,,0.09772727638483047,0.29950249195098877,0.27803900837898254
YDR449C,YBR181C,1,,0.09802012145519257,0.30049750208854675,0.27803900837898254
YJL010C,YGR159C,1,,0.09831278026103973,0.3014925420284271,0.27803900837898254
YMR093W,YGR159C,1,,0.09860525280237198,0.3024875521659851,0.27803900837898254
YHR169W,YCR057C,1,,0.0988975390791893,0.3034825921058655,0.27803900837898254
YMR268W-A,YBR048W,1,,0.0991896241903305,0.30447760224342346,0.27803900837898254
YDR449C,YDR450W,1,,0.09948153048753738,0.30547264218330383,0.27803900837898254
YMR229C,YOR004W,1,,0.09977324306964874,0.3064676523208618,0.27803900837898254
YCL031C,YPL012W,1,,0.10006476938724518,0.3074626922607422,0.27803900837898254
YNL207W,YER082C,1,,0.1003561019897461,0.30845770239830017,0.27803900837898254
YKR057W,YDL213C,1,,0.10064724832773209,0.30945274233818054,0.27803900837898254
YLR222C,YBR048W,1,,0.10093820840120316,0.3104477524757385,0.27803900837898254
YDR447C,YLR051C,1,,0.1012289747595787,0.3114427924156189,0.27803900837898254
YGR103W,YHR169W,1,,0.10151956230401993,0.3124378025531769,0.27803900837898254
YDR041W,YKL002W,0,,0.10148674994707108,0.3124378025531769,0.27813905477523804
YGL241W,YFR025C,0,,0.10145395994186401,0.3124378025531769,0.2782391309738159
YGR138C,YJR049C,0,,0.10142119228839874,0.3124378025531769,0.2783391773700714
YKR085C,YLR213C,0,,0.10138843953609467,0.3124378025531769,0.2784392237663269
YKL051W,YDR259C,0,,0.10135571658611298,0.3124378025531769,0.2785392701625824
YCL054W,YMR286W,0,,0.10132300853729248,0.3124378025531769,0.2786393165588379
YJR153W,YER109C,0,,0.10129032284021378,0.3124378025531769,0.2787393629550934
YLR060W,YJL095W,0,,0.10125765949487686,0.3124378025531769,0.2788394093513489
YDR311W,YNL323W,0,,0.10122501850128174,0.3124378025531769,0.27893945574760437
YDL134C-A,YDR097C,0,,0.10119239240884781,0.3124378025531769,0.27903953194618225
YKR045C,YNL282W,0,,0.10115979611873627,0.3124378025531769,0.27913957834243774
YOR193W,YBR095C,0,,0.10112721472978592,0.3124378025531769,0.27923962473869324
YIL099W,YHR094C,0,,0.10109465569257736,0.3124378025531769,0.27933967113494873
YJR117W,YPL180W,0,,0.1010621190071106,0.3124378025531769,0.2794397175312042
YPL169C,YOR118W,0,,0.10102960467338562,0.3124378025531769,0.2795397639274597
YMR300C,YGL019W,0,,0.10099710524082184,0.3124378025531769,0.2796398103237152
YMR226C,YGL103W,0,,0.10096462815999985,0.3124378025531769,0.2797398567199707
YNL099C,YLR227W-B,0,,0.10093217343091965,0.3124378025531769,0.2798399329185486
YKL211C,YBR278W,0,,0.10089974105358124,0.3124378025531769,0.2799399793148041
YKL041W,YDL002C,0,,0.10086733102798462,0.3124378025531769,0.28004002571105957
YDL084W,YLR019W,0,,0.1008349359035492,0.3124378025531769,0.28014007210731506
YBL009W,YBR295W,0,,0.10080257058143616,0.3124378025531769,0.28024011850357056
YPR151C,YDR246W,0,,0.10077022016048431,0.3124378025531769,0.28034016489982605
YLR222C,YDR155C,0,,0.10073789209127426,0.3124378025531769,0.28044021129608154
YMR125W,YOR383C,0,,0.1007055789232254,0.3124378025531769,0.28054025769233704
YGL225W,YKR052C,0,,0.10067329555749893,0.3124378025531769,0.2806403338909149
YIL120W,YGR289C,0,,0.10064102709293365,0.3124378025531769,0.2807403802871704
YDR210C-C,YDR079C-A,0,,0.10060878098011017,0.3124378025531769,0.2808404266834259
YPR135W,YJL029C,0,,0.10057654976844788,0.3124378025531769,0.2809404730796814
YER081W,YJL197W,0,,0.10054434835910797,0.3124378025531769,0.2810405194759369
YNL246W,YLR274W,0,,0.10051216185092926,0.3124378025531769,0.2811405658721924
YDR545W,YBL087C,0,,0.10047999769449234,0.3124378025531769,0.2812406122684479
YPR104C,YOR079C,0,,0.10044785588979721,0.3124378025531769,0.28134065866470337
YGL195W,YPR056W,0,,0.10041573643684387,0.3124378025531769,0.28144073486328125
YJR048W,YBR135W,0,,0.10038363188505173,0.3124378025531769,0.28154078125953674
YDR145W,YMR090W,0,,0.10035154968500137,0.3124378025531769,0.28164082765579224
YPR127W,YHR185C,0,,0.10031948983669281,0.3124378025531769,0.28174087405204773
YGL073W,YOR292C,0,,0.10028744488954544,0.3124378025531769,0.2818409204483032
YBR103W,YGR097W,0,,0.10025542974472046,0.3124378025531769,0.2819409668445587
YBR301W,YJL196C,0,,0.10022342950105667,0.3124378025531769,0.2820410132408142
YNL288W,YMR121C,0,,0.10019145160913467,0.3124378025531769,0.2821410596370697
YNL245C,YOL021C,0,,0.10015948861837387,0.3124378025531769,0.2822411060333252
YNL336W,YJL154C,0,,0.10012754797935486,0.3124378025531769,0.2823411822319031
YNR028W,YLR332W,0,,0.10009562969207764,0.3124378025531769,0.28244122862815857
YLR344W,YCL035C,0,,0.1000637337565422,0.3124378025531769,0.28254127502441406
YFL050C,YLR309C,0,,0.10003186017274857,0.3124378025531769,0.28264132142066956
YDR173C,YCL044C,0,,0.10000000149011612,0.3124378025531769,0.28274136781692505
YER138C,YIR011C,0,,0.09996816515922546,0.3124378025531769,0.28284141421318054
YLR325C,YDR079C-A,0,,0.099936343729496,0.3124378025531769,0.28294146060943604
YER123W,YNR030W,0,,0.09990455210208893,0.3124378025531769,0.28304150700569153
YJL014W,YCL034W,0,,0.09987277537584305,0.3124378025531769,0.2831415832042694
YDL225W,YDR201W,0,,0.09984102100133896,0.3124378025531769,0.2832416296005249
YDL179W,YIL168W,0,,0.09980928152799606,0.3124378025531769,0.2833416759967804
YGR030C,YOR236W,0,,0.09977756440639496,0.3124378025531769,0.2834417223930359
YNL045W,YGR040W,0,,0.09974586963653564,0.3124378025531769,0.2835417687892914
YGL048C,YCR106W,0,,0.09971419721841812,0.3124378025531769,0.2836418151855469
YER151C,YDL076C,0,,0.09968253970146179,0.3124378025531769,0.28374186158180237
YJR101W,YIL052C,0,,0.09965090453624725,0.3124378025531769,0.28384190797805786
YGL014W,YOR059C,0,,0.0996192917227745,0.3124378025531769,0.28394198417663574
YKR034W,YML041C,0,,0.09958769381046295,0.3124378025531769,0.28404203057289124
YPR029C,YGR020C,0,,0.09955611824989319,0.3124378025531769,0.28414207696914673
YMR199W,YMR125W,0,,0.09952456504106522,0.3124378025531769,0.2842421233654022
YOR216C,YIL097W,0,,0.09949302673339844,0.3124378025531769,0.2843421697616577
YBR019C,YGR125W,0,,0.09946151077747345,0.3124378025531769,0.2844422161579132
YGR033C,YLR182W,0,,0.09943001717329025,0.3124378025531769,0.2845422625541687
YER139C,YPL124W,0,,0.09939854592084885,0.3124378025531769,0.2846423089504242
YJL059W,YDL206W,0,,0.09936708956956863,0.3124378025531769,0.2847423851490021
YKL051W,YPL257W-B,0,,0.09933565557003021,0.3124378025531769,0.28484243154525757
YNL225C,YPL210C,0,,0.09930423647165298,0.3124378025531769,0.28494247794151306
YOL110W,YLR277C,0,,0.09927283972501755,0.3124378025531769,0.28504252433776855
YNL073W,YOR110W,0,,0.0992414653301239,0.3124378025531769,0.28514257073402405
YOR003W,YJL144W,0,,0.09921011328697205,0.3124378025531769,0.28524261713027954
YHR014W,YOR064C,0,,0.09917877614498138,0.3124378025531769,0.28534266352653503
YHL007C,YNL256W,0,,0.09914746135473251,0.3124378025531769,0.2854427099227905
YHR014W,YDL025C,0,,0.09911616146564484,0.3124378025531769,0.2855427861213684
YGR166W,YMR246W,0,,0.09908488392829895,0.3124378025531769,0.2856428325176239
YDR354W,YML102W,0,,0.09905362874269485,0.3124378025531769,0.2857428789138794
YER014W,YKR080W,0,,0.09902238845825195,0.3124378025531769,0.2858429253101349
YGR105W,YLR360W,0,,0.09899117052555084,0.3124378025531769,0.2859429717063904
YLR064W,YHR061C,0,,0.09895997494459152,0.3124378025531769,0.2860430181026459
YLR249W,YDL049C,0,,0.0989287942647934,0.3124378025531769,0.28614306449890137
YHR060W,YPR052C,0,,0.09889763593673706,0.3124378025531769,0.28624311089515686
YGR065C,YOR156C,0,,0.09886649996042252,0.3124378025531769,0.28634315729141235
YMR054W,YFR055W,0,,0.09883537888526917,0.3124378025531769,0.28644323348999023
YDR369C,YNR002C,0,,0.0988042801618576,0.3124378025531769,0.2865432798862457
YKL041W,YIL067C,0,,0.09877319633960724,0.3124378025531769,0.2866433262825012
YGR193C,YGR161W-B,0,,0.09874213486909866,0.3124378025531769,0.2867433726787567
YNL309W,YDR140W,0,,0.09871109575033188,0.3124378025531769,0.2868434190750122
YGR038W,YMR154C,0,,0.09868007898330688,0.3124378025531769,0.2869434654712677
YCL057W,YCL044C,0,,0.09864906966686249,0.3124378025531769,0.2870435118675232
YPL055C,YLL016W,0,,0.09861809015274048,0.3124378025531769,0.2871435582637787
YLR154W-A,YOR142W-A,0,,0.09858712553977966,0.3124378025531769,0.28724363446235657
YNR067C,YGR105W,0,,0.09855618327856064,0.3124378025531769,0.28734368085861206
YGR181W,YNL069C,0,,0.09852525591850281,0.3124378025531769,0.28744372725486755
YHR045W,YPR175W,0,,0.09849435091018677,0.3124378025531769,0.28754377365112305
YNL230C,YER022W,0,,0.09846346825361252,0.3124378025531769,0.28764382004737854
YIR025W,YOR250C,0,,0.09843260049819946,0.3124378025531769,0.28774386644363403
YNL263C,YHR033W,0,,0.0984017550945282,0.3124378025531769,0.2878439128398895
YMR260C,YGL203C,0,,0.09837092459201813,0.3124378025531769,0.287943959236145
YDL074C,YGL171W,0,,0.09834011644124985,0.3124378025531769,0.2880440354347229
YDR346C,YNL328C,0,,0.09830933064222336,0.3124378025531769,0.2881440818309784
YER115C,YLR292C,0,,0.09827855974435806,0.3124378025531769,0.2882441282272339
YGR280C,YMR099C,0,,0.09824781119823456,0.3124378025531769,0.2883441746234894
YPR158C-C,YPL124W,0,,0.09821707755327225,0.3124378025531769,0.2884442210197449
YNL054W-A,YPL164C,0,,0.09818636626005173,0.3124378025531769,0.28854426741600037
YBR073W,YDR343C,0,,0.098155677318573,0.3124378025531769,0.28864431381225586
YPL150W,YPL270W,0,,0.09812500327825546,0.3124378025531769,0.28874436020851135
YNL029C,YLL055W,0,,0.09809434413909912,0.3124378025531769,0.28884443640708923
YDR170C,YOL102C,0,,0.09806370735168457,0.3124378025531769,0.2889444828033447
YLR369W,YIL122W,0,,0.09803309291601181,0.3124378025531769,0.2890445291996002
YMR176W,YLR249W,0,,0.09800249338150024,0.3124378025531769,0.2891445755958557
YER062C,YBR120C,0,,0.09797191619873047,0.3124378025531769,0.2892446219921112
YNL309W,YJL184W,0,,0.09794136136770248,0.3124378025531769,0.2893446683883667
YGR152C,YDL117W,0,,0.0979108214378357,0.3124378025531769,0.2894447147846222
YDR151C,YLR009W,0,,0.0978802964091301,0.3124378025531769,0.2895447611808777
YDR254W,YBR177C,0,,0.09784979373216629,0.3124378025531769,0.2896448075771332
YGR067C,YIL095W,0,,0.09781931340694427,0.3124378025531769,0.28974488377571106
YKL155C,YMR090W,0,,0.09778884798288345,0.3124378025531769,0.28984493017196655
YDR211W,YJL167W,0,,0.09775840491056442,0.3124378025531769,0.28994497656822205
YER162C,YLR058C,0,,0.09772797673940659,0.3124378025531769,0.29004502296447754
YDL059C,YMR011W,0,,0.09769757091999054,0.3124378025531769,0.29014506936073303
YPL020C,YDR407C,0,,0.09766718745231628,0.3124378025531769,0.2902451157569885
YOL095C,YGL126W,0,,0.09763681888580322,0.3124378025531769,0.290345162153244
YER069W,YGR183C,0,,0.09760646522045135,0.3124378025531769,0.2904452085494995
YNR069C,YKL101W,0,,0.09757613390684128,0.3124378025531769,0.2905452847480774
YJR117W,YBL028C,0,,0.09754582494497299,0.3124378025531769,0.2906453311443329
YDR064W,YKL186C,0,,0.0975155308842659,0.3124378025531769,0.2907453775405884
YGR202C,YLR337C,0,,0.09748525172472,0.3124378025531769,0.29084542393684387
YLR003C,YGR030C,0,,0.0974549949169159,0.3124378025531769,0.29094547033309937
YGR041W,YLR118C,0,,0.09742476046085358,0.3124378025531769,0.29104551672935486
YNR003C,YKL138C,0,,0.09739454090595245,0.3124378025531769,0.29114556312561035
YLR359W,YPL082C,0,,0.09736434370279312,0.3124378025531769,0.29124560952186584
YHL025W,YIL129C,0,,0.09733416140079498,0.3124378025531769,0.2913456857204437
YOR375C,YOL165C,0,,0.09730399399995804,0.3124378025531769,0.2914457321166992
YHR197W,YNR074C,0,,0.09727385640144348,0.3124378025531769,0.2915457785129547
YML058W-A,YDR083W,0,,0.09724372625350952,0.3124378025531769,0.2916458249092102
YNL250W,YJR123W,0,,0.09721362590789795,0.3124378025531769,0.2917458713054657
YLR398C,YNL069C,0,,0.09718353301286697,0.3124378025531769,0.2918459177017212
YPR007C,YOR094W,0,,0.09715346246957779,0.3124378025531769,0.2919459640979767
YBR168W,YKL065C,0,,0.0971234142780304,0.3124378025531769,0.2920460104942322
YDR113C,YHL027W,0,,0.0970933809876442,0.3124378025531769,0.29214608669281006
YLL042C,YGR074W,0,,0.09706337004899979,0.3124378025531769,0.29224613308906555
YHR063C,YPL252C,0,,0.09703337401151657,0.3124378025531769,0.29234617948532104
YCR028C-A,YKL170W,0,,0.09700340032577515,0.3124378025531769,0.29244622588157654
YPL009C,YBR021W,0,,0.09697344154119492,0.3124378025531769,0.29254627227783203
YOR216C,YGR287C,0,,0.09694349765777588,0.3124378025531769,0.2926463186740875
YJR082C,YER028C,0,,0.09691358357667923,0.3124378025531769,0.292746365070343
YEL020C,YOR180C,0,,0.09688367694616318,0.3124378025531769,0.2928464114665985
YDR246W,YGL022W,0,,0.09685379266738892,0.3124378025531769,0.2929464876651764
YBL006C,YFL018C,0,,0.09682393074035645,0.3124378025531769,0.2930465340614319
YLL041C,YGL219C,0,,0.09679408371448517,0.3124378025531769,0.2931465804576874
YML061C,YDR204W,0,,0.09676425158977509,0.3124378025531769,0.29324662685394287
YER014C-A,YLR386W,0,,0.0967344418168068,0.3124378025531769,0.29334667325019836
YDR198C,YPR182W,0,,0.0967046469449997,0.3124378025531769,0.29344671964645386
YLR442C,YGL187C,0,,0.09667487442493439,0.3124378025531769,0.29354676604270935
YGL233W,YOL078W,0,,0.09664512425661087,0.3124378025531769,0.29364681243896484
YIR034C,YLR348C,0,,0.09661538153886795,0.3124378025531769,0.29374685883522034
YGR048W,YDR365C,0,,0.09658566862344742,0.3124378025531769,0.2938469350337982
YLR144C,YOR109W,0,,0.09655596315860748,0.3124378025531769,0.2939469814300537
YER048C,YHR009C,0,,0.09652628004550934,0.3124378025531769,0.2940470278263092
YLR144C,YKL067W,0,,0.09649661928415298,0.3124378025531769,0.2941470742225647
YKL107W,YLR360W,0,,0.09646697342395782,0.3124378025531769,0.2942471206188202
YJR070C,YBL068W,0,,0.09643734991550446,0.3124378025531769,0.2943471670150757
YDR276C,YKL081W,0,,0.09640773385763168,0.3124378025531769,0.2944472134113312
YIL068C,YGL125W,0,,0.0963781476020813,0.3124378025531769,0.29454725980758667
YPL116W,YER130C,0,,0.09634857624769211,0.3124378025531769,0.29464733600616455
YDR073W,YDR494W,0,,0.09631901979446411,0.3124378025531769,0.29474738240242004
YDR306C,YDR206W,0,,0.09628947824239731,0.3124378025531769,0.29484742879867554
YNL035C,YFL035C-A,0,,0.0962599664926529,0.3124378025531769,0.29494747519493103
YPL141C,YKL200C,0,,0.09623046219348907,0.3124378025531769,0.2950475215911865
YDR415C,YDR178W,0,,0.09620098024606705,0.3124378025531769,0.295147567987442
YPR174C,YDL211C,0,,0.09617151319980621,0.3124378025531769,0.2952476143836975
YBL098W,YJL144W,0,,0.09614206850528717,0.3124378025531769,0.295347660779953
YPL130W,YJL145W,0,,0.09611263871192932,0.3124378025531769,0.2954477369785309
YMR313C,YKL063C,0,,0.09608323127031326,0.3124378025531769,0.2955477833747864
YKR095W-A,YDL107W,0,,0.0960538387298584,0.3124378025531769,0.29564782977104187
YGL094C,YBL035C,0,,0.09602446854114532,0.3124378025531769,0.29574787616729736
YNL083W,YDR338C,0,,0.09599510580301285,0.3124378025531769,0.29584792256355286
YHL002W,YIL147C,0,,0.09596577286720276,0.3124378025531769,0.29594796895980835
YIR021W,YHR030C,0,,0.09593644738197327,0.3124378025531769,0.29604801535606384
YIR034C,YCR102C,0,,0.09590714424848557,0.3124378025531769,0.29614806175231934
YLR424W,YOL121C,0,,0.09587786346673965,0.3124378025531769,0.2962481379508972
YOR245C,YLR398C,0,,0.09584859758615494,0.3124378025531769,0.2963481843471527
YOR083W,YDR403W,0,,0.09581934660673141,0.3124378025531769,0.2964482307434082
YNL169C,YGL183C,0,,0.09579011797904968,0.3124378025531769,0.2965482771396637
YOR212W,YKL087C,0,,0.09576090425252914,0.3124378025531769,0.2966483235359192
YLL016W,YHR138C,0,,0.0957317054271698,0.3124378025531769,0.2967483699321747
YBL085W,YOR272W,0,,0.09570252895355225,0.3124378025531769,0.2968484163284302
YBR068C,YKR069W,0,,0.09567336738109589,0.3124378025531769,0.29694846272468567
YER144C,YJR049C,0,,0.09564422816038132,0.3124378025531769,0.29704853892326355
YLR004C,YDR273W,0,,0.09561510384082794,0.3124378025531769,0.29714858531951904
YER127W,YPL196W,0,,0.09558599442243576,0.3124378025531769,0.29724863171577454
YLR208W,YJR132W,0,,0.09555690735578537,0.3124378025531769,0.29734867811203003
YNL121C,YBR268W,0,,0.09552783519029617,0.3124378025531769,0.2974487245082855
YOR229W,YHR168W,0,,0.09549878537654877,0.3124378025531769,0.297548770904541
YIL040W,YAL026C,0,,0.09546975046396255,0.3124378025531769,0.2976488173007965
YGL020C,YKL053C-A,0,,0.09544073045253754,0.3124378025531769,0.297748863697052
YGL104C,YKR087C,0,,0.09541172534227371,0.3124378025531769,0.2978489100933075
YMR193W,YIL073C,0,,0.09538274258375168,0.3124378025531769,0.2979489862918854
YCL035C,YML071C,0,,0.09535378217697144,0.3124378025531769,0.29804903268814087
YJL213W,YHR168W,0,,0.09532483667135239,0.3124378025531769,0.29814907908439636
YPR035W,YJR092W,0,,0.09529590606689453,0.3124378025531769,0.29824912548065186
YNL216W,YOR367W,0,,0.09526699036359787,0.3124378025531769,0.29834917187690735
YML133C,YJL085W,0,,0.095238097012043,0.3124378025531769,0.29844921827316284
YJR054W,YJL192C,0,,0.09520921856164932,0.3124378025531769,0.29854926466941833
YAL009W,YLL002W,0,,0.09518035501241684,0.3124378025531769,0.29864931106567383
YKL054C,YGR169C,0,,0.09515151381492615,0.3124378025531769,0.2987493872642517
YER138C,YOR341W,0,,0.09512268751859665,0.3124378025531769,0.2988494336605072
YJR103W,YML058W-A,0,,0.09509388357400894,0.3124378025531769,0.2989494800567627
YPR114W,YGL163C,0,,0.09506509453058243,0.3124378025531769,0.2990495264530182
YIL085C,YHR069C,0,,0.09503632038831711,0.3124378025531769,0.2991495728492737
YBR016W,YJL002C,0,,0.09500756114721298,0.3124378025531769,0.2992496192455292
YLR350W,YKL174C,0,,0.09497882425785065,0.3124378025531769,0.29934966564178467
YLR440C,YGR133W,0,,0.0949501022696495,0.3124378025531769,0.29944971203804016
YPL249C-A,YOR007C,0,,0.09492140263319016,0.3124378025531769,0.29954978823661804
YNL239W,YJL177W,0,,0.094892717897892,0.3124378025531769,0.29964983463287354
YGL224C,YDR473C,0,,0.09486404806375504,0.3124378025531769,0.29974988102912903
YCL036W,YDR109C,0,,0.09483540058135986,0.3124378025531769,0.2998499274253845
YKL080W,YGR072W,0,,0.09480676054954529,0.3124378025531769,0.29994997382164
YHR210C,YKL167C,0,,0.0947781503200531,0.3124378025531769,0.3000500202178955
YMR305C,YHR139C,0,,0.09474954754114151,0.3124378025531769,0.300150066614151
YBL038W,YLR009W,0,,0.09472096711397171,0.3124378025531769,0.3002501130104065
YGL198W,YMR273C,0,,0.0946924015879631,0.3124378025531769,0.3003501892089844
YDR210W-C,YBR228W,0,,0.09466385096311569,0.3124378025531769,0.30045023560523987
YBL080C,YCL017C,0,,0.09463532269001007,0.3124378025531769,0.30055028200149536
YMR182C,YKR103W,0,,0.09460680931806564,0.3124378025531769,0.30065032839775085
YKL192C,YEL070W,0,,0.09457831084728241,0.3124378025531769,0.30075037479400635
YCR027C,YPR009W,0,,0.09454983472824097,0.3124378025531769,0.30085042119026184
YGR224W,YGL203C,0,,0.09452137351036072,0.3124378025531769,0.30095046758651733
YER146W,YER141W,0,,0.09449292719364166,0.3124378025531769,0.3010505139827728
YNL246W,YLR209C,0,,0.0944645032286644,0.3124378025531769,0.3011505901813507
YLR093C,YDR540C,0,,0.09443608671426773,0.3124378025531769,0.3012506365776062
YPL192C,YAL026C,0,,0.09440770000219345,0.3124378025531769,0.3013506829738617
YJR147W,YOR293W,0,,0.09437932074069977,0.3124378025531769,0.3014507293701172
YPR071W,YDL124W,0,,0.09435096383094788,0.3124378025531769,0.3015507757663727
YJR088C,YOR204W,0,,0.09432262182235718,0.3124378025531769,0.3016508221626282
YCR017C,YDR472W,0,,0.09429429471492767,0.3124378025531769,0.30175086855888367
YCR052W,YHR008C,0,,0.09426598250865936,0.3124378025531769,0.30185091495513916
YKL206C,YBR180W,0,,0.09423769265413284,0.3124378025531769,0.30195096135139465
YDR262W,YNR018W,0,,0.09420941770076752,0.3124378025531769,0.30205103754997253
YPL072W,YMR067C,0,,0.09418116509914398,0.3124378025531769,0.302151083946228
YJR082C,YJL083W,0,,0.09415291994810104,0.3124378025531769,0.3022511303424835
YLR194C,YMR229C,0,,0.0941246971487999,0.3124378025531769,0.302351176738739
YPL042C,YEL031W,0,,0.09409649670124054,0.3124378025531769,0.3024512231349945
YIR039C,YML029W,0,,0.09406830370426178,0.3124378025531769,0.30255126953125
YPR158C-C,YOL052C-A,0,,0.09404013305902481,0.3124378025531769,0.3026513159275055
YNL246W,YPR133C,0,,0.09401197731494904,0.3124378025531769,0.302751362323761
YNL133C,YMR054W,0,,0.09398383647203445,0.3124378025531769,0.30285143852233887
YHR073W,YLR395C,0,,0.09395571798086166,0.3124378025531769,0.30295148491859436
YPR133C,YER101C,0,,0.09392760694026947,0.3124378025531769,0.30305153131484985
YBL029C-A,YPR100W,0,,0.09389951825141907,0.3124378025531769,0.30315157771110535
YLL010C,YOR298C-A,0,,0.09387145191431046,0.3124378025531769,0.30325162410736084
YKR024C,YML055W,0,,0.09384339302778244,0.3124378025531769,0.30335167050361633
YDR404C,YNL038W,0,,0.09381535649299622,0.3124378025531769,0.3034517168998718
YDR075W,YOL082W,0,,0.09378733485937119,0.3124378025531769,0.3035517632961273
YOL094C,YEL009C,0,,0.09375932812690735,0.3124378025531769,0.3036518394947052
YCL057W,YDL097C,0,,0.0937313437461853,0.3124378025531769,0.3037518858909607
YFL013C,YML065W,0,,0.09370337426662445,0.3124378025531769,0.3038519322872162
YBR073W,YLR411W,0,,0.09367541968822479,0.3124378025531769,0.3039519786834717
YPR133C,YOR287C,0,,0.09364748001098633,0.3124378025531769,0.3040520250797272
YDR446W,YHL027W,0,,0.09361955523490906,0.3124378025531769,0.30415207147598267
YAL031C,YOR068C,0,,0.09359165281057358,0.3124378025531769,0.30425211787223816
YHR156C,YDL044C,0,,0.09356376528739929,0.3124378025531769,0.30435216426849365
YOR159C,YGR268C,0,,0.0935358926653862,0.3124378025531769,0.30445224046707153
YIL099W,YLR353W,0,,0.0935080423951149,0.3124378025531769,0.304552286863327
YGL076C,YOR085W,0,,0.0934801995754242,0.3124378025531769,0.3046523332595825
YLR264W,YMR237W,0,,0.09345237910747528,0.3124378025531769,0.304752379655838
YMR078C,YOL111C,0,,0.09342457354068756,0.3124378025531769,0.3048524260520935
YNR002C,YDL003W,0,,0.09339679032564163,0.3124378025531769,0.304952472448349
YGR247W,YDR260C,0,,0.0933690145611763,0.3124378025531769,0.3050525188446045
YGR244C,YLR466W,0,,0.09334126114845276,0.3124378025531769,0.30515256524086
YJR088C,YJR026W,0,,0.09331352263689041,0.3124378025531769,0.3052526116371155
YPL115C,YLL026W,0,,0.09328579902648926,0.3124378025531769,0.30535268783569336
YBR115C,YER050C,0,,0.0932580903172493,0.3124378025531769,0.30545273423194885
YOR202W,YGL189C,0,,0.09323040395975113,0.3124378025531769,0.30555278062820435
YPL170W,YGL005C,0,,0.09320273250341415,0.3124378025531769,0.30565282702445984
YIR022W,YOR232W,0,,0.09317507594823837,0.3124378025531769,0.30575287342071533
YOR122C,YJR050W,0,,0.09314743429422379,0.3124378025531769,0.3058529198169708
YMR288W,YLR052W,0,,0.09311980754137039,0.3124378025531769,0.3059529662132263
YLR299W,YBL011W,0,,0.09309220314025879,0.3124378025531769,0.3060530126094818
YMR172W,YDR261C-C,0,,0.09306461364030838,0.3124378025531769,0.3061530888080597
YBR072W,YLR369W,0,,0.09303703904151917,0.3124378025531769,0.3062531352043152
YDR365W-B,YDL149W,0,,0.09300947934389114,0.3124378025531769,0.3063531816005707
YIL085C,YDR155C,0,,0.09298193454742432,0.3124378025531769,0.30645322799682617
YJL024C,YNL224C,0,,0.09295441210269928,0.3124378025531769,0.30655327439308167
YHL011C,YOL044W,0,,0.09292690455913544,0.3124378025531769,0.30665332078933716
YJR140C,YNL315C,0,,0.09289941191673279,0.3124378025531769,0.30675336718559265
YCR046C,YHR096C,0,,0.09287193417549133,0.3124378025531769,0.30685341358184814
YPL016W,YML121W,0,,0.09284447133541107,0.3124378025531769,0.306953489780426
YML112W,YLR337C,0,,0.092817023396492,0.3124378025531769,0.3070535361766815
YNL262W,YOL017W,0,,0.09278959780931473,0.3124378025531769,0.307153582572937
YKL114C,YOR007C,0,,0.09276218712329865,0.3124378025531769,0.3072536289691925
YPR144C,YPL115C,0,,0.09273479133844376,0.3124378025531769,0.307353675365448
YKL192C,YOR019W,0,,0.09270741045475006,0.3124378025531769,0.3074537217617035
YOL040C,YGL183C,0,,0.09268004447221756,0.3124378025531769,0.307553768157959
YLR278C,YMR136W,0,,0.09265270084142685,0.3124378025531769,0.3076538145542145
YEL062W,YMR065W,0,,0.09262537211179733,0.3124378025531769,0.30775389075279236
YAL024C,YEL070W,0,,0.09259805083274841,0.3124378025531769,0.30785393714904785
YKL130C,YKR080W,0,,0.09257075190544128,0.3124378025531769,0.30795398354530334
YAL030W,YNL224C,0,,0.09254347532987595,0.3124378025531769,0.30805402994155884
YNL083W,YDR262W,0,,0.0925162062048912,0.3124378025531769,0.30815407633781433
YHR110W,YGL220W,0,,0.09248895198106766,0.3124378025531769,0.3082541227340698
YGR112W,YDR273W,0,,0.0924617201089859,0.3124378025531769,0.3083541691303253
YDL113C,YNL202W,0,,0.09243450313806534,0.3124378025531769,0.3084542155265808
YDR016C,YHR111W,0,,0.09240730106830597,0.3124378025531769,0.3085542917251587
YFL033C,YDL128W,0,,0.0923801138997078,0.3124378025531769,0.3086543381214142
YML062C,YPL072W,0,,0.09235294163227081,0.3124378025531769,0.3087543845176697
YJL014W,YLR401C,0,,0.09232578426599503,0.3124378025531769,0.30885443091392517
YLR175W,YFR030W,0,,0.09229864925146103,0.3124378025531769,0.30895447731018066
YOR132W,YNR018W,0,,0.09227152168750763,0.3124378025531769,0.30905452370643616
YGL244W,YCR035C,0,,0.09224441647529602,0.3124378025531769,0.30915457010269165
YLR058C,YER060W,0,,0.0922173261642456,0.3124378025531769,0.30925461649894714
YDR457W,YMR197C,0,,0.09219025075435638,0.3124378025531769,0.30935466289520264
YKL038W,YBR216C,0,,0.09216319024562836,0.3124378025531769,0.3094547390937805
YOR207C,YKL027W,0,,0.09213615208864212,0.3124378025531769,0.309554785490036
YLR320W,YIL075C,0,,0.09210912138223648,0.3124378025531769,0.3096548318862915
YMR055C,YOL082W,0,,0.09208211302757263,0.3124378025531769,0.309754878282547
YPL193W,YLR314C,0,,0.09205511212348938,0.3124378025531769,0.3098549246788025
YGL048C,YLR210W,0,,0.09202813357114792,0.3124378025531769,0.309954971075058
YCL016C,YLL053C,0,,0.09200116991996765,0.3124378025531769,0.3100550174713135
YMR263W,YHR018C,0,,0.09197422116994858,0.3124378025531769,0.31015506386756897
YBR188C,YML032C,0,,0.0919472947716713,0.3124378025531769,0.31025514006614685
YOR049C,YJL069C,0,,0.09192037582397461,0.3124378025531769,0.31035518646240234
YBR298C,YGR271C-A,0,,0.09189347177743912,0.3124378025531769,0.31045523285865784
YDL035C,YDL044C,0,,0.09186659008264542,0.3124378025531769,0.31055527925491333
YDR408C,YHR004C,0,,0.09183971583843231,0.3124378025531769,0.3106553256511688
YPL254W,YAL017W,0,,0.091812863945961,0.3124378025531769,0.3107553720474243
YNL138W-A,YGL220W,0,,0.09178602695465088,0.3124378025531769,0.3108554184436798
YGL231C,YDR081C,0,,0.09175920486450195,0.3124378025531769,0.3109554648399353
YJR035W,YJR150C,0,,0.09173239767551422,0.3124378025531769,0.3110555410385132
YJR064W,YDL078C,0,,0.09170560538768768,0.3124378025531769,0.3111555874347687
YMR199W,YPL108W,0,,0.09167883545160294,0.3124378025531769,0.31125563383102417
YIL052C,YLR154W-C,0,,0.09165207296609879,0.3124378025531769,0.31135568022727966
YLR359W,YHL027W,0,,0.09162532538175583,0.3124378025531769,0.31145572662353516
YPL093W,YNL160W,0,,0.09159860014915466,0.3124378025531769,0.31155577301979065
YGR288W,YIR005W,0,,0.09157188981771469,0.3124378025531769,0.31165581941604614
YLR073C,YKL113C,0,,0.09154518693685532,0.3124378025531769,0.31175586581230164
YMR002W,YNL003C,0,,0.09151850640773773,0.3124378025531769,0.3118559420108795
YGR092W,YLR093C,0,,0.09149184077978134,0.3124378025531769,0.311955988407135
YIL088C,YBR278W,0,,0.09146519005298615,0.3124378025531769,0.3120560348033905
YPL150W,YIR035C,0,,0.09143855422735214,0.3124378025531769,0.312156081199646
YPR151C,YNL256W,0,,0.09141193330287933,0.3124378025531769,0.3122561275959015
YHR196W,YIL094C,0,,0.09138533473014832,0.3124378025531769,0.312356173992157
YML028W,YPL079W,0,,0.0913587436079979,0.3124378025531769,0.3124562203884125
YOR078W,YCR058C,1,,0.09162303805351257,0.31343284249305725,0.3124562203884125
YLR222C,YIL019W,1,,0.09188717603683472,0.31442785263061523,0.3124562203884125
YHR169W,YPL090C,1,,0.09215116500854492,0.3154228925704956,0.3124562203884125
YPR112C,YBR048W,1,,0.09241499751806259,0.3164179027080536,0.3124562203884125
YJL109C,YPL239W,1,,0.09267867356538773,0.31741294264793396,0.3124562203884125
YJL109C,YDR450W,1,,0.09294220060110092,0.31840795278549194,0.3124562203884125
YDR447C,YMR268W-A,1,,0.09320557862520218,0.3194029927253723,0.3124562203884125
YMR229C,YML024W,1,,0.0934687927365303,0.3203980028629303,0.3124562203884125
YMR143W,YDL166C,1,,0.09373186528682709,0.32139304280281067,0.3124562203884125
YMR093W,YDR337W,1,,0.09399478137493134,0.32238805294036865,0.3124562203884125
YJL191W,YMR093W,1,,0.09425754100084305,0.323383092880249,0.3124562203884125
YGR103W,YNR054C,1,,0.09452015161514282,0.324378103017807,0.3124562203884125
YGR081C,YOR004W,1,,0.09478260576725006,0.3253731429576874,0.3124562203884125
YKL156W,YJL069C,1,,0.09504491090774536,0.32636815309524536,0.3124562203884125
YGR159C,YBR048W,1,,0.09530706703662872,0.32736319303512573,0.3124562203884125
YPR112C,YGR251W,1,,0.09556906670331955,0.3283582031726837,0.3124562203884125
YJL010C,YCR058C,1,,0.09583091735839844,0.3293532431125641,0.3124562203884125
YEL026W,YPL090C,1,,0.09609261900186539,0.33034825325012207,0.3124562203884125
YML063W,YOR078W,1,,0.0963541641831398,0.33134329319000244,0.3124562203884125
YMR268W-A,YLR222C,1,,0.09661556035280228,0.3323383033275604,0.3124562203884125
YDR064W,YGR272C,1,,0.09687680751085281,0.3333333432674408,0.3124562203884125
YHR196W,YDL083C,1,,0.09713789820671082,0.3343283534049988,0.3124562203884125
YER102W,YAL026C,1,,0.09739884734153748,0.33532339334487915,0.3124562203884125
YIL069C,YOR287C,1,,0.097659632563591,0.33631840348243713,0.3124562203884125
YLR068W,YDL153C,1,,0.09792027622461319,0.3373134434223175,0.3124562203884125
YCR057C,YKL082C,1,,0.09818077087402344,0.3383084535598755,0.3124562203884125
YDR447C,YNL302C,1,,0.09844110906124115,0.33930349349975586,0.3124562203884125
YGL120C,YLR222C,1,,0.09870129823684692,0.34029850363731384,0.3124562203884125
YKR060W,YOR119C,1,,0.09896133840084076,0.3412935435771942,0.3124562203884125
YJR002W,YJL109C,1,,0.09922122955322266,0.3422885537147522,0.3124562203884125
YPR144C,YGR272C,1,,0.09948097169399261,0.34328359365463257,0.3124562203884125
YNR054C,YNL308C,1,,0.09974055737257004,0.34427860379219055,0.3124562203884125
YDR447C,YBL072C,1,,0.10000000149011612,0.3452736437320709,0.3124562203884125
YDR339C,YLR129W,1,,0.10025928914546967,0.3462686538696289,0.3124562203884125
YOL121C,YMR093W,1,,0.10051843523979187,0.3472636938095093,0.3124562203884125
YDR450W,YDR398W,1,,0.10077742487192154,0.34825870394706726,0.3124562203884125
YHR169W,YNL132W,1,,0.10103627294301987,0.34925374388694763,0.3124562203884125
YDL213C,YNL207W,1,,0.10129496455192566,0.3502487540245056,0.3124562203884125
YHR196W,YCR057C,1,,0.10155350714921951,0.351243793964386,0.3124562203884125
YOL121C,YDR324C,1,,0.10181190818548203,0.35223880410194397,0.3124562203884125
YGR081C,YPL012W,1,,0.102070152759552,0.35323384404182434,0.3124562203884125
YOL010W,YGR251W,1,,0.10232825577259064,0.3542288541793823,0.3124562203884125
YER102W,YJL069C,1,,0.10258620977401733,0.3552238941192627,0.3124562203884125
YOL121C,YAL026C,1,,0.1028440073132515,0.3562189042568207,0.3124562203884125
YNL132W,YPR132W,1,,0.10310166329145432,0.35721394419670105,0.3124562203884125
YPL204W,YDR339C,1,,0.1033591702580452,0.35820895433425903,0.3124562203884125
YKR060W,YDR064W,1,,0.10361653566360474,0.3592039942741394,0.3124562203884125
YLL011W,YML063W,1,,0.10387374460697174,0.3601990044116974,0.3124562203884125
YPR144C,YDR064W,1,,0.1041308119893074,0.36119404435157776,0.3124562203884125
YML024W,YML093W,1,,0.10438772290945053,0.36218905448913574,0.3124562203884125
YLR441C,YGR128C,1,,0.10464449226856232,0.3631840944290161,0.3124562203884125
YGR081C,YLR048W,1,,0.10490112006664276,0.3641791045665741,0.3124562203884125
YDL213C,YBR048W,1,,0.10515759140253067,0.3651741147041321,0.3124562203884125
YDL153C,YCL031C,1,,0.10541392117738724,0.36616915464401245,0.3124562203884125
YKL143W,YBR181C,1,,0.10567010194063187,0.36716416478157043,0.3124562203884125
YHR169W,YDR339C,1,,0.10592614114284515,0.3681592047214508,0.3124562203884125
YOR310C,YMR143W,1,,0.1061820238828659,0.3691542148590088,0.3124562203884125
YDR025W,YDR339C,1,,0.10643776506185532,0.37014925479888916,0.3124562203884125
YHR196W,YLR186W,1,,0.10669336467981339,0.37114426493644714,0.3124562203884125
YHL015W,YMR143W,1,,0.10694881528615952,0.3721393048763275,0.3124562203884125
YPR112C,YCR055C,1,,0.10720411688089371,0.3731343150138855,0.3124562203884125
YJR002W,YBL072C,1,,0.10745927691459656,0.37412935495376587,0.3124562203884125
YLR167W,YNL207W,1,,0.10771428793668747,0.37512436509132385,0.3124562203884125
YHR196W,YLR222C,1,,0.10796914994716644,0.3761194050312042,0.3124562203884125
YHL015W,YKL082C,1,,0.10822387039661407,0.3771144151687622,0.3124562203884125
YGR081C,YCR031C,1,,0.10847844928503036,0.3781094551086426,0.3124562203884125
YLR441C,YIL019W,1,,0.10873287916183472,0.37910446524620056,0.3124562203884125
YPL204W,YER074W,1,,0.10898716002702713,0.38009950518608093,0.3124562203884125
YLR192C,YGR159C,1,,0.1092412993311882,0.3810945153236389,0.3124562203884125
YGR159C,YER082C,1,,0.10949529707431793,0.3820895552635193,0.3124562203884125
YOR310C,YML026C,1,,0.10974914580583572,0.38308456540107727,0.3124562203884125
YHR196W,YCL059C,1,,0.11000285297632217,0.38407960534095764,0.3124562203884125
YOR056C,YPL090C,1,,0.11025641113519669,0.3850746154785156,0.3124562203884125
YDR450W,YDR064W,1,,0.11050982773303986,0.386069655418396,0.3124562203884125
YDR449C,YLR129W,1,,0.11076309531927109,0.387064665555954,0.3124562203884125
YER102W,YGR251W,1,,0.11101622879505157,0.38805970549583435,0.3124562203884125
YDR447C,YOR004W,1,,0.11126920580863953,0.38905471563339233,0.3124562203884125
YPR144C,YMR269W,1,,0.11152204871177673,0.3900497555732727,0.3124562203884125
YKL099C,YPR144C,1,,0.111774742603302,0.3910447657108307,0.3124562203884125
YPL081W,YDR449C,1,,0.11202729493379593,0.39203980565071106,0.3124562203884125
YNL308C,YPR112C,1,,0.11227970570325851,0.39303481578826904,0.3124562203884125
YJL136C,YJL069C,1,,0.11253196746110916,0.3940298557281494,0.3124562203884125
YOR145C,YLR129W,1,,0.11278408765792847,0.3950248658657074,0.3124562203884125
YKL156W,YKL099C,1,,0.11303606629371643,0.39601990580558777,0.3124562203884125
YHR169W,YLR222C,1,,0.11328790336847305,0.39701491594314575,0.3124562203884125
YJL010C,YHR169W,1,,0.11353959888219833,0.3980099558830261,0.3124562203884125
YOR310C,YMR093W,1,,0.11379114538431168,0.3990049660205841,0.3124562203884125
YOR145C,YLR186W,1,,0.11404255032539368,0.4000000059604645,0.3124562203884125
YGR081C,YOL121C,1,,0.11429381370544434,0.40099501609802246,0.3124562203884125
YHR021C,YKL156W,1,,0.11454493552446365,0.40199005603790283,0.3124562203884125
YLR167W,YKL156W,1,,0.11479591578245163,0.4029850661754608,0.3124562203884125
YBL072C,YLR409C,1,,0.11504675447940826,0.4039801061153412,0.3124562203884125
YOR145C,YGL120C,1,,0.11529745161533356,0.40497511625289917,0.3124562203884125
YGR271C-A,YGR128C,1,,0.11554799973964691,0.40597015619277954,0.3124562203884125
YKL156W,YJL191W,1,,0.11579841375350952,0.4069651663303375,0.3124562203884125
YJL010C,YLR435W,1,,0.11604868620634079,0.4079602062702179,0.3124562203884125
YPL204W,YPL239W,1,,0.11629880964756012,0.4089552164077759,0.3124562203884125
YMR268W-A,YLR409C,1,,0.1165487989783287,0.40995025634765625,0.3124562203884125
YKR060W,YDR337W,1,,0.11679863929748535,0.41094526648521423,0.3124562203884125
YPL239W,YER082C,1,,0.11704834550619125,0.4119403064250946,0.3124562203884125
YDR447C,YOR078W,1,,0.11729791015386581,0.4129353165626526,0.3124562203884125
YJR002W,YML063W,1,,0.11754733324050903,0.41393035650253296,0.3124562203884125
YCR047C,YCL031C,1,,0.11779660731554031,0.41492536664009094,0.3124562203884125
YGR103W,YDL166C,1,,0.11804574728012085,0.4159204065799713,0.3124562203884125
YDL148C,YNL308C,1,,0.11829474568367004,0.4169154167175293,0.3124562203884125
YKR060W,YPL012W,1,,0.1185436099767685,0.41791045665740967,0.3124562203884125
YKR060W,YNR054C,1,,0.118792325258255,0.41890546679496765,0.3124562203884125
YOR078W,YLR409C,1,,0.11904089897871017,0.419900506734848,0.3124562203884125
YGR103W,YGR128C,1,,0.1192893385887146,0.420895516872406,0.3124562203884125
YHL015W,YOL010W,1,,0.11953763663768768,0.4218905568122864,0.3124562203884125
YOR310C,YNL302C,1,,0.11978579312562943,0.42288556694984436,0.3124562203884125
YKL143W,YOR119C,1,,0.12003381550312042,0.42388060688972473,0.3124562203884125
YOR145C,YBR247C,1,,0.12028168886899948,0.4248756170272827,0.3124562203884125
YJR002W,YBR189W,1,,0.1205294281244278,0.4258706569671631,0.3124562203884125
YPL081W,YPL126W,1,,0.12077702581882477,0.42686566710472107,0.3124562203884125
YJL136C,YOR004W,1,,0.121024489402771,0.42786070704460144,0.3124562203884125
YLR051C,YDL083C,1,,0.12127180397510529,0.4288557171821594,0.3124562203884125
YBL004W,YIL069C,1,,0.12151898443698883,0.4298507571220398,0.3124562203884125
YAL026C,YBR181C,1,,0.12176603078842163,0.4308457672595978,0.3124562203884125
YBR181C,YDR064W,1,,0.12201293557882309,0.43184080719947815,0.3124562203884125
YDR339C,YLR435W,1,,0.1222596988081932,0.43283581733703613,0.3124562203884125
YGR251W,YML093W,1,,0.12250632047653198,0.4338308572769165,0.3124562203884125
YOR119C,YML093W,1,,0.12275280803442001,0.4348258674144745,0.3124562203884125
YOR119C,YLR129W,1,,0.1229991540312767,0.43582090735435486,0.3124562203884125
YJL136C,YPL126W,1,,0.12324536591768265,0.43681591749191284,0.3124562203884125
YIL069C,YCL059C,1,,0.12349143624305725,0.4378109574317932,0.3124562203884125
YJL010C,YGL120C,1,,0.12373737245798111,0.4388059675693512,0.3124562203884125
YDL213C,YER082C,1,,0.12398316711187363,0.43980100750923157,0.3124562203884125
YKL156W,YPL126W,1,,0.1242288276553154,0.44079601764678955,0.3124562203884125
YJL010C,YDR064W,1,,0.12447434663772583,0.4417910575866699,0.3124562203884125
YHR021C,YCL031C,1,,0.12471973150968552,0.4427860677242279,0.3124562203884125
YDR449C,YLR048W,1,,0.12496497482061386,0.4437811076641083,0.3124562203884125
YJL010C,YOR056C,1,,0.12521009147167206,0.44477611780166626,0.3124562203884125
YER102W,YOR119C,1,,0.12545505166053772,0.44577115774154663,0.3124562203884125
YDR449C,YGR251W,1,,0.12569989264011383,0.4467661678791046,0.3124562203884125
YHR169W,YDL166C,1,,0.125944584608078,0.447761207818985,0.3124562203884125
YPL126W,YOR056C,1,,0.12618914246559143,0.44875621795654297,0.3124562203884125
YNL132W,YPL012W,1,,0.1264335662126541,0.44975125789642334,0.3124562203884125
YMR143W,YOR004W,1,,0.12667785584926605,0.4507462680339813,0.3124562203884125
YDL166C,YML093W,1,,0.12692199647426605,0.4517413079738617,0.3124562203884125
YHR169W,YDR449C,1,,0.1271660178899765,0.4527363181114197,0.3124562203884125
YKR057W,YPR144C,1,,0.127409890294075,0.45373135805130005,0.3124562203884125
YBL004W,YDL166C,1,,0.12765362858772278,0.45472636818885803,0.3124562203884125
YLR435W,YDL166C,1,,0.1278972327709198,0.455721378326416,0.3124562203884125
YCR047C,YHR021C,1,,0.12814070284366608,0.4567164182662964,0.3124562203884125
YPL012W,YBR181C,1,,0.1283840388059616,0.45771142840385437,0.3124562203884125
YCR057C,YDR339C,1,,0.1286272257566452,0.45870646834373474,0.3124562203884125
YMR143W,YLR409C,1,,0.12887029349803925,0.4597014784812927,0.3124562203884125
YMR229C,YMR093W,1,,0.12911321222782135,0.4606965184211731,0.3124562203884125
YOR078W,YDR398W,1,,0.1293560117483139,0.4616915285587311,0.3124562203884125
YGR118W,YDR447C,1,,0.12959866225719452,0.46268656849861145,0.3124562203884125
YCL031C,YNL308C,1,,0.1298411786556244,0.46368157863616943,0.3124562203884125
YCR057C,YKR060W,1,,0.13008356094360352,0.4646766185760498,0.3124562203884125
YGR118W,YGR081C,1,,0.1303258091211319,0.4656716287136078,0.3124562203884125
YKL082C,YPR144C,1,,0.13056792318820953,0.46666666865348816,0.3124562203884125
YHR196W,YPR144C,1,,0.13080990314483643,0.46766167879104614,0.3124562203884125
YHR169W,YOR056C,1,,0.13105174899101257,0.4686567187309265,0.3124562203884125
YML063W,YOR145C,1,,0.13129346072673798,0.4696517288684845,0.3124562203884125
YKL082C,YOR056C,1,,0.13153503835201263,0.47064676880836487,0.3124562203884125
YJR002W,YLR409C,1,,0.13177648186683655,0.47164177894592285,0.3124562203884125
YDL213C,YGR128C,1,,0.13201779127120972,0.4726368188858032,0.3124562203884125
YGR118W,YLR222C,1,,0.13225896656513214,0.4736318290233612,0.3124562203884125
YHR021C,YOR078W,1,,0.13249999284744263,0.4746268689632416,0.3124562203884125
YMR268W-A,YPL090C,1,,0.13274089992046356,0.47562187910079956,0.3124562203884125
YLR441C,YDR339C,1,,0.13298167288303375,0.47661691904067993,0.3124562203884125
YLR068W,YCR057C,1,,0.1332223117351532,0.4776119291782379,0.3124562203884125
YPR132W,YGL120C,1,,0.1334628164768219,0.4786069691181183,0.3124562203884125
YKR060W,YLR129W,1,,0.13370318710803986,0.47960197925567627,0.3124562203884125
YML063W,YDR025W,1,,0.13394342362880707,0.48059701919555664,0.3124562203884125
YLR435W,YCR058C,1,,0.13418352603912354,0.4815920293331146,0.3124562203884125
YCR031C,YJL191W,1,,0.13442350924015045,0.482587069272995,0.3124562203884125
YNL207W,YDL166C,1,,0.13466334342956543,0.483582079410553,0.3124562203884125
YGL120C,YKL156W,1,,0.13490304350852966,0.48457711935043335,0.3124562203884125
YOL121C,YOR287C,1,,0.13514262437820435,0.48557212948799133,0.3124562203884125
YGR271C-A,YLR435W,1,,0.1353820562362671,0.4865671694278717,0.3124562203884125
YHR196W,YJL069C,1,,0.13562136888504028,0.4875621795654297,0.3124562203884125
YJL109C,YGR272C,1,,0.13586054742336273,0.48855721950531006,0.3124562203884125
YMR268W-A,YMR143W,1,,0.13609959185123444,0.48955222964286804,0.3124562203884125
YML063W,YLR048W,1,,0.1363385021686554,0.4905472695827484,0.3124562203884125
YJL109C,YLL011W,1,,0.1365772783756256,0.4915422797203064,0.3124562203884125
YML063W,YIL019W,1,,0.13681592047214508,0.49253731966018677,0.3124562203884125
YKL082C,YCL059C,1,,0.1370544284582138,0.49353232979774475,0.3124562203884125
YCL031C,YBR048W,1,,0.13729281723499298,0.4945273697376251,0.3124562203884125
YKL156W,YGR272C,1,,0.1375310719013214,0.4955223798751831,0.3124562203884125
YMR143W,YBR247C,1,,0.1377691924571991,0.4965174198150635,0.3124562203884125
YGR103W,YPL239W,1,,0.13800717890262604,0.49751242995262146,0.3124562203884125
YLR068W,YGR214W,1,,0.13824503123760223,0.49850746989250183,0.3124562203884125
YCR031C,YDR324C,1,,0.13848276436328888,0.4995024800300598,0.3124562203884125
YJR002W,YCL031C,1,,0.1387203484773636,0.5004975199699402,0.3124562203884125
YJL010C,YDL083C,1,,0.13895781338214874,0.5014925599098206,0.3124562203884125
YNL132W,YMR269W,1,,0.13919514417648315,0.5024875402450562,0.3124562203884125
YMR229C,YGR128C,1,,0.13943235576152802,0.5034825801849365,0.3124562203884125
YLR068W,YBR048W,1,,0.13966941833496094,0.5044776201248169,0.3124562203884125
YLR192C,YNL207W,1,,0.1399063616991043,0.5054726600646973,0.3124562203884125
YGL120C,YML093W,1,,0.14014317095279694,0.5064676403999329,0.3124562203884125
YGR159C,YLR051C,1,,0.14037984609603882,0.5074626803398132,0.3124562203884125
YHR169W,YLR048W,1,,0.14061640202999115,0.5084577202796936,0.3124562203884125
YPR132W,YOR287C,1,,0.14085282385349274,0.509452760219574,0.3124562203884125
YNL132W,YDR064W,1,,0.14108911156654358,0.5104477405548096,0.3124562203884125
YLR167W,YDR449C,1,,0.14132526516914368,0.5114427804946899,0.3124562203884125
YCR047C,YMR268W-A,1,,0.14156129956245422,0.5124378204345703,0.3124562203884125
YOR145C,YPR144C,1,,0.14179719984531403,0.5134328603744507,0.3124562203884125
YLL011W,YJL191W,1,,0.14203296601772308,0.5144278407096863,0.3124562203884125
YAL026C,YLR048W,1,,0.1422686129808426,0.5154228806495667,0.3124562203884125
YMR229C,YNL308C,1,,0.14250412583351135,0.516417920589447,0.3124562203884125
YJR002W,YGR128C,1,,0.14273950457572937,0.5174129605293274,0.3124562203884125
YKL143W,YDR324C,1,,0.14297474920749664,0.518407940864563,0.3124562203884125
YBL072C,YLR129W,1,,0.14320987462997437,0.5194029808044434,0.3124562203884125
YOR119C,YGR159C,1,,0.14344486594200134,0.5203980207443237,0.3124562203884125
YOL121C,YPL012W,1,,0.14367973804473877,0.5213930606842041,0.3124562203884125
YKL099C,YOR004W,1,,0.14391447603702545,0.5223880410194397,0.3124562203884125
YIL069C,YCR058C,1,,0.1441490799188614,0.5233830809593201,0.3124562203884125
YKL156W,YLR129W,1,,0.14438356459140778,0.5243781208992004,0.3124562203884125
YLR441C,YCL059C,1,,0.14461791515350342,0.5253731608390808,0.3124562203884125
YDR447C,YCR031C,1,,0.14485213160514832,0.5263681411743164,0.3124562203884125
YOR310C,YOR056C,1,,0.14508622884750366,0.5273631811141968,0.3124562203884125
YDR447C,YGR090W,1,,0.14532019197940826,0.5283582210540771,0.3124562203884125
YJL010C,YKL143W,1,,0.14555403590202332,0.5293532609939575,0.3124562203884125
YER082C,YIL019W,1,,0.14578774571418762,0.5303482413291931,0.3124562203884125
YOR145C,YKL099C,1,,0.14602133631706238,0.5313432812690735,0.3124562203884125
YNL207W,YPL012W,1,,0.1462547779083252,0.5323383212089539,0.3124562203884125
YCR057C,YKL156W,1,,0.14648811519145966,0.5333333611488342,0.3124562203884125
YGR090W,YGR272C,1,,0.14672131836414337,0.5343283414840698,0.3124562203884125
YMR229C,YDL083C,1,,0.14695438742637634,0.5353233814239502,0.3124562203884125
YDR339C,YNL302C,1,,0.14718732237815857,0.5363184213638306,0.3124562203884125
YJL136C,YLR441C,1,,0.14742015302181244,0.5373134613037109,0.3124562203884125
YJL109C,YLR409C,1,,0.14765283465385437,0.5383084416389465,0.3124562203884125
YLL011W,YOR310C,1,,0.14788539707660675,0.5393034815788269,0.3124562203884125
YOL121C,YDR398W,1,,0.14811784029006958,0.5402985215187073,0.3124562203884125
YMR268W-A,YCR031C,1,,0.14835014939308167,0.5412935614585876,0.3124562203884125
YGR103W,YHR021C,1,,0.1485823392868042,0.5422885417938232,0.3124562203884125
YDR025W,YDR398W,1,,0.148814395070076,0.5432835817337036,0.3124562203884125
YLR167W,YLR051C,1,,0.14904631674289703,0.544278621673584,0.3124562203884125
YIL069C,YLR051C,1,,0.14927811920642853,0.5452736616134644,0.3124562203884125
YPR132W,YPL012W,1,,0.14950980246067047,0.5462686419487,0.3124562203884125
YMR268W-A,YBR181C,1,,0.14974135160446167,0.5472636818885803,0.3124562203884125
YNL132W,YGR272C,1,,0.14997278153896332,0.5482587218284607,0.3124562203884125
YGR251W,YNL302C,1,,0.15020407736301422,0.5492537021636963,0.3124562203884125
YLR192C,YEL026W,1,,0.15043525397777557,0.5502487421035767,0.3124562203884125
YLL011W,YPL081W,1,,0.15066631138324738,0.551243782043457,0.3124562203884125
YDL166C,YPL090C,1,,0.15089721977710724,0.5522388219833374,0.3124562203884125
YCR031C,YKL156W,1,,0.15112802386283875,0.553233802318573,0.3124562203884125
YLR192C,YNR054C,1,,0.1513586938381195,0.5542288422584534,0.3124562203884125
YCR047C,YLR129W,1,,0.15158924460411072,0.5552238821983337,0.3124562203884125
YGL120C,YPR144C,1,,0.15181966125965118,0.5562189221382141,0.3124562203884125
YGR271C-A,YDR337W,1,,0.1520499587059021,0.5572139024734497,0.3124562203884125
YPL239W,YNL308C,1,,0.15228013694286346,0.5582089424133301,0.3124562203884125
YHR021C,YBR247C,1,,0.15251018106937408,0.5592039823532104,0.3124562203884125
YBR181C,YER082C,1,,0.15274009108543396,0.5601990222930908,0.3124562203884125
YEL026W,YDL083C,1,,0.15296989679336548,0.5611940026283264,0.3124562203884125
YLR441C,YDR025W,1,,0.15319956839084625,0.5621890425682068,0.3124562203884125
YCL031C,YML093W,1,,0.15342912077903748,0.5631840825080872,0.3124562203884125
YGR214W,YCR058C,1,,0.15365853905677795,0.5641791224479675,0.3124562203884125
YGR103W,YML024W,1,,0.15388783812522888,0.5651741027832031,0.3124562203884125
YBR247C,YOR287C,1,,0.15411700308322906,0.5661691427230835,0.3124562203884125
YDL148C,YOR056C,1,,0.1543460637331009,0.5671641826629639,0.3124562203884125
YHR196W,YIL069C,1,,0.15457499027252197,0.5681592226028442,0.3124562203884125
YOR310C,YBR189W,1,,0.1548037827014923,0.5691542029380798,0.3124562203884125
YER102W,YCR055C,1,,0.1550324708223343,0.5701492428779602,0.3124562203884125
YDR064W,YLR409C,1,,0.15526102483272552,0.5711442828178406,0.3124562203884125
YGR103W,YDR447C,1,,0.1554894596338272,0.572139322757721,0.3124562203884125
YBL004W,YKL143W,1,,0.15571776032447815,0.5731343030929565,0.3124562203884125
YJL109C,YKL156W,1,,0.15594594180583954,0.5741293430328369,0.3124562203884125
YPL204W,YNR054C,1,,0.15617400407791138,0.5751243829727173,0.3124562203884125
YMR229C,YPL012W,1,,0.15640194714069366,0.5761194229125977,0.3124562203884125
YJL109C,YLR192C,1,,0.1566297560930252,0.5771144032478333,0.3124562203884125
YDL083C,YNL302C,1,,0.1568574458360672,0.5781094431877136,0.3124562203884125
YCR047C,YHL015W,1,,0.15708501636981964,0.579104483127594,0.3124562203884125
YGR128C,YLR003C,1,,0.15731246769428253,0.5800995230674744,0.3124562203884125
YKL156W,YDR450W,1,,0.15753978490829468,0.58109450340271,0.3124562203884125
YHL015W,YNL308C,1,,0.15776698291301727,0.5820895433425903,0.3124562203884125
YDL148C,YLR192C,1,,0.15799406170845032,0.5830845832824707,0.3124562203884125
YHR196W,YMR269W,1,,0.1582210212945938,0.5840796232223511,0.3124562203884125
YPL012W,YBL072C,1,,0.15844786167144775,0.5850746035575867,0.3124562203884125
YOL010W,YMR143W,1,,0.15867456793785095,0.586069643497467,0.3124562203884125
YCR057C,YPL090C,1,,0.1589011549949646,0.5870646834373474,0.3124562203884125
YMR268W-A,YOR056C,1,,0.1591276228427887,0.5880597233772278,0.3124562203884125
YBR189W,YOR004W,1,,0.15935397148132324,0.5890547037124634,0.3124562203884125
YLR186W,YDR450W,1,,0.15958020091056824,0.5900497436523438,0.3124562203884125
YBL004W,YDR447C,1,,0.1598062962293625,0.5910447835922241,0.3124562203884125
YKL156W,YNL302C,1,,0.1600322723388672,0.5920398235321045,0.3124562203884125
YOR145C,YOR004W,1,,0.16025812923908234,0.5930348038673401,0.3124562203884125
YHR021C,YCL059C,1,,0.16048386693000793,0.5940298438072205,0.3124562203884125
YLR441C,YBL072C,1,,0.16070948541164398,0.5950248837471008,0.3124562203884125
YHR169W,YML026C,1,,0.16093498468399048,0.5960199236869812,0.3124562203884125
YBL072C,YGR128C,1,,0.16116034984588623,0.5970149040222168,0.3124562203884125
YLR003C,YLR129W,1,,0.16138561069965363,0.5980099439620972,0.3124562203884125
YOR145C,YPL204W,1,,0.16161073744297028,0.5990049839019775,0.3124562203884125
YBL004W,YGR081C,1,,0.16183574497699738,0.6000000238418579,0.3124562203884125
YGR118W,YDL148C,1,,0.16206063330173492,0.6009950041770935,0.3124562203884125
YGR214W,YOR078W,1,,0.16228540241718292,0.6019900441169739,0.3124562203884125
YBR247C,YOR056C,1,,0.16251005232334137,0.6029850840568542,0.3124562203884125
YMR229C,YOR145C,1,,0.16273458302021027,0.6039801239967346,0.3124562203884125
YDR025W,YKL099C,1,,0.1629589945077896,0.6049751043319702,0.3124562203884125
YJR002W,YER102W,1,,0.1631832867860794,0.6059701442718506,0.3124562203884125
YJL069C,YDR324C,1,,0.16340744495391846,0.606965184211731,0.3124562203884125
YCL031C,YPL126W,1,,0.16363149881362915,0.6079602241516113,0.3124562203884125
YJL109C,YLR435W,1,,0.1638554185628891,0.6089552044868469,0.3124562203884125
YBL072C,YDL166C,1,,0.1640792340040207,0.6099502444267273,0.3124562203884125
YLR186W,YMR269W,1,,0.16430291533470154,0.6109452843666077,0.3124562203884125
YKR057W,YGR272C,1,,0.16452647745609283,0.611940324306488,0.3124562203884125
YBR189W,YDL083C,1,,0.16474993526935577,0.6129353046417236,0.3124562203884125
YPR132W,YDR324C,1,,0.16497325897216797,0.613930344581604,0.3124562203884125
YKL143W,YGL120C,1,,0.1651964783668518,0.6149253845214844,0.3124562203884125
YJL136C,YPL012W,1,,0.1654195636510849,0.6159204244613647,0.3124562203884125
YHR021C,YNL302C,1,,0.16564252972602844,0.6169154047966003,0.3124562203884125
YML063W,YGL120C,1,,0.16586539149284363,0.6179104447364807,0.3124562203884125
YBL004W,YIL019W,1,,0.16608811914920807,0.6189054846763611,0.3124562203884125
YGR271C-A,YEL026W,1,,0.16631072759628296,0.6199005246162415,0.3124562203884125
YNR054C,YLR409C,1,,0.1665332317352295,0.620895504951477,0.3124562203884125
YNL207W,YDR339C,1,,0.16675560176372528,0.6218905448913574,0.3124562203884125
YBR048W,YPL090C,1,,0.1669778674840927,0.6228855848312378,0.3124562203884125
YGR271C-A,YJL069C,1,,0.1671999990940094,0.6238806247711182,0.3124562203884125
YLL011W,YBR181C,1,,0.16742202639579773,0.6248756051063538,0.3124562203884125
YDL153C,YLR048W,1,,0.16764391958713531,0.6258706450462341,0.3124562203884125
YCR047C,YNL308C,1,,0.16786570847034454,0.6268656849861145,0.3124562203884125
YPR132W,YGR272C,1,,0.16808737814426422,0.6278607249259949,0.3124562203884125
YPL204W,YJL069C,1,,0.16830892860889435,0.6288557052612305,0.3124562203884125
YKR060W,YLR409C,1,,0.16853034496307373,0.6298507452011108,0.3124562203884125
YBR247C,YBR181C,1,,0.16875165700912476,0.6308457851409912,0.3124562203884125
YHL015W,YPL126W,1,,0.16897286474704742,0.6318408250808716,0.3124562203884125
YPR132W,YLR048W,1,,0.16919393837451935,0.6328358054161072,0.3124562203884125
YMR143W,YMR093W,1,,0.16941489279270172,0.6338308453559875,0.3124562203884125
YLL011W,YGR128C,1,,0.16963572800159454,0.6348258852958679,0.3124562203884125
YCR047C,YDR324C,1,,0.169856458902359,0.6358209252357483,0.3124562203884125
YGR081C,YBR048W,1,,0.17007707059383392,0.6368159055709839,0.3124562203884125
YEL026W,YOR287C,1,,0.1702975630760193,0.6378109455108643,0.3124562203884125
YML063W,YMR268W-A,1,,0.1705179214477539,0.6388059854507446,0.3124562203884125
YDR339C,YML093W,1,,0.17073819041252136,0.6398009657859802,0.3124562203884125
YGR118W,YPR112C,1,,0.17095832526683807,0.6407960057258606,0.3124562203884125
YCR047C,YDR449C,1,,0.17117834091186523,0.641791045665741,0.3124562203884125
YNR054C,YOR004W,1,,0.17139825224876404,0.6427860856056213,0.3124562203884125
YER102W,YGR214W,1,,0.1716180443763733,0.6437810659408569,0.3124562203884125
YLR441C,YDR337W,1,,0.1718377023935318,0.6447761058807373,0.3124562203884125
YHR196W,YDL166C,1,,0.17205727100372314,0.6457711458206177,0.3124562203884125
YLR435W,YDR337W,1,,0.17227670550346375,0.646766185760498,0.3124562203884125
YGR103W,YCR055C,1,,0.1724960207939148,0.6477611660957336,0.3124562203884125
YCR047C,YML024W,1,,0.1727152317762375,0.648756206035614,0.3124562203884125
YGR118W,YGL120C,1,,0.17293432354927063,0.6497512459754944,0.3124562203884125
YKR057W,YLR051C,1,,0.17315329611301422,0.6507462859153748,0.3124562203884125
YML026C,YPL126W,1,,0.17337214946746826,0.6517412662506104,0.3124562203884125
YLL011W,YKR057W,1,,0.17359089851379395,0.6527363061904907,0.3124562203884125
YLR192C,YOR004W,1,,0.17380952835083008,0.6537313461303711,0.3124562203884125
YBR189W,YDR339C,1,,0.17402803897857666,0.6547263860702515,0.3124562203884125
YJL069C,YML093W,1,,0.1742464303970337,0.6557213664054871,0.3124562203884125
YCR057C,YLR409C,1,,0.17446471750736237,0.6567164063453674,0.3124562203884125
YDR447C,YML093W,1,,0.1746828705072403,0.6577114462852478,0.3124562203884125
YKR057W,YLR129W,1,,0.17490091919898987,0.6587064862251282,0.3124562203884125
YGR118W,YKL156W,1,,0.17511886358261108,0.6597014665603638,0.3124562203884125
YER102W,YDR450W,1,,0.17533667385578156,0.6606965065002441,0.3124562203884125
YJR002W,YLL011W,1,,0.17555437982082367,0.6616915464401245,0.3124562203884125
YBR189W,YLR435W,1,,0.17577196657657623,0.6626865863800049,0.3124562203884125
YEL026W,YLR167W,1,,0.17598944902420044,0.6636815667152405,0.3124562203884125
YDR339C,YIL019W,1,,0.1762068122625351,0.6646766066551208,0.3124562203884125
YDL083C,YOR287C,1,,0.1764240562915802,0.6656716465950012,0.3124562203884125
YGR090W,YDL083C,1,,0.17664118111133575,0.6666666865348816,0.3124562203884125
YDL148C,YHR021C,1,,0.17685820162296295,0.6676616668701172,0.3124562203884125
YPL239W,YKL082C,1,,0.1770751029253006,0.6686567068099976,0.3124562203884125
YGR081C,YGR272C,1,,0.1772918850183487,0.6696517467498779,0.3124562203884125
YOR078W,YOR287C,1,,0.17750856280326843,0.6706467866897583,0.3124562203884125
YGL120C,YLR129W,1,,0.17772512137889862,0.6716417670249939,0.3124562203884125
YML024W,YPL012W,1,,0.17794156074523926,0.6726368069648743,0.3124562203884125
YNL132W,YLR167W,1,,0.17815789580345154,0.6736318469047546,0.3124562203884125
YMR268W-A,YNL308C,1,,0.17837411165237427,0.674626886844635,0.3124562203884125
YGR159C,YDR450W,1,,0.17859020829200745,0.6756218671798706,0.3124562203884125
YKL143W,YBR247C,1,,0.17880620062351227,0.676616907119751,0.3124562203884125
YOR145C,YDR339C,1,,0.17902208864688873,0.6776119470596313,0.3124562203884125
YJL109C,YER074W,1,,0.17923784255981445,0.6786069869995117,0.3124562203884125
YPL126W,YCR055C,1,,0.17945349216461182,0.6796019673347473,0.3124562203884125
YDL148C,YDR064W,1,,0.17966903746128082,0.6805970072746277,0.3124562203884125
YJR002W,YCR055C,1,,0.17988444864749908,0.6815920472145081,0.3124562203884125
YBL004W,YPL239W,1,,0.18009977042675018,0.6825870871543884,0.3124562203884125
YHL015W,YOR056C,1,,0.18031495809555054,0.683582067489624,0.3124562203884125
YNL132W,YDL083C,1,,0.18053004145622253,0.6845771074295044,0.3124562203884125
YGR271C-A,YLL011W,1,,0.18074502050876617,0.6855721473693848,0.3124562203884125
YGR081C,YCR057C,1,,0.18095988035202026,0.6865671873092651,0.3124562203884125
YDL083C,YOR056C,1,,0.1811746209859848,0.6875621676445007,0.3124562203884125
YGR103W,YCL059C,1,,0.18138925731182098,0.6885572075843811,0.3124562203884125
YCR047C,YDL213C,1,,0.18160377442836761,0.6895522475242615,0.3124562203884125
YKL143W,YDL083C,1,,0.1818181872367859,0.6905472874641418,0.3124562203884125
YER074W,YLR409C,1,,0.1820324808359146,0.6915422677993774,0.3124562203884125
YGL120C,YDR337W,1,,0.18224665522575378,0.6925373077392578,0.3124562203884125
YDL148C,YPL012W,1,,0.1824607402086258,0.6935323476791382,0.3124562203884125
YML063W,YHR169W,1,,0.18267469108104706,0.6945273876190186,0.3124562203884125
YJL136C,YMR143W,1,,0.18288853764533997,0.6955223679542542,0.3124562203884125
YGR272C,YLR129W,1,,0.18310227990150452,0.6965174078941345,0.3124562203884125
YHR196W,YDR339C,1,,0.18331590294837952,0.6975124478340149,0.3124562203884125
YCR031C,YGR090W,1,,0.18352940678596497,0.6985074877738953,0.3124562203884125
YEL026W,YPL081W,1,,0.18374280631542206,0.6995024681091309,0.3124562203884125
YNL132W,YIL019W,1,,0.1839561015367508,0.7004975080490112,0.3124562203884125
YDR449C,YML093W,1,,0.18416927754878998,0.7014925479888916,0.3124562203884125
YJR002W,YDR449C,1,,0.1843823492527008,0.702487587928772,0.3124562203884125
YCR031C,YMR093W,1,,0.18459530174732208,0.7034825682640076,0.3124562203884125
YHR021C,YPL126W,1,,0.184808149933815,0.7044776082038879,0.3124562203884125
YJL136C,YBL072C,1,,0.18502087891101837,0.7054726481437683,0.3124562203884125
YGR090W,YMR093W,1,,0.18523350358009338,0.7064676880836487,0.3124562203884125
YHL015W,YOR310C,1,,0.18544600903987885,0.7074626684188843,0.3124562203884125
YHL015W,YLR003C,1,,0.18565841019153595,0.7084577083587646,0.3124562203884125
YPL239W,YDR025W,1,,0.1858706921339035,0.709452748298645,0.3124562203884125
YPL239W,YMR093W,1,,0.1860828846693039,0.7104477882385254,0.3124562203884125
YDR324C,YOR287C,1,,0.18629494309425354,0.711442768573761,0.3124562203884125
YNL132W,YLR435W,1,,0.18650689721107483,0.7124378085136414,0.3124562203884125
YCL031C,YJL069C,1,,0.18671874701976776,0.7134328484535217,0.3124562203884125
YDR025W,YER074W,1,,0.18693049252033234,0.7144278883934021,0.3124562203884125
YER102W,YPL081W,1,,0.18714211881160736,0.7154228687286377,0.3124562203884125
YNL308C,YGR159C,1,,0.18735362589359283,0.7164179086685181,0.3124562203884125
YCR047C,YLR441C,1,,0.18756504356861115,0.7174129486083984,0.3124562203884125
YIL069C,YDR064W,1,,0.1877763271331787,0.7184079885482788,0.3124562203884125
YJL010C,YGR103W,1,,0.1879875212907791,0.7194029688835144,0.3124562203884125
YDL148C,YLR068W,1,,0.18819859623908997,0.7203980088233948,0.3124562203884125
YDR447C,YDR324C,1,,0.18840956687927246,0.7213930487632751,0.3124562203884125
YDL153C,YCR055C,1,,0.1886204183101654,0.7223880887031555,0.3124562203884125
YMR268W-A,YKL082C,1,,0.18883116543293,0.7233830690383911,0.3124562203884125
YDL148C,YER102W,1,,0.18904180824756622,0.7243781089782715,0.3124562203884125
YKR057W,YAL026C,1,,0.1892523318529129,0.7253731489181519,0.3124562203884125
YPL126W,YDR064W,1,,0.18946275115013123,0.7263681888580322,0.3124562203884125
YCR031C,YLR435W,1,,0.1896730661392212,0.7273631691932678,0.3124562203884125
YLR222C,YOR056C,1,,0.1898832619190216,0.7283582091331482,0.3124562203884125
YKR060W,YAL026C,1,,0.19009336829185486,0.7293532490730286,0.3124562203884125
YEL026W,YPL126W,1,,0.19030334055423737,0.7303482294082642,0.3124562203884125
YDR025W,YNL302C,1,,0.1905132234096527,0.7313432693481445,0.3124562203884125
YIL069C,YDL166C,1,,0.1907229870557785,0.7323383092880249,0.3124562203884125
YJL191W,YNL302C,1,,0.19093264639377594,0.7333333492279053,0.3124562203884125
YKR060W,YML024W,1,,0.19114218652248383,0.7343283295631409,0.3124562203884125
YJL010C,YMR268W-A,1,,0.19135163724422455,0.7353233695030212,0.3124562203884125
YGR103W,YLR003C,1,,0.19156096875667572,0.7363184094429016,0.3124562203884125
YDR447C,YBR189W,1,,0.19177018105983734,0.737313449382782,0.3124562203884125
YGR103W,YOR004W,1,,0.1919793039560318,0.7383084297180176,0.3124562203884125
YKL143W,YLR048W,1,,0.1921883076429367,0.739303469657898,0.3124562203884125
YHR021C,YER074W,1,,0.19239720702171326,0.7402985095977783,0.3124562203884125
YLR222C,YDR398W,1,,0.19260600209236145,0.7412935495376587,0.3124562203884125
YPR144C,YLR129W,1,,0.1928146779537201,0.7422885298728943,0.3124562203884125
YAL026C,YDR025W,1,,0.19302324950695038,0.7432835698127747,0.3124562203884125
YKL082C,YBR247C,1,,0.1932317167520523,0.744278609752655,0.3124562203884125
YGR271C-A,YDL083C,1,,0.19344007968902588,0.7452736496925354,0.3124562203884125
YMR268W-A,YBR247C,1,,0.1936483383178711,0.746268630027771,0.3124562203884125
YPL126W,YCL059C,1,,0.19385647773742676,0.7472636699676514,0.3124562203884125
YLR435W,YPL090C,1,,0.19406451284885406,0.7482587099075317,0.3124562203884125
YMR229C,YPL239W,1,,0.19427244365215302,0.7492537498474121,0.3124562203884125
YLR048W,YDR337W,1,,0.1944802701473236,0.7502487301826477,0.3124562203884125
YPL239W,YLR409C,1,,0.19468797743320465,0.7512437701225281,0.3124562203884125
YML024W,YIL069C,1,,0.19489559531211853,0.7522388100624084,0.3124562203884125
YDR025W,YPL090C,1,,0.19510309398174286,0.7532338500022888,0.3124562203884125
YDR398W,YNL302C,1,,0.19531048834323883,0.7542288303375244,0.3124562203884125
YLR192C,YGR272C,1,,0.19551777839660645,0.7552238702774048,0.3124562203884125
YOL121C,YER082C,1,,0.1957249492406845,0.7562189102172852,0.3124562203884125
YLR048W,YPL090C,1,,0.1959320306777954,0.7572139501571655,0.3124562203884125
YDL148C,YKL099C,1,,0.19613899290561676,0.7582089304924011,0.3124562203884125
YHL015W,YJL069C,1,,0.19634585082530975,0.7592039704322815,0.3124562203884125
YJL191W,YGR251W,1,,0.1965526044368744,0.7601990103721619,0.3124562203884125
YBL004W,YLR003C,1,,0.19675925374031067,0.7611940503120422,0.3124562203884125
YBL004W,YJL191W,1,,0.1969657987356186,0.7621890306472778,0.3124562203884125
YLR167W,YDL083C,1,,0.19717223942279816,0.7631840705871582,0.3124562203884125
YDR449C,YGR128C,1,,0.19737856090068817,0.7641791105270386,0.3124562203884125
YGR214W,YIL069C,1,,0.19758479297161102,0.765174150466919,0.3124562203884125
YKR057W,YLR003C,1,,0.19779090583324432,0.7661691308021545,0.3124562203884125
YPL239W,YLR048W,1,,0.19799691438674927,0.7671641707420349,0.3124562203884125
YMR229C,YLR441C,1,,0.19820281863212585,0.7681592106819153,0.3124562203884125
YOL010W,YGR081C,1,,0.19840861856937408,0.7691542506217957,0.3124562203884125
YDL213C,YER074W,1,,0.19861431419849396,0.7701492309570312,0.3124562203884125
YJR002W,YOR004W,1,,0.19881990551948547,0.7711442708969116,0.3124562203884125
YOR145C,YKL082C,1,,0.19902539253234863,0.772139310836792,0.3124562203884125
YDR339C,YOR287C,1,,0.19923077523708344,0.7731343507766724,0.3124562203884125
YDR449C,YLR051C,1,,0.1994360387325287,0.774129331111908,0.3124562203884125
YOR310C,YDR449C,1,,0.19964121282100677,0.7751243710517883,0.3124562203884125
YGR271C-A,YGR251W,1,,0.1998462677001953,0.7761194109916687,0.3124562203884125
YHL015W,YOR145C,1,,0.2000512331724167,0.7771144509315491,0.3124562203884125
YMR143W,YLR048W,1,,0.2002560794353485,0.7781094312667847,0.3124562203884125
YLR186W,YCR058C,1,,0.20046083629131317,0.779104471206665,0.3124562203884125
YDL153C,YPR112C,1,,0.20066547393798828,0.7800995111465454,0.3124562203884125
YCL031C,YMR093W,1,,0.20087000727653503,0.7810945510864258,0.3124562203884125
YJR002W,YAL026C,1,,0.20107443630695343,0.7820895314216614,0.3124562203884125
YOL121C,YGR251W,1,,0.20127877593040466,0.7830845713615417,0.3124562203884125
YGR271C-A,YPR144C,1,,0.20148299634456635,0.7840796113014221,0.3124562203884125
YCR055C,YPL090C,1,,0.20168711245059967,0.7850746512413025,0.3124562203884125
YKL082C,YPR112C,1,,0.20189113914966583,0.7860696315765381,0.3124562203884125
YBR189W,YLR222C,1,,0.20209504663944244,0.7870646715164185,0.3124562203884125
YCL059C,YDR337W,1,,0.2022988498210907,0.7880597114562988,0.3124562203884125
YKL156W,YGR128C,1,,0.2025025486946106,0.7890547513961792,0.3124562203884125
YGL120C,YML024W,1,,0.20270615816116333,0.7900497317314148,0.3124562203884125
YGR271C-A,YMR143W,1,,0.2029096484184265,0.7910447716712952,0.3124562203884125
YCR047C,YJL109C,1,,0.20311303436756134,0.7920398116111755,0.3124562203884125
YCL031C,YGR128C,1,,0.203316330909729,0.7930348515510559,0.3124562203884125
YML026C,YOR287C,1,,0.20351950824260712,0.7940298318862915,0.3124562203884125
YER082C,YCR058C,1,,0.20372259616851807,0.7950248718261719,0.3124562203884125
YML024W,YLR409C,1,,0.20392556488513947,0.7960199117660522,0.3124562203884125
YDL213C,YDR025W,1,,0.2041284441947937,0.7970149517059326,0.3124562203884125
YKL082C,YDR449C,1,,0.2043312042951584,0.7980099320411682,0.3124562203884125
YOR310C,YDR064W,1,,0.2045338749885559,0.7990049719810486,0.3124562203884125
YDL148C,YBR189W,1,,0.20473644137382507,0.800000011920929,0.3124562203884125
YCL059C,YDR339C,1,,0.20493890345096588,0.8009950518608093,0.3124562203884125
YKR057W,YML024W,1,,0.20514126121997833,0.8019900321960449,0.3124562203884125
YPL204W,YDR449C,1,,0.20534351468086243,0.8029850721359253,0.3124562203884125
YNL132W,YBR181C,1,,0.20554566383361816,0.8039801120758057,0.3124562203884125
YKR060W,YLR048W,1,,0.20574770867824554,0.804975152015686,0.3124562203884125
YOR119C,YLR003C,1,,0.20594966411590576,0.8059701323509216,0.3124562203884125
YHL015W,YGR159C,1,,0.20615150034427643,0.806965172290802,0.3124562203884125
YGR103W,YCR057C,1,,0.20635324716567993,0.8079602122306824,0.3124562203884125
YNR054C,YDR449C,1,,0.20655487477779388,0.8089552521705627,0.3124562203884125
YHR196W,YKL156W,1,,0.20675641298294067,0.8099502325057983,0.3124562203884125
YCL031C,YML024W,1,,0.2069578468799591,0.8109452724456787,0.3124562203884125
YCR047C,YPL126W,1,,0.20715917646884918,0.8119403123855591,0.3124562203884125
YDL083C,YLR409C,1,,0.2073604017496109,0.8129353523254395,0.3124562203884125
YGR214W,YDL083C,1,,0.20756153762340546,0.813930332660675,0.3124562203884125
YLR435W,YLR409C,1,,0.20776255428791046,0.8149253726005554,0.3124562203884125
YDR064W,YLR003C,1,,0.2079634815454483,0.8159204125404358,0.3124562203884125
YOR078W,YER082C,1,,0.2081643044948578,0.8169154524803162,0.3124562203884125
YLR167W,YPL081W,1,,0.20836502313613892,0.8179104328155518,0.3124562203884125
YKR057W,YDL166C,1,,0.2085656374692917,0.8189054727554321,0.3124562203884125
YPL204W,YOR004W,1,,0.2087661474943161,0.8199005126953125,0.3124562203884125
YDL153C,YDR398W,1,,0.20896656811237335,0.8208954930305481,0.3124562203884125
YKR057W,YIL019W,1,,0.20916688442230225,0.8218905329704285,0.3124562203884125
YGR271C-A,YGR159C,1,,0.2093670815229416,0.8228855729103088,0.3124562203884125
YDL166C,YOR056C,1,,0.20956720411777496,0.8238806128501892,0.3124562203884125
YHR021C,YGR128C,1,,0.2097672075033188,0.8248755931854248,0.3124562203884125
YGR103W,YBR189W,1,,0.20996710658073425,0.8258706331253052,0.3124562203884125
YPR144C,YLR409C,1,,0.21016691625118256,0.8268656730651855,0.3124562203884125
YOR078W,YGR128C,1,,0.2103666216135025,0.8278607130050659,0.3124562203884125
YEL026W,YLR409C,1,,0.2105662226676941,0.8288556933403015,0.3124562203884125
YHR169W,YLR409C,1,,0.21076573431491852,0.8298507332801819,0.3124562203884125
YBR181C,YCL059C,1,,0.2109651267528534,0.8308457732200623,0.3124562203884125
YHR196W,YDR025W,1,,0.2111644297838211,0.8318408131599426,0.3124562203884125
YCR057C,YDR324C,1,,0.21136364340782166,0.8328357934951782,0.3124562203884125
YJR002W,YMR229C,1,,0.21156273782253265,0.8338308334350586,0.3124562203884125
YDR337W,YDR450W,1,,0.2117617428302765,0.834825873374939,0.3124562203884125
YEL026W,YDR449C,1,,0.21196062862873077,0.8358209133148193,0.3124562203884125
YGR103W,YBR048W,1,,0.2121594399213791,0.8368158936500549,0.3124562203884125
YNL132W,YBL072C,1,,0.21235813200473785,0.8378109335899353,0.3124562203884125
YOL121C,YDR450W,1,,0.21255673468112946,0.8388059735298157,0.3124562203884125
YDL148C,YNR054C,1,,0.2127552330493927,0.839801013469696,0.3124562203884125
YHR169W,YKR060W,1,,0.2129536271095276,0.8407959938049316,0.3124562203884125
YGL120C,YMR269W,1,,0.2131519317626953,0.841791033744812,0.3124562203884125
YNR054C,YNL302C,1,,0.21335013210773468,0.8427860736846924,0.3124562203884125
YDL213C,YIL069C,1,,0.2135482281446457,0.8437811136245728,0.3124562203884125
YDL148C,YDR398W,1,,0.21374621987342834,0.8447760939598083,0.3124562203884125
YHR021C,YDL166C,1,,0.21394412219524384,0.8457711338996887,0.3124562203884125
YHR169W,YLR441C,1,,0.21414192020893097,0.8467661738395691,0.3124562203884125
YGR118W,YOR310C,1,,0.21433962881565094,0.8477612137794495,0.3124562203884125
YOR056C,YDR337W,1,,0.21453721821308136,0.8487561941146851,0.3124562203884125
YDL153C,YIL069C,1,,0.21473471820354462,0.8497512340545654,0.3124562203884125
YJL109C,YLR003C,1,,0.2149321287870407,0.8507462739944458,0.3124562203884125
YBL004W,YGR159C,1,,0.21512943506240845,0.8517413139343262,0.3124562203884125
YOL010W,YPR132W,1,,0.21532663702964783,0.8527362942695618,0.3124562203884125
YOR119C,YDR025W,1,,0.21552373468875885,0.8537313342094421,0.3124562203884125
YOL121C,YPL239W,1,,0.2157207429409027,0.8547263741493225,0.3124562203884125
YLR186W,YGR090W,1,,0.2159176468849182,0.8557214140892029,0.3124562203884125
YGR103W,YDR324C,1,,0.21611446142196655,0.8567163944244385,0.3124562203884125
YGR214W,YOR004W,1,,0.21631117165088654,0.8577114343643188,0.3124562203884125
YCR031C,YLR051C,1,,0.21650777757167816,0.8587064743041992,0.3124562203884125
YPL012W,YGR090W,1,,0.21670429408550262,0.8597015142440796,0.3124562203884125
YDR324C,YDR398W,1,,0.21690070629119873,0.8606964945793152,0.3124562203884125
YCR031C,YGR272C,1,,0.21709701418876648,0.8616915345191956,0.3124562203884125
YNL207W,YLR048W,1,,0.21729323267936707,0.8626865744590759,0.3124562203884125
YMR093W,YPR144C,1,,0.2174893468618393,0.8636816143989563,0.3124562203884125
YDL148C,YJL191W,1,,0.21768537163734436,0.8646765947341919,0.3124562203884125
YJL069C,YBL072C,1,,0.21788129210472107,0.8656716346740723,0.3124562203884125
YGR271C-A,YDL148C,1,,0.21807710826396942,0.8666666746139526,0.3124562203884125
YEL026W,YDR064W,1,,0.2182728350162506,0.867661714553833,0.3124562203884125
YER102W,YDR025W,1,,0.21846847236156464,0.8686566948890686,0.3124562203884125
YOL010W,YJL191W,1,,0.2186640053987503,0.869651734828949,0.3124562203884125
YHR021C,YDR337W,1,,0.21885943412780762,0.8706467747688293,0.3124562203884125
YPL012W,YBR048W,1,,0.21905475854873657,0.8716418147087097,0.3124562203884125
YGR271C-A,YER074W,1,,0.21924999356269836,0.8726367950439453,0.3124562203884125
YDR447C,YHR169W,1,,0.219445139169693,0.8736318349838257,0.3124562203884125
YLL011W,YBL072C,1,,0.21964018046855927,0.874626874923706,0.3124562203884125
YOR078W,YGR159C,1,,0.21983511745929718,0.8756219148635864,0.3124562203884125
YBR189W,YPR144C,1,,0.22002996504306793,0.876616895198822,0.3124562203884125
YOR287C,YDR450W,1,,0.22022472321987152,0.8776119351387024,0.3124562203884125
YER102W,YOL121C,1,,0.22041937708854675,0.8786069750785828,0.3124562203884125
YDL153C,YAL026C,1,,0.22061392664909363,0.8796020150184631,0.3124562203884125
YML063W,YDR324C,1,,0.22080838680267334,0.8805969953536987,0.3124562203884125
YJL109C,YJL136C,1,,0.2210027426481247,0.8815920352935791,0.3124562203884125
YDR449C,YDL083C,1,,0.2211970090866089,0.8825870752334595,0.3124562203884125
YGR118W,YJR002W,1,,0.22139117121696472,0.8835821151733398,0.3124562203884125
YKL143W,YLR192C,1,,0.2215852439403534,0.8845770955085754,0.3124562203884125
YKL099C,YLR129W,1,,0.2217792123556137,0.8855721354484558,0.3124562203884125
YNL207W,YMR268W-A,1,,0.22197309136390686,0.8865671753883362,0.3124562203884125
YGR103W,YGR251W,1,,0.22216688096523285,0.8875622153282166,0.3124562203884125
YCR058C,YDR398W,1,,0.2223605513572693,0.8885571956634521,0.3124562203884125
YCR047C,YLR222C,1,,0.22255414724349976,0.8895522356033325,0.3124562203884125
YGR081C,YNL308C,1,,0.22274763882160187,0.8905472755432129,0.3124562203884125
YKL156W,YMR269W,1,,0.22294102609157562,0.8915423154830933,0.3124562203884125
YMR229C,YOL121C,1,,0.22313432395458221,0.8925372958183289,0.3124562203884125
YJL136C,YOR145C,1,,0.22332753241062164,0.8935323357582092,0.3124562203884125
YCR031C,YOR078W,1,,0.22352063655853271,0.8945273756980896,0.3124562203884125
YGR103W,YMR268W-A,1,,0.22371365129947662,0.89552241563797,0.3124562203884125
YPL204W,YKL156W,1,,0.22390656173229218,0.8965173959732056,0.3124562203884125
YCR057C,YPL204W,1,,0.22409938275814056,0.8975124359130859,0.3124562203884125
YAL026C,YDR449C,1,,0.2242920994758606,0.8985074758529663,0.3124562203884125
YBR247C,YOR004W,1,,0.22448472678661346,0.8995025157928467,0.3124562203884125
YGR271C-A,YDR339C,1,,0.22467726469039917,0.9004974961280823,0.3124562203884125
YPR132W,YLR003C,1,,0.22486969828605652,0.9014925360679626,0.3124562203884125
YHR169W,YML024W,1,,0.2250620275735855,0.902487576007843,0.3124562203884125
YML093W,YPL090C,1,,0.22525428235530853,0.9034826159477234,0.3124562203884125
YOR287C,YLR129W,1,,0.2254464328289032,0.904477596282959,0.3124562203884125
YJL069C,YOR056C,1,,0.2256384789943695,0.9054726362228394,0.3124562203884125
YBL072C,YML093W,1,,0.22583043575286865,0.9064676761627197,0.3124562203884125
YKR060W,YOR004W,1,,0.22602230310440063,0.9074627161026001,0.3124562203884125
YNR054C,YKL099C,1,,0.22621406614780426,0.9084576964378357,0.3124562203884125
YGR214W,YOR056C,1,,0.22640573978424072,0.9094527363777161,0.3124562203884125
YER102W,YGR090W,1,,0.22659732401371002,0.9104477763175964,0.3124562203884125
YKL082C,YDR339C,1,,0.22678880393505096,0.911442756652832,0.3124562203884125
YKL143W,YDL153C,1,,0.22698019444942474,0.9124377965927124,0.3124562203884125
YLL011W,YLR167W,1,,0.22717149555683136,0.9134328365325928,0.3124562203884125
YNL308C,YGR251W,1,,0.22736269235610962,0.9144278764724731,0.3124562203884125
YJL191W,YER074W,1,,0.22755379974842072,0.9154228568077087,0.3124562203884125
YCR055C,YER082C,1,,0.22774480283260345,0.9164178967475891,0.3124562203884125
YLR048W,YDR450W,1,,0.22793571650981903,0.9174129366874695,0.3124562203884125
YPR132W,YCR055C,1,,0.22812654078006744,0.9184079766273499,0.3124562203884125
YPL239W,YCR055C,1,,0.2283172756433487,0.9194029569625854,0.3124562203884125
YLR068W,YGR090W,1,,0.2285079061985016,0.9203979969024658,0.3124562203884125
YMR143W,YDR337W,1,,0.22869844734668732,0.9213930368423462,0.3124562203884125
YPL081W,YLR409C,1,,0.2288888841867447,0.9223880767822266,0.3124562203884125
YBR048W,YDR398W,1,,0.2290792465209961,0.9233830571174622,0.3124562203884125
YLR186W,YLR003C,1,,0.22926948964595795,0.9243780970573425,0.3124562203884125
YKL156W,YOR056C,1,,0.22945965826511383,0.9253731369972229,0.3124562203884125
YCR047C,YCR055C,1,,0.22964972257614136,0.9263681769371033,0.3124562203884125
YOR145C,YGR251W,1,,0.22983969748020172,0.9273631572723389,0.3124562203884125
YPL081W,YLR435W,1,,0.23002958297729492,0.9283581972122192,0.3124562203884125
YMR229C,YKL099C,1,,0.23021937906742096,0.9293532371520996,0.3124562203884125
YKL143W,YPR112C,1,,0.23040907084941864,0.93034827709198,0.3124562203884125
YCR047C,YLR409C,1,,0.23059867322444916,0.9313432574272156,0.3124562203884125
YEL026W,YML026C,1,,0.23078817129135132,0.932338297367096,0.3124562203884125
YOR078W,YDR324C,1,,0.2309775948524475,0.9333333373069763,0.3124562203884125
YJL136C,YPL081W,1,,0.23116691410541534,0.9343283772468567,0.3124562203884125
YGR081C,YER082C,1,,0.23135614395141602,0.9353233575820923,0.3124562203884125
YML026C,YBL072C,1,,0.23154526948928833,0.9363183975219727,0.3124562203884125
YGR214W,YER082C,1,,0.23173432052135468,0.937313437461853,0.3124562203884125
YPL081W,YKL156W,1,,0.23192326724529266,0.9383084774017334,0.3124562203884125
YGR118W,YAL026C,1,,0.2321121245622635,0.939303457736969,0.3124562203884125
YMR143W,YDR450W,1,,0.23230087757110596,0.9402984976768494,0.3124562203884125
YCR047C,YBR247C,1,,0.23248955607414246,0.9412935376167297,0.3124562203884125
YJL109C,YKR057W,1,,0.2326781302690506,0.9422885775566101,0.3124562203884125
YHL015W,YOL121C,1,,0.23286661505699158,0.9432835578918457,0.3124562203884125
YER074W,YLR129W,1,,0.2330550104379654,0.9442785978317261,0.3124562203884125
YCR057C,YBR247C,1,,0.23324331641197205,0.9452736377716064,0.3124562203884125
YLL011W,YLR003C,1,,0.23343151807785034,0.9462686777114868,0.3124562203884125
YBR048W,YIL019W,1,,0.23361963033676147,0.9472636580467224,0.3124562203884125
YKR060W,YDL083C,1,,0.23380765318870544,0.9482586979866028,0.3124562203884125
YKL082C,YDR025W,1,,0.23399558663368225,0.9492537379264832,0.3124562203884125
YGR081C,YDR398W,1,,0.2341834306716919,0.9502487778663635,0.3124562203884125
YGL120C,YJL069C,1,,0.23437117040157318,0.9512437582015991,0.3124562203884125
YPL204W,YPR144C,1,,0.2345588207244873,0.9522387981414795,0.3124562203884125
YLR048W,YCR058C,1,,0.23474638164043427,0.9532338380813599,0.3124562203884125
YDL153C,YPL081W,1,,0.23493385314941406,0.9542288780212402,0.3124562203884125
YNL207W,YIL019W,1,,0.2351212352514267,0.9552238583564758,0.3124562203884125
YGR118W,YPL090C,1,,0.23530852794647217,0.9562188982963562,0.3124562203884125
YLR435W,YML093W,1,,0.23549571633338928,0.9572139382362366,0.3124562203884125
YLR051C,YDR339C,1,,0.23568281531333923,0.9582089781761169,0.3124562203884125
YLR186W,YLR051C,1,,0.23586982488632202,0.9592039585113525,0.3124562203884125
YDL213C,YLR409C,1,,0.23605674505233765,0.9601989984512329,0.3124562203884125
YHR196W,YOR287C,1,,0.2362435758113861,0.9611940383911133,0.3124562203884125
YJL010C,YPL090C,1,,0.2364303171634674,0.9621890783309937,0.3124562203884125
YLR068W,YIL019W,1,,0.23661696910858154,0.9631840586662292,0.3124562203884125
YHL015W,YLR051C,1,,0.23680351674556732,0.9641790986061096,0.3124562203884125
YHR021C,YER102W,1,,0.23698998987674713,0.96517413854599,0.3124562203884125
YGR103W,YPR112C,1,,0.23717635869979858,0.9661691784858704,0.3124562203884125
YGR103W,YPL126W,1,,0.23736263811588287,0.967164158821106,0.3124562203884125
YBL072C,YBR189W,1,,0.237548828125,0.9681591987609863,0.3124562203884125
YPL081W,YGR128C,1,,0.23773492872714996,0.9691542387008667,0.3124562203884125
YKL143W,YJL069C,1,,0.23792093992233276,0.9701492786407471,0.3124562203884125
YJL109C,YMR268W-A,1,,0.2381068617105484,0.9711442589759827,0.3124562203884125
YJR002W,YLR003C,1,,0.23829267919063568,0.972139298915863,0.3124562203884125
YJL010C,YBR247C,1,,0.238478422164917,0.9731343388557434,0.3124562203884125
YDL148C,YDR447C,1,,0.23866406083106995,0.9741293787956238,0.3124562203884125
YDR449C,YLR222C,1,,0.23884962499141693,0.9751243591308594,0.3124562203884125
YDR025W,YBR181C,1,,0.23903508484363556,0.9761193990707397,0.3124562203884125
YOL121C,YLR051C,1,,0.23922047019004822,0.9771144390106201,0.3124562203884125
YOR056C,YML093W,1,,0.23940575122833252,0.9781094789505005,0.3124562203884125
YLR192C,YGR090W,1,,0.23959094285964966,0.9791044592857361,0.3124562203884125
YOR119C,YKL156W,1,,0.23977604508399963,0.9800994992256165,0.3124562203884125
YOR310C,YLR409C,1,,0.23996105790138245,0.9810945391654968,0.3124562203884125
YDL213C,YPL090C,1,,0.2401459813117981,0.9820895791053772,0.3124562203884125
YPR132W,YKL156W,1,,0.24033081531524658,0.9830845594406128,0.3124562203884125
YLL011W,YDL083C,1,,0.2405155599117279,0.9840795993804932,0.3124562203884125
YML026C,YBR189W,1,,0.24070021510124207,0.9850746393203735,0.3124562203884125
YJR002W,YCR031C,1,,0.24088478088378906,0.9860696792602539,0.3124562203884125
YIL069C,YOR056C,1,,0.2410692572593689,0.9870646595954895,0.3124562203884125
YBL004W,YDR064W,1,,0.24125364422798157,0.9880596995353699,0.3124562203884125
YLR441C,YNR054C,1,,0.24143794178962708,0.9890547394752502,0.3124562203884125
YLL011W,YHR021C,1,,0.24162214994430542,0.9900497794151306,0.3124562203884125
YGR214W,YLR186W,1,,0.2418062686920166,0.9910447597503662,0.3124562203884125
YHR021C,YLR068W,1,,0.24199029803276062,0.9920397996902466,0.3124562203884125
YHR196W,YGR128C,1,,0.24217422306537628,0.993034839630127,0.3124562203884125
YPR144C,YER074W,1,,0.24235807359218597,0.9940298795700073,0.3124562203884125
YPL081W,YDR337W,1,,0.2425418347120285,0.9950248599052429,0.3124562203884125
YEL026W,YIL019W,1,,0.24272550642490387,0.9960198998451233,0.3124562203884125
YPL147W,YGL151W,0,,0.24266666173934937,0.9960198998451233,0.31255626678466797
YDL202W,YER058W,0,,0.24260784685611725,0.9960198998451233,0.31265634298324585
YDR496C,YGL083W,0,,0.24254906177520752,0.9960198998451233,0.31275638937950134
YLR333C,YLR362W,0,,0.24249030649662018,0.9960198998451233,0.31285643577575684
YMR075W,YGR256W,0,,0.24243158102035522,0.9960198998451233,0.31295648217201233
YPR026W,YDL211C,0,,0.24237288534641266,0.9960198998451233,0.3130565285682678
YPR094W,YGR276C,0,,0.2423142045736313,0.9960198998451233,0.3131565749645233
YNL032W,YBL028C,0,,0.2422555685043335,0.9960198998451233,0.3132566213607788
YML062C,YKR022C,0,,0.2421969473361969,0.9960198998451233,0.3133566677570343
YKR057W,YPL132W,0,,0.24213837087154388,0.9960198998451233,0.3134567141532898
YBR093C,YCL044C,0,,0.24207980930805206,0.9960198998451233,0.3135567903518677
YLR440C,YOR007C,0,,0.24202127754688263,0.9960198998451233,0.31365683674812317
YGR128C,YJL116C,0,,0.24196277558803558,0.9960198998451233,0.31375688314437866
YDR304C,YLL040C,0,,0.24190430343151093,0.9960198998451233,0.31385692954063416
YDL232W,YLR268W,0,,0.24184586107730865,0.9960198998451233,0.31395697593688965
YJL168C,YPL053C,0,,0.24178743362426758,0.9960198998451233,0.31405702233314514
YBR187W,YML029W,0,,0.24172905087471008,0.9960198998451233,0.31415706872940063
YCR093W,YHR214W,0,,0.24167069792747498,0.9960198998451233,0.31425711512565613
YGL077C,YLR307W,0,,0.24161235988140106,0.9960198998451233,0.314357191324234
YPR201W,YHR082C,0,,0.24155405163764954,0.9960198998451233,0.3144572377204895
YDL207W,YFR019W,0,,0.2414957731962204,0.9960198998451233,0.314557284116745
YPR187W,YGL127C,0,,0.24143752455711365,0.9960198998451233,0.3146573305130005
YNL054W,YMR079W,0,,0.24137930572032928,0.9960198998451233,0.314757376909256
YDL003W,YPL058C,0,,0.2413211166858673,0.9960198998451233,0.3148574233055115
YOR190W,YFL018C,0,,0.24126295745372772,0.9960198998451233,0.31495746970176697
YLR210W,YGR227W,0,,0.24120481312274933,0.9960198998451233,0.31505751609802246
YLR181C,YMR236W,0,,0.24114671349525452,0.9960198998451233,0.31515759229660034
YDL211C,YDR365W-B,0,,0.2410886287689209,0.9960198998451233,0.31525763869285583
YER171W,YJR046W,0,,0.24103057384490967,0.9960198998451233,0.31535768508911133
YOR095C,YIL009W,0,,0.24097256362438202,0.9960198998451233,0.3154577314853668
YLR316C,YKL189W,0,,0.24091455340385437,0.9960198998451233,0.3155577778816223
YOL088C,YOR171C,0,,0.2408565878868103,0.9960198998451233,0.3156578242778778
YKR025W,YOR188W,0,,0.24079865217208862,0.9960198998451233,0.3157578706741333
YKL168C,YOR378W,0,,0.24074074625968933,0.9960198998451233,0.3158579170703888
YNR023W,YOR065W,0,,0.24068285524845123,0.9960198998451233,0.3159579932689667
YNL133C,YJL138C,0,,0.24062499403953552,0.9960198998451233,0.31605803966522217
YLR411W,YJR051W,0,,0.2405671775341034,0.9960198998451233,0.31615808606147766
YPR094W,YLR220W,0,,0.24050937592983246,0.9960198998451233,0.31625813245773315
YOL076W,YLR203C,0,,0.2404516041278839,0.9960198998451233,0.31635817885398865
YGL224C,YMR065W,0,,0.24039384722709656,0.9960198998451233,0.31645822525024414
YJL206C,YLL042C,0,,0.24033613502979279,0.9960198998451233,0.31655827164649963
YIL035C,YDL209C,0,,0.2402784377336502,0.9960198998451233,0.3166583180427551
YGL241W,YBR093C,0,,0.2402207851409912,0.9960198998451233,0.3167583644390106
YJL026W,YIL038C,0,,0.2401631474494934,0.9960198998451233,0.3168584406375885
YPL027W,YIL087C,0,,0.240105539560318,0.9960198998451233,0.316958487033844
YPL115C,YOR360C,0,,0.24004796147346497,0.9960198998451233,0.3170585334300995
YBR089C-A,YKL082C,0,,0.23999041318893433,0.9960198998451233,0.317158579826355
YKR092C,YNL283C,0,,0.23993287980556488,0.9960198998451233,0.3172586262226105
YPL020C,YBR128C,0,,0.23987539112567902,0.9960198998451233,0.31735867261886597
YOR019W,YDL193W,0,,0.23981791734695435,0.9960198998451233,0.31745871901512146
YBR045C,YDR153C,0,,0.23976047337055206,0.9960198998451233,0.31755876541137695
YNR056C,YDR210W-A,0,,0.23970305919647217,0.9960198998451233,0.31765884160995483
YER118C,YNR026C,0,,0.23964567482471466,0.9960198998451233,0.3177588880062103
YDR210C-C,YNR018W,0,,0.23958832025527954,0.9960198998451233,0.3178589344024658
YJR026W,YOR297C,0,,0.2395309954881668,0.9960198998451233,0.3179589807987213
YHR152W,YIL010W,0,,0.23947368562221527,0.9960198998451233,0.3180590271949768
YLL040C,YOR329C,0,,0.23941640555858612,0.9960198998451233,0.3181590735912323
YLR034C,YNL220W,0,,0.23935915529727936,0.9960198998451233,0.3182591199874878
YCL027C-A,YHR170W,0,,0.23930193483829498,0.9960198998451233,0.3183591663837433
YLR460C,YDL189W,0,,0.239244744181633,0.9960198998451233,0.31845924258232117
YKL220C,YKR065C,0,,0.2391875684261322,0.9960198998451233,0.31855928897857666
YCL035C,YDR411C,0,,0.239130437374115,0.9960198998451233,0.31865933537483215
YBR171W,YOR316C,0,,0.23907332122325897,0.9960198998451233,0.31875938177108765
YGR098C,YJL111W,0,,0.23901623487472534,0.9960198998451233,0.31885942816734314
YDR020C,YIR010W,0,,0.2389591783285141,0.9960198998451233,0.31895947456359863
YJR041C,YEL004W,0,,0.23890215158462524,0.9960198998451233,0.3190595209598541
YMR192W,YMR200W,0,,0.23884513974189758,0.9960198998451233,0.3191595673561096
YFL034C-B,YMR099C,0,,0.2387881726026535,0.9960198998451233,0.3192596435546875
YJR034W,YJL133C-A,0,,0.23873122036457062,0.9960198998451233,0.319359689950943
YOR344C,YJL139C,0,,0.23867429792881012,0.9960198998451233,0.3194597363471985
YCR097W,YBR288C,0,,0.238617405295372,0.9960198998451233,0.319559782743454
YNL080C,YMR114C,0,,0.2385605275630951,0.9960198998451233,0.3196598291397095
YMR309C,YLR453C,0,,0.23850369453430176,0.9960198998451233,0.31975987553596497
YOR307C,YPL171C,0,,0.23844687640666962,0.9960198998451233,0.31985992193222046
YMR061W,YNL111C,0,,0.23839008808135986,0.9960198998451233,0.31995996832847595
YKR101W,YLR234W,0,,0.2383333295583725,0.9960198998451233,0.32006004452705383
YBL072C,YEL027W,0,,0.23827660083770752,0.9960198998451233,0.3201600909233093
YIL052C,YDL235C,0,,0.23821990191936493,0.9960198998451233,0.3202601373195648
YHR110W,YJL127C,0,,0.23816321790218353,0.9960198998451233,0.3203601837158203
YKL176C,YOR210W,0,,0.23810656368732452,0.9960198998451233,0.3204602301120758
YMR243C,YJR131W,0,,0.2380499392747879,0.9960198998451233,0.3205602765083313
YKL026C,YHR032W,0,,0.23799334466457367,0.9960198998451233,0.3206603229045868
YER124C,YOR360C,0,,0.23793676495552063,0.9960198998451233,0.3207603693008423
YMR176W,YGR252W,0,,0.23788022994995117,0.9960198998451233,0.3208604156970978
YER071C,YJR149W,0,,0.2378237098455429,0.9960198998451233,0.32096049189567566
YKL007W,YDR041W,0,,0.23776721954345703,0.9960198998451233,0.32106053829193115
YNL178W,YHR108W,0,,0.23771075904369354,0.9960198998451233,0.32116058468818665
YML028W,YDL232W,0,,0.23765432834625244,0.9960198998451233,0.32126063108444214
YLR264W,YMR001C,0,,0.23759791254997253,0.9960198998451233,0.32136067748069763
YCR083W,YPR175W,0,,0.23754152655601501,0.9960198998451233,0.3214607238769531
YPL040C,YCR031C,0,,0.23748517036437988,0.9960198998451233,0.3215607702732086
YEL062W,YNL225C,0,,0.23742884397506714,0.9960198998451233,0.3216608166694641
YKL051W,YPL112C,0,,0.2373725324869156,0.9960198998451233,0.321760892868042
YOR191W,YNL287W,0,,0.23731626570224762,0.9960198998451233,0.3218609392642975
YLR033W,YHR098C,0,,0.23726001381874084,0.9960198998451233,0.321960985660553
YPR008W,YHR047C,0,,0.23720379173755646,0.9960198998451233,0.32206103205680847
YDL226C,YLL012W,0,,0.23714759945869446,0.9960198998451233,0.32216107845306396
YDL091C,YPL079W,0,,0.23709142208099365,0.9960198998451233,0.32226112484931946
YLR340W,YKL006C-A,0,,0.23703528940677643,0.9960198998451233,0.32236117124557495
YMR134W,YLR035C,0,,0.2369791716337204,0.9960198998451233,0.32246121764183044
YGL032C,YNL225C,0,,0.23692308366298676,0.9960198998451233,0.3225612938404083
YGR032W,YLR298C,0,,0.2368670105934143,0.9960198998451233,0.3226613402366638
YDL074C,YGL078C,0,,0.23681098222732544,0.9960198998451233,0.3227613866329193
YNL154C,YIR013C,0,,0.23675496876239777,0.9960198998451233,0.3228614330291748
YGL234W,YJL012C,0,,0.23669898509979248,0.9960198998451233,0.3229614794254303
YKR045C,YJL186W,0,,0.23664303123950958,0.9960198998451233,0.3230615258216858
YKL184W,YGR229C,0,,0.23658709228038788,0.9960198998451233,0.3231615722179413
YOL020W,YPL133C,0,,0.23653119802474976,0.9960198998451233,0.3232616186141968
YLR352W,YMR323W,0,,0.23647531867027283,0.9960198998451233,0.32336169481277466
YKR045C,YKR095W-A,0,,0.2364194542169571,0.9960198998451233,0.32346174120903015
YBR045C,YHR058C,0,,0.23636363446712494,0.9960198998451233,0.32356178760528564
YAR008W,YBR073W,0,,0.23630784451961517,0.9960198998451233,0.32366183400154114
YOR343W-B,YPR155C,0,,0.2362520694732666,0.9960198998451233,0.32376188039779663
YER165W,YNR055C,0,,0.23619632422924042,0.9960198998451233,0.3238619267940521
YKL048C,YIR035C,0,,0.23614059388637543,0.9960198998451233,0.3239619731903076
YPL115C,YPR100W,0,,0.23608490824699402,0.9960198998451233,0.3240620195865631
YDR287W,YNL300W,0,,0.2360292375087738,0.9960198998451233,0.324162095785141
YPL254W,YDR439W,0,,0.23597359657287598,0.9960198998451233,0.3242621421813965
YMR268C,YOR113W,0,,0.23591798543930054,0.9960198998451233,0.324362188577652
YOR247W,YPR183W,0,,0.2358623892068863,0.9960198998451233,0.32446223497390747
YHR107C,YDR300C,0,,0.23580683767795563,0.9960198998451233,0.32456228137016296
YER175C,YGR169C,0,,0.23575130105018616,0.9960198998451233,0.32466232776641846
YCL057W,YBL006C,0,,0.23569577932357788,0.9960198998451233,0.32476237416267395
YKL071W,YJL103C,0,,0.23564030230045319,0.9960198998451233,0.32486242055892944
YGL111W,YIR035C,0,,0.23558484017848969,0.9960198998451233,0.32496246695518494
YCL033C,YNL063W,0,,0.23552940785884857,0.9960198998451233,0.3250625431537628
YOR377W,YDR051C,0,,0.23547400534152985,0.9960198998451233,0.3251625895500183
YLR130C,YIL037C,0,,0.2354186326265335,0.9960198998451233,0.3252626359462738
YDR508C,YDR083W,0,,0.23536327481269836,0.9960198998451233,0.3253626823425293
YMR156C,YDL102W,0,,0.2353079468011856,0.9960198998451233,0.3254627287387848
YIL157C,YPR086W,0,,0.23525264859199524,0.9960198998451233,0.3255627751350403
YER160C,YPL239W,0,,0.23519736528396606,0.9960198998451233,0.3256628215312958
YDR527W,YNL003C,0,,0.23514211177825928,0.9960198998451233,0.32576286792755127
YLR007W,YPL138C,0,,0.23508688807487488,0.9960198998451233,0.32586294412612915
YFL024C,YDL239C,0,,0.23503169417381287,0.9960198998451233,0.32596299052238464
YGR140W,YDR363W,0,,0.23497653007507324,0.9960198998451233,0.32606303691864014
YEL024W,YHR165C,0,,0.2349213808774948,0.9960198998451233,0.32616308331489563
YDR384C,YDL104C,0,,0.23486626148223877,0.9960198998451233,0.3262631297111511
YDR006C,YPL233W,0,,0.23481117188930511,0.9960198998451233,0.3263631761074066
YJL162C,YNL059C,0,,0.23475609719753265,0.9960198998451233,0.3264632225036621
YJR019C,YGR255C,0,,0.23470105230808258,0.9960198998451233,0.3265632688999176
YGL100W,YFR052W,0,,0.2346460372209549,0.9960198998451233,0.3266633450984955
YMR156C,YPR113W,0,,0.2345910519361496,0.9960198998451233,0.326763391494751
YHL009C,YML081W,0,,0.2345360815525055,0.9960198998451233,0.32686343789100647
YGL259W,YNL216W,0,,0.23448114097118378,0.9960198998451233,0.32696348428726196
YCL043C,YOR077W,0,,0.23442623019218445,0.9960198998451233,0.32706353068351746
YOR191W,YKR078W,0,,0.2343713343143463,0.9960198998451233,0.32716357707977295
YOR148C,YJL110C,0,,0.23431648313999176,0.9960198998451233,0.32726362347602844
YEL041W,YOL026C,0,,0.2342616468667984,0.9960198998451233,0.32736366987228394
YOR083W,YHL028W,0,,0.23420682549476624,0.9960198998451233,0.3274637460708618
YCL020W,YHR059W,0,,0.23415204882621765,0.9960198998451233,0.3275637924671173
YBR218C,YKL025C,0,,0.23409728705883026,0.9960198998451233,0.3276638388633728
YGR067C,YDR082W,0,,0.23404255509376526,0.9960198998451233,0.3277638852596283
YBR211C,YNL088W,0,,0.23398783802986145,0.9960198998451233,0.3278639316558838
YDL042C,YJL010C,0,,0.23393316566944122,0.9960198998451233,0.3279639780521393
YER016W,YDR020C,0,,0.2338785082101822,0.9960198998451233,0.3280640244483948
YHR009C,YIL127C,0,,0.23382386565208435,0.9960198998451233,0.32816407084465027
YFL001W,YDR381W,0,,0.2337692677974701,0.9960198998451233,0.32826411724090576
YOR343C-A,YLL043W,0,,0.23371468484401703,0.9960198998451233,0.32836419343948364
YLR067C,YDR040C,0,,0.23366013169288635,0.9960198998451233,0.32846423983573914
YJR073C,YPL249C-A,0,,0.23360560834407806,0.9960198998451233,0.32856428623199463
YJR017C,YDR092W,0,,0.23355109989643097,0.9960198998451233,0.3286643326282501
YML052W,YCL040W,0,,0.23349662125110626,0.9960198998451233,0.3287643790245056
YHR096C,YHR016C,0,,0.23344215750694275,0.9960198998451233,0.3288644254207611
YKL101W,YJL168C,0,,0.23338773846626282,0.9960198998451233,0.3289644718170166
YER170W,YHR169W,0,,0.23333333432674408,0.9960198998451233,0.3290645182132721
YGR103W,YGR082W,0,,0.23327895998954773,0.9960198998451233,0.32916459441185
YGR193C,YOR086C,0,,0.23322460055351257,0.9960198998451233,0.32926464080810547
YNL307C,YCR067C,0,,0.2331702709197998,0.9960198998451233,0.32936468720436096
YGR178C,YDR097C,0,,0.23311597108840942,0.9960198998451233,0.32946473360061646
YLR080W,YKL082C,0,,0.23306170105934143,0.9960198998451233,0.32956477999687195
YBR091C,YDL150W,0,,0.23300744593143463,0.9960198998451233,0.32966482639312744
YNL321W,YDR410C,0,,0.23295322060585022,0.9960198998451233,0.32976487278938293
YJL210W,YOR117W,0,,0.2328990250825882,0.9960198998451233,0.3298649191856384
YOR383C,YGR275W,0,,0.23284484446048737,0.9960198998451233,0.3299649953842163
YLR077W,YOR079C,0,,0.23279069364070892,0.9960198998451233,0.3300650417804718
YPL198W,YNL223W,0,,0.23273657262325287,0.9960198998451233,0.3301650881767273
YDR170C,YKL170W,0,,0.232682466506958,0.9960198998451233,0.3302651345729828
YGL145W,YJR140C,0,,0.23262840509414673,0.9960198998451233,0.3303651809692383
YBL040C,YLL016W,0,,0.23257434368133545,0.9960198998451233,0.3304652273654938
YLR423C,YOL054W,0,,0.23252032697200775,0.9960198998451233,0.33056527376174927
YDL064W,YNR072W,0,,0.23246632516384125,0.9960198998451233,0.33066532015800476
YER006W,YCR073C,0,,0.23241235315799713,0.9960198998451233,0.33076539635658264
YMR168C,YJR002W,0,,0.2323583960533142,0.9960198998451233,0.33086544275283813
YBL091C,YLL036C,0,,0.23230448365211487,0.9960198998451233,0.33096548914909363
YKL099C,YDL150W,0,,0.23225058615207672,0.9960198998451233,0.3310655355453491
YBL085W,YDR229W,0,,0.23219670355319977,0.9960198998451233,0.3311655819416046
YFL005W,YLR244C,0,,0.2321428507566452,0.9960198998451233,0.3312656283378601
YKR052C,YNL118C,0,,0.23208902776241302,0.9960198998451233,0.3313656747341156
YOR034C,YNL123W,0,,0.23203523457050323,0.9960198998451233,0.3314657211303711
YOR241W,YCL016C,0,,0.23198145627975464,0.9960198998451233,0.331565797328949
YOR231W,YOR118W,0,,0.23192770779132843,0.9960198998451233,0.33166584372520447
YGL062W,YGR256W,0,,0.2318739891052246,0.9960198998451233,0.33176589012145996
YLR229C,YMR135C,0,,0.23182028532028198,0.9960198998451233,0.33186593651771545
YPR199C,YBR054W,0,,0.23176661133766174,0.9960198998451233,0.33196598291397095
YLR102C,YOR378W,0,,0.2317129671573639,0.9960198998451233,0.33206602931022644
YBR181C,YOL041C,0,,0.23165933787822723,0.9960198998451233,0.33216607570648193
YMR179W,YAR042W,0,,0.23160573840141296,0.9960198998451233,0.3322661221027374
YPR072W,YGL083W,0,,0.23155216872692108,0.9960198998451233,0.3323661684989929
YBR229C,YDR240C,0,,0.2314986139535904,0.9960198998451233,0.3324662446975708
YJR063W,YBR073W,0,,0.2314450889825821,0.9960198998451233,0.3325662910938263
YIL031W,YGR155W,0,,0.23139157891273499,0.9960198998451233,0.3326663374900818
YPR143W,YGR010W,0,,0.23133811354637146,0.9960198998451233,0.3327663838863373
YCL068C,YDL149W,0,,0.23128466308116913,0.9960198998451233,0.3328664302825928
YGR244C,YOR009W,0,,0.231231227517128,0.9960198998451233,0.33296647667884827
YDR005C,YJL194W,0,,0.23117782175540924,0.9960198998451233,0.33306652307510376
YDL072C,YHR214C-B,0,,0.23112444579601288,0.9960198998451233,0.33316656947135925
YOL136C,YOR328W,0,,0.2310710996389389,0.9960198998451233,0.33326664566993713
YOR285W,YCR026C,0,,0.23101776838302612,0.9960198998451233,0.3333666920661926
YER052C,YGL078C,0,,0.23096446692943573,0.9960198998451233,0.3334667384624481
YHR214W,YBR038W,0,,0.23091119527816772,0.9960198998451233,0.3335667848587036
YBR014C,YGR253C,0,,0.2308579385280609,0.9960198998451233,0.3336668312549591
YBR183W,YPL086C,0,,0.2308046966791153,0.9960198998451233,0.3337668776512146
YCL052C,YOR316C,0,,0.23075149953365326,0.9960198998451233,0.3338669240474701
YBL056W,YDL002C,0,,0.23069831728935242,0.9960198998451233,0.3339669704437256
YPL117C,YLR081W,0,,0.23064516484737396,0.9960198998451233,0.33406704664230347
YNL024C,YHR007C,0,,0.2305920273065567,0.9960198998451233,0.33416709303855896
YOR216C,YHR139C,0,,0.23053891956806183,0.9960198998451233,0.33426713943481445
YMR156C,YBR042C,0,,0.23048584163188934,0.9960198998451233,0.33436718583106995
YDR346C,YKL039W,0,,0.23043277859687805,0.9960198998451233,0.33446723222732544
YCR046C,YDL097C,0,,0.23037974536418915,0.9960198998451233,0.33456727862358093
YLR352W,YBL068W,0,,0.23032674193382263,0.9960198998451233,0.3346673250198364
YAL011W,YHL035C,0,,0.2302737534046173,0.9960198998451233,0.3347673714160919
YDR463W,YJL100W,0,,0.23022079467773438,0.9960198998451233,0.3348674476146698
YJR046W,YGR229C,0,,0.23016785085201263,0.9960198998451233,0.3349674940109253
YPL237W,YKL208W,0,,0.23011493682861328,0.9960198998451233,0.3350675404071808
YDL128W,YCR024C,0,,0.23006205260753632,0.9960198998451233,0.3351675868034363
YNL090W,YLR395C,0,,0.23000919818878174,0.9960198998451233,0.3352676331996918
YKL203C,YDL243C,0,,0.22995635867118835,0.9960198998451233,0.33536767959594727
YML057W,YNL070W,0,,0.22990353405475616,0.9960198998451233,0.33546772599220276
YLR103C,YJL139C,0,,0.22985073924064636,0.9960198998451233,0.33556777238845825
YER071C,YML045W-A,0,,0.22979797422885895,0.9960198998451233,0.33566784858703613
YBR254C,YOR304C-A,0,,0.22974523901939392,0.9960198998451233,0.3357678949832916
YHR143W-A,YLR320W,0,,0.2296925187110901,0.9960198998451233,0.3358679413795471
YLR093C,YGL022W,0,,0.22963982820510864,0.9960198998451233,0.3359679877758026
YIL131C,YGR074W,0,,0.2295871526002884,0.9960198998451233,0.3360680341720581
YKL171W,YLR234W,0,,0.22953450679779053,0.9960198998451233,0.3361680805683136
YCL012W,YPR020W,0,,0.22948189079761505,0.9960198998451233,0.3362681269645691
YPR181C,YPL283C,0,,0.22942928969860077,0.9960198998451233,0.3363681733608246
YOR038C,YPL152W,0,,0.22937671840190887,0.9960198998451233,0.3364682197570801
YLL021W,YNL130C,0,,0.22932417690753937,0.9960198998451233,0.33656829595565796
YDR212W,YCR080W,0,,0.22927165031433105,0.9960198998451233,0.33666834235191345
YPR180W,YDR497C,0,,0.22921913862228394,0.9960198998451233,0.33676838874816895
YHR119W,YOR330C,0,,0.2291666716337204,0.9960198998451233,0.33686843514442444
YDR367W,YOR010C,0,,0.22911421954631805,0.9960198998451233,0.33696848154067993
YOR123C,YNL147W,0,,0.2290617823600769,0.9960198998451233,0.3370685279369354
YPR158C-C,YHR103W,0,,0.22900937497615814,0.9960198998451233,0.3371685743331909
YLR027C,YPR171W,0,,0.22895699739456177,0.9960198998451233,0.3372686207294464
YJL063C,YOR328W,0,,0.2289046347141266,0.9960198998451233,0.3373686969280243
YOR196C,YDR407C,0,,0.2288523018360138,0.9960198998451233,0.3374687433242798
YLR034C,YPR152C,0,,0.2287999987602234,0.9960198998451233,0.3375687897205353
YHL025W,YBL036C,0,,0.22874771058559418,0.9960198998451233,0.33766883611679077
YDR517W,YPR035W,0,,0.22869545221328735,0.9960198998451233,0.33776888251304626
YBL025W,YGL145W,0,,0.22864320874214172,0.9960198998451233,0.33786892890930176
YMR274C,YLR013W,0,,0.22859099507331848,0.9960198998451233,0.33796897530555725
YNL126W,YDR365C,0,,0.22853881120681763,0.9960198998451233,0.33806902170181274
YKL092C,YDR156W,0,,0.22848664224147797,0.9960198998451233,0.3381690979003906
YJR150C,YCR008W,0,,0.2284345030784607,0.9960198998451233,0.3382691442966461
YER069W,YGR109W-B,0,,0.2283823937177658,0.9960198998451233,0.3383691906929016
YDR306C,YOR008C,0,,0.22833029925823212,0.9960198998451233,0.3384692370891571
YNL154C,YOR103C,0,,0.22827821969985962,0.9960198998451233,0.3385692834854126
YKL221W,YOR130C,0,,0.2282261699438095,0.9960198998451233,0.3386693298816681
YMR078C,YMR270C,0,,0.2281741499900818,0.9960198998451233,0.3387693762779236
YGL014W,YDR143C,0,,0.22812214493751526,0.9960198998451233,0.3388694226741791
YFL017W-A,YDR085C,0,,0.22807016968727112,0.9960198998451233,0.33896949887275696
YOL028C,YML109W,0,,0.22801822423934937,0.9960198998451233,0.33906954526901245
YLR332W,YLR432W,0,,0.2279662936925888,0.9960198998451233,0.33916959166526794
YJL133C-A,YDL046W,0,,0.22791439294815063,0.9960198998451233,0.33926963806152344
YKR056W,YDR268W,0,,0.22786250710487366,0.9960198998451233,0.33936968445777893
YMR030W,YHR164C,0,,0.22781065106391907,0.9960198998451233,0.3394697308540344
YJR099W,YLR216C,0,,0.22775880992412567,0.9960198998451233,0.3395697772502899
YML067C,YOR010C,0,,0.22770701348781586,0.9960198998451233,0.3396698236465454
YJR117W,YPR145W,0,,0.22765521705150604,0.9960198998451233,0.3397698700428009
YKL132C,YPL156C,0,,0.22760345041751862,0.9960198998451233,0.3398699462413788
YNL130C,YMR025W,0,,0.22755171358585358,0.9960198998451233,0.3399699926376343
YNL221C,YLR132C,0,,0.22750000655651093,0.9960198998451233,0.34007003903388977
YPL242C,YHR024C,0,,0.22744831442832947,0.9960198998451233,0.34017008543014526
YML032C,YLR060W,0,,0.2273966372013092,0.9960198998451233,0.34027013182640076
YPL001W,YER002W,0,,0.22734498977661133,0.9960198998451233,0.34037017822265625
YER108C,YNL286W,0,,0.22729337215423584,0.9960198998451233,0.34047022461891174
YGR249W,YOR026W,0,,0.22724176943302155,0.9960198998451233,0.34057027101516724
YER028C,YER001W,0,,0.22719019651412964,0.9960198998451233,0.3406703472137451
YNL029C,YJL029C,0,,0.22713863849639893,0.9960198998451233,0.3407703936100006
YOL144W,YDR332W,0,,0.2270871102809906,0.9960198998451233,0.3408704400062561
YPL244C,YDR365C,0,,0.22703561186790466,0.9960198998451233,0.3409704864025116
YPL170W,YMR020W,0,,0.22698412835597992,0.9960198998451233,0.3410705327987671
YGL255W,YBR202W,0,,0.22693267464637756,0.9960198998451233,0.3411705791950226
YDR263C,YKL040C,0,,0.2268812358379364,0.9960198998451233,0.3412706255912781
YJL112W,YDR229W,0,,0.22682982683181763,0.9960198998451233,0.34137067198753357
YLR413W,YJL166W,0,,0.22677843272686005,0.9960198998451233,0.34147074818611145
YBL019W,YER143W,0,,0.22672706842422485,0.9960198998451233,0.34157079458236694
YPL008W,YLR417W,0,,0.22667571902275085,0.9960198998451233,0.34167084097862244
YNL175C,YJR004C,0,,0.22662439942359924,0.9960198998451233,0.34177088737487793
YGR031C-A,YDR189W,0,,0.22657310962677002,0.9960198998451233,0.3418709337711334
YJL177W,YDL003W,0,,0.226521834731102,0.9960198998451233,0.3419709801673889
YDL246C,YCL011C,0,,0.22647058963775635,0.9960198998451233,0.3420710265636444
YDL100C,YDL175C,0,,0.2264193594455719,0.9960198998451233,0.3421710729598999
YDL052C,YNR006W,0,,0.22636815905570984,0.9960198998451233,0.3422711491584778
YNL219C,YMR250W,0,,0.22631697356700897,0.9960198998451233,0.3423711955547333
YER098W,YHR006W,0,,0.2262658178806305,0.9960198998451233,0.34247124195098877
YBR281C,YMR241W,0,,0.2262146919965744,0.9960198998451233,0.34257128834724426
YNR002C,YJL127C,0,,0.2261635810136795,0.9960198998451233,0.34267133474349976
YIL137C,YCR067C,0,,0.2261124849319458,0.9960198998451233,0.34277138113975525
YIL042C,YLR410W,0,,0.22606143355369568,0.9960198998451233,0.34287142753601074
YFR033C,YKL067W,0,,0.22601038217544556,0.9960198998451233,0.34297147393226624
YLL019C,YHR069C,0,,0.22595936059951782,0.9960198998451233,0.3430715501308441
YLL041C,YBR274W,0,,0.22590836882591248,0.9960198998451233,0.3431715965270996
YER139C,YDL097C,0,,0.22585740685462952,0.9960198998451233,0.3432716429233551
YPL158C,YCL004W,0,,0.22580644488334656,0.9960198998451233,0.3433716893196106
YDL028C,YFL048C,0,,0.22575552761554718,0.9960198998451233,0.3434717357158661
YDR378C,YDL083C,0,,0.225704625248909,0.9960198998451233,0.3435717821121216
YJR159W,YCL062W,0,,0.225653737783432,0.9960198998451233,0.3436718285083771
YPL087W,YJL171C,0,,0.2256028801202774,0.9960198998451233,0.34377187490463257
YCR069W,YPL108W,0,,0.2255520522594452,0.9960198998451233,0.34387192130088806
YKR045C,YDR218C,0,,0.22550123929977417,0.9960198998451233,0.34397199749946594
YHR152W,YDR206W,0,,0.22545045614242554,0.9960198998451233,0.34407204389572144
YCR067C,YER175C,0,,0.2253996878862381,0.9960198998451233,0.34417209029197693
YNL318C,YPR160W,0,,0.22534893453121185,0.9960198998451233,0.3442721366882324
YLR421C,YDR482C,0,,0.2252982258796692,0.9960198998451233,0.3443721830844879
YFR021W,YOR360C,0,,0.22524753212928772,0.9960198998451233,0.3444722294807434
YKL119C,YPL145C,0,,0.22519685328006744,0.9960198998451233,0.3445722758769989
YPL163C,YNL271C,0,,0.22514620423316956,0.9960198998451233,0.3446723222732544
YPL257W-B,YEL041W,0,,0.22509557008743286,0.9960198998451233,0.3447723984718323
YOL052C-A,YOR079C,0,,0.22504496574401855,0.9960198998451233,0.34487244486808777
YMR061W,YMR284W,0,,0.22499437630176544,0.9960198998451233,0.34497249126434326
YER050C,YDR314C,0,,0.22494381666183472,0.9960198998451233,0.34507253766059875
YER117W,YLR347C,0,,0.22489328682422638,0.9960198998451233,0.34517258405685425
YNL164C,YPR155C,0,,0.22484277188777924,0.9960198998451233,0.34527263045310974
YCL057W,YMR322C,0,,0.2247922718524933,0.9960198998451233,0.34537267684936523
YKL038W,YKR093W,0,,0.22474180161952972,0.9960198998451233,0.3454727232456207
YFL023W,YOR188W,0,,0.22469136118888855,0.9960198998451233,0.3455727994441986
YDR309C,YAL009W,0,,0.22464093565940857,0.9960198998451233,0.3456728458404541
YGL243W,YDL239C,0,,0.22459052503108978,0.9960198998451233,0.3457728922367096
YNL122C,YAL029C,0,,0.22454015910625458,0.9960198998451233,0.3458729386329651
YER058W,YPL254W,0,,0.22448979318141937,0.9960198998451233,0.3459729850292206
YHL002W,YHR083W,0,,0.22443945705890656,0.9960198998451233,0.3460730314254761
YOR059C,YDL014W,0,,0.22438915073871613,0.9960198998451233,0.34617307782173157
YGL012W,YDR221W,0,,0.2243388593196869,0.9960198998451233,0.34627312421798706
YFR036W,YDR349C,0,,0.22428859770298004,0.9960198998451233,0.34637320041656494
YAL047C,YJL127C,0,,0.2242383509874344,0.9960198998451233,0.34647324681282043
YOR261C,YOR142W-A,0,,0.22418813407421112,0.9960198998451233,0.3465732932090759
YML112W,YPR175W,0,,0.22413793206214905,0.9960198998451233,0.3466733396053314
YDR446W,YMR079W,0,,0.22408775985240936,0.9960198998451233,0.3467733860015869
YPL113C,YML120C,0,,0.22403760254383087,0.9960198998451233,0.3468734323978424
YDR160W,YOR142W-B,0,,0.22398747503757477,0.9960198998451233,0.3469734787940979
YKR045C,YIR019C,0,,0.22393736243247986,0.9960198998451233,0.3470735251903534
YCL025C,YHR168W,0,,0.22388727962970734,0.9960198998451233,0.3471736013889313
YHR197W,YOL121C,0,,0.223837211728096,0.9960198998451233,0.34727364778518677
YPL046C,YDR328C,0,,0.22378717362880707,0.9960198998451233,0.34737369418144226
YJL014W,YDR081C,0,,0.22373715043067932,0.9960198998451233,0.34747374057769775
YGR060W,YPR189W,0,,0.22368715703487396,0.9960198998451233,0.34757378697395325
YDR148C,YJL035C,0,,0.2236371785402298,0.9960198998451233,0.34767383337020874
YIL037C,YGL162W,0,,0.22358722984790802,0.9960198998451233,0.34777387976646423
YGR278W,YER175C,0,,0.22353729605674744,0.9960198998451233,0.3478739261627197
YOL142W,YBR253W,0,,0.22348739206790924,0.9960198998451233,0.3479739725589752
YPL211W,YIL103W,0,,0.22343750298023224,0.9960198998451233,0.3480740487575531
YDR194C,YOR317W,0,,0.22338764369487762,0.9960198998451233,0.3481740951538086
YMR189W,YOL097C,0,,0.2233377993106842,0.9960198998451233,0.3482741415500641
YKL160W,YAL033W,0,,0.22328796982765198,0.9960198998451233,0.3483741879463196
YCR088W,YIL050W,0,,0.22323818504810333,0.9960198998451233,0.3484742343425751
YML036W,YML120C,0,,0.2231884002685547,0.9960198998451233,0.34857428073883057
YOL041C,YKR088C,0,,0.22313866019248962,0.9960198998451233,0.34867432713508606
YOR219C,YIL147C,0,,0.22308892011642456,0.9960198998451233,0.34877437353134155
YJL209W,YKR008W,0,,0.22303920984268188,0.9960198998451233,0.34887444972991943
YOR334W,YLR382C,0,,0.2229895293712616,0.9960198998451233,0.3489744961261749
YAL051W,YDL235C,0,,0.2229398638010025,0.9960198998451233,0.3490745425224304
YJL225C,YLR073C,0,,0.2228902280330658,0.9960198998451233,0.3491745889186859
YKL096W,YGL020C,0,,0.22284060716629028,0.9960198998451233,0.3492746353149414
YOR001W,YPL203W,0,,0.22279100120067596,0.9960198998451233,0.3493746817111969
YFL052W,YBR189W,0,,0.22274143993854523,0.9960198998451233,0.3494747281074524
YDR441C,YOL112W,0,,0.2226918786764145,0.9960198998451233,0.3495747745037079
YBR152W,YML011C,0,,0.22264234721660614,0.9960198998451233,0.34967485070228577
YDL074C,YNL132W,0,,0.22259284555912018,0.9960198998451233,0.34977489709854126
YBL105C,YPR091C,0,,0.2225433588027954,0.9960198998451233,0.34987494349479675
YPR185W,YCR071C,0,,0.22249388694763184,0.9960198998451233,0.34997498989105225
YGR195W,YML112W,0,,0.22244444489479065,0.9960198998451233,0.35007503628730774
YLR027C,YKL035W,0,,0.22239501774311066,0.9960198998451233,0.35017508268356323
YNL294C,YKL189W,0,,0.22234562039375305,0.9960198998451233,0.3502751290798187
YER033C,YDR266C,0,,0.22229625284671783,0.9960198998451233,0.3503751754760742
YFL048C,YOR149C,0,,0.22224688529968262,0.9960198998451233,0.3504752516746521
YCR018C,YDR097C,0,,0.22219756245613098,0.9960198998451233,0.3505752980709076
YBR021W,YLR196W,0,,0.22214823961257935,0.9960198998451233,0.3506753444671631
YOR138C,YGL179C,0,,0.2220989614725113,0.9960198998451233,0.3507753908634186
YDR176W,YHR072W-A,0,,0.22204968333244324,0.9960198998451233,0.3508754372596741
YOR192C,YHR123W,0,,0.22200044989585876,0.9960198998451233,0.35097548365592957
YML041C,YLR298C,0,,0.2219512164592743,0.9960198998451233,0.35107553005218506
YNL161W,YNL106C,0,,0.2219020128250122,0.9960198998451233,0.35117557644844055
YOL094C,YNL079C,0,,0.2218528389930725,0.9960198998451233,0.35127565264701843
YIL040W,YLR329W,0,,0.221803680062294,0.9960198998451233,0.3513756990432739
YOL098C,YIR004W,0,,0.2217545360326767,0.9960198998451233,0.3514757454395294
YKL091C,YOR018W,0,,0.22170542180538177,0.9960198998451233,0.3515757918357849
YOL053C-A,YDR091C,0,,0.22165633738040924,0.9960198998451233,0.3516758382320404
YCR044C,YOL165C,0,,0.2216072678565979,0.9960198998451233,0.3517758846282959
YOL110W,YKL126W,0,,0.22155821323394775,0.9960198998451233,0.3518759310245514
YGR284C,YFL034C-A,0,,0.22150918841362,0.9960198998451233,0.3519759774208069
YOR125C,YDR348C,0,,0.22146017849445343,0.9960198998451233,0.3520760238170624
YEL043W,YKR102W,0,,0.22141119837760925,0.9960198998451233,0.35217610001564026
YHR088W,YHR001W-A,0,,0.22136223316192627,0.9960198998451233,0.35227614641189575
YLR297W,YBL097W,0,,0.22131328284740448,0.9960198998451233,0.35237619280815125
YKR071C,YDR207C,0,,0.22126436233520508,0.9960198998451233,0.35247623920440674
YGL094C,YOR372C,0,,0.22121547162532806,0.9960198998451233,0.35257628560066223
YLR368W,YDR182W,0,,0.22116659581661224,0.9960198998451233,0.3526763319969177
YOR349W,YNL238W,0,,0.22111773490905762,0.9960198998451233,0.3527763783931732
YPR113W,YHR146W,0,,0.22106890380382538,0.9960198998451233,0.3528764247894287
YJR017C,YBR257W,0,,0.22102008759975433,0.9960198998451233,0.3529765009880066
YHR203C,YKL051W,0,,0.22097130119800568,0.9960198998451233,0.3530765473842621
YER003C,YHR041C,0,,0.2209225296974182,0.9960198998451233,0.3531765937805176
YFR051C,YPL131W,0,,0.22087378799915314,0.9960198998451233,0.35327664017677307
YBR172C,YGR275W,0,,0.22082506120204926,0.9960198998451233,0.35337668657302856
YLL016W,YOR007C,0,,0.22077634930610657,0.9960198998451233,0.35347673296928406
YBR061C,YMR063W,0,,0.22072766721248627,0.9960198998451233,0.35357677936553955
YMR110C,YER125W,0,,0.22067901492118835,0.9960198998451233,0.35367682576179504
YDR195W,YGL005C,0,,0.22063037753105164,0.9960198998451233,0.3537769019603729
YOR118W,YER145C,0,,0.2205817550420761,0.9960198998451233,0.3538769483566284
YDR201W,YOR157C,0,,0.22053316235542297,0.9960198998451233,0.3539769947528839
YKR053C,YOL021C,0,,0.22048458456993103,0.9960198998451233,0.3540770411491394
YOR254C,YHR111W,0,,0.22043602168560028,0.9960198998451233,0.3541770875453949
YML118W,YFR013W,0,,0.22038748860359192,0.9960198998451233,0.3542771339416504
YDR435C,YLR247C,0,,0.22033898532390594,0.9960198998451233,0.3543771803379059
YBR211C,YBR271W,0,,0.22029049694538116,0.9960198998451233,0.3544772267341614
YNL259C,YDR234W,0,,0.22024202346801758,0.9960198998451233,0.35457730293273926
YDL083C,YKL146W,0,,0.22019357979297638,0.9960198998451233,0.35467734932899475
YGR193C,YHL035C,0,,0.22014515101909637,0.9960198998451233,0.35477739572525024
YHL002W,YIL016W,0,,0.22009675204753876,0.9960198998451233,0.35487744212150574
YHR120W,YDL201W,0,,0.22004836797714233,0.9960198998451233,0.35497748851776123
YDL123W,YHR111W,0,,0.2199999988079071,0.9960198998451233,0.3550775349140167
YJL113W,YKL020C,0,,0.21995165944099426,0.9960198998451233,0.3551775813102722
YBR088C,YGL017W,0,,0.21990333497524261,0.9960198998451233,0.3552776277065277
YHR004C,YLR157C,0,,0.21985504031181335,0.9960198998451233,0.3553776741027832
YML128C,YGL099W,0,,0.2198067605495453,0.9960198998451233,0.3554777503013611
YDR207C,YDR017C,0,,0.2197585105895996,0.9960198998451233,0.3555777966976166
YDR397C,YPL176C,0,,0.21971027553081512,0.9960198998451233,0.35567784309387207
YBR129C,YBR162C,0,,0.21966205537319183,0.9960198998451233,0.35577788949012756
YJL181W,YNL075W,0,,0.21961386501789093,0.9960198998451233,0.35587793588638306
YGR282C,YDR302W,0,,0.21956568956375122,0.9960198998451233,0.35597798228263855
YJL214W,YIR032C,0,,0.2195175439119339,0.9960198998451233,0.35607802867889404
YOL158C,YLL055W,0,,0.21946941316127777,0.9960198998451233,0.35617807507514954
YDR243C,YNL219C,0,,0.21942131221294403,0.9960198998451233,0.3562781512737274
YGR099W,YMR029C,0,,0.21937322616577148,0.9960198998451233,0.3563781976699829
YDR080W,YLR225C,0,,0.21932515501976013,0.9960198998451233,0.3564782440662384
YJR093C,YFL045C,0,,0.21927711367607117,0.9960198998451233,0.3565782904624939
YMR072W,YPL129W,0,,0.2192290872335434,0.9960198998451233,0.3566783368587494
YLR194C,YER046W,0,,0.21918107569217682,0.9960198998451233,0.3567783832550049
YDL123W,YJR119C,0,,0.21913309395313263,0.9960198998451233,0.3568784296512604
YDR108W,YCL074W,0,,0.21908514201641083,0.9960198998451233,0.35697847604751587
YBR005W,YOR239W,0,,0.21903720498085022,0.9960198998451233,0.35707855224609375
YML133C,YGR152C,0,,0.2189892828464508,0.9960198998451233,0.35717859864234924
YPL075W,YLL036C,0,,0.21894137561321259,0.9960198998451233,0.35727864503860474
YPL030W,YBR274W,0,,0.21889349818229675,0.9960198998451233,0.35737869143486023
YDR188W,YMR167W,0,,0.2188456505537033,0.9960198998451233,0.3574787378311157
YAR042W,YJL013C,0,,0.21879781782627106,0.9960198998451233,0.3575787842273712
YGR212W,YPR103W,0,,0.21875,0.9960198998451233,0.3576788306236267
YLR222C,YBL013W,0,,0.21870221197605133,0.9960198998451233,0.3577788770198822
YEL052W,YJL099W,0,,0.21865443885326385,0.9960198998451233,0.3578789532184601
YKR083C,YNL154C,0,,0.21860668063163757,0.9960198998451233,0.3579789996147156
YBR188C,YGR177C,0,,0.21855895221233368,0.9960198998451233,0.35807904601097107
YDR213W,YKL175W,0,,0.21851123869419098,0.9960198998451233,0.35817909240722656
YDR191W,YPL262W,0,,0.21846355497837067,0.9960198998451233,0.35827913880348206
YOR212W,YLR084C,0,,0.21841588616371155,0.9960198998451233,0.35837918519973755
YBR173C,YGR244C,0,,0.21836823225021362,0.9960198998451233,0.35847923159599304
YCL067C,YFL016C,0,,0.21832060813903809,0.9960198998451233,0.35857927799224854
YKR024C,YHR088W,0,,0.21827299892902374,0.9960198998451233,0.3586793541908264
YDR016C,YBR290W,0,,0.2182254195213318,0.9960198998451233,0.3587794005870819
YGR165W,YGL209W,0,,0.21817785501480103,0.9960198998451233,0.3588794469833374
YMR226C,YER019C-A,0,,0.21813030540943146,0.9960198998451233,0.3589794933795929
YLR130C,YNL272C,0,,0.21808278560638428,0.9960198998451233,0.3590795397758484
YKR018C,YGL203C,0,,0.2180352807044983,0.9960198998451233,0.3591795861721039
YGR178C,YPL213W,0,,0.2179878056049347,0.9960198998451233,0.3592796325683594
YIL015W,YHR032W,0,,0.2179403454065323,0.9960198998451233,0.35937967896461487
YBR149W,YBR228W,0,,0.21789290010929108,0.9960198998451233,0.35947972536087036
YDR345C,YLR197W,0,,0.21784548461437225,0.9960198998451233,0.35957980155944824
YGR258C,YML127W,0,,0.21779808402061462,0.9960198998451233,0.35967984795570374
YER004W,YGR167W,0,,0.21775071322917938,0.9960198998451233,0.35977989435195923
YHR128W,YML057W,0,,0.21770334243774414,0.9960198998451233,0.3598799407482147
YOL107W,YDR316W-B,0,,0.21765601634979248,0.9960198998451233,0.3599799871444702
YPR183W,YJR026W,0,,0.21760869026184082,0.9960198998451233,0.3600800335407257
YNL006W,YBL013W,0,,0.21756139397621155,0.9960198998451233,0.3601800799369812
YMR286W,YPR067W,0,,0.21751412749290466,0.9960198998451233,0.3602801263332367
YDR244W,YDL215C,0,,0.21746687591075897,0.9960198998451233,0.3603802025318146
YKR102W,YHL034C,0,,0.21741963922977448,0.9960198998451233,0.36048024892807007
YHR002W,YGL013C,0,,0.21737241744995117,0.9960198998451233,0.36058029532432556
YDL245C,YIL049W,0,,0.21732522547245026,0.9960198998451233,0.36068034172058105
YML061C,YJR153W,0,,0.21727804839611053,0.9960198998451233,0.36078038811683655
YMR288W,YLR128W,0,,0.2172309011220932,0.9960198998451233,0.36088043451309204
YMR274C,YCL024W,0,,0.21718376874923706,0.9960198998451233,0.36098048090934753
YGR013W,YPL127C,0,,0.2171366661787033,0.9960198998451233,0.361080527305603
YGL062W,YDL245C,0,,0.21708956360816956,0.9960198998451233,0.3611806035041809
YDR205W,YDR422C,0,,0.2170424908399582,0.9960198998451233,0.3612806499004364
YIL097W,YER019C-A,0,,0.2169954478740692,0.9960198998451233,0.3613806962966919
YDL059C,YLR353W,0,,0.21694841980934143,0.9960198998451233,0.3614807426929474
YPR159W,YIL106W,0,,0.21690140664577484,0.9960198998451233,0.3615807890892029
YGR224W,YLR095C,0,,0.21685442328453064,0.9960198998451233,0.3616808354854584
YPL207W,YKR095W,0,,0.21680745482444763,0.9960198998451233,0.36178088188171387
YLR390W,YEL020W-A,0,,0.21676050126552582,0.9960198998451233,0.36188092827796936
YML029W,YBL097W,0,,0.2167135775089264,0.9960198998451233,0.36198100447654724
YMR116C,YAL026C,0,,0.21666666865348816,0.9960198998451233,0.36208105087280273
YEL046C,YHR065C,0,,0.21661977469921112,0.9960198998451233,0.3621810972690582
YDR383C,YOR019W,0,,0.21657291054725647,0.9960198998451233,0.3622811436653137
YPR030W,YML098W,0,,0.216526061296463,0.9960198998451233,0.3623811900615692
YJL149W,YER015W,0,,0.21647924184799194,0.9960198998451233,0.3624812364578247
YHR079C-A,YDL189W,0,,0.21643243730068207,0.9960198998451233,0.3625812828540802
YNL021W,YBL007C,0,,0.2163856476545334,0.9960198998451233,0.3626813292503357
YOR172W,YKL053C-A,0,,0.2163388878107071,0.9960198998451233,0.3627814054489136
YHR032W,YJR131W,0,,0.2162921279668808,0.9960198998451233,0.36288145184516907
YPL061W,YDR538W,0,,0.21624541282653809,0.9960198998451233,0.36298149824142456
YOR295W,YKR103W,0,,0.21619869768619537,0.9960198998451233,0.36308154463768005
YML092C,YBR026C,0,,0.21615201234817505,0.9960198998451233,0.36318159103393555
YLL023C,YHL015W,0,,0.2161053568124771,0.9960198998451233,0.36328163743019104
YMR097C,YLR423C,0,,0.21605871617794037,0.9960198998451233,0.36338168382644653
YER137C,YLR233C,0,,0.21601209044456482,0.9960198998451233,0.363481730222702
YDL054C,YBL005W-B,0,,0.21596547961235046,0.9960198998451233,0.3635817766189575
YMR186W,YOR090C,0,,0.2159188985824585,0.9960198998451233,0.3636818528175354
YGR257C,YBR192W,0,,0.21587233245372772,0.9960198998451233,0.3637818992137909
YGL032C,YPL217C,0,,0.21582578122615814,0.9960198998451233,0.3638819456100464
YGR034W,YIL156W,0,,0.21577925980091095,0.9960198998451233,0.3639819920063019
YJR077C,YER042W,0,,0.21573275327682495,0.9960198998451233,0.3640820384025574
YGR112W,YKL137W,0,,0.21568627655506134,0.9960198998451233,0.36418208479881287
YPR002W,YPR046W,0,,0.21563981473445892,0.9960198998451233,0.36428213119506836
YHR079C-A,YLR189C,0,,0.2155933678150177,0.9960198998451233,0.36438217759132385
YCL017C,YGR155W,0,,0.21554693579673767,0.9960198998451233,0.36448225378990173
YGR109W-B,YCR080W,0,,0.21550053358078003,0.9960198998451233,0.3645823001861572
YJR140C,YPL236C,0,,0.21545416116714478,0.9960198998451233,0.3646823465824127
YFR042W,YMR190C,0,,0.21540778875350952,0.9960198998451233,0.3647823929786682
YDL064W,YDL191W,0,,0.21536144614219666,0.9960198998451233,0.3648824393749237
YJL151C,YGR078C,0,,0.21531511843204498,0.9960198998451233,0.3649824857711792
YFR034C,YKR100C,0,,0.2152688205242157,0.9960198998451233,0.3650825321674347
YDL004W,YAL055W,0,,0.2152225375175476,0.9960198998451233,0.3651825785636902
YER143W,YPR010C,0,,0.2151762694120407,0.9960198998451233,0.36528265476226807
YOL057W,YLR394W,0,,0.215130016207695,0.9960198998451233,0.36538270115852356
YGL196W,YBL036C,0,,0.2150837928056717,0.9960198998451233,0.36548274755477905
YBR038W,YPL012W,0,,0.21503759920597076,0.9960198998451233,0.36558279395103455
YPL060C-A,YIL121W,0,,0.21499140560626984,0.9960198998451233,0.36568284034729004
YJR034W,YNL142W,0,,0.2149452418088913,0.9960198998451233,0.36578288674354553
YPR151C,YNL282W,0,,0.21489909291267395,0.9960198998451233,0.365882933139801
YKL101W,YJL085W,0,,0.214852973818779,0.9960198998451233,0.3659829795360565
YOR222W,YPR080W,0,,0.21480686962604523,0.9960198998451233,0.3660830557346344
YML128C,YJR051W,0,,0.21476078033447266,0.9960198998451233,0.3661831021308899
YDR176W,YMR172W,0,,0.21471472084522247,0.9960198998451233,0.3662831485271454
YDR257C,YPL012W,0,,0.2146686613559723,0.9960198998451233,0.3663831949234009
YDR198C,YER081W,0,,0.2146226465702057,0.9960198998451233,0.36648324131965637
YPR201W,YPR025C,0,,0.2145766317844391,0.9960198998451233,0.36658328771591187
YJL149W,YDR021W,0,,0.21453064680099487,0.9960198998451233,0.36668333411216736
YDR260C,YLR077W,0,,0.21448467671871185,0.9960198998451233,0.36678338050842285
YBL058W,YKL182W,0,,0.21443873643875122,0.9960198998451233,0.36688342690467834
YGL150C,YOR156C,0,,0.2143927961587906,0.9960198998451233,0.3669835031032562
YDR210W-C,YBR066C,0,,0.21434690058231354,0.9960198998451233,0.3670835494995117
YBR215W,YNR072W,0,,0.2143010050058365,0.9960198998451233,0.3671835958957672
YGR296W,YPL252C,0,,0.21425513923168182,0.9960198998451233,0.3672836422920227
YKR035W-A,YKL209C,0,,0.21420928835868835,0.9960198998451233,0.3673836886882782
YPR043W,YLR277C,0,,0.21416345238685608,0.9960198998451233,0.3674837350845337
YGR046W,YDR254W,0,,0.2141176462173462,0.9960198998451233,0.3675837814807892
YGL018C,YKL035W,0,,0.2140718549489975,0.9960198998451233,0.3676838278770447
YNR069C,YDL236W,0,,0.21402607858181,0.9960198998451233,0.36778390407562256
YDL155W,YOR016C,0,,0.21398033201694489,0.9960198998451233,0.36788395047187805
YNL081C,YLL018C,0,,0.21393460035324097,0.9960198998451233,0.36798399686813354
YHR061C,YFL002W-B,0,,0.21388888359069824,0.9960198998451233,0.36808404326438904
YAR050W,YCR008W,0,,0.2138431966304779,0.9960198998451233,0.36818408966064453
YKR064W,YDR263C,0,,0.21379752457141876,0.9960198998451233,0.3682841360569
YLR187W,YML065W,0,,0.2137518674135208,0.9960198998451233,0.3683841824531555
YHR190W,YMR301C,0,,0.21370624005794525,0.9960198998451233,0.368484228849411
YLR390W,YCR017C,0,,0.2136606127023697,0.9960198998451233,0.3685843050479889
YGL237C,YNL231C,0,,0.2136150300502777,0.9960198998451233,0.3686843514442444
YNL068C,YNL267W,0,,0.21356944739818573,0.9960198998451233,0.3687843978404999
YGL067W,YOL008W,0,,0.21352389454841614,0.9960198998451233,0.36888444423675537
YJL154C,YGL209W,0,,0.21347835659980774,0.9960198998451233,0.36898449063301086
YOR273C,YJL010C,0,,0.21343283355236053,0.9960198998451233,0.36908453702926636
YGL226W,YDR294C,0,,0.21338734030723572,0.9960198998451233,0.36918458342552185
YAR050W,YGL067W,0,,0.2133418619632721,0.9960198998451233,0.36928462982177734
YDL149W,YDR051C,0,,0.21329639852046967,0.9960198998451233,0.3693847060203552
YER060W-A,YJR093C,0,,0.21325096487998962,0.9960198998451233,0.3694847524166107
YJL127C,YDR240C,0,,0.21320553123950958,0.9960198998451233,0.3695847988128662
YHR112C,YCL035C,0,,0.21316014230251312,0.9960198998451233,0.3696848452091217
YHR132C,YDR182W,0,,0.21311475336551666,0.9960198998451233,0.3697848916053772
YJR017C,YJL172W,0,,0.2130693942308426,0.9960198998451233,0.3698849380016327
YKL103C,YML096W,0,,0.2130240499973297,0.9960198998451233,0.3699849843978882
YER078C,YPL176C,0,,0.21297872066497803,0.9960198998451233,0.3700850307941437
YKL192C,YJL194W,0,,0.21293342113494873,0.9960198998451233,0.37018510699272156
YOR123C,YLR022C,0,,0.21288813650608063,0.9960198998451233,0.37028515338897705
YBL005W-B,YNL283C,0,,0.21284286677837372,0.9960198998451233,0.37038519978523254
YKL201C,YGR027W-A,0,,0.212797611951828,0.9960198998451233,0.37048524618148804
YDR522C,YMR283C,0,,0.21275238692760468,0.9960198998451233,0.37058529257774353
YCL067C,YIR013C,0,,0.21270717680454254,0.9960198998451233,0.370685338973999
YER048C,YJR049C,0,,0.2126619964838028,0.9960198998451233,0.3707853853702545
YPL141C,YMR154C,0,,0.21261681616306305,0.9960198998451233,0.37088543176651
YNL139C,YLL067C,0,,0.2125716656446457,0.9960198998451233,0.3709854781627655
YPL010W,YGL196W,0,,0.21252654492855072,0.9960198998451233,0.3710855543613434
YGR085C,YOR230W,0,,0.21248142421245575,0.9960198998451233,0.3711856007575989
YPL152W,YIL128W,0,,0.21243633329868317,0.9960198998451233,0.37128564715385437
YER026C,YML096W,0,,0.21239125728607178,0.9960198998451233,0.37138569355010986
YML107C,YAL001C,0,,0.21234619617462158,0.9960198998451233,0.37148573994636536
YFL024C,YGR036C,0,,0.21230116486549377,0.9960198998451233,0.37158578634262085
YGR038W,YDR210W-A,0,,0.21225614845752716,0.9960198998451233,0.37168583273887634
YPR165W,YDR163W,0,,0.21221114695072174,0.9960198998451233,0.37178587913513184
YPL230W,YGL236C,0,,0.2121661752462387,0.9960198998451233,0.3718859553337097
YNL097C,YGR057C,0,,0.21212121844291687,0.9960198998451233,0.3719860017299652
YLL018C,YOL052C-A,0,,0.21207627654075623,0.9960198998451233,0.3720860481262207
YDR233C,YNL048W,0,,0.21203134953975677,0.9960198998451233,0.3721860945224762
YBR019C,YKL096W-A,0,,0.2119864523410797,0.9960198998451233,0.3722861409187317
YIL088C,YOR324C,0,,0.21194155514240265,0.9960198998451233,0.3723861873149872
YLR399C,YFR028C,0,,0.21189670264720917,0.9960198998451233,0.3724862337112427
YOR343C-B,YER145C,0,,0.21185185015201569,0.9960198998451233,0.37258628010749817
YDR292C,YNL316C,0,,0.2118070274591446,0.9960198998451233,0.37268635630607605
YPL063W,YOL054W,0,,0.2117622196674347,0.9960198998451233,0.37278640270233154
YOR147W,YBR037C,0,,0.211717426776886,0.9960198998451233,0.37288644909858704
YJL210W,YGR143W,0,,0.21167266368865967,0.9960198998451233,0.37298649549484253
YGL226W,YGR296W,0,,0.21162790060043335,0.9960198998451233,0.373086541891098
YOR329C,YOR056C,0,,0.2115831822156906,0.9960198998451233,0.3731865882873535
YDR227W,YOL135C,0,,0.21153846383094788,0.9960198998451233,0.373286634683609
YCL001W,YHR079C-B,0,,0.21149376034736633,0.9960198998451233,0.3733866810798645
YJL208C,YLR009W,0,,0.21144908666610718,0.9960198998451233,0.3734867572784424
YGL189C,YHR148W,0,,0.21140442788600922,0.9960198998451233,0.3735868036746979
YML082W,YJR092W,0,,0.21135979890823364,0.9960198998451233,0.37368685007095337
YNR033W,YBR177C,0,,0.21131518483161926,0.9960198998451233,0.37378689646720886
YKR086W,YLL052C,0,,0.21127058565616608,0.9960198998451233,0.37388694286346436
YDR398W,YPR204W,0,,0.21122600138187408,0.9960198998451233,0.37398698925971985
YHR050W,YPL151C,0,,0.2111814320087433,0.9960198998451233,0.37408703565597534
YNR031C,YJR046W,0,,0.21113689243793488,0.9960198998451233,0.37418708205223083
YDL225W,YCR106W,0,,0.21109236776828766,0.9960198998451233,0.3742871582508087
YPL116W,YPL043W,0,,0.21104785799980164,0.9960198998451233,0.3743872046470642
YML045W,YDL145C,0,,0.211003378033638,0.9960198998451233,0.3744872510433197
YJR150C,YLR060W,0,,0.21095889806747437,0.9960198998451233,0.3745872974395752
YLR054C,YKR031C,0,,0.21091444790363312,0.9960198998451233,0.3746873438358307
YJL047C,YDR419W,0,,0.21087002754211426,0.9960198998451233,0.3747873902320862
YDL223C,YLR248W,0,,0.2108256071805954,0.9960198998451233,0.3748874366283417
YGR041W,YGL166W,0,,0.21078121662139893,0.9960198998451233,0.37498748302459717
YNL010W,YBR094W,0,,0.21073684096336365,0.9960198998451233,0.37508752942085266
YMR034C,YDL235C,0,,0.21069248020648956,0.9960198998451233,0.37518760561943054
YOR190W,YLR081W,0,,0.21064814925193787,0.9960198998451233,0.37528765201568604
YML028W,YJL133C-A,0,,0.21060383319854736,0.9960198998451233,0.37538769841194153
YNL048W,YER103W,0,,0.21055953204631805,0.9960198998451233,0.375487744808197
YGR067C,YFR001W,0,,0.21051524579524994,0.9960198998451233,0.3755877912044525
YMR260C,YEL048C,0,,0.2104709893465042,0.9960198998451233,0.375687837600708
YML052W,YDR350C,0,,0.21042673289775848,0.9960198998451233,0.3757878839969635
YGR120C,YPL021W,0,,0.21038250625133514,0.9960198998451233,0.375887930393219
YML131W,YFL016C,0,,0.2103383094072342,0.9960198998451233,0.3759880065917969
YOR060C,YJL096W,0,,0.21029411256313324,0.9960198998451233,0.37608805298805237
YGR012W,YHL018W,0,,0.21024994552135468,0.9960198998451233,0.37618809938430786
YMR115W,YGR206W,0,,0.2102057933807373,0.9960198998451233,0.37628814578056335
YMR159C,YDL197C,0,,0.21016165614128113,0.9960198998451233,0.37638819217681885
YDL153C,YDR498C,0,,0.21011754870414734,0.9960198998451233,0.37648823857307434
YJR125C,YER006W,0,,0.21007345616817474,0.9960198998451233,0.37658828496932983
YGR108W,YKL090W,0,,0.21002937853336334,0.9960198998451233,0.3766883313655853
YJL114W,YIR019C,0,,0.20998531579971313,0.9960198998451233,0.3767884075641632
YNL137C,YKL134C,0,,0.20994126796722412,0.9960198998451233,0.3768884539604187
YDL004W,YBR109C,0,,0.2098972499370575,0.9960198998451233,0.3769885003566742
YER016W,YMR039C,0,,0.20985324680805206,0.9960198998451233,0.3770885467529297
YEL040W,YDR075W,0,,0.20980925858020782,0.9960198998451233,0.3771885931491852
YJR026W,YDR519W,0,,0.20976530015468597,0.9960198998451233,0.3772886395454407
YCL018W,YEL009C,0,,0.20972135663032532,0.9960198998451233,0.37738868594169617
YLR300W,YML109W,0,,0.20967741310596466,0.9960198998451233,0.37748873233795166
YOR343C-B,YBR186W,0,,0.20963351428508759,0.9960198998451233,0.37758880853652954
YPL130W,YMR032W,0,,0.2095896154642105,0.9960198998451233,0.37768885493278503
YBL009W,YJR002W,0,,0.20954574644565582,0.9960198998451233,0.3777889013290405
YOR025W,YDR287W,0,,0.20950187742710114,0.9960198998451233,0.377888947725296
YJL047C,YJL012C,0,,0.20945803821086884,0.9960198998451233,0.3779889941215515
YDR261C,YDR001C,0,,0.20941422879695892,0.9960198998451233,0.378089040517807
YLR024C,YLR037C,0,,0.209370419383049,0.9960198998451233,0.3781890869140625
YBR253W,YMR295C,0,,0.2093266397714615,0.9960198998451233,0.378289133310318
YKL176C,YFL034C-A,0,,0.20928287506103516,0.9960198998451233,0.3783891797065735
YGR067C,YEL029C,0,,0.20923912525177002,0.9960198998451233,0.37848925590515137
YFL034C-B,YGL210W-A,0,,0.20919540524482727,0.9960198998451233,0.37858930230140686
YHL025W,YMR173W,0,,0.20915168523788452,0.9960198998451233,0.37868934869766235
YPL210C,YKR103W,0,,0.20910799503326416,0.9960198998451233,0.37878939509391785
YBR006W,YOR327C,0,,0.2090643346309662,0.9960198998451233,0.37888944149017334
YMR054W,YCL025C,0,,0.2090206742286682,0.9960198998451233,0.37898948788642883
YGR193C,YJR107W,0,,0.20897702872753143,0.9960198998451233,0.3790895342826843
YKL085W,YLR118C,0,,0.20893341302871704,0.9960198998451233,0.3791895806789398
YNR048W,YPL081W,0,,0.20888981223106384,0.9960198998451233,0.3792896568775177
YDR325W,YPL179W,0,,0.20884624123573303,0.9960198998451233,0.3793897032737732
YLR410W,YHR118C,0,,0.20880267024040222,0.9960198998451233,0.3794897496700287
YPL256C,YEL026W,0,,0.2087591290473938,0.9960198998451233,0.3795897960662842
YOR209C,YLR466W,0,,0.20871560275554657,0.9960198998451233,0.3796898424625397
YMR260C,YNR018W,0,,0.20867209136486053,0.9960198998451233,0.37978988885879517
YER014W,YDL179W,0,,0.2086285948753357,0.9960198998451233,0.37988993525505066
YDR225W,YDR204W,0,,0.20858512818813324,0.9960198998451233,0.37998998165130615
YJL012C-A,YIL085C,0,,0.2085416615009308,0.9960198998451233,0.38009005784988403
YHR202W,YOR132W,0,,0.20849822461605072,0.9960198998451233,0.3801901042461395
YDR311W,YLR027C,0,,0.20845481753349304,0.9960198998451233,0.380290150642395
YLR262C,YNL027W,0,,0.20841141045093536,0.9960198998451233,0.3803901970386505
YGR044C,YOR129C,0,,0.20836803317070007,0.9960198998451233,0.380490243434906
YDR325W,YCR012W,0,,0.20832465589046478,0.9960198998451233,0.3805902898311615
YOR090C,YJR123W,0,,0.20828130841255188,0.9960198998451233,0.380690336227417
YER041W,YMR081C,0,,0.20823799073696136,0.9960198998451233,0.3807903826236725
YPL274W,YLL012W,0,,0.20819467306137085,0.9960198998451233,0.38089045882225037
YLR150W,YOL066C,0,,0.20815138518810272,0.9960198998451233,0.38099050521850586
YHR103W,YNL054W,0,,0.2081081122159958,0.9960198998451233,0.38109055161476135
YIL137C,YGL098W,0,,0.20806485414505005,0.9960198998451233,0.38119059801101685
YGR255C,YLR410W-B,0,,0.2080216109752655,0.9960198998451233,0.38129064440727234
YNL321W,YNL257C,0,,0.20797839760780334,0.9960198998451233,0.38139069080352783
YLR451W,YLL032C,0,,0.2079351842403412,0.9960198998451233,0.3814907371997833
YCR091W,YPR144C,0,,0.20789200067520142,0.9960198998451233,0.3815907835960388
YER026C,YMR065W,0,,0.20784883201122284,0.9960198998451233,0.3816908597946167
YKL032C,YNL281W,0,,0.20780569314956665,0.9960198998451233,0.3817909061908722
YMR020W,YDR206W,0,,0.20776255428791046,0.9960198998451233,0.3818909525871277
YPR161C,YDL014W,0,,0.20771944522857666,0.9960198998451233,0.3819909989833832
YHR047C,YMR192W,0,,0.20767635107040405,0.9960198998451233,0.38209104537963867
YFL048C,YMR025W,0,,0.20763327181339264,0.9960198998451233,0.38219109177589417
YGR065C,YPR094W,0,,0.20759020745754242,0.9960198998451233,0.38229113817214966
YMR199W,YOL154W,0,,0.2075471729040146,0.9960198998451233,0.38239118456840515
YNL273W,YOR159C,0,,0.20750415325164795,0.9960198998451233,0.38249123096466064
YBR244W,YLL026W,0,,0.2074611335992813,0.9960198998451233,0.3825913071632385
YGR005C,YDL078C,0,,0.20741815865039825,0.9960198998451233,0.382691353559494
YDL201W,YHR169W,0,,0.2073751837015152,0.9960198998451233,0.3827913999557495
YPL170W,YBR107C,0,,0.20733222365379333,0.9960198998451233,0.382891446352005
YLL021W,YIR019C,0,,0.20728929340839386,0.9960198998451233,0.3829914927482605
YLR453C,YHR098C,0,,0.20724637806415558,0.9960198998451233,0.383091539144516
YDR331W,YJR129C,0,,0.2072034776210785,0.9960198998451233,0.3831915855407715
YKL119C,YMR236W,0,,0.2071605920791626,0.9960198998451233,0.383291631937027
YNL177C,YDR349C,0,,0.2071177363395691,0.9960198998451233,0.38339170813560486
YBR200W,YDR538W,0,,0.20707488059997559,0.9960198998451233,0.38349175453186035
YBR095C,YOL104C,0,,0.20703205466270447,0.9960198998451233,0.38359180092811584
YDL100C,YFL017W-A,0,,0.20698924362659454,0.9960198998451233,0.38369184732437134
YLR284C,YPL004C,0,,0.2069464474916458,0.9960198998451233,0.38379189372062683
YDR450W,YOR261C,0,,0.20690368115901947,0.9960198998451233,0.3838919401168823
YDL104C,YDR001C,0,,0.20686091482639313,0.9960198998451233,0.3839919865131378
YJL162C,YDR464W,0,,0.20681817829608917,0.9960198998451233,0.3840920329093933
YOL137W,YHR214C-C,0,,0.2067754566669464,0.9960198998451233,0.3841921091079712
YGL225W,YPL083C,0,,0.20673274993896484,0.9960198998451233,0.3842921555042267
YNL071W,YDR110W,0,,0.20669007301330566,0.9960198998451233,0.3843922019004822
YDL077C,YBR169C,0,,0.20664739608764648,0.9960198998451233,0.38449224829673767
YDL214C,YMR090W,0,,0.2066047489643097,0.9960198998451233,0.38459229469299316
YDR294C,YDL055C,0,,0.2065621167421341,0.9960198998451233,0.38469234108924866
YCR055C,YGR284C,0,,0.2065194994211197,0.9960198998451233,0.38479238748550415
YPL047W,YBL046W,0,,0.20647689700126648,0.9960198998451233,0.38489243388175964
YDL045W-A,YNL223W,0,,0.20643430948257446,0.9960198998451233,0.3849925100803375
YOR176W,YOR101W,0,,0.20639175176620483,0.9960198998451233,0.385092556476593
YLL040C,YNL318C,0,,0.2063492089509964,0.9960198998451233,0.3851926028728485
YAL014C,YGL037C,0,,0.20630668103694916,0.9960198998451233,0.385292649269104
YOR343C-B,YMR200W,0,,0.2062641680240631,0.9960198998451233,0.3853926956653595
YCR071C,YGL156W,0,,0.20622166991233826,0.9960198998451233,0.385492742061615
YML086C,YMR244C-A,0,,0.2061792016029358,0.9960198998451233,0.3855927884578705
YLR206W,YIR005W,0,,0.20613673329353333,0.9960198998451233,0.385692834854126
YJR127C,YLR301W,0,,0.20609429478645325,0.9960198998451233,0.38579291105270386
YLR095C,YIL040W,0,,0.20605187118053436,0.9960198998451233,0.38589295744895935
YIR038C,YDR040C,0,,0.20600946247577667,0.9960198998451233,0.38599300384521484
YNL044W,YBR223C,0,,0.20596708357334137,0.9960198998451233,0.38609305024147034
YOR295W,YHR001W-A,0,,0.20592470467090607,0.9960198998451233,0.38619309663772583
YHR154W,YHR193C,0,,0.20588235557079315,0.9960198998451233,0.3862931430339813
YLR258W,YLR154W-A,0,,0.20584002137184143,0.9960198998451233,0.3863931894302368
YDL104C,YDR182W,0,,0.2057977020740509,0.9960198998451233,0.3864932358264923
YGR247W,YMR058W,0,,0.20575539767742157,0.9960198998451233,0.3865932822227478
YER041W,YOR261C,0,,0.20571310818195343,0.9960198998451233,0.3866933584213257
YAL026C,YDL097C,0,,0.20567084848880768,0.9960198998451233,0.3867934048175812
YBR061C,YDR020C,0,,0.20562858879566193,0.9960198998451233,0.38689345121383667
YPR058W,YOL154W,0,,0.20558635890483856,0.9960198998451233,0.38699349761009216
YER178W,YNL054W-A,0,,0.2055441439151764,0.9960198998451233,0.38709354400634766
YNR031C,YGR004W,0,,0.20550194382667542,0.9960198998451233,0.38719359040260315
YPL065W,YLR017W,0,,0.20545977354049683,0.9960198998451233,0.38729363679885864
YLR006C,YGL163C,0,,0.20541760325431824,0.9960198998451233,0.38739368319511414
YLR258W,YDR040C,0,,0.20537546277046204,0.9960198998451233,0.387493759393692
YDR508C,YBR181C,0,,0.20533333718776703,0.9960198998451233,0.3875938057899475
YPL063W,YBL008W,0,,0.20529122650623322,0.9960198998451233,0.387693852186203
YKR065C,YKL025C,0,,0.2052491307258606,0.9960198998451233,0.3877938985824585
YLR404W,YLR013W,0,,0.20520704984664917,0.9960198998451233,0.387893944978714
YML031W,YMR231W,0,,0.20516499876976013,0.9960198998451233,0.3879939913749695
YMR030W,YOL141W,0,,0.2051229476928711,0.9960198998451233,0.388094037771225
YIL080W,YIL130W,0,,0.20508092641830444,0.9960198998451233,0.38819408416748047
YER175C,YLR298C,0,,0.205038920044899,0.9960198998451233,0.38829416036605835
YPL151C,YDL025C,0,,0.20499692857265472,0.9960198998451233,0.38839420676231384
YIL153W,YOR136W,0,,0.20495495200157166,0.9960198998451233,0.38849425315856934
YHR133C,YDR225W,0,,0.20491300523281097,0.9960198998451233,0.38859429955482483
YNL274C,YHR030C,0,,0.2048710584640503,0.9960198998451233,0.3886943459510803
YJL206C,YCR026C,0,,0.204829141497612,0.9960198998451233,0.3887943923473358
YER052C,YBR149W,0,,0.2047872394323349,0.9960198998451233,0.3888944387435913
YPR103W,YDR287W,0,,0.204745352268219,0.9960198998451233,0.3889944851398468
YER144C,YOR360C,0,,0.20470348000526428,0.9960198998451233,0.3890945613384247
YPL126W,YNL172W,0,,0.20466162264347076,0.9960198998451233,0.3891946077346802
YOR303W,YKL175W,0,,0.20461978018283844,0.9960198998451233,0.38929465413093567
YPR143W,YJL197W,0,,0.2045779675245285,0.9960198998451233,0.38939470052719116
YOL090W,YDR343C,0,,0.20453616976737976,0.9960198998451233,0.38949474692344666
YOR197W,YJL134W,0,,0.2044943869113922,0.9960198998451233,0.38959479331970215
YOL135C,YDR422C,0,,0.20445261895656586,0.9960198998451233,0.38969483971595764
YGL241W,YMR050C,0,,0.2044108659029007,0.9960198998451233,0.38979488611221313
YHR214W,YPR144C,0,,0.20436912775039673,0.9960198998451233,0.389894962310791
YIL040W,YCR060W,0,,0.20432741940021515,0.9960198998451233,0.3899950087070465
YER028C,YGL166W,0,,0.20428571105003357,0.9960198998451233,0.390095055103302
YPR199C,YKR102W,0,,0.20424403250217438,0.9960198998451233,0.3901951014995575
YGR027C,YNL225C,0,,0.20420236885547638,0.9960198998451233,0.390295147895813
YDR518W,YBR070C,0,,0.20416072010993958,0.9960198998451233,0.3903951942920685
YDR460W,YPL198W,0,,0.20411908626556396,0.9960198998451233,0.390495240688324
YIL147C,YPL257W-B,0,,0.20407746732234955,0.9960198998451233,0.39059528708457947
YMR009W,YFR016C,0,,0.20403587818145752,0.9960198998451233,0.39069533348083496
YJL012C,YBR195C,0,,0.2039942890405655,0.9960198998451233,0.39079540967941284
YHL033C,YNL335W,0,,0.20395272970199585,0.9960198998451233,0.39089545607566833
YGR289C,YPR083W,0,,0.2039111852645874,0.9960198998451233,0.39099550247192383
YDR519W,YPR204W,0,,0.20386965572834015,0.9960198998451233,0.3910955488681793
YDL188C,YPL275W,0,,0.2038281410932541,0.9960198998451233,0.3911955952644348
YLR384C,YIL080W,0,,0.20378664135932922,0.9960198998451233,0.3912956416606903
YDL246C,YOR030W,0,,0.20374517142772675,0.9960198998451233,0.3913956880569458
YER144C,YJR050W,0,,0.20370370149612427,0.9960198998451233,0.3914957344532013
YJL162C,YER060W-A,0,,0.20366226136684418,0.9960198998451233,0.3915958106517792
YDR508C,YDR480W,0,,0.20362083613872528,0.9960198998451233,0.39169585704803467
YHR005C,YPL140C,0,,0.20357941091060638,0.9960198998451233,0.39179590344429016
YDL039C,YOR095C,0,,0.20353803038597107,0.9960198998451233,0.39189594984054565
YML058W-A,YMR283C,0,,0.20349664986133575,0.9960198998451233,0.39199599623680115
YCL048W,YAL028W,0,,0.20345528423786163,0.9960198998451233,0.39209604263305664
YHR152W,YLR073C,0,,0.2034139335155487,0.9960198998451233,0.39219608902931213
YNL199C,YNL283C,0,,0.20337261259555817,0.9960198998451233,0.3922961354255676
YCR079W,YOL137W,0,,0.20333130657672882,0.9960198998451233,0.3923962116241455
YDR037W,YGR229C,0,,0.20329001545906067,0.9960198998451233,0.392496258020401
YLR059C,YPL227C,0,,0.20324872434139252,0.9960198998451233,0.3925963044166565
YKL208W,YBR202W,0,,0.20320747792720795,0.9960198998451233,0.392696350812912
YPL064C,YOL128C,0,,0.20316623151302338,0.9960198998451233,0.3927963972091675
YNL137C,YOR295W,0,,0.203125,0.9960198998451233,0.392896443605423
YJL209W,YDR129C,0,,0.20308378338813782,0.9960198998451233,0.39299649000167847
YDL222C,YGL183C,0,,0.20304259657859802,0.9960198998451233,0.39309653639793396
YGL077C,YLL051C,0,,0.20300142467021942,0.9960198998451233,0.39319661259651184
YOR255W,YGL220W,0,,0.20296025276184082,0.9960198998451233,0.39329665899276733
YER011W,YOL013C,0,,0.2029191106557846,0.9960198998451233,0.3933967053890228
YJL145W,YHL018W,0,,0.2028779834508896,0.9960198998451233,0.3934967517852783
YJL203W,YGL053W,0,,0.20283688604831696,0.9960198998451233,0.3935967981815338
YKR049C,YBR260C,0,,0.20279578864574432,0.9960198998451233,0.3936968445777893
YEL071W,YOL111C,0,,0.20275470614433289,0.9960198998451233,0.3937968909740448
YNR023W,YLR200W,0,,0.20271365344524384,0.9960198998451233,0.3938969373703003
YGR003W,YNL154C,0,,0.20267260074615479,0.9960198998451233,0.3939969837665558
YNL202W,YOR388C,0,,0.20263157784938812,0.9960198998451233,0.39409705996513367
YBL101W-B,YBR110W,0,,0.20259056985378265,0.9960198998451233,0.39419710636138916
YKL006C-A,YGR109W-A,0,,0.20254957675933838,0.9960198998451233,0.39429715275764465
YBR173C,YOR375C,0,,0.2025085985660553,0.9960198998451233,0.39439719915390015
YDL247W,YOR285W,0,,0.2024676352739334,0.9960198998451233,0.39449724555015564
YOR095C,YHL034C,0,,0.20242668688297272,0.9960198998451233,0.39459729194641113
YGL116W,YMR021C,0,,0.2023857682943344,0.9960198998451233,0.3946973383426666
YNL130C,YPR196W,0,,0.2023448497056961,0.9960198998451233,0.3947973847389221
YCR055C,YEL039C,0,,0.2023039609193802,0.9960198998451233,0.3948974609375
YER063W,YJR109C,0,,0.20226308703422546,0.9960198998451233,0.3949975073337555
YCR016W,YBR119W,0,,0.20222222805023193,0.9960198998451233,0.395097553730011
YER185W,YDR078C,0,,0.2021813839673996,0.9960198998451233,0.3951976001262665
YOL075C,YGR023W,0,,0.20214055478572845,0.9960198998451233,0.395297646522522
YCR057C,YMR216C,0,,0.2020997405052185,0.9960198998451233,0.39539769291877747
YFR046C,YLR391W-A,0,,0.20205894112586975,0.9960198998451233,0.39549773931503296
YHR047C,YOR010C,0,,0.2020181566476822,0.9960198998451233,0.39559778571128845
YIL168W,YIL144W,0,,0.20197740197181702,0.9960198998451233,0.39569786190986633
YML033W,YOL136C,0,,0.20193666219711304,0.9960198998451233,0.3957979083061218
YDL087C,YCL010C,0,,0.20189592242240906,0.9960198998451233,0.3958979547023773
YKL082C,YPL276W,0,,0.20185521245002747,0.9960198998451233,0.3959980010986328
YJL172W,YIL053W,0,,0.20181451737880707,0.9960198998451233,0.3960980474948883
YKL175W,YHL012W,0,,0.20177383720874786,0.9960198998451233,0.3961980938911438
YOR001W,YGR094W,0,,0.20173317193984985,0.9960198998451233,0.3962981402873993
YDR364C,YBL040C,0,,0.20169252157211304,0.9960198998451233,0.3963981866836548
YCL014W,YMR013C,0,,0.2016519010066986,0.9960198998451233,0.39649826288223267
YDR359C,YOR159C,0,,0.20161128044128418,0.9960198998451233,0.39659830927848816
YBR008C,YNL035C,0,,0.20157067477703094,0.9960198998451233,0.39669835567474365
YOL122C,YER018C,0,,0.2015300989151001,0.9960198998451233,0.39679840207099915
YLR244C,YBR073W,0,,0.20148953795433044,0.9960198998451233,0.39689844846725464
YLR034C,YGR185C,0,,0.2014489769935608,0.9960198998451233,0.39699849486351013
YOR362C,YER139C,0,,0.20140844583511353,0.9960198998451233,0.3970985412597656
YCL039W,YER179W,0,,0.20136792957782745,0.9960198998451233,0.3971985876560211
YBR272C,YBL011W,0,,0.20132742822170258,0.9960198998451233,0.397298663854599
YMR268C,YAL042W,0,,0.20128695666790009,0.9960198998451233,0.3973987102508545
YKR064W,YIL013C,0,,0.2012464851140976,0.9960198998451233,0.39749875664711
YEL040W,YGL078C,0,,0.2012060284614563,0.9960198998451233,0.3975988030433655
YMR169C,YOR020C,0,,0.2011656016111374,0.9960198998451233,0.39769884943962097
YNL214W,YOR253W,0,,0.20112517476081848,0.9960198998451233,0.39779889583587646
YHR063C,YEL012W,0,,0.20108477771282196,0.9960198998451233,0.39789894223213196
YBR193C,YML081W,0,,0.20104438066482544,0.9960198998451233,0.39799898862838745
YHR175W,YIL114C,0,,0.2010040134191513,0.9960198998451233,0.39809903502464294
YBL034C,YAL017W,0,,0.20096366107463837,0.9960198998451233,0.3981991112232208
YPL180W,YOR005C,0,,0.20092332363128662,0.9960198998451233,0.3982991576194763
YHR020W,YDR317W,0,,0.20088300108909607,0.9960198998451233,0.3983992040157318
YCL051W,YHR058C,0,,0.2008426934480667,0.9960198998451233,0.3984992504119873
YNL099C,YLL018C,0,,0.20080240070819855,0.9960198998451233,0.3985992968082428
YIL044C,YML029W,0,,0.20076213777065277,0.9960198998451233,0.3986993432044983
YGR083C,YDR513W,0,,0.200721874833107,0.9960198998451233,0.3987993896007538
YML126C,YGR192C,0,,0.2006816416978836,0.9960198998451233,0.3988994359970093
YKL005C,YCR031C,0,,0.20064140856266022,0.9960198998451233,0.39899951219558716
YJL168C,YGR244C,0,,0.20060120522975922,0.9960198998451233,0.39909955859184265
YFR014C,YJR127C,0,,0.2005610167980194,0.9960198998451233,0.39919960498809814
YLR164W,YMR119W,0,,0.2005208283662796,0.9960198998451233,0.39929965138435364
YLR391W,YPL207W,0,,0.20048066973686218,0.9960198998451233,0.39939969778060913
YER170W,YPR135W,0,,0.20044052600860596,0.9960198998451233,0.3994997441768646
YCL054W,YBL100W-A,0,,0.20040039718151093,0.9960198998451233,0.3995997905731201
YIL067C,YDR129C,0,,0.2003602832555771,0.9960198998451233,0.3996998369693756
YLR380W,YDL140C,0,,0.20032019913196564,0.9960198998451233,0.3997999131679535
YDL035C,YGL006W,0,,0.2002801150083542,0.9960198998451233,0.399899959564209
YEL032W,YFL014W,0,,0.20024004578590393,0.9960198998451233,0.4000000059604645
YNL240C,YLR035C,0,,0.20020000636577606,0.9960198998451233,0.40010005235671997
YGL012W,YGL044C,0,,0.2001599669456482,0.9960198998451233,0.40020009875297546
YPL163C,YLR164W,0,,0.2001199573278427,0.9960198998451233,0.40030014514923096
YIL042C,YER165W,0,,0.20007994771003723,0.9960198998451233,0.40040019154548645
YLR107W,YGR112W,0,,0.20003996789455414,0.9960198998451233,0.40050023794174194
YJL114W,YGL029W,0,,0.20000000298023224,0.9960198998451233,0.4006003141403198
YLL066C,YML029W,0,,0.19996005296707153,0.9960198998451233,0.4007003605365753
YDR146C,YDR255C,0,,0.19992011785507202,0.9960198998451233,0.4008004069328308
YOL053C-A,YGR030C,0,,0.1998801976442337,0.9960198998451233,0.4009004533290863
YHR196W,YDR235W,0,,0.19984029233455658,0.9960198998451233,0.4010004997253418
YHR096C,YGL162W,0,,0.19980040192604065,0.9960198998451233,0.4011005461215973
YER155C,YKL176C,0,,0.1997605264186859,0.9960198998451233,0.4012005925178528
YNL336W,YJL011C,0,,0.19972066581249237,0.9960198998451233,0.4013006389141083
YPL134C,YLR215C,0,,0.19968083500862122,0.9960198998451233,0.40140071511268616
YCR035C,YOR058C,0,,0.19964100420475006,0.9960198998451233,0.40150076150894165
YGR244C,YDR186C,0,,0.1996012032032013,0.9960198998451233,0.40160080790519714
YKL080W,YBR195C,0,,0.19956140220165253,0.9960198998451233,0.40170085430145264
YGL198W,YBR170C,0,,0.19952163100242615,0.9960198998451233,0.40180090069770813
YBR089C-A,YOL054W,0,,0.19948185980319977,0.9960198998451233,0.4019009470939636
YIL153W,YLR189C,0,,0.19944211840629578,0.9960198998451233,0.4020009934902191
YHR077C,YDR403W,0,,0.19940239191055298,0.9960198998451233,0.4021010398864746
YNL124W,YOR188W,0,,0.19936268031597137,0.9960198998451233,0.4022010862827301
YDR304C,YAR009C,0,,0.19932298362255096,0.9960198998451233,0.402301162481308
YGR020C,YPL011C,0,,0.19928330183029175,0.9960198998451233,0.4024012088775635
YER054C,YBR177C,0,,0.19924363493919373,0.9960198998451233,0.40250125527381897
YOR162C,YNL148C,0,,0.1992039829492569,0.9960198998451233,0.40260130167007446
YDR067C,YHR059W,0,,0.19916434586048126,0.9960198998451233,0.40270134806632996
YFL001W,YDR135C,0,,0.19912472367286682,0.9960198998451233,0.40280139446258545
YFL008W,YML110C,0,,0.19908511638641357,0.9960198998451233,0.40290144085884094
YOL076W,YER104W,0,,0.19904553890228271,0.9960198998451233,0.40300148725509644
YLR219W,YPL078C,0,,0.19900596141815186,0.9960198998451233,0.4031015634536743
YKL085W,YEL043W,0,,0.19896641373634338,0.9960198998451233,0.4032016098499298
YLR028C,YPL187W,0,,0.1989268660545349,0.9960198998451233,0.4033016562461853
YOR172W,YPL236C,0,,0.19888734817504883,0.9960198998451233,0.4034017026424408
YPR106W,YOR172W,0,,0.19884783029556274,0.9960198998451233,0.4035017490386963
YFL061W,YMR078C,0,,0.19880834221839905,0.9960198998451233,0.4036017954349518
YKR067W,YOL096C,0,,0.19876886904239655,0.9960198998451233,0.4037018418312073
YLR399C,YPR022C,0,,0.19872939586639404,0.9960198998451233,0.40380188822746277
YKL058W,YOL038W,0,,0.19868995249271393,0.9960198998451233,0.40390196442604065
YDR207C,YGR089W,0,,0.198650524020195,0.9960198998451233,0.40400201082229614
YCL043C,YNL327W,0,,0.19861111044883728,0.9960198998451233,0.40410205721855164
YDR324C,YOR149C,0,,0.19857171177864075,0.9960198998451233,0.40420210361480713
YMR153W,YER035W,0,,0.1985323280096054,0.9960198998451233,0.4043021500110626
YEL024W,YDR145W,0,,0.19849295914173126,0.9960198998451233,0.4044021964073181
YNL111C,YPR155C,0,,0.1984536051750183,0.9960198998451233,0.4045022428035736
YAL033W,YAL017W,0,,0.19841426610946655,0.9960198998451233,0.4046022891998291
YJL154C,YHR118C,0,,0.19837495684623718,0.9960198998451233,0.404702365398407
YOR173W,YLR386W,0,,0.1983356475830078,0.9960198998451233,0.4048024117946625
YGR174C,YNL125C,0,,0.19829635322093964,0.9960198998451233,0.40490245819091797
YKR101W,YKR013W,0,,0.19825707376003265,0.9960198998451233,0.40500250458717346
YOR085W,YNL152W,0,,0.19821782410144806,0.9960198998451233,0.40510255098342896
YHR035W,YHR072W,0,,0.19817857444286346,0.9960198998451233,0.40520259737968445
YCR014C,YER002W,0,,0.19813935458660126,0.9960198998451233,0.40530264377593994
YGL153W,YOR229W,0,,0.19810013473033905,0.9960198998451233,0.40540269017219543
YPL173W,YOR355W,0,,0.19806094467639923,0.9960198998451233,0.4055027365684509
YDR041W,YNL284C,0,,0.1980217546224594,0.9960198998451233,0.4056028127670288
YDR087C,YJR123W,0,,0.19798259437084198,0.9960198998451233,0.4057028591632843
YMR136W,YGR222W,0,,0.19794344902038574,0.9960198998451233,0.4058029055595398
YDL239C,YLL045C,0,,0.1979043036699295,0.9960198998451233,0.4059029519557953
YKR067W,YKL141W,0,,0.19786518812179565,0.9960198998451233,0.4060029983520508
YFL062W,YJL012C,0,,0.197826087474823,0.9960198998451233,0.4061030447483063
YMR213W,YPR128C,0,,0.19778700172901154,0.9960198998451233,0.40620309114456177
YLR107W,YBL046W,0,,0.19774793088436127,0.9960198998451233,0.40630313754081726
YMR192W,YMR231W,0,,0.1977088749408722,0.9960198998451233,0.40640321373939514
YHR148W,YBR216C,0,,0.19766981899738312,0.9960198998451233,0.40650326013565063
YDL222C,YDL153C,0,,0.19763079285621643,0.9960198998451233,0.40660330653190613
YHR175W,YDR058C,0,,0.19759178161621094,0.9960198998451233,0.4067033529281616
YPR143W,YDR361C,0,,0.19755278527736664,0.9960198998451233,0.4068033993244171
YDR210W-C,YKR034W,0,,0.19751381874084473,0.9960198998451233,0.4069034457206726
YIL157C,YEL041W,0,,0.19747485220432281,0.9960198998451233,0.4070034921169281
YPL036W,YML014W,0,,0.1974359005689621,0.9960198998451233,0.4071035385131836
YGR140W,YGR041W,0,,0.19739696383476257,0.9960198998451233,0.4072036147117615
YGR023W,YKL157W,0,,0.19735804200172424,0.9960198998451233,0.40730366110801697
YDR381C-A,YPR204W,0,,0.1973191350698471,0.9960198998451233,0.40740370750427246
YML030W,YFR024C,0,,0.19728025794029236,0.9960198998451233,0.40750375390052795
YGL058W,YPL141C,0,,0.1972413808107376,0.9960198998451233,0.40760380029678345
YCL040W,YPL015C,0,,0.19720251858234406,0.9960198998451233,0.40770384669303894
YJR125C,YOR172W,0,,0.1971636861562729,0.9960198998451233,0.40780389308929443
YDL179W,YDR190C,0,,0.19712485373020172,0.9960198998451233,0.4079039394855499
YFL023W,YDR151C,0,,0.19708603620529175,0.9960198998451233,0.4080040156841278
YKR003W,YGR212W,0,,0.19704724848270416,0.9960198998451233,0.4081040620803833
YJL001W,YJL184W,0,,0.19700846076011658,0.9960198998451233,0.4082041084766388
YHR051W,YJR093C,0,,0.19696970283985138,0.9960198998451233,0.4083041548728943
YER015W,YKL200C,0,,0.19693094491958618,0.9960198998451233,0.4084042012691498
YJR144W,YNR075W,0,,0.19689221680164337,0.9960198998451233,0.4085042476654053
YLR376C,YHR065C,0,,0.19685348868370056,0.9960198998451233,0.40860429406166077
YHR063C,YBL067C,0,,0.19681479036808014,0.9960198998451233,0.40870434045791626
YBR294W,YPL224C,0,,0.19677609205245972,0.9960198998451233,0.40880441665649414
YDR023W,YLR118C,0,,0.19673742353916168,0.9960198998451233,0.40890446305274963
YBR093C,YMR280C,0,,0.19669875502586365,0.9960198998451233,0.4090045094490051
YDR098C,YIL052C,0,,0.196660116314888,0.9960198998451233,0.4091045558452606
YNR015W,YIR010W,0,,0.19662149250507355,0.9960198998451233,0.4092046022415161
YMR009W,YDL159W,0,,0.1965828686952591,0.9960198998451233,0.4093046486377716
YPR128C,YPL236C,0,,0.19654427468776703,0.9960198998451233,0.4094046950340271
YMR121C,YJL100W,0,,0.19650569558143616,0.9960198998451233,0.4095047414302826
YER023W,YDL193W,0,,0.19646713137626648,0.9960198998451233,0.4096047878265381
YML055W,YPL094C,0,,0.1964285671710968,0.9960198998451233,0.40970486402511597
YDR441C,YGR161C-C,0,,0.1963900327682495,0.9960198998451233,0.40980491042137146
YCL025C,YOR232W,0,,0.19635151326656342,0.9960198998451233,0.40990495681762695
YLL012W,YMR133W,0,,0.1963130086660385,0.9960198998451233,0.41000500321388245
YNR031C,YOR383C,0,,0.1962745040655136,0.9960198998451233,0.41010504961013794
YDR079W,YJR073C,0,,0.1962360292673111,0.9960198998451233,0.41020509600639343
YOL098C,YML056C,0,,0.19619756937026978,0.9960198998451233,0.4103051424026489
YOR272W,YHR115C,0,,0.19615912437438965,0.9960198998451233,0.4104051887989044
YHR014W,YNR028W,0,,0.19612069427967072,0.9960198998451233,0.4105052649974823
YDL207W,YPL211W,0,,0.19608227908611298,0.9960198998451233,0.4106053113937378
YPL113C,YIR013C,0,,0.19604386389255524,0.9960198998451233,0.4107053577899933
YDR408C,YOR252W,0,,0.19600547850131989,0.9960198998451233,0.4108054041862488
YFL066C,YOR100C,0,,0.19596710801124573,0.9960198998451233,0.4109054505825043
YJL082W,YKL186C,0,,0.19592875242233276,0.9960198998451233,0.41100549697875977
YJR103W,YLR043C,0,,0.195890411734581,0.9960198998451233,0.41110554337501526
YNL194C,YLL067C,0,,0.19585208594799042,0.9960198998451233,0.41120558977127075
YGR007W,YOL066C,0,,0.19581377506256104,0.9960198998451233,0.41130566596984863
YLR105C,YJL174W,0,,0.19577547907829285,0.9960198998451233,0.4114057123661041
YFR033C,YKL210W,0,,0.19573719799518585,0.9960198998451233,0.4115057587623596
YDR176W,YNL176C,0,,0.19569893181324005,0.9960198998451233,0.4116058051586151
YKL062W,YDR280W,0,,0.19566066563129425,0.9960198998451233,0.4117058515548706
YLR291C,YLR037C,0,,0.19562242925167084,0.9960198998451233,0.4118058979511261
YBR229C,YJL012C-A,0,,0.19558420777320862,0.9960198998451233,0.4119059443473816
YJR093C,YPL018W,0,,0.1955460011959076,0.9960198998451233,0.4120059907436371
YDR190C,YMR053C,0,,0.19550780951976776,0.9960198998451233,0.41210606694221497
YCL057W,YKR025W,0,,0.19546963274478912,0.9960198998451233,0.41220611333847046
YNR057C,YJL139C,0,,0.19543147087097168,0.9960198998451233,0.41230615973472595
YPR082C,YLL027W,0,,0.19539332389831543,0.9960198998451233,0.41240620613098145
YNL275W,YDR030C,0,,0.19535519182682037,0.9960198998451233,0.41250625252723694
YGR092W,YOL058W,0,,0.1953170746564865,0.9960198998451233,0.41260629892349243
YOL075C,YNL229C,0,,0.19527897238731384,0.9960198998451233,0.4127063453197479
YER069W,YMR149W,0,,0.19524088501930237,0.9960198998451233,0.4128063917160034
YKL038W,YJL124C,0,,0.1952028125524521,0.9960198998451233,0.4129064679145813
YPL119C,YPR056W,0,,0.195164754986763,0.9960198998451233,0.4130065143108368
YNL054W,YBR153W,0,,0.1951267123222351,0.9960198998451233,0.4131065607070923
YDR316W,YDR153C,0,,0.19508866965770721,0.9960198998451233,0.4132066071033478
YGL028C,YDR268W,0,,0.1950506567955017,0.9960198998451233,0.41330665349960327
YLR047C,YKL113C,0,,0.1950126588344574,0.9960198998451233,0.41340669989585876
YPL040C,YLR138W,0,,0.19497467577457428,0.9960198998451233,0.41350674629211426
YBR093C,YLR183C,0,,0.19493670761585236,0.9960198998451233,0.41360679268836975
YKL073W,YOL034W,0,,0.19489875435829163,0.9960198998451233,0.41370683908462524
YDR175C,YLR080W,0,,0.1948608160018921,0.9960198998451233,0.4138069152832031
YML051W,YGR246C,0,,0.19482289254665375,0.9960198998451233,0.4139069616794586
YIL157C,YHR026W,0,,0.1947849839925766,0.9960198998451233,0.4140070080757141
YER054C,YOR243C,0,,0.19474707543849945,0.9960198998451233,0.4141070544719696
YOR196C,YLR447C,0,,0.1947091966867447,0.9960198998451233,0.4142071008682251
YFL066C,YDL097C,0,,0.19467133283615112,0.9960198998451233,0.4143071472644806
YOR028C,YOR020C,0,,0.19463348388671875,0.9960198998451233,0.4144071936607361
YOL094C,YGL220W,0,,0.19459564983844757,0.9960198998451233,0.4145072400569916
YJL004C,YOR153W,0,,0.1945578157901764,0.9960198998451233,0.41460731625556946
YBL101C,YLR248W,0,,0.1945200115442276,0.9960198998451233,0.41470736265182495
YPR133W-A,YLR081W,0,,0.19448222219944,0.9960198998451233,0.41480740904808044
YGR206W,YOR351C,0,,0.1944444477558136,0.9960198998451233,0.41490745544433594
YOR196C,YNR052C,0,,0.1944066882133484,0.9960198998451233,0.41500750184059143
YGR266W,YHR122W,0,,0.19436892867088318,0.9960198998451233,0.4151075482368469
YJL111W,YIL033C,0,,0.19433119893074036,0.9960198998451233,0.4152075946331024
YOL086W-A,YEL042W,0,,0.19429348409175873,0.9960198998451233,0.4153076410293579
YGL060W,YPR113W,0,,0.1942557692527771,0.9960198998451233,0.4154077172279358
YKL205W,YOR158W,0,,0.19421808421611786,0.9960198998451233,0.4155077636241913
YIL137C,YOL113W,0,,0.1941804140806198,0.9960198998451233,0.4156078100204468
YOL034W,YGR122W,0,,0.19414274394512177,0.9960198998451233,0.41570785641670227
YDL113C,YHL001W,0,,0.1941051036119461,0.9960198998451233,0.41580790281295776
YBL089W,YDR450W,0,,0.19406746327877045,0.9960198998451233,0.41590794920921326
YBR111W-A,YDR021W,0,,0.19402985274791718,0.9960198998451233,0.41600799560546875
YGL115W,YPL115C,0,,0.1939922422170639,0.9960198998451233,0.41610804200172424
YGL038C,YER015W,0,,0.19395466148853302,0.9960198998451233,0.4162081182003021
YDR014W-A,YGR195W,0,,0.19391708076000214,0.9960198998451233,0.4163081645965576
YJR137C,YFR031C,0,,0.19387952983379364,0.9960198998451233,0.4164082109928131
YLR305C,YLR193C,0,,0.19384197890758514,0.9960198998451233,0.4165082573890686
YKR019C,YNL302C,0,,0.19380445778369904,0.9960198998451233,0.4166083037853241
YKL132C,YHL038C,0,,0.19376693665981293,0.9960198998451233,0.4167083501815796
YBR173C,YPR128C,0,,0.193729430437088,0.9960198998451233,0.4168083965778351
YLR299W,YBR091C,0,,0.19369195401668549,0.9960198998451233,0.4169084429740906
YJR052W,YPR128C,0,,0.19365447759628296,0.9960198998451233,0.41700848937034607
YOL051W,YGL027C,0,,0.19361701607704163,0.9960198998451233,0.41710856556892395
YMR277W,YDL024C,0,,0.19357958436012268,0.9960198998451233,0.41720861196517944
YOR119C,YMR079W,0,,0.19354215264320374,0.9960198998451233,0.41730865836143494
YKL096W,YLR256W-A,0,,0.19350473582744598,0.9960198998451233,0.41740870475769043
YNL085W,YOR210W,0,,0.19346733391284943,0.9960198998451233,0.4175087511539459
YOR219C,YGR252W,0,,0.19342994689941406,0.9960198998451233,0.4176087975502014
YKL026C,YGR129W,0,,0.1933925747871399,0.9960198998451233,0.4177088439464569
YOR058C,YIL106W,0,,0.1933552324771881,0.9960198998451233,0.4178088903427124
YDL074C,YDL087C,0,,0.19331789016723633,0.9960198998451233,0.4179089665412903
YPL093W,YOR262W,0,,0.19328056275844574,0.9960198998451233,0.4180090129375458
YKL073W,YOL077W-A,0,,0.19324325025081635,0.9960198998451233,0.41810905933380127
YMR035W,YDR281C,0,,0.19320593774318695,0.9960198998451233,0.41820910573005676
YLR005W,YIL087C,0,,0.19316865503787994,0.9960198998451233,0.41830915212631226
YLR190W,YOR008C,0,,0.19313138723373413,0.9960198998451233,0.41840919852256775
YCR079W,YPL176C,0,,0.1930941343307495,0.9960198998451233,0.41850924491882324
YPL065W,YIL017C,0,,0.1930568963289261,0.9960198998451233,0.41860929131507874
YBR044C,YOR292C,0,,0.19301967322826385,0.9960198998451233,0.4187093675136566
YOL104C,YGR172C,0,,0.19298245012760162,0.9960198998451233,0.4188094139099121
YDR444W,YLR330W,0,,0.19294525682926178,0.9960198998451233,0.4189094603061676
YGR284C,YDR229W,0,,0.19290807843208313,0.9960198998451233,0.4190095067024231
YML107C,YLR154W-C,0,,0.19287090003490448,0.9960198998451233,0.4191095530986786
YKL222C,YEL036C,0,,0.19283375144004822,0.9960198998451233,0.4192095994949341
YOR148C,YDL189W,0,,0.19279660284519196,0.9960198998451233,0.4193096458911896
YBR095C,YMR021C,0,,0.19275948405265808,0.9960198998451233,0.41940969228744507
YLR359W,YJR070C,0,,0.1927223652601242,0.9960198998451233,0.41950976848602295
YGL198W,YOR357C,0,,0.19268527626991272,0.9960198998451233,0.41960981488227844
YGL115W,YMR092C,0,,0.19264818727970123,0.9960198998451233,0.41970986127853394
YDL092W,YJR063W,0,,0.19261112809181213,0.9960198998451233,0.41980990767478943
YLR340W,YDL061C,0,,0.19257406890392303,0.9960198998451233,0.4199099540710449
YDL128W,YDL188C,0,,0.19253702461719513,0.9960198998451233,0.4200100004673004
YKL049C,YMR053C,0,,0.19249999523162842,0.9960198998451233,0.4201100468635559
YIR008C,YOR019W,0,,0.1924629807472229,0.9960198998451233,0.4202100932598114
YER038C,YJR102C,0,,0.19242599606513977,0.9960198998451233,0.4203101694583893
YAL024C,YMR014W,0,,0.19238901138305664,0.9960198998451233,0.4204102158546448
YKL078W,YDR378C,0,,0.1923520416021347,0.9960198998451233,0.42051026225090027
YOR153W,YPR140W,0,,0.19231508672237396,0.9960198998451233,0.42061030864715576
YML078W,YHR090C,0,,0.19227814674377441,0.9960198998451233,0.42071035504341125
YKL220C,YLR244C,0,,0.19224120676517487,0.9960198998451233,0.42081040143966675
YGL129C,YBR068C,0,,0.1922042965888977,0.9960198998451233,0.42091044783592224
YMR159C,YPL040C,0,,0.19216740131378174,0.9960198998451233,0.42101049423217773
YAL060W,YPL001W,0,,0.19213052093982697,0.9960198998451233,0.4211105406284332
YGR181W,YKL210W,0,,0.1920936554670334,0.9960198998451233,0.4212106168270111
YOL032W,YPR154W,0,,0.1920567899942398,0.9960198998451233,0.4213106632232666
YDL142C,YMR176W,0,,0.19201995432376862,0.9960198998451233,0.4214107096195221
YMR272C,YLR275W,0,,0.19198311865329742,0.9960198998451233,0.4215107560157776
YKR064W,YMR167W,0,,0.19194631278514862,0.9960198998451233,0.4216108024120331
YDR353W,YDL039C,0,,0.19190950691699982,0.9960198998451233,0.4217108488082886
YGR027C,YLR011W,0,,0.1918727308511734,0.9960198998451233,0.42181089520454407
YLR022C,YMR261C,0,,0.19183595478534698,0.9960198998451233,0.42191094160079956
YLR242C,YPL023C,0,,0.19179919362068176,0.9960198998451233,0.42201101779937744
YML039W,YBR202W,0,,0.19176244735717773,0.9960198998451233,0.42211106419563293
YBR187W,YPR152C,0,,0.1917257159948349,0.9960198998451233,0.4222111105918884
YKL163W,YDL175C,0,,0.19168901443481445,0.9960198998451233,0.4223111569881439
YFL056C,YKL097W-A,0,,0.191652312874794,0.9960198998451233,0.4224112033843994
YNR037C,YMR078C,0,,0.19161562621593475,0.9960198998451233,0.4225112497806549
YPR024W,YFR045W,0,,0.1915789544582367,0.9960198998451233,0.4226112961769104
YHR024C,YBR026C,0,,0.19154228270053864,0.9960198998451233,0.4227113425731659
YKL097W-A,YNL302C,0,,0.19150564074516296,0.9960198998451233,0.4228114187717438
YEL071W,YJL128C,0,,0.1914690136909485,0.9960198998451233,0.42291146516799927
YEL019C,YNL008C,0,,0.1914324015378952,0.9960198998451233,0.42301151156425476
YDR201W,YDR314C,0,,0.19139578938484192,0.9960198998451233,0.42311155796051025
YJR052W,YLR390W,0,,0.19135920703411102,0.9960198998451233,0.42321160435676575
YOL010W,YDR409W,0,,0.19132262468338013,0.9960198998451233,0.42331165075302124
YCR005C,YKR075C,0,,0.19128607213497162,0.9960198998451233,0.42341169714927673
YMR015C,YPL187W,0,,0.1912495195865631,0.9960198998451233,0.4235117435455322
YNL045W,YPR046W,0,,0.191212996840477,0.9960198998451233,0.4236118197441101
YDR098C-B,YLR342W,0,,0.19117647409439087,0.9960198998451233,0.4237118661403656
YDL209C,YOL068C,0,,0.19113996624946594,0.9960198998451233,0.4238119125366211
YMR121C,YEL030W,0,,0.1911034733057022,0.9960198998451233,0.4239119589328766
YFR014C,YPL120W,0,,0.19106699526309967,0.9960198998451233,0.4240120053291321
YER100W,YBL014C,0,,0.19103053212165833,0.9960198998451233,0.4241120517253876
YER015W,YPL275W,0,,0.19099408388137817,0.9960198998451233,0.42421209812164307
YER019C-A,YJL134W,0,,0.19095765054225922,0.9960198998451233,0.42431214451789856
YKR065C,YOR149C,0,,0.19092123210430145,0.9960198998451233,0.42441222071647644
YDR449C,YGL070C,0,,0.1908848136663437,0.9960198998451233,0.42451226711273193
YDL113C,YIL010W,0,,0.1908484250307083,0.9960198998451233,0.4246123135089874
YCL067C,YOR339C,0,,0.19081205129623413,0.9960198998451233,0.4247123599052429
YGR199W,YMR288W,0,,0.19077567756175995,0.9960198998451233,0.4248124063014984
YBR020W,YLR234W,0,,0.19073933362960815,0.9960198998451233,0.4249124526977539
YML133C,YBR162C,0,,0.19070298969745636,0.9960198998451233,0.4250124990940094
YKL125W,YHR030C,0,,0.19066666066646576,0.9960198998451233,0.4251125454902649
YGR003W,YDR492W,0,,0.19063036143779755,0.9960198998451233,0.4252125918865204
YOR317W,YGR268C,0,,0.19059406220912933,0.9960198998451233,0.42531266808509827
YJR044C,YAR008W,0,,0.19055777788162231,0.9960198998451233,0.42541271448135376
YKL191W,YDR429C,0,,0.1905215084552765,0.9960198998451233,0.42551276087760925
YOL151W,YGL210W-A,0,,0.19048525393009186,0.9960198998451233,0.42561280727386475
YOL076W,YNL058C,0,,0.19044901430606842,0.9960198998451233,0.42571285367012024
YJR028W,YLL023C,0,,0.19041278958320618,0.9960198998451233,0.42581290006637573
YNL055C,YOL101C,0,,0.19037656486034393,0.9960198998451233,0.4259129464626312
YNL118C,YCL016C,0,,0.19034036993980408,0.9960198998451233,0.4260129928588867
YBR199W,YER049W,0,,0.19030418992042542,0.9960198998451233,0.4261130690574646
YHR176W,YGR161C,0,,0.19026800990104675,0.9960198998451233,0.4262131154537201
YOR295W,YAL029C,0,,0.19023184478282928,0.9960198998451233,0.4263131618499756
YBR215W,YKL175W,0,,0.1901957094669342,0.9960198998451233,0.4264132082462311
YKL163W,YLR234W,0,,0.19015957415103912,0.9960198998451233,0.4265132546424866
YOR249C,YNL236W,0,,0.19012345373630524,0.9960198998451233,0.42661330103874207
YGL079W,YJL194W,0,,0.19008734822273254,0.9960198998451233,0.42671334743499756
YMR277W,YIL007C,0,,0.19005125761032104,0.9960198998451233,0.42681339383125305
YOR303W,YDR489W,0,,0.19001518189907074,0.9960198998451233,0.42691347002983093
YPL064C,YDR194C,0,,0.18997912108898163,0.9960198998451233,0.4270135164260864
YCR069W,YPL058C,0,,0.1899430751800537,0.9960198998451233,0.4271135628223419
YOR227W,YLR157C,0,,0.189907044172287,0.9960198998451233,0.4272136092185974
YGL116W,YPR113W,0,,0.18987101316452026,0.9960198998451233,0.4273136556148529
YAL014C,YPR173C,0,,0.18983501195907593,0.9960198998451233,0.4274137020111084
YCL074W,YDL124W,0,,0.1897990107536316,0.9960198998451233,0.4275137484073639
YDR444W,YDR210W-D,0,,0.18976303935050964,0.9960198998451233,0.4276137948036194
YAR042W,YPR022C,0,,0.1897270679473877,0.9960198998451233,0.42771387100219727
YDR300C,YJL137C,0,,0.18969111144542694,0.9960198998451233,0.42781391739845276
YPL081W,YJR123W,0,,0.18965516984462738,0.9960198998451233,0.42791396379470825
YDR339C,YOR319W,0,,0.189619243144989,0.9960198998451233,0.42801401019096375
YOL132W,YOR025W,0,,0.18958333134651184,0.9960198998451233,0.42811405658721924
YDR446W,YOL058W,0,,0.18954743444919586,0.9960198998451233,0.42821410298347473
YNL106C,YCR088W,0,,0.18951155245304108,0.9960198998451233,0.4283141493797302
YGL256W,YKR031C,0,,0.1894756704568863,0.9960198998451233,0.4284141957759857
YDR005C,YLR116W,0,,0.1894398182630539,0.9960198998451233,0.4285142719745636
YPL150W,YNL172W,0,,0.1894039660692215,0.9960198998451233,0.4286143183708191
YLL041C,YPL173W,0,,0.1893681436777115,0.9960198998451233,0.4287143647670746
YOL055C,YNL145W,0,,0.18933232128620148,0.9960198998451233,0.4288144111633301
YBR084C-A,YBR302C,0,,0.18929651379585266,0.9960198998451233,0.42891445755958557
YDR397C,YKL013C,0,,0.18926073610782623,0.9960198998451233,0.42901450395584106
YLR409C,YOR060C,0,,0.1892249584197998,0.9960198998451233,0.42911455035209656
YJL166W,YKL058W,0,,0.18918919563293457,0.9960198998451233,0.42921459674835205
YIL031W,YKL196C,0,,0.18915343284606934,0.9960198998451233,0.42931464314460754
YOR275C,YLR058C,0,,0.1891176998615265,0.9960198998451233,0.4294147193431854
YDL020C,YCR105W,0,,0.18908198177814484,0.9960198998451233,0.4295147657394409
YJL091C,YOR008C,0,,0.18904626369476318,0.9960198998451233,0.4296148121356964
YKL077W,YKL170W,0,,0.18901057541370392,0.9960198998451233,0.4297148585319519
YLR004C,YKL150W,0,,0.18897488713264465,0.9960198998451233,0.4298149049282074
YOR340C,YOR191W,0,,0.18893922865390778,0.9960198998451233,0.4299149513244629
YMR058W,YGR252W,0,,0.1889035701751709,0.9960198998451233,0.4300149977207184
YMR020W,YJR105W,0,,0.18886792659759521,0.9960198998451233,0.4301150441169739
YDL209C,YDR488C,0,,0.18883229792118073,0.9960198998451233,0.43021512031555176
YDR408C,YLL036C,0,,0.18879668414592743,0.9960198998451233,0.43031516671180725
YNL264C,YGR271C-A,0,,0.18876108527183533,0.9960198998451233,0.43041521310806274
YDR087C,YER001W,0,,0.18872548639774323,0.9960198998451233,0.43051525950431824
YOR340C,YJR123W,0,,0.1886899173259735,0.9960198998451233,0.43061530590057373
YDL135C,YOR338W,0,,0.1886543482542038,0.9960198998451233,0.4307153522968292
YHR143W-A,YNL139C,0,,0.18861880898475647,0.9960198998451233,0.4308153986930847
YER060W-A,YIL009W,0,,0.18858326971530914,0.9960198998451233,0.4309154450893402
YMR089C,YFR001W,0,,0.188547745347023,0.9960198998451233,0.4310155212879181
YGL172W,YML013W,0,,0.18851223587989807,0.9960198998451233,0.4311155676841736
YGL076C,YAL029C,0,,0.18847674131393433,0.9960198998451233,0.4312156140804291
YCL051W,YJR005W,0,,0.18844126164913177,0.9960198998451233,0.43131566047668457
YGR161C-C,YJR014W,0,,0.18840579688549042,0.9960198998451233,0.43141570687294006
YMR182C,YCR033W,0,,0.18837034702301025,0.9960198998451233,0.43151575326919556
YAL054C,YDL003W,0,,0.1883348971605301,0.9960198998451233,0.43161579966545105
YIL107C,YDR145W,0,,0.18829947710037231,0.9960198998451233,0.43171584606170654
YDR202C,YPL211W,0,,0.18826405704021454,0.9960198998451233,0.4318159222602844
YOR100C,YBL036C,0,,0.18822865188121796,0.9960198998451233,0.4319159686565399
YCL011C,YCL019W,0,,0.18819327652454376,0.9960198998451233,0.4320160150527954
YKL196C,YDR064W,0,,0.18815790116786957,0.9960198998451233,0.4321160614490509
YML101C,YER013W,0,,0.18812254071235657,0.9960198998451233,0.4322161078453064
YGL241W,YKL086W,0,,0.18808718025684357,0.9960198998451233,0.4323161542415619
YBL005W-B,YOR360C,0,,0.18805184960365295,0.9960198998451233,0.4324162006378174
YLR417W,YNL153C,0,,0.18801653385162354,0.9960198998451233,0.4325162470340729
YOR177C,YOR060C,0,,0.18798121809959412,0.9960198998451233,0.43261629343032837
YDL198C,YOR180C,0,,0.18794593214988708,0.9960198998451233,0.43271636962890625
YPL168W,YOR197W,0,,0.18791064620018005,0.9960198998451233,0.43281641602516174
YFR029W,YGR082W,0,,0.18787537515163422,0.9960198998451233,0.43291646242141724
YBR302C,YHL006C,0,,0.18784011900424957,0.9960198998451233,0.43301650881767273
YHR179W,YOR267C,0,,0.18780487775802612,0.9960198998451233,0.4331165552139282
YGL234W,YJL098W,0,,0.18776965141296387,0.9960198998451233,0.4332166016101837
YAR027W,YIL106W,0,,0.1877344399690628,0.9960198998451233,0.4333166480064392
YER074W,YMR053C,0,,0.18769922852516174,0.9960198998451233,0.4334166944026947
YJL005W,YOR355W,0,,0.18766404688358307,0.9960198998451233,0.4335167706012726
YKR071C,YLR132C,0,,0.1876288652420044,0.9960198998451233,0.4336168169975281
YPL110C,YJR040W,0,,0.18759369850158691,0.9960198998451233,0.43371686339378357
YIL110W,YDR240C,0,,0.18755854666233063,0.9960198998451233,0.43381690979003906
YOL004W,YMR308C,0,,0.18752340972423553,0.9960198998451233,0.43391695618629456
YDR129C,YOR019W,0,,0.18748828768730164,0.9960198998451233,0.43401700258255005
YPL208W,YNL224C,0,,0.18745318055152893,0.9960198998451233,0.43411704897880554
YEL029C,YPL064C,0,,0.18741808831691742,0.9960198998451233,0.43421709537506104
YLR057W,YER044C-A,0,,0.1873829960823059,0.9960198998451233,0.4343171715736389
YKL192C,YLR150W,0,,0.18734793365001678,0.9960198998451233,0.4344172179698944
YEL044W,YMR081C,0,,0.18731287121772766,0.9960198998451233,0.4345172643661499
YGR163W,YKL014C,0,,0.18727782368659973,0.9960198998451233,0.4346173107624054
YHL035C,YDR147W,0,,0.187242791056633,0.9960198998451233,0.4347173571586609
YMR019W,YOL023W,0,,0.18720777332782745,0.9960198998451233,0.4348174035549164
YPL190C,YGR112W,0,,0.1871727705001831,0.9960198998451233,0.4349174499511719
YJR035W,YDL079C,0,,0.18713778257369995,0.9960198998451233,0.43501749634742737
YER168C,YLL045C,0,,0.187102809548378,0.9960198998451233,0.43511757254600525
YDR227W,YER109C,0,,0.18706783652305603,0.9960198998451233,0.43521761894226074
YJL141C,YOL130W,0,,0.18703287839889526,0.9960198998451233,0.43531766533851624
YNL247W,YFL010W-A,0,,0.18699795007705688,0.9960198998451233,0.43541771173477173
YNL044W,YBR023C,0,,0.1869630217552185,0.9960198998451233,0.4355177581310272
YDR540C,YDR259C,0,,0.18692810833454132,0.9960198998451233,0.4356178045272827
YML082W,YMR146C,0,,0.18689320981502533,0.9960198998451233,0.4357178509235382
YMR110C,YER168C,0,,0.18685831129550934,0.9960198998451233,0.4358178973197937
YKR053C,YLR019W,0,,0.18682344257831573,0.9960198998451233,0.4359179735183716
YPL021W,YGR275W,0,,0.18678857386112213,0.9960198998451233,0.4360180199146271
YNR031C,YDL134C-A,0,,0.18675373494625092,0.9960198998451233,0.43611806631088257
YLR372W,YMR091C,0,,0.1867188960313797,0.9960198998451233,0.43621811270713806
YMR029C,YJL173C,0,,0.18668407201766968,0.9960198998451233,0.43631815910339355
YML039W,YGL175C,0,,0.18664926290512085,0.9960198998451233,0.43641820549964905
YDR292C,YKL092C,0,,0.18661446869373322,0.9960198998451233,0.43651825189590454
YLR004C,YOR032C,0,,0.18657968938350677,0.9960198998451233,0.43661829829216003
YBR212W,YKR072C,0,,0.18654491007328033,0.9960198998451233,0.4367183446884155
YDL226C,YER093C,0,,0.18651016056537628,0.9960198998451233,0.4368184208869934
YIL022W,YPR189W,0,,0.18647541105747223,0.9960198998451233,0.4369184672832489
YBR037C,YPL010W,0,,0.18644067645072937,0.9960198998451233,0.4370185136795044
YML051W,YJL014W,0,,0.1864059567451477,0.9960198998451233,0.4371185600757599
YLR300W,YPR017C,0,,0.18637125194072723,0.9960198998451233,0.4372186064720154
YGR271W,YGL231C,0,,0.18633656203746796,0.9960198998451233,0.4373186528682709
YDR145W,YJL192C,0,,0.18630188703536987,0.9960198998451233,0.43741869926452637
YOR030W,YMR231W,0,,0.1862672120332718,0.9960198998451233,0.43751874566078186
YDR308C,YDR196C,0,,0.1862325519323349,0.9960198998451233,0.43761882185935974
YGL116W,YKL137W,0,,0.1861979216337204,0.9960198998451233,0.43771886825561523
YPL253C,YOR209C,0,,0.1861632913351059,0.9960198998451233,0.4378189146518707
YOR234C,YGL006W,0,,0.1861286759376526,0.9960198998451233,0.4379189610481262
YPL043W,YMR234W,0,,0.18609407544136047,0.9960198998451233,0.4380190074443817
YNL078W,YCR087C-A,0,,0.18605947494506836,0.9960198998451233,0.4381190538406372
YNL194C,YOR101W,0,,0.18602490425109863,0.9960198998451233,0.4382191002368927
YOR081C,YKR054C,0,,0.1859903335571289,0.9960198998451233,0.4383191466331482
YNL287W,YGR258C,0,,0.18595579266548157,0.9960198998451233,0.4384192228317261
YMR061W,YOR321W,0,,0.18592125177383423,0.9960198998451233,0.43851926922798157
YPR107C,YPL057C,0,,0.18588672578334808,0.9960198998451233,0.43861931562423706
YDR429C,YBL051C,0,,0.18585221469402313,0.9960198998451233,0.43871936202049255
YNL054W-A,YGL022W,0,,0.18581770360469818,0.9960198998451233,0.43881940841674805
YCR042C,YIR018W,0,,0.18578322231769562,0.9960198998451233,0.43891945481300354
YMR121C,YCR035C,0,,0.18574874103069305,0.9960198998451233,0.43901950120925903
YGR033C,YMR229C,0,,0.18571428954601288,0.9960198998451233,0.4391195476055145
YPL249C,YDL191W,0,,0.1856798380613327,0.9960198998451233,0.4392196238040924
YOR085W,YMR001C,0,,0.18564540147781372,0.9960198998451233,0.4393196702003479
YDR261W-A,YDR092W,0,,0.18561097979545593,0.9960198998451233,0.4394197165966034
YHR047C,YKL193C,0,,0.18557657301425934,0.9960198998451233,0.4395197629928589
YKR007W,YGL179C,0,,0.18554216623306274,0.9960198998451233,0.4396198093891144
YKL221W,YLR222C,0,,0.18550778925418854,0.9960198998451233,0.4397198557853699
YBR043C,YFR052W,0,,0.18547341227531433,0.9960198998451233,0.43981990218162537
YPL008W,YGR254W,0,,0.18543905019760132,0.9960198998451233,0.43991994857788086
YLL017W,YNL037C,0,,0.1854047030210495,0.9960198998451233,0.44002002477645874
YGR108W,YOR094W,0,,0.18537037074565887,0.9960198998451233,0.44012007117271423
YHR148W,YOR343C-A,0,,0.18533605337142944,0.9960198998451233,0.4402201175689697
YKR035W-A,YIL144W,0,,0.1853017359972,0.9960198998451233,0.4403201639652252
YMR156C,YPR120C,0,,0.18526744842529297,0.9960198998451233,0.4404202103614807
YDR482C,YBR180W,0,,0.18523316085338593,0.9960198998451233,0.4405202567577362
YDR205W,YML098W,0,,0.18519888818264008,0.9960198998451233,0.4406203031539917
YHR176W,YKL196C,0,,0.18516463041305542,0.9960198998451233,0.4407203495502472
YNR057C,YGR103W,0,,0.18513038754463196,0.9960198998451233,0.4408203959465027
YPR145W,YDR392W,0,,0.1850961595773697,0.9960198998451233,0.44092047214508057
YOR372C,YKL022C,0,,0.18506193161010742,0.9960198998451233,0.44102051854133606
YCR097WB,YHR134W,0,,0.18502773344516754,0.9960198998451233,0.44112056493759155
YPR071W,YDL024C,0,,0.18499353528022766,0.9960198998451233,0.44122061133384705
YMR213W,YGL127C,0,,0.18495935201644897,0.9960198998451233,0.44132065773010254
YNL023C,YMR261C,0,,0.18492518365383148,0.9960198998451233,0.44142070412635803
YMR268C,YOR119C,0,,0.18489103019237518,0.9960198998451233,0.4415207505226135
YER149C,YER104W,0,,0.18485687673091888,0.9960198998451233,0.441620796918869
YOL017W,YCR088W,0,,0.18482275307178497,0.9960198998451233,0.4417208731174469
YER144C,YHL027W,0,,0.18478862941265106,0.9960198998451233,0.4418209195137024
YBR229C,YOR192C,0,,0.18475452065467834,0.9960198998451233,0.4419209659099579
YLR328W,YDR226W,0,,0.18472042679786682,0.9960198998451233,0.4420210123062134
YMR173W,YGR030C,0,,0.1846863478422165,0.9960198998451233,0.44212105870246887
YER013W,YDL215C,0,,0.18465228378772736,0.9960198998451233,0.44222110509872437
YLL005C,YIL130W,0,,0.18461821973323822,0.9960198998451233,0.44232115149497986
YBR183W,YMR210W,0,,0.18458418548107147,0.9960198998451233,0.44242119789123535
YDR204W,YML029W,0,,0.18455015122890472,0.9960198998451233,0.44252127408981323
YLR372W,YJL100W,0,,0.18451613187789917,0.9960198998451233,0.4426213204860687
YDR146C,YLR316C,0,,0.1844821274280548,0.9960198998451233,0.4427213668823242
YBR115C,YGL077C,0,,0.18444812297821045,0.9960198998451233,0.4428214132785797
YHR191C,YJR040W,0,,0.18441414833068848,0.9960198998451233,0.4429214596748352
YNL068C,YPL011C,0,,0.1843801736831665,0.9960198998451233,0.4430215060710907
YGL026C,YML081W,0,,0.18434622883796692,0.9960198998451233,0.4431215524673462
YCL060C,YNL245C,0,,0.18431228399276733,0.9960198998451233,0.4432215988636017
YEL069C,YBL100W-A,0,,0.18427835404872894,0.9960198998451233,0.44332167506217957
YAR066W,YMR145C,0,,0.18424443900585175,0.9960198998451233,0.44342172145843506
YMR225C,YGR024C,0,,0.18421052396297455,0.9960198998451233,0.44352176785469055
YDR191W,YBR135W,0,,0.18417663872241974,0.9960198998451233,0.44362181425094604
YEL024W,YOR362C,0,,0.18414275348186493,0.9960198998451233,0.44372186064720154
YPL010W,YPR086W,0,,0.1841088831424713,0.9960198998451233,0.44382190704345703
YML045W,YPR134W,0,,0.1840750277042389,0.9960198998451233,0.4439219534397125
YBR230C,YPL215W,0,,0.18404118716716766,0.9960198998451233,0.444021999835968
YPL146C,YNR004W,0,,0.18400734663009644,0.9960198998451233,0.4441220462322235
YML111W,YJL100W,0,,0.1839735358953476,0.9960198998451233,0.4442221224308014
YJL117W,YGL245W,0,,0.18393972516059875,0.9960198998451233,0.4443221688270569
YOR138C,YHR108W,0,,0.1839059293270111,0.9960198998451233,0.4444222152233124
YLL033W,YPR010C,0,,0.18387214839458466,0.9960198998451233,0.44452226161956787
YKR096W,YMR278W,0,,0.1838383823633194,0.9960198998451233,0.44462230801582336
YML055W,YJL094C,0,,0.18380463123321533,0.9960198998451233,0.44472235441207886
YBL102W,YIL087C,0,,0.18377088010311127,0.9960198998451233,0.44482240080833435
YLR148W,YNL111C,0,,0.1837371438741684,0.9960198998451233,0.44492244720458984
YDR323C,YPL003W,0,,0.1837034374475479,0.9960198998451233,0.4450225234031677
YNL175C,YDR222W,0,,0.18366973102092743,0.9960198998451233,0.4451225697994232
YGL037C,YMR244C-A,0,,0.18363602459430695,0.9960198998451233,0.4452226161956787
YPL190C,YKR057W,0,,0.18360234797000885,0.9960198998451233,0.4453226625919342
YIL133C,YAR014C,0,,0.18356867134571075,0.9960198998451233,0.4454227089881897
YPR104C,YFR031C-A,0,,0.18353502452373505,0.9960198998451233,0.4455227553844452
YML052W,YOR353C,0,,0.18350137770175934,0.9960198998451233,0.4456228017807007
YOR125C,YFR025C,0,,0.18346774578094482,0.9960198998451233,0.4457228481769562
YGL067W,YJL076W,0,,0.1834341287612915,0.9960198998451233,0.44582292437553406
YLL019C,YPL213W,0,,0.18340051174163818,0.9960198998451233,0.44592297077178955
YJL001W,YGL013C,0,,0.18336690962314606,0.9960198998451233,0.44602301716804504
YFR053C,YBR275C,0,,0.18333333730697632,0.9960198998451233,0.44612306356430054
YBL019W,YOR229W,0,,0.18329976499080658,0.9960198998451233,0.44622310996055603
YPL196W,YDL047W,0,,0.18326620757579803,0.9960198998451233,0.4463231563568115
YDR016C,YNL145W,0,,0.1832326501607895,0.9960198998451233,0.446423202753067
YGL047W,YHR037W,0,,0.18319912254810333,0.9960198998451233,0.4465232491493225
YDR216W,YJL174W,0,,0.18316559493541718,0.9960198998451233,0.4466233253479004
YKL087C,YLR154W-C,0,,0.1831320822238922,0.9960198998451233,0.4467233717441559
YEL022W,YJL155C,0,,0.18309858441352844,0.9960198998451233,0.4468234181404114
YDL154W,YDL145C,0,,0.18306510150432587,0.9960198998451233,0.44692346453666687
YMR046C,YDR494W,0,,0.18303163349628448,0.9960198998451233,0.44702351093292236
YHR112C,YGL096W,0,,0.1829981654882431,0.9960198998451233,0.44712355732917786
YOL042W,YPR162C,0,,0.1829647272825241,0.9960198998451233,0.44722360372543335
YIL047C,YDR273W,0,,0.18293128907680511,0.9960198998451233,0.44732365012168884
YBR298C,YPL145C,0,,0.18289786577224731,0.9960198998451233,0.4474237263202667
YOR109W,YJR109C,0,,0.1828644573688507,0.9960198998451233,0.4475237727165222
YFL026W,YMR105C,0,,0.1828310489654541,0.9960198998451233,0.4476238191127777
YBR130C,YNL209W,0,,0.1827976554632187,0.9960198998451233,0.4477238655090332
YHR152W,YGR229C,0,,0.18276429176330566,0.9960198998451233,0.4478239119052887
YOR208W,YBR109C,0,,0.18273092806339264,0.9960198998451233,0.4479239583015442
YNL271C,YDR138W,0,,0.1826975792646408,0.9960198998451233,0.4480240046977997
YGL026C,YPL276W,0,,0.18266423046588898,0.9960198998451233,0.4481240510940552
YGL256W,YNL071W,0,,0.18263091146945953,0.9960198998451233,0.44822409749031067
YML093W,YPL127C,0,,0.1825975924730301,0.9960198998451233,0.44832417368888855
YJL151C,YDR488C,0,,0.18256428837776184,0.9960198998451233,0.44842422008514404
YJL209W,YMR272C,0,,0.18253099918365479,0.9960198998451233,0.44852426648139954
YJL036W,YER007C-A,0,,0.18249772489070892,0.9960198998451233,0.44862431287765503
YBL006C,YGR169C,0,,0.18246445059776306,0.9960198998451233,0.4487243592739105
YDR091C,YER157W,0,,0.1824312061071396,0.9960198998451233,0.448824405670166
YDR359C,YDR167W,0,,0.1823979616165161,0.9960198998451233,0.4489244520664215
YLR058C,YDL227C,0,,0.18236473202705383,0.9960198998451233,0.449024498462677
YOL012C,YBR258C,0,,0.18233151733875275,0.9960198998451233,0.4491245746612549
YMR090W,YBR054W,0,,0.18229830265045166,0.9960198998451233,0.4492246210575104
YMR277W,YML120C,0,,0.18226511776447296,0.9960198998451233,0.44932466745376587
YJL093C,YPL061W,0,,0.18223193287849426,0.9960198998451233,0.44942471385002136
YIL002C,YNL009W,0,,0.18219876289367676,0.9960198998451233,0.44952476024627686
YER098W,YMR049C,0,,0.18216560781002045,0.9960198998451233,0.44962480664253235
YPL208W,YHR039C-A,0,,0.18213245272636414,0.9960198998451233,0.44972485303878784
YHR201C,YAL015C,0,,0.1820993274450302,0.9960198998451233,0.44982489943504333
YMR315W,YKL129C,0,,0.1820662021636963,0.9960198998451233,0.4499249756336212
YPL244C,YDR276C,0,,0.18203309178352356,0.9960198998451233,0.4500250220298767
YOR190W,YKR002W,0,,0.18199999630451202,0.9960198998451233,0.4501250684261322
YIL035C,YIL061C,0,,0.18196691572666168,0.9960198998451233,0.4502251148223877
YER139C,YPL138C,0,,0.18193383514881134,0.9960198998451233,0.4503251612186432
YBL101C,YPR161C,0,,0.1819007843732834,0.9960198998451233,0.4504252076148987
YGL093W,YOR077W,0,,0.18186773359775543,0.9960198998451233,0.4505252540111542
YKL041W,YOR250C,0,,0.18183469772338867,0.9960198998451233,0.45062530040740967
YMR193W,YLR233C,0,,0.1818016767501831,0.9960198998451233,0.45072537660598755
YDR385W,YMR244C-A,0,,0.18176865577697754,0.9960198998451233,0.45082542300224304
YJL042W,YBL018C,0,,0.18173566460609436,0.9960198998451233,0.45092546939849854
YPL020C,YJL174W,0,,0.18170267343521118,0.9960198998451233,0.45102551579475403
YJL149W,YDR131C,0,,0.1816696971654892,0.9960198998451233,0.4511255621910095
YLR103C,YML102W,0,,0.1816367208957672,0.9960198998451233,0.451225608587265
YAR050W,YDR041W,0,,0.18160377442836761,0.9960198998451233,0.4513256549835205
YBR043C,YIL094C,0,,0.18157082796096802,0.9960198998451233,0.451425701379776
YOR222W,YCL026C-B,0,,0.18153789639472961,0.9960198998451233,0.4515257775783539
YEL039C,YLR043C,0,,0.1815049797296524,0.9960198998451233,0.4516258239746094
YKR095W,YJL197W,0,,0.1814720779657364,0.9960198998451233,0.45172587037086487
YBR177C,YMR153W,0,,0.18143919110298157,0.9960198998451233,0.45182591676712036
YDR099W,YKL139W,0,,0.18140630424022675,0.9960198998451233,0.45192596316337585
YLR362W,YKL146W,0,,0.18137343227863312,0.9960198998451233,0.45202600955963135
YJL209W,YNR038W,0,,0.18134057521820068,0.9960198998451233,0.45212605595588684
YAL026C,YML065W,0,,0.18130773305892944,0.9960198998451233,0.45222610235214233
YJL145W,YMR047C,0,,0.1812749058008194,0.9960198998451233,0.4523261487483978
YMR305C,YBR294W,0,,0.18124207854270935,0.9960198998451233,0.4524262249469757
YNL024C,YOR187W,0,,0.1812092661857605,0.9960198998451233,0.4525262713432312
YPR196W,YLR380W,0,,0.18117646872997284,0.9960198998451233,0.4526263177394867
YNL124W,YPL210C,0,,0.18114368617534637,0.9960198998451233,0.4527263641357422
YLR440C,YMR133W,0,,0.1811109036207199,0.9960198998451233,0.4528264105319977
YLR297W,YOR010C,0,,0.18107815086841583,0.9960198998451233,0.4529264569282532
YDR082W,YAL048C,0,,0.18104539811611176,0.9960198998451233,0.45302650332450867
YKR085C,YAL039C,0,,0.18101266026496887,0.9960198998451233,0.45312654972076416
YNL111C,YMR090W,0,,0.18097993731498718,0.9960198998451233,0.45322662591934204
YAL011W,YOR133W,0,,0.1809472143650055,0.9960198998451233,0.45332667231559753
YMR318C,YPL024W,0,,0.180914506316185,0.9960198998451233,0.453426718711853
YMR193W,YCR005C,0,,0.1808818280696869,0.9960198998451233,0.4535267651081085
YMR193W,YEL043W,0,,0.1808491349220276,0.9960198998451233,0.453626811504364
YOR022C,YNL058C,0,,0.18081647157669067,0.9960198998451233,0.4537268579006195
YKL176C,YDR545W,0,,0.18078382313251495,0.9960198998451233,0.453826904296875
YPR185W,YMR190C,0,,0.18075117468833923,0.9960198998451233,0.4539269506931305
YJL092W,YER122C,0,,0.1807185411453247,0.9960198998451233,0.4540270268917084
YMR143W,YHR026W,0,,0.18068592250347137,0.9960198998451233,0.45412707328796387
YIL085C,YOR344C,0,,0.18065331876277924,0.9960198998451233,0.45422711968421936
YLL032C,YBR162W-A,0,,0.1806207150220871,0.9960198998451233,0.45432716608047485
YGL047W,YDL206W,0,,0.18058812618255615,0.9960198998451233,0.45442721247673035
YPL208W,YDR365C,0,,0.1805555522441864,0.9960198998451233,0.45452725887298584
YLR259C,YML066C,0,,0.18052299320697784,0.9960198998451233,0.45462730526924133
YDR482C,YIL134W,0,,0.18049044907093048,0.9960198998451233,0.4547273516654968
YOR258W,YKL054C,0,,0.18045790493488312,0.9960198998451233,0.4548274278640747
YPL137C,YPL046C,0,,0.18042537569999695,0.9960198998451233,0.4549274742603302
YJL054W,YPL083C,0,,0.18039286136627197,0.9960198998451233,0.4550275206565857
YLL040C,YBR146W,0,,0.1803603619337082,0.9960198998451233,0.4551275670528412
YDR515W,YOL054W,0,,0.1803278625011444,0.9960198998451233,0.4552276134490967
YNL287W,YMR207C,0,,0.18029539287090302,0.9960198998451233,0.4553276598453522
YDL209C,YJL082W,0,,0.18026292324066162,0.9960198998451233,0.45542770624160767
YBR234C,YNL284C,0,,0.18023046851158142,0.9960198998451233,0.45552775263786316
YBR008C,YOL154W,0,,0.18019801378250122,0.9960198998451233,0.45562779903411865
YKL049C,YJL053W,0,,0.1801655888557434,0.9960198998451233,0.45572787523269653
YLR145W,YMR322C,0,,0.1801331639289856,0.9960198998451233,0.455827921628952
YFL008W,YPL164C,0,,0.18010075390338898,0.9960198998451233,0.4559279680252075
YBR126C,YAL047C,0,,0.18006835877895355,0.9960198998451233,0.456028014421463
YLR305C,YJL179W,0,,0.18003597855567932,0.9960198998451233,0.4561280608177185
YJL081C,YBL101C,0,,0.1800035983324051,0.9960198998451233,0.456228107213974
YLR278C,YDR403W,0,,0.17997123301029205,0.9960198998451233,0.4563281536102295
YLL012W,YJL200C,0,,0.1799388825893402,0.9960198998451233,0.456428200006485
YPL140C,YPL058C,0,,0.17990654706954956,0.9960198998451233,0.45652827620506287
YKL061W,YIL017C,0,,0.1798742115497589,0.9960198998451233,0.45662832260131836
YJL133C-A,YJL138C,0,,0.17984189093112946,0.9960198998451233,0.45672836899757385
YGL073W,YOL102C,0,,0.1798095852136612,0.9960198998451233,0.45682841539382935
YGR186W,YGL125W,0,,0.17977729439735413,0.9960198998451233,0.45692846179008484
YER014W,YOR130C,0,,0.17974501848220825,0.9960198998451233,0.45702850818634033
YOR251C,YPL115C,0,,0.17971274256706238,0.9960198998451233,0.4571285545825958
YJL081C,YMR143W,0,,0.1796804815530777,0.9960198998451233,0.4572286009788513
YOL098C,YBR152W,0,,0.1796482354402542,0.9960198998451233,0.4573286771774292
YCR026C,YHR214C-C,0,,0.17961600422859192,0.9960198998451233,0.4574287235736847
YOL045W,YEL022W,0,,0.17958378791809082,0.9960198998451233,0.4575287699699402
YBR170C,YHL009W-A,0,,0.17955157160758972,0.9960198998451233,0.4576288163661957
YDR287W,YOL058W,0,,0.17951937019824982,0.9960198998451233,0.45772886276245117
YGR195W,YOR059C,0,,0.1794871836900711,0.9960198998451233,0.45782890915870667
YOR017W,YIL106W,0,,0.1794549971818924,0.9960198998451233,0.45792895555496216
YNL238W,YMR063W,0,,0.17942284047603607,0.9960198998451233,0.45802900195121765
YOR252W,YIR019C,0,,0.17939068377017975,0.9960198998451233,0.45812907814979553
YGR092W,YLR208W,0,,0.17935854196548462,0.9960198998451233,0.458229124546051
YBL080C,YCR024C-A,0,,0.1793264001607895,0.9960198998451233,0.4583291709423065
YMR052W,YDR406W,0,,0.17929428815841675,0.9960198998451233,0.458429217338562
YNL304W,YPL156C,0,,0.179262176156044,0.9960198998451233,0.4585292637348175
YML058W,YPL208W,0,,0.17923007905483246,0.9960198998451233,0.458629310131073
YNL133C,YGR181W,0,,0.1791979968547821,0.9960198998451233,0.4587293565273285
YML010W,YGL151W,0,,0.17916591465473175,0.9960198998451233,0.458829402923584
YJR047C,YMR180C,0,,0.17913386225700378,0.9960198998451233,0.45892947912216187
YMR260C,YLR227W-B,0,,0.17910180985927582,0.9960198998451233,0.45902952551841736
YDR170C,YDR423C,0,,0.17906977236270905,0.9960198998451233,0.45912957191467285
YLR007W,YDR261C-D,0,,0.17903773486614227,0.9960198998451233,0.45922961831092834
YGL241W,YKL163W,0,,0.1790057271718979,0.9960198998451233,0.45932966470718384
YKL062W,YML036W,0,,0.1789737194776535,0.9960198998451233,0.45942971110343933
YFL024C,YJR026W,0,,0.1789417266845703,0.9960198998451233,0.4595297574996948
YHR039C-A,YGR169C,0,,0.17890973389148712,0.9960198998451233,0.4596298038959503
YBR254C,YDL042C,0,,0.17887777090072632,0.9960198998451233,0.4597298502922058
YKL208W,YDL079C,0,,0.17884580790996552,0.9960198998451233,0.4598299264907837
YJL051W,YMR158W,0,,0.1788138598203659,0.9960198998451233,0.4599299728870392
YKL078W,YER093C,0,,0.1787819266319275,0.9960198998451233,0.4600300192832947
YCR044C,YKL013C,0,,0.17874999344348907,0.9960198998451233,0.46013006567955017
YDL222C,YDR034C-D,0,,0.17871809005737305,0.9960198998451233,0.46023011207580566
YLR189C,YLR395C,0,,0.17868618667125702,0.9960198998451233,0.46033015847206116
YHR211W,YLR398C,0,,0.17865429818630219,0.9960198998451233,0.46043020486831665
YNL177C,YPR112C,0,,0.17862240970134735,0.9960198998451233,0.46053025126457214
YKR001C,YMR192W,0,,0.1785905510187149,0.9960198998451233,0.46063032746315
YKR027W,YPL239W,0,,0.17855869233608246,0.9960198998451233,0.4607303738594055
YLR227W-A,YHR005C,0,,0.1785268485546112,0.9960198998451233,0.460830420255661
YHR043C,YLL004W,0,,0.17849500477313995,0.9960198998451233,0.4609304666519165
YLR206W,YLL052C,0,,0.1784631907939911,0.9960198998451233,0.461030513048172
YHR178W,YOR094W,0,,0.17843137681484222,0.9960198998451233,0.4611305594444275
YNL073W,YOL029C,0,,0.17839957773685455,0.9960198998451233,0.461230605840683
YBL072C,YPL215W,0,,0.17836777865886688,0.9960198998451233,0.4613306522369385
YDL188C,YGR074W,0,,0.1783360093832016,0.9960198998451233,0.46143072843551636
YPR133C,YLL052C,0,,0.17830424010753632,0.9960198998451233,0.46153077483177185
YER021W,YPL217C,0,,0.17827248573303223,0.9960198998451233,0.46163082122802734
YDL154W,YFL045C,0,,0.17824074625968933,0.9960198998451233,0.46173086762428284
YHR211W,YER011W,0,,0.17820900678634644,0.9960198998451233,0.46183091402053833
YOR380W,YMR197C,0,,0.17817728221416473,0.9960198998451233,0.4619309604167938
YIL065C,YBL058W,0,,0.17814557254314423,0.9960198998451233,0.4620310068130493
YEL051W,YLR066W,0,,0.1781138777732849,0.9960198998451233,0.4621310532093048
YOR292C,YNL270C,0,,0.1780821979045868,0.9960198998451233,0.4622311294078827
YOR226C,YMR284W,0,,0.17805051803588867,0.9960198998451233,0.4623311758041382
YBR212W,YLR313C,0,,0.17801885306835175,0.9960198998451233,0.4624312222003937
YGR257C,YBL014C,0,,0.177987203001976,0.9960198998451233,0.46253126859664917
YOR099W,YER011W,0,,0.17795555293560028,0.9960198998451233,0.46263131499290466
YMR241W,YPL117C,0,,0.17792391777038574,0.9960198998451233,0.46273136138916016
YNL148C,YDR464W,0,,0.1778923124074936,0.9960198998451233,0.46283140778541565
YOL057W,YNL173C,0,,0.17786069214344025,0.9960198998451233,0.46293145418167114
YPL180W,YML065W,0,,0.1778291016817093,0.9960198998451233,0.463031530380249
YFR040W,YDR500C,0,,0.17779751121997833,0.9960198998451233,0.4631315767765045
YOR245C,YBL016W,0,,0.17776593565940857,0.9960198998451233,0.46323162317276
YHR006W,YPR029C,0,,0.177734375,0.9960198998451233,0.4633316695690155
YDR201W,YNR028W,0,,0.17770282924175262,0.9960198998451233,0.463431715965271
YIL041W,YNL066W,0,,0.17767128348350525,0.9960198998451233,0.4635317623615265
YBL072C,YDR316W,0,,0.17763975262641907,0.9960198998451233,0.463631808757782
YNL052W,YJL123C,0,,0.17760823667049408,0.9960198998451233,0.4637318551540375
YDR261C,YMR048W,0,,0.1775767207145691,0.9960198998451233,0.46383190155029297
YOR349W,YOR158W,0,,0.1775452345609665,0.9960198998451233,0.46393197774887085
YMR015C,YPL029W,0,,0.1775137484073639,0.9960198998451233,0.46403202414512634
YOR354C,YKL033W,0,,0.1774822622537613,0.9960198998451233,0.46413207054138184
YMR008C,YBR118W,0,,0.17745080590248108,0.9960198998451233,0.46423211693763733
YFL011W,YHR135C,0,,0.17741934955120087,0.9960198998451233,0.4643321633338928
YDR339C,YBR112C,0,,0.17738790810108185,0.9960198998451233,0.4644322097301483
YKL145W,YOR007C,0,,0.17735648155212402,0.9960198998451233,0.4645322561264038
YNL097C,YIL140W,0,,0.1773250699043274,0.9960198998451233,0.4646323025226593
YHL015W,YMR118C,0,,0.17729365825653076,0.9960198998451233,0.4647323787212372
YOR303W,YGL150C,0,,0.17726226150989532,0.9960198998451233,0.4648324251174927
YDR198C,YMR093W,0,,0.17723087966442108,0.9960198998451233,0.46493247151374817
YNL175C,YLR057W,0,,0.17719949781894684,0.9960198998451233,0.46503251791000366
YDL055C,YDL230W,0,,0.17716814577579498,0.9960198998451233,0.46513256430625916
YJR138W,YHR146W,0,,0.17713679373264313,0.9960198998451233,0.46523261070251465
YNL247W,YJL154C,0,,0.17710545659065247,0.9960198998451233,0.46533265709877014
YKL152C,YLR298C,0,,0.1770741194486618,0.9960198998451233,0.46543270349502563
YOR212W,YLL012W,0,,0.17704279720783234,0.9960198998451233,0.4655327796936035
YLR391W,YNR051C,0,,0.17701148986816406,0.9960198998451233,0.465632826089859
YNL031C,YJR090C,0,,0.17698019742965698,0.9960198998451233,0.4657328724861145
YNL142W,YKL217W,0,,0.1769489198923111,0.9960198998451233,0.46583291888237
YLR242C,YDR339C,0,,0.1769176423549652,0.9960198998451233,0.4659329652786255
YPR125W,YJR123W,0,,0.17688637971878052,0.9960198998451233,0.466033011674881
YKR083C,YIL073C,0,,0.17685511708259583,0.9960198998451233,0.4661330580711365
YDR182W,YEL020W-A,0,,0.17682388424873352,0.9960198998451233,0.46623310446739197
YKL163W,YDR378C,0,,0.17679265141487122,0.9960198998451233,0.46633318066596985
YNL002C,YKR069W,0,,0.1767614334821701,0.9960198998451233,0.46643322706222534
YNL085W,YDR098C,0,,0.1767302304506302,0.9960198998451233,0.46653327345848083
YJL124C,YJR050W,0,,0.17669902741909027,0.9960198998451233,0.46663331985473633
YIL142W,YJL124C,0,,0.17666783928871155,0.9960198998451233,0.4667333662509918
YPL032C,YOR372C,0,,0.17663666605949402,0.9960198998451233,0.4668334126472473
YJL103C,YDR308C,0,,0.17660550773143768,0.9960198998451233,0.4669334590435028
YPR199C,YOR008C,0,,0.17657434940338135,0.9960198998451233,0.4670335054397583
YKR078W,YDR394W,0,,0.1765432059764862,0.9960198998451233,0.4671335816383362
YDR518W,YIL046W,0,,0.17651207745075226,0.9960198998451233,0.4672336280345917
YBL051C,YPL248C,0,,0.1764809638261795,0.9960198998451233,0.46733367443084717
YKR077W,YNL321W,0,,0.17644985020160675,0.9960198998451233,0.46743372082710266
YDL149W,YLR298C,0,,0.1764187514781952,0.9960198998451233,0.46753376722335815
YCR023C,YNR048W,0,,0.17638766765594482,0.9960198998451233,0.46763381361961365
YPL193W,YML102W,0,,0.17635658383369446,0.9960198998451233,0.46773386001586914
YBR167C,YNL287W,0,,0.17632552981376648,0.9960198998451233,0.46783390641212463
YCR023C,YLR067C,0,,0.1762944757938385,0.9960198998451233,0.4679339528083801
YGR161W-A,YFL035C-A,0,,0.17626342177391052,0.9960198998451233,0.468034029006958
YEL029C,YOL122C,0,,0.17623239755630493,0.9960198998451233,0.4681340754032135
YDL216C,YKR022C,0,,0.17620137333869934,0.9960198998451233,0.468234121799469
YNL075W,YML131W,0,,0.17617036402225494,0.9960198998451233,0.4683341681957245
YOR142W-B,YMR101C,0,,0.17613936960697174,0.9960198998451233,0.46843421459198
YJL034W,YLR093C,0,,0.17610837519168854,0.9960198998451233,0.4685342609882355
YLR066W,YKR031C,0,,0.17607739567756653,0.9960198998451233,0.46863430738449097
YGL037C,YDR180W,0,,0.1760464310646057,0.9960198998451233,0.46873435378074646
YNL081C,YHR157W,0,,0.1760154664516449,0.9960198998451233,0.46883442997932434
YOR222W,YCL026C-A,0,,0.17598453164100647,0.9960198998451233,0.46893447637557983
YEL012W,YLR336C,0,,0.17595359683036804,0.9960198998451233,0.4690345227718353
YNR030W,YKR098C,0,,0.1759226769208908,0.9960198998451233,0.4691345691680908
YPR057W,YGR287C,0,,0.17589175701141357,0.9960198998451233,0.4692346155643463
YKR055W,YOL146W,0,,0.17586085200309753,0.9960198998451233,0.4693346619606018
YOR099W,YIL158W,0,,0.1758299618959427,0.9960198998451233,0.4694347083568573
YOR340C,YMR054W,0,,0.17579908668994904,0.9960198998451233,0.4695347547531128
YNL336W,YKL012W,0,,0.17576821148395538,0.9960198998451233,0.4696348309516907
YFL013C,YOR344C,0,,0.17573736608028412,0.9960198998451233,0.46973487734794617
YLR006C,YJL173C,0,,0.17570650577545166,0.9960198998451233,0.46983492374420166
YBR096W,YJL005W,0,,0.1756756752729416,0.9960198998451233,0.46993497014045715
YJR101W,YPR100W,0,,0.17564484477043152,0.9960198998451233,0.47003501653671265
YNL148C,YPL239W,0,,0.17561402916908264,0.9960198998451233,0.47013506293296814
YBR101C,YJR091C,0,,0.17558322846889496,0.9960198998451233,0.47023510932922363
YGR193C,YBL035C,0,,0.17555244266986847,0.9960198998451233,0.4703351557254791
YDR285W,YCL044C,0,,0.17552165687084198,0.9960198998451233,0.470435231924057
YLL003W,YKL006W,0,,0.17549088597297668,0.9960198998451233,0.4705352783203125
YPL167C,YPL032C,0,,0.17546012997627258,0.9960198998451233,0.470635324716568
YPR106W,YDR017C,0,,0.17542937397956848,0.9960198998451233,0.4707353711128235
YKL185W,YJL063C,0,,0.17539863288402557,0.9960198998451233,0.470835417509079
YJL151C,YIL033C,0,,0.17536790668964386,0.9960198998451233,0.4709354639053345
YNL048W,YDR153C,0,,0.17533718049526215,0.9960198998451233,0.47103551030158997
YDR261C-D,YNL020C,0,,0.17530648410320282,0.9960198998451233,0.47113555669784546
YGL150C,YDR462W,0,,0.1752757877111435,0.9960198998451233,0.47123560309410095
YDL208W,YBL091C,0,,0.17524509131908417,0.9960198998451233,0.47133567929267883
YNL080C,YKL087C,0,,0.17521442472934723,0.9960198998451233,0.4714357256889343
YOR227W,YDR434W,0,,0.1751837581396103,0.9960198998451233,0.4715357720851898
YEL077C,YOR117W,0,,0.17515310645103455,0.9960198998451233,0.4716358184814453
YIL133C,YDR111C,0,,0.17512246966362,0.9960198998451233,0.4717358648777008
YOL012C,YLR060W,0,,0.17509183287620544,0.9960198998451233,0.4718359112739563
YNL133C,YOL054W,0,,0.1750612109899521,0.9960198998451233,0.4719359576702118
YPL150W,YHR178W,0,,0.17503060400485992,0.9960198998451233,0.4720360040664673
YLR051C,YMR229C,1,,0.17517483234405518,0.9970149397850037,0.4720360040664673
YOR194C,YLR196W,0,,0.17514421045780182,0.9970149397850037,0.47213608026504517
YMR175W,YLR288C,0,,0.17511360347270966,0.9970149397850037,0.47223612666130066
YEL022W,YDL117W,0,,0.1750829964876175,0.9970149397850037,0.47233617305755615
YML047C,YLR341W,0,,0.17505240440368652,0.9970149397850037,0.47243621945381165
YDL098C,YOR339C,0,,0.17502182722091675,0.9970149397850037,0.47253626585006714
YOR087W,YOL058W,0,,0.17499126493930817,0.9970149397850037,0.47263631224632263
YLR095C,YMR278W,0,,0.17496071755886078,0.9970149397850037,0.4727363586425781
YEL032W,YOL017W,0,,0.1749301701784134,0.9970149397850037,0.4728364050388336
YKL071W,YER019W,0,,0.1748996376991272,0.9970149397850037,0.4729364812374115
YDL142C,YJL110C,0,,0.174869105219841,0.9970149397850037,0.473036527633667
YMR179W,YKR056W,0,,0.1748386025428772,0.9970149397850037,0.4731365740299225
YLR029C,YML004C,0,,0.1748080998659134,0.9970149397850037,0.473236620426178
YOR231W,YPL082C,0,,0.17477759718894958,0.9970149397850037,0.47333666682243347
YPL211W,YMR025W,0,,0.17474712431430817,0.9970149397850037,0.47343671321868896
YJL149W,YIL098C,0,,0.17471665143966675,0.9970149397850037,0.47353675961494446
YNL300W,YLR272C,0,,0.17468619346618652,0.9970149397850037,0.47363680601119995
YKL046C,YGL045W,0,,0.1746557503938675,0.9970149397850037,0.47373688220977783
YLR239C,YLR277C,0,,0.17462530732154846,0.9970149397850037,0.4738369286060333
YNL239W,YHR204W,0,,0.17459487915039062,0.9970149397850037,0.4739369750022888
YBR080C,YGR198W,0,,0.17456446588039398,0.9970149397850037,0.4740370213985443
YLR323C,YBL092W,0,,0.17453405261039734,0.9970149397850037,0.4741370677947998
YDR146C,YIL065C,0,,0.1745036542415619,0.9970149397850037,0.4742371141910553
YDR059C,YKR099C-A,0,,0.17447327077388763,0.9970149397850037,0.4743371605873108
YER162C,YER041W,0,,0.17444290220737457,0.9970149397850037,0.4744372069835663
YKR083C,YMR072W,0,,0.1744125336408615,0.9970149397850037,0.47453728318214417
YLR406C,YOR020C,0,,0.17438217997550964,0.9970149397850037,0.47463732957839966
YOR254C,YLR333C,0,,0.17435184121131897,0.9970149397850037,0.47473737597465515
YKL073W,YMR218C,0,,0.1743215024471283,0.9970149397850037,0.47483742237091064
YJL206C,YMR039C,0,,0.17429117858409882,0.9970149397850037,0.47493746876716614
YGL139W,YDR359C,0,,0.17426086962223053,0.9970149397850037,0.47503751516342163
YOL034W,YIL114C,0,,0.17423057556152344,0.9970149397850037,0.4751375615596771
YCL024W,YMR183C,0,,0.17420028150081635,0.9970149397850037,0.4752376079559326
YBR244W,YLR401C,0,,0.17417000234127045,0.9970149397850037,0.4753376543521881
YNL088W,YLR118C,0,,0.17413972318172455,0.9970149397850037,0.475437730550766
YDR189W,YLR388W,0,,0.17410947382450104,0.9970149397850037,0.4755377769470215
YNL240C,YGR251W,0,,0.17407922446727753,0.9970149397850037,0.475637823343277
YKL069W,YBR075W,0,,0.1740489900112152,0.9970149397850037,0.47573786973953247
YGL107C,YLR295C,0,,0.1740187555551529,0.9970149397850037,0.47583791613578796
YMR305C,YER058W,0,,0.17398853600025177,0.9970149397850037,0.47593796253204346
YCR005C,YPR112C,0,,0.17395833134651184,0.9970149397850037,0.47603800892829895
YIL139C,YDR058C,0,,0.1739281415939331,0.9970149397850037,0.47613805532455444
YOR022C,YPL265W,0,,0.17389795184135437,0.9970149397850037,0.4762381315231323
YCR021C,YML064C,0,,0.17386777698993683,0.9970149397850037,0.4763381779193878
YOR142W,YNR075W,0,,0.17383761703968048,0.9970149397850037,0.4764382243156433
YLR064W,YBL050W,0,,0.17380745708942413,0.9970149397850037,0.4765382707118988
YIR011C,YPL097W,0,,0.17377731204032898,0.9970149397850037,0.4766383171081543
YNL231C,YPL112C,0,,0.17374718189239502,0.9970149397850037,0.4767383635044098
YPL163C,YIL007C,0,,0.17371706664562225,0.9970149397850037,0.4768384099006653
YKR022C,YGR268C,0,,0.1736869513988495,0.9970149397850037,0.4769384562969208
YLR115W,YDL198C,0,,0.17365685105323792,0.9970149397850037,0.47703853249549866
YIL139C,YNL314W,0,,0.17362675070762634,0.9970149397850037,0.47713857889175415
YPR137W,YML071C,0,,0.17359668016433716,0.9970149397850037,0.47723862528800964
YNL048W,YLR328W,0,,0.17356660962104797,0.9970149397850037,0.47733867168426514
YDR353W,YOR323C,0,,0.1735365390777588,0.9970149397850037,0.47743871808052063
YAL056W,YLR055C,0,,0.173506498336792,0.9970149397850037,0.4775387644767761
YLR164W,YPL273W,0,,0.1734764575958252,0.9970149397850037,0.4776388108730316
YFL011W,YMR047C,0,,0.1734464317560196,0.9970149397850037,0.4777388572692871
YGR296W,YMR049C,0,,0.173416405916214,0.9970149397850037,0.477838933467865
YHR165C,YKL141W,0,,0.17338639497756958,0.9970149397850037,0.4779389798641205
YDL174C,YMR133W,0,,0.17335639894008636,0.9970149397850037,0.478039026260376
YCR002C,YDR138W,0,,0.17332641780376434,0.9970149397850037,0.47813907265663147
YLR135W,YGR120C,0,,0.17329643666744232,0.9970149397850037,0.47823911905288696
YER087W,YEL047C,0,,0.1732664704322815,0.9970149397850037,0.47833916544914246
YJR056C,YKR100C,0,,0.17323651909828186,0.9970149397850037,0.47843921184539795
YNL130C,YDR317W,0,,0.17320656776428223,0.9970149397850037,0.47853925824165344
YPL045W,YOL020W,0,,0.1731766313314438,0.9970149397850037,0.4786393344402313
YER013W,YAL029C,0,,0.17314670979976654,0.9970149397850037,0.4787393808364868
YKL107W,YLR215C,0,,0.1731167882680893,0.9970149397850037,0.4788394272327423
YLR059C,YDR410C,0,,0.17308688163757324,0.9970149397850037,0.4789394736289978
YGL014W,YJL098W,0,,0.17305698990821838,0.9970149397850037,0.4790395200252533
YGL099W,YAR050W,0,,0.17302711308002472,0.9970149397850037,0.4791395664215088
YPL146C,YPL072W,0,,0.17299723625183105,0.9970149397850037,0.4792396128177643
YMR189W,YMR025W,0,,0.17296737432479858,0.9970149397850037,0.4793396592140198
YCL048W,YNL209W,0,,0.1729375272989273,0.9970149397850037,0.47943970561027527
YNL081C,YOR001W,0,,0.17290768027305603,0.9970149397850037,0.47953978180885315
YJL034W,YLR154W-C,0,,0.17287784814834595,0.9970149397850037,0.47963982820510864
YNL190W,YER119C,0,,0.17284803092479706,0.9970149397850037,0.47973987460136414
YPR138C,YGL103W,0,,0.17281821370124817,0.9970149397850037,0.47983992099761963
YMR199W,YNL321W,0,,0.17278841137886047,0.9970149397850037,0.4799399673938751
YNL264C,YNR036C,0,,0.17275862395763397,0.9970149397850037,0.4800400137901306
YDL222C,YOR311C,0,,0.17272883653640747,0.9970149397850037,0.4801400601863861
YLR262C,YIR013C,0,,0.17269906401634216,0.9970149397850037,0.4802401065826416
YNL180C,YNL186W,0,,0.17266930639743805,0.9970149397850037,0.4803401827812195
YFL048C,YGL045W,0,,0.17263956367969513,0.9970149397850037,0.480440229177475
YDR173C,YOR229W,0,,0.1726098209619522,0.9970149397850037,0.48054027557373047
YDR292C,YDR375C,0,,0.17258009314537048,0.9970149397850037,0.48064032196998596
YGL048C,YKL190W,0,,0.17255036532878876,0.9970149397850037,0.48074036836624146
YPL093W,YMR113W,0,,0.17252066731452942,0.9970149397850037,0.48084041476249695
YER093C,YKL096W-A,0,,0.17249096930027008,0.9970149397850037,0.48094046115875244
YOR038C,YML132W,0,,0.17246127128601074,0.9970149397850037,0.48104050755500793
YMR274C,YKR075C,0,,0.1724315881729126,0.9970149397850037,0.4811405837535858
YER021W,YBR057C,0,,0.17240191996097565,0.9970149397850037,0.4812406301498413
YGR163W,YOR205C,0,,0.1723722666501999,0.9970149397850037,0.4813406765460968
YPR120C,YLR247C,0,,0.17234262824058533,0.9970149397850037,0.4814407229423523
YOR123C,YPL003W,0,,0.17231298983097076,0.9970149397850037,0.4815407693386078
YOL132W,YLR449W,0,,0.1722833514213562,0.9970149397850037,0.4816408157348633
YJR127C,YOR017W,0,,0.17225374281406403,0.9970149397850037,0.4817408621311188
YDR367W,YPR164W,0,,0.17222413420677185,0.9970149397850037,0.48184090852737427
YIL137C,YLL005C,0,,0.17219454050064087,0.9970149397850037,0.48194098472595215
YFR040W,YPL176C,0,,0.1721649467945099,0.9970149397850037,0.48204103112220764
YLR060W,YCR030C,0,,0.1721353679895401,0.9970149397850037,0.48214107751846313
YCR079W,YBR258C,0,,0.1721058040857315,0.9970149397850037,0.48224112391471863
YLR321C,YKR039W,0,,0.1720762550830841,0.9970149397850037,0.4823411703109741
YOL033W,YCR097W,0,,0.1720467060804367,0.9970149397850037,0.4824412167072296
YDR021W,YDR434W,0,,0.1720171719789505,0.9970149397850037,0.4825412631034851
YBR020W,YDR371W,0,,0.1719876378774643,0.9970149397850037,0.4826413094997406
YLR003C,YDL087C,0,,0.17195811867713928,0.9970149397850037,0.4827413558959961
YNL147W,YOL038W,0,,0.17192861437797546,0.9970149397850037,0.482841432094574
YPL086C,YAL030W,0,,0.17189912497997284,0.9970149397850037,0.48294147849082947
YDR449C,YDL206W,0,,0.17186963558197021,0.9970149397850037,0.48304152488708496
YGR103W,YGL134W,0,,0.17184016108512878,0.9970149397850037,0.48314157128334045
YDR145W,YOL144W,0,,0.17181070148944855,0.9970149397850037,0.48324161767959595
YLR240W,YDL240W,0,,0.1717812418937683,0.9970149397850037,0.48334166407585144
YMR092C,YNR035C,0,,0.17175179719924927,0.9970149397850037,0.48344171047210693
YPL029W,YGR087C,0,,0.17172236740589142,0.9970149397850037,0.4835417568683624
YBR006W,YKL055C,0,,0.17169293761253357,0.9970149397850037,0.4836418330669403
YMR234W,YLR332W,0,,0.17166352272033691,0.9970149397850037,0.4837418794631958
YBR168W,YDL104C,0,,0.17163412272930145,0.9970149397850037,0.4838419258594513
YER072W,YJR105W,0,,0.171604722738266,0.9970149397850037,0.4839419722557068
YOR367W,YBR054W,0,,0.17157533764839172,0.9970149397850037,0.4840420186519623
YOR071C,YMR322C,0,,0.17154596745967865,0.9970149397850037,0.4841420650482178
YFR051C,YNL113W,0,,0.17151659727096558,0.9970149397850037,0.48424211144447327
YDL061C,YAL030W,0,,0.1714872568845749,0.9970149397850037,0.48434215784072876
YBR274W,YOR298C-A,0,,0.171457901597023,0.9970149397850037,0.48444223403930664
YIR032C,YBR141C,0,,0.17142857611179352,0.9970149397850037,0.48454228043556213
YKL194C,YNL156C,0,,0.17139925062656403,0.9970149397850037,0.4846423268318176
YPR131C,YIL121W,0,,0.17136994004249573,0.9970149397850037,0.4847423732280731
YPL246C,YGL051W,0,,0.17134062945842743,0.9970149397850037,0.4848424196243286
YDR476C,YOR018W,0,,0.17131133377552032,0.9970149397850037,0.4849424660205841
YCL052C,YLR342W,0,,0.17128205299377441,0.9970149397850037,0.4850425124168396
YIL079C,YLR189C,0,,0.1712527722120285,0.9970149397850037,0.4851425588130951
YDL209C,YKL210W,0,,0.1712235063314438,0.9970149397850037,0.485242635011673
YPL126W,YMR213W,0,,0.17119425535202026,0.9970149397850037,0.48534268140792847
YOR266W,YCR003W,0,,0.17116501927375793,0.9970149397850037,0.48544272780418396
YKL171W,YDR375C,0,,0.1711357831954956,0.9970149397850037,0.48554277420043945
YMR013C,YPR103W,0,,0.17110656201839447,0.9970149397850037,0.48564282059669495
YFR047C,YOR253W,0,,0.17107734084129333,0.9970149397850037,0.48574286699295044
YDR289C,YDR020C,0,,0.1710481345653534,0.9970149397850037,0.48584291338920593
YKL032C,YPL010W,0,,0.17101894319057465,0.9970149397850037,0.4859429597854614
YER065C,YJL134W,0,,0.1709897667169571,0.9970149397850037,0.4860430359840393
YPL274W,YHR203C,0,,0.17096059024333954,0.9970149397850037,0.4861430823802948
YOR335C,YLR332W,0,,0.17093142867088318,0.9970149397850037,0.4862431287765503
YGR240C,YMR009W,0,,0.17090226709842682,0.9970149397850037,0.4863431751728058
YER033C,YDR244W,0,,0.17087312042713165,0.9970149397850037,0.4864432215690613
YGL255W,YDL206W,0,,0.17084398865699768,0.9970149397850037,0.4865432679653168
YDR216W,YOR293W,0,,0.1708148717880249,0.9970149397850037,0.48664331436157227
YLR248W,YIL127C,0,,0.17078575491905212,0.9970149397850037,0.48674336075782776
YKR083C,YIR003W,0,,0.17075665295124054,0.9970149397850037,0.48684340715408325
YOR099W,YOL023W,0,,0.17072755098342896,0.9970149397850037,0.48694348335266113
YKL012W,YBR135W,0,,0.17069846391677856,0.9970149397850037,0.4870435297489166
YPR194C,YLL012W,0,,0.17066939175128937,0.9970149397850037,0.4871435761451721
YJL100W,YLR052W,0,,0.17064031958580017,0.9970149397850037,0.4872436225414276
YML045W,YIL170W,0,,0.17061127722263336,0.9970149397850037,0.4873436689376831
YLR451W,YGL216W,0,,0.17058221995830536,0.9970149397850037,0.4874437153339386
YBL112C,YPR162C,0,,0.17055319249629974,0.9970149397850037,0.4875437617301941
YNR017W,YKR018C,0,,0.17052416503429413,0.9970149397850037,0.4876438081264496
YJL014W,YPL221W,0,,0.1704951524734497,0.9970149397850037,0.48774388432502747
YOL034W,YGR199W,0,,0.17046613991260529,0.9970149397850037,0.48784393072128296
YDR210W-C,YPL218W,0,,0.17043714225292206,0.9970149397850037,0.48794397711753845
YLR224W,YOR020C,0,,0.17040815949440002,0.9970149397850037,0.48804402351379395
YJL030W,YJL194W,0,,0.17037919163703918,0.9970149397850037,0.48814406991004944
YCR035C,YJR129C,0,,0.17035022377967834,0.9970149397850037,0.48824411630630493
YPL237W,YJL174W,0,,0.1703212708234787,0.9970149397850037,0.4883441627025604
YBL105C,YPL117C,0,,0.17029231786727905,0.9970149397850037,0.4884442090988159
YKL206C,YNL066W,0,,0.1702633798122406,0.9970149397850037,0.4885442852973938
YKL097W-A,YDL010W,0,,0.17023445665836334,0.9970149397850037,0.4886443316936493
YKL132C,YGL210W-A,0,,0.17020553350448608,0.9970149397850037,0.4887443780899048
YDR098C-B,YMR158W,0,,0.17017662525177002,0.9970149397850037,0.4888444244861603
YER151C,YBL113C,0,,0.17014773190021515,0.9970149397850037,0.48894447088241577
YPL021W,YGL220W,0,,0.17011883854866028,0.9970149397850037,0.48904451727867126
YNL222W,YGL093W,0,,0.1700899749994278,0.9970149397850037,0.48914456367492676
YBR085W,YLR213C,0,,0.17006109654903412,0.9970149397850037,0.48924461007118225
YER139C,YGL219C,0,,0.17003224790096283,0.9970149397850037,0.48934468626976013
YBL027W,YGL130W,0,,0.17000339925289154,0.9970149397850037,0.4894447326660156
YMR168C,YEL018W,0,,0.16997455060482025,0.9970149397850037,0.4895447790622711
YLR312W-A,YMR118C,0,,0.16994573175907135,0.9970149397850037,0.4896448254585266
YLR289W,YER145C,0,,0.16991691291332245,0.9970149397850037,0.4897448718547821
YOL070C,YLR417W,0,,0.16988809406757355,0.9970149397850037,0.4898449182510376
YGL236C,YML118W,0,,0.16985930502414703,0.9970149397850037,0.4899449646472931
YJR150C,YML080W,0,,0.16983050107955933,0.9970149397850037,0.4900450110435486
YLR355C,YDR307W,0,,0.169801726937294,0.9970149397850037,0.49014508724212646
YBR196C,YGR097W,0,,0.1697729527950287,0.9970149397850037,0.49024513363838196
YBR177C,YBR005W,0,,0.16974419355392456,0.9970149397850037,0.49034518003463745
YER190W,YNL208W,0,,0.16971544921398163,0.9970149397850037,0.49044522643089294
YGL048C,YAL026C,0,,0.1696867048740387,0.9970149397850037,0.49054527282714844
YGR056W,YBR059C,0,,0.16965797543525696,0.9970149397850037,0.49064531922340393
YJR046W,YNL153C,0,,0.16962924599647522,0.9970149397850037,0.4907453656196594
YER165W,YNR015W,0,,0.16960054636001587,0.9970149397850037,0.4908454120159149
YLR102C,YPL265W,0,,0.16957184672355652,0.9970149397850037,0.4909454584121704
YFR038W,YGR112W,0,,0.16954314708709717,0.9970149397850037,0.4910455346107483
YMR215W,YMR238W,0,,0.169514462351799,0.9970149397850037,0.4911455810070038
YPR151C,YHL006C,0,,0.16948579251766205,0.9970149397850037,0.4912456274032593
YBR111W-A,YGR186W,0,,0.16945712268352509,0.9970149397850037,0.49134567379951477
YDL105W,YJL098W,0,,0.16942846775054932,0.9970149397850037,0.49144572019577026
YDL113C,YLR324W,0,,0.16939982771873474,0.9970149397850037,0.49154576659202576
YIL120W,YPR079W,0,,0.16937120258808136,0.9970149397850037,0.49164581298828125
YGL198W,YER053C-A,0,,0.16934257745742798,0.9970149397850037,0.49174585938453674
YJL098W,YDR051C,0,,0.1693139523267746,0.9970149397850037,0.4918459355831146
YML010W,YCL025C,0,,0.1692853569984436,0.9970149397850037,0.4919459819793701
YKR077W,YKR025W,0,,0.1692567616701126,0.9970149397850037,0.4920460283756256
YKL085W,YCR102C,0,,0.16922816634178162,0.9970149397850037,0.4921460747718811
YOL051W,YPL011C,0,,0.169199600815773,0.9970149397850037,0.4922461211681366
YDR113C,YKL176C,0,,0.1691710352897644,0.9970149397850037,0.4923461675643921
YMR190C,YIL080W,0,,0.1691424697637558,0.9970149397850037,0.4924462139606476
YFL005W,YGR084C,0,,0.1691139191389084,0.9970149397850037,0.4925462603569031
YLL051C,YKR072C,0,,0.16908538341522217,0.9970149397850037,0.49264633655548096
YGR129W,YMR283C,0,,0.16905686259269714,0.9970149397850037,0.49274638295173645
YDL121C,YGR252W,0,,0.16902834177017212,0.9970149397850037,0.49284642934799194
YIL135C,YPL009C,0,,0.1689998358488083,0.9970149397850037,0.49294647574424744
YNR055C,YCL045C,0,,0.16897132992744446,0.9970149397850037,0.49304652214050293
YFR052W,YFL014W,0,,0.16894283890724182,0.9970149397850037,0.4931465685367584
YPL007C,YIL170W,0,,0.16891436278820038,0.9970149397850037,0.4932466149330139
YLR227W-A,YGR041W,0,,0.16888588666915894,0.9970149397850037,0.4933466613292694
YOR202W,YCL029C,0,,0.1688574254512787,0.9970149397850037,0.4934467375278473
YGR067C,YIL087C,0,,0.16882897913455963,0.9970149397850037,0.4935467839241028
YOR187W,YDR394W,0,,0.16880053281784058,0.9970149397850037,0.4936468303203583
YBL076C,YOL010W,0,,0.16877210140228271,0.9970149397850037,0.49374687671661377
YJR153W,YNR012W,0,,0.16874368488788605,0.9970149397850037,0.49384692311286926
YFL025C,YMR238W,0,,0.16871526837348938,0.9970149397850037,0.49394696950912476
YDL012C,YKL150W,0,,0.1686868667602539,0.9970149397850037,0.49404701590538025
YIR033W,YMR164C,0,,0.16865848004817963,0.9970149397850037,0.49414706230163574
YLR222C,YML127W,0,,0.16863009333610535,0.9970149397850037,0.49424710869789124
YGL170C,YNL262W,0,,0.16860172152519226,0.9970149397850037,0.4943471848964691
YBR203W,YPR091C,0,,0.16857334971427917,0.9970149397850037,0.4944472312927246
YHR148W,YBR227C,0,,0.16854499280452728,0.9970149397850037,0.4945472776889801
YBL112C,YMR117C,0,,0.16851665079593658,0.9970149397850037,0.4946473240852356
YOL057W,YDR159W,0,,0.1684883087873459,0.9970149397850037,0.4947473704814911
YDR461W,YDL206W,0,,0.16845998167991638,0.9970149397850037,0.4948474168777466
YLR405W,YDR452W,0,,0.16843166947364807,0.9970149397850037,0.4949474632740021
YKL092C,YLR345W,0,,0.16840335726737976,0.9970149397850037,0.49504750967025757
YJR147W,YDR235W,0,,0.16837505996227264,0.9970149397850037,0.49514758586883545
YML033W,YPL218W,0,,0.16834677755832672,0.9970149397850037,0.49524763226509094
YMR176W,YDL102W,0,,0.1683184951543808,0.9970149397850037,0.49534767866134644
YDR352W,YCR060W,0,,0.16829022765159607,0.9970149397850037,0.49544772505760193
YGL062W,YBR146W,0,,0.16826196014881134,0.9970149397850037,0.4955477714538574
YOR045W,YKL217W,0,,0.1682337075471878,0.9970149397850037,0.4956478178501129
YOR115C,YJL204C,0,,0.16820546984672546,0.9970149397850037,0.4957478642463684
YPR083W,YER042W,0,,0.16817724704742432,0.9970149397850037,0.4958479106426239
YGR283C,YMR089C,0,,0.16814902424812317,0.9970149397850037,0.4959479868412018
YBL080C,YNL299W,0,,0.16812080144882202,0.9970149397850037,0.4960480332374573
YFR038W,YLR225C,0,,0.16809260845184326,0.9970149397850037,0.49614807963371277
YKL138C,YER139C,0,,0.1680644005537033,0.9970149397850037,0.49624812602996826
YBR294W,YMR210W,0,,0.16803622245788574,0.9970149397850037,0.49634817242622375
YER123W,YLR016C,0,,0.16800804436206818,0.9970149397850037,0.49644821882247925
YML075C,YMR205C,0,,0.1679798811674118,0.9970149397850037,0.49654826521873474
YDR109C,YLR293C,0,,0.16795173287391663,0.9970149397850037,0.49664831161499023
YPR105C,YPL087W,0,,0.16792358458042145,0.9970149397850037,0.4967483878135681
YMR286W,YOR327C,0,,0.16789543628692627,0.9970149397850037,0.4968484342098236
YIR038C,YNL236W,0,,0.16786731779575348,0.9970149397850037,0.4969484806060791
YCR097WB,YPR004C,0,,0.1678391993045807,0.9970149397850037,0.4970485270023346
YDR410C,YKL176C,0,,0.1678110808134079,0.9970149397850037,0.4971485733985901
YDR159W,YML056C,0,,0.1677829921245575,0.9970149397850037,0.4972486197948456
YDL054C,YJL103C,0,,0.1677549034357071,0.9970149397850037,0.4973486661911011
YDR257C,YFR028C,0,,0.1677268147468567,0.9970149397850037,0.49744871258735657
YJL006C,YOR142W,0,,0.16769874095916748,0.9970149397850037,0.49754878878593445
YGL139W,YJL110C,0,,0.16767068207263947,0.9970149397850037,0.49764883518218994
YNL093W,YPL252C,0,,0.16764262318611145,0.9970149397850037,0.49774888157844543
YNL190W,YGR145W,0,,0.16761459410190582,0.9970149397850037,0.4978489279747009
YLR028C,YOR383C,0,,0.167586550116539,0.9970149397850037,0.4979489743709564
YCR086W,YJL103C,0,,0.16755852103233337,0.9970149397850037,0.4980490207672119
YPL156C,YJL050W,0,,0.16753050684928894,0.9970149397850037,0.4981490671634674
YJR078W,YNL132W,0,,0.1675025075674057,0.9970149397850037,0.4982491135597229
YAL024C,YHR096C,0,,0.16747450828552246,0.9970149397850037,0.4983491599559784
YBR155W,YKL063C,0,,0.16744652390480042,0.9970149397850037,0.4984492361545563
YPL268W,YML024W,0,,0.16741853952407837,0.9970149397850037,0.49854928255081177
YMR115W,YBR026C,0,,0.1673905849456787,0.9970149397850037,0.49864932894706726
YLR329W,YCL004W,0,,0.16736261546611786,0.9970149397850037,0.49874937534332275
YBR218C,YPR046W,0,,0.1673346757888794,0.9970149397850037,0.49884942173957825
YNL142W,YDR240C,0,,0.16730673611164093,0.9970149397850037,0.49894946813583374
YER149C,YBL100W-B,0,,0.16727879643440247,0.9970149397850037,0.49904951453208923
YNL309W,YBL113C,0,,0.1672508716583252,0.9970149397850037,0.4991495609283447
YBR234C,YBL029C-A,0,,0.16722296178340912,0.9970149397850037,0.4992496371269226
YOR083W,YCR070W,0,,0.16719506680965424,0.9970149397850037,0.4993496835231781
YNL142W,YML132W,0,,0.16716717183589935,0.9970149397850037,0.4994497299194336
YOR125C,YOR178C,0,,0.16713927686214447,0.9970149397850037,0.4995497763156891
YJL078C,YDL217C,0,,0.16711141169071198,0.9970149397850037,0.4996498227119446
YDR201W,YIR021W,0,,0.16708354651927948,0.9970149397850037,0.4997498691082001
YPR037C,YDL002C,0,,0.16705568134784698,0.9970149397850037,0.49984991550445557
YMR093W,YLR026C,0,,0.16702783107757568,0.9970149397850037,0.49994996190071106
YKL092C,YNL126W,0,,0.16699999570846558,0.9970149397850037,0.5000500082969666
YCR079W,YDL045W-A,0,,0.16697217524051666,0.9970149397850037,0.5001500844955444
YDR343C,YDR218C,0,,0.16694435477256775,0.9970149397850037,0.5002501010894775
YJL213W,YNR019W,0,,0.16691653430461884,0.9970149397850037,0.5003501772880554
YOR312C,YGR172C,0,,0.1668887436389923,0.9970149397850037,0.5004502534866333
YML033W,YHR079C,0,,0.16686095297336578,0.9970149397850037,0.5005502700805664
YOL145C,YGL122C,0,,0.16683316230773926,0.9970149397850037,0.5006503462791443
YJL187C,YJL179W,0,,0.16680538654327393,0.9970149397850037,0.5007503628730774
YFL011W,YDR222W,0,,0.1667776256799698,0.9970149397850037,0.5008504390716553
YLR044C,YDR452W,0,,0.16674987971782684,0.9970149397850037,0.5009504556655884
YBR279W,YDR208W,0,,0.1667221337556839,0.9970149397850037,0.5010505318641663
YDR160W,YLR022C,0,,0.16669438779354095,0.9970149397850037,0.5011505484580994
YGL038C,YDL206W,0,,0.1666666716337204,0.9970149397850037,0.5012506246566772
YDR243C,YLR315W,0,,0.16663895547389984,0.9970149397850037,0.5013507008552551
YPR023C,YBR216C,0,,0.16661123931407928,0.9970149397850037,0.5014507174491882
YKL073W,YNL023C,0,,0.16658353805541992,0.9970149397850037,0.5015507936477661
YDL135C,YHR134W,0,,0.16655585169792175,0.9970149397850037,0.5016508102416992
YBR239C,YLR017W,0,,0.16652816534042358,0.9970149397850037,0.5017508864402771
YOR255W,YER078C,0,,0.1665004938840866,0.9970149397850037,0.5018509030342102
YJR137C,YHR080C,0,,0.16647283732891083,0.9970149397850037,0.5019509792327881
YER078C,YMR090W,0,,0.16644518077373505,0.9970149397850037,0.5020509958267212
YOR147W,YBR125C,0,,0.16641753911972046,0.9970149397850037,0.5021510720252991
YER015W,YFR024C-A,0,,0.16638989746570587,0.9970149397850037,0.502251148223877
YMR309C,YDL211C,0,,0.16636227071285248,0.9970149397850037,0.5023511648178101
YBR223C,YOR028C,0,,0.16633465886116028,0.9970149397850037,0.5024512410163879
YBL045C,YKL094W,0,,0.16630704700946808,0.9970149397850037,0.502551257610321
YHR188C,YML038C,0,,0.16627945005893707,0.9970149397850037,0.5026513338088989
YDR276C,YPR037C,0,,0.16625186800956726,0.9970149397850037,0.502751350402832
YGL111W,YLR312W-A,0,,0.16622428596019745,0.9970149397850037,0.5028514266014099
YLR220W,YNL056W,0,,0.16619671881198883,0.9970149397850037,0.5029515027999878
YMR268C,YCR083W,0,,0.1661691516637802,0.9970149397850037,0.5030515193939209
YDL072C,YBR115C,0,,0.1661415994167328,0.9970149397850037,0.5031515955924988
YDL215C,YLR270W,0,,0.16611406207084656,0.9970149397850037,0.5032516121864319
YBL005W-B,YML126C,0,,0.16608652472496033,0.9970149397850037,0.5033516883850098
YLR166C,YJR091C,0,,0.1660590022802353,0.9970149397850037,0.5034517049789429
YPL099C,YDR404C,0,,0.16603147983551025,0.9970149397850037,0.5035517811775208
YPL098C,YNL066W,0,,0.1660039722919464,0.9970149397850037,0.5036517977714539
YJL018W,YPR175W,0,,0.16597647964954376,0.9970149397850037,0.5037518739700317
YNL177C,YOR266W,0,,0.1659489870071411,0.9970149397850037,0.5038519501686096
YBL038W,YLR390W-A,0,,0.16592150926589966,0.9970149397850037,0.5039519667625427
YPL032C,YDR349C,0,,0.1658940464258194,0.9970149397850037,0.5040520429611206
YPL063W,YIL046W,0,,0.16586658358573914,0.9970149397850037,0.5041520595550537
YFR033C,YDR541C,0,,0.16583912074565887,0.9970149397850037,0.5042521357536316
YPL198W,YDR273W,0,,0.165811687707901,0.9970149397850037,0.5043521523475647
YDR367W,YDR472W,0,,0.16578425467014313,0.9970149397850037,0.5044522285461426
YJR125C,YFL018C,0,,0.16575682163238525,0.9970149397850037,0.5045523047447205
YHR157W,YDR365C,0,,0.16572940349578857,0.9970149397850037,0.5046523213386536
YCR034W,YMR053C,0,,0.1657020002603531,0.9970149397850037,0.5047523975372314
YJL004C,YDL213C,0,,0.1656745970249176,0.9970149397850037,0.5048524141311646
YDR324C,YGR091W,0,,0.1656472086906433,0.9970149397850037,0.5049524903297424
YBL113C,YGR057C,0,,0.1656198352575302,0.9970149397850037,0.5050525069236755
YBR234C,YAR003W,0,,0.16559246182441711,0.9970149397850037,0.5051525831222534
YDL148C,YMR239C,0,,0.1655651032924652,0.9970149397850037,0.5052525997161865
YNL247W,YIL117C,0,,0.1655377447605133,0.9970149397850037,0.5053526759147644
YKL093W,YHR191C,0,,0.1655104011297226,0.9970149397850037,0.5054527521133423
YLR194C,YJL128C,0,,0.16548307240009308,0.9970149397850037,0.5055527687072754
YDR148C,YDR210W-A,0,,0.16545574367046356,0.9970149397850037,0.5056528449058533
YPL141C,YGR271C-A,0,,0.16542842984199524,0.9970149397850037,0.5057528614997864
YGL026C,YOR293W,0,,0.16540111601352692,0.9970149397850037,0.5058529376983643
YIL091C,YHL050C,0,,0.1653738170862198,0.9970149397850037,0.5059529542922974
YNL245C,YDR213W,0,,0.16534653306007385,0.9970149397850037,0.5060530304908752
YPR114W,YPR056W,0,,0.16531924903392792,0.9970149397850037,0.5061530470848083
YNL284C-A,YIL017W,0,,0.16529197990894318,0.9970149397850037,0.5062531232833862
YDL153C,YDR007W,0,,0.16526472568511963,0.9970149397850037,0.5063531994819641
YPL006W,YML004C,0,,0.16523747146129608,0.9970149397850037,0.5064532160758972
YOL006C,YIL069C,0,,0.16521021723747253,0.9970149397850037,0.5065532922744751
YOL027C,YNR054C,0,,0.16518299281597137,0.9970149397850037,0.5066533088684082
YIL156W,YDR090C,0,,0.16515575349330902,0.9970149397850037,0.5067533850669861
YBR275C,YFR024C-A,0,,0.16512854397296906,0.9970149397850037,0.5068534016609192
YER062C,YDL156W,0,,0.1651013344526291,0.9970149397850037,0.5069534778594971
YGL067W,YBR162C,0,,0.16507413983345032,0.9970149397850037,0.507053554058075
YFR031C,YLR132C,0,,0.16504694521427155,0.9970149397850037,0.5071535706520081
YNL247W,YIL075C,0,,0.16501976549625397,0.9970149397850037,0.5072536468505859
YML133C,YPL129W,0,,0.1649925857782364,0.9970149397850037,0.507353663444519
YLR071C,YBR212W,0,,0.16496542096138,0.9970149397850037,0.5074537396430969
YPL018W,YDR098C-A,0,,0.16493827104568481,0.9970149397850037,0.50755375623703
YDR482C,YNR018W,0,,0.16491112112998962,0.9970149397850037,0.5076538324356079
YLR344W,YPR160W,0,,0.16488398611545563,0.9970149397850037,0.507753849029541
YGL111W,YGL125W,0,,0.16485686600208282,0.9970149397850037,0.5078539252281189
YPL268W,YGL065C,0,,0.16482974588871002,0.9970149397850037,0.5079540014266968
YPL040C,YKL186C,0,,0.16480262577533722,0.9970149397850037,0.5080540180206299
YPL232W,YNL223W,0,,0.1647755354642868,0.9970149397850037,0.5081540942192078
YNL243W,YPR152C,0,,0.1647484451532364,0.9970149397850037,0.5082541108131409
YMR319C,YOR187W,0,,0.16472135484218597,0.9970149397850037,0.5083541870117188
YLR260W,YHR083W,0,,0.16469427943229675,0.9970149397850037,0.5084542036056519
YDL031W,YCR020W-B,0,,0.16466721892356873,0.9970149397850037,0.5085542798042297
YLR022C,YIL021W,0,,0.1646401584148407,0.9970149397850037,0.5086543560028076
YNL278W,YDL126C,0,,0.16461311280727386,0.9970149397850037,0.5087543725967407
YBR029C,YIR021W,0,,0.16458606719970703,0.9970149397850037,0.5088544487953186
YLR256W-A,YDL188C,0,,0.1645590364933014,0.9970149397850037,0.5089544653892517
YNL071W,YGR057C,0,,0.16453202068805695,0.9970149397850037,0.5090545415878296
YLR163C,YBR038W,0,,0.1645050048828125,0.9970149397850037,0.5091545581817627
YML046W,YDL014W,0,,0.16447800397872925,0.9970149397850037,0.5092546343803406
YLR208W,YIL148W,0,,0.164451003074646,0.9970149397850037,0.5093546509742737
YBR199W,YKR052C,0,,0.16442401707172394,0.9970149397850037,0.5094547271728516
YHR091C,YLR289W,0,,0.16439704596996307,0.9970149397850037,0.5095548033714294
YBR136W,YER073W,0,,0.1643700748682022,0.9970149397850037,0.5096548199653625
YGL144C,YOR316C,0,,0.16434311866760254,0.9970149397850037,0.5097548961639404
YMR087W,YNL123W,0,,0.16431616246700287,0.9970149397850037,0.5098549127578735
YKL018W,YKL157W,0,,0.1642892211675644,0.9970149397850037,0.5099549889564514
YGL008C,YHR146W,0,,0.1642622947692871,0.9970149397850037,0.5100550055503845
YOR157C,YDR281C,0,,0.16423536837100983,0.9970149397850037,0.5101550817489624
YCR071C,YPL122C,0,,0.16420845687389374,0.9970149397850037,0.5102550983428955
YEL012W,YNL126W,0,,0.16418154537677765,0.9970149397850037,0.5103551745414734
YGL047W,YDL018C,0,,0.16415464878082275,0.9970149397850037,0.5104552507400513
YBL035C,YLL045C,0,,0.16412776708602905,0.9970149397850037,0.5105552673339844
YER167W,YPL115C,0,,0.16410088539123535,0.9970149397850037,0.5106553435325623
YLR362W,YDR438W,0,,0.16407401859760284,0.9970149397850037,0.5107553601264954
YKL138C-A,YGR271W,0,,0.16404715180397034,0.9970149397850037,0.5108554363250732
YGR161W-A,YPL104W,0,,0.16402029991149902,0.9970149397850037,0.5109554529190063
YLR372W,YBL085W,0,,0.1639934480190277,0.9970149397850037,0.5110555291175842
YOL119C,YBR257W,0,,0.1639666110277176,0.9970149397850037,0.5111556053161621
YKL217W,YPR103W,0,,0.16393978893756866,0.9970149397850037,0.5112556219100952
YJR031C,YAR035W,0,,0.16391296684741974,0.9970149397850037,0.5113556981086731
YHR051W,YOR340C,0,,0.163886159658432,0.9970149397850037,0.5114557147026062
YOL145C,YFL035C,0,,0.16385936737060547,0.9970149397850037,0.5115557909011841
YDR480W,YLL010C,0,,0.16383257508277893,0.9970149397850037,0.5116558074951172
YOR382W,YJR088C,0,,0.1638057827949524,0.9970149397850037,0.5117558836936951
YIR028W,YKL067W,0,,0.16377900540828705,0.9970149397850037,0.5118559002876282
YBL063W,YGR278W,0,,0.1637522429227829,0.9970149397850037,0.511955976486206
YEL071W,YKL006W,0,,0.16372549533843994,0.9970149397850037,0.5120560526847839
YGR285C,YDL193W,0,,0.16369874775409698,0.9970149397850037,0.512156069278717
YLL005C,YJL010C,0,,0.16367200016975403,0.9970149397850037,0.5122561454772949
YFL045C,YPL265W,0,,0.16364526748657227,0.9970149397850037,0.512356162071228
YLR405W,YPL163C,0,,0.1636185497045517,0.9970149397850037,0.5124562382698059
YDR104C,YBL089W,0,,0.16359183192253113,0.9970149397850037,0.512556254863739
YBR057C,YOR316C,0,,0.16356512904167175,0.9970149397850037,0.5126563310623169
YFL013C,YGL053W,0,,0.16353844106197357,0.9970149397850037,0.5127564072608948
YGR056W,YGR091W,0,,0.1635117530822754,0.9970149397850037,0.5128564238548279
YIR034C,YBL040C,0,,0.1634850651025772,0.9970149397850037,0.5129565000534058
YCR045C,YBL008W-A,0,,0.16345840692520142,0.9970149397850037,0.5130565166473389
YNL182C,YGR041W,0,,0.16343173384666443,0.9970149397850037,0.5131565928459167
YEL039C,YDR064W,0,,0.16340509057044983,0.9970149397850037,0.5132566094398499
YML049C,YKL194C,0,,0.16337844729423523,0.9970149397850037,0.5133566856384277
YNR023W,YDR155C,0,,0.16335180401802063,0.9970149397850037,0.5134567022323608
YLR262C,YMR039C,0,,0.16332519054412842,0.9970149397850037,0.5135567784309387
YBR037C,YER165W,0,,0.163298562169075,0.9970149397850037,0.5136568546295166
YKL074C,YBR268W,0,,0.163271963596344,0.9970149397850037,0.5137568712234497
YOL112W,YBR109C,0,,0.16324535012245178,0.9970149397850037,0.5138569474220276
YNL236W,YNL110C,0,,0.16321876645088196,0.9970149397850037,0.5139569640159607
YIL122W,YBR060C,0,,0.16319218277931213,0.9970149397850037,0.5140570402145386
YLR051C,YPL196W,0,,0.1631656140089035,0.9970149397850037,0.5141570568084717
YHR014W,YPL179W,0,,0.16313904523849487,0.9970149397850037,0.5142571330070496
YFR044C,YLR157C,0,,0.16311249136924744,0.9970149397850037,0.5143571496009827
YIL023C,YOR142W-A,0,,0.1630859375,0.9970149397850037,0.5144572257995605
YBL005W-A,YLR193C,0,,0.16305939853191376,0.9970149397850037,0.5145573019981384
YKR077W,YOR299W,0,,0.16303285956382751,0.9970149397850037,0.5146573185920715
YDR191W,YDL107W,0,,0.16300635039806366,0.9970149397850037,0.5147573947906494
YIL040W,YBR169C,0,,0.1629798263311386,0.9970149397850037,0.5148574113845825
YBR261C,YIL159W,0,,0.16295333206653595,0.9970149397850037,0.5149574875831604
YER125W,YIL069C,0,,0.1629268229007721,0.9970149397850037,0.5150575041770935
YLR024C,YBR060C,0,,0.16290034353733063,0.9970149397850037,0.5151575803756714
YMR029C,YKL074C,0,,0.16287386417388916,0.9970149397850037,0.5152576565742493
YMR024W,YBR233W-A,0,,0.1628473848104477,0.9970149397850037,0.5153576731681824
YMR059W,YDR082W,0,,0.1628209352493286,0.9970149397850037,0.5154577493667603
YER087C-B,YHR216W,0,,0.16279447078704834,0.9970149397850037,0.5155577659606934
YJL014W,YGR078C,0,,0.16276803612709045,0.9970149397850037,0.5156578421592712
YOR122C,YNL067W,0,,0.16274160146713257,0.9970149397850037,0.5157578587532043
YBR044C,YFL045C,0,,0.16271516680717468,0.9970149397850037,0.5158579349517822
YBR281C,YJR083C,0,,0.162688747048378,0.9970149397850037,0.5159579515457153
YDR378C,YOR210W,0,,0.1626623421907425,0.9970149397850037,0.5160580277442932
YBL031W,YMR291W,0,,0.162635937333107,0.9970149397850037,0.5161581039428711
YNR003C,YKL003C,0,,0.1626095473766327,0.9970149397850037,0.5162581205368042
YAL063C,YFR038W,0,,0.1625831574201584,0.9970149397850037,0.5163581967353821
YJL178C,YIL061C,0,,0.16255678236484528,0.9970149397850037,0.5164582133293152
YOR258W,YDL052C,0,,0.16253040730953217,0.9970149397850037,0.5165582895278931
YBR114W,YPL050C,0,,0.16250404715538025,0.9970149397850037,0.5166583061218262
YER019W,YKL074C,0,,0.16247770190238953,0.9970149397850037,0.516758382320404
YOR140W,YHR069C,0,,0.1624513566493988,0.9970149397850037,0.5168584585189819
YMR033W,YIL144W,0,,0.16242502629756927,0.9970149397850037,0.516958475112915
YHL002W,YOR339C,0,,0.16239871084690094,0.9970149397850037,0.5170585513114929
YFL052W,YBR217W,0,,0.1623723804950714,0.9970149397850037,0.517158567905426
YGL014W,YJL124C,0,,0.16234607994556427,0.9970149397850037,0.5172586441040039
YPL046C,YIL158W,0,,0.16231977939605713,0.9970149397850037,0.517358660697937
YBR248C,YFR040W,0,,0.16229349374771118,0.9970149397850037,0.5174587368965149
YPL119C,YOR192C,0,,0.16226720809936523,0.9970149397850037,0.517558753490448
YKL163W,YDR410C,0,,0.16224093735218048,0.9970149397850037,0.5176588296890259
YPR112C,YJL069C,1,,0.1623765528202057,0.998009979724884,0.5176588296890259
YIL156W,YPL010W,0,,0.16235028207302094,0.998009979724884,0.5177589058876038
YKL006C-A,YML013W,0,,0.162323996424675,0.998009979724884,0.5178589224815369
YGR048W,YGL167C,0,,0.16229774057865143,0.998009979724884,0.5179589986801147
YLR309C,YDL124W,0,,0.16227146983146667,0.998009979724884,0.5180590152740479
YKR092C,YDR406W,0,,0.1622452288866043,0.998009979724884,0.5181590914726257
YGL094C,YOR214C,0,,0.16221898794174194,0.998009979724884,0.5182591080665588
YDR076W,YEL020W-A,0,,0.16219276189804077,0.998009979724884,0.5183591842651367
YGL008C,YMR197C,0,,0.1621665358543396,0.998009979724884,0.5184592008590698
YJR101W,YJL111W,0,,0.16214030981063843,0.998009979724884,0.5185592770576477
YAL016W,YNL270C,0,,0.16211411356925964,0.998009979724884,0.5186593532562256
YPR091C,YDL049C,0,,0.16208791732788086,0.998009979724884,0.5187593698501587
YDL064W,YLR360W,0,,0.16206172108650208,0.998009979724884,0.5188594460487366
YDL209C,YKL137W,0,,0.16203553974628448,0.998009979724884,0.5189594626426697
YKL165C,YPR180W,0,,0.1620093733072281,0.998009979724884,0.5190595388412476
YNL239W,YPR204W,0,,0.1619832068681717,0.998009979724884,0.5191595554351807
YMR019W,YGL171W,0,,0.1619570553302765,0.998009979724884,0.5192596316337585
YDR212W,YPR052C,0,,0.1619309037923813,0.998009979724884,0.5193597078323364
YPL037C,YAL068C,0,,0.16190476715564728,0.998009979724884,0.5194597244262695
YMR227C,YJL034W,0,,0.16187863051891327,0.998009979724884,0.5195598006248474
YOL016C,YHR122W,0,,0.16185250878334045,0.998009979724884,0.5196598172187805
YER137C,YGR183C,0,,0.16182640194892883,0.998009979724884,0.5197598934173584
YLR391W,YLR274W,0,,0.1618002951145172,0.998009979724884,0.5198599100112915
YDR214W,YNL261W,0,,0.1617741882801056,0.998009979724884,0.5199599862098694
YGR166W,YGL018C,0,,0.16174811124801636,0.998009979724884,0.5200600028038025
YLR092W,YCR042C,0,,0.16172201931476593,0.998009979724884,0.5201600790023804
YMR092C,YPR009W,0,,0.1616959571838379,0.998009979724884,0.5202601552009583
YNR071C,YKR069W,0,,0.16166989505290985,0.998009979724884,0.5203601717948914
YPL178W,YLR332W,0,,0.1616438329219818,0.998009979724884,0.5204602479934692
YPL064C,YKL197C,0,,0.16161778569221497,0.998009979724884,0.5205602645874023
YPL004C,YNR072W,0,,0.16159175336360931,0.998009979724884,0.5206603407859802
YDL074C,YJL096W,0,,0.16156572103500366,0.998009979724884,0.5207603573799133
YGL150C,YJR132W,0,,0.1615397036075592,0.998009979724884,0.5208604335784912
YMR077C,YOR085W,0,,0.16151368618011475,0.998009979724884,0.5209605097770691
YGR225W,YDL004W,0,,0.16148768365383148,0.998009979724884,0.5210605263710022
YML111W,YOR343W-B,0,,0.16146168112754822,0.998009979724884,0.5211606025695801
YHR024C,YKL039W,0,,0.16143569350242615,0.998009979724884,0.5212606191635132
YOR126C,YDL014W,0,,0.16140972077846527,0.998009979724884,0.5213606953620911
YGL201C,YBL011W,0,,0.1613837480545044,0.998009979724884,0.5214607119560242
YDL035C,YHR138C,0,,0.1613577902317047,0.998009979724884,0.521560788154602
YGR108W,YLR299W,0,,0.16133183240890503,0.998009979724884,0.5216608047485352
YOR158W,YMR154C,0,,0.16130588948726654,0.998009979724884,0.521760880947113
YDR527W,YBR015C,0,,0.16127994656562805,0.998009979724884,0.5218609571456909
YCR070W,YOL121C,0,,0.16125401854515076,0.998009979724884,0.521960973739624
YGL019W,YMR009W,0,,0.16122810542583466,0.998009979724884,0.5220610499382019
YDR429C,YBR014C,0,,0.16120219230651855,0.998009979724884,0.522161066532135
YLR442C,YML006C,0,,0.16117627918720245,0.998009979724884,0.5222611427307129
YGR216C,YER115C,0,,0.16115038096904755,0.998009979724884,0.522361159324646
YJL196C,YKL146W,0,,0.16112449765205383,0.998009979724884,0.5224612355232239
YMR260C,YIL017C,0,,0.16109861433506012,0.998009979724884,0.522561252117157
YFL023W,YKR093W,0,,0.1610727459192276,0.998009979724884,0.5226613283157349
YIL153W,YPR134W,0,,0.16104689240455627,0.998009979724884,0.5227614045143127
YDL181W,YLR293C,0,,0.16102102398872375,0.998009979724884,0.5228614211082458
YDR500C,YMR177W,0,,0.16099518537521362,0.998009979724884,0.5229614973068237
YDR257C,YMR079W,0,,0.1609693467617035,0.998009979724884,0.5230615139007568
YHR175W,YML038C,0,,0.16094352304935455,0.998009979724884,0.5231615900993347
YMR227C,YMR296C,0,,0.16091769933700562,0.998009979724884,0.5232616066932678
YML133C,YGR074W,0,,0.16089189052581787,0.998009979724884,0.5233616828918457
YHR014W,YIL036W,0,,0.16086608171463013,0.998009979724884,0.5234617590904236
YKL026C,YBL101W-B,0,,0.16084028780460358,0.998009979724884,0.5235617756843567
YEL041W,YDR051C,0,,0.16081449389457703,0.998009979724884,0.5236618518829346
YOR078W,YGR247W,0,,0.16078871488571167,0.998009979724884,0.5237618684768677
YJL078C,YDR091C,0,,0.1607629358768463,0.998009979724884,0.5238619446754456
YER090W,YHR170W,0,,0.16073718667030334,0.998009979724884,0.5239619612693787
YML028W,YCR003W,0,,0.16071142256259918,0.998009979724884,0.5240620374679565
YKR100C,YOR328W,0,,0.1606856733560562,0.998009979724884,0.5241620540618896
YPL129W,YPL249C,0,,0.16065993905067444,0.998009979724884,0.5242621302604675
YLR258W,YBR293W,0,,0.16063420474529266,0.998009979724884,0.5243622064590454
YGL060W,YBR274W,0,,0.16060848534107208,0.998009979724884,0.5244622230529785
YHR019C,YJR119C,0,,0.1605827659368515,0.998009979724884,0.5245622992515564
YER149C,YDR489W,0,,0.16055706143379211,0.998009979724884,0.5246623158454895
YKR071C,YOR377W,0,,0.16053137183189392,0.998009979724884,0.5247623920440674
YMR210W,YPR196W,0,,0.16050568222999573,0.998009979724884,0.5248624086380005
YPL079W,YDR316W,0,,0.16047999262809753,0.998009979724884,0.5249624848365784
YGR030C,YKL113C,0,,0.16045433282852173,0.998009979724884,0.5250625610351562
YOR065W,YDR394W,0,,0.16042865812778473,0.998009979724884,0.5251625776290894
YJL117W,YNR013C,0,,0.16040301322937012,0.998009979724884,0.5252626538276672
YBL029C-A,YBR109C,0,,0.1603773534297943,0.998009979724884,0.5253626704216003
YJL127C,YGR145W,0,,0.1603517234325409,0.998009979724884,0.5254627466201782
YMR087W,YHL001W,0,,0.16032609343528748,0.998009979724884,0.5255627632141113
YKL119C,YJL050W,0,,0.16030046343803406,0.998009979724884,0.5256628394126892
YOR196C,YOR103C,0,,0.16027484834194183,0.998009979724884,0.5257628560066223
YJL092W,YJL208C,0,,0.1602492481470108,0.998009979724884,0.5258629322052002
YOR045W,YGL238W,0,,0.16022364795207977,0.998009979724884,0.5259630084037781
YEL027W,YMR078C,0,,0.16019804775714874,0.998009979724884,0.5260630249977112
YNL121C,YNL172W,0,,0.1601724624633789,0.998009979724884,0.5261631011962891
YOR147W,YPR018W,0,,0.16014689207077026,0.998009979724884,0.5262631177902222
YIR034C,YLL002W,0,,0.16012132167816162,0.998009979724884,0.5263631939888
YGR271W,YOR304C-A,0,,0.16009576618671417,0.998009979724884,0.5264632105827332
YDR201W,YGR287C,0,,0.16007022559642792,0.998009979724884,0.526563286781311
YMR230W,YBR208C,0,,0.16004468500614166,0.998009979724884,0.5266633033752441
YOL042W,YBL008W,0,,0.1600191444158554,0.998009979724884,0.526763379573822
YIR038C,YHR060W,0,,0.15999361872673035,0.998009979724884,0.5268634557723999
YNR015W,YDR470C,0,,0.15996810793876648,0.998009979724884,0.526963472366333
YMR213W,YML130C,0,,0.1599425971508026,0.998009979724884,0.5270635485649109
YGL019W,YGR122W,0,,0.15991708636283875,0.998009979724884,0.527163565158844
YHL002W,YHR112C,0,,0.15989160537719727,0.998009979724884,0.5272636413574219
YNL299W,YGL240W,0,,0.1598661094903946,0.998009979724884,0.527363657951355
YDL175C,YBR287W,0,,0.1598406434059143,0.998009979724884,0.5274637341499329
YER190W,YDL107W,0,,0.15981516242027283,0.998009979724884,0.5275638103485107
YGR229C,YNL300W,0,,0.15978971123695374,0.998009979724884,0.5276638269424438
YHR201C,YNR023W,0,,0.15976426005363464,0.998009979724884,0.5277639031410217
YPR144C,YER038C,0,,0.15973880887031555,0.998009979724884,0.5278639197349548
YDL181W,YGR038C-A,0,,0.15971337258815765,0.998009979724884,0.5279639959335327
YNL167C,YHR062C,0,,0.15968795120716095,0.998009979724884,0.5280640125274658
YPL135W,YBR079C,0,,0.15966252982616425,0.998009979724884,0.5281640887260437
YPR183W,YPR071W,0,,0.15963712334632874,0.998009979724884,0.5282641053199768
YHR107C,YKL029C,0,,0.15961171686649323,0.998009979724884,0.5283641815185547
YBR111W-A,YPL268W,0,,0.15958631038665771,0.998009979724884,0.5284642577171326
YGR142W,YNL059C,0,,0.1595609337091446,0.998009979724884,0.5285642743110657
YHR103W,YHR008C,0,,0.15953554213047028,0.998009979724884,0.5286643505096436
YKL071W,YOL041C,0,,0.15951018035411835,0.998009979724884,0.5287643671035767
YFL034C-A,YDR268W,0,,0.15948481857776642,0.998009979724884,0.5288644433021545
YCL008C,YDR488C,0,,0.1594594568014145,0.998009979724884,0.5289644598960876
YNL145W,YLL003W,0,,0.15943410992622375,0.998009979724884,0.5290645360946655
YGR175C,YKL180W,0,,0.1594087779521942,0.998009979724884,0.5291645526885986
YEL055C,YPL116W,0,,0.15938344597816467,0.998009979724884,0.5292646288871765
YIL062C,YMR210W,0,,0.15935811400413513,0.998009979724884,0.5293647050857544
YOR025W,YJR118C,0,,0.15933279693126678,0.998009979724884,0.5294647216796875
YOL151W,YOR028C,0,,0.15930749475955963,0.998009979724884,0.5295647978782654
YMR199W,YLL010C,0,,0.15928219258785248,0.998009979724884,0.5296648144721985
YGL104C,YKL209C,0,,0.15925690531730652,0.998009979724884,0.5297648906707764
YPR030W,YLR410W-B,0,,0.15923161804676056,0.998009979724884,0.5298649072647095
YER004W,YHR072W,0,,0.1592063456773758,0.998009979724884,0.5299649834632874
YPR097W,YLR189C,0,,0.15918108820915222,0.998009979724884,0.5300650596618652
YLR005W,YHR185C,0,,0.15915583074092865,0.998009979724884,0.5301650762557983
YMR048W,YER050C,0,,0.15913057327270508,0.998009979724884,0.5302651524543762
YGL043W,YML058W-A,0,,0.1591053307056427,0.998009979724884,0.5303651690483093
YIL099W,YFR028C,0,,0.15908008813858032,0.998009979724884,0.5304652452468872
YBL056W,YDR434W,0,,0.15905487537384033,0.998009979724884,0.5305652618408203
YOL093W,YLR131C,0,,0.15902964770793915,0.998009979724884,0.5306653380393982
YCR105W,YHR030C,0,,0.15900443494319916,0.998009979724884,0.5307653546333313
YBR261C,YPR124W,0,,0.15897923707962036,0.998009979724884,0.5308654308319092
YDR304C,YKL213C,0,,0.15895403921604156,0.998009979724884,0.5309655070304871
YBL029C-A,YLR328W,0,,0.15892885625362396,0.998009979724884,0.5310655236244202
YOR157C,YJL155C,0,,0.15890367329120636,0.998009979724884,0.531165599822998
YMR061W,YBR274W,0,,0.15887850522994995,0.998009979724884,0.5312656164169312
YDR365W-A,YNL075W,0,,0.15885333716869354,0.998009979724884,0.531365692615509
YNL056W,YOR371C,0,,0.15882818400859833,0.998009979724884,0.5314657092094421
YER129W,YDR446W,0,,0.1588030457496643,0.998009979724884,0.53156578540802
YDL072C,YNL286W,0,,0.15877790749073029,0.998009979724884,0.5316658616065979
YKL150W,YPR034W,0,,0.15875276923179626,0.998009979724884,0.531765878200531
YEL040W,YCR033W,0,,0.15872764587402344,0.998009979724884,0.5318659543991089
YDR354W,YER035W,0,,0.1587025374174118,0.998009979724884,0.531965970993042
YOR237W,YBR290W,0,,0.15867742896080017,0.998009979724884,0.5320660471916199
YJR042W,YLR382C,0,,0.15865232050418854,0.998009979724884,0.532166063785553
YGL087C,YKL091C,0,,0.1586272269487381,0.998009979724884,0.5322661399841309
YCL001W,YPL124W,0,,0.15860214829444885,0.998009979724884,0.532366156578064
YJL011C,YDR287W,0,,0.1585770696401596,0.998009979724884,0.5324662327766418
YJR034W,YOR336W,0,,0.15855200588703156,0.998009979724884,0.5325663089752197
YDR473C,YBR136W,0,,0.1585269421339035,0.998009979724884,0.5326663255691528
YBL009W,YDR082W,0,,0.15850189328193665,0.998009979724884,0.5327664017677307
YOR260W,YKL026C,0,,0.15847685933113098,0.998009979724884,0.5328664183616638
YMR278W,YGR212W,0,,0.15845181047916412,0.998009979724884,0.5329664945602417
YDL084W,YNL063W,0,,0.15842679142951965,0.998009979724884,0.5330665111541748
YPL162C,YPL196W,0,,0.15840177237987518,0.998009979724884,0.5331665873527527
YML014W,YKR056W,0,,0.1583767533302307,0.998009979724884,0.5332666039466858
YPR151C,YGR041W,0,,0.15835174918174744,0.998009979724884,0.5333666801452637
YOL028C,YKL186C,0,,0.15832675993442535,0.998009979724884,0.5334667563438416
YJL187C,YIL052C,0,,0.15830177068710327,0.998009979724884,0.5335667729377747
YDR435C,YMR288W,0,,0.1582767814397812,0.998009979724884,0.5336668491363525
YJL207C,YLR039C,0,,0.1582518070936203,0.998009979724884,0.5337668657302856
YGL121C,YPR121W,0,,0.1582268476486206,0.998009979724884,0.5338669419288635
YDR254W,YMR154C,0,,0.1582018882036209,0.998009979724884,0.5339669585227966
YNL092W,YDL235C,0,,0.1581769436597824,0.998009979724884,0.5340670347213745
YNL288W,YGR085C,0,,0.1581519991159439,0.998009979724884,0.5341671109199524
YJL210W,YHR156C,0,,0.1581270694732666,0.998009979724884,0.5342671275138855
YFL010W-A,YLL004W,0,,0.1581021398305893,0.998009979724884,0.5343672037124634
YEL005C,YGR038C-B,0,,0.15807722508907318,0.998009979724884,0.5344672203063965
YBR106W,YPR060C,0,,0.15805231034755707,0.998009979724884,0.5345672965049744
YPR024W,YLL014W,0,,0.15802741050720215,0.998009979724884,0.5346673130989075
YHR063C,YER094C,0,,0.15800252556800842,0.998009979724884,0.5347673892974854
YBR181C,YPL242C,0,,0.1579776406288147,0.998009979724884,0.5348674058914185
YPL115C,YJR129C,0,,0.15795275568962097,0.998009979724884,0.5349674820899963
YGL255W,YKL039W,0,,0.15792788565158844,0.998009979724884,0.5350675582885742
YOR187W,YMR135C,0,,0.1579030156135559,0.998009979724884,0.5351675748825073
YPL221W,YKL051W,0,,0.15787816047668457,0.998009979724884,0.5352676510810852
YGR028W,YDR291W,0,,0.15785332024097443,0.998009979724884,0.5353676676750183
YPR035W,YDR472W,0,,0.15782848000526428,0.998009979724884,0.5354677438735962
YLR113W,YOR159C,0,,0.15780365467071533,0.998009979724884,0.5355677604675293
YCL068C,YDR311W,0,,0.15777882933616638,0.998009979724884,0.5356678366661072
YBL005W,YNL202W,0,,0.15775400400161743,0.998009979724884,0.5357679128646851
YGL092W,YLL008W,0,,0.15772920846939087,0.998009979724884,0.5358679294586182
YHR029C,YCL005W-A,0,,0.1577043980360031,0.998009979724884,0.535968005657196
YDR176W,YEL012W,0,,0.15767961740493774,0.998009979724884,0.5360680222511292
YDR398W,YLR115W,0,,0.15765482187271118,0.998009979724884,0.536168098449707
YLR209C,YGL160W,0,,0.157630056142807,0.998009979724884,0.5362681150436401
YPR100W,YAL022C,0,,0.15760527551174164,0.998009979724884,0.536368191242218
YLR324W,YLR413W,0,,0.15758052468299866,0.998009979724884,0.5364682078361511
YBR253W,YLR247C,0,,0.15755575895309448,0.998009979724884,0.536568284034729
YOR249C,YNL090W,0,,0.1575310230255127,0.998009979724884,0.5366683602333069
YLR410W-A,YHR034C,0,,0.1575062870979309,0.998009979724884,0.53676837682724
YNL025C,YIL038C,0,,0.15748155117034912,0.998009979724884,0.5368684530258179
YFR055W,YNL078W,0,,0.15745683014392853,0.998009979724884,0.536968469619751
YOR274W,YAL001C,0,,0.15743210911750793,0.998009979724884,0.5370685458183289
YBR293W,YIL014W,0,,0.15740740299224854,0.998009979724884,0.537168562412262
YPL126W,YML071C,0,,0.15738271176815033,0.998009979724884,0.5372686386108398
YPL064C,YMR112C,0,,0.15735802054405212,0.998009979724884,0.537368655204773
YGR031C-A,YDR059C,0,,0.15733332931995392,0.998009979724884,0.5374687314033508
YIR022W,YIL050W,0,,0.1573086529970169,0.998009979724884,0.5375688076019287
YCR021C,YBR103W,0,,0.1572839915752411,0.998009979724884,0.5376688241958618
YKL051W,YCR024C-A,0,,0.15725933015346527,0.998009979724884,0.5377689003944397
YML133C,YLR272C,0,,0.15723468363285065,0.998009979724884,0.5378689169883728
YLR361C,YPL088W,0,,0.15721003711223602,0.998009979724884,0.5379689931869507
YER040W,YGR192C,0,,0.1571853905916214,0.998009979724884,0.5380690097808838
YLR058C,YKL067W,0,,0.15716075897216797,0.998009979724884,0.5381690859794617
YGR244C,YER169W,0,,0.15713614225387573,0.998009979724884,0.5382691621780396
YLL041C,YML109W,0,,0.1571115255355835,0.998009979724884,0.5383691787719727
YNL239W,YNL164C,0,,0.15708692371845245,0.998009979724884,0.5384692549705505
YFL011W-A,YCR088W,0,,0.1570623219013214,0.998009979724884,0.5385692715644836
YPL156C,YDL097C,0,,0.15703773498535156,0.998009979724884,0.5386693477630615
YDR225W,YEL037C,0,,0.1570131480693817,0.998009979724884,0.5387693643569946
YER054C,YDL197C,0,,0.15698857605457306,0.998009979724884,0.5388694405555725
YMR241W,YKL170W,0,,0.1569640040397644,0.998009979724884,0.5389694571495056
YHR079C-A,YJR102C,0,,0.15693944692611694,0.998009979724884,0.5390695333480835
YBR066C,YGR252W,0,,0.15691488981246948,0.998009979724884,0.5391696095466614
YJL159W,YML058W-A,0,,0.15689034759998322,0.998009979724884,0.5392696261405945
YLR289W,YOR089C,0,,0.15686580538749695,0.998009979724884,0.5393697023391724
YER172C,YDR470C,0,,0.15684127807617188,0.998009979724884,0.5394697189331055
YDR369C,YCL051W,0,,0.156816765666008,0.998009979724884,0.5395697951316833
YHR039C,YLR347C,0,,0.15679225325584412,0.998009979724884,0.5396698117256165
YJR028W,YEL053C,0,,0.15676774084568024,0.998009979724884,0.5397698879241943
YDL240W,YBR104W,0,,0.15674324333667755,0.998009979724884,0.5398699641227722
YJR027W,YGR105W,0,,0.15671874582767487,0.998009979724884,0.5399699807167053
YDR266C,YBR131W,0,,0.15669426321983337,0.998009979724884,0.5400700569152832
YML041C,YKL043W,0,,0.15666979551315308,0.998009979724884,0.5401700735092163
YPR158C-C,YDR144C,0,,0.15664532780647278,0.998009979724884,0.5402701497077942
YOR247W,YPL215W,0,,0.15662086009979248,0.998009979724884,0.5403701663017273
YNL222W,YMR087W,0,,0.15659640729427338,0.998009979724884,0.5404702425003052
YKL206C,YDL044C,0,,0.15657196938991547,0.998009979724884,0.5405702590942383
YLR256W-A,YAL038W,0,,0.15654753148555756,0.998009979724884,0.5406703352928162
YPL020C,YKL182W,0,,0.15652309358119965,0.998009979724884,0.540770411491394
YOR117W,YDR109C,0,,0.15649867057800293,0.998009979724884,0.5408704280853271
YDL181W,YDR363W,0,,0.1564742624759674,0.998009979724884,0.540970504283905
YMR304W,YPL131W,0,,0.15644985437393188,0.998009979724884,0.5410705208778381
YOR272W,YDL217C,0,,0.15642544627189636,0.998009979724884,0.541170597076416
YPR133C,YLR330W,0,,0.15640105307102203,0.998009979724884,0.5412706136703491
YJR021C,YIL123W,0,,0.1563766747713089,0.998009979724884,0.541370689868927
YJL187C,YJR131W,0,,0.15635229647159576,0.998009979724884,0.5414707064628601
YKL175W,YNL055C,0,,0.15632793307304382,0.998009979724884,0.541570782661438
YGR133W,YNR023W,0,,0.15630356967449188,0.998009979724884,0.5416708588600159
YGR065C,YOR142W-A,0,,0.15627922117710114,0.998009979724884,0.541770875453949
YGL225W,YDR221W,0,,0.1562548726797104,0.998009979724884,0.5418709516525269
YDR338C,YJL134W,0,,0.15623052418231964,0.998009979724884,0.54197096824646
YBL019W,YJL100W,0,,0.15620620548725128,0.998009979724884,0.5420710444450378
YKL166C,YMR230W,0,,0.15618187189102173,0.998009979724884,0.542171061038971
YOR007C,YCR106W,0,,0.15615755319595337,0.998009979724884,0.5422711372375488
YGR252W,YJL128C,0,,0.1561332494020462,0.998009979724884,0.5423712134361267
YGR138C,YFR028C,0,,0.15610894560813904,0.998009979724884,0.5424712300300598
YDR119W,YKL120W,0,,0.15608465671539307,0.998009979724884,0.5425713062286377
YHL028W,YPL118W,0,,0.1560603678226471,0.998009979724884,0.5426713228225708
YPL002C,YNL079C,0,,0.15603609383106232,0.998009979724884,0.5427713990211487
YGR005C,YKL026C,0,,0.15601181983947754,0.998009979724884,0.5428714156150818
YGL097W,YKL157W,0,,0.15598756074905396,0.998009979724884,0.5429714918136597
YKR044W,YBR121C,0,,0.15596330165863037,0.998009979724884,0.5430715084075928
YDR294C,YGR157W,0,,0.15593905746936798,0.998009979724884,0.5431715846061707
YGL025C,YGR132C,0,,0.1559148132801056,0.998009979724884,0.5432716608047485
YPL119C,YCR107W,0,,0.1558905839920044,0.998009979724884,0.5433716773986816
YNL097C,YLR174W,0,,0.1558663547039032,0.998009979724884,0.5434717535972595
YNL107W,YNL153C,0,,0.1558421403169632,0.998009979724884,0.5435717701911926
YIL147C,YEL041W,0,,0.1558179259300232,0.998009979724884,0.5436718463897705
YPR199C,YKL079W,0,,0.15579372644424438,0.998009979724884,0.5437718629837036
YOR106W,YPL079W,0,,0.15576952695846558,0.998009979724884,0.5438719391822815
YKL086W,YGL208W,0,,0.15574534237384796,0.998009979724884,0.5439720153808594
YIR004W,YER023W,0,,0.15572115778923035,0.998009979724884,0.5440720319747925
YHR098C,YLR274W,0,,0.15569698810577393,0.998009979724884,0.5441721081733704
YDR216W,YOR209C,0,,0.1556728184223175,0.998009979724884,0.5442721247673035
YCL060C,YCR065W,0,,0.15564866364002228,0.998009979724884,0.5443722009658813
YPL075W,YNL265C,0,,0.15562450885772705,0.998009979724884,0.5444722175598145
YLR033W,YLR376C,0,,0.15560036897659302,0.998009979724884,0.5445722937583923
YJR034W,YGR180C,0,,0.15557624399662018,0.998009979724884,0.5446723103523254
YDL225W,YDL189W,0,,0.15555210411548615,0.998009979724884,0.5447723865509033
YML039W,YGR030C,0,,0.1555279940366745,0.998009979724884,0.5448724627494812
YKL130C,YDR441C,0,,0.15550386905670166,0.998009979724884,0.5449724793434143
YMR213W,YIL044C,0,,0.1554797738790512,0.998009979724884,0.5450725555419922
YMR121C,YER039C,0,,0.15545567870140076,0.998009979724884,0.5451725721359253
YJR117W,YBR199W,0,,0.1554315835237503,0.998009979724884,0.5452726483345032
YGR084C,YIL158W,0,,0.15540750324726105,0.998009979724884,0.5453726649284363
YDR142C,YGR199W,0,,0.1553834229707718,0.998009979724884,0.5454727411270142
YKR067W,YGL105W,0,,0.15535935759544373,0.998009979724884,0.5455727577209473
YER162C,YKL176C,0,,0.15533529222011566,0.998009979724884,0.5456728339195251
YNL126W,YDR167W,0,,0.1553112417459488,0.998009979724884,0.545772910118103
YHR187W,YMR295C,0,,0.15528719127178192,0.998009979724884,0.5458729267120361
YHR188C,YIL098C,0,,0.15526315569877625,0.998009979724884,0.545973002910614
YJL081C,YPL224C,0,,0.15523912012577057,0.998009979724884,0.5460730195045471
YLL032C,YJL194W,0,,0.1552150994539261,0.998009979724884,0.546173095703125
YJL103C,YHR091C,0,,0.1551910936832428,0.998009979724884,0.5462731122970581
YGR177C,YEL031W,0,,0.15516707301139832,0.998009979724884,0.546373188495636
YDL059C,YOL124C,0,,0.15514308214187622,0.998009979724884,0.5464732646942139
YPL156C,YMR092C,0,,0.15511909127235413,0.998009979724884,0.546573281288147
YDR280W,YDR409W,0,,0.15509510040283203,0.998009979724884,0.5466733574867249
YDR164C,YIL162W,0,,0.15507112443447113,0.998009979724884,0.546773374080658
YGL060W,YDL198C,0,,0.15504714846611023,0.998009979724884,0.5468734502792358
YNL230C,YPL239W,0,,0.15502318739891052,0.998009979724884,0.546973466873169
YLL033W,YCR067C,0,,0.15499922633171082,0.998009979724884,0.5470735430717468
YPR199C,YDR316W,0,,0.1549752801656723,0.998009979724884,0.5471735596656799
YMR159C,YOL066C,0,,0.1549513339996338,0.998009979724884,0.5472736358642578
YML082W,YLR132C,0,,0.15492740273475647,0.998009979724884,0.5473737120628357
YNL229C,YEL030W,0,,0.15490347146987915,0.998009979724884,0.5474737286567688
YJR088C,YGR142W,0,,0.15487955510616302,0.998009979724884,0.5475738048553467
YLR342W,YJL057C,0,,0.1548556387424469,0.998009979724884,0.5476738214492798
YNL328C,YCL016C,0,,0.15483173727989197,0.998009979724884,0.5477738976478577
YLL032C,YMR266W,0,,0.15480783581733704,0.998009979724884,0.5478739142417908
YML028W,YPL012W,0,,0.1547839492559433,0.998009979724884,0.5479739904403687
YPR029C,YER159C,0,,0.15476006269454956,0.998009979724884,0.5480740666389465
YBR004C,YGR281W,0,,0.15473619103431702,0.998009979724884,0.5481740832328796
YLR284C,YGR109W-A,0,,0.15471231937408447,0.998009979724884,0.5482741594314575
YFL026W,YGL013C,0,,0.15468846261501312,0.998009979724884,0.5483741760253906
YOR361C,YDR235W,0,,0.15466460585594177,0.998009979724884,0.5484742522239685
YER078C,YGL079W,0,,0.15464076399803162,0.998009979724884,0.5485742688179016
YDR145W,YNL126W,0,,0.15461692214012146,0.998009979724884,0.5486743450164795
YFR044C,YMR048W,0,,0.1545930951833725,0.998009979724884,0.5487743616104126
YMR315W,YML069W,0,,0.15456926822662354,0.998009979724884,0.5488744378089905
YJR078W,YGL005C,0,,0.15454545617103577,0.998009979724884,0.5489745140075684
YDR408C,YOR339C,0,,0.154521644115448,0.998009979724884,0.5490745306015015
YPL242C,YGL139W,0,,0.15449784696102142,0.998009979724884,0.5491746068000793
YGR253C,YJL166W,0,,0.15447404980659485,0.998009979724884,0.5492746233940125
YPL171C,YBR201W,0,,0.15445026755332947,0.998009979724884,0.5493746995925903
YJL045W,YCR068W,0,,0.1544264853000641,0.998009979724884,0.5494747161865234
YIL035C,YOR189W,0,,0.1544027030467987,0.998009979724884,0.5495747923851013
YNL014W,YOR176W,0,,0.1543789505958557,0.998009979724884,0.5496748089790344
YPL198W,YGL103W,0,,0.15435518324375153,0.998009979724884,0.5497748851776123
YBR081C,YGL045W,0,,0.15433143079280853,0.998009979724884,0.5498749613761902
YKR065C,YPL015C,0,,0.15430769324302673,0.998009979724884,0.5499749779701233
YDR416W,YOR126C,0,,0.15428395569324493,0.998009979724884,0.5500750541687012
YJR086W,YNR038W,0,,0.15426023304462433,0.998009979724884,0.5501750707626343
YKL205W,YBR068C,0,,0.15423651039600372,0.998009979724884,0.5502751469612122
YKL208W,YFR038W,0,,0.15421278774738312,0.998009979724884,0.5503751635551453
YDR184C,YBR235W,0,,0.1541890799999237,0.998009979724884,0.5504752397537231
YBL072C,YDL081C,0,,0.1541653871536255,0.998009979724884,0.550575315952301
YKR081C,YOR018W,0,,0.15414169430732727,0.998009979724884,0.5506753325462341
YJL091C,YMR200W,0,,0.15411800146102905,0.998009979724884,0.550775408744812
YBR074W,YKR093W,0,,0.15409432351589203,0.998009979724884,0.5508754253387451
YNL221C,YCL004W,0,,0.1540706604719162,0.998009979724884,0.550975501537323
YBL066C,YOR007C,0,,0.15404699742794037,0.998009979724884,0.5510755181312561
YNL271C,YGR169C,0,,0.15402333438396454,0.998009979724884,0.551175594329834
YDL201W,YOR172W,0,,0.1539996862411499,0.998009979724884,0.5512756109237671
YPL249C,YNL087W,0,,0.15397605299949646,0.998009979724884,0.551375687122345
YBR230C,YJL167W,0,,0.15395241975784302,0.998009979724884,0.5514757633209229
YGL001C,YDR229W,0,,0.15392878651618958,0.998009979724884,0.551575779914856
YGL097W,YPL004C,0,,0.15390516817569733,0.998009979724884,0.5516758561134338
YGR113W,YHR082C,0,,0.15388156473636627,0.998009979724884,0.5517758727073669
YBR211C,YMR190C,0,,0.15385794639587402,0.998009979724884,0.5518759489059448
YCR066W,YDR273W,0,,0.15383435785770416,0.998009979724884,0.5519759654998779
YMR274C,YKR025W,0,,0.1538107693195343,0.998009979724884,0.5520760416984558
YKR064W,YLR166C,0,,0.15378718078136444,0.998009979724884,0.5521760582923889
YBR248C,YER015W,0,,0.15376360714435577,0.998009979724884,0.5522761344909668
YDR160W,YAL051W,0,,0.1537400335073471,0.998009979724884,0.5523762106895447
YEL056W,YHR034C,0,,0.15371647477149963,0.998009979724884,0.5524762272834778
YDR310C,YCL039W,0,,0.15369291603565216,0.998009979724884,0.5525763034820557
YPR007C,YJL083W,0,,0.15366937220096588,0.998009979724884,0.5526763200759888
YKL194C,YLR234W,0,,0.1536458283662796,0.998009979724884,0.5527763962745667
YOR122C,YPR204W,0,,0.15362229943275452,0.998009979724884,0.5528764128684998
YDR444W,YOR214C,0,,0.15359877049922943,0.998009979724884,0.5529764890670776
YPR131C,YPL011C,0,,0.15357525646686554,0.998009979724884,0.5530765652656555
YNL085W,YDR176W,0,,0.15355174243450165,0.998009979724884,0.5531765818595886
YFL018W-A,YKL205W,0,,0.15352824330329895,0.998009979724884,0.5532766580581665
YKL201C,YJL118W,0,,0.15350474417209625,0.998009979724884,0.5533766746520996
YHR119W,YJL074C,0,,0.15348125994205475,0.998009979724884,0.5534767508506775
YDR430C,YHR041C,0,,0.15345777571201324,0.998009979724884,0.5535767674446106
YLL048C,YLR143W,0,,0.15343429148197174,0.998009979724884,0.5536768436431885
YGL190C,YLR244C,0,,0.15341082215309143,0.998009979724884,0.5537768602371216
YPL150W,YIL075C,0,,0.15338736772537231,0.998009979724884,0.5538769364356995
YNR017W,YBL105C,0,,0.1533639132976532,0.998009979724884,0.5539770126342773
YBR168W,YIL023C,0,,0.15334047377109528,0.998009979724884,0.5540770292282104
YMR013C,YDR098C-A,0,,0.15331703424453735,0.998009979724884,0.5541771054267883
YBR121C,YCR067C,0,,0.15329359471797943,0.998009979724884,0.5542771220207214
YGL097W,YNL263C,0,,0.1532701700925827,0.998009979724884,0.5543771982192993
YDR291W,YOL011W,0,,0.15324676036834717,0.998009979724884,0.5544772148132324
YJL018W,YGL203C,0,,0.15322333574295044,0.998009979724884,0.5545772910118103
YKL203C,YHL050C,0,,0.1531999409198761,0.998009979724884,0.5546773672103882
YJL104W,YLR292C,0,,0.15317654609680176,0.998009979724884,0.5547773838043213
YJR117W,YDR090C,0,,0.15315315127372742,0.998009979724884,0.5548774600028992
YOR313C,YBR002C,0,,0.15312977135181427,0.998009979724884,0.5549774765968323
YKL220C,YGR227W,0,,0.15310639142990112,0.998009979724884,0.5550775527954102
YMR190C,YGR120C,0,,0.15308302640914917,0.998009979724884,0.5551775693893433
YIR038C,YLL053C,0,,0.15305966138839722,0.998009979724884,0.5552776455879211
YBR072W,YGR211W,0,,0.15303631126880646,0.998009979724884,0.5553776621818542
YER017C,YFR030W,0,,0.1530129611492157,0.998009979724884,0.5554777383804321
YHR045W,YGL130W,0,,0.15298962593078613,0.998009979724884,0.55557781457901
YOR011W,YPL131W,0,,0.15296629071235657,0.998009979724884,0.5556778311729431
YLR258W,YOL135C,0,,0.1529429703950882,0.998009979724884,0.555777907371521
YJR153W,YOR103C,0,,0.15291965007781982,0.998009979724884,0.5558779239654541
YCL068C,YPR094W,0,,0.15289634466171265,0.998009979724884,0.555978000164032
YIR038C,YOR064C,0,,0.15287303924560547,0.998009979724884,0.5560780167579651
YBR278W,YIL128W,0,,0.1528497338294983,0.998009979724884,0.556178092956543
YDR317W,YJL069C,0,,0.1528264582157135,0.998009979724884,0.5562781095504761
YPR125W,YCR043C,0,,0.15280316770076752,0.998009979724884,0.556378185749054
YAR002C-A,YIL061C,0,,0.15277989208698273,0.998009979724884,0.5564782619476318
YNL064C,YMR149W,0,,0.15275663137435913,0.998009979724884,0.5565782785415649
YBR200W-A,YDR039C,0,,0.15273337066173553,0.998009979724884,0.5566783547401428
YDR378C,YDL235C,0,,0.15271010994911194,0.998009979724884,0.5567783713340759
YPL228W,YMR308C,0,,0.15268686413764954,0.998009979724884,0.5568784475326538
YPR004C,YFR050C,0,,0.15266361832618713,0.998009979724884,0.5569784641265869
YNL103W,YHR035W,0,,0.15264038741588593,0.998009979724884,0.5570785403251648
YDR205W,YPR100W,0,,0.15261715650558472,0.998009979724884,0.5571786165237427
YOL039W,YGL079W,0,,0.1525939404964447,0.998009979724884,0.5572786331176758
YJL207C,YKL006W,0,,0.15257073938846588,0.998009979724884,0.5573787093162537
YML067C,YOR274W,0,,0.15254752337932587,0.998009979724884,0.5574787259101868
YGR224W,YDR083W,0,,0.15252433717250824,0.998009979724884,0.5575788021087646
YML016C,YLR226W,0,,0.15250113606452942,0.998009979724884,0.5576788187026978
YOR188W,YAR035W,0,,0.1524779498577118,0.998009979724884,0.5577788949012756
YBR088C,YOR344C,0,,0.15245477855205536,0.998009979724884,0.5578789114952087
YGL019W,YER117W,0,,0.15243160724639893,0.998009979724884,0.5579789876937866
YLR070C,YJL166W,0,,0.1524084508419037,0.998009979724884,0.5580790638923645
YDR244W,YDR462W,0,,0.15238529443740845,0.998009979724884,0.5581790804862976
YPL050C,YJL029C,0,,0.1523621380329132,0.998009979724884,0.5582791566848755
YHR133C,YPL104W,0,,0.15233899652957916,0.998009979724884,0.5583791732788086
YJR093C,YFL035C,0,,0.1523158699274063,0.998009979724884,0.5584792494773865
YNL032W,YOR367W,0,,0.15229274332523346,0.998009979724884,0.5585792660713196
YDL197C,YDL052C,0,,0.1522696167230606,0.998009979724884,0.5586793422698975
YFL001W,YML102W,0,,0.15224650502204895,0.998009979724884,0.5587794184684753
YGR195W,YKL053C-A,0,,0.1522234082221985,0.998009979724884,0.5588794350624084
YCR107W,YLR345W,0,,0.15220029652118683,0.998009979724884,0.5589795112609863
YIL036W,YOL116W,0,,0.15217721462249756,0.998009979724884,0.5590795278549194
YJL204C,YDL104C,0,,0.1521541327238083,0.998009979724884,0.5591796040534973
YNL243W,YGL016W,0,,0.15213105082511902,0.998009979724884,0.5592796206474304
YMR061W,YNL006W,0,,0.15210798382759094,0.998009979724884,0.5593796968460083
YDR303C,YKL082C,0,,0.15208491683006287,0.998009979724884,0.5594797134399414
YHR204W,YJL171C,0,,0.1520618498325348,0.998009979724884,0.5595797896385193
YER019W,YOR132W,0,,0.1520388126373291,0.998009979724884,0.5596798658370972
YOR377W,YNL264C,0,,0.15201576054096222,0.998009979724884,0.5597798824310303
YHR024C,YIL087C,0,,0.15199272334575653,0.998009979724884,0.5598799586296082
YDR476C,YOR016C,0,,0.15196970105171204,0.998009979724884,0.5599799752235413
YFL008W,YOR307C,0,,0.15194667875766754,0.998009979724884,0.5600800514221191
YGL189C,YNL199C,0,,0.15192365646362305,0.998009979724884,0.5601800680160522
YML025C,YOL058W,0,,0.15190064907073975,0.998009979724884,0.5602801442146301
YGL189C,YOR011W,0,,0.15187765657901764,0.998009979724884,0.5603801608085632
YGR081C,YNL122C,0,,0.15185464918613434,0.998009979724884,0.5604802370071411
YJL058C,YNL192W,0,,0.15183167159557343,0.998009979724884,0.560580313205719
YBR253W,YOL038W,0,,0.1518086940050125,0.998009979724884,0.5606803297996521
YGL256W,YBR154C,0,,0.1517857164144516,0.998009979724884,0.56078040599823
YER087C-B,YGL096W,0,,0.15176275372505188,0.998009979724884,0.5608804225921631
YOR158W,YEL036C,0,,0.15173979103565216,0.998009979724884,0.560980498790741
YOR011W,YNL006W,0,,0.15171682834625244,0.998009979724884,0.5610805153846741
YKR022C,YKL113C,0,,0.1516938954591751,0.998009979724884,0.561180591583252
YHR121W,YKL084W,0,,0.15167094767093658,0.998009979724884,0.5612806677818298
YKL061W,YMR063W,0,,0.15164801478385925,0.998009979724884,0.5613806843757629
YDR028C,YIL140W,0,,0.15162509679794312,0.998009979724884,0.5614807605743408
YHR082C,YLR019W,0,,0.15160217881202698,0.998009979724884,0.5615807771682739
YER154W,YBR101C,0,,0.15157926082611084,0.998009979724884,0.5616808533668518
YGL180W,YDL194W,0,,0.1515563577413559,0.998009979724884,0.5617808699607849
YDR104C,YNL156C,0,,0.15153346955776215,0.998009979724884,0.5618809461593628
YBR079C,YNL069C,0,,0.1515105813741684,0.998009979724884,0.5619809627532959
YDR267C,YDR178W,0,,0.15148769319057465,0.998009979724884,0.5620810389518738
YIL005W,YBR280C,0,,0.1514648199081421,0.998009979724884,0.5621811151504517
YGR007W,YKL120W,0,,0.15144194662570953,0.998009979724884,0.5622811317443848
YDR460W,YDR289C,0,,0.15141908824443817,0.998009979724884,0.5623812079429626
YEL034W,YCL044C,0,,0.1513962298631668,0.998009979724884,0.5624812245368958
YLL041C,YDL236W,0,,0.15137337148189545,0.998009979724884,0.5625813007354736
YMR276W,YJL174W,0,,0.15135054290294647,0.998009979724884,0.5626813173294067
YMR293C,YMR313C,0,,0.1513276994228363,0.998009979724884,0.5627813935279846
YER054C,YGR080W,0,,0.15130487084388733,0.998009979724884,0.5628814697265625
YOL061W,YER015W,0,,0.15128205716609955,0.998009979724884,0.5629814863204956
YKL093W,YBL058W,0,,0.15125924348831177,0.998009979724884,0.5630815625190735
YJL122W,YBR129C,0,,0.151236429810524,0.998009979724884,0.5631815791130066
YGL063W,YOR267C,0,,0.1512136310338974,0.998009979724884,0.5632816553115845
YKL221W,YBL025W,0,,0.1511908322572708,0.998009979724884,0.5633816719055176
YEL024W,YJL026W,0,,0.15116804838180542,0.998009979724884,0.5634817481040955
YCR086W,YKL084W,0,,0.15114526450634003,0.998009979724884,0.5635817646980286
YKR078W,YER168C,0,,0.15112249553203583,0.998009979724884,0.5636818408966064
YGR005C,YBR227C,0,,0.15109972655773163,0.998009979724884,0.5637819170951843
YDR235W,YLL014W,0,,0.15107697248458862,0.998009979724884,0.5638819336891174
YNR023W,YMR176W,0,,0.15105421841144562,0.998009979724884,0.5639820098876953
YFR013W,YIL127C,0,,0.1510314643383026,0.998009979724884,0.5640820264816284
YKR064W,YDR429C,0,,0.1510087251663208,0.998009979724884,0.5641821026802063
YDR079C-A,YLR084C,0,,0.15098600089550018,0.998009979724884,0.5642821192741394
YPL169C,YJR147W,0,,0.15096327662467957,0.998009979724884,0.5643821954727173
YDR414C,YBR187W,0,,0.15094055235385895,0.998009979724884,0.5644822120666504
YDR072C,YMR083W,0,,0.15091784298419952,0.998009979724884,0.5645822882652283
YDR213W,YGL012W,0,,0.1508951336145401,0.998009979724884,0.5646823644638062
YGR033C,YOR011W,0,,0.15087243914604187,0.998009979724884,0.5647823810577393
YGL107C,YNL054W-A,0,,0.15084974467754364,0.998009979724884,0.5648824572563171
YOR030W,YOR261C,0,,0.1508270651102066,0.998009979724884,0.5649824738502502
YOR204W,YGR227W,0,,0.15080438554286957,0.998009979724884,0.5650825500488281
YDR408C,YGL257C,0,,0.15078172087669373,0.998009979724884,0.5651825666427612
YGR214W,YBR167C,0,,0.15075905621051788,0.998009979724884,0.5652826428413391
YKL074C,YNL054W,0,,0.15073640644550323,0.998009979724884,0.565382719039917
YOR196C,YDR281C,0,,0.1507137417793274,0.998009979724884,0.5654827356338501
YKL172W,YJR077C,0,,0.15069110691547394,0.998009979724884,0.565582811832428
YDR406W,YGL246C,0,,0.15066847205162048,0.998009979724884,0.5656828284263611
YBR068C,YCL039W,0,,0.15064583718776703,0.998009979724884,0.565782904624939
YDR163W,YBR162W-A,0,,0.15062321722507477,0.998009979724884,0.5658829212188721
YER031C,YGL139W,0,,0.1506005972623825,0.998009979724884,0.56598299741745
YDR367W,YIL040W,0,,0.15057799220085144,0.998009979724884,0.5660830140113831
YJL058C,YDR457W,0,,0.15055538713932037,0.998009979724884,0.5661830902099609
YLR350W,YDL070W,0,,0.1505327969789505,0.998009979724884,0.5662831664085388
YKL071W,YER013W,0,,0.15051020681858063,0.998009979724884,0.5663831830024719
YFL056C,YDR309C,0,,0.15048761665821075,0.998009979724884,0.5664832592010498
YKL194C,YDR119W,0,,0.15046504139900208,0.998009979724884,0.5665832757949829
YKL201C,YLR332W,0,,0.1504424810409546,0.998009979724884,0.5666833519935608
YDR453C,YNR035C,0,,0.1504199206829071,0.998009979724884,0.5667833685874939
YPR183W,YOR354C,0,,0.15039736032485962,0.998009979724884,0.5668834447860718
YGL092W,YBR268W,0,,0.15037481486797333,0.998009979724884,0.5669835209846497
YDR016C,YBR118W,0,,0.15035226941108704,0.998009979724884,0.5670835375785828
YHL009C,YMR241W,0,,0.15032973885536194,0.998009979724884,0.5671836137771606
YHR094C,YPL086C,0,,0.15030720829963684,0.998009979724884,0.5672836303710938
YBR230C,YBR154C,0,,0.15028469264507294,0.998009979724884,0.5673837065696716
YKR102W,YCL026C-A,0,,0.15026217699050903,0.998009979724884,0.5674837231636047
YDR332W,YBL006C,0,,0.15023966133594513,0.998009979724884,0.5675837993621826
YPL169C,YDR222W,0,,0.15021716058254242,0.998009979724884,0.5676838159561157
YMR305C,YOL097C,0,,0.1501946747303009,0.998009979724884,0.5677838921546936
YDR528W,YML132W,0,,0.1501721888780594,0.998009979724884,0.5678839683532715
YJL054W,YOR171C,0,,0.15014970302581787,0.998009979724884,0.5679839849472046
YFR044C,YER104W,0,,0.15012723207473755,0.998009979724884,0.5680840611457825
YLR421C,YIL154C,0,,0.15010476112365723,0.998009979724884,0.5681840777397156
YLR353W,YLR196W,0,,0.1500823050737381,0.998009979724884,0.5682841539382935
YDR506C,YDR256C,0,,0.15005984902381897,0.998009979724884,0.5683841705322266
YMR063W,YDL119C,0,,0.15003739297389984,0.998009979724884,0.5684842467308044
YGL241W,YOR149C,0,,0.1500149518251419,0.998009979724884,0.5685842633247375
YOL057W,YJR086W,0,,0.14999252557754517,0.998009979724884,0.5686843395233154
YGR166W,YPL228W,0,,0.14997009932994843,0.998009979724884,0.5687844157218933
YBL009W,YGL065C,0,,0.14994767308235168,0.998009979724884,0.5688844323158264
YPL236C,YBR060C,0,,0.14992526173591614,0.998009979724884,0.5689845085144043
YDL175C,YDL156W,0,,0.1499028503894806,0.998009979724884,0.5690845251083374
YHR037W,YAL061W,0,,0.14988045394420624,0.998009979724884,0.5691846013069153
YJR084W,YCR044C,0,,0.14985805749893188,0.998009979724884,0.5692846179008484
YMR030W,YDR030C,0,,0.14983567595481873,0.998009979724884,0.5693846940994263
YBR196C,YML065W,0,,0.14981329441070557,0.998009979724884,0.5694847702980042
YGR112W,YGL010W,0,,0.1497909128665924,0.998009979724884,0.5695847868919373
YNL298W,YPL118W,0,,0.14976854622364044,0.998009979724884,0.5696848630905151
YDR188W,YOR088W,0,,0.14974619448184967,0.998009979724884,0.5697848796844482
YHR211W,YER060W-A,0,,0.1497238427400589,0.998009979724884,0.5698849558830261
YNL263C,YDR210W-A,0,,0.14970149099826813,0.998009979724884,0.5699849724769592
YDL198C,YDR144C,0,,0.14967915415763855,0.998009979724884,0.5700850486755371
YGR209C,YNR018W,0,,0.14965681731700897,0.998009979724884,0.5701850652694702
YGL104C,YKL087C,0,,0.1496344953775406,0.998009979724884,0.5702851414680481
YJR047C,YDR195W,0,,0.1496121734380722,0.998009979724884,0.570385217666626
YNL254C,YGR257C,0,,0.14958985149860382,0.998009979724884,0.5704852342605591
YOR034C,YOR236W,0,,0.14956754446029663,0.998009979724884,0.570585310459137
YPL230W,YJR078W,0,,0.14954525232315063,0.998009979724884,0.5706853270530701
YGL073W,YIR025W,0,,0.14952296018600464,0.998009979724884,0.570785403251648
YOR001W,YHL007C,0,,0.14950066804885864,0.998009979724884,0.570885419845581
YBL011W,YGR179C,0,,0.14947839081287384,0.998009979724884,0.5709854960441589
YKL077W,YOR255W,0,,0.14945611357688904,0.998009979724884,0.5710855722427368
YFL008W,YOR323C,0,,0.14943385124206543,0.998009979724884,0.5711855888366699
YBR290W,YOL111C,0,,0.14941158890724182,0.998009979724884,0.5712856650352478
YBR049C,YPL276W,0,,0.1493893414735794,0.998009979724884,0.5713856816291809
YKR056W,YAL042W,0,,0.149367094039917,0.998009979724884,0.5714857578277588
YNL025C,YHR084W,0,,0.14934484660625458,0.998009979724884,0.5715857744216919
YIL076W,YMR323W,0,,0.14932261407375336,0.998009979724884,0.5716858506202698
YPR006C,YLR039C,0,,0.14930038154125214,0.998009979724884,0.5717858672142029
YBR010W,YCR068W,0,,0.1492781639099121,0.998009979724884,0.5718859434127808
YOL008W,YPL223C,0,,0.14925594627857208,0.998009979724884,0.5719860196113586
YLL017W,YGL103W,0,,0.14923374354839325,0.998009979724884,0.5720860362052917
YCL020W,YBR146W,0,,0.14921154081821442,0.998009979724884,0.5721861124038696
YOL098C,YGR198W,0,,0.14918935298919678,0.998009979724884,0.5722861289978027
YML092C,YGR235C,0,,0.14916716516017914,0.998009979724884,0.5723862051963806
YGR091W,YML038C,0,,0.1491449773311615,0.998009979724884,0.5724862217903137
YDL092W,YOL052C-A,0,,0.14912280440330505,0.998009979724884,0.5725862979888916
YOL086W-A,YDR058C,0,,0.1491006463766098,0.998009979724884,0.5726863145828247
YLR103C,YLR153C,0,,0.14907847344875336,0.998009979724884,0.5727863907814026
YJR118C,YPR112C,0,,0.1490563303232193,0.998009979724884,0.5728864669799805
YFL018W-A,YCL044C,0,,0.14903417229652405,0.998009979724884,0.5729864835739136
YDL208W,YLR292C,0,,0.14901202917099,0.998009979724884,0.5730865597724915
YPL246C,YER137C-A,0,,0.14898990094661713,0.998009979724884,0.5731865763664246
YIL096C,YNL314W,0,,0.14896777272224426,0.998009979724884,0.5732866525650024
YPR055W,YDR147W,0,,0.1489456444978714,0.998009979724884,0.5733866691589355
YAL063C,YMR286W,0,,0.14892353117465973,0.998009979724884,0.5734867453575134
YLR313C,YNL024C-A,0,,0.14890141785144806,0.998009979724884,0.5735868215560913
YDR244W,YIL033C,0,,0.14887931942939758,0.998009979724884,0.5736868381500244
YLR089C,YER075C,0,,0.1488572210073471,0.998009979724884,0.5737869143486023
YHR001W,YOR197W,0,,0.14883513748645782,0.998009979724884,0.5738869309425354
YNL127W,YEL031W,0,,0.14881305396556854,0.998009979724884,0.5739870071411133
YMR113W,YPL128C,0,,0.14879098534584045,0.998009979724884,0.5740870237350464
YJL058C,YBR131W,0,,0.14876891672611237,0.998009979724884,0.5741870999336243
YBR008C,YGL166W,0,,0.14874684810638428,0.998009979724884,0.5742871165275574
YAL040C,YDR472W,0,,0.14872479438781738,0.998009979724884,0.5743871927261353
YLR301W,YNR015W,0,,0.1487027406692505,0.998009979724884,0.5744872689247131
YMR269W,YMR291W,0,,0.1486807018518448,0.998009979724884,0.5745872855186462
YGR161C-C,YEL047C,0,,0.1486586630344391,0.998009979724884,0.5746873617172241
YPR114W,YGL166W,0,,0.14863663911819458,0.998009979724884,0.5747873783111572
YPR187W,YDR140W,0,,0.14861461520195007,0.998009979724884,0.5748874545097351
YAL001C,YLL067C,0,,0.14859259128570557,0.998009979724884,0.5749874711036682
YLR325C,YMR047C,0,,0.14857058227062225,0.998009979724884,0.5750875473022461
YKL193C,YPL183C,0,,0.14854857325553894,0.998009979724884,0.575187623500824
YLR215C,YOL111C,0,,0.14852657914161682,0.998009979724884,0.5752876400947571
YMR227C,YGL231C,0,,0.1485045850276947,0.998009979724884,0.575387716293335
YNL093W,YDR494W,0,,0.14848260581493378,0.998009979724884,0.5754877328872681
YGL097W,YBR228W,0,,0.14846062660217285,0.998009979724884,0.575587809085846
YAL015C,YMR090W,0,,0.14843866229057312,0.998009979724884,0.575687825679779
YHR139C,YPR100W,0,,0.1484166979789734,0.998009979724884,0.5757879018783569
YNL259C,YOL095C,0,,0.14839473366737366,0.998009979724884,0.57588791847229
YLR378C,YIL098C,0,,0.14837278425693512,0.998009979724884,0.5759879946708679
YJL225C,YHR109W,0,,0.14835083484649658,0.998009979724884,0.5760880708694458
YJR138W,YKL126W,0,,0.14832890033721924,0.998009979724884,0.5761880874633789
YGL061C,YNL038W,0,,0.1483069658279419,0.998009979724884,0.5762881636619568
YMR110C,YIL014W,0,,0.14828503131866455,0.998009979724884,0.5763881802558899
YLR174W,YDR464W,0,,0.1482631117105484,0.998009979724884,0.5764882564544678
YOR208W,YBR136W,0,,0.14824120700359344,0.998009979724884,0.5765882730484009
YLR284C,YGL150C,0,,0.1482193022966385,0.998009979724884,0.5766883492469788
YHR110W,YGR238C,0,,0.14819739758968353,0.998009979724884,0.5767883658409119
YNR026C,YDL193W,0,,0.14817550778388977,0.998009979724884,0.5768884420394897
YOR362C,YKL022C,0,,0.148153617978096,0.998009979724884,0.5769885182380676
YLR336C,YDR039C,0,,0.14813174307346344,0.998009979724884,0.5770885348320007
YBR236C,YHR016C,0,,0.14810986816883087,0.998009979724884,0.5771886110305786
YFL005W,YMR202W,0,,0.1480879932641983,0.998009979724884,0.5772886276245117
YNL263C,YKL014C,0,,0.14806613326072693,0.998009979724884,0.5773887038230896
YNL259C,YDR399W,0,,0.14804427325725555,0.998009979724884,0.5774887204170227
YMR058W,YKR036C,0,,0.14802242815494537,0.998009979724884,0.5775887966156006
YCR048W,YIL033C,0,,0.1480005830526352,0.998009979724884,0.5776888728141785
YER033C,YBL097W,0,,0.1479787528514862,0.998009979724884,0.5777888894081116
YLR220W,YKL112W,0,,0.14795692265033722,0.998009979724884,0.5778889656066895
YPR174C,YLR244C,0,,0.14793510735034943,0.998009979724884,0.5779889822006226
YPL283C,YJR073C,0,,0.14791329205036163,0.998009979724884,0.5780890583992004
YIL047C,YPL010W,0,,0.14789147675037384,0.998009979724884,0.5781890749931335
YNL247W,YMR015C,0,,0.14786967635154724,0.998009979724884,0.5782891511917114
YDR020C,YKL113C,0,,0.14784787595272064,0.998009979724884,0.5783891677856445
YGL150C,YLR258W,0,,0.14782609045505524,0.998009979724884,0.5784892439842224
YDL012C,YOR157C,0,,0.14780430495738983,0.998009979724884,0.5785893201828003
YMR035W,YLR247C,0,,0.14778251945972443,0.998009979724884,0.5786893367767334
YPR024W,YOL108C,0,,0.14776074886322021,0.998009979724884,0.5787894129753113
YIL016W,YIL021W,0,,0.1477389931678772,0.998009979724884,0.5788894295692444
YKR049C,YNR038W,0,,0.14771723747253418,0.998009979724884,0.5789895057678223
YDR346C,YJL149W,0,,0.14769548177719116,0.998009979724884,0.5790895223617554
YDR243C,YEL032W,0,,0.14767374098300934,0.998009979724884,0.5791895985603333
YPL126W,YDR002W,0,,0.14765200018882751,0.998009979724884,0.5792896151542664
YHR037W,YBR110W,0,,0.1476302593946457,0.998009979724884,0.5793896913528442
YDR311W,YBR167C,0,,0.14760853350162506,0.998009979724884,0.5794897675514221
YER014C-A,YPL030W,0,,0.14758682250976562,0.998009979724884,0.5795897841453552
YPL262W,YHR124W,0,,0.147565096616745,0.998009979724884,0.5796898603439331
YDR292C,YLR128W,0,,0.14754340052604675,0.998009979724884,0.5797898769378662
YNL066W,YGL096W,0,,0.14752168953418732,0.998009979724884,0.5798899531364441
YNL085W,YLR353W,0,,0.14749999344348907,0.998009979724884,0.5799899697303772
YDR175C,YDL165W,0,,0.14747831225395203,0.998009979724884,0.5800900459289551
YOR090C,YGL207W,0,,0.14745663106441498,0.998009979724884,0.580190122127533
YNL247W,YPR128C,0,,0.14743494987487793,0.998009979724884,0.5802901387214661
YMR269W,YOR297C,0,,0.14741328358650208,0.998009979724884,0.580390214920044
YKL144C,YDR280W,0,,0.14739161729812622,0.998009979724884,0.580490231513977
YGR209C,YKL149C,0,,0.14736996591091156,0.998009979724884,0.5805903077125549
YGR161C-D,YDR343C,0,,0.1473483145236969,0.998009979724884,0.580690324306488
YJR088C,YBL084C,0,,0.14732667803764343,0.998009979724884,0.5807904005050659
YDL225W,YPL021W,0,,0.14730504155158997,0.998009979724884,0.580890417098999
YNL063W,YMR092C,0,,0.1472834050655365,0.998009979724884,0.5809904932975769
YDL149W,YAR031W,0,,0.14726178348064423,0.998009979724884,0.5810905694961548
YFL031W,YOR110W,0,,0.14724016189575195,0.998009979724884,0.5811905860900879
YKL124W,YDL230W,0,,0.14721855521202087,0.998009979724884,0.5812906622886658
YKL217W,YGR271C-A,0,,0.1471969485282898,0.998009979724884,0.5813906788825989
YPL020C,YDR405W,0,,0.14717534184455872,0.998009979724884,0.5814907550811768
YJL145W,YNL035C,0,,0.14715375006198883,0.998009979724884,0.5815907716751099
YFR004W,YBL091C,0,,0.14713217318058014,0.998009979724884,0.5816908478736877
YGR239C,YBR236C,0,,0.14711059629917145,0.998009979724884,0.5817909240722656
YFL011W-A,YAL047C,0,,0.14708901941776276,0.998009979724884,0.5818909406661987
YFL052W,YCR002C,0,,0.14706744253635406,0.998009979724884,0.5819910168647766
YMR065W,YMR053C,0,,0.14704588055610657,0.998009979724884,0.5820910334587097
YKR044W,YIR013C,0,,0.14702433347702026,0.998009979724884,0.5821911096572876
YOR180C,YAR035W,0,,0.14700278639793396,0.998009979724884,0.5822911262512207
YHL031C,YMR117C,0,,0.14698123931884766,0.998009979724884,0.5823912024497986
YKL180W,YGL033W,0,,0.14695970714092255,0.998009979724884,0.5824912190437317
YPR204W,YGR253C,0,,0.14693817496299744,0.998009979724884,0.5825912952423096
YDR306C,YML066C,0,,0.14691665768623352,0.998009979724884,0.5826913714408875
YBR208C,YHR090C,0,,0.1468951404094696,0.998009979724884,0.5827913880348206
YBR075W,YDR258C,0,,0.1468736231327057,0.998009979724884,0.5828914642333984
YHR211W,YJL194W,0,,0.14685212075710297,0.998009979724884,0.5829914808273315
YBL009W,YBR275C,0,,0.14683061838150024,0.998009979724884,0.5830915570259094
YLL019C,YDL111C,0,,0.14680913090705872,0.998009979724884,0.5831915736198425
YKR101W,YFL034C-A,0,,0.1467876434326172,0.998009979724884,0.5832916498184204
YBR295W,YCR030C,0,,0.14676617085933685,0.998009979724884,0.5833916664123535
YML052W,YOR020C,0,,0.14674469828605652,0.998009979724884,0.5834917426109314
YOL006C,YFL013C,0,,0.14672322571277618,0.998009979724884,0.5835918188095093
YNL127W,YJR107W,0,,0.14670176804065704,0.998009979724884,0.5836918354034424
YOL075C,YDR434W,0,,0.1466803103685379,0.998009979724884,0.5837919116020203
YOR162C,YNL231C,0,,0.14665886759757996,0.998009979724884,0.5838919281959534
YDR373W,YNL300W,0,,0.146637424826622,0.998009979724884,0.5839920043945312
YDR463W,YOR110W,0,,0.14661599695682526,0.998009979724884,0.5840920209884644
YPR199C,YGR070W,0,,0.1465945690870285,0.998009979724884,0.5841920971870422
YGL004C,YJL082W,0,,0.14657314121723175,0.998009979724884,0.5842921733856201
YKL124W,YAR071W,0,,0.1465517282485962,0.998009979724884,0.5843921899795532
YLR368W,YJL133C-A,0,,0.14653031527996063,0.998009979724884,0.5844922661781311
YMR123W,YFL048C,0,,0.14650891721248627,0.998009979724884,0.5845922827720642
YNL080C,YMR038C,0,,0.1464875191450119,0.998009979724884,0.5846923589706421
YLR016C,YJR040W,0,,0.14646612107753754,0.998009979724884,0.5847923755645752
YDR198C,YLR068W,0,,0.14644473791122437,0.998009979724884,0.5848924517631531
YNL134C,YDR494W,0,,0.1464233547449112,0.998009979724884,0.5849924683570862
YDR398W,YBR090C-A,0,,0.14640198647975922,0.998009979724884,0.5850925445556641
YBL027W,YDR058C,0,,0.14638061821460724,0.998009979724884,0.5851926207542419
YDR408C,YGR284C,0,,0.14635926485061646,0.998009979724884,0.585292637348175
YEL005C,YDR381W,0,,0.14633791148662567,0.998009979724884,0.5853927135467529
YGR152C,YNL302C,0,,0.1463165581226349,0.998009979724884,0.585492730140686
YNL282W,YKR025W,0,,0.1462952196598053,0.998009979724884,0.5855928063392639
YEL020C,YBR290W,0,,0.1462738811969757,0.998009979724884,0.585692822933197
YDR496C,YHR122W,0,,0.1462525576353073,0.998009979724884,0.5857928991317749
YGL026C,YNL183C,0,,0.14623123407363892,0.998009979724884,0.5858929753303528
YJR028W,YEL036C,0,,0.14620991051197052,0.998009979724884,0.5859929919242859
YBR244W,YLR417W,0,,0.14618860185146332,0.998009979724884,0.5860930681228638
YMR110C,YMR014W,0,,0.14616729319095612,0.998009979724884,0.5861930847167969
YOR273C,YBR230C,0,,0.1461459994316101,0.998009979724884,0.5862931609153748
YOR173W,YKL039W,0,,0.1461247056722641,0.998009979724884,0.5863931775093079
YLR382C,YFR001W,0,,0.14610342681407928,0.998009979724884,0.5864932537078857
YDL064W,YGL244W,0,,0.14608214795589447,0.998009979724884,0.5865932703018188
YKR024C,YGL150C,0,,0.14606086909770966,0.998009979724884,0.5866933465003967
YHR051W,YMR002W,0,,0.14603960514068604,0.998009979724884,0.5867934226989746
YCL019W,YPR180W,0,,0.14601834118366241,0.998009979724884,0.5868934392929077
YGL243W,YNL241C,0,,0.1459970921278,0.998009979724884,0.5869935154914856
YDL045W-A,YML011C,0,,0.14597584307193756,0.998009979724884,0.5870935320854187
YLR205C,YOR138C,0,,0.14595459401607513,0.998009979724884,0.5871936082839966
YGL062W,YJL082W,0,,0.1459333598613739,0.998009979724884,0.5872936248779297
YOR033C,YEL020C,0,,0.14591212570667267,0.998009979724884,0.5873937010765076
YGR084C,YGL054C,0,,0.14589090645313263,0.998009979724884,0.5874937176704407
YOR100C,YJL118W,0,,0.1458696871995926,0.998009979724884,0.5875937938690186
YOR227W,YCR097W,0,,0.14584848284721375,0.998009979724884,0.5876938700675964
YKL132C,YLL034C,0,,0.1458272784948349,0.998009979724884,0.5877938866615295
YER101C,YGR215W,0,,0.14580607414245605,0.998009979724884,0.5878939628601074
YJL092W,YER094C,0,,0.1457848846912384,0.998009979724884,0.5879939794540405
YMR014W,YIL022W,0,,0.14576369524002075,0.998009979724884,0.5880940556526184
YGR055W,YGR289C,0,,0.1457425206899643,0.998009979724884,0.5881940722465515
YNL021W,YPR035W,0,,0.14572134613990784,0.998009979724884,0.5882941484451294
YNL202W,YBR195C,0,,0.14570017158985138,0.998009979724884,0.5883942246437073
YKL129C,YHR111W,0,,0.14567901194095612,0.998009979724884,0.5884942412376404
YBR090C-A,YNL122C,0,,0.14565785229206085,0.998009979724884,0.5885943174362183
YNL182C,YML029W,0,,0.14563670754432678,0.998009979724884,0.5886943340301514
YMR232W,YMR237W,0,,0.1456155627965927,0.998009979724884,0.5887944102287292
YLR119W,YBR119W,0,,0.14559443295001984,0.998009979724884,0.5888944268226624
YDL168W,YMR063W,0,,0.14557328820228577,0.998009979724884,0.5889945030212402
YGR003W,YHR209W,0,,0.14555217325687408,0.998009979724884,0.5890945196151733
YDR034C-D,YIL170W,0,,0.1455310434103012,0.998009979724884,0.5891945958137512
YNL132W,YMR301C,0,,0.14550994336605072,0.998009979724884,0.5892946720123291
YIL135C,YDR155C,0,,0.14548882842063904,0.998009979724884,0.5893946886062622
YOR145C,YHR062C,0,,0.14546772837638855,0.998009979724884,0.5894947648048401
YBR271W,YKR013W,0,,0.14544662833213806,0.998009979724884,0.5895947813987732
YNL329C,YCL027C-A,0,,0.14542554318904877,0.998009979724884,0.5896948575973511
YEL051W,YHL028W,0,,0.14540445804595947,0.998009979724884,0.5897948741912842
YNL138W-A,YMR136W,0,,0.14538338780403137,0.998009979724884,0.5898949503898621
YGR163W,YDR210W,0,,0.14536231756210327,0.998009979724884,0.5899950265884399
YLL017W,YPL086C,0,,0.14534126222133636,0.998009979724884,0.590095043182373
YBR152W,YFR049W,0,,0.14532019197940826,0.998009979724884,0.5901951193809509
YLR023C,YLR297W,0,,0.14529915153980255,0.998009979724884,0.590295135974884
YNL316C,YLR233C,0,,0.14527809619903564,0.998009979724884,0.5903952121734619
YDL077C,YDR470C,0,,0.14525705575942993,0.998009979724884,0.590495228767395
YNL027W,YDR090C,0,,0.1452360302209854,0.998009979724884,0.5905953049659729
YBL058W,YAL029C,0,,0.1452150046825409,0.998009979724884,0.590695321559906
YML092C,YIL017W,0,,0.14519397914409637,0.998009979724884,0.5907953977584839
YKR019C,YNR003C,0,,0.14517296850681305,0.998009979724884,0.5908954739570618
YIL120W,YMR079W,0,,0.14515195786952972,0.998009979724884,0.5909954905509949
YMR046C,YDR364C,0,,0.1451309472322464,0.998009979724884,0.5910955667495728
YER069W,YML086C,0,,0.14510995149612427,0.998009979724884,0.5911955833435059
YNL272C,YKL146W,0,,0.14508895576000214,0.998009979724884,0.5912956595420837
YLR070C,YLR291C,0,,0.1450679749250412,0.998009979724884,0.5913956761360168
YJL176C,YBR239C,0,,0.14504699409008026,0.998009979724884,0.5914957523345947
YLL029W,YPR119W,0,,0.14502602815628052,0.998009979724884,0.5915957689285278
YGR165W,YJR088C,0,,0.14500506222248077,0.998009979724884,0.5916958451271057
YCL044C,YBR288C,0,,0.14498409628868103,0.998009979724884,0.5917959213256836
YJL078C,YBL102W,0,,0.14496314525604248,0.998009979724884,0.5918959379196167
YGR271W,YNL117W,0,,0.14494219422340393,0.998009979724884,0.5919960141181946
YDL066W,YJL179W,0,,0.14492125809192657,0.998009979724884,0.5920960307121277
YGR028W,YNL309W,0,,0.14490032196044922,0.998009979724884,0.5921961069107056
YHR079C,YGL245W,0,,0.14487938582897186,0.998009979724884,0.5922961235046387
YDL083C,YDR098C,0,,0.1448584645986557,0.998009979724884,0.5923961997032166
YJR153W,YMR167W,0,,0.14483754336833954,0.998009979724884,0.5924962759017944
YCL067C,YOL066C,0,,0.14481663703918457,0.998009979724884,0.5925962924957275
YER041W,YMR009W,0,,0.1447957307100296,0.998009979724884,0.5926963686943054
YPR075C,YPL241C,0,,0.14477482438087463,0.998009979724884,0.5927963852882385
YCR105W,YLR105C,0,,0.14475393295288086,0.998009979724884,0.5928964614868164
YPR082C,YKR068C,0,,0.14473304152488708,0.998009979724884,0.5929964780807495
YPL225W,YBL076C,0,,0.1447121649980545,0.998009979724884,0.5930965542793274
YBL013W,YLR043C,0,,0.14469128847122192,0.998009979724884,0.5931965708732605
YLR314C,YNL024C-A,0,,0.14467041194438934,0.998009979724884,0.5932966470718384
YOL004W,YKR054C,0,,0.14464955031871796,0.998009979724884,0.5933967232704163
YKL087C,YER074W-A,0,,0.14462868869304657,0.998009979724884,0.5934967398643494
YJL014W,YGR120C,0,,0.14460784196853638,0.998009979724884,0.5935968160629272
YNL081C,YGL175C,0,,0.14458699524402618,0.998009979724884,0.5936968326568604
YJL010C,YFR030W,0,,0.14456616342067719,0.998009979724884,0.5937969088554382
YJR056C,YMR246W,0,,0.144545316696167,0.998009979724884,0.5938969254493713
YBL005W,YKR066C,0,,0.1445244997739792,0.998009979724884,0.5939970016479492
YNL169C,YJR117W,0,,0.1445036679506302,0.998009979724884,0.5940970778465271
YDR184C,YDR450W,0,,0.14448285102844238,0.998009979724884,0.5941970944404602
YPR174C,YPR140W,0,,0.14446204900741577,0.998009979724884,0.5942971706390381
YKL040C,YBR002C,0,,0.14444124698638916,0.998009979724884,0.5943971872329712
YNL208W,YGR097W,0,,0.14442044496536255,0.998009979724884,0.5944972634315491
YOR074C,YCR105W,0,,0.14439965784549713,0.998009979724884,0.5945972800254822
YGR033C,YIR007W,0,,0.1443788707256317,0.998009979724884,0.5946973562240601
YLL031C,YPL011C,0,,0.1443580836057663,0.998009979724884,0.5947973728179932
YGL130W,YJR149W,0,,0.14433731138706207,0.998009979724884,0.594897449016571
YMR205C,YML076C,0,,0.14431655406951904,0.998009979724884,0.5949975252151489
YOR212W,YCR014C,0,,0.14429578185081482,0.998009979724884,0.595097541809082
YCR091W,YOR310C,0,,0.1442750245332718,0.998009979724884,0.5951976180076599
YKR102W,YDR268W,0,,0.14425428211688995,0.998009979724884,0.595297634601593
YPR141C,YGL207W,0,,0.14423353970050812,0.998009979724884,0.5953977108001709
YGR059W,YJL076W,0,,0.14421279728412628,0.998009979724884,0.595497727394104
YMR192W,YER137C-A,0,,0.14419206976890564,0.998009979724884,0.5955978035926819
YOR380W,YER141W,0,,0.144171342253685,0.998009979724884,0.595697820186615
YDL215C,YLR277C,0,,0.14415061473846436,0.998009979724884,0.5957978963851929
YKR085C,YMR101C,0,,0.1441299021244049,0.998009979724884,0.5958979725837708
YEL018W,YNL251C,0,,0.14410918951034546,0.998009979724884,0.5959979891777039
YDR392W,YHR072W,0,,0.1440884917974472,0.998009979724884,0.5960980653762817
YER016W,YAL061W,0,,0.14406779408454895,0.998009979724884,0.5961980819702148
YPR106W,YLR164W,0,,0.1440471112728119,0.998009979724884,0.5962981581687927
YOR074C,YHR009C,0,,0.14402642846107483,0.998009979724884,0.5963981747627258
YOR071C,YDL113C,0,,0.14400574564933777,0.998009979724884,0.5964982509613037
YOR117W,YKL194C,0,,0.1439850777387619,0.998009979724884,0.5965983271598816
YGL062W,YCR052W,0,,0.14396440982818604,0.998009979724884,0.5966983437538147
YDL045C,YCL034W,0,,0.14394374191761017,0.998009979724884,0.5967984199523926
YNR067C,YOL130W,0,,0.1439230889081955,0.998009979724884,0.5968984365463257
YLR425W,YLR336C,0,,0.14390243589878082,0.998009979724884,0.5969985127449036
YBR098W,YBR233W-A,0,,0.14388179779052734,0.998009979724884,0.5970985293388367
YPL242C,YFL026W,0,,0.14386115968227386,0.998009979724884,0.5971986055374146
YNL092W,YJL095W,0,,0.14384052157402039,0.998009979724884,0.5972986221313477
YGR216C,YAL055W,0,,0.1438198983669281,0.998009979724884,0.5973986983299255
YAL033W,YPR004C,0,,0.143799290060997,0.998009979724884,0.5974987745285034
YDL226C,YLL040C,0,,0.14377866685390472,0.998009979724884,0.5975987911224365
YJL020C,YML041C,0,,0.14375805854797363,0.998009979724884,0.5976988673210144
YER127W,YDR285W,0,,0.14373746514320374,0.998009979724884,0.5977988839149475
YOR283W,YDR174W,0,,0.14371687173843384,0.998009979724884,0.5978989601135254
YGL174W,YOR020C,0,,0.14369627833366394,0.998009979724884,0.5979989767074585
YJL155C,YER050C,0,,0.14367568492889404,0.998009979724884,0.5980990529060364
YLR288C,YJL207C,0,,0.14365510642528534,0.998009979724884,0.5981991291046143
YHR066W,YML006C,0,,0.14363454282283783,0.998009979724884,0.5982991456985474
YDR202C,YGL011C,0,,0.14361397922039032,0.998009979724884,0.5983992218971252
YBR004C,YBR295W,0,,0.1435934156179428,0.998009979724884,0.5984992384910583
YDR471W,YHR035W,0,,0.1435728669166565,0.998009979724884,0.5985993146896362
YGL241W,YBL013W,0,,0.14355231821537018,0.998009979724884,0.5986993312835693
YER041W,YDR137W,0,,0.14353176951408386,0.998009979724884,0.5987994074821472
YLR353W,YIL064W,0,,0.14351123571395874,0.998009979724884,0.5988994240760803
YGL201C,YFL050C,0,,0.14349070191383362,0.998009979724884,0.5989995002746582
YHR139C,YMR153W,0,,0.1434701830148697,0.998009979724884,0.5990995764732361
YGR277C,YHR004C,0,,0.14344966411590576,0.998009979724884,0.5991995930671692
YMR274C,YPR158C-C,0,,0.14342914521694183,0.998009979724884,0.5992996692657471
YMR110C,YMR322C,0,,0.1434086412191391,0.998009979724884,0.5993996858596802
YJL014W,YFR013W,0,,0.14338813722133636,0.998009979724884,0.5994997620582581
YCR071C,YEL056W,0,,0.14336763322353363,0.998009979724884,0.5995997786521912
YLR289W,YDR422C,0,,0.1433471441268921,0.998009979724884,0.599699854850769
YDL134C-A,YPL270W,0,,0.14332666993141174,0.998009979724884,0.5997998714447021
YPR001W,YIR032C,0,,0.1433061808347702,0.998009979724884,0.59989994764328
YGR198W,YJR153W,0,,0.14328572154045105,0.998009979724884,0.6000000238418579
YER171W,YDR259C,0,,0.1432652473449707,0.998009979724884,0.600100040435791
YOR064C,YDR273W,0,,0.14324478805065155,0.998009979724884,0.6002001166343689
YDL058W,YOL038W,0,,0.1432243287563324,0.998009979724884,0.600300133228302
YGL179C,YPR160W,0,,0.14320388436317444,0.998009979724884,0.6004002094268799
YOR212W,YDL140C,0,,0.14318343997001648,0.998009979724884,0.600500226020813
YML082W,YCR107W,0,,0.14316301047801971,0.998009979724884,0.6006003022193909
YNL121C,YCL029C,0,,0.14314256608486176,0.998009979724884,0.6007003784179688
YKL016C,YJR064W,0,,0.14312215149402618,0.998009979724884,0.6008003950119019
YDR213W,YMR169C,0,,0.14310172200202942,0.998009979724884,0.6009004712104797
YLL033W,YIL046W,0,,0.14308130741119385,0.998009979724884,0.6010004878044128
YGR271W,YDR337W,0,,0.14306090772151947,0.998009979724884,0.6011005640029907
YDR473C,YDR043C,0,,0.1430405080318451,0.998009979724884,0.6012005805969238
YJR152W,YGR235C,0,,0.14302010834217072,0.998009979724884,0.6013006567955017
YDR163W,YPL283C,0,,0.14299970865249634,0.998009979724884,0.6014006733894348
YBR118W,YHR080C,0,,0.14297932386398315,0.998009979724884,0.6015007495880127
YOL124C,YGR041W,0,,0.14295895397663116,0.998009979724884,0.6016008257865906
YOR222W,YGR017W,0,,0.14293858408927917,0.998009979724884,0.6017008423805237
YJR140C,YOR003W,0,,0.14291821420192719,0.998009979724884,0.6018009185791016
YPL081W,YDR307W,0,,0.1428978443145752,0.998009979724884,0.6019009351730347
YLR429W,YKL064W,0,,0.1428774893283844,0.998009979724884,0.6020010113716125
YBL042C,YBR085W,0,,0.1428571492433548,0.998009979724884,0.6021010279655457
YMR106C,YDR098C,0,,0.142836794257164,0.998009979724884,0.6022011041641235
YDR109C,YDR017C,0,,0.1428164541721344,0.998009979724884,0.6023011803627014
YOR022C,YER019C-A,0,,0.142796128988266,0.998009979724884,0.6024011969566345
YNL032W,YGL187C,0,,0.14277580380439758,0.998009979724884,0.6025012731552124
YPR004C,YML071C,0,,0.14275547862052917,0.998009979724884,0.6026012897491455
YGL097W,YLR058C,0,,0.14273516833782196,0.998009979724884,0.6027013659477234
YML058W,YIR005W,0,,0.14271485805511475,0.998009979724884,0.6028013825416565
YHR003C,YLR382C,0,,0.14269454777240753,0.998009979724884,0.6029014587402344
YJL071W,YMR267W,0,,0.1426742523908615,0.998009979724884,0.6030014753341675
YDL036C,YPR120C,0,,0.1426539570093155,0.998009979724884,0.6031015515327454
YKR008W,YLR452C,0,,0.14263367652893066,0.998009979724884,0.6032016277313232
YNR059W,YLR061W,0,,0.14261339604854584,0.998009979724884,0.6033016443252563
YLR133W,YLR382C,0,,0.142593115568161,0.998009979724884,0.6034017205238342
YIL042C,YPL196W,0,,0.14257284998893738,0.998009979724884,0.6035017371177673
YCR011C,YJL212C,0,,0.14255258440971375,0.998009979724884,0.6036018133163452
YNR003C,YOR091W,0,,0.1425323337316513,0.998009979724884,0.6037018299102783
YEL034W,YGL196W,0,,0.14251208305358887,0.998009979724884,0.6038019061088562
YDR367W,YJL087C,0,,0.14249183237552643,0.998009979724884,0.6039019227027893
YNL167C,YHR059W,0,,0.14247159659862518,0.998009979724884,0.6040019989013672
YKL189W,YPR060C,0,,0.14245136082172394,0.998009979724884,0.6041020750999451
YBR239C,YDL181W,0,,0.1424311250448227,0.998009979724884,0.6042020916938782
YBR173C,YJL207C,0,,0.14241090416908264,0.998009979724884,0.604302167892456
YNR021W,YOR327C,0,,0.1423906832933426,0.998009979724884,0.6044021844863892
YGR225W,YPR034W,0,,0.14237047731876373,0.998009979724884,0.604502260684967
YJL145W,YNL076W,0,,0.14235027134418488,0.998009979724884,0.6046022772789001
YGL184C,YHR007C,0,,0.14233006536960602,0.998009979724884,0.604702353477478
YDL058W,YNL328C,0,,0.14230987429618835,0.998009979724884,0.6048024296760559
YMR161W,YNL208W,0,,0.1422896832227707,0.998009979724884,0.604902446269989
YPL049C,YDR452W,0,,0.14226950705051422,0.998009979724884,0.6050025224685669
YLR039C,YKR002W,0,,0.14224933087825775,0.998009979724884,0.6051025390625
YDL064W,YHL018W,0,,0.14222915470600128,0.998009979724884,0.6052026152610779
YNL111C,YDL117W,0,,0.142208993434906,0.998009979724884,0.605302631855011
YHL026C,YLR054C,0,,0.14218883216381073,0.998009979724884,0.6054027080535889
YMR097C,YBR026C,0,,0.14216867089271545,0.998009979724884,0.605502724647522
YNL075W,YBR186W,0,,0.14214852452278137,0.998009979724884,0.6056028008460999
YLR044C,YLR293C,0,,0.1421283781528473,0.998009979724884,0.6057028770446777
YML118W,YLR116W,0,,0.1421082466840744,0.998009979724884,0.6058028936386108
YOR262W,YNL240C,0,,0.1420881152153015,0.998009979724884,0.6059029698371887
YLR240W,YHR091C,0,,0.14206798374652863,0.998009979724884,0.6060029864311218
YDR353W,YDR446W,0,,0.14204786717891693,0.998009979724884,0.6061030626296997
YPL280W,YPR188C,0,,0.14202775061130524,0.998009979724884,0.6062030792236328
YDL133C-A,YGR205W,0,,0.14200764894485474,0.998009979724884,0.6063031554222107
YDL025C,YBR275C,0,,0.14198754727840424,0.998009979724884,0.6064031720161438
YLR347C,YKL053C-A,0,,0.14196744561195374,0.998009979724884,0.6065032482147217
YOR156C,YIR008C,0,,0.14194735884666443,0.998009979724884,0.6066033244132996
YMR251W-A,YNR056C,0,,0.14192727208137512,0.998009979724884,0.6067033410072327
YOR251C,YBR199W,0,,0.14190718531608582,0.998009979724884,0.6068034172058105
YDR257C,YLR423C,0,,0.1418871134519577,0.998009979724884,0.6069034337997437
YJL005W,YCL045C,0,,0.1418670415878296,0.998009979724884,0.6070035099983215
YPR120C,YPL183W-A,0,,0.14184698462486267,0.998009979724884,0.6071035265922546
YER014C-A,YNL075W,0,,0.14182692766189575,0.998009979724884,0.6072036027908325
YDL160C,YMR125W,0,,0.14180687069892883,0.998009979724884,0.6073036789894104
YEL019C,YPR148C,0,,0.1417868286371231,0.998009979724884,0.6074036955833435
YCL034W,YGR103W,0,,0.14176678657531738,0.998009979724884,0.6075037717819214
YBR125C,YER046W,0,,0.14174674451351166,0.998009979724884,0.6076037883758545
YFL053W,YJL214W,0,,0.14172671735286713,0.998009979724884,0.6077038645744324
YOL142W,YER117W,0,,0.1417066901922226,0.998009979724884,0.6078038811683655
YLR113W,YDR141C,0,,0.14168667793273926,0.998009979724884,0.6079039573669434
YGR055W,YCL017C,0,,0.14166666567325592,0.998009979724884,0.6080039739608765
YNL275W,YCR016W,0,,0.14164665341377258,0.998009979724884,0.6081040501594543
YCR034W,YEL022W,0,,0.14162665605545044,0.998009979724884,0.6082041263580322
YDR515W,YPR155C,0,,0.1416066586971283,0.998009979724884,0.6083041429519653
YMR123W,YOR256C,0,,0.14158667623996735,0.998009979724884,0.6084042191505432
YMR300C,YHR165C,0,,0.1415666937828064,0.998009979724884,0.6085042357444763
YBR068C,YDR545W,0,,0.14154671132564545,0.998009979724884,0.6086043119430542
YOL155C,YDL040C,0,,0.1415267437696457,0.998009979724884,0.6087043285369873
YBL080C,YDR515W,0,,0.14150677621364594,0.998009979724884,0.6088044047355652
YBR257W,YLR132C,0,,0.14148680865764618,0.998009979724884,0.6089044809341431
YPR114W,YDR367W,0,,0.14146685600280762,0.998009979724884,0.6090044975280762
YDR184C,YBR015C,0,,0.14144690334796906,0.998009979724884,0.609104573726654
YPR080W,YDR513W,0,,0.1414269655942917,0.998009979724884,0.6092045903205872
YEL020C,YML131W,0,,0.14140702784061432,0.998009979724884,0.609304666519165
YHR109W,YKR013W,0,,0.14138709008693695,0.998009979724884,0.6094046831130981
YER166W,YGR207C,0,,0.14136716723442078,0.998009979724884,0.609504759311676
YLR203C,YEL030W,0,,0.1413472443819046,0.998009979724884,0.6096047759056091
YLR404W,YEL036C,0,,0.14132732152938843,0.998009979724884,0.609704852104187
YPL036W,YPL066W,0,,0.14130741357803345,0.998009979724884,0.6098049283027649
YPL230W,YOL028C,0,,0.14128750562667847,0.998009979724884,0.609904944896698
YLR425W,YPR133C,0,,0.14126761257648468,0.998009979724884,0.6100050210952759
YBL005W,YJL085W,0,,0.1412477046251297,0.998009979724884,0.610105037689209
YEL047C,YML099C,0,,0.1412278264760971,0.998009979724884,0.6102051138877869
YGR003W,YOR239W,0,,0.14120793342590332,0.998009979724884,0.61030513048172
YOR196C,YER042W,0,,0.14118807017803192,0.998009979724884,0.6104052066802979
YNL023C,YGL079W,0,,0.14116819202899933,0.998009979724884,0.610505223274231
YHR156C,YIR013C,0,,0.14114832878112793,0.998009979724884,0.6106052994728088
YBR126C,YEL040W,0,,0.14112846553325653,0.998009979724884,0.6107053756713867
YGR034W,YDR352W,0,,0.14110861718654633,0.998009979724884,0.6108053922653198
YNL006W,YDL097C,0,,0.14108875393867493,0.998009979724884,0.6109054684638977
YGR280C,YNL037C,0,,0.14106892049312592,0.998009979724884,0.6110054850578308
YOL086W-A,YLR275W,0,,0.1410490721464157,0.998009979724884,0.6111055612564087
YGL160W,YNL053W,0,,0.1410292536020279,0.998009979724884,0.6112055778503418
YDL168W,YNL177C,0,,0.14100942015647888,0.998009979724884,0.6113056540489197
YML100W,YDR127W,0,,0.14098960161209106,0.998009979724884,0.6114057302474976
YJL168C,YOR292C,0,,0.14096978306770325,0.998009979724884,0.6115057468414307
YBR106W,YML031W,0,,0.14094996452331543,0.998009979724884,0.6116058230400085
YKL184W,YLR077W,0,,0.1409301608800888,0.998009979724884,0.6117058396339417
YOR027W,YPR158W-A,0,,0.14091037213802338,0.998009979724884,0.6118059158325195
YDR266C,YDR075W,0,,0.14089056849479675,0.998009979724884,0.6119059324264526
YNL133C,YDL111C,0,,0.14087077975273132,0.998009979724884,0.6120060086250305
YOR264W,YDR409W,0,,0.1408510059118271,0.998009979724884,0.6121060252189636
YPR135W,YDR411C,0,,0.14083123207092285,0.998009979724884,0.6122061014175415
YCL068C,YCL060C,0,,0.14081145823001862,0.998009979724884,0.6123061776161194
YIL094C,YKL185W,0,,0.14079168438911438,0.998009979724884,0.6124061942100525
YMR161W,YGL245W,0,,0.14077192544937134,0.998009979724884,0.6125062704086304
YKL095W,YBR054W,0,,0.1407521814107895,0.998009979724884,0.6126062870025635
YOL028C,YKL157W,0,,0.14073242247104645,0.998009979724884,0.6127063632011414
YDR184C,YMR008C,0,,0.1407126784324646,0.998009979724884,0.6128063797950745
YIR031C,YPL128C,0,,0.14069294929504395,0.998009979724884,0.6129064559936523
YOR234C,YPR144C,0,,0.1406732052564621,0.998009979724884,0.6130065321922302
YML128C,YOL009C,0,,0.14065349102020264,0.998009979724884,0.6131065487861633
YGR239C,YPL215W,0,,0.14063376188278198,0.998009979724884,0.6132066249847412
YKL191W,YIL006W,0,,0.14061404764652252,0.998009979724884,0.6133066415786743
YGR277C,YLR157C,0,,0.14059433341026306,0.998009979724884,0.6134067177772522
YBL006C,YHR084W,0,,0.1405746340751648,0.998009979724884,0.6135067343711853
YPL169C,YIL085C,0,,0.14055493474006653,0.998009979724884,0.6136068105697632
YDL113C,YMR291W,0,,0.14053523540496826,0.998009979724884,0.6137068271636963
YLR224W,YDR285W,0,,0.1405155509710312,0.998009979724884,0.6138069033622742
YCR012W,YBR119W,0,,0.14049586653709412,0.998009979724884,0.613906979560852
YPR194C,YLR388W,0,,0.14047619700431824,0.998009979724884,0.6140069961547852
YLR460C,YEL011W,0,,0.14045651257038116,0.998009979724884,0.614107072353363
YNL305C,YKR095W,0,,0.14043685793876648,0.998009979724884,0.6142070889472961
YOL094C,YBL097W,0,,0.1404171884059906,0.998009979724884,0.614307165145874
YPL235W,YLR272C,0,,0.14039753377437592,0.998009979724884,0.6144071817398071
YKL103C,YMR058W,0,,0.14037789404392242,0.998009979724884,0.614507257938385
YLR398C,YER081W,0,,0.14035823941230774,0.998009979724884,0.6146072745323181
YHR001W,YPL116W,0,,0.14033859968185425,0.998009979724884,0.614707350730896
YIL139C,YBR044C,0,,0.14031897485256195,0.998009979724884,0.6148074269294739
YNL176C,YPL128C,0,,0.14029933512210846,0.998009979724884,0.614907443523407
YHR103W,YBR228W,0,,0.14027972519397736,0.998009979724884,0.6150075197219849
YJR078W,YNL316C,0,,0.14026010036468506,0.998009979724884,0.615107536315918
YJR014W,YGL079W,0,,0.14024049043655396,0.998009979724884,0.6152076125144958
YFL066C,YJR161C,0,,0.14022088050842285,0.998009979724884,0.615307629108429
YPR174C,YER023W,0,,0.14020128548145294,0.998009979724884,0.6154077053070068
YAL001C,YKL157W,0,,0.14018169045448303,0.998009979724884,0.6155077815055847
YNL163C,YBR127C,0,,0.14016209542751312,0.998009979724884,0.6156077980995178
YMR213W,YGL098W,0,,0.1401425153017044,0.998009979724884,0.6157078742980957
YGL226W,YNR053C,0,,0.1401229351758957,0.998009979724884,0.6158078908920288
YPL270W,YOR304W,0,,0.14010336995124817,0.998009979724884,0.6159079670906067
YLR297W,YIL144W,0,,0.14008380472660065,0.998009979724884,0.6160079836845398
YBR248C,YLR042C,0,,0.14006423950195312,0.998009979724884,0.6161080598831177
YER183C,YNL058C,0,,0.1400446742773056,0.998009979724884,0.6162080764770508
YCR044C,YPL117C,0,,0.14002512395381927,0.998009979724884,0.6163081526756287
YMR009W,YMR097C,0,,0.14000558853149414,0.998009979724884,0.6164082288742065
YLR187W,YBL003C,0,,0.1399860382080078,0.998009979724884,0.6165082454681396
YJR138W,YFL038C,0,,0.13996650278568268,0.998009979724884,0.6166083216667175
YDR028C,YML056C,0,,0.13994698226451874,0.998009979724884,0.6167083382606506
YLR360W,YDR182W,0,,0.1399274617433548,0.998009979724884,0.6168084144592285
YER154W,YHR165C,0,,0.13990794122219086,0.998009979724884,0.6169084310531616
YBR107C,YGL012W,0,,0.13988842070102692,0.998009979724884,0.6170085072517395
YER162C,YMR318C,0,,0.13986891508102417,0.998009979724884,0.6171085834503174
YNL216W,YDL105W,0,,0.13984940946102142,0.998009979724884,0.6172086000442505
YNR017W,YBR254C,0,,0.13982991874217987,0.998009979724884,0.6173086762428284
YDL036C,YBL100W-B,0,,0.13981042802333832,0.998009979724884,0.6174086928367615
YDR151C,YJR056C,0,,0.13979093730449677,0.998009979724884,0.6175087690353394
YGL062W,YJR091C,0,,0.1397714614868164,0.998009979724884,0.6176087856292725
YML055W,YDL222C,0,,0.13975198566913605,0.998009979724884,0.6177088618278503
YBR152W,YGR096W,0,,0.1397325098514557,0.998009979724884,0.6178088784217834
YLR372W,YGR140W,0,,0.13971304893493652,0.998009979724884,0.6179089546203613
YHR063C,YBR133C,0,,0.13969358801841736,0.998009979724884,0.6180090308189392
YCR014C,YBR274W,0,,0.1396741420030594,0.998009979724884,0.6181090474128723
YPL190C,YGR125W,0,,0.13965469598770142,0.998009979724884,0.6182091236114502
YOL066C,YBR127C,0,,0.13963524997234344,0.998009979724884,0.6183091402053833
YJL006C,YGL175C,0,,0.13961581885814667,0.998009979724884,0.6184092164039612
YNR013C,YMR038C,0,,0.1395963877439499,0.998009979724884,0.6185092329978943
YPL005W,YOR191W,0,,0.1395769566297531,0.998009979724884,0.6186093091964722
YBL072C,YHR062C,0,,0.13955754041671753,0.998009979724884,0.6187093257904053
YIL068C,YIR022W,0,,0.13953812420368195,0.998009979724884,0.6188094019889832
YPL006W,YOR229W,0,,0.13951870799064636,0.998009979724884,0.618909478187561
YHR191C,YLR363C,0,,0.13949930667877197,0.998009979724884,0.6190094947814941
YCR091W,YGL060W,0,,0.13947990536689758,0.998009979724884,0.619109570980072
YLR264W,YLR380W,0,,0.1394605189561844,0.998009979724884,0.6192095875740051
YDR381W,YPL124W,0,,0.13944111764431,0.998009979724884,0.619309663772583
YPL029W,YJR040W,0,,0.139421746134758,0.998009979724884,0.6194096803665161
YNL336W,YBR068C,0,,0.1394023597240448,0.998009979724884,0.619509756565094
YML033W,YDR375C,0,,0.1393829882144928,0.998009979724884,0.6196098327636719
YDL232W,YPL140C,0,,0.1393636167049408,0.998009979724884,0.619709849357605
YGL085W,YLR308W,0,,0.13934426009655,0.998009979724884,0.6198099255561829
YBR109C,YDR189W,0,,0.13932490348815918,0.998009979724884,0.619909942150116
YIL088C,YKR080W,0,,0.13930556178092957,0.998009979724884,0.6200100183486938
YBR182C,YOR126C,0,,0.13928620517253876,0.998009979724884,0.620110034942627
YGL043W,YDR469W,0,,0.13926686346530914,0.998009979724884,0.6202101111412048
YLR003C,YDR332W,0,,0.13924753665924072,0.998009979724884,0.6203101277351379
YER093C,YDR001C,0,,0.1392282098531723,0.998009979724884,0.6204102039337158
YLR071C,YLR388W,0,,0.13920888304710388,0.998009979724884,0.6205102801322937
YKL180W,YGR167W,0,,0.13918957114219666,0.998009979724884,0.6206102967262268
YGR129W,YBR075W,0,,0.13917024433612823,0.998009979724884,0.6207103729248047
YDR527W,YOR321W,0,,0.1391509473323822,0.998009979724884,0.6208103895187378
YLL055W,YDR058C,0,,0.13913163542747498,0.998009979724884,0.6209104657173157
YER098W,YMR318C,0,,0.13911233842372894,0.998009979724884,0.6210104823112488
YHR178W,YPR190C,0,,0.1390930563211441,0.998009979724884,0.6211105585098267
YOL012C,YBR162W-A,0,,0.13907375931739807,0.998009979724884,0.6212106347084045
YCL038C,YMR271C,0,,0.13905449211597443,0.998009979724884,0.6213106513023376
YJR027W,YGL192W,0,,0.1390352100133896,0.998009979724884,0.6214107275009155
YDR477W,YLL024C,0,,0.13901594281196594,0.998009979724884,0.6215107440948486
YLL003W,YDR040C,0,,0.1389966756105423,0.998009979724884,0.6216108202934265
YNR003C,YJR014W,0,,0.13897740840911865,0.998009979724884,0.6217108368873596
YOR393W,YDR079C-A,0,,0.1389581561088562,0.998009979724884,0.6218109130859375
YDR245W,YIL167W,0,,0.13893890380859375,0.998009979724884,0.6219109296798706
YNL318C,YLR410W-B,0,,0.1389196664094925,0.998009979724884,0.6220110058784485
YNL118C,YJL138C,0,,0.13890042901039124,0.998009979724884,0.6221110820770264
YDR285W,YMR104C,0,,0.13888119161128998,0.998009979724884,0.6222110986709595
YDR339C,YKL040C,0,,0.13886196911334991,0.998009979724884,0.6223111748695374
YMR239C,YNL072W,0,,0.13884274661540985,0.998009979724884,0.6224111914634705
YPL133C,YDL119C,0,,0.1388235241174698,0.998009979724884,0.6225112676620483
YCL048W,YOR140W,0,,0.13880431652069092,0.998009979724884,0.6226112842559814
YPR043W,YOR095C,0,,0.13878510892391205,0.998009979724884,0.6227113604545593
YDR361C,YLR157C-B,0,,0.13876591622829437,0.998009979724884,0.6228113770484924
YPL253C,YOR323C,0,,0.1387467086315155,0.998009979724884,0.6229114532470703
YIR021W,YJL100W,0,,0.13872753083705902,0.998009979724884,0.6230115294456482
YLR067C,YPR189W,0,,0.13870833814144135,0.998009979724884,0.6231115460395813
YLR191W,YHR030C,0,,0.13868916034698486,0.998009979724884,0.6232116222381592
YJR053W,YDR104C,0,,0.13866998255252838,0.998009979724884,0.6233116388320923
YLR440C,YGL046W,0,,0.1386508196592331,0.998009979724884,0.6234117150306702
YGR030C,YPL275W,0,,0.1386316567659378,0.998009979724884,0.6235117316246033
YLR240W,YGR163W,0,,0.13861249387264252,0.998009979724884,0.6236118078231812
YNL131W,YNL059C,0,,0.13859334588050842,0.998009979724884,0.623711884021759
YLR227W-A,YDR195W,0,,0.13857419788837433,0.998009979724884,0.6238119006156921
YKL203C,YER149C,0,,0.13855504989624023,0.998009979724884,0.62391197681427
YDR028C,YIR033W,0,,0.13853591680526733,0.998009979724884,0.6240119934082031
YLR075W,YDR381W,0,,0.13851678371429443,0.998009979724884,0.624112069606781
YHR047C,YDR500C,0,,0.13849765062332153,0.998009979724884,0.6242120862007141
YPR158W-B,YNL142W,0,,0.13847853243350983,0.998009979724884,0.624312162399292
YAL033W,YBL004W,0,,0.13845941424369812,0.998009979724884,0.6244121789932251
YLR321C,YBL035C,0,,0.1384403109550476,0.998009979724884,0.624512255191803
YMR192W,YGR277C,0,,0.1384211927652359,0.998009979724884,0.6246123313903809
YJR137C,YHR165C,0,,0.13840210437774658,0.998009979724884,0.624712347984314
YGL198W,YDR454C,0,,0.13838300108909607,0.998009979724884,0.6248124241828918
YBR088C,YDR284C,0,,0.13836391270160675,0.998009979724884,0.624912440776825
YPR030W,YLL043W,0,,0.13834482431411743,0.998009979724884,0.6250125169754028
YLR278C,YDR079W,0,,0.1383257508277893,0.998009979724884,0.6251125335693359
YGL098W,YLR020C,0,,0.13830667734146118,0.998009979724884,0.6252126097679138
YDL213C,YDR328C,0,,0.13828760385513306,0.998009979724884,0.6253126859664917
YGR231C,YOR341W,0,,0.13826854526996613,0.998009979724884,0.6254127025604248
YAL016W,YOR079C,0,,0.1382494866847992,0.998009979724884,0.6255127787590027
YNR057C,YGL162W,0,,0.13823042809963226,0.998009979724884,0.6256127953529358
YER144C,YCR033W,0,,0.13821138441562653,0.998009979724884,0.6257128715515137
YGR288W,YOR109W,0,,0.1381923407316208,0.998009979724884,0.6258128881454468
YGL019W,YBR019C,0,,0.13817329704761505,0.998009979724884,0.6259129643440247
YDL171C,YDR155C,0,,0.1381542682647705,0.998009979724884,0.6260129809379578
YHR113W,YGL210W-A,0,,0.13813523948192596,0.998009979724884,0.6261130571365356
YLR033W,YNL041C,0,,0.13811622560024261,0.998009979724884,0.6262131333351135
YFR042W,YBR182C,0,,0.13809721171855927,0.998009979724884,0.6263131499290466
YFL035C-B,YHR034C,0,,0.13807819783687592,0.998009979724884,0.6264132261276245
YDL076C,YDR196C,0,,0.13805918395519257,0.998009979724884,0.6265132427215576
YNL282W,YPR160W,0,,0.1380401849746704,0.998009979724884,0.6266133189201355
YFL013C,YIL066C,0,,0.13802118599414825,0.998009979724884,0.6267133355140686
YJL216C,YDR351W,0,,0.1380022019147873,0.998009979724884,0.6268134117126465
YLR225C,YOR079C,0,,0.13798321783542633,0.998009979724884,0.6269134283065796
YOR215C,YLR055C,0,,0.13796423375606537,0.998009979724884,0.6270135045051575
YMR269W,YOR320C,0,,0.1379452645778656,0.998009979724884,0.6271135807037354
YER087C-B,YDR516C,0,,0.13792629539966583,0.998009979724884,0.6272135972976685
YCR070W,YDR280W,0,,0.13790732622146606,0.998009979724884,0.6273136734962463
YPL232W,YKR092C,0,,0.1378883719444275,0.998009979724884,0.6274136900901794
YNR071C,YGL113W,0,,0.13786941766738892,0.998009979724884,0.6275137662887573
YLR113W,YML081W,0,,0.13785046339035034,0.998009979724884,0.6276137828826904
YGR092W,YKL015W,0,,0.13783152401447296,0.998009979724884,0.6277138590812683
YDL113C,YGR183C,0,,0.13781258463859558,0.998009979724884,0.6278139352798462
YER178W,YHL025W,0,,0.1377936601638794,0.998009979724884,0.6279139518737793
YJL089W,YGR211W,0,,0.13777472078800201,0.998009979724884,0.6280140280723572
YOR208W,YBR045C,0,,0.13775579631328583,0.998009979724884,0.6281140446662903
YBR253W,YNL219C,0,,0.13773688673973083,0.998009979724884,0.6282141208648682
YDR037W,YDR470C,0,,0.13771797716617584,0.998009979724884,0.6283141374588013
YBR230C,YGL124C,0,,0.13769906759262085,0.998009979724884,0.6284142136573792
YBL019W,YHR146W,0,,0.13768015801906586,0.998009979724884,0.6285142302513123
YIL121W,YLR216C,0,,0.13766126334667206,0.998009979724884,0.6286143064498901
YMR293C,YDR287W,0,,0.13764238357543945,0.998009979724884,0.628714382648468
YHR119W,YPL012W,0,,0.13762348890304565,0.998009979724884,0.6288143992424011
YBR301W,YHL001W,0,,0.13760460913181305,0.998009979724884,0.628914475440979
YEL026W,YGL126W,0,,0.13758572936058044,0.998009979724884,0.6290144920349121
YDL079C,YML110C,0,,0.13756686449050903,0.998009979724884,0.62911456823349
YDR135C,YDL188C,0,,0.13754799962043762,0.998009979724884,0.6292145848274231
YOR301W,YOR273C,0,,0.1375291347503662,0.998009979724884,0.629314661026001
YER053C-A,YGR012W,0,,0.137510284781456,0.998009979724884,0.6294146776199341
YHL038C,YML076C,0,,0.13749143481254578,0.998009979724884,0.629514753818512
YHR058C,YKL053C-A,0,,0.13747258484363556,0.998009979724884,0.6296148300170898
YML045W-A,YJR096W,0,,0.13745374977588654,0.998009979724884,0.629714846611023
YML046W,YLR447C,0,,0.1374349147081375,0.998009979724884,0.6298149228096008
YDL028C,YGL046W,0,,0.1374160796403885,0.998009979724884,0.6299149394035339
YHR175W,YPL105C,0,,0.13739725947380066,0.998009979724884,0.6300150156021118
YFR044C,YLL029W,0,,0.13737843930721283,0.998009979724884,0.6301150321960449
YDL098C,YDR540C,0,,0.1373596340417862,0.998009979724884,0.6302151083946228
YNR067C,YNR046W,0,,0.13734081387519836,0.998009979724884,0.6303151845932007
YOL028C,YBL050W,0,,0.13732200860977173,0.998009979724884,0.6304152011871338
YNL082W,YJR123W,0,,0.1373032182455063,0.998009979724884,0.6305152773857117
YBR170C,YDL142C,0,,0.13728442788124084,0.998009979724884,0.6306152939796448
YDR473C,YFL031W,0,,0.1372656375169754,0.998009979724884,0.6307153701782227
YNL270C,YML069W,0,,0.13724684715270996,0.998009979724884,0.6308153867721558
YER118C,YNR036C,0,,0.1372280716896057,0.998009979724884,0.6309154629707336
YKL054C,YPR121W,0,,0.13720929622650146,0.998009979724884,0.6310154795646667
YPL192C,YIL128W,0,,0.1371905356645584,0.998009979724884,0.6311155557632446
YLR044C,YLR333C,0,,0.13717177510261536,0.998009979724884,0.6312156319618225
YNL284C-A,YBR212W,0,,0.1371530145406723,0.998009979724884,0.6313156485557556
YLR240W,YJR027W,0,,0.13713426887989044,0.998009979724884,0.6314157247543335
YER021W,YKL055C,0,,0.13711552321910858,0.998009979724884,0.6315157413482666
YER177W,YBR199W,0,,0.13709677755832672,0.998009979724884,0.6316158175468445
YER144C,YOR026W,0,,0.13707803189754486,0.998009979724884,0.6317158341407776
YDL211C,YJR053W,0,,0.1370593011379242,0.998009979724884,0.6318159103393555
YFR038W,YHR039C-A,0,,0.13704058527946472,0.998009979724884,0.6319159865379333
YOR142W-B,YKL157W,0,,0.13702185451984406,0.998009979724884,0.6320160031318665
YPL193W,YGR109C,0,,0.13700313866138458,0.998009979724884,0.6321160793304443
YNL076W,YKR046C,0,,0.1369844377040863,0.998009979724884,0.6322160959243774
YJL162C,YFL038C,0,,0.13696572184562683,0.998009979724884,0.6323161721229553
YDL028C,YJL200C,0,,0.13694702088832855,0.998009979724884,0.6324161887168884
YDR244W,YDR439W,0,,0.13692833483219147,0.998009979724884,0.6325162649154663
YBR070C,YLR293C,0,,0.1369096338748932,0.998009979724884,0.6326162815093994
YLR278C,YDR316W-B,0,,0.1368909478187561,0.998009979724884,0.6327163577079773
YCL054W,YAL002W,0,,0.1368722766637802,0.998009979724884,0.6328164339065552
YPL069C,YKL174C,0,,0.13685359060764313,0.998009979724884,0.6329164505004883
YLL033W,YKR092C,0,,0.13683491945266724,0.998009979724884,0.6330165266990662
YNL124W,YLR329W,0,,0.13681626319885254,0.998009979724884,0.6331165432929993
YGL055W,YGR132C,0,,0.13679760694503784,0.998009979724884,0.6332166194915771
YPR030W,YKL065C,0,,0.13677895069122314,0.998009979724884,0.6333166360855103
YLR410W-A,YPR148C,0,,0.13676029443740845,0.998009979724884,0.6334167122840881
YLR073C,YBR110W,0,,0.13674165308475494,0.998009979724884,0.6335167288780212
YOR157C,YFR031C-A,0,,0.13672301173210144,0.998009979724884,0.6336168050765991
YGL237C,YLR067C,0,,0.13670437037944794,0.998009979724884,0.633716881275177
YJL001W,YER172C,0,,0.13668574392795563,0.998009979724884,0.6338168978691101
YPL233W,YPL057C,0,,0.13666711747646332,0.998009979724884,0.633916974067688
YNL284C-A,YOR354C,0,,0.1366485059261322,0.998009979724884,0.6340169906616211
YBR006W,YKL022C,0,,0.1366298943758011,0.998009979724884,0.634117066860199
YBR083W,YGR207C,0,,0.13661128282546997,0.998009979724884,0.6342170834541321
YHR005C-A,YNL284C,0,,0.13659267127513885,0.998009979724884,0.63431715965271
YGL121C,YMR079W,0,,0.13657407462596893,0.998009979724884,0.6344172358512878
YFL035C,YOR293W,0,,0.136555477976799,0.998009979724884,0.634517252445221
YDL201W,YLR118C,0,,0.13653689622879028,0.998009979724884,0.6346173286437988
YLR102C,YKR036C,0,,0.13651829957962036,0.998009979724884,0.6347173452377319
YIL082W-A,YML022W,0,,0.13649973273277283,0.998009979724884,0.6348174214363098
YCL060C,YBR101C,0,,0.1364811509847641,0.998009979724884,0.6349174380302429
YPR137W,YPL211W,0,,0.13646258413791656,0.998009979724884,0.6350175142288208
YEL032W,YOR334W,0,,0.13644401729106903,0.998009979724884,0.6351175308227539
YPR173C,YNL029C,0,,0.1364254653453827,0.998009979724884,0.6352176070213318
YJR161C,YLR066W,0,,0.13640691339969635,0.998009979724884,0.6353176832199097
YPR010C,YKR049C,0,,0.13638836145401,0.998009979724884,0.6354176998138428
YIL082W-A,YDL236W,0,,0.13636980950832367,0.998009979724884,0.6355177760124207
YPL163C,YFL035C-A,0,,0.13635127246379852,0.998009979724884,0.6356177926063538
YBR077C,YML026C,0,,0.13633275032043457,0.998009979724884,0.6357178688049316
YJR035W,YPL002C,0,,0.13631421327590942,0.998009979724884,0.6358178853988647
YDR256C,YOL044W,0,,0.13629569113254547,0.998009979724884,0.6359179615974426
YLL005C,YHR034C,0,,0.13627716898918152,0.998009979724884,0.6360180377960205
YBR106W,YCL051W,0,,0.13625866174697876,0.998009979724884,0.6361180543899536
YOL023W,YDR489W,0,,0.136240154504776,0.998009979724884,0.6362181305885315
YIL022W,YDL133C-A,0,,0.13622164726257324,0.998009979724884,0.6363181471824646
YGR128C,YCL026C-A,0,,0.13620315492153168,0.998009979724884,0.6364182233810425
YDL059C,YJL085W,0,,0.1361846625804901,0.998009979724884,0.6365182399749756
YOR109W,YOL082W,0,,0.13616617023944855,0.998009979724884,0.6366183161735535
YNL273W,YEL044W,0,,0.13614769279956818,0.998009979724884,0.6367183327674866
YHL013C,YJR123W,0,,0.1361292004585266,0.998009979724884,0.6368184089660645
YNL278W,YPL094C,0,,0.13611073791980743,0.998009979724884,0.6369184851646423
YGR098C,YHR104W,0,,0.13609226047992706,0.998009979724884,0.6370185017585754
YDR301W,YIL022W,0,,0.13607379794120789,0.998009979724884,0.6371185779571533
YGL131C,YNL192W,0,,0.1360553503036499,0.998009979724884,0.6372185945510864
YLR080W,YJL002C,0,,0.13603688776493073,0.998009979724884,0.6373186707496643
YPR131C,YPR091C,0,,0.13601844012737274,0.998009979724884,0.6374186873435974
YJL141C,YNL254C,0,,0.13600000739097595,0.998009979724884,0.6375187635421753
YML045W,YGR268C,0,,0.13598155975341797,0.998009979724884,0.6376187801361084
YBR268W,YNL197C,0,,0.13596312701702118,0.998009979724884,0.6377188563346863
YLR368W,YNL197C,0,,0.1359446942806244,0.998009979724884,0.6378189325332642
YHR002W,YGL078C,0,,0.1359262764453888,0.998009979724884,0.6379189491271973
YER094C,YMR237W,0,,0.1359078586101532,0.998009979724884,0.6380190253257751
YDR338C,YDL191W,0,,0.1358894407749176,0.998009979724884,0.6381190419197083
YAL054C,YDL198C,0,,0.1358710378408432,0.998009979724884,0.6382191181182861
YLR291C,YDR097C,0,,0.1358526349067688,0.998009979724884,0.6383191347122192
YHR128W,YDR349C,0,,0.1358342319726944,0.998009979724884,0.6384192109107971
YKR008W,YNL279W,0,,0.1358158439397812,0.998009979724884,0.638519287109375
YPL056C,YPL083C,0,,0.13579745590686798,0.998009979724884,0.6386193037033081
YDR100W,YLR203C,0,,0.13577906787395477,0.998009979724884,0.638719379901886
YMR213W,YJL035C,0,,0.13576069474220276,0.998009979724884,0.6388193964958191
YKL049C,YDR371W,0,,0.13574232161045074,0.998009979724884,0.638919472694397
YDR210W-D,YDR412W,0,,0.13572394847869873,0.998009979724884,0.6390194892883301
YPL021W,YPR035W,0,,0.1357055902481079,0.998009979724884,0.639119565486908
YBL026W,YFR031C-A,0,,0.1356872320175171,0.998009979724884,0.6392195820808411
YPR138C,YMR210W,0,,0.13566887378692627,0.998009979724884,0.639319658279419
YDR363W,YGR012W,0,,0.13565053045749664,0.998009979724884,0.6394197344779968
YMR156C,YJL178C,0,,0.13563218712806702,0.998009979724884,0.6395197510719299
YDR407C,YBR141C,0,,0.1356138437986374,0.998009979724884,0.6396198272705078
YDR213W,YCR063W,0,,0.13559551537036896,0.998009979724884,0.6397198438644409
YPL063W,YOR368W,0,,0.13557718694210052,0.998009979724884,0.6398199200630188
YBR070C,YBR104W,0,,0.1355588585138321,0.998009979724884,0.6399199366569519
YGL097W,YKL092C,0,,0.13554054498672485,0.998009979724884,0.6400200128555298
YJR120W,YGL078C,0,,0.13552223145961761,0.998009979724884,0.6401200890541077
YIL135C,YHR039C-A,0,,0.13550391793251038,0.998009979724884,0.6402201056480408
YLR240W,YDR179C,0,,0.13548561930656433,0.998009979724884,0.6403201818466187
YPR023C,YKR098C,0,,0.1354673206806183,0.998009979724884,0.6404201984405518
YML112W,YCL054W,0,,0.13544902205467224,0.998009979724884,0.6405202746391296
YPR106W,YNL178W,0,,0.1354307383298874,0.998009979724884,0.6406202912330627
YDR210W-D,YMR214W,0,,0.13541245460510254,0.998009979724884,0.6407203674316406
YER146W,YKR064W,0,,0.1353941708803177,0.998009979724884,0.6408203840255737
YNL318C,YGR109W-A,0,,0.13537588715553284,0.998009979724884,0.6409204602241516
YGL019W,YDR411C,0,,0.13535761833190918,0.998009979724884,0.6410205364227295
YDL226C,YGR165W,0,,0.13533936440944672,0.998009979724884,0.6411205530166626
YMR011W,YER048C,0,,0.13532109558582306,0.998009979724884,0.6412206292152405
YEL047C,YLR363C,0,,0.1353028416633606,0.998009979724884,0.6413206458091736
YDR405W,YOR329C,0,,0.13528460264205933,0.998009979724884,0.6414207220077515
YGR094W,YJR082C,0,,0.13526634871959686,0.998009979724884,0.6415207386016846
YPL162C,YPR071W,0,,0.1352481096982956,0.998009979724884,0.6416208148002625
YGR084C,YJL154C,0,,0.13522987067699432,0.998009979724884,0.6417208313941956
YHR176W,YOR032C,0,,0.13521164655685425,0.998009979724884,0.6418209075927734
YPR164W,YOR077W,0,,0.13519342243671417,0.998009979724884,0.6419209837913513
YMR318C,YPL072W,0,,0.1351751983165741,0.998009979724884,0.6420210003852844
YML131W,YPR204W,0,,0.13515698909759521,0.998009979724884,0.6421210765838623
YNL163C,YMR074C,0,,0.13513877987861633,0.998009979724884,0.6422210931777954
YDL197C,YMR236W,0,,0.13512057065963745,0.998009979724884,0.6423211693763733
YNL102W,YCL034W,0,,0.13510237634181976,0.998009979724884,0.6424211859703064
YML026C,YOR334W,0,,0.13508418202400208,0.998009979724884,0.6425212621688843
YMR093W,YOR360C,0,,0.1350659877061844,0.998009979724884,0.6426213383674622
YNL180C,YDR259C,0,,0.1350477933883667,0.998009979724884,0.6427213549613953
YHR051W,YBL058W,0,,0.1350296139717102,0.998009979724884,0.6428214311599731
YJL115W,YDR337W,0,,0.1350114345550537,0.998009979724884,0.6429214477539062
YGL208W,YHR214C-C,0,,0.1349932700395584,0.998009979724884,0.6430215239524841
YKL221W,YBR070C,0,,0.1349751055240631,0.998009979724884,0.6431215405464172
YCL036W,YGL233W,0,,0.1349569410085678,0.998009979724884,0.6432216167449951
YBL040C,YKR065C,0,,0.1349387913942337,0.998009979724884,0.6433216333389282
YAL051W,YJL099W,0,,0.1349206417798996,0.998009979724884,0.6434217095375061
YLR425W,YDR434W,0,,0.1349024921655655,0.998009979724884,0.643521785736084
YJR147W,YDR285W,0,,0.13488434255123138,0.998009979724884,0.6436218023300171
YOL027C,YJL212C,0,,0.13486620783805847,0.998009979724884,0.643721878528595
YPR025C,YBR101C,0,,0.13484807312488556,0.998009979724884,0.6438218951225281
YNL065W,YOR338W,0,,0.13482995331287384,0.998009979724884,0.643921971321106
YMR315W,YMR261C,0,,0.13481183350086212,0.998009979724884,0.6440219879150391
YFR004W,YLR244C,0,,0.1347937136888504,0.998009979724884,0.6441220641136169
YHL011C,YGR125W,0,,0.13477559387683868,0.998009979724884,0.6442221403121948
YBR059C,YGR048W,0,,0.13475748896598816,0.998009979724884,0.6443221569061279
YHR104W,YHR084W,0,,0.13473938405513763,0.998009979724884,0.6444222331047058
YML127W,YBR026C,0,,0.1347212940454483,0.998009979724884,0.6445222496986389
YBL058W,YCR043C,0,,0.13470318913459778,0.998009979724884,0.6446223258972168
YBR169C,YDR180W,0,,0.13468511402606964,0.998009979724884,0.6447223424911499
YBR133C,YER065C,0,,0.1346670240163803,0.998009979724884,0.6448224186897278
YHR210C,YOR100C,0,,0.13464894890785217,0.998009979724884,0.6449224352836609
YOR208W,YDR385W,0,,0.13463087379932404,0.998009979724884,0.6450225114822388
YER055C,YGL171W,0,,0.1346127986907959,0.998009979724884,0.6451225876808167
YDL091C,YMR242C,0,,0.13459473848342896,0.998009979724884,0.6452226042747498
YJL034W,YGR074W,0,,0.134576678276062,0.998009979724884,0.6453226804733276
YIL119C,YBR019C,0,,0.13455863296985626,0.998009979724884,0.6454226970672607
YJL183W,YFR045W,0,,0.13454057276248932,0.998009979724884,0.6455227732658386
YIL066C,YJL096W,0,,0.13452252745628357,0.998009979724884,0.6456227898597717
YHL009C,YKR039W,0,,0.134504497051239,0.998009979724884,0.6457228660583496
YBL080C,YKL163W,0,,0.13448645174503326,0.998009979724884,0.6458228826522827
YBR183W,YJL051W,0,,0.1344684213399887,0.998009979724884,0.6459229588508606
YNL113W,YER103W,0,,0.13445040583610535,0.998009979724884,0.6460230350494385
YNR032C-A,YPL145C,0,,0.1344323754310608,0.998009979724884,0.6461230516433716
YBR003W,YLR288C,0,,0.13441435992717743,0.998009979724884,0.6462231278419495
YJR150C,YDL083C,0,,0.13439635932445526,0.998009979724884,0.6463231444358826
YPL246C,YNL014W,0,,0.1343783438205719,0.998009979724884,0.6464232206344604
YHR174W,YNL051W,0,,0.13436034321784973,0.998009979724884,0.6465232372283936
YGR004W,YER046W,0,,0.13434235751628876,0.998009979724884,0.6466233134269714
YLR244C,YGL180W,0,,0.1343243569135666,0.998009979724884,0.6467233896255493
YMR190C,YJL021C,0,,0.13430637121200562,0.998009979724884,0.6468234062194824
YBR084C-A,YGR010W,0,,0.13428838551044464,0.998009979724884,0.6469234824180603
YDL012C,YML021C,0,,0.13427041471004486,0.998009979724884,0.6470234990119934
YGL048C,YHR190W,0,,0.13425244390964508,0.998009979724884,0.6471235752105713
YBR188C,YPL266W,0,,0.1342344731092453,0.998009979724884,0.6472235918045044
YDR322C-A,YGR140W,0,,0.1342165172100067,0.998009979724884,0.6473236680030823
YOR078W,YML102W,0,,0.13419856131076813,0.998009979724884,0.6474236845970154
YFL062W,YMR280C,0,,0.13418060541152954,0.998009979724884,0.6475237607955933
YDR339C,YMR133W,0,,0.13416264951229095,0.998009979724884,0.6476238369941711
YIL061C,YGR287C,0,,0.13414470851421356,0.998009979724884,0.6477238535881042
YIR038C,YDR090C,0,,0.13412676751613617,0.998009979724884,0.6478239297866821
YPL124W,YAL047C,0,,0.13410884141921997,0.998009979724884,0.6479239463806152
YBR302C,YCL010C,0,,0.13409091532230377,0.998009979724884,0.6480240225791931
YGL112C,YBR073W,0,,0.13407298922538757,0.998009979724884,0.6481240391731262
YBR145W,YGR287C,0,,0.13405506312847137,0.998009979724884,0.6482241153717041
YDL181W,YIL094C,0,,0.13403715193271637,0.998009979724884,0.648324191570282
YGR284C,YJL116C,0,,0.13401924073696136,0.998009979724884,0.6484242081642151
YLR033W,YFR009W,0,,0.13400132954120636,0.998009979724884,0.648524284362793
YLR239C,YDR280W,0,,0.13398343324661255,0.998009979724884,0.6486243009567261
YMR268C,YOR048C,0,,0.13396553695201874,0.998009979724884,0.648724377155304
YDR245W,YOR109W,0,,0.13394765555858612,0.998009979724884,0.6488243937492371
YGL058W,YPL083C,0,,0.1339297592639923,0.998009979724884,0.6489244699478149
YLR389C,YJL130C,0,,0.1339118778705597,0.998009979724884,0.649024486541748
YBR193C,YMR041C,0,,0.13389401137828827,0.998009979724884,0.6491245627403259
YOL094C,YIL110W,0,,0.13387612998485565,0.998009979724884,0.6492246389389038
YDL070W,YPR158W-A,0,,0.13385826349258423,0.998009979724884,0.6493246555328369
YPL175W,YPR137C-A,0,,0.133840411901474,0.998009979724884,0.6494247317314148
YPL084W,YGR109C,0,,0.13382254540920258,0.998009979724884,0.6495247483253479
YKR024C,YHR138C,0,,0.13380469381809235,0.998009979724884,0.6496248245239258
YBR139W,YFL014W,0,,0.13378684222698212,0.998009979724884,0.6497248411178589
YGL148W,YOL076W,0,,0.13376900553703308,0.998009979724884,0.6498249173164368
YNL231C,YNR039C,0,,0.13375116884708405,0.998009979724884,0.6499249339103699
YGL062W,YMR089C,0,,0.133733332157135,0.998009979724884,0.6500250101089478
YBR181C,YLR390W-A,0,,0.13371551036834717,0.998009979724884,0.6501250863075256
YOR022C,YNL055C,0,,0.13369767367839813,0.998009979724884,0.6502251029014587
YPL178W,YDR034C-D,0,,0.13367986679077148,0.998009979724884,0.6503251791000366
YNL138W-A,YKR065C,0,,0.13366204500198364,0.998009979724884,0.6504251956939697
YDL022W,YFL035C,0,,0.133644238114357,0.998009979724884,0.6505252718925476
YOL041C,YDR268W,0,,0.13362643122673035,0.998009979724884,0.6506252884864807
YJL051W,YFR028C,0,,0.1336086392402649,0.998009979724884,0.6507253646850586
YGR142W,YPR160W,0,,0.13359083235263824,0.998009979724884,0.6508254408836365
YDR352W,YLR129W,0,,0.1335730403661728,0.998009979724884,0.6509254574775696
YBL085W,YDR057W,0,,0.13355526328086853,0.998009979724884,0.6510255336761475
YBL014C,YPR107C,0,,0.13353747129440308,0.998009979724884,0.6511255502700806
YBR056W,YLR332W,0,,0.13351970911026,0.998009979724884,0.6512256264686584
YMR002W,YJR083C,0,,0.13350193202495575,0.998009979724884,0.6513256430625916
YGR109C,YKL210W,0,,0.13348416984081268,0.998009979724884,0.6514257192611694
YPL087W,YLR160C,0,,0.13346640765666962,0.998009979724884,0.6515257358551025
YDL124W,YOL130W,0,,0.13344864547252655,0.998009979724884,0.6516258120536804
YIL036W,YOR030W,0,,0.13343088328838348,0.998009979724884,0.6517258882522583
YPR171W,YNL152W,0,,0.1334131360054016,0.998009979724884,0.6518259048461914
YLR426W,YER179W,0,,0.13339540362358093,0.998009979724884,0.6519259810447693
YNL169C,YAL017W,0,,0.13337765634059906,0.998009979724884,0.6520259976387024
YOR083W,YLL036C,0,,0.13335992395877838,0.998009979724884,0.6521260738372803
YNL263C,YGL158W,0,,0.1333421915769577,0.998009979724884,0.6522260904312134
YPL043W,YKR092C,0,,0.13332447409629822,0.998009979724884,0.6523261666297913
YBL063W,YLR166C,0,,0.13330675661563873,0.998009979724884,0.6524262428283691
YMR179W,YLR256W,0,,0.13328903913497925,0.998009979724884,0.6525262594223022
YDR405W,YGL180W,0,,0.13327132165431976,0.998009979724884,0.6526263356208801
YBR031W,YOR159C,0,,0.13325361907482147,0.998009979724884,0.6527263522148132
YDR076W,YNL297C,0,,0.13323591649532318,0.998009979724884,0.6528264284133911
YJL021C,YIR021W,0,,0.13321822881698608,0.998009979724884,0.6529264450073242
YKR072C,YGR074W,0,,0.1332005262374878,0.998009979724884,0.6530265212059021
YGR275W,YBR054W,0,,0.1331828385591507,0.998009979724884,0.6531265377998352
YFL018W-A,YGL010W,0,,0.1331651657819748,0.998009979724884,0.6532266139984131
YOR115C,YGR012W,0,,0.1331474781036377,0.998009979724884,0.653326690196991
YGR005C,YCL062W,0,,0.1331298053264618,0.998009979724884,0.6534267067909241
YLR316C,YKR069W,0,,0.13311214745044708,0.998009979724884,0.653526782989502
YDR014W-A,YML032C,0,,0.13309447467327118,0.998009979724884,0.6536267995834351
YLR107W,YMR013C,0,,0.13307681679725647,0.998009979724884,0.6537268757820129
YDR293C,YBR228W,0,,0.13305917382240295,0.998009979724884,0.653826892375946
YGR113W,YPR149W,0,,0.13304151594638824,0.998009979724884,0.6539269685745239
YLR024C,YPL012W,0,,0.13302387297153473,0.998009979724884,0.654026985168457
YDL165W,YDL022W,0,,0.1330062299966812,0.998009979724884,0.6541270613670349
YGL076C,YER109C,0,,0.1329886019229889,0.998009979724884,0.6542271375656128
YMR218C,YOR007C,0,,0.13297097384929657,0.998009979724884,0.6543271541595459
YBL052C,YCR002C,0,,0.13295334577560425,0.998009979724884,0.6544272303581238
YLR285W,YBL042C,0,,0.13293571770191193,0.998009979724884,0.6545272469520569
YGL111W,YKL003C,0,,0.1329181045293808,0.998009979724884,0.6546273231506348
YDR217C,YCR042C,0,,0.13290049135684967,0.998009979724884,0.6547273397445679
YPL021W,YBR101C,0,,0.13288287818431854,0.998009979724884,0.6548274159431458
YLR274W,YNL224C,0,,0.1328652799129486,0.998009979724884,0.6549274921417236
YCL020W,YNL199C,0,,0.13284768164157867,0.998009979724884,0.6550275087356567
YOR084W,YOL119C,0,,0.13283008337020874,0.998009979724884,0.6551275849342346
YHR065C,YDR009W,0,,0.1328125,0.998009979724884,0.6552276015281677
YLL043W,YBR200W-A,0,,0.13279491662979126,0.998009979724884,0.6553276777267456
YJR092W,YEL048C,0,,0.13277733325958252,0.998009979724884,0.6554276943206787
YEL029C,YBR280C,0,,0.13275976479053497,0.998009979724884,0.6555277705192566
YPL168W,YPR037C,0,,0.13274219632148743,0.998009979724884,0.6556277871131897
YML049C,YKR022C,0,,0.13272462785243988,0.998009979724884,0.6557278633117676
YBL112C,YPR198W,0,,0.13270705938339233,0.998009979724884,0.6558279395103455
YPR114W,YDR039C,0,,0.13268950581550598,0.998009979724884,0.6559279561042786
YMR193W,YMR293C,0,,0.13267195224761963,0.998009979724884,0.6560280323028564
YGL011C,YOR230W,0,,0.13265441358089447,0.998009979724884,0.6561280488967896
YER185W,YNL300W,0,,0.1326368749141693,0.998009979724884,0.6562281250953674
YOR119C,YFR019W,0,,0.13261933624744415,0.998009979724884,0.6563281416893005
YNL092W,YPL252C,0,,0.132601797580719,0.998009979724884,0.6564282178878784
YDR205W,YDR399W,0,,0.13258427381515503,0.998009979724884,0.6565282344818115
YLR148W,YCR086W,0,,0.13256675004959106,0.998009979724884,0.6566283106803894
YGL060W,YLR305C,0,,0.1325492262840271,0.998009979724884,0.6567283868789673
YBL035C,YER165W,0,,0.13253171741962433,0.998009979724884,0.6568284034729004
YNL278W,YHR026W,0,,0.13251420855522156,0.998009979724884,0.6569284796714783
YGR049W,YBR103W,0,,0.1324966996908188,0.998009979724884,0.6570284962654114
YPL210C,YGR238C,0,,0.13247919082641602,0.998009979724884,0.6571285724639893
YKR083C,YGR170W,0,,0.13246169686317444,0.998009979724884,0.6572285890579224
YPR164W,YKL080W,0,,0.13244420289993286,0.998009979724884,0.6573286652565002
YIL021W,YNL021W,0,,0.13242672383785248,0.998009979724884,0.6574287414550781
YPL227C,YBL027W,0,,0.1324092447757721,0.998009979724884,0.6575287580490112
YCR068W,YFR001W,0,,0.1323917657136917,0.998009979724884,0.6576288342475891
YGL002W,YPR141C,0,,0.13237428665161133,0.998009979724884,0.6577288508415222
YKR035W-A,YPL055C,0,,0.13235682249069214,0.998009979724884,0.6578289270401001
YLR361C,YDR261W-A,0,,0.13233935832977295,0.998009979724884,0.6579289436340332
YDR302W,YPL055C,0,,0.13232189416885376,0.998009979724884,0.6580290198326111
YCR097W,YPL249C-A,0,,0.13230444490909576,0.998009979724884,0.6581290364265442
YER031C,YGL005C,0,,0.13228699564933777,0.998009979724884,0.6582291126251221
YER058W,YOL082W,0,,0.13226954638957977,0.998009979724884,0.6583291888237
YGL186C,YHR110W,0,,0.13225211203098297,0.998009979724884,0.6584292054176331
YHR058C,YOR334W,0,,0.13223467767238617,0.998009979724884,0.6585292816162109
YMR044W,YJL111W,0,,0.13221724331378937,0.998009979724884,0.658629298210144
YHR187W,YPL058C,0,,0.13219980895519257,0.998009979724884,0.6587293744087219
YKL152C,YML041C,0,,0.13218238949775696,0.998009979724884,0.658829391002655
YNR074C,YGL180W,0,,0.13216497004032135,0.998009979724884,0.6589294672012329
YHR201C,YOR094W,0,,0.13214756548404694,0.998009979724884,0.6590295433998108
YJR014W,YLR312W-A,0,,0.13213016092777252,0.998009979724884,0.6591295599937439
YLR460C,YLR052W,0,,0.1321127563714981,0.998009979724884,0.6592296361923218
YLR061W,YGR207C,0,,0.1320953518152237,0.998009979724884,0.6593296527862549
YJL094C,YJL069C,0,,0.13207796216011047,0.998009979724884,0.6594297289848328
YCL060C,YFL035C-B,0,,0.13206057250499725,0.998009979724884,0.6595297455787659
YHR083W,YLR393W,0,,0.13204318284988403,0.998009979724884,0.6596298217773438
YDR457W,YNL064C,0,,0.1320257931947708,0.998009979724884,0.6597298383712769
YER144C,YCR086W,0,,0.1320084184408188,0.998009979724884,0.6598299145698547
YIL062C,YBL089W,0,,0.13199105858802795,0.998009979724884,0.6599299907684326
YMR186W,YLL008W,0,,0.13197368383407593,0.998009979724884,0.6600300073623657
YPL010W,YMR172W,0,,0.1319563239812851,0.998009979724884,0.6601300835609436
YJL066C,YNL335W,0,,0.13193896412849426,0.998009979724884,0.6602301001548767
YJR055W,YGR229C,0,,0.13192160427570343,0.998009979724884,0.6603301763534546
YGL189C,YML114C,0,,0.1319042593240738,0.998009979724884,0.6604301929473877
YGR238C,YAL029C,0,,0.13188691437244415,0.998009979724884,0.6605302691459656
YOR313C,YBR119W,0,,0.13186956942081451,0.998009979724884,0.6606302857398987
YJL092W,YLR128W,0,,0.13185223937034607,0.998009979724884,0.6607303619384766
YGR271W,YMR090W,0,,0.13183490931987762,0.998009979724884,0.6608304381370544
YNL304W,YNL072W,0,,0.13181757926940918,0.998009979724884,0.6609304547309875
YPR010C,YLR027C,0,,0.13180026412010193,0.998009979724884,0.6610305309295654
YDL045C,YNL079C,0,,0.13178294897079468,0.998009979724884,0.6611305475234985
YPL170W,YDR365C,0,,0.13176563382148743,0.998009979724884,0.6612306237220764
YDL045C,YLR110C,0,,0.13174831867218018,0.998009979724884,0.6613306403160095
YDL020C,YOR214C,0,,0.13173101842403412,0.998009979724884,0.6614307165145874
YGL019W,YDL103C,0,,0.13171371817588806,0.998009979724884,0.6615307927131653
YDR294C,YPL135W,0,,0.1316964328289032,0.998009979724884,0.6616308093070984
YGR049W,YBL091C-A,0,,0.13167913258075714,0.998009979724884,0.6617308855056763
YBR211C,YHR165C,0,,0.13166184723377228,0.998009979724884,0.6618309020996094
YIL063C,YDL216C,0,,0.1316445767879486,0.998009979724884,0.6619309782981873
YPL064C,YAR035W,0,,0.13162729144096375,0.998009979724884,0.6620309948921204
YPR011C,YPR188C,0,,0.13161002099514008,0.998009979724884,0.6621310710906982
YDL150W,YCL005W-A,0,,0.1315927505493164,0.998009979724884,0.6622310876846313
YMR002W,YGL028C,0,,0.13157549500465393,0.998009979724884,0.6623311638832092
YER130C,YKR099C-A,0,,0.13155823945999146,0.998009979724884,0.6624312400817871
YCL040W,YOR059C,0,,0.13154098391532898,0.998009979724884,0.6625312566757202
YBR008C,YGL257C,0,,0.1315237283706665,0.998009979724884,0.6626313328742981
YFL008W,YDR389W,0,,0.13150648772716522,0.998009979724884,0.6627313494682312
YOL033W,YPR149W,0,,0.13148924708366394,0.998009979724884,0.6628314256668091
YPL137C,YLR071C,0,,0.13147202134132385,0.998009979724884,0.6629314422607422
YOR145C,YKR085C,0,,0.13145478069782257,0.998009979724884,0.6630315184593201
YAL009W,YNL284C,0,,0.13143755495548248,0.998009979724884,0.663131594657898
YDL225W,YLR248W,0,,0.1314203292131424,0.998009979724884,0.663231611251831
YER142C,YAL005C,0,,0.1314031183719635,0.998009979724884,0.6633316874504089
YKR086W,YBR195C,0,,0.1313859075307846,0.998009979724884,0.663431704044342
YML114C,YPL024W,0,,0.1313686966896057,0.998009979724884,0.6635317802429199
YLR103C,YDL240W,0,,0.13135148584842682,0.998009979724884,0.663631796836853
YDR213W,YDL066W,0,,0.13133428990840912,0.998009979724884,0.6637318730354309
YGR271W,YJL139C,0,,0.13131709396839142,0.998009979724884,0.663831889629364
YLR059C,YIL130W,0,,0.1312999129295349,0.998009979724884,0.6639319658279419
YAL028W,YBR200W-A,0,,0.1312827169895172,0.998009979724884,0.6640320420265198
YML133C,YPL259C,0,,0.1312655359506607,0.998009979724884,0.6641320586204529
YOR123C,YMR177W,0,,0.1312483698129654,0.998009979724884,0.6642321348190308
YGL098W,YLL036C,0,,0.1312311887741089,0.998009979724884,0.6643321514129639
YBL056W,YKL174C,0,,0.13121402263641357,0.998009979724884,0.6644322276115417
YNL117W,YGR013W,0,,0.13119685649871826,0.998009979724884,0.6645322442054749
YGR283C,YLR213C,0,,0.13117970526218414,0.998009979724884,0.6646323204040527
YLR005W,YMR149W,0,,0.13116255402565002,0.998009979724884,0.6647323369979858
YOL158C,YKR036C,0,,0.1311454027891159,0.998009979724884,0.6648324131965637
YPL209C,YKL052C,0,,0.1311282515525818,0.998009979724884,0.6649324893951416
YDR437W,YLR118C,0,,0.13111111521720886,0.998009979724884,0.6650325059890747
YGL112C,YKL117W,0,,0.13109397888183594,0.998009979724884,0.6651325821876526
YOL001W,YDR516C,0,,0.131076842546463,0.998009979724884,0.6652325987815857
YDR367W,YKL015W,0,,0.13105972111225128,0.998009979724884,0.6653326749801636
YJL098W,YJR005W,0,,0.13104258477687836,0.998009979724884,0.6654326915740967
YHR133C,YHR152W,0,,0.13102547824382782,0.998009979724884,0.6655327677726746
YBR301W,YBR145W,0,,0.1310083568096161,0.998009979724884,0.6656328439712524
YKL038W,YNL147W,0,,0.13099125027656555,0.998009979724884,0.6657328605651855
YFR036W,YPL097W,0,,0.13097414374351501,0.998009979724884,0.6658329367637634
YNR033W,YOL086C,0,,0.13095703721046448,0.998009979724884,0.6659329533576965
YBL028C,YDR476C,0,,0.13093994557857513,0.998009979724884,0.6660330295562744
YLR451W,YJR051W,0,,0.1309228539466858,0.998009979724884,0.6661330461502075
YLR442C,YNL315C,0,,0.13090576231479645,0.998009979724884,0.6662331223487854
YCL011C,YLR175W,0,,0.1308886855840683,0.998009979724884,0.6663331389427185
YMR175W,YLR452C,0,,0.13087160885334015,0.998009979724884,0.6664332151412964
YER141W,YIL142W,0,,0.130854532122612,0.998009979724884,0.6665332913398743
YBR215W,YGL234W,0,,0.13083747029304504,0.998009979724884,0.6666333079338074
YDL045W-A,YAL068C,0,,0.1308203935623169,0.998009979724884,0.6667333841323853
YNL079C,YGL016W,0,,0.13080333173274994,0.998009979724884,0.6668334007263184
YBR120C,YDL040C,0,,0.13078628480434418,0.998009979724884,0.6669334769248962
YEL046C,YDR386W,0,,0.13076923787593842,0.998009979724884,0.6670334935188293
YKL138C-A,YKL125W,0,,0.13075219094753265,0.998009979724884,0.6671335697174072
YCL043C,YLR411W,0,,0.1307351440191269,0.998009979724884,0.6672336459159851
YBR074W,YDL175C,0,,0.13071809709072113,0.998009979724884,0.6673336625099182
YOL061W,YPL105C,0,,0.13070106506347656,0.998009979724884,0.6674337387084961
YNR018W,YKL139W,0,,0.130684033036232,0.998009979724884,0.6675337553024292
YDR019C,YDR494W,0,,0.13066701591014862,0.998009979724884,0.6676338315010071
YPL223C,YGL139W,0,,0.13064999878406525,0.998009979724884,0.6677338480949402
YAR009C,YGR215W,0,,0.13063298165798187,0.998009979724884,0.6678339242935181
YER167W,YBR136W,0,,0.1306159645318985,0.998009979724884,0.6679339408874512
YOL122C,YOR312C,0,,0.13059896230697632,0.998009979724884,0.668034017086029
YNR006W,YGR161C,0,,0.13058196008205414,0.998009979724884,0.6681340932846069
YNL282W,YBR065C,0,,0.13056495785713196,0.998009979724884,0.66823410987854
YKL008C,YMR197C,0,,0.13054795563220978,0.998009979724884,0.6683341860771179
YHR109W,YGL093W,0,,0.1305309683084488,0.998009979724884,0.668434202671051
YGL014W,YGR180C,0,,0.1305139809846878,0.998009979724884,0.6685342788696289
YLR155C,YJL087C,0,,0.130497008562088,0.998009979724884,0.668634295463562
YBR132C,YPR181C,0,,0.13048003613948822,0.998009979724884,0.6687343716621399
YER123W,YPR060C,0,,0.13046306371688843,0.998009979724884,0.668834388256073
YNL254C,YJL174W,0,,0.13044609129428864,0.998009979724884,0.6689344644546509
YNL245C,YLR353W,0,,0.13042913377285004,0.998009979724884,0.6690345406532288
YBR019C,YLL066C,0,,0.13041217625141144,0.998009979724884,0.6691345572471619
YEL060C,YML061C,0,,0.13039521872997284,0.998009979724884,0.6692346334457397
YJL116C,YOL066C,0,,0.13037826120853424,0.998009979724884,0.6693346500396729
YGL087C,YGR216C,0,,0.13036131858825684,0.998009979724884,0.6694347262382507
YFR038W,YIL127C,0,,0.13034437596797943,0.998009979724884,0.6695347428321838
YOR178C,YHR077C,0,,0.13032744824886322,0.998009979724884,0.6696348190307617
YFR014C,YBR279W,0,,0.13031050562858582,0.998009979724884,0.6697348952293396
YHR104W,YIL129C,0,,0.1302935779094696,0.998009979724884,0.6698349118232727
YDR188W,YKL027W,0,,0.1302766650915146,0.998009979724884,0.6699349880218506
YER185W,YKL171W,0,,0.13025973737239838,0.998009979724884,0.6700350046157837
YGR085C,YJR091C,0,,0.13024282455444336,0.998009979724884,0.6701350808143616
YBR004C,YBR294W,0,,0.13022591173648834,0.998009979724884,0.6702350974082947
YBR098W,YNR063W,0,,0.13020901381969452,0.998009979724884,0.6703351736068726
YBL068W,YOL108C,0,,0.1301921010017395,0.998009979724884,0.6704351902008057
YDR160W,YGR055W,0,,0.13017521798610687,0.998009979724884,0.6705352663993835
YJL176C,YPL015C,0,,0.13015832006931305,0.998009979724884,0.6706353425979614
YNL005C,YGR132C,0,,0.13014143705368042,0.998009979724884,0.6707353591918945
YMR213W,YGL049C,0,,0.1301245391368866,0.998009979724884,0.6708354353904724
YOR215C,YJR133W,0,,0.13010767102241516,0.998009979724884,0.6709354519844055
YJL225C,YKL008C,0,,0.13009078800678253,0.998009979724884,0.6710355281829834
YJR086W,YLR315W,0,,0.1300739198923111,0.998009979724884,0.6711355447769165
YOR190W,YLR157C-B,0,,0.13005705177783966,0.998009979724884,0.6712356209754944
YKL054C,YLR353W,0,,0.13004019856452942,0.998009979724884,0.6713356971740723
YDL100C,YDL045C,0,,0.13002333045005798,0.998009979724884,0.6714357137680054
YCL003W,YMR009W,0,,0.13000647723674774,0.998009979724884,0.6715357899665833
YOR113W,YPL076W,0,,0.1299896389245987,0.998009979724884,0.6716358065605164
YBR145W,YBR115C,0,,0.12997278571128845,0.998009979724884,0.6717358827590942
YDR415C,YHR035W,0,,0.1299559473991394,0.998009979724884,0.6718358993530273
YHR079C-A,YPL097W,0,,0.12993910908699036,0.998009979724884,0.6719359755516052
YNL092W,YKR100C,0,,0.1299222856760025,0.998009979724884,0.6720359921455383
YDL230W,YJR049C,0,,0.12990544736385345,0.998009979724884,0.6721360683441162
YBL004W,YOL020W,0,,0.1298886239528656,0.998009979724884,0.6722361445426941
YDR205W,YNR006W,0,,0.12987181544303894,0.998009979724884,0.6723361611366272
YMR189W,YGL054C,0,,0.1298549920320511,0.998009979724884,0.6724362373352051
YML014W,YOR142W,0,,0.12983818352222443,0.998009979724884,0.6725362539291382
YOR017W,YNL335W,0,,0.12982137501239777,0.998009979724884,0.6726363301277161
YMR230W,YHR209W,0,,0.1298045814037323,0.998009979724884,0.6727363467216492
YFR004W,YOR339C,0,,0.12978778779506683,0.998009979724884,0.672836422920227
YBR183W,YKL188C,0,,0.12977099418640137,0.998009979724884,0.6729364395141602
YAR042W,YHR205W,0,,0.1297542005777359,0.998009979724884,0.673036515712738
YHL021C,YHL022C,0,,0.12973742187023163,0.998009979724884,0.6731365919113159
YGL216W,YGR258C,0,,0.12972064316272736,0.998009979724884,0.673236608505249
YOR301W,YJL192C,0,,0.12970386445522308,0.998009979724884,0.6733366847038269
YOR312C,YDR037W,0,,0.12968710064888,0.998009979724884,0.67343670129776
YBR089C-A,YDL054C,0,,0.12967033684253693,0.998009979724884,0.6735367774963379
YPR105C,YKL168C,0,,0.12965357303619385,0.998009979724884,0.673636794090271
YML059C,YPL164C,0,,0.12963680922985077,0.998009979724884,0.6737368702888489
YNL287W,YCL062W,0,,0.12962006032466888,0.998009979724884,0.6738369464874268
YGR059W,YML058W-A,0,,0.129603311419487,0.998009979724884,0.6739369630813599
YBR150C,YBR136W,0,,0.12958656251430511,0.998009979724884,0.6740370392799377
YGR113W,YNR019W,0,,0.12956982851028442,0.998009979724884,0.6741370558738708
YER033C,YIL144W,0,,0.12955309450626373,0.998009979724884,0.6742371320724487
YKL141W,YJR118C,0,,0.12953636050224304,0.998009979724884,0.6743371486663818
YJL207C,YGR177C,0,,0.12951962649822235,0.998009979724884,0.6744372248649597
YDL156W,YOR344C,0,,0.12950290739536285,0.998009979724884,0.6745372414588928
YJR048W,YNR053C,0,,0.12948618829250336,0.998009979724884,0.6746373176574707
YLR460C,YNR073C,0,,0.12946946918964386,0.998009979724884,0.6747373938560486
YCR005C,YJL187C,0,,0.12945276498794556,0.998009979724884,0.6748374104499817
YOL145C,YAL015C,0,,0.12943606078624725,0.998009979724884,0.6749374866485596
YBR114W,YLR160C,0,,0.12941935658454895,0.998009979724884,0.6750375032424927
YJL005W,YOR008C,0,,0.12940265238285065,0.998009979724884,0.6751375794410706
YOL004W,YKR101W,0,,0.12938596308231354,0.998009979724884,0.6752375960350037
YBR056W,YHR124W,0,,0.12936927378177643,0.998009979724884,0.6753376722335815
YGR084C,YMR300C,0,,0.1293525993824005,0.998009979724884,0.6754377484321594
YGR289C,YJL112W,0,,0.1293359100818634,0.998009979724884,0.6755377650260925
YGL198W,YPR155C,0,,0.1293192356824875,0.998009979724884,0.6756378412246704
YBR258C,YPL236C,0,,0.12930256128311157,0.998009979724884,0.6757378578186035
YBR034C,YAL055W,0,,0.12928590178489685,0.998009979724884,0.6758379340171814
YFR046C,YLR092W,0,,0.12926924228668213,0.998009979724884,0.6759379506111145
YJL145W,YBR193C,0,,0.1292525827884674,0.998009979724884,0.6760380268096924
YML061C,YLR405W,0,,0.12923592329025269,0.998009979724884,0.6761380434036255
YMR186W,YPL098C,0,,0.12921927869319916,0.998009979724884,0.6762381196022034
YNL264C,YOR136W,0,,0.12920263409614563,0.998009979724884,0.6763381958007812
YJL092W,YOR312C,0,,0.1291859894990921,0.998009979724884,0.6764382123947144
YOR090C,YDR343C,0,,0.12916934490203857,0.998009979724884,0.6765382885932922
YCL043C,YBL035C,0,,0.12915271520614624,0.998009979724884,0.6766383051872253
YMR276W,YMR197C,0,,0.1291360855102539,0.998009979724884,0.6767383813858032
YLR209C,YKL211C,0,,0.12911947071552277,0.998009979724884,0.6768383979797363
YGL051W,YLR274W,0,,0.12910284101963043,0.998009979724884,0.6769384741783142
YBL099W,YBR052C,0,,0.1290862262248993,0.998009979724884,0.6770384907722473
YKL157W,YDR394W,0,,0.12906961143016815,0.998009979724884,0.6771385669708252
YJL034W,YKL193C,0,,0.1290530115365982,0.998009979724884,0.6772386431694031
YJR093C,YPL086C,0,,0.12903641164302826,0.998009979724884,0.6773386597633362
YGR143W,YHL022C,0,,0.1290198117494583,0.998009979724884,0.6774387359619141
YMR202W,YDR449C,0,,0.12900321185588837,0.998009979724884,0.6775387525558472
YNL175C,YCR031C,0,,0.12898662686347961,0.998009979724884,0.677638828754425
YDL134C,YLR193C,0,,0.12897004187107086,0.998009979724884,0.6777388453483582
YGL127C,YCR042C,0,,0.1289534568786621,0.998009979724884,0.677838921546936
YEL042W,YPL213W,0,,0.12893688678741455,0.998009979724884,0.6779389977455139
YAL001C,YHR204W,0,,0.1289203017950058,0.998009979724884,0.678039014339447
YPL192C,YKL014C,0,,0.12890374660491943,0.998009979724884,0.6781390905380249
YDL227C,YGR096W,0,,0.12888717651367188,0.998009979724884,0.678239107131958
YGR027W-A,YBR020W,0,,0.1288706213235855,0.998009979724884,0.6783391833305359
YMR263W,YKL020C,0,,0.12885406613349915,0.998009979724884,0.678439199924469
YMR035W,YIR013C,0,,0.12883751094341278,0.998009979724884,0.6785392761230469
YDR322C-A,YBL016W,0,,0.12882095575332642,0.998009979724884,0.67863929271698
YGL010W,YBR228W,0,,0.12880441546440125,0.998009979724884,0.6787393689155579
YJR041C,YHR103W,0,,0.12878787517547607,0.998009979724884,0.6788394451141357
YPR154W,YJL012C,0,,0.1287713497877121,0.998009979724884,0.6789394617080688
YHR154W,YOR262W,0,,0.12875480949878693,0.998009979724884,0.6790395379066467
YPL001W,YJL203W,0,,0.12873828411102295,0.998009979724884,0.6791395545005798
YLR325C,YER151C,0,,0.12872175872325897,0.998009979724884,0.6792396306991577
YLR424W,YKL043W,0,,0.1287052482366562,0.998009979724884,0.6793396472930908
YDR225W,YNL014W,0,,0.1286887377500534,0.998009979724884,0.6794397234916687
YPL217C,YFL057C,0,,0.12867222726345062,0.998009979724884,0.6795397400856018
YDR322C-A,YJR007W,0,,0.12865571677684784,0.998009979724884,0.6796398162841797
YMR308C,YLR249W,0,,0.12863922119140625,0.998009979724884,0.6797398924827576
YOR349W,YDL147W,0,,0.12862272560596466,0.998009979724884,0.6798399090766907
YOR145C,YIL056W,0,,0.12860623002052307,0.998009979724884,0.6799399852752686
YOR393W,YDR021W,0,,0.12858974933624268,0.998009979724884,0.6800400018692017
YJR021C,YIL002C,0,,0.1285732537508011,0.998009979724884,0.6801400780677795
YEL055C,YDR034C,0,,0.1285567730665207,0.998009979724884,0.6802400946617126
YIL142W,YOL029C,0,,0.1285403072834015,0.998009979724884,0.6803401708602905
YJR021C,YLR268W,0,,0.1285238265991211,0.998009979724884,0.6804402470588684
YAL054C,YPL147W,0,,0.1285073608160019,0.998009979724884,0.6805402636528015
YPL065W,YMR049C,0,,0.12849090993404388,0.998009979724884,0.6806403398513794
YBL056W,YLR390W-A,0,,0.12847444415092468,0.998009979724884,0.6807403564453125
YGR055W,YGR203W,0,,0.12845799326896667,0.998009979724884,0.6808404326438904
YGL198W,YEL053C,0,,0.12844154238700867,0.998009979724884,0.6809404492378235
YER026C,YLR064W,0,,0.12842509150505066,0.998009979724884,0.6810405254364014
YOR178C,YHR168W,0,,0.12840865552425385,0.998009979724884,0.6811405420303345
YCR097WB,YGR133W,0,,0.12839221954345703,0.998009979724884,0.6812406182289124
YPL099C,YNR026C,0,,0.12837578356266022,0.998009979724884,0.6813406944274902
YIL088C,YPL045W,0,,0.1283593475818634,0.998009979724884,0.6814407110214233
YOR271C,YEL070W,0,,0.12834292650222778,0.998009979724884,0.6815407872200012
YBR023C,YJL197W,0,,0.12832650542259216,0.998009979724884,0.6816408038139343
YKL092C,YKL064W,0,,0.12831009924411774,0.998009979724884,0.6817408800125122
YLR059C,YIL066C,0,,0.12829367816448212,0.998009979724884,0.6818408966064453
YBR038W,YPR056W,0,,0.1282772719860077,0.998009979724884,0.6819409728050232
YPR158W-B,YCR080W,0,,0.12826086580753326,0.998009979724884,0.6820410490036011
YNR037C,YGL012W,0,,0.12824447453022003,0.998009979724884,0.6821410655975342
YKL048C,YNL263C,0,,0.1282280683517456,0.998009979724884,0.6822411417961121
YHR077C,YDR302W,0,,0.12821167707443237,0.998009979724884,0.6823411583900452
YNL278W,YJR083C,0,,0.12819530069828033,0.998009979724884,0.682441234588623
YNL314W,YOR336W,0,,0.1281789094209671,0.998009979724884,0.6825412511825562
YKL193C,YLR085C,0,,0.12816253304481506,0.998009979724884,0.682641327381134
YBR193C,YGL245W,0,,0.12814615666866302,0.998009979724884,0.6827413439750671
YER155C,YCR060W,0,,0.12812979519367218,0.998009979724884,0.682841420173645
YBL092W,YCR012W,0,,0.12811341881752014,0.998009979724884,0.6829414963722229
YOR025W,YMR231W,0,,0.1280970573425293,0.998009979724884,0.683041512966156
YPL230W,YJL166W,0,,0.12808071076869965,0.998009979724884,0.6831415891647339
YGL216W,YLR404W,0,,0.1280643492937088,0.998009979724884,0.683241605758667
YEL077C,YER044C-A,0,,0.12804800271987915,0.998009979724884,0.6833416819572449
YDL072C,YPR173C,0,,0.1280316561460495,0.998009979724884,0.683441698551178
YBR218C,YGL054C,0,,0.12801530957221985,0.998009979724884,0.6835417747497559
YAR008W,YNL079C,0,,0.1279989778995514,0.998009979724884,0.683641791343689
YPL137C,YNL232W,0,,0.12798264622688293,0.998009979724884,0.6837418675422668
YOR032C,YOR003W,0,,0.12796631455421448,0.998009979724884,0.6838419437408447
YDR041W,YML013W,0,,0.12794999778270721,0.998009979724884,0.6839419603347778
YOR380W,YLR203C,0,,0.12793366611003876,0.998009979724884,0.6840420365333557
YJL159W,YOR250C,0,,0.1279173642396927,0.998009979724884,0.6841420531272888
YNL093W,YFL002C,0,,0.12790104746818542,0.998009979724884,0.6842421293258667
YHR143W-A,YDL049C,0,,0.12788473069667816,0.998009979724884,0.6843421459197998
YKL048C,YBR271W,0,,0.1278684288263321,0.998009979724884,0.6844422221183777
YJL005W,YHR108W,0,,0.12785214185714722,0.998009979724884,0.6845422983169556
YPL190C,YKR034W,0,,0.12783583998680115,0.998009979724884,0.6846423149108887
YMR168C,YOR266W,0,,0.12781955301761627,0.998009979724884,0.6847423911094666
YMR232W,YKL081W,0,,0.1278032660484314,0.998009979724884,0.6848424077033997
YLR222C,YBR170C,0,,0.12778697907924652,0.998009979724884,0.6849424839019775
YDR446W,YKR020W,0,,0.12777070701122284,0.998009979724884,0.6850425004959106
YPR128C,YKR100C,0,,0.12775442004203796,0.998009979724884,0.6851425766944885
YIL117C,YEL036C,0,,0.12773816287517548,0.998009979724884,0.6852425932884216
YDR016C,YDR453C,0,,0.1277218908071518,0.998009979724884,0.6853426694869995
YMR229C,YLL055W,0,,0.1277056336402893,0.998009979724884,0.6854427456855774
YBR038W,YOL066C,0,,0.12768937647342682,0.998009979724884,0.6855427622795105
YKL073W,YMR234W,0,,0.12767311930656433,0.998009979724884,0.6856428384780884
YJL115W,YPL008W,0,,0.12765686213970184,0.998009979724884,0.6857428550720215
YLL003W,YBR054W,0,,0.12764061987400055,0.998009979724884,0.6858429312705994
YHR169W,YNL312W,0,,0.12762437760829926,0.998009979724884,0.6859429478645325
YMR251W-A,YBR154C,0,,0.12760813534259796,0.998009979724884,0.6860430240631104
YBR179C,YJL089W,0,,0.12759190797805786,0.998009979724884,0.6861431002616882
YDR365W-A,YGL068W,0,,0.12757568061351776,0.998009979724884,0.6862431168556213
YOR340C,YNL216W,0,,0.12755945324897766,0.998009979724884,0.6863431930541992
YOL076W,YCL008C,0,,0.12754324078559875,0.998009979724884,0.6864432096481323
YJL183W,YOR118W,0,,0.12752701342105865,0.998009979724884,0.6865432858467102
YJL021C,YJR133W,0,,0.12751080095767975,0.998009979724884,0.6866433024406433
YGR256W,YOR088W,0,,0.12749460339546204,0.998009979724884,0.6867433786392212
YCL067C,YDR256C,0,,0.12747839093208313,0.998009979724884,0.6868433952331543
YLR268W,YNL024C-A,0,,0.12746219336986542,0.998009979724884,0.6869434714317322
YOR178C,YLR263W,0,,0.1274459958076477,0.998009979724884,0.6870435476303101
YFL061W,YLR432W,0,,0.12742979824543,0.998009979724884,0.6871435642242432
YNL314W,YDL029W,0,,0.12741361558437347,0.998009979724884,0.687243640422821
YKL213C,YPR020W,0,,0.12739743292331696,0.998009979724884,0.6873436570167542
YDR414C,YIL134W,0,,0.12738125026226044,0.998009979724884,0.687443733215332
YNL263C,YJL087C,0,,0.1273650825023651,0.998009979724884,0.6875437498092651
YPL225W,YBR236C,0,,0.1273489147424698,0.998009979724884,0.687643826007843
YGR276C,YCL044C,0,,0.12733274698257446,0.998009979724884,0.6877438426017761
YNL068C,YMR118C,0,,0.12731657922267914,0.998009979724884,0.687843918800354
YLR061W,YNL279W,0,,0.1273004114627838,0.998009979724884,0.6879439949989319
YMR272C,YPR124W,0,,0.12728425860404968,0.998009979724884,0.688044011592865
YKL205W,YOL141W,0,,0.12726810574531555,0.998009979724884,0.6881440877914429
YKR089C,YDR317W,0,,0.12725196778774261,0.998009979724884,0.688244104385376
YOL070C,YNR019W,0,,0.12723582983016968,0.998009979724884,0.6883441805839539
YOR229W,YBR236C,0,,0.12721969187259674,0.998009979724884,0.688444197177887
YDR285W,YBL006C,0,,0.1272035539150238,0.998009979724884,0.6885442733764648
YNL309W,YDL126C,0,,0.12718741595745087,0.998009979724884,0.6886443495750427
YMR189W,YBL005W-A,0,,0.12717129290103912,0.998009979724884,0.6887443661689758
YAL060W,YJL059W,0,,0.12715516984462738,0.998009979724884,0.6888444423675537
YJR005W,YPL252C,0,,0.12713906168937683,0.998009979724884,0.6889444589614868
YHL026C,YDR409W,0,,0.1271229386329651,0.998009979724884,0.6890445351600647
YNL287W,YOR336W,0,,0.12710683047771454,0.998009979724884,0.6891445517539978
YBR275C,YGL010W,0,,0.127090722322464,0.998009979724884,0.6892446279525757
YNL010W,YLR178C,0,,0.12707462906837463,0.998009979724884,0.6893446445465088
YIR005W,YKL209C,0,,0.12705852091312408,0.998009979724884,0.6894447207450867
YOR178C,YPL190C,0,,0.12704242765903473,0.998009979724884,0.6895447969436646
YCR105W,YIL083C,0,,0.12702634930610657,0.998009979724884,0.6896448135375977
YIL064W,YJL130C,0,,0.1270102560520172,0.998009979724884,0.6897448897361755
YIL120W,YNL328C,0,,0.12699417769908905,0.998009979724884,0.6898449063301086
YMR170C,YJR046W,0,,0.1269780993461609,0.998009979724884,0.6899449825286865
YDR005C,YDL029W,0,,0.12696202099323273,0.998009979724884,0.6900449991226196
YHL038C,YPL094C,0,,0.12694595754146576,0.998009979724884,0.6901450753211975
YDR208W,YKR027W,0,,0.1269298940896988,0.998009979724884,0.6902451515197754
YOR377W,YOR241W,0,,0.12691383063793182,0.998009979724884,0.6903451681137085
YNL142W,YPL094C,0,,0.12689776718616486,0.998009979724884,0.6904452443122864
YBL056W,YKL120W,0,,0.12688171863555908,0.998009979724884,0.6905452609062195
YKL055C,YIR008C,0,,0.1268656700849533,0.998009979724884,0.6906453371047974
YOL145C,YPR120C,0,,0.12684962153434753,0.998009979724884,0.6907453536987305
YNL099C,YMR019W,0,,0.12683358788490295,0.998009979724884,0.6908454298973083
YJL089W,YHR134W,0,,0.12681755423545837,0.998009979724884,0.6909454464912415
YDR343C,YDR389W,0,,0.1268015205860138,0.998009979724884,0.6910455226898193
YHR118C,YLR116W,0,,0.1267854869365692,0.998009979724884,0.6911455988883972
YHR188C,YJL155C,0,,0.12676946818828583,0.998009979724884,0.6912456154823303
YNL137C,YBR057C,0,,0.12675344944000244,0.998009979724884,0.6913456916809082
YAL014C,YER060W,0,,0.12673743069171906,0.998009979724884,0.6914457082748413
YNL317W,YMR301C,0,,0.12672141194343567,0.998009979724884,0.6915457844734192
YML086C,YGL244W,0,,0.12670540809631348,0.998009979724884,0.6916458010673523
YEL039C,YIL022W,0,,0.12668940424919128,0.998009979724884,0.6917458772659302
YLR409C,YEL056W,0,,0.1266734004020691,0.998009979724884,0.6918458938598633
YHR165C,YDR308C,0,,0.1266574114561081,0.998009979724884,0.6919459700584412
YDR023W,YPR009W,0,,0.1266414076089859,0.998009979724884,0.692046046257019
YGL216W,YBR187W,0,,0.1266254186630249,0.998009979724884,0.6921460628509521
YMR009W,YER015W,0,,0.1266094446182251,0.998009979724884,0.69224613904953
YGL029W,YML001W,0,,0.1265934556722641,0.998009979724884,0.6923461556434631
YOL110W,YMR049C,0,,0.1265774816274643,0.998009979724884,0.692446231842041
YIL079C,YFR025C,0,,0.1265615075826645,0.998009979724884,0.6925462484359741
YJR103W,YNR051C,0,,0.12654554843902588,0.998009979724884,0.692646324634552
YHR152W,YLR431C,0,,0.12652958929538727,0.998009979724884,0.6927464008331299
YKL117W,YMR161W,0,,0.12651361525058746,0.998009979724884,0.692846417427063
YKL097W-A,YBR171W,0,,0.12649767100811005,0.998009979724884,0.6929464936256409
YJL012C-A,YDR064W,0,,0.12648171186447144,0.998009979724884,0.693046510219574
YDR429C,YMR089C,0,,0.12646576762199402,0.998009979724884,0.6931465864181519
YBR079C,YBR075W,0,,0.1264498233795166,0.998009979724884,0.693246603012085
YHR001W,YJL197W,0,,0.12643387913703918,0.998009979724884,0.6933466792106628
YDL113C,YBR171W,0,,0.12641794979572296,0.998009979724884,0.693446695804596
YMR125W,YJR055W,0,,0.12640202045440674,0.998009979724884,0.6935467720031738
YGR099W,YHR065C,0,,0.12638609111309052,0.998009979724884,0.6936468482017517
YPR066W,YPL240C,0,,0.1263701617717743,0.998009979724884,0.6937468647956848
YBR086C,YFR013W,0,,0.12635424733161926,0.998009979724884,0.6938469409942627
YML032C,YLR295C,0,,0.12633833289146423,0.998009979724884,0.6939469575881958
YNL309W,YDR137W,0,,0.1263224184513092,0.998009979724884,0.6940470337867737
YHR082C,YIR032C,0,,0.12630650401115417,0.998009979724884,0.6941470503807068
YGL134W,YDL174C,0,,0.12629060447216034,0.998009979724884,0.6942471265792847
YJL162C,YER054C,0,,0.1262747049331665,0.998009979724884,0.6943472027778625
YKL114C,YLR323C,0,,0.12625880539417267,0.998009979724884,0.6944472193717957
YHR112C,YKL097W-A,0,,0.12624292075634003,0.998009979724884,0.6945472955703735
YAL042W,YLR417W,0,,0.12622703611850739,0.998009979724884,0.6946473121643066
YLR117C,YKL213C,0,,0.12621115148067474,0.998009979724884,0.6947473883628845
YGR277C,YBL034C,0,,0.1261952668428421,0.998009979724884,0.6948474049568176
YER052C,YBR112C,0,,0.12617939710617065,0.998009979724884,0.6949474811553955
YAL024C,YJR123W,0,,0.1261635273694992,0.998009979724884,0.6950474977493286
YDL179W,YLR411W,0,,0.12614765763282776,0.998009979724884,0.6951475739479065
YLR330W,YDR439W,0,,0.1261317878961563,0.998009979724884,0.6952476501464844
YPL249C,YCR027C,0,,0.12611593306064606,0.998009979724884,0.6953476667404175
YKL026C,YOR056C,0,,0.1261000782251358,0.998009979724884,0.6954477429389954
YEL056W,YDR144C,0,,0.12608422338962555,0.998009979724884,0.6955477595329285
YJR125C,YOR321W,0,,0.1260683834552765,0.998009979724884,0.6956478357315063
YMR161W,YKL025C,0,,0.12605252861976624,0.998009979724884,0.6957478523254395
YJL092W,YKL167C,0,,0.12603668868541718,0.998009979724884,0.6958479285240173
YOR340C,YGR179C,0,,0.1260208636522293,0.998009979724884,0.6959479451179504
YEL027W,YHR004C,0,,0.12600502371788025,0.998009979724884,0.6960480213165283
YGR264C,YCR087C-A,0,,0.12598919868469238,0.998009979724884,0.6961480975151062
YDR191W,YPR066W,0,,0.12597337365150452,0.998009979724884,0.6962481141090393
YHR056C,YIL033C,0,,0.12595754861831665,0.998009979724884,0.6963481903076172
YMR232W,YPR110C,0,,0.12594173848628998,0.998009979724884,0.6964482069015503
YCR093W,YGL010W,0,,0.1259259283542633,0.998009979724884,0.6965482831001282
YML026C,YPR033C,0,,0.12591011822223663,0.998009979724884,0.6966482996940613
YOR188W,YPL104W,0,,0.12589430809020996,0.998009979724884,0.6967483758926392
YLR348C,YNL054W-A,0,,0.12587851285934448,0.998009979724884,0.696848452091217
YLR321C,YGL216W,0,,0.125862717628479,0.998009979724884,0.6969484686851501
YAL042W,YLL053C,0,,0.12584692239761353,0.998009979724884,0.697048544883728
YJL082W,YMR176W,0,,0.12583114206790924,0.998009979724884,0.6971485614776611
YOR375C,YDR432W,0,,0.12581534683704376,0.998009979724884,0.697248637676239
YPR106W,YDR104C,0,,0.12579956650733948,0.998009979724884,0.6973486542701721
YDR404C,YGR192C,0,,0.1257838010787964,0.998009979724884,0.69744873046875
YBR254C,YNL270C,0,,0.1257680207490921,0.998009979724884,0.6975487470626831
YBR234C,YMR295C,0,,0.125752255320549,0.998009979724884,0.697648823261261
YPL064C,YOR142W,0,,0.12573648989200592,0.998009979724884,0.6977488994598389
YHL022C,YDL175C,0,,0.12572073936462402,0.998009979724884,0.697848916053772
YIL063C,YHL027W,0,,0.12570497393608093,0.998009979724884,0.6979489922523499
YDR028C,YGR204W,0,,0.12568922340869904,0.998009979724884,0.698049008846283
YML067C,YOR209C,0,,0.12567347288131714,0.998009979724884,0.6981490850448608
YJL162C,YOR138C,0,,0.12565773725509644,0.998009979724884,0.698249101638794
YLL042C,YBR021W,0,,0.12564198672771454,0.998009979724884,0.6983491778373718
YGL058W,YOR197W,0,,0.12562625110149384,0.998009979724884,0.6984492540359497
YDR198C,YBR248C,0,,0.12561051547527313,0.998009979724884,0.6985492706298828
YOR141C,YCL008C,0,,0.12559479475021362,0.998009979724884,0.6986493468284607
YDR289C,YAL030W,0,,0.12557905912399292,0.998009979724884,0.6987493634223938
YOL021C,YDR180W,0,,0.1255633383989334,0.998009979724884,0.6988494396209717
YNR036C,YNL300W,0,,0.1255476325750351,0.998009979724884,0.6989494562149048
YLR044C,YOR004W,0,,0.12553191184997559,0.998009979724884,0.6990495324134827
YPL270W,YLR044C,0,,0.12551620602607727,0.998009979724884,0.6991495490074158
YGR041W,YNL009W,0,,0.12550050020217896,0.998009979724884,0.6992496252059937
YHR039C,YJL122W,0,,0.12548479437828064,0.998009979724884,0.6993497014045715
YJL006C,YBR014C,0,,0.12546910345554352,0.998009979724884,0.6994497179985046
YER053C-A,YKL200C,0,,0.1254534125328064,0.998009979724884,0.6995497941970825
YMR182C,YGL083W,0,,0.12543772161006927,0.998009979724884,0.6996498107910156
YGL209W,YHR072W-A,0,,0.12542203068733215,0.998009979724884,0.6997498869895935
YGL172W,YOL082W,0,,0.12540635466575623,0.998009979724884,0.6998499035835266
YDR352W,YML107C,0,,0.1253906786441803,0.998009979724884,0.6999499797821045
YKL152C,YMR182C,0,,0.12537500262260437,0.998009979724884,0.7000499963760376
YOR362C,YDR110W,0,,0.12535932660102844,0.998009979724884,0.7001500725746155
YBR102C,YDL083C,0,,0.1253436654806137,0.998009979724884,0.7002501487731934
YKL138C,YBR130C,0,,0.12532800436019897,0.998009979724884,0.7003501653671265
YJL214W,YPR071W,0,,0.12531234323978424,0.998009979724884,0.7004502415657043
YGR094W,YJL208C,0,,0.1252966821193695,0.998009979724884,0.7005502581596375
YJL206C,YHR035W,0,,0.12528103590011597,0.998009979724884,0.7006503343582153
YHR110W,YLR466W,0,,0.12526538968086243,0.998009979724884,0.7007503509521484
YHR019C,YNR032C-A,0,,0.1252497434616089,0.998009979724884,0.7008504271507263
YPR137W,YDR427W,0,,0.12523411214351654,0.998009979724884,0.7009505033493042
YER142C,YBR152W,0,,0.1252184808254242,0.998009979724884,0.7010505199432373
YNL052W,YDR204W,0,,0.12520284950733185,0.998009979724884,0.7011505961418152
YLR449W,YHR115C,0,,0.1251872181892395,0.998009979724884,0.7012506127357483
YLR405W,YNL054W,0,,0.12517160177230835,0.998009979724884,0.7013506889343262
YPR185W,YJL069C,0,,0.125155970454216,0.998009979724884,0.7014507055282593
YER171W,YDR541C,0,,0.12514036893844604,0.998009979724884,0.7015507817268372
YPL248C,YMR271C,0,,0.1251247525215149,0.998009979724884,0.7016507983207703
YOL146W,YCR031C,0,,0.12510913610458374,0.998009979724884,0.7017508745193481
YFL005W,YLL004W,0,,0.12509353458881378,0.998009979724884,0.701850950717926
YGL139W,YOR330C,0,,0.12507793307304382,0.998009979724884,0.7019509673118591
YDR028C,YFR009W,0,,0.12506234645843506,0.998009979724884,0.702051043510437
YMR078C,YNL106C,0,,0.1250467449426651,0.998009979724884,0.7021510601043701
YPL253C,YEL031W,0,,0.12503115832805634,0.998009979724884,0.702251136302948
YOR115C,YLR023C,0,,0.12501558661460876,0.998009979724884,0.7023511528968811
YBL098W,YDR498C,0,,0.125,0.998009979724884,0.702451229095459
YLR389C,YBR200W-A,0,,0.12498442083597183,0.998009979724884,0.7025513052940369
YMR125W,YNL030W,0,,0.12496884912252426,0.998009979724884,0.70265132188797
YGR221C,YLR411W,0,,0.12495328485965729,0.998009979724884,0.7027513980865479
YEL029C,YKL032C,0,,0.12493772059679031,0.998009979724884,0.702851414680481
YDR384C,YKL175W,0,,0.12492215633392334,0.998009979724884,0.7029514908790588
YMR005W,YBR293W,0,,0.12490659952163696,0.998009979724884,0.7030515074729919
YKL008C,YGL037C,0,,0.12489105015993118,0.998009979724884,0.7031515836715698
YJL167W,YDR323C,0,,0.1248755007982254,0.998009979724884,0.7032516002655029
YMR034C,YNR036C,0,,0.12485995143651962,0.998009979724884,0.7033516764640808
YFR004W,YML126C,0,,0.12484440952539444,0.998009979724884,0.7034517526626587
YNL080C,YGR129W,0,,0.12482887506484985,0.998009979724884,0.7035517692565918
YOR237W,YPL249C,0,,0.12481334060430527,0.998009979724884,0.7036518454551697
YNL075W,YNL021W,0,,0.12479781359434128,0.998009979724884,0.7037518620491028
YDR285W,YMR280C,0,,0.12478228658437729,0.998009979724884,0.7038519382476807
YHR084W,YPR004C,0,,0.1247667595744133,0.998009979724884,0.7039519548416138
YNL031C,YDL179W,0,,0.1247512474656105,0.998009979724884,0.7040520310401917
YKR099W,YGR078C,0,,0.12473572790622711,0.998009979724884,0.7041520476341248
YOR190W,YHR179W,0,,0.12472021579742432,0.998009979724884,0.7042521238327026
YOL012C,YGL127C,0,,0.12470471113920212,0.998009979724884,0.7043522000312805
YJL060W,YCL024W,0,,0.12468920648097992,0.998009979724884,0.7044522166252136
YLR429W,YGL047W,0,,0.12467370927333832,0.998009979724884,0.7045522928237915
YBR038W,YOL126C,0,,0.12465821206569672,0.998009979724884,0.7046523094177246
YIL134W,YLR342W,0,,0.12464272230863571,0.998009979724884,0.7047523856163025
YPL151C,YMR149W,0,,0.1246272400021553,0.998009979724884,0.7048524022102356
YJR052W,YIL017W,0,,0.1246117502450943,0.998009979724884,0.7049524784088135
YLR292C,YLR291C,0,,0.12459627538919449,0.998009979724884,0.7050525546073914
YAL040C,YPL012W,0,,0.12458080053329468,0.998009979724884,0.7051525712013245
YMR226C,YLL054C,0,,0.12456532567739487,0.998009979724884,0.7052526473999023
YPL045W,YDR545W,0,,0.12454985827207565,0.998009979724884,0.7053526639938354
YBL026W,YKR095W,0,,0.12453439086675644,0.998009979724884,0.7054527401924133
YDL103C,YLR026C,0,,0.12451893091201782,0.998009979724884,0.7055527567863464
YIR025W,YDR255C,0,,0.1245034784078598,0.998009979724884,0.7056528329849243
YDR461W,YDR381W,0,,0.12448802590370178,0.998009979724884,0.7057528495788574
YDL122W,YLR382C,0,,0.12447257339954376,0.998009979724884,0.7058529257774353
YFL061W,YGR109W-A,0,,0.12445712834596634,0.998009979724884,0.7059530019760132
YBR003W,YOR210W,0,,0.12444169074296951,0.998009979724884,0.7060530185699463
YKL026C,YCL025C,0,,0.12442625313997269,0.998009979724884,0.7061530947685242
YJR086W,YOR049C,0,,0.12441081553697586,0.998009979724884,0.7062531113624573
YNL065W,YOR259C,0,,0.12439538538455963,0.998009979724884,0.7063531875610352
YML025C,YGR217W,0,,0.124379962682724,0.998009979724884,0.7064532041549683
YLR029C,YKR078W,0,,0.12436453998088837,0.998009979724884,0.7065532803535461
YOL103W-A,YKL016C,0,,0.12434911727905273,0.998009979724884,0.7066532969474792
YDR382W,YLR309C,0,,0.1243337020277977,0.998009979724884,0.7067533731460571
YNR023W,YER018C,0,,0.12431829422712326,0.998009979724884,0.706853449344635
YKL073W,YIR005W,0,,0.12430288642644882,0.998009979724884,0.7069534659385681
YDR311W,YOR363C,0,,0.12428748607635498,0.998009979724884,0.707053542137146
YBR020W,YLR389C,0,,0.12427208572626114,0.998009979724884,0.7071535587310791
YDR304C,YAL033W,0,,0.1242566928267479,0.998009979724884,0.707253634929657
YDR403W,YNL274C,0,,0.12424129992723465,0.998009979724884,0.7073536515235901
YLR344W,YLR116W,0,,0.1242259070277214,0.998009979724884,0.707453727722168
YOR025W,YPR035W,0,,0.12421052902936935,0.998009979724884,0.7075538039207458
YCR023C,YJL035C,0,,0.1241951435804367,0.998009979724884,0.707653820514679
YKL103C,YDR005C,0,,0.12417977303266525,0.998009979724884,0.7077538967132568
YJR021C,YBR028C,0,,0.1241643950343132,0.998009979724884,0.7078539133071899
YCR016W,YMR104C,0,,0.12414903193712234,0.998009979724884,0.7079539895057678
YGR046W,YJL030W,0,,0.12413366138935089,0.998009979724884,0.7080540060997009
YDR257C,YER018C,0,,0.12411830574274063,0.998009979724884,0.7081540822982788
YDL211C,YOR158W,0,,0.12410294264554977,0.998009979724884,0.7082540988922119
YOL090W,YJL194W,0,,0.12408759444952011,0.998009979724884,0.7083541750907898
YER041W,YNL024C-A,0,,0.12407223880290985,0.998009979724884,0.7084542512893677
YHR005C,YOL049W,0,,0.12405689805746078,0.998009979724884,0.7085542678833008
YGL244W,YDR073W,0,,0.12404154986143112,0.998009979724884,0.7086543440818787
YGR183C,YDR468C,0,,0.12402621656656265,0.998009979724884,0.7087543606758118
YJR159W,YBR060C,0,,0.12401088327169418,0.998009979724884,0.7088544368743896
YHR012W,YIL117C,0,,0.12399554997682571,0.998009979724884,0.7089544534683228
YKR081C,YHR142W,0,,0.12398022413253784,0.998009979724884,0.7090545296669006
YDL055C,YDR092W,0,,0.12396489828824997,0.998009979724884,0.7091546058654785
YNL051W,YGR177C,0,,0.1239495798945427,0.998009979724884,0.7092546224594116
YOR251C,YER115C,0,,0.12393426150083542,0.998009979724884,0.7093546986579895
YIL137C,YDR141C,0,,0.12391895055770874,0.998009979724884,0.7094547152519226
YDR291W,YLR128W,0,,0.12390364706516266,0.998009979724884,0.7095547914505005
YMR119W,YNL192W,0,,0.12388834357261658,0.998009979724884,0.7096548080444336
YAL007C,YNL233W,0,,0.1238730400800705,0.998009979724884,0.7097548842430115
YLR157C,YCR043C,0,,0.12385774403810501,0.998009979724884,0.7098549008369446
YOR219C,YOL141W,0,,0.12384244799613953,0.998009979724884,0.7099549770355225
YHR056C,YLR291C,0,,0.12382715940475464,0.998009979724884,0.7100550532341003
YLR107W,YPL087W,0,,0.12381187826395035,0.998009979724884,0.7101550698280334
YNL160W,YNR075W,0,,0.12379659712314606,0.998009979724884,0.7102551460266113
YIL031W,YMR240C,0,,0.12378131598234177,0.998009979724884,0.7103551626205444
YHR118C,YOR323C,0,,0.12376604229211807,0.998009979724884,0.7104552388191223
YBL040C,YNL309W,0,,0.12375076860189438,0.998009979724884,0.7105552554130554
YER019W,YHR150W,0,,0.12373550236225128,0.998009979724884,0.7106553316116333
YBR090C-A,YHR030C,0,,0.12372024357318878,0.998009979724884,0.7107553482055664
YNL176C,YOR351C,0,,0.12370498478412628,0.998009979724884,0.7108554244041443
YER098W,YGR296W,0,,0.12368972599506378,0.998009979724884,0.7109555006027222
YDR221W,YDL194W,0,,0.12367447465658188,0.998009979724884,0.7110555171966553
YLR369W,YDL091C,0,,0.12365923076868057,0.998009979724884,0.7111555933952332
YLR424W,YNL076W,0,,0.12364398688077927,0.998009979724884,0.7112556099891663
YDR352W,YDL175C,0,,0.12362874299287796,0.998009979724884,0.7113556861877441
YLR256W-A,YPR057W,0,,0.12361350655555725,0.998009979724884,0.7114557027816772
YHR120W,YHR214C-B,0,,0.12359827756881714,0.998009979724884,0.7115557789802551
YER127W,YDR027C,0,,0.12358304858207703,0.998009979724884,0.711655855178833
YLL023C,YPL265W,0,,0.12356781959533691,0.998009979724884,0.7117558717727661
YPL056C,YLR259C,0,,0.1235525980591774,0.998009979724884,0.711855947971344
YPR144C,YEL044W,0,,0.12353738397359848,0.998009979724884,0.7119559645652771
YDR508C,YPL049C,0,,0.12352216988801956,0.998009979724884,0.712056040763855
YPL152W,YKL087C,0,,0.12350695580244064,0.998009979724884,0.7121560573577881
YOR363C,YBR078W,0,,0.12349174916744232,0.998009979724884,0.712256133556366
YHR079C,YCR005C,0,,0.1234765499830246,0.998009979724884,0.7123561501502991
YJL058C,YGL098W,0,,0.12346135079860687,0.998009979724884,0.712456226348877
YGL234W,YMR226C,0,,0.12344615161418915,0.998009979724884,0.7125563025474548
YLR178C,YBR260C,0,,0.12343095988035202,0.998009979724884,0.7126563191413879
YLR262C,YIL129C,0,,0.12341577559709549,0.998009979724884,0.7127563953399658
YOR033C,YDR218C,0,,0.12340059131383896,0.998009979724884,0.7128564119338989
YGL002W,YJR056C,0,,0.12338540703058243,0.998009979724884,0.7129564881324768
YBL008W-A,YMR295C,0,,0.1233702301979065,0.998009979724884,0.7130565047264099
YGR129W,YLR291C,0,,0.12335506081581116,0.998009979724884,0.7131565809249878
YNL021W,YOR311C,0,,0.12333989143371582,0.998009979724884,0.7132566571235657
YMR015C,YER178W,0,,0.12332472950220108,0.998009979724884,0.7133566737174988
YOR083W,YHL020C,0,,0.12330956757068634,0.998009979724884,0.7134567499160767
YGL174W,YLL036C,0,,0.1232944056391716,0.998009979724884,0.7135567665100098
YMR286W,YOR142W-A,0,,0.12327925115823746,0.998009979724884,0.7136568427085876
YPL180W,YHR191C,0,,0.12326410412788391,0.998009979724884,0.7137568593025208
YCL003W,YDR378C,0,,0.12324895709753036,0.998009979724884,0.7138569355010986
YGL256W,YHR103W,0,,0.12323381006717682,0.998009979724884,0.7139569520950317
YJL078C,YLR406C,0,,0.12321867048740387,0.998009979724884,0.7140570282936096
YFR010W,YLR268W,0,,0.12320353835821152,0.998009979724884,0.7141571044921875
YDR530C,YOL103W-B,0,,0.12318840622901917,0.998009979724884,0.7142571210861206
YCR031C,YBL097W,0,,0.12317327409982681,0.998009979724884,0.7143571972846985
YFR055W,YER015W,0,,0.12315815687179565,0.998009979724884,0.7144572138786316
YER151C,YGR142W,0,,0.1231430321931839,0.998009979724884,0.7145572900772095
YOR145C,YBR290W,0,,0.12312791496515274,0.998009979724884,0.7146573066711426
YGL054C,YML011C,0,,0.12311280518770218,0.998009979724884,0.7147573828697205
YOR361C,YMR048W,0,,0.12309769541025162,0.998009979724884,0.7148573994636536
YPL021W,YOR149C,0,,0.12308258563280106,0.998009979724884,0.7149574756622314
YGL037C,YDR268W,0,,0.12306748330593109,0.998009979724884,0.7150575518608093
YKR064W,YDL223C,0,,0.12305238842964172,0.998009979724884,0.7151575684547424
YNR057C,YFL035C,0,,0.12303729355335236,0.998009979724884,0.7152576446533203
YGR077C,YOR196C,0,,0.12302219867706299,0.998009979724884,0.7153576612472534
YER062C,YOL082W,0,,0.12300711125135422,0.998009979724884,0.7154577374458313
YNL160W,YGR083C,0,,0.12299203127622604,0.998009979724884,0.7155577540397644
YLR160C,YLR116W,0,,0.12297695130109787,0.998009979724884,0.7156578302383423
YPR161C,YLR026C,0,,0.1229618713259697,0.998009979724884,0.7157579064369202
YBR265W,YPR161C,0,,0.12294679880142212,0.998009979724884,0.7158579230308533
YHR079C-B,YMR117C,0,,0.12293173372745514,0.998009979724884,0.7159579992294312
YOR119C,YPL118W,0,,0.12291666865348816,0.998009979724884,0.7160580158233643
YOR091W,YMR001C,0,,0.12290160357952118,0.998009979724884,0.7161580920219421
YOR252W,YDR281C,0,,0.1228865459561348,0.998009979724884,0.7162581086158752
YEL052W,YLR227W-B,0,,0.12287149578332901,0.998009979724884,0.7163581848144531
YOR049C,YGR227W,0,,0.12285644561052322,0.998009979724884,0.7164582014083862
YEL024W,YOR209C,0,,0.12284139543771744,0.998009979724884,0.7165582776069641
YPL083C,YNL261W,0,,0.12282635271549225,0.998009979724884,0.716658353805542
YKL086W,YBR233W-A,0,,0.12281131744384766,0.998009979724884,0.7167583703994751
YOL121C,YDR057W,0,,0.12279627472162247,0.998009979724884,0.716858446598053
YER142C,YKL206C,0,,0.12278124690055847,0.998009979724884,0.7169584631919861
YLR313C,YDL191W,0,,0.12276621907949448,0.998009979724884,0.717058539390564
YBL006C,YBL029C-A,0,,0.12275119125843048,0.998009979724884,0.7171585559844971
YOR237W,YKL145W,0,,0.12273617088794708,0.998009979724884,0.717258632183075
YHR158C,YAR003W,0,,0.12272115796804428,0.998009979724884,0.7173587083816528
YPR055W,YHR157W,0,,0.12270614504814148,0.998009979724884,0.7174587249755859
YOL075C,YJL138C,0,,0.12269113212823868,0.998009979724884,0.7175588011741638
YMR035W,YBR098W,0,,0.12267612665891647,0.998009979724884,0.7176588177680969
YGL153W,YFL022C,0,,0.12266112118959427,0.998009979724884,0.7177588939666748
YGR240C,YOL053C-A,0,,0.12264612317085266,0.998009979724884,0.7178589105606079
YPL065W,YFL034C-B,0,,0.12263112515211105,0.998009979724884,0.7179589867591858
YOL084W,YLR409C,0,,0.12261613458395004,0.998009979724884,0.7180590033531189
YLR268W,YDL159W,0,,0.12260115146636963,0.998009979724884,0.7181590795516968
YKL172W,YBR101C,0,,0.12258616834878922,0.998009979724884,0.7182591557502747
YHR050W,YBR212W,0,,0.1225711852312088,0.998009979724884,0.7183591723442078
YNL080C,YPL020C,0,,0.12255620956420898,0.998009979724884,0.7184592485427856
YDR067C,YHR216W,0,,0.12254123389720917,0.998009979724884,0.7185592651367188
YOR262W,YCL019W,0,,0.12252626568078995,0.998009979724884,0.7186593413352966
YGR178C,YPL249C,0,,0.12251129746437073,0.998009979724884,0.7187593579292297
YER098W,YML092C,0,,0.1224963366985321,0.998009979724884,0.7188594341278076
YPL257W-B,YAL019W,0,,0.12248137593269348,0.998009979724884,0.7189594507217407
YLR095C,YLR298C,0,,0.12246642261743546,0.998009979724884,0.7190595269203186
YFR025C,YPR187W,0,,0.12245146930217743,0.998009979724884,0.7191596031188965
YMR232W,YOR198C,0,,0.1224365234375,0.998009979724884,0.7192596197128296
YDR304C,YKL029C,0,,0.12242157757282257,0.998009979724884,0.7193596959114075
YBR261C,YML046W,0,,0.12240663915872574,0.998009979724884,0.7194597125053406
YLR206W,YIL009W,0,,0.1223917007446289,0.998009979724884,0.7195597887039185
YER118C,YGR253C,0,,0.12237676978111267,0.998009979724884,0.7196598052978516
YJR026W,YHR216W,0,,0.12236183881759644,0.998009979724884,0.7197598814964294
YHR079C-A,YBL092W,0,,0.1223469153046608,0.998009979724884,0.7198599576950073
YIL021W,YJL069C,0,,0.12233199179172516,0.998009979724884,0.7199599742889404
YDR414C,YGL174W,0,,0.12231707572937012,0.998009979724884,0.7200600504875183
YER021W,YOL165C,0,,0.12230215966701508,0.998009979724884,0.7201600670814514
YMR044W,YDR256C,0,,0.12228724360466003,0.998009979724884,0.7202601432800293
YEL024W,YLR390W-A,0,,0.12227234244346619,0.998009979724884,0.7203601598739624
YJR113C,YJR144W,0,,0.12225743383169174,0.998009979724884,0.7204602360725403
YDL134C-A,YDR098C-B,0,,0.1222425326704979,0.998009979724884,0.7205602526664734
YOL155C,YJR161C,0,,0.12222763895988464,0.998009979724884,0.7206603288650513
YDL058W,YDL087C,0,,0.12221274524927139,0.998009979724884,0.7207604050636292
YKL176C,YLR020C,0,,0.12219785898923874,0.998009979724884,0.7208604216575623
YOL136C,YOL121C,0,,0.12218297272920609,0.998009979724884,0.7209604978561401
YHR143W-A,YLL057C,0,,0.12216808646917343,0.998009979724884,0.7210605144500732
YKL077W,YNL180C,0,,0.12215320765972137,0.998009979724884,0.7211605906486511
YMR013C,YPR119W,0,,0.12213833630084991,0.998009979724884,0.7212606072425842
YNL097C,YDL014W,0,,0.12212346494197845,0.998009979724884,0.7213606834411621
YMR164C,YJL124C,0,,0.122108593583107,0.998009979724884,0.72146075963974
YCR055C,YHR150W,0,,0.12209372967481613,0.998009979724884,0.7215607762336731
YMR156C,YCL014W,0,,0.12207887321710587,0.998009979724884,0.721660852432251
YKL150W,YER176W,0,,0.1220640167593956,0.998009979724884,0.7217608690261841
YDL149W,YML123C,0,,0.12204916030168533,0.998009979724884,0.721860945224762
YPL098C,YEL041W,0,,0.12203431129455566,0.998009979724884,0.7219609618186951
YBR272C,YNL124W,0,,0.122019462287426,0.998009979724884,0.722061038017273
YMR106C,YBR093C,0,,0.12200462073087692,0.998009979724884,0.722161054611206
YLR029C,YLL055W,0,,0.12198978662490845,0.998009979724884,0.7222611308097839
YMR110C,YHR214C-C,0,,0.12197494506835938,0.998009979724884,0.7223612070083618
YDR163W,YDL044C,0,,0.1219601184129715,0.998009979724884,0.7224612236022949
YDR419W,YDR180W,0,,0.12194529175758362,0.998009979724884,0.7225612998008728
YBR281C,YOR378W,0,,0.12193046510219574,0.998009979724884,0.7226613163948059
YJR047C,YDR075W,0,,0.12191564589738846,0.998009979724884,0.7227613925933838
YLL031C,YLR183C,0,,0.12190082669258118,0.998009979724884,0.7228614091873169
YPR022C,YCL016C,0,,0.12188601493835449,0.998009979724884,0.7229614853858948
YGR246C,YDR485C,0,,0.12187120318412781,0.998009979724884,0.7230615019798279
YKL008C,YLR298C,0,,0.12185639888048172,0.998009979724884,0.7231615781784058
YGL200C,YIL095W,0,,0.12184159457683563,0.998009979724884,0.7232616543769836
YER103W,YLR342W,0,,0.12182679772377014,0.998009979724884,0.7233616709709167
YJL034W,YKL175W,0,,0.12181200087070465,0.998009979724884,0.7234617471694946
YKR053C,YJL053W,0,,0.12179720401763916,0.998009979724884,0.7235617637634277
YOL043C,YJR107W,0,,0.12178242206573486,0.998009979724884,0.7236618399620056
YPR131C,YNL164C,0,,0.12176763266324997,0.998009979724884,0.7237618565559387
YDR264C,YMR114C,0,,0.12175285071134567,0.998009979724884,0.7238619327545166
YBR210W,YBR153W,0,,0.12173807621002197,0.998009979724884,0.7239620089530945
YML047C,YHR154W,0,,0.12172330170869827,0.998009979724884,0.7240620255470276
YNL139C,YLR118C,0,,0.12170852720737457,0.998009979724884,0.7241621017456055
YIL020C,YPL240C,0,,0.12169376015663147,0.998009979724884,0.7242621183395386
YGL086W,YDR057W,0,,0.12167900055646896,0.998009979724884,0.7243621945381165
YLL012W,YML024W,0,,0.12166424095630646,0.998009979724884,0.7244622111320496
YBR181C,YDR210W-C,0,,0.12164948135614395,0.998009979724884,0.7245622873306274
YLR389C,YAL026C,0,,0.12163472920656204,0.998009979724884,0.7246623039245605
YIL153W,YLL014W,0,,0.12161998450756073,0.998009979724884,0.7247623801231384
YDR245W,YHR035W,0,,0.12160523980855942,0.998009979724884,0.7248624563217163
YER160C,YLR408C,0,,0.1215904951095581,0.998009979724884,0.7249624729156494
YJL014W,YGR060W,0,,0.12157575786113739,0.998009979724884,0.7250625491142273
YLR089C,YBR295W,0,,0.12156102061271667,0.998009979724884,0.7251625657081604
YOR004W,YDL002C,0,,0.12154629081487656,0.998009979724884,0.7252626419067383
YGR284C,YDL214C,0,,0.12153156101703644,0.998009979724884,0.7253626585006714
YOR073W,YKL150W,0,,0.12151683866977692,0.998009979724884,0.7254627346992493
YER108C,YKL060C,0,,0.1215021163225174,0.998009979724884,0.7255628108978271
YCL044C,YDR497C,0,,0.12148740142583847,0.998009979724884,0.7256628274917603
YIL130W,YMR291W,0,,0.12147268652915955,0.998009979724884,0.7257629036903381
YJR086W,YGL071W,0,,0.12145797908306122,0.998009979724884,0.7258629202842712
YJL177W,YDR191W,0,,0.12144327163696289,0.998009979724884,0.7259629964828491
YML092C,YGR166W,0,,0.12142857164144516,0.998009979724884,0.7260630130767822
YMR203W,YBR102C,0,,0.12141387164592743,0.998009979724884,0.7261630892753601
YPR097W,YLR272C,0,,0.1213991791009903,0.998009979724884,0.7262631058692932
YBR111W-A,YFL022C,0,,0.12138448655605316,0.998009979724884,0.7263631820678711
YFL062W,YKL040C,0,,0.12136979401111603,0.998009979724884,0.726463258266449
YER170W,YCL032W,0,,0.12135510891675949,0.998009979724884,0.7265632748603821
YCR079W,YGL200C,0,,0.12134043127298355,0.998009979724884,0.72666335105896
YDR080W,YDR263C,0,,0.12132575362920761,0.998009979724884,0.7267633676528931
YNL059C,YGL167C,0,,0.12131107598543167,0.998009979724884,0.726863443851471
YIL040W,YFR031C-A,0,,0.12129640579223633,0.998009979724884,0.726963460445404
YMR237W,YBR199W,0,,0.12128174304962158,0.998009979724884,0.7270635366439819
YGL013C,YDR005C,0,,0.12126708030700684,0.998009979724884,0.727163553237915
YPR148C,YIR019C,0,,0.12125241756439209,0.998009979724884,0.7272636294364929
YAL028W,YIL131C,0,,0.12123776227235794,0.998009979724884,0.7273637056350708
YNL099C,YCR028C-A,0,,0.12122310698032379,0.998009979724884,0.7274637222290039
YGL198W,YOR317W,0,,0.12120845913887024,0.998009979724884,0.7275637984275818
YJL160C,YBR091C,0,,0.12119381129741669,0.998009979724884,0.7276638150215149
YJL225C,YGR132C,0,,0.12117917090654373,0.998009979724884,0.7277638912200928
YKL101W,YBL091C-A,0,,0.12116453051567078,0.998009979724884,0.7278639078140259
YBR201W,YKR036C,0,,0.12114989757537842,0.998009979724884,0.7279639840126038
YPR023C,YBR003W,0,,0.12113526463508606,0.998009979724884,0.7280640602111816
YJL204C,YNL059C,0,,0.1211206391453743,0.998009979724884,0.7281640768051147
YGL225W,YLR017W,0,,0.12110601365566254,0.998009979724884,0.7282641530036926
YLR421C,YLR293C,0,,0.12109139561653137,0.998009979724884,0.7283641695976257
YPL060C-A,YMR268W-A,0,,0.12107677757740021,0.998009979724884,0.7284642457962036
YIL021W,YOR351C,0,,0.12106215953826904,0.998009979724884,0.7285642623901367
YOR133W,YIL143C,0,,0.12104754894971848,0.998009979724884,0.7286643385887146
YLR391W-A,YOR098C,0,,0.1210329458117485,0.998009979724884,0.7287643551826477
YLR154W-A,YLL051C,0,,0.12101834267377853,0.998009979724884,0.7288644313812256
YKL222C,YLR102C,0,,0.12100373953580856,0.998009979724884,0.7289645075798035
YBR210W,YBL102W,0,,0.12098914384841919,0.998009979724884,0.7290645241737366
YKL210W,YER001W,0,,0.12097454816102982,0.998009979724884,0.7291646003723145
YHR079C-B,YER101C,0,,0.12095995992422104,0.998009979724884,0.7292646169662476
YHR188C,YOR138C,0,,0.12094537913799286,0.998009979724884,0.7293646931648254
YDR527W,YPL249C-A,0,,0.12093079090118408,0.998009979724884,0.7294647097587585
YER054C,YDR076W,0,,0.1209162175655365,0.998009979724884,0.7295647859573364
YJR133W,YLR348C,0,,0.12090163677930832,0.998009979724884,0.7296648621559143
YKL054C,YDR058C,0,,0.12088707089424133,0.998009979724884,0.7297648787498474
YIL005W,YBR146W,0,,0.12087249755859375,0.998009979724884,0.7298649549484253
YPL183W-A,YLR401C,0,,0.12085793167352676,0.998009979724884,0.7299649715423584
YJL200C,YBR288C,0,,0.12084337323904037,0.998009979724884,0.7300650477409363
YOR132W,YIL038C,0,,0.12082881480455399,0.998009979724884,0.7301650643348694
YCL018W,YDR097C,0,,0.1208142638206482,0.998009979724884,0.7302651405334473
YNL161W,YDL055C,0,,0.1207997128367424,0.998009979724884,0.7303651571273804
YOR123C,YNL240C,0,,0.12078516185283661,0.998009979724884,0.7304652333259583
YDL035C,YNL284C-B,0,,0.12077061831951141,0.998009979724884,0.7305653095245361
YML081W,YMR231W,0,,0.12075608223676682,0.998009979724884,0.7306653261184692
YOR234C,YOR262W,0,,0.12074154615402222,0.998009979724884,0.7307654023170471
YNR017W,YHL022C,0,,0.12072701007127762,0.998009979724884,0.7308654189109802
YNR072W,YJR132W,0,,0.12071248143911362,0.998009979724884,0.7309654951095581
YDR188W,YMR176W,0,,0.12069795280694962,0.998009979724884,0.7310655117034912
YOL142W,YNR052C,0,,0.12068343162536621,0.998009979724884,0.7311655879020691
YOL075C,YBL031W,0,,0.1206689104437828,0.998009979724884,0.7312656044960022
YNL027W,YFL022C,0,,0.12065439671278,0.998009979724884,0.7313656806945801
YJL060W,YJL191W,0,,0.12063988298177719,0.998009979724884,0.731465756893158
YJL204C,YBL099W,0,,0.12062537670135498,0.998009979724884,0.7315657734870911
YOL098C,YBR169C,0,,0.12061087042093277,0.998009979724884,0.731665849685669
YBR029C,YGR041W,0,,0.12059637159109116,0.998009979724884,0.731765866279602
YBR281C,YGR186W,0,,0.12058187276124954,0.998009979724884,0.7318659424781799
YOR049C,YPR135W,0,,0.12056737393140793,0.998009979724884,0.731965959072113
YBR191W,YBR179C,0,,0.12055288255214691,0.998009979724884,0.7320660352706909
YKL081W,YKL033W,0,,0.12053839862346649,0.998009979724884,0.7321661114692688
YDR067C,YOR019W,0,,0.12052391469478607,0.998009979724884,0.7322661280632019
YJR006W,YML023C,0,,0.12050943076610565,0.998009979724884,0.7323662042617798
YBR208C,YDR399W,0,,0.12049495428800583,0.998009979724884,0.7324662208557129
YJR004C,YEL020W-A,0,,0.120480477809906,0.998009979724884,0.7325662970542908
YCR055C,YIL002C,0,,0.12046600878238678,0.998009979724884,0.7326663136482239
YJL104W,YBR112C,0,,0.12045153975486755,0.998009979724884,0.7327663898468018
YJR147W,YPR119W,0,,0.12043707817792892,0.998009979724884,0.7328664064407349
YOL069W,YNL272C,0,,0.1204226166009903,0.998009979724884,0.7329664826393127
YPL218W,YKL174C,0,,0.12040816247463226,0.998009979724884,0.7330665588378906
YPL137C,YMR083W,0,,0.12039370834827423,0.998009979724884,0.7331665754318237
YPL162C,YML026C,0,,0.1203792616724968,0.998009979724884,0.7332666516304016
YOR074C,YPL249C,0,,0.12036481499671936,0.998009979724884,0.7333666682243347
YGR206W,YGR254W,0,,0.12035036832094193,0.998009979724884,0.7334667444229126
YDL226C,YMR304W,0,,0.12033592909574509,0.998009979724884,0.7335667610168457
YGR040W,YDR257C,0,,0.12032149732112885,0.998009979724884,0.7336668372154236
YER172C,YOR009W,0,,0.1203070655465126,0.998009979724884,0.7337668538093567
YOR106W,YNL094W,0,,0.12029263377189636,0.998009979724884,0.7338669300079346
YER052C,YBL025W,0,,0.12027820944786072,0.998009979724884,0.7339670062065125
YER021W,YAL022C,0,,0.12026379257440567,0.998009979724884,0.7340670228004456
YML055W,YHR128W,0,,0.12024936825037003,0.998009979724884,0.7341670989990234
YOR034C,YDL045C,0,,0.12023495882749557,0.998009979724884,0.7342671155929565
YIL052C,YLR068W,0,,0.12022054195404053,0.998009979724884,0.7343671917915344
YJR086W,YMR154C,0,,0.12020613253116608,0.998009979724884,0.7344672083854675
YDR346C,YLR197W,0,,0.12019173055887222,0.998009979724884,0.7345672845840454
YFL035C-B,YDR268W,0,,0.12017732858657837,0.998009979724884,0.7346673607826233
YKL211C,YBR052C,0,,0.12016293406486511,0.998009979724884,0.7347673773765564
YIL022W,YOR142W-A,0,,0.12014853954315186,0.998009979724884,0.7348674535751343
YAL031C,YKL093W,0,,0.1201341450214386,0.998009979724884,0.7349674701690674
YBR086C,YNL024C-A,0,,0.12011975795030594,0.998009979724884,0.7350675463676453
YLR295C,YER042W,0,,0.12010537832975388,0.998009979724884,0.7351675629615784
YDR508C,YOR159C,0,,0.12009099870920181,0.998009979724884,0.7352676391601562
YNL172W,YDR365C,0,,0.12007661908864975,0.998009979724884,0.7353676557540894
YPL075W,YLR300W,0,,0.12006224691867828,0.998009979724884,0.7354677319526672
YJL066C,YER016W,0,,0.12004787474870682,0.998009979724884,0.7355678081512451
YOR292C,YGR170W,0,,0.12003351002931595,0.998009979724884,0.7356678247451782
YNL006W,YLR295C,0,,0.12001914530992508,0.998009979724884,0.7357679009437561
YKL149C,YHR042W,0,,0.12000478804111481,0.998009979724884,0.7358679175376892
YGR251W,YLR132C,0,,0.11999043077230453,0.998009979724884,0.7359679937362671
YDL035C,YBR221C,0,,0.11997607350349426,0.998009979724884,0.7360680103302002
YNL064C,YBR187W,0,,0.11996172368526459,0.998009979724884,0.7361680865287781
YDL222C,YKR095W-A,0,,0.11994738131761551,0.998009979724884,0.736268162727356
YMR190C,YPR175W,0,,0.11993303894996643,0.998009979724884,0.7363681793212891
YKL166C,YHR069C,0,,0.11991869658231735,0.998009979724884,0.7364682555198669
YOR032C,YER019C-A,0,,0.11990436166524887,0.998009979724884,0.7365682721138
YBR073W,YGR222W,0,,0.11989003419876099,0.998009979724884,0.7366683483123779
YKR007W,YOL146W,0,,0.1198756992816925,0.998009979724884,0.736768364906311
YML052W,YOR140W,0,,0.11986137926578522,0.998009979724884,0.7368684411048889
YBR281C,YPL255W,0,,0.11984705179929733,0.998009979724884,0.736968457698822
YNR021W,YNL300W,0,,0.11983273923397064,0.998009979724884,0.7370685338973999
YGL145W,YHR170W,0,,0.11981841921806335,0.998009979724884,0.7371686100959778
YPL217C,YDL170W,0,,0.11980410665273666,0.998009979724884,0.7372686266899109
YML092C,YOR330C,0,,0.11978980153799057,0.998009979724884,0.7373687028884888
YDL179W,YDR453C,0,,0.11977549642324448,0.998009979724884,0.7374687194824219
YOR301W,YPR061C,0,,0.11976119130849838,0.998009979724884,0.7375687956809998
YMR105C,YLR308W,0,,0.11974689364433289,0.998009979724884,0.7376688122749329
YDL064W,YDR163W,0,,0.11973260343074799,0.998009979724884,0.7377688884735107
YJL042W,YPR137W,0,,0.11971831321716309,0.998009979724884,0.7378689050674438
YGR211W,YNL302C,0,,0.11970402300357819,0.998009979724884,0.7379689812660217
YDR028C,YBR078W,0,,0.11968974024057388,0.998009979724884,0.7380690574645996
YLR220W,YMR154C,0,,0.11967545747756958,0.998009979724884,0.7381690740585327
YMR137C,YLR182W,0,,0.11966118216514587,0.998009979724884,0.7382691502571106
YDL072C,YIL038C,0,,0.11964690685272217,0.998009979724884,0.7383691668510437
YJL058C,YJL155C,0,,0.11963263154029846,0.998009979724884,0.7384692430496216
YJR034W,YBR078W,0,,0.11961836367845535,0.998009979724884,0.7385692596435547
YNL181W,YBR094W,0,,0.11960410326719284,0.998009979724884,0.7386693358421326
YIR025W,YJL012C-A,0,,0.11958984285593033,0.998009979724884,0.7387694120407104
YIL148W,YGR038W,0,,0.11957558244466782,0.998009979724884,0.7388694286346436
YNL254C,YBR023C,0,,0.1195613294839859,0.998009979724884,0.7389695048332214
YML052W,YIL075C,0,,0.11954707652330399,0.998009979724884,0.7390695214271545
YDR414C,YKL117W,0,,0.11953283101320267,0.998009979724884,0.7391695976257324
YJL035C,YHR012W,0,,0.11951858550310135,0.998009979724884,0.7392696142196655
YJL094C,YLR315W,0,,0.11950434744358063,0.998009979724884,0.7393696904182434
YMR218C,YLR143W,0,,0.1194901093840599,0.998009979724884,0.7394697070121765
YGL129C,YBL091C,0,,0.11947587877511978,0.998009979724884,0.7395697832107544
YIL120W,YFL022C,0,,0.11946164816617966,0.998009979724884,0.7396698594093323
YEL048C,YPL108W,0,,0.11944742500782013,0.998009979724884,0.7397698760032654
YJR014W,YDR281C,0,,0.1194332018494606,0.998009979724884,0.7398699522018433
YNL298W,YNL138W-A,0,,0.11941897869110107,0.998009979724884,0.7399699687957764
YPL266W,YPL116W,0,,0.11940476298332214,0.998009979724884,0.7400700449943542
YDL070W,YDR317W,0,,0.11939054727554321,0.998009979724884,0.7401700615882874
YFL031W,YHR084W,0,,0.11937633901834488,0.998009979724884,0.7402701377868652
YEL001C,YCL032W,0,,0.11936213076114655,0.998009979724884,0.7403702139854431
YLR284C,YBL097W,0,,0.11934792995452881,0.998009979724884,0.7404702305793762
YKL175W,YGL046W,0,,0.11933372914791107,0.998009979724884,0.7405703067779541
YFL018W-A,YMR081C,0,,0.11931953579187393,0.998009979724884,0.7406703233718872
YKR035W-A,YMR039C,0,,0.11930534243583679,0.998009979724884,0.7407703995704651
YEL051W,YOR122C,0,,0.11929114907979965,0.998009979724884,0.7408704161643982
YDR408C,YHR039C-A,0,,0.11927696317434311,0.998009979724884,0.7409704923629761
YNL312W,YAR071W,0,,0.11926278471946716,0.998009979724884,0.7410705089569092
YGR217W,YMR063W,0,,0.11924860626459122,0.998009979724884,0.7411705851554871
YPL060C-A,YDR196C,0,,0.11923442780971527,0.998009979724884,0.7412706613540649
YJR120W,YML014W,0,,0.11922025680541992,0.998009979724884,0.741370677947998
YDR311W,YGR082W,0,,0.11920608580112457,0.998009979724884,0.7414707541465759
YMR304W,YAL022C,0,,0.11919192224740982,0.998009979724884,0.741570770740509
YIL052C,YOL038W,0,,0.11917775869369507,0.998009979724884,0.7416708469390869
YMR048W,YOR293W,0,,0.11916359513998032,0.998009979724884,0.74177086353302
YDR111C,YOR094W,0,,0.11914943903684616,0.998009979724884,0.7418709397315979
YHR014W,YMR055C,0,,0.1191352903842926,0.998009979724884,0.741970956325531
YFL048C,YBR065C,0,,0.11912114173173904,0.998009979724884,0.7420710325241089
YDR186C,YKL172W,0,,0.11910699307918549,0.998009979724884,0.7421711087226868
YOL141W,YMR323W,0,,0.11909285187721252,0.998009979724884,0.7422711253166199
YHR085W,YCR080W,0,,0.11907871067523956,0.998009979724884,0.7423712015151978
YEL055C,YJR095W,0,,0.1190645769238472,0.998009979724884,0.7424712181091309
YDR198C,YOL101C,0,,0.11905044317245483,0.998009979724884,0.7425712943077087
YKR085C,YDL155W,0,,0.11903631687164307,0.998009979724884,0.7426713109016418
YGL013C,YGL051W,0,,0.1190221905708313,0.998009979724884,0.7427713871002197
YPL084W,YDL117W,0,,0.11900807172060013,0.998009979724884,0.7428714632987976
YDL015C,YBL100W-B,0,,0.11899395287036896,0.998009979724884,0.7429714798927307
YER100W,YLR328W,0,,0.11897983402013779,0.998009979724884,0.7430715560913086
YER118C,YKL157W,0,,0.11896572262048721,0.998009979724884,0.7431715726852417
YNR059W,YMR104C,0,,0.11895161122083664,0.998009979724884,0.7432716488838196
YLR181C,YKL096W,0,,0.11893750727176666,0.998009979724884,0.7433716654777527
YHL009C,YOR153W,0,,0.11892340332269669,0.998009979724884,0.7434717416763306
YGR038C-A,YDL243C,0,,0.1189093068242073,0.998009979724884,0.7435717582702637
YNL202W,YOR188W,0,,0.11889521032571793,0.998009979724884,0.7436718344688416
YDR206W,YKR103W,0,,0.11888112127780914,0.998009979724884,0.7437719106674194
YEL006W,YIL053W,0,,0.11886703222990036,0.998009979724884,0.7438719272613525
YBL041W,YPR175W,0,,0.11885294318199158,0.998009979724884,0.7439720034599304
YOR056C,YPR128C,0,,0.11883886158466339,0.998009979724884,0.7440720200538635
YOR090C,YNL323W,0,,0.1188247874379158,0.998009979724884,0.7441720962524414
YNL231C,YMR231W,0,,0.11881070584058762,0.998009979724884,0.7442721128463745
YPL167C,YJL093C,0,,0.11879663914442062,0.998009979724884,0.7443721890449524
YDR311W,YGR024C,0,,0.11878256499767303,0.998009979724884,0.7444722652435303
YCR021C,YNL126W,0,,0.11876850575208664,0.998009979724884,0.7445722818374634
YDR099W,YOR059C,0,,0.11875443905591965,0.998009979724884,0.7446723580360413
YGR138C,YOR293W,0,,0.11874037981033325,0.998009979724884,0.7447723746299744
YDR079C-A,YGR179C,0,,0.11872632801532745,0.998009979724884,0.7448724508285522
YDL103C,YBL027W,0,,0.11871227622032166,0.998009979724884,0.7449724674224854
YIR005W,YGL238W,0,,0.11869822442531586,0.998009979724884,0.7450725436210632
YEL018W,YDR135C,0,,0.11868418008089066,0.998009979724884,0.7451725602149963
YNR006W,YLR388W,0,,0.11867013573646545,0.998009979724884,0.7452726364135742
YPL130W,YGR145W,0,,0.11865609884262085,0.998009979724884,0.7453727126121521
YCR048W,YER016W,0,,0.11864206194877625,0.998009979724884,0.7454727292060852
YJR056C,YOL059W,0,,0.11862803250551224,0.998009979724884,0.7455728054046631
YNL316C,YBR193C,0,,0.11861400306224823,0.998009979724884,0.7456728219985962
YBR059C,YGL016W,0,,0.11859997361898422,0.998009979724884,0.7457728981971741
YLR029C,YJR028W,0,,0.11858595162630081,0.998009979724884,0.7458729147911072
YGL122C,YOR298W,0,,0.118571937084198,0.998009979724884,0.7459729909896851
YLR353W,YDL147W,0,,0.11855792254209518,0.998009979724884,0.7460730075836182
YML032C,YFL025C,0,,0.11854390799999237,0.998009979724884,0.746173083782196
YKR065C,YDL235C,0,,0.11852990090847015,0.998009979724884,0.7462731599807739
YER058W,YPL212C,0,,0.11851589381694794,0.998009979724884,0.746373176574707
YGL020C,YJR040W,0,,0.11850188672542572,0.998009979724884,0.7464732527732849
YBR244W,YLR148W,0,,0.1184878945350647,0.998009979724884,0.746573269367218
YIL099W,YDL028C,0,,0.11847389489412308,0.998009979724884,0.7466733455657959
YOR222W,YOR074C,0,,0.11845990270376205,0.998009979724884,0.746773362159729
YNR037C,YPL129W,0,,0.11844591051340103,0.998009979724884,0.7468734383583069
YMR199W,YPL268W,0,,0.1184319257736206,0.998009979724884,0.7469735145568848
YOR115C,YMR284W,0,,0.11841794848442078,0.998009979724884,0.7470735311508179
YDR150W,YLR249W,0,,0.11840396374464035,0.998009979724884,0.7471736073493958
YMR203W,YPR024W,0,,0.11838999390602112,0.998009979724884,0.7472736239433289
YGR163W,YLL012W,0,,0.11837601661682129,0.998009979724884,0.7473737001419067
YLR262C,YML096W,0,,0.11836204677820206,0.998009979724884,0.7474737167358398
YCR035C,YKR046C,0,,0.11834808439016342,0.998009979724884,0.7475737929344177
YPL055C,YKL149C,0,,0.11833412200212479,0.998009979724884,0.7476738095283508
YGL019W,YDR110W,0,,0.11832015961408615,0.998009979724884,0.7477738857269287
YDR141C,YNL312W,0,,0.11830620467662811,0.998009979724884,0.7478739619255066
YBL089W,YMR135C,0,,0.11829224973917007,0.998009979724884,0.7479739785194397
YEL037C,YPL050C,0,,0.11827830225229263,0.998009979724884,0.7480740547180176
YBR183W,YHR114W,0,,0.11826435476541519,0.998009979724884,0.7481740713119507
YOL095C,YHR115C,0,,0.11825041472911835,0.998009979724884,0.7482741475105286
YIR034C,YDR359C,0,,0.1182364746928215,0.998009979724884,0.7483741641044617
YBR150C,YJR073C,0,,0.11822253465652466,0.998009979724884,0.7484742403030396
YJR090C,YPR112C,0,,0.11820860207080841,0.998009979724884,0.7485743165016174
YLR313C,YDR350C,0,,0.11819467693567276,0.998009979724884,0.7486743330955505
YBR248C,YPL178W,0,,0.11818074434995651,0.998009979724884,0.7487744092941284
YCR057C,YBR079C,0,,0.11816682666540146,0.998009979724884,0.7488744258880615
YPL005W,YGL026C,0,,0.11815290153026581,0.998009979724884,0.7489745020866394
YBR244W,YMR229C,0,,0.11813898384571075,0.998009979724884,0.7490745186805725
YHR197W,YBR061C,0,,0.1181250736117363,0.998009979724884,0.7491745948791504
YBR080C,YLR409C,0,,0.11811116337776184,0.998009979724884,0.7492746114730835
YGR163W,YDR127W,0,,0.11809725314378738,0.998009979724884,0.7493746876716614
YLR166C,YKL141W,0,,0.11808335036039352,0.998009979724884,0.7494747638702393
YLL057C,YLR332W,0,,0.11806945502758026,0.998009979724884,0.7495747804641724
YNR003C,YJL123C,0,,0.1180555522441864,0.998009979724884,0.7496748566627502
YKR057W,YBR037C,0,,0.11804166436195374,0.998009979724884,0.7497748732566833
YLR399C,YLR248W,0,,0.11802776902914047,0.998009979724884,0.7498749494552612
YEL053C,YKR060W,0,,0.1180138811469078,0.998009979724884,0.7499749660491943
YGR082W,YER002W,0,,0.11800000071525574,0.998009979724884,0.7500750422477722
YEL044W,YPR079W,0,,0.11798612028360367,0.998009979724884,0.7501750588417053
YHR174W,YOR122C,0,,0.1179722398519516,0.998009979724884,0.7502751350402832
YOL086W-A,YBR065C,0,,0.11795836687088013,0.998009979724884,0.7503752112388611
YDL227C,YOL044W,0,,0.11794449388980865,0.998009979724884,0.7504752278327942
YBR150C,YNL230C,0,,0.11793062835931778,0.998009979724884,0.7505753040313721
YHR079C-A,YLR035C,0,,0.1179167628288269,0.998009979724884,0.7506753206253052
YHL011C,YPR080W,0,,0.11790290474891663,0.998009979724884,0.7507753968238831
YFL024C,YCL018W,0,,0.11788904666900635,0.998009979724884,0.7508754134178162
YJR161C,YGL255W,0,,0.11787518858909607,0.998009979724884,0.750975489616394
YKL203C,YGR078C,0,,0.11786133795976639,0.998009979724884,0.7510755658149719
YOR033C,YPR072W,0,,0.1178474947810173,0.998009979724884,0.751175582408905
YOR274W,YDL222C,0,,0.11783364415168762,0.998009979724884,0.7512756586074829
YPL005W,YJL110C,0,,0.11781980842351913,0.998009979724884,0.751375675201416
YPR151C,YDR194C,0,,0.11780596524477005,0.998009979724884,0.7514757513999939
YOL089C,YGL125W,0,,0.11779212951660156,0.998009979724884,0.751575767993927
YNL307C,YPL212C,0,,0.11777830123901367,0.998009979724884,0.7516758441925049
YKR001C,YGL183C,0,,0.11776447296142578,0.998009979724884,0.751775860786438
YDR512C,YLR410W-B,0,,0.11775064468383789,0.998009979724884,0.7518759369850159
YOL137W,YER074W-A,0,,0.1177368238568306,0.998009979724884,0.7519760131835938
YJL168C,YPR067W,0,,0.1177230030298233,0.998009979724884,0.7520760297775269
YGR089W,YLL031C,0,,0.1177091896533966,0.998009979724884,0.7521761059761047
YOR251C,YMR097C,0,,0.11769537627696991,0.998009979724884,0.7522761225700378
YPR138C,YMR300C,0,,0.11768157035112381,0.998009979724884,0.7523761987686157
YPL152W,YDR351W,0,,0.11766776442527771,0.998009979724884,0.7524762153625488
YGR264C,YGR024C,0,,0.11765395849943161,0.998009979724884,0.7525762915611267
YIL064W,YJR105W,0,,0.11764016002416611,0.998009979724884,0.7526763677597046
YBR125C,YCL008C,0,,0.1176263615489006,0.998009979724884,0.7527763843536377
YBR069C,YMR238W,0,,0.1176125705242157,0.998009979724884,0.7528764605522156
YDR348C,YLR429W,0,,0.11759877949953079,0.998009979724884,0.7529764771461487
YML101C,YGL167C,0,,0.11758499592542648,0.998009979724884,0.7530765533447266
YIL105C,YEL048C,0,,0.11757121235132217,0.998009979724884,0.7531765699386597
YKR086W,YPR083W,0,,0.11755742877721786,0.998009979724884,0.7532766461372375
YDR325W,YLR258W,0,,0.11754365265369415,0.998009979724884,0.7533766627311707
YER154W,YGL016W,0,,0.11752988398075104,0.998009979724884,0.7534767389297485
YMR105C,YEL071W,0,,0.11751610785722733,0.998009979724884,0.7535768151283264
YHR006W,YIL106W,0,,0.11750234663486481,0.998009979724884,0.7536768317222595
YHR178W,YMR244C-A,0,,0.11748857796192169,0.998009979724884,0.7537769079208374
YJR041C,YPR199C,0,,0.11747481673955917,0.998009979724884,0.7538769245147705
YBR111W-A,YPR037C,0,,0.11746106296777725,0.998009979724884,0.7539770007133484
YGL127C,YKR022C,0,,0.11744730919599533,0.998009979724884,0.7540770173072815
YPR125W,YJL214W,0,,0.11743355542421341,0.998009979724884,0.7541770935058594
YCR052W,YNL072W,0,,0.11741980910301208,0.998009979724884,0.7542771100997925
YFL049W,YPL213W,0,,0.11740606278181076,0.998009979724884,0.7543771862983704
YBL089W,YJR010W,0,,0.11739232391119003,0.998009979724884,0.7544772624969482
YNL138W-A,YGL005C,0,,0.1173785850405693,0.998009979724884,0.7545772790908813
YJL078C,YDR345C,0,,0.11736484616994858,0.998009979724884,0.7546773552894592
YJL006C,YDL113C,0,,0.11735111474990845,0.998009979724884,0.7547773718833923
YDR437W,YER056C,0,,0.11733739078044891,0.998009979724884,0.7548774480819702
YCL067C,YGR077C,0,,0.11732366681098938,0.998009979724884,0.7549774646759033
YDR484W,YPL168W,0,,0.11730994284152985,0.998009979724884,0.7550775408744812
YPR113W,YMR214W,0,,0.11729622632265091,0.998009979724884,0.7551776170730591
YDL077C,YHR032W,0,,0.11728250980377197,0.998009979724884,0.7552776336669922
YFR049W,YKR088C,0,,0.11726879328489304,0.998009979724884,0.7553777098655701
YCL067C,YAR042W,0,,0.1172550842165947,0.998009979724884,0.7554777264595032
YNR006W,YOR388C,0,,0.11724138259887695,0.998009979724884,0.755577802658081
YML014W,YER050C,0,,0.11722767353057861,0.998009979724884,0.7556778192520142
YDR441C,YDR156W,0,,0.11721397936344147,0.998009979724884,0.755777895450592
YDL087C,YLR332W,0,,0.11720027774572372,0.998009979724884,0.7558779120445251
YNL097C,YPL050C,0,,0.11718658357858658,0.998009979724884,0.755977988243103
YIR033W,YDL049C,0,,0.11717289686203003,0.998009979724884,0.7560780644416809
YJR034W,YNR052C,0,,0.11715921014547348,0.998009979724884,0.756178081035614
YHR132C,YPR052C,0,,0.11714552342891693,0.998009979724884,0.7562781572341919
YDR162C,YHL001W,0,,0.11713184416294098,0.998009979724884,0.756378173828125
YNL102W,YGL139W,0,,0.11711817234754562,0.998009979724884,0.7564782500267029
YER143W,YEL044W,0,,0.11710449308156967,0.998009979724884,0.756578266620636
YJL093C,YJR007W,0,,0.11709082126617432,0.998009979724884,0.7566783428192139
YDL207W,YPL021W,0,,0.11707715690135956,0.998009979724884,0.756778359413147
YBR023C,YMR002W,0,,0.1170634925365448,0.998009979724884,0.7568784356117249
YBR068C,YLL006W,0,,0.11704982817173004,0.998009979724884,0.7569785118103027
YDR328C,YML013W,0,,0.11703617125749588,0.998009979724884,0.7570785284042358
YDR222W,YNL197C,0,,0.11702251434326172,0.998009979724884,0.7571786046028137
YDR084C,YLR342W,0,,0.11700886487960815,0.998009979724884,0.7572786211967468
YGR225W,YOR359W,0,,0.11699521541595459,0.998009979724884,0.7573786973953247
YOR074C,YHR114W,0,,0.11698157340288162,0.998009979724884,0.7574787139892578
YKR003W,YIR018W,0,,0.11696793138980865,0.998009979724884,0.7575787901878357
YGR157W,YKL049C,0,,0.11695428937673569,0.998009979724884,0.7576788663864136
YJR109C,YAL038W,0,,0.11694065481424332,0.998009979724884,0.7577788829803467
YOR292C,YPR131C,0,,0.11692702025175095,0.998009979724884,0.7578789591789246
YLL028W,YGR133W,0,,0.11691339313983917,0.998009979724884,0.7579789757728577
YGL234W,YDR079C-A,0,,0.1168997660279274,0.998009979724884,0.7580790519714355
YCR021C,YBR080C,0,,0.11688614636659622,0.998009979724884,0.7581790685653687
YHR210C,YGL244W,0,,0.11687252670526505,0.998009979724884,0.7582791447639465
YOR007C,YLL067C,0,,0.11685890704393387,0.998009979724884,0.7583791613578796
YLR164W,YMR013C,0,,0.11684529483318329,0.998009979724884,0.7584792375564575
YER014W,YML016C,0,,0.11683168262243271,0.998009979724884,0.7585793137550354
YJL122W,YAL068C,0,,0.11681807786226273,0.998009979724884,0.7586793303489685
YBR239C,YKR095W-A,0,,0.11680447310209274,0.998009979724884,0.7587794065475464
YKL119C,YIL135C,0,,0.11679086834192276,0.998009979724884,0.7588794231414795
YDR446W,YIL177C,0,,0.11677727103233337,0.998009979724884,0.7589794993400574
YNL192W,YPL118W,0,,0.11676368117332458,0.998009979724884,0.7590795159339905
YDL054C,YCR080W,0,,0.1167500838637352,0.998009979724884,0.7591795921325684
YDR268W,YIL122W,0,,0.116736501455307,0.998009979724884,0.7592796683311462
YLR208W,YMR239C,0,,0.11672291159629822,0.998009979724884,0.7593796849250793
YBR183W,YOR007C,0,,0.11670932918787003,0.998009979724884,0.7594797611236572
YOR123C,YDR294C,0,,0.11669575423002243,0.998009979724884,0.7595797777175903
YLR166C,YGL180W,0,,0.11668217927217484,0.998009979724884,0.7596798539161682
YJL079C,YLR224W,0,,0.11666860431432724,0.998009979724884,0.7597798705101013
YBL079W,YPL093W,0,,0.11665503680706024,0.998009979724884,0.7598799467086792
YDL070W,YHR074W,0,,0.11664146929979324,0.998009979724884,0.7599799633026123
YJL203W,YGR138C,0,,0.11662790924310684,0.998009979724884,0.7600800395011902
YMR193W,YDR353W,0,,0.11661434918642044,0.998009979724884,0.7601801156997681
YHR045W,YGL049C,0,,0.11660078912973404,0.998009979724884,0.7602801322937012
YCR066W,YPR037C,0,,0.11658723652362823,0.998009979724884,0.760380208492279
YKL091C,YGR172C,0,,0.11657368391752243,0.998009979724884,0.7604802250862122
YDL147W,YLR332W,0,,0.11656013876199722,0.998009979724884,0.76058030128479
YPR194C,YFR010W,0,,0.11654659360647202,0.998009979724884,0.7606803178787231
YDR171W,YGR283C,0,,0.1165330559015274,0.998009979724884,0.760780394077301
YBR281C,YJR017C,0,,0.1165195181965828,0.998009979724884,0.7608804106712341
YPR043W,YNL068C,0,,0.11650598049163818,0.998009979724884,0.760980486869812
YNL010W,YJL066C,0,,0.11649245023727417,0.998009979724884,0.7610805630683899
YIL021W,YCR030C,0,,0.11647891998291016,0.998009979724884,0.761180579662323
YLR330W,YDR359C,0,,0.11646539717912674,0.998009979724884,0.7612806558609009
YMR202W,YDR545W,0,,0.11645187437534332,0.998009979724884,0.761380672454834
YLR242C,YKL216W,0,,0.1164383590221405,0.998009979724884,0.7614807486534119
YDL240W,YGR216C,0,,0.11642484366893768,0.998009979724884,0.761580765247345
YDR222W,YBR217W,0,,0.11641132831573486,0.998009979724884,0.7616808414459229
YNL290W,YOR060C,0,,0.11639782041311264,0.998009979724884,0.7617809176445007
YDR045C,YBR171W,0,,0.11638431251049042,0.998009979724884,0.7618809342384338
YKR078W,YBR217W,0,,0.11637081205844879,0.998009979724884,0.7619810104370117
YPL132W,YNL267W,0,,0.11635731160640717,0.998009979724884,0.7620810270309448
YJR078W,YLR305C,0,,0.11634381115436554,0.998009979724884,0.7621811032295227
YAL029C,YDR349C,0,,0.11633031815290451,0.998009979724884,0.7622811198234558
YDR212W,YDL021W,0,,0.11631682515144348,0.998009979724884,0.7623811960220337
YKR087C,YML071C,0,,0.11630333960056305,0.998009979724884,0.7624812126159668
YLR263W,YOR149C,0,,0.11628985404968262,0.998009979724884,0.7625812888145447
YOR255W,YKL069W,0,,0.11627637594938278,0.998009979724884,0.7626813650131226
YIR013C,YJL013C,0,,0.11626289784908295,0.998009979724884,0.7627813816070557
YNL145W,YEL077C,0,,0.11624941974878311,0.998009979724884,0.7628814578056335
YDL046W,YER109C,0,,0.11623594909906387,0.998009979724884,0.7629814743995667
YDR530C,YJR077C,0,,0.11622247844934464,0.998009979724884,0.7630815505981445
YPR135W,YIL103W,0,,0.116209015250206,0.998009979724884,0.7631815671920776
YGR013W,YGR207C,0,,0.11619555205106735,0.998009979724884,0.7632816433906555
YNL178W,YGR052W,0,,0.11618208885192871,0.998009979724884,0.7633817195892334
YMR304W,YLR384C,0,,0.11616863310337067,0.998009979724884,0.7634817361831665
YJL112W,YDL156W,0,,0.11615518480539322,0.998009979724884,0.7635818123817444
YMR192W,YJL144W,0,,0.11614172905683517,0.998009979724884,0.7636818289756775
YOR274W,YKL216W,0,,0.11612828820943832,0.998009979724884,0.7637819051742554
YDR213W,YDR303C,0,,0.11611483991146088,0.998009979724884,0.7638819217681885
YFR042W,YIL013C,0,,0.11610139906406403,0.998009979724884,0.7639819979667664
YMR040W,YBR171W,0,,0.11608796566724777,0.998009979724884,0.7640820145606995
YNL124W,YMR063W,0,,0.11607452481985092,0.998009979724884,0.7641820907592773
YER130C,YPR152C,0,,0.11606109887361526,0.998009979724884,0.7642821669578552
YKL013C,YKL186C,0,,0.11604766547679901,0.998009979724884,0.7643821835517883
YPL117C,YIL159W,0,,0.11603424698114395,0.998009979724884,0.7644822597503662
YHR194W,YMR243C,0,,0.1160208210349083,0.998009979724884,0.7645822763442993
YOL165C,YER060W,0,,0.11600740253925323,0.998009979724884,0.7646823525428772
YNL167C,YNL307C,0,,0.11599398404359818,0.998009979724884,0.7647823691368103
YGL094C,YOR355W,0,,0.11598057299852371,0.998009979724884,0.7648824453353882
YNL009W,YNL271C,0,,0.11596716195344925,0.998009979724884,0.7649824619293213
YFL053W,YIL064W,0,,0.11595375835895538,0.998009979724884,0.7650825381278992
YLR084C,YML102W,0,,0.11594035476446152,0.998009979724884,0.765182614326477
YHR183W,YNL221C,0,,0.11592695116996765,0.998009979724884,0.7652826309204102
YPR174C,YHL009W-A,0,,0.11591355502605438,0.998009979724884,0.765382707118988
YGL087C,YNR012W,0,,0.11590015888214111,0.998009979724884,0.7654827237129211
YER141W,YDL002C,0,,0.11588677018880844,0.998009979724884,0.765582799911499
YML006C,YKL197C,0,,0.11587338149547577,0.998009979724884,0.7656828165054321
YJL060W,YHR142W,0,,0.1158600002527237,0.998009979724884,0.76578289270401
YBR046C,YMR052W,0,,0.11584661900997162,0.998009979724884,0.7658829689025879
YDR140W,YHL018W,0,,0.11583323776721954,0.998009979724884,0.765982985496521
YJL058C,YOR202W,0,,0.11581986397504807,0.998009979724884,0.7660830616950989
YNL116W,YGR238C,0,,0.11580649018287659,0.998009979724884,0.766183078289032
YOL107W,YHR083W,0,,0.11579311639070511,0.998009979724884,0.7662831544876099
YER003C,YCR024C-A,0,,0.11577975004911423,0.998009979724884,0.766383171081543
YJL160C,YIR011C,0,,0.11576639115810394,0.998009979724884,0.7664832472801208
YGL153W,YJL186W,0,,0.11575303226709366,0.998009979724884,0.766583263874054
YIL023C,YBR230C,0,,0.11573967337608337,0.998009979724884,0.7666833400726318
YPL232W,YLR452C,0,,0.11572632193565369,0.998009979724884,0.7667834162712097
YBR247C,YNL271C,0,,0.115712970495224,0.998009979724884,0.7668834328651428
YCR066W,YMR068W,0,,0.11569961905479431,0.998009979724884,0.7669835090637207
YGR077C,YGR041W,0,,0.11568627506494522,0.998009979724884,0.7670835256576538
YPL100W,YDR261W-A,0,,0.11567293107509613,0.998009979724884,0.7671836018562317
YML013W,YKL197C,0,,0.11565959453582764,0.998009979724884,0.7672836184501648
YNL316C,YBR212W,0,,0.11564625799655914,0.998009979724884,0.7673836946487427
YJR046W,YMR250W,0,,0.11563292890787125,0.998009979724884,0.7674837708473206
YOR054C,YOR336W,0,,0.11561959981918335,0.998009979724884,0.7675837874412537
YGL116W,YKL069W,0,,0.11560627073049545,0.998009979724884,0.7676838636398315
YLL057C,YCR071C,0,,0.11559294909238815,0.998009979724884,0.7677838802337646
YPL027W,YER048C,0,,0.11557962745428085,0.998009979724884,0.7678839564323425
YEL060C,YCL004W,0,,0.11556630581617355,0.998009979724884,0.7679839730262756
YGL032C,YPR097W,0,,0.11555299907922745,0.998009979724884,0.7680840492248535
YGR032W,YIL019W,0,,0.11553968489170074,0.998009979724884,0.7681840658187866
YOR178C,YCL044C,0,,0.11552637815475464,0.998009979724884,0.7682841420173645
YMR175W,YML127W,0,,0.11551307141780853,0.998009979724884,0.7683842182159424
YBR039W,YHR164C,0,,0.11549977213144302,0.998009979724884,0.7684842348098755
YLL033W,YAL059W,0,,0.11548647284507751,0.998009979724884,0.7685843110084534
YER098W,YNL071W,0,,0.115473173558712,0.998009979724884,0.7686843276023865
YGL208W,YEL037C,0,,0.1154598817229271,0.998009979724884,0.7687844038009644
YNL161W,YNL066W,0,,0.11544658988714218,0.998009979724884,0.7688844203948975
YKR039W,YDR545W,0,,0.11543330550193787,0.998009979724884,0.7689844965934753
YPR200C,YPL023C,0,,0.11542002111673355,0.998009979724884,0.7690845131874084
YNL058C,YFR050C,0,,0.11540674418210983,0.998009979724884,0.7691845893859863
YDR034C-D,YNL284C,0,,0.11539346724748611,0.998009979724884,0.7692846655845642
YOL129W,YFL013C,0,,0.1153801903128624,0.998009979724884,0.7693846821784973
YNL180C,YGR249W,0,,0.11536692082881927,0.998009979724884,0.7694847583770752
YLR107W,YJL206C,0,,0.11535365134477615,0.998009979724884,0.7695847749710083
YBL011W,YAR035W,0,,0.11534038931131363,0.998009979724884,0.7696848511695862
YEL003W,YJR152W,0,,0.1153271272778511,0.998009979724884,0.7697848677635193
YLR239C,YKL125W,0,,0.11531386524438858,0.998009979724884,0.7698849439620972
YJR084W,YER104W,0,,0.11530061066150665,0.998009979724884,0.769985020160675
YDR234W,YDL243C,0,,0.11528735607862473,0.998009979724884,0.7700850367546082
YMR002W,YBR060C,0,,0.1152741089463234,0.998009979724884,0.770185112953186
YFL034C-A,YJL127C,0,,0.11526086181402206,0.998009979724884,0.7702851295471191
YPL237W,YKL009W,0,,0.11524761468172073,0.998009979724884,0.770385205745697
YGL061C,YIL087C,0,,0.115234375,0.998009979724884,0.7704852223396301
YHR098C,YML081W,0,,0.11522113531827927,0.998009979724884,0.770585298538208
YHR119W,YOR294W,0,,0.11520790308713913,0.998009979724884,0.7706853151321411
YGL241W,YLR321C,0,,0.11519467085599899,0.998009979724884,0.770785391330719
YNR072W,YKL211C,0,,0.11518144607543945,0.998009979724884,0.7708854675292969
YBR221C,YHL031C,0,,0.11516821384429932,0.998009979724884,0.77098548412323
YDL039C,YMR058W,0,,0.11515499651432037,0.998009979724884,0.7710855603218079
YOR234C,YPR120C,0,,0.11514177173376083,0.998009979724884,0.771185576915741
YGL255W,YHR085W,0,,0.11512856185436249,0.998009979724884,0.7712856531143188
YHL050C,YDR123C,0,,0.11511534452438354,0.998009979724884,0.771385669708252
YLR426W,YGL045W,0,,0.1151021346449852,0.998009979724884,0.7714857459068298
YPR182W,YJL208C,0,,0.11508892476558685,0.998009979724884,0.7715858221054077
YKL119C,YHR085W,0,,0.1150757223367691,0.998009979724884,0.7716858386993408
YML016C,YDR175C,0,,0.11506251990795135,0.998009979724884,0.7717859148979187
YJR073C,YLR226W,0,,0.1150493249297142,0.998009979724884,0.7718859314918518
YLR297W,YKL079W,0,,0.11503612995147705,0.998009979724884,0.7719860076904297
YNL259C,YFL011W,0,,0.1150229349732399,0.998009979724884,0.7720860242843628
YPL211W,YPL122C,0,,0.11500974744558334,0.998009979724884,0.7721861004829407
YPL084W,YOR017W,0,,0.11499655991792679,0.998009979724884,0.7722861170768738
YNL078W,YOR018W,0,,0.11498337984085083,0.998009979724884,0.7723861932754517
YLR299W,YFL031W,0,,0.11497019976377487,0.998009979724884,0.7724862694740295
YNL160W,YGR012W,0,,0.11495701968669891,0.998009979724884,0.7725862860679626
YOR177C,YCL027C-A,0,,0.11494384706020355,0.998009979724884,0.7726863622665405
YOL001W,YPR079W,0,,0.11493067443370819,0.998009979724884,0.7727863788604736
YML128C,YDR375C,0,,0.11491750925779343,0.998009979724884,0.7728864550590515
YBL105C,YHL011C,0,,0.11490434408187866,0.998009979724884,0.7729864716529846
YNL225C,YGR038W,0,,0.1148911789059639,0.998009979724884,0.7730865478515625
YDR471W,YFL009W,0,,0.11487802118062973,0.998009979724884,0.7731865644454956
YIL154C,YDR210C-C,0,,0.11486486345529556,0.998009979724884,0.7732866406440735
YHR143W-A,YGR172C,0,,0.11485171318054199,0.998009979724884,0.7733867168426514
YIR034C,YNL154C,0,,0.11483856290578842,0.998009979724884,0.7734867334365845
YFR013W,YBR216C,0,,0.11482541263103485,0.998009979724884,0.7735868096351624
YPR046W,YFR034C,0,,0.11481226980686188,0.998009979724884,0.7736868262290955
YNL298W,YOL137W,0,,0.1147991269826889,0.998009979724884,0.7737869024276733
YER087W,YDL020C,0,,0.11478599160909653,0.998009979724884,0.7738869190216064
YBR182C,YOR229W,0,,0.11477285623550415,0.998009979724884,0.7739869952201843
YOR368W,YPR190C,0,,0.11475972831249237,0.998009979724884,0.7740870714187622
YLR259C,YPL249C,0,,0.1147465929389,0.998009979724884,0.7741870880126953
YDR045C,YPR135W,0,,0.11473347246646881,0.998009979724884,0.7742871642112732
YOR368W,YER109C,0,,0.11472034454345703,0.998009979724884,0.7743871808052063
YML008C,YML062C,0,,0.11470723152160645,0.998009979724884,0.7744872570037842
YKL026C,YKL170W,0,,0.11469411104917526,0.998009979724884,0.7745872735977173
YCR021C,YLR013W,0,,0.11468099802732468,0.998009979724884,0.7746873497962952
YDL189W,YIL053W,0,,0.11466788500547409,0.998009979724884,0.7747873663902283
YBR301W,YDL124W,0,,0.1146547794342041,0.998009979724884,0.7748874425888062
YNL016W,YML007W,0,,0.11464167386293411,0.998009979724884,0.774987518787384
YMR019W,YEL063C,0,,0.11462856829166412,0.998009979724884,0.7750875353813171
YLR084C,YGL093W,0,,0.11461547017097473,0.998009979724884,0.775187611579895
YPL046C,YDR034C-D,0,,0.11460237950086594,0.998009979724884,0.7752876281738281
YER124C,YOL062C,0,,0.11458928138017654,0.998009979724884,0.775387704372406
YNL099C,YLL039C,0,,0.11457619071006775,0.998009979724884,0.7754877209663391
YJL110C,YOL126C,0,,0.11456310749053955,0.998009979724884,0.775587797164917
YCR052W,YGR261C,0,,0.11455002427101135,0.998009979724884,0.7756878733634949
YNL297C,YMR177W,0,,0.11453694105148315,0.998009979724884,0.775787889957428
YGR038C-A,YHR164C,0,,0.11452386528253555,0.998009979724884,0.7758879661560059
YNL044W,YAR071W,0,,0.11451078951358795,0.998009979724884,0.775987982749939
YOR226C,YLL045C,0,,0.11449771374464035,0.998009979724884,0.7760880589485168
YOR025W,YKR095W,0,,0.11448464542627335,0.998009979724884,0.77618807554245
YKL112W,YBR189W,0,,0.11447158455848694,0.998009979724884,0.7762881517410278
YBR126C,YJL194W,0,,0.11445851624011993,0.998009979724884,0.7763881683349609
YDR155C,YMR169C,0,,0.11444545537233353,0.998009979724884,0.7764882445335388
YLR157C-A,YHR024C,0,,0.11443240195512772,0.998009979724884,0.7765883207321167
YIL036W,YJL100W,0,,0.1144193485379219,0.998009979724884,0.7766883373260498
YDR140W,YOR010C,0,,0.1144062951207161,0.998009979724884,0.7767884135246277
YOR231W,YOR237W,0,,0.11439324915409088,0.998009979724884,0.7768884301185608
YBR003W,YDR140W,0,,0.11438020318746567,0.998009979724884,0.7769885063171387
YOR145C,YAL017W,0,,0.11436715722084045,0.998009979724884,0.7770885229110718
YGR020C,YBR274W,0,,0.11435411870479584,0.998009979724884,0.7771885991096497
YBR182C,YOR001W,0,,0.11434108763933182,0.998009979724884,0.7772886157035828
YLR007W,YDR372C,0,,0.1143280491232872,0.998009979724884,0.7773886919021606
YIR018W,YKL035W,0,,0.11431501805782318,0.998009979724884,0.7774887681007385
YMR213W,YKL134C,0,,0.11430199444293976,0.998009979724884,0.7775887846946716
YDR354W,YOR266W,0,,0.11428897082805634,0.998009979724884,0.7776888608932495
YHR037W,YOL013C,0,,0.11427594721317291,0.998009979724884,0.7777888774871826
YKL163W,YBR045C,0,,0.11426293104887009,0.998009979724884,0.7778889536857605
YKR042W,YKR060W,0,,0.11424991488456726,0.998009979724884,0.7779889702796936
YLR295C,YHL038C,0,,0.11423689872026443,0.998009979724884,0.7780890464782715
YGR005C,YPR007C,0,,0.1142238900065422,0.998009979724884,0.7781891226768494
YOL077W-A,YDL107W,0,,0.11421088874340057,0.998009979724884,0.7782891392707825
YDR449C,YLR067C,0,,0.11419788002967834,0.998009979724884,0.7783892154693604
YHR007C,YDR488C,0,,0.11418487876653671,0.998009979724884,0.7784892320632935
YJL225C,YML028W,0,,0.11417188495397568,0.998009979724884,0.7785893082618713
YJR137C,YJL026W,0,,0.11415889114141464,0.998009979724884,0.7786893248558044
YPR159W,YDR174W,0,,0.11414589732885361,0.998009979724884,0.7787894010543823
YLR307W,YJL191W,0,,0.11413291096687317,0.998009979724884,0.7788894176483154
YOR158W,YDR470C,0,,0.11411992460489273,0.998009979724884,0.7789894938468933
YDR461W,YNL220W,0,,0.11410693824291229,0.998009979724884,0.7790895700454712
YJL036W,YNR004W,0,,0.11409395933151245,0.998009979724884,0.7791895866394043
YOR283W,YBR127C,0,,0.11408098042011261,0.998009979724884,0.7792896628379822
YIL177C,YKL069W,0,,0.11406800895929337,0.998009979724884,0.7793896794319153
YOL075C,YGL055W,0,,0.11405503749847412,0.998009979724884,0.7794897556304932
YOR126C,YOL008W,0,,0.11404206603765488,0.998009979724884,0.7795897722244263
YMR199W,YLR298C,0,,0.11402910202741623,0.998009979724884,0.7796898484230042
YJL192C,YGR255C,0,,0.11401614546775818,0.998009979724884,0.779789924621582
YNL181W,YDR512C,0,,0.11400318145751953,0.998009979724884,0.7798899412155151
YML047C,YDR372C,0,,0.11399022489786148,0.998009979724884,0.779990017414093
YLR115W,YPL078C,0,,0.11397727578878403,0.998009979724884,0.7800900340080261
YOL115W,YPL164C,0,,0.11396431922912598,0.998009979724884,0.780190110206604
YGR244C,YMR242C,0,,0.11395137757062912,0.998009979724884,0.7802901268005371
YML047C,YDR469W,0,,0.11393842846155167,0.998009979724884,0.780390202999115
YNL290W,YAR066W,0,,0.11392548680305481,0.998009979724884,0.7804902195930481
YOR153W,YNL032W,0,,0.11391255259513855,0.998009979724884,0.780590295791626
YKL049C,YIR039C,0,,0.1138996109366417,0.998009979724884,0.7806903719902039
YMR168C,YDL211C,0,,0.11388668417930603,0.998009979724884,0.780790388584137
YCR005C,YGL244W,0,,0.11387374997138977,0.998009979724884,0.7808904647827148
YPL242C,YLR061W,0,,0.11386082321405411,0.998009979724884,0.780990481376648
YOR034C,YLR023C,0,,0.11384789645671844,0.998009979724884,0.7810905575752258
YGR125W,YGR096W,0,,0.11383497714996338,0.998009979724884,0.7811905741691589
YDR019C,YDR123C,0,,0.11382205784320831,0.998009979724884,0.7812906503677368
YIL156W,YGL085W,0,,0.11380914598703384,0.998009979724884,0.7813906669616699
YML031W,YBR146W,0,,0.11379623413085938,0.998009979724884,0.7814907431602478
YKL054C,YLR052W,0,,0.1137833222746849,0.998009979724884,0.7815908193588257
YOR032C,YGL236C,0,,0.11377041786909103,0.998009979724884,0.7816908359527588
YCR044C,YOR027W,0,,0.11375751346349716,0.998009979724884,0.7817909121513367
YLL018C-A,YHL034C,0,,0.11374461650848389,0.998009979724884,0.7818909287452698
YGR143W,YIL052C,0,,0.11373171210289001,0.998009979724884,0.7819910049438477
YAR050W,YKL060C,0,,0.11371882259845734,0.998009979724884,0.7820910215377808
YBL056W,YNL258C,0,,0.11370592564344406,0.998009979724884,0.7821910977363586
YFR029W,YPR171W,0,,0.11369304358959198,0.998009979724884,0.7822911739349365
YKL172W,YML071C,0,,0.1136801540851593,0.998009979724884,0.7823911905288696
YLL018C,YPL105C,0,,0.11366727203130722,0.998009979724884,0.7824912667274475
YGR276C,YCR043C,0,,0.11365438997745514,0.998009979724884,0.7825912833213806
YCR002C,YLR328W,0,,0.11364151537418365,0.998009979724884,0.7826913595199585
YBR239C,YER108C,0,,0.11362864077091217,0.998009979724884,0.7827913761138916
YJL110C,YJL171C,0,,0.11361576616764069,0.998009979724884,0.7828914523124695
YDR530C,YJL200C,0,,0.1136028990149498,0.998009979724884,0.7829914689064026
YOL098C,YBL058W,0,,0.11359003186225891,0.998009979724884,0.7830915451049805
YDR415C,YPR075C,0,,0.11357717216014862,0.998009979724884,0.7831916213035583
YBR100W,YFR036W,0,,0.11356431245803833,0.998009979724884,0.7832916378974915
YJL184W,YNL270C,0,,0.11355145275592804,0.998009979724884,0.7833917140960693
YBL040C,YDR476C,0,,0.11353860050439835,0.998009979724884,0.7834917306900024
YLR157C-B,YDR189W,0,,0.11352574825286865,0.998009979724884,0.7835918068885803
YGR060W,YIL085C,0,,0.11351290345191956,0.998009979724884,0.7836918234825134
YKL112W,YFR040W,0,,0.11350005865097046,0.998009979724884,0.7837918996810913
YDR067C,YDR021W,0,,0.11348721385002136,0.998009979724884,0.7838919162750244
YOR207C,YJR051W,0,,0.11347437649965286,0.998009979724884,0.7839919924736023
YMR173W,YJL127C,0,,0.11346153914928436,0.998009979724884,0.7840920686721802
YMR137C,YOR126C,0,,0.11344870179891586,0.998009979724884,0.7841920852661133
YJL018W,YMR089C,0,,0.11343587189912796,0.998009979724884,0.7842921614646912
YLR452C,YDR489W,0,,0.11342304944992065,0.998009979724884,0.7843921780586243
YLR056W,YHR059W,0,,0.11341021955013275,0.998009979724884,0.7844922542572021
YDR296W,YLR348C,0,,0.11339739710092545,0.998009979724884,0.7845922708511353
YGR109C,YPL275W,0,,0.11338458210229874,0.998009979724884,0.7846923470497131
YNL299W,YPR154W,0,,0.11337176710367203,0.998009979724884,0.784792423248291
YOL052C,YGL103W,0,,0.11335895210504532,0.998009979724884,0.7848924398422241
YMR059W,YHL007C,0,,0.11334613710641861,0.998009979724884,0.784992516040802
YDR006C,YKL095W,0,,0.1133333370089531,0.998009979724884,0.7850925326347351
YIL097W,YER169W,0,,0.11332052946090698,0.998009979724884,0.785192608833313
YDR207C,YOL102C,0,,0.11330772936344147,0.998009979724884,0.7852926254272461
YPR022C,YLR128W,0,,0.11329492926597595,0.998009979724884,0.785392701625824
YHL011C,YDL222C,0,,0.11328212916851044,0.998009979724884,0.7854927182197571
YPL274W,YGR074W,0,,0.11326933652162552,0.998009979724884,0.785592794418335
YDR111C,YGR211W,0,,0.1132565513253212,0.998009979724884,0.7856928706169128
YEL024W,YNL273W,0,,0.11324375867843628,0.998009979724884,0.785792887210846
YDR354W,YER026C,0,,0.11323098093271255,0.998009979724884,0.7858929634094238
YDR259C,YNL186W,0,,0.11321819573640823,0.998009979724884,0.7859929800033569
YKL012W,YLR151C,0,,0.11320541799068451,0.998009979724884,0.7860930562019348
YGL113W,YDR144C,0,,0.11319264024496078,0.998009979724884,0.7861930727958679
YPL175W,YBL091C,0,,0.11317986994981766,0.998009979724884,0.7862931489944458
YOR303W,YOR336W,0,,0.11316709965467453,0.998009979724884,0.7863932251930237
YDR211W,YDR437W,0,,0.1131543293595314,0.998009979724884,0.7864932417869568
YER078C,YDL047W,0,,0.11314156651496887,0.998009979724884,0.7865933179855347
YCL052C,YDR492W,0,,0.11312880367040634,0.998009979724884,0.7866933345794678
YGL172W,YLR163C,0,,0.11311604827642441,0.998009979724884,0.7867934107780457
YLR044C,YHR200W,0,,0.11310329288244247,0.998009979724884,0.7868934273719788
YBR168W,YKL182W,0,,0.11309053748846054,0.998009979724884,0.7869935035705566
YJR006W,YDR017C,0,,0.1130777895450592,0.998009979724884,0.7870935201644897
YAL033W,YMR153W,0,,0.11306504160165787,0.998009979724884,0.7871935963630676
YPL256C,YGR275W,0,,0.11305230110883713,0.998009979724884,0.7872936725616455
YEL047C,YDR383C,0,,0.11303956061601639,0.998009979724884,0.7873936891555786
YDR201W,YPR091C,0,,0.11302682012319565,0.998009979724884,0.7874937653541565
YNL111C,YER042W,0,,0.1130140870809555,0.998009979724884,0.7875937819480896
YFL018W-A,YHR158C,0,,0.11300135403871536,0.998009979724884,0.7876938581466675
YDL087C,YNL073W,0,,0.11298862099647522,0.998009979724884,0.7877938747406006
YAL001C,YPL248C,0,,0.11297589540481567,0.998009979724884,0.7878939509391785
YGL064C,YER157W,0,,0.11296316981315613,0.998009979724884,0.7879939675331116
YPL117C,YLR129W,0,,0.11295045167207718,0.998009979724884,0.7880940437316895
YDL106C,YGL179C,0,,0.11293773353099823,0.998009979724884,0.7881941199302673
YKR042W,YJL210W,0,,0.11292501538991928,0.998009979724884,0.7882941365242004
YPR024W,YKL200C,0,,0.11291230469942093,0.998009979724884,0.7883942127227783
YBR243C,YLL053C,0,,0.11289959400892258,0.998009979724884,0.7884942293167114
YNL036W,YBR110W,0,,0.11288689076900482,0.998009979724884,0.7885943055152893
YDR324C,YDR492W,0,,0.11287418752908707,0.998009979724884,0.7886943221092224
YDL191W,YLR151C,0,,0.11286148428916931,0.998009979724884,0.7887943983078003
YDR524C-B,YDR434W,0,,0.11284878849983215,0.998009979724884,0.7888944745063782
YMR300C,YJL149W,0,,0.112836092710495,0.998009979724884,0.7889944911003113
YBR085W,YJL208C,0,,0.11282339692115784,0.998009979724884,0.7890945672988892
YOR193W,YGR254W,0,,0.11281070858240128,0.998009979724884,0.7891945838928223
YEL029C,YOR094W,0,,0.11279802024364471,0.998009979724884,0.7892946600914001
YLR262C,YOR198C,0,,0.11278533935546875,0.998009979724884,0.7893946766853333
YKL176C,YPL057C,0,,0.11277265846729279,0.998009979724884,0.7894947528839111
YNL182C,YDR229W,0,,0.11275997757911682,0.998009979724884,0.7895947694778442
YML109W,YDL047W,0,,0.11274730414152145,0.998009979724884,0.7896948456764221
YGR224W,YCR063W,0,,0.11273463070392609,0.998009979724884,0.789794921875
YJR113C,YGL134W,0,,0.11272195726633072,0.998009979724884,0.7898949384689331
YBR170C,YCL008C,0,,0.11270929127931595,0.998009979724884,0.789995014667511
YLR116W,YNL041C,0,,0.11269663274288177,0.998009979724884,0.7900950312614441
YNL116W,YDR229W,0,,0.112683966755867,0.998009979724884,0.790195107460022
YNL078W,YGL055W,0,,0.11267130821943283,0.998009979724884,0.7902951240539551
YCL074W,YPR004C,0,,0.11265865713357925,0.998009979724884,0.790395200252533
YOR009W,YBR228W,0,,0.11264599859714508,0.998009979724884,0.7904952764511108
YKL084W,YDR174W,0,,0.1126333549618721,0.998009979724884,0.790595293045044
YDR201W,YGR128C,0,,0.11262070387601852,0.998009979724884,0.7906953692436218
YIL131C,YBR295W,0,,0.11260806024074554,0.998009979724884,0.7907953858375549
YDR345C,YOL102C,0,,0.11259541660547256,0.998009979724884,0.7908954620361328
YIL005W,YNL075W,0,,0.11258278042078018,0.998009979724884,0.7909954786300659
YJR113C,YDR204W,0,,0.1125701442360878,0.998009979724884,0.7910955548286438
YNR067C,YFL002C,0,,0.11255751550197601,0.998009979724884,0.7911955714225769
YDR218C,YPR190C,0,,0.11254488676786423,0.998009979724884,0.7912956476211548
YAR014C,YPL053C,0,,0.11253225803375244,0.998009979724884,0.7913957238197327
YAL033W,YDR449C,0,,0.11251962929964066,0.998009979724884,0.7914957404136658
YLR107W,YBR080C,0,,0.11250700801610947,0.998009979724884,0.7915958166122437
YBL080C,YLR068W,0,,0.11249439418315887,0.998009979724884,0.7916958332061768
YFR025C,YLR429W,0,,0.11248177289962769,0.998009979724884,0.7917959094047546
YPR095C,YPL239W,0,,0.11246916651725769,0.998009979724884,0.7918959259986877
YPL088W,YLR191W,0,,0.1124565526843071,0.998009979724884,0.7919960021972656
YNL088W,YNL288W,0,,0.1124439463019371,0.998009979724884,0.7920960187911987
YCR046C,YMR021C,0,,0.11243133991956711,0.998009979724884,0.7921960949897766
YDL058W,YDL045W-A,0,,0.11241874098777771,0.998009979724884,0.7922961711883545
YNL272C,YMR092C,0,,0.11240614205598831,0.998009979724884,0.7923961877822876
YDL213C,YGL231C,0,,0.11239354312419891,0.998009979724884,0.7924962639808655
YDR235W,YDR131C,0,,0.11238095164299011,0.998009979724884,0.7925962805747986
YGR247W,YMR041C,0,,0.11236836016178131,0.998009979724884,0.7926963567733765
YKR055W,YNL088W,0,,0.1123557761311531,0.998009979724884,0.7927963733673096
YIL139C,YJL112W,0,,0.1123431921005249,0.998009979724884,0.7928964495658875
YNL328C,YKL113C,0,,0.1123306080698967,0.998009979724884,0.7929965257644653
YGL256W,YHR150W,0,,0.11231803148984909,0.998009979724884,0.7930965423583984
YDR325W,YDL232W,0,,0.11230545490980148,0.998009979724884,0.7931966185569763
YOR241W,YJR077C,0,,0.11229287832975388,0.998009979724884,0.7932966351509094
YJL002C,YCR052W,0,,0.11228030920028687,0.998009979724884,0.7933967113494873
YML049C,YOR177C,0,,0.11226774007081985,0.998009979724884,0.7934967279434204
YOR187W,YHR157W,0,,0.11225517839193344,0.998009979724884,0.7935968041419983
YJL053W,YJL029C,0,,0.11224261671304703,0.998009979724884,0.7936968207359314
YDR160W,YNL267W,0,,0.11223005503416061,0.998009979724884,0.7937968969345093
YNL167C,YOR077W,0,,0.1122175008058548,0.998009979724884,0.7938969731330872
YKL049C,YER023W,0,,0.11220494657754898,0.998009979724884,0.7939969897270203
YGL008C,YBR038W,0,,0.11219239234924316,0.998009979724884,0.7940970659255981
YGL148W,YBL100W-A,0,,0.11217984557151794,0.998009979724884,0.7941970825195312
YDR016C,YER040W,0,,0.11216729879379272,0.998009979724884,0.7942971587181091
YGR103W,YGL179C,0,,0.1121547594666481,0.998009979724884,0.7943971753120422
YHR079C-B,YPR060C,0,,0.11214222013950348,0.998009979724884,0.7944972515106201
YJL184W,YEL011W,0,,0.11212968081235886,0.998009979724884,0.794597327709198
YLR105C,YNR054C,0,,0.11211714893579483,0.998009979724884,0.7946973443031311
YIL080W,YLR347C,0,,0.1121046170592308,0.998009979724884,0.794797420501709
YOL055C,YBR223C,0,,0.11209208518266678,0.998009979724884,0.7948974370956421
YNL095C,YBR278W,0,,0.11207956075668335,0.998009979724884,0.79499751329422
YDR104C,YCR034W,0,,0.11206703633069992,0.998009979724884,0.7950975298881531
YNL127W,YER004W,0,,0.11205451935529709,0.998009979724884,0.795197606086731
YGR222W,YCR017C,0,,0.11204200237989426,0.998009979724884,0.7952976226806641
YOL027C,YFL017W-A,0,,0.11202948540449142,0.998009979724884,0.7953976988792419
YEL032W,YBL038W,0,,0.11201697587966919,0.998009979724884,0.7954977750778198
YNL247W,YEL020W-A,0,,0.11200446635484695,0.998009979724884,0.7955977916717529
YBR248C,YDL216C,0,,0.11199196428060532,0.998009979724884,0.7956978678703308
YEL005C,YHR016C,0,,0.11197945475578308,0.998009979724884,0.7957978844642639
YGL083W,YPR066W,0,,0.11196696013212204,0.998009979724884,0.7958979606628418
YPL209C,YOR098C,0,,0.1119544580578804,0.998009979724884,0.7959979772567749
YJL081C,YLR272C,0,,0.11194196343421936,0.998009979724884,0.7960980534553528
YDR363W,YML023C,0,,0.11192946881055832,0.998009979724884,0.7961980700492859
YJR057W,YJR159W,0,,0.11191698163747787,0.998009979724884,0.7962981462478638
YGL241W,YOR301W,0,,0.11190449446439743,0.998009979724884,0.7963982224464417
YKL101W,YDL024C,0,,0.11189201474189758,0.998009979724884,0.7964982390403748
YNL225C,YDR178W,0,,0.11187953501939774,0.998009979724884,0.7965983152389526
YLR028C,YDR489W,0,,0.11186705529689789,0.998009979724884,0.7966983318328857
YJL004C,YAL032C,0,,0.11185457557439804,0.998009979724884,0.7967984080314636
YHR132C,YMR117C,0,,0.11184210330247879,0.998009979724884,0.7968984246253967
YDL045C,YOL135C,0,,0.11182963848114014,0.998009979724884,0.7969985008239746
YNL183C,YMR041C,0,,0.11181716620922089,0.998009979724884,0.7970985770225525
YNL286W,YIL052C,0,,0.11180470138788223,0.998009979724884,0.7971985936164856
YOR209C,YJR077C,0,,0.11179224401712418,0.998009979724884,0.7972986698150635
YJL002C,YBL013W,0,,0.11177978664636612,0.998009979724884,0.7973986864089966
YDR026C,YLR175W,0,,0.11176732927560806,0.998009979724884,0.7974987626075745
YKL032C,YFR028C,0,,0.11175487190485,0.998009979724884,0.7975987792015076
YNL054W-A,YMR275C,0,,0.11174242198467255,0.998009979724884,0.7976988554000854
YML056C,YLR061W,0,,0.11172997951507568,0.998009979724884,0.7977988719940186
YLL051C,YOR214C,0,,0.11171752959489822,0.998009979724884,0.7978989481925964
YJR120W,YML111W,0,,0.11170508712530136,0.998009979724884,0.7979990243911743
YNL021W,YGR215W,0,,0.1116926521062851,0.998009979724884,0.7980990409851074
YBR031W,YBR210W,0,,0.11168021708726883,0.998009979724884,0.7981991171836853
YAL031C,YMR001C,0,,0.11166778206825256,0.998009979724884,0.7982991337776184
YNR069C,YML064C,0,,0.1116553470492363,0.998009979724884,0.7983992099761963
YKR086W,YDR389W,0,,0.11164291948080063,0.998009979724884,0.7984992265701294
YGL169W,YOR058C,0,,0.11163049191236496,0.998009979724884,0.7985993027687073
YER060W-A,YBR293W,0,,0.11161807179450989,0.998009979724884,0.7986993789672852
YBR074W,YFR024C,0,,0.11160565167665482,0.998009979724884,0.7987993955612183
YHR149C,YBL035C,0,,0.11159323900938034,0.998009979724884,0.7988994717597961
YGL254W,YOR118W,0,,0.11158081889152527,0.998009979724884,0.7989994883537292
YBR204C,YER159C,0,,0.1115684062242508,0.998009979724884,0.7990995645523071
YIL068C,YBR227C,0,,0.11155600100755692,0.998009979724884,0.7991995811462402
YNL305C,YGL113W,0,,0.11154359579086304,0.998009979724884,0.7992996573448181
YMR177W,YJL139C,0,,0.11153119057416916,0.998009979724884,0.7993996739387512
YNL232W,YMR090W,0,,0.11151879280805588,0.998009979724884,0.7994997501373291
YOR253W,YNL231C,0,,0.1115063950419426,0.998009979724884,0.799599826335907
YOR274W,YGR121C,0,,0.11149399727582932,0.998009979724884,0.7996998429298401
YML045W,YGR251W,0,,0.11148160696029663,0.998009979724884,0.799799919128418
YGR217W,YAL060W,0,,0.11146921664476395,0.998009979724884,0.7998999357223511
YBL005W-B,YBR002C,0,,0.11145682632923126,0.998009979724884,0.800000011920929
YPR137W,YNR035C,0,,0.11144444346427917,0.998009979724884,0.8001000285148621
YNL286W,YNL197C,0,,0.11143206059932709,0.998009979724884,0.8002001047134399
YML049C,YDL207W,0,,0.1114196851849556,0.998009979724884,0.800300121307373
YOR226C,YIL135C,0,,0.1114073097705841,0.998009979724884,0.8004001975059509
YOR074C,YKL079W,0,,0.11139493435621262,0.998009979724884,0.8005002737045288
YPL268W,YMR052W,0,,0.11138256639242172,0.998009979724884,0.8006002902984619
YDR210C-D,YPL122C,0,,0.11137019842863083,0.998009979724884,0.8007003664970398
YJL042W,YLR413W,0,,0.11135783046483994,0.998009979724884,0.8008003830909729
YOR034C,YDL154W,0,,0.11134546995162964,0.998009979724884,0.8009004592895508
YNL081C,YLR027C,0,,0.11133310943841934,0.998009979724884,0.8010004758834839
YDL015C,YIL095W,0,,0.11132075637578964,0.998009979724884,0.8011005520820618
YDR453C,YDR261C,0,,0.11130840331315994,0.998009979724884,0.8012006282806396
YOR010C,YDR001C,0,,0.11129605025053024,0.998009979724884,0.8013006448745728
YGR049W,YBR079C,0,,0.11128370463848114,0.998009979724884,0.8014007210731506
YMR153W,YJL089W,0,,0.11127135902643204,0.998009979724884,0.8015007376670837
YJL085W,YOR367W,0,,0.11125901341438293,0.998009979724884,0.8016008138656616
YHR063C,YHR035W,0,,0.11124667525291443,0.998009979724884,0.8017008304595947
YMR076C,YDR027C,0,,0.11123433709144592,0.998009979724884,0.8018009066581726
YGL046W,YLR315W,0,,0.11122199892997742,0.998009979724884,0.8019009232521057
YPR151C,YDR140W,0,,0.11120966821908951,0.998009979724884,0.8020009994506836
YCL033C,YDR437W,0,,0.1111973375082016,0.998009979724884,0.8021010756492615
YCL036W,YNL130C,0,,0.11118501424789429,0.998009979724884,0.8022010922431946
YOR190W,YHR103W,0,,0.11117269098758698,0.998009979724884,0.8023011684417725
YJL196C,YMR176W,0,,0.11116036772727966,0.998009979724884,0.8024011850357056
YML082W,YLR242C,0,,0.11114805191755295,0.998009979724884,0.8025012612342834
YNL047C,YLR088W,0,,0.11113573610782623,0.998009979724884,0.8026012778282166
YGL104C,YNR021W,0,,0.11112342029809952,0.998009979724884,0.8027013540267944
YHR154W,YJR055W,0,,0.1111111119389534,0.998009979724884,0.8028014302253723
YNL021W,YGL219C,0,,0.11109880357980728,0.998009979724884,0.8029014468193054
YNL178W,YDL215C,0,,0.11108650267124176,0.998009979724884,0.8030015230178833
YBR107C,YGL043W,0,,0.11107419431209564,0.998009979724884,0.8031015396118164
YER072W,YCR036W,0,,0.11106190085411072,0.998009979724884,0.8032016158103943
YOR343C-A,YBR227C,0,,0.1110495999455452,0.998009979724884,0.8033016324043274
YGR120C,YNL071W,0,,0.11103730648756027,0.998009979724884,0.8034017086029053
YKL112W,YDL076C,0,,0.11102501302957535,0.998009979724884,0.8035017251968384
YCL014W,YNR048W,0,,0.11101272702217102,0.998009979724884,0.8036018013954163
YLR421C,YGL257C,0,,0.1110004410147667,0.998009979724884,0.8037018775939941
YPL045W,YDR494W,0,,0.11098816245794296,0.998009979724884,0.8038018941879272
YCR066W,YOR126C,0,,0.11097587645053864,0.998009979724884,0.8039019703865051
YNL163C,YNL284C,0,,0.1109636053442955,0.998009979724884,0.8040019869804382
YNL259C,YKL174C,0,,0.11095132678747177,0.998009979724884,0.8041020631790161
YJL081C,YBR141C,0,,0.11093905568122864,0.998009979724884,0.8042020797729492
YHR111W,YGL096W,0,,0.1109267845749855,0.998009979724884,0.8043021559715271
YJR078W,YNL069C,0,,0.11091452091932297,0.998009979724884,0.8044021725654602
YOR115C,YHR201C,0,,0.11090225726366043,0.998009979724884,0.8045022487640381
YOR212W,YDL134C-A,0,,0.1108899936079979,0.998009979724884,0.804602324962616
YCR045C,YPL053C,0,,0.11087773740291595,0.998009979724884,0.8047023415565491
YOR009W,YDR257C,0,,0.11086548119783401,0.998009979724884,0.804802417755127
YDR484W,YKL206C,0,,0.11085322499275208,0.998009979724884,0.8049024343490601
YNL190W,YLR043C,0,,0.11084097623825073,0.998009979724884,0.8050025105476379
YDL072C,YKL043W,0,,0.11082872748374939,0.998009979724884,0.805102527141571
YLR361C,YKL049C,0,,0.11081648617982864,0.998009979724884,0.8052026033401489
YNL071W,YOL096C,0,,0.1108042448759079,0.998009979724884,0.8053026795387268
YLR107W,YNL026W,0,,0.11079200357198715,0.998009979724884,0.8054026961326599
YGR278W,YHR128W,0,,0.1107797622680664,0.998009979724884,0.8055027723312378
YFL018W-A,YGL002W,0,,0.11076752841472626,0.998009979724884,0.8056027889251709
YLR256W,YPR083W,0,,0.1107553020119667,0.998009979724884,0.8057028651237488
YBR298C,YML118W,0,,0.11074306815862656,0.998009979724884,0.8058028817176819
YDR301W,YJL076W,0,,0.1107308492064476,0.998009979724884,0.8059029579162598
YDR444W,YGL256W,0,,0.11071862280368805,0.998009979724884,0.8060029745101929
YPR158C-C,YOR022C,0,,0.1107064038515091,0.998009979724884,0.8061030507087708
YDL226C,YOL027C,0,,0.11069418489933014,0.998009979724884,0.8062031269073486
YNL099C,YFL048C,0,,0.11068196594715118,0.998009979724884,0.8063031435012817
YMR114C,YDR210C-D,0,,0.11066975444555283,0.998009979724884,0.8064032196998596
YOR207C,YOR065W,0,,0.11065754294395447,0.998009979724884,0.8065032362937927
YER129W,YIL098C,0,,0.1106453388929367,0.998009979724884,0.8066033124923706
YKR081C,YGR144W,0,,0.11063313484191895,0.998009979724884,0.8067033290863037
YPL203W,YDR437W,0,,0.11062093079090118,0.998009979724884,0.8068034052848816
YLL023C,YGR271C-A,0,,0.11060873419046402,0.998009979724884,0.8069034814834595
YDR345C,YDR422C,0,,0.11059653759002686,0.998009979724884,0.8070034980773926
YDL133C-A,YPR180W,0,,0.11058434098958969,0.998009979724884,0.8071035742759705
YPL001W,YLR249W,0,,0.11057215183973312,0.998009979724884,0.8072035908699036
YDL134C,YCR008W,0,,0.11055996268987656,0.998009979724884,0.8073036670684814
YDL198C,YDR437W,0,,0.11054778099060059,0.998009979724884,0.8074036836624146
YER087C-B,YDR109C,0,,0.11053559929132462,0.998009979724884,0.8075037598609924
YAL063C,YMR194W,0,,0.11052341759204865,0.998009979724884,0.8076037764549255
YIL042C,YKL013C,0,,0.11051123589277267,0.998009979724884,0.8077038526535034
YHR175W,YCR012W,0,,0.1104990616440773,0.998009979724884,0.8078039288520813
YDL005C,YOL045W,0,,0.11048689484596252,0.998009979724884,0.8079039454460144
YIL047C,YDR361C,0,,0.11047472059726715,0.998009979724884,0.8080040216445923
YIL082W-A,YDR369C,0,,0.11046255379915237,0.998009979724884,0.8081040382385254
YCL051W,YGL180W,0,,0.1104503944516182,0.998009979724884,0.8082041144371033
YBR290W,YJL045W,0,,0.11043822765350342,0.998009979724884,0.8083041310310364
YGL192W,YJL076W,0,,0.11042606830596924,0.998009979724884,0.8084042072296143
YGL092W,YFR036W,0,,0.11041391640901566,0.998009979724884,0.8085042238235474
YFL001W,YNL326C,0,,0.11040176451206207,0.998009979724884,0.8086043000221252
YPL257W-B,YCL004W,0,,0.11038961261510849,0.998009979724884,0.8087043762207031
YDR361C,YIL098C,0,,0.11037746071815491,0.998009979724884,0.8088043928146362
YML112W,YHR190W,0,,0.11036531627178192,0.998009979724884,0.8089044690132141
YNL299W,YOR285W,0,,0.11035317182540894,0.998009979724884,0.8090044856071472
YDR284C,YCL018W,0,,0.11034103482961655,0.998009979724884,0.8091045618057251
YNL230C,YNL175C,0,,0.11032889783382416,0.998009979724884,0.8092045783996582
YIL063C,YER058W,0,,0.11031676083803177,0.998009979724884,0.8093046545982361
YNL318C,YFL057C,0,,0.11030463129281998,0.998009979724884,0.809404730796814
YLR325C,YNL078W,0,,0.11029250174760818,0.998009979724884,0.8095047473907471
YML093W,YJR028W,0,,0.11028037220239639,0.998009979724884,0.809604823589325
YKR057W,YDR435C,0,,0.1102682501077652,0.998009979724884,0.8097048401832581
YER003C,YOL077W-A,0,,0.110256128013134,0.998009979724884,0.8098049163818359
YDR148C,YLR164W,0,,0.1102440133690834,0.998009979724884,0.809904932975769
YDR261C,YMR047C,0,,0.11023189127445221,0.998009979724884,0.8100050091743469
YOR173W,YEL063C,0,,0.11021977663040161,0.998009979724884,0.81010502576828
YHL002W,YGR036C,0,,0.11020766943693161,0.998009979724884,0.8102051019668579
YML062C,YDR057W,0,,0.11019556224346161,0.998009979724884,0.8103051781654358
YKR081C,YGL099W,0,,0.11018345504999161,0.998009979724884,0.8104051947593689
YGL053W,YOR323C,0,,0.1101713553071022,0.998009979724884,0.8105052709579468
YIL091C,YGR007W,0,,0.1101592555642128,0.998009979724884,0.8106052875518799
YGL028C,YNL064C,0,,0.1101471558213234,0.998009979724884,0.8107053637504578
YLR022C,YCL024W,0,,0.11013506352901459,0.998009979724884,0.8108053803443909
YFL005W,YIL066C,0,,0.11012297123670578,0.998009979724884,0.8109054565429688
YGL100W,YOR027W,0,,0.11011087894439697,0.998009979724884,0.8110054731369019
YHR043C,YOR159C,0,,0.11009879410266876,0.998009979724884,0.8111055493354797
YKL148C,YKL120W,0,,0.11008670926094055,0.998009979724884,0.8112056255340576
YDR454C,YGL051W,0,,0.11007462441921234,0.998009979724884,0.8113056421279907
YNL099C,YKL033W,0,,0.11006254702806473,0.998009979724884,0.8114057183265686
YCL064C,YNR012W,0,,0.11005046963691711,0.998009979724884,0.8115057349205017
YPR006C,YKL194C,0,,0.1100383996963501,0.998009979724884,0.8116058111190796
YOL052C-A,YER103W,0,,0.11002632975578308,0.998009979724884,0.8117058277130127
YDR310C,YCL010C,0,,0.11001425981521606,0.998009979724884,0.8118059039115906
YKL101W,YGL008C,0,,0.11000218987464905,0.998009979724884,0.8119059801101685
YLL006W,YIL095W,0,,0.10999012738466263,0.998009979724884,0.8120059967041016
YJL141C,YMR034C,0,,0.1099780723452568,0.998009979724884,0.8121060729026794
YER123W,YHR118C,0,,0.10996600985527039,0.998009979724884,0.8122060894966125
YLR005W,YIR005W,0,,0.10995395481586456,0.998009979724884,0.8123061656951904
YLR157C-B,YLR165C,0,,0.10994190722703934,0.998009979724884,0.8124061822891235
YOL088C,YGR145W,0,,0.10992985218763351,0.998009979724884,0.8125062584877014
YNL154C,YBL102W,0,,0.10991780459880829,0.998009979724884,0.8126062750816345
YGR166W,YCR060W,0,,0.10990576446056366,0.998009979724884,0.8127063512802124
YNL090W,YGR252W,0,,0.10989372432231903,0.998009979724884,0.8128064274787903
YOR194C,YHL027W,0,,0.1098816841840744,0.998009979724884,0.8129064440727234
YEL032W,YEL047C,0,,0.10986964404582977,0.998009979724884,0.8130065202713013
YGL174W,YAR009C,0,,0.10985761135816574,0.998009979724884,0.8131065368652344
YOR009W,YDR381W,0,,0.10984557867050171,0.998009979724884,0.8132066130638123
YPL088W,YDL044C,0,,0.10983355343341827,0.998009979724884,0.8133066296577454
YDR021W,YJL124C,0,,0.10982152819633484,0.998009979724884,0.8134067058563232
YBL005W,YDR406W,0,,0.1098095029592514,0.998009979724884,0.8135067820549011
YLR163C,YKL170W,0,,0.10979748517274857,0.998009979724884,0.8136067986488342
YOR251C,YIL121W,0,,0.10978546738624573,0.998009979724884,0.8137068748474121
YHR178W,YOR232W,0,,0.10977344959974289,0.998009979724884,0.8138068914413452
YDR204W,YLR332W,0,,0.10976143926382065,0.998009979724884,0.8139069676399231
YBR188C,YOR193W,0,,0.10974942892789841,0.998009979724884,0.8140069842338562
YDR369C,YDR233C,0,,0.10973741859197617,0.998009979724884,0.8141070604324341
YOL028C,YJR004C,0,,0.10972541570663452,0.998009979724884,0.8142070770263672
YKL071W,YER018C,0,,0.10971341282129288,0.998009979724884,0.8143071532249451
YOR383C,YBL008W,0,,0.10970140993595123,0.998009979724884,0.814407229423523
YMR075W,YJL042W,0,,0.10968941450119019,0.998009979724884,0.814507246017456
YML114C,YKL197C,0,,0.10967741906642914,0.998009979724884,0.8146073222160339
YGL060W,YFR051C,0,,0.10966543108224869,0.998009979724884,0.814707338809967
YFR014C,YLR452C,0,,0.10965343564748764,0.998009979724884,0.8148074150085449
YOR034C,YDR081C,0,,0.10964145511388779,0.998009979724884,0.814907431602478
YLR182W,YKL069W,0,,0.10962946712970734,0.998009979724884,0.8150075078010559
YPL151C,YKR089C,0,,0.10961748659610748,0.998009979724884,0.815107524394989
YLL026W,YGL207W,0,,0.10960550606250763,0.998009979724884,0.8152076005935669
YGL094C,YJL141C,0,,0.10959353297948837,0.998009979724884,0.8153076767921448
YGR271W,YBL004W,0,,0.10958155989646912,0.998009979724884,0.8154076933860779
YFL056C,YNL032W,0,,0.10956958681344986,0.998009979724884,0.8155077695846558
YNL284C-A,YJL083W,0,,0.1095576211810112,0.998009979724884,0.8156077861785889
YER081W,YKL067W,0,,0.10954565554857254,0.998009979724884,0.8157078623771667
YML062C,YNL216W,0,,0.10953368991613388,0.998009979724884,0.8158078789710999
YHR014W,YPL021W,0,,0.10952173173427582,0.998009979724884,0.8159079551696777
YJR053W,YHL001W,0,,0.10950977355241776,0.998009979724884,0.8160080313682556
YKL125W,YLR298C,0,,0.10949781537055969,0.998009979724884,0.8161080479621887
YPL230W,YNR074C,0,,0.10948586463928223,0.998009979724884,0.8162081241607666
YNR067C,YJR048W,0,,0.10947391390800476,0.998009979724884,0.8163081407546997
YLR384C,YOR008C,0,,0.1094619631767273,0.998009979724884,0.8164082169532776
YOL110W,YKL084W,0,,0.10945001989603043,0.998009979724884,0.8165082335472107
YOR048C,YDR135C,0,,0.10943807661533356,0.998009979724884,0.8166083097457886
YBL066C,YOL016C,0,,0.10942614078521729,0.998009979724884,0.8167083263397217
YOR191W,YGR128C,0,,0.10941420495510101,0.998009979724884,0.8168084025382996
YHR204W,YDR090C,0,,0.10940226912498474,0.998009979724884,0.8169084787368774
YMR137C,YNR036C,0,,0.10939033329486847,0.998009979724884,0.8170084953308105
YML031W,YLR301W,0,,0.1093784049153328,0.998009979724884,0.8171085715293884
YCL001W,YPL083C,0,,0.10936648398637772,0.998009979724884,0.8172085881233215
YOR090C,YKL039W,0,,0.10935455560684204,0.998009979724884,0.8173086643218994
YDR331W,YPR113W,0,,0.10934263467788696,0.998009979724884,0.8174086809158325
YGL121C,YJR153W,0,,0.10933071374893188,0.998009979724884,0.8175087571144104
YPL223C,YBR258C,0,,0.1093188002705574,0.998009979724884,0.8176088333129883
YHR118C,YPR173C,0,,0.10930688679218292,0.998009979724884,0.8177088499069214
YMR172W,YNR046W,0,,0.10929497331380844,0.998009979724884,0.8178089261054993
YPL253C,YGL065C,0,,0.10928306728601456,0.998009979724884,0.8179089426994324
YLR058C,YPL183C,0,,0.10927116125822067,0.998009979724884,0.8180090188980103
YOL110W,YPR061C,0,,0.10925926268100739,0.998009979724884,0.8181090354919434
YEL012W,YDL142C,0,,0.1092473566532135,0.998009979724884,0.8182091116905212
YBR154C,YMR197C,0,,0.10923545807600021,0.998009979724884,0.8183091282844543
YPL088W,YDR138W,0,,0.10922356694936752,0.998009979724884,0.8184092044830322
YGR060W,YDL243C,0,,0.10921167582273483,0.998009979724884,0.8185092806816101
YDL066W,YDR037W,0,,0.10919978469610214,0.998009979724884,0.8186092972755432
YNL092W,YDR422C,0,,0.10918789356946945,0.998009979724884,0.8187093734741211
YKL213C,YPR067W,0,,0.10917600989341736,0.998009979724884,0.8188093900680542
YDR322C-A,YPR189W,0,,0.10916412621736526,0.998009979724884,0.8189094662666321
YPR100W,YDR009W,0,,0.10915224999189377,0.998009979724884,0.8190094828605652
YNL282W,YHR030C,0,,0.10914036631584167,0.998009979724884,0.8191095590591431
YML067C,YPL096W,0,,0.10912849754095078,0.998009979724884,0.8192095756530762
YMR232W,YHR179W,0,,0.10911662131547928,0.998009979724884,0.819309651851654
YHR045W,YIR033W,0,,0.10910475254058838,0.998009979724884,0.8194097280502319
YLR103C,YKR022C,0,,0.10909288376569748,0.998009979724884,0.819509744644165
YFR031C,YDR087C,0,,0.10908102244138718,0.998009979724884,0.8196098208427429
YBR239C,YNL326C,0,,0.10906916111707687,0.998009979724884,0.819709837436676
YMR202W,YEL052W,0,,0.10905729979276657,0.998009979724884,0.8198099136352539
YHR005C-A,YEL077C,0,,0.10904544591903687,0.998009979724884,0.819909930229187
YNL044W,YHL009W-A,0,,0.10903359204530716,0.998009979724884,0.8200100064277649
YOR303W,YBR145W,0,,0.10902173817157745,0.998009979724884,0.8201100826263428
YJL004C,YPR187W,0,,0.10900989174842834,0.998009979724884,0.8202100992202759
YOR168W,YCL045C,0,,0.10899804532527924,0.998009979724884,0.8203101754188538
YBR271W,YLR410W,0,,0.10898619890213013,0.998009979724884,0.8204101920127869
YML006C,YPL145C,0,,0.10897435992956161,0.998009979724884,0.8205102682113647
YBR150C,YOL013C,0,,0.1089625209569931,0.998009979724884,0.8206102848052979
YIL048W,YKL058W,0,,0.10895068198442459,0.998009979724884,0.8207103610038757
YDR293C,YPL013C,0,,0.10893885046243668,0.998009979724884,0.8208103775978088
YLR103C,YPR024W,0,,0.10892701894044876,0.998009979724884,0.8209104537963867
YDR148C,YBR069C,0,,0.10891519486904144,0.998009979724884,0.8210105299949646
YIL031W,YGR078C,0,,0.10890336334705353,0.998009979724884,0.8211105465888977
YFR036W,YKL058W,0,,0.10889153927564621,0.998009979724884,0.8212106227874756
YOL004W,YDL104C,0,,0.10887972265481949,0.998009979724884,0.8213106393814087
YJL098W,YGR192C,0,,0.10886790603399277,0.998009979724884,0.8214107155799866
YPR082C,YEL041W,0,,0.10885608941316605,0.998009979724884,0.8215107321739197
YDL004W,YHR214C-C,0,,0.10884427279233932,0.998009979724884,0.8216108083724976
YLR148W,YKR098C,0,,0.1088324636220932,0.998009979724884,0.8217108845710754
YOR275C,YOR147W,0,,0.10882065445184708,0.998009979724884,0.8218109011650085
YOR329C,YKR056W,0,,0.10880885273218155,0.998009979724884,0.8219109773635864
YLR222C,YNL271C,0,,0.10879705101251602,0.998009979724884,0.8220109939575195
YDR141C,YDR500C,0,,0.1087852492928505,0.998009979724884,0.8221110701560974
YLR191W,YIL140W,0,,0.10877345502376556,0.998009979724884,0.8222110867500305
YOR291W,YLR070C,0,,0.10876165330410004,0.998009979724884,0.8223111629486084
YCL020W,YPR190C,0,,0.1087498664855957,0.998009979724884,0.8224111795425415
YDR259C,YDR155C,0,,0.10873807221651077,0.998009979724884,0.8225112557411194
YJL176C,YLR228C,0,,0.10872628539800644,0.998009979724884,0.8226113319396973
YLR260W,YGL186C,0,,0.1087145060300827,0.998009979724884,0.8227113485336304
YJR083C,YOR267C,0,,0.10870271921157837,0.998009979724884,0.8228114247322083
YCL043C,YKL086W,0,,0.10869093984365463,0.998009979724884,0.8229114413261414
YKR028W,YLR166C,0,,0.1086791604757309,0.998009979724884,0.8230115175247192
YJL184W,YER137C-A,0,,0.10866738855838776,0.998009979724884,0.8231115341186523
YOL034W,YGL014W,0,,0.10865561664104462,0.998009979724884,0.8232116103172302
YDR254W,YKL209C,0,,0.10864384472370148,0.998009979724884,0.8233116269111633
YDR398W,YER117W,0,,0.10863208025693893,0.998009979724884,0.8234117031097412
YEL032W,YHL006C,0,,0.10862031579017639,0.998009979724884,0.8235117793083191
YEL051W,YGL115W,0,,0.10860855132341385,0.998009979724884,0.8236117959022522
YER100W,YOL040C,0,,0.1085967943072319,0.998009979724884,0.8237118721008301
YPR133C,YGR199W,0,,0.10858503729104996,0.998009979724884,0.8238118886947632
YKL032C,YLR382C,0,,0.10857328772544861,0.998009979724884,0.8239119648933411
YPL027W,YOL121C,0,,0.10856153070926666,0.998009979724884,0.8240119814872742
YLR167W,YLR054C,0,,0.10854978114366531,0.998009979724884,0.824112057685852
YGL192W,YLR151C,0,,0.10853803902864456,0.998009979724884,0.8242121338844299
YMR214W,YNL302C,0,,0.10852628946304321,0.998009979724884,0.824312150478363
YNL116W,YML014W,0,,0.10851455479860306,0.998009979724884,0.8244122266769409
YOL089C,YHR115C,0,,0.1085028126835823,0.998009979724884,0.824512243270874
YDL052C,YJR056C,0,,0.10849107801914215,0.998009979724884,0.8246123194694519
YOR190W,YJR032W,0,,0.108479343354702,0.998009979724884,0.824712336063385
YBL002W,YNL070W,0,,0.10846760869026184,0.998009979724884,0.8248124122619629
YDR316W,YPR188C,0,,0.10845588147640228,0.998009979724884,0.824912428855896
YPL036W,YFR029W,0,,0.10844415426254272,0.998009979724884,0.8250125050544739
YPL075W,YDL220C,0,,0.10843243449926376,0.998009979724884,0.8251125812530518
YEL029C,YOR030W,0,,0.1084207147359848,0.998009979724884,0.8252125978469849
YPR001W,YGL186C,0,,0.10840899497270584,0.998009979724884,0.8253126740455627
YGL051W,YIL162W,0,,0.10839727520942688,0.998009979724884,0.8254126906394958
YHR164C,YML076C,0,,0.10838556289672852,0.998009979724884,0.8255127668380737
YLL018C-A,YLR452C,0,,0.10837385058403015,0.998009979724884,0.8256127834320068
YNR031C,YOR313C,0,,0.10836214572191238,0.998009979724884,0.8257128596305847
YGR118W,YNL147W,0,,0.10835044085979462,0.998009979724884,0.8258129358291626
YGL184C,YHL021C,0,,0.10833873599767685,0.998009979724884,0.8259129524230957
YPL030W,YBR039W,0,,0.10832703113555908,0.998009979724884,0.8260130286216736
YHR169W,YKL095W,0,,0.10831533372402191,0.998009979724884,0.8261130452156067
YMR236W,YBR210W,0,,0.10830363631248474,0.998009979724884,0.8262131214141846
YER183C,YKR031C,0,,0.10829194635152817,0.998009979724884,0.8263131380081177
YGR185C,YDR411C,0,,0.1082802563905716,0.998009979724884,0.8264132142066956
YGR085C,YJL069C,0,,0.10826856642961502,0.998009979724884,0.8265132308006287
YKR072C,YLR432W,0,,0.10825688391923904,0.998009979724884,0.8266133069992065
YOR153W,YCL035C,0,,0.10824519395828247,0.998009979724884,0.8267133831977844
YKL027W,YDR287W,0,,0.10823351889848709,0.998009979724884,0.8268133997917175
YBR031W,YER169W,0,,0.10822183638811111,0.998009979724884,0.8269134759902954
YPL218W,YGL158W,0,,0.10821016132831573,0.998009979724884,0.8270134925842285
YDR496C,YGR121C,0,,0.10819848626852036,0.998009979724884,0.8271135687828064
YFL008W,YLR308W,0,,0.10818681865930557,0.998009979724884,0.8272135853767395
YNL069C,YKL200C,0,,0.10817515105009079,0.998009979724884,0.8273136615753174
YDR365W-A,YOL130W,0,,0.10816348344087601,0.998009979724884,0.8274136781692505
YML062C,YHR019C,0,,0.10815182328224182,0.998009979724884,0.8275137543678284
YNL093W,YOR018W,0,,0.10814016312360764,0.998009979724884,0.8276138305664062
YGR222W,YIL013C,0,,0.10812850296497345,0.998009979724884,0.8277138471603394
YHR037W,YDR541C,0,,0.10811685025691986,0.998009979724884,0.8278139233589172
YDR303C,YBR200W-A,0,,0.10810519754886627,0.998009979724884,0.8279139399528503
YNL031C,YJR050W,0,,0.10809354484081268,0.998009979724884,0.8280140161514282
YDR064W,YDR343C,0,,0.10808189958333969,0.998009979724884,0.8281140327453613
YER033C,YIL148W,0,,0.1080702543258667,0.998009979724884,0.8282141089439392
YGR118W,YLR066W,0,,0.10805860906839371,0.998009979724884,0.8283141851425171
YOL090W,YDL222C,0,,0.10804697126150131,0.998009979724884,0.8284142017364502
YHR111W,YDL191W,0,,0.10803532600402832,0.998009979724884,0.8285142779350281
YDL083C,YGL158W,0,,0.10802369564771652,0.998009979724884,0.8286142945289612
YNL221C,YNL035C,0,,0.10801205784082413,0.998009979724884,0.8287143707275391
YDR406W,YIL033C,0,,0.10800042748451233,0.998009979724884,0.8288143873214722
YNL194C,YLR130C,0,,0.10798880457878113,0.998009979724884,0.82891446352005
YDR404C,YGR255C,0,,0.10797717422246933,0.998009979724884,0.8290144801139832
YEL018W,YLR132C,0,,0.10796555131673813,0.998009979724884,0.829114556312561
YPR141C,YPL043W,0,,0.10795393586158752,0.998009979724884,0.8292146325111389
YGR084C,YDR378C,0,,0.10794231295585632,0.998009979724884,0.829314649105072
YBR084C-A,YMR024W,0,,0.10793069750070572,0.998009979724884,0.8294147253036499
YMR305C,YPL119C,0,,0.10791908949613571,0.998009979724884,0.829514741897583
YPR137C-A,YJL083W,0,,0.10790747404098511,0.998009979724884,0.8296148180961609
YJR161C,YGR203W,0,,0.1078958660364151,0.998009979724884,0.829714834690094
YMR180C,YCL032W,0,,0.10788426548242569,0.998009979724884,0.8298149108886719
YGR244C,YDR372C,0,,0.10787265747785568,0.998009979724884,0.8299149870872498
YGR195W,YNL062C,0,,0.10786105692386627,0.998009979724884,0.8300150036811829
YPL115C,YLL043W,0,,0.10784946382045746,0.998009979724884,0.8301150798797607
YLR325C,YPL164C,0,,0.10783786326646805,0.998009979724884,0.8302150964736938
YJR090C,YDL040C,0,,0.10782627761363983,0.998009979724884,0.8303151726722717
YMR173W,YHR118C,0,,0.10781468451023102,0.998009979724884,0.8304151892662048
YLR029C,YPL266W,0,,0.1078030988574028,0.998009979724884,0.8305152654647827
YGL189C,YDR210C-C,0,,0.10779151320457458,0.998009979724884,0.8306152820587158
YGL050W,YHR060W,0,,0.10777992755174637,0.998009979724884,0.8307153582572937
YPL167C,YPR026W,0,,0.10776834934949875,0.998009979724884,0.8308154344558716
YKL087C,YDR386W,0,,0.10775677114725113,0.998009979724884,0.8309154510498047
YAL042W,YJL057C,0,,0.10774519294500351,0.998009979724884,0.8310155272483826
YFL002W-B,YBL007C,0,,0.10773362219333649,0.998009979724884,0.8311155438423157
YBR181C,YML071C,0,,0.10772205144166946,0.998009979724884,0.8312156200408936
YOR323C,YIL033C,0,,0.10771048069000244,0.998009979724884,0.8313156366348267
YMR270C,YDR365C,0,,0.10769891738891602,0.998009979724884,0.8314157128334045
YKL138C-A,YBL007C,0,,0.10768735408782959,0.998009979724884,0.8315157294273376
YER032W,YML066C,0,,0.10767579078674316,0.998009979724884,0.8316158056259155
YCR002C,YOL121C,0,,0.10766423493623734,0.998009979724884,0.8317158818244934
YOR294W,YNL283C,0,,0.1076526790857315,0.998009979724884,0.8318158984184265
YKL007W,YHR032W,0,,0.10764112323522568,0.998009979724884,0.8319159746170044
YLR155C,YBR182C,0,,0.10762957483530045,0.998009979724884,0.8320159912109375
YDR365W-B,YPL008W,0,,0.10761802643537521,0.998009979724884,0.8321160674095154
YNL097C,YPL252C,0,,0.10760647803544998,0.998009979724884,0.8322160840034485
YEL027W,YER103W,0,,0.10759493708610535,0.998009979724884,0.8323161602020264
YGR144W,YPL161C,0,,0.10758339613676071,0.998009979724884,0.8324162364006042
YPL192C,YBL011W,0,,0.10757185518741608,0.998009979724884,0.8325162529945374
YOL006C,YCR005C,0,,0.10756032168865204,0.998009979724884,0.8326163291931152
YMR061W,YMR308C,0,,0.107548788189888,0.998009979724884,0.8327163457870483
YER074W,YFR034C,0,,0.10753725469112396,0.998009979724884,0.8328164219856262
YCL012W,YIL022W,0,,0.10752572864294052,0.998009979724884,0.8329164385795593
YBR155W,YER063W,0,,0.10751420259475708,0.998009979724884,0.8330165147781372
YMR228W,YBR125C,0,,0.10750267654657364,0.998009979724884,0.8331165313720703
YNL282W,YMR280C,0,,0.1074911579489708,0.998009979724884,0.8332166075706482
YLL048C,YPR204W,0,,0.10747963935136795,0.998009979724884,0.8333166837692261
YGR027W-A,YDR105C,0,,0.1074681207537651,0.998009979724884,0.8334167003631592
YDR395W,YJL123C,0,,0.10745660960674286,0.998009979724884,0.8335167765617371
YOL029C,YLR019W,0,,0.10744509845972061,0.998009979724884,0.8336167931556702
YDR429C,YIL143C,0,,0.10743358731269836,0.998009979724884,0.833716869354248
YJR043C,YDL031W,0,,0.10742208361625671,0.998009979724884,0.8338168859481812
YPL006W,YBR073W,0,,0.10741057991981506,0.998009979724884,0.833916962146759
YBL079W,YGL224C,0,,0.10739907622337341,0.998009979724884,0.8340169787406921
YKL092C,YDR072C,0,,0.10738757997751236,0.998009979724884,0.83411705493927
YKL163W,YPR121W,0,,0.1073760837316513,0.998009979724884,0.8342171311378479
YER143W,YDR462W,0,,0.10736458748579025,0.998009979724884,0.834317147731781
YDR159W,YDR382W,0,,0.1073530986905098,0.998009979724884,0.8344172239303589
YML121W,YMR025W,0,,0.10734160989522934,0.998009979724884,0.834517240524292
YBR275C,YHR074W,0,,0.10733012109994888,0.998009979724884,0.8346173167228699
YAL007C,YDL040C,0,,0.10731863975524902,0.998009979724884,0.834717333316803
YJL058C,YPL173W,0,,0.10730715841054916,0.998009979724884,0.8348174095153809
YGR140W,YMR239C,0,,0.1072956770658493,0.998009979724884,0.8349174857139587
YNL190W,YOR119C,0,,0.10728420317173004,0.998009979724884,0.8350175023078918
YNL053W,YOL009C,0,,0.10727272927761078,0.998009979724884,0.8351175785064697
YJR073C,YJR131W,0,,0.10726125538349152,0.998009979724884,0.8352175951004028
YAL026C,YOL054W,0,,0.10724978893995285,0.998009979724884,0.8353176712989807
YNL307C,YNL153C,0,,0.10723832249641418,0.998009979724884,0.8354176878929138
YDR371W,YDL002C,0,,0.10722685605287552,0.998009979724884,0.8355177640914917
YLR051C,YML026C,1,,0.10732229053974152,0.9990049600601196,0.8355177640914917
YHR051W,YKR092C,0,,0.10731081664562225,0.9990049600601196,0.8356177806854248
YBR248C,YIL019W,0,,0.10729935020208359,0.9990049600601196,0.8357178568840027
YOR034C,YDL049C,0,,0.10728788375854492,0.9990049600601196,0.8358179330825806
YOR316C,YPR004C,0,,0.10727641731500626,0.9990049600601196,0.8359179496765137
YJR096W,YIL148W,0,,0.10726495832204819,0.9990049600601196,0.8360180258750916
YGL241W,YJL014W,0,,0.10725349932909012,0.9990049600601196,0.8361180424690247
YPR114W,YER178W,0,,0.10724204033613205,0.9990049600601196,0.8362181186676025
YJL177W,YDL054C,0,,0.10723058879375458,0.9990049600601196,0.8363181352615356
YOL116W,YGL079W,0,,0.1072191372513771,0.9990049600601196,0.8364182114601135
YNL321W,YER056C,0,,0.10720768570899963,0.9990049600601196,0.8365182876586914
YOR035C,YAR031W,0,,0.10719624161720276,0.9990049600601196,0.8366183042526245
YDL002C,YIL103W,0,,0.10718479752540588,0.9990049600601196,0.8367183804512024
YOR340C,YOL091W,0,,0.10717335343360901,0.9990049600601196,0.8368183970451355
YDR016C,YJL006C,0,,0.10716191679239273,0.9990049600601196,0.8369184732437134
YPL211W,YNL314W,0,,0.10715048015117645,0.9990049600601196,0.8370184898376465
YCR086W,YOL116W,0,,0.10713904350996017,0.9990049600601196,0.8371185660362244
YBR254C,YNL273W,0,,0.1071276143193245,0.9990049600601196,0.8372185826301575
YOR129C,YOR118W,0,,0.10711618512868881,0.9990049600601196,0.8373186588287354
YNL088W,YCL017C,0,,0.10710475593805313,0.9990049600601196,0.8374187350273132
YEL077C,YOL115W,0,,0.10709333419799805,0.9990049600601196,0.8375187516212463
YIR028W,YPL224C,0,,0.10708191245794296,0.9990049600601196,0.8376188278198242
YOR245C,YIL065C,0,,0.10707049071788788,0.9990049600601196,0.8377188444137573
YPR137W,YLR314C,0,,0.10705907642841339,0.9990049600601196,0.8378189206123352
YKL055C,YJR050W,0,,0.1070476621389389,0.9990049600601196,0.8379189372062683
YMR276W,YOR285W,0,,0.10703624784946442,0.9990049600601196,0.8380190134048462
YKR057W,YDR365C,0,,0.10702484101057053,0.9990049600601196,0.8381190299987793
YGR003W,YNL054W-A,0,,0.10701342672109604,0.9990049600601196,0.8382191061973572
YNL304W,YDL132W,0,,0.10700202733278275,0.9990049600601196,0.8383191823959351
YMR293C,YDR127W,0,,0.10699062049388885,0.9990049600601196,0.8384191989898682
YER117W,YML021C,0,,0.10697922110557556,0.9990049600601196,0.838519275188446
YGL186C,YCL026C-A,0,,0.10696782171726227,0.9990049600601196,0.8386192917823792
YNL231C,YDR034C-D,0,,0.10695642977952957,0.9990049600601196,0.838719367980957
YPL273W,YGR260W,0,,0.10694503784179688,0.9990049600601196,0.8388193845748901
YOR304W,YGR094W,0,,0.10693364590406418,0.9990049600601196,0.838919460773468
YKR042W,YDL077C,0,,0.10692226141691208,0.9990049600601196,0.8390195369720459
YPL032C,YKL150W,0,,0.10691086947917938,0.9990049600601196,0.839119553565979
YDR079C-A,YKL096W-A,0,,0.10689949244260788,0.9990049600601196,0.8392196297645569
YOL001W,YML123C,0,,0.10688810795545578,0.9990049600601196,0.83931964635849
YGR067C,YJL010C,0,,0.10687673091888428,0.9990049600601196,0.8394197225570679
YFR044C,YML069W,0,,0.10686535388231277,0.9990049600601196,0.839519739151001
YDL230W,YER044C-A,0,,0.10685397684574127,0.9990049600601196,0.8396198153495789
YBR114W,YBR192W,0,,0.10684260725975037,0.9990049600601196,0.839719831943512
YNL309W,YER046W,0,,0.10683123767375946,0.9990049600601196,0.8398199081420898
YJR017C,YNR046W,0,,0.10681987553834915,0.9990049600601196,0.8399199843406677
YNR051C,YPL275W,0,,0.10680851340293884,0.9990049600601196,0.8400200009346008
YNL036W,YMR116C,0,,0.10679715126752853,0.9990049600601196,0.8401200771331787
YPR111W,YPL104W,0,,0.10678578913211823,0.9990049600601196,0.8402200937271118
YER123W,YHR216W,0,,0.10677443444728851,0.9990049600601196,0.8403201699256897
YGL174W,YER177W,0,,0.1067630797624588,0.9990049600601196,0.8404201865196228
YGR247W,YDL012C,0,,0.10675172507762909,0.9990049600601196,0.8405202627182007
YMR134W,YKL002W,0,,0.10674037784337997,0.9990049600601196,0.8406203389167786
YLR325C,YHR158C,0,,0.10672903060913086,0.9990049600601196,0.8407203555107117
YDL154W,YDL175C,0,,0.10671768337488174,0.9990049600601196,0.8408204317092896
YBR081C,YKR046C,0,,0.10670634359121323,0.9990049600601196,0.8409204483032227
YJL200C,YDR462W,0,,0.10669500380754471,0.9990049600601196,0.8410205245018005
YML107C,YHR032W,0,,0.10668367147445679,0.9990049600601196,0.8411205410957336
YJL181W,YPR134W,0,,0.10667233169078827,0.9990049600601196,0.8412206172943115
YMR019W,YDL201W,0,,0.10666099935770035,0.9990049600601196,0.8413206338882446
YDL232W,YHR003C,0,,0.10664966702461243,0.9990049600601196,0.8414207100868225
YNL321W,YHR069C,0,,0.1066383421421051,0.9990049600601196,0.8415207862854004
YER065C,YOL097C,0,,0.10662701725959778,0.9990049600601196,0.8416208028793335
YOR194C,YLR225C,0,,0.10661569237709045,0.9990049600601196,0.8417208790779114
YOR171C,YMR200W,0,,0.10660437494516373,0.9990049600601196,0.8418208956718445
YMR232W,YOR142W,0,,0.106593057513237,0.9990049600601196,0.8419209718704224
YIL047C,YCL074W,0,,0.10658174008131027,0.9990049600601196,0.8420209884643555
YDR243C,YKR100C,0,,0.10657043009996414,0.9990049600601196,0.8421210646629333
YHR002W,YDR111C,0,,0.10655912011861801,0.9990049600601196,0.8422210812568665
YDR395W,YMR097C,0,,0.10654781013727188,0.9990049600601196,0.8423211574554443
YLR359W,YER139C,0,,0.10653650015592575,0.9990049600601196,0.8424212336540222
YDR201W,YMR135C,0,,0.10652519762516022,0.9990049600601196,0.8425212502479553
YNL127W,YHR072W,0,,0.10651389509439468,0.9990049600601196,0.8426213264465332
YML114C,YDL029W,0,,0.10650260001420975,0.9990049600601196,0.8427213430404663
YGR208W,YKL069W,0,,0.10649130493402481,0.9990049600601196,0.8428214192390442
YMR093W,YAR003W,0,,0.10648000985383987,0.9990049600601196,0.8429214358329773
YLR361C,YMR321C,0,,0.10646871477365494,0.9990049600601196,0.8430215120315552
YIL168W,YDR174W,0,,0.1064574271440506,0.9990049600601196,0.8431215882301331
YGL144C,YDR137W,0,,0.10644613951444626,0.9990049600601196,0.8432216048240662
YJL098W,YGR257C,0,,0.10643485933542252,0.9990049600601196,0.843321681022644
YOR214C,YDR338C,0,,0.10642357170581818,0.9990049600601196,0.8434216976165771
YBR026C,YDR147W,0,,0.10641229152679443,0.9990049600601196,0.843521773815155
YER069W,YGR132C,0,,0.10640101879835129,0.9990049600601196,0.8436217904090881
YER149C,YGL016W,0,,0.10638974606990814,0.9990049600601196,0.843721866607666
YOR285W,YDL174C,0,,0.106378473341465,0.9990049600601196,0.8438218832015991
YHR121W,YHR111W,0,,0.10636720061302185,0.9990049600601196,0.843921959400177
YLR163C,YKL005C,0,,0.1063559353351593,0.9990049600601196,0.8440220355987549
YAL026C,YNL054W-A,0,,0.10634467005729675,0.9990049600601196,0.844122052192688
YER139C,YML109W,0,,0.1063334047794342,0.9990049600601196,0.8442221283912659
YGL013C,YCL052C,0,,0.10632214695215225,0.9990049600601196,0.844322144985199
YOR156C,YBR233W-A,0,,0.1063108816742897,0.9990049600601196,0.8444222211837769
YDR235W,YNL047C,0,,0.10629963129758835,0.9990049600601196,0.84452223777771
YDR261C-C,YIL022W,0,,0.1062883734703064,0.9990049600601196,0.8446223139762878
YBR114W,YPR180W,0,,0.10627712309360504,0.9990049600601196,0.8447223901748657
YCR097WB,YNL298W,0,,0.10626587271690369,0.9990049600601196,0.8448224067687988
YNL142W,YLR398C,0,,0.10625462979078293,0.9990049600601196,0.8449224829673767
YCR023C,YDR073W,0,,0.10624338686466217,0.9990049600601196,0.8450224995613098
YPL088W,YBR049C,0,,0.10623214393854141,0.9990049600601196,0.8451225757598877
YOL051W,YLR187W,0,,0.10622090846300125,0.9990049600601196,0.8452225923538208
YJR042W,YPL050C,0,,0.1062096655368805,0.9990049600601196,0.8453226685523987
YLR144C,YPL040C,0,,0.10619843751192093,0.9990049600601196,0.8454226851463318
YLR410W-A,YGL179C,0,,0.10618720203638077,0.9990049600601196,0.8455227613449097
YER146W,YBR088C,0,,0.1061759740114212,0.9990049600601196,0.8456228375434875
YDR221W,YIR021W,0,,0.10616474598646164,0.9990049600601196,0.8457228541374207
YNL075W,YBL105C,0,,0.10615351796150208,0.9990049600601196,0.8458229303359985
YOR261C,YPR121W,0,,0.10614229738712311,0.9990049600601196,0.8459229469299316
YMR123W,YGL044C,0,,0.10613107681274414,0.9990049600601196,0.8460230231285095
YJL029C,YBR227C,0,,0.10611986368894577,0.9990049600601196,0.8461230397224426
YNR032W,YLR291C,0,,0.1061086431145668,0.9990049600601196,0.8462231159210205
YCL060C,YCR071C,0,,0.10609742999076843,0.9990049600601196,0.8463231325149536
YGR169C,YOR344C,0,,0.10608622431755066,0.9990049600601196,0.8464232087135315
YLR367W,YDR210W-D,0,,0.10607501119375229,0.9990049600601196,0.8465232849121094
YKL064W,YJR077C,0,,0.10606380552053452,0.9990049600601196,0.8466233015060425
YGR289C,YEL040W,0,,0.10605260729789734,0.9990049600601196,0.8467233777046204
YOR255W,YDR328C,0,,0.10604140162467957,0.9990049600601196,0.8468233942985535
YBL029C-A,YFR031C-A,0,,0.10603020340204239,0.9990049600601196,0.8469234704971313
YGR003W,YOL132W,0,,0.10601900517940521,0.9990049600601196,0.8470234870910645
YER026C,YMR173W,0,,0.10600781440734863,0.9990049600601196,0.8471235632896423
YGL085W,YAL002W,0,,0.10599662363529205,0.9990049600601196,0.8472236394882202
YMR305C,YGR017W,0,,0.10598543286323547,0.9990049600601196,0.8473236560821533
YBR019C,YMR154C,0,,0.1059742420911789,0.9990049600601196,0.8474237322807312
YGR004W,YBR115C,0,,0.10596305876970291,0.9990049600601196,0.8475237488746643
YLR319C,YHR085W,0,,0.10595187544822693,0.9990049600601196,0.8476238250732422
YFL056C,YLR332W,0,,0.10594069957733154,0.9990049600601196,0.8477238416671753
YKL208W,YBR200W-A,0,,0.10592952370643616,0.9990049600601196,0.8478239178657532
YLR421C,YPR024W,0,,0.10591834783554077,0.9990049600601196,0.8479239344596863
YGR282C,YPR204W,0,,0.10590717196464539,0.9990049600601196,0.8480240106582642
YPR072W,YDR365C,0,,0.1058960035443306,0.9990049600601196,0.848124086856842
YDR378C,YGR249W,0,,0.10588483512401581,0.9990049600601196,0.8482241034507751
YJL057C,YPR188C,0,,0.10587366670370102,0.9990049600601196,0.848324179649353
YER185W,YOR210W,0,,0.10586250573396683,0.9990049600601196,0.8484241962432861
YHL009C,YDR317W,0,,0.10585134476423264,0.9990049600601196,0.848524272441864
YEL048C,YGR052W,0,,0.10584018379449844,0.9990049600601196,0.8486242890357971
YNL102W,YML007W,0,,0.10582903027534485,0.9990049600601196,0.848724365234375
YDR324C,YML107C,0,,0.10581787675619125,0.9990049600601196,0.8488244414329529
YLL033W,YOL132W,0,,0.10580672323703766,0.9990049600601196,0.848924458026886
YKL012W,YNL026W,0,,0.10579557716846466,0.9990049600601196,0.8490245342254639
YJL203W,YIL087C,0,,0.10578442364931107,0.9990049600601196,0.849124550819397
YHR142W,YER042W,0,,0.10577328503131866,0.9990049600601196,0.8492246270179749
YPL168W,YPL211W,0,,0.10576213896274567,0.9990049600601196,0.849324643611908
YMR081C,YCL005W-A,0,,0.10575100034475327,0.9990049600601196,0.8494247198104858
YOL142W,YPR030W,0,,0.10573986172676086,0.9990049600601196,0.849524736404419
YER172C,YGL051W,0,,0.10572873055934906,0.9990049600601196,0.8496248126029968
YDR308C,YML081W,0,,0.10571759194135666,0.9990049600601196,0.8497248888015747
YJL053W,YGL044C,0,,0.10570646822452545,0.9990049600601196,0.8498249053955078
YPR199C,YPR121W,0,,0.10569533705711365,0.9990049600601196,0.8499249815940857
YJR084W,YDR354W,0,,0.10568421334028244,0.9990049600601196,0.8500249981880188
YBR181C,YMR032W,0,,0.10567308962345123,0.9990049600601196,0.8501250743865967
YMR076C,YJR149W,0,,0.10566196590662003,0.9990049600601196,0.8502250909805298
YER143W,YAL042W,0,,0.10565084964036942,0.9990049600601196,0.8503251671791077
YLL018C,YLR394W,0,,0.1056397333741188,0.9990049600601196,0.8504251837730408
YMR218C,YIL103W,0,,0.1056286171078682,0.9990049600601196,0.8505252599716187
YLR383W,YPR138C,0,,0.10561750829219818,0.9990049600601196,0.8506253361701965
YBR168W,YFL034C-B,0,,0.10560639202594757,0.9990049600601196,0.8507253527641296
YDR345C,YAL022C,0,,0.10559529066085815,0.9990049600601196,0.8508254289627075
YGR034W,YOR338W,0,,0.10558418184518814,0.9990049600601196,0.8509254455566406
YDR292C,YLR164W,0,,0.10557308048009872,0.9990049600601196,0.8510255217552185
YHL025W,YDR081C,0,,0.10556197911500931,0.9990049600601196,0.8511255383491516
YOL026C,YPR107C,0,,0.10555088520050049,0.9990049600601196,0.8512256145477295
YCR079W,YJR040W,0,,0.10553979128599167,0.9990049600601196,0.8513256907463074
YMR075W,YHL026C,0,,0.10552869737148285,0.9990049600601196,0.8514257073402405
YDR182W,YCR018C,0,,0.10551760345697403,0.9990049600601196,0.8515257835388184
YLR203C,YJL057C,0,,0.1055065169930458,0.9990049600601196,0.8516258001327515
YNL273W,YIL065C,0,,0.10549543052911758,0.9990049600601196,0.8517258763313293
YDL226C,YGL158W,0,,0.10548434406518936,0.9990049600601196,0.8518258929252625
YPL252C,YGR215W,0,,0.10547326505184174,0.9990049600601196,0.8519259691238403
YNL181W,YBL007C,0,,0.10546218603849411,0.9990049600601196,0.8520259857177734
YOL086W-A,YOR353C,0,,0.10545110702514648,0.9990049600601196,0.8521260619163513
YIL135C,YNL156C,0,,0.10544003546237946,0.9990049600601196,0.8522261381149292
YIL031W,YLR203C,0,,0.10542896389961243,0.9990049600601196,0.8523261547088623
YMR176W,YOR204W,0,,0.1054178923368454,0.9990049600601196,0.8524262309074402
YPL120W,YMR239C,0,,0.10540682077407837,0.9990049600601196,0.8525262475013733
YBR199W,YLL026W,0,,0.10539575666189194,0.9990049600601196,0.8526263236999512
YOR196C,YGR212W,0,,0.1053846925497055,0.9990049600601196,0.8527263402938843
YML093W,YMR266W,0,,0.10537363588809967,0.9990049600601196,0.8528264164924622
YDR091C,YDR427W,0,,0.10536257922649384,0.9990049600601196,0.85292649269104
YPR124W,YDR218C,0,,0.105351522564888,0.9990049600601196,0.8530265092849731
YJL114W,YER015W,0,,0.10534046590328217,0.9990049600601196,0.853126585483551
YNL290W,YPR058W,0,,0.10532941669225693,0.9990049600601196,0.8532266020774841
YGL166W,YLR132C,0,,0.10531836748123169,0.9990049600601196,0.853326678276062
YPL020C,YKL062W,0,,0.10530731827020645,0.9990049600601196,0.8534266948699951
YGR192C,YIL122W,0,,0.10529627650976181,0.9990049600601196,0.853526771068573
YOL040C,YDR337W,0,,0.10528523474931717,0.9990049600601196,0.8536267876625061
YER014C-A,YPR065W,0,,0.10527419298887253,0.9990049600601196,0.853726863861084
YDR280W,YML127W,0,,0.10526315867900848,0.9990049600601196,0.8538269400596619
YKL165C,YPR145W,0,,0.10525212436914444,0.9990049600601196,0.853926956653595
YKL205W,YNL257C,0,,0.1052410900592804,0.9990049600601196,0.8540270328521729
YKL093W,YHR157W,0,,0.10523006319999695,0.9990049600601196,0.854127049446106
YNL222W,YDR306C,0,,0.1052190288901329,0.9990049600601196,0.8542271256446838
YNL272C,YBR153W,0,,0.10520800948143005,0.9990049600601196,0.8543271422386169
YGR231C,YMR182C,0,,0.1051969826221466,0.9990049600601196,0.8544272184371948
YKL194C,YPL265W,0,,0.10518596321344376,0.9990049600601196,0.8545272350311279
YJL018W,YJR147W,0,,0.1051749438047409,0.9990049600601196,0.8546273112297058
YOR128C,YBL036C,0,,0.10516392439603806,0.9990049600601196,0.8547273874282837
YDR337W,YDR349C,0,,0.1051529124379158,0.9990049600601196,0.8548274040222168
YHL012W,YNL118C,0,,0.10514190047979355,0.9990049600601196,0.8549274802207947
YGR161W-A,YER122C,0,,0.1051308885216713,0.9990049600601196,0.8550274968147278
YNL005C,YJL083W,0,,0.10511988401412964,0.9990049600601196,0.8551275730133057
YMR193W,YMR286W,0,,0.10510887950658798,0.9990049600601196,0.8552275896072388
YAL059W,YMR240C,0,,0.10509787499904633,0.9990049600601196,0.8553276658058167
YOR249C,YAR027W,0,,0.10508687794208527,0.9990049600601196,0.8554277420043945
YGL124C,YIL129C,0,,0.10507587343454361,0.9990049600601196,0.8555277585983276
YOR004W,YGR208W,0,,0.10506488382816315,0.9990049600601196,0.8556278347969055
YBL066C,YDR259C,0,,0.10505388677120209,0.9990049600601196,0.8557278513908386
YKL026C,YJR101W,0,,0.10504289716482162,0.9990049600601196,0.8558279275894165
YBR106W,YDR245W,0,,0.10503190755844116,0.9990049600601196,0.8559279441833496
YOR101W,YMR117C,0,,0.1050209179520607,0.9990049600601196,0.8560280203819275
YFR013W,YDL235C,0,,0.10500993579626083,0.9990049600601196,0.8561280369758606
YMR097C,YOR241W,0,,0.10499895364046097,0.9990049600601196,0.8562281131744385
YNR071C,YHL027W,0,,0.1049879714846611,0.9990049600601196,0.8563281893730164
YEL051W,YLL034C,0,,0.10497699677944183,0.9990049600601196,0.8564282059669495
YNL097C,YDR196C,0,,0.10496602207422256,0.9990049600601196,0.8565282821655273
YDR292C,YDR461W,0,,0.1049550473690033,0.9990049600601196,0.8566282987594604
YGL079W,YLR345W,0,,0.10494408011436462,0.9990049600601196,0.8567283749580383
YFR025C,YLR291C,0,,0.10493311285972595,0.9990049600601196,0.8568283915519714
YPL100W,YPR105C,0,,0.10492214560508728,0.9990049600601196,0.8569284677505493
YIR035C,YFR019W,0,,0.10491117835044861,0.9990049600601196,0.8570285439491272
YIL008W,YLR342W,0,,0.10490021854639053,0.9990049600601196,0.8571285605430603
YDR294C,YIL128W,0,,0.10488925874233246,0.9990049600601196,0.8572286367416382
YLL021W,YJL053W,0,,0.10487830638885498,0.9990049600601196,0.8573286533355713
YGL169W,YNR075W,0,,0.1048673465847969,0.9990049600601196,0.8574287295341492
YDR255C,YDL223C,0,,0.10485639423131943,0.9990049600601196,0.8575287461280823
YJL140W,YDR452W,0,,0.10484544932842255,0.9990049600601196,0.8576288223266602
YDR293C,YNR057C,0,,0.10483449697494507,0.9990049600601196,0.8577288389205933
YNL164C,YPR025C,0,,0.10482355207204819,0.9990049600601196,0.8578289151191711
YDR339C,YOR232W,0,,0.1048126146197319,0.9990049600601196,0.857928991317749
YJR021C,YML069W,0,,0.10480166971683502,0.9990049600601196,0.8580290079116821
YOL104C,YKL080W,0,,0.10479073226451874,0.9990049600601196,0.85812908411026
YAL032C,YIL095W,0,,0.10477979481220245,0.9990049600601196,0.8582291007041931
YDR171W,YMR215W,0,,0.10476886481046677,0.9990049600601196,0.858329176902771
YPR052C,YKR036C,0,,0.10475792735815048,0.9990049600601196,0.8584291934967041
YDL036C,YBR054W,0,,0.1047469973564148,0.9990049600601196,0.858529269695282
YER098W,YJL050W,0,,0.1047360748052597,0.9990049600601196,0.8586292862892151
YPL208W,YOL052C-A,0,,0.10472515225410461,0.9990049600601196,0.858729362487793
YHL033C,YCR070W,0,,0.10471422970294952,0.9990049600601196,0.8588294386863708
YDR348C,YGR266W,0,,0.10470330715179443,0.9990049600601196,0.858929455280304
YOL148C,YPR112C,0,,0.10469238460063934,0.9990049600601196,0.8590295314788818
YGR174C,YDR005C,0,,0.10468146950006485,0.9990049600601196,0.8591295480728149
YDR175C,YJR063W,0,,0.10467056185007095,0.9990049600601196,0.8592296242713928
YDR372C,YDR064W,0,,0.10465964674949646,0.9990049600601196,0.8593296408653259
YMR161W,YHR148W,0,,0.10464873909950256,0.9990049600601196,0.8594297170639038
YKL032C,YNL076W,0,,0.10463783144950867,0.9990049600601196,0.8595297932624817
YDL113C,YKL145W,0,,0.10462693125009537,0.9990049600601196,0.8596298098564148
YHR210C,YMR246W,0,,0.10461602360010147,0.9990049600601196,0.8597298860549927
YLL041C,YNL055C,0,,0.10460512340068817,0.9990049600601196,0.8598299026489258
YDR186C,YMR167W,0,,0.10459423065185547,0.9990049600601196,0.8599299788475037
YOL119C,YIR019C,0,,0.10458333045244217,0.9990049600601196,0.8600299954414368
YPL127C,YCR065W,0,,0.10457243770360947,0.9990049600601196,0.8601300716400146
YLR058C,YOR065W,0,,0.10456155240535736,0.9990049600601196,0.8602300882339478
YMR270C,YGL171W,0,,0.10455065965652466,0.9990049600601196,0.8603301644325256
YDL054C,YOL165C,0,,0.10453977435827255,0.9990049600601196,0.8604302406311035
YOL057W,YNL177C,0,,0.10452888906002045,0.9990049600601196,0.8605302572250366
YGL004C,YBL014C,0,,0.10451801121234894,0.9990049600601196,0.8606303334236145
YBR089C-A,YDR100W,0,,0.10450713336467743,0.9990049600601196,0.8607303500175476
YPR163C,YGL198W,0,,0.10449625551700592,0.9990049600601196,0.8608304262161255
YLR372W,YGL115W,0,,0.10448537766933441,0.9990049600601196,0.8609304428100586
YLR194C,YML102W,0,,0.1044745072722435,0.9990049600601196,0.8610305190086365
YKL090W,YLR227W-B,0,,0.10446363687515259,0.9990049600601196,0.8611305356025696
YLR424W,YDR176W,0,,0.10445276647806168,0.9990049600601196,0.8612306118011475
YDR073W,YLL052C,0,,0.10444190353155136,0.9990049600601196,0.8613306879997253
YJR103W,YNL202W,0,,0.10443104058504105,0.9990049600601196,0.8614307045936584
YPL069C,YKL079W,0,,0.10442017763853073,0.9990049600601196,0.8615307807922363
YLL041C,YBL113C,0,,0.10440931469202042,0.9990049600601196,0.8616307973861694
YLR044C,YHR062C,0,,0.1043984591960907,0.9990049600601196,0.8617308735847473
YBR015C,YLR216C,0,,0.10438760370016098,0.9990049600601196,0.8618308901786804
YHR077C,YER129W,0,,0.10437675565481186,0.9990049600601196,0.8619309663772583
YBR072W,YBR229C,0,,0.10436590760946274,0.9990049600601196,0.8620310425758362
YDR353W,YMR039C,0,,0.10435505956411362,0.9990049600601196,0.8621310591697693
YLL032C,YHR072W-A,0,,0.1043442115187645,0.9990049600601196,0.8622311353683472
YJL079C,YJR048W,0,,0.10433337092399597,0.9990049600601196,0.8623311519622803
YDL161W,YDR331W,0,,0.10432253032922745,0.9990049600601196,0.8624312281608582
YBR230C,YOR188W,0,,0.10431168973445892,0.9990049600601196,0.8625312447547913
YJL206C,YDR009W,0,,0.1043008491396904,0.9990049600601196,0.8626313209533691
YLR277C,YNL241C,0,,0.10429001599550247,0.9990049600601196,0.8627313375473022
YMR273C,YBR216C,0,,0.10427918285131454,0.9990049600601196,0.8628314137458801
YDR264C,YNL304W,0,,0.10426835715770721,0.9990049600601196,0.862931489944458
YGR148C,YPL108W,0,,0.10425753146409988,0.9990049600601196,0.8630315065383911
YLR164W,YER118C,0,,0.10424670577049255,0.9990049600601196,0.863131582736969
YKR087C,YLR258W,0,,0.10423588007688522,0.9990049600601196,0.8632315993309021
YNL080C,YPR006C,0,,0.10422506183385849,0.9990049600601196,0.86333167552948
YJL053W,YMR101C,0,,0.10421424359083176,0.9990049600601196,0.8634316921234131
YNL236W,YLR277C,0,,0.10420342534780502,0.9990049600601196,0.863531768321991
YDL181W,YOR025W,0,,0.10419261455535889,0.9990049600601196,0.8636318445205688
YGR005C,YCR093W,0,,0.10418179631233215,0.9990049600601196,0.863731861114502
YDL122W,YGL171W,0,,0.10417099297046661,0.9990049600601196,0.8638319373130798
YPL098C,YGR212W,0,,0.10416018217802048,0.9990049600601196,0.8639319539070129
YKL132C,YLR305C,0,,0.10414937883615494,0.9990049600601196,0.8640320301055908
YOR141C,YKL082C,0,,0.1041385754942894,0.9990049600601196,0.8641320466995239
YPR134W,YNL066W,0,,0.10412777215242386,0.9990049600601196,0.8642321228981018
YPR007C,YMR161W,0,,0.10411697626113892,0.9990049600601196,0.8643321394920349
YOR208W,YBL100W-B,0,,0.10410618036985397,0.9990049600601196,0.8644322156906128
YDL035C,YPL050C,0,,0.10409538447856903,0.9990049600601196,0.8645322918891907
YMR195W,YOL121C,0,,0.10408459603786469,0.9990049600601196,0.8646323084831238
YOR162C,YNL125C,0,,0.10407380759716034,0.9990049600601196,0.8647323846817017
YBR257W,YLR069C,0,,0.104063019156456,0.9990049600601196,0.8648324012756348
YJR052W,YDR538W,0,,0.10405223071575165,0.9990049600601196,0.8649324774742126
YNL048W,YBL003C,0,,0.1040414497256279,0.9990049600601196,0.8650324940681458
YMR059W,YGL093W,0,,0.10403066873550415,0.9990049600601196,0.8651325702667236
YBR088C,YNL110C,0,,0.104019895195961,0.9990049600601196,0.8652325868606567
YJR150C,YIR004W,0,,0.10400911420583725,0.9990049600601196,0.8653326630592346
YNL239W,YDL123W,0,,0.1039983406662941,0.9990049600601196,0.8654327392578125
YLR135W,YDR113C,0,,0.10398757457733154,0.9990049600601196,0.8655327558517456
YJL214W,YCL035C,0,,0.10397680103778839,0.9990049600601196,0.8656328320503235
YDR171W,YEL012W,0,,0.10396603494882584,0.9990049600601196,0.8657328486442566
YCL043C,YCR043C,0,,0.10395526885986328,0.9990049600601196,0.8658329248428345
YLR042C,YGR204W,0,,0.10394451022148132,0.9990049600601196,0.8659329414367676
YOR383C,YER137C-A,0,,0.10393374413251877,0.9990049600601196,0.8660330176353455
YJR090C,YLR019W,0,,0.10392299294471741,0.9990049600601196,0.8661330938339233
YGR098C,YHR014W,0,,0.10391223430633545,0.9990049600601196,0.8662331104278564
YGR092W,YJR120W,0,,0.10390148311853409,0.9990049600601196,0.8663331866264343
YGR027C,YHR114W,0,,0.10389073193073273,0.9990049600601196,0.8664332032203674
YDR365W-A,YKL210W,0,,0.10387998074293137,0.9990049600601196,0.8665332794189453
YML028W,YPL181W,0,,0.10386922955513,0.9990049600601196,0.8666332960128784
YHR104W,YOR375C,0,,0.10385848581790924,0.9990049600601196,0.8667333722114563
YDR361C,YCR069W,0,,0.10384774208068848,0.9990049600601196,0.8668333888053894
YBR111W-A,YGL096W,0,,0.10383700579404831,0.9990049600601196,0.8669334650039673
YGL079W,YDL055C,0,,0.10382626950740814,0.9990049600601196,0.8670335412025452
YLR051C,YDL135C,0,,0.10381553322076797,0.9990049600601196,0.8671335577964783
YDR453C,YML011C,0,,0.10380479693412781,0.9990049600601196,0.8672336339950562
YGL019W,YOR094W,0,,0.10379406809806824,0.9990049600601196,0.8673336505889893
YKL085W,YNL251C,0,,0.10378333926200867,0.9990049600601196,0.8674337267875671
YNL044W,YLR118C,0,,0.1037726104259491,0.9990049600601196,0.8675337433815002
YBR106W,YIL014W,0,,0.10376188158988953,0.9990049600601196,0.8676338195800781
YIL137C,YHR179W,0,,0.10375116020441055,0.9990049600601196,0.867733895778656
YMR061W,YGR163W,0,,0.10374043881893158,0.9990049600601196,0.8678339123725891
YER078C,YBR227C,0,,0.1037297248840332,0.9990049600601196,0.867933988571167
YBR125C,YBL112C,0,,0.10371901094913483,0.9990049600601196,0.8680340051651001
YDL160C,YGR254W,0,,0.10370829701423645,0.9990049600601196,0.868134081363678
YJL112W,YCR027C,0,,0.10369758307933807,0.9990049600601196,0.8682340979576111
YER151C,YCR060W,0,,0.1036868765950203,0.9990049600601196,0.868334174156189
YKL185W,YEL030W,0,,0.10367617011070251,0.9990049600601196,0.8684341907501221
YDR201W,YML046W,0,,0.10366546362638474,0.9990049600601196,0.8685342669487
YOL141W,YIL064W,0,,0.10365475714206696,0.9990049600601196,0.8686343431472778
YML102W,YPR020W,0,,0.10364405810832977,0.9990049600601196,0.8687343597412109
YOR026W,YPR003C,0,,0.10363335907459259,0.9990049600601196,0.8688344359397888
YLR352W,YOL033W,0,,0.103622667491436,0.9990049600601196,0.8689344525337219
YOR158W,YHR170W,0,,0.10361196845769882,0.9990049600601196,0.8690345287322998
YJL173C,YFL034C-A,0,,0.10360127687454224,0.9990049600601196,0.8691345453262329
YOL057W,YPL259C,0,,0.10359059274196625,0.9990049600601196,0.8692346215248108
YPR065W,YNL176C,0,,0.10357990115880966,0.9990049600601196,0.8693346381187439
YBR233W-A,YMR296C,0,,0.10356921702623367,0.9990049600601196,0.8694347143173218
YFR053C,YPR091C,0,,0.10355853289365768,0.9990049600601196,0.8695347905158997
YNL107W,YMR067C,0,,0.10354785621166229,0.9990049600601196,0.8696348071098328
YOR142W,YOR293W,0,,0.1035371795296669,0.9990049600601196,0.8697348833084106
YPL180W,YCR018C,0,,0.10352650284767151,0.9990049600601196,0.8698348999023438
YFL024C,YFR030W,0,,0.10351582616567612,0.9990049600601196,0.8699349761009216
YLR181C,YHR057C,0,,0.10350515693426132,0.9990049600601196,0.8700349926948547
YMR052W,YBR217W,0,,0.10349448770284653,0.9990049600601196,0.8701350688934326
YMR202W,YKL086W,0,,0.10348381847143173,0.9990049600601196,0.8702351450920105
YIR004W,YBL002W,0,,0.10347314924001694,0.9990049600601196,0.8703351616859436
YBR131W,YAR071W,0,,0.10346248745918274,0.9990049600601196,0.8704352378845215
YGR109C,YOR343C-A,0,,0.10345182567834854,0.9990049600601196,0.8705352544784546
YOR254C,YAL026C,0,,0.10344117134809494,0.9990049600601196,0.8706353306770325
YDR263C,YDL010W,0,,0.10343051701784134,0.9990049600601196,0.8707353472709656
YBR120C,YOR267C,0,,0.10341986268758774,0.9990049600601196,0.8708354234695435
YGL112C,YDR016C,0,,0.10340920835733414,0.9990049600601196,0.8709354400634766
YOL129W,YDL212W,0,,0.10339856147766113,0.9990049600601196,0.8710355162620544
YKR101W,YER117W,0,,0.10338790714740753,0.9990049600601196,0.8711355924606323
YJR150C,YER103W,0,,0.10337726771831512,0.9990049600601196,0.8712356090545654
YIL083C,YLR337C,0,,0.10336662083864212,0.9990049600601196,0.8713356852531433
YGL189C,YHR183W,0,,0.10335598140954971,0.9990049600601196,0.8714357018470764
YNR057C,YIL122W,0,,0.1033453419804573,0.9990049600601196,0.8715357780456543
YOR125C,YOR214C,0,,0.1033347025513649,0.9990049600601196,0.8716357946395874
YDR414C,YDR208W,0,,0.10332407057285309,0.9990049600601196,0.8717358708381653
YGL172W,YOR172W,0,,0.10331343859434128,0.9990049600601196,0.8718359470367432
YOL088C,YMR268W-A,0,,0.10330280661582947,0.9990049600601196,0.8719359636306763
YDL058W,YIL041W,0,,0.10329218208789825,0.9990049600601196,0.8720360398292542
YLR024C,YNR038W,0,,0.10328155755996704,0.9990049600601196,0.8721360564231873
YCL011C,YOR056C,0,,0.10327093303203583,0.9990049600601196,0.8722361326217651
YPL037C,YJL137C,0,,0.10326030850410461,0.9990049600601196,0.8723361492156982
YNL239W,YLR226W,0,,0.103249691426754,0.9990049600601196,0.8724362254142761
YKL081W,YHR018C,0,,0.10323907434940338,0.9990049600601196,0.8725362420082092
YKL064W,YFR045W,0,,0.10322845727205276,0.9990049600601196,0.8726363182067871
YPL150W,YIR011C,0,,0.10321784764528275,0.9990049600601196,0.872736394405365
YGL189C,YLR291C,0,,0.10320723801851273,0.9990049600601196,0.8728364109992981
YOL012C,YML045W-A,0,,0.1031966283917427,0.9990049600601196,0.872936487197876
YNL082W,YKL052C,0,,0.10318602621555328,0.9990049600601196,0.8730365037918091
YNL083W,YOR327C,0,,0.10317541658878326,0.9990049600601196,0.873136579990387
YPR030W,YPR101W,0,,0.10316481441259384,0.9990049600601196,0.8732365965843201
YHR141C,YDR210W-A,0,,0.10315421968698502,0.9990049600601196,0.873336672782898
YMR123W,YGL045W,0,,0.1031436175107956,0.9990049600601196,0.873436689376831
YFL016C,YOR316C,0,,0.10313302278518677,0.9990049600601196,0.8735367655754089
YKL208W,YPL280W,0,,0.10312243551015854,0.9990049600601196,0.8736368417739868
YEL040W,YOR266W,0,,0.10311184078454971,0.9990049600601196,0.8737368583679199
YOL043C,YMR272C,0,,0.10310125350952148,0.9990049600601196,0.8738369345664978
YKL064W,YPR068C,0,,0.10309066623449326,0.9990049600601196,0.8739369511604309
YLR320W,YHR012W,0,,0.10308007895946503,0.9990049600601196,0.8740370273590088
YDL232W,YHR205W,0,,0.1030694991350174,0.9990049600601196,0.8741370439529419
YLR150W,YKL025C,0,,0.10305891931056976,0.9990049600601196,0.8742371201515198
YBR223C,YLR449W,0,,0.10304833948612213,0.9990049600601196,0.8743371963500977
YDR430C,YBR136W,0,,0.1030377671122551,0.9990049600601196,0.8744372129440308
YKR057W,YAL002W,0,,0.10302719473838806,0.9990049600601196,0.8745372891426086
YNR019W,YHR003C,0,,0.10301662236452103,0.9990049600601196,0.8746373057365417
YBR069C,YDL087C,0,,0.10300604999065399,0.9990049600601196,0.8747373819351196
YDL181W,YOR122C,0,,0.10299548506736755,0.9990049600601196,0.8748373985290527
YJL103C,YFL033C,0,,0.10298492014408112,0.9990049600601196,0.8749374747276306
YER032W,YBL099W,0,,0.10297436267137527,0.9990049600601196,0.8750374913215637
YKR001C,YGR121C,0,,0.10296379774808884,0.9990049600601196,0.8751375675201416
YPR120C,YDR470C,0,,0.102953240275383,0.9990049600601196,0.8752376437187195
YCR066W,YOR275C,0,,0.10294268280267715,0.9990049600601196,0.8753376603126526
YJL060W,YJL186W,0,,0.10293213278055191,0.9990049600601196,0.8754377365112305
YJR152W,YEL020W-A,0,,0.10292157530784607,0.9990049600601196,0.8755377531051636
YNL209W,YPR112C,0,,0.10291103273630142,0.9990049600601196,0.8756378293037415
YFR044C,YKL155C,0,,0.10290048271417618,0.9990049600601196,0.8757378458976746
YNR031C,YLR019W,0,,0.10288994014263153,0.9990049600601196,0.8758379220962524
YKR010C,YPL023C,0,,0.10287939012050629,0.9990049600601196,0.8759379982948303
YDR444W,YGR212W,0,,0.10286885499954224,0.9990049600601196,0.8760380148887634
YKL200C,YHR185C,0,,0.10285831242799759,0.9990049600601196,0.8761380910873413
YAL054C,YDR020C,0,,0.10284777730703354,0.9990049600601196,0.8762381076812744
YOR253W,YNR075W,0,,0.10283724218606949,0.9990049600601196,0.8763381838798523
YIL031W,YIR008C,0,,0.10282670706510544,0.9990049600601196,0.8764382004737854
YNL137C,YNL302C,0,,0.10281617939472198,0.9990049600601196,0.8765382766723633
YKL138C-A,YIL075C,0,,0.10280565172433853,0.9990049600601196,0.8766382932662964
YMR054W,YLR393W,0,,0.10279512405395508,0.9990049600601196,0.8767383694648743
YAL032C,YJR083C,0,,0.10278460383415222,0.9990049600601196,0.8768384456634521
YPL237W,YOR362C,0,,0.10277408361434937,0.9990049600601196,0.8769384622573853
YLR117C,YGR204W,0,,0.10276356339454651,0.9990049600601196,0.8770385384559631
YKL211C,YNL220W,0,,0.10275304317474365,0.9990049600601196,0.8771385550498962
YBL079W,YGR283C,0,,0.10274253040552139,0.9990049600601196,0.8772386312484741
YKR089C,YKR007W,0,,0.10273201763629913,0.9990049600601196,0.8773386478424072
YDR471W,YHL013C,0,,0.10272150486707687,0.9990049600601196,0.8774387240409851
YGL038C,YHR002W,0,,0.10271099954843521,0.9990049600601196,0.8775387406349182
YHR176W,YPR151C,0,,0.10270049422979355,0.9990049600601196,0.8776388168334961
YJR047C,YOR328W,0,,0.10268998891115189,0.9990049600601196,0.877738893032074
YDR040C,YER028C,0,,0.10267948359251022,0.9990049600601196,0.8778389096260071
YIL062C,YOL165C,0,,0.10266898572444916,0.9990049600601196,0.877938985824585
YLR110C,YOL097C,0,,0.10265848785638809,0.9990049600601196,0.8780390024185181
YPR023C,YHR110W,0,,0.10264798998832703,0.9990049600601196,0.878139078617096
YDR062W,YDL161W,0,,0.10263749957084656,0.9990049600601196,0.878239095211029
YLR259C,YNL251C,0,,0.10262700915336609,0.9990049600601196,0.8783391714096069
YOL077W-A,YBR162C,0,,0.10261651873588562,0.9990049600601196,0.8784392476081848
YJL122W,YGR217W,0,,0.10260602831840515,0.9990049600601196,0.8785392642021179
YKR042W,YEL034W,0,,0.10259554535150528,0.9990049600601196,0.8786393404006958
YBR177C,YBR034C,0,,0.10258506238460541,0.9990049600601196,0.8787393569946289
YPL083C,YJL191W,0,,0.10257457941770554,0.9990049600601196,0.8788394331932068
YKL046C,YKL120W,0,,0.10256410390138626,0.9990049600601196,0.8789394497871399
YGR172C,YLR447C,0,,0.10255362838506699,0.9990049600601196,0.8790395259857178
YGL198W,YOL060C,0,,0.10254315286874771,0.9990049600601196,0.8791395425796509
YMR304W,YER151C,0,,0.10253267735242844,0.9990049600601196,0.8792396187782288
YEL051W,YOR094W,0,,0.10252220928668976,0.9990049600601196,0.8793396949768066
YJR032W,YDR524C-B,0,,0.10251174122095108,0.9990049600601196,0.8794397115707397
YOR357C,YOR026W,0,,0.1025012731552124,0.9990049600601196,0.8795397877693176
YGR178C,YOR035C,0,,0.10249081254005432,0.9990049600601196,0.8796398043632507
YLL018C,YDR182W,0,,0.10248035192489624,0.9990049600601196,0.8797398805618286
YAL017W,YMR133W,0,,0.10246989130973816,0.9990049600601196,0.8798398971557617
YGL068W,YMR241W,0,,0.10245943814516068,0.9990049600601196,0.8799399733543396
YKL193C,YHR018C,0,,0.1024489775300026,0.9990049600601196,0.8800400495529175
YDR354W,YGL103W,0,,0.10243852436542511,0.9990049600601196,0.8801400661468506
YOR168W,YBL035C,0,,0.10242807865142822,0.9990049600601196,0.8802401423454285
YKR034W,YJR043C,0,,0.10241762548685074,0.9990049600601196,0.8803401589393616
YBR004C,YFR029W,0,,0.10240717977285385,0.9990049600601196,0.8804402351379395
YDR098C,YBR045C,0,,0.10239673405885696,0.9990049600601196,0.8805402517318726
YML112W,YLR028C,0,,0.10238629579544067,0.9990049600601196,0.8806403279304504
YDR213W,YBL036C,0,,0.10237585753202438,0.9990049600601196,0.8807403445243835
YNL232W,YPL235W,0,,0.1023654192686081,0.9990049600601196,0.8808404207229614
YPL283C,YBR065C,0,,0.1023549810051918,0.9990049600601196,0.8809404969215393
YML099C,YPL196W,0,,0.10234454274177551,0.9990049600601196,0.8810405135154724
YOR122C,YJR051W,0,,0.10233411192893982,0.9990049600601196,0.8811405897140503
YPL228W,YMR164C,0,,0.10232368856668472,0.9990049600601196,0.8812406063079834
YGL139W,YPR155C,0,,0.10231325775384903,0.9990049600601196,0.8813406825065613
YPL217C,YAL032C,0,,0.10230283439159393,0.9990049600601196,0.8814406991004944
YGL100W,YGR048W,0,,0.10229241102933884,0.9990049600601196,0.8815407752990723
YBR295W,YJL155C,0,,0.10228198766708374,0.9990049600601196,0.8816407918930054
YMR236W,YOR357C,0,,0.10227157175540924,0.9990049600601196,0.8817408680915833
YCL011C,YBR268W,0,,0.10226115584373474,0.9990049600601196,0.8818409442901611
YBR183W,YMR153W,0,,0.10225073993206024,0.9990049600601196,0.8819409608840942
YER146W,YDR438W,0,,0.10224032402038574,0.9990049600601196,0.8820410370826721
YPL065W,YJR073C,0,,0.10222991555929184,0.9990049600601196,0.8821410536766052
YHR050W,YLR060W,0,,0.10221950709819794,0.9990049600601196,0.8822411298751831
YER102W,YEL070W,0,,0.10220909863710403,0.9990049600601196,0.8823411464691162
YBR069C,YCR070W,0,,0.10219869762659073,0.9990049600601196,0.8824412226676941
YNL239W,YIL076W,0,,0.10218829661607742,0.9990049600601196,0.882541298866272
YDR515W,YLR382C,0,,0.10217789560556412,0.9990049600601196,0.8826413154602051
YPL225W,YOR249C,0,,0.10216749459505081,0.9990049600601196,0.882741391658783
YDR506C,YLL067C,0,,0.1021571010351181,0.9990049600601196,0.8828414082527161
YLR451W,YOL136C,0,,0.1021467074751854,0.9990049600601196,0.882941484451294
YOR162C,YMR113W,0,,0.10213631391525269,0.9990049600601196,0.883041501045227
YCL036W,YMR002W,0,,0.10212592780590057,0.9990049600601196,0.8831415772438049
YOR285W,YAL019W,0,,0.10211554169654846,0.9990049600601196,0.883241593837738
YKL025C,YLR270W,0,,0.10210515558719635,0.9990049600601196,0.8833416700363159
YBL004W,YHR185C,0,,0.10209477692842484,0.9990049600601196,0.8834417462348938
YNL259C,YCR058C,0,,0.10208439081907272,0.9990049600601196,0.8835417628288269
YGR113W,YMR101C,0,,0.10207401216030121,0.9990049600601196,0.8836418390274048
YCL068C,YPL266W,0,,0.10206364095211029,0.9990049600601196,0.8837418556213379
YNL202W,YKR079C,0,,0.10205326229333878,0.9990049600601196,0.8838419318199158
YGL099W,YHR203C,0,,0.10204289108514786,0.9990049600601196,0.8839419484138489
YKR075C,YBR276C,0,,0.10203251987695694,0.9990049600601196,0.8840420246124268
YGR277C,YBR110W,0,,0.10202214866876602,0.9990049600601196,0.8841421008110046
YML016C,YPL259C,0,,0.1020117849111557,0.9990049600601196,0.8842421174049377
YIL018W,YDR188W,0,,0.10200142115354538,0.9990049600601196,0.8843421936035156
YPR103W,YNL070W,0,,0.10199105739593506,0.9990049600601196,0.8844422101974487
YOL141W,YER040W,0,,0.10198070108890533,0.9990049600601196,0.8845422863960266
YML029W,YPL078C,0,,0.10197034478187561,0.9990049600601196,0.8846423029899597
YBR102C,YGR179C,0,,0.10195998847484589,0.9990049600601196,0.8847423791885376
YPL055C,YNL106C,0,,0.10194963216781616,0.9990049600601196,0.8848423957824707
YDR073W,YOR018W,0,,0.10193928331136703,0.9990049600601196,0.8849424719810486
YHR057C,YNL261W,0,,0.10192893445491791,0.9990049600601196,0.8850425481796265
YPL227C,YBR280C,0,,0.10191858559846878,0.9990049600601196,0.8851425647735596
YDR435C,YIL140W,0,,0.10190824419260025,0.9990049600601196,0.8852426409721375
YDR100W,YML026C,0,,0.10189790278673172,0.9990049600601196,0.8853426575660706
YPR174C,YML023C,0,,0.10188756138086319,0.9990049600601196,0.8854427337646484
YPR034W,YDR281C,0,,0.10187721997499466,0.9990049600601196,0.8855427503585815
YCR016W,YML073C,0,,0.10186688601970673,0.9990049600601196,0.8856428265571594
YLR299W,YPL179W,0,,0.10185655206441879,0.9990049600601196,0.8857428431510925
YAL033W,YMR242C,0,,0.10184621810913086,0.9990049600601196,0.8858429193496704
YPL240C,YDR226W,0,,0.10183588415384293,0.9990049600601196,0.8859429955482483
YPR140W,YKL038W,0,,0.10182555764913559,0.9990049600601196,0.8860430121421814
YPL037C,YJR014W,0,,0.10181523114442825,0.9990049600601196,0.8861430883407593
YPL065W,YKL217W,0,,0.10180490463972092,0.9990049600601196,0.8862431049346924
YCL039W,YDR123C,0,,0.10179458558559418,0.9990049600601196,0.8863431811332703
YMR115W,YPL042C,0,,0.10178426653146744,0.9990049600601196,0.8864431977272034
YDR337W,YDL111C,0,,0.1017739474773407,0.9990049600601196,0.8865432739257812
YPL128C,YKR068C,0,,0.10176363587379456,0.9990049600601196,0.8866433501243591
YKL165C,YOR019W,0,,0.10175331681966782,0.9990049600601196,0.8867433667182922
YLR260W,YJL095W,0,,0.10174300521612167,0.9990049600601196,0.8868434429168701
YDR073W,YPL265W,0,,0.10173270106315613,0.9990049600601196,0.8869434595108032
YPL217C,YOR079C,0,,0.10172238945960999,0.9990049600601196,0.8870435357093811
YDR538W,YMR240C,0,,0.10171208530664444,0.9990049600601196,0.8871435523033142
YLR368W,YKR031C,0,,0.1017017811536789,0.9990049600601196,0.8872436285018921
YHR077C,YGL049C,0,,0.10169148445129395,0.9990049600601196,0.8873436450958252
YNL231C,YBR287W,0,,0.1016811802983284,0.9990049600601196,0.8874437212944031
YBL072C,YNL064C,0,,0.10167088359594345,0.9990049600601196,0.887543797492981
YDL064W,YOR016C,0,,0.1016605943441391,0.9990049600601196,0.8876438140869141
YLR288C,YOR142W-A,0,,0.10165029764175415,0.9990049600601196,0.8877438902854919
YGL019W,YEL056W,0,,0.1016400083899498,0.9990049600601196,0.887843906879425
YBR268W,YMR220W,0,,0.10162971913814545,0.9990049600601196,0.8879439830780029
YBR070C,YHR164C,0,,0.1016194298863411,0.9990049600601196,0.888043999671936
YDR307W,YGR254W,0,,0.10160914808511734,0.9990049600601196,0.8881440758705139
YPL200W,YLR047C,0,,0.10159886628389359,0.9990049600601196,0.888244092464447
YGL104C,YGL240W,0,,0.10158858448266983,0.9990049600601196,0.8883441686630249
YAL026C,YKR095W,0,,0.10157831013202667,0.9990049600601196,0.8884442448616028
YBR229C,YDL126C,0,,0.10156803578138351,0.9990049600601196,0.8885442614555359
YGR245C,YLL004W,0,,0.10155776143074036,0.9990049600601196,0.8886443376541138
YKR026C,YNL284C-B,0,,0.1015474870800972,0.9990049600601196,0.8887443542480469
YMR044W,YPL079W,0,,0.10153722018003464,0.9990049600601196,0.8888444304466248
YBL080C,YLR226W,0,,0.10152694582939148,0.9990049600601196,0.8889444470405579
YJL058C,YGL062W,0,,0.10151668637990952,0.9990049600601196,0.8890445232391357
YCR048W,YJL083W,0,,0.10150641947984695,0.9990049600601196,0.8891445994377136
YIR038C,YLR347C,0,,0.10149616003036499,0.9990049600601196,0.8892446160316467
YNL094W,YLR395C,0,,0.10148590058088303,0.9990049600601196,0.8893446922302246
YDR508C,YCR023C,0,,0.10147564113140106,0.9990049600601196,0.8894447088241577
YML033W,YDR262W,0,,0.1014653891324997,0.9990049600601196,0.8895447850227356
YDR176W,YPR007C,0,,0.10145512968301773,0.9990049600601196,0.8896448016166687
YDR306C,YNL258C,0,,0.10144488513469696,0.9990049600601196,0.8897448778152466
YLR107W,YDR025W,0,,0.1014346331357956,0.9990049600601196,0.8898448944091797
YHR190W,YCR036W,0,,0.10142438858747482,0.9990049600601196,0.8899449706077576
YBR155W,YGL105W,0,,0.10141414403915405,0.9990049600601196,0.8900450468063354
YBR221C,YMR186W,0,,0.10140389949083328,0.9990049600601196,0.8901450634002686
YIL096C,YOL089C,0,,0.10139365494251251,0.9990049600601196,0.8902451395988464
YPR026W,YDR206W,0,,0.10138341784477234,0.9990049600601196,0.8903451561927795
YOL102C,YLR342W,0,,0.10137318074703217,0.9990049600601196,0.8904452323913574
YML045W-A,YJR051W,0,,0.10136295109987259,0.9990049600601196,0.8905452489852905
YNL083W,YBR186W,0,,0.10135271400213242,0.9990049600601196,0.8906453251838684
YPR165W,YIL014W,0,,0.10134248435497284,0.9990049600601196,0.8907454013824463
YAL026C,YLR345W,0,,0.10133225470781326,0.9990049600601196,0.8908454179763794
YNL286W,YPR017C,0,,0.10132203251123428,0.9990049600601196,0.8909454941749573
YOL144W,YOR313C,0,,0.10131180286407471,0.9990049600601196,0.8910455107688904
YMR176W,YOL128C,0,,0.10130158066749573,0.9990049600601196,0.8911455869674683
YIL008W,YLR348C,0,,0.10129136592149734,0.9990049600601196,0.8912456035614014
YLR084C,YML098W,0,,0.10128114372491837,0.9990049600601196,0.8913456797599792
YOR033C,YLR363C,0,,0.10127092897891998,0.9990049600601196,0.8914456963539124
YPR133C,YLR328W,0,,0.1012607142329216,0.9990049600601196,0.8915457725524902
YOR258W,YLL023C,0,,0.10125050693750381,0.9990049600601196,0.8916458487510681
YOR304W,YDR359C,0,,0.10124029219150543,0.9990049600601196,0.8917458653450012
YHR090C,YFL057C,0,,0.10123008489608765,0.9990049600601196,0.8918459415435791
YGL004C,YBR110W,0,,0.10121987760066986,0.9990049600601196,0.8919459581375122
YEL004W,YKL045W,0,,0.10120967775583267,0.9990049600601196,0.8920460343360901
YGL116W,YIL158W,0,,0.10119947791099548,0.9990049600601196,0.8921460509300232
YHR077C,YOR232W,0,,0.1011892780661583,0.9990049600601196,0.8922461271286011
YOL043C,YLR234W,0,,0.1011790782213211,0.9990049600601196,0.8923461437225342
YMR125W,YKL134C,0,,0.10116888582706451,0.9990049600601196,0.8924462199211121
YLR372W,YIL130W,0,,0.10115869343280792,0.9990049600601196,0.8925462961196899
YGR109W-B,YDR371W,0,,0.10114850103855133,0.9990049600601196,0.892646312713623
YEL060C,YGL033W,0,,0.10113830864429474,0.9990049600601196,0.8927463889122009
YBR126C,YOR343W-B,0,,0.10112812370061874,0.9990049600601196,0.892846405506134
YNL103W,YPL132W,0,,0.10111793875694275,0.9990049600601196,0.8929464817047119
YOL069W,YML001W,0,,0.10110775381326675,0.9990049600601196,0.893046498298645
YJL141C,YBR239C,0,,0.10109757632017136,0.9990049600601196,0.8931465744972229
YDR171W,YDR446W,0,,0.10108739137649536,0.9990049600601196,0.8932466506958008
YNL145W,YLR092W,0,,0.10107721388339996,0.9990049600601196,0.8933466672897339
YGL201C,YEL020W-A,0,,0.10106704384088516,0.9990049600601196,0.8934467434883118
YDR300C,YIR003W,0,,0.10105686634778976,0.9990049600601196,0.8935467600822449
YDR375C,YHR003C,0,,0.10104669630527496,0.9990049600601196,0.8936468362808228
YEL039C,YDR411C,0,,0.10103653371334076,0.9990049600601196,0.8937468528747559
YJL051W,YBL100W-B,0,,0.10102636367082596,0.9990049600601196,0.8938469290733337
YFR010W,YOL026C,0,,0.10101620107889175,0.9990049600601196,0.8939469456672668
YER160C,YLR183C,0,,0.10100603848695755,0.9990049600601196,0.8940470218658447
YGR257C,YIR019C,0,,0.10099587589502335,0.9990049600601196,0.8941470980644226
YNR002C,YKR093W,0,,0.10098572075366974,0.9990049600601196,0.8942471146583557
YOR083W,YER063W,0,,0.10097555816173553,0.9990049600601196,0.8943471908569336
YDR449C,YBR135W,0,,0.10096540302038193,0.9990049600601196,0.8944472074508667
YGR281W,YPL104W,0,,0.10095525532960892,0.9990049600601196,0.8945472836494446
YPL162C,YOR344C,0,,0.10094510018825531,0.9990049600601196,0.8946473002433777
YOR113W,YOL053C-A,0,,0.1009349524974823,0.9990049600601196,0.8947473764419556
YGR261C,YOL130W,0,,0.10092481225728989,0.9990049600601196,0.8948474526405334
YGL129C,YFR040W,0,,0.10091466456651688,0.9990049600601196,0.8949474692344666
YBR100W,YMR106C,0,,0.10090452432632446,0.9990049600601196,0.8950475454330444
YAR066W,YIL110W,0,,0.10089438408613205,0.9990049600601196,0.8951475620269775
YLR321C,YJL020C,0,,0.10088424384593964,0.9990049600601196,0.8952476382255554
YGL086W,YJR099W,0,,0.10087411105632782,0.9990049600601196,0.8953476548194885
YER175C,YLR081W,0,,0.1008639708161354,0.9990049600601196,0.8954477310180664
YDR482C,YJL160C,0,,0.10085384547710419,0.9990049600601196,0.8955477476119995
YKL110C,YOR254C,0,,0.10084371268749237,0.9990049600601196,0.8956478238105774
YLR399C,YML046W,0,,0.10083358734846115,0.9990049600601196,0.8957479000091553
YOR264W,YIL103W,0,,0.10082346200942993,0.9990049600601196,0.8958479166030884
YOL145C,YLR234W,0,,0.10081333667039871,0.9990049600601196,0.8959479928016663
YPL088W,YGL115W,0,,0.10080321133136749,0.9990049600601196,0.8960480093955994
YDR164C,YDR073W,0,,0.10079309344291687,0.9990049600601196,0.8961480855941772
YOR279C,YKR025W,0,,0.10078297555446625,0.9990049600601196,0.8962481021881104
YBR128C,YOR058C,0,,0.10077285766601562,0.9990049600601196,0.8963481783866882
YJR113C,YER162C,0,,0.1007627472281456,0.9990049600601196,0.8964481949806213
YDR284C,YGR120C,0,,0.10075263679027557,0.9990049600601196,0.8965482711791992
YNL095C,YLR205C,0,,0.10074252635240555,0.9990049600601196,0.8966483473777771
YJR130C,YKL107W,0,,0.10073241591453552,0.9990049600601196,0.8967483639717102
YDR186C,YGR203W,0,,0.1007223129272461,0.9990049600601196,0.8968484401702881
YDL076C,YHL027W,0,,0.10071220993995667,0.9990049600601196,0.8969484567642212
YER003C,YNL125C,0,,0.10070210695266724,0.9990049600601196,0.8970485329627991
YFL055W,YJL194W,0,,0.10069200396537781,0.9990049600601196,0.8971485495567322
YBR102C,YLR143W,0,,0.10068190842866898,0.9990049600601196,0.8972486257553101
YNL169C,YBR057C,0,,0.10067181289196014,0.9990049600601196,0.8973487019538879
YPL050C,YLR118C,0,,0.10066171735525131,0.9990049600601196,0.897448718547821
YBR258C,YNL020C,0,,0.10065162926912308,0.9990049600601196,0.8975487947463989
YOR275C,YKR029C,0,,0.10064154118299484,0.9990049600601196,0.897648811340332
YJR032W,YPL210C,0,,0.10063145309686661,0.9990049600601196,0.8977488875389099
YJL018W,YDR040C,0,,0.10062136501073837,0.9990049600601196,0.897848904132843
YPL183W-A,YNL327W,0,,0.10061128437519073,0.9990049600601196,0.8979489803314209
YOL107W,YGL254W,0,,0.1006012037396431,0.9990049600601196,0.898048996925354
YJR088C,YDL045W-A,0,,0.10059112310409546,0.9990049600601196,0.8981490731239319
YDR506C,YPR183W,0,,0.10058104246854782,0.9990049600601196,0.8982491493225098
YMR215W,YGR254W,0,,0.10057096928358078,0.9990049600601196,0.8983491659164429
YLR181C,YDR343C,0,,0.10056089609861374,0.9990049600601196,0.8984492421150208
YNL163C,YOR086C,0,,0.1005508229136467,0.9990049600601196,0.8985492587089539
YOR193W,YHL035C,0,,0.10054075717926025,0.9990049600601196,0.8986493349075317
YBL038W,YOL038W,0,,0.10053069144487381,0.9990049600601196,0.8987493515014648
YNL027W,YDR545W,0,,0.10052062571048737,0.9990049600601196,0.8988494277000427
YKL205W,YEL056W,0,,0.10051055997610092,0.9990049600601196,0.8989495038986206
YGL067W,YDL047W,0,,0.10050050169229507,0.9990049600601196,0.8990495204925537
YBR212W,YPR159W,0,,0.10049044340848923,0.9990049600601196,0.8991495966911316
YNL099C,YDL012C,0,,0.10048038512468338,0.9990049600601196,0.8992496132850647
YLR071C,YBR258C,0,,0.10047032684087753,0.9990049600601196,0.8993496894836426
YMR277W,YDR407C,0,,0.10046027600765228,0.9990049600601196,0.8994497060775757
YEL037C,YHR072W-A,0,,0.10045022517442703,0.9990049600601196,0.8995497822761536
YCR023C,YPL030W,0,,0.10044017434120178,0.9990049600601196,0.8996497988700867
YPL042C,YLR011W,0,,0.10043013095855713,0.9990049600601196,0.8997498750686646
YMR055C,YPL146C,0,,0.10042008757591248,0.9990049600601196,0.8998499512672424
YFR028C,YJL208C,0,,0.10041004419326782,0.9990049600601196,0.8999499678611755
YJL162C,YML121W,0,,0.10040000081062317,0.9990049600601196,0.9000500440597534
YOL053C-A,YDR337W,0,,0.10038995742797852,0.9990049600601196,0.9001500606536865
YPR128C,YEL070W,0,,0.10037992149591446,0.9990049600601196,0.9002501368522644
YLR075W,YER040W,0,,0.1003698855638504,0.9990049600601196,0.9003501534461975
YMR044W,YJL059W,0,,0.10035985708236694,0.9990049600601196,0.9004502296447754
YBL041W,YJR086W,0,,0.10034982860088348,0.9990049600601196,0.9005502462387085
YHR202W,YGL051W,0,,0.10033979266881943,0.9990049600601196,0.9006503224372864
YMR092C,YFR024C-A,0,,0.10032977163791656,0.9990049600601196,0.9007503986358643
YPL127C,YOL135C,0,,0.1003197431564331,0.9990049600601196,0.9008504152297974
YOR219C,YBR183W,0,,0.10030972212553024,0.9990049600601196,0.9009504914283752
YGR031C-A,YOR382W,0,,0.10029970109462738,0.9990049600601196,0.9010505080223083
YOL076W,YLR342W,0,,0.10028968006372452,0.9990049600601196,0.9011505842208862
YKR096W,YPR071W,0,,0.10027966648340225,0.9990049600601196,0.9012506008148193
YMR076C,YMR014W,0,,0.10026965290307999,0.9990049600601196,0.9013506770133972
YDL134C-A,YGR074W,0,,0.10025963932275772,0.9990049600601196,0.9014507532119751
YBR015C,YPL164C,0,,0.10024962574243546,0.9990049600601196,0.9015507698059082
YDR100W,YPL105C,0,,0.10023961961269379,0.9990049600601196,0.9016508460044861
YOR292C,YMR197C,0,,0.10022960603237152,0.9990049600601196,0.9017508625984192
YDL064W,YOR119C,0,,0.10021960735321045,0.9990049600601196,0.9018509387969971
YJL137C,YBR268W,0,,0.10020960122346878,0.9990049600601196,0.9019509553909302
YNR056C,YLR116W,0,,0.10019960254430771,0.9990049600601196,0.9020510315895081
YJL171C,YBR052C,0,,0.10018960386514664,0.9990049600601196,0.9021510481834412
YBR139W,YDR541C,0,,0.10017960518598557,0.9990049600601196,0.902251124382019
YKL005C,YPL124W,0,,0.1001696065068245,0.9990049600601196,0.9023512005805969
YKL005C,YDL174C,0,,0.10015961527824402,0.9990049600601196,0.90245121717453
YOR109W,YIL162W,0,,0.10014962404966354,0.9990049600601196,0.9025512933731079
YDL215C,YIL103W,0,,0.10013964027166367,0.9990049600601196,0.902651309967041
YAL047C,YBR065C,0,,0.10012964904308319,0.9990049600601196,0.9027513861656189
YLR006C,YJL197W,0,,0.10011966526508331,0.9990049600601196,0.902851402759552
YER033C,YMR158W,0,,0.10010968148708344,0.9990049600601196,0.9029514789581299
YMR137C,YDL178W,0,,0.10009969770908356,0.9990049600601196,0.9030515551567078
YKR092C,YJL099W,0,,0.10008972138166428,0.9990049600601196,0.9031515717506409
YLR165C,YOL052C,0,,0.100079745054245,0.9990049600601196,0.9032516479492188
YAL056W,YOL102C,0,,0.10006976872682571,0.9990049600601196,0.9033516645431519
YPR086W,YOL086C,0,,0.10005979984998703,0.9990049600601196,0.9034517407417297
YER100W,YLL053C,0,,0.10004982352256775,0.9990049600601196,0.9035517573356628
YDR364C,YIL020C,0,,0.10003985464572906,0.9990049600601196,0.9036518335342407
YFL022C,YNR044W,0,,0.10002988576889038,0.9990049600601196,0.9037518501281738
YOR256C,YDR057W,0,,0.1000199243426323,0.9990049600601196,0.9038519263267517
YMR137C,YFL014W,0,,0.1000099629163742,0.9990049600601196,0.9039520025253296
YLR429W,YPR135W,0,,0.10000000149011612,0.9990049600601196,0.9040520191192627
YJR099W,YPL057C,0,,0.09999004006385803,0.9990049600601196,0.9041520953178406
YOR361C,YGR275W,0,,0.09998008608818054,0.9990049600601196,0.9042521119117737
YPL023C,YDR235W,0,,0.09997013211250305,0.9990049600601196,0.9043521881103516
YOR038C,YDR386W,0,,0.09996017813682556,0.9990049600601196,0.9044522047042847
YML052W,YJL168C,0,,0.09995022416114807,0.9990049600601196,0.9045522809028625
YDR381C-A,YGR165W,0,,0.09994027763605118,0.9990049600601196,0.9046522974967957
YCL024W,YHR096C,0,,0.09993033111095428,0.9990049600601196,0.9047523736953735
YML052W,YNR051C,0,,0.09992038458585739,0.9990049600601196,0.9048524498939514
YOR034C,YOR149C,0,,0.0999104380607605,0.9990049600601196,0.9049524664878845
YOR125C,YGR185C,0,,0.0999004989862442,0.9990049600601196,0.9050525426864624
YMR189W,YIL098C,0,,0.0998905599117279,0.9990049600601196,0.9051525592803955
YLR278C,YKR087C,0,,0.09988062083721161,0.9990049600601196,0.9052526354789734
YAL060W,YLR423C,0,,0.09987068176269531,0.9990049600601196,0.9053526520729065
YER137C-A,YOR089C,0,,0.09986075013875961,0.9990049600601196,0.9054527282714844
YBR253W,YKL208W,0,,0.09985081851482391,0.9990049600601196,0.9055528044700623
YML096W,YDR058C,0,,0.09984089434146881,0.9990049600601196,0.9056528210639954
YGL150C,YNL282W,0,,0.09983096271753311,0.9990049600601196,0.9057528972625732
YLR431C,YHR018C,0,,0.09982103854417801,0.9990049600601196,0.9058529138565063
YGL004C,YOR180C,0,,0.0998111143708229,0.9990049600601196,0.9059529900550842
YDR416W,YAL017W,0,,0.0998011901974678,0.9990049600601196,0.9060530066490173
YDL246C,YJL012C,0,,0.0997912734746933,0.9990049600601196,0.9061530828475952
YLR406C,YNL312W,0,,0.09978135675191879,0.9990049600601196,0.9062530994415283
YPL270W,YPL210C,0,,0.09977144002914429,0.9990049600601196,0.9063531756401062
YJL018W,YDR361C,0,,0.09976152330636978,0.9990049600601196,0.9064532518386841
YGR090W,YMR001C,0,,0.09975161403417587,0.9990049600601196,0.9065532684326172
YDR146C,YOL049W,0,,0.09974170476198196,0.9990049600601196,0.9066533446311951
YCL036W,YJL186W,0,,0.09973179548978806,0.9990049600601196,0.9067533612251282
YJR138W,YJL173C,0,,0.09972189366817474,0.9990049600601196,0.906853437423706
YDR260C,YLR157C,0,,0.09971198439598083,0.9990049600601196,0.9069534540176392
YGR171C,YER015W,0,,0.09970208257436752,0.9990049600601196,0.907053530216217
YCR034W,YDL212W,0,,0.09969218820333481,0.9990049600601196,0.9071536064147949
YGR214W,YKR031C,0,,0.0996822863817215,0.9990049600601196,0.907253623008728
YGL131C,YKL163W,0,,0.09967239201068878,0.9990049600601196,0.9073536992073059
YNL071W,YHR111W,0,,0.09966249763965607,0.9990049600601196,0.907453715801239
YDL077C,YMR244C-A,0,,0.09965260326862335,0.9990049600601196,0.9075537919998169
YNL246W,YPR033C,0,,0.09964271634817123,0.9990049600601196,0.90765380859375
YNL081C,YDR500C,0,,0.09963282942771912,0.9990049600601196,0.9077538847923279
YMR228W,YDR300C,0,,0.099622942507267,0.9990049600601196,0.907853901386261
YCL067C,YJL178C,0,,0.09961305558681488,0.9990049600601196,0.9079539775848389
YIL131C,YLR432W,0,,0.09960317611694336,0.9990049600601196,0.9080540537834167
YGR013W,YFL057C,0,,0.09959329664707184,0.9990049600601196,0.9081540703773499
YOR119C,YKR080W,0,,0.09958341717720032,0.9990049600601196,0.9082541465759277
YKR010C,YNL113W,0,,0.0995735377073288,0.9990049600601196,0.9083541631698608
YBR188C,YDL040C,0,,0.09956366568803787,0.9990049600601196,0.9084542393684387
YGL061C,YKL107W,0,,0.09955379366874695,0.9990049600601196,0.9085542559623718
YFR031C-A,YLR337C,0,,0.09954392164945602,0.9990049600601196,0.9086543321609497
YGL148W,YGR161C-D,0,,0.0995340570807457,0.9990049600601196,0.9087543487548828
YIL002C,YDR023W,0,,0.09952418506145477,0.9990049600601196,0.9088544249534607
YER177W,YDL149W,0,,0.09951432049274445,0.9990049600601196,0.9089545011520386
YOR267C,YBR228W,0,,0.09950446337461472,0.9990049600601196,0.9090545177459717
YBL099W,YPR017C,0,,0.09949459880590439,0.9990049600601196,0.9091545939445496
YNL314W,YNL240C,0,,0.09948474168777466,0.9990049600601196,0.9092546105384827
YGR033C,YOL009C,0,,0.09947488456964493,0.9990049600601196,0.9093546867370605
YOL096C,YDL117W,0,,0.0994650274515152,0.9990049600601196,0.9094547033309937
YDR142C,YBR162W-A,0,,0.09945517778396606,0.9990049600601196,0.9095547795295715
YCL014W,YOR101W,0,,0.09944532811641693,0.9990049600601196,0.9096548557281494
YCR024C,YHR072W,0,,0.0994354784488678,0.9990049600601196,0.9097548723220825
YLR054C,YOR077W,0,,0.09942562878131866,0.9990049600601196,0.9098549485206604
YER065C,YLR313C,0,,0.09941578656435013,0.9990049600601196,0.9099549651145935
YJL173C,YKR095W,0,,0.099405936896801,0.9990049600601196,0.9100550413131714
YNL125C,YNR018W,0,,0.09939610213041306,0.9990049600601196,0.9101550579071045
YIL107C,YHR135C,0,,0.09938625991344452,0.9990049600601196,0.9102551341056824
YKL086W,YLR406C,0,,0.09937642514705658,0.9990049600601196,0.9103551506996155
YIR025W,YHL022C,0,,0.09936659038066864,0.9990049600601196,0.9104552268981934
YLR148W,YDR361C,0,,0.0993567556142807,0.9990049600601196,0.9105553030967712
YJR088C,YML026C,0,,0.09934692084789276,0.9990049600601196,0.9106553196907043
YOL034W,YHL003C,0,,0.09933709353208542,0.9990049600601196,0.9107553958892822
YOR255W,YER175C,0,,0.09932726621627808,0.9990049600601196,0.9108554124832153
YJL225C,YGL115W,0,,0.09931743890047073,0.9990049600601196,0.9109554886817932
YBR096W,YML081W,0,,0.09930761903524399,0.9990049600601196,0.9110555052757263
YOR260W,YMR013C,0,,0.09929779171943665,0.9990049600601196,0.9111555814743042
YOR117W,YOR110W,0,,0.0992879718542099,0.9990049600601196,0.9112555980682373
YGR096W,YFL013C,0,,0.09927815943956375,0.9990049600601196,0.9113556742668152
YDR244W,YPR033C,0,,0.099268339574337,0.9990049600601196,0.9114557504653931
YLR119W,YOL146W,0,,0.09925852715969086,0.9990049600601196,0.9115557670593262
YMR104C,YNR056C,0,,0.09924871474504471,0.9990049600601196,0.911655843257904
YNL163C,YOL091W,0,,0.09923890233039856,0.9990049600601196,0.9117558598518372
YFR047C,YEL003W,0,,0.09922909736633301,0.9990049600601196,0.911855936050415
YHR050W,YNL041C,0,,0.09921929240226746,0.9990049600601196,0.9119559526443481
YIL042C,YKR065C,0,,0.0992094874382019,0.9990049600601196,0.912056028842926
YMR123W,YFL026W,0,,0.09919968247413635,0.9990049600601196,0.9121561050415039
YHR079C,YNL066W,0,,0.0991898849606514,0.9990049600601196,0.912256121635437
YBR132C,YKR100C,0,,0.09918008744716644,0.9990049600601196,0.9123561978340149
YDR289C,YNL221C,0,,0.09917028993368149,0.9990049600601196,0.912456214427948
YBR023C,YLR105C,0,,0.09916049242019653,0.9990049600601196,0.9125562906265259
YPL004C,YDR091C,0,,0.09915070235729218,0.9990049600601196,0.912656307220459
YIL043C,YBR125C,0,,0.09914091229438782,0.9990049600601196,0.9127563834190369
YPL235W,YFR045W,0,,0.09913112223148346,0.9990049600601196,0.91285640001297
YNL132W,YOL111C,0,,0.0991213321685791,0.9990049600601196,0.9129564762115479
YOR209C,YJL063C,0,,0.09911154955625534,0.9990049600601196,0.9130565524101257
YFR031C-A,YMR041C,0,,0.09910176694393158,0.9990049600601196,0.9131565690040588
YDL122W,YKR068C,0,,0.09909198433160782,0.9990049600601196,0.9132566452026367
YMR113W,YER157W,0,,0.09908220916986465,0.9990049600601196,0.9133566617965698
YGR049W,YOL113W,0,,0.0990724265575409,0.9990049600601196,0.9134567379951477
YNL154C,YML029W,0,,0.09906265139579773,0.9990049600601196,0.9135567545890808
YBL063W,YLL052C,0,,0.09905288368463516,0.9990049600601196,0.9136568307876587
YDL216C,YOR129C,0,,0.099043108522892,0.9990049600601196,0.9137569069862366
YJR092W,YML038C,0,,0.09903334081172943,0.9990049600601196,0.9138569235801697
YDL098C,YEL018W,0,,0.09902357310056686,0.9990049600601196,0.9139569997787476
YDR175C,YNL139C,0,,0.0990138053894043,0.9990049600601196,0.9140570163726807
YKL160W,YKL186C,0,,0.09900404512882233,0.9990049600601196,0.9141570925712585
YFR009W,YJR019C,0,,0.09899428486824036,0.9990049600601196,0.9142571091651917
YDR257C,YGR287C,0,,0.09898452460765839,0.9990049600601196,0.9143571853637695
YLR222C,YIL022W,0,,0.09897476434707642,0.9990049600601196,0.9144572019577026
YLR175W,YOL148C,0,,0.09896500408649445,0.9990049600601196,0.9145572781562805
YGL179C,YOL060C,0,,0.09895525127649307,0.9990049600601196,0.9146573543548584
YJR078W,YKR100C,0,,0.0989454984664917,0.9990049600601196,0.9147573709487915
YNR057C,YPL209C,0,,0.09893575310707092,0.9990049600601196,0.9148574471473694
YCL036W,YGL194C,0,,0.09892600029706955,0.9990049600601196,0.9149574637413025
YLR034C,YLR164W,0,,0.09891625493764877,0.9990049600601196,0.9150575399398804
YPL242C,YBR278W,0,,0.098906509578228,0.9990049600601196,0.9151575565338135
YBR200W,YHR083W,0,,0.09889677166938782,0.9990049600601196,0.9152576327323914
YLR404W,YNR039C,0,,0.09888702630996704,0.9990049600601196,0.9153576493263245
YMR106C,YPL248C,0,,0.09887728840112686,0.9990049600601196,0.9154577255249023
YMR270C,YBR109C,0,,0.09886755049228668,0.9990049600601196,0.9155578017234802
YOL145C,YAR009C,0,,0.0988578200340271,0.9990049600601196,0.9156578183174133
YDR104C,YDR123C,0,,0.09884808212518692,0.9990049600601196,0.9157578945159912
YLR225C,YPR022C,0,,0.09883835166692734,0.9990049600601196,0.9158579111099243
YPL208W,YKL197C,0,,0.09882862120866776,0.9990049600601196,0.9159579873085022
YOR198C,YAL042W,0,,0.09881889820098877,0.9990049600601196,0.9160580039024353
YPR034W,YIL050W,0,,0.09880917519330978,0.9990049600601196,0.9161580801010132
YGR240C,YER019C-A,0,,0.0987994521856308,0.9990049600601196,0.9162581562995911
YGL226W,YOR079C,0,,0.09878972917795181,0.9990049600601196,0.9163581728935242
YKL103C,YPR004C,0,,0.09878000617027283,0.9990049600601196,0.916458249092102
YDR367W,YBR043C,0,,0.09877029061317444,0.9990049600601196,0.9165582656860352
YGR163W,YLR043C,0,,0.09876057505607605,0.9990049600601196,0.916658341884613
YBR086C,YEL020W-A,0,,0.09875085949897766,0.9990049600601196,0.9167583584785461
YBR130C,YMR079W,0,,0.09874115139245987,0.9990049600601196,0.916858434677124
YGR097W,YGR254W,0,,0.09873143583536148,0.9990049600601196,0.9169584512710571
YKR093W,YGR118W,0,,0.09872172772884369,0.9990049600601196,0.917058527469635
YJR050W,YOL066C,0,,0.0987120270729065,0.9990049600601196,0.9171586036682129
YDR451C,YMR065W,0,,0.0987023189663887,0.9990049600601196,0.917258620262146
YOR249C,YMR087W,0,,0.09869261831045151,0.9990049600601196,0.9173586964607239
YKL084W,YBR204C,0,,0.09868291765451431,0.9990049600601196,0.917458713054657
YPL100W,YJR026W,0,,0.09867321699857712,0.9990049600601196,0.9175587892532349
YDR316W-B,YBR195C,0,,0.09866352379322052,0.9990049600601196,0.917658805847168
YCL017C,YDR059C,0,,0.09865383058786392,0.9990049600601196,0.9177588820457458
YNL097C,YJL066C,0,,0.09864413738250732,0.9990049600601196,0.9178589582443237
YBR066C,YLR388W,0,,0.09863444417715073,0.9990049600601196,0.9179589748382568
YKL085W,YNR075W,0,,0.09862475097179413,0.9990049600601196,0.9180590510368347
YPR143W,YOR058C,0,,0.09861506521701813,0.9990049600601196,0.9181590676307678
YNL123W,YIL053W,0,,0.09860537946224213,0.9990049600601196,0.9182591438293457
YFR049W,YBR065C,0,,0.09859570115804672,0.9990049600601196,0.9183591604232788
YKL096W,YIL013C,0,,0.09858601540327072,0.9990049600601196,0.9184592366218567
YOR009W,YHL009W-A,0,,0.09857633709907532,0.9990049600601196,0.9185592532157898
YBR089C-A,YKR046C,0,,0.09856665879487991,0.9990049600601196,0.9186593294143677
YPR113W,YBR216C,0,,0.0985569879412651,0.9990049600601196,0.9187594056129456
YHR120W,YDR372C,0,,0.0985473096370697,0.9990049600601196,0.9188594222068787
YDR410C,YGR125W,0,,0.0985376387834549,0.9990049600601196,0.9189594984054565
YDR364C,YBL014C,0,,0.09852796792984009,0.9990049600601196,0.9190595149993896
YGR186W,YDL198C,0,,0.09851829707622528,0.9990049600601196,0.9191595911979675
YPL047W,YCL004W,0,,0.09850863367319107,0.9990049600601196,0.9192596077919006
YAL063C,YKL220C,0,,0.09849897027015686,0.9990049600601196,0.9193596839904785
YOR237W,YNL214W,0,,0.09848930686712265,0.9990049600601196,0.9194597005844116
YPR185W,YFR050C,0,,0.09847964346408844,0.9990049600601196,0.9195597767829895
YOR078W,YMR175W,0,,0.09846998751163483,0.9990049600601196,0.9196598529815674
YNL239W,YDR076W,0,,0.09846033155918121,0.9990049600601196,0.9197598695755005
YBR090C-A,YMR047C,0,,0.0984506756067276,0.9990049600601196,0.9198599457740784
YPL150W,YDR073W,0,,0.09844102710485458,0.9990049600601196,0.9199599623680115
YOR255W,YBR170C,0,,0.09843137115240097,0.9990049600601196,0.9200600385665894
YDL245C,YHR141C,0,,0.09842172265052795,0.9990049600601196,0.9201600551605225
YPL239W,YOL059W,0,,0.09841207414865494,0.9990049600601196,0.9202601313591003
YPL055C,YIL127C,0,,0.09840243309736252,0.9990049600601196,0.9203602075576782
YKR064W,YBL018C,0,,0.0983927845954895,0.9990049600601196,0.9204602241516113
YOR033C,YDL174C,0,,0.09838314354419708,0.9990049600601196,0.9205603003501892
YDR067C,YOR368W,0,,0.09837350249290466,0.9990049600601196,0.9206603169441223
YLR440C,YDR261C,0,,0.09836386889219284,0.9990049600601196,0.9207603931427002
YGR068C,YLR077W,0,,0.09835423529148102,0.9990049600601196,0.9208604097366333
YBR130C,YDR461W,0,,0.0983445942401886,0.9990049600601196,0.9209604859352112
YNL032W,YDR043C,0,,0.09833496809005737,0.9990049600601196,0.9210605025291443
YHR035W,YGR070W,0,,0.09832533448934555,0.9990049600601196,0.9211605787277222
YOR045W,YOL130W,0,,0.09831570833921432,0.9990049600601196,0.9212606549263
YDR348C,YFR045W,0,,0.0983060821890831,0.9990049600601196,0.9213606715202332
YBL085W,YNR067C,0,,0.09829645603895187,0.9990049600601196,0.921460747718811
YNR069C,YKL001C,0,,0.09828682988882065,0.9990049600601196,0.9215607643127441
YBL042C,YJL095W,0,,0.09827721118927002,0.9990049600601196,0.921660840511322
YAL007C,YAL060W,0,,0.09826759248971939,0.9990049600601196,0.9217608571052551
YHR185C,YDR268W,0,,0.09825797379016876,0.9990049600601196,0.921860933303833
YLR386W,YKL058W,0,,0.09824836254119873,0.9990049600601196,0.9219610095024109
YDR386W,YBR268W,0,,0.0982387438416481,0.9990049600601196,0.922061026096344
YFR021W,YDR375C,0,,0.09822913259267807,0.9990049600601196,0.9221611022949219
YGL212W,YPL058C,0,,0.09821952879428864,0.9990049600601196,0.922261118888855
YDR195W,YHR085W,0,,0.0982099175453186,0.9990049600601196,0.9223611950874329
YIL042C,YDR373W,0,,0.09820031374692917,0.9990049600601196,0.922461211681366
YEL012W,YOR118W,0,,0.09819070994853973,0.9990049600601196,0.9225612878799438
YDL213C,YLR131C,0,,0.0981811061501503,0.9990049600601196,0.922661304473877
YPR194C,YBR045C,0,,0.09817150980234146,0.9990049600601196,0.9227613806724548
YDR517W,YMR136W,0,,0.09816190600395203,0.9990049600601196,0.9228614568710327
YDR403W,YER145C,0,,0.09815230965614319,0.9990049600601196,0.9229614734649658
YER033C,YOR382W,0,,0.09814272075891495,0.9990049600601196,0.9230615496635437
YDR309C,YDR218C,0,,0.09813312441110611,0.9990049600601196,0.9231615662574768
YDR084C,YBR254C,0,,0.09812353551387787,0.9990049600601196,0.9232616424560547
YCL038C,YNL026W,0,,0.09811394661664963,0.9990049600601196,0.9233616590499878
YGR084C,YPL009C,0,,0.09810435771942139,0.9990049600601196,0.9234617352485657
YDR204W,YPL120W,0,,0.09809477627277374,0.9990049600601196,0.9235617518424988
YOR279C,YDL206W,0,,0.0980851873755455,0.9990049600601196,0.9236618280410767
YGR231C,YAR003W,0,,0.09807560592889786,0.9990049600601196,0.9237619042396545
YMR054W,YJL194W,0,,0.09806603193283081,0.9990049600601196,0.9238619208335876
YCR028C-A,YMR116C,0,,0.09805645048618317,0.9990049600601196,0.9239619970321655
YDR484W,YJL209W,0,,0.09804687649011612,0.9990049600601196,0.9240620136260986
YLR001C,YGL105W,0,,0.09803730249404907,0.9990049600601196,0.9241620898246765
YPL036W,YGL086W,0,,0.09802772849798203,0.9990049600601196,0.9242621064186096
YNL220W,YHL020C,0,,0.09801816195249557,0.9990049600601196,0.9243621826171875
YHR133C,YDR395W,0,,0.09800858795642853,0.9990049600601196,0.9244622588157654
YDR005C,YJL208C,0,,0.09799902141094208,0.9990049600601196,0.9245622754096985
YIL063C,YAR009C,0,,0.09798946231603622,0.9990049600601196,0.9246623516082764
YJL225C,YNL122C,0,,0.09797989577054977,0.9990049600601196,0.9247623682022095
YER108C,YMR074C,0,,0.09797033667564392,0.9990049600601196,0.9248624444007874
YNL025C,YHR072W-A,0,,0.09796077758073807,0.9990049600601196,0.9249624609947205
YHR002W,YLL066C,0,,0.09795121848583221,0.9990049600601196,0.9250625371932983
YBR018C,YGL207W,0,,0.09794166684150696,0.9990049600601196,0.9251625537872314
YER063W,YPL249C-A,0,,0.0979321077466011,0.9990049600601196,0.9252626299858093
YDR322C-A,YDR256C,0,,0.09792255610227585,0.9990049600601196,0.9253627061843872
YDR363W,YJR036C,0,,0.09791301190853119,0.9990049600601196,0.9254627227783203
YNL121C,YDR256C,0,,0.09790346026420593,0.9990049600601196,0.9255627989768982
YLR319C,YLR213C,0,,0.09789391607046127,0.9990049600601196,0.9256628155708313
YMR237W,YLR401C,0,,0.09788437187671661,0.9990049600601196,0.9257628917694092
YNL147W,YDR394W,0,,0.09787482768297195,0.9990049600601196,0.9258629083633423
YBR280C,YHR065C,0,,0.09786529093980789,0.9990049600601196,0.9259629845619202
YDL021W,YKL194C,0,,0.09785575419664383,0.9990049600601196,0.926063060760498
YDR205W,YDL240W,0,,0.09784621745347977,0.9990049600601196,0.9261630773544312
YLR404W,YFL050C,0,,0.0978366807103157,0.9990049600601196,0.926263153553009
YML102W,YJL083W,0,,0.09782714396715164,0.9990049600601196,0.9263631701469421
YIL064W,YDL197C,0,,0.09781761467456818,0.9990049600601196,0.92646324634552
YER011W,YHR062C,0,,0.09780808538198471,0.9990049600601196,0.9265632629394531
YBR211C,YBR195C,0,,0.09779855608940125,0.9990049600601196,0.926663339138031
YMR203W,YLL023C,0,,0.09778903424739838,0.9990049600601196,0.9267633557319641
YBR215W,YIL147C,0,,0.09777951240539551,0.9990049600601196,0.926863431930542
YCL011C,YGL160W,0,,0.09776999056339264,0.9990049600601196,0.9269635081291199
YOR045W,YIL167W,0,,0.09776046872138977,0.9990049600601196,0.927063524723053
YNR059W,YDR300C,0,,0.0977509468793869,0.9990049600601196,0.9271636009216309
YJL058C,YHR203C,0,,0.09774143248796463,0.9990049600601196,0.927263617515564
YJL012C,YLL043W,0,,0.09773191809654236,0.9990049600601196,0.9273636937141418
YOR142W,YOR118W,0,,0.09772240370512009,0.9990049600601196,0.927463710308075
YMR189W,YPL105C,0,,0.09771289676427841,0.9990049600601196,0.9275637865066528
YLR308W,YOR287C,0,,0.09770338982343674,0.9990049600601196,0.9276638031005859
YOR109W,YNL003C,0,,0.09769388288259506,0.9990049600601196,0.9277638792991638
YJL012C,YNL138W,0,,0.09768437594175339,0.9990049600601196,0.9278639554977417
YNL059C,YER081W,0,,0.09767486900091171,0.9990049600601196,0.9279639720916748
YCR071C,YIL019W,0,,0.09766536951065063,0.9990049600601196,0.9280640482902527
YPL212C,YMR301C,0,,0.09765587002038956,0.9990049600601196,0.9281640648841858
YHR143W-A,YLR347C,0,,0.09764637053012848,0.9990049600601196,0.9282641410827637
YGR209C,YMR014W,0,,0.097636878490448,0.9990049600601196,0.9283641576766968
YOR231W,YLL045C,0,,0.09762737900018692,0.9990049600601196,0.9284642338752747
YBR294W,YLR020C,0,,0.09761788696050644,0.9990049600601196,0.9285643100738525
YGR004W,YDL029W,0,,0.09760840237140656,0.9990049600601196,0.9286643266677856
YLR103C,YMR177W,0,,0.09759891033172607,0.9990049600601196,0.9287644028663635
YLR263W,YBR073W,0,,0.09758942574262619,0.9990049600601196,0.9288644194602966
YBR258C,YNL069C,0,,0.0975799411535263,0.9990049600601196,0.9289644956588745
YMR220W,YPR003C,0,,0.09757045656442642,0.9990049600601196,0.9290645122528076
YBR182C,YJL133C-A,0,,0.09756097197532654,0.9990049600601196,0.9291645884513855
YJR052W,YCL038C,0,,0.09755149483680725,0.9990049600601196,0.9292646050453186
YER124C,YML064C,0,,0.09754201769828796,0.9990049600601196,0.9293646812438965
YHR079C-B,YMR277W,0,,0.09753254055976868,0.9990049600601196,0.9294647574424744
YKR022C,YAR027W,0,,0.09752307087182999,0.9990049600601196,0.9295647740364075
YNL178W,YBR039W,0,,0.0975136011838913,0.9990049600601196,0.9296648502349854
YJR035W,YPL032C,0,,0.09750412404537201,0.9990049600601196,0.9297648668289185
YKL175W,YPR149W,0,,0.09749466180801392,0.9990049600601196,0.9298649430274963
YNL246W,YHR060W,0,,0.09748519212007523,0.9990049600601196,0.9299649596214294
YPL099C,YNL328C,0,,0.09747572988271713,0.9990049600601196,0.9300650358200073
YDL147W,YDL087C,0,,0.09746626764535904,0.9990049600601196,0.9301651120185852
YHR004C,YMR242C,0,,0.09745680540800095,0.9990049600601196,0.9302651286125183
YOL004W,YMR131C,0,,0.09744734317064285,0.9990049600601196,0.9303652048110962
YBR149W,YGL030W,0,,0.09743788838386536,0.9990049600601196,0.9304652214050293
YBR302C,YNL125C,0,,0.09742843359708786,0.9990049600601196,0.9305652976036072
YPL003W,YER109C,0,,0.09741897881031036,0.9990049600601196,0.9306653141975403
YNL239W,YDL243C,0,,0.09740952402353287,0.9990049600601196,0.9307653903961182
YLR372W,YHR202W,0,,0.09740007668733597,0.9990049600601196,0.9308654069900513
YDL035C,YMR159C,0,,0.09739062935113907,0.9990049600601196,0.9309654831886292
YHR039C,YGR271C-A,0,,0.09738118201494217,0.9990049600601196,0.931065559387207
YLR150W,YPL066W,0,,0.09737174212932587,0.9990049600601196,0.9311655759811401
YDL153C,YMR244C-A,0,,0.09736229479312897,0.9990049600601196,0.931265652179718
YBR191W,YOL041C,0,,0.09735285490751266,0.9990049600601196,0.9313656687736511
YHR133C,YLR026C,0,,0.09734341502189636,0.9990049600601196,0.931465744972229
YDR064W,YMR207C,0,,0.09733398258686066,0.9990049600601196,0.9315657615661621
YPR083W,YPR110C,0,,0.09732454270124435,0.9990049600601196,0.93166583776474
YNL050C,YJL096W,0,,0.09731511026620865,0.9990049600601196,0.9317658543586731
YFR053C,YDL170W,0,,0.09730567783117294,0.9990049600601196,0.931865930557251
YBR282W,YHR119W,0,,0.09729625284671783,0.9990049600601196,0.9319660067558289
YER129W,YAL051W,0,,0.09728682041168213,0.9990049600601196,0.932066023349762
YHR210C,YDR098C,0,,0.09727739542722702,0.9990049600601196,0.9321660995483398
YNL299W,YLR043C,0,,0.09726797044277191,0.9990049600601196,0.932266116142273
YLR058C,YNL037C,0,,0.0972585454583168,0.9990049600601196,0.9323661923408508
YNR075W,YCR008W,0,,0.09724912792444229,0.9990049600601196,0.9324662089347839
YER074W-A,YHR205W,0,,0.09723971039056778,0.9990049600601196,0.9325662851333618
YHR062C,YJR077C,0,,0.09723029285669327,0.9990049600601196,0.9326663613319397
YBL089W,YGR254W,0,,0.09722087532281876,0.9990049600601196,0.9327663779258728
YJL178C,YLR075W,0,,0.09721146523952484,0.9990049600601196,0.9328664541244507
YGL156W,YML058W-A,0,,0.09720205515623093,0.9990049600601196,0.9329664707183838
YHR018C,YGR072W,0,,0.09719264507293701,0.9990049600601196,0.9330665469169617
YOL040C,YHR124W,0,,0.0971832349896431,0.9990049600601196,0.9331665635108948
YGL029W,YEL009C,0,,0.09717383235692978,0.9990049600601196,0.9332666397094727
YDR322C-A,YMR295C,0,,0.09716442227363586,0.9990049600601196,0.9333666563034058
YPL124W,YKR013W,0,,0.09715501964092255,0.9990049600601196,0.9334667325019836
YGL005C,YDL018C,0,,0.09714562445878983,0.9990049600601196,0.9335668087005615
YBR282W,YGR118W,0,,0.09713622182607651,0.9990049600601196,0.9336668252944946
YGL259W,YMR048W,0,,0.09712682664394379,0.9990049600601196,0.9337669014930725
YPR125W,YNR046W,0,,0.09711743146181107,0.9990049600601196,0.9338669180870056
YHR005C,YOL101C,0,,0.09710803627967834,0.9990049600601196,0.9339669942855835
YMR123W,YFR024C-A,0,,0.09709864854812622,0.9990049600601196,0.9340670108795166
YOR190W,YGR207C,0,,0.0970892533659935,0.9990049600601196,0.9341670870780945
YBL063W,YER065C,0,,0.09707986563444138,0.9990049600601196,0.9342671632766724
YBR121C,YLR216C,0,,0.09707048535346985,0.9990049600601196,0.9343671798706055
YHL021C,YLR293C,0,,0.09706109762191772,0.9990049600601196,0.9344672560691833
YMR097C,YMR092C,0,,0.0970517173409462,0.9990049600601196,0.9345672726631165
YBL009W,YER015W,0,,0.09704233705997467,0.9990049600601196,0.9346673488616943
YPR133W-A,YMR112C,0,,0.09703295677900314,0.9990049600601196,0.9347673654556274
YML049C,YOR338W,0,,0.09702357649803162,0.9990049600601196,0.9348674416542053
YMR076C,YBR002C,0,,0.09701420366764069,0.9990049600601196,0.9349674582481384
YDL154W,YKL172W,0,,0.09700483083724976,0.9990049600601196,0.9350675344467163
YOR033C,YMR267W,0,,0.09699545800685883,0.9990049600601196,0.9351676106452942
YGR108W,YKR003W,0,,0.09698609262704849,0.9990049600601196,0.9352676272392273
YDR429C,YPL050C,0,,0.09697671979665756,0.9990049600601196,0.9353677034378052
YEL042W,YHR035W,0,,0.09696735441684723,0.9990049600601196,0.9354677200317383
YGL083W,YGR271C-A,0,,0.0969579890370369,0.9990049600601196,0.9355677962303162
YJL181W,YDL049C,0,,0.09694863110780716,0.9990049600601196,0.9356678128242493
YBR081C,YLR295C,0,,0.09693926572799683,0.9990049600601196,0.9357678890228271
YOR341W,YML101C,0,,0.09692990779876709,0.9990049600601196,0.9358679056167603
YLR319C,YOR009W,0,,0.09692054986953735,0.9990049600601196,0.9359679818153381
YAL063C,YGL068W,0,,0.09691119939088821,0.9990049600601196,0.936068058013916
YNL298W,YBR179C,0,,0.09690184146165848,0.9990049600601196,0.9361680746078491
YNL287W,YNL059C,0,,0.09689249098300934,0.9990049600601196,0.936268150806427
YKL094W,YCR012W,0,,0.0968831405043602,0.9990049600601196,0.9363681674003601
YMR315W,YFR009W,0,,0.09687379747629166,0.9990049600601196,0.936468243598938
YPL239W,YBR091C,0,,0.09686444699764252,0.9990049600601196,0.9365682601928711
YHL003C,YPL176C,0,,0.09685510396957397,0.9990049600601196,0.936668336391449
YBR168W,YNL006W,0,,0.09684576094150543,0.9990049600601196,0.9367684125900269
YIR031C,YBR276C,0,,0.09683641791343689,0.9990049600601196,0.93686842918396
YBR229C,YGL065C,0,,0.09682708233594894,0.9990049600601196,0.9369685053825378
YKL132C,YOR245C,0,,0.096817746758461,0.9990049600601196,0.937068521976471
YOR022C,YML076C,0,,0.09680841118097305,0.9990049600601196,0.9371685981750488
YGL068W,YDR127W,0,,0.09679907560348511,0.9990049600601196,0.9372686147689819
YGL012W,YDR500C,0,,0.09678974002599716,0.9990049600601196,0.9373686909675598
YLR429W,YLR460C,0,,0.09678041189908981,0.9990049600601196,0.9374687075614929
YGR209C,YBR234C,0,,0.09677108377218246,0.9990049600601196,0.9375687837600708
YDR182W,YDL159W,0,,0.09676175564527512,0.9990049600601196,0.9376688599586487
YER098W,YDL045W-A,0,,0.09675243496894836,0.9990049600601196,0.9377688765525818
YNL027W,YOR027W,0,,0.09674310684204102,0.9990049600601196,0.9378689527511597
YIL099W,YMR225C,0,,0.09673378616571426,0.9990049600601196,0.9379689693450928
YDR164C,YGL005C,0,,0.09672447293996811,0.9990049600601196,0.9380690455436707
YNL264C,YNL328C,0,,0.09671515226364136,0.9990049600601196,0.9381690621376038
YNL232W,YOR316C,0,,0.0967058390378952,0.9990049600601196,0.9382691383361816
YGL145W,YNL329C,0,,0.09669652581214905,0.9990049600601196,0.9383691549301147
YLR330W,YDR323C,0,,0.0966872125864029,0.9990049600601196,0.9384692311286926
YDR195W,YDR144C,0,,0.09667789936065674,0.9990049600601196,0.9385693073272705
YHR156C,YNR052C,0,,0.09666859358549118,0.9990049600601196,0.9386693239212036
YGR163W,YLR093C,0,,0.09665928781032562,0.9990049600601196,0.9387694001197815
YER087C-B,YOL084W,0,,0.09664998203516006,0.9990049600601196,0.9388694167137146
YER019C-A,YPL164C,0,,0.0966406762599945,0.9990049600601196,0.9389694929122925
YAL060W,YLR410W,0,,0.09663137793540955,0.9990049600601196,0.9390695095062256
YLR167W,YNL173C,0,,0.09662207961082458,0.9990049600601196,0.9391695857048035
YOL075C,YDL222C,0,,0.09661278128623962,0.9990049600601196,0.9392696619033813
YGR181W,YKR049C,0,,0.09660348296165466,0.9990049600601196,0.9393696784973145
YGR285C,YFL014W,0,,0.0965941920876503,0.9990049600601196,0.9394697546958923
YHR166C,YCL064C,0,,0.09658489376306534,0.9990049600601196,0.9395697712898254
YKL045W,YNL192W,0,,0.09657560288906097,0.9990049600601196,0.9396698474884033
YBR010W,YLR314C,0,,0.09656631946563721,0.9990049600601196,0.9397698640823364
YJR112W,YML038C,0,,0.09655702859163284,0.9990049600601196,0.9398699402809143
YLR425W,YGL243W,0,,0.09654774516820908,0.9990049600601196,0.9399699568748474
YBR043C,YLR315W,0,,0.09653846174478531,0.9990049600601196,0.9400700330734253
YOR231W,YKL022C,0,,0.09652917832136154,0.9990049600601196,0.9401701092720032
YMR242C,YOL052C-A,0,,0.09651990234851837,0.9990049600601196,0.9402701258659363
YDR471W,YNL257C,0,,0.0965106189250946,0.9990049600601196,0.9403702020645142
YGR092W,YEL052W,0,,0.09650134295225143,0.9990049600601196,0.9404702186584473
YKL071W,YLR033W,0,,0.09649207442998886,0.9990049600601196,0.9405702948570251
YIL096C,YKL129C,0,,0.09648279845714569,0.9990049600601196,0.9406703114509583
YHR200W,YNL053W,0,,0.09647352993488312,0.9990049600601196,0.9407703876495361
YMR192W,YPL228W,0,,0.09646426141262054,0.9990049600601196,0.940870463848114
YOR258W,YIL091C,0,,0.09645499289035797,0.9990049600601196,0.9409704804420471
YMR277W,YLR039C,0,,0.0964457243680954,0.9990049600601196,0.941070556640625
YOR064C,YER137C-A,0,,0.09643646329641342,0.9990049600601196,0.9411705732345581
YDR339C,YPR018W,0,,0.09642720222473145,0.9990049600601196,0.941270649433136
YJL144W,YAR071W,0,,0.09641794115304947,0.9990049600601196,0.9413706660270691
YHR063C,YNL154C,0,,0.09640868008136749,0.9990049600601196,0.941470742225647
YKR042W,YJL139C,0,,0.09639942646026611,0.9990049600601196,0.9415707588195801
YIL076W,YLR051C,0,,0.09639016538858414,0.9990049600601196,0.941670835018158
YGL116W,YOL086C,0,,0.09638091921806335,0.9990049600601196,0.9417709112167358
YNL118C,YLR019W,0,,0.09637166559696198,0.9990049600601196,0.941870927810669
YNR074C,YML038C,0,,0.0963624119758606,0.9990049600601196,0.9419710040092468
YNL254C,YOR343C-B,0,,0.09635316580533981,0.9990049600601196,0.9420710206031799
YOL124C,YFR053C,0,,0.09634391963481903,0.9990049600601196,0.9421710968017578
YPR082C,YNL175C,0,,0.09633467346429825,0.9990049600601196,0.9422711133956909
YNR033W,YDR308C,0,,0.09632543474435806,0.9990049600601196,0.9423711895942688
YOR148C,YNL315C,0,,0.09631619602441788,0.9990049600601196,0.9424712061882019
YDR415C,YBR004C,0,,0.09630695730447769,0.9990049600601196,0.9425712823867798
YJL014W,YNL236W,0,,0.0962977185845375,0.9990049600601196,0.9426713585853577
YOR144C,YCR083W,0,,0.09628847986459732,0.9990049600601196,0.9427713751792908
YEL039C,YJL095W,0,,0.09627924859523773,0.9990049600601196,0.9428714513778687
YOR178C,YDR261W-A,0,,0.09627001732587814,0.9990049600601196,0.9429714679718018
YLR145W,YLL042C,0,,0.09626078605651855,0.9990049600601196,0.9430715441703796
YHR079C-A,YLR054C,0,,0.09625155478715897,0.9990049600601196,0.9431715607643127
YDR416W,YLR081W,0,,0.09624233096837997,0.9990049600601196,0.9432716369628906
YNL044W,YKL206C,0,,0.09623310714960098,0.9990049600601196,0.9433717131614685
YKR067W,YJR046W,0,,0.09622388333082199,0.9990049600601196,0.9434717297554016
YLR102C,YDL174C,0,,0.096214659512043,0.9990049600601196,0.9435718059539795
YMR318C,YCL019W,0,,0.0962054431438446,0.9990049600601196,0.9436718225479126
YPL040C,YHR098C,0,,0.09619622677564621,0.9990049600601196,0.9437718987464905
YAL040C,YOR081C,0,,0.09618701040744781,0.9990049600601196,0.9438719153404236
YFL054C,YBR276C,0,,0.09617779403924942,0.9990049600601196,0.9439719915390015
YER063W,YKR018C,0,,0.09616858512163162,0.9990049600601196,0.9440720081329346
YNL230C,YPR002W,0,,0.09615936875343323,0.9990049600601196,0.9441720843315125
YEL022W,YGR038C-B,0,,0.09615015983581543,0.9990049600601196,0.9442721605300903
YBL098W,YER125W,0,,0.09614095836877823,0.9990049600601196,0.9443721771240234
YMR072W,YNL118C,0,,0.09613174945116043,0.9990049600601196,0.9444722533226013
YKL161C,YIL036W,0,,0.09612254798412323,0.9990049600601196,0.9445722699165344
YPL007C,YER050C,0,,0.09611334651708603,0.9990049600601196,0.9446723461151123
YOR275C,YFL045C,0,,0.09610414505004883,0.9990049600601196,0.9447723627090454
YGL020C,YDR261C,0,,0.09609494358301163,0.9990049600601196,0.9448724389076233
YJL187C,YMR177W,0,,0.09608574956655502,0.9990049600601196,0.9449725151062012
YML078W,YOR204W,0,,0.09607655555009842,0.9990049600601196,0.9450725317001343
YFR029W,YPL118W,0,,0.09606736153364182,0.9990049600601196,0.9451726078987122
YPL112C,YJR010W,0,,0.09605816751718521,0.9990049600601196,0.9452726244926453
YLR284C,YLR332W,0,,0.0960489809513092,0.9990049600601196,0.9453727006912231
YMR242C,YIL122W,0,,0.0960397943854332,0.9990049600601196,0.9454727172851562
YNL284C-B,YLR295C,0,,0.09603060781955719,0.9990049600601196,0.9455727934837341
YBL008W,YJR002W,0,,0.09602142125368118,0.9990049600601196,0.9456728100776672
YML055W,YOR088W,0,,0.09601224213838577,0.9990049600601196,0.9457728862762451
YOR212W,YER104W,0,,0.09600306302309036,0.9990049600601196,0.945872962474823
YOR126C,YDR007W,0,,0.09599388390779495,0.9990049600601196,0.9459729790687561
YBL100W-A,YDR244W,0,,0.09598470479249954,0.9990049600601196,0.946073055267334
YMR046C,YJL179W,0,,0.09597552567720413,0.9990049600601196,0.9461730718612671
YOL154W,YGR260W,0,,0.09596635401248932,0.9990049600601196,0.946273148059845
YJL183W,YPL127C,0,,0.0959571823477745,0.9990049600601196,0.9463731646537781
YIL142W,YLR225C,0,,0.09594801068305969,0.9990049600601196,0.946473240852356
YBR133C,YLR026C,0,,0.09593884646892548,0.9990049600601196,0.9465732574462891
YBR045C,YDR497C,0,,0.09592967480421066,0.9990049600601196,0.9466733336448669
YOR214C,YNL156C,0,,0.09592051059007645,0.9990049600601196,0.9467734098434448
YBL005W,YER093C,0,,0.09591134637594223,0.9990049600601196,0.9468734264373779
YDL092W,YMR214W,0,,0.09590218961238861,0.9990049600601196,0.9469735026359558
YNL130C,YKL012W,0,,0.0958930253982544,0.9990049600601196,0.9470735192298889
YLR244C,YDR083W,0,,0.09588386863470078,0.9990049600601196,0.9471735954284668
YAL054C,YEL020W-A,0,,0.09587471187114716,0.9990049600601196,0.9472736120223999
YHR059W,YJL208C,0,,0.09586556255817413,0.9990049600601196,0.9473736882209778
YFL038C,YEL003W,0,,0.09585640579462051,0.9990049600601196,0.9474737644195557
YNL016W,YIL121W,0,,0.09584725648164749,0.9990049600601196,0.9475737810134888
YDR276C,YML028W,0,,0.09583810716867447,0.9990049600601196,0.9476738572120667
YMR183C,YPL057C,0,,0.09582895785570145,0.9990049600601196,0.9477738738059998
YMR044W,YFR030W,0,,0.09581981599330902,0.9990049600601196,0.9478739500045776
YJL204C,YJR102C,0,,0.095810666680336,0.9990049600601196,0.9479739665985107
YML092C,YPR124W,0,,0.09580152481794357,0.9990049600601196,0.9480740427970886
YER139C,YMR079W,0,,0.09579238295555115,0.9990049600601196,0.9481740593910217
YLR359W,YPR158C-C,0,,0.09578324854373932,0.9990049600601196,0.9482741355895996
YKR101W,YOR343C-B,0,,0.09577411413192749,0.9990049600601196,0.9483742117881775
YAR033W,YKR089C,0,,0.09576497226953506,0.9990049600601196,0.9484742283821106
YGR033C,YER035W,0,,0.09575584530830383,0.9990049600601196,0.9485743045806885
YGL064C,YBR100W,0,,0.095746710896492,0.9990049600601196,0.9486743211746216
YJR046W,YAL059W,0,,0.09573757648468018,0.9990049600601196,0.9487743973731995
YOR033C,YMR220W,0,,0.09572844952344894,0.9990049600601196,0.9488744139671326
YBR154C,YER056C,0,,0.09571932256221771,0.9990049600601196,0.9489744901657104
YOL032W,YCL057W,0,,0.09571020305156708,0.9990049600601196,0.9490745663642883
YOR383C,YIR019C,0,,0.09570107609033585,0.9990049600601196,0.9491745829582214
YIL040W,YDR316W,0,,0.09569195657968521,0.9990049600601196,0.9492746591567993
YGR032W,YDR281C,0,,0.09568283706903458,0.9990049600601196,0.9493746757507324
YCR045C,YER143W,0,,0.09567371755838394,0.9990049600601196,0.9494747519493103
YLR033W,YPL254W,0,,0.0956646054983139,0.9990049600601196,0.9495747685432434
YGR031C-A,YLR270W,0,,0.09565548598766327,0.9990049600601196,0.9496748447418213
YOR193W,YCR102C,0,,0.09564637392759323,0.9990049600601196,0.9497748613357544
YMR230W,YDL178W,0,,0.0956372618675232,0.9990049600601196,0.9498749375343323
YPR105C,YBR019C,0,,0.09562815725803375,0.9990049600601196,0.9499750137329102
YER143W,YFL048C,0,,0.09561904519796371,0.9990049600601196,0.9500750303268433
YMR179W,YCR065W,0,,0.09560994058847427,0.9990049600601196,0.9501751065254211
YNL085W,YPL099C,0,,0.09560083597898483,0.9990049600601196,0.9502751231193542
YOL088C,YOR293W,0,,0.09559173882007599,0.9990049600601196,0.9503751993179321
YOL094C,YJL171C,0,,0.09558263421058655,0.9990049600601196,0.9504752159118652
YKL190W,YIL037C,0,,0.0955735370516777,0.9990049600601196,0.9505752921104431
YGL170C,YHR187W,0,,0.09556443989276886,0.9990049600601196,0.9506753087043762
YLR363C,YLR227W-B,0,,0.09555534273386002,0.9990049600601196,0.9507753849029541
YDL074C,YKL149C,0,,0.09554625302553177,0.9990049600601196,0.950875461101532
YMR241W,YER145C,0,,0.09553715586662292,0.9990049600601196,0.9509754776954651
YGR165W,YMR183C,0,,0.09552806615829468,0.9990049600601196,0.951075553894043
YNL056W,YDR378C,0,,0.09551897644996643,0.9990049600601196,0.9511755704879761
YPR154W,YDR097C,0,,0.09550989419221878,0.9990049600601196,0.951275646686554
YKR006C,YOR261C,0,,0.09550081193447113,0.9990049600601196,0.9513756632804871
YKL211C,YHL038C,0,,0.09549172222614288,0.9990049600601196,0.9514757394790649
YNL326C,YDR227W,0,,0.09548264741897583,0.9990049600601196,0.9515758156776428
YDR171W,YER190W,0,,0.09547356516122818,0.9990049600601196,0.9516758322715759
YJL082W,YLR227W-B,0,,0.09546448290348053,0.9990049600601196,0.9517759084701538
YKL167C,YDR411C,0,,0.09545540809631348,0.9990049600601196,0.9518759250640869
YMR244C-A,YPL161C,0,,0.09544633328914642,0.9990049600601196,0.9519760012626648
YGR278W,YLL002W,0,,0.09543726593255997,0.9990049600601196,0.9520760178565979
YJL034W,YBL091C,0,,0.09542819112539291,0.9990049600601196,0.9521760940551758
YNL099C,YOL062C,0,,0.09541912376880646,0.9990049600601196,0.9522761106491089
YJL183W,YGL068W,0,,0.09541005641222,0.9990049600601196,0.9523761868476868
YLR167W,YCR035C,0,,0.09540098905563354,0.9990049600601196,0.9524762630462646
YKL148C,YLR388W,0,,0.09539192169904709,0.9990049600601196,0.9525762796401978
YHR176W,YKR099W,0,,0.09538286179304123,0.9990049600601196,0.9526763558387756
YOR178C,YMR013C,0,,0.09537380188703537,0.9990049600601196,0.9527763724327087
YDR427W,YPL104W,0,,0.09536474198102951,0.9990049600601196,0.9528764486312866
YBR139W,YMR008C,0,,0.09535568207502365,0.9990049600601196,0.9529764652252197
YIL037C,YMR083W,0,,0.09534662961959839,0.9990049600601196,0.9530765414237976
YLR059C,YPL259C,0,,0.09533757716417313,0.9990049600601196,0.9531766176223755
YOL057W,YLR256W-A,0,,0.09532852470874786,0.9990049600601196,0.9532766342163086
YLR069C,YKL033W,0,,0.0953194722533226,0.9990049600601196,0.9533767104148865
YMR015C,YMR251W-A,0,,0.09531041979789734,0.9990049600601196,0.9534767270088196
YFR025C,YOL129W,0,,0.09530137479305267,0.9990049600601196,0.9535768032073975
YDR108W,YJR083C,0,,0.09529232978820801,0.9990049600601196,0.9536768198013306
YFR027W,YOL165C,0,,0.09528328478336334,0.9990049600601196,0.9537768959999084
YIR011C,YDR190C,0,,0.09527424722909927,0.9990049600601196,0.9538769125938416
YLR278C,YDR145W,0,,0.09526520222425461,0.9990049600601196,0.9539769887924194
YBR272C,YNL175C,0,,0.09525616466999054,0.9990049600601196,0.9540770649909973
YDL106C,YJR131W,0,,0.09524712711572647,0.9990049600601196,0.9541770815849304
YPL235W,YPR080W,0,,0.095238097012043,0.9990049600601196,0.9542771577835083
YOR353C,YFR045W,0,,0.09522905945777893,0.9990049600601196,0.9543771743774414
YNL178W,YNR067C,0,,0.09522002935409546,0.9990049600601196,0.9544772505760193
YER019W,YGR271C-A,0,,0.09521099925041199,0.9990049600601196,0.9545772671699524
YPR018W,YDR153C,0,,0.09520196914672852,0.9990049600601196,0.9546773433685303
YAL032C,YNL016W,0,,0.09519294649362564,0.9990049600601196,0.9547773599624634
YOL055C,YOL132W,0,,0.09518392384052277,0.9990049600601196,0.9548774361610413
YHL021C,YBR257W,0,,0.09517490118741989,0.9990049600601196,0.9549775123596191
YOR038C,YOR049C,0,,0.09516587853431702,0.9990049600601196,0.9550775289535522
YBL063W,YFL010W-A,0,,0.09515685588121414,0.9990049600601196,0.9551776051521301
YNL263C,YER139C,0,,0.09514784067869186,0.9990049600601196,0.9552776217460632
YER019W,YEL011W,0,,0.09513882547616959,0.9990049600601196,0.9553776979446411
YDL154W,YOL041C,0,,0.09512981027364731,0.9990049600601196,0.9554777145385742
YKR083C,YDL078C,0,,0.09512079507112503,0.9990049600601196,0.9555777907371521
YKL137W,YPL234C,0,,0.09511178731918335,0.9990049600601196,0.95567786693573
YCR021C,YHR205W,0,,0.09510277211666107,0.9990049600601196,0.9557778835296631
YFR009W,YHR193C,0,,0.09509376436471939,0.9990049600601196,0.955877959728241
YML008C,YKR099C-A,0,,0.0950847640633583,0.9990049600601196,0.9559779763221741
YDR261C-D,YLR292C,0,,0.09507575631141663,0.9990049600601196,0.956078052520752
YPL069C,YBL028C,0,,0.09506675601005554,0.9990049600601196,0.9561780691146851
YML045W,YLR260W,0,,0.09505775570869446,0.9990049600601196,0.9562781453132629
YNL231C,YGR207C,0,,0.09504875540733337,0.9990049600601196,0.956378161907196
YNL236W,YMR097C,0,,0.09503975510597229,0.9990049600601196,0.9564782381057739
YML004C,YMR024W,0,,0.0950307622551918,0.9990049600601196,0.9565783143043518
YOR209C,YPL133C,0,,0.09502176940441132,0.9990049600601196,0.9566783308982849
YOR283W,YBR046C,0,,0.09501277655363083,0.9990049600601196,0.9567784070968628
YNL304W,YBR104W,0,,0.09500378370285034,0.9990049600601196,0.9568784236907959
YHL003C,YGL077C,0,,0.09499479830265045,0.9990049600601196,0.9569784998893738
YGR113W,YKL157W,0,,0.09498580545186996,0.9990049600601196,0.9570785164833069
YDL074C,YHR080C,0,,0.09497682005167007,0.9990049600601196,0.9571785926818848
YDL147W,YIR039C,0,,0.09496784210205078,0.9990049600601196,0.9572786688804626
YDL035C,YGL195W,0,,0.09495885670185089,0.9990049600601196,0.9573786854743958
YOR091W,YPL053C,0,,0.0949498787522316,0.9990049600601196,0.9574787616729736
YAL054C,YPL069C,0,,0.0949409008026123,0.9990049600601196,0.9575787782669067
YNL031C,YER081W,0,,0.09493192285299301,0.9990049600601196,0.9576788544654846
YLR190W,YGR109W-A,0,,0.09492294490337372,0.9990049600601196,0.9577788710594177
YDR014W-A,YCL030C,0,,0.09491397440433502,0.9990049600601196,0.9578789472579956
YBR109C,YDR179C,0,,0.09490500390529633,0.9990049600601196,0.9579789638519287
YGL097W,YLR088W,0,,0.09489603340625763,0.9990049600601196,0.9580790400505066
YLR157C-A,YNL335W,0,,0.09488706290721893,0.9990049600601196,0.9581791162490845
YOR283W,YMR035W,0,,0.09487809240818024,0.9990049600601196,0.9582791328430176
YDR190C,YOL061W,0,,0.09486912935972214,0.9990049600601196,0.9583792090415955
YOL075C,YAR071W,0,,0.09486016631126404,0.9990049600601196,0.9584792256355286
YPL190C,YLR452C,0,,0.09485120326280594,0.9990049600601196,0.9585793018341064
YMR286W,YGL245W,0,,0.09484224766492844,0.9990049600601196,0.9586793184280396
YJL047C,YIR028W,0,,0.09483328461647034,0.9990049600601196,0.9587793946266174
YEL056W,YKL149C,0,,0.09482432901859283,0.9990049600601196,0.9588794112205505
YOR258W,YKL193C,0,,0.09481537342071533,0.9990049600601196,0.9589794874191284
YKL117W,YER101C,0,,0.09480641782283783,0.9990049600601196,0.9590795636177063
YMR266W,YBR127C,0,,0.09479746967554092,0.9990049600601196,0.9591795802116394
YER016W,YGR266W,0,,0.09478852152824402,0.9990049600601196,0.9592796564102173
YGR004W,YPR002W,0,,0.09477957338094711,0.9990049600601196,0.9593796730041504
YHR005C,YPR121W,0,,0.09477062523365021,0.9990049600601196,0.9594797492027283
YNL024C,YBR131W,0,,0.0947616770863533,0.9990049600601196,0.9595797657966614
YPL270W,YDR229W,0,,0.094752736389637,0.9990049600601196,0.9596798419952393
YLR190W,YPR035W,0,,0.09474379569292068,0.9990049600601196,0.9597799181938171
YLR163C,YLR175W,0,,0.09473485499620438,0.9990049600601196,0.9598799347877502
YGL002W,YPL132W,0,,0.09472591429948807,0.9990049600601196,0.9599800109863281
YIL056W,YDL076C,0,,0.09471698105335236,0.9990049600601196,0.9600800275802612
YGR193C,YBL113C,0,,0.09470804780721664,0.9990049600601196,0.9601801037788391
YPL002C,YKR025W,0,,0.09469911456108093,0.9990049600601196,0.9602801203727722
YPL055C,YGL186C,0,,0.09469018131494522,0.9990049600601196,0.9603801965713501
YOR275C,YOL011W,0,,0.0946812555193901,0.9990049600601196,0.9604802131652832
YPR055W,YKL139W,0,,0.0946723222732544,0.9990049600601196,0.9605802893638611
YOL151W,YGL051W,0,,0.09466339647769928,0.9990049600601196,0.960680365562439
YKL130C,YPL270W,0,,0.09465447068214417,0.9990049600601196,0.9607803821563721
YPR003C,YFR024C-A,0,,0.09464555233716965,0.9990049600601196,0.96088045835495
YDL179W,YBL051C,0,,0.09463662654161453,0.9990049600601196,0.9609804749488831
YKR086W,YDR009W,0,,0.09462770819664001,0.9990049600601196,0.9610805511474609
YOL084W,YIL121W,0,,0.0946187898516655,0.9990049600601196,0.961180567741394
YOR025W,YGR017W,0,,0.09460987895727158,0.9990049600601196,0.9612806439399719
YBR167C,YBR014C,0,,0.09460096061229706,0.9990049600601196,0.9613807201385498
YIL131C,YDR009W,0,,0.09459204971790314,0.9990049600601196,0.9614807367324829
YKR026C,YDL107W,0,,0.09458313882350922,0.9990049600601196,0.9615808129310608
YML062C,YPL011C,0,,0.0945742279291153,0.9990049600601196,0.9616808295249939
YFL045C,YIL142W,0,,0.09456531703472137,0.9990049600601196,0.9617809057235718
YJR026W,YJL012C,0,,0.09455641359090805,0.9990049600601196,0.9618809223175049
YGL107C,YKL124W,0,,0.09454751014709473,0.9990049600601196,0.9619809985160828
YMR199W,YGL201C,0,,0.0945386067032814,0.9990049600601196,0.9620810151100159
YPL087W,YBR146W,0,,0.09452970325946808,0.9990049600601196,0.9621810913085938
YNL084C,YPL006W,0,,0.09452080726623535,0.9990049600601196,0.9622811675071716
YER119C,YIL080W,0,,0.09451191127300262,0.9990049600601196,0.9623811841011047
YDR352W,YHR104W,0,,0.0945030152797699,0.9990049600601196,0.9624812602996826
YNR059W,YOR017W,0,,0.09449411928653717,0.9990049600601196,0.9625812768936157
YKL132C,YDR476C,0,,0.09448522329330444,0.9990049600601196,0.9626813530921936
YOR323C,YER109C,0,,0.09447633475065231,0.9990049600601196,0.9627813696861267
YIL096C,YJR056C,0,,0.09446744620800018,0.9990049600601196,0.9628814458847046
YKL203C,YDR451C,0,,0.09445855766534805,0.9990049600601196,0.9629814624786377
YMR260C,YDL230W,0,,0.09444966912269592,0.9990049600601196,0.9630815386772156
YGL047W,YDL049C,0,,0.09444078803062439,0.9990049600601196,0.9631816148757935
YGL183C,YOR343W-B,0,,0.09443190693855286,0.9990049600601196,0.9632816314697266
YNR067C,YDR488C,0,,0.09442302584648132,0.9990049600601196,0.9633817076683044
YCR070W,YJR149W,0,,0.09441414475440979,0.9990049600601196,0.9634817242622375
YFL002C,YGL083W,0,,0.09440526366233826,0.9990049600601196,0.9635818004608154
YPR169W,YIL131C,0,,0.09439639002084732,0.9990049600601196,0.9636818170547485
YPL096W,YDL191W,0,,0.09438751637935638,0.9990049600601196,0.9637818932533264
YNL083W,YMR216C,0,,0.09437864273786545,0.9990049600601196,0.9638819694519043
YHR094C,YLR229C,0,,0.09436976909637451,0.9990049600601196,0.9639819860458374
YLR435W,YBR141C,0,,0.09436090290546417,0.9990049600601196,0.9640820622444153
YLR262C,YDR385W,0,,0.09435203671455383,0.9990049600601196,0.9641820788383484
YJR149W,YJR007W,0,,0.0943431705236435,0.9990049600601196,0.9642821550369263
YCR073C,YLR401C,0,,0.09433430433273315,0.9990049600601196,0.9643821716308594
YEL051W,YHR039C,0,,0.09432543814182281,0.9990049600601196,0.9644822478294373
YER142C,YNR019W,0,,0.09431657940149307,0.9990049600601196,0.9645822644233704
YNL254C,YNL256W,0,,0.09430772066116333,0.9990049600601196,0.9646823406219482
YFL003C,YAR035W,0,,0.09429886192083359,0.9990049600601196,0.9647824168205261
YMR276W,YDR449C,0,,0.09429001063108444,0.9990049600601196,0.9648824334144592
YGL050W,YPR080W,0,,0.0942811518907547,0.9990049600601196,0.9649825096130371
YGR108W,YBR068C,0,,0.09427230060100555,0.9990049600601196,0.9650825262069702
YDR309C,YLR362W,0,,0.09426344931125641,0.9990049600601196,0.9651826024055481
YKL045W,YNL304W,0,,0.09425459802150726,0.9990049600601196,0.9652826189994812
YBR039W,YPR004C,0,,0.09424575418233871,0.9990049600601196,0.9653826951980591
YDR404C,YLR435W,0,,0.09423690289258957,0.9990049600601196,0.9654827117919922
YOL023W,YDR411C,0,,0.09422805905342102,0.9990049600601196,0.9655827879905701
YPL203W,YBL007C,0,,0.09421922266483307,0.9990049600601196,0.965682864189148
YJL114W,YPR191W,0,,0.09421037882566452,0.9990049600601196,0.965782880783081
YHR051W,YPL268W,0,,0.09420154243707657,0.9990049600601196,0.9658829569816589
YPL254W,YOR079C,0,,0.09419269859790802,0.9990049600601196,0.965982973575592
YHL007C,YOL135C,0,,0.09418386220932007,0.9990049600601196,0.9660830497741699
YLR033W,YLR190W,0,,0.09417503327131271,0.9990049600601196,0.966183066368103
YER137C,YOL052C-A,0,,0.09416619688272476,0.9990049600601196,0.9662831425666809
YKL099C,YOR026W,0,,0.09415736794471741,0.9990049600601196,0.9663832187652588
YNL076W,YNL054W,0,,0.09414853900671005,0.9990049600601196,0.9664832353591919
YCR063W,YNL284C,0,,0.0941397100687027,0.9990049600601196,0.9665833115577698
YPL151C,YPL122C,0,,0.09413088113069534,0.9990049600601196,0.9666833281517029
YKL012W,YDR180W,0,,0.09412205964326859,0.9990049600601196,0.9667834043502808
YOR132W,YER015W,0,,0.09411323815584183,0.9990049600601196,0.9668834209442139
YOL001W,YJL167W,0,,0.09410441666841507,0.9990049600601196,0.9669834971427917
YER123W,YKL150W,0,,0.09409559518098831,0.9990049600601196,0.9670835137367249
YFR036W,YDR210W-A,0,,0.09408677369356155,0.9990049600601196,0.9671835899353027
YGL068W,YOR168W,0,,0.0940779596567154,0.9990049600601196,0.9672836661338806
YOL032W,YML010W,0,,0.09406914561986923,0.9990049600601196,0.9673836827278137
YBR085W,YMR267W,0,,0.09406033158302307,0.9990049600601196,0.9674837589263916
YGR206W,YOR187W,0,,0.09405152499675751,0.9990049600601196,0.9675837755203247
YBR106W,YLL054C,0,,0.09404271095991135,0.9990049600601196,0.9676838517189026
YLR409C,YGR172C,0,,0.09403390437364578,0.9990049600601196,0.9677838683128357
YBL113C,YIL114C,0,,0.09402509778738022,0.9990049600601196,0.9678839445114136
YBL068W,YDR488C,0,,0.09401629120111465,0.9990049600601196,0.9679840207099915
YER026C,YMR116C,0,,0.09400749206542969,0.9990049600601196,0.9680840373039246
YKL065C,YDL243C,0,,0.09399869292974472,0.9990049600601196,0.9681841135025024
YHL035C,YGL246C,0,,0.09398988634347916,0.9990049600601196,0.9682841300964355
YJL196C,YJR129C,0,,0.09398109465837479,0.9990049600601196,0.9683842062950134
YFR004W,YPL002C,0,,0.09397229552268982,0.9990049600601196,0.9684842228889465
YLR128W,YMR291W,0,,0.09396350383758545,0.9990049600601196,0.9685842990875244
YML051W,YER060W,0,,0.09395470470190048,0.9990049600601196,0.9686843156814575
YBL025W,YPL082C,0,,0.09394591301679611,0.9990049600601196,0.9687843918800354
YGR231C,YDR119W,0,,0.09393712878227234,0.9990049600601196,0.9688844680786133
YJR113C,YCL034W,0,,0.09392833709716797,0.9990049600601196,0.9689844846725464
YGL189C,YOR198C,0,,0.0939195528626442,0.9990049600601196,0.9690845608711243
YNR024W,YOR172W,0,,0.09391076862812042,0.9990049600601196,0.9691845774650574
YJR103W,YGL115W,0,,0.09390198439359665,0.9990049600601196,0.9692846536636353
YLR372W,YCL039W,0,,0.09389320015907288,0.9990049600601196,0.9693846702575684
YAL063C,YHR196W,0,,0.0938844233751297,0.9990049600601196,0.9694847464561462
YDL201W,YBR274W,0,,0.09387563914060593,0.9990049600601196,0.9695847630500793
YHL009W-A,YHL031C,0,,0.09386686980724335,0.9990049600601196,0.9696848392486572
YPL036W,YOL034W,0,,0.09385809302330017,0.9990049600601196,0.9697849154472351
YJL209W,YGL093W,0,,0.093849316239357,0.9990049600601196,0.9698849320411682
YCL074W,YGL236C,0,,0.09384054690599442,0.9990049600601196,0.9699850082397461
YDL015C,YOR336W,0,,0.09383177757263184,0.9990049600601196,0.9700850248336792
YLR393W,YML071C,0,,0.09382300823926926,0.9990049600601196,0.9701851010322571
YDR151C,YPL147W,0,,0.09381423890590668,0.9990049600601196,0.9702851176261902
YMR105C,YGR148C,0,,0.0938054770231247,0.9990049600601196,0.9703851938247681
YBR234C,YLR129W,0,,0.09379671514034271,0.9990049600601196,0.970485270023346
YKL190W,YFL055W,0,,0.09378795325756073,0.9990049600601196,0.970585286617279
YNL025C,YIR032C,0,,0.09377919137477875,0.9990049600601196,0.9706853628158569
YBR170C,YKL014C,0,,0.09377042949199677,0.9990049600601196,0.97078537940979
YLR205C,YHR012W,0,,0.09376167505979538,0.9990049600601196,0.9708854556083679
YMR087W,YLR157C,0,,0.093752920627594,0.9990049600601196,0.970985472202301
YPR094W,YMR065W,0,,0.09374416619539261,0.9990049600601196,0.9710855484008789
YPL253C,YGR238C,0,,0.09373541176319122,0.9990049600601196,0.971185564994812
YBR068C,YMR251W-A,0,,0.09372666478157043,0.9990049600601196,0.9712856411933899
YNR003C,YDR430C,0,,0.09371791034936905,0.9990049600601196,0.9713857173919678
YML073C,YPR033C,0,,0.09370916336774826,0.9990049600601196,0.9714857339859009
YDR381C-A,YOR192C,0,,0.09370041638612747,0.9990049600601196,0.9715858101844788
YML092C,YJR120W,0,,0.09369167685508728,0.9990049600601196,0.9716858267784119
YPL005W,YPL198W,0,,0.09368293732404709,0.9990049600601196,0.9717859029769897
YPR105C,YPR204W,0,,0.0936741903424263,0.9990049600601196,0.9718859195709229
YBL071W-A,YLR406C,0,,0.09366545081138611,0.9990049600601196,0.9719859957695007
YJR113C,YLR009W,0,,0.09365671873092651,0.9990049600601196,0.9720860719680786
YKL054C,YNL233W,0,,0.09364797919988632,0.9990049600601196,0.9721860885620117
YOR249C,YOR197W,0,,0.09363924711942673,0.9990049600601196,0.9722861647605896
YGL148W,YGL187C,0,,0.09363051503896713,0.9990049600601196,0.9723861813545227
YPL266W,YLL045C,0,,0.09362178295850754,0.9990049600601196,0.9724862575531006
YPL087W,YGR260W,0,,0.09361305087804794,0.9990049600601196,0.9725862741470337
YKL048C,YGL078C,0,,0.09360432624816895,0.9990049600601196,0.9726863503456116
YNL239W,YOR089C,0,,0.09359560161828995,0.9990049600601196,0.9727863669395447
YNR021W,YBR201W,0,,0.09358687698841095,0.9990049600601196,0.9728864431381226
YBR029C,YOR016C,0,,0.09357815235853195,0.9990049600601196,0.9729865193367004
YIR033W,YMR231W,0,,0.09356943517923355,0.9990049600601196,0.9730865359306335
YPL061W,YLR376C,0,,0.09356071054935455,0.9990049600601196,0.9731866121292114
YOR231W,YNL225C,0,,0.09355199337005615,0.9990049600601196,0.9732866287231445
YOR251C,YNL254C,0,,0.09354327619075775,0.9990049600601196,0.9733867049217224
YML082W,YGR251W,0,,0.09353456646203995,0.9990049600601196,0.9734867215156555
YFR031C,YGR109W-A,0,,0.09352584928274155,0.9990049600601196,0.9735867977142334
YMR081C,YBR026C,0,,0.09351713955402374,0.9990049600601196,0.9736868143081665
YJL036W,YDR392W,0,,0.09350842982530594,0.9990049600601196,0.9737868905067444
YDR287W,YBR075W,0,,0.09349972009658813,0.9990049600601196,0.9738869667053223
YGL184C,YGR192C,0,,0.09349101036787033,0.9990049600601196,0.9739869832992554
YOR222W,YEL030W,0,,0.09348230808973312,0.9990049600601196,0.9740870594978333
YGR038C-A,YMR203W,0,,0.09347360581159592,0.9990049600601196,0.9741870760917664
YCR107W,YLR132C,0,,0.09346490353345871,0.9990049600601196,0.9742871522903442
YLR388W,YOR020C,0,,0.0934562012553215,0.9990049600601196,0.9743871688842773
YKL110C,YDL045W-A,0,,0.09344750642776489,0.9990049600601196,0.9744872450828552
YKR077W,YGL169W,0,,0.09343881160020828,0.9990049600601196,0.9745873212814331
YGR092W,YFR004W,0,,0.09343011677265167,0.9990049600601196,0.9746873378753662
YLR166C,YCR011C,0,,0.09342142194509506,0.9990049600601196,0.9747874140739441
YFR038W,YCR008W,0,,0.09341272711753845,0.9990049600601196,0.9748874306678772
YMR087W,YOR065W,0,,0.09340403974056244,0.9990049600601196,0.9749875068664551
YLR187W,YIL144W,0,,0.09339535236358643,0.9990049600601196,0.9750875234603882
YDL153C,YOR085W,0,,0.09338666498661041,0.9990049600601196,0.9751875996589661
YLR305C,YJR144W,0,,0.0933779776096344,0.9990049600601196,0.9752876162528992
YPL043W,YDR237W,0,,0.09336929023265839,0.9990049600601196,0.975387692451477
YIL011W,YDR144C,0,,0.09336061030626297,0.9990049600601196,0.9754877686500549
YJL128C,YGR268C,0,,0.09335193037986755,0.9990049600601196,0.975587785243988
YLR102C,YHR045W,0,,0.09334325045347214,0.9990049600601196,0.9756878614425659
YPL150W,YEL056W,0,,0.09333457052707672,0.9990049600601196,0.975787878036499
YKL192C,YOR054C,0,,0.0933258980512619,0.9990049600601196,0.9758879542350769
YGR144W,YCR068W,0,,0.09331722557544708,0.9990049600601196,0.97598797082901
YBR179C,YOR357C,0,,0.09330855309963226,0.9990049600601196,0.9760880470275879
YOL023W,YLR447C,0,,0.09329988062381744,0.9990049600601196,0.9761881232261658
YNL298W,YKL174C,0,,0.09329120814800262,0.9990049600601196,0.9762881398200989
YCL038C,YIL017C,0,,0.0932825431227684,0.9990049600601196,0.9763882160186768
YKL016C,YML132W,0,,0.09327387809753418,0.9990049600601196,0.9764882326126099
YPR018W,YDR210C-C,0,,0.09326521307229996,0.9990049600601196,0.9765883088111877
YOR145C,YMR038C,0,,0.09325654804706573,0.9990049600601196,0.9766883254051208
YOL057W,YBL068W,0,,0.09324789047241211,0.9990049600601196,0.9767884016036987
YGL016W,YJL118W,0,,0.09323922544717789,0.9990049600601196,0.9768884181976318
YHR200W,YDR261C-D,0,,0.09323056787252426,0.9990049600601196,0.9769884943962097
YER054C,YER130C,0,,0.09322191029787064,0.9990049600601196,0.9770885705947876
YPR201W,YJL095W,0,,0.09321326017379761,0.9990049600601196,0.9771885871887207
YOR071C,YGR244C,0,,0.09320460259914398,0.9990049600601196,0.9772886633872986
YPR030W,YGL093W,0,,0.09319595247507095,0.9990049600601196,0.9773886799812317
YER100W,YNL139C,0,,0.09318730235099792,0.9990049600601196,0.9774887561798096
YMR190C,YOL011W,0,,0.0931786522269249,0.9990049600601196,0.9775887727737427
YPL228W,YLR362W,0,,0.09317000955343246,0.9990049600601196,0.9776888489723206
YDR191W,YOR126C,0,,0.09316135942935944,0.9990049600601196,0.9777888655662537
YBL097W,YHR216W,0,,0.093152716755867,0.9990049600601196,0.9778889417648315
YMR308C,YDL134C,0,,0.09314407408237457,0.9990049600601196,0.9779890179634094
YLR155C,YAL040C,0,,0.09313543885946274,0.9990049600601196,0.9780890345573425
YLL008W,YMR323W,0,,0.0931267961859703,0.9990049600601196,0.9781891107559204
YJL083W,YDR092W,0,,0.09311816096305847,0.9990049600601196,0.9782891273498535
YPL112C,YGL151W,0,,0.09310952574014664,0.9990049600601196,0.9783892035484314
YNR031C,YKL020C,0,,0.0931008905172348,0.9990049600601196,0.9784892201423645
YNL252C,YBR279W,0,,0.09309225529432297,0.9990049600601196,0.9785892963409424
YMR065W,YER018C,0,,0.09308362752199173,0.9990049600601196,0.9786893725395203
YOR383C,YOR156C,0,,0.09307499974966049,0.9990049600601196,0.9787893891334534
YJR118C,YMR053C,0,,0.09306637197732925,0.9990049600601196,0.9788894653320312
YDL208W,YOR316C,0,,0.09305774420499802,0.9990049600601196,0.9789894819259644
YBR235W,YLR013W,0,,0.09304911643266678,0.9990049600601196,0.9790895581245422
YMR263W,YER104W,0,,0.09304049611091614,0.9990049600601196,0.9791895747184753
YLR264W,YNL163C,0,,0.0930318757891655,0.9990049600601196,0.9792896509170532
YPR060C,YJL063C,0,,0.09302325546741486,0.9990049600601196,0.9793896675109863
YPL015C,YKL033W,0,,0.09301463514566422,0.9990049600601196,0.9794897437095642
YGL131C,YBR100W,0,,0.09300602227449417,0.9990049600601196,0.9795898199081421
YNL148C,YMR118C,0,,0.09299740940332413,0.9990049600601196,0.9796898365020752
YHL035C,YDR432W,0,,0.09298879653215408,0.9990049600601196,0.9797899127006531
YBL025W,YBR268W,0,,0.09298018366098404,0.9990049600601196,0.9798899292945862
YDR512C,YOR118W,0,,0.092971570789814,0.9990049600601196,0.9799900054931641
YGR244C,YAL002W,0,,0.09296296536922455,0.9990049600601196,0.9800900220870972
YBR080C,YOR005C,0,,0.0929543524980545,0.9990049600601196,0.980190098285675
YCL051W,YFL011W-A,0,,0.09294574707746506,0.9990049600601196,0.9802901744842529
YBR038W,YKL015W,0,,0.09293714910745621,0.9990049600601196,0.980390191078186
YMR277W,YDR040C,0,,0.09292854368686676,0.9990049600601196,0.9804902672767639
YPR194C,YNR021W,0,,0.09291994571685791,0.9990049600601196,0.980590283870697
YPL061W,YAR071W,0,,0.09291134774684906,0.9990049600601196,0.9806903600692749
YDR480W,YJL139C,0,,0.09290274977684021,0.9990049600601196,0.980790376663208
YBR069C,YPR148C,0,,0.09289415180683136,0.9990049600601196,0.9808904528617859
YOR078W,YMR277W,0,,0.0928855612874031,0.9990049600601196,0.980990469455719
YGL112C,YCR023C,0,,0.09287696331739426,0.9990049600601196,0.9810905456542969
YJR096W,YMR158W,0,,0.092868372797966,0.9990049600601196,0.9811906218528748
YGL153W,YBL058W,0,,0.09285978227853775,0.9990049600601196,0.9812906384468079
YKR042W,YLR413W,0,,0.0928511992096901,0.9990049600601196,0.9813907146453857
YLR064W,YDR373W,0,,0.09284260869026184,0.9990049600601196,0.9814907312393188
YGR098C,YAR031W,0,,0.09283402562141418,0.9990049600601196,0.9815908074378967
YLR424W,YNL304W,0,,0.09282544255256653,0.9990049600601196,0.9816908240318298
YAL017W,YOR320C,0,,0.09281685948371887,0.9990049600601196,0.9817909002304077
YPL002C,YOR319W,0,,0.09280828386545181,0.9990049600601196,0.9818909168243408
YEL044W,YCR068W,0,,0.09279970079660416,0.9990049600601196,0.9819909930229187
YLL018C-A,YDL004W,0,,0.0927911251783371,0.9990049600601196,0.9820910692214966
YNL232W,YDR381W,0,,0.09278254956007004,0.9990049600601196,0.9821910858154297
YNL095C,YHR074W,0,,0.09277398139238358,0.9990049600601196,0.9822911620140076
YJR034W,YJL030W,0,,0.09276540577411652,0.9990049600601196,0.9823911786079407
YBR162C,YOR330C,0,,0.09275683760643005,0.9990049600601196,0.9824912548065186
YNL284C-A,YGL079W,0,,0.09274826943874359,0.9990049600601196,0.9825912714004517
YNL118C,YJR010W,0,,0.09273970127105713,0.9990049600601196,0.9826913475990295
YPL139C,YPL084W,0,,0.09273113310337067,0.9990049600601196,0.9827914237976074
YGR231C,YEL006W,0,,0.0927225723862648,0.9990049600601196,0.9828914403915405
YKR077W,YML076C,0,,0.09271401166915894,0.9990049600601196,0.9829915165901184
YJL047C,YDR189W,0,,0.09270545095205307,0.9990049600601196,0.9830915331840515
YCL068C,YPL065W,0,,0.0926968902349472,0.9990049600601196,0.9831916093826294
YPL141C,YBR093C,0,,0.09268832951784134,0.9990049600601196,0.9832916259765625
YNL127W,YKL053C-A,0,,0.09267977625131607,0.9990049600601196,0.9833917021751404
YOL145C,YCL038C,0,,0.0926712229847908,0.9990049600601196,0.9834917187690735
YOR045W,YJL191W,0,,0.09266266971826553,0.9990049600601196,0.9835917949676514
YPL240C,YGR024C,0,,0.09265411645174026,0.9990049600601196,0.9836918711662292
YBL080C,YMR153W,0,,0.092645563185215,0.9990049600601196,0.9837918877601624
YNL178W,YDL098C,0,,0.09263701736927032,0.9990049600601196,0.9838919639587402
YBL079W,YOL103W-B,0,,0.09262847155332565,0.9990049600601196,0.9839919805526733
YDR221W,YDR512C,0,,0.09261992573738098,0.9990049600601196,0.9840920567512512
YIL134W,YHR001W-A,0,,0.09261137992143631,0.9990049600601196,0.9841920733451843
YOL012C,YLR037C,0,,0.09260284155607224,0.9990049600601196,0.9842921495437622
YPL190C,YDR430C,0,,0.09259430319070816,0.9990049600601196,0.9843922257423401
YDL074C,YIL011W,0,,0.09258576482534409,0.9990049600601196,0.9844922423362732
YAL011W,YIL035C,0,,0.09257722645998001,0.9990049600601196,0.9845923185348511
YNL107W,YER041W,0,,0.09256868809461594,0.9990049600601196,0.9846923351287842
YDL225W,YHR079C-B,0,,0.09256015717983246,0.9990049600601196,0.9847924113273621
YFR044C,YNL264C,0,,0.09255161881446838,0.9990049600601196,0.9848924279212952
YGL012W,YHL050C,0,,0.0925430878996849,0.9990049600601196,0.984992504119873
YPL246C,YHR135C,0,,0.09253456443548203,0.9990049600601196,0.9850925207138062
YDL160C,YPL252C,0,,0.09252603352069855,0.9990049600601196,0.985192596912384
YJL034W,YFR050C,0,,0.09251751005649567,0.9990049600601196,0.9852926731109619
YGR095C,YOR344C,0,,0.09250898659229279,0.9990049600601196,0.985392689704895
YDR264C,YMR145C,0,,0.0925004631280899,0.9990049600601196,0.9854927659034729
YNL093W,YEL018W,0,,0.09249193966388702,0.9990049600601196,0.985592782497406
YMR228W,YPR052C,0,,0.09248341619968414,0.9990049600601196,0.9856928586959839
YDR304C,YLR394W,0,,0.09247490018606186,0.9990049600601196,0.985792875289917
YDL246C,YLR426W,0,,0.09246638417243958,0.9990049600601196,0.9858929514884949
YLR368W,YEL009C,0,,0.09245786815881729,0.9990049600601196,0.985992968082428
YKR019C,YIL162W,0,,0.09244935214519501,0.9990049600601196,0.9860930442810059
YFR029W,YAL002W,0,,0.09244084358215332,0.9990049600601196,0.9861931204795837
YBR152W,YBR002C,0,,0.09243233501911163,0.9990049600601196,0.9862931370735168
YLL005C,YJL144W,0,,0.09242382645606995,0.9990049600601196,0.9863932132720947
YER046W,YJL118W,0,,0.09241531789302826,0.9990049600601196,0.9864932298660278
YOL096C,YCL019W,0,,0.09240680932998657,0.9990049600601196,0.9865933060646057
YOR209C,YNR015W,0,,0.09239830821752548,0.9990049600601196,0.9866933226585388
YBL085W,YDR384C,0,,0.09238980710506439,0.9990049600601196,0.9867933988571167
YLR003C,YDL004W,0,,0.0923813059926033,0.9990049600601196,0.9868934750556946
YER038C,YCR033W,0,,0.09237280488014221,0.9990049600601196,0.9869934916496277
YGR098C,YER074W,0,,0.09236430376768112,0.9990049600601196,0.9870935678482056
YPR004C,YDL040C,0,,0.09235581010580063,0.9990049600601196,0.9871935844421387
YPL130W,YMR315W,0,,0.09234731644392014,0.9990049600601196,0.9872936606407166
YPL130W,YDL083C,0,,0.09233882278203964,0.9990049600601196,0.9873936772346497
YGL257C,YML098W,0,,0.09233032912015915,0.9990049600601196,0.9874937534332275
YPL046C,YMR091C,0,,0.09232183545827866,0.9990049600601196,0.9875937700271606
YOR291W,YMR104C,0,,0.09231334924697876,0.9990049600601196,0.9876938462257385
YLR145W,YLR344W,0,,0.09230486303567886,0.9990049600601196,0.9877939224243164
YOR349W,YGL046W,0,,0.09229637682437897,0.9990049600601196,0.9878939390182495
YGL020C,YKL049C,0,,0.09228789061307907,0.9990049600601196,0.9879940152168274
YLR165C,YOR056C,0,,0.09227941185235977,0.9990049600601196,0.9880940318107605
YOL094C,YDR079C-A,0,,0.09227093309164047,0.9990049600601196,0.9881941080093384
YOR071C,YDL213C,0,,0.09226245433092117,0.9990049600601196,0.9882941246032715
YPR137C-A,YLL052C,0,,0.09225397557020187,0.9990049600601196,0.9883942008018494
YGR092W,YKL046C,0,,0.09224549680948257,0.9990049600601196,0.9884942173957825
YML066C,YDR131C,0,,0.09223702549934387,0.9990049600601196,0.9885942935943604
YNL326C,YIL052C,0,,0.09222854673862457,0.9990049600601196,0.9886943697929382
YGR199W,YML007W,0,,0.09222007542848587,0.9990049600601196,0.9887943863868713
YLL028W,YOR285W,0,,0.09221161156892776,0.9990049600601196,0.9888944625854492
YJR137C,YPL097W,0,,0.09220314025878906,0.9990049600601196,0.9889944791793823
YGL023C,YER038C,0,,0.09219467639923096,0.9990049600601196,0.9890945553779602
YDR403W,YLL003W,0,,0.09218620508909225,0.9990049600601196,0.9891945719718933
YNL045W,YDR538W,0,,0.09217774868011475,0.9990049600601196,0.9892946481704712
YKL016C,YGL162W,0,,0.09216928482055664,0.9990049600601196,0.9893947243690491
YNR019W,YER125W,0,,0.09216082096099854,0.9990049600601196,0.9894947409629822
YAL063C,YLR452C,0,,0.09215236455202103,0.9990049600601196,0.9895948171615601
YOL040C,YPR175W,0,,0.09214390814304352,0.9990049600601196,0.9896948337554932
YOL124C,YNL305C,0,,0.09213545173406601,0.9990049600601196,0.989794909954071
YML056C,YJL171C,0,,0.0921269953250885,0.9990049600601196,0.9898949265480042
YHR164C,YJR132W,0,,0.09211854636669159,0.9990049600601196,0.989995002746582
YJR002W,YGR082W,0,,0.09211008995771408,0.9990049600601196,0.9900950193405151
YJL091C,YIR026C,0,,0.09210164099931717,0.9990049600601196,0.990195095539093
YOR226C,YFR049W,0,,0.09209319204092026,0.9990049600601196,0.9902951717376709
YNR074C,YHR041C,0,,0.09208475053310394,0.9990049600601196,0.990395188331604
YDR348C,YMR272C,0,,0.09207630157470703,0.9990049600601196,0.9904952645301819
YNL229C,YCL030C,0,,0.09206786006689072,0.9990049600601196,0.990595281124115
YIL154C,YOL038W,0,,0.0920594185590744,0.9990049600601196,0.9906953573226929
YMR309C,YGL028C,0,,0.09205097705125809,0.9990049600601196,0.990795373916626
YMR060C,YOR059C,0,,0.09204253554344177,0.9990049600601196,0.9908954501152039
YEL051W,YPR058W,0,,0.09203410148620605,0.9990049600601196,0.9909955263137817
YNL265C,YLR452C,0,,0.09202566742897034,0.9990049600601196,0.9910955429077148
YNL003C,YGL207W,0,,0.09201723337173462,0.9990049600601196,0.9911956191062927
YNL082W,YPR149W,0,,0.0920087993144989,0.9990049600601196,0.9912956357002258
YLR115W,YMR104C,0,,0.09200036525726318,0.9990049600601196,0.9913957118988037
YGR157W,YDL020C,0,,0.09199193865060806,0.9990049600601196,0.9914957284927368
YFL021W,YLR210W,0,,0.09198351204395294,0.9990049600601196,0.9915958046913147
YBR084C-A,YGR095C,0,,0.09197508543729782,0.9990049600601196,0.9916958212852478
YDL142C,YDR221W,0,,0.0919666588306427,0.9990049600601196,0.9917958974838257
YDR261W-A,YJL089W,0,,0.09195823222398758,0.9990049600601196,0.9918959736824036
YJR032W,YAL056W,0,,0.09194981306791306,0.9990049600601196,0.9919959902763367
YMR061W,YOR336W,0,,0.09194139391183853,0.9990049600601196,0.9920960664749146
YOR255W,YOR156C,0,,0.09193297475576401,0.9990049600601196,0.9921960830688477
YEL053C,YBL097W,0,,0.09192455559968948,0.9990049600601196,0.9922961592674255
YPL036W,YOR157C,0,,0.09191614389419556,0.9990049600601196,0.9923961758613586
YDR188W,YOR230W,0,,0.09190772473812103,0.9990049600601196,0.9924962520599365
YBR195C,YPL164C,0,,0.0918993130326271,0.9990049600601196,0.9925962686538696
YOR319W,YGR132C,0,,0.09189090132713318,0.9990049600601196,0.9926963448524475
YNL067W,YNL147W,0,,0.09188248962163925,0.9990049600601196,0.9927964210510254
YJL209W,YJL042W,0,,0.09187408536672592,0.9990049600601196,0.9928964376449585
YAL061W,YML098W,0,,0.09186568111181259,0.9990049600601196,0.9929965138435364
YKL009W,YPL275W,0,,0.09185727685689926,0.9990049600601196,0.9930965304374695
YKL048C,YNL328C,0,,0.09184887260198593,0.9990049600601196,0.9931966066360474
YMR227C,YLL014W,0,,0.0918404683470726,0.9990049600601196,0.9932966232299805
YMR172W,YJR092W,0,,0.09183207154273987,0.9990049600601196,0.9933966994285583
YAR033W,YGR278W,0,,0.09182366728782654,0.9990049600601196,0.9934967756271362
YMR117C,YMR050C,0,,0.0918152704834938,0.9990049600601196,0.9935967922210693
YHR197W,YGL083W,0,,0.09180687367916107,0.9990049600601196,0.9936968684196472
YDR415C,YNL064C,0,,0.09179848432540894,0.9990049600601196,0.9937968850135803
YIL019W,YJL096W,0,,0.0917900875210762,0.9990049600601196,0.9938969612121582
YHR194W,YDL126C,0,,0.09178169816732407,0.9990049600601196,0.9939969778060913
YPL217C,YNR057C,0,,0.09177330881357193,0.9990049600601196,0.9940970540046692
YGL244W,YPL265W,0,,0.0917649194598198,0.9990049600601196,0.9941970705986023
YGL112C,YNL030W,0,,0.09175653755664825,0.9990049600601196,0.9942971467971802
YJR051W,YOL078W,0,,0.09174814820289612,0.9990049600601196,0.9943972229957581
YMR093W,YDR365C,0,,0.09173976629972458,0.9990049600601196,0.9944972395896912
YEL019C,YBR223C,0,,0.09173138439655304,0.9990049600601196,0.994597315788269
YER074W-A,YLR081W,0,,0.0917230024933815,0.9990049600601196,0.9946973323822021
YPL100W,YGR207C,0,,0.09171462804079056,0.9990049600601196,0.99479740858078
YNR013C,YNL075W,0,,0.09170624613761902,0.9990049600601196,0.9948974251747131
YDR210C-C,YAL026C,0,,0.09169787168502808,0.9990049600601196,0.994997501373291
YIL036W,YHR188C,0,,0.09168949723243713,0.9990049600601196,0.9950975775718689
YOR048C,YMR296C,0,,0.09168112277984619,0.9990049600601196,0.995197594165802
YGL099W,YDL236W,0,,0.09167275577783585,0.9990049600601196,0.9952976703643799
YOR177C,YIL014W,0,,0.0916643813252449,0.9990049600601196,0.995397686958313
YDL217C,YCR031C,0,,0.09165601432323456,0.9990049600601196,0.9954977631568909
YHR072W-A,YHR214C-C,0,,0.09164764732122421,0.9990049600601196,0.995597779750824
YBR066C,YBL029C-A,0,,0.09163928776979446,0.9990049600601196,0.9956978559494019
YNL085W,YKL033W,0,,0.09163092076778412,0.9990049600601196,0.995797872543335
YKL048C,YML036W,0,,0.09162256121635437,0.9990049600601196,0.9958979487419128
YOR232W,YOL148C,0,,0.09161420166492462,0.9990049600601196,0.9959980249404907
YML111W,YLR118C,0,,0.09160584211349487,0.9990049600601196,0.9960980415344238
YPL007C,YJR014W,0,,0.09159748256206512,0.9990049600601196,0.9961981177330017
YGL064C,YPL171C,0,,0.09158912301063538,0.9990049600601196,0.9962981343269348
YBR210W,YOL062C,0,,0.09158077090978622,0.9990049600601196,0.9963982105255127
YKR071C,YDL223C,0,,0.09157241880893707,0.9990049600601196,0.9964982271194458
YOR106W,YDR281C,0,,0.09156406670808792,0.9990049600601196,0.9965983033180237
YAR002C-A,YJL128C,0,,0.09155571460723877,0.9990049600601196,0.9966983199119568
YGR036C,YJL029C,0,,0.09154736995697021,0.9990049600601196,0.9967983961105347
YBR006W,YLL002W,0,,0.09153902530670166,0.9990049600601196,0.9968984723091125
YHR146W,YJL174W,0,,0.0915306806564331,0.9990049600601196,0.9969984889030457
YOL039W,YOR189W,0,,0.09152233600616455,0.9990049600601196,0.9970985651016235
YOL096C,YNL005C,0,,0.091513991355896,0.9990049600601196,0.9971985816955566
YDR463W,YMR106C,0,,0.09150565415620804,0.9990049600601196,0.9972986578941345
YEL047C,YGL079W,0,,0.09149730950593948,0.9990049600601196,0.9973986744880676
YNL182C,YJR049C,0,,0.09148897230625153,0.9990049600601196,0.9974987506866455
YNL045W,YNL003C,0,,0.09148063510656357,0.9990049600601196,0.9975988268852234
YPR052C,YFL017W-A,0,,0.09147230535745621,0.9990049600601196,0.9976988434791565
YIL097W,YML046W,0,,0.09146396815776825,0.9990049600601196,0.9977989196777344
YLR233C,YBR038W,0,,0.09145563840866089,0.9990049600601196,0.9978989362716675
YMR230W,YKL069W,0,,0.09144730865955353,0.9990049600601196,0.9979990124702454
YGL107C,YML102W,0,,0.09143897891044617,0.9990049600601196,0.9980990290641785
YBR218C,YOR113W,0,,0.0914306566119194,0.9990049600601196,0.9981991052627563
YBR130C,YPR075C,0,,0.09142232686281204,0.9990049600601196,0.9982991218566895
YLR384C,YLR044C,0,,0.09141400456428528,0.9990049600601196,0.9983991980552673
YDL005C,YPR107C,0,,0.09140568226575851,0.9990049600601196,0.9984992742538452
YDR261W-A,YKL216W,0,,0.09139735996723175,0.9990049600601196,0.9985992908477783
YLR128W,YDR468C,0,,0.09138903766870499,0.9990049600601196,0.9986993670463562
YBR068C,YNL271C,0,,0.09138072282075882,0.9990049600601196,0.9987993836402893
YIR026C,YKR031C,0,,0.09137240797281265,0.9990049600601196,0.9988994598388672
YBR247C,YDL128W,0,,0.09136409312486649,0.9990049600601196,0.9989994764328003
YNL024C,YGR204W,0,,0.09135577827692032,0.9990049600601196,0.9990995526313782
YDR476C,YKR102W,0,,0.09134746342897415,0.9990049600601196,0.999199628829956
YNL071W,YDR194C,0,,0.09133915603160858,0.9990049600601196,0.9992996454238892
YJR052W,YJR151C,0,,0.09133084863424301,0.9990049600601196,0.999399721622467
YKL064W,YPL252C,0,,0.09132254123687744,0.9990049600601196,0.9994997382164001
YDL113C,YKR086W,0,,0.09131423383951187,0.9990049600601196,0.999599814414978
YKR024C,YKL120W,0,,0.0913059264421463,0.9990049600601196,0.9996998310089111
YOR271C,YJL076W,0,,0.09129762649536133,0.9990049600601196,0.999799907207489
YML100W,YDR394W,0,,0.09128932654857635,0.9990049600601196,0.9998999238014221
YER052C,YOL038W,0,,0.09128102660179138,0.9990049600601196,1.0
YJL069C,YNL308C,1,,0.09136363863945007,1.0,1.0
