Gene A,Gene B,Label,Score,Precision,Recall,False Positive Rate
YDL147W,YBL078C,1,16.113022,1.0,0.0009813542710617185,0.0
YOR362C,YOR259C,1,15.43887,1.0,0.001962708542123437,0.0
YGL048C,YFR050C,1,13.904089,1.0,0.0029440626967698336,0.0
YGL048C,YHR027C,1,13.320845,1.0,0.003925417084246874,0.0
YDL147W,YBL041W,1,13.236576,1.0,0.0049067712388932705,0.0
YFR050C,YOR059C,0,12.818004,0.8333333134651184,0.0049067712388932705,0.0001001903583528474
YFR050C,YER143W,1,12.758766,0.8571428656578064,0.005888125393539667,0.0001001903583528474
YDL126C,YMR314W,1,12.551943,0.875,0.006869480013847351,0.0001001903583528474
YFR050C,YPL120W,1,12.464164,0.8888888955116272,0.007850834168493748,0.0001001903583528474
YPL120W,YFR004W,1,12.414689,0.8999999761581421,0.008832188323140144,0.0001001903583528474
YDL147W,YKL213C,1,12.354183,0.9090909361839294,0.009813542477786541,0.0001001903583528474
YBL078C,YGR048W,1,12.109068,0.9166666865348816,0.010794896632432938,0.0001001903583528474
YGR253C,YEL012W,1,12.096415,0.9230769276618958,0.011776250787079334,0.0001001903583528474
YOR261C,YGR048W,1,12.065667,0.9285714030265808,0.012757605873048306,0.0001001903583528474
YBR280C,YER012W,1,12.019264,0.9333333373069763,0.013738960027694702,0.0001001903583528474
YER021W,YIL007C,1,11.831921,0.9375,0.014720314182341099,0.0001001903583528474
YLR025W,YFR004W,1,11.79533,0.9411764740943909,0.015701668336987495,0.0001001903583528474
YNR051C,YBR170C,1,11.764717,0.9444444179534912,0.016683023422956467,0.0001001903583528474
YDR168W,YOR059C,0,11.592777,0.8947368264198303,0.016683023422956467,0.0002003807167056948
YBL078C,YIR011C,1,11.481768,0.8999999761581421,0.01766437664628029,0.0002003807167056948
YOR256C,YDR394W,1,11.351482,0.9047619104385376,0.01864573173224926,0.0002003807167056948
YDR092W,YDL007W,1,11.32059,0.9090909361839294,0.019627084955573082,0.0002003807167056948
YDL097C,YMR276W,1,11.184,0.9130434989929199,0.020608440041542053,0.0002003807167056948
YPL003W,YMR314W,1,11.037712,0.9166666865348816,0.021589793264865875,0.0002003807167056948
YBL058W,YDL126C,1,10.926504,0.9200000166893005,0.022571148350834846,0.0002003807167056948
YDL147W,YMR115W,1,10.913094,0.9230769276618958,0.02355250157415867,0.0002003807167056948
YIL097W,YGR135W,1,10.889524,0.9259259104728699,0.02453385666012764,0.0002003807167056948
YDL007W,YGL141W,1,10.749537,0.9285714030265808,0.02551521174609661,0.0002003807167056948
YDL126C,YGR048W,1,10.738648,0.931034505367279,0.026496564969420433,0.0002003807167056948
YML092C,YDL074C,1,10.6669445,0.9333333373069763,0.027477920055389404,0.0002003807167056948
YNL159C,YBR280C,1,10.638136,0.9354838728904724,0.028459273278713226,0.0002003807167056948
YIR025W,YFR010W,1,10.451927,0.9375,0.029440628364682198,0.0002003807167056948
YNR026C,YMR135C,1,10.4089365,0.939393937587738,0.03042198158800602,0.0002003807167056948
YER143W,YDR177W,1,10.337769,0.9411764740943909,0.03140333667397499,0.0002003807167056948
YFR050C,YIR011C,1,10.258594,0.9428571462631226,0.03238468989729881,0.0002003807167056948
YER094C,YBR280C,1,10.242517,0.9444444179534912,0.03336604684591293,0.0002003807167056948
YER094C,YDR330W,1,10.209651,0.9459459185600281,0.034347400069236755,0.0002003807167056948
YOR362C,YLR208W,1,10.195211,0.9473684430122375,0.03532875329256058,0.0002003807167056948
YDL007W,YFR010W,1,10.171628,0.9487179517745972,0.0363101065158844,0.0002003807167056948
YCL052C,YBR170C,1,10.154133,0.949999988079071,0.03729146346449852,0.0002003807167056948
YPL020C,YIL007C,1,10.140902,0.9512194991111755,0.03827281668782234,0.0002003807167056948
YPL020C,YDR358W,1,10.102786,0.9523809552192688,0.039254169911146164,0.0002003807167056948
YJL034W,YCL052C,1,10.09054,0.9534883499145508,0.040235526859760284,0.0002003807167056948
YOL038W,YGL141W,1,10.07724,0.9545454382896423,0.041216880083084106,0.0002003807167056948
YJR099W,YMR314W,1,10.055144,0.9555555582046509,0.04219823330640793,0.0002003807167056948
YDR358W,YKL010C,1,10.053598,0.95652174949646,0.04317958652973175,0.0002003807167056948
YLR102C,YDR394W,1,9.991052,0.957446813583374,0.04416094347834587,0.0002003807167056948
YFL044C,YIL097W,1,9.904581,0.9583333134651184,0.04514229670166969,0.0002003807167056948
YBR046C,YFR050C,0,9.901764,0.9387755393981934,0.04514229670166969,0.0003005710896104574
YBL078C,YDL190C,1,9.85592,0.9399999976158142,0.046123649924993515,0.0003005710896104574
YDR287W,YKR031C,0,9.823522,0.9215686321258545,0.046123649924993515,0.0004007614334113896
YOR117W,YLR208W,1,9.807293,0.9230769276618958,0.04710500314831734,0.0004007614334113896
YJL073W,YBR170C,1,9.803202,0.9245283007621765,0.04808636009693146,0.0004007614334113896
YDL147W,YJL001W,1,9.743676,0.9259259104728699,0.04906771332025528,0.0004007614334113896
YDL147W,YLR208W,1,9.725943,0.9272727370262146,0.0500490665435791,0.0004007614334113896
YBR273C,YBR082C,1,9.7192,0.9285714030265808,0.05103042349219322,0.0004007614334113896
YFL044C,YFR050C,1,9.673134,0.9298245906829834,0.052011776715517044,0.0004007614334113896
YHR171W,YLR208W,1,9.63225,0.931034505367279,0.052993129938840866,0.0004007614334113896
YNL159C,YCL052C,1,9.623196,0.9322034120559692,0.05397448316216469,0.0004007614334113896
YOL133W,YHR027C,1,9.604991,0.9333333373069763,0.05495584011077881,0.0004007614334113896
YOR250C,YGR253C,0,9.593503,0.9180327653884888,0.05495584011077881,0.0005009518354199827
YGL004C,YBL078C,1,9.560592,0.9193548560142517,0.05593719333410263,0.0005009518354199827
YLR102C,YKL213C,1,9.468956,0.920634925365448,0.05691854655742645,0.0005009518354199827
YBL056W,YOR059C,0,9.468127,0.90625,0.05691854655742645,0.0006011421792209148
YIL007C,YMR223W,1,9.467882,0.9076923131942749,0.05789990350604057,0.0006011421792209148
YPR103W,YML088W,1,9.412091,0.9090909361839294,0.058881256729364395,0.0006011421792209148
YBR128C,YER021W,1,9.40906,0.9104477763175964,0.05986260995268822,0.0006011421792209148
YIL007C,YJL001W,1,9.399993,0.9117646813392639,0.06084396317601204,0.0006011421792209148
YOR362C,YMR161W,1,9.391115,0.9130434989929199,0.06182532012462616,0.0006011421792209148
YOR261C,YBR201W,1,9.378357,0.9142857193946838,0.06280667334794998,0.0006011421792209148
YGR133W,YBR173C,1,9.374743,0.9154929518699646,0.0637880265712738,0.0006011421792209148
YBR128C,YOR362C,1,9.335578,0.9166666865348816,0.06476937979459763,0.0006011421792209148
YNL159C,YNL008C,1,9.297835,0.9178082346916199,0.06575073301792145,0.0006011421792209148
YIL075C,YJL001W,1,9.2904625,0.9189189076423645,0.06673209369182587,0.0006011421792209148
YLR025W,YMR314W,1,9.284539,0.9200000166893005,0.06771344691514969,0.0006011421792209148
YDR330W,YGL141W,1,9.270275,0.9210526347160339,0.06869480013847351,0.0006011421792209148
YOL038W,YER144C,1,9.240767,0.9220778942108154,0.06967615336179733,0.0006011421792209148
YMR161W,YPR103W,1,9.209641,0.9230769276618958,0.07065750658512115,0.0006011421792209148
YGR253C,YDR057W,1,9.188689,0.9240506291389465,0.07163885980844498,0.0006011421792209148
YDR358W,YER094C,1,9.181896,0.925000011920929,0.0726202130317688,0.0006011421792209148
YDR394W,YML088W,1,9.170879,0.9259259104728699,0.07360157370567322,0.0006011421792209148
YGR184C,YBL078C,1,9.170867,0.9268292784690857,0.07458292692899704,0.0006011421792209148
YKL210W,YGR048W,1,9.166147,0.9277108311653137,0.07556428015232086,0.0006011421792209148
YDR358W,YLR306W,1,9.156511,0.9285714030265808,0.07654563337564468,0.0006011421792209148
YCL044C,YDR394W,1,9.12405,0.929411768913269,0.0775269865989685,0.0006011421792209148
YMR214W,YNR007C,1,9.122661,0.930232584476471,0.07850833982229233,0.0006011421792209148
YMR105C,YLR093C,0,9.0875225,0.9195402264595032,0.07850833982229233,0.000701332523021847
YJR036C,YLR421C,1,9.085728,0.9204545617103577,0.07948969304561615,0.000701332523021847
YMR022W,YGR048W,1,9.067853,0.9213483333587646,0.08047105371952057,0.000701332523021847
YHR171W,YLR368W,1,9.052532,0.9222221970558167,0.08145240694284439,0.000701332523021847
YGR135W,YMR135C,1,9.049134,0.9230769276618958,0.08243376016616821,0.000701332523021847
YFL044C,YER151C,1,9.019417,0.9239130616188049,0.08341511338949203,0.000701332523021847
YDR059C,YDR086C,1,8.960623,0.9247311949729919,0.08439646661281586,0.000701332523021847
YKR098C,YCL052C,1,8.960542,0.9255319237709045,0.08537781983613968,0.000701332523021847
YHR142W,YHR150W,0,8.954246,0.9157894849777222,0.08537781983613968,0.0008015228668227792
YBL058W,YER012W,1,8.949425,0.9166666865348816,0.0863591730594635,0.0008015228668227792
YNR051C,YBL078C,1,8.935405,0.9175257682800293,0.08734052628278732,0.0008015228668227792
YBL058W,YMR115W,1,8.934637,0.918367326259613,0.08832188695669174,0.0008015228668227792
YBR107C,YGL096W,0,8.930996,0.9090909361839294,0.08832188695669174,0.0009017132688313723
YML092C,YGL141W,1,8.924646,0.9100000262260437,0.08930324018001556,0.0009017132688313723
YOR080W,YGR135W,1,8.880833,0.9108911156654358,0.09028459340333939,0.0009017132688313723
YER021W,YGL094C,1,8.8422,0.9117646813392639,0.09126594662666321,0.0009017132688313723
YPR134W,YMR105C,0,8.841457,0.9029126167297363,0.09126594662666321,0.0010019036708399653
YBL078C,YDR390C,1,8.840993,0.9038461446762085,0.09224729984998703,0.0010019036708399653
YML088W,YER012W,1,8.837288,0.9047619104385376,0.09322865307331085,0.0010019036708399653
YOL013C,YGR253C,1,8.83684,0.9056603908538818,0.09421000629663467,0.0010019036708399653
YJL034W,YBR290W,1,8.8261385,0.9065420627593994,0.09519136697053909,0.0010019036708399653
YJL048C,YDR139C,1,8.812148,0.9074074029922485,0.09617272019386292,0.0010019036708399653
YPL003W,YER143W,1,8.811628,0.9082568883895874,0.09715407341718674,0.0010019036708399653
YBL058W,YGL011C,1,8.809627,0.9090909361839294,0.09813542664051056,0.0010019036708399653
YGL141W,YMR067C,1,8.800846,0.9099099040031433,0.09911677986383438,0.0010019036708399653
YLR102C,YHR171W,1,8.78743,0.9107142686843872,0.1000981330871582,0.0010019036708399653
YJL001W,YLR024C,1,8.759024,0.9115044474601746,0.10107948631048203,0.0010019036708399653
YBR173C,YML029W,1,8.746129,0.9122806787490845,0.10206084698438644,0.0010019036708399653
YOL082W,YMR276W,1,8.744644,0.9130434989929199,0.10304220020771027,0.0010019036708399653
YBR173C,YIL017C,1,8.74129,0.9137930870056152,0.10402355343103409,0.0010019036708399653
YLR323C,YHR138C,0,8.704566,0.9059829115867615,0.10402355343103409,0.0011020939564332366
YKL145W,YPR066W,1,8.689729,0.9067796468734741,0.10500490665435791,0.0011020939564332366
YPL003W,YFR050C,1,8.669667,0.9075630307197571,0.10598625987768173,0.0011020939564332366
YFL044C,YOR256C,1,8.6612425,0.9083333611488342,0.10696761310100555,0.0011020939564332366
YIL075C,YJL047C,1,8.655895,0.9090909361839294,0.10794896632432938,0.0011020939564332366
YJL034W,YOL082W,1,8.65565,0.9098360538482666,0.1089303269982338,0.0011020939564332366
YIL097W,YER143W,1,8.654863,0.9105691313743591,0.10991168022155762,0.0011020939564332366
YOR124C,YDR057W,1,8.6447525,0.9112903475761414,0.11089303344488144,0.0011020939564332366
YGL094C,YFR050C,1,8.622044,0.9120000004768372,0.11187438666820526,0.0011020939564332366
YGR135W,YNL212W,1,8.620613,0.9126983880996704,0.11285573989152908,0.0011020939564332366
YLR207W,YDR409W,1,8.613878,0.913385808467865,0.1138370931148529,0.0011020939564332366
YOL038W,YDR057W,1,8.606215,0.9140625,0.11481844633817673,0.0011020939564332366
YMR276W,YEL037C,1,8.602751,0.9147287011146545,0.11579980701208115,0.0011020939564332366
YLR207W,YHR027C,1,8.589654,0.9153845906257629,0.11678116023540497,0.0011020939564332366
YDR330W,YLR024C,1,8.574711,0.9160305261611938,0.11776251345872879,0.0011020939564332366
YPL120W,YNL156C,0,8.554549,0.9090909361839294,0.11776251345872879,0.0012022843584418297
YBR272C,YCR038C,0,8.528318,0.902255654335022,0.11776251345872879,0.001302474644035101
YCL052C,YBR217W,1,8.524925,0.9029850959777832,0.11874386668205261,0.001302474644035101
YPR108W,YBL017C,1,8.457794,0.9037036895751953,0.11972521990537643,0.001302474644035101
YLR380W,YMR067C,1,8.4573145,0.904411792755127,0.12070657312870026,0.001302474644035101
YDR059C,YLR368W,1,8.451084,0.9051094651222229,0.12168792635202408,0.001302474644035101
YAL002W,YDR122W,0,8.444794,0.8985507488250732,0.12168792635202408,0.001402665046043694
YIL097W,YHR166C,1,8.44441,0.8992805480957031,0.1226692870259285,0.001402665046043694
YKL041W,YBL041W,1,8.4332285,0.8999999761581421,0.12365064024925232,0.001402665046043694
YJL047C,YKL210W,1,8.425867,0.9007092118263245,0.12463199347257614,0.001402665046043694
YPR108W,YMR135C,1,8.423289,0.9014084339141846,0.12561334669589996,0.001402665046043694
YIR011C,YPL084W,1,8.422852,0.9020978808403015,0.12659470736980438,0.001402665046043694
YOL133W,YMR314W,1,8.41841,0.9027777910232544,0.1275760531425476,0.001402665046043694
YIL007C,YPR134W,0,8.416903,0.8965517282485962,0.1275760531425476,0.001502855448052287
YDL097C,YDR139C,1,8.398469,0.8972602486610413,0.12855741381645203,0.001502855448052287
YMR115W,YDR069C,1,8.382573,0.8979591727256775,0.12953875958919525,0.001502855448052287
YOL038W,YML029W,1,8.382164,0.8986486196517944,0.13052012026309967,0.001502855448052287
YBR280C,YER144C,1,8.376669,0.899328887462616,0.1315014660358429,0.001502855448052287
YBR280C,YNL311C,1,8.376517,0.8999999761581421,0.13248282670974731,0.001502855448052287
YFL016C,YER151C,1,8.368315,0.9006622433662415,0.13346418738365173,0.001502855448052287
YDR246W,YCL035C,0,8.35548,0.8947368264198303,0.13346418738365173,0.0016030457336455584
YDL091C,YIR025W,1,8.352598,0.8954248428344727,0.13444553315639496,0.0016030457336455584
YER100W,YCL052C,1,8.344099,0.8961039185523987,0.13542689383029938,0.0016030457336455584
YBL058W,YLR102C,1,8.34355,0.896774172782898,0.1364082396030426,0.0016030457336455584
YMR081C,YBR169C,0,8.332333,0.8910256624221802,0.1364082396030426,0.0017032361356541514
YDL122W,YKL034W,1,8.320097,0.8917197585105896,0.13738960027694702,0.0017032361356541514
YER098W,YPR181C,1,8.303609,0.892405092716217,0.13837094604969025,0.0017032361356541514
YBR128C,YJL073W,1,8.285455,0.893081784248352,0.13935230672359467,0.0017032361356541514
YDR409W,YMR135C,1,8.285018,0.893750011920929,0.14033366739749908,0.0017032361356541514
YDR122W,YER143W,0,8.257282,0.888198733329773,0.14033366739749908,0.0018034265376627445
YKL010C,YMR135C,1,8.2506695,0.8888888955116272,0.1413150131702423,0.0018034265376627445
YLR025W,YKL213C,1,8.249527,0.8895705342292786,0.14229637384414673,0.0018034265376627445
YBR101C,YJL208C,0,8.241679,0.8841463327407837,0.14229637384414673,0.0019036168232560158
YOL013C,YER012W,1,8.233336,0.8848484754562378,0.14327771961688995,0.0019036168232560158
YIL007C,YNL311C,1,8.221544,0.8855421543121338,0.14425908029079437,0.0019036168232560158
YDR129C,YDR287W,0,8.216457,0.8802395462989807,0.14425908029079437,0.0020038073416799307
YOL133W,YFR052W,1,8.216056,0.8809523582458496,0.1452404260635376,0.0020038073416799307
YJL048C,YNL064C,1,8.214835,0.88165682554245,0.14622178673744202,0.0020038073416799307
YFL044C,YMR115W,1,8.214356,0.8823529481887817,0.14720314741134644,0.0020038073416799307
YML097C,YOR138C,1,8.211244,0.8830409646034241,0.14818449318408966,0.0020038073416799307
YDL122W,YBR280C,1,8.206419,0.8837209343910217,0.14916585385799408,0.0020038073416799307
YLR380W,YEL012W,1,8.184551,0.884393036365509,0.1501471996307373,0.0020038073416799307
YDL097C,YLR024C,1,8.179973,0.8850574493408203,0.15112856030464172,0.0020038073416799307
YGL073W,YMR110C,0,8.176493,0.8799999952316284,0.15112856030464172,0.002103997627273202
YPR108W,YOL013C,1,8.175084,0.8806818127632141,0.15210990607738495,0.002103997627273202
YGR184C,YIL007C,1,8.174523,0.8813559412956238,0.15309126675128937,0.002103997627273202
YNL172W,YNR007C,1,8.171862,0.882022500038147,0.1540726274251938,0.002103997627273202
YIL075C,YBR114W,0,8.157361,0.8770949840545654,0.1540726274251938,0.002204187912866473
YOR227W,YMR091C,0,8.153475,0.8722222447395325,0.1540726274251938,0.002304378431290388
YKL034W,YOR261C,1,8.1502905,0.8729282021522522,0.155053973197937,0.002304378431290388
YNL223W,YOR257W,1,8.147565,0.8736263513565063,0.15603533387184143,0.002304378431290388
YMR161W,YDR059C,1,8.127222,0.874316930770874,0.15701667964458466,0.002304378431290388
YJR036C,YFR050C,1,8.124858,0.875,0.15799804031848907,0.002304378431290388
YHR111W,YGR048W,1,8.119829,0.8756756782531738,0.1589793860912323,0.002304378431290388
YLL036C,YBL041W,1,8.100031,0.8763440847396851,0.15996074676513672,0.002304378431290388
YNL064C,YHR171W,1,8.087147,0.8770053386688232,0.16094210743904114,0.002304378431290388
YDR139C,YDR394W,1,8.079857,0.8776595592498779,0.16192345321178436,0.002304378431290388
YDL091C,YOL013C,1,8.054445,0.8783068656921387,0.16290481388568878,0.002304378431290388
YDL147W,YHR043C,1,8.052394,0.878947377204895,0.163886159658432,0.002304378431290388
YOR117W,YGL058W,1,8.041058,0.8795811533927917,0.16486752033233643,0.002304378431290388
YHR096C,YJL001W,0,8.009932,0.875,0.16486752033233643,0.0024045687168836594
YER021W,YLR378C,1,8.008263,0.8756476640701294,0.16584886610507965,0.0024045687168836594
YNL159C,YFR052W,1,7.983192,0.876288652420044,0.16683022677898407,0.0024045687168836594
YDL132W,YDR313C,1,7.980729,0.8769230842590332,0.1678115725517273,0.0024045687168836594
YLR025W,YJL047C,1,7.963144,0.8775510191917419,0.1687929332256317,0.0024045687168836594
YBR128C,YPR103W,1,7.953151,0.8781725764274597,0.16977429389953613,0.0024045687168836594
YNL212W,YGR048W,1,7.9195027,0.8787878751754761,0.17075563967227936,0.0024045687168836594
YDL113C,YFR014C,0,7.902135,0.8743718862533569,0.17075563967227936,0.0025047590024769306
YPL046C,YIL017C,1,7.894537,0.875,0.17173700034618378,0.0025047590024769306
YBR065C,YHR157W,0,7.8899126,0.8706467747688293,0.17173700034618378,0.002604949288070202
YMR119W,YLR207W,1,7.8826227,0.8712871074676514,0.172718346118927,0.002604949288070202
YGL087C,YOL082W,1,7.8728333,0.871921181678772,0.17369970679283142,0.002604949288070202
YBR290W,YLL036C,1,7.8704042,0.8725489974021912,0.17468105256557465,0.002604949288070202
YNL159C,YIL007C,1,7.8691,0.8731707334518433,0.17566241323947906,0.002604949288070202
YER151C,YPR024W,1,7.8541203,0.8737863898277283,0.17664377391338348,0.002604949288070202
YDL007W,YBR290W,1,7.850857,0.8743961453437805,0.1776251196861267,0.002604949288070202
YJL057C,YGL127C,0,7.8313594,0.870192289352417,0.1776251196861267,0.0027051398064941168
YBL084C,YOR339C,1,7.8309555,0.8708133697509766,0.17860648036003113,0.0027051398064941168
YLR306W,YOL082W,1,7.8299637,0.8714285492897034,0.17958782613277435,0.0027051398064941168
YLR102C,YLR208W,1,7.8178463,0.8720378875732422,0.18056918680667877,0.0027051398064941168
YIL017C,YPR024W,1,7.8162427,0.8726415038108826,0.181550532579422,0.0027051398064941168
YDR273W,YKL005C,0,7.8007956,0.8685445785522461,0.181550532579422,0.002805330092087388
YDL097C,YPR024W,1,7.7948785,0.8691588640213013,0.18253189325332642,0.002805330092087388
YDR256C,YDR168W,0,7.7863054,0.8651162981987,0.18253189325332642,0.0029055203776806593
YJL073W,YDL126C,1,7.78449,0.8657407164573669,0.18351325392723083,0.0029055203776806593
YPL046C,YIR025W,1,7.775691,0.8663594722747803,0.18449459969997406,0.0029055203776806593
YJR123W,YGR253C,0,7.775198,0.8623853325843811,0.18449459969997406,0.003005710896104574
YOR250C,YMR035W,0,7.770378,0.8584474921226501,0.18449459969997406,0.0031059011816978455
YCL044C,YER021W,1,7.7584305,0.8590909242630005,0.18547596037387848,0.0031059011816978455
YER094C,YER098W,1,7.752273,0.8597285151481628,0.1864573061466217,0.0031059011816978455
YBR189W,YKL051W,0,7.7472315,0.8558558821678162,0.1864573061466217,0.0032060914672911167
YBR105C,YFL016C,1,7.7470703,0.8565022349357605,0.18743866682052612,0.0032060914672911167
YDL097C,YHR043C,1,7.7172766,0.8571428656578064,0.18842001259326935,0.0032060914672911167
YBR290W,YMR135C,1,7.716426,0.8577777743339539,0.18940137326717377,0.0032060914672911167
YOR080W,YBR290W,1,7.6890078,0.8584070801734924,0.19038273394107819,0.0032060914672911167
YLR102C,YKL022C,1,7.6883645,0.8590308427810669,0.1913640797138214,0.0032060914672911167
YDR219C,YDR313C,1,7.676305,0.859649121761322,0.19234544038772583,0.0032060914672911167
YDR482C,YLR102C,0,7.670555,0.8558952212333679,0.19234544038772583,0.0033062819857150316
YDR513W,YBR119W,0,7.667967,0.852173924446106,0.19234544038772583,0.003406472271308303
YKL041W,YBR201W,1,7.6670494,0.8528138399124146,0.19332678616046906,0.003406472271308303
YIL156W,YLR324W,0,7.665084,0.8491379022598267,0.19332678616046906,0.003506662556901574
YPR108W,YNL159C,1,7.661779,0.8497853875160217,0.19430814683437347,0.003506662556901574
YDL122W,YDL091C,1,7.6597013,0.8504273295402527,0.1952894926071167,0.003506662556901574
YDR350C,YPL161C,0,7.655665,0.8468084931373596,0.1952894926071167,0.003606853075325489
YCL044C,YGR253C,1,7.655321,0.8474576473236084,0.19627085328102112,0.003606853075325489
YIL017C,YLR378C,1,7.654353,0.8481012582778931,0.19725221395492554,0.003606853075325489
YLR127C,YBR170C,1,7.644785,0.848739504814148,0.19823355972766876,0.003606853075325489
YNR051C,YJL001W,1,7.6287823,0.849372386932373,0.19921492040157318,0.003606853075325489
YFR050C,YHR111W,1,7.62714,0.8500000238418579,0.2001962661743164,0.003606853075325489
YOR380W,YER143W,0,7.6261506,0.8464730381965637,0.2001962661743164,0.0037070433609187603
YGR048W,YBR201W,1,7.6237283,0.8471074104309082,0.20117762684822083,0.0037070433609187603
YIL156W,YEL012W,1,7.621807,0.8477365970611572,0.20215897262096405,0.0037070433609187603
YKL145W,YDL074C,1,7.6214004,0.8483606576919556,0.20314033329486847,0.0037070433609187603
YFL044C,YJL047C,1,7.620473,0.8489795923233032,0.2041216939687729,0.0037070433609187603
YBR101C,YMR072W,0,7.6100645,0.8455284833908081,0.2041216939687729,0.0038072336465120316
YJL047C,YNL008C,1,7.6085033,0.8461538553237915,0.2051030397415161,0.0038072336465120316
YIR025W,YOL082W,1,7.597476,0.8467742204666138,0.20608440041542053,0.0038072336465120316
YLR093C,YDR303C,0,7.58677,0.8433734774589539,0.20608440041542053,0.003907423932105303
YOR124C,YGL141W,1,7.5779667,0.843999981880188,0.20706574618816376,0.003907423932105303
YDR111C,YJL001W,0,7.56374,0.8406374454498291,0.20706574618816376,0.004007614683359861
YDL147W,YLR368W,1,7.55816,0.841269850730896,0.20804710686206818,0.004007614683359861
YKL124W,YBR173C,1,7.5551367,0.8418972492218018,0.2090284526348114,0.004007614683359861
YGL017W,YDR394W,1,7.5471897,0.8425197005271912,0.21000981330871582,0.004007614683359861
YPL020C,YMR119W,1,7.545281,0.843137264251709,0.21099117398262024,0.004007614683359861
YHR171W,YGL141W,1,7.5451736,0.84375,0.21197251975536346,0.004007614683359861
YKL206C,YJR036C,1,7.5439124,0.844357967376709,0.21295388042926788,0.004007614683359861
YML092C,YOR004W,0,7.5356812,0.8410852551460266,0.21295388042926788,0.004107804968953133
YDL064W,YGL227W,1,7.5339394,0.8416988253593445,0.2139352262020111,0.004107804968953133
YOR117W,YLR378C,1,7.532876,0.8423076868057251,0.21491658687591553,0.004107804968953133
YMR077C,YOR257W,1,7.5257645,0.8429118990898132,0.21589793264865875,0.004107804968953133
YNL103W,YIR004W,0,7.5189304,0.8396946787834167,0.21589793264865875,0.004207995254546404
YBR170C,YBR201W,1,7.5173907,0.8403041958808899,0.21687929332256317,0.004207995254546404
YDL064W,YMR067C,1,7.5095863,0.8409090638160706,0.2178606539964676,0.004207995254546404
YNL103W,YBR101C,0,7.5038776,0.8377358317375183,0.2178606539964676,0.004308185540139675
YOL038W,YGL094C,1,7.503459,0.8383458852767944,0.21884199976921082,0.004308185540139675
YGL227W,YBR105C,1,7.5020084,0.8389512896537781,0.21982336044311523,0.004308185540139675
YNL311C,YDR177W,1,7.4957304,0.8395522236824036,0.22080470621585846,0.004308185540139675
YGR184C,YDR330W,1,7.494787,0.8401486873626709,0.22178606688976288,0.004308185540139675
YHR043C,YMR314W,1,7.485999,0.8407407402992249,0.2227674126625061,0.004308185540139675
YGR099W,YER143W,0,7.4857845,0.8376383781433105,0.2227674126625061,0.004408375825732946
YDR330W,YNR007C,1,7.4843006,0.8382353186607361,0.22374877333641052,0.004408375825732946
YNR007C,YER144C,1,7.4813075,0.8388278484344482,0.22473013401031494,0.004408375825732946
YOR080W,YPR024W,1,7.480037,0.8394160866737366,0.22571147978305817,0.004408375825732946
YER094C,YMR161W,1,7.478345,0.8399999737739563,0.22669284045696259,0.004408375825732946
YOL133W,YOL038W,1,7.4744205,0.8405796885490417,0.2276741862297058,0.004408375825732946
YHR166C,YLR421C,1,7.470109,0.8411552309989929,0.22865554690361023,0.004408375825732946
YKL026C,YER143W,0,7.464343,0.8381295204162598,0.22865554690361023,0.004508566111326218
YMR264W,YOR057W,1,7.4600563,0.8387096524238586,0.22963689267635345,0.004508566111326218
YJL057C,YBR114W,0,7.452836,0.8357142806053162,0.22963689267635345,0.004608756862580776
YLL042C,YBL078C,1,7.447321,0.836298942565918,0.23061825335025787,0.004608756862580776
YGL227W,YBR203W,1,7.4469056,0.8368794322013855,0.2315996140241623,0.004608756862580776
YMR214W,YLR024C,1,7.4444675,0.8374558091163635,0.23258095979690552,0.004608756862580776
YAL015C,YER143W,0,7.439769,0.8345070481300354,0.23258095979690552,0.0047089471481740475
YOR117W,YDR400W,1,7.439207,0.8350877165794373,0.23356232047080994,0.0047089471481740475
YNL094W,YCL035C,0,7.4294786,0.8321678042411804,0.23356232047080994,0.004809137433767319
YKR098C,YFR004W,1,7.426712,0.8327525854110718,0.23454366624355316,0.004809137433767319
YOL133W,YLR097C,1,7.417008,0.8333333134651184,0.23552502691745758,0.004809137433767319
YOL038W,YNL186W,1,7.409525,0.8339100480079651,0.2365063726902008,0.004809137433767319
YGR161C,YNL036W,0,7.409045,0.8310344815254211,0.2365063726902008,0.00490932771936059
YER142C,YDR471W,0,7.4038973,0.8281787037849426,0.2365063726902008,0.005009518004953861
YGL141W,YNR026C,1,7.402344,0.8287671208381653,0.23748773336410522,0.005009518004953861
YMR223W,YGL141W,1,7.394726,0.829351544380188,0.23846909403800964,0.005009518004953861
YBR290W,YAL058W,1,7.388686,0.8299319744110107,0.23945043981075287,0.005009518004953861
YDL147W,YMR184W,1,7.387846,0.8305084705352783,0.2404318004846573,0.005009518004953861
YDR358W,YMR275C,1,7.3809333,0.8310810923576355,0.2414131462574005,0.005009518004953861
YGL058W,YNL317W,0,7.380611,0.8282828330993652,0.2414131462574005,0.0051097082905471325
YJL034W,YPL084W,1,7.376995,0.8288590312004089,0.24239450693130493,0.0051097082905471325
YLL036C,YGR253C,1,7.3754225,0.829431414604187,0.24337585270404816,0.0051097082905471325
YGR003W,YKL145W,1,7.3699274,0.8299999833106995,0.24435721337795258,0.0051097082905471325
YGL227W,YMR135C,1,7.365901,0.8305647969245911,0.245338574051857,0.0051097082905471325
YOL013C,YMR135C,1,7.3644295,0.8311258554458618,0.24631991982460022,0.0051097082905471325
YDR092W,YMR314W,1,7.3595915,0.8316831588745117,0.24730128049850464,0.0051097082905471325
YBL084C,YGL048C,1,7.3590794,0.8322368264198303,0.24828262627124786,0.0051097082905471325
YJR099W,YER012W,1,7.357688,0.8327868580818176,0.24926398694515228,0.0051097082905471325
YJL047C,YGL048C,1,7.3500786,0.8333333134651184,0.2502453327178955,0.0051097082905471325
YGL142C,YKL040C,0,7.336192,0.8306189179420471,0.2502453327178955,0.005209898576140404
YKL210W,YER144C,1,7.331399,0.8311688303947449,0.2512266933917999,0.005209898576140404
YNR007C,YCR066W,1,7.3309526,0.8317152261734009,0.25220805406570435,0.005209898576140404
YKR088C,YDR168W,0,7.330761,0.8290322422981262,0.25220805406570435,0.005310089327394962
YGR184C,YDR177W,1,7.318036,0.8295819759368896,0.25318941473960876,0.005310089327394962
YGR245C,YOL052C-A,0,7.304863,0.8269230723381042,0.25318941473960876,0.0054102796129882336
YHR166C,YGR253C,1,7.2959557,0.8274760246276855,0.2541707456111908,0.0054102796129882336
YPL020C,YJL001W,1,7.2908025,0.8280254602432251,0.2551521062850952,0.0054102796129882336
YDR255C,YBR203W,1,7.2805867,0.8285714387893677,0.25613346695899963,0.0054102796129882336
YDR212W,YNL094W,0,7.2723274,0.8259493708610535,0.25613346695899963,0.005510469898581505
YOL038W,YLR127C,1,7.267697,0.8264984488487244,0.25711482763290405,0.005510469898581505
YIL156W,YGL141W,1,7.264404,0.8270440101623535,0.2580961585044861,0.005510469898581505
YKL041W,YHR043C,1,7.261368,0.8275862336158752,0.2590775191783905,0.005510469898581505
YER021W,YDR457W,1,7.2579403,0.828125,0.2600588798522949,0.005510469898581505
YAL015C,YDL046W,0,7.2509327,0.8255451917648315,0.2600588798522949,0.005610660184174776
YLR258W,YJL013C,0,7.244805,0.8229813575744629,0.2600588798522949,0.005710850469768047
YIR025W,YPL120W,1,7.236102,0.8235294222831726,0.26104024052619934,0.005710850469768047
YMR077C,YFL016C,1,7.228321,0.8240740895271301,0.26202160120010376,0.005710850469768047
YLR421C,YBR105C,1,7.223719,0.8246153593063354,0.2630029320716858,0.005710850469768047
YDR091C,YMR041C,0,7.222188,0.8220859169960022,0.2630029320716858,0.005811040755361319
YPL003W,YOR124C,1,7.2190905,0.822629988193512,0.2639842927455902,0.005811040755361319
YDL132W,YJL001W,1,7.218648,0.8231707215309143,0.26496565341949463,0.005811040755361319
YOL038W,YDR139C,1,7.2149434,0.8237082362174988,0.26594701409339905,0.005811040755361319
YER143W,YBR217W,1,7.2145605,0.8242424130439758,0.26692837476730347,0.005811040755361319
YCL016C,YIL062C,0,7.2137413,0.8217522501945496,0.26692837476730347,0.005911231506615877
YKL034W,YOR117W,1,7.2086897,0.8222891688346863,0.2679097056388855,0.005911231506615877
YDR092W,YFR050C,1,7.2012467,0.8228228092193604,0.2688910663127899,0.005911231506615877
YBL067C,YIL017C,1,7.19065,0.8233532905578613,0.26987242698669434,0.005911231506615877
YOR256C,YOL013C,1,7.190629,0.8238806128501892,0.27085378766059875,0.005911231506615877
YLR258W,YLR417W,0,7.177702,0.8214285969734192,0.27085378766059875,0.006011421792209148
YKL041W,YDR400W,1,7.1759977,0.8219584822654724,0.2718351185321808,0.006011421792209148
YDR212W,YHL021C,0,7.1717854,0.8195266127586365,0.2718351185321808,0.00611161207780242
YLR306W,YCL052C,1,7.165429,0.8200590014457703,0.2728164792060852,0.00611161207780242
YNL156C,YOR110W,0,7.157281,0.8176470398902893,0.2728164792060852,0.006211802363395691
YDL091C,YPR066W,1,7.1534986,0.8181818127632141,0.2737978398799896,0.006211802363395691
YER094C,YBR273C,1,7.1493835,0.8187134265899658,0.27477920055389404,0.006211802363395691
YDR177W,YPL084W,1,7.145587,0.819242000579834,0.27576056122779846,0.006211802363395691
YPR024W,YLR024C,1,7.1436996,0.819767415523529,0.2767418920993805,0.006211802363395691
YPR108W,YPR181C,1,7.134351,0.8202898502349854,0.2777232527732849,0.006211802363395691
YJR050W,YJL196C,0,7.1329165,0.8179190754890442,0.2777232527732849,0.006311992648988962
YOR259C,YEL012W,1,7.13159,0.818443775177002,0.27870461344718933,0.006311992648988962
YMR223W,YFR010W,1,7.1306543,0.818965494632721,0.27968597412109375,0.006311992648988962
YNL250W,YMR110C,0,7.1291213,0.8166189193725586,0.27968597412109375,0.006412182934582233
YHR146W,YJL094C,0,7.117886,0.8142856955528259,0.27968597412109375,0.006512373685836792
YDR358W,YJL001W,1,7.1176414,0.8148148059844971,0.28066733479499817,0.006512373685836792
YNR007C,YPR024W,1,7.115485,0.8153409361839294,0.2816486656665802,0.006512373685836792
YLR097C,YBR217W,1,7.1147475,0.8158640265464783,0.2826300263404846,0.006512373685836792
YNL199C,YJL059W,0,7.113641,0.8135592937469482,0.2826300263404846,0.006612563971430063
YMR048W,YMR041C,0,7.103873,0.811267614364624,0.2826300263404846,0.0067127542570233345
YLL036C,YMR135C,1,7.1034117,0.8117977380752563,0.28361138701438904,0.0067127542570233345
YJL174W,YIL098C,0,7.1026173,0.8095238208770752,0.28361138701438904,0.006812944542616606
YDL132W,YMR135C,1,7.094242,0.8100558519363403,0.28459274768829346,0.006812944542616606
YBL058W,YML097C,1,7.089837,0.8105849623680115,0.2855740785598755,0.006812944542616606
YOR080W,YMR214W,1,7.086173,0.8111110925674438,0.2865554392337799,0.006812944542616606
YNL031C,YOR259C,0,7.0861616,0.8088642954826355,0.2865554392337799,0.006913134828209877
YOL055C,YHR037W,0,7.0841093,0.8066298365592957,0.2865554392337799,0.007013325113803148
YOR267C,YOR011W,0,7.083654,0.8044077157974243,0.2865554392337799,0.007113515865057707
YER098W,YMR304W,1,7.0820265,0.8049450516700745,0.2875367999076843,0.007113515865057707
YIL075C,YOR157C,1,7.0789456,0.8054794669151306,0.28851816058158875,0.007113515865057707
YGL053W,YPL221W,0,7.074361,0.8032786846160889,0.28851816058158875,0.007213706150650978
YLR119W,YLR421C,1,7.0720396,0.803814709186554,0.28949952125549316,0.007213706150650978
YJL003W,YDR057W,0,7.0710654,0.801630437374115,0.28949952125549316,0.007313896436244249
YDR313C,YEL037C,1,7.0677795,0.8021680116653442,0.2904808521270752,0.007313896436244249
YGL058W,YMR314W,1,7.0673018,0.8027027249336243,0.2914622128009796,0.007313896436244249
YMR264W,YBR273C,1,7.061213,0.8032345175743103,0.29244357347488403,0.007313896436244249
YHR150W,YLR259C,0,7.050615,0.801075279712677,0.29244357347488403,0.007414086721837521
YOR080W,YLR025W,1,7.0484056,0.8016085624694824,0.29342493414878845,0.007414086721837521
YBR290W,YFR052W,1,7.0447044,0.8021390438079834,0.29440629482269287,0.007414086721837521
YDR435C,YDR122W,0,7.016843,0.800000011920929,0.29440629482269287,0.007514277007430792
YBR290W,YNL212W,1,7.013152,0.8005319237709045,0.2953876256942749,0.007514277007430792
YDR306C,YEL012W,1,7.0109816,0.8010610342025757,0.2963689863681793,0.007514277007430792
YKL124W,YLR421C,1,7.007764,0.8015872836112976,0.29735034704208374,0.007514277007430792
YLR102C,YLR215C,0,7.004919,0.7994722723960876,0.29735034704208374,0.007614467293024063
YHR134W,YCL052C,1,6.999842,0.800000011920929,0.29833170771598816,0.007614467293024063
YLR380W,YDL126C,1,6.9982076,0.8005249500274658,0.2993130385875702,0.007614467293024063
YER087C-B,YBL041W,1,6.998135,0.801047146320343,0.3002943992614746,0.007614467293024063
YDL147W,YKL054C,1,6.9910007,0.8015666007995605,0.30127575993537903,0.007614467293024063
YOL013C,YLR378C,1,6.9893227,0.8020833134651184,0.30225712060928345,0.007614467293024063
YMR119W,YBL041W,1,6.9873843,0.8025974035263062,0.30323848128318787,0.007614467293024063
YLL026W,YER142C,0,6.981144,0.8005181550979614,0.30323848128318787,0.007714658044278622
YMR081C,YLR093C,0,6.9799786,0.7984496355056763,0.30323848128318787,0.007814847864210606
YBR273C,YMR276W,1,6.9765253,0.7989690899848938,0.3042198121547699,0.007814847864210606
YFR052W,YPL084W,1,6.968936,0.7994858622550964,0.3052011728286743,0.007814847864210606
YFL044C,YNL186W,1,6.9636655,0.800000011920929,0.30618253350257874,0.007814847864210606
YCL039W,YKR098C,1,6.9614334,0.8005114793777466,0.30716389417648315,0.007814847864210606
YKR087C,YJL149W,1,6.956706,0.8010203838348389,0.3081452548503876,0.007814847864210606
YKR100C,YOR227W,0,6.955472,0.7989822030067444,0.3081452548503876,0.007915038615465164
YNL054W,YHR157W,0,6.9523506,0.796954333782196,0.3081452548503876,0.008015229366719723
YDR399W,YOR259C,0,6.9490294,0.7949367165565491,0.3081452548503876,0.008115419186651707
YMR264W,YFR036W,1,6.948683,0.7954545617103577,0.3091265857219696,0.008115419186651707
YML011C,YPL120W,0,6.9461284,0.7934508919715881,0.3091265857219696,0.008215609937906265
YLR323C,YCR038C,0,6.938704,0.7914572954177856,0.3091265857219696,0.00831579975783825
YMR022W,YNR026C,1,6.938094,0.791979968547821,0.310107946395874,0.00831579975783825
YIL107C,YMR110C,0,6.9354997,0.7900000214576721,0.310107946395874,0.008415990509092808
YMR115W,YMR276W,1,6.934193,0.7905237078666687,0.31108930706977844,0.008415990509092808
YDR111C,YGR170W,0,6.9233265,0.788557231426239,0.31108930706977844,0.008516180329024792
YPR103W,YEL012W,1,6.9087796,0.789081871509552,0.31207066774368286,0.008516180329024792
YML067C,YLR102C,0,6.9085226,0.7871286869049072,0.31207066774368286,0.00861637108027935
YDR513W,YDL113C,0,6.901944,0.7851851582527161,0.31207066774368286,0.008716561831533909
YJR046W,YGR005C,0,6.9004965,0.7832512259483337,0.31207066774368286,0.008816751651465893
YNL159C,YDR390C,1,6.8997273,0.7837837934494019,0.3130519986152649,0.008816751651465893
YOR256C,YKR098C,1,6.8968153,0.7843137383460999,0.3140333592891693,0.008816751651465893
YLR189C,YPL254W,0,6.883791,0.7823960781097412,0.3140333592891693,0.008916942402720451
YLR380W,YJL073W,1,6.872972,0.7829268574714661,0.31501471996307373,0.008916942402720451
YBR173C,YLR128W,1,6.8654256,0.7834550142288208,0.31599608063697815,0.008916942402720451
YIL097W,YBR280C,1,6.8648925,0.7839806079864502,0.31697744131088257,0.008916942402720451
YML057W,YJL069C,0,6.862836,0.7820823192596436,0.31697744131088257,0.009017132222652435
YBR043C,YDR257C,0,6.861348,0.7801932096481323,0.31697744131088257,0.009117322973906994
YDR189W,YNL156C,0,6.848088,0.7783132791519165,0.31697744131088257,0.009217513725161552
YJR090C,YIL017C,1,6.845962,0.7788461446762085,0.3179587721824646,0.009217513725161552
YDR219C,YKL210W,1,6.842057,0.7793765068054199,0.318940132856369,0.009217513725161552
YGR135W,YOR339C,1,6.835225,0.779904305934906,0.31992149353027344,0.009217513725161552
YPR108W,YOR080W,1,6.812189,0.7804296016693115,0.32090285420417786,0.009217513725161552
YDL132W,YCL052C,1,6.8121204,0.7809523940086365,0.3218842148780823,0.009217513725161552
YBR043C,YIL033C,0,6.810134,0.7790973782539368,0.3218842148780823,0.009317703545093536
YLR102C,YKR089C,0,6.809493,0.7772511839866638,0.3218842148780823,0.009417894296348095
YPL013C,YMR275C,0,6.8081656,0.7754136919975281,0.3218842148780823,0.009518084116280079
YOR363C,YNL094W,0,6.808037,0.7735849022865295,0.3218842148780823,0.009618274867534637
YBL056W,YDL243C,0,6.8078547,0.7717646956443787,0.3218842148780823,0.009718464687466621
YGR184C,YPL003W,1,6.8017025,0.7723004817962646,0.3228655457496643,0.009718464687466621
YGL104C,YJL035C,0,6.7943025,0.7704917788505554,0.3228655457496643,0.00981865543872118
YDR280W,YJL001W,0,6.792532,0.7686915993690491,0.3228655457496643,0.009918846189975739
YDL122W,YOR256C,1,6.7908287,0.7692307829856873,0.3238469064235687,0.009918846189975739
YJL073W,YBL041W,1,6.785678,0.7697674632072449,0.32482826709747314,0.009918846189975739
YGL196W,YPL175W,0,6.7817087,0.7679814100265503,0.32482826709747314,0.010019036009907722
YHR166C,YBR105C,1,6.7715626,0.7685185074806213,0.32580962777137756,0.010019036009907722
YGR099W,YPL120W,0,6.771406,0.7667436599731445,0.32580962777137756,0.010119226761162281
YDR482C,YNL156C,0,6.76708,0.764976978302002,0.32580962777137756,0.010219416581094265
YDR204W,YMR040W,0,6.761698,0.7632184028625488,0.32580962777137756,0.010319607332348824
YBR128C,YEL012W,1,6.758628,0.7637614607810974,0.3267909586429596,0.010319607332348824
YKL048C,YNL123W,0,6.7553897,0.7620137333869934,0.3267909586429596,0.010419797152280807
YGR161C,YBR193C,0,6.7546883,0.7602739930152893,0.3267909586429596,0.010519987903535366
YOR080W,YLR208W,1,6.754385,0.7608200311660767,0.327772319316864,0.010519987903535366
YDR057W,YMR314W,1,6.7537823,0.7613636255264282,0.32875367999076843,0.010519987903535366
YHR043C,YLR368W,1,6.748102,0.761904776096344,0.32973504066467285,0.010519987903535366
YDL074C,YCL039W,1,6.745915,0.7624434232711792,0.33071640133857727,0.010519987903535366
YLR288C,YNR037C,0,6.742385,0.7607223391532898,0.33071640133857727,0.010620178654789925
YEL005C,YDR300C,0,6.7398143,0.7590090036392212,0.33071640133857727,0.010720368474721909
YBR201W,YMR067C,1,6.739684,0.7595505714416504,0.3316977322101593,0.010720368474721909
YNL094W,YIL062C,0,6.7337575,0.7578475475311279,0.3316977322101593,0.010820559225976467
YBR101C,YDL243C,0,6.724358,0.7561521530151367,0.3316977322101593,0.010920749045908451
YDL147W,YKR098C,1,6.7240276,0.7566964030265808,0.3326790928840637,0.010920749045908451
YDR358W,YOR080W,1,6.7227106,0.7572383284568787,0.33366045355796814,0.010920749045908451
YER143W,YKL022C,1,6.718837,0.757777750492096,0.33464181423187256,0.010920749045908451
YLL042C,YML029W,1,6.716034,0.758314847946167,0.3356231451034546,0.010920749045908451
YFL005W,YER155C,0,6.7138395,0.7566371560096741,0.3356231451034546,0.01102093979716301
YOR080W,YDR177W,1,6.713562,0.7571743726730347,0.336604505777359,0.01102093979716301
YOL133W,YER098W,1,6.712288,0.757709264755249,0.3375858664512634,0.01102093979716301
YLR025W,YFR052W,1,6.7118134,0.7582417726516724,0.33856722712516785,0.01102093979716301
YNL167C,YPR180W,0,6.7098475,0.7565789222717285,0.33856722712516785,0.011121130548417568
YIL046W,YBR201W,1,6.7057996,0.7571116089820862,0.33954858779907227,0.011121130548417568
YGL004C,YJL048C,1,6.697077,0.7576419115066528,0.3405299186706543,0.011121130548417568
YFR034C,YOR259C,0,6.687906,0.7559912800788879,0.3405299186706543,0.011221320368349552
YKL002W,YPR024W,1,6.6728125,0.7565217614173889,0.3415112793445587,0.011221320368349552
YER094C,YNL311C,1,6.65724,0.7570499181747437,0.34249264001846313,0.011221320368349552
YMR041C,YHR090C,0,6.6548777,0.7554112672805786,0.34249264001846313,0.01132151111960411
YGR003W,YNL008C,1,6.6543927,0.7559395432472229,0.34347400069236755,0.01132151111960411
YGR193C,YMR237W,0,6.651131,0.7543103694915771,0.34347400069236755,0.011421700939536095
YDR468C,YMR110C,0,6.6468906,0.7526881694793701,0.34347400069236755,0.011521891690790653
YHL038C,YER142C,0,6.643363,0.7510729432106018,0.34347400069236755,0.011622081510722637
YIL007C,YML029W,1,6.643077,0.7516059875488281,0.344455361366272,0.011622081510722637
YIL036W,YMR072W,0,6.6410713,0.75,0.344455361366272,0.011722272261977196
YHR006W,YKL155C,0,6.639529,0.748400866985321,0.344455361366272,0.011822463013231754
YIL014W,YJL026W,0,6.628415,0.7468085289001465,0.344455361366272,0.011922652833163738
YGL076C,YDR007W,0,6.628393,0.7452229261398315,0.344455361366272,0.012022843584418297
YIL030C,YGL093W,0,6.625002,0.7436440587043762,0.344455361366272,0.01212303340435028
YLR102C,YGL094C,1,6.624592,0.7441860437393188,0.345436692237854,0.01212303340435028
YLR193C,YIL107C,0,6.6022267,0.7426160573959351,0.345436692237854,0.01222322415560484
YDR054C,YLR208W,1,6.5967264,0.7431579232215881,0.3464180529117584,0.01222322415560484
YEL052W,YFR052W,1,6.590453,0.743697464466095,0.34739941358566284,0.01222322415560484
YLR293C,YIL062C,0,6.5902157,0.7421383857727051,0.34739941358566284,0.012323414906859398
YDL147W,YPL096W,1,6.588773,0.7426778078079224,0.34838077425956726,0.012323414906859398
YPL002C,YGR253C,1,6.588397,0.743215024471283,0.3493621051311493,0.012323414906859398
YER056C,YIL154C,0,6.587895,0.7416666746139526,0.3493621051311493,0.012423604726791382
YGL006W,YGL167C,0,6.585444,0.7401247620582581,0.3493621051311493,0.01252379547804594
YBL084C,YGL058W,1,6.5826044,0.7406638860702515,0.3503434658050537,0.01252379547804594
YDR435C,YGL006W,0,6.580675,0.739130437374115,0.3503434658050537,0.012623985297977924
YER100W,YNR026C,1,6.578996,0.7396694421768188,0.35132482647895813,0.012623985297977924
YKL206C,YKL145W,1,6.5709505,0.7402061820030212,0.35230618715286255,0.012623985297977924
YBR023C,YKL051W,0,6.5707684,0.7386831045150757,0.35230618715286255,0.012724176049232483
YOR090C,YOR048C,0,6.569678,0.7371663451194763,0.35230618715286255,0.012824365869164467
YGR161C,YAL051W,0,6.5691123,0.7356557250022888,0.35230618715286255,0.012924556620419025
YKL145W,YEL037C,1,6.56725,0.7361963391304016,0.35328754782676697,0.012924556620419025
YBR173C,YBR203W,1,6.563379,0.7367346882820129,0.354268878698349,0.012924556620419025
YMR053C,YPL248C,0,6.5626583,0.7352342009544373,0.354268878698349,0.013024747371673584
YNL286W,YDL087C,0,6.561814,0.7337398529052734,0.354268878698349,0.013124937191605568
YGR174C,YPL224C,0,6.561619,0.7322515249252319,0.354268878698349,0.013225127942860126
YJL057C,YIL144W,0,6.560197,0.7307692170143127,0.354268878698349,0.01332531776279211
YMR135C,YDR086C,1,6.5560613,0.7313131093978882,0.3552502393722534,0.01332531776279211
YJL058C,YBR168W,0,6.553954,0.7298387289047241,0.3552502393722534,0.013425508514046669
YNL064C,YDR069C,1,6.5530157,0.7303823232650757,0.35623160004615784,0.013425508514046669
YDR092W,YNL186W,1,6.5426226,0.7309237122535706,0.35721296072006226,0.013425508514046669
YML092C,YMR077C,1,6.539543,0.7314629554748535,0.3581943213939667,0.013425508514046669
YCL008C,YOR124C,1,6.5379896,0.7319999933242798,0.3591756522655487,0.013425508514046669
YMR264W,YOR124C,1,6.5366,0.7325349450111389,0.3601570129394531,0.013425508514046669
YCL035C,YBL047C,0,6.5352,0.7310757040977478,0.3601570129394531,0.013525699265301228
YGL058W,YOR195W,0,6.530858,0.7296222448348999,0.3601570129394531,0.013625889085233212
YOL013C,YKL090W,1,6.5303583,0.7301587462425232,0.36113837361335754,0.013625889085233212
YDL147W,YDR054C,1,6.529206,0.7306930422782898,0.36211973428726196,0.013625889085233212
YIL036W,YOR132W,0,6.5235987,0.7292490005493164,0.36211973428726196,0.01372607983648777
YDL235C,YML004C,0,6.522402,0.7278106212615967,0.36211973428726196,0.013826269656419754
YOR256C,YJL001W,1,6.5203333,0.7283464670181274,0.363101065158844,0.013826269656419754
YJL174W,YAL030W,0,6.517415,0.7269155383110046,0.363101065158844,0.013926460407674313
YML041C,YMR035W,0,6.510929,0.7254902124404907,0.363101065158844,0.014026650227606297
YML092C,YOR339C,1,6.508376,0.7260273694992065,0.3640824258327484,0.014026650227606297
YMR119W,YMR276W,1,6.5009513,0.7265625,0.36506378650665283,0.014026650227606297
YGL004C,YNL223W,1,6.499469,0.7270955443382263,0.36604514718055725,0.014026650227606297
YOL135C,YJL001W,0,6.4914265,0.725680947303772,0.36604514718055725,0.014126840978860855
YBL057C,YDR330W,1,6.4859176,0.7262135744094849,0.36702650785446167,0.014126840978860855
YGL058W,YKL197C,0,6.48222,0.7248061895370483,0.36702650785446167,0.014227031730115414
YNL025C,YHR157W,0,6.4778175,0.7234042286872864,0.36702650785446167,0.014327221550047398
YGL096W,YOR227W,0,6.476982,0.7220077514648438,0.36702650785446167,0.014427412301301956
YDR400W,YBR201W,1,6.4768558,0.7225433588027954,0.3680078387260437,0.014427412301301956
YMR119W,YLR306W,1,6.4767046,0.7230769395828247,0.3689891993999481,0.014427412301301956
YMR184W,YHR027C,1,6.471081,0.7236084342002869,0.36997056007385254,0.014427412301301956
YMR022W,YHR027C,1,6.465995,0.7241379022598267,0.37095192074775696,0.014427412301301956
YGL240W,YDR330W,1,6.4607677,0.7246654033660889,0.3719332814216614,0.014427412301301956
YGL004C,YBR058C,1,6.4566813,0.7251908183097839,0.3729146122932434,0.014427412301301956
YMR262W,YGR003W,0,6.452609,0.723809540271759,0.3729146122932434,0.01452760212123394
YMR161W,YPL002C,1,6.452466,0.7243345975875854,0.3738959729671478,0.01452760212123394
YPL175W,YOL052C-A,0,6.452426,0.7229601740837097,0.3738959729671478,0.014627792872488499
YCR105W,YOR335C,0,6.451084,0.7215909361839294,0.3738959729671478,0.014727983623743057
YPR017C,YJL001W,0,6.4472036,0.7202268242835999,0.3738959729671478,0.014828173443675041
YPL126W,YIL107C,0,6.445579,0.7188678979873657,0.3738959729671478,0.0149283641949296
YIL007C,YDR363W-A,1,6.440711,0.7193973660469055,0.37487733364105225,0.0149283641949296
YLR208W,YDL190C,1,6.440336,0.719924807548523,0.37585869431495667,0.0149283641949296
YKR089C,YCR038C,0,6.4387093,0.7185741066932678,0.37585869431495667,0.015028554014861584
YGL098W,YLR284C,0,6.429282,0.7172284722328186,0.37585869431495667,0.015128744766116142
YBR043C,YMR009W,0,6.4285283,0.7158878445625305,0.37585869431495667,0.015228934586048126
YGL048C,YDR363W-A,1,6.421632,0.7164179086685181,0.3768400251865387,0.015228934586048126
YML021C,YER143W,0,6.4195356,0.7150837779045105,0.3768400251865387,0.015329125337302685
YBR058C,YKL210W,1,6.4076376,0.7156133651733398,0.3778213858604431,0.015329125337302685
YBR043C,YDR188W,0,6.4047794,0.7142857313156128,0.3778213858604431,0.015429316088557243
YMR313C,YDL139C,0,6.4003515,0.7129629850387573,0.3778213858604431,0.015529505908489227
YGL006W,YDL031W,0,6.4002085,0.7116451263427734,0.3778213858604431,0.01562969572842121
YNL183C,YGR099W,0,6.3968496,0.7103320956230164,0.3778213858604431,0.015729887410998344
YKL002W,YGL011C,1,6.392681,0.7108655571937561,0.37880274653434753,0.015729887410998344
YMR264W,YKR098C,1,6.3902416,0.7113970518112183,0.37978410720825195,0.015729887410998344
YKL034W,YDR363W-A,1,6.3866982,0.7119265794754028,0.38076546788215637,0.015729887410998344
YLR102C,YDR303C,0,6.3816395,0.7106227278709412,0.38076546788215637,0.01583007723093033
YER021W,YJR102C,1,6.3794537,0.7111517190933228,0.3817467987537384,0.01583007723093033
YIL046W,YBR058C,1,6.3723965,0.7116788029670715,0.3827281594276428,0.01583007723093033
YOL038W,YBL057C,1,6.372,0.7122039794921875,0.38370952010154724,0.01583007723093033
YER062C,YML004C,0,6.3684616,0.7109090685844421,0.38370952010154724,0.015930267050862312
YBL035C,YOL084W,0,6.367243,0.709618866443634,0.38370952010154724,0.016030458733439445
YBL017C,YMR135C,1,6.3667645,0.7101449370384216,0.38469088077545166,0.016030458733439445
YKL058W,YBL091C,0,6.3660965,0.7088607549667358,0.38469088077545166,0.01613064855337143
YNL317W,YBR149W,0,6.365144,0.7075812220573425,0.38469088077545166,0.016230838373303413
YCR031C,YER139C,0,6.362961,0.7063062787055969,0.38469088077545166,0.016331028193235397
YMR184W,YKL210W,1,6.3610764,0.7068345546722412,0.3856722414493561,0.016331028193235397
YOR259C,YDR395W,0,6.355666,0.7055655121803284,0.3856722414493561,0.01643121987581253
YOL144W,YBR045C,0,6.354911,0.7043010592460632,0.3856722414493561,0.016531409695744514
YER062C,YHR006W,0,6.3527308,0.703041136264801,0.3856722414493561,0.0166315995156765
YIL106W,YLR093C,0,6.350071,0.7017857432365417,0.3856722414493561,0.01673179119825363
YGL142C,YAL051W,0,6.348008,0.7005347609519958,0.3856722414493561,0.016831981018185616
YDL147W,YLR127C,1,6.3445563,0.7010676264762878,0.3866535723209381,0.016831981018185616
YOR124C,YMR161W,1,6.344095,0.701598584651947,0.38763493299484253,0.016831981018185616
YMR161W,YJR099W,1,6.340323,0.7021276354789734,0.38861629366874695,0.016831981018185616
YDR092W,YML029W,1,6.337922,0.7026548385620117,0.38959765434265137,0.016831981018185616
YDL230W,YOL084W,0,6.3367815,0.7014134526252747,0.38959765434265137,0.0169321708381176
YMR286W,YER040W,0,6.3309875,0.7001763582229614,0.38959765434265137,0.017032360658049583
YDR002W,YKL206C,1,6.3298798,0.7007042169570923,0.3905789852142334,0.017032360658049583
YGR244C,YOR259C,0,6.3227134,0.6994727849960327,0.3905789852142334,0.017132552340626717
YER087C-B,YEL012W,1,6.3224106,0.699999988079071,0.3915603458881378,0.017132552340626717
YHL038C,YLR324W,0,6.320452,0.6987740993499756,0.3915603458881378,0.0172327421605587
YLR025W,YDR427W,1,6.314846,0.6993007063865662,0.39254170656204224,0.0172327421605587
YDR204W,YPL135W,0,6.3141174,0.69808030128479,0.39254170656204224,0.017332931980490685
YGL227W,YOR157C,1,6.313878,0.6986062526702881,0.39352306723594666,0.017332931980490685
YBL067C,YDR219C,1,6.3104143,0.6991304159164429,0.3945044279098511,0.017332931980490685
YGL070C,YDL113C,0,6.3099747,0.6979166865348816,0.3945044279098511,0.017433123663067818
YOR090C,YDL113C,0,6.30646,0.6967071294784546,0.3945044279098511,0.0175333134829998
YDR260C,YHR027C,1,6.2916393,0.6972318291664124,0.3954857587814331,0.0175333134829998
YBR290W,YBR058C,1,6.289938,0.6977547407150269,0.3964671194553375,0.0175333134829998
YOR157C,YDL190C,1,6.284217,0.6982758641242981,0.39744848012924194,0.0175333134829998
YFL009W,YER012W,1,6.283583,0.6987951993942261,0.39842984080314636,0.0175333134829998
YGL096W,YPR133C,0,6.2829685,0.6975945234298706,0.39842984080314636,0.017633503302931786
YMR264W,YMR135C,1,6.2808056,0.698113203048706,0.3994112014770508,0.017633503302931786
YML092C,YMR153W,0,6.274518,0.6969178318977356,0.3994112014770508,0.01773369312286377
YDR255C,YBR105C,1,6.2726173,0.6974359154701233,0.4003925323486328,0.01773369312286377
YDL072C,YDL247W,0,6.268873,0.6962457299232483,0.4003925323486328,0.017833884805440903
YJR052W,YEL051W,0,6.2684526,0.695059597492218,0.4003925323486328,0.017934074625372887
YGL142C,YDL113C,0,6.2657404,0.6938775777816772,0.4003925323486328,0.01803426444530487
YIL106W,YDL123W,0,6.2623944,0.6926994919776917,0.4003925323486328,0.018134456127882004
YMR243C,YER100W,0,6.2619743,0.691525399684906,0.4003925323486328,0.018234645947813988
YDR204W,YDR190C,0,6.2618747,0.6903553009033203,0.4003925323486328,0.01833483576774597
YLR417W,YNL064C,1,6.257406,0.6908783912658691,0.40137389302253723,0.01833483576774597
YNL094W,YJL001W,0,6.2563195,0.6897132992744446,0.40137389302253723,0.018435027450323105
YER062C,YBR295W,0,6.2518415,0.68855220079422,0.40137389302253723,0.01853521727025509
YDR330W,YFL016C,1,6.2511563,0.6890756487846375,0.40235525369644165,0.01853521727025509
YOR319W,YKL002W,0,6.248408,0.6879194378852844,0.40235525369644165,0.018635407090187073
YJL034W,YOR249C,1,6.2477903,0.6884422302246094,0.40333661437034607,0.018635407090187073
YLR324W,YHR090C,0,6.247119,0.6872909665107727,0.40333661437034607,0.018735596910119057
YLR417W,YOR261C,1,6.244673,0.6878130435943604,0.4043179452419281,0.018735596910119057
YBL056W,YMR131C,0,6.2433386,0.6866666674613953,0.4043179452419281,0.01883578859269619
YMR161W,YHR027C,1,6.241501,0.6871880292892456,0.4052993059158325,0.01883578859269619
YGL058W,YMR022W,1,6.2377553,0.6877076625823975,0.40628066658973694,0.01883578859269619
YKL016C,YLL024C,0,6.2359934,0.6865671873092651,0.40628066658973694,0.018935978412628174
YLR200W,YOR059C,0,6.235463,0.6854304671287537,0.40628066658973694,0.019036168232560158
YKL002W,YGL094C,1,6.234761,0.6859503984451294,0.40726202726364136,0.019036168232560158
YAL056W,YBR112C,0,6.234572,0.6848185062408447,0.40726202726364136,0.01913635991513729
YLR119W,YPR066W,1,6.232509,0.6853377223014832,0.4082433879375458,0.01913635991513729
YML120C,YDR244W,0,6.231367,0.6842105388641357,0.4082433879375458,0.019236549735069275
YCL008C,YLR024C,1,6.231121,0.6847290396690369,0.4092247188091278,0.019236549735069275
YDR490C,YDL149W,0,6.2292757,0.6836065649986267,0.4092247188091278,0.01933673955500126
YMR184W,YNL064C,1,6.228592,0.6841244101524353,0.4102060794830322,0.01933673955500126
YGR184C,YBR058C,1,6.2270246,0.6846405267715454,0.41118744015693665,0.01933673955500126
YBL057C,YMR314W,1,6.2173433,0.6851549744606018,0.41216880083084106,0.01933673955500126
YBL007C,YML013W,0,6.2165904,0.6840391159057617,0.41216880083084106,0.019436929374933243
YPL130W,YHL021C,0,6.2080455,0.6829268336296082,0.41216880083084106,0.019537121057510376
YBL057C,YIR011C,1,6.2059445,0.6834415793418884,0.4131501615047455,0.019537121057510376
YDR457W,YBR273C,1,6.1947794,0.6839545965194702,0.4141314923763275,0.019537121057510376
YMR022W,YKL022C,1,6.1927195,0.6844660043716431,0.41511285305023193,0.019537121057510376
YER098W,YIL007C,1,6.1922264,0.6849757432937622,0.41609421372413635,0.019537121057510376
YKL081W,YDL149W,0,6.1903677,0.6838709712028503,0.41609421372413635,0.01963731087744236
YFR050C,YBR217W,1,6.1863647,0.684380054473877,0.41707557439804077,0.01963731087744236
YPL140C,YGR245C,0,6.1819468,0.6832797527313232,0.41707557439804077,0.019737500697374344
YLL036C,YLR128W,1,6.181548,0.6837881207466125,0.4180569052696228,0.019737500697374344
YDR260C,YLR097C,1,6.178274,0.6842948794364929,0.4190382659435272,0.019737500697374344
YNR026C,YBR082C,1,6.174613,0.6848000288009644,0.42001962661743164,0.019737500697374344
YML097C,YER144C,1,6.172386,0.6853035092353821,0.42100098729133606,0.019737500697374344
YDR092W,YFL044C,1,6.171404,0.6858054399490356,0.4219823479652405,0.019737500697374344
YKL041W,YFR005C,1,6.167918,0.6863057613372803,0.4229636788368225,0.019737500697374344
YLR093C,YPR169W,0,6.1635113,0.685214638710022,0.4229636788368225,0.019837692379951477
YBR005W,YHL003C,0,6.1609583,0.6841269731521606,0.4229636788368225,0.01993788219988346
YKL026C,YGL070C,0,6.1572065,0.6830427646636963,0.4229636788368225,0.020038072019815445
YBR058C,YLR208W,1,6.1528397,0.6835442781448364,0.42394503951072693,0.020038072019815445
YOR057W,YLR208W,1,6.1431336,0.6840442419052124,0.42492640018463135,0.020038072019815445
YOR372C,YOL032W,0,6.138198,0.6829652786254883,0.42492640018463135,0.02013826183974743
YIL030C,YHR171W,1,6.1353273,0.6834645867347717,0.42590776085853577,0.02013826183974743
YPL046C,YCL039W,1,6.1303487,0.6839622855186462,0.4268891215324402,0.02013826183974743
YJL057C,YJR050W,0,6.1278963,0.6828885674476624,0.4268891215324402,0.020238453522324562
YLR417W,YBR119W,0,6.1269264,0.6818181872367859,0.4268891215324402,0.020338643342256546
YLR181C,YNL081C,0,6.1258254,0.6807511448860168,0.4268891215324402,0.02043883316218853
YFR024C-A,YPR143W,0,6.1219883,0.6796875,0.4268891215324402,0.020539024844765663
YIL098C,YMR002W,0,6.116725,0.6786271333694458,0.4268891215324402,0.020639214664697647
YDR002W,YFR052W,1,6.1145706,0.6791277527809143,0.4278704524040222,0.020639214664697647
YER176W,YJR050W,0,6.111951,0.6780715584754944,0.4278704524040222,0.02073940448462963
YIL036W,YDL087C,0,6.107828,0.6770186424255371,0.4278704524040222,0.020839594304561615
YDR328C,YMR184W,1,6.1029224,0.6775193810462952,0.42885181307792664,0.020839594304561615
YGL058W,YHR114W,0,6.102647,0.6764705777168274,0.42885181307792664,0.020939785987138748
YCL044C,YLR025W,1,6.100352,0.6769706606864929,0.42983317375183105,0.020939785987138748
YPL120W,YCL016C,0,6.0962667,0.6759259104728699,0.42983317375183105,0.021039975807070732
YMR275C,YER144C,1,6.0906534,0.6764252781867981,0.4308145344257355,0.021039975807070732
YDR255C,YOR256C,1,6.0899806,0.6769230961799622,0.4317958652973175,0.021039975807070732
YKL129C,YDR439W,0,6.082163,0.6758832335472107,0.4317958652973175,0.021140165627002716
YKL002W,YDR313C,1,6.0754366,0.6763803958892822,0.4327772259712219,0.021140165627002716
YFR050C,YNL311C,1,6.07428,0.6768759489059448,0.43375858664512634,0.021140165627002716
YHR006W,YDR261C,0,6.074113,0.6758409738540649,0.43375858664512634,0.02124035730957985
YLR119W,YIL097W,1,6.071341,0.676335871219635,0.43473994731903076,0.02124035730957985
YKL041W,YML097C,1,6.069872,0.6768292784690857,0.4357213079929352,0.02124035730957985
YDR148C,YGR260W,0,6.0666246,0.6757990717887878,0.4357213079929352,0.021340547129511833
YPL239W,YCL039W,0,6.0615125,0.6747720241546631,0.4357213079929352,0.021440736949443817
YPL013C,YOR109W,0,6.0610075,0.6737480759620667,0.4357213079929352,0.02154092863202095
YDR390C,YOR261C,1,6.059519,0.6742424368858337,0.4367026388645172,0.02154092863202095
YJR084W,YOR086C,0,6.0502806,0.6732223629951477,0.4367026388645172,0.021641118451952934
YGR005C,YMR072W,0,6.0498304,0.6722054481506348,0.4367026388645172,0.021741308271884918
YJR049C,YFR014C,0,6.046725,0.6711915731430054,0.4367026388645172,0.021841498091816902
YDR122W,YHR106W,0,6.045763,0.6701807379722595,0.4367026388645172,0.021941689774394035
YEL052W,YGL011C,1,6.0439863,0.6706767082214355,0.43768399953842163,0.021941689774394035
YDL113C,YBL072C,0,6.038394,0.6696696877479553,0.43768399953842163,0.02204187959432602
YGL096W,YDR464W,0,6.035928,0.6686656475067139,0.43768399953842163,0.022142069414258003
YML023C,YLR189C,0,6.0332375,0.667664647102356,0.43768399953842163,0.022242261096835136
YPL145C,YHR157W,0,6.030754,0.6666666865348816,0.43768399953842163,0.02234245091676712
YKL054C,YCL052C,1,6.0281124,0.6671642065048218,0.43866536021232605,0.02234245091676712
YER028C,YOR273C,0,6.0250654,0.6661698818206787,0.43866536021232605,0.022442640736699104
YLR284C,YBR188C,0,6.023097,0.6651785969734192,0.43866536021232605,0.022542830556631088
YKR100C,YNL294C,0,6.0226574,0.6641901731491089,0.43866536021232605,0.02264302223920822
YPL046C,YHR171W,1,6.0218344,0.6646884083747864,0.43964672088623047,0.02264302223920822
YDR515W,YMR002W,0,6.020793,0.6637036800384521,0.43964672088623047,0.022743212059140205
YLR119W,YPL084W,1,6.0185013,0.6642012000083923,0.4406280815601349,0.022743212059140205
YLR417W,YBR272C,0,6.0175138,0.6632201075553894,0.4406280815601349,0.02284340187907219
YML021C,YGL096W,0,6.0172167,0.6622418761253357,0.4406280815601349,0.022943593561649323
YDR394W,YNL311C,1,6.0153074,0.6627393364906311,0.4416094124317169,0.022943593561649323
YBR272C,YDR080W,0,6.013012,0.6617646813392639,0.4416094124317169,0.023043783381581306
YLR284C,YOR250C,0,6.0124793,0.6607929468154907,0.4416094124317169,0.02314397320151329
YLR293C,YMR322C,0,6.005537,0.6598240733146667,0.4416094124317169,0.023244163021445274
YPL100W,YOR109W,0,5.9941463,0.6588580012321472,0.4416094124317169,0.023344354704022408
YDL235C,YIL107C,0,5.9890313,0.6578947305679321,0.4416094124317169,0.02344454452395439
YIL036W,YKL045W,0,5.9844837,0.6569343209266663,0.4416094124317169,0.023544734343886375
YDL175C,YOR157C,0,5.975857,0.6559766530990601,0.4416094124317169,0.02364492602646351
YER142C,YER139C,0,5.975813,0.6550218462944031,0.4416094124317169,0.023745115846395493
YHR006W,YMR110C,0,5.9753604,0.6540697813034058,0.4416094124317169,0.023845305666327477
YOR252W,YDR435C,0,5.9700575,0.6531204581260681,0.4416094124317169,0.02394549734890461
YOR110W,YOR059C,0,5.9665117,0.6521739363670349,0.4416094124317169,0.024045687168836594
YGR161C,YJL001W,0,5.9662657,0.6512300968170166,0.4416094124317169,0.024145876988768578
YML057W,YBL047C,0,5.962359,0.650288999080658,0.4416094124317169,0.02424606680870056
YPL120W,YPR017C,0,5.9611654,0.649350643157959,0.4416094124317169,0.024346258491277695
YML057W,YGL151W,0,5.958975,0.6484149694442749,0.4416094124317169,0.02444644831120968
YLR093C,YMR156C,0,5.957673,0.6474820375442505,0.4416094124317169,0.024546638131141663
YNL008C,YAL058W,1,5.956781,0.647988498210907,0.44259077310562134,0.024546638131141663
YMR110C,YMR313C,0,5.956524,0.6470588445663452,0.44259077310562134,0.024646829813718796
YKR079C,YHL021C,0,5.953622,0.6461318135261536,0.44259077310562134,0.02474701963365078
YNR059W,YBR045C,0,5.952914,0.6452074646949768,0.44259077310562134,0.024847209453582764
YJL047C,YGL141W,1,5.948101,0.645714282989502,0.44357213377952576,0.024847209453582764
YDR482C,YDR435C,0,5.9472656,0.6447931528091431,0.44357213377952576,0.024947399273514748
YDR007W,YKL081W,0,5.946392,0.6438746452331543,0.44357213377952576,0.02504759095609188
YLR093C,YDR289C,0,5.946082,0.6429587602615356,0.44357213377952576,0.025147780776023865
YOR272W,YPR155C,0,5.945468,0.6420454382896423,0.44357213377952576,0.02524797059595585
YGR120C,YPL179W,0,5.9448395,0.6411347389221191,0.44357213377952576,0.025348162278532982
YMR041C,YPR068C,0,5.944638,0.6402266025543213,0.44357213377952576,0.025448352098464966
YLR127C,YJL001W,1,5.940627,0.6407355070114136,0.4445534944534302,0.025448352098464966
YDL091C,YPL072W,1,5.937349,0.6412429213523865,0.4455348253250122,0.025448352098464966
YIR025W,YJR099W,1,5.9366064,0.6417489647865295,0.4465161859989166,0.025448352098464966
YHR150W,YCL039W,0,5.9355593,0.6408450603485107,0.4465161859989166,0.02554854191839695
YIL107C,YLR409C,0,5.9322667,0.6399437189102173,0.4465161859989166,0.025648731738328934
YNL063W,YDL149W,0,5.931857,0.6390449404716492,0.4465161859989166,0.025748923420906067
YOR157C,YBL091C,0,5.9316597,0.6381486654281616,0.4465161859989166,0.02584911324083805
YOR339C,YER151C,1,5.9296317,0.6386554837226868,0.44749754667282104,0.02584911324083805
YOL133W,YEL052W,1,5.929033,0.6391608119010925,0.44847890734672546,0.02584911324083805
YFR010W,YOR250C,0,5.9287825,0.6382681727409363,0.44847890734672546,0.025949303060770035
YAL007C,YGL087C,0,5.927417,0.6373779773712158,0.44847890734672546,0.026049494743347168
YKR007W,YMR275C,0,5.924813,0.6364902257919312,0.44847890734672546,0.026149684563279152
YPR143W,YDL106C,0,5.9221582,0.635604977607727,0.44847890734672546,0.026249874383211136
YOR158W,YLR328W,0,5.9218345,0.6347222328186035,0.44847890734672546,0.02635006420314312
YOR363C,YDL113C,0,5.921527,0.633841872215271,0.44847890734672546,0.026450255885720253
YNL183C,YPR143W,0,5.9157615,0.632964015007019,0.44847890734672546,0.026550445705652237
YIL014W,YKL040C,0,5.9148455,0.6320885419845581,0.44847890734672546,0.02665063552558422
YLR193C,YOR157C,0,5.9122233,0.6312154531478882,0.44847890734672546,0.026750827208161354
YBR173C,YLR097C,1,5.9119678,0.6317241191864014,0.4494602680206299,0.026750827208161354
YNL214W,YDR176W,0,5.910693,0.6308540105819702,0.4494602680206299,0.026851017028093338
YDR188W,YGL093W,0,5.90796,0.6299862265586853,0.4494602680206299,0.026951206848025322
YGL104C,YOL078W,0,5.907225,0.6291208863258362,0.4494602680206299,0.027051398530602455
YDR002W,YNL173C,0,5.9044995,0.6282578706741333,0.4494602680206299,0.02715158835053444
YPL002C,YOR261C,1,5.903664,0.6287671327590942,0.4504415988922119,0.02715158835053444
YPR055W,YDR004W,0,5.901838,0.6279069781303406,0.4504415988922119,0.027251778170466423
YNL173C,YNR019W,0,5.8964562,0.6270492076873779,0.4504415988922119,0.027351967990398407
YOR124C,YLR306W,1,5.8898153,0.6275579929351807,0.45142295956611633,0.027351967990398407
YDR490C,YPR155C,0,5.887455,0.6267030239105225,0.45142295956611633,0.02745215967297554
YIL043C,YPL006W,0,5.8856077,0.6258503198623657,0.45142295956611633,0.027552349492907524
YPR134W,YOR359W,0,5.8849754,0.625,0.45142295956611633,0.027652539312839508
YDL097C,YBR105C,1,5.879907,0.6255088448524475,0.45240432024002075,0.027652539312839508
YHR166C,YDL190C,1,5.877422,0.6260162591934204,0.45338568091392517,0.027652539312839508
YKL206C,YEL037C,1,5.8762245,0.6265223026275635,0.4543670117855072,0.027652539312839508
YGL196W,YLR352W,0,5.8737755,0.6256756782531738,0.4543670117855072,0.02775273099541664
YLR306W,YDR427W,1,5.870119,0.6261808276176453,0.4553483724594116,0.02775273099541664
YLR055C,YBR193C,0,5.868869,0.6253369450569153,0.4553483724594116,0.027852920815348625
YKL033W,YNL173C,0,5.8674383,0.624495267868042,0.4553483724594116,0.02795311063528061
YNL287W,YGL045W,0,5.864917,0.6236559152603149,0.4553483724594116,0.028053300455212593
YPL120W,YGL196W,0,5.863903,0.6228187680244446,0.4553483724594116,0.028153492137789726
YPR180W,YHR106W,0,5.8608866,0.6219838857650757,0.4553483724594116,0.02825368195772171
YHR006W,YHR150W,0,5.85894,0.6211512684822083,0.4553483724594116,0.028353871777653694
YLR102C,YCR086W,0,5.8575172,0.6203208565711975,0.4553483724594116,0.028454063460230827
YML101C,YLR060W,0,5.8571806,0.6194926500320435,0.4553483724594116,0.02855425328016281
YNL051W,YOR236W,0,5.85617,0.6186666488647461,0.4553483724594116,0.028654443100094795
YER094C,YIL046W,1,5.8538876,0.6191744208335876,0.45632973313331604,0.028654443100094795
YLR060W,YLR189C,0,5.853818,0.6183510422706604,0.45632973313331604,0.02875463292002678
YIL052C,YBR065C,0,5.853633,0.6175298690795898,0.45632973313331604,0.028854824602603912
YNR026C,YPL120W,1,5.850465,0.6180371642112732,0.45731109380722046,0.028854824602603912
YOR236W,YPR120C,0,5.842084,0.617218554019928,0.45731109380722046,0.028955014422535896
YOL009C,YBR180W,0,5.8410416,0.6164020895957947,0.45731109380722046,0.02905520424246788
YPL120W,YFR025C,0,5.8321505,0.6155878305435181,0.45731109380722046,0.029155395925045013
YGR046W,YJL168C,0,5.827303,0.6147757172584534,0.45731109380722046,0.029255585744976997
YER062C,YDR438W,0,5.8248944,0.6139657497406006,0.45731109380722046,0.02935577556490898
YLR324W,YBR091C,0,5.824381,0.6131578683853149,0.45731109380722046,0.029455967247486115
YPL046C,YLR378C,1,5.8191924,0.6136662364006042,0.4582924544811249,0.029455967247486115
YLR258W,YBL072C,0,5.8168783,0.612860918045044,0.4582924544811249,0.0295561570674181
YDR528W,YBR295W,0,5.8167496,0.6120576858520508,0.4582924544811249,0.029656346887350082
YML098W,YML055W,0,5.815308,0.6112565398216248,0.4582924544811249,0.029756536707282066
YDL007W,YLR417W,1,5.815154,0.6117647290229797,0.4592737853527069,0.029756536707282066
YML092C,YKL090W,1,5.814981,0.6122715473175049,0.46025514602661133,0.029756536707282066
YDL091C,YKL194C,0,5.8111515,0.6114732623100281,0.46025514602661133,0.0298567283898592
YLR128W,YPL120W,1,5.8057394,0.6119791865348816,0.46123650670051575,0.0298567283898592
YLR417W,YEL052W,1,5.805548,0.6124837398529053,0.46221786737442017,0.0298567283898592
YMR041C,YPR003C,0,5.7974815,0.6116883158683777,0.46221786737442017,0.029956918209791183
YCL008C,YPR024W,1,5.793853,0.6121919751167297,0.4631992280483246,0.029956918209791183
YLR102C,YJL149W,1,5.7933717,0.6126943230628967,0.4641805589199066,0.029956918209791183
YMR276W,YDR086C,1,5.7917128,0.6131953597068787,0.46516191959381104,0.029956918209791183
YPL003W,YAL058W,1,5.7852397,0.6136950850486755,0.46614328026771545,0.029956918209791183
YNL183C,YDL247W,0,5.782796,0.6129032373428345,0.46614328026771545,0.030057108029723167
YDR513W,YJL013C,0,5.782339,0.6121134161949158,0.46614328026771545,0.0301572997123003
YDR139C,YDL190C,1,5.781971,0.6126126050949097,0.4671246409416199,0.0301572997123003
YCL039W,YLR068W,0,5.779951,0.611825168132782,0.4671246409416199,0.030257489532232285
YGL027C,YGL096W,0,5.7784414,0.6110398173332214,0.4671246409416199,0.03035767935216427
YDR129C,YDR002W,0,5.7750716,0.6102564334869385,0.4671246409416199,0.030457869172096252
YBR054W,YBR208C,0,5.7748804,0.6094750165939331,0.4671246409416199,0.030558060854673386
YNL183C,YNL246W,0,5.774521,0.6086956262588501,0.4671246409416199,0.03065825067460537
YOR136W,YDR246W,0,5.7735286,0.6079182624816895,0.4671246409416199,0.030758440494537354
YNL103W,YOR090C,0,5.772378,0.6071428656578064,0.4671246409416199,0.030858632177114487
YDR513W,YNL318C,0,5.7694373,0.6063694357872009,0.4671246409416199,0.03095882199704647
YFL044C,YNL159C,1,5.7684364,0.6068702340126038,0.4681059718132019,0.03095882199704647
YOL135C,YLR260W,0,5.7684307,0.6060991287231445,0.4681059718132019,0.031059011816978455
YGL096W,YNL156C,0,5.763997,0.6053299307823181,0.4681059718132019,0.03115920163691044
YGL098W,YDR235W,0,5.7638674,0.6045627593994141,0.4681059718132019,0.03125939145684242
YIL075C,YOR380W,0,5.7592297,0.6037974953651428,0.4681059718132019,0.031359583139419556
YDL113C,YNL133C,0,5.757533,0.6030341386795044,0.4681059718132019,0.03145977482199669
YFL044C,YDR118W,1,5.7572517,0.6035353541374207,0.4690873324871063,0.03145977482199669
YKL124W,YER144C,1,5.755807,0.6040353178977966,0.47006869316101074,0.03145977482199669
YDL122W,YJL001W,1,5.752318,0.6045340299606323,0.47105005383491516,0.03145977482199669
YGL087C,YDR292C,0,5.7491646,0.6037735939025879,0.47105005383491516,0.031559962779283524
YGR004W,YLR011W,0,5.745986,0.6030150651931763,0.47105005383491516,0.03166015446186066
YDR515W,YKR049C,0,5.745854,0.6022584438323975,0.47105005383491516,0.03176034614443779
YKL149C,YPL006W,0,5.7439995,0.6015037298202515,0.47105005383491516,0.031860534101724625
YPL169C,YIL107C,0,5.741526,0.6007509231567383,0.47105005383491516,0.03196072578430176
YPR003C,YJR123W,0,5.741089,0.6000000238418579,0.47105005383491516,0.03206091746687889
YIL056W,YDR005C,0,5.7382073,0.5992509126663208,0.47105005383491516,0.032161105424165726
YDR256C,YGL219C,0,5.737169,0.5985037684440613,0.47105005383491516,0.03226129710674286
YNL076W,YGL053W,0,5.736874,0.597758412361145,0.47105005383491516,0.032361485064029694
YLR115W,YBR094W,0,5.7351375,0.5970149040222168,0.47105005383491516,0.03246167674660683
YGR253C,YDR131C,1,5.7341275,0.5975155234336853,0.4720314145088196,0.03246167674660683
YBR107C,YDL106C,0,5.7319584,0.5967742204666138,0.4720314145088196,0.03256186842918396
YOL076W,YGL006W,0,5.7318134,0.5960347056388855,0.4720314145088196,0.032662056386470795
YCR036W,YKR031C,0,5.73007,0.5952970385551453,0.4720314145088196,0.03276224806904793
YNL286W,YDL139C,0,5.7284727,0.5945611596107483,0.4720314145088196,0.03286243975162506
YFR005C,YGR253C,1,5.728342,0.595061719417572,0.4730127453804016,0.03286243975162506
YMR091C,YIL062C,0,5.7282047,0.594327986240387,0.4730127453804016,0.032962627708911896
YKL110C,YDL149W,0,5.7210994,0.5935960412025452,0.4730127453804016,0.03306281939148903
YOL013C,YML097C,1,5.7210197,0.5940959453582764,0.47399410605430603,0.03306281939148903
YMR115W,YPR066W,1,5.7204103,0.5945945978164673,0.47497546672821045,0.03306281939148903
YLL036C,YER144C,1,5.7186356,0.5950919985771179,0.47595682740211487,0.03306281939148903
YHR134W,YDL091C,1,5.7128935,0.595588207244873,0.4769381880760193,0.03306281939148903
YKR093W,YOL126C,0,5.7097034,0.59485924243927,0.4769381880760193,0.03316301107406616
YLR118C,YDR280W,0,5.7083654,0.5941320061683655,0.4769381880760193,0.033263199031353
YFR049W,YLR384C,0,5.7072005,0.593406617641449,0.4769381880760193,0.03336339071393013
YBR101C,YNL054W,0,5.7067337,0.5926828980445862,0.4769381880760193,0.03346358239650726
YBL084C,YFL009W,1,5.7057962,0.5931790471076965,0.4779195189476013,0.03346358239650726
YPR148C,YBR295W,0,5.701845,0.5924574136734009,0.4779195189476013,0.0335637703537941
YER100W,YER129W,0,5.7015033,0.5917375683784485,0.4779195189476013,0.03366396203637123
YGL098W,YKL129C,0,5.6931753,0.5910193920135498,0.4779195189476013,0.033764153718948364
YGR184C,YBR082C,1,5.691787,0.5915151238441467,0.47890087962150574,0.033764153718948364
YBR046C,YPL248C,0,5.6879225,0.5907990336418152,0.47890087962150574,0.0338643416762352
YCL039W,YKL002W,1,5.6879086,0.5912938117980957,0.47988224029541016,0.0338643416762352
YMR119W,YPL084W,1,5.686822,0.5917874574661255,0.4808636009693146,0.0338643416762352
YPL203W,YLR292C,0,5.6867495,0.5910735726356506,0.4808636009693146,0.03396453335881233
YLR367W,YKR049C,0,5.6846633,0.5903614163398743,0.4808636009693146,0.03406472131609917
YDR213W,YDR204W,0,5.6839466,0.5896510481834412,0.4808636009693146,0.0341649129986763
YMR318C,YBR191W,0,5.683571,0.588942289352417,0.4808636009693146,0.03426510468125343
YDR098C,YMR041C,0,5.6831627,0.5882353186607361,0.4808636009693146,0.03436529263854027
YNL250W,YNL094W,0,5.6799784,0.5875299572944641,0.4808636009693146,0.0344654843211174
YOL133W,YMR223W,1,5.679587,0.5880239605903625,0.4818449318408966,0.0344654843211174
YIL144W,YLR093C,0,5.677083,0.5873205661773682,0.4818449318408966,0.034565676003694534
YFL009W,YGL141W,1,5.67113,0.5878136157989502,0.482826292514801,0.034565676003694534
YBR272C,YOR060C,0,5.6696644,0.5871121883392334,0.482826292514801,0.03466586396098137
YDR260C,YNL212W,1,5.6686954,0.587604284286499,0.48380765318870544,0.03466586396098137
YNL156C,YPR133C,0,5.6682296,0.586904764175415,0.48380765318870544,0.0347660556435585
YIR019C,YJL180C,0,5.665658,0.5862069129943848,0.48380765318870544,0.034866247326135635
YDR328C,YBL057C,1,5.6648836,0.5866983532905579,0.48478901386260986,0.034866247326135635
YCR024C,YOR132W,0,5.6636868,0.5860023498535156,0.48478901386260986,0.03496643528342247
YNR019W,YDR080W,0,5.662883,0.5853080749511719,0.48478901386260986,0.0350666269659996
YMR275C,YLR127C,1,5.6624928,0.5857987999916077,0.4857703745365143,0.0350666269659996
YOR090C,YPL004C,0,5.6617928,0.585106372833252,0.4857703745365143,0.035166818648576736
YDR482C,YMR072W,0,5.6578674,0.5844155550003052,0.4857703745365143,0.03526700660586357
YER125W,YOR259C,1,5.6572967,0.5849056839942932,0.4867517054080963,0.03526700660586357
YJL174W,YLR247C,0,5.6528945,0.5842167139053345,0.4867517054080963,0.035367198288440704
YJL057C,YDR259C,0,5.6484046,0.5835294127464294,0.4867517054080963,0.03546738624572754
YER100W,YDR086C,1,5.645054,0.5840188264846802,0.48773306608200073,0.03546738624572754
YNR069C,YBR201W,1,5.641885,0.5845070481300354,0.48871442675590515,0.03546738624572754
YOR253W,YGL198W,0,5.6393323,0.5838218331336975,0.48871442675590515,0.03556757792830467
YKL124W,YPL065W,1,5.6384435,0.5843091607093811,0.48969578742980957,0.03556757792830467
YIL030C,YOR259C,1,5.636599,0.5847952961921692,0.490677148103714,0.03556757792830467
YDR204W,YMR242C,0,5.6364846,0.5841121673583984,0.490677148103714,0.035667769610881805
YOL012C,YBR015C,0,5.636339,0.5834305882453918,0.490677148103714,0.03576795756816864
YBL051C,YLR248W,0,5.6359367,0.5827505588531494,0.490677148103714,0.03586814925074577
YDR189W,YPL120W,0,5.635086,0.5820721983909607,0.490677148103714,0.035968340933322906
YGL058W,YLR024C,1,5.633986,0.5825581550598145,0.491658478975296,0.035968340933322906
YIL075C,YKL099C,0,5.6319714,0.5818815231323242,0.491658478975296,0.03606852889060974
YGR003W,YNL159C,1,5.629592,0.5823665857315063,0.49263983964920044,0.03606852889060974
YDR175C,YKL040C,0,5.628807,0.5816918015480042,0.49263983964920044,0.036168720573186874
YOR380W,YKL145W,0,5.625923,0.5810185074806213,0.49263983964920044,0.03626891225576401
YIL075C,YJL048C,1,5.625845,0.5815029144287109,0.49362120032310486,0.03626891225576401
YJL149W,YOR261C,1,5.6250463,0.581986129283905,0.4946025609970093,0.03626891225576401
YOR117W,YPL126W,0,5.624421,0.5813148617744446,0.4946025609970093,0.03636910021305084
YDR118W,YOR339C,1,5.6242256,0.5817972421646118,0.4955838918685913,0.03636910021305084
YFL056C,YJL096W,0,5.6210504,0.5811277627944946,0.4955838918685913,0.036469291895627975
YDR255C,YFR036W,1,5.6198483,0.5816091895103455,0.4965652525424957,0.036469291895627975
YLR127C,YBR201W,1,5.61833,0.5820895433425903,0.49754661321640015,0.036469291895627975
YKL138C,YKL079W,0,5.61831,0.5814220309257507,0.49754661321640015,0.03656948357820511
YPR188C,YDR303C,0,5.615874,0.5807560086250305,0.49754661321640015,0.03666967153549194
YGL142C,YHR193C,0,5.6156254,0.5800915360450745,0.49754661321640015,0.03676986321806908
YBR290W,YOR259C,1,5.612159,0.5805714130401611,0.49852797389030457,0.03676986321806908
YER028C,YPR057W,0,5.6105766,0.5799086689949036,0.49852797389030457,0.03687005490064621
YHR166C,YDL126C,1,5.610328,0.5803877115249634,0.499509334564209,0.03687005490064621
YBR272C,YJL001W,0,5.6055903,0.5797266364097595,0.499509334564209,0.036970242857933044
YNR030W,YGL219C,0,5.602599,0.5790671110153198,0.499509334564209,0.03707043454051018
YBL080C,YDR129C,0,5.5992937,0.5784090757369995,0.499509334564209,0.03717062249779701
YGL004C,YDL126C,1,5.5991726,0.5788876414299011,0.500490665435791,0.03717062249779701
YCL039W,YOR249C,1,5.5990624,0.579365074634552,0.5014720559120178,0.03717062249779701
YNL103W,YBR131W,0,5.598132,0.5787089467048645,0.5014720559120178,0.037270814180374146
YLR324W,YOR110W,0,5.5973167,0.5780543088912964,0.5014720559120178,0.03737100586295128
YML101C,YOR086C,0,5.596566,0.5774011015892029,0.5014720559120178,0.03747119382023811
YDR427W,YBR121C,0,5.594083,0.5767494440078735,0.5014720559120178,0.03757138550281525
YNL051W,YBR107C,0,5.5936785,0.5760992169380188,0.5014720559120178,0.03767157718539238
YDL247W,YOL009C,0,5.5913973,0.5754504799842834,0.5014720559120178,0.037771765142679214
YPL215W,YJR046W,0,5.5896306,0.5748031735420227,0.5014720559120178,0.03787195682525635
YMR264W,YOR259C,1,5.58639,0.5752809047698975,0.5024533867835999,0.03787195682525635
YMR184W,YFL025C,1,5.5856037,0.5757575631141663,0.5034347176551819,0.03787195682525635
YPL171C,YGR080W,0,5.584594,0.5751121044158936,0.5034347176551819,0.03797214850783348
YKR007W,YDR040C,0,5.5833993,0.5744680762290955,0.5034347176551819,0.038072336465120316
YBR168W,YHR106W,0,5.5829887,0.573825478553772,0.5034347176551819,0.03817252814769745
YGL098W,YNL133C,0,5.580594,0.5731843709945679,0.5034347176551819,0.03827271983027458
YDR313C,YDR427W,1,5.5799203,0.5736607313156128,0.5044161081314087,0.03827271983027458
YDR510W,YOR157C,1,5.5794516,0.5741360187530518,0.5053974390029907,0.03827271983027458
YOR334W,YGL093W,0,5.5792212,0.5734966397285461,0.5053974390029907,0.03837290778756142
YKL141W,YPL135W,0,5.578676,0.5728587508201599,0.5053974390029907,0.03847309947013855
YIR025W,YDL008W,1,5.575966,0.5733333230018616,0.5063788294792175,0.03847309947013855
YDR189W,YLL057C,0,5.5726023,0.5726969838142395,0.5063788294792175,0.038573287427425385
YNL103W,YBR193C,0,5.571862,0.572062075138092,0.5063788294792175,0.03867347911000252
YNL159C,YMR223W,1,5.5714493,0.5725359916687012,0.5073601603507996,0.03867347911000252
YLR258W,YDR273W,0,5.5694656,0.5719026327133179,0.5073601603507996,0.03877367079257965
YLR377C,YDL135C,0,5.5690584,0.5712707042694092,0.5073601603507996,0.038873858749866486
YLR324W,YNL025C,0,5.568649,0.5706402063369751,0.5073601603507996,0.03897405043244362
YHR134W,YFL044C,1,5.5685554,0.5711135864257812,0.5083414912223816,0.03897405043244362
YDR510W,YDR390C,1,5.5668983,0.5715858936309814,0.5093228816986084,0.03897405043244362
YMR077C,YFR005C,1,5.5661182,0.5720571875572205,0.5103042125701904,0.03897405043244362
YBR114W,YNL133C,0,5.564458,0.5714285969734192,0.5103042125701904,0.03907424211502075
YOR358W,YIL062C,0,5.561096,0.570801317691803,0.5103042125701904,0.03917443007230759
YER007C-A,YFL049W,0,5.559978,0.5701754093170166,0.5103042125701904,0.03927462175488472
YPL145C,YIR031C,0,5.5585375,0.5695509314537048,0.5103042125701904,0.03937481343746185
YGL004C,YGL094C,1,5.558157,0.5700218677520752,0.5112856030464172,0.03937481343746185
YDR145W,YKR031C,0,5.556349,0.5693988800048828,0.5112856030464172,0.03947500139474869
YOR032C,YKL006W,0,5.5526977,0.5687772631645203,0.5112856030464172,0.03957519307732582
YJR084W,YDR100W,0,5.5511904,0.5681570172309875,0.5112856030464172,0.039675384759902954
YFL016C,YMR276W,1,5.546241,0.5686274766921997,0.5122669339179993,0.039675384759902954
YLR435W,YIL062C,0,5.5417414,0.5680087208747864,0.5122669339179993,0.03977557271718979
YDR471W,YOR032C,0,5.5416336,0.5673912763595581,0.5122669339179993,0.03987576439976692
YKL010C,YEL012W,1,5.540205,0.567861020565033,0.5132482647895813,0.03987576439976692
YER159C,YDR005C,0,5.54007,0.5672451257705688,0.5132482647895813,0.039975956082344055
YMR040W,YJL069C,0,5.5398445,0.5666305422782898,0.5132482647895813,0.04007614403963089
YKL034W,YDR457W,1,5.539137,0.5670995712280273,0.5142296552658081,0.04007614403963089
YIL068C,YAL051W,0,5.537097,0.5664864778518677,0.5142296552658081,0.04017633572220802
YKL141W,YFR050C,0,5.5365796,0.5658747553825378,0.5142296552658081,0.04027652367949486
YKR049C,YPR133C,0,5.5355034,0.5652642846107483,0.5142296552658081,0.04037671536207199
YLR248W,YPL239W,0,5.535266,0.5646551847457886,0.5142296552658081,0.040476907044649124
YML088W,YKL010C,1,5.5336943,0.5651237964630127,0.5152109861373901,0.040476907044649124
YNL045W,YLR247C,0,5.532242,0.5645161271095276,0.5152109861373901,0.04057709500193596
YJL057C,YJR109C,0,5.5312815,0.5639097690582275,0.5152109861373901,0.04067728668451309
YGL064C,YGL219C,0,5.526832,0.5633047223091125,0.5152109861373901,0.040777478367090225
YGL142C,YBR169C,0,5.526332,0.5627009868621826,0.5152109861373901,0.04087766632437706
YMR081C,YBR212W,0,5.525341,0.562098503112793,0.5152109861373901,0.04097785800695419
YFR050C,YDL145C,0,5.5241194,0.5614973306655884,0.5152109861373901,0.041078049689531326
YCR086W,YER143W,0,5.5214114,0.5608974099159241,0.5152109861373901,0.04117823764681816
YOL096C,YPL135W,0,5.520404,0.5602988004684448,0.5152109861373901,0.041278429329395294
YIL156W,YMR091C,0,5.518848,0.5597015023231506,0.5152109861373901,0.04137862101197243
YHL031C,YBR188C,0,5.5176864,0.5591054558753967,0.5152109861373901,0.04147880896925926
YAL051W,YER167W,0,5.5168486,0.5585106611251831,0.5152109861373901,0.041579000651836395
YDL223C,YBL047C,0,5.5158796,0.5579171180725098,0.5152109861373901,0.04167918860912323
YBR131W,YOR059C,0,5.512022,0.5573248267173767,0.5152109861373901,0.04177938029170036
YIL007C,YKL002W,1,5.5110435,0.5577942728996277,0.5161923170089722,0.04177938029170036
YOL009C,YJR052W,0,5.5107117,0.5572034120559692,0.5161923170089722,0.041879571974277496
YHR197W,YLR196W,0,5.509844,0.5566137433052063,0.5161923170089722,0.04197975993156433
YLR258W,YBR109C,0,5.508813,0.5560253858566284,0.5161923170089722,0.042079951614141464
YBR273C,YLR360W,1,5.5086513,0.5564941763877869,0.517173707485199,0.042079951614141464
YDR039C,YOR195W,0,5.5085926,0.5559071898460388,0.517173707485199,0.0421801432967186
YPL138C,YPR034W,0,5.5009108,0.5553213953971863,0.517173707485199,0.04228033125400543
YHR204W,YML013W,1,5.500187,0.5557894706726074,0.518155038356781,0.04228033125400543
YBR054W,YLR323C,0,5.4981694,0.5552050471305847,0.518155038356781,0.042380522936582565
YPR067W,YJL096W,0,5.4980955,0.5546218752861023,0.518155038356781,0.0424807146191597
YJL183W,YPL248C,0,5.4972134,0.5540398955345154,0.518155038356781,0.04258090257644653
YOR380W,YDL175C,0,5.4969263,0.553459107875824,0.518155038356781,0.042681094259023666
YER143W,YER109C,0,5.4950676,0.5528795719146729,0.518155038356781,0.0427812859416008
YKR064W,YLR363C,0,5.4928255,0.5523012280464172,0.518155038356781,0.042881473898887634
YNL173C,YGL127C,0,5.488289,0.5517241358757019,0.518155038356781,0.04298166558146477
YDL091C,YDR131C,1,5.4881153,0.5521920919418335,0.5191364288330078,0.04298166558146477
YDR145W,YBR089C-A,0,5.486892,0.5516162514686584,0.5191364288330078,0.0430818572640419
YJL073W,YHR200W,1,5.4864693,0.5520833134651184,0.5201177597045898,0.0430818572640419
YJL212C,YHR150W,0,5.4859962,0.5515088438987732,0.5201177597045898,0.043182045221328735
YCR091W,YBL072C,0,5.485533,0.5509355664253235,0.5201177597045898,0.04328223690390587
YFR027W,YOR086C,0,5.4816413,0.5503634214401245,0.5201177597045898,0.0433824248611927
YDL106C,YMR091C,0,5.4806986,0.5497925281524658,0.5201177597045898,0.043482616543769836
YIL007C,YPL176C,1,5.480549,0.5502590537071228,0.5210990905761719,0.043482616543769836
YLR220W,YLR068W,0,5.476351,0.5496894121170044,0.5210990905761719,0.04358280822634697
YDR118W,YPL084W,1,5.4744997,0.5501551032066345,0.5220804810523987,0.04358280822634697
YOR236W,YIL107C,0,5.473557,0.5495867729187012,0.5220804810523987,0.043682996183633804
YBR107C,YPL224C,0,5.470421,0.5490196347236633,0.5220804810523987,0.04378318786621094
YLR220W,YLR060W,0,5.468462,0.5484536290168762,0.5220804810523987,0.04388337954878807
YGL004C,YBR203W,1,5.463778,0.5489186644554138,0.5230618119239807,0.04388337954878807
YPL100W,YDR300C,0,5.462286,0.548353910446167,0.5230618119239807,0.043983567506074905
YDL122W,YML092C,1,5.4622474,0.5488181114196777,0.5240432024002075,0.043983567506074905
YNL025C,YIL014W,0,5.4615345,0.5482546091079712,0.5240432024002075,0.04408375918865204
YNL243W,YKR031C,0,5.4599996,0.5476922988891602,0.5240432024002075,0.04418395087122917
YGL092W,YBR045C,0,5.456652,0.5471311211585999,0.5240432024002075,0.044284138828516006
YPR155C,YOR254C,0,5.45487,0.5465711355209351,0.5240432024002075,0.04438433051109314
YMR119W,YJL001W,1,5.4547825,0.547034740447998,0.5250245332717896,0.04438433051109314
YDR422C,YPR155C,0,5.4541283,0.5464760065078735,0.5250245332717896,0.04448452219367027
YLR363C,YKL005C,0,5.451786,0.545918345451355,0.5250245332717896,0.04458471015095711
YPR131C,YLR054C,0,5.451233,0.5453618764877319,0.5250245332717896,0.04468490183353424
YLR377C,YAL028W,0,5.451026,0.5448065400123596,0.5250245332717896,0.044785093516111374
YGR217W,YDR289C,0,5.4510155,0.5442522764205933,0.5250245332717896,0.04488528147339821
YJL034W,YDR118W,1,5.449885,0.5447154641151428,0.5260058641433716,0.04488528147339821
YKL052C,YMR313C,0,5.44932,0.5441624522209167,0.5260058641433716,0.04498547315597534
YDR330W,YNL311C,1,5.4476194,0.5446247458457947,0.5269872546195984,0.04498547315597534
YOL076W,YHR024C,0,5.447001,0.5440729260444641,0.5269872546195984,0.045085661113262177
YPL203W,YOR358W,0,5.445759,0.5435222387313843,0.5269872546195984,0.04518585279583931
YCR036W,YGL061C,0,5.4431415,0.5429726839065552,0.5269872546195984,0.04528604447841644
YPR003C,YOR227W,0,5.4411516,0.5424242615699768,0.5269872546195984,0.04538623243570328
YCR036W,YLR333C,0,5.4410563,0.5418769121170044,0.5269872546195984,0.04548642411828041
YNL064C,YGL011C,1,5.4406867,0.5423387289047241,0.5279685854911804,0.04548642411828041
YMR081C,YIL148W,0,5.440349,0.5417925715446472,0.5279685854911804,0.045586615800857544
YPL224C,YMR230W,0,5.4402914,0.5412474870681763,0.5279685854911804,0.04568680375814438
YBR273C,YJL149W,1,5.440214,0.5417085289955139,0.5289499759674072,0.04568680375814438
YDR041W,YNR055C,0,5.4383097,0.5411646366119385,0.5289499759674072,0.04578699544072151
YLR119W,YOR259C,1,5.4363174,0.541624903678894,0.5299313068389893,0.04578699544072151
YDR219C,YPL084W,1,5.435969,0.5420841574668884,0.5309126377105713,0.04578699544072151
YER098W,YFR010W,1,5.4354334,0.5425425171852112,0.5318940281867981,0.04578699544072151
YBR191W,YCL067C,0,5.433376,0.5419999957084656,0.5318940281867981,0.045887187123298645
YML092C,YKL155C,0,5.4329233,0.5414585471153259,0.5318940281867981,0.04598737508058548
YLR277C,YFL005W,0,5.4309235,0.5409181714057922,0.5318940281867981,0.04608756676316261
YJL048C,YPL002C,1,5.430181,0.5413758754730225,0.5328753590583801,0.04608756676316261
YIL019W,YLR118C,0,5.4265175,0.5408366322517395,0.5328753590583801,0.046187758445739746
YMR322C,YPL248C,0,5.4263654,0.5402985215187073,0.5328753590583801,0.04628794640302658
YDR500C,YJL196C,0,5.426361,0.5397614240646362,0.5328753590583801,0.046388138085603714
YBR043C,YLR007W,0,5.426221,0.5392253994941711,0.5328753590583801,0.04648832604289055
YNL142W,YDR273W,0,5.4255514,0.538690447807312,0.5328753590583801,0.04658851772546768
YMR184W,YDR409W,1,5.4192543,0.539147675037384,0.5338567495346069,0.04658851772546768
YDR434W,YNR037C,0,5.414249,0.5386138558387756,0.5338567495346069,0.046688709408044815
YOR081C,YLR247C,0,5.413129,0.5380811095237732,0.5338567495346069,0.04678889736533165
YOR189W,YER033C,0,5.4110713,0.5375494360923767,0.5338567495346069,0.04688908904790878
YIL118W,YDR168W,0,5.4081936,0.5370187759399414,0.5338567495346069,0.046989280730485916
YGR184C,YBL057C,1,5.406337,0.5374753475189209,0.534838080406189,0.046989280730485916
YLR060W,YDL076C,0,5.406189,0.5369458198547363,0.534838080406189,0.04708946868777275
YOR250C,YMR040W,0,5.404682,0.5364173054695129,0.534838080406189,0.047189660370349884
YJL057C,YDR078C,0,5.402575,0.5358898639678955,0.534838080406189,0.04728985205292702
YGR202C,YDL091C,0,5.402357,0.5353634357452393,0.534838080406189,0.04739004001021385
YNL173C,YER159C,0,5.401251,0.534838080406189,0.534838080406189,0.047490231692790985
YJL183W,YCR105W,0,5.4011745,0.5343137383460999,0.534838080406189,0.04759042337536812
YMR040W,YKL006W,0,5.3995457,0.5337904095649719,0.534838080406189,0.04769061133265495
YML041C,YJR108W,0,5.3974266,0.5332680940628052,0.534838080406189,0.047790803015232086
YCR086W,YOR227W,0,5.396945,0.5327468514442444,0.534838080406189,0.04789099469780922
YDR400W,YKL213C,1,5.3962054,0.533203125,0.535819411277771,0.04789099469780922
YNR051C,YLR097C,1,5.3947845,0.5336585640907288,0.5368008017539978,0.04789099469780922
YLR207W,YJL149W,1,5.3929796,0.5341130495071411,0.5377821326255798,0.04789099469780922
YKL197C,YPR180W,0,5.387791,0.5335929989814758,0.5377821326255798,0.047991182655096054
YPL210C,YCL039W,0,5.3876977,0.533073902130127,0.5377821326255798,0.04809137433767319
YBR149W,YDR395W,0,5.384423,0.532555878162384,0.5377821326255798,0.04819156229496002
YGR046W,YHL025W,0,5.3842735,0.5320388078689575,0.5377821326255798,0.048291753977537155
YGR007W,YNL156C,0,5.380072,0.531522810459137,0.5377821326255798,0.04839194566011429
YMR022W,YER125W,1,5.3738437,0.5319767594337463,0.5387635231018066,0.04839194566011429
YMR275C,YNL181W,0,5.37147,0.531461775302887,0.5387635231018066,0.04849213361740112
YDR280W,YLR299W,0,5.3705506,0.5309478044509888,0.5387635231018066,0.048592325299978256
YKR100C,YOL032W,0,5.3703346,0.530434787273407,0.5387635231018066,0.04869251698255539
YKR034W,YPL173W,0,5.369561,0.5299227833747864,0.5387635231018066,0.048792704939842224
YIL118W,YPL248C,0,5.3685083,0.529411792755127,0.5387635231018066,0.04889289662241936
YFL056C,YNL038W,0,5.3657866,0.5289017558097839,0.5387635231018066,0.04899308830499649
YDL230W,YML041C,0,5.364193,0.5283926725387573,0.5387635231018066,0.049093276262283325
YIL153W,YPR180W,0,5.363762,0.5278846025466919,0.5387635231018066,0.04919346794486046
YPR143W,YOL126C,0,5.359741,0.5273775458335876,0.5387635231018066,0.04929365962743759
YJR090C,YIL046W,1,5.358996,0.5278310775756836,0.5397448539733887,0.04929365962743759
YJR035W,YHR149C,0,5.3582373,0.5273250341415405,0.5397448539733887,0.049393847584724426
YER179W,YBR191W,0,5.3566513,0.5268199443817139,0.5397448539733887,0.04949403926730156
YDR244W,YBR191W,0,5.3565903,0.5263158082962036,0.5397448539733887,0.049594227224588394
YDR244W,YBL072C,0,5.355983,0.5258126258850098,0.5397448539733887,0.04969441890716553
YFR050C,YLR181C,0,5.354068,0.5253103971481323,0.5397448539733887,0.04979461058974266
YDR439W,YFR014C,0,5.3481135,0.5248091816902161,0.5397448539733887,0.049894798547029495
YOL121C,YOR259C,0,5.3479424,0.5243088603019714,0.5397448539733887,0.04999499022960663
YGR082W,YDR276C,0,5.346801,0.523809552192688,0.5397448539733887,0.05009518191218376
YCL051W,YGL144C,0,5.346068,0.5233111381530762,0.5397448539733887,0.050195369869470596
YIL147C,YMR040W,0,5.345276,0.5228136777877808,0.5397448539733887,0.05029556155204773
YFR010W,YDR086C,1,5.341915,0.5232668519020081,0.5407261848449707,0.05029556155204773
YBR054W,YBR065C,0,5.3409944,0.5227704048156738,0.5407261848449707,0.05039575323462486
YDR287W,YDR021W,0,5.3393583,0.5222748517990112,0.5407261848449707,0.0504959411919117
YOR087W,YGR094W,0,5.337321,0.5217803120613098,0.5407261848449707,0.05059613287448883
YPL003W,YLR024C,1,5.335663,0.522232711315155,0.5417075753211975,0.05059613287448883
YCR036W,YGR211W,0,5.330577,0.52173912525177,0.5417075753211975,0.050696324557065964
YLR004C,YKR083C,0,5.327861,0.5212464332580566,0.5417075753211975,0.0507965125143528
YIL036W,YKL155C,0,5.3257504,0.5207546949386597,0.5417075753211975,0.05089670419692993
YBR101C,YOR032C,0,5.3257384,0.5202639102935791,0.5417075753211975,0.050996895879507065
YNL223W,YLR128W,1,5.325355,0.5207156538963318,0.5426889061927795,0.050996895879507065
YCL008C,YMR304W,1,5.322536,0.5211665034294128,0.5436702370643616,0.050996895879507065
YPL215W,YKL138C,0,5.3217926,0.5206766724586487,0.5436702370643616,0.0510970838367939
YEL005C,YDR515W,0,5.321629,0.5201877951622009,0.5436702370643616,0.05119727551937103
YDR213W,YOR363C,0,5.320719,0.5196998119354248,0.5436702370643616,0.05129746347665787
YIR004W,YPR133C,0,5.31593,0.5192127227783203,0.5436702370643616,0.051397655159235
YFL049W,YFR050C,1,5.3140965,0.5196629166603088,0.5446516275405884,0.051397655159235
YEL006W,YIL005W,0,5.313118,0.5191767811775208,0.5446516275405884,0.051497846841812134
YPR120C,YLR435W,0,5.312874,0.5186915993690491,0.5446516275405884,0.05159803479909897
YFL009W,YDR139C,1,5.3128324,0.5191410183906555,0.5456329584121704,0.05159803479909897
YBL087C,YPR037C,0,5.31181,0.5186567306518555,0.5456329584121704,0.0516982264816761
YDR004W,YNL094W,0,5.3107305,0.518173336982727,0.5456329584121704,0.051798418164253235
YGL073W,YDL018C,0,5.310113,0.517690896987915,0.5456329584121704,0.05189860612154007
YNL008C,YCR066W,1,5.30949,0.5181395411491394,0.5466143488883972,0.05189860612154007
YAL011W,YDR217C,0,5.3061657,0.517657995223999,0.5466143488883972,0.0519987978041172
YKL210W,YDR054C,1,5.304724,0.5181058645248413,0.5475956797599792,0.0519987978041172
YDR092W,YOR236W,0,5.303709,0.5176252126693726,0.5475956797599792,0.052098989486694336
YCL044C,YNR069C,1,5.30266,0.5180723071098328,0.5485770106315613,0.052098989486694336
YPL020C,YMR276W,1,5.3017144,0.5185185074806213,0.5495584011077881,0.052098989486694336
YAL051W,YBR094W,0,5.299384,0.5180388689041138,0.5495584011077881,0.05219917744398117
YLR284C,YJL094C,0,5.2978053,0.5175600647926331,0.5495584011077881,0.052299369126558304
YAL002W,YGL151W,0,5.297418,0.517082154750824,0.5495584011077881,0.05239956080913544
YPL096W,YIR011C,1,5.29519,0.51752769947052,0.5505397319793701,0.05239956080913544
YDR430C,YLR150W,0,5.2918615,0.5170506834983826,0.5505397319793701,0.05249974876642227
YDL235C,YOL122C,0,5.291067,0.5165745615959167,0.5505397319793701,0.052599940448999405
YIL120W,YGL105W,0,5.287247,0.5160993337631226,0.5505397319793701,0.05270012840628624
YPR134W,YCR035C,0,5.287021,0.515625,0.5505397319793701,0.05280032008886337
YBL057C,YDR457W,1,5.2860327,0.516069769859314,0.5515211224555969,0.05280032008886337
YJL001W,YER071C,0,5.282579,0.515596330165863,0.5515211224555969,0.052900511771440506
YMR214W,YDR118W,1,5.279754,0.5160403251647949,0.552502453327179,0.052900511771440506
YKL145W,YGL058W,1,5.2791705,0.5164835453033447,0.553483784198761,0.052900511771440506
YML023C,YOR019W,0,5.2785387,0.5160109996795654,0.553483784198761,0.05300069972872734
YIL007C,YNR033W,0,5.278313,0.515539288520813,0.553483784198761,0.053100891411304474
YMR072W,YHR106W,0,5.277136,0.5150684714317322,0.553483784198761,0.05320108309388161
YLR377C,YBR094W,0,5.276984,0.514598548412323,0.553483784198761,0.05330127105116844
YNL286W,YGR040W,0,5.275239,0.5141294598579407,0.553483784198761,0.053401462733745575
YKL077W,YOR086C,0,5.27445,0.5136612057685852,0.553483784198761,0.05350165441632271
YER093C,YNL317W,0,5.273966,0.5131937861442566,0.553483784198761,0.05360184237360954
YMR243C,YML086C,0,5.271593,0.5127272605895996,0.553483784198761,0.053702034056186676
YKL124W,YPR103W,1,5.269168,0.5131698250770569,0.5544651746749878,0.053702034056186676
YOL126C,YNR019W,0,5.2645383,0.5127041935920715,0.5544651746749878,0.05380222573876381
YDR386W,YNL156C,0,5.2628555,0.5122393369674683,0.5544651746749878,0.053902413696050644
YMR237W,YLR292C,0,5.261158,0.5117753744125366,0.5544651746749878,0.05400260537862778
YOR380W,YOL032W,0,5.260955,0.5113122463226318,0.5544651746749878,0.05410279706120491
YBR119W,YHR133C,0,5.2558293,0.5108498930931091,0.5544651746749878,0.054202985018491745
YPL138C,YNL317W,0,5.255817,0.5103884339332581,0.5544651746749878,0.05430317670106888
YDL145C,YNR052C,0,5.250086,0.5099278092384338,0.5544651746749878,0.05440336465835571
YJL045W,YDR168W,0,5.2488694,0.5094679594039917,0.5544651746749878,0.054503556340932846
YLR259C,YNL180C,0,5.2469745,0.5090090036392212,0.5544651746749878,0.05460374802350998
YOR316C,YKR031C,0,5.244917,0.5085508823394775,0.5544651746749878,0.054703935980796814
YPL105C,YIL052C,0,5.2443194,0.508093535900116,0.5544651746749878,0.05480412766337395
YPR154W,YPR133C,0,5.2439303,0.5076370239257812,0.5544651746749878,0.05490431934595108
YDR350C,YAL051W,0,5.243111,0.5071813464164734,0.5544651746749878,0.055004507303237915
YMR261C,YGL093W,0,5.2415185,0.5067264437675476,0.5544651746749878,0.05510469898581505
YDR407C,YPR131C,0,5.240344,0.5062723755836487,0.5544651746749878,0.05520489066839218
YLR315W,YDR057W,0,5.2376375,0.5058191418647766,0.5544651746749878,0.055305078625679016
YIL036W,YLR352W,0,5.235219,0.5053667426109314,0.5544651746749878,0.05540527030825615
YDR122W,YDR412W,0,5.2327027,0.5049151182174683,0.5544651746749878,0.05550546199083328
YER179W,YIL118W,0,5.2314434,0.5044642686843872,0.5544651746749878,0.05560564994812012
YHR096C,YGL151W,0,5.2284994,0.504014253616333,0.5544651746749878,0.05570584163069725
YNL183C,YIR004W,0,5.228293,0.5035650730133057,0.5544651746749878,0.055806033313274384
YDR468C,YLR248W,0,5.226513,0.5031166672706604,0.5544651746749878,0.05590622127056122
YDR434W,YDL139C,0,5.22373,0.5026690363883972,0.5544651746749878,0.05600641295313835
YOR156C,YCR091W,0,5.2229996,0.5022222399711609,0.5544651746749878,0.056106600910425186
YEL005C,YBR268W,0,5.221196,0.5017762184143066,0.5544651746749878,0.05620679259300232
YKL081W,YMR177W,0,5.22114,0.5013309717178345,0.5544651746749878,0.05630698427557945
YIL075C,YBL057C,1,5.221131,0.5017730593681335,0.5554465055465698,0.05630698427557945
YCL044C,YCR066W,1,5.221045,0.5022143721580505,0.5564278960227966,0.05630698427557945
YIL075C,YOR257W,1,5.219286,0.5026548504829407,0.5574092268943787,0.05630698427557945
YLR060W,YLR328W,0,5.2173653,0.5022104382514954,0.5574092268943787,0.05640717223286629
YML092C,YOR257W,1,5.2168794,0.5026502013206482,0.5583905577659607,0.05640717223286629
YNL240C,YOR113W,0,5.215843,0.5022065043449402,0.5583905577659607,0.05650736391544342
YOL069W,YKL058W,0,5.215354,0.501763641834259,0.5583905577659607,0.056607555598020554
YBR058C,YKL002W,1,5.2134943,0.5022026300430298,0.5593719482421875,0.056607555598020554
YNL250W,YNL055C,0,5.211494,0.5017605423927307,0.5593719482421875,0.05670774355530739
YHR134W,YJL047C,1,5.2100325,0.5021987557411194,0.5603532791137695,0.05670774355530739
YKR089C,YKL087C,0,5.209758,0.5017574429512024,0.5603532791137695,0.05680793523788452
YCR086W,YNL059C,0,5.2050114,0.5013169646263123,0.5603532791137695,0.056908126920461655
YGR161C,YNR059W,0,5.204593,0.5008772015571594,0.5603532791137695,0.05700831487774849
YDR400W,YDR139C,1,5.203726,0.501314640045166,0.5613346695899963,0.05700831487774849
YPL120W,YPL198W,0,5.199767,0.5008756518363953,0.5613346695899963,0.05710850656032562
YOL082W,YPL072W,1,5.1996865,0.5013123154640198,0.5623160004615784,0.05710850656032562
YBR119W,YER060W,0,5.1993585,0.5008741021156311,0.5623160004615784,0.057208698242902756
YNL041C,YOR132W,0,5.19836,0.5004366636276245,0.5623160004615784,0.05730888620018959
YHR006W,YBR272C,0,5.1975594,0.5,0.5623160004615784,0.057409077882766724
YML031W,YOR059C,0,5.197279,0.4995640814304352,0.5623160004615784,0.05750926584005356
YGR224W,YEL051W,0,5.196622,0.49912890791893005,0.5623160004615784,0.05760945752263069
YLR380W,YDR390C,1,5.1959333,0.4995648264884949,0.5632973313331604,0.05760945752263069
YER056C,YBL035C,0,5.1943064,0.4991304278373718,0.5632973313331604,0.057709649205207825
YGR138C,YDL223C,0,5.190743,0.49869677424430847,0.5632973313331604,0.05780983716249466
YDL189W,YPR180W,0,5.1896677,0.4982638955116272,0.5632973313331604,0.05791002884507179
YPL001W,YCL035C,0,5.189428,0.4978317320346832,0.5632973313331604,0.058010220527648926
YBR180W,YPL178W,0,5.1881895,0.49740034341812134,0.5632973313331604,0.05811040848493576
YDL003W,YBR015C,0,5.187754,0.49696969985961914,0.5632973313331604,0.058210600167512894
YPL130W,YNR019W,0,5.186618,0.49653980135917664,0.5632973313331604,0.05831079185009003
YAL002W,YDL175C,0,5.1860485,0.49611061811447144,0.5632973313331604,0.05841097980737686
YMR110C,YPL235W,0,5.1844745,0.4956822097301483,0.5632973313331604,0.058511171489953995
YPL072W,YOR138C,1,5.1839743,0.49611735343933105,0.5642787218093872,0.058511171489953995
YOL055C,YPR199C,0,5.181318,0.49568966031074524,0.5642787218093872,0.05861136317253113
YMR171C,YEL037C,1,5.1805696,0.4961240291595459,0.5652600526809692,0.05861136317253113
YPR188C,YNL156C,0,5.179028,0.4956970810890198,0.5652600526809692,0.05871155112981796
YBR058C,YEL037C,1,5.1677513,0.49613070487976074,0.5662413835525513,0.05871155112981796
YGR212W,YOL069W,0,5.16401,0.4957044720649719,0.5662413835525513,0.058811742812395096
YKL041W,YHR108W,1,5.163261,0.4961373507976532,0.5672227740287781,0.058811742812395096
YLR421C,YLR127C,1,5.1605673,0.4965694546699524,0.5682041049003601,0.058811742812395096
YOR078W,YDL119C,0,5.160274,0.49614396691322327,0.5682041049003601,0.05891193449497223
YOR256C,YMR304W,1,5.158359,0.49657535552978516,0.5691854953765869,0.05891193449497223
YLL042C,YJR036C,1,5.1576796,0.49700599908828735,0.570166826248169,0.05891193449497223
YML059C,YFR014C,0,5.156598,0.49658119678497314,0.570166826248169,0.059012122452259064
YBR119W,YKL087C,0,5.1557884,0.49615713953971863,0.570166826248169,0.0591123141348362
YER100W,YLR193C,0,5.1534357,0.4957337975502014,0.570166826248169,0.05921250209212303
YBR114W,YJL003W,0,5.153243,0.4953111708164215,0.570166826248169,0.059312693774700165
YER007C-A,YLR011W,0,5.1495914,0.4948892593383789,0.570166826248169,0.0594128854572773
YDR427W,YOL135C,0,5.148641,0.494468092918396,0.570166826248169,0.05951307341456413
YGL006W,YCR035C,0,5.1484194,0.494047611951828,0.570166826248169,0.059613265097141266
YAL015C,YDR395W,0,5.1461654,0.4936278760433197,0.570166826248169,0.0597134567797184
YBR169C,YKL079W,0,5.146079,0.4932088255882263,0.570166826248169,0.059813644737005234
YIL005W,YDR054C,1,5.1448994,0.49363866448402405,0.571148157119751,0.059813644737005234
YDR372C,YHR157W,0,5.142346,0.49322032928466797,0.571148157119751,0.05991383641958237
YDL064W,YDR059C,1,5.140784,0.4936494529247284,0.5721295475959778,0.05991383641958237
YDR400W,YCL039W,1,5.138918,0.4940778315067291,0.5731108784675598,0.05991383641958237
YDR129C,YDL149W,0,5.138571,0.49366018176078796,0.5731108784675598,0.0600140281021595
YLR102C,YFL049W,1,5.1372604,0.4940878450870514,0.5740922689437866,0.0600140281021595
YLR328W,YDR284C,0,5.136389,0.49367088079452515,0.5740922689437866,0.060114216059446335
YKR089C,YHR090C,0,5.135071,0.4932546317577362,0.5740922689437866,0.06021440774202347
YOR117W,YML088W,1,5.1349077,0.49368155002593994,0.5750735998153687,0.06021440774202347
YPR110C,YJL059W,0,5.13093,0.4932659864425659,0.5750735998153687,0.0603145994246006
YGR030C,YML076C,0,5.1292562,0.4928511381149292,0.5750735998153687,0.060414787381887436
YBR290W,YOR156C,1,5.1279807,0.49327731132507324,0.5760549306869507,0.060414787381887436
YER093C,YJL001W,0,5.12676,0.49286314845085144,0.5760549306869507,0.06051497906446457
YDR129C,YOR207C,0,5.1265907,0.49244967103004456,0.5760549306869507,0.060615167021751404
YMR313C,YBR094W,0,5.1211033,0.4920368790626526,0.5760549306869507,0.06071535870432854
YHR108W,YFR052W,1,5.1211023,0.49246230721473694,0.5770363211631775,0.06071535870432854
YGL144C,YPL248C,0,5.120619,0.4920502007007599,0.5770363211631775,0.06081555038690567
YOR249C,YDR069C,1,5.118375,0.49247491359710693,0.5780176520347595,0.06081555038690567
YBR101C,YGR193C,0,5.117646,0.4920634925365448,0.5780176520347595,0.060915738344192505
YCR065W,YKL132C,0,5.11736,0.4916527569293976,0.5780176520347595,0.06101593002676964
YJR036C,YIL046W,1,5.115836,0.49207672476768494,0.5789990425109863,0.06101593002676964
YLR417W,YLR220W,0,5.1151686,0.49166667461395264,0.5789990425109863,0.06111612170934677
YGL067W,YOR195W,0,5.114709,0.49125728011131287,0.5789990425109863,0.061216309666633606
YAL002W,YOR359W,0,5.1140885,0.490848571062088,0.5789990425109863,0.06131650134921074
YGR244C,YNR019W,0,5.113652,0.49044057726860046,0.5789990425109863,0.06141669303178787
YLR293C,YCL067C,0,5.112644,0.49003320932388306,0.5789990425109863,0.06151688098907471
YDR328C,YLR207W,1,5.107461,0.4904564321041107,0.5799803733825684,0.06151688098907471
YEL005C,YOR081C,0,5.1073823,0.4900497496128082,0.5799803733825684,0.06161707267165184
YPL171C,YKR089C,0,5.107248,0.48964375257492065,0.5799803733825684,0.06171726435422897
YOR101W,YIL062C,0,5.1037807,0.4892384111881256,0.5799803733825684,0.06181745231151581
YLR102C,YML031W,0,5.103323,0.4888337552547455,0.5799803733825684,0.06191764399409294
YKR007W,YML076C,0,5.1032124,0.4884297549724579,0.5799803733825684,0.062017835676670074
YPL203W,YKR099W,0,5.1029572,0.4880264103412628,0.5799803733825684,0.06211802363395691
YBR045C,YPL253C,0,5.100089,0.48762375116348267,0.5799803733825684,0.06221821531653404
YBR043C,YJR052W,0,5.1000824,0.48722177743911743,0.5799803733825684,0.06231840327382088
YLL018C,YDL046W,0,5.097378,0.48682042956352234,0.5799803733825684,0.06241859495639801
YLR306W,YEL037C,1,5.0969353,0.48724278807640076,0.5809617042541504,0.06241859495639801
YDR300C,YOL052C-A,0,5.096407,0.4868420958518982,0.5809617042541504,0.06251878291368484
YAR033W,YDR397C,0,5.0942454,0.48644205927848816,0.5809617042541504,0.06261897832155228
YDR359C,YPR086W,0,5.093606,0.48604267835617065,0.5809617042541504,0.06271916627883911
YDR510W,YBR105C,1,5.093192,0.48646432161331177,0.5819430947303772,0.06271916627883911
YAL015C,YJL013C,0,5.092923,0.4860655665397644,0.5819430947303772,0.06281935423612595
YKL080W,YOL052C-A,0,5.0911946,0.48566749691963196,0.5819430947303772,0.06291954964399338
YOR027W,YHR096C,0,5.0901513,0.48527005314826965,0.5819430947303772,0.06301973760128021
YLR315W,YFR050C,0,5.090091,0.4848732650279999,0.5819430947303772,0.06311992555856705
YBR078W,YDL209C,0,5.0879536,0.48447713255882263,0.5819430947303772,0.06322012096643448
YBL056W,YDR028C,0,5.087823,0.4840816259384155,0.5819430947303772,0.06332030892372131
YKL052C,YGL144C,0,5.0840225,0.48368677496910095,0.5819430947303772,0.06342049688100815
YPL046C,YJL073W,1,5.0834904,0.4841075837612152,0.5829244256019592,0.06342049688100815
YLR083C,YLR258W,0,5.083104,0.4837133586406708,0.5829244256019592,0.06352069228887558
YDL093W,YIL033C,0,5.0826073,0.4833197593688965,0.5829244256019592,0.06362088024616241
YHR035W,YNR033W,0,5.0731807,0.4829268157482147,0.5829244256019592,0.06372106820344925
YKR100C,YDR292C,0,5.072671,0.4825345277786255,0.5829244256019592,0.06382126361131668
YML107C,YOR319W,0,5.0724,0.4821428656578064,0.5829244256019592,0.06392145156860352
YNR069C,YFR004W,1,5.0693474,0.4825628399848938,0.583905816078186,0.06392145156860352
YDL160C,YFR010W,0,5.0678687,0.48217180371284485,0.583905816078186,0.06402163952589035
YOR078W,YDL134C,0,5.0645676,0.48178136348724365,0.583905816078186,0.06412183493375778
YOL132W,YBL038W,0,5.063238,0.481391578912735,0.583905816078186,0.06422202289104462
YDL230W,YGL006W,0,5.059868,0.48100242018699646,0.583905816078186,0.06432221084833145
YBR065C,YGR224W,0,5.058215,0.4806138873100281,0.583905816078186,0.06442240625619888
YNL123W,YJL001W,0,5.057662,0.48022598028182983,0.583905816078186,0.06452259421348572
YBL038W,YBR094W,0,5.055969,0.47983869910240173,0.583905816078186,0.06462278217077255
YNL167C,YOR027W,0,5.055253,0.4794520437717438,0.583905816078186,0.06472297012805939
YPL239W,YGL151W,0,5.053591,0.47906601428985596,0.583905816078186,0.06482316553592682
YNL286W,YKL062W,0,5.0527024,0.4786806106567383,0.583905816078186,0.06492335349321365
YKL197C,YDR246W,0,5.049724,0.47829583287239075,0.583905816078186,0.06502354145050049
YBR189W,YOR110W,0,5.0495625,0.47791165113449097,0.583905816078186,0.06512373685836792
YOL076W,YDL123W,0,5.045948,0.47752809524536133,0.583905816078186,0.06522392481565475
YJL096W,YMR110C,0,5.0425453,0.47714513540267944,0.583905816078186,0.06532411277294159
YIL156W,YCR066W,1,5.042097,0.47756409645080566,0.5848871469497681,0.06532411277294159
YKL124W,YLR224W,1,5.041991,0.47798237204551697,0.5858684778213501,0.06532411277294159
YKR089C,YOL084W,0,5.0402637,0.47760000824928284,0.5858684778213501,0.06542430818080902
YGR165W,YHR106W,0,5.040205,0.4772182106971741,0.5858684778213501,0.06552449613809586
YOR001W,YOR086C,0,5.033098,0.47683706879615784,0.5858684778213501,0.06562468409538269
YNL172W,YDL132W,1,5.032583,0.47725459933280945,0.5868498682975769,0.06562468409538269
YER100W,YOL078W,0,5.0272756,0.4768739938735962,0.5868498682975769,0.06572487950325012
YLL048C,YDR292C,0,5.0250564,0.4764940142631531,0.5868498682975769,0.06582506746053696
YHR096C,YGR253C,0,5.0248165,0.4761146605014801,0.5868498682975769,0.06592525541782379
YJR090C,YBL057C,1,5.02369,0.47653141617774963,0.5878311991691589,0.06592525541782379
YNL031C,YLR061W,0,5.023635,0.476152628660202,0.5878311991691589,0.06602545082569122
YNL183C,YLR075W,0,5.0186553,0.4757744371891022,0.5878311991691589,0.06612563878297806
YPL105C,YOL012C,0,5.016238,0.4753968119621277,0.5878311991691589,0.06622582674026489
YBL031W,YLR220W,0,5.013986,0.47501981258392334,0.5878311991691589,0.06632602214813232
YBR112C,YGL219C,0,5.0106974,0.47464340925216675,0.5878311991691589,0.06642621010541916
YPR154W,YBR114W,0,5.009719,0.4742676019668579,0.5878311991691589,0.066526398062706
YOR156C,YPR024W,1,5.0088553,0.474683552980423,0.5888125896453857,0.066526398062706
YLR007W,YIL033C,0,5.008317,0.4743083119392395,0.5888125896453857,0.06662659347057343
YDR219C,YKR098C,1,5.008132,0.47472354769706726,0.5897939205169678,0.06662659347057343
YPL046C,YHR027C,1,5.0051003,0.4751381278038025,0.5907752513885498,0.06662659347057343
YLR299W,YML055W,0,5.0036097,0.4747633934020996,0.5907752513885498,0.06672678142786026
YPL096W,YOR339C,1,5.0034933,0.4751773178577423,0.5917566418647766,0.06672678142786026
YER143W,YER081W,0,5.001627,0.4748031497001648,0.5917566418647766,0.0668269693851471
YPL145C,YOR113W,0,4.9996634,0.47442957758903503,0.5917566418647766,0.06692716479301453
YDR400W,YKL010C,1,4.9990854,0.47484275698661804,0.5927379727363586,0.06692716479301453
YGR046W,YLR451W,0,4.997882,0.47446975111961365,0.5927379727363586,0.06702735275030136
YOL084W,YNL164C,0,4.996497,0.474097341299057,0.5927379727363586,0.0671275407075882
YJL168C,YKR052C,0,4.9949074,0.47372549772262573,0.5927379727363586,0.06722773611545563
YLR102C,YBR107C,0,4.9945726,0.4733542203903198,0.5927379727363586,0.06732792407274246
YDR510W,YDR457W,1,4.9943576,0.47376665472984314,0.5937193036079407,0.06732792407274246
YIL144W,YBR268W,0,4.9943147,0.4733959436416626,0.5937193036079407,0.0674281120300293
YJL094C,YDR179C,0,4.9936066,0.4730257987976074,0.5937193036079407,0.06752830743789673
YDR358W,YJL197W,1,4.9918146,0.47343748807907104,0.5947006940841675,0.06752830743789673
YDR490C,YGR083C,0,4.991395,0.47306790947914124,0.5947006940841675,0.06762849539518356
YJR046W,YER155C,0,4.9908524,0.4726988971233368,0.5947006940841675,0.0677286833524704
YDR463W,YGR007W,0,4.9884176,0.4723304808139801,0.5947006940841675,0.06782887130975723
YIL148W,YFR049W,0,4.9854927,0.4719626307487488,0.5947006940841675,0.06792906671762466
YIL069C,YOL052C-A,0,4.984273,0.47159531712532043,0.5947006940841675,0.0680292546749115
YEL018W,YNL156C,0,4.9800644,0.47122862935066223,0.5947006940841675,0.06812944263219833
YJR123W,YER093C,0,4.979906,0.470862478017807,0.5947006940841675,0.06822963804006577
YER100W,YER060W,0,4.9797163,0.47049689292907715,0.5947006940841675,0.0683298259973526
YER149C,YNL094W,0,4.979686,0.47013187408447266,0.5947006940841675,0.06843001395463943
YJR102C,YDR427W,1,4.9791617,0.47054263949394226,0.5956820249557495,0.06843001395463943
YAR033W,YLR360W,0,4.9773445,0.47017815709114075,0.5956820249557495,0.06853020936250687
YPL096W,YKL022C,1,4.9766674,0.47058823704719543,0.5966634154319763,0.06853020936250687
YMR055C,YKL134C,0,4.9740496,0.4702242910861969,0.5966634154319763,0.0686303973197937
YMR322C,YBR094W,0,4.9704494,0.46986088156700134,0.5966634154319763,0.06873058527708054
YBR005W,YJL035C,0,4.9697094,0.46949806809425354,0.5966634154319763,0.06883078068494797
YJR035W,YMR149W,0,4.9689617,0.4691357910633087,0.5966634154319763,0.0689309686422348
YGL142C,YML004C,0,4.9689045,0.46877408027648926,0.5966634154319763,0.06903115659952164
YDR372C,YIL037C,0,4.9687476,0.46841293573379517,0.5966634154319763,0.06913135200738907
YDR457W,YLR208W,1,4.9676123,0.468822181224823,0.5976447463035583,0.06913135200738907
YEL018W,YNL094W,0,4.962018,0.4684615433216095,0.5976447463035583,0.0692315399646759
YKL145W,YKL039W,0,4.9601245,0.46810147166252136,0.5976447463035583,0.06933172792196274
YOR068C,YDL076C,0,4.959029,0.4677419364452362,0.5976447463035583,0.06943192332983017
YNL186W,YGL017W,1,4.958959,0.46815043687820435,0.5986260771751404,0.06943192332983017
YKL022C,YIR011C,1,4.958917,0.46855828166007996,0.5996074676513672,0.06943192332983017
YLR417W,YCR018C,0,4.958543,0.468199223279953,0.5996074676513672,0.069532111287117
YOR193W,YDL100C,0,4.957207,0.4678407311439514,0.5996074676513672,0.06963229924440384
YMR063W,YNR030W,0,4.9565687,0.4674827754497528,0.5996074676513672,0.06973249465227127
YDL074C,YER100W,1,4.95547,0.4678899049758911,0.6005887985229492,0.06973249465227127
YDR256C,YBR212W,0,4.9541693,0.4675324559211731,0.6005887985229492,0.0698326826095581
YOR252W,YDR246W,0,4.9515004,0.46717557311058044,0.6005887985229492,0.06993287056684494
YKL033W,YNL167C,0,4.9511666,0.46681922674179077,0.6005887985229492,0.07003306597471237
YLR333C,YHR106W,0,4.9492826,0.4664634168148041,0.6005887985229492,0.0701332539319992
YMR276W,YBR217W,1,4.9492707,0.4668697714805603,0.601570188999176,0.0701332539319992
YPL100W,YCL051W,0,4.948766,0.4665144681930542,0.601570188999176,0.07023344188928604
YIL019W,YMR261C,0,4.940531,0.4661597013473511,0.601570188999176,0.07033363729715347
YJL048C,YDR054C,1,4.939674,0.46656534075737,0.6025515198707581,0.07033363729715347
YEL005C,YGL219C,0,4.939575,0.46621108055114746,0.6025515198707581,0.07043382525444031
YEL005C,YDR235W,0,4.939334,0.4658573567867279,0.6025515198707581,0.07053401321172714
YGR193C,YKR007W,0,4.938111,0.46550416946411133,0.6025515198707581,0.07063420861959457
YDR400W,YPR103W,1,4.9302297,0.46590909361839294,0.6035328507423401,0.07063420861959457
YEL005C,YMR322C,0,4.929761,0.46555638313293457,0.6035328507423401,0.07073439657688141
YOR027W,YNR059W,0,4.9277363,0.46520423889160156,0.6035328507423401,0.07083458453416824
YDR069C,YPL065W,1,4.9272738,0.46560847759246826,0.6045142412185669,0.07083458453416824
YPL120W,YLR288C,0,4.9256363,0.46525681018829346,0.6045142412185669,0.07093477249145508
YLR360W,YNL029C,0,4.923397,0.46490564942359924,0.6045142412185669,0.07103496789932251
YML092C,YGL107C,0,4.9211116,0.4645550549030304,0.6045142412185669,0.07113515585660934
YOR049C,YBR023C,0,4.919062,0.46420496702194214,0.6045142412185669,0.07123534381389618
YNL243W,YBL047C,0,4.9177856,0.46385541558265686,0.6045142412185669,0.07133553922176361
YDL124W,YPR148C,0,4.9161296,0.46350640058517456,0.6045142412185669,0.07143572717905045
YDR464W,YKL032C,0,4.915001,0.46315789222717285,0.6045142412185669,0.07153591513633728
YDL091C,YJR049C,0,4.9128647,0.4628099203109741,0.6045142412185669,0.07163611054420471
YDR422C,YBL038W,0,4.9123907,0.462462455034256,0.6045142412185669,0.07173629850149155
YLR260W,YDR303C,0,4.9123135,0.4621155261993408,0.6045142412185669,0.07183648645877838
YLR413W,YGR142W,0,4.9113154,0.46176910400390625,0.6045142412185669,0.07193668186664581
YHR146W,YMR225C,0,4.911088,0.46142321825027466,0.6045142412185669,0.07203686982393265
YNR055C,YDL117W,0,4.910298,0.46107783913612366,0.6045142412185669,0.07213705778121948
YER155C,YLR247C,0,4.906803,0.46073299646377563,0.6045142412185669,0.07223725318908691
YNL132W,YLR299W,0,4.9064217,0.4603886306285858,0.6045142412185669,0.07233744114637375
YDR122W,YLR352W,0,4.904455,0.460044801235199,0.6045142412185669,0.07243762910366058
YIL030C,YBL091C,0,4.901328,0.4597014784812927,0.6045142412185669,0.07253782451152802
YMR234W,YLR234W,0,4.900305,0.45935869216918945,0.6045142412185669,0.07263801246881485
YFR040W,YBL051C,0,4.898881,0.4590163826942444,0.6045142412185669,0.07273820042610168
YML092C,YGL087C,1,4.897971,0.45941922068595886,0.6054955720901489,0.07273820042610168
YGR003W,YHR043C,1,4.8973346,0.4598214328289032,0.6064769625663757,0.07273820042610168
YDL189W,YLR189C,0,4.895413,0.45947954058647156,0.6064769625663757,0.07283839583396912
YFL049W,YKL051W,0,4.895113,0.4591381847858429,0.6064769625663757,0.07293858379125595
YDR363W-A,YFR052W,1,4.893492,0.4595397114753723,0.6074582934379578,0.07293858379125595
YBR114W,YPR133C,0,4.8929386,0.45919880270957947,0.6074582934379578,0.07303877174854279
YBR069C,YHR006W,0,4.8908725,0.4588584005832672,0.6074582934379578,0.07313896715641022
YDR243C,YMR225C,0,4.888842,0.45851850509643555,0.6074582934379578,0.07323915511369705
YGL025C,YNL156C,0,4.88816,0.4581791162490845,0.6074582934379578,0.07333934307098389
YEL018W,YPL058C,0,4.8880534,0.457840234041214,0.6074582934379578,0.07343953847885132
YLR361C,YLR367W,0,4.887242,0.4575018584728241,0.6074582934379578,0.07353972643613815
YKR089C,YJL168C,0,4.8872113,0.4571639597415924,0.6074582934379578,0.07363991439342499
YML004C,YER155C,0,4.886547,0.4568265676498413,0.6074582934379578,0.07374010980129242
YOR027W,YGL053W,0,4.883707,0.4564896821975708,0.6074582934379578,0.07384029775857925
YDR057W,YKL032C,0,4.8822536,0.4561532735824585,0.6074582934379578,0.07394048571586609
YMR225C,YLR288C,0,4.879868,0.4558173716068268,0.6074582934379578,0.07404067367315292
YOR068C,YMR041C,0,4.877779,0.45548197627067566,0.6074582934379578,0.07414086908102036
YOL032W,YHR133C,0,4.8706264,0.45514705777168274,0.6074582934379578,0.07424105703830719
YKL033W,YPL100W,0,4.869013,0.4548126459121704,0.6074582934379578,0.07434124499559402
YAL015C,YOL121C,0,4.868063,0.4544787108898163,0.6074582934379578,0.07444144040346146
YLR083C,YOR059C,0,4.867872,0.45414528250694275,0.6074582934379578,0.07454162836074829
YOR124C,YDR118W,1,4.8678484,0.4545454680919647,0.6084396243095398,0.07454162836074829
YNL173C,YPR180W,0,4.863946,0.4542124569416046,0.6084396243095398,0.07464181631803513
YKL145W,YGL144C,0,4.862477,0.4538799524307251,0.6084396243095398,0.07474201172590256
YIL069C,YKL051W,0,4.8618026,0.4535479247570038,0.6084396243095398,0.07484219968318939
YBR082C,YLR024C,1,4.8616953,0.45394736528396606,0.6094210147857666,0.07484219968318939
YDR235W,YGL093W,0,4.859929,0.45361578464508057,0.6094210147857666,0.07494238764047623
YDL064W,YPL120W,1,4.8590813,0.4540145993232727,0.6104023456573486,0.07494238764047623
YGR212W,YDR261C,0,4.8587255,0.45368343591690063,0.6104023456573486,0.07504258304834366
YDR007W,YNR059W,0,4.8581495,0.45335277915000916,0.6104023456573486,0.0751427710056305
YOR254C,YMR156C,0,4.8568554,0.4530225694179535,0.6104023456573486,0.07524295896291733
YGR003W,YDR005C,0,4.8548565,0.4526928663253784,0.6104023456573486,0.07534315437078476
YPR134W,YGR245C,0,4.8547025,0.45236364006996155,0.6104023456573486,0.0754433423280716
YPL002C,YKL090W,1,4.8535504,0.45276162028312683,0.6113837361335754,0.0754433423280716
YML120C,YDR200C,0,4.853303,0.4524328112602234,0.6113837361335754,0.07554353028535843
YBR046C,YIL033C,0,4.852306,0.45210450887680054,0.6113837361335754,0.07564372569322586
YKL129C,YLR263W,0,4.851532,0.4517766535282135,0.6113837361335754,0.0757439136505127
YOR358W,YGL192W,0,4.850587,0.45144927501678467,0.6113837361335754,0.07584410160779953
YPL224C,YLR001C,0,4.850556,0.45112237334251404,0.6113837361335754,0.07594429701566696
YGL004C,YBR128C,1,4.8501353,0.45151954889297485,0.6123650670051575,0.07594429701566696
YBR162W-A,YGL096W,0,4.8488493,0.45119306445121765,0.6123650670051575,0.0760444849729538
YCR105W,YDR516C,0,4.8444147,0.45086705684661865,0.6123650670051575,0.07614467293024063
YGR007W,YPL049C,0,4.8441153,0.45054152607917786,0.6123650670051575,0.07624486833810806
YGL098W,YGL151W,0,4.842209,0.4502164423465729,0.6123650670051575,0.0763450562953949
YLR360W,YEL012W,1,4.8417187,0.4506128430366516,0.6133463978767395,0.0763450562953949
YIL030C,YPL010W,0,4.840908,0.45028817653656006,0.6133463978767395,0.07644524425268173
YER087C-B,YIL008W,1,4.840019,0.45068395137786865,0.6143277883529663,0.07644524425268173
YLR417W,YPL049C,0,4.839972,0.4503597021102905,0.6143277883529663,0.07654543966054916
YHR202W,YHR138C,0,4.836786,0.450035959482193,0.6143277883529663,0.076645627617836
YOL009C,YGL167C,0,4.834138,0.4497126340866089,0.6143277883529663,0.07674581557512283
YNR069C,YER144C,1,4.831905,0.4501076936721802,0.6153091192245483,0.07674581557512283
YMR275C,YGR007W,0,4.830632,0.4497847855091095,0.6153091192245483,0.07684601098299026
YDR204W,YNL156C,0,4.8285203,0.449462354183197,0.6153091192245483,0.0769461989402771
YDL135C,YBR272C,0,4.828411,0.44914039969444275,0.6153091192245483,0.07704638689756393
YIL007C,YPR148C,0,4.824729,0.4488188922405243,0.6153091192245483,0.07714657485485077
YIL154C,YBL008W,0,4.8242736,0.44849786162376404,0.6153091192245483,0.0772467702627182
YLR466W,YPL178W,0,4.822903,0.4481772780418396,0.6153091192245483,0.07734695822000504
YDR145W,YFR014C,0,4.820062,0.447857141494751,0.6153091192245483,0.07744714617729187
YFL044C,YAL058W,1,4.8193874,0.44825124740600586,0.6162905097007751,0.07744714617729187
YLL048C,YFR024C-A,0,4.8187814,0.44793152809143066,0.6162905097007751,0.0775473415851593
YBL084C,YKL206C,1,4.8176003,0.4483250081539154,0.6172718405723572,0.0775473415851593
YER109C,YPR017C,0,4.8152127,0.44800570607185364,0.6172718405723572,0.07764752954244614
YPR154W,YMR105C,0,4.810728,0.4476868212223053,0.6172718405723572,0.07774771749973297
YMR304W,YKL090W,1,4.80925,0.4480796456336975,0.6182531714439392,0.07774771749973297
YOR372C,YBR121C,0,4.8089695,0.447761207818985,0.6182531714439392,0.0778479129076004
YDR246W,YJL058C,0,4.807967,0.4474431872367859,0.6182531714439392,0.07794810086488724
YBR101C,YOR113W,0,4.807341,0.4471256136894226,0.6182531714439392,0.07804828882217407
YGL094C,YDR427W,1,4.8069944,0.4475177228450775,0.619234561920166,0.07804828882217407
YDR280W,YML057W,0,4.80597,0.44720056653022766,0.619234561920166,0.0781484842300415
YDR213W,YNL020C,0,4.805526,0.4468838572502136,0.619234561920166,0.07824867218732834
YGL142C,YPL137C,0,4.805365,0.4465675950050354,0.619234561920166,0.07834886014461517
YML041C,YKR064W,0,4.8052287,0.446251779794693,0.619234561920166,0.0784490555524826
YDR276C,YOL135C,0,4.8051043,0.445936381816864,0.619234561920166,0.07854924350976944
YHR166C,YJR102C,1,4.8046675,0.44632768630981445,0.620215892791748,0.07854924350976944
YIL156W,YDR394W,1,4.8031197,0.4467184245586395,0.6211972236633301,0.07854924350976944
YDR289C,YLR323C,0,4.801924,0.4464033842086792,0.6211972236633301,0.07864943146705627
YBR128C,YPL002C,1,4.800007,0.4467935264110565,0.6221786141395569,0.07864943146705627
YOL059W,YJL069C,0,4.799692,0.44647887349128723,0.6221786141395569,0.0787496268749237
YHR204W,YLR247C,0,4.7966704,0.44616466760635376,0.6221786141395569,0.07884981483221054
YDR217C,YDR168W,0,4.795616,0.4458509087562561,0.6221786141395569,0.07895000278949738
YMR264W,YML029W,1,4.7935867,0.4462403357028961,0.6231599450111389,0.07895000278949738
YJL057C,YBR109C,0,4.792158,0.4459269642829895,0.6231599450111389,0.07905019819736481
YIL030C,YLR097C,1,4.7911973,0.44631579518318176,0.6241413354873657,0.07905019819736481
YFL056C,YDR108W,0,4.790868,0.4460028111934662,0.6241413354873657,0.07915038615465164
YNL199C,YLL021W,0,4.790577,0.44569024443626404,0.6241413354873657,0.07925057411193848
YDL235C,YLL031C,0,4.7902184,0.4453781545162201,0.6241413354873657,0.07935076951980591
YDR178W,YHR033W,0,4.789546,0.4450664818286896,0.6241413354873657,0.07945095747709274
YKL034W,YPL072W,1,4.7891483,0.44545453786849976,0.6251226663589478,0.07945095747709274
YJL089W,YOL084W,0,4.788672,0.4451432526111603,0.6251226663589478,0.07955114543437958
YOL126C,YGL093W,0,4.787443,0.4448324143886566,0.6251226663589478,0.07965134084224701
YKR049C,YDL145C,0,4.7874026,0.4445219933986664,0.6251226663589478,0.07975152879953384
YPR154W,YNL036W,0,4.786594,0.4442119896411896,0.6251226663589478,0.07985171675682068
YHR043C,YLR378C,1,4.786584,0.44459930062294006,0.6261039972305298,0.07985171675682068
YMR158W,YPR100W,0,4.7863445,0.4442896842956543,0.6261039972305298,0.07995191216468811
YOR319W,YLR060W,0,4.7857914,0.44398051500320435,0.6261039972305298,0.08005210012197495
YFL005W,YPL130W,0,4.785734,0.4436717629432678,0.6261039972305298,0.08015228807926178
YLR102C,YOR156C,1,4.785165,0.4440583884716034,0.6270853877067566,0.08015228807926178
YDR359C,YIL062C,0,4.782494,0.4437499940395355,0.6270853877067566,0.08025247603654861
YBR046C,YKR079C,0,4.7813444,0.44344204664230347,0.6270853877067566,0.08035267144441605
YER139C,YNR033W,0,4.781002,0.4431345462799072,0.6270853877067566,0.08045285940170288
YCR036W,YGR097W,0,4.7804356,0.442827433347702,0.6270853877067566,0.08055304735898972
YNL199C,YNL036W,0,4.7792406,0.44252076745033264,0.6270853877067566,0.08065324276685715
YML101C,YKL002W,0,4.77899,0.4422145187854767,0.6270853877067566,0.08075343072414398
YAL015C,YML127W,0,4.778221,0.44190871715545654,0.6270853877067566,0.08085361868143082
YDR057W,YMR153W,0,4.7780623,0.44160330295562744,0.6270853877067566,0.08095381408929825
YER100W,YLR215C,0,4.777404,0.44129833579063416,0.6270853877067566,0.08105400204658508
YOL084W,YER167W,0,4.774954,0.4409937858581543,0.6270853877067566,0.08115419000387192
YER033C,YKL005C,0,4.773815,0.44068965315818787,0.6270853877067566,0.08125438541173935
YDR482C,YDR323C,0,4.773512,0.44038593769073486,0.6270853877067566,0.08135457336902618
YBR128C,YBR105C,1,4.772978,0.44077134132385254,0.6280667185783386,0.08135457336902618
YNL066W,YJR096W,0,4.7713833,0.4404679834842682,0.6280667185783386,0.08145476132631302
YDL119C,YOR001W,0,4.77091,0.44016507267951965,0.6280667185783386,0.08155495673418045
YLR288C,YIL033C,0,4.7707615,0.43986254930496216,0.6280667185783386,0.08165514469146729
YCL016C,YCL035C,0,4.77005,0.4395604431629181,0.6280667185783386,0.08175533264875412
YKR007W,YBR295W,0,4.7698174,0.43925875425338745,0.6280667185783386,0.08185552805662155
YNR051C,YJR036C,1,4.7691474,0.43964335322380066,0.6290481090545654,0.08185552805662155
YGR099W,YOL052C-A,0,4.7691054,0.43934202194213867,0.6290481090545654,0.08195571601390839
YOR193W,YKR083C,0,4.7682447,0.4390411078929901,0.6290481090545654,0.08205590397119522
YBR169C,YNL214W,0,4.767763,0.4387405812740326,0.6290481090545654,0.08215609937906265
YGL196W,YBR065C,0,4.7674646,0.4384405016899109,0.6290481090545654,0.08225628733634949
YGR178C,YHR073W,0,4.7671113,0.4381408095359802,0.6290481090545654,0.08235647529363632
YGR253C,YPL254W,0,4.765294,0.437841534614563,0.6290481090545654,0.08245667070150375
YDR510W,YMR223W,1,4.7642965,0.43822526931762695,0.6300294399261475,0.08245667070150375
YJR084W,YBR168W,0,4.763861,0.437926322221756,0.6300294399261475,0.08255685865879059
YLR102C,YBR119W,0,4.7632895,0.4376278221607208,0.6300294399261475,0.08265704661607742
YLR189C,YNR053C,0,4.762373,0.4373297095298767,0.6300294399261475,0.08275724202394485
YKL045W,YOR259C,0,4.7603087,0.43703198432922363,0.6300294399261475,0.08285742998123169
YKL129C,YIR004W,0,4.75928,0.43673470616340637,0.6300294399261475,0.08295761793851852
YLR118C,YGL078C,0,4.758788,0.43643778562545776,0.6300294399261475,0.08305781334638596
YLR193C,YDR188W,0,4.7575197,0.43614131212234497,0.6300294399261475,0.08315800130367279
YIL068C,YDR515W,0,4.75041,0.4358452260494232,0.6300294399261475,0.08325818926095963
YOR189W,YKL002W,0,4.7489624,0.4355495274066925,0.6300294399261475,0.08335837721824646
YER056C,YLR175W,0,4.747221,0.4352542459964752,0.6300294399261475,0.08345857262611389
YDR287W,YHL011C,0,4.7465215,0.434959352016449,0.6300294399261475,0.08355876058340073
YNL328C,YLR284C,0,4.746518,0.43466487526893616,0.6300294399261475,0.08365894854068756
YFR027W,YOL084W,0,4.743662,0.4343707859516144,0.6300294399261475,0.08375914394855499
YDR287W,YIL030C,0,4.7425575,0.43407708406448364,0.6300294399261475,0.08385933190584183
YML029W,YFR005C,1,4.742065,0.4344594478607178,0.6310107707977295,0.08385933190584183
YHR205W,YPR199C,0,4.7412496,0.4341661036014557,0.6310107707977295,0.08395951986312866
YLL024C,YKL040C,0,4.740384,0.43387314677238464,0.6310107707977295,0.0840597152709961
YPR055W,YGL127C,0,4.739956,0.43358057737350464,0.6310107707977295,0.08415990322828293
YHR037W,YGL219C,0,4.739051,0.4332883954048157,0.6310107707977295,0.08426009118556976
YOL032W,YLR093C,0,4.7374926,0.43299663066864014,0.6310107707977295,0.0843602865934372
YLR102C,YDR188W,0,4.7373447,0.43270525336265564,0.6310107707977295,0.08446047455072403
YNL167C,YMR041C,0,4.7366056,0.4324142634868622,0.6310107707977295,0.08456066250801086
YER125W,YOL082W,1,4.7347946,0.4327957034111023,0.6319921612739563,0.08456066250801086
YML092C,YAL026C,0,4.734221,0.4325050413608551,0.6319921612739563,0.0846608579158783
YBR054W,YDR092W,0,4.7341785,0.43221476674079895,0.6319921612739563,0.08476104587316513
YCR086W,YGR253C,0,4.733259,0.43192487955093384,0.6319921612739563,0.08486123383045197
YIL098C,YMR237W,0,4.7318997,0.43163537979125977,0.6319921612739563,0.0849614292383194
YBR005W,YPR169W,0,4.7305098,0.4313462972640991,0.6319921612739563,0.08506161719560623
YML107C,YPL225W,0,4.7299976,0.43105757236480713,0.6319921612739563,0.08516180515289307
YDR309C,YBR272C,0,4.729761,0.4307692348957062,0.6319921612739563,0.0852620005607605
YGL053W,YML102W,0,4.726541,0.43048128485679626,0.6319921612739563,0.08536218851804733
YOL133W,YPL072W,1,4.7257614,0.4308617115020752,0.6329734921455383,0.08536218851804733
YNL183C,YFR034C,0,4.7246904,0.43057408928871155,0.6329734921455383,0.08546237647533417
YOR260W,YDL134C,0,4.723546,0.43028685450553894,0.6329734921455383,0.0855625718832016
YJR035W,YFR030W,0,4.723227,0.4300000071525574,0.6329734921455383,0.08566275984048843
YBL056W,YJL174W,0,4.7219048,0.42971351742744446,0.6329734921455383,0.08576294779777527
YGR129W,YHR157W,0,4.721445,0.42942744493484497,0.6329734921455383,0.0858631432056427
YKL062W,YML076C,0,4.7186346,0.42914173007011414,0.6329734921455383,0.08596333116292953
YNL059C,YLR363C,0,4.718046,0.42885637283325195,0.6329734921455383,0.08606351912021637
YOR249C,YHR200W,1,4.716448,0.42923587560653687,0.6339548826217651,0.08606351912021637
YIL107C,YNL029C,0,4.7159595,0.42895087599754333,0.6339548826217651,0.0861637145280838
YIL075C,YNL167C,0,4.7151246,0.42866623401641846,0.6339548826217651,0.08626390248537064
YHR165C,YNR052C,0,4.7149987,0.42838194966316223,0.6339548826217651,0.08636409044265747
YPR037C,YGR208W,0,4.714856,0.42809808254241943,0.6339548826217651,0.0864642858505249
YDR086C,YBR082C,1,4.713498,0.42847681045532227,0.6349362134933472,0.0864642858505249
YDR261C,YPL179W,0,4.7131786,0.42819324135780334,0.6349362134933472,0.08656447380781174
YBL035C,YHR150W,0,4.710203,0.42791005969047546,0.6349362134933472,0.08666466176509857
YNL183C,YPR086W,0,4.7100525,0.42762723565101624,0.6349362134933472,0.0867648497223854
YOL154W,YDR289C,0,4.7071705,0.42734476923942566,0.6349362134933472,0.08686504513025284
YOR090C,YDL018C,0,4.706313,0.4270627200603485,0.6349362134933472,0.08696523308753967
YNL036W,YLR247C,0,4.706011,0.4267809987068176,0.6349362134933472,0.08706542104482651
YML057W,YPL021W,0,4.7057314,0.4264996647834778,0.6349362134933472,0.08716561645269394
YDR306C,YLR208W,1,4.7051573,0.4268774688243866,0.6359175443649292,0.08716561645269394
YEL005C,YPL178W,0,4.7046833,0.42659643292427063,0.6359175443649292,0.08726580440998077
YGL005C,YER143W,0,4.7042637,0.4263157844543457,0.6359175443649292,0.08736599236726761
YBR003W,YGR030C,0,4.704256,0.42603549361228943,0.6359175443649292,0.08746618777513504
YNL243W,YBR114W,0,4.700186,0.4257555902004242,0.6359175443649292,0.08756637573242188
YFR010W,YBL091C,0,4.7001734,0.4254760444164276,0.6359175443649292,0.08766656368970871
YIL098C,YLR363C,0,4.697734,0.4251968562602997,0.6359175443649292,0.08776675909757614
YKL054C,YOR117W,1,4.697176,0.42557376623153687,0.636898934841156,0.08776675909757614
YLL018C,YPR180W,0,4.692051,0.4252948760986328,0.636898934841156,0.08786694705486298
YJL089W,YHR201C,0,4.6906853,0.4250163733959198,0.636898934841156,0.08796713501214981
YNL199C,YER033C,0,4.690296,0.42473822832107544,0.636898934841156,0.08806733042001724
YDR372C,YER033C,0,4.6898603,0.42446044087409973,0.636898934841156,0.08816751837730408
YLR097C,YDR086C,1,4.68892,0.4248366057872772,0.637880265712738,0.08816751837730408
YDR273W,YKL079W,0,4.6886325,0.4245591163635254,0.637880265712738,0.08826770633459091
YKL145W,YKL054C,1,4.688069,0.4249347150325775,0.6388616561889648,0.08826770633459091
YPR180W,YML031W,0,4.687723,0.42465752363204956,0.6388616561889648,0.08836790174245834
YDL247W,YDR100W,0,4.687421,0.42438068985939026,0.6388616561889648,0.08846808969974518
YPL262W,YPL215W,0,4.6869254,0.424104243516922,0.6388616561889648,0.08856827765703201
YOR252W,YLR299W,0,4.6866436,0.423828125,0.6388616561889648,0.08866847306489944
YFR031C-A,YKR096W,0,4.686535,0.42355236411094666,0.6388616561889648,0.08876866102218628
YNL045W,YDR004W,0,4.6864967,0.42327699065208435,0.6388616561889648,0.08886884897947311
YJL098W,YPL233W,0,4.6854773,0.4230019450187683,0.6388616561889648,0.08896904438734055
YLR345W,YDR309C,0,4.6849346,0.4227272868156433,0.6388616561889648,0.08906923234462738
YMR234W,YGR253C,0,4.684832,0.4224529564380646,0.6388616561889648,0.08916942030191422
YGL073W,YBR153W,0,4.684658,0.4221789836883545,0.6388616561889648,0.08926961570978165
YIL075C,YGL053W,0,4.6843176,0.42190536856651306,0.6388616561889648,0.08936980366706848
YNL250W,YLR200W,0,4.683468,0.4216321110725403,0.6388616561889648,0.08946999162435532
YGR003W,YDL119C,0,4.6824408,0.42135921120643616,0.6388616561889648,0.08957018703222275
YOR236W,YEL039C,0,4.6816845,0.4210866689682007,0.6388616561889648,0.08967037498950958
YFR010W,YBR085W,0,4.681245,0.42081448435783386,0.6388616561889648,0.08977056294679642
YML013W,YDR108W,0,4.6779757,0.4205426275730133,0.6388616561889648,0.08987075090408325
YGR024C,YKL194C,0,4.6756783,0.4202711284160614,0.6388616561889648,0.08997094631195068
YGR080W,YBR023C,0,4.6750283,0.41999998688697815,0.6388616561889648,0.09007113426923752
YKL002W,YLR306W,1,4.6721797,0.42037394642829895,0.6398429870605469,0.09007113426923752
YLR193C,YJR049C,0,4.6720223,0.4201031029224396,0.6398429870605469,0.09017132222652435
YOR027W,YPL135W,0,4.6706967,0.41983258724212646,0.6398429870605469,0.09027151763439178
YIL052C,YGR005C,0,4.6691027,0.419562429189682,0.6398429870605469,0.09037170559167862
YJL012C,YDR350C,0,4.666371,0.4192925989627838,0.6398429870605469,0.09047189354896545
YIL033C,YJR050W,0,4.6632285,0.4190231263637543,0.6398429870605469,0.09057208895683289
YMR040W,YGR161C,0,4.6625566,0.4187540113925934,0.6398429870605469,0.09067227691411972
YGL196W,YIL014W,0,4.6599298,0.41848522424697876,0.6398429870605469,0.09077246487140656
YER177W,YMR237W,0,4.6595144,0.4182167947292328,0.6398429870605469,0.09087266027927399
YNL048W,YDR200C,0,4.657998,0.41794872283935547,0.6398429870605469,0.09097284823656082
YMR313C,YDR359C,0,4.655305,0.4176809787750244,0.6398429870605469,0.09107303619384766
YGL087C,YLR023C,0,4.651401,0.4174135625362396,0.6398429870605469,0.09117323160171509
YJR084W,YCR091W,0,4.6502533,0.4171465039253235,0.6398429870605469,0.09127341955900192
YMR131C,YMR149W,0,4.6475763,0.416879802942276,0.6398429870605469,0.09137360751628876
YPL013C,YMR237W,0,4.6475315,0.4166134297847748,0.6398429870605469,0.09147380292415619
YGL104C,YBL025W,0,4.64685,0.4163473844528198,0.6398429870605469,0.09157399088144302
YDR457W,YEL037C,1,4.6466284,0.41671985387802124,0.6408243179321289,0.09157399088144302
YDL100C,YER071C,0,4.645814,0.4164540767669678,0.6408243179321289,0.09167417883872986
YOR080W,YLR378C,1,4.64552,0.4168260097503662,0.6418057084083557,0.09167417883872986
YLR411W,YAL030W,0,4.6431932,0.41656050086021423,0.6418057084083557,0.09177437424659729
YNL318C,YOR357C,0,4.6428404,0.4162953495979309,0.6418057084083557,0.09187456220388412
YIL153W,YBR169C,0,4.6426673,0.41603052616119385,0.6418057084083557,0.09197475016117096
YKR007W,YMR237W,0,4.6407766,0.41576606035232544,0.6418057084083557,0.09207494556903839
YJL110C,YOR117W,0,4.637643,0.4155018925666809,0.6418057084083557,0.09217513352632523
YML120C,YER033C,0,4.6365533,0.41523808240890503,0.6418057084083557,0.09227532148361206
YNR038W,YDR179C,0,4.6354303,0.4149746298789978,0.6418057084083557,0.09237551689147949
YDR345C,YFR050C,0,4.63194,0.41471147537231445,0.6418057084083557,0.09247570484876633
YOR136W,YKL052C,0,4.6312943,0.41444867849349976,0.6418057084083557,0.09257589280605316
YDR122W,YJL001W,0,4.6310625,0.41418617963790894,0.6418057084083557,0.0926760882139206
YLR315W,YOR172W,0,4.630032,0.41392403841018677,0.6418057084083557,0.09277627617120743
YML101C,YHR090C,0,4.62909,0.41366222500801086,0.6418057084083557,0.09287646412849426
YOR034C,YJR052W,0,4.625844,0.4134007692337036,0.6418057084083557,0.0929766520857811
YER125W,YLR127C,1,4.6249857,0.4137713313102722,0.6427870392799377,0.0929766520857811
YDR057W,YER144C,1,4.622875,0.4141414165496826,0.6437684297561646,0.0929766520857811
YLR039C,YBR193C,0,4.618761,0.4138801395893097,0.6437684297561646,0.09307684749364853
YPL169C,YDR057W,0,4.61819,0.41361916065216064,0.6437684297561646,0.09317703545093536
YGL028C,YIL154C,0,4.617012,0.41335853934288025,0.6437684297561646,0.0932772234082222
YDL008W,YNL311C,1,4.615012,0.4137279689311981,0.6447497606277466,0.0932772234082222
YKL194C,YKL150W,0,4.6149273,0.4134675860404968,0.6447497606277466,0.09337741881608963
YPL179W,YGR122W,0,4.612299,0.4132075607776642,0.6447497606277466,0.09347760677337646
YNL214W,YNR055C,0,4.6094265,0.4129478335380554,0.6447497606277466,0.0935777947306633
YPL176C,YGR083C,0,4.609181,0.4126884341239929,0.6447497606277466,0.09367799013853073
YER125W,YER098W,1,4.606402,0.4130571186542511,0.6457310914993286,0.09367799013853073
YOR207C,YPL203W,0,4.606353,0.4127979874610901,0.6457310914993286,0.09377817809581757
YBR029C,YGL087C,0,4.6060367,0.41253918409347534,0.6457310914993286,0.0938783660531044
YLL042C,YDR057W,1,4.603977,0.41290727257728577,0.6467124819755554,0.0938783660531044
YHR146W,YLR249W,0,4.603402,0.4126487076282501,0.6467124819755554,0.09397856146097183
YDR100W,YGL238W,0,4.602173,0.41239050030708313,0.6467124819755554,0.09407874941825867
YML013W,YMR072W,0,4.5998707,0.41213259100914,0.6467124819755554,0.0941789373755455
YPL126W,YLR248W,0,4.5987434,0.41187500953674316,0.6467124819755554,0.09427913278341293
YBL017C,YDR363W-A,1,4.597124,0.4122423529624939,0.6476938128471375,0.09427913278341293
YGR184C,YBR217W,1,4.597055,0.4126092493534088,0.6486751437187195,0.09427913278341293
YGL126W,YBR005W,0,4.5966883,0.4123518466949463,0.6486751437187195,0.09437932074069977
YAL007C,YPL210C,0,4.596613,0.41209477186203003,0.6486751437187195,0.0944795086979866
YIR004W,YOL052C-A,0,4.5955772,0.41183799505233765,0.6486751437187195,0.09457970410585403
YDR129C,YNL081C,0,4.5937214,0.4115815758705139,0.6486751437187195,0.09467989206314087
YOL122C,YCL039W,0,4.593395,0.41132545471191406,0.6486751437187195,0.0947800800204277
YDR325W,YPR188C,0,4.593321,0.4110696613788605,0.6486751437187195,0.09488027542829514
YOL009C,YKR049C,0,4.5929604,0.41081416606903076,0.6486751437187195,0.09498046338558197
YPL117C,YPL097W,0,4.592266,0.4105589985847473,0.6486751437187195,0.0950806513428688
YMR161W,YPL065W,1,4.5917325,0.41092488169670105,0.6496565341949463,0.0950806513428688
YJL212C,YDR438W,0,4.590872,0.4106699824333191,0.6496565341949463,0.09518084675073624
YOR359W,YLR247C,0,4.590741,0.410415381193161,0.6496565341949463,0.09528103470802307
YDR139C,YML111W,1,4.5901966,0.410780668258667,0.6506378650665283,0.09528103470802307
YLR185W,YDR040C,0,4.5890512,0.410526305437088,0.6506378650665283,0.0953812226653099
YDR091C,YLR417W,0,4.588557,0.4102722704410553,0.6506378650665283,0.09548141807317734
YAL056W,YOR110W,0,4.586378,0.41001856327056885,0.6506378650665283,0.09558160603046417
YLL018C,YDL123W,0,4.5858746,0.4097651541233063,0.6506378650665283,0.09568179398775101
YKR053C,YLR347C,0,4.584514,0.4095120429992676,0.6506378650665283,0.09578198939561844
YBR279W,YHR111W,0,4.5842495,0.40925925970077515,0.6506378650665283,0.09588217735290527
YDR268W,YMR225C,0,4.5840015,0.4090067744255066,0.6506378650665283,0.09598236531019211
YMR081C,YHR006W,0,4.583418,0.4087546169757843,0.6506378650665283,0.09608255326747894
YDL230W,YDR273W,0,4.583326,0.4085027873516083,0.6506378650665283,0.09618274867534637
YPL116W,YKR075C,0,4.582571,0.40825122594833374,0.6506378650665283,0.09628293663263321
YBL038W,YLR361C,0,4.5822678,0.40799999237060547,0.6506378650665283,0.09638312458992004
YOR034C,YOL009C,0,4.579918,0.40774908661842346,0.6506378650665283,0.09648331999778748
YBR049C,YML055W,0,4.5758505,0.40749844908714294,0.6506378650665283,0.09658350795507431
YBR060C,YLR352W,0,4.5738115,0.4072481691837311,0.6506378650665283,0.09668369591236115
YOR380W,YDL087C,0,4.573603,0.4069981575012207,0.6506378650665283,0.09678389132022858
YMR059W,YML004C,0,4.5732455,0.4067484736442566,0.6506378650665283,0.09688407927751541
YLR093C,YKR072C,0,4.5720863,0.40649908781051636,0.6506378650665283,0.09698426723480225
YOR117W,YOL032W,0,4.570916,0.40625,0.6506378650665283,0.09708446264266968
YGL004C,YKL090W,1,4.570805,0.4066135883331299,0.6516192555427551,0.09708446264266968
YMR261C,YDR100W,0,4.570653,0.4063647389411926,0.6516192555427551,0.09718465059995651
YOL126C,YJL168C,0,4.569737,0.40611621737480164,0.6516192555427551,0.09728483855724335
YHR166C,YDR306C,1,4.5696125,0.40647920966148376,0.6526005864143372,0.09728483855724335
YNR048W,YDR078C,0,4.5677805,0.4062308967113495,0.6526005864143372,0.09738503396511078
YGR007W,YDR386W,0,4.5676975,0.4059829115867615,0.6526005864143372,0.09748522192239761
YDR256C,YHR148W,0,4.5672493,0.40573519468307495,0.6526005864143372,0.09758540987968445
YOR086C,YDL102W,0,4.5668187,0.4054878056049347,0.6526005864143372,0.09768560528755188
YDR515W,YGL151W,0,4.56661,0.4052407145500183,0.6526005864143372,0.09778579324483871
YNL263C,YPL140C,0,4.565943,0.4049939215183258,0.6526005864143372,0.09788598120212555
YAL019W,YMR110C,0,4.565462,0.4047474265098572,0.6526005864143372,0.09798617660999298
YBR107C,YPL207W,0,4.5653286,0.4045012295246124,0.6526005864143372,0.09808636456727982
YML004C,YGR007W,0,4.5645885,0.40425533056259155,0.6526005864143372,0.09818655252456665
YBR268W,YNR037C,0,4.564333,0.40400972962379456,0.6526005864143372,0.09828674793243408
YJL110C,YDR092W,0,4.561964,0.40376442670822144,0.6526005864143372,0.09838693588972092
YBR065C,YDL145C,0,4.561717,0.4035194218158722,0.6526005864143372,0.09848712384700775
YKL077W,YIL173W,0,4.560871,0.4032747149467468,0.6526005864143372,0.09858731925487518
YGL058W,YJL034W,1,4.5599737,0.4036363661289215,0.6535819172859192,0.09858731925487518
YPR128C,YNR037C,0,4.559181,0.40339189767837524,0.6535819172859192,0.09868750721216202
YFR031C-A,YPL137C,0,4.5588813,0.40314769744873047,0.6535819172859192,0.09878769516944885
YDL230W,YNL288W,0,4.5585155,0.40290382504463196,0.6535819172859192,0.09888789057731628
YNL145W,YFL005W,0,4.558156,0.40266022086143494,0.6535819172859192,0.09898807853460312
YLL031C,YEL032W,0,4.557225,0.4024169147014618,0.6535819172859192,0.09908826649188995
YMR040W,YLR017W,0,4.557095,0.4021739065647125,0.6535819172859192,0.09918845444917679
YLR432W,YHR020W,0,4.556894,0.40193119645118713,0.6535819172859192,0.09928864985704422
YNL287W,YOL052C-A,0,4.5568633,0.4016887843608856,0.6535819172859192,0.09938883781433105
YML102W,YPL117C,0,4.5568047,0.4014466404914856,0.6535819172859192,0.09948902577161789
YOL032W,YGL078C,0,4.555859,0.40120482444763184,0.6535819172859192,0.09958922117948532
YDR091C,YDL106C,0,4.554287,0.40096327662467957,0.6535819172859192,0.09968940913677216
YDR217C,YKL002W,0,4.5534744,0.40072202682495117,0.6535819172859192,0.09978959709405899
YML076C,YOR132W,0,4.5500617,0.40048104524612427,0.6535819172859192,0.09988979250192642
YHR096C,YLR409C,0,4.5486445,0.40024039149284363,0.6535819172859192,0.09998998045921326
YDR434W,YDR289C,0,4.5486298,0.4000000059604645,0.6535819172859192,0.10009016841650009
YDL147W,YAL058W,1,4.54781,0.4003601372241974,0.654563307762146,0.10009016841650009
YHL031C,YDL149W,0,4.547277,0.40011999011039734,0.654563307762146,0.10019036382436752
YNL173C,YDL223C,0,4.5466404,0.3998800814151764,0.654563307762146,0.10029055178165436
YJR084W,YIL153W,0,4.5448685,0.3996405005455017,0.654563307762146,0.10039073973894119
YCR107W,YIL107C,0,4.544737,0.3994011878967285,0.654563307762146,0.10049093514680862
YER100W,YPL225W,0,4.544511,0.3991621732711792,0.654563307762146,0.10059112310409546
YBL057C,YPL002C,1,4.541049,0.39952152967453003,0.655544638633728,0.10059112310409546
YNL286W,YPL234C,0,4.5403996,0.3992827236652374,0.655544638633728,0.1006913110613823
YNR059W,YGL198W,0,4.5351934,0.3990442156791687,0.655544638633728,0.10079150646924973
YLR025W,YJR036C,1,4.5331163,0.3994029760360718,0.6565260291099548,0.10079150646924973
YDR148C,YJL181W,0,4.533064,0.39916467666625977,0.6565260291099548,0.10089169442653656
YDR306C,YDR313C,1,4.5327773,0.39952296018600464,0.6575073599815369,0.10089169442653656
YGL073W,YHR120W,0,4.5303974,0.39928486943244934,0.6575073599815369,0.1009918823838234
YBR046C,YDR190C,0,4.52934,0.39904704689979553,0.6575073599815369,0.10109207779169083
YKL194C,YKL005C,0,4.529141,0.3988095223903656,0.6575073599815369,0.10119226574897766
YBR114W,YKL099C,0,4.5283484,0.39857226610183716,0.6575073599815369,0.1012924537062645
YDL072C,YPR114W,0,4.5273256,0.3983353078365326,0.6575073599815369,0.10139264911413193
YJL059W,YFL056C,0,4.525941,0.3980986475944519,0.6575073599815369,0.10149283707141876
YIL007C,YOR272W,0,4.52503,0.3978622257709503,0.6575073599815369,0.1015930250287056
YLL031C,YMR101C,0,4.5247316,0.3976261019706726,0.6575073599815369,0.10169322043657303
YDR002W,YHR138C,0,4.5244403,0.3973902761936188,0.6575073599815369,0.10179340839385986
YKL206C,YPR066W,1,4.5238905,0.3977474868297577,0.6584886908531189,0.10179340839385986
YGL067W,YNL173C,0,4.5235167,0.3975118398666382,0.6584886908531189,0.1018935963511467
YGL195W,YDR005C,0,4.522962,0.39727649092674255,0.6584886908531189,0.10199379175901413
YJR090C,YDL126C,1,4.522415,0.3976331353187561,0.6594700813293457,0.10199379175901413
YOL055C,YER041W,0,4.521141,0.3973979949951172,0.6594700813293457,0.10209397971630096
YBR128C,YIL005W,1,4.520203,0.39775413274765015,0.6604514122009277,0.10209397971630096
YMR313C,YIL033C,0,4.5193863,0.39751920104026794,0.6604514122009277,0.1021941676735878
YDR528W,YER139C,0,4.5189037,0.39728453755378723,0.6604514122009277,0.10229435563087463
YNL233W,YJR117W,0,4.518636,0.397050142288208,0.6604514122009277,0.10239455103874207
YOR273C,YKL099C,0,4.5176163,0.39681604504585266,0.6604514122009277,0.1024947389960289
YDR363W-A,YBR273C,1,4.517458,0.3971714675426483,0.6614328026771545,0.1024947389960289
YKL016C,YDR007W,0,4.517107,0.3969375789165497,0.6614328026771545,0.10259492695331573
YBR005W,YBR295W,0,4.516166,0.39670392870903015,0.6614328026771545,0.10269512236118317
YOR117W,YJL173C,0,4.5154395,0.3964705765247345,0.6614328026771545,0.10279531031847
YDR435C,YHR190W,0,4.512134,0.39623749256134033,0.6614328026771545,0.10289549827575684
YMR274C,YGL116W,0,4.51064,0.39600470662117004,0.6614328026771545,0.10299569368362427
YLR249W,YER178W,0,4.509549,0.39577215909957886,0.6614328026771545,0.1030958816409111
YLR324W,YLR052W,0,4.5093555,0.39553990960121155,0.6614328026771545,0.10319606959819794
YOL098C,YKL155C,0,4.5090046,0.3953079283237457,0.6614328026771545,0.10329626500606537
YKL052C,YIL130W,0,4.50741,0.3950762152671814,0.6614328026771545,0.1033964529633522
YDR390C,YPL084W,1,4.50738,0.3954305946826935,0.6624141335487366,0.1033964529633522
YLR293C,YOR086C,0,4.5073733,0.3951990604400635,0.6624141335487366,0.10349664092063904
YLR284C,YIL068C,0,4.506949,0.39496782422065735,0.6624141335487366,0.10359683632850647
YBL084C,YDR409W,1,4.5065136,0.39532163739204407,0.6633954644203186,0.10359683632850647
YLL057C,YGL127C,0,4.506018,0.39509057998657227,0.6633954644203186,0.1036970242857933
YJL034W,YDL132W,1,4.505437,0.3954439163208008,0.6643768548965454,0.1036970242857933
YBR069C,YDR513W,0,4.505308,0.3952130675315857,0.6643768548965454,0.10379721224308014
YPL100W,YPL179W,0,4.5044,0.3949824869632721,0.6643768548965454,0.10389740765094757
YNR048W,YOR113W,0,4.502177,0.39475217461586,0.6643768548965454,0.1039975956082344
YER072W,YGL096W,0,4.5009923,0.39452213048934937,0.6643768548965454,0.10409778356552124
YJL098W,YPL135W,0,4.500539,0.3942923843860626,0.6643768548965454,0.10419797897338867
YDL074C,YPR181C,1,4.4990253,0.39464494585990906,0.6653581857681274,0.10419797897338867
YIL030C,YPR068C,0,4.4989204,0.39441534876823425,0.6653581857681274,0.1042981669306755
YCL039W,YPR066W,1,4.4966617,0.3947674334049225,0.6663395762443542,0.1042981669306755
YHL017W,YDR189W,0,4.496119,0.3945380449295044,0.6663395762443542,0.10439835488796234
YLL006W,YER005W,0,4.49532,0.3943089544773102,0.6663395762443542,0.10449855029582977
YPL120W,YKL090W,1,4.4951143,0.39466047286987305,0.6673209071159363,0.10449855029582977
YDR407C,YKR049C,0,4.494182,0.39443156123161316,0.6673209071159363,0.10459873825311661
YOL122C,YMR009W,0,4.4940553,0.3942028880119324,0.6673209071159363,0.10469892621040344
YFR050C,YBR094W,0,4.4927387,0.39397451281547546,0.6673209071159363,0.10479912161827087
YMR119W,YLL036C,1,4.4912195,0.3943254053592682,0.6683022379875183,0.10479912161827087
YPL171C,YGL144C,0,4.4898667,0.3940972089767456,0.6683022379875183,0.10489930957555771
YNL023C,YOR086C,0,4.4891796,0.3938692808151245,0.6683022379875183,0.10499949753284454
YLR007W,YGR138C,0,4.487955,0.3936416208744049,0.6683022379875183,0.10509969294071198
YBL008W,YHL035C,0,4.487826,0.3934141993522644,0.6683022379875183,0.10519988089799881
YMR040W,YKL058W,0,4.4874983,0.3931870758533478,0.6683022379875183,0.10530006885528564
YNL137C,YKL032C,0,4.4823704,0.39296019077301025,0.6683022379875183,0.10540025681257248
YOR266W,YGR083C,0,4.4821386,0.3927335739135742,0.6683022379875183,0.10550045222043991
YDR188W,YNL118C,0,4.4804754,0.3925071954727173,0.6683022379875183,0.10560064017772675
YDR490C,YIR004W,0,4.480445,0.39228111505508423,0.6683022379875183,0.10570082813501358
YML076C,YEL044W,0,4.479592,0.3920552730560303,0.6683022379875183,0.10580102354288101
YLR239C,YML057W,0,4.479157,0.3918296992778778,0.6683022379875183,0.10590121150016785
YLR102C,YEL037C,1,4.4762926,0.392179399728775,0.6692836284637451,0.10590121150016785
YGR212W,YDR309C,0,4.475998,0.3919540345668793,0.6692836284637451,0.10600139945745468
YLR119W,YHR111W,1,4.4746943,0.3923032879829407,0.6702649593353271,0.10600139945745468
YML107C,YFR014C,0,4.4727526,0.39207807183265686,0.6702649593353271,0.10610159486532211
YDR219C,YPL072W,1,4.471897,0.39242684841156006,0.6712462902069092,0.10610159486532211
YML098W,YER072W,0,4.47103,0.39220184087753296,0.6712462902069092,0.10620178282260895
YLR224W,YLR207W,1,4.4708567,0.39255014061927795,0.672227680683136,0.10620178282260895
YJL212C,YDR273W,0,4.4686184,0.3923253118991852,0.672227680683136,0.10630197077989578
YBR162W-A,YKR052C,0,4.467004,0.3921007513999939,0.672227680683136,0.10640216618776321
YEL018W,YMR149W,0,4.46636,0.3918764293193817,0.672227680683136,0.10650235414505005
YGR178C,YCL044C,0,4.465201,0.391652375459671,0.672227680683136,0.10660254210233688
YML120C,YDR175C,0,4.465088,0.39142856001853943,0.672227680683136,0.10670273751020432
YIL005W,YEL052W,1,4.4639378,0.39177611470222473,0.673209011554718,0.10670273751020432
YDL145C,YGR224W,0,4.462948,0.39155250787734985,0.673209011554718,0.10680292546749115
YGR135W,YJL197W,1,4.45952,0.39189961552619934,0.6741904020309448,0.10680292546749115
YPL100W,YJR108W,0,4.4593043,0.3916761577129364,0.6741904020309448,0.10690311342477798
YNL023C,YJR046W,0,4.4591217,0.39145299792289734,0.6741904020309448,0.10700330883264542
YAL028W,YBR034C,0,4.45804,0.3912300765514374,0.6741904020309448,0.10710349678993225
YBR091C,YER093C,0,4.4579067,0.3910073935985565,0.6741904020309448,0.10720368474721909
YML004C,YPL063W,0,4.454763,0.39078497886657715,0.6741904020309448,0.10730388015508652
YER179W,YJR052W,0,4.453847,0.39056283235549927,0.6741904020309448,0.10740406811237335
YHL031C,YOR059C,0,4.453271,0.3903408944606781,0.6741904020309448,0.10750425606966019
YHR148W,YGR142W,0,4.453267,0.3901192545890808,0.6741904020309448,0.10760445147752762
YGR217W,YNL156C,0,4.450428,0.3898978531360626,0.6741904020309448,0.10770463943481445
YCR036W,YKL051W,0,4.4503064,0.38967669010162354,0.6741904020309448,0.10780482739210129
YDR345C,YPL100W,0,4.4490523,0.38945579528808594,0.6741904020309448,0.10790502279996872
YPL105C,YGL025C,0,4.4490514,0.38923513889312744,0.6741904020309448,0.10800521075725555
YFR036W,YDR054C,1,4.4486876,0.38958096504211426,0.6751717329025269,0.10800521075725555
YGL005C,YLR313C,0,4.4486494,0.3893604874610901,0.6751717329025269,0.10810539871454239
YBL057C,YFR036W,1,4.4475665,0.3897058963775635,0.6761530637741089,0.10810539871454239
YNL142W,YGL107C,0,4.445831,0.38948559761047363,0.6761530637741089,0.10820559412240982
YOR266W,YKL002W,0,4.4452147,0.3892655372619629,0.6761530637741089,0.10830578207969666
YER139C,YKL032C,0,4.444716,0.38904574513435364,0.6761530637741089,0.10840597003698349
YOL023W,YDR317W,0,4.4442554,0.3888261914253235,0.6761530637741089,0.10850615799427032
YFL009W,YDR054C,1,4.444021,0.38917088508605957,0.6771344542503357,0.10850615799427032
YKL145W,YLR378C,1,4.442156,0.389515221118927,0.6781157851219177,0.10850615799427032
YJR132W,YDL230W,0,4.441682,0.3892957866191864,0.6781157851219177,0.10860635340213776
YFL009W,YOR080W,1,4.4416614,0.38963964581489563,0.6790971755981445,0.10860635340213776
YBL056W,YMR081C,0,4.4409213,0.38942036032676697,0.6790971755981445,0.10870654135942459
YMR110C,YBR169C,0,4.440219,0.3892013430595398,0.6790971755981445,0.10880672931671143
YFR031C-A,YCR105W,0,4.438962,0.3889825642108917,0.6790971755981445,0.10890692472457886
YKL062W,YMR156C,0,4.43863,0.38876405358314514,0.6790971755981445,0.10900711268186569
YOR172W,YLR299W,0,4.4381313,0.3885457515716553,0.6790971755981445,0.10910730063915253
YNL031C,YHL028W,0,4.4358068,0.3883277177810669,0.6790971755981445,0.10920749604701996
YJR109C,YIL043C,0,4.435465,0.3881099224090576,0.6790971755981445,0.1093076840043068
YHR134W,YER125W,1,4.4350243,0.3884529173374176,0.6800785064697266,0.1093076840043068
YNL054W,YJL094C,0,4.432501,0.38823530077934265,0.6800785064697266,0.10940787196159363
YAL056W,YHR197W,0,4.4321337,0.3880179226398468,0.6800785064697266,0.10950806736946106
YLR004C,YML102W,0,4.431007,0.38780078291893005,0.6800785064697266,0.1096082553267479
YLR085C,YDL134C,0,4.4246197,0.3875838816165924,0.6800785064697266,0.10970844328403473
YKL033W,YIL033C,0,4.424574,0.38736724853515625,0.6800785064697266,0.10980863869190216
YBR101C,YCL001W,0,4.4224396,0.3871508240699768,0.6800785064697266,0.109908826649189
YGR235C,YLL018C,0,4.4220757,0.38693466782569885,0.6800785064697266,0.11000901460647583
YDR189W,YLR299W,0,4.421335,0.38671875,0.6800785064697266,0.11010921001434326
YNR026C,YLR024C,1,4.4210005,0.3870607912540436,0.6810598373413086,0.11010921001434326
YKL110C,YOL078W,0,4.4197283,0.38684505224227905,0.6810598373413086,0.1102093979716301
YML098W,YLR345W,0,4.4177933,0.38662952184677124,0.6810598373413086,0.11030958592891693
YPL146C,YOR109W,0,4.4153805,0.3864142596721649,0.6810598373413086,0.11040978133678436
YJR123W,YCR091W,0,4.415285,0.3861992061138153,0.6810598373413086,0.1105099692940712
YHR134W,YGR135W,1,4.414686,0.38654059171676636,0.6820412278175354,0.1105099692940712
YDR160W,YDR257C,0,4.414319,0.38632574677467346,0.6820412278175354,0.11061015725135803
YGL243W,YMR040W,0,4.4141374,0.3861111104488373,0.6820412278175354,0.11071035265922546
YDL243C,YCR038C,0,4.411479,0.3858967125415802,0.6820412278175354,0.1108105406165123
YCL044C,YAL030W,0,4.411004,0.3856825828552246,0.6820412278175354,0.11091072857379913
YOL076W,YMR313C,0,4.410859,0.38546866178512573,0.6820412278175354,0.11101092398166656
YPR008W,YDR412W,0,4.4091406,0.38525497913360596,0.6820412278175354,0.1111111119389534
YDR308C,YNL130C,0,4.4086695,0.38504156470298767,0.6820412278175354,0.11121129989624023
YPR055W,YKL196C,0,4.4081984,0.3848283588886261,0.6820412278175354,0.11131149530410767
YJL058C,YDL076C,0,4.4068146,0.38461539149284363,0.6820412278175354,0.1114116832613945
YCR024C,YGL171W,0,4.4051476,0.38440266251564026,0.6820412278175354,0.11151187121868134
YER123W,YNR033W,0,4.4035673,0.384190171957016,0.6820412278175354,0.11161206662654877
YDL113C,YKL081W,0,4.4019747,0.38397789001464844,0.6820412278175354,0.1117122545838356
YIL005W,YKL022C,1,4.4003716,0.3843180537223816,0.6830225586891174,0.1117122545838356
YDR227W,YKL150W,0,4.400337,0.38410595059394836,0.6830225586891174,0.11181244254112244
YIL087C,YIR026C,0,4.399325,0.38389408588409424,0.6830225586891174,0.11191263049840927
YGL196W,YHR201C,0,4.3992004,0.3836824595928192,0.6830225586891174,0.1120128259062767
YMR041C,YMR133W,0,4.396642,0.3834710717201233,0.6830225586891174,0.11211301386356354
YER143W,YFR034C,0,4.396389,0.38325992226600647,0.6830225586891174,0.11221320182085037
YIL062C,YGL064C,0,4.396271,0.38304898142814636,0.6830225586891174,0.1123133972287178
YOL009C,YPL010W,0,4.396109,0.38283827900886536,0.6830225586891174,0.11241358518600464
YPR055W,YLL006W,0,4.393617,0.38262781500816345,0.6830225586891174,0.11251377314329147
YDR398W,YDR406W,0,4.392664,0.38241758942604065,0.6830225586891174,0.1126139685511589
YKL191W,YML057W,0,4.390671,0.38220757246017456,0.6830225586891174,0.11271415650844574
YBR058C,YMR214W,1,4.3894596,0.38254666328430176,0.6840039491653442,0.11271415650844574
YNL023C,YKL051W,0,4.388746,0.3823367953300476,0.6840039491653442,0.11281434446573257
YMR161W,YDR131C,1,4.3877783,0.382675439119339,0.6849852800369263,0.11281434446573257
YIL075C,YGR122W,0,4.386751,0.38246574997901917,0.6849852800369263,0.1129145398736
YKL191W,YPR131C,0,4.3864326,0.38225629925727844,0.6849852800369263,0.11301472783088684
YPL120W,YPR095C,0,4.3856797,0.38204705715179443,0.6849852800369263,0.11311491578817368
YBL058W,YAL058W,1,4.3855734,0.38238513469696045,0.6859666109085083,0.11311491578817368
YKL110C,YML057W,0,4.38548,0.3821760416030884,0.6859666109085083,0.11321511119604111
YIL119C,YOR316C,0,4.3847227,0.3819672167301178,0.6859666109085083,0.11331529915332794
YDR482C,YDR256C,0,4.3839006,0.38175860047340393,0.6859666109085083,0.11341548711061478
YNL103W,YDR098C,0,4.3816166,0.38155022263526917,0.6859666109085083,0.11351568251848221
YBR107C,YJL069C,0,4.379923,0.3813420534133911,0.6859666109085083,0.11361587047576904
YLR037C,YDR395W,0,4.379513,0.38113412261009216,0.6859666109085083,0.11371605843305588
YHR158C,YDR028C,0,4.3791666,0.3809264302253723,0.6859666109085083,0.11381625384092331
YBR211C,YMR262W,0,4.3791537,0.3807189464569092,0.6859666109085083,0.11391644179821014
YML088W,YIL008W,1,4.375633,0.3810560703277588,0.6869480013847351,0.11391644179821014
YAL007C,YDR395W,0,4.3755093,0.3808487355709076,0.6869480013847351,0.11401662975549698
YMR234W,YFL056C,0,4.3733034,0.3806416392326355,0.6869480013847351,0.11411682516336441
YDR328C,YKL206C,1,4.373233,0.3809782564640045,0.6879293322563171,0.11411682516336441
YEL001C,YKL005C,0,4.370551,0.38077130913734436,0.6879293322563171,0.11421701312065125
YDR002W,YBL017C,1,4.36858,0.38110747933387756,0.688910722732544,0.11421701312065125
YIL118W,YLR413W,0,4.368536,0.38090071082115173,0.688910722732544,0.11431720107793808
YGR024C,YBR211C,0,4.3681245,0.3806941509246826,0.688910722732544,0.11441739648580551
YGL067W,YBR272C,0,4.3651466,0.3804877996444702,0.688910722732544,0.11451758444309235
YDR139C,YEL037C,1,4.3647385,0.38082340359687805,0.689892053604126,0.11451758444309235
YCR036W,YHR014W,0,4.364235,0.3806172311306,0.689892053604126,0.11461777240037918
YKL034W,YGR133W,1,4.36401,0.380952388048172,0.690873384475708,0.11461777240037918
YKL110C,YDR268W,0,4.3628445,0.38074633479118347,0.690873384475708,0.11471796780824661
YIL009W,YKL077W,0,4.3624864,0.38054054975509644,0.690873384475708,0.11481815576553345
YMR053C,YDR235W,0,4.3620524,0.3803349435329437,0.690873384475708,0.11491834372282028
YOL095C,YLR323C,0,4.360758,0.3801295757293701,0.690873384475708,0.11501853168010712
YKR049C,YHR157W,0,4.360285,0.3799244463443756,0.690873384475708,0.11511872708797455
YDR441C,YDR021W,0,4.3593154,0.3797195255756378,0.690873384475708,0.11521891504526138
YPR095C,YPL145C,0,4.3583813,0.37951481342315674,0.690873384475708,0.11531910300254822
YNR048W,YDR438W,0,4.3557563,0.37931033968925476,0.690873384475708,0.11541929841041565
YGR005C,YBL047C,0,4.354545,0.3791060745716095,0.690873384475708,0.11551948636770248
YOL009C,YJR131W,0,4.3540473,0.37890204787254333,0.690873384475708,0.11561967432498932
YLR131C,YOR068C,0,4.3537674,0.3786982297897339,0.690873384475708,0.11571986973285675
YPR110C,YMR156C,0,4.35298,0.37849462032318115,0.690873384475708,0.11582005769014359
YDR129C,YLR060W,0,4.3524866,0.3782912492752075,0.690873384475708,0.11592024564743042
YBR046C,YDR289C,0,4.3521776,0.3780880868434906,0.690873384475708,0.11602044105529785
YOL055C,YLR417W,0,4.352132,0.3778851330280304,0.690873384475708,0.11612062901258469
YFL025C,YGL011C,1,4.350367,0.3782188892364502,0.6918547749519348,0.11612062901258469
YLL042C,YDR092W,1,4.3498907,0.37855228781700134,0.6928361058235168,0.11612062901258469
YKR031C,YNL081C,0,4.3497105,0.3783494234085083,0.6928361058235168,0.11622081696987152
YHL038C,YAL002W,0,4.348163,0.378146767616272,0.6928361058235168,0.11632101237773895
YNL059C,YBL008W,0,4.34778,0.37794432044029236,0.6928361058235168,0.11642120033502579
YNL048W,YAL030W,0,4.3473883,0.37774211168289185,0.6928361058235168,0.11652138829231262
YKL062W,YMR230W,0,4.346278,0.37754011154174805,0.6928361058235168,0.11662158370018005
YHR006W,YPL189W,0,4.3455424,0.37733832001686096,0.6928361058235168,0.11672177165746689
YPL209C,YOR254C,0,4.3441734,0.377136766910553,0.6928361058235168,0.11682195961475372
YGR170W,YER129W,0,4.3438807,0.3769353926181793,0.6928361058235168,0.11692215502262115
YDL126C,YDR118W,1,4.3437004,0.37726786732673645,0.6938174962997437,0.11692215502262115
YBR248C,YKL081W,0,4.3422985,0.3770666718482971,0.6938174962997437,0.11702234297990799
YMR156C,YMR149W,0,4.3415604,0.3768656849861145,0.6938174962997437,0.11712253093719482
YLR004C,YMR237W,0,4.3408484,0.3766648769378662,0.6938174962997437,0.11722272634506226
YNL167C,YDR367W,0,4.3402557,0.3764643371105194,0.6938174962997437,0.11732291430234909
YDL134C,YCR021C,0,4.34019,0.37626397609710693,0.6938174962997437,0.11742310225963593
YDR328C,YFL044C,1,4.3400993,0.37659573554992676,0.6947988271713257,0.11742310225963593
YKR088C,YLR435W,0,4.3399143,0.3763955235481262,0.6947988271713257,0.11752329766750336
YGR133W,YLR360W,1,4.3363724,0.376726895570755,0.6957801580429077,0.11752329766750336
YER087C-B,YBR128C,1,4.3362203,0.37705788016319275,0.6967615485191345,0.11752329766750336
YGL018C,YPR199C,0,4.3338666,0.3768577575683594,0.6967615485191345,0.11762348562479019
YOR256C,YKL010C,1,4.332095,0.3771883249282837,0.6977428793907166,0.11762348562479019
YHL025W,YBL005W,0,4.3306723,0.37698832154273987,0.6977428793907166,0.11772367358207703
YMR264W,YJL047C,1,4.3303175,0.37731850147247314,0.6987242102622986,0.11772367358207703
YOR103C,YGR040W,0,4.329235,0.37711864709854126,0.6987242102622986,0.11782386898994446
YLR306W,YBR201W,1,4.3277283,0.3774483799934387,0.6997056007385254,0.11782386898994446
YOR236W,YLL006W,0,4.3274283,0.3772486746311188,0.6997056007385254,0.11792405694723129
YKL194C,YBR003W,0,4.3264546,0.37704917788505554,0.6997056007385254,0.11802424490451813
YDL240W,YPR148C,0,4.3256235,0.376849889755249,0.6997056007385254,0.11812443286180496
YHR006W,YOR103C,0,4.323694,0.3766508102416992,0.6997056007385254,0.1182246282696724
YPL239W,YBR049C,0,4.322659,0.37645193934440613,0.6997056007385254,0.11832481622695923
YDL093W,YMR101C,0,4.3225737,0.37625330686569214,0.6997056007385254,0.11842500418424606
YBR065C,YJR118C,0,4.322276,0.3760548532009125,0.6997056007385254,0.1185251995921135
YGR080W,YOL121C,0,4.320904,0.3758566081523895,0.6997056007385254,0.11862538754940033
YOR316C,YLR360W,0,4.3202863,0.3756586015224457,0.6997056007385254,0.11872557550668716
YPL126W,YBR169C,0,4.320226,0.37546077370643616,0.6997056007385254,0.1188257709145546
YLR001C,YLR150W,0,4.3192225,0.37526315450668335,0.6997056007385254,0.11892595887184143
YDR516C,YBR268W,0,4.31921,0.37506574392318726,0.6997056007385254,0.11902614682912827
YPL225W,YER159C,0,4.319027,0.37486857175827026,0.6997056007385254,0.1191263422369957
YOR335C,YCR038C,0,4.318333,0.3746715784072876,0.6997056007385254,0.11922653019428253
YIR004W,YPR100W,0,4.317448,0.37447479367256165,0.6997056007385254,0.11932671815156937
YNL288W,YMR237W,0,4.316212,0.3742782175540924,0.6997056007385254,0.1194269135594368
YIR004W,YDL102W,0,4.3149376,0.3740818500518799,0.6997056007385254,0.11952710151672363
YMR175W,YDR023W,0,4.3148546,0.3738856911659241,0.6997056007385254,0.11962728947401047
YBL067C,YBR217W,1,4.3145943,0.374213844537735,0.7006869316101074,0.11962728947401047
YFL056C,YOR359W,0,4.3132076,0.3740178048610687,0.7006869316101074,0.1197274848818779
YOR380W,YDR386W,0,4.3126955,0.37382200360298157,0.7006869316101074,0.11982767283916473
YGR099W,YNL318C,0,4.3103485,0.37362638115882874,0.7006869316101074,0.11992786079645157
YDR041W,YLR333C,0,4.30906,0.3734309673309326,0.7006869316101074,0.120028056204319
YBR211C,YHR157W,0,4.3089848,0.3732357621192932,0.7006869316101074,0.12012824416160583
YJR131W,YMR067C,1,4.308544,0.3735632300376892,0.7016683220863342,0.12012824416160583
YOR357C,YCR005C,0,4.30838,0.37336814403533936,0.7016683220863342,0.12022843211889267
YLR085C,YBL014C,0,4.308296,0.3731732666492462,0.7016683220863342,0.1203286275267601
YML023C,YPL120W,0,4.3080297,0.3729785978794098,0.7016683220863342,0.12042881548404694
YOR247W,YGR060W,0,4.3072286,0.3727841377258301,0.7016683220863342,0.12052900344133377
YDR430C,YGR122W,0,4.305354,0.3725898861885071,0.7016683220863342,0.1206291988492012
YER142C,YJR108W,0,4.3046975,0.3723958432674408,0.7016683220863342,0.12072938680648804
YOR113W,YCL067C,0,4.302996,0.37220197916030884,0.7016683220863342,0.12082957476377487
YDR100W,YMR183C,0,4.302283,0.3720083236694336,0.7016683220863342,0.1209297701716423
YLR102C,YOR249C,1,4.3015714,0.37233489751815796,0.7026496529579163,0.1209297701716423
YEL019C,YDR528W,0,4.3007126,0.37214136123657227,0.7026496529579163,0.12102995812892914
YJR084W,YPL006W,0,4.2991614,0.3719480633735657,0.7026496529579163,0.12113014608621597
YFL016C,YPL065W,1,4.2962713,0.37227413058280945,0.7036309838294983,0.12113014608621597
YIL156W,YDR409W,1,4.292855,0.37259989976882935,0.7046123743057251,0.12113014608621597
YDR328C,YOL052C-A,0,4.2925186,0.37240663170814514,0.7046123743057251,0.12123033404350281
YMR041C,YKL052C,0,4.292319,0.37221357226371765,0.7046123743057251,0.12133052945137024
YER087C-B,YDR086C,1,4.291937,0.37253886461257935,0.7055937051773071,0.12133052945137024
YNL317W,YBR212W,0,4.2918997,0.3723459243774414,0.7055937051773071,0.12143071740865707
YHL028W,YGL116W,0,4.2917542,0.37215322256088257,0.7055937051773071,0.12153090536594391
YJR108W,YDR292C,0,4.2914834,0.37196066975593567,0.7055937051773071,0.12163110077381134
YGR005C,YDR025W,0,4.291283,0.37176835536956787,0.7055937051773071,0.12173128873109818
YDR256C,YGR044C,0,4.291155,0.3715762197971344,0.7055937051773071,0.12183147668838501
YMR220W,YDL018C,0,4.2905707,0.37138429284095764,0.7055937051773071,0.12193167209625244
YLR361C,YDL123W,0,4.2893233,0.3711925745010376,0.7055937051773071,0.12203186005353928
YDL247W,YLR055C,0,4.289296,0.3710010349750519,0.7055937051773071,0.12213204801082611
YDL243C,YDL149W,0,4.289176,0.3708097040653229,0.7055937051773071,0.12223224341869354
YBR208C,YKR088C,0,4.2878065,0.3706185519695282,0.7055937051773071,0.12233243137598038
YML098W,YKR100C,0,4.2874722,0.37042760848999023,0.7055937051773071,0.12243261933326721
YER100W,YER149C,0,4.2866063,0.370236873626709,0.7055937051773071,0.12253281474113464
YAL007C,YHR197W,0,4.2862263,0.37004631757736206,0.7055937051773071,0.12263300269842148
YGL196W,YPR017C,0,4.285874,0.36985597014427185,0.7055937051773071,0.12273319065570831
YDR212W,YDR427W,0,4.285516,0.36966580152511597,0.7055937051773071,0.12283338606357574
YKR049C,YNL156C,0,4.2842245,0.3694758415222168,0.7055937051773071,0.12293357402086258
YHR006W,YJR046W,0,4.2833986,0.36928609013557434,0.7055937051773071,0.12303376197814941
YHR205W,YJL057C,0,4.2833815,0.3690965175628662,0.7055937051773071,0.12313395738601685
YOR049C,YER129W,0,4.282502,0.3689071238040924,0.7055937051773071,0.12323414534330368
YIL036W,YLR055C,0,4.281786,0.3687179386615753,0.7055937051773071,0.12333433330059052
YDL247W,YGR193C,0,4.281028,0.36852896213531494,0.7055937051773071,0.12343452870845795
YKR007W,YNR059W,0,4.280948,0.3683401644229889,0.7055937051773071,0.12353471666574478
YDR002W,YNL186W,1,4.280265,0.36866360902786255,0.7065750956535339,0.12353471666574478
YKL129C,YNL024C,0,4.2794466,0.36847493052482605,0.7065750956535339,0.12363490462303162
YPR134W,YOL084W,0,4.2791443,0.3682864308357239,0.7065750956535339,0.12373510003089905
YBR153W,YGL006W,0,4.2789836,0.3680981695652008,0.7065750956535339,0.12383528798818588
YNL048W,YMR072W,0,4.278715,0.3679100573062897,0.7065750956535339,0.12393547594547272
YDR427W,YJL035C,0,4.2771225,0.36772215366363525,0.7065750956535339,0.12403567135334015
YDR515W,YNL065W,0,4.27711,0.36753445863723755,0.7065750956535339,0.12413585931062698
YOR045W,YDL076C,0,4.2769585,0.36734694242477417,0.7065750956535339,0.12423604726791382
YGL005C,YBR169C,0,4.2762647,0.3671596050262451,0.7065750956535339,0.12433623522520065
YAL048C,YGL192W,0,4.276222,0.3669724762439728,0.7065750956535339,0.12443643063306808
YDR175C,YIL062C,0,4.275664,0.36678552627563477,0.7065750956535339,0.12453661859035492
YPR067W,YOL009C,0,4.2740602,0.36659878492355347,0.7065750956535339,0.12463680654764175
YGL073W,YKL033W,0,4.2740035,0.3664122223854065,0.7065750956535339,0.12473700195550919
YKR085C,YKL005C,0,4.2737675,0.36622583866119385,0.7065750956535339,0.12483718991279602
YGR046W,YDR028C,0,4.2730293,0.3660396635532379,0.7065750956535339,0.12493737787008286
YOR241W,YJR054W,0,4.270271,0.3658536672592163,0.7065750956535339,0.1250375658273697
YDR325W,YNL173C,0,4.2701807,0.36566784977912903,0.7065750956535339,0.12513776123523712
YER094C,YPL002C,1,4.2684574,0.3659898340702057,0.707556426525116,0.12513776123523712
YBR058C,YJL197W,1,4.2683663,0.36631152033805847,0.708537757396698,0.12513776123523712
YEL005C,YJR054W,0,4.267776,0.36612576246261597,0.708537757396698,0.12523795664310455
YOR157C,YIL130W,0,4.266803,0.3659401834011078,0.708537757396698,0.1253381371498108
YBL091C,YJL196C,0,4.26625,0.3657548129558563,0.708537757396698,0.12543833255767822
YIL154C,YOL012C,0,4.266152,0.3655696213245392,0.708537757396698,0.12553852796554565
YFR031C-A,YGL115W,0,4.2654505,0.36538460850715637,0.708537757396698,0.1256387084722519
YDR513W,YDR002W,0,4.264938,0.3651998043060303,0.708537757396698,0.12573890388011932
YCR086W,YFL056C,0,4.2648807,0.3650151789188385,0.708537757396698,0.12583909928798676
YDR427W,YKL060C,0,4.264519,0.36483073234558105,0.708537757396698,0.125939279794693
YDR350C,YPL221W,0,4.2643957,0.36464646458625793,0.708537757396698,0.12603947520256042
YOL116W,YKR052C,0,4.2627206,0.36446240544319153,0.708537757396698,0.12613967061042786
YPL130W,YOR271C,0,4.2590656,0.36427849531173706,0.708537757396698,0.1262398511171341
YGR080W,YML057W,0,4.258285,0.3640947937965393,0.708537757396698,0.12634004652500153
YBR101C,YPR169W,0,4.2572374,0.36391130089759827,0.708537757396698,0.12644024193286896
YNR055C,YPL063W,0,4.2570415,0.36372795701026917,0.708537757396698,0.1265404224395752
YAL030W,YNR030W,0,4.2566586,0.3635448217391968,0.708537757396698,0.12664061784744263
YOR027W,YNL221C,0,4.256294,0.3633618652820587,0.708537757396698,0.12674081325531006
YIL137C,YJR050W,0,4.256112,0.363179087638855,0.708537757396698,0.1268409937620163
YPR008W,YCR038C,0,4.253501,0.36299648880958557,0.708537757396698,0.12694118916988373
YOL122C,YCR086W,0,4.2527127,0.3628140687942505,0.708537757396698,0.12704138457775116
YER062C,YDL100C,0,4.2513084,0.3626318573951721,0.708537757396698,0.1271415650844574
YPL209C,YHL025W,0,4.2492075,0.3624497950077057,0.708537757396698,0.12724176049232483
YPR008W,YMR059W,0,4.249195,0.36226794123649597,0.708537757396698,0.12734195590019226
YOR103C,YOL051W,0,4.2487383,0.3620862662792206,0.708537757396698,0.1274421364068985
YDR515W,YPR180W,0,4.2486725,0.3619047701358795,0.708537757396698,0.12754233181476593
YDR510W,YOR156C,1,4.2486324,0.3622244596481323,0.7095191478729248,0.12754233181476593
YNL214W,YMR322C,0,4.2483134,0.3620430529117584,0.7095191478729248,0.12764252722263336
YLR093C,YOL135C,0,4.248197,0.36186185479164124,0.7095191478729248,0.1277427077293396
YPL020C,YLR024C,1,4.2476325,0.3621810972690582,0.7105004787445068,0.1277427077293396
YLR189C,YHR114W,0,4.2470407,0.3619999885559082,0.7105004787445068,0.12784290313720703
YNL176C,YDL046W,0,4.246173,0.3618190884590149,0.7105004787445068,0.12794309854507446
YNL031C,YNL023C,0,4.246035,0.3616383671760559,0.7105004787445068,0.1280432790517807
YER139C,YLR263W,0,4.2457457,0.36145782470703125,0.7105004787445068,0.12814347445964813
YLR004C,YEL019C,0,4.2446456,0.36127743124961853,0.7105004787445068,0.12824366986751556
YGL246C,YCR091W,0,4.244591,0.3610972464084625,0.7105004787445068,0.1283438503742218
YPR114W,YBR162C,0,4.2425585,0.36091724038124084,0.7105004787445068,0.12844404578208923
YIL156W,YGL017W,1,4.241747,0.36123567819595337,0.7114818692207336,0.12844404578208923
YPR114W,YKL060C,0,4.2408953,0.36105579137802124,0.7114818692207336,0.12854424118995667
YER031C,YLL021W,0,4.2405257,0.36087605357170105,0.7114818692207336,0.1286444216966629
YDR441C,YOR119C,0,4.240469,0.3606965243816376,0.7114818692207336,0.12874461710453033
YLL016W,YPL239W,0,4.238715,0.36051714420318604,0.7114818692207336,0.12884481251239777
YHR154W,YDR273W,0,4.2370167,0.3603379726409912,0.7114818692207336,0.128944993019104
YPL138C,YGL167C,0,4.2361293,0.3601589798927307,0.7114818692207336,0.12904518842697144
YMR234W,YLR247C,0,4.2345514,0.35998013615608215,0.7114818692207336,0.12914536893367767
YGR055W,YBR094W,0,4.2338514,0.3598015010356903,0.7114818692207336,0.1292455643415451
YNR069C,YOR257W,1,4.2308903,0.3601190447807312,0.7124632000923157,0.1292455643415451
YCL008C,YPL072W,1,4.229309,0.3604362905025482,0.7134445309638977,0.1292455643415451
YJR042W,YLR118C,0,4.228715,0.36025768518447876,0.7134445309638977,0.12934575974941254
YLR442C,YLR345W,0,4.228366,0.36007925868034363,0.7134445309638977,0.12944594025611877
YBR005W,YKL040C,0,4.228285,0.35990098118782043,0.7134445309638977,0.1295461356639862
YJR102C,YFR052W,1,4.2269893,0.36021772027015686,0.7144259214401245,0.1295461356639862
YER087C-B,YNL159C,1,4.2269707,0.360534131526947,0.7154072523117065,0.1295461356639862
YPR154W,YLR215C,0,4.2261667,0.3603559136390686,0.7154072523117065,0.12964633107185364
YDR330W,YBR105C,1,4.226013,0.3606719374656677,0.7163886427879333,0.12964633107185364
YCR044C,YHL021C,0,4.225821,0.36049383878707886,0.7163886427879333,0.12974651157855988
YDR515W,YCL054W,0,4.225003,0.36031588912010193,0.7163886427879333,0.1298467069864273
YKL026C,YFR053C,0,4.22464,0.3601381480693817,0.7163886427879333,0.12994690239429474
YPL130W,YDR160W,0,4.22458,0.35996055603027344,0.7163886427879333,0.13004708290100098
YBR089C-A,YBR121C,0,4.2240944,0.3597831428050995,0.7163886427879333,0.1301472783088684
YIL098C,YPR067W,0,4.223983,0.35960590839385986,0.7163886427879333,0.13024747371673584
YHR139C,YOL052C-A,0,4.223118,0.35942885279655457,0.7163886427879333,0.13034765422344208
YOR380W,YGL127C,0,4.222851,0.3592519760131836,0.7163886427879333,0.1304478496313095
YKL110C,YBR003W,0,4.2216835,0.35907524824142456,0.7163886427879333,0.13054804503917694
YOL126C,YMR275C,0,4.2216334,0.35889872908592224,0.7163886427879333,0.13064822554588318
YAL007C,YIL107C,0,4.2214084,0.35872235894203186,0.7163886427879333,0.1307484209537506
YNL243W,YCR024C,0,4.2204523,0.3585461676120758,0.7163886427879333,0.13084861636161804
YMR261C,YKL048C,0,4.2193093,0.3583701550960541,0.7163886427879333,0.13094879686832428
YDR129C,YGL151W,0,4.2182574,0.3581943213939667,0.7163886427879333,0.1310489922761917
YIL064W,YML004C,0,4.2181797,0.3580186367034912,0.7163886427879333,0.13114918768405914
YPL001W,YDL046W,0,4.218096,0.3578431308269501,0.7163886427879333,0.13124936819076538
YPL001W,YJR048W,0,4.217068,0.35766780376434326,0.7163886427879333,0.1313495635986328
YDR268W,YKL081W,0,4.215578,0.3574926555156708,0.7163886427879333,0.13144975900650024
YBR109C,YHR133C,0,4.2152557,0.35731765627861023,0.7163886427879333,0.13154993951320648
YKL185W,YCR036W,0,4.214426,0.3571428656578064,0.7163886427879333,0.1316501349210739
YJR046W,YIL173W,0,4.2139997,0.3569682240486145,0.7163886427879333,0.13175033032894135
YPR066W,YNL008C,1,4.213915,0.35728248953819275,0.7173699736595154,0.13175033032894135
YMR175W,YMR110C,0,4.2138653,0.3571079671382904,0.7173699736595154,0.13185051083564758
YMR053C,YDR528W,0,4.213844,0.35693359375,0.7173699736595154,0.13195070624351501
YFL025C,YNL133C,0,4.213629,0.3567593991756439,0.7173699736595154,0.13205090165138245
YDR367W,YGL139W,0,4.2122855,0.3565853536128998,0.7173699736595154,0.13215108215808868
YIL075C,YGL198W,0,4.2107315,0.35641151666641235,0.7173699736595154,0.13225127756595612
YDR145W,YDR179C,0,4.2099876,0.35623782873153687,0.7173699736595154,0.13235147297382355
YDR092W,YHR134W,1,4.2088847,0.3565513789653778,0.7183513045310974,0.13235147297382355
YLR258W,YGR057C,0,4.2082305,0.35637781023979187,0.7183513045310974,0.13245165348052979
YNL199C,YBR149W,0,4.2079716,0.35620439052581787,0.7183513045310974,0.13255184888839722
YDL247W,YDL018C,0,4.2075796,0.3560311198234558,0.7183513045310974,0.13265204429626465
YFR014C,YPL018W,0,4.2072845,0.35585805773735046,0.7183513045310974,0.1327522248029709
YLL048C,YEL027W,0,4.2064447,0.35568514466285706,0.7183513045310974,0.13285242021083832
YOR026W,YFR030W,0,4.2059646,0.3555123805999756,0.7183513045310974,0.13295261561870575
YJL094C,YLR196W,0,4.204567,0.35533979535102844,0.7183513045310974,0.133052796125412
YJL183W,YDR009W,0,4.204427,0.3551673889160156,0.7183513045310974,0.13315299153327942
YGL246C,YLR037C,0,4.2038493,0.35499516129493713,0.7183513045310974,0.13325318694114685
YOL096C,YPR086W,0,4.2021327,0.3548230826854706,0.7183513045310974,0.1333533674478531
YDR129C,YDR004W,0,4.202063,0.35465115308761597,0.7183513045310974,0.13345356285572052
YJL069C,YOR086C,0,4.201721,0.35447943210601807,0.7183513045310974,0.13355375826358795
YPR037C,YMR156C,0,4.200309,0.3543078303337097,0.7183513045310974,0.1336539387702942
YJL057C,YEL019C,0,4.1990786,0.3541364371776581,0.7183513045310974,0.13375413417816162
YIL144W,YKL155C,0,4.1981354,0.3539651930332184,0.7183513045310974,0.13385432958602905
YNL183C,YPR055W,0,4.1978464,0.3537940979003906,0.7183513045310974,0.1339545100927353
YBR003W,YIL062C,0,4.1971526,0.3536231815814972,0.7183513045310974,0.13405470550060272
YMR274C,YNL247W,0,4.1964645,0.3534524440765381,0.7183513045310974,0.13415490090847015
YFR040W,YER060W-A,0,4.1949143,0.3532818555831909,0.7183513045310974,0.1342550814151764
YBR069C,YLR299W,0,4.194791,0.3531114459037781,0.7183513045310974,0.13435527682304382
YGR193C,YBR005W,0,4.192904,0.3529411852359772,0.7183513045310974,0.13445547223091125
YBR211C,YLR004C,0,4.192679,0.3527710735797882,0.7183513045310974,0.1345556527376175
YHR150W,YER178W,0,4.1916475,0.35260117053985596,0.7183513045310974,0.13465584814548492
YBR181C,YMR313C,0,4.191292,0.35243138670921326,0.7183513045310974,0.13475604355335236
YGR120C,YAL051W,0,4.1908283,0.3522617816925049,0.7183513045310974,0.1348562240600586
YMR101C,YBR023C,0,4.190132,0.35209235548973083,0.7183513045310974,0.13495641946792603
YPL120W,YLR466W,0,4.190124,0.3519230782985687,0.7183513045310974,0.13505661487579346
YML097C,YLR360W,1,4.189605,0.35223451256752014,0.7193326950073242,0.13505661487579346
YIL118W,YGR253C,0,4.189266,0.3520653247833252,0.7193326950073242,0.1351567953824997
YPR134W,YGL053W,0,4.189104,0.3518963158130646,0.7193326950073242,0.13525699079036713
YOR250C,YDR464W,0,4.188709,0.3517274558544159,0.7193326950073242,0.13535717129707336
YIL144W,YKR052C,0,4.1880035,0.35155874490737915,0.7193326950073242,0.1354573667049408
YNL029C,YOR059C,0,4.1875877,0.35139021277427673,0.7193326950073242,0.13555756211280823
YER040W,YGL053W,0,4.187315,0.35122185945510864,0.7193326950073242,0.13565774261951447
YEL039C,YLR288C,0,4.1868,0.3510536253452301,0.7193326950073242,0.1357579380273819
YPL138C,YML076C,0,4.1867476,0.3508855998516083,0.7193326950073242,0.13585813343524933
YPR154W,YCR005C,0,4.1864433,0.350717693567276,0.7193326950073242,0.13595831394195557
YOL132W,YHL006C,0,4.1857204,0.35054996609687805,0.7193326950073242,0.136058509349823
YPL003W,YBR203W,1,4.185456,0.3508604168891907,0.7203140258789062,0.136058509349823
YPR017C,YPL135W,0,4.184494,0.3506927788257599,0.7203140258789062,0.13615870475769043
YML092C,YDR309C,0,4.184174,0.3505253195762634,0.7203140258789062,0.13625888526439667
YDL081C,YMR101C,0,4.1829343,0.3503580093383789,0.7203140258789062,0.1363590806722641
YMR286W,YOR048C,0,4.1825457,0.3501908481121063,0.7203140258789062,0.13645927608013153
YMR318C,YGL070C,0,4.181115,0.3500238358974457,0.7203140258789062,0.13655945658683777
YJL054W,YKL138C,0,4.1809483,0.34985700249671936,0.7203140258789062,0.1366596519947052
YLL026W,YGL127C,0,4.1807547,0.349690318107605,0.7203140258789062,0.13675984740257263
YBR128C,YJL047C,1,4.179783,0.3499999940395355,0.7212954163551331,0.13675984740257263
YGR046W,YKR079C,0,4.1795063,0.3498333990573883,0.7212954163551331,0.13686002790927887
YJL173C,YKL032C,0,4.178666,0.3496669828891754,0.7212954163551331,0.1369602233171463
YDR430C,YOR026W,0,4.1783214,0.34950071573257446,0.7212954163551331,0.13706041872501373
YGR046W,YBL008W,0,4.1782265,0.34933459758758545,0.7212954163551331,0.13716059923171997
YNL051W,YCR086W,0,4.177184,0.34916865825653076,0.7212954163551331,0.1372607946395874
YLR306W,YOR339C,1,4.176552,0.3494776785373688,0.7222767472267151,0.1372607946395874
YLL048C,YER143W,0,4.175845,0.34931182861328125,0.7222767472267151,0.13736099004745483
YML076C,YHR157W,0,4.1758018,0.3491460978984833,0.7222767472267151,0.13746117055416107
YLR102C,YMR105C,0,4.1753836,0.34898054599761963,0.7222767472267151,0.1375613659620285
YDR131C,YDR086C,1,4.174267,0.34928908944129944,0.7232580780982971,0.1375613659620285
YOR380W,YDL223C,0,4.17356,0.34912362694740295,0.7232580780982971,0.13766156136989594
YLL026W,YPR071W,0,4.1719337,0.3489583432674408,0.7232580780982971,0.13776174187660217
YNL094W,YNL287W,0,4.171544,0.3487931787967682,0.7232580780982971,0.1378619372844696
YDR078C,YDL149W,0,4.171426,0.3486281931400299,0.7232580780982971,0.13796213269233704
YBR162W-A,YLR093C,0,4.171029,0.34846335649490356,0.7232580780982971,0.13806231319904327
YMR275C,YIL046W,1,4.170599,0.34877127408981323,0.7242394685745239,0.13806231319904327
YDR098C,YOL069W,0,4.16967,0.34860652685165405,0.7242394685745239,0.1381625086069107
YER142C,YBR208C,0,4.1691327,0.3484419286251068,0.7242394685745239,0.13826270401477814
YLR061W,YBR272C,0,4.1682405,0.3482774794101715,0.7242394685745239,0.13836288452148438
YPR143W,YMR041C,0,4.1678224,0.34811320900917053,0.7242394685745239,0.1384630799293518
YDR204W,YNR024W,0,4.1674905,0.3479490876197815,0.7242394685745239,0.13856327533721924
YJR046W,YGL194C,0,4.167445,0.3477851152420044,0.7242394685745239,0.13866345584392548
YGL115W,YBR193C,0,4.1669226,0.34762129187583923,0.7242394685745239,0.1387636512517929
YHR118C,YBR272C,0,4.1666255,0.347457617521286,0.7242394685745239,0.13886384665966034
YDR482C,YER129W,0,4.1659117,0.3472941219806671,0.7242394685745239,0.13896402716636658
YHR114W,YER129W,0,4.164255,0.34713077545166016,0.7242394685745239,0.139064222574234
YOR117W,YIR031C,0,4.163783,0.34696754813194275,0.7242394685745239,0.13916441798210144
YGL063W,YKL197C,0,4.163205,0.34680449962615967,0.7242394685745239,0.13926459848880768
YPR106W,YBR180W,0,4.161272,0.3466416299343109,0.7242394685745239,0.1393647938966751
YDR268W,YPR141C,0,4.1612353,0.3464788794517517,0.7242394685745239,0.13946498930454254
YMR261C,YIL068C,0,4.161167,0.34631627798080444,0.7242394685745239,0.13956516981124878
YBR054W,YKL002W,0,4.160663,0.3461538553237915,0.7242394685745239,0.1396653652191162
YOR156C,YGR120C,0,4.1600065,0.3459915518760681,0.7242394685745239,0.13976556062698364
YGL240W,YHR027C,1,4.1589546,0.3462980389595032,0.725220799446106,0.13976556062698364
YLL018C,YKL043W,0,4.1588407,0.34613582491874695,0.725220799446106,0.13986574113368988
YBL007C,YLR001C,0,4.1586347,0.34597378969192505,0.725220799446106,0.1399659365415573
YIL007C,YNL286W,0,4.158375,0.3458118736743927,0.725220799446106,0.14006613194942474
YER031C,YOR049C,0,4.1581173,0.3456501364707947,0.725220799446106,0.14016631245613098
YER056C,YBR181C,0,4.155756,0.3454885482788086,0.725220799446106,0.1402665078639984
YOR049C,YNL251C,0,4.155551,0.34532710909843445,0.725220799446106,0.14036670327186584
YKR031C,YKR072C,0,4.1535835,0.34516581892967224,0.725220799446106,0.14046688377857208
YIL008W,YDR438W,0,4.153338,0.345004677772522,0.725220799446106,0.14056707918643951
YMR119W,YER100W,1,4.153104,0.3453103005886078,0.726202130317688,0.14056707918643951
YOR087W,YBR003W,0,4.150988,0.3451492488384247,0.726202130317688,0.14066727459430695
YLR299W,YDL117W,0,4.150651,0.3449883460998535,0.726202130317688,0.14076745510101318
YPL120W,YLR092W,0,4.1499634,0.3448275923728943,0.726202130317688,0.14086765050888062
YEL019C,YGL011C,1,4.148833,0.3451327383518219,0.7271835207939148,0.14086765050888062
YJR131W,YER012W,1,4.1453714,0.345437616109848,0.7281648516654968,0.14086765050888062
YHR005C,YHR138C,0,4.1446457,0.3452768623828888,0.7281648516654968,0.14096784591674805
YDR468C,YCL051W,0,4.1445694,0.3451162874698639,0.7281648516654968,0.14106802642345428
YBL008W,YOR060C,0,4.144545,0.34495583176612854,0.7281648516654968,0.14116822183132172
YPL171C,YDL240W,0,4.144364,0.3447955250740051,0.7281648516654968,0.14126841723918915
YIL036W,YOR253W,0,4.1443424,0.34463539719581604,0.7281648516654968,0.14136859774589539
YPL239W,YKL079W,0,4.1441813,0.3444753885269165,0.7281648516654968,0.14146879315376282
YDL100C,YKR064W,0,4.1427236,0.3443155586719513,0.7281648516654968,0.14156897366046906
YDR490C,YML031W,0,4.1425767,0.34415584802627563,0.7281648516654968,0.1416691690683365
YDR039C,YDR365C,0,4.141994,0.3439962863922119,0.7281648516654968,0.14176936447620392
YBL063W,YPL135W,0,4.141595,0.34383687376976013,0.7281648516654968,0.14186954498291016
YDR004W,YGL151W,0,4.139817,0.3436776399612427,0.7281648516654968,0.1419697403907776
YNL059C,YBR065C,0,4.139179,0.34351852536201477,0.7281648516654968,0.14206993579864502
YKL129C,YDR175C,0,4.1376953,0.3433595597743988,0.7281648516654968,0.14217011630535126
YDR189W,YPR007C,0,4.1370816,0.3432007431983948,0.7281648516654968,0.1422703117132187
YNL159C,YDR118W,1,4.137018,0.343504399061203,0.7291462421417236,0.1422703117132187
YOR191W,YIL068C,0,4.136975,0.34334564208984375,0.7291462421417236,0.14237050712108612
YOR018W,YMR158W,0,4.1361837,0.3431870639324188,0.7291462421417236,0.14247068762779236
YMR322C,YGL171W,0,4.1360826,0.34302863478660583,0.7291462421417236,0.1425708830356598
YNL056W,YJR118C,0,4.1353054,0.3428703248500824,0.7291462421417236,0.14267107844352722
YDR212W,YLR352W,0,4.13496,0.3427121639251709,0.7291462421417236,0.14277125895023346
YNL059C,YML102W,0,4.1345944,0.3425541818141937,0.7291462421417236,0.1428714543581009
YPR110C,YDR021W,0,4.1342025,0.3423963189125061,0.7291462421417236,0.14297164976596832
YMR055C,YGL219C,0,4.1325064,0.3422386050224304,0.7291462421417236,0.14307183027267456
YPL280W,YHR122W,0,4.1320047,0.3420810401439667,0.7291462421417236,0.143172025680542
YLR102C,YKL090W,1,4.1319757,0.34238380193710327,0.7301275730133057,0.143172025680542
YMR110C,YFR038W,0,4.131604,0.3422262966632843,0.7301275730133057,0.14327222108840942
YKL033W,YJR049C,0,4.1309457,0.34206897020339966,0.7301275730133057,0.14337240159511566
YGL027C,YDR289C,0,4.13055,0.34191176295280457,0.7301275730133057,0.1434725970029831
YLR363C,YKL079W,0,4.129367,0.3417547047138214,0.7301275730133057,0.14357279241085052
YBR114W,YDR464W,0,4.129075,0.3415977954864502,0.7301275730133057,0.14367297291755676
YJL013C,YKR049C,0,4.128669,0.3414410352706909,0.7301275730133057,0.1437731683254242
YGR244C,YLR260W,0,4.1274915,0.3412843942642212,0.7301275730133057,0.14387336373329163
YHL017W,YDR289C,0,4.1250763,0.3411279320716858,0.7301275730133057,0.14397354423999786
YIL036W,YJL003W,0,4.124977,0.34097158908843994,0.7301275730133057,0.1440737396478653
YHR103W,YPR097W,0,4.1235065,0.34081539511680603,0.7301275730133057,0.14417393505573273
YAR042W,YNL221C,0,4.1231227,0.34065935015678406,0.7301275730133057,0.14427411556243896
YHR146W,YOR081C,0,4.122896,0.34050342440605164,0.7301275730133057,0.1443743109703064
YDR260C,YIL008W,1,4.1228456,0.3408051133155823,0.7311089038848877,0.1443743109703064
YIL013C,YKR064W,0,4.122492,0.340649276971817,0.7311089038848877,0.14447450637817383
YML107C,YPL004C,0,4.121424,0.3404935896396637,0.7311089038848877,0.14457468688488007
YOR156C,YDR430C,0,4.120494,0.3403380513191223,0.7311089038848877,0.1446748822927475
YPR068C,YGR224W,0,4.120159,0.34018266201019287,0.7311089038848877,0.14477507770061493
YNR055C,YPL233W,0,4.119837,0.340027391910553,0.7311089038848877,0.14487525820732117
YEL005C,YHR118C,0,4.11963,0.339872270822525,0.7311089038848877,0.1449754536151886
YDR422C,YGL085W,0,4.1170945,0.3397172689437866,0.7311089038848877,0.14507564902305603
YOR250C,YDR023W,0,4.1159296,0.33956244587898254,0.7311089038848877,0.14517582952976227
YFR050C,YGL144C,0,4.1136365,0.339407742023468,0.7311089038848877,0.1452760249376297
YBR211C,YML101C,0,4.1131945,0.33925318717956543,0.7311089038848877,0.14537622034549713
YER062C,YOR001W,0,4.1131296,0.3390987813472748,0.7311089038848877,0.14547640085220337
YBR054W,YGR040W,0,4.111358,0.3389444947242737,0.7311089038848877,0.1455765962600708
YOR359W,YHL025W,0,4.111021,0.3387903571128845,0.7311089038848877,0.14567679166793823
YJR035W,YOR341W,0,4.1106205,0.3386363685131073,0.7311089038848877,0.14577697217464447
YDL154W,YNL240C,0,4.110139,0.33848249912261963,0.7311089038848877,0.1458771675825119
YLR102C,YBR217W,1,4.1095986,0.33878293633461,0.7320902943611145,0.1458771675825119
YBR114W,YPR169W,0,4.108842,0.3386291563510895,0.7320902943611145,0.14597736299037933
YNL250W,YBL051C,0,4.106976,0.3384754955768585,0.7320902943611145,0.14607754349708557
YFR024C-A,YML102W,0,4.1064615,0.3383219838142395,0.7320902943611145,0.146177738904953
YDR435C,YGR244C,0,4.105999,0.3381686210632324,0.7320902943611145,0.14627793431282043
YOR087W,YDR246W,0,4.105701,0.3380154073238373,0.7320902943611145,0.14637811481952667
YER176W,YDR005C,0,4.105645,0.3378623127937317,0.7320902943611145,0.1464783102273941
YHR103W,YDL105W,0,4.103688,0.33770936727523804,0.7320902943611145,0.14657850563526154
YJL212C,YML055W,0,4.1024747,0.3375565707683563,0.7320902943611145,0.14667868614196777
YOR129C,YKL054C,0,4.102371,0.33740389347076416,0.7320902943611145,0.1467788815498352
YFL016C,YPL072W,1,4.1008434,0.3377034366130829,0.7330716252326965,0.1467788815498352
YAL007C,YJL035C,0,4.1004953,0.3375508487224579,0.7330716252326965,0.14687907695770264
YOL132W,YBR023C,0,4.099106,0.33739838004112244,0.7330716252326965,0.14697925746440887
YAL007C,YNL216W,0,4.098882,0.3372460603713989,0.7330716252326965,0.1470794528722763
YMR009W,YOR271C,0,4.097439,0.33709385991096497,0.7330716252326965,0.14717964828014374
YHR158C,YKL005C,0,4.096359,0.33694180846214294,0.7330716252326965,0.14727982878684998
YGL006W,YDR045C,0,4.095478,0.33678990602493286,0.7330716252326965,0.1473800241947174
YIL156W,YDL018C,0,4.094659,0.33663812279701233,0.7330716252326965,0.14748021960258484
YOR357C,YCL001W,0,4.094444,0.33648648858070374,0.7330716252326965,0.14758040010929108
YKL196C,YLR323C,0,4.0939627,0.3363349735736847,0.7330716252326965,0.1476805955171585
YIL033C,YDL123W,0,4.093251,0.3361836075782776,0.7330716252326965,0.14778079092502594
YLR284C,YOL069W,0,4.093055,0.3360323905944824,0.7330716252326965,0.14788097143173218
YAL019W,YMR091C,0,4.092833,0.3358812928199768,0.7330716252326965,0.1479811668395996
YOL061W,YKL196C,0,4.0925584,0.33573034405708313,0.7330716252326965,0.14808134734630585
YBR086C,YDR108W,0,4.0915813,0.335579514503479,0.7330716252326965,0.14818154275417328
YML120C,YMR262W,0,4.0913754,0.3354288339614868,0.7330716252326965,0.1482817381620407
YGR253C,YLR360W,1,4.091319,0.33572709560394287,0.7340530157089233,0.1482817381620407
YDR289C,YMR035W,0,4.0910716,0.33557650446891785,0.7340530157089233,0.14838191866874695
YJL045W,YMR105C,0,4.0900464,0.33542600274086,0.7340530157089233,0.14848211407661438
YHR146W,YPL063W,0,4.0898037,0.33527565002441406,0.7340530157089233,0.1485823094844818
YHR001W-A,YER159C,0,4.087922,0.3351254463195801,0.7340530157089233,0.14868248999118805
YPR095C,YDR057W,0,4.0877533,0.33497536182403564,0.7340530157089233,0.14878268539905548
YIL052C,YPR180W,0,4.0874662,0.33482542634010315,0.7340530157089233,0.1488828808069229
YKL045W,YNL287W,0,4.0863214,0.3346756100654602,0.7340530157089233,0.14898306131362915
YHR165C,YBR049C,0,4.0827065,0.3345259428024292,0.7340530157089233,0.14908325672149658
YLL018C,YGR244C,0,4.082545,0.33437639474868774,0.7340530157089233,0.149183452129364
YGL067W,YDR490C,0,4.0814047,0.3342269957065582,0.7340530157089233,0.14928363263607025
YOR383C,YBR268W,0,4.0790367,0.33407771587371826,0.7340530157089233,0.14938382804393768
YLR025W,YFR005C,1,4.0785103,0.3343749940395355,0.7350343465805054,0.14938382804393768
YOR136W,YMR009W,0,4.0766697,0.3342258036136627,0.7350343465805054,0.14948402345180511
YJL059W,YNL031C,0,4.0766478,0.3340767025947571,0.7350343465805054,0.14958420395851135
YDR260C,YKL206C,1,4.075952,0.3343735933303833,0.7360156774520874,0.14958420395851135
YDR309C,YDR317W,0,4.0751944,0.3342246115207672,0.7360156774520874,0.14968439936637878
YDR463W,YNL176C,0,4.0735726,0.3340757191181183,0.7360156774520874,0.14978459477424622
YNL318C,YMR153W,0,4.0716906,0.3339269757270813,0.7360156774520874,0.14988477528095245
YIL120W,YKL048C,0,4.071058,0.33377838134765625,0.7360156774520874,0.14998497068881989
YLR193C,YGL127C,0,4.0698566,0.33362990617752075,0.7360156774520874,0.15008516609668732
YDL154W,YDL012C,0,4.067217,0.3334815502166748,0.7360156774520874,0.15018534660339355
YDR361C,YDR528W,0,4.066295,0.3333333432674408,0.7360156774520874,0.150285542011261
YDR372C,YNR037C,0,4.06621,0.33318525552749634,0.7360156774520874,0.15038573741912842
YGR170W,YNL194C,0,4.0660734,0.33303728699684143,0.7360156774520874,0.15048591792583466
YDR377W,YMR055C,0,4.065389,0.33288946747779846,0.7360156774520874,0.1505861133337021
YKL010C,YIR011C,1,4.0651245,0.33318543434143066,0.7369970679283142,0.1505861133337021
YDR004W,YDR105C,0,4.0638633,0.33303770422935486,0.7369970679283142,0.15068630874156952
YKL052C,YNL288W,0,4.0634546,0.3328900635242462,0.7369970679283142,0.15078648924827576
YBR193C,YPL161C,0,4.061997,0.3327425718307495,0.7369970679283142,0.1508866846561432
YAL048C,YOR113W,0,4.061393,0.33259522914886475,0.7369970679283142,0.15098688006401062
YML067C,YOR227W,0,4.0611296,0.33244797587394714,0.7369970679283142,0.15108706057071686
YGR254W,YMR063W,0,4.060979,0.3323008716106415,0.7369970679283142,0.1511872559785843
YGR170W,YGR003W,0,4.0592155,0.33215391635894775,0.7369970679283142,0.15128745138645172
YIL064W,YLR260W,0,4.0582776,0.3320070803165436,0.7369970679283142,0.15138763189315796
YDR129C,YJR042W,0,4.058006,0.33186036348342896,0.7369970679283142,0.1514878273010254
YPL096W,YMR171C,1,4.05759,0.3321554660797119,0.7379783987998962,0.1514878273010254
YHR210C,YLR060W,0,4.0575857,0.33200883865356445,0.7379783987998962,0.15158802270889282
YGR161C,YML096W,0,4.056491,0.33186230063438416,0.7379783987998962,0.15168820321559906
YDR328C,YBR058C,1,4.0550466,0.33215704560279846,0.738959789276123,0.15168820321559906
YPL146C,YDL134C,0,4.0547104,0.33201056718826294,0.738959789276123,0.1517883986234665
YDR490C,YOR101W,0,4.054429,0.33186426758766174,0.738959789276123,0.15188859403133392
YFR016C,YOR259C,0,4.053567,0.3317180573940277,0.738959789276123,0.15198877453804016
YMR286W,YJL168C,0,4.053457,0.3315719962120056,0.738959789276123,0.1520889699459076
YPL001W,YOR156C,0,4.053215,0.33142605423927307,0.738959789276123,0.15218916535377502
YDR145W,YDR406W,0,4.0531263,0.3312802314758301,0.738959789276123,0.15228934586048126
YDR150W,YLR196W,0,4.0514917,0.331134557723999,0.738959789276123,0.1523895412683487
YGR055W,YLR181C,0,4.051305,0.3309890031814575,0.738959789276123,0.15248973667621613
YDR212W,YHR194W,0,4.0507,0.33084359765052795,0.738959789276123,0.15258991718292236
YNR037C,YMR133W,0,4.0503507,0.33069828152656555,0.738959789276123,0.1526901125907898
YPL169C,YDL093W,0,4.0495067,0.3305531144142151,0.738959789276123,0.15279030799865723
YGL006W,YPR071W,0,4.047247,0.3304080665111542,0.738959789276123,0.15289048850536346
YGL087C,YHR149C,0,4.0470276,0.3302631676197052,0.738959789276123,0.1529906839132309
YNL243W,YOR227W,0,4.0456963,0.3301183581352234,0.738959789276123,0.15309087932109833
YGR170W,YMR153W,0,4.0440536,0.3299736976623535,0.738959789276123,0.15319105982780457
YKL150W,YBL025W,0,4.040917,0.3298291862010956,0.738959789276123,0.153291255235672
YAR042W,YDR412W,0,4.0397916,0.3296847641468048,0.738959789276123,0.15339145064353943
YGR099W,YNL068C,0,4.039593,0.329540491104126,0.738959789276123,0.15349163115024567
YEL051W,YDR135C,0,4.0394726,0.3293963372707367,0.738959789276123,0.1535918265581131
YPR143W,YOR059C,0,4.039278,0.32925230264663696,0.738959789276123,0.15369202196598053
YNL059C,YKR031C,0,4.038748,0.3291083872318268,0.738959789276123,0.15379220247268677
YML059C,YOR250C,0,4.0386486,0.32896462082862854,0.738959789276123,0.1538923978805542
YIL052C,YFL005W,0,4.0380883,0.32882097363471985,0.738959789276123,0.15399259328842163
YOR363C,YBR188C,0,4.035548,0.3286774456501007,0.738959789276123,0.15409277379512787
YNL031C,YNL145W,0,4.0348053,0.3285340368747711,0.738959789276123,0.1541929692029953
YLR085C,YDR019C,0,4.0347757,0.3283907473087311,0.738959789276123,0.15429314970970154
YOR045W,YBL007C,0,4.0333157,0.328247606754303,0.738959789276123,0.15439334511756897
YNL199C,YLR328W,0,4.0316343,0.32810458540916443,0.738959789276123,0.1544935405254364
YOR081C,YOR004W,0,4.0297217,0.32796168327331543,0.738959789276123,0.15459372103214264
YNL130C,YJL168C,0,4.0290756,0.327818900346756,0.738959789276123,0.15469391644001007
YML011C,YLR361C,0,4.0289774,0.3276762366294861,0.738959789276123,0.1547941118478775
YKL079W,YDR317W,0,4.028361,0.3275337219238281,0.738959789276123,0.15489429235458374
YHR113W,YPL043W,0,4.028072,0.32739129662513733,0.738959789276123,0.15499448776245117
YBR043C,YBR112C,0,4.0269322,0.32724902033805847,0.738959789276123,0.1550946831703186
YER041W,YBR107C,0,4.0262785,0.32710686326026917,0.738959789276123,0.15519486367702484
YDR178W,YOR320C,0,4.026179,0.3269648253917694,0.738959789276123,0.15529505908489227
YGR078C,YPR120C,0,4.0250864,0.3268229067325592,0.738959789276123,0.1553952544927597
YLR377C,YIL147C,0,4.0246415,0.32668113708496094,0.738959789276123,0.15549543499946594
YMR048W,YER155C,0,4.024467,0.32653945684432983,0.738959789276123,0.15559563040733337
YDR259C,YDR292C,0,4.0225496,0.32639792561531067,0.738959789276123,0.1556958258152008
YGR208W,YHR020W,0,4.0223503,0.32625651359558105,0.738959789276123,0.15579600632190704
YDR358W,YEL019C,1,4.021489,0.3265482783317566,0.7399411201477051,0.15579600632190704
YGL006W,YLR288C,0,4.021476,0.32640692591667175,0.7399411201477051,0.15589620172977448
YER093C,YLL006W,0,4.020806,0.32626569271087646,0.7399411201477051,0.1559963971376419
YDR004W,YPL156C,0,4.018377,0.3261245787143707,0.7399411201477051,0.15609657764434814
YFL025C,YDR204W,0,4.017742,0.32598358392715454,0.7399411201477051,0.15619677305221558
YPR173C,YBR272C,0,4.0175314,0.3258427083492279,0.7399411201477051,0.156296968460083
YML041C,YIL167W,0,4.0167427,0.3257019519805908,0.7399411201477051,0.15639714896678925
YPL138C,YJL183W,0,4.016386,0.3255613148212433,0.7399411201477051,0.15649734437465668
YCR105W,YJR123W,0,4.01448,0.3254207968711853,0.7399411201477051,0.1565975397825241
YCL044C,YPR007C,0,4.013642,0.32528042793273926,0.7399411201477051,0.15669772028923035
YBR162W-A,YNL024C,0,4.012373,0.3251401484012604,0.7399411201477051,0.15679791569709778
YHL038C,YGR046W,0,4.0116568,0.32499998807907104,0.7399411201477051,0.1568981111049652
YMR318C,YIL007C,0,4.0114555,0.32485997676849365,0.7399411201477051,0.15699829161167145
YOR018W,YPL176C,0,4.0113773,0.3247200548648834,0.7399411201477051,0.15709848701953888
YBR101C,YPL013C,0,4.008021,0.32458028197288513,0.7399411201477051,0.1571986824274063
YML092C,YIL005W,1,4.0076613,0.32487091422080994,0.7409224510192871,0.1571986824274063
YOR363C,YOR068C,0,4.0072002,0.32473117113113403,0.7409224510192871,0.15729886293411255
YKR049C,YJR108W,0,4.006905,0.32459157705307007,0.7409224510192871,0.15739905834197998
YDR127W,YIL144W,0,4.005765,0.32445207238197327,0.7409224510192871,0.1574992537498474
YKL016C,YMR009W,0,4.0053067,0.3243127167224884,0.7409224510192871,0.15759943425655365
YGL061C,YBL091C,0,4.003866,0.3241734504699707,0.7409224510192871,0.15769962966442108
YDR002W,YPL145C,0,4.0036163,0.32403433322906494,0.7409224510192871,0.1577998250722885
YNL031C,YDL031W,0,4.002865,0.32389533519744873,0.7409224510192871,0.15790000557899475
YOR079C,YDL087C,0,4.002781,0.3237564265727997,0.7409224510192871,0.15800020098686218
YDL091C,YML098W,0,4.002054,0.3236176669597626,0.7409224510192871,0.15810039639472961
YOR193W,YHR201C,0,3.9997172,0.3234789967536926,0.7409224510192871,0.15820057690143585
YPR128C,YHR006W,0,3.9996743,0.3233404755592346,0.7409224510192871,0.15830077230930328
YDR407C,YDR244W,0,3.9994373,0.3232020437717438,0.7409224510192871,0.15840096771717072
YGL045W,YGL127C,0,3.9988732,0.32306376099586487,0.7409224510192871,0.15850114822387695
YHR204W,YNL183C,0,3.9966435,0.3229255676269531,0.7409224510192871,0.15860134363174438
YGR244C,YOL059W,0,3.9965816,0.3227875232696533,0.7409224510192871,0.15870153903961182
YJL173C,YNR037C,0,3.9952354,0.3226495683193207,0.7409224510192871,0.15880171954631805
YHR158C,YNR052C,0,3.9932885,0.3225117325782776,0.7409224510192871,0.15890191495418549
YNL167C,YEL051W,0,3.9917696,0.32237404584884644,0.7409224510192871,0.15900211036205292
YKR089C,YPL013C,0,3.9908662,0.32223644852638245,0.7409224510192871,0.15910229086875916
YNR032C-A,YEL051W,0,3.9906473,0.322098970413208,0.7409224510192871,0.1592024862766266
YDR009W,YGR253C,0,3.9897518,0.3219616115093231,0.7409224510192871,0.15930268168449402
YER100W,YDR002W,1,3.9886723,0.322250634431839,0.7419038414955139,0.15930268168449402
YGL189C,YHR194W,0,3.9879944,0.3221133351325989,0.7419038414955139,0.15940286219120026
YHR088W,YOR273C,0,3.9868758,0.3219761550426483,0.7419038414955139,0.1595030575990677
YIR019C,YGL107C,0,3.9864674,0.3218390941619873,0.7419038414955139,0.15960325300693512
YGR235C,YPL215W,0,3.9863763,0.32170212268829346,0.7419038414955139,0.15970343351364136
YGL092W,YJL196C,0,3.9857144,0.32156530022621155,0.7419038414955139,0.1598036289215088
YLR131C,YGL027C,0,3.9851513,0.3214285671710968,0.7419038414955139,0.15990382432937622
YLR115W,YHR138C,0,3.9841826,0.3212919533252716,0.7419038414955139,0.16000400483608246
YBR188C,YDL134C,0,3.9836578,0.32115548849105835,0.7419038414955139,0.1601042002439499
YNL045W,YLR068W,0,3.9831905,0.32101911306381226,0.7419038414955139,0.16020439565181732
YLR380W,YER125W,1,3.983087,0.32130730152130127,0.742885172367096,0.16020439565181732
YGL027C,YFR034C,0,3.9817522,0.32117098569869995,0.742885172367096,0.16030457615852356
YDL230W,YGL064C,0,3.9811578,0.3210347890853882,0.742885172367096,0.160404771566391
YIL144W,YGL127C,0,3.9803205,0.3208986818790436,0.742885172367096,0.16050495207309723
YMR262W,YLR323C,0,3.9796834,0.3207627236843109,0.742885172367096,0.16060514748096466
YDR078C,YLR067C,0,3.9786434,0.3206268548965454,0.742885172367096,0.1607053428888321
YBR211C,YDL209C,0,3.978616,0.32049110531806946,0.742885172367096,0.16080552339553833
YGL053W,YDR176W,0,3.9785438,0.32035547494888306,0.742885172367096,0.16090571880340576
YHR148W,YNL130C,0,3.978469,0.3202199637889862,0.742885172367096,0.1610059142112732
YPL133C,YEL044W,0,3.9782414,0.3200845718383789,0.742885172367096,0.16110609471797943
YDR528W,YNL214W,0,3.9775057,0.31994926929473877,0.742885172367096,0.16120629012584686
YDR178W,YKR100C,0,3.9774518,0.31981411576271057,0.742885172367096,0.1613064855337143
YDL064W,YCL008C,1,3.977077,0.3201013505458832,0.7438665628433228,0.1613064855337143
YML076C,YMR091C,0,3.97648,0.31996622681617737,0.7438665628433228,0.16140666604042053
YOR004W,YDR200C,0,3.9763274,0.3198312222957611,0.7438665628433228,0.16150686144828796
YOL154W,YMR072W,0,3.9757688,0.3196963369846344,0.7438665628433228,0.1616070568561554
YBR107C,YNL062C,0,3.9757535,0.31956154108047485,0.7438665628433228,0.16170723736286163
YOR087W,YOR059C,0,3.9755144,0.31942689418792725,0.7438665628433228,0.16180743277072906
YKL149C,YDR122W,0,3.9751186,0.3192923367023468,0.7438665628433228,0.1619076281785965
YGL240W,YLR378C,1,3.9744747,0.31957894563674927,0.7448478937149048,0.1619076281785965
YDR359C,YPL049C,0,3.9740784,0.3194444477558136,0.7448478937149048,0.16200780868530273
YOL055C,YHL003C,0,3.9735932,0.3193100690841675,0.7448478937149048,0.16210800409317017
YPR034W,YNR055C,0,3.9733596,0.3191757798194885,0.7448478937149048,0.1622081995010376
YJL094C,YLR432W,0,3.9729085,0.3190416097640991,0.7448478937149048,0.16230838000774384
YBR208C,YPL161C,0,3.9727876,0.31890755891799927,0.7448478937149048,0.16240857541561127
YEL052W,YGL094C,1,3.9726477,0.31919360160827637,0.7458292245864868,0.16240857541561127
YPL262W,YPL254W,0,3.971702,0.3190596103668213,0.7458292245864868,0.1625087708234787
YAL015C,YKL052C,0,3.9689703,0.31892573833465576,0.7458292245864868,0.16260895133018494
YAL051W,YDR110W,0,3.9670978,0.3187919557094574,0.7458292245864868,0.16270914673805237
YJL035C,YDR080W,0,3.9663625,0.3186582922935486,0.7458292245864868,0.1628093421459198
YLR239C,YOL069W,0,3.96529,0.31852471828460693,0.7458292245864868,0.16290952265262604
YCR105W,YOL084W,0,3.96488,0.3183912932872772,0.7458292245864868,0.16300971806049347
YDR482C,YKL197C,0,3.9644594,0.3182579576969147,0.7458292245864868,0.1631099134683609
YML059C,YDR025W,0,3.9641895,0.3181247413158417,0.7458292245864868,0.16321009397506714
YGL115W,YCR106W,0,3.9640872,0.3179916441440582,0.7458292245864868,0.16331028938293457
YPR161C,YIL144W,0,3.962811,0.31785863637924194,0.7458292245864868,0.163410484790802
YOR090C,YIL008W,0,3.9610116,0.3177257478237152,0.7458292245864868,0.16351066529750824
YJL096W,YIL153W,0,3.9601593,0.317592978477478,0.7458292245864868,0.16361086070537567
YJL173C,YOR249C,0,3.9600272,0.3174603283405304,0.7458292245864868,0.1637110561132431
YDR175C,YKL114C,0,3.9598393,0.3173277676105499,0.7458292245864868,0.16381123661994934
YDL091C,YLR333C,0,3.9598246,0.317195326089859,0.7458292245864868,0.16391143202781677
YNL059C,YPL176C,0,3.959027,0.31706300377845764,0.7458292245864868,0.1640116274356842
YDR437W,YOR132W,0,3.95791,0.31693077087402344,0.7458292245864868,0.16411180794239044
YPL224C,YDR100W,0,3.9558296,0.3167986571788788,0.7458292245864868,0.16421200335025787
YGL098W,YGR122W,0,3.9541144,0.3166666626930237,0.7458292245864868,0.1643121987581253
YER177W,YML047C,0,3.9540331,0.31653478741645813,0.7458292245864868,0.16441237926483154
YBL100W-B,YBR028C,0,3.952723,0.31640300154685974,0.7458292245864868,0.16451257467269897
YML057W,YBR254C,0,3.9526176,0.3162713348865509,0.7458292245864868,0.1646127700805664
YDR287W,YJR108W,0,3.9525547,0.31613975763320923,0.7458292245864868,0.16471295058727264
YDR235W,YGR170W,0,3.9522405,0.3160083293914795,0.7458292245864868,0.16481314599514008
YDL230W,YDR469W,0,3.9522347,0.31587696075439453,0.7458292245864868,0.1649133414030075
YBL017C,YMR223W,1,3.9522047,0.316161185503006,0.7468106150627136,0.1649133414030075
YDL235C,YPL262W,0,3.9518006,0.3160299062728882,0.7468106150627136,0.16501352190971375
YOR018W,YPL193W,0,3.9505517,0.31589871644973755,0.7468106150627136,0.16511371731758118
YIL036W,YDR482C,0,3.9499686,0.31576764583587646,0.7468106150627136,0.1652139127254486
YDR235W,YBL008W,0,3.949843,0.31563666462898254,0.7468106150627136,0.16531409323215485
YHR197W,YLR260W,0,3.9497774,0.3155058026313782,0.7468106150627136,0.16541428864002228
YOR068C,YKL032C,0,3.948357,0.31537505984306335,0.7468106150627136,0.1655144840478897
YNL180C,YLR067C,0,3.947825,0.3152444064617157,0.7468106150627136,0.16561466455459595
YML016C,YKL032C,0,3.9477174,0.3151138722896576,0.7468106150627136,0.16571485996246338
YLR215C,YPR155C,0,3.9473407,0.31498345732688904,0.7468106150627136,0.1658150553703308
YDL106C,YGL053W,0,3.9458802,0.31485313177108765,0.7468106150627136,0.16591523587703705
YAL002W,YKR031C,0,3.945878,0.3147229254245758,0.7468106150627136,0.16601543128490448
YKR053C,YOR011W,0,3.943147,0.31459280848503113,0.7468106150627136,0.1661156266927719
YMR055C,YCL044C,0,3.9430232,0.314462810754776,0.7468106150627136,0.16621580719947815
YBR268W,YNL251C,0,3.9419112,0.3143329322338104,0.7468106150627136,0.16631600260734558
YDL230W,YLR058C,0,3.9418716,0.314203143119812,0.7468106150627136,0.166416198015213
YDR189W,YIR031C,0,3.9413974,0.31407347321510315,0.7468106150627136,0.16651637852191925
YML023C,YJR108W,0,3.9408436,0.31394389271736145,0.7468106150627136,0.16661657392978668
YMR286W,YDR023W,0,3.9397802,0.3138144314289093,0.7468106150627136,0.16671675443649292
YER012W,YPL072W,1,3.939004,0.3140972852706909,0.7477919459342957,0.16671675443649292
YOR193W,YIL030C,0,3.938962,0.31396785378456116,0.7477919459342957,0.16681694984436035
YGR024C,YKR077W,0,3.9384038,0.31383854150772095,0.7477919459342957,0.16691714525222778
YPL002C,YLR208W,1,3.937717,0.3141210377216339,0.7487733364105225,0.16691714525222778
YNL180C,YPR086W,0,3.93691,0.3139917552471161,0.7487733364105225,0.16701732575893402
YNL031C,YDR289C,0,3.9353182,0.3138626217842102,0.7487733364105225,0.16711752116680145
YLR215C,YDR301W,0,3.933277,0.3137335479259491,0.7487733364105225,0.16721771657466888
YML059C,YOR372C,0,3.932247,0.31360459327697754,0.7487733364105225,0.16731789708137512
YER176W,YAL030W,0,3.9321651,0.31347575783729553,0.7487733364105225,0.16741809248924255
YEL005C,YBR218C,0,3.931899,0.3133470118045807,0.7487733364105225,0.16751828789710999
YDR323C,YDR350C,0,3.9314113,0.3132183849811554,0.7487733364105225,0.16761846840381622
YDR361C,YAL051W,0,3.9307184,0.31308987736701965,0.7487733364105225,0.16771866381168365
YOL084W,YMR262W,0,3.9301353,0.3129614293575287,0.7487733364105225,0.1678188592195511
YDL124W,YJR054W,0,3.9294772,0.31283313035964966,0.7487733364105225,0.16791903972625732
YBR188C,YPL021W,0,3.9292967,0.3127049207687378,0.7487733364105225,0.16801923513412476
YOR192C,YMR149W,0,3.9280326,0.3125768005847931,0.7487733364105225,0.1681194305419922
YLR239C,YCR065W,0,3.9279857,0.31244879961013794,0.7487733364105225,0.16821961104869843
YFR050C,YHR001W-A,0,3.9264598,0.31232091784477234,0.7487733364105225,0.16831980645656586
YBR233W-A,YDR039C,0,3.9257796,0.3121931254863739,0.7487733364105225,0.1684200018644333
YAL011W,YPL207W,0,3.9252777,0.312065452337265,0.7487733364105225,0.16852018237113953
YHR009C,YAL007C,0,3.924336,0.3119378685951233,0.7487733364105225,0.16862037777900696
YIL153W,YPL173W,0,3.9239373,0.31181037425994873,0.7487733364105225,0.1687205731868744
YFR031C-A,YER015W,0,3.9233994,0.3116829991340637,0.7487733364105225,0.16882075369358063
YOL076W,YPL013C,0,3.922416,0.31155574321746826,0.7487733364105225,0.16892094910144806
YPR046W,YHR157W,0,3.9200969,0.31142857670783997,0.7487733364105225,0.1690211445093155
YOR124C,YMR171C,1,3.919074,0.3117094933986664,0.7497546672821045,0.1690211445093155
YMR171C,YDL190C,1,3.9190307,0.3119902014732361,0.7507359981536865,0.1690211445093155
YOR252W,YML004C,0,3.9179807,0.3118630349636078,0.7507359981536865,0.16912132501602173
YML023C,YPR046W,0,3.9177046,0.31173592805862427,0.7507359981536865,0.16922152042388916
YKL048C,YJL035C,0,3.9168165,0.3116089701652527,0.7507359981536865,0.1693217158317566
YEL051W,YNL161W,0,3.9161062,0.3114820718765259,0.7507359981536865,0.16942189633846283
YDR482C,YHL017W,0,3.9156241,0.311355322599411,0.7507359981536865,0.16952209174633026
YDR434W,YGR005C,0,3.9147608,0.3112286329269409,0.7507359981536865,0.1696222871541977
YNL045W,YJL094C,0,3.913056,0.3111020624637604,0.7507359981536865,0.16972246766090393
YIL064W,YNL161W,0,3.9130492,0.3109756112098694,0.7507359981536865,0.16982266306877136
YGR174C,YNL068C,0,3.9112756,0.31084924936294556,0.7507359981536865,0.1699228584766388
YAR042W,YMR110C,0,3.9109225,0.3107229769229889,0.7507359981536865,0.17002303898334503
YLL006W,YPL156C,0,3.9104395,0.3105968236923218,0.7507359981536865,0.17012323439121246
YOL069W,YJR108W,0,3.9100976,0.3104707896709442,0.7507359981536865,0.1702234297990799
YPL013C,YKL196C,0,3.9100823,0.3103448152542114,0.7507359981536865,0.17032361030578613
YIL156W,YBR107C,0,3.9082365,0.3102189898490906,0.7507359981536865,0.17042380571365356
YBR233W-A,YGL093W,0,3.9080262,0.3100932240486145,0.7507359981536865,0.170524001121521
YKL029C,YPR068C,0,3.9074202,0.309967577457428,0.7507359981536865,0.17062418162822723
YMR318C,YML120C,0,3.9059029,0.309842050075531,0.7507359981536865,0.17072437703609467
YPL020C,YER087C-A,1,3.904883,0.31012144684791565,0.7517173886299133,0.17072437703609467
YPL248C,YKL081W,0,3.9048018,0.30999594926834106,0.7517173886299133,0.1708245724439621
YBR045C,YGL111W,0,3.9047837,0.30987054109573364,0.7517173886299133,0.17092475295066833
YNL051W,YIL007C,0,3.903825,0.30974525213241577,0.7517173886299133,0.17102494835853577
YMR275C,YML031W,0,3.9024699,0.30962005257606506,0.7517173886299133,0.1711251437664032
YLL018C,YPR148C,0,3.9011624,0.3094949424266815,0.7517173886299133,0.17122532427310944
YDL072C,YHR157W,0,3.9002128,0.3093699514865875,0.7517173886299133,0.17132551968097687
YIL154C,YGL005C,0,3.8997695,0.3092450499534607,0.7517173886299133,0.1714257150888443
YFR014C,YHR133C,0,3.8993645,0.3091202676296234,0.7517173886299133,0.17152589559555054
YOR273C,YIL008W,0,3.8991594,0.3089955747127533,0.7517173886299133,0.17162609100341797
YGR133W,YER125W,1,3.8989458,0.30927419662475586,0.7526987195014954,0.17162609100341797
YLR409C,YBR149W,0,3.8984592,0.30914953351020813,0.7526987195014954,0.1717262864112854
YOR334W,YIL033C,0,3.8984237,0.30902498960494995,0.7526987195014954,0.17182646691799164
YNL023C,YHR133C,0,3.89754,0.30890053510665894,0.7526987195014954,0.17192666232585907
YLR185W,YNL024C,0,3.896818,0.3087761700153351,0.7526987195014954,0.1720268577337265
YOR081C,YML086C,0,3.8966017,0.3086519241333008,0.7526987195014954,0.17212703824043274
YDR213W,YDR328C,0,3.8960261,0.30852776765823364,0.7526987195014954,0.17222723364830017
YJR108W,YPL075W,0,3.895442,0.30840370059013367,0.7526987195014954,0.1723274290561676
YNL045W,YJL058C,0,3.8952909,0.30827975273132324,0.7526987195014954,0.17242760956287384
YNL145W,YCR106W,0,3.8952851,0.30815589427948,0.7526987195014954,0.17252780497074127
YFR040W,YBR193C,0,3.8951998,0.3080321252346039,0.7526987195014954,0.1726280003786087
YOR193W,YBR181C,0,3.893523,0.30790847539901733,0.7526987195014954,0.17272818088531494
YBR114W,YML013W,0,3.8926158,0.30778491497039795,0.7526987195014954,0.17282837629318237
YNL054W,YNL317W,0,3.892563,0.3076614439487457,0.7526987195014954,0.1729285717010498
YAL059W,YPR148C,0,3.8903704,0.30753809213638306,0.7526987195014954,0.17302875220775604
YDL098C,YNL318C,0,3.89009,0.30741482973098755,0.7526987195014954,0.17312894761562347
YCR016W,YNL068C,0,3.8891122,0.3072916567325592,0.7526987195014954,0.1732291281223297
YLR284C,YKR052C,0,3.888863,0.3071686029434204,0.7526987195014954,0.17332932353019714
YPR008W,YMR149W,0,3.8880894,0.3070456385612488,0.7526987195014954,0.17342951893806458
YKL145W,YJL149W,1,3.8880072,0.3073229193687439,0.7536800503730774,0.17342951893806458
YLR258W,YJR041C,0,3.8873367,0.30720001459121704,0.7536800503730774,0.1735296994447708
YNL137C,YHL038C,0,3.8870769,0.30707716941833496,0.7536800503730774,0.17362989485263824
YBR046C,YDR471W,0,3.886403,0.30695444345474243,0.7536800503730774,0.17373009026050568
YOL122C,YML055W,0,3.884768,0.30683180689811707,0.7536800503730774,0.17383027076721191
YLR417W,YML111W,1,3.884182,0.30710864067077637,0.7546614408493042,0.17383027076721191
YKL054C,YEL012W,1,3.8835645,0.30738523602485657,0.7556427717208862,0.17383027076721191
YBR107C,YGR211W,0,3.8834374,0.3072625696659088,0.7556427717208862,0.17393046617507935
YPR175W,YDL139C,0,3.8820825,0.3071400225162506,0.7556427717208862,0.17403066158294678
YNL145W,YBL051C,0,3.8816679,0.3070175349712372,0.7556427717208862,0.17413084208965302
YFR024C-A,YPR133C,0,3.8810935,0.3068951666355133,0.7556427717208862,0.17423103749752045
YNL180C,YDL076C,0,3.8809707,0.306772917509079,0.7556427717208862,0.17433123290538788
YIL007C,YPL130W,0,3.879171,0.30665072798728943,0.7556427717208862,0.17443141341209412
YHR113W,YAL059W,0,3.8783493,0.30652865767478943,0.7556427717208862,0.17453160881996155
YNR032C-A,YKL060C,0,3.8783264,0.3064066767692566,0.7556427717208862,0.17463180422782898
YDR145W,YAL007C,0,3.8752592,0.3062848150730133,0.7556427717208862,0.17473198473453522
YHR190W,YIL062C,0,3.8752356,0.3061630129814148,0.7556427717208862,0.17483218014240265
YOL116W,YNL118C,0,3.875189,0.30604133009910583,0.7556427717208862,0.17493237555027008
YER102W,YCR044C,0,3.874283,0.30591973662376404,0.7556427717208862,0.17503255605697632
YDR259C,YBR191W,0,3.8723016,0.3057982623577118,0.7556427717208862,0.17513275146484375
YOL132W,YPL013C,0,3.8717313,0.3056768476963043,0.7556427717208862,0.17523294687271118
YHR090C,YPR068C,0,3.8717163,0.3055555522441864,0.7556427717208862,0.17533312737941742
YBR046C,YPR133C,0,3.8715115,0.30543434619903564,0.7556427717208862,0.17543332278728485
YNL263C,YBR107C,0,3.8714998,0.30531322956085205,0.7556427717208862,0.17553351819515228
YDL160C,YOL032W,0,3.8710685,0.305192232131958,0.7556427717208862,0.17563369870185852
YNL240C,YKL005C,0,3.869566,0.30507132411003113,0.7556427717208862,0.17573389410972595
YBL067C,YLR380W,1,3.867846,0.3053465485572815,0.756624162197113,0.17573389410972595
YNL263C,YHR006W,0,3.8665624,0.3052256405353546,0.756624162197113,0.17583408951759338
YFL061W,YDR190C,0,3.866148,0.3051048815250397,0.756624162197113,0.17593427002429962
YLR288C,YER159C,0,3.8646233,0.3049841821193695,0.756624162197113,0.17603446543216705
YDL220C,YPL179W,0,3.863841,0.3048635721206665,0.756624162197113,0.17613466084003448
YJL003W,YBR168W,0,3.8637242,0.30474308133125305,0.756624162197113,0.17623484134674072
YPL280W,YLR181C,0,3.863523,0.30462267994880676,0.756624162197113,0.17633503675460815
YOR380W,YKL150W,0,3.8619812,0.30450236797332764,0.756624162197113,0.17643523216247559
YNL054W,YOL061W,0,3.8612237,0.3043821454048157,0.756624162197113,0.17653541266918182
YLR115W,YDR168W,0,3.8595953,0.30426204204559326,0.756624162197113,0.17663560807704926
YML100W,YDR040C,0,3.858514,0.3041419982910156,0.756624162197113,0.1767358034849167
YLR324W,YHR001W-A,0,3.8576508,0.30402207374572754,0.756624162197113,0.17683598399162292
YBR016W,YLR260W,0,3.8573186,0.3039022386074066,0.756624162197113,0.17693617939949036
YFR030W,YPL161C,0,3.856579,0.30378249287605286,0.756624162197113,0.1770363748073578
YJR073C,YOL055C,0,3.8546133,0.30366286635398865,0.756624162197113,0.17713655531406403
YKL054C,YDR390C,1,3.854322,0.30393701791763306,0.7576054930686951,0.17713655531406403
YOR081C,YOR250C,0,3.8526325,0.30381739139556885,0.7576054930686951,0.17723675072193146
YGR193C,YER127W,0,3.8505821,0.3036978840827942,0.7576054930686951,0.1773369461297989
YDR201W,YMR274C,0,3.850512,0.3035784363746643,0.7576054930686951,0.17743712663650513
YGL025C,YFR025C,0,3.8504968,0.303459107875824,0.7576054930686951,0.17753732204437256
YDR189W,YOL012C,0,3.8482904,0.3033398687839508,0.7576054930686951,0.17763751745224
YLR223C,YDR040C,0,3.8471298,0.3032207489013672,0.7576054930686951,0.17773769795894623
YLR194C,YLR055C,0,3.8466473,0.30310168862342834,0.7576054930686951,0.17783789336681366
YOL096C,YJR046W,0,3.8462386,0.30298271775245667,0.7576054930686951,0.1779380887746811
YDR261C,YJL058C,0,3.845698,0.30286386609077454,0.7576054930686951,0.17803826928138733
YOL078W,YDR110W,0,3.84485,0.30274510383605957,0.7576054930686951,0.17813846468925476
YPL120W,YHL015W,0,3.8446221,0.30262643098831177,0.7576054930686951,0.1782386600971222
YGR193C,YBL091C,0,3.844614,0.30250784754753113,0.7576054930686951,0.17833884060382843
YJR084W,YOL121C,0,3.8443885,0.30238935351371765,0.7576054930686951,0.17843903601169586
YDR287W,YGL018C,0,3.843529,0.30227094888687134,0.7576054930686951,0.1785392314195633
YKL041W,YOR080W,1,3.8426883,0.3025440275669098,0.7585868239402771,0.1785392314195633
YIL014W,YCL067C,0,3.8425546,0.30242565274238586,0.7585868239402771,0.17863941192626953
YBR119W,YOR271C,0,3.8408084,0.3023073971271515,0.7585868239402771,0.17873960733413696
YMR001C,YER015W,0,3.84078,0.3021892011165619,0.7585868239402771,0.1788398027420044
YER044C-A,YHR006W,0,3.84031,0.30207112431526184,0.7585868239402771,0.17893998324871063
YML059C,YCL039W,0,3.840278,0.30195313692092896,0.7585868239402771,0.17904017865657806
YIL022W,YCR106W,0,3.8402462,0.30183520913124084,0.7585868239402771,0.1791403740644455
YGR007W,YHR020W,0,3.8393948,0.3017174005508423,0.7585868239402771,0.17924055457115173
YNL025C,YPL262W,0,3.8380752,0.3015996813774109,0.7585868239402771,0.17934074997901917
YNL214W,YHR114W,0,3.8373685,0.30148205161094666,0.7585868239402771,0.1794409304857254
YDR091C,YPR199C,0,3.8373322,0.3013645112514496,0.7585868239402771,0.17954112589359283
YDR175C,YCL035C,0,3.8360653,0.30124709010124207,0.7585868239402771,0.17964132130146027
YDL220C,YPL239W,0,3.8331861,0.3011297285556793,0.7585868239402771,0.1797415018081665
YGL240W,YJR036C,1,3.8330045,0.30140188336372375,0.7595682144165039,0.1797415018081665
YDR422C,YOL084W,0,3.8316493,0.3012845516204834,0.7595682144165039,0.17984169721603394
YOR316C,YMR002W,0,3.8307295,0.3011673092842102,0.7595682144165039,0.17994189262390137
YDR069C,YML013W,1,3.8307142,0.3014391362667084,0.7605495452880859,0.17994189262390137
YFR040W,YOR086C,0,3.8302147,0.30132192373275757,0.7605495452880859,0.1800420731306076
YGL027C,YKR072C,0,3.8301723,0.3012048304080963,0.7605495452880859,0.18014226853847504
YHR108W,YMR110C,0,3.8288321,0.30108779668807983,0.7605495452880859,0.18024246394634247
YLR413W,YGL219C,0,3.8284335,0.3009708821773529,0.7605495452880859,0.1803426444530487
YHR190W,YLR067C,0,3.8282006,0.30085402727127075,0.7605495452880859,0.18044283986091614
YKR089C,YOL023W,0,3.8278604,0.30073729157447815,0.7605495452880859,0.18054303526878357
YBL031W,YNL156C,0,3.827594,0.3006206452846527,0.7605495452880859,0.1806432157754898
YHR111W,YDR273W,0,3.8268714,0.30050405859947205,0.7605495452880859,0.18074341118335724
YPR173C,YER176W,0,3.826479,0.30038759112358093,0.7605495452880859,0.18084360659122467
YOR266W,YOR103C,0,3.8254182,0.300271213054657,0.7605495452880859,0.1809437870979309
YNL286W,YBR181C,0,3.822909,0.3001549243927002,0.7605495452880859,0.18104398250579834
YPR057W,YLR288C,0,3.8223348,0.30003872513771057,0.7605495452880859,0.18114417791366577
YIL107C,YOL023W,0,3.821663,0.2999226152896881,0.7605495452880859,0.181244358420372
YER177W,YDR175C,0,3.8211808,0.2998065650463104,0.7605495452880859,0.18134455382823944
YDR345C,YHR138C,0,3.8211765,0.2996906340122223,0.7605495452880859,0.18144474923610687
YKR053C,YLR181C,0,3.8185136,0.2995747923851013,0.7605495452880859,0.1815449297428131
YIL153W,YDR276C,0,3.8181396,0.2994590401649475,0.7605495452880859,0.18164512515068054
YKR078W,YDR028C,0,3.8181045,0.29934337735176086,0.7605495452880859,0.18174532055854797
YPR071W,YOR086C,0,3.8175614,0.2992278039455414,0.7605495452880859,0.1818455010652542
YGR211W,YDL134C,0,3.8172622,0.29911231994628906,0.7605495452880859,0.18194569647312164
YNR055C,YMR156C,0,3.8171847,0.2989969253540039,0.7605495452880859,0.18204589188098907
YDR325W,YPL117C,0,3.8169653,0.2988815903663635,0.7605495452880859,0.1821460723876953
YLR097C,YKL090W,1,3.8168435,0.2991518974304199,0.7615309357643127,0.1821460723876953
YBR153W,YBR089C-A,0,3.8162224,0.2990366220474243,0.7615309357643127,0.18224626779556274
YGR254W,YNR071C,0,3.8156319,0.2989214062690735,0.7615309357643127,0.18234646320343018
YER125W,YEL052W,1,3.8149657,0.2991913855075836,0.7625122666358948,0.18234646320343018
YBR043C,YKL080W,0,3.813928,0.2990761995315552,0.7625122666358948,0.1824466437101364
YNL056W,YGL219C,0,3.8133972,0.2989611327648163,0.7625122666358948,0.18254683911800385
YGL107C,YPL117C,0,3.8124871,0.29884615540504456,0.7625122666358948,0.18264703452587128
YIL052C,YOR086C,0,3.8121803,0.29873126745224,0.7625122666358948,0.18274721503257751
YER100W,YBR091C,0,3.8119297,0.2986164391040802,0.7625122666358948,0.18284741044044495
YNL243W,YNL317W,0,3.8114862,0.29850172996520996,0.7625122666358948,0.18294760584831238
YER179W,YGL111W,0,3.8111243,0.2983871102333069,0.7625122666358948,0.18304778635501862
YCR086W,YNL156C,0,3.8090541,0.2982725501060486,0.7625122666358948,0.18314798176288605
YDR092W,YBR191W,0,3.8089218,0.29815810918807983,0.7625122666358948,0.18324817717075348
YNL054W,YDR002W,0,3.8087723,0.29804372787475586,0.7625122666358948,0.18334835767745972
YDR108W,YDR028C,0,3.8082547,0.29792943596839905,0.7625122666358948,0.18344855308532715
YNL251C,YER167W,0,3.807835,0.2978152632713318,0.7625122666358948,0.18354874849319458
YHR210C,YER176W,0,3.8077269,0.2977011501789093,0.7625122666358948,0.18364892899990082
YGR202C,YDR098C,0,3.807567,0.297587126493454,0.7625122666358948,0.18374912440776825
YPL233W,YDR179C,0,3.8069816,0.2974731922149658,0.7625122666358948,0.18384931981563568
YDL135C,YNL247W,0,3.8068426,0.2973593473434448,0.7625122666358948,0.18394950032234192
YLR442C,YLR055C,0,3.8067074,0.297245591878891,0.7625122666358948,0.18404969573020935
YKL197C,YMR091C,0,3.8066363,0.2971319258213043,0.7625122666358948,0.18414989113807678
YLL042C,YOR124C,1,3.8062603,0.2974006235599518,0.7634935975074768,0.18414989113807678
YBR168W,YNL176C,0,3.806102,0.2972869575023651,0.7634935975074768,0.18425007164478302
YLR361C,YPL117C,0,3.8032699,0.297173410654068,0.7634935975074768,0.18435026705265045
YDR386W,YBL063W,0,3.8022695,0.29705995321273804,0.7634935975074768,0.18445046246051788
YKL077W,YIL062C,0,3.801999,0.29694655537605286,0.7634935975074768,0.18455064296722412
YIL156W,YDL106C,0,3.801924,0.2968332767486572,0.7634935975074768,0.18465083837509155
YHR148W,YGL151W,0,3.801808,0.29672005772590637,0.7634935975074768,0.18475103378295898
YDR482C,YPL173W,0,3.8014827,0.2966069281101227,0.7634935975074768,0.18485121428966522
YLL006W,YER060W-A,0,3.7992747,0.29649388790130615,0.7634935975074768,0.18495140969753265
YJL078C,YKL043W,0,3.7990096,0.2963809669017792,0.7634935975074768,0.18505160510540009
YIL030C,YIL167W,0,3.7967465,0.2962680757045746,0.7634935975074768,0.18515178561210632
YLR131C,YJL003W,0,3.7966661,0.29615530371665955,0.7634935975074768,0.18525198101997375
YBR005W,YDR384C,0,3.7962215,0.29604262113571167,0.7634935975074768,0.1853521764278412
YBL007C,YOR132W,0,3.7959087,0.29592999815940857,0.7634935975074768,0.18545235693454742
YMR234W,YER038C,0,3.7957602,0.295817494392395,0.7634935975074768,0.18555255234241486
YGR082W,YLR313C,0,3.794757,0.29570505023002625,0.7634935975074768,0.1856527328491211
YGL073W,YJR048W,0,3.7929227,0.29559269547462463,0.7634935975074768,0.18575292825698853
YMR076C,YGL061C,0,3.7927985,0.2954804301261902,0.7634935975074768,0.18585312366485596
YPR143W,YBR049C,0,3.7925596,0.2953682541847229,0.7634935975074768,0.1859533041715622
YGR266W,YGL129C,0,3.7923298,0.2952561676502228,0.7634935975074768,0.18605349957942963
YBR101C,YPL175W,0,3.7911048,0.2951441705226898,0.7634935975074768,0.18615369498729706
YPL193W,YOL052C-A,0,3.7898998,0.29503223299980164,0.7634935975074768,0.1862538754940033
YGL076C,YDL243C,0,3.7885313,0.2949203848838806,0.7634935975074768,0.18635407090187073
YCR107W,YGR004W,0,3.7882535,0.29480862617492676,0.7634935975074768,0.18645426630973816
YPL280W,YLR249W,0,3.7874403,0.29469695687294006,0.7634935975074768,0.1865544468164444
YMR261C,YNR019W,0,3.7868228,0.29458537697792053,0.7634935975074768,0.18665464222431183
YPL072W,YER144C,1,3.7865477,0.2948523759841919,0.7644749879837036,0.18665464222431183
YMR215W,YGL061C,0,3.784855,0.29474082589149475,0.7644749879837036,0.18675483763217926
YGR046W,YOL144W,0,3.7845058,0.2946293354034424,0.7644749879837036,0.1868550181388855
YDR007W,YNL023C,0,3.7835927,0.29451796412467957,0.7644749879837036,0.18695521354675293
YBL087C,YJL094C,0,3.7835832,0.2944066524505615,0.7644749879837036,0.18705540895462036
YKL006W,YDL087C,0,3.7827907,0.29429543018341064,0.7644749879837036,0.1871555894613266
YDL074C,YML088W,1,3.7817602,0.2945619225502014,0.7654563188552856,0.1871555894613266
YKL206C,YML111W,1,3.781588,0.29482823610305786,0.7664377093315125,0.1871555894613266
YLR194C,YPR120C,0,3.7806396,0.2947169840335846,0.7664377093315125,0.18725578486919403
YHR014W,YDL076C,0,3.77913,0.2946058213710785,0.7664377093315125,0.18735598027706146
YMR175W,YOL052C-A,0,3.7790487,0.29449471831321716,0.7664377093315125,0.1874561607837677
YGL006W,YAL056W,0,3.777854,0.294383704662323,0.7664377093315125,0.18755635619163513
YDR510W,YDR409W,1,3.7778447,0.29464957118034363,0.7674190402030945,0.18755635619163513
YPR143W,YKL129C,0,3.7770934,0.29453861713409424,0.7674190402030945,0.18765655159950256
YNL156C,YPL189W,0,3.7767394,0.2944277226924896,0.7674190402030945,0.1877567321062088
YNR052C,YKL005C,0,3.7766323,0.2943168878555298,0.7674190402030945,0.18785692751407623
YIL030C,YPL084W,1,3.7763925,0.29458239674568176,0.7684003710746765,0.18785692751407623
YJL110C,YML013W,0,3.7757227,0.2944715917110443,0.7684003710746765,0.18795712292194366
YML011C,YER179W,0,3.775476,0.2943609058856964,0.7684003710746765,0.1880573034286499
YKL150W,YLL014W,0,3.774776,0.2942502796649933,0.7684003710746765,0.18815749883651733
YGR046W,YBR089C-A,0,3.7746797,0.2941397428512573,0.7684003710746765,0.18825769424438477
YIL013C,YOR172W,0,3.7733223,0.2940292954444885,0.7684003710746765,0.188357874751091
YPR095C,YPL224C,0,3.7722423,0.2939189076423645,0.7684003710746765,0.18845807015895844
YGR174C,YPR120C,0,3.7719266,0.29380863904953003,0.7684003710746765,0.18855826556682587
YHR169W,YBR208C,0,3.7715309,0.29369843006134033,0.7684003710746765,0.1886584460735321
YMR262W,YDR261C,0,3.7711244,0.2935883104801178,0.7684003710746765,0.18875864148139954
YBR078W,YER139C,0,3.7688732,0.29347825050354004,0.7684003710746765,0.18885883688926697
YOR032C,YMR313C,0,3.7684464,0.29336830973625183,0.7684003710746765,0.1889590173959732
YER044C-A,YDR057W,0,3.7680013,0.2932584285736084,0.7684003710746765,0.18905921280384064
YKR027W,YNR052C,0,3.7662835,0.29314863681793213,0.7684003710746765,0.18915940821170807
YDR287W,YHR001W-A,0,3.766241,0.293038934469223,0.7684003710746765,0.1892595887184143
YGL142C,YIL068C,0,3.7661707,0.2929292917251587,0.7684003710746765,0.18935978412628174
YPL137C,YJL003W,0,3.7653766,0.2928197383880615,0.7684003710746765,0.18945997953414917
YPR114W,YMR040W,0,3.765045,0.2927102744579315,0.7684003710746765,0.1895601600408554
YBR069C,YHR146W,0,3.7644024,0.2926008999347687,0.7684003710746765,0.18966035544872284
YDL240W,YPL168W,0,3.7635484,0.2924915850162506,0.7684003710746765,0.18976055085659027
YLR361C,YNL317W,0,3.7611222,0.2923823893070221,0.7684003710746765,0.1898607313632965
YHR096C,YDR087C,0,3.7600338,0.29227322340011597,0.7684003710746765,0.18996092677116394
YDR092W,YLL036C,1,3.7589893,0.29253730177879333,0.7693817615509033,0.18996092677116394
YER062C,YLR007W,0,3.758986,0.292428195476532,0.7693817615509033,0.19006112217903137
YOL069W,YHR148W,0,3.7584393,0.2923191785812378,0.7693817615509033,0.1901613026857376
YBR211C,YHR037W,0,3.7570653,0.2922102212905884,0.7693817615509033,0.19026149809360504
YNL145W,YIL154C,0,3.7564535,0.29210135340690613,0.7693817615509033,0.19036169350147247
YGL025C,YDL117W,0,3.756248,0.29199254512786865,0.7693817615509033,0.1904618740081787
YOR267C,YNL243W,0,3.755125,0.2918838560581207,0.7693817615509033,0.19056206941604614
YDR111C,YDR168W,0,3.7550266,0.2917752265930176,0.7693817615509033,0.19066226482391357
YGR283C,YNL246W,0,3.7549615,0.2916666567325592,0.7693817615509033,0.1907624453306198
YCL044C,YLR352W,1,3.754705,0.29193007946014404,0.7703630924224854,0.1907624453306198
YHR006W,YLR360W,0,3.7542324,0.29182156920433044,0.7703630924224854,0.19086264073848724
YOL055C,YIL053W,0,3.7537155,0.2917131185531616,0.7703630924224854,0.19096283614635468
YGL028C,YEL019C,0,3.7535267,0.29160475730895996,0.7703630924224854,0.1910630166530609
YDR328C,YIL148W,0,3.7528048,0.29149648547172546,0.7703630924224854,0.19116321206092834
YNL176C,YHR138C,0,3.752173,0.29138827323913574,0.7703630924224854,0.19126340746879578
YLR025W,YJR131W,1,3.752172,0.2916512191295624,0.7713444828987122,0.19126340746879578
YKL054C,YBR203W,1,3.75046,0.2919139564037323,0.7723258137702942,0.19126340746879578
YHR210C,YLR011W,0,3.750263,0.2918057143688202,0.7723258137702942,0.19136358797550201
YCL039W,YOR271C,0,3.750237,0.29169756174087524,0.7723258137702942,0.19146378338336945
YDR045C,YIL005W,0,3.7496545,0.2915894687175751,0.7723258137702942,0.19156397879123688
YJL059W,YPR155C,0,3.7486057,0.29148149490356445,0.7723258137702942,0.19166415929794312
YKL054C,YLR421C,1,3.7473464,0.29174378514289856,0.7733071446418762,0.19166415929794312
YPR143W,YEL048C,0,3.7472186,0.29163581132888794,0.7733071446418762,0.19176435470581055
YBL100W-B,YGL064C,0,3.7469044,0.2915279269218445,0.7733071446418762,0.19186453521251678
YKL145W,YGR161C,0,3.7466922,0.2914201319217682,0.7733071446418762,0.19196473062038422
YLR377C,YGR253C,0,3.7458792,0.29131239652633667,0.7733071446418762,0.19206492602825165
YLL042C,YDR409W,1,3.7458339,0.29157426953315735,0.774288535118103,0.19206492602825165
YPL137C,YDR308C,0,3.745789,0.2914665639400482,0.774288535118103,0.19216510653495789
YER155C,YOR195W,0,3.745317,0.29135894775390625,0.774288535118103,0.19226530194282532
YAL048C,YGR094W,0,3.7448413,0.29125139117240906,0.774288535118103,0.19236549735069275
YML059C,YPL239W,0,3.7446923,0.29114392399787903,0.774288535118103,0.192465677857399
YKR007W,YML086C,0,3.7446094,0.2910365164279938,0.774288535118103,0.19256587326526642
YJR131W,YJR108W,0,3.744161,0.2909291982650757,0.774288535118103,0.19266606867313385
YGL189C,YGR224W,0,3.7441268,0.29082196950912476,0.774288535118103,0.1927662491798401
YML101C,YER060W-A,0,3.743392,0.2907148003578186,0.774288535118103,0.19286644458770752
YER032W,YGL198W,0,3.7428453,0.2906077206134796,0.774288535118103,0.19296663999557495
YNL167C,YOL029C,0,3.7418592,0.2905007302761078,0.774288535118103,0.1930668205022812
YBR169C,YOR358W,0,3.7396164,0.2903938293457031,0.774288535118103,0.19316701591014862
YIL107C,YGR094W,0,3.7365203,0.29028698801994324,0.774288535118103,0.19326721131801605
YGR174C,YBL025W,0,3.7356853,0.2901802062988281,0.774288535118103,0.1933673918247223
YGL139W,YCL035C,0,3.7349896,0.29007354378700256,0.774288535118103,0.19346758723258972
YBL087C,YLR361C,0,3.7317154,0.2899669110774994,0.774288535118103,0.19356778264045715
YOR191W,YOL084W,0,3.7315934,0.28986039757728577,0.774288535118103,0.1936679631471634
YAL007C,YDL149W,0,3.7293663,0.2897539436817169,0.774288535118103,0.19376815855503082
YKR100C,YBR268W,0,3.7285197,0.28964757919311523,0.774288535118103,0.19386835396289825
YDR092W,YDR175C,0,3.7282999,0.2895412743091583,0.774288535118103,0.1939685344696045
YAL015C,YCR091W,0,3.7258182,0.2894350588321686,0.774288535118103,0.19406872987747192
YLL048C,YGL127C,0,3.7256546,0.289328932762146,0.774288535118103,0.19416892528533936
YOL009C,YHL006C,0,3.7254903,0.2892228662967682,0.774288535118103,0.1942691057920456
YDR129C,YDL123W,0,3.724722,0.28911688923835754,0.774288535118103,0.19436930119991302
YNL186W,YBR203W,1,3.724627,0.2893773019313812,0.7752698659896851,0.19436930119991302
YIL022W,YFR034C,0,3.7241626,0.2892713248729706,0.7752698659896851,0.19446949660778046
YER007C-A,YHR020W,0,3.723225,0.2891654372215271,0.7752698659896851,0.1945696771144867
YJR109C,YDL018C,0,3.7228591,0.2890596389770508,0.7752698659896851,0.19466987252235413
YJR027W,YOR249C,0,3.722569,0.28895390033721924,0.7752698659896851,0.19477006793022156
YLR324W,YOL051W,0,3.7223027,0.28884825110435486,0.7752698659896851,0.1948702484369278
YBL007C,YML076C,0,3.7222302,0.28874269127845764,0.7752698659896851,0.19497044384479523
YKL062W,YNR030W,0,3.722176,0.2886371910572052,0.7752698659896851,0.19507063925266266
YGL093W,YJR108W,0,3.7212446,0.2885317802429199,0.7752698659896851,0.1951708197593689
YLR006C,YCR036W,0,3.7207656,0.2884264290332794,0.7752698659896851,0.19527101516723633
YDR516C,YJL083W,0,3.7177343,0.2883211672306061,0.7752698659896851,0.19537121057510376
YCR044C,YPR141C,0,3.7164555,0.2882159650325775,0.7752698659896851,0.19547139108181
YER142C,YDR009W,0,3.7154508,0.2881108820438385,0.7752698659896851,0.19557158648967743
YAR033W,YCL068C,0,3.7153807,0.2880058288574219,0.7752698659896851,0.19567178189754486
YPR175W,YDR100W,0,3.7152207,0.2879008650779724,0.7752698659896851,0.1957719624042511
YDR201W,YML057W,0,3.7145576,0.2877959907054901,0.7752698659896851,0.19587215781211853
YFR038W,YOR109W,0,3.7133572,0.2876911759376526,0.7752698659896851,0.19597235321998596
YNL103W,YOL096C,0,3.713048,0.2875864505767822,0.7752698659896851,0.1960725337266922
YOR363C,YLR293C,0,3.7123735,0.28748181462287903,0.7752698659896851,0.19617272913455963
YDL122W,YFL049W,1,3.710985,0.2877410054206848,0.7762512564659119,0.19617272913455963
YLR220W,YJR108W,0,3.7103999,0.2876363694667816,0.7762512564659119,0.19627292454242706
YLR223C,YDR464W,0,3.7101345,0.2875317931175232,0.7762512564659119,0.1963731050491333
YBL005W,YOL052C-A,0,3.7101083,0.2874273359775543,0.7762512564659119,0.19647330045700073
YPL262W,YOR320C,0,3.7100534,0.28732290863990784,0.7762512564659119,0.19657349586486816
YOR262W,YBR162W-A,0,3.7098126,0.2872186005115509,0.7762512564659119,0.1966736763715744
YEL005C,YNL132W,0,3.7093403,0.28711435198783875,0.7762512564659119,0.19677387177944183
YDR007W,YPR017C,0,3.7090533,0.28701016306877136,0.7762512564659119,0.19687406718730927
YDR372C,YMR001C,0,3.7090526,0.28690606355667114,0.7762512564659119,0.1969742476940155
YPL239W,YMR177W,0,3.7088475,0.2868020236492157,0.7762512564659119,0.19707444310188293
YCR035C,YCR005C,0,3.7088401,0.2866980731487274,0.7762512564659119,0.19717463850975037
YOR250C,YLL006W,0,3.7067099,0.2865942120552063,0.7762512564659119,0.1972748190164566
YPR037C,YOR011W,0,3.7059534,0.28649041056632996,0.7762512564659119,0.19737501442432404
YDR160W,YML013W,0,3.7047482,0.2863866686820984,0.7762512564659119,0.19747520983219147
YNL263C,YIL107C,0,3.70417,0.286283016204834,0.7762512564659119,0.1975753903388977
YJR073C,YLR234W,0,3.704068,0.28617945313453674,0.7762512564659119,0.19767558574676514
YLR085C,YGR217W,0,3.7035518,0.2860759496688843,0.7762512564659119,0.19777578115463257
YKL194C,YPL239W,0,3.7035348,0.285972535610199,0.7762512564659119,0.1978759616613388
YDR308C,YOR358W,0,3.7030191,0.28586918115615845,0.7762512564659119,0.19797615706920624
YKL026C,YLR143W,0,3.7013664,0.2857658863067627,0.7762512564659119,0.19807635247707367
YKL069W,YHR103W,0,3.7012546,0.2856626808643341,0.7762512564659119,0.1981765329837799
YNL243W,YOR110W,0,3.700734,0.2855595648288727,0.7762512564659119,0.19827672839164734
YOR049C,YLR324W,0,3.7002234,0.28545650839805603,0.7762512564659119,0.19837690889835358
YDR306C,YDL007W,1,3.7001781,0.2857142984867096,0.7772325873374939,0.19837690889835358
YML081W,YBR272C,0,3.6997142,0.28561124205589294,0.7772325873374939,0.198477104306221
YOR080W,YPL065W,1,3.698073,0.2858687937259674,0.7782139182090759,0.198477104306221
YDR430C,YLR115W,0,3.6978104,0.28576576709747314,0.7782139182090759,0.19857729971408844
YDL247W,YDR002W,0,3.6977587,0.28566282987594604,0.7782139182090759,0.19867748022079468
YOR049C,YHR080C,0,3.6972408,0.2855599522590637,0.7782139182090759,0.1987776756286621
YPR003C,YKL039W,0,3.6968913,0.28545716404914856,0.7782139182090759,0.19887787103652954
YJL013C,YOR241W,0,3.696569,0.2853544354438782,0.7782139182090759,0.19897805154323578
YGL126W,YLR460C,0,3.6962845,0.28525179624557495,0.7782139182090759,0.1990782469511032
YJL054W,YOR156C,0,3.6961207,0.2851492166519165,0.7782139182090759,0.19917844235897064
YEL001C,YLR345W,0,3.6958075,0.2850467264652252,0.7782139182090759,0.19927862286567688
YJR108W,YPL063W,0,3.6950247,0.2849442958831787,0.7782139182090759,0.1993788182735443
YJL001W,YDR118W,1,3.6947427,0.28520116209983826,0.7791953086853027,0.1993788182735443
YLR345W,YDR165W,0,3.693529,0.28509873151779175,0.7791953086853027,0.19947901368141174
YOR101W,YCL039W,0,3.6934462,0.2849964201450348,0.7791953086853027,0.19957919418811798
YGR181W,YOR271C,0,3.6911755,0.2848941385746002,0.7791953086853027,0.1996793895959854
YDR122W,YML096W,0,3.6908073,0.2847919762134552,0.7791953086853027,0.19977958500385284
YPR055W,YMR041C,0,3.6899085,0.28468984365463257,0.7791953086853027,0.19987976551055908
YOL084W,YDR040C,0,3.6899016,0.2845878005027771,0.7791953086853027,0.1999799609184265
YAL030W,YDL018C,0,3.688507,0.2844858467578888,0.7791953086853027,0.20008015632629395
YDR308C,YER040W,0,3.6880589,0.28438395261764526,0.7791953086853027,0.20018033683300018
YJR042W,YBR005W,0,3.687888,0.2842821478843689,0.7791953086853027,0.20028053224086761
YLR451W,YCR038C,0,3.685636,0.2841803729534149,0.7791953086853027,0.20038072764873505
YOR273C,YKL040C,0,3.6855137,0.2840787172317505,0.7791953086853027,0.20048090815544128
YLR248W,YNL161W,0,3.684243,0.28397712111473083,0.7791953086853027,0.20058110356330872
YHR120W,YGL045W,0,3.6828942,0.28387558460235596,0.7791953086853027,0.20068129897117615
YOR136W,YBR188C,0,3.682682,0.28377413749694824,0.7791953086853027,0.20078147947788239
YLR324W,YLR248W,0,3.682174,0.2836727499961853,0.7791953086853027,0.20088167488574982
YPR143W,YBR272C,0,3.6793492,0.28357142210006714,0.7791953086853027,0.20098187029361725
YJL034W,YER100W,1,3.679237,0.2838272154331207,0.7801766395568848,0.20098187029361725
YLR001C,YGR138C,0,3.6789236,0.28372591733932495,0.7801766395568848,0.2010820508003235
YKL080W,YOL095C,0,3.6786277,0.28362467885017395,0.7801766395568848,0.20118224620819092
YLL018C,YIL013C,0,3.678474,0.2835235297679901,0.7801766395568848,0.20128244161605835
YDR303C,YPL006W,0,3.6783037,0.28342247009277344,0.7801766395568848,0.2013826221227646
YPR071W,YGL053W,0,3.677659,0.28332144021987915,0.7801766395568848,0.20148281753063202
YJR035W,YNL041C,0,3.6771169,0.2832205295562744,0.7801766395568848,0.20158301293849945
YAR042W,YDL149W,0,3.6766355,0.28311964869499207,0.7801766395568848,0.2016831934452057
YOR273C,YGR224W,0,3.6765141,0.2830188572406769,0.7801766395568848,0.20178338885307312
YPR154W,YLR324W,0,3.6762269,0.28291815519332886,0.7801766395568848,0.20188358426094055
YOL122C,YLR277C,0,3.6760573,0.2828175127506256,0.7801766395568848,0.2019837647676468
YOR081C,YPL006W,0,3.6756449,0.28271692991256714,0.7801766395568848,0.20208396017551422
YJL110C,YIL056W,0,3.6756244,0.28261643648147583,0.7801766395568848,0.20218415558338165
YNL286W,YLR067C,0,3.6745057,0.2825160026550293,0.7801766395568848,0.2022843360900879
YML100W,YLR435W,0,3.6738372,0.28241562843322754,0.7801766395568848,0.20238453149795532
YMR275C,YDR306C,1,3.6711626,0.2826704680919647,0.7811579704284668,0.20238453149795532
YOR236W,YER071C,0,3.6709146,0.28257012367248535,0.7811579704284668,0.20248472690582275
YPL248C,YER015W,0,3.6690123,0.28246983885765076,0.7811579704284668,0.202584907412529
YDR111C,YCL001W,0,3.6688042,0.2823696434497833,0.7811579704284668,0.20268510282039642
YFL009W,YMR223W,1,3.6681745,0.28262412548065186,0.7821393609046936,0.20268510282039642
YFR053C,YML082W,0,3.6672604,0.2825239300727844,0.7821393609046936,0.20278529822826385
YAL002W,YDR463W,0,3.6667824,0.28242382407188416,0.7821393609046936,0.2028854787349701
YMR232W,YDR287W,0,3.665867,0.28232377767562866,0.7821393609046936,0.20298567414283752
YML067C,YAL028W,0,3.6651492,0.28222379088401794,0.7821393609046936,0.20308586955070496
YOR129C,YDR244W,0,3.6651165,0.2821238934993744,0.7821393609046936,0.2031860500574112
YGL087C,YML097C,1,3.6649818,0.2823779284954071,0.7831206917762756,0.2031860500574112
YPL115C,YFL005W,0,3.6648521,0.28227803111076355,0.7831206917762756,0.20328624546527863
YMR101C,YOR113W,0,3.663496,0.28217822313308716,0.7831206917762756,0.20338644087314606
YDR516C,YOR195W,0,3.662782,0.28207847476005554,0.7831206917762756,0.2034866213798523
YGR133W,YNL172W,1,3.6627517,0.2823321521282196,0.7841020822525024,0.2034866213798523
YDR328C,YBL063W,0,3.6623583,0.2822324335575104,0.7841020822525024,0.20358681678771973
YER139C,YNL240C,0,3.6621437,0.2821327745914459,0.7841020822525024,0.20368701219558716
YNL183C,YOL061W,0,3.661793,0.28203317523002625,0.7841020822525024,0.2037871927022934
YIL007C,YDL119C,0,3.6617808,0.28193366527557373,0.7841020822525024,0.20388738811016083
YHR090C,YFR049W,0,3.6615067,0.281834214925766,0.7841020822525024,0.20398758351802826
YDL145C,YDR110W,0,3.6613874,0.281734824180603,0.7841020822525024,0.2040877640247345
YGL196W,YKL043W,0,3.6599877,0.2816355228424072,0.7841020822525024,0.20418795943260193
YOR090C,YHL003C,0,3.6592875,0.2815362811088562,0.7841020822525024,0.20428815484046936
YDR040C,YIR026C,0,3.6579695,0.28143712878227234,0.7841020822525024,0.2043883353471756
YJL180C,YPR034W,0,3.65704,0.28133803606033325,0.7841020822525024,0.20448853075504303
YDR204W,YMR226C,0,3.6562343,0.28123900294303894,0.7841020822525024,0.20458871126174927
YDL175C,YBL007C,0,3.6560416,0.2811400294303894,0.7841020822525024,0.2046889066696167
YDR075W,YGL139W,0,3.655208,0.28104114532470703,0.7841020822525024,0.20478910207748413
YFL035C-B,YBR212W,0,3.653192,0.28094232082366943,0.7841020822525024,0.20488928258419037
YJR118C,YGR044C,0,3.6511006,0.280843585729599,0.7841020822525024,0.2049894779920578
YDR345C,YCL001W,0,3.6507668,0.28074491024017334,0.7841020822525024,0.20508967339992523
YNR032C-A,YGR135W,1,3.6499786,0.28099754452705383,0.7850834131240845,0.20508967339992523
YML013W,YDR041W,0,3.6499536,0.2808988690376282,0.7850834131240845,0.20518985390663147
YDR471W,YNL024C,0,3.648687,0.2808002829551697,0.7850834131240845,0.2052900493144989
YFL025C,YLR421C,1,3.6486785,0.2810526192188263,0.7860647439956665,0.2052900493144989
YPL207W,YLR328W,0,3.6473622,0.2809540629386902,0.7860647439956665,0.20539024472236633
YDR510W,YFL016C,1,3.6470213,0.2812061607837677,0.7870461344718933,0.20539024472236633
YAL015C,YDR289C,0,3.646875,0.2811076045036316,0.7870461344718933,0.20549042522907257
YDL072C,YOR357C,0,3.6462817,0.28100910782814026,0.7870461344718933,0.20559062063694
YBR107C,YKL006C-A,0,3.6459947,0.2809106707572937,0.7870461344718933,0.20569081604480743
YNR069C,YDR118W,1,3.6449547,0.28116247057914734,0.7880274653434753,0.20569081604480743
YKR053C,YDR372C,0,3.6429567,0.28106406331062317,0.7880274653434753,0.20579099655151367
YDR092W,YOR156C,1,3.6427372,0.2813155949115753,0.7890088558197021,0.20579099655151367
YGR184C,YHR111W,1,3.641774,0.2815669775009155,0.7899901866912842,0.20579099655151367
YMR053C,YAL011W,0,3.6408377,0.28146854043006897,0.7899901866912842,0.2058911919593811
YLL014W,YDR005C,0,3.6404133,0.2813701629638672,0.7899901866912842,0.20599138736724854
YMR105C,YDR261C,0,3.6402798,0.2812718451023102,0.7899901866912842,0.20609156787395477
YDR004W,YOR341W,0,3.638904,0.28117358684539795,0.7899901866912842,0.2061917632818222
YGL087C,YJL149W,1,3.638647,0.2814245820045471,0.7909715175628662,0.2061917632818222
YOL084W,YER038C,0,3.6383579,0.2813263535499573,0.7909715175628662,0.20629195868968964
YDL247W,YPR017C,0,3.6382556,0.2812281847000122,0.7909715175628662,0.20639213919639587
YOR009W,YPL075W,0,3.6370602,0.2811301052570343,0.7909715175628662,0.2064923346042633
YER072W,YLL014W,0,3.6368797,0.28103208541870117,0.7909715175628662,0.20659253001213074
YMR274C,YER143W,0,3.6357121,0.2809341251850128,0.7909715175628662,0.20669271051883698
YJL183W,YMR313C,0,3.6335106,0.28083622455596924,0.7909715175628662,0.2067929059267044
YMR105C,YDR179C,0,3.6331599,0.2807384133338928,0.7909715175628662,0.20689310133457184
YPR155C,YGL238W,0,3.6318135,0.2806406617164612,0.7909715175628662,0.20699328184127808
YLR451W,YOR319W,0,3.6314366,0.2805429995059967,0.7909715175628662,0.2070934772491455
YDL189W,YLR011W,0,3.6312509,0.2804453670978546,0.7909715175628662,0.20719367265701294
YOR002W,YPL198W,0,3.6307282,0.2803478240966797,0.7909715175628662,0.20729385316371918
YER031C,YJL057C,0,3.630203,0.28025034070014954,0.7909715175628662,0.2073940485715866
YHR088W,YDR057W,0,3.628799,0.28015294671058655,0.7909715175628662,0.20749424397945404
YOR157C,YGL127C,0,3.6287355,0.28005558252334595,0.7909715175628662,0.20759442448616028
YDL072C,YOR034C,0,3.6282547,0.2799583077430725,0.7909715175628662,0.2076946198940277
YIL075C,YBR162W-A,0,3.6274672,0.27986112236976624,0.7909715175628662,0.20779481530189514
YNL036W,YGL064C,0,3.6271608,0.27976396679878235,0.7909715175628662,0.20789499580860138
YDL135C,YLR323C,0,3.6268492,0.2796669006347656,0.7909715175628662,0.2079951912164688
YPL137C,YBR107C,0,3.6265278,0.2795698940753937,0.7909715175628662,0.20809538662433624
YMR243C,YKL058W,0,3.6252651,0.2794729471206665,0.7909715175628662,0.20819556713104248
YML041C,YIL144W,0,3.623847,0.2793760895729065,0.7909715175628662,0.2082957625389099
YMR313C,YDR303C,0,3.6230946,0.27927929162979126,0.7909715175628662,0.20839595794677734
YEL020W-A,YNL133C,0,3.622509,0.2791825532913208,0.7909715175628662,0.20849613845348358
YGR253C,YPL065W,1,3.621989,0.27943214774131775,0.791952908039093,0.20849613845348358
YDL160C,YIL013C,0,3.621873,0.2793354094028473,0.791952908039093,0.208596333861351
YNL286W,YGR080W,0,3.621365,0.279238760471344,0.791952908039093,0.20869652926921844
YDR394W,YLR360W,1,3.6209753,0.27948805689811707,0.792934238910675,0.20869652926921844
YDR377W,YPR017C,0,3.6202722,0.27939143776893616,0.792934238910675,0.20879670977592468
YPL130W,YBL091C,0,3.620085,0.27929484844207764,0.792934238910675,0.20889690518379211
YLR277C,YIL030C,0,3.6170952,0.2791983485221863,0.792934238910675,0.20899710059165955
YOR011W,YFR053C,0,3.615511,0.2791019082069397,0.792934238910675,0.20909728109836578
YPL004C,YER072W,0,3.6132202,0.2790055274963379,0.792934238910675,0.20919747650623322
YPL248C,YBR121C,0,3.613099,0.27890920639038086,0.792934238910675,0.20929767191410065
YKL051W,YKL079W,0,3.612732,0.278812974691391,0.792934238910675,0.20939785242080688
YGR055W,YGR193C,0,3.6114182,0.2787168025970459,0.792934238910675,0.20949804782867432
YOL011W,YBR023C,0,3.6101704,0.2786206901073456,0.792934238910675,0.20959824323654175
YOR002W,YBL035C,0,3.6097229,0.27852463722229004,0.792934238910675,0.20969842374324799
YCL048W,YER127W,0,3.609036,0.27842867374420166,0.792934238910675,0.20979861915111542
YGL076C,YKR031C,0,3.6079235,0.27833276987075806,0.792934238910675,0.20989881455898285
YKR064W,YMR313C,0,3.6074529,0.27823692560195923,0.792934238910675,0.2099989950656891
YER033C,YML081W,0,3.6067634,0.2781411409378052,0.792934238910675,0.21009919047355652
YIR031C,YMR237W,0,3.604436,0.2780454158782959,0.792934238910675,0.21019938588142395
YPL138C,YOL009C,0,3.6042593,0.2779497802257538,0.792934238910675,0.2102995663881302
YPR037C,YPL040C,0,3.6040895,0.27785420417785645,0.792934238910675,0.21039976179599762
YPL140C,YHR194W,0,3.6013594,0.2777586877346039,0.792934238910675,0.21049995720386505
YDR412W,YHL006C,0,3.6001105,0.2776632308959961,0.792934238910675,0.2106001377105713
YMR286W,YGR224W,0,3.5986109,0.2775678336620331,0.792934238910675,0.21070033311843872
YLR239C,YEL039C,0,3.598416,0.27747252583503723,0.792934238910675,0.21080051362514496
YLR056W,YER060W,0,3.5981083,0.27737727761268616,0.792934238910675,0.2109007090330124
YDR359C,YPL233W,0,3.597436,0.27728208899497986,0.792934238910675,0.21100090444087982
YNL068C,YLR384C,0,3.5967577,0.27718695998191833,0.792934238910675,0.21110108494758606
YLR118C,YOL084W,0,3.5964937,0.277091920375824,0.792934238910675,0.2112012803554535
YNL294C,YOR079C,0,3.595619,0.276996910572052,0.792934238910675,0.21130147576332092
YDR400W,YJL149W,1,3.5954847,0.2772446870803833,0.7939156293869019,0.21130147576332092
YMR275C,YER167W,0,3.5954323,0.2771497070789337,0.7939156293869019,0.21140165627002716
YGL142C,YKL185W,0,3.595319,0.2770547866821289,0.7939156293869019,0.2115018516778946
YBL007C,YJR123W,0,3.594068,0.27695995569229126,0.7939156293869019,0.21160204708576202
YDR075W,YOR048C,0,3.5935936,0.276865154504776,0.7939156293869019,0.21170222759246826
YJL054W,YER100W,0,3.5932796,0.2767704427242279,0.7939156293869019,0.2118024230003357
YOR372C,YDL139C,0,3.591239,0.2766757905483246,0.7939156293869019,0.21190261840820312
YIL019W,YOR267C,0,3.590817,0.27658119797706604,0.7939156293869019,0.21200279891490936
YGL167C,YHR150W,0,3.5903616,0.27648666501045227,0.7939156293869019,0.2121029943227768
YDL106C,YJR052W,0,3.5902483,0.27639222145080566,0.7939156293869019,0.21220318973064423
YBR065C,YER040W,0,3.589546,0.27629780769348145,0.7939156293869019,0.21230337023735046
YGL096W,YKL081W,0,3.588983,0.2762034833431244,0.7939156293869019,0.2124035656452179
YJR046W,YDR040C,0,3.5876224,0.2761092185974121,0.7939156293869019,0.21250376105308533
YNL173C,YLL057C,0,3.5869594,0.2760150134563446,0.7939156293869019,0.21260394155979156
YIL087C,YGR040W,0,3.5866675,0.2759208679199219,0.7939156293869019,0.212704136967659
YFR024C-A,YMR055C,0,3.5863125,0.2758268117904663,0.7939156293869019,0.21280433237552643
YPL105C,YLR390W-A,0,3.5852883,0.27573278546333313,0.7939156293869019,0.21290451288223267
YMR081C,YHL015W,0,3.5852103,0.2756388485431671,0.7939156293869019,0.2130047082901001
YBR029C,YAL068C,0,3.5838308,0.2755449712276459,0.7939156293869019,0.21310490369796753
YDR361C,YBR078W,0,3.5829592,0.2754511535167694,0.7939156293869019,0.21320508420467377
YKL129C,YML076C,0,3.5828495,0.2753573954105377,0.7939156293869019,0.2133052796125412
YLR083C,YMR226C,0,3.5819802,0.2752636969089508,0.7939156293869019,0.21340547502040863
YDR190C,YLL057C,0,3.581563,0.27517005801200867,0.7939156293869019,0.21350565552711487
YDR372C,YPL178W,0,3.5804691,0.2750765085220337,0.7939156293869019,0.2136058509349823
YLR001C,YLR435W,0,3.5801625,0.2749830186367035,0.7939156293869019,0.21370604634284973
YEL001C,YDR350C,0,3.579605,0.2748895585536957,0.7939156293869019,0.21380622684955597
YER143W,YHR120W,0,3.5791335,0.27479618787765503,0.7939156293869019,0.2139064222574234
YOR193W,YGL070C,0,3.5790462,0.27470287680625916,0.7939156293869019,0.21400661766529083
YLL018C,YLR293C,0,3.5790007,0.27460962533950806,0.7939156293869019,0.21410679817199707
YAR042W,YOR078W,0,3.5772784,0.2745164632797241,0.7939156293869019,0.2142069935798645
YPL280W,YPL076W,0,3.5756066,0.2744233310222626,0.7939156293869019,0.21430718898773193
YNL194C,YPR007C,0,3.5755215,0.2743302881717682,0.7939156293869019,0.21440736949443817
YLR293C,YER040W,0,3.5754755,0.2742372751235962,0.7939156293869019,0.2145075649023056
YFR016C,YNL278W,0,3.5744576,0.27414435148239136,0.7939156293869019,0.21460776031017303
YNL051W,YHR108W,0,3.574413,0.2740514874458313,0.7939156293869019,0.21470794081687927
YKL045W,YJR153W,0,3.5734947,0.273958683013916,0.7939156293869019,0.2148081362247467
YDR235W,YOR259C,0,3.5723522,0.2738659381866455,0.7939156293869019,0.21490833163261414
YDR235W,YOR358W,0,3.5711274,0.2737732529640198,0.7939156293869019,0.21500851213932037
YLR060W,YFR049W,0,3.5702643,0.2736806571483612,0.7939156293869019,0.2151087075471878
YLL024C,YOR258W,0,3.5694218,0.273588091135025,0.7939156293869019,0.21520890295505524
YIL005W,YML097C,1,3.5691195,0.27383366227149963,0.7948969602584839,0.21520890295505524
YOR273C,YNL240C,0,3.5684144,0.27374112606048584,0.7948969602584839,0.21530908346176147
YGL025C,YLR324W,0,3.567202,0.2736486494541168,0.7948969602584839,0.2154092788696289
YHR088W,YDR178W,0,3.5671353,0.2735562324523926,0.7948969602584839,0.21550947427749634
YMR223W,YDR118W,1,3.5662603,0.2738014757633209,0.7958782911300659,0.21550947427749634
YJR102C,YDL149W,0,3.5655427,0.27370908856391907,0.7958782911300659,0.21560965478420258
YOR383C,YCL044C,0,3.5644007,0.2736167311668396,0.7958782911300659,0.21570985019207
YAL007C,YBR248C,0,3.56389,0.2735244631767273,0.7958782911300659,0.21581004559993744
YOR034C,YOL076W,0,3.5632465,0.2734322249889374,0.7958782911300659,0.21591022610664368
YFR010W,YHR113W,0,3.5626972,0.2733400762081146,0.7958782911300659,0.2160104215145111
YFR016C,YLR075W,0,3.5611491,0.27324798703193665,0.7958782911300659,0.21611061692237854
YML086C,YOR079C,0,3.5604296,0.27315595746040344,0.7958782911300659,0.21621079742908478
YDL072C,YIL156W,0,3.5599344,0.273063987493515,0.7958782911300659,0.2163109928369522
YPR161C,YIL098C,0,3.559557,0.27297207713127136,0.7958782911300659,0.21641118824481964
YML101C,YGL226W,0,3.5581203,0.2728802263736725,0.7958782911300659,0.21651136875152588
YBR043C,YGR003W,0,3.5577037,0.2727884352207184,0.7958782911300659,0.2166115641593933
YOR018W,YOL126C,0,3.557355,0.27269670367240906,0.7958782911300659,0.21671175956726074
YNL251C,YGL111W,0,3.5561838,0.2726050317287445,0.7958782911300659,0.21681194007396698
YGR193C,YPL097W,0,3.5548265,0.2725134491920471,0.7958782911300659,0.2169121354818344
YKL185W,YNR019W,0,3.5541277,0.2724218964576721,0.7958782911300659,0.21701231598854065
YHR009C,YHL031C,0,3.5540633,0.2723304331302643,0.7958782911300659,0.21711251139640808
YNL145W,YDR434W,0,3.5535247,0.27223899960517883,0.7958782911300659,0.2172127068042755
YBR086C,YBR034C,0,3.5530448,0.27214765548706055,0.7958782911300659,0.21731288731098175
YOR273C,YCR005C,0,3.5512462,0.27205637097358704,0.7958782911300659,0.21741308271884918
YPL115C,YMR275C,0,3.5505953,0.2719651162624359,0.7958782911300659,0.2175132781267166
YPL138C,YDR261C,0,3.5502799,0.27187395095825195,0.7958782911300659,0.21761345863342285
YPR188C,YBR208C,0,3.5500932,0.27178284525871277,0.7958782911300659,0.21771365404129028
YPL133C,YBR078W,0,3.5500517,0.27169179916381836,0.7958782911300659,0.21781384944915771
YBR054W,YNL020C,0,3.5492847,0.2716008126735687,0.7958782911300659,0.21791402995586395
YNL031C,YOR132W,0,3.5490482,0.27150988578796387,0.7958782911300659,0.21801422536373138
YIL009W,YIL173W,0,3.5487697,0.2714190185070038,0.7958782911300659,0.21811442077159882
YBR086C,YOR026W,0,3.5485659,0.2713282108306885,0.7958782911300659,0.21821460127830505
YKR078W,YBR119W,0,3.5476162,0.27123746275901794,0.7958782911300659,0.21831479668617249
YJL180C,YLR011W,0,3.5475929,0.2711467742919922,0.7958782911300659,0.21841499209403992
YKR087C,YJL034W,1,3.5468965,0.2713903784751892,0.7968596816062927,0.21841499209403992
YML107C,YKR027W,0,3.5465477,0.27129969000816345,0.7968596816062927,0.21851517260074615
YLR023C,YBL047C,0,3.5464687,0.27120909094810486,0.7968596816062927,0.2186153680086136
YBL100W-B,YLR247C,0,3.5457897,0.27111852169036865,0.7968596816062927,0.21871556341648102
YLR293C,YER023W,0,3.5453393,0.2710280418395996,0.7968596816062927,0.21881574392318726
YOR264W,YFL025C,0,3.5452287,0.27093759179115295,0.7968596816062927,0.2189159393310547
YDR471W,YEL024W,0,3.544028,0.27084723114967346,0.7968596816062927,0.21901613473892212
YDR100W,YOR258W,0,3.5437157,0.27075693011283875,0.7968596816062927,0.21911631524562836
YGR005C,YDR040C,0,3.5434878,0.2706666588783264,0.7968596816062927,0.2192165106534958
YGR165W,YGL085W,0,3.5422907,0.27057647705078125,0.7968596816062927,0.21931670606136322
YGR046W,YKR064W,0,3.5414321,0.27048635482788086,0.7968596816062927,0.21941688656806946
YDL113C,YMR205C,0,3.539467,0.27039626240730286,0.7968596816062927,0.2195170819759369
YDR188W,YGL129C,0,3.5393624,0.270306259393692,0.7968596816062927,0.21961727738380432
YOR252W,YDR092W,0,3.5389373,0.27021631598472595,0.7968596816062927,0.21971745789051056
YER102W,YFR049W,0,3.538628,0.2701264023780823,0.7968596816062927,0.219817653298378
YMR063W,YPL135W,0,3.5386035,0.27003657817840576,0.7968596816062927,0.21991784870624542
YHR165C,YOR250C,0,3.5378494,0.269946813583374,0.7968596816062927,0.22001802921295166
YPR008W,YGL005C,0,3.537667,0.26985710859298706,0.7968596816062927,0.2201182246208191
YLR215C,YDL106C,0,3.5374012,0.2697674334049225,0.7968596816062927,0.22021842002868652
YHR134W,YBR058C,1,3.5371673,0.27000996470451355,0.7978410124778748,0.22021842002868652
YBR029C,YNL156C,0,3.5366364,0.26992031931877136,0.7978410124778748,0.22031860053539276
YER014W,YHR005C,0,3.5354912,0.26983073353767395,0.7978410124778748,0.2204187959432602
YDR500C,YHR020W,0,3.5353837,0.2697412073612213,0.7978410124778748,0.22051899135112762
YGL073W,YGL078C,0,3.5346563,0.26965174078941345,0.7978410124778748,0.22061917185783386
YBR119W,YHR201C,0,3.5340028,0.26956233382225037,0.7978410124778748,0.2207193672657013
YPL239W,YCR005C,0,3.5337,0.26947298645973206,0.7978410124778748,0.22081956267356873
YPR003C,YNL024C,0,3.5331035,0.2693836987018585,0.7978410124778748,0.22091974318027496
YAL019W,YOR320C,0,3.532108,0.26929447054862976,0.7978410124778748,0.2210199385881424
YDL122W,YLR378C,1,3.5317829,0.26953643560409546,0.7988224029541016,0.2210199385881424
YKL032C,YHR114W,0,3.5311823,0.2694472074508667,0.7988224029541016,0.22112013399600983
YML107C,YOR260W,0,3.5305948,0.2693580389022827,0.7988224029541016,0.22122031450271606
YGL006W,YPR169W,0,3.5302942,0.2692689299583435,0.7988224029541016,0.2213205099105835
YFR040W,YOL029C,0,3.5301437,0.2691798806190491,0.7988224029541016,0.22142070531845093
YOR334W,YNL161W,0,3.5282032,0.2690909206867218,0.7988224029541016,0.22152088582515717
YNL132W,YJL003W,0,3.527844,0.2690019905567169,0.7988224029541016,0.2216210812330246
YLR093C,YOR113W,0,3.5274699,0.2689131200313568,0.7988224029541016,0.22172127664089203
YPR169W,YLR299W,0,3.5264854,0.2688243091106415,0.7988224029541016,0.22182145714759827
YBR094W,YCL035C,0,3.526022,0.2687355577945709,0.7988224029541016,0.2219216525554657
YDR092W,YDR390C,1,3.5258713,0.2689768970012665,0.7998037338256836,0.2219216525554657
YKL110C,YJL094C,0,3.5257876,0.2688881456851959,0.7998037338256836,0.22202184796333313
YGL006W,YKL155C,0,3.5250196,0.26879948377609253,0.7998037338256836,0.22212202847003937
YMR063W,YPR034W,0,3.5244668,0.2687108516693115,0.7998037338256836,0.2222222238779068
YBR058C,YBR217W,1,3.5242853,0.2689518928527832,0.8007850646972656,0.2222222238779068
YGL226W,YJR054W,0,3.524269,0.2688632607460022,0.8007850646972656,0.22232241928577423
YER159C,YGR040W,0,3.5241995,0.26877471804618835,0.8007850646972656,0.22242259979248047
YFR010W,YDR397C,0,3.5241146,0.2686862051486969,0.8007850646972656,0.2225227952003479
YGL027C,YLR248W,0,3.52386,0.2685977518558502,0.8007850646972656,0.22262299060821533
YML133C,YEL032W,0,3.5236578,0.2685093879699707,0.8007850646972656,0.22272317111492157
YEL052W,YCR066W,1,3.5234754,0.26875001192092896,0.8017664551734924,0.22272317111492157
YNL020C,YMR322C,0,3.5226367,0.26866161823272705,0.8017664551734924,0.222823366522789
YLR258W,YOL032W,0,3.5224237,0.2685733139514923,0.8017664551734924,0.22292356193065643
YPL215W,YDR227W,0,3.5220594,0.26848503947257996,0.8017664551734924,0.22302374243736267
YDR328C,YER129W,0,3.5218573,0.26839685440063477,0.8017664551734924,0.2231239378452301
YHR146W,YPR120C,0,3.5214283,0.26830869913101196,0.8017664551734924,0.22322413325309753
YGL243W,YNL142W,0,3.5212522,0.26822060346603394,0.8017664551734924,0.22332431375980377
YNL172W,YHR204W,1,3.5207925,0.26846078038215637,0.8027477860450745,0.22332431375980377
YDR145W,YKL141W,0,3.5198786,0.26837271451950073,0.8027477860450745,0.2234245091676712
YCL051W,YMR230W,0,3.519476,0.2682846784591675,0.8027477860450745,0.22352468967437744
YBR038W,YPR100W,0,3.5181644,0.2681967318058014,0.8027477860450745,0.22362488508224487
YDR168W,YER071C,0,3.517943,0.2681088149547577,0.8027477860450745,0.2237250804901123
YFL061W,YPL001W,0,3.5170608,0.26802095770835876,0.8027477860450745,0.22382526099681854
YBR181C,YIL173W,0,3.516608,0.267933189868927,0.8027477860450745,0.22392545640468597
YGR205W,YMR237W,0,3.5161898,0.2678454518318176,0.8027477860450745,0.2240256518125534
YDL154W,YNL288W,0,3.515714,0.267757773399353,0.8027477860450745,0.22412583231925964
YAL011W,YHR080C,0,3.5151505,0.2676701545715332,0.8027477860450745,0.22422602772712708
YLR224W,YCL052C,1,3.5151255,0.2679097056388855,0.8037291169166565,0.22422602772712708
YBL013W,YOR273C,0,3.514804,0.26782211661338806,0.8037291169166565,0.2243262231349945
YNL243W,YLR093C,0,3.514511,0.267734557390213,0.8037291169166565,0.22442640364170074
YMR207C,YKR031C,0,3.5143461,0.26764705777168274,0.8037291169166565,0.22452659904956818
YKL062W,YOR319W,0,3.5135498,0.26755961775779724,0.8037291169166565,0.2246267944574356
YMR015C,YCL048W,0,3.5129814,0.2674722373485565,0.8037291169166565,0.22472697496414185
YDR345C,YLR037C,0,3.5116396,0.26738491654396057,0.8037291169166565,0.22482717037200928
YNL133C,YHR158C,0,3.5091827,0.2672976553440094,0.8037291169166565,0.2249273657798767
YJL069C,YDL223C,0,3.5082612,0.267210453748703,0.8037291169166565,0.22502754628658295
YDR041W,YJL003W,0,3.5072865,0.267123281955719,0.8037291169166565,0.22512774169445038
YJR035W,YNL081C,0,3.5072694,0.26703619956970215,0.8037291169166565,0.2252279371023178
YOL121C,YKR049C,0,3.507176,0.2669491469860077,0.8037291169166565,0.22532811760902405
YJR117W,YPR133C,0,3.5063825,0.2668621838092804,0.8037291169166565,0.22542831301689148
YER142C,YNL247W,0,3.5061712,0.2667752504348755,0.8037291169166565,0.2255285084247589
YBR101C,YPL021W,0,3.5058098,0.26668837666511536,0.8037291169166565,0.22562868893146515
YIL013C,YLR220W,0,3.5053256,0.2666015625,0.8037291169166565,0.22572888433933258
YGR097W,YHL006C,0,3.5037444,0.2665148079395294,0.8037291169166565,0.2258290797472
YDR328C,YHR090C,0,3.5029209,0.2664281129837036,0.8037291169166565,0.22592926025390625
YER139C,YKL079W,0,3.5024745,0.2663414776325226,0.8037291169166565,0.22602945566177368
YGL070C,YNL317W,0,3.501234,0.26625487208366394,0.8037291169166565,0.2261296510696411
YFL056C,YDL076C,0,3.5005803,0.26616835594177246,0.8037291169166565,0.22622983157634735
YBR016W,YCR021C,0,3.500248,0.26608186960220337,0.8037291169166565,0.22633002698421478
YLR044C,YCR021C,0,3.499181,0.26599544286727905,0.8037291169166565,0.22643022239208221
YDL098C,YNR059W,0,3.4980626,0.2659091055393219,0.8037291169166565,0.22653040289878845
YDR165W,YJL069C,0,3.4974697,0.26582279801368713,0.8037291169166565,0.22663059830665588
YOL116W,YBL091C,0,3.496375,0.26573652029037476,0.8037291169166565,0.22673079371452332
YNL142W,YML016C,0,3.4959035,0.26565033197402954,0.8037291169166565,0.22683097422122955
YNR048W,YJL013C,0,3.4955838,0.2655642032623291,0.8037291169166565,0.22693116962909698
YPR095C,YKL087C,0,3.4954054,0.26547813415527344,0.8037291169166565,0.22703136503696442
YJL186W,YKR007W,0,3.493307,0.26539209485054016,0.8037291169166565,0.22713154554367065
YJL174W,YPR095C,0,3.492694,0.26530611515045166,0.8037291169166565,0.22723174095153809
YOR253W,YJR108W,0,3.4913564,0.26522019505500793,0.8037291169166565,0.22733193635940552
YBR208C,YNR053C,0,3.491208,0.265134334564209,0.8037291169166565,0.22743211686611176
YJL098W,YJR108W,0,3.4910247,0.2650485336780548,0.8037291169166565,0.2275323122739792
YOR124C,YPL176C,1,3.48896,0.26528632640838623,0.8047105073928833,0.2275323122739792
YOL020W,YMR081C,0,3.4888484,0.26520052552223206,0.8047105073928833,0.22763250768184662
YLR011W,YOR048C,0,3.488341,0.26511478424072266,0.8047105073928833,0.22773268818855286
YMR226C,YEL024W,0,3.4882803,0.26502910256385803,0.8047105073928833,0.2278328835964203
YHL031C,YBL025W,0,3.4875784,0.2649434506893158,0.8047105073928833,0.22793307900428772
YKR089C,YOR001W,0,3.4867852,0.2648578882217407,0.8047105073928833,0.22803325951099396
YGL070C,YHL031C,0,3.4858396,0.26477235555648804,0.8047105073928833,0.2281334549188614
YGR181W,YIL037C,0,3.4854083,0.2646868824958801,0.8047105073928833,0.22823365032672882
YDR464W,YGR260W,0,3.4853768,0.2646014988422394,0.8047105073928833,0.22833383083343506
YLL042C,YDR002W,1,3.4844112,0.26483869552612305,0.8056918382644653,0.22833383083343506
YAL002W,YGL192W,0,3.4828715,0.2647533118724823,0.8056918382644653,0.2284340262413025
YCL044C,YER087C-A,1,3.4825964,0.26499032974243164,0.8066732287406921,0.2284340262413025
YBR101C,YNL318C,0,3.4825532,0.2649049162864685,0.8066732287406921,0.22853422164916992
YJL098W,YLR299W,0,3.4824827,0.26481959223747253,0.8066732287406921,0.22863440215587616
YKR053C,YOL096C,0,3.4811163,0.26473429799079895,0.8066732287406921,0.2287345975637436
YER041W,YMR156C,0,3.481022,0.26464906334877014,0.8066732287406921,0.22883479297161102
YOL013C,YHR111W,1,3.4809196,0.2648857533931732,0.8076545596122742,0.22883479297161102
YDR309C,YPL193W,0,3.480915,0.2648005187511444,0.8076545596122742,0.22893497347831726
YER177W,YJR027W,0,3.4807706,0.2647153437137604,0.8076545596122742,0.2290351688861847
YKL129C,YLR328W,0,3.480326,0.2646302282810211,0.8076545596122742,0.22913536429405212
YIL075C,YFR047C,0,3.4800835,0.26454517245292664,0.8076545596122742,0.22923554480075836
YMR286W,YDR200C,0,3.47838,0.26446014642715454,0.8076545596122742,0.2293357402086258
YAR033W,YHL015W,0,3.4779105,0.2643752098083496,0.8076545596122742,0.22943593561649323
YKR100C,YMR322C,0,3.4777827,0.26429030299186707,0.8076545596122742,0.22953611612319946
YOR109W,YBR121C,0,3.4774117,0.2642054557800293,0.8076545596122742,0.2296363115310669
YBL057C,YMR077C,1,3.4763527,0.264441579580307,0.8086358904838562,0.2296363115310669
YMR207C,YEL044W,0,3.4759321,0.2643567621707916,0.8086358904838562,0.22973649203777313
YHR073W,YML055W,0,3.4758024,0.26427197456359863,0.8086358904838562,0.22983668744564056
YGL087C,YCL048W,0,3.475685,0.2641872465610504,0.8086358904838562,0.229936882853508
YJR046W,YDR397C,0,3.4753368,0.264102578163147,0.8086358904838562,0.23003706336021423
YLR011W,YNR055C,0,3.472227,0.2640179395675659,0.8086358904838562,0.23013725876808167
YGR235C,YJL001W,0,3.472087,0.263933390378952,0.8086358904838562,0.2302374541759491
YOL061W,YHR157W,0,3.4718175,0.2638488709926605,0.8086358904838562,0.23033763468265533
YJL162C,YPR086W,0,3.4715824,0.2637644112110138,0.8086358904838562,0.23043783009052277
YGL045W,YLR323C,0,3.4713514,0.26368001103401184,0.8086358904838562,0.2305380254983902
YKL069W,YKR099W,0,3.4704115,0.2635956406593323,0.8086358904838562,0.23063820600509644
YOR034C,YDR407C,0,3.4703462,0.2635113596916199,0.8086358904838562,0.23073840141296387
YEL018W,YPR180W,0,3.4696896,0.26342710852622986,0.8086358904838562,0.2308385968208313
YOR383C,YMR125W,0,3.469659,0.2633429169654846,0.8086358904838562,0.23093877732753754
YPR188C,YHR096C,0,3.4692388,0.26325878500938416,0.8086358904838562,0.23103897273540497
YOR081C,YFL005W,0,3.4685078,0.26317471265792847,0.8086358904838562,0.2311391681432724
YBR038W,YBL051C,0,3.4672627,0.26309067010879517,0.8086358904838562,0.23123934864997864
YJL057C,YMR205C,0,3.4672494,0.26300671696662903,0.8086358904838562,0.23133954405784607
YOL095C,YOL052C-A,0,3.4671328,0.2629227936267853,0.8086358904838562,0.2314397394657135
YHR113W,YPR120C,0,3.466967,0.2628389298915863,0.8086358904838562,0.23153991997241974
YNL328C,YGL142C,0,3.4669414,0.2627550959587097,0.8086358904838562,0.23164011538028717
YLR223C,YER142C,0,3.4669342,0.2626713514328003,0.8086358904838562,0.2317403107881546
YLR037C,YMR207C,0,3.4666986,0.26258763670921326,0.8086358904838562,0.23184049129486084
YKL138C,YEL024W,0,3.4663596,0.262503981590271,0.8086358904838562,0.23194068670272827
YDR292C,YDR179C,0,3.4661007,0.2624203860759735,0.8086358904838562,0.2320408821105957
YBR112C,YPR155C,0,3.465944,0.2623368501663208,0.8086358904838562,0.23214106261730194
YJL047C,YMR275C,1,3.4657822,0.2625716030597687,0.809617280960083,0.23214106261730194
YBR254C,YOL135C,0,3.4657092,0.26248806715011597,0.809617280960083,0.23224125802516937
YBR169C,YPL161C,0,3.4656804,0.26240459084510803,0.809617280960083,0.2323414534330368
YOR087W,YKL077W,0,3.4654808,0.2623211443424225,0.809617280960083,0.23244163393974304
YER093C,YPR133C,0,3.4648855,0.2622377574443817,0.809617280960083,0.23254182934761047
YBL031W,YNL029C,0,3.4645076,0.2621544301509857,0.809617280960083,0.2326420247554779
YDR513W,YHR006W,0,3.462665,0.2620711624622345,0.809617280960083,0.23274220526218414
YHR110W,YKL040C,0,3.4611807,0.26198792457580566,0.809617280960083,0.23284240067005157
YPL209C,YMR192W,0,3.4611673,0.261904776096344,0.809617280960083,0.232942596077919
YFL056C,YBR119W,0,3.4609828,0.2618216574192047,0.809617280960083,0.23304277658462524
YKL033W,YBR114W,0,3.460771,0.2617385685443878,0.809617280960083,0.23314297199249268
YER040W,YLR056W,0,3.4603705,0.2616555690765381,0.809617280960083,0.2332431674003601
YGR057C,YER015W,0,3.4593859,0.26157259941101074,0.809617280960083,0.23334334790706635
YHR111W,YLR413W,0,3.4593043,0.2614896893501282,0.809617280960083,0.23344354331493378
YCR091W,YER109C,0,3.4591002,0.2614068388938904,0.809617280960083,0.2335437387228012
YGL189C,YDR343C,0,3.4586692,0.26132404804229736,0.809617280960083,0.23364391922950745
YEL051W,YJL083W,0,3.4585192,0.26124128699302673,0.809617280960083,0.23374411463737488
YLL048C,YPR086W,0,3.4577806,0.2611585855484009,0.809617280960083,0.2338443100452423
YOR002W,YOL076W,0,3.4573426,0.2610759437084198,0.809617280960083,0.23394449055194855
YGL129C,YKL040C,0,3.457117,0.2609933614730835,0.809617280960083,0.23404468595981598
YOL055C,YMR153W,0,3.4568858,0.2609108090400696,0.809617280960083,0.2341448813676834
YHR037W,YKR077W,0,3.4564083,0.26082831621170044,0.809617280960083,0.23424506187438965
YOR264W,YHR006W,0,3.4561408,0.2607458829879761,0.809617280960083,0.23434525728225708
YOR177C,YER167W,0,3.4556377,0.2606635093688965,0.809617280960083,0.2344454526901245
YPR067W,YHR106W,0,3.4555168,0.2605811655521393,0.809617280960083,0.23454563319683075
YKL079W,YLR055C,0,3.4548178,0.26049888134002686,0.809617280960083,0.23464582860469818
YPR106W,YML055W,0,3.4531617,0.2604166567325592,0.809617280960083,0.2347460240125656
YKL099C,YMR149W,0,3.4529471,0.26033449172973633,0.809617280960083,0.23484620451927185
YGL098W,YHR194W,0,3.4527018,0.26025235652923584,0.809617280960083,0.23494639992713928
YBL017C,YDR139C,1,3.452526,0.2604856491088867,0.810598611831665,0.23494639992713928
YDR092W,YOR101W,0,3.452479,0.2604035437107086,0.810598611831665,0.2350465953350067
YPR180W,YDL117W,0,3.451803,0.2603214681148529,0.810598611831665,0.23514677584171295
YCL044C,YHR133C,0,3.45157,0.26023945212364197,0.810598611831665,0.23524697124958038
YML100W,YPR057W,0,3.4512377,0.2601574659347534,0.810598611831665,0.23534716665744781
YNL243W,YOL052C-A,0,3.451217,0.26007556915283203,0.810598611831665,0.23544734716415405
YER177W,YMR118C,0,3.4508982,0.25999370217323303,0.810598611831665,0.23554754257202148
YMR286W,YPL146C,0,3.4503026,0.2599118947982788,0.810598611831665,0.23564773797988892
YJL045W,YDR437W,0,3.4496071,0.25983014702796936,0.810598611831665,0.23574791848659515
YDR168W,YGL078C,0,3.4490852,0.2597484290599823,0.810598611831665,0.23584811389446259
YML088W,YBR217W,1,3.4467082,0.2599811255931854,0.8115800023078918,0.23584811389446259
YBR130C,YDR005C,0,3.4462857,0.25989943742752075,0.8115800023078918,0.23594829440116882
YLL026W,YLR360W,0,3.4462247,0.25981777906417847,0.8115800023078918,0.23604848980903625
YGR174C,YER015W,0,3.4460769,0.25973618030548096,0.8115800023078918,0.2361486852169037
YKR064W,YDL135C,0,3.4456816,0.2596546411514282,0.8115800023078918,0.23624886572360992
YHR111W,YOR253W,0,3.4455762,0.2595731317996979,0.8115800023078918,0.23634906113147736
YML011C,YER005W,0,3.4445915,0.2594916820526123,0.8115800023078918,0.2364492565393448
YDL003W,YDL124W,0,3.4424047,0.2594102919101715,0.8115800023078918,0.23654943704605103
YLR323C,YNL066W,0,3.4418764,0.2593289315700531,0.8115800023078918,0.23664963245391846
YCL016C,YNL288W,0,3.4417138,0.25924766063690186,0.8115800023078918,0.2367498278617859
YOR081C,YDR517W,0,3.440702,0.259166419506073,0.8115800023078918,0.23685000836849213
YFR024C-A,YDR397C,0,3.4402828,0.25908520817756653,0.8115800023078918,0.23695020377635956
YKL062W,YHL035C,0,3.4401188,0.2590040862560272,0.8115800023078918,0.237050399184227
YGL144C,YNL094W,0,3.4400916,0.2589229941368103,0.8115800023078918,0.23715057969093323
YMR081C,YNL132W,0,3.4400592,0.25884193181991577,0.8115800023078918,0.23725077509880066
YKL062W,YLR007W,0,3.4390235,0.2587609589099884,0.8115800023078918,0.2373509705066681
YMR063W,YDR129C,0,3.4385772,0.2586800158023834,0.8115800023078918,0.23745115101337433
YDR292C,YDR359C,0,3.4377317,0.2585991322994232,0.8115800023078918,0.23755134642124176
YBR060C,YPL006W,0,3.4374652,0.2585182785987854,0.8115800023078918,0.2376515418291092
YBR279W,YPR161C,0,3.4365191,0.25843751430511475,0.8115800023078918,0.23775172233581543
YJL180C,YLL067C,0,3.4358995,0.2583567500114441,0.8115800023078918,0.23785191774368286
YDL093W,YKR031C,0,3.4350908,0.2582760751247406,0.8115800023078918,0.2379521131515503
YDR350C,YCL054W,0,3.4350064,0.2581954300403595,0.8115800023078918,0.23805229365825653
YER179W,YPL161C,0,3.434996,0.25811484456062317,0.8115800023078918,0.23815248906612396
YBR279W,YIL005W,0,3.434455,0.2580343186855316,0.8115800023078918,0.2382526844739914
YLR442C,YDR235W,0,3.4343784,0.25795382261276245,0.8115800023078918,0.23835286498069763
YDR002W,YJL034W,1,3.4342039,0.2581852078437805,0.8125613331794739,0.23835286498069763
YOL055C,YDR002W,0,3.4336834,0.25810474157333374,0.8125613331794739,0.23845306038856506
YAL015C,YDL119C,0,3.4322243,0.25802430510520935,0.8125613331794739,0.2385532557964325
YDR468C,YLR193C,0,3.4309335,0.25794392824172974,0.8125613331794739,0.23865343630313873
YML086C,YOR086C,0,3.4304671,0.2578635811805725,0.8125613331794739,0.23875363171100616
YER040W,YKL054C,0,3.4300432,0.25778332352638245,0.8125613331794739,0.2388538271188736
YMR175W,YOR117W,0,3.4299393,0.25770309567451477,0.8125613331794739,0.23895400762557983
YLR011W,YHR190W,0,3.4283028,0.2576228976249695,0.8125613331794739,0.23905420303344727
YGR178C,YOR157C,0,3.427538,0.25754275918006897,0.8125613331794739,0.2391543984413147
YJL054W,YLR092W,0,3.4274983,0.25746268033981323,0.8125613331794739,0.23925457894802094
YPR106W,YOL059W,0,3.426971,0.25738266110420227,0.8125613331794739,0.23935477435588837
YDL091C,YKR095W,0,3.4267507,0.2573026716709137,0.8125613331794739,0.2394549697637558
YCR086W,YAL007C,0,3.4240918,0.2572227418422699,0.8125613331794739,0.23955515027046204
YOR132W,YIR026C,0,3.4240394,0.2571428716182709,0.8125613331794739,0.23965534567832947
YNL045W,YDR200C,0,3.4238863,0.25706303119659424,0.8125613331794739,0.2397555410861969
YOR383C,YER109C,0,3.4237268,0.2569832503795624,0.8125613331794739,0.23985572159290314
YDR002W,YGL238W,0,3.4236987,0.2569034993648529,0.8125613331794739,0.23995591700077057
YOL055C,YFL005W,0,3.4233377,0.2568238079547882,0.8125613331794739,0.240056112408638
YOL082W,YMR135C,1,3.4231865,0.25705426931381226,0.8135426640510559,0.240056112408638
YDR145W,YPL021W,0,3.4215407,0.25697457790374756,0.8135426640510559,0.24015629291534424
YPL209C,YDR041W,0,3.4213552,0.25689494609832764,0.8135426640510559,0.24025648832321167
YLR093C,YOR158W,0,3.4206314,0.2568153738975525,0.8135426640510559,0.2403566837310791
YDR350C,YEL039C,0,3.4176068,0.25673583149909973,0.8135426640510559,0.24045686423778534
YIL156W,YAL056W,0,3.4164362,0.25665634870529175,0.8135426640510559,0.24055705964565277
YER100W,YGR083C,0,3.415965,0.25657692551612854,0.8135426640510559,0.2406572550535202
YDR127W,YHR190W,0,3.4157133,0.2564975321292877,0.8135426640510559,0.24075743556022644
YDR350C,YLR011W,0,3.4154105,0.2564181983470917,0.8135426640510559,0.24085763096809387
YMR261C,YAL028W,0,3.4150493,0.256338894367218,0.8135426640510559,0.2409578263759613
YPL043W,YMR072W,0,3.4147258,0.25625964999198914,0.8135426640510559,0.24105800688266754
YDR148C,YBR169C,0,3.4144688,0.25618046522140503,0.8135426640510559,0.24115820229053497
YMR261C,YOL084W,0,3.414462,0.2561013400554657,0.8135426640510559,0.2412583976984024
YDR406W,YLR292C,0,3.4141164,0.25602224469184875,0.8135426640510559,0.24135857820510864
YNL288W,YER159C,0,3.413816,0.2559431791305542,0.8135426640510559,0.24145877361297607
YER094C,YMR184W,1,3.4135213,0.2561728358268738,0.8145240545272827,0.24145877361297607
YDR189W,YPL146C,0,3.4134526,0.2560938000679016,0.8145240545272827,0.2415589690208435
YLR037C,YHR138C,0,3.4133072,0.25601479411125183,0.8145240545272827,0.24165914952754974
YDR212W,YNL251C,0,3.4121258,0.2559358477592468,0.8145240545272827,0.24175934493541718
YKL197C,YLR323C,0,3.4121122,0.2558569610118866,0.8145240545272827,0.2418595403432846
YGL243W,YPL161C,0,3.4120498,0.25577813386917114,0.8145240545272827,0.24195972084999084
YDL124W,YER139C,0,3.411254,0.2556993365287781,0.8145240545272827,0.24205991625785828
YER014W,YKR079C,0,3.4105515,0.2556205689907074,0.8145240545272827,0.24216009676456451
YDR397C,YBR149W,0,3.4098678,0.2555418610572815,0.8145240545272827,0.24226029217243195
YGR253C,YJL083W,0,3.409764,0.25546321272850037,0.8145240545272827,0.24236048758029938
YDR430C,YDR438W,0,3.4091973,0.255384624004364,0.8145240545272827,0.24246066808700562
YMR225C,YIL167W,0,3.4088778,0.25530606508255005,0.8145240545272827,0.24256086349487305
YOL122C,YOR357C,0,3.4082713,0.25522756576538086,0.8145240545272827,0.24266105890274048
YDR325W,YPR131C,0,3.4081402,0.25514909625053406,0.8145240545272827,0.24276123940944672
YBR295W,YJL058C,0,3.4074345,0.25507068634033203,0.8145240545272827,0.24286143481731415
YJR073C,YHR024C,0,3.4070873,0.2549923062324524,0.8145240545272827,0.24296163022518158
YEL024W,YJL216C,0,3.4064898,0.2549140155315399,0.8145240545272827,0.24306181073188782
YCL008C,YIR011C,1,3.4044747,0.25514277815818787,0.8155053853988647,0.24306181073188782
YBR162W-A,YKL132C,0,3.4043887,0.255064457654953,0.8155053853988647,0.24316200613975525
YHR118C,YML031W,0,3.4042392,0.2549861967563629,0.8155053853988647,0.24326220154762268
YLR409C,YKL002W,0,3.4036736,0.2549079656600952,0.8155053853988647,0.24336238205432892
YJR123W,YJR108W,0,3.4033728,0.2548297941684723,0.8155053853988647,0.24346257746219635
YGL192W,YLR323C,0,3.4030175,0.25475168228149414,0.8155053853988647,0.24356277287006378
YPR180W,YNL055C,0,3.4017868,0.2546736001968384,0.8155053853988647,0.24366295337677002
YBL014C,YDL211C,0,3.400869,0.2545955777168274,0.8155053853988647,0.24376314878463745
YDR308C,YNL048W,0,3.400847,0.2545176148414612,0.8155053853988647,0.24386334419250488
YKR093W,YOR068C,0,3.400495,0.25443968176841736,0.8155053853988647,0.24396352469921112
YIL156W,YFR052W,1,3.400424,0.25466787815093994,0.8164867758750916,0.24396352469921112
YOR380W,YNL094W,0,3.3996255,0.2545899748802185,0.8164867758750916,0.24406372010707855
YDL098C,YJL173C,0,3.3978493,0.25451207160949707,0.8164867758750916,0.24416391551494598
YOL122C,YKR031C,0,3.3972082,0.2544342577457428,0.8164867758750916,0.24426409602165222
YLR054C,YMR237W,0,3.396937,0.2543564736843109,0.8164867758750916,0.24436429142951965
YNL056W,YOR086C,0,3.3968596,0.2542787194252014,0.8164867758750916,0.24446448683738708
YKR049C,YGL049C,0,3.3960373,0.2542010247707367,0.8164867758750916,0.24456466734409332
YDR213W,YOL076W,0,3.395693,0.25412338972091675,0.8164867758750916,0.24466486275196075
YOL055C,YCR024C,0,3.3955293,0.2540458142757416,0.8164867758750916,0.24476505815982819
YGL025C,YIL013C,0,3.3955235,0.2539682686328888,0.8164867758750916,0.24486523866653442
YPL056C,YGL226W,0,3.395396,0.2538907527923584,0.8164867758750916,0.24496543407440186
YAL011W,YJL180C,0,3.3952103,0.2538132965564728,0.8164867758750916,0.2450656294822693
YJL174W,YDR372C,0,3.392922,0.25373589992523193,0.8164867758750916,0.24516580998897552
YOR177C,YIL056W,0,3.3927858,0.2536585330963135,0.8164867758750916,0.24526600539684296
YOR045W,YBR211C,0,3.3926063,0.2535812258720398,0.8164867758750916,0.2453662008047104
YOR018W,YBR034C,0,3.3900487,0.2535039484500885,0.8164867758750916,0.24546638131141663
YNL133C,YLR061W,0,3.3882914,0.253426730632782,0.8164867758750916,0.24556657671928406
YLR181C,YPL254W,0,3.3876987,0.25334957242012024,0.8164867758750916,0.2456667721271515
YIL137C,YER060W-A,0,3.386921,0.2532724440097809,0.8164867758750916,0.24576695263385773
YDR227W,YJL196C,0,3.3865392,0.2531953752040863,0.8164867758750916,0.24586714804172516
YJR042W,YMR220W,0,3.3857255,0.2531183362007141,0.8164867758750916,0.2459673434495926
YOR002W,YDL012C,0,3.3849125,0.2530413568019867,0.8164867758750916,0.24606752395629883
YGR161C,YPL189W,0,3.3844552,0.25296443700790405,0.8164867758750916,0.24616771936416626
YNR051C,YDR139C,1,3.3841128,0.2531915009021759,0.8174681067466736,0.24616771936416626
YNL243W,YBR107C,0,3.3840656,0.2531145513057709,0.8174681067466736,0.2462679147720337
YGL139W,YMR125W,0,3.3840103,0.2530376613140106,0.8174681067466736,0.24636809527873993
YDR406W,YJL179W,0,3.3835325,0.25296083092689514,0.8174681067466736,0.24646829068660736
YML120C,YBR188C,0,3.3823237,0.25288403034210205,0.8174681067466736,0.2465684860944748
YER063W,YMR041C,0,3.3820262,0.25280728936195374,0.8174681067466736,0.24666866660118103
YDR422C,YBR162W-A,0,3.3809438,0.2527305781841278,0.8174681067466736,0.24676886200904846
YOR193W,YER127W,0,3.3808932,0.25265392661094666,0.8174681067466736,0.2468690574169159
YPL043W,YBR212W,0,3.3807154,0.2525773048400879,0.8174681067466736,0.24696923792362213
YGL139W,YKL039W,0,3.3803954,0.2525007724761963,0.8174681067466736,0.24706943333148956
YDL134C,YGL194C,0,3.3796844,0.2524242401123047,0.8174681067466736,0.247169628739357
YDL132W,YKL002W,1,3.3796318,0.2526507079601288,0.8184494376182556,0.247169628739357
YPL138C,YML086C,0,3.3788023,0.25257420539855957,0.8184494376182556,0.24726980924606323
YDR490C,YOR049C,0,3.3776305,0.25249773263931274,0.8184494376182556,0.24737000465393066
YMR318C,YBL091C,0,3.377567,0.2524213194847107,0.8184494376182556,0.2474702000617981
YDL124W,YDL113C,0,3.3774295,0.25234493613243103,0.8184494376182556,0.24757038056850433
YML098W,YIL154C,0,3.3770733,0.25226861238479614,0.8184494376182556,0.24767057597637177
YMR055C,YGL005C,0,3.3765843,0.25219231843948364,0.8184494376182556,0.2477707713842392
YHR148W,YKL005C,0,3.3763628,0.2521160840988159,0.8184494376182556,0.24787095189094543
YPL126W,YNL294C,0,3.3759794,0.2520398795604706,0.8184494376182556,0.24797114729881287
YMR076C,YBR016W,0,3.3744402,0.25196373462677,0.8184494376182556,0.2480713427066803
YOR266W,YGL238W,0,3.3741753,0.25188764929771423,0.8184494376182556,0.24817152321338654
YOR032C,YGL016W,0,3.3733387,0.25181159377098083,0.8184494376182556,0.24827171862125397
YER028C,YGR060W,0,3.3728478,0.2517355978488922,0.8184494376182556,0.2483719140291214
YFR014C,YJL069C,0,3.3719707,0.251659631729126,0.8184494376182556,0.24847209453582764
YBR212W,YPL254W,0,3.3715544,0.2515837252140045,0.8184494376182556,0.24857228994369507
YNL055C,YDR179C,0,3.3713758,0.25150784850120544,0.8184494376182556,0.2486724704504013
YMR041C,YCR091W,0,3.3712358,0.25143203139305115,0.8184494376182556,0.24877266585826874
YPL145C,YKL040C,0,3.3711123,0.25135624408721924,0.8184494376182556,0.24887286126613617
YKL141W,YMR261C,0,3.370924,0.2512805163860321,0.8184494376182556,0.2489730417728424
YGR212W,YOR334W,0,3.3699338,0.25120481848716736,0.8184494376182556,0.24907323718070984
YDL106C,YGL018C,0,3.3698316,0.2511291801929474,0.8184494376182556,0.24917343258857727
YDL122W,YDR457W,1,3.3693228,0.2513546049594879,0.8194308280944824,0.24917343258857727
YLR324W,YLR451W,0,3.3690038,0.25127896666526794,0.8194308280944824,0.2492736130952835
YMR081C,YJL208C,0,3.3689165,0.25120335817337036,0.8194308280944824,0.24937380850315094
YGL098W,YKL054C,0,3.368451,0.25112780928611755,0.8194308280944824,0.24947400391101837
YOR191W,YPR017C,0,3.3676398,0.2510523200035095,0.8194308280944824,0.2495741844177246
YFR047C,YOL135C,0,3.36663,0.2509768605232239,0.8194308280944824,0.24967437982559204
YDR212W,YOL076W,0,3.366307,0.2509014308452606,0.8194308280944824,0.24977457523345947
YLL018C,YGR078C,0,3.36616,0.25082606077194214,0.8194308280944824,0.2498747557401657
YLR352W,YMR304W,1,3.365724,0.25105103850364685,0.8204121589660645,0.2498747557401657
YKL194C,YDR021W,0,3.3653693,0.25097566843032837,0.8204121589660645,0.24997495114803314
YPL168W,YDR289C,0,3.3649614,0.25090035796165466,0.8204121589660645,0.2500751316547394
YJR049C,YOR079C,0,3.364622,0.25082507729530334,0.8204121589660645,0.2501753270626068
YDR482C,YDR386W,0,3.3632133,0.2507498562335968,0.8204121589660645,0.25027552247047424
YGR202C,YLR056W,0,3.362762,0.25067466497421265,0.8204121589660645,0.2503757178783417
YML081W,YDR308C,0,3.3626401,0.25059953331947327,0.8204121589660645,0.2504759132862091
YDR359C,YPL156C,0,3.3623567,0.2505244314670563,0.8204121589660645,0.25057610869407654
YLR039C,YPR105C,0,3.3617373,0.25044935941696167,0.8204121589660645,0.2506762742996216
YOR049C,YBR085W,0,3.3611515,0.25037437677383423,0.8204121589660645,0.250776469707489
YFL011W,YBR180W,0,3.3610306,0.2502993941307068,0.8204121589660645,0.25087666511535645
YNL103W,YLL006W,0,3.3610218,0.2502244710922241,0.8204121589660645,0.2509768605232239
YER100W,YDR244W,0,3.3606946,0.25014960765838623,0.8204121589660645,0.2510770559310913
YNL286W,YGR193C,0,3.3606162,0.2500747740268707,0.8204121589660645,0.25117725133895874
YFR010W,YKL149C,0,3.3605905,0.25,0.8204121589660645,0.2512774169445038
YBR188C,YDL139C,0,3.3600326,0.24992525577545166,0.8204121589660645,0.2513776123523712
YPR154W,YER093C,0,3.3596158,0.2498505711555481,0.8204121589660645,0.25147780776023865
YCL016C,YEL051W,0,3.3593156,0.24977591633796692,0.8204121589660645,0.2515780031681061
YOL069W,YGR007W,0,3.3592825,0.24970132112503052,0.8204121589660645,0.2516781985759735
YLR118C,YNL221C,0,3.358993,0.2496267557144165,0.8204121589660645,0.25177836418151855
YOL011W,YPL010W,0,3.3584406,0.24955223500728607,0.8204121589660645,0.251878559589386
YMR192W,YHR190W,0,3.358049,0.24947777390480042,0.8204121589660645,0.2519787549972534
YOL011W,YHR120W,0,3.3578014,0.24940334260463715,0.8204121589660645,0.25207895040512085
YLR039C,YNR052C,0,3.3576498,0.24932895600795746,0.8204121589660645,0.2521791458129883
YBL008W,YGL093W,0,3.3576412,0.24925461411476135,0.8204121589660645,0.2522793412208557
YDR441C,YDR129C,0,3.356982,0.24918033182621002,0.8204121589660645,0.25237950682640076
YHL017W,YDR256C,0,3.3566883,0.24910607933998108,0.8204121589660645,0.2524797022342682
YHR108W,YOR260W,0,3.3565617,0.24903187155723572,0.8204121589660645,0.2525798976421356
YOR267C,YHR133C,0,3.3556437,0.24895770847797394,0.8204121589660645,0.25268009305000305
YML076C,YGL129C,0,3.3553903,0.24888359010219574,0.8204121589660645,0.2527802884578705
YOR018W,YER072W,0,3.3551059,0.24880951642990112,0.8204121589660645,0.2528804838657379
YKL149C,YOL051W,0,3.3545928,0.24873550236225128,0.8204121589660645,0.25298064947128296
YNL181W,YOR358W,0,3.3545494,0.24866151809692383,0.8204121589660645,0.2530808448791504
YMR175W,YJL089W,0,3.3539808,0.24858756363391876,0.8204121589660645,0.2531810402870178
YER041W,YGL226W,0,3.3530989,0.24851366877555847,0.8204121589660645,0.25328123569488525
YHR139C,YGL151W,0,3.352793,0.24843981862068176,0.8204121589660645,0.2533814311027527
YKL155C,YDL076C,0,3.3520052,0.24836601316928864,0.8204121589660645,0.2534816265106201
YOR372C,YJL058C,0,3.3518126,0.2482922524213791,0.8204121589660645,0.25358179211616516
YHR009C,YOR136W,0,3.3515007,0.24821852147579193,0.8204121589660645,0.2536819875240326
YNL328C,YIL153W,0,3.3500376,0.24814485013484955,0.8204121589660645,0.2537821829319
YDR381W,YOR113W,0,3.3496578,0.24807122349739075,0.8204121589660645,0.25388237833976746
YLR004C,YIL130W,0,3.3494327,0.24799762666225433,0.8204121589660645,0.2539825737476349
YDL220C,YBR015C,0,3.349183,0.2479240745306015,0.8204121589660645,0.2540827691555023
YER031C,YOL052C-A,0,3.3488088,0.24785058200359344,0.8204121589660645,0.25418293476104736
YOL098C,YNL025C,0,3.347895,0.24777711927890778,0.8204121589660645,0.2542831301689148
YAR042W,YFR053C,0,3.3475819,0.2477037012577057,0.8204121589660645,0.2543833255767822
YDR075W,YKL110C,0,3.3475769,0.24763032793998718,0.8204121589660645,0.25448352098464966
YCR086W,YCR063W,0,3.34754,0.24755699932575226,0.8204121589660645,0.2545837163925171
YNR032C-A,YBR146W,0,3.347207,0.24748371541500092,0.8204121589660645,0.2546839118003845
YBR114W,YML120C,0,3.3471231,0.24741047620773315,0.8204121589660645,0.25478407740592957
YMR205C,YER143W,0,3.3470864,0.24733728170394897,0.8204121589660645,0.254884272813797
YMR205C,YDR040C,0,3.3468213,0.24726411700248718,0.8204121589660645,0.25498446822166443
YLR426W,YMR158W,0,3.346083,0.24719101190567017,0.8204121589660645,0.25508466362953186
YDR309C,YHR139C,0,3.3458967,0.24711793661117554,0.8204121589660645,0.2551848590373993
YPR173C,YEL048C,0,3.3457294,0.24704492092132568,0.8204121589660645,0.2552850544452667
YOR157C,YGR122W,0,3.345279,0.24697193503379822,0.8204121589660645,0.25538522005081177
YOL126C,YCL067C,0,3.3450704,0.24689899384975433,0.8204121589660645,0.2554854154586792
YNL221C,YML092C,0,3.3449445,0.24682609736919403,0.8204121589660645,0.25558561086654663
YGL025C,YHR033W,0,3.344371,0.2467532455921173,0.8204121589660645,0.25568580627441406
YCL044C,YLR384C,0,3.344276,0.24668043851852417,0.8204121589660645,0.2557860016822815
YIL036W,YMR286W,0,3.344205,0.2466076761484146,0.8204121589660645,0.2558861970901489
YMR072W,YLR189C,0,3.343962,0.24653494358062744,0.8204121589660645,0.25598636269569397
YBR112C,YMR156C,0,3.3433743,0.24646227061748505,0.8204121589660645,0.2560865581035614
YGR120C,YOR086C,0,3.3433678,0.24638962745666504,0.8204121589660645,0.25618675351142883
YGR170W,YDR301W,0,3.3431435,0.2463170289993286,0.8204121589660645,0.25628694891929626
YGR078C,YNL048W,0,3.3419385,0.24624447524547577,0.8204121589660645,0.2563871443271637
YDR178W,YDR301W,0,3.3393164,0.2461719661951065,0.8204121589660645,0.25648733973503113
YGR057C,YOR048C,0,3.3382123,0.24609950184822083,0.8204121589660645,0.25658750534057617
YCR086W,YPL183C,0,3.3376317,0.24602706730365753,0.8204121589660645,0.2566877007484436
YDL243C,YPL173W,0,3.3374994,0.245954692363739,0.8204121589660645,0.25678789615631104
YML011C,YJR131W,0,3.3361297,0.24588234722614288,0.8204121589660645,0.25688809156417847
YJR046W,YOR078W,0,3.3361268,0.24581006169319153,0.8204121589660645,0.2569882869720459
YLR093C,YGR296W,0,3.3358493,0.24573780596256256,0.8204121589660645,0.25708848237991333
YOR250C,YDR108W,0,3.3356633,0.24566559493541718,0.8204121589660645,0.2571886479854584
YDR292C,YCL001W,0,3.3348613,0.24559341371059418,0.8204121589660645,0.2572888433933258
YDL135C,YDR412W,0,3.3346777,0.24552129209041595,0.8204121589660645,0.25738903880119324
YPL175W,YNL216W,0,3.3340902,0.24544920027256012,0.8204121589660645,0.25748923420906067
YBR114W,YPL178W,0,3.3335848,0.24537716805934906,0.8204121589660645,0.2575894296169281
YER176W,YLL016W,0,3.332985,0.2453051656484604,0.8204121589660645,0.25768962502479553
YBR169C,YNL076W,0,3.3327389,0.2452332079410553,0.8204121589660645,0.2577897906303406
YOR156C,YIL005W,1,3.3319986,0.2454545497894287,0.8213935494422913,0.2577897906303406
YGL028C,YKL052C,0,3.3317816,0.24538259208202362,0.8213935494422913,0.257889986038208
YER087C-B,YKL054C,1,3.3316998,0.2456037551164627,0.8223748803138733,0.257889986038208
YLR239C,YKR077W,0,3.3309147,0.24553179740905762,0.8223748803138733,0.25799018144607544
YIL098C,YPR134W,0,3.329808,0.24545986950397491,0.8223748803138733,0.25809037685394287
YJL174W,YIL009W,0,3.3294723,0.245388001203537,0.8223748803138733,0.2581905722618103
YFL025C,YIL046W,1,3.3289404,0.24560889601707458,0.8233562111854553,0.2581905722618103
YGR003W,YGR296W,0,3.328842,0.24553702771663666,0.8233562111854553,0.25829073786735535
YOL121C,YDR328C,0,3.3282404,0.24546518921852112,0.8233562111854553,0.2583909332752228
YPL280W,YJR048W,0,3.32777,0.24539339542388916,0.8233562111854553,0.2584911286830902
YOR129C,YOR319W,0,3.3277445,0.2453216314315796,0.8233562111854553,0.25859132409095764
YGR055W,YNL161W,0,3.3272483,0.2452499270439148,0.8233562111854553,0.2586915194988251
YDR468C,YPL262W,0,3.3270454,0.2451782524585724,0.8233562111854553,0.2587917149066925
YJL012C,YDL139C,0,3.326875,0.24510663747787476,0.8233562111854553,0.25889188051223755
YGR082W,YDL247W,0,3.3265138,0.2450350522994995,0.8233562111854553,0.258992075920105
YDR078C,YOR079C,0,3.3258545,0.24496349692344666,0.8233562111854553,0.2590922713279724
YFR047C,YJL181W,0,3.3257515,0.24489200115203857,0.8233562111854553,0.25919246673583984
YNL190W,YER005W,0,3.3252735,0.24482055008411407,0.8233562111854553,0.2592926621437073
YML081W,YCL039W,0,3.3231797,0.24474912881851196,0.8233562111854553,0.2593928575515747
YHR024C,YPL058C,0,3.3224201,0.24467775225639343,0.8233562111854553,0.25949302315711975
YDR434W,YML102W,0,3.3222113,0.24460642039775848,0.8233562111854553,0.2595932185649872
YER014W,YIL018W,0,3.3218222,0.24453511834144592,0.8233562111854553,0.2596934139728546
YER041W,YOR258W,0,3.3211632,0.24446387588977814,0.8233562111854553,0.25979360938072205
YJL057C,YJR117W,0,3.3209987,0.24439266324043274,0.8233562111854553,0.2598938047885895
YLR315W,YDR111C,0,3.3180766,0.24432149529457092,0.8233562111854553,0.2599940001964569
YDR422C,YNL036W,0,3.3176188,0.2442503571510315,0.8233562111854553,0.26009416580200195
YKL032C,YML047C,0,3.3173175,0.24417927861213684,0.8233562111854553,0.2601943612098694
YFL049W,YOR059C,0,3.317275,0.24410822987556458,0.8233562111854553,0.2602945566177368
YER007C-A,YBR272C,0,3.3163033,0.2440372258424759,0.8233562111854553,0.26039475202560425
YNL054W,YDR386W,0,3.3161492,0.2439662665128708,0.8233562111854553,0.2604949474334717
YGL195W,YKR083C,0,3.3161423,0.24389535188674927,0.8233562111854553,0.2605951428413391
YPL001W,YPR097W,0,3.3158338,0.24382446706295013,0.8233562111854553,0.26069530844688416
YOL020W,YPL203W,0,3.3154802,0.24375362694263458,0.8233562111854553,0.2607955038547516
YOR273C,YLL067C,0,3.3154263,0.2436828315258026,0.8233562111854553,0.260895699262619
YIL019W,YHR138C,0,3.315392,0.24361208081245422,0.8233562111854553,0.26099589467048645
YDL135C,YPL183C,0,3.3152454,0.24354135990142822,0.8233562111854553,0.2610960900783539
YGR202C,YDL149W,0,3.3147879,0.2434706836938858,0.8233562111854553,0.2611962854862213
YBR078W,YKR088C,0,3.314512,0.24340005218982697,0.8233562111854553,0.26129645109176636
YOR124C,YGL017W,1,3.3137202,0.24361948668956757,0.8243376016616821,0.26129645109176636
YAL019W,YDR200C,0,3.3136635,0.24354885518550873,0.8243376016616821,0.2613966464996338
YOR049C,YKR100C,0,3.312644,0.24347825348377228,0.8243376016616821,0.2614968419075012
YOR334W,YGL196W,0,3.3119237,0.2434077113866806,0.8243376016616821,0.26159703731536865
YBL056W,YDR078C,0,3.311351,0.24333719909191132,0.8243376016616821,0.2616972327232361
YJL212C,YPL178W,0,3.3108184,0.2432667315006256,0.8243376016616821,0.2617974281311035
YLR426W,YER123W,0,3.31027,0.2431962937116623,0.8243376016616821,0.26189759373664856
YDR435C,YNL024C,0,3.3098378,0.24312590062618256,0.8243376016616821,0.261997789144516
YBR091C,YPR199C,0,3.309533,0.2430555522441864,0.8243376016616821,0.2620979845523834
YER127W,YBR193C,0,3.3094108,0.24298524856567383,0.8243376016616821,0.26219817996025085
YHL025W,YPL010W,0,3.3085074,0.24291497468948364,0.8243376016616821,0.2622983753681183
YER028C,YOR110W,0,3.3084335,0.24284474551677704,0.8243376016616821,0.2623985707759857
YOR334W,YGR097W,0,3.3081007,0.24277456104755402,0.8243376016616821,0.26249873638153076
YIL019W,YML120C,0,3.3079395,0.24270442128181458,0.8243376016616821,0.2625989317893982
YBR268W,YBL014C,0,3.307536,0.24263431131839752,0.8243376016616821,0.2626991271972656
YKR064W,YBL038W,0,3.3072152,0.24256424605846405,0.8243376016616821,0.26279932260513306
YNR032C-A,YOR129C,0,3.3069935,0.24249422550201416,0.8243376016616821,0.2628995180130005
YCL048W,YHL021C,0,3.3067167,0.24242424964904785,0.8243376016616821,0.2629997134208679
YML097C,YDR390C,1,3.305128,0.2426428198814392,0.8253189325332642,0.2629997134208679
YDR372C,YLR360W,0,3.3043451,0.2425728291273117,0.8253189325332642,0.26309987902641296
YBR233W-A,YKL145W,0,3.303459,0.24250288307666779,0.8253189325332642,0.2632000744342804
YEL052W,YKL002W,1,3.3034184,0.24272124469280243,0.826300323009491,0.2632000744342804
YHR103W,YBR218C,0,3.3031108,0.2426512986421585,0.826300323009491,0.2633002698421478
YER093C,YCL067C,0,3.3022552,0.24258138239383698,0.826300323009491,0.26340046525001526
YKL039W,YJL168C,0,3.3014188,0.24251152575016022,0.826300323009491,0.2635006606578827
YDR256C,YMR274C,0,3.3008509,0.24244169890880585,0.826300323009491,0.2636008560657501
YHL031C,YBR218C,0,3.3007264,0.24237190186977386,0.826300323009491,0.26370102167129517
YOR034C,YBR188C,0,3.3006434,0.24230216443538666,0.826300323009491,0.2638012170791626
YNL132W,YNL130C,0,3.2993326,0.24223245680332184,0.826300323009491,0.26390141248703003
YPR055W,YPR133C,0,3.2988365,0.2421627789735794,0.826300323009491,0.26400160789489746
YDR040C,YGR208W,0,3.298787,0.24209316074848175,0.826300323009491,0.2641018033027649
YKL045W,YPL145C,0,3.2977023,0.24202357232570648,0.826300323009491,0.26420196890830994
YIL154C,YNL024C,0,3.297543,0.2419540286064148,0.826300323009491,0.26430216431617737
YAL015C,YDR430C,0,3.297451,0.2418845146894455,0.826300323009491,0.2644023597240448
YPL115C,YKR049C,0,3.2972498,0.24181504547595978,0.826300323009491,0.26450255513191223
YPL171C,YER056C,0,3.2971468,0.24174562096595764,0.826300323009491,0.26460275053977966
YAL019W,YDR057W,0,3.2971344,0.2416762411594391,0.826300323009491,0.2647029459476471
YLL048C,YGR202C,0,3.2960248,0.24160689115524292,0.826300323009491,0.26480311155319214
YKL045W,YGR099W,0,3.295355,0.24153758585453033,0.826300323009491,0.26490330696105957
YLL048C,YGR224W,0,3.2949033,0.24146831035614014,0.826300323009491,0.265003502368927
YBR180W,YOL052C-A,0,3.2948406,0.24139907956123352,0.826300323009491,0.26510369777679443
YGL126W,YJR084W,0,3.2946088,0.24132989346981049,0.826300323009491,0.26520389318466187
YNL317W,YDR437W,0,3.2936451,0.24126075208187103,0.826300323009491,0.2653040885925293
YDL230W,YDR244W,0,3.2933655,0.24119164049625397,0.826300323009491,0.26540425419807434
YHR033W,YDR528W,0,3.2906468,0.2411225587129593,0.826300323009491,0.2655044496059418
YNR052C,YGL238W,0,3.2906227,0.2410535365343094,0.826300323009491,0.2656046450138092
YJR049C,YML127W,0,3.2887769,0.24098454415798187,0.826300323009491,0.26570484042167664
YHR166C,YHR204W,1,3.2883587,0.241201713681221,0.827281653881073,0.26570484042167664
YOL042W,YMR055C,0,3.2883523,0.2411327213048935,0.827281653881073,0.26580503582954407
YOR068C,YHR150W,0,3.2880938,0.24106377363204956,0.827281653881073,0.2659052312374115
YML092C,YJR096W,0,3.287768,0.24099485576152802,0.827281653881073,0.26600539684295654
YCR058C,YNR053C,0,3.2876074,0.24092598259449005,0.827281653881073,0.266105592250824
YML107C,YDR028C,0,3.2872572,0.24085713922977448,0.827281653881073,0.2662057876586914
YDR276C,YPR133C,0,3.286827,0.24078834056854248,0.827281653881073,0.26630598306655884
YDR400W,YER100W,1,3.2837605,0.24100513756275177,0.828262984752655,0.26630598306655884
YGR080W,YER149C,0,3.2832859,0.24093633890151978,0.828262984752655,0.26640617847442627
YHR149C,YNL081C,0,3.2829642,0.24086758494377136,0.828262984752655,0.2665063738822937
YGL196W,YMR205C,0,3.2827244,0.24079886078834534,0.828262984752655,0.26660653948783875
YLR239C,YCR035C,0,3.281932,0.2407301813364029,0.828262984752655,0.2667067348957062
YPL046C,YLR360W,1,3.281459,0.2409466803073883,0.8292443752288818,0.2667067348957062
YCR016W,YGL053W,0,3.2813463,0.24087798595428467,0.8292443752288818,0.2668069303035736
YDR350C,YGR138C,0,3.2810225,0.2408093512058258,0.8292443752288818,0.26690712571144104
YDR289C,YER178W,0,3.2801304,0.24074074625968933,0.8292443752288818,0.26700732111930847
YGR057C,YMR237W,0,3.2799144,0.24067217111587524,0.8292443752288818,0.2671075165271759
YMR081C,YOR132W,0,3.2797587,0.24060364067554474,0.8292443752288818,0.26720768213272095
YLR361C,YGL194C,0,3.2781982,0.24053515493869781,0.8292443752288818,0.2673078775405884
YGL196W,YML127W,0,3.2776818,0.24046669900417328,0.8292443752288818,0.2674080729484558
YIL068C,YBR169C,0,3.277236,0.24039828777313232,0.8292443752288818,0.26750826835632324
YOR264W,YOL051W,0,3.276123,0.24032992124557495,0.8292443752288818,0.2676084637641907
YDR178W,YCL016C,0,3.276089,0.24026158452033997,0.8292443752288818,0.2677086591720581
YMR101C,YOR059C,0,3.2744184,0.24019329249858856,0.8292443752288818,0.26780882477760315
YMR053C,YPL061W,0,3.274005,0.24012503027915955,0.8292443752288818,0.2679090201854706
YKR049C,YLR313C,0,3.2729602,0.2400568127632141,0.8292443752288818,0.268009215593338
YGL004C,YFR010W,1,3.2728448,0.240272656083107,0.8302257061004639,0.268009215593338
YMR175W,YDR025W,0,3.2726533,0.24020442366600037,0.8302257061004639,0.26810941100120544
YHR113W,YMR242C,0,3.2723866,0.2401362508535385,0.8302257061004639,0.2682096064090729
YGR205W,YDL223C,0,3.2721055,0.24006810784339905,0.8302257061004639,0.2683098018169403
YHR201C,YHR114W,0,3.2719867,0.23999999463558197,0.8302257061004639,0.26840996742248535
YOR016C,YGL115W,0,3.2719493,0.23993194103240967,0.8302257061004639,0.2685101628303528
YJL003W,YNL055C,0,3.2717993,0.23986390233039856,0.8302257061004639,0.2686103582382202
YHR201C,YFR034C,0,3.2712603,0.23979592323303223,0.8302257061004639,0.26871055364608765
YMR077C,YMR276W,1,3.2711506,0.2400113344192505,0.8312070369720459,0.26871055364608765
YLR367W,YDR019C,0,3.2710097,0.23994334042072296,0.8312070369720459,0.2688107490539551
YIL119C,YLR143W,0,3.270914,0.23987539112567902,0.8312070369720459,0.2689109444618225
YMR275C,YIL153W,0,3.2706866,0.23980747163295746,0.8312070369720459,0.26901111006736755
YPL176C,YMR067C,1,3.2706366,0.24002264440059662,0.8321884274482727,0.26901111006736755
YER031C,YER071C,0,3.2702935,0.23995472490787506,0.8321884274482727,0.269111305475235
YHR201C,YKL150W,0,3.2693996,0.23988685011863708,0.8321884274482727,0.2692115008831024
YGL240W,YLR025W,1,3.2675362,0.24010181427001953,0.8331697583198547,0.2692115008831024
YBR101C,YGL064C,0,3.2672598,0.24003392457962036,0.8331697583198547,0.26931169629096985
YLR360W,YIL038C,0,3.2664592,0.23996607959270477,0.8331697583198547,0.2694118916988373
YMR262W,YDR190C,0,3.2656798,0.23989827930927277,0.8331697583198547,0.2695120871067047
YLR004C,YER005W,0,3.2651815,0.23983050882816315,0.8331697583198547,0.26961225271224976
YDL093W,YGL127C,0,3.2647018,0.2397627830505371,0.8331697583198547,0.2697124481201172
YGR082W,YGR078C,0,3.2637246,0.23969508707523346,0.8331697583198547,0.2698126435279846
YFR047C,YLR323C,0,3.262554,0.2396274358034134,0.8331697583198547,0.26991283893585205
YJL174W,YCR018C,0,3.2624555,0.2395598143339157,0.8331697583198547,0.2700130343437195
YNL183C,YLR059C,0,3.2622263,0.2394922375679016,0.8331697583198547,0.2701132297515869
YCR107W,YDR268W,0,3.2615943,0.2394247055053711,0.8331697583198547,0.27021339535713196
YOL023W,YKL087C,0,3.260252,0.23935720324516296,0.8331697583198547,0.2703135907649994
YNL051W,YOR357C,0,3.2601342,0.23928974568843842,0.8331697583198547,0.2704137861728668
YER031C,YPR071W,0,3.25985,0.23922231793403625,0.8331697583198547,0.27051398158073425
YKL054C,YNR026C,1,3.259728,0.23943662643432617,0.8341511487960815,0.27051398158073425
YGL058W,YHR014W,0,3.259087,0.239369198679924,0.8341511487960815,0.2706141769886017
YFL056C,YML127W,0,3.2589905,0.23930180072784424,0.8341511487960815,0.27071434259414673
YHR111W,YDR118W,1,3.2585535,0.23951590061187744,0.8351324796676636,0.27071434259414673
YLR058C,YDL076C,0,3.2584891,0.23944850265979767,0.8351324796676636,0.27081453800201416
YKL149C,YOR081C,0,3.2583156,0.23938114941120148,0.8351324796676636,0.2709147334098816
YNL247W,YNL123W,0,3.2580147,0.23931384086608887,0.8351324796676636,0.271014928817749
YNL056W,YOL023W,0,3.2576604,0.23924656212329865,0.8351324796676636,0.27111512422561646
YNL328C,YJL162C,0,3.2571692,0.2391793131828308,0.8351324796676636,0.2712153196334839
YNL045W,YJL035C,0,3.257134,0.23911210894584656,0.8351324796676636,0.27131548523902893
YDR078C,YGR017W,0,3.2563524,0.2390449494123459,0.8351324796676636,0.27141568064689636
YHR108W,YDR434W,0,3.256279,0.2389778196811676,0.8351324796676636,0.2715158760547638
YDR212W,YLR442C,0,3.2556539,0.2389107197523117,0.8351324796676636,0.2716160714626312
YOL098C,YKL129C,0,3.2539592,0.2388436645269394,0.8351324796676636,0.27171626687049866
YDR217C,YJL208C,0,3.2526846,0.23877665400505066,0.8351324796676636,0.2718164622783661
YJR035W,YNL038W,0,3.2525136,0.23870967328548431,0.8351324796676636,0.27191662788391113
YBR101C,YPR175W,0,3.2524114,0.23864273726940155,0.8351324796676636,0.27201682329177856
YJR042W,YFR040W,0,3.2519755,0.23857583105564117,0.8351324796676636,0.272117018699646
YOL055C,YBR131W,0,3.251538,0.23850896954536438,0.8351324796676636,0.2722172141075134
YKL145W,YPL248C,0,3.2510576,0.23844213783740997,0.8351324796676636,0.27231740951538086
YBR101C,YJL179W,0,3.2508762,0.23837535083293915,0.8351324796676636,0.2724176049232483
YOR177C,YDR200C,0,3.2504957,0.2383085936307907,0.8351324796676636,0.27251777052879333
YPL262W,YNL133C,0,3.2498956,0.23824188113212585,0.8351324796676636,0.27261796593666077
YDL008W,YPL096W,1,3.2490578,0.23845508694648743,0.8361138105392456,0.27261796593666077
YGL189C,YJL069C,0,3.2489817,0.23838835954666138,0.8361138105392456,0.2727181613445282
YGL115W,YKL099C,0,3.24855,0.2383216768503189,0.8361138105392456,0.27281835675239563
YDR469W,YGL192W,0,3.2484114,0.23825503885746002,0.8361138105392456,0.27291855216026306
YNL031C,YJR042W,0,3.2482572,0.23818843066692352,0.8361138105392456,0.2730187475681305
YML041C,YCR063W,0,3.2482412,0.2381218522787094,0.8361138105392456,0.27311891317367554
YMR055C,YGR161C,0,3.247601,0.23805531859397888,0.8361138105392456,0.27321910858154297
YPL176C,YPL018W,0,3.2475553,0.23798882961273193,0.8361138105392456,0.2733193039894104
YKL002W,YOL082W,1,3.2474625,0.23820161819458008,0.8370952010154724,0.2733193039894104
YDR515W,YKL099C,0,3.2473853,0.23813511431217194,0.8370952010154724,0.27341949939727783
YER007C-A,YPR128C,0,3.247099,0.23806865513324738,0.8370952010154724,0.27351969480514526
YCR106W,YER178W,0,3.2465942,0.2380022257566452,0.8370952010154724,0.2736198902130127
YBR130C,YIL014W,0,3.2465904,0.2379358410835266,0.8370952010154724,0.27372005581855774
YBL031W,YLR247C,0,3.2454872,0.2378694862127304,0.8370952010154724,0.27382025122642517
YOL051W,YER167W,0,3.2453249,0.23780317604541779,0.8370952010154724,0.2739204466342926
YIL011W,YBR028C,0,3.244365,0.23773689568042755,0.8370952010154724,0.27402064204216003
YDR040C,YNL216W,0,3.2435155,0.2376706600189209,0.8370952010154724,0.27412083745002747
YIL030C,YPR066W,1,3.2431436,0.23788300156593323,0.8380765318870544,0.27412083745002747
YPL043W,YCL048W,0,3.2431307,0.23781676590442657,0.8380765318870544,0.2742210328578949
YFL025C,YKL039W,0,3.2409406,0.2377505600452423,0.8380765318870544,0.27432119846343994
YPL262W,YDL154W,0,3.2407231,0.23768438398838043,0.8380765318870544,0.2744213938713074
YDR212W,YEL006W,0,3.2403922,0.23761825263500214,0.8380765318870544,0.2745215892791748
YDR325W,YLR466W,0,3.2403486,0.23755215108394623,0.8380765318870544,0.27462178468704224
YPR037C,YDR019C,0,3.2395554,0.2374860942363739,0.8380765318870544,0.27472198009490967
YGL098W,YPL193W,0,3.2392936,0.23742006719112396,0.8380765318870544,0.2748221755027771
YDL093W,YDR343C,0,3.2389722,0.2373540848493576,0.8380765318870544,0.27492234110832214
YLR260W,YHL035C,0,3.2384026,0.23728813230991364,0.8380765318870544,0.2750225365161896
YML031W,YDL102W,0,3.2383912,0.23722222447395325,0.8380765318870544,0.275122731924057
YCR086W,YLR263W,0,3.2383456,0.23715634644031525,0.8380765318870544,0.27522292733192444
YPL133C,YCR065W,0,3.2378657,0.23709049820899963,0.8380765318870544,0.27532312273979187
YPL193W,YGL129C,0,3.2374296,0.2370246946811676,0.8380765318870544,0.2754233181476593
YDR235W,YDR469W,0,3.2352505,0.23695893585681915,0.8380765318870544,0.27552348375320435
YLL048C,YDR437W,0,3.235178,0.2368932068347931,0.8380765318870544,0.2756236791610718
YNL051W,YDR080W,0,3.2348046,0.23682750761508942,0.8380765318870544,0.2757238745689392
YNL036W,YDR273W,0,3.2340424,0.23676185309886932,0.8380765318870544,0.27582406997680664
YDR168W,YDL046W,0,3.2338388,0.23669622838497162,0.8380765318870544,0.2759242653846741
YDR200C,YKL081W,0,3.2337434,0.2366306483745575,0.8380765318870544,0.2760244607925415
YNL173C,YBR193C,0,3.2335746,0.23656509816646576,0.8380765318870544,0.27612462639808655
YDL124W,YBR212W,0,3.2334495,0.2364995777606964,0.8380765318870544,0.276224821805954
YLR118C,YNL142W,0,3.233205,0.23643410205841064,0.8380765318870544,0.2763250172138214
YMR101C,YPL076W,0,3.233068,0.23636867105960846,0.8380765318870544,0.27642521262168884
YIL037C,YEL044W,0,3.2320673,0.23630326986312866,0.8380765318870544,0.2765254080295563
YFL035C-B,YCL039W,0,3.2312622,0.23623789846897125,0.8380765318870544,0.2766256034374237
YGR244C,YIL148W,0,3.2309873,0.23617257177829742,0.8380765318870544,0.27672576904296875
YOL009C,YNL287W,0,3.2300153,0.23610727488994598,0.8380765318870544,0.2768259644508362
YGL126W,YKL079W,0,3.2294207,0.23604200780391693,0.8380765318870544,0.2769261598587036
YOL121C,YPL248C,0,3.2289195,0.23597678542137146,0.8380765318870544,0.27702635526657104
YGL005C,YNR053C,0,3.22888,0.23591160774230957,0.8380765318870544,0.2771265506744385
YHR108W,YAR042W,0,3.2281344,0.23584644496440887,0.8380765318870544,0.2772267162799835
YOR004W,YDR021W,0,3.2279382,0.23578134179115295,0.8380765318870544,0.27732691168785095
YIL119C,YAL051W,0,3.2268066,0.23571625351905823,0.8380765318870544,0.2774271070957184
YKL081W,YGL240W,0,3.225584,0.23565120995044708,0.8380765318870544,0.2775273025035858
YKR093W,YBR121C,0,3.2247736,0.23558621108531952,0.8380765318870544,0.27762749791145325
YBR114W,YJL098W,0,3.2247093,0.23552124202251434,0.8380765318870544,0.2777276933193207
YKL006W,YKL087C,0,3.2246752,0.23545630276203156,0.8380765318870544,0.2778278589248657
YDR528W,YEL051W,0,3.2245624,0.23539139330387115,0.8380765318870544,0.27792805433273315
YDR189W,YPL169C,0,3.2243283,0.23532654345035553,0.8380765318870544,0.2780282497406006
YCR035C,YPL135W,0,3.2234905,0.2352617084980011,0.8380765318870544,0.278128445148468
YOR207C,YJR096W,0,3.2217145,0.23519691824913025,0.8380765318870544,0.27822864055633545
YER177W,YKL006W,0,3.2214162,0.2351321578025818,0.8380765318870544,0.2783288359642029
YGL067W,YHR001W-A,0,3.2213368,0.2350674420595169,0.8380765318870544,0.2784290015697479
YIL147C,YJL197W,0,3.2191262,0.23500275611877441,0.8380765318870544,0.27852919697761536
YNL251C,YGR208W,0,3.2188897,0.2349380999803543,0.8380765318870544,0.2786293923854828
YMR262W,YOR009W,0,3.2188663,0.23487348854541779,0.8380765318870544,0.2787295877933502
YIL087C,YOR259C,0,3.2179294,0.23480890691280365,0.8380765318870544,0.27882978320121765
YMR313C,YOR113W,0,3.2175198,0.2347443699836731,0.8380765318870544,0.2789299786090851
YIL156W,YNL172W,1,3.2173867,0.23495465517044067,0.8390579223632812,0.2789299786090851
YMR063W,YJL001W,0,3.21664,0.23489010334014893,0.8390579223632812,0.2790301442146301
YKR089C,YJL058C,0,3.2151148,0.23482559621334076,0.8390579223632812,0.27913033962249756
YLR039C,YER155C,0,3.2149363,0.23476111888885498,0.8390579223632812,0.279230535030365
YER062C,YKL005C,0,3.2133784,0.2346966713666916,0.8390579223632812,0.2793307304382324
YOR380W,YER015W,0,3.2125192,0.23463226854801178,0.8390579223632812,0.27943092584609985
YDR189W,YPR175W,0,3.2111816,0.23456789553165436,0.8390579223632812,0.2795311212539673
YDR129C,YGL061C,0,3.2101052,0.23450356721878052,0.8390579223632812,0.27963128685951233
YDR190C,YNL066W,0,3.209986,0.23443926870822906,0.8390579223632812,0.27973148226737976
YER177W,YHR073W,0,3.2097514,0.234375,0.8390579223632812,0.2798316776752472
YNL190W,YBR065C,0,3.2094417,0.23431077599525452,0.8390579223632812,0.2799318730831146
YDR406W,YNL118C,0,3.2091055,0.23424658179283142,0.8390579223632812,0.28003206849098206
YER072W,YBL014C,0,3.2084408,0.2341824173927307,0.8390579223632812,0.2801322638988495
YDR528W,YGR097W,0,3.207203,0.2341182976961136,0.8390579223632812,0.28023242950439453
YJR042W,YJR035W,0,3.2064323,0.23405420780181885,0.8390579223632812,0.28033262491226196
YLR324W,YIL005W,0,3.2054093,0.2339901477098465,0.8390579223632812,0.2804328203201294
YHR185C,YHR120W,0,3.2049084,0.23392613232135773,0.8390579223632812,0.2805330157279968
YBL091C,YJR054W,0,3.2047672,0.23386214673519135,0.8390579223632812,0.28063321113586426
YER176W,YOL135C,0,3.2028205,0.23379819095134735,0.8390579223632812,0.2807334065437317
YDR257C,YHR080C,0,3.2023807,0.23373427987098694,0.8390579223632812,0.28083357214927673
YHR009C,YBL014C,0,3.202172,0.2336703985929489,0.8390579223632812,0.28093376755714417
YDL119C,YGR094W,0,3.2021098,0.23360656201839447,0.8390579223632812,0.2810339629650116
YLR361C,YMR035W,0,3.201703,0.23354275524616241,0.8390579223632812,0.28113415837287903
YDR301W,YCR021C,0,3.2014306,0.23347897827625275,0.8390579223632812,0.28123435378074646
YCL017C,YBR181C,0,3.20143,0.23341523110866547,0.8390579223632812,0.2813345491886139
YPL138C,YDL160C,0,3.2008638,0.23335152864456177,0.8390579223632812,0.28143471479415894
YNL054W,YPL049C,0,3.2004125,0.23328785598278046,0.8390579223632812,0.28153491020202637
YML031W,YIR031C,0,3.1998482,0.23322422802448273,0.8390579223632812,0.2816351056098938
YFL049W,YGL017W,1,3.1993606,0.2334333211183548,0.8400392532348633,0.2816351056098938
YGL240W,YNL311C,1,3.1982634,0.2336423099040985,0.8410205841064453,0.2816351056098938
YPL234C,YOL078W,0,3.1976953,0.2335786372423172,0.8410205841064453,0.28173530101776123
YBR208C,YLR189C,0,3.1976714,0.23351497948169708,0.8410205841064453,0.28183549642562866
YDR092W,YBL100W-B,0,3.1974158,0.23345138132572174,0.8410205841064453,0.2819356918334961
YDR023W,YKL197C,0,3.1968575,0.2333877980709076,0.8410205841064453,0.28203585743904114
YDR039C,YOR079C,0,3.1967688,0.23332425951957703,0.8410205841064453,0.28213605284690857
YDR325W,YAL051W,0,3.1965227,0.23326075077056885,0.8410205841064453,0.282236248254776
YDR175C,YDR284C,0,3.1960669,0.23319727182388306,0.8410205841064453,0.28233644366264343
YKL141W,YPL043W,0,3.1956713,0.23313383758068085,0.8410205841064453,0.28243663907051086
YFR024C-A,YKR075C,0,3.1956687,0.23307043313980103,0.8410205841064453,0.2825368344783783
YAL002W,YPR055W,0,3.195573,0.23300707340240479,0.8410205841064453,0.28263700008392334
YGL167C,YFR040W,0,3.1948462,0.23294372856616974,0.8410205841064453,0.28273719549179077
YOR272W,YPL117C,0,3.1941545,0.23288042843341827,0.8410205841064453,0.2828373908996582
YER087C-B,YKR087C,1,3.194025,0.23308883607387543,0.8420019745826721,0.2828373908996582
YMR230W,YMR156C,0,3.1928363,0.23302553594112396,0.8420019745826721,0.28293758630752563
YOR027W,YIL038C,0,3.1923807,0.23296226561069489,0.8420019745826721,0.28303778171539307
YKL192C,YDR301W,0,3.1922746,0.2328990250825882,0.8420019745826721,0.2831379473209381
YGL073W,YLR093C,0,3.1921437,0.2328358143568039,0.8420019745826721,0.28323814272880554
YPL010W,YDL102W,0,3.1918788,0.23277264833450317,0.8420019745826721,0.283338338136673
YML100W,YLR200W,0,3.1917925,0.23270952701568604,0.8420019745826721,0.2834385335445404
YOR189W,YLR435W,0,3.1916013,0.2326464205980301,0.8420019745826721,0.28353872895240784
YOR334W,YKR053C,0,3.190342,0.23258335888385773,0.8420019745826721,0.28363892436027527
YML107C,YDL149W,0,3.189066,0.23252032697200775,0.8420019745826721,0.2837390899658203
YER031C,YPL207W,0,3.1886964,0.23245732486248016,0.8420019745826721,0.28383928537368774
YDR131C,YPL084W,1,3.1883383,0.23266522586345673,0.8429833054542542,0.28383928537368774
YNL311C,YCR066W,1,3.1881464,0.23287300765514374,0.843964695930481,0.28383928537368774
YDL003W,YDR395W,0,3.1863642,0.23280996084213257,0.843964695930481,0.2839394807815552
YOR358W,YPL193W,0,3.185813,0.23274695873260498,0.843964695930481,0.2840396761894226
YNL103W,YMR274C,0,3.1854877,0.23268398642539978,0.843964695930481,0.28413987159729004
YDL135C,YKR072C,0,3.185133,0.23262104392051697,0.843964695930481,0.28424006700515747
YKL002W,YLR299W,0,3.1844795,0.23255814611911774,0.843964695930481,0.2843402326107025
YPL203W,YOR132W,0,3.1839404,0.2324952632188797,0.843964695930481,0.28444042801856995
YBR112C,YKL077W,0,3.183735,0.23243242502212524,0.843964695930481,0.2845406234264374
YMR076C,YPL021W,0,3.1820378,0.23236963152885437,0.843964695930481,0.2846408188343048
YNL031C,YGL016W,0,3.182013,0.23230686783790588,0.843964695930481,0.28474101424217224
YJL098W,YGR211W,0,3.1817837,0.2322441190481186,0.843964695930481,0.2848412096500397
YGR017W,YPL156C,0,3.1812925,0.23218142986297607,0.843964695930481,0.2849413752555847
YBR029C,YER081W,0,3.1810384,0.23211875557899475,0.843964695930481,0.28504157066345215
YNR019W,YMR153W,0,3.1809955,0.232056125998497,0.843964695930481,0.2851417660713196
YCL029C,YGR178C,0,3.1808496,0.23199352622032166,0.843964695930481,0.285241961479187
YAL015C,YLR299W,0,3.1805422,0.2319309562444687,0.843964695930481,0.28534215688705444
YNL286W,YGR165W,0,3.1802747,0.2318684309720993,0.843964695930481,0.2854423522949219
YGR057C,YNL081C,0,3.180183,0.2318059355020523,0.843964695930481,0.2855425179004669
YLR315W,YGL087C,0,3.179201,0.2317434698343277,0.843964695930481,0.28564271330833435
YDR168W,YIL173W,0,3.1788602,0.23168103396892548,0.843964695930481,0.2857429087162018
YFR024C-A,YHR090C,0,3.1784334,0.23161864280700684,0.843964695930481,0.2858431041240692
YHR111W,YKL010C,1,3.1782873,0.23182553052902222,0.844946026802063,0.2858431041240692
YOR264W,YKL039W,0,3.178162,0.23176312446594238,0.844946026802063,0.28594329953193665
YGR254W,YGL058W,0,3.177507,0.23170074820518494,0.844946026802063,0.2860434949398041
YHR088W,YKR077W,0,3.176999,0.23163841664791107,0.844946026802063,0.2861436605453491
YGL243W,YBR254C,0,3.1766493,0.2315761148929596,0.844946026802063,0.28624385595321655
YKL081W,YMR001C,0,3.1762843,0.2315138429403305,0.844946026802063,0.286344051361084
YJL173C,YDL046W,0,3.1760063,0.231451615691185,0.844946026802063,0.2864442467689514
YOL051W,YGR040W,0,3.1743925,0.23138941824436188,0.844946026802063,0.28654444217681885
YLR324W,YLR367W,0,3.174156,0.23132725059986115,0.844946026802063,0.2866446375846863
YER072W,YGL092W,0,3.1735516,0.2312651127576828,0.844946026802063,0.2867448031902313
YPL133C,YJL167W,0,3.1733963,0.23120300471782684,0.844946026802063,0.28684499859809875
YDR009W,YDR515W,0,3.1730666,0.23114094138145447,0.844946026802063,0.2869451940059662
YMR262W,YGR030C,0,3.172649,0.23107890784740448,0.844946026802063,0.2870453894138336
YLR390W-A,YPR174C,0,3.1722603,0.23101690411567688,0.844946026802063,0.28714558482170105
YHR146W,YLR411W,0,3.1717217,0.23095493018627167,0.844946026802063,0.2872457802295685
YDR500C,YDR078C,0,3.1707315,0.23089300096035004,0.844946026802063,0.2873459458351135
YDR092W,YBR168W,0,3.1702638,0.2308311015367508,0.844946026802063,0.28744614124298096
YDR122W,YDL223C,0,3.1665173,0.23076923191547394,0.844946026802063,0.2875463366508484
YDL124W,YBR023C,0,3.1665077,0.23070739209651947,0.844946026802063,0.2876465320587158
YKL155C,YDR289C,0,3.1663437,0.23064559698104858,0.844946026802063,0.28774672746658325
YOR004W,YOR136W,0,3.166203,0.23058383166790009,0.844946026802063,0.2878469228744507
YOL069W,YOR027W,0,3.1643043,0.23052208125591278,0.844946026802063,0.2879470884799957
YGL073W,YKR088C,0,3.1639147,0.23046039044857025,0.844946026802063,0.28804728388786316
YBR078W,YGR060W,0,3.1632812,0.23039871454238892,0.844946026802063,0.2881474792957306
YGL027C,YBR089C-A,0,3.1629887,0.23033708333969116,0.844946026802063,0.288247674703598
YGL240W,YIL017C,1,3.1627846,0.23054292798042297,0.845927357673645,0.288247674703598
YKR027W,YMR040W,0,3.162777,0.23048128187656403,0.845927357673645,0.28834787011146545
YDR243C,YLR292C,0,3.1616488,0.23041968047618866,0.845927357673645,0.2884480655193329
YOL095C,YJL197W,0,3.1615987,0.2303580939769745,0.845927357673645,0.28854823112487793
YFR014C,YKR072C,0,3.1607575,0.2302965521812439,0.845927357673645,0.28864842653274536
YHR009C,YDR289C,0,3.1604364,0.2302350401878357,0.845927357673645,0.2887486219406128
YPL224C,YNL118C,0,3.1604233,0.23017355799674988,0.845927357673645,0.2888488173484802
YOL098C,YGL192W,0,3.1601357,0.23011212050914764,0.845927357673645,0.28894901275634766
YOR032C,YDR188W,0,3.1575656,0.2300507128238678,0.845927357673645,0.2890492081642151
YOR081C,YLR189C,0,3.155082,0.22998933494091034,0.845927357673645,0.28914937376976013
YLR292C,YJR096W,0,3.1543272,0.22992798686027527,0.845927357673645,0.28924956917762756
YHR150W,YPL076W,0,3.1542976,0.22986666858196259,0.845927357673645,0.289349764585495
YPR188C,YGR165W,0,3.153456,0.2298053801059723,0.845927357673645,0.2894499599933624
YLR056W,YPL233W,0,3.1529965,0.22974413633346558,0.845927357673645,0.28955015540122986
YER033C,YOR258W,0,3.1524854,0.22968292236328125,0.845927357673645,0.2896503210067749
YDR398W,YCL064C,0,3.1518762,0.2296217381954193,0.845927357673645,0.28975051641464233
YLR131C,YLR190W,0,3.1518028,0.22956058382987976,0.845927357673645,0.28985071182250977
YIL156W,YIL056W,0,3.1515605,0.2294994741678238,0.845927357673645,0.2899509072303772
YHR170W,YNR071C,0,3.1510463,0.22943837940692902,0.845927357673645,0.29005110263824463
YJR108W,YKR052C,0,3.1508706,0.22937732934951782,0.845927357673645,0.29015129804611206
YNL123W,YHR080C,0,3.1508687,0.22931630909442902,0.845927357673645,0.2902514636516571
YMR318C,YDR441C,0,3.1506758,0.2292553186416626,0.845927357673645,0.29035165905952454
YNL059C,YML076C,0,3.1502647,0.22919435799121857,0.845927357673645,0.29045185446739197
YPR199C,YKL087C,0,3.1502426,0.22913344204425812,0.845927357673645,0.2905520498752594
YNL233W,YLR001C,0,3.1492589,0.22907255589962006,0.845927357673645,0.29065224528312683
YPL175W,YGL231C,0,3.1491377,0.2290116846561432,0.845927357673645,0.29075244069099426
YOR262W,YDR188W,0,3.1479905,0.2289508581161499,0.845927357673645,0.2908526062965393
YGR005C,YOR109W,0,3.146916,0.2288900762796402,0.845927357673645,0.29095280170440674
YNR048W,YKL145W,0,3.1466527,0.2288293093442917,0.845927357673645,0.29105299711227417
YLL048C,YOR320C,0,3.1459973,0.22876857221126556,0.845927357673645,0.2911531925201416
YER023W,YBR295W,0,3.1453476,0.22870787978172302,0.845927357673645,0.29125338792800903
YHR122W,YLR432W,0,3.1444936,0.22864721715450287,0.845927357673645,0.29135358333587646
YKR089C,YCL001W,0,3.1439188,0.2285865843296051,0.845927357673645,0.2914537489414215
YDR111C,YBL047C,0,3.1437275,0.22852598130702972,0.845927357673645,0.29155394434928894
YLR083C,YDR122W,0,3.1435413,0.22846540808677673,0.845927357673645,0.29165413975715637
YIL156W,YER005W,0,3.1434293,0.22840487957000732,0.845927357673645,0.2917543351650238
YNL294C,YHL035C,0,3.1432905,0.2283443659543991,0.845927357673645,0.29185453057289124
YKL052C,YLR299W,0,3.143163,0.22828389704227448,0.845927357673645,0.29195472598075867
YOR363C,YDR009W,0,3.1424642,0.22822345793247223,0.845927357673645,0.2920548915863037
YPR154W,YFR025C,0,3.1415558,0.22816304862499237,0.845927357673645,0.29215508699417114
YLR360W,YJR131W,1,3.141508,0.22836729884147644,0.8469087481498718,0.29215508699417114
YOR320C,YGL006W,0,3.1409254,0.2283068746328354,0.8469087481498718,0.2922552824020386
YDL247W,YDR150W,0,3.140833,0.22824649512767792,0.8469087481498718,0.292355477809906
YDR108W,YBR181C,0,3.1403255,0.22818614542484283,0.8469087481498718,0.29245567321777344
YGL016W,YIL167W,0,3.139777,0.22812582552433014,0.8469087481498718,0.29255586862564087
YOR191W,YPR067W,0,3.1388686,0.22806553542613983,0.8469087481498718,0.2926560342311859
YKR095W,YMR156C,0,3.1387599,0.2280052900314331,0.8469087481498718,0.29275622963905334
YOR016C,YHL006C,0,3.1387036,0.22794505953788757,0.8469087481498718,0.2928564250469208
YHR108W,YER139C,0,3.1374183,0.22788487374782562,0.8469087481498718,0.2929566204547882
YJL045W,YOR320C,0,3.1371005,0.22782470285892487,0.8469087481498718,0.29305681586265564
YJL054W,YDR350C,0,3.136538,0.2277645766735077,0.8469087481498718,0.29315701127052307
YOR241W,YLR352W,0,3.1361346,0.2277044802904129,0.8469087481498718,0.2932571768760681
YPL262W,YLR361C,0,3.1360703,0.2276444137096405,0.8469087481498718,0.29335737228393555
YDR490C,YER139C,0,3.1347919,0.22758439183235168,0.8469087481498718,0.293457567691803
YIL037C,YDR105C,0,3.1346934,0.22752438485622406,0.8469087481498718,0.2935577630996704
YHR088W,YER167W,0,3.1330085,0.22746442258358002,0.8469087481498718,0.29365795850753784
YOR335C,YDR257C,0,3.1326723,0.22740447521209717,0.8469087481498718,0.2937581539154053
YML098W,YBR045C,0,3.131848,0.2273445725440979,0.8469087481498718,0.2938583195209503
YHR202W,YLR313C,0,3.131503,0.22728469967842102,0.8469087481498718,0.29395851492881775
YIL036W,YGR205W,0,3.1310053,0.22722485661506653,0.8469087481498718,0.2940587103366852
YPL036W,YPL013C,0,3.1307185,0.22716504335403442,0.8469087481498718,0.2941589057445526
YPL215W,YGR003W,0,3.130539,0.2271052598953247,0.8469087481498718,0.29425910115242004
YJR102C,YNL156C,0,3.1300297,0.22704552114009857,0.8469087481498718,0.2943592965602875
YBR086C,YMR009W,0,3.128571,0.22698579728603363,0.8469087481498718,0.2944594621658325
YKL062W,YKL006C-A,0,3.1281157,0.22692611813545227,0.8469087481498718,0.29455965757369995
YCL016C,YCR021C,0,3.1278696,0.2268664538860321,0.8469087481498718,0.2946598529815674
YFL056C,YGR094W,0,3.12703,0.22680683434009552,0.8469087481498718,0.2947600483894348
YAL002W,YNL056W,0,3.1269255,0.22674724459648132,0.8469087481498718,0.29486024379730225
YDR463W,YLR011W,0,3.1266117,0.22668768465518951,0.8469087481498718,0.2949604392051697
YGR161C,YNR053C,0,3.1262686,0.2266281545162201,0.8469087481498718,0.2950606048107147
YEL018W,YML047C,0,3.1260414,0.22656865417957306,0.8469087481498718,0.29516080021858215
YDR091C,YMR262W,0,3.1259308,0.2265091836452484,0.8469087481498718,0.2952609956264496
YKR093W,YDR468C,0,3.1254594,0.22644975781440735,0.8469087481498718,0.295361191034317
YHR108W,YNL287W,0,3.125235,0.22639034688472748,0.8469087481498718,0.29546138644218445
YDR325W,YMR133W,0,3.1252055,0.22633096575737,0.8469087481498718,0.2955615818500519
YPR161C,YOR372C,0,3.1237814,0.2262716293334961,0.8469087481498718,0.2956617474555969
YGL167C,YLR067C,0,3.1233473,0.22621232271194458,0.8469087481498718,0.29576194286346436
YDL160C,YJL216C,0,3.1227834,0.22615304589271545,0.8469087481498718,0.2958621382713318
YKR052C,YGL078C,0,3.122052,0.22609378397464752,0.8469087481498718,0.2959623336791992
YOR018W,YDR273W,0,3.121993,0.22603456676006317,0.8469087481498718,0.29606252908706665
YLL016W,YKL077W,0,3.121572,0.2259753793478012,0.8469087481498718,0.2961626946926117
YCL044C,YGL049C,0,3.1206756,0.22591623663902283,0.8469087481498718,0.2962628901004791
YPL225W,YJL216C,0,3.1190577,0.22585710883140564,0.8469087481498718,0.29636308550834656
YER155C,YGL198W,0,3.119019,0.22579801082611084,0.8469087481498718,0.296463280916214
YBR295W,YHR090C,0,3.1182714,0.22573894262313843,0.8469087481498718,0.2965634763240814
YDR372C,YJR049C,0,3.1182544,0.2256799191236496,0.8469087481498718,0.29666367173194885
YDL100C,YMR001C,0,3.1180553,0.22562091052532196,0.8469087481498718,0.2967638373374939
YDR201W,YER005W,0,3.1178405,0.2255619466304779,0.8469087481498718,0.29686403274536133
YDR189W,YDL247W,0,3.1176562,0.22550299763679504,0.8469087481498718,0.29696422815322876
YIR004W,YBR089C-A,0,3.1171746,0.22544409334659576,0.8469087481498718,0.2970644235610962
YKL032C,YJL208C,0,3.1169717,0.22538521885871887,0.8469087481498718,0.2971646189689636
YDR150W,YIL005W,0,3.116892,0.22532637417316437,0.8469087481498718,0.29726481437683105
YGR174C,YDR004W,0,3.115622,0.22526755928993225,0.8469087481498718,0.2973649799823761
YIL148W,YDR005C,0,3.115509,0.22520877420902252,0.8469087481498718,0.29746517539024353
YDR111C,YDR301W,0,3.1153164,0.22515001893043518,0.8469087481498718,0.29756537079811096
YLR194C,YLR249W,0,3.1143947,0.22509129345417023,0.8469087481498718,0.2976655662059784
YAL019W,YDR397C,0,3.1136465,0.22503259778022766,0.8469087481498718,0.2977657616138458
YPL141C,YGL198W,0,3.1130204,0.22497393190860748,0.8469087481498718,0.29786595702171326
YOL032W,YBR049C,0,3.112801,0.2249152958393097,0.8469087481498718,0.2979661226272583
YGR120C,YBR180W,0,3.1125274,0.2248566895723343,0.8469087481498718,0.29806631803512573
YMR322C,YLR181C,0,3.1117554,0.22479812800884247,0.8469087481498718,0.29816651344299316
YPR097W,YHR149C,0,3.1112323,0.22473958134651184,0.8469087481498718,0.2982667088508606
YBL005W,YPL254W,0,3.111216,0.2246810793876648,0.8469087481498718,0.298366904258728
YGL028C,YLR260W,0,3.1100721,0.22462259232997894,0.8469087481498718,0.29846709966659546
YLR347C,YOR110W,0,3.1095238,0.22456414997577667,0.8469087481498718,0.2985672652721405
YDL106C,YGL238W,0,3.108982,0.2245057225227356,0.8469087481498718,0.29866746068000793
YDR325W,YNL081C,0,3.1083686,0.2244473397731781,0.8469087481498718,0.29876765608787537
YGL006W,YFR038W,0,3.1071615,0.2243889719247818,0.8469087481498718,0.2988678514957428
YGR266W,YKL063C,0,3.107154,0.22433064877986908,0.8469087481498718,0.29896804690361023
YJR042W,YDR041W,0,3.1069987,0.22427235543727875,0.8469087481498718,0.29906824231147766
YML081W,YOR129C,0,3.1068876,0.2242140769958496,0.8469087481498718,0.2991684079170227
YJR153W,YHL050C,0,3.106441,0.22415584325790405,0.8469087481498718,0.29926860332489014
YJR049C,YBR181C,0,3.1064153,0.22409763932228088,0.8469087481498718,0.29936879873275757
YDR189W,YHR169W,0,3.1060772,0.2240394651889801,0.8469087481498718,0.299468994140625
YPL043W,YLR299W,0,3.1060572,0.22398130595684052,0.8469087481498718,0.29956918954849243
YGR174C,YNL054W,0,3.1058784,0.2239231914281845,0.8469087481498718,0.29966938495635986
YIR026C,YLR337C,0,3.1054425,0.2238651067018509,0.8469087481498718,0.2997695505619049
YNL051W,YOR068C,0,3.1043887,0.22380705177783966,0.8469087481498718,0.29986974596977234
YGL246C,YKL051W,0,3.1036947,0.22374902665615082,0.8469087481498718,0.29996994137763977
YDR200C,YLR299W,0,3.1036744,0.22369103133678436,0.8469087481498718,0.3000701367855072
YCL051W,YNL029C,0,3.10311,0.2236330658197403,0.8469087481498718,0.30017033219337463
YLR377C,YLR293C,0,3.1029773,0.22357513010501862,0.8469087481498718,0.30027052760124207
YJR108W,YER005W,0,3.1028638,0.22351722419261932,0.8469087481498718,0.3003706932067871
YDR025W,YNR055C,0,3.1026647,0.22345934808254242,0.8469087481498718,0.30047088861465454
YGR094W,YDR257C,0,3.102034,0.2234015017747879,0.8469087481498718,0.300571084022522
YGL144C,YPL239W,0,3.1020024,0.22334368526935577,0.8469087481498718,0.3006712794303894
YER087C-A,YLR097C,1,3.101988,0.2235446274280548,0.8478900790214539,0.3006712794303894
YPL224C,YPR174C,0,3.101184,0.22348681092262268,0.8478900790214539,0.30077147483825684
YDL098C,YHR142W,0,3.100547,0.22342900931835175,0.8478900790214539,0.30087167024612427
YPR173C,YGL226W,0,3.0981693,0.2233712524175644,0.8478900790214539,0.3009718358516693
YJL174W,YDL012C,0,3.0967836,0.22331351041793823,0.8478900790214539,0.30107203125953674
YDR510W,YAL058W,1,3.0966804,0.22351421415805817,0.8488714694976807,0.30107203125953674
YKL077W,YBR301W,0,3.0966153,0.223456472158432,0.8488714694976807,0.3011722266674042
YDR323C,YCL001W,0,3.095974,0.22339875996112823,0.8488714694976807,0.3012724220752716
YDR007W,YMR040W,0,3.0954967,0.22334107756614685,0.8488714694976807,0.30137261748313904
YOR002W,YPL183C,0,3.0950446,0.22328342497348785,0.8488714694976807,0.30147281289100647
YDR227W,YGL238W,0,3.0948548,0.22322580218315125,0.8488714694976807,0.3015729784965515
YDR515W,YMR177W,0,3.0944085,0.22316820919513702,0.8488714694976807,0.30167317390441895
YBR016W,YGL105W,0,3.0940223,0.2231106460094452,0.8488714694976807,0.3017733693122864
YLR011W,YIL043C,0,3.0938902,0.22305312752723694,0.8488714694976807,0.3018735647201538
YMR055C,YML016C,0,3.0925941,0.22299562394618988,0.8488714694976807,0.30197376012802124
YMR153W,YHR106W,0,3.089941,0.2229381501674652,0.8488714694976807,0.3020739257335663
YNL263C,YPL137C,0,3.089816,0.22288070619106293,0.8488714694976807,0.3021741211414337
YHL011C,YGR040W,0,3.0884209,0.22282329201698303,0.8488714694976807,0.30227431654930115
YMR192W,YGR174C,0,3.0879674,0.22276590764522552,0.8488714694976807,0.3023745119571686
YPL004C,YGL111W,0,3.0876184,0.2227085530757904,0.8488714694976807,0.302474707365036
YBL084C,YJL047C,1,3.0875034,0.222908616065979,0.8498528003692627,0.302474707365036
YDR343C,YAL051W,0,3.0871563,0.22285126149654388,0.8498528003692627,0.30257490277290344
YLR360W,YLR190W,0,3.0871372,0.22279392182826996,0.8498528003692627,0.3026750683784485
YMR286W,YAL048C,0,3.0871017,0.22273662686347961,0.8498528003692627,0.3027752637863159
YFL025C,YPL040C,0,3.0865648,0.22267934679985046,0.8498528003692627,0.30287545919418335
YPR095C,YOR078W,0,3.0849943,0.2226221114397049,0.8498528003692627,0.3029756546020508
YCR107W,YMR101C,0,3.0848315,0.22256489098072052,0.8498528003692627,0.3030758500099182
YDR075W,YKL051W,0,3.0835547,0.22250771522521973,0.8498528003692627,0.30317604541778564
YER100W,YKL052C,0,3.0833602,0.22245055437088013,0.8498528003692627,0.3032762110233307
YLR054C,YOR086C,0,3.0831904,0.22239342331886292,0.8498528003692627,0.3033764064311981
YKL129C,YML013W,0,3.0830238,0.2223363220691681,0.8498528003692627,0.30347660183906555
YBR085W,YOR172W,0,3.0823002,0.22227926552295685,0.8498528003692627,0.303576797246933
YBR268W,YPR105C,0,3.08185,0.2222222238779068,0.8498528003692627,0.3036769926548004
YHR148W,YPR097W,0,3.080786,0.22216521203517914,0.8498528003692627,0.30377718806266785
YOR193W,YHR122W,0,3.0802155,0.22210822999477386,0.8498528003692627,0.3038773536682129
YDR091C,YDR407C,0,3.0800245,0.22205127775669098,0.8498528003692627,0.3039775490760803
YFL061W,YNL055C,0,3.0790453,0.22199435532093048,0.8498528003692627,0.30407774448394775
YDR227W,YDL102W,0,3.0786679,0.22193746268749237,0.8498528003692627,0.3041779398918152
YBR023C,YOL059W,0,3.078524,0.22188059985637665,0.8498528003692627,0.3042781352996826
YPL004C,YNL062C,0,3.0783777,0.2218237668275833,0.8498528003692627,0.30437833070755005
YJR046W,YBR089C-A,0,3.0783393,0.22176696360111237,0.8498528003692627,0.3044784963130951
YBR233W-A,YOR048C,0,3.0777764,0.2217101901769638,0.8498528003692627,0.3045786917209625
YKL141W,YHR080C,0,3.0777419,0.22165344655513763,0.8498528003692627,0.30467888712882996
YCR024C,YDL154W,0,3.0770845,0.22159671783447266,0.8498528003692627,0.3047790825366974
YOR267C,YGR044C,0,3.0766716,0.22154003381729126,0.8498528003692627,0.3048792779445648
YNL190W,YGR004W,0,3.0762627,0.22148337960243225,0.8498528003692627,0.30497947335243225
YDR375C,YLR324W,0,3.076007,0.22142674028873444,0.8498528003692627,0.3050796389579773
YGL231C,YGL018C,0,3.0756307,0.2213701456785202,0.8498528003692627,0.3051798343658447
YAL019W,YNR033W,0,3.07485,0.22131356596946716,0.8498528003692627,0.30528002977371216
YKL052C,YIR031C,0,3.07442,0.2212570309638977,0.8498528003692627,0.3053802251815796
YIR019C,YDR292C,0,3.074304,0.22120051085948944,0.8498528003692627,0.305480420589447
YML004C,YPL049C,0,3.0739002,0.22114402055740356,0.8498528003692627,0.30558061599731445
YKL155C,YHR193C,0,3.0736034,0.22108756005764008,0.8498528003692627,0.3056807816028595
YDR309C,YNL317W,0,3.0731692,0.22103114426136017,0.8498528003692627,0.30578097701072693
YJL058C,YMR237W,0,3.073069,0.22097474336624146,0.8498528003692627,0.30588117241859436
YFL005W,YLR190W,0,3.072958,0.22091837227344513,0.8498528003692627,0.3059813678264618
YBL063W,YNR033W,0,3.0726893,0.2208620309829712,0.8498528003692627,0.3060815632343292
YPL168W,YJR050W,0,3.072524,0.22080570459365845,0.8498528003692627,0.30618175864219666
YPL001W,YDR276C,0,3.0708957,0.22074942290782928,0.8498528003692627,0.3062819242477417
YOR252W,YPR010C,0,3.0692656,0.2206931710243225,0.8498528003692627,0.30638211965560913
YDR189W,YBR003W,0,3.0670075,0.22063694894313812,0.8498528003692627,0.30648231506347656
YGL073W,YML081W,0,3.066977,0.22058074176311493,0.8498528003692627,0.306582510471344
YDR441C,YIL173W,0,3.0669546,0.22052457928657532,0.8498528003692627,0.3066827058792114
YDR300C,YNR071C,0,3.0664563,0.2204684317111969,0.8498528003692627,0.30678290128707886
YHL003C,YLR190W,0,3.0663948,0.22041231393814087,0.8498528003692627,0.3068830668926239
YJR131W,YJL001W,1,3.066069,0.22061069309711456,0.8508341312408447,0.3068830668926239
YOL076W,YBR168W,0,3.0659814,0.22055456042289734,0.8508341312408447,0.30698326230049133
YNL167C,YLR067C,0,3.0655124,0.2204984724521637,0.8508341312408447,0.30708345770835876
YJR084W,YMR125W,0,3.065103,0.22044241428375244,0.8508341312408447,0.3071836531162262
YDL189W,YKL087C,0,3.0649328,0.22038637101650238,0.8508341312408447,0.30728384852409363
YOL009C,YDR108W,0,3.064722,0.2203303724527359,0.8508341312408447,0.30738404393196106
YLL053C,YGL078C,0,3.0646484,0.22027438879013062,0.8508341312408447,0.3074842095375061
YDR025W,YDR273W,0,3.063657,0.22021843492984772,0.8508341312408447,0.30758440494537354
YNL020C,YDR057W,0,3.0628674,0.2201625257730484,0.8508341312408447,0.30768460035324097
YKL026C,YOL126C,0,3.0627055,0.22010663151741028,0.8508341312408447,0.3077847957611084
YOR018W,YER028C,0,3.0625677,0.22005076706409454,0.8508341312408447,0.30788499116897583
YOR136W,YNR053C,0,3.0620515,0.2199949324131012,0.8508341312408447,0.30798518657684326
YGR103W,YDL113C,0,3.0616713,0.21993911266326904,0.8508341312408447,0.3080853521823883
YKL002W,YPL006W,0,3.0610008,0.21988333761692047,0.8508341312408447,0.30818554759025574
YOR018W,YDR437W,0,3.0605502,0.2198275923728943,0.8508341312408447,0.30828574299812317
YKR078W,YLR333C,0,3.060542,0.2197718620300293,0.8508341312408447,0.3083859384059906
YDR323C,YGL226W,0,3.0604897,0.2197161614894867,0.8508341312408447,0.30848613381385803
YDR345C,YPL006W,0,3.0598707,0.21966050565242767,0.8508341312408447,0.3085862994194031
YER028C,YGR097W,0,3.0595598,0.21960486471652985,0.8508341312408447,0.3086864948272705
YBR189W,YMR226C,0,3.0593863,0.2195492535829544,0.8508341312408447,0.30878669023513794
YLR196W,YGR142W,0,3.0592499,0.21949367225170135,0.8508341312408447,0.30888688564300537
YDR412W,YLR248W,0,3.0584242,0.2194381207227707,0.8508341312408447,0.3089870810508728
YOL084W,YPL145C,0,3.0577953,0.21938258409500122,0.8508341312408447,0.30908727645874023
YDL072C,YNL176C,0,3.0574708,0.21932709217071533,0.8508341312408447,0.3091874420642853
YPL004C,YML092C,0,3.05716,0.21927163004875183,0.8508341312408447,0.3092876374721527
YAL056W,YMR183C,0,3.0569227,0.21921618282794952,0.8508341312408447,0.30938783288002014
YKL006C-A,YLR313C,0,3.056818,0.2191607654094696,0.8508341312408447,0.3094880282878876
YIL167W,YDR135C,0,3.0564709,0.21910537779331207,0.8508341312408447,0.309588223695755
YDL091C,YIL008W,1,3.0562973,0.2193026840686798,0.8518155217170715,0.309588223695755
YKL141W,YHR020W,0,3.055336,0.21924728155136108,0.8518155217170715,0.30968841910362244
YGL092W,YHR080C,0,3.0545883,0.21919192373752594,0.8518155217170715,0.3097885847091675
YMR101C,YDR438W,0,3.0544348,0.219136580824852,0.8518155217170715,0.3098887801170349
YJR131W,YLL057C,0,3.0539083,0.21908126771450043,0.8518155217170715,0.30998897552490234
YAR042W,YDR021W,0,3.053224,0.21902598440647125,0.8518155217170715,0.3100891709327698
YMR207C,YGL085W,0,3.0527918,0.21897073090076447,0.8518155217170715,0.3101893663406372
YDR009W,YPL198W,0,3.052087,0.21891550719738007,0.8518155217170715,0.31028956174850464
YIL014W,YMR207C,0,3.051569,0.21886031329631805,0.8518155217170715,0.3103897273540497
YML107C,YKL149C,0,3.0506291,0.21880514919757843,0.8518155217170715,0.3104899227619171
YOL122C,YDR301W,0,3.050462,0.21875,0.8518155217170715,0.31059011816978455
YAL059W,YLR352W,0,3.0480213,0.21869488060474396,0.8518155217170715,0.310690313577652
YPL209C,YJL003W,0,3.0458865,0.2186398059129715,0.8518155217170715,0.3107905089855194
YLR417W,YDL154W,0,3.0435462,0.21858474612236023,0.8518155217170715,0.31089070439338684
YGR235C,YMR225C,0,3.04322,0.21852970123291016,0.8518155217170715,0.3109908699989319
YER033C,YDR176W,0,3.0431457,0.21847470104694366,0.8518155217170715,0.3110910654067993
YNL263C,YJL186W,0,3.042882,0.21841973066329956,0.8518155217170715,0.31119126081466675
YOR109W,YER129W,0,3.0420556,0.21836477518081665,0.8518155217170715,0.3112914562225342
YKR087C,YLR102C,1,3.0415356,0.21856136620044708,0.8527968525886536,0.3112914562225342
YOR103C,YML096W,0,3.040627,0.21850641071796417,0.8527968525886536,0.3113916516304016
YKR053C,YNR038W,0,3.0404599,0.21845148503780365,0.8527968525886536,0.31149184703826904
YLR426W,YFR030W,0,3.0391648,0.21839658915996552,0.8527968525886536,0.3115920126438141
YNL263C,YCL044C,0,3.0384867,0.21834170818328857,0.8527968525886536,0.3116922080516815
YLR417W,YIL068C,0,3.037113,0.21828685700893402,0.8527968525886536,0.31179240345954895
YJL110C,YBR065C,0,3.0368326,0.21823205053806305,0.8527968525886536,0.3118925988674164
YPR037C,YBL008W,0,3.0367558,0.21817725896835327,0.8527968525886536,0.3119927942752838
YOR193W,YFR014C,0,3.0363023,0.21812249720096588,0.8527968525886536,0.31209298968315125
YDR178W,YDR021W,0,3.0346813,0.21806775033473969,0.8527968525886536,0.3121931552886963
YBR131W,YPR141C,0,3.0345523,0.21801304817199707,0.8527968525886536,0.3122933506965637
YBL056W,YPL013C,0,3.034451,0.21795836091041565,0.8527968525886536,0.31239354610443115
YKL033W,YDR517W,0,3.0338023,0.2179037183523178,0.8527968525886536,0.3124937415122986
YOR019W,YPR007C,0,3.0331764,0.21784909069538116,0.8527968525886536,0.312593936920166
YGR212W,YDR287W,0,3.0328388,0.2177944928407669,0.8527968525886536,0.31269413232803345
YMR002W,YIL167W,0,3.0323524,0.21773990988731384,0.8527968525886536,0.3127942979335785
YNL103W,YCR005C,0,3.0322027,0.21768537163734436,0.8527968525886536,0.3128944933414459
YDR111C,YDL154W,0,3.032019,0.21763084828853607,0.8527968525886536,0.31299468874931335
YDR407C,YLL021W,0,3.0311472,0.21757636964321136,0.8527968525886536,0.3130948841571808
YOR002W,YIL130W,0,3.0306911,0.21752190589904785,0.8527968525886536,0.3131950795650482
YIL098C,YLR248W,0,3.0306118,0.21746747195720673,0.8527968525886536,0.31329527497291565
YEL052W,YIR011C,1,3.0302348,0.2176632434129715,0.8537782430648804,0.31329527497291565
YDL247W,YPL075W,0,3.0298557,0.21760880947113037,0.8537782430648804,0.3133954405784607
YHR148W,YDR111C,0,3.0298138,0.21755439043045044,0.8537782430648804,0.3134956359863281
YML023C,YLR115W,0,3.029513,0.2175000011920929,0.8537782430648804,0.31359583139419556
YPL239W,YMR313C,0,3.0292413,0.21744564175605774,0.8537782430648804,0.313696026802063
YOR357C,YLR328W,0,3.0288591,0.21739129722118378,0.8537782430648804,0.3137962222099304
YDR406W,YMR153W,0,3.0287015,0.2173369973897934,0.8537782430648804,0.31389641761779785
YNR032C-A,YLR249W,0,3.0276444,0.2172827124595642,0.8537782430648804,0.3139965832233429
YLR196W,YMR322C,0,3.0275035,0.2172284573316574,0.8537782430648804,0.3140967786312103
YKR096W,YDR002W,0,3.0273333,0.217174232006073,0.8537782430648804,0.31419697403907776
YNL250W,YNL176C,0,3.0271628,0.21712003648281097,0.8537782430648804,0.3142971694469452
YDL091C,YHR014W,0,3.0268333,0.21706587076187134,0.8537782430648804,0.3143973648548126
YMR081C,YOR335C,0,3.0264454,0.2170117199420929,0.8537782430648804,0.31449753046035767
YER177W,YCL054W,0,3.0257938,0.21695759892463684,0.8537782430648804,0.3145977258682251
YGR024C,YOR319W,0,3.0257597,0.21690352261066437,0.8537782430648804,0.31469792127609253
YDR325W,YDR427W,0,3.025453,0.2168494462966919,0.8537782430648804,0.31479811668395996
YLR061W,YOR110W,0,3.0252619,0.216795414686203,0.8537782430648804,0.3148983120918274
YDR201W,YML101C,0,3.0251586,0.2167413979768753,0.8537782430648804,0.3149985074996948
YMR063W,YOL011W,0,3.0249624,0.2166874259710312,0.8537782430648804,0.31509867310523987
YLR185W,YGR165W,0,3.024474,0.21663346886634827,0.8537782430648804,0.3151988685131073
YPL140C,YJL208C,0,3.0236056,0.21657954156398773,0.8537782430648804,0.31529906392097473
YGR235C,YDL230W,0,3.0233798,0.2165256291627884,0.8537782430648804,0.31539925932884216
YBR168W,YNR037C,0,3.023282,0.21647176146507263,0.8537782430648804,0.3154994547367096
YLR411W,YDR273W,0,3.0226886,0.21641790866851807,0.8537782430648804,0.315599650144577
YLR102C,YML102W,0,3.022661,0.2163640856742859,0.8537782430648804,0.31569981575012207
YJR050W,YOR341W,0,3.022626,0.2163102924823761,0.8537782430648804,0.3158000111579895
YJR117W,YKR083C,0,3.022623,0.2162565290927887,0.8537782430648804,0.31590020656585693
YGL092W,YKR085C,0,3.0222378,0.2162027806043625,0.8537782430648804,0.31600040197372437
YNL288W,YGR030C,0,3.0222077,0.21614906191825867,0.8537782430648804,0.3161005973815918
YPR120C,YLR054C,0,3.0218718,0.21609537303447723,0.8537782430648804,0.31620079278945923
YKL080W,YPR046W,0,3.0215917,0.2160417139530182,0.8537782430648804,0.3163009583950043
YML133C,YIL011W,0,3.0211508,0.21598808467388153,0.8537782430648804,0.3164011538028717
YLR193C,YHR138C,0,3.021078,0.21593447029590607,0.8537782430648804,0.31650134921073914
YDR377W,YKR064W,0,3.0208092,0.21588090062141418,0.8537782430648804,0.31660154461860657
YBR268W,YJL035C,0,3.0202127,0.2158273309469223,0.8537782430648804,0.316701740026474
YOR320C,YLR417W,0,3.0183678,0.215773805975914,0.8537782430648804,0.31680193543434143
YDL105W,YMR009W,0,3.0183434,0.2157203108072281,0.8537782430648804,0.3169021010398865
YHR165C,YHR037W,0,3.017708,0.21566683053970337,0.8537782430648804,0.3170022964477539
YEL039C,YLR196W,0,3.0161347,0.21561338007450104,0.8537782430648804,0.31710249185562134
YML133C,YGL058W,0,3.0158763,0.2155599594116211,0.8537782430648804,0.31720268726348877
YML021C,YML057W,0,3.0145607,0.21550656855106354,0.8537782430648804,0.3173028826713562
YOL121C,YMR072W,0,3.0144842,0.21545319259166718,0.8537782430648804,0.31740307807922363
YOR177C,YBR086C,0,3.0138628,0.2153998464345932,0.8537782430648804,0.3175032436847687
YDL098C,YPL234C,0,3.0130363,0.2153465300798416,0.8537782430648804,0.3176034390926361
YBR114W,YMR242C,0,3.0129237,0.21529324352741241,0.8537782430648804,0.31770363450050354
YOR018W,YDR464W,0,3.0127888,0.2152399867773056,0.8537782430648804,0.31780382990837097
YNR048W,YOR086C,0,3.0127466,0.21518674492835999,0.8537782430648804,0.3179040253162384
YGR005C,YHL025W,0,3.0115824,0.21513353288173676,0.8537782430648804,0.31800422072410583
YOL029C,YMR156C,0,3.0111964,0.2150803506374359,0.8537782430648804,0.3181043863296509
YDL093W,YOR129C,0,3.0111456,0.21502718329429626,0.8537782430648804,0.3182045817375183
YAL056W,YDR397C,0,3.0103488,0.2149740606546402,0.8537782430648804,0.31830477714538574
YGR005C,YCR021C,0,3.0099435,0.21492095291614532,0.8537782430648804,0.3184049725532532
YPL138C,YHR033W,0,3.0092187,0.21486787497997284,0.8537782430648804,0.3185051679611206
YPR008W,YGL092W,0,3.0088482,0.21481481194496155,0.8537782430648804,0.31860536336898804
YIL106W,YHR139C,0,3.0082967,0.21476179361343384,0.8537782430648804,0.3187055289745331
YIL068C,YNL216W,0,3.0079012,0.21470879018306732,0.8537782430648804,0.3188057243824005
YAL028W,YGL194C,0,3.0078397,0.2146558165550232,0.8537782430648804,0.31890591979026794
YLL048C,YNL036W,0,3.0074408,0.21460285782814026,0.8537782430648804,0.3190061151981354
YOL084W,YHL025W,0,3.0072074,0.2145499438047409,0.8537782430648804,0.3191063106060028
YAL007C,YNL118C,0,3.0070295,0.21449704468250275,0.8537782430648804,0.31920650601387024
YOR002W,YOL012C,0,3.0066252,0.21444417536258698,0.8537782430648804,0.3193066716194153
YGL045W,YNL065W,0,3.0055637,0.2143913209438324,0.8537782430648804,0.3194068670272827
YJL013C,YBR168W,0,3.0054057,0.2143385112285614,0.8537782430648804,0.31950706243515015
YDR256C,YDR276C,0,3.005307,0.2142857164144516,0.8537782430648804,0.3196072578430176
YHR033W,YGR083C,0,3.0046887,0.21423295140266418,0.8537782430648804,0.319707453250885
YKL016C,YGR170W,0,3.0042984,0.21418020129203796,0.8537782430648804,0.31980764865875244
YDR213W,YHR154W,0,3.004206,0.21412749588489532,0.8537782430648804,0.3199078142642975
YDR007W,YDR350C,0,3.0038166,0.21407480537891388,0.8537782430648804,0.3200080096721649
YGL115W,YDR087C,0,3.0032396,0.21402214467525482,0.8537782430648804,0.32010820508003235
YLR417W,YKL058W,0,3.0031974,0.21396949887275696,0.8537782430648804,0.3202084004878998
YDL003W,YNL076W,0,3.0022476,0.21391689777374268,0.8537782430648804,0.3203085958957672
YGR099W,YPL262W,0,3.0020602,0.2138643115758896,0.8537782430648804,0.32040879130363464
YJL174W,YJL096W,0,3.0015488,0.2138117402791977,0.8537782430648804,0.3205089569091797
YCL044C,YFR030W,0,3.0011058,0.21375921368598938,0.8537782430648804,0.3206091523170471
YBR078W,YBR248C,0,3.0007744,0.21370670199394226,0.8537782430648804,0.32070934772491455
YDR517W,YIL018W,0,2.9999762,0.21365422010421753,0.8537782430648804,0.320809543132782
YOR359W,YGL045W,0,2.9993439,0.21360176801681519,0.8537782430648804,0.3209097385406494
YDL064W,YJL149W,1,2.998909,0.2137947976589203,0.8547595739364624,0.3209097385406494
YNL194C,YJL197W,0,2.9988089,0.21374233067035675,0.8547595739364624,0.32100990414619446
YKR095W,YNR037C,0,2.9987285,0.2136898934841156,0.8547595739364624,0.3211100995540619
YGL092W,YDR439W,0,2.9987206,0.21363747119903564,0.8547595739364624,0.3212102949619293
YBR029C,YIL087C,0,2.9980555,0.21358509361743927,0.8547595739364624,0.32131049036979675
YLL048C,YDL046W,0,2.9977584,0.2135327309370041,0.8547595739364624,0.3214106857776642
YBR211C,YDR468C,0,2.9973044,0.2134803980588913,0.8547595739364624,0.3215108811855316
YOR227W,YHR194W,0,2.9959254,0.2134280800819397,0.8547595739364624,0.32161104679107666
YGR217W,YJR048W,0,2.9952776,0.21337579190731049,0.8547595739364624,0.3217112421989441
YBR046C,YMR177W,0,2.9948335,0.21332353353500366,0.8547595739364624,0.3218114376068115
YLR360W,YML047C,0,2.9947424,0.21327130496501923,0.8547595739364624,0.32191163301467896
YBL005W,YIL062C,0,2.9946754,0.21321909129619598,0.8547595739364624,0.3220118284225464
YCL029C,YDL091C,0,2.994145,0.21316690742969513,0.8547595739364624,0.3221120238304138
YMR156C,YER081W,0,2.9939432,0.21311475336551666,0.8547595739364624,0.32221218943595886
YBR029C,YLR167W,0,2.9936428,0.21306262910366058,0.8547595739364624,0.3223123848438263
YBL035C,YGR224W,0,2.993353,0.2130105197429657,0.8547595739364624,0.3224125802516937
YDL098C,YNL059C,0,2.993,0.2129584401845932,0.8547595739364624,0.32251277565956116
YOR117W,YER044C-A,0,2.9918265,0.2129063755273819,0.8547595739364624,0.3226129710674286
YKR089C,YGL195W,0,2.9917018,0.21285435557365417,0.8547595739364624,0.322713166475296
YBR114W,YBL008W,0,2.9914489,0.21280235052108765,0.8547595739364624,0.32281333208084106
YBR107C,YMR131C,0,2.9913366,0.2127503603696823,0.8547595739364624,0.3229135274887085
YJL212C,YNL041C,0,2.9912724,0.21269841492176056,0.8547595739364624,0.3230137228965759
YFL026W,YBL025W,0,2.9910185,0.212646484375,0.8547595739364624,0.32311391830444336
YPL234C,YML013W,0,2.9904985,0.21259458363056183,0.8547595739364624,0.3232141137123108
YMR232W,YDR516C,0,2.990166,0.21254269778728485,0.8547595739364624,0.3233143091201782
YNL247W,YGR083C,0,2.9901447,0.21249085664749146,0.8547595739364624,0.32341447472572327
YOL051W,YMR133W,0,2.98981,0.21243903040885925,0.8547595739364624,0.3235146701335907
YLR361C,YBL051C,0,2.9889002,0.21238721907138824,0.8547595739364624,0.32361486554145813
YBR279W,YDR434W,0,2.9886124,0.21233545243740082,0.8547595739364624,0.32371506094932556
YEL039C,YPL178W,0,2.9885278,0.21228370070457458,0.8547595739364624,0.323815256357193
YNL025C,YGL127C,0,2.9884963,0.21223196387290955,0.8547595739364624,0.3239154517650604
YGR235C,YNR033W,0,2.9884825,0.2121802717447281,0.8547595739364624,0.32401561737060547
YOR158W,YOL116W,0,2.988397,0.21212859451770782,0.8547595739364624,0.3241158127784729
YKR088C,YCL054W,0,2.9870877,0.21207694709300995,0.8547595739364624,0.32421600818634033
YOL061W,YKR031C,0,2.9863245,0.21202531456947327,0.8547595739364624,0.32431620359420776
YKR093W,YKR007W,0,2.9859052,0.21197371184825897,0.8547595739364624,0.3244163990020752
YOL023W,YDR438W,0,2.9858549,0.21192213892936707,0.8547595739364624,0.3245165944099426
YDR350C,YHR120W,0,2.985052,0.21187059581279755,0.8547595739364624,0.32461676001548767
YHR024C,YLR007W,0,2.984929,0.21181906759738922,0.8547595739364624,0.3247169554233551
YNL286W,YNL216W,0,2.984911,0.21176756918430328,0.8547595739364624,0.32481715083122253
YDR398W,YCL048W,0,2.9844868,0.21171608567237854,0.8547595739364624,0.32491734623908997
YML102W,YOR319W,0,2.9839602,0.21166464686393738,0.8547595739364624,0.3250175416469574
YDR381W,YBR180W,0,2.9838421,0.2116132229566574,0.8547595739364624,0.32511773705482483
YPR007C,YDR005C,0,2.9837317,0.21156181395053864,0.8547595739364624,0.3252179026603699
YJL059W,YHR080C,0,2.9834304,0.21151043474674225,0.8547595739364624,0.3253180980682373
YPR106W,YNR038W,0,2.9826612,0.21145908534526825,0.8547595739364624,0.32541829347610474
YKR078W,YDL100C,0,2.9824667,0.21140776574611664,0.8547595739364624,0.32551848888397217
YKL010C,YPL065W,1,2.9811459,0.21159912645816803,0.8557409048080444,0.32551848888397217
YGR024C,YEL024W,0,2.9802895,0.21154779195785522,0.8557409048080444,0.3256186842918396
YPL209C,YHR113W,0,2.9797847,0.2114964872598648,0.8557409048080444,0.32571887969970703
YDR235W,YDR122W,0,2.978828,0.21144519746303558,0.8557409048080444,0.3258190453052521
YDR407C,YNL176C,0,2.9786282,0.21139393746852875,0.8557409048080444,0.3259192407131195
YPL021W,YPR086W,0,2.9784636,0.2113427072763443,0.8557409048080444,0.32601943612098694
YBR046C,YIL005W,0,2.978439,0.21129149198532104,0.8557409048080444,0.32611963152885437
YHR073W,YHR197W,0,2.977991,0.21124030649662018,0.8557409048080444,0.3262198269367218
YHR204W,YDR292C,0,2.9773471,0.2111891508102417,0.8557409048080444,0.32632002234458923
YFL061W,YDL134C,0,2.9771278,0.21113801002502441,0.8557409048080444,0.3264201879501343
YDR437W,YER167W,0,2.9770365,0.21108689904212952,0.8557409048080444,0.3265203833580017
YDL098C,YIL009W,0,2.9770155,0.211035817861557,0.8557409048080444,0.32662057876586914
YIL017C,YPL176C,1,2.9767306,0.2112267166376114,0.8567222952842712,0.32662057876586914
YPL171C,YDR328C,0,2.974763,0.21117562055587769,0.8567222952842712,0.3267207741737366
YER176W,YER167W,0,2.974217,0.21112453937530518,0.8567222952842712,0.326820969581604
YDR510W,YPL176C,1,2.9741645,0.21131527423858643,0.8577036261558533,0.326820969581604
YNL156C,YKL032C,0,2.9741535,0.2112642079591751,0.8577036261558533,0.32692116498947144
YGL067W,YPL156C,0,2.9740744,0.2112131416797638,0.8577036261558533,0.3270213305950165
YHR122W,YLR189C,0,2.9736145,0.21116212010383606,0.8577036261558533,0.3271215260028839
YKR099W,YMR156C,0,2.9732442,0.21111111342906952,0.8577036261558533,0.32722172141075134
YER177W,YML133C,0,2.9731216,0.21106013655662537,0.8577036261558533,0.3273219168186188
YDR287W,YIL009W,0,2.9722466,0.2110091745853424,0.8577036261558533,0.3274221122264862
YNL145W,YOR068C,0,2.9719825,0.21095824241638184,0.8577036261558533,0.32752227783203125
YGR217W,YPL140C,0,2.971976,0.21090734004974365,0.8577036261558533,0.3276224732398987
YCR107W,YLR234W,0,2.971572,0.21085645258426666,0.8577036261558533,0.3277226686477661
YPL207W,YNR055C,0,2.9712024,0.21080559492111206,0.8577036261558533,0.32782286405563354
YIL156W,YLL016W,0,2.9710271,0.21075476706027985,0.8577036261558533,0.327923059463501
YKL141W,YLR417W,0,2.9709966,0.21070395410060883,0.8577036261558533,0.3280232548713684
YLR352W,YPR133C,0,2.9707658,0.2106531709432602,0.8577036261558533,0.32812342047691345
YBR069C,YPL021W,0,2.9702418,0.21060240268707275,0.8577036261558533,0.3282236158847809
YOR316C,YNL176C,0,2.9694214,0.2105516791343689,0.8577036261558533,0.3283238112926483
YPL140C,YLR001C,0,2.9691553,0.21050097048282623,0.8577036261558533,0.32842400670051575
YNL051W,YCR035C,0,2.9683077,0.21045027673244476,0.8577036261558533,0.3285242021083832
YFL025C,YML088W,1,2.9672422,0.2106403410434723,0.8586849570274353,0.3285242021083832
YCL044C,YOR249C,1,2.9672203,0.21083033084869385,0.8596663475036621,0.3285242021083832
YOL154W,YCR005C,0,2.9668465,0.2107795923948288,0.8596663475036621,0.3286243975162506
YDR284C,YKL005C,0,2.966784,0.21072888374328613,0.8596663475036621,0.32872456312179565
YHR139C,YNL065W,0,2.9665682,0.21067820489406586,0.8596663475036621,0.3288247585296631
YGR254W,YER040W,0,2.9658804,0.21062755584716797,0.8596663475036621,0.3289249539375305
YDR375C,YHR114W,0,2.965544,0.21057692170143127,0.8596663475036621,0.32902514934539795
YDL209C,YDR080W,0,2.9648945,0.21052631735801697,0.8596663475036621,0.3291253447532654
YNL233W,YGR094W,0,2.964781,0.21047572791576385,0.8596663475036621,0.3292255401611328
YER033C,YLR068W,0,2.9646168,0.21042516827583313,0.8596663475036621,0.32932570576667786
YNL103W,YIL120W,0,2.9644022,0.2103746384382248,0.8596663475036621,0.3294259011745453
YPL120W,YOR357C,0,2.9643307,0.21032412350177765,0.8596663475036621,0.3295260965824127
YLR189C,YBR301W,0,2.9640214,0.2102736383676529,0.8596663475036621,0.32962629199028015
YBR189W,YNL173C,0,2.9637368,0.21022318303585052,0.8596663475036621,0.3297264873981476
YGL126W,YDL154W,0,2.9636633,0.21017274260520935,0.8596663475036621,0.329826682806015
YPL140C,YKL132C,0,2.9625936,0.21012233197689056,0.8596663475036621,0.32992684841156006
YCR086W,YNL278W,0,2.9620614,0.21007193624973297,0.8596663475036621,0.3300270438194275
YGL025C,YPR148C,0,2.9616385,0.21002157032489777,0.8596663475036621,0.3301272392272949
YOR250C,YHR118C,0,2.9616332,0.20997123420238495,0.8596663475036621,0.33022743463516235
YDR127W,YOR316C,0,2.9613132,0.20992091298103333,0.8596663475036621,0.3303276300430298
YLL024C,YOR363C,0,2.9611926,0.2098706215620041,0.8596663475036621,0.3304278254508972
YNL145W,YOL011W,0,2.960865,0.20982035994529724,0.8596663475036621,0.33052799105644226
YJL089W,YOR113W,0,2.960766,0.2097701132297516,0.8596663475036621,0.3306281864643097
YOR262W,YDR004W,0,2.960334,0.20971989631652832,0.8596663475036621,0.3307283818721771
YDL072C,YJL197W,0,2.9602137,0.20966969430446625,0.8596663475036621,0.33082857728004456
YBR295W,YBL014C,0,2.9601336,0.20961952209472656,0.8596663475036621,0.330928772687912
YOR193W,YKL196C,0,2.960064,0.20956937968730927,0.8596663475036621,0.3310289680957794
YKL026C,YHR193C,0,2.959701,0.20951925218105316,0.8596663475036621,0.33112913370132446
YMR009W,YBL051C,0,2.95949,0.20946915447711945,0.8596663475036621,0.3312293291091919
YGL058W,YFL025C,1,2.9594202,0.20965814590454102,0.8606476783752441,0.3312293291091919
YDR292C,YKL087C,0,2.958952,0.2096080332994461,0.8606476783752441,0.3313295245170593
YCR045C,YBR169C,0,2.9582646,0.20955795049667358,0.8606476783752441,0.33142971992492676
YOR018W,YGL126W,0,2.9576879,0.20950788259506226,0.8606476783752441,0.3315299153327942
YBR065C,YFL011W,0,2.9575512,0.20945784449577332,0.8606476783752441,0.3316301107406616
YLR039C,YGL045W,0,2.9574604,0.20940783619880676,0.8606476783752441,0.33173027634620667
YPL115C,YKL149C,0,2.9572225,0.2093578428030014,0.8606476783752441,0.3318304717540741
YOL051W,YLR323C,0,2.9567235,0.20930787920951843,0.8606476783752441,0.33193066716194153
YKL026C,YER102W,0,2.9562826,0.20925793051719666,0.8606476783752441,0.33203086256980896
YLR284C,YKL040C,0,2.956263,0.20920801162719727,0.8606476783752441,0.3321310579776764
YGR193C,YDR244W,0,2.9559114,0.20915812253952026,0.8606476783752441,0.3322312533855438
YLR006C,YPL215W,0,2.955422,0.20910824835300446,0.8606476783752441,0.33233141899108887
YPL203W,YDR178W,0,2.9552078,0.20905840396881104,0.8606476783752441,0.3324316143989563
YNL103W,YJL186W,0,2.9548726,0.2090085744857788,0.8606476783752441,0.33253180980682373
YHR150W,YOR341W,0,2.954817,0.20895877480506897,0.8606476783752441,0.33263200521469116
YER179W,YBL047C,0,2.9543533,0.20890900492668152,0.8606476783752441,0.3327322006225586
YCR045C,YOR271C,0,2.9537377,0.20885924994945526,0.8606476783752441,0.332832396030426
YNL031C,YKL077W,0,2.952942,0.2088095247745514,0.8606476783752441,0.33293256163597107
YLR102C,YBR015C,0,2.951785,0.20875981450080872,0.8606476783752441,0.3330327570438385
YPR161C,YIL033C,0,2.951764,0.20871013402938843,0.8606476783752441,0.33313295245170593
YNL041C,YNL288W,0,2.9515681,0.20866048336029053,0.8606476783752441,0.33323314785957336
YDR363W-A,YKL090W,1,2.9514847,0.2088487148284912,0.861629068851471,0.33323314785957336
YLR118C,YOR132W,0,2.95117,0.20879904925823212,0.861629068851471,0.3333333432674408
YDR145W,YJL058C,0,2.9503968,0.20874939858913422,0.861629068851471,0.33343350887298584
YCR065W,YNR033W,0,2.9498482,0.2086997926235199,0.861629068851471,0.33353370428085327
YOR011W,YDR261C,0,2.9496586,0.20865018665790558,0.861629068851471,0.3336338996887207
YIL007C,YLR131C,0,2.9491463,0.20860061049461365,0.861629068851471,0.33373409509658813
YIL119C,YML055W,0,2.949082,0.2085510641336441,0.861629068851471,0.33383429050445557
YOL121C,YOR136W,0,2.9481835,0.20850154757499695,0.861629068851471,0.333934485912323
YKR096W,YJL013C,0,2.9480233,0.208452045917511,0.861629068851471,0.33403465151786804
YPL115C,YOR156C,0,2.9473712,0.20840255916118622,0.861629068851471,0.3341348469257355
YDR437W,YHL021C,0,2.9471877,0.20835310220718384,0.861629068851471,0.3342350423336029
YGL058W,YER060W-A,0,2.9468298,0.20830367505550385,0.861629068851471,0.33433523774147034
YMR081C,YFR049W,0,2.9464922,0.20825426280498505,0.861629068851471,0.33443543314933777
YMR232W,YDR406W,0,2.9462316,0.20820488035678864,0.861629068851471,0.3345356285572052
YML045W,YKL079W,0,2.9461093,0.2081555277109146,0.861629068851471,0.33463579416275024
YDL230W,YPL179W,0,2.9459872,0.20810618996620178,0.861629068851471,0.3347359895706177
YLR085C,YLR426W,0,2.945601,0.20805686712265015,0.861629068851471,0.3348361849784851
YDR397C,YKL081W,0,2.9447367,0.2080075740814209,0.861629068851471,0.33493638038635254
YKL062W,YPL097W,0,2.944562,0.20795831084251404,0.861629068851471,0.33503657579421997
YHL011C,YBR169C,0,2.9444866,0.20790906250476837,0.861629068851471,0.3351367712020874
YDR040C,YMR091C,0,2.9443789,0.2078598439693451,0.861629068851471,0.33523693680763245
YML081W,YKL040C,0,2.9436688,0.2078106552362442,0.861629068851471,0.3353371322154999
YMR232W,YDR427W,0,2.9423923,0.2077614814043045,0.861629068851471,0.3354373276233673
YCR021C,YKL099C,0,2.9422028,0.207712322473526,0.861629068851471,0.33553752303123474
YHR110W,YNL240C,0,2.9412453,0.20766319334506989,0.861629068851471,0.3356377184391022
YLR367W,YBR060C,0,2.9392827,0.20761409401893616,0.861629068851471,0.3357379138469696
YDR516C,YLR299W,0,2.9391603,0.20756500959396362,0.861629068851471,0.33583807945251465
YBR212W,YGR094W,0,2.9390483,0.20751595497131348,0.861629068851471,0.3359382748603821
YPR154W,YPR155C,0,2.9389968,0.20746691524982452,0.861629068851471,0.3360384702682495
YOR192C,YLR345W,0,2.9378972,0.20741790533065796,0.861629068851471,0.33613866567611694
YFR010W,YEL027W,0,2.9375367,0.20736892521381378,0.861629068851471,0.3362388610839844
YLL016W,YCL051W,0,2.936862,0.2073199599981308,0.861629068851471,0.3363390564918518
YIL144W,YMR242C,0,2.9365354,0.207271009683609,0.861629068851471,0.33643922209739685
YKL014C,YDL018C,0,2.9359038,0.2072220891714096,0.861629068851471,0.3365394175052643
YIL052C,YLR417W,0,2.93574,0.2071731984615326,0.861629068851471,0.3366396129131317
YGR204W,YMR215W,0,2.9353437,0.20712432265281677,0.861629068851471,0.33673980832099915
YDR409W,YBR217W,1,2.9346502,0.20731131732463837,0.862610399723053,0.33673980832099915
YIL144W,YLR466W,0,2.9346223,0.20726244151592255,0.862610399723053,0.3368400037288666
YML067C,YOR260W,0,2.934622,0.20721358060836792,0.862610399723053,0.336940199136734
YDR398W,YOL078W,0,2.9345448,0.2071647346019745,0.862610399723053,0.33704036474227905
YLR067C,YDR179C,0,2.934329,0.20711593329906464,0.862610399723053,0.3371405601501465
YHR165C,YHR080C,0,2.9333663,0.20706713199615479,0.862610399723053,0.3372407555580139
YLR361C,YEL024W,0,2.933191,0.20701837539672852,0.862610399723053,0.33734095096588135
YLL024C,YMR230W,0,2.933175,0.20696961879730225,0.862610399723053,0.3374411463737488
YGR217W,YHR114W,0,2.9328218,0.20692090690135956,0.862610399723053,0.3375413417816162
YAL048C,YBR180W,0,2.9324841,0.20687220990657806,0.862610399723053,0.33764150738716125
YJL180C,YKL051W,0,2.9323833,0.20682352781295776,0.862610399723053,0.3377417027950287
YDR127W,YCR036W,0,2.9307506,0.20677487552165985,0.862610399723053,0.3378418982028961
YBL007C,YOL009C,0,2.9304674,0.20672625303268433,0.862610399723053,0.33794209361076355
YDR075W,YBR301W,0,2.9295733,0.20667764544487,0.862610399723053,0.338042289018631
YHR073W,YHR120W,0,2.9291961,0.20662905275821686,0.862610399723053,0.3381424844264984
YOR254C,YNL216W,0,2.928375,0.2065804898738861,0.862610399723053,0.33824265003204346
YJR048W,YBR121C,0,2.927356,0.20653195679187775,0.862610399723053,0.3383428454399109
YER139C,YKL080W,0,2.9272332,0.20648343861103058,0.862610399723053,0.3384430408477783
YDL149W,YNL065W,0,2.9270844,0.2064349502325058,0.862610399723053,0.33854323625564575
YCR021C,YLR337C,0,2.9261503,0.2063864767551422,0.862610399723053,0.3386434316635132
YIL069C,YDL087C,0,2.9261105,0.206338033080101,0.862610399723053,0.3387436270713806
YMR091C,YBL047C,0,2.9259398,0.206289604306221,0.862610399723053,0.33884379267692566
YBL017C,YHR111W,1,2.9258764,0.20647583901882172,0.863591730594635,0.33884379267692566
YDL081C,YMR237W,0,2.9231296,0.20642739534378052,0.863591730594635,0.3389439880847931
YBR112C,YOR254C,0,2.9230766,0.2063789814710617,0.863591730594635,0.3390441834926605
YCR065W,YOR272W,0,2.9211047,0.20633059740066528,0.863591730594635,0.33914437890052795
YJR102C,YLR143W,0,2.9200497,0.20628222823143005,0.863591730594635,0.3392445743083954
YHR111W,YJR054W,0,2.9195948,0.2062338888645172,0.863591730594635,0.3393447697162628
YHR001W-A,YGR253C,0,2.9194098,0.20618556439876556,0.863591730594635,0.33944493532180786
YML021C,YDL113C,0,2.9189055,0.2061372697353363,0.863591730594635,0.3395451307296753
YJL162C,YHR122W,0,2.9187555,0.20608898997306824,0.863591730594635,0.3396453261375427
YKL194C,YGL070C,0,2.9179168,0.20604074001312256,0.863591730594635,0.33974552154541016
YLR426W,YLR292C,0,2.9176576,0.20599250495433807,0.863591730594635,0.3398457169532776
YHR190W,YOL095C,0,2.9175267,0.20594429969787598,0.863591730594635,0.33994588255882263
YKR053C,YPR175W,0,2.9172962,0.20589610934257507,0.863591730594635,0.34004607796669006
YBL013W,YLR293C,0,2.916676,0.20584794878959656,0.863591730594635,0.3401462733745575
YPR134W,YML081W,0,2.9151053,0.20579981803894043,0.863591730594635,0.3402464687824249
YER087C-B,YBR105C,1,2.9150968,0.20598550140857697,0.8645731210708618,0.3402464687824249
YKR100C,YHR037W,0,2.9146361,0.20593735575675964,0.8645731210708618,0.34034666419029236
YLR347C,YOR158W,0,2.913567,0.20588922500610352,0.8645731210708618,0.3404468595981598
YER031C,YDL230W,0,2.9127042,0.20584112405776978,0.8645731210708618,0.34054702520370483
YDL072C,YKL063C,0,2.9123964,0.20579303801059723,0.8645731210708618,0.34064722061157227
YGL142C,YPL280W,0,2.91229,0.20574498176574707,0.8645731210708618,0.3407474160194397
YNL020C,YKL138C,0,2.9121277,0.2056969404220581,0.8645731210708618,0.34084761142730713
YJL012C,YGL144C,0,2.911769,0.20564892888069153,0.8645731210708618,0.34094780683517456
YIL036W,YJR050W,0,2.911503,0.20560093224048615,0.8645731210708618,0.341048002243042
YFR016C,YML004C,0,2.9113722,0.20555296540260315,0.8645731210708618,0.34114816784858704
YHR185C,YDR292C,0,2.911366,0.20550501346588135,0.8645731210708618,0.34124836325645447
YDL235C,YMR074C,0,2.9107158,0.20545709133148193,0.8645731210708618,0.3413485586643219
YDR078C,YPR148C,0,2.9105835,0.2054091840982437,0.8645731210708618,0.34144875407218933
YDR361C,YMR009W,0,2.9104955,0.20536130666732788,0.8645731210708618,0.34154894948005676
YHR108W,YMR171C,1,2.9098172,0.20554649829864502,0.8655544519424438,0.34154894948005676
YGR099W,YNL173C,0,2.9088264,0.205498605966568,0.8655544519424438,0.3416491448879242
YJL096W,YKR100C,0,2.9079287,0.20545072853565216,0.8655544519424438,0.34174931049346924
YHR204W,YGR099W,0,2.9077308,0.20540288090705872,0.8655544519424438,0.34184950590133667
YMR322C,YNL063W,0,2.9076805,0.20535506308078766,0.8655544519424438,0.3419497013092041
YER087C-B,YLR360W,1,2.906879,0.2055400311946869,0.8665358424186707,0.3419497013092041
YMR002W,YMR074C,0,2.9068754,0.20549219846725464,0.8665358424186707,0.34204989671707153
YIL173W,YFR053C,0,2.9068546,0.20544439554214478,0.8665358424186707,0.34215009212493896
YKL145W,YGR083C,0,2.9065964,0.2053966075181961,0.8665358424186707,0.3422502875328064
YLR058C,YPR120C,0,2.905546,0.20534883439540863,0.8665358424186707,0.34235045313835144
YPL140C,YDR300C,0,2.9051208,0.20530109107494354,0.8665358424186707,0.34245064854621887
YIL106W,YEL005C,0,2.9047933,0.20525337755680084,0.8665358424186707,0.3425508439540863
YER056C,YCL054W,0,2.9040277,0.20520566403865814,0.8665358424186707,0.34265103936195374
YEL005C,YCR106W,0,2.902816,0.20515799522399902,0.8665358424186707,0.34275123476982117
YHR148W,YGL127C,0,2.902224,0.2051103413105011,0.8665358424186707,0.3428514301776886
YDR323C,YOR117W,0,2.9021978,0.20506270229816437,0.8665358424186707,0.34295159578323364
YBR173C,YKL090W,1,2.9021173,0.20524726808071136,0.8675171732902527,0.34295159578323364
YJL094C,YDR438W,0,2.9018817,0.20519962906837463,0.8675171732902527,0.3430517911911011
YOR049C,YFL049W,0,2.9017787,0.2051520049571991,0.8675171732902527,0.3431519865989685
YFL011W,YLR007W,0,2.901492,0.20510441064834595,0.8675171732902527,0.34325218200683594
YLR017W,YEL024W,0,2.9006114,0.205056831240654,0.8675171732902527,0.34335237741470337
YKR077W,YEL006W,0,2.9005623,0.20500928163528442,0.8675171732902527,0.3434525728225708
YGR060W,YDL117W,0,2.900408,0.20496174693107605,0.8675171732902527,0.34355273842811584
YDL243C,YAL026C,0,2.8998766,0.20491422712802887,0.8675171732902527,0.3436529338359833
YGR046W,YPL117C,0,2.899836,0.20486673712730408,0.8675171732902527,0.3437531292438507
YJL180C,YJL035C,0,2.8995929,0.20481927692890167,0.8675171732902527,0.34385332465171814
YOR002W,YDR019C,0,2.8987532,0.20477183163166046,0.8675171732902527,0.34395352005958557
YGL246C,YKL048C,0,2.8982513,0.20472441613674164,0.8675171732902527,0.344053715467453
YDR490C,YLR293C,0,2.8978734,0.204677015542984,0.8675171732902527,0.34415388107299805
YGL017W,YEL037C,1,2.897662,0.2048611044883728,0.8684985041618347,0.34415388107299805
YNL031C,YCL035C,0,2.8973932,0.20481370389461517,0.8684985041618347,0.3442540764808655
YHR108W,YGR266W,0,2.8970895,0.20476631820201874,0.8684985041618347,0.3443542718887329
YOR380W,YLR067C,0,2.896923,0.2047189474105835,0.8684985041618347,0.34445446729660034
YML016C,YOR357C,0,2.8968277,0.20467160642147064,0.8684985041618347,0.3445546627044678
YEL001C,YDL124W,0,2.8965034,0.20462428033351898,0.8684985041618347,0.3446548581123352
YLR017W,YHL006C,0,2.8962154,0.20457696914672852,0.8684985041618347,0.34475502371788025
YKR096W,YLR323C,0,2.895986,0.20452970266342163,0.8684985041618347,0.3448552191257477
YML100W,YML016C,0,2.895778,0.20448243618011475,0.8684985041618347,0.3449554145336151
YPL056C,YOR103C,0,2.8955176,0.20443519949913025,0.8684985041618347,0.34505560994148254
YAL048C,YNL243W,0,2.895014,0.20438799262046814,0.8684985041618347,0.34515580534935
YPL115C,YLR367W,0,2.8949127,0.20434080064296722,0.8684985041618347,0.3452560007572174
YGR097W,YDL018C,0,2.894833,0.2042936235666275,0.8684985041618347,0.34535616636276245
YKL134C,YLR247C,0,2.894765,0.20424647629261017,0.8684985041618347,0.3454563617706299
YFR014C,YDR108W,0,2.8931773,0.20419935882091522,0.8684985041618347,0.3455565571784973
YOR087W,YOR193W,0,2.8922625,0.20415225625038147,0.8684985041618347,0.34565675258636475
YPL141C,YNL059C,0,2.8921623,0.2041051685810089,0.8684985041618347,0.3457569479942322
YPR134W,YBL007C,0,2.891755,0.20405811071395874,0.8684985041618347,0.3458571434020996
YGL098W,YJL098W,0,2.8912287,0.20401106774806976,0.8684985041618347,0.34595730900764465
YLR059C,YKR077W,0,2.890937,0.20396403968334198,0.8684985041618347,0.3460575044155121
YNL132W,YMR118C,0,2.890847,0.20391705632209778,0.8684985041618347,0.3461576998233795
YJR035W,YPR131C,0,2.8907213,0.20387007296085358,0.8684985041618347,0.34625789523124695
YKR078W,YDR427W,0,2.8903499,0.20382311940193176,0.8684985041618347,0.3463580906391144
YIR019C,YMR225C,0,2.8899074,0.20377619564533234,0.8684985041618347,0.3464582562446594
YPR161C,YER038C,0,2.8891551,0.2037292867898941,0.8684985041618347,0.34655845165252686
YMR110C,YDR381W,0,2.8888576,0.20368239283561707,0.8684985041618347,0.3466586470603943
YBR153W,YCR038C,0,2.8884077,0.20363552868366241,0.8684985041618347,0.3467588424682617
YML098W,YDL012C,0,2.8883078,0.20358867943286896,0.8684985041618347,0.34685903787612915
YDR201W,YER149C,0,2.887286,0.2035418599843979,0.8684985041618347,0.3469592332839966
YIL087C,YKL196C,0,2.8867626,0.203495055437088,0.8684985041618347,0.3470593988895416
YNL181W,YBR121C,0,2.8866904,0.20344828069210052,0.8684985041618347,0.34715959429740906
YBR038W,YPL140C,0,2.8864021,0.20340152084827423,0.8684985041618347,0.3472597897052765
YGL142C,YMR158W,0,2.886076,0.20335477590560913,0.8684985041618347,0.3473599851131439
YMR261C,YIL096C,0,2.885219,0.20330806076526642,0.8684985041618347,0.34746018052101135
YKR007W,YOR158W,0,2.8842053,0.2032613754272461,0.8684985041618347,0.3475603759288788
YIL030C,YDR309C,0,2.8833356,0.20321469008922577,0.8684985041618347,0.34766054153442383
YGL067W,YNL038W,0,2.883319,0.20316804945468903,0.8684985041618347,0.34776073694229126
YNL190W,YDL220C,0,2.882813,0.20312140882015228,0.8684985041618347,0.3478609323501587
YHL017W,YGL198W,0,2.8819385,0.20307479798793793,0.8684985041618347,0.3479611277580261
YLR115W,YJL208C,0,2.88146,0.20302821695804596,0.8684985041618347,0.34806132316589355
YHR073W,YJR108W,0,2.8798742,0.20298165082931519,0.8684985041618347,0.348161518573761
YDL097C,YLR224W,1,2.8794694,0.20316441357135773,0.8694798946380615,0.348161518573761
YNL076W,YKR072C,0,2.8793995,0.20311783254146576,0.8694798946380615,0.34826168417930603
YOR192C,YGL219C,0,2.87932,0.20307128131389618,0.8694798946380615,0.34836187958717346
YIL119C,YBR003W,0,2.879303,0.2030247449874878,0.8694798946380615,0.3484620749950409
YPL225W,YNL065W,0,2.8791885,0.2029782384634018,0.8694798946380615,0.3485622704029083
YLL006W,YBR015C,0,2.879085,0.202931746840477,0.8694798946380615,0.34866246581077576
YMR076C,YDR108W,0,2.8790045,0.20288527011871338,0.8694798946380615,0.3487626612186432
YPL138C,YNL214W,0,2.8786242,0.20283882319927216,0.8694798946380615,0.34886282682418823
YGL139W,YEL032W,0,2.8774545,0.20279240608215332,0.8694798946380615,0.34896302223205566
YIL119C,YDL093W,0,2.8772423,0.20274598896503448,0.8694798946380615,0.3490632176399231
YHR169W,YNR019W,0,2.876628,0.20269961655139923,0.8694798946380615,0.3491634130477905
YOR191W,YCR016W,0,2.876285,0.20265324413776398,0.8694798946380615,0.34926360845565796
YIL037C,YJR150C,0,2.8762841,0.2026069015264511,0.8694798946380615,0.3493638038635254
YAL002W,YPR046W,0,2.876082,0.20256058871746063,0.8694798946380615,0.34946396946907043
YGR202C,YDL145C,0,2.8751864,0.20251429080963135,0.8694798946380615,0.34956416487693787
YBL038W,YIL018W,0,2.8746493,0.20246800780296326,0.8694798946380615,0.3496643602848053
YOR236W,YLR007W,0,2.8741915,0.20242175459861755,0.8694798946380615,0.34976455569267273
YLR345W,YHR157W,0,2.8731241,0.20237551629543304,0.8694798946380615,0.34986475110054016
YNL132W,YNR071C,0,2.872954,0.20232929289340973,0.8694798946380615,0.3499649465084076
YLR044C,YGL129C,0,2.8716595,0.2022830992937088,0.8694798946380615,0.35006511211395264
YMR234W,YHR001W-A,0,2.8716173,0.20223693549633026,0.8694798946380615,0.35016530752182007
YAL028W,YCL001W,0,2.8716063,0.20219078660011292,0.8694798946380615,0.3502655029296875
YDR178W,YDR257C,0,2.8714473,0.20214465260505676,0.8694798946380615,0.35036569833755493
YOL132W,YMR220W,0,2.8705273,0.2020985335111618,0.8694798946380615,0.35046589374542236
YIL043C,YMR133W,0,2.8703957,0.20205244421958923,0.8694798946380615,0.3505660891532898
YGR030C,YDR317W,0,2.868819,0.20200638473033905,0.8694798946380615,0.35066625475883484
YIL043C,YML016C,0,2.86628,0.20196034014225006,0.8694798946380615,0.35076645016670227
YJR049C,YJR027W,0,2.8659754,0.20191431045532227,0.8694798946380615,0.3508666455745697
YNL243W,YHR194W,0,2.8658578,0.20186831057071686,0.8694798946380615,0.35096684098243713
YDR463W,YML076C,0,2.8654828,0.20182232558727264,0.8694798946380615,0.35106703639030457
YDR515W,YHR170W,0,2.8647594,0.20177635550498962,0.8694798946380615,0.351167231798172
YHL031C,YDL102W,0,2.8646407,0.201730415225029,0.8694798946380615,0.35126739740371704
YJR046W,YOL078W,0,2.864178,0.20168450474739075,0.8694798946380615,0.3513675928115845
YHR205W,YJL013C,0,2.8630428,0.2016385942697525,0.8694798946380615,0.3514677882194519
YML067C,YHR111W,0,2.8621578,0.20159271359443665,0.8694798946380615,0.35156798362731934
YDR019C,YIL005W,0,2.861882,0.20154686272144318,0.8694798946380615,0.35166817903518677
YDR308C,YNR037C,0,2.8616257,0.2015010267496109,0.8694798946380615,0.3517683744430542
YLR223C,YLR220W,0,2.8614693,0.20145520567893982,0.8694798946380615,0.35186854004859924
YPR046W,YOL051W,0,2.8612092,0.20140941441059113,0.8694798946380615,0.3519687354564667
YLR075W,YGL194C,0,2.8607702,0.20136363804340363,0.8694798946380615,0.3520689308643341
YBR211C,YPL239W,0,2.8604512,0.20131787657737732,0.8694798946380615,0.35216912627220154
YEL044W,YJL196C,0,2.8603494,0.2012721449136734,0.8694798946380615,0.35226932168006897
YPR067W,YPR199C,0,2.8596165,0.20122644305229187,0.8694798946380615,0.352369487285614
YCR045C,YGL087C,0,2.859417,0.20118074119091034,0.8694798946380615,0.35246968269348145
YGR046W,YPL239W,0,2.8593225,0.2011350691318512,0.8694798946380615,0.3525698781013489
YBR279W,YJR027W,0,2.8585706,0.20108942687511444,0.8694798946380615,0.3526700735092163
YOR271C,YCL035C,0,2.8582516,0.20104379951953888,0.8694798946380615,0.35277026891708374
YOR129C,YLR323C,0,2.8574705,0.2009981870651245,0.8694798946380615,0.35287046432495117
YDR129C,YLR328W,0,2.8572476,0.20095258951187134,0.8694798946380615,0.3529706299304962
YLR277C,YJL173C,0,2.8567038,0.20090703666210175,0.8694798946380615,0.35307082533836365
YLR413W,YDR040C,0,2.8557682,0.20086148381233215,0.8694798946380615,0.3531710207462311
YDR040C,YDR303C,0,2.854775,0.20081596076488495,0.8694798946380615,0.3532712161540985
YPL168W,YBR045C,0,2.8544838,0.20077045261859894,0.8694798946380615,0.35337141156196594
YPR071W,YBL031W,0,2.853625,0.20072495937347412,0.8694798946380615,0.3534716069698334
YML031W,YHR014W,0,2.8526704,0.2006794959306717,0.8694798946380615,0.3535717725753784
YML023C,YER005W,0,2.8524773,0.20063406229019165,0.8694798946380615,0.35367196798324585
YPL072W,YMR067C,1,2.8523006,0.20081503689289093,0.8704612255096436,0.35367196798324585
YLR039C,YDR386W,0,2.8513417,0.2007695734500885,0.8704612255096436,0.3537721633911133
YLL053C,YLR435W,0,2.8500805,0.20072413980960846,0.8704612255096436,0.3538723587989807
YGR283C,YNL176C,0,2.8488505,0.2006787359714508,0.8704612255096436,0.35397255420684814
YJR035W,YNL132W,0,2.848298,0.20063334703445435,0.8704612255096436,0.3540727496147156
YLR328W,YHR106W,0,2.8472698,0.20058797299861908,0.8704612255096436,0.3541729152202606
YPR105C,YGL238W,0,2.8471315,0.200542613863945,0.8704612255096436,0.35427311062812805
YOL098C,YLR277C,0,2.8469296,0.20049728453159332,0.8704612255096436,0.3543733060359955
YAR033W,YCR035C,0,2.846467,0.20045197010040283,0.8704612255096436,0.3544735014438629
YER176W,YDR359C,0,2.846144,0.20040668547153473,0.8704612255096436,0.35457369685173035
YPL100W,YNR038W,0,2.8458128,0.20036141574382782,0.8704612255096436,0.3546738922595978
YBR054W,YDR301W,0,2.8453455,0.2003161758184433,0.8704612255096436,0.3547740578651428
YDR372C,YER109C,0,2.8452883,0.20027093589305878,0.8704612255096436,0.35487425327301025
YIL064W,YAL030W,0,2.845264,0.20022574067115784,0.8704612255096436,0.3549744486808777
YPR068C,YGL107C,0,2.8448195,0.2001805454492569,0.8704612255096436,0.3550746440887451
YDL098C,YLR055C,0,2.8447165,0.20013538002967834,0.8704612255096436,0.35517483949661255
YLR417W,YGL167C,0,2.8442254,0.200090229511261,0.8704612255096436,0.35527503490448
YHL028W,YOR249C,0,2.8438807,0.20004510879516602,0.8704612255096436,0.355375200510025
YGL192W,YJL001W,0,2.843703,0.20000000298023224,0.8704612255096436,0.35547539591789246
YPL198W,YNL081C,0,2.8435578,0.19995491206645966,0.8704612255096436,0.3555755913257599
YNR032C-A,YPL003W,1,2.8435216,0.2001352310180664,0.8714426159858704,0.3555755913257599
YDR513W,YDR412W,0,2.8434951,0.20009012520313263,0.8714426159858704,0.3556757867336273
YDR092W,YOL059W,0,2.8430767,0.20004504919052124,0.8714426159858704,0.35577598214149475
YLR324W,YPL262W,0,2.84276,0.20000000298023224,0.8714426159858704,0.3558761775493622
YGR205W,YOR117W,0,2.842624,0.19995497167110443,0.8714426159858704,0.3559763431549072
YMR063W,YLR288C,0,2.8424425,0.19990995526313782,0.8714426159858704,0.35607653856277466
YER007C-A,YMR313C,0,2.8422499,0.1998649537563324,0.8714426159858704,0.3561767339706421
YDR256C,YNR032C-A,0,2.8419485,0.19981998205184937,0.8714426159858704,0.3562769293785095
YBL087C,YDR280W,0,2.841406,0.19977502524852753,0.8714426159858704,0.35637712478637695
YDL098C,YNR030W,0,2.841125,0.19973009824752808,0.8714426159858704,0.3564773201942444
YJR123W,YLR337C,0,2.841,0.19968518614768982,0.8714426159858704,0.35657748579978943
YPR114W,YER060W,0,2.8406339,0.19964028894901276,0.8714426159858704,0.35667768120765686
YGR142W,YHR020W,0,2.8405771,0.19959542155265808,0.8714426159858704,0.3567778766155243
YNL212W,YAL058W,1,2.8405695,0.19977527856826782,0.8724239468574524,0.3567778766155243
YNL328C,YNL041C,0,2.8403533,0.19973039627075195,0.8724239468574524,0.3568780720233917
YER056C,YMR110C,0,2.839643,0.19968552887439728,0.8724239468574524,0.35697826743125916
YMR048W,YAR009C,0,2.8387303,0.199640691280365,0.8724239468574524,0.3570784628391266
YHR118C,YNL055C,0,2.8386946,0.1995958685874939,0.8724239468574524,0.35717862844467163
YOR267C,YMR105C,0,2.83851,0.199551060795784,0.8724239468574524,0.35727882385253906
YGR007W,YDL223C,0,2.838036,0.19950628280639648,0.8724239468574524,0.3573790192604065
YLR442C,YDR244W,0,2.8372343,0.19946151971817017,0.8724239468574524,0.3574792146682739
YPL215W,YIL030C,0,2.8371248,0.19941677153110504,0.8724239468574524,0.35757941007614136
YMR009W,YBR060C,0,2.8365908,0.1993720531463623,0.8724239468574524,0.3576796054840088
YDR002W,YLR323C,0,2.8355527,0.19932734966278076,0.8724239468574524,0.35777977108955383
YKR053C,YAL051W,0,2.8352532,0.1992826759815216,0.8724239468574524,0.35787996649742126
YDR343C,YDL145C,0,2.8350391,0.19923801720142365,0.8724239468574524,0.3579801619052887
YHL031C,YDL154W,0,2.833963,0.19919337332248688,0.8724239468574524,0.35808035731315613
YCR086W,YDL100C,0,2.833443,0.1991487443447113,0.8724239468574524,0.35818055272102356
YIL106W,YJR049C,0,2.833228,0.19910414516925812,0.8724239468574524,0.358280748128891
YAL056W,YPL193W,0,2.832489,0.19905956089496613,0.8724239468574524,0.35838091373443604
YOR380W,YBL035C,0,2.8323767,0.19901499152183533,0.8724239468574524,0.35848110914230347
YLR037C,YEL039C,0,2.8314962,0.19897045195102692,0.8724239468574524,0.3585813045501709
YKL002W,YNL068C,0,2.8313122,0.1989259272813797,0.8724239468574524,0.35868149995803833
YLR185W,YPL105C,0,2.8311522,0.19888143241405487,0.8724239468574524,0.35878169536590576
YJL069C,YJL208C,0,2.8307505,0.19883695244789124,0.8724239468574524,0.3588818609714508
YJL181W,YCL051W,0,2.8302002,0.1987924873828888,0.8724239468574524,0.35898205637931824
YPL116W,YER123W,0,2.8301716,0.19874803721904755,0.8724239468574524,0.35908225178718567
YAL011W,YBR049C,0,2.829768,0.1987036168575287,0.8724239468574524,0.3591824471950531
YJL013C,YNL133C,0,2.8297608,0.19865921139717102,0.8724239468574524,0.35928264260292053
YIL156W,YHR080C,0,2.829747,0.19861483573913574,0.8724239468574524,0.35938283801078796
YBR218C,YIL009W,0,2.8288584,0.19857047498226166,0.8724239468574524,0.359483003616333
YOR189W,YFR016C,0,2.8281815,0.19852612912654877,0.8724239468574524,0.35958319902420044
YML013W,YPL056C,0,2.8279278,0.19848179817199707,0.8724239468574524,0.35968339443206787
YCR045C,YPR086W,0,2.8275666,0.19843749701976776,0.8724239468574524,0.3597835898399353
YNL062C,YGR044C,0,2.8273826,0.19839321076869965,0.8724239468574524,0.35988378524780273
YOL023W,YCL048W,0,2.8268523,0.19834895431995392,0.8724239468574524,0.35998398065567017
YJL179W,YDR257C,0,2.826478,0.19830471277236938,0.8724239468574524,0.3600841462612152
YBR248C,YBR060C,0,2.8260586,0.19826048612594604,0.8724239468574524,0.36018434166908264
YIL036W,YHL028W,0,2.825992,0.1982162743806839,0.8724239468574524,0.3602845370769501
YPL183C,YDL012C,0,2.825913,0.19817209243774414,0.8724239468574524,0.3603847324848175
YHR103W,YMR275C,0,2.8258069,0.19812792539596558,0.8724239468574524,0.36048492789268494
YNL137C,YDR325W,0,2.825468,0.1980837732553482,0.8724239468574524,0.36058512330055237
YML127W,YMR156C,0,2.825069,0.19803965091705322,0.8724239468574524,0.3606852889060974
YDL091C,YDL012C,0,2.8246665,0.19799554347991943,0.8724239468574524,0.36078548431396484
YER040W,YPR017C,0,2.8244965,0.19795146584510803,0.8724239468574524,0.3608856797218323
YHR201C,YPL225W,0,2.823272,0.19790738821029663,0.8724239468574524,0.3609858751296997
YAL059W,YGR161C,0,2.823215,0.19786334037780762,0.8724239468574524,0.36108607053756714
YGL189C,YCR105W,0,2.8227706,0.1978193074464798,0.8724239468574524,0.36118626594543457
YDR517W,YEL006W,0,2.8217037,0.19777530431747437,0.8724239468574524,0.3612864315509796
YPR173C,YPL254W,0,2.8213916,0.19773131608963013,0.8724239468574524,0.36138662695884705
YNL199C,YHR096C,0,2.820231,0.19768734276294708,0.8724239468574524,0.3614868223667145
YDL175C,YIL130W,0,2.8197525,0.19764339923858643,0.8724239468574524,0.3615870177745819
YJL110C,YER139C,0,2.8194754,0.19759947061538696,0.8724239468574524,0.36168721318244934
YOR335C,YHR080C,0,2.8186588,0.1975555568933487,0.8724239468574524,0.3617874085903168
YNL286W,YOR019W,0,2.818638,0.19751165807247162,0.8724239468574524,0.3618875741958618
YDR513W,YKL197C,0,2.8185523,0.19746778905391693,0.8724239468574524,0.36198776960372925
YDR111C,YNL294C,0,2.8174272,0.19742393493652344,0.8724239468574524,0.3620879650115967
YLR352W,YHR190W,0,2.817121,0.19738011062145233,0.8724239468574524,0.3621881604194641
YER044C-A,YDR092W,0,2.8165112,0.19733628630638123,0.8724239468574524,0.36228835582733154
YGR178C,YER038C,0,2.816102,0.1972924917936325,0.8724239468574524,0.362388551235199
YPL105C,YNL055C,0,2.8156636,0.19724872708320618,0.8724239468574524,0.362488716840744
YGR082W,YAL028W,0,2.8150706,0.19720496237277985,0.8724239468574524,0.36258891224861145
YOR193W,YBL008W,0,2.8150427,0.1971612274646759,0.8724239468574524,0.3626891076564789
YIL156W,YOR271C,0,2.8147206,0.19711752235889435,0.8724239468574524,0.3627893030643463
YML101C,YNL062C,0,2.814238,0.1970738172531128,0.8724239468574524,0.36288949847221375
YKR077W,YLR068W,0,2.8142056,0.19703014194965363,0.8724239468574524,0.3629896938800812
YKL155C,YER071C,0,2.8141818,0.19698648154735565,0.8724239468574524,0.3630898594856262
YLR181C,YKL032C,0,2.8136225,0.19694285094738007,0.8724239468574524,0.36319005489349365
YDR108W,YBR049C,0,2.813011,0.19689922034740448,0.8724239468574524,0.3632902503013611
YDR350C,YNR030W,0,2.812224,0.19685561954975128,0.8724239468574524,0.3633904457092285
YNL041C,YHL035C,0,2.8120222,0.19681204855442047,0.8724239468574524,0.36349064111709595
YML061C,YNR033W,0,2.8113067,0.19676847755908966,0.8724239468574524,0.3635908365249634
YOL061W,YBR180W,0,2.8104978,0.19672493636608124,0.8724239468574524,0.3636910021305084
YDL220C,YDL117W,0,2.810337,0.196681410074234,0.8724239468574524,0.36379119753837585
YBR107C,YDR002W,0,2.8099246,0.19663791358470917,0.8724239468574524,0.3638913929462433
YLR345W,YNL251C,0,2.8092709,0.19659443199634552,0.8724239468574524,0.3639915883541107
YDR188W,YOL095C,0,2.806765,0.19655096530914307,0.8724239468574524,0.36409178376197815
YKR100C,YNL029C,0,2.80674,0.1965075135231018,0.8724239468574524,0.3641919791698456
YNL328C,YIL144W,0,2.8059468,0.19646409153938293,0.8724239468574524,0.3642921447753906
YGL196W,YNL180C,0,2.8044257,0.19642068445682526,0.8724239468574524,0.36439234018325806
YDR002W,YHR157W,0,2.8028314,0.19637729227542877,0.8724239468574524,0.3644925355911255
YMR243C,YER033C,0,2.8023043,0.19633391499519348,0.8724239468574524,0.3645927309989929
YGR224W,YJL003W,0,2.8020859,0.19629056751728058,0.8724239468574524,0.36469292640686035
YLL067C,YER081W,0,2.8018208,0.19624723494052887,0.8724239468574524,0.3647930920124054
YBR046C,YAR042W,0,2.8010445,0.19620393216609955,0.8724239468574524,0.3648932874202728
YOR189W,YLR292C,0,2.80082,0.19616062939167023,0.8724239468574524,0.36499348282814026
YDR201W,YJL045W,0,2.800261,0.1961173564195633,0.8724239468574524,0.3650936782360077
YAL059W,YNR037C,0,2.8001175,0.19607411324977875,0.8724239468574524,0.3651938736438751
YGL189C,YPR097W,0,2.7998524,0.1960308700799942,0.8724239468574524,0.36529406905174255
YOR002W,YKL029C,0,2.799457,0.19598765671253204,0.8724239468574524,0.3653942346572876
YDL135C,YFR034C,0,2.7989922,0.19594445824623108,0.8724239468574524,0.36549443006515503
YDR189W,YHR194W,0,2.7989066,0.1959012746810913,0.8724239468574524,0.36559462547302246
YHR024C,YLR337C,0,2.7978845,0.19585812091827393,0.8724239468574524,0.3656948208808899
YPL168W,YHR170W,0,2.7974896,0.19581498205661774,0.8724239468574524,0.3657950162887573
YEL001C,YGL093W,0,2.7968342,0.19577185809612274,0.8724239468574524,0.36589521169662476
YGR217W,YDR217C,0,2.7964964,0.19572874903678894,0.8724239468574524,0.3659953773021698
YBL100W-B,YOR086C,0,2.7959409,0.19568566977977753,0.8724239468574524,0.36609557271003723
YKL006C-A,YOR110W,0,2.7951312,0.1956426054239273,0.8724239468574524,0.36619576811790466
YFR024C-A,YPL254W,0,2.7948937,0.19559955596923828,0.8724239468574524,0.3662959635257721
YHR205W,YGL061C,0,2.7948003,0.19555653631687164,0.8724239468574524,0.3663961589336395
YOR034C,YGL064C,0,2.7946384,0.1955135315656662,0.8724239468574524,0.36649635434150696
YGR202C,YBR153W,0,2.7946239,0.19547054171562195,0.8724239468574524,0.366596519947052
YLR118C,YKL150W,0,2.7945218,0.1954275667667389,0.8724239468574524,0.36669671535491943
YPL138C,YDR111C,0,2.794312,0.19538462162017822,0.8724239468574524,0.36679691076278687
YLR083C,YMR015C,0,2.7941146,0.19534167647361755,0.8724239468574524,0.3668971061706543
YNL194C,YJL058C,0,2.7939854,0.19529877603054047,0.8724239468574524,0.36699730157852173
YLR411W,YKL197C,0,2.7927825,0.19525587558746338,0.8724239468574524,0.36709749698638916
YNL183C,YLR347C,0,2.7926612,0.19521300494670868,0.8724239468574524,0.3671976625919342
YGR244C,YDR217C,0,2.7916877,0.19517014920711517,0.8724239468574524,0.36729785799980164
YFL056C,YBR168W,0,2.7911084,0.19512730836868286,0.8724239468574524,0.36739805340766907
YML059C,YKL051W,0,2.790981,0.19508448243141174,0.8724239468574524,0.3674982488155365
YOR101W,YDR122W,0,2.7905211,0.195041686296463,0.8724239468574524,0.36759844422340393
YLR131C,YOR109W,0,2.7904263,0.19499890506267548,0.8724239468574524,0.36769863963127136
YOR193W,YGR245C,0,2.7903595,0.19495613873004913,0.8724239468574524,0.3677988052368164
YIL096C,YPR141C,0,2.7898903,0.19491340219974518,0.8724239468574524,0.36789900064468384
YEL039C,YDR397C,0,2.7892375,0.19487066566944122,0.8724239468574524,0.36799919605255127
YLR075W,YNL065W,0,2.7888973,0.19482795894145966,0.8724239468574524,0.3680993914604187
YDR235W,YGR083C,0,2.7887774,0.19478528201580048,0.8724239468574524,0.36819958686828613
YHL050C,YDL117W,0,2.7885356,0.1947426050901413,0.8724239468574524,0.36829978227615356
YBR272C,YNR052C,0,2.788478,0.1946999579668045,0.8724239468574524,0.3683999478816986
YHL031C,YGL238W,0,2.786894,0.1946573257446289,0.8724239468574524,0.36850014328956604
YMR215W,YHR120W,0,2.7862616,0.1946147084236145,0.8724239468574524,0.36860033869743347
YGR235C,YOR011W,0,2.785862,0.19457212090492249,0.8724239468574524,0.3687005341053009
YLR194C,YML047C,0,2.7854774,0.19452953338623047,0.8724239468574524,0.36880072951316833
YOR172W,YLR333C,0,2.7850604,0.19448699057102203,0.8724239468574524,0.36890092492103577
YOL121C,YKR034W,0,2.7847645,0.1944444477558136,0.8724239468574524,0.3690010905265808
YPR134W,YPL076W,0,2.7838025,0.19440191984176636,0.8724239468574524,0.36910128593444824
YER062C,YKL002W,0,2.7827444,0.1943594217300415,0.8724239468574524,0.3692014813423157
YDR372C,YDR078C,0,2.7823067,0.19431693851947784,0.8724239468574524,0.3693016767501831
YLL016W,YNL247W,0,2.782134,0.19427447021007538,0.8724239468574524,0.36940187215805054
YPR120C,YMR149W,0,2.7806325,0.1942320317029953,0.8724239468574524,0.36950206756591797
YOR320C,YNR024W,0,2.7799528,0.19418960809707642,0.8724239468574524,0.369602233171463
YGR017W,YDL123W,0,2.7797842,0.19414719939231873,0.8724239468574524,0.36970242857933044
YFR010W,YBR015C,0,2.7789245,0.19410480558872223,0.8724239468574524,0.3698026239871979
YPR128C,YPR141C,0,2.778547,0.19406242668628693,0.8724239468574524,0.3699028193950653
YKL150W,YOR271C,0,2.7784078,0.194020077586174,0.8724239468574524,0.37000301480293274
YGR122W,YGL240W,0,2.7783878,0.1939777433872223,0.8724239468574524,0.37010321021080017
YKR093W,YKL006C-A,0,2.7779572,0.19393542408943176,0.8724239468574524,0.3702033758163452
YDR131C,YER151C,1,2.7779193,0.19411122798919678,0.8734052777290344,0.3702033758163452
YNL251C,YJL001W,0,2.777297,0.19406890869140625,0.8734052777290344,0.37030357122421265
YPR095C,YPL135W,0,2.7770593,0.19402660429477692,0.8734052777290344,0.3704037666320801
YDR345C,YMR076C,0,2.7769818,0.19398429989814758,0.8734052777290344,0.3705039620399475
YLR131C,YLR333C,0,2.7766855,0.19394204020500183,0.8734052777290344,0.37060415744781494
YNL156C,YGL226W,0,2.7765875,0.19389978051185608,0.8734052777290344,0.3707043528556824
YOR193W,YFR049W,0,2.7756124,0.19385755062103271,0.8734052777290344,0.3708045184612274
YJR120W,YDR175C,0,2.774684,0.19381533563137054,0.8734052777290344,0.37090471386909485
YER072W,YMR149W,0,2.7746377,0.19377313554286957,0.8734052777290344,0.3710049092769623
YHL015W,YNR030W,0,2.7744737,0.19373095035552979,0.8734052777290344,0.3711051046848297
YOL084W,YGL005C,0,2.774435,0.1936887949705124,0.8734052777290344,0.37120530009269714
YPL140C,YIL011W,0,2.7741008,0.1936466544866562,0.8734052777290344,0.3713054656982422
YNR032C-A,YER072W,0,2.7734804,0.19360452890396118,0.8734052777290344,0.3714056611061096
YOR016C,YHR088W,0,2.7734106,0.19356241822242737,0.8734052777290344,0.37150585651397705
YGL246C,YGL058W,0,2.7729092,0.19352033734321594,0.8734052777290344,0.3716060519218445
YER072W,YJL127C,0,2.7724836,0.19347825646400452,0.8734052777290344,0.3717062473297119
YMR175W,YJL168C,0,2.7717261,0.19343620538711548,0.8734052777290344,0.37180644273757935
YJR131W,YNR026C,1,2.7697206,0.19361147284507751,0.8743866682052612,0.37180644273757935
YBR043C,YPR141C,0,2.769258,0.19356940686702728,0.8743866682052612,0.3719066083431244
YKL194C,YFL026W,0,2.7684753,0.19352737069129944,0.8743866682052612,0.3720068037509918
YLL018C,YDR317W,0,2.7684472,0.1934853494167328,0.8743866682052612,0.37210699915885925
YHR009C,YHR020W,0,2.7673779,0.19344332814216614,0.8743866682052612,0.3722071945667267
YPR161C,YNL214W,0,2.765703,0.19340135157108307,0.8743866682052612,0.3723073899745941
YJL059W,YLR259C,0,2.7656019,0.193359375,0.8743866682052612,0.37240758538246155
YOR068C,YBR301W,0,2.765527,0.19331742823123932,0.8743866682052612,0.3725077509880066
YPR114W,YNR053C,0,2.76528,0.19327548146247864,0.8743866682052612,0.372607946395874
YIL118W,YGL195W,0,2.7650084,0.19323356449604034,0.8743866682052612,0.37270814180374146
YKL026C,YMR205C,0,2.7643526,0.19319167733192444,0.8743866682052612,0.3728083372116089
YBR005W,YLR299W,0,2.764036,0.19314979016780853,0.8743866682052612,0.3729085326194763
YPR154W,YDR227W,0,2.7638705,0.19310793280601501,0.8743866682052612,0.37300872802734375
YMR118C,YCR063W,0,2.7634745,0.1930660903453827,0.8743866682052612,0.3731088936328888
YDR381W,YBL025W,0,2.763423,0.19302426278591156,0.8743866682052612,0.3732090890407562
YDR256C,YER179W,0,2.7633002,0.19298245012760162,0.8743866682052612,0.37330928444862366
YGR211W,YLR019W,0,2.762724,0.19294066727161407,0.8743866682052612,0.3734094798564911
YHR009C,YKL099C,0,2.7624302,0.19289889931678772,0.8743866682052612,0.3735096752643585
YKL026C,YKL048C,0,2.7616906,0.19285714626312256,0.8743866682052612,0.37360987067222595
YDR213W,YOL012C,0,2.76165,0.1928154081106186,0.8743866682052612,0.373710036277771
YIL022W,YFL005W,0,2.7603228,0.19277368485927582,0.8743866682052612,0.3738102316856384
YOR191W,YPR174C,0,2.7596152,0.19273199141025543,0.8743866682052612,0.37391042709350586
YIL056W,YLR006C,0,2.7593586,0.19269031286239624,0.8743866682052612,0.3740106225013733
YDR309C,YJR054W,0,2.758922,0.19264864921569824,0.8743866682052612,0.3741108179092407
YAL015C,YLR215C,0,2.7585692,0.19260700047016144,0.8743866682052612,0.37421101331710815
YHR088W,YNL246W,0,2.7577653,0.19256538152694702,0.8743866682052612,0.3743111789226532
YOR101W,YBL100W-B,0,2.7575083,0.1925237625837326,0.8743866682052612,0.37441137433052063
YHR035W,YHR165C,0,2.7572417,0.19248217344284058,0.8743866682052612,0.37451156973838806
YLR361C,YDR045C,0,2.7567132,0.19244059920310974,0.8743866682052612,0.3746117651462555
YDR528W,YDL149W,0,2.7566497,0.1923990547657013,0.8743866682052612,0.3747119605541229
YCR107W,YMR059W,0,2.7566,0.19235751032829285,0.8743866682052612,0.37481215596199036
YDR213W,YDR019C,0,2.7559786,0.1923159956932068,0.8743866682052612,0.3749123215675354
YIL056W,YBR101C,0,2.7557492,0.19227449595928192,0.8743866682052612,0.37501251697540283
YPL203W,YBR016W,0,2.755725,0.19223301112651825,0.8743866682052612,0.37511271238327026
YOL116W,YBR149W,0,2.7545705,0.19219154119491577,0.8743866682052612,0.3752129077911377
YDR092W,YEL019C,1,2.7543921,0.19236575067043304,0.8753679990768433,0.3752129077911377
YKL087C,YKL077W,0,2.7542095,0.19232428073883057,0.8753679990768433,0.3753131031990051
YKL141W,YDR468C,0,2.753714,0.19228282570838928,0.8753679990768433,0.37541329860687256
YIL018W,YDR005C,0,2.7535105,0.1922413855791092,0.8753679990768433,0.3755134642124176
YOR380W,YNL056W,0,2.7533627,0.1921999603509903,0.8753679990768433,0.37561365962028503
YNL036W,YMR118C,0,2.7529163,0.1921585500240326,0.8753679990768433,0.37571385502815247
YOL051W,YCR005C,0,2.7521663,0.19211716949939728,0.8753679990768433,0.3758140504360199
YDL098C,YJR050W,0,2.7513812,0.19207580387592316,0.8753679990768433,0.37591424584388733
YPR100W,YKL058W,0,2.7511075,0.19203443825244904,0.8753679990768433,0.37601444125175476
YOR260W,YKL197C,0,2.751053,0.1919931173324585,0.8753679990768433,0.3761146068572998
YKL045W,YLR277C,0,2.750858,0.19195179641246796,0.8753679990768433,0.37621480226516724
YNR032C-A,YKL063C,0,2.7500567,0.1919105052947998,0.8753679990768433,0.37631499767303467
YDR345C,YER007C-A,0,2.7500334,0.19186921417713165,0.8753679990768433,0.3764151930809021
YDR235W,YFL061W,0,2.7498875,0.1918279528617859,0.8753679990768433,0.37651538848876953
YDL209C,YLR337C,0,2.749187,0.19178670644760132,0.8753679990768433,0.37661558389663696
YHR165C,YMR041C,0,2.7491112,0.19174548983573914,0.8753679990768433,0.376715749502182
YOR262W,YPL225W,0,2.7487986,0.19170427322387695,0.8753679990768433,0.37681594491004944
YFL061W,YPL145C,0,2.7486682,0.19166308641433716,0.8753679990768433,0.37691614031791687
YOR018W,YDL119C,0,2.7484822,0.19162191450595856,0.8753679990768433,0.3770163357257843
YGR046W,YNL068C,0,2.7482421,0.19158075749874115,0.8753679990768433,0.37711653113365173
YOL069W,YPL130W,0,2.7481108,0.19153961539268494,0.8753679990768433,0.37721672654151917
YPL076W,YKL077W,0,2.7473779,0.1914985030889511,0.8753679990768433,0.3773168921470642
YLR411W,YBR065C,0,2.7473323,0.19145739078521729,0.8753679990768433,0.37741708755493164
YOR247W,YJR108W,0,2.7471385,0.19141630828380585,0.8753679990768433,0.3775172829627991
YOL023W,YLR093C,0,2.7468724,0.1913752406835556,0.8753679990768433,0.3776174783706665
YPR105C,YLL014W,0,2.7466822,0.19133418798446655,0.8753679990768433,0.37771767377853394
YNL287W,YNL278W,0,2.74578,0.1912931650876999,0.8753679990768433,0.377817839384079
YLR277C,YLR007W,0,2.745171,0.19125214219093323,0.8753679990768433,0.3779180347919464
YOR252W,YPL120W,0,2.7450395,0.19121114909648895,0.8753679990768433,0.37801823019981384
YHL017W,YDR227W,0,2.7448227,0.19117017090320587,0.8753679990768433,0.3781184256076813
YHR204W,YMR135C,1,2.7444057,0.19134347140789032,0.8763493895530701,0.3781184256076813
YPL234C,YDR308C,0,2.7435057,0.19130247831344604,0.8763493895530701,0.3782186210155487
YDR045C,YDL211C,0,2.7432823,0.19126151502132416,0.8763493895530701,0.37831881642341614
YBL100W-B,YEL044W,0,2.7430682,0.19122055172920227,0.8763493895530701,0.3784189820289612
YHR210C,YGL219C,0,2.7430491,0.19117961823940277,0.8763493895530701,0.3785191774368286
YDR361C,YMR183C,0,2.7426448,0.19113869965076447,0.8763493895530701,0.37861937284469604
YOR027W,YNL038W,0,2.742393,0.19109779596328735,0.8763493895530701,0.3787195682525635
YER028C,YCR005C,0,2.7423735,0.19105690717697144,0.8763493895530701,0.3788197636604309
YHR033W,YPR155C,0,2.742372,0.1910160481929779,0.8763493895530701,0.37891995906829834
YGR078C,YCR038C,0,2.7419949,0.19097518920898438,0.8763493895530701,0.3790201246738434
YDR217C,YBR015C,0,2.740903,0.19093436002731323,0.8763493895530701,0.3791203200817108
YGR017W,YML096W,0,2.740891,0.19089354574680328,0.8763493895530701,0.37922051548957825
YGR082W,YFR034C,0,2.7393932,0.19085274636745453,0.8763493895530701,0.3793207108974457
YAR009C,YLR190W,0,2.7383237,0.19081196188926697,0.8763493895530701,0.3794209063053131
YMR223W,YOR156C,1,2.7376378,0.1909848302602768,0.8773307204246521,0.3794209063053131
YIL137C,YNR033W,0,2.7373502,0.19094404578208923,0.8773307204246521,0.37952110171318054
YAR042W,YPL224C,0,2.7370167,0.19090326130390167,0.8773307204246521,0.3796212673187256
YLR193C,YDR372C,0,2.7369514,0.1908625066280365,0.8773307204246521,0.379721462726593
YAL056W,YMR040W,0,2.7367892,0.19082176685333252,0.8773307204246521,0.37982165813446045
YBR153W,YHR096C,0,2.7362223,0.19078105688095093,0.8773307204246521,0.3799218535423279
YNR019W,YBR180W,0,2.7351894,0.19074034690856934,0.8773307204246521,0.3800220489501953
YDR490C,YGR099W,0,2.7350357,0.19069965183734894,0.8773307204246521,0.38012224435806274
YMR063W,YNL288W,0,2.7349255,0.19065898656845093,0.8773307204246521,0.3802224099636078
YER087C-A,YDR457W,1,2.7344737,0.19083155691623688,0.8783120512962341,0.3802224099636078
YJL003W,YKR052C,0,2.7338138,0.19079087674617767,0.8783120512962341,0.3803226053714752
YHR158C,YKL029C,0,2.7333012,0.19075021147727966,0.8783120512962341,0.38042280077934265
YDR087C,YHL026C,0,2.7332556,0.19070956110954285,0.8783120512962341,0.3805229961872101
YPL126W,YMR072W,0,2.7327318,0.19066894054412842,0.8783120512962341,0.3806231915950775
YKL194C,YAL030W,0,2.7327185,0.19062833487987518,0.8783120512962341,0.38072338700294495
YNL103W,YLR299W,0,2.7325885,0.19058772921562195,0.8783120512962341,0.38082355260849
YGL058W,YLR249W,0,2.7309675,0.1905471533536911,0.8783120512962341,0.3809237480163574
YDR235W,YDL149W,0,2.7298994,0.19050659239292145,0.8783120512962341,0.38102394342422485
YPL046C,YLR224W,1,2.7297661,0.19067886471748352,0.8792934417724609,0.38102394342422485
YPR068C,YGR129W,0,2.729491,0.19063830375671387,0.8792934417724609,0.3811241388320923
YBR212W,YGR044C,0,2.7294056,0.1905977427959442,0.8792934417724609,0.3812243342399597
YPL141C,YOR380W,0,2.7282019,0.19055721163749695,0.8792934417724609,0.38132452964782715
YLR411W,YER015W,0,2.7273943,0.19051669538021088,0.8792934417724609,0.3814246952533722
YML021C,YNL038W,0,2.727334,0.190476194024086,0.8792934417724609,0.3815248906612396
YOR119C,YMR041C,0,2.7264466,0.19043570756912231,0.8792934417724609,0.38162508606910706
YMR242C,YPL156C,0,2.726071,0.19039523601531982,0.8792934417724609,0.3817252814769745
YLR143W,YOL061W,0,2.725811,0.19035479426383972,0.8792934417724609,0.3818254768848419
YJL174W,YCL067C,0,2.7252774,0.19031435251235962,0.8792934417724609,0.38192567229270935
YNL167C,YBR085W,0,2.7250683,0.1902739405632019,0.8792934417724609,0.3820258378982544
YHL017W,YER007C-A,0,2.724307,0.19023354351520538,0.8792934417724609,0.3821260333061218
YCR045C,YFR034C,0,2.7235339,0.19019316136837006,0.8792934417724609,0.38222622871398926
YER167W,YBL005W,0,2.7234998,0.19015279412269592,0.8792934417724609,0.3823264241218567
YLR390W-A,YML059C,0,2.7218788,0.19011245667934418,0.8792934417724609,0.3824266195297241
YDR092W,YNL132W,0,2.7215014,0.19007211923599243,0.8792934417724609,0.38252681493759155
YLR426W,YDR359C,0,2.721428,0.19003181159496307,0.8792934417724609,0.3826269805431366
YDR213W,YHR169W,0,2.7213569,0.1899915188550949,0.8792934417724609,0.38272717595100403
YDL230W,YER028C,0,2.721014,0.18995124101638794,0.8792934417724609,0.38282737135887146
YDR268W,YBL063W,0,2.7208471,0.18991097807884216,0.8792934417724609,0.3829275667667389
YGL189C,YDR375C,0,2.720718,0.18987073004245758,0.8792934417724609,0.3830277621746063
YOR019W,YDR244W,0,2.7206764,0.18983051180839539,0.8792934417724609,0.38312795758247375
YBL058W,YJL149W,1,2.7203135,0.19000211358070374,0.880274772644043,0.38312795758247375
YKR075C,YJR052W,0,2.7198086,0.18996188044548035,0.880274772644043,0.3832281231880188
YHR033W,YGR165W,0,2.7197728,0.18992166221141815,0.880274772644043,0.38332831859588623
YKR077W,YGR129W,0,2.7197316,0.18988145887851715,0.880274772644043,0.38342851400375366
YIL068C,YBL008W,0,2.7189276,0.18984127044677734,0.880274772644043,0.3835287094116211
YMR205C,YFL049W,0,2.7183056,0.18980109691619873,0.880274772644043,0.3836289048194885
YOL069W,YPR134W,0,2.717768,0.1897609531879425,0.880274772644043,0.38372907042503357
YHL003C,YOR359W,0,2.7170496,0.18972080945968628,0.880274772644043,0.383829265832901
YKR053C,YLR215C,0,2.7157052,0.18968069553375244,0.880274772644043,0.38392946124076843
YOR267C,YHR210C,0,2.715478,0.1896405965089798,0.880274772644043,0.38402965664863586
YPL004C,YOL042W,0,2.7153778,0.18960051238536835,0.880274772644043,0.3841298520565033
YJL089W,YFR034C,0,2.7152348,0.1895604431629181,0.880274772644043,0.3842300474643707
YHL050C,YMR237W,0,2.7149003,0.18952038884162903,0.880274772644043,0.38433021306991577
YGR078C,YNL133C,0,2.7140894,0.18948034942150116,0.880274772644043,0.3844304084777832
YKR099W,YGL049C,0,2.7134113,0.18944033980369568,0.880274772644043,0.38453060388565063
YHR006W,YDL076C,0,2.7127197,0.1894003450870514,0.880274772644043,0.38463079929351807
YPL063W,YNR052C,0,2.712551,0.1893603503704071,0.880274772644043,0.3847309947013855
YGL067W,YMR322C,0,2.7120252,0.1893203854560852,0.880274772644043,0.38483119010925293
YFL026W,YDR025W,0,2.7116356,0.1892804354429245,0.880274772644043,0.384931355714798
YNL056W,YPR199C,0,2.7108123,0.189240500330925,0.880274772644043,0.3850315511226654
YNL286W,YLR413W,0,2.7102847,0.18920059502124786,0.880274772644043,0.38513174653053284
YNR069C,YEL052W,1,2.7099314,0.18937157094478607,0.8812561631202698,0.38513174653053284
YER177W,YFR049W,0,2.7091753,0.18933165073394775,0.8812561631202698,0.38523194193840027
YLL014W,YOR259C,0,2.7090728,0.18929173052310944,0.8812561631202698,0.3853321373462677
YMR234W,YDR075W,0,2.7086818,0.1892518401145935,0.8812561631202698,0.38543233275413513
YJR048W,YJL083W,0,2.7083821,0.18921196460723877,0.8812561631202698,0.3855324983596802
YGR266W,YDL087C,0,2.7081008,0.18917210400104523,0.8812561631202698,0.3856326937675476
YPL234C,YOR172W,0,2.707808,0.18913227319717407,0.8812561631202698,0.38573288917541504
YNL318C,YNL041C,0,2.7074287,0.18909244239330292,0.8812561631202698,0.38583308458328247
YNL051W,YOL059W,0,2.706812,0.18905262649059296,0.8812561631202698,0.3859332799911499
YKR089C,YIL033C,0,2.7062893,0.18901284039020538,0.8812561631202698,0.38603347539901733
YDR412W,YJL003W,0,2.70627,0.188973069190979,0.8812561631202698,0.3861336410045624
YLR247C,YDL119C,0,2.7061877,0.18893329799175262,0.8812561631202698,0.3862338364124298
YKR088C,YPL235W,0,2.7049809,0.18889355659484863,0.8812561631202698,0.38633403182029724
YCR045C,YNL133C,0,2.7048364,0.18885384500026703,0.8812561631202698,0.3864342272281647
YKL033W,YDR437W,0,2.7044454,0.18881413340568542,0.8812561631202698,0.3865344226360321
YLR234W,YER178W,0,2.7040174,0.18877443671226501,0.8812561631202698,0.38663461804389954
YOL032W,YMR125W,0,2.7039435,0.188734769821167,0.8812561631202698,0.3867347836494446
YHR088W,YML059C,0,2.703523,0.18869510293006897,0.8812561631202698,0.386834979057312
YKR027W,YHR014W,0,2.7021265,0.18865546584129333,0.8812561631202698,0.38693517446517944
YDR004W,YFR038W,0,2.702086,0.1886158436536789,0.8812561631202698,0.3870353698730469
YJR073C,YDR482C,0,2.7018666,0.18857622146606445,0.8812561631202698,0.3871355652809143
YKL051W,YIL011W,0,2.7011192,0.1885366439819336,0.8812561631202698,0.38723576068878174
YEL027W,YBL005W,0,2.7001424,0.18849706649780273,0.8812561631202698,0.3873359262943268
YHR158C,YFL011W,0,2.6996772,0.18845750391483307,0.8812561631202698,0.3874361217021942
YPR110C,YOL011W,0,2.699079,0.1884179562330246,0.8812561631202698,0.38753631711006165
YLR258W,YNR038W,0,2.6983044,0.1883784383535385,0.8812561631202698,0.3876365125179291
YCR107W,YKL040C,0,2.696602,0.18833892047405243,0.8812561631202698,0.3877367079257965
YDR441C,YML081W,0,2.6957703,0.18829943239688873,0.8812561631202698,0.38783690333366394
YBR169C,YJR050W,0,2.695633,0.18825995922088623,0.8812561631202698,0.387937068939209
YBR130C,YNL048W,0,2.69492,0.18822050094604492,0.8812561631202698,0.3880372643470764
YPL133C,YBR060C,0,2.6943002,0.1881810575723648,0.8812561631202698,0.38813745975494385
YIL036W,YLR382C,0,2.6941319,0.1881416290998459,0.8812561631202698,0.3882376551628113
YGL092W,YFR053C,0,2.694108,0.18810221552848816,0.8812561631202698,0.3883378505706787
YCL051W,YBR180W,0,2.6937582,0.18806283175945282,0.8812561631202698,0.38843804597854614
YCR035C,YLR288C,0,2.6936834,0.18802344799041748,0.8812561631202698,0.3885382115840912
YJL127C,YML102W,0,2.6935015,0.18798409402370453,0.8812561631202698,0.3886384069919586
YDR041W,YLR093C,0,2.692782,0.18794474005699158,0.8812561631202698,0.38873860239982605
YKL045W,YOR335C,0,2.6927166,0.187905415892601,0.8812561631202698,0.3888387978076935
YML023C,YFL061W,0,2.6923306,0.18786610662937164,0.8812561631202698,0.3889389932155609
YPL234C,YER028C,0,2.6921554,0.18782681226730347,0.8812561631202698,0.38903918862342834
YOR189W,YML047C,0,2.6921272,0.18778753280639648,0.8812561631202698,0.3891393542289734
YBR086C,YGR060W,0,2.691794,0.1877482682466507,0.8812561631202698,0.3892395496368408
YER072W,YPL097W,0,2.691752,0.1877090334892273,0.8812561631202698,0.38933974504470825
YML081W,YMR205C,0,2.6906967,0.1876697987318039,0.8812561631202698,0.3894399404525757
YBR153W,YMR081C,0,2.690509,0.18763059377670288,0.8812561631202698,0.3895401358604431
YML107C,YFL061W,0,2.6888561,0.18759138882160187,0.8812561631202698,0.38964033126831055
YDR439W,YDL076C,0,2.6887248,0.18755221366882324,0.8812561631202698,0.3897404968738556
YDL247W,YGL107C,0,2.688099,0.1875130534172058,0.8812561631202698,0.389840692281723
YJR027W,YGR208W,0,2.6878357,0.18747390806674957,0.8812561631202698,0.38994088768959045
YNL164C,YLR092W,0,2.6877818,0.18743477761745453,0.8812561631202698,0.3900410830974579
YDR435C,YOR172W,0,2.6873121,0.18739566206932068,0.8812561631202698,0.3901412785053253
YIL013C,YLR293C,0,2.6871164,0.18735656142234802,0.8812561631202698,0.39024144411087036
YIL107C,YPL235W,0,2.6864376,0.18731747567653656,0.8812561631202698,0.3903416395187378
YBL087C,YER081W,0,2.6862974,0.18727841973304749,0.8812561631202698,0.3904418349266052
YJR102C,YLR315W,0,2.6862006,0.1872393637895584,0.8812561631202698,0.39054203033447266
YPL013C,YDR359C,0,2.6860964,0.18720033764839172,0.8812561631202698,0.3906422257423401
YLR247C,YKR095W,0,2.6858768,0.18716131150722504,0.8812561631202698,0.3907424211502075
YJR035W,YDR188W,0,2.6853151,0.18712231516838074,0.8812561631202698,0.39084258675575256
YHR202W,YLR181C,0,2.68461,0.18708333373069763,0.8812561631202698,0.39094278216362
YDL124W,YBR065C,0,2.6838586,0.18704436719417572,0.8812561631202698,0.3910429775714874
YDR145W,YOR011W,0,2.6837015,0.187005415558815,0.8812561631202698,0.39114317297935486
YPL176C,YDR313C,1,2.6834922,0.18717467784881592,0.8822374939918518,0.39114317297935486
YJR084W,YDR078C,0,2.6834812,0.1871357262134552,0.8822374939918518,0.3912433683872223
YJR046W,YGR122W,0,2.6833677,0.18709677457809448,0.8822374939918518,0.3913435637950897
YML107C,YDR217C,0,2.6831017,0.18705783784389496,0.8822374939918518,0.39144372940063477
YKR064W,YPR174C,0,2.682193,0.18701893091201782,0.8822374939918518,0.3915439248085022
YCL017C,YDL046W,0,2.6819992,0.18698003888130188,0.8822374939918518,0.39164412021636963
YMR230W,YDR200C,0,2.6815846,0.18694114685058594,0.8822374939918518,0.39174431562423706
YMR214W,YML013W,1,2.680497,0.18711018562316895,0.8832188248634338,0.39174431562423706
YKL185W,YBL047C,0,2.6804585,0.187071293592453,0.8832188248634338,0.3918445110321045
YDL081C,YOR341W,0,2.679747,0.18703241646289825,0.8832188248634338,0.3919447064399719
YJL174W,YGL144C,0,2.6794171,0.1869935542345047,0.8832188248634338,0.39204487204551697
YAL048C,YDR517W,0,2.6781626,0.18695472180843353,0.8832188248634338,0.3921450674533844
YLR223C,YHR110W,0,2.6770973,0.18691588938236237,0.8832188248634338,0.39224526286125183
YPR008W,YLR234W,0,2.6759684,0.1868770718574524,0.8832188248634338,0.39234545826911926
YGR122W,YBR121C,0,2.6758559,0.1868382841348648,0.8832188248634338,0.3924456536769867
YGR212W,YER041W,0,2.6756284,0.18679949641227722,0.8832188248634338,0.3925458490848541
YIL144W,YOL135C,0,2.6755748,0.18676073849201202,0.8832188248634338,0.39264601469039917
YGL142C,YER102W,0,2.6739702,0.18672199547290802,0.8832188248634338,0.3927462100982666
YJR109C,YIL018W,0,2.6732607,0.1866832673549652,0.8832188248634338,0.39284640550613403
YJL054W,YBL047C,0,2.671227,0.1866445392370224,0.8832188248634338,0.39294660091400146
YBL008W,YLR092W,0,2.6705067,0.18660584092140198,0.8832188248634338,0.3930467963218689
YNL214W,YLR413W,0,2.670418,0.18656715750694275,0.8832188248634338,0.39314699172973633
YPL179W,YDR292C,0,2.6694617,0.1865285038948059,0.8832188248634338,0.39324715733528137
YKL138C,YJR050W,0,2.6693356,0.18648985028266907,0.8832188248634338,0.3933473527431488
YLR185W,YMR177W,0,2.6681685,0.18645121157169342,0.8832188248634338,0.39344754815101624
YMR131C,YER081W,0,2.6675644,0.18641258776187897,0.8832188248634338,0.39354774355888367
YGL067W,YBR218C,0,2.6670141,0.1863739937543869,0.8832188248634338,0.3936479389667511
YGR057C,YGL195W,0,2.6670027,0.18633539974689484,0.8832188248634338,0.39374813437461853
YPR128C,YIL120W,0,2.6667295,0.18629683554172516,0.8832188248634338,0.3938482999801636
YFR027W,YPR008W,0,2.666623,0.18625827133655548,0.8832188248634338,0.393948495388031
YGL076C,YER100W,0,2.666453,0.1862197369337082,0.8832188248634338,0.39404869079589844
YAL007C,YBR094W,0,2.6661594,0.1861812174320221,0.8832188248634338,0.39414888620376587
YPL280W,YIL148W,0,2.6647916,0.1861427128314972,0.8832188248634338,0.3942490816116333
YPL140C,YDR395W,0,2.6645648,0.18610422313213348,0.8832188248634338,0.39434927701950073
YLR426W,YDL230W,0,2.663926,0.18606574833393097,0.8832188248634338,0.3944494426250458
YDL122W,YLR360W,1,2.663606,0.1862339824438095,0.8842002153396606,0.3944494426250458
YDR256C,YAL059W,0,2.6630998,0.1861954927444458,0.8842002153396606,0.3945496380329132
YHR190W,YML076C,0,2.6626587,0.1861570179462433,0.8842002153396606,0.39464983344078064
YJL047C,YML097C,1,2.6624932,0.18632513284683228,0.8851815462112427,0.39464983344078064
YNL167C,YHR035W,0,2.6620874,0.18628665804862976,0.8851815462112427,0.39475002884864807
YIR031C,YMR125W,0,2.6612544,0.18624819815158844,0.8851815462112427,0.3948502242565155
YDR054C,YLR368W,1,2.6596756,0.18641617894172668,0.8861628770828247,0.3948502242565155
YLL048C,YLR337C,0,2.6593757,0.18637770414352417,0.8861628770828247,0.39495041966438293
YER109C,YNR033W,0,2.6590033,0.18633924424648285,0.8861628770828247,0.395050585269928
YDR464W,YGL058W,0,2.6584783,0.18630079925060272,0.8861628770828247,0.3951507806777954
YGL115W,YLR384C,0,2.658168,0.1862623691558838,0.8861628770828247,0.39525097608566284
YLR352W,YDR118W,1,2.6580756,0.1864301860332489,0.8871442675590515,0.39525097608566284
YNR048W,YDL134C,0,2.6579895,0.18639175593852997,0.8871442675590515,0.3953511714935303
YFL025C,YHR171W,1,2.6575713,0.18655946850776672,0.8881255984306335,0.3953511714935303
YFR031C-A,YOL051W,0,2.6568913,0.1865210235118866,0.8881255984306335,0.3954513669013977
YDL209C,YBR193C,0,2.65618,0.18648259341716766,0.8881255984306335,0.39555156230926514
YDR190C,YLR363C,0,2.6559212,0.18644416332244873,0.8881255984306335,0.3956517279148102
YLR215C,YPR106W,0,2.6548958,0.18640576303005219,0.8881255984306335,0.3957519233226776
YOR273C,YJL003W,0,2.6545582,0.18636737763881683,0.8881255984306335,0.39585211873054504
YLR189C,YBR121C,0,2.652207,0.18632900714874268,0.8881255984306335,0.3959523141384125
YOR068C,YDR268W,0,2.6500602,0.1862906515598297,0.8881255984306335,0.3960525095462799
YML021C,YBL008W,0,2.6495037,0.18625231087207794,0.8881255984306335,0.39615270495414734
YCR065W,YLR068W,0,2.6488988,0.18621398508548737,0.8881255984306335,0.3962528705596924
YBR130C,YML133C,0,2.6483188,0.18617568910121918,0.8881255984306335,0.3963530659675598
YKL132C,YNL024C,0,2.6479783,0.186137393116951,0.8881255984306335,0.39645326137542725
YGL144C,YMR091C,0,2.6476097,0.186099112033844,0.8881255984306335,0.3965534567832947
YDR100W,YGL240W,0,2.6475277,0.1860608607530594,0.8881255984306335,0.3966536521911621
YLR037C,YBL072C,0,2.6474147,0.18602260947227478,0.8881255984306335,0.39675381779670715
YPR068C,YPR141C,0,2.6467614,0.18598438799381256,0.8881255984306335,0.3968540132045746
YAL030W,YNL063W,0,2.6466696,0.18594616651535034,0.8881255984306335,0.396954208612442
YGL144C,YGR296W,0,2.6465988,0.1859079748392105,0.8881255984306335,0.39705440402030945
YAR042W,YPL117C,0,2.646559,0.18586978316307068,0.8881255984306335,0.3971545994281769
YBL008W,YDR040C,0,2.6454425,0.18583162128925323,0.8881255984306335,0.3972547948360443
YOR019W,YDR021W,0,2.6454353,0.18579347431659698,0.8881255984306335,0.39735496044158936
YGL098W,YCL005W-A,0,2.645369,0.18575534224510193,0.8881255984306335,0.3974551558494568
YOR358W,YOR019W,0,2.645164,0.18571721017360687,0.8881255984306335,0.3975553512573242
YNR051C,YNL186W,1,2.6450105,0.1858842819929123,0.8891069889068604,0.3975553512573242
YDR268W,YGL018C,0,2.6446023,0.18584614992141724,0.8891069889068604,0.39765554666519165
YKR100C,YAL030W,0,2.6440985,0.18580803275108337,0.8891069889068604,0.3977557420730591
YNL056W,YNL023C,0,2.6437442,0.1857699453830719,0.8891069889068604,0.3978559374809265
YDR009W,YDR078C,0,2.6432347,0.18573185801506042,0.8891069889068604,0.39795610308647156
YHR088W,YIL033C,0,2.643135,0.18569378554821014,0.8891069889068604,0.398056298494339
YML081W,YDR190C,0,2.6426525,0.18565574288368225,0.8891069889068604,0.3981564939022064
YPL248C,YDR359C,0,2.642177,0.18561770021915436,0.8891069889068604,0.39825668931007385
YER177W,YNL164C,0,2.641729,0.18557968735694885,0.8891069889068604,0.3983568847179413
YNL025C,YBR015C,0,2.641386,0.18554167449474335,0.8891069889068604,0.3984570801258087
YDL149W,YPL049C,0,2.6411238,0.18550369143486023,0.8891069889068604,0.39855724573135376
YPL209C,YJL162C,0,2.6410968,0.1854657083749771,0.8891069889068604,0.3986574411392212
YDR490C,YJR046W,0,2.640975,0.18542775511741638,0.8891069889068604,0.3987576365470886
YDR500C,YKL029C,0,2.6404052,0.18538981676101685,0.8891069889068604,0.39885783195495605
YMR053C,YGL129C,0,2.639958,0.1853518784046173,0.8891069889068604,0.3989580273628235
YOR002W,YBR085W,0,2.639709,0.18531396985054016,0.8891069889068604,0.3990582227706909
YJR027W,YDR317W,0,2.6391509,0.1852760761976242,0.8891069889068604,0.39915838837623596
YBR181C,YGL107C,0,2.6373537,0.18523819744586945,0.8891069889068604,0.3992585837841034
YBR295W,YER071C,0,2.6370568,0.18520033359527588,0.8891069889068604,0.3993587791919708
YMR022W,YHR108W,1,2.6369774,0.18536685407161713,0.8900883197784424,0.3993587791919708
YLL018C-A,YML057W,0,2.6368847,0.18532897531986237,0.8900883197784424,0.39945897459983826
YKR096W,YOR132W,0,2.636551,0.1852911114692688,0.8900883197784424,0.3995591700077057
YDR111C,YLR190W,0,2.634803,0.18525326251983643,0.8900883197784424,0.3996593654155731
YDR041W,YEL051W,0,2.634663,0.18521544337272644,0.8900883197784424,0.39975953102111816
YPL013C,YPL189W,0,2.634304,0.18517762422561646,0.8900883197784424,0.3998597264289856
YDR328C,YLR360W,1,2.634208,0.18534395098686218,0.8910696506500244,0.3998597264289856
YPL176C,YJL149W,1,2.6340818,0.18551020324230194,0.8920510411262512,0.3998597264289856
YBL087C,YLR293C,0,2.632774,0.18547235429286957,0.8920510411262512,0.399959921836853
YLR277C,YDR381W,0,2.6326056,0.1854345202445984,0.8920510411262512,0.40006011724472046
YLR004C,YKR075C,0,2.632263,0.1853967010974884,0.8920510411262512,0.4001603126525879
YGR178C,YPR133C,0,2.6319468,0.1853588968515396,0.8920510411262512,0.4002605080604553
YHR006W,YJL035C,0,2.6314883,0.18532110750675201,0.8920510411262512,0.40036067366600037
YHR033W,YHR114W,0,2.6308687,0.1852833330631256,0.8920510411262512,0.4004608690738678
YNR048W,YGR178C,0,2.6306045,0.1852455735206604,0.8920510411262512,0.40056106448173523
YGR057C,YGL107C,0,2.6302452,0.18520782887935638,0.8920510411262512,0.40066125988960266
YGR057C,YMR105C,0,2.629691,0.18517009913921356,0.8920510411262512,0.4007614552974701
YML045W,YBR119W,0,2.6295438,0.18513238430023193,0.8920510411262512,0.4008616507053375
YNL024C,YLL067C,0,2.6295414,0.1850946843624115,0.8920510411262512,0.40096181631088257
YNL286W,YIL037C,0,2.6288445,0.18505699932575226,0.8920510411262512,0.40106201171875
YOR264W,YGR030C,0,2.6285853,0.1850193291902542,0.8920510411262512,0.40116220712661743
YEL018W,YDL220C,0,2.6285675,0.18498168885707855,0.8920510411262512,0.40126240253448486
YJL098W,YIL137C,0,2.628295,0.1849440485239029,0.8920510411262512,0.4013625979423523
YJR073C,YNL023C,0,2.6280084,0.18490642309188843,0.8920510411262512,0.4014627933502197
YKL045W,YHR006W,0,2.627063,0.18486882746219635,0.8920510411262512,0.40156295895576477
YDL134C,YPL178W,0,2.6269522,0.18483123183250427,0.8920510411262512,0.4016631543636322
YJL059W,YPL145C,0,2.6264534,0.1847936511039734,0.8920510411262512,0.40176334977149963
YER177W,YDR041W,0,2.6262047,0.1847561001777649,0.8920510411262512,0.40186354517936707
YKL149C,YGL139W,0,2.62611,0.1847185492515564,0.8920510411262512,0.4019637405872345
YMR081C,YDL145C,0,2.625855,0.1846810281276703,0.8920510411262512,0.40206393599510193
YLL067C,YDL087C,0,2.6256518,0.18464350700378418,0.8920510411262512,0.402164101600647
YLR259C,YPR100W,0,2.6255221,0.18460601568222046,0.8920510411262512,0.4022642970085144
YPL076W,YGL085W,0,2.6254914,0.18456852436065674,0.8920510411262512,0.40236449241638184
YPR008W,YMR183C,0,2.624885,0.1845310628414154,0.8920510411262512,0.40246468782424927
YNL250W,YBR015C,0,2.6248088,0.18449360132217407,0.8920510411262512,0.4025648832321167
YAL048C,YBR054W,0,2.6246734,0.18445616960525513,0.8920510411262512,0.40266504883766174
YLR347C,YHR120W,0,2.6245542,0.18441875278949738,0.8920510411262512,0.4027652442455292
YIL119C,YHR194W,0,2.62446,0.18438133597373962,0.8920510411262512,0.4028654396533966
YOL154W,YER005W,0,2.6243544,0.18434394896030426,0.8920510411262512,0.40296563506126404
YDR343C,YMR002W,0,2.623817,0.1843065619468689,0.8920510411262512,0.40306583046913147
YPR055W,YPR188C,0,2.6229377,0.18426920473575592,0.8920510411262512,0.4031660258769989
YDL113C,YHL026C,0,2.6216564,0.18423186242580414,0.8920510411262512,0.40326619148254395
YPL175W,YNL038W,0,2.6214983,0.18419453501701355,0.8920510411262512,0.4033663868904114
YDR039C,YBR016W,0,2.6213248,0.18415720760822296,0.8920510411262512,0.4034665822982788
YBL080C,YPR169W,0,2.621167,0.18411991000175476,0.8920510411262512,0.40356677770614624
YDR002W,YKR034W,0,2.6202745,0.18408262729644775,0.8920510411262512,0.40366697311401367
YNL294C,YLL021W,0,2.6200142,0.18404535949230194,0.8920510411262512,0.4037671685218811
YGL027C,YKL051W,0,2.6197507,0.18400809168815613,0.8920510411262512,0.40386733412742615
YMR076C,YDR009W,0,2.619675,0.1839708536863327,0.8920510411262512,0.4039675295352936
YLR352W,YFR005C,1,2.619674,0.18413597345352173,0.8930323719978333,0.4039675295352936
YHR006W,YDR317W,0,2.6191866,0.1840987205505371,0.8930323719978333,0.404067724943161
YNL286W,YHR118C,0,2.619166,0.18406148254871368,0.8930323719978333,0.40416792035102844
YDR009W,YBR181C,0,2.6188886,0.18402427434921265,0.8930323719978333,0.4042681157588959
YBR169C,YPL179W,0,2.618082,0.1839870661497116,0.8930323719978333,0.4043683111667633
YGL053W,YLR466W,0,2.6177714,0.18394987285137177,0.8930323719978333,0.40446847677230835
YMR009W,YGL151W,0,2.617338,0.18391269445419312,0.8930323719978333,0.4045686721801758
YOR177C,YHR149C,0,2.616817,0.18387553095817566,0.8930323719978333,0.4046688675880432
YJL035C,YPL253C,0,2.6167321,0.1838383823633194,0.8930323719978333,0.40476906299591064
YAR033W,YJR027W,0,2.615854,0.18380124866962433,0.8930323719978333,0.4048692584037781
YCL048W,YPL235W,0,2.615791,0.18376412987709045,0.8930323719978333,0.4049694538116455
YDR469W,YPR010C,0,2.615572,0.18372704088687897,0.8930323719978333,0.40506961941719055
YEL020W-A,YGL093W,0,2.6151288,0.18368995189666748,0.8930323719978333,0.405169814825058
YOL154W,YPL001W,0,2.6138687,0.1836528778076172,0.8930323719978333,0.4052700102329254
YNL243W,YMR009W,0,2.6138024,0.1836158186197281,0.8930323719978333,0.40537020564079285
YCR045C,YKR077W,0,2.6129975,0.18357877433300018,0.8930323719978333,0.4054704010486603
YDR019C,YDL149W,0,2.6128943,0.18354174494743347,0.8930323719978333,0.4055705964565277
YOR027W,YDR469W,0,2.6127882,0.18350474536418915,0.8930323719978333,0.40567076206207275
YIR004W,YOR158W,0,2.6127026,0.18346774578094482,0.8930323719978333,0.4057709574699402
YJR102C,YDR377W,0,2.6126928,0.1834307610988617,0.8930323719978333,0.4058711528778076
YPL234C,YOR357C,0,2.612328,0.18339379131793976,0.8930323719978333,0.40597134828567505
YGR266W,YGR017W,0,2.611812,0.18335683643817902,0.8930323719978333,0.4060715436935425
YDR439W,YDL102W,0,2.6114166,0.18331989645957947,0.8930323719978333,0.4061717391014099
YOR258W,YKL043W,0,2.6111774,0.1832829862833023,0.8930323719978333,0.40627190470695496
YGR202C,YGR244C,0,2.6103387,0.18324607610702515,0.8930323719978333,0.4063721001148224
YBR046C,YML045W,0,2.6102152,0.18320918083190918,0.8930323719978333,0.4064722955226898
YPR114W,YNL278W,0,2.6095705,0.1831723004579544,0.8930323719978333,0.40657249093055725
YEL019C,YLR181C,0,2.608858,0.18313543498516083,0.8930323719978333,0.4066726863384247
YDL113C,YKR083C,0,2.6087022,0.18309858441352844,0.8930323719978333,0.4067728817462921
YOR049C,YBL008W,0,2.6083732,0.18306176364421844,0.8930323719978333,0.40687304735183716
YDR328C,YBR090C-A,0,2.6071305,0.18302494287490845,0.8930323719978333,0.4069732427597046
YLR224W,YDL007W,1,2.606583,0.18318922817707062,0.8940137624740601,0.4069732427597046
YBR085W,YOR258W,0,2.6064024,0.18315239250659943,0.8940137624740601,0.407073438167572
YPL179W,YDR284C,0,2.6063833,0.18311557173728943,0.8940137624740601,0.40717363357543945
YHR158C,YLR092W,0,2.60631,0.18307878077030182,0.8940137624740601,0.4072738289833069
YIL154C,YJR108W,0,2.6057987,0.1830419898033142,0.8940137624740601,0.4073740243911743
YPR067W,YDR009W,0,2.605586,0.183005228638649,0.8940137624740601,0.40747418999671936
YDR361C,YEL048C,0,2.6042492,0.18296846747398376,0.8940137624740601,0.4075743854045868
YML031W,YDR179C,0,2.6042182,0.18293172121047974,0.8940137624740601,0.4076745808124542
YER149C,YDL134C,0,2.60365,0.1828950047492981,0.8940137624740601,0.40777477622032166
YCR045C,YHR214W,0,2.6033187,0.18285828828811646,0.8940137624740601,0.4078749716281891
YMR041C,YDL243C,0,2.6032662,0.182821586728096,0.8940137624740601,0.4079751670360565
YOR172W,YBR015C,0,2.6029286,0.18278491497039795,0.8940137624740601,0.40807533264160156
YHR113W,YBR169C,0,2.6023033,0.1827482432126999,0.8940137624740601,0.408175528049469
YLR363C,YOR330C,0,2.6022303,0.18271158635616302,0.8940137624740601,0.4082757234573364
YNR052C,YHR138C,0,2.6018362,0.18267495930194855,0.8940137624740601,0.40837591886520386
YDR111C,YPL224C,0,2.601726,0.18263833224773407,0.8940137624740601,0.4084761142730713
YPR095C,YMR230W,0,2.6003578,0.1826017200946808,0.8940137624740601,0.4085763096809387
YOR172W,YPL193W,0,2.599344,0.1825651228427887,0.8940137624740601,0.40867647528648376
YCR091W,YNL194C,0,2.598133,0.182528555393219,0.8940137624740601,0.4087766706943512
YIL156W,YJR131W,1,2.5980585,0.18269230425357819,0.8949950933456421,0.4087766706943512
YGL058W,YDR131C,1,2.59766,0.1828559935092926,0.8959764242172241,0.4087766706943512
YPL280W,YPL097W,0,2.5970852,0.18281938135623932,0.8959764242172241,0.40887686610221863
YOR068C,YCL048W,0,2.5967636,0.18278278410434723,0.8959764242172241,0.40897706151008606
YJR131W,YPL075W,0,2.5962472,0.18274620175361633,0.8959764242172241,0.4090772569179535
YHL017W,YDR350C,0,2.5959952,0.18270961940288544,0.8959764242172241,0.40917742252349854
YEL018W,YMR234W,0,2.5958796,0.18267306685447693,0.8959764242172241,0.40927761793136597
YLR377C,YML076C,0,2.5956268,0.18263652920722961,0.8959764242172241,0.4093778133392334
YER031C,YOL023W,0,2.5945182,0.1826000064611435,0.8959764242172241,0.40947800874710083
YPR007C,YGL107C,0,2.59374,0.18256348371505737,0.8959764242172241,0.40957820415496826
YOR272W,YHR133C,0,2.593707,0.18252699077129364,0.8959764242172241,0.4096783995628357
YNL045W,YOR272W,0,2.5919304,0.1824905127286911,0.8959764242172241,0.40977856516838074
YMR009W,YPL254W,0,2.5913525,0.18245403468608856,0.8959764242172241,0.40987876057624817
YGR235C,YDR381W,0,2.5905683,0.1824175864458084,0.8959764242172241,0.4099789559841156
YGR235C,YDR021W,0,2.5901294,0.18238113820552826,0.8959764242172241,0.41007915139198303
YBR189W,YKL029C,0,2.589097,0.1823447197675705,0.8959764242172241,0.41017934679985046
YKL006C-A,YMR230W,0,2.5887213,0.18230830132961273,0.8959764242172241,0.4102795422077179
YJL078C,YCR021C,0,2.5883079,0.18227191269397736,0.8959764242172241,0.41037970781326294
YLL024C,YLR345W,0,2.5882692,0.18223552405834198,0.8959764242172241,0.41047990322113037
YDR078C,YGL105W,0,2.5881503,0.182199165225029,0.8959764242172241,0.4105800986289978
YIL064W,YBL007C,0,2.5877302,0.182162806391716,0.8959764242172241,0.41068029403686523
YHL038C,YNR052C,0,2.5871186,0.1821264773607254,0.8959764242172241,0.41078048944473267
YLR234W,YMR225C,0,2.5859997,0.1820901483297348,0.8959764242172241,0.4108806848526001
YJL174W,YLR345W,0,2.5857608,0.1820538341999054,0.8959764242172241,0.41098085045814514
YIL030C,YNL064C,1,2.5854447,0.18221691250801086,0.8969578146934509,0.41098085045814514
YGR170W,YGL115W,0,2.5853024,0.18218058347702026,0.8969578146934509,0.4110810458660126
YIL120W,YNR059W,0,2.5852072,0.18214428424835205,0.8969578146934509,0.41118124127388
YLR150W,YMR131C,0,2.5849526,0.18210798501968384,0.8969578146934509,0.41128143668174744
YOR101W,YDR246W,0,2.5848284,0.182071715593338,0.8969578146934509,0.41138163208961487
YDR367W,YDR528W,0,2.5842133,0.1820354461669922,0.8969578146934509,0.4114818274974823
YBL080C,YGR122W,0,2.5838828,0.18199920654296875,0.8969578146934509,0.41158199310302734
YPR057W,YNL216W,0,2.5837293,0.1819629669189453,0.8969578146934509,0.4116821885108948
YML067C,YKR085C,0,2.583304,0.18192675709724426,0.8969578146934509,0.4117823839187622
YDR367W,YOR258W,0,2.5832772,0.1818905472755432,0.8969578146934509,0.41188257932662964
YHR122W,YDR289C,0,2.5830402,0.18185435235500336,0.8969578146934509,0.41198277473449707
YOR341W,YFR053C,0,2.58249,0.1818181872367859,0.8969578146934509,0.4120829701423645
YPL141C,YMR059W,0,2.5824234,0.18178202211856842,0.8969578146934509,0.41218313574790955
YGR046W,YDR412W,0,2.5824196,0.18174587190151215,0.8969578146934509,0.412283331155777
YHR006W,YMR205C,0,2.5818653,0.18170973658561707,0.8969578146934509,0.4123835265636444
YDR040C,YJL035C,0,2.5817864,0.18167361617088318,0.8969578146934509,0.41248372197151184
YIL056W,YEL001C,0,2.5817456,0.18163752555847168,0.8969578146934509,0.4125839173793793
YMR205C,YDR268W,0,2.5815923,0.18160143494606018,0.8969578146934509,0.4126841127872467
YGR024C,YPL043W,0,2.5812924,0.18156535923480988,0.8969578146934509,0.41278427839279175
YBL056W,YPR037C,0,2.5807867,0.18152929842472076,0.8969578146934509,0.4128844738006592
YOR267C,YMR002W,0,2.5806546,0.18149325251579285,0.8969578146934509,0.4129846692085266
YML067C,YBR131W,0,2.5800543,0.18145722150802612,0.8969578146934509,0.41308486461639404
YPL115C,YBL007C,0,2.5799835,0.1814212054014206,0.8969578146934509,0.4131850600242615
YGR235C,YAL056W,0,2.5788615,0.18138518929481506,0.8969578146934509,0.4132852554321289
YJL013C,YOL032W,0,2.5788498,0.18134920299053192,0.8969578146934509,0.41338542103767395
YHR201C,YOR259C,0,2.5784435,0.18131323158740997,0.8969578146934509,0.4134856164455414
YNL263C,YGR142W,0,2.5784383,0.18127727508544922,0.8969578146934509,0.4135858118534088
YGR296W,YDR244W,0,2.5784192,0.18124131858348846,0.8969578146934509,0.41368600726127625
YIL064W,YOR059C,0,2.5779557,0.1812053918838501,0.8969578146934509,0.4137862026691437
YGR097W,YKL134C,0,2.577563,0.18116948008537292,0.8969578146934509,0.4138863980770111
YBL038W,YGR245C,0,2.5775156,0.18113356828689575,0.8969578146934509,0.41398656368255615
YNR032C-A,YDR330W,1,2.5769475,0.18129581212997437,0.897939145565033,0.41398656368255615
YHR037W,YMR091C,0,2.5768967,0.1812599003314972,0.897939145565033,0.4140867590904236
YKL138C,YDL117W,0,2.575893,0.1812240034341812,0.897939145565033,0.414186954498291
YIL106W,YHL003C,0,2.575803,0.18118812143802643,0.897939145565033,0.41428714990615845
YOR191W,YDR516C,0,2.5753555,0.18115225434303284,0.897939145565033,0.4143873453140259
YER007C-A,YBR193C,0,2.5753403,0.18111638724803925,0.897939145565033,0.4144875407218933
YOR334W,YOR227W,0,2.5751734,0.18108054995536804,0.897939145565033,0.41458770632743835
YJR102C,YIL156W,1,2.5749903,0.18124258518218994,0.8989205360412598,0.41458770632743835
YOR207C,YDR284C,0,2.5745773,0.18120673298835754,0.8989205360412598,0.4146879017353058
YMR048W,YOR335C,0,2.5739856,0.18117088079452515,0.8989205360412598,0.4147880971431732
YER007C-A,YKR083C,0,2.5731115,0.18113505840301514,0.8989205360412598,0.41488829255104065
YBR130C,YDR007W,0,2.5729885,0.18109925091266632,0.8989205360412598,0.4149884879589081
YLR390W-A,YLR324W,0,2.572651,0.1810634583234787,0.8989205360412598,0.4150886833667755
YHR009C,YER081W,0,2.5726216,0.18102766573429108,0.8989205360412598,0.41518884897232056
YCR107W,YGR120C,0,2.572524,0.18099190294742584,0.8989205360412598,0.415289044380188
YJL173C,YGL238W,0,2.5723429,0.1809561401605606,0.8989205360412598,0.4153892397880554
YBR023C,YDR303C,0,2.5723417,0.18092040717601776,0.8989205360412598,0.41548943519592285
YJL174W,YGR174C,0,2.5712736,0.18088467419147491,0.8989205360412598,0.4155896306037903
YPR110C,YGL093W,0,2.571151,0.18084895610809326,0.8989205360412598,0.4156897962093353
YHR210C,YIL123W,0,2.5707946,0.180813267827034,0.8989205360412598,0.41578999161720276
YLR085C,YDR292C,0,2.5705743,0.18077757954597473,0.8989205360412598,0.4158901870250702
YDR545W,YKR072C,0,2.5704608,0.18074190616607666,0.8989205360412598,0.4159903824329376
YKL002W,YFR005C,1,2.5696688,0.18090352416038513,0.8999018669128418,0.4159903824329376
YGR211W,YCR106W,0,2.5695899,0.18086785078048706,0.8999018669128418,0.41609057784080505
YIL064W,YBL035C,0,2.5689864,0.180832177400589,0.8999018669128418,0.4161907732486725
YJL162C,YLR328W,0,2.5686128,0.1807965338230133,0.8999018669128418,0.41629093885421753
YML081W,YOR172W,0,2.568119,0.18076089024543762,0.8999018669128418,0.41639113426208496
YBR114W,YBR094W,0,2.5678616,0.18072526156902313,0.8999018669128418,0.4164913296699524
YLL018C,YJR096W,0,2.5667884,0.18068964779376984,0.8999018669128418,0.4165915250778198
YIL018W,YHR020W,0,2.5667408,0.18065406382083893,0.8999018669128418,0.41669172048568726
YNL054W,YGL107C,0,2.5666742,0.18061847984790802,0.8999018669128418,0.4167919158935547
YLR347C,YDR178W,0,2.5665848,0.1805829107761383,0.8999018669128418,0.41689208149909973
YDR078C,YLR292C,0,2.5665493,0.18054735660552979,0.8999018669128418,0.41699227690696716
YLL018C,YPL058C,0,2.5662267,0.18051181733608246,0.8999018669128418,0.4170924723148346
YOR334W,YDR105C,0,2.5661643,0.18047627806663513,0.8999018669128418,0.417192667722702
YDR256C,YIL130W,0,2.5660033,0.1804407685995102,0.8999018669128418,0.41729286313056946
YKL079W,YER129W,0,2.5658803,0.18040527403354645,0.8999018669128418,0.4173930585384369
YHR090C,YMR156C,0,2.5650325,0.1803697943687439,0.8999018669128418,0.41749322414398193
YOR109W,YBL047C,0,2.5644581,0.18033431470394135,0.8999018669128418,0.41759341955184937
YDR039C,YLR451W,0,2.5635636,0.18029886484146118,0.8999018669128418,0.4176936149597168
YLR215C,YIL153W,0,2.5635066,0.18026341497898102,0.8999018669128418,0.41779381036758423
YOL154W,YOL132W,0,2.5628965,0.18022798001766205,0.8999018669128418,0.41789400577545166
YLL016W,YMR101C,0,2.5627036,0.18019257485866547,0.8999018669128418,0.4179942011833191
YBR054W,YKL110C,0,2.5624974,0.18015716969966888,0.8999018669128418,0.41809436678886414
YHR113W,YOL078W,0,2.562306,0.1801217794418335,0.8999018669128418,0.41819456219673157
YHR009C,YPL126W,0,2.5619187,0.1800864040851593,0.8999018669128418,0.418294757604599
YML101C,YCL005W-A,0,2.5615277,0.1800510436296463,0.8999018669128418,0.41839495301246643
YOR357C,YIL130W,0,2.5614002,0.1800156980752945,0.8999018669128418,0.41849514842033386
YLR390W-A,YPR114W,0,2.561173,0.17998036742210388,0.8999018669128418,0.4185953438282013
YOR267C,YGR193C,0,2.5610185,0.17994505167007446,0.8999018669128418,0.41869550943374634
YDR028C,YGR017W,0,2.5607886,0.17990975081920624,0.8999018669128418,0.41879570484161377
YMR192W,YEL048C,0,2.5607848,0.1798744648694992,0.8999018669128418,0.4188959002494812
YLR315W,YNL118C,0,2.560493,0.17983917891979218,0.8999018669128418,0.41899609565734863
YNL076W,YKL058W,0,2.5580866,0.17980392277240753,0.8999018669128418,0.41909629106521606
YER056C,YPR003C,0,2.557587,0.1797686666250229,0.8999018669128418,0.4191964864730835
YHR169W,YHR001W-A,0,2.5572844,0.17973344027996063,0.8999018669128418,0.41929665207862854
YBR085W,YDR019C,0,2.557221,0.17969821393489838,0.8999018669128418,0.41939684748649597
YGR178C,YOL029C,0,2.555737,0.17966300249099731,0.8999018669128418,0.4194970428943634
YFL061W,YLR006C,0,2.555386,0.17962782084941864,0.8999018669128418,0.41959723830223083
YDL012C,YBR094W,0,2.5553584,0.17959263920783997,0.8999018669128418,0.41969743371009827
YGL243W,YKL052C,0,2.5552135,0.17955747246742249,0.8999018669128418,0.4197976291179657
YML086C,YMR177W,0,2.5547385,0.1795223206281662,0.8999018669128418,0.41989779472351074
YKR096W,YBR091C,0,2.554122,0.1794871836900711,0.8999018669128418,0.4199979901313782
YBR189W,YKL077W,0,2.5541215,0.1794520616531372,0.8999018669128418,0.4200981855392456
YDR098C,YDR160W,0,2.5539625,0.1794169396162033,0.8999018669128418,0.42019838094711304
YOR045W,YAL028W,0,2.55294,0.1793818473815918,0.8999018669128418,0.42029857635498047
YBR162W-A,YBR078W,0,2.5528622,0.17934677004814148,0.8999018669128418,0.4203987717628479
YGR193C,YLL057C,0,2.5528483,0.17931169271469116,0.8999018669128418,0.42049893736839294
YBR114W,YNL024C,0,2.5526667,0.17927663028240204,0.8999018669128418,0.4205991327762604
YNL142W,YLR054C,0,2.5505114,0.1792415976524353,0.8999018669128418,0.4206993281841278
YHR096C,YOR158W,0,2.5504277,0.17920656502246857,0.8999018669128418,0.42079952359199524
YLR118C,YIL068C,0,2.549605,0.17917154729366302,0.8999018669128418,0.42089971899986267
YDR235W,YOR241W,0,2.5489595,0.17913654446601868,0.8999018669128418,0.4209999144077301
YER177W,YLR432W,0,2.548565,0.17910155653953552,0.8999018669128418,0.42110008001327515
YML127W,YNL029C,0,2.5485482,0.17906658351421356,0.8999018669128418,0.4212002754211426
YBR089C-A,YPR141C,0,2.548435,0.1790316253900528,0.8999018669128418,0.42130047082901
YKL155C,YOR158W,0,2.5482793,0.17899668216705322,0.8999018669128418,0.42140066623687744
YGR283C,YHL021C,0,2.548205,0.17896175384521484,0.8999018669128418,0.4215008616447449
YGR217W,YML013W,0,2.5480204,0.17892682552337646,0.8999018669128418,0.4216010272502899
YDR129C,YJR123W,0,2.5470848,0.17889192700386047,0.8999018669128418,0.42170122265815735
YPL126W,YOL132W,0,2.5469356,0.17885702848434448,0.8999018669128418,0.4218014180660248
YMR225C,YOR357C,0,2.546889,0.17882215976715088,0.8999018669128418,0.4219016134738922
YOR068C,YJL098W,0,2.5468185,0.17878729104995728,0.8999018669128418,0.42200180888175964
YBR043C,YGR161C,0,2.5462348,0.17875243723392487,0.8999018669128418,0.4221020042896271
YDL076C,YPL006W,0,2.5461874,0.17871759831905365,0.8999018669128418,0.4222021698951721
YDR309C,YDR303C,0,2.5459416,0.17868277430534363,0.8999018669128418,0.42230236530303955
YIL119C,YLR056W,0,2.544957,0.1786479651927948,0.8999018669128418,0.422402560710907
YER179W,YDR257C,0,2.544507,0.17861317098140717,0.8999018669128418,0.4225027561187744
YDR463W,YHL006C,0,2.544022,0.17857837677001953,0.8999018669128418,0.42260295152664185
YJR102C,YML086C,0,2.543892,0.17854361236095428,0.8999018669128418,0.4227031469345093
YMR101C,YOR001W,0,2.543122,0.17850886285305023,0.8999018669128418,0.4228033125400543
YDL160C,YBR028C,0,2.5431027,0.17847411334514618,0.8999018669128418,0.42290350794792175
YHL017W,YJR108W,0,2.543038,0.17843937873840332,0.8999018669128418,0.4230037033557892
YML055W,YHR138C,0,2.5424564,0.17840467393398285,0.8999018669128418,0.4231038987636566
YNL286W,YBR149W,0,2.5422108,0.17836996912956238,0.8999018669128418,0.42320409417152405
YDR517W,YMR074C,0,2.5408628,0.1783352792263031,0.8999018669128418,0.4233042895793915
YMR242C,YDR135C,0,2.5406752,0.17830060422420502,0.8999018669128418,0.4234044551849365
YML059C,YMR262W,0,2.5399334,0.17826594412326813,0.8999018669128418,0.42350465059280396
YDR375C,YNR037C,0,2.5396795,0.17823129892349243,0.8999018669128418,0.4236048460006714
YPL209C,YML092C,0,2.539623,0.17819665372371674,0.8999018669128418,0.4237050414085388
YHL038C,YLR193C,0,2.5389757,0.17816203832626343,0.8999018669128418,0.42380523681640625
YBR003W,YOR249C,0,2.5380442,0.17812742292881012,0.8999018669128418,0.4239054322242737
YNL020C,YEL048C,0,2.537885,0.1780928373336792,0.8999018669128418,0.4240055978298187
YJR052W,YNL247W,0,2.536959,0.17805825173854828,0.8999018669128418,0.42410579323768616
YMR101C,YCR036W,0,2.5364428,0.17802368104457855,0.8999018669128418,0.4242059886455536
YDL175C,YPR106W,0,2.5361433,0.17798912525177002,0.8999018669128418,0.424306184053421
YGL058W,YOR011W,0,2.5358462,0.17795458436012268,0.8999018669128418,0.42440637946128845
YLR001C,YBR193C,0,2.5358152,0.17792005836963654,0.8999018669128418,0.4245065748691559
YLR037C,YDR175C,0,2.535565,0.17788554728031158,0.8999018669128418,0.4246067404747009
YMR192W,YJL013C,0,2.5347137,0.17785105109214783,0.8999018669128418,0.42470693588256836
YGL067W,YMR063W,0,2.534667,0.17781655490398407,0.8999018669128418,0.4248071312904358
YEL018W,YPL239W,0,2.5339472,0.1777820885181427,0.8999018669128418,0.4249073266983032
YFR016C,YKL087C,0,2.5338774,0.17774762213230133,0.8999018669128418,0.42500752210617065
YOR136W,YPL058C,0,2.5335634,0.17771318554878235,0.8999018669128418,0.4251077175140381
YML059C,YBL051C,0,2.5329351,0.17767874896526337,0.8999018669128418,0.42520788311958313
YDR471W,YDR080W,0,2.5327277,0.17764432728290558,0.8999018669128418,0.42530807852745056
YKR096W,YNL029C,0,2.5324397,0.17760992050170898,0.8999018669128418,0.425408273935318
YPR003C,YKL114C,0,2.5316968,0.17757552862167358,0.8999018669128418,0.4255084693431854
YLR451W,YKL138C,0,2.5316556,0.17754113674163818,0.8999018669128418,0.42560866475105286
YDR463W,YHR080C,0,2.5315158,0.17750677466392517,0.8999018669128418,0.4257088601589203
YPR154W,YER062C,0,2.5314374,0.17747242748737335,0.8999018669128418,0.42580902576446533
YEL019C,YPR095C,0,2.5312736,0.17743808031082153,0.8999018669128418,0.42590922117233276
YMR076C,YPL175W,0,2.5303288,0.1774037480354309,0.8999018669128418,0.4260094165802002
YGR024C,YOL023W,0,2.5302632,0.17736944556236267,0.8999018669128418,0.4261096119880676
YIL033C,YBR162C,0,2.5299935,0.17733514308929443,0.8999018669128418,0.42620980739593506
YEL001C,YHR024C,0,2.5290425,0.1773008555173874,0.8999018669128418,0.4263100028038025
YDL098C,YNR033W,0,2.5284834,0.17726658284664154,0.8999018669128418,0.42641016840934753
YEL005C,YGR078C,0,2.5282993,0.1772323101758957,0.8999018669128418,0.42651036381721497
YOL154W,YCR091W,0,2.5282993,0.17719806730747223,0.8999018669128418,0.4266105592250824
YBR107C,YFR049W,0,2.527323,0.17716383934020996,0.8999018669128418,0.42671075463294983
YML021C,YHR146W,0,2.5272593,0.1771296113729477,0.8999018669128418,0.42681095004081726
YOL132W,YDR168W,0,2.5268953,0.17709539830684662,0.8999018669128418,0.4269111454486847
YFR016C,YGL016W,0,2.5264406,0.17706121504306793,0.8999018669128418,0.42701131105422974
YDR367W,YPL076W,0,2.526318,0.17702703177928925,0.8999018669128418,0.42711150646209717
YAR042W,YOR271C,0,2.5257044,0.17699286341667175,0.8999018669128418,0.4272117018699646
YML041C,YNL065W,0,2.5246503,0.17695870995521545,0.8999018669128418,0.42731189727783203
YOR267C,YDL091C,0,2.5233176,0.17692455649375916,0.8999018669128418,0.42741209268569946
YLL048C,YIR031C,0,2.5231931,0.17689043283462524,0.8999018669128418,0.4275122880935669
YOR091W,YHR202W,0,2.5224657,0.17685630917549133,0.8999018669128418,0.42761245369911194
YER123W,YNR052C,0,2.522449,0.1768222153186798,0.8999018669128418,0.42771264910697937
YOR019W,YGR138C,0,2.5213966,0.1767881214618683,0.8999018669128418,0.4278128445148468
YOL011W,YLR189C,0,2.520012,0.17675404250621796,0.8999018669128418,0.42791303992271423
YAL015C,YPL215W,0,2.518885,0.17671997845172882,0.8999018669128418,0.42801323533058167
YBR085W,YLR061W,0,2.5171447,0.17668592929840088,0.8999018669128418,0.4281134009361267
YKR027W,YBR169C,0,2.5161514,0.17665189504623413,0.8999018669128418,0.42821359634399414
YHR142W,YDR386W,0,2.5156484,0.17661787569522858,0.8999018669128418,0.4283137917518616
YKR100C,YDL123W,0,2.5151186,0.17658385634422302,0.8999018669128418,0.428413987159729
YMR063W,YHR035W,0,2.5144453,0.17654986679553986,0.8999018669128418,0.42851418256759644
YDR129C,YKL149C,0,2.5129147,0.1765158772468567,0.8999018669128418,0.42861437797546387
YML133C,YGL049C,0,2.5127287,0.17648190259933472,0.8999018669128418,0.4287145435810089
YBL087C,YDL223C,0,2.5119815,0.17644795775413513,0.8999018669128418,0.42881473898887634
YMR048W,YHR146W,0,2.5119014,0.17641399800777435,0.8999018669128418,0.4289149343967438
YML092C,YHR080C,0,2.511653,0.17638006806373596,0.8999018669128418,0.4290151298046112
YGR003W,YGR122W,0,2.511541,0.17634615302085876,0.8999018669128418,0.42911532521247864
YJL094C,YDR343C,0,2.511108,0.17631225287914276,0.8999018669128418,0.42921552062034607
YKL185W,YJL013C,0,2.5110435,0.17627835273742676,0.8999018669128418,0.4293156862258911
YDL135C,YGR165W,0,2.5103173,0.17624446749687195,0.8999018669128418,0.42941588163375854
YCR065W,YKR034W,0,2.51004,0.17621061205863953,0.8999018669128418,0.429516077041626
YGR224W,YPL097W,0,2.5098672,0.1761767566204071,0.8999018669128418,0.4296162724494934
YPR106W,YLR044C,0,2.5097797,0.17614291608333588,0.8999018669128418,0.42971646785736084
YOL122C,YDR361C,0,2.5094812,0.17610909044742584,0.8999018669128418,0.42981666326522827
YJR108W,YPL061W,0,2.5092168,0.1760752648115158,0.8999018669128418,0.4299168288707733
YOR068C,YOR001W,0,2.5087306,0.17604146897792816,0.8999018669128418,0.43001702427864075
YHR185C,YJL174W,0,2.5086305,0.17600767314434052,0.8999018669128418,0.4301172196865082
YCR024C,YDL018C,0,2.5085828,0.17597390711307526,0.8999018669128418,0.4302174150943756
YPL234C,YDR019C,0,2.5084321,0.17594014108181,0.8999018669128418,0.43031761050224304
YBR254C,YLR190W,0,2.508409,0.17590638995170593,0.8999018669128418,0.4304178059101105
YDR227W,YNL278W,0,2.508051,0.17587265372276306,0.8999018669128418,0.4305179715156555
YFL005W,YCR016W,0,2.507993,0.17583893239498138,0.8999018669128418,0.43061816692352295
YDL240W,YNL041C,0,2.5079272,0.1758052110671997,0.8999018669128418,0.4307183623313904
YMR286W,YER102W,0,2.5078897,0.17577151954174042,0.8999018669128418,0.4308185577392578
YPL013C,YGL151W,0,2.5076902,0.17573782801628113,0.8999018669128418,0.43091875314712524
YBR003W,YMR131C,0,2.5075912,0.17570415139198303,0.8999018669128418,0.4310189485549927
YPR100W,YPL193W,0,2.5072975,0.17567050457000732,0.8999018669128418,0.4311191141605377
YPL203W,YPL056C,0,2.5071504,0.17563685774803162,0.8999018669128418,0.43121930956840515
YCL068C,YDR040C,0,2.5071042,0.1756032109260559,0.8999018669128418,0.4313195049762726
YEL005C,YBL051C,0,2.5069995,0.1755695939064026,0.8999018669128418,0.43141970038414
YOL051W,YNL118C,0,2.506988,0.17553599178791046,0.8999018669128418,0.43151989579200745
YDL124W,YML013W,0,2.5066042,0.17550238966941833,0.8999018669128418,0.4316200911998749
YOL069W,YPR017C,0,2.505945,0.1754688024520874,0.8999018669128418,0.4317202568054199
YIL013C,YLR001C,0,2.505216,0.17543524503707886,0.8999018669128418,0.43182045221328735
YIL064W,YGL151W,0,2.5042348,0.1754016876220703,0.8999018669128418,0.4319206476211548
YBR078W,YJR054W,0,2.5036201,0.17536814510822296,0.8999018669128418,0.4320208430290222
YMR175W,YOL122C,0,2.5030556,0.1753346025943756,0.8999018669128418,0.43212103843688965
YER056C,YCR106W,0,2.5023034,0.17530108988285065,0.8999018669128418,0.4322212338447571
YDR213W,YMR205C,0,2.5021696,0.17526757717132568,0.8999018669128418,0.4323213994503021
YFR027W,YOR156C,0,2.501161,0.1752340942621231,0.8999018669128418,0.43242159485816956
YPR095C,YLL021W,0,2.5008624,0.17520061135292053,0.8999018669128418,0.432521790266037
YMR261C,YER109C,0,2.498311,0.17516714334487915,0.8999018669128418,0.4326219856739044
YDR009W,YKL058W,0,2.4982514,0.17513369023799896,0.8999018669128418,0.43272218108177185
YDR028C,YJL168C,0,2.4977589,0.17510025203227997,0.8999018669128418,0.4328223764896393
YKR093W,YDR257C,0,2.4970288,0.17506681382656097,0.8999018669128418,0.4329225420951843
YPL173W,YPL021W,0,2.4967551,0.17503340542316437,0.8999018669128418,0.43302273750305176
YKL129C,YHR158C,0,2.4965482,0.17499999701976776,0.8999018669128418,0.4331229329109192
YBR091C,YBR016W,0,2.495853,0.17496660351753235,0.8999018669128418,0.4332231283187866
YJR117W,YOR109W,0,2.495242,0.17493322491645813,0.8999018669128418,0.43332332372665405
YDR075W,YKL077W,0,2.4951167,0.1748998612165451,0.8999018669128418,0.4334235191345215
YMR059W,YML031W,0,2.4948108,0.17486651241779327,0.8999018669128418,0.43352368474006653
YNL038W,YML096W,0,2.4945602,0.17483317852020264,0.8999018669128418,0.43362388014793396
YJR153W,YHR142W,0,2.4939213,0.174799844622612,0.8999018669128418,0.4337240755558014
YLR185W,YOR001W,0,2.4934378,0.17476654052734375,0.8999018669128418,0.4338242709636688
YGR017W,YJL196C,0,2.4926279,0.1747332364320755,0.8999018669128418,0.43392446637153625
YPL168W,YGR211W,0,2.4923613,0.17469994723796844,0.8999018669128418,0.4340246319770813
YBR131W,YLR260W,0,2.4915705,0.17466667294502258,0.8999018669128418,0.43412482738494873
YPR128C,YNL076W,0,2.491399,0.17463339865207672,0.8999018669128418,0.43422502279281616
YDR189W,YCR018C,0,2.4902701,0.17460015416145325,0.8999018669128418,0.4343252182006836
YKL052C,YCL001W,0,2.489649,0.17456690967082977,0.8999018669128418,0.434425413608551
YGR283C,YFR038W,0,2.4896343,0.1745336949825287,0.8999018669128418,0.43452560901641846
YLR059C,YLR058C,0,2.4890501,0.1745004802942276,0.8999018669128418,0.4346257746219635
YNL054W,YBR131W,0,2.4886339,0.1744672805070877,0.8999018669128418,0.43472597002983093
YDR261C,YNL180C,0,2.48742,0.17443408071994781,0.8999018669128418,0.43482616543769836
YPR173C,YGR003W,0,2.4872155,0.1744009107351303,0.8999018669128418,0.4349263608455658
YHR204W,YFR004W,1,2.4866493,0.1745578944683075,0.9008831977844238,0.4349263608455658
YKL155C,YDR437W,0,2.4856863,0.1745247095823288,0.9008831977844238,0.4350265562534332
YCR018C,YIL005W,0,2.4855676,0.1744915395975113,0.9008831977844238,0.43512675166130066
YMR232W,YDR261C,0,2.4853306,0.17445838451385498,0.9008831977844238,0.4352269172668457
YPR134W,YLR055C,0,2.4852607,0.17442522943019867,0.9008831977844238,0.43532711267471313
YCR036W,YDR234W,0,2.4850383,0.17439210414886475,0.9008831977844238,0.43542730808258057
YIL119C,YLR288C,0,2.485038,0.17435897886753082,0.9008831977844238,0.435527503490448
YAL056W,YDR045C,0,2.484392,0.1743258684873581,0.9008831977844238,0.43562769889831543
YIL075C,YPR071W,0,2.4842787,0.17429277300834656,0.9008831977844238,0.43572789430618286
YKL145W,YOR109W,0,2.4841669,0.17425967752933502,0.9008831977844238,0.4358280599117279
YKR093W,YDR430C,0,2.4831696,0.17422661185264587,0.9008831977844238,0.43592825531959534
YOR363C,YHR114W,0,2.482854,0.17419354617595673,0.9008831977844238,0.43602845072746277
YKL022C,YIL008W,1,2.482498,0.17435021698474884,0.9018645882606506,0.43602845072746277
YLR345W,YPL176C,0,2.4824362,0.1743171513080597,0.9018645882606506,0.4361286461353302
YOR262W,YMR195W,0,2.4819174,0.17428408563137054,0.9018645882606506,0.43622884154319763
YDR323C,YBR043C,0,2.4818401,0.17425104975700378,0.9018645882606506,0.43632903695106506
YOR267C,YGL127C,0,2.481409,0.17421801388263702,0.9018645882606506,0.4364292025566101
YKL026C,YER060W,0,2.4811642,0.17418499290943146,0.9018645882606506,0.43652939796447754
YDR528W,YBR162C,0,2.4810796,0.17415198683738708,0.9018645882606506,0.43662959337234497
YGR205W,YCL001W,0,2.4805405,0.1741189807653427,0.9018645882606506,0.4367297887802124
YPR128C,YLR200W,0,2.4805186,0.17408600449562073,0.9018645882606506,0.43682998418807983
YPL138C,YPL043W,0,2.480109,0.17405302822589874,0.9018645882606506,0.43693017959594727
YHL003C,YER032W,0,2.479746,0.17402006685733795,0.9018645882606506,0.4370303452014923
YKL062W,YDR160W,0,2.4796271,0.17398712038993835,0.9018645882606506,0.43713054060935974
YNL145W,YAL026C,0,2.4793727,0.17395418882369995,0.9018645882606506,0.4372307360172272
YGL144C,YJL058C,0,2.4791195,0.17392127215862274,0.9018645882606506,0.4373309314250946
YKR093W,YLR060W,0,2.4788532,0.17388837039470673,0.9018645882606506,0.43743112683296204
YKL069W,YBL038W,0,2.4785964,0.1738554686307907,0.9018645882606506,0.43753132224082947
YDL175C,YOL122C,0,2.477934,0.1738225817680359,0.9018645882606506,0.4376314878463745
YDR309C,YPL178W,0,2.4772124,0.17378970980644226,0.9018645882606506,0.43773168325424194
YDL247W,YGR030C,0,2.476865,0.17375685274600983,0.9018645882606506,0.4378318786621094
YJR117W,YPR034W,0,2.476788,0.1737240105867386,0.9018645882606506,0.4379320740699768
YHR202W,YDR469W,0,2.476109,0.17369116842746735,0.9018645882606506,0.43803226947784424
YOR383C,YBR301W,0,2.4757996,0.1736583560705185,0.9018645882606506,0.43813246488571167
YML092C,YLR055C,0,2.4757752,0.17362554371356964,0.9018645882606506,0.4382326304912567
YOR060C,YDL102W,0,2.4754515,0.17359274625778198,0.9018645882606506,0.43833282589912415
YML013W,YLR337C,0,2.4748292,0.17355996370315552,0.9018645882606506,0.4384330213069916
YIL096C,YPL233W,0,2.4745126,0.17352719604969025,0.9018645882606506,0.438533216714859
YJR150C,YLR143W,0,2.4744575,0.17349442839622498,0.9018645882606506,0.43863341212272644
YFL025C,YDL126C,1,2.4739318,0.17365042865276337,0.9028459191322327,0.43863341212272644
YPR161C,YGR120C,0,2.4733846,0.1736176609992981,0.9028459191322327,0.43873360753059387
YNL045W,YKL043W,0,2.4725957,0.17358490824699402,0.9028459191322327,0.4388337731361389
YHR122W,YEL032W,0,2.4711657,0.17355215549468994,0.9028459191322327,0.43893396854400635
YOR380W,YLR409C,0,2.4709277,0.17351943254470825,0.9028459191322327,0.4390341639518738
YNL045W,YLR315W,0,2.4707952,0.17348670959472656,0.9028459191322327,0.4391343593597412
YMR175W,YCR091W,0,2.4707842,0.17345400154590607,0.9028459191322327,0.43923455476760864
YPL262W,YDR057W,0,2.470759,0.17342129349708557,0.9028459191322327,0.4393347501754761
YGR296W,YDR317W,0,2.4707365,0.17338861525058746,0.9028459191322327,0.4394349157810211
YER033C,YJL173C,0,2.47042,0.17335595190525055,0.9028459191322327,0.43953511118888855
YKL155C,YLL057C,0,2.4700723,0.17332328855991364,0.9028459191322327,0.439635306596756
YEL006W,YCL001W,0,2.4691715,0.17329064011573792,0.9028459191322327,0.4397355020046234
YDR361C,YKL077W,0,2.4690185,0.1732580065727234,0.9028459191322327,0.43983569741249084
YKL006C-A,YNL173C,0,2.4684627,0.17322538793087006,0.9028459191322327,0.4399358928203583
YDR441C,YER139C,0,2.4662461,0.17319276928901672,0.9028459191322327,0.4400360584259033
YJR118C,YCL054W,0,2.4656942,0.17316018044948578,0.9028459191322327,0.44013625383377075
YIL156W,YMR322C,0,2.4655561,0.17312759160995483,0.9028459191322327,0.4402364492416382
YDR040C,YOR132W,0,2.4654632,0.17309501767158508,0.9028459191322327,0.4403366446495056
YDR500C,YKL138C,0,2.4650242,0.17306245863437653,0.9028459191322327,0.44043684005737305
YBR130C,YLL057C,0,2.4648595,0.17302989959716797,0.9028459191322327,0.4405370056629181
YKR096W,YLR313C,0,2.4642558,0.1729973703622818,0.9028459191322327,0.4406372010707855
YPL209C,YPR131C,0,2.463336,0.17296484112739563,0.9028459191322327,0.44073739647865295
YLL016W,YDL243C,0,2.46282,0.17293232679367065,0.9028459191322327,0.4408375918865204
YPL105C,YEL018W,0,2.4612765,0.17289982736110687,0.9028459191322327,0.4409377872943878
YJL162C,YPR097W,0,2.461054,0.17286734282970428,0.9028459191322327,0.44103798270225525
YML011C,YPL040C,0,2.4599764,0.1728348731994629,0.9028459191322327,0.4411381483078003
YDR517W,YDR292C,0,2.4598374,0.1728024035692215,0.9028459191322327,0.4412383437156677
YPR097W,YLR150W,0,2.4592886,0.1727699488401413,0.9028459191322327,0.44133853912353516
YGR178C,YDR435C,0,2.4589846,0.1727375090122223,0.9028459191322327,0.4414387345314026
YIL098C,YER081W,0,2.4588134,0.17270508408546448,0.9028459191322327,0.44153892993927
YIL053W,YJR054W,0,2.458034,0.17267267405986786,0.9028459191322327,0.44163912534713745
YAL019W,YBR034C,0,2.4578152,0.17264026403427124,0.9028459191322327,0.4417392909526825
YDR040C,YMR118C,0,2.4575932,0.172607883810997,0.9028459191322327,0.4418394863605499
YKL029C,YHR037W,0,2.4574304,0.17257550358772278,0.9028459191322327,0.44193968176841736
YML016C,YMR177W,0,2.4572375,0.17254313826560974,0.9028459191322327,0.4420398771762848
YCR106W,YOR009W,0,2.4569197,0.1725107878446579,0.9028459191322327,0.4421400725841522
YDR325W,YNL054W,0,2.4554713,0.17247843742370605,0.9028459191322327,0.44224026799201965
YLR061W,YDR399W,0,2.454743,0.1724461168050766,0.9028459191322327,0.4423404335975647
YJL174W,YHR138C,0,2.4536853,0.17241379618644714,0.9028459191322327,0.44244062900543213
YGR003W,YNR033W,0,2.4534545,0.17238149046897888,0.9028459191322327,0.44254082441329956
YDR256C,YGR202C,0,2.4533803,0.17234919965267181,0.9028459191322327,0.442641019821167
YHR169W,YOR132W,0,2.4526463,0.17231690883636475,0.9028459191322327,0.4427412152290344
YPR017C,YOL052C-A,0,2.4523246,0.17228464782238007,0.9028459191322327,0.44284141063690186
YHR202W,YFR040W,0,2.4521432,0.17225238680839539,0.9028459191322327,0.4429415762424469
YDR122W,YCR063W,0,2.4513597,0.1722201406955719,0.9028459191322327,0.44304177165031433
YBR065C,YHL050C,0,2.4511123,0.1721879094839096,0.9028459191322327,0.44314196705818176
YPL020C,YFL025C,1,2.4510155,0.17234280705451965,0.9038273096084595,0.44314196705818176
YJR153W,YLL021W,0,2.4508696,0.17231057584285736,0.9038273096084595,0.4432421624660492
YML120C,YDR087C,0,2.450739,0.17227834463119507,0.9038273096084595,0.4433423578739166
YMR002W,YHR080C,0,2.4502134,0.17224611341953278,0.9038273096084595,0.44344255328178406
YOR267C,YPL262W,0,2.4498186,0.17221391201019287,0.9038273096084595,0.4435427188873291
YFL005W,YGL005C,0,2.4497926,0.17218171060085297,0.9038273096084595,0.44364291429519653
YOR016C,YPR007C,0,2.4494946,0.17214953899383545,0.9038273096084595,0.44374310970306396
YMR063W,YCL044C,0,2.4494596,0.17211736738681793,0.9038273096084595,0.4438433051109314
YIL022W,YCL064C,0,2.448298,0.17208519577980042,0.9038273096084595,0.44394350051879883
YNL318C,YJR118C,0,2.4481015,0.17205305397510529,0.9038273096084595,0.44404369592666626
YHR096C,YDL102W,0,2.448101,0.17202091217041016,0.9038273096084595,0.4441438615322113
YOR267C,YDR213W,0,2.4480543,0.17198880016803741,0.9038273096084595,0.44424405694007874
YGR235C,YOR027W,0,2.4478598,0.17195668816566467,0.9038273096084595,0.44434425234794617
YOR016C,YHL021C,0,2.4474592,0.17192459106445312,0.9038273096084595,0.4444444477558136
YLR004C,YHR138C,0,2.4471974,0.17189249396324158,0.9038273096084595,0.44454464316368103
YNL243W,YOR011W,0,2.4465098,0.17186042666435242,0.9038273096084595,0.44464483857154846
YIL053W,YDR350C,0,2.4463758,0.17182835936546326,0.9038273096084595,0.4447450041770935
YER081W,YER015W,0,2.4458318,0.1717963069677353,0.9038273096084595,0.44484519958496094
YGR296W,YAL026C,0,2.44493,0.17176426947116852,0.9038273096084595,0.44494539499282837
YPL137C,YLR363C,0,2.4448786,0.17173223197460175,0.9038273096084595,0.4450455904006958
YOR241W,YMR002W,0,2.4446857,0.17170022428035736,0.9038273096084595,0.44514578580856323
YLR417W,YGR017W,0,2.4446414,0.17166821658611298,0.9038273096084595,0.44524598121643066
YGL194C,YPL135W,0,2.4444864,0.17163622379302979,0.9038273096084595,0.4453461468219757
YHL017W,YOR252W,0,2.4435816,0.1716042459011078,0.9038273096084595,0.44544634222984314
YDR386W,YMR125W,0,2.4426136,0.17157228291034698,0.9038273096084595,0.44554653763771057
YMR214W,YPL065W,1,2.4422717,0.17172658443450928,0.9048086404800415,0.44554653763771057
YLR411W,YBR034C,0,2.442244,0.17169460654258728,0.9048086404800415,0.445646733045578
YHR096C,YBR131W,0,2.441048,0.17166262865066528,0.9048086404800415,0.44574692845344543
YPL001W,YDR406W,0,2.440515,0.17163068056106567,0.9048086404800415,0.44584712386131287
YOR091W,YBL014C,0,2.4396913,0.17159873247146606,0.9048086404800415,0.4459472894668579
YJL180C,YDL149W,0,2.4392796,0.17156679928302765,0.9048086404800415,0.44604748487472534
YIL056W,YDR309C,0,2.437974,0.17153488099575043,0.9048086404800415,0.4461476802825928
YNL056W,YMR158W,0,2.4379582,0.1715029776096344,0.9048086404800415,0.4462478756904602
YLR215C,YOR113W,0,2.4378352,0.17147107422351837,0.9048086404800415,0.44634807109832764
YKR007W,YHR079C-B,0,2.4376898,0.17143920063972473,0.9048086404800415,0.44644826650619507
YNL076W,YPR180W,0,2.4374979,0.1714073270559311,0.9048086404800415,0.4465484321117401
YOR363C,YER167W,0,2.436971,0.17137546837329865,0.9048086404800415,0.44664862751960754
YOR068C,YDR111C,0,2.436835,0.1713436096906662,0.9048086404800415,0.446748822927475
YOL116W,YAL026C,0,2.4367003,0.17131178081035614,0.9048086404800415,0.4468490183353424
YJL183W,YLR058C,0,2.4366984,0.17127995193004608,0.9048086404800415,0.44694921374320984
YLR054C,YNL063W,0,2.436114,0.17124813795089722,0.9048086404800415,0.4470493793487549
YML086C,YBR149W,0,2.4355981,0.17121633887290955,0.9048086404800415,0.4471495747566223
YIL037C,YFR030W,0,2.435562,0.17118455469608307,0.9048086404800415,0.44724977016448975
YGR024C,YOR158W,0,2.4344184,0.1711527705192566,0.9048086404800415,0.4473499655723572
YGR080W,YIL137C,0,2.434037,0.1711210161447525,0.9048086404800415,0.4474501609802246
YCL017C,YJL058C,0,2.4338157,0.1710892617702484,0.9048086404800415,0.44755035638809204
YNL038W,YGL198W,0,2.4319482,0.17105750739574432,0.9048086404800415,0.4476505219936371
YGR024C,YLL067C,0,2.4316144,0.17102578282356262,0.9048086404800415,0.4477507174015045
YOR227W,YJL083W,0,2.4310133,0.17099405825138092,0.9048086404800415,0.44785091280937195
YGR170W,YKL058W,0,2.4303746,0.1709623634815216,0.9048086404800415,0.4479511082172394
YOL029C,YKL032C,0,2.4296834,0.1709306687116623,0.9048086404800415,0.4480513036251068
YDR201W,YLR067C,0,2.4291995,0.17089897394180298,0.9048086404800415,0.44815149903297424
YDL189W,YLR466W,0,2.428727,0.17086730897426605,0.9048086404800415,0.4482516646385193
YER063W,YDR434W,0,2.4286304,0.17083564400672913,0.9048086404800415,0.4483518600463867
YHR205W,YER155C,0,2.4285135,0.1708040088415146,0.9048086404800415,0.44845205545425415
YJR132W,YER033C,0,2.4280367,0.17077235877513885,0.9048086404800415,0.4485522508621216
YDL235C,YDR040C,0,2.4279277,0.1707407385110855,0.9048086404800415,0.448652446269989
YJL026W,YNL118C,0,2.4275422,0.17070913314819336,0.9048086404800415,0.44875264167785645
YNL137C,YLL053C,0,2.427513,0.1706775277853012,0.9048086404800415,0.4488528072834015
YPL141C,YER063W,0,2.4272132,0.17064593732357025,0.9048086404800415,0.4489530026912689
YHL031C,YBL100W-B,0,2.4262426,0.1706143617630005,0.9048086404800415,0.44905319809913635
YBL008W,YDL018C,0,2.4259095,0.17058280110359192,0.9048086404800415,0.4491533935070038
YBR153W,YEL048C,0,2.4256284,0.17055124044418335,0.9048086404800415,0.4492535889148712
YNL045W,YDL223C,0,2.4254694,0.17051969468593597,0.9048086404800415,0.44935378432273865
YBR248C,YLR249W,0,2.4254665,0.1704881638288498,0.9048086404800415,0.4494539499282837
YEL019C,YNL172W,1,2.4253433,0.17064152657985687,0.9057899713516235,0.4494539499282837
YBR218C,YDR188W,0,2.4252284,0.1706099808216095,0.9057899713516235,0.4495541453361511
YER040W,YPL040C,0,2.4251895,0.17057844996452332,0.9057899713516235,0.44965434074401855
YFL011W,YML096W,0,2.4250653,0.17054693400859833,0.9057899713516235,0.449754536151886
YKR078W,YKL006C-A,0,2.425033,0.17051543295383453,0.9057899713516235,0.4498547315597534
YNL183C,YNR059W,0,2.4243743,0.17048393189907074,0.9057899713516235,0.44995492696762085
YHR033W,YER032W,0,2.4243,0.17045244574546814,0.9057899713516235,0.4500550925731659
YBR211C,YOR129C,0,2.4242675,0.17042097449302673,0.9057899713516235,0.4501552879810333
YMR234W,YGR094W,0,2.424248,0.17038951814174652,0.9057899713516235,0.45025548338890076
YLL048C,YDR021W,0,2.424228,0.1703580617904663,0.9057899713516235,0.4503556787967682
YOL011W,YCL044C,0,2.4240935,0.17032663524150848,0.9057899713516235,0.4504558742046356
YNL183C,YEL039C,0,2.4225855,0.17029520869255066,0.9057899713516235,0.45055606961250305
YBL008W,YOR258W,0,2.4223485,0.17026378214359283,0.9057899713516235,0.4506562352180481
YML011C,YBR254C,0,2.4220135,0.1702323853969574,0.9057899713516235,0.4507564306259155
YHR073W,YDR289C,0,2.4208596,0.17020098865032196,0.9057899713516235,0.45085662603378296
YOR004W,YJL026W,0,2.4206095,0.1701696217060089,0.9057899713516235,0.4509568214416504
YLL016W,YOR372C,0,2.4202003,0.17013825476169586,0.9057899713516235,0.4510570168495178
YGR266W,YGR165W,0,2.4197474,0.1701068878173828,0.9057899713516235,0.45115721225738525
YOR383C,YMR072W,0,2.4196672,0.17007555067539215,0.9057899713516235,0.4512573778629303
YLR085C,YKL063C,0,2.4196348,0.1700442135334015,0.9057899713516235,0.45135757327079773
YDR175C,YGR040W,0,2.4194481,0.17001289129257202,0.9057899713516235,0.45145776867866516
YGR205W,YFL005W,0,2.419216,0.16998158395290375,0.9057899713516235,0.4515579640865326
YDR075W,YHL026C,0,2.4188943,0.16995029151439667,0.9057899713516235,0.4516581594944
YOL154W,YEL001C,0,2.4182544,0.1699189990758896,0.9057899713516235,0.45175835490226746
YMR175W,YBR181C,0,2.4181876,0.1698877215385437,0.9057899713516235,0.4518585205078125
YDR007W,YGL096W,0,2.4167135,0.169856458902359,0.9057899713516235,0.45195871591567993
YDR178W,YBR268W,0,2.4155288,0.1698252111673355,0.9057899713516235,0.45205891132354736
YML100W,YJR118C,0,2.4151204,0.169793963432312,0.9057899713516235,0.4521591067314148
YLL031C,YML004C,0,2.4140882,0.1697627305984497,0.9057899713516235,0.4522593021392822
YFR016C,YDR515W,0,2.413847,0.1697315126657486,0.9057899713516235,0.45235949754714966
YGR205W,YMR133W,0,2.4132843,0.16970030963420868,0.9057899713516235,0.4524596631526947
YDR025W,YOR195W,0,2.412269,0.16966912150382996,0.9057899713516235,0.45255985856056213
YOR252W,YOL095C,0,2.4117517,0.16963793337345123,0.9057899713516235,0.45266005396842957
YBR038W,YGR204W,0,2.4115686,0.1696067601442337,0.9057899713516235,0.452760249376297
YHL003C,YNL055C,0,2.4114268,0.16957560181617737,0.9057899713516235,0.45286044478416443
YIL019W,YKL051W,0,2.4111962,0.16954445838928223,0.9057899713516235,0.4529606103897095
YMR261C,YKL005C,0,2.410654,0.16951331496238708,0.9057899713516235,0.4530608057975769
YJL162C,YKL185W,0,2.4106266,0.16948218643665314,0.9057899713516235,0.45316100120544434
YEL048C,YMR001C,0,2.4100883,0.16945107281208038,0.9057899713516235,0.45326119661331177
YHR142W,YHR024C,0,2.4099183,0.16941997408866882,0.9057899713516235,0.4533613920211792
YOR267C,YML055W,0,2.4097886,0.16938887536525726,0.9057899713516235,0.45346158742904663
YGL028C,YOR090C,0,2.409462,0.1693577915430069,0.9057899713516235,0.4535617530345917
YDL154W,YPL239W,0,2.4090614,0.16932672262191772,0.9057899713516235,0.4536619484424591
YER028C,YIL011W,0,2.4079854,0.16929566860198975,0.9057899713516235,0.45376214385032654
YNL181W,YIL123W,0,2.4078526,0.16926462948322296,0.9057899713516235,0.45386233925819397
YML107C,YLR466W,0,2.407627,0.16923359036445618,0.9057899713516235,0.4539625346660614
YHR114W,YOR335C,0,2.4068797,0.16920256614685059,0.9057899713516235,0.45406273007392883
YBL057C,YFR005C,1,2.4067588,0.16935484111309052,0.9067713618278503,0.45406273007392883
YIL154C,YJL179W,0,2.4067578,0.16932380199432373,0.9067713618278503,0.4541628956794739
YPL138C,YJL212C,0,2.406572,0.16929277777671814,0.9067713618278503,0.4542630910873413
YKL124W,YJR131W,1,2.4059043,0.1694449484348297,0.9077526926994324,0.4542630910873413
YMR192W,YPL075W,0,2.4055789,0.16941392421722412,0.9077526926994324,0.45436328649520874
YOR002W,YGL093W,0,2.405301,0.16938289999961853,0.9077526926994324,0.45446348190307617
YCR065W,YHR190W,0,2.4045248,0.16935189068317413,0.9077526926994324,0.4545636773109436
YOR372C,YDL018C,0,2.4042783,0.16932088136672974,0.9077526926994324,0.45466387271881104
YJL054W,YER062C,0,2.4033747,0.16928990185260773,0.9077526926994324,0.4547640383243561
YDL230W,YGR260W,0,2.4032254,0.16925892233848572,0.9077526926994324,0.4548642337322235
YNL051W,YIL064W,0,2.4031584,0.1692279577255249,0.9077526926994324,0.45496442914009094
YBL031W,YLR055C,0,2.402862,0.1691969931125641,0.9077526926994324,0.4550646245479584
YDR213W,YBR015C,0,2.4019828,0.16916605830192566,0.9077526926994324,0.4551648199558258
YHR009C,YGL111W,0,2.4018297,0.16913512349128723,0.9077526926994324,0.45526501536369324
YPR154W,YML082W,0,2.4013813,0.16910420358181,0.9077526926994324,0.4553651809692383
YFR038W,YEL027W,0,2.4011736,0.16907329857349396,0.9077526926994324,0.4554653763771057
YBR208C,YPR046W,0,2.4009693,0.16904239356517792,0.9077526926994324,0.45556557178497314
YLR377C,YOR132W,0,2.4007292,0.16901151835918427,0.9077526926994324,0.4556657671928406
YKL197C,YPL233W,0,2.4005742,0.1689806431531906,0.9077526926994324,0.455765962600708
YCR086W,YDR268W,0,2.400334,0.16894976794719696,0.9077526926994324,0.45586615800857544
YLR466W,YDL117W,0,2.4001963,0.1689189225435257,0.9077526926994324,0.4559663236141205
YHL017W,YLL021W,0,2.3996718,0.16888807713985443,0.9077526926994324,0.4560665190219879
YDR345C,YKL145W,0,2.399272,0.16885724663734436,0.9077526926994324,0.45616671442985535
YHR088W,YDR150W,0,2.398766,0.16882643103599548,0.9077526926994324,0.4562669098377228
YML045W,YJL174W,0,2.398066,0.1687956154346466,0.9077526926994324,0.4563671052455902
YIL022W,YHR114W,0,2.397996,0.16876482963562012,0.9077526926994324,0.45646730065345764
YBL031W,YIL033C,0,2.3968713,0.16873404383659363,0.9077526926994324,0.4565674662590027
YHR150W,YJL196C,0,2.3956337,0.16870325803756714,0.9077526926994324,0.4566676616668701
YLR390W-A,YPL043W,0,2.3951635,0.16867250204086304,0.9077526926994324,0.45676785707473755
YFL005W,YCL048W,0,2.3950248,0.16864174604415894,0.9077526926994324,0.456868052482605
YDR381W,YOR060C,0,2.3940434,0.16861100494861603,0.9077526926994324,0.4569682478904724
YDL018C,YGL078C,0,2.3939943,0.16858027875423431,0.9077526926994324,0.45706844329833984
YOL095C,YGL129C,0,2.3938856,0.1685495674610138,0.9077526926994324,0.4571686089038849
YPL130W,YMR275C,0,2.3938267,0.16851885616779327,0.9077526926994324,0.4572688043117523
YAL019W,YHR138C,0,2.393389,0.16848815977573395,0.9077526926994324,0.45736899971961975
YDR145W,YKL032C,0,2.3931625,0.16845747828483582,0.9077526926994324,0.4574691951274872
YBR054W,YIL137C,0,2.392984,0.16842679679393768,0.9077526926994324,0.4575693905353546
YPL203W,YLL067C,0,2.392801,0.16839614510536194,0.9077526926994324,0.45766958594322205
YBR085W,YOR136W,0,2.3920913,0.1683654934167862,0.9077526926994324,0.4577697515487671
YPL001W,YDR259C,0,2.3919983,0.16833485662937164,0.9077526926994324,0.4578699469566345
YGL246C,YNL025C,0,2.3911145,0.1683042198419571,0.9077526926994324,0.45797014236450195
YPL056C,YHR020W,0,2.3905468,0.16827359795570374,0.9077526926994324,0.4580703377723694
YGR235C,YDL139C,0,2.3899286,0.16824299097061157,0.9077526926994324,0.4581705331802368
YJR132W,YLR411W,0,2.3898883,0.1682123988866806,0.9077526926994324,0.45827072858810425
YGR097W,YNL251C,0,2.3897128,0.16818182170391083,0.9077526926994324,0.4583708941936493
YPL203W,YDR309C,0,2.389585,0.16815124452114105,0.9077526926994324,0.4584710896015167
YNL233W,YJL179W,0,2.3894463,0.16812068223953247,0.9077526926994324,0.45857128500938416
YPL013C,YGR260W,0,2.389052,0.16809013485908508,0.9077526926994324,0.4586714804172516
YJL181W,YGR266W,0,2.3886352,0.1680595874786377,0.9077526926994324,0.458771675825119
YDR386W,YPL189W,0,2.3881407,0.1680290699005127,0.9077526926994324,0.45887187123298645
YGR211W,YPR133C,0,2.3877134,0.1679985523223877,0.9077526926994324,0.4589720368385315
YCR024C,YDR257C,0,2.3874817,0.1679680347442627,0.9077526926994324,0.4590722322463989
YER044C-A,YCR036W,0,2.3873916,0.16793754696846008,0.9077526926994324,0.45917242765426636
YHR088W,YPR148C,0,2.3872275,0.16790705919265747,0.9077526926994324,0.4592726230621338
YMR214W,YIL008W,1,2.3871343,0.16805808246135712,0.9087340235710144,0.4592726230621338
YCR016W,YKL060C,0,2.3863761,0.1680275797843933,0.9087340235710144,0.4593728184700012
YAL002W,YNL020C,0,2.3863072,0.1679970920085907,0.9087340235710144,0.45947298407554626
YIL013C,YLR194C,0,2.3862376,0.16796661913394928,0.9087340235710144,0.4595731794834137
YKL048C,YDR165W,0,2.3859982,0.16793616116046906,0.9087340235710144,0.45967337489128113
YPL169C,YKL077W,0,2.3854475,0.16790571808815002,0.9087340235710144,0.45977357029914856
YER087C-A,YDR390C,1,2.385214,0.16805656254291534,0.9097154140472412,0.45977357029914856
YPR169W,YHL006C,0,2.3849676,0.16802610456943512,0.9097154140472412,0.459873765707016
YDR023W,YGR245C,0,2.3841076,0.1679956465959549,0.9097154140472412,0.4599739611148834
YML086C,YNL055C,0,2.3838363,0.16796521842479706,0.9097154140472412,0.46007412672042847
YLL024C,YGR003W,0,2.3832498,0.16793477535247803,0.9097154140472412,0.4601743221282959
YNL059C,YNL287W,0,2.3831134,0.16790436208248138,0.9097154140472412,0.46027451753616333
YDR078C,YDL211C,0,2.3830929,0.16787396371364594,0.9097154140472412,0.46037471294403076
YPR100W,YAL026C,0,2.3830097,0.16784356534481049,0.9097154140472412,0.4604749083518982
YKL039W,YER081W,0,2.3829174,0.16781318187713623,0.9097154140472412,0.4605751037597656
YKL141W,YGL246C,0,2.3829043,0.16778279840946198,0.9097154140472412,0.46067526936531067
YGL053W,YOR060C,0,2.3824747,0.1677524447441101,0.9097154140472412,0.4607754647731781
YLR181C,YFR030W,0,2.3820672,0.16772209107875824,0.9097154140472412,0.46087566018104553
YLR001C,YPL235W,0,2.381826,0.16769175231456757,0.9097154140472412,0.46097585558891296
YGR007W,YDR021W,0,2.381177,0.16766142845153809,0.9097154140472412,0.4610760509967804
YER041W,YMR177W,0,2.3808124,0.1676311045885086,0.9097154140472412,0.4611762464046478
YOR193W,YGL093W,0,2.3807743,0.16760079562664032,0.9097154140472412,0.46127641201019287
YKL087C,YML082W,0,2.3807256,0.16757050156593323,0.9097154140472412,0.4613766074180603
YNL167C,YDR365C,0,2.3806796,0.16754020750522614,0.9097154140472412,0.46147680282592773
YDL003W,YBR149W,0,2.37961,0.16750994324684143,0.9097154140472412,0.46157699823379517
YHL011C,YGL238W,0,2.3793359,0.16747967898845673,0.9097154140472412,0.4616771936416626
YOR264W,YHR037W,0,2.379307,0.16744941473007202,0.9097154140472412,0.46177738904953003
YGR244C,YLR328W,0,2.379172,0.1674191802740097,0.9097154140472412,0.4618775546550751
YKL054C,YBL057C,1,2.3787715,0.16756951808929443,0.9106967449188232,0.4618775546550751
YLR333C,YMR001C,0,2.3785086,0.16753926873207092,0.9106967449188232,0.4619777500629425
YAL056W,YPL175W,0,2.3783326,0.1675090193748474,0.9106967449188232,0.46207794547080994
YLR248W,YDR045C,0,2.3777795,0.1674787998199463,0.9106967449188232,0.46217814087867737
YGL073W,YHR033W,0,2.3770401,0.16744858026504517,0.9106967449188232,0.4622783362865448
YPR008W,YKR034W,0,2.3766844,0.16741836071014404,0.9106967449188232,0.46237853169441223
YJL167W,YDR105C,0,2.3763404,0.1673881709575653,0.9106967449188232,0.4624786972999573
YFL025C,YER176W,0,2.3763337,0.16735798120498657,0.9106967449188232,0.4625788927078247
YMR076C,YDL175C,0,2.3762398,0.16732780635356903,0.9106967449188232,0.46267908811569214
YPL234C,YPL239W,0,2.375623,0.1672976315021515,0.9106967449188232,0.46277928352355957
YIL098C,YLR075W,0,2.3742375,0.16726748645305634,0.9106967449188232,0.462879478931427
YHL025W,YOR195W,0,2.3735747,0.16723734140396118,0.9106967449188232,0.46297967433929443
YML120C,YLR466W,0,2.37328,0.16720721125602722,0.9106967449188232,0.4630798399448395
YJL168C,YKR083C,0,2.3731565,0.16717708110809326,0.9106967449188232,0.4631800353527069
YER060W-A,YNL029C,0,2.3730888,0.1671469807624817,0.9106967449188232,0.46328023076057434
YDL135C,YER102W,0,2.3727207,0.16711688041687012,0.9106967449188232,0.4633804261684418
YDR039C,YHL031C,0,2.3721504,0.16708678007125854,0.9106967449188232,0.4634806215763092
YDR372C,YCR065W,0,2.3718085,0.16705670952796936,0.9106967449188232,0.46358081698417664
YBR153W,YLR293C,0,2.371111,0.16702663898468018,0.9106967449188232,0.4636809825897217
YGR024C,YDR397C,0,2.3707516,0.16699658334255219,0.9106967449188232,0.4637811779975891
YBR162W-A,YLR115W,0,2.3702843,0.1669665277004242,0.9106967449188232,0.46388137340545654
YJL162C,YGR017W,0,2.3698626,0.1669365018606186,0.9106967449188232,0.463981568813324
YOR129C,YBR028C,0,2.3694868,0.166906476020813,0.9106967449188232,0.4640817642211914
YIL014W,YGR142W,0,2.3694282,0.16687646508216858,0.9106967449188232,0.46418195962905884
YDL081C,YHR024C,0,2.3683033,0.16684645414352417,0.9106967449188232,0.4642821252346039
YNL076W,YOR060C,0,2.3682292,0.16681647300720215,0.9106967449188232,0.4643823206424713
YML067C,YLR055C,0,2.3680832,0.16678649187088013,0.9106967449188232,0.46448251605033875
YCR106W,YHL035C,0,2.367776,0.1667565107345581,0.9106967449188232,0.4645827114582062
YDR219C,YER087C-A,1,2.3676238,0.1669062227010727,0.91167813539505,0.4645827114582062
YLR223C,YGL093W,0,2.3670774,0.16687624156475067,0.91167813539505,0.4646829068660736
YIL013C,YBR028C,0,2.3667917,0.16684626042842865,0.91167813539505,0.46478310227394104
YMR286W,YDR365C,0,2.366747,0.16681630909442902,0.91167813539505,0.4648832678794861
YML013W,YJR054W,0,2.3652172,0.16678635776042938,0.91167813539505,0.4649834632873535
YLR345W,YKL099C,0,2.3648152,0.16675642132759094,0.91167813539505,0.46508365869522095
YGL129C,YDR179C,0,2.3647273,0.1667264848947525,0.91167813539505,0.4651838541030884
YPR131C,YBL100W-B,0,2.3640106,0.16669657826423645,0.91167813539505,0.4652840495109558
YNL294C,YGL231C,0,2.3637576,0.1666666716337204,0.91167813539505,0.46538424491882324
YJR049C,YMR050C,0,2.3637102,0.16663676500320435,0.91167813539505,0.4654844105243683
YNL023C,YPR086W,0,2.3632925,0.16660688817501068,0.91167813539505,0.4655846059322357
YDR235W,YBR085W,0,2.3623827,0.16657701134681702,0.91167813539505,0.46568480134010315
YDR482C,YJL035C,0,2.362272,0.16654714941978455,0.91167813539505,0.4657849967479706
YDL175C,YGL192W,0,2.3617826,0.16651730239391327,0.91167813539505,0.465885192155838
YHR103W,YOR078W,0,2.3611815,0.166487455368042,0.91167813539505,0.46598535776138306
YNL056W,YER044C-A,0,2.3609219,0.1664576232433319,0.91167813539505,0.4660855531692505
YMR226C,YKL063C,0,2.3607287,0.16642780601978302,0.91167813539505,0.4661857485771179
YFR047C,YBL013W,0,2.3605661,0.16639798879623413,0.91167813539505,0.46628594398498535
YGL195W,YBR162C,0,2.3603878,0.16636820137500763,0.91167813539505,0.4663861393928528
YMR055C,YHR202W,0,2.3601453,0.16633839905261993,0.91167813539505,0.4664863348007202
YOR264W,YOR260W,0,2.3600798,0.16630862653255463,0.91167813539505,0.46658650040626526
YPR095C,YFR030W,0,2.359837,0.1662788689136505,0.91167813539505,0.4666866958141327
YDL240W,YDR350C,0,2.3598301,0.1662491112947464,0.91167813539505,0.4667868912220001
YDR482C,YKL110C,0,2.3587918,0.16621935367584229,0.91167813539505,0.46688708662986755
YDR280W,YGL167C,0,2.3578355,0.16618962585926056,0.91167813539505,0.466987282037735
YOL098C,YHR210C,0,2.3576365,0.16615989804267883,0.91167813539505,0.4670874774456024
YIL019W,YNL054W,0,2.3573155,0.1661301851272583,0.91167813539505,0.46718764305114746
YMR076C,YDL012C,0,2.3568115,0.16610048711299896,0.91167813539505,0.4672878384590149
YGR122W,YLL057C,0,2.3566732,0.16607078909873962,0.91167813539505,0.4673880338668823
YDR345C,YMR101C,0,2.3563938,0.16604110598564148,0.91167813539505,0.46748822927474976
YOR002W,YLL066C,0,2.3562703,0.16601143777370453,0.91167813539505,0.4675884246826172
YOL032W,YLR451W,0,2.354978,0.16598176956176758,0.91167813539505,0.4676886200904846
YBR130C,YOL042W,0,2.3542376,0.16595213115215302,0.91167813539505,0.46778878569602966
YOR241W,YCR005C,0,2.35407,0.16592249274253845,0.91167813539505,0.4678889811038971
YDR127W,YAL068C,0,2.3530598,0.1658928543329239,0.91167813539505,0.4679891765117645
YPR188C,YHR073W,0,2.3523035,0.1658632457256317,0.91167813539505,0.46808937191963196
YML100W,YCR086W,0,2.3519316,0.16583363711833954,0.91167813539505,0.4681895673274994
YPR097W,YKL114C,0,2.3515072,0.16580402851104736,0.91167813539505,0.4682897627353668
YGR017W,YEL024W,0,2.3513772,0.16577444970607758,0.91167813539505,0.46838992834091187
YDL081C,YPR068C,0,2.3513167,0.1657448709011078,0.91167813539505,0.4684901237487793
YCR107W,YPR008W,0,2.3513117,0.1657153069972992,0.91167813539505,0.46859031915664673
YGR181W,YBL025W,0,2.3511753,0.1656857430934906,0.91167813539505,0.46869051456451416
YMR192W,YDR372C,0,2.3510048,0.1656562089920044,0.91167813539505,0.4687907099723816
YLR411W,YNL288W,0,2.3510008,0.1656266748905182,0.91167813539505,0.468890905380249
YOR087W,YIL144W,0,2.35082,0.16559714078903198,0.91167813539505,0.46899107098579407
YNR071C,YBR121C,0,2.3505921,0.16556763648986816,0.91167813539505,0.4690912663936615
YDR490C,YER102W,0,2.3500733,0.16553813219070435,0.91167813539505,0.46919146180152893
YMR274C,YDR292C,0,2.3499641,0.16550864279270172,0.91167813539505,0.46929165720939636
YGR254W,YDL087C,0,2.3497636,0.1654791533946991,0.91167813539505,0.4693918526172638
YDR127W,YDR179C,0,2.3492837,0.16544969379901886,0.91167813539505,0.4694920480251312
YOR087W,YDR145W,0,2.348537,0.16542023420333862,0.91167813539505,0.46959221363067627
YGL098W,YJL168C,0,2.3472874,0.1653907746076584,0.91167813539505,0.4696924090385437
YLR023C,YKR072C,0,2.347217,0.16536134481430054,0.91167813539505,0.46979260444641113
YNL063W,YPL253C,0,2.346937,0.1653319150209427,0.91167813539505,0.46989279985427856
YFL009W,YIL008W,1,2.3469245,0.16548041999340057,0.9126594662666321,0.46989279985427856
YKL150W,YDR190C,0,2.3466945,0.16545099020004272,0.9126594662666321,0.469992995262146
YHR149C,YGL219C,0,2.3465157,0.16542156040668488,0.9126594662666321,0.4700931906700134
YIL075C,YPR148C,0,2.3462396,0.16539214551448822,0.9126594662666321,0.47019335627555847
YHL017W,YGL005C,0,2.3460565,0.16536273062229156,0.9126594662666321,0.4702935516834259
YML023C,YOR132W,0,2.3458207,0.1653333306312561,0.9126594662666321,0.47039374709129333
YNL045W,YLL006W,0,2.3457217,0.16530394554138184,0.9126594662666321,0.47049394249916077
YKR075C,YHR113W,0,2.3451855,0.16527457535266876,0.9126594662666321,0.4705941379070282
YOL042W,YCL054W,0,2.344917,0.1652452051639557,0.9126594662666321,0.47069433331489563
YNL233W,YKR083C,0,2.344617,0.1652158498764038,0.9126594662666321,0.4707944989204407
YPL225W,YDL012C,0,2.3443692,0.16518649458885193,0.9126594662666321,0.4708946943283081
YDR482C,YIL013C,0,2.3439975,0.16515716910362244,0.9126594662666321,0.47099488973617554
YCR058C,YLR007W,0,2.343902,0.16512784361839294,0.9126594662666321,0.47109508514404297
YFR038W,YJR054W,0,2.3429575,0.16509853303432465,0.9126594662666321,0.4711952805519104
YNL263C,YPR037C,0,2.3417945,0.16506922245025635,0.9126594662666321,0.47129547595977783
YOR266W,YEL006W,0,2.340921,0.16503992676734924,0.9126594662666321,0.4713956415653229
YPL138C,YFL026W,0,2.3406258,0.16501064598560333,0.9126594662666321,0.4714958369731903
YPR174C,YIL018W,0,2.3406076,0.16498138010501862,0.9126594662666321,0.47159603238105774
YML023C,YPR134W,0,2.3401775,0.1649521142244339,0.9126594662666321,0.47169622778892517
YOR068C,YBR149W,0,2.339963,0.16492286324501038,0.9126594662666321,0.4717964231967926
YJL183W,YCL044C,0,2.3390431,0.16489361226558685,0.9126594662666321,0.47189658880233765
YAL048C,YPR131C,0,2.3385856,0.16486439108848572,0.9126594662666321,0.4719967842102051
YNL038W,YJL035C,0,2.3382566,0.16483516991138458,0.9126594662666321,0.4720969796180725
YMR048W,YDL018C,0,2.3381684,0.16480594873428345,0.9126594662666321,0.47219717502593994
YLL016W,YIL148W,0,2.3381433,0.1647767573595047,0.9126594662666321,0.4722973704338074
YML127W,YPL225W,0,2.3379922,0.16474756598472595,0.9126594662666321,0.4723975658416748
YFR024C-A,YBL038W,0,2.337868,0.1647183895111084,0.9126594662666321,0.47249773144721985
YKR079C,YCL012W,0,2.3376331,0.16468921303749084,0.9126594662666321,0.4725979268550873
YBR162W-A,YNR059W,0,2.3372407,0.16466005146503448,0.9126594662666321,0.4726981222629547
YDL240W,YHR113W,0,2.3367116,0.16463090479373932,0.9126594662666321,0.47279831767082214
YJL173C,YPL135W,0,2.3366382,0.16460177302360535,0.9126594662666321,0.4728985130786896
YFR014C,YDR160W,0,2.3358731,0.16457264125347137,0.9126594662666321,0.472998708486557
YDL081C,YHR103W,0,2.3358307,0.1645435243844986,0.9126594662666321,0.47309887409210205
YHR113W,YJL179W,0,2.33562,0.164514422416687,0.9126594662666321,0.4731990694999695
YOR049C,YJR049C,0,2.3355262,0.16448532044887543,0.9126594662666321,0.4732992649078369
YGL058W,YPL253C,0,2.3355222,0.16445623338222504,0.9126594662666321,0.47339946031570435
YIL106W,YDR386W,0,2.3354106,0.16442716121673584,0.9126594662666321,0.4734996557235718
YLL048C,YMR081C,0,2.334794,0.16439808905124664,0.9126594662666321,0.4735998511314392
YJL173C,YGL226W,0,2.3347776,0.16436903178691864,0.9126594662666321,0.47370001673698425
YDR397C,YDR284C,0,2.3346126,0.16433998942375183,0.9126594662666321,0.4738002121448517
YFR016C,YER032W,0,2.334538,0.16431094706058502,0.9126594662666321,0.4739004075527191
YHL038C,YLR384C,0,2.334468,0.1642819344997406,0.9126594662666321,0.47400060296058655
YPR114W,YPL168W,0,2.3340878,0.16425290703773499,0.9126594662666321,0.474100798368454
YGL243W,YCL044C,0,2.3340688,0.16422390937805176,0.9126594662666321,0.4742009937763214
YDL220C,YCR016W,0,2.3340657,0.16419491171836853,0.9126594662666321,0.47430115938186646
YPR095C,YDR110W,0,2.333846,0.1641659289598465,0.9126594662666321,0.4744013547897339
YIL052C,YDR276C,0,2.3335576,0.16413696110248566,0.9126594662666321,0.4745015501976013
YMR076C,YDL235C,0,2.3333917,0.16410799324512482,0.9126594662666321,0.47460174560546875
YMR059W,YIL153W,0,2.3327785,0.16407904028892517,0.9126594662666321,0.4747019410133362
YLR001C,YJL069C,0,2.332611,0.16405010223388672,0.9126594662666321,0.4748021364212036
YNL063W,YBR162C,0,2.332522,0.16402116417884827,0.9126594662666321,0.47490230202674866
YNL132W,YPL225W,0,2.3322692,0.163992241024971,0.9126594662666321,0.4750024974346161
YNL176C,YKL077W,0,2.3320155,0.16396333277225494,0.9126594662666321,0.4751026928424835
YPL115C,YHR014W,0,2.3317218,0.16393442451953888,0.9126594662666321,0.47520288825035095
YMR158W,YGR129W,0,2.3312922,0.163905531167984,0.9126594662666321,0.4753030836582184
YHL017W,YML061C,0,2.3308723,0.16387665271759033,0.9126594662666321,0.4754032790660858
YDR002W,YIL046W,1,2.3308063,0.1640239655971527,0.9136407971382141,0.4754032790660858
YLR052W,YHR114W,0,2.3300185,0.16399507224559784,0.9136407971382141,0.47550344467163086
YHL038C,YBR218C,0,2.3294702,0.16396617889404297,0.9136407971382141,0.4756036400794983
YOR045W,YKL054C,0,2.3288164,0.16393731534481049,0.9136407971382141,0.4757038354873657
YOR019W,YOR079C,0,2.3287,0.163908451795578,0.9136407971382141,0.47580403089523315
YDL235C,YCL067C,0,2.3284636,0.1638796031475067,0.9136407971382141,0.4759042263031006
YML098W,YCR035C,0,2.328354,0.16385075449943542,0.9136407971382141,0.476004421710968
YLL031C,YBR131W,0,2.3282895,0.16382192075252533,0.9136407971382141,0.47610458731651306
YJL012C,YCR105W,0,2.3281927,0.16379310190677643,0.9136407971382141,0.4762047827243805
YPL224C,YDR028C,0,2.3279772,0.16376429796218872,0.9136407971382141,0.4763049781322479
YMR220W,YJL035C,0,2.3279228,0.163735494017601,0.9136407971382141,0.47640517354011536
YDL105W,YDR308C,0,2.3278093,0.1637067049741745,0.9136407971382141,0.4765053689479828
YOR260W,YPL097W,0,2.3276846,0.16367791593074799,0.9136407971382141,0.4766055643558502
YPR110C,YIL120W,0,2.3265572,0.16364914178848267,0.9136407971382141,0.47670572996139526
YKL002W,YJR099W,1,2.3263898,0.16379612684249878,0.9146221876144409,0.47670572996139526
YGR204W,YDL209C,0,2.3263052,0.16376735270023346,0.9146221876144409,0.4768059253692627
YEL039C,YOR372C,0,2.3258934,0.16373857855796814,0.9146221876144409,0.4769061207771301
YBR078W,YJL001W,0,2.3258157,0.163709819316864,0.9146221876144409,0.47700631618499756
YDR098C,YPL063W,0,2.3255188,0.16368107497692108,0.9146221876144409,0.477106511592865
YGR235C,YNR024W,0,2.3246212,0.16365233063697815,0.9146221876144409,0.4772067070007324
YPR086W,YKL005C,0,2.3245652,0.1636236011981964,0.9146221876144409,0.47730687260627747
YEL048C,YOR258W,0,2.3244686,0.16359487175941467,0.9146221876144409,0.4774070680141449
YER155C,YGR003W,0,2.3244653,0.16356615722179413,0.9146221876144409,0.47750726342201233
YLR234W,YNL029C,0,2.3244474,0.16353745758533478,0.9146221876144409,0.47760745882987976
YHR001W-A,YNL076W,0,2.3243456,0.16350877285003662,0.9146221876144409,0.4777076542377472
YCL017C,YDR359C,0,2.324312,0.16348008811473846,0.9146221876144409,0.4778078496456146
YNL328C,YDL240W,0,2.32431,0.1634514182806015,0.9146221876144409,0.47790801525115967
YNL176C,YIR026C,0,2.3236716,0.16342276334762573,0.9146221876144409,0.4780082106590271
YNR032C-A,YIL075C,1,2.3236437,0.16356942057609558,0.915603518486023,0.4780082106590271
YJL078C,YER033C,0,2.3233302,0.16354075074195862,0.915603518486023,0.47810840606689453
YLR001C,YHR133C,0,2.3233123,0.16351209580898285,0.915603518486023,0.47820860147476196
YOR032C,YKL197C,0,2.323274,0.16348344087600708,0.915603518486023,0.4783087968826294
YMR035W,YPL254W,0,2.3227353,0.1634548008441925,0.915603518486023,0.47840896248817444
YHR139C,YGR004W,0,2.321509,0.16342617571353912,0.915603518486023,0.47850915789604187
YAL056W,YJR131W,0,2.3209221,0.16339755058288574,0.915603518486023,0.4786093533039093
YML031W,YHR114W,0,2.320673,0.16336894035339355,0.915603518486023,0.47870954871177673
YJR084W,YLR061W,0,2.3204079,0.16334033012390137,0.915603518486023,0.47880974411964417
YDR308C,YCR065W,0,2.3196123,0.16331174969673157,0.915603518486023,0.4789099395275116
YIL064W,YMR274C,0,2.3193445,0.16328316926956177,0.915603518486023,0.47901010513305664
YJR035W,YCL068C,0,2.3193362,0.16325458884239197,0.915603518486023,0.4791103005409241
YHR037W,YNL118C,0,2.3189754,0.16322603821754456,0.915603518486023,0.4792104959487915
YHR134W,YJL034W,1,2.3189495,0.16337239742279053,0.9165849089622498,0.4792104959487915
YDR301W,YGL127C,0,2.3189416,0.16334383189678192,0.9165849089622498,0.47931069135665894
YML057W,YNL038W,0,2.3187766,0.16331526637077332,0.9165849089622498,0.47941088676452637
YMR050C,YGL151W,0,2.317793,0.1632867157459259,0.9165849089622498,0.4795110821723938
YOL009C,YPL210C,0,2.3172626,0.1632581651210785,0.9165849089622498,0.47961124777793884
YOR156C,YAL028W,0,2.3170333,0.16322964429855347,0.9165849089622498,0.4797114431858063
YLR352W,YKL210W,1,2.316772,0.1633758544921875,0.9175662398338318,0.4797114431858063
YDR091C,YPL161C,0,2.3167245,0.1633473038673401,0.9175662398338318,0.4798116385936737
YGL025C,YPR106W,0,2.3165083,0.16331878304481506,0.9175662398338318,0.47991183400154114
YIL144W,YPL225W,0,2.316162,0.16329026222229004,0.9175662398338318,0.48001202940940857
YNL068C,YML082W,0,2.3159695,0.16326174139976501,0.9175662398338318,0.480112224817276
YDR148C,YBL087C,0,2.3159,0.16323323547840118,0.9175662398338318,0.48021239042282104
YLL018C-A,YLR044C,0,2.3155425,0.16320474445819855,0.9175662398338318,0.4803125858306885
YOR087W,YPR120C,0,2.3146682,0.1631762683391571,0.9175662398338318,0.4804127812385559
YJL179W,YNL029C,0,2.314522,0.16314779222011566,0.9175662398338318,0.48051297664642334
YML021C,YPR161C,0,2.3135366,0.1631193310022354,0.9175662398338318,0.48061317205429077
YDL003W,YLR360W,0,2.3131995,0.16309088468551636,0.9175662398338318,0.4807133674621582
YLL048C,YLR001C,0,2.312938,0.1630624383687973,0.9175662398338318,0.48081353306770325
YER179W,YLR011W,0,2.3128717,0.16303400695323944,0.9175662398338318,0.4809137284755707
YLR017W,YJR050W,0,2.3112605,0.16300557553768158,0.9175662398338318,0.4810139238834381
YBL057C,YJR099W,1,2.3102849,0.16315147280693054,0.9185475707054138,0.4810139238834381
YLR190W,YBR168W,0,2.309999,0.16312304139137268,0.9185475707054138,0.48111411929130554
YJL058C,YNL029C,0,2.3099723,0.16309460997581482,0.9185475707054138,0.481214314699173
YOL122C,YBL051C,0,2.308651,0.16306620836257935,0.9185475707054138,0.4813145101070404
YOR018W,YKR064W,0,2.308527,0.16303779184818268,0.9185475707054138,0.48141467571258545
YDR482C,YPL061W,0,2.3078318,0.1630094051361084,0.9185475707054138,0.4815148711204529
YPL063W,YMR001C,0,2.3072596,0.16298101842403412,0.9185475707054138,0.4816150665283203
YDR513W,YNR024W,0,2.3071895,0.16295264661312103,0.9185475707054138,0.48171526193618774
YDR323C,YOL078W,0,2.3069656,0.16292427480220795,0.9185475707054138,0.4818154573440552
YDR323C,YNL247W,0,2.3066149,0.16289593279361725,0.9185475707054138,0.4819156527519226
YDR323C,YIL173W,0,2.3056655,0.16286757588386536,0.9185475707054138,0.48201581835746765
YPL141C,YIL038C,0,2.3055882,0.16283924877643585,0.9185475707054138,0.4821160137653351
YKL063C,YPL006W,0,2.305194,0.16281092166900635,0.9185475707054138,0.4822162091732025
YGR212W,YOR252W,0,2.3050702,0.16278260946273804,0.9185475707054138,0.48231640458106995
YOL012C,YDR135C,0,2.3042252,0.16275429725646973,0.9185475707054138,0.4824165999889374
YBR254C,YKL138C,0,2.3042,0.1627260148525238,0.9185475707054138,0.4825167953968048
YOL055C,YDR397C,0,2.3035402,0.1626977175474167,0.9185475707054138,0.48261696100234985
YGR024C,YLR347C,0,2.303153,0.16266945004463196,0.9185475707054138,0.4827171564102173
YGR165W,YGL064C,0,2.30305,0.16264118254184723,0.9185475707054138,0.4828173518180847
YDL220C,YDR515W,0,2.30239,0.1626129299402237,0.9185475707054138,0.48291754722595215
YDR437W,YKR031C,0,2.3022156,0.16258467733860016,0.9185475707054138,0.4830177426338196
YNL045W,YNL048W,0,2.302115,0.16255643963813782,0.9185475707054138,0.483117938041687
YBR233W-A,YNL038W,0,2.3011768,0.16252821683883667,0.9185475707054138,0.48321810364723206
YOR262W,YKL149C,0,2.3011036,0.16249999403953552,0.9185475707054138,0.4833182990550995
YLR426W,YDL189W,0,2.3004897,0.16247178614139557,0.9185475707054138,0.4834184944629669
YKR099W,YER015W,0,2.3002658,0.1624435931444168,0.9185475707054138,0.48351868987083435
YBR295W,YGL085W,0,2.3002381,0.16241541504859924,0.9185475707054138,0.4836188852787018
YLR299W,YER159C,0,2.30003,0.16238723695278168,0.9185475707054138,0.4837190806865692
YLR223C,YER063W,0,2.2998328,0.1623590588569641,0.9185475707054138,0.48381924629211426
YIL075C,YGR202C,0,2.2997563,0.16233091056346893,0.9185475707054138,0.4839194416999817
YDL220C,YDR350C,0,2.2996917,0.16230276226997375,0.9185475707054138,0.4840196371078491
YBR208C,YPR120C,0,2.2995582,0.16227461397647858,0.9185475707054138,0.48411983251571655
YJL110C,YPR188C,0,2.2993731,0.1622464954853058,0.9185475707054138,0.484220027923584
YCR086W,YBR272C,0,2.2993112,0.162218376994133,0.9185475707054138,0.48432019352912903
YJR131W,YFL016C,1,2.2992272,0.16236354410648346,0.9195289611816406,0.48432019352912903
YGR254W,YHR009C,0,2.299111,0.16233541071414948,0.9195289611816406,0.48442038893699646
YDR482C,YBR100W,0,2.2989976,0.16230729222297668,0.9195289611816406,0.4845205843448639
YLR411W,YGL064C,0,2.2987857,0.1622791886329651,0.9195289611816406,0.4846207797527313
YKL132C,YJR054W,0,2.2984495,0.1622510850429535,0.9195289611816406,0.48472097516059875
YGR235C,YGL167C,0,2.2977672,0.1622229963541031,0.9195289611816406,0.4848211705684662
YMR175W,YFL056C,0,2.2970269,0.16219490766525269,0.9195289611816406,0.48492133617401123
YGR078C,YOR316C,0,2.2970161,0.16216683387756348,0.9195289611816406,0.48502153158187866
YNR048W,YPR148C,0,2.2967708,0.16213877499103546,0.9195289611816406,0.4851217269897461
YHR103W,YIR026C,0,2.2965624,0.16211073100566864,0.9195289611816406,0.4852219223976135
YML041C,YGL027C,0,2.2960923,0.16208268702030182,0.9195289611816406,0.48532211780548096
YHR169W,YLR347C,0,2.2956424,0.1620546579360962,0.9195289611816406,0.4854223132133484
YER033C,YDR469W,0,2.2954068,0.16202662885189056,0.9195289611816406,0.48552247881889343
YEL048C,YNR019W,0,2.2948601,0.16199861466884613,0.9195289611816406,0.48562267422676086
YGL076C,YDR469W,0,2.2931318,0.1619706153869629,0.9195289611816406,0.4857228696346283
YMR318C,YPL056C,0,2.2925396,0.16194261610507965,0.9195289611816406,0.4858230650424957
YLR223C,YGR178C,0,2.2925391,0.1619146317243576,0.9195289611816406,0.48592326045036316
YLL024C,YKL149C,0,2.292304,0.16188666224479675,0.9195289611816406,0.4860234558582306
YKR096W,YDL117W,0,2.2921467,0.1618586927652359,0.9195289611816406,0.48612362146377563
YNL183C,YNL068C,0,2.2918985,0.16183073818683624,0.9195289611816406,0.48622381687164307
YOR004W,YNL173C,0,2.2913935,0.16180279850959778,0.9195289611816406,0.4863240122795105
YLR143W,YOR113W,0,2.2906418,0.16177485883235931,0.9195289611816406,0.48642420768737793
YJR153W,YGL111W,0,2.29034,0.16174693405628204,0.9195289611816406,0.48652440309524536
YHR120W,YKR049C,0,2.289347,0.16171902418136597,0.9195289611816406,0.4866245985031128
YLR377C,YMR237W,0,2.2891147,0.1616911143064499,0.9195289611816406,0.48672476410865784
YKL069W,YBL007C,0,2.288221,0.161663219332695,0.9195289611816406,0.48682495951652527
YNR052C,YCR005C,0,2.288206,0.16163532435894012,0.9195289611816406,0.4869251549243927
YPL234C,YBR168W,0,2.2870743,0.16160744428634644,0.9195289611816406,0.48702535033226013
YPR169W,YPL253C,0,2.2867656,0.16157957911491394,0.9195289611816406,0.48712554574012756
YJR118C,YLR181C,0,2.2864952,0.16155172884464264,0.9195289611816406,0.487225741147995
YER056C,YIL005W,0,2.2864833,0.16152387857437134,0.9195289611816406,0.48732590675354004
YPL056C,YLL021W,0,2.2859824,0.16149604320526123,0.9195289611816406,0.48742610216140747
YOR011W,YDR437W,0,2.2852747,0.16146820783615112,0.9195289611816406,0.4875262975692749
YPL209C,YFL049W,0,2.2829983,0.1614403873682022,0.9195289611816406,0.48762649297714233
YGR078C,YNR071C,0,2.2827978,0.1614125818014145,0.9195289611816406,0.48772668838500977
YOR065W,YPL161C,0,2.2815988,0.16138477623462677,0.9195289611816406,0.4878268837928772
YKL014C,YHR111W,0,2.2812295,0.16135698556900024,0.9195289611816406,0.48792704939842224
YGL107C,YHL050C,0,2.2802167,0.16132919490337372,0.9195289611816406,0.4880272448062897
YDL135C,YHR020W,0,2.2797747,0.16130143404006958,0.9195289611816406,0.4881274402141571
YOR087W,YPR148C,0,2.2796695,0.16127367317676544,0.9195289611816406,0.48822763562202454
YPR067W,YFL026W,0,2.2792044,0.1612459123134613,0.9195289611816406,0.48832783102989197
YJL094C,YGL005C,0,2.2789547,0.16121816635131836,0.9195289611816406,0.4884280264377594
YAL028W,YPR017C,0,2.2786148,0.1611904352903366,0.9195289611816406,0.48852819204330444
YPR148C,YNL123W,0,2.2777524,0.16116270422935486,0.9195289611816406,0.4886283874511719
YCL017C,YHR033W,0,2.2764955,0.1611350029706955,0.9195289611816406,0.4887285828590393
YLR345W,YBR218C,0,2.276381,0.16110728681087494,0.9195289611816406,0.48882877826690674
YIL064W,YBL063W,0,2.276336,0.16107960045337677,0.9195289611816406,0.48892897367477417
YBL072C,YOR341W,0,2.2760358,0.1610519140958786,0.9195289611816406,0.4890291690826416
YER033C,YHR120W,0,2.2758749,0.16102422773838043,0.9195289611816406,0.48912933468818665
YIR031C,YHR080C,0,2.275466,0.16099655628204346,0.9195289611816406,0.4892295300960541
YKL191W,YJR131W,0,2.2754312,0.16096889972686768,0.9195289611816406,0.4893297255039215
YPL262W,YPR148C,0,2.2747145,0.1609412580728531,0.9195289611816406,0.48942992091178894
YOL055C,YDR025W,0,2.2745192,0.1609136164188385,0.9195289611816406,0.48953011631965637
YJL045W,YBR005W,0,2.2742796,0.1608859896659851,0.9195289611816406,0.4896303117275238
YLR258W,YNL133C,0,2.2736628,0.1608583629131317,0.9195289611816406,0.48973047733306885
YDR367W,YOL069W,0,2.2730513,0.1608307659626007,0.9195289611816406,0.4898306727409363
YNL250W,YKL192C,0,2.2726674,0.1608031541109085,0.9195289611816406,0.4899308681488037
YOL032W,YGR094W,0,2.272636,0.1607755720615387,0.9195289611816406,0.49003106355667114
YIL118W,YNR037C,0,2.2722726,0.16074799001216888,0.9195289611816406,0.4901312589645386
YGR161C,YIL173W,0,2.2718549,0.16072040796279907,0.9195289611816406,0.490231454372406
YDR021W,YLR460C,0,2.27145,0.16069285571575165,0.9195289611816406,0.49033161997795105
YPR106W,YHR113W,0,2.2710533,0.16066528856754303,0.9195289611816406,0.4904318153858185
YJR153W,YGL105W,0,2.2699919,0.1606377512216568,0.9195289611816406,0.4905320107936859
YGL107C,YKL080W,0,2.2699366,0.16061021387577057,0.9195289611816406,0.49063220620155334
YNL167C,YLL014W,0,2.2697222,0.16058269143104553,0.9195289611816406,0.4907324016094208
YIL075C,YCL005W-A,0,2.269493,0.1605551689863205,0.9195289611816406,0.4908325672149658
YDR268W,YDR257C,0,2.2693703,0.16052766144275665,0.9195289611816406,0.49093276262283325
YNL221C,YOR260W,0,2.2691793,0.160500168800354,0.9195289611816406,0.4910329580307007
YAL056W,YOR079C,0,2.269174,0.16047269105911255,0.9195289611816406,0.4911331534385681
YOL098C,YMR243C,0,2.2688959,0.1604451984167099,0.9195289611816406,0.49123334884643555
YLR411W,YHR214W,0,2.268621,0.16041773557662964,0.9195289611816406,0.491333544254303
YDR345C,YBR060C,0,2.2684584,0.16039027273654938,0.9195289611816406,0.491433709859848
YKR096W,YNL048W,0,2.2682498,0.1603628247976303,0.9195289611816406,0.49153390526771545
YAL019W,YDR528W,0,2.2682335,0.16033539175987244,0.9195289611816406,0.4916341006755829
YIL013C,YMR230W,0,2.2682092,0.16030795872211456,0.9195289611816406,0.4917342960834503
YMR242C,YML096W,0,2.2681885,0.16028054058551788,0.9195289611816406,0.49183449149131775
YDR490C,YLR384C,0,2.2680678,0.1602531224489212,0.9195289611816406,0.4919346868991852
YMR304W,YLR360W,1,2.267593,0.16039671003818512,0.9205102920532227,0.4919346868991852
YMR242C,YLR352W,0,2.2672482,0.16036929190158844,0.9205102920532227,0.4920348525047302
YLL048C,YKL150W,0,2.2666512,0.16034187376499176,0.9205102920532227,0.49213504791259766
YOR032C,YML102W,0,2.2662325,0.16031447052955627,0.9205102920532227,0.4922352433204651
YOR136W,YKL048C,0,2.2659898,0.16028708219528198,0.9205102920532227,0.4923354387283325
YMR184W,YPL072W,1,2.2652738,0.16043055057525635,0.9214916825294495,0.4923354387283325
YEL018W,YDR160W,0,2.2648814,0.16040314733982086,0.9214916825294495,0.49243563413619995
YGR204W,YMR195W,0,2.2648644,0.16037574410438538,0.9214916825294495,0.4925358295440674
YDR092W,YGL085W,0,2.2647386,0.16034835577011108,0.9214916825294495,0.4926359951496124
YHR148W,YMR059W,0,2.2644982,0.16032098233699799,0.9214916825294495,0.49273619055747986
YCL016C,YLR220W,0,2.2644587,0.1602936089038849,0.9214916825294495,0.4928363859653473
YPR095C,YML047C,0,2.2643383,0.16026625037193298,0.9214916825294495,0.4929365813732147
YML067C,YHL035C,0,2.2637908,0.16023890674114227,0.9214916825294495,0.49303677678108215
YPL221W,YNR055C,0,2.263728,0.16021156311035156,0.9214916825294495,0.4931369721889496
YER032W,YMR177W,0,2.2636015,0.16018423438072205,0.9214916825294495,0.49323713779449463
YBL100W-B,YCR106W,0,2.2634678,0.16015692055225372,0.9214916825294495,0.49333733320236206
YLL018C-A,YDL106C,0,2.2633781,0.1601296067237854,0.9214916825294495,0.4934375286102295
YOR264W,YPL175W,0,2.262204,0.16010230779647827,0.9214916825294495,0.4935377240180969
YPR003C,YGR244C,0,2.2620773,0.16007500886917114,0.9214916825294495,0.49363791942596436
YPL115C,YBR028C,0,2.2613473,0.1600477248430252,0.9214916825294495,0.4937381148338318
YGR212W,YJR049C,0,2.261022,0.16002045571804047,0.9214916825294495,0.49383828043937683
YGL096W,YEL006W,0,2.2605941,0.15999318659305573,0.9214916825294495,0.49393847584724426
YEL018W,YIL038C,0,2.2594833,0.15996593236923218,0.9214916825294495,0.4940386712551117
YDL087C,YNL055C,0,2.259317,0.15993867814540863,0.9214916825294495,0.4941388666629791
YFR010W,YGR296W,0,2.2580638,0.15991143882274628,0.9214916825294495,0.49423906207084656
YBR112C,YHR037W,0,2.2558012,0.15988421440124512,0.9214916825294495,0.494339257478714
YFL005W,YOL061W,0,2.2544365,0.15985698997974396,0.9214916825294495,0.49443942308425903
YMR232W,YDR257C,0,2.2542815,0.159829780459404,0.9214916825294495,0.49453961849212646
YLR293C,YMR207C,0,2.2542796,0.15980258584022522,0.9214916825294495,0.4946398138999939
YKL191W,YER028C,0,2.2537246,0.15977539122104645,0.9214916825294495,0.49474000930786133
YML100W,YJL212C,0,2.253302,0.15974821150302887,0.9214916825294495,0.49484020471572876
YOR334W,YKL132C,0,2.2532258,0.15972104668617249,0.9214916825294495,0.4949404001235962
YBR114W,YKL138C-A,0,2.2530227,0.1596938818693161,0.9214916825294495,0.49504056572914124
YGL098W,YLR200W,0,2.2530122,0.15966671705245972,0.9214916825294495,0.49514076113700867
YCR036W,YPR148C,0,2.252529,0.15963958203792572,0.9214916825294495,0.4952409565448761
YER062C,YDR500C,0,2.252118,0.15961244702339172,0.9214916825294495,0.49534115195274353
YHR142W,YMR050C,0,2.2518914,0.15958531200885773,0.9214916825294495,0.49544134736061096
YOR253W,YNL246W,0,2.2509496,0.15955819189548492,0.9214916825294495,0.4955415427684784
YJR120W,YKR100C,0,2.2505083,0.15953108668327332,0.9214916825294495,0.49564170837402344
YMR286W,YDR372C,0,2.2502265,0.1595039963722229,0.9214916825294495,0.49574190378189087
YKR078W,YBL014C,0,2.2493167,0.15947690606117249,0.9214916825294495,0.4958420991897583
YOR253W,YHR194W,0,2.2488718,0.15944981575012207,0.9214916825294495,0.49594229459762573
YNL020C,YNL024C,0,2.248428,0.15942275524139404,0.9214916825294495,0.49604249000549316
YPR161C,YHR149C,0,2.24818,0.15939569473266602,0.9214916825294495,0.4961426854133606
YGL073W,YKL040C,0,2.2478914,0.159368634223938,0.9214916825294495,0.49624285101890564
YLR347C,YDR301W,0,2.247345,0.15934158861637115,0.9214916825294495,0.49634304642677307
YER100W,YFL061W,0,2.246553,0.15931455790996552,0.9214916825294495,0.4964432418346405
YJR150C,YLR337C,0,2.2465496,0.15928752720355988,0.9214916825294495,0.49654343724250793
YIL056W,YPL075W,0,2.2458653,0.15926051139831543,0.9214916825294495,0.49664363265037537
YFL011W,YPL117C,0,2.2453463,0.15923351049423218,0.9214916825294495,0.4967438280582428
YFR025C,YGR260W,0,2.2453206,0.15920650959014893,0.9214916825294495,0.49684399366378784
YPR148C,YBR301W,0,2.2438993,0.15917952358722687,0.9214916825294495,0.4969441890716553
YJL167W,YHR120W,0,2.2437658,0.1591525375843048,0.9214916825294495,0.4970443844795227
YOL012C,YLR019W,0,2.243267,0.15912556648254395,0.9214916825294495,0.49714457988739014
YKL149C,YBL014C,0,2.2432058,0.15909861028194427,0.9214916825294495,0.49724477529525757
YJL181W,YJL186W,0,2.242807,0.1590716540813446,0.9214916825294495,0.4973449409008026
YMR063W,YJL167W,0,2.2427359,0.15904471278190613,0.9214916825294495,0.49744513630867004
YMR063W,YDR516C,0,2.2426078,0.15901778638362885,0.9214916825294495,0.4975453317165375
YMR261C,YNL081C,0,2.242477,0.15899085998535156,0.9214916825294495,0.4976455271244049
YHR037W,YKL063C,0,2.242372,0.15896394848823547,0.9214916825294495,0.49774572253227234
YPR143W,YEL019C,0,2.2423587,0.15893703699111938,0.9214916825294495,0.49784591794013977
YPL137C,YJL045W,0,2.2408605,0.1589101403951645,0.9214916825294495,0.4979460835456848
YGR099W,YKR027W,0,2.240477,0.1588832437992096,0.9214916825294495,0.49804627895355225
YJR046W,YIL130W,0,2.2401202,0.1588563621044159,0.9214916825294495,0.4981464743614197
YEL001C,YML086C,0,2.240056,0.1588294953107834,0.9214916825294495,0.4982466697692871
YDR435C,YKL114C,0,2.2396965,0.15880264341831207,0.9214916825294495,0.49834686517715454
YGR099W,YNL145W,0,2.2396255,0.15877579152584076,0.9214916825294495,0.498447060585022
YJL216C,YLR337C,0,2.2395191,0.15874893963336945,0.9214916825294495,0.498547226190567
YOR262W,YOR113W,0,2.23916,0.15872210264205933,0.9214916825294495,0.49864742159843445
YFL025C,YNL025C,0,2.239154,0.1586952805519104,0.9214916825294495,0.4987476170063019
YPL141C,YLR259C,0,2.238999,0.15866847336292267,0.9214916825294495,0.4988478124141693
YHR185C,YMR275C,0,2.238866,0.15864166617393494,0.9214916825294495,0.49894800782203674
YKL191W,YJL059W,0,2.2385175,0.1586148589849472,0.9214916825294495,0.4990482032299042
YHR210C,YEL048C,0,2.238293,0.15858808159828186,0.9214916825294495,0.4991483688354492
YOR129C,YDR025W,0,2.2380872,0.15856130421161652,0.9214916825294495,0.49924856424331665
YER007C-A,YNR037C,0,2.237798,0.15853452682495117,0.9214916825294495,0.4993487596511841
YOL144W,YKL077W,0,2.237299,0.15850776433944702,0.9214916825294495,0.4994489550590515
YAL002W,YOR002W,0,2.236394,0.15848101675510406,0.9214916825294495,0.49954915046691895
YLL024C,YBR085W,0,2.2359533,0.1584542691707611,0.9214916825294495,0.4996493458747864
YPL126W,YNL066W,0,2.2357967,0.15842753648757935,0.9214916825294495,0.4997495114803314
YOR002W,YGR122W,0,2.2347932,0.15840080380439758,0.9214916825294495,0.49984970688819885
YDR091C,YMR230W,0,2.233768,0.15837408602237701,0.9214916825294495,0.4999499022960663
YCL029C,YOR267C,0,2.2337446,0.15834738314151764,0.9214916825294495,0.5000500679016113
YOR341W,YDR087C,0,2.2337017,0.15832069516181946,0.9214916825294495,0.5001502633094788
YDL243C,YGL231C,0,2.2329407,0.15829399228096008,0.9214916825294495,0.5002504587173462
YBR181C,YBL100W-B,0,2.2328572,0.1582673192024231,0.9214916825294495,0.5003506541252136
YHR202W,YPR105C,0,2.2325623,0.1582406461238861,0.9214916825294495,0.500450849533081
YML021C,YMR035W,0,2.2324967,0.15821398794651031,0.9214916825294495,0.5005510449409485
YGR099W,YOL032W,0,2.231972,0.15818732976913452,0.9214916825294495,0.5006512403488159
YDR091C,YLR328W,0,2.2317708,0.15816068649291992,0.9214916825294495,0.5007514357566833
YPL209C,YHR202W,0,2.2316926,0.15813405811786652,0.9214916825294495,0.5008516311645508
YPR110C,YIL167W,0,2.2308877,0.1581074297428131,0.9214916825294495,0.5009518265724182
YDR301W,YHR193C,0,2.2306144,0.1580808013677597,0.9214916825294495,0.5010520219802856
YGL144C,YJR096W,0,2.2304208,0.1580542027950287,0.9214916825294495,0.5011522173881531
YOR172W,YJL180C,0,2.230236,0.15802760422229767,0.9214916825294495,0.5012523531913757
YPL203W,YPR034W,0,2.2301288,0.15800100564956665,0.9214916825294495,0.5013525485992432
YKR089C,YLL021W,0,2.2298126,0.15797442197799683,0.9214916825294495,0.5014527440071106
YER033C,YOL011W,0,2.229663,0.1579478532075882,0.9214916825294495,0.501552939414978
YMR243C,YPL036W,0,2.2294521,0.15792128443717957,0.9214916825294495,0.5016531348228455
YBR169C,YPL198W,0,2.2293754,0.15789473056793213,0.9214916825294495,0.5017533302307129
YIL052C,YCL044C,0,2.2284093,0.1578681915998459,0.9214916825294495,0.5018535256385803
YKR093W,YGL092W,0,2.2280858,0.15784165263175964,0.9214916825294495,0.5019537210464478
YGR296W,YLR460C,0,2.2271576,0.1578151285648346,0.9214916825294495,0.5020539164543152
YDR091C,YBR189W,0,2.2263293,0.15778860449790955,0.9214916825294495,0.5021541118621826
YEL019C,YOR341W,0,2.2262967,0.1577620953321457,0.9214916825294495,0.50225430727005
YDR367W,YKR088C,0,2.2262006,0.15773560106754303,0.9214916825294495,0.5023545026779175
YJL003W,YKL005C,0,2.2257137,0.15770910680294037,0.9214916825294495,0.5024546384811401
YLR194C,YPL203W,0,2.2252643,0.1576826125383377,0.9214916825294495,0.5025548338890076
YCR016W,YCR091W,0,2.2251377,0.15765614807605743,0.9214916825294495,0.502655029296875
YML092C,YKR034W,0,2.224906,0.15762968361377716,0.9214916825294495,0.5027552247047424
YPR106W,YMR322C,0,2.2240925,0.1576032191514969,0.9214916825294495,0.5028554201126099
YNL328C,YDR343C,0,2.2239041,0.1575767695903778,0.9214916825294495,0.5029556155204773
YMR081C,YLR044C,0,2.2235165,0.15755033493041992,0.9214916825294495,0.5030558109283447
YHR204W,YPL176C,1,2.2235153,0.15769165754318237,0.9224730134010315,0.5030558109283447
YLR039C,YOL144W,0,2.2222302,0.1576652079820633,0.9224730134010315,0.5031560063362122
YGR044C,YHR138C,0,2.2219296,0.1576387733221054,0.9224730134010315,0.5032562017440796
YIL056W,YJR117W,0,2.2216647,0.15761233866214752,0.9224730134010315,0.503356397151947
YDR150W,YDL087C,0,2.2211041,0.15758591890335083,0.9224730134010315,0.5034565925598145
YHR205W,YJL196C,0,2.220781,0.15755949914455414,0.9224730134010315,0.5035567283630371
YDR434W,YDR381W,0,2.2201178,0.15753309428691864,0.9224730134010315,0.5036569237709045
YDR490C,YHR080C,0,2.2195585,0.15750670433044434,0.9224730134010315,0.503757119178772
YOR172W,YDL119C,0,2.2195168,0.15748031437397003,0.9224730134010315,0.5038573145866394
YKL045W,YOL032W,0,2.2192767,0.15745393931865692,0.9224730134010315,0.5039575099945068
YGL093W,YGR142W,0,2.219147,0.1574275642633438,0.9224730134010315,0.5040577054023743
YMR275C,YHR204W,1,2.219143,0.15756864845752716,0.9234543442726135,0.5040577054023743
YPL061W,YHL026C,0,2.218612,0.15754227340221405,0.9234543442726135,0.5041579008102417
YPR068C,YNL068C,0,2.21851,0.15751589834690094,0.9234543442726135,0.5042580962181091
YBL035C,YDR309C,0,2.2184622,0.15748953819274902,0.9234543442726135,0.5043582916259766
YKL155C,YHR194W,0,2.2181826,0.1574631929397583,0.9234543442726135,0.504458487033844
YOR363C,YLR075W,0,2.2169533,0.15743684768676758,0.9234543442726135,0.5045586824417114
YCR105W,YNR037C,0,2.216314,0.15741050243377686,0.9234543442726135,0.5046588778495789
YHL017W,YHR033W,0,2.2161455,0.15738417208194733,0.9234543442726135,0.5047590136528015
YDR129C,YJL181W,0,2.2160363,0.157357856631279,0.9234543442726135,0.504859209060669
YPR067W,YOL023W,0,2.2155037,0.15733155608177185,0.9234543442726135,0.5049594044685364
YGR024C,YOL061W,0,2.2140853,0.1573052555322647,0.9234543442726135,0.5050595998764038
YOR227W,YAL026C,0,2.2131586,0.15727895498275757,0.9234543442726135,0.5051597952842712
YLL018C-A,YOR341W,0,2.2128685,0.15725266933441162,0.9234543442726135,0.5052599906921387
YFR010W,YML059C,0,2.2127562,0.15722639858722687,0.9234543442726135,0.5053601861000061
YPL105C,YBR301W,0,2.2125106,0.15720012784004211,0.9234543442726135,0.5054603815078735
YNL183C,YLR175W,0,2.2113316,0.15717387199401855,0.9234543442726135,0.505560576915741
YGR055W,YJL058C,0,2.2109401,0.1571476310491562,0.9234543442726135,0.5056607723236084
YDR427W,YBR016W,0,2.2085881,0.15712139010429382,0.9234543442726135,0.5057609677314758
YPR106W,YBR248C,0,2.2082984,0.15709516406059265,0.9234543442726135,0.5058611631393433
YHR185C,YLR288C,0,2.2075882,0.15706893801689148,0.9234543442726135,0.5059612989425659
YEL024W,YDL087C,0,2.2074232,0.1570427268743515,0.9234543442726135,0.5060614943504333
YIL156W,YLR451W,0,2.207366,0.15701651573181152,0.9234543442726135,0.5061616897583008
YDR430C,YDL012C,0,2.2072465,0.15699031949043274,0.9234543442726135,0.5062618851661682
YPL138C,YDR361C,0,2.207217,0.15696413815021515,0.9234543442726135,0.5063620805740356
YJL162C,YOL012C,0,2.2063887,0.15693795680999756,0.9234543442726135,0.5064622759819031
YCR106W,YFR025C,0,2.2056198,0.15691179037094116,0.9234543442726135,0.5065624713897705
YNL023C,YIL137C,0,2.205548,0.15688562393188477,0.9234543442726135,0.5066626667976379
YOR129C,YPL161C,0,2.2055354,0.15685947239398956,0.9234543442726135,0.5067628622055054
YBR038W,YGR165W,0,2.20527,0.15683333575725555,0.9234543442726135,0.5068630576133728
YDR040C,YDR317W,0,2.2052112,0.15680719912052155,0.9234543442726135,0.5069632530212402
YGL016W,YML096W,0,2.2044265,0.15678107738494873,0.9234543442726135,0.5070634484291077
YDL243C,YOL078W,0,2.2042735,0.15675495564937592,0.9234543442726135,0.5071635842323303
YGR205W,YDL046W,0,2.204195,0.1567288488149643,0.9234543442726135,0.5072637796401978
YHR214W,YMR322C,0,2.2033732,0.15670274198055267,0.9234543442726135,0.5073639750480652
YBR188C,YDL211C,0,2.2032924,0.15667665004730225,0.9234543442726135,0.5074641704559326
YNL045W,YKL087C,0,2.2031934,0.156650573015213,0.9234543442726135,0.5075643658638
YLR118C,YNL246W,0,2.202917,0.15662449598312378,0.9234543442726135,0.5076645612716675
YDL154W,YNL118C,0,2.202908,0.15659843385219574,0.9234543442726135,0.5077647566795349
YBL056W,YKL006C-A,0,2.202506,0.1565723866224289,0.9234543442726135,0.5078649520874023
YPL176C,YMR131C,0,2.2018385,0.15654632449150085,0.9234543442726135,0.5079651474952698
YOR158W,YMR153W,0,2.201822,0.1565202921628952,0.9234543442726135,0.5080653429031372
YBL031W,YPL253C,0,2.199938,0.15649425983428955,0.9234543442726135,0.5081655383110046
YOR068C,YDL243C,0,2.1994512,0.1564682424068451,0.9234543442726135,0.5082657337188721
YML067C,YKR083C,0,2.1990669,0.15644222497940063,0.9234543442726135,0.5083658695220947
YGR181W,YPR100W,0,2.1979065,0.15641622245311737,0.9234543442726135,0.5084660649299622
YLR037C,YMR118C,0,2.1978843,0.1563902348279953,0.9234543442726135,0.5085662603378296
YCL017C,YJL026W,0,2.1972911,0.15636424720287323,0.9234543442726135,0.508666455745697
YER023W,YLR292C,0,2.196866,0.15633825957775116,0.9234543442726135,0.5087666511535645
YCL016C,YBR094W,0,2.1961462,0.15631228685379028,0.9234543442726135,0.5088668465614319
YIL147C,YGL129C,0,2.1954563,0.1562863290309906,0.9234543442726135,0.5089670419692993
YDL240W,YLR328W,0,2.1936839,0.15626037120819092,0.9234543442726135,0.5090672373771667
YJL183W,YBR049C,0,2.1928105,0.15623442828655243,0.9234543442726135,0.5091674327850342
YJL181W,YDR243C,0,2.1922932,0.15620850026607513,0.9234543442726135,0.5092676281929016
YIL147C,YDR309C,0,2.1908193,0.15618257224559784,0.9234543442726135,0.509367823600769
YKL129C,YJR108W,0,2.190816,0.15615665912628174,0.9234543442726135,0.5094679594039917
YHR202W,YPR141C,0,2.1905646,0.15613074600696564,0.9234543442726135,0.5095681548118591
YPL100W,YMR230W,0,2.1900492,0.15610484778881073,0.9234543442726135,0.5096683502197266
YJR153W,YFR053C,0,2.1894877,0.15607894957065582,0.9234543442726135,0.509768545627594
YPL056C,YNR059W,0,2.1893713,0.1560530662536621,0.9234543442726135,0.5098687410354614
YML120C,YOR078W,0,2.1892858,0.1560271978378296,0.9234543442726135,0.5099689364433289
YGL196W,YMR242C,0,2.1885843,0.15600132942199707,0.9234543442726135,0.5100691318511963
YDL220C,YIL107C,0,2.1873689,0.15597546100616455,0.9234543442726135,0.5101693272590637
YKL016C,YDR395W,0,2.1873655,0.15594962239265442,0.9234543442726135,0.5102695226669312
YKL014C,YNL029C,0,2.1873448,0.1559237837791443,0.9234543442726135,0.5103697180747986
YKL062W,YKR085C,0,2.187266,0.15589794516563416,0.9234543442726135,0.510469913482666
YBL080C,YOL098C,0,2.1869605,0.15587212145328522,0.9234543442726135,0.5105701088905334
YJR123W,YGL192W,0,2.186334,0.15584631264209747,0.9234543442726135,0.5106702446937561
YNL142W,YDR464W,0,2.1860394,0.15582050383090973,0.9234543442726135,0.5107704401016235
YIL147C,YOR081C,0,2.1858869,0.15579469501972198,0.9234543442726135,0.510870635509491
YGL017W,YJL197W,1,2.1854334,0.15593445301055908,0.9244357347488403,0.510870635509491
YKR075C,YMR230W,0,2.1849742,0.15590864419937134,0.9244357347488403,0.5109708309173584
YKL041W,YHR204W,1,2.1848798,0.15604832768440247,0.9254170656204224,0.5109708309173584
YBR005W,YNL036W,0,2.1846888,0.15602250397205353,0.9254170656204224,0.5110710263252258
YBR016W,YNL294C,0,2.184394,0.15599669516086578,0.9254170656204224,0.5111712217330933
YPL234C,YJL168C,0,2.1842358,0.15597088634967804,0.9254170656204224,0.5112714171409607
YLR044C,YEL044W,0,2.1836298,0.1559450924396515,0.9254170656204224,0.5113716125488281
YKR027W,YCR106W,0,2.1836214,0.15591931343078613,0.9254170656204224,0.5114718079566956
YGR202C,YOR253W,0,2.183115,0.15589353442192078,0.9254170656204224,0.511572003364563
YPL056C,YOR227W,0,2.183,0.1558677703142166,0.9254170656204224,0.5116721987724304
YGL167C,YPR169W,0,2.1826982,0.15584200620651245,0.9254170656204224,0.5117723941802979
YBL007C,YMR158W,0,2.1826153,0.15581625699996948,0.9254170656204224,0.5118725299835205
YDR325W,YAL059W,0,2.182429,0.1557905226945877,0.9254170656204224,0.5119727253913879
YDR100W,YNL123W,0,2.181436,0.15576478838920593,0.9254170656204224,0.5120729207992554
YPR106W,YGL240W,0,2.1814165,0.15573905408382416,0.9254170656204224,0.5121731162071228
YNL025C,YNL142W,0,2.1803887,0.15571334958076477,0.9254170656204224,0.5122733116149902
YPR007C,YEL044W,0,2.179831,0.1556876301765442,0.9254170656204224,0.5123735070228577
YKR034W,YDR019C,0,2.1795785,0.155661940574646,0.9254170656204224,0.5124737024307251
YNL137C,YPL115C,0,2.1795423,0.1556362509727478,0.9254170656204224,0.5125738978385925
YJL110C,YHR088W,0,2.1795387,0.1556105613708496,0.9254170656204224,0.51267409324646
YBR054W,YKL194C,0,2.1792414,0.1555848866701126,0.9254170656204224,0.5127742886543274
YER100W,YGL064C,0,2.1785038,0.1555592268705368,0.9254170656204224,0.5128744840621948
YLL048C,YKL134C,0,2.1781964,0.155533567070961,0.9254170656204224,0.5129746794700623
YMR274C,YJL026W,0,2.1775303,0.1555079221725464,0.9254170656204224,0.5130748152732849
YGR044C,YOR271C,0,2.1768205,0.15548227727413177,0.9254170656204224,0.5131750106811523
YOR136W,YPL176C,0,2.17606,0.15545664727687836,0.9254170656204224,0.5132752060890198
YDR023W,YDR284C,0,2.1757774,0.15543101727962494,0.9254170656204224,0.5133754014968872
YDR377W,YPL233W,0,2.1756685,0.15540540218353271,0.9254170656204224,0.5134755969047546
YML120C,YLR333C,0,2.1756642,0.15537980198860168,0.9254170656204224,0.5135757923126221
YEL018W,YDR041W,0,2.1741652,0.15535420179367065,0.9254170656204224,0.5136759877204895
YMR205C,YLR247C,0,2.1739156,0.15532861649990082,0.9254170656204224,0.5137761831283569
YLL016W,YGR004W,0,2.1738148,0.15530303120613098,0.9254170656204224,0.5138763785362244
YPR114W,YDL076C,0,2.1721702,0.15527746081352234,0.9254170656204224,0.5139765739440918
YOR192C,YML086C,0,2.1719513,0.1552518904209137,0.9254170656204224,0.5140767693519592
YDR490C,YGR004W,0,2.1710582,0.15522633492946625,0.9254170656204224,0.5141769647598267
YOR319W,YBL047C,0,2.170802,0.15520079433918,0.9254170656204224,0.5142771005630493
YGR046W,YDR201W,0,2.1706204,0.15517525374889374,0.9254170656204224,0.5143772959709167
YAL056W,YJL083W,0,2.1702805,0.15514971315860748,0.9254170656204224,0.5144774913787842
YPR175W,YBR169C,0,2.1701,0.15512420237064362,0.9254170656204224,0.5145776867866516
YOL122C,YBR162W-A,0,2.1700015,0.15509869158267975,0.9254170656204224,0.514677882194519
YCL064C,YNL055C,0,2.1696053,0.15507318079471588,0.9254170656204224,0.5147780776023865
YBR254C,YJL083W,0,2.1695554,0.1550476849079132,0.9254170656204224,0.5148782730102539
YHR096C,YPR174C,0,2.1692348,0.15502218902111053,0.9254170656204224,0.5149784684181213
YHR205W,YDL211C,0,2.169219,0.15499670803546906,0.9254170656204224,0.5150786638259888
YIL075C,YGR174C,0,2.1690054,0.15497124195098877,0.9254170656204224,0.5151788592338562
YOR156C,YHR080C,0,2.168557,0.15494577586650848,0.9254170656204224,0.5152790546417236
YJR120W,YKR083C,0,2.167763,0.1549203246831894,0.9254170656204224,0.5153792500495911
YGR202C,YHL031C,0,2.1667945,0.1548948734998703,0.9254170656204224,0.5154793858528137
YDR150W,YPR068C,0,2.1665406,0.1548694372177124,0.9254170656204224,0.5155795812606812
YCL051W,YKL051W,0,2.1658537,0.1548440009355545,0.9254170656204224,0.5156797766685486
YHR035W,YNL317W,0,2.1657686,0.1548185795545578,0.9254170656204224,0.515779972076416
YJR123W,YJL026W,0,2.165692,0.1547931730747223,0.9254170656204224,0.5158801674842834
YPL209C,YDR323C,0,2.1654017,0.15476776659488678,0.9254170656204224,0.5159803628921509
YLR143W,YLR466W,0,2.1651578,0.15474237501621246,0.9254170656204224,0.5160805583000183
YCL044C,YPL173W,0,2.1648374,0.15471698343753815,0.9254170656204224,0.5161807537078857
YOR252W,YNL247W,0,2.164785,0.15469160676002502,0.9254170656204224,0.5162809491157532
YBR107C,YOR026W,0,2.163189,0.1546662300825119,0.9254170656204224,0.5163811445236206
YGR078C,YLL021W,0,2.1627977,0.15464086830615997,0.9254170656204224,0.516481339931488
YER125W,YDR363W-A,1,2.1623619,0.15477947890758514,0.9263984560966492,0.516481339931488
YDR471W,YMR225C,0,2.162051,0.15475410223007202,0.9263984560966492,0.5165814757347107
YOR191W,YML107C,0,2.1617365,0.1547287255525589,0.9263984560966492,0.5166816711425781
YDR256C,YKL138C-A,0,2.160596,0.15470337867736816,0.9263984560966492,0.5167818665504456
YHR202W,YCL044C,0,2.160222,0.15467803180217743,0.9263984560966492,0.516882061958313
YNL181W,YNL123W,0,2.1592603,0.1546526849269867,0.9263984560966492,0.5169822573661804
YDR075W,YBR107C,0,2.1592584,0.15462735295295715,0.9263984560966492,0.5170824527740479
YIL007C,YNL065W,0,2.1584935,0.1546020358800888,0.9263984560966492,0.5171826481819153
YDR434W,YKL079W,0,2.1582541,0.15457671880722046,0.9263984560966492,0.5172828435897827
YHR113W,YHR001W-A,0,2.158068,0.1545514017343521,0.9263984560966492,0.5173830389976501
YIL007C,YGR129W,0,2.1580062,0.15452611446380615,0.9263984560966492,0.5174832344055176
YPR173C,YPR068C,0,2.157227,0.154500812292099,0.9263984560966492,0.517583429813385
YNL286W,YKL054C,0,2.1567287,0.15447553992271423,0.9263984560966492,0.5176836252212524
YOL020W,YMR226C,0,2.1561177,0.15445026755332947,0.9263984560966492,0.5177837610244751
YPR148C,YML061C,0,2.1558661,0.1544249951839447,0.9263984560966492,0.5178839564323425
YNL173C,YHR114W,0,2.1551833,0.15439973771572113,0.9263984560966492,0.51798415184021
YDR469W,YPL075W,0,2.1547866,0.15437449514865875,0.9263984560966492,0.5180843472480774
YGL098W,YPR143W,0,2.1527944,0.15434925258159637,0.9263984560966492,0.5181845426559448
YPL207W,YNL214W,0,2.152121,0.154324010014534,0.9263984560966492,0.5182847380638123
YOR227W,YBR162C,0,2.151891,0.154298797249794,0.9263984560966492,0.5183849334716797
YBR085W,YNL287W,0,2.151554,0.15427356958389282,0.9263984560966492,0.5184851288795471
YPR161C,YLR019W,0,2.1513174,0.15424837172031403,0.9263984560966492,0.5185853242874146
YOL132W,YKL138C-A,0,2.1511703,0.15422315895557404,0.9263984560966492,0.518685519695282
YJL110C,YFR016C,0,2.150268,0.15419797599315643,0.9263984560966492,0.5187857151031494
YFL061W,YLR460C,0,2.149959,0.15417279303073883,0.9263984560966492,0.5188859105110168
YPL141C,YGR129W,0,2.14908,0.15414761006832123,0.9263984560966492,0.5189860463142395
YDR435C,YCR021C,0,2.148135,0.15412244200706482,0.9263984560966492,0.5190862417221069
YLR200W,YDL076C,0,2.147945,0.1540972888469696,0.9263984560966492,0.5191864371299744
YOR316C,YFL005W,0,2.1477213,0.1540721356868744,0.9263984560966492,0.5192866325378418
YAR009C,YGL061C,0,2.147534,0.15404699742794037,0.9263984560966492,0.5193868279457092
YKL185W,YPR037C,0,2.1475146,0.15402185916900635,0.9263984560966492,0.5194870233535767
YIL008W,YMR118C,0,2.1459892,0.15399673581123352,0.9263984560966492,0.5195872187614441
YKL192C,YLR260W,0,2.145849,0.1539716124534607,0.9263984560966492,0.5196874141693115
YBR254C,YGL231C,0,2.1457448,0.15394650399684906,0.9263984560966492,0.519787609577179
YDR490C,YOR262W,0,2.145397,0.15392141044139862,0.9263984560966492,0.5198878049850464
YNL123W,YHR020W,0,2.1450558,0.15389631688594818,0.9263984560966492,0.5199880003929138
YAL007C,YGL167C,0,2.1448572,0.15387122333049774,0.9263984560966492,0.5200881958007812
YHR009C,YHR114W,0,2.1447544,0.1538461595773697,0.9263984560966492,0.5201883316040039
YDR345C,YPR120C,0,2.1447124,0.15382108092308044,0.9263984560966492,0.5202885270118713
YER102W,YGR094W,0,2.1446831,0.1537960320711136,0.9263984560966492,0.5203887224197388
YML021C,YDL012C,0,2.1432395,0.15377096831798553,0.9263984560966492,0.5204889178276062
YIL022W,YKR083C,0,2.1428654,0.15374593436717987,0.9263984560966492,0.5205891132354736
YML004C,YNL288W,0,2.1423755,0.153720885515213,0.9263984560966492,0.5206893086433411
YER028C,YNL132W,0,2.1413903,0.15369586646556854,0.9263984560966492,0.5207895040512085
YPL126W,YNL118C,0,2.1412172,0.15367084741592407,0.9263984560966492,0.5208896994590759
YHL017W,YGL018C,0,2.140202,0.1536458283662796,0.9263984560966492,0.5209898948669434
YIL106W,YDL189W,0,2.1397948,0.15362082421779633,0.9263984560966492,0.5210900902748108
YMR220W,YLL014W,0,2.139793,0.15359583497047424,0.9263984560966492,0.5211902856826782
YNL190W,YLR328W,0,2.139257,0.15357084572315216,0.9263984560966492,0.5212904810905457
YEL019C,YDR394W,1,2.1386461,0.15370851755142212,0.9273797869682312,0.5212904810905457
YOR087W,YCR005C,0,2.138387,0.15368352830410004,0.9273797869682312,0.5213906168937683
YKL141W,YJL059W,0,2.1383328,0.15365853905677795,0.9273797869682312,0.5214908123016357
YKR100C,YDR023W,0,2.1383069,0.15363354980945587,0.9273797869682312,0.5215910077095032
YHR134W,YOR080W,1,2.1370802,0.15377113223075867,0.9283611178398132,0.5215910077095032
YKL026C,YCL001W,0,2.136943,0.15374614298343658,0.9283611178398132,0.5216912031173706
YHL028W,YNL111C,0,2.136899,0.1537211537361145,0.9283611178398132,0.521791398525238
YLR345W,YLR382C,0,2.136441,0.1536961793899536,0.9283611178398132,0.5218915939331055
YIL098C,YOR372C,0,2.1364052,0.15367121994495392,0.9283611178398132,0.5219917893409729
YJL013C,YGL195W,0,2.1362805,0.15364626049995422,0.9283611178398132,0.5220919847488403
YJR073C,YDR439W,0,2.13617,0.15362130105495453,0.9283611178398132,0.5221921801567078
YOL154W,YDL209C,0,2.1361108,0.15359635651111603,0.9283611178398132,0.5222923755645752
YAL048C,YDR009W,0,2.1354363,0.15357142686843872,0.9283611178398132,0.5223925709724426
YGR202C,YGR178C,0,2.1346457,0.1535464972257614,0.9283611178398132,0.5224927067756653
YNR038W,YLR352W,0,2.1345055,0.1535215824842453,0.9283611178398132,0.5225929021835327
YPR188C,YKL149C,0,2.1344728,0.1534966677427292,0.9283611178398132,0.5226930975914001
YLR347C,YLR260W,0,2.134015,0.15347176790237427,0.9283611178398132,0.5227932929992676
YJR153W,YNL287W,0,2.1335557,0.15344688296318054,0.9283611178398132,0.522893488407135
YPL141C,YGR005C,0,2.1331134,0.15342199802398682,0.9283611178398132,0.5229936838150024
YKR093W,YLR115W,0,2.132741,0.1533971130847931,0.9283611178398132,0.5230938792228699
YAR009C,YPR120C,0,2.1326745,0.15337224304676056,0.9283611178398132,0.5231940746307373
YLL024C,YPL004C,0,2.1326737,0.15334738790988922,0.9283611178398132,0.5232942700386047
YGL028C,YDR395W,0,2.1326191,0.15332253277301788,0.9283611178398132,0.5233944654464722
YKR085C,YOR372C,0,2.13232,0.15329767763614655,0.9283611178398132,0.5234946608543396
YIL064W,YBR180W,0,2.1321077,0.1532728523015976,0.9283611178398132,0.523594856262207
YJR048W,YOR359W,0,2.132013,0.15324801206588745,0.9283611178398132,0.5236949920654297
YLR056W,YLR460C,0,2.1309059,0.1532231867313385,0.9283611178398132,0.5237951874732971
YPL141C,YDR528W,0,2.1301856,0.15319837629795074,0.9283611178398132,0.5238953828811646
YPL061W,YDR168W,0,2.1298468,0.15317358076572418,0.9283611178398132,0.523995578289032
YBR189W,YDL076C,0,2.1297722,0.15314877033233643,0.9283611178398132,0.5240957736968994
YLR215C,YLL053C,0,2.1294317,0.15312398970127106,0.9283611178398132,0.5241959691047668
YBR065C,YML061C,0,2.1283965,0.1530992090702057,0.9283611178398132,0.5242961645126343
YHR202W,YPL156C,0,2.1283937,0.15307442843914032,0.9283611178398132,0.5243963599205017
YOR334W,YJR153W,0,2.1278837,0.15304966270923615,0.9283611178398132,0.5244965553283691
YPR173C,YPR105C,0,2.1275,0.15302491188049316,0.9283611178398132,0.5245967507362366
YOL154W,YDR092W,0,2.1273289,0.15300016105175018,0.9283611178398132,0.524696946144104
YLL067C,YMR195W,0,2.1270936,0.1529754251241684,0.9283611178398132,0.5247971415519714
YPL137C,YGL139W,0,2.1264336,0.1529506891965866,0.9283611178398132,0.5248972773551941
YLR189C,YOR109W,0,2.1264057,0.15292596817016602,0.9283611178398132,0.5249974727630615
YMR318C,YCL068C,0,2.124956,0.15290124714374542,0.9283611178398132,0.525097668170929
YHR090C,YER032W,0,2.124597,0.15287654101848602,0.9283611178398132,0.5251978635787964
YLR167W,YCL035C,0,2.1243556,0.15285183489322662,0.9283611178398132,0.5252980589866638
YIL137C,YDL117W,0,2.123306,0.15282714366912842,0.9283611178398132,0.5253982543945312
YCR036W,YML096W,0,2.1229014,0.1528024524450302,0.9283611178398132,0.5254984498023987
YHR113W,YLR367W,0,2.122696,0.1527777761220932,0.9283611178398132,0.5255986452102661
YOR060C,YJR054W,0,2.1222353,0.15275311470031738,0.9283611178398132,0.5256988406181335
YLR118C,YDR261C,0,2.1221294,0.15272845327854156,0.9283611178398132,0.525799036026001
YIL007C,YGL194C,0,2.1215096,0.15270379185676575,0.9283611178398132,0.5258992314338684
YBL013W,YCL044C,0,2.120714,0.15267914533615112,0.9283611178398132,0.5259994268417358
YJR027W,YER159C,0,2.1205604,0.1526545137166977,0.9283611178398132,0.5260995626449585
YDR386W,YLR011W,0,2.1205404,0.15262988209724426,0.9283611178398132,0.5261997580528259
YPL168W,YMR072W,0,2.1204321,0.15260526537895203,0.9283611178398132,0.5262999534606934
YER179W,YER081W,0,2.1201854,0.1525806486606598,0.9283611178398132,0.5264001488685608
YJR042W,YPR199C,0,2.119626,0.15255603194236755,0.9283611178398132,0.5265003442764282
YPR067W,YML055W,0,2.1195607,0.1525314450263977,0.9283611178398132,0.5266005396842957
YNL243W,YHR120W,0,2.119478,0.15250685811042786,0.9283611178398132,0.5267007350921631
YDR422C,YIL043C,0,2.1192038,0.152482271194458,0.9283611178398132,0.5268009305000305
YGL067W,YBR188C,0,2.1172068,0.15245769917964935,0.9283611178398132,0.526901125907898
YOR119C,YDR468C,0,2.117089,0.1524331271648407,0.9283611178398132,0.5270013213157654
YCL029C,YML004C,0,2.1170497,0.15240857005119324,0.9283611178398132,0.5271015167236328
YGR170W,YOR019W,0,2.1160398,0.15238402783870697,0.9283611178398132,0.5272017121315002
YJL127C,YPL183C,0,2.115888,0.1523594856262207,0.9283611178398132,0.5273018479347229
YPR175W,YML059C,0,2.1153305,0.15233494341373444,0.9283611178398132,0.5274020433425903
YBR049C,YHL050C,0,2.1150477,0.15231041610240936,0.9283611178398132,0.5275022387504578
YOL144W,YPL215W,0,2.1140954,0.15228590369224548,0.9283611178398132,0.5276024341583252
YDR002W,YCR005C,0,2.1138563,0.1522613912820816,0.9283611178398132,0.5277026295661926
YKR079C,YGR142W,0,2.113569,0.15223687887191772,0.9283611178398132,0.5278028249740601
YBR233W-A,YLR284C,0,2.1134868,0.15221239626407623,0.9283611178398132,0.5279030203819275
YER044C-A,YPR086W,0,2.1131167,0.15218789875507355,0.9283611178398132,0.5280032157897949
YMR232W,YGR165W,0,2.1125898,0.15216341614723206,0.9283611178398132,0.5281034111976624
YOR132W,YHR020W,0,2.112056,0.15213894844055176,0.9283611178398132,0.5282036066055298
YFR031C-A,YNL181W,0,2.1118026,0.15211448073387146,0.9283611178398132,0.5283038020133972
YLR411W,YDL102W,0,2.1110594,0.15209002792835236,0.9283611178398132,0.5284039378166199
YNL041C,YKL197C,0,2.1105113,0.15206559002399445,0.9283611178398132,0.5285041332244873
YKL051W,YIR031C,0,2.1097414,0.15204113721847534,0.9283611178398132,0.5286043286323547
YDR235W,YDR361C,0,2.1086142,0.15201671421527863,0.9283611178398132,0.5287045240402222
YKL026C,YOR273C,0,2.1078205,0.1519922912120819,0.9283611178398132,0.5288047194480896
YPR110C,YBL047C,0,2.1067183,0.1519678682088852,0.9283611178398132,0.528904914855957
YOR383C,YML061C,0,2.1066608,0.15194346010684967,0.9283611178398132,0.5290051102638245
YNL243W,YIL018W,0,2.1065826,0.15191906690597534,0.9283611178398132,0.5291053056716919
YER031C,YDL123W,0,2.1057038,0.151894673705101,0.9283611178398132,0.5292055010795593
YIL052C,YGL144C,0,2.1042638,0.15187028050422668,0.9283611178398132,0.5293056964874268
YOR129C,YOR158W,0,2.103749,0.15184590220451355,0.9283611178398132,0.5294058918952942
YLR324W,YPR174C,0,2.1030602,0.1518215388059616,0.9283611178398132,0.5295060873031616
YIL144W,YCR044C,0,2.1026409,0.15179717540740967,0.9283611178398132,0.5296062231063843
YOR117W,YGR260W,0,2.102212,0.15177282691001892,0.9283611178398132,0.5297064185142517
YLR150W,YBR094W,0,2.1016903,0.15174847841262817,0.9283611178398132,0.5298066139221191
YBL056W,YOR272W,0,2.1011384,0.15172414481639862,0.9283611178398132,0.5299068093299866
YDR422C,YOL032W,0,2.1009684,0.15169981122016907,0.9283611178398132,0.530007004737854
YMR063W,YPL253C,0,2.1008573,0.15167547762393951,0.9283611178398132,0.5301072001457214
YLR052W,YEL024W,0,2.1006556,0.15165117383003235,0.9283611178398132,0.5302073955535889
YJR050W,YGR122W,0,2.1005483,0.15162687003612518,0.9283611178398132,0.5303075909614563
YHR210C,YOL061W,0,2.0990717,0.15160256624221802,0.9283611178398132,0.5304077863693237
YDR301W,YMR133W,0,2.098706,0.15157827734947205,0.9283611178398132,0.5305079817771912
YPR003C,YFL026W,0,2.0983958,0.15155398845672607,0.9283611178398132,0.5306081771850586
YFR024C-A,YNL161W,0,2.0967193,0.1515297144651413,0.9283611178398132,0.530708372592926
YLR249W,YNL065W,0,2.0961666,0.15150544047355652,0.9283611178398132,0.5308085083961487
YDR528W,YHL050C,0,2.0955896,0.15148118138313293,0.9283611178398132,0.5309087038040161
YBR089C-A,YMR183C,0,2.0946774,0.15145693719387054,0.9283611178398132,0.5310088992118835
YHR185C,YLR131C,0,2.0946455,0.15143269300460815,0.9283611178398132,0.531109094619751
YKL185W,YJL186W,0,2.0943782,0.15140844881534576,0.9283611178398132,0.5312092900276184
YDR023W,YDR386W,0,2.094264,0.15138421952724457,0.9283611178398132,0.5313094854354858
YHR210C,YJL089W,0,2.0940733,0.15136000514030457,0.9283611178398132,0.5314096808433533
YHR037W,YLR292C,0,2.0937686,0.15133579075336456,0.9283611178398132,0.5315098762512207
YDR213W,YDR545W,0,2.093406,0.15131157636642456,0.9283611178398132,0.5316100716590881
YPL061W,YPR141C,0,2.0928898,0.15128737688064575,0.9283611178398132,0.5317102670669556
YJL181W,YHR120W,0,2.0926547,0.15126319229602814,0.9283611178398132,0.531810462474823
YOR264W,YKL114C,0,2.0921488,0.15123900771141052,0.9283611178398132,0.5319106578826904
YNL020C,YDL220C,0,2.0921159,0.1512148380279541,0.9283611178398132,0.5320107936859131
YPL140C,YHL011C,0,2.091814,0.15119066834449768,0.9283611178398132,0.5321109890937805
YBL031W,YPR199C,0,2.0917788,0.15116651356220245,0.9283611178398132,0.532211184501648
YBL087C,YDR434W,0,2.0915499,0.15114235877990723,0.9283611178398132,0.5323113799095154
YOR358W,YDR257C,0,2.0908628,0.151118203997612,0.9283611178398132,0.5324115753173828
YDR023W,YHL031C,0,2.0908613,0.15109407901763916,0.9283611178398132,0.5325117707252502
YOR272W,YEL024W,0,2.0903742,0.15106993913650513,0.9283611178398132,0.5326119661331177
YCL039W,YMR149W,0,2.0899587,0.15104582905769348,0.9283611178398132,0.5327121615409851
YER102W,YCL064C,0,2.0895157,0.15102170407772064,0.9283611178398132,0.5328123569488525
YJL173C,YJL083W,0,2.088425,0.1509976089000702,0.9283611178398132,0.53291255235672
YCL051W,YPL010W,0,2.0882843,0.15097351372241974,0.9283611178398132,0.5330127477645874
YOL055C,YGL198W,0,2.087667,0.1509494185447693,0.9283611178398132,0.5331129431724548
YOR101W,YGL139W,0,2.0870657,0.15092533826828003,0.9283611178398132,0.5332130789756775
YHR035W,YJL035C,0,2.086711,0.15090125799179077,0.9283611178398132,0.5333132743835449
YIL013C,YOR001W,0,2.0866225,0.1508771926164627,0.9283611178398132,0.5334134697914124
YPL169C,YKR027W,0,2.085731,0.15085312724113464,0.9283611178398132,0.5335136651992798
YJL078C,YOR068C,0,2.085514,0.15082907676696777,0.9283611178398132,0.5336138606071472
YAR033W,YNL123W,0,2.08513,0.1508050411939621,0.9283611178398132,0.5337140560150146
YBR169C,YOR009W,0,2.0846984,0.15078100562095642,0.9283611178398132,0.5338142514228821
YBL007C,YDL018C,0,2.0846653,0.15075697004795074,0.9283611178398132,0.5339144468307495
YPL036W,YBR180W,0,2.0843186,0.15073294937610626,0.9283611178398132,0.5340146422386169
YIL156W,YPR120C,0,2.084065,0.15070894360542297,0.9283611178398132,0.5341148376464844
YOR330C,YHL025W,0,2.0831437,0.15068493783473969,0.9283611178398132,0.5342150330543518
YGR235C,YGL058W,0,2.0818434,0.1506609320640564,0.9283611178398132,0.5343152284622192
YPR046W,YPR086W,0,2.0804057,0.1506369411945343,0.9283611178398132,0.5344153642654419
YJL059W,YER063W,0,2.0803032,0.1506129652261734,0.9283611178398132,0.5345155596733093
YJL054W,YLR044C,0,2.0801654,0.1505889892578125,0.9283611178398132,0.5346157550811768
YOL029C,YDR395W,0,2.0800047,0.1505650132894516,0.9283611178398132,0.5347159504890442
YJL078C,YMR205C,0,2.0794158,0.1505410522222519,0.9283611178398132,0.5348161458969116
YLR059C,YDR463W,0,2.0773666,0.15051710605621338,0.9283611178398132,0.534916341304779
YNL176C,YPL040C,0,2.077045,0.15049315989017487,0.9283611178398132,0.5350165367126465
YLR006C,YIR031C,0,2.0768402,0.15046922862529755,0.9283611178398132,0.5351167321205139
YPL049C,YNL066W,0,2.0768209,0.15044529736042023,0.9283611178398132,0.5352169275283813
YDR227W,YOR241W,0,2.0767164,0.1504213660955429,0.9283611178398132,0.5353171229362488
YBR191W,YGL198W,0,2.0756912,0.15039744973182678,0.9283611178398132,0.5354173183441162
YFL025C,YGL027C,0,2.0755572,0.15037354826927185,0.9283611178398132,0.5355174541473389
YGR007W,YPL156C,0,2.0748756,0.15034964680671692,0.9283611178398132,0.5356176495552063
YDL247W,YCR016W,0,2.074767,0.15032576024532318,0.9283611178398132,0.5357178449630737
YIL037C,YLR044C,0,2.0747013,0.15030187368392944,0.9283611178398132,0.5358180403709412
YGL126W,YCL054W,0,2.0733705,0.1502780020236969,0.9283611178398132,0.5359182357788086
YIL056W,YDR513W,0,2.073358,0.15025413036346436,0.9283611178398132,0.536018431186676
YNL243W,YAL011W,0,2.0731735,0.150230273604393,0.9283611178398132,0.5361186265945435
YPL169C,YIL147C,0,2.0730226,0.15020641684532166,0.9283611178398132,0.5362188220024109
YOR316C,YPL210C,0,2.072933,0.1501825749874115,0.9283611178398132,0.5363190174102783
YER056C,YAL068C,0,2.0723162,0.15015873312950134,0.9283611178398132,0.5364192128181458
YPL056C,YJL026W,0,2.072014,0.15013490617275238,0.9283611178398132,0.5365194082260132
YIL130W,YPL097W,0,2.071681,0.15011107921600342,0.9283611178398132,0.5366196036338806
YHR001W-A,YOR330C,0,2.0700612,0.15008726716041565,0.9283611178398132,0.5367197394371033
YNL199C,YIL147C,0,2.0693204,0.15006345510482788,0.9283611178398132,0.5368199348449707
YFL061W,YOR065W,0,2.0691192,0.1500396579504013,0.9283611178398132,0.5369201302528381
YGL246C,YLR413W,0,2.0686646,0.15001586079597473,0.9283611178398132,0.5370203256607056
YCR107W,YDR160W,0,2.067881,0.14999207854270935,0.9283611178398132,0.537120521068573
YJL096W,YKL048C,0,2.0668976,0.14996829628944397,0.9283611178398132,0.5372207164764404
YLR352W,YHR114W,0,2.0665927,0.14994452893733978,0.9283611178398132,0.5373209118843079
YOL076W,YDL247W,0,2.0662346,0.1499207615852356,0.9283611178398132,0.5374211072921753
YHR214W,YBR181C,0,2.066188,0.1498970091342926,0.9283611178398132,0.5375213027000427
YGL098W,YHR138C,0,2.06611,0.1498732566833496,0.9283611178398132,0.5376214981079102
YDL122W,YML088W,1,2.0656495,0.1500079184770584,0.92934250831604,0.5376214981079102
YKR085C,YOL095C,0,2.0654814,0.14998416602611542,0.92934250831604,0.5377216935157776
YIL037C,YDR365C,0,2.0652823,0.14996041357517242,0.92934250831604,0.537821888923645
YNL190W,YFL049W,0,2.0651786,0.14993667602539062,0.92934250831604,0.5379220247268677
YJR108W,YLR435W,0,2.0650826,0.14991293847560883,0.92934250831604,0.5380222201347351
YHR205W,YIL123W,0,2.0648937,0.14988920092582703,0.92934250831604,0.5381224155426025
YNL328C,YHR024C,0,2.0647464,0.14986547827720642,0.92934250831604,0.53822261095047
YDR150W,YNL216W,0,2.064368,0.149841770529747,0.92934250831604,0.5383228063583374
YNL045W,YPR055W,0,2.064269,0.1498180627822876,0.92934250831604,0.5384230017662048
YBR248C,YPR133C,0,2.0632503,0.14979436993598938,0.92934250831604,0.5385231971740723
YCR045C,YML013W,0,2.0632136,0.14977067708969116,0.92934250831604,0.5386233925819397
YGL070C,YKR077W,0,2.0625052,0.14974699914455414,0.92934250831604,0.5387235879898071
YBR130C,YCL067C,0,2.062467,0.14972332119941711,0.92934250831604,0.5388237833976746
YPL169C,YNL038W,0,2.062028,0.14969965815544128,0.92934250831604,0.538923978805542
YIL013C,YDR287W,0,2.061858,0.14967599511146545,0.92934250831604,0.5390241742134094
YER179W,YIL167W,0,2.0605898,0.14965233206748962,0.92934250831604,0.5391243100166321
YNL137C,YLR313C,0,2.0605507,0.14962869882583618,0.92934250831604,0.5392245054244995
YNL251C,YLR017W,0,2.0605254,0.14960505068302155,0.92934250831604,0.5393247008323669
YDR517W,YOR060C,0,2.060052,0.1495814174413681,0.92934250831604,0.5394248962402344
YJR109C,YOL096C,0,2.0598476,0.14955779910087585,0.92934250831604,0.5395250916481018
YPR173C,YJL180C,0,2.0591645,0.1495341807603836,0.92934250831604,0.5396252870559692
YGR193C,YER038C,0,2.0583904,0.14951057732105255,0.92934250831604,0.5397254824638367
YDR189W,YER149C,0,2.0582943,0.1494869738817215,0.92934250831604,0.5398256778717041
YIL069C,YNL161W,0,2.0571141,0.14946338534355164,0.92934250831604,0.5399258732795715
YMR119W,YDR306C,1,2.056909,0.14959760010242462,0.9303238391876221,0.5399258732795715
YDR528W,YKL002W,0,2.0565104,0.14957399666309357,0.9303238391876221,0.540026068687439
YGL006W,YDR160W,0,2.056425,0.1495504081249237,0.9303238391876221,0.5401262640953064
YGR212W,YOR193W,0,2.054919,0.14952681958675385,0.9303238391876221,0.5402264595031738
YHR024C,YPL193W,0,2.0548306,0.14950323104858398,0.9303238391876221,0.5403265953063965
YLR382C,YLR333C,0,2.0547454,0.14947965741157532,0.9303238391876221,0.5404267907142639
YGR235C,YPR141C,0,2.0543728,0.14945609867572784,0.9303238391876221,0.5405269861221313
YFL061W,YDL076C,0,2.0543535,0.14943253993988037,0.9303238391876221,0.5406271815299988
YNL243W,YPR199C,0,2.053633,0.1494089812040329,0.9303238391876221,0.5407273769378662
YPR173C,YPL225W,0,2.0532112,0.14938543736934662,0.9303238391876221,0.5408275723457336
YOL144W,YOR081C,0,2.0530877,0.14936190843582153,0.9303238391876221,0.5409277677536011
YOR068C,YNR030W,0,2.0529795,0.14933837950229645,0.9303238391876221,0.5410279631614685
YAL011W,YBL063W,0,2.0508862,0.14931485056877136,0.9303238391876221,0.5411281585693359
YOL029C,YBR089C-A,0,2.0506206,0.14929133653640747,0.9303238391876221,0.5412283539772034
YOR011W,YIL005W,0,2.0502396,0.14926783740520477,0.9303238391876221,0.5413285493850708
YLR426W,YCL064C,0,2.050118,0.14924433827400208,0.9303238391876221,0.5414286851882935
YKL045W,YDR057W,0,2.049342,0.14922083914279938,0.9303238391876221,0.5415288805961609
YDR111C,YMR149W,0,2.0488994,0.14919735491275787,0.9303238391876221,0.5416290760040283
YGR044C,YDL102W,0,2.048221,0.14917388558387756,0.9303238391876221,0.5417292714118958
YDR098C,YLR143W,0,2.048089,0.14915041625499725,0.9303238391876221,0.5418294668197632
YOR357C,YDR165W,0,2.0480137,0.14912694692611694,0.9303238391876221,0.5419296622276306
YGR046W,YOL061W,0,2.0470836,0.14910349249839783,0.9303238391876221,0.542029857635498
YDL098C,YDR075W,0,2.0468414,0.1490800380706787,0.9303238391876221,0.5421300530433655
YGR161C,YLR001C,0,2.0459745,0.1490565985441208,0.9303238391876221,0.5422302484512329
YOR334W,YDR422C,0,2.0457354,0.14903317391872406,0.9303238391876221,0.5423304438591003
YPL130W,YLL014W,0,2.0457075,0.14900974929332733,0.9303238391876221,0.5424306392669678
YDR078C,YPL225W,0,2.0456207,0.1489863246679306,0.9303238391876221,0.5425308346748352
YNL054W,YOR065W,0,2.0451577,0.14896291494369507,0.9303238391876221,0.5426309704780579
YDL098C,YOR109W,0,2.0449073,0.14893952012062073,0.9303238391876221,0.5427311658859253
YLL066C,YLR249W,0,2.044539,0.1489161103963852,0.9303238391876221,0.5428313612937927
YHR020W,YIL062C,0,2.0444212,0.14889273047447205,0.9303238391876221,0.5429315567016602
YFR047C,YDR284C,0,2.0437481,0.1488693505525589,0.9303238391876221,0.5430317521095276
YKL026C,YGR030C,0,2.0434623,0.14884597063064575,0.9303238391876221,0.543131947517395
YHR210C,YPL248C,0,2.0433648,0.1488226056098938,0.9303238391876221,0.5432321429252625
YGL098W,YDL189W,0,2.0423641,0.14879924058914185,0.9303238391876221,0.5433323383331299
YBL063W,YHR090C,0,2.0422618,0.1487758904695511,0.9303238391876221,0.5434325337409973
YKL054C,YBR188C,0,2.0421536,0.14875255525112152,0.9303238391876221,0.5435327291488647
YGR202C,YMR133W,0,2.0419676,0.14872920513153076,0.9303238391876221,0.5436329245567322
YNL288W,YGL226W,0,2.0417922,0.1487058848142624,0.9303238391876221,0.5437331199645996
YLR143W,YGR245C,0,2.041763,0.14868256449699402,0.9303238391876221,0.5438332557678223
YBL007C,YDR308C,0,2.0416818,0.14865924417972565,0.9303238391876221,0.5439334511756897
YGR099W,YOL076W,0,2.041449,0.14863593876361847,0.9303238391876221,0.5440336465835571
YDR482C,YDR397C,0,2.04068,0.1486126333475113,0.9303238391876221,0.5441338419914246
YDR490C,YJR027W,0,2.0403154,0.1485893428325653,0.9303238391876221,0.544234037399292
YGL246C,YBL100W-B,0,2.039789,0.14856605231761932,0.9303238391876221,0.5443342328071594
YCR058C,YNL164C,0,2.0387914,0.14854277670383453,0.9303238391876221,0.5444344282150269
YOL121C,YJL180C,0,2.0382695,0.14851950109004974,0.9303238391876221,0.5445346236228943
YNL286W,YMR261C,0,2.0382123,0.14849624037742615,0.9303238391876221,0.5446348190307617
YLR190W,YCL064C,0,2.0382018,0.14847297966480255,0.9303238391876221,0.5447350144386292
YPR007C,YER129W,0,2.0380902,0.14844973385334015,0.9303238391876221,0.5448352098464966
YKR077W,YBR015C,0,2.0380855,0.14842648804187775,0.9303238391876221,0.544935405254364
YGR178C,YOR258W,0,2.0378482,0.14840325713157654,0.9303238391876221,0.5450355410575867
YOL029C,YOR103C,0,2.0366843,0.14838002622127533,0.9303238391876221,0.5451357364654541
YAR033W,YER176W,0,2.036683,0.14835681021213531,0.9303238391876221,0.5452359318733215
YER149C,YMR242C,0,2.034637,0.1483335942029953,0.9303238391876221,0.545336127281189
YIL064W,YLR001C,0,2.03458,0.14831039309501648,0.9303238391876221,0.5454363226890564
YDL072C,YGR083C,0,2.03444,0.14828719198703766,0.9303238391876221,0.5455365180969238
YKR053C,YNL246W,0,2.0343938,0.14826399087905884,0.9303238391876221,0.5456367135047913
YOR065W,YLL067C,0,2.0341685,0.1482408195734024,0.9303238391876221,0.5457369089126587
YHR035W,YDR261C,0,2.0337048,0.14821763336658478,0.9303238391876221,0.5458371043205261
YBL057C,YOR249C,1,2.0326686,0.148350790143013,0.9313052296638489,0.5458371043205261
YBL051C,YLR460C,0,2.0321133,0.14832760393619537,0.9313052296638489,0.5459372997283936
YPR106W,YNL247W,0,2.0319872,0.14830441772937775,0.9313052296638489,0.546037495136261
YGR138C,YML082W,0,2.0315466,0.1482812464237213,0.9313052296638489,0.5461376905441284
YCL068C,YIL087C,0,2.0313644,0.14825809001922607,0.9313052296638489,0.5462378263473511
YDR439W,YJR050W,0,2.0310493,0.14823493361473083,0.9313052296638489,0.5463380217552185
YKL026C,YMR220W,0,2.0308008,0.1482117772102356,0.9313052296638489,0.5464382171630859
YPL140C,YDR398W,0,2.0305822,0.14818863570690155,0.9313052296638489,0.5465384125709534
YOR195W,YGR044C,0,2.0284734,0.1481654942035675,0.9313052296638489,0.5466386079788208
YAL019W,YPL176C,0,2.0276976,0.14814236760139465,0.9313052296638489,0.5467388033866882
YCL051W,YKR027W,0,2.0273514,0.1481192409992218,0.9313052296638489,0.5468389987945557
YGR235C,YOL135C,0,2.0271935,0.14809612929821014,0.9313052296638489,0.5469391942024231
YOR034C,YER060W,0,2.0263324,0.1480730175971985,0.9313052296638489,0.5470393896102905
YHR090C,YGL085W,0,2.0263066,0.14804992079734802,0.9313052296638489,0.547139585018158
YDR127W,YJR108W,0,2.0256732,0.14802682399749756,0.9313052296638489,0.5472397804260254
YKR085C,YMR153W,0,2.0256023,0.1480037420988083,0.9313052296638489,0.547339916229248
YGL006W,YNL038W,0,2.0255299,0.14798066020011902,0.9313052296638489,0.5474401116371155
YLR006C,YNL214W,0,2.0245116,0.14795759320259094,0.9313052296638489,0.5475403070449829
YIL137C,YER159C,0,2.0238013,0.14793452620506287,0.9313052296638489,0.5476405024528503
YMR318C,YDR422C,0,2.0230682,0.14791147410869598,0.9313052296638489,0.5477406978607178
YML021C,YDR437W,0,2.0226276,0.1478884220123291,0.9313052296638489,0.5478408932685852
YLR004C,YBR121C,0,2.022222,0.1478653848171234,0.9313052296638489,0.5479410886764526
YDR516C,YKL197C,0,2.0220013,0.14784234762191772,0.9313052296638489,0.5480412840843201
YFR027W,YFL061W,0,2.021998,0.14781931042671204,0.9313052296638489,0.5481414794921875
YPR154W,YGL028C,0,2.0216675,0.14779628813266754,0.9313052296638489,0.5482416749000549
YGL018C,YPR007C,0,2.021659,0.14777328073978424,0.9313052296638489,0.5483418703079224
YGR099W,YER159C,0,2.02146,0.14775027334690094,0.9313052296638489,0.5484420657157898
YAL015C,YFR038W,0,2.021343,0.14772726595401764,0.9313052296638489,0.5485422015190125
YFL061W,YPL239W,0,2.0211043,0.14770427346229553,0.9313052296638489,0.5486423969268799
YPL225W,YDR437W,0,2.0210764,0.14768129587173462,0.9313052296638489,0.5487425923347473
YHR006W,YNL062C,0,2.0208337,0.1476583182811737,0.9313052296638489,0.5488427877426147
YLL031C,YAL068C,0,2.0198154,0.1476353406906128,0.9313052296638489,0.5489429831504822
YJR035W,YDL012C,0,2.0192611,0.14761237800121307,0.9313052296638489,0.5490431785583496
YGL073W,YPL280W,0,2.0175164,0.14758943021297455,0.9313052296638489,0.549143373966217
YHL017W,YGR245C,0,2.0173411,0.14756646752357483,0.9313052296638489,0.5492435693740845
YNL243W,YNL142W,0,2.017141,0.1475435346364975,0.9313052296638489,0.5493437647819519
YER139C,YIL096C,0,2.0171185,0.14752060174942017,0.9313052296638489,0.5494439601898193
YHR009C,YLR260W,0,2.0161505,0.14749766886234283,0.9313052296638489,0.5495441555976868
YPL183C,YHR193C,0,2.0160384,0.1474747508764267,0.9313052296638489,0.5496443510055542
YOL076W,YJR131W,0,2.0153863,0.14745183289051056,0.9313052296638489,0.5497444868087769
YPL207W,YOR341W,0,2.0151777,0.14742892980575562,0.9313052296638489,0.5498446822166443
YER028C,YNL317W,0,2.0149207,0.14740602672100067,0.9313052296638489,0.5499448776245117
YER062C,YGR174C,0,2.014717,0.14738313853740692,0.9313052296638489,0.5500450730323792
YMR149W,YLR337C,0,2.0146732,0.14736025035381317,0.9313052296638489,0.5501452684402466
YDL093W,YMR050C,0,2.014596,0.14733737707138062,0.9313052296638489,0.550245463848114
YOR087W,YOL061W,0,2.0145953,0.14731450378894806,0.9313052296638489,0.5503456592559814
YOL084W,YGR040W,0,2.0144625,0.1472916305065155,0.9313052296638489,0.5504458546638489
YAL059W,YLR259C,0,2.013668,0.14726877212524414,0.9313052296638489,0.5505460500717163
YNL056W,YPR055W,0,2.0131996,0.14724592864513397,0.9313052296638489,0.5506462454795837
YIL036W,YNL055C,0,2.0126638,0.1472230851650238,0.9313052296638489,0.5507464408874512
YCR018C,YMR225C,0,2.01154,0.14720024168491364,0.9313052296638489,0.5508466362953186
YJL183W,YPL126W,0,2.0105796,0.14717741310596466,0.9313052296638489,0.5509467720985413
YER031C,YCL016C,0,2.00994,0.14715459942817688,0.9313052296638489,0.5510469675064087
YHR202W,YCR063W,0,2.0098672,0.1471317857503891,0.9313052296638489,0.5511471629142761
YPL146C,YDR023W,0,2.0097647,0.14710897207260132,0.9313052296638489,0.5512473583221436
YIL014W,YBL063W,0,2.0085359,0.14708617329597473,0.9313052296638489,0.551347553730011
YLR131C,YOL126C,0,2.008469,0.14706337451934814,0.9313052296638489,0.5514477491378784
YJR027W,YOR001W,0,2.0083013,0.14704059064388275,0.9313052296638489,0.5515479445457458
YOR065W,YKL099C,0,2.008297,0.14701782166957855,0.9313052296638489,0.5516481399536133
YLR075W,YCL067C,0,2.008206,0.14699503779411316,0.9313052296638489,0.5517483353614807
YIL038C,YNL068C,0,2.008197,0.14697228372097015,0.9313052296638489,0.5518485307693481
YPL280W,YBR153W,0,2.0074148,0.14694951474666595,0.9313052296638489,0.5519487261772156
YFL025C,YIL007C,1,2.007245,0.14708159863948822,0.9322865605354309,0.5519487261772156
YER072W,YPL146C,0,2.007078,0.14705882966518402,0.9322865605354309,0.552048921585083
YKL045W,YBL013W,0,2.0069523,0.14703606069087982,0.9322865605354309,0.5521490573883057
YLL031C,YKL134C,0,2.0065694,0.14701330661773682,0.9322865605354309,0.5522492527961731
YDR098C,YMR237W,0,2.005822,0.146990567445755,0.9322865605354309,0.5523494482040405
YDR308C,YMR050C,0,2.0053942,0.1469678282737732,0.9322865605354309,0.552449643611908
YPR046W,YIL173W,0,2.0052829,0.14694508910179138,0.9322865605354309,0.5525498390197754
YER007C-A,YIL144W,0,2.004353,0.14692236483097076,0.9322865605354309,0.5526500344276428
YIL064W,YPL254W,0,2.004184,0.14689964056015015,0.9322865605354309,0.5527502298355103
YDL160C,YLR288C,0,2.0038247,0.14687693119049072,0.9322865605354309,0.5528504252433777
YIL106W,YJR027W,0,2.0037572,0.1468542218208313,0.9322865605354309,0.5529506206512451
YML023C,YGL061C,0,2.003541,0.14683152735233307,0.9322865605354309,0.5530508160591125
YPR097W,YLR017W,0,2.0017443,0.14680883288383484,0.9322865605354309,0.55315101146698
YLR333C,YDR359C,0,2.0014825,0.1467861533164978,0.9322865605354309,0.5532512068748474
YJL181W,YMR125W,0,2.0013735,0.14676347374916077,0.9322865605354309,0.5533513426780701
YLR052W,YER081W,0,2.0007868,0.14674080908298492,0.9322865605354309,0.5534515380859375
YKL141W,YOR236W,0,2.0007277,0.14671814441680908,0.9322865605354309,0.5535517334938049
YBR208C,YGL016W,0,2.0000727,0.14669549465179443,0.9322865605354309,0.5536519289016724
YML107C,YMR125W,0,1.9992924,0.14667284488677979,0.9322865605354309,0.5537521243095398
YKR096W,YFR014C,0,1.9992249,0.14665019512176514,0.9322865605354309,0.5538523197174072
YLL026W,YMR215W,0,1.999125,0.14662756025791168,0.9322865605354309,0.5539525151252747
YNL054W,YOR241W,0,1.998695,0.14660494029521942,0.9322865605354309,0.5540527105331421
YGR099W,YMR118C,0,1.9986573,0.14658232033252716,0.9322865605354309,0.5541529059410095
YBL038W,YGL144C,0,1.9981753,0.1465597003698349,0.9322865605354309,0.554253101348877
YPL004C,YNL068C,0,1.9967866,0.14653709530830383,0.9322865605354309,0.5543532967567444
YEL024W,YNL123W,0,1.9962857,0.14651449024677277,0.9322865605354309,0.554453432559967
YDR517W,YOR260W,0,1.9959294,0.1464919000864029,0.9322865605354309,0.5545536279678345
YJL098W,YAL056W,0,1.9942452,0.1464693248271942,0.9322865605354309,0.5546538233757019
YJR042W,YBR272C,0,1.9935908,0.14644673466682434,0.9322865605354309,0.5547540187835693
YOR363C,YGR097W,0,1.9935877,0.14642417430877686,0.9322865605354309,0.5548542141914368
YDR028C,YDR303C,0,1.9926608,0.14640159904956818,0.9322865605354309,0.5549544095993042
YDL189W,YIL119C,0,1.9924102,0.1463790386915207,0.9322865605354309,0.5550546050071716
YMR225C,YBR301W,0,1.992315,0.1463564932346344,0.9322865605354309,0.5551548004150391
YKR085C,YGL151W,0,1.9922669,0.1463339477777481,0.9322865605354309,0.5552549958229065
YDR367W,YLR288C,0,1.9922407,0.146311417222023,0.9322865605354309,0.5553551912307739
YKL141W,YOL121C,0,1.9906634,0.1462888866662979,0.9322865605354309,0.5554553866386414
YCL064C,YEL027W,0,1.990072,0.14626635611057281,0.9322865605354309,0.5555555820465088
YPL171C,YPL056C,0,1.9884704,0.1462438404560089,0.9322865605354309,0.5556557178497314
YCL017C,YMR009W,0,1.9869281,0.1462213397026062,0.9322865605354309,0.5557559132575989
YJL045W,YLR409C,0,1.9869164,0.1461988240480423,0.9322865605354309,0.5558561086654663
YFL005W,YBR212W,0,1.986572,0.14617633819580078,0.9322865605354309,0.5559563040733337
YDL243C,YBR248C,0,1.9861411,0.14615385234355927,0.9322865605354309,0.5560564994812012
YBR054W,YHR009C,0,1.9857309,0.14613136649131775,0.9322865605354309,0.5561566948890686
YML096W,YER071C,0,1.9853477,0.14610889554023743,0.9322865605354309,0.556256890296936
YPR154W,YOL059W,0,1.9851156,0.1460864245891571,0.9322865605354309,0.5563570857048035
YKR089C,YOR157C,0,1.9849226,0.14606395363807678,0.9322865605354309,0.5564572811126709
YOL023W,YIR004W,0,1.984216,0.14604151248931885,0.9322865605354309,0.5565574765205383
YMR286W,YPL168W,0,1.9841561,0.14601905643939972,0.9322865605354309,0.5566576719284058
YLR247C,YJL216C,0,1.9835302,0.14599661529064178,0.9322865605354309,0.5567578673362732
YDR386W,YPR120C,0,1.9833953,0.14597418904304504,0.9322865605354309,0.5568580031394958
YNL199C,YCL048W,0,1.9832826,0.1459517627954483,0.9322865605354309,0.5569581985473633
YLR380W,YDR086C,1,1.983263,0.14608295261859894,0.9332678914070129,0.5569581985473633
YOR119C,YBR181C,0,1.983036,0.146060511469841,0.9332678914070129,0.5570583939552307
YDR280W,YNL246W,0,1.9827698,0.14603808522224426,0.9332678914070129,0.5571585893630981
YHR166C,YDR086C,1,1.9827466,0.14616920053958893,0.9342492818832397,0.5571585893630981
YPR174C,YPL018W,0,1.9827306,0.146146759390831,0.9342492818832397,0.5572587847709656
YMR215W,YLR460C,0,1.9824407,0.14612433314323425,0.9342492818832397,0.557358980178833
YLR185W,YJL208C,0,1.9823308,0.1461019068956375,0.9342492818832397,0.5574591755867004
YBL080C,YHR202W,0,1.9820939,0.14607948064804077,0.9342492818832397,0.5575593709945679
YGR103W,YHR103W,0,1.982051,0.14605706930160522,0.9342492818832397,0.5576595664024353
YKR093W,YNL317W,0,1.9811807,0.14603467285633087,0.9342492818832397,0.5577597618103027
YLR417W,YJR046W,0,1.980886,0.14601227641105652,0.9342492818832397,0.5578599572181702
YPL168W,YLR435W,0,1.9805908,0.14598987996578217,0.9342492818832397,0.5579601526260376
YPL210C,YNL278W,0,1.9801626,0.145967498421669,0.9342492818832397,0.5580602884292603
YBR054W,YBR169C,0,1.9800789,0.14594511687755585,0.9342492818832397,0.5581604838371277
YPL171C,YDR200C,0,1.9797623,0.14592275023460388,0.9342492818832397,0.5582606792449951
YPL056C,YHL021C,0,1.9797173,0.14590038359165192,0.9342492818832397,0.5583608746528625
YNR032C-A,YPR046W,0,1.97965,0.14587803184986115,0.9342492818832397,0.55846107006073
YJL186W,YBR248C,0,1.9790826,0.14585568010807037,0.9342492818832397,0.5585612654685974
YOR045W,YMR015C,0,1.9788022,0.1458333283662796,0.9342492818832397,0.5586614608764648
YMR261C,YMR105C,0,1.978645,0.14581099152565002,0.9342492818832397,0.5587616562843323
YPR143W,YKR083C,0,1.9785835,0.14578866958618164,0.9342492818832397,0.5588618516921997
YKR096W,YGL144C,0,1.9781263,0.14576634764671326,0.9342492818832397,0.5589620471000671
YLR037C,YGL198W,0,1.977966,0.14574402570724487,0.9342492818832397,0.5590622425079346
YJL149W,YOR339C,1,1.9769351,0.1458747833967209,0.9352306127548218,0.5590622425079346
YMR158W,YGL107C,0,1.9768896,0.1458524614572525,0.9352306127548218,0.559162437915802
YLL066C,YDR108W,0,1.9766756,0.14583013951778412,0.9352306127548218,0.5592625737190247
YLL036C,YDR390C,1,1.9760737,0.14596083760261536,0.9362119436264038,0.5592625737190247
YOR119C,YFR016C,0,1.9749767,0.14593850076198578,0.9362119436264038,0.5593627691268921
YGR235C,YDR178W,0,1.9740884,0.1459161788225174,0.9362119436264038,0.5594629645347595
YOL126C,YBR149W,0,1.9737833,0.1458938717842102,0.9362119436264038,0.559563159942627
YGL018C,YNL287W,0,1.9736534,0.14587156474590302,0.9362119436264038,0.5596633553504944
YPR110C,YMR175W,0,1.9732683,0.14584925770759583,0.9362119436264038,0.5597635507583618
YBR005W,YKL138C-A,0,1.9732509,0.14582696557044983,0.9362119436264038,0.5598637461662292
YPL141C,YCL067C,0,1.9731557,0.14580467343330383,0.9362119436264038,0.5599639415740967
YFR040W,YKL087C,0,1.9730818,0.14578239619731903,0.9362119436264038,0.5600641369819641
YGL167C,YOL032W,0,1.9728796,0.14576011896133423,0.9362119436264038,0.5601643323898315
YML004C,YML096W,0,1.9727316,0.14573785662651062,0.9362119436264038,0.560264527797699
YKL033W,YGR296W,0,1.9726559,0.145715594291687,0.9362119436264038,0.5603646636009216
YLR167W,YJR084W,0,1.9723827,0.1456933468580246,0.9362119436264038,0.5604648590087891
YHR122W,YGL115W,0,1.9718097,0.14567109942436218,0.9362119436264038,0.5605650544166565
YDR111C,YGL070C,0,1.9715831,0.14564885199069977,0.9362119436264038,0.5606652498245239
YJL173C,YJR108W,0,1.971343,0.14562661945819855,0.9362119436264038,0.5607654452323914
YDL240W,YFL056C,0,1.9708366,0.14560440182685852,0.9362119436264038,0.5608656406402588
YFL056C,YDR276C,0,1.9707313,0.1455821692943573,0.9362119436264038,0.5609658360481262
YGL142C,YGR204W,0,1.9706804,0.14555996656417847,0.9362119436264038,0.5610660314559937
YNL190W,YPL043W,0,1.9706771,0.14553776383399963,0.9362119436264038,0.5611662268638611
YBL084C,YEL019C,1,1.970285,0.14566808938980103,0.9371933341026306,0.5611662268638611
YML059C,YDR438W,0,1.9695616,0.145645871758461,0.9371933341026306,0.5612664222717285
YKL069W,YGL195W,0,1.9690952,0.14562366902828217,0.9371933341026306,0.561366617679596
YFR016C,YDR100W,0,1.9689372,0.14560146629810333,0.9371933341026306,0.5614668130874634
YAL007C,YBR107C,0,1.9687722,0.1455792635679245,0.9371933341026306,0.561566948890686
YOR048C,YDR257C,0,1.9682744,0.14555707573890686,0.9371933341026306,0.5616671442985535
YDR441C,YML082W,0,1.9682227,0.14553490281105042,0.9371933341026306,0.5617673397064209
YLR190W,YPR174C,0,1.9678588,0.14551272988319397,0.9371933341026306,0.5618675351142883
YOR363C,YLL053C,0,1.9678578,0.14549055695533752,0.9371933341026306,0.5619677305221558
YGR082W,YGR205W,0,1.9677923,0.14546839892864227,0.9371933341026306,0.5620679259300232
YNL024C,YNR033W,0,1.9676976,0.14544624090194702,0.9371933341026306,0.5621681213378906
YJL183W,YML059C,0,1.9676228,0.14542408287525177,0.9371933341026306,0.5622683167457581
YOR273C,YBR212W,0,1.966781,0.1454019546508789,0.9371933341026306,0.5623685121536255
YKR053C,YPL040C,0,1.9661531,0.14537981152534485,0.9371933341026306,0.5624687075614929
YJL069C,YDR438W,0,1.9660449,0.14535768330097198,0.9371933341026306,0.5625689029693604
YGL070C,YLR288C,0,1.9658678,0.14533556997776031,0.9371933341026306,0.5626690983772278
YKL069W,YCL001W,0,1.9651701,0.14531345665454865,0.9371933341026306,0.5627692341804504
YLR023C,YGR260W,0,1.964987,0.14529134333133698,0.9371933341026306,0.5628694295883179
YJL168C,YHR014W,0,1.964405,0.1452692449092865,0.9371933341026306,0.5629696249961853
YGL018C,YER060W-A,0,1.9638963,0.14524714648723602,0.9371933341026306,0.5630698204040527
YLL016W,YKR099W,0,1.963758,0.14522506296634674,0.9371933341026306,0.5631700158119202
YPL013C,YPL076W,0,1.9637246,0.14520297944545746,0.9371933341026306,0.5632702112197876
YLR363C,YHL025W,0,1.9630501,0.14518091082572937,0.9371933341026306,0.563370406627655
YBR038W,YLR460C,0,1.9622284,0.14515884220600128,0.9371933341026306,0.5634706020355225
YMR153W,YBR191W,0,1.9619248,0.1451367735862732,0.9371933341026306,0.5635707974433899
YNR030W,YFR053C,0,1.9619083,0.1451147198677063,0.9371933341026306,0.5636709928512573
YAL048C,YPR174C,0,1.961885,0.1450926810503006,0.9371933341026306,0.5637711882591248
YDR235W,YGL085W,0,1.9614882,0.1450706422328949,0.9371933341026306,0.5638713836669922
YBR218C,YNL317W,0,1.9609015,0.1450486034154892,0.9371933341026306,0.5639715194702148
YLR215C,YMR313C,0,1.9606624,0.1450265794992447,0.9371933341026306,0.5640717148780823
YLL031C,YDR087C,0,1.9605792,0.14500455558300018,0.9371933341026306,0.5641719102859497
YAL011W,YIL008W,0,1.9604816,0.14498254656791687,0.9371933341026306,0.5642721056938171
YBR038W,YMR322C,0,1.9600546,0.14496053755283356,0.9371933341026306,0.5643723011016846
YDR528W,YCR044C,0,1.9594393,0.14493852853775024,0.9371933341026306,0.564472496509552
YFR047C,YJL003W,0,1.9594053,0.14491653442382812,0.9371933341026306,0.5645726919174194
YML097C,YIL017W,1,1.958875,0.14504627883434296,0.9381746649742126,0.5645726919174194
YMR234W,YKL081W,0,1.9587166,0.14502426981925964,0.9381746649742126,0.5646728873252869
YLR056W,YKR052C,0,1.9583836,0.14500227570533752,0.9381746649742126,0.5647730827331543
YMR232W,YMR226C,0,1.9567707,0.1449802815914154,0.9381746649742126,0.5648732781410217
YMR175W,YGR057C,0,1.9567702,0.14495830237865448,0.9381746649742126,0.5649734735488892
YNR038W,YBL072C,0,1.9566876,0.14493632316589355,0.9381746649742126,0.5650736689567566
YDR490C,YPL262W,0,1.9559121,0.14491435885429382,0.9381746649742126,0.5651738047599792
YNL180C,YIL005W,0,1.955168,0.1448923945426941,0.9381746649742126,0.5652740001678467
YPR046W,YBR131W,0,1.9550343,0.14487043023109436,0.9381746649742126,0.5653741955757141
YGL027C,YBR034C,0,1.9546319,0.14484848082065582,0.9381746649742126,0.5654743909835815
YOR359W,YLR060W,0,1.9542675,0.14482654631137848,0.9381746649742126,0.565574586391449
YLR215C,YFL018W-A,0,1.9541405,0.14480461180210114,0.9381746649742126,0.5656747817993164
YMR059W,YJR054W,0,1.9536334,0.1447826772928238,0.9381746649742126,0.5657749772071838
YKL069W,YDL139C,0,1.953002,0.14476075768470764,0.9381746649742126,0.5658751726150513
YCL068C,YKL002W,0,1.9526145,0.1447388380765915,0.9381746649742126,0.5659753680229187
YOL135C,YBR023C,0,1.9521348,0.14471691846847534,0.9381746649742126,0.5660755634307861
YHR169W,YDL139C,0,1.9520895,0.14469501376152039,0.9381746649742126,0.5661757588386536
YGR266W,YGR296W,0,1.9516388,0.14467312395572662,0.9381746649742126,0.5662758946418762
YPR105C,YDL012C,0,1.9501595,0.14465123414993286,0.9381746649742126,0.5663760900497437
YGR266W,YLR313C,0,1.9496914,0.1446293443441391,0.9381746649742126,0.5664762854576111
YCR016W,YIL043C,0,1.9493225,0.14460746943950653,0.9381746649742126,0.5665764808654785
YBR295W,YPR141C,0,1.9492154,0.14458559453487396,0.9381746649742126,0.566676676273346
YDL093W,YBL091C,0,1.9489769,0.1445637345314026,0.9381746649742126,0.5667768716812134
YPL235W,YJR096W,0,1.9474642,0.1445418745279312,0.9381746649742126,0.5668770670890808
YGL116W,YLL053C,0,1.947289,0.14452002942562103,0.9381746649742126,0.5669772624969482
YOR207C,YGR083C,0,1.9471918,0.14449818432331085,0.9381746649742126,0.5670774579048157
YDL175C,YGL027C,0,1.9469393,0.14447635412216187,0.9381746649742126,0.5671776533126831
YHR035W,YMR105C,0,1.9466548,0.14445452392101288,0.9381746649742126,0.5672778487205505
YLR039C,YBR091C,0,1.9463657,0.1444326937198639,0.9381746649742126,0.567378044128418
YOR136W,YOR103C,0,1.9460629,0.1444108784198761,0.9381746649742126,0.5674781799316406
YJL212C,YBR121C,0,1.945987,0.1443890631198883,0.9381746649742126,0.5675783753395081
YLR293C,YGL238W,0,1.945933,0.1443672627210617,0.9381746649742126,0.5676785707473755
YJR102C,YNL076W,0,1.9457331,0.1443454623222351,0.9381746649742126,0.5677787661552429
YER102W,YOR260W,0,1.9453471,0.1443236768245697,0.9381746649742126,0.5678789615631104
YMR175W,YNR038W,0,1.9447623,0.1443018913269043,0.9381746649742126,0.5679791569709778
YLL066C,YNL036W,0,1.9437815,0.1442801058292389,0.9381746649742126,0.5680793523788452
YBR015C,YGR044C,0,1.9434594,0.14425833523273468,0.9381746649742126,0.5681795477867126
YIL038C,YPL254W,0,1.9434034,0.14423657953739166,0.9381746649742126,0.5682797431945801
YKL045W,YKR096W,0,1.9426749,0.14421480894088745,0.9381746649742126,0.5683799386024475
YER100W,YDR430C,0,1.9418011,0.14419306814670563,0.9381746649742126,0.5684801340103149
YIL014W,YPL097W,0,1.9417391,0.1441713124513626,0.9381746649742126,0.5685803294181824
YGL231C,YKR083C,0,1.9415183,0.1441495716571808,0.9381746649742126,0.568680465221405
YFR024C-A,YMR205C,0,1.9409838,0.14412784576416016,0.9381746649742126,0.5687806606292725
YKL006W,YIL033C,0,1.9409788,0.14410611987113953,0.9381746649742126,0.5688808560371399
YHR204W,YJR132W,0,1.940398,0.1440843939781189,0.9381746649742126,0.5689810514450073
YHR122W,YPL126W,0,1.9401412,0.14406268298625946,0.9381746649742126,0.5690812468528748
YGL006W,YCR005C,0,1.9399276,0.14404098689556122,0.9381746649742126,0.5691814422607422
YLR417W,YOR011W,0,1.939311,0.14401927590370178,0.9381746649742126,0.5692816376686096
YBR181C,YOR026W,0,1.939,0.14399759471416473,0.9381746649742126,0.569381833076477
YJL013C,YPL189W,0,1.93878,0.1439758986234665,0.9381746649742126,0.5694820284843445
YDL240W,YNR059W,0,1.9380531,0.14395421743392944,0.9381746649742126,0.5695822238922119
YPR148C,YIL018W,0,1.937874,0.1439325511455536,0.9381746649742126,0.5696824193000793
YPL140C,YHR037W,0,1.9376328,0.14391088485717773,0.9381746649742126,0.5697826147079468
YLL021W,YGR044C,0,1.9371561,0.14388921856880188,0.9381746649742126,0.5698827505111694
YPL138C,YOR078W,0,1.9367653,0.14386756718158722,0.9381746649742126,0.5699829459190369
YDR437W,YBR028C,0,1.9366239,0.14384591579437256,0.9381746649742126,0.5700831413269043
YOR264W,YNL054W,0,1.9365177,0.1438242793083191,0.9381746649742126,0.5701833367347717
YAL028W,YDR276C,0,1.9362718,0.14380264282226562,0.9381746649742126,0.5702835321426392
YOL098C,YDR439W,0,1.9360466,0.14378102123737335,0.9381746649742126,0.5703837275505066
YLR023C,YNL066W,0,1.9358653,0.14375939965248108,0.9381746649742126,0.570483922958374
YML021C,YFR024C-A,0,1.9349719,0.1437377780675888,0.9381746649742126,0.5705841183662415
YGL246C,YBL038W,0,1.9347634,0.14371617138385773,0.9381746649742126,0.5706843137741089
YGL028C,YDR091C,0,1.9345791,0.14369457960128784,0.9381746649742126,0.5707845091819763
YPL280W,YMR243C,0,1.9342923,0.14367297291755676,0.9381746649742126,0.5708847045898438
YJL054W,YPL100W,0,1.9339564,0.14365139603614807,0.9381746649742126,0.5709848999977112
YHR033W,YCR044C,0,1.9339128,0.14362980425357819,0.9381746649742126,0.5710850358009338
YOL121C,YJL003W,0,1.9332802,0.1436082273721695,0.9381746649742126,0.5711852312088013
YBR046C,YBR069C,0,1.9328086,0.143586665391922,0.9381746649742126,0.5712854266166687
YOR032C,YKR088C,0,1.9327929,0.1435651034116745,0.9381746649742126,0.5713856220245361
YGR178C,YAL028W,0,1.9325933,0.143543541431427,0.9381746649742126,0.5714858174324036
YHR090C,YMR242C,0,1.9318687,0.1435219943523407,0.9381746649742126,0.571586012840271
YKL141W,YLR315W,0,1.9309859,0.1435004472732544,0.9381746649742126,0.5716862082481384
YAL048C,YEL032W,0,1.9300187,0.14347891509532928,0.9381746649742126,0.5717864036560059
YDR516C,YLR352W,0,1.9296082,0.14345738291740417,0.9381746649742126,0.5718865990638733
YPL105C,YGR024C,0,1.9282655,0.14343586564064026,0.9381746649742126,0.5719867944717407
YPR071W,YER060W,0,1.9272509,0.14341434836387634,0.9381746649742126,0.5720869898796082
YIL043C,YLR092W,0,1.9268923,0.14339283108711243,0.9381746649742126,0.5721871852874756
YDR350C,YBR016W,0,1.9266278,0.1433713287115097,0.9381746649742126,0.5722873210906982
YFL056C,YNL278W,0,1.9261255,0.14334982633590698,0.9381746649742126,0.5723875164985657
YHR103W,YBL013W,0,1.9257674,0.14332833886146545,0.9381746649742126,0.5724877119064331
YBL063W,YJL208C,0,1.9254286,0.14330685138702393,0.9381746649742126,0.5725879073143005
YJL059W,YOR195W,0,1.9240911,0.1432853788137436,0.9381746649742126,0.572688102722168
YDR256C,YPR134W,0,1.9239469,0.14326390624046326,0.9381746649742126,0.5727882981300354
YDL235C,YBR162W-A,0,1.9239444,0.14324243366718292,0.9381746649742126,0.5728884935379028
YJR102C,YEL024W,0,1.9238601,0.14322097599506378,0.9381746649742126,0.5729886889457703
YFR024C,YBL047C,0,1.9226208,0.14319951832294464,0.9381746649742126,0.5730888843536377
YDL243C,YBR023C,0,1.9217249,0.1431780755519867,0.9381746649742126,0.5731890797615051
YHR009C,YPL061W,0,1.9211707,0.14315663278102875,0.9381746649742126,0.5732892751693726
YGR254W,YLR054C,0,1.9204669,0.143135204911232,0.9381746649742126,0.5733894109725952
YGR202C,YFL061W,0,1.9203343,0.14311377704143524,0.9381746649742126,0.5734896063804626
YHR142W,YEL024W,0,1.9192148,0.1430923491716385,0.9381746649742126,0.5735898017883301
YDR175C,YNL076W,0,1.9189596,0.14307093620300293,0.9381746649742126,0.5736899971961975
YML133C,YNL048W,0,1.9187903,0.14304952323436737,0.9381746649742126,0.5737901926040649
YOR383C,YPL126W,0,1.9172901,0.143028125166893,0.9381746649742126,0.5738903880119324
YJL045W,YNL029C,0,1.9168458,0.14300672709941864,0.9381746649742126,0.5739905834197998
YMR232W,YLR460C,0,1.9162937,0.14298534393310547,0.9381746649742126,0.5740907788276672
YDR513W,YHR014W,0,1.9162835,0.1429639607667923,0.9381746649742126,0.5741909742355347
YIL118W,YNL181W,0,1.9157674,0.14294257760047913,0.9381746649742126,0.5742911696434021
YPL171C,YGR205W,0,1.9154747,0.14292120933532715,0.9381746649742126,0.5743913650512695
YGL196W,YBR034C,0,1.9153361,0.14289985597133636,0.9381746649742126,0.574491560459137
YGR244C,YDL211C,0,1.9148488,0.1428784877061844,0.9381746649742126,0.5745916962623596
YDR201W,YLR315W,0,1.9147749,0.1428571492433548,0.9381746649742126,0.574691891670227
YJL059W,YKL132C,0,1.914423,0.142835795879364,0.9381746649742126,0.5747920870780945
YHR214W,YDL149W,0,1.9141371,0.14281445741653442,0.9381746649742126,0.5748922824859619
YFL005W,YPL040C,0,1.9140667,0.14279313385486603,0.9381746649742126,0.5749924778938293
YIL118W,YML096W,0,1.9138973,0.14277181029319763,0.9381746649742126,0.5750926733016968
YFL025C,YER098W,1,1.9120921,0.14289981126785278,0.9391560554504395,0.5750926733016968
YDR308C,YER159C,0,1.9111974,0.1428784728050232,0.9391560554504395,0.5751928687095642
YJR131W,YOR060C,0,1.9105864,0.1428571492433548,0.9391560554504395,0.5752930641174316
YPL133C,YOL135C,0,1.9101218,0.1428358256816864,0.9391560554504395,0.5753932595252991
YGR178C,YKL081W,0,1.9100785,0.142814502120018,0.9391560554504395,0.5754934549331665
YIL068C,YLL057C,0,1.9094839,0.1427931934595108,0.9391560554504395,0.5755936503410339
YDR004W,YDR190C,0,1.9091079,0.1427718997001648,0.9391560554504395,0.5756938457489014
YNL031C,YOR266W,0,1.9069841,0.1427505910396576,0.9391560554504395,0.575793981552124
YLR215C,YNL055C,0,1.9069631,0.14272931218147278,0.9391560554504395,0.5758941769599915
YOR065W,YKL138C,0,1.9063859,0.14270801842212677,0.9391560554504395,0.5759943723678589
YER031C,YMR118C,0,1.9062097,0.14268673956394196,0.9391560554504395,0.5760945677757263
YDR273W,YBR089C-A,0,1.9056695,0.14266547560691833,0.9391560554504395,0.5761947631835938
YIL148W,YMR125W,0,1.9055834,0.14264421164989471,0.9391560554504395,0.5762949585914612
YIL009W,YPR068C,0,1.9054751,0.1426229476928711,0.9391560554504395,0.5763951539993286
YDR323C,YKR089C,0,1.9053341,0.14260169863700867,0.9391560554504395,0.576495349407196
YIL075C,YDR464W,0,1.9050081,0.14258044958114624,0.9391560554504395,0.5765955448150635
YMR076C,YOL051W,0,1.9043667,0.142559215426445,0.9391560554504395,0.5766957402229309
YOR358W,YMR133W,0,1.904318,0.14253798127174377,0.9391560554504395,0.5767959356307983
YLR293C,YNL181W,0,1.9037111,0.14251674711704254,0.9391560554504395,0.5768961310386658
YGR082W,YKL054C,0,1.903213,0.1424955278635025,0.9391560554504395,0.5769962668418884
YPL262W,YAR009C,0,1.9025956,0.14247432351112366,0.9391560554504395,0.5770964622497559
YLL031C,YDL102W,0,1.901711,0.14245310425758362,0.9391560554504395,0.5771966576576233
YGR212W,YPR120C,0,1.9013941,0.14243191480636597,0.9391560554504395,0.5772968530654907
YBR078W,YLR067C,0,1.9003165,0.14241071045398712,0.9391560554504395,0.5773970484733582
YLR293C,YHL050C,0,1.8984897,0.14238952100276947,0.9391560554504395,0.5774972438812256
YPR071W,YBR180W,0,1.8982497,0.142368346452713,0.9391560554504395,0.577597439289093
YGR099W,YML059C,0,1.8974307,0.14234717190265656,0.9391560554504395,0.5776976346969604
YEL020W-A,YER071C,0,1.8968819,0.1423259973526001,0.9391560554504395,0.5777978301048279
YDR039C,YER139C,0,1.895812,0.14230483770370483,0.9391560554504395,0.5778980255126953
YML021C,YPL105C,0,1.895587,0.14228367805480957,0.9391560554504395,0.5779982209205627
YER044C-A,YOR260W,0,1.8951042,0.1422625184059143,0.9391560554504395,0.5780984163284302
YEL020W-A,YDR244W,0,1.894795,0.14224137365818024,0.9391560554504395,0.5781985521316528
YPR003C,YPR174C,0,1.8946784,0.14222024381160736,0.9391560554504395,0.5782987475395203
YDR500C,YNL246W,0,1.894594,0.14219911396503448,0.9391560554504395,0.5783989429473877
YPR155C,YJL197W,0,1.8944995,0.1421779841184616,0.9391560554504395,0.5784991383552551
YDR517W,YHL025W,0,1.8941188,0.14215686917304993,0.9391560554504395,0.5785993337631226
YJL216C,YLL057C,0,1.8936858,0.14213575422763824,0.9391560554504395,0.57869952917099
YJL127C,YBR086C,0,1.8927357,0.14211463928222656,0.9391560554504395,0.5787997245788574
YDR091C,YDL135C,0,1.8924603,0.14209353923797607,0.9391560554504395,0.5788999199867249
YLR143W,YCL001W,0,1.8922722,0.14207243919372559,0.9391560554504395,0.5790001153945923
YOR032C,YOR048C,0,1.8922707,0.1420513540506363,0.9391560554504395,0.5791003108024597
YDR243C,YML082W,0,1.8921609,0.142030268907547,0.9391560554504395,0.5792005062103271
YOR252W,YHR150W,0,1.8918575,0.1420091986656189,0.9391560554504395,0.5793006420135498
YDR092W,YBR112C,0,1.891712,0.1419881284236908,0.9391560554504395,0.5794008374214172
YDR469W,YHL026C,0,1.891071,0.1419670730829239,0.9391560554504395,0.5795010328292847
YOR049C,YGL151W,0,1.8909649,0.1419460028409958,0.9391560554504395,0.5796012282371521
YKL016C,YBR069C,0,1.8909626,0.14192496240139008,0.9391560554504395,0.5797014236450195
YBL008W,YCL064C,0,1.8906684,0.14190392196178436,0.9391560554504395,0.579801619052887
YLR044C,YML082W,0,1.8906012,0.14188288152217865,0.9391560554504395,0.5799018144607544
YCR091W,YNL251C,0,1.8903196,0.14186184108257294,0.9391560554504395,0.5800020098686218
YDR343C,YOR109W,0,1.8897798,0.14184081554412842,0.9391560554504395,0.5801022052764893
YPL168W,YBR060C,0,1.8894732,0.1418198049068451,0.9391560554504395,0.5802024006843567
YGL076C,YDR098C,0,1.8894167,0.14179877936840057,0.9391560554504395,0.5803025960922241
YDR361C,YDR041W,0,1.8891363,0.14177778363227844,0.9391560554504395,0.5804027915000916
YPL105C,YGL053W,0,1.8882127,0.14175677299499512,0.9391560554504395,0.5805029273033142
YLL066C,YER176W,0,1.888055,0.14173577725887299,0.9391560554504395,0.5806031227111816
YOR068C,YKL099C,0,1.8878396,0.14171479642391205,0.9391560554504395,0.5807033181190491
YLR044C,YNL240C,0,1.887591,0.1416938155889511,0.9391560554504395,0.5808035135269165
YOR032C,YDR268W,0,1.8873541,0.14167283475399017,0.9391560554504395,0.5809037089347839
YNL133C,YLR360W,0,1.8873279,0.14165186882019043,0.9391560554504395,0.5810039043426514
YGL107C,YLR466W,0,1.8868275,0.14163090288639069,0.9391560554504395,0.5811040997505188
YML067C,YBR189W,0,1.8865552,0.14160993695259094,0.9391560554504395,0.5812042951583862
YKL043W,YGR005C,0,1.8863068,0.1415889859199524,0.9391560554504395,0.5813044905662537
YHL017W,YPL179W,0,1.8861493,0.14156804978847504,0.9391560554504395,0.5814046859741211
YNR055C,YGL151W,0,1.8861006,0.14154711365699768,0.9391560554504395,0.5815048813819885
YDL012C,YKR083C,0,1.8857718,0.14152617752552032,0.9391560554504395,0.581605076789856
YML098W,YBR060C,0,1.8857424,0.14150525629520416,0.9391560554504395,0.5817052125930786
YIL156W,YJR048W,0,1.8857237,0.141484335064888,0.9391560554504395,0.581805408000946
YLL021W,YBL047C,0,1.8853384,0.14146341383457184,0.9391560554504395,0.5819056034088135
YIR019C,YLR382C,0,1.8846837,0.14144250750541687,0.9391560554504395,0.5820057988166809
YMR063W,YOR027W,0,1.8845592,0.1414216011762619,0.9391560554504395,0.5821059942245483
YLR377C,YJR109C,0,1.8843392,0.14140070974826813,0.9391560554504395,0.5822061896324158
YDR213W,YJR054W,0,1.8839356,0.14137981832027435,0.9391560554504395,0.5823063850402832
YPR154W,YMR048W,0,1.8838446,0.14135894179344177,0.9391560554504395,0.5824065804481506
YLR426W,YOL051W,0,1.8836701,0.1413380652666092,0.9391560554504395,0.5825067758560181
YHR214W,YPL013C,0,1.8829514,0.1413171887397766,0.9391560554504395,0.5826069712638855
YAL019W,YLR007W,0,1.8829143,0.14129632711410522,0.9391560554504395,0.5827071666717529
YJL183W,YPR057W,0,1.88286,0.14127546548843384,0.9391560554504395,0.5828073620796204
YAL048C,YKR053C,0,1.8824677,0.14125461876392365,0.9391560554504395,0.582907497882843
YIL043C,YOR103C,0,1.8814647,0.14123377203941345,0.9391560554504395,0.5830076932907104
YOL020W,YLL053C,0,1.88089,0.14121292531490326,0.9391560554504395,0.5831078886985779
YDR019C,YJL069C,0,1.8808584,0.14119209349155426,0.9391560554504395,0.5832080841064453
YKL138C-A,YJL083W,0,1.8803718,0.14117126166820526,0.9391560554504395,0.5833082795143127
YJR052W,YIL123W,0,1.8801299,0.14115044474601746,0.9391560554504395,0.5834084749221802
YNL036W,YHL006C,0,1.879431,0.14112962782382965,0.9391560554504395,0.5835086703300476
YJR118C,YMR050C,0,1.8785409,0.14110881090164185,0.9391560554504395,0.583608865737915
YBR130C,YMR243C,0,1.8773445,0.14108800888061523,0.9391560554504395,0.5837090611457825
YER038C,YOR272W,0,1.8770442,0.14106722176074982,0.9391560554504395,0.5838092565536499
YKR064W,YGL087C,0,1.8765817,0.1410464197397232,0.9391560554504395,0.5839094519615173
YKL110C,YKL063C,0,1.8747928,0.14102564752101898,0.9391560554504395,0.5840096473693848
YNL194C,YJL035C,0,1.8745542,0.14100486040115356,0.9391560554504395,0.5841097831726074
YBR248C,YER102W,0,1.8743956,0.14098408818244934,0.9391560554504395,0.5842099785804749
YDR009W,YPL235W,0,1.874321,0.14096331596374512,0.9391560554504395,0.5843101739883423
YBR085W,YOL011W,0,1.8742099,0.1409425586462021,0.9391560554504395,0.5844103693962097
YER041W,YDR045C,0,1.8740039,0.14092180132865906,0.9391560554504395,0.5845105648040771
YMR215W,YOR253W,0,1.8739145,0.14090105891227722,0.9391560554504395,0.5846107602119446
YIL043C,YBR188C,0,1.8737329,0.14088031649589539,0.9391560554504395,0.584710955619812
YFL049W,YER125W,1,1.8726934,0.14100676774978638,0.9401373863220215,0.584710955619812
YNL251C,YEL044W,0,1.8723828,0.14098602533340454,0.9401373863220215,0.5848111510276794
YAL011W,YFL018W-A,0,1.8722718,0.1409652680158615,0.9401373863220215,0.5849113464355469
YKL014C,YNL287W,0,1.872263,0.14094454050064087,0.9401373863220215,0.5850115418434143
YGL142C,YPL076W,0,1.8706666,0.14092379808425903,0.9401373863220215,0.5851117372512817
YDR243C,YNL161W,0,1.8699143,0.1409030705690384,0.9401373863220215,0.5852118730545044
YER063W,YBR100W,0,1.869416,0.14088235795497894,0.9401373863220215,0.5853120684623718
YGL076C,YOR034C,0,1.8689451,0.1408616453409195,0.9401373863220215,0.5854122638702393
YDR276C,YHL006C,0,1.8686004,0.14084093272686005,0.9401373863220215,0.5855124592781067
YGR082W,YOR002W,0,1.8681154,0.1408202201128006,0.9401373863220215,0.5856126546859741
YBR169C,YER178W,0,1.867649,0.14079952239990234,0.9401373863220215,0.5857128500938416
YCR031C,YJL208C,0,1.867135,0.14077883958816528,0.9401373863220215,0.585813045501709
YDL134C-A,YCR038C,0,1.8668907,0.14075815677642822,0.9401373863220215,0.5859132409095764
YBR180W,YMR177W,0,1.8667697,0.14073747396469116,0.9401373863220215,0.5860134363174438
YLR085C,YCL051W,0,1.8666224,0.1407168060541153,0.9401373863220215,0.5861136317253113
YOR045W,YGL196W,0,1.865694,0.14069613814353943,0.9401373863220215,0.5862138271331787
YKL194C,YLR367W,0,1.8654875,0.14067547023296356,0.9401373863220215,0.5863140225410461
YGL126W,YFR040W,0,1.8652979,0.1406548172235489,0.9401373863220215,0.5864141583442688
YMR232W,YDR168W,0,1.8650445,0.1406341791152954,0.9401373863220215,0.5865143537521362
YCR105W,YHR006W,0,1.8649894,0.14061352610588074,0.9401373863220215,0.5866145491600037
YGR235C,YLR054C,0,1.8642538,0.14059290289878845,0.9401373863220215,0.5867147445678711
YIL068C,YDL124W,0,1.864115,0.14057226479053497,0.9401373863220215,0.5868149399757385
YLR215C,YDR463W,0,1.8639174,0.1405516415834427,0.9401373863220215,0.586915135383606
YHL038C,YKL043W,0,1.8639071,0.1405310183763504,0.9401373863220215,0.5870153307914734
YDR023W,YNR024W,0,1.8635638,0.1405104100704193,0.9401373863220215,0.5871155261993408
YIL087C,YGR296W,0,1.8635375,0.14048980176448822,0.9401373863220215,0.5872157216072083
YLR426W,YER063W,0,1.8634491,0.14046920835971832,0.9401373863220215,0.5873159170150757
YDR375C,YBR193C,0,1.8633704,0.14044861495494843,0.9401373863220215,0.5874161124229431
YMR101C,YOR319W,0,1.8619454,0.14042802155017853,0.9401373863220215,0.5875163078308105
YHR185C,YOR380W,0,1.8612691,0.14040744304656982,0.9401373863220215,0.5876164436340332
YLR118C,YOR026W,0,1.8611495,0.14038686454296112,0.9401373863220215,0.5877166390419006
YDR309C,YDR359C,0,1.8607999,0.1403663009405136,0.9401373863220215,0.5878168344497681
YEL018W,YPL076W,0,1.8606937,0.1403457373380661,0.9401373863220215,0.5879170298576355
YJR109C,YKL150W,0,1.8604953,0.1403251737356186,0.9401373863220215,0.5880172252655029
YJR120W,YJL180C,0,1.8584682,0.14030462503433228,0.9401373863220215,0.5881174206733704
YLR259C,YJR054W,0,1.857132,0.14028407633304596,0.9401373863220215,0.5882176160812378
YPL262W,YMR237W,0,1.8562795,0.14026354253292084,0.9401373863220215,0.5883178114891052
YCR016W,YFR040W,0,1.8559926,0.14024300873279572,0.9401373863220215,0.5884180068969727
YBR100W,YPL040C,0,1.8559651,0.1402224898338318,0.9401373863220215,0.5885182023048401
YHR103W,YKL006W,0,1.8548716,0.14020195603370667,0.9401373863220215,0.5886183977127075
YLR426W,YCL068C,0,1.8546939,0.14018145203590393,0.9401373863220215,0.588718593120575
YHR009C,YDR309C,0,1.8541284,0.14016093313694,0.9401373863220215,0.5888187289237976
YCL051W,YHR201C,0,1.8531849,0.14014042913913727,0.9401373863220215,0.588918924331665
YOR207C,YOL012C,0,1.8526075,0.14011994004249573,0.9401373863220215,0.5890191197395325
YCL044C,YBR016W,0,1.8519903,0.1400994509458542,0.9401373863220215,0.5891193151473999
YHR122W,YGL018C,0,1.8505071,0.14007896184921265,0.9401373863220215,0.5892195105552673
YJR153W,YNL156C,0,1.8504698,0.1400584727525711,0.9401373863220215,0.5893197059631348
YHR122W,YKL149C,0,1.8503127,0.14003801345825195,0.9401373863220215,0.5894199013710022
YML127W,YJR027W,0,1.8502707,0.1400175392627716,0.9401373863220215,0.5895200967788696
YMR318C,YER063W,0,1.8501737,0.13999707996845245,0.9401373863220215,0.5896202921867371
YML011C,YKL080W,0,1.8500172,0.1399766206741333,0.9401373863220215,0.5897204875946045
YNL023C,YHR157W,0,1.8496274,0.13995617628097534,0.9401373863220215,0.5898206830024719
YOR019W,YPL193W,0,1.848679,0.13993573188781738,0.9401373863220215,0.5899208784103394
YPR161C,YDR040C,0,1.848464,0.13991528749465942,0.9401373863220215,0.590021014213562
YFR027W,YLR288C,0,1.8478122,0.13989485800266266,0.9401373863220215,0.5901212096214294
YJL181W,YDR516C,0,1.8475614,0.1398744285106659,0.9401373863220215,0.5902214050292969
YCR086W,YCL012W,0,1.8459132,0.13985401391983032,0.9401373863220215,0.5903216004371643
YOL069W,YHR113W,0,1.8456944,0.13983359932899475,0.9401373863220215,0.5904217958450317
YBR054W,YKR088C,0,1.8455956,0.13981319963932037,0.9401373863220215,0.5905219912528992
YOR249C,YJL069C,0,1.8453262,0.1397927850484848,0.9401373863220215,0.5906221866607666
YBL035C,YLL067C,0,1.8447781,0.13977240025997162,0.9401373863220215,0.590722382068634
YDR471W,YDR110W,0,1.8443174,0.13975200057029724,0.9401373863220215,0.5908225774765015
YKR093W,YIL123W,0,1.8442388,0.13973161578178406,0.9401373863220215,0.5909227728843689
YDL106C,YPL117C,0,1.8432659,0.13971124589443207,0.9401373863220215,0.5910229682922363
YHL038C,YDR350C,0,1.8415291,0.13969087600708008,0.9401373863220215,0.5911231637001038
YOR090C,YPR100W,0,1.8405714,0.1396705061197281,0.9401373863220215,0.5912232995033264
YHR122W,YFR053C,0,1.8403606,0.1396501511335373,0.9401373863220215,0.5913234949111938
YOL051W,YJL216C,0,1.8402205,0.1396297961473465,0.9401373863220215,0.5914236903190613
YJR109C,YDR301W,0,1.8400931,0.1396094411611557,0.9401373863220215,0.5915238857269287
YAL059W,YBR212W,0,1.8398226,0.1395891010761261,0.9401373863220215,0.5916240811347961
YLR011W,YDR176W,0,1.839292,0.1395687609910965,0.9401373863220215,0.5917242765426636
YNL328C,YFR040W,0,1.8390554,0.1395484358072281,0.9401373863220215,0.591824471950531
YHR103W,YLR409C,0,1.8390379,0.13952811062335968,0.9401373863220215,0.5919246673583984
YIL030C,YPL173W,0,1.8384503,0.13950778543949127,0.9401373863220215,0.5920248627662659
YKL054C,YLL021W,0,1.8382365,0.13948747515678406,0.9401373863220215,0.5921250581741333
YHL038C,YIL053W,0,1.8368516,0.13946716487407684,0.9401373863220215,0.5922252535820007
YAL048C,YBR272C,0,1.8367383,0.13944686949253082,0.9401373863220215,0.5923253893852234
YKR075C,YDR463W,0,1.8362482,0.1394265741109848,0.9401373863220215,0.5924255847930908
YDR110W,YLR292C,0,1.8361151,0.13940629363059998,0.9401373863220215,0.5925257802009583
YDR004W,YBR268W,0,1.8358674,0.13938599824905396,0.9401373863220215,0.5926259756088257
YDR111C,YDL209C,0,1.8356147,0.13936573266983032,0.9401373863220215,0.5927261710166931
YGR083C,YBR028C,0,1.8344522,0.1393454521894455,0.9401373863220215,0.5928263664245605
YPR095C,YGR224W,0,1.8343496,0.13932518661022186,0.9401373863220215,0.592926561832428
YLR249W,YDR301W,0,1.8330036,0.13930493593215942,0.9401373863220215,0.5930267572402954
YIL096C,YKL114C,0,1.8329581,0.1392846703529358,0.9401373863220215,0.5931269526481628
YHL050C,YGL105W,0,1.8326645,0.13926443457603455,0.9401373863220215,0.5932271480560303
YML041C,YER056C,0,1.8321956,0.1392441838979721,0.9401373863220215,0.5933273434638977
YOR258W,YMR237W,0,1.83206,0.13922394812107086,0.9401373863220215,0.5934275388717651
YML120C,YJR131W,0,1.8319108,0.1392037272453308,0.9401373863220215,0.5935276746749878
YPL116W,YGL107C,0,1.8316537,0.13918349146842957,0.9401373863220215,0.5936278700828552
YNL180C,YPL161C,0,1.8309066,0.13916327059268951,0.9401373863220215,0.5937280654907227
YIL013C,YOR253W,0,1.8303528,0.13914306461811066,0.9401373863220215,0.5938282608985901
YBR109C,YDL209C,0,1.8296459,0.1391228586435318,0.9401373863220215,0.5939284563064575
YHL017W,YBL051C,0,1.82958,0.13910265266895294,0.9401373863220215,0.594028651714325
YGR204W,YOR227W,0,1.828785,0.13908246159553528,0.9401373863220215,0.5941288471221924
YJR027W,YNR052C,0,1.8284674,0.13906227052211761,0.9401373863220215,0.5942290425300598
YGR044C,YBR301W,0,1.8278246,0.13904209434986115,0.9401373863220215,0.5943292379379272
YMR234W,YLL067C,0,1.8266456,0.13902191817760468,0.9401373863220215,0.5944294333457947
YGL076C,YNL288W,0,1.8263562,0.1390017420053482,0.9401373863220215,0.5945296287536621
YOL078W,YOR341W,0,1.8253225,0.13898158073425293,0.9401373863220215,0.5946298241615295
YML102W,YLR460C,0,1.8249775,0.13896141946315765,0.9401373863220215,0.5947299599647522
YAR009C,YGL192W,0,1.8249385,0.13894125819206238,0.9401373863220215,0.5948301553726196
YDL091C,YGR055W,0,1.824883,0.1389211118221283,0.9401373863220215,0.5949303507804871
YLR258W,YDL220C,0,1.8246976,0.1389009654521942,0.9401373863220215,0.5950305461883545
YBR295W,YCR063W,0,1.8245275,0.13888083398342133,0.9401373863220215,0.5951307415962219
YKR096W,YGR142W,0,1.8242496,0.13886070251464844,0.9401373863220215,0.5952309370040894
YPR134W,YDR111C,0,1.8239455,0.13884058594703674,0.9401373863220215,0.5953311324119568
YLR004C,YJR123W,0,1.8238007,0.13882045447826385,0.9401373863220215,0.5954313278198242
YMR050C,YNR053C,0,1.8235979,0.13880035281181335,0.9401373863220215,0.5955315232276917
YOR252W,YML098W,0,1.8234386,0.13878023624420166,0.9401373863220215,0.5956317186355591
YIL106W,YPR114W,0,1.822826,0.13876013457775116,0.9401373863220215,0.5957319140434265
YOR319W,YPR100W,0,1.8222907,0.13874004781246185,0.9401373863220215,0.595832109451294
YDR213W,YIL009W,0,1.8218781,0.13871996104717255,0.9401373863220215,0.5959322452545166
YGR099W,YDR500C,0,1.8217466,0.13869987428188324,0.9401373863220215,0.596032440662384
YKL048C,YGR083C,0,1.8216071,0.13867978751659393,0.9401373863220215,0.5961326360702515
YMR322C,YLR259C,0,1.8214422,0.13865971565246582,0.9401373863220215,0.5962328314781189
YDR028C,YLR060W,0,1.8213546,0.1386396586894989,0.9401373863220215,0.5963330268859863
YNL059C,YOR136W,0,1.8213042,0.1386195868253708,0.9401373863220215,0.5964332222938538
YDR464W,YBR188C,0,1.8210413,0.13859952986240387,0.9401373863220215,0.5965334177017212
YPL115C,YMR230W,0,1.8208628,0.13857948780059814,0.9401373863220215,0.5966336131095886
YJR118C,YPL076W,0,1.820802,0.13855944573879242,0.9401373863220215,0.596733808517456
YML041C,YJR150C,0,1.8206954,0.1385394036769867,0.9401373863220215,0.5968340039253235
YOR032C,YPR148C,0,1.8194958,0.13851937651634216,0.9401373863220215,0.5969341993331909
YJL012C,YOR193W,0,1.8192458,0.13849934935569763,0.9401373863220215,0.5970343947410583
YNL132W,YCL054W,0,1.8188472,0.1384793221950531,0.9401373863220215,0.597134530544281
YFR024C-A,YGL231C,0,1.8179654,0.13845930993556976,0.9401373863220215,0.5972347259521484
YMR158W,YAL068C,0,1.8172002,0.13843931257724762,0.9401373863220215,0.5973349213600159
YLR085C,YDR150W,0,1.817102,0.13841930031776428,0.9401373863220215,0.5974351167678833
YEL006W,YMR091C,0,1.8157053,0.13839930295944214,0.9401373863220215,0.5975353121757507
YNL173C,YFL049W,0,1.8150935,0.1383793205022812,0.9401373863220215,0.5976355075836182
YNL111C,YER060W,0,1.8143642,0.13835932314395905,0.9401373863220215,0.5977357029914856
YIR019C,YDL119C,0,1.8137746,0.1383393555879593,0.9401373863220215,0.597835898399353
YOR266W,YAR009C,0,1.8127354,0.13831937313079834,0.9401373863220215,0.5979360938072205
YDL113C,YNR071C,0,1.8111234,0.13829940557479858,0.9401373863220215,0.5980362892150879
YDL247W,YAR009C,0,1.8110571,0.13827945291996002,0.9401373863220215,0.5981364846229553
YGL070C,YNL181W,0,1.811012,0.13825948536396027,0.9401373863220215,0.598236620426178
YJR118C,YDR108W,0,1.810935,0.1382395327091217,0.9401373863220215,0.5983368158340454
YOR078W,YGR211W,0,1.8107846,0.13821959495544434,0.9401373863220215,0.5984370112419128
YPL209C,YPL040C,0,1.810556,0.13819965720176697,0.9401373863220215,0.5985372066497803
YOR157C,YER060W-A,0,1.8104551,0.1381797194480896,0.9401373863220215,0.5986374020576477
YLL066C,YKL099C,0,1.8104293,0.13815979659557343,0.9401373863220215,0.5987375974655151
YDR190C,YCL012W,0,1.8102703,0.13813987374305725,0.9401373863220215,0.5988377928733826
YDR515W,YFL049W,0,1.8100471,0.13811995089054108,0.9401373863220215,0.59893798828125
YDR435C,YLR466W,0,1.8089864,0.1381000429391861,0.9401373863220215,0.5990381836891174
YHR035W,YNL059C,0,1.807471,0.13808013498783112,0.9401373863220215,0.5991383790969849
YOL055C,YER038C,0,1.8054124,0.13806024193763733,0.9401373863220215,0.5992385745048523
YBR189W,YOR011W,0,1.8046032,0.13804034888744354,0.9401373863220215,0.5993387699127197
YHL028W,YBR189W,0,1.804596,0.13802045583724976,0.9401373863220215,0.5994389057159424
YOL012C,YDR105C,0,1.8043766,0.13800057768821716,0.9401373863220215,0.5995391011238098
YPR055W,YAL068C,0,1.8040125,0.13798069953918457,0.9401373863220215,0.5996392965316772
YMR274C,YDR284C,0,1.8036747,0.13796083629131317,0.9401373863220215,0.5997394919395447
YGR254W,YGL111W,0,1.8025784,0.13794095814228058,0.9401373863220215,0.5998396873474121
YBR188C,YHR133C,0,1.8015049,0.13792110979557037,0.9401373863220215,0.5999398827552795
YKL194C,YHR138C,0,1.8008296,0.13790124654769897,0.9401373863220215,0.600040078163147
YNR032C-A,YLR380W,1,1.7999889,0.13802532851696014,0.9411187171936035,0.600040078163147
YOL069W,YHR001W-A,0,1.799746,0.13800546526908875,0.9411187171936035,0.6001402735710144
YML031W,YDR165W,0,1.7992547,0.13798561692237854,0.9411187171936035,0.6002404689788818
YOR117W,YBR162C,0,1.7991483,0.13796575367450714,0.9411187171936035,0.6003406643867493
YLR223C,YGL005C,0,1.7987405,0.13794592022895813,0.9411187171936035,0.6004408597946167
YLR131C,YDR261C,0,1.7983283,0.13792607188224792,0.9411187171936035,0.6005410552024841
YHR202W,YER060W-A,0,1.7980909,0.1379062384366989,0.9411187171936035,0.6006411910057068
YOR156C,YGL049C,0,1.7980165,0.1378864198923111,0.9411187171936035,0.6007413864135742
YOR236W,YBR090C-A,0,1.7980142,0.13786658644676208,0.9411187171936035,0.6008415818214417
YJR084W,YKR052C,0,1.797946,0.13784676790237427,0.9411187171936035,0.6009417772293091
YDR345C,YKL063C,0,1.7976027,0.13782696425914764,0.9411187171936035,0.6010419726371765
YKR027W,YLR190W,0,1.7971416,0.13780716061592102,0.9411187171936035,0.601142168045044
YBR279W,YNL076W,0,1.7969807,0.1377873569726944,0.9411187171936035,0.6012423634529114
YER179W,YGR007W,0,1.7965031,0.13776756823062897,0.9411187171936035,0.6013425588607788
YGR017W,YJR108W,0,1.7962208,0.13774777948856354,0.9411187171936035,0.6014427542686462
YKL138C-A,YJL026W,0,1.7958673,0.1377279907464981,0.9411187171936035,0.6015429496765137
YPR148C,YKL005C,0,1.795255,0.13770821690559387,0.9411187171936035,0.6016431450843811
YPL209C,YJL096W,0,1.7949603,0.13768844306468964,0.9411187171936035,0.6017433404922485
YIL144W,YNL251C,0,1.7947669,0.1376686692237854,0.9411187171936035,0.6018434762954712
YKL149C,YGL226W,0,1.7939894,0.13764891028404236,0.9411187171936035,0.6019436717033386
YMR261C,YPR106W,0,1.7929941,0.1376291662454605,0.9411187171936035,0.602043867111206
YDR377W,YEL024W,0,1.7921171,0.13760940730571747,0.9411187171936035,0.6021440625190735
YKR100C,YEL032W,0,1.7918642,0.13758966326713562,0.9411187171936035,0.6022442579269409
YDR129C,YEL032W,0,1.791224,0.13756993412971497,0.9411187171936035,0.6023444533348083
YDR212W,YBR112C,0,1.7899988,0.1375502049922943,0.9411187171936035,0.6024446487426758
YHR201C,YML096W,0,1.7893378,0.13753047585487366,0.9411187171936035,0.6025448441505432
YEL020W-A,YOR192C,0,1.7891669,0.1375107616186142,0.9411187171936035,0.6026450395584106
YJL183W,YOR195W,0,1.7868435,0.13749103248119354,0.9411187171936035,0.6027452349662781
YGL104C,YGR205W,0,1.7866538,0.13747133314609528,0.9411187171936035,0.6028454303741455
YKL016C,YLR292C,0,1.7863755,0.137451633810997,0.9411187171936035,0.6029456257820129
YJR102C,YEL019C,1,1.7862009,0.13757523894309998,0.9421001076698303,0.6029456257820129
YIL107C,YPL225W,0,1.7832594,0.13755552470684052,0.9421001076698303,0.6030457615852356
YLR277C,YIL137C,0,1.7832487,0.13753581047058105,0.9421001076698303,0.603145956993103
YPL058C,YLR466W,0,1.7826337,0.1375161111354828,0.9421001076698303,0.6032461524009705
YLL066C,YGR007W,0,1.7822589,0.13749642670154572,0.9421001076698303,0.6033463478088379
YDL135C,YHL026C,0,1.7822262,0.13747672736644745,0.9421001076698303,0.6034465432167053
YCR107W,YER038C,0,1.781621,0.13745704293251038,0.9421001076698303,0.6035467386245728
YMR230W,YPL189W,0,1.7815269,0.1374373584985733,0.9421001076698303,0.6036469340324402
YPL130W,YGL085W,0,1.7812285,0.13741768896579742,0.9421001076698303,0.6037471294403076
YOL095C,YDR365C,0,1.7811912,0.13739801943302155,0.9421001076698303,0.603847324848175
YBL100W-B,YNL055C,0,1.7811527,0.13737836480140686,0.9421001076698303,0.6039475202560425
YKL048C,YNL194C,0,1.7811347,0.13735871016979218,0.9421001076698303,0.6040477156639099
YJL059W,YGR296W,0,1.7806928,0.1373390555381775,0.9421001076698303,0.6041478514671326
YFR027W,YLR055C,0,1.7806113,0.137319415807724,0.9421001076698303,0.604248046875
YMR048W,YPL137C,0,1.78017,0.1372997760772705,0.9421001076698303,0.6043482422828674
YDR129C,YHR020W,0,1.7796979,0.13728013634681702,0.9421001076698303,0.6044484376907349
YCR086W,YGL198W,0,1.7795017,0.13726051151752472,0.9421001076698303,0.6045486330986023
YIL106W,YDR427W,0,1.7790017,0.13724088668823242,0.9421001076698303,0.6046488285064697
YHR006W,YKL043W,0,1.7782078,0.13722126185894012,0.9421001076698303,0.6047490239143372
YGR003W,YEL037C,1,1.7778921,0.1373445689678192,0.9430814385414124,0.6047490239143372
YLL048C,YER178W,0,1.7774208,0.13732494413852692,0.9430814385414124,0.6048492193222046
YAL019W,YNL130C,0,1.7773025,0.1373053342103958,0.9430814385414124,0.604949414730072
YLR347C,YIL118W,0,1.7772417,0.13728570938110352,0.9430814385414124,0.6050496101379395
YHL028W,YPR071W,0,1.7771313,0.1372660994529724,0.9430814385414124,0.6051498055458069
YOL011W,YGL064C,0,1.7769668,0.1372465044260025,0.9430814385414124,0.6052500009536743
YJL212C,YLR196W,0,1.7768778,0.1372269093990326,0.9430814385414124,0.605350136756897
YIL147C,YAL059W,0,1.7765896,0.13720731437206268,0.9430814385414124,0.6054503321647644
YBR029C,YGR283C,0,1.7761719,0.13718771934509277,0.9430814385414124,0.6055505275726318
YGR030C,YLR150W,0,1.7748108,0.13716813921928406,0.9430814385414124,0.6056507229804993
YNL317W,YGR296W,0,1.7742555,0.13714855909347534,0.9430814385414124,0.6057509183883667
YPL176C,YER005W,0,1.7742523,0.13712899386882782,0.9430814385414124,0.6058511137962341
YMR101C,YGL107C,0,1.7738698,0.1371094286441803,0.9430814385414124,0.6059513092041016
YPL207W,YOR157C,0,1.772836,0.13708987832069397,0.9430814385414124,0.606051504611969
YOL059W,YOR271C,0,1.7723011,0.13707031309604645,0.9430814385414124,0.6061517000198364
YIL056W,YGL195W,0,1.772093,0.13705076277256012,0.9430814385414124,0.6062518954277039
YOL126C,YPL056C,0,1.7704664,0.13703122735023499,0.9430814385414124,0.6063520908355713
YLR293C,YKL048C,0,1.7703743,0.13701169192790985,0.9430814385414124,0.6064522862434387
YML092C,YBR028C,0,1.7696388,0.13699215650558472,0.9430814385414124,0.6065524220466614
YLR377C,YDR422C,0,1.7694306,0.13697263598442078,0.9430814385414124,0.6066526174545288
YNL056W,YPR071W,0,1.7690535,0.13695311546325684,0.9430814385414124,0.6067528128623962
YDL008W,YBR105C,1,1.7686758,0.13707609474658966,0.9440628290176392,0.6067528128623962
YIL096C,YOR113W,0,1.7680955,0.13705655932426453,0.9440628290176392,0.6068530082702637
YCL017C,YKL063C,0,1.7679982,0.13703703880310059,0.9440628290176392,0.6069532036781311
YCL044C,YMR230W,0,1.7676587,0.13701751828193665,0.9440628290176392,0.6070533990859985
YGL018C,YIR031C,0,1.767292,0.1369980126619339,0.9440628290176392,0.607153594493866
YGL058W,YLR378C,1,1.7656788,0.13712088763713837,0.9450441598892212,0.607153594493866
YAL056W,YGL194C,0,1.7655532,0.13710136711597443,0.9450441598892212,0.6072537899017334
YJL181W,YBR149W,0,1.7645941,0.13708184659481049,0.9450441598892212,0.6073539853096008
YEL020W-A,YEL006W,0,1.7635491,0.13706234097480774,0.9450441598892212,0.6074541807174683
YFL025C,YMR322C,0,1.7632049,0.137042835354805,0.9450441598892212,0.6075543761253357
YAR009C,YNR030W,0,1.7625421,0.13702332973480225,0.9450441598892212,0.6076545715332031
YKL132C,YML082W,0,1.7624769,0.1370038390159607,0.9450441598892212,0.6077547073364258
YGR024C,YFL011W,0,1.7622349,0.13698434829711914,0.9450441598892212,0.6078549027442932
YPL262W,YDL018C,0,1.7614336,0.13696487247943878,0.9450441598892212,0.6079550981521606
YLR258W,YLR196W,0,1.7602718,0.13694539666175842,0.9450441598892212,0.6080552935600281
YLR223C,YKL079W,0,1.7594743,0.13692592084407806,0.9450441598892212,0.6081554889678955
YOR264W,YER038C,0,1.7592858,0.1369064599275589,0.9450441598892212,0.6082556843757629
YDR397C,YMR195W,0,1.7592212,0.13688699901103973,0.9450441598892212,0.6083558797836304
YFL011W,YGR017W,0,1.759059,0.13686753809452057,0.9450441598892212,0.6084560751914978
YPR067W,YNR024W,0,1.7586073,0.1368480920791626,0.9450441598892212,0.6085562705993652
YLR193C,YDL119C,0,1.7585418,0.13682864606380463,0.9450441598892212,0.6086564660072327
YOR027W,YGR211W,0,1.758071,0.13680920004844666,0.9450441598892212,0.6087566614151001
YCL016C,YKL048C,0,1.7580544,0.13678976893424988,0.9450441598892212,0.6088568568229675
YHR201C,YDR317W,0,1.7577198,0.1367703378200531,0.9450441598892212,0.6089569926261902
YGR138C,YMR118C,0,1.7576644,0.13675092160701752,0.9450441598892212,0.6090571880340576
YFL026W,YPL179W,0,1.7572408,0.13673150539398193,0.9450441598892212,0.609157383441925
YLL018C-A,YGR296W,0,1.7567701,0.13671208918094635,0.9450441598892212,0.6092575788497925
YBL067C,YOR249C,1,1.7567328,0.13683463633060455,0.9460254907608032,0.6092575788497925
YPR154W,YNL183C,0,1.7560713,0.13681522011756897,0.9460254907608032,0.6093577742576599
YGL189C,YMR125W,0,1.7560607,0.1367958039045334,0.9460254907608032,0.6094579696655273
YOL122C,YBR254C,0,1.7559865,0.1367763876914978,0.9460254907608032,0.6095581650733948
YLL066C,YIL107C,0,1.7555225,0.1367569863796234,0.9460254907608032,0.6096583604812622
YOR193W,YDR381W,0,1.7554224,0.13673758506774902,0.9460254907608032,0.6097585558891296
YML107C,YJL216C,0,1.7552886,0.13671819865703583,0.9460254907608032,0.6098587512969971
YPR055W,YDL145C,0,1.7548139,0.13669881224632263,0.9460254907608032,0.6099589467048645
YGR170W,YLR361C,0,1.7545762,0.13667942583560944,0.9460254907608032,0.6100591421127319
YDR377W,YER005W,0,1.7540925,0.13666005432605743,0.9460254907608032,0.6101592779159546
YOL154W,YER038C,0,1.7534983,0.13664068281650543,0.9460254907608032,0.610259473323822
YDR372C,YMR225C,0,1.7532748,0.13662131130695343,0.9460254907608032,0.6103596687316895
YHR204W,YJR096W,0,1.7529426,0.13660195469856262,0.9460254907608032,0.6104598641395569
YDR168W,YML096W,0,1.752523,0.13658259809017181,0.9460254907608032,0.6105600595474243
YML096W,YHR020W,0,1.7522321,0.1365632563829422,0.9460254907608032,0.6106602549552917
YNL246W,YDR110W,0,1.75166,0.13654391467571259,0.9460254907608032,0.6107604503631592
YGR044C,YJR096W,0,1.7513881,0.13652457296848297,0.9460254907608032,0.6108606457710266
YOR091W,YKL002W,0,1.7511636,0.13650524616241455,0.9460254907608032,0.610960841178894
YFR049W,YMR118C,0,1.7483239,0.13648591935634613,0.9460254907608032,0.6110610365867615
YDR235W,YOR001W,0,1.7480611,0.1364665925502777,0.9460254907608032,0.6111612319946289
YKL192C,YER178W,0,1.748004,0.13644728064537048,0.9460254907608032,0.6112613677978516
YPR055W,YOR110W,0,1.7473738,0.13642796874046326,0.9460254907608032,0.611361563205719
YJR035W,YMR133W,0,1.7468339,0.13640865683555603,0.9460254907608032,0.6114617586135864
YMR274C,YPR097W,0,1.7462039,0.13638935983181,0.9460254907608032,0.6115619540214539
YNL031C,YBR146W,0,1.7461088,0.13637006282806396,0.9460254907608032,0.6116621494293213
YKL129C,YPL021W,0,1.7460141,0.13635078072547913,0.9460254907608032,0.6117623448371887
YDR350C,YDR041W,0,1.7454736,0.1363314986228943,0.9460254907608032,0.6118625402450562
YCR016W,YJL216C,0,1.7450607,0.13631221652030945,0.9460254907608032,0.6119627356529236
YGL189C,YER071C,0,1.7450105,0.1362929493188858,0.9460254907608032,0.612062931060791
YIR019C,YBR212W,0,1.7449346,0.13627368211746216,0.9460254907608032,0.6121631264686584
YOL132W,YLR248W,0,1.7442056,0.1362544149160385,0.9460254907608032,0.6122633218765259
YNL181W,YKL032C,0,1.744001,0.13623516261577606,0.9460254907608032,0.6123635172843933
YJL174W,YPR034W,0,1.743954,0.1362159103155136,0.9460254907608032,0.612463653087616
YOR158W,YNR059W,0,1.7430706,0.13619667291641235,0.9460254907608032,0.6125638484954834
YNL190W,YKL087C,0,1.7420659,0.1361774206161499,0.9460254907608032,0.6126640439033508
YKL124W,YEL019C,1,1.7419614,0.13629943132400513,0.94700688123703,0.6126640439033508
YOR065W,YBR034C,0,1.7418251,0.13628017902374268,0.94700688123703,0.6127642393112183
YDR111C,YMR226C,0,1.73946,0.13626094162464142,0.94700688123703,0.6128644347190857
YCR045C,YGR003W,0,1.7380521,0.13624170422554016,0.94700688123703,0.6129646301269531
YOL122C,YPR174C,0,1.7379687,0.1362224668264389,0.94700688123703,0.6130648255348206
YPL171C,YNL240C,0,1.7375029,0.13620324432849884,0.94700688123703,0.613165020942688
YGR217W,YML082W,0,1.7373863,0.13618402183055878,0.94700688123703,0.6132652163505554
YBR218C,YKL039W,0,1.7369981,0.1361648142337799,0.94700688123703,0.6133654117584229
YNL118C,YKL005C,0,1.7365918,0.13614559173583984,0.94700688123703,0.6134656071662903
YJL174W,YJL069C,0,1.736334,0.13612639904022217,0.94700688123703,0.6135658025741577
YDR212W,YGL016W,0,1.7357905,0.1361071914434433,0.94700688123703,0.6136659383773804
YDR377W,YDR190C,0,1.7353145,0.13608799874782562,0.94700688123703,0.6137661337852478
YKL010C,YLR378C,1,1.7352421,0.13620981574058533,0.9479882121086121,0.6137661337852478
YPL001W,YPR057W,0,1.7348077,0.13619060814380646,0.9479882121086121,0.6138663291931152
YNL051W,YGR217W,0,1.7339301,0.13617141544818878,0.9479882121086121,0.6139665246009827
YER014W,YPR188C,0,1.7339181,0.1361522227525711,0.9479882121086121,0.6140667200088501
YLR185W,YPL130W,0,1.733492,0.13613303005695343,0.9479882121086121,0.6141669154167175
YCR031C,YMR322C,0,1.7323245,0.13611385226249695,0.9479882121086121,0.614267110824585
YMR076C,YMR053C,0,1.7320344,0.13609467446804047,0.9479882121086121,0.6143673062324524
YEL032W,YIL033C,0,1.7320191,0.13607549667358398,0.9479882121086121,0.6144675016403198
YBL013W,YDR023W,0,1.7318044,0.1360563337802887,0.9479882121086121,0.6145676970481873
YJL045W,YML082W,0,1.7310344,0.1360371708869934,0.9479882121086121,0.6146678924560547
YFL056C,YLR324W,0,1.7307262,0.13601802289485931,0.9479882121086121,0.6147680878639221
YLL026W,YLL006W,0,1.7307078,0.13599887490272522,0.9479882121086121,0.6148682236671448
YNL167C,YPL280W,0,1.7300527,0.13597972691059113,0.9479882121086121,0.6149684190750122
YPR143W,YHR037W,0,1.7297615,0.13596059381961823,0.9479882121086121,0.6150686144828796
YKL197C,YLR435W,0,1.7289634,0.13594146072864532,0.9479882121086121,0.6151688098907471
YLL067C,YPR086W,0,1.7282062,0.13592232763767242,0.9479882121086121,0.6152690052986145
YPR173C,YFL049W,0,1.7280896,0.13590320944786072,0.9479882121086121,0.6153692007064819
YFR024C,YLR193C,0,1.7280892,0.135884091258049,0.9479882121086121,0.6154693961143494
YBR114W,YCR031C,0,1.7279541,0.1358649730682373,0.9479882121086121,0.6155695915222168
YGR103W,YHR073W,0,1.7278666,0.1358458697795868,0.9479882121086121,0.6156697869300842
YKR089C,YOL069W,0,1.7272732,0.13582676649093628,0.9479882121086121,0.6157699823379517
YIL007C,YNL145W,0,1.7270445,0.13580767810344696,0.9479882121086121,0.6158701777458191
YOR065W,YBL008W,0,1.7270238,0.13578858971595764,0.9479882121086121,0.6159703731536865
YKL149C,YMR002W,0,1.7264867,0.13576950132846832,0.9479882121086121,0.6160705089569092
YOL023W,YOR048C,0,1.7262049,0.1357504278421402,0.9479882121086121,0.6161707043647766
YER109C,YNL294C,0,1.7260845,0.13573135435581207,0.9479882121086121,0.616270899772644
YLR093C,YGL231C,0,1.7239518,0.13571228086948395,0.9479882121086121,0.6163710951805115
YNL038W,YGL049C,0,1.7234727,0.13569322228431702,0.9479882121086121,0.6164712905883789
YDL134C-A,YIL087C,0,1.7226464,0.13567416369915009,0.9479882121086121,0.6165714859962463
YBL051C,YPL063W,0,1.7220936,0.13565510511398315,0.9479882121086121,0.6166716814041138
YML045W,YBR272C,0,1.7217339,0.13563606142997742,0.9479882121086121,0.6167718768119812
YNL024C,YAL068C,0,1.7214794,0.13561701774597168,0.9479882121086121,0.6168720722198486
YOR060C,YOR110W,0,1.7211552,0.13559797406196594,0.9479882121086121,0.6169722676277161
YPL193W,YMR153W,0,1.7204015,0.1355789452791214,0.9479882121086121,0.6170724630355835
YGL139W,YGL111W,0,1.7203444,0.13555991649627686,0.9479882121086121,0.6171725988388062
YLR258W,YIL037C,0,1.7201853,0.1355409026145935,0.9479882121086121,0.6172727942466736
YGR204W,YPL168W,0,1.7198112,0.13552188873291016,0.9479882121086121,0.617372989654541
YLR061W,YHR193C,0,1.7195749,0.1355028748512268,0.9479882121086121,0.6174731850624084
YAR009C,YLR263W,0,1.7192819,0.13548387587070465,0.9479882121086121,0.6175733804702759
YBR295W,YBR015C,0,1.7187861,0.1354648768901825,0.9479882121086121,0.6176735758781433
YJL057C,YHR009C,0,1.7186648,0.13544587790966034,0.9479882121086121,0.6177737712860107
YDR243C,YPL145C,0,1.7186534,0.13542689383029938,0.9479882121086121,0.6178739666938782
YJR120W,YIL033C,0,1.7185915,0.13540790975093842,0.9479882121086121,0.6179741621017456
YLR044C,YDR301W,0,1.7184396,0.13538892567157745,0.9479882121086121,0.618074357509613
YDL003W,YCR005C,0,1.7176893,0.13536995649337769,0.9479882121086121,0.6181745529174805
YOR191W,YJL001W,0,1.7176597,0.13535098731517792,0.9479882121086121,0.6182747483253479
YGR099W,YNR053C,0,1.7172455,0.13533203303813934,0.9479882121086121,0.6183748841285706
YLL018C,YMR118C,0,1.7157476,0.13531306385993958,0.9479882121086121,0.618475079536438
YIL120W,YLR409C,0,1.7155662,0.1352941244840622,0.9479882121086121,0.6185752749443054
YPR133C,YGR208W,0,1.7155521,0.13527517020702362,0.9479882121086121,0.6186754703521729
YER087C-A,YGL017W,1,1.7153492,0.13539624214172363,0.9489696025848389,0.6186754703521729
YOR018W,YDR105C,0,1.7152635,0.13537728786468506,0.9489696025848389,0.6187756657600403
YKL069W,YHR033W,0,1.7150664,0.13535834848880768,0.9489696025848389,0.6188758611679077
YLL018C-A,YNL062C,0,1.7139115,0.1353393942117691,0.9489696025848389,0.6189760565757751
YGR205W,YJL208C,0,1.7128403,0.13532045483589172,0.9489696025848389,0.6190762519836426
YER040W,YLR451W,0,1.7123063,0.13530153036117554,0.9489696025848389,0.61917644739151
YPL116W,YDL139C,0,1.7120419,0.13528259098529816,0.9489696025848389,0.6192766427993774
YPL168W,YLR181C,0,1.7118095,0.13526366651058197,0.9489696025848389,0.6193768382072449
YLL014W,YER178W,0,1.7118037,0.13524475693702698,0.9489696025848389,0.6194770336151123
YOL029C,YKR099W,0,1.7114964,0.13522584736347198,0.9489696025848389,0.619577169418335
YKL060C,YGR138C,0,1.7112162,0.135206937789917,0.9489696025848389,0.6196773648262024
YNL137C,YMR177W,0,1.7112153,0.135188028216362,0.9489696025848389,0.6197775602340698
YCL051W,YDL145C,0,1.710977,0.1351691335439682,0.9489696025848389,0.6198777556419373
YLR426W,YPL006W,0,1.7104313,0.1351502388715744,0.9489696025848389,0.6199779510498047
YDR150W,YMR035W,0,1.7099421,0.1351313591003418,0.9489696025848389,0.6200781464576721
YNL025C,YNL023C,0,1.7092388,0.1351124793291092,0.9489696025848389,0.6201783418655396
YDR127W,YPR143W,0,1.7078996,0.1350935995578766,0.9489696025848389,0.620278537273407
YJR042W,YDL046W,0,1.7076381,0.13507473468780518,0.9489696025848389,0.6203787326812744
YDR345C,YGL067W,0,1.7075244,0.13505586981773376,0.9489696025848389,0.6204789280891418
YGR057C,YHL021C,0,1.7073524,0.13503700494766235,0.9489696025848389,0.6205791234970093
YLR085C,YDR002W,0,1.707026,0.13501815497875214,0.9489696025848389,0.6206793189048767
YCR031C,YLR384C,0,1.7061572,0.13499930500984192,0.9489696025848389,0.6207794547080994
YLL067C,YHL006C,0,1.7057383,0.1349804550409317,0.9489696025848389,0.6208796501159668
YJR153W,YER071C,0,1.7056668,0.13496161997318268,0.9489696025848389,0.6209798455238342
YKR064W,YDR399W,0,1.7056434,0.13494278490543365,0.9489696025848389,0.6210800409317017
YMR234W,YIL037C,0,1.7053076,0.13492394983768463,0.9489696025848389,0.6211802363395691
YNR071C,YDR179C,0,1.705158,0.1349051296710968,0.9489696025848389,0.6212804317474365
YNL031C,YLR258W,0,1.7050862,0.13488630950450897,0.9489696025848389,0.621380627155304
YML098W,YDR309C,0,1.7050842,0.13486750423908234,0.9489696025848389,0.6214808225631714
YIL137C,YDR464W,0,1.7049521,0.1348486989736557,0.9489696025848389,0.6215810179710388
YER159C,YBR094W,0,1.7045636,0.13482989370822906,0.9489696025848389,0.6216812133789062
YHR146W,YDR150W,0,1.7042379,0.13481110334396362,0.9489696025848389,0.6217814087867737
YJL059W,YER071C,0,1.7037818,0.13479231297969818,0.9489696025848389,0.6218816041946411
YNR055C,YHR014W,0,1.7030315,0.13477352261543274,0.9489696025848389,0.6219817399978638
YDR464W,YGR138C,0,1.702918,0.1347547322511673,0.9489696025848389,0.6220819354057312
YNL045W,YCL044C,0,1.7022988,0.13473595678806305,0.9489696025848389,0.6221821308135986
YNL251C,YOL095C,0,1.7016578,0.13471719622612,0.9489696025848389,0.6222823262214661
YPR161C,YMR133W,0,1.7014611,0.13469842076301575,0.9489696025848389,0.6223825216293335
YPL234C,YOR195W,0,1.7011817,0.1346796602010727,0.9489696025848389,0.6224827170372009
YPR106W,YIL096C,0,1.7009248,0.13466091454029083,0.9489696025848389,0.6225829124450684
YLR011W,YGL192W,0,1.7009234,0.13464215397834778,0.9489696025848389,0.6226831078529358
YPR003C,YGL018C,0,1.7001376,0.1346234232187271,0.9489696025848389,0.6227833032608032
YPL141C,YLR411W,0,1.6999465,0.13460467755794525,0.9489696025848389,0.6228834986686707
YDL003W,YPR037C,0,1.6997622,0.13458594679832458,0.9489696025848389,0.6229836940765381
YOR091W,YLR260W,0,1.6997334,0.13456721603870392,0.9489696025848389,0.6230838298797607
YIL008W,YGL240W,1,1.6993848,0.1346876323223114,0.9499509334564209,0.6230838298797607
YDR145W,YGL027C,0,1.6990446,0.13466888666152954,0.9499509334564209,0.6231840252876282
YPR154W,YER127W,0,1.6990249,0.13465015590190887,0.9499509334564209,0.6232842206954956
YJL054W,YDR025W,0,1.6982554,0.1346314251422882,0.9499509334564209,0.623384416103363
YNL076W,YGL129C,0,1.6974916,0.13461270928382874,0.9499509334564209,0.6234846115112305
YBR085W,YDL102W,0,1.6970967,0.13459399342536926,0.9499509334564209,0.6235848069190979
YHR001W-A,YGL115W,0,1.6969931,0.1345752775669098,0.9499509334564209,0.6236850023269653
YPL171C,YMR318C,0,1.6958905,0.1345565766096115,0.9499509334564209,0.6237851977348328
YDR091C,YPR097W,0,1.6951447,0.13453787565231323,0.9499509334564209,0.6238853931427002
YPL137C,YDR516C,0,1.694511,0.13451917469501495,0.9499509334564209,0.6239855885505676
YBL051C,YDL102W,0,1.6944947,0.13450048863887787,0.9499509334564209,0.6240857839584351
YGR235C,YGR170W,0,1.6941276,0.13448180258274078,0.9499509334564209,0.6241859793663025
YCL035C,YPL040C,0,1.6939162,0.1344631165266037,0.9499509334564209,0.6242861151695251
YHR185C,YPR105C,0,1.6935964,0.1344444453716278,0.9499509334564209,0.6243863105773926
YPL280W,YFL018W-A,0,1.6918008,0.13442577421665192,0.9499509334564209,0.62448650598526
YHR204W,YFL018W-A,0,1.6905463,0.13440710306167603,0.9499509334564209,0.6245867013931274
YMR232W,YPL253C,0,1.6902449,0.13438844680786133,0.9499509334564209,0.6246868968009949
YMR001C,YNL216W,0,1.6901777,0.13436979055404663,0.9499509334564209,0.6247870922088623
YIL022W,YNR048W,0,1.6901765,0.13435114920139313,0.9499509334564209,0.6248872876167297
YGR082W,YIL148W,0,1.6901201,0.13433250784873962,0.9499509334564209,0.6249874830245972
YLR432W,YPL117C,0,1.6901025,0.13431386649608612,0.9499509334564209,0.6250876784324646
YBR038W,YLR017W,0,1.6887512,0.13429522514343262,0.9499509334564209,0.625187873840332
YOR045W,YMR074C,0,1.6883225,0.1342765986919403,0.9499509334564209,0.6252880692481995
YNL041C,YOR009W,0,1.6879207,0.134257972240448,0.9499509334564209,0.6253882646560669
YGL078C,YDR179C,0,1.6876612,0.13423936069011688,0.9499509334564209,0.6254884004592896
YPR008W,YJL098W,0,1.6867623,0.13422074913978577,0.9499509334564209,0.625588595867157
YFL025C,YJL003W,0,1.6865041,0.13420213758945465,0.9499509334564209,0.6256887912750244
YIL106W,YGL167C,0,1.6858985,0.13418352603912354,0.9499509334564209,0.6257889866828918
YIL144W,YGR266W,0,1.685769,0.1341649293899536,0.9499509334564209,0.6258891820907593
YNR051C,YMR223W,1,1.6849997,0.13428492844104767,0.9509322643280029,0.6258891820907593
YFL035C-B,YJL001W,0,1.6847777,0.13426631689071655,0.9509322643280029,0.6259893774986267
YLR131C,YOR034C,0,1.684758,0.13424772024154663,0.9509322643280029,0.6260895729064941
YDR139C,YPL065W,1,1.684547,0.13436764478683472,0.9519136548042297,0.6260895729064941
YPR008W,YIL148W,0,1.6842277,0.1343490332365036,0.9519136548042297,0.6261897683143616
YLR352W,YJL083W,0,1.6835462,0.13433042168617249,0.9519136548042297,0.626289963722229
YDR375C,YPL175W,0,1.683213,0.13431182503700256,0.9519136548042297,0.6263901591300964
YBR029C,YLR118C,0,1.6828376,0.13429322838783264,0.9519136548042297,0.6264903545379639
YML059C,YHR158C,0,1.682598,0.1342746466398239,0.9519136548042297,0.6265905499458313
YGL192W,YJR096W,0,1.6824901,0.134256049990654,0.9519136548042297,0.626690685749054
YKL045W,YNL041C,0,1.6820235,0.13423748314380646,0.9519136548042297,0.6267908811569214
YOR136W,YGL045W,0,1.6800075,0.13421890139579773,0.9519136548042297,0.6268910765647888
YCL005W-A,YCL051W,0,1.6799684,0.1342003345489502,0.9519136548042297,0.6269912719726562
YCL048W,YHR014W,0,1.6795837,0.13418176770210266,0.9519136548042297,0.6270914673805237
YHR158C,YOR358W,0,1.6789485,0.13416321575641632,0.9519136548042297,0.6271916627883911
YKR031C,YLR337C,0,1.6787143,0.1341446489095688,0.9519136548042297,0.6272918581962585
YDR212W,YPR143W,0,1.6782002,0.13412611186504364,0.9519136548042297,0.627392053604126
YDR300C,YLR409C,0,1.6772611,0.1341075599193573,0.9519136548042297,0.6274922490119934
YBR279W,YOL012C,0,1.6762743,0.13408902287483215,0.9519136548042297,0.6275924444198608
YAR033W,YEL044W,0,1.6759045,0.134070485830307,0.9519136548042297,0.6276926398277283
YOR172W,YDR303C,0,1.6753051,0.13405196368694305,0.9519136548042297,0.6277928352355957
YGR103W,YHL003C,0,1.6751986,0.1340334415435791,0.9519136548042297,0.6278929710388184
YPL100W,YMR183C,0,1.674674,0.13401491940021515,0.9519136548042297,0.6279931664466858
YDR091C,YBR060C,0,1.674648,0.1339964121580124,0.9519136548042297,0.6280933618545532
YNL056W,YMR131C,0,1.6737804,0.13397790491580963,0.9519136548042297,0.6281935572624207
YFR027W,YCL068C,0,1.6736256,0.13395939767360687,0.9519136548042297,0.6282937526702881
YKR083C,YPL178W,0,1.6735283,0.1339409053325653,0.9519136548042297,0.6283939480781555
YLR052W,YOR048C,0,1.6732833,0.13392241299152374,0.9519136548042297,0.628494143486023
YPR154W,YML102W,0,1.6729414,0.13390392065048218,0.9519136548042297,0.6285943388938904
YLR004C,YPL207W,0,1.6725812,0.1338854432106018,0.9519136548042297,0.6286945343017578
YNL167C,YDR469W,0,1.6725078,0.13386696577072144,0.9519136548042297,0.6287947297096252
YKL002W,YBR149W,0,1.6722518,0.13384848833084106,0.9519136548042297,0.6288949251174927
YJL181W,YOL011W,0,1.6717274,0.1338300257921219,0.9519136548042297,0.6289950609207153
YER028C,YMR035W,0,1.6717153,0.1338115632534027,0.9519136548042297,0.6290952563285828
YPL175W,YPL021W,0,1.6713301,0.13379310071468353,0.9519136548042297,0.6291954517364502
YHR118C,YGL107C,0,1.671166,0.13377465307712555,0.9519136548042297,0.6292956471443176
YNL051W,YGR138C,0,1.670371,0.13375620543956757,0.9519136548042297,0.6293958425521851
YIL156W,YKL058W,0,1.6702006,0.13373775780200958,0.9519136548042297,0.6294960379600525
YKR027W,YHR150W,0,1.6701977,0.1337193250656128,0.9519136548042297,0.6295962333679199
YBL038W,YBR060C,0,1.6700544,0.133700892329216,0.9519136548042297,0.6296964287757874
YPL198W,YPL049C,0,1.6693135,0.1336824744939804,0.9519136548042297,0.6297966241836548
YHL017W,YNR052C,0,1.6691182,0.13366404175758362,0.9519136548042297,0.6298968195915222
YPR071W,YJL035C,0,1.6690489,0.13364563882350922,0.9519136548042297,0.6299970149993896
YPR154W,YDR212W,0,1.668565,0.13362722098827362,0.9519136548042297,0.6300972104072571
YNL287W,YPL010W,0,1.6683812,0.13360881805419922,0.9519136548042297,0.6301973462104797
YJL078C,YDR108W,0,1.6682928,0.13359041512012482,0.9519136548042297,0.6302975416183472
YER060W-A,YPL006W,0,1.6681604,0.13357201218605042,0.9519136548042297,0.6303977370262146
YPL126W,YGR165W,0,1.667298,0.1335536241531372,0.9519136548042297,0.630497932434082
YER062C,YPL010W,0,1.6672527,0.133535236120224,0.9519136548042297,0.6305981278419495
YGR181W,YHR210C,0,1.6666801,0.13351686298847198,0.9519136548042297,0.6306983232498169
YJL059W,YGL115W,0,1.6663872,0.13349848985671997,0.9519136548042297,0.6307985186576843
YLR249W,YKR072C,0,1.665337,0.13348011672496796,0.9519136548042297,0.6308987140655518
YOR048C,YOL051W,0,1.66465,0.13346174359321594,0.9519136548042297,0.6309989094734192
YOR032C,YNL164C,0,1.664376,0.13344338536262512,0.9519136548042297,0.6310991048812866
YGR202C,YML082W,0,1.6640112,0.1334250271320343,0.9519136548042297,0.631199300289154
YLL006W,YGR017W,0,1.663964,0.13340668380260468,0.9519136548042297,0.6312994956970215
YGL142C,YIL069C,0,1.6637434,0.13338834047317505,0.9519136548042297,0.6313996315002441
YFL011W,YHR080C,0,1.6634043,0.13336999714374542,0.9519136548042297,0.6314998269081116
YER063W,YLR115W,0,1.662578,0.133351668715477,0.9519136548042297,0.631600022315979
YJR131W,YEL052W,1,1.6625497,0.1334707885980606,0.9528949856758118,0.631600022315979
YBR189W,YMR050C,0,1.6620686,0.13345244526863098,0.9528949856758118,0.6317002177238464
YML086C,YML055W,0,1.6619062,0.13343410193920135,0.9528949856758118,0.6318004131317139
YNL111C,YML047C,0,1.6618004,0.13341577351093292,0.9528949856758118,0.6319006085395813
YBR233W-A,YBR295W,0,1.6617175,0.1333974450826645,0.9528949856758118,0.6320008039474487
YMR110C,YJL179W,0,1.6615448,0.13337911665439606,0.9528949856758118,0.6321009993553162
YOR045W,YBR193C,0,1.661469,0.13336080312728882,0.9528949856758118,0.6322011947631836
YNL045W,YER041W,0,1.6613792,0.13334248960018158,0.9528949856758118,0.632301390171051
YIL033C,YIL167W,0,1.659698,0.13332417607307434,0.9528949856758118,0.6324015855789185
YHR122W,YLR001C,0,1.6589328,0.1333058774471283,0.9528949856758118,0.6325017809867859
YJR120W,YLR345W,0,1.6588434,0.13328757882118225,0.9528949856758118,0.6326019167900085
YPL225W,YDR395W,0,1.6580412,0.1332692801952362,0.9528949856758118,0.632702112197876
YKL043W,YPR105C,0,1.657447,0.13325099647045135,0.9528949856758118,0.6328023076057434
YKR089C,YDL018C,0,1.6572449,0.1332327127456665,0.9528949856758118,0.6329025030136108
YDR482C,YLR432W,0,1.6571857,0.13321442902088165,0.9528949856758118,0.6330026984214783
YNL167C,YIL005W,0,1.6570903,0.133196160197258,0.9528949856758118,0.6331028938293457
YHR139C,YML047C,0,1.6566378,0.13317789137363434,0.9528949856758118,0.6332030892372131
YER023W,YCR106W,0,1.656044,0.13315962255001068,0.9528949856758118,0.6333032846450806
YFR047C,YOR195W,0,1.6558919,0.13314136862754822,0.9528949856758118,0.633403480052948
YNL130C,YLR460C,0,1.655572,0.13312311470508575,0.9528949856758118,0.6335036754608154
YMR274C,YGR283C,0,1.6554546,0.1331048607826233,0.9528949856758118,0.6336038708686829
YOR320C,YNL023C,0,1.6544805,0.13308662176132202,0.9528949856758118,0.6337040662765503
YCL017C,YPR003C,0,1.6539202,0.13306838274002075,0.9528949856758118,0.633804202079773
YJL078C,YCR016W,0,1.6538103,0.13305014371871948,0.9528949856758118,0.6339043974876404
YMR234W,YER007C-A,0,1.652767,0.1330319195985794,0.9528949856758118,0.6340045928955078
YDR367W,YGL129C,0,1.6516801,0.13301369547843933,0.9528949856758118,0.6341047883033752
YNL041C,YDR110W,0,1.6513888,0.13299548625946045,0.9528949856758118,0.6342049837112427
YOR081C,YNL024C,0,1.6505232,0.13297726213932037,0.9528949856758118,0.6343051791191101
YOR258W,YOR158W,0,1.6500542,0.1329590529203415,0.9528949856758118,0.6344053745269775
YCR045C,YER023W,0,1.649639,0.1329408586025238,0.9528949856758118,0.634505569934845
YBR233W-A,YNL031C,0,1.6486912,0.13292264938354492,0.9528949856758118,0.6346057653427124
YLR215C,YMR149W,0,1.6481664,0.13290445506572723,0.9528949856758118,0.6347059607505798
YKR078W,YGR174C,0,1.6480922,0.13288627564907074,0.9528949856758118,0.6348061561584473
YDL087C,YDR284C,0,1.6470983,0.13286809623241425,0.9528949856758118,0.6349063515663147
YER123W,YLR055C,0,1.6456987,0.13284991681575775,0.9528949856758118,0.6350064873695374
YDL235C,YDR343C,0,1.645618,0.13283173739910126,0.9528949856758118,0.6351066827774048
YBL080C,YDR361C,0,1.6453469,0.13281357288360596,0.9528949856758118,0.6352068781852722
YIL019W,YNL167C,0,1.6439992,0.13279540836811066,0.9528949856758118,0.6353070735931396
YGR244C,YFR025C,0,1.6432865,0.13277724385261536,0.9528949856758118,0.6354072690010071
YBL005W,YHL006C,0,1.6432005,0.13275909423828125,0.9528949856758118,0.6355074644088745
YLR037C,YPR155C,0,1.6431618,0.13274094462394714,0.9528949856758118,0.6356076598167419
YER007C-A,YFR016C,0,1.643069,0.13272279500961304,0.9528949856758118,0.6357078552246094
YJL078C,YNL164C,0,1.6430457,0.13270466029644012,0.9528949856758118,0.6358080506324768
YKL149C,YHR079C-B,0,1.6430061,0.1326865255832672,0.9528949856758118,0.6359082460403442
YKR049C,YKL114C,0,1.6425893,0.1326683908700943,0.9528949856758118,0.6360084414482117
YFL035C-B,YBR168W,0,1.6424764,0.13265027105808258,0.9528949856758118,0.6361085772514343
YLR060W,YGR040W,0,1.6423593,0.13263215124607086,0.9528949856758118,0.6362087726593018
YOL042W,YNR052C,0,1.6423345,0.13261404633522034,0.9528949856758118,0.6363089680671692
YMR105C,YPL013C,0,1.6423235,0.13259592652320862,0.9528949856758118,0.6364091634750366
YKL026C,YML086C,0,1.6422564,0.1325778216123581,0.9528949856758118,0.636509358882904
YNL051W,YJR120W,0,1.6420524,0.13255973160266876,0.9528949856758118,0.6366095542907715
YMR076C,YGL144C,0,1.640998,0.13254162669181824,0.9528949856758118,0.6367097496986389
YOR177C,YHR035W,0,1.6406345,0.1325235366821289,0.9528949856758118,0.6368099451065063
YLR292C,YHR080C,0,1.6405561,0.13250546157360077,0.9528949856758118,0.6369101405143738
YPR110C,YFL018W-A,0,1.640136,0.13248737156391144,0.9528949856758118,0.6370103359222412
YKR096W,YMR195W,0,1.6399691,0.1324693113565445,0.9528949856758118,0.6371105313301086
YCR031C,YDR303C,0,1.6395285,0.13245123624801636,0.9528949856758118,0.6372107267379761
YNL233W,YCL067C,0,1.6392753,0.13243317604064941,0.9528949856758118,0.6373108625411987
YOL098C,YER060W,0,1.6389427,0.13241511583328247,0.9528949856758118,0.6374110579490662
YML021C,YDR023W,0,1.6386683,0.13239705562591553,0.9528949856758118,0.6375112533569336
YDR176W,YBR028C,0,1.6382964,0.13237901031970978,0.9528949856758118,0.637611448764801
YDL145C,YLR055C,0,1.6379795,0.13236096501350403,0.9528949856758118,0.6377116441726685
YBR181C,YMR177W,0,1.6379775,0.13234291970729828,0.9528949856758118,0.6378118395805359
YKL043W,YGR094W,0,1.6378425,0.13232488930225372,0.9528949856758118,0.6379120349884033
YPL120W,YLR382C,0,1.6378233,0.13230685889720917,0.9528949856758118,0.6380122303962708
YLR259C,YGR030C,0,1.6377356,0.1322888284921646,0.9528949856758118,0.6381124258041382
YJR123W,YDR019C,0,1.6377052,0.13227081298828125,0.9528949856758118,0.6382126212120056
YGR181W,YKR085C,0,1.6374737,0.1322527974843979,0.9528949856758118,0.638312816619873
YLR451W,YDR188W,0,1.636985,0.13223478198051453,0.9528949856758118,0.6384130120277405
YKL132C,YGL045W,0,1.6349638,0.13221678137779236,0.9528949856758118,0.6385131478309631
YDL134C-A,YML059C,0,1.6345148,0.1321987807750702,0.9528949856758118,0.6386133432388306
YPL138C,YBR091C,0,1.6333418,0.13218078017234802,0.9528949856758118,0.638713538646698
YGL070C,YGL027C,0,1.6332809,0.13216279447078705,0.9528949856758118,0.6388137340545654
YDR441C,YPR134W,0,1.6332808,0.13214479386806488,0.9528949856758118,0.6389139294624329
YDL031W,YNL065W,0,1.6330845,0.1321268230676651,0.9528949856758118,0.6390141248703003
YPL193W,YER060W,0,1.6329234,0.13210883736610413,0.9528949856758118,0.6391143202781677
YGL139W,YKL058W,0,1.6328824,0.13209086656570435,0.9528949856758118,0.6392145156860352
YBR090C-A,YPL253C,0,1.6328294,0.13207291066646576,0.9528949856758118,0.6393147110939026
YBR218C,YPL117C,0,1.6323097,0.13205493986606598,0.9528949856758118,0.63941490650177
YER005W,YJL197W,0,1.6318913,0.1320369839668274,0.9528949856758118,0.6395151019096375
YJL183W,YGL127C,0,1.6312048,0.1320190280675888,0.9528949856758118,0.6396152973175049
YBR211C,YMR243C,0,1.631107,0.1320010870695114,0.9528949856758118,0.6397154331207275
YOL023W,YIL014W,0,1.6306463,0.13198314607143402,0.9528949856758118,0.639815628528595
YGR178C,YDL135C,0,1.6305028,0.13196520507335663,0.9528949856758118,0.6399158239364624
YDL081C,YJR108W,0,1.6304429,0.13194727897644043,0.9528949856758118,0.6400160193443298
YNL031C,YNL221C,0,1.6302282,0.13192935287952423,0.9528949856758118,0.6401162147521973
YNL145W,YDR386W,0,1.6299597,0.13191142678260803,0.9528949856758118,0.6402164101600647
YIL154C,YHR214W,0,1.6294887,0.13189350068569183,0.9528949856758118,0.6403166055679321
YKL063C,YGR211W,0,1.6293701,0.13187558948993683,0.9528949856758118,0.6404168009757996
YBR181C,YMR125W,0,1.6280421,0.13185769319534302,0.9528949856758118,0.640516996383667
YHL038C,YGL243W,0,1.6276729,0.131839781999588,0.9528949856758118,0.6406171917915344
YLR432W,YNL066W,0,1.6274527,0.1318218857049942,0.9528949856758118,0.6407173871994019
YNL288W,YHL026C,0,1.6269648,0.1318039894104004,0.9528949856758118,0.6408175826072693
YKL194C,YLR413W,0,1.6265068,0.13178610801696777,0.9528949856758118,0.6409177184104919
YCR065W,YHR024C,0,1.6263463,0.13176821172237396,0.9528949856758118,0.6410179138183594
YEL020W-A,YFL056C,0,1.6262734,0.13175034523010254,0.9528949856758118,0.6411181092262268
YLR382C,YOR110W,0,1.6260458,0.13173246383666992,0.9528949856758118,0.6412183046340942
YKR053C,YIL014W,0,1.6257912,0.1317145973443985,0.9528949856758118,0.6413185000419617
YMR158W,YMR050C,0,1.625515,0.13169673085212708,0.9528949856758118,0.6414186954498291
YFR024C,YER033C,0,1.6243409,0.13167886435985565,0.9528949856758118,0.6415188908576965
YKR096W,YOR335C,0,1.6240616,0.13166101276874542,0.9528949856758118,0.641619086265564
YOR060C,YML082W,0,1.6231349,0.1316431611776352,0.9528949856758118,0.6417192816734314
YOL059W,YML031W,0,1.6230458,0.13162532448768616,0.9528949856758118,0.6418194770812988
YPL168W,YKL063C,0,1.622415,0.13160748779773712,0.9528949856758118,0.6419196724891663
YMR286W,YAL011W,0,1.6214203,0.13158965110778809,0.9528949856758118,0.6420198082923889
YER176W,YOR320C,0,1.6205812,0.13157181441783905,0.9528949856758118,0.6421200037002563
YML082W,YNL278W,0,1.6202184,0.1315539926290512,0.9528949856758118,0.6422201991081238
YGR044C,YHR133C,0,1.618915,0.13153617084026337,0.9528949856758118,0.6423203945159912
YIL098C,YHR120W,0,1.6188664,0.13151834905147552,0.9528949856758118,0.6424205899238586
YBR094W,YLR435W,0,1.6185491,0.13150054216384888,0.9528949856758118,0.6425207853317261
YHR108W,YML097C,1,1.6184058,0.13161814212799072,0.9538763761520386,0.6425207853317261
YPL141C,YDL046W,0,1.6183248,0.13160032033920288,0.9538763761520386,0.6426209807395935
YGR099W,YHR149C,0,1.6178948,0.13158251345157623,0.9538763761520386,0.6427211761474609
YLR234W,YPL168W,0,1.6176562,0.13156470656394958,0.9538763761520386,0.6428213715553284
YJR042W,YCR065W,0,1.6172833,0.13154689967632294,0.9538763761520386,0.6429215669631958
YKR007W,YKL077W,0,1.6167604,0.1315290927886963,0.9538763761520386,0.6430217623710632
YGR217W,YDL105W,0,1.6160512,0.13151130080223083,0.9538763761520386,0.6431219577789307
YCR058C,YMR313C,0,1.6160188,0.13149350881576538,0.9538763761520386,0.6432220935821533
YNL318C,YKR099W,0,1.6158156,0.13147571682929993,0.9538763761520386,0.6433222889900208
YLR224W,YBR201W,1,1.6157234,0.13159318268299103,0.9548577070236206,0.6433222889900208
YGR057C,YFR038W,0,1.6157056,0.13157539069652557,0.9548577070236206,0.6434224843978882
YER093C,YHR193C,0,1.6156456,0.13155759871006012,0.9548577070236206,0.6435226798057556
YML133C,YBR149W,0,1.6156242,0.13153980672359467,0.9548577070236206,0.643622875213623
YIL106W,YDL012C,0,1.6154155,0.1315220296382904,0.9548577070236206,0.6437230706214905
YOR193W,YIL008W,0,1.6153944,0.13150425255298615,0.9548577070236206,0.6438232660293579
YGL243W,YPL254W,0,1.6153878,0.13148649036884308,0.9548577070236206,0.6439234614372253
YCL044C,YOR009W,0,1.6148381,0.13146871328353882,0.9548577070236206,0.6440236568450928
YAL019W,YHR080C,0,1.6146157,0.13145096600055695,0.9548577070236206,0.6441238522529602
YLR460C,YNR053C,0,1.6145092,0.13143320381641388,0.9548577070236206,0.6442240476608276
YJL013C,YLR363C,0,1.6141326,0.131415456533432,0.9548577070236206,0.6443242430686951
YNL056W,YBR003W,0,1.6139106,0.13139770925045013,0.9548577070236206,0.6444243788719177
YJL216C,YKR052C,0,1.6121721,0.13137996196746826,0.9548577070236206,0.6445245742797852
YNL286W,YDR464W,0,1.6119847,0.13136222958564758,0.9548577070236206,0.6446247696876526
YLR167W,YBR028C,0,1.611959,0.1313444972038269,0.9548577070236206,0.64472496509552
YDR422C,YNL247W,0,1.6117125,0.13132676482200623,0.9548577070236206,0.6448251605033875
YOR081C,YJR027W,0,1.6116883,0.13130904734134674,0.9548577070236206,0.6449253559112549
YLR223C,YMR149W,0,1.6110251,0.13129132986068726,0.9548577070236206,0.6450255513191223
YDR145W,YPL189W,0,1.6109633,0.13127361238002777,0.9548577070236206,0.6451257467269897
YDR545W,YLL006W,0,1.6101559,0.1312558948993683,0.9548577070236206,0.6452259421348572
YLR258W,YBR078W,0,1.6099882,0.13123819231987,0.9548577070236206,0.6453261375427246
YER179W,YML061C,0,1.6092396,0.1312205046415329,0.9548577070236206,0.645426332950592
YCL068C,YDR395W,0,1.6084052,0.1312028020620346,0.9548577070236206,0.6455265283584595
YOL042W,YKR083C,0,1.6082888,0.1311851143836975,0.9548577070236206,0.6456266641616821
YLL018C,YHL050C,0,1.6081434,0.1311674267053604,0.9548577070236206,0.6457268595695496
YPL018W,YOR086C,0,1.6071641,0.1311497539281845,0.9548577070236206,0.645827054977417
YFL035C-B,YBL014C,0,1.605719,0.1311320811510086,0.9548577070236206,0.6459272503852844
YDR227W,YIL011W,0,1.6055732,0.1311144083738327,0.9548577070236206,0.6460274457931519
YER179W,YPR100W,0,1.6046703,0.1310967355966568,0.9548577070236206,0.6461276412010193
YGR007W,YOL029C,0,1.603672,0.1310790777206421,0.9548577070236206,0.6462278366088867
YCR045C,YMR274C,0,1.6036203,0.13106141984462738,0.9548577070236206,0.6463280320167542
YLR143W,YER178W,0,1.6030433,0.13104377686977386,0.9548577070236206,0.6464282274246216
YCL017C,YPR055W,0,1.602471,0.13102611899375916,0.9548577070236206,0.646528422832489
YKR078W,YLR196W,0,1.6023884,0.13100847601890564,0.9548577070236206,0.6466286182403564
YPR010C,YLR460C,0,1.6022022,0.13099084794521332,0.9548577070236206,0.6467288136482239
YOR060C,YFR025C,0,1.6013904,0.130973219871521,0.9548577070236206,0.6468289494514465
YGR178C,YGL144C,0,1.6004264,0.13095559179782867,0.9548577070236206,0.646929144859314
YGL085W,YHL050C,0,1.5999665,0.13093796372413635,0.9548577070236206,0.6470293402671814
YHL017W,YKL048C,0,1.5999632,0.13092035055160522,0.9548577070236206,0.6471295356750488
YEL019C,YLR345W,0,1.5990162,0.1309027373790741,0.9548577070236206,0.6472297310829163
YOR207C,YHL028W,0,1.5987382,0.13088512420654297,0.9548577070236206,0.6473299264907837
YDR471W,YLL067C,0,1.5987018,0.13086752593517303,0.9548577070236206,0.6474301218986511
YOL154W,YEL051W,0,1.5981116,0.1308499127626419,0.9548577070236206,0.6475303173065186
YDR528W,YDL154W,0,1.5963265,0.13083232939243317,0.9548577070236206,0.647630512714386
YFR027W,YIL147C,0,1.5959164,0.13081473112106323,0.9548577070236206,0.6477307081222534
YDR434W,YLR220W,0,1.5958502,0.1307971477508545,0.9548577070236206,0.6478309035301208
YPL013C,YBR248C,0,1.5944633,0.13077956438064575,0.9548577070236206,0.6479310393333435
YOR172W,YGR097W,0,1.5937722,0.1307619959115982,0.9548577070236206,0.6480312347412109
YLR239C,YOR207C,0,1.5934869,0.13074442744255066,0.9548577070236206,0.6481314301490784
YDR490C,YOR026W,0,1.5928875,0.1307268589735031,0.9548577070236206,0.6482316255569458
YPL141C,YCR063W,0,1.5922941,0.13070929050445557,0.9548577070236206,0.6483318209648132
YHR035W,YIL043C,0,1.5917262,0.1306917369365692,0.9548577070236206,0.6484320163726807
YDR256C,YPL141C,0,1.5897708,0.13067418336868286,0.9548577070236206,0.6485322117805481
YDR108W,YLR460C,0,1.5895073,0.1306566447019577,0.9548577070236206,0.6486324071884155
YGR007W,YLR196W,0,1.589067,0.13063909113407135,0.9548577070236206,0.648732602596283
YNL133C,YIL008W,0,1.5890231,0.13062156736850739,0.9548577070236206,0.6488327980041504
YOL154W,YML031W,0,1.5886633,0.13060402870178223,0.9548577070236206,0.6489329934120178
YDL003W,YMR237W,0,1.588576,0.13058650493621826,0.9548577070236206,0.6490331888198853
YNL328C,YGR245C,0,1.5879064,0.1305689811706543,0.9548577070236206,0.6491333246231079
YLL048C,YML102W,0,1.5871857,0.13055145740509033,0.9548577070236206,0.6492335200309753
YKL155C,YCL048W,0,1.5871211,0.13053394854068756,0.9548577070236206,0.6493337154388428
YER044C-A,YJR041C,0,1.5870297,0.1305164247751236,0.9548577070236206,0.6494339108467102
YDR227W,YGL107C,0,1.5869215,0.13049893081188202,0.9548577070236206,0.6495341062545776
YDR468C,YPL056C,0,1.5867015,0.13048142194747925,0.9548577070236206,0.6496343016624451
YIL043C,YDR300C,0,1.585978,0.13046392798423767,0.9548577070236206,0.6497344970703125
YLR143W,YIR026C,0,1.5855908,0.1304464340209961,0.9548577070236206,0.6498346924781799
YLR347C,YPR017C,0,1.5851915,0.1304289549589157,0.9548577070236206,0.6499348878860474
YPR017C,YHL026C,0,1.5848974,0.13041147589683533,0.9548577070236206,0.6500350832939148
YCL012W,YOR341W,0,1.5848889,0.13039399683475494,0.9548577070236206,0.6501352787017822
YOL011W,YLR060W,0,1.5847917,0.13037651777267456,0.9548577070236206,0.6502354741096497
YGL087C,YJL003W,0,1.5833249,0.13035905361175537,0.9548577070236206,0.6503356099128723
YFR047C,YPL176C,0,1.5825095,0.13034158945083618,0.9548577070236206,0.6504358053207397
YHR035W,YKL043W,0,1.5824136,0.13032414019107819,0.9548577070236206,0.6505360007286072
YPL176C,YHR138C,0,1.5822786,0.130306676030159,0.9548577070236206,0.6506361961364746
YPL239W,YPR174C,0,1.5819538,0.130289226770401,0.9548577070236206,0.650736391544342
YLL067C,YOR110W,0,1.5809526,0.1302717924118042,0.9548577070236206,0.6508365869522095
YIL009W,YAL068C,0,1.5809124,0.1302543580532074,0.9548577070236206,0.6509367823600769
YLL016W,YDR384C,0,1.5804311,0.1302369087934494,0.9548577070236206,0.6510369777679443
YDR323C,YPL043W,0,1.5798129,0.1302194893360138,0.9548577070236206,0.6511371731758118
YMR076C,YDR500C,0,1.5790501,0.130202054977417,0.9548577070236206,0.6512373685836792
YHR035W,YDL134C,0,1.5789275,0.13018463551998138,0.9548577070236206,0.6513375639915466
YGL240W,YLR224W,1,1.5789082,0.13030099868774414,0.9558390378952026,0.6513375639915466
YEL001C,YHR114W,0,1.5782175,0.13028357923030853,0.9558390378952026,0.6514377593994141
YNL045W,YNL020C,0,1.5772865,0.13026614487171173,0.9558390378952026,0.6515378952026367
YCR035C,YGR122W,0,1.5767415,0.13024872541427612,0.9558390378952026,0.6516380906105042
YMR059W,YJL083W,0,1.5754361,0.1302313208580017,0.9558390378952026,0.6517382860183716
YPL076W,YKL196C,0,1.5752325,0.1302139014005661,0.9558390378952026,0.651838481426239
YJL057C,YGR205W,0,1.5740784,0.1301964968442917,0.9558390378952026,0.6519386768341064
YKR093W,YLR284C,0,1.5735915,0.13017909228801727,0.9558390378952026,0.6520388722419739
YFR027W,YJL045W,0,1.573176,0.13016170263290405,0.9558390378952026,0.6521390676498413
YDR469W,YML102W,0,1.5730453,0.13014431297779083,0.9558390378952026,0.6522392630577087
YML021C,YLL066C,0,1.5730124,0.1301269233226776,0.9558390378952026,0.6523394584655762
YER044C-A,YGR083C,0,1.5722523,0.1301095336675644,0.9558390378952026,0.6524396538734436
YHR165C,YGR283C,0,1.5722218,0.13009215891361237,0.9558390378952026,0.652539849281311
YIL069C,YKL058W,0,1.5721383,0.13007478415966034,0.9558390378952026,0.6526400446891785
YJL012C,YMR177W,0,1.5713983,0.1300574243068695,0.9558390378952026,0.6527401804924011
YML133C,YCR005C,0,1.5713209,0.13004004955291748,0.9558390378952026,0.6528403759002686
YCR105W,YDR397C,0,1.5712767,0.13002268970012665,0.9558390378952026,0.652940571308136
YAL019W,YBL031W,0,1.5710784,0.130005344748497,0.9558390378952026,0.6530407667160034
YJR150C,YOR319W,0,1.5708282,0.12998798489570618,0.9558390378952026,0.6531409621238708
YBR043C,YLL053C,0,1.570755,0.12997063994407654,0.9558390378952026,0.6532411575317383
YIR019C,YMR205C,0,1.5701976,0.1299532949924469,0.9558390378952026,0.6533413529396057
YJL094C,YNL059C,0,1.5701375,0.12993596494197845,0.9558390378952026,0.6534415483474731
YIL096C,YOR335C,0,1.5699342,0.12991863489151,0.9558390378952026,0.6535417437553406
YCR086W,YOR372C,0,1.5694585,0.12990130484104156,0.9558390378952026,0.653641939163208
YOR172W,YJL168C,0,1.5692779,0.12988398969173431,0.9558390378952026,0.6537421345710754
YCR105W,YER038C,0,1.5686445,0.12986665964126587,0.9558390378952026,0.6538423299789429
YLR313C,YKR095W,0,1.5685219,0.1298493593931198,0.9558390378952026,0.6539424657821655
YLR167W,YGL058W,0,1.5678109,0.12983204424381256,0.9558390378952026,0.654042661190033
YFR031C-A,YNL056W,0,1.5677135,0.1298147439956665,0.9558390378952026,0.6541428565979004
YGL063W,YLL066C,0,1.5672656,0.12979744374752045,0.9558390378952026,0.6542430520057678
YER139C,YDL211C,0,1.5668552,0.1297801434993744,0.9558390378952026,0.6543432474136353
YOL144W,YNR071C,0,1.5667843,0.12976285815238953,0.9558390378952026,0.6544434428215027
YOR068C,YMR040W,0,1.5664039,0.12974557280540466,0.9558390378952026,0.6545436382293701
YDR280W,YHR024C,0,1.5660791,0.1297282874584198,0.9558390378952026,0.6546438336372375
YCL051W,YGL240W,0,1.5660564,0.12971101701259613,0.9558390378952026,0.654744029045105
YDR217C,YPL173W,0,1.5655107,0.12969374656677246,0.9558390378952026,0.6548442244529724
YBR146W,YNL216W,0,1.5654758,0.1296764761209488,0.9558390378952026,0.6549444198608398
YOL098C,YOR032C,0,1.56471,0.12965920567512512,0.9558390378952026,0.6550445556640625
YLR083C,YIL064W,0,1.5643301,0.12964195013046265,0.9558390378952026,0.6551447510719299
YOR016C,YML100W,0,1.5642083,0.12962469458580017,0.9558390378952026,0.6552449464797974
YIL120W,YOR136W,0,1.5636399,0.1296074539422989,0.9558390378952026,0.6553451418876648
YLL024C,YKL194C,0,1.5636029,0.1295902132987976,0.9558390378952026,0.6554453372955322
YLR277C,YBL013W,0,1.5629805,0.12957297265529633,0.9558390378952026,0.6555455327033997
YPL126W,YLR323C,0,1.5624049,0.12955573201179504,0.9558390378952026,0.6556457281112671
YHR154W,YML082W,0,1.5623275,0.12953850626945496,0.9558390378952026,0.6557459235191345
YMR205C,YGR244C,0,1.5621693,0.12952128052711487,0.9558390378952026,0.655846118927002
YNL041C,YOL029C,0,1.5621219,0.12950405478477478,0.9558390378952026,0.6559463143348694
YLR054C,YCR038C,0,1.5620682,0.1294868439435959,0.9558390378952026,0.6560465097427368
YMR232W,YDR303C,0,1.5620098,0.129469633102417,0.9558390378952026,0.6561467051506042
YPR037C,YDR308C,0,1.5608224,0.1294524222612381,0.9558390378952026,0.6562468409538269
YDR165W,YNL066W,0,1.5607822,0.1294352114200592,0.9558390378952026,0.6563470363616943
YDR350C,YPL193W,0,1.5606617,0.1294180154800415,0.9558390378952026,0.6564472317695618
YDL209C,YPR141C,0,1.5602986,0.1294008195400238,0.9558390378952026,0.6565474271774292
YPR071W,YDL243C,0,1.5602719,0.1293836385011673,0.9558390378952026,0.6566476225852966
YPL156C,YMR131C,0,1.5599833,0.1293664425611496,0.9558390378952026,0.6567478179931641
YHR122W,YIL118W,0,1.5598389,0.12934927642345428,0.9558390378952026,0.6568480134010315
YDR235W,YGR266W,0,1.5595458,0.12933209538459778,0.9558390378952026,0.6569482088088989
YOR195W,YMR177W,0,1.5586432,0.12931492924690247,0.9558390378952026,0.6570484042167664
YGL104C,YML081W,0,1.5579412,0.12929776310920715,0.9558390378952026,0.6571485996246338
YBR016W,YNL181W,0,1.5576001,0.12928059697151184,0.9558390378952026,0.6572487950325012
YDR328C,YHR197W,0,1.5574667,0.12926343083381653,0.9558390378952026,0.6573489904403687
YIL019W,YBR015C,0,1.5573318,0.1292462795972824,0.9558390378952026,0.6574491262435913
YOR380W,YPR174C,0,1.557323,0.12922914326190948,0.9558390378952026,0.6575493216514587
YLR083C,YPL262W,0,1.5568497,0.12921199202537537,0.9558390378952026,0.6576495170593262
YOR267C,YHL021C,0,1.5563982,0.12919485569000244,0.9558390378952026,0.6577497124671936
YHL025W,YMR183C,0,1.5561666,0.12917771935462952,0.9558390378952026,0.657849907875061
YAL028W,YOL059W,0,1.5554963,0.1291605830192566,0.9558390378952026,0.6579501032829285
YMR226C,YDR110W,0,1.5550003,0.12914346158504486,0.9558390378952026,0.6580502986907959
YPR071W,YER071C,0,1.5543646,0.12912634015083313,0.9558390378952026,0.6581504940986633
YML045W,YDR284C,0,1.5542282,0.1291092187166214,0.9558390378952026,0.6582506895065308
YCL051W,YHR194W,0,1.5540919,0.12909211218357086,0.9558390378952026,0.6583508849143982
YGR017W,YJR054W,0,1.5539806,0.12907500565052032,0.9558390378952026,0.6584510803222656
YDR129C,YGR017W,0,1.5539442,0.1290578991174698,0.9558390378952026,0.6585512757301331
YOR272W,YNL246W,0,1.5525718,0.12904080748558044,0.9558390378952026,0.6586514115333557
YDR201W,YGL045W,0,1.5524642,0.1290237158536911,0.9558390378952026,0.6587516069412231
YNL176C,YNR071C,0,1.5519036,0.12900662422180176,0.9558390378952026,0.6588518023490906
YAL019W,YDR004W,0,1.5513009,0.12898953258991241,0.9558390378952026,0.658951997756958
YNL025C,YPL043W,0,1.5508188,0.12897245585918427,0.9558390378952026,0.6590521931648254
YLR347C,YBL100W-B,0,1.5503187,0.12895537912845612,0.9558390378952026,0.6591523885726929
YDL235C,YKL114C,0,1.5501549,0.12893831729888916,0.9558390378952026,0.6592525839805603
YPR114W,YKL039W,0,1.5486859,0.128921240568161,0.9558390378952026,0.6593527793884277
YDR345C,YBR279W,0,1.5486298,0.12890417873859406,0.9558390378952026,0.6594529747962952
YOR250C,YBR015C,0,1.5485238,0.1288871318101883,0.9558390378952026,0.6595531702041626
YKL006C-A,YGR030C,0,1.5484343,0.12887006998062134,0.9558390378952026,0.65965336561203
YLR185W,YKL150W,0,1.5483667,0.12885302305221558,0.9558390378952026,0.6597535610198975
YGR208W,YIL018W,0,1.5480672,0.12883597612380981,0.9558390378952026,0.6598536968231201
YBR029C,YGR224W,0,1.5480623,0.12881894409656525,0.9558390378952026,0.6599538922309875
YLR060W,YCL064C,0,1.5476625,0.12880189716815948,0.9558390378952026,0.660054087638855
YMR230W,YIL123W,0,1.5467846,0.1287848800420761,0.9558390378952026,0.6601542830467224
YCR031C,YHL031C,0,1.54531,0.12876784801483154,0.9558390378952026,0.6602544784545898
YKL134C,YCR106W,0,1.5449798,0.12875083088874817,0.9558390378952026,0.6603546738624573
YDL220C,YPR174C,0,1.5442982,0.1287338137626648,0.9558390378952026,0.6604548692703247
YPL126W,YLR363C,0,1.5441844,0.12871679663658142,0.9558390378952026,0.6605550646781921
YDL160C,YPR071W,0,1.5439484,0.12869979441165924,0.9558390378952026,0.6606552600860596
YKL191W,YOR335C,0,1.5432974,0.12868279218673706,0.9558390378952026,0.660755455493927
YOR319W,YPL010W,0,1.5429093,0.12866578996181488,0.9558390378952026,0.6608556509017944
YKL054C,YCR063W,0,1.5423543,0.1286487877368927,0.9558390378952026,0.6609557867050171
YDR434W,YEL024W,0,1.5419277,0.1286318004131317,0.9558390378952026,0.6610559821128845
YDR235W,YLL067C,0,1.5416386,0.12861481308937073,0.9558390378952026,0.661156177520752
YBR254C,YER167W,0,1.5415468,0.12859784066677094,0.9558390378952026,0.6612563729286194
YDR328C,YHL035C,0,1.540792,0.12858085334300995,0.9558390378952026,0.6613565683364868
YOR192C,YDR434W,0,1.540417,0.12856388092041016,0.9558390378952026,0.6614567637443542
YJL186W,YMR195W,0,1.5399292,0.12854692339897156,0.9558390378952026,0.6615569591522217
YFL061W,YGL049C,0,1.5395365,0.12852995097637177,0.9558390378952026,0.6616571545600891
YNL103W,YLR054C,0,1.5393329,0.12851299345493317,0.9558390378952026,0.6617573499679565
YMR076C,YDR463W,0,1.5379148,0.12849603593349457,0.9558390378952026,0.661857545375824
YCL017C,YFL035C-B,0,1.5377946,0.12847909331321716,0.9558390378952026,0.6619577407836914
YML021C,YOR132W,0,1.5370249,0.12846215069293976,0.9558390378952026,0.6620579361915588
YIL156W,YDL031W,0,1.5364063,0.12844520807266235,0.9558390378952026,0.6621580719947815
YAL056W,YKL058W,0,1.5363418,0.12842826545238495,0.9558390378952026,0.6622582674026489
YLL018C-A,YJR054W,0,1.5362614,0.12841133773326874,0.9558390378952026,0.6623584628105164
YBR153W,YCR044C,0,1.5359156,0.12839441001415253,0.9558390378952026,0.6624586582183838
YKL191W,YJR049C,0,1.5358973,0.12837748229503632,0.9558390378952026,0.6625588536262512
YGR193C,YKL081W,0,1.5355506,0.1283605694770813,0.9558390378952026,0.6626590490341187
YGR174C,YDR092W,0,1.5354738,0.12834365665912628,0.9558390378952026,0.6627592444419861
YAL059W,YHR193C,0,1.5353463,0.12832674384117126,0.9558390378952026,0.6628594398498535
YKL045W,YML082W,0,1.5351883,0.12830984592437744,0.9558390378952026,0.662959635257721
YOR320C,YDR100W,0,1.535069,0.12829293310642242,0.9558390378952026,0.6630598306655884
YGR184C,YIL017W,1,1.5340686,0.12840774655342102,0.9568204283714294,0.6630598306655884
YMR226C,YLR337C,0,1.5338346,0.128390833735466,0.9568204283714294,0.6631600260734558
YGL058W,YNL066W,0,1.533544,0.12837393581867218,0.9568204283714294,0.6632602214813232
YHR111W,YLR017W,0,1.5332588,0.12835702300071716,0.9568204283714294,0.6633603572845459
YBR078W,YGR057C,0,1.5327679,0.12834013998508453,0.9568204283714294,0.6634605526924133
YDR323C,YDL117W,0,1.532288,0.1283232420682907,0.9568204283714294,0.6635607481002808
YDR276C,YKR088C,0,1.5319097,0.12830635905265808,0.9568204283714294,0.6636609435081482
YNL221C,YDR023W,0,1.5318656,0.12828947603702545,0.9568204283714294,0.6637611389160156
YCR045C,YJL045W,0,1.5318152,0.12827259302139282,0.9568204283714294,0.6638613343238831
YDR325W,YPL198W,0,1.5315534,0.1282557249069214,0.9568204283714294,0.6639615297317505
YLR377C,YLR435W,0,1.5312272,0.12823885679244995,0.9568204283714294,0.6640617251396179
YPL156C,YDL211C,0,1.5312035,0.12822198867797852,0.9568204283714294,0.6641619205474854
YOR264W,YFL056C,0,1.5310276,0.12820513546466827,0.9568204283714294,0.6642621159553528
YAL015C,YLR037C,0,1.5306367,0.12818826735019684,0.9568204283714294,0.6643623113632202
YPR037C,YLR259C,0,1.5298009,0.1281714141368866,0.9568204283714294,0.6644625067710876
YDR040C,YLR337C,0,1.5288539,0.12815457582473755,0.9568204283714294,0.6645626425743103
YCR065W,YLR175W,0,1.5284474,0.1281377375125885,0.9568204283714294,0.6646628379821777
YMR242C,YIL008W,0,1.5284388,0.12812089920043945,0.9568204283714294,0.6647630333900452
YLR131C,YLR466W,0,1.5283954,0.1281040608882904,0.9568204283714294,0.6648632287979126
YDR039C,YNL059C,0,1.5279553,0.12808723747730255,0.9568204283714294,0.66496342420578
YHR108W,YDR131C,1,1.5270791,0.12820175290107727,0.9578017592430115,0.66496342420578
YJL078C,YIL173W,0,1.5268891,0.12818492949008942,0.9578017592430115,0.6650636196136475
YJL181W,YAL051W,0,1.5268655,0.12816809117794037,0.9578017592430115,0.6651638150215149
YJL181W,YBR091C,0,1.526392,0.12815126776695251,0.9578017592430115,0.6652640104293823
YDR025W,YCL012W,0,1.5247705,0.12813442945480347,0.9578017592430115,0.6653642058372498
YDL081C,YBR107C,0,1.5247371,0.1281176209449768,0.9578017592430115,0.6654644012451172
YPL173W,YML055W,0,1.524609,0.12810079753398895,0.9578017592430115,0.6655645966529846
YOL009C,YOR330C,0,1.5244889,0.1280839890241623,0.9578017592430115,0.665664792060852
YFL025C,YBR016W,0,1.5243844,0.12806718051433563,0.9578017592430115,0.6657649278640747
YDR098C,YDL154W,0,1.5241308,0.12805038690567017,0.9578017592430115,0.6658651232719421
YJL078C,YOR266W,0,1.5236125,0.1280335783958435,0.9578017592430115,0.6659653186798096
YLR249W,YGL127C,0,1.5222793,0.12801678478717804,0.9578017592430115,0.666065514087677
YJR041C,YKL138C,0,1.5222309,0.12800000607967377,0.9578017592430115,0.6661657094955444
YPR110C,YDR412W,0,1.5219033,0.1279832124710083,0.9578017592430115,0.6662659049034119
YLR196W,YNR055C,0,1.5215514,0.12796643376350403,0.9578017592430115,0.6663661003112793
YNL025C,YHR033W,0,1.5213745,0.12794965505599976,0.9578017592430115,0.6664662957191467
YKR093W,YPR071W,0,1.5211344,0.12793289124965668,0.9578017592430115,0.6665664911270142
YCR045C,YNL317W,0,1.5205848,0.1279161274433136,0.9578017592430115,0.6666666865348816
YHR108W,YKR099W,0,1.5205839,0.12789936363697052,0.9578017592430115,0.666766881942749
YJL098W,YNR033W,0,1.5204022,0.12788259983062744,0.9578017592430115,0.6668670177459717
YGL025C,YJL168C,0,1.5203015,0.12786585092544556,0.9578017592430115,0.6669672131538391
YBR105C,YKL090W,1,1.5201827,0.1279800832271576,0.9587831497192383,0.6669672131538391
YJR050W,YMR001C,0,1.5194623,0.12796331942081451,0.9587831497192383,0.6670674085617065
YJR099W,YIL017W,1,1.5189581,0.12807752192020416,0.9597644805908203,0.6670674085617065
YBR180W,YGL129C,0,1.518889,0.12806075811386108,0.9597644805908203,0.667167603969574
YDR212W,YER167W,0,1.518642,0.128043994307518,0.9597644805908203,0.6672677993774414
YDR437W,YHR138C,0,1.5183588,0.12802723050117493,0.9597644805908203,0.6673679947853088
YDR127W,YPL239W,0,1.51834,0.12801046669483185,0.9597644805908203,0.6674681901931763
YJL179W,YGL049C,0,1.5182174,0.12799371778964996,0.9597644805908203,0.6675683856010437
YHL025W,YDR168W,0,1.517915,0.12797696888446808,0.9597644805908203,0.6676685810089111
YCL005W-A,YGR161C,0,1.5175548,0.1279602199792862,0.9597644805908203,0.6677687764167786
YKL033W,YOR129C,0,1.5174648,0.1279434859752655,0.9597644805908203,0.667868971824646
YPR003C,YJL167W,0,1.516868,0.1279267519712448,0.9597644805908203,0.6679691672325134
YLR131C,YKR095W,0,1.5148717,0.12791001796722412,0.9597644805908203,0.6680693030357361
YIL107C,YPR141C,0,1.5143949,0.12789329886436462,0.9597644805908203,0.6681694984436035
YCR107W,YOL121C,0,1.5142025,0.12787656486034393,0.9597644805908203,0.668269693851471
YIL009W,YGR296W,0,1.5138716,0.12785984575748444,0.9597644805908203,0.6683698892593384
YCR058C,YOL051W,0,1.5137995,0.12784314155578613,0.9597644805908203,0.6684700846672058
YPL171C,YCL012W,0,1.513384,0.12782642245292664,0.9597644805908203,0.6685702800750732
YDL087C,YOL095C,0,1.5132606,0.12780971825122833,0.9597644805908203,0.6686704754829407
YHR122W,YPL156C,0,1.5132554,0.12779302895069122,0.9597644805908203,0.6687706708908081
YDR490C,YDR243C,0,1.5127252,0.12777632474899292,0.9597644805908203,0.6688708662986755
YCR107W,YJL186W,0,1.5123706,0.1277596354484558,0.9597644805908203,0.668971061706543
YDR301W,YCL054W,0,1.5117338,0.1277429461479187,0.9597644805908203,0.6690712571144104
YHR154W,YML096W,0,1.5117242,0.1277262568473816,0.9597644805908203,0.6691714525222778
YBL013W,YNL180C,0,1.5116065,0.12770958244800568,0.9597644805908203,0.6692715883255005
YER087C-A,YHR043C,1,1.5116024,0.12782347202301025,0.9607458114624023,0.6692715883255005
YER123W,YNL024C,0,1.5109446,0.12780678272247314,0.9607458114624023,0.6693717837333679
YPL043W,YPL179W,0,1.5107898,0.12779010832309723,0.9607458114624023,0.6694719791412354
YNR032C-A,YGL227W,1,1.5101414,0.12790393829345703,0.9617272019386292,0.6694719791412354
YMR040W,YLR337C,0,1.5100545,0.12788724899291992,0.9617272019386292,0.6695721745491028
YDR148C,YGR142W,0,1.5095618,0.1278705596923828,0.9617272019386292,0.6696723699569702
YER038C,YLL053C,0,1.5094514,0.1278538852930069,0.9617272019386292,0.6697725653648376
YKR095W-A,YDR028C,0,1.5091698,0.1278371959924698,0.9617272019386292,0.6698727607727051
YML041C,YBL031W,0,1.5086033,0.12782053649425507,0.9617272019386292,0.6699729561805725
YDR441C,YCR106W,0,1.5085329,0.12780386209487915,0.9617272019386292,0.6700731515884399
YLL031C,YLR143W,0,1.5076762,0.12778720259666443,0.9617272019386292,0.6701733469963074
YKR096W,YEL024W,0,1.5073894,0.1277705281972885,0.9617272019386292,0.6702735424041748
YDR545W,YLR189C,0,1.5073211,0.12775388360023499,0.9617272019386292,0.6703737378120422
YKL191W,YMR242C,0,1.5072851,0.12773722410202026,0.9617272019386292,0.6704738736152649
YPL146C,YKR007W,0,1.5055741,0.12772057950496674,0.9617272019386292,0.6705740690231323
YPR071W,YOR359W,0,1.5047109,0.1277039349079132,0.9617272019386292,0.6706742644309998
YOR357C,YLR263W,0,1.5046492,0.12768729031085968,0.9617272019386292,0.6707744598388672
YPL175W,YLR019W,0,1.5044978,0.12767066061496735,0.9617272019386292,0.6708746552467346
YDR176W,YKL005C,0,1.503398,0.127654030919075,0.9617272019386292,0.670974850654602
YJR132W,YDR244W,0,1.503196,0.12763740122318268,0.9617272019386292,0.6710750460624695
YHR185C,YLR313C,0,1.502083,0.12762078642845154,0.9617272019386292,0.6711752414703369
YGR005C,YPR169W,0,1.5020715,0.1276041716337204,0.9617272019386292,0.6712754368782043
YGR204W,YGL078C,0,1.5017039,0.12758755683898926,0.9617272019386292,0.6713756322860718
YDL220C,YPL189W,0,1.5010172,0.12757094204425812,0.9617272019386292,0.6714758276939392
YPL225W,YCR038C,0,1.5005966,0.12755434215068817,0.9617272019386292,0.6715760231018066
YDR323C,YCR031C,0,1.5005503,0.12753774225711823,0.9617272019386292,0.6716761589050293
YKL192C,YLR313C,0,1.4997916,0.12752114236354828,0.9617272019386292,0.6717763543128967
YGR082W,YOR264W,0,1.4997196,0.12750455737113953,0.9617272019386292,0.6718765497207642
YGR205W,YJL001W,0,1.4997195,0.12748797237873077,0.9617272019386292,0.6719767451286316
YMR192W,YOR001W,0,1.4995247,0.12747138738632202,0.9617272019386292,0.672076940536499
YJR153W,YJL197W,0,1.4993533,0.12745480239391327,0.9617272019386292,0.6721771359443665
YPL193W,YKR031C,0,1.499317,0.1274382323026657,0.9617272019386292,0.6722773313522339
YLR258W,YCL012W,0,1.4992644,0.12742166221141815,0.9617272019386292,0.6723775267601013
YKR096W,YJR120W,0,1.4991727,0.1274050921201706,0.9617272019386292,0.6724777221679688
YPL013C,YBR188C,0,1.498877,0.12738853693008423,0.9617272019386292,0.6725779175758362
YJL045W,YER093C,0,1.4981959,0.12737198173999786,0.9617272019386292,0.6726781129837036
YLR223C,YDR009W,0,1.4980338,0.1273554265499115,0.9617272019386292,0.672778308391571
YDL134C-A,YJL026W,0,1.4977288,0.12733887135982513,0.9617272019386292,0.6728784441947937
YER062C,YNR071C,0,1.4966911,0.12732233107089996,0.9617272019386292,0.6729786396026611
YLR181C,YGR245C,0,1.4957734,0.1273057907819748,0.9617272019386292,0.6730788350105286
YGR204W,YOR335C,0,1.4952588,0.12728926539421082,0.9617272019386292,0.673179030418396
YNL287W,YGL198W,0,1.4952092,0.12727272510528564,0.9617272019386292,0.6732792258262634
YIL064W,YBR301W,0,1.4949353,0.12725619971752167,0.9617272019386292,0.6733794212341309
YHL038C,YNL251C,0,1.4948848,0.1272396743297577,0.9617272019386292,0.6734796166419983
YPR114W,YLR068W,0,1.4948398,0.1272231638431549,0.9617272019386292,0.6735798120498657
YGR003W,YMR237W,0,1.4947165,0.12720663845539093,0.9617272019386292,0.6736800074577332
YDR412W,YPR174C,0,1.493876,0.12719014286994934,0.9617272019386292,0.6737802028656006
YNL145W,YMR050C,0,1.4933311,0.12717363238334656,0.9617272019386292,0.673880398273468
YAL019W,YLR181C,0,1.4930141,0.12715713679790497,0.9617272019386292,0.6739805340766907
YKL194C,YBR248C,0,1.492694,0.12714062631130219,0.9617272019386292,0.6740807294845581
YDL240W,YIL123W,0,1.4926091,0.1271241456270218,0.9617272019386292,0.6741809248924255
YOR034C,YOL029C,0,1.4919349,0.1271076500415802,0.9617272019386292,0.674281120300293
YDR091C,YGL049C,0,1.4919167,0.1270911693572998,0.9617272019386292,0.6743813157081604
YMR153W,YHR080C,0,1.4916594,0.1270746886730194,0.9617272019386292,0.6744815111160278
YJL012C,YDR108W,0,1.4914492,0.127058207988739,0.9617272019386292,0.6745817065238953
YEL018W,YBL063W,0,1.490725,0.1270417422056198,0.9617272019386292,0.6746819019317627
YLR363C,YFR038W,0,1.4904999,0.1270252764225006,0.9617272019386292,0.6747820973396301
YFL025C,YLR368W,1,1.490444,0.1271384209394455,0.9627085328102112,0.6747820973396301
YCR058C,YLR017W,0,1.4902368,0.1271219402551651,0.9627085328102112,0.6748822927474976
YLL053C,YJL035C,0,1.489887,0.1271054744720459,0.9627085328102112,0.674982488155365
YLR189C,YBR100W,0,1.4898703,0.1270889937877655,0.9627085328102112,0.6750826835632324
YPL207W,YGR122W,0,1.4897007,0.1270725429058075,0.9627085328102112,0.6751828193664551
YLR315W,YBR188C,0,1.4892926,0.1270560771226883,0.9627085328102112,0.6752830147743225
YPR110C,YHR122W,0,1.488545,0.12703962624073029,0.9627085328102112,0.6753832101821899
YDR464W,YIR031C,0,1.488523,0.12702317535877228,0.9627085328102112,0.6754834055900574
YFR024C,YDR471W,0,1.4880832,0.12700673937797546,0.9627085328102112,0.6755836009979248
YDR400W,YJL197W,1,1.4880698,0.1271197348833084,0.9636898636817932,0.6755836009979248
YML098W,YDR078C,0,1.4880445,0.1271032840013504,0.9636898636817932,0.6756837964057922
YDL134C-A,YDR381W,0,1.48726,0.1270868331193924,0.9636898636817932,0.6757839918136597
YJR123W,YDR350C,0,1.4863275,0.12707039713859558,0.9636898636817932,0.6758841872215271
YDR108W,YOR359W,0,1.486129,0.12705394625663757,0.9636898636817932,0.6759843826293945
YOL126C,YKL063C,0,1.4855818,0.12703751027584076,0.9636898636817932,0.676084578037262
YOL012C,YDL139C,0,1.4853467,0.12702108919620514,0.9636898636817932,0.6761847734451294
YER063W,YKR007W,0,1.4850802,0.12700465321540833,0.9636898636817932,0.6762849688529968
YMR230W,YCL012W,0,1.4846059,0.1269882321357727,0.9636898636817932,0.6763851046562195
YER062C,YJL021C,0,1.4842451,0.12697181105613708,0.9636898636817932,0.6764853000640869
YIL069C,YGR122W,0,1.4839399,0.12695540487766266,0.9636898636817932,0.6765854954719543
YLR085C,YBR078W,0,1.4835379,0.12693898379802704,0.9636898636817932,0.6766856908798218
YER060W-A,YGL151W,0,1.483184,0.1269225776195526,0.9636898636817932,0.6767858862876892
YGL061C,YMR156C,0,1.4831809,0.12690617144107819,0.9636898636817932,0.6768860816955566
YDR289C,YBR028C,0,1.4829862,0.12688978016376495,0.9636898636817932,0.6769862771034241
YLR284C,YIL144W,0,1.4820981,0.12687338888645172,0.9636898636817932,0.6770864725112915
YIL119C,YPR155C,0,1.4820182,0.1268569976091385,0.9636898636817932,0.6771866679191589
YCR058C,YNL180C,0,1.4819285,0.12684060633182526,0.9636898636817932,0.6772868633270264
YKL129C,YMR050C,0,1.4818022,0.12682422995567322,0.9636898636817932,0.6773870587348938
YPR100W,YGR296W,0,1.4815801,0.12680785357952118,0.9636898636817932,0.6774872541427612
YLL024C,YDR165W,0,1.4801553,0.12679147720336914,0.9636898636817932,0.6775873899459839
YGL073W,YKL080W,0,1.4798919,0.1267751157283783,0.9636898636817932,0.6776875853538513
YPR010C,YDL076C,0,1.4794585,0.12675873935222626,0.9636898636817932,0.6777877807617188
YBR233W-A,YDR019C,0,1.4785461,0.1267423778772354,0.9636898636817932,0.6778879761695862
YFL056C,YDL119C,0,1.4785312,0.12672603130340576,0.9636898636817932,0.6779881715774536
YCR045C,YLR193C,0,1.478256,0.1267096847295761,0.9636898636817932,0.678088366985321
YHR122W,YMR009W,0,1.4781687,0.12669332325458527,0.9636898636817932,0.6781885623931885
YKL069W,YKL006C-A,0,1.477726,0.1266769915819168,0.9636898636817932,0.6782887578010559
YOR266W,YHR202W,0,1.4760641,0.12666064500808716,0.9636898636817932,0.6783889532089233
YOR136W,YKL134C,0,1.4755586,0.1266443133354187,0.9636898636817932,0.6784891486167908
YIL069C,YGL151W,0,1.4750767,0.12662798166275024,0.9636898636817932,0.6785893440246582
YER028C,YPR097W,0,1.4745435,0.1266116499900818,0.9636898636817932,0.6786895394325256
YOR032C,YDR100W,0,1.4739066,0.12659533321857452,0.9636898636817932,0.6787896752357483
YDL100C,YFL018W-A,0,1.4736195,0.12657901644706726,0.9636898636817932,0.6788898706436157
YHR214W,YFR053C,0,1.4736125,0.12656269967556,0.9636898636817932,0.6789900660514832
YNL167C,YDL012C,0,1.4735249,0.12654639780521393,0.9636898636817932,0.6790902614593506
YOR363C,YCL012W,0,1.4729786,0.12653008103370667,0.9636898636817932,0.679190456867218
YOL132W,YLR037C,0,1.4725292,0.1265137791633606,0.9636898636817932,0.6792906522750854
YOR363C,YPL058C,0,1.4718348,0.12649749219417572,0.9636898636817932,0.6793908476829529
YNL199C,YBR078W,0,1.4717157,0.12648119032382965,0.9636898636817932,0.6794910430908203
YER007C-A,YJL179W,0,1.471606,0.12646490335464478,0.9636898636817932,0.6795912384986877
YPR114W,YML092C,0,1.4705544,0.1264486163854599,0.9636898636817932,0.6796914339065552
YCL005W-A,YGL049C,0,1.4705315,0.12643234431743622,0.9636898636817932,0.6797916293144226
YAL048C,YFL056C,0,1.4698181,0.12641607224941254,0.9636898636817932,0.6798917651176453
YIR004W,YJL179W,0,1.4694619,0.12639980018138885,0.9636898636817932,0.6799919605255127
YNL161W,YJR054W,0,1.4692414,0.12638352811336517,0.9636898636817932,0.6800921559333801
YPL076W,YLR299W,0,1.4691465,0.1263672560453415,0.9636898636817932,0.6801923513412476
YGL189C,YDR021W,0,1.4691043,0.126350998878479,0.9636898636817932,0.680292546749115
YOL069W,YPL175W,0,1.4687899,0.12633474171161652,0.9636898636817932,0.6803927421569824
YDR367W,YKL138C,0,1.4686713,0.12631849944591522,0.9636898636817932,0.6804929375648499
YJR109C,YJL089W,0,1.4682053,0.12630225718021393,0.9636898636817932,0.6805931329727173
YNL233W,YMR274C,0,1.4678924,0.12628601491451263,0.9636898636817932,0.6806933283805847
YJL167W,YPL248C,0,1.4674287,0.12626977264881134,0.9636898636817932,0.6807935237884521
YDR377W,YDR129C,0,1.4669085,0.12625353038311005,0.9636898636817932,0.6808937191963196
YEL019C,YBR217W,1,1.4660835,0.12636585533618927,0.96467125415802,0.6808937191963196
YDR175C,YOR158W,0,1.4660587,0.12634961307048798,0.96467125415802,0.680993914604187
YBL035C,YCL051W,0,1.4657483,0.12633337080478668,0.96467125415802,0.6810940504074097
YNL041C,YPR057W,0,1.465314,0.12631714344024658,0.96467125415802,0.6811942458152771
YKR078W,YFL061W,0,1.4651823,0.12630091607570648,0.96467125415802,0.6812944412231445
YJL078C,YLR460C,0,1.4650168,0.12628468871116638,0.96467125415802,0.681394636631012
YDR127W,YOR253W,0,1.4649286,0.12626846134662628,0.96467125415802,0.6814948320388794
YGR178C,YKL192C,0,1.4643452,0.12625224888324738,0.96467125415802,0.6815950274467468
YML031W,YNR052C,0,1.4640954,0.12623603641986847,0.96467125415802,0.6816952228546143
YNL137C,YHR108W,0,1.4631474,0.12621982395648956,0.96467125415802,0.6817954182624817
YDR500C,YKL006C-A,0,1.4628706,0.12620362639427185,0.96467125415802,0.6818956136703491
YDR361C,YPL049C,0,1.4628462,0.12618741393089294,0.96467125415802,0.6819958090782166
YJL173C,YPL235W,0,1.4628426,0.12617121636867523,0.96467125415802,0.682096004486084
YBR254C,YDR234W,0,1.4626997,0.1261550337076187,0.96467125415802,0.6821961998939514
YDL230W,YFR040W,0,1.4624168,0.126138836145401,0.96467125415802,0.6822963356971741
YER060W-A,YNL063W,0,1.4619659,0.12612265348434448,0.96467125415802,0.6823965311050415
YAL015C,YIL068C,0,1.4619353,0.12610648572444916,0.96467125415802,0.6824967265129089
YMR215W,YOR110W,0,1.4617281,0.12609030306339264,0.96467125415802,0.6825969219207764
YNL056W,YPR161C,0,1.4617038,0.12607413530349731,0.96467125415802,0.6826971173286438
YHR073W,YGR138C,0,1.4610718,0.126057967543602,0.96467125415802,0.6827973127365112
YJL186W,YKL006W,0,1.4609284,0.12604179978370667,0.96467125415802,0.6828975081443787
YNL167C,YLR092W,0,1.4607902,0.12602564692497253,0.96467125415802,0.6829977035522461
YBR029C,YGL139W,0,1.460251,0.1260094791650772,0.96467125415802,0.6830978989601135
YKL045W,YDR528W,0,1.4601831,0.12599334120750427,0.96467125415802,0.683198094367981
YDR005C,YDR135C,0,1.4601791,0.12597718834877014,0.96467125415802,0.6832982897758484
YOR032C,YMR133W,0,1.459736,0.1259610503911972,0.96467125415802,0.6833984851837158
YJL181W,YJR084W,0,1.4595805,0.12594491243362427,0.96467125415802,0.6834986209869385
YML076C,YLL014W,0,1.4594629,0.12592877447605133,0.96467125415802,0.6835988163948059
YKR031C,YER032W,0,1.4588706,0.1259126365184784,0.96467125415802,0.6836990118026733
YOR019W,YDL012C,0,1.4584761,0.12589651346206665,0.96467125415802,0.6837992072105408
YLL031C,YOR359W,0,1.4580703,0.1258803904056549,0.96467125415802,0.6838994026184082
YGR005C,YLR143W,0,1.4580326,0.12586428225040436,0.96467125415802,0.6839995980262756
YBR078W,YHR079C-B,0,1.4574704,0.12584815919399261,0.96467125415802,0.6840997934341431
YGR003W,YLR378C,1,1.4570873,0.1259600669145584,0.965652585029602,0.6840997934341431
YDR422C,YKL005C,0,1.4570773,0.12594394385814667,0.965652585029602,0.6841999888420105
YGL126W,YPR128C,0,1.4570156,0.12592782080173492,0.965652585029602,0.6843001842498779
YOR081C,YIL033C,0,1.4560293,0.12591171264648438,0.965652585029602,0.6844003796577454
YKL062W,YLR409C,0,1.4553564,0.12589560449123383,0.965652585029602,0.6845005750656128
YOR253W,YEL024W,0,1.4548006,0.12587949633598328,0.965652585029602,0.6846007704734802
YJR120W,YJL069C,0,1.4547985,0.12586338818073273,0.965652585029602,0.6847009062767029
YLR167W,YNR037C,0,1.4537076,0.12584729492664337,0.965652585029602,0.6848011016845703
YER063W,YHR201C,0,1.4535661,0.12583120167255402,0.965652585029602,0.6849012970924377
YGR235C,YBL091C,0,1.4534413,0.12581510841846466,0.965652585029602,0.6850014925003052
YHL038C,YBL072C,0,1.4532236,0.1257990300655365,0.965652585029602,0.6851016879081726
YDR204W,YCR044C,0,1.4527406,0.12578295171260834,0.965652585029602,0.68520188331604
YDR188W,YDL012C,0,1.4522891,0.12576687335968018,0.965652585029602,0.6853020787239075
YPL061W,YNL216W,0,1.4520656,0.12575079500675201,0.965652585029602,0.6854022741317749
YOR330C,YLR323C,0,1.4513255,0.12573473155498505,0.965652585029602,0.6855024695396423
YFL005W,YPR017C,0,1.450765,0.12571866810321808,0.965652585029602,0.6856026649475098
YAL002W,YLR442C,0,1.4500866,0.1257026046514511,0.965652585029602,0.6857028603553772
YEL020W-A,YDR350C,0,1.4498281,0.12568655610084534,0.965652585029602,0.6858029961585999
YJL047C,YIL008W,1,1.4496334,0.12579821050167084,0.9666339755058289,0.6858029961585999
YHR009C,YNL176C,0,1.4494061,0.12578214704990387,0.9666339755058289,0.6859031915664673
YDR325W,YHR088W,0,1.4492602,0.1257660835981369,0.9666339755058289,0.6860033869743347
YPR106W,YEL039C,0,1.4485197,0.12575003504753113,0.9666339755058289,0.6861035823822021
YBR233W-A,YIL123W,0,1.4484317,0.12573398649692535,0.9666339755058289,0.6862037777900696
YJR120W,YOR048C,0,1.4472089,0.12571793794631958,0.9666339755058289,0.686303973197937
YIL053W,YKR083C,0,1.4464691,0.1257018893957138,0.9666339755058289,0.6864041686058044
YLR215C,YLR293C,0,1.4463387,0.12568585574626923,0.9666339755058289,0.6865043640136719
YDR441C,YBR090C-A,0,1.4461871,0.12566980719566345,0.9666339755058289,0.6866045594215393
YJL012C,YKL006W,0,1.4461625,0.12565378844738007,0.9666339755058289,0.6867047548294067
YMR243C,YMR183C,0,1.4454608,0.12563775479793549,0.9666339755058289,0.6868049502372742
YPL176C,YPR100W,0,1.4452046,0.1256217360496521,0.9666339755058289,0.6869051456451416
YOR045W,YNL240C,0,1.4445624,0.1256057173013687,0.9666339755058289,0.6870052814483643
YOR262W,YFR027W,0,1.4436654,0.12558969855308533,0.9666339755058289,0.6871054768562317
YHR113W,YIL014W,0,1.4428593,0.12557367980480194,0.9666339755058289,0.6872056722640991
YJL089W,YNL142W,0,1.4427259,0.12555767595767975,0.9666339755058289,0.6873058676719666
YCR016W,YDL223C,0,1.44227,0.12554167211055756,0.9666339755058289,0.687406063079834
YNR052C,YKL099C,0,1.4420464,0.12552568316459656,0.9666339755058289,0.6875062584877014
YCL068C,YPR148C,0,1.4412601,0.12550967931747437,0.9666339755058289,0.6876064538955688
YOL132W,YGR094W,0,1.4393812,0.12549369037151337,0.9666339755058289,0.6877066493034363
YIL018W,YBL005W,0,1.4389306,0.12547770142555237,0.9666339755058289,0.6878068447113037
YKL194C,YMR177W,0,1.4379948,0.12546172738075256,0.9666339755058289,0.6879070401191711
YDR127W,YLR442C,0,1.4372349,0.12544575333595276,0.9666339755058289,0.6880072355270386
YBL080C,YPL049C,0,1.4368124,0.12542977929115295,0.9666339755058289,0.688107430934906
YGR057C,YGL085W,0,1.436563,0.12541380524635315,0.9666339755058289,0.6882075667381287
YCL064C,YOL052C-A,0,1.4363881,0.12539783120155334,0.9666339755058289,0.6883077621459961
YLR058C,YGL116W,0,1.435797,0.12538187205791473,0.9666339755058289,0.6884079575538635
YOL020W,YJR049C,0,1.4345293,0.12536591291427612,0.9666339755058289,0.688508152961731
YBR038W,YLR337C,0,1.4335326,0.1253499686717987,0.9666339755058289,0.6886083483695984
YLR193C,YAL068C,0,1.4329545,0.1253340095281601,0.9666339755058289,0.6887085437774658
YER023W,YER071C,0,1.4324313,0.12531806528568268,0.9666339755058289,0.6888087391853333
YML021C,YOR335C,0,1.4323571,0.12530212104320526,0.9666339755058289,0.6889089345932007
YDR309C,YLL067C,0,1.4318076,0.12528619170188904,0.9666339755058289,0.6890091300010681
YMR015C,YJR049C,0,1.4314352,0.12527024745941162,0.9666339755058289,0.6891093254089355
YFL049W,YPL076W,0,1.4312708,0.1252543181180954,0.9666339755058289,0.689209520816803
YPR154W,YHR009C,0,1.4311968,0.12523840367794037,0.9666339755058289,0.6893097162246704
YPL013C,YIL130W,0,1.4304893,0.12522247433662415,0.9666339755058289,0.6894098520278931
YER031C,YAL002W,0,1.4301912,0.12520655989646912,0.9666339755058289,0.6895100474357605
YKR085C,YER093C,0,1.4291534,0.1251906454563141,0.9666339755058289,0.6896102428436279
YLR460C,YGL129C,0,1.429121,0.12517473101615906,0.9666339755058289,0.6897104382514954
YOL121C,YNL118C,0,1.4290549,0.12515883147716522,0.9666339755058289,0.6898106336593628
YEL019C,YNL008C,1,1.4289778,0.12526997923851013,0.9676153063774109,0.6898106336593628
YJL045W,YJR048W,0,1.4287095,0.1252540647983551,0.9676153063774109,0.6899108290672302
YJR153W,YOR357C,0,1.4280676,0.12523815035820007,0.9676153063774109,0.6900110244750977
YER129W,YBR191W,0,1.4270917,0.12522225081920624,0.9676153063774109,0.6901112198829651
YDL134C-A,YPR199C,0,1.4269649,0.1252063512802124,0.9676153063774109,0.6902114152908325
YLR293C,YPR106W,0,1.4264512,0.12519045174121857,0.9676153063774109,0.6903116106987
YDR367W,YGR097W,0,1.4260521,0.12517455220222473,0.9676153063774109,0.6904118061065674
YPL183C,YER159C,0,1.4256281,0.1251586675643921,0.9676153063774109,0.6905120015144348
YGL063W,YLR288C,0,1.4256209,0.12514278292655945,0.9676153063774109,0.6906121373176575
YIL106W,YGL018C,0,1.4242952,0.1251268982887268,0.9676153063774109,0.6907123327255249
YMR048W,YGR283C,0,1.4238455,0.12511102855205536,0.9676153063774109,0.6908125281333923
YIL069C,YNL287W,0,1.4236903,0.1250951588153839,0.9676153063774109,0.6909127235412598
YEL048C,YNR024W,0,1.4226286,0.12507928907871246,0.9676153063774109,0.6910129189491272
YDL175C,YJL012C,0,1.4202955,0.12506341934204102,0.9676153063774109,0.6911131143569946
YEL048C,YPL207W,0,1.4201295,0.12504756450653076,0.9676153063774109,0.6912133097648621
YOR065W,YFR034C,0,1.4195223,0.12503169476985931,0.9676153063774109,0.6913135051727295
YGL025C,YNL194C,0,1.4188495,0.12501585483551025,0.9676153063774109,0.6914137005805969
YMR131C,YMR183C,0,1.4185785,0.125,0.9676153063774109,0.6915138959884644
YJR131W,YOR259C,1,1.4170244,0.1251109093427658,0.9685966372489929,0.6915138959884644
YOR207C,YMR009W,0,1.4161289,0.12509505450725555,0.9685966372489929,0.6916140913963318
YJL045W,YLR150W,0,1.4153653,0.1250791996717453,0.9685966372489929,0.6917142868041992
YBR130C,YFR027W,0,1.4146566,0.12506335973739624,0.9685966372489929,0.6918144226074219
YNL068C,YHL006C,0,1.4143518,0.125047504901886,0.9685966372489929,0.6919146180152893
YDL046W,YDR087C,0,1.414152,0.12503166496753693,0.9685966372489929,0.6920148134231567
YER109C,YGR094W,0,1.4141254,0.12501583993434906,0.9685966372489929,0.6921150088310242
YDL098C,YDR384C,0,1.4137282,0.125,0.9685966372489929,0.6922152042388916
YBL013W,YNL194C,0,1.4120297,0.12498416751623154,0.9685966372489929,0.692315399646759
YGR057C,YML016C,0,1.4118015,0.12496834993362427,0.9685966372489929,0.6924155950546265
YPL021W,YKL005C,0,1.4109466,0.1249525249004364,0.9685966372489929,0.6925157904624939
YML081W,YBR218C,0,1.4095668,0.12493670731782913,0.9685966372489929,0.6926159858703613
YLR328W,YKR072C,0,1.4094932,0.12492089718580246,0.9685966372489929,0.6927161812782288
YLL067C,YCR005C,0,1.4094906,0.12490508705377579,0.9685966372489929,0.6928163766860962
YLR413W,YBL091C,0,1.4094431,0.12488928437232971,0.9685966372489929,0.6929165124893188
YKL132C,YDL087C,0,1.4088823,0.12487348169088364,0.9685966372489929,0.6930167078971863
YLL024C,YMR131C,0,1.4087268,0.12485768646001816,0.9685966372489929,0.6931169033050537
YMR192W,YNR048W,0,1.408051,0.12484189122915268,0.9685966372489929,0.6932170987129211
YOR334W,YIL052C,0,1.4075066,0.1248261034488678,0.9685966372489929,0.6933172941207886
YPL138C,YGR202C,0,1.4071343,0.12481031566858292,0.9685966372489929,0.693417489528656
YNL020C,YOL116W,0,1.4069575,0.12479453533887863,0.9685966372489929,0.6935176849365234
YDL240W,YJL045W,0,1.4064155,0.12477876245975494,0.9685966372489929,0.6936178803443909
YJL110C,YOR193W,0,1.406003,0.12476298958063126,0.9685966372489929,0.6937180757522583
YLR390W-A,YGR103W,0,1.4057491,0.12474721670150757,0.9685966372489929,0.6938182711601257
YGL107C,YHR079C-B,0,1.4044659,0.12473145127296448,0.9685966372489929,0.6939184665679932
YBL013W,YBR060C,0,1.4043896,0.12471569329500198,0.9685966372489929,0.6940186619758606
YKL016C,YDR150W,0,1.4043007,0.12469993531703949,0.9685966372489929,0.6941187977790833
YEL001C,YNL130C,0,1.4039643,0.12468418478965759,0.9685966372489929,0.6942189931869507
YDR361C,YKL040C,0,1.403903,0.1246684342622757,0.9685966372489929,0.6943191885948181
YCR045C,YMR101C,0,1.4035362,0.1246526911854744,0.9685966372489929,0.6944193840026855
YNL145W,YDL124W,0,1.4028881,0.1246369481086731,0.9685966372489929,0.694519579410553
YBR094W,YER129W,0,1.4019355,0.12462121248245239,0.9685966372489929,0.6946197748184204
YDR259C,YLR055C,0,1.4017715,0.12460547685623169,0.9685966372489929,0.6947199702262878
YEL048C,YGL171W,0,1.4010124,0.12458974868059158,0.9685966372489929,0.6948201656341553
YOR079C,YOR009W,0,1.40093,0.12457402795553207,0.9685966372489929,0.6949203610420227
YDR078C,YHL025W,0,1.4007502,0.12455830723047256,0.9685966372489929,0.6950205564498901
YER143W,YBR090C-A,0,1.3999757,0.12454258650541306,0.9685966372489929,0.6951207518577576
YMR275C,YLR055C,0,1.3998706,0.12452687323093414,0.9685966372489929,0.695220947265625
YOL154W,YIL037C,0,1.3991292,0.12451116740703583,0.9685966372489929,0.6953210830688477
YBR054W,YGL115W,0,1.3981073,0.12449546158313751,0.9685966372489929,0.6954212784767151
YBR272C,YBR121C,0,1.3979907,0.1244797557592392,0.9685966372489929,0.6955214738845825
YJR109C,YOR330C,0,1.3974314,0.12446405738592148,0.9685966372489929,0.69562166929245
YML016C,YAL068C,0,1.3957577,0.12444836646318436,0.9685966372489929,0.6957218647003174
YEL048C,YOR236W,0,1.3956468,0.12443267554044724,0.9685966372489929,0.6958220601081848
YGR204W,YDL018C,0,1.395638,0.12441699206829071,0.9685966372489929,0.6959222555160522
YNL180C,YKL077W,0,1.3953289,0.12440130859613419,0.9685966372489929,0.6960224509239197
YNL173C,YNL123W,0,1.3949149,0.12438563257455826,0.9685966372489929,0.6961226463317871
YOR334W,YPL173W,0,1.3949058,0.12436995655298233,0.9685966372489929,0.6962228417396545
YBR208C,YPL021W,0,1.3946872,0.124354287981987,0.9685966372489929,0.696323037147522
YJL089W,YBR028C,0,1.3927506,0.12433862686157227,0.9685966372489929,0.6964232325553894
YGL104C,YEL027W,0,1.3923627,0.12432296574115753,0.9685966372489929,0.6965233683586121
YKL026C,YPL058C,0,1.3922807,0.1243073046207428,0.9685966372489929,0.6966235637664795
YNR024W,YKL197C,0,1.3918481,0.12429165095090866,0.9685966372489929,0.6967237591743469
YGR094W,YHR133C,0,1.3913668,0.12427600473165512,0.9685966372489929,0.6968239545822144
YGR004W,YKL138C,0,1.3904016,0.12426035851240158,0.9685966372489929,0.6969241499900818
YBR085W,YEL024W,0,1.389672,0.12424471229314804,0.9685966372489929,0.6970243453979492
YER178W,YCL001W,0,1.3889695,0.1242290735244751,0.9685966372489929,0.6971245408058167
YOR119C,YOR032C,0,1.388552,0.12421344220638275,0.9685966372489929,0.6972247362136841
YFL026W,YOR086C,0,1.3879323,0.1241978108882904,0.9685966372489929,0.6973249316215515
YDL123W,YBR028C,0,1.3877646,0.12418218702077866,0.9685966372489929,0.697425127029419
YBR016W,YMR149W,0,1.3869071,0.1241665631532669,0.9685966372489929,0.6975253224372864
YDL012C,YLR384C,0,1.3868155,0.12415094673633575,0.9685966372489929,0.6976255178451538
YPL234C,YDR110W,0,1.3867853,0.1241353303194046,0.9685966372489929,0.6977256536483765
YDR280W,YOL116W,0,1.3864658,0.12411972135305405,0.9685966372489929,0.6978258490562439
YOR065W,YMR131C,0,1.3856237,0.12410411238670349,0.9685966372489929,0.6979260444641113
YMR318C,YIL008W,0,1.3851482,0.12408851087093353,0.9685966372489929,0.6980262398719788
YAL007C,YOL078W,0,1.3850188,0.12407290935516357,0.9685966372489929,0.6981264352798462
YJL181W,YKL039W,0,1.3849766,0.12405731528997421,0.9685966372489929,0.6982266306877136
YDR091C,YLL067C,0,1.3846234,0.12404172122478485,0.9685966372489929,0.698326826095581
YJR120W,YPR003C,0,1.3844057,0.12402613461017609,0.9685966372489929,0.6984270215034485
YNL328C,YOL116W,0,1.3835163,0.12401055544614792,0.9685966372489929,0.6985272169113159
YDR439W,YJR118C,0,1.383361,0.12399497628211975,0.9685966372489929,0.6986274123191833
YER177W,YPL175W,0,1.3812566,0.12397939711809158,0.9685966372489929,0.6987276077270508
YHR185C,YIL173W,0,1.3808336,0.12396382540464401,0.9685966372489929,0.6988277435302734
YPL234C,YDR463W,0,1.3800821,0.12394826114177704,0.9685966372489929,0.6989279389381409
YDR212W,YKR095W-A,0,1.3789097,0.12393269687891006,0.9685966372489929,0.6990281343460083
YMR063W,YJL021C,0,1.3780934,0.12391714006662369,0.9685966372489929,0.6991283297538757
YGL092W,YLR181C,0,1.3778869,0.12390158325433731,0.9685966372489929,0.6992285251617432
YDR463W,YHR202W,0,1.3778629,0.12388602644205093,0.9685966372489929,0.6993287205696106
YDR110W,YFR038W,0,1.3775153,0.12387048453092575,0.9685966372489929,0.699428915977478
YLR223C,YDR280W,0,1.3772799,0.12385493516921997,0.9685966372489929,0.6995291113853455
YNL190W,YDR471W,0,1.3772733,0.12383940070867538,0.9685966372489929,0.6996293067932129
YPR106W,YBR085W,0,1.3767016,0.1238238587975502,0.9685966372489929,0.6997295022010803
YLR223C,YAL015C,0,1.3759646,0.12380833178758621,0.9685966372489929,0.6998296976089478
YER007C-A,YPR010C,0,1.3756838,0.12379279732704163,0.9685966372489929,0.6999298930168152
YBR208C,YHR005C,0,1.3753905,0.12377727776765823,0.9685966372489929,0.7000300288200378
YNR032C-A,YHR166C,1,1.3750868,0.12388714402914047,0.9695780277252197,0.7000300288200378
YHR122W,YLR056W,0,1.3746514,0.12387161701917648,0.9695780277252197,0.7001302242279053
YPL036W,YHL025W,0,1.3741747,0.1238560825586319,0.9695780277252197,0.7002304196357727
YIR019C,YLR001C,0,1.3741658,0.1238405629992485,0.9695780277252197,0.7003306150436401
YDL160C,YLR215C,0,1.3737848,0.12382504343986511,0.9695780277252197,0.7004308104515076
YOR189W,YPR095C,0,1.3737785,0.12380952388048172,0.9695780277252197,0.700531005859375
YPL207W,YIL069C,0,1.3724672,0.12379401177167892,0.9695780277252197,0.7006312012672424
YAR009C,YPR097W,0,1.3722112,0.12377849966287613,0.9695780277252197,0.7007313966751099
YGR099W,YNL247W,0,1.3714176,0.12376299500465393,0.9695780277252197,0.7008315920829773
YLR293C,YBR112C,0,1.3705616,0.12374749779701233,0.9695780277252197,0.7009317874908447
YPL168W,YML055W,0,1.3704672,0.12373200058937073,0.9695780277252197,0.7010319828987122
YER109C,YLR200W,0,1.3702023,0.12371650338172913,0.9695780277252197,0.7011321783065796
YDR098C,YJR120W,0,1.3701344,0.12370101362466812,0.9695780277252197,0.7012323141098022
YOR358W,YGL107C,0,1.3697844,0.12368553131818771,0.9695780277252197,0.7013325095176697
YNL247W,YJL196C,0,1.3694013,0.1236700490117073,0.9695780277252197,0.7014327049255371
YGR193C,YPL198W,0,1.3687592,0.1236545667052269,0.9695780277252197,0.7015329003334045
YGL107C,YDR395W,0,1.3686365,0.12363909184932709,0.9695780277252197,0.701633095741272
YDR345C,YBR131W,0,1.3685336,0.12362362444400787,0.9695780277252197,0.7017332911491394
YCR036W,YBR100W,0,1.3682176,0.12360815703868866,0.9695780277252197,0.7018334865570068
YHR088W,YDL154W,0,1.3676803,0.12359269708395004,0.9695780277252197,0.7019336819648743
YPL146C,YOL095C,0,1.3671405,0.12357723712921143,0.9695780277252197,0.7020338773727417
YGR044C,YOR335C,0,1.3669901,0.12356177717447281,0.9695780277252197,0.7021340727806091
YPL001W,YER005W,0,1.3669685,0.12354633212089539,0.9695780277252197,0.7022342681884766
YJL173C,YOR330C,0,1.3668745,0.12353087961673737,0.9695780277252197,0.702334463596344
YER142C,YKL043W,0,1.3667523,0.12351544201374054,0.9695780277252197,0.7024345993995667
YLL024C,YLL053C,0,1.3666002,0.12349999696016312,0.9695780277252197,0.7025347948074341
YHR111W,YBR090C-A,0,1.366476,0.12348456680774689,0.9695780277252197,0.7026349902153015
YGL092W,YJL035C,0,1.3659154,0.12346912920475006,0.9695780277252197,0.702735185623169
YGR046W,YFL025C,0,1.3659068,0.12345370650291443,0.9695780277252197,0.7028353810310364
YGR170W,YGR017W,0,1.3644847,0.1234382838010788,0.9695780277252197,0.7029355764389038
YLL018C-A,YBR193C,0,1.3642869,0.12342286109924316,0.9695780277252197,0.7030357718467712
YBR180W,YDL223C,0,1.3640598,0.12340744584798813,0.9695780277252197,0.7031359672546387
YMR048W,YDR350C,0,1.3637639,0.1233920305967331,0.9695780277252197,0.7032361626625061
YML021C,YOR119C,0,1.3636887,0.12337662279605865,0.9695780277252197,0.7033363580703735
YBR069C,YOL095C,0,1.3635658,0.12336121499538422,0.9695780277252197,0.703436553478241
YAL059W,YLR061W,0,1.3620577,0.12334581464529037,0.9695780277252197,0.7035367488861084
YGL246C,YHR154W,0,1.3619158,0.12333042174577713,0.9695780277252197,0.703636884689331
YMR055C,YPL248C,0,1.3612019,0.12331502884626389,0.9695780277252197,0.7037370800971985
YNL024C,YER005W,0,1.3612018,0.12329963594675064,0.9695780277252197,0.7038372755050659
YPL225W,YDR165W,0,1.3611299,0.123284250497818,0.9695780277252197,0.7039374709129333
YCL068C,YGR005C,0,1.3607724,0.12326887249946594,0.9695780277252197,0.7040376663208008
YKL026C,YDR309C,0,1.3605696,0.12325349450111389,0.9695780277252197,0.7041378617286682
YML013W,YFL018W-A,0,1.3604419,0.12323811650276184,0.9695780277252197,0.7042380571365356
YER159C,YHR106W,0,1.3603352,0.12322274595499039,0.9695780277252197,0.7043382525444031
YDR439W,YKL006W,0,1.3600278,0.12320738285779953,0.9695780277252197,0.7044384479522705
YER179W,YHR079C-B,0,1.3599551,0.12319201976060867,0.9695780277252197,0.7045386433601379
YGR181W,YNL130C,0,1.3595967,0.12317666411399841,0.9695780277252197,0.7046388387680054
YOR090C,YHL026C,0,1.3590813,0.12316130846738815,0.9695780277252197,0.704738974571228
YKR049C,YPR199C,0,1.3584882,0.1231459528207779,0.9695780277252197,0.7048391699790955
YLR194C,YBR078W,0,1.3556314,0.12313060462474823,0.9695780277252197,0.7049393653869629
YKL150W,YMR195W,0,1.3555328,0.12311526387929916,0.9695780277252197,0.7050395607948303
YBR254C,YGL151W,0,1.3550315,0.1230999231338501,0.9695780277252197,0.7051397562026978
YAL048C,YBL100W-B,0,1.354691,0.12308458983898163,0.9695780277252197,0.7052399516105652
YPL116W,YBR107C,0,1.3541603,0.12306925654411316,0.9695780277252197,0.7053401470184326
YDR434W,YOR110W,0,1.354056,0.12305393069982529,0.9695780277252197,0.7054403424263
YER023W,YCL067C,0,1.3536301,0.12303860485553741,0.9695780277252197,0.7055405378341675
YAL015C,YDR280W,0,1.3528302,0.12302328646183014,0.9695780277252197,0.7056407332420349
YER031C,YPL254W,0,1.3526956,0.12300796806812286,0.9695780277252197,0.7057409286499023
YFL026W,YNL181W,0,1.3525497,0.12299265712499619,0.9695780277252197,0.7058411240577698
YMR050C,YLR075W,0,1.3524159,0.1229773461818695,0.9695780277252197,0.7059412598609924
YLL053C,YBR162C,0,1.3519375,0.12296204268932343,0.9695780277252197,0.7060414552688599
YKL045W,YPL133C,0,1.3514802,0.12294673919677734,0.9695780277252197,0.7061416506767273
YHR122W,YCL068C,0,1.3511468,0.12293144315481186,0.9695780277252197,0.7062418460845947
YPL207W,YPL168W,0,1.3508425,0.12291614711284637,0.9695780277252197,0.7063420414924622
YMR074C,YMR156C,0,1.3506342,0.12290085852146149,0.9695780277252197,0.7064422369003296
YEL020W-A,YIR004W,0,1.3505219,0.1228855699300766,0.9695780277252197,0.706542432308197
YHR033W,YLR384C,0,1.3499757,0.12287028878927231,0.9695780277252197,0.7066426277160645
YNL059C,YCR065W,0,1.3495388,0.12285500764846802,0.9695780277252197,0.7067428231239319
YGL006W,YEL027W,0,1.3494961,0.12283973395824432,0.9695780277252197,0.7068430185317993
YFR024C,YBR189W,0,1.349163,0.12282446771860123,0.9695780277252197,0.7069432139396667
YDL247W,YKL054C,0,1.349155,0.12280920147895813,0.9695780277252197,0.7070434093475342
YAL048C,YMR232W,0,1.3489444,0.12279393523931503,0.9695780277252197,0.7071435451507568
YDR345C,YGL049C,0,1.3485594,0.12277867645025253,0.9695780277252197,0.7072437405586243
YHL003C,YDR025W,0,1.3485473,0.12276341766119003,0.9695780277252197,0.7073439359664917
YCL005W-A,YMR261C,0,1.3484403,0.12274816632270813,0.9695780277252197,0.7074441313743591
YPL075W,YGL151W,0,1.3475574,0.12273292243480682,0.9695780277252197,0.7075443267822266
YDL247W,YMR226C,0,1.3475195,0.12271767854690552,0.9695780277252197,0.707644522190094
YIL011W,YNR053C,0,1.34748,0.12270243465900421,0.9695780277252197,0.7077447175979614
YML041C,YIL148W,0,1.3470659,0.1226871982216835,0.9695780277252197,0.7078449130058289
YER007C-A,YGL085W,0,1.3467296,0.12267196178436279,0.9695780277252197,0.7079451084136963
YDR361C,YHR197W,0,1.346125,0.12265673279762268,0.9695780277252197,0.7080453038215637
YCR031C,YER060W,0,1.3457685,0.12264151126146317,0.9695780277252197,0.7081454992294312
YER093C,YBL100W-B,0,1.3457377,0.12262628972530365,0.9695780277252197,0.7082456946372986
YKL145W,YBL057C,1,1.3454974,0.1227351725101471,0.9705593585968018,0.7082456946372986
YOR207C,YNL065W,0,1.345429,0.12271994352340698,0.9705593585968018,0.7083458304405212
YDR323C,YIR026C,0,1.3452739,0.12270471453666687,0.9705593585968018,0.7084460258483887
YDR407C,YCR044C,0,1.3449383,0.12268949300050735,0.9705593585968018,0.7085462212562561
YGR099W,YLR044C,0,1.3434153,0.12267427146434784,0.9705593585968018,0.7086464166641235
YJL186W,YPR105C,0,1.3433446,0.12265905737876892,0.9705593585968018,0.708746612071991
YKL043W,YDL119C,0,1.3428915,0.1226438507437706,0.9705593585968018,0.7088468074798584
YNL263C,YML059C,0,1.341468,0.12262864410877228,0.9705593585968018,0.7089470028877258
YNL247W,YLR435W,0,1.3408058,0.12261343747377396,0.9705593585968018,0.7090471982955933
YDR212W,YJL180C,0,1.3400872,0.12259823828935623,0.9705593585968018,0.7091473937034607
YGR283C,YGL231C,0,1.3398385,0.1225830465555191,0.9705593585968018,0.7092475891113281
YLR360W,YIL009W,0,1.3380084,0.12256785482168198,0.9705593585968018,0.7093477845191956
YER127W,YPL189W,0,1.3368068,0.12255266308784485,0.9705593585968018,0.709447979927063
YDL003W,YDR439W,0,1.3367724,0.12253747880458832,0.9705593585968018,0.7095481157302856
YDL003W,YJL059W,0,1.336568,0.12252230197191238,0.9705593585968018,0.7096483111381531
YKL141W,YMR274C,0,1.336266,0.12250712513923645,0.9705593585968018,0.7097485065460205
YKL063C,YGL238W,0,1.3359632,0.12249194830656052,0.9705593585968018,0.7098487019538879
YDR075W,YOR065W,0,1.3347847,0.12247677892446518,0.9705593585968018,0.7099488973617554
YOL032W,YHR020W,0,1.334659,0.12246161699295044,0.9705593585968018,0.7100490927696228
YNL263C,YNL055C,0,1.3343325,0.1224464550614357,0.9705593585968018,0.7101492881774902
YPL001W,YKR095W,0,1.3326651,0.12243129312992096,0.9705593585968018,0.7102494835853577
YOR273C,YHL025W,0,1.3316109,0.12241613864898682,0.9705593585968018,0.7103496789932251
YGL240W,YOR124C,1,1.331483,0.12252475321292877,0.9715407490730286,0.7103496789932251
YOR330C,YPL254W,0,1.3313351,0.12250959128141403,0.9715407490730286,0.7104498744010925
YOR177C,YPL097W,0,1.3309505,0.12249442934989929,0.9715407490730286,0.71055006980896
YHR035W,YBR114W,0,1.3300959,0.12247927486896515,0.9715407490730286,0.7106502652168274
YOR177C,YBR069C,0,1.3299749,0.1224641278386116,0.9715407490730286,0.71075040102005
YGR103W,YOL095C,0,1.3281229,0.12244898080825806,0.9715407490730286,0.7108505964279175
YOR193W,YDR268W,0,1.3278613,0.12243383377790451,0.9715407490730286,0.7109507918357849
YCR024C,YDR437W,0,1.3276641,0.12241869419813156,0.9715407490730286,0.7110509872436523
YGL129C,YFL035C-A,0,1.3271599,0.12240356206893921,0.9715407490730286,0.7111511826515198
YDL081C,YOL069W,0,1.3259733,0.12238842993974686,0.9715407490730286,0.7112513780593872
YDR178W,YDL012C,0,1.3258845,0.1223732978105545,0.9715407490730286,0.7113515734672546
YBR279W,YLR150W,0,1.32512,0.12235817313194275,0.9715407490730286,0.7114517688751221
YAL028W,YGR129W,0,1.3246145,0.12234305590391159,0.9715407490730286,0.7115519642829895
YER108C,YKR072C,0,1.3245957,0.12232793867588043,0.9715407490730286,0.7116521596908569
YPR148C,YPL173W,0,1.324284,0.12231282144784927,0.9715407490730286,0.7117523550987244
YER005W,YKL032C,0,1.3241745,0.12229771167039871,0.9715407490730286,0.711852490901947
YKL002W,YHR106W,0,1.3239033,0.12228260934352875,0.9715407490730286,0.7119526863098145
YBL008W,YER178W,0,1.3234572,0.12226750701665878,0.9715407490730286,0.7120528817176819
YHR001W-A,YML016C,0,1.3228314,0.12225240468978882,0.9715407490730286,0.7121530771255493
YOR363C,YBR162C,0,1.32231,0.12223730981349945,0.9715407490730286,0.7122532725334167
YNR055C,YGR260W,0,1.3221723,0.12222222238779068,0.9715407490730286,0.7123534679412842
YJL181W,YGL058W,0,1.3211981,0.12220713496208191,0.9715407490730286,0.7124536633491516
YEL027W,YHR080C,0,1.3202454,0.12219205498695374,0.9715407490730286,0.712553858757019
YLR352W,YML111W,1,1.3190839,0.12230037897825241,0.9725220799446106,0.712553858757019
YGR103W,YHL050C,0,1.3182849,0.12228529155254364,0.9725220799446106,0.7126540541648865
YAL048C,YNL130C,0,1.318171,0.12227020412683487,0.9725220799446106,0.7127542495727539
YDL240W,YIL030C,0,1.3180071,0.1222551167011261,0.9725220799446106,0.7128544449806213
YLR167W,YHR214W,0,1.3178704,0.12224003672599792,0.9725220799446106,0.7129546403884888
YLR006C,YGR129W,0,1.3177744,0.12222496420145035,0.9725220799446106,0.7130547761917114
YDR039C,YDR257C,0,1.31739,0.12220989167690277,0.9725220799446106,0.7131549715995789
YKL191W,YIL038C,0,1.3168592,0.1221948191523552,0.9725220799446106,0.7132551670074463
YHL028W,YOR319W,0,1.3165102,0.12217975407838821,0.9725220799446106,0.7133553624153137
YPR154W,YER063W,0,1.3163569,0.12216469645500183,0.9725220799446106,0.7134555578231812
YMR063W,YKL132C,0,1.3156873,0.12214963883161545,0.9725220799446106,0.7135557532310486
YNL199C,YPL056C,0,1.3156757,0.12213458120822906,0.9725220799446106,0.713655948638916
YOL154W,YHR149C,0,1.3155769,0.12211953103542328,0.9725220799446106,0.7137561440467834
YLR426W,YDL123W,0,1.3155122,0.12210448831319809,0.9725220799446106,0.7138563394546509
YPR188C,YGR044C,0,1.3150392,0.1220894455909729,0.9725220799446106,0.7139565348625183
YNL036W,YBL072C,0,1.3135524,0.12207440286874771,0.9725220799446106,0.7140567302703857
YPL116W,YDR434W,0,1.3129122,0.12205936759710312,0.9725220799446106,0.7141569256782532
YGR129W,YNL176C,0,1.3117955,0.12204433232545853,0.9725220799446106,0.7142570614814758
YJR027W,YDL117W,0,1.310619,0.12202930450439453,0.9725220799446106,0.7143572568893433
YKL060C,YBL047C,0,1.3104929,0.12201428413391113,0.9725220799446106,0.7144574522972107
YNL233W,YOR060C,0,1.3098837,0.12199926376342773,0.9725220799446106,0.7145576477050781
YLR185W,YHR170W,0,1.3089668,0.12198424339294434,0.9725220799446106,0.7146578431129456
YDR127W,YLR384C,0,1.3084037,0.12196923047304153,0.9725220799446106,0.714758038520813
YLR411W,YFL035C-A,0,1.3081164,0.12195421755313873,0.9725220799446106,0.7148582339286804
YBR112C,YHR080C,0,1.3073637,0.12193921208381653,0.9725220799446106,0.7149584293365479
YDR545W,YGR142W,0,1.307299,0.12192421406507492,0.9725220799446106,0.7150586247444153
YGR204W,YLR352W,0,1.307295,0.12190921604633331,0.9725220799446106,0.7151588201522827
YPL126W,YMR195W,0,1.307108,0.1218942180275917,0.9725220799446106,0.7152590155601501
YPL169C,YPL061W,0,1.3064384,0.1218792274594307,0.9725220799446106,0.7153592109680176
YHR079C-B,YIR031C,0,1.3064127,0.12186423689126968,0.9725220799446106,0.7154593467712402
YIL147C,YLR292C,0,1.3063061,0.12184925377368927,0.9725220799446106,0.7155595421791077
YDL220C,YGR283C,0,1.3059516,0.12183427810668945,0.9725220799446106,0.7156597375869751
YML059C,YGR055W,0,1.3059115,0.12181930243968964,0.9725220799446106,0.7157599329948425
YKL134C,YGL171W,0,1.3051953,0.12180432677268982,0.9725220799446106,0.71586012840271
YCL068C,YDR407C,0,1.3045614,0.1217893585562706,0.9725220799446106,0.7159603238105774
YAR033W,YLL014W,0,1.3043756,0.12177439033985138,0.9725220799446106,0.7160605192184448
YLR067C,YGL127C,0,1.3037026,0.12175942957401276,0.9725220799446106,0.7161607146263123
YLR426W,YER040W,0,1.3035989,0.12174446880817413,0.9725220799446106,0.7162609100341797
YKL110C,YDR004W,0,1.302377,0.12172951549291611,0.9725220799446106,0.7163611054420471
YHR142W,YGR224W,0,1.3021226,0.12171456962823868,0.9725220799446106,0.7164613008499146
YFL026W,YPL021W,0,1.3007733,0.12169961631298065,0.9725220799446106,0.716561496257782
YDR469W,YJR052W,0,1.3006481,0.12168467789888382,0.9725220799446106,0.7166616320610046
YNL214W,YDL211C,0,1.3005247,0.12166973948478699,0.9725220799446106,0.7167618274688721
YDR367W,YOR252W,0,1.2993462,0.12165480107069016,0.9725220799446106,0.7168620228767395
YLR167W,YBL038W,0,1.2985687,0.12163987010717392,0.9725220799446106,0.7169622182846069
YGR030C,YGL049C,0,1.2972133,0.12162493914365768,0.9725220799446106,0.7170624136924744
YNL214W,YAL068C,0,1.2971904,0.12161001563072205,0.9725220799446106,0.7171626091003418
YHR165C,YHR033W,0,1.2960067,0.12159509211778641,0.9725220799446106,0.7172628045082092
YLR220W,YBR193C,0,1.2954452,0.12158017605543137,0.9725220799446106,0.7173629999160767
YGL058W,YPL161C,0,1.2950627,0.12156525999307632,0.9725220799446106,0.7174631953239441
YDR343C,YMR118C,0,1.295004,0.12155035138130188,0.9725220799446106,0.7175633907318115
YNL094W,YJL216C,0,1.2944535,0.12153544276952744,0.9725220799446106,0.717663586139679
YPR106W,YLL053C,0,1.292697,0.12152054160833359,0.9725220799446106,0.7177637219429016
YML107C,YFL035C-B,0,1.2925216,0.12150564044713974,0.9725220799446106,0.717863917350769
YHL026C,YNL118C,0,1.2917409,0.12149074673652649,0.9725220799446106,0.7179641127586365
YMR215W,YBR107C,0,1.2909592,0.12147585302591324,0.9725220799446106,0.7180643081665039
YDL230W,YEL032W,0,1.2908888,0.12146096676588058,0.9725220799446106,0.7181645035743713
YKL134C,YJL069C,0,1.2908384,0.12144608050584793,0.9725220799446106,0.7182646989822388
YDR367W,YDR002W,0,1.2907147,0.12143119424581528,0.9725220799446106,0.7183648943901062
YDL235C,YJR042W,0,1.2893536,0.12141632288694382,0.9725220799446106,0.7184650897979736
YNR053C,YDR438W,0,1.288181,0.12140144407749176,0.9725220799446106,0.7185652852058411
YGR024C,YPL006W,0,1.2862703,0.1213865727186203,0.9725220799446106,0.7186654806137085
YOR156C,YLR058C,0,1.2862259,0.12137170881032944,0.9725220799446106,0.7187656760215759
YLR466W,YCR038C,0,1.2859727,0.12135684490203857,0.9725220799446106,0.7188658714294434
YPR180W,YDL012C,0,1.2857922,0.12134198844432831,0.9725220799446106,0.718966007232666
YHR197W,YGL105W,0,1.2854298,0.12132713198661804,0.9725220799446106,0.7190662026405334
YOR129C,YNR037C,0,1.2853835,0.12131227552890778,0.9725220799446106,0.7191663980484009
YIL148W,YDL134C,0,1.2845988,0.1212974265217781,0.9725220799446106,0.7192665934562683
YDR041W,YPL076W,0,1.284466,0.12128258496522903,0.9725220799446106,0.7193667888641357
YFL061W,YJL026W,0,1.2839997,0.12126774340867996,0.9725220799446106,0.7194669842720032
YPR110C,YER032W,0,1.283855,0.12125290930271149,0.9725220799446106,0.7195671796798706
YML120C,YDR513W,0,1.2826804,0.12123807519674301,0.9725220799446106,0.719667375087738
YBL100W-B,YGL045W,0,1.2824547,0.12122324109077454,0.9725220799446106,0.7197675704956055
YOR101W,YHR037W,0,1.2824302,0.12120841443538666,0.9725220799446106,0.7198677659034729
YHR205W,YLL018C-A,0,1.2818873,0.12119359523057938,0.9725220799446106,0.7199679613113403
YMR076C,YCR005C,0,1.280945,0.1211787760257721,0.9725220799446106,0.7200681567192078
YCR107W,YBR016W,0,1.2805909,0.12116395682096481,0.9725220799446106,0.7201682925224304
YOR065W,YDL145C,0,1.280226,0.12114914506673813,0.9725220799446106,0.7202684879302979
YML055W,YHR193C,0,1.2799627,0.12113433331251144,0.9725220799446106,0.7203686833381653
YDR515W,YNL024C,0,1.2796066,0.12111952900886536,0.9725220799446106,0.7204688787460327
YER038C,YJL216C,0,1.2792826,0.12110473215579987,0.9725220799446106,0.7205690741539001
YPR067W,YBR085W,0,1.2786534,0.12108992785215378,0.9725220799446106,0.7206692695617676
YOL126C,YER005W,0,1.2784829,0.12107513844966888,0.9725220799446106,0.720769464969635
YER014W,YGR060W,0,1.2779232,0.12106034904718399,0.9725220799446106,0.7208696603775024
YGR193C,YOR335C,0,1.2776084,0.1210455596446991,0.9725220799446106,0.7209698557853699
YOR081C,YMR237W,0,1.2775958,0.1210307776927948,0.9725220799446106,0.7210700511932373
YFL026W,YDL076C,0,1.277432,0.1210159957408905,0.9725220799446106,0.7211702466011047
YNL263C,YKR095W-A,0,1.2774122,0.1210012212395668,0.9725220799446106,0.7212704420089722
YKR075C,YPL145C,0,1.2773569,0.1209864467382431,0.9725220799446106,0.7213705778121948
YLL066C,YDR075W,0,1.2773513,0.1209716796875,0.9725220799446106,0.7214707732200623
YHR103W,YJL045W,0,1.2770896,0.1209569126367569,0.9725220799446106,0.7215709686279297
YDR469W,YFR030W,0,1.276706,0.12094215303659439,0.9725220799446106,0.7216711640357971
YGL129C,YDL031W,0,1.2762944,0.12092739343643188,0.9725220799446106,0.7217713594436646
YOR068C,YBL008W,0,1.276037,0.12091264128684998,0.9725220799446106,0.721871554851532
YDR213W,YMR015C,0,1.2758398,0.12089788913726807,0.9725220799446106,0.7219717502593994
YJL026W,YKR077W,0,1.2754599,0.12088314443826675,0.9725220799446106,0.7220719456672668
YBL072C,YGL240W,0,1.2747715,0.12086839973926544,0.9725220799446106,0.7221721410751343
YJL045W,YOL011W,0,1.274623,0.12085365504026413,0.9725220799446106,0.7222723364830017
YPL215W,YDR343C,0,1.2743156,0.12083892524242401,0.9725220799446106,0.7223725318908691
YDR041W,YMR322C,0,1.2741339,0.1208241879940033,0.9725220799446106,0.7224727272987366
YER031C,YKL150W,0,1.2737883,0.12080945819616318,0.9725220799446106,0.7225728631019592
YER108C,YHR106W,0,1.2737769,0.12079473584890366,0.9725220799446106,0.7226730585098267
YGR046W,YGR165W,0,1.2736084,0.12078001350164413,0.9725220799446106,0.7227732539176941
YER143W,YIL017W,1,1.2734706,0.1208871528506279,0.9735034108161926,0.7227732539176941
YLR006C,YHR005C,0,1.2732791,0.12087242305278778,0.9735034108161926,0.7228734493255615
YNL068C,YBR162C,0,1.2727282,0.12085770070552826,0.9735034108161926,0.722973644733429
YBR211C,YJR120W,0,1.270596,0.12084297835826874,0.9735034108161926,0.7230738401412964
YBR279W,YHR142W,0,1.2699667,0.12082825601100922,0.9735034108161926,0.7231740355491638
YFL025C,YML097C,1,1.269517,0.12093532830476761,0.9744848012924194,0.7231740355491638
YNL318C,YNL288W,0,1.269472,0.12092060595750809,0.9744848012924194,0.7232742309570312
YMR081C,YDL105W,0,1.2694297,0.12090588361024857,0.9744848012924194,0.7233744263648987
YML081W,YMR237W,0,1.2690554,0.12089116126298904,0.9744848012924194,0.7234746217727661
YDR345C,YML076C,0,1.2689817,0.12087644636631012,0.9744848012924194,0.7235748171806335
YHR204W,YMR149W,0,1.268409,0.1208617314696312,0.9744848012924194,0.7236749529838562
YEL018W,YOR079C,0,1.2679688,0.12084702402353287,0.9744848012924194,0.7237751483917236
YCR105W,YDR434W,0,1.2678206,0.12083231657743454,0.9744848012924194,0.7238753437995911
YMR059W,YBL091C,0,1.2672485,0.12081761658191681,0.9744848012924194,0.7239755392074585
YJL096W,YLR044C,0,1.2671881,0.12080291658639908,0.9744848012924194,0.7240757346153259
YOL023W,YDL076C,0,1.267067,0.12078822404146194,0.9744848012924194,0.7241759300231934
YBR254C,YHR079C-B,0,1.2665497,0.12077353149652481,0.9744848012924194,0.7242761254310608
YDR292C,YFL018W-A,0,1.266206,0.12075884640216827,0.9744848012924194,0.7243763208389282
YML098W,YBL063W,0,1.2660644,0.12074416130781174,0.9744848012924194,0.7244765162467957
YDR367W,YGL240W,0,1.2652867,0.1207294836640358,0.9744848012924194,0.7245767116546631
YAL019W,YPL262W,0,1.2652309,0.12071480602025986,0.9744848012924194,0.7246769070625305
YGL067W,YML086C,0,1.2642769,0.12070013582706451,0.9744848012924194,0.724777102470398
YGL076C,YPR120C,0,1.2638835,0.12068546563386917,0.9744848012924194,0.7248772382736206
YOL023W,YGR245C,0,1.263525,0.12067079544067383,0.9744848012924194,0.724977433681488
YJL021C,YDL154W,0,1.2635177,0.12065613269805908,0.9744848012924194,0.7250776290893555
YNL029C,YGR260W,0,1.2634873,0.12064147740602493,0.9744848012924194,0.7251778244972229
YFL005W,YCR065W,0,1.2623128,0.12062682211399078,0.9744848012924194,0.7252780199050903
YLR075W,YJL197W,0,1.2623079,0.12061216682195663,0.9744848012924194,0.7253782153129578
YMR118C,YLR067C,0,1.2611098,0.12059751898050308,0.9744848012924194,0.7254784107208252
YLR185W,YPL171C,0,1.2610134,0.12058287858963013,0.9744848012924194,0.7255786061286926
YDR367W,YKL029C,0,1.2608355,0.12056823819875717,0.9744848012924194,0.7256788015365601
YIL119C,YOR032C,0,1.2590486,0.12055359780788422,0.9744848012924194,0.7257789969444275
YJR027W,YMR226C,0,1.2589726,0.12053896486759186,0.9744848012924194,0.7258791923522949
YHR009C,YGR007W,0,1.2584147,0.1205243319272995,0.9744848012924194,0.7259793877601624
YOR252W,YJR049C,0,1.256516,0.12050970643758774,0.9744848012924194,0.726079523563385
YNR032C-A,YGL171W,0,1.2563797,0.12049508839845657,0.9744848012924194,0.7261797189712524
YBR180W,YDL031W,0,1.2563467,0.12048046290874481,0.9744848012924194,0.7262799143791199
YDL160C,YLR411W,0,1.2550645,0.12046585232019424,0.9744848012924194,0.7263801097869873
YKL048C,YOR249C,0,1.2545364,0.12045123428106308,0.9744848012924194,0.7264803051948547
YNL328C,YLR060W,0,1.253315,0.12043663114309311,0.9744848012924194,0.7265805006027222
YLR234W,YHR110W,0,1.253245,0.12042202055454254,0.9744848012924194,0.7266806960105896
YJR132W,YCR086W,0,1.2529699,0.12040741741657257,0.9744848012924194,0.726780891418457
YHR154W,YOR019W,0,1.2529244,0.1203928217291832,0.9744848012924194,0.7268810868263245
YLR044C,YOR330C,0,1.2528108,0.12037822604179382,0.9744848012924194,0.7269812822341919
YHR001W-A,YEL044W,0,1.2527368,0.12036363780498505,0.9744848012924194,0.7270814776420593
YDR397C,YIL062C,0,1.2509153,0.12034904956817627,0.9744848012924194,0.7271816730499268
YOR172W,YGL171W,0,1.2506328,0.12033446133136749,0.9744848012924194,0.7272818088531494
YBR016W,YOR330C,0,1.250251,0.12031988054513931,0.9744848012924194,0.7273820042610168
YMR158W,YBR112C,0,1.2501554,0.12030530720949173,0.9744848012924194,0.7274821996688843
YKR064W,YGR017W,0,1.2497445,0.12029073387384415,0.9744848012924194,0.7275823950767517
YOR119C,YDR028C,0,1.2496914,0.12027616053819656,0.9744848012924194,0.7276825904846191
YBR023C,YDL123W,0,1.2495859,0.12026159465312958,0.9744848012924194,0.7277827858924866
YOR316C,YHL026C,0,1.2487407,0.12024703621864319,0.9744848012924194,0.727882981300354
YLR360W,YDL190C,1,1.2480911,0.12035355716943741,0.9754661321640015,0.727882981300354
YLR367W,YNR053C,0,1.2476091,0.12033898383378983,0.9754661321640015,0.7279831767082214
YNL031C,YER139C,0,1.2466422,0.12032441794872284,0.9754661321640015,0.7280833721160889
YOR101W,YGL105W,0,1.2450844,0.12030985206365585,0.9754661321640015,0.7281835675239563
YPR173C,YBL072C,0,1.2445608,0.12029529362916946,0.9754661321640015,0.7282837629318237
YER108C,YDR168W,0,1.2442648,0.12028073519468307,0.9754661321640015,0.7283839583396912
YPL004C,YEL039C,0,1.244059,0.12026618421077728,0.9754661321640015,0.7284840941429138
YGL028C,YLR313C,0,1.2436184,0.12025163322687149,0.9754661321640015,0.7285842895507812
YKL029C,YLR060W,0,1.2433301,0.1202370896935463,0.9754661321640015,0.7286844849586487
YKL026C,YIL033C,0,1.2428191,0.1202225461602211,0.9754661321640015,0.7287846803665161
YOL122C,YDL123W,0,1.2424875,0.1202080026268959,0.9754661321640015,0.7288848757743835
YKL145W,YFL035C-A,0,1.2423265,0.1201934739947319,0.9754661321640015,0.728985071182251
YDR359C,YHR020W,0,1.2421116,0.1201789379119873,0.9754661321640015,0.7290852665901184
YAL056W,YKL138C,0,1.2412324,0.1201644092798233,0.9754661321640015,0.7291854619979858
YDR098C,YBR090C-A,0,1.24003,0.1201498880982399,0.9754661321640015,0.7292856574058533
YPL193W,YOL116W,0,1.2397243,0.1201353669166565,0.9754661321640015,0.7293858528137207
YCL029C,YML081W,0,1.2391998,0.12012084573507309,0.9754661321640015,0.7294860482215881
YOR032C,YPR131C,0,1.2390946,0.12010633200407028,0.9754661321640015,0.7295861840248108
YIL064W,YEL019C,0,1.2390099,0.12009181827306747,0.9754661321640015,0.7296863794326782
YBR248C,YPL161C,0,1.238887,0.12007731199264526,0.9754661321640015,0.7297865748405457
YGR004W,YHL026C,0,1.2387558,0.12006281316280365,0.9754661321640015,0.7298867702484131
YLR223C,YGR005C,0,1.2387385,0.12004830688238144,0.9754661321640015,0.7299869656562805
YLR118C,YCR063W,0,1.2378569,0.12003381550312042,0.9754661321640015,0.730087161064148
YER014W,YGR165W,0,1.2378252,0.12001931667327881,0.9754661321640015,0.7301873564720154
YDR041W,YNL194C,0,1.2376444,0.12000483274459839,0.9754661321640015,0.7302875518798828
YKR075C,YDR516C,0,1.2373016,0.11999034136533737,0.9754661321640015,0.7303877472877502
YLR361C,YNL180C,0,1.2364266,0.11997585743665695,0.9754661321640015,0.7304879426956177
YGL243W,YHR096C,0,1.235559,0.11996138095855713,0.9754661321640015,0.7305881381034851
YEL006W,YMR133W,0,1.2351534,0.1199469044804573,0.9754661321640015,0.7306883335113525
YDR160W,YDR045C,0,1.2351198,0.11993243545293808,0.9754661321640015,0.7307884693145752
YBL013W,YFL011W,0,1.2322532,0.11991796642541885,0.9754661321640015,0.7308886647224426
YDR430C,YNL142W,0,1.231605,0.11990349739789963,0.9754661321640015,0.7309888601303101
YDR377W,YOR247W,0,1.2309937,0.119889035820961,0.9754661321640015,0.7310890555381775
YGL063W,YMR195W,0,1.2306192,0.11987457424402237,0.9754661321640015,0.7311892509460449
YLL067C,YGL127C,0,1.2305958,0.11986012011766434,0.9754661321640015,0.7312894463539124
YLL066C,YER123W,0,1.2303498,0.1198456734418869,0.9754661321640015,0.7313896417617798
YPL248C,YHR079C-B,0,1.2303295,0.11983122676610947,0.9754661321640015,0.7314898371696472
YAL059W,YNL288W,0,1.2301815,0.11981678009033203,0.9754661321640015,0.7315900325775146
YDL240W,YOR250C,0,1.2298783,0.11980234086513519,0.9754661321640015,0.7316902279853821
YGL243W,YGR004W,0,1.229755,0.11978790163993835,0.9754661321640015,0.7317904233932495
YPL116W,YKR031C,0,1.2294967,0.11977346986532211,0.9754661321640015,0.7318906188011169
YDR300C,YJL216C,0,1.228945,0.11975903809070587,0.9754661321640015,0.7319907546043396
YBR046C,YML133C,0,1.2286179,0.11974460631608963,0.9754661321640015,0.732090950012207
YMR225C,YGL195W,0,1.227764,0.11973018199205399,0.9754661321640015,0.7321911454200745
YML101C,YLR011W,0,1.2274592,0.11971576511859894,0.9754661321640015,0.7322913408279419
YEL020W-A,YBR016W,0,1.2274426,0.11970134824514389,0.9754661321640015,0.7323915362358093
YML107C,YGR083C,0,1.2263083,0.11968693882226944,0.9754661321640015,0.7324917316436768
YIL106W,YJL069C,0,1.2261692,0.11967252939939499,0.9754661321640015,0.7325919270515442
YJR132W,YIL064W,0,1.2257996,0.11965811997652054,0.9754661321640015,0.7326921224594116
YER021W,YEL019C,1,1.2252879,0.11976408213376999,0.9764475226402283,0.7326921224594116
YHR139C,YNR071C,0,1.2251418,0.11974967271089554,0.9764475226402283,0.732792317867279
YKL138C-A,YGL198W,0,1.2245047,0.11973525583744049,0.9764475226402283,0.7328925132751465
YPR068C,YFR053C,0,1.2234721,0.11972085386514664,0.9764475226402283,0.7329927086830139
YOR002W,YMR110C,0,1.2234535,0.11970645189285278,0.9764475226402283,0.7330929040908813
YMR230W,YLL067C,0,1.222695,0.11969204992055893,0.9764475226402283,0.733193039894104
YPR105C,YKL080W,0,1.2223521,0.11967765539884567,0.9764475226402283,0.7332932353019714
YLR085C,YGL139W,0,1.2223223,0.11966326087713242,0.9764475226402283,0.7333934307098389
YPL058C,YDL046W,0,1.2210748,0.11964886635541916,0.9764475226402283,0.7334936261177063
YJL078C,YNL132W,0,1.2210685,0.1196344867348671,0.9764475226402283,0.7335938215255737
YHR197W,YPL075W,0,1.2207305,0.11962009966373444,0.9764475226402283,0.7336940169334412
YGR060W,YBR034C,0,1.2203143,0.11960572004318237,0.9764475226402283,0.7337942123413086
YDR377W,YER060W,0,1.219609,0.11959134787321091,0.9764475226402283,0.733894407749176
YKL063C,YIL008W,0,1.218982,0.11957697570323944,0.9764475226402283,0.7339946031570435
YIL014W,YDR217C,0,1.2182909,0.11956260353326797,0.9764475226402283,0.7340947985649109
YPL183C,YLR466W,0,1.2182341,0.1195482388138771,0.9764475226402283,0.7341949939727783
YNL167C,YJL021C,0,1.2182252,0.11953388154506683,0.9764475226402283,0.7342951893806458
YHL031C,YGL018C,0,1.2175262,0.11951951682567596,0.9764475226402283,0.7343953251838684
YJR123W,YER102W,0,1.2174678,0.11950516700744629,0.9764475226402283,0.7344955205917358
YOR192C,YNL173C,0,1.2163862,0.11949080973863602,0.9764475226402283,0.7345957159996033
YIL009W,YGL045W,0,1.2162155,0.11947646737098694,0.9764475226402283,0.7346959114074707
YNL317W,YOR335C,0,1.2161448,0.11946211755275726,0.9764475226402283,0.7347961068153381
YGL167C,YDR021W,0,1.2157731,0.11944778263568878,0.9764475226402283,0.7348963022232056
YMR076C,YDL134C-A,0,1.2156134,0.1194334402680397,0.9764475226402283,0.734996497631073
YLR058C,YMR091C,0,1.2147069,0.11941910535097122,0.9764475226402283,0.7350966930389404
YDR227W,YDR045C,0,1.2146605,0.11940477788448334,0.9764475226402283,0.7351968884468079
YDL081C,YNL130C,0,1.214634,0.11939045041799545,0.9764475226402283,0.7352970838546753
YBR034C,YPR199C,0,1.2142367,0.11937612295150757,0.9764475226402283,0.7353972792625427
YKL045W,YOR195W,0,1.2139636,0.11936180293560028,0.9764475226402283,0.7354974746704102
YLR060W,YDL117W,0,1.2138293,0.11934749037027359,0.9764475226402283,0.7355976104736328
YKR095W-A,YKL006W,0,1.2137326,0.1193331703543663,0.9764475226402283,0.7356978058815002
YPL262W,YDR397C,0,1.2132881,0.11931886523962021,0.9764475226402283,0.7357980012893677
YCR031C,YNR055C,0,1.2132158,0.11930455267429352,0.9764475226402283,0.7358981966972351
YLR426W,YHL021C,0,1.211812,0.11929025501012802,0.9764475226402283,0.7359983921051025
YOL098C,YDR075W,0,1.2118038,0.11927594989538193,0.9764475226402283,0.73609858751297
YKL192C,YHL021C,0,1.2109023,0.11926165968179703,0.9764475226402283,0.7361987829208374
YDR045C,YLR363C,0,1.2103959,0.11924736201763153,0.9764475226402283,0.7362989783287048
YOR358W,YLR200W,0,1.2102048,0.11923307180404663,0.9764475226402283,0.7363991737365723
YIL037C,YMR040W,0,1.2096031,0.11921878904104233,0.9764475226402283,0.7364993691444397
YLR258W,YMR002W,0,1.208989,0.11920450627803802,0.9764475226402283,0.7365995645523071
YGL018C,YBR100W,0,1.2087839,0.11919022351503372,0.9764475226402283,0.7366997003555298
YJR132W,YDR292C,0,1.2087097,0.11917594820261002,0.9764475226402283,0.7367998957633972
YDL093W,YHR158C,0,1.2086637,0.1191616803407669,0.9764475226402283,0.7369000911712646
YNL247W,YGL219C,0,1.2084354,0.1191474050283432,0.9764475226402283,0.7370002865791321
YGR205W,YER072W,0,1.2080691,0.11913314461708069,0.9764475226402283,0.7371004819869995
YJR109C,YJL208C,0,1.2071799,0.11911887675523758,0.9764475226402283,0.7372006773948669
YHR185C,YDR516C,0,1.2070403,0.11910462379455566,0.9764475226402283,0.7373008728027344
YJR132W,YPL049C,0,1.2069151,0.11909036338329315,0.9764475226402283,0.7374010682106018
YBL100W-B,YCR044C,0,1.2068745,0.11907611042261124,0.9764475226402283,0.7375012636184692
YIL030C,YML127W,0,1.206457,0.11906186491250992,0.9764475226402283,0.7376014590263367
YNL194C,YCL064C,0,1.2053022,0.1190476194024086,0.9764475226402283,0.7377016544342041
YNL041C,YLR054C,0,1.2052951,0.11903337389230728,0.9764475226402283,0.7378018498420715
YHR073W,YPR068C,0,1.205185,0.11901913583278656,0.9764475226402283,0.7379019856452942
YPR100W,YBR100W,0,1.2046955,0.11900490522384644,0.9764475226402283,0.7380021810531616
YER031C,YBR208C,0,1.2040935,0.11899067461490631,0.9764475226402283,0.738102376461029
YJR084W,YML133C,0,1.2038684,0.11897644400596619,0.9764475226402283,0.7382025718688965
YDR323C,YHR079C-B,0,1.2035869,0.11896222084760666,0.9764475226402283,0.7383027672767639
YLL016W,YGR030C,0,1.2034488,0.11894799768924713,0.9764475226402283,0.7384029626846313
YPL198W,YHR090C,0,1.2033324,0.1189337819814682,0.9764475226402283,0.7385031580924988
YPL193W,YPL040C,0,1.2029631,0.11891956627368927,0.9764475226402283,0.7386033535003662
YPL049C,YDL223C,0,1.2026443,0.11890535056591034,0.9764475226402283,0.7387035489082336
YLR347C,YNL076W,0,1.2026165,0.118891142308712,0.9764475226402283,0.7388037443161011
YJL181W,YMR149W,0,1.2025585,0.11887694150209427,0.9764475226402283,0.7389039397239685
YOR193W,YKL134C,0,1.202107,0.11886274069547653,0.9764475226402283,0.7390041351318359
YJL181W,YAL068C,0,1.2020605,0.1188485398888588,0.9764475226402283,0.7391042709350586
YLL024C,YPR003C,0,1.2016784,0.11883434653282166,0.9764475226402283,0.739204466342926
YOR018W,YDR160W,0,1.2008139,0.11882016062736511,0.9764475226402283,0.7393046617507935
YMR175W,YKL134C,0,1.2000612,0.11880596727132797,0.9764475226402283,0.7394048571586609
YPR007C,YNL036W,0,1.1994061,0.11879178881645203,0.9764475226402283,0.7395050525665283
YLR432W,YLR288C,0,1.198792,0.11877760291099548,0.9764475226402283,0.7396052479743958
YNR048W,YDR300C,0,1.1987541,0.11876342445611954,0.9764475226402283,0.7397054433822632
YIL064W,YFL026W,0,1.197859,0.11874925345182419,0.9764475226402283,0.7398056387901306
YKL150W,YIL018W,0,1.1974653,0.11873508244752884,0.9764475226402283,0.739905834197998
YKL002W,YJR096W,0,1.1971958,0.11872091889381409,0.9764475226402283,0.7400060296058655
YLL067C,YNL111C,0,1.1970226,0.11870675534009933,0.9764475226402283,0.7401062250137329
YPL140C,YBR090C-A,0,1.1968869,0.11869259178638458,0.9764475226402283,0.7402064204216003
YDL235C,YDL134C-A,0,1.1968287,0.11867843568325043,0.9764475226402283,0.740306556224823
YJL026W,YDL102W,0,1.1965731,0.11866427958011627,0.9764475226402283,0.7404067516326904
YOR065W,YDR292C,0,1.1955247,0.11865013092756271,0.9764475226402283,0.7405069470405579
YKL060C,YMR002W,0,1.19542,0.11863598227500916,0.9764475226402283,0.7406071424484253
YPL193W,YOL051W,0,1.1953719,0.1186218410730362,0.9764475226402283,0.7407073378562927
YJL021C,YEL027W,0,1.1952635,0.11860769987106323,0.9764475226402283,0.7408075332641602
YPL171C,YNL318C,0,1.1952268,0.11859356611967087,0.9764475226402283,0.7409077286720276
YOR380W,YKL029C,0,1.1951938,0.1185794323682785,0.9764475226402283,0.741007924079895
YDR441C,YNL029C,0,1.1951479,0.11856529861688614,0.9764475226402283,0.7411081194877625
YDR021W,YGR122W,0,1.1946796,0.11855117231607437,0.9764475226402283,0.7412083148956299
YLR215C,YPR034W,0,1.19415,0.1185370534658432,0.9764475226402283,0.7413085103034973
YDL098C,YKL134C,0,1.1939086,0.11852292716503143,0.9764475226402283,0.7414087057113647
YBR180W,YAL026C,0,1.1937478,0.11850881576538086,0.9764475226402283,0.7415088415145874
YDL012C,YNL278W,0,1.1937371,0.11849469691514969,0.9764475226402283,0.7416090369224548
YDL124W,YLR055C,0,1.1925762,0.11848059296607971,0.9764475226402283,0.7417092323303223
YOR236W,YHL050C,0,1.1924756,0.11846648156642914,0.9764475226402283,0.7418094277381897
YNL031C,YGR245C,0,1.192459,0.11845237761735916,0.9764475226402283,0.7419096231460571
YDL240W,YJL212C,0,1.1919554,0.11843828111886978,0.9764475226402283,0.7420098185539246
YGL028C,YDR284C,0,1.191801,0.1184241846203804,0.9764475226402283,0.742110013961792
YMR048W,YDR110W,0,1.191595,0.11841008812189102,0.9764475226402283,0.7422102093696594
YML059C,YBR078W,0,1.1914723,0.11839599907398224,0.9764475226402283,0.7423104047775269
YNL048W,YGR122W,0,1.1911443,0.11838191747665405,0.9764475226402283,0.7424106001853943
YBL007C,YDR243C,0,1.1904805,0.11836783587932587,0.9764475226402283,0.7425107955932617
YIR026C,YOR271C,0,1.1903117,0.11835375428199768,0.9764475226402283,0.7426109313964844
YOR189W,YOR065W,0,1.1899854,0.11833968013525009,0.9764475226402283,0.7427111268043518
YDL072C,YHR185C,0,1.1891403,0.1183256059885025,0.9764475226402283,0.7428113222122192
YFR031C-A,YJL208C,0,1.1885912,0.11831153184175491,0.9764475226402283,0.7429115176200867
YLR426W,YER081W,0,1.1885792,0.11829746514558792,0.9764475226402283,0.7430117130279541
YAL015C,YCL064C,0,1.188298,0.11828340590000153,0.9764475226402283,0.7431119084358215
YJL162C,YLR442C,0,1.1881996,0.11826934665441513,0.9764475226402283,0.743212103843689
YBL035C,YHL003C,0,1.1879321,0.11825528740882874,0.9764475226402283,0.7433122992515564
YLR052W,YER102W,0,1.1875291,0.11824123561382294,0.9764475226402283,0.7434124946594238
YKL043W,YFR049W,0,1.1873839,0.11822718381881714,0.9764475226402283,0.7435126900672913
YPR143W,YNR033W,0,1.1866715,0.11821313947439194,0.9764475226402283,0.7436128854751587
YDR256C,YNR071C,0,1.1863989,0.11819909512996674,0.9764475226402283,0.7437130808830261
YNL233W,YNL180C,0,1.1862351,0.11818505823612213,0.9764475226402283,0.7438132166862488
YLR143W,YPL097W,0,1.1860847,0.11817102134227753,0.9764475226402283,0.7439134120941162
YCR045C,YNR071C,0,1.1856781,0.11815699189901352,0.9764475226402283,0.7440136075019836
YDR023W,YDR041W,0,1.1856232,0.11814296245574951,0.9764475226402283,0.7441138029098511
YMR161W,YIL017W,1,1.1855394,0.11824765801429749,0.9774288535118103,0.7441138029098511
YJR035W,YDR041W,0,1.1851959,0.11823362112045288,0.9774288535118103,0.7442139983177185
YGL194C,YBR121C,0,1.184615,0.11821958422660828,0.9774288535118103,0.7443141937255859
YPL130W,YLL053C,0,1.1844705,0.11820555478334427,0.9774288535118103,0.7444143891334534
YOL132W,YCR035C,0,1.1840837,0.11819152534008026,0.9774288535118103,0.7445145845413208
YFL026W,YPR180W,0,1.1840442,0.11817750334739685,0.9774288535118103,0.7446147799491882
YMR207C,YML055W,0,1.1838088,0.11816348135471344,0.9774288535118103,0.7447149753570557
YBL035C,YCL001W,0,1.183632,0.11814946681261063,0.9774288535118103,0.7448151707649231
YJL180C,YKR072C,0,1.1835247,0.11813545227050781,0.9774288535118103,0.7449153661727905
YMR262W,YBR112C,0,1.1819293,0.1181214451789856,0.9774288535118103,0.7450155019760132
YGR129W,YOL051W,0,1.1818998,0.11810743808746338,0.9774288535118103,0.7451156973838806
YPR175W,YOR109W,0,1.1817027,0.11809343099594116,0.9774288535118103,0.745215892791748
YIL156W,YBR015C,0,1.1815717,0.11807943135499954,0.9774288535118103,0.7453160881996155
YJL021C,YPL161C,0,1.1814381,0.11806543171405792,0.9774288535118103,0.7454162836074829
YMR274C,YGR165W,0,1.1813855,0.1180514395236969,0.9774288535118103,0.7455164790153503
YOR001W,YDL139C,0,1.1813555,0.11803744733333588,0.9774288535118103,0.7456166744232178
YBR119W,YNL111C,0,1.1809187,0.11802346259355545,0.9774288535118103,0.7457168698310852
YBR054W,YBL100W-B,0,1.1808956,0.11800947785377502,0.9774288535118103,0.7458170652389526
YHR079C-B,YNL063W,0,1.1798109,0.1179955005645752,0.9774288535118103,0.7459172606468201
YCR065W,YER093C,0,1.1785326,0.11798152327537537,0.9774288535118103,0.7460174560546875
YGL006W,YDR244W,0,1.1772826,0.11796754598617554,0.9774288535118103,0.7461176514625549
YHR185C,YOR019W,0,1.1765995,0.1179535761475563,0.9774288535118103,0.7462177872657776
YML133C,YGR283C,0,1.1764896,0.11793960630893707,0.9774288535118103,0.746317982673645
YLR426W,YIL018W,0,1.1762755,0.11792564392089844,0.9774288535118103,0.7464181780815125
YIL022W,YIL008W,0,1.1756793,0.1179116815328598,0.9774288535118103,0.7465183734893799
YMR205C,YGR129W,0,1.1754897,0.11789772659540176,0.9774288535118103,0.7466185688972473
YGL063W,YGL049C,0,1.17516,0.11788377165794373,0.9774288535118103,0.7467187643051147
YFL025C,YLR128W,1,1.1740537,0.11798816919326782,0.9784101843833923,0.7467187643051147
YPR134W,YDL119C,0,1.1739928,0.11797420680522919,0.9784101843833923,0.7468189597129822
YGR266W,YMR177W,0,1.1734477,0.11796024441719055,0.9784101843833923,0.7469191551208496
YLR234W,YPL235W,0,1.1733391,0.11794628947973251,0.9784101843833923,0.747019350528717
YIL017W,YER151C,1,1.1731423,0.11805062741041183,0.9793915748596191,0.747019350528717
YOR018W,YJL083W,0,1.173033,0.1180366650223732,0.9793915748596191,0.7471195459365845
YGL240W,YER125W,1,1.1724393,0.11814096570014954,0.9803729057312012,0.7471195459365845
YOR049C,YDR365C,0,1.1720667,0.1181269958615303,0.9803729057312012,0.7472197413444519
YDL189W,YML059C,0,1.1703814,0.11811302602291107,0.9803729057312012,0.7473199367523193
YML120C,YBR090C-A,0,1.1702591,0.11809906363487244,0.9803729057312012,0.747420072555542
YFR016C,YLR315W,0,1.1699501,0.1180851086974144,0.9803729057312012,0.7475202679634094
YGR245C,YBR100W,0,1.1683209,0.11807114630937576,0.9803729057312012,0.7476204633712769
YOR091W,YIR004W,0,1.1678642,0.11805719882249832,0.9803729057312012,0.7477206587791443
YNL240C,YBL025W,0,1.1666496,0.11804324388504028,0.9803729057312012,0.7478208541870117
YGR217W,YBR162C,0,1.1659428,0.11802930384874344,0.9803729057312012,0.7479210495948792
YHL028W,YPL233W,0,1.1656404,0.118015356361866,0.9803729057312012,0.7480212450027466
YHL038C,YNR071C,0,1.1655159,0.11800141632556915,0.9803729057312012,0.748121440410614
YDR377W,YNL132W,0,1.1648668,0.1179874837398529,0.9803729057312012,0.7482216358184814
YGR060W,YLR196W,0,1.1645327,0.11797355115413666,0.9803729057312012,0.7483218312263489
YBL056W,YIL009W,0,1.1640409,0.11795961856842041,0.9803729057312012,0.7484220266342163
YMR192W,YDR513W,0,1.1638935,0.11794569343328476,0.9803729057312012,0.748522162437439
YJL179W,YJL196C,0,1.1622295,0.11793176829814911,0.9803729057312012,0.7486223578453064
YER108C,YLL014W,0,1.1617019,0.11791785061359406,0.9803729057312012,0.7487225532531738
YMR175W,YDR178W,0,1.1613339,0.117903932929039,0.9803729057312012,0.7488227486610413
YFL035C-B,YPL146C,0,1.1609092,0.11789001524448395,0.9803729057312012,0.7489229440689087
YFR024C,YGR004W,0,1.1605611,0.11787610501050949,0.9803729057312012,0.7490231394767761
YBR016W,YDR234W,0,1.160496,0.11786220222711563,0.9803729057312012,0.7491233348846436
YHL017W,YKL051W,0,1.1600974,0.11784829199314117,0.9803729057312012,0.749223530292511
YFR024C,YEL018W,0,1.1593523,0.11783439666032791,0.9803729057312012,0.7493237257003784
YML098W,YLR175W,0,1.1580272,0.11782050132751465,0.9803729057312012,0.7494239211082458
YPL116W,YDL012C,0,1.1566575,0.11780660599470139,0.9803729057312012,0.7495241165161133
YKL087C,YFL035C-A,0,1.1563814,0.11779271066188812,0.9803729057312012,0.7496243119239807
YGR055W,YIL030C,0,1.1555997,0.11777882277965546,0.9803729057312012,0.7497244477272034
YGL142C,YNR024W,0,1.1543524,0.11776494234800339,0.9803729057312012,0.7498246431350708
YOR334W,YOR078W,0,1.1535007,0.11775106191635132,0.9803729057312012,0.7499248385429382
YCL005W-A,YLR367W,0,1.153393,0.11773718148469925,0.9803729057312012,0.7500250339508057
YOR207C,YLR181C,0,1.1531771,0.11772330850362778,0.9803729057312012,0.7501252293586731
YDR009W,YNR053C,0,1.1519415,0.1177094355225563,0.9803729057312012,0.7502254247665405
YIL087C,YHL006C,0,1.1514373,0.11769556999206543,0.9803729057312012,0.750325620174408
YNL221C,YNL133C,0,1.1506073,0.11768170446157455,0.9803729057312012,0.7504258155822754
YNL190W,YIL069C,0,1.1499523,0.11766784638166428,0.9803729057312012,0.7505260109901428
YPL075W,YHR106W,0,1.1496466,0.117653988301754,0.9803729057312012,0.7506262063980103
YGR082W,YDL145C,0,1.149207,0.11764013022184372,0.9803729057312012,0.7507264018058777
YHR122W,YNL318C,0,1.1488936,0.11762627959251404,0.9803729057312012,0.7508265972137451
YBL080C,YAL007C,0,1.1488903,0.11761242896318436,0.9803729057312012,0.7509267330169678
YKL016C,YCR031C,0,1.1481782,0.11759858578443527,0.9803729057312012,0.7510269284248352
YDR243C,YNL294C,0,1.1476228,0.11758474260568619,0.9803729057312012,0.7511271238327026
YML059C,YFL018W-A,0,1.1475568,0.1175709068775177,0.9803729057312012,0.7512273192405701
YPL105C,YPR008W,0,1.147504,0.11755707114934921,0.9803729057312012,0.7513275146484375
YOR081C,YFL018W-A,0,1.1467919,0.11754324287176132,0.9803729057312012,0.7514277100563049
YDR127W,YLR363C,0,1.1466284,0.11752941459417343,0.9803729057312012,0.7515279054641724
YDR007W,YDL012C,0,1.1462436,0.11751558631658554,0.9803729057312012,0.7516281008720398
YKR096W,YIL053W,0,1.145232,0.11750176548957825,0.9803729057312012,0.7517282962799072
YJR117W,YCL068C,0,1.1422806,0.11748794466257095,0.9803729057312012,0.7518284916877747
YOR101W,YMR313C,0,1.1414979,0.11747413128614426,0.9803729057312012,0.7519286870956421
YKL129C,YHR024C,0,1.1413355,0.11746031790971756,0.9803729057312012,0.7520288825035095
YLR277C,YOR009W,0,1.1408179,0.11744651198387146,0.9803729057312012,0.7521290183067322
YOL012C,YGL115W,0,1.1405903,0.11743270605802536,0.9803729057312012,0.7522292137145996
YLR194C,YDL012C,0,1.140395,0.11741890013217926,0.9803729057312012,0.752329409122467
YDR009W,YDL211C,0,1.1402456,0.11740510165691376,0.9803729057312012,0.7524296045303345
YLR006C,YNL240C,0,1.1399006,0.11739130318164825,0.9803729057312012,0.7525297999382019
YLR234W,YDR407C,0,1.1398224,0.11737751215696335,0.9803729057312012,0.7526299953460693
YGR004W,YLR363C,0,1.1394165,0.11736372113227844,0.9803729057312012,0.7527301907539368
YOR090C,YLR200W,0,1.1392741,0.11734993755817413,0.9803729057312012,0.7528303861618042
YJL012C,YDL134C-A,0,1.1392729,0.11733615398406982,0.9803729057312012,0.7529305815696716
YER062C,YPR188C,0,1.1388829,0.11732237040996552,0.9803729057312012,0.7530307769775391
YKL192C,YDL123W,0,1.1386137,0.1173085942864418,0.9803729057312012,0.7531309723854065
YCL012W,YHL021C,0,1.1372399,0.11729482561349869,0.9803729057312012,0.7532311677932739
YPL215W,YNL287W,0,1.1367688,0.11728104948997498,0.9803729057312012,0.7533313035964966
YBR233W-A,YOL076W,0,1.1364537,0.11726728826761246,0.9803729057312012,0.753431499004364
YOR019W,YBR146W,0,1.1363878,0.11725351959466934,0.9803729057312012,0.7535316944122314
YBR049C,YML096W,0,1.1362531,0.11723975837230682,0.9803729057312012,0.7536318898200989
YGL126W,YGR178C,0,1.1360221,0.1172260046005249,0.9803729057312012,0.7537320852279663
YIL014W,YOL029C,0,1.1356575,0.11721225082874298,0.9803729057312012,0.7538322806358337
YPL179W,YBR121C,0,1.1351542,0.11719849705696106,0.9803729057312012,0.7539324760437012
YDR365C,YPL006W,0,1.1346323,0.11718475073575974,0.9803729057312012,0.7540326714515686
YKR077W,YNL065W,0,1.1340256,0.11717100441455841,0.9803729057312012,0.754132866859436
YML021C,YDR463W,0,1.1337609,0.11715726554393768,0.9803729057312012,0.7542330622673035
YBR016W,YLR352W,0,1.1330657,0.11714352667331696,0.9803729057312012,0.7543332576751709
YMR215W,YDL087C,0,1.1326799,0.11712979525327682,0.9803729057312012,0.7544334530830383
YOL042W,YIR019C,0,1.1325623,0.1171160638332367,0.9803729057312012,0.754533588886261
YLR215C,YML047C,0,1.1319683,0.11710233241319656,0.9803729057312012,0.7546337842941284
YJR027W,YDL119C,0,1.1316838,0.11708860844373703,0.9803729057312012,0.7547339797019958
YMR261C,YPL058C,0,1.131069,0.1170748844742775,0.9803729057312012,0.7548341751098633
YPR071W,YKR088C,0,1.1297469,0.11706116795539856,0.9803729057312012,0.7549343705177307
YGL085W,YMR237W,0,1.1294731,0.11704745143651962,0.9803729057312012,0.7550345659255981
YGR181W,YJL001W,0,1.1293783,0.11703374236822128,0.9803729057312012,0.7551347613334656
YDR468C,YLR337C,0,1.1286364,0.11702003329992294,0.9803729057312012,0.755234956741333
YJR120W,YIL062C,0,1.1279604,0.1170063242316246,0.9803729057312012,0.7553351521492004
YLR442C,YFL035C-A,0,1.1275303,0.11699262261390686,0.9803729057312012,0.7554353475570679
YOL126C,YLR328W,0,1.1272445,0.11697892099618912,0.9803729057312012,0.7555355429649353
YDL247W,YLR234W,0,1.1264867,0.11696522682905197,0.9803729057312012,0.755635678768158
YLL016W,YHR118C,0,1.1256282,0.11695153266191483,0.9803729057312012,0.7557358741760254
YJL078C,YPR155C,0,1.1255212,0.11693784594535828,0.9803729057312012,0.7558360695838928
YPR161C,YPL018W,0,1.1254827,0.11692415922880173,0.9803729057312012,0.7559362649917603
YGR005C,YLR313C,0,1.1252409,0.11691047251224518,0.9803729057312012,0.7560364603996277
YCR021C,YFL035C-A,0,1.1251049,0.11689679324626923,0.9803729057312012,0.7561366558074951
YGR204W,YPR067W,0,1.1251028,0.11688311398029327,0.9803729057312012,0.7562368512153625
YER060W-A,YJL001W,0,1.1248454,0.11686944216489792,0.9803729057312012,0.75633704662323
YGR046W,YJL127C,0,1.1246626,0.11685577034950256,0.9803729057312012,0.7564372420310974
YGR266W,YDR397C,0,1.1239024,0.1168421059846878,0.9803729057312012,0.7565374374389648
YLR131C,YIL056W,0,1.1235029,0.11682844161987305,0.9803729057312012,0.7566376328468323
YGR202C,YMR158W,0,1.1230743,0.11681477725505829,0.9803729057312012,0.7567378282546997
YLR352W,YLR208W,1,1.1230028,0.11691804230213165,0.981354296207428,0.7567378282546997
YGL076C,YKR075C,0,1.1219274,0.1169043704867363,0.981354296207428,0.7568379640579224
YPR175W,YIL030C,0,1.1214663,0.11689070612192154,0.981354296207428,0.7569381594657898
YPL171C,YCL054W,0,1.1203238,0.11687704175710678,0.981354296207428,0.7570383548736572
YDR129C,YCR091W,0,1.1201361,0.11686338484287262,0.981354296207428,0.7571385502815247
YJL021C,YDR273W,0,1.1197445,0.11684972792863846,0.981354296207428,0.7572387456893921
YJL179W,YFR030W,0,1.1190467,0.1168360784649849,0.981354296207428,0.7573389410972595
YKL191W,YLR056W,0,1.1179565,0.11682242900133133,0.981354296207428,0.757439136505127
YDR004W,YDR023W,0,1.1178912,0.11680878698825836,0.981354296207428,0.7575393319129944
YOR045W,YDL113C,0,1.1176667,0.1167951449751854,0.981354296207428,0.7576395273208618
YHR146W,YOR011W,0,1.1174393,0.11678150296211243,0.981354296207428,0.7577397227287292
YCL012W,YDR234W,0,1.117324,0.11676786839962006,0.981354296207428,0.7578399181365967
YHR009C,YLR052W,0,1.1170752,0.11675423383712769,0.981354296207428,0.7579401135444641
YOL126C,YKL058W,0,1.116858,0.11674059927463531,0.981354296207428,0.7580402493476868
YGR142W,YMR125W,0,1.1153592,0.11672697216272354,0.981354296207428,0.7581404447555542
YOR264W,YKL058W,0,1.1152725,0.11671335250139236,0.981354296207428,0.7582406401634216
YBL031W,YPL117C,0,1.1147608,0.11669973284006119,0.981354296207428,0.7583408355712891
YDR361C,YLR352W,0,1.114466,0.11668611317873001,0.981354296207428,0.7584410309791565
YIL018W,YDR317W,0,1.1144469,0.11667250096797943,0.981354296207428,0.7585412263870239
YMR081C,YGL231C,0,1.113629,0.11665888875722885,0.981354296207428,0.7586414217948914
YPR003C,YLR068W,0,1.1132625,0.11664528399705887,0.981354296207428,0.7587416172027588
YLL006W,YDL012C,0,1.1122437,0.11663167923688889,0.981354296207428,0.7588418126106262
YDR397C,YML082W,0,1.1119974,0.1166180744767189,0.981354296207428,0.7589420080184937
YDR309C,YDR023W,0,1.1118563,0.11660447716712952,0.981354296207428,0.7590422034263611
YML031W,YOR341W,0,1.1114775,0.11659087985754013,0.981354296207428,0.7591423988342285
YJR035W,YFL035C-A,0,1.111104,0.11657728999853134,0.981354296207428,0.7592425346374512
YEL019C,YDR028C,0,1.1106215,0.11656370013952255,0.981354296207428,0.7593427300453186
YHR079C-B,YIL018W,0,1.1096361,0.11655011773109436,0.981354296207428,0.759442925453186
YOR262W,YNL023C,0,1.1087313,0.11653653532266617,0.981354296207428,0.7595431208610535
YOR032C,YGR208W,0,1.107898,0.11652295291423798,0.981354296207428,0.7596433162689209
YGR103W,YDL145C,0,1.107868,0.11650937795639038,0.981354296207428,0.7597435116767883
YLR426W,YOR136W,0,1.1075199,0.11649580299854279,0.981354296207428,0.7598437070846558
YJL127C,YER023W,0,1.1072898,0.11648223549127579,0.981354296207428,0.7599439024925232
YLL031C,YHR154W,0,1.1068828,0.11646866798400879,0.981354296207428,0.7600440979003906
YMR015C,YDR365C,0,1.106653,0.11645510792732239,0.981354296207428,0.7601442933082581
YMR059W,YPR169W,0,1.106428,0.11644154787063599,0.981354296207428,0.7602444887161255
YOR045W,YDR303C,0,1.1053857,0.11642798781394958,0.981354296207428,0.7603446841239929
YOL122C,YPR095C,0,1.105288,0.11641443520784378,0.981354296207428,0.7604448199272156
YDR098C,YOR207C,0,1.1051321,0.11640088260173798,0.981354296207428,0.760545015335083
YNL142W,YNR071C,0,1.1044621,0.11638733744621277,0.981354296207428,0.7606452107429504
YPR199C,YKR072C,0,1.1036735,0.11637379229068756,0.981354296207428,0.7607454061508179
YPL209C,YIL144W,0,1.1027352,0.11636025458574295,0.981354296207428,0.7608456015586853
YML021C,YGL063W,0,1.1024239,0.11634671688079834,0.981354296207428,0.7609457969665527
YGR174C,YKL043W,0,1.1023369,0.11633317917585373,0.981354296207428,0.7610459923744202
YBL051C,YFL018W-A,0,1.1020858,0.11631964892148972,0.981354296207428,0.7611461877822876
YFL035C-B,YER028C,0,1.1019839,0.1163061186671257,0.981354296207428,0.761246383190155
YHR001W-A,YPL233W,0,1.1016645,0.11629259586334229,0.981354296207428,0.7613465785980225
YML076C,YIR026C,0,1.1011163,0.11627907305955887,0.981354296207428,0.7614467740058899
YFR047C,YCL051W,0,1.1010611,0.11626555025577545,0.981354296207428,0.7615469098091125
YGL061C,YBL014C,0,1.1008899,0.11625203490257263,0.981354296207428,0.76164710521698
YNL328C,YDR516C,0,1.100577,0.11623851954936981,0.981354296207428,0.7617473006248474
YKL191W,YLR004C,0,1.1003298,0.11622501164674759,0.981354296207428,0.7618474960327148
YMR118C,YBL025W,0,1.100289,0.11621150374412537,0.981354296207428,0.7619476914405823
YGL076C,YOL095C,0,1.1000494,0.11619800329208374,0.981354296207428,0.7620478868484497
YDL105W,YOR032C,0,1.0999092,0.11618450284004211,0.981354296207428,0.7621480822563171
YGL139W,YGL219C,0,1.0990112,0.11617100238800049,0.981354296207428,0.7622482776641846
YMR215W,YER108C,0,1.0985242,0.11615750938653946,0.981354296207428,0.762348473072052
YAL028W,YNL038W,0,1.0979346,0.11614401638507843,0.981354296207428,0.7624486684799194
YNL173C,YOR272W,0,1.0971835,0.116130530834198,0.981354296207428,0.7625488638877869
YOR060C,YGL198W,0,1.0967306,0.11611704528331757,0.981354296207428,0.7626490592956543
YNL068C,YPR133C,0,1.0960062,0.11610356718301773,0.981354296207428,0.762749195098877
YGR170W,YLL053C,0,1.0957655,0.1160900890827179,0.981354296207428,0.7628493905067444
YGR129W,YLR060W,0,1.0955148,0.11607661098241806,0.981354296207428,0.7629495859146118
YCL051W,YBL038W,0,1.0944868,0.11606314033269882,0.981354296207428,0.7630497813224792
YGR005C,YNL055C,0,1.0941626,0.11604966968297958,0.981354296207428,0.7631499767303467
YGL018C,YNL246W,0,1.093302,0.11603620648384094,0.981354296207428,0.7632501721382141
YHL038C,YBR162C,0,1.0926164,0.1160227432847023,0.981354296207428,0.7633503675460815
YHR197W,YLR181C,0,1.0922704,0.11600928008556366,0.981354296207428,0.763450562953949
YHR139C,YBL100W-B,0,1.0917883,0.11599582433700562,0.981354296207428,0.7635507583618164
YFL049W,YGR004W,0,1.0917629,0.11598236858844757,0.981354296207428,0.7636509537696838
YMR318C,YKL029C,0,1.0917493,0.11596892029047012,0.981354296207428,0.7637511491775513
YGR266W,YOR129C,0,1.09164,0.11595547199249268,0.981354296207428,0.7638513445854187
YHR122W,YPR071W,0,1.0913994,0.11594203114509583,0.981354296207428,0.7639514803886414
YPL115C,YHR096C,0,1.0909811,0.11592859029769897,0.981354296207428,0.7640516757965088
YOR087W,YOL126C,0,1.0907403,0.11591514945030212,0.981354296207428,0.7641518712043762
YHR035W,YGR142W,0,1.090296,0.11590171605348587,0.981354296207428,0.7642520666122437
YER041W,YHR170W,0,1.090146,0.11588828265666962,0.981354296207428,0.7643522620201111
YDR528W,YCL001W,0,1.0900794,0.11587485671043396,0.981354296207428,0.7644524574279785
YOL061W,YDL046W,0,1.0891927,0.1158614307641983,0.981354296207428,0.764552652835846
YDR111C,YFR049W,0,1.088864,0.11584800481796265,0.981354296207428,0.7646528482437134
YER108C,YBL025W,0,1.0888524,0.11583458632230759,0.981354296207428,0.7647530436515808
YHL025W,YDR284C,0,1.0882796,0.11582117527723312,0.981354296207428,0.7648532390594482
YDR021W,YMR183C,0,1.0873952,0.11580775678157806,0.981354296207428,0.7649534344673157
YDL124W,YDR437W,0,1.0873686,0.1157943457365036,0.981354296207428,0.7650536298751831
YLR118C,YPR174C,0,1.0870888,0.11578094214200974,0.981354296207428,0.7651537656784058
YGL027C,YGL016W,0,1.0869719,0.11576753854751587,0.981354296207428,0.7652539610862732
YPL171C,YMR274C,0,1.0866907,0.115754134953022,0.981354296207428,0.7653541564941406
YER143W,YLR143W,0,1.0864426,0.11574073880910873,0.981354296207428,0.7654543519020081
YOL096C,YIL123W,0,1.0864248,0.11572734266519547,0.981354296207428,0.7655545473098755
YDL240W,YER038C,0,1.0858963,0.11571395397186279,0.981354296207428,0.7656547427177429
YKR034W,YER159C,0,1.0848427,0.11570056527853012,0.981354296207428,0.7657549381256104
YCL051W,YOR048C,0,1.0847245,0.11568718403577805,0.981354296207428,0.7658551335334778
YPL141C,YDL106C,0,1.084039,0.11567380279302597,0.981354296207428,0.7659553289413452
YIL052C,YPR057W,0,1.0835894,0.1156604215502739,0.981354296207428,0.7660555243492126
YDR178W,YLL006W,0,1.0823909,0.11564704775810242,0.981354296207428,0.7661557197570801
YPL224C,YKL029C,0,1.0812689,0.11563367396593094,0.981354296207428,0.7662559151649475
YOR262W,YKL099C,0,1.0806261,0.11562030017375946,0.981354296207428,0.7663560509681702
YFL025C,YHR079C-B,0,1.0804805,0.11560693383216858,0.981354296207428,0.7664562463760376
YIL075C,YGL092W,0,1.0797291,0.1155935749411583,0.981354296207428,0.766556441783905
YOR091W,YER044C-A,0,1.0796523,0.11558021605014801,0.981354296207428,0.7666566371917725
YOR189W,YPL115C,0,1.0793574,0.11556685715913773,0.981354296207428,0.7667568325996399
YPR003C,YLR019W,0,1.0791028,0.11555349826812744,0.981354296207428,0.7668570280075073
YKR077W,YGL111W,0,1.0788901,0.11554014682769775,0.981354296207428,0.7669572234153748
YKL081W,YCL054W,0,1.0788398,0.11552680283784866,0.981354296207428,0.7670574188232422
YGR174C,YIL014W,0,1.0787597,0.11551345884799957,0.981354296207428,0.7671576142311096
YGR266W,YDR261C,0,1.0783374,0.11550011485815048,0.981354296207428,0.767257809638977
YPR128C,YDR108W,0,1.0778948,0.11548677831888199,0.981354296207428,0.7673580050468445
YNR032C-A,YLR039C,0,1.0778701,0.1154734417796135,0.981354296207428,0.7674581408500671
YHR154W,YFL049W,0,1.0763619,0.115460105240345,0.981354296207428,0.7675583362579346
YBR162W-A,YHR006W,0,1.07588,0.1154467761516571,0.981354296207428,0.767658531665802
YJR153W,YML086C,0,1.0752335,0.1154334545135498,0.981354296207428,0.7677587270736694
YER125W,YHR204W,1,1.0751189,0.11553554981946945,0.98233562707901,0.7677587270736694
YIL096C,YDL046W,0,1.0749354,0.11552221328020096,0.98233562707901,0.7678589224815369
YPR110C,YBR254C,0,1.0744627,0.11550888419151306,0.98233562707901,0.7679591178894043
YLR006C,YIL120W,0,1.0742607,0.11549555510282516,0.98233562707901,0.7680593132972717
YNL318C,YEL027W,0,1.0741318,0.11548223346471786,0.98233562707901,0.7681595087051392
YGR004W,YCR018C,0,1.0736573,0.11546891182661057,0.98233562707901,0.7682597041130066
YKR078W,YHR110W,0,1.0731943,0.11545559763908386,0.98233562707901,0.768359899520874
YOR090C,YCL068C,0,1.0731308,0.11544227600097656,0.98233562707901,0.7684600949287415
YLR006C,YHR201C,0,1.073034,0.11542896926403046,0.98233562707901,0.7685602903366089
YDR045C,YPR199C,0,1.0722313,0.11541565507650375,0.98233562707901,0.7686604261398315
YGR017W,YNL287W,0,1.0704817,0.11540234833955765,0.98233562707901,0.768760621547699
YIL064W,YLR115W,0,1.0699724,0.11538904905319214,0.98233562707901,0.7688608169555664
YLL048C,YLR083C,0,1.069581,0.11537574976682663,0.98233562707901,0.7689610123634338
YPR046W,YFL035C-A,0,1.0682819,0.11536245048046112,0.98233562707901,0.7690612077713013
YDR175C,YHR005C,0,1.0681337,0.11534915864467621,0.98233562707901,0.7691614031791687
YER063W,YFL035C-A,0,1.0672798,0.1153358668088913,0.98233562707901,0.7692615985870361
YDR145W,YGR165W,0,1.0671806,0.11532258242368698,0.98233562707901,0.7693617939949036
YGR082W,YBR094W,0,1.0662384,0.11530929803848267,0.98233562707901,0.769461989402771
YLR092W,YFR053C,0,1.0660369,0.11529601365327835,0.98233562707901,0.7695621848106384
YMR232W,YLR466W,0,1.0645106,0.11528273671865463,0.98233562707901,0.7696623802185059
YGL107C,YBR028C,0,1.0638857,0.11526945978403091,0.98233562707901,0.7697625756263733
YNL051W,YCR058C,0,1.0637195,0.11525619029998779,0.98233562707901,0.769862711429596
YNR032C-A,YBR217W,1,1.0629063,0.11535804718732834,0.983316957950592,0.769862711429596
YDR201W,YDR384C,0,1.0626093,0.11534477025270462,0.983316957950592,0.7699629068374634
YGL104C,YHR079C-B,0,1.0612922,0.1153314933180809,0.983316957950592,0.7700631022453308
YJR120W,YDR200C,0,1.0608612,0.11531821638345718,0.983316957950592,0.7701632976531982
YLR039C,YLR200W,0,1.0607924,0.11530494689941406,0.983316957950592,0.7702634930610657
YBR085W,YHR079C-B,0,1.0589528,0.11529167741537094,0.983316957950592,0.7703636884689331
YGL142C,YFL025C,0,1.0583904,0.11527841538190842,0.983316957950592,0.7704638838768005
YOR079C,YPR046W,0,1.0581052,0.11526515334844589,0.983316957950592,0.770564079284668
YAR033W,YLR175W,0,1.05696,0.11525189876556396,0.983316957950592,0.7706642746925354
YLR085C,YER023W,0,1.0568801,0.11523864418268204,0.983316957950592,0.7707644701004028
YIL038C,YPL063W,0,1.0568734,0.11522538959980011,0.983316957950592,0.7708646655082703
YLL042C,YKL090W,1,1.0559335,0.1153271272778511,0.9842983484268188,0.7708646655082703
YKL155C,YER108C,0,1.0553846,0.11531386524438858,0.9842983484268188,0.7709648609161377
YCR107W,YLR360W,0,1.0551581,0.11530061066150665,0.9842983484268188,0.7710649967193604
YGR004W,YLR154W-C,0,1.0546087,0.11528735607862473,0.9842983484268188,0.7711651921272278
YDR201W,YOR252W,0,1.0541844,0.1152741089463234,0.9842983484268188,0.7712653875350952
YDR087C,YML047C,0,1.053667,0.11526086181402206,0.9842983484268188,0.7713655829429626
YJL181W,YBR181C,0,1.0535477,0.11524761468172073,0.9842983484268188,0.7714657783508301
YCR107W,YLR060W,0,1.0521247,0.115234375,0.9842983484268188,0.7715659737586975
YML045W,YDR434W,0,1.0514201,0.11522113531827927,0.9842983484268188,0.7716661691665649
YHR201C,YDR384C,0,1.0509423,0.11520790308713913,0.9842983484268188,0.7717663645744324
YCR091W,YPL061W,0,1.0508274,0.11519467085599899,0.9842983484268188,0.7718665599822998
YMR274C,YMR242C,0,1.0506067,0.11518144607543945,0.9842983484268188,0.7719667553901672
YMR048W,YML076C,0,1.0505962,0.11516821384429932,0.9842983484268188,0.7720669507980347
YHR111W,YGR083C,0,1.0501797,0.11515499651432037,0.9842983484268188,0.7721671462059021
YOR156C,YOR341W,0,1.049645,0.11514177173376083,0.9842983484268188,0.7722672820091248
YOR002W,YGR224W,0,1.0488145,0.11512856185436249,0.9842983484268188,0.7723674774169922
YIL068C,YOL095C,0,1.0487431,0.11511534452438354,0.9842983484268188,0.7724676728248596
YHR096C,YKL197C,0,1.0484164,0.1151021346449852,0.9842983484268188,0.772567868232727
YKL110C,YDR398W,0,1.0481726,0.11508892476558685,0.9842983484268188,0.7726680636405945
YMR050C,YCR005C,0,1.0473902,0.1150757223367691,0.9842983484268188,0.7727682590484619
YJL186W,YGL070C,0,1.0469289,0.11506251990795135,0.9842983484268188,0.7728684544563293
YJL167W,YHL026C,0,1.0452921,0.1150493249297142,0.9842983484268188,0.7729686498641968
YDR175C,YPL235W,0,1.0435495,0.11503612995147705,0.9842983484268188,0.7730688452720642
YPR188C,YDR515W,0,1.0435351,0.1150229349732399,0.9842983484268188,0.7731690406799316
YPR128C,YOR060C,0,1.042899,0.11500974744558334,0.9842983484268188,0.7732692360877991
YKR078W,YJR109C,0,1.0427358,0.11499655991792679,0.9842983484268188,0.7733694314956665
YNL137C,YOR119C,0,1.0426114,0.11498337984085083,0.9842983484268188,0.7734695672988892
YOL098C,YNL251C,0,1.04251,0.11497019976377487,0.9842983484268188,0.7735697627067566
YBR254C,YAL068C,0,1.041724,0.11495701968669891,0.9842983484268188,0.773669958114624
YFR024C-A,YNL048W,0,1.0415914,0.11494384706020355,0.9842983484268188,0.7737701535224915
YDR406W,YOR009W,0,1.0406998,0.11493067443370819,0.9842983484268188,0.7738703489303589
YKL155C,YCR018C,0,1.0406288,0.11491750925779343,0.9842983484268188,0.7739705443382263
YOR264W,YDR039C,0,1.0396111,0.11490434408187866,0.9842983484268188,0.7740707397460938
YOR207C,YCR044C,0,1.0394495,0.1148911789059639,0.9842983484268188,0.7741709351539612
YJR109C,YFL018W-A,0,1.0393412,0.11487802118062973,0.9842983484268188,0.7742711305618286
YGL098W,YDR516C,0,1.0386826,0.11486486345529556,0.9842983484268188,0.774371325969696
YJL173C,YLR466W,0,1.038199,0.11485171318054199,0.9842983484268188,0.7744715213775635
YMR262W,YDR276C,0,1.0372894,0.11483856290578842,0.9842983484268188,0.7745716571807861
YBR054W,YLR059C,0,1.0370673,0.11482541263103485,0.9842983484268188,0.7746718525886536
YGL063W,YOR266W,0,1.0370421,0.11481226980686188,0.9842983484268188,0.774772047996521
YLL066C,YBR107C,0,1.0368719,0.1147991269826889,0.9842983484268188,0.7748722434043884
YDR345C,YLR409C,0,1.035938,0.11478599160909653,0.9842983484268188,0.7749724388122559
YGR217W,YPL253C,0,1.0353464,0.11477285623550415,0.9842983484268188,0.7750726342201233
YDR129C,YDL134C-A,0,1.0351977,0.11475972831249237,0.9842983484268188,0.7751728296279907
YDR165W,YOR110W,0,1.0347012,0.1147465929389,0.9842983484268188,0.7752730250358582
YHL017W,YLR352W,0,1.0341138,0.11473347246646881,0.9842983484268188,0.7753732204437256
YNL045W,YHR111W,0,1.0338215,0.11472034454345703,0.9842983484268188,0.775473415851593
YNR048W,YDR469W,0,1.0335712,0.11470723152160645,0.9842983484268188,0.7755736112594604
YGR266W,YNL068C,0,1.0332055,0.11469411104917526,0.9842983484268188,0.7756738066673279
YLR259C,YOR048C,0,1.0326961,0.11468099802732468,0.9842983484268188,0.7757739424705505
YHR108W,YGL049C,0,1.0321287,0.11466788500547409,0.9842983484268188,0.775874137878418
YIL037C,YBR016W,0,1.0312867,0.1146547794342041,0.9842983484268188,0.7759743332862854
YFR024C,YOR009W,0,1.0291779,0.11464167386293411,0.9842983484268188,0.7760745286941528
YNL328C,YBL072C,0,1.0290675,0.11462856829166412,0.9842983484268188,0.7761747241020203
YER108C,YPL254W,0,1.0285764,0.11461547017097473,0.9842983484268188,0.7762749195098877
YMR215W,YKL196C,0,1.0272663,0.11460237950086594,0.9842983484268188,0.7763751149177551
YKL069W,YER060W,0,1.0270824,0.11458928138017654,0.9842983484268188,0.7764753103256226
YML096W,YNL063W,0,1.0270108,0.11457619071006775,0.9842983484268188,0.77657550573349
YNL056W,YHR009C,0,1.0269483,0.11456310749053955,0.9842983484268188,0.7766757011413574
YNL142W,YCR021C,0,1.0268764,0.11455002427101135,0.9842983484268188,0.7767758965492249
YMR055C,YJL212C,0,1.0258713,0.11453694105148315,0.9842983484268188,0.7768760919570923
YLR347C,YKR085C,0,1.0257664,0.11452386528253555,0.9842983484268188,0.7769762277603149
YHR204W,YHR193C,0,1.0254173,0.11451078951358795,0.9842983484268188,0.7770764231681824
YDR268W,YJL179W,0,1.0243752,0.11449771374464035,0.9842983484268188,0.7771766185760498
YER063W,YDR178W,0,1.0228773,0.11448464542627335,0.9842983484268188,0.7772768139839172
YDR398W,YOR078W,0,1.0220914,0.11447158455848694,0.9842983484268188,0.7773770093917847
YMR059W,YHR111W,0,1.0199414,0.11445851624011993,0.9842983484268188,0.7774772047996521
YJL110C,YER056C,0,1.0198977,0.11444545537233353,0.9842983484268188,0.7775774002075195
YDR189W,YLR068W,0,1.0196091,0.11443240195512772,0.9842983484268188,0.777677595615387
YOL059W,YOR335C,0,1.0195221,0.1144193485379219,0.9842983484268188,0.7777777910232544
YGR283C,YDR135C,0,1.0194886,0.1144062951207161,0.9842983484268188,0.7778779864311218
YPL046C,YIL017W,1,1.0189983,0.11450730264186859,0.9852796792984009,0.7778779864311218
YFR024C,YCR065W,0,1.0183666,0.11449424177408218,0.9852796792984009,0.7779781818389893
YOR027W,YOR068C,0,1.0182232,0.11448118835687637,0.9852796792984009,0.7780783772468567
YIL018W,YLR067C,0,1.0177836,0.11446813493967056,0.9852796792984009,0.7781785130500793
YPL116W,YNL142W,0,1.01775,0.11445508152246475,0.9852796792984009,0.7782787084579468
YDR328C,YNL194C,0,1.0177269,0.11444203555583954,0.9852796792984009,0.7783789038658142
YGL076C,YHR090C,0,1.0152043,0.11442899703979492,0.9852796792984009,0.7784790992736816
YDR111C,YDR434W,0,1.014104,0.11441595107316971,0.9852796792984009,0.7785792946815491
YHR185C,YJL083W,0,1.0136805,0.11440292000770569,0.9852796792984009,0.7786794900894165
YER176W,YBR016W,0,1.0131571,0.11438988149166107,0.9852796792984009,0.7787796854972839
YKL194C,YNL294C,0,1.012384,0.11437685042619705,0.9852796792984009,0.7788798809051514
YBL038W,YML082W,0,1.0121875,0.11436381936073303,0.9852796792984009,0.7789800763130188
YDL247W,YHL026C,0,1.0115055,0.11435079574584961,0.9852796792984009,0.7790802717208862
YPL140C,YGR060W,0,1.0102303,0.11433777213096619,0.9852796792984009,0.7791804671287537
YMR048W,YGL107C,0,1.0101963,0.11432475596666336,0.9852796792984009,0.7792806625366211
YOR157C,YPL065W,1,1.0092564,0.11442559212446213,0.9862610697746277,0.7792806625366211
YBL013W,YDL243C,0,1.0091264,0.1144125685095787,0.9862610697746277,0.7793807983398438
YPL126W,YHR193C,0,1.00878,0.11439954489469528,0.9862610697746277,0.7794809937477112
YJL035C,YBR094W,0,1.0083163,0.11438652127981186,0.9862610697746277,0.7795811891555786
YBL035C,YLR154W-C,0,1.0079975,0.11437350511550903,0.9862610697746277,0.779681384563446
YGL126W,YIL013C,0,1.0079536,0.11436048895120621,0.9862610697746277,0.7797815799713135
YER038C,YGR129W,0,1.0074445,0.11434748023748398,0.9862610697746277,0.7798817753791809
YHR103W,YOR359W,0,1.0073178,0.11433447152376175,0.9862610697746277,0.7799819707870483
YGR208W,YNL123W,0,1.0070225,0.11432146281003952,0.9862610697746277,0.7800821661949158
YNL250W,YLR460C,0,1.006957,0.11430846154689789,0.9862610697746277,0.7801823616027832
YPL120W,YLR054C,0,1.0059799,0.11429546028375626,0.9862610697746277,0.7802825570106506
YKR079C,YMR001C,0,1.0048362,0.11428246647119522,0.9862610697746277,0.7803827524185181
YGL063W,YNL068C,0,1.0048131,0.11426947265863419,0.9862610697746277,0.7804828882217407
YGR057C,YKL063C,0,1.0034753,0.11425647884607315,0.9862610697746277,0.7805830836296082
YOR119C,YLR154W-C,0,1.0021273,0.11424349248409271,0.9862610697746277,0.7806832790374756
YJR120W,YHR037W,0,1.0009636,0.11423050612211227,0.9862610697746277,0.780783474445343
YBR248C,YOR357C,0,0.998192,0.11421752721071243,0.9862610697746277,0.7808836698532104
YGL070C,YHR118C,0,0.9981893,0.11420454829931259,0.9862610697746277,0.7809838652610779
YPR134W,YOR330C,0,0.996443,0.11419156938791275,0.9862610697746277,0.7810840606689453
YDL012C,YGL049C,0,0.99621665,0.1141785979270935,0.9862610697746277,0.7811842560768127
YHL017W,YHL038C,0,0.9956752,0.11416562646627426,0.9862610697746277,0.7812844514846802
YNL164C,YKL080W,0,0.9953256,0.11415265500545502,0.9862610697746277,0.7813846468925476
YOR016C,YOR172W,0,0.9950595,0.11413969099521637,0.9862610697746277,0.781484842300415
YDR300C,YCL012W,0,0.9940754,0.11412673443555832,0.9862610697746277,0.7815850377082825
YLR293C,YDR098C-B,0,0.9938371,0.11411377042531967,0.9862610697746277,0.7816851735115051
YBR038W,YPL040C,0,0.9938135,0.11410081386566162,0.9862610697746277,0.7817853689193726
YBR208C,YBR100W,0,0.9933334,0.11408786475658417,0.9862610697746277,0.78188556432724
YBR130C,YFL035C-A,0,0.9912611,0.11407491564750671,0.9862610697746277,0.7819857597351074
YNL233W,YGR055W,0,0.99051774,0.11406196653842926,0.9862610697746277,0.7820859551429749
YJL110C,YCL064C,0,0.990497,0.1140490248799324,0.9862610697746277,0.7821861505508423
YPR158W-B,YKL081W,0,0.9904239,0.11403608322143555,0.9862610697746277,0.7822863459587097
YDR098C-A,YMR055C,0,0.98974806,0.11402314156293869,0.9862610697746277,0.7823865413665771
YLR060W,YNR033W,0,0.9892255,0.11401020735502243,0.9862610697746277,0.7824867367744446
YKR077W,YHR014W,0,0.9890632,0.11399728059768677,0.9862610697746277,0.782586932182312
YNL183C,YFL035C-A,0,0.9890095,0.11398434638977051,0.9862610697746277,0.7826871275901794
YHL031C,YNL063W,0,0.9883412,0.11397141963243484,0.9862610697746277,0.7827873229980469
YOR383C,YLR337C,0,0.9883228,0.11395850032567978,0.9862610697746277,0.7828874588012695
YLR167W,YDR098C-B,0,0.9861679,0.11394558101892471,0.9862610697746277,0.782987654209137
YDL093W,YGR260W,0,0.98520875,0.11393266171216965,0.9862610697746277,0.7830878496170044
YNL284C-B,YML107C,0,0.983671,0.11391974240541458,0.9862610697746277,0.7831880450248718
YGL076C,YPR158W-B,0,0.98342776,0.11390683799982071,0.9862610697746277,0.7832882404327393
YGL167C,YGR161C-D,0,0.98328125,0.11389392614364624,0.9862610697746277,0.7833884358406067
YDR098C-A,YDR078C,0,0.9832505,0.11388102173805237,0.9862610697746277,0.7834886312484741
YDR471W,YHL050C,0,0.9829494,0.1138681173324585,0.9862610697746277,0.7835888266563416
YLR167W,YPR158W-B,0,0.9824981,0.11385522037744522,0.9862610697746277,0.783689022064209
YJL186W,YFL035C-A,0,0.98215085,0.11384232342243195,0.9862610697746277,0.7837892174720764
YPR010C,YOR335C,0,0.9821311,0.11382942646741867,0.9862610697746277,0.7838894128799438
YDR210C-D,YKL138C,0,0.9820275,0.11381653696298599,0.9862610697746277,0.7839896082878113
YGL061C,YDR316W-B,0,0.9813574,0.11380364745855331,0.9862610697746277,0.7840897440910339
YBR003W,YKL192C,0,0.9812106,0.11379075795412064,0.9862610697746277,0.7841899394989014
YNL284C-B,YPL063W,0,0.98108876,0.11377787590026855,0.9862610697746277,0.7842901349067688
YML133C,YKL079W,0,0.9809532,0.11376500129699707,0.9862610697746277,0.7843903303146362
YKL014C,YGL192W,0,0.9805405,0.11375211924314499,0.9862610697746277,0.7844905257225037
YMR158W,YGR161C-D,0,0.9804282,0.1137392520904541,0.9862610697746277,0.7845907211303711
YGR161C-D,YLR292C,0,0.98029685,0.11372637748718262,0.9862610697746277,0.7846909165382385
YNL133C,YHR214C-C,0,0.9802187,0.11371351033449173,0.9862610697746277,0.784791111946106
YDL018C,YHR079C-B,0,0.98021173,0.11370064318180084,0.9862610697746277,0.7848913073539734
YJL089W,YLR460C,0,0.9801012,0.11368778347969055,0.9862610697746277,0.7849915027618408
YIL148W,YPR199C,0,0.9797454,0.11367492377758026,0.9862610697746277,0.7850916981697083
YLR227W-A,YNL173C,0,0.9792339,0.11366206407546997,0.9862610697746277,0.7851918935775757
YDR098C-A,YJL003W,0,0.9788326,0.11364921182394028,0.9862610697746277,0.7852920293807983
YDL189W,YOL135C,0,0.9787111,0.11363636702299118,0.9862610697746277,0.7853922247886658
YDR091C,YFL035C-A,0,0.9786967,0.11362351477146149,0.9862610697746277,0.7854924201965332
YPR158W-B,YDL105W,0,0.9784545,0.11361066997051239,0.9862610697746277,0.7855926156044006
YLR411W,YOR103C,0,0.97792315,0.11359783262014389,0.9862610697746277,0.7856928110122681
YCL012W,YML047C,0,0.9778799,0.1135849878191948,0.9862610697746277,0.7857930064201355
YGR109W-A,YFR030W,0,0.9777697,0.11357215791940689,0.9862610697746277,0.7858932018280029
YDL072C,YPR128C,0,0.9769863,0.11355932056903839,0.9862610697746277,0.7859933972358704
YDR210C-D,YPL146C,0,0.9767096,0.11354649066925049,0.9862610697746277,0.7860935926437378
YHR111W,YOL103W-A,0,0.9764787,0.11353366822004318,0.9862610697746277,0.7861937880516052
YBR162W-A,YDR316W-B,0,0.9764331,0.11352083832025528,0.9862610697746277,0.7862939834594727
YDR210C-D,YLR092W,0,0.97610635,0.11350801587104797,0.9862610697746277,0.7863941192626953
YKR093W,YHR133C,0,0.9751567,0.11349520087242126,0.9862610697746277,0.7864943146705627
YNL243W,YPL198W,0,0.97508126,0.11348238587379456,0.9862610697746277,0.7865945100784302
YNL288W,YKR095W,0,0.97495496,0.11346957087516785,0.9862610697746277,0.7866947054862976
YJR042W,YGL195W,0,0.9747116,0.11345676332712173,0.9862610697746277,0.786794900894165
YNR052C,YMR183C,0,0.9746549,0.11344395577907562,0.9862610697746277,0.7868950963020325
YMR105C,YLR313C,0,0.97378147,0.11343114823102951,0.9862610697746277,0.7869952917098999
YNL111C,YJL208C,0,0.9737234,0.113418348133564,0.9862610697746277,0.7870954871177673
YLR277C,YPR007C,0,0.9735577,0.11340555548667908,0.9862610697746277,0.7871956825256348
YPL183C,YBR193C,0,0.97350925,0.11339275538921356,0.9862610697746277,0.7872958779335022
YML013W,YHR079C-B,0,0.9727342,0.11337996274232864,0.9862610697746277,0.7873960733413696
YMR243C,YDR098C-B,0,0.9725852,0.11336717754602432,0.9862610697746277,0.7874962687492371
YHL017W,YOL103W-A,0,0.9725852,0.1133543848991394,0.9862610697746277,0.7875964045524597
YJR150C,YHR214C-C,0,0.97252965,0.11334160715341568,0.9862610697746277,0.7876965999603271
YJR117W,YGR109W-A,0,0.97212493,0.11332882195711136,0.9862610697746277,0.7877967953681946
YHR214C-C,YNL180C,0,0.9720307,0.11331604421138763,0.9862610697746277,0.787896990776062
YDR145W,YLR154W-C,0,0.9709631,0.11330326646566391,0.9862610697746277,0.7879971861839294
YER179W,YOL103W-A,0,0.97081333,0.11329049617052078,0.9862610697746277,0.7880973815917969
YDR422C,YJR027W,0,0.9706094,0.11327772587537766,0.9862610697746277,0.7881975769996643
YHR202W,YHR214C-C,0,0.9704988,0.11326496303081512,0.9862610697746277,0.7882977724075317
YNL317W,YNL054W-A,0,0.9704547,0.1132522001862526,0.9862610697746277,0.7883979678153992
YJR150C,YHR079C-B,0,0.9701628,0.11323943734169006,0.9862610697746277,0.7884981632232666
YKR052C,YCR063W,0,0.96985996,0.11322668194770813,0.9862610697746277,0.788598358631134
YHR214C-C,YDR019C,0,0.9694543,0.1132139265537262,0.9862610697746277,0.7886985540390015
YJL096W,YDR080W,0,0.9693585,0.11320117115974426,0.9862610697746277,0.7887986898422241
YDR343C,YDR028C,0,0.96933186,0.11318842321634293,0.9862610697746277,0.7888988852500916
YDR098C-B,YOR158W,0,0.9692453,0.11317567527294159,0.9862610697746277,0.788999080657959
YHR037W,YPL076W,0,0.9691385,0.11316293478012085,0.9862610697746277,0.7890992760658264
YLR413W,YPR133C,0,0.9689096,0.11315019428730011,0.9862610697746277,0.7891994714736938
YJL021C,YPL175W,0,0.96879077,0.11313745379447937,0.9862610697746277,0.7892996668815613
YGR161W-A,YAL068C,0,0.9687336,0.11312472075223923,0.9862610697746277,0.7893998622894287
YOR249C,YHR080C,0,0.9685534,0.11311198770999908,0.9862610697746277,0.7895000576972961
YPR158W-B,YDR430C,0,0.9684481,0.11309925466775894,0.9862610697746277,0.7896002531051636
YGR178C,YLR382C,0,0.9674436,0.1130865290760994,0.9862610697746277,0.789700448513031
YHR033W,YCL064C,0,0.9673472,0.11307381093502045,0.9862610697746277,0.7898006439208984
YOR045W,YOL052C-A,0,0.9672715,0.1130610853433609,0.9862610697746277,0.7899008393287659
YGR178C,YJL069C,0,0.9667251,0.11304836720228195,0.9862610697746277,0.7900009751319885
YDR441C,YIL053W,0,0.96662074,0.1130356565117836,0.9862610697746277,0.790101170539856
YPL280W,YHR079C-B,0,0.9665584,0.11302293837070465,0.9862610697746277,0.7902013659477234
YHR148W,YNL048W,0,0.96616566,0.1130102351307869,0.9862610697746277,0.7903015613555908
YDR430C,YGR161C-D,0,0.96546066,0.11299752444028854,0.9862610697746277,0.7904017567634583
YJL059W,YHR033W,0,0.9649715,0.11298482120037079,0.9862610697746277,0.7905019521713257
YLR227W-A,YIL119C,0,0.96484196,0.11297212541103363,0.9862610697746277,0.7906021475791931
YBR060C,YNL247W,0,0.96478647,0.11295942217111588,0.9862610697746277,0.7907023429870605
YOR272W,YML031W,0,0.96395016,0.11294672638177872,0.9862610697746277,0.790802538394928
YMR063W,YGR202C,0,0.9638827,0.11293403804302216,0.9862610697746277,0.7909027338027954
YNL025C,YDL211C,0,0.96325827,0.1129213497042656,0.9862610697746277,0.7910029292106628
YIL098C,YGR094W,0,0.96319735,0.11290866136550903,0.9862610697746277,0.7911031246185303
YGL016W,YGR161C-D,0,0.963104,0.11289598047733307,0.9862610697746277,0.7912032604217529
YDR287W,YPL058C,0,0.96236914,0.1128832995891571,0.9862610697746277,0.7913034558296204
YJR120W,YEL027W,0,0.96206886,0.11287061870098114,0.9862610697746277,0.7914036512374878
YNL284C-B,YOL029C,0,0.96191305,0.11285794526338577,0.9862610697746277,0.7915038466453552
YCR086W,YER063W,0,0.96155095,0.1128452718257904,0.9862610697746277,0.7916040420532227
YOR087W,YCR058C,0,0.96108973,0.11283260583877563,0.9862610697746277,0.7917042374610901
YOR252W,YNL076W,0,0.9610554,0.11281993985176086,0.9862610697746277,0.7918044328689575
YPR158W-B,YBR248C,0,0.9609327,0.1128072738647461,0.9862610697746277,0.791904628276825
YHR142W,YBR090C-A,0,0.960757,0.11279461532831192,0.9862610697746277,0.7920048236846924
YGR174C,YNL054W-A,0,0.96065015,0.11278195679187775,0.9862610697746277,0.7921050190925598
YML076C,YLR092W,0,0.96039295,0.11276929825544357,0.9862610697746277,0.7922052145004272
YDR316W-B,YNL076W,0,0.95911956,0.11275664716959,0.9862610697746277,0.7923054099082947
YGR254W,YDR210C-D,0,0.9590652,0.11274399608373642,0.9862610697746277,0.7924055457115173
YGL098W,YCL012W,0,0.95869875,0.11273135244846344,0.9862610697746277,0.7925057411193848
YDL012C,YJL216C,0,0.9586308,0.11271870881319046,0.9862610697746277,0.7926059365272522
YDL106C,YNL054W-A,0,0.9585749,0.11270606517791748,0.9862610697746277,0.7927061319351196
YCL044C,YNL054W-A,0,0.95790225,0.1126934289932251,0.9862610697746277,0.7928063273429871
YLR227W-A,YOR157C,0,0.95783854,0.11268079280853271,0.9862610697746277,0.7929065227508545
YDR528W,YDR365W-A,0,0.9578059,0.11266816407442093,0.9862610697746277,0.7930067181587219
YPL043W,YNL118C,0,0.95722985,0.11265553534030914,0.9862610697746277,0.7931069135665894
YGL067W,YDR316W-B,0,0.95587707,0.11264290660619736,0.9862610697746277,0.7932071089744568
YBL013W,YNL176C,0,0.95576036,0.11263027787208557,0.9862610697746277,0.7933073043823242
YKL138C-A,YNL066W,0,0.9554755,0.11261765658855438,0.9862610697746277,0.7934074997901917
YDL134C-A,YBR181C,0,0.95504427,0.11260504275560379,0.9862610697746277,0.7935076355934143
YER149C,YDR316W-B,0,0.9548836,0.1125924289226532,0.9862610697746277,0.7936078310012817
YJL021C,YBR193C,0,0.95468926,0.1125798150897026,0.9862610697746277,0.7937080264091492
YML023C,YBR086C,0,0.95375097,0.11256720125675201,0.9862610697746277,0.7938082218170166
YKR078W,YIL038C,0,0.95353436,0.11255459487438202,0.9862610697746277,0.793908417224884
YJL186W,YNL054W-A,0,0.95327187,0.11254199594259262,0.9862610697746277,0.7940086126327515
YOL103W-A,YLR352W,0,0.95309865,0.11252938956022263,0.9862610697746277,0.7941088080406189
YKL062W,YIL037C,0,0.9529809,0.11251679062843323,0.9862610697746277,0.7942090034484863
YPL058C,YBL005W,0,0.9525986,0.11250419914722443,0.9862610697746277,0.7943091988563538
YHR033W,YLR460C,0,0.9523742,0.11249160766601562,0.9862610697746277,0.7944093942642212
YMR230W,YPR174C,0,0.9523496,0.11247901618480682,0.9862610697746277,0.7945095896720886
YNL233W,YGL107C,0,0.95126766,0.11246642470359802,0.9862610697746277,0.794609785079956
YLR154W-C,YEL027W,0,0.9510685,0.11245384067296982,0.9862610697746277,0.7947099208831787
YDR098C-A,YOR068C,0,0.9506788,0.11244126409292221,0.9862610697746277,0.7948101162910461
YML004C,YNL054W-A,0,0.95033705,0.112428680062294,0.9862610697746277,0.7949103116989136
YNL023C,YPL210C,0,0.9500552,0.112416110932827,0.9862610697746277,0.795010507106781
YNL054W,YCR016W,0,0.94939566,0.11240353435277939,0.9862610697746277,0.7951107025146484
YBR189W,YIL118W,0,0.94925934,0.11239096522331238,0.9862610697746277,0.7952108979225159
YDL081C,YIL068C,0,0.9492024,0.11237839609384537,0.9862610697746277,0.7953110933303833
YGR235C,YMR048W,0,0.94742465,0.11236583441495895,0.9862610697746277,0.7954112887382507
YER072W,YLR288C,0,0.94718575,0.11235327273607254,0.9862610697746277,0.7955114841461182
YOR262W,YOR253W,0,0.9440806,0.11234071105718613,0.9862610697746277,0.7956116795539856
YDR210C-D,YDR235W,0,0.9436883,0.11232815682888031,0.9862610697746277,0.795711874961853
YPR017C,YBR023C,0,0.94363296,0.1123156026005745,0.9862610697746277,0.7958120703697205
YGL231C,YGL111W,0,0.9430076,0.11230304837226868,0.9862610697746277,0.7959122061729431
YCL012W,YDL117W,0,0.9429643,0.11229050159454346,0.9862610697746277,0.7960124015808105
YHR204W,YNL130C,0,0.94245785,0.11227795481681824,0.9862610697746277,0.796112596988678
YDR361C,YOR247W,0,0.9421569,0.11226541548967361,0.9862610697746277,0.7962127923965454
YDL220C,YDR316W-B,0,0.9421153,0.11225287616252899,0.9862610697746277,0.7963129878044128
YBR295W,YDR365W-A,0,0.94187194,0.11224033683538437,0.9862610697746277,0.7964131832122803
YLR324W,YDR150W,0,0.94164896,0.11222780495882034,0.9862610697746277,0.7965133786201477
YHR214C-C,YEL044W,0,0.941605,0.11221527308225632,0.9862610697746277,0.7966135740280151
YHR005C,YLR466W,0,0.9411944,0.11220274865627289,0.9862610697746277,0.7967137694358826
YNL025C,YDL012C,0,0.9410294,0.11219022423028946,0.9862610697746277,0.79681396484375
YOR026W,YGR296W,0,0.94018584,0.11217769980430603,0.9862610697746277,0.7969141602516174
YGR109W-A,YIL137C,0,0.94009984,0.1121651753783226,0.9862610697746277,0.7970143556594849
YMR274C,YPR199C,0,0.93997747,0.11215265840291977,0.9862610697746277,0.7971144914627075
YLR227W-A,YIL144W,0,0.9398993,0.11214014887809753,0.9862610697746277,0.797214686870575
YGR161W-A,YLR181C,0,0.93740386,0.1121276393532753,0.9862610697746277,0.7973148822784424
YKL194C,YPL225W,0,0.93736315,0.11211512982845306,0.9862610697746277,0.7974150776863098
YDR323C,YDR303C,0,0.93690264,0.11210262030363083,0.9862610697746277,0.7975152730941772
YOR252W,YMR009W,0,0.9366244,0.11209011822938919,0.9862610697746277,0.7976154685020447
YDR210C-D,YDL012C,0,0.9366244,0.11207761615514755,0.9862610697746277,0.7977156639099121
YJL180C,YML047C,0,0.9364349,0.11206512153148651,0.9862610697746277,0.7978158593177795
YNL194C,YHR190W,0,0.9363305,0.11205262690782547,0.9862610697746277,0.797916054725647
YNR032C-A,YFR027W,0,0.93584955,0.11204013228416443,0.9862610697746277,0.7980162501335144
YDR365W-A,YNL118C,0,0.9357098,0.11202764511108398,0.9862610697746277,0.7981164455413818
YOR267C,YCL012W,0,0.93544316,0.11201515793800354,0.9862610697746277,0.7982166409492493
YDR515W,YFL026W,0,0.935099,0.11200267821550369,0.9862610697746277,0.7983167767524719
YBR114W,YNL054W-A,0,0.93500644,0.11199019104242325,0.9862610697746277,0.7984169721603394
YER176W,YLR384C,0,0.93489045,0.111977718770504,0.9862610697746277,0.7985171675682068
YOR060C,YOL086W-A,0,0.9340859,0.11196523904800415,0.9862610697746277,0.7986173629760742
YPL021W,YOL086W-A,0,0.93401176,0.1119527667760849,0.9862610697746277,0.7987175583839417
YGR235C,YLR154W-C,0,0.93400526,0.11194030195474625,0.9862610697746277,0.7988177537918091
YOR359W,YOL086W-A,0,0.933974,0.111927829682827,0.9862610697746277,0.7989179491996765
YNL284C-B,YFR038W,0,0.93395525,0.11191536486148834,0.9862610697746277,0.799018144607544
YNR053C,YMR035W,0,0.93394446,0.11190290749073029,0.9862610697746277,0.7991183400154114
YLR426W,YOL086W-A,0,0.9339366,0.11189045011997223,0.9862610697746277,0.7992185354232788
YDR213W,YAR009C,0,0.93344283,0.11187799274921417,0.9862610697746277,0.7993187308311462
YDR210C-D,YNL038W,0,0.9331971,0.11186553537845612,0.9862610697746277,0.7994188666343689
YNR048W,YER038C,0,0.93187046,0.11185308545827866,0.9862610697746277,0.7995190620422363
YNR019W,YCL012W,0,0.9316643,0.1118406429886818,0.9862610697746277,0.7996192574501038
YJR153W,YCR018C,0,0.93121636,0.11182819306850433,0.9862610697746277,0.7997194528579712
YGR161W-A,YIL005W,0,0.9310443,0.11181575804948807,0.9862610697746277,0.7998196482658386
YDL189W,YGR193C,0,0.93048036,0.1118033155798912,0.9862610697746277,0.799919843673706
YDR463W,YEL027W,0,0.93038875,0.11179088056087494,0.9862610697746277,0.8000200390815735
YDL113C,YBR100W,0,0.93033826,0.11177844554185867,0.9862610697746277,0.8001202344894409
YDL160C,YGL127C,0,0.9297196,0.11176601052284241,0.9862610697746277,0.8002204298973083
YLR324W,YLR075W,0,0.92966264,0.11175358295440674,0.9862610697746277,0.8003206253051758
YOR091W,YOR032C,0,0.9284308,0.11174116283655167,0.9862610697746277,0.8004208207130432
YDR111C,YCL012W,0,0.9282901,0.111728735268116,0.9862610697746277,0.8005210161209106
YDR372C,YJL167W,0,0.92785406,0.11171631515026093,0.9862610697746277,0.8006211519241333
YMR175W,YHL003C,0,0.9276195,0.11170390248298645,0.9862610697746277,0.8007213473320007
YJL110C,YML098W,0,0.927436,0.11169148981571198,0.9862610697746277,0.8008215427398682
YMR274C,YKL129C,0,0.9273997,0.1116790771484375,0.9862610697746277,0.8009217381477356
YGR161W-A,YOR330C,0,0.9271588,0.11166666448116302,0.9862610697746277,0.801021933555603
YCL012W,YLL057C,0,0.92691183,0.11165425926446915,0.9862610697746277,0.8011221289634705
YGR254W,YPR158W-B,0,0.92655826,0.11164185404777527,0.9862610697746277,0.8012223243713379
YGR109W-A,YGR007W,0,0.92653155,0.11162945628166199,0.9862610697746277,0.8013225197792053
YGR161W-A,YNL123W,0,0.9262939,0.1116170585155487,0.9862610697746277,0.8014227151870728
YDR150W,YEL024W,0,0.92613864,0.11160466074943542,0.9862610697746277,0.8015229105949402
YBR038W,YDR343C,0,0.9259758,0.11159227043390274,0.9862610697746277,0.8016231060028076
YNL130C,YBR131W,0,0.9258127,0.11157988011837006,0.9862610697746277,0.801723301410675
YER108C,YDR359C,0,0.9253024,0.11156749725341797,0.9862610697746277,0.8018234372138977
YPL001W,YDR021W,0,0.9249494,0.11155511438846588,0.9862610697746277,0.8019236326217651
YLL031C,YNL054W-A,0,0.9249389,0.1115427315235138,0.9862610697746277,0.8020238280296326
YML045W,YGR161C-D,0,0.9247675,0.1115303486585617,0.9862610697746277,0.8021240234375
YPR169W,YBR193C,0,0.9244914,0.11151797324419022,0.9862610697746277,0.8022242188453674
YPR188C,YLR067C,0,0.9244741,0.11150560528039932,0.9862610697746277,0.8023244142532349
YPR143W,YBR181C,0,0.9233372,0.11149322986602783,0.9862610697746277,0.8024246096611023
YLR227W-A,YHR096C,0,0.9225699,0.11148086190223694,0.9862610697746277,0.8025248050689697
YOL154W,YDL154W,0,0.9225241,0.11146850138902664,0.9862610697746277,0.8026250004768372
YOL086W-A,YCR063W,0,0.9223371,0.11145614087581635,0.9862610697746277,0.8027251958847046
YNL181W,YKR034W,0,0.92177606,0.11144378036260605,0.9862610697746277,0.802825391292572
YAR042W,YNL164C,0,0.92168474,0.11143141984939575,0.9862610697746277,0.8029255867004395
YKL141W,YBR023C,0,0.92151475,0.11141906678676605,0.9862610697746277,0.8030257225036621
YNL190W,YNL059C,0,0.9211723,0.11140672117471695,0.9862610697746277,0.8031259179115295
YOL086W-A,YER071C,0,0.91978097,0.11139436811208725,0.9862610697746277,0.803226113319397
YGR161C-D,YIL062C,0,0.9184875,0.11138202250003815,0.9862610697746277,0.8033263087272644
YDR316W-B,YMR131C,0,0.9184538,0.11136968433856964,0.9862610697746277,0.8034265041351318
YBR107C,YNL054W-A,0,0.91763467,0.11135733872652054,0.9862610697746277,0.8035266995429993
YOL012C,YDR399W,0,0.91750675,0.11134500056505203,0.9862610697746277,0.8036268949508667
YJL180C,YLR247C,0,0.9173051,0.11133266985416412,0.9862610697746277,0.8037270903587341
YHR202W,YPL179W,0,0.9171089,0.11132033914327621,0.9862610697746277,0.8038272857666016
YIL106W,YJL173C,0,0.9157631,0.1113080084323883,0.9862610697746277,0.803927481174469
YLL048C,YMR318C,0,0.9155989,0.1112956777215004,0.9862610697746277,0.8040276765823364
YER044C-A,YHR096C,0,0.9155643,0.11128335446119308,0.9862610697746277,0.8041278719902039
YOL103W-A,YJL180C,0,0.9155297,0.11127103865146637,0.9862610697746277,0.8042280077934265
YPL130W,YBR208C,0,0.91546804,0.11125871539115906,0.9862610697746277,0.804328203201294
YFL005W,YHR214C-C,0,0.91422546,0.11124639958143234,0.9862610697746277,0.8044283986091614
YKL080W,YOL086W-A,0,0.91410303,0.11123409122228622,0.9862610697746277,0.8045285940170288
YOL023W,YOL086W-A,0,0.9140663,0.1112217828631401,0.9862610697746277,0.8046287894248962
YNR038W,YNL081C,0,0.91323125,0.11120947450399399,0.9862610697746277,0.8047289848327637
YPR158W-B,YNR037C,0,0.91318095,0.11119716614484787,0.9862610697746277,0.8048291802406311
YOR065W,YOR004W,0,0.91312826,0.11118486523628235,0.9862610697746277,0.8049293756484985
YJL021C,YDR469W,0,0.9129195,0.11117256432771683,0.9862610697746277,0.805029571056366
YLR259C,YJR096W,0,0.9128014,0.1111602708697319,0.9862610697746277,0.8051297664642334
YER108C,YDL031W,0,0.9122223,0.11114797741174698,0.9862610697746277,0.8052299618721008
YGR217W,YPL130W,0,0.912175,0.11113568395376205,0.9862610697746277,0.8053300976753235
YDR345C,YIL018W,0,0.9115418,0.11112339794635773,0.9862610697746277,0.8054302930831909
YOL012C,YNL164C,0,0.9111081,0.1111111119389534,0.9862610697746277,0.8055304884910583
YGR109W-A,YBR181C,0,0.91094315,0.11109882593154907,0.9862610697746277,0.8056306838989258
YFL025C,YPL126W,0,0.910846,0.11108654737472534,0.9862610697746277,0.8057308793067932
YPR154W,YGR082W,0,0.9108287,0.11107426881790161,0.9862610697746277,0.8058310747146606
YDR367W,YPR169W,0,0.9107185,0.11106199771165848,0.9862610697746277,0.8059312701225281
YIL037C,YBR218C,0,0.91059065,0.11104972660541534,0.9862610697746277,0.8060314655303955
YPL056C,YIL130W,0,0.9098316,0.11103745549917221,0.9862610697746277,0.8061316609382629
YKL150W,YNL065W,0,0.90975755,0.11102518439292908,0.9862610697746277,0.8062318563461304
YDR325W,YDR087C,0,0.9092366,0.11101292073726654,0.9862610697746277,0.8063320517539978
YLR466W,YFL035C-A,0,0.9081796,0.1110006645321846,0.9862610697746277,0.8064322471618652
YOL023W,YOR241W,0,0.9077073,0.11098840087652206,0.9862610697746277,0.8065323829650879
YCL017C,YJR123W,0,0.90730464,0.11097615212202072,0.9862610697746277,0.8066325783729553
YNL145W,YIL118W,0,0.90665513,0.11096389591693878,0.9862610697746277,0.8067327737808228
YML023C,YGR109W-A,0,0.90637696,0.11095164716243744,0.9862610697746277,0.8068329691886902
YLR227W-A,YLR284C,0,0.90565586,0.1109393984079361,0.9862610697746277,0.8069331645965576
YDL134C-A,YJR050W,0,0.905486,0.11092714965343475,0.9862610697746277,0.807033360004425
YGL189C,YHR088W,0,0.90467095,0.11091490834951401,0.9862610697746277,0.8071335554122925
YKL029C,YLR001C,0,0.90394056,0.11090266704559326,0.9862610697746277,0.8072337508201599
YJL096W,YPL193W,0,0.90387994,0.11089043319225311,0.9862610697746277,0.8073339462280273
YHL038C,YOL086W-A,0,0.90186256,0.11087819933891296,0.9862610697746277,0.8074341416358948
YNL221C,YLL018C-A,0,0.9018365,0.11086596548557281,0.9862610697746277,0.8075343370437622
YJL078C,YBR016W,0,0.9018194,0.11085373908281326,0.9862610697746277,0.8076345324516296
YDR168W,YFL035C-A,0,0.9017755,0.11084151268005371,0.9862610697746277,0.8077346682548523
YLR227W-A,YMR035W,0,0.9017068,0.11082928627729416,0.9862610697746277,0.8078348636627197
YHR108W,YGL240W,1,0.9015646,0.11092733591794968,0.9872424006462097,0.8078348636627197
YLR227W-A,YMR059W,0,0.9006893,0.11091510206460953,0.9872424006462097,0.8079350590705872
YPL036W,YOR065W,0,0.90023965,0.11090287566184998,0.9872424006462097,0.8080352544784546
YKL069W,YER056C,0,0.89994127,0.11089064925909042,0.9872424006462097,0.808135449886322
YPL043W,YPL076W,0,0.89993507,0.11087843030691147,0.9872424006462097,0.8082356452941895
YCL029C,YKR095W-A,0,0.89981246,0.11086621135473251,0.9872424006462097,0.8083358407020569
YIL056W,YER005W,0,0.8993672,0.11085399240255356,0.9872424006462097,0.8084360361099243
YGR235C,YML120C,0,0.8993577,0.1108417809009552,0.9872424006462097,0.8085362315177917
YGR161W-A,YPR155C,0,0.89842093,0.11082956939935684,0.9872424006462097,0.8086364269256592
YDR098C-A,YCL035C,0,0.89801544,0.11081735789775848,0.9872424006462097,0.8087366223335266
YMR158W,YMR242C,0,0.8978843,0.11080515384674072,0.9872424006462097,0.808836817741394
YDR361C,YBR112C,0,0.8977592,0.11079294979572296,0.9872424006462097,0.8089369535446167
YER007C-A,YOR266W,0,0.8976964,0.1107807531952858,0.9872424006462097,0.8090371489524841
YHR165C,YHR202W,0,0.8962462,0.11076855659484863,0.9872424006462097,0.8091373443603516
YBR003W,YGL053W,0,0.8957039,0.11075635999441147,0.9872424006462097,0.809237539768219
YMR220W,YDR469W,0,0.8955984,0.1107441633939743,0.9872424006462097,0.8093377351760864
YGL070C,YKL006W,0,0.8953925,0.11073197424411774,0.9872424006462097,0.8094379305839539
YNL284C-B,YPL145C,0,0.8953868,0.11071978509426117,0.9872424006462097,0.8095381259918213
YKR093W,YCL012W,0,0.8952809,0.1107076033949852,0.9872424006462097,0.8096383213996887
YPR154W,YOR363C,0,0.89492875,0.11069542169570923,0.9872424006462097,0.8097385168075562
YDR350C,YIL123W,0,0.8936421,0.11068323999643326,0.9872424006462097,0.8098387122154236
YLR277C,YER028C,0,0.8923645,0.11067106574773788,0.9872424006462097,0.809938907623291
YDR210C-D,YPL262W,0,0.89104164,0.11065889149904251,0.9872424006462097,0.8100391030311584
YOR101W,YKL052C,0,0.8909538,0.11064672470092773,0.9872424006462097,0.8101392388343811
YGR129W,YER071C,0,0.89000756,0.11063455045223236,0.9872424006462097,0.8102394342422485
YDL220C,YBL031W,0,0.8890463,0.11062239110469818,0.9872424006462097,0.810339629650116
YOL132W,YLR299W,0,0.8873621,0.1106102243065834,0.9872424006462097,0.8104398250579834
YGR161W-A,YPL254W,0,0.8870356,0.11059806495904922,0.9872424006462097,0.8105400204658508
YNL284C-B,YFR024C-A,0,0.8863529,0.11058590561151505,0.9872424006462097,0.8106402158737183
YNL063W,YPL097W,0,0.8856478,0.11057375371456146,0.9872424006462097,0.8107404112815857
YDR375C,YAL019W,0,0.8848267,0.11056160181760788,0.9872424006462097,0.8108406066894531
YGR109W-A,YPR141C,0,0.8842952,0.1105494499206543,0.9872424006462097,0.8109408020973206
YMR158W,YHR214C-C,0,0.8839232,0.11053730547428131,0.9872424006462097,0.811040997505188
YJL110C,YML021C,0,0.88385266,0.11052516102790833,0.9872424006462097,0.8111411929130554
YHR158C,YKR095W,0,0.8835309,0.11051301658153534,0.9872424006462097,0.8112413883209229
YPL126W,YEL024W,0,0.8827577,0.11050087958574295,0.9872424006462097,0.8113415241241455
YCR107W,YOL086W-A,0,0.88207734,0.11048874258995056,0.9872424006462097,0.8114417195320129
YPR128C,YAL026C,0,0.8816205,0.11047660559415817,0.9872424006462097,0.8115419149398804
YFR024C,YOL116W,0,0.8799035,0.11046447604894638,0.9872424006462097,0.8116421103477478
YMR048W,YDL145C,0,0.8798889,0.11045234650373459,0.9872424006462097,0.8117423057556152
YOR078W,YML047C,0,0.8797046,0.1104402244091034,0.9872424006462097,0.8118425011634827
YAL002W,YNL130C,0,0.8794455,0.1104281023144722,0.9872424006462097,0.8119426965713501
YBL072C,YFL035C-A,0,0.877604,0.110415980219841,0.9872424006462097,0.8120428919792175
YNL056W,YOR011W,0,0.8775862,0.1104038655757904,0.9872424006462097,0.812143087387085
YFL056C,YBR085W,0,0.87747335,0.11039175093173981,0.9872424006462097,0.8122432827949524
YOL069W,YJL069C,0,0.87746,0.11037963628768921,0.9872424006462097,0.8123434782028198
YJR102C,YOR156C,1,0.87606823,0.11047723889350891,0.9882237315177917,0.8123434782028198
YHR005C,YGL219C,0,0.87570375,0.11046511679887772,0.9882237315177917,0.8124436140060425
YIL087C,YMR195W,0,0.8745582,0.11045300215482712,0.9882237315177917,0.8125438094139099
YDL235C,YDR365W-A,0,0.87372196,0.11044088751077652,0.9882237315177917,0.8126440048217773
YBR295W,YIL167W,0,0.87292933,0.11042877286672592,0.9882237315177917,0.8127442002296448
YJR131W,YPL176C,1,0.87263346,0.11052631586790085,0.9892051219940186,0.8127442002296448
YFR024C,YIL148W,0,0.87259674,0.11051420122385025,0.9892051219940186,0.8128443956375122
YBR254C,YPL183C,0,0.8723875,0.11050208657979965,0.9892051219940186,0.8129445910453796
YER044C-A,YOR032C,0,0.8718301,0.11048997193574905,0.9892051219940186,0.8130447864532471
YJL216C,YML047C,0,0.8717362,0.11047785729169846,0.9892051219940186,0.8131449818611145
YIL068C,YDR365C,0,0.87140524,0.11046575009822845,0.9892051219940186,0.8132451772689819
YNL020C,YKL155C,0,0.8707104,0.11045365035533905,0.9892051219940186,0.8133453726768494
YDR100W,YHR214C-C,0,0.8707005,0.11044155061244965,0.9892051219940186,0.8134455680847168
YDL175C,YBR254C,0,0.870631,0.11042945086956024,0.9892051219940186,0.8135457634925842
YLR154W-C,YIL005W,0,0.8705808,0.11041735112667084,0.9892051219940186,0.8136458992958069
YBR023C,YDR365C,0,0.870146,0.11040525883436203,0.9892051219940186,0.8137460947036743
YDR268W,YOR060C,0,0.8694995,0.11039316654205322,0.9892051219940186,0.8138462901115417
YGR129W,YER167W,0,0.86925125,0.11038107424974442,0.9892051219940186,0.8139464855194092
YPL058C,YBR146W,0,0.8689723,0.1103689894080162,0.9892051219940186,0.8140466809272766
YML061C,YOR158W,0,0.8685086,0.110356904566288,0.9892051219940186,0.814146876335144
YDR468C,YOL086W-A,0,0.8681021,0.11034482717514038,0.9892051219940186,0.8142470717430115
YOR065W,YLR154W-C,0,0.8675481,0.11033274978399277,0.9892051219940186,0.8143472671508789
YPL141C,YLR075W,0,0.8672215,0.11032067239284515,0.9892051219940186,0.8144474625587463
YLL067C,YNL164C,0,0.8671126,0.11030860245227814,0.9892051219940186,0.8145476579666138
YDR517W,YHR080C,0,0.86645997,0.11029653251171112,0.9892051219940186,0.8146478533744812
YDR316W-B,YOL116W,0,0.8659713,0.1102844625711441,0.9892051219940186,0.8147480487823486
YDR098C-A,YDL046W,0,0.86528635,0.11027240008115768,0.9892051219940186,0.8148481845855713
YLR227W-A,YPL253C,0,0.86508703,0.11026033759117126,0.9892051219940186,0.8149483799934387
YEL020W-A,YEL051W,0,0.8646125,0.11024827510118484,0.9892051219940186,0.8150485754013062
YMR105C,YEL032W,0,0.8644196,0.11023622006177902,0.9892051219940186,0.8151487708091736
YNL181W,YDR365W-A,0,0.8635925,0.1102241650223732,0.9892051219940186,0.815248966217041
YHR009C,YOR258W,0,0.8635329,0.11021211743354797,0.9892051219940186,0.8153491616249084
YBR091C,YMR131C,0,0.8614356,0.11020006239414215,0.9892051219940186,0.8154493570327759
YLL026W,YLR442C,0,0.86054325,0.11018802225589752,0.9892051219940186,0.8155495524406433
YER056C,YIR019C,0,0.8601624,0.1101759746670723,0.9892051219940186,0.8156497478485107
YNL284C-B,YLR417W,0,0.8598794,0.11016393452882767,0.9892051219940186,0.8157499432563782
YOR249C,YGL016W,0,0.8591755,0.11015189439058304,0.9892051219940186,0.8158501386642456
YHR204W,YML011C,0,0.85916936,0.110139861702919,0.9892051219940186,0.815950334072113
YHL025W,YOL086W-A,0,0.8585892,0.11012782901525497,0.9892051219940186,0.8160504698753357
YDR316W-B,YGR245C,0,0.8579905,0.11011579632759094,0.9892051219940186,0.8161506652832031
YGR055W,YDR002W,0,0.85649824,0.11010377109050751,0.9892051219940186,0.8162508606910706
YPL203W,YLR154W-C,0,0.85621655,0.11009174585342407,0.9892051219940186,0.816351056098938
YLR390W-A,YPL117C,0,0.85605526,0.11007972061634064,0.9892051219940186,0.8164512515068054
YDL091C,YPR158W-B,0,0.8556336,0.1100677028298378,0.9892051219940186,0.8165514469146729
YGR109W-A,YGR004W,0,0.85510653,0.11005568504333496,0.9892051219940186,0.8166516423225403
YKL081W,YDL117W,0,0.85472465,0.11004366725683212,0.9892051219940186,0.8167518377304077
YGR103W,YDR280W,0,0.8546807,0.11003165692090988,0.9892051219940186,0.8168520331382751
YPL183C,YDL117W,0,0.8537731,0.11001964658498764,0.9892051219940186,0.8169522285461426
YGR109W-A,YLR115W,0,0.85323834,0.1100076362490654,0.9892051219940186,0.81705242395401
YNL284C-B,YDR301W,0,0.85198265,0.10999563336372375,0.9892051219940186,0.8171526193618774
YGR254W,YPL141C,0,0.8513758,0.10998363047838211,0.9892051219940186,0.8172527551651001
YGR109W-A,YHR020W,0,0.8510822,0.10997163504362106,0.9892051219940186,0.8173529505729675
YGL076C,YCR044C,0,0.8510747,0.10995963960886002,0.9892051219940186,0.817453145980835
YOR136W,YPR010C,0,0.8509166,0.10994764417409897,0.9892051219940186,0.8175533413887024
YLR227W-A,YML086C,0,0.85073864,0.10993565618991852,0.9892051219940186,0.8176535367965698
YPL135W,YHR133C,0,0.8506701,0.10992366075515747,0.9892051219940186,0.8177537322044373
YHR185C,YER142C,0,0.85015213,0.10991168022155762,0.9892051219940186,0.8178539276123047
YEL044W,YNR071C,0,0.8497982,0.10989969223737717,0.9892051219940186,0.8179541230201721
YLR258W,YOR343C-A,0,0.84960294,0.10988771170377731,0.9892051219940186,0.8180543184280396
YGR266W,YHR079C-B,0,0.84960294,0.10987573862075806,0.9892051219940186,0.818154513835907
YPR071W,YLR154W-C,0,0.84960294,0.1098637580871582,0.9892051219940186,0.8182547092437744
YMR237W,YER053C-A,0,0.84960294,0.10985178500413895,0.9892051219940186,0.8183548450469971
YJL021C,YDL119C,0,0.84960294,0.10983981937170029,0.9892051219940186,0.8184550404548645
YBR200W-A,YER053C-A,0,0.84960294,0.10982784628868103,0.9892051219940186,0.8185552358627319
YFR010W,YDR210W-C,0,0.84960294,0.10981588065624237,0.9892051219940186,0.8186554312705994
YBR200W-A,YNL081C,0,0.84960294,0.10980392247438431,0.9892051219940186,0.8187556266784668
YGR109W-A,YBL005W,0,0.84960294,0.10979196429252625,0.9892051219940186,0.8188558220863342
YLL018C,YER053C-A,0,0.84960294,0.10978000611066818,0.9892051219940186,0.8189560174942017
YMR105C,YOR343C-A,0,0.84960294,0.10976804792881012,0.9892051219940186,0.8190562129020691
YPL168W,YBR090C-A,0,0.84960294,0.10975609719753265,0.9892051219940186,0.8191564083099365
YLR004C,YBR200W-A,0,0.84960294,0.10974414646625519,0.9892051219940186,0.819256603717804
YDR316W-B,YCR021C,0,0.84960294,0.10973220318555832,0.9892051219940186,0.8193567991256714
YJL133C-A,YHR110W,0,0.84960294,0.10972025990486145,0.9892051219940186,0.8194569945335388
YDR490C,YER053C-A,0,0.84960294,0.10970831662416458,0.9892051219940186,0.8195571303367615
YMR274C,YBR200W-A,0,0.84960294,0.10969637334346771,0.9892051219940186,0.8196573257446289
YKL014C,YOR343C-A,0,0.84960294,0.10968443751335144,0.9892051219940186,0.8197575211524963
YOR258W,YOR343C-A,0,0.84960294,0.10967250913381577,0.9892051219940186,0.8198577165603638
YCR058C,YMR074C,0,0.84960294,0.1096605733036995,0.9892051219940186,0.8199579119682312
YHL050C,YOL086W-A,0,0.84960294,0.10964864492416382,0.9892051219940186,0.8200581073760986
YLR377C,YBR200W-A,0,0.84960294,0.10963671654462814,0.9892051219940186,0.8201583027839661
YOR316C,YER053C-A,0,0.84960294,0.10962479561567307,0.9892051219940186,0.8202584981918335
YLR234W,YBR200W-A,0,0.84960294,0.10961287468671799,0.9892051219940186,0.8203586935997009
YIL096C,YER108C,0,0.84960294,0.10960095375776291,0.9892051219940186,0.8204588890075684
YKR096W,YKR095W-A,0,0.84960294,0.10958904027938843,0.9892051219940186,0.8205590844154358
YOR091W,YDR210W-C,0,0.84960294,0.10957712680101395,0.9892051219940186,0.8206592798233032
YPL001W,YER053C-A,0,0.84960294,0.10956522077322006,0.9892051219940186,0.8207594156265259
YJL133C-A,YIL167W,0,0.84960294,0.10955330729484558,0.9892051219940186,0.8208596110343933
YFL035C-B,YLR413W,0,0.84960294,0.1095414012670517,0.9892051219940186,0.8209598064422607
YJL133C-A,YIL053W,0,0.84960294,0.10952950268983841,0.9892051219940186,0.8210600018501282
YDR210W-C,YJR054W,0,0.84960294,0.10951760411262512,0.9892051219940186,0.8211601972579956
YBR180W,YOR343C-A,0,0.84960294,0.10950570553541183,0.9892051219940186,0.821260392665863
YML098W,YJL133C-A,0,0.84960294,0.10949380695819855,0.9892051219940186,0.8213605880737305
YPR158W-B,YCL005W-A,0,0.84960294,0.10948191583156586,0.9892051219940186,0.8214607834815979
YGR174C,YBR200W-A,0,0.84960294,0.10947002470493317,0.9892051219940186,0.8215609788894653
YBR045C,YER053C-A,0,0.84960294,0.10945814102888107,0.9892051219940186,0.8216611742973328
YBR200W-A,YCL048W,0,0.84960294,0.10944625735282898,0.9892051219940186,0.8217613697052002
YJL133C-A,YNL118C,0,0.84960294,0.10943437367677689,0.9892051219940186,0.8218615651130676
YPR003C,YDR210W-C,0,0.84960294,0.10942249000072479,0.9892051219940186,0.8219617009162903
YCR058C,YMR262W,0,0.84960294,0.1094106137752533,0.9892051219940186,0.8220618963241577
YDR188W,YER053C-A,0,0.84960294,0.1093987375497818,0.9892051219940186,0.8221620917320251
YFR024C,YBR016W,0,0.84960294,0.1093868687748909,0.9892051219940186,0.8222622871398926
YJL133C-A,YFR053C,0,0.84960294,0.109375,0.9892051219940186,0.82236248254776
YBL080C,YOR343C-A,0,0.84960294,0.1093631312251091,0.9892051219940186,0.8224626779556274
YIL043C,YDR210W-C,0,0.84960294,0.1093512699007988,0.9892051219940186,0.8225628733634949
YDR441C,YER053C-A,0,0.84960294,0.1093394085764885,0.9892051219940186,0.8226630687713623
YPL018W,YER053C-A,0,0.84960294,0.10932754725217819,0.9892051219940186,0.8227632641792297
YBR200W-A,YJL003W,0,0.84960294,0.10931569337844849,0.9892051219940186,0.8228634595870972
YDL209C,YER053C-A,0,0.84960294,0.10930383950471878,0.9892051219940186,0.8229636549949646
YJL133C-A,YDR309C,0,0.84960294,0.10929198563098907,0.9892051219940186,0.823063850402832
YGL025C,YDR210W-C,0,0.84960294,0.10928013920783997,0.9892051219940186,0.8231639862060547
YDR210W-C,YNL055C,0,0.84960294,0.10926829278469086,0.9892051219940186,0.8232641816139221
YBR200W-A,YOR254C,0,0.84960294,0.10925644636154175,0.9892051219940186,0.8233643770217896
YBR200W-A,YHL015W,0,0.84960294,0.10924460738897324,0.9892051219940186,0.823464572429657
YLR234W,YER053C-A,0,0.84960294,0.10923276841640472,0.9892051219940186,0.8235647678375244
YDR210W-C,YOR254C,0,0.84960294,0.10922093689441681,0.9892051219940186,0.8236649632453918
YDL012C,YFL018W-A,0,0.84960294,0.1092090979218483,0.9892051219940186,0.8237651586532593
YBR200W-A,YDL123W,0,0.84960294,0.10919726639986038,0.9892051219940186,0.8238653540611267
YMR232W,YOR343C-A,0,0.84960294,0.10918544232845306,0.9892051219940186,0.8239655494689941
YDR160W,YER053C-A,0,0.84960294,0.10917361825704575,0.9892051219940186,0.8240657448768616
YDL209C,YDR098C-B,0,0.84960294,0.10916179418563843,0.9892051219940186,0.824165940284729
YGR266W,YFL035C-A,0,0.84960294,0.10914997011423111,0.9892051219940186,0.8242660760879517
YDR210W-C,YDL012C,0,0.84960294,0.10913815349340439,0.9892051219940186,0.8243662714958191
YGR204W,YDR210W-C,0,0.84960294,0.10912633687257767,0.9892051219940186,0.8244664669036865
YJL133C-A,YHR114W,0,0.84960294,0.10911452770233154,0.9892051219940186,0.824566662311554
YLL031C,YBR200W-A,0,0.84960294,0.10910271853208542,0.9892051219940186,0.8246668577194214
YAR009C,YER053C-A,0,0.84960294,0.1090909093618393,0.9892051219940186,0.8247670531272888
YDR210W-C,YDL018C,0,0.84960294,0.10907910764217377,0.9892051219940186,0.8248672485351562
YEL032W,YNL054W-A,0,0.84960294,0.10906729847192764,0.9892051219940186,0.8249674439430237
YBR054W,YER053C-A,0,0.84960294,0.10905550420284271,0.9892051219940186,0.8250676393508911
YLR284C,YJL133C-A,0,0.84960294,0.10904370248317719,0.9892051219940186,0.8251678347587585
YDL072C,YJL133C-A,0,0.84960294,0.10903190821409225,0.9892051219940186,0.825268030166626
YGR235C,YDR210W-C,0,0.84960294,0.10902011394500732,0.9892051219940186,0.8253682255744934
YJL133C-A,YBL038W,0,0.84960294,0.10900832712650299,0.9892051219940186,0.8254683613777161
YDR210W-C,YPL235W,0,0.84960294,0.10899654030799866,0.9892051219940186,0.8255685567855835
YBR212W,YOR343C-A,0,0.84960294,0.10898475348949432,0.9892051219940186,0.8256687521934509
YJL021C,YDR316W-B,0,0.84960294,0.10897297412157059,0.9892051219940186,0.8257689476013184
YNL054W-A,YNR071C,0,0.84960294,0.10896119475364685,0.9892051219940186,0.8258691430091858
YBR200W-A,YER139C,0,0.84960294,0.10894941538572311,0.9892051219940186,0.8259693384170532
YMR131C,YOR343C-A,0,0.84960294,0.10893764346837997,0.9892051219940186,0.8260695338249207
YJL133C-A,YPL075W,0,0.84960294,0.10892587155103683,0.9892051219940186,0.8261697292327881
YPR097W,YDR210W-C,0,0.84960294,0.1089140996336937,0.9892051219940186,0.8262699246406555
YHR033W,YOL086W-A,0,0.84960294,0.10890233516693115,0.9892051219940186,0.826370120048523
YKL026C,YER053C-A,0,0.84960294,0.10889057070016861,0.9892051219940186,0.8264703154563904
YPL061W,YER053C-A,0,0.84960294,0.10887880623340607,0.9892051219940186,0.8265705108642578
YCL068C,YCL012W,0,0.84960294,0.10886704921722412,0.9892051219940186,0.8266706466674805
YDR545W,YOR343C-A,0,0.84960294,0.10885529220104218,0.9892051219940186,0.8267708420753479
YML092C,YER053C-A,0,0.84960294,0.10884353518486023,0.9892051219940186,0.8268710374832153
YCR086W,YBR200W-A,0,0.84960294,0.10883178561925888,0.9892051219940186,0.8269712328910828
YLL057C,YOR343C-A,0,0.84960294,0.10882003605365753,0.9892051219940186,0.8270714282989502
YBR200W-A,YLL053C,0,0.84960294,0.10880828648805618,0.9892051219940186,0.8271716237068176
YDR210W-C,YBR034C,0,0.84960294,0.10879654437303543,0.9892051219940186,0.8272718191146851
YKR096W,YDL134C-A,0,0.84960294,0.10878480225801468,0.9892051219940186,0.8273720145225525
YDR210W-C,YGR044C,0,0.84960294,0.10877306759357452,0.9892051219940186,0.8274722099304199
YMR192W,YJL133C-A,0,0.84960294,0.10876133292913437,0.9892051219940186,0.8275724053382874
YDR210W-C,YKR088C,0,0.84960294,0.10874959826469421,0.9892051219940186,0.8276726007461548
YPR148C,YLR154W-C,0,0.84960294,0.10873786360025406,0.9892051219940186,0.8277727961540222
YJL133C-A,YBL063W,0,0.84960294,0.1087261363863945,0.9892051219940186,0.8278729319572449
YBR200W-A,YOR032C,0,0.84960294,0.10871440917253494,0.9892051219940186,0.8279731273651123
YPL036W,YDR210W-C,0,0.84960294,0.10870268195867538,0.9892051219940186,0.8280733227729797
YJL167W,YDR210W-C,0,0.84960294,0.10869096219539642,0.9892051219940186,0.8281735181808472
YJL133C-A,YBR212W,0,0.84960294,0.10867924243211746,0.9892051219940186,0.8282737135887146
YDR127W,YDR300C,0,0.84934914,0.1086675301194191,0.9892051219940186,0.828373908996582
YPR158W-B,YDR365C,0,0.8490584,0.10865581780672073,0.9892051219940186,0.8284741044044495
YCR058C,YHR090C,0,0.8484947,0.10864410549402237,0.9892051219940186,0.8285742998123169
YBR100W,YPL006W,0,0.8482595,0.108632393181324,0.9892051219940186,0.8286744952201843
YPR158W-B,YLR259C,0,0.84823376,0.10862068831920624,0.9892051219940186,0.8287746906280518
YGR235C,YGR109W-A,0,0.84817684,0.10860898345708847,0.9892051219940186,0.8288748860359192
YPR158W-B,YBR208C,0,0.8472679,0.1085972860455513,0.9892051219940186,0.8289750814437866
YKL045W,YDR316W-B,0,0.8471999,0.10858558863401413,0.9892051219940186,0.8290752172470093
YDR098C-A,YLR054C,0,0.8467649,0.10857389122247696,0.9892051219940186,0.8291754126548767
YHR154W,YEL006W,0,0.8464524,0.10856219381093979,0.9892051219940186,0.8292756080627441
YJL162C,YGR161C-D,0,0.8463514,0.10855050384998322,0.9892051219940186,0.8293758034706116
YJR109C,YHR157W,0,0.8461398,0.10853882133960724,0.9892051219940186,0.829475998878479
YDR441C,YIL038C,0,0.84551346,0.10852713137865067,0.9892051219940186,0.8295761942863464
YNL103W,YGR109W-A,0,0.84500194,0.10851544886827469,0.9892051219940186,0.8296763896942139
YPL225W,YBR131W,0,0.8449714,0.10850376635789871,0.9892051219940186,0.8297765851020813
YNL133C,YDR365W-A,0,0.8449353,0.10849209129810333,0.9892051219940186,0.8298767805099487
YLR131C,YDR135C,0,0.844806,0.10848041623830795,0.9892051219940186,0.8299769759178162
YKL194C,YJL021C,0,0.8446908,0.10846874117851257,0.9892051219940186,0.8300771713256836
YMR275C,YDR301W,0,0.8445089,0.1084570661187172,0.9892051219940186,0.830177366733551
YLR092W,YJL196C,0,0.8444414,0.10844539850950241,0.9892051219940186,0.8302775025367737
YDR004W,YGL127C,0,0.8441279,0.10843373835086823,0.9892051219940186,0.8303776979446411
YGR082W,YKL006W,0,0.8437541,0.10842207074165344,0.9892051219940186,0.8304778933525085
YGR205W,YLR058C,0,0.8425831,0.10841041058301926,0.9892051219940186,0.830578088760376
YDR259C,YPL010W,0,0.8425125,0.10839875042438507,0.9892051219940186,0.8306782841682434
YMR274C,YLR019W,0,0.8424893,0.10838709771633148,0.9892051219940186,0.8307784795761108
YDR023W,YNL062C,0,0.8422431,0.1083754450082779,0.9892051219940186,0.8308786749839783
YDR482C,YPR071W,0,0.8418567,0.1083637923002243,0.9892051219940186,0.8309788703918457
YPR158W-B,YKR027W,0,0.84183717,0.10835214704275131,0.9892051219940186,0.8310790657997131
YER014W,YDL220C,0,0.84180886,0.10834050178527832,0.9892051219940186,0.8311792612075806
YDL098C,YIL043C,0,0.84000486,0.10832885652780533,0.9892051219940186,0.831279456615448
YMR274C,YCR065W,0,0.8398912,0.10831721127033234,0.9892051219940186,0.8313795924186707
YLR227W-A,YOR156C,0,0.8392956,0.10830557346343994,0.9892051219940186,0.8314797878265381
YNL137C,YOR011W,0,0.8391913,0.10829394310712814,0.9892051219940186,0.8315799832344055
YJR046W,YNR053C,0,0.8388282,0.10828230530023575,0.9892051219940186,0.831680178642273
YGL115W,YFL018W-A,0,0.83809304,0.10827067494392395,0.9892051219940186,0.8317803740501404
YDR041W,YGL111W,0,0.83760786,0.10825905203819275,0.9892051219940186,0.8318805694580078
YJL089W,YBR100W,0,0.837278,0.10824742168188095,0.9892051219940186,0.8319807648658752
YKL033W,YJL168C,0,0.83702576,0.10823579877614975,0.9892051219940186,0.8320809602737427
YPL198W,YKR088C,0,0.8367716,0.10822417587041855,0.9892051219940186,0.8321811556816101
YDR372C,YGR122W,0,0.83628213,0.10821256041526794,0.9892051219940186,0.8322813510894775
YGR296W,YGR083C,0,0.8361378,0.10820094496011734,0.9892051219940186,0.832381546497345
YOR156C,YLR056W,0,0.8359378,0.10818932950496674,0.9892051219940186,0.8324817419052124
YIL144W,YHL035C,0,0.8355553,0.10817772150039673,0.9892051219940186,0.8325818777084351
YGR235C,YFR024C,0,0.8354186,0.10816611349582672,0.9892051219940186,0.8326820731163025
YOR091W,YJL058C,0,0.8334522,0.10815450549125671,0.9892051219940186,0.8327822685241699
YNL286W,YBL063W,0,0.8330394,0.1081429049372673,0.9892051219940186,0.8328824639320374
YKL185W,YOR241W,0,0.83276397,0.1081313043832779,0.9892051219940186,0.8329826593399048
YJL183W,YBR153W,0,0.8325155,0.10811970382928848,0.9892051219940186,0.8330828547477722
YER176W,YGR004W,0,0.83128715,0.10810811072587967,0.9892051219940186,0.8331830501556396
YIR004W,YHL035C,0,0.8310487,0.10809651762247086,0.9892051219940186,0.8332832455635071
YKR053C,YER143W,0,0.83101106,0.10808492451906204,0.9892051219940186,0.8333834409713745
YDR469W,YAL068C,0,0.8303783,0.10807333886623383,0.9892051219940186,0.8334836363792419
YIR004W,YHR214C-C,0,0.82993394,0.10806175321340561,0.9892051219940186,0.8335838317871094
YBR069C,YLR052W,0,0.82894754,0.10805016756057739,0.9892051219940186,0.8336840271949768
YDL243C,YDR464W,0,0.82849157,0.10803858190774918,0.9892051219940186,0.8337841629981995
YDL081C,YBR085W,0,0.8283483,0.10802700370550156,0.9892051219940186,0.8338843584060669
YIL119C,YGR109W-A,0,0.8270994,0.10801543295383453,0.9892051219940186,0.8339845538139343
YGR161C-D,YHL021C,0,0.82550865,0.10800385475158691,0.9892051219940186,0.8340847492218018
YKL134C,YOL086W-A,0,0.82537365,0.10799228399991989,0.9892051219940186,0.8341849446296692
YNL045W,YPL225W,0,0.8253362,0.10798072069883347,0.9892051219940186,0.8342851400375366
YCR045C,YNR048W,0,0.82526153,0.10796914994716644,0.9892051219940186,0.834385335445404
YGR109W-A,YER040W,0,0.8251498,0.10795758664608002,0.9892051219940186,0.8344855308532715
YDL134C-A,YHR120W,0,0.824409,0.10794602334499359,0.9892051219940186,0.8345857262611389
YBL007C,YGR109W-A,0,0.8242614,0.10793446749448776,0.9892051219940186,0.8346859216690063
YDR227W,YOL103W-A,0,0.8242614,0.10792291164398193,0.9892051219940186,0.8347861170768738
YIL022W,YGR129W,0,0.82381374,0.1079113557934761,0.9892051219940186,0.8348863124847412
YER038C,YMR207C,0,0.82283294,0.10789980739355087,0.9892051219940186,0.8349864482879639
YCL044C,YOL086W-A,0,0.8227867,0.10788825899362564,0.9892051219940186,0.8350866436958313
YPR154W,YCR065W,0,0.8227391,0.10787671059370041,0.9892051219940186,0.8351868391036987
YGR060W,YGL064C,0,0.8226629,0.10786516964435577,0.9892051219940186,0.8352870345115662
YHR197W,YNL054W-A,0,0.82254595,0.10785362869501114,0.9892051219940186,0.8353872299194336
YGL246C,YDR190C,0,0.8222163,0.1078420877456665,0.9892051219940186,0.835487425327301
YER056C,YLR193C,0,0.8208192,0.10783055424690247,0.9892051219940186,0.8355876207351685
YDR439W,YNR052C,0,0.82078826,0.10781902074813843,0.9892051219940186,0.8356878161430359
YJL089W,YKR072C,0,0.82051253,0.10780748724937439,0.9892051219940186,0.8357880115509033
YLR227W-A,YDR482C,0,0.8203845,0.10779596120119095,0.9892051219940186,0.8358882069587708
YPR055W,YNL278W,0,0.82013565,0.10778442770242691,0.9892051219940186,0.8359884023666382
YGR161W-A,YKR027W,0,0.8185908,0.10777290910482407,0.9892051219940186,0.8360885977745056
YGR181W,YHR118C,0,0.8184634,0.10776138305664062,0.9892051219940186,0.8361887335777283
YKR075C,YGR109W-A,0,0.81822777,0.10774986445903778,0.9892051219940186,0.8362889289855957
YIL106W,YHL006C,0,0.818083,0.10773835331201553,0.9892051219940186,0.8363891243934631
YGR161W-A,YKL192C,0,0.8165707,0.10772683471441269,0.9892051219940186,0.8364893198013306
YGR296W,YKR083C,0,0.81612927,0.10771532356739044,0.9892051219940186,0.836589515209198
YNL054W-A,YNL029C,0,0.815379,0.1077038124203682,0.9892051219940186,0.8366897106170654
YBR016W,YBR272C,0,0.81535006,0.10769230872392654,0.9892051219940186,0.8367899060249329
YDR212W,YDR098C-B,0,0.8149407,0.1076808050274849,0.9892051219940186,0.8368901014328003
YHR090C,YDR300C,0,0.81486565,0.10766930133104324,0.9892051219940186,0.8369902968406677
YNR032C-A,YNL056W,0,0.81447566,0.10765780508518219,0.9892051219940186,0.8370904922485352
YBR254C,YNL180C,0,0.8141874,0.10764630138874054,0.9892051219940186,0.8371906876564026
YJR150C,YPL010W,0,0.8138685,0.10763481259346008,0.9892051219940186,0.8372908234596252
YOR049C,YDR210C-D,0,0.8132591,0.10762331634759903,0.9892051219940186,0.8373910188674927
YOR049C,YLR154W-C,0,0.81258225,0.10761182755231857,0.9892051219940186,0.8374912142753601
YCL017C,YPR158W-B,0,0.8118325,0.10760033875703812,0.9892051219940186,0.8375914096832275
YPR158W-B,YMR261C,0,0.8117566,0.10758885741233826,0.9892051219940186,0.837691605091095
YNL243W,YJR153W,0,0.81150395,0.1075773760676384,0.9892051219940186,0.8377918004989624
YPL171C,YNL284C-B,0,0.81143177,0.10756589472293854,0.9892051219940186,0.8378919959068298
YOL103W-A,YDL139C,0,0.8110111,0.10755442082881927,0.9892051219940186,0.8379921913146973
YAL048C,YJL181W,0,0.81037843,0.10754293948411942,0.9892051219940186,0.8380923867225647
YHR108W,YHR193C,0,0.80993223,0.10753147304058075,0.9892051219940186,0.8381925821304321
YBR091C,YHR214C-C,0,0.80932575,0.10751999914646149,0.9892051219940186,0.8382927775382996
YLR390W-A,YJR120W,0,0.808409,0.10750853270292282,0.9892051219940186,0.838392972946167
YKR085C,YHR214C-C,0,0.8079084,0.10749706625938416,0.9892051219940186,0.8384931087493896
YDR210C-D,YLR337C,0,0.80779976,0.10748560726642609,0.9892051219940186,0.8385933041572571
YHR009C,YDR468C,0,0.80771196,0.10747414082288742,0.9892051219940186,0.8386934995651245
YPR095C,YLR313C,0,0.80752164,0.10746268928050995,0.9892051219940186,0.8387936949729919
YOL144W,YOR254C,0,0.80725574,0.10745123028755188,0.9892051219940186,0.8388938903808594
YJL059W,YDR098C-B,0,0.807009,0.10743977874517441,0.9892051219940186,0.8389940857887268
YDR098C-A,YBR107C,0,0.8061603,0.10742832720279694,0.9892051219940186,0.8390942811965942
YJR131W,YDR365W-A,0,0.80612636,0.10741688311100006,0.9892051219940186,0.8391944766044617
YPR169W,YLR068W,0,0.80591935,0.10740543156862259,0.9892051219940186,0.8392946720123291
YKL194C,YER093C,0,0.8058369,0.10739398747682571,0.9892051219940186,0.8393948674201965
YOR189W,YHR088W,0,0.8058287,0.10738255083560944,0.9892051219940186,0.839495062828064
YDR087C,YDL076C,0,0.80525017,0.10737111419439316,0.9892051219940186,0.8395952582359314
YLR227W-A,YMR261C,0,0.8051466,0.10735967755317688,0.9892051219940186,0.839695394039154
YAL051W,YNL054W-A,0,0.8051255,0.1073482409119606,0.9892051219940186,0.8397955894470215
YEL018W,YOR119C,0,0.8050454,0.10733681172132492,0.9892051219940186,0.8398957848548889
YDL230W,YMR220W,0,0.8048999,0.10732538253068924,0.9892051219940186,0.8399959802627563
YDR098C-A,YHR014W,0,0.8041694,0.10731396079063416,0.9892051219940186,0.8400961756706238
YGR161W-A,YHR139C,0,0.80412006,0.10730253159999847,0.9892051219940186,0.8401963710784912
YOR267C,YJR035W,0,0.80409884,0.10729110985994339,0.9892051219940186,0.8402965664863586
YOR383C,YGR109W-A,0,0.80375135,0.1072796955704689,0.9892051219940186,0.8403967618942261
YPR143W,YDR365W-A,0,0.80362093,0.10726827383041382,0.9892051219940186,0.8404969573020935
YKR072C,YER071C,0,0.8030751,0.10725685954093933,0.9892051219940186,0.8405971527099609
YCR058C,YEL032W,0,0.80284,0.10724545270204544,0.9892051219940186,0.8406973481178284
YFL035C-B,YEL019C,0,0.8024945,0.10723404586315155,0.9892051219940186,0.8407975435256958
YCR105W,YJL035C,0,0.8022955,0.10722263902425766,0.9892051219940186,0.8408976793289185
YHR158C,YHR079C-B,0,0.80211437,0.10721123218536377,0.9892051219940186,0.8409978747367859
YCR031C,YLR007W,0,0.8014688,0.10719983279705048,0.9892051219940186,0.8410980701446533
YLR315W,YIL069C,0,0.8013873,0.10718843340873718,0.9892051219940186,0.8411982655525208
YMR076C,YIR026C,0,0.8011484,0.10717703402042389,0.9892051219940186,0.8412984609603882
YBR233W-A,YIL064W,0,0.80104905,0.10716564208269119,0.9892051219940186,0.8413986563682556
YNL045W,YPL156C,0,0.8006543,0.1071542501449585,0.9892051219940186,0.841498851776123
YMR053C,YGR109W-A,0,0.7988077,0.1071428582072258,0.9892051219940186,0.8415990471839905
YKR095W-A,YDL139C,0,0.7980543,0.1071314662694931,0.9892051219940186,0.8416992425918579
YLR019W,YEL051W,0,0.7978997,0.107120081782341,0.9892051219940186,0.8417994379997253
YER179W,YDR316W-B,0,0.7973224,0.1071087047457695,0.9892051219940186,0.8418996334075928
YOR192C,YBR218C,0,0.79728717,0.1070973202586174,0.9892051219940186,0.8419998288154602
YMR242C,YML031W,0,0.7972468,0.1070859432220459,0.9892051219940186,0.8420999646186829
YOL086W-A,YPL006W,0,0.79708314,0.1070745661854744,0.9892051219940186,0.8422001600265503
YBR107C,YBR218C,0,0.7961782,0.10706319659948349,0.9892051219940186,0.8423003554344177
YBL013W,YMR091C,0,0.7941852,0.10705182701349258,0.9892051219940186,0.8424005508422852
YDR210C-D,YHR157W,0,0.79339075,0.10704045742750168,0.9892051219940186,0.8425007462501526
YDR210C-D,YEL039C,0,0.7921796,0.10702909529209137,0.9892051219940186,0.84260094165802
YMR050C,YKL039W,0,0.79197925,0.10701773315668106,0.9892051219940186,0.8427011370658875
YBR078W,YMR074C,0,0.7918027,0.10700637102127075,0.9892051219940186,0.8428013324737549
YGL243W,YNL062C,0,0.79134095,0.10699500888586044,0.9892051219940186,0.8429015278816223
YDR468C,YML096W,0,0.7912438,0.10698365420103073,0.9892051219940186,0.8430017232894897
YML067C,YJR109C,0,0.79092777,0.10697229951620102,0.9892051219940186,0.8431019186973572
YER007C-A,YOR195W,0,0.79010487,0.1069609522819519,0.9892051219940186,0.8432020545005798
YBR054W,YCL064C,0,0.7898315,0.10694960504770279,0.9892051219940186,0.8433022499084473
YCR107W,YKL110C,0,0.7891525,0.10693825781345367,0.9892051219940186,0.8434024453163147
YDR328C,YGR161C-D,0,0.788731,0.10692691057920456,0.9892051219940186,0.8435026407241821
YML101C,YDR316W-B,0,0.78744936,0.10691557079553604,0.9892051219940186,0.8436028361320496
YPR158W-B,YBR043C,0,0.78714055,0.10690423101186752,0.9892051219940186,0.843703031539917
YAR042W,YHR214C-C,0,0.78701496,0.1068928986787796,0.9892051219940186,0.8438032269477844
YJR102C,YGR161W-A,0,0.78548425,0.10688155889511108,0.9892051219940186,0.8439034223556519
YDR365W-A,YPL040C,0,0.78545976,0.10687022656202316,0.9892051219940186,0.8440036177635193
YDR098C-A,YHR096C,0,0.7852858,0.10685890167951584,0.9892051219940186,0.8441038131713867
YML100W,YBR003W,0,0.7849184,0.10684756934642792,0.9892051219940186,0.8442040085792542
YNL284C-B,YOR157C,0,0.78485596,0.1068362444639206,0.9892051219940186,0.8443042039871216
YPR105C,YDR098C-B,0,0.78409916,0.10682492703199387,0.9892051219940186,0.8444043397903442
YNL284C-B,YOR192C,0,0.7837312,0.10681360960006714,0.9892051219940186,0.8445045351982117
YDR122W,YJL208C,0,0.7834965,0.10680229216814041,0.9892051219940186,0.8446047306060791
YNL081C,YBR100W,0,0.78346366,0.10679097473621368,0.9892051219940186,0.8447049260139465
YNL284C-B,YDL087C,0,0.783253,0.10677965730428696,0.9892051219940186,0.844805121421814
YJL021C,YOR236W,0,0.78300595,0.10676834732294083,0.9892051219940186,0.8449053168296814
YLR227W-A,YDR080W,0,0.7825402,0.10675704479217529,0.9892051219940186,0.8450055122375488
YLL042C,YIL017W,1,0.78150153,0.10685163736343384,0.9901864528656006,0.8450055122375488
YGR161W-A,YGR094W,0,0.78108793,0.10684031993150711,0.9901864528656006,0.8451057076454163
YLR075W,YDR080W,0,0.7807505,0.10682900995016098,0.9901864528656006,0.8452059030532837
YPR106W,YBR100W,0,0.78073746,0.10681769996881485,0.9901864528656006,0.8453060984611511
YPL169C,YMR220W,0,0.7801727,0.10680638998746872,0.9901864528656006,0.8454062938690186
YDR111C,YIL005W,0,0.7800462,0.10679508745670319,0.9901864528656006,0.845506489276886
YGR181W,YJL021C,0,0.77966946,0.10678378492593765,0.9901864528656006,0.8456066250801086
YGL098W,YOR195W,0,0.7796673,0.10677248984575272,0.9901864528656006,0.8457068204879761
YDR235W,YDR007W,0,0.7792849,0.10676118731498718,0.9901864528656006,0.8458070158958435
YCR035C,YEL044W,0,0.7789802,0.10674989223480225,0.9901864528656006,0.8459072113037109
YGL098W,YNL054W-A,0,0.77813447,0.1067386046051979,0.9901864528656006,0.8460074067115784
YOR119C,YGR161C-D,0,0.77794504,0.10672730952501297,0.9901864528656006,0.8461076021194458
YLR227W-A,YDR023W,0,0.77766633,0.10671602189540863,0.9901864528656006,0.8462077975273132
YGL246C,YPL161C,0,0.7774989,0.10670473426580429,0.9901864528656006,0.8463079929351807
YDR545W,YOR247W,0,0.7762973,0.10669345408678055,0.9901864528656006,0.8464081883430481
YLL026W,YCL051W,0,0.7757903,0.1066821739077568,0.9901864528656006,0.8465083837509155
YLR390W-A,YPL140C,0,0.77554,0.10667089372873306,0.9901864528656006,0.846608579158783
YPR133C,YLR092W,0,0.7751924,0.10665962100028992,0.9901864528656006,0.8467087745666504
YOR080W,YER087C-A,1,0.775179,0.10675404220819473,0.9911677837371826,0.8467087745666504
YJL162C,YPL198W,0,0.77509016,0.10674276202917099,0.9911677837371826,0.846808910369873
YDL160C,YDR361C,0,0.7750304,0.10673148185014725,0.9911677837371826,0.8469091057777405
YKR095W-A,YER081W,0,0.7744468,0.1067202016711235,0.9911677837371826,0.8470093011856079
YMR001C,YGR208W,0,0.7741809,0.10670892894268036,0.9911677837371826,0.8471094965934753
YDL003W,YGR204W,0,0.77388936,0.10669765621423721,0.9911677837371826,0.8472096920013428
YIL022W,YKL006W,0,0.7728174,0.10668638348579407,0.9911677837371826,0.8473098874092102
YCR045C,YOL122C,0,0.77177244,0.10667511820793152,0.9911677837371826,0.8474100828170776
YOR335C,YNL278W,0,0.77080464,0.10666385293006897,0.9911677837371826,0.8475102782249451
YDR345C,YBR254C,0,0.77067816,0.10665258765220642,0.9911677837371826,0.8476104736328125
YNL284C-B,YDR122W,0,0.7705513,0.10664132982492447,0.9911677837371826,0.8477106690406799
YKL185W,YLR249W,0,0.77033716,0.10663006454706192,0.9911677837371826,0.8478108644485474
YDR441C,YAL026C,0,0.76874715,0.10661881417036057,0.9911677837371826,0.8479110598564148
YIL064W,YNL038W,0,0.76809734,0.10660755634307861,0.9911677837371826,0.8480111956596375
YDR316W-B,YLR019W,0,0.7679581,0.10659630596637726,0.9911677837371826,0.8481113910675049
YBR169C,YMR050C,0,0.7674526,0.1065850555896759,0.9911677837371826,0.8482115864753723
YHR088W,YGR161C-D,0,0.76730037,0.10657381266355515,0.9911677837371826,0.8483117818832397
YCR107W,YHR197W,0,0.76580113,0.10656256228685379,0.9911677837371826,0.8484119772911072
YER102W,YLR435W,0,0.76542115,0.10655132681131363,0.9911677837371826,0.8485121726989746
YKR096W,YGR129W,0,0.7652416,0.10654008388519287,0.9911677837371826,0.848612368106842
YOR357C,YOL086W-A,0,0.7649765,0.10652884840965271,0.9911677837371826,0.8487125635147095
YGL063W,YDR150W,0,0.764952,0.10651761293411255,0.9911677837371826,0.8488127589225769
YDL134C-A,YDR176W,0,0.764151,0.10650637745857239,0.9911677837371826,0.8489129543304443
YPL018W,YOL086W-A,0,0.7636934,0.10649514943361282,0.9911677837371826,0.8490131497383118
YBR065C,YDR316W-B,0,0.76368225,0.10648392140865326,0.9911677837371826,0.8491132855415344
YOL103W-A,YPR169W,0,0.763142,0.1064726933836937,0.9911677837371826,0.8492134809494019
YGL098W,YPR008W,0,0.76311994,0.10646147280931473,0.9911677837371826,0.8493136763572693
YEL001C,YNL063W,0,0.76285106,0.10645025223493576,0.9911677837371826,0.8494138717651367
YLR384C,YPL253C,0,0.7625071,0.1064390316605568,0.9911677837371826,0.8495140671730042
YIL019W,YOR060C,0,0.76231635,0.10642781853675842,0.9911677837371826,0.8496142625808716
YNL137C,YER179W,0,0.76222503,0.10641660541296005,0.9911677837371826,0.849714457988739
YOR236W,YOR247W,0,0.76204956,0.10640539228916168,0.9911677837371826,0.8498146533966064
YMR074C,YOR059C,0,0.7613138,0.10639418661594391,0.9911677837371826,0.8499148488044739
YFR016C,YGR060W,0,0.7598101,0.10638298094272614,0.9911677837371826,0.8500150442123413
YNL041C,YGR094W,0,0.7597873,0.10637177526950836,0.9911677837371826,0.8501152396202087
YLR239C,YGR030C,0,0.7597176,0.10636056959629059,0.9911677837371826,0.8502154350280762
YOR334W,YBR085W,0,0.7596134,0.10634937137365341,0.9911677837371826,0.8503155708312988
YML057W,YNL054W-A,0,0.75837183,0.10633817315101624,0.9911677837371826,0.8504157662391663
YPL169C,YJL216C,0,0.75831956,0.10632698237895966,0.9911677837371826,0.8505159616470337
YNL054W-A,YOL095C,0,0.7579627,0.10631579160690308,0.9911677837371826,0.8506161570549011
YNL133C,YDR397C,0,0.7578941,0.1063046008348465,0.9911677837371826,0.8507163524627686
YHL028W,YPR180W,0,0.7575927,0.10629341006278992,0.9911677837371826,0.850816547870636
YGL028C,YEL001C,0,0.7575214,0.10628222674131393,0.9911677837371826,0.8509167432785034
YHL017W,YLL024C,0,0.75636786,0.10627104341983795,0.9911677837371826,0.8510169386863708
YOR032C,YKL138C,0,0.7561477,0.10625986009836197,0.9911677837371826,0.8511171340942383
YOR129C,YKL192C,0,0.756079,0.10624868422746658,0.9911677837371826,0.8512173295021057
YHR009C,YJR120W,0,0.75572914,0.1062375083565712,0.9911677837371826,0.8513175249099731
YDR422C,YHR214C-C,0,0.7553089,0.10622633248567581,0.9911677837371826,0.8514177203178406
YGR181W,YHR190W,0,0.754681,0.10621516406536102,0.9911677837371826,0.8515178561210632
YML120C,YJR123W,0,0.7546199,0.10620399564504623,0.9911677837371826,0.8516180515289307
YPL001W,YER178W,0,0.7543013,0.10619282722473145,0.9911677837371826,0.8517182469367981
YBR029C,YBL038W,0,0.7534331,0.10618166625499725,0.9911677837371826,0.8518184423446655
YOR262W,YDL031W,0,0.7533535,0.10617050528526306,0.9911677837371826,0.851918637752533
YPR120C,YDR437W,0,0.7530035,0.10615934431552887,0.9911677837371826,0.8520188331604004
YMR063W,YJR042W,0,0.7527089,0.10614819079637527,0.9911677837371826,0.8521190285682678
YIL014W,YLL021W,0,0.75255,0.10613702982664108,0.9911677837371826,0.8522192239761353
YPL168W,YDR365W-A,0,0.7525378,0.10612587630748749,0.9911677837371826,0.8523194193840027
YMR009W,YBL014C,0,0.7512777,0.10611473023891449,0.9911677837371826,0.8524196147918701
YPR071W,YER178W,0,0.7509595,0.10610358417034149,0.9911677837371826,0.8525198101997375
YDR430C,YPR199C,0,0.750862,0.1060924381017685,0.9911677837371826,0.852620005607605
YIL075C,YPL262W,0,0.75022507,0.1060812920331955,0.9911677837371826,0.8527201414108276
YNL111C,YKL039W,0,0.7501498,0.1060701534152031,0.9911677837371826,0.8528203368186951
YLR413W,YJL216C,0,0.74765635,0.1060590147972107,0.9911677837371826,0.8529205322265625
YMR318C,YKL043W,0,0.7470451,0.10604787617921829,0.9911677837371826,0.8530207276344299
YDR325W,YOR271C,0,0.746958,0.10603674501180649,0.9911677837371826,0.8531209230422974
YBR038W,YNL031C,0,0.7468752,0.10602561384439468,0.9911677837371826,0.8532211184501648
YBR069C,YPL010W,0,0.7458831,0.10601448267698288,0.9911677837371826,0.8533213138580322
YKL129C,YKR072C,0,0.74569285,0.10600335896015167,0.9911677837371826,0.8534215092658997
YJL186W,YPL135W,0,0.74568313,0.10599223524332047,0.9911677837371826,0.8535217046737671
YHR214C-C,YDR257C,0,0.745432,0.10598111152648926,0.9911677837371826,0.8536219000816345
YPL117C,YKR072C,0,0.7452878,0.10596999526023865,0.9911677837371826,0.853722095489502
YDR111C,YML076C,0,0.7449894,0.10595887899398804,0.9911677837371826,0.8538222908973694
YGL028C,YKR095W-A,0,0.74491215,0.10594776272773743,0.9911677837371826,0.853922426700592
YOR358W,YOR001W,0,0.7446841,0.10593664646148682,0.9911677837371826,0.8540226221084595
YER056C,YER014W,0,0.7440087,0.1059255376458168,0.9911677837371826,0.8541228175163269
YIL038C,YOR253W,0,0.7428229,0.10591442883014679,0.9911677837371826,0.8542230129241943
YPR057W,YFL018W-A,0,0.7425695,0.10590332746505737,0.9911677837371826,0.8543232083320618
YPR158W-B,YKL079W,0,0.74226946,0.10589221864938736,0.9911677837371826,0.8544234037399292
YHR165C,YBL087C,0,0.74161834,0.10588111728429794,0.9911677837371826,0.8545235991477966
YLR154W-C,YNL111C,0,0.74144495,0.10587002336978912,0.9911677837371826,0.8546237945556641
YJL110C,YLR131C,0,0.7414218,0.10585892200469971,0.9911677837371826,0.8547239899635315
YKR064W,YCR035C,0,0.7406857,0.10584782809019089,0.9911677837371826,0.8548241853713989
YCR105W,YNL036W,0,0.7403742,0.10583674162626266,0.9911677837371826,0.8549243807792664
YNR055C,YNR071C,0,0.7402251,0.10582564771175385,0.9911677837371826,0.8550245761871338
YOR032C,YNL048W,0,0.7393836,0.10581456124782562,0.9911677837371826,0.8551247119903564
YMR048W,YLL021W,0,0.7392367,0.1058034747838974,0.9911677837371826,0.8552249073982239
YDR328C,YML086C,0,0.739218,0.10579239577054977,0.9911677837371826,0.8553251028060913
YHR214C-C,YLR432W,0,0.7386707,0.10578131675720215,0.9911677837371826,0.8554252982139587
YNL059C,YOR330C,0,0.73822486,0.10577023774385452,0.9911677837371826,0.8555254936218262
YCL005W-A,YMR001C,0,0.73731863,0.1057591587305069,0.9911677837371826,0.8556256890296936
YHR205W,YJR042W,0,0.73697567,0.10574808716773987,0.9911677837371826,0.855725884437561
YOL103W-A,YGL016W,0,0.7368678,0.10573701560497284,0.9911677837371826,0.8558260798454285
YOR320C,YPL006W,0,0.7360173,0.10572595149278641,0.9911677837371826,0.8559262752532959
YGR266W,YDR381W,0,0.7349341,0.10571488738059998,0.9911677837371826,0.8560264706611633
YOL103W-A,YLR092W,0,0.7347418,0.10570382326841354,0.9911677837371826,0.8561266660690308
YPL105C,YGR211W,0,0.7338607,0.10569275915622711,0.9911677837371826,0.8562268018722534
YIL056W,YDR039C,0,0.7331948,0.10568170249462128,0.9911677837371826,0.8563269972801208
YOR334W,YNR048W,0,0.73241633,0.10567064583301544,0.9911677837371826,0.8564271926879883
YNL024C,YLR068W,0,0.7316198,0.1056595891714096,0.9911677837371826,0.8565273880958557
YCR107W,YBL087C,0,0.73114294,0.10564853250980377,0.9911677837371826,0.8566275835037231
YPL183C,YOR158W,0,0.7308755,0.10563748329877853,0.9911677837371826,0.8567277789115906
YAL059W,YHL015W,0,0.7302009,0.10562644153833389,0.9911677837371826,0.856827974319458
YDL189W,YER159C,0,0.73013365,0.10561539232730865,0.9911677837371826,0.8569281697273254
YGR097W,YHL011C,0,0.7296831,0.10560435056686401,0.9911677837371826,0.8570283651351929
YOR045W,YMR215W,0,0.72967046,0.10559330880641937,0.9911677837371826,0.8571285605430603
YDL175C,YML081W,0,0.7266628,0.10558226704597473,0.9911677837371826,0.8572287559509277
YNL240C,YPL193W,0,0.72416025,0.10557123273611069,0.9911677837371826,0.8573289513587952
YIL019W,YIL173W,0,0.7230727,0.10556019842624664,0.9911677837371826,0.8574290871620178
YHR165C,YLR382C,0,0.72247934,0.1055491715669632,0.9911677837371826,0.8575292825698853
YKL043W,YDR406W,0,0.7218598,0.10553813725709915,0.9911677837371826,0.8576294779777527
YBR233W-A,YOR119C,0,0.7214332,0.1055271103978157,0.9911677837371826,0.8577296733856201
YMR015C,YBL038W,0,0.72068983,0.10551609098911285,0.9911677837371826,0.8578298687934875
YLR194C,YJL083W,0,0.72047174,0.1055050641298294,0.9911677837371826,0.857930064201355
YCR016W,YOL095C,0,0.7201543,0.10549404472112656,0.9911677837371826,0.8580302596092224
YDR325W,YBL047C,0,0.7201034,0.1054830253124237,0.9911677837371826,0.8581304550170898
YKL185W,YNL068C,0,0.720052,0.10547201335430145,0.9911677837371826,0.8582306504249573
YPR158W-B,YLR019W,0,0.7197119,0.1054610013961792,0.9911677837371826,0.8583308458328247
YBL035C,YBR023C,0,0.71928763,0.10544998943805695,0.9911677837371826,0.8584310412406921
YGL053W,YNR059W,0,0.71747845,0.10543897747993469,0.9911677837371826,0.8585312366485596
YHR185C,YOR335C,0,0.71731913,0.10542797297239304,0.9911677837371826,0.8586313724517822
YBL007C,YOL121C,0,0.71696424,0.10541696846485138,0.9911677837371826,0.8587315678596497
YPR143W,YDL031W,0,0.7168622,0.10540597140789032,0.9911677837371826,0.8588317632675171
YDR528W,YMR131C,0,0.71652627,0.10539496690034866,0.9911677837371826,0.8589319586753845
YOR359W,YDR045C,0,0.716187,0.1053839698433876,0.9911677837371826,0.859032154083252
YGL115W,YDR284C,0,0.7160454,0.10537298023700714,0.9911677837371826,0.8591323494911194
YDR316W-B,YKL197C,0,0.71514964,0.10536198318004608,0.9911677837371826,0.8592325448989868
YML081W,YGR007W,0,0.7146872,0.10535099357366562,0.9911677837371826,0.8593327403068542
YBR016W,YDR292C,0,0.71352184,0.10534001141786575,0.9911677837371826,0.8594329357147217
YGR260W,YMR149W,0,0.7133938,0.10532902181148529,0.9911677837371826,0.8595331311225891
YGR122W,YHL006C,0,0.7127582,0.10531803965568542,0.9911677837371826,0.8596333265304565
YDL091C,YJL021C,0,0.71231633,0.10530705749988556,0.9911677837371826,0.859733521938324
YDR098C-A,YDL091C,0,0.7118001,0.10529608279466629,0.9911677837371826,0.8598336577415466
YPR158W-B,YKL058W,0,0.7118001,0.10528510063886642,0.9911677837371826,0.8599338531494141
YHL017W,YPL234C,0,0.71132374,0.10527413338422775,0.9911677837371826,0.8600340485572815
YAL068C,YPL061W,0,0.7102049,0.10526315867900848,0.9911677837371826,0.8601342439651489
YHR108W,YOR335C,0,0.71019495,0.10525219142436981,0.9911677837371826,0.8602344393730164
YJL078C,YDR165W,0,0.70962214,0.10524122416973114,0.9911677837371826,0.8603346347808838
YNL045W,YHR139C,0,0.709539,0.10523025691509247,0.9911677837371826,0.8604348301887512
YOL020W,YFL005W,0,0.709406,0.1052192971110344,0.9911677837371826,0.8605350255966187
YOR004W,YLR328W,0,0.7089779,0.10520832985639572,0.9911677837371826,0.8606352210044861
YLL024C,YMR048W,0,0.7069113,0.10519737750291824,0.9911677837371826,0.8607354164123535
YKL063C,YJR096W,0,0.70664597,0.10518641769886017,0.9911677837371826,0.860835611820221
YER123W,YIR031C,0,0.7058654,0.10517546534538269,0.9911677837371826,0.8609358072280884
YKL155C,YBR060C,0,0.70566785,0.10516451299190521,0.9911677837371826,0.861035943031311
YNL137C,YPL209C,0,0.70557785,0.10515356808900833,0.9911677837371826,0.8611361384391785
YLR143W,YER071C,0,0.70552117,0.10514261573553085,0.9911677837371826,0.8612363338470459
YOR002W,YJR096W,0,0.7052125,0.10513167828321457,0.9911677837371826,0.8613365292549133
YPL043W,YJL196C,0,0.704787,0.10512073338031769,0.9911677837371826,0.8614367246627808
YPL063W,YLR068W,0,0.70462596,0.1051097959280014,0.9911677837371826,0.8615369200706482
YOR065W,YKL054C,0,0.70330524,0.10509885847568512,0.9911677837371826,0.8616371154785156
YOR091W,YDR300C,0,0.7018187,0.10508792102336884,0.9911677837371826,0.8617373108863831
YLR196W,YNL094W,0,0.7016682,0.10507698357105255,0.9911677837371826,0.8618375062942505
YOR264W,YDR110W,0,0.70115143,0.10506605356931686,0.9911677837371826,0.8619377017021179
YPR010C,YLR363C,0,0.70064616,0.10505513101816177,0.9911677837371826,0.8620378971099854
YML120C,YPL097W,0,0.7005925,0.10504420101642609,0.9911677837371826,0.862138032913208
YOR081C,YAL056W,0,0.70025074,0.105033278465271,0.9911677837371826,0.8622382283210754
YMR234W,YIL013C,0,0.6999838,0.1050223559141159,0.9911677837371826,0.8623384237289429
YBL031W,YGL078C,0,0.6997719,0.10501143336296082,0.9911677837371826,0.8624386191368103
YNL063W,YLR067C,0,0.6995883,0.10500051826238632,0.9911677837371826,0.8625388145446777
YOL020W,YLR061W,0,0.6995288,0.10498960316181183,0.9911677837371826,0.8626390099525452
YAL028W,YLR460C,0,0.6994083,0.10497869551181793,0.9911677837371826,0.8627392053604126
YPL146C,YPR007C,0,0.69775236,0.10496778041124344,0.9911677837371826,0.86283940076828
YHR214C-C,YJL035C,0,0.6967374,0.10495687276124954,0.9911677837371826,0.8629395961761475
YDL240W,YOL103W-A,0,0.6967374,0.10494596511125565,0.9911677837371826,0.8630397915840149
YER062C,YLR154W-C,0,0.69656736,0.10493506491184235,0.9911677837371826,0.8631399869918823
YIL053W,YDR399W,0,0.6949918,0.10492416471242905,0.9911677837371826,0.8632401823997498
YIL098C,YKL029C,0,0.6947467,0.10491326451301575,0.9911677837371826,0.8633403182029724
YNL328C,YJR153W,0,0.694492,0.10490237176418304,0.9911677837371826,0.8634405136108398
YKR095W-A,YMR131C,0,0.6926428,0.10489147156476974,0.9911677837371826,0.8635407090187073
YIL053W,YPL224C,0,0.6924554,0.10488057881593704,0.9911677837371826,0.8636409044265747
YOL144W,YDR303C,0,0.6922388,0.10486969351768494,0.9911677837371826,0.8637410998344421
YDR463W,YMR183C,0,0.691975,0.10485880076885223,0.9911677837371826,0.8638412952423096
YOR177C,YOR109W,0,0.6908543,0.10484791547060013,0.9911677837371826,0.863941490650177
YKR093W,YNL081C,0,0.689209,0.10483703762292862,0.9911677837371826,0.8640416860580444
YOR091W,YDR430C,0,0.68884826,0.10482615232467651,0.9911677837371826,0.8641418814659119
YDL175C,YKL043W,0,0.6881692,0.104815274477005,0.9911677837371826,0.8642420768737793
YKL033W,YMR205C,0,0.6879495,0.1048043966293335,0.9911677837371826,0.8643422722816467
YNL132W,YOL103W-A,0,0.6876418,0.10479352623224258,0.9911677837371826,0.8644424676895142
YPR188C,YOR001W,0,0.6875551,0.10478265583515167,0.9911677837371826,0.8645426034927368
YKR034W,YDR135C,0,0.6870459,0.10477178543806076,0.9911677837371826,0.8646427989006042
YER072W,YPL233W,0,0.68615466,0.10476091504096985,0.9911677837371826,0.8647429943084717
YIL087C,YLR154W-C,0,0.6856252,0.10475005209445953,0.9911677837371826,0.8648431897163391
YPR173C,YJL162C,0,0.6856133,0.10473918914794922,0.9911677837371826,0.8649433851242065
YDR316W-B,YGR296W,0,0.6851451,0.1047283262014389,0.9911677837371826,0.865043580532074
YNL137C,YPL207W,0,0.6831058,0.10471747070550919,0.9911677837371826,0.8651437759399414
YCR018C,YPL117C,0,0.6823547,0.10470661520957947,0.9911677837371826,0.8652439713478088
YGL226W,YCR005C,0,0.68190265,0.10469575971364975,0.9911677837371826,0.8653441667556763
YKL081W,YJL168C,0,0.6817404,0.10468491166830063,0.9911677837371826,0.8654443621635437
YIL018W,YNL111C,0,0.68091106,0.10467405617237091,0.9911677837371826,0.8655445575714111
YIL056W,YKL087C,0,0.68037415,0.10466321557760239,0.9911677837371826,0.8656447529792786
YDR009W,YPL010W,0,0.67994446,0.10465236753225327,0.9911677837371826,0.8657448887825012
YGL078C,YFL035C-A,0,0.67927974,0.10464152693748474,0.9911677837371826,0.8658450841903687
YBL013W,YPL056C,0,0.678117,0.10463068634271622,0.9911677837371826,0.8659452795982361
YDL081C,YMR158W,0,0.67686343,0.10461984574794769,0.9911677837371826,0.8660454750061035
YHR154W,YGL129C,0,0.67682576,0.10460901260375977,0.9911677837371826,0.866145670413971
YOR267C,YPR175W,0,0.675056,0.10459817945957184,0.9911677837371826,0.8662458658218384
YMR076C,YDL135C,0,0.67489064,0.10458734631538391,0.9911677837371826,0.8663460612297058
YHR122W,YLR037C,0,0.67386484,0.10457651317119598,0.9911677837371826,0.8664462566375732
YKR095W-A,YDR438W,0,0.6736313,0.10456568747758865,0.9911677837371826,0.8665464520454407
YHR205W,YBR254C,0,0.67329526,0.10455486178398132,0.9911677837371826,0.8666466474533081
YOR258W,YOR109W,0,0.6719854,0.10454404354095459,0.9911677837371826,0.8667468428611755
YER044C-A,YOR359W,0,0.671402,0.10453322529792786,0.9911677837371826,0.866847038269043
YJL012C,YIR026C,0,0.6713259,0.10452240705490112,0.9911677837371826,0.8669471740722656
YNL243W,YPL010W,0,0.6698592,0.10451158881187439,0.9911677837371826,0.8670473694801331
YHR108W,YGR217W,0,0.6681235,0.10450077801942825,0.9911677837371826,0.8671475648880005
YOL086W-A,YER060W,0,0.66717136,0.10448996722698212,0.9911677837371826,0.8672477602958679
YOL020W,YER127W,0,0.6659095,0.10447915643453598,0.9911677837371826,0.8673479557037354
YOR330C,YER108C,0,0.6650999,0.10446834564208984,0.9911677837371826,0.8674481511116028
YMR041C,YLL067C,0,0.6637838,0.1044575423002243,0.9911677837371826,0.8675483465194702
YNR048W,YBR121C,0,0.6632786,0.10444673895835876,0.9911677837371826,0.8676485419273376
YMR207C,YMR195W,0,0.6628411,0.10443594306707382,0.9911677837371826,0.8677487373352051
YPL171C,YFR047C,0,0.66270995,0.10442514717578888,0.9911677837371826,0.8678489327430725
YIR019C,YOR358W,0,0.6612761,0.10441435128450394,0.9911677837371826,0.8679491281509399
YGR193C,YIL009W,0,0.6604727,0.104403555393219,0.9911677837371826,0.8680492639541626
YHR210C,YLR347C,0,0.65949565,0.10439276695251465,0.9911677837371826,0.86814945936203
YKL043W,YER005W,0,0.6588515,0.1043819785118103,0.9911677837371826,0.8682496547698975
YCR107W,YOR335C,0,0.65579414,0.10437119007110596,0.9911677837371826,0.8683498501777649
YMR048W,YHR096C,0,0.6551106,0.10436040163040161,0.9911677837371826,0.8684500455856323
YNR048W,YKL060C,0,0.65417606,0.10434962064027786,0.9911677837371826,0.8685502409934998
YER062C,YBR069C,0,0.6537843,0.10433883965015411,0.9911677837371826,0.8686504364013672
YOR247W,YKL138C-A,0,0.65171754,0.10432806611061096,0.9911677837371826,0.8687506318092346
YIL173W,YGL078C,0,0.65048194,0.10431729257106781,0.9911677837371826,0.868850827217102
YDR325W,YNL216W,0,0.6498841,0.10430651903152466,0.9911677837371826,0.8689510226249695
YFL035C-B,YNL118C,0,0.64971554,0.1042957454919815,0.9911677837371826,0.8690512180328369
YML098W,YGR097W,0,0.64916325,0.10428497940301895,0.9911677837371826,0.8691514134407043
YPL176C,YOR079C,0,0.64899445,0.1042742133140564,0.9911677837371826,0.869251549243927
YOR009W,YHR080C,0,0.64869344,0.10426344722509384,0.9911677837371826,0.8693517446517944
YDR009W,YJR150C,0,0.64838254,0.10425268113613129,0.9911677837371826,0.8694519400596619
YGL028C,YCR038C,0,0.64736694,0.10424192249774933,0.9911677837371826,0.8695521354675293
YOR034C,YHR014W,0,0.6471443,0.10423116385936737,0.9911677837371826,0.8696523308753967
YDR127W,YBR045C,0,0.6470226,0.10422041267156601,0.9911677837371826,0.8697525262832642
YKR027W,YBR045C,0,0.64679897,0.10420965403318405,0.9911677837371826,0.8698527216911316
YGL027C,YPL058C,0,0.64637005,0.10419890284538269,0.9911677837371826,0.869952917098999
YBR279W,YNL055C,0,0.64632463,0.10418815910816193,0.9911677837371826,0.8700531125068665
YIL019W,YJL216C,0,0.64504814,0.10417740792036057,0.9911677837371826,0.8701533079147339
YPR100W,YGR094W,0,0.64436805,0.1041666641831398,0.9911677837371826,0.8702535033226013
YPL146C,YIR031C,0,0.644253,0.10415592789649963,0.9911677837371826,0.8703536987304688
YNL246W,YPL178W,0,0.64132786,0.10414518415927887,0.9911677837371826,0.8704538345336914
YGR202C,YLL053C,0,0.64118034,0.1041344478726387,0.9911677837371826,0.8705540299415588
YHR154W,YKL063C,0,0.64038795,0.10412371158599854,0.9911677837371826,0.8706542253494263
YHL028W,YAL056W,0,0.63916194,0.10411297529935837,0.9911677837371826,0.8707544207572937
YPR131C,YBR112C,0,0.6372467,0.1041022464632988,0.9911677837371826,0.8708546161651611
YHR165C,YKL029C,0,0.6332381,0.10409151762723923,0.9911677837371826,0.8709548115730286
YDR289C,YNL278W,0,0.63293195,0.10408078879117966,0.9911677837371826,0.871055006980896
YBL087C,YLR292C,0,0.6326318,0.10407006740570068,0.9911677837371826,0.8711552023887634
YDR464W,YHR079C-B,0,0.63220096,0.10405934602022171,0.9911677837371826,0.8712553977966309
YDL003W,YDL076C,0,0.6314932,0.10404862463474274,0.9911677837371826,0.8713555932044983
YBR069C,YMR153W,0,0.63109505,0.10403790324926376,0.9911677837371826,0.8714557886123657
YKL138C-A,YPL058C,0,0.63066256,0.10402718931436539,0.9911677837371826,0.8715559840202332
YLR185W,YDR516C,0,0.6301683,0.10401647537946701,0.9911677837371826,0.8716561198234558
YOR247W,YGR142W,0,0.62922287,0.10400576889514923,0.9911677837371826,0.8717563152313232
YER060W-A,YOR341W,0,0.6291715,0.10399505496025085,0.9911677837371826,0.8718565106391907
YDR111C,YHR020W,0,0.6282991,0.10398434847593307,0.9911677837371826,0.8719567060470581
YDR178W,YMR074C,0,0.6237421,0.10397364944219589,0.9911677837371826,0.8720569014549255
YDR019C,YML096W,0,0.62342465,0.10396294295787811,0.9911677837371826,0.872157096862793
YMR275C,YMR125W,0,0.62053984,0.10395224392414093,0.9911677837371826,0.8722572922706604
YER072W,YDL093W,0,0.62049973,0.10394154489040375,0.9911677837371826,0.8723574876785278
YNL068C,YKL114C,0,0.6203645,0.10393085330724716,0.9911677837371826,0.8724576830863953
YPL075W,YJL168C,0,0.6195898,0.10392015427350998,0.9911677837371826,0.8725578784942627
YML100W,YPL040C,0,0.61826706,0.1039094626903534,0.9911677837371826,0.8726580739021301
YML100W,YHR103W,0,0.61681265,0.1038987785577774,0.9911677837371826,0.8727582693099976
YJR132W,YIL011W,0,0.61634445,0.10388808697462082,0.9911677837371826,0.8728584051132202
YIL096C,YGL226W,0,0.6161993,0.10387740284204483,0.9911677837371826,0.8729586005210876
YGL246C,YNL130C,0,0.6133174,0.10386671870946884,0.9911677837371826,0.8730587959289551
YHR096C,YKL060C,0,0.6115867,0.10385604202747345,0.9911677837371826,0.8731589913368225
YDR276C,YGR138C,0,0.6090555,0.10384536534547806,0.9911677837371826,0.8732591867446899
YCR065W,YDR407C,0,0.6088207,0.10383468866348267,0.9911677837371826,0.8733593821525574
YEL020W-A,YGL092W,0,0.6087236,0.10382401198148727,0.9911677837371826,0.8734595775604248
YAR033W,YBR131W,0,0.6084864,0.10381334275007248,0.9911677837371826,0.8735597729682922
YDR464W,YDR110W,0,0.60809875,0.10380267351865768,0.9911677837371826,0.8736599683761597
YJR120W,YOR019W,0,0.60778856,0.10379200428724289,0.9911677837371826,0.8737601637840271
YLR293C,YHR005C,0,0.60743946,0.10378134250640869,0.9911677837371826,0.8738603591918945
YNL137C,YER108C,0,0.6059951,0.1037706807255745,0.9911677837371826,0.873960554599762
YCL029C,YPR174C,0,0.60564494,0.1037600189447403,0.9911677837371826,0.8740606904029846
YML023C,YML011C,0,0.6055491,0.1037493571639061,0.9911677837371826,0.874160885810852
YPR100W,YER060W-A,0,0.60552716,0.1037387028336525,0.9911677837371826,0.8742610812187195
YLR092W,YOR271C,0,0.60440856,0.1037280485033989,0.9911677837371826,0.8743612766265869
YKL026C,YDR150W,0,0.60259247,0.1037173941731453,0.9911677837371826,0.8744614720344543
YOR101W,YPL179W,0,0.6016118,0.10370674729347229,0.9911677837371826,0.8745616674423218
YHR120W,YHR090C,0,0.6011067,0.10369610041379929,0.9911677837371826,0.8746618628501892
YKL138C-A,YML031W,0,0.6004069,0.10368545353412628,0.9911677837371826,0.8747620582580566
YDL189W,YDL046W,0,0.59925276,0.10367480665445328,0.9911677837371826,0.8748622536659241
YKL062W,YKL054C,0,0.59899616,0.10366416722536087,0.9911677837371826,0.8749624490737915
YKR095W-A,YLR023C,0,0.598639,0.10365352779626846,0.9911677837371826,0.8750626444816589
YIL147C,YGR142W,0,0.5978286,0.10364289581775665,0.9911677837371826,0.8751627802848816
YMR274C,YKL029C,0,0.5977781,0.10363225638866425,0.9911677837371826,0.875262975692749
YOR091W,YGR040W,0,0.59645444,0.10362162441015244,0.9911677837371826,0.8753631711006165
YPL224C,YKR034W,0,0.5963783,0.10361099988222122,0.9911677837371826,0.8754633665084839
YML101C,YNL024C,0,0.5963639,0.10360036790370941,0.9911677837371826,0.8755635619163513
YOR262W,YNL048W,0,0.5959366,0.1035897433757782,0.9911677837371826,0.8756637573242188
YER056C,YGL061C,0,0.5946121,0.10357911884784698,0.9911677837371826,0.8757639527320862
YJR118C,YIL137C,0,0.59288096,0.10356850177049637,0.9911677837371826,0.8758641481399536
YHR214W,YKL138C,0,0.5926367,0.10355787724256516,0.9911677837371826,0.875964343547821
YIL030C,YEL032W,0,0.5908905,0.10354726016521454,0.9911677837371826,0.8760645389556885
YIL118W,YBR131W,0,0.59073925,0.10353665053844452,0.9911677837371826,0.8761647343635559
YPR110C,YOR026W,0,0.58939457,0.1035260334610939,0.9911677837371826,0.8762649297714233
YML021C,YPR180W,0,0.58936125,0.10351542383432388,0.9911677837371826,0.876365065574646
YOR320C,YGL085W,0,0.5884722,0.10350481420755386,0.9911677837371826,0.8764652609825134
YCR058C,YER023W,0,0.58817333,0.10349421203136444,0.9911677837371826,0.8765654563903809
YHR103W,YPL175W,0,0.58773816,0.10348360985517502,0.9911677837371826,0.8766656517982483
YOR267C,YMR048W,0,0.58734655,0.1034730076789856,0.9911677837371826,0.8767658472061157
YKL026C,YBR029C,0,0.5864595,0.10346240550279617,0.9911677837371826,0.8768660426139832
YKL077W,YNL055C,0,0.58635837,0.10345181077718735,0.9911677837371826,0.8769662380218506
YIL069C,YOR048C,0,0.5855106,0.10344121605157852,0.9911677837371826,0.877066433429718
YJL110C,YHR120W,0,0.58457303,0.1034306213259697,0.9911677837371826,0.8771666288375854
YHL038C,YDR023W,0,0.58339167,0.10342002660036087,0.9911677837371826,0.8772668242454529
YPR161C,YPR175W,0,0.5827751,0.10340943932533264,0.9911677837371826,0.8773670196533203
YGL076C,YDR464W,0,0.57952464,0.10339885205030441,0.9911677837371826,0.8774672150611877
YOR316C,YFL035C-A,0,0.5793123,0.10338827222585678,0.9911677837371826,0.8775673508644104
YKR034W,YJL035C,0,0.5788064,0.10337768495082855,0.9911677837371826,0.8776675462722778
YER044C-A,YHR139C,0,0.57684374,0.10336710512638092,0.9911677837371826,0.8777677416801453
YOR018W,YML061C,0,0.57681334,0.10335652530193329,0.9911677837371826,0.8778679370880127
YER014W,YCL039W,0,0.57638454,0.10334595292806625,0.9911677837371826,0.8779681324958801
YER177W,YHR020W,0,0.57543874,0.10333538055419922,0.9911677837371826,0.8780683279037476
YDR261C,YLR181C,0,0.57516074,0.10332480818033218,0.9911677837371826,0.878168523311615
YMR076C,YHR096C,0,0.5748655,0.10331423580646515,0.9911677837371826,0.8782687187194824
YOR330C,YNL055C,0,0.5740126,0.10330367088317871,0.9911677837371826,0.8783689141273499
YER038C,YNR037C,0,0.5739531,0.10329310595989227,0.9911677837371826,0.8784691095352173
YJL183W,YOR011W,0,0.57318825,0.10328254103660583,0.9911677837371826,0.8785693049430847
YFL035C-B,YIL120W,0,0.57288516,0.1032719835639,0.9911677837371826,0.8786695003509521
YLR058C,YLR001C,0,0.5724797,0.10326142609119415,0.9911677837371826,0.8787696361541748
YMR207C,YDL087C,0,0.5706105,0.10325086861848831,0.9911677837371826,0.8788698315620422
YPL146C,YOL059W,0,0.5705865,0.10324031114578247,0.9911677837371826,0.8789700269699097
YER031C,YLR055C,0,0.5689826,0.10322976112365723,0.9911677837371826,0.8790702223777771
YLR006C,YBR169C,0,0.5685912,0.10321921110153198,0.9911677837371826,0.8791704177856445
YAR009C,YGR224W,0,0.56845605,0.10320866852998734,0.9911677837371826,0.879270613193512
YKL138C-A,YEL044W,0,0.56684864,0.10319811850786209,0.9911677837371826,0.8793708086013794
YBR086C,YER109C,0,0.56673586,0.10318757593631744,0.9911677837371826,0.8794710040092468
YPL058C,YDR165W,0,0.5667068,0.1031770333647728,0.9911677837371826,0.8795711994171143
YNR059W,YNR071C,0,0.5661992,0.10316649824380875,0.9911677837371826,0.8796713948249817
YLR409C,YGL078C,0,0.5656853,0.1031559631228447,0.9911677837371826,0.8797715902328491
YDR343C,YDR437W,0,0.5640925,0.10314542800188065,0.9911677837371826,0.8798717856407166
YHR096C,YDR437W,0,0.5636966,0.1031348928809166,0.9911677837371826,0.8799719214439392
YEL019C,YBR131W,0,0.56222147,0.10312436521053314,0.9911677837371826,0.8800721168518066
YGR174C,YNL288W,0,0.56046915,0.10311383008956909,0.9911677837371826,0.8801723122596741
YKL016C,YPR114W,0,0.56025964,0.10310330986976624,0.9911677837371826,0.8802725076675415
YER060W-A,YDR057W,0,0.56020546,0.10309278219938278,0.9911677837371826,0.8803727030754089
YDR276C,YIL011W,0,0.5581018,0.10308226197957993,0.9911677837371826,0.8804728984832764
YBL005W,YDR303C,0,0.5560118,0.10307174175977707,0.9911677837371826,0.8805730938911438
YOR273C,YOL086W-A,0,0.5559774,0.10306122153997421,0.9911677837371826,0.8806732892990112
YLR185W,YAL028W,0,0.55521345,0.10305070877075195,0.9911677837371826,0.8807734847068787
YER014W,YFL011W,0,0.5550091,0.1030401960015297,0.9911677837371826,0.8808736801147461
YLR259C,YBR089C-A,0,0.55366445,0.10302968323230743,0.9911677837371826,0.8809738755226135
YOR119C,YJR035W,0,0.5526135,0.10301917791366577,0.9911677837371826,0.8810740113258362
YBR130C,YDR021W,0,0.55174154,0.10300867259502411,0.9911677837371826,0.8811742067337036
YLR347C,YOR272W,0,0.55052984,0.10299816727638245,0.9911677837371826,0.881274402141571
YMR175W,YAL026C,0,0.5502263,0.10298766195774078,0.9911677837371826,0.8813745975494385
YER063W,YMR059W,0,0.54994655,0.10297716408967972,0.9911677837371826,0.8814747929573059
YIL064W,YLR384C,0,0.549485,0.10296666622161865,0.9911677837371826,0.8815749883651733
YOR227W,YOL086W-A,0,0.54907405,0.10295616835355759,0.9911677837371826,0.8816751837730408
YLR196W,YMR153W,0,0.5489907,0.10294567048549652,0.9911677837371826,0.8817753791809082
YBL051C,YGL045W,0,0.5485418,0.10293518006801605,0.9911677837371826,0.8818755745887756
YOR380W,YBL007C,0,0.5480268,0.10292468965053558,0.9911677837371826,0.8819757699966431
YOL069W,YDR276C,0,0.5472128,0.10291420668363571,0.9911677837371826,0.8820759654045105
YLR417W,YHR005C,0,0.5468937,0.10290371626615524,0.9911677837371826,0.8821761608123779
YKL194C,YGR178C,0,0.5429205,0.10289323329925537,0.9911677837371826,0.8822762966156006
YHR073W,YPL058C,0,0.54288894,0.1028827577829361,0.9911677837371826,0.882376492023468
YGL171W,YDR257C,0,0.5427028,0.10287227481603622,0.9911677837371826,0.8824766874313354
YDR345C,YBR130C,0,0.54260164,0.10286179929971695,0.9911677837371826,0.8825768828392029
YBR208C,YDL012C,0,0.5414103,0.10285132378339767,0.9911677837371826,0.8826770782470703
YDL175C,YLR056W,0,0.5413591,0.1028408482670784,0.9911677837371826,0.8827772736549377
YIL033C,YIL123W,0,0.5396408,0.10283038020133972,0.9911677837371826,0.8828774690628052
YOR383C,YDL220C,0,0.5395445,0.10281991213560104,0.9911677837371826,0.8829776644706726
YNR048W,YGR060W,0,0.5389636,0.10280944406986237,0.9911677837371826,0.88307785987854
YKL155C,YGR083C,0,0.5355746,0.10279898345470428,0.9911677837371826,0.8831780552864075
YJR046W,YCL064C,0,0.53434026,0.1027885228395462,0.9911677837371826,0.8832782506942749
YNL133C,YFL049W,0,0.5307981,0.10277806222438812,0.9911677837371826,0.8833784461021423
YGL028C,YDR350C,0,0.52947915,0.10276760160923004,0.9911677837371826,0.883478581905365
YMR243C,YML102W,0,0.5261109,0.10275714844465256,0.9911677837371826,0.8835787773132324
YKL185W,YKR095W-A,0,0.52216357,0.10274669528007507,0.9911677837371826,0.8836789727210999
YER032W,YER129W,0,0.52214086,0.10273624211549759,0.9911677837371826,0.8837791681289673
YGR244C,YPR105C,0,0.52203834,0.1027257964015007,0.9911677837371826,0.8838793635368347
YHR154W,YDR087C,0,0.521909,0.10271534323692322,0.9911677837371826,0.8839795589447021
YEL020W-A,YDR301W,0,0.5207007,0.10270490497350693,0.9911677837371826,0.8840797543525696
YIR004W,YPL189W,0,0.52016747,0.10269445925951004,0.9911677837371826,0.884179949760437
YOR335C,YNR033W,0,0.51974976,0.10268402099609375,0.9911677837371826,0.8842801451683044
YDR021W,YLL021W,0,0.5194055,0.10267358273267746,0.9911677837371826,0.8843803405761719
YGL144C,YJL197W,0,0.5172852,0.10266314446926117,0.9911677837371826,0.8844805359840393
YGR178C,YGL116W,0,0.5167442,0.10265270620584488,0.9911677837371826,0.8845807313919067
YCR024C,YIL038C,0,0.5166688,0.10264227539300919,0.9911677837371826,0.8846808671951294
YMR175W,YOL061W,0,0.5166672,0.10263184458017349,0.9911677837371826,0.8847810626029968
YOR262W,YGR245C,0,0.5163316,0.1026214212179184,0.9911677837371826,0.8848812580108643
YMR243C,YOR319W,0,0.5159539,0.1026109904050827,0.9911677837371826,0.8849814534187317
YER031C,YMR237W,0,0.51575595,0.1026005670428276,0.9911677837371826,0.8850816488265991
YGR254W,YDL098C,0,0.5153738,0.10259014368057251,0.9911677837371826,0.8851818442344666
YDR309C,YHL011C,0,0.5140778,0.10257972776889801,0.9911677837371826,0.885282039642334
YOR189W,YPL262W,0,0.51396286,0.10256931185722351,0.9911677837371826,0.8853822350502014
YBL087C,YHR120W,0,0.5127694,0.10255889594554901,0.9911677837371826,0.8854824304580688
YDL003W,YMR053C,0,0.509017,0.10254848003387451,0.9911677837371826,0.8855826258659363
YLR052W,YOR358W,0,0.50761044,0.10253807157278061,0.9911677837371826,0.8856828212738037
YEL020W-A,YEL019C,0,0.5075128,0.1025276631116867,0.9911677837371826,0.8857830166816711
YNR019W,YLR175W,0,0.50737226,0.1025172546505928,0.9911677837371826,0.8858831524848938
YLR200W,YLR060W,0,0.5063012,0.1025068536400795,0.9911677837371826,0.8859833478927612
YDR165W,YCR038C,0,0.50590503,0.1024964451789856,0.9911677837371826,0.8860835433006287
YLR451W,YNL130C,0,0.50547135,0.10248604416847229,0.9911677837371826,0.8861837387084961
YKL155C,YDR040C,0,0.5035678,0.10247565060853958,0.9911677837371826,0.8862839341163635
YOR236W,YDR438W,0,0.503252,0.10246524959802628,0.9911677837371826,0.886384129524231
YER062C,YNL065W,0,0.5005158,0.10245485603809357,0.9911677837371826,0.8864843249320984
YOR065W,YLR360W,0,0.50044227,0.10244446992874146,0.9911677837371826,0.8865845203399658
YER007C-A,YDR328C,0,0.50042737,0.10243407636880875,0.9911677837371826,0.8866847157478333
YPR161C,YDR437W,0,0.49962157,0.10242369025945663,0.9911677837371826,0.8867849111557007
YGL096W,YMR001C,0,0.49923444,0.10241330415010452,0.9911677837371826,0.8868851065635681
YOR004W,YJR118C,0,0.49884146,0.10240291804075241,0.9911677837371826,0.8869852423667908
YNR032C-A,YGR103W,0,0.4982848,0.1023925393819809,0.9911677837371826,0.8870854377746582
YJL110C,YJL181W,0,0.49796057,0.10238216072320938,0.9911677837371826,0.8871856331825256
YKL132C,YMR118C,0,0.49661362,0.10237178206443787,0.9911677837371826,0.8872858285903931
YPL001W,YOR110W,0,0.4964802,0.10236140340566635,0.9911677837371826,0.8873860239982605
YPL253C,YGL111W,0,0.4960081,0.10235103219747543,0.9911677837371826,0.8874862194061279
YML059C,YMR105C,0,0.49564996,0.10234066098928452,0.9911677837371826,0.8875864148139954
YLR196W,YGL016W,0,0.49435508,0.1023302972316742,0.9911677837371826,0.8876866102218628
YHR210C,YKL134C,0,0.49366015,0.10231992602348328,0.9911677837371826,0.8877868056297302
YDR434W,YFR049W,0,0.49355954,0.10230956226587296,0.9911677837371826,0.8878870010375977
YBR169C,YOL086W-A,0,0.4930427,0.10229919850826263,0.9911677837371826,0.8879871964454651
YDR091C,YCR005C,0,0.49280238,0.10228884220123291,0.9911677837371826,0.8880873918533325
YMR158W,YIL011W,0,0.49277082,0.10227847844362259,0.9911677837371826,0.8881875276565552
YGR205W,YIL009W,0,0.4921303,0.10226812213659286,0.9911677837371826,0.8882877230644226
YOR266W,YEL024W,0,0.4917698,0.10225777328014374,0.9911677837371826,0.88838791847229
YPL207W,YMR131C,0,0.48948377,0.10224741697311401,0.9911677837371826,0.8884881138801575
YGR165W,YOR358W,0,0.48943508,0.10223706811666489,0.9911677837371826,0.8885883092880249
YHR142W,YOR271C,0,0.4878499,0.10222671926021576,0.9911677837371826,0.8886885046958923
YKR096W,YLL067C,0,0.48660532,0.10221637785434723,0.9911677837371826,0.8887887001037598
YJL094C,YOR241W,0,0.48599195,0.1022060289978981,0.9911677837371826,0.8888888955116272
YOL032W,YKR077W,0,0.4837432,0.10219568759202957,0.9911677837371826,0.8889890909194946
YKR100C,YDL102W,0,0.48366085,0.10218535363674164,0.9911677837371826,0.8890892863273621
YJR049C,YPL018W,0,0.4835453,0.10217501223087311,0.9911677837371826,0.8891894817352295
YLR223C,YDR190C,0,0.48220474,0.10216467827558517,0.9911677837371826,0.8892896771430969
YHR118C,YGL116W,0,0.4820934,0.10215434432029724,0.9911677837371826,0.8893898129463196
YKL155C,YKL099C,0,0.48058334,0.10214401036500931,0.9911677837371826,0.889490008354187
YIR019C,YGL171W,0,0.47954202,0.10213368386030197,0.9911677837371826,0.8895902037620544
YDR500C,YHR142W,0,0.4788582,0.10212335735559464,0.9911677837371826,0.8896903991699219
YDR188W,YKL043W,0,0.47846705,0.1021130308508873,0.9911677837371826,0.8897905945777893
YBR085W,YCR106W,0,0.4781398,0.10210271179676056,0.9911677837371826,0.8898907899856567
YJR102C,YKR100C,0,0.4779963,0.10209238529205322,0.9911677837371826,0.8899909853935242
YNL036W,YBL091C,0,0.47750866,0.10208206623792648,0.9911677837371826,0.8900911808013916
YLR085C,YLR435W,0,0.47654468,0.10207175463438034,0.9911677837371826,0.890191376209259
YFR047C,YLR432W,0,0.47520283,0.1020614355802536,0.9911677837371826,0.8902915716171265
YIL013C,YBR078W,0,0.47445214,0.10205112397670746,0.9911677837371826,0.8903917670249939
YDL189W,YLR333C,0,0.47286952,0.10204081982374191,0.9911677837371826,0.8904919624328613
YDR398W,YBL031W,0,0.4727994,0.10203050822019577,0.9911677837371826,0.890592098236084
YDL220C,YOR341W,0,0.47170484,0.10202020406723022,0.9911677837371826,0.8906922936439514
YMR175W,YGL238W,0,0.4695853,0.10200989991426468,0.9911677837371826,0.8907924890518188
YJR120W,YFL049W,0,0.46892452,0.10199959576129913,0.9911677837371826,0.8908926844596863
YNL263C,YNL145W,0,0.46848452,0.10198929905891418,0.9911677837371826,0.8909928798675537
YKL043W,YMR131C,0,0.46769568,0.10197899490594864,0.9911677837371826,0.8910930752754211
YDR280W,YKR072C,0,0.4676902,0.10196870565414429,0.9911677837371826,0.8911932706832886
YNL045W,YLR056W,0,0.46650034,0.10195840895175934,0.9911677837371826,0.891293466091156
YGR129W,YFR025C,0,0.46637714,0.10194811969995499,0.9911677837371826,0.8913936614990234
YBR248C,YGR094W,0,0.46549314,0.10193783044815063,0.9911677837371826,0.8914938569068909
YCR058C,YHL015W,0,0.46540892,0.10192754119634628,0.9911677837371826,0.8915940523147583
YDR325W,YGL111W,0,0.46328235,0.10191725194454193,0.9911677837371826,0.8916942477226257
YER031C,YFR038W,0,0.46326828,0.10190697014331818,0.9911677837371826,0.8917943835258484
YLL018C,YCL005W-A,0,0.4632666,0.10189668834209442,0.9911677837371826,0.8918945789337158
YIL064W,YJL069C,0,0.46244836,0.10188641399145126,0.9911677837371826,0.8919947743415833
YKR072C,YPL189W,0,0.46141705,0.10187613219022751,0.9911677837371826,0.8920949697494507
YML067C,YER044C-A,0,0.46134418,0.10186585783958435,0.9911677837371826,0.8921951651573181
YDR040C,YCR038C,0,0.46090323,0.10185558348894119,0.9911677837371826,0.8922953605651855
YIL120W,YJL173C,0,0.4607861,0.10184531658887863,0.9911677837371826,0.892395555973053
YDR469W,YPL233W,0,0.46003705,0.10183504968881607,0.9911677837371826,0.8924957513809204
YGR244C,YOR254C,0,0.45936853,0.10182478278875351,0.9911677837371826,0.8925959467887878
YER072W,YNL132W,0,0.45536202,0.10181451588869095,0.9911677837371826,0.8926961421966553
YHL028W,YDR292C,0,0.4545053,0.10180425643920898,0.9911677837371826,0.8927963376045227
YIL043C,YLR056W,0,0.45381927,0.10179398953914642,0.9911677837371826,0.8928965330123901
YBR153W,YGR030C,0,0.45363635,0.10178373754024506,0.9911677837371826,0.8929966688156128
YHR157W,YPL040C,0,0.4536029,0.10177347809076309,0.9911677837371826,0.8930968642234802
YLR131C,YJL212C,0,0.45352393,0.10176322609186172,0.9911677837371826,0.8931970596313477
YJR150C,YHR005C,0,0.45264465,0.10175297409296036,0.9911677837371826,0.8932972550392151
YMR261C,YLR293C,0,0.44994402,0.10174272209405899,0.9911677837371826,0.8933974504470825
YLR193C,YPL018W,0,0.4498182,0.10173247009515762,0.9911677837371826,0.89349764585495
YLR432W,YKR083C,0,0.4496878,0.10172222554683685,0.9911677837371826,0.8935978412628174
YDL175C,YHR033W,0,0.44917184,0.10171198099851608,0.9911677837371826,0.8936980366706848
YJL110C,YOR271C,0,0.4471696,0.10170174390077591,0.9911677837371826,0.8937982320785522
YNL054W,YGL116W,0,0.44560933,0.10169149935245514,0.9911677837371826,0.8938984274864197
YLR017W,YBR131W,0,0.44545054,0.10168126225471497,0.9911677837371826,0.8939986228942871
YDR372C,YPR095C,0,0.44531965,0.10167102515697479,0.9911677837371826,0.8940987586975098
YGL092W,YPL018W,0,0.44469577,0.10166079550981522,0.9911677837371826,0.8941989541053772
YNL250W,YIL173W,0,0.443039,0.10165056586265564,0.9911677837371826,0.8942991495132446
YOR252W,YPL063W,0,0.44227874,0.10164033621549606,0.9911677837371826,0.8943993449211121
YNL233W,YDL093W,0,0.44171977,0.10163010656833649,0.9911677837371826,0.8944995403289795
YGL098W,YDR361C,0,0.43979406,0.10161988437175751,0.9911677837371826,0.8945997357368469
YIL053W,YLR382C,0,0.4397509,0.10160965472459793,0.9911677837371826,0.8946999311447144
YNL068C,YGR208W,0,0.43850917,0.10159943997859955,0.9911677837371826,0.8948001265525818
YBR218C,YKL099C,0,0.43678498,0.10158921778202057,0.9911677837371826,0.8949003219604492
YBR090C-A,YDR399W,0,0.43646514,0.10157900303602219,0.9911677837371826,0.8950005173683167
YKL110C,YLR059C,0,0.43503475,0.1015687882900238,0.9911677837371826,0.8951007127761841
YOR380W,YKL060C,0,0.43475878,0.10155857354402542,0.9911677837371826,0.8952009081840515
YDL135C,YFL049W,0,0.43331793,0.10154835879802704,0.9911677837371826,0.8953010439872742
YOR252W,YPL010W,0,0.43013456,0.10153815150260925,0.9911677837371826,0.8954012393951416
YJL021C,YBR086C,0,0.4277428,0.10152794420719147,0.9911677837371826,0.895501434803009
YMR156C,YLR263W,0,0.42772067,0.10151773691177368,0.9911677837371826,0.8956016302108765
YLR347C,YIL011W,0,0.42601866,0.10150753706693649,0.9911677837371826,0.8957018256187439
YHR037W,YHR170W,0,0.42369184,0.1014973372220993,0.9911677837371826,0.8958020210266113
YOL069W,YDR515W,0,0.42205477,0.10148713737726212,0.9911677837371826,0.8959022164344788
YGR094W,YNL161W,0,0.41706353,0.10147694498300552,0.9911677837371826,0.8960024118423462
YMR274C,YPL193W,0,0.41651547,0.10146674513816833,0.9911677837371826,0.8961026072502136
YLR181C,YDL031W,0,0.41561115,0.10145655274391174,0.9911677837371826,0.896202802658081
YMR313C,YER060W,0,0.4115972,0.10144636034965515,0.9911677837371826,0.8963029980659485
YER072W,YPL207W,0,0.40838826,0.10143617540597916,0.9911677837371826,0.8964031934738159
YEL001C,YBL072C,0,0.40834615,0.10142599046230316,0.9911677837371826,0.8965033292770386
YPL021W,YNL216W,0,0.40718412,0.10141580551862717,0.9911677837371826,0.896603524684906
YKL191W,YIL014W,0,0.40582216,0.10140562057495117,0.9911677837371826,0.8967037200927734
YGR017W,YMR226C,0,0.4053489,0.10139544308185577,0.9911677837371826,0.8968039155006409
YOL059W,YGR094W,0,0.40480003,0.10138526558876038,0.9911677837371826,0.8969041109085083
YBR181C,YOR335C,0,0.40407473,0.10137508809566498,0.9911677837371826,0.8970043063163757
YJL035C,YOR341W,0,0.40245414,0.10136491060256958,0.9911677837371826,0.8971045017242432
YGR060W,YPL179W,0,0.40176684,0.10135474056005478,0.9911677837371826,0.8972046971321106
YDL160C,YLR196W,0,0.4009424,0.10134457051753998,0.9911677837371826,0.897304892539978
YKR053C,YGR055W,0,0.40093857,0.10133440047502518,0.9911677837371826,0.8974050879478455
YKL006C-A,YHR001W-A,0,0.39899272,0.10132423788309097,0.9911677837371826,0.8975052833557129
YER044C-A,YBR049C,0,0.3972329,0.10131407529115677,0.9911677837371826,0.8976054787635803
YPR131C,YPL221W,0,0.39673293,0.10130391269922256,0.9911677837371826,0.897705614566803
YHR108W,YOR090C,0,0.39641285,0.10129375010728836,0.9911677837371826,0.8978058099746704
YGL167C,YPL075W,0,0.39559215,0.10128359496593475,0.9911677837371826,0.8979060053825378
YOR254C,YIL011W,0,0.39423013,0.10127343982458115,0.9911677837371826,0.8980062007904053
YIL064W,YLR223C,0,0.39410824,0.10126328468322754,0.9911677837371826,0.8981063961982727
YIL038C,YIL005W,0,0.39384687,0.10125312954187393,0.9911677837371826,0.8982065916061401
YLR277C,YDR025W,0,0.39347845,0.10124298185110092,0.9911677837371826,0.8983067870140076
YGR204W,YOL029C,0,0.39269912,0.10123283416032791,0.9911677837371826,0.898406982421875
YPR108W,YJR131W,1,0.39245215,0.10132291167974472,0.9921491742134094,0.898406982421875
YMR055C,YDR243C,0,0.39237148,0.10131275653839111,0.9921491742134094,0.8985071778297424
YJL045W,YLR313C,0,0.39193052,0.1013026088476181,0.9921491742134094,0.8986073732376099
YGR217W,YKR027W,0,0.39140844,0.1012924537062645,0.9921491742134094,0.8987075686454773
YML081W,YFL011W,0,0.38999927,0.10128230601549149,0.9921491742134094,0.8988077640533447
YMR230W,YDL211C,0,0.3894795,0.10127216577529907,0.9921491742134094,0.8989078998565674
YGR202C,YPL239W,0,0.38888407,0.10126201808452606,0.9921491742134094,0.8990080952644348
YBR101C,YHR214W,0,0.38722986,0.10125187784433365,0.9921491742134094,0.8991082906723022
YIL068C,YOR078W,0,0.3868203,0.10124173760414124,0.9921491742134094,0.8992084860801697
YGL006W,YBR016W,0,0.38661662,0.10123159736394882,0.9921491742134094,0.8993086814880371
YPR154W,YPR034W,0,0.3856361,0.101221464574337,0.9921491742134094,0.8994088768959045
YDL247W,YEL027W,0,0.38497072,0.10121133178472519,0.9921491742134094,0.899509072303772
YOR192C,YBL035C,0,0.38493466,0.10120119899511337,0.9921491742134094,0.8996092677116394
YJL098W,YKL081W,0,0.3843547,0.10119107365608215,0.9921491742134094,0.8997094631195068
YMR226C,YHL035C,0,0.38275385,0.10118094831705093,0.9921491742134094,0.8998096585273743
YDR276C,YLR175W,0,0.38232568,0.10117082297801971,0.9921491742134094,0.8999098539352417
YNL183C,YJR109C,0,0.3810563,0.1011606976389885,0.9921491742134094,0.9000099897384644
YNL137C,YBR029C,0,0.38016385,0.10115057229995728,0.9921491742134094,0.9001101851463318
YLR377C,YHR001W-A,0,0.37443113,0.10114045441150665,0.9921491742134094,0.9002103805541992
YJL180C,YOR260W,0,0.37432778,0.10113033652305603,0.9921491742134094,0.9003105759620667
YIL008W,YDL139C,0,0.37409836,0.101120226085186,0.9921491742134094,0.9004107713699341
YNL233W,YLR382C,0,0.37321818,0.10111010819673538,0.9921491742134094,0.9005109667778015
YOL121C,YPR057W,0,0.37286925,0.10109999775886536,0.9921491742134094,0.900611162185669
YOR192C,YDL117W,0,0.37275243,0.10108988732099533,0.9921491742134094,0.9007113575935364
YGR046W,YKL060C,0,0.37269965,0.1010797843337059,0.9921491742134094,0.9008115530014038
YER028C,YKR083C,0,0.37249517,0.10106968134641647,0.9921491742134094,0.9009117484092712
YJR120W,YLR052W,0,0.37034714,0.10105957835912704,0.9921491742134094,0.9010119438171387
YGR178C,YPR175W,0,0.37031382,0.10104947537183762,0.9921491742134094,0.9011121392250061
YDL189W,YHR193C,0,0.36921132,0.10103937983512878,0.9921491742134094,0.9012122750282288
YJR109C,YBL007C,0,0.36858493,0.10102927684783936,0.9921491742134094,0.9013124704360962
YPR161C,YCL068C,0,0.3676659,0.10101918131113052,0.9921491742134094,0.9014126658439636
YDL145C,YGR030C,0,0.3668576,0.10100909322500229,0.9921491742134094,0.901512861251831
YGR060W,YNL156C,0,0.36682576,0.10099899768829346,0.9921491742134094,0.9016130566596985
YHR158C,YLR466W,0,0.36663282,0.10098890960216522,0.9921491742134094,0.9017132520675659
YLR442C,YLR200W,0,0.36627176,0.10097882896661758,0.9921491742134094,0.9018134474754333
YBR233W-A,YOR004W,0,0.36531618,0.10096874088048935,0.9921491742134094,0.9019136428833008
YMR318C,YDR464W,0,0.36525816,0.10095866024494171,0.9921491742134094,0.9020138382911682
YIL037C,YNL142W,0,0.3646301,0.10094857960939407,0.9921491742134094,0.9021140336990356
YOR032C,YMR125W,0,0.360724,0.10093849897384644,0.9921491742134094,0.9022142291069031
YDR243C,YKL114C,0,0.360282,0.1009284183382988,0.9921491742134094,0.9023144245147705
YDR439W,YPL210C,0,0.3593575,0.10091834515333176,0.9921491742134094,0.9024145603179932
YNL063W,YGL064C,0,0.35805696,0.10090827196836472,0.9921491742134094,0.9025147557258606
YGR178C,YKR079C,0,0.3577507,0.10089820623397827,0.9921491742134094,0.902614951133728
YLR056W,YJL196C,0,0.3575245,0.10088813304901123,0.9921491742134094,0.9027151465415955
YDR127W,YFR025C,0,0.35614634,0.10087806731462479,0.9921491742134094,0.9028153419494629
YPL262W,YMR195W,0,0.35591197,0.10086800158023834,0.9921491742134094,0.9029155373573303
YOL009C,YNL130C,0,0.3550532,0.1008579432964325,0.9921491742134094,0.9030157327651978
YJL181W,YJL013C,0,0.35400206,0.10084787756204605,0.9921491742134094,0.9031159281730652
YHR185C,YIL038C,0,0.35365617,0.1008378192782402,0.9921491742134094,0.9032161235809326
YJL181W,YKL052C,0,0.35285357,0.10082776844501495,0.9921491742134094,0.9033163189888
YPL130W,YOR195W,0,0.3522265,0.1008177101612091,0.9921491742134094,0.9034165143966675
YOR236W,YKL080W,0,0.35186982,0.10080765932798386,0.9921491742134094,0.9035167098045349
YIL153W,YER060W,0,0.3511384,0.1007976084947586,0.9921491742134094,0.9036168456077576
YDR367W,YIL037C,0,0.35108292,0.10078755766153336,0.9921491742134094,0.903717041015625
YPL001W,YNL066W,0,0.35064167,0.1007775142788887,0.9921491742134094,0.9038172364234924
YKR079C,YBR295W,0,0.34847832,0.10076747089624405,0.9921491742134094,0.9039174318313599
YBR233W-A,YLR239C,0,0.34797263,0.1007574275135994,0.9921491742134094,0.9040176272392273
YHR108W,YNL031C,0,0.34371662,0.10074738413095474,0.9921491742134094,0.9041178226470947
YDL135C,YNL059C,0,0.34330907,0.10073734819889069,0.9921491742134094,0.9042180180549622
YHR170W,YBR015C,0,0.3406039,0.10072731226682663,0.9921491742134094,0.9043182134628296
YLR315W,YLR259C,0,0.33960617,0.10071727633476257,0.9921491742134094,0.904418408870697
YBR109C,YKL058W,0,0.33865732,0.10070724040269852,0.9921491742134094,0.9045186042785645
YLR175W,YHL026C,0,0.3380656,0.10069721192121506,0.9921491742134094,0.9046187996864319
YJR049C,YDR100W,0,0.33710653,0.1006871834397316,0.9921491742134094,0.9047189950942993
YPR161C,YMR001C,0,0.3349636,0.10067715495824814,0.9921491742134094,0.904819130897522
YKL026C,YLR017W,0,0.33185834,0.10066713392734528,0.9921491742134094,0.9049193263053894
YGL005C,YJL173C,0,0.33097515,0.10065710544586182,0.9921491742134094,0.9050195217132568
YKR077W,YJL069C,0,0.3267858,0.10064708441495895,0.9921491742134094,0.9051197171211243
YIL019W,YNL318C,0,0.32557237,0.10063707083463669,0.9921491742134094,0.9052199125289917
YLR451W,YGR030C,0,0.32496083,0.10062704980373383,0.9921491742134094,0.9053201079368591
YPR106W,YGL092W,0,0.3240746,0.10061703622341156,0.9921491742134094,0.9054203033447266
YKR095W-A,YAL030W,0,0.32394755,0.1006070226430893,0.9921491742134094,0.905520498752594
YNL142W,YLR023C,0,0.32321352,0.10059701651334763,0.9921491742134094,0.9056206941604614
YNL020C,YAL056W,0,0.32287037,0.10058700293302536,0.9921491742134094,0.9057208895683289
YMR055C,YPL076W,0,0.3204794,0.10057699680328369,0.9921491742134094,0.9058210849761963
YPR161C,YJL197W,0,0.31962767,0.10056699812412262,0.9921491742134094,0.905921220779419
YBR189W,YNR030W,0,0.31853434,0.10055699199438095,0.9921491742134094,0.9060214161872864
YER072W,YLR044C,0,0.31807816,0.10054699331521988,0.9921491742134094,0.9061216115951538
YDR129C,YML096W,0,0.3179431,0.10053699463605881,0.9921491742134094,0.9062218070030212
YNL133C,YOR129C,0,0.31645095,0.10052699595689774,0.9921491742134094,0.9063220024108887
YBL056W,YOL023W,0,0.31602752,0.10051700472831726,0.9921491742134094,0.9064221978187561
YER028C,YIR026C,0,0.3154986,0.10050700604915619,0.9921491742134094,0.9065223932266235
YDR422C,YLR061W,0,0.31526732,0.10049701482057571,0.9921491742134094,0.906622588634491
YER032W,YOR271C,0,0.31519896,0.10048703104257584,0.9921491742134094,0.9067227840423584
YHR103W,YDR243C,0,0.31507838,0.10047703981399536,0.9921491742134094,0.9068229794502258
YDL093W,YNL038W,0,0.31430542,0.10046705603599548,0.9921491742134094,0.9069231748580933
YDR190C,YPL021W,0,0.3125351,0.1004570722579956,0.9921491742134094,0.9070233702659607
YDR464W,YOR254C,0,0.31115752,0.10044709593057632,0.9921491742134094,0.9071235060691833
YHR205W,YGR004W,0,0.3109988,0.10043711215257645,0.9921491742134094,0.9072237014770508
YIL098C,YGR174C,0,0.31031802,0.10042713582515717,0.9921491742134094,0.9073238968849182
YGL028C,YLR347C,0,0.3102882,0.10041716694831848,0.9921491742134094,0.9074240922927856
YDR127W,YOL084W,0,0.31027716,0.1004071906208992,0.9921491742134094,0.9075242877006531
YKL054C,YBR058C,1,0.30999565,0.10049652308225632,0.9931305050849915,0.9075242877006531
YDR430C,YGR161C,0,0.30979347,0.10048654675483704,0.9931305050849915,0.9076244831085205
YFR047C,YOL061W,0,0.3096795,0.10047657042741776,0.9931305050849915,0.9077246785163879
YMR274C,YPR169W,0,0.3092209,0.10046659409999847,0.9931305050849915,0.9078248739242554
YPR067W,YPL036W,0,0.30684906,0.1004566177725792,0.9931305050849915,0.9079250693321228
YGL061C,YCR063W,0,0.30674854,0.10044664889574051,0.9931305050849915,0.9080252647399902
YDR325W,YGR094W,0,0.30592185,0.10043668001890182,0.9931305050849915,0.9081254601478577
YLR249W,YLR092W,0,0.30502012,0.10042671114206314,0.9931305050849915,0.9082256555557251
YBR162W-A,YHR193C,0,0.30486465,0.10041674971580505,0.9931305050849915,0.9083257913589478
YIR019C,YBR169C,0,0.30402434,0.10040678828954697,0.9931305050849915,0.9084259867668152
YJR120W,YLR115W,0,0.30249888,0.10039682686328888,0.9931305050849915,0.9085261821746826
YDL003W,YIR019C,0,0.301246,0.10038686543703079,0.9931305050849915,0.90862637758255
YCR024C,YHR157W,0,0.30122483,0.1003769114613533,0.9931305050849915,0.9087265729904175
YGL028C,YAL015C,0,0.30082393,0.10036695748567581,0.9931305050849915,0.9088267683982849
YDR325W,YDR300C,0,0.30070782,0.10035700350999832,0.9931305050849915,0.9089269638061523
YBR162W-A,YHR170W,0,0.2998314,0.10034704953432083,0.9931305050849915,0.9090271592140198
YFL025C,YDR306C,1,0.2988298,0.1004362478852272,0.9941118955612183,0.9090271592140198
YGR211W,YPL097W,0,0.29800093,0.10042629390954971,0.9941118955612183,0.9091273546218872
YPL171C,YMR063W,0,0.29494733,0.10041633993387222,0.9941118955612183,0.9092275500297546
YMR205C,YLL053C,0,0.29304028,0.10040638595819473,0.9941118955612183,0.9093277454376221
YHR185C,YOR101W,0,0.29280102,0.10039643198251724,0.9941118955612183,0.9094279408454895
YKL110C,YLR333C,0,0.291856,0.10038648545742035,0.9941118955612183,0.9095280766487122
YPL138C,YFL035C-B,0,0.2903553,0.10037653893232346,0.9941118955612183,0.9096282720565796
YPL130W,YGL127C,0,0.29032543,0.10036659240722656,0.9941118955612183,0.909728467464447
YOR156C,YBR208C,0,0.28710887,0.10035664588212967,0.9941118955612183,0.9098286628723145
YBR101C,YBR085W,0,0.2858627,0.10034670680761337,0.9941118955612183,0.9099288582801819
YBR085W,YKL032C,0,0.28570747,0.10033676773309708,0.9941118955612183,0.9100290536880493
YLR288C,YKL081W,0,0.28549236,0.10032682865858078,0.9941118955612183,0.9101292490959167
YHR165C,YOR129C,0,0.28540134,0.10031689703464508,0.9941118955612183,0.9102294445037842
YBR069C,YOR032C,0,0.28485385,0.10030695796012878,0.9941118955612183,0.9103296399116516
YLR196W,YDL102W,0,0.28348032,0.10029702633619308,0.9941118955612183,0.910429835319519
YDR482C,YPL001W,0,0.27969158,0.10028710216283798,0.9941118955612183,0.9105300307273865
YLR426W,YDR244W,0,0.27931616,0.10027717053890228,0.9941118955612183,0.9106302261352539
YFR027W,YJR048W,0,0.27832785,0.10026724636554718,0.9941118955612183,0.9107303619384766
YGR245C,YBL025W,0,0.27750957,0.10025732219219208,0.9941118955612183,0.910830557346344
YOR254C,YGL078C,0,0.27530944,0.10024740546941757,0.9941118955612183,0.9109307527542114
YAL068C,YLR352W,0,0.27496362,0.10023748129606247,0.9941118955612183,0.9110309481620789
YKR095W-A,YPR105C,0,0.27406758,0.10022756457328796,0.9941118955612183,0.9111311435699463
YBL038W,YDL012C,0,0.2732059,0.10021764785051346,0.9941118955612183,0.9112313389778137
YNL263C,YML061C,0,0.26858723,0.10020773857831955,0.9941118955612183,0.9113315343856812
YIL107C,YIL123W,0,0.26823056,0.10019782185554504,0.9941118955612183,0.9114317297935486
YDL003W,YIL118W,0,0.2673294,0.10018791258335114,0.9941118955612183,0.911531925201416
YER109C,YGL111W,0,0.26725233,0.10017800331115723,0.9941118955612183,0.9116321206092834
YFR025C,YNL029C,0,0.26557124,0.10016810148954391,0.9941118955612183,0.9117323160171509
YDR407C,YBR162C,0,0.2649722,0.1001581996679306,0.9941118955612183,0.9118325114250183
YKR075C,YNL132W,0,0.2642733,0.10014829784631729,0.9941118955612183,0.911932647228241
YDR545W,YNL062C,0,0.2641799,0.10013839602470398,0.9941118955612183,0.9120328426361084
YIL033C,YDL102W,0,0.2637298,0.10012849420309067,0.9941118955612183,0.9121330380439758
YGL063W,YDR280W,0,0.2619266,0.10011859983205795,0.9941118955612183,0.9122332334518433
YIL118W,YDR308C,0,0.26156902,0.10010870546102524,0.9941118955612183,0.9123334288597107
YPL171C,YJL058C,0,0.26033962,0.10009881108999252,0.9941118955612183,0.9124336242675781
YLR194C,YHR146W,0,0.2603307,0.1000889241695404,0.9941118955612183,0.9125338196754456
YOL023W,YDR397C,0,0.25897682,0.10007903724908829,0.9941118955612183,0.912634015083313
YMR101C,YGR283C,0,0.25826618,0.10006915032863617,0.9941118955612183,0.9127342104911804
YDR160W,YNL246W,0,0.2549424,0.10005926340818405,0.9941118955612183,0.9128344058990479
YKL150W,YNL066W,0,0.25402397,0.10004938393831253,0.9941118955612183,0.9129346013069153
YCR107W,YKL060C,0,0.2535736,0.10003950446844101,0.9941118955612183,0.9130347371101379
YMR275C,YDL145C,0,0.2526642,0.10002962499856949,0.9941118955612183,0.9131349325180054
YPL173W,YGR142W,0,0.25091565,0.10001974552869797,0.9941118955612183,0.9132351279258728
YER007C-A,YNL041C,0,0.24962151,0.10000987350940704,0.9941118955612183,0.9133353233337402
YJR118C,YOR335C,0,0.24951148,0.10000000149011612,0.9941118955612183,0.9134355187416077
YLR466W,YHL006C,0,0.2483514,0.0999901294708252,0.9941118955612183,0.9135357141494751
YOR236W,YLR058C,0,0.2471435,0.09998025745153427,0.9941118955612183,0.9136359095573425
YDR500C,YPL239W,0,0.24666649,0.09997039288282394,0.9941118955612183,0.91373610496521
YLR426W,YJR132W,0,0.24646515,0.09996052831411362,0.9941118955612183,0.9138363003730774
YLR044C,YDR190C,0,0.24629033,0.09995066374540329,0.9941118955612183,0.9139364957809448
YLR083C,YDR303C,0,0.24548018,0.09994080662727356,0.9941118955612183,0.9140366911888123
YBR112C,YGR005C,0,0.2448172,0.09993094950914383,0.9941118955612183,0.9141368865966797
YHL017W,YBR029C,0,0.24472678,0.0999210923910141,0.9941118955612183,0.9142370223999023
YGR103W,YHR024C,0,0.24431568,0.09991123527288437,0.9941118955612183,0.9143372178077698
YIL069C,YER178W,0,0.24317479,0.09990137815475464,0.9941118955612183,0.9144374132156372
YOR207C,YFL049W,0,0.24170774,0.0998915284872055,0.9941118955612183,0.9145376086235046
YMR232W,YHR149C,0,0.23971383,0.09988167881965637,0.9941118955612183,0.9146378040313721
YDR091C,YGL027C,0,0.2392466,0.09987182915210724,0.9941118955612183,0.9147379994392395
YBR005W,YCL067C,0,0.2369541,0.0998619869351387,0.9941118955612183,0.9148381948471069
YLR382C,YPR120C,0,0.23615652,0.09985214471817017,0.9941118955612183,0.9149383902549744
YLR044C,YBR295W,0,0.23071966,0.09984230250120163,0.9941118955612183,0.9150385856628418
YDL117W,YCR063W,0,0.2294128,0.0998324602842331,0.9941118955612183,0.9151387810707092
YBR218C,YDR176W,0,0.22860724,0.09982262551784515,0.9941118955612183,0.9152389764785767
YHR001W-A,YER127W,0,0.22859299,0.09981279075145721,0.9941118955612183,0.9153391718864441
YMR243C,YDR399W,0,0.22761908,0.09980295598506927,0.9941118955612183,0.9154393076896667
YEL020W-A,YOL009C,0,0.22629279,0.09979312121868134,0.9941118955612183,0.9155395030975342
YOR193W,YHR001W-A,0,0.22404271,0.09978329390287399,0.9941118955612183,0.9156396985054016
YNL328C,YNR053C,0,0.22349721,0.09977346658706665,0.9941118955612183,0.915739893913269
YAR042W,YHR118C,0,0.22287855,0.09976363927125931,0.9941118955612183,0.9158400893211365
YDR471W,YBR295W,0,0.22274154,0.09975381940603256,0.9941118955612183,0.9159402847290039
YDR427W,YOR048C,0,0.22142696,0.09974399209022522,0.9941118955612183,0.9160404801368713
YOR078W,YOL095C,0,0.21817973,0.09973417222499847,0.9941118955612183,0.9161406755447388
YGR217W,YDL223C,0,0.2178278,0.09972435235977173,0.9941118955612183,0.9162408709526062
YDR323C,YDR165W,0,0.21660918,0.09971453994512558,0.9941118955612183,0.9163410663604736
YPL141C,YLR247C,0,0.21481118,0.09970472753047943,0.9941118955612183,0.9164412617683411
YDR300C,YNL063W,0,0.21420848,0.09969491511583328,0.9941118955612183,0.9165414571762085
YOR060C,YKR095W,0,0.21369159,0.09968510270118713,0.9941118955612183,0.9166415929794312
YIL037C,YHL025W,0,0.21293819,0.09967529028654099,0.9941118955612183,0.9167417883872986
YDR129C,YDR430C,0,0.21039832,0.09966548532247543,0.9941118955612183,0.916841983795166
YCR045C,YDR375C,0,0.20730376,0.09965568035840988,0.9941118955612183,0.9169421792030334
YIL167W,YBR162C,0,0.2053616,0.09964587539434433,0.9941118955612183,0.9170423746109009
YOL135C,YMR153W,0,0.20346582,0.09963607788085938,0.9941118955612183,0.9171425700187683
YLR039C,YHR154W,0,0.20203257,0.09962628036737442,0.9941118955612183,0.9172427654266357
YDR268W,YKL138C-A,0,0.20198879,0.09961648285388947,0.9941118955612183,0.9173429608345032
YPL004C,YER178W,0,0.20109412,0.09960668534040451,0.9941118955612183,0.9174431562423706
YJR109C,YHR150W,0,0.20091946,0.09959689527750015,0.9941118955612183,0.917543351650238
YDR091C,YML096W,0,0.1986171,0.0995871052145958,0.9941118955612183,0.9176435470581055
YOR079C,YMR001C,0,0.19747245,0.09957731515169144,0.9941118955612183,0.9177437424659729
YHR197W,YDL117W,0,0.19701481,0.09956752508878708,0.9941118955612183,0.9178438782691956
YLR131C,YJL012C,0,0.19606675,0.09955774247646332,0.9941118955612183,0.917944073677063
YHR108W,YMR192W,0,0.19290555,0.09954795241355896,0.9941118955612183,0.9180442690849304
YDL081C,YBR295W,0,0.1913766,0.0995381772518158,0.9941118955612183,0.9181444644927979
YER179W,YCL064C,0,0.19132406,0.09952839463949203,0.9941118955612183,0.9182446599006653
YGL070C,YER129W,0,0.19117618,0.09951861947774887,0.9941118955612183,0.9183448553085327
YDR165W,YNR055C,0,0.19090086,0.0995088443160057,0.9941118955612183,0.9184450507164001
YDR025W,YIL005W,0,0.1898183,0.09949906915426254,0.9941118955612183,0.9185452461242676
YIL068C,YLL018C-A,0,0.18815064,0.09948929399251938,0.9941118955612183,0.918645441532135
YML127W,YHR014W,0,0.1879608,0.09947952628135681,0.9941118955612183,0.9187456369400024
YEL019C,YPL146C,0,0.18726897,0.09946975857019424,0.9941118955612183,0.9188458323478699
YGR244C,YHR142W,0,0.18530929,0.09945999085903168,0.9941118955612183,0.9189459681510925
YBR046C,YBR078W,0,0.18413869,0.09945022314786911,0.9941118955612183,0.91904616355896
YDR365C,YNR052C,0,0.1833942,0.09944046288728714,0.9941118955612183,0.9191463589668274
YMR192W,YLR060W,0,0.18326767,0.09943070262670517,0.9941118955612183,0.9192465543746948
YOR247W,YCL067C,0,0.18211675,0.0994209423661232,0.9941118955612183,0.9193467497825623
YOR101W,YGL085W,0,0.17955083,0.09941118955612183,0.9941118955612183,0.9194469451904297
YJL096W,YJL168C,0,0.17735304,0.09940142929553986,0.9941118955612183,0.9195471405982971
YMR192W,YBR023C,0,0.17535898,0.09939167648553848,0.9941118955612183,0.9196473360061646
YKL063C,YDR087C,0,0.17422754,0.0993819311261177,0.9941118955612183,0.919747531414032
YEL032W,YNL065W,0,0.17391244,0.09937217831611633,0.9941118955612183,0.9198477268218994
YIL148W,YLR249W,0,0.17345273,0.09936243295669556,0.9941118955612183,0.9199479222297668
YML011C,YGL045W,0,0.17321086,0.09935268759727478,0.9941118955612183,0.9200481176376343
YDR365C,YBR193C,0,0.17251074,0.099342942237854,0.9941118955612183,0.9201482534408569
YPL137C,YNR038W,0,0.17168045,0.09933320432901382,0.9941118955612183,0.9202484488487244
YNL029C,YDL031W,0,0.17072713,0.09932346642017365,0.9941118955612183,0.9203486442565918
YGL028C,YLR384C,0,0.1705383,0.09931372851133347,0.9941118955612183,0.9204488396644592
YER102W,YPL161C,0,0.16987908,0.09930399060249329,0.9941118955612183,0.9205490350723267
YDR111C,YNL181W,0,0.16720825,0.0992942526936531,0.9941118955612183,0.9206492304801941
YPR128C,YIL038C,0,0.16587198,0.09928452223539352,0.9941118955612183,0.9207494258880615
YOR241W,YOR086C,0,0.16272676,0.09927479177713394,0.9941118955612183,0.920849621295929
YJR123W,YNR038W,0,0.15499777,0.09926506876945496,0.9941118955612183,0.9209498167037964
YCR024C,YPR100W,0,0.15374625,0.09925533831119537,0.9941118955612183,0.9210500121116638
YDL240W,YHR142W,0,0.15367436,0.09924561530351639,0.9941118955612183,0.9211502075195312
YKL006C-A,YFR040W,0,0.15259701,0.0992358922958374,0.9941118955612183,0.9212504029273987
YJL180C,YGR208W,0,0.15222424,0.09922616928815842,0.9941118955612183,0.9213505387306213
YML021C,YNL029C,0,0.15077032,0.09921645373106003,0.9941118955612183,0.9214507341384888
YGL070C,YKR095W-A,0,0.1496214,0.09920673817396164,0.9941118955612183,0.9215509295463562
YPL169C,YKL006W,0,0.14716399,0.09919702261686325,0.9941118955612183,0.9216511249542236
YLR363C,YMR001C,0,0.14404458,0.09918730705976486,0.9941118955612183,0.9217513203620911
YBL080C,YLR259C,0,0.13935447,0.09917759895324707,0.9941118955612183,0.9218515157699585
YIL119C,YOL059W,0,0.13834167,0.09916789084672928,0.9941118955612183,0.9219517111778259
YHR005C,YKR052C,0,0.13805294,0.09915818274021149,0.9941118955612183,0.9220519065856934
YHR185C,YGR097W,0,0.13726899,0.0991484746336937,0.9941118955612183,0.9221521019935608
YDR023W,YPR068C,0,0.1339022,0.0991387739777565,0.9941118955612183,0.9222522974014282
YBR189W,YPL239W,0,0.13299477,0.0991290733218193,0.9941118955612183,0.9223524928092957
YOR252W,YPL135W,0,0.13293552,0.09911937266588211,0.9941118955612183,0.9224526882171631
YLR118C,YGR260W,0,0.1316827,0.09910967946052551,0.9941118955612183,0.9225528240203857
YOR316C,YAL059W,0,0.13011754,0.09909997880458832,0.9941118955612183,0.9226530194282532
YNL190W,YHL031C,0,0.12871954,0.09909028559923172,0.9941118955612183,0.9227532148361206
YOL020W,YDR135C,0,0.12756538,0.09908059239387512,0.9941118955612183,0.922853410243988
YDR490C,YOR195W,0,0.12726715,0.09907090663909912,0.9941118955612183,0.9229536056518555
YMR232W,YPL254W,0,0.1270015,0.09906121343374252,0.9941118955612183,0.9230538010597229
YKR007W,YGL240W,0,0.12662709,0.09905152767896652,0.9941118955612183,0.9231539964675903
YPL116W,YDL018C,0,0.12599683,0.09904184937477112,0.9941118955612183,0.9232541918754578
YLR044C,YCR018C,0,0.12571639,0.09903216361999512,0.9941118955612183,0.9233543872833252
YOL144W,YPL145C,0,0.12027836,0.09902248531579971,0.9941118955612183,0.9234545826911926
YBR005W,YNR071C,0,0.114999965,0.09901280701160431,0.9941118955612183,0.9235547780990601
YGL246C,YKL080W,0,0.113978446,0.0990031287074089,0.9941118955612183,0.9236549735069275
YGR161C,YGL018C,0,0.1136775,0.0989934504032135,0.9941118955612183,0.9237551093101501
YLR442C,YNL062C,0,0.11181545,0.0989837795495987,0.9941118955612183,0.9238553047180176
YDR381W,YOR103C,0,0.11170876,0.09897410869598389,0.9941118955612183,0.923955500125885
YKL048C,YDR234W,0,0.1107918,0.09896443784236908,0.9941118955612183,0.9240556955337524
YGL115W,YCR021C,0,0.109179854,0.09895477443933487,0.9941118955612183,0.9241558909416199
YDR235W,YDR111C,0,0.10817622,0.09894510358572006,0.9941118955612183,0.9242560863494873
YJL110C,YLR068W,0,0.108122855,0.09893544018268585,0.9941118955612183,0.9243562817573547
YLR460C,YHR106W,0,0.106925786,0.09892578423023224,0.9941118955612183,0.9244564771652222
YLR167W,YGL016W,0,0.105103314,0.09891612082719803,0.9941118955612183,0.9245566725730896
YKR095W-A,YNL287W,0,0.10491356,0.09890646487474442,0.9941118955612183,0.924656867980957
YPL280W,YDR384C,0,0.10419083,0.0988968089222908,0.9941118955612183,0.9247570633888245
YGR254W,YHR024C,0,0.10352568,0.09888715296983719,0.9941118955612183,0.9248571991920471
YCL044C,YHR204W,1,0.102403,0.09897510707378387,0.9950932264328003,0.9248571991920471
YNR038W,YKR072C,0,0.09909892,0.09896545112133026,0.9950932264328003,0.9249573945999146
YLR426W,YNL132W,0,0.098849714,0.09895579516887665,0.9950932264328003,0.925057590007782
YIL019W,YLR019W,0,0.098370194,0.09894613921642303,0.9950932264328003,0.9251577854156494
YHR005C,YOR048C,0,0.09823632,0.09893648326396942,0.9950932264328003,0.9252579808235168
YKL185W,YHL035C,0,0.09361166,0.09892682731151581,0.9950932264328003,0.9253581762313843
YPL209C,YIL096C,0,0.09320244,0.09891717880964279,0.9950932264328003,0.9254583716392517
YOR172W,YCL064C,0,0.09177044,0.09890753030776978,0.9950932264328003,0.9255585670471191
YPL058C,YHL021C,0,0.09163815,0.09889788180589676,0.9950932264328003,0.9256587624549866
YDR019C,YGR245C,0,0.09128463,0.09888824075460434,0.9950932264328003,0.925758957862854
YDR276C,YMR001C,0,0.0893078,0.09887859225273132,0.9950932264328003,0.9258591532707214
YPR114W,YKR099W,0,0.08750576,0.0988689512014389,0.9950932264328003,0.9259593486785889
YOR119C,YDR516C,0,0.0868783,0.09885931760072708,0.9950932264328003,0.9260594844818115
YGR129W,YFR030W,0,0.085806966,0.09884967654943466,0.9950932264328003,0.926159679889679
YJL186W,YPR180W,0,0.0811975,0.09884004294872284,0.9950932264328003,0.9262598752975464
YDR516C,YHR005C,0,0.07969451,0.09883040934801102,0.9950932264328003,0.9263600707054138
YPL013C,YDR217C,0,0.07969245,0.0988207757472992,0.9950932264328003,0.9264602661132812
YDR165W,YIL018W,0,0.07843077,0.09881114959716797,0.9950932264328003,0.9265604615211487
YJL054W,YLR017W,0,0.078425884,0.09880152344703674,0.9950932264328003,0.9266606569290161
YAR033W,YER060W-A,0,0.07809384,0.09879189729690552,0.9950932264328003,0.9267608523368835
YHR204W,YBR191W,0,0.07789764,0.09878227114677429,0.9950932264328003,0.926861047744751
YBR279W,YGR217W,0,0.07729137,0.09877264499664307,0.9950932264328003,0.9269612431526184
YDR345C,YBR301W,0,0.07235885,0.09876302629709244,0.9950932264328003,0.9270614385604858
YLR432W,YHR014W,0,0.07196224,0.09875340759754181,0.9950932264328003,0.9271616339683533
YDR469W,YIL173W,0,0.07160103,0.09874378889799118,0.9950932264328003,0.9272617697715759
YDL240W,YCR106W,0,0.07053584,0.09873417764902115,0.9950932264328003,0.9273619651794434
YDR398W,YOR079C,0,0.06486419,0.09872456640005112,0.9950932264328003,0.9274621605873108
YNL199C,YER176W,0,0.06459457,0.09871495515108109,0.9950932264328003,0.9275623559951782
YIL019W,YBR078W,0,0.060224295,0.09870534390211105,0.9950932264328003,0.9276625514030457
YMR063W,YNL240C,0,0.05957997,0.09869574010372162,0.9950932264328003,0.9277627468109131
YOL020W,YGR170W,0,0.059010565,0.09868612885475159,0.9950932264328003,0.9278629422187805
YDR345C,YJR073C,0,0.058719933,0.09867652505636215,0.9950932264328003,0.927963137626648
YER149C,YDR412W,0,0.0584068,0.09866692870855331,0.9950932264328003,0.9280633330345154
YOL020W,YHR120W,0,0.05554919,0.09865732491016388,0.9950932264328003,0.9281635284423828
YKR053C,YEL006W,0,0.054826528,0.09864772856235504,0.9950932264328003,0.9282637238502502
YKL014C,YNL130C,0,0.05407411,0.0986381322145462,0.9950932264328003,0.9283639192581177
YGR244C,YBL031W,0,0.05348444,0.09862853586673737,0.9950932264328003,0.9284640550613403
YBR038W,YOR034C,0,0.052036762,0.09861894696950912,0.9950932264328003,0.9285642504692078
YLL057C,YGL111W,0,0.048850358,0.09860935807228088,0.9950932264328003,0.9286644458770752
YIL156W,YLR293C,0,0.048827082,0.09859976917505264,0.9950932264328003,0.9287646412849426
YLR347C,YPL175W,0,0.045487106,0.0985901802778244,0.9950932264328003,0.9288648366928101
YLR223C,YDR025W,0,0.04472488,0.09858059138059616,0.9950932264328003,0.9289650321006775
YGR055W,YDR019C,0,0.04446256,0.09857100993394852,0.9950932264328003,0.9290652275085449
YNL286W,YCR031C,0,0.042216897,0.09856142848730087,0.9950932264328003,0.9291654229164124
YNL056W,YCL064C,0,0.0420084,0.09855185449123383,0.9950932264328003,0.9292656183242798
YBR162C,YNL055C,0,0.040020823,0.09854227304458618,0.9950932264328003,0.9293658137321472
YCR031C,YEL039C,0,0.038876787,0.09853269904851913,0.9950932264328003,0.9294660091400146
YHR210C,YCR105W,0,0.032753155,0.09852312505245209,0.9950932264328003,0.9295662045478821
YFL061W,YHL035C,0,0.03126061,0.09851355105638504,0.9950932264328003,0.9296663403511047
YGL126W,YPL001W,0,0.030600011,0.09850398451089859,0.9950932264328003,0.9297665357589722
YAL019W,YPL235W,0,0.030206352,0.09849441796541214,0.9950932264328003,0.9298667311668396
YOR262W,YGL092W,0,0.029656947,0.09848485141992569,0.9950932264328003,0.929966926574707
YJL078C,YOL069W,0,0.028970212,0.09847528487443924,0.9950932264328003,0.9300671219825745
YDR188W,YIL096C,0,0.028650403,0.09846571832895279,0.9950932264328003,0.9301673173904419
YNL317W,YIL123W,0,0.028354198,0.09845615923404694,0.9950932264328003,0.9302675127983093
YDR469W,YMR153W,0,0.027612567,0.09844660013914108,0.9950932264328003,0.9303677082061768
YJL058C,YER060W,0,0.025354266,0.09843704849481583,0.9950932264328003,0.9304679036140442
YJL078C,YMR153W,0,0.024601221,0.09842748939990997,0.9950932264328003,0.9305680990219116
YDR129C,YJL212C,0,0.023201644,0.09841793775558472,0.9950932264328003,0.930668294429779
YLR382C,YER102W,0,0.020843029,0.09840838611125946,0.9950932264328003,0.9307684898376465
YGL093W,YPR141C,0,0.020255748,0.0983988344669342,0.9950932264328003,0.9308686256408691
YAL011W,YDR438W,0,0.018409014,0.09838929027318954,0.9950932264328003,0.9309688210487366
YDR098C,YLR017W,0,0.018401533,0.09837973862886429,0.9950932264328003,0.931069016456604
YPL280W,YDL046W,0,0.018294811,0.09837019443511963,0.9950932264328003,0.9311692118644714
YDL081C,YBR069C,0,0.016092658,0.09836065769195557,0.9950932264328003,0.9312694072723389
YOR254C,YFR030W,0,0.012380153,0.09835111349821091,0.9950932264328003,0.9313696026802063
YBR028C,YDR135C,0,0.011204332,0.09834157675504684,0.9950932264328003,0.9314697980880737
YOR065W,YNL118C,0,0.010006666,0.09833204001188278,0.9950932264328003,0.9315699934959412
YNL145W,YOR236W,0,0.00902319,0.09832250326871872,0.9950932264328003,0.9316701889038086
YKL029C,YML047C,0,0.0052014887,0.09831297397613525,0.9950932264328003,0.931770384311676
YBR069C,YML047C,0,0.0037434995,0.09830344468355179,0.9950932264328003,0.9318705797195435
YOL069W,YNL111C,0,0.002018094,0.09829391539096832,0.9950932264328003,0.9319707155227661
YHR103W,YMR322C,0,0.002004087,0.09828438609838486,0.9950932264328003,0.9320709109306335
YKL045W,YDR545W,0,0.0019235611,0.09827485680580139,0.9950932264328003,0.932171106338501
YMR232W,YPL207W,0,0.00021782517,0.09826533496379852,0.9950932264328003,0.9322713017463684
YER155C,YPL175W,0,-0.0024057627,0.09825581312179565,0.9950932264328003,0.9323714971542358
YKR034W,YLR054C,0,-0.0032970905,0.09824629127979279,0.9950932264328003,0.9324716925621033
YIR004W,YML047C,0,-0.004619837,0.09823677688837051,0.9950932264328003,0.9325718879699707
YBL007C,YGR245C,0,-0.0048490763,0.09822726249694824,0.9950932264328003,0.9326720833778381
YDR150W,YFL049W,0,-0.0058757067,0.09821774810552597,0.9950932264328003,0.9327722787857056
YDR148C,YLR058C,0,-0.0071800947,0.0982082337141037,0.9950932264328003,0.932872474193573
YGL016W,YMR091C,0,-0.0076111555,0.09819871932268143,0.9950932264328003,0.9329726696014404
YGR078C,YOR158W,0,-0.00815472,0.09818921238183975,0.9950932264328003,0.9330728650093079
YDR189W,YCL005W-A,0,-0.010278299,0.09817970544099808,0.9950932264328003,0.9331730008125305
YGR174C,YGL064C,0,-0.0108355805,0.0981701985001564,0.9950932264328003,0.933273196220398
YDR165W,YGL129C,0,-0.011863828,0.09816069900989532,0.9950932264328003,0.9333733916282654
YBR069C,YBR218C,0,-0.011876702,0.09815119206905365,0.9950932264328003,0.9334735870361328
YNL132W,YPL076W,0,-0.011892915,0.09814169257879257,0.9950932264328003,0.9335737824440002
YOR049C,YKR095W-A,0,-0.014989987,0.09813220053911209,0.9950932264328003,0.9336739778518677
YPL207W,YPL239W,0,-0.015126526,0.09812270104885101,0.9950932264328003,0.9337741732597351
YML023C,YMR149W,0,-0.017994821,0.09811320900917053,0.9950932264328003,0.9338743686676025
YNR024W,YOR103C,0,-0.02142942,0.09810371696949005,0.9950932264328003,0.93397456407547
YNL145W,YJL045W,0,-0.021608338,0.09809422492980957,0.9950932264328003,0.9340747594833374
YDR301W,YPL253C,0,-0.022609532,0.09808473289012909,0.9950932264328003,0.9341749548912048
YNR038W,YPL179W,0,-0.023804307,0.0980752483010292,0.9950932264328003,0.9342751502990723
YGR235C,YLR451W,0,-0.023953661,0.09806576371192932,0.9950932264328003,0.9343752861022949
YJL078C,YNL076W,0,-0.024457812,0.09805627912282944,0.9950932264328003,0.9344754815101624
YOR103C,YPR169W,0,-0.026348472,0.09804680198431015,0.9950932264328003,0.9345756769180298
YMR074C,YKL114C,0,-0.026755199,0.09803731739521027,0.9950932264328003,0.9346758723258972
YLR037C,YDR406W,0,-0.03143537,0.09802784025669098,0.9950932264328003,0.9347760677337646
YGL189C,YNL132W,0,-0.031868458,0.09801836311817169,0.9950932264328003,0.9348762631416321
YOL011W,YNL142W,0,-0.03269413,0.098008893430233,0.9950932264328003,0.9349764585494995
YNL045W,YLR058C,0,-0.03456974,0.09799942374229431,0.9950932264328003,0.9350766539573669
YPL140C,YKR099W,0,-0.034714103,0.09798994660377502,0.9950932264328003,0.9351768493652344
YJL012C,YGL005C,0,-0.037448153,0.09798048436641693,0.9950932264328003,0.9352770447731018
YGL067W,YGR204W,0,-0.03871447,0.09797101467847824,0.9950932264328003,0.9353772401809692
YHR154W,YJL069C,0,-0.04105413,0.09796155244112015,0.9950932264328003,0.9354774355888367
YNL062C,YLR019W,0,-0.04148814,0.09795209020376205,0.9950932264328003,0.9355775713920593
YNL103W,YOR335C,0,-0.044059157,0.09794262796640396,0.9950932264328003,0.9356777667999268
YER155C,YCR063W,0,-0.045652747,0.09793316572904587,0.9950932264328003,0.9357779622077942
YLL018C-A,YJR050W,0,-0.045800686,0.09792371094226837,0.9950932264328003,0.9358781576156616
YDR386W,YIL018W,0,-0.046404794,0.09791425615549088,0.9950932264328003,0.935978353023529
YPL233W,YER071C,0,-0.047657818,0.09790480136871338,0.9950932264328003,0.9360785484313965
YJR035W,YJR131W,0,-0.048062623,0.09789534658193588,0.9950932264328003,0.9361787438392639
YOR065W,YKL079W,0,-0.04937987,0.09788589924573898,0.9950932264328003,0.9362789392471313
YDR148C,YDR165W,0,-0.049537063,0.09787644445896149,0.9950932264328003,0.9363791346549988
YGL104C,YPL137C,0,-0.049610734,0.09786700457334518,0.9950932264328003,0.9364793300628662
YLR196W,YPR046W,0,-0.050980806,0.09785755723714828,0.9950932264328003,0.9365795254707336
YMR055C,YLR200W,0,-0.051047325,0.09784810990095139,0.9950932264328003,0.9366797208786011
YCL029C,YOR009W,0,-0.05185002,0.09783867001533508,0.9950932264328003,0.9367798566818237
YPL140C,YHL026C,0,-0.05242917,0.09782923012971878,0.9950932264328003,0.9368800520896912
YGL067W,YLR055C,0,-0.052878022,0.09781979769468307,0.9950932264328003,0.9369802474975586
YCR086W,YDR087C,0,-0.05785507,0.09781035780906677,0.9950932264328003,0.937080442905426
YML023C,YOR034C,0,-0.058271587,0.09780092537403107,0.9950932264328003,0.9371806383132935
YGR060W,YLL057C,0,-0.0626044,0.09779149293899536,0.9950932264328003,0.9372808337211609
YHR205W,YJL098W,0,-0.06327422,0.09778206050395966,0.9950932264328003,0.9373810291290283
YHL038C,YEL019C,0,-0.06462854,0.09777263551950455,0.9950932264328003,0.9374812245368958
YER060W-A,YLR363C,0,-0.06597686,0.09776321053504944,0.9950932264328003,0.9375814199447632
YPR034W,YOR271C,0,-0.067094445,0.09775378555059433,0.9950932264328003,0.9376816153526306
YCR005C,YDL102W,0,-0.06847036,0.09774436056613922,0.9950932264328003,0.937781810760498
YGL243W,YGR083C,0,-0.069936395,0.09773494303226471,0.9950932264328003,0.9378819465637207
YPR143W,YPL175W,0,-0.07054472,0.0977255180478096,0.9950932264328003,0.9379821419715881
YLR293C,YML127W,0,-0.07065356,0.09771610051393509,0.9950932264328003,0.9380823373794556
YFL011W,YER093C,0,-0.07206136,0.09770669043064117,0.9950932264328003,0.938182532787323
YER179W,YPR131C,0,-0.07399976,0.09769727289676666,0.9950932264328003,0.9382827281951904
YDR325W,YDR398W,0,-0.07433367,0.09768786281347275,0.9950932264328003,0.9383829236030579
YJL069C,YLL057C,0,-0.07450938,0.09767845273017883,0.9950932264328003,0.9384831190109253
YPR105C,YLR068W,0,-0.07535645,0.09766904264688492,0.9950932264328003,0.9385833144187927
YJR132W,YMR242C,0,-0.07929176,0.097659632563591,0.9950932264328003,0.9386835098266602
YDR361C,YGL171W,0,-0.08549762,0.09765022993087769,0.9950932264328003,0.9387837052345276
YOL135C,YPL018W,0,-0.08948398,0.09764082729816437,0.9950932264328003,0.938883900642395
YKL033W,YLR293C,0,-0.09099865,0.09763142466545105,0.9950932264328003,0.9389840960502625
YNL328C,YPL049C,0,-0.09300041,0.09762202948331833,0.9950932264328003,0.9390842318534851
YBL063W,YDR176W,0,-0.09481691,0.09761262685060501,0.9950932264328003,0.9391844272613525
YDR091C,YOR109W,0,-0.097061604,0.09760323166847229,0.9950932264328003,0.93928462266922
YER176W,YKL006C-A,0,-0.09751117,0.09759384393692017,0.9950932264328003,0.9393848180770874
YML021C,YOL135C,0,-0.09967473,0.09758444875478745,0.9950932264328003,0.9394850134849548
YMR261C,YGR055W,0,-0.10019709,0.09757506102323532,0.9950932264328003,0.9395852088928223
YLR390W-A,YAL030W,0,-0.103876114,0.0975656658411026,0.9950932264328003,0.9396854043006897
YLR200W,YLR075W,0,-0.107973814,0.09755628556013107,0.9950932264328003,0.9397855997085571
YER155C,YJL208C,0,-0.108803034,0.09754689782857895,0.9950932264328003,0.9398857951164246
YHR114W,YLR435W,0,-0.11218727,0.09753751754760742,0.9950932264328003,0.939985990524292
YBR005W,YDR160W,0,-0.11255336,0.0975281298160553,0.9950932264328003,0.9400861859321594
YGR181W,YLR061W,0,-0.11488181,0.09751875698566437,0.9950932264328003,0.9401863813400269
YLR194C,YLR299W,0,-0.11649084,0.09750937670469284,0.9950932264328003,0.9402865171432495
YMR081C,YHR005C,0,-0.1170879,0.09749999642372131,0.9950932264328003,0.9403867125511169
YBR248C,YLR019W,0,-0.12236726,0.09749062359333038,0.9950932264328003,0.9404869079589844
YHR139C,YGR057C,0,-0.12304973,0.09748125076293945,0.9950932264328003,0.9405871033668518
YCR091W,YNL068C,0,-0.123527944,0.09747188538312912,0.9950932264328003,0.9406872987747192
YER063W,YLR413W,0,-0.124756575,0.09746251255273819,0.9950932264328003,0.9407874941825867
YJR049C,YDR165W,0,-0.12499821,0.09745314717292786,0.9950932264328003,0.9408876895904541
YHL028W,YLR075W,0,-0.1261462,0.09744378179311752,0.9950932264328003,0.9409878849983215
YHR033W,YBR131W,0,-0.12738073,0.09743441641330719,0.9950932264328003,0.941088080406189
YEL001C,YBL035C,0,-0.12798655,0.09742505848407745,0.9950932264328003,0.9411882758140564
YBR091C,YNL216W,0,-0.13023233,0.09741570055484772,0.9950932264328003,0.9412884712219238
YMR072W,YBR162C,0,-0.13361454,0.09740634262561798,0.9950932264328003,0.9413886666297913
YPL173W,YJL208C,0,-0.1353904,0.09739698469638824,0.9950932264328003,0.9414888024330139
YLR277C,YKL006C-A,0,-0.13598624,0.09738762676715851,0.9950932264328003,0.9415889978408813
YDR500C,YDL117W,0,-0.13927972,0.09737827628850937,0.9950932264328003,0.9416891932487488
YJL127C,YDR438W,0,-0.13985896,0.09736892580986023,0.9950932264328003,0.9417893886566162
YBL087C,YKL138C-A,0,-0.14143226,0.09735957533121109,0.9950932264328003,0.9418895840644836
YKL054C,YFL025C,1,-0.14450967,0.09744623303413391,0.9960745573043823,0.9418895840644836
YMR286W,YCR005C,0,-0.14510417,0.09743688255548477,0.9960745573043823,0.9419897794723511
YJL186W,YFL026W,0,-0.14514983,0.09742753207683563,0.9960745573043823,0.9420899748802185
YLR131C,YGR211W,0,-0.14825267,0.09741818159818649,0.9960745573043823,0.9421901702880859
YIL053W,YCR024C,0,-0.1512233,0.09740883111953735,0.9960745573043823,0.9422903656959534
YKR077W,YKR034W,0,-0.1518749,0.09739948064088821,0.9960745573043823,0.9423905611038208
YDR023W,YGL016W,0,-0.15276986,0.09739013761281967,0.9960745573043823,0.9424907565116882
YNR048W,YJL180C,0,-0.15363589,0.09738079458475113,0.9960745573043823,0.9425909519195557
YLR052W,YKR072C,0,-0.15399075,0.09737145155668259,0.9960745573043823,0.9426910877227783
YOR065W,YBR121C,0,-0.15400708,0.09736210852861404,0.9960745573043823,0.9427912831306458
YPL117C,YJL069C,0,-0.15844846,0.0973527729511261,0.9960745573043823,0.9428914785385132
YKR079C,YGL058W,0,-0.1595372,0.09734343737363815,0.9960745573043823,0.9429916739463806
YHR154W,YER139C,0,-0.16032888,0.09733410179615021,0.9960745573043823,0.943091869354248
YDR201W,YIL123W,0,-0.16437924,0.09732476621866226,0.9960745573043823,0.9431920647621155
YNL063W,YJL069C,0,-0.16669422,0.09731543809175491,0.9960745573043823,0.9432922601699829
YOL042W,YDR019C,0,-0.16706115,0.09730610996484756,0.9960745573043823,0.9433924555778503
YMR322C,YMR001C,0,-0.17011592,0.09729678183794022,0.9960745573043823,0.9434926509857178
YDR178W,YKR085C,0,-0.1723789,0.09728745371103287,0.9960745573043823,0.9435928463935852
YEL019C,YNL064C,1,-0.17346114,0.09737396985292435,0.9970559477806091,0.9435928463935852
YMR207C,YGL195W,0,-0.17400748,0.097364641726017,0.9970559477806091,0.9436930418014526
YPR034W,YKL006W,0,-0.17697212,0.09735530614852905,0.9970559477806091,0.9437931776046753
YJR118C,YBL031W,0,-0.17720713,0.0973459780216217,0.9970559477806091,0.9438933730125427
YNL190W,YKR077W,0,-0.17735048,0.09733665734529495,0.9970559477806091,0.9439935684204102
YDR039C,YDR430C,0,-0.1796286,0.0973273292183876,0.9970559477806091,0.9440937638282776
YDR092W,YGR296W,0,-0.18068005,0.09731800854206085,0.9970559477806091,0.944193959236145
YHR169W,YNR038W,0,-0.18337047,0.0973086878657341,0.9970559477806091,0.9442941546440125
YBR130C,YPL233W,0,-0.1866188,0.09729936718940735,0.9970559477806091,0.9443943500518799
YLR259C,YFR049W,0,-0.18718743,0.0972900539636612,0.9970559477806091,0.9444945454597473
YLR194C,YLL067C,0,-0.1888672,0.09728073328733444,0.9970559477806091,0.9445947408676147
YOR091W,YLR055C,0,-0.19055754,0.09727142006158829,0.9970559477806091,0.9446949362754822
YLR194C,YOR357C,0,-0.19169265,0.09726210683584213,0.9970559477806091,0.9447951316833496
YHR103W,YNL041C,0,-0.19247317,0.09725280106067657,0.9970559477806091,0.944895327091217
YOR119C,YOR060C,0,-0.19314477,0.09724349528551102,0.9970559477806091,0.9449954628944397
YIL011W,YLR337C,0,-0.19323711,0.09723418205976486,0.9970559477806091,0.9450956583023071
YBR069C,YNL068C,0,-0.19368547,0.0972248837351799,0.9970559477806091,0.9451958537101746
YMR232W,YOL095C,0,-0.19760403,0.09721557796001434,0.9970559477806091,0.945296049118042
YKL006C-A,YER109C,0,-0.19916013,0.09720627963542938,0.9970559477806091,0.9453962445259094
YLL024C,YPL097W,0,-0.20029342,0.09719697386026382,0.9970559477806091,0.9454964399337769
YLL031C,YAL028W,0,-0.20177364,0.09718768298625946,0.9970559477806091,0.9455966353416443
YLR131C,YOR009W,0,-0.20206726,0.0971783846616745,0.9970559477806091,0.9456968307495117
YGL192W,YHR106W,0,-0.20460737,0.09716908633708954,0.9970559477806091,0.9457970261573792
YCL029C,YOR101W,0,-0.20470142,0.09715979546308517,0.9970559477806091,0.9458972215652466
YLR058C,YHR133C,0,-0.20645201,0.09715050458908081,0.9970559477806091,0.945997416973114
YHR088W,YNL318C,0,-0.20795047,0.09714122116565704,0.9970559477806091,0.9460976123809814
YIL106W,YJL127C,0,-0.20883983,0.09713193029165268,0.9970559477806091,0.9461977481842041
YCR106W,YLR150W,0,-0.2109828,0.09712264686822891,0.9970559477806091,0.9462979435920715
YBR038W,YJL013C,0,-0.21568397,0.09711336344480515,0.9970559477806091,0.946398138999939
YML067C,YER060W-A,0,-0.21720552,0.09710408002138138,0.9970559477806091,0.9464983344078064
YIL148W,YPL117C,0,-0.22120821,0.09709480404853821,0.9970559477806091,0.9465985298156738
YDL105W,YBR065C,0,-0.22365916,0.09708552062511444,0.9970559477806091,0.9466987252235413
YNR024W,YPR180W,0,-0.22435021,0.09707624465227127,0.9970559477806091,0.9467989206314087
YGR217W,YGR161C,0,-0.22615188,0.0970669686794281,0.9970559477806091,0.9468991160392761
YGL189C,YLR277C,0,-0.22720802,0.09705770015716553,0.9970559477806091,0.9469993114471436
YLR044C,YNL063W,0,-0.22766714,0.09704843163490295,0.9970559477806091,0.947099506855011
YBR091C,YLR054C,0,-0.23195723,0.09703916311264038,0.9970559477806091,0.9471997022628784
YNL164C,YPR133C,0,-0.23216164,0.09702989459037781,0.9970559477806091,0.9472998976707458
YIL019W,YLR150W,0,-0.23870784,0.09702062606811523,0.9970559477806091,0.9474000334739685
YER127W,YIL130W,0,-0.23936638,0.09701136499643326,0.9970559477806091,0.9475002288818359
YOR091W,YGR165W,0,-0.24083626,0.09700210392475128,0.9970559477806091,0.9476004242897034
YLR059C,YEL024W,0,-0.24662024,0.0969928428530693,0.9970559477806091,0.9477006196975708
YPL235W,YMR131C,0,-0.24840689,0.09698358178138733,0.9970559477806091,0.9478008151054382
YKL185W,YPR100W,0,-0.25122118,0.09697432816028595,0.9970559477806091,0.9479010105133057
YFL011W,YML061C,0,-0.251504,0.09696506708860397,0.9970559477806091,0.9480012059211731
YNL145W,YLR220W,0,-0.25249237,0.0969558134675026,0.9970559477806091,0.9481014013290405
YIL037C,YNL023C,0,-0.2530552,0.09694656729698181,0.9970559477806091,0.948201596736908
YNL288W,YGR260W,0,-0.25371668,0.09693731367588043,0.9970559477806091,0.9483017921447754
YKL081W,YML055W,0,-0.25419283,0.09692806750535965,0.9970559477806091,0.9484019875526428
YGR103W,YGL129C,0,-0.25457,0.09691882133483887,0.9970559477806091,0.9485021829605103
YIL167W,YOR341W,0,-0.25484282,0.09690957516431808,0.9970559477806091,0.9486023187637329
YER014W,YPL036W,0,-0.2580066,0.0969003364443779,0.9970559477806091,0.9487025141716003
YML016C,YKR099W,0,-0.2596687,0.09689109027385712,0.9970559477806091,0.9488027095794678
YPR110C,YPL198W,0,-0.26148212,0.09688185155391693,0.9970559477806091,0.9489029049873352
YLR193C,YCL064C,0,-0.2652974,0.09687261283397675,0.9970559477806091,0.9490031003952026
YJR132W,YPR128C,0,-0.26559085,0.09686338156461716,0.9970559477806091,0.9491032958030701
YJR048W,YOL084W,0,-0.26644933,0.09685415029525757,0.9970559477806091,0.9492034912109375
YDR372C,YLR175W,0,-0.26719633,0.09684491157531738,0.9970559477806091,0.9493036866188049
YDR412W,YLR337C,0,-0.26783356,0.09683568775653839,0.9970559477806091,0.9494038820266724
YAL019W,YHR149C,0,-0.26882917,0.0968264564871788,0.9970559477806091,0.9495040774345398
YGR055W,YOR078W,0,-0.27470136,0.09681722521781921,0.9970559477806091,0.9496042728424072
YLR056W,YDR234W,0,-0.27494633,0.09680800139904022,0.9970559477806091,0.9497044086456299
YMR175W,YBL063W,0,-0.27533627,0.09679877758026123,0.9970559477806091,0.9498046040534973
YIL173W,YGL064C,0,-0.2757752,0.09678956121206284,0.9970559477806091,0.9499047994613647
YOR081C,YBR089C-A,0,-0.27664936,0.09678033739328384,0.9970559477806091,0.9500049948692322
YDR441C,YER102W,0,-0.2818401,0.09677112102508545,0.9970559477806091,0.9501051902770996
YPR175W,YJL179W,0,-0.28214884,0.09676190465688705,0.9970559477806091,0.950205385684967
YHR111W,YDL102W,0,-0.28342274,0.09675268828868866,0.9970559477806091,0.9503055810928345
YMR015C,YDL113C,0,-0.2836511,0.09674347937107086,0.9970559477806091,0.9504057765007019
YJR042W,YNL029C,0,-0.2837429,0.09673426300287247,0.9970559477806091,0.9505059719085693
YGR055W,YER023W,0,-0.2856257,0.09672505408525467,0.9970559477806091,0.9506061673164368
YOR103C,YER060W,0,-0.28583813,0.09671585261821747,0.9970559477806091,0.9507063627243042
YJL078C,YIL037C,0,-0.29100513,0.09670664370059967,0.9970559477806091,0.9508065581321716
YPL010W,YBR121C,0,-0.29209995,0.09669744223356247,0.9970559477806091,0.9509066939353943
YJR049C,YHR170W,0,-0.29235697,0.09668824076652527,0.9970559477806091,0.9510068893432617
YGR138C,YCL067C,0,-0.29365557,0.09667903929948807,0.9970559477806091,0.9511070847511292
YGL063W,YOR335C,0,-0.29747295,0.09666983783245087,0.9970559477806091,0.9512072801589966
YGR078C,YBR162C,0,-0.2981975,0.09666064381599426,0.9970559477806091,0.951307475566864
YOL144W,YML081W,0,-0.2996227,0.09665144234895706,0.9970559477806091,0.9514076709747314
YJL180C,YDL134C,0,-0.30354214,0.09664225578308105,0.9970559477806091,0.9515078663825989
YGR181W,YGR174C,0,-0.3038111,0.09663306176662445,0.9970559477806091,0.9516080617904663
YDR377W,YCL039W,0,-0.3041005,0.09662386775016785,0.9970559477806091,0.9517082571983337
YGR094W,YDR438W,0,-0.31069523,0.09661468118429184,0.9970559477806091,0.9518084526062012
YPR106W,YIL011W,0,-0.31178737,0.09660549461841583,0.9970559477806091,0.9519086480140686
YJR102C,YKR053C,0,-0.31185967,0.09659630805253983,0.9970559477806091,0.952008843421936
YLR092W,YMR156C,0,-0.3142312,0.09658712893724442,0.9970559477806091,0.9521089792251587
YER179W,YBR218C,0,-0.31499898,0.096577949821949,0.9970559477806091,0.9522091746330261
YIL019W,YNL216W,0,-0.31683916,0.0965687707066536,0.9970559477806091,0.9523093700408936
YLL021W,YPL253C,0,-0.3169952,0.09655959159135818,0.9970559477806091,0.952409565448761
YKL197C,YOR195W,0,-0.31793517,0.09655041247606277,0.9970559477806091,0.9525097608566284
YPR169W,YJL197W,0,-0.31955326,0.09654124081134796,0.9970559477806091,0.9526099562644958
YML107C,YKR034W,0,-0.32044196,0.09653206914663315,0.9970559477806091,0.9527101516723633
YGR103W,YNL063W,0,-0.32317436,0.09652289748191833,0.9970559477806091,0.9528103470802307
YIL137C,YOL059W,0,-0.32566738,0.09651372581720352,0.9970559477806091,0.9529105424880981
YJR102C,YKL043W,0,-0.33031395,0.0965045616030693,0.9970559477806091,0.9530107378959656
YDR201W,YLR196W,0,-0.3368001,0.09649539738893509,0.9970559477806091,0.953110933303833
YPR128C,YBR218C,0,-0.33699834,0.09648623317480087,0.9970559477806091,0.9532111287117004
YNL041C,YBR015C,0,-0.34401798,0.09647706896066666,0.9970559477806091,0.9533112645149231
YPL063W,YDR087C,0,-0.34450325,0.09646790474653244,0.9970559477806091,0.9534114599227905
YDR377W,YMR232W,0,-0.34489167,0.09645874798297882,0.9970559477806091,0.953511655330658
YPL043W,YPR086W,0,-0.3467741,0.0964495912194252,0.9970559477806091,0.9536118507385254
YCR105W,YOR109W,0,-0.34873086,0.09644043445587158,0.9970559477806091,0.9537120461463928
YLR006C,YBR181C,0,-0.3509959,0.09643128514289856,0.9970559477806091,0.9538122415542603
YJR132W,YKL006W,0,-0.3589845,0.09642212837934494,0.9970559477806091,0.9539124369621277
YBL080C,YOR049C,0,-0.36020565,0.09641297906637192,0.9970559477806091,0.9540126323699951
YOL076W,YGL116W,0,-0.3605677,0.0964038297533989,0.9970559477806091,0.9541128277778625
YKL132C,YLR200W,0,-0.36227953,0.09639468789100647,0.9970559477806091,0.95421302318573
YNR032C-A,YHR190W,0,-0.36422318,0.09638553857803345,0.9970559477806091,0.9543132185935974
YDL003W,YMR242C,0,-0.36925364,0.09637639671564102,0.9970559477806091,0.9544134140014648
YIL147C,YLR092W,0,-0.37032568,0.0963672548532486,0.9970559477806091,0.9545135498046875
YGL063W,YGR004W,0,-0.37059385,0.09635812044143677,0.9970559477806091,0.9546137452125549
YMR274C,YOR319W,0,-0.37115872,0.09634897857904434,0.9970559477806091,0.9547139406204224
YHR158C,YGR044C,0,-0.37349606,0.09633984416723251,0.9970559477806091,0.9548141360282898
YOL121C,YHR142W,0,-0.37353742,0.09633070975542068,0.9970559477806091,0.9549143314361572
YBR078W,YMR055C,0,-0.3751193,0.09632157534360886,0.9970559477806091,0.9550145268440247
YLR131C,YHR197W,0,-0.37618202,0.09631244838237762,0.9970559477806091,0.9551147222518921
YGL063W,YLL024C,0,-0.37624997,0.0963033139705658,0.9970559477806091,0.9552149176597595
YPL036W,YPL145C,0,-0.37758327,0.09629418700933456,0.9970559477806091,0.955315113067627
YDR325W,YOL144W,0,-0.37779725,0.09628506749868393,0.9970559477806091,0.9554153084754944
YDR075W,YER007C-A,0,-0.37834305,0.0962759405374527,0.9970559477806091,0.9555155038833618
YML086C,YMR322C,0,-0.38074756,0.09626682102680206,0.9970559477806091,0.9556156992912292
YGR254W,YOR359W,0,-0.3823341,0.09625769406557083,0.9970559477806091,0.9557158350944519
YJR046W,YOR341W,0,-0.38786608,0.0962485820055008,0.9970559477806091,0.9558160305023193
YPL004C,YJR150C,0,-0.39121678,0.09623946249485016,0.9970559477806091,0.9559162259101868
YOL154W,YFR049W,0,-0.39733213,0.09623034298419952,0.9970559477806091,0.9560164213180542
YPL262W,YGL049C,0,-0.3982975,0.09622123092412949,0.9970559477806091,0.9561166167259216
YMR232W,YHR088W,0,-0.4021486,0.09621211886405945,0.9970559477806091,0.9562168121337891
YDR175C,YHL031C,0,-0.40343946,0.09620301425457001,0.9970559477806091,0.9563170075416565
YKL043W,YPL178W,0,-0.40372425,0.09619390219449997,0.9970559477806091,0.9564172029495239
YML021C,YDL031W,0,-0.4054519,0.09618479758501053,0.9970559477806091,0.9565173983573914
YGR078C,YHL028W,0,-0.40626416,0.09617569297552109,0.9970559477806091,0.9566175937652588
YGR129W,YJL069C,0,-0.40986252,0.09616658836603165,0.9970559477806091,0.9567177891731262
YEL032W,YGL049C,0,-0.41245887,0.0961574837565422,0.9970559477806091,0.9568179249763489
YJR132W,YGL171W,0,-0.4127742,0.09614838659763336,0.9970559477806091,0.9569181203842163
YLR006C,YGR138C,0,-0.4158424,0.09613928943872452,0.9970559477806091,0.9570183157920837
YEL024W,YNL278W,0,-0.41595173,0.09613019227981567,0.9970559477806091,0.9571185111999512
YML086C,YPR068C,0,-0.41947567,0.09612109512090683,0.9970559477806091,0.9572187066078186
YKR077W,YMR131C,0,-0.42816076,0.09611200541257858,0.9970559477806091,0.957318902015686
YIL038C,YML016C,0,-0.428432,0.09610291570425034,0.9970559477806091,0.9574190974235535
YGL243W,YGL111W,0,-0.43155932,0.09609382599592209,0.9970559477806091,0.9575192928314209
YPR010C,YMR207C,0,-0.43817055,0.09608473628759384,0.9970559477806091,0.9576194882392883
YLR277C,YBL035C,0,-0.4419359,0.0960756465792656,0.9970559477806091,0.9577196836471558
YBL080C,YKL006C-A,0,-0.44459382,0.09606656432151794,0.9970559477806091,0.9578198790550232
YOR078W,YMR177W,0,-0.44652638,0.0960574820637703,0.9970559477806091,0.9579200744628906
YNL164C,YPL063W,0,-0.44855714,0.09604839980602264,0.9970559477806091,0.9580202102661133
YEL020W-A,YDR292C,0,-0.4506448,0.09603932499885559,0.9970559477806091,0.9581204056739807
YLR347C,YJR035W,0,-0.45065933,0.09603024274110794,0.9970559477806091,0.9582206010818481
YOR045W,YPL141C,0,-0.45272678,0.09602116793394089,0.9970559477806091,0.9583207964897156
YLR451W,YHR005C,0,-0.45938158,0.09601209312677383,0.9970559477806091,0.958420991897583
YLR215C,YGR260W,0,-0.4625386,0.09600302577018738,0.9970559477806091,0.9585211873054504
YOR330C,YJL069C,0,-0.46387446,0.09599395096302032,0.9970559477806091,0.9586213827133179
YKR079C,YOL135C,0,-0.46403873,0.09598488360643387,0.9970559477806091,0.9587215781211853
YKL043W,YGR040W,0,-0.46782207,0.09597581624984741,0.9970559477806091,0.9588217735290527
YBL080C,YDL102W,0,-0.46965027,0.09596674889326096,0.9970559477806091,0.9589219689369202
YMR232W,YOR119C,0,-0.47135282,0.0959576889872551,0.9970559477806091,0.9590221643447876
YBL087C,YGL064C,0,-0.47606054,0.09594862908124924,0.9970559477806091,0.959122359752655
YMR192W,YGR078C,0,-0.4802125,0.09593956917524338,0.9970559477806091,0.9592224955558777
YOL121C,YHR193C,0,-0.4806342,0.09593050926923752,0.9970559477806091,0.9593226909637451
YCR018C,YBR162C,0,-0.483647,0.09592144936323166,0.9970559477806091,0.9594228863716125
YKL006C-A,YML013W,0,-0.48775715,0.0959123969078064,0.9970559477806091,0.95952308177948
YPL126W,YJL197W,0,-0.48872945,0.09590334445238113,0.9970559477806091,0.9596232771873474
YMR205C,YKR077W,0,-0.48909286,0.09589429199695587,0.9970559477806091,0.9597234725952148
YIL053W,YMR313C,0,-0.48946604,0.09588523954153061,0.9970559477806091,0.9598236680030823
YIL037C,YNL066W,0,-0.49074757,0.09587619453668594,0.9970559477806091,0.9599238634109497
YGL104C,YKL060C,0,-0.4923272,0.09586714208126068,0.9970559477806091,0.9600240588188171
YJL183W,YML016C,0,-0.49503958,0.09585809707641602,0.9970559477806091,0.9601242542266846
YDL240W,YER129W,0,-0.49593505,0.09584905952215195,0.9970559477806091,0.960224449634552
YHL003C,YER127W,0,-0.49602214,0.09584001451730728,0.9970559477806091,0.9603246450424194
YHR108W,YHL035C,0,-0.4965521,0.09583097696304321,0.9970559477806091,0.9604247808456421
YBR169C,YIL011W,0,-0.49841025,0.09582193940877914,0.9970559477806091,0.9605249762535095
YHL028W,YOL023W,0,-0.50033677,0.09581290185451508,0.9970559477806091,0.960625171661377
YER056C,YPL262W,0,-0.5045684,0.09580386430025101,0.9970559477806091,0.9607253670692444
YNL318C,YIR026C,0,-0.50530505,0.09579483419656754,0.9970559477806091,0.9608255624771118
YHR142W,YOR253W,0,-0.5053741,0.09578580409288406,0.9970559477806091,0.9609257578849792
YDR325W,YLR409C,0,-0.5063195,0.09577677398920059,0.9970559477806091,0.9610259532928467
YGR082W,YKL191W,0,-0.50897723,0.09576774388551712,0.9970559477806091,0.9611261487007141
YOR065W,YDR328C,0,-0.5101289,0.09575872123241425,0.9970559477806091,0.9612263441085815
YPR120C,YHR194W,0,-0.51284236,0.09574969112873077,0.9970559477806091,0.961326539516449
YDR213W,YMR195W,0,-0.5159385,0.0957406684756279,0.9970559477806091,0.9614267349243164
YMR220W,YGL192W,0,-0.51616156,0.09573165327310562,0.9970559477806091,0.9615269303321838
YHL017W,YCR005C,0,-0.5168673,0.09572263062000275,0.9970559477806091,0.9616270661354065
YJR042W,YPR175W,0,-0.51930135,0.09571361541748047,0.9970559477806091,0.9617272615432739
YDR439W,YDR045C,0,-0.5220094,0.09570460021495819,0.9970559477806091,0.9618274569511414
YJR041C,YLR150W,0,-0.5243602,0.09569558501243591,0.9970559477806091,0.9619276523590088
YIL011W,YMR149W,0,-0.5258752,0.09568656980991364,0.9970559477806091,0.9620278477668762
YGR204W,YOR101W,0,-0.52700925,0.09567756205797195,0.9970559477806091,0.9621280431747437
YPL239W,YHR193C,0,-0.52735496,0.09566854685544968,0.9970559477806091,0.9622282385826111
YIL019W,YPL254W,0,-0.52900326,0.095659539103508,0.9970559477806091,0.9623284339904785
YKL033W,YLR432W,0,-0.5349946,0.09565053880214691,0.9970559477806091,0.962428629398346
YDL235C,YDL139C,0,-0.5350735,0.09564153105020523,0.9970559477806091,0.9625288248062134
YNL286W,YOR247W,0,-0.5388942,0.09563253074884415,0.9970559477806091,0.9626290202140808
YHR201C,YGL016W,0,-0.5399519,0.09562353044748306,0.9970559477806091,0.9627291560173035
YGR170W,YGL195W,0,-0.5433815,0.09561453014612198,0.9970559477806091,0.9628293514251709
YBR078W,YKR099W,0,-0.544256,0.0956055298447609,0.9970559477806091,0.9629295468330383
YNL142W,YIL009W,0,-0.54568934,0.09559653699398041,0.9970559477806091,0.9630297422409058
YEL018W,YDR234W,0,-0.55018467,0.09558754414319992,0.9970559477806091,0.9631299376487732
YPR110C,YGR030C,0,-0.55119836,0.09557855129241943,0.9970559477806091,0.9632301330566406
YDR111C,YBR162C,0,-0.5552524,0.09556955844163895,0.9970559477806091,0.9633303284645081
YPL262W,YOL051W,0,-0.55808246,0.09556057304143906,0.9970559477806091,0.9634305238723755
YNL263C,YML082W,0,-0.5595213,0.09555158764123917,0.9970559477806091,0.9635307192802429
YDR127W,YBR162W-A,0,-0.5596007,0.09554260224103928,0.9970559477806091,0.9636309146881104
YFR010W,YLR059C,0,-0.56710434,0.09553361684083939,0.9970559477806091,0.9637311100959778
YGR181W,YHR106W,0,-0.5694063,0.0955246314406395,0.9970559477806091,0.9638313055038452
YLR234W,YKL006W,0,-0.5704509,0.0955156534910202,0.9970559477806091,0.9639314413070679
YBR153W,YNR038W,0,-0.5707134,0.09550667554140091,0.9970559477806091,0.9640316367149353
YDL105W,YPL146C,0,-0.5709262,0.09549769759178162,0.9970559477806091,0.9641318321228027
YOR193W,YIL120W,0,-0.571947,0.09548871964216232,0.9970559477806091,0.9642320275306702
YJR041C,YJL069C,0,-0.57688886,0.09547974914312363,0.9970559477806091,0.9643322229385376
YPR095C,YPL075W,0,-0.57831013,0.09547077864408493,0.9970559477806091,0.964432418346405
YPR008W,YMR275C,0,-0.57836145,0.09546180814504623,0.9970559477806091,0.9645326137542725
YFR038W,YPL161C,0,-0.5790043,0.09545283764600754,0.9970559477806091,0.9646328091621399
YIL019W,YDR412W,0,-0.58215046,0.09544386714696884,0.9970559477806091,0.9647330045700073
YOR272W,YDL102W,0,-0.58507323,0.09543490409851074,0.9970559477806091,0.9648331999778748
YNR032C-A,YHR204W,1,-0.5852579,0.09551986306905746,0.9980372786521912,0.9648331999778748
YKL149C,YHR170W,0,-0.585798,0.09551089257001877,0.9980372786521912,0.9649333953857422
YDL175C,YPL001W,0,-0.5871385,0.09550192207098007,0.9980372786521912,0.9650335907936096
YDR243C,YKL132C,0,-0.58875775,0.09549295902252197,0.9980372786521912,0.9651337265968323
YOL020W,YNL288W,0,-0.5888172,0.09548398852348328,0.9980372786521912,0.9652339220046997
YGR082W,YDR398W,0,-0.5896732,0.09547502547502518,0.9980372786521912,0.9653341174125671
YMR048W,YPL126W,0,-0.5917512,0.09546606242656708,0.9980372786521912,0.9654343128204346
YHR073W,YGR129W,0,-0.5928263,0.09545710682868958,0.9980372786521912,0.965534508228302
YGR078C,YLR181C,0,-0.5933776,0.09544814378023148,0.9980372786521912,0.9656347036361694
YEL020W-A,YDR515W,0,-0.59432036,0.09543918818235397,0.9980372786521912,0.9657348990440369
YPL116W,YDL081C,0,-0.59603864,0.09543023258447647,0.9980372786521912,0.9658350944519043
YLR360W,YLR058C,0,-0.5962428,0.09542127698659897,0.9980372786521912,0.9659352898597717
YOR016C,YER072W,0,-0.6022872,0.09541232883930206,0.9980372786521912,0.9660354852676392
YPL262W,YKL079W,0,-0.6024123,0.09540338069200516,0.9980372786521912,0.9661356806755066
YNL132W,YPL063W,0,-0.6047573,0.09539442509412766,0.9980372786521912,0.966235876083374
YOL132W,YKR072C,0,-0.6051303,0.09538548439741135,0.9980372786521912,0.9663360118865967
YOR016C,YLR249W,0,-0.6053344,0.09537653625011444,0.9980372786521912,0.9664362072944641
YNL288W,YPL097W,0,-0.60584044,0.09536759555339813,0.9980372786521912,0.9665364027023315
YOR267C,YPR007C,0,-0.61569357,0.09535864740610123,0.9980372786521912,0.966636598110199
YIR031C,YNL066W,0,-0.6157172,0.09534970670938492,0.9980372786521912,0.9667367935180664
YKR079C,YDL102W,0,-0.61669147,0.0953407734632492,0.9980372786521912,0.9668369889259338
YHR170W,YPL010W,0,-0.6190969,0.0953318327665329,0.9980372786521912,0.9669371843338013
YPL221W,YCR044C,0,-0.6194898,0.09532289952039719,0.9980372786521912,0.9670373797416687
YDR375C,YGR044C,0,-0.6267523,0.09531396627426147,0.9980372786521912,0.9671375751495361
YGL025C,YCR016W,0,-0.627485,0.09530503302812576,0.9980372786521912,0.9672377705574036
YDL003W,YDR078C,0,-0.62765706,0.09529609978199005,0.9980372786521912,0.967337965965271
YBL080C,YIL053W,0,-0.63599336,0.09528717398643494,0.9980372786521912,0.9674381613731384
YGR060W,YDR019C,0,-0.63779795,0.09527824819087982,0.9980372786521912,0.9675382971763611
YPL210C,YGR094W,0,-0.63799894,0.09526932239532471,0.9980372786521912,0.9676384925842285
YHR001W-A,YGL053W,0,-0.6384246,0.09526039659976959,0.9980372786521912,0.967738687992096
YGR170W,YLR367W,0,-0.6454674,0.09525147825479507,0.9980372786521912,0.9678388833999634
YPL036W,YHR194W,0,-0.64731765,0.09524255245923996,0.9980372786521912,0.9679390788078308
YNL041C,YER102W,0,-0.6474343,0.09523363411426544,0.9980372786521912,0.9680392742156982
YHR154W,YPL006W,0,-0.6485679,0.09522471576929092,0.9980372786521912,0.9681394696235657
YHR204W,YPL221W,0,-0.6544482,0.095215804874897,0.9980372786521912,0.9682396650314331
YHR165C,YDR395W,0,-0.6586746,0.09520688652992249,0.9980372786521912,0.9683398604393005
YLR052W,YGR005C,0,-0.664079,0.09519797563552856,0.9980372786521912,0.968440055847168
YLR248W,YLR068W,0,-0.6683388,0.09518906474113464,0.9980372786521912,0.9685402512550354
YOR087W,YBR054W,0,-0.6690012,0.09518016129732132,0.9980372786521912,0.9686403870582581
YLR215C,YNL278W,0,-0.67457557,0.0951712504029274,0.9980372786521912,0.9687405824661255
YNL137C,YAL059W,0,-0.6772336,0.09516234695911407,0.9980372786521912,0.9688407778739929
YBL087C,YKL006W,0,-0.678951,0.09515344351530075,0.9980372786521912,0.9689409732818604
YIL106W,YAL059W,0,-0.67956376,0.09514454007148743,0.9980372786521912,0.9690411686897278
YIL148W,YFR038W,0,-0.6798899,0.0951356440782547,0.9980372786521912,0.9691413640975952
YFR047C,YKL060C,0,-0.681397,0.09512674063444138,0.9980372786521912,0.9692415595054626
YHR005C,YMR149W,0,-0.6892983,0.09511784464120865,0.9980372786521912,0.9693417549133301
YER176W,YOR341W,0,-0.690098,0.09510894864797592,0.9980372786521912,0.9694419503211975
YNL062C,YLR075W,0,-0.6950078,0.0951000526547432,0.9980372786521912,0.9695421457290649
YGR082W,YAL019W,0,-0.6960305,0.09509116411209106,0.9980372786521912,0.9696423411369324
YPR143W,YHR005C,0,-0.69825566,0.09508227556943893,0.9980372786521912,0.9697425365447998
YLR277C,YDL145C,0,-0.69981414,0.0950733870267868,0.9980372786521912,0.9698426723480225
YEL027W,YDR234W,0,-0.7018262,0.09506449848413467,0.9980372786521912,0.9699428677558899
YHR103W,YDL102W,0,-0.70227534,0.09505560994148254,0.9980372786521912,0.9700430631637573
YPL036W,YJL179W,0,-0.7055339,0.09504672884941101,0.9980372786521912,0.9701432585716248
YOR065W,YNL288W,0,-0.7057681,0.09503784775733948,0.9980372786521912,0.9702434539794922
YOR330C,YKR095W,0,-0.7073382,0.09502896666526794,0.9980372786521912,0.9703436493873596
YOR004W,YPL179W,0,-0.7098258,0.09502008557319641,0.9980372786521912,0.970443844795227
YMR192W,YOR254C,0,-0.71067566,0.09501121193170547,0.9980372786521912,0.9705440402030945
YDR004W,YPL018W,0,-0.7239072,0.09500233829021454,0.9980372786521912,0.9706442356109619
YMR053C,YOR192C,0,-0.7247256,0.0949934646487236,0.9980372786521912,0.9707444310188293
YDL100C,YLR384C,0,-0.72522265,0.09498459100723267,0.9980372786521912,0.9708446264266968
YFL025C,YPL176C,1,-0.72631454,0.09506911039352417,0.999018669128418,0.9708446264266968
YLR432W,YKL039W,0,-0.72907823,0.09506022930145264,0.999018669128418,0.9709448218345642
YOR026W,YKL114C,0,-0.7316172,0.0950513556599617,0.999018669128418,0.9710449576377869
YKL029C,YDR300C,0,-0.73479974,0.09504248201847076,0.999018669128418,0.9711451530456543
YGR254W,YOR335C,0,-0.7378472,0.09503360837697983,0.999018669128418,0.9712453484535217
YNR032C-A,YNL186W,1,-0.74018973,0.09511808305978775,1.0,0.9712453484535217
YJL127C,YGL240W,0,-0.7408638,0.09510920196771622,1.0,0.9713455438613892
YNR030W,YDR105C,0,-0.7443133,0.09510032832622528,1.0,0.9714457392692566
YBR189W,YPL215W,0,-0.7533594,0.09509145468473434,1.0,0.971545934677124
YEL018W,YLR060W,0,-0.75341743,0.09508258104324341,1.0,0.9716461300849915
YMR076C,YBR218C,0,-0.7587718,0.09507370740175247,1.0,0.9717463254928589
YGL067W,YOR260W,0,-0.75921273,0.09506484121084213,1.0,0.9718465209007263
YMR232W,YGL243W,0,-0.76232696,0.0950559675693512,1.0,0.9719467163085938
YLR466W,YDR317W,0,-0.7690865,0.09504710137844086,1.0,0.9720469117164612
YPL105C,YMR175W,0,-0.77312255,0.09503824263811111,1.0,0.9721471071243286
YHR154W,YFR030W,0,-0.7771213,0.09502937644720078,1.0,0.9722472429275513
YLR194C,YGL085W,0,-0.7819603,0.09502051770687103,1.0,0.9723474383354187
YIL137C,YOR341W,0,-0.7823333,0.0950116515159607,1.0,0.9724476337432861
YGR138C,YGR142W,0,-0.7834399,0.09500280022621155,1.0,0.9725478291511536
YOR189W,YKL029C,0,-0.7868382,0.0949939414858818,1.0,0.972648024559021
YPL018W,YDR179C,0,-0.79462194,0.09498508274555206,1.0,0.9727482199668884
YNL233W,YJL186W,0,-0.79956436,0.09497623145580292,1.0,0.9728484153747559
YNL221C,YBL014C,0,-0.8017019,0.09496738016605377,1.0,0.9729486107826233
YDR148C,YGR204W,0,-0.8137748,0.09495852887630463,1.0,0.9730488061904907
YBR254C,YPL156C,0,-0.8139905,0.09494968503713608,1.0,0.9731490015983582
YBL087C,YKL060C,0,-0.8174721,0.09494083374738693,1.0,0.9732491970062256
YKR085C,YDR365C,0,-0.820723,0.09493198990821838,1.0,0.973349392414093
YDR430C,YGL198W,0,-0.82166994,0.09492314606904984,1.0,0.9734495282173157
YGL151W,YCR063W,0,-0.82305664,0.09491430968046188,1.0,0.9735497236251831
YBL008W,YLR175W,0,-0.82479775,0.09490546584129333,1.0,0.9736499190330505
YOR091W,YER149C,0,-0.8262288,0.09489662945270538,1.0,0.973750114440918
YOL076W,YLR384C,0,-0.8277675,0.09488779306411743,1.0,0.9738503098487854
YKL080W,YDR257C,0,-0.83107066,0.09487895667552948,1.0,0.9739505052566528
YMR015C,YGR007W,0,-0.8407587,0.09487012028694153,1.0,0.9740507006645203
YER007C-A,YHL011C,0,-0.8408947,0.09486129134893417,1.0,0.9741508960723877
YKL014C,YML061C,0,-0.84379315,0.09485246241092682,1.0,0.9742510914802551
YGL104C,YEL024W,0,-0.8448745,0.09484363347291946,1.0,0.9743512868881226
YNL111C,YNR052C,0,-0.8471055,0.09483480453491211,1.0,0.97445148229599
YKR077W,YIL018W,0,-0.8474109,0.09482598304748535,1.0,0.9745516777038574
YDR087C,YCR063W,0,-0.85285044,0.0948171615600586,1.0,0.9746518135070801
YPR161C,YKL006C-A,0,-0.8608722,0.09480834007263184,1.0,0.9747520089149475
YOL020W,YLR092W,0,-0.86192966,0.09479951858520508,1.0,0.9748522043228149
YGR078C,YOL076W,0,-0.88392746,0.09479069709777832,1.0,0.9749523997306824
YBR086C,YBR023C,0,-0.886037,0.09478188306093216,1.0,0.9750525951385498
YER176W,YOR249C,0,-0.8880288,0.094773069024086,1.0,0.9751527905464172
YHR205W,YLR293C,0,-0.8908092,0.09476425498723984,1.0,0.9752529859542847
YHR204W,YDR469W,0,-0.8927261,0.09475544095039368,1.0,0.9753531813621521
YDR176W,YDL031W,0,-0.89752936,0.09474662691354752,1.0,0.9754533767700195
YKL045W,YIL009W,0,-0.8981939,0.09473782032728195,1.0,0.975553572177887
YGL063W,YPL146C,0,-0.90843785,0.09472901374101639,1.0,0.9756537675857544
YGL076C,YHR005C,0,-0.908484,0.09472020715475082,1.0,0.975753903388977
YDR375C,YML101C,0,-0.9131427,0.09471140801906586,1.0,0.9758540987968445
YJR042W,YPL173W,0,-0.91523945,0.09470260143280029,1.0,0.9759542942047119
YPR173C,YPL061W,0,-0.9154067,0.09469380229711533,1.0,0.9760544896125793
YMR059W,YAL011W,0,-0.91610056,0.09468500316143036,1.0,0.9761546850204468
YCL016C,YPR010C,0,-0.91834825,0.09467620402574539,1.0,0.9762548804283142
YHR165C,YJR041C,0,-0.9185691,0.09466741234064102,1.0,0.9763550758361816
YIL053W,YKL039W,0,-0.9218059,0.09465861320495605,1.0,0.9764552712440491
YPL171C,YPL145C,0,-0.9248804,0.09464982151985168,1.0,0.9765554666519165
YML004C,YOR065W,0,-0.9255793,0.09464102983474731,1.0,0.9766556620597839
YMR015C,YNL065W,0,-0.9278588,0.09463224560022354,1.0,0.9767558574676514
YNL161W,YGL111W,0,-0.93190813,0.09462345391511917,1.0,0.9768560528755188
YMR215W,YPL049C,0,-0.933746,0.0946146696805954,1.0,0.9769561886787415
YHR154W,YHR139C,0,-0.9351093,0.09460588544607162,1.0,0.9770563840866089
YPL130W,YJL168C,0,-0.940201,0.09459710121154785,1.0,0.9771565794944763
YDR377W,YKL029C,0,-0.9434068,0.09458832442760468,1.0,0.9772567749023438
YOR252W,YKL039W,0,-0.9455129,0.0945795401930809,1.0,0.9773569703102112
YOR002W,YJL186W,0,-0.94566154,0.09457076340913773,1.0,0.9774571657180786
YLR215C,YIL148W,0,-0.9457587,0.09456198662519455,1.0,0.977557361125946
YDR045C,YHR193C,0,-0.9474736,0.09455321729183197,1.0,0.9776575565338135
YOR267C,YCR035C,0,-0.9554119,0.0945444405078888,1.0,0.9777577519416809
YPL210C,YNL068C,0,-0.96067065,0.09453567117452621,1.0,0.9778579473495483
YGR057C,YHL011C,0,-0.9611688,0.09452690184116364,1.0,0.9779581427574158
YOL121C,YCR035C,0,-0.9624364,0.09451813250780106,1.0,0.9780583381652832
YPL171C,YDR234W,0,-0.97213364,0.09450937062501907,1.0,0.9781584739685059
YGR161C,YKR077W,0,-0.97237563,0.0945006012916565,1.0,0.9782586693763733
YDR023W,YBR146W,0,-0.9731609,0.09449183940887451,1.0,0.9783588647842407
YIL106W,YAL019W,0,-0.98930305,0.09448307752609253,1.0,0.9784590601921082
YGL246C,YOR254C,0,-0.98991925,0.09447431564331055,1.0,0.9785592555999756
YLR017W,YGL194C,0,-0.9984516,0.09446556121110916,1.0,0.978659451007843
YMR055C,YHL011C,0,-1.0030975,0.09445680677890778,1.0,0.9787596464157104
YBR078W,YNL221C,0,-1.0042278,0.09444805234670639,1.0,0.9788598418235779
YPL100W,YLR058C,0,-1.006735,0.094439297914505,1.0,0.9789600372314453
YER023W,YNL036W,0,-1.0067576,0.09443054348230362,1.0,0.9790602326393127
YLR131C,YMR177W,0,-1.0283188,0.09442179650068283,1.0,0.9791604280471802
YLR382C,YKL029C,0,-1.0351636,0.09441304206848145,1.0,0.9792606234550476
YHR148W,YJR041C,0,-1.0403682,0.09440429508686066,1.0,0.9793607592582703
YOR016C,YMR195W,0,-1.0482582,0.09439555555582047,1.0,0.9794609546661377
YGR170W,YBR034C,0,-1.0651145,0.09438680857419968,1.0,0.9795611500740051
YOL076W,YDR365C,0,-1.070383,0.09437806904315948,1.0,0.9796613454818726
YNL062C,YDR176W,0,-1.0711226,0.0943693295121193,1.0,0.97976154088974
YPR143W,YBR301W,0,-1.0775936,0.0943605899810791,1.0,0.9798617362976074
YDL145C,YKL099C,0,-1.0776023,0.09435185045003891,1.0,0.9799619317054749
YLL018C-A,YDR200C,0,-1.0790939,0.09434311836957932,1.0,0.9800621271133423
YEL020W-A,YLL006W,0,-1.0816828,0.09433437883853912,1.0,0.9801623225212097
YDR377W,YPL171C,0,-1.0848514,0.09432564675807953,1.0,0.9802625179290771
YLR248W,YGR296W,0,-1.0854694,0.09431692212820053,1.0,0.9803627133369446
YNL287W,YGL049C,0,-1.0863695,0.09430819004774094,1.0,0.980462908744812
YHR204W,YGL076C,0,-1.1054016,0.09429946541786194,1.0,0.9805630445480347
YMR015C,YDR430C,0,-1.1057831,0.09429074078798294,1.0,0.9806632399559021
YHR169W,YJR118C,0,-1.1080287,0.09428201615810394,1.0,0.9807634353637695
YML011C,YDR087C,0,-1.1189471,0.09427329152822495,1.0,0.980863630771637
YPR037C,YGR060W,0,-1.1236824,0.09426456689834595,1.0,0.9809638261795044
YOL020W,YIL120W,0,-1.1264107,0.09425584971904755,1.0,0.9810640215873718
YHR118C,YNR038W,0,-1.1288234,0.09424713253974915,1.0,0.9811642169952393
YDL003W,YHL035C,0,-1.132204,0.09423841536045074,1.0,0.9812644124031067
YGR217W,YCR005C,0,-1.1369684,0.09422970563173294,1.0,0.9813646078109741
YOL020W,YHR096C,0,-1.1431812,0.09422098845243454,1.0,0.9814648032188416
YIL069C,YGL171W,0,-1.1444067,0.09421227872371674,1.0,0.981564998626709
YML023C,YCR044C,0,-1.1540725,0.09420356899499893,1.0,0.9816651344299316
YHR139C,YNL180C,0,-1.1551149,0.09419485926628113,1.0,0.9817653298377991
YOR009W,YER081W,0,-1.1620775,0.09418615698814392,1.0,0.9818655252456665
YER014W,YNR033W,0,-1.1623294,0.09417744725942612,1.0,0.9819657206535339
YKL014C,YGR245C,0,-1.1667571,0.09416874498128891,1.0,0.9820659160614014
YGL061C,YMR242C,0,-1.1668357,0.0941600427031517,1.0,0.9821661114692688
YNL133C,YDR384C,0,-1.1708132,0.09415134787559509,1.0,0.9822663068771362
YML107C,YMR230W,0,-1.1739951,0.09414264559745789,1.0,0.9823665022850037
YFL049W,YPR141C,0,-1.1862055,0.09413395076990128,1.0,0.9824666976928711
YPL058C,YBR060C,0,-1.1862862,0.09412525594234467,1.0,0.9825668931007385
YKL029C,YLR323C,0,-1.1910115,0.09411656111478806,1.0,0.982667088508606
YDR019C,YIL167W,0,-1.1918113,0.09410786628723145,1.0,0.9827672839164734
YGR103W,YKL192C,0,-1.1982378,0.09409917891025543,1.0,0.982867419719696
YLR367W,YHR114W,0,-1.208169,0.09409049153327942,1.0,0.9829676151275635
YOR192C,YLR337C,0,-1.2095163,0.0940818041563034,1.0,0.9830678105354309
YOL020W,YDR407C,0,-1.2099577,0.09407311677932739,1.0,0.9831680059432983
YMR232W,YFR049W,0,-1.2195454,0.09406442940235138,1.0,0.9832682013511658
YPL169C,YJL069C,0,-1.2482244,0.09405574947595596,1.0,0.9833683967590332
YKL014C,YKR072C,0,-1.2507467,0.09404706954956055,1.0,0.9834685921669006
YHR165C,YJL212C,0,-1.2595296,0.09403838962316513,1.0,0.9835687875747681
YGL028C,YNL118C,0,-1.261833,0.09402970969676971,1.0,0.9836689829826355
YLR277C,YGL105W,0,-1.2739838,0.0940210372209549,1.0,0.9837691783905029
YLR196W,YIL123W,0,-1.2788498,0.09401236474514008,1.0,0.9838693737983704
YDL098C,YDR412W,0,-1.2789451,0.09400369226932526,1.0,0.9839695692062378
YDR375C,YGR245C,0,-1.2851439,0.09399501979351044,1.0,0.9840697050094604
YBR130C,YDR500C,0,-1.2881689,0.09398634731769562,1.0,0.9841699004173279
YJR035W,YPL117C,0,-1.2923468,0.0939776822924614,1.0,0.9842700958251953
YDR280W,YKL155C,0,-1.2928704,0.09396901726722717,1.0,0.9843702912330627
YGR254W,YIL119C,0,-1.3022318,0.09396035224199295,1.0,0.9844704866409302
YGL025C,YPL043W,0,-1.3215607,0.09395168721675873,1.0,0.9845706820487976
YDL003W,YMR158W,0,-1.3264512,0.0939430221915245,1.0,0.984670877456665
YGR181W,YIL011W,0,-1.3278224,0.09393436461687088,1.0,0.9847710728645325
YDL003W,YLR277C,0,-1.338114,0.09392570704221725,1.0,0.9848712682723999
YKL033W,YLR068W,0,-1.3441633,0.09391704946756363,1.0,0.9849714636802673
YPL116W,YDR365C,0,-1.3448298,0.09390839189291,1.0,0.9850716590881348
YGR138C,YKR083C,0,-1.3517379,0.09389974176883698,1.0,0.9851718544960022
YOL126C,YFL026W,0,-1.3562696,0.09389109164476395,1.0,0.9852719902992249
YDR261C,YLL053C,0,-1.3635575,0.09388244152069092,1.0,0.9853721857070923
YGR245C,YPL235W,0,-1.3726599,0.09387379139661789,1.0,0.9854723811149597
YIL075C,YER060W-A,0,-1.38261,0.09386514127254486,1.0,0.9855725765228271
YLR058C,YJL208C,0,-1.3862803,0.09385649859905243,1.0,0.9856727719306946
YBR130C,YKL006W,0,-1.3932918,0.09384785592556,1.0,0.985772967338562
YJR041C,YHL035C,0,-1.3941586,0.09383921325206757,1.0,0.9858731627464294
YMR232W,YKL029C,0,-1.3963363,0.09383057057857513,1.0,0.9859733581542969
YJR132W,YKL185W,0,-1.4032565,0.0938219353556633,1.0,0.9860735535621643
YHR201C,YHL015W,0,-1.409833,0.09381329268217087,1.0,0.9861737489700317
YML021C,YKL060C,0,-1.4164646,0.09380465745925903,1.0,0.9862739443778992
YER041W,YBR121C,0,-1.4276931,0.0937960222363472,1.0,0.9863741397857666
YGL171W,YLR435W,0,-1.4325505,0.09378738701343536,1.0,0.9864742755889893
YOL132W,YKL043W,0,-1.437885,0.09377875924110413,1.0,0.9865744709968567
YPR007C,YDR384C,0,-1.4382163,0.09377013146877289,1.0,0.9866746664047241
YGR103W,YKL132C,0,-1.4498901,0.09376150369644165,1.0,0.9867748618125916
YKL191W,YKR095W,0,-1.4612523,0.09375287592411041,1.0,0.986875057220459
YDL072C,YMR225C,0,-1.468988,0.09374424815177917,1.0,0.9869752526283264
YHL003C,YHR170W,0,-1.4739449,0.09373562783002853,1.0,0.9870754480361938
YLR223C,YIR026C,0,-1.4746056,0.0937270075082779,1.0,0.9871756434440613
YOR009W,YPL189W,0,-1.4801462,0.09371838718652725,1.0,0.9872758388519287
YLR092W,YDR005C,0,-1.4810599,0.09370976686477661,1.0,0.9873760342597961
YKL150W,YIL123W,0,-1.491398,0.09370114654302597,1.0,0.9874762296676636
YPL126W,YGR057C,0,-1.496322,0.09369253367185593,1.0,0.9875763654708862
YPL013C,YJL180C,0,-1.4980727,0.09368392080068588,1.0,0.9876765608787537
YKR064W,YPL198W,0,-1.5075626,0.09367530792951584,1.0,0.9877767562866211
YOR359W,YDR365C,0,-1.5093006,0.0936666950583458,1.0,0.9878769516944885
YDR381W,YDR261C,0,-1.5150348,0.09365808963775635,1.0,0.987977147102356
YPL061W,YGL240W,0,-1.5151058,0.0936494842171669,1.0,0.9880773425102234
YPR175W,YHR170W,0,-1.5167868,0.09364087134599686,1.0,0.9881775379180908
YGR057C,YGL078C,0,-1.5204659,0.093632273375988,1.0,0.9882777333259583
YDR482C,YDR471W,0,-1.5317613,0.09362366795539856,1.0,0.9883779287338257
YER056C,YGR007W,0,-1.5432324,0.09361506998538971,1.0,0.9884781241416931
YHR148W,YBR094W,0,-1.5435048,0.09360646456480026,1.0,0.9885783195495605
YDR127W,YAR033W,0,-1.5478096,0.09359786659479141,1.0,0.988678514957428
YIL144W,YLR384C,0,-1.5519533,0.09358927607536316,1.0,0.9887786507606506
YLL024C,YFL026W,0,-1.5544008,0.09358067810535431,1.0,0.9888788461685181
YPL126W,YBR191W,0,-1.5752343,0.09357208758592606,1.0,0.9889790415763855
YNL145W,YLR193C,0,-1.5757465,0.0935634896159172,1.0,0.9890792369842529
YBL008W,YOR001W,0,-1.5818499,0.09355489909648895,1.0,0.9891794323921204
YER056C,YOR260W,0,-1.5915583,0.0935463160276413,1.0,0.9892796277999878
YGR082W,YHR197W,0,-1.5930293,0.09353772550821304,1.0,0.9893798232078552
YJL180C,YGR097W,0,-1.6003511,0.09352914243936539,1.0,0.9894800186157227
YOR272W,YLR292C,0,-1.601466,0.09352055937051773,1.0,0.9895802140235901
YGR007W,YPL061W,0,-1.6038247,0.09351197630167007,1.0,0.9896804094314575
YIL019W,YLR223C,0,-1.6134783,0.09350339323282242,1.0,0.989780604839325
YHR205W,YML047C,0,-1.6197821,0.09349481761455536,1.0,0.9898808002471924
YHR148W,YDR384C,0,-1.632754,0.0934862419962883,1.0,0.989980936050415
YIL144W,YDR087C,0,-1.6388197,0.09347765892744064,1.0,0.9900811314582825
YFL026W,YLR259C,0,-1.6502681,0.09346909075975418,1.0,0.9901813268661499
YMR192W,YNL068C,0,-1.6533966,0.09346051514148712,1.0,0.9902815222740173
YPL043W,YNL133C,0,-1.6558647,0.09345194697380066,1.0,0.9903817176818848
YML016C,YOR048C,0,-1.6807911,0.0934433713555336,1.0,0.9904819130897522
YOR247W,YDL117W,0,-1.6890182,0.09343480318784714,1.0,0.9905821084976196
YPL207W,YGL144C,0,-1.6923233,0.09342624247074127,1.0,0.9906823039054871
YAL019W,YMR225C,0,-1.6933026,0.09341767430305481,1.0,0.9907824993133545
YDL081C,YDR300C,0,-1.6943691,0.09340911358594894,1.0,0.9908826947212219
YDR019C,YOL052C-A,0,-1.7375517,0.09340055286884308,1.0,0.9909828901290894
YOL020W,YGR060W,0,-1.751445,0.09339199215173721,1.0,0.9910830855369568
YHR088W,YGL116W,0,-1.7580266,0.09338343143463135,1.0,0.9911832213401794
YHR118C,YBR015C,0,-1.766934,0.09337487071752548,1.0,0.9912834167480469
YDR384C,YNL029C,0,-1.7698765,0.09336631745100021,1.0,0.9913836121559143
YGR055W,YOR359W,0,-1.7754022,0.09335776418447495,1.0,0.9914838075637817
YKR049C,YLR460C,0,-1.7871354,0.09334921091794968,1.0,0.9915840029716492
YLR417W,YIL053W,0,-1.7933064,0.09334065765142441,1.0,0.9916841983795166
YHR169W,YNL038W,0,-1.7980871,0.09333211183547974,1.0,0.991784393787384
YKR099W,YCL054W,0,-1.7993553,0.09332356601953506,1.0,0.9918845891952515
YPR161C,YIR026C,0,-1.8095733,0.0933150202035904,1.0,0.9919847846031189
YER149C,YHR005C,0,-1.869237,0.09330647438764572,1.0,0.9920849800109863
YJL110C,YLR017W,0,-1.8693559,0.09329792857170105,1.0,0.9921851754188538
YIL022W,YGR245C,0,-1.8718374,0.09328939020633698,1.0,0.9922853708267212
YML107C,YGR204W,0,-1.8892142,0.0932808518409729,1.0,0.9923855066299438
YIL052C,YJL035C,0,-1.9012513,0.09327231347560883,1.0,0.9924857020378113
YGR254W,YOR065W,0,-1.9013646,0.09326377511024475,1.0,0.9925858974456787
YFL049W,YLR200W,0,-1.9016688,0.09325523674488068,1.0,0.9926860928535461
YHR204W,YDR412W,0,-1.9466057,0.0932467058300972,1.0,0.9927862882614136
YPR110C,YKL006W,0,-1.9514322,0.09323817491531372,1.0,0.992886483669281
YGR060W,YPR057W,0,-1.9612188,0.09322964400053024,1.0,0.9929866790771484
YNL031C,YBR169C,0,-1.972497,0.09322111308574677,1.0,0.9930868744850159
YDR384C,YNL118C,0,-1.9856088,0.09321258962154388,1.0,0.9931870698928833
YPR161C,YNL132W,0,-1.9981687,0.0932040587067604,1.0,0.9932872653007507
YOR380W,YOL012C,0,-2.004217,0.09319553524255753,1.0,0.9933874607086182
YNR024W,YLR196W,0,-2.0109973,0.09318701177835464,1.0,0.9934876561164856
YPR188C,YBR191W,0,-2.0297775,0.09317849576473236,1.0,0.9935877919197083
YGR103W,YOR357C,0,-2.0303416,0.09316997230052948,1.0,0.9936879873275757
YLR196W,YDR176W,0,-2.0412118,0.0931614562869072,1.0,0.9937881827354431
YJL162C,YDR365C,0,-2.0658581,0.09315294027328491,1.0,0.9938883781433105
YJR041C,YOR004W,0,-2.069552,0.09314442425966263,1.0,0.993988573551178
YLR409C,YDR384C,0,-2.0773208,0.09313590824604034,1.0,0.9940887689590454
YOR236W,YIL011W,0,-2.0923371,0.09312739968299866,1.0,0.9941889643669128
YER062C,YAL007C,0,-2.104693,0.09311889111995697,1.0,0.9942891597747803
YPL171C,YMR001C,0,-2.1072488,0.09311038255691528,1.0,0.9943893551826477
YGR082W,YNL123W,0,-2.132909,0.0931018739938736,1.0,0.9944895505905151
YLR347C,YBL072C,0,-2.133109,0.09309336543083191,1.0,0.9945897459983826
YDR091C,YKR095W,0,-2.145657,0.09308486431837082,1.0,0.9946898818016052
YOR048C,YIL123W,0,-2.1882086,0.09307636320590973,1.0,0.9947900772094727
YLR382C,YGR245C,0,-2.2067785,0.09306786209344864,1.0,0.9948902726173401
YDR365C,YKL114C,0,-2.242894,0.09305936098098755,1.0,0.9949904680252075
YOR252W,YPR141C,0,-2.2429547,0.09305085986852646,1.0,0.995090663433075
YBR130C,YKL029C,0,-2.262628,0.09304236620664597,1.0,0.9951908588409424
YEL020W-A,YGR138C,0,-2.2858162,0.09303387254476547,1.0,0.9952910542488098
YOR252W,YLR442C,0,-2.321157,0.09302537888288498,1.0,0.9953912496566772
YPL126W,YMR225C,0,-2.348593,0.09301688522100449,1.0,0.9954914450645447
YFL026W,YER129W,0,-2.3674831,0.09300839900970459,1.0,0.9955916404724121
YPL198W,YPL010W,0,-2.387043,0.0929999053478241,1.0,0.9956918358802795
YLR442C,YHR169W,0,-2.3915644,0.0929914191365242,1.0,0.995792031288147
YGR245C,YNL123W,0,-2.4159346,0.0929829329252243,1.0,0.9958921670913696
YOL135C,YBR191W,0,-2.4272032,0.092974454164505,1.0,0.9959923624992371
YKL197C,YDR365C,0,-2.4358597,0.09296596795320511,1.0,0.9960925579071045
YHR197W,YDL102W,0,-2.475827,0.09295748919248581,1.0,0.9961927533149719
YKL006C-A,YGL171W,0,-2.4978561,0.09294901043176651,1.0,0.9962929487228394
YLR150W,YGR040W,0,-2.5393262,0.09294053167104721,1.0,0.9963931441307068
YGR103W,YPL210C,0,-2.5798938,0.09293205291032791,1.0,0.9964933395385742
YDR021W,YHL035C,0,-2.5840611,0.09292358160018921,1.0,0.9965935349464417
YOR252W,YLR215C,0,-2.6162121,0.0929151102900505,1.0,0.9966937303543091
YHR201C,YLR432W,0,-2.6334772,0.0929066389799118,1.0,0.9967939257621765
YJL162C,YJL069C,0,-2.6372159,0.0928981676697731,1.0,0.996894121170044
YKR064W,YGL111W,0,-2.642396,0.0928896963596344,1.0,0.9969943165779114
YOL135C,YNL066W,0,-2.6470592,0.0928812325000763,1.0,0.997094452381134
YIL022W,YDL223C,0,-2.6707873,0.09287276864051819,1.0,0.9971946477890015
YPL001W,YLR333C,0,-2.6950688,0.09286430478096008,1.0,0.9972948431968689
YLR167W,YPL183C,0,-2.7183013,0.09285584092140198,1.0,0.9973950386047363
YPL061W,YER060W-A,0,-2.7191665,0.09284737706184387,1.0,0.9974952340126038
YPR057W,YHR170W,0,-2.720495,0.09283892065286636,1.0,0.9975954294204712
YDL098C,YMR131C,0,-2.73709,0.09283046424388885,1.0,0.9976956248283386
YDL175C,YAL059W,0,-2.7604866,0.09282200783491135,1.0,0.997795820236206
YGR055W,YHR193C,0,-2.8081436,0.09281355142593384,1.0,0.9978960156440735
YBR146W,YGL078C,0,-2.8110094,0.09280510246753693,1.0,0.9979962110519409
YPL234C,YOR065W,0,-2.885807,0.09279664605855942,1.0,0.9980964064598083
YHR169W,YGR245C,0,-2.9706507,0.0927881971001625,1.0,0.9981966018676758
YJR048W,YGR138C,0,-2.9724133,0.0927797481417656,1.0,0.9982967376708984
YOR271C,YPR141C,0,-3.0257046,0.09277130663394928,1.0,0.9983969330787659
YGL171W,YNL123W,0,-3.0434804,0.09276285767555237,1.0,0.9984971284866333
YPR169W,YNR053C,0,-3.0598664,0.09275441616773605,1.0,0.9985973238945007
YJL098W,YDL117W,0,-3.1274066,0.09274597465991974,1.0,0.9986975193023682
YDR325W,YGR161C,0,-3.1414464,0.09273753315210342,1.0,0.9987977147102356
YPL126W,YFR030W,0,-3.163673,0.09272909164428711,1.0,0.998897910118103
YLR058C,YPL135W,0,-3.1884072,0.09272065758705139,1.0,0.9989981055259705
YOR065W,YPL075W,0,-3.264843,0.09271221607923508,1.0,0.9990983009338379
YBR130C,YHL011C,0,-3.2956529,0.09270378202199936,1.0,0.9991984963417053
YOR065W,YKR085C,0,-3.375743,0.09269534796476364,1.0,0.9992986917495728
YLR175W,YBL091C,0,-3.434236,0.09268692135810852,1.0,0.9993988871574402
YPR161C,YPR010C,0,-3.5044775,0.0926784873008728,1.0,0.9994990229606628
YHR169W,YBR112C,0,-3.6518245,0.09267006069421768,1.0,0.9995992183685303
YDL189W,YIR026C,0,-3.7667568,0.09266163408756256,1.0,0.9996994137763977
YPL061W,YDR317W,0,-3.8485365,0.09265320748090744,1.0,0.9997996091842651
YOR260W,YNL111C,0,-4.317747,0.09264478832483292,1.0,0.9998998045921326
YPL210C,YDR234W,0,-4.85372,0.0926363617181778,1.0,1.0
