Gene A,Gene B,Label,Score,Precision,Recall,False Positive Rate
YCL019W,YER170W,0,-3.7185888,0.0,0.0,0.0003952569095417857
YKR018C,YCL019W,0,-3.8272724,0.0,0.0,0.0007905138190835714
YOR240W,YDR516C,0,-3.854001,0.0,0.0,0.0011857707286253572
YGL210W-A,YDR208W,0,-3.9666772,0.0,0.0,0.0015810276381671429
YMR121C,YDL134C-A,0,-3.972239,0.0,0.0,0.0019762846641242504
YIL082W-A,YPL283C,0,-3.9759057,0.0,0.0,0.0023715414572507143
YCL020W,YML085C,0,-3.9835663,0.0,0.0,0.002766798483207822
YER118C,YCR029C-A,0,-4.00078,0.0,0.0,0.0031620552763342857
YGL254W,YCL062W,0,-4.0080743,0.0,0.0,0.0035573123022913933
YGR027W-A,YNL173C,0,-4.013268,0.0,0.0,0.003952569328248501
YGR135W,YHL009W-B,0,-4.013396,0.0,0.0,0.004347825888544321
YCR016W,YNL284C-B,0,-4.013628,0.0,0.0,0.004743082914501429
YPL060C-A,YPL177C,0,-4.013827,0.0,0.0,0.005138339940458536
YBR012W-B,YER131W,0,-4.0138545,0.0,0.0,0.005533596966415644
YDR261C-C,YKL005C,0,-4.014248,0.0,0.0,0.005928853526711464
YCL075W,YNL054W-B,0,-4.0144463,0.0,0.0,0.0063241105526685715
YOL103W-A,YHR028C,0,-4.015783,0.0,0.0,0.006719367578625679
YPR158W-B,YDR156W,0,-4.0157986,0.0,0.0,0.0071146246045827866
YNL007C,YGR161W-A,0,-4.0165563,0.0,0.0,0.007509881630539894
YDL060W,YDR034C-C,0,-4.0167775,0.0,0.0,0.007905138656497002
YNL327W,YLR227W-A,0,-4.0172195,0.0,0.0,0.00830039568245411
YMR055C,YDR034C-D,0,-4.0185814,0.0,0.0,0.008695651777088642
YHR214C-C,YDR155C,0,-4.0192027,0.0,0.0,0.00909090880304575
YOL103W-A,YDR150W,0,-4.020517,0.0,0.0,0.009486165829002857
YBR060C,YDR316W-B,0,-4.02118,0.0,0.0,0.009881422854959965
YPL121C,YGL210W-A,0,-4.021519,0.0,0.0,0.010276679880917072
YKL158W,YNL327W,0,-4.0225916,0.0,0.0,0.01067193690687418
YDL020C,YER159C-A,0,-4.0226817,0.0,0.0,0.011067193932831287
YGR161C-C,YDL153C,0,-4.0234756,0.0,0.0,0.011462450958788395
YGR038C-A,YGL198W,0,-4.024812,0.0,0.0,0.011857707053422928
YDR261W-B,YDR150W,0,-4.0264993,0.0,0.0,0.012252964079380035
YGR027W-A,YPR086W,0,-4.027728,0.0,0.0,0.012648221105337143
YGR184C,YNL284C-B,0,-4.028086,0.0,0.0,0.01304347813129425
YBR207W,YNL284C-B,0,-4.0286226,0.0,0.0,0.013438735157251358
YOR081C,YCL012W,0,-4.028893,0.0,0.0,0.013833992183208466
YLR064W,YDR316W-B,0,-4.0304236,0.0,0.0,0.014229249209165573
YDR534C,YLR227W-A,0,-4.0309987,0.0,0.0,0.01462450623512268
YDR210W-A,YHR141C,0,-4.0339293,0.0,0.0,0.015019763261079788
YDR261W-B,YBL050W,0,-4.035821,0.0,0.0,0.015415019355714321
YOR010C,YLR157C-B,0,-4.0379987,0.0,0.0,0.015810277312994003
YPL060C-A,YIL013C,0,-4.038922,0.0,0.0,0.01620553433895111
YPR158W-B,YEL032W,0,-4.039695,0.0,0.0,0.01660079136490822
YML027W,YBL101W-A,0,-4.039695,0.0,0.0,0.016996046528220177
YJL207C,YDR316W-B,0,-4.039695,0.0,0.0,0.017391303554177284
YDL226C,YOR343C-B,0,-4.039695,0.0,0.0,0.017786560580134392
YKL138C-A,YKL027W,0,-4.039695,0.0,0.0,0.0181818176060915
YAR066W,YLR337W,0,-4.039695,0.0,0.0,0.018577074632048607
YER032W,YNL054W-A,0,-4.039695,0.0,0.0,0.018972331658005714
YGL144C,YOR343C-B,0,-4.039695,0.0,0.0,0.019367588683962822
YCL048W-A,YGR254W,0,-4.039695,0.0,0.0,0.01976284570991993
YJL013C,YBR200W-A,0,-4.039695,0.0,0.0,0.020158102735877037
YDR261C-C,YDR507C,0,-4.039695,0.0,0.0,0.020553359761834145
YJL184W,YJL133C-A,0,-4.039695,0.0,0.0,0.020948616787791252
YIL171W,YFL035C-A,0,-4.039695,0.0,0.0,0.02134387381374836
YLL067C,YGL210W-A,0,-4.039695,0.0,0.0,0.021739130839705467
YGR017W,YCR070W,0,-4.039695,0.0,0.0,0.022134387865662575
YDR210W-D,YDR116C,0,-4.039695,0.0,0.0,0.022529644891619682
YLR057W,YHL009W-A,0,-4.039695,0.0,0.0,0.02292490191757679
YJR056C,YCR058C,0,-4.039695,0.0,0.0,0.023320158943533897
YNL046W,YHR214W-G,0,-4.039695,0.0,0.0,0.023715414106845856
YDR019C,YDR210W-D,0,-4.039695,0.0,0.0,0.024110671132802963
YDR210C-D,YGR227W,0,-4.039695,0.0,0.0,0.02450592815876007
YLR227W-A,YJL047C,0,-4.039695,0.0,0.0,0.02490118518471718
YNL191W,YHR214W-G,0,-4.039695,0.0,0.0,0.025296442210674286
YLR157C-A,YDR096W,0,-4.039695,0.0,0.0,0.025691699236631393
YHL009W-A,YIR015W,0,-4.039695,0.0,0.0,0.0260869562625885
YBL008W-A,YER018C,0,-4.039695,0.0,0.0,0.02648221328854561
YCL019W,YBR100W,0,-4.039695,0.0,0.0,0.026877470314502716
YKR075C,YNL024C-A,0,-4.039695,0.0,0.0,0.027272727340459824
YAL042W,YHR214W-G,0,-4.039695,0.0,0.0,0.02766798436641693
YBL008W-A,YNL106C,0,-4.039695,0.0,0.0,0.02806324139237404
YGR038C-A,YMR290C,0,-4.039907,0.0,0.0,0.028458498418331146
YKR079C,YER159C-A,0,-4.0410304,0.0,0.0,0.028853755444288254
YLR154W-C,YNL213C,0,-4.0442443,0.0,0.0,0.02924901247024536
YDR283C,YGR038C-B,0,-4.0444417,0.0,0.0,0.02964426949620247
YDR210W-B,YLR233C,0,-4.0449657,0.0,0.0,0.030039526522159576
YHR090C,YKL158W,0,-4.045257,0.0,0.0,0.030434781685471535
YBR244W,YLR154W-C,0,-4.04567,0.0,0.0,0.030830038711428642
YLR227W-A,YOL088C,0,-4.047594,0.0,0.0,0.03122529573738575
YBR012W-A,YBR248C,0,-4.047844,0.0,0.0,0.03162055462598801
YML045W,YOR077W,0,-4.0487022,0.0,0.0,0.032015811651945114
YML124C,YDR365W-B,0,-4.051017,0.0,0.0,0.03241106867790222
YKL004W,YLR154W-C,0,-4.052243,0.0,0.0,0.03280632570385933
YOR343W-A,YIL063C,0,-4.0528426,0.0,0.0,0.03320158272981644
YPR158W-A,YOR201C,0,-4.053652,0.0,0.0,0.033596839755773544
YOR192C-B,YER133W,0,-4.054118,0.0,0.0,0.03399209305644035
YCR075C,YBL100W-A,0,-4.0560966,0.0,0.0,0.03438735008239746
YBL091C,YDR365W-A,0,-4.05763,0.0,0.0,0.03478260710835457
YLR227W-A,YHR067W,0,-4.0584316,0.0,0.0,0.035177864134311676
YMR067C,YDR365W-A,0,-4.0644526,0.0,0.0,0.035573121160268784
YOR192C-B,YKR037C,0,-4.0648427,0.0,0.0,0.03596837818622589
YLR154W-C,YOL006C,0,-4.065782,0.0,0.0,0.036363635212183
YLR312C-B,YDR398W,0,-4.0669456,0.0,0.0,0.036758892238140106
YJL062W,YFL035C-B,0,-4.067455,0.0,0.0,0.037154149264097214
YOL103W-A,YPL235W,0,-4.067507,0.0,0.0,0.03754940629005432
YLR337W,YLR242C,0,-4.068145,0.0,0.0,0.03794466331601143
YLR154W-C,YDR507C,0,-4.0685105,0.0,0.0,0.038339920341968536
YDR198C,YBL100W-A,0,-4.0750585,0.0,0.0,0.038735177367925644
YDR316W-A,YLR352W,0,-4.0765724,0.0,0.0,0.03913043439388275
YGR161C-D,YGL011C,0,-4.0770926,0.0,0.0,0.03952569141983986
YDR110W,YBR090C-A,0,-4.0780926,0.0,0.0,0.03992094844579697
YJR042W,YJR029W,0,-4.078707,0.0,0.0,0.040316205471754074
YCL027C-A,YFL018W-A,0,-4.079677,0.0,0.0,0.04071146249771118
YBL055C,YNL054W-B,0,-4.0818386,0.0,0.0,0.04110671952366829
YMR142C,YLR227W-A,0,-4.0826297,0.0,0.0,0.0415019765496254
YMR045C,YOR269W,0,-4.0827646,0.0,0.0,0.041897233575582504
YDR085C,YOR343W-A,0,-4.0838785,0.0,0.0,0.04229249060153961
YFR031C-A,YLR227W-A,0,-4.091901,0.0,0.0,0.04268774762749672
YMR105C,YPL257W-A,0,-4.092911,0.0,0.0,0.04308300465345383
YLR019W,YGR161C-D,0,-4.093761,0.0,0.0,0.043478261679410934
YKL112W,YLR154W-C,0,-4.0950108,0.0,0.0,0.04387351870536804
YGR049W,YCL012W,0,-4.0958133,0.0,0.0,0.04426877573132515
YDR316W-A,YOR058C,0,-4.0980663,0.0,0.0,0.04466403275728226
YDR098C-B,YKR034W,0,-4.099661,0.0,0.0,0.045059289783239365
YCL020W,YJR125C,0,-4.106139,0.0,0.0,0.04545454680919647
YCL027C-A,YLR466W,0,-4.1079655,0.0,0.0,0.04584980383515358
YCR020W-B,YDR098C-A,0,-4.109098,0.0,0.0,0.04624506086111069
YHL009W-B,YDR400W,0,-4.110082,0.0,0.0,0.046640317887067795
YIL115C,YJL113W,0,-4.1145844,0.0,0.0,0.0470355749130249
YHR079C-B,YOR384W,0,-4.115772,0.0,0.0,0.04743082821369171
YFL018W-A,YLR315W,0,-4.124372,0.0,0.0,0.04782608523964882
YMR051C,YKR022C,0,-4.126372,0.0,0.0,0.048221342265605927
YPR137C-B,YDR513W,0,-4.1277757,0.0,0.0,0.048616599291563034
YKL158W,YPR161C,0,-4.1302524,0.0,0.0,0.04901185631752014
YBR012W-B,YML096W,0,-4.138166,0.0,0.0,0.04940711334347725
YIL082W-A,YLR384C,0,-4.144138,0.0,0.0,0.04980237036943436
YBL100W-A,YPL193W,0,-4.1467285,0.0,0.0,0.050197627395391464
YOR284W,YKL138C-A,0,-4.160959,0.0,0.0,0.05059288442134857
YHR039C-B,YDR054C,0,-4.1720624,0.0,0.0,0.05098814144730568
YDR098C-B,YGR128C,0,-4.172543,0.0,0.0,0.05138339847326279
YER108C,YPL170W,0,-4.198874,0.0,0.0,0.051778655499219894
YDR258C,YHR039C-B,0,-4.199111,0.0,0.0,0.052173912525177
YBR012W-A,YDR390C,0,-4.1992016,0.0,0.0,0.05256916955113411
YOL078W,YER160C,0,-4.2037973,0.0,0.0,0.05296442657709122
YLR312C-B,YNL166C,0,-4.204037,0.0,0.0,0.053359683603048325
YOR120W,YER160C,0,-4.2160935,0.0,0.0,0.05375494062900543
YBL100W-B,YHR036W,0,-4.2178726,0.0,0.0,0.05415019765496254
YDR363W-A,YJL113W,0,-4.2251525,0.0,0.0,0.05454545468091965
YOR250C,YJL113W,0,-4.229654,0.0,0.0,0.054940711706876755
YBL100W-B,YDR313C,0,-4.2327423,0.0,0.0,0.05533596873283386
YJL113W,YGR075C,0,-4.237136,0.0,0.0,0.05573122575879097
YCL012W,YPR046W,0,-4.239841,0.0,0.0,0.05612648278474808
YCL027C-A,YGL097W,0,-4.2410884,0.0,0.0,0.056521739810705185
YML033W,YJR118C,0,-4.253872,0.0,0.0,0.05691699683666229
YBR012W-B,YOR036W,0,-4.264305,0.0,0.0,0.0573122538626194
YPL189C-A,YJR076C,0,-4.291673,0.0,0.0,0.05770751088857651
YMR045C,YNL036W,0,-4.3126707,0.0,0.0,0.058102767914533615
YGL089C,YPL096C-A,0,-4.3153768,0.0,0.0,0.05849802494049072
YPL038W,YCL019W,0,-4.323287,0.0,0.0,0.05889328196644783
YBL031W,YKR099C-A,0,-4.362075,0.0,0.0,0.05928853899240494
YGR261C,YMR014W,0,-4.3858304,0.0,0.0,0.059683796018362045
YOR241W,YML045W,0,-4.475089,0.0,0.0,0.06007905304431915
YMR215W,YKL138C-A,0,-4.5003257,0.0,0.0,0.06047431007027626
YPL246C,YKL181W,0,-4.616768,0.0,0.0,0.06086956337094307
YGR261C,YER102W,0,-4.747139,0.0,0.0,0.06126482039690018
YKR088C,YHR128W,0,-4.8037586,0.0,0.0,0.061660077422857285
YCL040W,YHR092C,1,-4.9188304,0.006369426846504211,0.003952569328248501,0.061660077422857285
YBR205W,YOL077C,0,-4.9586806,0.006329114083200693,0.003952569328248501,0.06205533444881439
YCL040W,YJL219W,1,-4.9684258,0.012578615918755531,0.007905138656497002,0.06205533444881439
YDR189W,YDL236W,0,-5.014755,0.012500000186264515,0.007905138656497002,0.0624505914747715
YOL125W,YDR418W,0,-5.022823,0.012422360479831696,0.007905138656497002,0.06284584850072861
YCL040W,YGR289C,1,-5.060124,0.018518518656492233,0.011857707053422928,0.06284584850072861
YJL183W,YPL172C,0,-5.066574,0.01840490847826004,0.011857707053422928,0.06324110925197601
YNL096C,YOL123W,0,-5.0691404,0.018292682245373726,0.011857707053422928,0.06363636255264282
YDL099W,YJL098W,0,-5.0727034,0.0181818176060915,0.011857707053422928,0.06403162330389023
YPL029W,YBR084W,0,-5.128415,0.01807228848338127,0.011857707053422928,0.06442687660455704
YOL156W,YFR053C,1,-5.1308227,0.023952096700668335,0.015810277312994003,0.06442687660455704
YCL040W,YOL156W,1,-5.1601686,0.02976190485060215,0.01976284570991993,0.06442687660455704
YGL137W,YPL198W,0,-5.1761975,0.02958579920232296,0.01976284570991993,0.06482213735580444
YDR027C,YHR033W,0,-5.198766,0.029411764815449715,0.01976284570991993,0.06521739065647125
YPL220W,YDL042C,0,-5.2265487,0.02923976629972458,0.01976284570991993,0.06561265140771866
YFL062W,YIL107C,0,-5.2359433,0.029069768264889717,0.01976284570991993,0.06600790470838547
YOR132W,YNR007C,0,-5.246936,0.028901733458042145,0.01976284570991993,0.06640316545963287
YOR312C,YNL315C,0,-5.2648797,0.028735632076859474,0.01976284570991993,0.06679841876029968
YOL156W,YDR342C,1,-5.2683635,0.034285712987184525,0.023715414106845856,0.06679841876029968
YGR191W,YBR158W,0,-5.270537,0.034090910106897354,0.023715414106845856,0.06719367951154709
YML115C,YGR080W,0,-5.2803664,0.033898305147886276,0.023715414106845856,0.0675889328122139
YDR342C,YDR345C,1,-5.2808156,0.03932584449648857,0.02766798436641693,0.0675889328122139
YJL219W,YFR053C,1,-5.297811,0.044692736119031906,0.03162055462598801,0.0675889328122139
YLR081W,YFR053C,1,-5.2978644,0.05000000074505806,0.035573121160268784,0.0675889328122139
YDR343C,YGR289C,1,-5.3131075,0.05524861812591553,0.03952569141983986,0.0675889328122139
YDR247W,YER014W,0,-5.320378,0.05494505539536476,0.03952569141983986,0.0679841861128807
YKR001C,YGL246C,0,-5.321622,0.054644808173179626,0.03952569141983986,0.06837944686412811
YJL183W,YKL191W,0,-5.3218827,0.054347824305295944,0.03952569141983986,0.06877470016479492
YGR289C,YFR053C,1,-5.325659,0.05945945903658867,0.043478261679410934,0.06877470016479492
YJR075W,YKR080W,0,-5.3262744,0.059139784425497055,0.043478261679410934,0.06916996091604233
YGR289C,YJR158W,1,-5.335612,0.06417112052440643,0.04743082821369171,0.06916996091604233
YGL035C,YLR176C,0,-5.3367705,0.06382978707551956,0.04743082821369171,0.06956521421670914
YNL247W,YJL208C,0,-5.3444314,0.0634920671582222,0.04743082821369171,0.06996047496795654
YIL158W,YOR063W,0,-5.348697,0.06315789371728897,0.04743082821369171,0.07035572826862335
YGR289C,YDR345C,1,-5.3580384,0.06806282699108124,0.05138339847326279,0.07035572826862335
YGR289C,YDR342C,1,-5.358479,0.0729166641831398,0.05533596873283386,0.07035572826862335
YHR092C,YFR053C,1,-5.3623595,0.07772020995616913,0.05928853899240494,0.07035572826862335
YJR158W,YJL219W,1,-5.3626404,0.0824742242693901,0.06324110925197601,0.07035572826862335
YNL067W,YNL186W,0,-5.366266,0.08205128461122513,0.06324110925197601,0.07075098901987076
YCL040W,YDR345C,1,-5.36815,0.08673469722270966,0.06719367951154709,0.07075098901987076
YCL040W,YDR536W,1,-5.3682036,0.09137056022882462,0.07114624232053757,0.07075098901987076
YBL082C,YKL027W,0,-5.3819013,0.09090909361839294,0.07114624232053757,0.07114624232053757
YNL132W,YPL032C,0,-5.3822904,0.09045226126909256,0.07114624232053757,0.07154150307178497
YKR052C,YLR178C,0,-5.389576,0.09000000357627869,0.07114624232053757,0.07193675637245178
YIL117C,YOL113W,0,-5.393312,0.08955223858356476,0.07114624232053757,0.07233201712369919
YDR091C,YML086C,0,-5.398637,0.0891089141368866,0.07114624232053757,0.072727270424366
YHR096C,YJL219W,1,-5.3996944,0.09359605610370636,0.07509881258010864,0.072727270424366
YCR043C,YBR084W,0,-5.407393,0.09313725680112839,0.07509881258010864,0.0731225311756134
YKR059W,YEL047C,0,-5.4082704,0.09268292784690857,0.07509881258010864,0.07351778447628021
YKL060C,YCR067C,0,-5.409225,0.09223300963640213,0.07509881258010864,0.07391304522752762
YFL011W,YJR158W,1,-5.4213233,0.09661835432052612,0.07905138283967972,0.07391304522752762
YHR096C,YHR094C,1,-5.4269032,0.10096153616905212,0.0830039530992508,0.07391304522752762
YBL014C,YCL016C,0,-5.427587,0.10047847032546997,0.0830039530992508,0.07430829852819443
YPL198W,YDR189W,0,-5.430085,0.10000000149011612,0.0830039530992508,0.07470355927944183
YLR051C,YIL148W,0,-5.4311156,0.0995260700583458,0.0830039530992508,0.07509881258010864
YIL038C,YOL095C,0,-5.434468,0.09905660152435303,0.0830039530992508,0.07549407333135605
YDR452W,YGL073W,0,-5.4379554,0.09859155118465424,0.0830039530992508,0.07588932663202286
YBR079C,YGR055W,0,-5.442875,0.09813084453344345,0.0830039530992508,0.07628458738327026
YKL157W,YOL103W,0,-5.4482303,0.0976744219660759,0.0830039530992508,0.07667984068393707
YBR034C,YBR038W,0,-5.4553814,0.0972222238779068,0.0830039530992508,0.07707510143518448
YDR244W,YDL025C,0,-5.4611287,0.09677419066429138,0.0830039530992508,0.07747035473585129
YCL040W,YHR094C,1,-5.462632,0.10091742873191833,0.08695652335882187,0.07747035473585129
YOR143C,YDR450W,0,-5.4637723,0.1004566177725792,0.08695652335882187,0.0778656154870987
YMR006C,YJL033W,0,-5.4640403,0.10000000149011612,0.08695652335882187,0.0782608687877655
YJR041C,YMR001C,0,-5.4644127,0.09954751282930374,0.08695652335882187,0.07865612953901291
YML026C,YDR266C,0,-5.4657316,0.09909909963607788,0.08695652335882187,0.07905138283967972
YGR289C,YHR092C,1,-5.4720607,0.1031390130519867,0.09090909361839294,0.07905138283967972
YML121W,YHL003C,0,-5.473556,0.1026785746216774,0.09090909361839294,0.07944664359092712
YJR160C,YJR158W,1,-5.476797,0.1066666692495346,0.09486165642738342,0.07944664359092712
YDR395W,YER167W,0,-5.479627,0.10619468986988068,0.09486165642738342,0.07984189689159393
YDR536W,YFR053C,1,-5.4828653,0.11013215780258179,0.0988142266869545,0.07984189689159393
YDR189W,YOR096W,0,-5.483729,0.10964912176132202,0.0988142266869545,0.08023715764284134
YGR028W,YCL016C,0,-5.489838,0.10917030274868011,0.0988142266869545,0.08063241094350815
YMR242C,YDR180W,0,-5.4930816,0.10869564861059189,0.0988142266869545,0.08102767169475555
YLR343W,YBR213W,0,-5.4950433,0.10822510719299316,0.0988142266869545,0.08142292499542236
YGR215W,YMR142C,0,-5.4959435,0.10775861889123917,0.0988142266869545,0.08181817829608917
YKL099C,YLR364W,0,-5.4961553,0.10729613900184631,0.0988142266869545,0.08221343904733658
YPL193W,YBR133C,0,-5.4984155,0.10683760792016983,0.0988142266869545,0.08260869234800339
YNL326C,YMR125W,0,-5.4998317,0.10638298094272614,0.0988142266869545,0.0830039530992508
YFR014C,YEL039C,0,-5.5056915,0.10593220591545105,0.0988142266869545,0.0833992063999176
YMR231W,YLR040C,0,-5.5072494,0.1054852306842804,0.0988142266869545,0.08379446715116501
YGL137W,YGL134W,0,-5.5083885,0.10504201799631119,0.0988142266869545,0.08418972045183182
YKR094C,YCR067C,0,-5.509248,0.10460250824689865,0.0988142266869545,0.08458498120307922
YGL031C,YJL168C,0,-5.514031,0.1041666641831398,0.0988142266869545,0.08498023450374603
YDL099W,YHR146W,0,-5.516969,0.10373444110155106,0.0988142266869545,0.08537549525499344
YPR055W,YJL165C,0,-5.517257,0.10330578684806824,0.0988142266869545,0.08577074855566025
YLR340W,YML074C,0,-5.5218606,0.10288065671920776,0.0988142266869545,0.08616600930690765
YGR142W,YHL036W,0,-5.5264964,0.10245901346206665,0.0988142266869545,0.08656126260757446
YLR413W,YMR225C,0,-5.528354,0.10204081982374191,0.0988142266869545,0.08695652335882187
YNL336W,YJL210W,0,-5.5331883,0.10162601619958878,0.0988142266869545,0.08735177665948868
YPR010C,YBR086C,0,-5.534747,0.10121457278728485,0.0988142266869545,0.08774703741073608
YNL037C,YNL166C,0,-5.538565,0.10080645233392715,0.0988142266869545,0.0881422907114029
YDR342C,YJL219W,1,-5.5395875,0.10441767424345016,0.10276679694652557,0.0881422907114029
YDR342C,YLR081W,1,-5.542347,0.1080000028014183,0.10671936720609665,0.0881422907114029
YJL094C,YMR105C,0,-5.5522046,0.10756972432136536,0.10671936720609665,0.0885375514626503
YDR343C,YJL219W,1,-5.5543027,0.1111111119389534,0.11067193746566772,0.0885375514626503
YKR088C,YKL065C,0,-5.558206,0.11067193746566772,0.11067193746566772,0.08893280476331711
YDR043C,YLR158C,0,-5.5616136,0.11023622006177902,0.11067193746566772,0.08932806551456451
YHR096C,YHR092C,1,-5.569457,0.11372549086809158,0.1146245077252388,0.08932806551456451
YJR160C,YGR289C,1,-5.5713406,0.1171875,0.11857707798480988,0.08932806551456451
YJR137C,YIR021W,0,-5.571485,0.11673151701688766,0.11857707798480988,0.08972331881523132
YHR094C,YGL084C,1,-5.5717845,0.12015503644943237,0.12252964079380035,0.08972331881523132
YFL011W,YFR053C,1,-5.5724273,0.1235521212220192,0.12648221850395203,0.08972331881523132
YDL247W,YGR289C,1,-5.573278,0.1269230842590332,0.1304347813129425,0.08972331881523132
YCR024C-A,YDR541C,0,-5.5768957,0.12643678486347198,0.1304347813129425,0.09011857956647873
YDR027C,YPL022W,0,-5.5773115,0.12595419585704803,0.1304347813129425,0.09051383286714554
YDR244W,YDR040C,0,-5.5780134,0.12547528743743896,0.1304347813129425,0.09090909361839294
YDR256C,YOR118W,0,-5.580938,0.125,0.1304347813129425,0.09130434691905975
YCL040W,YHR096C,1,-5.5974894,0.12830188870429993,0.13438735902309418,0.09130434691905975
YPL085W,YIR003W,0,-5.5981307,0.12781955301761627,0.13438735902309418,0.09169960767030716
YPL037C,YBR158W,0,-5.602822,0.12734082341194153,0.13438735902309418,0.09209486097097397
YDR147W,YDR191W,0,-5.6099286,0.1268656700849533,0.13438735902309418,0.09249012172222137
YIR007W,YOL088C,0,-5.6136765,0.12639404833316803,0.13438735902309418,0.09288537502288818
YJL063C,YOR101W,0,-5.613684,0.1259259283542633,0.13438735902309418,0.09328063577413559
YJR158W,YDR536W,1,-5.615579,0.12915128469467163,0.13833992183208466,0.09328063577413559
YPR178W,YHR016C,0,-5.618044,0.12867647409439087,0.13833992183208466,0.0936758890748024
YJL209W,YCR035C,0,-5.6212754,0.12820513546466827,0.13833992183208466,0.0940711498260498
YBL009W,YDR101C,0,-5.6217265,0.12773722410202026,0.13833992183208466,0.09446640312671661
YIL117C,YKR053C,0,-5.6219125,0.12727272510528564,0.13833992183208466,0.09486165642738342
YMR110C,YML029W,0,-5.623845,0.12681159377098083,0.13833992183208466,0.09525691717863083
YDR074W,YLR362W,0,-5.6252832,0.12635378539562225,0.13833992183208466,0.09565217047929764
YDR343C,YOL156W,1,-5.628366,0.12949639558792114,0.14229248464107513,0.09565217047929764
YJR161C,YHL024W,0,-5.628836,0.12903225421905518,0.14229248464107513,0.09604743123054504
YGL120C,YPL173W,0,-5.6298604,0.12857143580913544,0.14229248464107513,0.09644268453121185
YGR200C,YGL123W,0,-5.633767,0.12811388075351715,0.14229248464107513,0.09683794528245926
YNL318C,YFR053C,1,-5.634061,0.13120567798614502,0.1462450623512268,0.09683794528245926
YAR071W,YDR101C,0,-5.63676,0.13074204325675964,0.1462450623512268,0.09723319858312607
YGR289C,YHR094C,1,-5.639068,0.13380281627178192,0.15019762516021729,0.09723319858312607
YJL207C,YGL141W,0,-5.639439,0.13333334028720856,0.15019762516021729,0.09762845933437347
YGL120C,YJL212C,0,-5.6412625,0.13286712765693665,0.15019762516021729,0.09802371263504028
YHR108W,YJL046W,0,-5.642687,0.1324041783809662,0.15019762516021729,0.09841897338628769
YPL226W,YGL028C,0,-5.6432166,0.1319444477558136,0.15019762516021729,0.0988142266869545
YDL247W,YJL219W,1,-5.643489,0.13494808971881866,0.15415020287036896,0.0988142266869545
YNL220W,YGR001C,0,-5.6447616,0.1344827562570572,0.15415020287036896,0.0992094874382019
YBL038W,YOL003C,0,-5.6492963,0.1340206116437912,0.15415020287036896,0.09960474073886871
YOL096C,YPR151C,0,-5.6518054,0.1335616409778595,0.15415020287036896,0.10000000149011612
YJR052W,YCR021C,0,-5.6530795,0.1331057995557785,0.15415020287036896,0.10039525479078293
YPL231W,YDL192W,0,-5.654507,0.13265305757522583,0.15415020287036896,0.10079051554203033
YDL247W,YJR160C,1,-5.6556273,0.1355932205915451,0.15810276567935944,0.10079051554203033
YDR007W,YPL081W,0,-5.6560254,0.13513512909412384,0.15810276567935944,0.10118576884269714
YNR050C,YNL311C,0,-5.656459,0.1346801370382309,0.15810276567935944,0.10158102959394455
YGR128C,YER100W,0,-5.6574187,0.1342281848192215,0.15810276567935944,0.10197628289461136
YOL156W,YJR158W,1,-5.660201,0.13712374866008759,0.1620553433895111,0.10197628289461136
YFL011W,YDR342C,1,-5.661509,0.14000000059604645,0.1660079061985016,0.10197628289461136
YLR396C,YNL316C,0,-5.662022,0.13953489065170288,0.1660079061985016,0.10237154364585876
YHR007C,YLR215C,0,-5.6629496,0.13907285034656525,0.1660079061985016,0.10276679694652557
YDR189W,YNR041C,0,-5.6658945,0.13861386477947235,0.1660079061985016,0.10316205769777298
YPR102C,YNL148C,0,-5.666841,0.1381578892469406,0.1660079061985016,0.10355731099843979
YMR289W,YPR098C,0,-5.6695337,0.13770492374897003,0.1660079061985016,0.1039525717496872
YOL156W,YHR096C,1,-5.6725717,0.14052288234233856,0.16996046900749207,0.1039525717496872
YNL111C,YML121W,0,-5.675648,0.14006514847278595,0.16996046900749207,0.104347825050354
YBL072C,YHR170W,0,-5.6762295,0.1396103948354721,0.16996046900749207,0.10474308580160141
YIR007W,YGL100W,0,-5.6766744,0.13915857672691345,0.16996046900749207,0.10513833910226822
YGR030C,YDR023W,0,-5.676741,0.1387096792459488,0.16996046900749207,0.10553359985351562
YDR039C,YAL009W,0,-5.682162,0.13826367259025574,0.16996046900749207,0.10592885315418243
YBL054W,YPL145C,0,-5.682222,0.1378205120563507,0.16996046900749207,0.10632411390542984
YNL049C,YDL122W,0,-5.682868,0.1373801976442337,0.16996046900749207,0.10671936720609665
YIL127C,YNL145W,0,-5.6873956,0.13694266974925995,0.16996046900749207,0.10711462795734406
YIL172C,YNL317W,0,-5.6874375,0.13650794327259064,0.16996046900749207,0.10750988125801086
YDR495C,YPL178W,0,-5.6874733,0.1360759437084198,0.16996046900749207,0.10790514200925827
YGL100W,YOL097C,0,-5.688403,0.13564668595790863,0.16996046900749207,0.10830039530992508
YDL247W,YPL189W,1,-5.691781,0.138364776968956,0.17391304671764374,0.10830039530992508
YDR507C,YLR136C,0,-5.692209,0.13793103396892548,0.17391304671764374,0.10869564861059189
YPL198W,YLR304C,0,-5.69313,0.13750000298023224,0.17391304671764374,0.1090909093618393
YDR320C,YML005W,0,-5.6946063,0.1370716542005539,0.17391304671764374,0.1094861626625061
YDR343C,YLR081W,1,-5.6964393,0.13975155353546143,0.17786560952663422,0.1094861626625061
YDL006W,YGL098W,0,-5.6977863,0.13931888341903687,0.17786560952663422,0.10988142341375351
YGR289C,YJL219W,1,-5.699018,0.1419753134250641,0.1818181872367859,0.10988142341375351
YMR135C,YJR110W,0,-5.6997967,0.14153845608234406,0.1818181872367859,0.11027667671442032
YOR373W,YCR033W,0,-5.700408,0.1411042958498001,0.1818181872367859,0.11067193746566772
YMR030W,YGL104C,0,-5.7013373,0.14067278802394867,0.1818181872367859,0.11106719076633453
YJR054W,YJL158C,0,-5.701764,0.14024390280246735,0.1818181872367859,0.11146245151758194
YIL069C,YNL317W,0,-5.7026563,0.13981762528419495,0.1818181872367859,0.11185770481824875
YPR173C,YPL161C,0,-5.7051578,0.13939394056797028,0.1818181872367859,0.11225296556949615
YGR162W,YGR157W,0,-5.706225,0.13897280395030975,0.1818181872367859,0.11264821887016296
YBL078C,YCR020C,0,-5.712224,0.13855421543121338,0.1818181872367859,0.11304347962141037
YHL033C,YDL211C,0,-5.7127156,0.13813814520835876,0.1818181872367859,0.11343873292207718
YLR001C,YIL154C,0,-5.7143703,0.13772454857826233,0.1818181872367859,0.11383399367332458
YOL149W,YDR329C,0,-5.7172065,0.13731342554092407,0.1818181872367859,0.1142292469739914
YKR077W,YLR260W,0,-5.7207093,0.1369047611951828,0.1818181872367859,0.1146245077252388
YLR144C,YKR042W,0,-5.724438,0.13649851083755493,0.1818181872367859,0.11501976102590561
YJL177W,YDL178W,0,-5.725501,0.13609467446804047,0.1818181872367859,0.11541502177715302
YDR456W,YBL074C,0,-5.7255793,0.13569322228431702,0.1818181872367859,0.11581027507781982
YAR071W,YJL033W,0,-5.725814,0.1352941244840622,0.1818181872367859,0.11620553582906723
YGL178W,YBL102W,0,-5.726246,0.1348973661661148,0.1818181872367859,0.11660078912973404
YDR214W,YAL020C,0,-5.7268524,0.13450291752815247,0.1818181872367859,0.11699604988098145
YLR222C,YJR145C,0,-5.7280283,0.13411079347133636,0.1818181872367859,0.11739130318164825
YGL064C,YBR021W,0,-5.728044,0.13372093439102173,0.1818181872367859,0.11778656393289566
YDL247W,YHR094C,1,-5.729034,0.13623188436031342,0.18577075004577637,0.11778656393289566
YJR098C,YGL096W,0,-5.7304335,0.13583815097808838,0.18577075004577637,0.11818181723356247
YDR092W,YMR264W,0,-5.7313857,0.1354466825723648,0.18577075004577637,0.11857707798480988
YMR184W,YOL094C,0,-5.7327275,0.1350574642419815,0.18577075004577637,0.11897233128547668
YOR120W,YPL051W,0,-5.733025,0.13467048108577728,0.18577075004577637,0.11936759203672409
YML131W,YGL151W,0,-5.735201,0.13428571820259094,0.18577075004577637,0.1197628453373909
YNL161W,YIL138C,0,-5.7357697,0.1339031308889389,0.18577075004577637,0.1201581060886383
YER102W,YNL312W,0,-5.7380137,0.13352273404598236,0.18577075004577637,0.12055335938930511
YBR164C,YMR161W,0,-5.738589,0.13314448297023773,0.18577075004577637,0.12094862014055252
YHR148W,YPL032C,0,-5.7389216,0.13276836276054382,0.18577075004577637,0.12134387344121933
YHR092C,YMR011W,1,-5.7400355,0.1352112740278244,0.18972331285476685,0.12134387344121933
YDR534C,YNL012W,0,-5.7407756,0.13483145833015442,0.18972331285476685,0.12173912674188614
YCL040W,YNL318C,1,-5.7456913,0.13725490868091583,0.19367589056491852,0.12173912674188614
YJL021C,YLR119W,0,-5.747383,0.13687150180339813,0.19367589056491852,0.12213438749313354
YIL099W,YDR160W,0,-5.748885,0.13649025559425354,0.19367589056491852,0.12252964079380035
YCL040W,YJR158W,1,-5.750427,0.1388888955116272,0.197628453373909,0.12252964079380035
YJL041W,YML088W,0,-5.751859,0.13850416243076324,0.197628453373909,0.12292490154504776
YGR289C,YPL189W,1,-5.7523556,0.14088398218154907,0.20158103108406067,0.12292490154504776
YGL095C,YHR035W,0,-5.75237,0.14049586653709412,0.20158103108406067,0.12332015484571457
YLR175W,YNR022C,0,-5.752585,0.14010989665985107,0.20158103108406067,0.12371541559696198
YFR016C,YBR058C,0,-5.7527614,0.13972602784633636,0.20158103108406067,0.12411066889762878
YHR021C,YDL069C,0,-5.75326,0.13934426009655,0.20158103108406067,0.12450592964887619
YNL265C,YLR099C,0,-5.7532716,0.13896457850933075,0.20158103108406067,0.124901182949543
YBR244W,YNL048W,0,-5.7533145,0.13858695328235626,0.20158103108406067,0.1252964437007904
YPL189W,YJR158W,1,-5.7544794,0.14092141389846802,0.20553359389305115,0.1252964437007904
YHL011C,YLR306W,0,-5.75639,0.14054054021835327,0.20553359389305115,0.12569169700145721
YLR403W,YLR035C-A,0,-5.759437,0.14016172289848328,0.20553359389305115,0.12608695030212402
YHR160C,YDR018C,0,-5.7600293,0.13978494703769684,0.20553359389305115,0.12648221850395203
YDR398W,YJL051W,0,-5.7619605,0.13941018283367157,0.20553359389305115,0.12687747180461884
YBR130C,YPR175W,0,-5.7628064,0.13903743028640747,0.20553359389305115,0.12727272510528564
YDR135C,YIL129C,0,-5.7637315,0.13866665959358215,0.20553359389305115,0.12766797840595245
YGR240C,YPR022C,0,-5.764244,0.13829787075519562,0.20553359389305115,0.12806324660778046
YKL164C,YKL027W,0,-5.764911,0.13793103396892548,0.20553359389305115,0.12845849990844727
YMR260C,YDR139C,0,-5.7656884,0.13756613433361053,0.20553359389305115,0.12885375320911407
YJR098C,YGL124C,0,-5.7688093,0.1372031718492508,0.20553359389305115,0.12924900650978088
YNL119W,YBR040W,0,-5.7696433,0.13684210181236267,0.20553359389305115,0.1296442747116089
YMR303C,YLR453C,0,-5.7698894,0.13648293912410736,0.20553359389305115,0.1300395280122757
YLR058C,YDR016C,0,-5.7704315,0.13612565398216248,0.20553359389305115,0.1304347813129425
YGL029W,YHR007C,0,-5.7712946,0.13577023148536682,0.20553359389305115,0.13083003461360931
YDR186C,YMR056C,0,-5.773566,0.1354166716337204,0.20553359389305115,0.13122530281543732
YJL133W,YGR156W,0,-5.7753525,0.13506492972373962,0.20553359389305115,0.13162055611610413
YIL127C,YNL256W,0,-5.7766695,0.1347150206565857,0.20553359389305115,0.13201580941677094
YOR236W,YGR024C,0,-5.778779,0.1343669295310974,0.20553359389305115,0.13241106271743774
YAR071W,YGL097W,0,-5.780037,0.1340206116437912,0.20553359389305115,0.13280633091926575
YJL177W,YIL075C,0,-5.781387,0.13367609679698944,0.20553359389305115,0.13320158421993256
YDR352W,YHR042W,0,-5.7813973,0.13333334028720856,0.20553359389305115,0.13359683752059937
YKR078W,YDR108W,0,-5.781783,0.13299232721328735,0.20553359389305115,0.13399209082126617
YOL137W,YHL032C,0,-5.7823787,0.13265305757522583,0.20553359389305115,0.13438735902309418
YPR042C,YNL264C,0,-5.782731,0.1323155164718628,0.20553359389305115,0.134782612323761
YMR231W,YLR136C,0,-5.7860003,0.13197968900203705,0.20553359389305115,0.1351778656244278
YNL217W,YER007C-A,0,-5.7869763,0.1316455751657486,0.20553359389305115,0.1355731189250946
YPL195W,YMR105C,0,-5.7880073,0.13131313025951385,0.20553359389305115,0.1359683722257614
YDR293C,YJL062W-A,0,-5.789811,0.13098236918449402,0.20553359389305115,0.13636364042758942
YLR181C,YJL012C,0,-5.7898564,0.1306532621383667,0.20553359389305115,0.13675889372825623
YCR028C,YGR266W,0,-5.7907495,0.1303258091211319,0.20553359389305115,0.13715414702892303
YDL247W,YDR345C,1,-5.7926345,0.13249999284744263,0.20948617160320282,0.13715414702892303
YML031W,YPL235W,0,-5.792707,0.13216957449913025,0.20948617160320282,0.13754940032958984
YOR253W,YDR349C,0,-5.7930074,0.1318407952785492,0.20948617160320282,0.13794466853141785
YEL051W,YBL071W-A,0,-5.7932687,0.13151364028453827,0.20948617160320282,0.13833992183208466
YCL040W,YLR081W,1,-5.7947154,0.1336633712053299,0.2134387344121933,0.13833992183208466
YPL030W,YGR116W,0,-5.79603,0.13333334028720856,0.2134387344121933,0.13873517513275146
YBR101C,YGL224C,0,-5.796393,0.13300491869449615,0.2134387344121933,0.13913042843341827
YNL058C,YDR079C-A,0,-5.796627,0.13267813622951508,0.2134387344121933,0.13952569663524628
YPL012W,YLR066W,0,-5.798965,0.13235294818878174,0.2134387344121933,0.13992094993591309
YJL080C,YJL109C,0,-5.7999296,0.13202933967113495,0.2134387344121933,0.1403162032365799
YLR396C,YBR175W,0,-5.800863,0.1317073106765747,0.2134387344121933,0.1407114565372467
YOR273C,YGL160W,0,-5.801048,0.131386861205101,0.2134387344121933,0.1411067247390747
YML057W,YDL018C,0,-5.802239,0.13106796145439148,0.2134387344121933,0.14150197803974152
YDR046C,YLR418C,0,-5.802423,0.1307506114244461,0.2134387344121933,0.14189723134040833
YBR205W,YDR103W,0,-5.8024564,0.1304347813129425,0.2134387344121933,0.14229248464107513
YBL060W,YML077W,0,-5.803493,0.13012048602104187,0.2134387344121933,0.14268775284290314
YBL039C,YKR083C,0,-5.8041377,0.12980769574642181,0.2134387344121933,0.14308300614356995
YPL226W,YHR107C,0,-5.805278,0.12949639558792114,0.2134387344121933,0.14347825944423676
YLL018C-A,YBR198C,0,-5.806955,0.12918660044670105,0.2134387344121933,0.14387351274490356
YML107C,YNR038W,0,-5.8070607,0.12887828052043915,0.2134387344121933,0.14426878094673157
YJL099W,YLR324W,0,-5.8071065,0.12857143580913544,0.2134387344121933,0.14466403424739838
YGL253W,YFR053C,1,-5.8094115,0.13064132630825043,0.21739129722118378,0.14466403424739838
YER126C,YLR214W,0,-5.809554,0.13033175468444824,0.21739129722118378,0.14505928754806519
YBR175W,YJR002W,0,-5.8097534,0.13002364337444305,0.21739129722118378,0.145454540848732
YHL017W,YFR037C,0,-5.8101764,0.12971697747707367,0.21739129722118378,0.14584980905056
YKR052C,YPR003C,0,-5.8111606,0.12941177189350128,0.21739129722118378,0.1462450623512268
YGR280C,YPR124W,0,-5.8111854,0.1291079819202423,0.21739129722118378,0.14664031565189362
YIR019C,YJL047C,0,-5.8117313,0.12880562245845795,0.21739129722118378,0.14703556895256042
YGL084C,YBL020W,1,-5.8118186,0.13084112107753754,0.22134387493133545,0.14703556895256042
YLR345W,YER023W,0,-5.8120294,0.13053612411022186,0.22134387493133545,0.14743083715438843
YOL156W,YGR289C,1,-5.8123035,0.13255813717842102,0.22529643774032593,0.14743083715438843
YLR060W,YNL225C,0,-5.8123713,0.13225057721138,0.22529643774032593,0.14782609045505524
YAL061W,YDR079C-A,0,-5.812805,0.1319444477558136,0.22529643774032593,0.14822134375572205
YLR100W,YIL103W,0,-5.8129363,0.13163971900939941,0.22529643774032593,0.14861659705638885
YNR037C,YIL069C,0,-5.813556,0.13133640587329865,0.22529643774032593,0.14901185035705566
YDR343C,YPL189W,1,-5.8146014,0.13333334028720856,0.2292490154504776,0.14901185035705566
YBR021W,YGR241C,0,-5.8156223,0.13302752375602722,0.2292490154504776,0.14940711855888367
YGL053W,YJR155W,0,-5.8157935,0.1327231079339981,0.2292490154504776,0.14980237185955048
YMR092C,YER113C,0,-5.8169236,0.13242009282112122,0.2292490154504776,0.15019762516021729
YMR021C,YDR387C,0,-5.81735,0.13211844861507416,0.2292490154504776,0.1505928784608841
YGR257C,YOR249C,0,-5.81735,0.13181817531585693,0.2292490154504776,0.1509881466627121
YBR280C,YBL074C,0,-5.8175006,0.13151927292346954,0.2292490154504776,0.1513833999633789
YOL126C,YLL067C,0,-5.8176208,0.1312217265367508,0.2292490154504776,0.15177865326404572
YKL167C,YGR017W,0,-5.818025,0.1309255063533783,0.2292490154504776,0.15217390656471252
YPL045W,YBR288C,0,-5.8181086,0.13063062727451324,0.2292490154504776,0.15256917476654053
YPL048W,YJL062W-A,0,-5.818541,0.13033707439899445,0.2292490154504776,0.15296442806720734
YKL004W,YMR158W,0,-5.819932,0.1300448477268219,0.2292490154504776,0.15335968136787415
YGR206W,YDR358W,0,-5.8199883,0.12975391745567322,0.2292490154504776,0.15375493466854095
YMR122W-A,YFR010W,0,-5.8202825,0.1294642835855484,0.2292490154504776,0.15415020287036896
YJR160C,YJL219W,1,-5.8208146,0.1314031183719635,0.23320157825946808,0.15415020287036896
YFL011W,YDR345C,1,-5.8219314,0.13333334028720856,0.23715415596961975,0.15415020287036896
YGL096W,YHR190W,0,-5.8223844,0.13303770124912262,0.23715415596961975,0.15454545617103577
YOR157C,YGR055W,0,-5.823092,0.13274335861206055,0.23715415596961975,0.15494070947170258
YFL062W,YLR343W,0,-5.823576,0.13245032727718353,0.23715415596961975,0.15533596277236938
YGR125W,YDR439W,0,-5.8242316,0.13215859234333038,0.23715415596961975,0.1557312309741974
YLR196W,YGR266W,0,-5.824246,0.1318681389093399,0.23715415596961975,0.1561264842748642
YNL287W,YGR166W,0,-5.825283,0.1315789520740509,0.23715415596961975,0.156521737575531
YML042W,YER033C,0,-5.8264136,0.13129103183746338,0.23715415596961975,0.15691699087619781
YDR534C,YER119C,0,-5.8275514,0.13100436329841614,0.23715415596961975,0.15731225907802582
YML031W,YNL185C,0,-5.8286242,0.13071896135807037,0.23715415596961975,0.15770751237869263
YGR082W,YKL216W,0,-5.830549,0.1304347813129425,0.23715415596961975,0.15810276567935944
YGR087C,YKL152C,0,-5.831249,0.13015183806419373,0.23715415596961975,0.15849801898002625
YOR347C,YLR390W-A,0,-5.833669,0.12987013161182404,0.23715415596961975,0.15889328718185425
YGR272C,YPL008W,0,-5.837648,0.12958963215351105,0.23715415596961975,0.15928854048252106
YIL010W,YHR142W,0,-5.8388324,0.12931033968925476,0.23715415596961975,0.15968379378318787
YBR181C,YFR006W,0,-5.8388867,0.12903225421905518,0.23715415596961975,0.16007904708385468
YNL329C,YDL190C,0,-5.83938,0.1287553608417511,0.23715415596961975,0.16047431528568268
YKL164C,YOL003C,0,-5.839647,0.12847965955734253,0.23715415596961975,0.1608695685863495
YPR041W,YAL020C,0,-5.840731,0.12820513546466827,0.23715415596961975,0.1612648218870163
YIL158W,YER075C,0,-5.8410587,0.12793177366256714,0.23715415596961975,0.1616600751876831
YGR003W,YNL076W,0,-5.8411245,0.12765957415103912,0.23715415596961975,0.1620553433895111
YDL211C,YJL102W,0,-5.8411636,0.12738853693008423,0.23715415596961975,0.16245059669017792
YER184C,YGR125W,0,-5.8412523,0.12711864709854126,0.23715415596961975,0.16284584999084473
YLR417W,YPL275W,0,-5.841847,0.12684988975524902,0.23715415596961975,0.16324110329151154
YNL067W,YMR268C,0,-5.842123,0.1265822798013687,0.23715415596961975,0.16363635659217834
YBR268W,YHR187W,0,-5.842172,0.12631578743457794,0.23715415596961975,0.16403162479400635
YDR150W,YDL069C,0,-5.843379,0.1260504275560379,0.23715415596961975,0.16442687809467316
YDR347W,YNL213C,0,-5.844306,0.1257861703634262,0.23715415596961975,0.16482213139533997
YFL011W,YJR160C,1,-5.8454623,0.1276150643825531,0.24110671877861023,0.16482213139533997
YNL288W,YDL180W,0,-5.8456683,0.1273486465215683,0.24110671877861023,0.16521738469600677
YCR035C,YNL222W,0,-5.8457875,0.12708333134651184,0.24110671877861023,0.16561265289783478
YBR241C,YDL214C,0,-5.8459363,0.12681913375854492,0.24110671877861023,0.1660079061985016
YOL075C,YBR162W-A,0,-5.846396,0.12655602395534515,0.24110671877861023,0.1664031594991684
YDL229W,YLR071C,0,-5.84674,0.12629400193691254,0.24110671877861023,0.1667984127998352
YJR042W,YBR106W,0,-5.848576,0.12603305280208588,0.24110671877861023,0.1671936810016632
YLR308W,YNR001C,0,-5.849341,0.12577319145202637,0.24110671877861023,0.16758893430233002
YDR022C,YCL044C,0,-5.849351,0.12551440298557281,0.24110671877861023,0.16798418760299683
YPL037C,YDL189W,0,-5.849676,0.12525667250156403,0.24110671877861023,0.16837944090366364
YER177W,YER167W,0,-5.84998,0.125,0.24110671877861023,0.16877470910549164
YNR071C,YKL178C,0,-5.8503366,0.12474437803030014,0.24110671877861023,0.16916996240615845
YOR079C,YGR054W,0,-5.850686,0.12448979914188385,0.24110671877861023,0.16956521570682526
YKR093W,YLR381W,0,-5.851997,0.12423625588417053,0.24110671877861023,0.16996046900749207
YBR268W,YGR283C,0,-5.8522086,0.12398374080657959,0.24110671877861023,0.17035573720932007
YNL279W,YNL083W,0,-5.8539314,0.12373225390911102,0.24110671877861023,0.17075099050998688
YJR015W,YMR289W,0,-5.8551803,0.12348178029060364,0.24110671877861023,0.1711462438106537
YEL020C,YPL156C,0,-5.8576465,0.12323231995105743,0.24110671877861023,0.1715414971113205
YMR127C,YBR289W,0,-5.8586392,0.12298387289047241,0.24110671877861023,0.1719367653131485
YPL195W,YJL072C,0,-5.8597803,0.12273641675710678,0.24110671877861023,0.1723320186138153
YDR069C,YGR028W,0,-5.8600593,0.12248995900154114,0.24110671877861023,0.17272727191448212
YMR011W,YDR342C,1,-5.860189,0.12424849718809128,0.2450592815876007,0.17272727191448212
YDR156W,YLR078C,0,-5.861168,0.12399999797344208,0.2450592815876007,0.17312252521514893
YNL041C,YER071C,0,-5.8618608,0.12375249713659286,0.2450592815876007,0.17351779341697693
YDR219C,YDR273W,0,-5.862127,0.12350597977638245,0.2450592815876007,0.17391304671764374
YPR110C,YHR203C,0,-5.862227,0.12326043844223022,0.2450592815876007,0.17430830001831055
YPL029W,YDR084C,0,-5.8652005,0.1230158731341362,0.2450592815876007,0.17470355331897736
YGL195W,YDR338C,0,-5.8657374,0.12277227640151978,0.2450592815876007,0.17509882152080536
YLR100W,YDR055W,0,-5.8666906,0.12252964079380035,0.2450592815876007,0.17549407482147217
YDR044W,YFL034C-B,0,-5.866946,0.12228796631097794,0.2450592815876007,0.17588932812213898
YEL060C,YDR432W,0,-5.867444,0.12204724550247192,0.2450592815876007,0.1762845814228058
YOL156W,YHR094C,1,-5.867622,0.12377209961414337,0.24901185929775238,0.1762845814228058
YPL059W,YMR261C,0,-5.867659,0.12352941185235977,0.24901185929775238,0.1766798347234726
YCR037C,YKR078W,0,-5.8687487,0.12328767031431198,0.24901185929775238,0.1770751029253006
YCR027C,YCR040W,0,-5.868867,0.123046875,0.24901185929775238,0.1774703562259674
YHR096C,YGR289C,1,-5.871076,0.1247563362121582,0.25296443700790405,0.1774703562259674
YDR342C,YDR536W,1,-5.871985,0.12645913660526276,0.25691699981689453,0.1774703562259674
YCR102C,YDR113C,0,-5.8725767,0.12621359527111053,0.25691699981689453,0.17786560952663422
YDL132W,YOR075W,0,-5.872583,0.12596899271011353,0.25691699981689453,0.17826086282730103
YLR134W,YOL128C,0,-5.8730884,0.12572534382343292,0.25691699981689453,0.17865613102912903
YDR438W,YNL336W,0,-5.8735585,0.12548261880874634,0.25691699981689453,0.17905138432979584
YJL059W,YOR110W,0,-5.8736997,0.12524084746837616,0.25691699981689453,0.17944663763046265
YLR263W,YAR044W,0,-5.8739605,0.125,0.25691699981689453,0.17984189093112946
YBR217W,YER095W,0,-5.8745246,0.12476007640361786,0.25691699981689453,0.18023715913295746
YDL120W,YDR300C,0,-5.874717,0.12452106922864914,0.25691699981689453,0.18063241243362427
YDR100W,YGR041W,0,-5.8749466,0.12428298592567444,0.25691699981689453,0.18102766573429108
YDR343C,YMR011W,1,-5.8752017,0.12595419585704803,0.260869562625885,0.18102766573429108
YGL208W,YHR202W,0,-5.8754115,0.1257142871618271,0.260869562625885,0.18142291903495789
YGR189C,YOR140W,0,-5.876126,0.12547528743743896,0.260869562625885,0.1818181872367859
YIL091C,YGL106W,0,-5.8771405,0.12523719668388367,0.260869562625885,0.1822134405374527
YDR361C,YGL243W,0,-5.8773007,0.125,0.260869562625885,0.1826086938381195
YBR221C,YLR426W,0,-5.8778577,0.12476370483636856,0.260869562625885,0.18300394713878632
YHL033C,YAL011W,0,-5.8793697,0.12452830374240875,0.260869562625885,0.18339921534061432
YBR126C,YMR009W,0,-5.879812,0.12429378181695938,0.260869562625885,0.18379446864128113
YMR226C,YGR024C,0,-5.8802853,0.12406015396118164,0.260869562625885,0.18418972194194794
YHL008C,YIL084C,0,-5.8803,0.12382739037275314,0.260869562625885,0.18458497524261475
YFR014C,YLR132C,0,-5.881124,0.12359550595283508,0.260869562625885,0.18498024344444275
YOR130C,YEL020W-A,0,-5.8818336,0.12336448580026627,0.260869562625885,0.18537549674510956
YOR270C,YOR252W,0,-5.88292,0.12313432991504669,0.260869562625885,0.18577075004577637
YOR316C,YLR001C,0,-5.8835063,0.12290503084659576,0.260869562625885,0.18616600334644318
YDR363W,YCR081W,0,-5.883714,0.12267658114433289,0.260869562625885,0.18656127154827118
YJR160C,YLR081W,1,-5.8839917,0.12430426478385925,0.2648221254348755,0.18656127154827118
YER062C,YER161C,0,-5.8849654,0.1240740716457367,0.2648221254348755,0.186956524848938
YDL124W,YGR240C,0,-5.8851905,0.12384473532438278,0.2648221254348755,0.1873517781496048
YNL142W,YPL108W,0,-5.886206,0.12361623346805573,0.2648221254348755,0.1877470314502716
YDR092W,YPL069C,0,-5.888576,0.12338858097791672,0.2648221254348755,0.1881422996520996
YGR159C,YMR190C,0,-5.8894343,0.12316176295280457,0.2648221254348755,0.18853755295276642
YLR360W,YGL240W,0,-5.891075,0.12293577939271927,0.2648221254348755,0.18893280625343323
YPL135W,YPL281C,0,-5.8925796,0.12271062284708023,0.2648221254348755,0.18932805955410004
YNL329C,YNL186W,0,-5.8930373,0.12248628586530685,0.2648221254348755,0.18972331285476685
YJL137C,YML077W,0,-5.893182,0.12226277589797974,0.2648221254348755,0.19011858105659485
YOL072W,YAL008W,0,-5.893614,0.12204007059335709,0.2648221254348755,0.19051383435726166
YKR065C,YCR043C,0,-5.895641,0.1218181848526001,0.2648221254348755,0.19090908765792847
YPR055W,YER126C,0,-5.8958597,0.12159709632396698,0.2648221254348755,0.19130434095859528
YGR235C,YDL038C,0,-5.896253,0.12137681245803833,0.2648221254348755,0.19169960916042328
YMR122W-A,YAL056W,0,-5.8971567,0.12115732580423355,0.2648221254348755,0.1920948624610901
YER001W,YPR022C,0,-5.898646,0.12093862891197205,0.2648221254348755,0.1924901157617569
YCR097W,YLR450W,0,-5.899408,0.12072072178125381,0.2648221254348755,0.1928853690624237
YBL087C,YPR068C,0,-5.899468,0.12050359696149826,0.2648221254348755,0.1932806372642517
YKL222C,YLR315W,0,-5.900865,0.12028725445270538,0.2648221254348755,0.19367589056491852
YPL148C,YDL109C,0,-5.9027987,0.12007168680429459,0.2648221254348755,0.19407114386558533
YPL189W,YBL020W,1,-5.9027987,0.12164579331874847,0.26877471804618835,0.19407114386558533
YER110C,YOR073W,0,-5.904245,0.12142857164144516,0.26877471804618835,0.19446639716625214
YAR009C,YDR273W,0,-5.9046445,0.12121212482452393,0.26877471804618835,0.19486166536808014
YGR195W,YGL028C,0,-5.9053264,0.12099643796682358,0.26877471804618835,0.19525691866874695
YOL009C,YPR094W,0,-5.9058185,0.12078152596950531,0.26877471804618835,0.19565217196941376
YOR131C,YHR184W,0,-5.905932,0.12056737393140793,0.26877471804618835,0.19604742527008057
YOL156W,YDR345C,1,-5.906071,0.12212389707565308,0.27272728085517883,0.19604742527008057
YGR289C,YLR081W,1,-5.9074807,0.1236749142408371,0.2766798436641693,0.19604742527008057
YBR139W,YIR002C,0,-5.9081492,0.12345679104328156,0.2766798436641693,0.19644269347190857
YDL189W,YPL075W,0,-5.9090576,0.1232394352555275,0.2766798436641693,0.19683794677257538
YDR270W,YDL209C,0,-5.909199,0.12302284687757492,0.2766798436641693,0.1972332000732422
YDL006W,YJL099W,0,-5.910129,0.12280701845884323,0.2766798436641693,0.197628453373909
YOR262W,YLR172C,0,-5.910943,0.12259194254875183,0.2766798436641693,0.198023721575737
YKR078W,YPL097W,0,-5.9121313,0.12237761914730072,0.2766798436641693,0.1984189748764038
YGR235C,YHR147C,0,-5.9129157,0.1221640482544899,0.2766798436641693,0.19881422817707062
YOL020W,YNL264C,0,-5.9136453,0.12195122241973877,0.2766798436641693,0.19920948147773743
YJR160C,YNL318C,1,-5.9145455,0.12347826361656189,0.2806324064731598,0.19920948147773743
YJL052W,YPL164C,0,-5.915619,0.1232638880610466,0.2806324064731598,0.19960474967956543
YOL137W,YGL157W,0,-5.915853,0.123050257563591,0.2806324064731598,0.20000000298023224
YNL180C,YHR202W,0,-5.917443,0.1228373721241951,0.2806324064731598,0.20039525628089905
YJL216C,YDR311W,0,-5.917655,0.12262521684169769,0.2806324064731598,0.20079050958156586
YMR204C,YER040W,0,-5.9183736,0.12241379171609879,0.2806324064731598,0.20118577778339386
YDR418W,YJL209W,0,-5.9208207,0.12220309674739838,0.2806324064731598,0.20158103108406067
YDR456W,YGR220C,0,-5.9210906,0.12199312448501587,0.2806324064731598,0.20197628438472748
YER005W,YJR077C,0,-5.9235177,0.12178387492895126,0.2806324064731598,0.2023715376853943
YLR342W,YGL116W,0,-5.9235387,0.12157534062862396,0.2806324064731598,0.2027667909860611
YIL158W,YMR223W,0,-5.9238715,0.12136752158403397,0.2806324064731598,0.2031620591878891
YDR243C,YHR020W,0,-5.9244614,0.12116041034460068,0.2806324064731598,0.2035573124885559
YBR139W,YAL051W,0,-5.924568,0.1209540069103241,0.2806324064731598,0.20395256578922272
YNR075W,YGR007W,0,-5.9246764,0.12074829638004303,0.2806324064731598,0.20434781908988953
YOL058W,YMR312W,0,-5.924984,0.12054329365491867,0.2806324064731598,0.20474308729171753
YHL011C,YBR186W,0,-5.925472,0.12033898383378983,0.2806324064731598,0.20513834059238434
YLR408C,YGL201C,0,-5.9256406,0.1201353669166565,0.2806324064731598,0.20553359389305115
YDR343C,YDR536W,1,-5.928325,0.12162162363529205,0.28458496928215027,0.20553359389305115
YDL247W,YJR158W,1,-5.928599,0.12310286611318588,0.28853756189346313,0.20553359389305115
YHR096C,YDR345C,1,-5.9288535,0.12457912415266037,0.2924901247024536,0.20553359389305115
YIL031W,YBL019W,0,-5.92887,0.12436974793672562,0.2924901247024536,0.20592884719371796
YGL226W,YDL051W,0,-5.928978,0.12416107207536697,0.2924901247024536,0.20632411539554596
YJR109C,YEL009C,0,-5.92933,0.12395309656858444,0.2924901247024536,0.20671936869621277
YDL247W,YHR092C,1,-5.9318347,0.1254180669784546,0.2964426875114441,0.20671936869621277
YNL318C,YJL219W,1,-5.9320855,0.12687812745571136,0.30039525032043457,0.20671936869621277
YMR251W-A,YDL204W,0,-5.9324794,0.12666666507720947,0.30039525032043457,0.20711462199687958
YJR045C,YGR054W,0,-5.933325,0.1264559030532837,0.30039525032043457,0.2075098752975464
YDR155C,YJL062W-A,0,-5.9340186,0.12624584138393402,0.30039525032043457,0.2079051434993744
YDL100C,YLR044C,0,-5.9340777,0.12603648006916046,0.30039525032043457,0.2083003968000412
YDL113C,YKR078W,0,-5.934748,0.125827819108963,0.30039525032043457,0.208695650100708
YJR161C,YLR085C,0,-5.935394,0.1256198287010193,0.30039525032043457,0.20909090340137482
YGL253W,YDR536W,1,-5.9354978,0.12706270813941956,0.30434781312942505,0.20909090340137482
YOL080C,YHR020W,0,-5.9357066,0.12685337662696838,0.30434781312942505,0.20948617160320282
YIR017C,YHR142W,0,-5.9365473,0.12664473056793213,0.30434781312942505,0.20988142490386963
YDL211C,YFL034C-B,0,-5.9376016,0.12643678486347198,0.30434781312942505,0.21027667820453644
YBR131W,YER029C,0,-5.93781,0.12622950971126556,0.30434781312942505,0.21067193150520325
YGR247W,YDR302W,0,-5.938568,0.12602292001247406,0.30434781312942505,0.21106719970703125
YOR061W,YNR016C,0,-5.93962,0.12581700086593628,0.30434781312942505,0.21146245300769806
YOR374W,YLR315W,0,-5.9396806,0.12561175227165222,0.30434781312942505,0.21185770630836487
YGL039W,YGL009C,0,-5.939796,0.1254071593284607,0.30434781312942505,0.21225295960903168
YNL288W,YBL010C,0,-5.9400373,0.12520325183868408,0.30434781312942505,0.21264822781085968
YPL063W,YPR067W,0,-5.940414,0.125,0.30434781312942505,0.2130434811115265
YHR210C,YKL088W,0,-5.940638,0.12479740381240845,0.30434781312942505,0.2134387344121933
YPR009W,YML019W,0,-5.941954,0.12459547072649002,0.30434781312942505,0.2138339877128601
YGR235C,YKL164C,0,-5.942405,0.12439418584108353,0.30434781312942505,0.2142292559146881
YMR163C,YBR016W,0,-5.943477,0.12419354915618896,0.30434781312942505,0.21462450921535492
YDR258C,YJL013C,0,-5.944353,0.12399356067180634,0.30434781312942505,0.21501976251602173
YOR205C,YPR016C,0,-5.944512,0.12379421293735504,0.30434781312942505,0.21541501581668854
YGR083C,YGL067W,0,-5.944699,0.12359550595283508,0.30434781312942505,0.21581028401851654
YKR038C,YOR257W,0,-5.9449897,0.12339743226766586,0.30434781312942505,0.21620553731918335
YLL054C,YDL123W,0,-5.9454226,0.12319999933242798,0.30434781312942505,0.21660079061985016
YOR221C,YGR283C,0,-5.946625,0.12300319224596024,0.30434781312942505,0.21699604392051697
YDL014W,YAL012W,0,-5.946902,0.12280701845884323,0.30434781312942505,0.21739129722118378
YGL099W,YHR178W,0,-5.947864,0.12261146306991577,0.30434781312942505,0.21778656542301178
YMR251W-A,YKL213C,0,-5.94993,0.12241653352975845,0.30434781312942505,0.2181818187236786
YLR064W,YHR039C,0,-5.950269,0.12222222238779068,0.30434781312942505,0.2185770720243454
YHR210C,YMR052W,0,-5.951623,0.12202852964401245,0.30434781312942505,0.2189723253250122
YDR387C,YHR102W,0,-5.9533043,0.12183544039726257,0.30434781312942505,0.2193675935268402
YIL030C,YDL122W,0,-5.9539704,0.12164296954870224,0.30434781312942505,0.21976284682750702
YER027C,YCR033W,0,-5.9546566,0.12145110219717026,0.30434781312942505,0.22015810012817383
YNL318C,YHR094C,1,-5.954814,0.12283464521169662,0.3083004057407379,0.22015810012817383
YBR280C,YDR446W,0,-5.954892,0.12264151126146317,0.3083004057407379,0.22055335342884064
YMR192W,YAL025C,0,-5.956317,0.12244898080825806,0.3083004057407379,0.22094862163066864
YDL020C,YER106W,0,-5.9564834,0.1222570538520813,0.3083004057407379,0.22134387493133545
YCR004C,YIL070C,0,-5.95684,0.12206573039293289,0.3083004057407379,0.22173912823200226
YDL119C,YBR162W-A,0,-5.957227,0.12187500298023224,0.3083004057407379,0.22213438153266907
YKL216W,YHL001W,0,-5.957604,0.12168486416339874,0.3083004057407379,0.22252964973449707
YDR372C,YLR057W,0,-5.9576297,0.1214953288435936,0.3083004057407379,0.22292490303516388
YFR051C,YLL015W,0,-5.959964,0.12130637466907501,0.3083004057407379,0.2233201563358307
YJR056C,YOR307C,0,-5.960017,0.12111800909042358,0.3083004057407379,0.2237154096364975
YGL223C,YML019W,0,-5.9601693,0.12093023210763931,0.3083004057407379,0.2241106778383255
YCL068C,YGR132C,0,-5.9603505,0.1207430362701416,0.3083004057407379,0.2245059311389923
YHR092C,YDR342C,1,-5.9605503,0.12210200726985931,0.3122529685497284,0.2245059311389923
YJL111W,YKR025W,0,-5.9607673,0.12191358208656311,0.3122529685497284,0.22490118443965912
YIR035C,YNL064C,0,-5.962093,0.12172573059797287,0.3122529685497284,0.22529643774032593
YNL318C,YDR342C,1,-5.963558,0.1230769231915474,0.31620553135871887,0.22529643774032593
YNL063W,YNL087W,0,-5.963716,0.12288786470890045,0.31620553135871887,0.22569170594215393
YOL097C,YPR169W,0,-5.9658933,0.12269938737154007,0.31620553135871887,0.22608695924282074
YGR207C,YGR123C,0,-5.9668183,0.12251148372888565,0.31620553135871887,0.22648221254348755
YDR115W,YPL192C,0,-5.967525,0.12232416123151779,0.31620553135871887,0.22687746584415436
YPL117C,YCL045C,0,-5.967771,0.1221374049782753,0.31620553135871887,0.22727273404598236
YML067C,YER078C,0,-5.968163,0.12195122241973877,0.31620553135871887,0.22766798734664917
YFL011W,YMR011W,1,-5.9686317,0.12328767031431198,0.32015809416770935,0.22766798734664917
YLR216C,YDR045C,0,-5.9695797,0.12310030311346054,0.32015809416770935,0.22806324064731598
YOR262W,YMR235C,0,-5.969988,0.12291350215673447,0.32015809416770935,0.2284584939479828
YOR171C,YML023C,0,-5.9701123,0.12272727489471436,0.32015809416770935,0.2288537621498108
YHL050C,YGR030C,0,-5.9707227,0.12254160642623901,0.32015809416770935,0.2292490154504776
YNL279W,YGL063W,0,-5.970869,0.12235649675130844,0.32015809416770935,0.2296442687511444
YGR235C,YCR047C,0,-5.9708886,0.12217194586992264,0.32015809416770935,0.23003952205181122
YDR293C,YEL020C,0,-5.9715543,0.1219879537820816,0.32015809416770935,0.23043477535247803
YDR177W,YPR098C,0,-5.972355,0.12180451303720474,0.32015809416770935,0.23083004355430603
YJL183W,YGL226W,0,-5.972608,0.12162162363529205,0.32015809416770935,0.23122529685497284
YGR245C,YBL003C,0,-5.9731865,0.12143927812576294,0.32015809416770935,0.23162055015563965
YHR092C,YGL084C,1,-5.9736514,0.12275449186563492,0.3241106867790222,0.23162055015563965
YKR018C,YPL256C,0,-5.974168,0.12257099896669388,0.3241106867790222,0.23201580345630646
YLR067C,YPL058C,0,-5.9753847,0.12238805741071701,0.3241106867790222,0.23241107165813446
YMR109W,YDR054C,0,-5.9757376,0.12220565974712372,0.3241106867790222,0.23280632495880127
YHR113W,YOL072W,0,-5.9758377,0.122023805975914,0.3241106867790222,0.23320157825946808
YAR066W,YNL023C,0,-5.9761214,0.12184249609708786,0.3241106867790222,0.2335968315601349
YGL135W,YMR163C,0,-5.976126,0.1216617226600647,0.3241106867790222,0.2339920997619629
YMR184W,YIL008W,0,-5.976884,0.12148147821426392,0.3241106867790222,0.2343873530626297
YPL207W,YMR083W,0,-5.977264,0.12130177766084671,0.3241106867790222,0.2347826063632965
YGL085W,YHR007C,0,-5.9774613,0.12112259864807129,0.3241106867790222,0.23517785966396332
YLR355C,YGR017W,0,-5.977795,0.12094395607709885,0.3241106867790222,0.23557312786579132
YML037C,YLR417W,0,-5.9780455,0.12076583504676819,0.3241106867790222,0.23596838116645813
YCL017C,YDR110W,0,-5.9783216,0.12058823555707932,0.3241106867790222,0.23636363446712494
YIL127C,YOL020W,0,-5.9785438,0.12041115760803223,0.3241106867790222,0.23675888776779175
YHR003C,YEL050C,0,-5.9785895,0.12023460119962692,0.3241106867790222,0.23715415596961975
YOR116C,YNR012W,0,-5.979118,0.1200585663318634,0.3241106867790222,0.23754940927028656
YJL035C,YJR118C,0,-5.979238,0.11988303810358047,0.3241106867790222,0.23794466257095337
YFL011W,YHR096C,1,-5.9800506,0.12116788327693939,0.3280632495880127,0.23794466257095337
YAL068C,YPL175W,0,-5.9802184,0.12099125236272812,0.3280632495880127,0.23833991587162018
YOL149W,YBL090W,0,-5.981221,0.12081513553857803,0.3280632495880127,0.23873518407344818
YGR040W,YNL190W,0,-5.9813323,0.12063953280448914,0.3280632495880127,0.239130437374115
YER056C,YER147C,0,-5.98136,0.12046444416046143,0.3280632495880127,0.2395256906747818
YDL141W,YPR004C,0,-5.98143,0.12028985470533371,0.3280632495880127,0.2399209439754486
YLR126C,YPL019C,0,-5.98253,0.12011577188968658,0.3280632495880127,0.2403162121772766
YOR088W,YNL242W,0,-5.9827685,0.11994219571352005,0.3280632495880127,0.24071146547794342
YGR035C,YHR138C,0,-5.9833827,0.11976911872625351,0.3280632495880127,0.24110671877861023
YGL253W,YDR342C,1,-5.9841185,0.12103746086359024,0.3320158123970032,0.24110671877861023
YIL112W,YNL025C,0,-5.984613,0.12086331099271774,0.3320158123970032,0.24150197207927704
YOL156W,YHR092C,1,-5.9866242,0.12212643772363663,0.33596837520599365,0.24150197207927704
YER184C,YNL225C,0,-5.986837,0.12195122241973877,0.33596837520599365,0.24189724028110504
YGL205W,YDR289C,0,-5.987354,0.1217765063047409,0.33596837520599365,0.24229249358177185
YIL072W,YGL160W,0,-5.9886656,0.12160228937864304,0.33596837520599365,0.24268774688243866
YPL152W,YEL032W,0,-5.9887466,0.12142857164144516,0.33596837520599365,0.24308300018310547
YPL189W,YDR342C,1,-5.988843,0.1226818859577179,0.33992093801498413,0.24308300018310547
YJL118W,YOL089C,0,-5.989533,0.12250712513923645,0.33992093801498413,0.24347825348377228
YDR071C,YHL003C,0,-5.9900236,0.1223328560590744,0.33992093801498413,0.24387352168560028
YPL148C,YKL222C,0,-5.9903426,0.12215909361839294,0.33992093801498413,0.2442687749862671
YGR287C,YDR050C,0,-5.9907737,0.12198581546545029,0.33992093801498413,0.2446640282869339
YOR088W,YBR267W,0,-5.9910374,0.12181302905082703,0.33992093801498413,0.2450592815876007
YGL039W,YLL018C,0,-5.991288,0.12164073437452316,0.33992093801498413,0.2454545497894287
YIR035C,YOR214C,0,-5.9919963,0.1214689239859581,0.33992093801498413,0.24584980309009552
YDL220C,YPL031C,0,-5.992145,0.12129760533571243,0.33992093801498413,0.24624505639076233
YER147C,YMR224C,0,-5.99315,0.12112676352262497,0.33992093801498413,0.24664030969142914
YPL168W,YLR194C,0,-5.993926,0.12095639854669571,0.33992093801498413,0.24703557789325714
YEL011W,YPL225W,0,-5.9945254,0.12078651785850525,0.33992093801498413,0.24743083119392395
YKL096W,YBR015C,0,-5.994712,0.12061711400747299,0.33992093801498413,0.24782608449459076
YJR160C,YPL189W,1,-5.9948463,0.12184873968362808,0.343873530626297,0.24782608449459076
YCL040W,YDR342C,1,-5.995002,0.1230769231915474,0.3478260934352875,0.24782608449459076
YBL105C,YKR096W,0,-5.995724,0.12290503084659576,0.3478260934352875,0.24822133779525757
YHR084W,YNL087W,0,-5.995748,0.12273361533880234,0.3478260934352875,0.24861660599708557
YHL001W,YLR256W,0,-5.9962335,0.12256267666816711,0.3478260934352875,0.24901185929775238
YNR070W,YDR367W,0,-5.996616,0.1223922148346901,0.3478260934352875,0.2494071125984192
YJR160C,YHR092C,1,-5.9966426,0.12361110746860504,0.35177865624427795,0.2494071125984192
YGL156W,YEL048C,0,-5.998999,0.12343966960906982,0.35177865624427795,0.249802365899086
YDR267C,YGR286C,0,-5.999048,0.12326870113611221,0.35177865624427795,0.2501976191997528
YDR018C,YBR038W,0,-5.999193,0.12309820204973221,0.35177865624427795,0.2505928874015808
YJL180C,YOR153W,0,-5.999414,0.1229281798005104,0.35177865624427795,0.2509881556034088
YIL121W,YFR006W,0,-6.0005836,0.12275861948728561,0.35177865624427795,0.25138339400291443
YKR031C,YKR092C,0,-6.0008674,0.12258952856063843,0.35177865624427795,0.25177866220474243
YOR247W,YKR034W,0,-6.001268,0.12242090702056885,0.35177865624427795,0.25217390060424805
YKR098C,YJR126C,0,-6.002238,0.12225274741649628,0.35177865624427795,0.25256916880607605
YDR248C,YCR048W,0,-6.002263,0.12208504974842072,0.35177865624427795,0.25296443700790405
YFR053C,YDR345C,1,-6.0028324,0.12328767031431198,0.35573121905326843,0.25296443700790405
YGL039W,YPL237W,0,-6.0040684,0.12311901152133942,0.35573121905326843,0.25335967540740967
YFR049W,YGR017W,0,-6.0047727,0.12295082211494446,0.35573121905326843,0.25375494360923767
YER060W,YLR167W,0,-6.0048466,0.12278307974338531,0.35573121905326843,0.2541502118110657
YAR071W,YLR132C,0,-6.004918,0.12261580675840378,0.35573121905326843,0.2545454502105713
YHR203C,YOR196C,0,-6.005425,0.12244898080825806,0.35573121905326843,0.2549407184123993
YDL235C,YDR348C,0,-6.0054717,0.12228260934352875,0.35573121905326843,0.2553359568119049
YHL011C,YOR236W,0,-6.0055947,0.12211669236421585,0.35573121905326843,0.2557312250137329
YNL256W,YHR118C,0,-6.0057383,0.12195122241973877,0.35573121905326843,0.2561264932155609
YML082W,YHR150W,0,-6.0065856,0.1217861995100975,0.35573121905326843,0.25652173161506653
YPL105C,YIR023W,0,-6.007179,0.12162162363529205,0.35573121905326843,0.25691699981689453
YOR242C,YLR060W,0,-6.0081005,0.12145748734474182,0.35573121905326843,0.25731223821640015
YDR248C,YDL191W,0,-6.009229,0.1212937980890274,0.35573121905326843,0.25770750641822815
YDL099W,YKL043W,0,-6.0093617,0.1211305484175682,0.35573121905326843,0.25810277462005615
YHR007C,YOL123W,0,-6.0094705,0.12096773833036423,0.35573121905326843,0.25849801301956177
YER149C,YKL221W,0,-6.009794,0.12080536782741547,0.35573121905326843,0.25889328122138977
YFL011W,YGR289C,1,-6.01029,0.12198391556739807,0.3596837818622589,0.25889328122138977
YEL065W,YGR124W,0,-6.010347,0.1218206137418747,0.3596837818622589,0.2592885494232178
YHR216W,YOR045W,0,-6.011062,0.12165775150060654,0.3596837818622589,0.2596837878227234
YGR041W,YBL016W,0,-6.0115476,0.1214953288435936,0.3596837818622589,0.2600790560245514
YGR063C,YPL010W,0,-6.0118685,0.12133333086967468,0.3596837818622589,0.260474294424057
YNL135C,YBR089C-A,0,-6.0134225,0.12117177248001099,0.3596837818622589,0.260869562625885
YHR094C,YDR536W,1,-6.0138326,0.12234042584896088,0.3636363744735718,0.260869562625885
YMR189W,YPL194W,0,-6.0141826,0.12217795848846436,0.3636363744735718,0.261264830827713
YNR053C,YPR095C,0,-6.014604,0.12201591581106186,0.3636363744735718,0.26166006922721863
YLR262C,YDL166C,0,-6.0150723,0.12185430526733398,0.3636363744735718,0.26205533742904663
YBL072C,YML021C,0,-6.015474,0.12169311940670013,0.3636363744735718,0.26245060563087463
YML046W,YPR081C,0,-6.01565,0.1215323656797409,0.3636363744735718,0.26284584403038025
YGR272C,YGL127C,0,-6.0157275,0.1213720291852951,0.3636363744735718,0.26324111223220825
YCR107W,YKL034W,0,-6.016274,0.12121212482452393,0.3636363744735718,0.26363635063171387
YNL103W,YBR218C,0,-6.016786,0.12105263024568558,0.3636363744735718,0.26403161883354187
YMR109W,YPL283C,0,-6.018331,0.12089356034994125,0.3636363744735718,0.2644268870353699
YGR289C,YDR536W,1,-6.0185046,0.12204724550247192,0.36758893728256226,0.2644268870353699
YLR460C,YLR060W,0,-6.0185313,0.12188728898763657,0.36758893728256226,0.2648221254348755
YJR015W,YML125C,0,-6.0185494,0.12172774970531464,0.36758893728256226,0.2652173936367035
YGL107C,YNL099C,0,-6.0187616,0.12156862765550613,0.36758893728256226,0.2656126618385315
YKL191W,YNL164C,0,-6.019856,0.12140992283821106,0.36758893728256226,0.2660079002380371
YIL112W,YDR400W,0,-6.0199957,0.12125162780284882,0.36758893728256226,0.2664031684398651
YOR061W,YBL045C,0,-6.0200377,0.12109375,0.36758893728256226,0.2667984068393707
YOL019W,YBR236C,0,-6.020534,0.12093628197908401,0.36758893728256226,0.26719367504119873
YGR068C,YPL210C,0,-6.0208306,0.12077922374010086,0.36758893728256226,0.26758894324302673
YLR423C,YML054C,0,-6.0208945,0.12062256783246994,0.36758893728256226,0.26798418164253235
YHL026C,YNL119W,0,-6.0211673,0.12046632170677185,0.36758893728256226,0.26837944984436035
YDL207W,YGR096W,0,-6.022013,0.120310477912426,0.36758893728256226,0.26877471804618835
YGL223C,YGR170W,0,-6.022325,0.12015503644943237,0.36758893728256226,0.26916995644569397
YOL020W,YJL116C,0,-6.0226264,0.11999999731779099,0.36758893728256226,0.269565224647522
YAL014C,YHR099W,0,-6.022759,0.11984536051750183,0.36758893728256226,0.2699604630470276
YGR209C,YLR240W,0,-6.0238028,0.11969111859798431,0.36758893728256226,0.2703557312488556
YKL071W,YLR058C,0,-6.0254726,0.11953727155923843,0.36758893728256226,0.2707509994506836
YPL204W,YHR214W,0,-6.0255833,0.11938382685184479,0.36758893728256226,0.2711462378501892
YMR283C,YNL038W,0,-6.025938,0.11923076957464218,0.36758893728256226,0.2715415060520172
YOR320C,YJR033C,0,-6.0266094,0.11907810717821121,0.36758893728256226,0.2719367444515228
YML082W,YDR425W,0,-6.027267,0.11892583221197128,0.36758893728256226,0.27233201265335083
YDL044C,YML096W,0,-6.0274534,0.1187739446759224,0.36758893728256226,0.27272728085517883
YDR018C,YBR302C,0,-6.028469,0.11862245202064514,0.36758893728256226,0.27312251925468445
YDL122W,YKL056C,0,-6.028697,0.11847133934497833,0.36758893728256226,0.27351778745651245
YGR108W,YLR343W,0,-6.0294127,0.11832061409950256,0.36758893728256226,0.27391305565834045
YMR282C,YMR047C,0,-6.0295243,0.11817026883363724,0.36758893728256226,0.27430829405784607
YPL026C,YNL287W,0,-6.029718,0.11802030354738235,0.36758893728256226,0.2747035622596741
YPL246C,YDL003W,0,-6.0298963,0.11787072569131851,0.36758893728256226,0.2750988006591797
YML081C-A,YDL082W,0,-6.0302835,0.11772152036428452,0.36758893728256226,0.2754940688610077
YDR039C,YGL086W,0,-6.031326,0.11757269501686096,0.36758893728256226,0.2758893370628357
YNL145W,YBR094W,0,-6.0326014,0.11742424219846725,0.36758893728256226,0.2762845754623413
YDR134C,YHR141C,0,-6.032662,0.11727616935968399,0.36758893728256226,0.2766798436641693
YBL075C,YGL224C,0,-6.0331388,0.11712846159934998,0.36758893728256226,0.2770751118659973
YDR085C,YDL018C,0,-6.0332165,0.1169811338186264,0.36758893728256226,0.27747035026550293
YER069W,YPL030W,0,-6.033547,0.11683417111635208,0.36758893728256226,0.27786561846733093
YNL001W,YPR107C,0,-6.0349298,0.1166875809431076,0.36758893728256226,0.27826085686683655
YJR113C,YGR178C,0,-6.035353,0.11654135584831238,0.36758893728256226,0.27865612506866455
YMR291W,YGL009C,0,-6.03594,0.1163954958319664,0.36758893728256226,0.27905139327049255
YDR092W,YFR032C-A,0,-6.036075,0.11625000089406967,0.36758893728256226,0.27944663166999817
YLR002C,YDR328C,0,-6.036095,0.11610487103462219,0.36758893728256226,0.27984189987182617
YBR055C,YHR033W,0,-6.036576,0.11596009880304337,0.36758893728256226,0.2802371680736542
YCR034W,YDR238C,0,-6.0366,0.11581569164991379,0.36758893728256226,0.2806324064731598
YDR393W,YGR029W,0,-6.037715,0.11567164212465286,0.36758893728256226,0.2810276746749878
YML022W,YDR065W,0,-6.037843,0.11552795022726059,0.36758893728256226,0.2814229130744934
YNL049C,YOR233W,0,-6.038195,0.11538461595773697,0.36758893728256226,0.2818181812763214
YLR362W,YOL049W,0,-6.0387163,0.115241639316082,0.36758893728256226,0.2822134494781494
YBL054W,YNL322C,0,-6.039335,0.11509901285171509,0.36758893728256226,0.28260868787765503
YDL025C,YGR116W,0,-6.0401564,0.11495673656463623,0.36758893728256226,0.28300395607948303
YGR044C,YPL120W,0,-6.040676,0.11481481790542603,0.36758893728256226,0.28339922428131104
YBR014C,YGR082W,0,-6.041084,0.11467324197292328,0.36758893728256226,0.28379446268081665
YIL072W,YHR140W,0,-6.042169,0.11453201621770859,0.36758893728256226,0.28418973088264465
YHR027C,YIL148W,0,-6.042671,0.11439114063978195,0.36758893728256226,0.28458496928215027
YML133C,YFR041C,0,-6.043102,0.11425061523914337,0.36758893728256226,0.28498023748397827
YPL106C,YDL069C,0,-6.0436254,0.11411043256521225,0.36758893728256226,0.2853755056858063
YJR160C,YHR094C,1,-6.0446215,0.11519607901573181,0.37154150009155273,0.2853755056858063
YOL127W,YDL003W,0,-6.0451856,0.11505507677793503,0.37154150009155273,0.2857707440853119
YGL258W-A,YGL246C,0,-6.0452843,0.1149144247174263,0.37154150009155273,0.2861660122871399
YOR396W,YDL124W,0,-6.0452843,0.11477411538362503,0.37154150009155273,0.2865612506866455
YPL013C,YEL050C,0,-6.0453005,0.11463414877653122,0.37154150009155273,0.2869565188884735
YOR383C,YDR338C,0,-6.0458884,0.11449451744556427,0.37154150009155273,0.2873517870903015
YDR046C,YBR106W,0,-6.0473332,0.11435522884130478,0.37154150009155273,0.28774702548980713
YMR026C,YGR133W,0,-6.0475283,0.11421628296375275,0.37154150009155273,0.28814229369163513
YPR096C,YHR016C,0,-6.047708,0.11407767236232758,0.37154150009155273,0.28853756189346313
YJR105W,YEL034W,0,-6.048001,0.11393939703702927,0.37154150009155273,0.28893280029296875
YDL230W,YJL204C,0,-6.0481277,0.11380144953727722,0.37154150009155273,0.28932806849479675
YJR135W-A,YLR139C,0,-6.048281,0.11366384476423264,0.37154150009155273,0.28972330689430237
YIR021W,YBL009W,0,-6.048703,0.11352656781673431,0.37154150009155273,0.29011857509613037
YCL040W,YDR343C,1,-6.0497622,0.11459589749574661,0.3754940629005432,0.29011857509613037
YDL135C,YDR020C,0,-6.050201,0.11445783078670502,0.3754940629005432,0.2905138432979584
YJR056C,YCR097W,0,-6.0502467,0.11432009935379028,0.3754940629005432,0.290909081697464
YNL210W,YDR384C,0,-6.050677,0.11418269574642181,0.3754940629005432,0.291304349899292
YPR032W,YGL021W,0,-6.0515103,0.11404561996459961,0.3754940629005432,0.29169961810112
YNL318C,YLR081W,1,-6.0520644,0.11510791629552841,0.3794466257095337,0.29169961810112
YER035W,YKL220C,0,-6.052153,0.11497005820274353,0.3794466257095337,0.2920948565006256
YNR047W,YCR028C,0,-6.0522676,0.11483253538608551,0.3794466257095337,0.2924901247024536
YDR009W,YJR047C,0,-6.0525975,0.11469534039497375,0.3794466257095337,0.29288536310195923
YNL305C,YOR011W,0,-6.0526443,0.11455847322940826,0.3794466257095337,0.29328063130378723
YLR310C,YCL068C,0,-6.053097,0.11442193388938904,0.3794466257095337,0.29367589950561523
YMR011W,YJL219W,1,-6.054357,0.11547619104385376,0.38339921832084656,0.29367589950561523
YMR071C,YDR348C,0,-6.054397,0.11533888429403305,0.38339921832084656,0.29407113790512085
YGL253W,YLR081W,1,-6.054807,0.11638955026865005,0.38735178112983704,0.29407113790512085
YOR149C,YGL021W,0,-6.0549507,0.11625148355960846,0.38735178112983704,0.29446640610694885
YDL247W,YHR096C,1,-6.0551333,0.11729858070611954,0.3913043439388275,0.29446640610694885
YIR012W,YBR041W,0,-6.056372,0.11715976148843765,0.3913043439388275,0.29486167430877686
YMR184W,YER041W,0,-6.0567193,0.11702127754688263,0.3913043439388275,0.29525691270828247
YFR004W,YNL035C,0,-6.057035,0.11688311398029327,0.3913043439388275,0.2956521809101105
YGL033W,YKL091C,0,-6.0591774,0.11674528568983078,0.3913043439388275,0.2960474193096161
YHL002W,YDL137W,0,-6.0599527,0.11660777032375336,0.3913043439388275,0.2964426875114441
YGR035C,YCL029C,0,-6.060448,0.1164705902338028,0.3913043439388275,0.2968379557132721
YNL305C,YLR237W,0,-6.060927,0.1163337230682373,0.3913043439388275,0.2972331941127777
YPR031W,YDL030W,0,-6.061253,0.11619718372821808,0.3913043439388275,0.2976284623146057
YDR338C,YPL123C,0,-6.062258,0.11606096476316452,0.3913043439388275,0.29802370071411133
YKL029C,YGL054C,0,-6.0623612,0.11592505872249603,0.3913043439388275,0.29841896891593933
YPL038W,YEL020C,0,-6.062856,0.11578947305679321,0.3913043439388275,0.29881423711776733
YDR071C,YCR047C,0,-6.0630574,0.11565420776605606,0.3913043439388275,0.29920947551727295
YNL046W,YEL018W,0,-6.0634217,0.11551925539970398,0.3913043439388275,0.29960474371910095
YDL130W,YGL100W,0,-6.0639176,0.11538461595773697,0.3913043439388275,0.30000001192092896
YDR363W-A,YLR068W,0,-6.064099,0.11525028944015503,0.3913043439388275,0.30039525032043457
YOL126C,YBR058C-A,0,-6.064715,0.11511627584695816,0.3913043439388275,0.3007905185222626
YER048W-A,YGL211W,0,-6.064998,0.11498257517814636,0.3913043439388275,0.3011857569217682
YOR341W,YPL225W,0,-6.065253,0.11484918743371964,0.3913043439388275,0.3015810251235962
YJR065C,YER123W,0,-6.065784,0.11471610516309738,0.3913043439388275,0.3019762933254242
YGR071C,YDR412W,0,-6.0685134,0.1145833358168602,0.3913043439388275,0.3023715317249298
YJR009C,YOR288C,0,-6.0689898,0.1144508644938469,0.3913043439388275,0.3027667999267578
YNL278W,YNR048W,0,-6.069569,0.11431870609521866,0.3913043439388275,0.3031620681285858
YHR096C,YNL318C,1,-6.069736,0.11534025520086288,0.395256906747818,0.3031620681285858
YAL048C,YDL124W,0,-6.0703626,0.11520737409591675,0.395256906747818,0.30355730652809143
YCR083W,YPR095C,0,-6.070724,0.11507479846477509,0.395256906747818,0.30395257472991943
YMR150C,YFR032C-A,0,-6.0710053,0.1149425283074379,0.395256906747818,0.30434781312942505
YPR073C,YGL065C,0,-6.0719385,0.11481056362390518,0.395256906747818,0.30474308133125305
YHR096C,YJR158W,1,-6.072949,0.11582569032907486,0.39920949935913086,0.30474308133125305
YDL191W,YFL047W,0,-6.074014,0.11569301038980484,0.39920949935913086,0.30513834953308105
YDR071C,YML087C,0,-6.0746555,0.11556064337491989,0.39920949935913086,0.30553358793258667
YER149C,YOR201C,0,-6.0753226,0.11542857438325882,0.39920949935913086,0.3059288561344147
YML023C,YER118C,0,-6.076084,0.11529680341482162,0.39920949935913086,0.3063241243362427
YGL206C,YJR066W,0,-6.0765815,0.1151653379201889,0.39920949935913086,0.3067193627357483
YGL085W,YER176W,0,-6.0779967,0.11503417044878006,0.39920949935913086,0.3071146309375763
YDR257C,YDR129C,0,-6.0781913,0.11490330100059509,0.39920949935913086,0.3075098693370819
YMR130W,YDR179C,0,-6.078718,0.114772729575634,0.39920949935913086,0.3079051375389099
YNL242W,YBL023C,0,-6.079309,0.11464244872331619,0.39920949935913086,0.3083004057407379
YNL318C,YGL253W,1,-6.080074,0.11564625799655914,0.40316206216812134,0.3083004057407379
YKL191W,YJL123C,0,-6.080816,0.11551529169082642,0.40316206216812134,0.30869564414024353
YJL159W,YKL185W,0,-6.081848,0.11538461595773697,0.40316206216812134,0.30909091234207153
YMR079W,YER088C,0,-6.0831056,0.1152542382478714,0.40316206216812134,0.30948618054389954
YOL042W,YAR044W,0,-6.083169,0.11512415111064911,0.40316206216812134,0.30988141894340515
YDR524C,YPL192C,0,-6.083759,0.1149943619966507,0.40316206216812134,0.31027668714523315
YDR188W,YNR061C,0,-6.085189,0.11486486345529556,0.40316206216812134,0.31067192554473877
YDR284C,YDR317W,0,-6.0853896,0.11473565548658371,0.40316206216812134,0.3110671937465668
YBR009C,YHR083W,0,-6.0863247,0.11460673809051514,0.40316206216812134,0.3114624619483948
YDR343C,YJR158W,1,-6.086429,0.11560045182704926,0.4071146249771118,0.3114624619483948
YBR104W,YBR302C,0,-6.0864987,0.11547084897756577,0.4071146249771118,0.3118577003479004
YOR131C,YOR259C,0,-6.0873384,0.11534154415130615,0.4071146249771118,0.3122529685497284
YIL168W,YPR020W,0,-6.0888906,0.11521252989768982,0.4071146249771118,0.312648206949234
YFR009W,YOL020W,0,-6.0892553,0.11508379876613617,0.4071146249771118,0.313043475151062
YOR030W,YJR150C,0,-6.0893526,0.1149553582072258,0.4071146249771118,0.31343874335289
YER056C,YGL067W,0,-6.0900793,0.11482720077037811,0.4071146249771118,0.31383398175239563
YDR528W,YNL112W,0,-6.091386,0.1146993339061737,0.4071146249771118,0.31422924995422363
YNL159C,YPL265W,0,-6.0914946,0.11457174271345139,0.4071146249771118,0.31462451815605164
YOR381W,YAR003W,0,-6.0915008,0.11444444209337234,0.4071146249771118,0.31501975655555725
YPR055W,YKR079C,0,-6.0916934,0.11431742459535599,0.4071146249771118,0.31541502475738525
YNL023C,YPR019W,0,-6.0920987,0.11419069021940231,0.4071146249771118,0.31581026315689087
YOR094W,YBL071W-A,0,-6.092367,0.11406423151493073,0.4071146249771118,0.31620553135871887
YJR160C,YDR345C,1,-6.092728,0.1150442510843277,0.4110671877861023,0.31620553135871887
YDR354W,YOL027C,0,-6.0940223,0.11491712927818298,0.4110671877861023,0.3166007995605469
YOR149C,YKR060W,0,-6.095556,0.11479029059410095,0.4110671877861023,0.3169960379600525
YOL009C,YEL048C,0,-6.096135,0.11466372758150101,0.4110671877861023,0.3173913061618805
YBR058C,YIL017C,0,-6.0969677,0.11453744769096375,0.4110671877861023,0.3177865743637085
YAR066W,YML077W,0,-6.0976157,0.11441144347190857,0.4110671877861023,0.3181818127632141
YOR118W,YGL092W,0,-6.0976386,0.11428571492433548,0.4110671877861023,0.3185770809650421
YKL216W,YOL152W,0,-6.098293,0.11416026204824448,0.4110671877861023,0.31897231936454773
YDR080W,YBL090W,0,-6.09858,0.11403508484363556,0.4110671877861023,0.31936758756637573
YGR123C,YPR175W,0,-6.099116,0.11391018331050873,0.4110671877861023,0.31976285576820374
YDR478W,YIL009W,0,-6.09922,0.11378555744886398,0.4110671877861023,0.32015809416770935
YLR134W,YGR120C,0,-6.0998473,0.11366119980812073,0.4110671877861023,0.32055336236953735
YMR067C,YPL135W,0,-6.101081,0.11353711783885956,0.4110671877861023,0.32094863057136536
YNL162W,YLR328W,0,-6.1012197,0.11341330409049988,0.4110671877861023,0.32134386897087097
YJR105W,YLR347C,0,-6.101501,0.11328975856304169,0.4110671877861023,0.321739137172699
YFL011W,YGL253W,1,-6.1016407,0.11425462365150452,0.4150197505950928,0.321739137172699
YLR460C,YHR065C,0,-6.1017222,0.11413043737411499,0.4150197505950928,0.3221343755722046
YOR298C-A,YFR010W,0,-6.1024995,0.11400651186704636,0.4150197505950928,0.3225296437740326
YJL111W,YPL036W,0,-6.1030374,0.11388286203145981,0.4150197505950928,0.3229249119758606
YDR248C,YDL209C,0,-6.1033278,0.11375948041677475,0.4150197505950928,0.3233201503753662
YBR060C,YLR399C,0,-6.1035123,0.11363636702299118,0.4150197505950928,0.3237154185771942
YMR098C,YMR274C,0,-6.103829,0.1135135143995285,0.4150197505950928,0.3241106867790222
YOR290C,YEL054C,0,-6.10433,0.11339092999696732,0.4150197505950928,0.32450592517852783
YML029W,YOR231W,0,-6.104387,0.11326860636472702,0.4150197505950928,0.32490119338035583
YOR270C,YLR333C,0,-6.106211,0.11314655095338821,0.4150197505950928,0.32529643177986145
YJR132W,YOR046C,0,-6.107156,0.1130247563123703,0.4150197505950928,0.32569169998168945
YGR001C,YDR329C,0,-6.1075864,0.11290322244167328,0.4150197505950928,0.32608696818351746
YHR045W,YLR431C,0,-6.107901,0.11278195679187775,0.4150197505950928,0.32648220658302307
YDR380W,YDL106C,0,-6.107994,0.11266094446182251,0.4150197505950928,0.3268774747848511
YCR009C,YKR007W,0,-6.1092925,0.11254019290208817,0.4150197505950928,0.3272727131843567
YEL019C,YOR174W,0,-6.1102376,0.11241970211267471,0.4150197505950928,0.3276679813861847
YGR040W,YNL061W,0,-6.1103854,0.11229946464300156,0.4150197505950928,0.3280632495880127
YLR433C,YMR043W,0,-6.1106257,0.11217948794364929,0.4150197505950928,0.3284584879875183
YGL223C,YLR324W,0,-6.111279,0.11205976456403732,0.4150197505950928,0.3288537561893463
YKR097W,YER180C,0,-6.111548,0.11194030195474625,0.4150197505950928,0.3292490243911743
YNL318C,YJR158W,1,-6.1115556,0.11288604885339737,0.41897234320640564,0.3292490243911743
YDR247W,YPL004C,0,-6.1130815,0.11276596039533615,0.41897234320640564,0.32964426279067993
YPL186C,YLL024C,0,-6.113564,0.11264611780643463,0.41897234320640564,0.33003953099250793
YDR283C,YDR318W,0,-6.113814,0.112526535987854,0.41897234320640564,0.33043476939201355
YGR041W,YOR100C,0,-6.1142354,0.11240720748901367,0.41897234320640564,0.33083003759384155
YJL203W,YNL071W,0,-6.1142387,0.11228813230991364,0.41897234320640564,0.33122530579566956
YER120W,YHR020W,0,-6.115622,0.1121693104505539,0.41897234320640564,0.33162054419517517
YFL049W,YHR018C,0,-6.117138,0.11205074191093445,0.41897234320640564,0.3320158123970032
YNL096C,YGR274C,0,-6.117822,0.1119324192404747,0.41897234320640564,0.3324110805988312
YLR286C,YMR029C,0,-6.1178303,0.11181434243917465,0.41897234320640564,0.3328063189983368
YGR003W,YNL216W,0,-6.1178803,0.1116965189576149,0.41897234320640564,0.3332015872001648
YHR021C,YPL016W,0,-6.118459,0.11157894879579544,0.41897234320640564,0.3335968255996704
YGL253W,YGL084C,1,-6.119357,0.11251314729452133,0.4229249060153961,0.3335968255996704
YLR297W,YDR238C,0,-6.1199903,0.11239495873451233,0.4229249060153961,0.3339920938014984
YNL054W,YNL288W,0,-6.1211934,0.11227702349424362,0.4229249060153961,0.3343873620033264
YOR014W,YBR288C,0,-6.1214805,0.11215932667255402,0.4229249060153961,0.33478260040283203
YJL137C,YOR174W,0,-6.1219277,0.1120418831706047,0.4229249060153961,0.33517786860466003
YIL156W,YDR341C,0,-6.1219454,0.1119246855378151,0.4229249060153961,0.33557313680648804
YPR101W,YKL056C,0,-6.1221027,0.11180773377418518,0.4229249060153961,0.33596837520599365
YPR096C,YGL144C,0,-6.1227384,0.11169102042913437,0.4229249060153961,0.33636364340782166
YGR041W,YHL020C,0,-6.1246395,0.11157456040382385,0.4229249060153961,0.33675888180732727
YCR053W,YJL028W,0,-6.124908,0.11145833134651184,0.4229249060153961,0.3371541500091553
YOR273C,YLR126C,0,-6.125629,0.11134234815835953,0.4229249060153961,0.3375494182109833
YBL002W,YGL120C,0,-6.1260653,0.11122661083936691,0.4229249060153961,0.3379446566104889
YOR396W,YLR390W-A,0,-6.126119,0.1111111119389534,0.4229249060153961,0.3383399248123169
YLR405W,YML081C-A,0,-6.1268964,0.11099585145711899,0.4229249060153961,0.3387351632118225
YDL007W,YNL264C,0,-6.128999,0.11088082939386368,0.4229249060153961,0.3391304314136505
YNL244C,YGL257C,0,-6.1295676,0.11076604574918747,0.4229249060153961,0.3395256996154785
YAL043C,YBR296C,0,-6.1297045,0.11065150052309036,0.4229249060153961,0.33992093801498413
YLR037C,YGR080W,0,-6.129757,0.11053719371557236,0.4229249060153961,0.34031620621681213
YOR320C,YER170W,0,-6.1306424,0.11042311787605286,0.4229249060153961,0.34071147441864014
YDR025W,YIL019W,0,-6.1307864,0.11030928045511246,0.4229249060153961,0.34110671281814575
YDL052C,YHR107C,0,-6.1309876,0.11019567400217056,0.4229249060153961,0.34150198101997375
YPL209C,YBR065C,0,-6.1310754,0.11008230596780777,0.4229249060153961,0.34189721941947937
YDR342C,YJR158W,1,-6.13162,0.11099691689014435,0.4268774688243866,0.34189721941947937
YKL080W,YHR079C-A,0,-6.132331,0.1108829602599144,0.4268774688243866,0.3422924876213074
YGR001C,YGR120C,0,-6.1325803,0.11076922714710236,0.4268774688243866,0.3426877558231354
YLL066C,YDL010W,0,-6.1326747,0.11065573990345001,0.4268774688243866,0.343082994222641
YHR122W,YMR130W,0,-6.1332965,0.11054247617721558,0.4268774688243866,0.343478262424469
YIL074C,YFR055W,0,-6.1344056,0.11042945086956024,0.4268774688243866,0.343873530626297
YGR292W,YKR105C,0,-6.134582,0.11031664907932281,0.4268774688243866,0.3442687690258026
YHR094C,YJL219W,1,-6.135221,0.11122448742389679,0.4308300316333771,0.3442687690258026
YLR002C,YLR119W,0,-6.1353316,0.1111111119389534,0.4308300316333771,0.3446640372276306
YLR121C,YLL014W,0,-6.1359954,0.11099795997142792,0.4308300316333771,0.34505927562713623
YBR040W,YLR364W,0,-6.1362643,0.11088504642248154,0.4308300316333771,0.34545454382896423
YMR170C,YER054C,0,-6.1364264,0.11077235639095306,0.4308300316333771,0.34584981203079224
YHR096C,YDR536W,1,-6.136953,0.11167512834072113,0.43478259444236755,0.34584981203079224
YBR028C,YMR195W,0,-6.137971,0.1115618646144867,0.43478259444236755,0.34624505043029785
YHR092C,YLR081W,1,-6.138003,0.11246200650930405,0.4387351870536804,0.34624505043029785
YML066C,YOR002W,0,-6.1381145,0.11234817653894424,0.4387351870536804,0.34664031863212585
YGR271C-A,YBR166C,0,-6.138141,0.11223457753658295,0.4387351870536804,0.34703558683395386
YCL044C,YHR070W,0,-6.138888,0.11212120950222015,0.4387351870536804,0.3474308252334595
YOL019W,YBR088C,0,-6.13902,0.11200807243585587,0.4387351870536804,0.3478260934352875
YIL052C,YGL097W,0,-6.140477,0.11189515888690948,0.4387351870536804,0.3482213318347931
YDR258C,YOR321W,0,-6.140755,0.11178247630596161,0.4387351870536804,0.3486166000366211
YNR036C,YNL045W,0,-6.141005,0.11167001724243164,0.4387351870536804,0.3490118682384491
YPR132W,YNL214W,0,-6.14103,0.11155778914690018,0.4387351870536804,0.3494071066379547
YIL067C,YNL264C,0,-6.141086,0.11144578456878662,0.4387351870536804,0.3498023748397827
YBL039C,YGL136C,0,-6.141406,0.11133400350809097,0.4387351870536804,0.3501976430416107
YDR099W,YMR183C,0,-6.142863,0.11122244596481323,0.4387351870536804,0.35059288144111633
YHR092C,YJL219W,1,-6.1429133,0.11211211234331131,0.4426877498626709,0.35059288144111633
YMR205C,YML025C,0,-6.1429195,0.1120000034570694,0.4426877498626709,0.35098814964294434
YPL268W,YEL004W,0,-6.1429377,0.1118881106376648,0.4426877498626709,0.35138338804244995
YBR043C,YBR205W,0,-6.143002,0.1117764487862587,0.4426877498626709,0.35177865624427795
YCR094W,YNL151C,0,-6.1431136,0.11166500300168991,0.4426877498626709,0.35217392444610596
YJR126C,YGL229C,0,-6.1435094,0.11155378818511963,0.4426877498626709,0.3525691628456116
YML106W,YBL021C,0,-6.1441665,0.11144278943538666,0.4426877498626709,0.3529644310474396
YMR011W,YDR345C,1,-6.1441793,0.11232604086399078,0.4466403126716614,0.3529644310474396
YGR091W,YIL154C,0,-6.1442084,0.11221449822187424,0.4466403126716614,0.3533596694469452
YOR130C,YGR193C,0,-6.146181,0.112103171646595,0.4466403126716614,0.3537549376487732
YER078C,YGR274C,0,-6.146214,0.11199206858873367,0.4466403126716614,0.3541502058506012
YML081W,YGR188C,0,-6.1466494,0.11188118904829025,0.4466403126716614,0.3545454442501068
YNL321W,YNL152W,0,-6.146706,0.11177052557468414,0.4466403126716614,0.3549407124519348
YPR118W,YLR414C,0,-6.146814,0.11166007816791534,0.4466403126716614,0.3553359806537628
YJL219W,YDR345C,1,-6.146914,0.11253701895475388,0.45059287548065186,0.3553359806537628
YFL011W,YDR343C,1,-6.147929,0.11341223120689392,0.4545454680919647,0.3553359806537628
YBR048W,YCR069W,0,-6.148049,0.11330049484968185,0.4545454680919647,0.35573121905326843
YGR013W,YNL233W,0,-6.148164,0.1131889745593071,0.4545454680919647,0.35612648725509644
YDL212W,YBL061C,0,-6.1484504,0.11307767778635025,0.4545454680919647,0.35652172565460205
YPR181C,YMR001C,0,-6.1484685,0.11296660453081131,0.4545454680919647,0.35691699385643005
YKR104W,YDR239C,0,-6.148733,0.11285573989152908,0.4545454680919647,0.35731226205825806
YEL006W,YMR110C,0,-6.148867,0.11274509876966476,0.4545454680919647,0.35770750045776367
YNL086W,YKL021C,0,-6.1492553,0.11263467371463776,0.4545454680919647,0.3581027686595917
YBR043C,YER140W,0,-6.149483,0.11252446472644806,0.4545454680919647,0.3584980368614197
YNL181W,YPL097W,0,-6.150331,0.11241446435451508,0.4545454680919647,0.3588932752609253
YMR109W,YOL023W,0,-6.1505256,0.1123046875,0.4545454680919647,0.3592885434627533
YJR025C,YMR161W,0,-6.150661,0.11219511926174164,0.4545454680919647,0.3596837818622589
YNL118C,YIL073C,0,-6.151104,0.11208576709032059,0.4545454680919647,0.3600790500640869
YER053C-A,YCR083W,0,-6.1516833,0.11197663098573685,0.4545454680919647,0.3604743182659149
YIR007W,YIL154C,0,-6.15176,0.11186770349740982,0.4545454680919647,0.36086955666542053
YMR079W,YDR043C,0,-6.1527095,0.1117589920759201,0.4545454680919647,0.36126482486724854
YKL021C,YGR065C,0,-6.152986,0.1116504818201065,0.4545454680919647,0.36166009306907654
YER020W,YMR118C,0,-6.1541047,0.11154219508171082,0.4545454680919647,0.36205533146858215
YNL116W,YOR284W,0,-6.1541643,0.11143410950899124,0.4545454680919647,0.36245059967041016
YHR092C,YDR536W,1,-6.1542673,0.1122942864894867,0.4584980309009552,0.36245059967041016
YKL071W,YPR009W,0,-6.154686,0.11218568682670593,0.4584980309009552,0.36284583806991577
YNR037C,YML094W,0,-6.15495,0.11207729578018188,0.4584980309009552,0.3632411062717438
YIL007C,YHR171W,0,-6.1563363,0.11196911334991455,0.4584980309009552,0.3636363744735718
YOL092W,YBR160W,0,-6.1569366,0.11186113953590393,0.4584980309009552,0.3640316128730774
YJR160C,YDR343C,1,-6.157141,0.11271676421165466,0.4624505937099457,0.3640316128730774
YML029W,YNL020C,0,-6.157511,0.11260827630758286,0.4624505937099457,0.3644268810749054
YCR028C-A,YMR262W,0,-6.1578326,0.11249999701976776,0.4624505937099457,0.3648221492767334
YJR160C,YDR342C,1,-6.158159,0.11335254460573196,0.46640315651893616,0.3648221492767334
YOL065C,YGL178W,0,-6.1587825,0.11324375867843628,0.46640315651893616,0.365217387676239
YIR035C,YGL017W,0,-6.1590257,0.1131351888179779,0.46640315651893616,0.365612655878067
YIL010W,YOR316C,0,-6.1596756,0.11302682012319565,0.46640315651893616,0.36600789427757263
YMR292W,YOR207C,0,-6.159783,0.1129186600446701,0.46640315651893616,0.36640316247940063
YJR120W,YDR045C,0,-6.1601834,0.11281070858240128,0.46640315651893616,0.36679843068122864
YJR120W,YPR140W,0,-6.160551,0.11270295828580856,0.46640315651893616,0.36719366908073425
YDR307W,YJR121W,0,-6.160658,0.11259541660547256,0.46640315651893616,0.36758893728256226
YFR037C,YML037C,0,-6.160926,0.11248808354139328,0.46640315651893616,0.36798417568206787
YML082W,YFL026W,0,-6.1614814,0.11238095164299011,0.46640315651893616,0.3683794438838959
YFR014C,YGL229C,0,-6.1626334,0.11227402836084366,0.46640315651893616,0.3687747120857239
YOL019W,YLR128W,0,-6.163086,0.11216729879379272,0.46640315651893616,0.3691699504852295
YFL011W,YLR081W,1,-6.1634555,0.11301044374704361,0.47035571932792664,0.3691699504852295
YCR077C,YER111C,0,-6.164784,0.11290322244167328,0.47035571932792664,0.3695652186870575
YPL173W,YKL152C,0,-6.1655073,0.11279620975255966,0.47035571932792664,0.3699604868888855
YDR424C,YDL082W,0,-6.1656203,0.11268939077854156,0.47035571932792664,0.3703557252883911
YNL099C,YPL281C,0,-6.1657534,0.11258278042078018,0.47035571932792664,0.3707509934902191
YFL034C-A,YLR158C,0,-6.1664643,0.11247637122869492,0.47035571932792664,0.37114623188972473
YFL011W,YCL040W,1,-6.1668715,0.11331444978713989,0.4743083119392395,0.37114623188972473
YKL052C,YER021W,0,-6.1680064,0.11320754885673523,0.4743083119392395,0.37154150009155273
YNL275W,YGL106W,0,-6.1687474,0.11310084909200668,0.4743083119392395,0.37193676829338074
YLR377C,YDR043C,0,-6.16979,0.11299435049295425,0.4743083119392395,0.37233200669288635
YPL209C,YHR042W,0,-6.169816,0.11288805305957794,0.4743083119392395,0.37272727489471436
YIL127C,YFL050C,0,-6.1699142,0.11278195679187775,0.4743083119392395,0.37312254309654236
YHR045W,YBR205W,0,-6.1709657,0.11267605423927307,0.4743083119392395,0.373517781496048
YMR011W,YLR081W,1,-6.1714993,0.113508440554142,0.47826087474823,0.373517781496048
YNL112W,YCR045C,0,-6.1721163,0.11340206116437912,0.47826087474823,0.373913049697876
YDR361C,YDL164C,0,-6.1725273,0.11329588294029236,0.47826087474823,0.3743082880973816
YIL027C,YNL111C,0,-6.172776,0.11318989843130112,0.47826087474823,0.3747035562992096
YOR076C,YOR080W,0,-6.1728096,0.11308411508798599,0.47826087474823,0.3750988245010376
YNL272C,YNR063W,0,-6.1736703,0.11297852545976639,0.47826087474823,0.3754940629005432
YDR307W,YLR341W,0,-6.1741986,0.1128731369972229,0.47826087474823,0.3758893311023712
YDL156W,YOR195W,0,-6.1747675,0.11276794224977493,0.47826087474823,0.3762845993041992
YPL117C,YPL212C,0,-6.1751533,0.11266294121742249,0.47826087474823,0.37667983770370483
YLR037C,YDR516C,0,-6.1756263,0.11255814135074615,0.47826087474823,0.37707510590553284
YOL058W,YGR212W,0,-6.1761265,0.11245353519916534,0.47826087474823,0.37747034430503845
YMR282C,YPR022C,0,-6.1770697,0.11234911531209946,0.47826087474823,0.37786561250686646
YER177W,YBR171W,0,-6.177098,0.11224489659070969,0.47826087474823,0.37826088070869446
YAR015W,YBR279W,0,-6.1776013,0.11214087158441544,0.47826087474823,0.3786561191082001
YAL012W,YNL053W,0,-6.177835,0.1120370402932167,0.47826087474823,0.3790513873100281
YKL058W,YDR322W,0,-6.1783133,0.1119333952665329,0.47826087474823,0.3794466257095337
YGR063C,YBR245C,0,-6.178806,0.11182994395494461,0.47826087474823,0.3798418939113617
YBL036C,YLR319C,0,-6.1794515,0.11172668635845184,0.47826087474823,0.3802371621131897
YHR003C,YDR050C,0,-6.179683,0.111623615026474,0.47826087474823,0.3806324005126953
YLR096W,YDR200C,0,-6.1800933,0.11152073740959167,0.47826087474823,0.3810276687145233
YNL180C,YLL053C,0,-6.1803985,0.11141804605722427,0.47826087474823,0.3814229369163513
YPL057C,YER123W,0,-6.1804423,0.11131554841995239,0.47826087474823,0.38181817531585693
YLR102C,YOR100C,0,-6.180774,0.11121323704719543,0.47826087474823,0.38221344351768494
YCL040W,YJR160C,1,-6.181304,0.11202938109636307,0.48221343755722046,0.38221344351768494
YJR160C,YOL156W,1,-6.182569,0.11284403502941132,0.48616600036621094,0.38221344351768494
YFR004W,YIL056W,0,-6.1826644,0.11274060606956482,0.48616600036621094,0.38260868191719055
YHR117W,YOL128C,0,-6.18267,0.11263736337423325,0.48616600036621094,0.38300395011901855
YIL052C,YMR204C,0,-6.1836023,0.1125343069434166,0.48616600036621094,0.38339921832084656
YIL117C,YKL029C,0,-6.1837597,0.11243144422769547,0.48616600036621094,0.3837944567203522
YER069W,YGL054C,0,-6.183805,0.11232876777648926,0.48616600036621094,0.3841897249221802
YMR162C,YGL125W,0,-6.1842694,0.11222627758979797,0.48616600036621094,0.3845849931240082
YOR341W,YBR085W,0,-6.1844535,0.11212397366762161,0.48616600036621094,0.3849802315235138
YGL084C,YDR342C,1,-6.184629,0.11293260753154755,0.4901185631752014,0.3849802315235138
YGL131C,YDL205C,0,-6.1869025,0.11282984167337418,0.4901185631752014,0.3853754997253418
YOL156W,YMR011W,1,-6.1870456,0.11363636702299118,0.4940711557865143,0.3853754997253418
YDR028C,YMR001C,0,-6.1874614,0.113533154129982,0.4940711557865143,0.3857707381248474
YHR121W,YDR348C,0,-6.1882234,0.11343012750148773,0.4940711557865143,0.3861660063266754
YNL111C,YPR029C,0,-6.1883874,0.11332728713750839,0.4940711557865143,0.3865612745285034
YJR158W,YFR053C,1,-6.1883974,0.11413043737411499,0.49802371859550476,0.3865612745285034
YGR244C,YFR050C,0,-6.1887712,0.11402714997529984,0.49802371859550476,0.38695651292800903
YPL161C,YMR274C,0,-6.1888685,0.1139240488409996,0.49802371859550476,0.38735178112983704
YOR070C,YJL145W,0,-6.1902127,0.11382114142179489,0.49802371859550476,0.38774704933166504
YBR130C,YOR143C,0,-6.1909347,0.1137184128165245,0.49802371859550476,0.38814228773117065
YDR248C,YPR188C,0,-6.191311,0.11361587047576904,0.49802371859550476,0.38853755593299866
YGR234W,YDR469W,0,-6.191356,0.1135135143995285,0.49802371859550476,0.3889327943325043
YML082W,YOR060C,0,-6.1915016,0.11341134458780289,0.49802371859550476,0.3893280625343323
YDL019C,YMR037C,0,-6.1918306,0.1133093535900116,0.49802371859550476,0.3897233307361603
YBR162W-A,YBR068C,0,-6.192145,0.11320754885673523,0.49802371859550476,0.3901185691356659
YIL156W,YAL034W-A,0,-6.192215,0.11310592293739319,0.49802371859550476,0.3905138373374939
YGR044C,YFL061W,0,-6.192537,0.11300448328256607,0.49802371859550476,0.3909091055393219
YDR019C,YPR124W,0,-6.193343,0.11290322244167328,0.49802371859550476,0.3913043439388275
YEL055C,YPL148C,0,-6.194384,0.11280214786529541,0.49802371859550476,0.3916996121406555
YDR177W,YPL192C,0,-6.194425,0.11270125210285187,0.49802371859550476,0.39209485054016113
YHR032W,YMR183C,0,-6.194738,0.11260053515434265,0.49802371859550476,0.39249011874198914
YMR242C,YOL011W,0,-6.1953955,0.11249999701976776,0.49802371859550476,0.39288538694381714
YNR011C,YGR106C,0,-6.195661,0.1123996451497078,0.49802371859550476,0.39328062534332275
YGL253W,YMR011W,1,-6.19581,0.11319073289632797,0.5019763112068176,0.39328062534332275
YGL153W,YMR131C,0,-6.1959677,0.11308993399143219,0.5019763112068176,0.39367589354515076
YML014W,YNL227C,0,-6.1962085,0.11298932135105133,0.5019763112068176,0.39407113194465637
YLL026W,YDL098C,0,-6.1969132,0.1128888875246048,0.5019763112068176,0.3944664001464844
YGL168W,YDL098C,0,-6.1971745,0.11278863251209259,0.5019763112068176,0.3948616683483124
YDR014W,YJR155W,0,-6.1986747,0.11268855631351471,0.5019763112068176,0.395256906747818
YBR089C-A,YLR142W,0,-6.1991744,0.11258865147829056,0.5019763112068176,0.395652174949646
YAR071W,YBL014C,0,-6.199264,0.11248892545700073,0.5019763112068176,0.396047443151474
YCR088W,YML037C,0,-6.1998363,0.11238937824964523,0.5019763112068176,0.3964426815509796
YBL054W,YJL115W,0,-6.19984,0.11229000985622406,0.5019763112068176,0.3968379497528076
YHR092C,YGL253W,1,-6.2008643,0.11307420581579208,0.5059288740158081,0.3968379497528076
YOR088W,YKL002W,0,-6.203394,0.11297440528869629,0.5059288740158081,0.39723318815231323
YGR071C,YFR031C-A,0,-6.203416,0.11287477612495422,0.5059288740158081,0.39762845635414124
YMR125W,YDR308C,0,-6.2035823,0.11277533322572708,0.5059288740158081,0.39802372455596924
YOR356W,YPR118W,0,-6.2044625,0.11267605423927307,0.5059288740158081,0.39841896295547485
YHR094C,YBL020W,1,-6.2047935,0.11345646530389786,0.5098814368247986,0.39841896295547485
YOR144C,YPR054W,0,-6.204881,0.11335676908493042,0.5098814368247986,0.39881423115730286
YER109C,YHR215W,0,-6.2055573,0.11325724422931671,0.5098814368247986,0.39920949935913086
YER179W,YJR076C,0,-6.2057686,0.11315789818763733,0.5098814368247986,0.3996047377586365
YBR022W,YLR120C,0,-6.206214,0.11305872350931168,0.5098814368247986,0.4000000059604645
YGL253W,YBL020W,1,-6.2063403,0.11383537948131561,0.5138339996337891,0.4000000059604645
YHR096C,YFR053C,1,-6.2063994,0.11461067199707031,0.5177865624427795,0.4000000059604645
YPR005C,YGR166W,0,-6.206472,0.11451049149036407,0.5177865624427795,0.4003952443599701
YOL016C,YPL022W,0,-6.2075534,0.11441048234701157,0.5177865624427795,0.4007905125617981
YNL318C,YMR011W,1,-6.2079945,0.11518324911594391,0.52173912525177,0.4007905125617981
YJL133W,YPL226W,0,-6.2094502,0.11508282274007797,0.52173912525177,0.4011857807636261
YML021C,YJR125C,0,-6.209526,0.11498257517814636,0.52173912525177,0.4015810191631317
YKR031C,YER056C,0,-6.2095537,0.11488250643014908,0.52173912525177,0.4019762873649597
YNL097C,YDR110W,0,-6.209641,0.11478260904550552,0.52173912525177,0.4023715555667877
YLR110C,YJR088C,0,-6.2099347,0.1146828830242157,0.52173912525177,0.40276679396629333
YHR026W,YLR013W,0,-6.2104707,0.1145833358168602,0.52173912525177,0.40316206216812134
YBR283C,YMR221C,0,-6.210614,0.11448395252227783,0.52173912525177,0.40355730056762695
YFR041C,YIL067C,0,-6.211757,0.11438474804162979,0.52173912525177,0.40395256876945496
YDR235W,YIR017C,0,-6.21176,0.11428571492433548,0.52173912525177,0.40434783697128296
YFL011W,YHR092C,1,-6.212486,0.11505190283060074,0.5256916880607605,0.40434783697128296
YCR105W,YLR097C,0,-6.2124934,0.1149524599313736,0.5256916880607605,0.4047430753707886
YPL115C,YCR005C,0,-6.2128987,0.11485319584608078,0.5256916880607605,0.4051383435726166
YEL017C-A,YHR019C,0,-6.2129188,0.1147540956735611,0.5256916880607605,0.4055335819721222
YGR108W,YLR170C,0,-6.2130733,0.11465517431497574,0.5256916880607605,0.4059288501739502
YMR297W,YNL054W,0,-6.213353,0.11455641686916351,0.5256916880607605,0.4063241183757782
YMR309C,YML127W,0,-6.2137213,0.11445783078670502,0.5256916880607605,0.4067193567752838
YOL078W,YOR128C,0,-6.2139773,0.11435941606760025,0.5256916880607605,0.4071146249771118
YOR173W,YDR443C,0,-6.2140083,0.11426116526126862,0.5256916880607605,0.4075098931789398
YGL253W,YHR094C,1,-6.2145467,0.11502145975828171,0.529644250869751,0.4075098931789398
YIR003W,YGL087C,0,-6.2149034,0.11492281407117844,0.529644250869751,0.40790513157844543
YMR167W,YBR050C,0,-6.214907,0.1148243322968483,0.529644250869751,0.40830039978027344
YBR139W,YNL275W,0,-6.215478,0.11472602933645248,0.529644250869751,0.40869563817977905
YOL018C,YLR332W,0,-6.216889,0.1146278902888298,0.529644250869751,0.40909090638160706
YMR192W,YHR203C,0,-6.2169013,0.11452991515398026,0.529644250869751,0.40948617458343506
YOR061W,YHR143W,0,-6.2169843,0.11443211138248444,0.529644250869751,0.4098814129829407
YNL056W,YPL081W,0,-6.2179036,0.11433447152376175,0.529644250869751,0.4102766811847687
YDR246W,YER183C,0,-6.2182307,0.1142369955778122,0.529644250869751,0.4106719493865967
YBR253W,YMR016C,0,-6.2196927,0.11413969099521637,0.529644250869751,0.4110671877861023
YMR298W,YHR193C,0,-6.22015,0.11404255032539368,0.529644250869751,0.4114624559879303
YLR117C,YJL108C,0,-6.220183,0.11394558101892471,0.529644250869751,0.4118576943874359
YNL058C,YGR194C,0,-6.220814,0.11384876817464828,0.529644250869751,0.4122529625892639
YOR253W,YJL203W,0,-6.2209325,0.11375211924314499,0.529644250869751,0.4126482307910919
YJL056C,YKR037C,0,-6.2216315,0.11365564167499542,0.529644250869751,0.41304346919059753
YDR346C,YOR048C,0,-6.222035,0.11355932056903839,0.529644250869751,0.41343873739242554
YPL152W,YAR042W,0,-6.2222304,0.11346316337585449,0.529644250869751,0.41383400559425354
YJL109C,YOL078W,0,-6.2225347,0.11336717754602432,0.529644250869751,0.41422924399375916
YJL018W,YBR288C,0,-6.224072,0.11327134072780609,0.529644250869751,0.41462451219558716
YLR259C,YLR258W,0,-6.224198,0.11317567527294159,0.529644250869751,0.4150197505950928
YDR424C,YDR307W,0,-6.22443,0.11308016628026962,0.529644250869751,0.4154150187969208
YFL018C,YGL028C,0,-6.2249103,0.11298482120037079,0.529644250869751,0.4158102869987488
YLR388W,YIL073C,0,-6.2249303,0.11288964003324509,0.529644250869751,0.4162055253982544
YPL045W,YBL051C,0,-6.225199,0.11279461532831192,0.529644250869751,0.4166007936000824
YGR101W,YFR007W,0,-6.225762,0.11269974708557129,0.529644250869751,0.4169960618019104
YOL138C,YGR098C,0,-6.2269816,0.11260504275560379,0.529644250869751,0.417391300201416
YML057W,YDR179C,0,-6.227609,0.11251049488782883,0.529644250869751,0.417786568403244
YKL108W,YLR215C,0,-6.2280803,0.112416110932827,0.529644250869751,0.41818180680274963
YOR271C,YCR063W,0,-6.2295446,0.1123218759894371,0.529644250869751,0.41857707500457764
YIL016W,YLR035C-A,0,-6.2296996,0.11222780495882034,0.529644250869751,0.41897234320640564
YPR124W,YDL079C,0,-6.229711,0.11213389039039612,0.529644250869751,0.41936758160591125
YOL113W,YLR362W,0,-6.229732,0.11204013228416443,0.529644250869751,0.41976284980773926
YLR304C,YPL236C,0,-6.2299566,0.11194653064012527,0.529644250869751,0.4201580882072449
YGL175C,YPR081C,0,-6.2311616,0.11185308545827866,0.529644250869751,0.4205533564090729
YPR102C,YDR338C,0,-6.2314115,0.11175979673862457,0.529644250869751,0.4209486246109009
YML048W,YDL038C,0,-6.2320404,0.11166666448116302,0.529644250869751,0.4213438630104065
YDL155W,YGL116W,0,-6.2320695,0.11157368868589401,0.529644250869751,0.4217391312122345
YML027W,YIL018W,0,-6.2321434,0.11148086190223694,0.529644250869751,0.4221343994140625
YGL105W,YNL263C,0,-6.2321773,0.111388199031353,0.529644250869751,0.4225296378135681
YNR032C-A,YDL075W,0,-6.232313,0.1112956777215004,0.529644250869751,0.4229249060153961
YDL247W,YOL156W,1,-6.2331285,0.11203319579362869,0.5335968136787415,0.4229249060153961
YML038C,YDR464W,0,-6.233361,0.11194030195474625,0.5335968136787415,0.42332014441490173
YGL032C,YLR288C,0,-6.233504,0.11184755712747574,0.5335968136787415,0.42371541261672974
YER078C,YKL176C,0,-6.233916,0.11175496876239777,0.5335968136787415,0.42411068081855774
YJR153W,YJL183W,0,-6.2339516,0.11166252940893173,0.5335968136787415,0.42450591921806335
YIL074C,YOR047C,0,-6.23607,0.11157024651765823,0.5335968136787415,0.42490118741989136
YDR387C,YGR275W,0,-6.236243,0.11147812008857727,0.5335968136787415,0.42529645562171936
YDL103C,YPL176C,0,-6.2367134,0.11138613522052765,0.5335968136787415,0.425691694021225
YBL036C,YLR054C,0,-6.2376666,0.11129431426525116,0.5335968136787415,0.426086962223053
YLR064W,YDL209C,0,-6.2383857,0.11120263487100601,0.5335968136787415,0.4264822006225586
YPL133C,YGL157W,0,-6.2386804,0.1111111119389534,0.5335968136787415,0.4268774688243866
YDR198C,YHR214W,0,-6.2391934,0.11101973801851273,0.5335968136787415,0.4272727370262146
YBR296C,YGR287C,0,-6.2402234,0.11092851310968399,0.5335968136787415,0.4276679754257202
YGR030C,YGL009C,0,-6.24027,0.1108374372124672,0.5335968136787415,0.4280632436275482
YDR118W,YBR159W,0,-6.2411675,0.11074651032686234,0.5335968136787415,0.4284585118293762
YLR451W,YHR107C,0,-6.2426915,0.11065573990345001,0.5335968136787415,0.42885375022888184
YBR162C,YOR211C,0,-6.2427964,0.11056511104106903,0.5335968136787415,0.42924901843070984
YGL104C,YJL143W,0,-6.2428,0.11047463119029999,0.5335968136787415,0.42964425683021545
YPL020C,YEL050C,0,-6.242864,0.11038430035114288,0.5335968136787415,0.43003952503204346
YER027C,YDL010W,0,-6.243236,0.11029411852359772,0.5335968136787415,0.43043479323387146
YBL018C,YGR296W,0,-6.2433524,0.11020407825708389,0.5335968136787415,0.4308300316333771
YLL010C,YGR006W,0,-6.2434487,0.1101141944527626,0.5335968136787415,0.4312252998352051
YHR201C,YDL134C,0,-6.244074,0.11002445220947266,0.5335968136787415,0.4316205680370331
YIL124W,YMR204C,0,-6.2446175,0.10993485152721405,0.5335968136787415,0.4320158064365387
YDR020C,YBL040C,0,-6.2447596,0.10984539985656738,0.5335968136787415,0.4324110746383667
YGL253W,YPL189W,1,-6.24511,0.11056910455226898,0.5375494360923767,0.4324110746383667
YDR303C,YBL023C,0,-6.2451916,0.11047928780317307,0.5375494360923767,0.4328063130378723
YKR027W,YPL176C,0,-6.2453456,0.11038961261510849,0.5375494360923767,0.4332015812397003
YJL003W,YMR286W,0,-6.245651,0.11030007898807526,0.5375494360923767,0.4335968494415283
YMR070W,YML026C,0,-6.245946,0.11021069437265396,0.5375494360923767,0.43399208784103394
YBR159W,YKR045C,0,-6.24696,0.1101214587688446,0.5375494360923767,0.43438735604286194
YIL030C,YMR113W,0,-6.2482367,0.11003236472606659,0.5375494360923767,0.43478259444236755
YCR005C,YPR028W,0,-6.2484174,0.10994341224431992,0.5375494360923767,0.43517786264419556
YMR052W,YHR001W-A,0,-6.2484527,0.10985460132360458,0.5375494360923767,0.43557313084602356
YOR132W,YBR186W,0,-6.2496476,0.10976593941450119,0.5375494360923767,0.4359683692455292
YPL079W,YLR040C,0,-6.249893,0.10967741906642914,0.5375494360923767,0.4363636374473572
YKL132C,YIL106W,0,-6.2502475,0.10958904027938843,0.5375494360923767,0.4367589056491852
YMR282C,YBR216C,0,-6.2514386,0.10950080305337906,0.5375494360923767,0.4371541440486908
YPL190C,YPL265W,0,-6.251617,0.10941271483898163,0.5375494360923767,0.4375494122505188
YKR086W,YDR266C,0,-6.2520247,0.10932476073503494,0.5375494360923767,0.4379446506500244
YGL253W,YJL219W,1,-6.2524695,0.11004015803337097,0.5415019989013672,0.4379446506500244
YOR236W,YGR166W,0,-6.253037,0.10995184630155563,0.5415019989013672,0.4383399188518524
YER183C,YOR207C,0,-6.2531056,0.10986367613077164,0.5415019989013672,0.4387351870536804
YGL084C,YFR053C,1,-6.253268,0.11057692021131516,0.5454545617103577,0.4387351870536804
YNL096C,YIL122W,0,-6.254208,0.1104883924126625,0.5454545617103577,0.43913042545318604
YDR134C,YDR313C,0,-6.2545733,0.1103999987244606,0.5454545617103577,0.43952569365501404
YFL011W,YJL219W,1,-6.2546916,0.1111111119389534,0.5494071245193481,0.43952569365501404
YGR037C,YEL018W,0,-6.254749,0.11102236062288284,0.5494071245193481,0.43992096185684204
YNL330C,YCL026C-A,0,-6.2550545,0.11093375831842422,0.5494071245193481,0.44031620025634766
YLR127C,YKL049C,0,-6.2550716,0.11084529757499695,0.5494071245193481,0.44071146845817566
YHR197W,YPR022C,0,-6.2551174,0.11075697094202042,0.5494071245193481,0.4411067068576813
YOL156W,YLR081W,1,-6.2559557,0.1114649698138237,0.5533596873283386,0.4411067068576813
YBR175W,YER172C,0,-6.2576914,0.11137629300355911,0.5533596873283386,0.4415019750595093
YDR314C,YDR367W,0,-6.258784,0.11128775775432587,0.5533596873283386,0.4418972432613373
YDR343C,YGL084C,1,-6.259625,0.11199364811182022,0.5573122501373291,0.4418972432613373
YDL031W,YOR101W,0,-6.259925,0.11190476268529892,0.5573122501373291,0.4422924816608429
YLR370C,YCL016C,0,-6.260066,0.11181601881980896,0.5573122501373291,0.4426877498626709
YLR424W,YBR258C,0,-6.2607994,0.11172741651535034,0.5573122501373291,0.4430830180644989
YNL098C,YBR058C,0,-6.260838,0.11163895577192307,0.5573122501373291,0.4434782564640045
YPR063C,YER122C,0,-6.261002,0.11155063658952713,0.5573122501373291,0.4438735246658325
YBL020W,YDR536W,1,-6.2619386,0.11225296556949615,0.5612648129463196,0.4438735246658325
YNL328C,YAL002W,0,-6.262362,0.11216429620981216,0.5612648129463196,0.44426876306533813
YJR076C,YGR061C,0,-6.262902,0.11207576841115952,0.5612648129463196,0.44466403126716614
YGR138C,YMR002W,0,-6.264238,0.11198738217353821,0.5612648129463196,0.44505929946899414
YHR003C,YOR037W,0,-6.2643833,0.11189913004636765,0.5612648129463196,0.44545453786849976
YPR047W,YMR288W,0,-6.264693,0.11181102693080902,0.5612648129463196,0.44584980607032776
YLR166C,YBR212W,0,-6.2654843,0.11172305047512054,0.5612648129463196,0.4462450444698334
YER169W,YML111W,0,-6.265757,0.111635223031044,0.5612648129463196,0.4466403126716614
YOR269W,YOR363C,0,-6.265822,0.11154752224683762,0.5612648129463196,0.4470355808734894
YIL156W,YHR024C,0,-6.265928,0.11145997047424316,0.5612648129463196,0.447430819272995
YPL069C,YML038C,0,-6.266538,0.11137254536151886,0.5612648129463196,0.447826087474823
YLR225C,YDL212W,0,-6.2665806,0.1112852692604065,0.5612648129463196,0.448221355676651
YER073W,YOR174W,0,-6.2666745,0.11119811981916428,0.5612648129463196,0.4486165940761566
YHR120W,YGL238W,0,-6.2668133,0.1111111119389534,0.5612648129463196,0.4490118622779846
YML100W,YLR417W,0,-6.2669225,0.11102423816919327,0.5612648129463196,0.44940710067749023
YNL049C,YIL120W,0,-6.2670193,0.11093749850988388,0.5612648129463196,0.44980236887931824
YPL088W,YLR066W,0,-6.267035,0.11085090041160583,0.5612648129463196,0.45019763708114624
YKL125W,YJR125C,0,-6.267141,0.11076442897319794,0.5612648129463196,0.45059287548065186
YOR087W,YLR328W,0,-6.267454,0.11067809909582138,0.5612648129463196,0.45098814368247986
YHR108W,YDR495C,0,-6.2685065,0.11059190332889557,0.5612648129463196,0.45138341188430786
YPL140C,YER083C,0,-6.269052,0.1105058342218399,0.5612648129463196,0.4517786502838135
YER072W,YNL272C,0,-6.269184,0.11041990667581558,0.5612648129463196,0.4521739184856415
YGR192C,YFR007W,0,-6.269234,0.110334113240242,0.5612648129463196,0.4525691568851471
YCL044C,YPL097W,0,-6.269814,0.11024844646453857,0.5612648129463196,0.4529644250869751
YIL051C,YHL003C,0,-6.270455,0.11016291379928589,0.5612648129463196,0.4533596932888031
YBL047C,YJR076C,0,-6.2704988,0.11007752269506454,0.5612648129463196,0.4537549316883087
YPL076W,YGL213C,0,-6.2705703,0.10999225080013275,0.5612648129463196,0.4541501998901367
YJR025C,YOL089C,0,-6.270885,0.1099071204662323,0.5612648129463196,0.4545454680919647
YHR128W,YLR150W,0,-6.271424,0.109822116792202,0.5612648129463196,0.45494070649147034
YML093W,YGR295C,0,-6.2727933,0.10973724722862244,0.5612648129463196,0.45533597469329834
YCR016W,YGR017W,0,-6.2728353,0.10965251177549362,0.5612648129463196,0.45573121309280396
YDL223C,YMR080C,0,-6.2729716,0.10956790298223495,0.5612648129463196,0.45612648129463196
YER032W,YBR083W,0,-6.2732058,0.10948342084884644,0.5612648129463196,0.45652174949645996
YKL179C,YNR039C,0,-6.2733855,0.10939907282590866,0.5612648129463196,0.4569169878959656
YMR118C,YGR193C,0,-6.2735786,0.10931485891342163,0.5612648129463196,0.4573122560977936
YMR125W,YDR363W-A,0,-6.2738843,0.10923077166080475,0.5612648129463196,0.4577075242996216
YHR094C,YFR053C,1,-6.274879,0.10991545021533966,0.5652173757553101,0.4577075242996216
YOR266W,YPL281C,0,-6.2759614,0.10983102768659592,0.5652173757553101,0.4581027626991272
YGL166W,YDR328C,0,-6.276259,0.10974673926830292,0.5652173757553101,0.4584980309009552
YDR517W,YNL311C,0,-6.2763367,0.10966257750988007,0.5652173757553101,0.4588932693004608
YOR356W,YGR097W,0,-6.276733,0.10957854241132736,0.5652173757553101,0.4592885375022888
YJL093C,YHR138C,0,-6.276851,0.1094946414232254,0.5652173757553101,0.4596838057041168
YOL120C,YCR073C,0,-6.2785106,0.10941086709499359,0.5652173757553101,0.46007904410362244
YER078C,YCR047C,0,-6.278596,0.10932721942663193,0.5652173757553101,0.46047431230545044
YOR030W,YDR503C,0,-6.278924,0.10924369841814041,0.5652173757553101,0.46086955070495605
YJR025C,YMR154C,0,-6.2792406,0.10916030406951904,0.5652173757553101,0.46126481890678406
YJL160C,YMR055C,0,-6.279425,0.10907704383134842,0.5652173757553101,0.46166008710861206
YLR421C,YGR065C,0,-6.2795157,0.10899390280246735,0.5652173757553101,0.4620553255081177
YDR265W,YLL031C,0,-6.2799783,0.10891088843345642,0.5652173757553101,0.4624505937099457
YOR260W,YOR094W,0,-6.2800393,0.10882800817489624,0.5652173757553101,0.4628458619117737
YHR016C,YHR123W,0,-6.2809176,0.10874524712562561,0.5652173757553101,0.4632411003112793
YER026C,YDR129C,0,-6.2809505,0.10866261273622513,0.5652173757553101,0.4636363685131073
YNL301C,YDR387C,0,-6.2810316,0.1085801050066948,0.5652173757553101,0.4640316069126129
YLR134W,YDR486C,0,-6.281317,0.1084977239370346,0.5652173757553101,0.4644268751144409
YBR106W,YLR340W,0,-6.281707,0.10841546952724457,0.5652173757553101,0.4648221433162689
YML111W,YMR056C,0,-6.282641,0.10833333432674408,0.5652173757553101,0.46521738171577454
YLR446W,YDR210W,0,-6.2839303,0.10825132578611374,0.5652173757553101,0.46561264991760254
YML088W,YHR013C,0,-6.284099,0.10816944390535355,0.5652173757553101,0.46600791811943054
YGR044C,YIL154C,0,-6.285212,0.1080876812338829,0.5652173757553101,0.46640315651893616
YPL038W,YNL151C,0,-6.285384,0.10800604522228241,0.5652173757553101,0.46679842472076416
YOR383C,YOL032W,0,-6.2861776,0.10792452841997147,0.5652173757553101,0.4671936631202698
YEL063C,YFL031W,0,-6.2867856,0.10784313827753067,0.5652173757553101,0.4675889313220978
YMR220W,YPR018W,0,-6.2877975,0.10776186734437943,0.5652173757553101,0.4679841995239258
YDR227W,YMR131C,0,-6.288351,0.10768072307109833,0.5652173757553101,0.4683794379234314
YCL075W,YNL180C,0,-6.288485,0.10759969800710678,0.5652173757553101,0.4687747061252594
YNR036C,YGR181W,0,-6.289851,0.10751879960298538,0.5652173757553101,0.4691699743270874
YDL174C,YCR083W,0,-6.2909007,0.10743801295757294,0.5652173757553101,0.469565212726593
YBR068C,YJL102W,0,-6.291096,0.10735736042261124,0.5652173757553101,0.469960480928421
YLR262C,YGL234W,0,-6.2915974,0.10727681964635849,0.5652173757553101,0.47035571932792664
YPL189W,YMR011W,1,-6.2918715,0.10794602334499359,0.5691699385643005,0.47035571932792664
YEL016C,YML021C,0,-6.2919497,0.10786516964435577,0.5691699385643005,0.47075098752975464
YNL103W,YDR320C-A,0,-6.2922263,0.10778442770242691,0.5691699385643005,0.47114625573158264
YGL192W,YCL047C,0,-6.292397,0.1077038124203682,0.5691699385643005,0.47154149413108826
YJL221C,YCL066W,0,-6.2933164,0.10762331634759903,0.5691699385643005,0.47193676233291626
YMR017W,YMR153W,0,-6.2934384,0.10754293948411942,0.5691699385643005,0.47233203053474426
YGR065C,YHR072W,0,-6.2936506,0.10746268928050995,0.5691699385643005,0.4727272689342499
YIL041W,YMR048W,0,-6.295101,0.10738255083560944,0.5691699385643005,0.4731225371360779
YDR418W,YOR171C,0,-6.295844,0.10730253159999847,0.5691699385643005,0.4735177755355835
YAL020C,YOR293W,0,-6.2974873,0.10722263902425766,0.5691699385643005,0.4739130437374115
YPL249C-A,YBR175W,0,-6.2981277,0.1071428582072258,0.5691699385643005,0.4743083119392395
YPL187W,YEL048C,0,-6.2989106,0.10706319659948349,0.5691699385643005,0.4747035503387451
YBR043C,YOL029C,0,-6.2989116,0.10698365420103073,0.5691699385643005,0.4750988185405731
YDR536W,YDR345C,1,-6.299214,0.10764662176370621,0.573122501373291,0.4750988185405731
YPL038W,YGL257C,0,-6.2994084,0.10756676644086838,0.573122501373291,0.47549405694007874
YEL004W,YGL067W,0,-6.299594,0.1074870303273201,0.573122501373291,0.47588932514190674
YNR049C,YDL065C,0,-6.3010526,0.10740740597248077,0.573122501373291,0.47628459334373474
YDL134C,YDR301W,0,-6.3010883,0.1073279082775116,0.573122501373291,0.47667983174324036
YER147C,YLR158C,0,-6.301142,0.10724852234125137,0.573122501373291,0.47707509994506836
YML074C,YPR192W,0,-6.3013215,0.1071692556142807,0.573122501373291,0.47747036814689636
YBR029C,YBL040C,0,-6.3013225,0.10709010064601898,0.573122501373291,0.477865606546402
YCL040W,YGL253W,1,-6.301472,0.1077490746974945,0.5770751237869263,0.477865606546402
YBR198C,YJR010C-A,0,-6.3017144,0.10766961425542831,0.5770751237869263,0.47826087474823
YJL137C,YJR152W,0,-6.3020225,0.10759027302265167,0.5770751237869263,0.4786561131477356
YNR050C,YMR207C,0,-6.30216,0.10751104354858398,0.5770751237869263,0.4790513813495636
YMR283C,YCL061C,0,-6.302188,0.10743193328380585,0.5770751237869263,0.4794466495513916
YJL092W,YDR447C,0,-6.3033886,0.10735294222831726,0.5770751237869263,0.4798418879508972
YPL249C-A,YFL053W,0,-6.303656,0.10727406293153763,0.5770751237869263,0.4802371561527252
YDR005C,YLR058C,0,-6.3055778,0.10719530284404755,0.5770751237869263,0.4806324243545532
YMR072W,YKL154W,0,-6.3057413,0.10711665451526642,0.5770751237869263,0.48102766275405884
YKL086W,YOR129C,0,-6.3058357,0.10703812539577484,0.5770751237869263,0.48142293095588684
YDL247W,YFL011W,1,-6.305897,0.10769230872392654,0.5810276865959167,0.48142293095588684
YOR303W,YBR136W,0,-6.305988,0.1076134666800499,0.5810276865959167,0.48181816935539246
YBR098W,YJL099W,0,-6.3060365,0.1075347512960434,0.5810276865959167,0.48221343755722046
YNR020C,YDR398W,0,-6.306582,0.10745614022016525,0.5810276865959167,0.48260870575904846
YOR172W,YOR231W,0,-6.3066177,0.10737764835357666,0.5810276865959167,0.4830039441585541
YPL020C,YJL012C,0,-6.3066354,0.10729926824569702,0.5810276865959167,0.4833992123603821
YGR284C,YBR171W,0,-6.306696,0.10722100734710693,0.5810276865959167,0.4837944805622101
YKL081W,YBL066C,0,-6.3070197,0.1071428582072258,0.5810276865959167,0.4841897189617157
YGR188C,YOR048C,0,-6.3082643,0.10706482082605362,0.5810276865959167,0.4845849871635437
YHR101C,YPL236C,0,-6.3093677,0.10698690265417099,0.5810276865959167,0.4849802255630493
YOL071W,YAR019C,0,-6.3094983,0.10690908879041672,0.5810276865959167,0.4853754937648773
YNL286W,YBR016W,0,-6.3096166,0.106831394135952,0.5810276865959167,0.4857707619667053
YKL107W,YGL207W,0,-6.3100524,0.10675381124019623,0.5810276865959167,0.48616600036621094
YHR184W,YMR161W,0,-6.3103466,0.10667634010314941,0.5810276865959167,0.48656126856803894
YHR102W,YER033C,0,-6.3115253,0.10659898817539215,0.5810276865959167,0.48695650696754456
YDR188W,YDL117W,0,-6.3122926,0.10652174055576324,0.5810276865959167,0.48735177516937256
YPR049C,YAL009W,0,-6.312387,0.10644460469484329,0.5810276865959167,0.48774704337120056
YJL212C,YKL125W,0,-6.313023,0.1063675805926323,0.5810276865959167,0.4881422817707062
YLR057W,YHR083W,0,-6.313597,0.10629067569971085,0.5810276865959167,0.4885375499725342
YLR427W,YLR132C,0,-6.3136654,0.10621387511491776,0.5810276865959167,0.4889328181743622
YMR318C,YKL143W,0,-6.313788,0.10613718628883362,0.5810276865959167,0.4893280565738678
YNL059C,YPL266W,0,-6.3145003,0.10606060922145844,0.5810276865959167,0.4897233247756958
YJL180C,YJR033C,0,-6.3147607,0.10598413646221161,0.5810276865959167,0.4901185631752014
YIL156W,YPL075W,0,-6.315138,0.10590778291225433,0.5810276865959167,0.4905138313770294
YJR158W,YBL020W,1,-6.3151984,0.10655147582292557,0.5849802494049072,0.4905138313770294
YER060W,YKL006C-A,0,-6.3154635,0.10647481679916382,0.5849802494049072,0.4909090995788574
YGR211W,YGL032C,0,-6.315483,0.10639827698469162,0.5849802494049072,0.49130433797836304
YLR106C,YHR079C-A,0,-6.315498,0.10632184147834778,0.5849802494049072,0.49169960618019104
YLR396C,YDR253C,0,-6.3160596,0.1062455102801323,0.5849802494049072,0.49209487438201904
YCL050C,YCL010C,0,-6.317332,0.10616929829120636,0.5849802494049072,0.49249011278152466
YPL189W,YLR081W,1,-6.317745,0.10681003332138062,0.5889328122138977,0.49249011278152466
YEL020W-A,YMR220W,0,-6.318377,0.1067335233092308,0.5889328122138977,0.49288538098335266
YDL247W,YLR081W,1,-6.318378,0.1073729395866394,0.5928853750228882,0.49288538098335266
YLR201C,YLL001W,0,-6.31852,0.10729613900184631,0.5928853750228882,0.4932806193828583
YPL173W,YHR113W,0,-6.318768,0.10721944272518158,0.5928853750228882,0.4936758875846863
YGL135W,YMR149W,0,-6.319449,0.1071428582072258,0.5928853750228882,0.4940711557865143
YJR158W,YLR081W,1,-6.319779,0.10778015851974487,0.5968379378318787,0.4940711557865143
YJL148W,YCR106W,0,-6.320022,0.10770328342914581,0.5968379378318787,0.4944663941860199
YJL028W,YMR217W,0,-6.320103,0.10762651264667511,0.5968379378318787,0.4948616623878479
YPL262W,YPL053C,0,-6.3203044,0.10754986107349396,0.5968379378318787,0.4952569305896759
YGR083C,YJR139C,0,-6.320806,0.10747330635786057,0.5968379378318787,0.4956521689891815
YKL108W,YLR313C,0,-6.321385,0.10739687085151672,0.5968379378318787,0.4960474371910095
YHR007C,YER042W,0,-6.321589,0.10732053965330124,0.5968379378318787,0.49644267559051514
YOR336W,YER131W,0,-6.3224025,0.10724432021379471,0.5968379378318787,0.49683794379234314
YJL177W,YPL058C,0,-6.3226805,0.10716820508241653,0.5968379378318787,0.49723321199417114
YPL092W,YDR266C,0,-6.3234677,0.10709220170974731,0.5968379378318787,0.49762845039367676
YNL279W,YJR134C,0,-6.323583,0.10701630264520645,0.5968379378318787,0.49802371859550476
YBR127C,YJL216C,0,-6.325667,0.10694050788879395,0.5968379378318787,0.49841898679733276
YJR014W,YOL072W,0,-6.326156,0.1068648248910904,0.5968379378318787,0.4988142251968384
YLR272C,YKR009C,0,-6.3262725,0.1067892536520958,0.5968379378318787,0.4992094933986664
YKL101W,YEL054C,0,-6.326304,0.10671377927064896,0.5968379378318787,0.499604731798172
YBR057C,YML013W,0,-6.3263264,0.10663841664791107,0.5968379378318787,0.5
YJR160C,YFR053C,1,-6.3270035,0.10726887732744217,0.6007905006408691,0.5
YDL044C,YFL047W,0,-6.3272357,0.1071932315826416,0.6007905006408691,0.5003952383995056
YML124C,YPR103W,0,-6.3272777,0.10711769014596939,0.6007905006408691,0.500790536403656
YDL149W,YPL149W,0,-6.328477,0.10704225301742554,0.6007905006408691,0.5011857748031616
YMR264W,YKR046C,0,-6.3284993,0.10696692764759064,0.6007905006408691,0.5015810132026672
YDL004W,YPL066W,0,-6.328538,0.1068916991353035,0.6007905006408691,0.5019763112068176
YOR057W,YDL185W,0,-6.32885,0.10681658238172531,0.6007905006408691,0.5023715496063232
YJL108C,YJR010C-A,0,-6.3290367,0.10674156993627548,0.6007905006408691,0.5027667880058289
YPL059W,YGR284C,0,-6.3290706,0.1066666692495346,0.6007905006408691,0.5031620264053345
YDR326C,YGR068C,0,-6.329487,0.10659186542034149,0.6007905006408691,0.5035573244094849
YNL306W,YER063W,0,-6.3295164,0.10651716589927673,0.6007905006408691,0.5039525628089905
YMR012W,YBR199W,0,-6.329532,0.10644257813692093,0.6007905006408691,0.5043478012084961
YHR106W,YEL038W,0,-6.32972,0.10636808723211288,0.6007905006408691,0.5047430992126465
YOR033C,YAR008W,0,-6.3307557,0.1062937080860138,0.6007905006408691,0.5051383376121521
YOL034W,YKL089W,0,-6.330863,0.10621942579746246,0.6007905006408691,0.5055335760116577
YDR105C,YLR058C,0,-6.3309,0.10614524781703949,0.6007905006408691,0.5059288740158081
YCR068W,YCR097W,0,-6.33123,0.10607118159532547,0.6007905006408691,0.5063241124153137
YLR361C,YLR272C,0,-6.331488,0.10599721223115921,0.6007905006408691,0.5067193508148193
YDR343C,YGL253W,1,-6.332731,0.10662020742893219,0.6047430634498596,0.5067193508148193
YDR071C,YOR332W,0,-6.3338456,0.10654596239328384,0.6047430634498596,0.5071146488189697
YDR368W,YPL049C,0,-6.33452,0.10647181421518326,0.6047430634498596,0.5075098872184753
YBR299W,YLL024C,0,-6.334682,0.10639777779579163,0.6047430634498596,0.507905125617981
YKL024C,YGL219C,0,-6.335046,0.10632383823394775,0.6047430634498596,0.5083004236221313
YOR332W,YDR308C,0,-6.335054,0.10625000298023224,0.6047430634498596,0.508695662021637
YKL055C,YBR044C,0,-6.3363104,0.10617626458406448,0.6047430634498596,0.5090909004211426
YLR133W,YML085C,0,-6.3368344,0.10610263794660568,0.6047430634498596,0.5094861388206482
YJL180C,YNL088W,0,-6.3369174,0.10602910816669464,0.6047430634498596,0.5098814368247986
YHR092C,YHR094C,1,-6.337962,0.10664819926023483,0.6086956262588501,0.5098814368247986
YKL045W,YLR430W,0,-6.3388624,0.1065743938088417,0.6086956262588501,0.5102766752243042
YDL165W,YPL174C,0,-6.3392215,0.10650069266557693,0.6086956262588501,0.5106719136238098
YEL044W,YHR013C,0,-6.339647,0.10642708837985992,0.6086956262588501,0.5110672116279602
YPL029W,YML081C-A,0,-6.339888,0.10635358840227127,0.6086956262588501,0.5114624500274658
YGL008C,YOL132W,0,-6.3408647,0.10628019273281097,0.6086956262588501,0.5118576884269714
YNL132W,YGL067W,0,-6.3413663,0.10620689392089844,0.6086956262588501,0.5122529864311218
YHR090C,YDR103W,0,-6.3431487,0.10613369941711426,0.6086956262588501,0.5126482248306274
YDL067C,YBR264C,0,-6.3432827,0.10606060922145844,0.6086956262588501,0.5130434632301331
YBL060W,YDR065W,0,-6.343614,0.10598760843276978,0.6086956262588501,0.5134387612342834
YMR261C,YMR198W,0,-6.343709,0.10591471940279007,0.6086956262588501,0.5138339996337891
YNL207W,YDR002W,0,-6.34386,0.10584192723035812,0.6086956262588501,0.5142292380332947
YKL058W,YDL110C,0,-6.34456,0.10576923191547394,0.6086956262588501,0.5146244764328003
YDL160C,YDR406W,0,-6.344689,0.10569663345813751,0.6086956262588501,0.5150197744369507
YFL044C,YIL114C,0,-6.345164,0.10562413930892944,0.6086956262588501,0.5154150128364563
YGR287C,YBR114W,0,-6.3452067,0.10555174946784973,0.6086956262588501,0.5158102512359619
YGR165W,YJR017C,0,-6.3456125,0.10547944903373718,0.6086956262588501,0.5162055492401123
YGL040C,YMR221C,0,-6.345798,0.10540725290775299,0.6086956262588501,0.5166007876396179
YLL038C,YHR003C,0,-6.3460793,0.10533515363931656,0.6086956262588501,0.5169960260391235
YCL040W,YBL020W,1,-6.346732,0.10594668239355087,0.6126482486724854,0.5169960260391235
YHR092C,YNL318C,1,-6.346805,0.10655737668275833,0.6166008114814758,0.5169960260391235
YHR136C,YDR171W,0,-6.347033,0.10648464411497116,0.6166008114814758,0.5173913240432739
YDR265W,YIL030C,0,-6.347061,0.10641200840473175,0.6166008114814758,0.5177865624427795
YMR017W,YGL009C,0,-6.347249,0.1063394695520401,0.6166008114814758,0.5181818008422852
YDR328C,YOR143C,0,-6.3477883,0.10626702755689621,0.6166008114814758,0.5185770988464355
YHR014W,YGL021W,0,-6.348896,0.10619468986988068,0.6166008114814758,0.5189723372459412
YBR302C,YGR062C,0,-6.349114,0.1061224490404129,0.6166008114814758,0.5193675756454468
YNL251C,YJL074C,0,-6.349294,0.10605030506849289,0.6166008114814758,0.5197628736495972
YER060W,YHR013C,0,-6.349506,0.10597825795412064,0.6166008114814758,0.5201581120491028
YLL016W,YLR384C,0,-6.349608,0.10590631514787674,0.6166008114814758,0.5205533504486084
YLR185W,YGR212W,0,-6.349706,0.1058344617486,0.6166008114814758,0.520948588848114
YLR448W,YNR055C,0,-6.350761,0.10576271265745163,0.6166008114814758,0.5213438868522644
YDL020C,YBR136W,0,-6.3509064,0.10569106042385101,0.6166008114814758,0.52173912525177
YGR296W,YMR221C,0,-6.351082,0.10561949759721756,0.6166008114814758,0.5221343636512756
YPL169C,YNL083W,0,-6.351175,0.10554803907871246,0.6166008114814758,0.522529661655426
YDR105C,YHR034C,0,-6.3513646,0.10547666996717453,0.6166008114814758,0.5229249000549316
YDR339C,YBL025W,0,-6.351543,0.10540540516376495,0.6166008114814758,0.5233201384544373
YMR289W,YIL138C,0,-6.3516436,0.10533423721790314,0.6166008114814758,0.5237154364585876
YOL030W,YKR065C,0,-6.351765,0.10526315867900848,0.6166008114814758,0.5241106748580933
YGR123C,YOL051W,0,-6.352181,0.10519217699766159,0.6166008114814758,0.5245059132575989
YPR101W,YIL172C,0,-6.354837,0.10512129217386246,0.6166008114814758,0.5249012112617493
YIL138C,YLR045C,0,-6.355113,0.10505050420761108,0.6166008114814758,0.5252964496612549
YPL256C,YNL288W,0,-6.355159,0.10497981309890747,0.6166008114814758,0.5256916880607605
YCL040W,YGL084C,1,-6.3553987,0.10558170825242996,0.6205533742904663,0.5256916880607605
YIL154C,YMR105C,0,-6.3560824,0.10551075637340546,0.6205533742904663,0.5260869860649109
YLL018C-A,YNL164C,0,-6.356285,0.10543989390134811,0.6205533742904663,0.5264822244644165
YGR060W,YKL213C,0,-6.356565,0.10536912828683853,0.6205533742904663,0.5268774628639221
YLR274W,YOR265W,0,-6.356671,0.10529845952987671,0.6205533742904663,0.5272727012634277
YLL038C,YGR207C,0,-6.356707,0.10522788017988205,0.6205533742904663,0.5276679992675781
YGR218W,YDL095W,0,-6.357028,0.10515739768743515,0.6205533742904663,0.5280632376670837
YIL016W,YER078C,0,-6.3573394,0.10508701205253601,0.6205533742904663,0.5284584760665894
YNL031C,YDL161W,0,-6.3574996,0.10501672327518463,0.6205533742904663,0.5288537740707397
YPL036W,YHR019C,0,-6.3575687,0.10494652390480042,0.6205533742904663,0.5292490124702454
YNL209W,YMR068W,0,-6.357633,0.10487642139196396,0.6205533742904663,0.529644250869751
YNL039W,YNR053C,0,-6.3576427,0.10480640828609467,0.6205533742904663,0.5300395488739014
YBR048W,YKL107W,0,-6.3577056,0.10473649203777313,0.6205533742904663,0.530434787273407
YHL015W,YMR275C,0,-6.358475,0.10466666519641876,0.6205533742904663,0.5308300256729126
YPR103W,YNL020C,0,-6.358599,0.10459693521261215,0.6205533742904663,0.531225323677063
YLR234W,YJR064W,0,-6.359188,0.1045272946357727,0.6205533742904663,0.5316205620765686
YFL011W,YNL318C,1,-6.359957,0.10512308776378632,0.6245059370994568,0.5316205620765686
YCL075W,YNL068C,0,-6.359965,0.10505319386720657,0.6245059370994568,0.5320158004760742
YJL186W,YGR030C,0,-6.3599668,0.104983389377594,0.6245059370994568,0.5324110388755798
YKL179C,YKL116C,0,-6.3600698,0.10491368174552917,0.6245059370994568,0.5328063368797302
YOR381W,YMR220W,0,-6.3605237,0.10484406352043152,0.6245059370994568,0.5332015752792358
YER153C,YGR188C,0,-6.361721,0.10477453470230103,0.6245059370994568,0.5335968136787415
YHR113W,YNL065W,0,-6.3619156,0.10470510274171829,0.6245059370994568,0.5339921116828918
YJR105W,YIL167W,0,-6.362743,0.10463576018810272,0.6245059370994568,0.5343873500823975
YDR052C,YPR101W,0,-6.362782,0.10456651449203491,0.6245059370994568,0.5347825884819031
YDR177W,YKL185W,0,-6.363025,0.10449735820293427,0.6245059370994568,0.5351778864860535
YDR343C,YDR345C,1,-6.363186,0.1050892248749733,0.6284584999084473,0.5351778864860535
YBR098W,YER031C,0,-6.3649955,0.10501981526613235,0.6284584999084473,0.5355731248855591
YHR136C,YOL130W,0,-6.3653255,0.10495049506425858,0.6284584999084473,0.5359683632850647
YIL030C,YJL041W,0,-6.3657565,0.10488126426935196,0.6284584999084473,0.5363636612892151
YJR160C,YHR096C,1,-6.367085,0.10547132790088654,0.6324110627174377,0.5363636612892151
YNL222W,YPL126W,0,-6.367199,0.10540184378623962,0.6324110627174377,0.5367588996887207
YAL058W,YDL189W,0,-6.367468,0.10533245652914047,0.6324110627174377,0.5371541380882263
YJL076W,YIL027C,0,-6.3678937,0.10526315867900848,0.6324110627174377,0.5375494360923767
YDL247W,YDR343C,1,-6.368607,0.10585141181945801,0.6363636255264282,0.5375494360923767
YHL013C,YIL051C,0,-6.369358,0.10578186810016632,0.6363636255264282,0.5379446744918823
YOR076C,YOL049W,0,-6.3710623,0.1057124063372612,0.6363636255264282,0.5383399128913879
YDR343C,YHR096C,1,-6.371138,0.10629921406507492,0.6403161883354187,0.5383399128913879
YIL005W,YDL150W,0,-6.373401,0.1062295064330101,0.6403161883354187,0.5387351512908936
YGR035C,YMR135C,0,-6.3735623,0.10615989565849304,0.6403161883354187,0.539130449295044
YBL101C,YCR004C,0,-6.37433,0.10609037429094315,0.6403161883354187,0.5395256876945496
YCR016W,YMR139W,0,-6.3748937,0.10602094233036041,0.6403161883354187,0.5399209260940552
YJL052W,YIL069C,0,-6.374953,0.10595159977674484,0.6403161883354187,0.5403162240982056
YLR138W,YML124C,0,-6.3751082,0.10588235408067703,0.6403161883354187,0.5407114624977112
YPR108W,YHL020C,0,-6.37566,0.10581319034099579,0.6403161883354187,0.5411067008972168
YBR060C,YMR183C,0,-6.375894,0.1057441234588623,0.6403161883354187,0.5415019989013672
YBL014C,YHR036W,0,-6.376639,0.10567514598369598,0.6403161883354187,0.5418972373008728
YGR163W,YLR193C,0,-6.378456,0.10560625791549683,0.6403161883354187,0.5422924757003784
YOR035C,YPR063C,0,-6.3786225,0.10553745925426483,0.6403161883354187,0.5426877737045288
YOR092W,YOR330C,0,-6.38001,0.10546875,0.6403161883354187,0.5430830121040344
YIL050W,YDL030W,0,-6.380097,0.10540013015270233,0.6403161883354187,0.54347825050354
YNR001C,YMR058W,0,-6.380101,0.10533159971237183,0.6403161883354187,0.5438734889030457
YDR225W,YDR402C,0,-6.3802342,0.10526315867900848,0.6403161883354187,0.544268786907196
YLR057W,YOL091W,0,-6.38179,0.1051948070526123,0.6403161883354187,0.5446640253067017
YHR028C,YCR063W,0,-6.381819,0.10512654483318329,0.6403161883354187,0.5450592637062073
YJL101C,YOL008W,0,-6.3820605,0.10505836457014084,0.6403161883354187,0.5454545617103577
YBR034C,YER007W,0,-6.3821034,0.10499028116464615,0.6403161883354187,0.5458498001098633
YBR299W,YDL091C,0,-6.383682,0.10492227971553802,0.6403161883354187,0.5462450385093689
YHR096C,YLR081W,1,-6.384081,0.10550161451101303,0.6442687511444092,0.5462450385093689
YKR048C,YPR009W,0,-6.3841248,0.1054333746433258,0.6442687511444092,0.5466403365135193
YGR275W,YJL069C,0,-6.3843884,0.10536522418260574,0.6442687511444092,0.5470355749130249
YMR204C,YBR191W,0,-6.3847594,0.10529715567827225,0.6442687511444092,0.5474308133125305
YBR136W,YLR450W,0,-6.384777,0.10522917658090591,0.6442687511444092,0.5478261113166809
YIR021W,YOR060C,0,-6.3851533,0.10516128689050674,0.6442687511444092,0.5482213497161865
YLR439W,YPL015C,0,-6.385155,0.10509348660707474,0.6442687511444092,0.5486165881156921
YGR099W,YJR118C,0,-6.3859773,0.1050257757306099,0.6442687511444092,0.5490118861198425
YKL148C,YOR009W,0,-6.3864827,0.10495814681053162,0.6442687511444092,0.5494071245193481
YOR044W,YMR113W,0,-6.3879952,0.1048906072974205,0.6442687511444092,0.5498023629188538
YGL232W,YOL135C,0,-6.3883214,0.10482314974069595,0.6442687511444092,0.5501976013183594
YHR036W,YMR235C,0,-6.388915,0.10475578159093857,0.6442687511444092,0.5505928993225098
YDL106C,YPL019C,0,-6.388928,0.10468850284814835,0.6442687511444092,0.5509881377220154
YGR289C,YNL318C,1,-6.389009,0.10526315867900848,0.6482213735580444,0.5509881377220154
YFL016C,YDR139C,0,-6.389643,0.10519564151763916,0.6482213735580444,0.551383376121521
YIL109C,YHR129C,0,-6.3896613,0.1051282063126564,0.6482213735580444,0.5517786741256714
YCR016W,YLR362W,0,-6.3900275,0.10506086051464081,0.6482213735580444,0.552173912525177
YIL016W,YER157W,0,-6.390267,0.10499359667301178,0.6482213735580444,0.5525691509246826
YFR025C,YFR047C,0,-6.3919234,0.10492642223834991,0.6482213735580444,0.552964448928833
YHR096C,YPL189W,1,-6.393026,0.10549872368574142,0.6521739363670349,0.552964448928833
YBL093C,YBR297W,0,-6.3933606,0.10543131083250046,0.6521739363670349,0.5533596873283386
YLR034C,YNR023W,0,-6.394168,0.10536398738622665,0.6521739363670349,0.5537549257278442
YLL005C,YDR495C,0,-6.394874,0.10529674589633942,0.6521739363670349,0.5541502237319946
YKR095W,YBR001C,0,-6.395152,0.10522959381341934,0.6521739363670349,0.5545454621315002
YPL169C,YJR001W,0,-6.395276,0.10516252368688583,0.6521739363670349,0.5549407005310059
YBR162W-A,YIL014W,0,-6.3957925,0.10509554296731949,0.6521739363670349,0.5553359389305115
YOR079C,YNL317W,0,-6.395915,0.10502864420413971,0.6521739363670349,0.5557312369346619
YLR081W,YDR345C,1,-6.3962665,0.10559796541929245,0.6561264991760254,0.5557312369346619
YGR262C,YLR327C,0,-6.396325,0.10553083568811417,0.6561264991760254,0.5561264753341675
YOR047C,YBR015C,0,-6.3971276,0.10546378791332245,0.6561264991760254,0.5565217137336731
YJL138C,YDR169C,0,-6.397182,0.1053968220949173,0.6561264991760254,0.5569170117378235
YKR060W,YLR352W,0,-6.3973145,0.10532994568347931,0.6561264991760254,0.5573122501373291
YOR122C,YBR288C,0,-6.3980327,0.10526315867900848,0.6561264991760254,0.5577074885368347
YDR538W,YPL090C,0,-6.398502,0.10519645363092422,0.6561264991760254,0.5581027865409851
YOR202W,YOR094W,0,-6.398662,0.10512983053922653,0.6561264991760254,0.5584980249404907
YAL010C,YKR009C,0,-6.3993235,0.1050632894039154,0.6561264991760254,0.5588932633399963
YOR171C,YLR115W,0,-6.39943,0.10499683767557144,0.6561264991760254,0.5592885613441467
YLL050C,YKL192C,0,-6.399432,0.10493046790361404,0.6561264991760254,0.5596837997436523
YDR446W,YNL289W,0,-6.40165,0.10486418008804321,0.6561264991760254,0.560079038143158
YMR011W,YBL020W,1,-6.4020667,0.10542929172515869,0.6600790619850159,0.560079038143158
YKL069W,YOR211C,0,-6.403564,0.10536277294158936,0.6600790619850159,0.5604743361473083
YDR135C,YAL028W,0,-6.4040265,0.10529634356498718,0.6600790619850159,0.560869574546814
YOR173W,YGL207W,0,-6.404306,0.10522999614477158,0.6600790619850159,0.5612648129463196
YMR094W,YBR005W,0,-6.4050155,0.10516373068094254,0.6600790619850159,0.5616600513458252
YPR186C,YMR055C,0,-6.405999,0.10509754717350006,0.6600790619850159,0.5620553493499756
YPL133C,YJL062W,0,-6.406313,0.10503144562244415,0.6600790619850159,0.5624505877494812
YNL318C,YBL020W,1,-6.4068294,0.1055939644575119,0.6640316247940063,0.5624505877494812
YGR004W,YDL018C,0,-6.4079347,0.10552763938903809,0.6640316247940063,0.5628458261489868
YDL132W,YPL009C,0,-6.4083495,0.10546139627695084,0.6640316247940063,0.5632411241531372
YOL065C,YKL176C,0,-6.4089746,0.10539523512125015,0.6640316247940063,0.5636363625526428
YNL142W,YBR049C,0,-6.4093103,0.10532915592193604,0.6640316247940063,0.5640316009521484
YDR052C,YBR039W,0,-6.4095006,0.10526315867900848,0.6640316247940063,0.5644268989562988
YDR007W,YKR105C,0,-6.410122,0.1051972433924675,0.6640316247940063,0.5648221373558044
YBR158W,YMR170C,0,-6.4107265,0.10513141751289368,0.6640316247940063,0.5652173757553101
YGR008C,YMR298W,0,-6.410855,0.10506566613912582,0.6640316247940063,0.5656126737594604
YPL076W,YNL173C,0,-6.411819,0.10499999672174454,0.6640316247940063,0.5660079121589661
YDL132W,YNL156C,0,-6.4120173,0.10493441671133041,0.6640316247940063,0.5664031505584717
YGR207C,YPL123C,0,-6.412151,0.10486891120672226,0.6640316247940063,0.5667984485626221
YBR244W,YGL173C,0,-6.4133725,0.10480349510908127,0.6640316247940063,0.5671936869621277
YPL266W,YOR247W,0,-6.4143424,0.10473815351724625,0.6640316247940063,0.5675889253616333
YPR188C,YBR171W,0,-6.4154096,0.10467289388179779,0.6640316247940063,0.5679841637611389
YLR385C,YFR032C-A,0,-6.415571,0.1046077236533165,0.6640316247940063,0.5683794617652893
YCL039W,YHR143W-A,0,-6.4169955,0.10454262793064117,0.6640316247940063,0.5687747001647949
YPL241C,YDR227W,0,-6.4169984,0.10447761416435242,0.6640316247940063,0.5691699385643005
YDR418W,YPL053C,0,-6.417374,0.10441268235445023,0.6640316247940063,0.5695652365684509
YOR046C,YML101C,0,-6.4178157,0.104347825050354,0.6640316247940063,0.5699604749679565
YDR510W,YEL024W,0,-6.4178696,0.10428305715322495,0.6640316247940063,0.5703557133674622
YBR060C,YHL001W,0,-6.41792,0.10421836376190186,0.6640316247940063,0.5707510113716125
YLR106C,YNL053W,0,-6.4180074,0.10415375232696533,0.6640316247940063,0.5711462497711182
YDL247W,YFR053C,1,-6.4180264,0.10470879822969437,0.6679841876029968,0.5711462497711182
YOR017W,YMR006C,0,-6.4182124,0.10464396327733994,0.6679841876029968,0.5715414881706238
YJR104C,YER044C-A,0,-6.418224,0.10457921028137207,0.6679841876029968,0.5719367861747742
YOL080C,YLR266C,0,-6.4183235,0.10451453179121017,0.6679841876029968,0.5723320245742798
YFR025C,YDR080W,0,-6.4183383,0.10444993525743484,0.6679841876029968,0.5727272629737854
YNR047W,YDR057W,0,-6.4189057,0.10438542068004608,0.6679841876029968,0.573122501373291
YIR021W,YJR139C,0,-6.4190755,0.10432098805904388,0.6679841876029968,0.5735177993774414
YNL039W,YIL096C,0,-6.4197497,0.10425662994384766,0.6679841876029968,0.573913037776947
YDL056W,YHR170W,0,-6.4206557,0.104192353785038,0.6679841876029968,0.5743082761764526
YDR361C,YIL064W,0,-6.421328,0.1041281595826149,0.6679841876029968,0.574703574180603
YML106W,YGR194C,0,-6.4220157,0.10406403988599777,0.6679841876029968,0.5750988125801086
YMR011W,YJR158W,1,-6.422066,0.10461538285017014,0.6719367504119873,0.5750988125801086
YOR075W,YLR075W,0,-6.422073,0.1045510470867157,0.6719367504119873,0.5754940509796143
YDR380W,YBR258C,0,-6.4221067,0.10448678582906723,0.6719367504119873,0.5758893489837646
YDR478W,YDL030W,0,-6.4221277,0.10442260652780533,0.6719367504119873,0.5762845873832703
YIL107C,YBR290W,0,-6.4224944,0.1043585017323494,0.6719367504119873,0.5766798257827759
YDR044W,YMR058W,0,-6.4228563,0.10429447889328003,0.6719367504119873,0.5770751237869263
YEL021W,YNL268W,0,-6.423552,0.10423053056001663,0.6719367504119873,0.5774703621864319
YPL226W,YMR171C,0,-6.4236255,0.1041666641831398,0.6719367504119873,0.5778656005859375
YPL115C,YDR202C,0,-6.4240537,0.10410287976264954,0.6719367504119873,0.5782608985900879
YIL136W,YMR026C,0,-6.4242525,0.10403916984796524,0.6719367504119873,0.5786561369895935
YOR030W,YDR128W,0,-6.4248977,0.10397553443908691,0.6719367504119873,0.5790513753890991
YLL013C,YGR123C,0,-6.425569,0.10391198098659515,0.6719367504119873,0.5794466137886047
YHR188C,YBL016W,0,-6.425819,0.10384850203990936,0.6719367504119873,0.5798419117927551
YLR466W,YLR058C,0,-6.427007,0.10378510504961014,0.6719367504119873,0.5802371501922607
YPR052C,YDR450W,0,-6.4270253,0.10372178256511688,0.6719367504119873,0.5806323885917664
YJR145C,YGR086C,0,-6.427033,0.1036585345864296,0.6719367504119873,0.5810276865959167
YDL247W,YCL040W,1,-6.42849,0.10420475155115128,0.6758893132209778,0.5810276865959167
YBL063W,YPR095C,0,-6.428872,0.10414128750562668,0.6758893132209778,0.5814229249954224
YPR173C,YDR421W,0,-6.4290614,0.10407790541648865,0.6758893132209778,0.581818163394928
YNR039C,YPL275W,0,-6.4303102,0.10401459783315659,0.6758893132209778,0.5822134613990784
YJR105W,YOR290C,0,-6.430774,0.1039513647556305,0.6758893132209778,0.582608699798584
YLR248W,YGR241C,0,-6.4309893,0.10388821363449097,0.6758893132209778,0.5830039381980896
YOR034C,YIR010W,0,-6.431025,0.10382513701915741,0.6758893132209778,0.58339923620224
YBR193C,YDL188C,0,-6.4319935,0.10376213490962982,0.6758893132209778,0.5837944746017456
YPL187W,YKL086W,0,-6.4328713,0.1036992147564888,0.6758893132209778,0.5841897130012512
YDR343C,YNL318C,1,-6.4336777,0.10424242168664932,0.6798418760299683,0.5841897130012512
YLR352W,YNL164C,0,-6.43451,0.10417928546667099,0.6798418760299683,0.5845849514007568
YCL039W,YOR267C,0,-6.4345546,0.10411622375249863,0.6798418760299683,0.5849802494049072
YLR204W,YBR201W,0,-6.4366956,0.10405323654413223,0.6798418760299683,0.5853754878044128
YDL080C,YPR017C,0,-6.436794,0.10399032384157181,0.6798418760299683,0.5857707262039185
YNL291C,YCR040W,0,-6.4373565,0.10392749309539795,0.6798418760299683,0.5861660242080688
YIL041W,YFL061W,0,-6.437758,0.10386473685503006,0.6798418760299683,0.5865612626075745
YIR021W,YLR328W,0,-6.438125,0.10380205512046814,0.6798418760299683,0.5869565010070801
YKL221W,YPL265W,0,-6.4382687,0.10373944789171219,0.6798418760299683,0.5873517990112305
YDR051C,YNR007C,0,-6.4385085,0.10367691516876221,0.6798418760299683,0.5877470374107361
YPL234C,YDR506C,0,-6.439035,0.1036144569516182,0.6798418760299683,0.5881422758102417
YDL004W,YAL021C,0,-6.439115,0.10355208069086075,0.6798418760299683,0.5885375738143921
YML098W,YAL009W,0,-6.4391584,0.10348977148532867,0.6798418760299683,0.5889328122138977
YKL004W,YOR044W,0,-6.4392576,0.10342754423618317,0.6798418760299683,0.5893280506134033
YGR082W,YDR107C,0,-6.439304,0.10336538404226303,0.6798418760299683,0.5897233486175537
YNL305C,YDL058W,0,-6.4398446,0.10330330580472946,0.6798418760299683,0.5901185870170593
YNL035C,YJL054W,0,-6.440202,0.10324129462242126,0.6798418760299683,0.5905138254165649
YNL118C,YOL056W,0,-6.440573,0.10317936539649963,0.6798418760299683,0.5909090638160706
YDR516C,YNL280C,0,-6.4415007,0.10311750322580338,0.6798418760299683,0.591304361820221
YCR020W-B,YCL061C,0,-6.441759,0.10305572301149368,0.6798418760299683,0.5916996002197266
YFL011W,YPL189W,1,-6.442098,0.10359281301498413,0.6837944388389587,0.5916996002197266
YOR103C,YNL199C,0,-6.442125,0.10353081673383713,0.6837944388389587,0.5920948386192322
YMR274C,YDL030W,0,-6.4422092,0.10346890240907669,0.6837944388389587,0.5924901366233826
YDL043C,YBR086C,0,-6.443114,0.10340705513954163,0.6837944388389587,0.5928853750228882
YNL181W,YGR046W,0,-6.443116,0.10334528237581253,0.6837944388389587,0.5932806134223938
YOL156W,YGL253W,1,-6.444143,0.10388059914112091,0.687747061252594,0.5932806134223938
YLR139C,YOL013C,0,-6.445056,0.1038186177611351,0.687747061252594,0.5936759114265442
YML100W,YNL137C,0,-6.445685,0.10375671088695526,0.687747061252594,0.5940711498260498
YGR038W,YBR283C,0,-6.4457383,0.10369487851858139,0.687747061252594,0.5944663882255554
YGL196W,YHR146W,0,-6.4461346,0.10363311320543289,0.687747061252594,0.5948616862297058
YIL096C,YNL173C,0,-6.4475694,0.10357142984867096,0.687747061252594,0.5952569246292114
YGL139W,YPL269W,0,-6.4478,0.1035098135471344,0.687747061252594,0.595652163028717
YDR113C,YGL011C,0,-6.448215,0.1034482792019844,0.687747061252594,0.5960474014282227
YDL138W,YJR068W,0,-6.448443,0.10338681191205978,0.687747061252594,0.596442699432373
YBR043C,YFL047W,0,-6.4488387,0.10332541912794113,0.687747061252594,0.5968379378318787
YFL011W,YOL156W,1,-6.449205,0.10385756939649582,0.6916996240615845,0.5968379378318787
YPL038W,YGL246C,0,-6.450383,0.10379596799612045,0.6916996240615845,0.5972331762313843
YPR019W,YDL188C,0,-6.4520884,0.10373444110155106,0.6916996240615845,0.5976284742355347
YLR004C,YPR097W,0,-6.4521656,0.10367298871278763,0.6916996240615845,0.5980237126350403
YNL142W,YML065W,0,-6.4523783,0.10361160337924957,0.6916996240615845,0.5984189510345459
YHR031C,YNL003C,0,-6.454819,0.10355029255151749,0.6916996240615845,0.5988142490386963
YFL039C,YCR073C,0,-6.455144,0.10348905622959137,0.6916996240615845,0.5992094874382019
YOR241W,YOL123W,0,-6.4554977,0.10342789441347122,0.6916996240615845,0.5996047258377075
YHL006C,YPR097W,0,-6.455771,0.10336680710315704,0.6916996240615845,0.6000000238418579
YOL109W,YDR155C,0,-6.455982,0.10330578684806824,0.6916996240615845,0.6003952622413635
YGR048W,YGL234W,0,-6.4560623,0.1032448410987854,0.6916996240615845,0.6007905006408691
YDL081C,YGL255W,0,-6.45615,0.10318396240472794,0.6916996240615845,0.6011857986450195
YJL208C,YPL236C,0,-6.456842,0.10312315821647644,0.6916996240615845,0.6015810370445251
YBR105C,YHR073W,0,-6.4571996,0.10306242853403091,0.6916996240615845,0.6019762754440308
YBR236C,YNL293W,0,-6.457233,0.10300176590681076,0.6916996240615845,0.6023715138435364
YIR021W,YOL051W,0,-6.4578176,0.10294117778539658,0.6916996240615845,0.6027668118476868
YLR288C,YNL025C,0,-6.4602175,0.10288065671920776,0.6916996240615845,0.6031620502471924
YAR018C,YNR022C,0,-6.460419,0.10282021015882492,0.6916996240615845,0.603557288646698
YJR041C,YLR449W,0,-6.460965,0.10275983810424805,0.6916996240615845,0.6039525866508484
YER075C,YKL002W,0,-6.461065,0.10269953310489655,0.6916996240615845,0.604347825050354
YOL100W,YGR274C,0,-6.4618974,0.10263929516077042,0.6916996240615845,0.6047430634498596
YMR215W,YDR439W,0,-6.462512,0.10257913172245026,0.6916996240615845,0.60513836145401
YJL044C,YAR008W,0,-6.4632325,0.10251904278993607,0.6916996240615845,0.6055335998535156
YKL137W,YHR063C,0,-6.4636903,0.10245901346206665,0.6916996240615845,0.6059288382530212
YBR030W,YLR048W,0,-6.4641213,0.1023990660905838,0.6916996240615845,0.6063241362571716
YPL270W,YPL183C,0,-6.464437,0.10233917832374573,0.6916996240615845,0.6067193746566772
YMR055C,YOL011W,0,-6.464785,0.10227937251329422,0.6916996240615845,0.6071146130561829
YML116W,YKL193C,0,-6.4654374,0.10221962630748749,0.6916996240615845,0.6075099110603333
YNL292W,YKL092C,0,-6.4656353,0.10215995460748672,0.6916996240615845,0.6079051494598389
YJR160C,YMR011W,1,-6.465785,0.10268378257751465,0.695652186870575,0.6079051494598389
YEL024W,YHR020W,0,-6.46629,0.10262390971183777,0.695652186870575,0.6083003878593445
YHR103W,YIR036C,0,-6.4667015,0.10256410390138626,0.695652186870575,0.6086956262588501
YPL140C,YGL181W,0,-6.4670377,0.10250436514616013,0.695652186870575,0.6090909242630005
YML113W,YDL207W,0,-6.467966,0.10244470089673996,0.695652186870575,0.6094861626625061
YJL083W,YDR490C,0,-6.468021,0.10238511115312576,0.695652186870575,0.6098814010620117
YLR207W,YDL137W,0,-6.468558,0.10232558101415634,0.695652186870575,0.6102766990661621
YGL067W,YAL019W,0,-6.469818,0.10226612538099289,0.695652186870575,0.6106719374656677
YGR200C,YNL071W,0,-6.469979,0.10220673680305481,0.695652186870575,0.6110671758651733
YCL055W,YDR194C,0,-6.471505,0.1021474152803421,0.695652186870575,0.6114624738693237
YOR381W,YNL207W,0,-6.4716153,0.10208816826343536,0.695652186870575,0.6118577122688293
YHL031C,YIL105C,0,-6.471747,0.102028988301754,0.695652186870575,0.612252950668335
YPL106C,YPL079W,0,-6.471777,0.101969875395298,0.695652186870575,0.6126482486724854
YBR181C,YOL018C,0,-6.4720984,0.10191082954406738,0.695652186870575,0.613043487071991
YDR145W,YML063W,0,-6.473582,0.10185185074806213,0.695652186870575,0.6134387254714966
YLR119W,YDL232W,0,-6.4736924,0.10179294645786285,0.695652186870575,0.6138339638710022
YKL011C,YDL209C,0,-6.4738092,0.10173410177230835,0.695652186870575,0.6142292618751526
YBR153W,YDL093W,0,-6.4739575,0.10167533159255981,0.695652186870575,0.6146245002746582
YAL048C,YHL009C,0,-6.474091,0.10161662846803665,0.695652186870575,0.6150197386741638
YJL048C,YER157W,0,-6.4746013,0.10155799239873886,0.695652186870575,0.6154150366783142
YMR263W,YLL039C,0,-6.4750686,0.10149942338466644,0.695652186870575,0.6158102750778198
YGL006W,YPL190C,0,-6.47545,0.1014409214258194,0.695652186870575,0.6162055134773254
YER096W,YOL116W,0,-6.4757285,0.10138248652219772,0.695652186870575,0.6166008114814758
YDR265W,YIL137C,0,-6.47588,0.10132411867380142,0.695652186870575,0.6169960498809814
YDL201W,YPR098C,0,-6.4760337,0.10126582533121109,0.695652186870575,0.6173912882804871
YAL032C,YGL106W,0,-6.47683,0.10120759159326553,0.695652186870575,0.6177865862846375
YMR312W,YOR044W,0,-6.4769006,0.10114942491054535,0.695652186870575,0.6181818246841431
YGR157W,YBR110W,0,-6.477041,0.10109132528305054,0.695652186870575,0.6185770630836487
YBR070C,YFL039C,0,-6.478333,0.1010332927107811,0.695652186870575,0.6189723610877991
YNL124W,YDR408C,0,-6.478985,0.10097532719373703,0.695652186870575,0.6193675994873047
YDL247W,YDR342C,1,-6.479531,0.10149082541465759,0.6996047496795654,0.6193675994873047
YIL030C,YBR107C,0,-6.4799676,0.101432666182518,0.6996047496795654,0.6197628378868103
YNL289W,YIL150C,0,-6.480451,0.10137457400560379,0.6996047496795654,0.6201580762863159
YOR244W,YGL187C,0,-6.4807425,0.10131654143333435,0.6996047496795654,0.6205533742904663
YDL143W,YHR070W,0,-6.4809766,0.10125858336687088,0.6996047496795654,0.6209486126899719
YPL189W,YDR345C,1,-6.48108,0.10177244246006012,0.7035573124885559,0.6209486126899719
YLR393W,YKL155C,0,-6.4817224,0.10171428322792053,0.7035573124885559,0.6213438510894775
YNR016C,YBR166C,0,-6.4820976,0.10165619850158691,0.7035573124885559,0.6217391490936279
YJR089W,YDR103W,0,-6.482766,0.10159817337989807,0.7035573124885559,0.6221343874931335
YDR536W,YLR081W,1,-6.4837537,0.10211066901683807,0.7075098752975464,0.6221343874931335
YBR079C,YDR324C,0,-6.4851303,0.10205245018005371,0.7075098752975464,0.6225296258926392
YER038C,YJL048C,0,-6.485859,0.10199429839849472,0.7075098752975464,0.6229249238967896
YIL022W,YER161C,0,-6.486157,0.1019362211227417,0.7075098752975464,0.6233201622962952
YGR170W,YDR104C,0,-6.4864373,0.10187820345163345,0.7075098752975464,0.6237154006958008
YKL040C,YPL091W,0,-6.486858,0.10182025283575058,0.7075098752975464,0.6241106986999512
YKR087C,YDR484W,0,-6.4874606,0.10176236182451248,0.7075098752975464,0.6245059370994568
YJL010C,YPL009C,0,-6.487608,0.10170454531908035,0.7075098752975464,0.6249011754989624
YDL247W,YNL318C,1,-6.4897327,0.10221464931964874,0.7114624381065369,0.6249011754989624
YLR421C,YMR088C,0,-6.489945,0.1021566390991211,0.7114624381065369,0.625296413898468
YFR044C,YDR318W,0,-6.490964,0.10209869593381882,0.7114624381065369,0.6256917119026184
YDL130W,YGL255W,0,-6.4914145,0.10204081982374191,0.7114624381065369,0.626086950302124
YLR061W,YGR121C,0,-6.49149,0.10198300331830978,0.7114624381065369,0.6264821887016296
YFL062W,YLL052C,0,-6.492373,0.10192525386810303,0.7114624381065369,0.62687748670578
YNR008W,YGL173C,0,-6.494374,0.10186757147312164,0.7114624381065369,0.6272727251052856
YKR013W,YDL112W,0,-6.494408,0.10180995613336563,0.7114624381065369,0.6276679635047913
YJL196C,YLR263W,0,-6.4944377,0.1017524003982544,0.7114624381065369,0.6280632615089417
YDR127W,YFL034C-B,0,-6.494526,0.10169491171836853,0.7114624381065369,0.6284584999084473
YPL021W,YER029C,0,-6.4971766,0.10163749009370804,0.7114624381065369,0.6288537383079529
YPR106W,YHR044C,0,-6.498079,0.10158013552427292,0.7114624381065369,0.6292490363121033
YIR013C,YOR271C,0,-6.4985175,0.10152284055948257,0.7114624381065369,0.6296442747116089
YIL160C,YCL050C,0,-6.498524,0.1014656126499176,0.7114624381065369,0.6300395131111145
YMR154C,YEL038W,0,-6.498776,0.101408451795578,0.7114624381065369,0.6304348111152649
YDL247W,YGL084C,1,-6.499001,0.1019144132733345,0.7154150009155273,0.6304348111152649
YLR035C,YMR302C,0,-6.499909,0.10185706615447998,0.7154150009155273,0.6308300495147705
YCL055W,YJR135C,0,-6.4999576,0.10179977864027023,0.7154150009155273,0.6312252879142761
YNL306W,YNL278W,0,-6.5012717,0.10174255073070526,0.7154150009155273,0.6316205263137817
YGL100W,YLR039C,0,-6.5025496,0.10168538987636566,0.7154150009155273,0.6320158243179321
YDR331W,YGR266W,0,-6.5031314,0.10162829607725143,0.7154150009155273,0.6324110627174377
YPR201W,YGL145W,0,-6.503287,0.10157126933336258,0.7154150009155273,0.6328063011169434
YKL096W,YLR319C,0,-6.504034,0.1015143021941185,0.7154150009155273,0.6332015991210938
YMR058W,YDR088C,0,-6.5046372,0.10145740211009979,0.7154150009155273,0.6335968375205994
YKL155C,YDL080C,0,-6.5059648,0.10140056163072586,0.7154150009155273,0.633992075920105
YCR094W,YPL192C,0,-6.5065045,0.1013437882065773,0.7154150009155273,0.6343873739242554
YAL055W,YLL018C,0,-6.5075655,0.10128707438707352,0.7154150009155273,0.634782612323761
YER075C,YML047C,0,-6.50809,0.1012304276227951,0.7154150009155273,0.6351778507232666
YBL004W,YDL139C,0,-6.508181,0.10117384046316147,0.7154150009155273,0.635573148727417
YML125C,YGL021W,0,-6.508965,0.1011173203587532,0.7154150009155273,0.6359683871269226
YLL023C,YFR028C,0,-6.5092745,0.10106085985898972,0.7154150009155273,0.6363636255264282
YNL151C,YKL114C,0,-6.509902,0.1010044664144516,0.7154150009155273,0.6367588639259338
YLL010C,YPR134W,0,-6.509902,0.10094813257455826,0.7154150009155273,0.6371541619300842
YGR183C,YKR061W,0,-6.5106773,0.10089185833930969,0.7154150009155273,0.6375494003295898
YHR013C,YLR319C,0,-6.510988,0.1008356511592865,0.7154150009155273,0.6379446387290955
YOL065C,YML059C,0,-6.511365,0.10077951103448868,0.7154150009155273,0.6383399367332458
YGR209C,YDR176W,0,-6.512303,0.10072343051433563,0.7154150009155273,0.6387351751327515
YLR044C,YIL072W,0,-6.512976,0.10066740959882736,0.7154150009155273,0.6391304135322571
YPL045W,YGL234W,0,-6.5138087,0.10061144828796387,0.7154150009155273,0.6395257115364075
YLR096W,YGR162W,0,-6.5146637,0.10055555403232574,0.7154150009155273,0.6399209499359131
YML060W,YIL053W,0,-6.516058,0.1004997193813324,0.7154150009155273,0.6403161883354187
YBR103W,YHL016C,0,-6.516895,0.10044395178556442,0.7154150009155273,0.6407114863395691
YCL066W,YFL016C,0,-6.5172367,0.10038824379444122,0.7154150009155273,0.6411067247390747
YFR049W,YNR030W,0,-6.517452,0.1003325954079628,0.7154150009155273,0.6415019631385803
YNL031C,YDR422C,0,-6.5177736,0.10027700662612915,0.7154150009155273,0.6418972611427307
YGL253W,YDR345C,1,-6.5180063,0.10077519714832306,0.7193675637245178,0.6418972611427307
YHL002W,YJL145W,0,-6.519688,0.10071942210197449,0.7193675637245178,0.6422924995422363
YJR084W,YBR084W,0,-6.5197315,0.10066371411085129,0.7193675637245178,0.6426877379417419
YLR439W,YLR275W,0,-6.520416,0.10060807317495346,0.7193675637245178,0.6430829763412476
YHR104W,YER031C,0,-6.520513,0.10055248439311981,0.7193675637245178,0.643478274345398
YLR234W,YHL006C,0,-6.5220246,0.10049696266651154,0.7193675637245178,0.6438735127449036
YGL059W,YLR341W,0,-6.5223026,0.10044150054454803,0.7193675637245178,0.6442687511444092
YNR050C,YPL194W,0,-6.5229383,0.10038609802722931,0.7193675637245178,0.6446640491485596
YDL247W,YBL020W,1,-6.522955,0.10088203102350235,0.7233201861381531,0.6446640491485596
YCR072C,YJR152W,0,-6.523048,0.1008264496922493,0.7233201861381531,0.6450592875480652
YCR065W,YJL168C,0,-6.5234885,0.10077092796564102,0.7233201861381531,0.6454545259475708
YOR358W,YMR263W,0,-6.5240703,0.10071546584367752,0.7233201861381531,0.6458498239517212
YOR075W,YPL004C,0,-6.524202,0.1006600633263588,0.7233201861381531,0.6462450623512268
YMR288W,YAL011W,0,-6.524294,0.10060472786426544,0.7233201861381531,0.6466403007507324
YPR124W,YJL063C,0,-6.525168,0.10054945200681686,0.7233201861381531,0.6470355987548828
YOR076C,YPL028W,0,-6.52539,0.10049423575401306,0.7233201861381531,0.6474308371543884
YOR347C,YGR186W,0,-6.5258408,0.10043907910585403,0.7233201861381531,0.647826075553894
YDR436W,YLR188W,0,-6.5272975,0.10038398206233978,0.7233201861381531,0.6482213735580444
YKL155C,YIL156W,0,-6.527661,0.1003289446234703,0.7233201861381531,0.64861661195755
YMR277W,YDR534C,0,-6.528197,0.1002739742398262,0.7233201861381531,0.6490118503570557
YOR069W,YKL046C,0,-6.5314302,0.10021905601024628,0.7233201861381531,0.6494070887565613
YCR048W,YDR261C,0,-6.53151,0.10016420483589172,0.7233201861381531,0.6498023867607117
YLR085C,YFR007W,0,-6.5315704,0.10010940581560135,0.7233201861381531,0.6501976251602173
YML095C,YOR293W,0,-6.5321646,0.10005467385053635,0.7233201861381531,0.6505928635597229
YGR048W,YOR060C,0,-6.53261,0.10000000149011612,0.7233201861381531,0.6509881615638733
YAL043C,YBR159W,0,-6.533277,0.09994538873434067,0.7233201861381531,0.6513833999633789
YDR393W,YGR068C,0,-6.534058,0.0998908281326294,0.7233201861381531,0.6517786383628845
YBR198C,YBL027W,0,-6.534518,0.0998363345861435,0.7233201861381531,0.6521739363670349
YFL011W,YGL084C,1,-6.5352993,0.10032715648412704,0.7272727489471436,0.6521739363670349
YPR070W,YDL189W,0,-6.535353,0.10027247667312622,0.7272727489471436,0.6525691747665405
YGL093W,YML005W,0,-6.5355043,0.10021786391735077,0.7272727489471436,0.6529644131660461
YHR084W,YGR030C,0,-6.5355597,0.10016331076622009,0.7272727489471436,0.6533597111701965
YFR041C,YPR041W,0,-6.5355706,0.10010881721973419,0.7272727489471436,0.6537549495697021
YLR323C,YJR084W,0,-6.5355787,0.10005437582731247,0.7272727489471436,0.6541501879692078
YOR065W,YAL056W,0,-6.535721,0.10000000149011612,0.7272727489471436,0.6545454263687134
YLR085C,YOR375C,0,-6.5367646,0.09994567930698395,0.7272727489471436,0.6549407243728638
YOR109W,YDL006W,0,-6.537748,0.09989142417907715,0.7272727489471436,0.6553359627723694
YKR081C,YFR040W,0,-6.537867,0.09983722120523453,0.7272727489471436,0.655731201171875
YGL084C,YJR158W,1,-6.5401063,0.10032538324594498,0.731225311756134,0.655731201171875
YFL011W,YHR094C,1,-6.5404696,0.10081300884485245,0.7351778745651245,0.655731201171875
YJR010C-A,YCR008W,0,-6.54067,0.100758396089077,0.7351778745651245,0.6561264991760254
YDR246W,YJL204C,0,-6.5407953,0.10070384293794632,0.7351778745651245,0.656521737575531
YLR194C,YCL063W,0,-6.5410695,0.10064934939146042,0.7351778745651245,0.6569169759750366
YGL097W,YBL097W,0,-6.541941,0.1005949154496193,0.7351778745651245,0.657312273979187
YJL010C,YIL038C,0,-6.5424604,0.10054054111242294,0.7351778745651245,0.6577075123786926
YOL156W,YJL219W,1,-6.542511,0.10102647542953491,0.739130437374115,0.6577075123786926
YBR207W,YGR086C,0,-6.5426087,0.10097192227840424,0.739130437374115,0.6581027507781982
YJL157C,YBL067C,0,-6.5426297,0.10091742873191833,0.739130437374115,0.6584980487823486
YHR172W,YNL087W,0,-6.543747,0.1008630022406578,0.739130437374115,0.6588932871818542
YIR019C,YLR441C,0,-6.543777,0.10080862790346146,0.739130437374115,0.6592885255813599
YJL197W,YBR023C,0,-6.5457306,0.10075431317090988,0.739130437374115,0.6596838235855103
YIL049W,YGL130W,0,-6.5459576,0.10070005059242249,0.739130437374115,0.6600790619850159
YDR077W,YKR007W,0,-6.5461383,0.10064585506916046,0.739130437374115,0.6604743003845215
YCR027C,YGL038C,0,-6.5467114,0.10059171915054321,0.739130437374115,0.6608695387840271
YER004W,YGR135W,0,-6.5467257,0.10053763538599014,0.739130437374115,0.6612648367881775
YPL076W,YER106W,0,-6.5473623,0.10048361122608185,0.739130437374115,0.6616600751876831
YGL156W,YGR274C,0,-6.5485053,0.10042964667081833,0.739130437374115,0.6620553135871887
YDR381W,YCR083W,0,-6.549392,0.10037574172019958,0.739130437374115,0.6624506115913391
YFL039C,YDR427W,0,-6.550396,0.10032188892364502,0.739130437374115,0.6628458499908447
YBR175W,YDL044C,0,-6.550548,0.10026809573173523,0.739130437374115,0.6632410883903503
YLR262C,YMR281W,0,-6.550693,0.10021436214447021,0.739130437374115,0.6636363863945007
YDR343C,YHR092C,1,-6.5511794,0.10069630295038223,0.7430830001831055,0.6636363863945007
YDL247W,YDR536W,1,-6.5516343,0.10117772966623306,0.747035562992096,0.6636363863945007
YJL099W,YOR045W,0,-6.551965,0.10112359374761581,0.747035562992096,0.6640316247940063
YDL212W,YHR070W,0,-6.5525613,0.10106951743364334,0.747035562992096,0.664426863193512
YFR044C,YBR279W,0,-6.552725,0.10101550072431564,0.747035562992096,0.6648221611976624
YOL103W,YML047C,0,-6.5537615,0.10096153616905212,0.747035562992096,0.665217399597168
YNL301C,YGR186W,0,-6.5542436,0.10090763121843338,0.747035562992096,0.6656126379966736
YOR334W,YML130C,0,-6.5560136,0.10085378587245941,0.747035562992096,0.6660078763961792
YGR037C,YPR112C,0,-6.55653,0.10080000013113022,0.747035562992096,0.6664031744003296
YHR134W,YDR238C,0,-6.556688,0.1007462665438652,0.747035562992096,0.6667984127998352
YLR378C,YDR139C,0,-6.5567813,0.10069259256124496,0.747035562992096,0.6671936511993408
YCL064C,YPL072W,0,-6.557502,0.1006389781832695,0.747035562992096,0.6675889492034912
YOL126C,YDR206W,0,-6.558498,0.10058541595935822,0.747035562992096,0.6679841876029968
YOR373W,YOR380W,0,-6.5594354,0.1005319133400917,0.747035562992096,0.6683794260025024
YMR154C,YNL132W,0,-6.559631,0.10047847032546997,0.747035562992096,0.6687747240066528
YGL139W,YDR469W,0,-6.5600963,0.10042507946491241,0.747035562992096,0.6691699624061584
YBR233W-A,YIL118W,0,-6.5608354,0.10037174820899963,0.747035562992096,0.6695652008056641
YHR031C,YER120W,0,-6.5609975,0.10031846910715103,0.747035562992096,0.6699604988098145
YDR099W,YPL202C,0,-6.5620017,0.1002652496099472,0.747035562992096,0.6703557372093201
YBL060W,YIR008C,0,-6.5625257,0.10021208971738815,0.747035562992096,0.6707509756088257
YBR265W,YDL003W,0,-6.562735,0.10015898197889328,0.747035562992096,0.6711462736129761
YCR097W,YDL120W,0,-6.5634565,0.10010593384504318,0.747035562992096,0.6715415120124817
YMR133W,YER157W,0,-6.5648336,0.10005293786525726,0.747035562992096,0.6719367504119873
YGR170W,YDL155W,0,-6.565875,0.10000000149011612,0.747035562992096,0.6723319888114929
YLR221C,YHR129C,0,-6.565909,0.09994711726903915,0.747035562992096,0.6727272868156433
YML046W,YHL040C,0,-6.565917,0.09989429265260696,0.747035562992096,0.6731225252151489
YPL132W,YHR039C,0,-6.5670238,0.09984152019023895,0.747035562992096,0.6735177636146545
YNL116W,YBR041W,0,-6.567591,0.09978880733251572,0.747035562992096,0.6739130616188049
YOR043W,YPL281C,0,-6.567649,0.09973614662885666,0.747035562992096,0.6743083000183105
YDR334W,YAR009C,0,-6.5677705,0.09968354552984238,0.747035562992096,0.6747035384178162
YDR190C,YMR281W,0,-6.568339,0.09963099658489227,0.747035562992096,0.6750988364219666
YDR342C,YFR053C,1,-6.568889,0.10010537505149841,0.7509881258010864,0.6750988364219666
YHR110W,YNL076W,0,-6.568918,0.10005266219377518,0.7509881258010864,0.6754940748214722
YPL212C,YML087C,0,-6.569143,0.10000000149011612,0.7509881258010864,0.6758893132209778
YOL033W,YML048W,0,-6.569356,0.09994739294052124,0.7509881258010864,0.6762846112251282
YOR358W,YPL212C,0,-6.5695386,0.09989484399557114,0.7509881258010864,0.6766798496246338
YNR048W,YLR384C,0,-6.569817,0.09984235465526581,0.7509881258010864,0.6770750880241394
YNL021W,YMR165C,0,-6.5698314,0.09978991746902466,0.7509881258010864,0.677470326423645
YBR060C,YHR102W,0,-6.5700088,0.09973753243684769,0.7509881258010864,0.6778656244277954
YDL239C,YMR274C,0,-6.5701365,0.09968520700931549,0.7509881258010864,0.678260862827301
YBL102W,YLR215C,0,-6.57111,0.09963293373584747,0.7509881258010864,0.6786561012268066
YLR234W,YCL061C,0,-6.5718684,0.09958071261644363,0.7509881258010864,0.679051399230957
YER148W,YBR217W,0,-6.572302,0.09952855110168457,0.7509881258010864,0.6794466376304626
YOR273C,YDR201W,0,-6.574863,0.09947644174098969,0.7509881258010864,0.6798418760299683
YDR331W,YHR037W,0,-6.5750895,0.09942438453435898,0.7509881258010864,0.6802371740341187
YGR009C,YDR043C,0,-6.5753217,0.09937238693237305,0.7509881258010864,0.6806324124336243
YJR090C,YDL049C,0,-6.5774517,0.0993204414844513,0.7509881258010864,0.6810276508331299
YDL174C,YLR423C,0,-6.5775084,0.09926854819059372,0.7509881258010864,0.6814229488372803
YBL020W,YJL219W,1,-6.578773,0.09973890334367752,0.7549406886100769,0.6814229488372803
YOL156W,YNL318C,1,-6.5806193,0.10020876675844193,0.7588932514190674,0.6814229488372803
YJR084W,YKR001C,0,-6.582399,0.10015649348497391,0.7588932514190674,0.6818181872367859
YPL103C,YNL164C,0,-6.582788,0.10010427236557007,0.7588932514190674,0.6822134256362915
YJL121C,YLR089C,0,-6.5829687,0.100052110850811,0.7588932514190674,0.6826087236404419
YOL147C,YKL051W,0,-6.583696,0.10000000149011612,0.7588932514190674,0.6830039620399475
YJR102C,YDL210W,0,-6.5841804,0.09994794428348541,0.7588932514190674,0.6833992004394531
YDR177W,YGR278W,0,-6.584269,0.09989593923091888,0.7588932514190674,0.6837944388389587
YKL150W,YJL091C,0,-6.5843005,0.09984399378299713,0.7588932514190674,0.6841897368431091
YOR255W,YLR242C,0,-6.584368,0.09979210048913956,0.7588932514190674,0.6845849752426147
YAL025C,YLR399C,0,-6.585606,0.09974025934934616,0.7588932514190674,0.6849802136421204
YKL021C,YOR389W,0,-6.5857906,0.09968847036361694,0.7588932514190674,0.6853755116462708
YLR411W,YNR043W,0,-6.586093,0.0996367409825325,0.7588932514190674,0.6857707500457764
YML064C,YHR206W,0,-6.5862246,0.09958506375551224,0.7588932514190674,0.686165988445282
YER099C,YHR037W,0,-6.586661,0.09953343868255615,0.7588932514190674,0.6865612864494324
YHR092C,YJR158W,1,-6.5869837,0.10000000149011612,0.7628458738327026,0.6865612864494324
YKL184W,YBL046W,0,-6.587487,0.0999482125043869,0.7628458738327026,0.686956524848938
YCL040W,YPL189W,1,-6.588539,0.10041407495737076,0.7667984366416931,0.686956524848938
YLR223C,YOL091W,0,-6.5886903,0.100362129509449,0.7667984366416931,0.6873517632484436
YJR139C,YBR102C,0,-6.5886984,0.10031023621559143,0.7667984366416931,0.687747061252594
YOR075W,YLR265C,0,-6.5888386,0.10025839507579803,0.7667984366416931,0.6881422996520996
YNL328C,YIL137C,0,-6.5889397,0.10020661354064941,0.7667984366416931,0.6885375380516052
YNL318C,YGL084C,1,-6.5893135,0.10067114233970642,0.7707509994506836,0.6885375380516052
YBL088C,YJL156C,0,-6.5896316,0.10061919689178467,0.7707509994506836,0.6889328360557556
YPL037C,YLR242C,0,-6.5896416,0.1005673035979271,0.7707509994506836,0.6893280744552612
YNL136W,YBR110W,0,-6.590772,0.1005154624581337,0.7707509994506836,0.6897233128547668
YKL156W,YLR186W,0,-6.593987,0.10046368092298508,0.7707509994506836,0.6901185512542725
YHL011C,YHR001W-A,0,-6.5942984,0.10041194409132004,0.7707509994506836,0.6905138492584229
YOL103W,YPR007C,0,-6.5945945,0.10036026686429977,0.7707509994506836,0.6909090876579285
YOL110W,YDR139C,0,-6.594602,0.10030864179134369,0.7707509994506836,0.6913043260574341
YKL107W,YPL043W,0,-6.595073,0.10025706887245178,0.7707509994506836,0.6916996240615845
YCR097W,YHR181W,0,-6.5954785,0.10020554810762405,0.7707509994506836,0.6920948624610901
YNL156C,YOR262W,0,-6.5964293,0.1001540794968605,0.7707509994506836,0.6924901008605957
YCR105W,YMR285C,0,-6.596595,0.10010267049074173,0.7707509994506836,0.6928853988647461
YOR032C,YDR176W,0,-6.596688,0.10005130618810654,0.7707509994506836,0.6932806372642517
YKL043W,YKR034W,0,-6.597135,0.10000000149011612,0.7707509994506836,0.6936758756637573
YKL018W,YMR060C,0,-6.597847,0.09994874149560928,0.7707509994506836,0.6940711736679077
YMR190C,YER038C,0,-6.5981193,0.09989754110574722,0.7707509994506836,0.6944664120674133
YJL133W,YLR360W,0,-6.598275,0.09984639286994934,0.7707509994506836,0.694861650466919
YOR192C,YDR120C,0,-6.59895,0.09979528933763504,0.7707509994506836,0.6952568888664246
YPL207W,YER178W,0,-6.599624,0.09974424540996552,0.7707509994506836,0.695652186870575
YGL084C,YMR011W,1,-6.599643,0.10020449757575989,0.7747035622596741,0.695652186870575
YOL156W,YGL084C,1,-6.599856,0.10066428035497665,0.7786561250686646,0.695652186870575
YGL055W,YBL074C,0,-6.599922,0.10061287134885788,0.7786561250686646,0.6960474252700806
YER096W,YKR024C,0,-6.6001563,0.10056151449680328,0.7786561250686646,0.6964426636695862
YOL156W,YBL020W,1,-6.6006174,0.10102041065692902,0.782608687877655,0.6964426636695862
YNR023W,YMR224C,0,-6.6010814,0.10096888989210129,0.782608687877655,0.6968379616737366
YOR080W,YER015W,0,-6.601601,0.10091742873191833,0.782608687877655,0.6972332000732422
YOR381W,YDR231C,0,-6.601893,0.10086601972579956,0.782608687877655,0.6976284384727478
YDR350C,YER178W,0,-6.601914,0.10081466287374496,0.782608687877655,0.6980237364768982
YBL054W,YDR485C,0,-6.6026144,0.10076335817575455,0.782608687877655,0.6984189748764038
YNL189W,YJR091C,0,-6.604652,0.10071210563182831,0.782608687877655,0.6988142132759094
YJL045W,YDR479C,0,-6.6053004,0.10066090524196625,0.782608687877655,0.6992095112800598
YMR177W,YER093C,0,-6.605329,0.10060975700616837,0.782608687877655,0.6996047496795654
YPL008W,YDR101C,0,-6.605753,0.10055866092443466,0.782608687877655,0.699999988079071
YMR011W,YDR536W,1,-6.605763,0.10101522505283356,0.7865612506866455,0.699999988079071
YJL076W,YDR528W,0,-6.605824,0.10096397995948792,0.7865612506866455,0.7003952860832214
YOL094C,YOR117W,0,-6.6058755,0.10091277956962585,0.7865612506866455,0.700790524482727
YHR094C,YDR342C,1,-6.606033,0.10136847198009491,0.790513813495636,0.700790524482727
YPL005W,YBR216C,0,-6.606069,0.10131712257862091,0.790513813495636,0.7011857628822327
YGL194C,YPL146C,0,-6.606555,0.10126582533121109,0.790513813495636,0.7015810012817383
YPL089C,YER155C,0,-6.6078744,0.10121457278728485,0.790513813495636,0.7019762992858887
YLR132C,YPL075W,0,-6.6085563,0.10116337984800339,0.790513813495636,0.7023715376853943
YJR160C,YGL253W,1,-6.60892,0.10161779820919037,0.7944663763046265,0.7023715376853943
YIL105C,YGR274C,0,-6.609254,0.10156644880771637,0.7944663763046265,0.7027667760848999
YLR007W,YJR096W,0,-6.609911,0.10151515156030655,0.7944663763046265,0.7031620740890503
YDL200C,YBL042C,0,-6.610493,0.10146390646696091,0.7944663763046265,0.7035573124885559
YBR205W,YHR006W,0,-6.611173,0.10141271352767944,0.7944663763046265,0.7039525508880615
YIL014W,YKL091C,0,-6.611442,0.10136157274246216,0.7944663763046265,0.7043478488922119
YLR097C,YIL073C,0,-6.611488,0.10131048411130905,0.7944663763046265,0.7047430872917175
YNL312W,YKL100C,0,-6.6121354,0.10125944763422012,0.7944663763046265,0.7051383256912231
YKR085C,YFL031W,0,-6.6122384,0.10120845586061478,0.7944663763046265,0.7055336236953735
YBR110W,YBR290W,0,-6.6143913,0.1011575236916542,0.7944663763046265,0.7059288620948792
YCR039C,YJL054W,0,-6.6150117,0.10110663622617722,0.7944663763046265,0.7063241004943848
YPR070W,YDR128W,0,-6.6152716,0.101055808365345,0.7944663763046265,0.7067193388938904
YJR158W,YDR345C,1,-6.615689,0.10150753706693649,0.7984189987182617,0.7067193388938904
YFL025C,YLL021W,0,-6.615948,0.10145655274391174,0.7984189987182617,0.7071146368980408
YMR047C,YIL118W,0,-6.61634,0.10140562057495117,0.7984189987182617,0.7075098752975464
YAL021C,YPR041W,0,-6.616359,0.10135474056005478,0.7984189987182617,0.707905113697052
YLR361C,YOR113W,0,-6.617376,0.10130391269922256,0.7984189987182617,0.7083004117012024
YHR091C,YOR129C,0,-6.617906,0.10125312954187393,0.7984189987182617,0.708695650100708
YCR066W,YPL012W,0,-6.618054,0.10120240598917007,0.7984189987182617,0.7090908885002136
YOR328W,YAL008W,0,-6.6186395,0.1011517271399498,0.7984189987182617,0.709486186504364
YML048W,YCR098C,0,-6.6199565,0.1011011004447937,0.7984189987182617,0.7098814249038696
YNR011C,YGL086W,0,-6.620416,0.10105052590370178,0.7984189987182617,0.7102766633033752
YMR263W,YDL065C,0,-6.620567,0.10100000351667404,0.7984189987182617,0.7106719613075256
YPL120W,YGL011C,0,-6.6210713,0.10094952583312988,0.7984189987182617,0.7110671997070312
YHR062C,YJL179W,0,-6.6216335,0.1008991003036499,0.7984189987182617,0.7114624381065369
YPR168W,YER042W,0,-6.622044,0.1008487269282341,0.7984189987182617,0.7118577361106873
YIL039W,YBL038W,0,-6.6222343,0.10079840570688248,0.7984189987182617,0.7122529745101929
YHR134W,YKL178C,0,-6.6224895,0.10074812918901443,0.7984189987182617,0.7126482129096985
YHR178W,YOR386W,0,-6.6232333,0.10069790482521057,0.7984189987182617,0.7130434513092041
YCR081W,YLR313C,0,-6.623587,0.10064773261547089,0.7984189987182617,0.7134387493133545
YEL002C,YDR204W,0,-6.624327,0.10059761255979538,0.7984189987182617,0.7138339877128601
YDR022C,YPL090C,0,-6.6244187,0.10054753720760345,0.7984189987182617,0.7142292261123657
YLL031C,YML014W,0,-6.62662,0.10049751400947571,0.7984189987182617,0.7146245241165161
YPR007C,YOR061W,0,-6.6267443,0.10044753551483154,0.7984189987182617,0.7150197625160217
YJL097W,YER048C,0,-6.6269364,0.10039761662483215,0.7984189987182617,0.7154150009155273
YHR092C,YPL189W,1,-6.6269903,0.10084450989961624,0.8023715615272522,0.7154150009155273
YDR256C,YEL046C,0,-6.6270475,0.10079444199800491,0.8023715615272522,0.7158102989196777
YDL042C,YHR018C,0,-6.6284876,0.10074441879987717,0.8023715615272522,0.7162055373191833
YIL103W,YGL134W,0,-6.628726,0.1006944477558136,0.8023715615272522,0.716600775718689
YCR088W,YLR417W,0,-6.6288476,0.10064452141523361,0.8023715615272522,0.7169960737228394
YAL061W,YOR151C,0,-6.6294622,0.1005946472287178,0.8023715615272522,0.717391312122345
YGR104C,YJR139C,0,-6.6306176,0.10054482519626617,0.8023715615272522,0.7177865505218506
YLR133W,YML076C,0,-6.632378,0.10049504786729813,0.8023715615272522,0.7181817889213562
YNR075W,YOR195W,0,-6.632651,0.10044532269239426,0.8023715615272522,0.7185770869255066
YOR056C,YDR060W,0,-6.6334686,0.10039564967155457,0.8023715615272522,0.7189723253250122
YDR422C,YDR519W,0,-6.6355424,0.10034602135419846,0.8023715615272522,0.7193675637245178
YBR043C,YPL018W,0,-6.6359563,0.10029644519090652,0.8023715615272522,0.7197628617286682
YHR081W,YDL123W,0,-6.636233,0.10024691373109818,0.8023715615272522,0.7201581001281738
YBR253W,YML111W,0,-6.636811,0.100197434425354,0.8023715615272522,0.7205533385276794
YNL023C,YER173W,0,-6.6376405,0.10014799982309341,0.8023715615272522,0.7209486365318298
YBR176W,YDR481C,0,-6.6385427,0.100098617374897,0.8023715615272522,0.7213438749313354
YKL034W,YFR027W,0,-6.6385584,0.10004928708076477,0.8023715615272522,0.7217391133308411
YHR117W,YIL075C,0,-6.638827,0.10000000149011612,0.8023715615272522,0.7221344113349915
YDL006W,YBR083W,0,-6.6393027,0.09995076060295105,0.8023715615272522,0.7225296497344971
YPR025C,YJL139C,0,-6.6394906,0.09990157186985016,0.8023715615272522,0.7229248881340027
YPL249C-A,YBR085W,0,-6.64008,0.09985243529081345,0.8023715615272522,0.7233201861381531
YHR201C,YDR113C,0,-6.6404243,0.09980334341526031,0.8023715615272522,0.7237154245376587
YGL100W,YMR104C,0,-6.6406784,0.09975429624319077,0.8023715615272522,0.7241106629371643
YDR363W-A,YDR259C,0,-6.6410975,0.0997053012251854,0.8023715615272522,0.7245059013366699
YJR160C,YDR536W,1,-6.641119,0.10014727711677551,0.8063241243362427,0.7245059013366699
YEL051W,YOR073W,0,-6.6422973,0.1000981330871582,0.8063241243362427,0.7249011993408203
YDR516C,YMR105C,0,-6.6434326,0.10004904121160507,0.8063241243362427,0.7252964377403259
YHR101C,YDR129C,0,-6.644294,0.10000000149011612,0.8063241243362427,0.7256916761398315
YDR163W,YNL037C,0,-6.6461987,0.09995100647211075,0.8063241243362427,0.7260869741439819
YDR054C,YFR032C-A,0,-6.646644,0.09990205615758896,0.8063241243362427,0.7264822125434875
YER102W,YDR130C,0,-6.6477475,0.09985315799713135,0.8063241243362427,0.7268774509429932
YLR411W,YDR130C,0,-6.6481314,0.09980430454015732,0.8063241243362427,0.7272727489471436
YLR110C,YBR149W,0,-6.6484222,0.09975550323724747,0.8063241243362427,0.7276679873466492
YLR442C,YJL048C,0,-6.6502314,0.0997067466378212,0.8063241243362427,0.7280632257461548
YOL122C,YML074C,0,-6.6502776,0.09965803474187851,0.8063241243362427,0.7284585237503052
YKL194C,YDR077W,0,-6.6505904,0.099609375,0.8063241243362427,0.7288537621498108
YMR076C,YCL010C,0,-6.651342,0.09956075996160507,0.8063241243362427,0.7292490005493164
YDR393W,YGR023W,0,-6.6517777,0.09951219707727432,0.8063241243362427,0.7296442985534668
YMR149W,YJR108W,0,-6.654344,0.09946367889642715,0.8063241243362427,0.7300395369529724
YDR377W,YBR175W,0,-6.6555543,0.09941520541906357,0.8063241243362427,0.730434775352478
YOR030W,YMR052W,0,-6.6566124,0.09936677664518356,0.8063241243362427,0.7308300137519836
YBL006C,YOL120C,0,-6.6588264,0.09931840002536774,0.8063241243362427,0.731225311756134
YJL160C,YKL137W,0,-6.6593966,0.09927007555961609,0.8063241243362427,0.7316205501556396
YHR027C,YGL011C,0,-6.659633,0.09922178834676743,0.8063241243362427,0.7320157885551453
YLL039C,YLR056W,0,-6.6599183,0.09917355328798294,0.8063241243362427,0.7324110865592957
YER114C,YGR256W,0,-6.660256,0.09912536293268204,0.8063241243362427,0.7328063249588013
YML092C,YOR354C,0,-6.6604276,0.09907722473144531,0.8063241243362427,0.7332015633583069
YDR361C,YDL095W,0,-6.6605687,0.09902912378311157,0.8063241243362427,0.7335968613624573
YKL008C,YPL159C,0,-6.6607714,0.09898107498884201,0.8063241243362427,0.7339920997619629
YBR078W,YLR368W,0,-6.663785,0.09893307834863663,0.8063241243362427,0.7343873381614685
YCR020W-B,YDL120W,0,-6.663948,0.09888511896133423,0.8063241243362427,0.7347826361656189
YKL197C,YGL234W,0,-6.6639605,0.09883721172809601,0.8063241243362427,0.7351778745651245
YER019W,YJL115W,0,-6.664037,0.09878934919834137,0.8063241243362427,0.7355731129646301
YBR153W,YFL044C,0,-6.6641364,0.09874153137207031,0.8063241243362427,0.7359683513641357
YPR166C,YJR044C,0,-6.66604,0.09869375824928284,0.8063241243362427,0.7363636493682861
YGL020C,YDR234W,0,-6.6664124,0.09864603728055954,0.8063241243362427,0.7367588877677917
YHR096C,YDR342C,1,-6.6675115,0.09908168017864227,0.8102766871452332,0.7367588877677917
YNL289W,YDR439W,0,-6.6678457,0.09903381764888763,0.8102766871452332,0.7371541261672974
YPL189W,YDR536W,1,-6.668711,0.09946885704994202,0.8142292499542236,0.7371541261672974
YDL004W,YEL002C,0,-6.668814,0.09942085295915604,0.8142292499542236,0.7375494241714478
YJL014W,YDR191W,0,-6.668849,0.09937288612127304,0.8142292499542236,0.7379446625709534
YDR145W,YNL225C,0,-6.6696033,0.09932497888803482,0.8142292499542236,0.738339900970459
YLR355C,YPL124W,0,-6.6699204,0.09927710890769958,0.8142292499542236,0.7387351989746094
YCR065W,YBR166C,0,-6.670029,0.09922928363084793,0.8142292499542236,0.739130437374115
YPL020C,YHR161C,0,-6.670602,0.09918151050806046,0.8142292499542236,0.7395256757736206
YPL057C,YDR017C,0,-6.671174,0.09913378208875656,0.8142292499542236,0.739920973777771
YER004W,YGL171W,0,-6.6736255,0.09908609837293625,0.8142292499542236,0.7403162121772766
YML034W,YBL080C,0,-6.6742816,0.09903845936059952,0.8142292499542236,0.7407114505767822
YFR025C,YPL215W,0,-6.674777,0.09899087250232697,0.8142292499542236,0.7411067485809326
YMR076C,YKL132C,0,-6.6749372,0.0989433228969574,0.8142292499542236,0.7415019869804382
YPR075C,YDL139C,0,-6.675465,0.09889582544565201,0.8142292499542236,0.7418972253799438
YNL210W,YDR354W,0,-6.67631,0.0988483652472496,0.8142292499542236,0.7422924637794495
YDR231C,YMR183C,0,-6.6771474,0.09880095720291138,0.8142292499542236,0.7426877617835999
YDR427W,YCL016C,0,-6.6780868,0.09875359386205673,0.8142292499542236,0.7430830001831055
YML069W,YJR068W,0,-6.6782756,0.09870627522468567,0.8142292499542236,0.7434782385826111
YDR320C-A,YKL006W,0,-6.678558,0.09865900129079819,0.8142292499542236,0.7438735365867615
YBR005W,YDR165W,0,-6.679527,0.09861177951097488,0.8142292499542236,0.7442687749862671
YDL229W,YDL123W,0,-6.6800995,0.09856459498405457,0.8142292499542236,0.7446640133857727
YJR045C,YBR084C-A,0,-6.6805205,0.09851745516061783,0.8142292499542236,0.7450593113899231
YLR052W,YLR003C,0,-6.681771,0.09847036004066467,0.8142292499542236,0.7454545497894287
YDR073W,YJL036W,0,-6.682093,0.0984233170747757,0.8142292499542236,0.7458497881889343
YDR376W,YHR039C,0,-6.6832523,0.0983763113617897,0.8142292499542236,0.7462450861930847
YAL048C,YNL064C,0,-6.6835823,0.09832935780286789,0.8142292499542236,0.7466403245925903
YAL020C,YJL003W,0,-6.6842847,0.09828244149684906,0.8142292499542236,0.747035562992096
YLL005C,YDR121W,0,-6.6843777,0.09823557734489441,0.8142292499542236,0.7474308013916016
YMR149W,YNR054C,0,-6.6851745,0.09818875044584274,0.8142292499542236,0.747826099395752
YHR139C,YBR228W,0,-6.6856475,0.09814197570085526,0.8142292499542236,0.7482213377952576
YNL316C,YGL044C,0,-6.6871915,0.09809523820877075,0.8142292499542236,0.7486165761947632
YPL155C,YGR065C,0,-6.6877275,0.09804854542016983,0.8142292499542236,0.7490118741989136
YNL124W,YBL014C,0,-6.6878734,0.09800190478563309,0.8142292499542236,0.7494071125984192
YBL020W,YDR345C,1,-6.688794,0.0984308123588562,0.8181818127632141,0.7494071125984192
YKR089C,YMR188C,0,-6.6888247,0.09838403016328812,0.8181818127632141,0.7498023509979248
YGR195W,YLR023C,0,-6.688912,0.09833729267120361,0.8181818127632141,0.7501976490020752
YOR339C,YLR058C,0,-6.6894526,0.09829059988260269,0.8181818127632141,0.7505928874015808
YBL106C,YDR155C,0,-6.6899705,0.09824395179748535,0.8181818127632141,0.7509881258010864
YOR271C,YKR001C,0,-6.6902537,0.098197340965271,0.8181818127632141,0.7513834238052368
YOR018W,YOL109W,0,-6.692294,0.09815078228712082,0.8181818127632141,0.7517786622047424
YER127W,YDR200C,0,-6.6929555,0.09810426831245422,0.8181818127632141,0.752173900604248
YLR019W,YJL123C,0,-6.693201,0.09805779159069061,0.8181818127632141,0.7525691986083984
YML041C,YGL040C,0,-6.693896,0.09801136702299118,0.8181818127632141,0.752964437007904
YBL020W,YLR081W,1,-6.6956143,0.09843824058771133,0.8221343755722046,0.752964437007904
YGR099W,YBL019W,0,-6.6956234,0.09839167445898056,0.8221343755722046,0.7533596754074097
YPL092W,YDR163W,0,-6.6970887,0.09834515303373337,0.8221343755722046,0.7537549138069153
YLL009C,YBR126C,0,-6.69721,0.09829867631196976,0.8221343755722046,0.7541502118110657
YOR358W,YER056C,0,-6.698437,0.09825224429368973,0.8221343755722046,0.7545454502105713
YDL019C,YGL093W,0,-6.6994443,0.09820585697889328,0.8221343755722046,0.7549406886100769
YCL011C,YPL232W,0,-6.699451,0.09815950691699982,0.8221343755722046,0.7553359866142273
YOR130C,YJR121W,0,-6.699643,0.09811320900917053,0.8221343755722046,0.7557312250137329
YGL126W,YOL056W,0,-6.7000194,0.09806694835424423,0.8221343755722046,0.7561264634132385
YDR387C,YHR153C,0,-6.700393,0.09802073240280151,0.8221343755722046,0.7565217614173889
YDR099W,YHR016C,0,-6.7006025,0.09797456115484238,0.8221343755722046,0.7569169998168945
YLR262C,YHR176W,0,-6.702995,0.09792843461036682,0.8221343755722046,0.7573122382164001
YAL028W,YBR229C,0,-6.7040496,0.09788235276937485,0.8221343755722046,0.7577075362205505
YNR011C,YOR078W,0,-6.704272,0.09783631563186646,0.8221343755722046,0.7581027746200562
YDR103W,YNL005C,0,-6.705122,0.09779031574726105,0.8221343755722046,0.7584980130195618
YOL094C,YER021W,0,-6.7060733,0.09774436056613922,0.8221343755722046,0.7588932514190674
YNL300W,YDR253C,0,-6.7079215,0.09769845008850098,0.8221343755722046,0.7592885494232178
YDR284C,YLR176C,0,-6.708267,0.09765258431434631,0.8221343755722046,0.7596837878227234
YKL052C,YKR013W,0,-6.7085743,0.09760675579309464,0.8221343755722046,0.760079026222229
YJL083W,YBR005W,0,-6.7093663,0.09756097197532654,0.8221343755722046,0.7604743242263794
YKL140W,YOL109W,0,-6.712622,0.09751524031162262,0.8221343755722046,0.760869562625885
YGR289C,YMR011W,1,-6.7131915,0.09793814271688461,0.8260869383811951,0.760869562625885
YGR165W,YLR320W,0,-6.7136865,0.09789226949214935,0.8260869383811951,0.7612648010253906
YHL003C,YCL029C,0,-6.714273,0.09784644097089767,0.8260869383811951,0.761660099029541
YMR015C,YPR133C,0,-6.714872,0.09780065715312958,0.8260869383811951,0.7620553374290466
YFR050C,YBL021C,0,-6.715341,0.09775491058826447,0.8260869383811951,0.7624505758285522
YBR136W,YAL056W,0,-6.7162337,0.09770920872688293,0.8260869383811951,0.7628458738327026
YJR090C,YOL148C,0,-6.7170014,0.09766355156898499,0.8260869383811951,0.7632411122322083
YJR160C,YBL020W,1,-6.7177153,0.09808500856161118,0.8300395011901855,0.7632411122322083
YBR264C,YML104C,0,-6.718756,0.09803921729326248,0.8300395011901855,0.7636363506317139
YBR056W,YDR120C,0,-6.7193894,0.09799347072839737,0.8300395011901855,0.7640316486358643
YJL033W,YPL193W,0,-6.719471,0.09794776141643524,0.8300395011901855,0.7644268870353699
YKR099W,YNL112W,0,-6.7203283,0.0979020968079567,0.8300395011901855,0.7648221254348755
YBL072C,YBR203W,0,-6.7212863,0.09785647690296173,0.8300395011901855,0.7652173638343811
YBR069C,YDL085W,0,-6.7215633,0.09781090170145035,0.8300395011901855,0.7656126618385315
YKL045W,YJR076C,0,-6.721603,0.09776536375284195,0.8300395011901855,0.7660079002380371
YPL189W,YFR053C,1,-6.7224197,0.09818520396947861,0.8339921236038208,0.7660079002380371
YOR043W,YCR088W,0,-6.7225633,0.09813953191041946,0.8339921236038208,0.7664031386375427
YDL165W,YLR220W,0,-6.7226205,0.0980939120054245,0.8339921236038208,0.7667984366416931
YGL234W,YGR046W,0,-6.7234545,0.09804832935333252,0.8339921236038208,0.7671936750411987
YBR056W,YOR271C,0,-6.7236924,0.09800278395414352,0.8339921236038208,0.7675889134407043
YIL145C,YKR050W,0,-6.7237,0.09795729070901871,0.8339921236038208,0.7679842114448547
YNL094W,YNL308C,0,-6.723749,0.09791183471679688,0.8339921236038208,0.7683794498443604
YDR480W,YPL017C,0,-6.7243056,0.09786641597747803,0.8339921236038208,0.768774688243866
YPL076W,YOR136W,0,-6.7245836,0.09782104939222336,0.8339921236038208,0.7691699862480164
YOR046C,YDL213C,0,-6.7248445,0.09777572005987167,0.8339921236038208,0.769565224647522
YHR094C,YLR081W,1,-6.7263913,0.09819360822439194,0.8379446864128113,0.769565224647522
YGR181W,YNL048W,0,-6.7271504,0.09814814478158951,0.8379446864128113,0.7699604630470276
YGR161C,YDL064W,0,-6.728025,0.09810273349285126,0.8379446864128113,0.7703557014465332
YOR103C,YGR090W,0,-6.7291284,0.0980573520064354,0.8379446864128113,0.7707509994506836
YCL055W,YBR098W,0,-6.7294607,0.09801202267408371,0.8379446864128113,0.7711462378501892
YOL140W,YDR246W,0,-6.7307706,0.09796673059463501,0.8379446864128113,0.7715414762496948
YHR108W,YEL058W,0,-6.732117,0.0979214757680893,0.8379446864128113,0.7719367742538452
YOR198C,YKL008C,0,-6.7329383,0.09787627309560776,0.8379446864128113,0.7723320126533508
YLR081W,YJL219W,1,-6.7329583,0.09829256683588028,0.8418972492218018,0.7723320126533508
YDR536W,YJL219W,1,-6.7333035,0.09870848804712296,0.8458498120307922,0.7723320126533508
YGR129W,YHR081W,0,-6.734299,0.09866297990083694,0.8458498120307922,0.7727272510528564
YER004W,YHR037W,0,-6.735048,0.09861750900745392,0.8458498120307922,0.7731225490570068
YGL058W,YHR105W,0,-6.735384,0.09857209026813507,0.8458498120307922,0.7735177874565125
YKR086W,YJR117W,0,-6.7359147,0.09852670133113861,0.8458498120307922,0.7739130258560181
YNL318C,YDR345C,1,-6.736171,0.09894155710935593,0.8498023748397827,0.7739130258560181
YPL170W,YBR133C,0,-6.736205,0.09889604151248932,0.8498023748397827,0.7743083238601685
YMR094W,YKR077W,0,-6.7364573,0.09885057806968689,0.8498023748397827,0.7747035622596741
YML091C,YBR215W,0,-6.7375803,0.09880514442920685,0.8498023748397827,0.7750988006591797
YER038C,YOL121C,0,-6.737743,0.09875976294279099,0.8498023748397827,0.7754940986633301
YER072W,YPR065W,0,-6.7378902,0.0987144187092781,0.8498023748397827,0.7758893370628357
YOL023W,YOR016C,0,-6.7385726,0.09866911172866821,0.8498023748397827,0.7762845754623413
YBR251W,YJL089W,0,-6.7390947,0.0986238569021225,0.8498023748397827,0.7766798138618469
YBR167C,YAR019C,0,-6.7391496,0.09857863187789917,0.8498023748397827,0.7770751118659973
YKL048C,YFL037W,0,-6.741548,0.09853345900774002,0.8498023748397827,0.7774703502655029
YLR058C,YLL057C,0,-6.742628,0.09848831593990326,0.8498023748397827,0.7778655886650085
YKR099W,YFL053W,0,-6.743094,0.09844322502613068,0.8498023748397827,0.7782608866691589
YKR029C,YKL110C,0,-6.743462,0.09839817136526108,0.8498023748397827,0.7786561250686646
YJR089W,YKL008C,0,-6.7444167,0.09835315495729446,0.8498023748397827,0.7790513634681702
YGL084C,YDR345C,1,-6.745416,0.09876543283462524,0.8537549376487732,0.7790513634681702
YGL084C,YDR536W,1,-6.7466836,0.09917733073234558,0.8577075004577637,0.7790513634681702
YPL232W,YDL214C,0,-6.7468457,0.09913202375173569,0.8577075004577637,0.7794466614723206
YMR297W,YLR406C,0,-6.7474227,0.09908676147460938,0.8577075004577637,0.7798418998718262
YGL198W,YPR100W,0,-6.748335,0.09904153645038605,0.8577075004577637,0.7802371382713318
YGR275W,YDL189W,0,-6.7530465,0.0989963486790657,0.8577075004577637,0.7806324362754822
YBR057C,YCR010C,0,-6.753393,0.09895120561122894,0.8577075004577637,0.7810276746749878
YOR229W,YLR098C,0,-6.7536225,0.09890610724687576,0.8577075004577637,0.7814229130744934
YPL090C,YNL025C,0,-6.7546873,0.09886104613542557,0.8577075004577637,0.7818182110786438
YLR019W,YJR043C,0,-6.756301,0.09881602972745895,0.8577075004577637,0.7822134494781494
YPL202C,YPR020W,0,-6.756329,0.09877105057239532,0.8577075004577637,0.782608687877655
YLR423C,YJL145W,0,-6.7572484,0.09872611612081528,0.8577075004577637,0.7830039262771606
YNL318C,YDR536W,1,-6.757443,0.09913597255945206,0.8616600632667542,0.7830039262771606
YKL145W,YKR083C,0,-6.7576385,0.09909091144800186,0.8616600632667542,0.783399224281311
YDR105C,YOR205C,0,-6.7591114,0.09904588758945465,0.8616600632667542,0.7837944626808167
YDR194C,YHR138C,0,-6.7602773,0.09900090843439102,0.8616600632667542,0.7841897010803223
YBR201W,YMR202W,0,-6.7609634,0.09895596653223038,0.8616600632667542,0.7845849990844727
YDR315C,YBL027W,0,-6.761436,0.09891106933355331,0.8616600632667542,0.7849802374839783
YCL064C,YDR347W,0,-6.761496,0.09886621683835983,0.8616600632667542,0.7853754758834839
YDR343C,YHR094C,1,-6.762036,0.09927470237016678,0.8656126260757446,0.7853754758834839
YLR274W,YDL002C,0,-6.7621813,0.09922972321510315,0.8656126260757446,0.7857707738876343
YEL050C,YLR315W,0,-6.7625184,0.0991847813129425,0.8656126260757446,0.7861660122871399
YGL100W,YLR010C,0,-6.763364,0.09913988411426544,0.8656126260757446,0.7865612506866455
YDR071C,YOR375C,0,-6.7653604,0.09909502416849136,0.8656126260757446,0.7869565486907959
YDR511W,YDR481C,0,-6.765437,0.09905020147562027,0.8656126260757446,0.7873517870903015
YPL212C,YNL305C,0,-6.765661,0.09900542348623276,0.8656126260757446,0.7877470254898071
YPL003W,YDL185W,0,-6.7663836,0.09896069020032883,0.8656126260757446,0.7881422638893127
YDR168W,YMR233W,0,-6.7665005,0.09891598671674728,0.8656126260757446,0.7885375618934631
YLR336C,YBL056W,0,-6.7665067,0.09887133538722992,0.8656126260757446,0.7889328002929688
YGR048W,YER102W,0,-6.7679,0.09882671386003494,0.8656126260757446,0.7893280386924744
YPR168W,YKL073W,0,-6.7679477,0.09878213703632355,0.8656126260757446,0.7897233366966248
YHL006C,YDL033C,0,-6.7693057,0.09873760491609573,0.8656126260757446,0.7901185750961304
YPL204W,YGL078C,0,-6.770003,0.09869310259819031,0.8656126260757446,0.790513813495636
YGR121C,YGR135W,0,-6.7724285,0.09864864498376846,0.8656126260757446,0.7909091114997864
YJL106W,YLR071C,0,-6.7728257,0.0986042320728302,0.8656126260757446,0.791304349899292
YLR002C,YOR028C,0,-6.773298,0.09855985641479492,0.8656126260757446,0.7916995882987976
YDR005C,YBR158W,0,-6.7733192,0.09851551800966263,0.8656126260757446,0.792094886302948
YCL017C,YER011W,0,-6.77357,0.09847122430801392,0.8656126260757446,0.7924901247024536
YKL045W,YMR208W,0,-6.7736917,0.09842696785926819,0.8656126260757446,0.7928853631019592
YLR432W,YKR034W,0,-6.7738013,0.09838274866342545,0.8656126260757446,0.7932806611061096
YPL211W,YMR316W,0,-6.774553,0.09833857417106628,0.8656126260757446,0.7936758995056152
YLR432W,YKL143W,0,-6.774757,0.09829443693161011,0.8656126260757446,0.7940711379051208
YML015C,YMR119W,0,-6.7755,0.09825033694505692,0.8656126260757446,0.7944663763046265
YFL037W,YBR102C,0,-6.7759748,0.0982062816619873,0.8656126260757446,0.7948616743087769
YAR003W,YIL075C,0,-6.7764273,0.09816225618124008,0.8656126260757446,0.7952569127082825
YER119C,YDR201W,0,-6.7769227,0.09811828285455704,0.8656126260757446,0.7956521511077881
YHR092C,YBL020W,1,-6.7777433,0.09852216392755508,0.8695651888847351,0.7956521511077881
YGL139W,YFL018C,0,-6.7777486,0.09847806394100189,0.8695651888847351,0.7960474491119385
YDR279W,YOR346W,0,-6.77783,0.09843400120735168,0.8695651888847351,0.7964426875114441
YGR170W,YJL098W,0,-6.778289,0.09838998317718506,0.8695651888847351,0.7968379259109497
YAR018C,YIL109C,0,-6.7787375,0.09834600239992142,0.8695651888847351,0.7972332239151001
YKL140W,YDR500C,0,-6.77928,0.09830205887556076,0.8695651888847351,0.7976284623146057
YLR004C,YLR188W,0,-6.779827,0.09825815260410309,0.8695651888847351,0.7980237007141113
YJR065C,YKL092C,0,-6.780847,0.0982142835855484,0.8695651888847351,0.7984189987182617
YER164W,YHL003C,0,-6.780943,0.0981704592704773,0.8695651888847351,0.7988142371177673
YCL066W,YLR396C,0,-6.7810993,0.09812667220830917,0.8695651888847351,0.799209475517273
YDR343C,YFR053C,1,-6.7813997,0.09852875769138336,0.8735178112983704,0.799209475517273
YHR096C,YMR011W,1,-6.781654,0.0989304780960083,0.8774703741073608,0.799209475517273
YNL318C,YPL189W,1,-6.7830615,0.09933184832334518,0.8814229369163513,0.799209475517273
YPL189W,YJL219W,1,-6.783138,0.09973286092281342,0.8853754997253418,0.799209475517273
YDR168W,YPL101W,0,-6.783972,0.09968847036361694,0.8853754997253418,0.7996047139167786
YDL210W,YDR113C,0,-6.784097,0.09964412450790405,0.8853754997253418,0.800000011920929
YDR022C,YDR302W,0,-6.7852407,0.09959982335567474,0.8853754997253418,0.8003952503204346
YBL051C,YDR317W,0,-6.785458,0.09955555200576782,0.8853754997253418,0.8007904887199402
YNL103W,YGL077C,0,-6.785728,0.09951132535934448,0.8853754997253418,0.8011857867240906
YDL100C,YIL068C,0,-6.7857847,0.09946714341640472,0.8853754997253418,0.8015810251235962
YLR259C,YJL072C,0,-6.7867427,0.09942299127578735,0.8853754997253418,0.8019762635231018
YDL239C,YNL169C,0,-6.7882285,0.09937888383865356,0.8853754997253418,0.8023715615272522
YLL035W,YPL228W,0,-6.78917,0.09933481365442276,0.8853754997253418,0.8027667999267578
YOR061W,YCR065W,0,-6.790154,0.09929078072309494,0.8853754997253418,0.8031620383262634
YGL243W,YNL136W,0,-6.790382,0.0992467850446701,0.8853754997253418,0.8035573363304138
YOL033W,YNL286W,0,-6.792024,0.09920283406972885,0.8853754997253418,0.8039525747299194
YGR046W,YPL081W,0,-6.7921104,0.09915892034769058,0.8853754997253418,0.804347813129425
YER094C,YPL235W,0,-6.7922764,0.0991150438785553,0.8853754997253418,0.8047431111335754
YCR034W,YLR120C,0,-6.793471,0.099071204662323,0.8853754997253418,0.805138349533081
YMR092C,YDR013W,0,-6.795962,0.09902741014957428,0.8853754997253418,0.8055335879325867
YGL175C,YOL049W,0,-6.796582,0.09898365288972855,0.8853754997253418,0.8059288263320923
YKR014C,YDR323C,0,-6.7967505,0.0989399328827858,0.8853754997253418,0.8063241243362427
YKL069W,YPL124W,0,-6.7972493,0.09889625012874603,0.8853754997253418,0.8067193627357483
YER124C,YJL173C,0,-6.7980447,0.09885260462760925,0.8853754997253418,0.8071146011352539
YOL152W,YNL048W,0,-6.7990375,0.09880899637937546,0.8853754997253418,0.8075098991394043
YOR315W,YKR105C,0,-6.799619,0.09876543283462524,0.8853754997253418,0.8079051375389099
YDR279W,YBL056W,0,-6.799834,0.09872190654277802,0.8853754997253418,0.8083003759384155
YPL106C,YDL075W,0,-6.800304,0.09867841750383377,0.8853754997253418,0.8086956739425659
YGR204W,YDR439W,0,-6.8006387,0.09863496571779251,0.8853754997253418,0.8090909123420715
YOR229W,YHR018C,0,-6.8029766,0.09859155118465424,0.8853754997253418,0.8094861507415771
YNL251C,YNL316C,0,-6.8031116,0.09854817390441895,0.8853754997253418,0.8098814487457275
YOR009W,YNL025C,0,-6.8033357,0.09850483387708664,0.8853754997253418,0.8102766871452332
YDR194C,YNL020C,0,-6.8040385,0.09846153855323792,0.8853754997253418,0.8106719255447388
YKL032C,YDL222C,0,-6.804193,0.09841828048229218,0.8853754997253418,0.8110671639442444
YDR126W,YNL076W,0,-6.8059325,0.09837505221366882,0.8853754997253418,0.8114624619483948
YOL008W,YOR380W,0,-6.8084636,0.09833186864852905,0.8853754997253418,0.8118577003479004
YJR131W,YOR354C,0,-6.80866,0.09828872233629227,0.8853754997253418,0.812252938747406
YKL208W,YHR031C,0,-6.8093123,0.09824561327695847,0.8853754997253418,0.8126482367515564
YGL127C,YPL023C,0,-6.8095193,0.09820254147052765,0.8853754997253418,0.813043475151062
YHR083W,YMR026C,0,-6.810959,0.09815950691699982,0.8853754997253418,0.8134387135505676
YDR235W,YDL130W,0,-6.8110204,0.09811651706695557,0.8853754997253418,0.813834011554718
YMR059W,YIL005W,0,-6.8116846,0.0980735570192337,0.8853754997253418,0.8142292499542236
YJR049C,YGL227W,0,-6.811839,0.09803063422441483,0.8853754997253418,0.8146244883537292
YKR077W,YOR386W,0,-6.811903,0.09798774868249893,0.8853754997253418,0.8150197863578796
YGR244C,YMR035W,0,-6.811973,0.09794490784406662,0.8853754997253418,0.8154150247573853
YJL122W,YLR442C,0,-6.8123536,0.0979020968079567,0.8853754997253418,0.8158102631568909
YDL178W,YML029W,0,-6.8124003,0.09785933047533035,0.8853754997253418,0.8162055611610413
YMR053C,YDR468C,0,-6.8131146,0.0978165939450264,0.8853754997253418,0.8166007995605469
YOR264W,YLR410W,0,-6.8134875,0.09777389466762543,0.8853754997253418,0.8169960379600525
YDR342C,YBL020W,1,-6.813626,0.0981675386428833,0.8893280625343323,0.8169960379600525
YER018C,YCR009C,0,-6.8147855,0.09812472760677338,0.8893280625343323,0.8173912763595581
YLR084C,YOL052C-A,0,-6.8170724,0.09808195382356644,0.8893280625343323,0.8177865743637085
YIL063C,YDL052C,0,-6.8179426,0.09803921729326248,0.8893280625343323,0.8181818127632141
YOR156C,YIR015W,0,-6.8182683,0.09799651801586151,0.8893280625343323,0.8185770511627197
YOL156W,YPL189W,1,-6.8183827,0.09838920086622238,0.8932806253433228,0.8185770511627197
YDR363W,YJL062W,0,-6.818421,0.09834638983011246,0.8932806253433228,0.8189723491668701
YGL084C,YLR081W,1,-6.8193374,0.09873858094215393,0.8972331881523132,0.8189723491668701
YJR153W,YCL063W,0,-6.8206887,0.09869565069675446,0.8972331881523132,0.8193675875663757
YIL051C,YML060W,0,-6.821262,0.09865275770425797,0.8972331881523132,0.8197628259658813
YJR094W-A,YOL139C,0,-6.8223095,0.09860990196466446,0.8972331881523132,0.8201581239700317
YMR232W,YDR047W,0,-6.82312,0.09856708347797394,0.8972331881523132,0.8205533623695374
YDR343C,YBL020W,1,-6.8239574,0.0989583358168602,0.9011857509613037,0.8205533623695374
YDR289C,YGR158C,0,-6.8239923,0.09891539812088013,0.9011857509613037,0.820948600769043
YDR400W,YBR094W,0,-6.8242636,0.09887250512838364,0.9011857509613037,0.8213438987731934
YFL011W,YBL020W,1,-6.8243747,0.09926310926675797,0.9051383137702942,0.8213438987731934
YOR254C,YPL101W,0,-6.824407,0.09922010451555252,0.9051383137702942,0.821739137172699
YBR054W,YNL087W,0,-6.8249936,0.09917712956666946,0.9051383137702942,0.8221343755722046
YPL006W,YIL016W,0,-6.825021,0.09913419932126999,0.9051383137702942,0.822529673576355
YBR089C-A,YBR110W,0,-6.826282,0.0990912988781929,0.9051383137702942,0.8229249119758606
YML046W,YGL167C,0,-6.827203,0.0990484431385994,0.9051383137702942,0.8233201503753662
YMR011W,YFR053C,1,-6.827995,0.09943795949220657,0.9090909361839294,0.8233201503753662
YBR024W,YOR358W,0,-6.8284845,0.09939498454332352,0.9090909361839294,0.8237153887748718
YMR106C,YHR079C-A,0,-6.830134,0.09935205429792404,0.9090909361839294,0.8241106867790222
YOR354C,YNL206C,0,-6.831392,0.09930915385484695,0.9090909361839294,0.8245059251785278
YMR070W,YCR088W,0,-6.8324428,0.09926629066467285,0.9090909361839294,0.8249011635780334
YGL198W,YGR086C,0,-6.833214,0.09922347217798233,0.9090909361839294,0.8252964615821838
YOR064C,YDL064W,0,-6.836638,0.0991806834936142,0.9090909361839294,0.8256916999816895
YHR006W,YDL069C,0,-6.838059,0.09913793206214905,0.9090909361839294,0.8260869383811951
YJL092W,YPL117C,0,-6.838904,0.09909521788358688,0.9090909361839294,0.8264822363853455
YCR048W,YJR110W,0,-6.838939,0.0990525409579277,0.9090909361839294,0.8268774747848511
YCR105W,YAL042W,0,-6.8397717,0.09900990128517151,0.9090909361839294,0.8272727131843567
YDR235W,YOR358W,0,-6.8408227,0.0989672988653183,0.9090909361839294,0.8276680111885071
YGL048C,YOL008W,0,-6.8419776,0.09892473369836807,0.9090909361839294,0.8280632495880127
YMR058W,YHL021C,0,-6.8429437,0.09888219833374023,0.9090909361839294,0.8284584879875183
YLR234W,YCR004C,0,-6.844398,0.09883970767259598,0.9090909361839294,0.8288537263870239
YHR096C,YGL084C,1,-6.844733,0.09922680258750916,0.9130434989929199,0.8288537263870239
YAR019C,YOL027C,0,-6.8451343,0.09918420016765594,0.9130434989929199,0.8292490243911743
YLR115W,YLL021W,0,-6.8456836,0.09914162755012512,0.9130434989929199,0.8296442627906799
YBR272C,YDR308C,0,-6.8464613,0.09909909963607788,0.9130434989929199,0.8300395011901855
YGR183C,YER131W,0,-6.8484454,0.09905660152435303,0.9130434989929199,0.8304347991943359
YML054C,YGR004W,0,-6.848997,0.09901414811611176,0.9130434989929199,0.8308300375938416
YKL173W,YOR010C,0,-6.8495317,0.09897172451019287,0.9130434989929199,0.8312252759933472
YLR116W,YDR450W,0,-6.849594,0.09892933815717697,0.9130434989929199,0.8316205739974976
YLL005C,YNR020C,0,-6.8497214,0.09888698905706406,0.9130434989929199,0.8320158123970032
YOR250C,YDL005C,0,-6.851322,0.09884466975927353,0.9130434989929199,0.8324110507965088
YBR070C,YPL091W,0,-6.8513856,0.09880239516496658,0.9130434989929199,0.8328063488006592
YBR180W,YPL206C,0,-6.8514147,0.09876015037298203,0.9130434989929199,0.8332015872001648
YNL096C,YOR384W,0,-6.851915,0.09871795028448105,0.9130434989929199,0.8335968255996704
YNL077W,YFL037W,0,-6.8523784,0.09867577999830246,0.9130434989929199,0.8339921236038208
YDR485C,YIR006C,0,-6.852457,0.09863364696502686,0.9130434989929199,0.8343873620033264
YGR063C,YOR030W,0,-6.8582067,0.09859155118465424,0.9130434989929199,0.834782600402832
YGL100W,YOR048C,0,-6.858356,0.098549485206604,0.9130434989929199,0.8351778388023376
YDR284C,YMR305C,0,-6.859512,0.09850746393203735,0.9130434989929199,0.835573136806488
YNL246W,YJL173C,0,-6.859584,0.09846547245979309,0.9130434989929199,0.8359683752059937
YIL144W,YDR515W,0,-6.860113,0.09842351824045181,0.9130434989929199,0.8363636136054993
YHL025W,YOR266W,0,-6.861465,0.09838160127401352,0.9130434989929199,0.8367589116096497
YPR184W,YML031W,0,-6.86333,0.09833972156047821,0.9130434989929199,0.8371541500091553
YKL211C,YAL056W,0,-6.8643403,0.09829787164926529,0.9130434989929199,0.8375493884086609
YER054C,YHR098C,0,-6.8648944,0.09825605899095535,0.9130434989929199,0.8379446864128113
YDR424C,YBR057C,0,-6.8684173,0.0982142835855484,0.9130434989929199,0.8383399248123169
YDR528W,YEL065W,0,-6.868668,0.09817254543304443,0.9130434989929199,0.8387351632118225
YPL214C,YNL101W,0,-6.8688273,0.09813084453344345,0.9130434989929199,0.8391304612159729
YIL031W,YCL030C,0,-6.8691463,0.09808917343616486,0.9130434989929199,0.8395256996154785
YBR156C,YGR183C,0,-6.870578,0.09804753959178925,0.9130434989929199,0.8399209380149841
YFL029C,YPR181C,0,-6.871431,0.09800594300031662,0.9130434989929199,0.8403161764144897
YER020W,YCL016C,0,-6.8716445,0.09796437621116638,0.9130434989929199,0.8407114744186401
YPR112C,YOR136W,0,-6.8717113,0.09792284667491913,0.9130434989929199,0.8411067128181458
YKR029C,YGR116W,0,-6.872235,0.09788135439157486,0.9130434989929199,0.8415019512176514
YMR268C,YLR093C,0,-6.874868,0.09783989936113358,0.9130434989929199,0.8418972492218018
YPL224C,YMR236W,0,-6.875404,0.09779847413301468,0.9130434989929199,0.8422924876213074
YBL105C,YDR179C,0,-6.8764396,0.09775708615779877,0.9130434989929199,0.842687726020813
YPR086W,YDL052C,0,-6.8772793,0.09771573543548584,0.9130434989929199,0.8430830240249634
YGL065C,YPL233W,0,-6.8780913,0.0976744219660759,0.9130434989929199,0.843478262424469
YOR369C,YHL040C,0,-6.8812904,0.09763313829898834,0.9130434989929199,0.8438735008239746
YCR037C,YMR275C,0,-6.88148,0.09759189188480377,0.9130434989929199,0.844268798828125
YOL077W-A,YKL040C,0,-6.881954,0.09755067527294159,0.9130434989929199,0.8446640372276306
YHR096C,YBL020W,1,-6.8842006,0.09793161600828171,0.9169960618019104,0.8446640372276306
YCR071C,YLR170C,0,-6.8845677,0.09789029508829117,0.9169960618019104,0.8450592756271362
YBR229C,YKL021C,0,-6.885688,0.09784901142120361,0.9169960618019104,0.8454545736312866
YLR023C,YKL006C-A,0,-6.8861613,0.09780775755643845,0.9169960618019104,0.8458498120307922
YCL033C,YNL009W,0,-6.8869877,0.09776654094457626,0.9169960618019104,0.8462450504302979
YNR036C,YBL025W,0,-6.887024,0.09772536158561707,0.9169960618019104,0.8466402888298035
YLR070C,YPL254W,0,-6.8872056,0.09768421202898026,0.9169960618019104,0.8470355868339539
YOR271C,YBL102W,0,-6.8872333,0.09764309972524643,0.9169960618019104,0.8474308252334595
YBR106W,YMR036C,0,-6.88983,0.09760201722383499,0.9169960618019104,0.8478260636329651
YGR030C,YDR194C,0,-6.889905,0.09756097197532654,0.9169960618019104,0.8482213616371155
YAL048C,YDR341C,0,-6.889962,0.09751996397972107,0.9169960618019104,0.8486166000366211
YMR188C,YGL207W,0,-6.8901553,0.09747899323701859,0.9169960618019104,0.8490118384361267
YDR258C,YJR090C,0,-6.8908772,0.09743805229663849,0.9169960618019104,0.8494071364402771
YJR089W,YDR189W,0,-6.8908935,0.09739714860916138,0.9169960618019104,0.8498023748397827
YDL247W,YGL253W,1,-6.893496,0.0977759137749672,0.9209486246109009,0.8498023748397827
YOL031C,YHL001W,0,-6.894001,0.09773489832878113,0.9209486246109009,0.8501976132392883
YHR094C,YJR158W,1,-6.8944774,0.09811320900917053,0.9249011874198914,0.8501976132392883
YJL196C,YIL044C,0,-6.8950906,0.09807208925485611,0.9249011874198914,0.8505929112434387
YCL067C,YLR142W,0,-6.895547,0.09803099930286407,0.9249011874198914,0.8509881496429443
YER006W,YDR040C,0,-6.8984027,0.09798994660377502,0.9249011874198914,0.85138338804245
YBR009C,YBR018C,0,-6.89843,0.09794893115758896,0.9249011874198914,0.8517786264419556
YGL048C,YER095W,0,-6.8993516,0.09790795296430588,0.9249011874198914,0.852173924446106
YDL193W,YDR287W,0,-6.900803,0.09786700457334518,0.9249011874198914,0.8525691628456116
YPL043W,YBL025W,0,-6.9043403,0.09782608598470688,0.9249011874198914,0.8529644012451172
YGR289C,YBL020W,1,-6.9073114,0.09820309281349182,0.9288537502288818,0.8529644012451172
YHR172W,YKL080W,0,-6.9077463,0.09816206991672516,0.9288537502288818,0.8533596992492676
YDR107C,YKL220C,0,-6.909597,0.09812108427286148,0.9288537502288818,0.8537549376487732
YJR050W,YOR109W,0,-6.909698,0.09808013588190079,0.9288537502288818,0.8541501760482788
YPR104C,YAL051W,0,-6.911284,0.09803921729326248,0.9288537502288818,0.8545454740524292
YER120W,YGR097W,0,-6.911777,0.09799832850694656,0.9288537502288818,0.8549407124519348
YDR436W,YIL069C,0,-6.9122825,0.09795748442411423,0.9288537502288818,0.8553359508514404
YGL104C,YDR418W,0,-6.91229,0.09791667014360428,0.9288537502288818,0.8557312488555908
YNL242W,YJL151C,0,-6.9160237,0.09787588566541672,0.9288537502288818,0.8561264872550964
YBR055C,YGR202C,0,-6.9161286,0.09783513844013214,0.9288537502288818,0.856521725654602
YOR103C,YDR251W,0,-6.916525,0.09779442101716995,0.9288537502288818,0.8569170236587524
YMR076C,YMR150C,0,-6.916574,0.09775374084711075,0.9288537502288818,0.8573122620582581
YDR143C,YCR065W,0,-6.9166484,0.09771309792995453,0.9288537502288818,0.8577075004577637
YKL014C,YBR168W,0,-6.9172606,0.0976724848151207,0.9288537502288818,0.8581027388572693
YHL002W,YDR500C,0,-6.9202523,0.09763190895318985,0.9288537502288818,0.8584980368614197
YLR433C,YKL052C,0,-6.9205403,0.09759136289358139,0.9288537502288818,0.8588932752609253
YMR012W,YER041W,0,-6.92142,0.09755085408687592,0.9288537502288818,0.8592885136604309
YBR213W,YDR180W,0,-6.922069,0.09751037508249283,0.9288537502288818,0.8596838116645813
YLR409C,YLR368W,0,-6.9223986,0.09746992588043213,0.9288537502288818,0.8600790500640869
YOR017W,YOL071W,0,-6.9227786,0.09742952138185501,0.9288537502288818,0.8604742884635925
YJL139C,YNL099C,0,-6.923384,0.09738913923501968,0.9288537502288818,0.8608695864677429
YLR284C,YER031C,0,-6.9238315,0.09734880179166794,0.9288537502288818,0.8612648248672485
YPR108W,YJR033C,0,-6.9262624,0.09730848670005798,0.9288537502288818,0.8616600632667542
YBR078W,YJL089W,0,-6.926848,0.09726820886135101,0.9288537502288818,0.8620553612709045
YIL005W,YKL099C,0,-6.927453,0.09722796827554703,0.9288537502288818,0.8624505996704102
YHR094C,YMR011W,1,-6.9302573,0.09760132431983948,0.9328063130378723,0.8624505996704102
YPL204W,YLR032W,0,-6.930262,0.09756097197532654,0.9328063130378723,0.8628458380699158
YKL084W,YLR373C,0,-6.9322243,0.09752066433429718,0.9328063130378723,0.8632411360740662
YML015C,YDR313C,0,-6.932986,0.09748037904500961,0.9328063130378723,0.8636363744735718
YJL062W,YML088W,0,-6.935122,0.09744013100862503,0.9328063130378723,0.8640316128730774
YOR360C,YFR040W,0,-6.9355593,0.09739992022514343,0.9328063130378723,0.864426851272583
YDR481C,YMR290C,0,-6.935918,0.09735973924398422,0.9328063130378723,0.8648221492767334
YIR017C,YFR037C,0,-6.9361563,0.0973195880651474,0.9328063130378723,0.865217387676239
YGR129W,YPL242C,0,-6.9382157,0.09727947413921356,0.9328063130378723,0.8656126260757446
YPR143W,YJR033C,0,-6.938689,0.09723939001560211,0.9328063130378723,0.866007924079895
YKL058W,YDL117W,0,-6.938708,0.09719934314489365,0.9328063130378723,0.8664031624794006
YKL045W,YGR260W,0,-6.940925,0.09715932607650757,0.9328063130378723,0.8667984008789062
YGL061C,YBR091C,0,-6.942846,0.09711933881044388,0.9328063130378723,0.8671936988830566
YBR210W,YPL015C,0,-6.9432473,0.09707938879728317,0.9328063130378723,0.8675889372825623
YGR209C,YOR086C,0,-6.943324,0.09703947603702545,0.9328063130378723,0.8679841756820679
YDR017C,YMR188C,0,-6.94354,0.09699958562850952,0.9328063130378723,0.8683794736862183
YIL126W,YBR290W,0,-6.94391,0.09695973992347717,0.9328063130378723,0.8687747120857239
YPL241C,YGL096W,0,-6.9441323,0.09691991657018661,0.9328063130378723,0.8691699504852295
YER030W,YOL064C,0,-6.944303,0.09688013046979904,0.9328063130378723,0.8695651888847351
YNL064C,YOR064C,0,-6.9486823,0.09684037417173386,0.9328063130378723,0.8699604868888855
YPL220W,YDL147W,0,-6.950827,0.09680065512657166,0.9328063130378723,0.8703557252883911
YPL189W,YHR094C,1,-6.952785,0.09717097133398056,0.9367588758468628,0.8703557252883911
YOR386W,YNL245C,0,-6.954723,0.09713114798069,0.9367588758468628,0.8707509636878967
YJL051W,YEL005C,0,-6.9571867,0.09709135442972183,0.9367588758468628,0.8711462616920471
YFR041C,YDL117W,0,-6.9574237,0.09705159813165665,0.9367588758468628,0.8715415000915527
YJR108W,YKL092C,0,-6.9588637,0.09701187163591385,0.9367588758468628,0.8719367384910583
YNR055C,YOR060C,0,-6.9589267,0.09697217494249344,0.9367588758468628,0.8723320364952087
YDR356W,YER169W,0,-6.959542,0.09693251550197601,0.9367588758468628,0.8727272748947144
YDR532C,YGR172C,0,-6.959625,0.09689288586378098,0.9367588758468628,0.87312251329422
YBR234C,YDR051C,0,-6.959929,0.09685328602790833,0.9367588758468628,0.8735178112983704
YAL023C,YPR106W,0,-6.9634576,0.09681372344493866,0.9367588758468628,0.873913049697876
YER083C,YKR046C,0,-6.964433,0.09677419066429138,0.9367588758468628,0.8743082880973816
YNL240C,YBR089C-A,0,-6.9712515,0.09673469513654709,0.9367588758468628,0.874703586101532
YMR009W,YGR279C,0,-6.972008,0.09669522941112518,0.9367588758468628,0.8750988245010376
YKL138C,YNL294C,0,-6.9737306,0.09665579348802567,0.9367588758468628,0.8754940629005432
YBL097W,YPL086C,0,-6.9762416,0.09661638736724854,0.9367588758468628,0.8758893013000488
YBR251W,YFL029C,0,-6.976874,0.09657701849937439,0.9367588758468628,0.8762845993041992
YIR037W,YBL057C,0,-6.9770923,0.09653767943382263,0.9367588758468628,0.8766798377037048
YBR212W,YLR265C,0,-6.9773316,0.09649837017059326,0.9367588758468628,0.8770750761032104
YJR160C,YGL084C,1,-6.9778094,0.09686609357595444,0.9407114386558533,0.8770750761032104
YCL040W,YFR053C,1,-6.9785686,0.09723352640867233,0.9446640610694885,0.8770750761032104
YDR292C,YER143W,0,-6.981094,0.09719397872686386,0.9446640610694885,0.8774703741073608
YLR421C,YMR274C,0,-6.982564,0.09715446829795837,0.9446640610694885,0.8778656125068665
YCR048W,YPL160W,0,-6.9847755,0.09711499512195587,0.9446640610694885,0.8782608509063721
YGL127C,YPR192W,0,-6.98546,0.09707555174827576,0.9446640610694885,0.8786561489105225
YEL034W,YNL270C,0,-6.9854875,0.09703613817691803,0.9446640610694885,0.8790513873100281
YBR078W,YER065C,0,-6.9861283,0.09699675440788269,0.9446640610694885,0.8794466257095337
YOR332W,YNL330C,0,-6.986875,0.09695740044116974,0.9446640610694885,0.8798419237136841
YDR003W,YJL190C,0,-6.9868855,0.09691808372735977,0.9446640610694885,0.8802371621131897
YML064C,YGL153W,0,-6.987445,0.09687879681587219,0.9446640610694885,0.8806324005126953
YER016W,YHR194W,0,-6.988265,0.0968395471572876,0.9446640610694885,0.8810276389122009
YLR011W,YML008C,0,-6.98961,0.09680032730102539,0.9446640610694885,0.8814229369163513
YNL039W,YMR022W,0,-6.9942303,0.09676113724708557,0.9446640610694885,0.8818181753158569
YBL078C,YHR193C,0,-6.9943814,0.09672197699546814,0.9446640610694885,0.8822134137153625
YGL253W,YJR158W,1,-6.9950533,0.09708737581968307,0.948616623878479,0.8822134137153625
YER032W,YCL011C,0,-6.9953485,0.09704811871051788,0.948616623878479,0.8826087117195129
YCL067C,YPL172C,0,-6.995725,0.09700889140367508,0.948616623878479,0.8830039501190186
YPR108W,YDR179C,0,-6.9967694,0.09696969389915466,0.948616623878479,0.8833991885185242
YIL121W,YKR014C,0,-6.997324,0.09693053364753723,0.948616623878479,0.8837944865226746
YGL249W,YNR020C,0,-6.997646,0.09689140319824219,0.948616623878479,0.8841897249221802
YGL006W,YEL065W,0,-6.998431,0.09685230255126953,0.948616623878479,0.8845849633216858
YDR085C,YJL104W,0,-6.999906,0.09681323170661926,0.948616623878479,0.8849802613258362
YGL065C,YML093W,0,-7.002471,0.09677419066429138,0.948616623878479,0.8853754997253418
YML095C,YKR007W,0,-7.002818,0.09673518687486649,0.948616623878479,0.8857707381248474
YGL022W,YFL005W,0,-7.0042,0.09669621288776398,0.948616623878479,0.8861660361289978
YOR260W,YOL119C,0,-7.0053444,0.09665726870298386,0.948616623878479,0.8865612745285034
YNL331C,YIL065C,0,-7.007403,0.09661835432052612,0.948616623878479,0.886956512928009
YLR299W,YNL148C,0,-7.008531,0.09657947719097137,0.948616623878479,0.8873517513275146
YHR096C,YGL253W,1,-7.008593,0.09694287925958633,0.9525691866874695,0.8873517513275146
YOR059C,YLR135W,0,-7.0086064,0.09690389782190323,0.9525691866874695,0.887747049331665
YKL062W,YNR033W,0,-7.0089087,0.09686495363712311,0.9525691866874695,0.8881422877311707
YBR154C,YOR193W,0,-7.0091724,0.09682603180408478,0.9525691866874695,0.8885375261306763
YNR036C,YCR071C,0,-7.0100856,0.09678714722394943,0.9525691866874695,0.8889328241348267
YGL035C,YOL068C,0,-7.0109124,0.09674829244613647,0.9525691866874695,0.8893280625343323
YPL189W,YGL084C,1,-7.0109677,0.09711075574159622,0.95652174949646,0.8893280625343323
YDR257C,YDL175C,0,-7.0112143,0.0970718041062355,0.95652174949646,0.8897233009338379
YGR224W,YGL123W,0,-7.0113645,0.09703288227319717,0.95652174949646,0.8901185989379883
YGL198W,YGR075C,0,-7.011517,0.09699399024248123,0.95652174949646,0.8905138373374939
YCR021C,YCR047C,0,-7.012694,0.09695512801408768,0.95652174949646,0.8909090757369995
YLR237W,YPL075W,0,-7.0141435,0.0969163030385971,0.95652174949646,0.8913043737411499
YIL039W,YPL008W,0,-7.014767,0.09687750041484833,0.95652174949646,0.8916996121406555
YLR019W,YFR041C,0,-7.0152855,0.09683873504400253,0.95652174949646,0.8920948505401611
YJL139C,YOR195W,0,-7.015474,0.09679999947547913,0.95652174949646,0.8924900889396667
YGR249W,YOL061W,0,-7.0168223,0.0967612937092781,0.95652174949646,0.8928853869438171
YJL089W,YGL153W,0,-7.017281,0.09672262519598007,0.95652174949646,0.8932806253433228
YGL104C,YHR147C,0,-7.017569,0.09668397903442383,0.95652174949646,0.8936758637428284
YML130C,YMR307W,0,-7.01934,0.09664537012577057,0.95652174949646,0.8940711617469788
YCL064C,YGR181W,0,-7.0214396,0.0966067835688591,0.95652174949646,0.8944664001464844
YKL196C,YIL113W,0,-7.023293,0.09656823426485062,0.95652174949646,0.89486163854599
YGL142C,YDR176W,0,-7.024068,0.09652971476316452,0.95652174949646,0.8952569365501404
YKR061W,YPL100W,0,-7.0246644,0.09649122506380081,0.95652174949646,0.895652174949646
YOL030W,YIL044C,0,-7.0251317,0.09645277261734009,0.95652174949646,0.8960474133491516
YDR214W,YOR007C,0,-7.025697,0.09641434252262115,0.95652174949646,0.896442711353302
YLR089C,YDR443C,0,-7.025838,0.09637594223022461,0.95652174949646,0.8968379497528076
YGR148C,YHR161C,0,-7.028127,0.09633757919073105,0.95652174949646,0.8972331881523132
YFL011W,YDR536W,1,-7.029119,0.09669717401266098,0.9604743123054504,0.8972331881523132
YML027W,YPR105C,0,-7.029212,0.09665871411561966,0.9604743123054504,0.8976284861564636
YLR210W,YGL255W,0,-7.03075,0.09662027657032013,0.9604743123054504,0.8980237245559692
YJL093C,YAL042W,0,-7.0309796,0.09658187627792358,0.9604743123054504,0.8984189629554749
YNL216W,YLR071C,0,-7.031834,0.09654350578784943,0.9604743123054504,0.8988142013549805
YBR070C,YGL119W,0,-7.036319,0.09650516510009766,0.9604743123054504,0.8992094993591309
YOL156W,YDR536W,1,-7.036844,0.09686383605003357,0.9644268751144409,0.8992094993591309
YIL010W,YLR384C,0,-7.038112,0.09682539850473404,0.9644268751144409,0.8996047377586365
YHR084W,YDR484W,0,-7.040222,0.0967869907617569,0.9644268751144409,0.8999999761581421
YOR144C,YEL011W,0,-7.0412097,0.09674861282110214,0.9644268751144409,0.9003952741622925
YOR174W,YAL034W-A,0,-7.0428505,0.09671026468276978,0.9644268751144409,0.9007905125617981
YAL062W,YGR208W,0,-7.0434084,0.0966719463467598,0.9644268751144409,0.9011857509613037
YNL132W,YMR068W,0,-7.0456085,0.0966336652636528,0.9644268751144409,0.9015810489654541
YBR045C,YOR210W,0,-7.0484405,0.0965954065322876,0.9644268751144409,0.9019762873649597
YPL266W,YMR323W,0,-7.0488496,0.09655718505382538,0.9644268751144409,0.9023715257644653
YNL115C,YEL026W,0,-7.0488825,0.09651898592710495,0.9644268751144409,0.9027668237686157
YOR081C,YNL056W,0,-7.0500083,0.0964808240532875,0.9644268751144409,0.9031620621681213
YHR152W,YHR098C,0,-7.0510955,0.09644268453121185,0.9644268751144409,0.903557300567627
YNL081C,YOR039W,0,-7.0519943,0.09640458226203918,0.9644268751144409,0.9039525985717773
YMR040W,YGR165W,0,-7.052898,0.0963665097951889,0.9644268751144409,0.904347836971283
YJR126C,YPL126W,0,-7.053026,0.09632846713066101,0.9644268751144409,0.9047430753707886
YDL247W,YMR011W,1,-7.058289,0.09668508172035217,0.9683794379234314,0.9047430753707886
YOR113W,YGL073W,0,-7.0602927,0.09664694219827652,0.9683794379234314,0.9051383137702942
YGL040C,YBR289W,0,-7.0603356,0.09660883247852325,0.9683794379234314,0.9055336117744446
YOL146W,YOR110W,0,-7.060802,0.09657075256109238,0.9683794379234314,0.9059288501739502
YGR289C,YGL084C,1,-7.067593,0.09692671149969101,0.9723320007324219,0.9059288501739502
YBL050W,YNL152W,0,-7.068115,0.09688854217529297,0.9723320007324219,0.9063240885734558
YBR055C,YMR204C,0,-7.0718155,0.09685039520263672,0.9723320007324219,0.9067193865776062
YGR009C,YPL280W,0,-7.0718675,0.09681227803230286,0.9723320007324219,0.9071146249771118
YKR067W,YAL034W-A,0,-7.0721984,0.09677419066429138,0.9723320007324219,0.9075098633766174
YLR084C,YPL194W,0,-7.072303,0.09673614054918289,0.9723320007324219,0.9079051613807678
YIL066C,YJL137C,0,-7.0739284,0.09669811278581619,0.9723320007324219,0.9083003997802734
YKL005C,YLR423C,0,-7.0744443,0.09666011482477188,0.9723320007324219,0.908695638179779
YMR263W,YBL082C,0,-7.07696,0.09662215411663055,0.9723320007324219,0.9090909361839294
YDR202C,YMR188C,0,-7.079844,0.09658421576023102,0.9723320007324219,0.9094861745834351
YOR060C,YIL157C,0,-7.080689,0.09654630720615387,0.9723320007324219,0.9098814129829407
YPL181W,YHR072W,0,-7.0808134,0.0965084359049797,0.9723320007324219,0.9102766513824463
YLL057C,YER021W,0,-7.0808945,0.09647058695554733,0.9723320007324219,0.9106719493865967
YOR384W,YIR036C,0,-7.081797,0.09643276780843735,0.9723320007324219,0.9110671877861023
YPR110C,YOR267C,0,-7.08397,0.09639498591423035,0.9723320007324219,0.9114624261856079
YDR456W,YML077W,0,-7.0887833,0.09635722637176514,0.9723320007324219,0.9118577241897583
YPL055C,YOR045W,0,-7.088894,0.09631949663162231,0.9723320007324219,0.9122529625892639
YGR212W,YOR363C,0,-7.095569,0.09628179669380188,0.9723320007324219,0.9126482009887695
YDL165W,YDR246W,0,-7.0962267,0.09624413400888443,0.9723320007324219,0.9130434989929199
YLR038C,YNL270C,0,-7.0972953,0.09620649367570877,0.9723320007324219,0.9134387373924255
YDR529C,YBR185C,0,-7.0980062,0.0961688831448555,0.9723320007324219,0.9138339757919312
YDR099W,YBR211C,0,-7.100381,0.09613130241632462,0.9723320007324219,0.9142292737960815
YNL270C,YPL271W,0,-7.1006722,0.09609375149011612,0.9723320007324219,0.9146245121955872
YGL084C,YJL219W,1,-7.1010985,0.0964467003941536,0.9762845635414124,0.9146245121955872
YCR068W,YMR242C,0,-7.1013217,0.09640905261039734,0.9762845635414124,0.9150197505950928
YLR421C,YOL056W,0,-7.1018686,0.09637144207954407,0.9762845635414124,0.9154150485992432
YIL034C,YOL077C,0,-7.102302,0.09633385390043259,0.9762845635414124,0.9158102869987488
YOR047C,YBR003W,0,-7.103079,0.0962962955236435,0.9762845635414124,0.9162055253982544
YGR260W,YOR257W,0,-7.1038284,0.09625876694917679,0.9762845635414124,0.91660076379776
YHR108W,YDL115C,0,-7.1044917,0.09622126817703247,0.9762845635414124,0.9169960618019104
YMR071C,YGL018C,0,-7.1081862,0.09618379920721054,0.9762845635414124,0.917391300201416
YOL071W,YIL084C,0,-7.11033,0.096146360039711,0.9762845635414124,0.9177865386009216
YDL043C,YDL123W,0,-7.1103463,0.09610895067453384,0.9762845635414124,0.918181836605072
YOL027C,YCR004C,0,-7.1149173,0.09607157111167908,0.9762845635414124,0.9185770750045776
YKL141W,YPR029C,0,-7.1163125,0.0960342139005661,0.9762845635414124,0.9189723134040833
YDL153C,YKR039W,0,-7.1166925,0.09599689394235611,0.9762845635414124,0.9193676114082336
YKL143W,YLR370C,0,-7.117121,0.09595959633588791,0.9762845635414124,0.9197628498077393
YCR021C,YMR288W,0,-7.118874,0.0959223285317421,0.9762845635414124,0.9201580882072449
YLR337C,YDR201W,0,-7.119415,0.09588509052991867,0.9762845635414124,0.9205533862113953
YOR079C,YDL194W,0,-7.120916,0.09584788233041763,0.9762845635414124,0.9209486246109009
YLR361C,YGR172C,0,-7.1226697,0.09581070393323898,0.9762845635414124,0.9213438630104065
YOL061W,YOL052C-A,0,-7.1279683,0.09577355533838272,0.9762845635414124,0.9217391014099121
YHR172W,YBR217W,0,-7.1282434,0.09573643654584885,0.9762845635414124,0.9221343994140625
YNR041C,YFR007W,0,-7.129276,0.09569934010505676,0.9762845635414124,0.9225296378135681
YKL140W,YJL041W,0,-7.1296315,0.09566228091716766,0.9762845635414124,0.9229248762130737
YJR050W,YLR056W,0,-7.133572,0.09562524408102036,0.9762845635414124,0.9233201742172241
YHR171W,YHL033C,0,-7.135021,0.09558823704719543,0.9762845635414124,0.9237154126167297
YKL112W,YER153C,0,-7.140282,0.0955512598156929,0.9762845635414124,0.9241106510162354
YJL092W,YOL135C,0,-7.141906,0.09551430493593216,0.9762845635414124,0.9245059490203857
YLR222C,YLR120C,0,-7.1456065,0.0954773873090744,0.9762845635414124,0.9249011874198914
YNL248C,YLR051C,0,-7.145657,0.09544049203395844,0.9762845635414124,0.925296425819397
YDR016C,YFL039C,0,-7.1456695,0.09540363401174545,0.9762845635414124,0.9256917238235474
YLR249W,YDR425W,0,-7.146919,0.09536679834127426,0.9762845635414124,0.926086962223053
YDR129C,YBL027W,0,-7.147263,0.09532998502254486,0.9762845635414124,0.9264822006225586
YMR292W,YNL241C,0,-7.1482134,0.09529320895671844,0.9762845635414124,0.926877498626709
YKR067W,YNL066W,0,-7.157631,0.09525646269321442,0.9762845635414124,0.9272727370262146
YJR052W,YMR171C,0,-7.160565,0.09521973878145218,0.9762845635414124,0.9276679754257202
YAL014C,YGL130W,0,-7.1615767,0.09518304467201233,0.9762845635414124,0.9280632138252258
YHR124W,YER170W,0,-7.164588,0.09514638036489487,0.9762845635414124,0.9284585118293762
YLR189C,YDL067C,0,-7.1668806,0.0951097384095192,0.9762845635414124,0.9288537502288818
YLR277C,YPL164C,0,-7.1668944,0.09507313370704651,0.9762845635414124,0.9292489886283875
YLR135W,YMR257C,0,-7.1675806,0.09503655135631561,0.9762845635414124,0.9296442866325378
YOL147C,YPR134W,0,-7.17505,0.0949999988079071,0.9762845635414124,0.9300395250320435
YGL179C,YGL116W,0,-7.1773963,0.09496347606182098,0.9762845635414124,0.9304347634315491
YCL040W,YMR011W,1,-7.1862817,0.09531129896640778,0.9802371263504028,0.9304347634315491
YGR170W,YML086C,0,-7.1927238,0.0952746793627739,0.9802371263504028,0.9308300614356995
YPL047W,YMR243C,0,-7.1934185,0.095238097012043,0.9802371263504028,0.9312252998352051
YLR186W,YJL048C,0,-7.1940756,0.0952015370130539,0.9802371263504028,0.9316205382347107
YOR094W,YPL159C,0,-7.1956735,0.09516500681638718,0.9802371263504028,0.9320158362388611
YIL066C,YGL025C,0,-7.197028,0.09512849897146225,0.9802371263504028,0.9324110746383667
YGR289C,YGL253W,1,-7.1977057,0.0954754576086998,0.9841897487640381,0.9324110746383667
YDR314C,YER044C,0,-7.198274,0.0954388678073883,0.9841897487640381,0.9328063130378723
YDL138W,YDL092W,0,-7.1987824,0.0954023003578186,0.9841897487640381,0.9332015514373779
YHR092C,YDR345C,1,-7.1991553,0.09574875235557556,0.9881423115730286,0.9332015514373779
YKL146W,YLR277C,0,-7.2004676,0.0957120954990387,0.9881423115730286,0.9335968494415283
YGL166W,YLR097C,0,-7.2074447,0.09567546844482422,0.9881423115730286,0.9339920878410339
YHL024W,YPL214C,0,-7.209164,0.09563887119293213,0.9881423115730286,0.9343873262405396
YMR012W,YLR246W,0,-7.2106376,0.09560229629278183,0.9881423115730286,0.9347826242446899
YDR334W,YDR425W,0,-7.211973,0.09556575119495392,0.9881423115730286,0.9351778626441956
YCL067C,YPL038W,0,-7.2127748,0.0955292284488678,0.9881423115730286,0.9355731010437012
YHR001W,YNL300W,0,-7.2128477,0.09549274295568466,0.9881423115730286,0.9359683990478516
YIL023C,YCL051W,0,-7.2142525,0.09545627981424332,0.9881423115730286,0.9363636374473572
YDR297W,YPR140W,0,-7.219898,0.09541984647512436,0.9881423115730286,0.9367588758468628
YBR024W,YBL017C,0,-7.2225823,0.09538344293832779,0.9881423115730286,0.9371541738510132
YKR060W,YLR275W,0,-7.223744,0.09534706175327301,0.9881423115730286,0.9375494122505188
YLR239C,YMR055C,0,-7.2262797,0.09531071037054062,0.9881423115730286,0.9379446506500244
YDR231C,YMR004W,0,-7.23082,0.09527438879013062,0.9881423115730286,0.9383399486541748
YDR510W,YLR266C,0,-7.2314982,0.095238097012043,0.9881423115730286,0.9387351870536804
YPL047W,YLR045C,0,-7.2339363,0.09520182758569717,0.9881423115730286,0.939130425453186
YNR019W,YDR288W,0,-7.2365003,0.09516558796167374,0.9881423115730286,0.9395256638526917
YEL002C,YBR044C,0,-7.240369,0.09512937813997269,0.9881423115730286,0.939920961856842
YPR134W,YMR171C,0,-7.240555,0.09509319067001343,0.9881423115730286,0.9403162002563477
YPL280W,YLR056W,0,-7.242274,0.09505703300237656,0.9881423115730286,0.9407114386558533
YKL032C,YEL002C,0,-7.244966,0.09502090513706207,0.9881423115730286,0.9411067366600037
YBR154C,YPR151C,0,-7.2460065,0.09498479962348938,0.9881423115730286,0.9415019750595093
YJL001W,YMR312W,0,-7.249564,0.09494873136281967,0.9881423115730286,0.9418972134590149
YHR094C,YDR345C,1,-7.2587447,0.09529232978820801,0.992094874382019,0.9418972134590149
YKR085C,YPL100W,0,-7.2602305,0.09525616466999054,0.992094874382019,0.9422925114631653
YCL066W,YLR045C,0,-7.260697,0.09522002935409546,0.992094874382019,0.9426877498626709
YKL167C,YKR053C,0,-7.261682,0.09518392384052277,0.992094874382019,0.9430829882621765
YHR167W,YIL137C,0,-7.2629623,0.09514784067869186,0.992094874382019,0.9434782862663269
YHR139C,YBR153W,0,-7.2645783,0.09511178731918335,0.992094874382019,0.9438735246658325
YPL193W,YJL058C,0,-7.2654414,0.09507575631141663,0.992094874382019,0.9442687630653381
YLR435W,YMR098C,0,-7.267143,0.09503975510597229,0.992094874382019,0.9446640610694885
YHR084W,YAL020C,0,-7.2673044,0.09500378370285034,0.992094874382019,0.9450592994689941
YDL102W,YJL154C,0,-7.2702355,0.09496784210205078,0.992094874382019,0.9454545378684998
YJR094W-A,YIL136W,0,-7.2737308,0.09493192285299301,0.992094874382019,0.9458497762680054
YDR412W,YDL194W,0,-7.274018,0.09489603340625763,0.992094874382019,0.9462450742721558
YDL212W,YJL036W,0,-7.279334,0.09486016631126404,0.992094874382019,0.9466403126716614
YMR263W,YDL126C,0,-7.281417,0.09482432901859283,0.992094874382019,0.947035551071167
YHR104W,YDR101C,0,-7.2828126,0.09478852152824402,0.992094874382019,0.9474308490753174
YDR147W,YJR059W,0,-7.2838874,0.094752736389637,0.992094874382019,0.947826087474823
YKL069W,YGR086C,0,-7.2915206,0.09471698105335236,0.992094874382019,0.9482213258743286
YBR211C,YLR078C,0,-7.291637,0.0946812555193901,0.992094874382019,0.948616623878479
YDR003W,YMR242C,0,-7.2929845,0.09464555233716965,0.992094874382019,0.9490118622779846
YLR229C,YGR044C,0,-7.298021,0.09460987895727158,0.992094874382019,0.9494071006774902
YJL138C,YDR096W,0,-7.2982264,0.0945742279291153,0.992094874382019,0.9498023986816406
YAR033W,YDR312W,0,-7.298555,0.0945386067032814,0.992094874382019,0.9501976370811462
YCL051W,YMR131C,0,-7.2992287,0.0945030152797699,0.992094874382019,0.9505928754806519
YER112W,YNR033W,0,-7.3006206,0.09446744620800018,0.992094874382019,0.9509881138801575
YMR311C,YJL002C,0,-7.3039937,0.09443190693855286,0.992094874382019,0.9513834118843079
YDR041W,YJR064W,0,-7.307198,0.09439639002084732,0.992094874382019,0.9517786502838135
YLR207W,YKR092C,0,-7.3080554,0.09436090290546417,0.992094874382019,0.9521738886833191
YDR289C,YNL323W,0,-7.3091555,0.09432543814182281,0.992094874382019,0.9525691866874695
YHR169W,YMR056C,0,-7.3115554,0.09429001063108444,0.992094874382019,0.9529644250869751
YKL029C,YAR033W,0,-7.3131948,0.09425459802150726,0.992094874382019,0.9533596634864807
YGR161C,YPR192W,0,-7.3154507,0.09421922266483307,0.992094874382019,0.9537549614906311
YFL056C,YLR196W,0,-7.319154,0.09418386220932007,0.992094874382019,0.9541501998901367
YER060W,YGR183C,0,-7.3226643,0.09414853900671005,0.992094874382019,0.9545454382896423
YHR133C,YGR028W,0,-7.3250346,0.09411323815584183,0.992094874382019,0.9549407362937927
YKR049C,YJL069C,0,-7.3278303,0.0940779596567154,0.992094874382019,0.9553359746932983
YKL218C,YMR214W,0,-7.328525,0.09404271095991135,0.992094874382019,0.955731213092804
YDR206W,YFR041C,0,-7.331398,0.09400749206542969,0.992094874382019,0.9561265110969543
YMR158W,YPL018W,0,-7.3338337,0.09397229552268982,0.992094874382019,0.95652174949646
YJR001W,YLR319C,0,-7.3354583,0.09393712878227234,0.992094874382019,0.9569169878959656
YDL120W,YCL051W,0,-7.3357434,0.09390198439359665,0.992094874382019,0.9573122262954712
YOL126C,YNR054C,0,-7.3395066,0.09386686980724335,0.992094874382019,0.9577075242996216
YAL051W,YDR484W,0,-7.342622,0.09383177757263184,0.992094874382019,0.9581027626991272
YBR001C,YNL189W,0,-7.345277,0.09379671514034271,0.992094874382019,0.9584980010986328
YKL193C,YNL308C,0,-7.3514323,0.09376167505979538,0.992094874382019,0.9588932991027832
YOR319W,YMR068W,0,-7.3557763,0.09372666478157043,0.992094874382019,0.9592885375022888
YBR049C,YGL208W,0,-7.356716,0.09369167685508728,0.992094874382019,0.9596837759017944
YDR303C,YJL078C,0,-7.365377,0.09365671873092651,0.992094874382019,0.9600790739059448
YLR355C,YOR036W,0,-7.391128,0.09362178295850754,0.992094874382019,0.9604743123054504
YGL058W,YMR119W,0,-7.391763,0.09358687698841095,0.992094874382019,0.960869550704956
YOL119C,YOR182C,0,-7.393866,0.09355199337005615,0.992094874382019,0.9612648487091064
YJR043C,YML118W,0,-7.3960547,0.09351713955402374,0.992094874382019,0.9616600871086121
YLR034C,YHR158C,0,-7.4002705,0.09348230808973312,0.992094874382019,0.9620553255081177
YER018C,YMR205C,0,-7.4005847,0.09344750642776489,0.992094874382019,0.9624505639076233
YML107C,YLL015W,0,-7.4131455,0.09341272711753845,0.992094874382019,0.9628458619117737
YLR034C,YGR271C-A,0,-7.4183764,0.0933779776096344,0.992094874382019,0.9632411003112793
YOR347C,YJL145W,0,-7.42128,0.09334325045347214,0.992094874382019,0.9636363387107849
YDR350C,YML069W,0,-7.4214253,0.09330855309963226,0.992094874382019,0.9640316367149353
YOR278W,YMR257C,0,-7.4268303,0.09327387809753418,0.992094874382019,0.9644268751144409
YDR436W,YMR268C,0,-7.427983,0.09323922544717789,0.992094874382019,0.9648221135139465
YIL153W,YBR217W,0,-7.431651,0.09320460259914398,0.992094874382019,0.9652174115180969
YHR036W,YBR302C,0,-7.43178,0.09317000955343246,0.992094874382019,0.9656126499176025
YGL161C,YDL112W,0,-7.4418335,0.09313543885946274,0.992094874382019,0.9660078883171082
YGR154C,YLR372W,0,-7.4464197,0.0931008905172348,0.992094874382019,0.9664031863212585
YDR339C,YJL036W,0,-7.450103,0.09306637197732925,0.992094874382019,0.9667984247207642
YGR087C,YDR347W,0,-7.4630675,0.0930318757891655,0.992094874382019,0.9671936631202698
YJR097W,YDR231C,0,-7.4682956,0.09299740940332413,0.992094874382019,0.9675889611244202
YBL064C,YPL237W,0,-7.473276,0.09296296536922455,0.992094874382019,0.9679841995239258
YGR142W,YOR361C,0,-7.480729,0.09292854368686676,0.992094874382019,0.9683794379234314
YHR101C,YML072C,0,-7.4866776,0.09289415180683136,0.992094874382019,0.968774676322937
YHR114W,YKR065C,0,-7.4890723,0.09285978227853775,0.992094874382019,0.9691699743270874
YDR308C,YMR053C,0,-7.498624,0.09282544255256653,0.992094874382019,0.969565212726593
YML076C,YEL059C-A,0,-7.5055056,0.0927911251783371,0.992094874382019,0.9699604511260986
YDL005C,YKL065C,0,-7.511458,0.09275683760643005,0.992094874382019,0.970355749130249
YLR221C,YMR290C,0,-7.518188,0.0927225723862648,0.992094874382019,0.9707509875297546
YEL018W,YGR223C,0,-7.5196605,0.09268832951784134,0.992094874382019,0.9711462259292603
YBL020W,YFR053C,1,-7.5228467,0.09302325546741486,0.9960474371910095,0.9711462259292603
YNL156C,YKR080W,0,-7.5236545,0.09298893064260483,0.9960474371910095,0.9715415239334106
YOR073W,YPL091W,0,-7.528026,0.09295462816953659,0.9960474371910095,0.9719367623329163
YKR065C,YNL009W,0,-7.536858,0.09292035549879074,0.9960474371910095,0.9723320007324219
YDR257C,YOR058C,0,-7.546513,0.09288610517978668,0.9960474371910095,0.9727272987365723
YCR092C,YMR201C,0,-7.5476885,0.09285187721252441,0.9960474371910095,0.9731225371360779
YAL032C,YNL311C,0,-7.5526004,0.09281767904758453,0.9960474371910095,0.9735177755355835
YJR117W,YCR009C,0,-7.5615463,0.09278350323438644,0.9960474371910095,0.9739130139350891
YBR103W,YML101C,0,-7.572695,0.09274935722351074,0.9960474371910095,0.9743083119392395
YDL223C,YNL082W,0,-7.57289,0.09271523356437683,0.9960474371910095,0.9747035503387451
YDL212W,YOR386W,0,-7.5729213,0.09268113225698471,0.9960474371910095,0.9750987887382507
YEL061C,YGL141W,0,-7.593291,0.09264706075191498,0.9960474371910095,0.9754940867424011
YBR212W,YNL132W,0,-7.611146,0.09261301159858704,0.9960474371910095,0.9758893251419067
YMR292W,YBR273C,0,-7.611622,0.09257898479700089,0.9960474371910095,0.9762845635414124
YGR195W,YLR196W,0,-7.622392,0.09254498779773712,0.9960474371910095,0.9766798615455627
YLR304C,YOR257W,0,-7.6271744,0.09251101315021515,0.9960474371910095,0.9770750999450684
YGL184C,YOR316C,0,-7.6330934,0.09247706085443497,0.9960474371910095,0.977470338344574
YBL078C,YOR257W,0,-7.633848,0.09244313836097717,0.9960474371910095,0.9778656363487244
YNL199C,YBL093C,0,-7.643634,0.09240923821926117,0.9960474371910095,0.97826087474823
YER100W,YJL058C,0,-7.6457443,0.09237536787986755,0.9960474371910095,0.9786561131477356
YFL056C,YGL016W,0,-7.647964,0.09234151989221573,0.9960474371910095,0.979051411151886
YGL191W,YMR177W,0,-7.6553044,0.0923076942563057,0.9960474371910095,0.9794466495513916
YER082C,YKR060W,0,-7.6566167,0.09227389097213745,0.9960474371910095,0.9798418879508972
YKL065C,YHR187W,0,-7.658893,0.0922401174902916,0.9960474371910095,0.9802371263504028
YMR081C,YNL189W,0,-7.663324,0.09220636636018753,0.9960474371910095,0.9806324243545532
YKL143W,YCR004C,0,-7.6716394,0.09217263758182526,0.9960474371910095,0.9810276627540588
YJL001W,YFR009W,0,-7.6905313,0.09213893860578537,0.9960474371910095,0.9814229011535645
YDR166C,YOL023W,0,-7.696949,0.09210526198148727,0.9960474371910095,0.9818181991577148
YCR066W,YNL149C,0,-7.7084613,0.09207160770893097,0.9960474371910095,0.9822134375572205
YDR217C,YLL001W,0,-7.7182603,0.09203798323869705,0.9960474371910095,0.9826086759567261
YJR123W,YDR178W,0,-7.7312727,0.09200438112020493,0.9960474371910095,0.9830039739608765
YGR142W,YHR067W,0,-7.735021,0.09197080135345459,0.9960474371910095,0.9833992123603821
YHR160C,YLR340W,0,-7.735214,0.09193725138902664,0.9960474371910095,0.9837944507598877
YNL292W,YOL100W,0,-7.739715,0.09190371632575989,0.9960474371910095,0.9841897487640381
YGR275W,YKL188C,0,-7.748887,0.09187021851539612,0.9960474371910095,0.9845849871635437
YDR292C,YHR160C,0,-7.7488933,0.09183673560619354,0.9960474371910095,0.9849802255630493
YNL093W,YLR055C,0,-7.7563033,0.09180327504873276,0.9960474371910095,0.9853755235671997
YIL097W,YPL183C,0,-7.7691493,0.09176984429359436,0.9960474371910095,0.9857707619667053
YMR022W,YKR080W,0,-7.7694497,0.09173644334077835,0.9960474371910095,0.9861660003662109
YDR163W,YJR046W,0,-7.7697363,0.09170305728912354,0.9960474371910095,0.9865612387657166
YGL029W,YNL002C,0,-7.8018255,0.09166970103979111,0.9960474371910095,0.9869565367698669
YGL205W,YOR057W,0,-7.8076835,0.09163636714220047,0.9960474371910095,0.9873517751693726
YOR188W,YDR533C,0,-7.810783,0.09160305559635162,0.9960474371910095,0.9877470135688782
YKR058W,YHR129C,0,-7.8446875,0.09156976640224457,0.9960474371910095,0.9881423115730286
YDR165W,YLR423C,0,-7.8515797,0.0915365070104599,0.9960474371910095,0.9885375499725342
YHR076W,YDR171W,0,-7.8556437,0.09150326997041702,0.9960474371910095,0.9889327883720398
YAL061W,YOL041C,0,-7.8562694,0.09147005528211594,0.9960474371910095,0.9893280863761902
YGR030C,YJL101C,0,-7.85651,0.09143686294555664,0.9960474371910095,0.9897233247756958
YNL123W,YOL052C-A,0,-7.8572383,0.09140370041131973,0.9960474371910095,0.9901185631752014
YPL135W,YNL077W,0,-7.862265,0.09137056022882462,0.9960474371910095,0.9905138611793518
YJL198W,YDR425W,0,-7.884854,0.09133744239807129,0.9960474371910095,0.9909090995788574
YOR374W,YBR205W,0,-7.885717,0.09130434691905975,0.9960474371910095,0.991304337978363
YER119C,YLR068W,0,-7.8954215,0.0912712812423706,0.9960474371910095,0.9916995763778687
YIL125W,YLR003C,0,-7.898493,0.09123823046684265,0.9960474371910095,0.992094874382019
YOR001W,YGR280C,0,-7.9095583,0.09120520949363708,0.9960474371910095,0.9924901127815247
YDR148C,YOL146W,0,-7.9391565,0.09117221087217331,0.9960474371910095,0.9928853511810303
YOL120C,YOR063W,0,-7.939255,0.09113924205303192,0.9960474371910095,0.9932806491851807
YPL045W,YKR025W,0,-7.962177,0.09110628813505173,0.9960474371910095,0.9936758875846863
YDR058C,YDR097C,0,-7.9684944,0.09107336401939392,0.9960474371910095,0.9940711259841919
YDR162C,YMR215W,0,-7.9818587,0.0910404622554779,0.9960474371910095,0.9944664239883423
YPR057W,YOL001W,0,-7.988659,0.09100758284330368,0.9960474371910095,0.9948616623878479
YNL206C,YPL214C,0,-8.005861,0.09097472578287125,0.9960474371910095,0.9952569007873535
YBR043C,YML098W,0,-8.017024,0.0909418985247612,0.9960474371910095,0.9956521987915039
YGL029W,YDL112W,0,-8.039649,0.09090909361839294,0.9960474371910095,0.9960474371910095
YHR106W,YBL024W,0,-8.052938,0.09087630361318588,0.9960474371910095,0.9964426755905151
YDR412W,YKR049C,0,-8.246301,0.0908435508608818,0.9960474371910095,0.9968379735946655
YIL125W,YOR056C,0,-8.40484,0.09081081300973892,0.9960474371910095,0.9972332119941711
YNL069C,YML026C,0,-8.4147625,0.09077809751033783,0.9960474371910095,0.9976284503936768
YBR126C,YBR154C,0,-8.472958,0.09074541181325912,0.9960474371910095,0.9980236887931824
YNL061W,YMR041C,0,-8.677641,0.09071274101734161,0.9960474371910095,0.9984189867973328
YOR271C,YHR016C,0,-8.831015,0.09068010002374649,0.9960474371910095,0.9988142251968384
YJL057C,YIL019W,0,-8.954331,0.09064748138189316,0.9960474371910095,0.999209463596344
YLR409C,YBL078C,0,-9.049515,0.09061488509178162,0.9960474371910095,0.9996047616004944
YNL069C,YBR189W,0,-9.595,0.09058231860399246,0.9960474371910095,1.0
YDR343C,YDR342C,1,-16.136555,0.09090909361839294,1.0,1.0
