Gene A,Gene B,Label,Score,Precision,Recall,False Positive Rate
YMR169C,YKR089C,0,3.8448372,0.0,0.0,0.00010002000635722652
YER103W,YNL183C,0,3.5869575,0.0,0.0,0.00020004001271445304
YMR105C,YAL017W,0,3.3885052,0.0,0.0,0.0003000600263476372
YLR205C,YBR072W,0,3.3556643,0.0,0.0,0.0004000800254289061
YEL020C,YKL026C,0,3.1999435,0.0,0.0,0.000500100024510175
YDL010W,YML131W,1,3.1557512,0.1666666716337204,0.0009980039903894067,0.000500100024510175
YLR178C,YMR169C,0,3.0658948,0.1428571492433548,0.0009980039903894067,0.0006001200526952744
YMR220W,YMR250W,0,3.039848,0.125,0.0009980039903894067,0.0007001400226727128
YOL052C-A,YER141W,0,3.0184488,0.1111111119389534,0.0009980039903894067,0.0008001600508578122
YML128C,YNL154C,0,2.9956048,0.10000000149011612,0.0009980039903894067,0.0009001800208352506
YER151C,YFR053C,0,2.9830399,0.09090909361839294,0.0009980039903894067,0.00100020004902035
YHR096C,YHL027W,0,2.9345527,0.0833333358168602,0.0009980039903894067,0.0011002200189977884
YGR008C,YLR362W,1,2.8638597,0.1538461595773697,0.0019960079807788134,0.0011002200189977884
YKL026C,YJL024C,0,2.8536956,0.1428571492433548,0.0019960079807788134,0.0012002401053905487
YER019W,YML131W,1,2.8451176,0.20000000298023224,0.002994012087583542,0.0012002401053905487
YPL196W,YER013W,0,2.8046653,0.1875,0.002994012087583542,0.0013002600753679872
YLR362W,YPL152W,1,2.7499604,0.23529411852359772,0.003992015961557627,0.0013002600753679872
YDR508C,YLL019C,0,2.7090974,0.2222222238779068,0.003992015961557627,0.0014002800453454256
YDR159W,YKL026C,0,2.6964955,0.21052631735801697,0.003992015961557627,0.001500300015322864
YKR066C,YKL096W,0,2.668685,0.20000000298023224,0.003992015961557627,0.0016003201017156243
YPR110C,YKL091C,0,2.6667838,0.190476194024086,0.003992015961557627,0.0017003400716930628
YNL262W,YKL026C,0,2.6583161,0.1818181872367859,0.003992015961557627,0.0018003600416705012
YNL027W,YFL062W,0,2.6129026,0.17391304671764374,0.003992015961557627,0.0019003801280632615
YPR075C,YDR244W,0,2.6071985,0.1666666716337204,0.003992015961557627,0.0020004000980407
YKR066C,YOR299W,0,2.603363,0.1599999964237213,0.003992015961557627,0.0021004201844334602
YLR362W,YBR183W,0,2.5862906,0.1538461595773697,0.003992015961557627,0.002200440037995577
YPL232W,YLR350W,0,2.583407,0.14814814925193787,0.003992015961557627,0.002300460124388337
YNL094W,YPL152W,0,2.569283,0.1428571492433548,0.003992015961557627,0.0024004802107810974
YER101C,YBR236C,0,2.5691798,0.13793103396892548,0.003992015961557627,0.002500500064343214
YFR029W,YIL097W,0,2.5628698,0.13333334028720856,0.003992015961557627,0.0026005201507359743
YJL144W,YDR168W,1,2.5525827,0.16129031777381897,0.004990019835531712,0.0026005201507359743
YHR185C,YIL007C,0,2.548512,0.15625,0.004990019835531712,0.002700540004298091
YHR006W,YDR293C,0,2.5465617,0.1515151560306549,0.004990019835531712,0.002800560090690851
YCR083W,YIL107C,0,2.530998,0.14705882966518402,0.004990019835531712,0.0029005801770836115
YPL230W,YPL240C,1,2.5160065,0.17142857611179352,0.005988024175167084,0.0029005801770836115
YJL128C,YML131W,1,2.515819,0.1944444477558136,0.006986028049141169,0.0029005801770836115
YKL168C,YGR007W,0,2.510108,0.18918919563293457,0.006986028049141169,0.003000600030645728
YNL283C,YKL163W,0,2.4985151,0.18421052396297455,0.006986028049141169,0.0031006201170384884
YLR178C,YOR019W,0,2.4974408,0.1794871836900711,0.006986028049141169,0.0032006402034312487
YFL053W,YCR036W,0,2.4959326,0.17499999701976776,0.006986028049141169,0.0033006600569933653
YFL014W,YKR072C,1,2.4825711,0.19512194395065308,0.007984031923115253,0.0033006600569933653
YOL017W,YER005W,0,2.4750252,0.190476194024086,0.007984031923115253,0.0034006801433861256
YJL144W,YNR031C,1,2.4732642,0.20930232107639313,0.008982036262750626,0.0034006801433861256
YBR169C,YDR432W,0,2.4729586,0.20454545319080353,0.008982036262750626,0.003500700229778886
YER038C,YHR202W,0,2.4649167,0.20000000298023224,0.008982036262750626,0.0036007200833410025
YPL188W,YAL061W,0,2.46422,0.19565217196941376,0.008982036262750626,0.0037007401697337627
YMR090W,YDR490C,0,2.4598374,0.19148936867713928,0.008982036262750626,0.003800760256126523
YNL271C,YNL160W,0,2.4557438,0.1875,0.008982036262750626,0.0039007801096886396
YML131W,YPL152W,1,2.4425802,0.20408163964748383,0.009980039671063423,0.0039007801096886396
YOR181W,YML131W,1,2.4409633,0.2199999988079071,0.010978044010698795,0.0039007801096886396
YMR250W,YLR291C,0,2.4327228,0.21568627655506134,0.010978044010698795,0.0040008001960814
YGR008C,YOR120W,1,2.424479,0.23076923191547394,0.011976048350334167,0.0040008001960814
YOR008C,YPL152W,1,2.409688,0.24528302252292633,0.012974051758646965,0.0040008001960814
YLL043W,YFR053C,0,2.4040062,0.24074074625968933,0.012974051758646965,0.0041008200496435165
YFR030W,YMR039C,0,2.4030035,0.23636363446712494,0.012974051758646965,0.0042008403688669205
YLR129W,YER103W,0,2.3922834,0.2321428507566452,0.012974051758646965,0.004300860222429037
YMR170C,YDR284C,0,2.3866982,0.22807016968727112,0.012974051758646965,0.004400880075991154
YGR083C,YEL012W,0,2.3738844,0.22413793206214905,0.012974051758646965,0.004500900395214558
YJL144W,YKL088W,1,2.3697064,0.23728813230991364,0.013972056098282337,0.004500900395214558
YOL089C,YML131W,1,2.3593967,0.25,0.014970059506595135,0.004500900395214558
YLR319C,YCR021C,0,2.3465006,0.24590164422988892,0.014970059506595135,0.004600920248776674
YMR090W,YGL010W,0,2.3347733,0.24193547666072845,0.014970059506595135,0.004700940102338791
YJR021C,YMR169C,0,2.326525,0.2380952388048172,0.014970059506595135,0.004800960421562195
YLR001C,YAL014C,0,2.325202,0.234375,0.014970059506595135,0.0049009802751243114
YKL096W,YJR109C,0,2.3244092,0.23076923191547394,0.014970059506595135,0.005001000128686428
YCL067C,YFR029W,0,2.3206196,0.22727273404598236,0.014970059506595135,0.005101019982248545
YBR187W,YDL223C,0,2.319729,0.2238806039094925,0.014970059506595135,0.005201040301471949
YGR275W,YGR268C,0,2.3183541,0.22058823704719543,0.014970059506595135,0.005301060155034065
YMR037C,YJL128C,1,2.314786,0.23188406229019165,0.015968063846230507,0.005301060155034065
YLL023C,YIL128W,0,2.3116515,0.22857142984867096,0.015968063846230507,0.005401080008596182
YER101C,YMR262W,0,2.3097963,0.22535210847854614,0.015968063846230507,0.005501100327819586
YGR178C,YDR262W,0,2.3095624,0.2222222238779068,0.015968063846230507,0.005601120181381702
YOR173W,YPL138C,0,2.3090665,0.21917808055877686,0.015968063846230507,0.005701140034943819
YDL022W,YMR175W,1,2.3072343,0.22972972691059113,0.016966067254543304,0.005701140034943819
YLR216C,YKL157W,0,2.3071017,0.2266666740179062,0.016966067254543304,0.005801160354167223
YKL103C,YNL263C,0,2.3069608,0.22368420660495758,0.016966067254543304,0.00590118020772934
YFL014W,YBL061C,1,2.3057003,0.23376622796058655,0.01796407252550125,0.00590118020772934
YJL204C,YIR039C,0,2.3044796,0.23076923191547394,0.01796407252550125,0.006001200061291456
YML004C,YJL060W,0,2.3039412,0.2278480976819992,0.01796407252550125,0.00610122038051486
YPR003C,YCL048W,0,2.2985573,0.22499999403953552,0.01796407252550125,0.006201240234076977
YHR008C,YGR208W,0,2.297404,0.2222222238779068,0.01796407252550125,0.006301260087639093
YPL230W,YNL091W,1,2.2968965,0.23170731961727142,0.01896207593381405,0.006301260087639093
YGR008C,YPL152W,1,2.2877355,0.2409638613462448,0.019960079342126846,0.006301260087639093
YNL160W,YHL003C,0,2.2806392,0.2380952388048172,0.019960079342126846,0.006401280406862497
YKL074C,YMR041C,0,2.2802808,0.23529411852359772,0.019960079342126846,0.006501300260424614
YGR193C,YLL019C,0,2.2790313,0.23255814611911774,0.019960079342126846,0.006601320113986731
YBR199W,YLR350W,0,2.274549,0.2298850566148758,0.019960079342126846,0.0067013404332101345
YPR075C,YLR337C,1,2.2741075,0.23863635957241058,0.020958084613084793,0.0067013404332101345
YBR127C,YNL009W,0,2.2732568,0.23595505952835083,0.020958084613084793,0.006801360286772251
YMR175W,YMR172W,1,2.263669,0.24444444477558136,0.02195608802139759,0.006801360286772251
YDR078C,YNL093W,0,2.2635152,0.24175824224948883,0.02195608802139759,0.006901380140334368
YFL039C,YPL152W,1,2.2631464,0.25,0.022954091429710388,0.006901380140334368
YPL163C,YBR056W,0,2.2608247,0.24731183052062988,0.022954091429710388,0.007001400459557772
YGR161C,YFL013C,0,2.2585762,0.24468085169792175,0.022954091429710388,0.007101420313119888
YGR177C,YIL007C,0,2.254357,0.24210526049137115,0.022954091429710388,0.007201440166682005
YHR138C,YBR243C,0,2.252817,0.2395833283662796,0.022954091429710388,0.007301460485905409
YDR294C,YLR138W,0,2.2507267,0.23711340129375458,0.022954091429710388,0.0074014803394675255
YBR132C,YOR120W,1,2.2475944,0.2448979616165161,0.023952096700668335,0.0074014803394675255
YER175C,YNL225C,0,2.2413943,0.24242424964904785,0.023952096700668335,0.007501500193029642
YGR008C,YNL091W,1,2.2385485,0.25,0.024950100108981133,0.007501500193029642
YJL151C,YDR144C,0,2.228544,0.24752475321292877,0.024950100108981133,0.007601520512253046
YKL124W,YER023W,0,2.2265596,0.2450980395078659,0.024950100108981133,0.007701540365815163
YKL103C,YDR432W,0,2.2260842,0.24271844327449799,0.024950100108981133,0.007801560219377279
YPL053C,YKR049C,0,2.2230387,0.24038460850715637,0.024950100108981133,0.007901580072939396
YIL097W,YOR209C,0,2.2184777,0.2380952388048172,0.024950100108981133,0.0080016003921628
YML131W,YLR337C,1,2.2170386,0.24528302252292633,0.02594810351729393,0.0080016003921628
YDR210W,YLR080W,0,2.2147944,0.2429906576871872,0.02594810351729393,0.008101620711386204
YCL040W,YHR201C,0,2.2103486,0.24074074625968933,0.02594810351729393,0.008201640099287033
YGL023C,YMR251W-A,0,2.207956,0.23853211104869843,0.02594810351729393,0.008301660418510437
YLL027W,YOL113W,0,2.2067401,0.23636363446712494,0.02594810351729393,0.008401680737733841
YGR239C,YDR129C,0,2.2066498,0.23423422873020172,0.02594810351729393,0.00850170012563467
YML131W,YHR114W,1,2.2059007,0.2410714328289032,0.026946106925606728,0.00850170012563467
YCR034W,YBR026C,0,2.2029915,0.23893804848194122,0.026946106925606728,0.008601720444858074
YOR353C,YOL151W,0,2.2003076,0.2368421107530594,0.026946106925606728,0.008701740764081478
YOR353C,YMR250W,0,2.1956146,0.2347826063632965,0.026946106925606728,0.008801760151982307
YGL037C,YLR425W,0,2.1935952,0.23275862634181976,0.026946106925606728,0.008901780471205711
YIL099W,YLL057C,0,2.1900578,0.23076923191547394,0.026946106925606728,0.009001800790429115
YJR096W,YKL165C,0,2.179079,0.2288135588169098,0.026946106925606728,0.009101820178329945
YHR108W,YPL110C,0,2.1789784,0.22689075767993927,0.026946106925606728,0.009201840497553349
YLL023C,YBR004C,0,2.1774569,0.22499999403953552,0.026946106925606728,0.009301860816776752
YKL020C,YLR251W,0,2.1758208,0.22314049303531647,0.026946106925606728,0.009401880204677582
YHR114W,YOR120W,1,2.172587,0.2295081913471222,0.027944112196564674,0.009401880204677582
YPL230W,YNL271C,1,2.1666775,0.23577235639095306,0.028942115604877472,0.009401880204677582
YCR030C,YKR067W,0,2.1616108,0.2338709682226181,0.028942115604877472,0.009501900523900986
YFL014W,YNL221C,0,2.1496248,0.23199999332427979,0.028942115604877472,0.00960192084312439
YOL084W,YER176W,0,2.1480787,0.230158731341362,0.028942115604877472,0.009701940231025219
YAL061W,YKL144C,0,2.1445546,0.22834645211696625,0.028942115604877472,0.009801960550248623
YFL039C,YML131W,1,2.141916,0.234375,0.02994011901319027,0.009801960550248623
YMR090W,YJR049C,0,2.1388772,0.23255814611911774,0.02994011901319027,0.009901979938149452
YDL046W,YGR193C,0,2.135612,0.23076923191547394,0.02994011901319027,0.010002000257372856
YGR044C,YBR018C,0,2.1330175,0.22900763154029846,0.02994011901319027,0.01010202057659626
YGL047W,YHR018C,0,2.1312773,0.22727273404598236,0.02994011901319027,0.01020203996449709
YLR270W,YKL051W,0,2.1268413,0.2255639135837555,0.02994011901319027,0.010302060283720493
YPR138C,YGL121C,0,2.122161,0.2238806039094925,0.02994011901319027,0.010402080602943897
YLL021W,YIL033C,0,2.1213784,0.2222222238779068,0.02994011901319027,0.010502099990844727
YKL217W,YMR048W,0,2.1128676,0.22058823704719543,0.02994011901319027,0.01060212031006813
YPR199C,YEL060C,0,2.1091082,0.21897810697555542,0.02994011901319027,0.010702140629291534
YMR173W,YIL038C,0,2.1086311,0.21739129722118378,0.02994011901319027,0.010802160017192364
YPL230W,YLR337C,1,2.107321,0.22302158176898956,0.030938124284148216,0.010802160017192364
YPL223C,YBR086C,1,2.1059527,0.22857142984867096,0.031936127692461014,0.010802160017192364
YDL054C,YCL004W,0,2.1050866,0.22695034742355347,0.031936127692461014,0.010902180336415768
YPL230W,YHR114W,1,2.0986195,0.23239436745643616,0.03293413296341896,0.010902180336415768
YGL122C,YPL087W,0,2.0968244,0.23076923191547394,0.03293413296341896,0.011002200655639172
YDR437W,YOR197W,0,2.0931723,0.2291666716337204,0.03293413296341896,0.011102220043540001
YHR094C,YMR039C,0,2.0930574,0.22758620977401733,0.03293413296341896,0.011202240362763405
YPR110C,YDL021W,0,2.0863755,0.22602739930152893,0.03293413296341896,0.011302260681986809
YGL037C,YKL191W,0,2.0841565,0.22448979318141937,0.03293413296341896,0.011402280069887638
YLL023C,YLR085C,0,2.0805874,0.22297297418117523,0.03293413296341896,0.011502300389111042
YKL193C,YDR091C,0,2.0796285,0.2214765101671219,0.03293413296341896,0.011602320708334446
YKL091C,YGL022W,0,2.0767646,0.2199999988079071,0.03293413296341896,0.011702340096235275
YKL141W,YKL107W,0,2.075785,0.21854305267333984,0.03293413296341896,0.01180236041545868
YBL040C,YCL040W,0,2.0757446,0.21710526943206787,0.03293413296341896,0.011902380734682083
YKL193C,YBR274W,0,2.0743353,0.21568627655506134,0.03293413296341896,0.012002400122582912
YDL215C,YER150W,0,2.0721815,0.2142857164144516,0.03293413296341896,0.012102420441806316
YGR199W,YJR019C,0,2.0697377,0.21290323138237,0.03293413296341896,0.01220244076102972
YMR081C,YLR332W,0,2.0577908,0.21153846383094788,0.03293413296341896,0.01230246014893055
YKL012W,YOL082W,0,2.0576472,0.21019108593463898,0.03293413296341896,0.012402480468153954
YPR030W,YGL233W,0,2.056719,0.20886075496673584,0.03293413296341896,0.012502500787377357
YGL104C,YOR243C,0,2.0554771,0.2075471729040146,0.03293413296341896,0.012602520175278187
YNL024C,YLR270W,0,2.0501876,0.20624999701976776,0.03293413296341896,0.01270254049450159
YLR248W,YJL128C,1,2.0496209,0.21118012070655823,0.03393213450908661,0.01270254049450159
YLR401C,YNL305C,0,2.0459893,0.20987653732299805,0.03393213450908661,0.012802560813724995
YPL223C,YLR113W,1,2.0384994,0.21472392976284027,0.034930139780044556,0.012802560813724995
YDL010W,YPL240C,1,2.0249984,0.2195121943950653,0.0359281450510025,0.012802560813724995
YLR205C,YOR034C,0,2.0246704,0.2181818187236786,0.0359281450510025,0.012902580201625824
YGR014W,YML131W,1,2.0217454,0.22289156913757324,0.03692614659667015,0.012902580201625824
YJL144W,YOR008C,1,2.021527,0.227544903755188,0.0379241518676281,0.012902580201625824
YMR175W,YKL062W,1,2.020219,0.2321428507566452,0.038922157138586044,0.012902580201625824
YDL222C,YDR104C,0,2.0189574,0.23076923191547394,0.038922157138586044,0.013002600520849228
YPL230W,YHL007C,1,2.018335,0.23529411852359772,0.03992015868425369,0.013002600520849228
YOR275C,YNL125C,0,2.0175004,0.23391813039779663,0.03992015868425369,0.013102620840072632
YHR079C,YKL168C,0,2.0140352,0.23255814611911774,0.03992015868425369,0.013202640227973461
YPR003C,YOR173W,0,2.0125475,0.23121386766433716,0.03992015868425369,0.013302660547196865
YJR149W,YDR163W,0,2.0089362,0.2298850566148758,0.03992015868425369,0.013402680866420269
YPL217C,YLR258W,0,2.0077968,0.22857142984867096,0.03992015868425369,0.013502700254321098
YHR002W,YOR371C,0,2.0064774,0.22727273404598236,0.03992015868425369,0.013602720573544502
YJL200C,YJL053W,0,2.001276,0.2259887009859085,0.03992015868425369,0.013702740892767906
YNL020C,YPL223C,1,1.997859,0.23033708333969116,0.04091816395521164,0.013702740892767906
YKR068C,YLL019C,0,1.9974022,0.22905027866363525,0.04091816395521164,0.013802760280668736
YJL144W,YPR075C,1,1.994235,0.23333333432674408,0.041916169226169586,0.013802760280668736
YFR042W,YBR279W,0,1.9940557,0.23204420506954193,0.041916169226169586,0.01390278059989214
YOL116W,YPL230W,1,1.9925225,0.23626373708248138,0.042914170771837234,0.01390278059989214
YMR175W,YKL088W,1,1.992085,0.24043716490268707,0.04391217604279518,0.01390278059989214
YLR138W,YOR120W,1,1.9915009,0.2445652186870575,0.04491018131375313,0.01390278059989214
YER118C,YOR120W,1,1.9912491,0.24864864349365234,0.045908182859420776,0.01390278059989214
YER162C,YNL183C,0,1.9910583,0.24731183052062988,0.045908182859420776,0.014002800919115543
YCR034W,YHR176W,0,1.9908834,0.24598930776119232,0.045908182859420776,0.014102820307016373
YNR002C,YCR035C,0,1.9880466,0.24468085169792175,0.045908182859420776,0.014202840626239777
YBR132C,YOR008C,1,1.9878998,0.24867725372314453,0.04690618813037872,0.014202840626239777
YPL275W,YMR315W,0,1.9843211,0.24736842513084412,0.04690618813037872,0.01430286094546318
YGL238W,YBR183W,0,1.9839289,0.24607330560684204,0.04690618813037872,0.01440288033336401
YPR005C,YPR075C,1,1.9815655,0.25,0.04790419340133667,0.01440288033336401
YLR332W,YMR175W,1,1.9802179,0.25388601422309875,0.04890219494700432,0.01440288033336401
YIL154C,YDR144C,0,1.979454,0.2525773048400879,0.04890219494700432,0.014502900652587414
YBL007C,YPL233W,0,1.9785819,0.25128206610679626,0.04890219494700432,0.014602920971810818
YER103W,YMR055C,0,1.9754598,0.25,0.04890219494700432,0.014702940359711647
YNL097C,YPL198W,0,1.9729991,0.24873095750808716,0.04890219494700432,0.014802960678935051
YOR285W,YJL082W,0,1.9728994,0.24747474491596222,0.04890219494700432,0.014902980998158455
YBR101C,YPL150W,0,1.9705391,0.24623115360736847,0.04890219494700432,0.015003000386059284
YDR148C,YIL128W,0,1.9693136,0.24500000476837158,0.04890219494700432,0.015103020705282688
YDR043C,YGR134W,0,1.9667051,0.24378108978271484,0.04890219494700432,0.015203041024506092
YMR110C,YOL151W,0,1.9651604,0.24257425963878632,0.04890219494700432,0.015303060412406921
YBR200W,YPL196W,0,1.9648592,0.24137930572032928,0.04890219494700432,0.015403080731630325
YHR111W,YMR114C,0,1.96282,0.2401960790157318,0.04890219494700432,0.01550310105085373
YHR016C,YML031W,0,1.9607658,0.23902438580989838,0.04890219494700432,0.015603120438754559
YPL223C,YHR119W,0,1.9605122,0.23786407709121704,0.04890219494700432,0.015703139826655388
YPR075C,YOR208W,1,1.9603333,0.2415459007024765,0.049900200217962265,0.015703139826655388
YPR079W,YLR345W,0,1.9561143,0.24038460850715637,0.049900200217962265,0.015803160145878792
YGL078C,YIL033C,0,1.9553347,0.23923444747924805,0.049900200217962265,0.015903180465102196
YCL040W,YNL256W,0,1.9468658,0.2380952388048172,0.049900200217962265,0.0160032007843256
YBR169C,YKL127W,0,1.9397037,0.2369668185710907,0.049900200217962265,0.016103221103549004
YDL134C,YOL032W,0,1.937604,0.2358490526676178,0.049900200217962265,0.016203241422772408
YNL305C,YIL106W,0,1.9356108,0.23474177718162537,0.049900200217962265,0.016303259879350662
YJL144W,YBR132C,1,1.9330766,0.23831775784492493,0.05089820176362991,0.016303259879350662
YER143W,YDR104C,0,1.9246254,0.23720930516719818,0.05089820176362991,0.016403280198574066
YML131W,YPL240C,1,1.9243522,0.24074074625968933,0.05189620703458786,0.016403280198574066
YDR427W,YOR275C,0,1.919224,0.23963133990764618,0.05189620703458786,0.01650330051779747
YGL121C,YER155C,0,1.9082546,0.23853211104869843,0.05189620703458786,0.016603320837020874
YIR025W,YDL020C,0,1.9073188,0.23744292557239532,0.05189620703458786,0.016703341156244278
YHR006W,YNL125C,0,1.9034977,0.23636363446712494,0.05189620703458786,0.016803361475467682
YNL274C,YLR071C,0,1.9034462,0.23529411852359772,0.05189620703458786,0.016903379932045937
YER130C,YML128C,0,1.9023948,0.23423422873020172,0.05189620703458786,0.01700340025126934
YLR429W,YKL026C,0,1.9023008,0.2331838607788086,0.05189620703458786,0.017103420570492744
YDR246W,YJL060W,0,1.8986897,0.2321428507566452,0.05189620703458786,0.01720344088971615
YGR008C,YNR031C,1,1.8986857,0.23555555939674377,0.05289421230554581,0.01720344088971615
YGR004W,YNL025C,0,1.8982852,0.2345132678747177,0.05289421230554581,0.017303461208939552
YLR332W,YPL223C,1,1.8967395,0.2378854602575302,0.053892213851213455,0.017303461208939552
YCL035C,YNL095C,0,1.8927226,0.2368421107530594,0.053892213851213455,0.017403481528162956
YGL250W,YIR032C,0,1.8909836,0.235807865858078,0.053892213851213455,0.01750349998474121
YAL028W,YKL090W,0,1.8891971,0.2347826063632965,0.053892213851213455,0.017603520303964615
YIR032C,YMR114C,0,1.8877492,0.23376622796058655,0.053892213851213455,0.01770354062318802
YER103W,YJL078C,0,1.8830938,0.23275862634181976,0.053892213851213455,0.017803560942411423
YDR122W,YLR138W,0,1.8802137,0.23175965249538422,0.053892213851213455,0.017903581261634827
YEL024W,YGL190C,0,1.8799195,0.23076923191547394,0.053892213851213455,0.01800360158085823
YMR175W,YPR075C,1,1.8790066,0.23404255509376526,0.0548902191221714,0.01800360158085823
YMR105C,YLR196W,0,1.8786426,0.2330508530139923,0.0548902191221714,0.018103620037436485
YGL104C,YKR053C,0,1.8767629,0.2320675104856491,0.0548902191221714,0.01820364035665989
YJL144W,YHR114W,1,1.8757339,0.23529411852359772,0.05588822439312935,0.01820364035665989
YGL233W,YBR168W,0,1.8751194,0.2343096286058426,0.05588822439312935,0.018303660675883293
YNL314W,YMR291W,0,1.874932,0.23333333432674408,0.05588822439312935,0.018403680995106697
YDL022W,YKL088W,1,1.8718517,0.23651452362537384,0.056886225938797,0.018403680995106697
YMR182C,YBR275C,0,1.8711531,0.23553718626499176,0.056886225938797,0.0185037013143301
YER150W,YGR229C,0,1.8705635,0.23456789553165436,0.056886225938797,0.018603721633553505
YLR001C,YOL001W,0,1.8648782,0.23360656201839447,0.056886225938797,0.01870374009013176
YHR104W,YDL223C,0,1.8599727,0.23265306651592255,0.056886225938797,0.018803760409355164
YJL092W,YGR258C,0,1.8576813,0.23170731961727142,0.056886225938797,0.018903780728578568
YDR162C,YPL152W,1,1.8572153,0.23481781780719757,0.057884231209754944,0.018903780728578568
YDL010W,YPL152W,1,1.8570818,0.23790322244167328,0.05888223648071289,0.018903780728578568
YGR052W,YFL013C,0,1.8559973,0.23694778978824615,0.05888223648071289,0.01900380104780197
YNL283C,YIR039C,0,1.8555923,0.23600000143051147,0.05888223648071289,0.019103821367025375
YKR081C,YIL107C,0,1.8554597,0.23505976796150208,0.05888223648071289,0.01920384168624878
YDL243C,YMR170C,0,1.8514535,0.2341269850730896,0.05888223648071289,0.019303860142827034
YJL128C,YEL011W,0,1.8500626,0.23320157825946808,0.05888223648071289,0.019403880462050438
YDL010W,YLR362W,1,1.8472741,0.23622047901153564,0.05988023802638054,0.019403880462050438
YGL121C,YER098W,0,1.8462486,0.23529411852359772,0.05988023802638054,0.019503900781273842
YGR008C,YOR181W,1,1.8446786,0.23828125,0.060878243297338486,0.019503900781273842
YLR248W,YML131W,1,1.8437116,0.24124513566493988,0.06187624856829643,0.019503900781273842
YER118C,YML131W,1,1.8430157,0.24418604373931885,0.06287425011396408,0.019503900781273842
YDR162C,YPR075C,1,1.8425696,0.2471042424440384,0.06387225538492203,0.019503900781273842
YJL047C,YJR010W,0,1.8425226,0.2461538463830948,0.06387225538492203,0.019603921100497246
YJL200C,YDR148C,0,1.8423865,0.24521072208881378,0.06387225538492203,0.01970394141972065
YOL089C,YOR291W,0,1.8396178,0.2442748099565506,0.06387225538492203,0.019803959876298904
YGR008C,YDR168W,1,1.8374401,0.2471482902765274,0.06487026065587997,0.019803959876298904
YDR259C,YER101C,0,1.8365972,0.24621212482452393,0.06487026065587997,0.01990398019552231
YOL084W,YGL190C,0,1.8351028,0.24528302252292633,0.06487026065587997,0.020004000514745712
YMR175W,YLR190W,0,1.835101,0.24436090886592865,0.06487026065587997,0.020104020833969116
YNR024W,YJL141C,0,1.8326842,0.24344569444656372,0.06487026065587997,0.02020404115319252
YBR196C,YOR054C,0,1.832505,0.24253731966018677,0.06487026065587997,0.020304061472415924
YMR218C,YGL183C,0,1.82658,0.24163569509983063,0.06487026065587997,0.02040407992899418
YER118C,YER062C,1,1.8247032,0.24444444477558136,0.06586826592683792,0.02040407992899418
YIL140W,YOR371C,0,1.8241296,0.24354243278503418,0.06586826592683792,0.020504100248217583
YPL223C,YLR138W,1,1.8206499,0.24632352590560913,0.06686626374721527,0.020504100248217583
YNR060W,YIR028W,0,1.8202538,0.24542124569416046,0.06686626374721527,0.020604120567440987
YLR256W,YKL013C,0,1.8197875,0.24452555179595947,0.06686626374721527,0.02070414088666439
YDR040C,YOR043W,1,1.8194833,0.24727272987365723,0.06786426901817322,0.02070414088666439
YPR065W,YNL090W,0,1.8193686,0.24637681245803833,0.06786426901817322,0.020804161205887794
YBR162C,YDL181W,0,1.8176712,0.24548736214637756,0.06786426901817322,0.0209041815251112
YPR075C,YLR362W,1,1.8165777,0.24820144474506378,0.06886227428913116,0.0209041815251112
YCR083W,YIL062C,0,1.8164778,0.24731183052062988,0.06886227428913116,0.021004199981689453
YLR332W,YOR120W,1,1.816459,0.25,0.06986027956008911,0.021004199981689453
YKR066C,YDL025C,0,1.8155088,0.24911032617092133,0.06986027956008911,0.021104220300912857
YGR008C,YPL180W,1,1.813957,0.25177305936813354,0.07085828483104706,0.021104220300912857
YLR350W,YDR104C,0,1.8134191,0.25088340044021606,0.07085828483104706,0.02120424062013626
YOL070C,YIL087C,0,1.8132926,0.25,0.07085828483104706,0.021304260939359665
YOR353C,YPR165W,0,1.8114644,0.24912281334400177,0.07085828483104706,0.02140428125858307
YOR214C,YPL203W,0,1.8108346,0.2482517510652542,0.07085828483104706,0.021504301577806473
YBR052C,YDL134C,0,1.8107568,0.24738675355911255,0.07085828483104706,0.021604320034384727
YHR096C,YHR143W-A,0,1.8106306,0.2465277761220932,0.07085828483104706,0.02170434035360813
YMR041C,YLR044C,0,1.8083789,0.2456747442483902,0.07085828483104706,0.021804360672831535
YOR239W,YLR251W,0,1.806181,0.24482758343219757,0.07085828483104706,0.02190438099205494
YAL061W,YHR020W,0,1.803772,0.24398624897003174,0.07085828483104706,0.022004401311278343
YDR129C,YML131W,1,1.8024371,0.24657534062862396,0.071856290102005,0.022004401311278343
YOL082W,YGL010W,0,1.802045,0.24573378264904022,0.071856290102005,0.022104421630501747
YGL104C,YGL014W,0,1.7995654,0.2448979616165161,0.071856290102005,0.022204440087080002
YPL276W,YIR039C,0,1.7973006,0.24406780302524567,0.071856290102005,0.022304460406303406
YLR332W,YML131W,1,1.7972767,0.24662162363529205,0.07285428792238235,0.022304460406303406
YIL087C,YIL016W,0,1.7960718,0.2457912415266037,0.07285428792238235,0.02240448072552681
YPR191W,YNL003C,0,1.7927544,0.24496644735336304,0.07285428792238235,0.022504501044750214
YDL022W,YPL223C,1,1.7917333,0.24749164283275604,0.0738522931933403,0.022504501044750214
YJL144W,YLR006C,1,1.7904742,0.25,0.07485029846429825,0.022504501044750214
YLR260W,YLR189C,0,1.7896767,0.24916943907737732,0.07485029846429825,0.022604521363973618
YGR008C,YPR171W,1,1.78945,0.251655638217926,0.0758483037352562,0.022604521363973618
YKR046C,YBR154C,0,1.7885418,0.25082507729530334,0.0758483037352562,0.02270454168319702
YPL129W,YOL126C,0,1.7872629,0.25,0.0758483037352562,0.022804560139775276
YHR016C,YDL201W,0,1.7865808,0.24918033182621002,0.0758483037352562,0.02290458045899868
YNR035C,YLR224W,0,1.786297,0.24836601316928864,0.0758483037352562,0.023004600778222084
YFL053W,YNL009W,0,1.7861266,0.24755699932575226,0.0758483037352562,0.023104621097445488
YKL046C,YHR138C,0,1.7845206,0.2467532455921173,0.0758483037352562,0.023204641416668892
YOL148C,YMR040W,0,1.7830766,0.245954692363739,0.0758483037352562,0.023304661735892296
YOR059C,YHL021C,0,1.7814702,0.2451612949371338,0.0758483037352562,0.02340468019247055
YOR011W,YMR068W,0,1.780517,0.24437299370765686,0.0758483037352562,0.023504700511693954
YBR182C,YMR175W,1,1.7763593,0.24679486453533173,0.07684630900621414,0.023504700511693954
YMR104C,YDR528W,0,1.7734057,0.24600638449192047,0.07684630900621414,0.02360472083091736
YEL052W,YBR288C,0,1.7726985,0.24522292613983154,0.07684630900621414,0.023704741150140762
YGL190C,YIL088C,0,1.7702051,0.24444444477558136,0.07684630900621414,0.023804761469364166
YOR018W,YJL155C,0,1.7682972,0.24367088079452515,0.07684630900621414,0.02390478178858757
YDR303C,YLR284C,0,1.7649484,0.24290220439434052,0.07684630900621414,0.024004800245165825
YOR120W,YHL007C,1,1.7632458,0.24528302252292633,0.07784431427717209,0.024004800245165825
YFL014W,YOR047C,1,1.7624338,0.2476489096879959,0.07884231209754944,0.024004800245165825
YDR427W,YDL215C,0,1.7615134,0.24687500298023224,0.07884231209754944,0.02410482056438923
YJL155C,YNL118C,0,1.7602346,0.24610592424869537,0.07884231209754944,0.024204840883612633
YLL026W,YDR266C,0,1.7599548,0.24534161388874054,0.07884231209754944,0.024304861202836037
YMR110C,YGR239C,0,1.75738,0.24458204209804535,0.07884231209754944,0.02440488152205944
YOR130C,YLR102C,0,1.7573783,0.24382716417312622,0.07884231209754944,0.024504901841282845
YNL190W,YOR120W,1,1.7566351,0.2461538463830948,0.07984031736850739,0.024504901841282845
YLR117C,YFR050C,0,1.756611,0.24539877474308014,0.07984031736850739,0.0246049202978611
YDL022W,YHR114W,1,1.7565179,0.24770642817020416,0.08083832263946533,0.0246049202978611
YKL067W,YMR136W,0,1.7561948,0.24695122241973877,0.08083832263946533,0.024704940617084503
YOR317W,YIL068C,0,1.755642,0.24620060622692108,0.08083832263946533,0.024804960936307907
YML004C,YKL043W,0,1.7556365,0.2454545497894287,0.08083832263946533,0.02490498125553131
YMR037C,YDR168W,1,1.7533238,0.24773414433002472,0.08183632791042328,0.02490498125553131
YOL034W,YEL005C,0,1.7530744,0.2469879537820816,0.08183632791042328,0.025005001574754715
YDR059C,YER022W,0,1.7513666,0.24624624848365784,0.08183632791042328,0.02510502189397812
YOL129W,YMR169C,0,1.751364,0.24550898373126984,0.08183632791042328,0.025205040350556374
YOL089C,YDL010W,1,1.7507944,0.24776118993759155,0.08283433318138123,0.025205040350556374
YJR004C,YDL124W,0,1.7506564,0.247023805975914,0.08283433318138123,0.025305060669779778
YDR162C,YPL223C,1,1.7502701,0.2492581605911255,0.08383233845233917,0.025305060669779778
YNR002C,YHL015W,0,1.7494663,0.24852071702480316,0.08383233845233917,0.02540508098900318
YFL014W,YNL020C,1,1.7488711,0.2507374584674835,0.08483033627271652,0.02540508098900318
YOL004W,YBR223C,0,1.7371328,0.25,0.08483033627271652,0.025505101308226585
YHR115C,YPR075C,0,1.7349157,0.2492668628692627,0.08483033627271652,0.02560512162744999
YJL159W,YFR010W,0,1.7340894,0.24853801727294922,0.08483033627271652,0.025705141946673393
YKL035W,YML051W,0,1.7336185,0.247813418507576,0.08483033627271652,0.025805160403251648
YDR184C,YKL026C,0,1.7302127,0.24709302186965942,0.08483033627271652,0.025905180722475052
YML004C,YPR105C,0,1.7291039,0.24637681245803833,0.08483033627271652,0.026005201041698456
YKL039W,YPL280W,0,1.728179,0.24566474556922913,0.08483033627271652,0.02610522136092186
YER033C,YPL138C,0,1.7273421,0.24495677649974823,0.08483033627271652,0.026205241680145264
YOL090W,YGR288W,0,1.7264446,0.24425287544727325,0.08483033627271652,0.02630526013672352
YOR032C,YFR042W,0,1.725162,0.2435530126094818,0.08483033627271652,0.026405280455946922
YGR092W,YDL223C,0,1.7244787,0.24285714328289032,0.08483033627271652,0.026505300775170326
YDR062W,YGL158W,0,1.7222728,0.2421652376651764,0.08483033627271652,0.02660532109439373
YER150W,YEL032W,0,1.7208917,0.24147726595401764,0.08483033627271652,0.026705341413617134
YGL125W,YOL088C,0,1.7197852,0.24079319834709167,0.08483033627271652,0.026805361732840538
YDR294C,YFR029W,0,1.7195823,0.24011299014091492,0.08483033627271652,0.026905380189418793
YDR039C,YIL106W,0,1.7166059,0.23943662643432617,0.08483033627271652,0.027005400508642197
YBR139W,YLR116W,0,1.71657,0.23876404762268066,0.08483033627271652,0.0271054208278656
YPR029C,YDL025C,0,1.7155906,0.2380952388048172,0.08483033627271652,0.027205441147089005
YJR073C,YBL101C,0,1.7136204,0.2374301701784134,0.08483033627271652,0.02730546146631241
YER118C,YIL097W,0,1.7134002,0.23676879703998566,0.08483033627271652,0.027405481785535812
YDL054C,YGL049C,0,1.7130089,0.2361111044883728,0.08483033627271652,0.027505500242114067
YPL230W,YDR168W,1,1.7119079,0.23822714388370514,0.08582834154367447,0.027505500242114067
YLR206W,YDR361C,0,1.7115893,0.23756906390190125,0.08582834154367447,0.02760552056133747
YPL175W,YGR249W,0,1.708952,0.23691460490226746,0.08582834154367447,0.027705540880560875
YGR008C,YOL089C,1,1.7081963,0.2390109896659851,0.08682634681463242,0.027705540880560875
YGR268C,YLR020C,0,1.707664,0.23835615813732147,0.08682634681463242,0.02780556119978428
YEL009C,YLR157C,0,1.7073135,0.23770491778850555,0.08682634681463242,0.027905581519007683
YHR114W,YMR261C,0,1.7063833,0.23705722391605377,0.08682634681463242,0.028005601838231087
YNL302C,YLR345W,0,1.7058367,0.23641304671764374,0.08682634681463242,0.02810562029480934
YMR175W,YLR362W,1,1.7033914,0.23848238587379456,0.08782435208559036,0.02810562029480934
YPR198W,YJL171C,0,1.7019339,0.23783783614635468,0.08782435208559036,0.028205640614032745
YGR167W,YNL239W,0,1.6964257,0.23719675838947296,0.08782435208559036,0.02830566093325615
YGL051W,YOR033C,0,1.6960588,0.23655913770198822,0.08782435208559036,0.028405681252479553
YNL214W,YMR308C,0,1.6949784,0.23592492938041687,0.08782435208559036,0.028505701571702957
YGR212W,YJL066C,0,1.6944382,0.23529411852359772,0.08782435208559036,0.02860572189092636
YOL116W,YPL152W,1,1.6922464,0.23733332753181458,0.08882235735654831,0.02860572189092636
YHR079C,YAL017W,0,1.6912378,0.23670212924480438,0.08882235735654831,0.028705740347504616
YER035W,YDL239C,0,1.6886129,0.2360742688179016,0.08882235735654831,0.02880576066672802
YDL022W,YOR008C,1,1.6846201,0.2380952388048172,0.08982036262750626,0.02880576066672802
YHR112C,YBL085W,0,1.6845088,0.23746702075004578,0.08982036262750626,0.028905780985951424
YDR148C,YHR115C,0,1.6802402,0.2368421107530594,0.08982036262750626,0.029005801305174828
YJR161C,YOR027W,0,1.6800079,0.23622047901153564,0.08982036262750626,0.02910582162439823
YKL064W,YER162C,0,1.6797645,0.23560209572315216,0.08982036262750626,0.029205841943621635
YNL020C,YDL010W,1,1.6785519,0.23759791254997253,0.0908183604478836,0.029205841943621635
YOL052C-A,YDR412W,0,1.678396,0.2369791716337204,0.0908183604478836,0.02930586040019989
YJL057C,YER049W,0,1.6776366,0.23636363446712494,0.0908183604478836,0.029405880719423294
YPR155C,YGL122C,0,1.6742752,0.23575130105018616,0.0908183604478836,0.029505901038646698
YMR237W,YLR247C,0,1.6737288,0.23514211177825928,0.0908183604478836,0.029605921357870102
YLR314C,YMR008C,0,1.6735213,0.2345360815525055,0.0908183604478836,0.029705941677093506
YHR107C,YHR096C,0,1.6714766,0.23393316566944122,0.0908183604478836,0.02980596199631691
YLR361C,YHR106W,0,1.6710042,0.23333333432674408,0.0908183604478836,0.029905980452895164
YHR104W,YBR046C,0,1.6701365,0.23273657262325287,0.0908183604478836,0.03000600077211857
YKL129C,YKL088W,1,1.6697414,0.23469388484954834,0.09181636571884155,0.03000600077211857
YKR096W,YHL021C,0,1.6694987,0.2340966910123825,0.09181636571884155,0.030106021091341972
YDR129C,YGL073W,0,1.6692016,0.23350253701210022,0.09181636571884155,0.030206041410565376
YDL010W,YDL223C,0,1.6686221,0.2329113930463791,0.09181636571884155,0.03030606172978878
YLL057C,YBL056W,0,1.6682278,0.23232322931289673,0.09181636571884155,0.030406082049012184
YHR124W,YGR040W,0,1.6610618,0.23173803091049194,0.09181636571884155,0.03050610050559044
YLR206W,YBR026C,0,1.6604905,0.23115578293800354,0.09181636571884155,0.030606120824813843
YDL022W,YNL271C,1,1.6595008,0.23308271169662476,0.0928143709897995,0.030606120824813843
YJL144W,YOR208W,1,1.6559105,0.23499999940395355,0.09381237626075745,0.030606120824813843
YKL067W,YOR048C,0,1.6549544,0.2344139665365219,0.09381237626075745,0.030706141144037247
YOL052C-A,YOL135C,0,1.6544908,0.23383083939552307,0.09381237626075745,0.03080616146326065
YDL010W,YER062C,1,1.6525986,0.23573200404644012,0.0948103815317154,0.03080616146326065
YBR260C,YJR019C,0,1.6510845,0.23514851927757263,0.0948103815317154,0.030906181782484055
YLL023C,YMR199W,0,1.6497731,0.23456789553165436,0.0948103815317154,0.03100620210170746
YOL004W,YLR070C,0,1.649692,0.2339901477098465,0.0948103815317154,0.031106220558285713
YLR141W,YDR409W,0,1.6486943,0.23341523110866547,0.0948103815317154,0.031206240877509117
YBR183W,YLR452C,0,1.647788,0.23284313082695007,0.0948103815317154,0.03130626305937767
YDR303C,YKR049C,0,1.6468117,0.23227383196353912,0.0948103815317154,0.031406279653310776
YOR329C,YBR161W,0,1.6464365,0.23170731961727142,0.0948103815317154,0.03150629997253418
YMR175W,YKL048C,1,1.644613,0.23357664048671722,0.09580838680267334,0.03150629997253418
YLR248W,YMR092C,1,1.6439048,0.23543688654899597,0.09680638462305069,0.03150629997253418
YOL116W,YPL240C,1,1.6428446,0.23728813230991364,0.09780438989400864,0.03150629997253418
YLR005W,YJL053W,0,1.6407063,0.23671497404575348,0.09780438989400864,0.031606320291757584
YIL099W,YBR104W,0,1.640333,0.23614457249641418,0.09780438989400864,0.03170634061098099
YPL230W,YPL242C,1,1.6377132,0.23798076808452606,0.09880239516496658,0.03170634061098099
YPR075C,YKL088W,1,1.6373205,0.23980815708637238,0.09980040043592453,0.03170634061098099
YDR246W,YMR160W,0,1.637295,0.23923444747924805,0.09980040043592453,0.03180636093020439
YBR280C,YDR518W,0,1.6371869,0.2386634796857834,0.09980040043592453,0.031906381249427795
YLR406C,YEL012W,0,1.6344154,0.2380952388048172,0.09980040043592453,0.0320064015686512
YDR040C,YIL153W,1,1.6322958,0.23990498483181,0.10079840570688248,0.0320064015686512
YDL046W,YJL171C,0,1.6321983,0.23933649063110352,0.10079840570688248,0.0321064218878746
YBR139W,YOR129C,0,1.6292126,0.23877067863941193,0.10079840570688248,0.03220644220709801
YDL010W,YOR181W,1,1.6265934,0.24056604504585266,0.10179640352725983,0.03220644220709801
YJL172W,YLR309C,0,1.6264553,0.23999999463558197,0.10179640352725983,0.03230646252632141
YCL017C,YCL040W,0,1.6262773,0.23943662643432617,0.10179640352725983,0.032406482845544815
YLR178C,YNR026C,0,1.6250508,0.2388758808374405,0.10179640352725983,0.03250649943947792
YOR197W,YOL126C,0,1.6237262,0.23831775784492493,0.10179640352725983,0.032606519758701324
YOL116W,YLR006C,1,1.6236314,0.24009324610233307,0.10279440879821777,0.032606519758701324
YMR175W,YDL010W,1,1.6210974,0.24186046421527863,0.10379241406917572,0.032606519758701324
YER081W,YJL051W,0,1.6205702,0.24129930138587952,0.10379241406917572,0.03270654007792473
YGL121C,YDL135C,0,1.619673,0.24074074625968933,0.10379241406917572,0.03280656039714813
YMR175W,YGR014W,1,1.6186714,0.24249422550201416,0.10479041934013367,0.03280656039714813
YBR187W,YBR052C,0,1.6186066,0.24193547666072845,0.10479041934013367,0.032906580716371536
YJL159W,YGR244C,0,1.6175662,0.24137930572032928,0.10479041934013367,0.03300660103559494
YPR029C,YNL093W,0,1.6172197,0.24082568287849426,0.10479041934013367,0.033106621354818344
YMR277W,YDR513W,0,1.6162076,0.2402745932340622,0.10479041934013367,0.03320664167404175
YOR141C,YIR018W,0,1.6152079,0.2397260218858719,0.10479041934013367,0.03330666199326515
YNL097C,YML126C,0,1.6147468,0.23917995393276215,0.10479041934013367,0.033406682312488556
YPL100W,YOL151W,0,1.6143984,0.23863635957241058,0.10479041934013367,0.03350670263171196
YDR171W,YDR392W,0,1.6143322,0.2380952388048172,0.10479041934013367,0.033606722950935364
YNL173C,YFL010W-A,0,1.6128559,0.2375565618276596,0.10479041934013367,0.03370673954486847
YOR018W,YML118W,0,1.6128213,0.2370203137397766,0.10479041934013367,0.03380675986409187
YBR006W,YER042W,0,1.6114974,0.23648647964000702,0.10479041934013367,0.03390678018331528
YOL089C,YPL223C,1,1.6111124,0.23820224404335022,0.10578842461109161,0.03390678018331528
YNL054W,YER062C,0,1.6108593,0.23766815662384033,0.10578842461109161,0.03400680050253868
YMR175W,YOL116W,1,1.60974,0.2393735945224762,0.10678642988204956,0.03400680050253868
YNL167C,YMR160W,0,1.6096851,0.2388392835855484,0.10678642988204956,0.034106820821762085
YOR177C,YOR178C,0,1.6068139,0.23830735683441162,0.10678642988204956,0.03420684114098549
YPL113C,YHR005C,0,1.6057981,0.23777778446674347,0.10678642988204956,0.03430686146020889
YIL162W,YGR212W,0,1.6055455,0.23725055158138275,0.10678642988204956,0.0344068817794323
YGL196W,YDR144C,0,1.605401,0.23672565817832947,0.10678642988204956,0.0345069020986557
YBR132C,YMR172W,1,1.6045433,0.2384105920791626,0.10778442770242691,0.0345069020986557
YER101C,YDR508C,0,1.603699,0.2378854602575302,0.10778442770242691,0.034606922417879105
YJL144W,YHL007C,1,1.6035737,0.23956044018268585,0.10878243297338486,0.034606922417879105
YGL195W,YPR023C,0,1.6029211,0.23903508484363556,0.10878243297338486,0.03470694273710251
YHR205W,YOR120W,1,1.6026921,0.24070021510124207,0.1097804382443428,0.03470694273710251
YDR142C,YOR115C,0,1.6018946,0.24017466604709625,0.1097804382443428,0.03480696305632591
YIR038C,YJR049C,0,1.6002631,0.2396514117717743,0.1097804382443428,0.03490697965025902
YOR122C,YIL159W,1,1.600057,0.24130435287952423,0.11077844351530075,0.03490697965025902
YER081W,YOR367W,0,1.5996284,0.24078090488910675,0.11077844351530075,0.03500699996948242
YNL243W,YHR187W,0,1.5989292,0.24025973677635193,0.11077844351530075,0.035107020288705826
YDL022W,YLR336C,1,1.5979573,0.24190065264701843,0.1117764487862587,0.035107020288705826
YJR103W,YIL128W,0,1.5978931,0.24137930572032928,0.1117764487862587,0.03520704060792923
YIL041W,YPR149W,0,1.5978701,0.2408602088689804,0.1117764487862587,0.035307060927152634
YBR083W,YGL170C,0,1.5978158,0.2403433471918106,0.1117764487862587,0.03540708124637604
YAL017W,YML076C,0,1.5975834,0.2398286908864975,0.1117764487862587,0.03550710156559944
YPL096W,YBR290W,0,1.5975153,0.23931623995304108,0.1117764487862587,0.035607121884822845
YPL240C,YKR027W,0,1.597381,0.23880596458911896,0.1117764487862587,0.03570714220404625
YOR043W,YOR120W,1,1.5971551,0.24042552709579468,0.11277445405721664,0.03570714220404625
YNL138W,YPL233W,0,1.5966058,0.23991507291793823,0.11277445405721664,0.03580716252326965
YNL298W,YDR178W,0,1.5963993,0.2394067794084549,0.11277445405721664,0.03590718284249306
YFL009W,YOL017W,0,1.595942,0.23890063166618347,0.11277445405721664,0.03600720316171646
YOR103C,YCL040W,0,1.593342,0.23839662969112396,0.11277445405721664,0.03610721975564957
YGL037C,YNL102W,0,1.5929163,0.23789474368095398,0.11277445405721664,0.03620724007487297
YLR205C,YER185W,0,1.5924556,0.23739495873451233,0.11277445405721664,0.036307260394096375
YBR020W,YMR040W,0,1.5918086,0.236897274851799,0.11277445405721664,0.03640728071331978
YDL072C,YKR067W,0,1.5914466,0.23640167713165283,0.11277445405721664,0.03650730103254318
YOR181W,YPL223C,1,1.5911427,0.23799581825733185,0.113772451877594,0.03650730103254318
YPL175W,YJL082W,0,1.5909553,0.23749999701976776,0.113772451877594,0.036607321351766586
YDR085C,YGR038W,0,1.5892837,0.23700623214244843,0.113772451877594,0.03670734167098999
YLR001C,YGL134W,0,1.5885432,0.23651452362537384,0.113772451877594,0.036807361990213394
YJL013C,YIR034C,0,1.587921,0.23602484166622162,0.113772451877594,0.0369073823094368
YLR042C,YMR240C,0,1.5875683,0.23553718626499176,0.113772451877594,0.0370074026286602
YJL187C,YNL093W,0,1.5874841,0.23505154252052307,0.113772451877594,0.037107422947883606
YFL013C,YPL087W,0,1.5846889,0.23456789553165436,0.113772451877594,0.03720744326710701
YNR044W,YJL083W,0,1.5844907,0.23408624529838562,0.113772451877594,0.037307459861040115
YMR136W,YNL058C,0,1.5839782,0.23360656201839447,0.113772451877594,0.03740748018026352
YNL336W,YLR118C,0,1.5825723,0.23312883079051971,0.113772451877594,0.03750750049948692
YKR027W,YIL007C,0,1.5815823,0.23265306651592255,0.113772451877594,0.03760752081871033
YLR060W,YNL194C,0,1.5809366,0.23217922449111938,0.113772451877594,0.03770754113793373
YNR031C,YER062C,1,1.5791161,0.23373983800411224,0.11477045714855194,0.03770754113793373
YFL018C,YPL145C,0,1.5769362,0.2332657128572464,0.11477045714855194,0.037807561457157135
YOL089C,YOR181W,1,1.5768143,0.23481781780719757,0.11576846241950989,0.037807561457157135
YGL093W,YHR016C,0,1.5763218,0.23434343934059143,0.11576846241950989,0.03790758177638054
YOR355W,YPL005W,0,1.5754616,0.2338709682226181,0.11576846241950989,0.03800760209560394
YOL082W,YDR449C,0,1.5718176,0.2334004044532776,0.11576846241950989,0.03810762241482735
YIL097W,YIL117C,0,1.5698383,0.2329317331314087,0.11576846241950989,0.03820764273405075
YOR292C,YGL200C,0,1.5679147,0.23246492445468903,0.11576846241950989,0.038307663053274155
YBR130C,YDL078C,0,1.5673666,0.23199999332427979,0.11576846241950989,0.03840768337249756
YNL264C,YOR087W,0,1.5672394,0.23153692483901978,0.11576846241950989,0.038507699966430664
YPR023C,YBR274W,0,1.5668018,0.2310757040977478,0.11576846241950989,0.03860772028565407
YGR005C,YDR129C,0,1.5636774,0.23061630129814148,0.11576846241950989,0.03870774060487747
YDL022W,YPL180W,1,1.5636089,0.2321428507566452,0.11676646769046783,0.03870774060487747
YPR107C,YKL168C,0,1.5633447,0.2316831648349762,0.11676646769046783,0.038807760924100876
YJR151C,YML055W,0,1.5628034,0.23122529685497284,0.11676646769046783,0.03890778124332428
YKL112W,YOR285W,0,1.5625474,0.23076923191547394,0.11676646769046783,0.039007801562547684
YLR332W,YOR273C,0,1.5624863,0.2303149551153183,0.11676646769046783,0.03910782188177109
YPR149W,YJR092W,0,1.5582054,0.22986248135566711,0.11676646769046783,0.03920784220099449
YKL129C,YML131W,1,1.5579523,0.23137255012989044,0.11776447296142578,0.03920784220099449
YMR250W,YMR075W,0,1.5573897,0.2309197634458542,0.11776447296142578,0.039307862520217896
YFL016C,YLR309C,0,1.5572627,0.23046875,0.11776447296142578,0.0394078828394413
YLR332W,YLR337C,1,1.5566914,0.23196880519390106,0.11876247823238373,0.0394078828394413
YDR092W,YGR161C,0,1.5564581,0.2315175086259842,0.11876247823238373,0.0395079031586647
YPL230W,YMR172W,1,1.5552316,0.2330097109079361,0.11976047605276108,0.0395079031586647
YMR008C,YML046W,0,1.553452,0.23255814611911774,0.11976047605276108,0.03960791975259781
YIL168W,YHR009C,0,1.5530405,0.23210830986499786,0.11976047605276108,0.03970794007182121
YOR073W,YLR001C,0,1.5528276,0.23166023194789886,0.11976047605276108,0.03980796039104462
YIL099W,YGR085C,0,1.5517441,0.23121386766433716,0.11976047605276108,0.03990798071026802
YPL004C,YCR016W,0,1.5516783,0.23076923191547394,0.11976047605276108,0.040008001029491425
YDR309C,YKL190W,0,1.5512242,0.23032629489898682,0.11976047605276108,0.04010802134871483
YDR171W,YER123W,0,1.5506017,0.2298850566148758,0.11976047605276108,0.04020804166793823
YPL223C,YKL088W,1,1.5502993,0.23135755956172943,0.12075848132371902,0.04020804166793823
YPL115C,YJL171C,0,1.5500743,0.23091602325439453,0.12075848132371902,0.040308061987161636
YNL091W,YBR014C,1,1.549902,0.2323809564113617,0.12175648659467697,0.040308061987161636
YGR142W,YHR090C,0,1.5497013,0.2319391667842865,0.12175648659467697,0.04040808230638504
YDR159W,YOL016C,0,1.5484476,0.23149904608726501,0.12175648659467697,0.040508102625608444
YPL066W,YOL126C,0,1.5469413,0.23106060922145844,0.12175648659467697,0.04060812294483185
YPL224C,YGL238W,0,1.5467551,0.23062381148338318,0.12175648659467697,0.04070814326405525
YER019W,YOR208W,1,1.5463958,0.23207546770572662,0.12275449186563492,0.04070814326405525
YMR037C,YLR362W,1,1.5459992,0.23352165520191193,0.12375249713659286,0.04070814326405525
YAL005C,YGL077C,0,1.5447223,0.23308271169662476,0.12375249713659286,0.04080815985798836
YER062C,YPL240C,1,1.5421405,0.23452158272266388,0.12475050240755081,0.04080815985798836
YPL171C,YJL076W,0,1.5417341,0.2340824007987976,0.12475050240755081,0.04090818017721176
YDR005C,YNR074C,0,1.5406866,0.23364485800266266,0.12475050240755081,0.041008200496435165
YGR067C,YNL059C,0,1.5399851,0.23320895433425903,0.12475050240755081,0.04110822081565857
YDR516C,YLR144C,0,1.5395567,0.23277467489242554,0.12475050240755081,0.04120824113488197
YLR260W,YLR220W,0,1.5388291,0.23234200477600098,0.12475050240755081,0.04130826145410538
YBR014C,YPL240C,1,1.5387654,0.23376622796058655,0.12574850022792816,0.04130826145410538
YGR256W,YHR154W,0,1.5387161,0.23333333432674408,0.12574850022792816,0.04140828177332878
YLR363C,YLR248W,0,1.5359926,0.23290203511714935,0.12574850022792816,0.041508302092552185
YHR016C,YLL028W,0,1.535598,0.23247233033180237,0.12574850022792816,0.04160832241177559
YIL043C,YMR238W,0,1.5324626,0.23204420506954193,0.12574850022792816,0.04170834273099899
YNR059W,YPR006C,0,1.5323994,0.23161764442920685,0.12574850022792816,0.0418083630502224
YJL172W,YOR140W,0,1.5316142,0.2311926633119583,0.12574850022792816,0.0419083833694458
YBL105C,YOR285W,0,1.5314478,0.23076923191547394,0.12574850022792816,0.042008399963378906
YOR204W,YBR201W,0,1.5312426,0.23034735023975372,0.12574850022792816,0.04210842028260231
YOR027W,YNL117W,0,1.5312111,0.22992700338363647,0.12574850022792816,0.042208440601825714
YBR301W,YML041C,0,1.5310248,0.2295081913471222,0.12574850022792816,0.04230846092104912
YDR119W,YML100W,0,1.5303233,0.22909091413021088,0.12574850022792816,0.04240848124027252
YGL216W,YDR258C,0,1.5284827,0.22867514193058014,0.12574850022792816,0.042508501559495926
YDR148C,YIL042C,0,1.5279276,0.22826087474822998,0.12574850022792816,0.04260852187871933
YLR260W,YGL184C,0,1.5243906,0.2278480976819992,0.12574850022792816,0.042708542197942734
YGR203W,YDL193W,0,1.5242692,0.227436825633049,0.12574850022792816,0.04280856251716614
YGL103W,YGL250W,0,1.523292,0.227027028799057,0.12574850022792816,0.04290858283638954
YPL015C,YPL139C,0,1.5222402,0.2266187071800232,0.12574850022792816,0.043008603155612946
YBR293W,YGR258C,0,1.521694,0.22621184587478638,0.12574850022792816,0.04310862347483635
YGL053W,YHR077C,0,1.5212522,0.22580644488334656,0.12574850022792816,0.043208640068769455
YPL179W,YOR354C,0,1.5209639,0.22540250420570374,0.12574850022792816,0.04330866038799286
YER179W,YML127W,0,1.5192904,0.22499999403953552,0.12574850022792816,0.04340868070721626
YGR185C,YJL089W,0,1.5188955,0.2245989292860031,0.12574850022792816,0.04350870102643967
YOL057W,YIL099W,0,1.5184646,0.2241992950439453,0.12574850022792816,0.04360872134566307
YBL061C,YKL062W,1,1.5182714,0.22557726502418518,0.1267465054988861,0.04360872134566307
YJL128C,YER062C,1,1.5174878,0.22695034742355347,0.12774451076984406,0.04360872134566307
YPR161C,YDL206W,0,1.517448,0.2265486717224121,0.12774451076984406,0.043708741664886475
YNR033W,YPL196W,0,1.5171098,0.22614841163158417,0.12774451076984406,0.04380876198410988
YPL180W,YOR008C,1,1.5157236,0.22751322388648987,0.128742516040802,0.04380876198410988
YOR227W,YHR111W,0,1.5151186,0.22711268067359924,0.128742516040802,0.04390878230333328
YLR145W,YLL016W,0,1.5138378,0.22671353816986084,0.128742516040802,0.044008802622556686
YHR138C,YDR159W,0,1.5132957,0.22631579637527466,0.128742516040802,0.04410882294178009
YCR065W,YNR057C,0,1.5116619,0.2259194403886795,0.128742516040802,0.044208843261003494
YLR164W,YFL031W,0,1.5110674,0.22552447021007538,0.128742516040802,0.0443088635802269
YMR186W,YNR039C,0,1.5104299,0.22513088583946228,0.128742516040802,0.044408880174160004
YDR099W,YLR102C,0,1.5098225,0.22473867237567902,0.128742516040802,0.04450890049338341
YOL089C,YOR120W,1,1.5097317,0.22608695924282074,0.12974052131175995,0.04450890049338341
YCL051W,YKL025C,0,1.5088019,0.2256944477558136,0.12974052131175995,0.04460892081260681
YIR025W,YDR100W,0,1.5084324,0.2253032922744751,0.12974052131175995,0.044708941131830215
YOR377W,YCL040W,0,1.5061626,0.22491349279880524,0.12974052131175995,0.04480896145105362
YLR297W,YDR131C,0,1.505974,0.22452504932880402,0.12974052131175995,0.04490898177027702
YCR030C,YGR285C,0,1.5049419,0.22413793206214905,0.12974052131175995,0.04500900208950043
YNL009W,YFL034C-B,0,1.503963,0.22375215590000153,0.12974052131175995,0.04510902240872383
YLR035C,YGR180C,0,1.5037246,0.22336769104003906,0.12974052131175995,0.045209042727947235
YHR124W,YNL305C,0,1.5022943,0.22298456728458405,0.12974052131175995,0.04530906304717064
YGR249W,YKR089C,0,1.501365,0.2226027399301529,0.12974052131175995,0.04540908336639404
YBR101C,YJL095W,0,1.5009434,0.2222222238779068,0.12974052131175995,0.04550909996032715
YPL248C,YNL154C,0,1.5005226,0.22184300422668457,0.12974052131175995,0.04560912027955055
YOL044W,YJR044C,0,1.4998808,0.2214650809764862,0.12974052131175995,0.045709140598773956
YPR005C,YPL242C,1,1.4989055,0.22278910875320435,0.1307385265827179,0.045709140598773956
YKL188C,YLR019W,0,1.4980481,0.2224108725786209,0.1307385265827179,0.04580916091799736
YJL168C,YMR170C,0,1.4977491,0.22203390300273895,0.1307385265827179,0.045909181237220764
YIL017C,YGL077C,0,1.497479,0.22165820002555847,0.1307385265827179,0.04600920155644417
YGR032W,YOL059W,0,1.4964887,0.22128377854824066,0.1307385265827179,0.04610922187566757
YML120C,YML072C,0,1.4959581,0.22091062366962433,0.1307385265827179,0.046209242194890976
YJR161C,YOL094C,0,1.4925385,0.22053872048854828,0.1307385265827179,0.04630926251411438
YDR040C,YLR362W,1,1.4916537,0.2218487411737442,0.13173653185367584,0.04630926251411438
YDL239C,YLL040C,0,1.4909072,0.2214765101671219,0.13173653185367584,0.046409282833337784
YJL214W,YDL022W,0,1.4904842,0.22110553085803986,0.13173653185367584,0.04650930315256119
YGL134W,YMR278W,0,1.4886457,0.22073578834533691,0.13173653185367584,0.04660932347178459
YDR129C,YOR120W,1,1.488172,0.22203673422336578,0.1327345371246338,0.04660932347178459
YLR058C,YMR077C,0,1.487891,0.22166666388511658,0.1327345371246338,0.0467093400657177
YOR020C,YNL047C,0,1.4875774,0.22129783034324646,0.1327345371246338,0.0468093603849411
YNL208W,YPR025C,0,1.4871194,0.22093023359775543,0.1327345371246338,0.046909380704164505
YOR208W,YLR362W,1,1.4866908,0.2222222238779068,0.13373252749443054,0.046909380704164505
YGL062W,YDL193W,0,1.4857156,0.2218542993068695,0.13373252749443054,0.04700940102338791
YKL210W,YLR189C,0,1.4855964,0.2214875966310501,0.13373252749443054,0.04710942134261131
YER004W,YPL225W,0,1.4843729,0.2211221158504486,0.13373252749443054,0.04720944166183472
YLR193C,YKL189W,0,1.4838462,0.22075782716274261,0.13373252749443054,0.04730946198105812
YNL153C,YER039C,0,1.4833469,0.22039473056793213,0.13373252749443054,0.047409482300281525
YHL028W,YLL053C,0,1.4823422,0.22003284096717834,0.13373252749443054,0.04750950261950493
YGL049C,YGR205W,0,1.478224,0.21967212855815887,0.13373252749443054,0.04760952293872833
YKL129C,YER062C,1,1.4773898,0.22094926238059998,0.1347305327653885,0.04760952293872833
YER119C,YIL010W,0,1.4773362,0.22058823704719543,0.1347305327653885,0.047709543257951736
YOR335C,YMR041C,0,1.4767585,0.2202283889055252,0.1347305327653885,0.04780956357717514
YKL176C,YLR423C,0,1.4766879,0.2198697030544281,0.1347305327653885,0.047909580171108246
YGL037C,YDR150W,0,1.4762137,0.2195121943950653,0.1347305327653885,0.04800960049033165
YDR415C,YPL168W,0,1.4757091,0.21915584802627563,0.1347305327653885,0.048109620809555054
YML096W,YKL103C,0,1.4742693,0.2188006490468979,0.1347305327653885,0.04820964112877846
YOL089C,YPR005C,1,1.4739952,0.22006472945213318,0.13572853803634644,0.04820964112877846
YJR105W,YNL173C,0,1.4730699,0.21970920264720917,0.13572853803634644,0.04830966144800186
YER044C-A,YDR159W,0,1.4714414,0.21935483813285828,0.13572853803634644,0.048409681767225266
YKR087C,YNL202W,0,1.4702518,0.21900160610675812,0.13572853803634644,0.04850970208644867
YKL141W,YKL213C,0,1.470159,0.21864952147006989,0.13572853803634644,0.04860972240567207
YDR028C,YEL011W,0,1.4700418,0.2182985544204712,0.13572853803634644,0.04870974272489548
YLR182W,YOR317W,0,1.4689738,0.21794871985912323,0.13572853803634644,0.04880976304411888
YLR359W,YKL146W,0,1.4686004,0.2176000028848648,0.13572853803634644,0.048909783363342285
YIL139C,YMR175W,0,1.4685123,0.21725240349769592,0.13572853803634644,0.04900980368256569
YFL014W,YIL159W,1,1.468133,0.2185007929801941,0.13672654330730438,0.04900980368256569
YMR114C,YML032C,0,1.4680953,0.21815286576747894,0.13672654330730438,0.049109820276498795
YNL232W,YHR008C,0,1.4678098,0.21780604124069214,0.13672654330730438,0.0492098405957222
YBR079C,YJR107W,0,1.4675359,0.21746031939983368,0.13672654330730438,0.0493098609149456
YOR227W,YOL051W,0,1.4664817,0.21711568534374237,0.13672654330730438,0.049409881234169006
YDR148C,YPL259C,0,1.4663593,0.2167721539735794,0.13672654330730438,0.04950990155339241
YPR185W,YOL119C,0,1.4658706,0.2164296954870224,0.13672654330730438,0.049609921872615814
YDR129C,YPL223C,1,1.4652901,0.21766561269760132,0.13772454857826233,0.049609921872615814
YEL039C,YMR186W,0,1.4631793,0.21732284128665924,0.13772454857826233,0.04970994219183922
YPL230W,YNL021W,0,1.4630736,0.21698112785816193,0.13772454857826233,0.04980996251106262
YNL192W,YDR017C,0,1.4618951,0.21664050221443176,0.13772454857826233,0.049909982830286026
YDR395W,YDL021W,0,1.4611824,0.21630093455314636,0.13772454857826233,0.05001000314950943
YJL144W,YOR297C,1,1.4598204,0.2175273895263672,0.13872255384922028,0.05001000314950943
YEL070W,YBR236C,0,1.4592952,0.21718749403953552,0.13872255384922028,0.050110023468732834
YFL039C,YPR005C,1,1.4592538,0.2184087336063385,0.13972055912017822,0.050110023468732834
YLR256W,YAR027W,0,1.458976,0.21806854009628296,0.13972055912017822,0.05021004378795624
YML004C,YGR185C,0,1.458538,0.217729389667511,0.13972055912017822,0.05031006038188934
YKL079W,YAL014C,0,1.4577229,0.21739129722118378,0.13972055912017822,0.05041008070111275
YJR040W,YGL250W,0,1.456819,0.21705426275730133,0.13972055912017822,0.05051010102033615
YOR018W,YPR114W,0,1.4554856,0.21671827137470245,0.13972055912017822,0.050610121339559555
YCL032W,YHR114W,1,1.4531765,0.2179289013147354,0.14071856439113617,0.050610121339559555
YMR092C,YBR260C,1,1.4491216,0.2191358059644699,0.14171656966209412,0.050610121339559555
YLR429W,YKR029C,0,1.4483911,0.21879814565181732,0.14171656966209412,0.05071014165878296
YBR189W,YMR110C,0,1.4479612,0.2184615433216095,0.14171656966209412,0.05081016197800636
YBR272C,YOR100C,0,1.4467525,0.21812595427036285,0.14171656966209412,0.05091018229722977
YPL059W,YPR075C,1,1.4465533,0.21932515501976013,0.14271457493305206,0.05091018229722977
YMR229C,YMR008C,0,1.4460899,0.2189892828464508,0.14271457493305206,0.05101020261645317
YOR283W,YEL060C,0,1.4460671,0.21865443885326385,0.14271457493305206,0.051110222935676575
YBR014C,YLR337C,1,1.4456546,0.21984732151031494,0.14371258020401,0.051110222935676575
YBR182C,YLR337C,1,1.4452486,0.22103658318519592,0.14471058547496796,0.051110222935676575
YPR075C,YHL002W,0,1.4440178,0.22070014476776123,0.14471058547496796,0.05121024325489998
YER101C,YOR168W,0,1.4436859,0.2203647345304489,0.14471058547496796,0.05131026357412338
YDR388W,YLR138W,1,1.4434823,0.22154779732227325,0.1457085758447647,0.05131026357412338
YGL186C,YOL126C,0,1.4431068,0.22121211886405945,0.1457085758447647,0.051410283893346786
YBR228W,YPR152C,0,1.4407618,0.22087745368480682,0.1457085758447647,0.05151030048727989
YMR170C,YDR234W,0,1.4400699,0.22054380178451538,0.1457085758447647,0.051610320806503296
YOL097C,YGL259W,0,1.4386804,0.22021116316318512,0.1457085758447647,0.0517103411257267
YMR291W,YGL243W,0,1.4370258,0.21987952291965485,0.1457085758447647,0.051810361444950104
YBR229C,YPL151C,0,1.4363474,0.21954886615276337,0.1457085758447647,0.05191038176417351
YLR332W,YER062C,1,1.4360154,0.22072072327136993,0.14670658111572266,0.05191038176417351
YPL180W,YML131W,1,1.4345249,0.22188904881477356,0.1477045863866806,0.05191038176417351
YPL232W,YER175C,0,1.4337486,0.2215568870306015,0.1477045863866806,0.05201040208339691
YBR043C,YDL103C,0,1.43332,0.22122570872306824,0.1477045863866806,0.052110422402620316
YOL021C,YGL196W,0,1.43274,0.22089552879333496,0.1477045863866806,0.05221044272184372
YER175C,YDR191W,0,1.4327053,0.22056631743907928,0.1477045863866806,0.05231046304106712
YLR102C,YOL011W,0,1.4307879,0.2202380895614624,0.1477045863866806,0.05241048336029053
YHR106W,YPL207W,0,1.4291332,0.21991084516048431,0.1477045863866806,0.05251050367951393
YPR005C,YLR337C,1,1.428632,0.22106824815273285,0.14870259165763855,0.05251050367951393
YBL061C,YPL240C,1,1.4263266,0.2222222238779068,0.1497005969285965,0.05251050367951393
YNL192W,YHR051W,0,1.4263055,0.22189348936080933,0.1497005969285965,0.05261052027344704
YOR043W,YMR172W,1,1.4260876,0.223042830824852,0.15069860219955444,0.05261052027344704
YDL091C,YJR127C,0,1.4247836,0.22271385788917542,0.15069860219955444,0.05271054059267044
YOR382W,YDR178W,0,1.4242175,0.22238586843013763,0.15069860219955444,0.052810560911893845
YMR180C,YGL180W,0,1.4233847,0.22205881774425507,0.15069860219955444,0.05291058123111725
YPL223C,YKL062W,1,1.4226997,0.22320117056369781,0.1516966074705124,0.05291058123111725
YPL223C,YDR168W,1,1.4224687,0.22434017062187195,0.15269461274147034,0.05291058123111725
YOR207C,YMR197C,0,1.4221455,0.22401171922683716,0.15269461274147034,0.05301060155034065
YOR142W,YNR052C,0,1.4220002,0.22368420660495758,0.15269461274147034,0.053110621869564056
YMR315W,YOL126C,0,1.4213951,0.2233576625585556,0.15269461274147034,0.05321064218878746
YPL152W,YHR166C,0,1.4208511,0.22303207218647003,0.15269461274147034,0.053310662508010864
YLR178C,YIL162W,0,1.4205351,0.22270742058753967,0.15269461274147034,0.05341068282723427
YOL052C-A,YJL210W,0,1.420443,0.22238372266292572,0.15269461274147034,0.05351070314645767
YDR512C,YGL162W,0,1.4201075,0.22206096351146698,0.15269461274147034,0.053610723465681076
YGR008C,YLR138W,1,1.4192874,0.2231884002685547,0.15369261801242828,0.053610723465681076
YJR078W,YMR169C,0,1.4191875,0.22286541759967804,0.15369261801242828,0.05371074378490448
YBR182C,YPL059W,1,1.4190836,0.22398844361305237,0.15469062328338623,0.05371074378490448
YLR390W-A,YGL010W,0,1.4186845,0.22366522252559662,0.15469062328338623,0.053810760378837585
YLR144C,YJL171C,0,1.4183713,0.22334294021129608,0.15469062328338623,0.05391078069806099
YLL039C,YGL077C,0,1.4177127,0.22302158176898956,0.15469062328338623,0.05401080101728439
YKL188C,YKL071W,0,1.4171085,0.22270114719867706,0.15469062328338623,0.0541108213365078
YFR027W,YPR030W,0,1.4167318,0.22238163650035858,0.15469062328338623,0.0542108416557312
YBR169C,YGL226W,0,1.4164531,0.22206303477287292,0.15469062328338623,0.054310861974954605
YER139C,YKL150W,0,1.4136084,0.2217453569173813,0.15469062328338623,0.05441088229417801
YKL093W,YER146W,0,1.4133394,0.22142857313156128,0.15469062328338623,0.05451090261340141
YDL222C,YDR129C,0,1.4131788,0.2211126983165741,0.15469062328338623,0.05461092293262482
YER052C,YJR064W,0,1.4130075,0.22079771757125854,0.15469062328338623,0.05471094325184822
YKR093W,YCL040W,0,1.4128922,0.22048364579677582,0.15469062328338623,0.054810963571071625
YOR329C,YLR390W-A,0,1.4121842,0.22017045319080353,0.15469062328338623,0.05491098389029503
YMR092C,YLR337C,1,1.4118599,0.22127659618854523,0.15568862855434418,0.05491098389029503
YDL021W,YDL154W,0,1.4115843,0.22096318006515503,0.15568862855434418,0.055011000484228134
YPR188C,YCL040W,0,1.4115558,0.22065064311027527,0.15568862855434418,0.05511102080345154
YGL006W,YBR081C,0,1.411508,0.22033898532390594,0.15568862855434418,0.05521104112267494
YLR352W,YJL057C,0,1.4107327,0.22002820670604706,0.15568862855434418,0.055311061441898346
YBR145W,YGR007W,0,1.4104309,0.2197183072566986,0.15568862855434418,0.05541108176112175
YBR294W,YOL135C,0,1.410109,0.2194092869758606,0.15568862855434418,0.055511102080345154
YHR035W,YKL210W,0,1.4093466,0.21910113096237183,0.15568862855434418,0.05561112239956856
YAL005C,YBL098W,0,1.4088194,0.2187938243150711,0.15568862855434418,0.05571114271879196
YPL059W,YHR206W,1,1.4085749,0.21988795697689056,0.15668663382530212,0.05571114271879196
YOR084W,YLR329W,0,1.4084896,0.21958042681217194,0.15668663382530212,0.055811163038015366
YBR067C,YHR123W,0,1.407097,0.21927374601364136,0.15668663382530212,0.05591118335723877
YNR031C,YPL152W,1,1.4061646,0.2203626185655594,0.15768462419509888,0.05591118335723877
YLR060W,YNL133C,0,1.4056189,0.2200557142496109,0.15768462419509888,0.05601120367646217
YJL066C,YMR030W,0,1.404592,0.21974965929985046,0.15768462419509888,0.05611122399568558
YER021W,YDR058C,0,1.4045677,0.21944443881511688,0.15768462419509888,0.05621124058961868
YLR151C,YMR041C,0,1.4019433,0.21914008259773254,0.15768462419509888,0.05631126090884209
YLR006C,YPL152W,1,1.4019225,0.220221608877182,0.15868262946605682,0.05631126090884209
YBR056W,YBR094W,0,1.4013908,0.21991701424121857,0.15868262946605682,0.05641128122806549
YLR248W,YOR181W,1,1.4013802,0.2209944725036621,0.15968063473701477,0.05641128122806549
YPL181W,YOR109W,0,1.4004905,0.22068965435028076,0.15968063473701477,0.056511301547288895
YLL051C,YML102W,0,1.3981613,0.22038567066192627,0.15968063473701477,0.0566113218665123
YGR239C,YPL203W,0,1.3974863,0.22008253633975983,0.15968063473701477,0.0567113421857357
YEL047C,YPL118W,0,1.3972893,0.21978022158145905,0.15968063473701477,0.056811362504959106
YLR270W,YJL100W,0,1.3970037,0.21947874128818512,0.15968063473701477,0.05691138282418251
YGL061C,YGR255C,0,1.3968406,0.21917808055877686,0.15968063473701477,0.057011403143405914
YJL116C,YKR065C,0,1.3954147,0.21887825429439545,0.15968063473701477,0.05711142346262932
YPL126W,YFL014W,0,1.3950732,0.2185792326927185,0.15968063473701477,0.05721144378185272
YKL091C,YGL162W,0,1.3949876,0.21828103065490723,0.15968063473701477,0.057311464101076126
YBR260C,YKR072C,1,1.3948394,0.2193460464477539,0.16067864000797272,0.057311464101076126
YGR044C,YOL144W,0,1.394773,0.21904762089252472,0.16067864000797272,0.05741148069500923
YDL010W,YDR168W,1,1.3946866,0.22010870277881622,0.16167664527893066,0.05741148069500923
YLR110C,YKR049C,0,1.3941426,0.21981003880500793,0.16167664527893066,0.057511501014232635
YMR215W,YCR083W,0,1.3938487,0.2195121943950653,0.16167664527893066,0.05761152133345604
YLR006C,YER062C,1,1.3924141,0.22056832909584045,0.1626746505498886,0.05761152133345604
YFL014W,YOR142W,0,1.392002,0.2202702760696411,0.1626746505498886,0.05771154165267944
YMR213W,YPR127W,0,1.3911729,0.21997301280498505,0.1626746505498886,0.05781156197190285
YKL146W,YER167W,0,1.3897598,0.21967655420303345,0.1626746505498886,0.05791158229112625
YJR150C,YLR080W,0,1.3896056,0.21938088536262512,0.1626746505498886,0.058011602610349655
YBR186W,YPR200C,0,1.3892899,0.21908602118492126,0.1626746505498886,0.05811162292957306
YLR380W,YGR165W,0,1.388612,0.21879194676876068,0.1626746505498886,0.05821164324879646
YOR250C,YCR038C,0,1.3886095,0.21849866211414337,0.1626746505498886,0.05831166356801987
YKR026C,YPL004C,0,1.3884934,0.21820615231990814,0.1626746505498886,0.05841168388724327
YOL034W,YKL086W,0,1.3881916,0.2179144322872162,0.1626746505498886,0.058511700481176376
YMR078C,YDR460W,0,1.3880032,0.2176235020160675,0.1626746505498886,0.05861172080039978
YMR195W,YGR166W,0,1.3877879,0.2173333317041397,0.1626746505498886,0.058711741119623184
YLR313C,YLR251W,0,1.3876796,0.217043936252594,0.1626746505498886,0.05881176143884659
YOL113W,YGL112C,0,1.3867589,0.21675531566143036,0.1626746505498886,0.05891178175806999
YPL059W,YBR260C,1,1.3866898,0.2177954912185669,0.16367265582084656,0.05891178175806999
YPL118W,YLR399C,0,1.3855499,0.21750663220882416,0.16367265582084656,0.059011802077293396
YOL089C,YIL153W,1,1.3836846,0.21854305267333984,0.1646706610918045,0.059011802077293396
YDR147W,YOR245C,0,1.3827899,0.2182539701461792,0.1646706610918045,0.0591118223965168
YPL239W,YOR208W,1,1.3820913,0.21928665041923523,0.16566866636276245,0.0591118223965168
YGR052W,YDR173C,0,1.3813695,0.21899735927581787,0.16566866636276245,0.059211842715740204
YBR014C,YKR072C,1,1.3805819,0.22002634406089783,0.1666666716337204,0.059211842715740204
YDL168W,YLL043W,0,1.3803906,0.21973684430122375,0.1666666716337204,0.05931186303496361
YDR293C,YEL011W,0,1.3801229,0.21944808959960938,0.1666666716337204,0.05941188335418701
YIL153W,YPL152W,1,1.3796811,0.22047244012355804,0.16766467690467834,0.05941188335418701
YNL134C,YBR274W,0,1.3795042,0.22018349170684814,0.16766467690467834,0.059511903673410416
YDR377W,YGL179C,0,1.3793328,0.21989528834819794,0.16766467690467834,0.05961192399263382
YNL020C,YPR005C,1,1.3792061,0.2209150344133377,0.1686626672744751,0.05961192399263382
YML128C,YDL147W,0,1.3788329,0.22062663733959198,0.1686626672744751,0.059711940586566925
YLR225C,YDR131C,0,1.3786395,0.22033898532390594,0.1686626672744751,0.05981196090579033
YOR113W,YJR036C,0,1.3781509,0.2200520783662796,0.1686626672744751,0.05991198122501373
YPR065W,YKL211C,0,1.3778116,0.21976593136787415,0.1686626672744751,0.06001200154423714
YHR091C,YBR218C,0,1.3760412,0.2194805145263672,0.1686626672744751,0.06011202186346054
YGL142C,YDR030C,0,1.3758383,0.21919584274291992,0.1686626672744751,0.060212042182683945
YMR078C,YKL095W,0,1.3757029,0.21891191601753235,0.1686626672744751,0.06031206250190735
YMR135C,YGR283C,0,1.3753589,0.21862871944904327,0.1686626672744751,0.06041208282113075
YDR019C,YMR121C,0,1.3749366,0.2183462530374527,0.1686626672744751,0.060512103140354156
YCR089W,YML110C,0,1.3742806,0.21806451678276062,0.1686626672744751,0.06061212345957756
YLR194C,YOR357C,0,1.3724298,0.21778351068496704,0.1686626672744751,0.060712143778800964
YDL022W,YJL128C,1,1.3723152,0.2187902182340622,0.16966067254543304,0.060712143778800964
YER052C,YOR380W,0,1.3717871,0.2185090035200119,0.16966067254543304,0.06081216409802437
YKL124W,YLR259C,0,1.3701253,0.2182285040616989,0.16966067254543304,0.060912180691957474
YOR363C,YDR263C,0,1.3699979,0.21794871985912323,0.16966067254543304,0.06101220101118088
YGR192C,YLL041C,0,1.3699875,0.21766965091228485,0.16966067254543304,0.06111222133040428
YER038C,YIL108W,0,1.3687208,0.21739129722118378,0.16966067254543304,0.061212241649627686
YLR102C,YOL108C,0,1.3686224,0.21711365878582,0.16966067254543304,0.06131226196885109
YIL135C,YMR200W,0,1.3683941,0.21683673560619354,0.16966067254543304,0.06141228228807449
YJR086W,YOL045W,0,1.3680413,0.2165605127811432,0.16966067254543304,0.0615123026072979
YER062C,YOR208W,1,1.3671508,0.21755725145339966,0.170658677816391,0.0615123026072979
YEL012W,YKL210W,0,1.3671072,0.2172808200120926,0.170658677816391,0.0616123229265213
YGR161C,YKR079C,0,1.3669074,0.21700507402420044,0.170658677816391,0.061712343245744705
YFL039C,YPL059W,1,1.3665352,0.2179974615573883,0.17165668308734894,0.061712343245744705
YBR016W,YHR114W,1,1.3664665,0.2189873456954956,0.17265468835830688,0.061712343245744705
YPL163C,YBR212W,0,1.3659165,0.2187104970216751,0.17265468835830688,0.06181236356496811
YAL042W,YMR009W,0,1.3656349,0.21843434870243073,0.17265468835830688,0.06191238388419151
YGR097W,YGR207C,0,1.3649372,0.21815888583660126,0.17265468835830688,0.06201240420341492
YKL062W,YPL152W,1,1.3647746,0.2191435694694519,0.17365269362926483,0.06201240420341492
YFL049W,YPL120W,0,1.3641999,0.2188679277896881,0.17365269362926483,0.06211242079734802
YOL116W,YDR162C,1,1.3628697,0.21984924376010895,0.17465069890022278,0.06211242079734802
YDL189W,YDR530C,0,1.3628072,0.21957339346408844,0.17465069890022278,0.062212441116571426
YGL053W,YHR139C,0,1.3610096,0.21929824352264404,0.17465069890022278,0.06231246143579483
YAL060W,YJL099W,0,1.3599184,0.21902377903461456,0.17465069890022278,0.062412481755018234
YPR005C,YLR113W,1,1.3587724,0.2199999988079071,0.17564870417118073,0.062412481755018234
YLR118C,YLR324W,0,1.3586854,0.2197253406047821,0.17564870417118073,0.06251250207424164
YPL230W,YOR297C,1,1.3580055,0.2206982523202896,0.17664670944213867,0.06251250207424164
YJL082W,YKR064W,0,1.3574028,0.22042341530323029,0.17664670944213867,0.06261252611875534
YHR016C,YDR179C,0,1.3572345,0.22014924883842468,0.17664670944213867,0.06271254271268845
YDL022W,YPR075C,1,1.3565153,0.2211180180311203,0.17764471471309662,0.06271254271268845
YLR077W,YOR113W,0,1.3555799,0.22084367275238037,0.17764471471309662,0.06281255930662155
YFL039C,YJL184W,1,1.3554642,0.22180916368961334,0.17864271998405457,0.06281255930662155
YMR226C,YER046W,0,1.353293,0.22153465449810028,0.17864271998405457,0.06291258335113525
YMR315W,YGR090W,0,1.3529115,0.22126081585884094,0.17864271998405457,0.06301259994506836
YLR362W,YKL165C,0,1.3520551,0.22098764777183533,0.17864271998405457,0.06311262398958206
YKL069W,YIL097W,0,1.3518412,0.22071516513824463,0.17864271998405457,0.06321264058351517
YDR406W,YDR338C,0,1.3518004,0.22044335305690765,0.17864271998405457,0.06331266462802887
YNL097C,YJR019C,0,1.3516152,0.2201721966266632,0.17864271998405457,0.06341268122196198
YGR260W,YLR345W,0,1.349946,0.21990172564983368,0.17864271998405457,0.06351270526647568
YGL180W,YBR183W,0,1.3495159,0.21963189542293549,0.17864271998405457,0.06361272186040878
YPR121W,YKL094W,0,1.3485336,0.2193627506494522,0.17864271998405457,0.06371274590492249
YOR077W,YPR114W,0,1.3483937,0.21909424662590027,0.17864271998405457,0.06381276249885559
YOL043C,YIR018W,0,1.3481617,0.21882641315460205,0.17864271998405457,0.0639127790927887
YDR508C,YKL117W,0,1.3472617,0.21855922043323517,0.17864271998405457,0.0640128031373024
YML057W,YKR042W,0,1.3468854,0.21829268336296082,0.17864271998405457,0.0641128197312355
YJR086W,YPR185W,0,1.3463727,0.218026801943779,0.17864271998405457,0.0642128437757492
YMR313C,YHR187W,0,1.3463244,0.2177615612745285,0.17864271998405457,0.06431286036968231
YIL159W,YBR132C,1,1.3463188,0.21871203184127808,0.1796407252550125,0.06431286036968231
YDR005C,YJR091C,0,1.345722,0.21844659745693207,0.1796407252550125,0.06441288441419601
YBL092W,YPR033C,0,1.3449962,0.2181818187236786,0.1796407252550125,0.06451290100812912
YGR048W,YNL142W,0,1.3428695,0.21791768074035645,0.1796407252550125,0.06461292505264282
YJR161C,YOR215C,0,1.3425963,0.21765416860580444,0.1796407252550125,0.06471294164657593
YER143W,YOL016C,0,1.3424559,0.21739129722118378,0.1796407252550125,0.06481296569108963
YJL137C,YKL186C,0,1.3424008,0.21712906658649445,0.1796407252550125,0.06491298228502274
YDL211C,YNL305C,0,1.3423948,0.21686747670173645,0.1796407252550125,0.06501299887895584
YOR043W,YER062C,1,1.3423223,0.21780987083911896,0.18063871562480927,0.06501299887895584
YDL134C,YPL066W,0,1.3406059,0.21754807233810425,0.18063871562480927,0.06511302292346954
YJL026W,YNL134C,0,1.3404101,0.21728691458702087,0.18063871562480927,0.06521303951740265
YPL059W,YLR362W,1,1.3398747,0.2182254195213318,0.1816367208957672,0.06521303951740265
YGL087C,YNL263C,0,1.3396269,0.2179640680551529,0.1816367208957672,0.06531306356191635
YIR032C,YER162C,0,1.339309,0.21770334243774414,0.1816367208957672,0.06541308015584946
YPR005C,YHR114W,1,1.338517,0.21863798797130585,0.18263472616672516,0.06541308015584946
YMR114C,YLR360W,0,1.3383491,0.21837708353996277,0.18263472616672516,0.06551310420036316
YBR145W,YOR222W,0,1.3383329,0.21811680495738983,0.18263472616672516,0.06561312079429626
YDL022W,YDL010W,1,1.3377848,0.21904762089252472,0.1836327314376831,0.06561312079429626
YPR165W,YDL236W,0,1.3366848,0.21878716349601746,0.1836327314376831,0.06571314483880997
YDR473C,YAL038W,0,1.3357697,0.21852731704711914,0.1836327314376831,0.06581316143274307
YPR058W,YNL300W,0,1.3351587,0.21826809644699097,0.1836327314376831,0.06591318547725677
YOR256C,YOL126C,0,1.3347502,0.21800947189331055,0.1836327314376831,0.06601320207118988
YKL085W,YIR038C,0,1.3335843,0.21775147318840027,0.1836327314376831,0.06611322611570358
YIL044C,YGR268C,0,1.3334662,0.21749408543109894,0.1836327314376831,0.06621324270963669
YKL124W,YER048C,0,1.3326352,0.21723730862140656,0.1836327314376831,0.0663132593035698
YOL043C,YJL036W,0,1.3319912,0.21698112785816193,0.1836327314376831,0.0664132833480835
YML100W,YNL176C,0,1.331935,0.21672555804252625,0.1836327314376831,0.0665132999420166
YGL062W,YNL027W,0,1.3319193,0.21647058427333832,0.1836327314376831,0.0666133239865303
YPL045W,YGR010W,0,1.3313915,0.21621622145175934,0.1836327314376831,0.06671334058046341
YPL059W,YML131W,1,1.3308352,0.21713614463806152,0.18463073670864105,0.06671334058046341
YMR081C,YOR245C,0,1.3303133,0.21688158810138702,0.18463073670864105,0.06681336462497711
YBR019C,YBR059C,0,1.329899,0.21662762761116028,0.18463073670864105,0.06691338121891022
YOR002W,YDL025C,0,1.3290086,0.2163742631673813,0.18463073670864105,0.06701340526342392
YPL223C,YBR132C,1,1.3281851,0.21728971600532532,0.185628741979599,0.06701340526342392
YPL100W,YDR131C,0,1.3280885,0.217036172747612,0.185628741979599,0.06711342185735703
YDR040C,YHL007C,1,1.3265132,0.21794871985912323,0.18662674725055695,0.06711342185735703
YNL044W,YNL183C,0,1.3256701,0.21769499778747559,0.18662674725055695,0.06721344590187073
YGR180C,YHR142W,0,1.3253423,0.2174418568611145,0.18662674725055695,0.06731346249580383
YNL314W,YJR113C,0,1.3249456,0.21718931198120117,0.18662674725055695,0.06741347908973694
YFR030W,YDR034C,0,1.323307,0.2169373482465744,0.18662674725055695,0.06751350313425064
YMR052W,YNL240C,0,1.3232299,0.21668598055839539,0.18662674725055695,0.06761351972818375
YMR037C,YPR075C,1,1.3222951,0.21759259700775146,0.1876247525215149,0.06761351972818375
YKL020C,YJL082W,0,1.3218207,0.21734103560447693,0.1876247525215149,0.06771354377269745
YBR287W,YML096W,0,1.3216641,0.21709007024765015,0.1876247525215149,0.06781356036663055
YBR132C,YLR336C,1,1.3208497,0.21799308061599731,0.18862275779247284,0.06781356036663055
YBR182C,YJL128C,1,1.319772,0.21889400482177734,0.1896207630634308,0.06781356036663055
YPL230W,YJL128C,1,1.3194681,0.21979287266731262,0.19061876833438873,0.06781356036663055
YDR019C,YGL027C,0,1.3192424,0.21954022347927094,0.19061876833438873,0.06791358441114426
YML062C,YNL055C,0,1.3184923,0.219288170337677,0.19061876833438873,0.06801360100507736
YCR045C,YGR284C,0,1.3173187,0.21903669834136963,0.19061876833438873,0.06811362504959106
YBR294W,YHR166C,0,1.3172054,0.21878579258918762,0.19061876833438873,0.06821364164352417
YGL121C,YDL147W,0,1.3170084,0.21853546798229218,0.19061876833438873,0.06831366568803787
YDR512C,YML045W,0,1.3156554,0.2182857096195221,0.19061876833438873,0.06841368228197098
YMR091C,YNL265C,0,1.315621,0.21803653240203857,0.19061876833438873,0.06851370632648468
YOL116W,YPL180W,1,1.3144226,0.21892815828323364,0.19161677360534668,0.06851370632648468
YDL091C,YOL113W,0,1.3143461,0.218678817152977,0.19161677360534668,0.06861372292041779
YGR003W,YDR131C,0,1.3141675,0.2184300273656845,0.19161677360534668,0.06871373951435089
YMR037C,YKL088W,1,1.3141057,0.2193181812763214,0.19261476397514343,0.06871373951435089
YLR113W,YNL037C,0,1.3138003,0.219069242477417,0.19261476397514343,0.0688137635588646
YIL042C,YPR180W,0,1.3137009,0.21882085502147675,0.19261476397514343,0.0689137801527977
YNL288W,YNL202W,0,1.3136482,0.21857304871082306,0.19261476397514343,0.0690138041973114
YNL027W,YIL065C,0,1.3132635,0.21832579374313354,0.19261476397514343,0.0691138207912445
YAL005C,YMR200W,0,1.3125231,0.2180790901184082,0.19261476397514343,0.06921384483575821
YOR008C,YDR403W,0,1.3122061,0.21783295273780823,0.19261476397514343,0.06931386142969131
YLR058C,YLR025W,0,1.3116373,0.21758736670017242,0.19261476397514343,0.06941388547420502
YFL014W,YNR048W,0,1.3104525,0.217342346906662,0.19261476397514343,0.06951390206813812
YNL243W,YER176W,0,1.3097413,0.21709786355495453,0.19261476397514343,0.06961392611265182
YMR092C,YMR172W,1,1.3083342,0.21797752380371094,0.19361276924610138,0.06961392611265182
YNR028W,YDL147W,0,1.3077188,0.21773289144039154,0.19361276924610138,0.06971394270658493
YER019W,YPL230W,1,1.3075719,0.21860986948013306,0.19461077451705933,0.06971394270658493
YDL004W,YLR431C,0,1.3072374,0.21836505830287933,0.19461077451705933,0.06981395930051804
YPL180W,YPL152W,1,1.3065308,0.21923936903476715,0.19560877978801727,0.06981395930051804
YOR128C,YNL055C,0,1.3063992,0.2189944088459015,0.19560877978801727,0.06991398334503174
YHR106W,YEL027W,0,1.3052194,0.21875,0.19560877978801727,0.07001399993896484
YKL129C,YPL180W,1,1.3050737,0.2196209579706192,0.19660678505897522,0.07001399993896484
YKL201C,YKR086W,0,1.3048139,0.21937638521194458,0.19660678505897522,0.07011402398347855
YDR148C,YBR066C,0,1.3042923,0.21913236379623413,0.19660678505897522,0.07021404057741165
YPL224C,YFL021W,0,1.303763,0.21888889372348785,0.19660678505897522,0.07031406462192535
YLR345W,YPL233W,0,1.3037353,0.21864594519138336,0.19660678505897522,0.07041408121585846
YLR263W,YLR219W,0,1.3027515,0.21840354800224304,0.19660678505897522,0.07051410526037216
YMR105C,YLR258W,0,1.3007926,0.2181616872549057,0.19660678505897522,0.07061412185430527
YOL110W,YOR231W,0,1.3000255,0.21792034804821014,0.19660678505897522,0.07071414589881897
YJL085W,YGL237C,0,1.2989016,0.21767956018447876,0.19660678505897522,0.07081416249275208
YPL010W,YER062C,0,1.2981652,0.21743929386138916,0.19660678505897522,0.07091418653726578
YGL115W,YKL107W,0,1.2980831,0.21719956398010254,0.19660678505897522,0.07101420313119888
YPL059W,YPL152W,1,1.2978824,0.2180616706609726,0.19760479032993317,0.07101420313119888
YML057W,YBR132C,0,1.2971352,0.21782177686691284,0.19760479032993317,0.07111421972513199
YDR264C,YPL055C,0,1.2968371,0.21758241951465607,0.19760479032993317,0.07121424376964569
YDR043C,YBR149W,0,1.296587,0.21734358370304108,0.19760479032993317,0.0713142603635788
YAL016W,YJR046W,0,1.2965539,0.21710526943206787,0.19760479032993317,0.0714142844080925
YFL039C,YPR075C,1,1.2965062,0.21796275675296783,0.1986027956008911,0.0714142844080925
YMR175W,YOR028C,1,1.2958457,0.21881838142871857,0.19960080087184906,0.0714142844080925
YIL046W,YOL011W,0,1.2950892,0.2185792326927185,0.19960080087184906,0.0715143010020256
YNL247W,YML029W,0,1.2947731,0.21834060549736023,0.19960080087184906,0.0716143250465393
YIL147C,YIL153W,1,1.294189,0.21919302642345428,0.200598806142807,0.0716143250465393
YKL192C,YAL016W,0,1.2940803,0.21895425021648407,0.200598806142807,0.07171434164047241
YDR323C,YNL055C,0,1.293951,0.21871599555015564,0.200598806142807,0.07181436568498611
YNL020C,YOR208W,1,1.2932384,0.21956521272659302,0.20159681141376495,0.07181436568498611
YDR235W,YER141W,0,1.2915419,0.21932682394981384,0.20159681141376495,0.07191438227891922
YPR160W,YGL012W,0,1.2913193,0.21908894181251526,0.20159681141376495,0.07201440632343292
YCL017C,YJL059W,0,1.2909892,0.21885156631469727,0.20159681141376495,0.07211442291736603
YMR092C,YKR072C,1,1.2909629,0.21969696879386902,0.2025948166847229,0.07211442291736603
YPL230W,YOR043W,1,1.2908679,0.22054053843021393,0.20359280705451965,0.07211442291736603
YLL017W,YER176W,0,1.2898822,0.22030237317085266,0.20359280705451965,0.07221443951129913
YDR058C,YGR199W,0,1.2897984,0.22006472945213318,0.20359280705451965,0.07231446355581284
YNR046W,YDR258C,0,1.2885901,0.2198275923728943,0.20359280705451965,0.07241448014974594
YLR153C,YGR017W,0,1.28828,0.219590961933136,0.20359280705451965,0.07251450419425964
YPR068C,YNL183C,0,1.2876673,0.21935483813285828,0.20359280705451965,0.07261452078819275
YDL128W,YNR059W,0,1.2876222,0.21911922097206116,0.20359280705451965,0.07271454483270645
YPR005C,YLR336C,1,1.287411,0.21995708346366882,0.2045908123254776,0.07271454483270645
YNL261W,YPR127W,0,1.2869081,0.21972133219242096,0.2045908123254776,0.07281456142663956
YGR287C,YGL257C,0,1.2862484,0.2194860875606537,0.2045908123254776,0.07291458547115326
YGR044C,YMR296C,0,1.2839758,0.2192513346672058,0.2045908123254776,0.07301460206508636
YPR128C,YGL158W,0,1.2818986,0.21901708841323853,0.2045908123254776,0.07311462610960007
YPL208W,YOR100C,0,1.2817975,0.21878334879875183,0.2045908123254776,0.07321464270353317
YNL263C,YPL056C,0,1.2812164,0.21855010092258453,0.2045908123254776,0.07331465929746628
YDR151C,YPL053C,0,1.2808907,0.21831735968589783,0.2045908123254776,0.07341468334197998
YOL001W,YDR030C,0,1.2805831,0.21808511018753052,0.2045908123254776,0.07351469993591309
YGL111W,YCL035C,0,1.2805073,0.2178533524274826,0.2045908123254776,0.07361472398042679
YMR175W,YGL224C,0,1.2786732,0.2176220864057541,0.2045908123254776,0.0737147405743599
YBR067C,YGL112C,0,1.2782516,0.21739129722118378,0.2045908123254776,0.0738147646188736
YKL184W,YIL042C,0,1.277467,0.21716101467609406,0.2045908123254776,0.0739147812128067
YOR214C,YLR080W,0,1.2763203,0.21693122386932373,0.2045908123254776,0.0740148052573204
YFR044C,YBR215W,0,1.2754483,0.2167019098997116,0.2045908123254776,0.07411482185125351
YNL079C,YCR011C,0,1.2746747,0.2164730727672577,0.2045908123254776,0.07421484589576721
YDR488C,YMR160W,0,1.2746657,0.21624472737312317,0.2045908123254776,0.07431486248970032
YIL139C,YPR154W,0,1.2733113,0.21601685881614685,0.2045908123254776,0.07441488653421402
YCR024C-A,YMR077C,0,1.2722251,0.21578946709632874,0.2045908123254776,0.07451490312814713
YLR248W,YBR182C,1,1.272132,0.21661409735679626,0.20558881759643555,0.07451490312814713
YPR002W,YLR272C,0,1.272002,0.2163865566253662,0.20558881759643555,0.07461491972208023
YKR034W,YCR066W,0,1.2719315,0.21615949273109436,0.20558881759643555,0.07471494376659393
YCR042C,YHR175W,0,1.2716027,0.2159329205751419,0.20558881759643555,0.07481496036052704
YEL022W,YIR039C,0,1.2715048,0.21570681035518646,0.20558881759643555,0.07491498440504074
YOL060C,YLL027W,0,1.2707446,0.21548117697238922,0.20558881759643555,0.07501500099897385
YMR156C,YBR068C,0,1.2705152,0.215256005525589,0.20558881759643555,0.07511502504348755
YOR145C,YDL024C,0,1.2697177,0.21503131091594696,0.20558881759643555,0.07521504163742065
YMR195W,YOR319W,0,1.2691748,0.21480709314346313,0.20558881759643555,0.07531506568193436
YDR057W,YKR064W,0,1.2686384,0.21458333730697632,0.20558881759643555,0.07541508227586746
YMR274C,YER069W,0,1.2684487,0.2143600434064865,0.20558881759643555,0.07551510632038116
YAL014C,YNR006W,0,1.2675985,0.2141372114419937,0.20558881759643555,0.07561512291431427
YJL216C,YDR287W,0,1.2672218,0.21391485631465912,0.20558881759643555,0.07571513950824738
YIL120W,YER042W,0,1.2666659,0.21369294822216034,0.20558881759643555,0.07581516355276108
YNL231C,YBR149W,0,1.266242,0.21347150206565857,0.20558881759643555,0.07591518014669418
YLR081W,YLR228C,0,1.2655344,0.2132505178451538,0.20558881759643555,0.07601520419120789
YKR102W,YML092C,0,1.2648259,0.21302999556064606,0.20558881759643555,0.07611522078514099
YEL070W,YBL052C,0,1.2646214,0.21280992031097412,0.20558881759643555,0.0762152448296547
YLR460C,YER143W,0,1.2644665,0.212590292096138,0.20558881759643555,0.0763152614235878
YLR240W,YBR177C,0,1.2640246,0.21237114071846008,0.20558881759643555,0.0764152854681015
YOR285W,YJL079C,0,1.2635933,0.2121524214744568,0.20558881759643555,0.0765153020620346
YOR176W,YPR107C,0,1.2633177,0.2119341492652893,0.20558881759643555,0.07661532610654831
YBR199W,YJL208C,0,1.2629883,0.21171633899211884,0.20558881759643555,0.07671534270048141
YNL138W,YFL014W,0,1.2628307,0.21149897575378418,0.20558881759643555,0.07681536674499512
YDL123W,YHR196W,0,1.2612482,0.21128204464912415,0.20558881759643555,0.07691538333892822
YER054C,YJL144W,0,1.2610654,0.21106557548046112,0.20558881759643555,0.07701539993286133
YGL148W,YHR193C,0,1.2610488,0.21084953844547272,0.20558881759643555,0.07711542397737503
YHR132C,YER179W,0,1.2604643,0.21063394844532013,0.20558881759643555,0.07721544057130814
YDR171W,YDR123C,0,1.2592878,0.21041879057884216,0.20558881759643555,0.07731546461582184
YOL064C,YMR092C,1,1.2592471,0.2112244963645935,0.2065868228673935,0.07731546461582184
YKL193C,YOR149C,0,1.2592285,0.2110091745853424,0.2065868228673935,0.07741548120975494
YDR292C,YPL003W,0,1.2589722,0.21079429984092712,0.2065868228673935,0.07751550525426865
YLR312W-A,YLR200W,0,1.2588941,0.21057985723018646,0.2065868228673935,0.07761552184820175
YOL049W,YNL183C,0,1.2586565,0.21036584675312042,0.2065868228673935,0.07771554589271545
YDL197C,YOR230W,0,1.2579753,0.2101522833108902,0.2065868228673935,0.07781556248664856
YJR102C,YER172C,0,1.2573389,0.2099391520023346,0.2065868228673935,0.07791558653116226
YDR427W,YKR067W,0,1.2572227,0.20972643792629242,0.2065868228673935,0.07801560312509537
YGL200C,YMR068W,0,1.2571034,0.20951417088508606,0.2065868228673935,0.07811561971902847
YDR406W,YDR422C,0,1.2568902,0.20930232107639313,0.2065868228673935,0.07821564376354218
YLL026W,YGR214W,0,1.2557201,0.20909090340137482,0.2065868228673935,0.07831566035747528
YMR077C,YBR132C,0,1.2548027,0.20887991786003113,0.2065868228673935,0.07841568440198898
YPR171W,YPR005C,1,1.2544887,0.20967741310596466,0.20758482813835144,0.07841568440198898
YCR073C,YJL144W,1,1.2542753,0.21047331392765045,0.2085828334093094,0.07841568440198898
YDR427W,YCL044C,0,1.2538075,0.21026156842708588,0.2085828334093094,0.07851570099592209
YMR273C,YNL335W,0,1.2526833,0.21005025506019592,0.2085828334093094,0.07861572504043579
YLR081W,YNL261W,0,1.2521224,0.2098393589258194,0.2085828334093094,0.0787157416343689
YHR042W,YMR160W,0,1.2514461,0.2096288800239563,0.2085828334093094,0.0788157656788826
YDR021W,YLR037C,0,1.2511266,0.20941883325576782,0.2085828334093094,0.0789157822728157
YOR065W,YGL049C,0,1.2508068,0.20920920372009277,0.2085828334093094,0.0790158063173294
YHR069C,YNR006W,0,1.2500203,0.20900000631809235,0.2085828334093094,0.07911582291126251
YKL220C,YER015W,0,1.2493141,0.20879121124744415,0.2085828334093094,0.07921583950519562
YER177W,YER101C,0,1.249059,0.2085828334093094,0.2085828334093094,0.07931586354970932
YDL194W,YKL020C,0,1.2489198,0.20837487280368805,0.2085828334093094,0.07941588014364243
YDR129C,YER118C,1,1.2487035,0.2091633528470993,0.20958083868026733,0.07941588014364243
YBR081C,YGR253C,0,1.2480718,0.20895522832870483,0.20958083868026733,0.07951590418815613
YDR099W,YPL232W,0,1.2478812,0.2087475210428238,0.20958083868026733,0.07961592078208923
YER019W,YPR005C,1,1.2478759,0.20953327417373657,0.21057884395122528,0.07961592078208923
YMR153W,YLR206W,0,1.2478412,0.2093254029750824,0.21057884395122528,0.07971594482660294
YGR249W,YBR150C,0,1.2475454,0.20911793410778046,0.21057884395122528,0.07981596142053604
YCL033C,YMR260C,0,1.2474898,0.20891089737415314,0.21057884395122528,0.07991598546504974
YIR028W,YPL131W,0,1.2467837,0.20870424807071686,0.21057884395122528,0.08001600205898285
YIL153W,YMR092C,1,1.246199,0.20948617160320282,0.21157684922218323,0.08001600205898285
YGR249W,YBR177C,0,1.246057,0.2092793732881546,0.21157684922218323,0.08011602610349655
YIR011C,YKR013W,0,1.2459407,0.20907297730445862,0.21157684922218323,0.08021604269742966
YKL013C,YMR137C,0,1.2449695,0.20886699855327606,0.21157684922218323,0.08031606674194336
YPL230W,YCR060W,0,1.2447052,0.20866142213344574,0.21157684922218323,0.08041608333587646
YDR406W,YDR301W,0,1.243586,0.20845624804496765,0.21157684922218323,0.08051609992980957
YMR156C,YDL145C,0,1.2435677,0.2082514762878418,0.21157684922218323,0.08061612397432327
YNL336W,YOL165C,0,1.2407427,0.20804710686206818,0.21157684922218323,0.08071614056825638
YKL182W,YLR107W,0,1.2404909,0.2078431397676468,0.21157684922218323,0.08081616461277008
YML038C,YDL113C,0,1.2402556,0.20763957500457764,0.21157684922218323,0.08091618120670319
YJR138W,YPR155C,0,1.2401172,0.20743639767169952,0.21157684922218323,0.08101620525121689
YIL017C,YHR179W,0,1.2399633,0.20723362267017365,0.21157684922218323,0.08111622184515
YDL243C,YHR094C,0,1.2399343,0.20703125,0.21157684922218323,0.0812162458896637
YMR109W,YPR005C,1,1.2398725,0.207804873585701,0.21257485449314117,0.0812162458896637
YDR388W,YKL129C,1,1.2393467,0.2085769921541214,0.21357285976409912,0.0812162458896637
YGR067C,YPL087W,0,1.2390738,0.20837390422821045,0.21357285976409912,0.0813162624835968
YNL208W,YOR230W,0,1.239063,0.20817120373249054,0.21357285976409912,0.0814162865281105
YDL025C,YEL060C,0,1.2379446,0.20796890556812286,0.21357285976409912,0.08151630312204361
YGL096W,YGR142W,0,1.237581,0.20776699483394623,0.21357285976409912,0.08161631971597672
YFL014W,YDR129C,1,1.2370923,0.20853540301322937,0.21457086503505707,0.08161631971597672
YHR157W,YOR136W,0,1.2365792,0.2083333283662796,0.21457086503505707,0.08171634376049042
YER019W,YPR075C,1,1.2364497,0.20909970998764038,0.21556885540485382,0.08171634376049042
YER019W,YLR362W,1,1.2364466,0.20986460149288177,0.21656686067581177,0.08171634376049042
YNL314W,YOR380W,0,1.2349861,0.2096618413925171,0.21656686067581177,0.08181636035442352
YPL113C,YDL168W,0,1.2338251,0.20945945382118225,0.21656686067581177,0.08191638439893723
YOR162C,YDR410C,0,1.233792,0.20925746858119965,0.21656686067581177,0.08201640099287033
YJL079C,YML110C,0,1.2337623,0.20905587077140808,0.21656686067581177,0.08211642503738403
YOR059C,YOR100C,0,1.233354,0.20885467529296875,0.21656686067581177,0.08221644163131714
YGL104C,YCR089W,0,1.2327089,0.20865385234355927,0.21656686067581177,0.08231646567583084
YJL026W,YDR159W,0,1.2313272,0.20845341682434082,0.21656686067581177,0.08241648226976395
YPL224C,YKL176C,0,1.2306063,0.20825335383415222,0.21656686067581177,0.08251650631427765
YPL221W,YOR330C,0,1.2303562,0.20805369317531586,0.21656686067581177,0.08261652290821075
YPR058W,YOL032W,0,1.2294309,0.20785440504550934,0.21656686067581177,0.08271654695272446
YDR512C,YDR019C,0,1.2290294,0.20765550434589386,0.21656686067581177,0.08281656354665756
YDR255C,YJL194W,0,1.2288634,0.20745697617530823,0.21656686067581177,0.08291658014059067
YLL031C,YBR052C,0,1.2284896,0.20725883543491364,0.21656686067581177,0.08301660418510437
YCR065W,YMR160W,0,1.228194,0.2070610672235489,0.21656686067581177,0.08311662077903748
YKR046C,YGR003W,0,1.2276375,0.20686368644237518,0.21656686067581177,0.08321664482355118
YNL251C,YJR109C,0,1.2273766,0.20666666328907013,0.21656686067581177,0.08331666141748428
YGR092W,YNL081C,0,1.2271931,0.20647002756595612,0.21656686067581177,0.08341668546199799
YLR426W,YNL020C,0,1.2263588,0.20627376437187195,0.21656686067581177,0.08351670205593109
YJR091C,YER167W,0,1.225818,0.20607787370681763,0.21656686067581177,0.0836167261004448
YMR175W,YBR086C,1,1.2257446,0.20683111250400543,0.21756486594676971,0.0836167261004448
YJR070C,YCR088W,0,1.2252892,0.20663507282733917,0.21756486594676971,0.0837167426943779
YHL017W,YDL045C,0,1.225091,0.20643939077854156,0.21756486594676971,0.0838167667388916
YOR176W,YDR477W,0,1.2248439,0.2062440812587738,0.21756486594676971,0.08391678333282471
YMR170C,YLR183C,0,1.2247428,0.2060491442680359,0.21756486594676971,0.08401679992675781
YLL054C,YKL094W,0,1.2228028,0.20585457980632782,0.21756486594676971,0.08411682397127151
YNL138W,YHR190W,0,1.2222761,0.2056603729724884,0.21756486594676971,0.08421684056520462
YLR110C,YEL012W,0,1.2217225,0.20546653866767883,0.21756486594676971,0.08431686460971832
YOR380W,YNL305C,0,1.2207582,0.2052730768918991,0.21756486594676971,0.08441688120365143
YJL089W,YNL273W,0,1.2205807,0.20507995784282684,0.21756486594676971,0.08451690524816513
YLR435W,YBR008C,0,1.2202797,0.20488721132278442,0.21756486594676971,0.08461692184209824
YPL152W,YEL041W,0,1.2202375,0.20469483733177185,0.21756486594676971,0.08471694588661194
YBL004W,YCR088W,0,1.2202129,0.20450282096862793,0.21756486594676971,0.08481696248054504
YIL154C,YNL027W,0,1.2184014,0.20431114733219147,0.21756486594676971,0.08491698652505875
YPL270W,YOR032C,0,1.2179979,0.20411984622478485,0.21756486594676971,0.08501700311899185
YMR214W,YFR049W,0,1.2171807,0.2039289027452469,0.21756486594676971,0.08511701971292496
YLR442C,YFL061W,0,1.2170737,0.20373831689357758,0.21756486594676971,0.08521704375743866
YGL054C,YER143W,0,1.2167172,0.20354808866977692,0.21756486594676971,0.08531706035137177
YKL201C,YML049C,0,1.2166064,0.20335820317268372,0.21756486594676971,0.08541708439588547
YMR146C,YDL123W,0,1.2165399,0.20316869020462036,0.21756486594676971,0.08551710098981857
YOR064C,YOR007C,0,1.2163972,0.20297951996326447,0.21756486594676971,0.08561712503433228
YDL230W,YLR203C,0,1.2155676,0.20279069244861603,0.21756486594676971,0.08571714162826538
YOR382W,YBR236C,0,1.2152209,0.20260223746299744,0.21756486594676971,0.08581716567277908
YLR006C,YPL242C,1,1.2124861,0.20334261655807495,0.21856287121772766,0.08581716567277908
YNL230C,YPR152C,0,1.2119368,0.20315398275852203,0.21856287121772766,0.08591718226671219
YER015W,YDL208W,0,1.2118062,0.20296570658683777,0.21856287121772766,0.08601720631122589
YOR317W,YGR074W,0,1.2110648,0.20277777314186096,0.21856287121772766,0.086117222905159
YHL002W,YFL056C,0,1.2109085,0.2025901973247528,0.21856287121772766,0.0862172469496727
YGL093W,YGL051W,0,1.2108538,0.2024029642343521,0.21856287121772766,0.0863172635436058
YIL132C,YNR006W,0,1.2105706,0.20221607387065887,0.21856287121772766,0.08641728013753891
YOR274W,YOL020W,0,1.2102448,0.2020295262336731,0.21856287121772766,0.08651730418205261
YDR388W,YMR172W,1,1.2082644,0.20276497304439545,0.2195608764886856,0.08651730418205261
YDR451C,YPL005W,0,1.2078912,0.20257826149463654,0.2195608764886856,0.08661732077598572
YOL116W,YLR113W,1,1.2077503,0.20331186056137085,0.22055888175964355,0.08661732077598572
YLR268W,YDL216C,0,1.2076186,0.203125,0.22055888175964355,0.08671734482049942
YGR008C,YLR113W,1,1.2074199,0.20385675132274628,0.2215568870306015,0.08671734482049942
YLR289W,YLR380W,0,1.2061781,0.2036697268486023,0.2215568870306015,0.08681736141443253
YAR042W,YPL262W,0,1.2058911,0.20348304510116577,0.2215568870306015,0.08691738545894623
YDR411C,YMR260C,0,1.205728,0.2032967060804367,0.2215568870306015,0.08701740205287933
YMR009W,YGL017W,0,1.2055428,0.2031107097864151,0.2215568870306015,0.08711742609739304
YAL028W,YBR072W,0,1.2052836,0.20292504131793976,0.2215568870306015,0.08721744269132614
YPL276W,YML118W,0,1.2044952,0.20273973047733307,0.2215568870306015,0.08731746673583984
YDR435C,YPR180W,0,1.204323,0.20255474746227264,0.2215568870306015,0.08741748332977295
YDR076W,YPL131W,0,1.2042501,0.20237010717391968,0.2215568870306015,0.08751749992370605
YPL223C,YJR140C,0,1.2037238,0.20218579471111298,0.2215568870306015,0.08761752396821976
YIL010W,YDR541C,0,1.2026833,0.20200182497501373,0.2215568870306015,0.08771754056215286
YJL144W,YNL271C,1,1.2022878,0.202727273106575,0.22255489230155945,0.08771754056215286
YMR105C,YOR054C,0,1.202263,0.20254313945770264,0.22255489230155945,0.08781756460666656
YPR121W,YAR031W,0,1.2021166,0.20235934853553772,0.22255489230155945,0.08791758120059967
YCR034W,YBR005W,0,1.2012153,0.20217588543891907,0.22255489230155945,0.08801760524511337
YPR005C,YHR206W,1,1.2010323,0.2028985470533371,0.2235528975725174,0.08801760524511337
YOR363C,YDR222W,0,1.199321,0.2027149349451065,0.2235528975725174,0.08811762183904648
YIL173W,YOR214C,0,1.1988196,0.20253165066242218,0.2235528975725174,0.08821764588356018
YIR011C,YOR081C,0,1.1985852,0.20234869420528412,0.2235528975725174,0.08831766247749329
YBR200W,YGR052W,0,1.1984531,0.20216606557369232,0.2235528975725174,0.08841768652200699
YGR052W,YCR033W,0,1.197863,0.2019837647676468,0.2235528975725174,0.0885177031159401
YBL046W,YNL003C,0,1.1977632,0.20180180668830872,0.2235528975725174,0.0886177271604538
YJL154C,YDR328C,0,1.1975682,0.2016201615333557,0.2235528975725174,0.0887177437543869
YGR012W,YOR086C,0,1.1971298,0.20143884420394897,0.2235528975725174,0.08881776034832001
YHR058C,YKL107W,0,1.197095,0.2012578547000885,0.2235528975725174,0.08891778439283371
YEL039C,YDL021W,0,1.1969767,0.2010771930217743,0.2235528975725174,0.08901780098676682
YDR213W,YML072C,0,1.194277,0.20089685916900635,0.2235528975725174,0.08911782503128052
YER141W,YPR046W,0,1.1939285,0.20071685314178467,0.2235528975725174,0.08921784162521362
YBL006C,YOR230W,0,1.1933236,0.20053716003894806,0.2235528975725174,0.08931786566972733
YLR409C,YML120C,0,1.1931083,0.20035777986049652,0.2235528975725174,0.08941788226366043
YLR297W,YGL017W,0,1.1925083,0.20017872750759125,0.2235528975725174,0.08951790630817413
YFL014W,YPL180W,1,1.1922734,0.2008928507566452,0.22455090284347534,0.08951790630817413
YPR022C,YPL151C,0,1.1917082,0.200713649392128,0.22455090284347534,0.08961792290210724
YHR096C,YJL002C,0,1.1916056,0.20053476095199585,0.22455090284347534,0.08971794694662094
YIL056W,YOR001W,0,1.1889665,0.20035618543624878,0.22455090284347534,0.08981796354055405
YPR067W,YPR008W,0,1.1887815,0.20017793774604797,0.22455090284347534,0.08991798013448715
YPR023C,YHR104W,0,1.1886501,0.20000000298023224,0.22455090284347534,0.09001800417900085
YMR232W,YKL148C,0,1.1884181,0.19982238113880157,0.22455090284347534,0.09011802077293396
YDR059C,YHR019C,0,1.1873001,0.19964507222175598,0.22455090284347534,0.09021804481744766
YDL022W,YPL242C,1,1.1865708,0.20035460591316223,0.2255489081144333,0.09021804481744766
YPL018W,YDR189W,0,1.1863616,0.2001771479845047,0.2255489081144333,0.09031806141138077
YPL032C,YPL135W,0,1.1863074,0.20000000298023224,0.2255489081144333,0.09041808545589447
YDR172W,YNL202W,0,1.1861253,0.19982317090034485,0.2255489081144333,0.09051810204982758
YHL017W,YMR092C,0,1.1857793,0.19964663684368134,0.2255489081144333,0.09061812609434128
YPR160W,YBL112C,0,1.1856347,0.1994704306125641,0.2255489081144333,0.09071814268827438
YBR018C,YPL015C,0,1.185547,0.1992945373058319,0.2255489081144333,0.09081816673278809
YER069W,YJR053W,0,1.1854699,0.1991189420223236,0.2255489081144333,0.09091818332672119
YLR308W,YKR064W,0,1.1853644,0.19894365966320038,0.2255489081144333,0.0910181999206543
YNR003C,YKL150W,0,1.1852925,0.19876869022846222,0.2255489081144333,0.091118223965168
YBR180W,YHR202W,0,1.1851763,0.19859401881694794,0.2255489081144333,0.0912182405591011
YJR151C,YGR239C,0,1.1850221,0.19841966032981873,0.2255489081144333,0.09131826460361481
YFL039C,YLR006C,1,1.1848305,0.19912280142307281,0.22654691338539124,0.09131826460361481
YOL116W,YOR028C,1,1.1845307,0.199824720621109,0.227544903755188,0.09131826460361481
YNL036W,YJR093C,0,1.1837276,0.19964973628520966,0.227544903755188,0.09141828119754791
YKL038W,YBR288C,0,1.1834488,0.19947506487369537,0.227544903755188,0.09151830524206161
YLR113W,YKL088W,1,1.1830139,0.20017482340335846,0.22854290902614594,0.09151830524206161
YOR094W,YJL144W,0,1.1822628,0.20000000298023224,0.22854290902614594,0.09161832183599472
YGL104C,YCL008C,0,1.1814609,0.1998254805803299,0.22854290902614594,0.09171834588050842
YLR340W,YPR167C,0,1.1813722,0.19965127110481262,0.22854290902614594,0.09181836247444153
YGL166W,YOL095C,0,1.1808949,0.19947734475135803,0.22854290902614594,0.09191838651895523
YHR006W,YNR054C,0,1.1801565,0.1993037462234497,0.22854290902614594,0.09201840311288834
YBL004W,YNR006W,0,1.1792712,0.19913043081760406,0.22854290902614594,0.09211842715740204
YMR001C,YDL123W,0,1.1788377,0.1989574283361435,0.22854290902614594,0.09221844375133514
YFR014C,YPL239W,0,1.1787469,0.1987847238779068,0.22854290902614594,0.09231846034526825
YPL230W,YLR229C,0,1.1775576,0.19861231744289398,0.22854290902614594,0.09241848438978195
YNL271C,YBR132C,1,1.176668,0.19930675625801086,0.22954091429710388,0.09241848438978195
YGL078C,YGR028W,0,1.1765699,0.1991342008113861,0.22954091429710388,0.09251850098371506
YML057W,YML023C,0,1.1765678,0.19896194338798523,0.22954091429710388,0.09261852502822876
YPR105C,YJR010W,0,1.1763949,0.19878996908664703,0.22954091429710388,0.09271854162216187
YPR138C,YMR135C,0,1.175979,0.1986183077096939,0.22954091429710388,0.09281856566667557
YML128C,YLR128W,0,1.1755115,0.19844694435596466,0.22954091429710388,0.09291858226060867
YOL042W,YLR160C,0,1.1754088,0.1982758641242981,0.22954091429710388,0.09301860630512238
YML039W,YGL004C,0,1.175286,0.1981050819158554,0.22954091429710388,0.09311862289905548
YGL060W,YDR208W,0,1.1751472,0.1979345977306366,0.22954091429710388,0.09321864694356918
YOL043C,YGL259W,0,1.1744251,0.19776439666748047,0.22954091429710388,0.09331866353750229
YPL275W,YDR109C,0,1.1732391,0.1975945085287094,0.22954091429710388,0.0934186801314354
YOR336W,YJL144W,0,1.1720135,0.19742488861083984,0.22954091429710388,0.0935187041759491
YNR031C,YOR120W,1,1.1718514,0.19811320304870605,0.23053891956806183,0.0935187041759491
YJL093C,YHR056C,0,1.1705813,0.19794344902038574,0.23053891956806183,0.0936187207698822
YDR233C,YGL004C,0,1.1703893,0.1977739781141281,0.23053891956806183,0.0937187448143959
YPR171W,YMR092C,1,1.1702007,0.19846022129058838,0.23153692483901978,0.0937187448143959
YER004W,YDL175C,0,1.1701959,0.1982906013727188,0.23153692483901978,0.09381876140832901
YKL093W,YDR500C,0,1.1695688,0.19812126457691193,0.23153692483901978,0.09391878545284271
YPR083W,YLR213C,0,1.1692206,0.19795222580432892,0.23153692483901978,0.09401880204677582
YKL129C,YDR162C,1,1.1690578,0.1986359804868698,0.23253493010997772,0.09401880204677582
YIL031W,YBR132C,0,1.1689603,0.19846677780151367,0.23253493010997772,0.09411882609128952
YOR323C,YKL107W,0,1.1687491,0.1982978731393814,0.23253493010997772,0.09421884268522263
YHR016C,YBR171W,0,1.1677457,0.19812925159931183,0.23253493010997772,0.09431886672973633
YJR113C,YGL243W,0,1.1676226,0.19796091318130493,0.23253493010997772,0.09441888332366943
YPL152W,YJL099W,0,1.1676127,0.1977928727865219,0.23253493010997772,0.09451890736818314
YIL147C,YPL240C,1,1.1675273,0.19847328960895538,0.23353293538093567,0.09451890736818314
YNR012W,YBR008C,0,1.1669486,0.19830508530139923,0.23353293538093567,0.09461892396211624
YDL022W,YOR047C,1,1.1668953,0.19898390769958496,0.23453094065189362,0.09461892396211624
YDL142C,YAL017W,0,1.1664618,0.19881556928157806,0.23453094065189362,0.09471894055604935
YPR025C,YHR135C,0,1.1664329,0.19864749908447266,0.23453094065189362,0.09481896460056305
YDL022W,YPR005C,1,1.1661116,0.1993243247270584,0.23552894592285156,0.09481896460056305
YBR056W,YMR032W,0,1.1654024,0.19915612041950226,0.23552894592285156,0.09491898119449615
YLR006C,YPL059W,1,1.1651508,0.19983136653900146,0.2365269511938095,0.09491898119449615
YAL005C,YKL067W,0,1.1642114,0.19966301321983337,0.2365269511938095,0.09501900523900986
YBR083W,YNR002C,0,1.1638504,0.19949494302272797,0.2365269511938095,0.09511902183294296
YPR200C,YBL041W,0,1.1633863,0.19932717084884644,0.2365269511938095,0.09521904587745667
YOL146W,YGL004C,0,1.1625863,0.1991596668958664,0.2365269511938095,0.09531906247138977
YMR251W-A,YIL038C,0,1.1621202,0.19899244606494904,0.2365269511938095,0.09541908651590347
YER118C,YKL062W,1,1.1615005,0.1996644288301468,0.23752495646476746,0.09541908651590347
YIL053W,YKL062W,1,1.1608386,0.200335294008255,0.2385229468345642,0.09541908651590347
YLL012W,YOR303W,0,1.1607708,0.20016750693321228,0.2385229468345642,0.09551910310983658
YOL064C,YPR005C,1,1.1605761,0.20083682239055634,0.23952095210552216,0.09551910310983658
YJL124C,YNL173C,0,1.1601157,0.20066890120506287,0.23952095210552216,0.09561912715435028
YDL035C,YKL217W,0,1.1599731,0.2005012482404709,0.23952095210552216,0.09571914374828339
YNL321W,YJL214W,0,1.159733,0.20033389329910278,0.23952095210552216,0.09581916034221649
YFL062W,YPR025C,0,1.1593775,0.20016680657863617,0.23952095210552216,0.0959191843867302
YDL046W,YGR007W,0,1.1592155,0.20000000298023224,0.23952095210552216,0.0960192009806633
YMR195W,YDR364C,0,1.1583514,0.1998334676027298,0.23952095210552216,0.096119225025177
YJL060W,YLR345W,0,1.1583419,0.19966721534729004,0.23952095210552216,0.09621924161911011
YIL153W,YGR080W,0,1.1578789,0.19950124621391296,0.23952095210552216,0.09631926566362381
YOL084W,YBL031W,0,1.1575936,0.19933554530143738,0.23952095210552216,0.09641928225755692
YJL212C,YDL070W,0,1.1568782,0.19917012751102448,0.23952095210552216,0.09651930630207062
YKL127W,YKR027W,0,1.1567967,0.19900497794151306,0.23952095210552216,0.09661932289600372
YMR278W,YML032C,0,1.1562037,0.19884009659290314,0.23952095210552216,0.09671934694051743
YFL009W,YBR234C,0,1.1560528,0.1986754983663559,0.23952095210552216,0.09681936353445053
YOR145C,YDL045C,0,1.1554942,0.19851116836071014,0.23952095210552216,0.09691938757896423
YOL057W,YNL127W,0,1.155295,0.19834710657596588,0.23952095210552216,0.09701940417289734
YGL256W,YDL174C,0,1.1549065,0.1981833130121231,0.23952095210552216,0.09711942076683044
YDR311W,YJR021C,0,1.1536025,0.19801980257034302,0.23952095210552216,0.09721944481134415
YLR332W,YJL144W,1,1.1530657,0.19868095219135284,0.2405189573764801,0.09721944481134415
YHL028W,YDR243C,0,1.1523362,0.19851729273796082,0.2405189573764801,0.09731946140527725
YOR219C,YNL085W,0,1.1522567,0.19835391640663147,0.2405189573764801,0.09741948544979095
YDR129C,YDR040C,1,1.152143,0.19901315867900848,0.24151696264743805,0.09741948544979095
YDR303C,YOR028C,0,1.1514773,0.1988496333360672,0.24151696264743805,0.09751950204372406
YNL107W,YBR139W,0,1.1513356,0.1986863762140274,0.24151696264743805,0.09761952608823776
YDR005C,YOR156C,0,1.1507839,0.1985233724117279,0.24151696264743805,0.09771954268217087
YPL164C,YNL335W,0,1.1506972,0.1983606517314911,0.24151696264743805,0.09781956672668457
YNR035C,YPL076W,0,1.1505083,0.19819819927215576,0.24151696264743805,0.09791958332061768
YDR427W,YDR423C,0,1.1503991,0.19803600013256073,0.24151696264743805,0.09801960736513138
YLL017W,YPR154W,0,1.1492503,0.19787408411502838,0.24151696264743805,0.09811962395906448
YOR250C,YFL014W,0,1.1487031,0.19771242141723633,0.24151696264743805,0.09821964055299759
YMR246W,YMR041C,0,1.1485624,0.19755102694034576,0.24151696264743805,0.09831966459751129
YDL194W,YPL168W,0,1.1484485,0.1973898857831955,0.24151696264743805,0.0984196811914444
YLL005C,YJR019C,0,1.1481403,0.19722901284694672,0.24151696264743805,0.0985197052359581
YDR434W,YBR126C,0,1.1481291,0.19706840813159943,0.24151696264743805,0.0986197218298912
YFL011W,YNL097C,0,1.1477206,0.19690805673599243,0.24151696264743805,0.09871974587440491
YOL016C,YIL177C,0,1.1471455,0.19674797356128693,0.24151696264743805,0.09881976246833801
YIL007C,YOL104C,0,1.146871,0.19658814370632172,0.24151696264743805,0.09891978651285172
YBL061C,YMR172W,1,1.1467686,0.19724026322364807,0.242514967918396,0.09891978651285172
YHR193C,YHR175W,0,1.1461085,0.19708029925823212,0.242514967918396,0.09901980310678482
YGR284C,YER042W,0,1.1459941,0.19692058861255646,0.242514967918396,0.09911982715129852
YER004W,YDR034C,0,1.1454992,0.1967611312866211,0.242514967918396,0.09921984374523163
YBR095C,YIL135C,0,1.1452578,0.19660194218158722,0.242514967918396,0.09931986033916473
YGL145W,YOR321W,0,1.1450207,0.19644300639629364,0.242514967918396,0.09941988438367844
YGL125W,YNL254C,0,1.1448615,0.19628432393074036,0.242514967918396,0.09951990097761154
YGR161C,YIR031C,0,1.1443571,0.19612590968608856,0.242514967918396,0.09961992502212524
YNL288W,YIL065C,0,1.14433,0.19596774876117706,0.242514967918396,0.09971994161605835
YPL061W,YAL068C,0,1.1438448,0.19580982625484467,0.242514967918396,0.09981996566057205
YMR089C,YOR245C,0,1.1438382,0.19565217196941376,0.242514967918396,0.09991998225450516
YER063W,YMR160W,0,1.1436392,0.19549477100372314,0.242514967918396,0.10002000629901886
YBR129C,YER150W,0,1.1435473,0.19533762335777283,0.242514967918396,0.10012002289295197
YLR321C,YEL005C,0,1.1431994,0.1951807290315628,0.242514967918396,0.10022004693746567
YPL037C,YLR157C,0,1.1431707,0.19502407312393188,0.242514967918396,0.10032006353139877
YPR181C,YKL107W,0,1.1430136,0.19486768543720245,0.242514967918396,0.10042008757591248
YGR133W,YBR126C,0,1.1426362,0.19471153616905212,0.242514967918396,0.10052010416984558
YPR056W,YOL059W,0,1.1425682,0.1945556402206421,0.242514967918396,0.10062012076377869
YPR075C,YPL213W,0,1.141735,0.19439999759197235,0.242514967918396,0.10072014480829239
YKL045W,YDR204W,0,1.141564,0.1942446082830429,0.242514967918396,0.1008201614022255
YDR317W,YNL038W,0,1.1410632,0.19408945739269257,0.242514967918396,0.1009201854467392
YDR100W,YFR040W,0,1.1403828,0.19393455982208252,0.242514967918396,0.1010202020406723
YOR126C,YDL174C,0,1.1400605,0.19377990067005157,0.242514967918396,0.101120226085186
YDR162C,YOR090C,0,1.1377203,0.19362549483776093,0.242514967918396,0.10122024267911911
YPL179W,YNL133C,0,1.1375897,0.19347134232521057,0.242514967918396,0.10132026672363281
YGR080W,YMR049C,0,1.1374859,0.19331742823123932,0.242514967918396,0.10142028331756592
YER044C-A,YGL011C,0,1.1374722,0.19316375255584717,0.242514967918396,0.10152030736207962
YOR261C,YMR295C,0,1.1370564,0.1930103302001953,0.242514967918396,0.10162032395601273
YNL048W,YIL168W,0,1.1369588,0.19285714626312256,0.242514967918396,0.10172034054994583
YLR210W,YGL158W,0,1.1367843,0.1927042007446289,0.242514967918396,0.10182036459445953
YNL045W,YLR080W,0,1.136586,0.19255150854587555,0.242514967918396,0.10192038118839264
YGL053W,YCR038C,0,1.1361139,0.1923990547657013,0.242514967918396,0.10202040523290634
YLR219W,YKL222C,0,1.1348842,0.19224683940410614,0.242514967918396,0.10212042182683945
YLR042C,YEL003W,0,1.1341295,0.1920948624610901,0.242514967918396,0.10222044587135315
YNL041C,YLR240W,0,1.1333396,0.19194312393665314,0.242514967918396,0.10232046246528625
YOL004W,YKL094W,0,1.1330078,0.19179163873195648,0.242514967918396,0.10242048650979996
YLR216C,YJL024C,0,1.1328282,0.19164037704467773,0.242514967918396,0.10252050310373306
YJR117W,YDR254W,0,1.1324284,0.19148936867713928,0.242514967918396,0.10262052714824677
YNL064C,YGR070W,0,1.1324149,0.19133858382701874,0.242514967918396,0.10272054374217987
YBR098W,YNR037C,0,1.1323459,0.1911880373954773,0.242514967918396,0.10282056778669357
YGL219C,YGR178C,0,1.1322569,0.19103772938251495,0.242514967918396,0.10292058438062668
YKR102W,YCR069W,0,1.1322172,0.1908876597881317,0.242514967918396,0.10302060097455978
YHR001W-A,YLR341W,0,1.1318258,0.19073782861232758,0.242514967918396,0.10312062501907349
YFL014W,YHL018W,0,1.1317568,0.19058823585510254,0.242514967918396,0.10322064161300659
YOR253W,YIL108W,0,1.1315136,0.1904388666152954,0.242514967918396,0.1033206656575203
YLR426W,YBR014C,0,1.1308916,0.19028973579406738,0.242514967918396,0.1034206822514534
YBR228W,YDR541C,0,1.1307759,0.19014084339141846,0.242514967918396,0.1035207062959671
YDR388W,YDR162C,1,1.1307604,0.19077403843402863,0.24351297318935394,0.1035207062959671
YPR079W,YOL124C,0,1.1305816,0.19062499701976776,0.24351297318935394,0.10362072288990021
YKR006C,YGL158W,0,1.1298647,0.190476194024086,0.24351297318935394,0.10372074693441391
YDR162C,YLR362W,1,1.1283377,0.1911076456308365,0.2445109784603119,0.10372074693441391
YBR193C,YLR440C,0,1.1283026,0.19095869362354279,0.2445109784603119,0.10382076352834702
YNL274C,YLR368W,0,1.1280224,0.190809965133667,0.2445109784603119,0.10392078757286072
YMR278W,YCR083W,0,1.127922,0.1906614750623703,0.2445109784603119,0.10402080416679382
YGL233W,YNR075W,0,1.1271338,0.1905132234096527,0.2445109784603119,0.10412082076072693
YGR205W,YNL329C,0,1.1264423,0.19036519527435303,0.2445109784603119,0.10422084480524063
YML100W,YEL053C,0,1.1257412,0.19021739065647125,0.2445109784603119,0.10432086139917374
YGL179C,YKR006C,0,1.1256502,0.19006982445716858,0.2445109784603119,0.10442088544368744
YGR133W,YJR125C,0,1.1254739,0.1899224817752838,0.2445109784603119,0.10452090203762054
YER073W,YNL194C,0,1.1248956,0.18977536261081696,0.2445109784603119,0.10462092608213425
YER019C-A,YLR324W,0,1.1248367,0.1896284818649292,0.2445109784603119,0.10472094267606735
YML052W,YJL066C,0,1.1248013,0.18948182463645935,0.2445109784603119,0.10482096672058105
YPL122C,YGL096W,0,1.1239016,0.1893353909254074,0.2445109784603119,0.10492098331451416
YPL130W,YDL140C,0,1.1238058,0.18918919563293457,0.2445109784603119,0.10502100735902786
YIL097W,YGR244C,0,1.1235666,0.18904320895671844,0.2445109784603119,0.10512102395296097
YOR177C,YGR244C,0,1.1226435,0.18889746069908142,0.2445109784603119,0.10522104054689407
YIR031C,YGL180W,0,1.1216159,0.1887519210577011,0.2445109784603119,0.10532106459140778
YOR068C,YLR251W,0,1.1214659,0.1886066198348999,0.2445109784603119,0.10542108118534088
YOR003W,YDR080W,0,1.1212027,0.1884615421295166,0.2445109784603119,0.10552110522985458
YDR273W,YDR043C,0,1.1209234,0.18831667304039001,0.2445109784603119,0.10562112182378769
YGR225W,YNR075W,0,1.1204038,0.18817204236984253,0.2445109784603119,0.10572114586830139
YDR388W,YMR109W,1,1.1199409,0.1887950897216797,0.24550898373126984,0.10572114586830139
YKL129C,YFL039C,1,1.1196567,0.18941718339920044,0.24650698900222778,0.10572114586830139
YMR313C,YOL088C,0,1.119579,0.18927203118801117,0.24650698900222778,0.1058211624622345
YER038C,YLL002W,0,1.1194396,0.1891271024942398,0.24650698900222778,0.1059211865067482
YDL021W,YPR043W,0,1.1190636,0.18898239731788635,0.24650698900222778,0.1060212031006813
YGR161C,YDL028C,0,1.1188291,0.1888379156589508,0.24650698900222778,0.10612122714519501
YIL153W,YBL105C,0,1.1181152,0.18869365751743317,0.24650698900222778,0.10622124373912811
YER075C,YGL048C,0,1.1175141,0.18854962289333344,0.24650698900222778,0.10632126778364182
YDR317W,YOL090W,0,1.1174265,0.18840579688549042,0.24650698900222778,0.10642128437757492
YDL010W,YMR172W,1,1.1170241,0.18902438879013062,0.24750499427318573,0.10642128437757492
YMR091C,YFL018C,0,1.1166725,0.18888042867183685,0.24750499427318573,0.10652130097150803
YOL089C,YJL128C,1,1.1162851,0.18949772417545319,0.24850299954414368,0.10652130097150803
YIL137C,YHL027W,0,1.1161968,0.18935361504554749,0.24850299954414368,0.10662132501602173
YML051W,YDR258C,0,1.1161431,0.1892097294330597,0.24850299954414368,0.10672134160995483
YPL192C,YMR169C,0,1.1159906,0.1890660524368286,0.24850299954414368,0.10682136565446854
YIL042C,YDL093W,0,1.1159031,0.18892261385917664,0.24850299954414368,0.10692138224840164
YHR113W,YPR137W,0,1.115742,0.18877938389778137,0.24850299954414368,0.10702140629291534
YGR087C,YNL279W,0,1.1152881,0.18863636255264282,0.24850299954414368,0.10712142288684845
YIL114C,YPL132W,0,1.1147689,0.18849356472492218,0.24850299954414368,0.10722144693136215
YOL026C,YLR093C,0,1.1147313,0.18835099041461945,0.24850299954414368,0.10732146352529526
YPR165W,YDR245W,0,1.1144167,0.18820860981941223,0.24850299954414368,0.10742148756980896
YOR367W,YHL007C,1,1.1133356,0.18882174789905548,0.24950100481510162,0.10742148756980896
YLR006C,YOR120W,1,1.112767,0.1894339621067047,0.25049901008605957,0.10742148756980896
YOR344C,YHR026W,0,1.1125449,0.1892911046743393,0.25049901008605957,0.10752150416374207
YDR204W,YBL101C,0,1.1120529,0.1891484558582306,0.25049901008605957,0.10762152075767517
YGL180W,YGR080W,0,1.1119297,0.1890060305595398,0.25049901008605957,0.10772154480218887
YER123W,YML092C,0,1.1117862,0.1888638138771057,0.25049901008605957,0.10782156139612198
YPL180W,YPR075C,1,1.1116583,0.1894736886024475,0.2514970004558563,0.10782156139612198
YIL147C,YOR375C,0,1.111315,0.1893313229084015,0.2514970004558563,0.10792158544063568
YPL225W,YDR221W,0,1.1109097,0.18918919563293457,0.2514970004558563,0.10802160203456879
YDL025C,YOR262W,0,1.1103253,0.18904726207256317,0.2514970004558563,0.10812162607908249
YER101C,YIL130W,0,1.1103094,0.18890555202960968,0.2514970004558563,0.1082216426730156
YNR006W,YPL007C,0,1.1098151,0.1887640506029129,0.2514970004558563,0.1083216667175293
YJR078W,YOR226C,0,1.1084969,0.18862275779247284,0.2514970004558563,0.1084216833114624
YHL034C,YKL166C,0,1.1073158,0.1884816735982895,0.2514970004558563,0.1085217073559761
YOR129C,YMR175W,0,1.1072857,0.18834081292152405,0.2514970004558563,0.10862172394990921
YDR348C,YBR072W,0,1.1070685,0.18820014595985413,0.2514970004558563,0.10872174799442291
YFL014W,YPL079W,0,1.1067042,0.1880597025156021,0.2514970004558563,0.10882176458835602
YER142C,YGL073W,0,1.1060203,0.1879194676876068,0.2514970004558563,0.10892178118228912
YOR089C,YBR020W,0,1.105875,0.18777942657470703,0.2514970004558563,0.10902180522680283
YCL032W,YPL152W,1,1.1054708,0.18838422000408173,0.25249502062797546,0.10902180522680283
YAR014C,YGL062W,0,1.1054292,0.1882440447807312,0.25249502062797546,0.10912182182073593
YER081W,YOL034W,0,1.1052458,0.18810409307479858,0.25249502062797546,0.10922184586524963
YNL214W,YCL044C,0,1.1052178,0.1879643350839615,0.25249502062797546,0.10932186245918274
YML120C,YOL052C-A,0,1.1052097,0.1878248006105423,0.25249502062797546,0.10942188650369644
YLR350W,YEL032W,0,1.1046947,0.18768545985221863,0.25249502062797546,0.10952190309762955
YBL038W,YKL152C,0,1.1045953,0.18754632771015167,0.25249502062797546,0.10962192714214325
YLR248W,YOR047C,1,1.1045092,0.1881481409072876,0.2534930109977722,0.10962192714214325
YDR153C,YBR004C,0,1.1041565,0.1880088895559311,0.2534930109977722,0.10972194373607635
YDL160C,YJR078W,0,1.1034092,0.1878698170185089,0.2534930109977722,0.10982196778059006
YDR028C,YAR031W,0,1.1033185,0.18773096799850464,0.2534930109977722,0.10992198437452316
YLR080W,YBR203W,0,1.1031238,0.1875923126935959,0.2534930109977722,0.11002200096845627
YJL127C,YER013W,0,1.1028675,0.18745388090610504,0.2534930109977722,0.11012202501296997
YDR141C,YMR169C,0,1.1024258,0.18731562793254852,0.2534930109977722,0.11022204160690308
YCL064C,YMR092C,0,1.1015481,0.1871775984764099,0.2534930109977722,0.11032206565141678
YBR109C,YNL125C,0,1.10092,0.18703976273536682,0.2534930109977722,0.11042208224534988
YAL014C,YCL035C,0,1.1008396,0.18690213561058044,0.2534930109977722,0.11052210628986359
YFL039C,YLR138W,1,1.1007214,0.1875,0.25449103116989136,0.11052210628986359
YDL066W,YGL012W,0,1.0997419,0.18736223876476288,0.25449103116989136,0.11062212288379669
YGL121C,YER074W,0,1.0993688,0.18722467124462128,0.25449103116989136,0.1107221469283104
YBR128C,YLR059C,0,1.099189,0.1870873123407364,0.25449103116989136,0.1108221635222435
YDL022W,YFL039C,1,1.0988564,0.18768328428268433,0.2554890215396881,0.1108221635222435
YGL058W,YLL006W,0,1.098791,0.1875457912683487,0.2554890215396881,0.1109221875667572
YHR128W,YNL127W,0,1.0986835,0.18740849196910858,0.2554890215396881,0.11102220416069031
YLR421C,YDL049C,0,1.0986438,0.18727140128612518,0.2554890215396881,0.11112222075462341
YBR016W,YIL159W,1,1.098172,0.1878654956817627,0.25648701190948486,0.11112222075462341
YCR005C,YNL047C,0,1.0980061,0.18772827088832855,0.25648701190948486,0.11122224479913712
YNL091W,YLR362W,1,1.0979581,0.18832117319107056,0.257485032081604,0.11122224479913712
YGL208W,YDL128W,0,1.0977385,0.18818381428718567,0.257485032081604,0.11132226139307022
YDR476C,YDR222W,0,1.0973146,0.1880466490983963,0.257485032081604,0.11142228543758392
YHR206W,YPL240C,1,1.0972946,0.18863801658153534,0.25848302245140076,0.11142228543758392
YDR452W,YER129W,0,1.0970584,0.18850073218345642,0.25848302245140076,0.11152230203151703
YPR058W,YMR020W,0,1.0968077,0.18836364150047302,0.25848302245140076,0.11162232607603073
YER033C,YBR294W,0,1.0964254,0.18822674453258514,0.25848302245140076,0.11172234266996384
YKL091C,YPR097W,0,1.0957773,0.18809005618095398,0.25848302245140076,0.11182236671447754
YBR008C,YML069W,0,1.0954757,0.18795356154441833,0.25848302245140076,0.11192238330841064
YJL098W,YIL087C,0,1.0944147,0.1878172606229782,0.25848302245140076,0.11202240735292435
YGL124C,YOR090C,0,1.0942904,0.1876811534166336,0.25848302245140076,0.11212242394685745
YCR083W,YDR146C,0,1.0937896,0.18754525482654572,0.25848302245140076,0.11222244799137115
YMR270C,YPR134W,0,1.0936552,0.18740954995155334,0.25848302245140076,0.11232246458530426
YIL120W,YOR212W,0,1.0924985,0.1872740387916565,0.25848302245140076,0.11242248117923737
YFR004W,YLR341W,0,1.0922413,0.18713872134685516,0.25848302245140076,0.11252250522375107
YPL223C,YJL128C,1,1.0921607,0.18772563338279724,0.2594810426235199,0.11252250522375107
YFL014W,YKL143W,1,1.0921456,0.18831168115139008,0.26047903299331665,0.11252250522375107
YNR006W,YNR052C,0,1.092092,0.18817591667175293,0.26047903299331665,0.11262252181768417
YGL250W,YGL130W,0,1.0920434,0.1880403459072113,0.26047903299331665,0.11272254586219788
YMR032W,YJL128C,1,1.0917712,0.18862490355968475,0.2614770531654358,0.11272254586219788
YJR083C,YDR001C,0,1.0914912,0.18848921358585358,0.2614770531654358,0.11282256245613098
YDR075W,YIL007C,0,1.0911895,0.18835370242595673,0.2614770531654358,0.11292258650064468
YDR162C,YML131W,1,1.0902088,0.18893678486347198,0.26247504353523254,0.11292258650064468
YBL052C,YMR319C,0,1.0900815,0.18880115449428558,0.26247504353523254,0.11302260309457779
YGR179C,YDR258C,0,1.0899198,0.1886657029390335,0.26247504353523254,0.11312262713909149
YML123C,YEL005C,0,1.089771,0.18853046000003815,0.26247504353523254,0.1132226437330246
YMR295C,YGR129W,0,1.0895331,0.1883954107761383,0.26247504353523254,0.1133226677775383
YDL214C,YER026C,0,1.0894365,0.18826055526733398,0.26247504353523254,0.1134226843714714
YJL144W,YBR260C,1,1.0888505,0.18884120881557465,0.2634730637073517,0.1134226843714714
YMR251W-A,YER093C,0,1.0886372,0.18870621919631958,0.2634730637073517,0.11352270096540451
YOR028C,YMR172W,1,1.088149,0.18928571045398712,0.26447105407714844,0.11352270096540451
YNL241C,YOR267C,0,1.0879028,0.1891506016254425,0.26447105407714844,0.11362272500991821
YBR287W,YER087W,0,1.0873915,0.1890156865119934,0.26447105407714844,0.11372274160385132
YLR081W,YBL014C,0,1.08726,0.18888096511363983,0.26447105407714844,0.11382276564836502
YOL058W,YER021W,0,1.0870206,0.18874643743038177,0.26447105407714844,0.11392278224229813
YDR420W,YDL022W,1,1.0869653,0.18932384252548218,0.2654690742492676,0.11392278224229813
YDL035C,YDR122W,0,1.0868597,0.18918919563293457,0.2654690742492676,0.11402280628681183
YAL039C,YBR065C,0,1.0866532,0.1890547275543213,0.2654690742492676,0.11412282288074493
YJR052W,YML100W,0,1.0865889,0.18892045319080353,0.2654690742492676,0.11422284692525864
YOR099W,YLR011W,0,1.0860908,0.1887863725423813,0.2654690742492676,0.11432286351919174
YBR278W,YEL037C,0,1.0856273,0.18865248560905457,0.2654690742492676,0.11442288756370544
YMR097C,YIL073C,0,1.0853984,0.18851877748966217,0.2654690742492676,0.11452290415763855
YDR306C,YIL091C,0,1.0851821,0.1883852630853653,0.2654690742492676,0.11462292820215225
YMR318C,YNL023C,0,1.0848771,0.18825194239616394,0.2654690742492676,0.11472294479608536
YKR101W,YDL214C,0,1.0847781,0.1881188154220581,0.2654690742492676,0.11482296139001846
YGL194C,YGR240C,0,1.0846353,0.1879858672618866,0.2654690742492676,0.11492298543453217
YNL091W,YFL039C,1,1.0844613,0.18855932354927063,0.26646706461906433,0.11492298543453217
YPL164C,YLR026C,0,1.0843446,0.18842625617980957,0.26646706461906433,0.11502300202846527
YBR149W,YKL190W,0,1.0842934,0.18829336762428284,0.26646706461906433,0.11512302607297897
YKL020C,YOR371C,0,1.0835729,0.18816067278385162,0.26646706461906433,0.11522304266691208
YPL138C,YOR132W,0,1.0831987,0.18802817165851593,0.26646706461906433,0.11532306671142578
YBR016W,YLR336C,1,1.0829821,0.1885995715856552,0.2674650549888611,0.11532306671142578
YEL043W,YLR089C,0,1.0826318,0.18846695125102997,0.2674650549888611,0.11542308330535889
YIL098C,YKR087C,0,1.0824022,0.18833450973033905,0.2674650549888611,0.11552310734987259
YDL020C,YDR302W,0,1.082125,0.18820224702358246,0.2674650549888611,0.1156231239438057
YOR204W,YBR023C,0,1.0816596,0.1880701780319214,0.2674650549888611,0.1157231479883194
YIR031C,YHR202W,0,1.0813539,0.18793828785419464,0.2674650549888611,0.1158231645822525
YMR175W,YER089C,1,1.0813172,0.18850736320018768,0.2684630751609802,0.1158231645822525
YIL107C,YLR301W,0,1.0812486,0.1883753538131714,0.2684630751609802,0.11592318117618561
YBR057C,YBR149W,0,1.0802089,0.18824352324008942,0.2684630751609802,0.11602320522069931
YCL039W,YNL250W,0,1.0801792,0.18811188638210297,0.2684630751609802,0.11612322181463242
YCR083W,YDL193W,0,1.0799026,0.18798042833805084,0.2684630751609802,0.11622324585914612
YAL054C,YCR091W,0,1.0794855,0.18784916400909424,0.2684630751609802,0.11632326245307922
YNL075W,YPL135W,0,1.079021,0.18771807849407196,0.2684630751609802,0.11642328649759293
YML029W,YNR012W,0,1.0788354,0.187587171792984,0.2684630751609802,0.11652330309152603
YKL061W,YMR296C,0,1.0787935,0.18745644390583038,0.2684630751609802,0.11662332713603973
YKR072C,YDL040C,0,1.0783787,0.18732590973377228,0.2684630751609802,0.11672334372997284
YJR131W,YHR012W,0,1.0776472,0.1871955394744873,0.2684630751609802,0.11682336777448654
YOR377W,YER039C,0,1.0775069,0.18706536293029785,0.2684630751609802,0.11692338436841965
YGR282C,YKL049C,0,1.0773871,0.18693536520004272,0.2684630751609802,0.11702340096235275
YBR162C,YDL126C,0,1.0771202,0.18680556118488312,0.2684630751609802,0.11712342500686646
YPR148C,YBR045C,0,1.0769954,0.18667592108249664,0.2684630751609802,0.11722344160079956
YPL179W,YKL085W,0,1.0769261,0.1865464597940445,0.2684630751609802,0.11732346564531326
YLR034C,YMR305C,0,1.076849,0.18641719222068787,0.2684630751609802,0.11742348223924637
YJL079C,YDR222W,0,1.0757141,0.18628808856010437,0.2684630751609802,0.11752350628376007
YDL035C,YPL203W,0,1.0757014,0.1861591637134552,0.2684630751609802,0.11762352287769318
YDR019C,YJR053W,0,1.0754417,0.18603043258190155,0.2684630751609802,0.11772354692220688
YCR002C,YGL254W,0,1.0742204,0.18590186536312103,0.2684630751609802,0.11782356351613998
YER177W,YKR089C,0,1.0740373,0.18577347695827484,0.2684630751609802,0.11792358756065369
YHR094C,YGL044C,0,1.0738786,0.18564526736736298,0.2684630751609802,0.11802360415458679
YOR181W,YPL152W,1,1.0734197,0.1862068921327591,0.269461065530777,0.11802360415458679
YJR103W,YOR115C,0,1.0726235,0.18607856333255768,0.269461065530777,0.1181236281991005
YLL055W,YPL087W,0,1.0723703,0.1859504133462906,0.269461065530777,0.1182236447930336
YIL040W,YDR175C,0,1.0723078,0.18582244217395782,0.269461065530777,0.1183236613869667
YFL066C,YDR227W,0,1.0720509,0.1856946349143982,0.269461065530777,0.11842368543148041
YDR099W,YLR398C,0,1.0714138,0.1855670064687729,0.269461065530777,0.11852370202541351
YDR294C,YBR046C,0,1.0710847,0.1854395568370819,0.269461065530777,0.11862372606992722
YKL168C,YER021W,0,1.0703063,0.18531228601932526,0.269461065530777,0.11872374266386032
YDR437W,YJR130C,0,1.0694299,0.18518517911434174,0.269461065530777,0.11882376670837402
YLR025W,YDR432W,0,1.0691798,0.18505826592445374,0.269461065530777,0.11892378330230713
YLR423C,YBR065C,0,1.0691233,0.18493150174617767,0.269461065530777,0.11902380734682083
YDR019C,YGL013C,0,1.0677017,0.18480493128299713,0.269461065530777,0.11912382394075394
YBR301W,YLR309C,0,1.0676651,0.18467852473258972,0.269461065530777,0.11922384798526764
YPL223C,YBR260C,1,1.0671389,0.18523581326007843,0.2704590857028961,0.11922384798526764
YNL055C,YDL193W,0,1.0669051,0.18510928750038147,0.2704590857028961,0.11932386457920074
YER039C,YDR508C,0,1.0668209,0.18498294055461884,0.2704590857028961,0.11942388117313385
YKL167C,YAL061W,0,1.0665209,0.18485675752162933,0.2704590857028961,0.11952390521764755
YKL112W,YGR142W,0,1.0665133,0.18473073840141296,0.2704590857028961,0.11962392181158066
YNL076W,YDR513W,0,1.066184,0.18460489809513092,0.2704590857028961,0.11972394585609436
YMR081C,YDR310C,0,1.0657583,0.1844792366027832,0.2704590857028961,0.11982396245002747
YNL106C,YDR229W,0,1.0650188,0.18435373902320862,0.2704590857028961,0.11992398649454117
YDL054C,YOR156C,0,1.0643747,0.18422842025756836,0.2704590857028961,0.12002400308847427
YER039C,YBR061C,0,1.0632691,0.18410326540470123,0.2704590857028961,0.12012402713298798
YKL085W,YDR490C,0,1.0631088,0.18397827446460724,0.2704590857028961,0.12022404372692108
YGR143W,YDL211C,0,1.0626396,0.18385346233844757,0.2704590857028961,0.12032406777143478
YFL001W,YNL055C,0,1.0625075,0.18372881412506104,0.2704590857028961,0.12042408436536789
YOL058W,YBL041W,0,1.0624249,0.18360432982444763,0.2704590857028961,0.12052410840988159
YIL056W,YGR251W,0,1.062157,0.18348002433776855,0.2704590857028961,0.1206241250038147
YMR078C,YAL051W,0,1.0619211,0.1833558827638626,0.2704590857028961,0.1207241415977478
YMR156C,YHR166C,0,1.0615532,0.183231920003891,0.2704590857028961,0.1208241656422615
YPL180W,YLR337C,1,1.061462,0.18378378450870514,0.27145707607269287,0.1208241656422615
YHR084W,YJR151C,0,1.0613521,0.18365968763828278,0.27145707607269287,0.12092418223619461
YLR070C,YGL130W,0,1.0604947,0.18353576958179474,0.27145707607269287,0.12102420628070831
YJL184W,YMR092C,1,1.0604925,0.18408630788326263,0.272455096244812,0.12102420628070831
YLR435W,YCR069W,0,1.0596869,0.18396227061748505,0.272455096244812,0.12112422287464142
YHR205W,YER098W,0,1.059053,0.1838383823633194,0.272455096244812,0.12122424691915512
YIL037C,YOR298W,0,1.0588249,0.18371467292308807,0.272455096244812,0.12132426351308823
YAR035W,YNL282W,0,1.0588028,0.18359112739562988,0.272455096244812,0.12142428755760193
YLR313C,YEL039C,0,1.0587621,0.18346774578094482,0.272455096244812,0.12152430415153503
YLR332W,YBR132C,1,1.0582266,0.1840161234140396,0.27345308661460876,0.12152430415153503
YBR016W,YOR047C,1,1.057588,0.1845637559890747,0.2744511067867279,0.12152430415153503
YML112W,YGL158W,0,1.0574052,0.18443997204303741,0.2744511067867279,0.12162432819604874
YMR105C,YOR033C,0,1.0571189,0.18431635200977325,0.2744511067867279,0.12172434478998184
YOR363C,YBR216C,0,1.056896,0.18419289588928223,0.2744511067867279,0.12182436138391495
YPR148C,YJR103W,0,1.0563004,0.18406961858272552,0.2744511067867279,0.12192438542842865
YFL009W,YDR392W,0,1.0562533,0.18394649028778076,0.2744511067867279,0.12202440202236176
YGL049C,YJR019C,0,1.0556802,0.18382352590560913,0.2744511067867279,0.12212442606687546
YBL105C,YKL107W,0,1.0548456,0.18370074033737183,0.2744511067867279,0.12222444266080856
YBR005W,YBR265W,0,1.054565,0.18357810378074646,0.2744511067867279,0.12232446670532227
YJR120W,YGL256W,0,1.0538449,0.18345563113689423,0.2744511067867279,0.12242448329925537
YOL064C,YMR032W,1,1.053663,0.18400000035762787,0.27544909715652466,0.12242448329925537
YML086C,YKL149C,0,1.0529134,0.18387740850448608,0.27544909715652466,0.12252450734376907
YIL153W,YGR251W,0,1.0518831,0.18375499546527863,0.27544909715652466,0.12262452393770218
YOL116W,YMR037C,1,1.0503583,0.1842980682849884,0.2764471173286438,0.12262452393770218
YMR167W,YOR034C,0,1.0503137,0.1841755360364914,0.2764471173286438,0.12272454798221588
YOL052C-A,YLR223C,0,1.0503123,0.18405315279960632,0.2764471173286438,0.12282456457614899
YJL128C,YOR120W,1,1.0493785,0.18459495902061462,0.27744510769844055,0.12282456457614899
YIL053W,YPR005C,1,1.0489879,0.18513603508472443,0.2784431278705597,0.12282456457614899
YJL197W,YKL051W,0,1.0489564,0.18501326441764832,0.2784431278705597,0.12292458862066269
YGR008C,YPL223C,1,1.0485972,0.18555334210395813,0.27944111824035645,0.12292458862066269
YER081W,YIR028W,0,1.0480114,0.18543046712875366,0.27944111824035645,0.1230246052145958
YAL056W,YBR003W,0,1.0479661,0.18530774116516113,0.27944111824035645,0.1231246218085289
YHR205W,YPL240C,1,1.0479503,0.18584656715393066,0.2804391086101532,0.1231246218085289
YPL249C,YOL089C,0,1.0476218,0.18572372198104858,0.2804391086101532,0.1232246458530426
YMR053C,YPL207W,0,1.0472214,0.18560105562210083,0.2804391086101532,0.12332466244697571
YGR004W,YNL257C,0,1.0466346,0.1854785531759262,0.2804391086101532,0.12342468649148941
YIR025W,YGL224C,0,1.0464256,0.18535619974136353,0.2804391086101532,0.12352470308542252
YMR081C,YBR272C,0,1.0463327,0.18523401021957397,0.2804391086101532,0.12362472712993622
YNL263C,YBR168W,0,1.0461448,0.18511198461055756,0.2804391086101532,0.12372474372386932
YLL018C,YKL079W,0,1.0459737,0.18499012291431427,0.2804391086101532,0.12382476776838303
YDL142C,YPL161C,0,1.0450908,0.18486842513084412,0.2804391086101532,0.12392478436231613
YML021C,YCR097W,0,1.0449387,0.1847468763589859,0.2804391086101532,0.12402480840682983
YOR030W,YER013W,0,1.0448811,0.18462549149990082,0.2804391086101532,0.12412482500076294
YDR099W,YBR228W,0,1.0440307,0.18450427055358887,0.2804391086101532,0.12422484159469604
YFL055W,YPL228W,0,1.0434632,0.18438319861888885,0.2804391086101532,0.12432486563920975
YCR083W,YIL007C,0,1.043427,0.18426229059696198,0.2804391086101532,0.12442488223314285
YBR182C,YOR208W,1,1.04284,0.18479685485363007,0.28143712878227234,0.12442488223314285
YOR022C,YDR422C,0,1.0426177,0.18467582762241364,0.28143712878227234,0.12452490627765656
YPL003W,YBL058W,0,1.0425606,0.18455497920513153,0.28143712878227234,0.12462492287158966
YCR005C,YPR022C,0,1.0421681,0.18443426489830017,0.28143712878227234,0.12472494691610336
YOR109W,YCL048W,0,1.0413692,0.18431372940540314,0.28143712878227234,0.12482496351003647
YOR028C,YPL059W,1,1.0413492,0.18484650552272797,0.2824351191520691,0.12482496351003647
YOR363C,YOL135C,0,1.0411379,0.18472585082054138,0.2824351191520691,0.12492498755455017
YDR303C,YLR259C,0,1.0407033,0.18460534512996674,0.2824351191520691,0.12502500414848328
YPL240C,YKL048C,1,1.0406517,0.18513689935207367,0.28343313932418823,0.12502500414848328
YPR194C,YIR007W,0,1.0404222,0.18501628935337067,0.28343313932418823,0.12512502074241638
YHR082C,YDR165W,0,1.0398391,0.1848958283662796,0.28343313932418823,0.12522505223751068
YGL180W,YCR102C,0,1.0394037,0.18477553129196167,0.28343313932418823,0.1253250688314438
YLR377C,YKL073W,0,1.039354,0.18465539813041687,0.28343313932418823,0.1254250854253769
YNL154C,YMR189W,0,1.0392239,0.184535413980484,0.28343313932418823,0.12552510201931
YDR350C,YJR147W,0,1.0392213,0.18441557884216309,0.28343313932418823,0.1256251186132431
YOR353C,YOR142W,0,1.0390456,0.1842959076166153,0.28343313932418823,0.1257251501083374
YBL051C,YPL193W,0,1.0382957,0.18417640030384064,0.28343313932418823,0.1258251667022705
YKL069W,YNR067C,0,1.0382243,0.18405702710151672,0.28343313932418823,0.1259251832962036
YGL207W,YNR036C,0,1.0381553,0.18393781781196594,0.28343313932418823,0.12602519989013672
YGL058W,YDR513W,0,1.0371876,0.1838187724351883,0.28343313932418823,0.12612523138523102
YIL153W,YML131W,1,1.0370455,0.18434670567512512,0.284431129693985,0.12612523138523102
YKL065C,YJL014W,0,1.0367196,0.18422754108905792,0.284431129693985,0.12622524797916412
YPR105C,YJR107W,0,1.0360911,0.18410852551460266,0.284431129693985,0.12632526457309723
YIL107C,YJL006C,0,1.0359645,0.18398967385292053,0.284431129693985,0.12642528116703033
YPL004C,YPL055C,0,1.0354073,0.18387097120285034,0.284431129693985,0.12652529776096344
YGR195W,YIL120W,0,1.0350736,0.1837524175643921,0.284431129693985,0.12662532925605774
YBR132C,YKL088W,1,1.0349457,0.18427835404872894,0.2854291498661041,0.12662532925605774
YGR008C,YIL159W,1,1.0347395,0.18480360507965088,0.2864271402359009,0.12662532925605774
YFL013C,YOR132W,0,1.0346495,0.18468467891216278,0.2864271402359009,0.12672534584999084
YLR155C,YGR010W,0,1.0344944,0.18456591665744781,0.2864271402359009,0.12682536244392395
YJR091C,YOR118W,0,1.0342739,0.1844473034143448,0.2864271402359009,0.12692537903785706
YGL219C,YJL034W,0,1.0335275,0.1843288391828537,0.2864271402359009,0.12702541053295135
YER004W,YKL013C,0,1.0334845,0.18421052396297455,0.2864271402359009,0.12712542712688446
YGL063W,YBR065C,0,1.0331169,0.18409237265586853,0.2864271402359009,0.12722544372081757
YCR027C,YAR071W,0,1.0326395,0.18397435545921326,0.2864271402359009,0.12732546031475067
YKR039W,YNL161W,0,1.0319486,0.18385650217533112,0.2864271402359009,0.12742549180984497
YER022W,YHR202W,0,1.0318573,0.1837387979030609,0.2864271402359009,0.12752550840377808
YMR105C,YGR129W,0,1.0318128,0.18362124264240265,0.2864271402359009,0.12762552499771118
YFR033C,YKR089C,0,1.0311228,0.18350383639335632,0.2864271402359009,0.1277255415916443
YNL084C,YOL001W,0,1.0310466,0.18338657915592194,0.2864271402359009,0.1278255581855774
YGR206W,YOR204W,0,1.0304633,0.1832694709300995,0.2864271402359009,0.1279255896806717
YHL035C,YOR156C,0,1.0301361,0.18315252661705017,0.2864271402359009,0.1280256062746048
YDR254W,YKR052C,0,1.030089,0.1830357164144516,0.2864271402359009,0.1281256228685379
YER054C,YKL077W,0,1.0299643,0.18291905522346497,0.2864271402359009,0.128225639462471
YGL012W,YPL100W,0,1.0299529,0.18280254304409027,0.2864271402359009,0.1283256709575653
YEL056W,YDR233C,0,1.0297629,0.18268617987632751,0.2864271402359009,0.1284256875514984
YIL170W,YGR142W,0,1.0286906,0.1825699806213379,0.2864271402359009,0.12852570414543152
YLR298C,YJL082W,0,1.027962,0.182453915476799,0.2864271402359009,0.12862572073936462
YLR110C,YDR122W,0,1.0276778,0.18233799934387207,0.2864271402359009,0.12872575223445892
YDL194W,YLR213C,0,1.0270694,0.18222221732139587,0.2864271402359009,0.12882576882839203
YGL125W,YDL040C,0,1.0261995,0.1821065992116928,0.2864271402359009,0.12892578542232513
YER039C,YPL223C,0,1.0259707,0.1819911152124405,0.2864271402359009,0.12902580201625824
YER168C,YIL013C,0,1.0259655,0.1818757951259613,0.2864271402359009,0.12912581861019135
YLR166C,YOR291W,0,1.0258904,0.18176060914993286,0.2864271402359009,0.12922585010528564
YIL063C,YDL178W,0,1.0249672,0.18164557218551636,0.2864271402359009,0.12932586669921875
YMR090W,YPL135W,0,1.0248036,0.1815306842327118,0.2864271402359009,0.12942588329315186
YDR129C,YJL144W,1,1.0247712,0.182048037648201,0.28742516040802,0.12942588329315186
YDL149W,YHR168W,0,1.0246212,0.18193304538726807,0.28742516040802,0.12952589988708496
YGR229C,YLL015W,0,1.0239639,0.1818181872367859,0.28742516040802,0.12962593138217926
YNL270C,YEL019C,0,1.0238447,0.18170346319675446,0.28742516040802,0.12972594797611237
YGL067W,YOR177C,0,1.0226433,0.18158890306949615,0.28742516040802,0.12982596457004547
YPR183W,YNR039C,0,1.0223083,0.1814744770526886,0.28742516040802,0.12992598116397858
YKL071W,YIR022W,0,1.0221654,0.18136020004749298,0.28742516040802,0.13002599775791168
YDR512C,YAL029C,0,1.0217063,0.1812460720539093,0.28742516040802,0.13012602925300598
YIL107C,YIR007W,0,1.0216769,0.18113207817077637,0.28742516040802,0.1302260458469391
YPR201W,YJL045W,0,1.0214467,0.18101823329925537,0.28742516040802,0.1303260624408722
YLL027W,YOR273C,0,1.0211886,0.18090452253818512,0.28742516040802,0.1304260790348053
YMR172W,YOR120W,1,1.0211177,0.18141870200634003,0.2884231507778168,0.1304260790348053
YKR002W,YNR039C,0,1.0204045,0.18130488693714142,0.2884231507778168,0.1305261105298996
YER124C,YHR004C,0,1.020052,0.18119122087955475,0.2884231507778168,0.1306261271238327
YGL004C,YIL038C,0,1.019863,0.18107768893241882,0.2884231507778168,0.1307261437177658
YLR088W,YER071C,0,1.0195665,0.18096430599689484,0.2884231507778168,0.1308261603116989
YER104W,YLR093C,0,1.0195212,0.1808510571718216,0.2884231507778168,0.1309261918067932
YPL076W,YAL002W,0,1.018979,0.1807379573583603,0.2884231507778168,0.13102620840072632
YCR024C-A,YER149C,0,1.0179623,0.18062500655651093,0.2884231507778168,0.13112622499465942
YGR121C,YPL075W,0,1.0179107,0.1805121749639511,0.2884231507778168,0.13122624158859253
YOL013C,YPL233W,0,1.0178843,0.18039950728416443,0.2884231507778168,0.13132625818252563
YDR001C,YOL151W,0,1.0163047,0.1802869588136673,0.2884231507778168,0.13142628967761993
YLR319C,YML131W,1,1.0152774,0.1807980090379715,0.2894211709499359,0.13142628967761993
YPL228W,YDL223C,0,1.01486,0.180685356259346,0.2894211709499359,0.13152630627155304
YDR085C,YNL020C,0,1.0141126,0.18057285249233246,0.2894211709499359,0.13162632286548615
YCL035C,YNL236W,0,1.0139197,0.18046048283576965,0.2894211709499359,0.13172633945941925
YHR204W,YDR397C,0,1.0134938,0.1803482621908188,0.2894211709499359,0.13182637095451355
YIL153W,YKL048C,1,1.0130559,0.18085767328739166,0.29041916131973267,0.13182637095451355
YJL208C,YNL156C,0,1.0125666,0.18074534833431244,0.29041916131973267,0.13192638754844666
YDR170C,YLL027W,0,1.0121751,0.18063314259052277,0.29041916131973267,0.13202640414237976
YKR003W,YDR213W,0,1.0107336,0.18052108585834503,0.29041916131973267,0.13212642073631287
YGR065C,YMR092C,0,1.0105736,0.18040917813777924,0.29041916131973267,0.13222645223140717
YJL091C,YPR002W,0,1.0104882,0.18029740452766418,0.29041916131973267,0.13232646882534027
YDL197C,YGL020C,0,1.0095434,0.18018576502799988,0.29041916131973267,0.13242648541927338
YOR299W,YMR021C,0,1.0093057,0.18007425963878632,0.29041916131973267,0.13252650201320648
YLR006C,YGL236C,0,1.0088475,0.1799628883600235,0.29041916131973267,0.1326265186071396
YDR162C,YLR113W,1,1.0087786,0.18046972155570984,0.2914171516895294,0.1326265186071396
YPL001W,YDR255C,0,1.0075811,0.18035824596881866,0.2914171516895294,0.1327265501022339
YLR197W,YMR182C,0,1.0069983,0.18024691939353943,0.2914171516895294,0.132826566696167
YCL017C,YDR058C,0,1.0069181,0.18013571202754974,0.2914171516895294,0.1329265832901001
YLR029C,YPL273W,0,1.006906,0.180024653673172,0.2914171516895294,0.1330265998840332
YOR227W,YOR136W,0,1.0069057,0.1799137443304062,0.2914171516895294,0.1331266313791275
YHR205W,YLL039C,0,1.0067137,0.17980295419692993,0.2914171516895294,0.1332266479730606
YDR040C,YOL089C,1,1.0066819,0.18030768632888794,0.29241517186164856,0.1332266479730606
YJL042W,YER177W,0,1.0066234,0.18019680678844452,0.29241517186164856,0.1333266645669937
YOR181W,YCL032W,1,1.0064373,0.18070067465305328,0.2934131622314453,0.1333266645669937
YPR026W,YEL011W,0,1.0064251,0.1805896759033203,0.2934131622314453,0.13342668116092682
YIR033W,YBR208C,0,1.0063854,0.18047882616519928,0.2934131622314453,0.13352671265602112
YDR040C,YHR214W,0,1.0062683,0.1803680956363678,0.2934131622314453,0.13362672924995422
YDR258C,YAR008W,0,1.0058357,0.18025751411914825,0.2934131622314453,0.13372674584388733
YDR129C,YHR205W,1,1.0056809,0.18075980246067047,0.29441118240356445,0.13372674584388733
YAL017W,YPR120C,0,1.0056071,0.18064911663532257,0.29441118240356445,0.13382676243782043
YLR248W,YOL116W,1,1.0054727,0.18115055561065674,0.2954091727733612,0.13382676243782043
YOR275C,YDR423C,0,1.00533,0.1810397505760193,0.2954091727733612,0.13392677903175354
YBR038W,YJL071W,0,1.005322,0.18092909455299377,0.2954091727733612,0.13402681052684784
YOL116W,YJL128C,1,1.0053014,0.1814294457435608,0.29640719294548035,0.13402681052684784
YBR052C,YPL176C,0,1.0051513,0.18131868541240692,0.29640719294548035,0.13412682712078094
YML127W,YEL047C,0,1.005141,0.1812080591917038,0.29640719294548035,0.13422684371471405
YDR164C,YPL203W,0,1.0049541,0.18109756708145142,0.29640719294548035,0.13432686030864716
YLR270W,YGR246C,0,1.0042486,0.18098720908164978,0.29640719294548035,0.13442689180374146
YJR050W,YKR093W,0,1.0041573,0.1808769851922989,0.29640719294548035,0.13452690839767456
YJL057C,YAL017W,0,1.0041033,0.18076689541339874,0.29640719294548035,0.13462692499160767
YOR227W,YMR168C,0,1.0040047,0.18065693974494934,0.29640719294548035,0.13472694158554077
YLL016W,YOL124C,0,1.0030769,0.18054711818695068,0.29640719294548035,0.13482695817947388
YJL151C,YMR318C,0,1.0024867,0.18043743073940277,0.29640719294548035,0.13492698967456818
YER185W,YOR168W,0,1.0017738,0.1803278625011444,0.29640719294548035,0.13502700626850128
YPL059W,YOR120W,1,1.0015826,0.18082524836063385,0.2974051833152771,0.13502700626850128
YMR237W,YML100W,0,1.0013412,0.18071559071540833,0.2974051833152771,0.1351270228624344
YJR149W,YBR119W,0,1.0012434,0.18060606718063354,0.2974051833152771,0.1352270394563675
YNL116W,YNL231C,0,1.0010803,0.18049666285514832,0.2974051833152771,0.1353270709514618
YLR138W,YHR114W,1,1.00068,0.1809927374124527,0.29840320348739624,0.1353270709514618
YJR078W,YGL151W,0,1.0006782,0.1808832436800003,0.29840320348739624,0.1354270875453949
YML004C,YOR074C,0,1.0005318,0.18077388405799866,0.29840320348739624,0.135527104139328
YBR298C,YGL246C,0,0.999951,0.18066465854644775,0.29840320348739624,0.1356271207332611
YBR212W,YIL177C,0,0.99986076,0.1805555522441864,0.29840320348739624,0.1357271522283554
YGR024C,YPL003W,0,0.99946713,0.180446594953537,0.29840320348739624,0.1358271688222885
YPL235W,YJL116C,0,0.9978913,0.18033775687217712,0.29840320348739624,0.13592718541622162
YLR216C,YDR019C,0,0.99784946,0.180229052901268,0.29840320348739624,0.13602720201015472
YOR274W,YPR149W,0,0.9977734,0.18012048304080963,0.29840320348739624,0.13612721860408783
YDL149W,YNL072W,0,0.9974866,0.180012047290802,0.29840320348739624,0.13622725009918213
YMR052W,YCL034W,0,0.9968755,0.17990373075008392,0.29840320348739624,0.13632726669311523
YNL272C,YBL005W,0,0.99663734,0.1797955483198166,0.29840320348739624,0.13642728328704834
YJL197W,YOR177C,0,0.9963349,0.1796875,0.29840320348739624,0.13652729988098145
YDR454C,YPR004C,0,0.9961475,0.17957958579063416,0.29840320348739624,0.13662733137607574
YPR143W,YLR118C,0,0.9956367,0.17947179079055786,0.29840320348739624,0.13672734797000885
YHR026W,YGL124C,0,0.99556935,0.1793641299009323,0.29840320348739624,0.13682736456394196
YLR350W,YBR044C,0,0.994169,0.1792565882205963,0.29840320348739624,0.13692738115787506
YIL035C,YAL015C,0,0.9939524,0.17914919555187225,0.29840320348739624,0.13702741265296936
YGR254W,YOL013C,0,0.99384737,0.17904192209243774,0.29840320348739624,0.13712742924690247
YPR007C,YGR277C,0,0.9925704,0.17893476784229279,0.29840320348739624,0.13722744584083557
YGL060W,YNL221C,0,0.992098,0.17882774770259857,0.29840320348739624,0.13732746243476868
YLR081W,YOR378W,0,0.9919789,0.1787208616733551,0.29840320348739624,0.13742747902870178
YOR250C,YGR010W,0,0.9912665,0.17861409485340118,0.29840320348739624,0.13752751052379608
YPL239W,YLR006C,1,0.99007094,0.17910447716712952,0.299401193857193,0.13752751052379608
YGR060W,YIL065C,0,0.98990846,0.17899760603904724,0.299401193857193,0.1376275271177292
YDR026C,YBR132C,0,0.98978806,0.1788908839225769,0.299401193857193,0.1377275437116623
YBR068C,YJL078C,0,0.98976564,0.17878426611423492,0.299401193857193,0.1378275603055954
YLR132C,YCR038C,0,0.9895344,0.1786777824163437,0.299401193857193,0.1379275918006897
YOR382W,YIR028W,0,0.9894227,0.1785714328289032,0.299401193857193,0.1380276083946228
YPL236C,YIL135C,0,0.9892926,0.17846520245075226,0.299401193857193,0.1381276249885559
YER014W,YOR311C,0,0.9880668,0.17835909128189087,0.299401193857193,0.138227641582489
YFL014W,YMR172W,1,0.98743033,0.1788472980260849,0.30039921402931213,0.138227641582489
YNL243W,YPL176C,0,0.9871633,0.17874109745025635,0.30039921402931213,0.13832765817642212
YDL207W,YFL061W,0,0.98700166,0.17863501608371735,0.30039921402931213,0.13842768967151642
YOR005C,YPL240C,0,0.98688686,0.1785290688276291,0.30039921402931213,0.13852770626544952
YIL147C,YMR109W,1,0.9867004,0.17901600897312164,0.3013972043991089,0.13852770626544952
YMR109W,YKR072C,1,0.98669887,0.17950236797332764,0.30239519476890564,0.13852770626544952
YKL073W,YBR244W,0,0.9866326,0.17939609289169312,0.30239519476890564,0.13862772285938263
YNL327W,YOR258W,0,0.98645854,0.17928993701934814,0.30239519476890564,0.13872773945331573
YPL270W,YDR258C,0,0.98622966,0.17918391525745392,0.30239519476890564,0.13882777094841003
YER019W,YPL240C,1,0.98621404,0.17966903746128082,0.3033932149410248,0.13882777094841003
YDR388W,YPL152W,1,0.9855193,0.18015357851982117,0.30439120531082153,0.13882777094841003
YEL039C,YOR330C,0,0.985453,0.18004722893238068,0.30439120531082153,0.13892778754234314
YGL078C,YMR275C,0,0.9854455,0.17994099855422974,0.30439120531082153,0.13902780413627625
YDR256C,YPL218W,0,0.98541594,0.17983490228652954,0.30439120531082153,0.13912782073020935
YAL040C,YIL088C,0,0.98508763,0.1797289401292801,0.30439120531082153,0.13922785222530365
YDL010W,YLR006C,1,0.9848709,0.18021202087402344,0.3053892254829407,0.13922785222530365
YPL117C,YLL039C,0,0.9848368,0.18010593950748444,0.3053892254829407,0.13932786881923676
YDL215C,YIL038C,0,0.9847084,0.18000000715255737,0.3053892254829407,0.13942788541316986
YER050C,YOL076W,0,0.9845021,0.17989417910575867,0.3053892254829407,0.13952790200710297
YDR291W,YOR081C,0,0.9843528,0.1797884851694107,0.3053892254829407,0.13962791860103607
YOR059C,YFL014W,0,0.9842107,0.1796829104423523,0.3053892254829407,0.13972795009613037
YOR059C,YDL045C,0,0.983955,0.17957746982574463,0.3053892254829407,0.13982796669006348
YGR216C,YHR176W,0,0.9838002,0.17947213351726532,0.3053892254829407,0.13992798328399658
YDR162C,YER062C,1,0.98353386,0.17995311319828033,0.3063872158527374,0.13992798328399658
YDL024C,YPL055C,0,0.9834113,0.17984768748283386,0.3063872158527374,0.1400279998779297
YGR208W,YOR027W,0,0.9834019,0.17974239587783813,0.3063872158527374,0.140128031373024
YFL057C,YGL172W,0,0.9833486,0.17963720858097076,0.3063872158527374,0.1402280479669571
YIL010W,YPL120W,0,0.98216796,0.17953217029571533,0.3063872158527374,0.1403280645608902
YCR030C,YHR084W,0,0.9819758,0.17942723631858826,0.3063872158527374,0.1404280811548233
YMR283C,YDL052C,0,0.98130596,0.17932243645191193,0.3063872158527374,0.1405281126499176
YJL149W,YLR298C,0,0.9811084,0.17921774089336395,0.3063872158527374,0.1406281292438507
YIL153W,YPL223C,1,0.98018765,0.17969661951065063,0.30738523602485657,0.1406281292438507
YMR175W,YER101C,0,0.9794494,0.1795918345451355,0.30738523602485657,0.1407281458377838
YNL036W,YJL151C,0,0.9793887,0.1794871836900711,0.30738523602485657,0.14082816243171692
YLR408C,YDR371W,0,0.9791262,0.17938263714313507,0.30738523602485657,0.14092817902565002
YMR089C,YDL161W,0,0.9789983,0.17927822470664978,0.30738523602485657,0.14102821052074432
YNL243W,YBR203W,0,0.978907,0.17917393147945404,0.30738523602485657,0.14112822711467743
YMR232W,YGL153W,0,0.9776436,0.17906977236270905,0.30738523602485657,0.14122824370861053
YPL024W,YBR006W,0,0.9776403,0.1789657175540924,0.30738523602485657,0.14132826030254364
YER139C,YCR088W,0,0.97758174,0.17886178195476532,0.30738523602485657,0.14142829179763794
YDR498C,YBR072W,0,0.97755265,0.17875798046588898,0.30738523602485657,0.14152830839157104
YER170W,YOL104C,0,0.977476,0.17865429818630219,0.30738523602485657,0.14162832498550415
YIL053W,YMR172W,1,0.97718525,0.1791304349899292,0.3083832263946533,0.14162832498550415
YOL132W,YOL101C,0,0.97705376,0.17902664840221405,0.3083832263946533,0.14172834157943726
YOR059C,YEL032W,0,0.9764471,0.17892298102378845,0.3083832263946533,0.14182837307453156
YMR226C,YOR212W,0,0.9760182,0.1788194477558136,0.3083832263946533,0.14192838966846466
YLR006C,YKL048C,1,0.9759736,0.1792943924665451,0.30938124656677246,0.14192838966846466
YMR291W,YHR200W,0,0.97589993,0.1791907548904419,0.30938124656677246,0.14202840626239777
YER169W,YLR383W,0,0.9755436,0.17908723652362823,0.30938124656677246,0.14212842285633087
YKL074C,YKL168C,0,0.97524226,0.17898383736610413,0.30938124656677246,0.14222843945026398
YLR077W,YHL018W,0,0.9746953,0.17888055741786957,0.30938124656677246,0.14232847094535828
YDR427W,YEL020C,0,0.97423553,0.17877739667892456,0.30938124656677246,0.14242848753929138
YDR260C,YHR209W,0,0.9742228,0.1786743551492691,0.30938124656677246,0.1425285041332245
YER004W,YGL256W,0,0.97391784,0.1785714328289032,0.30938124656677246,0.1426285207271576
YMR137C,YML008C,0,0.9736465,0.17846862971782684,0.30938124656677246,0.1427285522222519
YGR008C,YBR132C,1,0.97317374,0.17894130945205688,0.3103792369365692,0.1427285522222519
YHR114W,YOR313C,0,0.97299457,0.17883841693401337,0.3103792369365692,0.142828568816185
YOR028C,YPL180W,1,0.97235274,0.17931035161018372,0.31137725710868835,0.142828568816185
YNL138W,YLR043C,0,0.9719335,0.17920735478401184,0.31137725710868835,0.1429285854101181
YER144C,YGR065C,0,0.97150934,0.17910447716712952,0.31137725710868835,0.1430286020040512
YER143W,YKR067W,0,0.97048235,0.17900171875953674,0.31137725710868835,0.14312861859798431
YFL016C,YMR220W,0,0.9703617,0.17889907956123352,0.31137725710868835,0.1432286500930786
YHR154W,YIL033C,0,0.97027373,0.17879655957221985,0.31137725710868835,0.14332866668701172
YPR173C,YJL082W,0,0.9695678,0.17869415879249573,0.31137725710868835,0.14342868328094482
YDR040C,YOL116W,1,0.96933246,0.17916427552700043,0.3123752474784851,0.14342868328094482
YBR302C,YML036W,0,0.969136,0.17906178534030914,0.3123752474784851,0.14352869987487793
YPR199C,YAL048C,0,0.96841526,0.17895939946174622,0.3123752474784851,0.14362873136997223
YBR083W,YMR159C,0,0.9683149,0.17885714769363403,0.3123752474784851,0.14372874796390533
YLR113W,YOR008C,1,0.9678947,0.1793261021375656,0.31337326765060425,0.14372874796390533
YDR026C,YPL262W,0,0.9675474,0.17922374606132507,0.31337326765060425,0.14382876455783844
YJL192C,YML100W,0,0.96717143,0.17912150919437408,0.31337326765060425,0.14392878115177155
YPR120C,YCL008C,0,0.9668797,0.17901939153671265,0.31337326765060425,0.14402881264686584
YPL108W,YEL060C,0,0.96685517,0.17891737818717957,0.31337326765060425,0.14412882924079895
YLL023C,YDL245C,0,0.96658003,0.17881548404693604,0.31337326765060425,0.14422884583473206
YIR038C,YMR113W,0,0.9663595,0.17871370911598206,0.31337326765060425,0.14432886242866516
YOR317W,YOR001W,0,0.9663553,0.17861205339431763,0.31337326765060425,0.14442887902259827
YNR031C,YPR005C,1,0.96632147,0.17907902598381042,0.314371258020401,0.14442887902259827
YLR248W,YBR260C,1,0.96619487,0.17954544723033905,0.31536924839019775,0.14442887902259827
YPL237W,YNL093W,0,0.9660944,0.17944349348545074,0.31536924839019775,0.14452891051769257
YDL004W,YOR089C,0,0.9660752,0.179341658949852,0.31536924839019775,0.14462892711162567
YIL114C,YNR012W,0,0.96542275,0.1792399287223816,0.31536924839019775,0.14472894370555878
YGR260W,YNR055C,0,0.96535254,0.17913831770420074,0.31536924839019775,0.14482896029949188
YBL036C,YMR226C,0,0.96508324,0.17903682589530945,0.31536924839019775,0.14492899179458618
YPR068C,YGR055W,0,0.9650743,0.1789354532957077,0.31536924839019775,0.1450290083885193
YLR077W,YPL246C,0,0.964923,0.17883418500423431,0.31536924839019775,0.1451290249824524
YIR019C,YMR115W,0,0.9641063,0.17873303592205048,0.31536924839019775,0.1452290415763855
YLR406C,YIL120W,0,0.96381426,0.178631991147995,0.31536924839019775,0.1453290730714798
YOL111C,YBR203W,0,0.9635178,0.17853108048439026,0.31536924839019775,0.1454290896654129
YHL031C,YKL220C,0,0.9635047,0.17843025922775269,0.31536924839019775,0.145529106259346
YNR023W,YFR042W,0,0.9630203,0.17832957208156586,0.31536924839019775,0.1456291228532791
YKR102W,YNR038W,0,0.9629117,0.17822898924350739,0.31536924839019775,0.14572913944721222
YBR295W,YKR064W,0,0.9622241,0.17812852561473846,0.31536924839019775,0.14582917094230652
YNL263C,YBR067C,0,0.9621606,0.1780281662940979,0.31536924839019775,0.14592918753623962
YOL058W,YDL240W,0,0.96194196,0.1779279261827469,0.31536924839019775,0.14602920413017273
YPL223C,YER118C,1,0.9616542,0.17839054763317108,0.3163672685623169,0.14602920413017273
YPR106W,YPR120C,0,0.96136796,0.1782902181148529,0.3163672685623169,0.14612922072410583
YNL005C,YKL114C,0,0.96134067,0.17818999290466309,0.3163672685623169,0.14622925221920013
YAL059W,YKL168C,0,0.9609474,0.17808988690376282,0.3163672685623169,0.14632926881313324
YPL230W,YKL048C,1,0.96076596,0.17855137586593628,0.31736525893211365,0.14632926881313324
YKL120W,YLR249W,0,0.96069586,0.17845118045806885,0.31736525893211365,0.14642928540706635
YBR258C,YDR518W,0,0.9604516,0.17835108935832977,0.31736525893211365,0.14652930200099945
YOR316C,YLR394W,0,0.9603164,0.17825111746788025,0.31736525893211365,0.14662931859493256
YOL110W,YBR005W,0,0.96006334,0.17815126478672028,0.31736525893211365,0.14672935009002686
YJR159W,YNL309W,0,0.9599618,0.17805151641368866,0.31736525893211365,0.14682936668395996
YML014W,YOL126C,0,0.9597733,0.1779518723487854,0.31736525893211365,0.14692938327789307
YOR020C,YDR464W,0,0.95971286,0.1778523474931717,0.31736525893211365,0.14702939987182617
YNL264C,YNL142W,0,0.9596572,0.17775294184684753,0.31736525893211365,0.14712943136692047
YLR386W,YJL144W,0,0.95945907,0.17765362560749054,0.31736525893211365,0.14722944796085358
YMR048W,YPL176C,0,0.9593892,0.1775544434785843,0.31736525893211365,0.14732946455478668
YDR153C,YPR127W,0,0.9590688,0.1774553507566452,0.31736525893211365,0.1474294811487198
YKR034W,YLR092W,0,0.95887876,0.17735639214515686,0.31736525893211365,0.1475295126438141
YJR149W,YHR204W,0,0.9587195,0.17725752294063568,0.31736525893211365,0.1476295292377472
YLL042C,YFL053W,0,0.9580653,0.17715877294540405,0.31736525893211365,0.1477295458316803
YGR097W,YDR416W,0,0.9578674,0.17706012725830078,0.31736525893211365,0.1478295624256134
YIL053W,YOR008C,1,0.957324,0.1775180846452713,0.3183632791042328,0.1478295624256134
YMR092C,YHR114W,1,0.95689034,0.17797553539276123,0.31936126947402954,0.1478295624256134
YER119C,YLR337C,0,0.95602703,0.17787659168243408,0.31936126947402954,0.1479295790195465
YMR116C,YIL053W,0,0.95573294,0.17777778208255768,0.31936126947402954,0.1480296105146408
YNL287W,YKL155C,0,0.9551376,0.17767906188964844,0.31936126947402954,0.1481296271085739
YGL085W,YLR190W,0,0.9549115,0.17758046090602875,0.31936126947402954,0.14822964370250702
YMR118C,YEL060C,0,0.95419884,0.1774819791316986,0.31936126947402954,0.14832966029644012
YOR363C,YCL051W,0,0.953913,0.17738358676433563,0.31936126947402954,0.14842969179153442
YDR040C,YNR031C,1,0.95364726,0.17783933877944946,0.3203592896461487,0.14842969179153442
YCR009C,YPL180W,1,0.95327556,0.1782945692539215,0.32135728001594543,0.14842969179153442
YJL089W,YGR090W,0,0.95321715,0.17819590866565704,0.32135728001594543,0.14852970838546753
YCL034W,YEL037C,0,0.9531503,0.17809735238552094,0.32135728001594543,0.14862972497940063
YBR182C,YER062C,1,0.9529922,0.17855168879032135,0.3223553001880646,0.14862972497940063
YDL168W,YGR143W,0,0.9526614,0.17845304310321808,0.3223553001880646,0.14872974157333374
YBR008C,YMR083W,0,0.9523859,0.17835450172424316,0.3223553001880646,0.14882977306842804
YDR162C,YCL032W,1,0.95224667,0.17880794405937195,0.32335329055786133,0.14882977306842804
YGR178C,YGR224W,0,0.95143795,0.17870932817459106,0.32335329055786133,0.14892978966236115
YGL005C,YPR181C,0,0.95118606,0.17861080169677734,0.32335329055786133,0.14902980625629425
YOR110W,YNL133C,0,0.95084715,0.17851239442825317,0.32335329055786133,0.14912982285022736
YCR065W,YKL114C,0,0.95016634,0.17841409146785736,0.32335329055786133,0.14922983944416046
YLR027C,YCR008W,0,0.9498681,0.1783159077167511,0.32335329055786133,0.14932987093925476
YKL077W,YDL097C,0,0.9495878,0.1782178282737732,0.32335329055786133,0.14942988753318787
YOR156C,YPL063W,0,0.9493401,0.17811985313892365,0.32335329055786133,0.14952990412712097
YDR324C,YLR133W,0,0.94901943,0.17802198231220245,0.32335329055786133,0.14962992072105408
YGR005C,YIR034C,0,0.9488009,0.17792421579360962,0.32335329055786133,0.14972995221614838
YPL113C,YPL096W,0,0.9486587,0.17782656848430634,0.32335329055786133,0.14982996881008148
YOR259C,YJL099W,0,0.9485594,0.1777290254831314,0.32335329055786133,0.1499299854040146
YJR137C,YBR281C,0,0.94855905,0.17763157188892365,0.32335329055786133,0.1500300019979477
YER124C,YER039C,0,0.9485086,0.17753425240516663,0.32335329055786133,0.1501300185918808
YER019W,YNL091W,1,0.94838846,0.17798466980457306,0.32435131072998047,0.1501300185918808
YPL009C,YHR098C,0,0.9472872,0.17788724601268768,0.32435131072998047,0.1502300500869751
YMR172W,YPR075C,1,0.9469665,0.1783369779586792,0.3253493010997772,0.1502300500869751
YPR103W,YCL008C,0,0.946447,0.17823947966098785,0.3253493010997772,0.1503300666809082
YKL221W,YGL187C,0,0.94637656,0.17814207077026367,0.3253493010997772,0.1504300832748413
YOR353C,YEL027W,0,0.94633555,0.17804478108882904,0.3253493010997772,0.15053009986877441
YGL047W,YMR145C,0,0.94605863,0.17794759571552277,0.3253493010997772,0.1506301313638687
YOL089C,YMR267W,0,0.9455774,0.17785051465034485,0.3253493010997772,0.15073014795780182
YGL238W,YNL081C,0,0.94509673,0.1777535378932953,0.3253493010997772,0.15083016455173492
YOR303W,YML064C,0,0.9449439,0.17765668034553528,0.3253493010997772,0.15093018114566803
YOL145C,YLR350W,0,0.94476783,0.17755991220474243,0.3253493010997772,0.15103021264076233
YPL152W,YHL007C,1,0.9433043,0.17800761759281158,0.326347291469574,0.15103021264076233
YLR088W,YNR049C,0,0.9429771,0.17791077494621277,0.326347291469574,0.15113022923469543
YGL196W,YOL097C,0,0.9426445,0.1778140366077423,0.326347291469574,0.15123024582862854
YAL048C,YDR167W,0,0.9424889,0.177717387676239,0.326347291469574,0.15133026242256165
YDR388W,YNL091W,1,0.9423784,0.1781640350818634,0.3273453116416931,0.15133026242256165
YHR004C,YBR088C,0,0.9417337,0.17806731164455414,0.3273453116416931,0.15143027901649475
YHL031C,YLR174W,0,0.94151247,0.17797069251537323,0.3273453116416931,0.15153031051158905
YMR068W,YPL064C,0,0.9411247,0.17787419259548187,0.3273453116416931,0.15163032710552216
YLR248W,YLR113W,1,0.94013655,0.1783197820186615,0.32834330201148987,0.15163032710552216
YNL122C,YGL231C,0,0.93982124,0.17822319269180298,0.32834330201148987,0.15173034369945526
YHR216W,YEL005C,0,0.9397299,0.17812669277191162,0.32834330201148987,0.15183036029338837
YLR187W,YPL021W,0,0.93969333,0.17803029716014862,0.32834330201148987,0.15193039178848267
YIL053W,YOR043W,1,0.9389597,0.17847485840320587,0.329341322183609,0.15193039178848267
YBL092W,YGR255C,0,0.9385457,0.1783783733844757,0.329341322183609,0.15203040838241577
YKR064W,YFL061W,0,0.93817544,0.1782820075750351,0.329341322183609,0.15213042497634888
YOR180C,YJL057C,0,0.93764234,0.17818574607372284,0.329341322183609,0.15223044157028198
YNL190W,YOR028C,1,0.93753576,0.17862924933433533,0.33033931255340576,0.15223044157028198
YOR144C,YER179W,0,0.93739176,0.1785328984260559,0.33033931255340576,0.15233047306537628
YDR399W,YOL055C,0,0.9364915,0.17843665182590485,0.33033931255340576,0.1524304896593094
YOL082W,YOR383C,0,0.9362098,0.17834052443504333,0.33033931255340576,0.1525305062532425
YHR113W,YMR136W,0,0.9360864,0.178244486451149,0.33033931255340576,0.1526305228471756
YMR109W,YMR092C,1,0.9359908,0.17868675291538239,0.3313373327255249,0.1526305228471756
YPR181C,YOR273C,0,0.935601,0.17859064042568207,0.3313373327255249,0.1527305394411087
YMR205C,YDL142C,0,0.93552923,0.1784946173429489,0.3313373327255249,0.152830570936203
YOR181W,YBR014C,1,0.9352058,0.17893604934215546,0.33233532309532166,0.152830570936203
YOL116W,YPL242C,1,0.9349041,0.179377019405365,0.3333333432674408,0.152830570936203
YDL097C,YDR497C,0,0.93467915,0.17928072810173035,0.3333333432674408,0.1529305875301361
YMR243C,YCL033C,0,0.9344257,0.17918455600738525,0.3333333432674408,0.1530306041240692
YIR011C,YBR210W,0,0.9342481,0.17908847332000732,0.3333333432674408,0.15313062071800232
YPL248C,YLR376C,0,0.93382215,0.17899249494075775,0.3333333432674408,0.15323065221309662
YNL229C,YOR138C,0,0.9337404,0.17889662086963654,0.3333333432674408,0.15333066880702972
YCL044C,YBR281C,0,0.93361664,0.17880085110664368,0.3333333432674408,0.15343068540096283
YIR032C,YGR059W,0,0.9331777,0.17870518565177917,0.3333333432674408,0.15353070199489594
YGR217W,YEL012W,0,0.93301654,0.17860962450504303,0.3333333432674408,0.15363073348999023
YCR057C,YGR258C,0,0.93240595,0.17851416766643524,0.3333333432674408,0.15373075008392334
YNL084C,YFR051C,0,0.93073833,0.17841880023479462,0.3333333432674408,0.15383076667785645
YCR009C,YLR138W,1,0.9305043,0.1788574457168579,0.33433133363723755,0.15383076667785645
YMR161W,YDR159W,0,0.9302627,0.17876200377941132,0.33433133363723755,0.15393078327178955
YMR182C,YCL048W,0,0.930217,0.17866666615009308,0.33433133363723755,0.15403079986572266
YOR206W,YPL005W,0,0.93019986,0.1785714328289032,0.33433133363723755,0.15413083136081696
YJR040W,YGL002W,0,0.93019557,0.17847628891468048,0.33433133363723755,0.15423084795475006
YPR075C,YCR073C,1,0.92960536,0.17891374230384827,0.3353293538093567,0.15423084795475006
YCR073C,YPR075C,1,0.92960536,0.17935071885585785,0.33632734417915344,0.15423084795475006
YPR171W,YDL022W,1,0.9296031,0.17978723347187042,0.3373253345489502,0.15423084795475006
YIL036W,YDR485C,0,0.928756,0.17969165742397308,0.3373253345489502,0.15433086454868317
YIL067C,YIL119C,0,0.9284886,0.1795961707830429,0.3373253345489502,0.15443088114261627
YGL008C,YPL203W,0,0.92763054,0.17950080335140228,0.3373253345489502,0.15453091263771057
YPL230W,YBR086C,1,0.92752457,0.17993630468845367,0.33832335472106934,0.15453091263771057
YLR248W,YNL020C,1,0.92641234,0.18037135899066925,0.3393213450908661,0.15453091263771057
YDR216W,YHR197W,0,0.9262588,0.18027570843696594,0.3393213450908661,0.15463092923164368
YNR004W,YNL294C,0,0.92579055,0.18018017709255219,0.3393213450908661,0.15473094582557678
YBR248C,YDR180W,0,0.92567706,0.18008475005626678,0.3393213450908661,0.1548309624195099
YER022W,YNR039C,0,0.9255483,0.17998941242694855,0.3393213450908661,0.154930979013443
YNR026C,YPR001W,0,0.92537296,0.17989417910575867,0.3393213450908661,0.1550310105085373
YLR209C,YDL105W,0,0.9252132,0.17979905009269714,0.3393213450908661,0.1551310271024704
YKL005C,YDR403W,0,0.925172,0.17970401048660278,0.3393213450908661,0.1552310436964035
YIL036W,YER171W,0,0.9250653,0.17960909008979797,0.3393213450908661,0.1553310602903366
YLR066W,YBR016W,0,0.9245566,0.17951425909996033,0.3393213450908661,0.1554310917854309
YCR045C,YGR253C,0,0.92441154,0.17941953241825104,0.3393213450908661,0.155531108379364
YBR222C,YPR072W,0,0.9242768,0.1793248951435089,0.3393213450908661,0.15563112497329712
YPR003C,YBR089C-A,0,0.9235792,0.17923036217689514,0.3393213450908661,0.15573114156723022
YGL195W,YLR337C,0,0.9235773,0.17913593351840973,0.3393213450908661,0.15583117306232452
YLR413W,YKL051W,0,0.9234649,0.17904159426689148,0.3393213450908661,0.15593118965625763
YOR181W,YPL239W,1,0.92339754,0.17947368323802948,0.34031936526298523,0.15593118965625763
YKL065C,YJL194W,0,0.9232849,0.17937926948070526,0.34031936526298523,0.15603120625019073
YGR172C,YMR009W,0,0.923043,0.1792849600315094,0.34031936526298523,0.15613122284412384
YPR071W,YBR102C,0,0.92274356,0.1791907548904419,0.34031936526298523,0.15623123943805695
YGL026C,YPR097W,0,0.92272174,0.17909663915634155,0.34031936526298523,0.15633127093315125
YKL093W,YNL068C,0,0.92255807,0.17900262773036957,0.34031936526298523,0.15643128752708435
YMR232W,YBR010W,0,0.9225093,0.17890870571136475,0.34031936526298523,0.15653130412101746
YBR189W,YMR189W,0,0.92121744,0.17881488800048828,0.34031936526298523,0.15663132071495056
YHR190W,YPL244C,0,0.92060924,0.17872117459774017,0.34031936526298523,0.15673135221004486
YJR050W,YGR268C,0,0.9199586,0.17862755060195923,0.34031936526298523,0.15683136880397797
YDR090C,YJL116C,0,0.91990995,0.17853403091430664,0.34031936526298523,0.15693138539791107
YNL304W,YJL060W,0,0.91977084,0.17844060063362122,0.34031936526298523,0.15703140199184418
YGL053W,YMR179W,0,0.9194336,0.17834727466106415,0.34031936526298523,0.15713143348693848
YGR020C,YER162C,0,0.919044,0.17825405299663544,0.34031936526298523,0.15723145008087158
YGR008C,YIL153W,1,0.91897535,0.17868338525295258,0.341317355632782,0.15723145008087158
YGR161C,YLL034C,0,0.9187888,0.1785900741815567,0.341317355632782,0.1573314666748047
YLR425W,YLR431C,0,0.91874874,0.17849686741828918,0.341317355632782,0.1574314832687378
YPL006W,YPR113W,0,0.91864586,0.17840375006198883,0.341317355632782,0.1575314998626709
YHR108W,YPL138C,0,0.9183899,0.17831073701381683,0.341317355632782,0.1576315313577652
YJL042W,YMR293C,0,0.917788,0.1782178282737732,0.341317355632782,0.1577315479516983
YGL004C,YDL147W,0,0.91761935,0.17812499403953552,0.341317355632782,0.1578315645456314
YBR189W,YJL151C,0,0.9175253,0.1780322790145874,0.341317355632782,0.15793158113956451
YHL031C,YPR152C,0,0.9173212,0.17793965339660645,0.341317355632782,0.1580316126346588
YKL012W,YER003C,0,0.91708446,0.17784711718559265,0.341317355632782,0.15813162922859192
YAR027W,YBR107C,0,0.9165938,0.17775467038154602,0.341317355632782,0.15823164582252502
YOR208W,YJL124C,0,0.9156537,0.17766234278678894,0.341317355632782,0.15833166241645813
YDR386W,YOL116W,0,0.915331,0.17757008969783783,0.341317355632782,0.15843167901039124
YGL181W,YDL074C,0,0.91482604,0.17747794091701508,0.341317355632782,0.15853171050548553
YLR035C,YFL005W,0,0.9138638,0.17738589644432068,0.341317355632782,0.15863172709941864
YNL164C,YNR006W,0,0.91384864,0.17729394137859344,0.341317355632782,0.15873174369335175
YPR138C,YLR394W,0,0.9138193,0.17720207571983337,0.341317355632782,0.15883176028728485
YDR085C,YHL020C,0,0.91352403,0.17711029946804047,0.341317355632782,0.15893179178237915
YPR082C,YNL180C,0,0.9134886,0.17701862752437592,0.341317355632782,0.15903180837631226
YCR048W,YGR059W,0,0.9133699,0.17692705988883972,0.341317355632782,0.15913182497024536
YKL208W,YOL020W,0,0.91327393,0.1768355667591095,0.341317355632782,0.15923184156417847
YER054C,YDR201W,0,0.91323173,0.17674419283866882,0.341317355632782,0.15933187305927277
YGL116W,YHL022C,0,0.91279876,0.17665289342403412,0.341317355632782,0.15943188965320587
YNL106C,YGR225W,0,0.91269326,0.17656169831752777,0.341317355632782,0.15953190624713898
YOR147W,YIR039C,0,0.91133237,0.1764705926179886,0.341317355632782,0.15963192284107208
YHR001W,YMR197C,0,0.91127634,0.17637957632541656,0.341317355632782,0.1597319394350052
YDR072C,YNL127W,0,0.9109812,0.1762886643409729,0.341317355632782,0.1598319709300995
YOR008C,YML081W,0,0.91096294,0.1761978417634964,0.341317355632782,0.1599319875240326
YOR058C,YGL010W,0,0.9108856,0.17610710859298706,0.341317355632782,0.1600320041179657
YLR300W,YGL011C,0,0.91086674,0.17601646482944489,0.341317355632782,0.1601320207118988
YOR079C,YLR102C,0,0.9106182,0.17592592537403107,0.341317355632782,0.1602320522069931
YPR148C,YIL085C,0,0.9099865,0.1758354753255844,0.341317355632782,0.1603320688009262
YDR172W,YNR035C,0,0.9099487,0.17574511468410492,0.341317355632782,0.16043208539485931
YDL025C,YMR113W,0,0.90975213,0.17565485835075378,0.341317355632782,0.16053210198879242
YBR173C,YDL217C,0,0.908849,0.17556467652320862,0.341317355632782,0.16063213348388672
YMR242C,YGL196W,0,0.9082066,0.1754745990037918,0.341317355632782,0.16073215007781982
YGR044C,YPR001W,0,0.9078865,0.17538461089134216,0.341317355632782,0.16083216667175293
YOR028C,YBR260C,1,0.90773404,0.17580728232860565,0.3423153758049011,0.16083216667175293
YOL064C,YER118C,1,0.9076183,0.17622950673103333,0.3433133661746979,0.16083216667175293
YDR541C,YOR307C,0,0.9074414,0.17613928020000458,0.3433133661746979,0.16093218326568604
YPL225W,YIL042C,0,0.907068,0.1760491281747818,0.3433133661746979,0.16103219985961914
YNL020C,YDR162C,1,0.90649426,0.1764705926179886,0.344311386346817,0.16103219985961914
YHR084W,YNL117W,0,0.9055791,0.17638036608695984,0.344311386346817,0.16113223135471344
YMR227C,YJR091C,0,0.90474176,0.17629024386405945,0.344311386346817,0.16123224794864655
YJL174W,YHR178W,0,0.9045012,0.17620021104812622,0.344311386346817,0.16133226454257965
YPR138C,YPL088W,0,0.9039352,0.17611026763916016,0.344311386346817,0.16143228113651276
YPR138C,YMR260C,0,0.9032986,0.17602041363716125,0.344311386346817,0.16153231263160706
YGR216C,YMR160W,0,0.90281093,0.17593064904212952,0.344311386346817,0.16163232922554016
YJR137C,YGL240W,0,0.90245056,0.17584097385406494,0.344311386346817,0.16173234581947327
YHR115C,YDL181W,0,0.9024308,0.17575140297412872,0.344311386346817,0.16183236241340637
YLR141W,YDL171C,0,0.9021368,0.17566192150115967,0.344311386346817,0.16193239390850067
YDL226C,YPL240C,0,0.901737,0.17557251453399658,0.344311386346817,0.16203241050243378
YKL082C,YOR054C,0,0.90116215,0.17548321187496185,0.344311386346817,0.16213242709636688
YDR409W,YPR148C,0,0.9001788,0.1753939986228943,0.344311386346817,0.1622324436903
YNR004W,YOR336W,0,0.89932096,0.17530487477779388,0.344311386346817,0.1623324602842331
YPL171C,YAR008W,0,0.89925003,0.17521584033966064,0.344311386346817,0.1624324917793274
YNR044W,YDL206W,0,0.89896655,0.17512691020965576,0.344311386346817,0.1625325083732605
YOL091W,YDR218C,0,0.8986522,0.17503805458545685,0.344311386346817,0.1626325249671936
YJL191W,YGL250W,0,0.89854467,0.1749492883682251,0.344311386346817,0.1627325415611267
YPL262W,YER155C,0,0.8979652,0.1748606115579605,0.344311386346817,0.162832573056221
YIL022W,YJR109C,0,0.89791274,0.17477203905582428,0.344311386346817,0.1629325896501541
YNL232W,YPL156C,0,0.8977835,0.17468354105949402,0.344311386346817,0.16303260624408722
YER018C,YDR314C,0,0.89734244,0.17459514737129211,0.344311386346817,0.16313262283802032
YKR034W,YGL079W,0,0.8973292,0.17450682818889618,0.344311386346817,0.16323263943195343
YER054C,YGR289C,0,0.8968649,0.1744185984134674,0.344311386346817,0.16333267092704773
YER089C,YBR132C,1,0.89615846,0.17483577132225037,0.34530937671661377,0.16333267092704773
YKL035W,YCR068W,0,0.8958616,0.17474748194217682,0.34530937671661377,0.16343268752098083
YLR058C,YOR141C,0,0.89580095,0.17465926706790924,0.34530937671661377,0.16353270411491394
YGR175C,YPR094W,0,0.89461553,0.17457114160060883,0.34530937671661377,0.16363272070884705
YDL247W,YNL092W,0,0.8935913,0.17448310554027557,0.34530937671661377,0.16373275220394135
YER162C,YNL236W,0,0.89280367,0.17439515888690948,0.34530937671661377,0.16383276879787445
YOL095C,YPR149W,0,0.8923534,0.17430730164051056,0.34530937671661377,0.16393278539180756
YFL062W,YDR506C,0,0.89170766,0.1742195338010788,0.34530937671661377,0.16403280198574066
YDL022W,YJL144W,1,0.89159405,0.1746351271867752,0.3463073968887329,0.16403280198574066
YNL264C,YNL177C,0,0.89138913,0.17454728484153748,0.3463073968887329,0.16413283348083496
YOR003W,YPL192C,0,0.8913201,0.1744595319032669,0.3463073968887329,0.16423285007476807
YIL046W,YJR125C,0,0.89093006,0.1743718534708023,0.3463073968887329,0.16433286666870117
YGL166W,YPL256C,0,0.8907281,0.17428427934646606,0.3463073968887329,0.16443288326263428
YIL121W,YKL217W,0,0.8907144,0.1741967797279358,0.3463073968887329,0.16453289985656738
YNL008C,YNL037C,0,0.8902042,0.17410938441753387,0.3463073968887329,0.16463293135166168
YKL022C,YLR324W,0,0.88889015,0.17402206361293793,0.3463073968887329,0.1647329479455948
YBL061C,YDL010W,1,0.8888216,0.17443609237670898,0.34730538725852966,0.1647329479455948
YJL011C,YMR029C,0,0.8882477,0.17434869706630707,0.34730538725852966,0.1648329645395279
YDR294C,YDR309C,0,0.8881378,0.17426139116287231,0.34730538725852966,0.164932981133461
YDR081C,YPL203W,0,0.88804305,0.17417417466640472,0.34730538725852966,0.1650330126285553
YDL022W,YGR014W,1,0.88792527,0.17458729445934296,0.3483034074306488,0.1650330126285553
YGL060W,YKR002W,0,0.8877952,0.1745000034570694,0.3483034074306488,0.1651330292224884
YLR259C,YKR066C,0,0.8877889,0.1744127869606018,0.3483034074306488,0.1652330458164215
YAL015C,YIL177C,0,0.88749135,0.17432567477226257,0.3483034074306488,0.16533306241035461
YEL070W,YDR261C,0,0.8870841,0.1742386370897293,0.3483034074306488,0.1654330939054489
YGR207C,YNL088W,0,0.8867396,0.1741517037153244,0.3483034074306488,0.16553311049938202
YGL038C,YLR043C,0,0.8865639,0.17406484484672546,0.3483034074306488,0.16563312709331512
YFL021W,YDR159W,0,0.8864465,0.1739780604839325,0.3483034074306488,0.16573314368724823
YMR001C,YDR276C,0,0.8864175,0.17389138042926788,0.3483034074306488,0.16583316028118134
YOL116W,YBR086C,1,0.88600075,0.17430278658866882,0.34930139780044556,0.16583316028118134
YMR101C,YIL053W,0,0.88560605,0.17421603202819824,0.34930139780044556,0.16593319177627563
YJR149W,YPL145C,0,0.8854457,0.17412935197353363,0.34930139780044556,0.16603320837020874
YNL080C,YNL328C,0,0.8853276,0.17404276132583618,0.34930139780044556,0.16613322496414185
YOL111C,YBR188C,0,0.8851812,0.1739562600851059,0.34930139780044556,0.16623324155807495
YGR144W,YPL161C,0,0.88472223,0.17386984825134277,0.34930139780044556,0.16633327305316925
YGL255W,YEL060C,0,0.88472056,0.17378351092338562,0.34930139780044556,0.16643328964710236
YLR248W,YDR168W,1,0.88456035,0.17419354617595673,0.3502993881702423,0.16643328964710236
YMR146C,YLR185W,0,0.884372,0.1741071492433548,0.3502993881702423,0.16653330624103546
YHR014W,YER154W,0,0.8841704,0.17402082681655884,0.3502993881702423,0.16663332283496857
YHR033W,YPL135W,0,0.88378024,0.17393459379673004,0.3502993881702423,0.16673333942890167
YMR060C,YLL033W,0,0.88364947,0.17384843528270721,0.3502993881702423,0.16683337092399597
YOR128C,YNL031C,0,0.8835622,0.17376238107681274,0.3502993881702423,0.16693338751792908
YOL096C,YML128C,0,0.8835368,0.17367640137672424,0.3502993881702423,0.16703340411186218
YPL099C,YLR442C,0,0.8833755,0.1735905110836029,0.3502993881702423,0.1671334207057953
YDR410C,YPR020W,0,0.8831551,0.17350469529628754,0.3502993881702423,0.1672334522008896
YCR009C,YMR172W,1,0.88288915,0.17391304671764374,0.35129740834236145,0.1672334522008896
YKL191W,YPL280W,0,0.8823917,0.1738271564245224,0.35129740834236145,0.1673334687948227
YMR105C,YBR188C,0,0.8813571,0.17374135553836823,0.35129740834236145,0.1674334853887558
YBR182C,YDR162C,1,0.88104856,0.17414899170398712,0.3522953987121582,0.1674334853887558
YEL004W,YIL088C,0,0.8808776,0.17406311631202698,0.3522953987121582,0.1675335019826889
YOR081C,YJL060W,0,0.8806311,0.173977330327034,0.3522953987121582,0.1676335334777832
YLL032C,YOR027W,0,0.8799242,0.17389161884784698,0.3522953987121582,0.1677335500717163
YKR055W,YFL010W-A,0,0.8797953,0.17380601167678833,0.3522953987121582,0.16783356666564941
YEL009C,YOR367W,0,0.8796989,0.17372047901153564,0.3522953987121582,0.16793358325958252
YAR033W,YGL171W,0,0.87949085,0.17363502085208893,0.3522953987121582,0.16803359985351562
YNL208W,YHR201C,0,0.8794732,0.17354965209960938,0.3522953987121582,0.16813363134860992
YER087W,YPL027W,0,0.8794662,0.17346437275409698,0.3522953987121582,0.16823364794254303
YNR010W,YBR131W,0,0.87868166,0.17337916791439056,0.3522953987121582,0.16833366453647614
YNL258C,YAL054C,0,0.8786671,0.1732940524816513,0.3522953987121582,0.16843368113040924
YMR090W,YJR077C,0,0.8781928,0.1732090264558792,0.3522953987121582,0.16853371262550354
YDR200C,YML109W,0,0.8776214,0.17312407493591309,0.3522953987121582,0.16863372921943665
YJL118W,YAL040C,0,0.87762105,0.17303921282291412,0.3522953987121582,0.16873374581336975
YOL086C,YDR108W,0,0.8775711,0.17295444011688232,0.3522953987121582,0.16883376240730286
YPL156C,YKL020C,0,0.87751365,0.1728697419166565,0.3522953987121582,0.16893379390239716
YFL014W,YIL153W,1,0.87743235,0.17327459156513214,0.35329341888427734,0.16893379390239716
YDL246C,YBR016W,0,0.87708724,0.17318981885910034,0.35329341888427734,0.16903381049633026
YNL091W,YKL088W,1,0.87670326,0.173594132065773,0.3542914092540741,0.16903381049633026
YLR035C,YEL020C,0,0.876564,0.17350928485393524,0.3542914092540741,0.16913382709026337
YCL054W,YJR019C,0,0.87566316,0.17342452704906464,0.3542914092540741,0.16923384368419647
YDL010W,YPL242C,1,0.87564135,0.173828125,0.35528942942619324,0.16923384368419647
YOL009C,YJL100W,0,0.8742938,0.17374329268932343,0.35528942942619324,0.16933386027812958
YDR499W,YNL025C,0,0.8742552,0.17365853488445282,0.35528942942619324,0.16943389177322388
YBR056W,YGR205W,0,0.8740977,0.17357386648654938,0.35528942942619324,0.16953390836715698
YHR111W,YHR139C,0,0.8737353,0.1734892725944519,0.35528942942619324,0.1696339249610901
YDR146C,YMR040W,0,0.8731773,0.1734047681093216,0.35528942942619324,0.1697339415550232
YBR260C,YLR362W,1,0.8728862,0.17380720376968384,0.35628741979599,0.1697339415550232
YML001W,YGR240C,0,0.87285614,0.17372262477874756,0.35628741979599,0.1698339730501175
YPL084W,YDR480W,0,0.87281275,0.17363813519477844,0.35628741979599,0.1699339896440506
YMR280C,YPL027W,0,0.8724936,0.1735537201166153,0.35628741979599,0.1700340062379837
YKR098C,YHR103W,0,0.8724842,0.1734693944454193,0.35628741979599,0.1701340228319168
YJL001W,YKL103C,0,0.87207973,0.1733851432800293,0.35628741979599,0.17023403942584991
YKL129C,YPL059W,1,0.8719542,0.17378640174865723,0.35728543996810913,0.17023403942584991
YPR095C,YOR264W,0,0.8718815,0.17370209097862244,0.35728543996810913,0.1703340709209442
YDL049C,YAR066W,0,0.8715937,0.17361783981323242,0.35728543996810913,0.17043408751487732
YBL007C,YHR113W,0,0.8714303,0.17353369295597076,0.35728543996810913,0.17053410410881042
YGL180W,YOR222W,0,0.8713281,0.17344960570335388,0.35728543996810913,0.17063412070274353
YBL019W,YER123W,0,0.8712294,0.17336562275886536,0.35728543996810913,0.17073415219783783
YJL159W,YNL088W,0,0.8703805,0.1732816994190216,0.35728543996810913,0.17083416879177094
YKL007W,YGL020C,0,0.87029314,0.17319786548614502,0.35728543996810913,0.17093418538570404
YOR077W,YLR324W,0,0.8699349,0.1731141209602356,0.35728543996810913,0.17103420197963715
YOR367W,YLR362W,1,0.86989784,0.1735137701034546,0.3582834303379059,0.17103420197963715
YBL047C,YLR313C,0,0.8698752,0.1734299510717392,0.3582834303379059,0.17113423347473145
YDR062W,YIL065C,0,0.8698604,0.17334620654582977,0.3582834303379059,0.17123425006866455
YBL038W,YNL190W,0,0.8696772,0.1732625514268875,0.3582834303379059,0.17133426666259766
YNL223W,YNL298W,0,0.8695781,0.17317897081375122,0.3582834303379059,0.17143428325653076
YGL063W,YAL061W,0,0.8694836,0.1730954647064209,0.3582834303379059,0.17153429985046387
YER094C,YDR104C,0,0.8694593,0.17301204800605774,0.3582834303379059,0.17163433134555817
YDR453C,YGL077C,0,0.86885476,0.17292870581150055,0.3582834303379059,0.17173434793949127
YHR029C,YBL008W,0,0.8685169,0.17284545302391052,0.3582834303379059,0.17183436453342438
YER175C,YPL030W,0,0.8684311,0.17276227474212646,0.3582834303379059,0.17193438112735748
YBR114W,YML133C,0,0.8674834,0.17267917096614838,0.3582834303379059,0.17203441262245178
YPL164C,YOR229W,0,0.8669573,0.17259615659713745,0.3582834303379059,0.1721344292163849
YGR097W,YNL154C,0,0.8667761,0.1725132167339325,0.3582834303379059,0.172234445810318
YLR194C,YJL113W,0,0.8664503,0.1724303513765335,0.3582834303379059,0.1723344624042511
YOR172W,YGL115W,0,0.8663435,0.17234757542610168,0.3582834303379059,0.1724344938993454
YNL214W,YJL122W,0,0.86603284,0.17226487398147583,0.3582834303379059,0.1725345104932785
YFL014W,YLR006C,1,0.8652824,0.17266187071800232,0.359281450510025,0.1725345104932785
YDR476C,YFL002C,0,0.8652009,0.1725790947675705,0.359281450510025,0.1726345270872116
YNL220W,YIL031W,0,0.86427,0.17249640822410583,0.359281450510025,0.17273454368114471
YHR012W,YLL061W,0,0.86384284,0.17241379618644714,0.359281450510025,0.17283456027507782
YGR014W,YLR336C,1,0.86365795,0.17280995845794678,0.3602794408798218,0.17283456027507782
YHR194W,YPL151C,0,0.86355555,0.17272727191448212,0.3602794408798218,0.17293459177017212
YGR155W,YDR028C,0,0.8635392,0.17264467477798462,0.3602794408798218,0.17303460836410522
YGR163W,YMR029C,0,0.8630897,0.1725621372461319,0.3602794408798218,0.17313462495803833
YDL020C,YKL211C,0,0.8630345,0.17247968912124634,0.3602794408798218,0.17323464155197144
YNL190W,YOL055C,0,0.86275125,0.17239733040332794,0.3602794408798218,0.17333467304706573
YPR104C,YJL094C,0,0.86214983,0.17231503129005432,0.3602794408798218,0.17343468964099884
YDR541C,YDR261C,0,0.8621156,0.17223282158374786,0.3602794408798218,0.17353470623493195
YMR037C,YKR072C,1,0.8614049,0.17262756824493408,0.36127743124961853,0.17353470623493195
YOR312C,YOR035C,0,0.86131597,0.17254528403282166,0.36127743124961853,0.17363472282886505
YIL053W,YML131W,1,0.8609817,0.1729394942522049,0.36227545142173767,0.17363472282886505
YMR238W,YKL146W,0,0.8608637,0.1728571355342865,0.36227545142173767,0.17373475432395935
YDR092W,YER103W,0,0.86021173,0.17277486622333527,0.36227545142173767,0.17383477091789246
YDR353W,YPR006C,0,0.8599055,0.17269267141819,0.36227545142173767,0.17393478751182556
YPL218W,YKL095W,0,0.8597243,0.1726105511188507,0.36227545142173767,0.17403480410575867
YKL094W,YDR367W,0,0.85938656,0.17252852022647858,0.36227545142173767,0.17413482069969177
YDR211W,YKR013W,0,0.8592706,0.17244654893875122,0.36227545142173767,0.17423485219478607
YNL220W,YNL103W,0,0.8592348,0.17236466705799103,0.36227545142173767,0.17433486878871918
YLR197W,YBL045C,0,0.85878015,0.1722828596830368,0.36227545142173767,0.17443488538265228
YNR032W,YOR237W,0,0.85829425,0.17220114171504974,0.36227545142173767,0.1745349019765854
YBR102C,YMR030W,0,0.8582535,0.17211948335170746,0.36227545142173767,0.1746349334716797
YNL051W,YGR238C,0,0.8581183,0.17203791439533234,0.36227545142173767,0.1747349500656128
YJR093C,YIL062C,0,0.8579974,0.17195641994476318,0.36227545142173767,0.1748349666595459
YKR098C,YIL047C,0,0.857769,0.171875,0.36227545142173767,0.174934983253479
YBR132C,YNL058C,0,0.85744405,0.17179365456104279,0.36227545142173767,0.1750349998474121
YKL110C,YPR151C,0,0.85696083,0.17171239852905273,0.36227545142173767,0.1751350313425064
YJL184W,YBR086C,1,0.85695004,0.17210401594638824,0.3632734417915344,0.1751350313425064
YGR257C,YFL031W,0,0.8567594,0.17202268540859222,0.3632734417915344,0.17523504793643951
YNL190W,YOR132W,0,0.8562542,0.17194142937660217,0.3632734417915344,0.17533506453037262
YKL129C,YDL206W,0,0.8559752,0.1718602478504181,0.3632734417915344,0.17543508112430573
YJR088C,YGL017W,0,0.8558253,0.17177914083003998,0.3632734417915344,0.17553511261940002
YBR295W,YPL056C,0,0.85576004,0.17169810831546783,0.3632734417915344,0.17563512921333313
YDR040C,YBR086C,1,0.85568976,0.1720886379480362,0.36427146196365356,0.17563512921333313
YNL267W,YBR203W,0,0.8554992,0.17200754582881927,0.36427146196365356,0.17573514580726624
YBR169C,YOL128C,0,0.85510355,0.17192651331424713,0.36427146196365356,0.17583516240119934
YMR172W,YPL152W,1,0.8546395,0.17231638729572296,0.3652694523334503,0.17583516240119934
YJL042W,YDL206W,0,0.854274,0.17223529517650604,0.3652694523334503,0.17593519389629364
YAL056W,YKL138C,0,0.85393965,0.1721542775630951,0.3652694523334503,0.17603521049022675
YDR006C,YMR011W,0,0.8533595,0.1720733493566513,0.3652694523334503,0.17613522708415985
YIL050W,YLR401C,0,0.8529074,0.1719924807548523,0.3652694523334503,0.17623524367809296
YLR119W,YDR477W,0,0.85231876,0.17191170156002045,0.3652694523334503,0.17633526027202606
YPL179W,YPL078C,0,0.8516704,0.17183098196983337,0.3652694523334503,0.17643529176712036
YFL025C,YNL223W,0,0.85145426,0.17175035178661346,0.3652694523334503,0.17653530836105347
YGR224W,YLR452C,0,0.85017914,0.17166979610919952,0.3652694523334503,0.17663532495498657
YOR016C,YPR152C,0,0.84970725,0.17158931493759155,0.3652694523334503,0.17673534154891968
YOL111C,YIL139C,0,0.84903437,0.17150890827178955,0.3652694523334503,0.17683537304401398
YMR068W,YPL079W,0,0.8484776,0.17142857611179352,0.3652694523334503,0.17693538963794708
YGL018C,YOR140W,0,0.8484689,0.17134831845760345,0.3652694523334503,0.1770354062318802
YIR003W,YKL193C,0,0.8481986,0.17126813530921936,0.3652694523334503,0.1771354228258133
YML120C,YBR274W,0,0.84733224,0.17118802666664124,0.3652694523334503,0.1772354543209076
YPR171W,YGL124C,0,0.846975,0.17110799252986908,0.3652694523334503,0.1773354709148407
YKL092C,YDR080W,0,0.84656924,0.1710280328989029,0.3652694523334503,0.1774354875087738
YBR102C,YDR058C,0,0.8454388,0.17094814777374268,0.3652694523334503,0.1775355041027069
YFR051C,YCR021C,0,0.84542596,0.17086835205554962,0.3652694523334503,0.17763552069664001
YHR134W,YLL039C,0,0.84499156,0.17078861594200134,0.3652694523334503,0.17773555219173431
YFR052W,YPL076W,0,0.84415054,0.17070895433425903,0.3652694523334503,0.17783556878566742
YCR065W,YKR031C,0,0.842973,0.1706293672323227,0.3652694523334503,0.17793558537960052
YOR285W,YGR067C,0,0.8429338,0.17054985463619232,0.3652694523334503,0.17803560197353363
YOL044W,YDR109C,0,0.8419907,0.17047041654586792,0.3652694523334503,0.17813563346862793
YDR513W,YLR299W,0,0.8418797,0.17039106786251068,0.3652694523334503,0.17823565006256104
YIR003W,YLR347C,0,0.84172165,0.17031177878379822,0.3652694523334503,0.17833566665649414
YGR180C,YCR008W,0,0.84149355,0.17023256421089172,0.3652694523334503,0.17843568325042725
YLL021W,YGL180W,0,0.84131676,0.1701534241437912,0.3652694523334503,0.17853569984436035
YML010W,YDR530C,0,0.84120977,0.17007434368133545,0.3652694523334503,0.17863573133945465
YMR090W,YDR111C,0,0.84111446,0.16999535262584686,0.3652694523334503,0.17873574793338776
YLR295C,YCR060W,0,0.84097975,0.16991643607616425,0.3652694523334503,0.17883576452732086
YHL031C,YJL141C,0,0.84087586,0.1698375940322876,0.3652694523334503,0.17893578112125397
YLR208W,YDL240W,0,0.840208,0.16975881159305573,0.3652694523334503,0.17903581261634827
YDR104C,YLR190W,0,0.83995104,0.16968011856079102,0.3652694523334503,0.17913582921028137
YCL017C,YPL262W,0,0.8396225,0.16960148513317108,0.3652694523334503,0.17923584580421448
YOR060C,YDR122W,0,0.83939993,0.16952292621135712,0.3652694523334503,0.17933586239814758
YOR321W,YHL027W,0,0.8387358,0.16944444179534912,0.3652694523334503,0.17943589389324188
YOR180C,YOR113W,0,0.8386831,0.1693660318851471,0.3652694523334503,0.179535910487175
YIL040W,YJL083W,0,0.8382155,0.16928769648075104,0.3652694523334503,0.1796359270811081
YGL167C,YAL051W,0,0.83801186,0.16920943558216095,0.3652694523334503,0.1797359436750412
YOL113W,YMR067C,0,0.837915,0.16913123428821564,0.3652694523334503,0.1798359602689743
YDR332W,YFL013C,0,0.8371267,0.1690531224012375,0.3652694523334503,0.1799359917640686
YPL225W,YNL288W,0,0.8369647,0.1689750701189041,0.3652694523334503,0.1800360083580017
YPR083W,YBR154C,0,0.83690476,0.1688970923423767,0.3652694523334503,0.18013602495193481
YLR248W,YNR031C,1,0.8366835,0.16928043961524963,0.36626747250556946,0.18013602495193481
YHR098C,YKR089C,0,0.8364035,0.16920240223407745,0.36626747250556946,0.18023604154586792
YPL230W,YIL153W,1,0.8361463,0.16958525776863098,0.3672654628753662,0.18023604154586792
YGR183C,YGL092W,0,0.836135,0.16950714588165283,0.3672654628753662,0.18033607304096222
YDL132W,YDR135C,0,0.8359873,0.16942909359931946,0.3672654628753662,0.18043608963489532
YGR109C,YDR314C,0,0.8357307,0.16935113072395325,0.3672654628753662,0.18053610622882843
YMR037C,YBR260C,1,0.8355763,0.1697332113981247,0.36826348304748535,0.18053610622882843
YLR425W,YJL166W,0,0.8355167,0.16965517401695251,0.36826348304748535,0.18063612282276154
YGL240W,YLR239C,0,0.8352846,0.1695772111415863,0.36826348304748535,0.18073615431785583
YBR211C,YNL186W,0,0.83514595,0.16949930787086487,0.36826348304748535,0.18083617091178894
YIR039C,YJL113W,0,0.8349585,0.1694214940071106,0.36826348304748535,0.18093618750572205
YDR040C,YMR172W,1,0.83482695,0.16980266571044922,0.3692614734172821,0.18093618750572205
YBR039W,YNR032C-A,0,0.8346299,0.16972477734088898,0.3692614734172821,0.18103620409965515
YAL042W,YNL328C,0,0.83396167,0.1696469485759735,0.3692614734172821,0.18113622069358826
YOR071C,YBL098W,0,0.8336557,0.1695692092180252,0.3692614734172821,0.18123625218868256
YPR005C,YDR162C,1,0.8334578,0.16994960606098175,0.37025949358940125,0.18123625218868256
YOR367W,YEL018W,0,0.83339876,0.16987179219722748,0.37025949358940125,0.18133626878261566
YFR033C,YGR253C,0,0.83325636,0.16979405283927917,0.37025949358940125,0.18143628537654877
YIR039C,YKL041W,0,0.8330508,0.16971637308597565,0.37025949358940125,0.18153630197048187
YCR009C,YIL053W,1,0.8324263,0.1700960248708725,0.371257483959198,0.18153630197048187
YKR019C,YCR011C,0,0.83239996,0.1700182855129242,0.371257483959198,0.18163633346557617
YLR240W,YGL115W,0,0.8322967,0.16994060575962067,0.371257483959198,0.18173635005950928
YPR083W,YNL081C,0,0.83158463,0.1698630154132843,0.371257483959198,0.18183636665344238
YPL009C,YGR023W,0,0.83128136,0.1697854846715927,0.371257483959198,0.1819363832473755
YOR147W,YPL246C,0,0.83106786,0.1697080284357071,0.371257483959198,0.1820363998413086
YNR032W,YIR018W,0,0.8302672,0.16963064670562744,0.371257483959198,0.1821364313364029
YBR182C,YNL091W,1,0.8294996,0.17000912129878998,0.37225547432899475,0.1821364313364029
YKL062W,YGL085W,0,0.8294641,0.16993166506290436,0.37225547432899475,0.182236447930336
YJR035W,YOL129W,0,0.8293017,0.1698542833328247,0.37225547432899475,0.1823364645242691
YJL213W,YHR012W,0,0.82886124,0.16977696120738983,0.37225547432899475,0.1824364811182022
YKL062W,YLR259C,0,0.8285185,0.16969972848892212,0.37225547432899475,0.1825365126132965
YNL264C,YNR013C,0,0.82836455,0.16962255537509918,0.37225547432899475,0.18263652920722961
YOR074C,YJL100W,0,0.8271979,0.16954545676708221,0.37225547432899475,0.18273654580116272
YOR292C,YKL073W,0,0.82674265,0.16946841776371002,0.37225547432899475,0.18283656239509583
YFL039C,YMR037C,1,0.8265801,0.1698455959558487,0.3732534945011139,0.18283656239509583
YPL244C,YDL106C,0,0.8260359,0.16976849734783173,0.3732534945011139,0.18293659389019012
YDL022W,YDR162C,1,0.8256922,0.170145183801651,0.37425148487091064,0.18293659389019012
YDR516C,YPR097W,0,0.8246487,0.17006802558898926,0.37425148487091064,0.18303661048412323
YPL138C,YCR083W,0,0.8245357,0.1699909269809723,0.37425148487091064,0.18313662707805634
YHR154W,YPL076W,0,0.82447785,0.1699139028787613,0.37425148487091064,0.18323664367198944
YBR016W,YPL180W,1,0.82423127,0.17028985917568207,0.3752495050430298,0.18323664367198944
YKR102W,YGR038W,0,0.8242191,0.1702127605676651,0.3752495050430298,0.18333666026592255
YEL055C,YKR075C,0,0.82397354,0.1701357513666153,0.3752495050430298,0.18343669176101685
YML041C,YLR057W,0,0.82373124,0.17005880177021027,0.3752495050430298,0.18353670835494995
YLR006C,YJL128C,1,0.82349795,0.17043399810791016,0.37624749541282654,0.18353670835494995
YLR329W,YNL278W,0,0.82285607,0.17035698890686035,0.37624749541282654,0.18363672494888306
YDR009W,YPL065W,0,0.8226713,0.17028003931045532,0.37624749541282654,0.18373674154281616
YDR019C,YNL131W,0,0.8224665,0.17020316421985626,0.37624749541282654,0.18383677303791046
YER019W,YOR028C,1,0.8217971,0.17057761549949646,0.3772455155849457,0.18383677303791046
YDL225W,YEL047C,0,0.8215719,0.17050068080425262,0.3772455155849457,0.18393678963184357
YKL067W,YOR078W,0,0.82143575,0.17042380571365356,0.3772455155849457,0.18403680622577667
YER100W,YBL006C,0,0.82078505,0.17034700512886047,0.3772455155849457,0.18413682281970978
YER101C,YGR179C,0,0.8200467,0.17027026414871216,0.3772455155849457,0.18423685431480408
YJR034W,YER052C,0,0.8199854,0.170193612575531,0.3772455155849457,0.18433687090873718
YPR005C,YBR014C,1,0.81948006,0.17056705057621002,0.37824350595474243,0.18433687090873718
YJR161C,YOL158C,0,0.8192695,0.1704903244972229,0.37824350595474243,0.1844368875026703
YNL178W,YER035W,0,0.8190482,0.17041367292404175,0.37824350595474243,0.1845369040966034
YCR073C,YDL010W,1,0.8189625,0.170786514878273,0.3792415261268616,0.1845369040966034
YDL054C,YHR094C,0,0.81884646,0.1707097887992859,0.3792415261268616,0.1846369206905365
YIL005W,YER019W,0,0.8185052,0.17063313722610474,0.3792415261268616,0.1847369521856308
YGR260W,YGR202C,0,0.81722957,0.17055656015872955,0.3792415261268616,0.1848369687795639
YNL230C,YMR020W,0,0.8159061,0.17048004269599915,0.3792415261268616,0.184936985373497
YGR060W,YMR137C,0,0.81572974,0.1704035848379135,0.3792415261268616,0.18503700196743011
YPL227C,YLL015W,0,0.8154063,0.17032720148563385,0.3792415261268616,0.18513703346252441
YMR197C,YPL255W,0,0.8154032,0.17025089263916016,0.3792415261268616,0.18523705005645752
YLL041C,YPL105C,0,0.81463677,0.17017465829849243,0.3792415261268616,0.18533706665039062
YPR005C,YBR086C,1,0.8145423,0.17054609954357147,0.3802395164966583,0.18533706665039062
YNL080C,YIL065C,0,0.8139292,0.17046980559825897,0.3802395164966583,0.18543708324432373
YGR121C,YKL209C,0,0.813568,0.17039355635643005,0.3802395164966583,0.18553711473941803
YER019W,YJL144W,1,0.81353426,0.17076441645622253,0.38123753666877747,0.18553711473941803
YIL007C,YKL078W,0,0.8133941,0.17068810760974884,0.38123753666877747,0.18563713133335114
YPL239W,YOR297C,1,0.81322885,0.1710585057735443,0.3822355270385742,0.18563713133335114
YLR056W,YDR206W,0,0.81313396,0.17098213732242584,0.3822355270385742,0.18573714792728424
YEL069C,YGL174W,0,0.81223077,0.17090584337711334,0.3822355270385742,0.18583716452121735
YBR260C,YOR008C,1,0.81182516,0.17127564549446106,0.38323354721069336,0.18583716452121735
YDR019C,YDR119W,0,0.8111155,0.17119929194450378,0.38323354721069336,0.18593718111515045
YDR406W,YBL006C,0,0.81086546,0.17112299799919128,0.38323354721069336,0.18603721261024475
YPL266W,YEL071W,0,0.81052035,0.17104676365852356,0.38323354721069336,0.18613722920417786
YGL153W,YLR061W,0,0.80977476,0.170970618724823,0.38323354721069336,0.18623724579811096
YLR113W,YDR039C,0,0.80913234,0.1708945333957672,0.38323354721069336,0.18633726239204407
YNR030W,YPR165W,0,0.8087435,0.1708185076713562,0.38323354721069336,0.18643729388713837
YDR420W,YOR120W,1,0.8085394,0.17118719220161438,0.3842315375804901,0.18643729388713837
YOR142W,YPL047W,0,0.8083272,0.1711111068725586,0.3842315375804901,0.18653731048107147
YOR109W,YHR139C,0,0.80821955,0.17103509604930878,0.3842315375804901,0.18663732707500458
YNL093W,YDR021W,0,0.80762315,0.17095914483070374,0.3842315375804901,0.18673734366893768
YGR008C,YDR388W,1,0.8076164,0.1713271141052246,0.38522952795028687,0.18673734366893768
YJR151C,YHR179W,0,0.80752933,0.1712511032819748,0.38522952795028687,0.1868373602628708
YHR205W,YPL059W,1,0.80718803,0.17161862552165985,0.386227548122406,0.1868373602628708
YKL145W,YMR318C,0,0.80681694,0.17154255509376526,0.386227548122406,0.1869373917579651
YIL139C,YDL161W,0,0.8067135,0.17146654427051544,0.386227548122406,0.1870374083518982
YJR151C,YDR403W,0,0.8066507,0.1713906079530716,0.386227548122406,0.1871374249458313
YGL180W,YAL033W,0,0.806411,0.17131474614143372,0.386227548122406,0.1872374415397644
YGL004C,YOR320C,0,0.806229,0.1712389439344406,0.386227548122406,0.1873374730348587
YBL050W,YDL209C,0,0.8061639,0.17116320133209229,0.386227548122406,0.1874374896287918
YKR067W,YHR146W,0,0.80546486,0.17108753323554993,0.386227548122406,0.18753750622272491
YNL044W,YOR191W,0,0.8041792,0.17101192474365234,0.386227548122406,0.18763752281665802
YOR320C,YBR126C,0,0.8040215,0.17093639075756073,0.386227548122406,0.18773755431175232
YJR056C,YPL049C,0,0.80334264,0.17086093127727509,0.386227548122406,0.18783757090568542
YIL173W,YER177W,0,0.80321485,0.17078553140163422,0.386227548122406,0.18793758749961853
YNL222W,YNL265C,0,0.8024699,0.17071019113063812,0.386227548122406,0.18803760409355164
YGL166W,YKR018C,0,0.80225945,0.170634925365448,0.386227548122406,0.18813762068748474
YEL024W,YDL074C,0,0.80225706,0.17055971920490265,0.386227548122406,0.18823765218257904
YMR276W,YGR264C,0,0.80223346,0.17048458755016327,0.386227548122406,0.18833766877651215
YOR192C,YOL076W,0,0.8021397,0.17040951550006866,0.386227548122406,0.18843768537044525
YMR032W,YKR072C,1,0.8021377,0.1707746535539627,0.38722553849220276,0.18843768537044525
YLR042C,YML055W,0,0.80210763,0.17069952189922333,0.38722553849220276,0.18853770196437836
YGR068C,YPR165W,0,0.80163914,0.17062444984912872,0.38722553849220276,0.18863773345947266
YPR095C,YER008C,0,0.80145,0.1705494523048401,0.38722553849220276,0.18873775005340576
YDR190C,YOL055C,0,0.8010076,0.17047451436519623,0.38722553849220276,0.18883776664733887
YBR180W,YNR044W,0,0.80026835,0.17039965093135834,0.38722553849220276,0.18893778324127197
YMR192W,YMR284W,0,0.7997855,0.17032484710216522,0.38722553849220276,0.18903781473636627
YGL113W,YCL068C,0,0.79955655,0.17025010287761688,0.38722553849220276,0.18913783133029938
YJL207C,YDR287W,0,0.7991058,0.1701754331588745,0.38722553849220276,0.18923784792423248
YJL191W,YOR383C,0,0.7989895,0.1701008379459381,0.38722553849220276,0.1893378645181656
YOR122C,YOR028C,1,0.7982439,0.17046450078487396,0.3882235586643219,0.1893378645181656
YER179W,YGL179C,0,0.79746515,0.1703898310661316,0.3882235586643219,0.1894378811120987
YLR197W,YDL193W,0,0.79725623,0.1703152358531952,0.3882235586643219,0.189537912607193
YJR047C,YHL009C,0,0.79720044,0.17024070024490356,0.3882235586643219,0.1896379292011261
YBR067C,YGR271C-A,0,0.7971031,0.1701662242412567,0.3882235586643219,0.1897379457950592
YLR006C,YLR113W,1,0.7969938,0.1705290824174881,0.38922154903411865,0.1897379457950592
YGL053W,YLL002W,0,0.79645836,0.17045454680919647,0.38922154903411865,0.1898379623889923
YDR308C,YLR185W,0,0.79612494,0.17038008570671082,0.38922154903411865,0.1899379938840866
YLR129W,YFR014C,0,0.7961032,0.17030568420886993,0.38922154903411865,0.19003801047801971
YPL058C,YOR227W,0,0.79579866,0.17023134231567383,0.38922154903411865,0.19013802707195282
YMR192W,YMR180C,0,0.7955762,0.1701570749282837,0.38922154903411865,0.19023804366588593
YHR113W,YOR323C,0,0.7953398,0.17008286714553833,0.38922154903411865,0.19033806025981903
YCL064C,YBR257W,0,0.795315,0.17000871896743774,0.38922154903411865,0.19043809175491333
YNL020C,YPL059W,1,0.79494476,0.17037037014961243,0.3902195692062378,0.19043809175491333
YDR255C,YNL103W,0,0.7947355,0.17029616236686707,0.3902195692062378,0.19053810834884644
YOR074C,YNL025C,0,0.79431075,0.17022202908992767,0.3902195692062378,0.19063812494277954
YPR005C,YDR168W,1,0.793635,0.170583114027977,0.39121755957603455,0.19063812494277954
YOR147W,YHR211W,0,0.7934768,0.17050892114639282,0.39121755957603455,0.19073814153671265
YOR267C,YLR410W,0,0.7933735,0.17043478786945343,0.39121755957603455,0.19083817303180695
YPR079W,YHR210C,0,0.79307973,0.1703607141971588,0.39121755957603455,0.19093818962574005
YOL091W,YOR110W,0,0.79292506,0.17028670012950897,0.39121755957603455,0.19103820621967316
YKL062W,YHR119W,0,0.79292196,0.1702127605676651,0.39121755957603455,0.19113822281360626
YGR087C,YBR015C,0,0.7925429,0.1701388955116272,0.39121755957603455,0.19123825430870056
YPL190C,YJR019C,0,0.7919526,0.17006507515907288,0.39121755957603455,0.19133827090263367
YDR457W,YIL062C,0,0.7918286,0.16999132931232452,0.39121755957603455,0.19143828749656677
YOR113W,YOR258W,0,0.79106855,0.16991764307022095,0.39121755957603455,0.19153830409049988
YGR285C,YNL092W,0,0.7908857,0.16984401643276215,0.39121755957603455,0.19163832068443298
YAL030W,YER013W,0,0.79025793,0.16977046430110931,0.39121755957603455,0.19173835217952728
YMR081C,YPL265W,0,0.79016566,0.16969697177410126,0.39121755957603455,0.1918383687734604
YNL199C,YFR050C,0,0.7898151,0.16962353885173798,0.39121755957603455,0.1919383853673935
YNR059W,YLR020C,0,0.78976464,0.16955018043518066,0.39121755957603455,0.1920384019613266
YCR034W,YDR226W,0,0.78945106,0.16947686672210693,0.39121755957603455,0.1921384334564209
YDL047W,YGR157W,0,0.78910756,0.16940362751483917,0.39121755957603455,0.192238450050354
YGL023C,YDR540C,0,0.78866196,0.1693304479122162,0.39121755957603455,0.1923384666442871
YOR297C,YHR206W,1,0.7885603,0.1696891188621521,0.3922155797481537,0.1923384666442871
YCL038C,YBL084C,0,0.78829324,0.16961587965488434,0.3922155797481537,0.19243848323822021
YJL003W,YMR104C,0,0.7881124,0.16954271495342255,0.3922155797481537,0.19253851473331451
YGR198W,YER166W,0,0.78793037,0.16946959495544434,0.3922155797481537,0.19263853132724762
YGL053W,YBR054W,0,0.78764915,0.1693965494632721,0.3922155797481537,0.19273854792118073
YIL167W,YNL032W,0,0.7876243,0.16932356357574463,0.3922155797481537,0.19283856451511383
YDL207W,YDR214W,0,0.7874818,0.16925065219402313,0.3922155797481537,0.19293858110904694
YGR070W,YKL125W,0,0.7872908,0.16917778551578522,0.3922155797481537,0.19303861260414124
YOL064C,YOR181W,1,0.7871155,0.16953527927398682,0.39321357011795044,0.19303861260414124
YOL021C,YPL280W,0,0.78682965,0.16946236789226532,0.39321357011795044,0.19313862919807434
YPR005C,YOR028C,1,0.7862861,0.1698194295167923,0.3942115902900696,0.19313862919807434
YMR117C,YJR050W,0,0.78608537,0.16974645853042603,0.3942115902900696,0.19323864579200745
YOR355W,YNL335W,0,0.78595734,0.16967353224754333,0.3942115902900696,0.19333866238594055
YPR071W,YFL034C-B,0,0.7858211,0.1696006804704666,0.3942115902900696,0.19343869388103485
YMR160W,YCL043C,0,0.7854781,0.16952790319919586,0.3942115902900696,0.19353871047496796
YBR112C,YGR258C,0,0.7854777,0.1694551706314087,0.3942115902900696,0.19363872706890106
YDR226W,YPL100W,0,0.7852013,0.1693824976682663,0.3942115902900696,0.19373874366283417
YAL005C,YPL265W,0,0.7847469,0.16930989921092987,0.3942115902900696,0.19383877515792847
YJR083C,YOR071C,0,0.7842444,0.16923736035823822,0.3942115902900696,0.19393879175186157
YGR254W,YDR153C,0,0.7837477,0.16916488111019135,0.3942115902900696,0.19403880834579468
YPR112C,YKR049C,0,0.78374594,0.16909246146678925,0.3942115902900696,0.19413882493972778
YDL024C,YJL116C,0,0.7830102,0.16902011632919312,0.3942115902900696,0.1942388415336609
YDR040C,YER118C,1,0.7825848,0.16937553882598877,0.39520958065986633,0.1942388415336609
YCL038C,YBR037C,0,0.78256035,0.16930311918258667,0.39520958065986633,0.1943388730287552
YDR377W,YLR157C,0,0.7822043,0.16923077404499054,0.39520958065986633,0.1944388896226883
YPR104C,YJL057C,0,0.7818467,0.169158473610878,0.39520958065986633,0.1945389062166214
YIL075C,YER098W,0,0.7816577,0.1690862476825714,0.39520958065986633,0.1946389228105545
YGR252W,YAL028W,0,0.78070307,0.1690140813589096,0.39520958065986633,0.1947389543056488
YLR453C,YEL041W,0,0.780104,0.16894197463989258,0.39520958065986633,0.1948389708995819
YLR011W,YLR337C,0,0.7796656,0.16886994242668152,0.39520958065986633,0.19493898749351501
YPL147W,YNR026C,0,0.779617,0.16879795491695404,0.39520958065986633,0.19503900408744812
YHR128W,YAR071W,0,0.7795111,0.16872602701187134,0.39520958065986633,0.19513902068138123
YDR317W,YBL019W,0,0.7793501,0.1686541736125946,0.39520958065986633,0.19523905217647552
YDR001C,YDL042C,0,0.7786845,0.16858237981796265,0.39520958065986633,0.19533906877040863
YPR103W,YDR202C,0,0.77847826,0.16851064562797546,0.39520958065986633,0.19543908536434174
YMR067C,YGR258C,0,0.7779732,0.16843895614147186,0.39520958065986633,0.19553910195827484
YOR010C,YDR289C,0,0.7778767,0.16836734116077423,0.39520958065986633,0.19563913345336914
YHR042W,YDR438W,0,0.77787054,0.16829578578472137,0.39520958065986633,0.19573915004730225
YLL032C,YDR051C,0,0.777404,0.1682243049144745,0.39520958065986633,0.19583916664123535
YNL139C,YPL075W,0,0.7770964,0.16815286874771118,0.39520958065986633,0.19593918323516846
YJL213W,YIL038C,0,0.77669203,0.16808149218559265,0.39520958065986633,0.19603921473026276
YKL129C,YMR092C,1,0.7765771,0.16843445599079132,0.3962075710296631,0.19603921473026276
YGL179C,YMR278W,0,0.77606654,0.16836301982402802,0.3962075710296631,0.19613923132419586
YER055C,YNL093W,0,0.7758808,0.16829164326190948,0.3962075710296631,0.19623924791812897
YBR193C,YLR394W,0,0.77574396,0.16822034120559692,0.3962075710296631,0.19633926451206207
YAL031C,YLR157C,0,0.7753135,0.16814908385276794,0.3962075710296631,0.19643928110599518
YGL093W,YIL062C,0,0.77526426,0.16807790100574493,0.3962075710296631,0.19653931260108948
YJL172W,YIL056W,0,0.7747014,0.1680067777633667,0.3962075710296631,0.19663932919502258
YGR048W,YKR069W,0,0.7745347,0.16793569922447205,0.3962075710296631,0.1967393457889557
YGR260W,YNL133C,0,0.77446324,0.16786469519138336,0.3962075710296631,0.1968393623828888
YNL299W,YMR284W,0,0.77440786,0.16779375076293945,0.3962075710296631,0.1969393938779831
YPL146C,YEL044W,0,0.7744056,0.16772285103797913,0.3962075710296631,0.1970394104719162
YER015W,YDR244W,0,0.7741596,0.16765202581882477,0.3962075710296631,0.1971394270658493
YNL134C,YMR162C,0,0.7741098,0.16758126020431519,0.3962075710296631,0.1972394436597824
YKR044W,YCR097W,0,0.7740949,0.16751055419445038,0.3962075710296631,0.1973394751548767
YCL068C,YPL203W,0,0.77379847,0.16743989288806915,0.3962075710296631,0.19743949174880981
YNL048W,YJR130C,0,0.77378416,0.1673693060874939,0.3962075710296631,0.19753950834274292
YHR004C,YDL174C,0,0.77351165,0.16729877889156342,0.3962075710296631,0.19763952493667603
YHR174W,YDR237W,0,0.77305233,0.1672283113002777,0.3962075710296631,0.19773954153060913
YER162C,YER026C,0,0.77257454,0.16715788841247559,0.3962075710296631,0.19783957302570343
YMR172W,YKL088W,1,0.77251595,0.16750842332839966,0.3972055912017822,0.19783957302570343
YJR102C,YIL067C,0,0.77223814,0.16743794083595276,0.3972055912017822,0.19793958961963654
YLR336C,YLR337C,1,0.77219063,0.1677880585193634,0.398203581571579,0.19793958961963654
YOR377W,YER178W,0,0.7720401,0.16771753132343292,0.398203581571579,0.19803960621356964
YLR117C,YLR209C,0,0.77193177,0.16764706373214722,0.398203581571579,0.19813962280750275
YIL154C,YDR043C,0,0.7713174,0.1675766557455063,0.398203581571579,0.19823965430259705
YJR099W,YNR028W,0,0.7706726,0.16750629246234894,0.398203581571579,0.19833967089653015
YIR033W,YER008C,0,0.77062666,0.16743600368499756,0.398203581571579,0.19843968749046326
YKL129C,YBR260C,1,0.7705902,0.16778524219989777,0.3992016017436981,0.19843968749046326
YER183C,YER081W,0,0.7702035,0.16771487891674042,0.3992016017436981,0.19853970408439636
YFR031C-A,YOR138C,0,0.76968086,0.16764459013938904,0.3992016017436981,0.19863972067832947
YGL174W,YLR144C,0,0.76961267,0.16757436096668243,0.3992016017436981,0.19873975217342377
YGL153W,YKL051W,0,0.76919246,0.1675041913986206,0.3992016017436981,0.19883976876735687
YPR100W,YGR096W,0,0.7691536,0.16743406653404236,0.3992016017436981,0.19893978536128998
YPL268W,YGL200C,0,0.7688837,0.16736401617527008,0.3992016017436981,0.19903980195522308
YGR206W,YOR334W,0,0.7680484,0.16729402542114258,0.3992016017436981,0.19913983345031738
YBR211C,YLL041C,0,0.7678313,0.16722407937049866,0.3992016017436981,0.1992398500442505
YOR362C,YLR025W,0,0.76733625,0.1671541929244995,0.3992016017436981,0.1993398666381836
YDL113C,YNL124W,0,0.76704174,0.16708438098430634,0.3992016017436981,0.1994398832321167
YNL051W,YBR107C,0,0.766891,0.16701461374759674,0.3992016017436981,0.199539914727211
YML127W,YHL012W,0,0.7658049,0.16694490611553192,0.3992016017436981,0.1996399313211441
YAL017W,YLR009W,0,0.76571786,0.16687525808811188,0.3992016017436981,0.1997399479150772
YOR126C,YLR164W,0,0.765687,0.1668056696653366,0.3992016017436981,0.19983996450901031
YGR083C,YNL125C,0,0.7656787,0.16673614084720612,0.3992016017436981,0.19993998110294342
YGR163W,YGR214W,0,0.76552993,0.1666666716337204,0.3992016017436981,0.20004001259803772
YLR164W,YKL018W,0,0.76535153,0.16659724712371826,0.3992016017436981,0.20014002919197083
YPL268W,YOR035C,0,0.765275,0.1665278971195221,0.3992016017436981,0.20024004578590393
YBL011W,YMR029C,0,0.76511157,0.1664585918188095,0.3992016017436981,0.20034006237983704
YNL316C,YPR167C,0,0.76494217,0.1663893461227417,0.3992016017436981,0.20044009387493134
YLL017W,YOR249C,0,0.764869,0.16632016003131866,0.3992016017436981,0.20054011046886444
YOL064C,YBR014C,1,0.7644788,0.1666666716337204,0.4001995921134949,0.20054011046886444
YER118C,YLR337C,1,0.7643571,0.16701288521289825,0.401197612285614,0.20054011046886444
YFL026W,YKR001C,0,0.7643291,0.1669435203075409,0.401197612285614,0.20064012706279755
YIL137C,YKL064W,0,0.76426256,0.1668742150068283,0.401197612285614,0.20074014365673065
YNL020C,YLR337C,1,0.76396036,0.16721992194652557,0.40219560265541077,0.20074014365673065
YDR217C,YOR126C,0,0.76393974,0.1671505570411682,0.40219560265541077,0.20084017515182495
YOR267C,YKL063C,0,0.7634665,0.16708126664161682,0.40219560265541077,0.20094019174575806
YKL143W,YOR120W,1,0.76319665,0.1674264371395111,0.4031936228275299,0.20094019174575806
YIL096C,YBL101C,0,0.76299256,0.16735708713531494,0.4031936228275299,0.20104020833969116
YBR179C,YKL054C,0,0.7628493,0.16728778183460236,0.4031936228275299,0.20114022493362427
YHR083W,YPL140C,0,0.76237696,0.16721853613853455,0.4031936228275299,0.20124024152755737
YJL098W,YEL024W,0,0.76215816,0.1671493649482727,0.4031936228275299,0.20134027302265167
YOR177C,YNL272C,0,0.76209414,0.16708023846149445,0.4031936228275299,0.20144028961658478
YER011W,YOR016C,0,0.76180756,0.16701115667819977,0.4031936228275299,0.20154030621051788
YPL162C,YBL066C,0,0.76147556,0.16694214940071106,0.4031936228275299,0.201640322804451
YLR447C,YJR049C,0,0.7612591,0.16687318682670593,0.4031936228275299,0.2017403542995453
YMR323W,YNL113W,0,0.761252,0.16680429875850677,0.4031936228275299,0.2018403708934784
YOR382W,YDR131C,0,0.76100665,0.1667354553937912,0.4031936228275299,0.2019403874874115
YDR372C,YGR288W,0,0.7608654,0.1666666716337204,0.4031936228275299,0.2020404040813446
YLR380W,YBR006W,0,0.76053977,0.16659793257713318,0.4031936228275299,0.2021404206752777
YOR110W,YPR071W,0,0.76046425,0.16652926802635193,0.4031936228275299,0.202240452170372
YBR172C,YKR052C,0,0.7603146,0.16646064817905426,0.4031936228275299,0.20234046876430511
YCR079W,YNL209W,0,0.7602683,0.16639208793640137,0.4031936228275299,0.20244048535823822
YBR298C,YIL110W,0,0.76024264,0.16632358729839325,0.4031936228275299,0.20254050195217133
YMR074C,YDR276C,0,0.76014614,0.1662551462650299,0.4031936228275299,0.20264053344726562
YDL159W,YGR254W,0,0.760024,0.16618674993515015,0.4031936228275299,0.20274055004119873
YOR022C,YPL241C,0,0.75935626,0.16611842811107635,0.4031936228275299,0.20284056663513184
YOR316C,YOR205C,0,0.7592462,0.16605015099048615,0.4031936228275299,0.20294058322906494
YIL159W,YLR362W,1,0.7589393,0.16639277338981628,0.40419161319732666,0.20294058322906494
YLR313C,YJR150C,0,0.75856996,0.1663244366645813,0.40419161319732666,0.20304061472415924
YER022W,YCL008C,0,0.7585493,0.1662561595439911,0.40419161319732666,0.20314063131809235
YER122C,YKL086W,0,0.7581689,0.16618794202804565,0.40419161319732666,0.20324064791202545
YDR040C,YLR337C,1,0.7580301,0.16652993857860565,0.4051896333694458,0.20324064791202545
YMR137C,YDR218C,0,0.75696707,0.16646166145801544,0.4051896333694458,0.20334066450595856
YNR031C,YMR092C,1,0.7568004,0.1668032854795456,0.40618762373924255,0.20334066450595856
YMR175W,YMR092C,1,0.756535,0.16714461147785187,0.4071856141090393,0.20334066450595856
YHR152W,YKR010C,0,0.75640047,0.16707617044448853,0.4071856141090393,0.20344068109989166
YCL057W,YLR440C,0,0.756394,0.16700777411460876,0.4071856141090393,0.20354071259498596
YLR289W,YCR027C,0,0.75559527,0.16693943738937378,0.4071856141090393,0.20364072918891907
YAR042W,YIL088C,0,0.7551092,0.16687116026878357,0.4071856141090393,0.20374074578285217
YOR068C,YML130C,0,0.7548816,0.16680294275283813,0.4071856141090393,0.20384076237678528
YLR226W,YOL008W,0,0.75479436,0.16673476994037628,0.4071856141090393,0.20394079387187958
YGR132C,YDR168W,0,0.7543362,0.1666666716337204,0.4071856141090393,0.20404081046581268
YHR108W,YNL071W,0,0.7541888,0.1665986180305481,0.4071856141090393,0.2041408270597458
YPL006W,YOL158C,0,0.7541251,0.16653060913085938,0.4071856141090393,0.2042408436536789
YAL030W,YEL041W,0,0.75383157,0.16646267473697662,0.4071856141090393,0.2043408751487732
YDR453C,YNL316C,0,0.753795,0.16639478504657745,0.4071856141090393,0.2044408917427063
YOR230W,YDR104C,0,0.7533208,0.16632694005966187,0.4071856141090393,0.2045409083366394
YNL190W,YMR175W,1,0.75271064,0.1666666716337204,0.40818363428115845,0.2045409083366394
YLR118C,YGR276C,0,0.75257546,0.16659878194332123,0.40818363428115845,0.2046409249305725
YCR042C,YLR163C,0,0.7520046,0.16653095185756683,0.40818363428115845,0.20474094152450562
YHL028W,YMR170C,0,0.7519262,0.16646316647529602,0.40818363428115845,0.20484097301959991
YDR040C,YMR109W,1,0.7516874,0.1668022722005844,0.4091816246509552,0.20484097301959991
YDR444W,YOR113W,0,0.7516307,0.16673444211483002,0.4091816246509552,0.20494098961353302
YLR248W,YER118C,1,0.75128675,0.16707317531108856,0.41017964482307434,0.20494098961353302
YPR003C,YOL009C,0,0.75101125,0.1670052856206894,0.41017964482307434,0.20504100620746613
YNL064C,YHL003C,0,0.7509993,0.166937455534935,0.41017964482307434,0.20514102280139923
YNR006W,YBR275C,0,0.7501543,0.16686967015266418,0.41017964482307434,0.20524105429649353
YBR128C,YDR276C,0,0.74997085,0.16680194437503815,0.41017964482307434,0.20534107089042664
YJL030W,YCL001W,0,0.7499559,0.16673427820205688,0.41017964482307434,0.20544108748435974
YGL113W,YGR134W,0,0.7495746,0.1666666716337204,0.41017964482307434,0.20554110407829285
YDR384C,YNL163C,0,0.74935746,0.1665991097688675,0.41017964482307434,0.20564113557338715
YHR169W,YOR100C,0,0.74928445,0.16653160750865936,0.41017964482307434,0.20574115216732025
YLR239C,YGL190C,0,0.74918735,0.16646414995193481,0.41017964482307434,0.20584116876125336
YNL131W,YJR092W,0,0.74890524,0.16639676690101624,0.41017964482307434,0.20594118535518646
YOL084W,YER048C,0,0.74873745,0.16632942855358124,0.41017964482307434,0.20604120194911957
YMR053C,YNL063W,0,0.74853027,0.16626213490962982,0.41017964482307434,0.20614123344421387
YJL137C,YER169W,0,0.74833524,0.16619490087032318,0.41017964482307434,0.20624125003814697
YDR398W,YGL004C,0,0.74777657,0.16612772643566132,0.41017964482307434,0.20634126663208008
YHL006C,YNR054C,0,0.7476688,0.16606061160564423,0.41017964482307434,0.20644128322601318
YEL001C,YER078C,0,0.74715924,0.16599354147911072,0.41017964482307434,0.20654131472110748
YCL032W,YOR120W,1,0.7469609,0.1663302332162857,0.4111776351928711,0.20654131472110748
YNL190W,YPR005C,1,0.7469392,0.1666666716337204,0.41217565536499023,0.20654131472110748
YPL236C,YKL026C,0,0.74684554,0.16659943759441376,0.41217565536499023,0.2066413313150406
YLR209C,YHL025W,0,0.7467905,0.1665322631597519,0.41217565536499023,0.2067413479089737
YER081W,YOR109W,0,0.74614847,0.1664651334285736,0.41217565536499023,0.2068413645029068
YHR018C,YDR245W,0,0.74604183,0.1663980633020401,0.41217565536499023,0.2069413810968399
YMR092C,YKL048C,1,0.74603546,0.1667337864637375,0.413173645734787,0.2069413810968399
YPR065W,YBL035C,0,0.7457996,0.1666666716337204,0.413173645734787,0.2070414125919342
YDL035C,YCR065W,0,0.7449729,0.1665996015071869,0.413173645734787,0.2071414291858673
YBR211C,YNL172W,0,0.74492407,0.16653257608413696,0.413173645734787,0.20724144577980042
YKL071W,YGL017W,0,0.74465835,0.166465625166893,0.413173645734787,0.20734146237373352
YOR367W,YKR072C,1,0.74389356,0.16680064797401428,0.41417166590690613,0.20734146237373352
YBR260C,YOR047C,1,0.7436615,0.16713540256023407,0.4151696562767029,0.20734146237373352
YHL022C,YHR009C,0,0.7427125,0.1670682728290558,0.4151696562767029,0.20744149386882782
YBR222C,YLR131C,0,0.742494,0.16700120270252228,0.4151696562767029,0.20754151046276093
YNL027W,YPR180W,0,0.7423425,0.16693419218063354,0.4151696562767029,0.20764152705669403
YGR052W,YCL020W,0,0.7423042,0.1668672263622284,0.4151696562767029,0.20774154365062714
YGR036C,YBR201W,0,0.7422031,0.16680032014846802,0.4151696562767029,0.20784157514572144
YPR159W,YOL028C,0,0.74212337,0.16673347353935242,0.4151696562767029,0.20794159173965454
YLR431C,YDR191W,0,0.74144965,0.1666666716337204,0.4151696562767029,0.20804160833358765
YLR362W,YNL257C,0,0.7411251,0.16659991443157196,0.4151696562767029,0.20814162492752075
YML131W,YLR336C,1,0.7402418,0.1669335514307022,0.416167676448822,0.20814162492752075
YML038C,YPR165W,0,0.7397406,0.1668667495250702,0.416167676448822,0.20824164152145386
YDR148C,YJL197W,0,0.7395631,0.16680000722408295,0.416167676448822,0.20834167301654816
YOR126C,YJL093C,0,0.73951626,0.16673330962657928,0.416167676448822,0.20844168961048126
YDR040C,YBR260C,1,0.73931634,0.16706635057926178,0.4171656668186188,0.20844168961048126
YOR010C,YLR085C,0,0.7392463,0.16699959337711334,0.4171656668186188,0.20854170620441437
YBL046W,YNL137C,0,0.73918784,0.16693291068077087,0.4171656668186188,0.20864172279834747
YLR248W,YPL223C,1,0.7391262,0.16726547479629517,0.4181636869907379,0.20864172279834747
YPL163C,YDL170W,0,0.7386795,0.16719871759414673,0.4181636869907379,0.20874175429344177
YPL122C,YMR065W,0,0.7375848,0.16713203489780426,0.4181636869907379,0.20884177088737488
YGR266W,YMR034C,0,0.73745126,0.16706539690494537,0.4181636869907379,0.20894178748130798
YCL030C,YPL150W,0,0.7371992,0.16699880361557007,0.4181636869907379,0.2090418040752411
YAL042W,YBR290W,0,0.736673,0.16693226993083954,0.4181636869907379,0.2091418355703354
YPR161C,YNL053W,0,0.7366149,0.16686579585075378,0.4181636869907379,0.2092418521642685
YDR480W,YOR190W,0,0.7364924,0.1667993664741516,0.4181636869907379,0.2093418687582016
YBR182C,YBR260C,1,0.73636246,0.16713091731071472,0.41916167736053467,0.2093418687582016
YPL050C,YNR069C,0,0.73592496,0.16706444323062897,0.41916167736053467,0.2094418853521347
YLR047C,YER167W,0,0.73539585,0.1669980138540268,0.41916167736053467,0.2095419019460678
YJR035W,YNL047C,0,0.73520565,0.1669316440820694,0.41916167736053467,0.2096419334411621
YDR178W,YBL084C,0,0.73398536,0.16686531901359558,0.41916167736053467,0.20974195003509521
YGL012W,YKL152C,0,0.7339083,0.16679905354976654,0.41916167736053467,0.20984196662902832
YKL220C,YDL078C,0,0.73389256,0.16673283278942108,0.41916167736053467,0.20994198322296143
YKL186C,YOR380W,0,0.73384225,0.1666666716337204,0.41916167736053467,0.21004201471805573
YDR498C,YLR368W,0,0.7338139,0.1666005551815033,0.41916167736053467,0.21014203131198883
YFL014W,YKL048C,1,0.73335254,0.16693100333213806,0.4201596677303314,0.21014203131198883
YOL082W,YOR351C,0,0.7324842,0.16686484217643738,0.4201596677303314,0.21024204790592194
YDR522C,YKL090W,0,0.73223925,0.16679872572422028,0.4201596677303314,0.21034206449985504
YIL053W,YPR075C,1,0.7321882,0.16712871193885803,0.42115768790245056,0.21034206449985504
YJL127C,YER185W,0,0.7319724,0.16706255078315735,0.42115768790245056,0.21044208109378815
YJL128C,YNL055C,0,0.7316357,0.16699643433094025,0.42115768790245056,0.21054211258888245
YGR032W,YHR034C,0,0.731543,0.16693037748336792,0.42115768790245056,0.21064212918281555
YGL130W,YNL154C,0,0.73150325,0.16686438024044037,0.42115768790245056,0.21074214577674866
YMR251W-A,YKL043W,0,0.73128307,0.1667984127998352,0.42115768790245056,0.21084216237068176
YKL129C,YER118C,1,0.7309531,0.16712762415409088,0.4221556782722473,0.21084216237068176
YGR070W,YBR247C,0,0.73090184,0.16706161201000214,0.4221556782722473,0.21094219386577606
YBR014C,YLR006C,1,0.730765,0.16739045083522797,0.42315369844436646,0.21094219386577606
YPL112C,YPL171C,0,0.7306638,0.16732439398765564,0.42315369844436646,0.21104221045970917
YHR110W,YDR460W,0,0.7302983,0.1672583818435669,0.42315369844436646,0.21114222705364227
YER144C,YKL025C,0,0.7299124,0.16719242930412292,0.42315369844436646,0.21124224364757538
YIL048W,YPL239W,0,0.7297653,0.16712652146816254,0.42315369844436646,0.21134227514266968
YLR248W,YOR008C,1,0.7297173,0.16745468974113464,0.4241516888141632,0.21134227514266968
YDR338C,YOL066C,0,0.72970575,0.16738873720169067,0.4241516888141632,0.21144229173660278
YEL070W,YER078C,0,0.729325,0.16732282936573029,0.4241516888141632,0.2115423083305359
YDL061C,YKL007W,0,0.7292623,0.16725698113441467,0.4241516888141632,0.211642324924469
YFR030W,YLR213C,0,0.72892547,0.16719119250774384,0.4241516888141632,0.2117423415184021
YMR278W,YDR057W,0,0.7288502,0.16712544858455658,0.4241516888141632,0.2118423730134964
YGL047W,YDR100W,0,0.7286172,0.1670597493648529,0.4241516888141632,0.2119423896074295
YDR388W,YOR208W,1,0.72860396,0.16738703846931458,0.42514970898628235,0.2119423896074295
YDR388W,YOL089C,1,0.7285504,0.16771405935287476,0.4261476993560791,0.2119423896074295
YDR449C,YLR423C,0,0.7283838,0.16764821112155914,0.4261476993560791,0.2120424062013626
YDR343C,YLR084C,0,0.7283644,0.1675824224948883,0.4261476993560791,0.21214242279529572
YJL172W,YNL116W,0,0.7282301,0.16751667857170105,0.4261476993560791,0.21224245429039001
YDL024C,YDR190C,0,0.72810984,0.16745097935199738,0.4261476993560791,0.21234247088432312
YPR167C,YDR490C,0,0.7261785,0.16738533973693848,0.4261476993560791,0.21244248747825623
YLR067C,YNL160W,0,0.7261578,0.16731974482536316,0.4261476993560791,0.21254250407218933
YOR081C,YMR220W,0,0.72586715,0.16725420951843262,0.4261476993560791,0.21264253556728363
YGL209W,YEL055C,0,0.7257388,0.16718871891498566,0.4261476993560791,0.21274255216121674
YPR094W,YER098W,0,0.72572637,0.16712328791618347,0.4261476993560791,0.21284256875514984
YJR132W,YIL117C,0,0.72536886,0.16705790162086487,0.4261476993560791,0.21294258534908295
YMR035W,YBR234C,0,0.7251707,0.16699257493019104,0.4261476993560791,0.21304260194301605
YFL016C,YNL288W,0,0.7248457,0.1669272929430008,0.4261476993560791,0.21314263343811035
YKL022C,YAR071W,0,0.72470737,0.16686205565929413,0.4261476993560791,0.21324265003204346
YLR027C,YPL169C,0,0.7244479,0.16679687798023224,0.4261476993560791,0.21334266662597656
YJL124C,YER069W,0,0.72430426,0.16673174500465393,0.4261476993560791,0.21344268321990967
YDR267C,YMR241W,0,0.72410536,0.1666666716337204,0.4261476993560791,0.21354271471500397
YKL174C,YKR093W,0,0.72369707,0.16660164296627045,0.4261476993560791,0.21364273130893707
YLR337C,YOR047C,1,0.7234024,0.16692668199539185,0.42714571952819824,0.21364273130893707
YGL180W,YBR066C,0,0.7227988,0.16686159372329712,0.42714571952819824,0.21374274790287018
YDR392W,YKL038W,0,0.72256017,0.16679656505584717,0.42714571952819824,0.21384276449680328
YDR160W,YHR119W,0,0.72254217,0.166731595993042,0.42714571952819824,0.21394279599189758
YGR222W,YBR110W,0,0.72242683,0.1666666716337204,0.42714571952819824,0.2140428125858307
YDL123W,YJL034W,0,0.7219846,0.16660179197788239,0.42714571952819824,0.2141428291797638
YCR009C,YJL128C,1,0.7219208,0.1669260710477829,0.428143709897995,0.2141428291797638
YKL192C,YBR288C,0,0.72180456,0.1668611466884613,0.428143709897995,0.2142428457736969
YER101C,YLL002W,0,0.72140056,0.1667962670326233,0.428143709897995,0.21434286236763
YDL054C,YNL052W,0,0.7212558,0.16673144698143005,0.428143709897995,0.2144428938627243
YOR256C,YKL039W,0,0.721208,0.1666666716337204,0.428143709897995,0.2145429104566574
YPR181C,YOR247W,0,0.7207233,0.16660194098949432,0.428143709897995,0.21464292705059052
YIR019C,YFL050C,0,0.720385,0.16653726994991302,0.428143709897995,0.21474294364452362
YCR068W,YJR103W,0,0.7198554,0.1664726436138153,0.428143709897995,0.21484297513961792
YDL206W,YBR072W,0,0.7197656,0.16640806198120117,0.428143709897995,0.21494299173355103
YOR358W,YLR388W,0,0.7197225,0.1663435399532318,0.428143709897995,0.21504300832748413
YDL198C,YMR197C,0,0.71966517,0.16627906262874603,0.428143709897995,0.21514302492141724
YMR037C,YOR208W,1,0.71939695,0.16660209000110626,0.42914173007011414,0.21514302492141724
YER090W,YKL168C,0,0.7192357,0.1665375679731369,0.42914173007011414,0.21524304151535034
YGL083W,YOL009C,0,0.71916574,0.16647309064865112,0.42914173007011414,0.21534307301044464
YPL274W,YFL005W,0,0.71906304,0.16640867292881012,0.42914173007011414,0.21544308960437775
YMR117C,YNL261W,0,0.71883774,0.1663442999124527,0.42914173007011414,0.21554310619831085
YEL020C,YHR194W,0,0.7183653,0.16627997159957886,0.42914173007011414,0.21564312279224396
YGL103W,YIL007C,0,0.7181447,0.1662156879901886,0.42914173007011414,0.21574315428733826
YBR119W,YPR149W,0,0.71803755,0.16615146398544312,0.42914173007011414,0.21584317088127136
YDL010W,YOR008C,1,0.71784556,0.16647353768348694,0.4301397204399109,0.21584317088127136
YGR186W,YDR264C,0,0.71774554,0.16640926897525787,0.4301397204399109,0.21594318747520447
YMR291W,YGL212W,0,0.71738774,0.1663450449705124,0.4301397204399109,0.21604320406913757
YDR040C,YCL032W,1,0.71728206,0.1666666716337204,0.43113771080970764,0.21604320406913757
YPL059W,YOR047C,1,0.7172591,0.1669880449771881,0.4321357309818268,0.21604320406913757
YLR007W,YOR303W,0,0.71712756,0.1669236719608307,0.4321357309818268,0.21614323556423187
YDR516C,YPL096W,0,0.7171112,0.16685934364795685,0.4321357309818268,0.21624325215816498
YGL033W,YLR367W,0,0.71675956,0.16679507493972778,0.4321357309818268,0.21634326875209808
YDR221W,YER005W,0,0.71664727,0.1667308360338211,0.4321357309818268,0.2164432853460312
YBR217W,YDR150W,0,0.7165851,0.1666666716337204,0.4321357309818268,0.2165433019399643
YKL051W,YOR035C,0,0.7160932,0.16660253703594208,0.4321357309818268,0.2166433334350586
YBR150C,YLR092W,0,0.7156029,0.16653846204280853,0.4321357309818268,0.2167433500289917
YNR015W,YMR040W,0,0.71557593,0.16647443175315857,0.4321357309818268,0.2168433666229248
YNL036W,YJR138W,0,0.71556985,0.1664104461669922,0.4321357309818268,0.2169433832168579
YGL196W,YFL050C,0,0.71532625,0.16634652018547058,0.4321357309818268,0.2170434147119522
YOL128C,YOR156C,0,0.7149592,0.16628263890743256,0.4321357309818268,0.21714343130588531
YGL225W,YGL231C,0,0.7147017,0.1662188172340393,0.4321357309818268,0.21724344789981842
YDL168W,YPL235W,0,0.7146542,0.16615502536296844,0.4321357309818268,0.21734346449375153
YPL015C,YLR336C,0,0.7146492,0.16609129309654236,0.4321357309818268,0.21744349598884583
YMR175W,YBR132C,1,0.7145727,0.16641104221343994,0.43313372135162354,0.21744349598884583
YDL156W,YIR028W,0,0.71412504,0.16634726524353027,0.43313372135162354,0.21754351258277893
YPR065W,YFL002C,0,0.7140398,0.166283518075943,0.43313372135162354,0.21764352917671204
YGR231C,YOL135C,0,0.71384734,0.16621984541416168,0.43313372135162354,0.21774354577064514
YGL016W,YNL287W,0,0.7135589,0.16615620255470276,0.43313372135162354,0.21784356236457825
YPR066W,YOR100C,0,0.7132637,0.1660926192998886,0.43313372135162354,0.21794359385967255
YDR386W,YHR035W,0,0.71302474,0.16602908074855804,0.43313372135162354,0.21804361045360565
YNR002C,YPL096W,0,0.7121668,0.16596558690071106,0.43313372135162354,0.21814362704753876
YMR161W,YPL018W,0,0.71208096,0.16590213775634766,0.43313372135162354,0.21824364364147186
YDR485C,YML032C,0,0.7120385,0.16583874821662903,0.43313372135162354,0.21834367513656616
YIL170W,YNL051W,0,0.711957,0.16577540338039398,0.43313372135162354,0.21844369173049927
YHR042W,YDR122W,0,0.7117814,0.16571210324764252,0.43313372135162354,0.21854370832443237
YEL062W,YDR498C,0,0.71122265,0.16564884781837463,0.43313372135162354,0.21864372491836548
YPL059W,YPL242C,1,0.7110646,0.1659671813249588,0.4341317415237427,0.21864372491836548
YLR447C,YLR453C,0,0.71105874,0.16590389609336853,0.4341317415237427,0.21874374151229858
YNL302C,YLL039C,0,0.71076584,0.16584064066410065,0.4341317415237427,0.21884377300739288
YER019W,YDR168W,1,0.7106395,0.1661585420370102,0.43512973189353943,0.21884377300739288
YDL107W,YDR206W,0,0.7106273,0.16609524190425873,0.43512973189353943,0.218943789601326
YJL214W,YKR086W,0,0.7105768,0.16603198647499084,0.43512973189353943,0.2190438061952591
YDL035C,YDL139C,0,0.7096895,0.16596879065036774,0.43512973189353943,0.2191438227891922
YIL053W,YPL223C,1,0.7093754,0.1662861555814743,0.43612775206565857,0.2191438227891922
YDR040C,YKL143W,1,0.70935696,0.16660326719284058,0.4371257424354553,0.2191438227891922
YIL053W,YDL147W,0,0.70906556,0.16653992235660553,0.4371257424354553,0.2192438542842865
YJR086W,YOR254C,0,0.70884866,0.16647662222385406,0.4371257424354553,0.2193438708782196
YNL038W,YMR068W,0,0.70864713,0.16641336679458618,0.4371257424354553,0.2194438874721527
YPL081W,YEL005C,0,0.7085219,0.16635017096996307,0.4371257424354553,0.21954390406608582
YGL170C,YHR058C,0,0.70798016,0.16628701984882355,0.4371257424354553,0.21964393556118011
YDR259C,YEL069C,0,0.7077058,0.1662239134311676,0.4371257424354553,0.21974395215511322
YHR090C,YGL045W,0,0.70754886,0.16616085171699524,0.4371257424354553,0.21984396874904633
YOR125C,YML067C,0,0.70752233,0.16609783470630646,0.4371257424354553,0.21994398534297943
YER118C,YDR100W,0,0.7068789,0.16603487730026245,0.4371257424354553,0.22004400193691254
YIL073C,YLR258W,0,0.7067695,0.16597196459770203,0.4371257424354553,0.22014403343200684
YNL053W,YPR182W,0,0.7063278,0.16590909659862518,0.4371257424354553,0.22024405002593994
YGR285C,YDL066W,0,0.70630306,0.16584627330303192,0.4371257424354553,0.22034406661987305
YJL137C,YGL001C,0,0.7062925,0.16578349471092224,0.4371257424354553,0.22044408321380615
YPR033C,YOR178C,0,0.7062845,0.16572077572345734,0.4371257424354553,0.22054411470890045
YDR451C,YFL031W,0,0.7058264,0.16565808653831482,0.4371257424354553,0.22064413130283356
YBL102W,YDR441C,0,0.70572937,0.16559545695781708,0.4371257424354553,0.22074414789676666
YJL137C,YLR064W,0,0.7055677,0.1655328869819641,0.4371257424354553,0.22084416449069977
YOL135C,YDL029W,0,0.70449775,0.16547034680843353,0.4371257424354553,0.22094419598579407
YDR235W,YKL016C,0,0.7040118,0.16540785133838654,0.4371257424354553,0.22104421257972717
YBR132C,YLR249W,0,0.703894,0.16534541547298431,0.4371257424354553,0.22114422917366028
YCR030C,YDR080W,0,0.70388424,0.16528302431106567,0.4371257424354553,0.22124424576759338
YKL188C,YLR299W,0,0.70382506,0.16522067785263062,0.4371257424354553,0.2213442623615265
YDR332W,YLR107W,0,0.70297205,0.16515837609767914,0.4371257424354553,0.2214442938566208
YML024W,YBR210W,0,0.7026616,0.16509611904621124,0.4371257424354553,0.2215443104505539
YFR001W,YLR118C,0,0.70243555,0.16503390669822693,0.4371257424354553,0.221644327044487
YLR308W,YDR191W,0,0.70220935,0.1649717539548874,0.4371257424354553,0.2217443436384201
YOR215C,YMR033W,0,0.70220447,0.16490964591503143,0.4371257424354553,0.2218443751335144
YIL173W,YMR295C,0,0.7019433,0.16484756767749786,0.4371257424354553,0.2219443917274475
YOR065W,YKR003W,0,0.7016899,0.16478554904460907,0.4371257424354553,0.22204440832138062
YDR202C,YOR048C,0,0.70115393,0.16472357511520386,0.4371257424354553,0.22214442491531372
YDL247W,YAL016W,0,0.700612,0.16466166079044342,0.4371257424354553,0.22224444150924683
YPR191W,YFR021W,0,0.7000829,0.16459977626800537,0.4371257424354553,0.22234447300434113
YMR052W,YGR070W,0,0.69974065,0.1645379364490509,0.4371257424354553,0.22244448959827423
YDR129C,YHR041C,0,0.69944024,0.1644761562347412,0.4371257424354553,0.22254450619220734
YNL094W,YOR032C,0,0.6992205,0.1644144207239151,0.4371257424354553,0.22264452278614044
YMR052W,YOR060C,0,0.69912255,0.16435271501541138,0.4371257424354553,0.22274455428123474
YOR382W,YOR049C,0,0.6986177,0.16429106891155243,0.4371257424354553,0.22284457087516785
YOL128C,YFR044C,0,0.6978284,0.16422946751117706,0.4371257424354553,0.22294458746910095
YBR261C,YJL184W,0,0.69734085,0.16416791081428528,0.4371257424354553,0.22304460406303406
YGL104C,YDR414C,0,0.6971514,0.16410641372203827,0.4371257424354553,0.22314463555812836
YLR247C,YBR107C,0,0.6970235,0.16404494643211365,0.4371257424354553,0.22324465215206146
YLR332W,YOR367W,1,0.69655216,0.16435791552066803,0.43812376260757446,0.22324465215206146
YFL013C,YIL075C,0,0.6965307,0.16429640352725983,0.43812376260757446,0.22334466874599457
YOR003W,YDR072C,0,0.6962606,0.1642349362373352,0.43812376260757446,0.22344468533992767
YBL068W,YDR058C,0,0.69602996,0.16417352855205536,0.43812376260757446,0.22354470193386078
YBR077C,YGL153W,0,0.69596976,0.1641121506690979,0.43812376260757446,0.22364473342895508
YGR092W,YNR015W,0,0.6957936,0.16405081748962402,0.43812376260757446,0.22374475002288818
YER087W,YCR083W,0,0.69537914,0.16398954391479492,0.43812376260757446,0.2238447666168213
YBR008C,YML023C,0,0.69493437,0.1639283001422882,0.43812376260757446,0.2239447832107544
YBR104W,YPR001W,0,0.6947737,0.16386711597442627,0.43812376260757446,0.2240448147058487
YOL026C,YBR278W,0,0.69468206,0.1638059765100479,0.43812376260757446,0.2241448312997818
YIL036W,YOL158C,0,0.6941632,0.16374486684799194,0.43812376260757446,0.2242448478937149
YKL062W,YBR132C,1,0.6939595,0.1640566736459732,0.4391217529773712,0.2242448478937149
YCL074W,YGR157W,0,0.6938195,0.16399553418159485,0.4391217529773712,0.224344864487648
YBR129C,YMR154C,0,0.6931639,0.16393442451953888,0.4391217529773712,0.2244448959827423
YER054C,YPL130W,0,0.6930275,0.16387337446212769,0.4391217529773712,0.22454491257667542
YER063W,YPR154W,0,0.69275236,0.16381235420703888,0.4391217529773712,0.22464492917060852
YDR127W,YDR137W,0,0.6920865,0.16375139355659485,0.4391217529773712,0.22474494576454163
YMR113W,YCR048W,0,0.69162345,0.1636904776096344,0.4391217529773712,0.22484496235847473
YNL190W,YOR367W,1,0.69150484,0.1640014946460724,0.44011977314949036,0.22484496235847473
YBR199W,YGL002W,0,0.6913911,0.16394051909446716,0.44011977314949036,0.22494499385356903
YER056C,YGR246C,0,0.6911158,0.1638796031475067,0.44011977314949036,0.22504501044750214
YLR092W,YIL030C,0,0.6909019,0.16381871700286865,0.44011977314949036,0.22514502704143524
YER089C,YPL223C,1,0.690609,0.16412922739982605,0.4411177635192871,0.22514502704143524
YPL129W,YBR280C,0,0.6904854,0.1640682965517044,0.4411177635192871,0.22524504363536835
YGR257C,YDR207C,0,0.690335,0.16400742530822754,0.4411177635192871,0.22534507513046265
YNL241C,YLL053C,0,0.6902845,0.16394658386707306,0.4411177635192871,0.22544509172439575
YLR361C,YPL024W,0,0.690096,0.16388580203056335,0.4411177635192871,0.22554510831832886
YPL018W,YOR148C,0,0.69004667,0.16382504999637604,0.4411177635192871,0.22564512491226196
YAR042W,YDR332W,0,0.6900449,0.1637643575668335,0.4411177635192871,0.22574515640735626
YML028W,YDL025C,0,0.6900196,0.16370370984077454,0.4411177635192871,0.22584517300128937
YKL065C,YJR140C,0,0.6899351,0.16364309191703796,0.4411177635192871,0.22594518959522247
YPR121W,YGR067C,0,0.6895774,0.16358253359794617,0.4411177635192871,0.22604520618915558
YER052C,YPL086C,0,0.6893755,0.16352201998233795,0.4411177635192871,0.22614522278308868
YOL058W,YJR147W,0,0.6891259,0.16346153616905212,0.4411177635192871,0.22624525427818298
YHR014W,YDL045C,0,0.6888468,0.16340111196041107,0.4411177635192871,0.2263452708721161
YLR226W,YIL135C,0,0.6880167,0.1633407175540924,0.4411177635192871,0.2264452874660492
YDL052C,YCR093W,0,0.68777347,0.16328038275241852,0.4411177635192871,0.2265453040599823
YGL044C,YOR019W,0,0.6877253,0.1632200926542282,0.4411177635192871,0.2266453355550766
YMR146C,YKR067W,0,0.68758464,0.1631598323583603,0.4411177635192871,0.2267453521490097
YER019W,YDR301W,0,0.68735015,0.16309963166713715,0.4411177635192871,0.2268453687429428
YER016W,YPR024W,0,0.6870463,0.16303947567939758,0.4411177635192871,0.22694538533687592
YBR188C,YBR059C,0,0.68692935,0.1629793494939804,0.4411177635192871,0.22704540193080902
YPL023C,YFL049W,0,0.6866239,0.162919282913208,0.4411177635192871,0.22714543342590332
YGR108W,YKL165C,0,0.6863519,0.162859246134758,0.4411177635192871,0.22724545001983643
YGL048C,YNL190W,0,0.6857851,0.16279926896095276,0.4411177635192871,0.22734546661376953
YHR005C,YIL062C,0,0.68565154,0.1627393215894699,0.4411177635192871,0.22744548320770264
YBR016W,YDR162C,1,0.6853287,0.16304747760295868,0.44211575388908386,0.22744548320770264
YOR180C,YMR164C,0,0.68517715,0.16298748552799225,0.44211575388908386,0.22754551470279694
YML057W,YJR036C,0,0.68439054,0.1629275530576706,0.44211575388908386,0.22764553129673004
YML120C,YOR231W,0,0.68429196,0.16286765038967133,0.44211575388908386,0.22774554789066315
YGR132C,YBR236C,0,0.68428874,0.16280779242515564,0.44211575388908386,0.22784556448459625
YDR229W,YML069W,0,0.68412304,0.16274797916412354,0.44211575388908386,0.22794559597969055
YLR067C,YLR157C,0,0.6840272,0.162688210606575,0.44211575388908386,0.22804561257362366
YLR248W,YDR420W,1,0.68398786,0.1629955917596817,0.443113774061203,0.22804561257362366
YJL030W,YDL078C,0,0.68369615,0.1629357784986496,0.443113774061203,0.22814562916755676
YGL006W,YNL290W,0,0.68346643,0.16287600994110107,0.443113774061203,0.22824564576148987
YOR353C,YDR206W,0,0.68316984,0.16281628608703613,0.443113774061203,0.22834566235542297
YKR002W,YLR390W-A,0,0.6819181,0.16275659203529358,0.443113774061203,0.22844569385051727
YPL274W,YDR205W,0,0.6814519,0.1626969575881958,0.443113774061203,0.22854571044445038
YMR175W,YDR388W,1,0.6809651,0.16300366818904877,0.44411176443099976,0.22854571044445038
YGR215W,YKL152C,0,0.6807189,0.1629439741373062,0.44411176443099976,0.22864572703838348
YEL012W,YML036W,0,0.68051994,0.16288433969020844,0.44411176443099976,0.2287457436323166
YER038C,YDR004W,0,0.67983866,0.16282473504543304,0.44411176443099976,0.2288457751274109
YGR205W,YPL131W,0,0.67923003,0.16276517510414124,0.44411176443099976,0.228945791721344
YER017C,YKR053C,0,0.6791443,0.162705659866333,0.44411176443099976,0.2290458083152771
YPL248C,YPL003W,0,0.67909837,0.16264620423316956,0.44411176443099976,0.2291458249092102
YOL132W,YPL053C,0,0.6787465,0.1625867784023285,0.44411176443099976,0.2292458564043045
YCL039W,YGR056W,0,0.6786097,0.162527397274971,0.44411176443099976,0.2293458729982376
YNL190W,YIL153W,1,0.67844236,0.16283315420150757,0.4451097846031189,0.2293458729982376
YPR026W,YDR144C,0,0.6781435,0.1627737283706665,0.4451097846031189,0.22944588959217072
YKL124W,YIR038C,0,0.678137,0.16271433234214783,0.4451097846031189,0.22954590618610382
YIR039C,YJL095W,0,0.67805696,0.16265499591827393,0.4451097846031189,0.22964592278003693
YEL018W,YAR033W,0,0.6780427,0.1625957041978836,0.4451097846031189,0.22974595427513123
YBR302C,YPL124W,0,0.677517,0.16253644227981567,0.4451097846031189,0.22984597086906433
YHR058C,YER005W,0,0.67722666,0.16247722506523132,0.4451097846031189,0.22994598746299744
YPR061C,YNR051C,0,0.6771949,0.16241806745529175,0.4451097846031189,0.23004600405693054
YIL062C,YKL113C,0,0.67673486,0.16235893964767456,0.4451097846031189,0.23014603555202484
YDR131C,YFL056C,0,0.6766371,0.16229985654354095,0.4451097846031189,0.23024605214595795
YOR047C,YPL152W,1,0.67645836,0.16260458528995514,0.44610777497291565,0.23024605214595795
YBL113C,YHR115C,0,0.6763456,0.16254545748233795,0.44610777497291565,0.23034606873989105
YHR030C,YPL005W,0,0.67613214,0.16248637437820435,0.44610777497291565,0.23044608533382416
YOL144W,YDL149W,0,0.6760403,0.16242732107639313,0.44610777497291565,0.23054610192775726
YBR244W,YNL002C,0,0.6760109,0.16236832737922668,0.44610777497291565,0.23064613342285156
YKL088W,YLR362W,1,0.67600083,0.1626724749803543,0.4471057951450348,0.23064613342285156
YGR282C,YBL035C,0,0.6757442,0.16261343657970428,0.4471057951450348,0.23074615001678467
YLR075W,YHR128W,0,0.6752721,0.16255442798137665,0.4471057951450348,0.23084616661071777
YDR045C,YKL141W,0,0.6750673,0.1624954640865326,0.4471057951450348,0.23094618320465088
YLR141W,YDR528W,0,0.674804,0.16243654489517212,0.4471057951450348,0.23104621469974518
YGL067W,YKL016C,0,0.6746738,0.16237767040729523,0.4471057951450348,0.23114623129367828
YLR133W,YKL048C,0,0.67451525,0.16231884062290192,0.4471057951450348,0.2312462478876114
YOR245C,YFR047C,0,0.67441314,0.1622600555419922,0.4471057951450348,0.2313462644815445
YOR319W,YPR149W,0,0.6743806,0.16220130026340485,0.4471057951450348,0.2314462959766388
YOR253W,YDR218C,0,0.67436206,0.16214260458946228,0.4471057951450348,0.2315463125705719
YMR175W,YNL020C,1,0.6740937,0.16244572401046753,0.44810378551483154,0.2315463125705719
YPR131C,YPL274W,0,0.6739228,0.16238698363304138,0.44810378551483154,0.231646329164505
YDR174W,YPL176C,0,0.67390054,0.16232827305793762,0.44810378551483154,0.2317463457584381
YDL049C,YKR008W,0,0.67386067,0.16226960718631744,0.44810378551483154,0.23184636235237122
YDR040C,YFL039C,1,0.6735399,0.1625722497701645,0.4491018056869507,0.23184636235237122
YBR016W,YKL048C,1,0.67302525,0.16287468373775482,0.45009979605674744,0.23184636235237122
YMR015C,YOR119C,0,0.6730209,0.1628158837556839,0.45009979605674744,0.23194639384746552
YDR420W,YBR086C,1,0.6727336,0.16311800479888916,0.4510978162288666,0.23194639384746552
YPR181C,YJL160C,0,0.6726484,0.16305916011333466,0.4510978162288666,0.23204641044139862
YDR388W,YOL064C,1,0.6725013,0.16336098313331604,0.45209580659866333,0.23204641044139862
YGR008C,YMR109W,1,0.67242754,0.16366258263587952,0.45309382677078247,0.23204641044139862
YHR128W,YNR063W,0,0.67230266,0.16360360383987427,0.45309382677078247,0.23214642703533173
YFL053W,YNL299W,0,0.67191744,0.1635446697473526,0.45309382677078247,0.23224644362926483
YLR431C,YDR446W,0,0.6718186,0.16348578035831451,0.45309382677078247,0.23234647512435913
YIL021W,YHL022C,0,0.67169964,0.16342692077159882,0.45309382677078247,0.23244649171829224
YAL040C,YNL202W,0,0.6715777,0.1633681207895279,0.45309382677078247,0.23254650831222534
YML066C,YML028W,0,0.6715588,0.16330935060977936,0.45309382677078247,0.23264652490615845
YDL098C,YOR388C,0,0.6715387,0.1632506251335144,0.45309382677078247,0.23274655640125275
YDR040C,YPL223C,1,0.67152786,0.16355140507221222,0.4540918171405792,0.23274655640125275
YDR311W,YDR254W,0,0.6708025,0.16349263489246368,0.4540918171405792,0.23284657299518585
YDR028C,YML130C,0,0.670761,0.16343390941619873,0.4540918171405792,0.23294658958911896
YOR251C,YLR069C,0,0.67073655,0.16337522864341736,0.4540918171405792,0.23304660618305206
YKL176C,YLR429W,0,0.67072046,0.16331657767295837,0.4540918171405792,0.23314662277698517
YNL038W,YIR028W,0,0.67046547,0.16325798630714417,0.4540918171405792,0.23324665427207947
YJR102C,YIL033C,0,0.6704409,0.16319942474365234,0.4540918171405792,0.23334667086601257
YKR085C,YIL142W,0,0.67034525,0.1631409078836441,0.4540918171405792,0.23344668745994568
YGL047W,YOL062C,0,0.6702184,0.16308243572711945,0.4540918171405792,0.23354670405387878
YLR105C,YKL141W,0,0.670047,0.16302400827407837,0.4540918171405792,0.23364673554897308
YNL312W,YOR297C,0,0.66982126,0.16296561062335968,0.4540918171405792,0.2337467521429062
YDR140W,YIR038C,0,0.66945887,0.16290727257728577,0.4540918171405792,0.2338467687368393
YIL047C,YBR059C,0,0.6689646,0.16284896433353424,0.4540918171405792,0.2339467853307724
YGL104C,YGR133W,0,0.6673312,0.1627907007932663,0.4540918171405792,0.2340468019247055
YLR023C,YGR134W,0,0.667099,0.16273248195648193,0.4540918171405792,0.2341468334197998
YDL107W,YDL093W,0,0.6667784,0.16267429292201996,0.4540918171405792,0.2342468500137329
YNR031C,YLR190W,0,0.6665484,0.16261614859104156,0.4540918171405792,0.23434686660766602
YMR244C-A,YER042W,0,0.6659667,0.16255806386470795,0.4540918171405792,0.23444688320159912
YGR163W,YPL024W,0,0.6655961,0.16249999403953552,0.4540918171405792,0.23454691469669342
YER065C,YKL166C,0,0.665226,0.16244198381900787,0.4540918171405792,0.23464693129062653
YOL075C,YPL190C,0,0.66518486,0.1623840183019638,0.4540918171405792,0.23474694788455963
YBR004C,YHR200W,0,0.6651841,0.16232608258724213,0.4540918171405792,0.23484696447849274
YKR100C,YIL073C,0,0.6648434,0.16226819157600403,0.4540918171405792,0.23494699597358704
YBL052C,YMR110C,0,0.66483057,0.1622103452682495,0.4540918171405792,0.23504701256752014
YOR284W,YLR174W,0,0.6645827,0.16215252876281738,0.4540918171405792,0.23514702916145325
YIR005W,YGR032W,0,0.6645676,0.16209475696086884,0.4540918171405792,0.23524704575538635
YFL014W,YKL062W,1,0.66452265,0.16239316761493683,0.455089807510376,0.23524704575538635
YKL134C,YER073W,0,0.66405565,0.1623353511095047,0.455089807510376,0.23534706234931946
YJL186W,YIL007C,0,0.6637837,0.16227757930755615,0.455089807510376,0.23544709384441376
YDR162C,YNL264C,0,0.6636419,0.1622198522090912,0.455089807510376,0.23554711043834686
YGR178C,YKL092C,0,0.66344905,0.1621621549129486,0.455089807510376,0.23564712703227997
YDR168W,YCL032W,1,0.66317296,0.16246001422405243,0.4560878276824951,0.23564712703227997
YDL132W,YBR008C,0,0.66308016,0.16240227222442627,0.4560878276824951,0.23574714362621307
YOR028C,YDR371W,0,0.66252,0.16234458982944489,0.4560878276824951,0.23584717512130737
YBR258C,YER177W,0,0.6620692,0.1622869372367859,0.4560878276824951,0.23594719171524048
YPR185W,YGL043W,0,0.661038,0.16222932934761047,0.4560878276824951,0.23604720830917358
YDR040C,YLR336C,1,0.6609489,0.16252660751342773,0.45708581805229187,0.23604720830917358
YGR121C,YOR130C,0,0.66073585,0.16246895492076874,0.45708581805229187,0.2361472249031067
YNL091W,YDR168W,1,0.6601589,0.1627659648656845,0.458083838224411,0.2361472249031067
YOR208W,YBR196C,0,0.6596173,0.16270825266838074,0.458083838224411,0.236247256398201
YMR238W,YJL059W,0,0.6596114,0.16265060007572174,0.458083838224411,0.2363472729921341
YKL129C,YOR142W,0,0.6595245,0.16259299218654633,0.458083838224411,0.2364472895860672
YGL169W,YPL003W,0,0.6590157,0.1625354140996933,0.458083838224411,0.2365473061800003
YNL312W,YMR189W,0,0.6589123,0.16247788071632385,0.458083838224411,0.2366473227739334
YAL026C,YJL166W,0,0.6586751,0.1624203771352768,0.458083838224411,0.2367473542690277
YFR030W,YGR112W,0,0.65857816,0.1623629331588745,0.458083838224411,0.23684737086296082
YOR252W,YAR002C-A,0,0.6585473,0.16230551898479462,0.458083838224411,0.23694738745689392
YJR149W,YAR002C-A,0,0.65852463,0.1622481495141983,0.458083838224411,0.23704740405082703
YGR211W,YLL027W,0,0.6583937,0.16219080984592438,0.458083838224411,0.23714743554592133
YGR099W,YPL084W,0,0.6580612,0.16213351488113403,0.458083838224411,0.23724745213985443
YLR239C,YDR392W,0,0.6580132,0.16207626461982727,0.458083838224411,0.23734746873378754
YGR005C,YKR103W,0,0.65745544,0.1620190590620041,0.458083838224411,0.23744748532772064
YPL163C,YLR275W,0,0.6573946,0.1619618982076645,0.458083838224411,0.23754751682281494
YGR044C,YDR367W,0,0.657364,0.16190476715564728,0.458083838224411,0.23764753341674805
YNL036W,YMR238W,0,0.6571919,0.16184766590595245,0.458083838224411,0.23774755001068115
YDR457W,YGL011C,0,0.657166,0.1617906242609024,0.458083838224411,0.23784756660461426
YCR009C,YBR260C,1,0.65691787,0.16208598017692566,0.45908182859420776,0.23784756660461426
YDL245C,YML046W,0,0.65656173,0.16202887892723083,0.45908182859420776,0.23794758319854736
YLR411W,YKR089C,0,0.6563529,0.1619718372821808,0.45908182859420776,0.23804761469364166
YIL031W,YLL053C,0,0.65613735,0.16191482543945312,0.45908182859420776,0.23814763128757477
YDR076W,YLR377C,0,0.65605587,0.16185784339904785,0.45908182859420776,0.23824764788150787
YDR388W,YOR047C,1,0.6560318,0.16215266287326813,0.4600798487663269,0.23824764788150787
YLL051C,YGL192W,0,0.65601313,0.16209563612937927,0.4600798487663269,0.23834766447544098
YMR288W,YFL014W,0,0.65553594,0.1620386689901352,0.4600798487663269,0.23844769597053528
YBR008C,YNL059C,0,0.6554811,0.1619817316532135,0.4600798487663269,0.23854771256446838
YJL167W,YGR174C,0,0.65521324,0.1619248390197754,0.4600798487663269,0.2386477291584015
YCR073C,YHR206W,1,0.654939,0.1622191071510315,0.46107783913612366,0.2386477291584015
YNL003C,YPL139C,0,0.65373003,0.1621621549129486,0.46107783913612366,0.2387477457523346
YLR315W,YCR011C,0,0.6533881,0.1621052622795105,0.46107783913612366,0.2388477623462677
YJL042W,YOR141C,0,0.65333885,0.16204839944839478,0.46107783913612366,0.238947793841362
YCR009C,YDL022W,1,0.6533116,0.16234222054481506,0.4620758593082428,0.238947793841362
YML045W,YLR347C,0,0.6532349,0.16228531301021576,0.4620758593082428,0.2390478104352951
YFR009W,YLR390W,0,0.65321064,0.16222845017910004,0.4620758593082428,0.2391478270292282
YDR078C,YGL244W,0,0.6531479,0.1621716320514679,0.4620758593082428,0.23924784362316132
YIL053W,YOR367W,1,0.652799,0.16246499121189117,0.46307384967803955,0.23924784362316132
YIL094C,YER178W,0,0.6525832,0.16240811347961426,0.46307384967803955,0.23934787511825562
YHR079C-A,YNL047C,0,0.65247345,0.16235129535198212,0.46307384967803955,0.23944789171218872
YML057W,YBR045C,0,0.65168434,0.16229450702667236,0.46307384967803955,0.23954790830612183
YDL211C,YBL058W,0,0.6508705,0.1622377634048462,0.46307384967803955,0.23964792490005493
YBL004W,YDL004W,0,0.6506709,0.1621810495853424,0.46307384967803955,0.23974795639514923
YLR191W,YOL086C,0,0.6505757,0.1621243953704834,0.46307384967803955,0.23984797298908234
YDR111C,YNL059C,0,0.6503593,0.16206775605678558,0.46307384967803955,0.23994798958301544
YLR175W,YBR046C,0,0.65034336,0.16201117634773254,0.46307384967803955,0.24004800617694855
YMR321C,YOR074C,0,0.6502082,0.1619546264410019,0.46307384967803955,0.24014802277088165
YPL212C,YER101C,0,0.6499355,0.16189812123775482,0.46307384967803955,0.24024805426597595
YJL192C,YPL036W,0,0.6499059,0.16184164583683014,0.46307384967803955,0.24034807085990906
YGR057C,YCR021C,0,0.6497345,0.16178521513938904,0.46307384967803955,0.24044808745384216
YOR285W,YBL056W,0,0.64942646,0.16172882914543152,0.46307384967803955,0.24054810404777527
YPR057W,YJL045W,0,0.6492137,0.1616724729537964,0.46307384967803955,0.24064813554286957
YOR181W,YOR043W,1,0.64888775,0.16196447610855103,0.4640718698501587,0.24064813554286957
YKL005C,YNL117W,0,0.6487237,0.1619080752134323,0.4640718698501587,0.24074815213680267
YGR132C,YDR294C,0,0.6483965,0.16185171902179718,0.4640718698501587,0.24084816873073578
YJL011C,YBR045C,0,0.6476823,0.16179540753364563,0.4640718698501587,0.24094818532466888
YGL225W,YLR047C,0,0.64711016,0.16173912584781647,0.4640718698501587,0.24104821681976318
YNL035C,YHR152W,0,0.6462718,0.1616828888654709,0.4640718698501587,0.2411482334136963
YBR187W,YLR001C,0,0.6461236,0.1616266965866089,0.4640718698501587,0.2412482500076294
YNL138W,YMR009W,0,0.6451818,0.16157053411006927,0.4640718698501587,0.2413482666015625
YGL054C,YPL002C,0,0.64515316,0.16151441633701324,0.4640718698501587,0.2414482831954956
YMR110C,YIL018W,0,0.64507943,0.1614583283662796,0.4640718698501587,0.2415483146905899
YFL011W,YGL163C,0,0.6449429,0.16140228509902954,0.4640718698501587,0.241648331284523
YKL062W,YLR337C,1,0.64464116,0.161693274974823,0.46506986021995544,0.241648331284523
YHR132C,YJL059W,0,0.64453316,0.16163718700408936,0.46506986021995544,0.24174834787845612
YBR150C,YNL117W,0,0.6439612,0.1615811437368393,0.46506986021995544,0.24184836447238922
YGR167W,YFR053C,0,0.64358556,0.16152513027191162,0.46506986021995544,0.24194839596748352
YDR222W,YKL165C,0,0.64332294,0.16146916151046753,0.46506986021995544,0.24204841256141663
YML030W,YMR032W,0,0.6428235,0.16141323745250702,0.46506986021995544,0.24214842915534973
YLR110C,YBR216C,0,0.642528,0.1613573431968689,0.46506986021995544,0.24224844574928284
YCR106W,YNL283C,0,0.64237636,0.16130149364471436,0.46506986021995544,0.24234846234321594
YMR033W,YOR019W,0,0.64224935,0.1612456738948822,0.46506986021995544,0.24244849383831024
YLR110C,YDR294C,0,0.64155257,0.16118989884853363,0.46506986021995544,0.24254851043224335
YPL147W,YLR118C,0,0.6414892,0.16113416850566864,0.46506986021995544,0.24264852702617645
YNR056C,YKR020W,0,0.64145637,0.16107846796512604,0.46506986021995544,0.24274854362010956
YMR199W,YDL020C,0,0.6413604,0.16102281212806702,0.46506986021995544,0.24284857511520386
YJL159W,YGL153W,0,0.6408088,0.16096718609333038,0.46506986021995544,0.24294859170913696
YJL057C,YDR163W,0,0.6407481,0.16091160476207733,0.46506986021995544,0.24304860830307007
YAL014C,YMR020W,0,0.6406946,0.16085605323314667,0.46506986021995544,0.24314862489700317
YDR119W,YOR375C,0,0.64025813,0.16080054640769958,0.46506986021995544,0.24324865639209747
YHR114W,YJR113C,0,0.64025396,0.16074508428573608,0.46506986021995544,0.24334867298603058
YDL194W,YEL034W,0,0.64023834,0.16068965196609497,0.46506986021995544,0.24344868957996368
YJL128C,YPL242C,1,0.63983166,0.16097897291183472,0.4660678505897522,0.24344868957996368
YLL054C,YCL034W,0,0.6396791,0.16092349588871002,0.4660678505897522,0.2435487061738968
YGL096W,YJR092W,0,0.6396145,0.1608680635690689,0.4660678505897522,0.2436487227678299
YGR216C,YPL168W,0,0.6394315,0.16081267595291138,0.4660678505897522,0.2437487542629242
YCL054W,YEL005C,0,0.63933367,0.16075731813907623,0.4660678505897522,0.2438487708568573
YBR026C,YMR179W,0,0.63933265,0.16070199012756348,0.4660678505897522,0.2439487874507904
YBL061C,YOL089C,1,0.6387564,0.16099071502685547,0.46706587076187134,0.2439487874507904
YPL193W,YDL078C,0,0.6386658,0.16093535721302032,0.46706587076187134,0.2440488040447235
YJL225C,YBR020W,0,0.6382894,0.16088002920150757,0.46706587076187134,0.2441488355398178
YGR132C,YDL093W,0,0.6380921,0.1608247458934784,0.46706587076187134,0.24424885213375092
YLL005C,YML121W,0,0.63802236,0.1607694923877716,0.46706587076187134,0.24434886872768402
YKL035W,YAL038W,0,0.63798785,0.1607142835855484,0.46706587076187134,0.24444888532161713
YOL084W,YNL257C,0,0.63783497,0.16065911948680878,0.46706587076187134,0.24454891681671143
YML071C,YGL184C,0,0.6377326,0.16060398519039154,0.46706587076187134,0.24464893341064453
YKL221W,YHR209W,0,0.637572,0.1605488806962967,0.46706587076187134,0.24474895000457764
YHR001W,YDL207W,0,0.6374433,0.16049382090568542,0.46706587076187134,0.24484896659851074
YCR036W,YDR464W,0,0.6373241,0.16043880581855774,0.46706587076187134,0.24494898319244385
YIL005W,YJL082W,0,0.63722414,0.16038382053375244,0.46706587076187134,0.24504901468753815
YNR012W,YDL047W,0,0.6370903,0.16032887995243073,0.46706587076187134,0.24514903128147125
YBR153W,YER014W,0,0.63680285,0.1602739691734314,0.46706587076187134,0.24524904787540436
YHL022C,YEL011W,0,0.6364666,0.16021910309791565,0.46706587076187134,0.24534906446933746
YLR394W,YOL116W,0,0.6362898,0.1601642668247223,0.46706587076187134,0.24544909596443176
YBR132C,YKL213C,0,0.63627464,0.1601094752550125,0.46706587076187134,0.24554911255836487
YHR062C,YHR102W,0,0.6362722,0.16005471348762512,0.46706587076187134,0.24564912915229797
YOR106W,YIR013C,0,0.63600665,0.1599999964237213,0.46706587076187134,0.24574914574623108
YER150W,YKR020W,0,0.6359943,0.1599453240633011,0.46706587076187134,0.24584917724132538
YOR354C,YDL105W,0,0.63554275,0.15989066660404205,0.46706587076187134,0.24594919383525848
YDR386W,YDR480W,0,0.63465095,0.1598360687494278,0.46706587076187134,0.2460492104291916
YNL190W,YJL144W,1,0.6345284,0.16012291610240936,0.4680638611316681,0.2460492104291916
YDR281C,YPL224C,0,0.63383925,0.16006825864315033,0.4680638611316681,0.2461492270231247
YBR037C,YIL085C,0,0.6337173,0.16001364588737488,0.4680638611316681,0.2462492436170578
YDR429C,YPL099C,0,0.6334667,0.159959077835083,0.4680638611316681,0.2463492751121521
YKL084W,YOR110W,0,0.6332308,0.15990453958511353,0.4680638611316681,0.2464492917060852
YPR148C,YAL022C,0,0.63322395,0.15985003113746643,0.4680638611316681,0.2465493083000183
YML028W,YMR288W,0,0.6330945,0.15979556739330292,0.4680638611316681,0.24664932489395142
YOR297C,YPR075C,1,0.6328014,0.16008174419403076,0.46906188130378723,0.24664932489395142
YLR248W,YER062C,1,0.6325323,0.16036772727966309,0.470059871673584,0.24664932489395142
YGL142C,YDR530C,0,0.6324635,0.16031314432621002,0.470059871673584,0.24674935638904572
YGR098C,YCL051W,0,0.6321763,0.16025859117507935,0.470059871673584,0.24684937298297882
YOR377W,YDR254W,0,0.6319925,0.16020408272743225,0.470059871673584,0.24694938957691193
YFL062W,YBR161W,0,0.6319778,0.16014960408210754,0.470059871673584,0.24704940617084503
YJL214W,YNR036C,0,0.6315411,0.16009517014026642,0.470059871673584,0.24714942276477814
YOL107W,YIR019C,0,0.6314912,0.16004078090190887,0.470059871673584,0.24724945425987244
YKL091C,YGR203W,0,0.63136727,0.15998640656471252,0.470059871673584,0.24734947085380554
YJL063C,YLR026C,0,0.63124305,0.15993209183216095,0.470059871673584,0.24744948744773865
YDR216W,YOR133W,0,0.6312119,0.15987780690193176,0.470059871673584,0.24754950404167175
YNL071W,YMR021C,0,0.63090074,0.15982355177402496,0.470059871673584,0.24764953553676605
YLR361C,YJL079C,0,0.6306634,0.15976934134960175,0.470059871673584,0.24774955213069916
YGR284C,YKR002W,0,0.6304514,0.15971516072750092,0.470059871673584,0.24784956872463226
YLR203C,YJL083W,0,0.6300845,0.15966100990772247,0.470059871673584,0.24794958531856537
YKL055C,YGR247W,0,0.63001776,0.1596069186925888,0.470059871673584,0.24804961681365967
YGL062W,YPL056C,0,0.62962556,0.15955284237861633,0.470059871673584,0.24814963340759277
YOR367W,YHR206W,1,0.6294333,0.15983745455741882,0.4710578918457031,0.24814963340759277
YDR216W,YAL009W,0,0.6292748,0.15978334844112396,0.4710578918457031,0.24824965000152588
YOL060C,YKL043W,0,0.62926126,0.1597292721271515,0.4710578918457031,0.24834966659545898
YFL001W,YDL049C,0,0.6291646,0.1596752405166626,0.4710578918457031,0.2484496831893921
YDR040C,YDR388W,1,0.6287373,0.15995942056179047,0.4720558822154999,0.2484496831893921
YBR221C,YLR247C,0,0.6286271,0.159905344247818,0.4720558822154999,0.2485497146844864
YKL006W,YHR194W,0,0.6284604,0.1598512977361679,0.4720558822154999,0.2486497312784195
YML121W,YLR083C,0,0.62824327,0.1597972959280014,0.4720558822154999,0.2487497478723526
YNL267W,YDR518W,0,0.6276475,0.1597433239221573,0.4720558822154999,0.2488497644662857
YNL020C,YBR016W,1,0.6275743,0.16002701222896576,0.473053902387619,0.2488497644662857
YIL117C,YOR117W,0,0.6268848,0.15997299551963806,0.473053902387619,0.24894979596138
YFR044C,YML025C,0,0.6264011,0.15991902351379395,0.473053902387619,0.2490498125553131
YOR048C,YKL095W,0,0.62616456,0.1598650962114334,0.473053902387619,0.24914982914924622
YJL045W,YGR148C,0,0.6260027,0.15981119871139526,0.473053902387619,0.24924984574317932
YGR092W,YDL174C,0,0.62584853,0.1597573310136795,0.473053902387619,0.24934987723827362
YLR132C,YBL005W-A,0,0.6257566,0.15970350801944733,0.473053902387619,0.24944989383220673
YHR024C,YOL009C,0,0.62573147,0.15964971482753754,0.473053902387619,0.24954991042613983
YMR200W,YGR199W,0,0.6257063,0.15959596633911133,0.473053902387619,0.24964992702007294
YGR044C,YIL020C,0,0.62554044,0.1595422476530075,0.473053902387619,0.24974994361400604
YAL054C,YML062C,0,0.62549394,0.15948855876922607,0.473053902387619,0.24984997510910034
YDR208W,YJR125C,0,0.62533927,0.15943491458892822,0.473053902387619,0.24994999170303345
YBR101C,YDR410C,0,0.62516695,0.15938130021095276,0.473053902387619,0.25005000829696655
YJR108W,YGL243W,0,0.62495744,0.15932773053646088,0.473053902387619,0.25015002489089966
YNL176C,YDR322C-A,0,0.6249497,0.15927419066429138,0.473053902387619,0.25025004148483276
YCR067C,YMR158W,0,0.6237679,0.15922069549560547,0.473053902387619,0.25035005807876587
YOL102C,YDL113C,0,0.6235653,0.15916723012924194,0.473053902387619,0.25045010447502136
YNR057C,YHL034C,0,0.6234876,0.1591137945652008,0.473053902387619,0.25055012106895447
YPL230W,YDL235C,1,0.62347734,0.1593959778547287,0.47405189275741577,0.25055012106895447
YMR199W,YLR119W,0,0.62297595,0.15934249758720398,0.47405189275741577,0.2506501376628876
YGL216W,YNL037C,0,0.6220168,0.15928906202316284,0.47405189275741577,0.2507501542568207
YOR109W,YGR074W,0,0.6218688,0.15923567116260529,0.47405189275741577,0.2508501708507538
YNL130C,YHR123W,0,0.6213886,0.15918231010437012,0.47405189275741577,0.2509501874446869
YBR180W,YBR080C,0,0.6213178,0.15912897884845734,0.47405189275741577,0.25105020403862
YMR168C,YLR452C,0,0.62129736,0.15907569229602814,0.47405189275741577,0.2511502206325531
YHL035C,YDR009W,0,0.6211735,0.15902243554592133,0.47405189275741577,0.2512502372264862
YHR205W,YPL242C,1,0.62110215,0.15930388867855072,0.4750499129295349,0.2512502372264862
YKL145W,YHR139C,0,0.620962,0.15925058722496033,0.4750499129295349,0.2513502836227417
YDR155C,YFR028C,0,0.6208676,0.15919733047485352,0.4750499129295349,0.2514503002166748
YDR468C,YHR034C,0,0.6205865,0.1591441035270691,0.4750499129295349,0.2515503168106079
YKL176C,YER185W,0,0.62022066,0.15909090638160706,0.4750499129295349,0.251650333404541
YIR013C,YOR019W,0,0.61990744,0.1590377539396286,0.4750499129295349,0.2517503499984741
YFR004W,YGR108W,0,0.6198034,0.15898463129997253,0.4750499129295349,0.2518503665924072
YLR298C,YLR209C,0,0.6197269,0.15893155336380005,0.4750499129295349,0.25195038318634033
YLR006C,YOR028C,1,0.6194431,0.15921227633953094,0.47604790329933167,0.25195038318634033
YOR363C,YPL094C,0,0.6192361,0.15915915369987488,0.47604790329933167,0.25205039978027344
YNR060W,YLR022C,0,0.6189357,0.1591060757637024,0.47604790329933167,0.25215041637420654
YJL103C,YHL018W,0,0.6186849,0.1590530127286911,0.47604790329933167,0.25225046277046204
YOR030W,YAL061W,0,0.61845756,0.1589999943971634,0.47604790329933167,0.25235047936439514
YJL091C,YGL073W,0,0.61812973,0.15894702076911926,0.47604790329933167,0.25245049595832825
YKR080W,YPL013C,0,0.6177979,0.15889407694339752,0.47604790329933167,0.25255051255226135
YNL016W,YDR084C,0,0.61776197,0.15884116291999817,0.47604790329933167,0.25265052914619446
YLR378C,YGL259W,0,0.61736184,0.1587882786989212,0.47604790329933167,0.25275054574012756
YBR103W,YFR036W,0,0.6170505,0.15873543918132782,0.47604790329933167,0.25285056233406067
YLR404W,YGR198W,0,0.6169182,0.15868262946605682,0.47604790329933167,0.2529505789279938
YMR243C,YOR295W,0,0.6168878,0.1586298644542694,0.47604790329933167,0.2530505955219269
YPL059W,YKL048C,1,0.6168414,0.15890957415103912,0.4770458936691284,0.2530505955219269
YDL140C,YPL233W,0,0.61664337,0.15885676443576813,0.4770458936691284,0.2531506419181824
YPL132W,YGL051W,0,0.6162378,0.15880398452281952,0.4770458936691284,0.2532506585121155
YNL131W,YNL133C,0,0.61610067,0.1587512493133545,0.4770458936691284,0.2533506751060486
YGL240W,YMR318C,0,0.6159631,0.15869854390621185,0.4770458936691284,0.2534506916999817
YOL089C,YMR037C,1,0.615917,0.15897776186466217,0.47804391384124756,0.2534506916999817
YFR016C,YDR359C,0,0.6158138,0.15892501175403595,0.47804391384124756,0.2535507082939148
YCR005C,YGR277C,0,0.6155747,0.1588723063468933,0.47804391384124756,0.2536507248878479
YFL014W,YOR367W,1,0.6154208,0.15915119647979736,0.4790419042110443,0.2536507248878479
YJL167W,YNR028W,0,0.6153833,0.15909844636917114,0.4790419042110443,0.253750741481781
YDR059C,YLR421C,0,0.61518914,0.1590457260608673,0.4790419042110443,0.2538507580757141
YAL039C,YDR137W,0,0.6151182,0.15899305045604706,0.4790419042110443,0.2539508044719696
YCL030C,YER127W,0,0.6151,0.1589404046535492,0.4790419042110443,0.2540508210659027
YBR028C,YML130C,0,0.6150712,0.15888778865337372,0.4790419042110443,0.2541508376598358
YKR029C,YBR279W,0,0.61505216,0.15883520245552063,0.4790419042110443,0.2542508542537689
YPL117C,YGL139W,0,0.6149626,0.15878266096115112,0.4790419042110443,0.254350870847702
YJL214W,YGR032W,0,0.6149057,0.1587301641702652,0.4790419042110443,0.25445088744163513
YLR270W,YLR013W,0,0.61374986,0.15867768228054047,0.4790419042110443,0.25455090403556824
YGL016W,YNL037C,0,0.61373377,0.15862524509429932,0.4790419042110443,0.25465092062950134
YPL246C,YOR298W,0,0.6136206,0.15857283771038055,0.4790419042110443,0.25475093722343445
YER019W,YKR072C,1,0.6135217,0.15885072946548462,0.48003992438316345,0.25475093722343445
YOL044W,YDL243C,0,0.613281,0.15879827737808228,0.48003992438316345,0.25485098361968994
YMR172W,YHR114W,1,0.61327624,0.15907590091228485,0.4810379147529602,0.25485098361968994
YLR352W,YKR034W,0,0.6132128,0.15902341902256012,0.4810379147529602,0.25495100021362305
YOR367W,YOR208W,1,0.6132095,0.1593007892370224,0.48203593492507935,0.25495100021362305
YKL208W,YAL022C,0,0.61304927,0.1592482626438141,0.48203593492507935,0.25505101680755615
YIL076W,YJL180C,0,0.61255395,0.15919578075408936,0.48203593492507935,0.25515103340148926
YBR106W,YFL013C,0,0.6123197,0.159143328666687,0.48203593492507935,0.25525104999542236
YDR017C,YBR016W,0,0.6119726,0.15909090638160706,0.48203593492507935,0.25535106658935547
YPL170W,YOR026W,0,0.61196876,0.15903852880001068,0.48203593492507935,0.2554510831832886
YIL159W,YPR075C,1,0.6118779,0.1593153327703476,0.4830339252948761,0.2554510831832886
YOR147W,YBR265W,0,0.6115564,0.15926291048526764,0.4830339252948761,0.2555510997772217
YLR058C,YBR031W,0,0.61135685,0.15921053290367126,0.4830339252948761,0.2556511163711548
YCR091W,YPL158C,0,0.6112438,0.15915817022323608,0.4830339252948761,0.2557511627674103
YBR221C,YNL298W,0,0.6110461,0.15910585224628448,0.4830339252948761,0.2558511793613434
YKR034W,YLR319C,0,0.61038136,0.15905356407165527,0.4830339252948761,0.2559511959552765
YIL153W,YNR031C,1,0.6101123,0.1593298316001892,0.48403194546699524,0.2559511959552765
YDR446W,YLR337C,0,0.610008,0.15927749872207642,0.48403194546699524,0.2560512125492096
YLR328W,YOR351C,0,0.60964465,0.1592252105474472,0.48403194546699524,0.2561512291431427
YAR003W,YJL082W,0,0.6093171,0.15917295217514038,0.48403194546699524,0.2562512457370758
YNL016W,YCR045C,0,0.609198,0.15912073850631714,0.48403194546699524,0.2563512623310089
YIL159W,YNL176C,0,0.60918057,0.1590685397386551,0.48403194546699524,0.256451278924942
YMR175W,YCL032W,1,0.6087967,0.15934425592422485,0.485029935836792,0.256451278924942
YKL141W,YDL216C,0,0.608696,0.1592920422554016,0.485029935836792,0.2565512955188751
YBR210W,YOR324C,0,0.6081219,0.15923984348773956,0.485029935836792,0.2566513419151306
YJR021C,YFR014C,0,0.6080599,0.1591876894235611,0.485029935836792,0.2567513585090637
YJL013C,YMR295C,0,0.60772645,0.15913556516170502,0.485029935836792,0.2568513751029968
YMR296C,YGL112C,0,0.607653,0.15908347070217133,0.485029935836792,0.25695139169692993
YCR009C,YOR297C,1,0.6072874,0.15935863554477692,0.48602795600891113,0.25695139169692993
YPL020C,YDR004W,0,0.607076,0.15930651128292084,0.48602795600891113,0.25705140829086304
YER021W,YMR160W,0,0.60701966,0.15925441682338715,0.48602795600891113,0.25715142488479614
YMR250W,YHR175W,0,0.60695076,0.15920235216617584,0.48602795600891113,0.25725144147872925
YNL055C,YOR148C,0,0.6066364,0.15915033221244812,0.48602795600891113,0.25735145807266235
YML041C,YER013W,0,0.6065906,0.1590983271598816,0.48602795600891113,0.25745150446891785
YOL044W,YPR080W,0,0.6063367,0.15904638171195984,0.48602795600891113,0.25755152106285095
YOR256C,YJL079C,0,0.6063282,0.15899445116519928,0.48602795600891113,0.25765153765678406
YNL250W,YGL045W,0,0.60609347,0.1589425653219223,0.48602795600891113,0.25775155425071716
YAR003W,YPL221W,0,0.6060271,0.15889069437980652,0.48602795600891113,0.25785157084465027
YOL004W,YBR216C,0,0.6059883,0.1588388830423355,0.48602795600891113,0.2579515874385834
YBL047C,YLR323C,0,0.60552096,0.1587870866060257,0.48602795600891113,0.2580516040325165
YMR109W,YCL032W,1,0.60505325,0.1590612828731537,0.4870259463787079,0.2580516040325165
YOR043W,YKL062W,1,0.6050119,0.15933528542518616,0.488023966550827,0.2580516040325165
YBR019C,YPR091C,0,0.6048188,0.15928338468074799,0.488023966550827,0.2581516206264496
YDR155C,YDR488C,0,0.6045729,0.1592315137386322,0.488023966550827,0.2582516372203827
YMR025W,YNL055C,0,0.6040132,0.1591796875,0.488023966550827,0.2583516836166382
YOR272W,YNL335W,0,0.6039998,0.15912789106369019,0.488023966550827,0.2584517002105713
YFR045W,YJL002C,0,0.6039412,0.15907612442970276,0.488023966550827,0.2585517168045044
YMR293C,YIR018W,0,0.603756,0.15902438759803772,0.488023966550827,0.2586517333984375
YKL143W,YLR006C,1,0.60324067,0.15929779410362244,0.4890219569206238,0.2586517333984375
YKL077W,YBR065C,0,0.60301554,0.15924601256847382,0.4890219569206238,0.2587517499923706
YHR191C,YIL103W,0,0.6026442,0.15919427573680878,0.4890219569206238,0.2588517665863037
YGR080W,YJL002C,0,0.60224354,0.15914258360862732,0.4890219569206238,0.2589517831802368
YDL005C,YGL127C,0,0.6015844,0.15909090638160706,0.4890219569206238,0.2590517997741699
YDL022W,YOR208W,1,0.60143065,0.15936383605003357,0.49001994729042053,0.2590517997741699
YCR073C,YPL180W,1,0.60138106,0.15963660180568695,0.4910179674625397,0.2590517997741699
YFL052W,YFR009W,0,0.6012124,0.15958482027053833,0.4910179674625397,0.259151816368103
YPR125W,YOL013C,0,0.6008097,0.1595330685377121,0.4910179674625397,0.2592518627643585
YJL005W,YDL170W,0,0.6007863,0.15948136150836945,0.4910179674625397,0.2593518793582916
YML078W,YGR246C,0,0.600773,0.15942968428134918,0.4910179674625397,0.25945189595222473
YJL093C,YDR351W,0,0.60064375,0.1593780368566513,0.4910179674625397,0.25955191254615784
YPL141C,YOL066C,0,0.6006329,0.15932641923427582,0.4910179674625397,0.25965192914009094
YMR278W,YPL208W,0,0.600603,0.1592748463153839,0.4910179674625397,0.25975194573402405
YGR052W,YHL009C,0,0.6003808,0.1592233031988144,0.4910179674625397,0.25985196232795715
YNL239W,YBL066C,0,0.600199,0.15917178988456726,0.4910179674625397,0.25995197892189026
YOR208W,YHL007C,1,0.6000435,0.1594437211751938,0.4920159578323364,0.25995197892189026
YGL094C,YNL127W,0,0.5999539,0.15939217805862427,0.4920159578323364,0.26005199551582336
YJL172W,YFR036W,0,0.59989244,0.15934066474437714,0.4920159578323364,0.26015204191207886
YOR068C,YNR075W,0,0.5994326,0.1592891812324524,0.4920159578323364,0.26025205850601196
YNL241C,YDR423C,0,0.59932125,0.15923772752285004,0.4920159578323364,0.26035207509994507
YDL040C,YCR044C,0,0.5989627,0.15918630361557007,0.4920159578323364,0.2604520916938782
YNL138W,YLR340W,0,0.59877545,0.15913492441177368,0.4920159578323364,0.2605521082878113
YBR272C,YBL100W-B,0,0.5984622,0.15908357501029968,0.4920159578323364,0.2606521248817444
YDR369C,YNR073C,0,0.5984584,0.15903225541114807,0.4920159578323364,0.2607521414756775
YDR172W,YLR383W,0,0.59745324,0.15898098051548004,0.4920159578323364,0.2608521580696106
YOR241W,YBR088C,0,0.59737545,0.1589297205209732,0.4920159578323364,0.2609522044658661
YJR034W,YJL149W,0,0.5970338,0.15887850522994995,0.4920159578323364,0.2610522210597992
YLR332W,YLR239C,0,0.5968037,0.15882731974124908,0.4920159578323364,0.2611522376537323
YDR200C,YBL100W-B,0,0.5965085,0.1587761640548706,0.4920159578323364,0.2612522542476654
YDR512C,YGR275W,0,0.5965035,0.1587250530719757,0.4920159578323364,0.2613522708415985
YEL056W,YOR338W,0,0.5964771,0.158673956990242,0.4920159578323364,0.2614522874355316
YMR078C,YHR043C,0,0.59641594,0.15862290561199188,0.4920159578323364,0.2615523040294647
YGR040W,YLR337C,0,0.5963931,0.15857188403606415,0.4920159578323364,0.2616523206233978
YLR118C,YNL224C,0,0.5958979,0.15852090716362,0.4920159578323364,0.26175233721733093
YER118C,YLR113W,1,0.5957199,0.15879137814044952,0.49301397800445557,0.26175233721733093
YOR106W,YAL007C,0,0.59569144,0.1587403565645218,0.49301397800445557,0.2618523836135864
YHR106W,YKR098C,0,0.59568685,0.15868936479091644,0.49301397800445557,0.26195240020751953
YOR103C,YDL029W,0,0.59566015,0.15863840281963348,0.49301397800445557,0.26205241680145264
YDL247W,YDR384C,0,0.5956001,0.1585874855518341,0.49301397800445557,0.26215243339538574
YMR175W,YHR206W,1,0.5953653,0.15885750949382782,0.4940119683742523,0.26215243339538574
YJL138C,YMR315W,0,0.59519917,0.15880654752254486,0.4940119683742523,0.26225244998931885
YOL142W,YIL010W,0,0.59502184,0.1587556153535843,0.4940119683742523,0.26235246658325195
YPR003C,YPL012W,0,0.59485364,0.1587047129869461,0.4940119683742523,0.26245248317718506
YDR512C,YNL251C,0,0.59475,0.1586538404226303,0.4940119683742523,0.26255249977111816
YBR101C,YOL045W,0,0.5946332,0.1586030125617981,0.4940119683742523,0.26265251636505127
YOR215C,YGR195W,0,0.5942215,0.15855221450328827,0.4940119683742523,0.26275256276130676
YGL038C,YCL057W,0,0.59354436,0.15850144624710083,0.4940119683742523,0.26285257935523987
YKR046C,YHR214C-B,0,0.59340763,0.15845070779323578,0.4940119683742523,0.262952595949173
YCL045C,YFL061W,0,0.593392,0.15839999914169312,0.4940119683742523,0.2630526125431061
YOR358W,YNL190W,0,0.5933145,0.15834933519363403,0.4940119683742523,0.2631526291370392
YAR033W,YEL031W,0,0.5926889,0.15829868614673615,0.4940119683742523,0.2632526457309723
YOL082W,YPL208W,0,0.5926406,0.15824808180332184,0.4940119683742523,0.2633526623249054
YGR004W,YCL064C,0,0.59247917,0.15819750726222992,0.4940119683742523,0.2634526789188385
YFR016C,YKL095W,0,0.5924549,0.1581469625234604,0.4940119683742523,0.263552725315094
YHR035W,YBR089C-A,0,0.5922669,0.15809644758701324,0.4940119683742523,0.2636527419090271
YAL029C,YDR129C,0,0.5922264,0.15804597735404968,0.4940119683742523,0.2637527585029602
YKL022C,YLR203C,0,0.59213865,0.1579955369234085,0.4940119683742523,0.2638527750968933
YDR528W,YPR113W,0,0.5920206,0.15794511139392853,0.4940119683742523,0.2639527916908264
YHR063C,YKL192C,0,0.59159905,0.15789473056793213,0.4940119683742523,0.2640528082847595
YLR299W,YCR057C,0,0.5914651,0.1578443944454193,0.4940119683742523,0.2641528248786926
YNL243W,YNL318C,0,0.5913806,0.1577940732240677,0.4940119683742523,0.26425284147262573
YPR124W,YHR102W,0,0.5913401,0.15774378180503845,0.4940119683742523,0.26435285806655884
YKL096W-A,YJL124C,0,0.5909531,0.1576935350894928,0.4940119683742523,0.26445290446281433
YOR266W,YLR376C,0,0.5907478,0.15764331817626953,0.4940119683742523,0.26455292105674744
YLR023C,YIL075C,0,0.5906587,0.15759311616420746,0.4940119683742523,0.26465293765068054
YNL336W,YJR026W,0,0.5903019,0.15754295885562897,0.4940119683742523,0.26475295424461365
YLR297W,YER074W,0,0.59020317,0.15749284625053406,0.4940119683742523,0.26485297083854675
YNL106C,YOR380W,0,0.59012437,0.15744274854660034,0.4940119683742523,0.26495298743247986
YOR065W,YML016C,0,0.5893088,0.157392680644989,0.4940119683742523,0.26505300402641296
YER183C,YBR132C,0,0.5889259,0.15734265744686127,0.4940119683742523,0.26515302062034607
YBR192W,YJR021C,0,0.5887883,0.1572926640510559,0.4940119683742523,0.2652530372142792
YOL089C,YKL048C,1,0.5887527,0.1575603485107422,0.49500998854637146,0.2652530372142792
YDR453C,YDR233C,0,0.58865005,0.15751032531261444,0.49500998854637146,0.26535308361053467
YBR186W,YDR040C,0,0.5883864,0.1574603170156479,0.49500998854637146,0.2654531002044678
YKL091C,YMR168C,0,0.5880908,0.15741033852100372,0.49500998854637146,0.2655531167984009
YFL009W,YLR157C,0,0.5879934,0.15736040472984314,0.49500998854637146,0.265653133392334
YGR014W,YDR168W,1,0.5879209,0.1576276570558548,0.4960079789161682,0.265653133392334
YJR137C,YOR171C,0,0.5877357,0.15757767856121063,0.4960079789161682,0.2657531499862671
YER089C,YPL059W,1,0.58763516,0.1578446924686432,0.49700599908828735,0.2657531499862671
YEL063C,YOR298C-A,0,0.5876187,0.15779468417167664,0.49700599908828735,0.2658531665802002
YMR319C,YOR330C,0,0.5876028,0.15774469077587128,0.49700599908828735,0.2659531831741333
YJL194W,YFL031W,0,0.5866842,0.1576947420835495,0.49700599908828735,0.2660531997680664
YBR128C,YJR050W,0,0.5865799,0.1576448231935501,0.49700599908828735,0.2661532163619995
YPL230W,YOL104C,0,0.58627295,0.1575949341058731,0.49700599908828735,0.266253262758255
YIL009W,YHR179W,0,0.58622634,0.1575450748205185,0.49700599908828735,0.2663532793521881
YLR248W,YDL022W,1,0.5862018,0.1578115075826645,0.4980039894580841,0.2663532793521881
YMR237W,YLR440C,0,0.5857532,0.1577616184949875,0.4980039894580841,0.2664532959461212
YMR244C-A,YNL071W,0,0.5856676,0.15771175920963287,0.4980039894580841,0.2665533125400543
YIL046W,YDR034C,0,0.5855104,0.15766192972660065,0.4980039894580841,0.2666533291339874
YJL001W,YLR220W,0,0.5853921,0.1576121300458908,0.4980039894580841,0.26675334572792053
YJR056C,YCL068C,0,0.58505136,0.15756236016750336,0.4980039894580841,0.26685336232185364
YLR042C,YMR030W,0,0.5850227,0.1575126200914383,0.4980039894580841,0.26695337891578674
YPR071W,YPR204W,0,0.5850134,0.1574629247188568,0.4980039894580841,0.26705342531204224
YHR035W,YER166W,0,0.5849495,0.15741324424743652,0.4980039894580841,0.26715344190597534
YLR113W,YNL199C,0,0.5846456,0.15736360847949982,0.4980039894580841,0.26725345849990845
YMR009W,YDR292C,0,0.5846136,0.1573140025138855,0.4980039894580841,0.26735347509384155
YPL115C,YJL020C,0,0.58455974,0.15726441144943237,0.4980039894580841,0.26745349168777466
YOR292C,YDL171C,0,0.58435345,0.15721486508846283,0.4980039894580841,0.26755350828170776
YCL052C,YJR053W,0,0.58421427,0.15716534852981567,0.4980039894580841,0.26765352487564087
YPR083W,YPR022C,0,0.58372295,0.1571158617734909,0.4980039894580841,0.267753541469574
YCR067C,YER087W,0,0.5833776,0.15706641972064972,0.4980039894580841,0.2678535580635071
YER004W,YPL235W,0,0.5832541,0.15701699256896973,0.4980039894580841,0.2679536044597626
YJL155C,YAL032C,0,0.58318293,0.15696759521961212,0.4980039894580841,0.2680536210536957
YPR066W,YDL078C,0,0.58284616,0.1569182425737381,0.4980039894580841,0.2681536376476288
YDR260C,YLR060W,0,0.5824001,0.15686890482902527,0.4980039894580841,0.2682536542415619
YIL017C,YJL154C,0,0.5822742,0.15681961178779602,0.4980039894580841,0.268353670835495
YOL043C,YLR452C,0,0.5822051,0.15677034854888916,0.4980039894580841,0.2684536874294281
YKL221W,YHR066W,0,0.5820982,0.1567211002111435,0.4980039894580841,0.2685537040233612
YPL075W,YIL015W,0,0.5819104,0.1566718965768814,0.4980039894580841,0.2686537206172943
YOR126C,YIL068C,0,0.581672,0.1566227227449417,0.4980039894580841,0.2687537372112274
YDR129C,YKL143W,1,0.5815807,0.15688735246658325,0.49900200963020325,0.2687537372112274
YMR278W,YOL158C,0,0.5814743,0.15683814883232117,0.49900200963020325,0.2688537836074829
YMR047C,YJL180C,0,0.58091086,0.15678896009922028,0.49900200963020325,0.268953800201416
YLR197W,YLR060W,0,0.5808245,0.15673981606960297,0.49900200963020325,0.2690538167953491
YGR268C,YDR480W,0,0.5806214,0.15669068694114685,0.49900200963020325,0.2691538333892822
YBR077C,YLL052C,0,0.58016884,0.15664160251617432,0.49900200963020325,0.26925384998321533
YOR267C,YDL236W,0,0.5799321,0.15659254789352417,0.49900200963020325,0.26935386657714844
YPR075C,YHL007C,1,0.57991606,0.15685661137104034,0.5,0.26935386657714844
YGR224W,YHR205W,0,0.57989657,0.15680751204490662,0.5,0.26945388317108154
YOR081C,YNR052C,0,0.57982194,0.15675844252109528,0.5,0.26955389976501465
YDR040C,YLR380W,0,0.57963,0.15670941770076752,0.5,0.26965391635894775
YOR301W,YCL064C,0,0.57956916,0.15666040778160095,0.5,0.26975396275520325
YNL041C,YER177W,0,0.57948637,0.15661144256591797,0.5,0.26985397934913635
YMR109W,YLR336C,1,0.57884353,0.15687499940395355,0.5009980201721191,0.26985397934913635
YHR142W,YOL059W,0,0.57871026,0.156825989484787,0.5009980201721191,0.26995399594306946
YAR071W,YDL078C,0,0.5786512,0.1567770093679428,0.5009980201721191,0.27005401253700256
YDR353W,YGL148W,0,0.57863814,0.15672807395458221,0.5009980201721191,0.27015402913093567
YNL052W,YER003C,0,0.57811314,0.1566791534423828,0.5009980201721191,0.2702540457248688
YDR420W,YJL184W,1,0.5780692,0.15694227814674377,0.5019959807395935,0.2702540457248688
YPL180W,YKL048C,1,0.57800174,0.1572052389383316,0.5029940009117126,0.2702540457248688
YFL014W,YMR109W,1,0.57790637,0.1574680358171463,0.5039920210838318,0.2702540457248688
YDL046W,YGL098W,0,0.5767748,0.15741895139217377,0.5039920210838318,0.2703540623188019
YKL062W,YLR138W,1,0.5758327,0.15768152475357056,0.5049900412559509,0.2703540623188019
YEL030W,YPL176C,0,0.575809,0.15763239562511444,0.5049900412559509,0.270454078912735
YPL010W,YIL048W,0,0.5756051,0.1575833112001419,0.5049900412559509,0.2705541253089905
YOR284W,YBL011W,0,0.5755857,0.15753424167633057,0.5049900412559509,0.2706541419029236
YKL201C,YPL056C,0,0.57542455,0.1574852168560028,0.5049900412559509,0.2707541584968567
YMR293C,YPL075W,0,0.5748946,0.15743622183799744,0.5049900412559509,0.2708541750907898
YOR157C,YOR330C,0,0.57484305,0.15738724172115326,0.5049900412559509,0.2709541916847229
YDR213W,YJL171C,0,0.5745439,0.15733830630779266,0.5049900412559509,0.271054208278656
YDL010W,YBR260C,1,0.57441515,0.1576002538204193,0.5059880018234253,0.271054208278656
YGL208W,YLR369W,0,0.5738598,0.15755127370357513,0.5059880018234253,0.2711542248725891
YKR100C,YDR129C,0,0.5737899,0.15750232338905334,0.5059880018234253,0.2712542414665222
YOR258W,YJL002C,0,0.5735364,0.15745341777801514,0.5059880018234253,0.2713542580604553
YNR067C,YDR394W,0,0.5733252,0.15740452706813812,0.5059880018234253,0.2714543044567108
YJR123W,YBR067C,0,0.5731642,0.1573556810617447,0.5059880018234253,0.2715543210506439
YPR121W,YDR518W,0,0.5731126,0.15730684995651245,0.5059880018234253,0.271654337644577
YGL060W,YHR204W,0,0.573007,0.1572580635547638,0.5059880018234253,0.27175435423851013
YPL029W,YBL050W,0,0.5728475,0.15720930695533752,0.5059880018234253,0.27185437083244324
YNL223W,YBR215W,0,0.57283133,0.15716056525707245,0.5059880018234253,0.27195438742637634
YJR035W,YKL077W,0,0.5728116,0.15711186826229095,0.5059880018234253,0.27205440402030945
YLR006C,YLR004C,0,0.5726923,0.15706320106983185,0.5059880018234253,0.27215442061424255
YMR280C,YDR519W,0,0.57249576,0.15701454877853394,0.5059880018234253,0.27225443720817566
YOR382W,YBL005W-A,0,0.5724921,0.1569659411907196,0.5059880018234253,0.27235448360443115
YLR344W,YDR276C,0,0.5722172,0.15691736340522766,0.5059880018234253,0.27245450019836426
YOR081C,YDL122W,0,0.5720632,0.1568688154220581,0.5059880018234253,0.27255451679229736
YDR449C,YDR122W,0,0.5720532,0.15682029724121094,0.5059880018234253,0.27265453338623047
YDR240C,YLR299W,0,0.5718974,0.15677179396152496,0.5059880018234253,0.2727545499801636
YBR128C,YIL139C,0,0.57155776,0.15672333538532257,0.5059880018234253,0.2728545665740967
YOR261C,YPR180W,0,0.5714761,0.15667490661144257,0.5059880018234253,0.2729545831680298
YPR029C,YPR033C,0,0.57141936,0.15662650763988495,0.5059880018234253,0.2730545997619629
YOR382W,YPL042C,0,0.57140076,0.15657813847064972,0.5059880018234253,0.273154616355896
YEL005C,YOL165C,0,0.5711286,0.15652979910373688,0.5059880018234253,0.2732546627521515
YMR081C,YGL028C,0,0.5710006,0.15648147463798523,0.5059880018234253,0.2733546793460846
YOR230W,YPL234C,0,0.570336,0.15643319487571716,0.5059880018234253,0.2734546959400177
YMR288W,YGL181W,0,0.56967586,0.15638494491577148,0.5059880018234253,0.2735547125339508
YML132W,YDR245W,0,0.5694558,0.1563367247581482,0.5059880018234253,0.2736547291278839
YDR406W,YIL064W,0,0.5691704,0.1562885344028473,0.5059880018234253,0.273754745721817
YNR032W,YAL054C,0,0.5691029,0.15624037384986877,0.5059880018234253,0.2738547623157501
YIL053W,YLR248W,1,0.56884724,0.15650030970573425,0.5069860219955444,0.2738547623157501
YER141W,YJR036C,0,0.56878924,0.15645210444927216,0.5069860219955444,0.2739547789096832
YDL046W,YPL198W,0,0.5685717,0.15640394389629364,0.5069860219955444,0.2740548253059387
YOL116W,YLR337C,1,0.5685382,0.15666358172893524,0.5079840421676636,0.2740548253059387
YBL036C,YLR013W,0,0.568419,0.15661539137363434,0.5079840421676636,0.2741548418998718
YPL170W,YIL170W,0,0.56823564,0.15656721591949463,0.5079840421676636,0.27425485849380493
YOR059C,YOL045W,0,0.5681815,0.1565190702676773,0.5079840421676636,0.27435487508773804
YLR332W,YNL020C,1,0.56765866,0.15677836537361145,0.5089820623397827,0.27435487508773804
YDR388W,YBR016W,1,0.5672779,0.15703749656677246,0.5099800229072571,0.27435487508773804
YDR099W,YNL045W,0,0.567096,0.15698924660682678,0.5099800229072571,0.27445489168167114
YLR307W,YMR304W,0,0.567069,0.1569410264492035,0.5099800229072571,0.27455490827560425
YBL101C,YER005W,0,0.5670247,0.15689285099506378,0.5099800229072571,0.27465492486953735
YBR229C,YPL083C,0,0.5668776,0.15684469044208527,0.5099800229072571,0.27475494146347046
YDL052C,YIL065C,0,0.56655324,0.15679655969142914,0.5099800229072571,0.27485495805740356
YML127W,YDL206W,0,0.5656128,0.1567484736442566,0.5099800229072571,0.27495500445365906
YNR010W,YIL044C,0,0.56524336,0.15670040249824524,0.5099800229072571,0.27505502104759216
YLR421C,YOR149C,0,0.5651735,0.15665236115455627,0.5099800229072571,0.27515503764152527
YDR388W,YIL153W,1,0.5644847,0.15691082179546356,0.5109780430793762,0.27515503764152527
YNL038W,YJL053W,0,0.5644647,0.1568627506494522,0.5109780430793762,0.2752550542354584
YLR132C,YGR221C,0,0.56434745,0.15681469440460205,0.5109780430793762,0.2753550708293915
YMR175W,YIL153W,1,0.5642103,0.15707287192344666,0.5119760632514954,0.2753550708293915
YGR005C,YCR089W,0,0.5635187,0.1570248007774353,0.5119760632514954,0.2754550874233246
YKL064W,YKR056W,0,0.56336665,0.15697674453258514,0.5119760632514954,0.2755551040172577
YHR111W,YLR157C,0,0.5633167,0.15692871809005737,0.5119760632514954,0.2756551206111908
YPL180W,YLR362W,1,0.56311166,0.15718653798103333,0.5129740238189697,0.2756551206111908
YCR009C,YOL116W,1,0.5625718,0.15744420886039734,0.5139720439910889,0.2756551206111908
YNL264C,YGR252W,0,0.5621941,0.1573960930109024,0.5139720439910889,0.2757551372051239
YIL117C,YGR271C-A,0,0.56177944,0.15734799206256866,0.5139720439910889,0.2758551836013794
YPR185W,YJL214W,0,0.5617347,0.1572999358177185,0.5139720439910889,0.2759552001953125
YDL054C,YIR010W,0,0.56172943,0.15725190937519073,0.5139720439910889,0.2760552167892456
YHR122W,YGR142W,0,0.56167495,0.15720391273498535,0.5139720439910889,0.2761552333831787
YDL077C,YPL064C,0,0.56084675,0.15715593099594116,0.5139720439910889,0.2762552499771118
YCR097W,YLR275W,0,0.55988646,0.15710799396038055,0.5139720439910889,0.2763552665710449
YKL129C,YGR014W,1,0.5598533,0.15736505389213562,0.514970064163208,0.2763552665710449
YPR103W,YIL082W-A,0,0.55984175,0.15731707215309143,0.514970064163208,0.276455283164978
YOL089C,YNL054W,0,0.55936444,0.15726912021636963,0.514970064163208,0.27655529975891113
YDR105C,YER167W,0,0.5591615,0.1572212129831314,0.514970064163208,0.27665531635284424
YLR093C,YOL165C,0,0.5586457,0.15717332065105438,0.514970064163208,0.27675536274909973
YBR278W,YJR125C,0,0.5586151,0.15712545812129974,0.514970064163208,0.27685537934303284
YER004W,YDR108W,0,0.5581621,0.1570776253938675,0.514970064163208,0.27695539593696594
YPL223C,YHR206W,1,0.5581543,0.15733414888381958,0.5159680843353271,0.27695539593696594
YGR193C,YHR190W,0,0.5579659,0.15728628635406494,0.5159680843353271,0.27705541253089905
YER049W,YBR290W,0,0.55784595,0.1572384387254715,0.5159680843353271,0.27715542912483215
YNL241C,YLR020C,0,0.5572188,0.15719063580036163,0.5159680843353271,0.27725544571876526
YBL019W,YGL245W,0,0.55688477,0.15714286267757416,0.5159680843353271,0.27735546231269836
YFR050C,YDR292C,0,0.5567506,0.15709510445594788,0.5159680843353271,0.27745547890663147
YDR434W,YPL003W,0,0.5566866,0.15704739093780518,0.5159680843353271,0.27755552530288696
YFL066C,YLR278C,0,0.5566181,0.15699969232082367,0.5159680843353271,0.27765554189682007
YMR032W,YPL059W,1,0.55650073,0.157255619764328,0.5169660449028015,0.27765554189682007
YNL097C,YKR078W,0,0.5563624,0.1572078913450241,0.5169660449028015,0.2777555584907532
YOR085W,YDR506C,0,0.55613786,0.1571601927280426,0.5169660449028015,0.2778555750846863
YPL181W,YBR182C,0,0.5555981,0.15711252391338348,0.5169660449028015,0.2779555916786194
YMR315W,YMR040W,0,0.55504185,0.15706488490104675,0.5169660449028015,0.2780556082725525
YDR411C,YER040W,0,0.55502266,0.1570172756910324,0.5169660449028015,0.2781556248664856
YFR046C,YHR004C,0,0.5547622,0.15696969628334045,0.5169660449028015,0.2782556414604187
YLL027W,YNL286W,0,0.55475396,0.1569221466779709,0.5169660449028015,0.2783556580543518
YPL122C,YGR077C,0,0.5547495,0.1568746268749237,0.5169660449028015,0.2784557044506073
YFL055W,YBR223C,0,0.55474454,0.15682712197303772,0.5169660449028015,0.2785557210445404
YFL018C,YGR140W,0,0.5547121,0.15677966177463531,0.5169660449028015,0.2786557376384735
YIL153W,YPL242C,1,0.55408466,0.15703479945659637,0.5179640650749207,0.2786557376384735
YDR164C,YKR102W,0,0.55376136,0.1569872945547104,0.5179640650749207,0.2787557542324066
YKR080W,YER141W,0,0.5536027,0.1569398194551468,0.5179640650749207,0.2788557708263397
YDR386W,YDL021W,0,0.55324614,0.15689238905906677,0.5179640650749207,0.2789557874202728
YGR185C,YMR092C,0,0.55242646,0.15684497356414795,0.5179640650749207,0.27905580401420593
YEL041W,YHR202W,0,0.5522762,0.1567975878715515,0.5179640650749207,0.27915582060813904
YCL025C,YFR036W,0,0.55199933,0.15675023198127747,0.5179640650749207,0.27925583720207214
YER052C,YHL009C,0,0.55169094,0.1567029058933258,0.5179640650749207,0.27935588359832764
YLR191W,YCL045C,0,0.55151176,0.15665559470653534,0.5179640650749207,0.27945590019226074
YAL048C,YOL089C,0,0.5507873,0.15660832822322845,0.5179640650749207,0.27955591678619385
YDR216W,YAR008W,0,0.5490188,0.15656109154224396,0.5179640650749207,0.27965593338012695
YEL029C,YPR091C,0,0.5488164,0.15651386976242065,0.5179640650749207,0.27975594997406006
YOR068C,YFL056C,0,0.54874897,0.15646669268608093,0.5179640650749207,0.27985596656799316
YGR211W,YDR490C,0,0.5485363,0.1564195305109024,0.5179640650749207,0.27995598316192627
YKR003W,YNL216W,0,0.5482629,0.15637239813804626,0.5179640650749207,0.2800559997558594
YFR055W,YGR125W,0,0.5481696,0.1563252955675125,0.5179640650749207,0.2801560163497925
YJL128C,YMR172W,1,0.5480809,0.15657934546470642,0.5189620852470398,0.2801560163497925
YKL129C,YKR072C,1,0.5479635,0.1568332314491272,0.5199601054191589,0.2801560163497925
YMR032W,YDR383C,0,0.54784095,0.15678603947162628,0.5199601054191589,0.280256062746048
YOR227W,YOR085W,0,0.54752576,0.15673886239528656,0.5199601054191589,0.2803560793399811
YJR117W,YCR066W,0,0.546759,0.15669173002243042,0.5199601054191589,0.2804560959339142
YOR030W,YJL118W,0,0.5465926,0.15664461255073547,0.5199601054191589,0.2805561125278473
YJL057C,YPR152C,0,0.5465764,0.1565975397825241,0.5199601054191589,0.2806561291217804
YDL235C,YOR047C,1,0.54656476,0.15685096383094788,0.5209580659866333,0.2806561291217804
YPL223C,YLR336C,1,0.54649216,0.1571042388677597,0.5219560861587524,0.2806561291217804
YPL036W,YPR071W,0,0.54647356,0.15705706179141998,0.5219560861587524,0.2807561457157135
YDR409W,YLR219W,0,0.5454297,0.15700989961624146,0.5219560861587524,0.2808561623096466
YCL025C,YMR033W,0,0.54542917,0.1569627821445465,0.5219560861587524,0.2809561789035797
YLR411W,YOL136C,0,0.5446463,0.15691569447517395,0.5219560861587524,0.2810562252998352
YCR045C,YBL045C,0,0.5441176,0.15686862170696259,0.5219560861587524,0.2811562418937683
YGR260W,YER185W,0,0.54387736,0.1568215936422348,0.5219560861587524,0.2812562584877014
YJL212C,YMR011W,0,0.5438771,0.1567745804786682,0.5219560861587524,0.2813562750816345
YPL240C,YNR051C,0,0.5434159,0.156727597117424,0.5219560861587524,0.2814562916755676
YKL025C,YLR089C,0,0.5433458,0.1566806435585022,0.5219560861587524,0.28155630826950073
YBR182C,YOR008C,1,0.54330206,0.15693321824073792,0.5229541063308716,0.28155630826950073
YIR033W,YHR112C,0,0.54325575,0.1568862348794937,0.5229541063308716,0.28165632486343384
YGL051W,YOL137W,0,0.5430727,0.1568392664194107,0.5229541063308716,0.28175634145736694
YLL033W,YGR289C,0,0.54294634,0.15679234266281128,0.5229541063308716,0.28185635805130005
YNL064C,YLR259C,0,0.5428667,0.15674543380737305,0.5229541063308716,0.28195640444755554
YDR218C,YLR247C,0,0.542313,0.1566985696554184,0.5229541063308716,0.28205642104148865
YAR033W,YOR019W,0,0.54194975,0.15665172040462494,0.5229541063308716,0.28215643763542175
YIL006W,YBL034C,0,0.54160714,0.15660490095615387,0.5229541063308716,0.28225645422935486
YMR313C,YNL256W,0,0.5407972,0.1565581113100052,0.5229541063308716,0.28235647082328796
YPL189W,YDR377W,0,0.5401002,0.1565113514661789,0.5229541063308716,0.28245648741722107
YOR271C,YOR210W,0,0.5400883,0.156464621424675,0.5229541063308716,0.2825565040111542
YDL128W,YIL065C,0,0.53991914,0.15641790628433228,0.5229541063308716,0.2826565206050873
YBR016W,YDR522C,0,0.5397257,0.15637123584747314,0.5229541063308716,0.2827565371990204
YDL160C,YLR017W,0,0.5393858,0.1563245803117752,0.5229541063308716,0.2828565835952759
YDL079C,YNL309W,0,0.5391177,0.15627795457839966,0.5229541063308716,0.282956600189209
YHR012W,YEL046C,0,0.5389799,0.1562313586473465,0.5229541063308716,0.2830566167831421
YNL156C,YLL016W,0,0.53878987,0.15618479251861572,0.5229541063308716,0.2831566333770752
YOR020C,YML013W,0,0.53817904,0.15613825619220734,0.5229541063308716,0.2832566499710083
YGL255W,YKL171W,0,0.5379503,0.15609174966812134,0.5229541063308716,0.2833566665649414
YHR005C,YGR205W,0,0.537465,0.15604525804519653,0.5229541063308716,0.2834566831588745
YLL021W,YDR406W,0,0.5373738,0.1559988111257553,0.5229541063308716,0.2835566997528076
YDR496C,YLL018C-A,0,0.53735375,0.15595237910747528,0.5229541063308716,0.2836567461490631
YNL208W,YOR056C,0,0.53665084,0.15590597689151764,0.5229541063308716,0.2837567627429962
YIL159W,YMR037C,1,0.53654957,0.15615704655647278,0.523952066898346,0.2837567627429962
YMR313C,YMR296C,0,0.5359428,0.15611061453819275,0.523952066898346,0.2838567793369293
YNL020C,YER118C,1,0.5359132,0.15636147558689117,0.5249500870704651,0.2838567793369293
YDL018C,YDL147W,0,0.53563464,0.15631501376628876,0.5249500870704651,0.2839567959308624
YJL174W,YLR314C,0,0.5355511,0.15626856684684753,0.5249500870704651,0.28405681252479553
YGL196W,YPL129W,0,0.5353886,0.1562221497297287,0.5249500870704651,0.28415682911872864
YHR188C,YPL235W,0,0.53488636,0.15617577731609344,0.5249500870704651,0.28425684571266174
YDL052C,YOR192C,0,0.53442264,0.15612941980361938,0.5249500870704651,0.28435686230659485
YER065C,YGL030W,0,0.5342082,0.1560830920934677,0.5249500870704651,0.28445687890052795
YJL020C,YOR153W,0,0.53419465,0.15603677928447723,0.5249500870704651,0.28455692529678345
YBR031W,YOR298W,0,0.53316903,0.15599051117897034,0.5249500870704651,0.28465694189071655
YGL167C,YLR299W,0,0.53302574,0.15594425797462463,0.5249500870704651,0.28475695848464966
YDR081C,YNL134C,0,0.5329371,0.1558980494737625,0.5249500870704651,0.28485697507858276
YDL142C,YPL209C,0,0.5328776,0.15585185587406158,0.5249500870704651,0.28495699167251587
YBL047C,YMR125W,0,0.53244424,0.15580569207668304,0.5249500870704651,0.285057008266449
YDR078C,YLR092W,0,0.5315243,0.1557595431804657,0.5249500870704651,0.2851570248603821
YPL128C,YOR264W,0,0.53126884,0.15571343898773193,0.5249500870704651,0.2852570414543152
YJL200C,YFL056C,0,0.5312365,0.15566736459732056,0.5249500870704651,0.2853570580482483
YHR032W,YOR142W,0,0.5312338,0.15562130510807037,0.5249500870704651,0.2854571044445038
YKL062W,YFR036W,0,0.53107715,0.15557527542114258,0.5249500870704651,0.2855571210384369
YHR002W,YLL057C,0,0.53102696,0.15552927553653717,0.5249500870704651,0.28565713763237
YLL051C,YBL091C,0,0.5309315,0.15548330545425415,0.5249500870704651,0.2857571542263031
YNL073W,YML133C,0,0.5306033,0.15543735027313232,0.5249500870704651,0.2858571708202362
YJR051W,YIL015W,0,0.5300418,0.15539143979549408,0.5249500870704651,0.2859571874141693
YNL110C,YOL058W,0,0.5298621,0.15534554421901703,0.5249500870704651,0.2860572040081024
YKL074C,YBR107C,0,0.5290712,0.15529967844486237,0.5249500870704651,0.2861572206020355
YIL021W,YBR212W,0,0.5290586,0.1552538424730301,0.5249500870704651,0.28625723719596863
YKR001C,YDR246W,0,0.5286654,0.155208021402359,0.5249500870704651,0.2863572835922241
YGR254W,YDL226C,0,0.5284103,0.1551622450351715,0.5249500870704651,0.2864573001861572
YIR033W,YIR008C,0,0.52796173,0.1551164835691452,0.5249500870704651,0.28655731678009033
YOR030W,YNL250W,0,0.52795243,0.15507075190544128,0.5249500870704651,0.28665733337402344
YIL037C,YOR380W,0,0.52794105,0.15502505004405975,0.5249500870704651,0.28675734996795654
YOR247W,YHR174W,0,0.5278915,0.1549793779850006,0.5249500870704651,0.28685736656188965
YLR191W,YPR204W,0,0.52767,0.15493372082710266,0.5249500870704651,0.28695738315582275
YHR074W,YJL095W,0,0.5276099,0.1548881083726883,0.5249500870704651,0.28705739974975586
YBR182C,YCR073C,1,0.5275332,0.15513688325881958,0.5259481072425842,0.28705739974975586
YIL140W,YNL065W,0,0.52746624,0.15509122610092163,0.5259481072425842,0.28715744614601135
YPL217C,YPR091C,0,0.5273442,0.15504559874534607,0.5259481072425842,0.28725746273994446
YBR182C,YLR319C,1,0.52729744,0.15529412031173706,0.5269461274147034,0.28725746273994446
YLR144C,YDR364C,0,0.52708817,0.1552484631538391,0.5269461274147034,0.28735747933387756
YDR163W,YOR209C,0,0.52697325,0.15520282089710236,0.5269461274147034,0.28745749592781067
YLR447C,YDR237W,0,0.5269486,0.155157208442688,0.5269461274147034,0.2875575125217438
YNL267W,YJR084W,0,0.52634406,0.1551116406917572,0.5269461274147034,0.2876575291156769
YNL281W,YGR067C,0,0.5260535,0.15506607294082642,0.5269461274147034,0.28775754570961
YER019W,YMR172W,1,0.52598274,0.1553141474723816,0.5279440879821777,0.28775754570961
YER127W,YLL057C,0,0.5257553,0.1552685648202896,0.5279440879821777,0.2878575623035431
YLR118C,YDR256C,0,0.5257545,0.15522301197052002,0.5279440879821777,0.2879575788974762
YBR014C,YML126C,0,0.52561545,0.15517747402191162,0.5279440879821777,0.2880576252937317
YLL053C,YLR095C,0,0.5255659,0.1551319658756256,0.5279440879821777,0.2881576418876648
YLR209C,YNL182C,0,0.5254316,0.155086487531662,0.5279440879821777,0.2882576584815979
YMR011W,YAR031W,0,0.5253451,0.15504103899002075,0.5279440879821777,0.288357675075531
YAR002C-A,YKR052C,0,0.52507603,0.1549956053495407,0.5279440879821777,0.2884576916694641
YHR108W,YML051W,0,0.525073,0.15495020151138306,0.5279440879821777,0.2885577082633972
YPR075C,YGL234W,0,0.52473545,0.1549048274755478,0.5279440879821777,0.2886577248573303
YDL005C,YDR530C,0,0.5247079,0.1548594832420349,0.5279440879821777,0.2887577414512634
YHR114W,YOL104C,0,0.52469087,0.15481416881084442,0.5279440879821777,0.28885775804519653
YGR046W,YIL031W,0,0.52463925,0.15476886928081512,0.5279440879821777,0.288957804441452
YJL054W,YEL019C,0,0.5234358,0.15472359955310822,0.5279440879821777,0.28905782103538513
YJR102C,YJL002C,0,0.52333,0.1546783596277237,0.5279440879821777,0.28915783762931824
YLR006C,YKL062W,1,0.5232404,0.15492546558380127,0.5289421081542969,0.28915783762931824
YNL271C,YKL040C,0,0.52316606,0.15488018095493317,0.5289421081542969,0.28925785422325134
YLR330W,YNL321W,0,0.5228721,0.15483494102954865,0.5289421081542969,0.28935787081718445
YJR144W,YDR040C,0,0.5222496,0.15478971600532532,0.5289421081542969,0.28945788741111755
YLL034C,YLL018C-A,0,0.522177,0.15474452078342438,0.5289421081542969,0.28955790400505066
YGL238W,YDR462W,0,0.52181196,0.15469935536384583,0.5289421081542969,0.28965792059898376
YPR029C,YLR390W-A,0,0.5217457,0.15465421974658966,0.5289421081542969,0.28975793719291687
YLR316C,YBR057C,0,0.52168375,0.1546090990304947,0.5289421081542969,0.28985798358917236
YLR399C,YLL024C,0,0.5214313,0.1545640081167221,0.5289421081542969,0.28995800018310547
YNL190W,YLR319C,1,0.52094024,0.15481048822402954,0.529940128326416,0.28995800018310547
YBL105C,YDR541C,0,0.52092254,0.15476536750793457,0.529940128326416,0.2900580167770386
YPR171W,YNL091W,1,0.5208746,0.15501165390014648,0.5309381484985352,0.2900580167770386
YGR278W,YNL183C,0,0.5207618,0.15496650338172913,0.5309381484985352,0.2901580333709717
YPL259C,YNR028W,0,0.52055186,0.15492136776447296,0.5309381484985352,0.2902580499649048
YDR453C,YDR439W,0,0.520532,0.15487627685070038,0.5309381484985352,0.2903580665588379
YKR054C,YHR102W,0,0.52037907,0.154831200838089,0.5309381484985352,0.290458083152771
YDL213C,YJL116C,0,0.5203638,0.1547861546278,0.5309381484985352,0.2905580997467041
YGR211W,YHR176W,0,0.5203613,0.15474112331867218,0.5309381484985352,0.2906581461429596
YJL155C,YML062C,0,0.52022314,0.15469613671302795,0.5309381484985352,0.2907581627368927
YDR225W,YNL305C,0,0.5201101,0.15465116500854492,0.5309381484985352,0.2908581793308258
YPL084W,YDL212W,0,0.5198833,0.15460622310638428,0.5309381484985352,0.2909581959247589
YPL255W,YGR255C,0,0.51985836,0.15456129610538483,0.5309381484985352,0.291058212518692
YER142C,YLR013W,0,0.51981795,0.15451641380786896,0.5309381484985352,0.2911582291126251
YAL063C,YGL130W,0,0.51972497,0.15447154641151428,0.5309381484985352,0.2912582457065582
YOR028C,YOR208W,1,0.5196835,0.15471698343753815,0.5319361090660095,0.2912582457065582
YBR074W,YGL045W,0,0.5193822,0.15467208623886108,0.5319361090660095,0.29135826230049133
YLL045C,YGR112W,0,0.5192235,0.1546272188425064,0.5319361090660095,0.29145827889442444
YLR260W,YOR171C,0,0.51914835,0.15458236634731293,0.5319361090660095,0.29155832529067993
YDR468C,YIL162W,0,0.5186457,0.15453754365444183,0.5319361090660095,0.29165834188461304
YGR014W,YPL059W,1,0.5184945,0.15478260815143585,0.5329341292381287,0.29165834188461304
YKL003C,YCL030C,0,0.518037,0.15473775565624237,0.5329341292381287,0.29175835847854614
YHR047C,YFL002C,0,0.51790506,0.15469293296337128,0.5329341292381287,0.29185837507247925
YOR028C,YDR168W,1,0.5178154,0.1549377292394638,0.5339321494102478,0.29185837507247925
YBR287W,YPL170W,0,0.5177072,0.15489287674427032,0.5339321494102478,0.29195839166641235
YLR312W-A,YBR021W,0,0.5174352,0.15484803915023804,0.5339321494102478,0.29205840826034546
YPR100W,YNL035C,0,0.5173167,0.15480324625968933,0.5339321494102478,0.29215842485427856
YOR316C,YDL097C,0,0.51712954,0.15475846827030182,0.5339321494102478,0.29225844144821167
YPL072W,YER040W,0,0.5170923,0.1547137051820755,0.5339321494102478,0.2923584580421448
YIR019C,YDR206W,0,0.51701045,0.15466898679733276,0.5339321494102478,0.29245850443840027
YGR204W,YLR222C,0,0.51682246,0.15462428331375122,0.5339321494102478,0.2925585210323334
YNL064C,YBR003W,0,0.51680046,0.15457959473133087,0.5339321494102478,0.2926585376262665
YEL044W,YBR107C,0,0.51668125,0.1545349508523941,0.5339321494102478,0.2927585542201996
YPR171W,YPL152W,1,0.5163439,0.1547790914773941,0.5349301099777222,0.2927585542201996
YDR019C,YML131W,0,0.5161049,0.15473441779613495,0.5349301099777222,0.2928585708141327
YBL007C,YHR165C,0,0.5159383,0.154689759016037,0.5349301099777222,0.2929585874080658
YDR406W,YGR278W,0,0.51586914,0.1546451300382614,0.5349301099777222,0.2930586040019989
YBR109C,YNL152W,0,0.5157565,0.15460051596164703,0.5349301099777222,0.293158620595932
YHR194W,YBL002W,0,0.5157498,0.15455594658851624,0.5349301099777222,0.2932586371898651
YOR018W,YER129W,0,0.5155734,0.15451139211654663,0.5349301099777222,0.2933586835861206
YLL027W,YNL020C,0,0.51538736,0.15446685254573822,0.5349301099777222,0.2934587001800537
YGL050W,YJL214W,0,0.51520735,0.1544223576784134,0.5349301099777222,0.2935587167739868
YOR301W,YDR243C,0,0.5150281,0.15437787771224976,0.5349301099777222,0.2936587333679199
YCR018C,YJR032W,0,0.5149069,0.1543334275484085,0.5349301099777222,0.293758749961853
YDL214C,YHR019C,0,0.51465,0.15428900718688965,0.5349301099777222,0.29385876655578613
YGR167W,YJL098W,0,0.5146382,0.15424460172653198,0.5349301099777222,0.29395878314971924
YNL037C,YGL028C,0,0.5146116,0.1542002260684967,0.5349301099777222,0.29405879974365234
YER011W,YOR176W,0,0.5144857,0.1541558802127838,0.5349301099777222,0.29415884613990784
YLR368W,YMR087W,0,0.51435626,0.1541115641593933,0.5349301099777222,0.29425886273384094
YJL203W,YGR174C,0,0.51377636,0.154067263007164,0.5349301099777222,0.29435887932777405
YER144C,YJL141C,0,0.51340395,0.15402299165725708,0.5349301099777222,0.29445889592170715
YDL079C,YBR115C,0,0.5130632,0.15397873520851135,0.5349301099777222,0.29455891251564026
YOR181W,YLR113W,1,0.5129949,0.15422171354293823,0.5359281301498413,0.29455891251564026
YMR180C,YLR432W,0,0.51233375,0.15417742729187012,0.5359281301498413,0.29465892910957336
YDR148C,YMR207C,0,0.5123068,0.15413318574428558,0.5359281301498413,0.29475894570350647
YLR239C,YDR403W,0,0.51176906,0.15408895909786224,0.5359281301498413,0.2948589622974396
YJR152W,YLR348C,0,0.51166916,0.1540447473526001,0.5359281301498413,0.2949589788913727
YMR109W,YOR208W,1,0.51165754,0.15428735315799713,0.5369261503219604,0.2949589788913727
YDR084C,YOR249C,0,0.51161814,0.1542431265115738,0.5369261503219604,0.2950590252876282
YMR145C,YOL104C,0,0.51124156,0.15419891476631165,0.5369261503219604,0.2951590418815613
YOR145C,YKL013C,0,0.511225,0.1541547328233719,0.5369261503219604,0.2952590584754944
YGR044C,YLR360W,0,0.51115584,0.15411056578159332,0.5369261503219604,0.2953590750694275
YPL084W,YJL140W,0,0.51054627,0.15406644344329834,0.5369261503219604,0.2954590916633606
YNL161W,YKR028W,0,0.5099412,0.15402233600616455,0.5369261503219604,0.2955591082572937
YGL212W,YDL113C,0,0.509875,0.15397824347019196,0.5369261503219604,0.2956591248512268
YDR264C,YLR228C,0,0.50975907,0.15393419563770294,0.5369261503219604,0.2957591414451599
YPL013C,YLR378C,0,0.50930166,0.15389016270637512,0.5369261503219604,0.295859158039093
YKL141W,YDR135C,0,0.5092971,0.1538461595773697,0.5369261503219604,0.2959592044353485
YJR096W,YOR258W,0,0.5091286,0.15380217134952545,0.5369261503219604,0.2960592210292816
YAL060W,YGR032W,0,0.50850284,0.1537582129240036,0.5369261503219604,0.2961592376232147
YMR242C,YAL002W,0,0.5084267,0.15371428430080414,0.5369261503219604,0.2962592542171478
YBR016W,YKL129C,1,0.50841427,0.15395601093769073,0.5379241704940796,0.2962592542171478
YPL265W,YPL207W,0,0.507859,0.15391205251216888,0.5379241704940796,0.29635927081108093
YLR075W,YMR315W,0,0.50780654,0.15386810898780823,0.5379241704940796,0.29645928740501404
YMR090W,YJL081C,0,0.5077515,0.15382419526576996,0.5379241704940796,0.29655930399894714
YCR005C,YER041W,0,0.50743335,0.15378031134605408,0.5379241704940796,0.29665932059288025
YDR168W,YKR072C,1,0.5074059,0.15402168035507202,0.538922131061554,0.29665932059288025
YJL168C,YDR304C,0,0.5073178,0.15397775173187256,0.538922131061554,0.29675933718681335
YGL053W,YJL003W,0,0.5072894,0.15393386781215668,0.538922131061554,0.29685938358306885
YKL002W,YJR046W,0,0.507203,0.153889998793602,0.538922131061554,0.29695940017700195
YGR251W,YOL108C,0,0.50705737,0.1538461595773697,0.538922131061554,0.29705941677093506
YBR182C,YKL062W,1,0.506348,0.1540871560573578,0.5399201512336731,0.29705941677093506
YPL235W,YJR108W,0,0.5059894,0.1540432870388031,0.5399201512336731,0.29715943336486816
YDR098C,YGR193C,0,0.5058365,0.1539994329214096,0.5399201512336731,0.29725944995880127
YDL059C,YKR078W,0,0.5057866,0.1539556086063385,0.5399201512336731,0.2973594665527344
YHR124W,YDR453C,0,0.5057808,0.1539117991924286,0.5399201512336731,0.2974594831466675
YGL087C,YDR500C,0,0.5052119,0.15386803448200226,0.5399201512336731,0.2975594997406006
YGL023C,YML028W,0,0.505037,0.15382428467273712,0.5399201512336731,0.2976595461368561
YGR205W,YJR042W,0,0.5050134,0.15378054976463318,0.5399201512336731,0.2977595627307892
YHR121W,YJL059W,0,0.5048106,0.15373685956001282,0.5399201512336731,0.2978595793247223
YKL065C,YHR066W,0,0.5047689,0.15369318425655365,0.5399201512336731,0.2979595959186554
YML061C,YPL027W,0,0.50461966,0.15364953875541687,0.5399201512336731,0.2980596125125885
YPR141C,YDR009W,0,0.50446975,0.15360590815544128,0.5399201512336731,0.2981596291065216
YOL158C,YPR140W,0,0.5037545,0.15356230735778809,0.5399201512336731,0.2982596457004547
YPL162C,YBR223C,0,0.5036249,0.15351872146129608,0.5399201512336731,0.2983596622943878
YBR208C,YOL076W,0,0.50352025,0.15347518026828766,0.5399201512336731,0.2984596788883209
YJL003W,YPL145C,0,0.5034899,0.15343165397644043,0.5399201512336731,0.2985597252845764
YNL107W,YNL265C,0,0.50328976,0.1533881425857544,0.5399201512336731,0.2986597418785095
YCR073C,YNL020C,1,0.5031831,0.15362811088562012,0.5409181714057922,0.2986597418785095
YJR138W,YJL079C,0,0.50313735,0.1535845845937729,0.5409181714057922,0.2987597584724426
YOR375C,YIL031W,0,0.503067,0.15354107320308685,0.5409181714057922,0.29885977506637573
YPR057W,YHR079C,0,0.5024892,0.1534975916147232,0.5409181714057922,0.29895979166030884
YOR153W,YKL041W,0,0.5016964,0.15345413982868195,0.5409181714057922,0.29905980825424194
YHL006C,YDL044C,0,0.5015754,0.15341070294380188,0.5409181714057922,0.29915982484817505
YPL227C,YPL273W,0,0.50145197,0.1533672958612442,0.5409181714057922,0.29925984144210815
YGR033C,YDR293C,0,0.5013777,0.15332390367984772,0.5409181714057922,0.29935985803604126
YHR062C,YIR018W,0,0.5011964,0.15328054130077362,0.5409181714057922,0.29945990443229675
YCL030C,YNL304W,0,0.5007517,0.1532372087240219,0.5409181714057922,0.29955992102622986
YKL052C,YLR395C,0,0.50053644,0.1531938910484314,0.5409181714057922,0.29965993762016296
YNL192W,YAR008W,0,0.5003594,0.15315060317516327,0.5409181714057922,0.29975995421409607
YNL297C,YOR084W,0,0.5003077,0.15310734510421753,0.5409181714057922,0.2998599708080292
YPR011C,YPR131C,0,0.5001237,0.15306410193443298,0.5409181714057922,0.2999599874019623
YMR078C,YNL147W,0,0.49964958,0.15302088856697083,0.5409181714057922,0.3000600039958954
YMR232W,YNL241C,0,0.49939138,0.15297770500183105,0.5409181714057922,0.3001600205898285
YGL087C,YOR261C,0,0.49914736,0.15293453633785248,0.5409181714057922,0.3002600371837616
YDR338C,YMR220W,0,0.4990074,0.1528913974761963,0.5409181714057922,0.3003600835800171
YOL116W,YNR031C,1,0.4987712,0.15313029289245605,0.5419161915779114,0.3003600835800171
YOR349W,YDR375C,0,0.4987204,0.15308710932731628,0.5419161915779114,0.3004601001739502
YJL036W,YMR172W,0,0.498608,0.1530439704656601,0.5419161915779114,0.3005601167678833
YGL231C,YGL030W,0,0.49819052,0.1530008465051651,0.5419161915779114,0.3006601333618164
YOR073W,YOR261C,0,0.497813,0.1529577523469925,0.5419161915779114,0.3007601499557495
YDR386W,YHL025W,0,0.497584,0.15291467308998108,0.5419161915779114,0.3008601665496826
YMR313C,YIL067C,0,0.4972291,0.15287162363529205,0.5419161915779114,0.3009601831436157
YKL035W,YDR348C,0,0.49682033,0.15282858908176422,0.5419161915779114,0.30106019973754883
YKL062W,YPL242C,1,0.49653232,0.1530669629573822,0.5429141521453857,0.30106019973754883
YOR009W,YKL190W,0,0.49608785,0.15302391350269318,0.5429141521453857,0.3011602461338043
YDR463W,YGR032W,0,0.4959008,0.15298087894916534,0.5429141521453857,0.3012602627277374
YDR194C,YBR257W,0,0.49551725,0.1529378741979599,0.5429141521453857,0.30136027932167053
YKL013C,YDR359C,0,0.49509943,0.15289488434791565,0.5429141521453857,0.30146029591560364
YKL217W,YDR519W,0,0.4949504,0.1528519243001938,0.5429141521453857,0.30156031250953674
YEL024W,YJL004C,0,0.49481618,0.1528089940547943,0.5429141521453857,0.30166032910346985
YPL167C,YDR453C,0,0.49462533,0.15276607871055603,0.5429141521453857,0.30176034569740295
YHR001W-A,YCL068C,0,0.49415696,0.15272319316864014,0.5429141521453857,0.30186036229133606
YBR127C,YLR022C,0,0.49381936,0.15268032252788544,0.5429141521453857,0.30196037888526917
YIL159W,YDR168W,1,0.49296302,0.15291807055473328,0.5439121723175049,0.30196037888526917
YBR182C,YFL038C,0,0.49273998,0.1528751701116562,0.5439121723175049,0.30206042528152466
YJL167W,YNL032W,0,0.49273545,0.1528322994709015,0.5439121723175049,0.30216044187545776
YOR247W,YDR254W,0,0.49256772,0.15278945863246918,0.5439121723175049,0.30226045846939087
YAL068C,YER157W,0,0.4923408,0.15274663269519806,0.5439121723175049,0.302360475063324
YIL105C,YPR180W,0,0.49219716,0.15270383656024933,0.5439121723175049,0.3024604916572571
YDR085C,YHR001W,0,0.4921648,0.15266107022762299,0.5439121723175049,0.3025605082511902
YDR452W,YGL045W,0,0.49199218,0.15261831879615784,0.5439121723175049,0.3026605248451233
YFL049W,YHL050C,0,0.49159342,0.15257558226585388,0.5439121723175049,0.3027605414390564
YOR354C,YNL047C,0,0.491426,0.1525328904390335,0.5439121723175049,0.3028605580329895
YPR057W,YPL098C,0,0.49137157,0.15249021351337433,0.5439121723175049,0.302960604429245
YCR068W,YGR271W,0,0.49112064,0.15244755148887634,0.5439121723175049,0.3030606210231781
YER018C,YBR222C,0,0.49110335,0.15240491926670074,0.5439121723175049,0.3031606376171112
YBR014C,YER062C,1,0.4909178,0.1526418775320053,0.544910192489624,0.3031606376171112
YGL160W,YGL171W,0,0.48964614,0.15259921550750732,0.544910192489624,0.3032606542110443
YPR171W,YOR028C,1,0.48964608,0.15283599495887756,0.5459082126617432,0.3032606542110443
YPR155C,YOR035C,0,0.48910695,0.1527933031320572,0.5459082126617432,0.3033606708049774
YPL164C,YBL066C,0,0.48880696,0.152750626206398,0.5459082126617432,0.3034606873989105
YOL089C,YLR274W,0,0.4887274,0.15270797908306122,0.5459082126617432,0.30356070399284363
YPR103W,YLR329W,0,0.48856193,0.15266536176204681,0.5459082126617432,0.30366072058677673
YOR317W,YLR222C,0,0.48848784,0.1526227742433548,0.5459082126617432,0.3037607669830322
YDR255C,YIL023C,0,0.4879881,0.15258020162582397,0.5459082126617432,0.30386078357696533
YGL047W,YFR036W,0,0.4879846,0.15253764390945435,0.5459082126617432,0.30396080017089844
YDL035C,YIL122W,0,0.48777306,0.1524951159954071,0.5459082126617432,0.30406081676483154
YLR216C,YGL256W,0,0.4877625,0.15245261788368225,0.5459082126617432,0.30416083335876465
YDL005C,YGL028C,0,0.48755813,0.1524101346731186,0.5459082126617432,0.30426084995269775
YCR063W,YPL256C,0,0.4869573,0.15236768126487732,0.5459082126617432,0.30436086654663086
YER160C,YOR059C,0,0.4869281,0.15232525765895844,0.5459082126617432,0.30446088314056396
YHR209W,YGL094C,0,0.4865818,0.15228284895420074,0.5459082126617432,0.30456089973449707
YOR283W,YML132W,0,0.48657966,0.15224047005176544,0.5459082126617432,0.30466094613075256
YMR308C,YJL034W,0,0.48656195,0.15219810605049133,0.5459082126617432,0.30476096272468567
YOL064C,YPL223C,1,0.4863882,0.15243393182754517,0.5469061732292175,0.30476096272468567
YBL027W,YIR011C,0,0.4863819,0.15239155292510986,0.5469061732292175,0.3048609793186188
YJL159W,YIR010W,0,0.48625934,0.15234917402267456,0.5469061732292175,0.3049609959125519
YDR420W,YLR006C,1,0.48601305,0.15258477628231049,0.5479041934013367,0.3049609959125519
YNL336W,YIL094C,0,0.4858834,0.1525423675775528,0.5479041934013367,0.305061012506485
YHR210C,YFL050C,0,0.4858818,0.1525000035762787,0.5479041934013367,0.3051610291004181
YBR046C,YGL079W,0,0.4850977,0.15245765447616577,0.5479041934013367,0.3052610456943512
YBR169C,YLR057W,0,0.4850967,0.15241532027721405,0.5479041934013367,0.3053610622882843
YBL006C,YKL126W,0,0.48493207,0.15237301588058472,0.5479041934013367,0.3054610788822174
YDR388W,YPL239W,1,0.48482287,0.1526082158088684,0.5489022135734558,0.3054610788822174
YNL020C,YPL180W,1,0.48481882,0.15284326672554016,0.5499001741409302,0.3054610788822174
YKL015W,YGR199W,0,0.48406994,0.15280088782310486,0.5499001741409302,0.3055611252784729
YAR042W,YJL209W,0,0.4837489,0.15275852382183075,0.5499001741409302,0.305661141872406
YML045W,YKL146W,0,0.48336476,0.15271618962287903,0.5499001741409302,0.3057611584663391
YOR005C,YGR072W,0,0.4828272,0.1526738703250885,0.5499001741409302,0.3058611750602722
YCR034W,YDR262W,0,0.48231894,0.15263158082962036,0.5499001741409302,0.3059611916542053
YKL032C,YNL117W,0,0.48216343,0.15258930623531342,0.5499001741409302,0.3060612082481384
YNL020C,YBR260C,1,0.48171127,0.15282392501831055,0.5508981943130493,0.3060612082481384
YLR118C,YBR257W,0,0.4817065,0.1527816206216812,0.5508981943130493,0.30616122484207153
YEL070W,YDR328C,0,0.48156637,0.15273934602737427,0.5508981943130493,0.30626124143600464
YDL093W,YLR136C,0,0.48146486,0.1526971012353897,0.5508981943130493,0.30636125802993774
YDL215C,YFR031C,0,0.48119533,0.15265487134456635,0.5508981943130493,0.30646130442619324
YAL001C,YOL032W,0,0.4809295,0.15261265635490417,0.5508981943130493,0.30656132102012634
YFL062W,YNL063W,0,0.4806186,0.15257048606872559,0.5508981943130493,0.30666133761405945
YPL072W,YNL093W,0,0.4805715,0.152528315782547,0.5508981943130493,0.30676135420799255
YGL098W,YKL203C,0,0.48055673,0.152486190199852,0.5508981943130493,0.30686137080192566
YFR031C,YLR390W-A,0,0.48047197,0.15244407951831818,0.5508981943130493,0.30696138739585876
YFL066C,YLR324W,0,0.4804467,0.15240198373794556,0.5508981943130493,0.30706140398979187
YFL033C,YBR072W,0,0.48018909,0.15235991775989532,0.5508981943130493,0.307161420583725
YGL099W,YJR107W,0,0.47997248,0.15231788158416748,0.5508981943130493,0.30726146697998047
YLR037C,YJL014W,0,0.47992992,0.15227586030960083,0.5508981943130493,0.3073614835739136
YBR221C,YDR372C,0,0.47936356,0.15223386883735657,0.5508981943130493,0.3074615001678467
YDR463W,YNL138W,0,0.47929108,0.1521918922662735,0.5508981943130493,0.3075615167617798
YPL002C,YGL028C,0,0.4785446,0.15214994549751282,0.5508981943130493,0.3076615333557129
YFR019W,YNL312W,0,0.47840524,0.15210801362991333,0.5508981943130493,0.307761549949646
YMR210W,YKL096W,0,0.47819477,0.15206611156463623,0.5508981943130493,0.3078615665435791
YLR113W,YPL193W,0,0.4780445,0.15202423930168152,0.5508981943130493,0.3079615831375122
YGR091W,YOR354C,0,0.47804445,0.151982381939888,0.5508981943130493,0.3080615997314453
YFL014W,YBR260C,1,0.47797257,0.15221579372882843,0.5518962144851685,0.3080615997314453
YHR030C,YGR170W,0,0.47796094,0.15217390656471252,0.5518962144851685,0.3081616461277008
YOR328W,YGR060W,0,0.47768915,0.152132049202919,0.5518962144851685,0.3082616627216339
YBR211C,YLR113W,0,0.4775262,0.15209020674228668,0.5518962144851685,0.308361679315567
YGL062W,YJR130C,0,0.47741234,0.15204839408397675,0.5518962144851685,0.3084616959095001
YNR031C,YLR362W,1,0.47735476,0.1522814780473709,0.5528942346572876,0.3084616959095001
YER017C,YGL006W,0,0.477215,0.1522396206855774,0.5528942346572876,0.3085617125034332
YJR043C,YGL048C,0,0.47693586,0.15219780802726746,0.5528942346572876,0.30866172909736633
YBR028C,YLR167W,0,0.4768268,0.15215599536895752,0.5528942346572876,0.30876174569129944
YJL144W,YLR138W,1,0.47658235,0.152388796210289,0.553892195224762,0.30876174569129944
YGL078C,YDL236W,0,0.47654867,0.15234696865081787,0.553892195224762,0.30886176228523254
YHR073W,YDL029W,0,0.4764549,0.15230515599250793,0.553892195224762,0.30896177887916565
YDL214C,YPL198W,0,0.47617972,0.15226337313652039,0.553892195224762,0.30906182527542114
YOR339C,YBR182C,0,0.4754051,0.15222162008285522,0.553892195224762,0.30916184186935425
YOR113W,YKR053C,0,0.47539097,0.15217986702919006,0.553892195224762,0.30926185846328735
YBL089W,YLR093C,0,0.475389,0.15213815867900848,0.553892195224762,0.30936187505722046
YKL124W,YPL007C,0,0.47521198,0.1520964652299881,0.553892195224762,0.30946189165115356
YDL230W,YNR031C,0,0.47501725,0.1520548015832901,0.553892195224762,0.30956190824508667
YMR270C,YDL119C,0,0.4748069,0.1520131528377533,0.553892195224762,0.3096619248390198
YNL288W,YJL116C,0,0.47472483,0.15197151899337769,0.553892195224762,0.3097619414329529
YDR420W,YLR113W,1,0.47459513,0.15220366418361664,0.5548902153968811,0.3097619414329529
YCR030C,YLR028C,0,0.47393012,0.15216201543807983,0.5548902153968811,0.309861958026886
YDL142C,YDR450W,0,0.47367013,0.15212038159370422,0.5548902153968811,0.3099620044231415
YBR016W,YMR220W,0,0.47321486,0.152078777551651,0.5548902153968811,0.3100620210170746
YGL104C,YDR162C,0,0.4730271,0.15203718841075897,0.5548902153968811,0.3101620376110077
YFR019W,YDR304C,0,0.47296488,0.15199562907218933,0.5548902153968811,0.3102620542049408
YLR117C,YFL025C,0,0.47292912,0.15195408463478088,0.5548902153968811,0.3103620707988739
YPR162C,YDR530C,0,0.47235823,0.15191256999969482,0.5548902153968811,0.310462087392807
YDR170C,YHL018W,0,0.4723432,0.15187107026576996,0.5548902153968811,0.3105621039867401
YCR079W,YGR005C,0,0.47211063,0.15182960033416748,0.5548902153968811,0.3106621205806732
YLR182W,YJR021C,0,0.47196478,0.1517881453037262,0.5548902153968811,0.3107621669769287
YJL194W,YOR059C,0,0.47163618,0.1517467200756073,0.5548902153968811,0.3108621835708618
YBR077C,YNR063W,0,0.47161955,0.1517053246498108,0.5548902153968811,0.3109622001647949
YJL162C,YOR010C,0,0.47142082,0.15166394412517548,0.5548902153968811,0.311062216758728
YGL060W,YBL091C,0,0.47125185,0.15162257850170135,0.5548902153968811,0.31116223335266113
YPL056C,YLR285W,0,0.47082198,0.15158124268054962,0.5548902153968811,0.31126224994659424
YIL153W,YPR005C,1,0.47075582,0.15181247889995575,0.5558882355690002,0.31126224994659424
YCL054W,YMR261C,0,0.47072518,0.15177111327648163,0.5558882355690002,0.31136226654052734
YFR004W,YFL054C,0,0.47054255,0.1517297774553299,0.5558882355690002,0.31146228313446045
YLR006C,YHR205W,1,0.4703598,0.15196079015731812,0.5568862557411194,0.31146228313446045
YDR304C,YJR049C,0,0.4698869,0.1519194096326828,0.5568862557411194,0.31156229972839355
YBR243C,YIL119C,0,0.46987796,0.15187805891036987,0.5568862557411194,0.31166234612464905
YNL036W,YJL078C,0,0.4695127,0.15183673799037933,0.5568862557411194,0.31176236271858215
YNL229C,YKR046C,0,0.46937037,0.15179543197155,0.5568862557411194,0.31186237931251526
YFR014C,YMR164C,0,0.469312,0.15175414085388184,0.5568862557411194,0.31196239590644836
YLL008W,YML132W,0,0.46907252,0.15171289443969727,0.5568862557411194,0.31206241250038147
YPL212C,YDL188C,0,0.4688347,0.1516716480255127,0.5568862557411194,0.3121624290943146
YML123C,YFR050C,0,0.46872503,0.1516304314136505,0.5568862557411194,0.3122624456882477
YNL020C,YOR028C,1,0.46797073,0.15186090767383575,0.5578842163085938,0.3122624456882477
YMR021C,YKR065C,0,0.4678893,0.15181966125965118,0.5578842163085938,0.3123624622821808
YPL236C,YLR025W,0,0.46732908,0.151778444647789,0.5578842163085938,0.3124624788761139
YER119C,YHR029C,0,0.46662998,0.151737242937088,0.5578842163085938,0.3125625252723694
YKR080W,YBR070C,0,0.46656322,0.1516960710287094,0.5578842163085938,0.3126625418663025
YPL235W,YIL047C,0,0.4665581,0.151654914021492,0.5578842163085938,0.3127625584602356
YDR364C,YKL171W,0,0.46653217,0.1516137719154358,0.5578842163085938,0.3128625750541687
YKL013C,YLR002C,0,0.46606284,0.15157267451286316,0.5578842163085938,0.3129625916481018
YER003C,YML032C,0,0.46599525,0.15153157711029053,0.5578842163085938,0.3130626082420349
YKL025C,YLR395C,0,0.46587962,0.15149050951004028,0.5578842163085938,0.313162624835968
YOR194C,YKL171W,0,0.46568537,0.15144947171211243,0.5578842163085938,0.3132626414299011
YKR046C,YOL141W,0,0.46566808,0.15140844881534576,0.5578842163085938,0.31336265802383423
YLR329W,YDL097C,0,0.4653663,0.1513674557209015,0.5578842163085938,0.3134627044200897
YHR118C,YBL058W,0,0.46493435,0.1513264775276184,0.5578842163085938,0.3135627210140228
YDR289C,YBL066C,0,0.46474773,0.15128551423549652,0.5578842163085938,0.31366273760795593
YMR092C,YCL032W,1,0.46460342,0.1515151560306549,0.5588822364807129,0.31366273760795593
YHR091C,YPL234C,0,0.4640329,0.15147416293621063,0.5588822364807129,0.31376275420188904
YDR097C,YBR173C,0,0.46369314,0.15143321454524994,0.5588822364807129,0.31386277079582214
YKR022C,YOL136C,0,0.46363306,0.15139226615428925,0.5588822364807129,0.31396278738975525
YOR157C,YHL022C,0,0.46340847,0.15135134756565094,0.5588822364807129,0.31406280398368835
YGR284C,YDL212W,0,0.4633956,0.15131045877933502,0.5588822364807129,0.31416282057762146
YOR334W,YGR082W,0,0.46325028,0.1512695848941803,0.5588822364807129,0.31426286697387695
YIR011C,YGR185C,0,0.46303642,0.15122874081134796,0.5588822364807129,0.31436288356781006
YIL042C,YDL170W,0,0.46280771,0.15118791162967682,0.5588822364807129,0.31446290016174316
YAL040C,YPR080W,0,0.4627056,0.15114709734916687,0.5588822364807129,0.31456291675567627
YML131W,YIL041W,0,0.46236235,0.1511063128709793,0.5588822364807129,0.3146629333496094
YNL118C,YBL085W,0,0.46234298,0.15106555819511414,0.5588822364807129,0.3147629499435425
YGL216W,YDR178W,0,0.46227133,0.15102481842041016,0.5588822364807129,0.3148629665374756
YEL069C,YOR375C,0,0.461618,0.15098409354686737,0.5588822364807129,0.3149629831314087
YPL193W,YKR028W,0,0.46104681,0.15094339847564697,0.5588822364807129,0.3150629997253418
YDL104C,YNL283C,0,0.4603142,0.15090271830558777,0.5588822364807129,0.3151630461215973
YPR181C,YJL002C,0,0.46019232,0.15086206793785095,0.5588822364807129,0.3152630627155304
YKL149C,YMR296C,0,0.46014738,0.15082143247127533,0.5588822364807129,0.3153630793094635
YLR042C,YLL041C,0,0.4596398,0.1507808268070221,0.5588822364807129,0.3154630959033966
YFR030W,YBL079W,0,0.45904315,0.15074023604393005,0.5588822364807129,0.3155631124973297
YNR074C,YML019W,0,0.45888847,0.1506996750831604,0.5588822364807129,0.3156631290912628
YGR030C,YPL203W,0,0.45850962,0.15065912902355194,0.5588822364807129,0.3157631456851959
YOL004W,YJR151C,0,0.45803207,0.15061861276626587,0.5588822364807129,0.31586316227912903
YLR332W,YHR079C,0,0.4579662,0.150578111410141,0.5588822364807129,0.31596317887306213
YBL047C,YLR244C,0,0.4578607,0.1505376398563385,0.5588822364807129,0.3160632252693176
YIR034C,YIL053W,0,0.45779437,0.1504971832036972,0.5588822364807129,0.31616324186325073
YCR024C-A,YHR124W,0,0.45777482,0.1504567414522171,0.5588822364807129,0.31626325845718384
YPL262W,YNL147W,0,0.45758498,0.1504163295030594,0.5588822364807129,0.31636327505111694
YKL120W,YOR138C,0,0.45748138,0.15037593245506287,0.5588822364807129,0.31646329164505005
YHR135C,YCL001W,0,0.45729214,0.15033556520938873,0.5588822364807129,0.31656330823898315
YIL043C,YLR307W,0,0.4570347,0.150295227766037,0.5588822364807129,0.31666332483291626
YNL107W,YKR001C,0,0.4568782,0.15025489032268524,0.5588822364807129,0.31676334142684937
YER089C,YPL152W,1,0.45665956,0.15048283338546753,0.559880256652832,0.31676334142684937
YBR095C,YMR024W,0,0.45648503,0.1504424810409546,0.559880256652832,0.31686335802078247
YIL105C,YMR228W,0,0.4562862,0.15040214359760284,0.559880256652832,0.31696340441703796
YPL024W,YPL079W,0,0.4559158,0.1503618359565735,0.559880256652832,0.31706342101097107
YER169W,YDL160C,0,0.45586795,0.15032154321670532,0.559880256652832,0.3171634376049042
YPR034W,YDL018C,0,0.45515537,0.15028128027915955,0.559880256652832,0.3172634541988373
YML123C,YPR075C,0,0.45510674,0.15024103224277496,0.559880256652832,0.3173634707927704
YBR298C,YLR093C,0,0.454984,0.15020079910755157,0.559880256652832,0.3174634873867035
YGL200C,YEL005C,0,0.45491558,0.15016059577465057,0.559880256652832,0.3175635039806366
YPL009C,YJL206C,0,0.45491338,0.15012042224407196,0.559880256652832,0.3176635205745697
YNL336W,YGL094C,0,0.45487028,0.15008026361465454,0.559880256652832,0.3177635669708252
YOL116W,YNL271C,1,0.45483077,0.1503075659275055,0.5608782172203064,0.3177635669708252
YFR027W,YKL095W,0,0.4547553,0.15026737749576569,0.5608782172203064,0.3178635835647583
YPR007C,YLR044C,0,0.45472312,0.15022721886634827,0.5608782172203064,0.3179636001586914
YBL016W,YER002W,0,0.45464128,0.15018706023693085,0.5608782172203064,0.3180636167526245
YNL016W,YDR182W,0,0.45450324,0.150146946310997,0.5608782172203064,0.3181636333465576
YLR113W,YJL154C,0,0.4544294,0.15010683238506317,0.5608782172203064,0.3182636499404907
YDL106C,YBR247C,0,0.45435774,0.15006674826145172,0.5608782172203064,0.31836366653442383
YBL025W,YCL032W,0,0.45398998,0.15002669394016266,0.5608782172203064,0.31846368312835693
YDR304C,YBR020W,0,0.45398128,0.1499866545200348,0.5608782172203064,0.31856369972229004
YHL050C,YNL183C,0,0.45378208,0.1499466449022293,0.5608782172203064,0.31866374611854553
YML006C,YIL120W,0,0.4534173,0.14990663528442383,0.5608782172203064,0.31876376271247864
YMR288W,YMR182C,0,0.45334828,0.14986667037010193,0.5608782172203064,0.31886377930641174
YNL241C,YCL051W,0,0.4533111,0.14982670545578003,0.5608782172203064,0.31896379590034485
YDR109C,YOR320C,0,0.4529379,0.1497867852449417,0.5608782172203064,0.31906381249427795
YBR095C,YER123W,0,0.45283014,0.1497468650341034,0.5608782172203064,0.31916382908821106
YKL129C,YMR037C,1,0.45251012,0.14997336268424988,0.5618762373924255,0.31916382908821106
YGL240W,YDR462W,0,0.45244014,0.14993342757225037,0.5618762373924255,0.31926384568214417
YDL160C,YLR155C,0,0.45208812,0.14989350736141205,0.5618762373924255,0.31936386227607727
YJL087C,YOR362C,0,0.4514432,0.14985360205173492,0.5618762373924255,0.3194638788700104
YMR097C,YHL012W,0,0.45143342,0.1498137265443802,0.5618762373924255,0.31956392526626587
YLL051C,YHR106W,0,0.45123804,0.14977388083934784,0.5618762373924255,0.319663941860199
YOR122C,YJL138C,0,0.45118546,0.1497340351343155,0.5618762373924255,0.3197639584541321
YOL136C,YGR028W,0,0.45108145,0.14969423413276672,0.5618762373924255,0.3198639750480652
YOR058C,YLL039C,0,0.4510461,0.14965443313121796,0.5618762373924255,0.3199639916419983
YOL129W,YLR329W,0,0.45101327,0.14961466193199158,0.5618762373924255,0.3200640082359314
YML123C,YKL182W,0,0.45076352,0.14957492053508759,0.5618762373924255,0.3201640248298645
YMR172W,YKR072C,1,0.45063174,0.14980079233646393,0.5628742575645447,0.3201640248298645
YIL096C,YIR007W,0,0.45055544,0.14976102113723755,0.5628742575645447,0.3202640414237976
YOR338W,YOR084W,0,0.44950724,0.14972126483917236,0.5628742575645447,0.3203640580177307
YLR248W,YMR109W,1,0.44926107,0.149946928024292,0.5638722777366638,0.3203640580177307
YBR014C,YLR333C,0,0.44916904,0.14990714192390442,0.5638722777366638,0.3204641044139862
YBR208C,YJR053W,0,0.4491219,0.14986737072467804,0.5638722777366638,0.3205641210079193
YMR154C,YIL128W,0,0.44890833,0.14982762932777405,0.5638722777366638,0.3206641376018524
YDR007W,YBR045C,0,0.4488799,0.14978791773319244,0.5638722777366638,0.3207641541957855
YIL173W,YDR522C,0,0.4488721,0.14974820613861084,0.5638722777366638,0.32086417078971863
YBR128C,YHR193C,0,0.44866788,0.14970853924751282,0.5638722777366638,0.32096418738365173
YFR029W,YOR081C,0,0.44854635,0.1496688723564148,0.5638722777366638,0.32106420397758484
YDR311W,YMR058W,0,0.44850397,0.14962923526763916,0.5638722777366638,0.32116422057151794
YNR059W,YOL136C,0,0.4480976,0.1495896279811859,0.5638722777366638,0.32126426696777344
YDL135C,YLR022C,0,0.44800115,0.14955002069473267,0.5638722777366638,0.32136428356170654
YEL052W,YLR151C,0,0.44766265,0.149510458111763,0.5638722777366638,0.32146430015563965
YLR337C,YHL007C,1,0.44766235,0.1497354507446289,0.5648702383041382,0.32146430015563965
YHR121W,YHR165C,0,0.44722295,0.14969584345817566,0.5648702383041382,0.32156431674957275
YBR192W,YGR032W,0,0.4471078,0.1496562659740448,0.5648702383041382,0.32166433334350586
YIL110W,YAL028W,0,0.4470808,0.14961670339107513,0.5648702383041382,0.32176434993743896
YBR016W,YBR236C,0,0.4464274,0.14957717061042786,0.5648702383041382,0.32186436653137207
YJL213W,YJL011C,0,0.446239,0.14953765273094177,0.5648702383041382,0.3219643831253052
YOR095C,YIL015W,0,0.4460094,0.14949814975261688,0.5648702383041382,0.3220643997192383
YOR329C,YPR105C,0,0.44556093,0.14945867657661438,0.5648702383041382,0.3221644461154938
YJL042W,YOR319W,0,0.44514638,0.14941921830177307,0.5648702383041382,0.3222644627094269
YNR018W,YDR517W,0,0.4450667,0.14937978982925415,0.5648702383041382,0.32236447930336
YGR170W,YPL030W,0,0.44499326,0.14934037625789642,0.5648702383041382,0.3224644958972931
YJR044C,YDL154W,0,0.44429094,0.1493009775876999,0.5648702383041382,0.3225645124912262
YKL088W,YHR206W,1,0.4440655,0.14952531456947327,0.5658682584762573,0.3225645124912262
YBL002W,YBR167C,0,0.44381618,0.14948590099811554,0.5658682584762573,0.3226645290851593
YMR131C,YGL126W,0,0.4436587,0.1494464874267578,0.5658682584762573,0.3227645456790924
YGR284C,YML031W,0,0.4434539,0.14940711855888367,0.5658682584762573,0.3228645622730255
YDL015C,YML022W,0,0.4433673,0.14936774969100952,0.5658682584762573,0.3229645788669586
YPR183W,YGL195W,0,0.44332534,0.14932841062545776,0.5658682584762573,0.3230646252632141
YPL180W,YBR228W,0,0.44315672,0.1492891013622284,0.5658682584762573,0.3231646418571472
YDL022W,YKL129C,1,0.4431554,0.14951303601264954,0.5668662786483765,0.3231646418571472
YHR138C,YPR185W,0,0.443107,0.14947368204593658,0.5668662786483765,0.3232646584510803
YBR098W,YPL128C,0,0.44304752,0.14943435788154602,0.5668662786483765,0.3233646750450134
YMR047C,YHR005C,0,0.44295657,0.14939504861831665,0.5668662786483765,0.32346469163894653
YMR077C,YKL185W,0,0.4422766,0.14935576915740967,0.5668662786483765,0.32356470823287964
YIL021W,YGL002W,0,0.44223356,0.14931650459766388,0.5668662786483765,0.32366472482681274
YPR121W,YIL015W,0,0.44211066,0.14927726984024048,0.5668662786483765,0.32376474142074585
YBL009W,YNR075W,0,0.44208813,0.14923804998397827,0.5668662786483765,0.32386478781700134
YDR156W,YPL256C,0,0.44172627,0.14919884502887726,0.5668662786483765,0.32396480441093445
YJL060W,YCL008C,0,0.4413767,0.14915966987609863,0.5668662786483765,0.32406482100486755
YOL070C,YOL075C,0,0.44134033,0.1491205096244812,0.5668662786483765,0.32416483759880066
YDL148C,YBR168W,0,0.44037354,0.14908136427402496,0.5668662786483765,0.32426485419273376
YPL135W,YDR438W,0,0.44032526,0.1490422487258911,0.5668662786483765,0.32436487078666687
YNL005C,YDL064W,0,0.44015276,0.14900314807891846,0.5668662786483765,0.3244648873806
YOR071C,YPL096W,0,0.44010085,0.1489640772342682,0.5668662786483765,0.3245649039745331
YLR423C,YNL202W,0,0.4400074,0.14892500638961792,0.5668662786483765,0.3246649205684662
YDR289C,YBL085W,0,0.43995196,0.14888598024845123,0.5668662786483765,0.3247649669647217
YMR131C,YOR267C,0,0.43989813,0.14884695410728455,0.5668662786483765,0.3248649835586548
YML112W,YHR033W,0,0.43989098,0.14880795776844025,0.5668662786483765,0.3249650001525879
YML016C,YJR006W,0,0.4396906,0.14876899123191833,0.5668662786483765,0.325065016746521
YBR080C,YCL020W,0,0.4388771,0.14873003959655762,0.5668662786483765,0.3251650333404541
YMR237W,YDL074C,0,0.438734,0.1486911028623581,0.5668662786483765,0.3252650499343872
YGR142W,YGR212W,0,0.43868542,0.14865218102931976,0.5668662786483765,0.3253650665283203
YPR133C,YBR072W,0,0.43842906,0.14861328899860382,0.5668662786483765,0.3254650831222534
YBL061C,YPL152W,1,0.438295,0.14883598685264587,0.5678642988204956,0.3254650831222534
YLL055W,YOR085W,0,0.43827856,0.14879706501960754,0.5678642988204956,0.3255650997161865
YER062C,YPL180W,1,0.4382651,0.14901961386203766,0.56886225938797,0.3255650997161865
YBR254C,YGL055W,0,0.43786573,0.14898066222667694,0.56886225938797,0.325665146112442
YNR017W,YPL274W,0,0.43775856,0.14894172549247742,0.56886225938797,0.3257651627063751
YMR078C,YMR288W,0,0.43769348,0.14890281856060028,0.56886225938797,0.3258651793003082
YGR284C,YMR053C,0,0.43765962,0.14886392652988434,0.56886225938797,0.32596519589424133
YKR013W,YDR180W,0,0.43763614,0.14882506430149078,0.56886225938797,0.32606521248817444
YLL018C,YPL189W,0,0.43750364,0.14878621697425842,0.56886225938797,0.32616522908210754
YOR349W,YPR138C,0,0.4373755,0.14874738454818726,0.56886225938797,0.32626524567604065
YGL055W,YIL062C,0,0.43705267,0.14870858192443848,0.56886225938797,0.32636526226997375
YHR008C,YBL002W,0,0.4369762,0.1486697942018509,0.56886225938797,0.32646527886390686
YNL091W,YGR014W,1,0.43675715,0.14889179170131683,0.5698602795600891,0.32646527886390686
YPL004C,YCL032W,0,0.43655413,0.14885297417640686,0.5698602795600891,0.32656532526016235
YNL052W,YDL079C,0,0.4362576,0.14881417155265808,0.5698602795600891,0.32666534185409546
YIL044C,YDR492W,0,0.43591595,0.1487753987312317,0.5698602795600891,0.32676535844802856
YCR009C,YNL271C,1,0.43587208,0.14899712800979614,0.5708582997322083,0.32676535844802856
YDR437W,YPL176C,0,0.4358089,0.14895834028720856,0.5708582997322083,0.32686537504196167
YDR039C,YNR056C,0,0.43577796,0.14891955256462097,0.5708582997322083,0.3269653916358948
YDR388W,YLR362W,1,0.43575495,0.1491410732269287,0.5718562602996826,0.3269653916358948
YHL028W,YDL081C,0,0.43543613,0.14910227060317993,0.5718562602996826,0.3270654082298279
YOL155C,YDR201W,0,0.4350767,0.14906348288059235,0.5718562602996826,0.327165424823761
YGL070C,YOR351C,0,0.43506753,0.14902471005916595,0.5718562602996826,0.3272654414176941
YML110C,YOR255W,0,0.43505776,0.14898595213890076,0.5718562602996826,0.3273654878139496
YGR112W,YMR164C,0,0.4350425,0.14894723892211914,0.5718562602996826,0.3274655044078827
YKL073W,YBR302C,0,0.4348005,0.14890852570533752,0.5718562602996826,0.3275655210018158
YNR019W,YDR182W,0,0.43455088,0.1488698422908783,0.5718562602996826,0.3276655375957489
YOR123C,YEL027W,0,0.4339664,0.14883117377758026,0.5718562602996826,0.327765554189682
YDR097C,YDR359C,0,0.4339056,0.14879252016544342,0.5718562602996826,0.3278655707836151
YNL164C,YHR113W,0,0.4337417,0.14875389635562897,0.5718562602996826,0.3279655873775482
YGR032W,YPL259C,0,0.43323278,0.1487152874469757,0.5718562602996826,0.3280656039714813
YPR134W,YDL010W,0,0.43261385,0.14867669343948364,0.5718562602996826,0.32816562056541443
YNL327W,YOR002W,0,0.43225896,0.14863812923431396,0.5718562602996826,0.3282656669616699
YLR377C,YCR044C,0,0.4319926,0.14859957993030548,0.5718562602996826,0.328365683555603
YBR173C,YLR285W,0,0.43071193,0.14856106042861938,0.5718562602996826,0.32846570014953613
YNL020C,YHR114W,1,0.43062246,0.14878174662590027,0.5728542804718018,0.32846570014953613
YPL008W,YLR423C,0,0.43061793,0.14874319732189178,0.5728542804718018,0.32856571674346924
YDR129C,YLR113W,1,0.43020356,0.14896373450756073,0.5738523006439209,0.32856571674346924
YNL214W,YER190W,0,0.42992496,0.14892515540122986,0.5738523006439209,0.32866573333740234
YOR140W,YKL168C,0,0.42967218,0.14888659119606018,0.5738523006439209,0.32876574993133545
YLR034C,YKL018W,0,0.4295451,0.1488480418920517,0.5738523006439209,0.32886576652526855
YJL011C,YHR188C,0,0.42947662,0.1488095223903656,0.5738523006439209,0.32896578311920166
YGR288W,YAL002W,0,0.4293508,0.1487710177898407,0.5738523006439209,0.32906579971313477
YMR154C,YIL031W,0,0.42915696,0.14873254299163818,0.5738523006439209,0.32916584610939026
YNL190W,YPL059W,1,0.42908716,0.1489526778459549,0.57485032081604,0.32916584610939026
YHR096C,YER117W,0,0.42883563,0.14891417324543,0.57485032081604,0.32926586270332336
YNL271C,YPL152W,1,0.4288078,0.14913414418697357,0.5758482813835144,0.32926586270332336
YDR170C,YGR003W,0,0.42874753,0.14909560978412628,0.5758482813835144,0.32936587929725647
YNL030W,YHR039C-A,0,0.42859387,0.14905709028244019,0.5758482813835144,0.3294658958911896
YNL014W,YEL031W,0,0.4285444,0.14901860058307648,0.5758482813835144,0.3295659124851227
YDR059C,YOR344C,0,0.4284935,0.14898012578487396,0.5758482813835144,0.3296659290790558
YOR339C,YLR389C,0,0.42841035,0.14894166588783264,0.5758482813835144,0.3297659456729889
YPL246C,YCR012W,0,0.4283321,0.14890322089195251,0.5758482813835144,0.329865962266922
YKL170W,YDR545W,0,0.42826438,0.14886480569839478,0.5758482813835144,0.3299659788608551
YBR042C,YDL045W-A,0,0.4282245,0.14882640540599823,0.5758482813835144,0.3300660252571106
YLR006C,YDL235C,1,0.42806685,0.1490458995103836,0.5768463015556335,0.3300660252571106
YJL137C,YDR384C,0,0.4279204,0.14900746941566467,0.5768463015556335,0.3301660418510437
YLR050C,YFL021W,0,0.42774522,0.14896906912326813,0.5768463015556335,0.3302660584449768
YLR363C,YHR134W,0,0.42765754,0.14893068373203278,0.5768463015556335,0.3303660750389099
YJL154C,YKL125W,0,0.42763817,0.1488923281431198,0.5768463015556335,0.330466091632843
YPR009W,YHR085W,0,0.42713583,0.14885397255420685,0.5768463015556335,0.3305661082267761
YHL034C,YBL080C,0,0.4270125,0.14881564676761627,0.5768463015556335,0.33066612482070923
YGR046W,YOR245C,0,0.4267627,0.14877735078334808,0.5768463015556335,0.33076614141464233
YDR457W,YBR132C,0,0.42656273,0.1487390697002411,0.5768463015556335,0.3308661878108978
YNL036W,YGL194C,0,0.42639327,0.1487008035182953,0.5768463015556335,0.33096620440483093
YMR251W-A,YHL026C,0,0.42632174,0.14866255223751068,0.5768463015556335,0.33106622099876404
YJL171C,YJR133W,0,0.42602712,0.14862433075904846,0.5768463015556335,0.33116623759269714
YCL052C,YPR043W,0,0.42546582,0.14858612418174744,0.5768463015556335,0.33126625418663025
YOR147W,YGL062W,0,0.4253062,0.1485479325056076,0.5768463015556335,0.33136627078056335
YHR108W,YNL058C,0,0.42468905,0.14850977063179016,0.5768463015556335,0.33146628737449646
YNL016W,YPR029C,0,0.42435825,0.14847160875797272,0.5768463015556335,0.33156630396842957
YGR170W,YJL006C,0,0.42423677,0.14843349158763885,0.5768463015556335,0.33166632056236267
YDR051C,YMR262W,0,0.4236328,0.148395374417305,0.5768463015556335,0.33176636695861816
YJL020C,YHR033W,0,0.42361307,0.14835728704929352,0.5768463015556335,0.33186638355255127
YNR033W,YBR020W,0,0.4234327,0.14831921458244324,0.5768463015556335,0.3319664001464844
YMR065W,YPR196W,0,0.42334932,0.14828117191791534,0.5768463015556335,0.3320664167404175
YER073W,YNL275W,0,0.4233184,0.14824314415454865,0.5768463015556335,0.3321664333343506
YPL236C,YOR262W,0,0.42329443,0.14820513129234314,0.5768463015556335,0.3322664499282837
YBR234C,YBR094W,0,0.423064,0.14816713333129883,0.5768463015556335,0.3323664665222168
YER149C,YOL154W,0,0.4228407,0.1481291651725769,0.5768463015556335,0.3324664831161499
YPR034W,YFR030W,0,0.42262453,0.14809121191501617,0.5768463015556335,0.332566499710083
YER017C,YBR073W,0,0.42238587,0.14805327355861664,0.5768463015556335,0.3326665461063385
YOR360C,YOL017W,0,0.42172784,0.1480153650045395,0.5768463015556335,0.3327665627002716
YDR454C,YDR451C,0,0.4214431,0.14797747135162354,0.5768463015556335,0.3328665792942047
YLR277C,YKL094W,0,0.4212712,0.14793959259986877,0.5768463015556335,0.3329665958881378
YFL038C,YPL016W,0,0.42103744,0.1479017436504364,0.5768463015556335,0.3330666124820709
YHR115C,YNL063W,0,0.42094928,0.14786390960216522,0.5768463015556335,0.33316662907600403
YMR203W,YJL036W,0,0.42071062,0.14782609045505524,0.5768463015556335,0.33326664566993713
YGL018C,YLR047C,0,0.42025167,0.14778828620910645,0.5768463015556335,0.33336666226387024
YNL130C,YOR194C,0,0.41996598,0.14775051176548004,0.5768463015556335,0.33346667885780334
YGL254W,YGL250W,0,0.41989708,0.14771275222301483,0.5768463015556335,0.33356672525405884
YDR140W,YNL318C,0,0.41963065,0.14767500758171082,0.5768463015556335,0.33366674184799194
YMR029C,YDR244W,0,0.41955912,0.1476372927427292,0.5768463015556335,0.33376675844192505
YGR271W,YDR143C,0,0.41942585,0.14759959280490875,0.5768463015556335,0.33386677503585815
YLR088W,YPL256C,0,0.4193802,0.1475619077682495,0.5768463015556335,0.33396679162979126
YBR162W-A,YJR005W,0,0.4191013,0.14752425253391266,0.5768463015556335,0.33406680822372437
YHR107C,YGR253C,0,0.41903448,0.1474865972995758,0.5768463015556335,0.33416682481765747
YOR122C,YPR005C,1,0.4189546,0.1477040797472,0.5778443217277527,0.33416682481765747
YMR226C,YAL007C,0,0.41874093,0.14766640961170197,0.5778443217277527,0.3342668414115906
YJL172W,YHR019C,0,0.41854495,0.1476287543773651,0.5778443217277527,0.33436688780784607
YOL033W,YPL049C,0,0.41832203,0.14759112894535065,0.5778443217277527,0.3344669044017792
YGR252W,YOR298C-A,0,0.4182449,0.14755351841449738,0.5778443217277527,0.3345669209957123
YGR109C,YDR122W,0,0.41810107,0.1475159227848053,0.5778443217277527,0.3346669375896454
YBL027W,YJR109C,0,0.41792083,0.14747834205627441,0.5778443217277527,0.3347669541835785
YGL008C,YLR181C,0,0.41699505,0.14744079113006592,0.5778443217277527,0.3348669707775116
YJL066C,YKL095W,0,0.41686106,0.14740325510501862,0.5778443217277527,0.3349669873714447
YDR441C,YHR056C,0,0.41646194,0.1473657488822937,0.5778443217277527,0.3350670039653778
YDL216C,YLR324W,0,0.41623616,0.1473282426595688,0.5778443217277527,0.3351670205593109
YGL107C,YNR055C,0,0.4159947,0.14729076623916626,0.5778443217277527,0.3352670669555664
YGR121C,YMR220W,0,0.4156295,0.14725330471992493,0.5778443217277527,0.3353670835494995
YBR132C,YLR138W,1,0.4156288,0.1474701315164566,0.5788423418998718,0.3353670835494995
YLR389C,YGR207C,0,0.4151616,0.14743264019489288,0.5788423418998718,0.3354671001434326
YPR160W,YCR030C,0,0.41459328,0.14739517867565155,0.5788423418998718,0.3355671167373657
YGL194C,YCL057W,0,0.4138291,0.14735771715641022,0.5788423418998718,0.33566713333129883
YOR077W,YDL047W,0,0.41374087,0.14732030034065247,0.5788423418998718,0.33576714992523193
YLR355C,YDR497C,0,0.41354382,0.14728288352489471,0.5788423418998718,0.33586716651916504
YCR044C,YPL083C,0,0.413414,0.14724549651145935,0.5788423418998718,0.33596718311309814
YNL297C,YBR203W,0,0.4133519,0.14720812439918518,0.5788423418998718,0.33606719970703125
YGL054C,YOR209C,0,0.41331714,0.1471707671880722,0.5788423418998718,0.33616724610328674
YGL062W,YER032W,0,0.41305107,0.14713343977928162,0.5788423418998718,0.33626726269721985
YDL153C,YEL030W,0,0.4130115,0.14709611237049103,0.5788423418998718,0.33636727929115295
YBL008W,YOR255W,0,0.4127701,0.14705882966518402,0.5788423418998718,0.33646729588508606
YBR287W,YGR083C,0,0.41268718,0.14702154695987701,0.5788423418998718,0.33656731247901917
YPL151C,YOR038C,0,0.4126507,0.1469842940568924,0.5788423418998718,0.33666732907295227
YDL022W,YLR138W,1,0.4126351,0.14720040559768677,0.5798403024673462,0.33666732907295227
YOR016C,YGL055W,0,0.4125089,0.14716312289237976,0.5798403024673462,0.3367673456668854
YBR068C,YCR016W,0,0.41241515,0.14712585508823395,0.5798403024673462,0.3368673622608185
YGL049C,YIL061C,0,0.41220194,0.14708860218524933,0.5798403024673462,0.3369673788547516
YDL247W,YDR148C,0,0.41212356,0.1470513790845871,0.5798403024673462,0.3370674252510071
YCR017C,YIL006W,0,0.4119686,0.14701417088508606,0.5798403024673462,0.3371674418449402
YGR183C,YFR027W,0,0.4118538,0.14697697758674622,0.5798403024673462,0.3372674584388733
YHL035C,YPR110C,0,0.4118142,0.14693981409072876,0.5798403024673462,0.3373674750328064
YKL184W,YNL154C,0,0.41173798,0.1469026505947113,0.5798403024673462,0.3374674916267395
YGR215W,YOR267C,0,0.41146612,0.14686551690101624,0.5798403024673462,0.3375675082206726
YPL023C,YLR399C,0,0.4109745,0.14682839810848236,0.5798403024673462,0.3376675248146057
YPL058C,YDR002W,0,0.41091156,0.14679130911827087,0.5798403024673462,0.3377675414085388
YPR023C,YGR252W,0,0.4103408,0.14675423502922058,0.5798403024673462,0.3378675878047943
YML021C,YML132W,0,0.40996468,0.14671717584133148,0.5798403024673462,0.3379676043987274
YBL003C,YDR346C,0,0.4098755,0.14668013155460358,0.5798403024673462,0.3380676209926605
YNL243W,YMR145C,0,0.40970612,0.14664310216903687,0.5798403024673462,0.33816763758659363
YOR202W,YAL016W,0,0.40965706,0.14660610258579254,0.5798403024673462,0.33826765418052673
YOR298W,YNL078W,0,0.40928435,0.1465691179037094,0.5798403024673462,0.33836767077445984
YOR208W,YJL207C,0,0.40926218,0.14653216302394867,0.5798403024673462,0.33846768736839294
YKL143W,YGR014W,1,0.4089865,0.14674735069274902,0.5808383226394653,0.33846768736839294
YER081W,YER008C,0,0.4087968,0.1467103660106659,0.5808383226394653,0.33856770396232605
YML120C,YKL216W,0,0.40866888,0.14667338132858276,0.5808383226394653,0.33866772055625916
YLR165C,YHR122W,0,0.40843588,0.14663642644882202,0.5808383226394653,0.33876776695251465
YBR168W,YNL221C,0,0.40843445,0.14659950137138367,0.5808383226394653,0.33886778354644775
YHL035C,YMR076C,0,0.40841115,0.1465625762939453,0.5808383226394653,0.33896780014038086
YMR175W,YML131W,1,0.40784925,0.1467774361371994,0.5818363428115845,0.33896780014038086
YMR242C,YMR271C,0,0.4077512,0.14674049615859985,0.5818363428115845,0.33906781673431396
YNL190W,YER118C,1,0.407735,0.146955206990242,0.5828343033790588,0.33906781673431396
YPR131C,YHR194W,0,0.40762097,0.14691823720932007,0.5828343033790588,0.33916783332824707
YPR083W,YGR207C,0,0.40727448,0.14688128232955933,0.5828343033790588,0.3392678499221802
YNL080C,YPL193W,0,0.40725327,0.14684435725212097,0.5828343033790588,0.3393678665161133
YGR271C-A,YOR226C,0,0.40716988,0.1468074470758438,0.5828343033790588,0.3394678831100464
YOL111C,YDL047W,0,0.40713394,0.14677055180072784,0.5828343033790588,0.3395678997039795
YIL061C,YNR051C,0,0.4070164,0.14673367142677307,0.5828343033790588,0.339667946100235
YOR011W,YGR074W,0,0.4067465,0.1466968059539795,0.5828343033790588,0.3397679626941681
YBR162W-A,YNL156C,0,0.40673363,0.1466599702835083,0.5828343033790588,0.3398679792881012
YCL045C,YOR239W,0,0.40669012,0.1466231495141983,0.5828343033790588,0.3399679958820343
YDR494W,YJL083W,0,0.40663135,0.1465863436460495,0.5828343033790588,0.3400680124759674
YKL197C,YMR268C,0,0.40656888,0.14654956758022308,0.5828343033790588,0.3401680290699005
YPL168W,YPL064C,0,0.40653813,0.14651279151439667,0.5828343033790588,0.3402680456638336
YGL087C,YPL069C,0,0.40605998,0.14647604525089264,0.5828343033790588,0.3403680622577667
YPL036W,YDL217C,0,0.40584803,0.1464393138885498,0.5828343033790588,0.34046807885169983
YDR262W,YLR449W,0,0.40569818,0.14640261232852936,0.5828343033790588,0.3405681252479553
YLR244C,YOL016C,0,0.4056176,0.1463659107685089,0.5828343033790588,0.3406681418418884
YNL079C,YPR133C,0,0.4055285,0.14632923901081085,0.5828343033790588,0.34076815843582153
YPL097W,YBR145W,0,0.4055019,0.146292582154274,0.5828343033790588,0.34086817502975464
YOL107W,YDR361C,0,0.40521324,0.1462559551000595,0.5828343033790588,0.34096819162368774
YJL212C,YDL160C,0,0.40512252,0.14621932804584503,0.5828343033790588,0.34106820821762085
YML024W,YOR136W,0,0.40449435,0.14618273079395294,0.5828343033790588,0.34116822481155396
YJR007W,YDL174C,0,0.4044205,0.14614614844322205,0.5828343033790588,0.34126824140548706
YHR107C,YOR380W,0,0.40435576,0.14610958099365234,0.5828343033790588,0.34136828780174255
YLR277C,YGL051W,0,0.40423793,0.14607304334640503,0.5828343033790588,0.34146830439567566
YMR238W,YOR035C,0,0.40366697,0.14603650569915771,0.5828343033790588,0.34156832098960876
YKL062W,YFL062W,0,0.40319532,0.1459999978542328,0.5828343033790588,0.34166833758354187
YHR187W,YDR527W,0,0.40319264,0.14596350491046906,0.5828343033790588,0.341768354177475
YIL008W,YOR363C,0,0.4031582,0.1459270417690277,0.5828343033790588,0.3418683707714081
YEL062W,YOL126C,0,0.4024899,0.14589057862758636,0.5828343033790588,0.3419683873653412
YPL069C,YMR009W,0,0.40218645,0.1458541452884674,0.5828343033790588,0.3420684039592743
YHL022C,YDL178W,0,0.4017496,0.14581772685050964,0.5828343033790588,0.3421684205532074
YLR228C,YKL138C,0,0.4016859,0.14578132331371307,0.5828343033790588,0.3422684669494629
YMR053C,YHR009C,0,0.40167093,0.1457449495792389,0.5828343033790588,0.342368483543396
YBR287W,YGR091W,0,0.40107167,0.1457085758447647,0.5828343033790588,0.3424685001373291
YDR372C,YBR279W,0,0.4009037,0.14567223191261292,0.5828343033790588,0.3425685167312622
YNL336W,YNL240C,0,0.4007814,0.14563590288162231,0.5828343033790588,0.3426685333251953
YLL040C,YBR268W,0,0.40077502,0.1455996036529541,0.5828343033790588,0.3427685499191284
YEL020C,YOL009C,0,0.4006251,0.1455633044242859,0.5828343033790588,0.3428685665130615
YDL005C,YGR169C,0,0.4005971,0.14552703499794006,0.5828343033790588,0.34296858310699463
YEL001C,YHL015W,0,0.4005298,0.14549078047275543,0.5828343033790588,0.34306859970092773
YJL128C,YPL180W,1,0.4004783,0.14570361375808716,0.583832323551178,0.34306859970092773
YHR148W,YIL120W,0,0.40027893,0.14566732943058014,0.583832323551178,0.3431686460971832
YKL143W,YPL240C,1,0.39977467,0.14588001370429993,0.5848303437232971,0.3431686460971832
YDR294C,YLR103C,0,0.39962256,0.14584369957447052,0.5848303437232971,0.34326866269111633
YMR114C,YML110C,0,0.3996024,0.1458074152469635,0.5848303437232971,0.34336867928504944
YML039W,YOR142W,0,0.39946485,0.14577114582061768,0.5848303437232971,0.34346869587898254
YLR023C,YLR075W,0,0.39942986,0.14573489129543304,0.5848303437232971,0.34356871247291565
YCR024C,YMR044W,0,0.39908797,0.1456986516714096,0.5848303437232971,0.34366872906684875
YEL039C,YBR021W,0,0.39906675,0.14566244184970856,0.5848303437232971,0.34376874566078186
YHL050C,YKR055W,0,0.39890653,0.1456262469291687,0.5848303437232971,0.34386876225471497
YHR074W,YGR199W,0,0.3986932,0.14559006690979004,0.5848303437232971,0.34396880865097046
YHR106W,YEL022W,0,0.39834338,0.14555390179157257,0.5848303437232971,0.34406882524490356
YLR451W,YGR258C,0,0.39817888,0.1455177515745163,0.5848303437232971,0.34416884183883667
YMR013C,YGR278W,0,0.3977306,0.1454816311597824,0.5848303437232971,0.3442688584327698
YJL206C,YPL256C,0,0.3976527,0.14544552564620972,0.5848303437232971,0.3443688750267029
YPR124W,YBR045C,0,0.39715797,0.14540943503379822,0.5848303437232971,0.344468891620636
YDL122W,YBR201W,0,0.3970821,0.1453733593225479,0.5848303437232971,0.3445689082145691
YBR150C,YPL140C,0,0.39686745,0.1453372985124588,0.5848303437232971,0.3446689248085022
YNL020C,YBR107C,0,0.39665163,0.14530126750469208,0.5848303437232971,0.3447689414024353
YOR393W,YPR125W,0,0.3963173,0.14526525139808655,0.5848303437232971,0.3448689877986908
YPL147W,YIL049W,0,0.39602512,0.1452292501926422,0.5848303437232971,0.3449690043926239
YNL107W,YPL079W,0,0.39599812,0.14519326388835907,0.5848303437232971,0.345069020986557
YCL020W,YLL006W,0,0.3959577,0.14515729248523712,0.5848303437232971,0.3451690375804901
YGR185C,YGL077C,0,0.395531,0.14512135088443756,0.5848303437232971,0.3452690541744232
YOL044W,YDR378C,0,0.39537287,0.1450854241847992,0.5848303437232971,0.3453690707683563
YNL014W,YBR215W,0,0.39491713,0.14504951238632202,0.5848303437232971,0.34546908736228943
YHL035C,YDR020C,0,0.3944822,0.14501361548900604,0.5848303437232971,0.34556910395622253
YGL195W,YJR005W,0,0.39447498,0.14497773349285126,0.5848303437232971,0.34566912055015564
YMR203W,YNL208W,0,0.39419925,0.14494188129901886,0.5848303437232971,0.34576916694641113
YER177W,YDR399W,0,0.3940032,0.14490602910518646,0.5848303437232971,0.34586918354034424
YDR324C,YKR013W,0,0.3939801,0.14487020671367645,0.5848303437232971,0.34596920013427734
YPL215W,YER060W-A,0,0.3934886,0.14483439922332764,0.5848303437232971,0.34606921672821045
YDL215C,YPL241C,0,0.3933971,0.1447986215353012,0.5848303437232971,0.34616923332214355
YLR332W,YBR016W,1,0.39310342,0.1450098752975464,0.5858283638954163,0.34616923332214355
YGR036C,YBR060C,0,0.393032,0.14497406780719757,0.5858283638954163,0.34626924991607666
YKL188C,YJL172W,0,0.39252436,0.14493827521800995,0.5858283638954163,0.34636926651000977
YGR260W,YGR244C,0,0.3920802,0.14490249752998352,0.5858283638954163,0.34646928310394287
YPR023C,YJL173C,0,0.39206684,0.1448667347431183,0.5858283638954163,0.346569299697876
YDR276C,YJL034W,0,0.39163113,0.14483098685741425,0.5858283638954163,0.34666934609413147
YEL047C,YLR376C,0,0.3914771,0.1447952687740326,0.5858283638954163,0.3467693626880646
YDL175C,YNL208W,0,0.39068043,0.14475955069065094,0.5858283638954163,0.3468693792819977
YGR206W,YPR008W,0,0.3906514,0.14472386240959167,0.5858283638954163,0.3469693958759308
YBR216C,YDR131C,0,0.39060557,0.1446881890296936,0.5858283638954163,0.3470694124698639
YDL209C,YOL009C,0,0.39026344,0.14465254545211792,0.5858283638954163,0.347169429063797
YPL040C,YNR069C,0,0.38989317,0.14461690187454224,0.5858283638954163,0.3472694456577301
YHR194W,YJL076W,0,0.38935363,0.14458128809928894,0.5858283638954163,0.3473694622516632
YJL026W,YGR166W,0,0.38934577,0.14454567432403564,0.5858283638954163,0.3474695086479187
YKL049C,YEL041W,0,0.3891555,0.14451009035110474,0.5858283638954163,0.3475695252418518
YLR394W,YDL160C,0,0.3889165,0.14447452127933502,0.5858283638954163,0.3476695418357849
YER177W,YKL069W,0,0.38865632,0.1444389820098877,0.5858283638954163,0.347769558429718
YLR424W,YDR422C,0,0.38824832,0.14440344274044037,0.5858283638954163,0.3478695750236511
YKR026C,YGL055W,0,0.38816178,0.14436793327331543,0.5858283638954163,0.34796959161758423
YLR421C,YLL048C,0,0.38814294,0.14433243870735168,0.5858283638954163,0.34806960821151733
YML007W,YJL045W,0,0.3880329,0.14429695904254913,0.5858283638954163,0.34816962480545044
YBL089W,YNL190W,0,0.38801938,0.14426149427890778,0.5858283638954163,0.34826964139938354
YGL245W,YGR177C,0,0.38760215,0.1442260444164276,0.5858283638954163,0.34836968779563904
YDR222W,YKL137W,0,0.38724792,0.14419060945510864,0.5858283638954163,0.34846970438957214
YPR199C,YDL165W,0,0.38719296,0.14415520429611206,0.5858283638954163,0.34856972098350525
YOR141C,YIL041W,0,0.38709456,0.14411981403827667,0.5858283638954163,0.34866973757743835
YAL048C,YCL001W,0,0.38672572,0.14408443868160248,0.5858283638954163,0.34876975417137146
YDR309C,YML130C,0,0.38670963,0.14404907822608948,0.5858283638954163,0.34886977076530457
YDR388W,YOR043W,1,0.38655174,0.14425908029079437,0.5868263244628906,0.34886977076530457
YPR094W,YHR080C,0,0.38641655,0.14422369003295898,0.5868263244628906,0.34896978735923767
YMR109W,YLR113W,1,0.38630635,0.14443354308605194,0.5878243446350098,0.34896978735923767
YLR077W,YOR324C,0,0.38621098,0.14439813792705536,0.5878243446350098,0.3490698039531708
YMR305C,YPL065W,0,0.38600302,0.14436274766921997,0.5878243446350098,0.3491698205471039
YCR009C,YMR109W,1,0.38591832,0.1445724070072174,0.5888223648071289,0.3491698205471039
YNR038W,YDL135C,0,0.3857727,0.14453698694705963,0.5888223648071289,0.3492698669433594
YNL062C,YIL050W,0,0.38528752,0.14450159668922424,0.5888223648071289,0.3493698835372925
YLR330W,YNL298W,0,0.38509524,0.14446620643138885,0.5888223648071289,0.3494699001312256
YER081W,YML101C,0,0.38471645,0.14443084597587585,0.5888223648071289,0.3495699167251587
YOR008C,YLR148W,0,0.3843723,0.14439550042152405,0.5888223648071289,0.3496699333190918
YFR031C-A,YIL088C,0,0.38429743,0.14436016976833344,0.5888223648071289,0.3497699499130249
YLR208W,YDL207W,0,0.38349742,0.14432485401630402,0.5888223648071289,0.349869966506958
YLR355C,YJL060W,0,0.383487,0.1442895531654358,0.5888223648071289,0.3499699831008911
YJL128C,YKR072C,1,0.3830521,0.1444987803697586,0.589820384979248,0.3499699831008911
YNL081C,YMR067C,0,0.38301742,0.144463449716568,0.589820384979248,0.3500699996948242
YML041C,YIL129C,0,0.38297755,0.14442814886569977,0.589820384979248,0.3501700460910797
YGR007W,YNL137C,0,0.38290942,0.14439286291599274,0.589820384979248,0.3502700626850128
YOR259C,YFR010W,0,0.38273406,0.1443575918674469,0.589820384979248,0.3503700792789459
YDR338C,YDR310C,0,0.38261533,0.14432235062122345,0.589820384979248,0.35047009587287903
YLR413W,YPR086W,0,0.38258433,0.144287109375,0.589820384979248,0.35057011246681213
YGR004W,YLR234W,0,0.3825823,0.14425189793109894,0.589820384979248,0.35067012906074524
YMR109W,YPL240C,1,0.38247824,0.14446070790290833,0.5908183455467224,0.35067012906074524
YPL147W,YHR133C,0,0.38245183,0.14442546665668488,0.5908183455467224,0.35077014565467834
YLR216C,YOR145C,0,0.38227367,0.14439024031162262,0.5908183455467224,0.35087016224861145
YHL035C,YDR087C,0,0.38215607,0.14435502886772156,0.5908183455467224,0.35097020864486694
YPR131C,YEL037C,0,0.38145626,0.14431984722614288,0.5908183455467224,0.35107022523880005
YML067C,YNR018W,0,0.38127,0.1442846655845642,0.5908183455467224,0.35117024183273315
YGL129C,YBR275C,0,0.3809607,0.14424951374530792,0.5908183455467224,0.35127025842666626
YGR282C,YPL023C,0,0.38061702,0.14421437680721283,0.5908183455467224,0.35137027502059937
YEL026W,YGR028W,0,0.3800558,0.14417925477027893,0.5908183455467224,0.35147029161453247
YKR099W,YOL088C,0,0.37988377,0.14414414763450623,0.5908183455467224,0.3515703082084656
YKL194C,YPL235W,0,0.379529,0.14410905539989471,0.5908183455467224,0.3516703248023987
YIL007C,YFR053C,0,0.3793919,0.1440739780664444,0.5908183455467224,0.3517703413963318
YCR106W,YAL055W,0,0.37883234,0.14403893053531647,0.5908183455467224,0.3518703877925873
YCR017C,YPR137W,0,0.37851995,0.14400389790534973,0.5908183455467224,0.3519704043865204
YML067C,YHR209W,0,0.37811548,0.143968865275383,0.5908183455467224,0.3520704209804535
YNL294C,YHR041C,0,0.37786555,0.14393386244773865,0.5908183455467224,0.3521704375743866
YMR205C,YLR095C,0,0.37781602,0.1438988745212555,0.5908183455467224,0.3522704541683197
YGL240W,YNL284C,0,0.37754452,0.14386391639709473,0.5908183455467224,0.3523704707622528
YPL227C,YIR028W,0,0.37727904,0.14382895827293396,0.5908183455467224,0.3524704873561859
YNL083W,YPR121W,0,0.37718552,0.14379402995109558,0.5908183455467224,0.352570503950119
YIL132C,YDL139C,0,0.377105,0.1437591016292572,0.5908183455467224,0.3526705205440521
YJL001W,YOR035C,0,0.3769579,0.1437242031097412,0.5908183455467224,0.3527705669403076
YBL006C,YOR178C,0,0.37654692,0.1436893194913864,0.5908183455467224,0.3528705835342407
YPL130W,YMR030W,0,0.37637758,0.1436544507741928,0.5908183455467224,0.35297060012817383
YGR281W,YOL148C,0,0.37636733,0.1436195969581604,0.5908183455467224,0.35307061672210693
YIL117C,YLR323C,0,0.3763436,0.14358477294445038,0.5908183455467224,0.35317063331604004
YNL064C,YNL202W,0,0.37623358,0.14354994893074036,0.5908183455467224,0.35327064990997314
YPL127C,YJL171C,0,0.37613964,0.14351515471935272,0.5908183455467224,0.35337066650390625
YFL066C,YNL177C,0,0.37606084,0.14348037540912628,0.5908183455467224,0.35347068309783936
YFR033C,YOR190W,0,0.3743382,0.14344559609889984,0.5908183455467224,0.35357069969177246
YDR211W,YGL038C,0,0.37433594,0.1434108465909958,0.5908183455467224,0.35367074608802795
YOL155C,YCL033C,0,0.37411505,0.14337612688541412,0.5908183455467224,0.35377076268196106
YNL106C,YLR228C,0,0.37411308,0.14334140717983246,0.5908183455467224,0.35387077927589417
YER169W,YBL068W,0,0.37402785,0.143306702375412,0.5908183455467224,0.35397079586982727
YJR159W,YBR026C,0,0.37360704,0.1432720273733139,0.5908183455467224,0.3540708124637604
YJR047C,YML056C,0,0.3731163,0.14323735237121582,0.5908183455467224,0.3541708290576935
YMR276W,YJL081C,0,0.37300372,0.14320270717144012,0.5908183455467224,0.3542708456516266
YIL121W,YNL079C,0,0.37297505,0.14316807687282562,0.5908183455467224,0.3543708622455597
YDR191W,YMR033W,0,0.37292784,0.14313346147537231,0.5908183455467224,0.3544709086418152
YNL005C,YJL176C,0,0.37280643,0.1430988609790802,0.5908183455467224,0.3545709252357483
YGR068C,YER046W,0,0.3727377,0.14306427538394928,0.5908183455467224,0.3546709418296814
YLR113W,YPR060C,0,0.37255466,0.14302971959114075,0.5908183455467224,0.3547709584236145
YEL051W,YMR240C,0,0.37241977,0.14299516379833221,0.5908183455467224,0.3548709750175476
YPL086C,YOR295W,0,0.37221968,0.14296063780784607,0.5908183455467224,0.3549709916114807
YBR229C,YOL049W,0,0.37202406,0.14292612671852112,0.5908183455467224,0.3550710082054138
YIL147C,YNL190W,1,0.37127364,0.1431329995393753,0.5918163657188416,0.3550710082054138
YNL336W,YNR072W,0,0.37028205,0.14309845864772797,0.5918163657188416,0.3551710247993469
YOL028C,YBR002C,0,0.3702529,0.14306393265724182,0.5918163657188416,0.35527104139328003
YNL121C,YBL045C,0,0.37020057,0.14302942156791687,0.5918163657188416,0.3553710877895355
YML051W,YLR324W,0,0.370197,0.1429949402809143,0.5918163657188416,0.35547110438346863
YFL011W,YAL005C,0,0.37016213,0.14296045899391174,0.5918163657188416,0.35557112097740173
YDL076C,YLR410W,0,0.36999083,0.14292600750923157,0.5918163657188416,0.35567113757133484
YBR014C,YDR168W,1,0.3697574,0.1431325227022171,0.5928143858909607,0.35567113757133484
YMR192W,YEL031W,0,0.36951798,0.14309804141521454,0.5928143858909607,0.35577115416526794
YGR046W,YDL103C,0,0.36944747,0.14306358993053436,0.5928143858909607,0.35587117075920105
YBL046W,YLR011W,0,0.36934227,0.1430291384458542,0.5928143858909607,0.35597118735313416
YCL020W,YOR237W,0,0.3691671,0.1429947018623352,0.5928143858909607,0.35607120394706726
YLR393W,YNR021W,0,0.36914444,0.1429602950811386,0.5928143858909607,0.35617122054100037
YPL134C,YGR193C,0,0.3685783,0.14292588829994202,0.5928143858909607,0.35627126693725586
YCL008C,YNL294C,0,0.36828852,0.1428915113210678,0.5928143858909607,0.35637128353118896
YKL161C,YDL093W,0,0.36821234,0.1428571492433548,0.5928143858909607,0.35647130012512207
YPL242C,YLR337C,1,0.36790973,0.1430632323026657,0.5938123464584351,0.35647130012512207
YFL066C,YML072C,0,0.36788666,0.1430288404226303,0.5938123464584351,0.3565713167190552
YBR083W,YDR296W,0,0.36782074,0.1429944783449173,0.5938123464584351,0.3566713333129883
YDR398W,YGL028C,0,0.3676716,0.14296011626720428,0.5938123464584351,0.3567713499069214
YGR138C,YNL259C,0,0.36755687,0.14292576909065247,0.5938123464584351,0.3568713665008545
YJR064W,YER154W,0,0.3672111,0.14289145171642303,0.5938123464584351,0.3569713830947876
YDR168W,YMR172W,1,0.36705852,0.14309723675251007,0.5948103666305542,0.3569713830947876
YGR256W,YGL212W,0,0.366974,0.14306288957595825,0.5948103666305542,0.3570713996887207
YOR388C,YOL043C,0,0.36659527,0.14302855730056763,0.5948103666305542,0.3571714460849762
YEL048C,YER167W,0,0.3663193,0.1429942399263382,0.5948103666305542,0.3572714626789093
YKL217W,YPL108W,0,0.36629146,0.14295993745326996,0.5948103666305542,0.3573714792728424
YDR160W,YMR092C,0,0.36618972,0.1429256647825241,0.5948103666305542,0.3574714958667755
YER004W,YBR179C,0,0.36611372,0.14289139211177826,0.5948103666305542,0.3575715124607086
YOR367W,YMR172W,1,0.3655691,0.14309683442115784,0.5958083868026733,0.3575715124607086
YIL159W,YKL129C,1,0.365283,0.14330218732357025,0.5968064069747925,0.3575715124607086
YDL059C,YAL002W,0,0.36490142,0.14326785504817963,0.5968064069747925,0.3576715290546417
YDR438W,YLR388W,0,0.3646016,0.1432335376739502,0.5968064069747925,0.35777154564857483
YGR012W,YML049C,0,0.36445487,0.14319923520088196,0.5968064069747925,0.35787156224250793
YJL092W,YIL062C,0,0.36417186,0.14316494762897491,0.5968064069747925,0.3579716086387634
YGR254W,YGR125W,0,0.3641202,0.14313068985939026,0.5968064069747925,0.35807162523269653
YER168C,YNL084C,0,0.36386204,0.1430964320898056,0.5968064069747925,0.35817164182662964
YDR165W,YPL280W,0,0.36332917,0.14306220412254333,0.5968064069747925,0.35827165842056274
YLL066C,YOR026W,0,0.36319935,0.14302799105644226,0.5968064069747925,0.35837167501449585
YOR317W,YNL169C,0,0.36318898,0.1429937779903412,0.5968064069747925,0.35847169160842896
YML062C,YDR446W,0,0.3630998,0.1429595947265625,0.5968064069747925,0.35857170820236206
YHR210C,YDL047W,0,0.36304712,0.142925426363945,0.5968064069747925,0.35867172479629517
YFL052W,YLR151C,0,0.36298263,0.1428912729024887,0.5968064069747925,0.35877174139022827
YOL038W,YBL035C,0,0.3629248,0.1428571492433548,0.5968064069747925,0.35887178778648376
YBR132C,YPL249C-A,0,0.36291778,0.1428230255842209,0.5968064069747925,0.35897180438041687
YHR098C,YDR195W,0,0.36290932,0.14278891682624817,0.5968064069747925,0.35907182097435
YFL048C,YBR061C,0,0.36234367,0.14275483787059784,0.5968064069747925,0.3591718375682831
YIL159W,YBR014C,1,0.3622768,0.14295943081378937,0.5978043675422668,0.3591718375682831
YKL145W,YJL020C,0,0.36216247,0.14292532205581665,0.5978043675422668,0.3592718541622162
YNL035C,YAR033W,0,0.36204898,0.14289122819900513,0.5978043675422668,0.3593718707561493
YCR020W-B,YNL335W,0,0.36191297,0.1428571492433548,0.5978043675422668,0.3594718873500824
YLR004C,YDR306C,0,0.36170566,0.14282308518886566,0.5978043675422668,0.3595719039440155
YAL019W,YOR157C,0,0.36159945,0.14278903603553772,0.5978043675422668,0.3596719205379486
YOR177C,YFL008W,0,0.36153805,0.14275500178337097,0.5978043675422668,0.3597719669342041
YDR009W,YJL076W,0,0.36128342,0.1427209973335266,0.5978043675422668,0.3598719835281372
YGR266W,YEL029C,0,0.36116415,0.14268699288368225,0.5978043675422668,0.3599720001220703
YGR206W,YDR226W,0,0.36057627,0.14265301823616028,0.5978043675422668,0.3600720167160034
YER171W,YGR165W,0,0.36027014,0.1426190435886383,0.5978043675422668,0.3601720333099365
YHR175W,YKL213C,0,0.3600595,0.14258509874343872,0.5978043675422668,0.36027204990386963
YHR205W,YKL062W,1,0.35995758,0.14278915524482727,0.598802387714386,0.36027204990386963
YPL029W,YEL019C,0,0.35992914,0.1427551805973053,0.598802387714386,0.36037206649780273
YAR027W,YBL098W,0,0.3597883,0.14272122085094452,0.598802387714386,0.36047208309173584
YOL111C,YKR045C,0,0.35944527,0.14268727600574493,0.598802387714386,0.36057209968566895
YDR017C,YBR182C,0,0.35930878,0.14265334606170654,0.598802387714386,0.36067214608192444
YJR127C,YDR245W,0,0.35896707,0.14261944591999054,0.598802387714386,0.36077216267585754
YPL138C,YOR254C,0,0.35876262,0.14258554577827454,0.598802387714386,0.36087217926979065
YKL211C,YNL259C,0,0.3586445,0.14255167543888092,0.598802387714386,0.36097219586372375
YNR074C,YLR054C,0,0.35844946,0.1425178200006485,0.598802387714386,0.36107221245765686
YDL178W,YER005W,0,0.35810226,0.14248396456241608,0.598802387714386,0.36117222905158997
YNL181W,YOR106W,0,0.35804546,0.14245013892650604,0.598802387714386,0.36127224564552307
YDR345C,YOR004W,0,0.35795295,0.1424163281917572,0.598802387714386,0.3613722622394562
YBR199W,YML061C,0,0.35772568,0.14238253235816956,0.598802387714386,0.36147230863571167
YPR162C,YDR383C,0,0.3574803,0.1423487514257431,0.598802387714386,0.3615723252296448
YPR037C,YOL042W,0,0.35739928,0.14231498539447784,0.598802387714386,0.3616723418235779
YER035W,YIL007C,0,0.35737282,0.14228124916553497,0.598802387714386,0.361772358417511
YMR244C-A,YDL147W,0,0.35722858,0.1422475129365921,0.598802387714386,0.3618723750114441
YMR227C,YFR021W,0,0.3570215,0.14221379160881042,0.598802387714386,0.3619723916053772
YBL025W,YNR031C,0,0.35701478,0.14218010008335114,0.598802387714386,0.3620724081993103
YOR073W,YJR125C,0,0.35693568,0.14214640855789185,0.598802387714386,0.3621724247932434
YIL157C,YPL208W,0,0.35692918,0.14211274683475494,0.598802387714386,0.3622724413871765
YLR389C,YBR280C,0,0.35651517,0.14207908511161804,0.598802387714386,0.362372487783432
YNL035C,YDR498C,0,0.35603797,0.14204545319080353,0.598802387714386,0.3624725043773651
YGL105W,YOR071C,0,0.35549623,0.1420118361711502,0.598802387714386,0.3625725209712982
YLR060W,YGR113W,0,0.35530353,0.14197823405265808,0.598802387714386,0.3626725375652313
YMR175W,YNL079C,0,0.35507482,0.14194464683532715,0.598802387714386,0.36277255415916443
YLR225C,YPL235W,0,0.35503435,0.1419110745191574,0.598802387714386,0.36287257075309753
YDL246C,YPR175W,0,0.35500044,0.14187751710414886,0.598802387714386,0.36297258734703064
YGL038C,YBR282W,0,0.35461867,0.1418439745903015,0.598802387714386,0.36307260394096375
YDR352W,YPL198W,0,0.35448366,0.14181044697761536,0.598802387714386,0.36317262053489685
YPL008W,YDR437W,0,0.3541444,0.1417769342660904,0.598802387714386,0.36327266693115234
YOR320C,YDL078C,0,0.3540371,0.14174345135688782,0.598802387714386,0.36337268352508545
YNR004W,YML082W,0,0.35389543,0.14170996844768524,0.598802387714386,0.36347270011901855
YMR146C,YDL215C,0,0.353472,0.14167650043964386,0.598802387714386,0.36357271671295166
YDR291W,YLR113W,0,0.3533551,0.14164306223392487,0.598802387714386,0.36367273330688477
YOL089C,YHL007C,1,0.35328317,0.14184564352035522,0.5998004078865051,0.36367273330688477
YBR260C,YHL007C,1,0.35322112,0.14204813539981842,0.6007984280586243,0.36367273330688477
YMR175W,YER062C,1,0.35318857,0.14225053787231445,0.6017963886260986,0.36367273330688477
YLL015W,YNL059C,0,0.35316694,0.1422169804573059,0.6017963886260986,0.36377274990081787
YOR005C,YDR034C,0,0.3528663,0.14218345284461975,0.6017963886260986,0.363872766494751
YGR204W,YAL001C,0,0.35262716,0.1421499252319336,0.6017963886260986,0.3639727830886841
YPL181W,YHR211W,0,0.35262567,0.14211642742156982,0.6017963886260986,0.3640727996826172
YPR131C,YOL027C,0,0.35220522,0.14208294451236725,0.6017963886260986,0.3641728460788727
YAR027W,YOR255W,0,0.3520894,0.14204947650432587,0.6017963886260986,0.3642728626728058
YMR239C,YAL042W,0,0.352045,0.14201600849628448,0.6017963886260986,0.3643728792667389
YJR131W,YMR172W,0,0.3520158,0.1419825702905655,0.6017963886260986,0.364472895860672
YLR289W,YMR075W,0,0.35170984,0.1419491469860077,0.6017963886260986,0.3645729124546051
YGL175C,YLR234W,0,0.35167855,0.14191573858261108,0.6017963886260986,0.3646729290485382
YIL119C,YBR223C,0,0.3513497,0.14188235998153687,0.6017963886260986,0.3647729456424713
YOR344C,YPL244C,0,0.3510086,0.14184898138046265,0.6017963886260986,0.3648729622364044
YGR121C,YOL146W,0,0.35090333,0.14181561768054962,0.6017963886260986,0.3649730086326599
YKL184W,YNL279W,0,0.35078913,0.1417822688817978,0.6017963886260986,0.365073025226593
YOL086C,YLR376C,0,0.35076362,0.14174893498420715,0.6017963886260986,0.3651730418205261
YML132W,YDR328C,0,0.35075438,0.1417156308889389,0.6017963886260986,0.36527305841445923
YDR227W,YDR403W,0,0.35057795,0.14168232679367065,0.6017963886260986,0.36537307500839233
YPL275W,YJL002C,0,0.35056967,0.1416490525007248,0.6017963886260986,0.36547309160232544
YDR377W,YML061C,0,0.35047877,0.14161577820777893,0.6017963886260986,0.36557310819625854
YML086C,YHL002W,0,0.35038912,0.14158253371715546,0.6017963886260986,0.36567312479019165
YHR214W,YLR061W,0,0.35016477,0.14154928922653198,0.6017963886260986,0.36577314138412476
YPL268W,YMR293C,0,0.35009915,0.1415160745382309,0.6017963886260986,0.36587318778038025
YPL169C,YBR218C,0,0.349118,0.141482874751091,0.6017963886260986,0.36597320437431335
YGR281W,YML019W,0,0.34909153,0.1414496898651123,0.6017963886260986,0.36607322096824646
YFR004W,YBR222C,0,0.34883523,0.1414165049791336,0.6017963886260986,0.36617323756217957
YBR153W,YOL045W,0,0.34883124,0.1413833498954773,0.6017963886260986,0.36627325415611267
YOR077W,YLR136C,0,0.34881848,0.14135020971298218,0.6017963886260986,0.3663732707500458
YOR005C,YMR060C,0,0.3488083,0.14131708443164825,0.6017963886260986,0.3664732873439789
YCL033C,YJR027W,0,0.34878612,0.14128397405147552,0.6017963886260986,0.366573303937912
YDR498C,YDR522C,0,0.3487802,0.141250878572464,0.6017963886260986,0.3666733205318451
YPL112C,YER050C,0,0.34871644,0.14121779799461365,0.6017963886260986,0.3667733669281006
YNL139C,YNL294C,0,0.34871322,0.1411847323179245,0.6017963886260986,0.3668733835220337
YGR224W,YPL169C,0,0.34854943,0.14115168154239655,0.6017963886260986,0.3669734001159668
YML059C,YAR035W,0,0.34843886,0.14111864566802979,0.6017963886260986,0.3670734167098999
YDR349C,YDR057W,0,0.34817505,0.1410856395959854,0.6017963886260986,0.367173433303833
YDL042C,YOR297C,0,0.34776384,0.14105263352394104,0.6017963886260986,0.3672734498977661
YMR025W,YOR250C,0,0.34708208,0.14101964235305786,0.6017963886260986,0.3673734664916992
YHR209W,YNL300W,0,0.34673512,0.14098666608333588,0.6017963886260986,0.3674734830856323
YDR072C,YPL200W,0,0.34653455,0.14095371961593628,0.6017963886260986,0.3675735294818878
YBR152W,YHL011C,0,0.34634525,0.14092077314853668,0.6017963886260986,0.3676735460758209
YDR164C,YOL129W,0,0.34625936,0.14088785648345947,0.6017963886260986,0.36777356266975403
YDR051C,YGR166W,0,0.34624004,0.14085493981838226,0.6017963886260986,0.36787357926368713
YPR029C,YIL053W,0,0.34620446,0.14082205295562744,0.6017963886260986,0.36797359585762024
YKL197C,YBR008C,0,0.3459282,0.14078916609287262,0.6017963886260986,0.36807361245155334
YOR028C,YBR049C,0,0.34556967,0.14075630903244019,0.6017963886260986,0.36817362904548645
YCL033C,YOR303W,0,0.3454491,0.14072345197200775,0.6017963886260986,0.36827364563941956
YJL172W,YKL091C,0,0.34512645,0.1406906247138977,0.6017963886260986,0.36837366223335266
YPL179W,YJL028W,0,0.34459865,0.14065779745578766,0.6017963886260986,0.36847370862960815
YMR135C,YPL098C,0,0.34457588,0.140625,0.6017963886260986,0.36857372522354126
YKL184W,YPR135W,0,0.34445244,0.14059221744537354,0.6017963886260986,0.36867374181747437
YLR319C,YGR244C,0,0.34402186,0.14055943489074707,0.6017963886260986,0.36877375841140747
YPL164C,YPL066W,0,0.3439371,0.140526682138443,0.6017963886260986,0.3688737750053406
YPL230W,YPL223C,1,0.3439209,0.1407269388437271,0.6027944087982178,0.3688737750053406
YJL191W,YCR069W,0,0.34387064,0.14069415628910065,0.6027944087982178,0.3689737915992737
YIR004W,YLR247C,0,0.3438465,0.14066138863563538,0.6027944087982178,0.3690738081932068
YGL131C,YBR280C,0,0.34305817,0.1406286358833313,0.6027944087982178,0.3691738247871399
YDR317W,YMR170C,0,0.34285074,0.14059589803218842,0.6027944087982178,0.369273841381073
YGL153W,YFL062W,0,0.34283072,0.14056318998336792,0.6027944087982178,0.3693738877773285
YCL004W,YLR190W,0,0.34222418,0.14053048193454742,0.6027944087982178,0.3694739043712616
YKL130C,YKR088C,0,0.34204143,0.14049778878688812,0.6027944087982178,0.3695739209651947
YJL026W,YNL160W,0,0.34192514,0.14046511054039001,0.6027944087982178,0.3696739375591278
YGR012W,YPL176C,0,0.3418662,0.1404324620962143,0.6027944087982178,0.3697739541530609
YBR139W,YLR174W,0,0.34156048,0.14039981365203857,0.6027944087982178,0.369873970746994
YKL221W,YPL266W,0,0.34078318,0.14036718010902405,0.6027944087982178,0.3699739873409271
YOR028C,YHR201C,0,0.34074187,0.1403345763683319,0.6027944087982178,0.37007400393486023
YDR281C,YPL105C,0,0.3405205,0.14030197262763977,0.6027944087982178,0.37017402052879333
YPL223C,YDL235C,1,0.34017062,0.14050161838531494,0.6037924289703369,0.37017402052879333
YDL010W,YKL062W,1,0.3398196,0.14070118963718414,0.6047903895378113,0.37017402052879333
YDR140W,YJL206C,0,0.339813,0.14066852629184723,0.6047903895378113,0.37027406692504883
YFL052W,YOR190W,0,0.33972365,0.1406358778476715,0.6047903895378113,0.37037408351898193
YER081W,YMR052W,0,0.33956438,0.14060324430465698,0.6047903895378113,0.37047410011291504
YBR287W,YNL209W,0,0.33956176,0.14057064056396484,0.6047903895378113,0.37057411670684814
YNR071C,YJL034W,0,0.3392836,0.1405380368232727,0.6047903895378113,0.37067413330078125
YCL067C,YGR082W,0,0.33921915,0.14050544798374176,0.6047903895378113,0.37077414989471436
YBR154C,YCL052C,0,0.33911633,0.140472874045372,0.6047903895378113,0.37087416648864746
YJL123C,YLR131C,0,0.33899224,0.14044032990932465,0.6047903895378113,0.37097418308258057
YOR250C,YGL174W,0,0.33887428,0.14040778577327728,0.6047903895378113,0.37107422947883606
YGL208W,YLL015W,0,0.33866936,0.1403752565383911,0.6047903895378113,0.37117424607276917
YIL041W,YGR013W,0,0.33855063,0.14034275710582733,0.6047903895378113,0.37127426266670227
YPR138C,YMR055C,0,0.33807015,0.14031025767326355,0.6047903895378113,0.3713742792606354
YMR029C,YIL130W,0,0.33796275,0.14027777314186096,0.6047903895378113,0.3714742958545685
YMR025W,YDL160C,0,0.33794594,0.14024531841278076,0.6047903895378113,0.3715743124485016
YGL023C,YBL091C-A,0,0.33778846,0.14021286368370056,0.6047903895378113,0.3716743290424347
YFR045W,YBR014C,0,0.3375581,0.14018042385578156,0.6047903895378113,0.3717743456363678
YBR114W,YNL199C,0,0.3372615,0.14014801383018494,0.6047903895378113,0.3718743622303009
YKL058W,YBL079W,0,0.3362586,0.14011560380458832,0.6047903895378113,0.3719744086265564
YBR222C,YLR333C,0,0.33610755,0.1400832235813141,0.6047903895378113,0.3720744252204895
YMR109W,YLR337C,1,0.33602452,0.14028194546699524,0.6057884097099304,0.3720744252204895
YNL335W,YJL173C,0,0.33588272,0.14024953544139862,0.6057884097099304,0.3721744418144226
YLL005C,YCR048W,0,0.3355968,0.1402171403169632,0.6057884097099304,0.3722744584083557
YOR084W,YOR371C,0,0.3349287,0.14018476009368896,0.6057884097099304,0.3723744750022888
YIR005W,YML110C,0,0.33469123,0.14015239477157593,0.6057884097099304,0.3724744915962219
YDR078C,YMR052W,0,0.33452094,0.14012004435062408,0.6057884097099304,0.37257450819015503
YOR122C,YPR075C,1,0.33441585,0.14031848311424255,0.6067864298820496,0.37257450819015503
YMR179W,YNR039C,0,0.3342688,0.14028610289096832,0.6067864298820496,0.37267452478408813
YPL100W,YHR065C,0,0.334103,0.14025375247001648,0.6067864298820496,0.37277454137802124
YGL246C,YOR378W,0,0.3337397,0.14022140204906464,0.6067864298820496,0.37287458777427673
YOR068C,YDL147W,0,0.33370876,0.140189066529274,0.6067864298820496,0.37297460436820984
YAL048C,YLL014W,0,0.33337063,0.14015676081180573,0.6067864298820496,0.37307462096214294
YDL220C,YDR150W,0,0.33328855,0.14012445509433746,0.6067864298820496,0.37317463755607605
YBL098W,YFR053C,0,0.3332348,0.1400921642780304,0.6067864298820496,0.37327465415000916
YJR118C,YGL124C,0,0.33314067,0.14005988836288452,0.6067864298820496,0.37337467074394226
YFL054C,YOR336W,0,0.33298838,0.14002764225006104,0.6067864298820496,0.37347468733787537
YPL010W,YOR085W,0,0.332088,0.13999539613723755,0.6067864298820496,0.37357470393180847
YDL076C,YDL025C,0,0.33120918,0.13996316492557526,0.6067864298820496,0.3736747205257416
YIL143C,YDL046W,0,0.33105105,0.13993094861507416,0.6067864298820496,0.37377476692199707
YDR098C,YKR045C,0,0.33098072,0.13989876210689545,0.6067864298820496,0.3738747835159302
YJR152W,YPL215W,0,0.330653,0.13986657559871674,0.6067864298820496,0.3739748001098633
YKL008C,YLR194C,0,0.32994503,0.13983440399169922,0.6067864298820496,0.3740748167037964
YJL172W,YLR200W,0,0.32968384,0.1398022472858429,0.6067864298820496,0.3741748332977295
YNR060W,YNL059C,0,0.3295884,0.13977012038230896,0.6067864298820496,0.3742748498916626
YLR350W,YGR122W,0,0.32945782,0.13973799347877502,0.6067864298820496,0.3743748664855957
YKL008C,YDR175C,0,0.32935125,0.13970588147640228,0.6067864298820496,0.3744748830795288
YPR148C,YNL302C,0,0.32923174,0.13967378437519073,0.6067864298820496,0.3745749294757843
YNL009W,YGR157W,0,0.3291762,0.13964170217514038,0.6067864298820496,0.3746749460697174
YDL002C,YOR149C,0,0.3285578,0.13960964977741241,0.6067864298820496,0.3747749626636505
YLR203C,YHR039C-A,0,0.32812893,0.13957759737968445,0.6067864298820496,0.3748749792575836
YDR159W,YOR118W,0,0.32790136,0.13954555988311768,0.6067864298820496,0.3749749958515167
YHR204W,YIL064W,0,0.3278733,0.1395135372877121,0.6067864298820496,0.37507501244544983
YPL248C,YIL083C,0,0.3277018,0.1394815295934677,0.6067864298820496,0.37517502903938293
YOL122C,YGL043W,0,0.32756698,0.13944953680038452,0.6067864298820496,0.37527504563331604
YLR103C,YCR073C,0,0.32743657,0.13941755890846252,0.6067864298820496,0.37537506222724915
YMR050C,YER166W,0,0.32730782,0.13938559591770172,0.6067864298820496,0.37547510862350464
YBR199W,YFR036W,0,0.32660806,0.1393536627292633,0.6067864298820496,0.37557512521743774
YNL231C,YPL055C,0,0.32615995,0.1393217295408249,0.6067864298820496,0.37567514181137085
YDR051C,YDR363W,0,0.32602304,0.13928981125354767,0.6067864298820496,0.37577515840530396
YDR397C,YDL239C,0,0.3260063,0.13925790786743164,0.6067864298820496,0.37587517499923706
YOR191W,YER072W,0,0.32575107,0.1392260193824768,0.6067864298820496,0.37597519159317017
YEL003W,YER035W,0,0.32551736,0.13919414579868317,0.6067864298820496,0.37607520818710327
YFL039C,YDR168W,1,0.32459313,0.13939116895198822,0.6077844500541687,0.37607520818710327
YCR003W,YLR320W,0,0.3243057,0.1393592655658722,0.6077844500541687,0.3761752247810364
YJL225C,YKL043W,0,0.3238207,0.13932739198207855,0.6077844500541687,0.3762752413749695
YIL041W,YLR189C,0,0.32376283,0.1392955183982849,0.6077844500541687,0.376375287771225
YDL102W,YJR048W,0,0.32371783,0.13926365971565247,0.6077844500541687,0.3764753043651581
YBR171W,YML008C,0,0.32371593,0.1392318308353424,0.6077844500541687,0.3765753209590912
YBR038W,YFL054C,0,0.32345808,0.13920000195503235,0.6077844500541687,0.3766753375530243
YOR005C,YCL043C,0,0.32341623,0.13916818797588348,0.6077844500541687,0.3767753541469574
YKL060C,YOL012C,0,0.32324684,0.1391363888978958,0.6077844500541687,0.3768753707408905
YOR141C,YDL142C,0,0.32323956,0.13910461962223053,0.6077844500541687,0.3769753873348236
YKR027W,YGR179C,0,0.32298732,0.13907285034656525,0.6077844500541687,0.3770754039287567
YNL312W,YLR417W,0,0.3229187,0.13904109597206116,0.6077844500541687,0.3771754205226898
YDL132W,YPL167C,0,0.3227399,0.13900935649871826,0.6077844500541687,0.3772754669189453
YGR245C,YMR087W,0,0.32259166,0.13897763192653656,0.6077844500541687,0.3773754835128784
YBR301W,YJL010C,0,0.32228267,0.13894592225551605,0.6077844500541687,0.3774755001068115
YCL008C,YPR144C,0,0.32220626,0.13891422748565674,0.6077844500541687,0.37757551670074463
YBR260C,YCL032W,1,0.32188773,0.13911060988903046,0.6087824106216431,0.37757551670074463
YOL009C,YDL022W,0,0.32188642,0.13907888531684875,0.6087824106216431,0.37767553329467773
YMR081C,YAL019W,0,0.32187665,0.13904719054698944,0.6087824106216431,0.37777554988861084
YCR068W,YDR339C,0,0.32170832,0.13901549577713013,0.6087824106216431,0.37787556648254395
YPR185W,YKR025W,0,0.3216058,0.138983815908432,0.6087824106216431,0.37797558307647705
YDR482C,YOR178C,0,0.3215062,0.13895216584205627,0.6087824106216431,0.37807562947273254
YMR230W,YIL040W,0,0.3212859,0.13892051577568054,0.6087824106216431,0.37817564606666565
YOR388C,YPL055C,0,0.32068938,0.1388888955116272,0.6087824106216431,0.37827566266059875
YKL054C,YOR118W,0,0.32060724,0.13885727524757385,0.6087824106216431,0.37837567925453186
YIL087C,YOL012C,0,0.319835,0.1388256698846817,0.6087824106216431,0.37847569584846497
YPR003C,YNR048W,0,0.31979012,0.13879407942295074,0.6087824106216431,0.37857571244239807
YFR019W,YPR131C,0,0.3196156,0.13876251876354218,0.6087824106216431,0.3786757290363312
YFL005W,YHR139C,0,0.31961238,0.1387309581041336,0.6087824106216431,0.3787757456302643
YNR010W,YDL155W,0,0.3194781,0.13869941234588623,0.6087824106216431,0.3788757622241974
YBR120C,YDL197C,0,0.3193314,0.13866788148880005,0.6087824106216431,0.3789758086204529
YPL104W,YIR005W,0,0.31903517,0.13863636553287506,0.6087824106216431,0.379075825214386
YLR175W,YNL006W,0,0.31898236,0.13860486447811127,0.6087824106216431,0.3791758418083191
YKR102W,YDR506C,0,0.31832856,0.13857337832450867,0.6087824106216431,0.3792758584022522
YLL036C,YKL167C,0,0.31825858,0.13854190707206726,0.6087824106216431,0.3793758749961853
YML120C,YPR137W,0,0.31789774,0.13851045072078705,0.6087824106216431,0.3794758915901184
YBR060C,YDR173C,0,0.3176546,0.13847899436950684,0.6087824106216431,0.3795759081840515
YHR206W,YBR086C,1,0.31740844,0.1386745274066925,0.6097804307937622,0.3795759081840515
YLR138W,YKL088W,1,0.31736022,0.1388699859380722,0.6107784509658813,0.3795759081840515
YDR473C,YEL052W,0,0.3171671,0.13883846998214722,0.6107784509658813,0.3796759247779846
YBR014C,YHR205W,1,0.31716567,0.13903379440307617,0.6117764711380005,0.3796759247779846
YOR377W,YNR031C,0,0.31697047,0.13900226354599,0.6117764711380005,0.3797759413719177
YLR319C,YCL001W,0,0.31667185,0.138970747590065,0.6117764711380005,0.3798759877681732
YDR394W,YDR218C,0,0.3160857,0.1389392614364624,0.6117764711380005,0.3799760043621063
YCR067C,YDR213W,0,0.31569672,0.1389077752828598,0.6117764711380005,0.38007602095603943
YLR006C,YDR168W,1,0.31550092,0.13910286128520966,0.6127744317054749,0.38007602095603943
YFL013C,YDL100C,0,0.3153764,0.13907134532928467,0.6127744317054749,0.38017603754997253
YGL011C,YJL034W,0,0.31534088,0.13903985917568207,0.6127744317054749,0.38027605414390564
YKL087C,YMR110C,0,0.31533998,0.13900837302207947,0.6127744317054749,0.38037607073783875
YGR014W,YBR260C,1,0.31529814,0.1392032653093338,0.613772451877594,0.38037607073783875
YGR203W,YJR054W,0,0.315283,0.13917176425457,0.613772451877594,0.38047608733177185
YMR246W,YPR133C,0,0.31510997,0.1391402781009674,0.613772451877594,0.38057610392570496
YGR284C,YFR024C-A,0,0.31501788,0.1391087919473648,0.613772451877594,0.38067612051963806
YER137C,YLR118C,0,0.31487876,0.1390773355960846,0.613772451877594,0.38077616691589355
YDR476C,YEL070W,0,0.31484067,0.13904589414596558,0.613772451877594,0.38087618350982666
YOR141C,YGR033C,0,0.31462097,0.13901446759700775,0.613772451877594,0.38097620010375977
YDL139C,YIR013C,0,0.31428564,0.13898305594921112,0.613772451877594,0.38107621669769287
YER130C,YNL118C,0,0.3140208,0.1389516443014145,0.613772451877594,0.381176233291626
YKL152C,YOR357C,0,0.3139075,0.13892026245594025,0.613772451877594,0.3812762498855591
YJR086W,YBL080C,0,0.3136577,0.1388888955116272,0.613772451877594,0.3813762664794922
YMR175W,YFL033C,0,0.31360173,0.13885752856731415,0.613772451877594,0.3814762830734253
YOL057W,YPL196W,0,0.3131017,0.1388261914253235,0.613772451877594,0.3815763294696808
YGR280C,YIL153W,0,0.31293702,0.13879485428333282,0.613772451877594,0.3816763460636139
YGL209W,YGR020C,0,0.3127916,0.13876353204250336,0.613772451877594,0.381776362657547
YBL097W,YKR052C,0,0.3123216,0.13873223960399628,0.613772451877594,0.3818763792514801
YKL096W-A,YDR480W,0,0.31232136,0.1387009471654892,0.613772451877594,0.3819763958454132
YJR026W,YKL165C,0,0.3123126,0.1386696696281433,0.613772451877594,0.3820764124393463
YBR016W,YMR291W,0,0.31223005,0.13863840699195862,0.613772451877594,0.3821764290332794
YLR113W,YLR319C,1,0.31215698,0.13883253931999207,0.6147704720497131,0.3821764290332794
YJL172W,YNL197C,0,0.31120127,0.13880126178264618,0.6147704720497131,0.3822764456272125
YOL027C,YFL057C,0,0.31106162,0.1387699991464615,0.6147704720497131,0.38237646222114563
YDR306C,YHR062C,0,0.31083357,0.1387387365102768,0.6147704720497131,0.3824765086174011
YLR113W,YKL048C,1,0.31073546,0.13893267512321472,0.6157684922218323,0.3824765086174011
YGR186W,YLR116W,0,0.31073135,0.13890139758586884,0.6157684922218323,0.38257652521133423
YNL020C,YCL032W,1,0.31067723,0.13909520208835602,0.6167664527893066,0.38257652521133423
YPR171W,YHR114W,1,0.31023854,0.13928893208503723,0.6177644729614258,0.38257652521133423
YKR003W,YEL026W,0,0.31010103,0.13925759494304657,0.6177644729614258,0.38267654180526733
YOR126C,YDL135C,0,0.3100857,0.1392262727022171,0.6177644729614258,0.38277655839920044
YNL025C,YER058W,0,0.31003916,0.13919496536254883,0.6177644729614258,0.38287657499313354
YOR251C,YLR383W,0,0.3097602,0.13916367292404175,0.6177644729614258,0.38297659158706665
YOR191W,YLR423C,0,0.30957353,0.13913239538669586,0.6177644729614258,0.38307660818099976
YOR018W,YCR016W,0,0.3093282,0.13910111784934998,0.6177644729614258,0.38317662477493286
YOL075C,YKL092C,0,0.30922806,0.13906987011432648,0.6177644729614258,0.38327664136886597
YNL297C,YKL045W,0,0.3091674,0.13903863728046417,0.6177644729614258,0.38337668776512146
YGL018C,YBL100W-A,0,0.30849075,0.13900740444660187,0.6177644729614258,0.38347670435905457
YNL304W,YBL105C,0,0.3084761,0.13897620141506195,0.6177644729614258,0.38357672095298767
YJR092W,YMR200W,0,0.3082366,0.13894499838352203,0.6177644729614258,0.3836767375469208
YOR321W,YKR075C,0,0.3081196,0.1389138251543045,0.6177644729614258,0.3837767541408539
YMR061W,YDR407C,0,0.30789322,0.13888265192508698,0.6177644729614258,0.383876770734787
YIL135C,YMR050C,0,0.3075328,0.13885150849819183,0.6177644729614258,0.3839767873287201
YOR271C,YNR053C,0,0.30736852,0.1388203650712967,0.6177644729614258,0.3840768039226532
YBL079W,YPL003W,0,0.30716622,0.13878923654556274,0.6177644729614258,0.3841768205165863
YMR230W,YLR453C,0,0.30655974,0.13875812292099,0.6177644729614258,0.3842768669128418
YGR036C,YHR165C,0,0.30601633,0.13872702419757843,0.6177644729614258,0.3843768835067749
YDR389W,YGR133W,0,0.3057506,0.13869594037532806,0.6177644729614258,0.384476900100708
YDL170W,YML126C,0,0.30554444,0.1386648714542389,0.6177644729614258,0.3845769166946411
YCR018C,YLR166C,0,0.3040635,0.1386338174343109,0.6177644729614258,0.3846769332885742
YDR407C,YBR070C,0,0.30367076,0.13860277831554413,0.6177644729614258,0.3847769498825073
YPR199C,YMR200W,0,0.30326408,0.13857175409793854,0.6177644729614258,0.38487696647644043
YMR060C,YFR044C,0,0.30323434,0.13854072988033295,0.6177644729614258,0.38497698307037354
YJL172W,YIR004W,0,0.3031239,0.13850973546504974,0.6177644729614258,0.38507702946662903
YJL144W,YJL184W,1,0.3029021,0.13870246708393097,0.6187624931335449,0.38507702946662903
YJL144W,YMR032W,1,0.30274147,0.13889509439468384,0.6197604537010193,0.38507702946662903
YPR125W,YMR172W,0,0.302495,0.13886404037475586,0.6197604537010193,0.38517704606056213
YOR279C,YPL006W,0,0.3024251,0.13883300125598907,0.6197604537010193,0.38527706265449524
YNR033W,YDL188C,0,0.30220717,0.1388019621372223,0.6197604537010193,0.38537707924842834
YOL111C,YDR098C,0,0.30175173,0.1387709528207779,0.6197604537010193,0.38547709584236145
YBL061C,YCL032W,1,0.3016044,0.13896335661411285,0.6207584738731384,0.38547709584236145
YOR275C,YOL069W,0,0.30154932,0.13893231749534607,0.6207584738731384,0.38557711243629456
YGL023C,YPL047W,0,0.3012898,0.13890129327774048,0.6207584738731384,0.38567712903022766
YBR239C,YIL020C,0,0.30116987,0.13887028396129608,0.6207584738731384,0.38577714562416077
YIL053W,YBR132C,1,0.30091518,0.13906249403953552,0.6217564940452576,0.38577714562416077
YDR439W,YHR080C,0,0.30051285,0.13903146982192993,0.6217564940452576,0.38587716221809387
YLR386W,YKL157W,0,0.30042028,0.13900044560432434,0.6217564940452576,0.38597720861434937
YKL176C,YMR048W,0,0.30039036,0.13896943628787994,0.6217564940452576,0.38607722520828247
YMR323W,YMR065W,0,0.30001426,0.13893844187259674,0.6217564940452576,0.3861772418022156
YFL052W,YDR057W,0,0.2994529,0.13890746235847473,0.6217564940452576,0.3862772583961487
YPL253C,YLR431C,0,0.2994017,0.13887649774551392,0.6217564940452576,0.3863772749900818
YDR198C,YLL041C,0,0.2993062,0.1388455480337143,0.6217564940452576,0.3864772915840149
YMR052W,YGR251W,0,0.29929525,0.13881461322307587,0.6217564940452576,0.386577308177948
YBR070C,YDL217C,0,0.29926717,0.13878369331359863,0.6217564940452576,0.3866773247718811
YLR194C,YGL126W,0,0.2992658,0.1387527883052826,0.6217564940452576,0.3867773413658142
YLL003W,YLL067C,0,0.29864144,0.13872188329696655,0.6217564940452576,0.3868773877620697
YNR010W,YDR364C,0,0.298423,0.1386910080909729,0.6217564940452576,0.3869774043560028
YNR012W,YDR438W,0,0.2977497,0.13866013288497925,0.6217564940452576,0.3870774209499359
YDR005C,YPL161C,0,0.297693,0.13862928748130798,0.6217564940452576,0.387177437543869
YDL215C,YKL001C,0,0.29767805,0.13859844207763672,0.6217564940452576,0.3872774541378021
YDR111C,YLR107W,0,0.2976067,0.13856761157512665,0.6217564940452576,0.38737747073173523
YER151C,YPL083C,0,0.2975682,0.13853679597377777,0.6217564940452576,0.38747748732566833
YGR082W,YDR176W,0,0.2975641,0.1385059952735901,0.6217564940452576,0.38757750391960144
YJR040W,YLR449W,0,0.29749942,0.1384752094745636,0.6217564940452576,0.38767755031585693
YKL062W,YOR047C,1,0.2974348,0.13866665959358215,0.6227545142173767,0.38767755031585693
YMR232W,YGL023C,0,0.2973051,0.13863585889339447,0.6227545142173767,0.38777756690979004
YDL207W,YIL135C,0,0.297292,0.1386050581932068,0.6227545142173767,0.38787758350372314
YNL026W,YBR070C,0,0.29693907,0.1385742872953415,0.6227545142173767,0.38797760009765625
YHR150W,YFL052W,0,0.2968989,0.1385435163974762,0.6227545142173767,0.38807761669158936
YHR016C,YBR014C,0,0.29680896,0.1385127604007721,0.6227545142173767,0.38817763328552246
YKR020W,YBL058W,0,0.29679757,0.1384820193052292,0.6227545142173767,0.38827764987945557
YNL178W,YMR072W,0,0.29593855,0.13845129311084747,0.6227545142173767,0.38837766647338867
YDR059C,YPR124W,0,0.2957307,0.13842058181762695,0.6227545142173767,0.3884776830673218
YPL132W,YGR199W,0,0.29559344,0.13838988542556763,0.6227545142173767,0.38857772946357727
YFL054C,YOL066C,0,0.29530793,0.1383592039346695,0.6227545142173767,0.3886777460575104
YDL230W,YMR079W,0,0.29524517,0.13832853734493256,0.6227545142173767,0.3887777626514435
YPL178W,YIR018W,0,0.29487246,0.13829787075519562,0.6227545142173767,0.3888777792453766
YFL049W,YHR034C,0,0.294316,0.13826723396778107,0.6227545142173767,0.3889777958393097
YGR032W,YJL012C,0,0.29423988,0.13823659718036652,0.6227545142173767,0.3890778124332428
YOR354C,YDR353W,0,0.2939285,0.13820597529411316,0.6227545142173767,0.3891778290271759
YOR176W,YGR074W,0,0.29383558,0.1381753832101822,0.6227545142173767,0.389277845621109
YDR519W,YJR002W,0,0.2937283,0.13814479112625122,0.6227545142173767,0.3893778622150421
YNL197C,YJR078W,0,0.29366446,0.13811421394348145,0.6227545142173767,0.3894779086112976
YOL033W,YOR153W,0,0.2935853,0.13808365166187286,0.6227545142173767,0.3895779252052307
YPL208W,YGL077C,0,0.29338628,0.13805310428142548,0.6227545142173767,0.3896779417991638
YDR345C,YLR069C,0,0.29337686,0.1380225569009781,0.6227545142173767,0.3897779583930969
YPL127C,YMR232W,0,0.29330105,0.1379920393228531,0.6227545142173767,0.38987797498703003
YER081W,YOL130W,0,0.29256815,0.13796153664588928,0.6227545142173767,0.38997799158096313
YBL013W,YNL294C,0,0.29226255,0.13793103396892548,0.6227545142173767,0.39007800817489624
YJR035W,YBR288C,0,0.2914254,0.13790054619312286,0.6227545142173767,0.39017802476882935
YDR324C,YDL230W,0,0.2913043,0.13787008821964264,0.6227545142173767,0.39027804136276245
YLR138W,YBR086C,1,0.29103458,0.1380605250597,0.6237524747848511,0.39027804136276245
YOL068C,YDR345C,0,0.29053617,0.1380300372838974,0.6237524747848511,0.39037808775901794
YMR228W,YLR224W,0,0.29041708,0.13799956440925598,0.6237524747848511,0.39047810435295105
YNL321W,YDR144C,0,0.29010355,0.13796909153461456,0.6237524747848511,0.39057812094688416
YGR296W,YNL139C,0,0.28993344,0.13793864846229553,0.6237524747848511,0.39067813754081726
YPL113C,YLR145W,0,0.28985304,0.1379082053899765,0.6237524747848511,0.39077815413475037
YOR181W,YBR260C,1,0.2893843,0.13809838891029358,0.6247504949569702,0.39077815413475037
YBR069C,YGR199W,0,0.2891938,0.13806793093681335,0.6247504949569702,0.39087817072868347
YMR175W,YLR336C,1,0.28915423,0.13825799524784088,0.6257485151290894,0.39087817072868347
YLR145W,YJR050W,0,0.28910196,0.13822750747203827,0.6257485151290894,0.3909781873226166
YOR339C,YJL083W,0,0.28901953,0.13819704949855804,0.6257485151290894,0.3910782039165497
YNL327W,YNL072W,0,0.28901118,0.13816659152507782,0.6257485151290894,0.3911782503128052
YLR113W,YHR114W,1,0.2886294,0.13835646212100983,0.6267465353012085,0.3911782503128052
YPR020W,YCR089W,0,0.28850782,0.1383259892463684,0.6267465353012085,0.3912782669067383
YKL088W,YHL007C,1,0.2878049,0.13851574063301086,0.6277444958686829,0.3912782669067383
YGL160W,YCL036W,0,0.28763795,0.13848525285720825,0.6277444958686829,0.3913782835006714
YBR077C,YPR095C,0,0.2874326,0.13845476508140564,0.6277444958686829,0.3914783000946045
YDL201W,YFL021W,0,0.2872886,0.13842429220676422,0.6277444958686829,0.3915783166885376
YML123C,YBR238C,0,0.2872873,0.138393834233284,0.6277444958686829,0.3916783332824707
YLR332W,YNL190W,1,0.2869057,0.13858337700366974,0.628742516040802,0.3916783332824707
YLR432W,YHR123W,0,0.2867868,0.13855288922786713,0.628742516040802,0.3917783498764038
YPL045W,YPL006W,0,0.28669375,0.1385224312543869,0.628742516040802,0.3918783664703369
YNR030W,YHR205W,0,0.28634256,0.13849197328090668,0.628742516040802,0.39197838306427
YNR031C,YMR109W,1,0.2859491,0.1386813223361969,0.6297405362129211,0.39197838306427
YOR180C,YGL094C,0,0.2858659,0.13865084946155548,0.6297405362129211,0.3920784294605255
YLR208W,YOR074C,0,0.285801,0.13862039148807526,0.6297405362129211,0.3921784460544586
YLR413W,YJL117W,0,0.28559208,0.13858993351459503,0.6297405362129211,0.3922784626483917
YOR025W,YDR530C,0,0.28557807,0.1385595053434372,0.6297405362129211,0.39237847924232483
YMR077C,YGL097W,0,0.28553736,0.13852909207344055,0.6297405362129211,0.39247849583625793
YMR172W,YPL240C,1,0.28530192,0.13871817290782928,0.6307384967803955,0.39247849583625793
YLR092W,YIL065C,0,0.2849244,0.13868772983551025,0.6307384967803955,0.39257851243019104
YER169W,YBL100W-B,0,0.284918,0.13865730166435242,0.6307384967803955,0.39267852902412415
YCL068C,YLL039C,0,0.2848963,0.13862688839435577,0.6307384967803955,0.39277854561805725
YJL087C,YER015W,0,0.2846287,0.13859649002552032,0.6307384967803955,0.39287856221199036
YDR040C,YLR107W,0,0.28434706,0.13856610655784607,0.6307384967803955,0.39297860860824585
YGR166W,YBR295W,0,0.28433716,0.13853572309017181,0.6307384967803955,0.39307862520217896
YPL010W,YKL125W,0,0.28403127,0.13850536942481995,0.6307384967803955,0.39317864179611206
YJR131W,YGR239C,0,0.28391582,0.13847501575946808,0.6307384967803955,0.39327865839004517
YHR194W,YOR234C,0,0.28384656,0.1384446918964386,0.6307384967803955,0.39337867498397827
YJL151C,YHR210C,0,0.2837746,0.13841436803340912,0.6307384967803955,0.3934786915779114
YEL044W,YPR029C,0,0.28376478,0.13838405907154083,0.6307384967803955,0.3935787081718445
YDL139C,YPL018W,0,0.28363943,0.13835376501083374,0.6307384967803955,0.3936787247657776
YBL091C-A,YJL134W,0,0.28344488,0.13832348585128784,0.6307384967803955,0.3937787413597107
YBL016W,YJL024C,0,0.28325945,0.13829322159290314,0.6307384967803955,0.3938787877559662
YIL122W,YNL118C,0,0.28314322,0.13826295733451843,0.6307384967803955,0.3939788043498993
YLR187W,YCL020W,0,0.2829746,0.13823272287845612,0.6307384967803955,0.3940788209438324
YDR410C,YKR006C,0,0.28282744,0.1382024884223938,0.6307384967803955,0.3941788375377655
YDR164C,YLR024C,0,0.28281718,0.13817228376865387,0.6307384967803955,0.3942788541316986
YHR150W,YEL053C,0,0.2827419,0.13814207911491394,0.6307384967803955,0.3943788707256317
YOL038W,YLL053C,0,0.28202736,0.1381118893623352,0.6307384967803955,0.3944788873195648
YLL066C,YDR266C,0,0.2820078,0.13808171451091766,0.6307384967803955,0.3945789039134979
YOR215C,YML107C,0,0.28175205,0.13805155456066132,0.6307384967803955,0.3946789503097534
YKR069W,YGR085C,0,0.2811622,0.13802139461040497,0.6307384967803955,0.3947789669036865
YLR077W,YHR201C,0,0.2810722,0.137991264462471,0.6307384967803955,0.39487898349761963
YKR019C,YLR115W,0,0.2808981,0.13796114921569824,0.6307384967803955,0.39497900009155273
YGL067W,YJL060W,0,0.2808556,0.13793103396892548,0.6307384967803955,0.39507901668548584
YNL208W,YIL007C,0,0.28070962,0.1379009336233139,0.6307384967803955,0.39517903327941895
YJL069C,YNR035C,0,0.2802474,0.13787084817886353,0.6307384967803955,0.39527904987335205
YER019W,YGL151W,0,0.28022826,0.13784079253673553,0.6307384967803955,0.39537906646728516
YOR297C,YOL011W,0,0.280124,0.13781072199344635,0.6307384967803955,0.39547908306121826
YPL189W,YBR192W,0,0.27993178,0.13778068125247955,0.6307384967803955,0.39557912945747375
YDR160W,YLR189C,0,0.27983254,0.13775065541267395,0.6307384967803955,0.39567914605140686
YIL147C,YOR120W,1,0.27982497,0.13793854415416718,0.6317365169525146,0.39567914605140686
YBL061C,YOR297C,1,0.27981132,0.13812635838985443,0.6327345371246338,0.39567914605140686
YGL067W,YPL274W,0,0.27960098,0.13809627294540405,0.6327345371246338,0.39577916264533997
YOR028C,YOR120W,1,0.27945632,0.13828396797180176,0.6337325572967529,0.39577916264533997
YBR038W,YER130C,0,0.27865648,0.13825386762619019,0.6337325572967529,0.39587917923927307
YCR002C,YPL047W,0,0.2785399,0.1382237672805786,0.6337325572967529,0.3959791958332062
YDR399W,YNL216W,0,0.2785017,0.13819368183612823,0.6337325572967529,0.3960792124271393
YLR203C,YDR328C,0,0.27831078,0.13816362619400024,0.6337325572967529,0.3961792290210724
YPL252C,YOR159C,0,0.27828372,0.13813357055187225,0.6337325572967529,0.3962792456150055
YPR066W,YOR118W,0,0.27809608,0.13810352981090546,0.6337325572967529,0.3963792622089386
YNL183C,YDL140C,0,0.2779426,0.13807348906993866,0.6337325572967529,0.3964793086051941
YJR086W,YGR278W,0,0.27778322,0.13804347813129425,0.6337325572967529,0.3965793251991272
YMR291W,YLL006W,0,0.27777964,0.13801348209381104,0.6337325572967529,0.3966793417930603
YJR004C,YGR277C,0,0.27775848,0.13798348605632782,0.6337325572967529,0.3967793583869934
YGR215W,YGR288W,0,0.27772462,0.1379535049200058,0.6337325572967529,0.3968793749809265
YDR389W,YHR201C,0,0.2776276,0.13792353868484497,0.6337325572967529,0.3969793915748596
YNL058C,YDL045W-A,0,0.277245,0.13789358735084534,0.6337325572967529,0.3970794081687927
YNL274C,YHL015W,0,0.27709645,0.1378636509180069,0.6337325572967529,0.39717942476272583
YOR181W,YKL062W,1,0.2767735,0.13805079460144043,0.6347305178642273,0.39717942476272583
YHR002W,YLR052W,0,0.27662605,0.1380208283662796,0.6347305178642273,0.39727944135665894
YKL064W,YPL208W,0,0.27650702,0.13799089193344116,0.6347305178642273,0.39737948775291443
YIL050W,YNL223W,0,0.2764889,0.13796095550060272,0.6347305178642273,0.39747950434684753
YMR228W,YPR018W,0,0.27640712,0.13793103396892548,0.6347305178642273,0.39757952094078064
YKR035W-A,YBR085W,0,0.27621704,0.13790112733840942,0.6347305178642273,0.39767953753471375
YDR211W,YOR068C,0,0.27604067,0.13787123560905457,0.6347305178642273,0.39777955412864685
YBR287W,YKR078W,0,0.27572584,0.1378413587808609,0.6347305178642273,0.39787957072257996
YDR195W,YNL298W,0,0.27562279,0.13781148195266724,0.6347305178642273,0.39797958731651306
YKL175W,YMR193W,0,0.27559936,0.13778163492679596,0.6347305178642273,0.39807960391044617
YOL148C,YGR165W,0,0.27551895,0.13775178790092468,0.6347305178642273,0.39817965030670166
YJL010C,YDR276C,0,0.2749226,0.1377219557762146,0.6347305178642273,0.39827966690063477
YPL224C,YMR074C,0,0.27489108,0.1376921385526657,0.6347305178642273,0.39837968349456787
YDR388W,YPR005C,1,0.27488416,0.13787879049777985,0.6357285380363464,0.39837968349456787
YGL134W,YMR172W,0,0.2746836,0.13784894347190857,0.6357285380363464,0.398479700088501
YDL232W,YBR120C,0,0.2746219,0.13781912624835968,0.6357285380363464,0.3985797166824341
YOR122C,YJR056C,0,0.27446735,0.1377893090248108,0.6357285380363464,0.3986797332763672
YER090W,YMR054W,0,0.27441865,0.1377595216035843,0.6357285380363464,0.3987797498703003
YDR411C,YGL019W,0,0.27438253,0.1377297341823578,0.6357285380363464,0.3988797664642334
YGR175C,YJR002W,0,0.2741496,0.13769996166229248,0.6357285380363464,0.3989797830581665
YDR039C,YML101C,0,0.27394933,0.13767020404338837,0.6357285380363464,0.399079829454422
YGR249W,YER149C,0,0.27389163,0.13764044642448425,0.6357285380363464,0.3991798460483551
YLR383W,YKR067W,0,0.273862,0.13761071860790253,0.6357285380363464,0.3992798626422882
YBR208C,YOL137W,0,0.2736907,0.1375809907913208,0.6357285380363464,0.3993798792362213
YER039C,YAR071W,0,0.27360976,0.13755127787590027,0.6357285380363464,0.3994798958301544
YLR342W,YDL002C,0,0.273387,0.13752159476280212,0.6357285380363464,0.3995799124240875
YEL003W,YLR299W,0,0.27331358,0.13749191164970398,0.6357285380363464,0.39967992901802063
YKL015W,YBR201W,0,0.27316713,0.13746222853660583,0.6357285380363464,0.39977994561195374
YPR020W,YBR168W,0,0.27291715,0.13743257522583008,0.6357285380363464,0.39987996220588684
YIL147C,YMR092C,1,0.27287918,0.13761863112449646,0.6367265582084656,0.39987996220588684
YOL115W,YDR261C,0,0.2724623,0.1375889629125595,0.6367265582084656,0.39998000860214233
YLR001C,YMR146C,0,0.27237302,0.13755929470062256,0.6367265582084656,0.40008002519607544
YER124C,YNL290W,0,0.27214855,0.1375296413898468,0.6367265582084656,0.40018004179000854
YBR172C,YMR238W,0,0.27194536,0.13750000298023224,0.6367265582084656,0.40028005838394165
YBR028C,YML110C,0,0.2717176,0.13747037947177887,0.6367265582084656,0.40038007497787476
YJL210W,YBL031W,0,0.2715901,0.1374407559633255,0.6367265582084656,0.40048009157180786
YLR368W,YNL063W,0,0.27105647,0.13741116225719452,0.6367265582084656,0.40058010816574097
YMR097C,YBR238C,0,0.2708578,0.13738156855106354,0.6367265582084656,0.4006801247596741
YBR125C,YPR046W,0,0.27080697,0.13735198974609375,0.6367265582084656,0.4007801413536072
YBR202W,YDR289C,0,0.27034366,0.13732242584228516,0.6367265582084656,0.40088018774986267
YML112W,YMR117C,0,0.2702338,0.13729287683963776,0.6367265582084656,0.4009802043437958
YMR002W,YIL010W,0,0.26940292,0.13726334273815155,0.6367265582084656,0.4010802209377289
YDL081C,YGR239C,0,0.2692876,0.13723380863666534,0.6367265582084656,0.401180237531662
YOR284W,YBR302C,0,0.26908058,0.13720430433750153,0.6367265582084656,0.4012802541255951
YJL001W,YGL030W,0,0.268952,0.1371748000383377,0.6367265582084656,0.4013802707195282
YLR057W,YLR383W,0,0.26892185,0.13714531064033508,0.6367265582084656,0.4014802873134613
YLR361C,YGL022W,0,0.26865768,0.13711583614349365,0.6367265582084656,0.4015803039073944
YCR038C,YPL055C,0,0.26851243,0.13708637654781342,0.6367265582084656,0.4016803503036499
YGL240W,YHL020C,0,0.26780593,0.13705693185329437,0.6367265582084656,0.401780366897583
YER122C,YDR004W,0,0.26764083,0.13702748715877533,0.6367265582084656,0.4018803834915161
YDR259C,YGR231C,0,0.26750666,0.13699807226657867,0.6367265582084656,0.4019804000854492
YER183C,YPL187W,0,0.2674262,0.13696865737438202,0.6367265582084656,0.4020804166793823
YDR004W,YNR052C,0,0.26724154,0.13693925738334656,0.6367265582084656,0.40218043327331543
YDR213W,YER129W,0,0.26713777,0.1369098722934723,0.6367265582084656,0.40228044986724854
YJR137C,YGL190C,0,0.26693785,0.13688050210475922,0.6367265582084656,0.40238046646118164
YPR003C,YBR034C,0,0.26670063,0.13685113191604614,0.6367265582084656,0.40248048305511475
YMR037C,YOR047C,1,0.2666368,0.1370362490415573,0.6377245783805847,0.40248048305511475
YNL258C,YBR110W,0,0.26628232,0.13700686395168304,0.6377245783805847,0.40258052945137024
YBR110W,YPL027W,0,0.26576358,0.13697749376296997,0.6377245783805847,0.40268054604530334
YHL050C,YJL214W,0,0.26557225,0.1369481384754181,0.6377245783805847,0.40278056263923645
YNL130C,YLR432W,0,0.2654119,0.1369187980890274,0.6377245783805847,0.40288057923316956
YKL077W,YLR033W,0,0.26532817,0.13688945770263672,0.6377245783805847,0.40298059582710266
YPL252C,YDL014W,0,0.26531535,0.13686014711856842,0.6377245783805847,0.40308061242103577
YNL006W,YBR061C,0,0.26484782,0.13683083653450012,0.6377245783805847,0.40318062901496887
YJR131W,YNL066W,0,0.2647053,0.13680154085159302,0.6377245783805847,0.403280645608902
YPL104W,YGR005C,0,0.26437688,0.1367722600698471,0.6377245783805847,0.4033806622028351
YGR245C,YJR054W,0,0.26377892,0.1367429941892624,0.6377245783805847,0.4034807085990906
YJR090C,YKL185W,0,0.2636078,0.13671372830867767,0.6377245783805847,0.4035807251930237
YHR128W,YDR080W,0,0.2632584,0.13668449223041534,0.6377245783805847,0.4036807417869568
YNL063W,YHR056C,0,0.26309466,0.13665525615215302,0.6377245783805847,0.4037807583808899
YIL173W,YOR122C,0,0.2627331,0.13662603497505188,0.6377245783805847,0.403880774974823
YDR506C,YDR284C,0,0.26263726,0.13659684360027313,0.6377245783805847,0.4039807915687561
YNL190W,YMR092C,1,0.26241833,0.13678136467933655,0.6387225389480591,0.4039807915687561
YGR014W,YPL180W,1,0.2621023,0.136965811252594,0.6397205591201782,0.4039807915687561
YOL112W,YPL133C,0,0.26208752,0.13693654537200928,0.6397205591201782,0.4040808081626892
YIL153W,YER118C,1,0.26204813,0.13712088763713837,0.6407185792922974,0.4040808081626892
YDL189W,YAL028W,0,0.26182705,0.13709160685539246,0.6407185792922974,0.4041808247566223
YKR046C,YKR034W,0,0.26180947,0.13706234097480774,0.6407185792922974,0.4042808413505554
YDR148C,YNR039C,0,0.26171964,0.13703308999538422,0.6407185792922974,0.4043808877468109
YOR119C,YFR040W,0,0.26167876,0.1370038390159607,0.6407185792922974,0.404480904340744
YKR060W,YPL161C,0,0.2616523,0.13697461783885956,0.6407185792922974,0.4045809209346771
YPR065W,YPL170W,0,0.26158977,0.13694539666175842,0.6407185792922974,0.40468093752861023
YML016C,YDR383C,0,0.26155233,0.13691619038581848,0.6407185792922974,0.40478095412254333
YCR028C-A,YPL248C,0,0.26152855,0.13688699901103973,0.6407185792922974,0.40488097071647644
YMR271C,YGL187C,0,0.26079524,0.136857807636261,0.6407185792922974,0.40498098731040955
YGL162W,YOR230W,0,0.26053178,0.13682864606380463,0.6407185792922974,0.40508100390434265
YFL005W,YER069W,0,0.2605052,0.13679948449134827,0.6407185792922974,0.40518105030059814
YBR089C-A,YIL135C,0,0.26038414,0.1367703378200531,0.6407185792922974,0.40528106689453125
YER171W,YKL157W,0,0.2601959,0.13674122095108032,0.6407185792922974,0.40538108348846436
YCR089W,YPR125W,0,0.2600929,0.13671208918094635,0.6407185792922974,0.40548110008239746
YJR102C,YCR018C,0,0.26002282,0.13668298721313477,0.6407185792922974,0.40558111667633057
YOR207C,YDR353W,0,0.2600047,0.13665390014648438,0.6407185792922974,0.40568113327026367
YBR179C,YKR071C,0,0.25992996,0.13662481307983398,0.6407185792922974,0.4057811498641968
YFL039C,YHR114W,1,0.25976014,0.13680851459503174,0.6417165398597717,0.4057811498641968
YFR033C,YHL026C,0,0.25946212,0.13677941262722015,0.6417165398597717,0.4058811664581299
YGR287C,YLR268W,0,0.25936943,0.13675032556056976,0.6417165398597717,0.405981183052063
YJR056C,YBR201W,0,0.25890028,0.13672123849391937,0.6417165398597717,0.4060812294483185
YGL083W,YFL013C,0,0.2588855,0.13669218122959137,0.6417165398597717,0.4061812460422516
YPR194C,YMR110C,0,0.25883585,0.13666312396526337,0.6417165398597717,0.4062812626361847
YLR216C,YLR135W,0,0.25824022,0.13663408160209656,0.6417165398597717,0.4063812792301178
YHR154W,YNL048W,0,0.25819778,0.13660505414009094,0.6417165398597717,0.4064812958240509
YPL116W,YER149C,0,0.25781786,0.13657604157924652,0.6417165398597717,0.406581312417984
YGL209W,YDL230W,0,0.25772464,0.1365470439195633,0.6417165398597717,0.4066813290119171
YPR103W,YKR072C,0,0.25747073,0.13651804625988007,0.6417165398597717,0.4067813456058502
YDR092W,YER017C,0,0.2574287,0.13648906350135803,0.6417165398597717,0.4068813621997833
YBR029C,YML132W,0,0.2570228,0.1364600956439972,0.6417165398597717,0.4069814085960388
YDR099W,YNL309W,0,0.25692225,0.13643114268779755,0.6417165398597717,0.4070814251899719
YBL047C,YLR115W,0,0.25686884,0.1364022046327591,0.6417165398597717,0.40718144178390503
YAL042W,YDR365C,0,0.25677806,0.13637328147888184,0.6417165398597717,0.40728145837783813
YLR289W,YHR001W,0,0.25646776,0.13634435832500458,0.6417165398597717,0.40738147497177124
YOL165C,YPL213W,0,0.25603926,0.1363154500722885,0.6417165398597717,0.40748149156570435
YGL115W,YDR530C,0,0.2560165,0.13628655672073364,0.6417165398597717,0.40758150815963745
YGR172C,YPL274W,0,0.25567877,0.13625767827033997,0.6417165398597717,0.40768152475357056
YLR027C,YOR101W,0,0.25565898,0.13622881472110748,0.6417165398597717,0.40778157114982605
YNL078W,YER026C,0,0.25529712,0.136199951171875,0.6417165398597717,0.40788158774375916
YLL017W,YLR268W,0,0.25522983,0.1361711174249649,0.6417165398597717,0.40798160433769226
YIL173W,YIL064W,0,0.25485957,0.1361422836780548,0.6417165398597717,0.40808162093162537
YLR004C,YML100W,0,0.25433385,0.1361134648323059,0.6417165398597717,0.40818163752555847
YIL009W,YML022W,0,0.25421083,0.1360846608877182,0.6417165398597717,0.4082816541194916
YHR058C,YLR052W,0,0.25409287,0.1360558569431305,0.6417165398597717,0.4083816707134247
YLR194C,YOL008W,0,0.25371587,0.13602708280086517,0.6417165398597717,0.4084816873073578
YOL058W,YHR149C,0,0.25359023,0.13599830865859985,0.6417165398597717,0.4085817039012909
YJR088C,YJR017C,0,0.253511,0.13596954941749573,0.6417165398597717,0.4086817502975464
YAL047C,YMR055C,0,0.25336677,0.1359408050775528,0.6417165398597717,0.4087817668914795
YIL020C,YBL080C,0,0.25300306,0.13591207563877106,0.6417165398597717,0.4088817834854126
YLR113W,YPL242C,1,0.25255454,0.13609467446804047,0.6427145600318909,0.4088817834854126
YKL174C,YHR175W,0,0.25247836,0.13606591522693634,0.6427145600318909,0.4089818000793457
YBL018C,YLR299W,0,0.25221783,0.1360371708869934,0.6427145600318909,0.4090818166732788
YOL064C,YOR208W,1,0.25195783,0.13621963560581207,0.64371258020401,0.4090818166732788
YHR154W,YDR122W,0,0.25180107,0.13619087636470795,0.64371258020401,0.4091818332672119
YOR323C,YDR051C,0,0.25117034,0.13616213202476501,0.64371258020401,0.409281849861145
YNL271C,YBL066C,0,0.25111896,0.13613338768482208,0.64371258020401,0.4093818664550781
YDL225W,YKR065C,0,0.25087672,0.13610465824604034,0.64371258020401,0.40948188304901123
YGR204W,YPL235W,0,0.25082964,0.1360759437084198,0.64371258020401,0.4095819294452667
YPR106W,YBL099W,0,0.2507816,0.13604724407196045,0.64371258020401,0.40968194603919983
YBL061C,YJL128C,1,0.25037742,0.13622944056987762,0.6447106003761292,0.40968194603919983
YER028C,YOR204W,0,0.25023568,0.1362007111310959,0.6447106003761292,0.40978196263313293
YDR388W,YJL128C,1,0.24974336,0.1363828033208847,0.6457085609436035,0.40978196263313293
YNL122C,YPR101W,0,0.24943505,0.13635405898094177,0.6457085609436035,0.40988197922706604
YPL117C,YDL223C,0,0.2488166,0.13632532954216003,0.6457085609436035,0.40998199582099915
YPR194C,YJR125C,0,0.24878491,0.1362966150045395,0.6457085609436035,0.41008201241493225
YMR246W,YLL002W,0,0.2486792,0.13626790046691895,0.6457085609436035,0.41018202900886536
YIR034C,YGR169C,0,0.24853386,0.1362392008304596,0.6457085609436035,0.41028204560279846
YKL149C,YGL027C,0,0.24829902,0.13621053099632263,0.6457085609436035,0.41038206219673157
YFR046C,YLR242C,0,0.2480125,0.13618186116218567,0.6457085609436035,0.41048210859298706
YOR367W,YJL128C,1,0.24758117,0.13636364042758942,0.6467065811157227,0.41048210859298706
YGL219C,YLR075W,0,0.247568,0.13633494079113007,0.6467065811157227,0.41058212518692017
YJL206C,YBR280C,0,0.24725564,0.1363062709569931,0.6467065811157227,0.41068214178085327
YOR117W,YMR021C,0,0.24715604,0.13627760112285614,0.6467065811157227,0.4107821583747864
YGL153W,YOR190W,0,0.24703188,0.13624894618988037,0.6467065811157227,0.4108821749687195
YHR107C,YAL016W,0,0.24684773,0.1362203061580658,0.6467065811157227,0.4109821915626526
YGR180C,YNR031C,0,0.24683915,0.13619168102741241,0.6467065811157227,0.4110822081565857
YOL154W,YKL190W,0,0.24654795,0.13616305589675903,0.6467065811157227,0.4111822247505188
YER122C,YDR168W,0,0.2463577,0.13613446056842804,0.6467065811157227,0.4112822711467743
YDL035C,YDL168W,0,0.24632438,0.13610586524009705,0.6467065811157227,0.4113822877407074
YPR104C,YAR066W,0,0.24628608,0.13607728481292725,0.6467065811157227,0.4114823043346405
YDR051C,YCR046C,0,0.2460316,0.13604870438575745,0.6467065811157227,0.4115823209285736
YCR063W,YDR244W,0,0.24584879,0.13602015376091003,0.6467065811157227,0.4116823375225067
YOR030W,YLR394W,0,0.24500282,0.13599160313606262,0.6467065811157227,0.4117823541164398
YDR098C,YBR028C,0,0.24490969,0.1359630674123764,0.6467065811157227,0.4118823707103729
YKL064W,YLR225C,0,0.24474908,0.13593454658985138,0.6467065811157227,0.41198238730430603
YAL063C,YOR010C,0,0.24462472,0.13590604066848755,0.6467065811157227,0.41208240389823914
YGL127C,YJL113W,0,0.24431579,0.1358775496482849,0.6467065811157227,0.41218245029449463
YNL279W,YMR115W,0,0.24423642,0.13584905862808228,0.6467065811157227,0.41228246688842773
YHR122W,YOL026C,0,0.24419169,0.13582058250904083,0.6467065811157227,0.41238248348236084
YPR080W,YBL041W,0,0.24409617,0.13579212129116058,0.6467065811157227,0.41248250007629395
YFR025C,YHL035C,0,0.24399753,0.13576367497444153,0.6467065811157227,0.41258251667022705
YPR140W,YOR255W,0,0.24366184,0.13573522865772247,0.6467065811157227,0.41268253326416016
YOR380W,YOR264W,0,0.24333717,0.1357068121433258,0.6467065811157227,0.41278254985809326
YDR324C,YIL073C,0,0.24318494,0.13567839562892914,0.6467065811157227,0.41288256645202637
YPR020W,YLR011W,0,0.24305995,0.13564999401569366,0.6467065811157227,0.4129825830459595
YOR119C,YMR278W,0,0.24234177,0.1356215924024582,0.6467065811157227,0.41308262944221497
YPL275W,YPL270W,0,0.24230559,0.1355932205915451,0.6467065811157227,0.41318264603614807
YDR462W,YFL038C,0,0.24206434,0.13556484878063202,0.6467065811157227,0.4132826626300812
YBR121C,YKR020W,0,0.24187477,0.13553649187088013,0.6467065811157227,0.4133826792240143
YJR014W,YBR183W,0,0.2418089,0.13550814986228943,0.6467065811157227,0.4134826958179474
YDL022W,YMR109W,1,0.24165209,0.1356889009475708,0.6477046012878418,0.4134826958179474
YPR135W,YOR202W,0,0.24159579,0.13566052913665771,0.6477046012878418,0.4135827124118805
YDL054C,YMR309C,0,0.24143519,0.13563218712806702,0.6477046012878418,0.4136827290058136
YMR203W,YMR272C,0,0.24130459,0.13560384511947632,0.6477046012878418,0.4137827455997467
YBL102W,YBR278W,0,0.24108543,0.13557551801204681,0.6477046012878418,0.4138827621936798
YKR066C,YDR225W,0,0.24108155,0.1355472058057785,0.6477046012878418,0.4139828085899353
YGL134W,YOL020W,0,0.2410722,0.1355188935995102,0.6477046012878418,0.4140828251838684
YDL214C,YDR367W,0,0.24095993,0.13549061119556427,0.6477046012878418,0.4141828417778015
YOR008C,YHR204W,0,0.24092965,0.13546232879161835,0.6477046012878418,0.4142828583717346
YPR080W,YOR229W,0,0.24083908,0.13543406128883362,0.6477046012878418,0.4143828749656677
YFL055W,YBR187W,0,0.24065472,0.1354057937860489,0.6477046012878418,0.41448289155960083
YER065C,YEL048C,0,0.24025719,0.13537755608558655,0.6477046012878418,0.41458290815353394
YBR221C,YLR164W,0,0.24014749,0.1353493183851242,0.6477046012878418,0.41468292474746704
YNL286W,YKL182W,0,0.23964302,0.13532109558582306,0.6477046012878418,0.41478297114372253
YDR129C,YDR388W,1,0.23934199,0.13550135493278503,0.6487026214599609,0.41478297114372253
YML039W,YBR060C,0,0.23926319,0.1354731172323227,0.6487026214599609,0.41488298773765564
YAL005C,YIL066C,0,0.23920615,0.13544487953186035,0.6487026214599609,0.41498300433158875
YIL053W,YMR032W,1,0.23914237,0.13562500476837158,0.6497005820274353,0.41498300433158875
YNL071W,YDR352W,0,0.23910163,0.13559675216674805,0.6497005820274353,0.41508302092552185
YGL203C,YOR192C,0,0.23892565,0.1355685144662857,0.6497005820274353,0.41518303751945496
YGL130W,YLR466W,0,0.23862667,0.13554029166698456,0.6497005820274353,0.41528305411338806
YBR060C,YER141W,0,0.23859654,0.1355120688676834,0.6497005820274353,0.41538307070732117
YER159C,YDL193W,0,0.23858048,0.13548387587070465,0.6497005820274353,0.4154830873012543
YLR037C,YHL020C,0,0.23838095,0.1354556828737259,0.6497005820274353,0.4155831038951874
YKR046C,YMR077C,0,0.23820241,0.13542750477790833,0.6497005820274353,0.41568315029144287
YDR303C,YGL017W,0,0.2381471,0.13539934158325195,0.6497005820274353,0.415783166885376
YLR148W,YPR169W,0,0.23809709,0.13537117838859558,0.6497005820274353,0.4158831834793091
YGR260W,YNL154C,0,0.23793893,0.1353430300951004,0.6497005820274353,0.4159832000732422
YOL116W,YBR016W,1,0.23793124,0.1355227530002594,0.6506986021995544,0.4159832000732422
YGL029W,YOL096C,0,0.23780967,0.13549458980560303,0.6506986021995544,0.4160832166671753
YJL071W,YNL132W,0,0.23778288,0.13546644151210785,0.6506986021995544,0.4161832332611084
YER177W,YIL064W,0,0.2377329,0.13543830811977386,0.6506986021995544,0.4162832498550415
YOL089C,YIL159W,1,0.23765858,0.13561786711215973,0.6516966223716736,0.4162832498550415
YGR185C,YNR071C,0,0.23730217,0.13558970391750336,0.6516966223716736,0.4163832664489746
YOR360C,YNR036C,0,0.23720299,0.13556155562400818,0.6516966223716736,0.4164832830429077
YLR295C,YOR115C,0,0.2371353,0.1355334222316742,0.6516966223716736,0.4165833294391632
YJL134W,YIL066C,0,0.23697512,0.1355052888393402,0.6516966223716736,0.4166833460330963
YDL022W,YLR113W,1,0.2368982,0.13568465411663055,0.652694582939148,0.4166833460330963
YNL056W,YDR194C,0,0.2368909,0.13565650582313538,0.652694582939148,0.4167833626270294
YPL239W,YCL020W,0,0.23673628,0.1356283724308014,0.652694582939148,0.4168833792209625
YDR385W,YJL171C,0,0.23646282,0.1356002539396286,0.652694582939148,0.41698339581489563
YGL013C,YBR274W,0,0.23639418,0.1355721354484558,0.652694582939148,0.41708341240882874
YDR292C,YDR030C,0,0.23637213,0.1355440467596054,0.652694582939148,0.41718342900276184
YDR229W,YJL113W,0,0.23609711,0.135515958070755,0.652694582939148,0.41728344559669495
YCR065W,YKL084W,0,0.23603772,0.1354878842830658,0.652694582939148,0.41738346219062805
YBR044C,YPL108W,0,0.23599066,0.1354598104953766,0.652694582939148,0.41748350858688354
YPR161C,YLR105C,0,0.23569049,0.13543176651000977,0.652694582939148,0.41758352518081665
YIL033C,YNL299W,0,0.23566349,0.13540372252464294,0.652694582939148,0.41768354177474976
YHR135C,YLR328W,0,0.23554038,0.13537569344043732,0.652694582939148,0.41778355836868286
YOL004W,YAL028W,0,0.23537599,0.13534767925739288,0.652694582939148,0.41788357496261597
YJR095W,YML100W,0,0.23531045,0.13531967997550964,0.652694582939148,0.4179835915565491
YPL276W,YHR037W,0,0.23515306,0.1352916806936264,0.652694582939148,0.4180836081504822
YDR217C,YPL087W,0,0.23492049,0.13526369631290436,0.652694582939148,0.4181836247444153
YLL045C,YOR149C,0,0.23490418,0.1352357268333435,0.652694582939148,0.4182836711406708
YMR251W-A,YNL063W,0,0.23460706,0.13520777225494385,0.652694582939148,0.4183836877346039
YDR227W,YHL002W,0,0.23441945,0.13517983257770538,0.652694582939148,0.418483704328537
YOL044W,YOL135C,0,0.23437373,0.13515189290046692,0.652694582939148,0.4185837209224701
YMR226C,YOR295W,0,0.23430683,0.13512396812438965,0.652694582939148,0.4186837375164032
YGR227W,YNL020C,0,0.23422189,0.13509605824947357,0.652694582939148,0.4187837541103363
YGR133W,YIL144W,0,0.23415847,0.1350681483745575,0.652694582939148,0.4188837707042694
YLR034C,YPR133W-A,0,0.23393555,0.1350402683019638,0.652694582939148,0.4189837872982025
YLL052C,YKR052C,0,0.23351263,0.13501238822937012,0.652694582939148,0.4190838038921356
YDR434W,YLR272C,0,0.23304625,0.13498452305793762,0.652694582939148,0.4191838502883911
YDR099W,YBR128C,0,0.23304091,0.13495665788650513,0.652694582939148,0.4192838668823242
YHR109W,YHR045W,0,0.23289458,0.13492882251739502,0.652694582939148,0.4193838834762573
YOL155C,YMR291W,0,0.23231418,0.1349009871482849,0.652694582939148,0.41948390007019043
YNL216W,YBR268W,0,0.23211484,0.134873166680336,0.652694582939148,0.41958391666412354
YIL129C,YLL010C,0,0.23171435,0.13484536111354828,0.652694582939148,0.41968393325805664
YGR027C,YLR043C,0,0.23170133,0.13481757044792175,0.652694582939148,0.41978394985198975
YHR063C,YPR138C,0,0.23140748,0.13478977978229523,0.652694582939148,0.41988396644592285
YEL069C,YBL008W,0,0.23129515,0.1347620040178299,0.652694582939148,0.41998398303985596
YLR055C,YGL187C,0,0.23091651,0.13473424315452576,0.652694582939148,0.42008402943611145
YJL154C,YKL113C,0,0.2306837,0.13470648229122162,0.652694582939148,0.42018404603004456
YOR122C,YKL062W,1,0.2305109,0.13488468527793884,0.6536926031112671,0.42018404603004456
YOR122C,YNL271C,1,0.23012568,0.1350627988576889,0.6546906232833862,0.42018404603004456
YIR028W,YBR161W,0,0.2300749,0.13503499329090118,0.6546906232833862,0.42028406262397766
YJL028W,YHR142W,0,0.2297435,0.13500720262527466,0.6546906232833862,0.42038407921791077
YER168C,YDL217C,0,0.2295558,0.13497942686080933,0.6546906232833862,0.42048409581184387
YER101C,YGL192W,0,0.2295178,0.134951651096344,0.6546906232833862,0.420584112405777
YCR073C,YPR171W,1,0.22925885,0.13512957096099854,0.6556886434555054,0.420584112405777
YDR354W,YBR261C,0,0.22907056,0.1351017951965332,0.6556886434555054,0.4206841289997101
YBL013W,YHL015W,0,0.22906913,0.13507401943206787,0.6556886434555054,0.4207841455936432
YOR236W,YDR461W,0,0.22879748,0.13504624366760254,0.6556886434555054,0.4208841621875763
YBR180W,YDL103C,0,0.22875549,0.1350184977054596,0.6556886434555054,0.4209842085838318
YKR080W,YPR067W,0,0.22853093,0.13499075174331665,0.6556886434555054,0.4210842251777649
YGR089W,YIL121W,0,0.22843356,0.1349630206823349,0.6556886434555054,0.421184241771698
YCR034W,YBR258C,0,0.22827323,0.13493530452251434,0.6556886434555054,0.4212842583656311
YAR035W,YIL103W,0,0.22773494,0.13490760326385498,0.6556886434555054,0.4213842749595642
YMR193W,YJL184W,0,0.22762977,0.13487990200519562,0.6556886434555054,0.4214842915534973
YGR261C,YLR228C,0,0.22722025,0.13485221564769745,0.6556886434555054,0.4215843081474304
YDR079W,YML072C,0,0.22713332,0.13482454419136047,0.6556886434555054,0.4216843247413635
YDR471W,YBR223C,0,0.22663553,0.1347968876361847,0.6556886434555054,0.421784371137619
YCR027C,YFR021W,0,0.22656529,0.1347692310810089,0.6556886434555054,0.4218843877315521
YNL071W,YNL281W,0,0.22627755,0.13474158942699432,0.6556886434555054,0.42198440432548523
YOR323C,YGR084C,0,0.22610538,0.13471396267414093,0.6556886434555054,0.42208442091941833
YMR038C,YNL263C,0,0.22602011,0.13468635082244873,0.6556886434555054,0.42218443751335144
YOR227W,YLR325C,0,0.22579576,0.13465873897075653,0.6556886434555054,0.42228445410728455
YGL209W,YDR441C,0,0.22571422,0.13463114202022552,0.6556886434555054,0.42238447070121765
YOR181W,YKL129C,1,0.22510757,0.13480843603610992,0.6566866040229797,0.42238447070121765
YBR056W,YAR035W,0,0.2250476,0.13478082418441772,0.6566866040229797,0.42248448729515076
YMR008C,YPR127W,0,0.2248665,0.13475322723388672,0.6566866040229797,0.42258450388908386
YHR165C,YNL058C,0,0.22470723,0.1347256302833557,0.6566866040229797,0.42268455028533936
YPR018W,YJL066C,0,0.22399782,0.1346980482339859,0.6566866040229797,0.42278456687927246
YMR038C,YJR118C,0,0.22376873,0.13467048108577728,0.6566866040229797,0.42288458347320557
YMR109W,YLR319C,1,0.22350024,0.13484755158424377,0.6576846241950989,0.42288458347320557
YGL053W,YDR469W,0,0.22344081,0.13481996953487396,0.6576846241950989,0.42298460006713867
YOL142W,YKL001C,0,0.2232932,0.13479238748550415,0.6576846241950989,0.4230846166610718
YHR146W,YPL047W,0,0.22325222,0.13476482033729553,0.6576846241950989,0.4231846332550049
YBR083W,YER169W,0,0.2228265,0.1347372680902481,0.6576846241950989,0.423284649848938
YGL226C-A,YKL020C,0,0.22247078,0.13470973074436188,0.6576846241950989,0.4233846664428711
YGL209W,YBL067C,0,0.22213306,0.13468219339847565,0.6576846241950989,0.4234846830368042
YLL066C,YLR376C,0,0.22154935,0.1346546858549118,0.6576846241950989,0.4235847294330597
YJL003W,YGL006W,0,0.22120185,0.13462716341018677,0.6576846241950989,0.4236847460269928
YGL001C,YIR007W,0,0.2210903,0.13459967076778412,0.6576846241950989,0.4237847626209259
YAL054C,YCR012W,0,0.22107781,0.13457219302654266,0.6576846241950989,0.423884779214859
YNL025C,YDR316W,0,0.22103216,0.1345447152853012,0.6576846241950989,0.4239847958087921
YGL022W,YDR430C,0,0.22086687,0.13451725244522095,0.6576846241950989,0.4240848124027252
YIL121W,YNL068C,0,0.22067453,0.13448978960514069,0.6576846241950989,0.4241848289966583
YGR113W,YMR194W,0,0.22054572,0.1344623565673828,0.6576846241950989,0.42428484559059143
YLR299W,YAL051W,0,0.22046672,0.13443492352962494,0.6576846241950989,0.42438486218452454
YLR105C,YPL128C,0,0.22033592,0.13440750539302826,0.6576846241950989,0.42448490858078003
YPL141C,YLL010C,0,0.22032218,0.13438010215759277,0.6576846241950989,0.42458492517471313
YLR300W,YKL175W,0,0.22028221,0.1343526989221573,0.6576846241950989,0.42468494176864624
YJL149W,YOL076W,0,0.22007711,0.134325310587883,0.6576846241950989,0.42478495836257935
YJR117W,YOR222W,0,0.21990798,0.1342979371547699,0.6576846241950989,0.42488497495651245
YOR198C,YEL046C,0,0.21983267,0.134270578622818,0.6576846241950989,0.42498499155044556
YMR074C,YMR308C,0,0.21968453,0.1342432200908661,0.6576846241950989,0.42508500814437866
YKL191W,YEL039C,0,0.21967004,0.13421589136123657,0.6576846241950989,0.42518502473831177
YKL080W,YJR002W,0,0.21938334,0.13418856263160706,0.6576846241950989,0.42528507113456726
YPL024W,YCL018W,0,0.2193432,0.13416123390197754,0.6576846241950989,0.42538508772850037
YBR253W,YLR061W,0,0.21910746,0.1341339349746704,0.6576846241950989,0.42548510432243347
YOR367W,YHR205W,1,0.21897618,0.13431014120578766,0.658682644367218,0.42548510432243347
YBR008C,YBR023C,0,0.218892,0.13428281247615814,0.658682644367218,0.4255851209163666
YER015W,YDL103C,0,0.2188405,0.13425549864768982,0.658682644367218,0.4256851375102997
YDR257C,YEL005C,0,0.21867923,0.1342281848192215,0.658682644367218,0.4257851541042328
YHR091C,YDR530C,0,0.21861832,0.13420090079307556,0.658682644367218,0.4258851706981659
YLR165C,YBR146W,0,0.21861319,0.13417361676692963,0.658682644367218,0.425985187292099
YOR047C,YLR362W,1,0.21833728,0.13434959948062897,0.6596806645393372,0.425985187292099
YBR132C,YDL235C,1,0.2181723,0.13452550768852234,0.6606786251068115,0.425985187292099
YJR109C,YLR009W,0,0.21804385,0.13449816405773163,0.6606786251068115,0.4260852038860321
YDR294C,YGR024C,0,0.21797945,0.1344708502292633,0.6606786251068115,0.4261852502822876
YGL234W,YPR140W,0,0.21759407,0.13444353640079498,0.6606786251068115,0.4262852668762207
YBL007C,YBR056W,0,0.21757312,0.13441623747348785,0.6606786251068115,0.4263852834701538
YHR121W,YOR353C,0,0.21751462,0.13438895344734192,0.6606786251068115,0.4264853000640869
YBR234C,YKL163W,0,0.21747269,0.13436168432235718,0.6606786251068115,0.42658531665802
YBL102W,YMR241W,0,0.21731429,0.13433441519737244,0.6606786251068115,0.4266853332519531
YMR229C,YDR287W,0,0.21721606,0.1343071609735489,0.6606786251068115,0.42678534984588623
YIL080W,YMR241W,0,0.2171501,0.13427992165088654,0.6606786251068115,0.42688536643981934
YAR002C-A,YOR071C,0,0.21701472,0.13425268232822418,0.6606786251068115,0.42698538303375244
YIL137C,YML102W,0,0.21641262,0.13422547280788422,0.6606786251068115,0.42708542943000793
YOL132W,YCR003W,0,0.21627547,0.13419826328754425,0.6606786251068115,0.42718544602394104
YER170W,YKR075C,0,0.21609719,0.13417105376720428,0.6606786251068115,0.42728546261787415
YBR098W,YDR337W,0,0.21550424,0.1341438740491867,0.6606786251068115,0.42738547921180725
YOR191W,YPR138C,0,0.2154815,0.13411669433116913,0.6606786251068115,0.42748549580574036
YMR319C,YDR522C,0,0.21486358,0.13408952951431274,0.6606786251068115,0.42758551239967346
YDR513W,YAR066W,0,0.21449532,0.13406237959861755,0.6606786251068115,0.42768552899360657
YHR146W,YDR176W,0,0.21433134,0.13403522968292236,0.6606786251068115,0.4277855455875397
YDL235C,YOR008C,1,0.21432157,0.1342105269432068,0.6616766452789307,0.4277855455875397
YKL211C,YFL061W,0,0.21407919,0.1341833621263504,0.6616766452789307,0.42788559198379517
YNL148C,YOL066C,0,0.21394344,0.1341562122106552,0.6616766452789307,0.42798560857772827
YJR048W,YBR057C,0,0.2136773,0.13412907719612122,0.6616766452789307,0.4280856251716614
YPL236C,YNL284C,0,0.21320705,0.13410194218158722,0.6616766452789307,0.4281856417655945
YOR178C,YML076C,0,0.21319993,0.13407482206821442,0.6616766452789307,0.4282856583595276
YGR171C,YNL265C,0,0.21306835,0.1340477168560028,0.6616766452789307,0.4283856749534607
YOR354C,YML062C,0,0.21304302,0.1340206116437912,0.6616766452789307,0.4284856915473938
YML067C,YJL123C,0,0.21268626,0.13399353623390198,0.6616766452789307,0.4285857081413269
YDR210W,YGL133W,0,0.21256883,0.13396646082401276,0.6616766452789307,0.42868572473526
YDR062W,YDR488C,0,0.2121981,0.13393940031528473,0.6616766452789307,0.4287857711315155
YJR051W,YFR038W,0,0.21191706,0.1339123398065567,0.6616766452789307,0.4288857877254486
YHR045W,YBR149W,0,0.21180601,0.13388529419898987,0.6616766452789307,0.4289858043193817
YOR313C,YNR046W,0,0.21100478,0.13385826349258423,0.6616766452789307,0.4290858209133148
YBR221C,YLR060W,0,0.21098591,0.13383124768733978,0.6616766452789307,0.4291858375072479
YMR218C,YMR205C,0,0.21094508,0.13380423188209534,0.6616766452789307,0.42928585410118103
YER038C,YMR286W,0,0.21074124,0.13377724587917328,0.6616766452789307,0.42938587069511414
YLR377C,YNL304W,0,0.2104081,0.13375024497509003,0.6616766452789307,0.42948588728904724
YKR054C,YOR132W,0,0.21019672,0.13372327387332916,0.6616766452789307,0.42958590388298035
YJR118C,YPR163C,0,0.21013735,0.1336963027715683,0.6616766452789307,0.42968595027923584
YHR005C,YGL175C,0,0.2100674,0.13366936147212982,0.6616766452789307,0.42978596687316895
YBL079W,YPL108W,0,0.20980345,0.13364240527153015,0.6616766452789307,0.42988598346710205
YPL190C,YPR105C,0,0.20959096,0.13361547887325287,0.6616766452789307,0.42998600006103516
YOR207C,YDR256C,0,0.20919599,0.13358855247497559,0.6616766452789307,0.43008601665496826
YGR023W,YKL006C-A,0,0.20906474,0.1335616409778595,0.6616766452789307,0.43018603324890137
YIL076W,YJR007W,0,0.20904179,0.1335347443819046,0.6616766452789307,0.4302860498428345
YJR027W,YPL145C,0,0.20863791,0.1335078477859497,0.6616766452789307,0.4303860664367676
YMR173W,YMR158W,0,0.20860042,0.1334809809923172,0.6616766452789307,0.4304860830307007
YPL032C,YOL042W,0,0.20855583,0.1334540992975235,0.6616766452789307,0.4305861294269562
YDL222C,YOL075C,0,0.20852272,0.13342724740505219,0.6616766452789307,0.4306861460208893
YLR256W,YOR307C,0,0.20826156,0.13340039551258087,0.6616766452789307,0.4307861626148224
YMR153W,YNR039C,0,0.2082143,0.13337357342243195,0.6616766452789307,0.4308861792087555
YJL059W,YPL117C,0,0.20804624,0.13334673643112183,0.6616766452789307,0.4309861958026886
YAL038W,YDL021W,0,0.20781215,0.1333199292421341,0.6616766452789307,0.4310862123966217
YKR098C,YBR074W,0,0.20764507,0.13329312205314636,0.6616766452789307,0.4311862289905548
YMR232W,YDL213C,0,0.207424,0.13326632976531982,0.6616766452789307,0.4312862455844879
YER089C,YOR208W,1,0.20734508,0.1334405094385147,0.6626746654510498,0.4312862455844879
YBL056W,YHR051W,0,0.20714106,0.13341370224952698,0.6626746654510498,0.4313862919807434
YNL216W,YGL127C,0,0.20693989,0.13338689506053925,0.6626746654510498,0.4314863085746765
YKL096W-A,YNL053W,0,0.20674707,0.1333601176738739,0.6626746654510498,0.4315863251686096
YBR089C-A,YPL016W,0,0.20660158,0.13333334028720856,0.6626746654510498,0.4316863417625427
YIL121W,YNL246W,0,0.20651455,0.1333065629005432,0.6626746654510498,0.43178635835647583
YOR319W,YNL116W,0,0.20639576,0.13327980041503906,0.6626746654510498,0.43188637495040894
YKL007W,YPR127W,0,0.2063935,0.1332530677318573,0.6626746654510498,0.43198639154434204
YBR083W,YIL114C,0,0.20638756,0.13322632014751434,0.6626746654510498,0.43208640813827515
YOR362C,YNL238W,0,0.20635618,0.13319960236549377,0.6626746654510498,0.43218642473220825
YCR067C,YPR060C,0,0.20607166,0.1331728845834732,0.6626746654510498,0.43228647112846375
YPR200C,YPL075W,0,0.20584603,0.13314618170261383,0.6626746654510498,0.43238648772239685
YLR348C,YHR185C,0,0.20563634,0.13311949372291565,0.6626746654510498,0.43248650431632996
YGR203W,YML101C,0,0.20541133,0.13309280574321747,0.6626746654510498,0.43258652091026306
YNL321W,YOR007C,0,0.2052293,0.13306613266468048,0.6626746654510498,0.43268653750419617
YGL254W,YOR017W,0,0.2051936,0.1330394744873047,0.6626746654510498,0.4327865540981293
YOL116W,YMR032W,1,0.20509996,0.13321314752101898,0.6636726260185242,0.4327865540981293
YMR164C,YJR042W,0,0.20501618,0.1331864595413208,0.6636726260185242,0.4328865706920624
YLR117C,YNL180C,0,0.20472623,0.1331597864627838,0.6636726260185242,0.4329865872859955
YGR284C,YLR222C,0,0.20450832,0.13313312828540802,0.6636726260185242,0.4330866038799286
YJR055W,YOR313C,0,0.20441271,0.13310648500919342,0.6636726260185242,0.4331866502761841
YGL093W,YKR055W,0,0.20441116,0.13307984173297882,0.6636726260185242,0.4332866668701172
YBR014C,YKL062W,1,0.20416658,0.1332533061504364,0.6646706461906433,0.4332866668701172
YIR008C,YDR084C,0,0.20398451,0.1332266479730606,0.6646706461906433,0.4333866834640503
YLR344W,YIL013C,0,0.20391102,0.133200004696846,0.6646706461906433,0.4334867000579834
YHR203C,YHL025W,0,0.20357431,0.1331733614206314,0.6646706461906433,0.4335867166519165
YDR217C,YBR026C,0,0.20356001,0.1331467479467392,0.6646706461906433,0.4336867332458496
YPR200C,YGR239C,0,0.20314784,0.13312013447284698,0.6646706461906433,0.4337867498397827
YER144C,YIL030C,0,0.20269541,0.13309352099895477,0.6646706461906433,0.4338867664337158
YLR421C,YLR429W,0,0.20261265,0.13306693732738495,0.6646706461906433,0.4339867830276489
YHL035C,YLR131C,0,0.20232998,0.13304035365581512,0.6646706461906433,0.4340868294239044
YJR086W,YBR127C,0,0.20145722,0.1330137848854065,0.6646706461906433,0.4341868460178375
YMR318C,YJR077C,0,0.20145492,0.13298721611499786,0.6646706461906433,0.43428686261177063
YOL033W,YPR131C,0,0.20134856,0.13296067714691162,0.6646706461906433,0.43438687920570374
YHR079C,YGL167C,0,0.20125853,0.13293413817882538,0.6646706461906433,0.43448689579963684
YOR215C,YNL246W,0,0.20114698,0.13290759921073914,0.6646706461906433,0.43458691239356995
YIR021W,YMR273C,0,0.20109136,0.13288109004497528,0.6646706461906433,0.43468692898750305
YMR192W,YOR197W,0,0.20086817,0.13285458087921143,0.6646706461906433,0.43478694558143616
YOR367W,YOR043W,1,0.20081885,0.13302752375602722,0.6656686663627625,0.43478694558143616
YDR226W,YLR081W,0,0.20049252,0.13300099968910217,0.6656686663627625,0.43488699197769165
YMR199W,YDL170W,0,0.20047705,0.13297447562217712,0.6656686663627625,0.43498700857162476
YHR098C,YPL112C,0,0.20045413,0.13294798135757446,0.6656686663627625,0.43508702516555786
YDR040C,YDR168W,1,0.20029278,0.13312076032161713,0.6666666865348816,0.43508702516555786
YML066C,YCL051W,0,0.20026575,0.13309423625469208,0.6666666865348816,0.43518704175949097
YNL069C,YDR307W,0,0.20006193,0.13306772708892822,0.6666666865348816,0.4352870583534241
YEL042W,YBR016W,0,0.19991793,0.13304123282432556,0.6666666865348816,0.4353870749473572
YOL044W,YLR153C,0,0.19980635,0.1330147385597229,0.6666666865348816,0.4354870915412903
YBR301W,YPL210C,0,0.1996208,0.13298825919628143,0.6666666865348816,0.4355871081352234
YGR005C,YOR371C,0,0.19961162,0.13296177983283997,0.6666666865348816,0.4356871247291565
YPL013C,YGR144W,0,0.1996061,0.1329353302717209,0.6666666865348816,0.435787171125412
YOR380W,YEL036C,0,0.19948085,0.1329088807106018,0.6666666865348816,0.4358871877193451
YOR193W,YPR174C,0,0.19933371,0.13288243114948273,0.6666666865348816,0.4359872043132782
YDR257C,YBR106W,0,0.1992474,0.13285601139068604,0.6666666865348816,0.4360872209072113
YBR172C,YGL026C,0,0.19920795,0.13282959163188934,0.6666666865348816,0.4361872375011444
YDL084W,YML045W,0,0.19919519,0.13280318677425385,0.6666666865348816,0.4362872540950775
YGR224W,YMR225C,0,0.19891728,0.13277678191661835,0.6666666865348816,0.4363872706890106
YIL153W,YGR014W,1,0.19877858,0.1329491287469864,0.667664647102356,0.4363872706890106
YBR170C,YDR451C,0,0.19874384,0.1329227089881897,0.667664647102356,0.4364872872829437
YFL011W,YDL215C,0,0.1986715,0.1328963041305542,0.667664647102356,0.43658730387687683
YFR010W,YIL106W,0,0.19826587,0.1328699141740799,0.667664647102356,0.4366873502731323
YPR065W,YDR317W,0,0.1981967,0.1328435242176056,0.667664647102356,0.43678736686706543
YIL158W,YDR129C,0,0.19782884,0.13281714916229248,0.667664647102356,0.43688738346099854
YER021W,YHR041C,0,0.19772245,0.13279078900814056,0.667664647102356,0.43698740005493164
YIR032C,YDR492W,0,0.19752146,0.13276444375514984,0.667664647102356,0.43708741664886475
YJL213W,YDL121C,0,0.1974984,0.13273809850215912,0.667664647102356,0.43718743324279785
YEL020C,YER142C,0,0.1973402,0.1327117681503296,0.667664647102356,0.43728744983673096
YMR063W,YGR227W,0,0.19717921,0.13268543779850006,0.667664647102356,0.43738746643066406
YIL011W,YNL197C,0,0.19666864,0.13265913724899292,0.667664647102356,0.43748748302459717
YOL132W,YOL043C,0,0.19632553,0.13263283669948578,0.667664647102356,0.43758752942085266
YBR182C,YOL064C,1,0.19627665,0.1328047513961792,0.6686626672744751,0.43758752942085266
YIL008W,YNL328C,0,0.19618566,0.13277843594551086,0.6686626672744751,0.43768754601478577
YIL053W,YMR092C,1,0.19614382,0.13295026123523712,0.6696606874465942,0.43768754601478577
YDR375C,YHR188C,0,0.19614334,0.1329239308834076,0.6696606874465942,0.43778756260871887
YDR092W,YOR293W,0,0.19591488,0.13289760053157806,0.6696606874465942,0.437887579202652
YNL192W,YHR142W,0,0.1956705,0.13287128508090973,0.6696606874465942,0.4379875957965851
YOL020W,YIL030C,0,0.19564207,0.1328449845314026,0.6696606874465942,0.4380876123905182
YBR228W,YOL020W,0,0.19541217,0.13281868398189545,0.6696606874465942,0.4381876289844513
YMR278W,YJL210W,0,0.19531004,0.1327923983335495,0.6696606874465942,0.4382876455783844
YPR083W,YGR203W,0,0.19525309,0.13276612758636475,0.6696606874465942,0.4383876919746399
YGR097W,YOR115C,0,0.19522087,0.13273985683918,0.6696606874465942,0.438487708568573
YIL011W,YBR129C,0,0.19518568,0.13271360099315643,0.6696606874465942,0.4385877251625061
YJL194W,YMR077C,0,0.19473441,0.13268736004829407,0.6696606874465942,0.4386877417564392
YJR047C,YLR350W,0,0.1947098,0.1326611340045929,0.6696606874465942,0.4387877583503723
YNL279W,YPL131W,0,0.19463216,0.13263490796089172,0.6696606874465942,0.4388877749443054
YIL079C,YGR112W,0,0.19449244,0.13260869681835175,0.6696606874465942,0.4389877915382385
YLR027C,YHR150W,0,0.19447578,0.13258250057697296,0.6696606874465942,0.43908780813217163
YOR081C,YOR307C,0,0.19442596,0.13255630433559418,0.6696606874465942,0.43918782472610474
YIL076W,YPL188W,0,0.19423707,0.1325301229953766,0.6696606874465942,0.43928787112236023
YBR145W,YDL236W,0,0.19413774,0.1325039565563202,0.6696606874465942,0.43938788771629333
YOR327C,YIL122W,0,0.19407897,0.1324777901172638,0.6696606874465942,0.43948790431022644
YOL119C,YPR066W,0,0.19395383,0.1324516385793686,0.6696606874465942,0.43958792090415955
YLR092W,YBR103W,0,0.19379564,0.13242550194263458,0.6696606874465942,0.43968793749809265
YPL246C,YGL051W,0,0.19368865,0.13239936530590057,0.6696606874465942,0.43978795409202576
YKL087C,YJL140W,0,0.19353203,0.13237324357032776,0.6696606874465942,0.43988797068595886
YFL022C,YCL039W,0,0.19341363,0.13234713673591614,0.6696606874465942,0.43998798727989197
YDR023W,YNL127W,0,0.19331266,0.1323210448026657,0.6696606874465942,0.4400880038738251
YOR251C,YNL076W,0,0.19301023,0.13229495286941528,0.6696606874465942,0.44018805027008057
YFR052W,YGL187C,0,0.19288193,0.13226887583732605,0.6696606874465942,0.44028806686401367
YIL137C,YMR280C,0,0.19269164,0.132242813706398,0.6696606874465942,0.4403880834579468
YHR109W,YER013W,0,0.19257091,0.13221675157546997,0.6696606874465942,0.4404881000518799
YDR452W,YDR212W,0,0.19239901,0.13219070434570312,0.6696606874465942,0.440588116645813
YGL105W,YFL013C,0,0.19185598,0.13216465711593628,0.6696606874465942,0.4406881332397461
YDR346C,YDR345C,0,0.19185205,0.13213863968849182,0.6696606874465942,0.4407881498336792
YKL041W,YHR142W,0,0.19176833,0.13211262226104736,0.6696606874465942,0.4408881664276123
YKL074C,YPL180W,0,0.19148041,0.1320866197347641,0.6696606874465942,0.4409881830215454
YCR026C,YKL209C,0,0.19135912,0.13206061720848083,0.6696606874465942,0.4410882294178009
YBL091C-A,YDL134C,0,0.19113757,0.13203462958335876,0.6696606874465942,0.441188246011734
YDL246C,YOR362C,0,0.19110943,0.1320086568593979,0.6696606874465942,0.4412882626056671
YDR080W,YOR226C,0,0.19100206,0.131982684135437,0.6696606874465942,0.4413882791996002
YPL110C,YOR077W,0,0.19083627,0.13195674121379852,0.6696606874465942,0.4414882957935333
YPL072W,YNL270C,0,0.19067858,0.13193078339099884,0.6696606874465942,0.44158831238746643
YJL149W,YKL167C,0,0.19037323,0.13190485537052155,0.6696606874465942,0.44168832898139954
YIL147C,YBL061C,1,0.19021101,0.1320754736661911,0.6706587076187134,0.44168832898139954
YIL043C,YNL088W,0,0.1898547,0.13204951584339142,0.6706587076187134,0.44178834557533264
YDR308C,YMR087W,0,0.18980797,0.13202357292175293,0.6706587076187134,0.44188839197158813
YDR151C,YHR134W,0,0.18975867,0.13199764490127563,0.6706587076187134,0.44198840856552124
YPR161C,YJL167W,0,0.18914957,0.13197171688079834,0.6706587076187134,0.44208842515945435
YDR392W,YNL145W,0,0.18886925,0.13194580376148224,0.6706587076187134,0.44218844175338745
YOR099W,YJL003W,0,0.18862875,0.13191990554332733,0.6706587076187134,0.44228845834732056
YDL206W,YDR363W,0,0.18834652,0.13189400732517242,0.6706587076187134,0.44238847494125366
YMR243C,YOR168W,0,0.18817405,0.1318681389093399,0.6706587076187134,0.44248849153518677
YDL015C,YLL002W,0,0.18792175,0.1318422555923462,0.6706587076187134,0.4425885081291199
YLL051C,YHL003C,0,0.18774869,0.13181640207767487,0.6706587076187134,0.442688524723053
YPL152W,YOR017W,0,0.18763907,0.13179054856300354,0.6706587076187134,0.44278857111930847
YJL203W,YBR145W,0,0.18736543,0.1317647099494934,0.6706587076187134,0.4428885877132416
YDR437W,YJL029C,0,0.18735357,0.13173887133598328,0.6706587076187134,0.4429886043071747
YPL023C,YPL176C,0,0.18733634,0.13171304762363434,0.6706587076187134,0.4430886209011078
YNL084C,YHL020C,0,0.18687649,0.1316872388124466,0.6706587076187134,0.4431886374950409
YML021C,YIL002C,0,0.18653663,0.13166144490242004,0.6706587076187134,0.443288654088974
YBR182C,YBR086C,1,0.1861148,0.13183154165744781,0.6716566681861877,0.443288654088974
YJL117W,YLL067C,0,0.18591817,0.13180571794509888,0.6716566681861877,0.4433886706829071
YER019C-A,YDR405W,0,0.185883,0.13177990913391113,0.6716566681861877,0.4434886872768402
YLR228C,YIL085C,0,0.18554626,0.13175411522388458,0.6716566681861877,0.4435887038707733
YHR042W,YML011C,0,0.18512644,0.13172832131385803,0.6716566681861877,0.4436887502670288
YJR028W,YEL011W,0,0.18451716,0.13170254230499268,0.6716566681861877,0.4437887668609619
YIR021W,YDL066W,0,0.18443109,0.1316767781972885,0.6716566681861877,0.443888783454895
YGL098W,YHR214W,0,0.18431686,0.13165101408958435,0.6716566681861877,0.4439888000488281
YOR229W,YDL119C,0,0.18371813,0.13162526488304138,0.6716566681861877,0.44408881664276123
YOR378W,YPL256C,0,0.18358286,0.1315995305776596,0.6716566681861877,0.44418883323669434
YKL055C,YCR089W,0,0.18328424,0.13157379627227783,0.6716566681861877,0.44428884983062744
YDR200C,YGR005C,0,0.18310119,0.13154809176921844,0.6716566681861877,0.44438886642456055
YGR138C,YML130C,0,0.18291594,0.13152237236499786,0.6716566681861877,0.44448888301849365
YOR157C,YML076C,0,0.18227114,0.13149668276309967,0.6716566681861877,0.44458892941474915
YBL025W,YGR049W,0,0.18208168,0.13147099316120148,0.6716566681861877,0.44468894600868225
YBR016W,YPR005C,1,0.18206339,0.13164062798023224,0.6726546883583069,0.44468894600868225
YGR203W,YLR262C,0,0.18178643,0.13161492347717285,0.6726546883583069,0.44478896260261536
YGR098C,YOL116W,0,0.1817813,0.13158921897411346,0.6726546883583069,0.44488897919654846
YMR231W,YGL236C,0,0.18176366,0.13156354427337646,0.6726546883583069,0.44498899579048157
YIL053W,YIL153W,1,0.18168302,0.1317330151796341,0.673652708530426,0.44498899579048157
YMR200W,YGL044C,0,0.18139733,0.1317073106765747,0.673652708530426,0.4450890123844147
YOR180C,YDR254W,0,0.18103962,0.1316816210746765,0.673652708530426,0.4451890289783478
YNR019W,YGL013C,0,0.18088396,0.13165594637393951,0.673652708530426,0.4452890455722809
YNR038W,YFR047C,0,0.18084486,0.13163027167320251,0.673652708530426,0.4453890919685364
YJL187C,YKR072C,0,0.18082981,0.13160459697246552,0.673652708530426,0.4454891085624695
YPR169W,YGL085W,0,0.18027069,0.1315789520740509,0.673652708530426,0.4455891251564026
YMR167W,YOR064C,0,0.18001465,0.1315533071756363,0.673652708530426,0.4456891417503357
YDR314C,YHR115C,0,0.17983888,0.13152766227722168,0.673652708530426,0.4457891583442688
YOL110W,YDR314C,0,0.17973952,0.13150204718112946,0.673652708530426,0.4458891749382019
YGL060W,YAL040C,0,0.17932035,0.13147643208503723,0.673652708530426,0.445989191532135
YOR236W,YJL115W,0,0.17926003,0.1314508318901062,0.673652708530426,0.4460892081260681
YDR160W,YML110C,0,0.17914163,0.13142523169517517,0.673652708530426,0.4461892247200012
YOR106W,YOR117W,0,0.1789129,0.13139964640140533,0.673652708530426,0.4462892711162567
YMR035W,YML092C,0,0.17888714,0.1313740760087967,0.673652708530426,0.4463892877101898
YMR154C,YDR439W,0,0.17876609,0.13134850561618805,0.673652708530426,0.4464893043041229
YOL091W,YMR076C,0,0.17874064,0.1313229501247406,0.673652708530426,0.44658932089805603
YPL141C,YML092C,0,0.17870562,0.13129740953445435,0.673652708530426,0.44668933749198914
YFL025C,YKL039W,0,0.17839108,0.13127188384532928,0.673652708530426,0.44678935408592224
YER104W,YBL034C,0,0.17824863,0.13124635815620422,0.673652708530426,0.44688937067985535
YOL058W,YGR125W,0,0.17816888,0.13122083246707916,0.673652708530426,0.44698938727378845
YBR191W,YGR040W,0,0.17787571,0.1311953365802765,0.673652708530426,0.44708940386772156
YPL045W,YBR015C,0,0.17775272,0.13116984069347382,0.673652708530426,0.44718945026397705
YOR074C,YGL073W,0,0.17765106,0.13114435970783234,0.673652708530426,0.44728946685791016
YNL071W,YMR260C,0,0.17760791,0.13111887872219086,0.673652708530426,0.44738948345184326
YHR158C,YIL094C,0,0.17754246,0.13109341263771057,0.673652708530426,0.44748950004577637
YNL258C,YBR086C,0,0.1772915,0.13106796145439148,0.673652708530426,0.4475895166397095
YDR317W,YJR006W,0,0.17724706,0.1310425102710724,0.673652708530426,0.4476895332336426
YHR132C,YNL116W,0,0.17722471,0.1310170739889145,0.673652708530426,0.4477895498275757
YDL059C,YDR429C,0,0.17709883,0.13099165260791779,0.673652708530426,0.4478895664215088
YFL057C,YLR360W,0,0.17692216,0.13096624612808228,0.673652708530426,0.4479896128177643
YNR026C,YNR028W,0,0.17690699,0.13094083964824677,0.673652708530426,0.4480896294116974
YNL020C,YOR181W,1,0.17688487,0.13110938668251038,0.6746506690979004,0.4480896294116974
YDL039C,YHR175W,0,0.17676021,0.13108396530151367,0.6746506690979004,0.4481896460056305
YJL176C,YMR278W,0,0.17667289,0.13105854392051697,0.6746506690979004,0.4482896625995636
YCL044C,YJR140C,0,0.17638882,0.13103315234184265,0.6746506690979004,0.4483896791934967
YDR041W,YCL008C,0,0.17616875,0.13100774586200714,0.6746506690979004,0.4484896957874298
YDR172W,YER142C,0,0.17561401,0.13098236918449402,0.6746506690979004,0.4485897123813629
YIL154C,YOR010C,0,0.17560457,0.1309569925069809,0.6746506690979004,0.448689728975296
YIL162W,YOR358W,0,0.17546137,0.13093163073062897,0.6746506690979004,0.4487897455692291
YGR052W,YIL082W-A,0,0.17521398,0.13090626895427704,0.6746506690979004,0.4488897919654846
YPL001W,YHR108W,0,0.17511307,0.1308809220790863,0.6746506690979004,0.4489898085594177
YKL124W,YBL008W,0,0.1748998,0.13085559010505676,0.6746506690979004,0.44908982515335083
YOR003W,YDR229W,0,0.17463847,0.13083027303218842,0.6746506690979004,0.44918984174728394
YLL054C,YER022W,0,0.17448671,0.13080495595932007,0.6746506690979004,0.44928985834121704
YOL023W,YIR013C,0,0.17448284,0.13077965378761292,0.6746506690979004,0.44938987493515015
YDR227W,YLR189C,0,0.17428721,0.13075435161590576,0.6746506690979004,0.44948989152908325
YNL223W,YDL188C,0,0.17427342,0.1307290643453598,0.6746506690979004,0.44958990812301636
YLR297W,YDL039C,0,0.17395942,0.13070379197597504,0.6746506690979004,0.44968992471694946
YDR372C,YLL024C,0,0.17394878,0.13067851960659027,0.6746506690979004,0.44978997111320496
YLL023C,YPL036W,0,0.17379837,0.1306532621383667,0.6746506690979004,0.44988998770713806
YNL016W,YKR072C,0,0.17357899,0.13062801957130432,0.6746506690979004,0.44999000430107117
YMR244C-A,YDR186C,0,0.17356081,0.13060277700424194,0.6746506690979004,0.4500900208950043
YPR022C,YDR378C,0,0.17330559,0.13057754933834076,0.6746506690979004,0.4501900374889374
YGL023C,YPR167C,0,0.17318957,0.13055233657360077,0.6746506690979004,0.4502900540828705
YGR096W,YOR118W,0,0.17272069,0.13052712380886078,0.6746506690979004,0.4503900706768036
YMR092C,YOR208W,1,0.17265506,0.13069498538970947,0.6756486892700195,0.4503900706768036
YBR106W,YDR452W,0,0.17191778,0.1306697577238083,0.6756486892700195,0.4504900872707367
YOR354C,YOR295W,0,0.17181708,0.1306445449590683,0.6756486892700195,0.4505901038646698
YLR194C,YPL030W,0,0.17167093,0.1306193321943283,0.6756486892700195,0.4506901502609253
YDR045C,YMR035W,0,0.17141025,0.1305941343307495,0.6756486892700195,0.4507901668548584
YDR259C,YJL029C,0,0.17124094,0.1305689513683319,0.6756486892700195,0.4508901834487915
YAR002C-A,YDR016C,0,0.17117919,0.1305437684059143,0.6756486892700195,0.4509902000427246
YGL212W,YPL056C,0,0.17108499,0.1305186003446579,0.6756486892700195,0.4510902166366577
YMR112C,YER141W,0,0.17106135,0.13049344718456268,0.6756486892700195,0.4511902332305908
YKL161C,YKR092C,0,0.17103805,0.13046829402446747,0.6756486892700195,0.4512902498245239
YCL016C,YKL032C,0,0.1708908,0.13044315576553345,0.6756486892700195,0.45139026641845703
YHR120W,YIL036W,0,0.17084415,0.13041803240776062,0.6756486892700195,0.4514903128147125
YBR044C,YOL108C,0,0.17012616,0.1303929090499878,0.6756486892700195,0.45159032940864563
YML039W,YPL119C,0,0.16991319,0.13036780059337616,0.6756486892700195,0.45169034600257874
YDR006C,YKL206C,0,0.1695142,0.13034270703792572,0.6756486892700195,0.45179036259651184
YGR225W,YMR215W,0,0.16948403,0.13031761348247528,0.6756486892700195,0.45189037919044495
YJL212C,YNR030W,0,0.16945864,0.13029253482818604,0.6756486892700195,0.45199039578437805
YFR016C,YER017C,0,0.16895969,0.1302674561738968,0.6756486892700195,0.45209041237831116
YMR232W,YGL055W,0,0.16893326,0.13024240732192993,0.6756486892700195,0.45219042897224426
YER118C,YPL180W,1,0.1688403,0.13040968775749207,0.6766467094421387,0.45219042897224426
YEL077C,YBL063W,0,0.16882281,0.13038460910320282,0.6766467094421387,0.45229044556617737
YNL190W,YBR132C,1,0.16837858,0.13055181503295898,0.6776447296142578,0.45229044556617737
YFR029W,YJR010W,0,0.16817243,0.13052672147750854,0.6776447296142578,0.45239049196243286
YHR045W,YBL045C,0,0.1680079,0.1305016279220581,0.6776447296142578,0.45249050855636597
YML097C,YNL056W,0,0.16739292,0.13047654926776886,0.6776447296142578,0.4525905251502991
YDL170W,YDR522C,0,0.1673763,0.1304514855146408,0.6776447296142578,0.4526905417442322
YIL137C,YFL024C,0,0.16722877,0.13042643666267395,0.6776447296142578,0.4527905583381653
YFL039C,YGR014W,1,0.16719373,0.1305934339761734,0.6786426901817322,0.4527905583381653
YOR043W,YDR168W,1,0.16696043,0.13076037168502808,0.6796407103538513,0.4527905583381653
YPR030W,YLR160C,0,0.16690652,0.13073526322841644,0.6796407103538513,0.4528905749320984
YIL132C,YDR040C,0,0.16687413,0.130710169672966,0.6796407103538513,0.4529905915260315
YBL050W,YDR451C,0,0.16671427,0.13068509101867676,0.6796407103538513,0.4530906081199646
YGL192W,YER060W-A,0,0.1663353,0.1306600123643875,0.6796407103538513,0.4531906247138977
YJL124C,YJL083W,0,0.16621573,0.13063494861125946,0.6796407103538513,0.4532906711101532
YGL231C,YHR018C,0,0.16593207,0.1306098997592926,0.6796407103538513,0.4533906877040863
YFL054C,YHR169W,0,0.16583051,0.13058485090732574,0.6796407103538513,0.4534907042980194
YJR086W,YOR205C,0,0.16580261,0.13055981695652008,0.6796407103538513,0.4535907208919525
YGR161C,YEL027W,0,0.16573869,0.13053478300571442,0.6796407103538513,0.4536907374858856
YOR219C,YCL068C,0,0.16566254,0.13050977885723114,0.6796407103538513,0.4537907540798187
YBR298C,YLR050C,0,0.16544186,0.13048475980758667,0.6796407103538513,0.45389077067375183
YGR005C,YBL005W-B,0,0.16538467,0.1304597705602646,0.6796407103538513,0.45399078726768494
YDL181W,YLL010C,0,0.16535221,0.1304347813129425,0.6796407103538513,0.45409080386161804
YPR056W,YDR072C,0,0.16522948,0.13040980696678162,0.6796407103538513,0.45419085025787354
YIL121W,YOR375C,0,0.16516049,0.13038483262062073,0.6796407103538513,0.45429086685180664
YDR006C,YBR015C,0,0.16507764,0.13035987317562103,0.6796407103538513,0.45439088344573975
YOR236W,YDL113C,0,0.16503485,0.13033492863178253,0.6796407103538513,0.45449090003967285
YDR461W,YGR289C,0,0.16502847,0.13030998408794403,0.6796407103538513,0.45459091663360596
YGR132C,YHR051W,0,0.16499682,0.13028505444526672,0.6796407103538513,0.45469093322753906
YPR007C,YDR460W,0,0.16488044,0.1302601397037506,0.6796407103538513,0.45479094982147217
YOR094W,YOR336W,0,0.16462384,0.1302352249622345,0.6796407103538513,0.4548909664154053
YBR298C,YPL162C,0,0.16459166,0.13021032512187958,0.6796407103538513,0.45499101281166077
YDL222C,YER178W,0,0.16438828,0.13018544018268585,0.6796407103538513,0.45509102940559387
YER115C,YLR189C,0,0.16426827,0.13016055524349213,0.6796407103538513,0.455191045999527
YLR344W,YIL006W,0,0.16394414,0.1301356703042984,0.6796407103538513,0.4552910625934601
YGL032C,YOR196C,0,0.16392864,0.13011081516742706,0.6796407103538513,0.4553910791873932
YKL035W,YIL007C,0,0.16379665,0.13008596003055573,0.6796407103538513,0.4554910957813263
YOR194C,YER102W,0,0.16364114,0.13006111979484558,0.6796407103538513,0.4555911123752594
YLR264W,YPR154W,0,0.1636386,0.13003627955913544,0.6796407103538513,0.4556911289691925
YJL026W,YDR080W,0,0.16349347,0.1300114542245865,0.6796407103538513,0.4557911455631256
YOL034W,YKL025C,0,0.16329242,0.12998664379119873,0.6796407103538513,0.4558911919593811
YDR489W,YOL009C,0,0.16310893,0.12996183335781097,0.6796407103538513,0.4559912085533142
YMR215W,YJL139C,0,0.1630445,0.1299370378255844,0.6796407103538513,0.4560912251472473
YBL047C,YOR113W,0,0.16284342,0.12991224229335785,0.6796407103538513,0.4561912417411804
YBL051C,YLL016W,0,0.16224585,0.12988746166229248,0.6796407103538513,0.4562912583351135
YJR144W,YNR069C,0,0.16178949,0.1298626959323883,0.6796407103538513,0.45639127492904663
YDL226C,YLR323C,0,0.1617174,0.12983794510364532,0.6796407103538513,0.45649129152297974
YJR047C,YIL048W,0,0.16103925,0.12981319427490234,0.6796407103538513,0.45659130811691284
YOR271C,YNL181W,0,0.16103531,0.12978844344615936,0.6796407103538513,0.45669132471084595
YGR014W,YMR172W,1,0.16080864,0.1299542635679245,0.6806387305259705,0.45669132471084595
YLL043W,YER071C,0,0.16062625,0.12992951273918152,0.6806387305259705,0.45679137110710144
YLL039C,YOL055C,0,0.16028719,0.12990476191043854,0.6806387305259705,0.45689138770103455
YEL063C,YLR362W,0,0.15997536,0.12988002598285675,0.6806387305259705,0.45699140429496765
YPR083W,YIL056W,0,0.15987168,0.12985529005527496,0.6806387305259705,0.45709142088890076
YKL061W,YPR008W,0,0.15985389,0.12983056902885437,0.6806387305259705,0.45719143748283386
YCR027C,YDL132W,0,0.15972967,0.12980586290359497,0.6806387305259705,0.45729145407676697
YGL195W,YPR029C,0,0.15969406,0.12978115677833557,0.6806387305259705,0.4573914706707001
YMR060C,YIR013C,0,0.15955602,0.12975646555423737,0.6806387305259705,0.4574914872646332
YPL040C,YMR251W-A,0,0.15929805,0.12973178923130035,0.6806387305259705,0.4575915038585663
YIL105C,YOR060C,0,0.15866782,0.12970711290836334,0.6806387305259705,0.4576915502548218
YIR021W,YML067C,0,0.1585265,0.12968245148658752,0.6806387305259705,0.4577915668487549
YIL053W,YDR394W,0,0.15847202,0.1296577900648117,0.6806387305259705,0.457891583442688
YNL094W,YHR042W,0,0.15811212,0.12963314354419708,0.6806387305259705,0.4579916000366211
YDR188W,YHR045W,0,0.15806694,0.12960851192474365,0.6806387305259705,0.4580916166305542
YML121W,YJR117W,0,0.15806656,0.12958388030529022,0.6806387305259705,0.4581916332244873
YIL173W,YNL304W,0,0.15795429,0.12955926358699799,0.6806387305259705,0.4582916498184204
YOR028C,YPL240C,1,0.15780695,0.12972459197044373,0.6816367506980896,0.4582916498184204
YGL083W,YER073W,0,0.15767623,0.1296999603509903,0.6816367506980896,0.4583916664123535
YDR494W,YDR349C,0,0.1573775,0.12967534363269806,0.6816367506980896,0.458491712808609
YBR056W,YBR110W,0,0.15665032,0.12965072691440582,0.6816367506980896,0.4585917294025421
YJR044C,YGL045W,0,0.15649869,0.1296261101961136,0.6816367506980896,0.4586917459964752
YJL200C,YGL070C,0,0.15637611,0.12960152328014374,0.6816367506980896,0.4587917625904083
YIL056W,YAL026C,0,0.15626143,0.1295769363641739,0.6816367506980896,0.45889177918434143
YLR003C,YER042W,0,0.15624948,0.12955234944820404,0.6816367506980896,0.45899179577827454
YHR122W,YLR037C,0,0.15611078,0.12952777743339539,0.6816367506980896,0.45909181237220764
YOR334W,YLR194C,0,0.15598549,0.12950322031974792,0.6816367506980896,0.45919182896614075
YMR109W,YPL152W,1,0.15591933,0.1296682506799698,0.682634711265564,0.45919182896614075
YLR187W,YER052C,0,0.15581651,0.12964366376399994,0.682634711265564,0.45929184556007385
YKL197C,YPR163C,0,0.15576579,0.12961910665035248,0.682634711265564,0.45939189195632935
YPR011C,YLL016W,0,0.15537919,0.12959454953670502,0.682634711265564,0.45949190855026245
YMR313C,YDR030C,0,0.1551524,0.12956999242305756,0.682634711265564,0.45959192514419556
YPL010W,YDL072C,0,0.15511174,0.1295454502105713,0.682634711265564,0.45969194173812866
YLL031C,YPL118W,0,0.15430246,0.12952092289924622,0.682634711265564,0.45979195833206177
YLR051C,YKL182W,0,0.15429412,0.12949639558792114,0.682634711265564,0.4598919749259949
YHR193C,YOR117W,0,0.15384333,0.12947189807891846,0.682634711265564,0.459991991519928
YER144C,YAL040C,0,0.15378733,0.12944738566875458,0.682634711265564,0.4600920081138611
YDR005C,YNL256W,0,0.15282597,0.1294228881597519,0.682634711265564,0.4601920247077942
YDL148C,YLR307W,0,0.1527297,0.1293984055519104,0.682634711265564,0.4602920711040497
YGR072W,YFR036W,0,0.15265377,0.1293739378452301,0.682634711265564,0.4603920876979828
YIL153W,YER089C,1,0.15259005,0.12953858077526093,0.6836327314376831,0.4603920876979828
YAL005C,YOL012C,0,0.1519071,0.12951408326625824,0.6836327314376831,0.4604921042919159
YJL204C,YDL202W,0,0.15134634,0.12948960065841675,0.6836327314376831,0.460592120885849
YDR028C,YBR238C,0,0.15116532,0.12946513295173645,0.6836327314376831,0.4606921374797821
YKL053C-A,YGL026C,0,0.15102227,0.12944066524505615,0.6836327314376831,0.4607921540737152
YPR103W,YBR118W,0,0.15096493,0.12941621243953705,0.6836327314376831,0.4608921706676483
YDR212W,YDR497C,0,0.15057252,0.12939175963401794,0.6836327314376831,0.4609921872615814
YDR457W,YGL013C,0,0.15041338,0.12936732172966003,0.6836327314376831,0.4610922038555145
YKL176C,YOR142W,0,0.15033539,0.12934289872646332,0.6836327314376831,0.46119225025177
YMR118C,YPR134W,0,0.15027173,0.1293184757232666,0.6836327314376831,0.4612922668457031
YCR009C,YPR171W,1,0.15000524,0.12948282063007355,0.6846307516098022,0.4612922668457031
YCR009C,YOR367W,1,0.14988197,0.12964710593223572,0.6856287717819214,0.4612922668457031
YLL004W,YNL183C,0,0.14933087,0.12962263822555542,0.6856287717819214,0.46139228343963623
YFL014W,YOR028C,1,0.14886184,0.12978683412075043,0.6866267323493958,0.46139228343963623
YJR101W,YIR039C,0,0.14817728,0.12976235151290894,0.6866267323493958,0.46149230003356934
YML001W,YGL124C,0,0.1481693,0.12973788380622864,0.6866267323493958,0.46159231662750244
YOL101C,YLR128W,0,0.14780538,0.12971343100070953,0.6866267323493958,0.46169233322143555
YPR020W,YGR122W,0,0.14711373,0.12968897819519043,0.6866267323493958,0.46179234981536865
YPR007C,YGR171C,0,0.14707,0.12966452538967133,0.6866267323493958,0.46189236640930176
YHR066W,YBL026W,0,0.1469176,0.1296401023864746,0.6866267323493958,0.46199241280555725
YLR213C,YIL170W,0,0.14680846,0.1296156793832779,0.6866267323493958,0.46209242939949036
YER185W,YKL032C,0,0.14665683,0.12959125638008118,0.6866267323493958,0.46219244599342346
YIL121W,YGR144W,0,0.14657767,0.12956684827804565,0.6866267323493958,0.46229246258735657
YLR451W,YKR078W,0,0.14636926,0.12954245507717133,0.6866267323493958,0.4623924791812897
YHR132C,YDR034C,0,0.14587156,0.1295180767774582,0.6866267323493958,0.4624924957752228
YBR192W,YNL278W,0,0.14570011,0.12949369847774506,0.6866267323493958,0.4625925123691559
YLR447C,YMR273C,0,0.14568289,0.12946932017803192,0.6866267323493958,0.462692528963089
YPL112C,YDL140C,0,0.14565857,0.12944497168064117,0.6866267323493958,0.4627925455570221
YPL059W,YDR168W,1,0.14562176,0.12960873544216156,0.6876247525215149,0.4627925455570221
YLR426W,YJR021C,0,0.14561726,0.12958435714244843,0.6876247525215149,0.4628925919532776
YLR141W,YER074W,0,0.1454183,0.1295599788427353,0.6876247525215149,0.4629926085472107
YPL183W-A,YJL076W,0,0.14499886,0.12953563034534454,0.6876247525215149,0.4630926251411438
YMR167W,YLR285W,0,0.14492227,0.1295112818479538,0.6876247525215149,0.4631926417350769
YDR365C,YAL048C,0,0.14453606,0.12948693335056305,0.6876247525215149,0.46329265832901
YOR068C,YGR285C,0,0.14449559,0.1294626146554947,0.6876247525215149,0.4633926749229431
YMR109W,YKL048C,1,0.14430366,0.12962615489959717,0.688622772693634,0.4633926749229431
YML007W,YOR110W,0,0.14411347,0.12960180640220642,0.688622772693634,0.4634926915168762
YGR231C,YPL208W,0,0.14403947,0.12957745790481567,0.688622772693634,0.4635927081108093
YOR329C,YPR119W,0,0.14376731,0.12955313920974731,0.688622772693634,0.46369272470474243
YJR123W,YNL241C,0,0.14331616,0.12952882051467896,0.688622772693634,0.4637927711009979
YDR323C,YLR234W,0,0.14290477,0.1295045018196106,0.688622772693634,0.46389278769493103
YBL007C,YBR276C,0,0.14275457,0.12948019802570343,0.688622772693634,0.46399280428886414
YEL022W,YCL016C,0,0.1425374,0.12945590913295746,0.688622772693634,0.46409282088279724
YLR307W,YDL121C,0,0.14241387,0.1294316202402115,0.688622772693634,0.46419283747673035
YPR124W,YGL067W,0,0.14240547,0.1294073462486267,0.688622772693634,0.46429285407066345
YLR348C,YGR078C,0,0.14236338,0.12938308715820312,0.688622772693634,0.46439287066459656
YDR039C,YGR192C,0,0.14212905,0.12935882806777954,0.688622772693634,0.46449288725852966
YDR411C,YJR091C,0,0.14178489,0.12933458387851715,0.688622772693634,0.46459290385246277
YER090W,YNL315C,0,0.14170976,0.12931033968925476,0.688622772693634,0.46469295024871826
YGL054C,YOR158W,0,0.14166416,0.12928611040115356,0.688622772693634,0.46479296684265137
YNR031C,YBR210W,0,0.14152552,0.12926189601421356,0.688622772693634,0.4648929834365845
YDR256C,YNR038W,0,0.14144458,0.12923768162727356,0.688622772693634,0.4649930000305176
YKL054C,YMR205C,0,0.14119454,0.12921348214149475,0.688622772693634,0.4650930166244507
YIR010W,YPL150W,0,0.1410789,0.12918929755687714,0.688622772693634,0.4651930332183838
YGR171C,YGR055W,0,0.14085422,0.12916511297225952,0.688622772693634,0.4652930498123169
YIR011C,YLR324W,0,0.14077063,0.1291409283876419,0.688622772693634,0.46539306640625
YHR128W,YNL053W,0,0.14052631,0.12911677360534668,0.688622772693634,0.4654931128025055
YKL101W,YPL200W,0,0.14040191,0.12909260392189026,0.688622772693634,0.4655931293964386
YMR106C,YIL119C,0,0.14031668,0.12906846404075623,0.688622772693634,0.4656931459903717
YGL244W,YJR084W,0,0.14029787,0.1290443241596222,0.688622772693634,0.4657931625843048
YLR088W,YDL178W,0,0.14019884,0.12902019917964935,0.688622772693634,0.4658931791782379
YDR398W,YJR108W,0,0.1401503,0.1289960741996765,0.688622772693634,0.465993195772171
YKL186C,YJL002C,0,0.14011629,0.12897196412086487,0.688622772693634,0.4660932123661041
YGR087C,YLR301W,0,0.13963081,0.12894785404205322,0.688622772693634,0.46619322896003723
YOL154W,YIL068C,0,0.13948314,0.12892377376556396,0.688622772693634,0.46629324555397034
YBR199W,YHL033C,0,0.1394607,0.1288996785879135,0.688622772693634,0.46639329195022583
YGL018C,YBR002C,0,0.13921662,0.12887561321258545,0.688622772693634,0.46649330854415894
YPL252C,YFL008W,0,0.1391414,0.12885154783725739,0.688622772693634,0.46659332513809204
YLR187W,YPL064C,0,0.13894029,0.12882748246192932,0.688622772693634,0.46669334173202515
YCR012W,YLR166C,0,0.13890125,0.12880343198776245,0.688622772693634,0.46679335832595825
YDR359C,YER129W,0,0.13847806,0.12877939641475677,0.688622772693634,0.46689337491989136
YER048C,YDR222W,0,0.13841374,0.1287553608417511,0.688622772693634,0.46699339151382446
YER160C,YBR243C,0,0.1380956,0.12873134016990662,0.688622772693634,0.46709340810775757
YPR124W,YHR150W,0,0.13798605,0.12870733439922333,0.688622772693634,0.4671934247016907
YLL027W,YER165W,0,0.13790514,0.12868332862854004,0.688622772693634,0.46729347109794617
YOR017W,YDL140C,0,0.137617,0.12865933775901794,0.688622772693634,0.4673934876918793
YOL101C,YBL085W,0,0.13755287,0.12863534688949585,0.688622772693634,0.4674935042858124
YDR078C,YMR305C,0,0.13705228,0.12861137092113495,0.688622772693634,0.4675935208797455
YHR024C,YNR021W,0,0.13692285,0.12858739495277405,0.688622772693634,0.4676935374736786
YMR025W,YMR099C,0,0.13689585,0.12856344878673553,0.688622772693634,0.4677935540676117
YHR132C,YDL111C,0,0.13676463,0.12853948771953583,0.688622772693634,0.4678935706615448
YLR353W,YDR216W,0,0.13664664,0.1285155564546585,0.688622772693634,0.4679935872554779
YKL139W,YJL210W,0,0.13620456,0.1284916251897812,0.688622772693634,0.468093603849411
YMR237W,YCR087C-A,0,0.13607378,0.12846769392490387,0.688622772693634,0.4681936502456665
YNL321W,YPL099C,0,0.13600202,0.12844377756118774,0.688622772693634,0.4682936668395996
YGR211W,YPR052C,0,0.13579668,0.1284198760986328,0.688622772693634,0.4683936834335327
YEL009C,YNL029C,0,0.13575776,0.12839597463607788,0.688622772693634,0.4684937000274658
YNL164C,YJL026W,0,0.13574536,0.12837208807468414,0.688622772693634,0.4685937166213989
YJL087C,YOR081C,0,0.13528995,0.1283482164144516,0.688622772693634,0.46869373321533203
YDR155C,YCL019W,0,0.13501234,0.12832434475421906,0.688622772693634,0.46879374980926514
YBL100W-B,YAL051W,0,0.13462467,0.1283004879951477,0.688622772693634,0.46889376640319824
YNL190W,YHR114W,1,0.1343474,0.1284625381231308,0.6896207332611084,0.46889376640319824
YGR012W,YGR221C,0,0.13413669,0.12843866646289825,0.6896207332611084,0.46899381279945374
YER149C,YDR150W,0,0.1340831,0.1284147948026657,0.6896207332611084,0.46909382939338684
YLR308W,YDL015C,0,0.13408099,0.12839093804359436,0.6896207332611084,0.46919384598731995
YFL018C,YHR009C,0,0.13407739,0.128367081284523,0.6896207332611084,0.46929386258125305
YGR257C,YNL132W,0,0.13358332,0.12834323942661285,0.6896207332611084,0.46939387917518616
YHL012W,YIL038C,0,0.13341253,0.1283194124698639,0.6896207332611084,0.46949389576911926
YBR146W,YPR035W,0,0.13303651,0.12829558551311493,0.6896207332611084,0.46959391236305237
YJR137C,YGR214W,0,0.13276367,0.12827175855636597,0.6896207332611084,0.4696939289569855
YNL047C,YPL262W,0,0.13263918,0.1282479614019394,0.6896207332611084,0.4697939455509186
YCR002C,YDL111C,0,0.13254853,0.12822416424751282,0.6896207332611084,0.4698939919471741
YBR120C,YLR359W,0,0.13243426,0.12820036709308624,0.6896207332611084,0.4699940085411072
YPR010C,YJL059W,0,0.13241549,0.12817658483982086,0.6896207332611084,0.4700940251350403
YMR161W,YNL307C,0,0.13239922,0.12815281748771667,0.6896207332611084,0.4701940417289734
YJL115W,YDL178W,0,0.13224198,0.1281290501356125,0.6896207332611084,0.4702940583229065
YPR055W,YOR123C,0,0.13221289,0.1281052976846695,0.6896207332611084,0.4703940749168396
YMR109W,YDR168W,1,0.13215162,0.12826691567897797,0.6906187534332275,0.4703940749168396
YDR311W,YMR232W,0,0.13210906,0.12824314832687378,0.6906187534332275,0.4704940915107727
YJR095W,YMR091C,0,0.13181134,0.1282193809747696,0.6906187534332275,0.4705941081047058
YJL204C,YJR127C,0,0.13175549,0.1281956285238266,0.6906187534332275,0.4706941246986389
YKR083C,YPR058W,0,0.13147505,0.1281718909740448,0.6906187534332275,0.4707941710948944
YOL009C,YGL020C,0,0.13117011,0.128148153424263,0.6906187534332275,0.4708941876888275
YJR159W,YDL243C,0,0.13102974,0.1281244158744812,0.6906187534332275,0.4709942042827606
YDR323C,YOR304C-A,0,0.13088436,0.1281007081270218,0.6906187534332275,0.4710942208766937
YOR198C,YKL114C,0,0.13056542,0.12807700037956238,0.6906187534332275,0.47119423747062683
YPR037C,YDL201W,0,0.13028695,0.12805329263210297,0.6906187534332275,0.47129425406455994
YKL082C,YPL170W,0,0.12973322,0.12802959978580475,0.6906187534332275,0.47139427065849304
YOR261C,YER141W,0,0.12960581,0.12800592184066772,0.6906187534332275,0.47149428725242615
YFL038C,YNL063W,0,0.12960379,0.1279822438955307,0.6906187534332275,0.47159433364868164
YOL112W,YHR205W,0,0.1294641,0.12795858085155487,0.6906187534332275,0.47169435024261475
YPL189W,YPR204W,0,0.12944932,0.12793491780757904,0.6906187534332275,0.47179436683654785
YPL239W,YOR008C,1,0.12922187,0.12809611856937408,0.6916167736053467,0.47179436683654785
YNL131W,YLL033W,0,0.12920527,0.12807244062423706,0.6916167736053467,0.47189438343048096
YDL160C,YML082W,0,0.12902083,0.12804877758026123,0.6916167736053467,0.47199440002441406
YDR162C,YJL128C,1,0.12895294,0.12820985913276672,0.6926147937774658,0.47199440002441406
YGL055W,YMR260C,0,0.12890671,0.1281861811876297,0.6926147937774658,0.47209441661834717
YJL078C,YLR384C,0,0.12885933,0.12816251814365387,0.6926147937774658,0.4721944332122803
YPL273W,YDL212W,0,0.12880848,0.12813885509967804,0.6926147937774658,0.4722944498062134
YAR009C,YOR101W,0,0.12836216,0.1281151920557022,0.6926147937774658,0.4723944664001465
YBR293W,YLR320W,0,0.12832777,0.12809154391288757,0.6926147937774658,0.472494512796402
YGR180C,YBL112C,0,0.12832661,0.12806791067123413,0.6926147937774658,0.4725945293903351
YFR016C,YBR146W,0,0.12760623,0.1280442774295807,0.6926147937774658,0.4726945459842682
YOL122C,YLR301W,0,0.12750591,0.12802065908908844,0.6926147937774658,0.4727945625782013
YHL038C,YGL068W,0,0.12727936,0.12799705564975739,0.6926147937774658,0.4728945791721344
YFR055W,YOR033C,0,0.12720962,0.12797345221042633,0.6926147937774658,0.4729945957660675
YDR261C,YGL044C,0,0.12719984,0.12794984877109528,0.6926147937774658,0.4730946123600006
YNL134C,YPL192C,0,0.12669809,0.12792626023292542,0.6926147937774658,0.4731946289539337
YNR060W,YHR103W,0,0.12669285,0.12790268659591675,0.6926147937774658,0.4732946455478668
YGR023W,YNL029C,0,0.12661572,0.12787912786006927,0.6926147937774658,0.4733946919441223
YMR244C-A,YLR417W,0,0.12652968,0.1278555691242218,0.6926147937774658,0.4734947085380554
YGR222W,YGL244W,0,0.12645654,0.12783201038837433,0.6926147937774658,0.4735947251319885
YJR047C,YMR087W,0,0.1263807,0.12780846655368805,0.6926147937774658,0.47369474172592163
YPR103W,YGR275W,0,0.12630059,0.12778493762016296,0.6926147937774658,0.47379475831985474
YLR330W,YBR057C,0,0.12560363,0.12776140868663788,0.6926147937774658,0.47389477491378784
YDR004W,YIL130W,0,0.12557746,0.127737894654274,0.6926147937774658,0.47399479150772095
YNL091W,YOR043W,1,0.12556623,0.1278984099626541,0.6936127543449402,0.47399479150772095
YML004C,YPL137C,0,0.125448,0.12787488102912903,0.6936127543449402,0.47409480810165405
YOR251C,YLL028W,0,0.12534992,0.12785136699676514,0.6936127543449402,0.47419482469558716
YOR273C,YKR078W,0,0.12414168,0.12782785296440125,0.6936127543449402,0.47429487109184265
YGR087C,YMR175W,0,0.12400176,0.12780433893203735,0.6936127543449402,0.47439488768577576
YLR248W,YOR297C,1,0.123925045,0.12796470522880554,0.6946107745170593,0.47439488768577576
YBR211C,YOR058C,0,0.12348159,0.12794117629528046,0.6946107745170593,0.47449490427970886
YNL231C,YNL142W,0,0.122747734,0.12791766226291656,0.6946107745170593,0.47459492087364197
YCR012W,YKL213C,0,0.12264998,0.12789416313171387,0.6946107745170593,0.4746949374675751
YPR181C,YPL042C,0,0.12248568,0.12787066400051117,0.6946107745170593,0.4747949540615082
YDR092W,YIL088C,0,0.122286335,0.12784716486930847,0.6946107745170593,0.4748949706554413
YDR202C,YOL017W,0,0.12136562,0.12782369554042816,0.6946107745170593,0.4749949872493744
YPL168W,YNL256W,0,0.121083185,0.12780022621154785,0.6946107745170593,0.4750950336456299
YJR137C,YER102W,0,0.12107359,0.12777675688266754,0.6946107745170593,0.475195050239563
YNR023W,YGR206W,0,0.12086041,0.12775330245494843,0.6946107745170593,0.4752950668334961
YMR058W,YGR163W,0,0.120774224,0.1277298629283905,0.6946107745170593,0.4753950834274292
YIL156W,YNL076W,0,0.120362625,0.12770642340183258,0.6946107745170593,0.4754951000213623
YGL255W,YNL009W,0,0.12034102,0.12768299877643585,0.6946107745170593,0.4755951166152954
YKL176C,YNL054W,0,0.120196536,0.12765957415103912,0.6946107745170593,0.4756951332092285
YNL024C,YCR089W,0,0.11987837,0.1276361644268036,0.6946107745170593,0.4757951498031616
YNL220W,YDR189W,0,0.11942114,0.12761275470256805,0.6946107745170593,0.4758951663970947
YGL116W,YNL036W,0,0.11930843,0.1275893747806549,0.6946107745170593,0.4759952127933502
YDR246W,YJL191W,0,0.11912145,0.12756597995758057,0.6946107745170593,0.4760952293872833
YKR087C,YNL047C,0,0.11908497,0.12754260003566742,0.6946107745170593,0.47619524598121643
YKL002W,YOR010C,0,0.11892845,0.12751923501491547,0.6946107745170593,0.47629526257514954
YGL028C,YPL210C,0,0.11876543,0.1274958848953247,0.6946107745170593,0.47639527916908264
YKR042W,YBR217W,0,0.11872639,0.12747253477573395,0.6946107745170593,0.47649529576301575
YPL283C,YDL236W,0,0.11818232,0.1274491846561432,0.6946107745170593,0.47659531235694885
YOR316C,YIL134W,0,0.11803202,0.12742584943771362,0.6946107745170593,0.47669532895088196
YOR202W,YGL244W,0,0.1178249,0.12740252912044525,0.6946107745170593,0.47679534554481506
YOL004W,YMR272C,0,0.117285565,0.12737920880317688,0.6946107745170593,0.47689539194107056
YDR314C,YKL063C,0,0.11728369,0.1273559033870697,0.6946107745170593,0.47699540853500366
YPL084W,YJL173C,0,0.116849735,0.12733259797096252,0.6946107745170593,0.47709542512893677
YMR207C,YJL160C,0,0.11678018,0.12730930745601654,0.6946107745170593,0.4771954417228699
YLR075W,YOR017W,0,0.11664234,0.12728603184223175,0.6946107745170593,0.477295458316803
YLR447C,YLR005W,0,0.11655702,0.12726275622844696,0.6946107745170593,0.4773954749107361
YLR116W,YJR078W,0,0.116486505,0.12723949551582336,0.6946107745170593,0.4774954915046692
YBR180W,YDR363W,0,0.11603297,0.12721623480319977,0.6946107745170593,0.4775955080986023
YJL035C,YML023C,0,0.115714684,0.12719298899173737,0.6946107745170593,0.4776955246925354
YCL010C,YBR288C,0,0.115631,0.12716974318027496,0.6946107745170593,0.4777955710887909
YGL002W,YML046W,0,0.11561723,0.12714651226997375,0.6946107745170593,0.477895587682724
YPL189W,YDL128W,0,0.114556625,0.12712328135967255,0.6946107745170593,0.4779956042766571
YPL183W-A,YBR235W,0,0.11454715,0.12710008025169373,0.6946107745170593,0.4780956208705902
YER039C,YDR457W,0,0.11444603,0.1270768642425537,0.6946107745170593,0.4781956374645233
YDL230W,YLR301W,0,0.11443035,0.1270536631345749,0.6946107745170593,0.4782956540584564
YMR113W,YDR518W,0,0.11412631,0.12703047692775726,0.6946107745170593,0.4783956706523895
YHR057C,YPR171W,0,0.11400227,0.12700730562210083,0.6946107745170593,0.47849568724632263
YDR377W,YPR185W,0,0.11398406,0.1269841343164444,0.6946107745170593,0.4785957336425781
YHR138C,YOL075C,0,0.113481686,0.12696096301078796,0.6946107745170593,0.47869575023651123
YAL042W,YLL053C,0,0.11310513,0.12693780660629272,0.6946107745170593,0.47879576683044434
YGR046W,YPL158C,0,0.11299892,0.12691466510295868,0.6946107745170593,0.47889578342437744
YCL054W,YER177W,0,0.11274968,0.12689152359962463,0.6946107745170593,0.47899580001831055
YNR031C,YOR181W,1,0.11271022,0.12705066800117493,0.6956087946891785,0.47899580001831055
YPR083W,YBR077C,0,0.112638995,0.12702752649784088,0.6956087946891785,0.47909581661224365
YLR460C,YLR011W,0,0.11253704,0.12700437009334564,0.6956087946891785,0.47919583320617676
YER089C,YLR362W,1,0.11253004,0.12716342508792877,0.6966068148612976,0.47919583320617676
YHR079C-A,YNR072W,0,0.11249079,0.12714025378227234,0.6966068148612976,0.47929584980010986
YMR272C,YDR213W,0,0.1123576,0.1271170973777771,0.6966068148612976,0.47939586639404297
YER102W,YLL029W,0,0.11233975,0.12709395587444305,0.6966068148612976,0.47949591279029846
YDR200C,YIR013C,0,0.112313464,0.127070814371109,0.6966068148612976,0.47959592938423157
YCR089W,YJL140W,0,0.112156585,0.12704768776893616,0.6966068148612976,0.4796959459781647
YLR148W,YJL122W,0,0.11210938,0.1270245611667633,0.6966068148612976,0.4797959625720978
YER033C,YMR053C,0,0.1118045,0.12700144946575165,0.6966068148612976,0.4798959791660309
YMR220W,YLR390W,0,0.11134596,0.12697835266590118,0.6966068148612976,0.479995995759964
YMR011W,YDR328C,0,0.11112721,0.12695525586605072,0.6966068148612976,0.4800960123538971
YKL086W,YCR048W,0,0.11089046,0.12693217396736145,0.6966068148612976,0.4801960289478302
YMR276W,YDR020C,0,0.11075325,0.12690909206867218,0.6966068148612976,0.4802960455417633
YML059C,YNL026W,0,0.11071645,0.1268860250711441,0.6966068148612976,0.4803960919380188
YDR006C,YBR260C,0,0.11048056,0.12686295807361603,0.6966068148612976,0.4804961085319519
YIR033W,YDL170W,0,0.11045422,0.12683990597724915,0.6966068148612976,0.480596125125885
YOR028C,YPL027W,0,0.11040081,0.12681685388088226,0.6966068148612976,0.4806961417198181
YBR229C,YCL020W,0,0.10989334,0.12679381668567657,0.6966068148612976,0.4807961583137512
YER016W,YFL053W,0,0.10982089,0.12677079439163208,0.6966068148612976,0.4808961749076843
YJR101W,YML062C,0,0.109703556,0.12674777209758759,0.6966068148612976,0.48099619150161743
YGR004W,YNR059W,0,0.108972564,0.12672476470470428,0.6966068148612976,0.48109620809555054
YJL087C,YIL015W,0,0.10896744,0.12670175731182098,0.6966068148612976,0.48119622468948364
YIL037C,YKL152C,0,0.10887317,0.12667876482009888,0.6966068148612976,0.48129627108573914
YFR055W,YKL185W,0,0.10885091,0.12665577232837677,0.6966068148612976,0.48139628767967224
YIL173W,YGL186C,0,0.1087199,0.12663279473781586,0.6966068148612976,0.48149630427360535
YJL020C,YBR238C,0,0.10842441,0.12660983204841614,0.6966068148612976,0.48159632086753845
YDR129C,YLR319C,1,0.108360544,0.12676823139190674,0.697604775428772,0.48159632086753845
YDL232W,YGR271C-A,0,0.10830571,0.12674523890018463,0.697604775428772,0.48169633746147156
YKR072C,YGR288W,0,0.10823007,0.12672226130962372,0.697604775428772,0.48179635405540466
YLR143W,YCR003W,0,0.1080883,0.126699298620224,0.697604775428772,0.48189637064933777
YOR375C,YDR229W,0,0.10805462,0.12667633593082428,0.697604775428772,0.4819963872432709
YDR084C,YDR144C,0,0.107980445,0.12665337324142456,0.697604775428772,0.48209643363952637
YJL003W,YCL052C,0,0.10786851,0.12663044035434723,0.697604775428772,0.4821964502334595
YGL049C,YDL044C,0,0.10759105,0.1266074925661087,0.697604775428772,0.4822964668273926
YMR304W,YJL173C,0,0.10743685,0.12658457458019257,0.697604775428772,0.4823964834213257
YOR261C,YMR162C,0,0.10742606,0.12656165659427643,0.697604775428772,0.4824965000152588
YIR003W,YGR017W,0,0.10720861,0.1265387386083603,0.697604775428772,0.4825965166091919
YDL035C,YBL040C,0,0.10715957,0.12651583552360535,0.697604775428772,0.482696533203125
YDR338C,YGL243W,0,0.10710898,0.1264929473400116,0.697604775428772,0.4827965497970581
YML121W,YEL055C,0,0.10681231,0.12647005915641785,0.697604775428772,0.4828965663909912
YPL122C,YGR113W,0,0.10680626,0.1264471709728241,0.697604775428772,0.4829966127872467
YMR052W,YEL022W,0,0.10628183,0.12642431259155273,0.697604775428772,0.4830966293811798
YNR019W,YJL173C,0,0.106208116,0.12640143930912018,0.697604775428772,0.4831966459751129
YDL059C,YLR312W-A,0,0.10592972,0.12637859582901,0.697604775428772,0.483296662569046
YDL235C,YDR410C,0,0.10590519,0.12635575234889984,0.697604775428772,0.4833966791629791
YHR082C,YLR128W,0,0.10552131,0.12633290886878967,0.697604775428772,0.48349669575691223
YOR028C,YCL032W,1,0.10541496,0.1264907866716385,0.6986027956008911,0.48349669575691223
YCR024C,YEL032W,0,0.105407685,0.12646792829036713,0.6986027956008911,0.48359671235084534
YDR040C,YPL240C,1,0.10525839,0.12662571668624878,0.6996008157730103,0.48359671235084534
YDR541C,YJR113C,0,0.104809895,0.12660285830497742,0.6996008157730103,0.48369672894477844
YGL208W,YGR032W,0,0.10426675,0.12657999992370605,0.6996008157730103,0.48379674553871155
YDR078C,YML102W,0,0.10408938,0.1265571415424347,0.6996008157730103,0.48389679193496704
YIL154C,YPR204W,0,0.103980064,0.12653429806232452,0.6996008157730103,0.48399680852890015
YDL084W,YML123C,0,0.103869915,0.12651145458221436,0.6996008157730103,0.48409682512283325
YBL061C,YMR092C,1,0.103859484,0.12666907906532288,0.7005987763404846,0.48409682512283325
YGR206W,YMR263W,0,0.10355753,0.1266462206840515,0.7005987763404846,0.48419684171676636
YGR284C,YLR025W,0,0.103223175,0.12662337720394135,0.7005987763404846,0.48429685831069946
YER124C,YKR027W,0,0.10320142,0.12660053372383118,0.7005987763404846,0.48439687490463257
YBR120C,YNL160W,0,0.102813736,0.1265777200460434,0.7005987763404846,0.4844968914985657
YDR140W,YOL104C,0,0.10266666,0.12655489146709442,0.7005987763404846,0.4845969080924988
YGL032C,YER032W,0,0.102609456,0.12653207778930664,0.7005987763404846,0.4846969246864319
YDR123C,YLR369W,0,0.10236688,0.12650927901268005,0.7005987763404846,0.4847969710826874
YJR052W,YAR009C,0,0.10227387,0.12648648023605347,0.7005987763404846,0.4848969876766205
YOR048C,YDR446W,0,0.102266565,0.12646369636058807,0.7005987763404846,0.4849970042705536
YGL236C,YPL049C,0,0.10224149,0.12644092738628387,0.7005987763404846,0.4850970208644867
YKL138C,YNR069C,0,0.10184409,0.12641815841197968,0.7005987763404846,0.4851970374584198
YGL129C,YPR067W,0,0.101787075,0.12639538943767548,0.7005987763404846,0.4852970540523529
YDL039C,YGL171W,0,0.10149816,0.12637263536453247,0.7005987763404846,0.485397070646286
YIL156W,YLR061W,0,0.10145122,0.12634989619255066,0.7005987763404846,0.4854970872402191
YNR017W,YHR112C,0,0.101419374,0.12632715702056885,0.7005987763404846,0.4855971336364746
YPL189W,YLL067C,0,0.101223305,0.12630443274974823,0.7005987763404846,0.4856971502304077
YKR077W,YDR314C,0,0.10112347,0.1262817084789276,0.7005987763404846,0.4857971668243408
YNR056C,YPL259C,0,0.1011083,0.1262589991092682,0.7005987763404846,0.4858971834182739
YGR113W,YCL020W,0,0.10104552,0.12623628973960876,0.7005987763404846,0.48599720001220703
YJL184W,YPL059W,1,0.100973025,0.1263933777809143,0.7015967965126038,0.48599720001220703
YDR304C,YOL009C,0,0.10094343,0.12637066841125488,0.7015967965126038,0.48609721660614014
YDR072C,YGR134W,0,0.10082759,0.12634794414043427,0.7015967965126038,0.48619723320007324
YPL037C,YEL003W,0,0.1007611,0.12632524967193604,0.7015967965126038,0.48629724979400635
YJL030W,YDR273W,0,0.10074295,0.1263025552034378,0.7015967965126038,0.48639726638793945
YFL033C,YOL012C,0,0.100596085,0.12627986073493958,0.7015967965126038,0.48649731278419495
YDR276C,YML064C,0,0.10018003,0.12625718116760254,0.7015967965126038,0.48659732937812805
YIL147C,YKL129C,1,0.10016538,0.12641407549381256,0.7025948166847229,0.48659732937812805
YCL018W,YGL097W,0,0.100146264,0.12639138102531433,0.7025948166847229,0.48669734597206116
YDR276C,YJR036C,0,0.100123376,0.1263687014579773,0.7025948166847229,0.48679736256599426
YDR353W,YNL224C,0,0.09998126,0.12634602189064026,0.7025948166847229,0.48689737915992737
YMR237W,YBL028C,0,0.09992398,0.12632334232330322,0.7025948166847229,0.4869973957538605
YGL121C,YLR223C,0,0.099338844,0.12630067765712738,0.7025948166847229,0.4870974123477936
YGR249W,YNL279W,0,0.099310055,0.12627802789211273,0.7025948166847229,0.4871974289417267
YBR227C,YLL033W,0,0.09906402,0.12625537812709808,0.7025948166847229,0.4872974455356598
YER172C,YML047C,0,0.0990157,0.12623274326324463,0.7025948166847229,0.4873974919319153
YBL040C,YOR253W,0,0.09864502,0.12621010839939117,0.7025948166847229,0.4874975085258484
YCL010C,YBL091C-A,0,0.09780665,0.1261874884366989,0.7025948166847229,0.4875975251197815
YBR279W,YNL318C,0,0.097770825,0.12616486847400665,0.7025948166847229,0.4876975417137146
YDR084C,YGR247W,0,0.097446874,0.12614226341247559,0.7025948166847229,0.4877975583076477
YGR132C,YOR284W,0,0.09738527,0.1261196732521057,0.7025948166847229,0.4878975749015808
YGR007W,YOR378W,0,0.09696925,0.12609708309173584,0.7025948166847229,0.4879975914955139
YJL184W,YOR120W,1,0.09688924,0.12625357508659363,0.703592836856842,0.4879975914955139
YLR144C,YBL063W,0,0.09655626,0.12623097002506256,0.703592836856842,0.488097608089447
YMR260C,YHR214W,0,0.09651655,0.1262083798646927,0.703592836856842,0.4881976246833801
YIL167W,YIL119C,0,0.09635316,0.12618578970432281,0.703592836856842,0.4882976710796356
YLR312W-A,YPR075C,0,0.09634307,0.12616319954395294,0.703592836856842,0.4883976876735687
YKL064W,YML036W,0,0.0962473,0.12614063918590546,0.703592836856842,0.48849770426750183
YOR008C,YMR176W,0,0.096239135,0.12611806392669678,0.703592836856842,0.48859772086143494
YIL015W,YML130C,0,0.09620154,0.1260955035686493,0.703592836856842,0.48869773745536804
YDR090C,YER052C,0,0.096055135,0.126072958111763,0.703592836856842,0.48879775404930115
YOR103C,YER046W,0,0.09589489,0.1260504275560379,0.703592836856842,0.48889777064323425
YIL022W,YGL002W,0,0.09575455,0.1260278820991516,0.703592836856842,0.48899778723716736
YLR033W,YDR480W,0,0.095727116,0.1260053664445877,0.703592836856842,0.48909783363342285
YJR047C,YNL183C,0,0.095633715,0.1259828507900238,0.703592836856842,0.48919785022735596
YIL131C,YFR042W,0,0.095485196,0.1259603351354599,0.703592836856842,0.48929786682128906
YGL032C,YDR484W,0,0.09528525,0.1259378343820572,0.703592836856842,0.48939788341522217
YOL141W,YOR027W,0,0.095195174,0.12591534852981567,0.703592836856842,0.4894979000091553
YDL098C,YIR038C,0,0.095175624,0.12589286267757416,0.703592836856842,0.4895979166030884
YHR005C-A,YBR136W,0,0.094791606,0.12587037682533264,0.703592836856842,0.4896979331970215
YIL120W,YKL171W,0,0.09475903,0.12584790587425232,0.703592836856842,0.4897979497909546
YKR100C,YLR417W,0,0.094630405,0.1258254498243332,0.703592836856842,0.4898979663848877
YLR138W,YOR208W,1,0.09456396,0.1259814351797104,0.7045907974243164,0.4898979663848877
YGR253C,YIL147C,0,0.0942681,0.12595896422863007,0.7045907974243164,0.4899980127811432
YLL051C,YJL047C,0,0.09419462,0.12593649327754974,0.7045907974243164,0.4900980293750763
YLR386W,YBL101C,0,0.09408796,0.12591403722763062,0.7045907974243164,0.4901980459690094
YDR369C,YGL256W,0,0.09376931,0.1258915811777115,0.7045907974243164,0.4902980625629425
YIL159W,YGR014W,1,0.09366447,0.12604741752147675,0.7055888175964355,0.4902980625629425
YGL054C,YOR090C,0,0.09364742,0.12602496147155762,0.7055888175964355,0.4903980791568756
YCR017C,YFR036W,0,0.093503535,0.1260024905204773,0.7055888175964355,0.4904980957508087
YPL001W,YMR225C,0,0.09285611,0.12598004937171936,0.7055888175964355,0.4905981123447418
YGR204W,YGL174W,0,0.09272899,0.12595759332180023,0.7055888175964355,0.4906981289386749
YGR167W,YBR112C,0,0.09219426,0.1259351670742035,0.7055888175964355,0.49079814553260803
YER056C,YHR203C,0,0.092108265,0.12591274082660675,0.7055888175964355,0.4908981919288635
YMR274C,YML092C,0,0.091933936,0.12589031457901,0.7055888175964355,0.49099820852279663
YDR027C,YGL122C,0,0.09162067,0.12586790323257446,0.7055888175964355,0.49109822511672974
YFR014C,YOR295W,0,0.091548786,0.12584549188613892,0.7055888175964355,0.49119824171066284
YJR047C,YFL031W,0,0.09133513,0.12582309544086456,0.7055888175964355,0.49129825830459595
YDR384C,YHR164C,0,0.090447694,0.1258007138967514,0.7055888175964355,0.49139827489852905
YDR040C,YOR028C,1,0.09005846,0.1259562373161316,0.7065868377685547,0.49139827489852905
YMR238W,YDR289C,0,0.08926672,0.12593382596969604,0.7065868377685547,0.49149829149246216
YPR144C,YDL126C,0,0.08896761,0.1259114295244217,0.7065868377685547,0.49159830808639526
YDR082W,YDR173C,0,0.088889,0.12588904798030853,0.7065868377685547,0.49169835448265076
YGL005C,YML016C,0,0.088840574,0.12586666643619537,0.7065868377685547,0.49179837107658386
YPR138C,YLR181C,0,0.08861582,0.1258442997932434,0.7065868377685547,0.49189838767051697
YIL127C,YEL071W,0,0.08852564,0.12582193315029144,0.7065868377685547,0.4919984042644501
YOL017W,YHR020W,0,0.08830634,0.12579956650733948,0.7065868377685547,0.4920984208583832
YLR314C,YPR204W,0,0.08803965,0.1257772296667099,0.7065868377685547,0.4921984374523163
YAL005C,YMR074C,0,0.0876226,0.12575487792491913,0.7065868377685547,0.4922984540462494
YHR074W,YOR205C,0,0.08725783,0.12573255598545074,0.7065868377685547,0.4923984706401825
YBL102W,YJL140W,0,0.08661348,0.12571023404598236,0.7065868377685547,0.4924984872341156
YPL253C,YNL071W,0,0.086517245,0.12568791210651398,0.7065868377685547,0.4925985336303711
YKL014C,YPL055C,0,0.08639626,0.1256656050682068,0.7065868377685547,0.4926985502243042
YCL010C,YJL171C,0,0.08633609,0.1256432980298996,0.7065868377685547,0.4927985668182373
YML098W,YBR077C,0,0.086287245,0.1256210058927536,0.7065868377685547,0.4928985834121704
YJR150C,YJR127C,0,0.08626717,0.1255987286567688,0.7065868377685547,0.4929986000061035
YDR023W,YDR517W,0,0.08575757,0.125576451420784,0.7065868377685547,0.4930986166000366
YML045W,YPL173W,0,0.08574705,0.1255541741847992,0.7065868377685547,0.4931986331939697
YPL011C,YOR059C,0,0.08566074,0.12553191184997559,0.7065868377685547,0.49329864978790283
YCL048W,YLR301W,0,0.085566774,0.12550966441631317,0.7065868377685547,0.49339866638183594
YJR028W,YJL066C,0,0.08553903,0.12548741698265076,0.7065868377685547,0.49349871277809143
YDR388W,YOR028C,1,0.08544661,0.12564238905906677,0.7075848579406738,0.49349871277809143
YPL072W,YDR384C,0,0.085414454,0.12562012672424316,0.7075848579406738,0.49359872937202454
YHL038C,YOR035C,0,0.085364744,0.12559787929058075,0.7075848579406738,0.49369874596595764
YKL167C,YJL208C,0,0.08477177,0.12557563185691833,0.7075848579406738,0.49379876255989075
YJL063C,YDL245C,0,0.08370322,0.12555338442325592,0.7075848579406738,0.49389877915382385
YLR363C,YGR013W,0,0.08369923,0.1255311667919159,0.7075848579406738,0.49399879574775696
YBR208C,YNL065W,0,0.083598465,0.12550893425941467,0.7075848579406738,0.49409881234169006
YOR129C,YHL012W,0,0.083507985,0.12548673152923584,0.7075848579406738,0.49419882893562317
YGR087C,YGR017W,0,0.08307217,0.1254645138978958,0.7075848579406738,0.4942988455295563
YDR300C,YBL058W,0,0.08304043,0.12544232606887817,0.7075848579406738,0.49439889192581177
YKL101W,YJR028W,0,0.082935154,0.12542013823986053,0.7075848579406738,0.4944989085197449
YLR029C,YKR022C,0,0.082656994,0.1253979504108429,0.7075848579406738,0.494598925113678
YMR034C,YMR055C,0,0.082489535,0.12537577748298645,0.7075848579406738,0.4946989417076111
YLL018C,YLR103C,0,0.0822767,0.12535360455513,0.7075848579406738,0.4947989583015442
YBR061C,YER098W,0,0.08189629,0.12533144652843475,0.7075848579406738,0.4948989748954773
YOR189W,YNL154C,0,0.08171259,0.1253093034029007,0.7075848579406738,0.4949989914894104
YGL087C,YLR226W,0,0.08167231,0.12528716027736664,0.7075848579406738,0.4950990080833435
YPR181C,YHR111W,0,0.0815984,0.12526501715183258,0.7075848579406738,0.495199054479599
YCL004W,YJL138C,0,0.0814506,0.12524288892745972,0.7075848579406738,0.4952990710735321
YHL007C,YIL135C,0,0.081241414,0.12522077560424805,0.7075848579406738,0.4953990876674652
YKR077W,YNL063W,0,0.08110705,0.12519866228103638,0.7075848579406738,0.4954991042613983
YPR083W,YCL019W,0,0.08102763,0.1251765489578247,0.7075848579406738,0.4955991208553314
YPR083W,YHR149C,0,0.08101256,0.12515445053577423,0.7075848579406738,0.4956991374492645
YHR045W,YPL249C-A,0,0.080679506,0.12513236701488495,0.7075848579406738,0.49579915404319763
YOR375C,YOR239W,0,0.08064951,0.12511028349399567,0.7075848579406738,0.49589917063713074
YPL178W,YML107C,0,0.07957478,0.12508821487426758,0.7075848579406738,0.49599918723106384
YBR095C,YHR158C,0,0.07935801,0.1250661462545395,0.7075848579406738,0.49609923362731934
YFR050C,YAR031W,0,0.079036,0.1250440925359726,0.7075848579406738,0.49619925022125244
YJL001W,YDR346C,0,0.07888992,0.1250220388174057,0.7075848579406738,0.49629926681518555
YLR421C,YCL024W,0,0.078592464,0.125,0.7075848579406738,0.49639928340911865
YMR063W,YAR008W,0,0.07858808,0.1249779686331749,0.7075848579406738,0.49649930000305176
YPR199C,YLR203C,0,0.07848419,0.12495593726634979,0.7075848579406738,0.49659931659698486
YKL077W,YEL027W,0,0.07848026,0.12493392080068588,0.7075848579406738,0.49669933319091797
YMR145C,YNR075W,0,0.07834561,0.12491191178560257,0.7075848579406738,0.4967993497848511
YLR026C,YIR010W,0,0.07777944,0.12488991022109985,0.7075848579406738,0.4968993663787842
YOR156C,YNL231C,0,0.07770124,0.12486790865659714,0.7075848579406738,0.4969994127750397
YLR226W,YAL038W,0,0.07766402,0.12484592199325562,0.7075848579406738,0.4970994293689728
YEL009C,YDR237W,0,0.07763064,0.12482394278049469,0.7075848579406738,0.4971994459629059
YBL100W-A,YCR091W,0,0.077535465,0.12480197101831436,0.7075848579406738,0.497299462556839
YNL010W,YOR259C,0,0.07709363,0.12478000670671463,0.7075848579406738,0.4973994791507721
YNR003C,YNL202W,0,0.07642527,0.1247580498456955,0.7075848579406738,0.4974994957447052
YLR299W,YOL069W,0,0.07613209,0.12473610043525696,0.7075848579406738,0.4975995123386383
YML024W,YKL067W,0,0.07594511,0.12471415847539902,0.7075848579406738,0.4976995289325714
YGR070W,YDR439W,0,0.07497777,0.12469222396612167,0.7075848579406738,0.4977995455265045
YCR088W,YJL186W,0,0.074948356,0.12467030435800552,0.7075848579406738,0.49789959192276
YER081W,YER129W,0,0.07440178,0.12464838474988937,0.7075848579406738,0.4979996085166931
YOR367W,YPL059W,1,0.07435663,0.12480224668979645,0.7085828185081482,0.4979996085166931
YGR167W,YLR128W,0,0.0740387,0.1247803196310997,0.7085828185081482,0.4980996251106262
YFR027W,YAL026C,0,0.073439226,0.12475839257240295,0.7085828185081482,0.4981996417045593
YDR471W,YBL013W,0,0.07340349,0.1247364729642868,0.7085828185081482,0.49829965829849243
YJR161C,YBR069C,0,0.07337794,0.12471456080675125,0.7085828185081482,0.49839967489242554
YNL190W,YDL235C,1,0.07328287,0.12486828118562698,0.7095808386802673,0.49839967489242554
YGR287C,YHR091C,0,0.07312474,0.12484635412693024,0.7095808386802673,0.49849969148635864
YKL092C,YNL047C,0,0.07311675,0.12482443451881409,0.7095808386802673,0.49859970808029175
YNR018W,YDR037W,0,0.07284038,0.12480252981185913,0.7095808386802673,0.49869975447654724
YGL195W,YLR389C,0,0.07263084,0.12478062510490417,0.7095808386802673,0.49879977107048035
YPR163C,YNL183C,0,0.072484,0.12475872784852982,0.7095808386802673,0.49889978766441345
YPR125W,YLR299W,0,0.07247394,0.12473684549331665,0.7095808386802673,0.49899980425834656
YOR003W,YLR183C,0,0.072180614,0.12471496313810349,0.7095808386802673,0.49909982085227966
YDR227W,YPL098C,0,0.07199611,0.12469308823347092,0.7095808386802673,0.49919983744621277
YCR023C,YBR094W,0,0.071535006,0.12467122822999954,0.7095808386802673,0.4992998540401459
YGL001C,YML025C,0,0.071358874,0.12464936822652817,0.7095808386802673,0.499399870634079
YDR409W,YHR142W,0,0.07128994,0.12462752312421799,0.7095808386802673,0.4994998872280121
YML022W,YCR024C,0,0.07110721,0.1246056780219078,0.7095808386802673,0.4995999336242676
YGR178C,YNL123W,0,0.07088907,0.12458384782075882,0.7095808386802673,0.4996999502182007
YJL174W,YOL026C,0,0.070721984,0.12456201761960983,0.7095808386802673,0.4997999668121338
YOL064C,YLR336C,1,0.07068099,0.12471535801887512,0.7105788588523865,0.4997999668121338
YFL025C,YLR301W,0,0.07049489,0.12469352036714554,0.7105788588523865,0.4998999834060669
YMR189W,YPL131W,0,0.07028,0.12467168271541595,0.7105788588523865,0.5
YPL188W,YOL039W,0,0.070124656,0.12464985996484756,0.7105788588523865,0.5001000165939331
YNL263C,YJL004C,0,0.06972213,0.12462804466485977,0.7105788588523865,0.5002000331878662
YHL050C,YPR091C,0,0.06931782,0.12460622936487198,0.7105788588523865,0.5003000497817993
YDL012C,YPR061C,0,0.069235,0.12458442896604538,0.7105788588523865,0.5004000663757324
YDR377W,YDR182W,0,0.06923464,0.12456262856721878,0.7105788588523865,0.5005000829696655
YDR461W,YDR438W,0,0.068948075,0.12454084306955338,0.7105788588523865,0.5006000995635986
YOR081C,YDL100C,0,0.06882633,0.12451906502246857,0.7105788588523865,0.5007001161575317
YEL020C,YCL024W,0,0.068800226,0.12449728697538376,0.7105788588523865,0.5008001327514648
YOR074C,YDR405W,0,0.06873299,0.12447552382946014,0.7105788588523865,0.5009002089500427
YMR318C,YNR063W,0,0.06851183,0.12445376813411713,0.7105788588523865,0.5010002255439758
YCR016W,YOR085W,0,0.068447575,0.1244320198893547,0.7105788588523865,0.5011002421379089
YGR180C,YGR049W,0,0.06828262,0.12441027164459229,0.7105788588523865,0.501200258731842
YDR172W,YDR325W,0,0.06821607,0.12438853830099106,0.7105788588523865,0.5013002753257751
YGL153W,YPR133C,0,0.067785755,0.12436681240797043,0.7105788588523865,0.5014002919197083
YNL222W,YAL022C,0,0.067603976,0.1243450939655304,0.7105788588523865,0.5015003085136414
YLR103C,YAL030W,0,0.06758003,0.12432338297367096,0.7105788588523865,0.5016003251075745
YDR087C,YHR005C-A,0,0.06737915,0.12430167943239212,0.7105788588523865,0.5017003417015076
YPR005C,YDL235C,1,0.067199945,0.12445452809333801,0.7115768194198608,0.5017003417015076
YOR189W,YMR172W,0,0.06692131,0.12443280965089798,0.7115768194198608,0.5018003582954407
YOL064C,YJL128C,1,0.066596806,0.1245855838060379,0.71257483959198,0.5018003582954407
YDL028C,YPL096W,0,0.06647821,0.12456385046243668,0.71257483959198,0.5019003748893738
YMR207C,YDR131C,0,0.06581184,0.12454212456941605,0.71257483959198,0.5020003914833069
YOR388C,YCR043C,0,0.06552054,0.12452040612697601,0.71257483959198,0.50210040807724
YPR124W,YBR085W,0,0.06547254,0.12449869513511658,0.71257483959198,0.5022004246711731
YOR328W,YFL033C,0,0.06538065,0.12447698414325714,0.71257483959198,0.5023004412651062
YDL052C,YGR057C,0,0.06520955,0.1244552880525589,0.71257483959198,0.5024004578590393
YOL033W,YBR132C,0,0.065059215,0.12443359941244125,0.71257483959198,0.5025004744529724
YLR239C,YKR075C,0,0.06502314,0.1244119182229042,0.71257483959198,0.5026004910469055
YGR277C,YJL036W,0,0.0649398,0.12439024448394775,0.71257483959198,0.5027005672454834
YPL276W,YDL119C,0,0.064880356,0.1243685781955719,0.71257483959198,0.5028005838394165
YPL063W,YDR175C,0,0.06478782,0.12434691935777664,0.71257483959198,0.5029006004333496
YOR323C,YKL087C,0,0.06439386,0.12432526797056198,0.71257483959198,0.5030006170272827
YML024W,YNL279W,0,0.06422146,0.12430362403392792,0.71257483959198,0.5031006336212158
YBR288C,YNL058C,0,0.06419581,0.12428198754787445,0.71257483959198,0.5032006502151489
YOR307C,YEL006W,0,0.064174354,0.12426035851240158,0.71257483959198,0.503300666809082
YKL035W,YMR060C,0,0.06382878,0.12423873692750931,0.71257483959198,0.5034006834030151
YNL304W,YKR066C,0,0.063724935,0.12421711534261703,0.71257483959198,0.5035006999969482
YGL049C,YIL031W,0,0.063598916,0.12419550865888596,0.71257483959198,0.5036007165908813
YMR273C,YIR028W,0,0.06337266,0.12417390942573547,0.71257483959198,0.5037007331848145
YBR182C,YER089C,1,0.06333779,0.1243262067437172,0.7135728597640991,0.5037007331848145
YDL215C,YHR170W,0,0.063207686,0.12430459260940552,0.7135728597640991,0.5038007497787476
YDR073W,YHL013C,0,0.06304921,0.12428298592567444,0.7135728597640991,0.5039007663726807
YDL111C,YMR076C,0,0.06276059,0.12426138669252396,0.7135728597640991,0.5040007829666138
YPR025C,YMR113W,0,0.062353864,0.12423979490995407,0.7135728597640991,0.5041007995605469
YOL064C,YKR072C,1,0.062346324,0.12439193576574326,0.7145708799362183,0.5041007995605469
YIL173W,YPR034W,0,0.062302455,0.12437032908201218,0.7145708799362183,0.50420081615448
YDL171C,YNL145W,0,0.062233165,0.1243487298488617,0.7145708799362183,0.5043008327484131
YGR217W,YGL113W,0,0.062163576,0.12432713806629181,0.7145708799362183,0.504400908946991
YDR545W,YPL065W,0,0.06159453,0.12430555373430252,0.7145708799362183,0.5045009255409241
YMR291W,YIR013C,0,0.06156978,0.12428397685289383,0.7145708799362183,0.5046009421348572
YNL271C,YJR027W,0,0.061558425,0.12426240742206573,0.7145708799362183,0.5047009587287903
YIR033W,YGL023C,0,0.06141144,0.12424084544181824,0.7145708799362183,0.5048009753227234
YPL150W,YLL061W,0,0.06131482,0.12421929091215134,0.7145708799362183,0.5049009919166565
YPL246C,YGR275W,0,0.0612963,0.12419774383306503,0.7145708799362183,0.5050010085105896
YMR032W,YPR204W,0,0.0608014,0.12417620420455933,0.7145708799362183,0.5051010251045227
YEL047C,YOL137W,0,0.060665146,0.12415467202663422,0.7145708799362183,0.5052010416984558
YDL104C,YHR194W,0,0.060460076,0.1241331472992897,0.7145708799362183,0.5053010582923889
YIL147C,YOR297C,1,0.060446486,0.12428496778011322,0.7155688405036926,0.5053010582923889
YCL057W,YNL283C,0,0.0601065,0.12426342815160751,0.7155688405036926,0.505401074886322
YCR005C,YOR034C,0,0.059877962,0.1242418959736824,0.7155688405036926,0.5055010914802551
YAL024C,YMR087W,0,0.059818864,0.12422037124633789,0.7155688405036926,0.5056011080741882
YGL064C,YKL099C,0,0.059509784,0.12419885396957397,0.7155688405036926,0.5057011246681213
YML004C,YBR089C-A,0,0.05945921,0.12417734414339066,0.7155688405036926,0.5058011412620544
YHL002W,YCL024W,0,0.05944425,0.12415584176778793,0.7155688405036926,0.5059011578559875
YOL101C,YBR080C,0,0.059317663,0.12413434684276581,0.7155688405036926,0.5060011744499207
YHL026C,YMR205C,0,0.059138477,0.12411285936832428,0.7155688405036926,0.5061011910438538
YDR307W,YFL045C,0,0.059097275,0.12409137934446335,0.7155688405036926,0.5062012672424316
YML058W-A,YMR074C,0,0.058909386,0.12406990677118301,0.7155688405036926,0.5063012838363647
YGL049C,YLR185W,0,0.05878134,0.12404844164848328,0.7155688405036926,0.5064013004302979
YKR093W,YDR156W,0,0.057891235,0.12402698397636414,0.7155688405036926,0.506501317024231
YJL118W,YNL066W,0,0.05776584,0.12400553375482559,0.7155688405036926,0.5066013336181641
YML071C,YOL130W,0,0.057657138,0.12398409098386765,0.7155688405036926,0.5067013502120972
YBR132C,YBR086C,1,0.057549924,0.12413554638624191,0.7165668606758118,0.5067013502120972
YJL081C,YLR135W,0,0.057460874,0.12411408871412277,0.7165668606758118,0.5068013668060303
YNL297C,YLL018C-A,0,0.056946054,0.12409263849258423,0.7165668606758118,0.5069013833999634
YPL130W,YCR028C-A,0,0.05689326,0.12407119572162628,0.7165668606758118,0.5070013999938965
YER072W,YLR288C,0,0.05677177,0.12404976040124893,0.7165668606758118,0.5071014165878296
YAL005C,YPL003W,0,0.056651995,0.12402833253145218,0.7165668606758118,0.5072014331817627
YLR399C,YNR037C,0,0.056497917,0.12400691211223602,0.7165668606758118,0.5073014497756958
YDL005C,YDR500C,0,0.056392804,0.12398549169301987,0.7165668606758118,0.5074014663696289
YCR033W,YDR237W,0,0.055940464,0.1239640861749649,0.7165668606758118,0.507501482963562
YDR129C,YHR114W,1,0.05560048,0.12411531060934067,0.7175648808479309,0.507501482963562
YAL063C,YER032W,0,0.055542618,0.12409389019012451,0.7175648808479309,0.5076014995574951
YAL040C,YJR043C,0,0.055343196,0.12407247722148895,0.7175648808479309,0.5077015161514282
YKL008C,YIL047C,0,0.0551441,0.12405107170343399,0.7175648808479309,0.5078015327453613
YLR050C,YIL048W,0,0.054819956,0.12402967363595963,0.7175648808479309,0.5079016089439392
YFL039C,YBR260C,1,0.054677054,0.12418074905872345,0.71856290102005,0.5079016089439392
YLL042C,YNL027W,0,0.054426312,0.12415933609008789,0.71856290102005,0.5080016255378723
YPL283C,YKL191W,0,0.054254055,0.12413793057203293,0.71856290102005,0.5081016421318054
YOR215C,YHR060W,0,0.05407697,0.12411653250455856,0.71856290102005,0.5082016587257385
YDR186C,YGR065C,0,0.054054037,0.1240951418876648,0.71856290102005,0.5083016753196716
YOR008C,YJL012C,0,0.054001495,0.12407375127077103,0.71856290102005,0.5084016919136047
YKL090W,YDR206W,0,0.05391103,0.12405237555503845,0.71856290102005,0.5085017085075378
YBR065C,YBR003W,0,0.05387491,0.12403100728988647,0.71856290102005,0.508601725101471
YMR319C,YPL210C,0,0.053874746,0.1240096464753151,0.71856290102005,0.508701741695404
YMR035W,YBL102W,0,0.053850755,0.12398829311132431,0.71856290102005,0.5088017582893372
YGR030C,YER063W,0,0.053721115,0.12396693974733353,0.71856290102005,0.5089017748832703
YMR295C,YEL032W,0,0.05344625,0.12394560128450394,0.71856290102005,0.5090017914772034
YER125W,YNL219C,0,0.053364933,0.12392427027225494,0.71856290102005,0.5091018080711365
YJL013C,YBR281C,0,0.053310588,0.12390293926000595,0.71856290102005,0.5092018246650696
YDR361C,YDR492W,0,0.05313514,0.12388162314891815,0.71856290102005,0.5093018412590027
YLL017W,YKL046C,0,0.053123564,0.12386031448841095,0.71856290102005,0.5094018578529358
YLR292C,YOR291W,0,0.05288215,0.12383900582790375,0.71856290102005,0.5095018744468689
YKR029C,YPR035W,0,0.052852973,0.12381771206855774,0.71856290102005,0.509601891040802
YPL029W,YLR011W,0,0.052618086,0.12379642575979233,0.71856290102005,0.5097019672393799
YNL192W,YOR017W,0,0.05196041,0.12377513945102692,0.71856290102005,0.509801983833313
YGR287C,YMR313C,0,0.051592395,0.1237538680434227,0.71856290102005,0.5099020004272461
YOL090W,YOR383C,0,0.05139102,0.12373259663581848,0.71856290102005,0.5100020170211792
YOR241W,YPL053C,0,0.051365018,0.12371134012937546,0.71856290102005,0.5101020336151123
YMR058W,YGR166W,0,0.05085902,0.12369009107351303,0.71856290102005,0.5102020502090454
YOR122C,YBR016W,1,0.050782874,0.12384060770273209,0.7195608615875244,0.5102020502090454
YKL211C,YLL067C,0,0.050694063,0.12381933629512787,0.7195608615875244,0.5103020668029785
YER137C,YDL104C,0,0.05065833,0.12379807978868484,0.7195608615875244,0.5104020833969116
YJL059W,YIL064W,0,0.05039303,0.12377682328224182,0.7195608615875244,0.5105020999908447
YDL004W,YGR276C,0,0.05024369,0.12375558167695999,0.7195608615875244,0.5106021165847778
YBL004W,YLR155C,0,0.05006714,0.12373434007167816,0.7195608615875244,0.5107021331787109
YJL141C,YKL152C,0,0.04966648,0.12371310591697693,0.7195608615875244,0.510802149772644
YMR172W,YLR138W,1,0.04912445,0.12386344373226166,0.7205588817596436,0.510802149772644
YMR156C,YPL283C,0,0.049120724,0.12384219467639923,0.7205588817596436,0.5109021663665771
YLR307W,YDR075W,0,0.04874873,0.123820960521698,0.7205588817596436,0.5110021829605103
YGR227W,YGR125W,0,0.047991157,0.12379972636699677,0.7205588817596436,0.5111021995544434
YOL115W,YJL113W,0,0.047719255,0.12377849966287613,0.7205588817596436,0.5112022161483765
YNL202W,YCL034W,0,0.04745464,0.12375728785991669,0.7205588817596436,0.5113022327423096
YGL127C,YBR274W,0,0.04743232,0.12373607605695724,0.7205588817596436,0.5114023089408875
YLR103C,YIL080W,0,0.04742281,0.1237148717045784,0.7205588817596436,0.5115023255348206
YER075C,YPL047W,0,0.04712303,0.12369367480278015,0.7205588817596436,0.5116023421287537
YIL020C,YDR244W,0,0.04707162,0.1236724928021431,0.7205588817596436,0.5117023587226868
YDR078C,YBR008C,0,0.046850607,0.12365131080150604,0.7205588817596436,0.5118023753166199
YKR080W,YFR055W,0,0.046727523,0.12363013625144958,0.7205588817596436,0.511902391910553
YIR039C,YNR051C,0,0.0464956,0.12360896915197372,0.7205588817596436,0.5120024085044861
YDR311W,YDR004W,0,0.04639958,0.12358780950307846,0.7205588817596436,0.5121024250984192
YDR162C,YHR206W,1,0.046160087,0.12373780459165573,0.7215569019317627,0.5121024250984192
YHL031C,YBR257W,0,0.045983717,0.12371663004159927,0.7215569019317627,0.5122024416923523
YMR119W,YJR051W,0,0.045732096,0.12369546294212341,0.7215569019317627,0.5123024582862854
YJL225C,YGL224C,0,0.045627713,0.12367431074380875,0.7215569019317627,0.5124024748802185
YDR372C,YPL049C,0,0.04551454,0.12365315854549408,0.7215569019317627,0.5125024914741516
YKR079C,YPL252C,0,0.045265526,0.12363201379776001,0.7215569019317627,0.5126025080680847
YMR052W,YLR359W,0,0.04485731,0.12361087650060654,0.7215569019317627,0.5127025246620178
YLR386W,YFR044C,0,0.044747278,0.12358974665403366,0.7215569019317627,0.5128025412559509
YDR165W,YIR007W,0,0.044468313,0.12356862425804138,0.7215569019317627,0.512902557849884
YNL139C,YLR301W,0,0.044184923,0.1235475018620491,0.7215569019317627,0.5130025744438171
YPR029C,YDL074C,0,0.044059858,0.12352639436721802,0.7215569019317627,0.5131025910377502
YKL060C,YOR130C,0,0.04399216,0.12350529432296753,0.7215569019317627,0.5132026672363281
YDL215C,YDL079C,0,0.043291554,0.12348420172929764,0.7215569019317627,0.5133026838302612
YOR028C,YHR206W,1,0.04325749,0.12363387644290924,0.7225548624992371,0.5133026838302612
YOR122C,YCL032W,1,0.0431803,0.12378350645303726,0.7235528826713562,0.5133026838302612
YLR359W,YJR125C,0,0.04302883,0.12376237660646439,0.7235528826713562,0.5134027004241943
YDR343C,YJR133W,0,0.042575285,0.1237412542104721,0.7235528826713562,0.5135027170181274
YKL048C,YDR233C,0,0.041915357,0.12372013926506042,0.7235528826713562,0.5136027336120605
YKL008C,YKL141W,0,0.041779354,0.12369902431964874,0.7235528826713562,0.5137027502059937
YGR172C,YHL015W,0,0.041529983,0.12367792427539825,0.7235528826713562,0.5138027667999268
YHR014W,YML123C,0,0.04129213,0.12365683168172836,0.7235528826713562,0.5139027833938599
YBR115C,YNL131W,0,0.04071094,0.12363574653863907,0.7235528826713562,0.514002799987793
YHR014W,YGL100W,0,0.04047157,0.12361466139554977,0.7235528826713562,0.5141028165817261
YLR350W,YER150W,0,0.040380567,0.12359359115362167,0.7235528826713562,0.5142028331756592
YGR163W,YDR294C,0,0.04021828,0.12357252091169357,0.7235528826713562,0.5143028497695923
YBR189W,YDL022W,0,0.040084943,0.12355146557092667,0.7235528826713562,0.5144028663635254
YNL161W,YDR210W,0,0.039469227,0.12353041768074036,0.7235528826713562,0.5145028829574585
YML121W,YMR091C,0,0.039390445,0.12350936979055405,0.7235528826713562,0.5146028995513916
YFR055W,YDL232W,0,0.039314598,0.12348832935094833,0.7235528826713562,0.5147029161453247
YHR170W,YMR123W,0,0.039276943,0.12346730381250381,0.7235528826713562,0.5148029327392578
YPL029W,YOR106W,0,0.039253086,0.1234462782740593,0.7235528826713562,0.5149030089378357
YGL236C,YJR002W,0,0.03918223,0.12342526018619537,0.7235528826713562,0.5150030255317688
YGL005C,YML099C,0,0.03907554,0.12340425699949265,0.7235528826713562,0.5151030421257019
YDR354W,YIL063C,0,0.039064303,0.12338325381278992,0.7235528826713562,0.515203058719635
YKL022C,YDL066W,0,0.039031357,0.12336225807666779,0.7235528826713562,0.5153030753135681
YDR039C,YLR274W,0,0.038737908,0.12334126979112625,0.7235528826713562,0.5154030919075012
YHR001W,YNL073W,0,0.03857924,0.12332028895616531,0.7235528826713562,0.5155031085014343
YCL064C,YPL212C,0,0.038329467,0.12329932302236557,0.7235528826713562,0.5156031250953674
YMR134W,YER014W,0,0.03831415,0.12327835708856583,0.7235528826713562,0.5157031416893005
YDR471W,YNL300W,0,0.038274422,0.12325739860534668,0.7235528826713562,0.5158031582832336
YBR093C,YGR070W,0,0.03806357,0.12323644757270813,0.7235528826713562,0.5159031748771667
YHR030C,YER115C,0,0.038011387,0.12321549654006958,0.7235528826713562,0.5160031914710999
YNL264C,YOR262W,0,0.037677616,0.12319456040859222,0.7235528826713562,0.516103208065033
YIL158W,YEL062W,0,0.03765686,0.12317363172769547,0.7235528826713562,0.5162032246589661
YGL246C,YPL094C,0,0.037604317,0.1231527104973793,0.7235528826713562,0.5163032412528992
YBR274W,YEL027W,0,0.037595004,0.12313179671764374,0.7235528826713562,0.5164032578468323
YIL118W,YPL164C,0,0.037524447,0.12311088293790817,0.7235528826713562,0.5165032744407654
YLR314C,YBL011W,0,0.037277,0.1230899840593338,0.7235528826713562,0.5166032910346985
YDR394W,YLL014W,0,0.03724645,0.12306908518075943,0.7235528826713562,0.5167033672332764
YKR042W,YER006W,0,0.036948174,0.12304820120334625,0.7235528826713562,0.5168033838272095
YPL239W,YPL059W,1,0.036874935,0.12319701164960861,0.7245509028434753,0.5168033838272095
YDL102W,YAL028W,0,0.036773726,0.12317611277103424,0.7245509028434753,0.5169034004211426
YLR004C,YLR383W,0,0.036732852,0.12315521389245987,0.7245509028434753,0.5170034170150757
YDR162C,YBR260C,1,0.036645263,0.12330393493175507,0.7255489230155945,0.5170034170150757
YPL173W,YKL190W,0,0.036577135,0.1232830286026001,0.7255489230155945,0.5171034336090088
YOR030W,YOR001W,0,0.036486283,0.12326212227344513,0.7255489230155945,0.5172034502029419
YGR041W,YLR394W,0,0.036462232,0.12324123084545135,0.7255489230155945,0.517303466796875
YGL111W,YPL113C,0,0.036023468,0.12322033941745758,0.7255489230155945,0.5174034833908081
YPL254W,YOR011W,0,0.03595905,0.1231994554400444,0.7255489230155945,0.5175034999847412
YOR327C,YDR206W,0,0.035920605,0.12317858636379242,0.7255489230155945,0.5176035165786743
YDR484W,YOR149C,0,0.03588669,0.12315771728754044,0.7255489230155945,0.5177035331726074
YLR342W,YDR030C,0,0.035784736,0.12313685566186905,0.7255489230155945,0.5178035497665405
YGR185C,YMR137C,0,0.035478428,0.12311600148677826,0.7255489230155945,0.5179035663604736
YCR036W,YGR229C,0,0.035188094,0.12309515476226807,0.7255489230155945,0.5180035829544067
YHR084W,YDR378C,0,0.034860358,0.12307431548833847,0.7255489230155945,0.5181035995483398
YPL181W,YNL299W,0,0.034657195,0.12305348366498947,0.7255489230155945,0.518203616142273
YPR008W,YLR449W,0,0.034547567,0.12303265929222107,0.7255489230155945,0.518303632736206
YBR086C,YHL007C,1,0.034359694,0.12318105250597,0.7265468835830688,0.518303632736206
YMR323W,YPL108W,0,0.03398563,0.1231602132320404,0.7265468835830688,0.5184037089347839
YDR296W,YKL092C,0,0.03394316,0.12313937395811081,0.7265468835830688,0.518503725528717
YDR201W,YPL221W,0,0.03390768,0.12311854958534241,0.7265468835830688,0.5186037421226501
YER011W,YNL082W,0,0.03389421,0.1230977326631546,0.7265468835830688,0.5187037587165833
YFR046C,YGL022W,0,0.033336475,0.1230769231915474,0.7265468835830688,0.5188037753105164
YGR227W,YOL104C,0,0.03325014,0.12305612117052078,0.7265468835830688,0.5189037919044495
YGL111W,YJL099W,0,0.033218235,0.12303531914949417,0.7265468835830688,0.5190038084983826
YOR177C,YPL249C-A,0,0.032931104,0.12301453202962875,0.7265468835830688,0.5191038250923157
YIL157C,YKR060W,0,0.032722548,0.12299375236034393,0.7265468835830688,0.5192038416862488
YJL212C,YML133C,0,0.032648966,0.12297297269105911,0.7265468835830688,0.5193038582801819
YBR260C,YBR132C,1,0.032637075,0.12312109768390656,0.727544903755188,0.5193038582801819
YNL317W,YER015W,0,0.03218025,0.12310030311346054,0.727544903755188,0.519403874874115
YMR242C,YOR360C,0,0.0320787,0.12307952344417572,0.727544903755188,0.5195038914680481
YJR035W,YHR035W,0,0.03172691,0.1230587437748909,0.727544903755188,0.5196039080619812
YML114C,YFR033C,0,0.031472564,0.12303797155618668,0.727544903755188,0.5197039246559143
YOR231W,YJR090C,0,0.031382933,0.12301721423864365,0.727544903755188,0.5198039412498474
YJL104W,YKL086W,0,0.031160817,0.12299645692110062,0.727544903755188,0.5199039578437805
YOR122C,YDR162C,1,0.030620977,0.12314440310001373,0.7285429239273071,0.5199039578437805
YKL211C,YKR089C,0,0.030416667,0.12312363088130951,0.7285429239273071,0.5200039744377136
YLR020C,YIR013C,0,0.030334547,0.12310286611318588,0.7285429239273071,0.5201039910316467
YDR420W,YDL010W,1,0.03021738,0.12325071543455124,0.7295409440994263,0.5201039910316467
YGL096W,YBR088C,0,0.030083314,0.12322993576526642,0.7295409440994263,0.5202040672302246
YBR170C,YOL124C,0,0.030071005,0.12320917099714279,0.7295409440994263,0.5203040838241577
YHR216W,YMR149W,0,0.02989225,0.12318840622901917,0.7295409440994263,0.5204041004180908
YPL096W,YJL160C,0,0.029240176,0.12316764891147614,0.7295409440994263,0.5205041170120239
YLR453C,YHR178W,0,0.02900733,0.1231468990445137,0.7295409440994263,0.520604133605957
YBL047C,YDR444W,0,0.028896034,0.12312615662813187,0.7295409440994263,0.5207041501998901
YJL081C,YHR033W,0,0.028641686,0.12310542166233063,0.7295409440994263,0.5208041667938232
YPL262W,YDR207C,0,0.02849783,0.12308469414710999,0.7295409440994263,0.5209041833877563
YNL026W,YMR220W,0,0.02795273,0.12306397408246994,0.7295409440994263,0.5210041999816895
YLR411W,YLL004W,0,0.027530074,0.12304326146841049,0.7295409440994263,0.5211042165756226
YCR030C,YMR284W,0,0.027498856,0.12302254885435104,0.7295409440994263,0.5212042331695557
YMR214W,YOR256C,0,0.027284682,0.12300185114145279,0.7295409440994263,0.5213042497634888
YNR051C,YCR105W,0,0.02710326,0.12298116087913513,0.7295409440994263,0.5214042663574219
YHR143W-A,YPL259C,0,0.026691154,0.12296047061681747,0.7295409440994263,0.521504282951355
YDR540C,YKL080W,0,0.026621252,0.12293978780508041,0.7295409440994263,0.5216042995452881
YLR297W,YML011C,0,0.026593193,0.12291911989450455,0.7295409440994263,0.5217043161392212
YDR350C,YER127W,0,0.026408985,0.12289845198392868,0.7295409440994263,0.5218043327331543
YOR181W,YPR005C,1,0.025920868,0.1230458915233612,0.7305389046669006,0.5218043327331543
YMR231W,YOR378W,0,0.025914386,0.12302520871162415,0.7305389046669006,0.5219044089317322
YIL080W,YML130C,0,0.025663212,0.12300453335046768,0.7305389046669006,0.5220044255256653
YDL022W,YMR037C,1,0.025437444,0.12315188348293304,0.7315369248390198,0.5220044255256653
YCL030C,YOR321W,0,0.025367662,0.12313119322061539,0.7315369248390198,0.5221044421195984
YBR094W,YDL236W,0,0.025336042,0.12311051040887833,0.7315369248390198,0.5222044587135315
YNL131W,YGL187C,0,0.024565533,0.12308984249830246,0.7315369248390198,0.5223044753074646
YPL268W,YPL105C,0,0.024377286,0.12306917458772659,0.7315369248390198,0.5224044919013977
YBR016W,YPL059W,1,0.023674592,0.12321638315916061,0.7325349450111389,0.5224044919013977
YOR109W,YPL208W,0,0.02353929,0.12319570034742355,0.7325349450111389,0.5225045084953308
YJR109C,YHR033W,0,0.022236213,0.12317503243684769,0.7325349450111389,0.5226045250892639
YHR037W,YIL066C,0,0.021990389,0.12315436452627182,0.7325349450111389,0.522704541683197
YGR284C,YCR012W,0,0.021803513,0.12313370406627655,0.7325349450111389,0.5228045582771301
YJL069C,YHR150W,0,0.021582082,0.12311305105686188,0.7325349450111389,0.5229045748710632
YGL125W,YLR337C,0,0.021249622,0.1230924054980278,0.7325349450111389,0.5230045914649963
YPL032C,YIL037C,0,0.02117376,0.12307176738977432,0.7325349450111389,0.5231046080589294
YAL019W,YOL004W,0,0.021124572,0.12305112928152084,0.7325349450111389,0.5232046246528625
YLR440C,YPL042C,0,0.020776808,0.12303050607442856,0.7325349450111389,0.5233046412467957
YLR113W,YOR047C,1,0.020193756,0.12317747622728348,0.7335329055786133,0.5233046412467957
YCR020W-B,YGR144W,0,0.019441962,0.12315683811903,0.7335329055786133,0.5234046578407288
YGR125W,YOR123C,0,0.019302472,0.12313620001077652,0.7335329055786133,0.5235046744346619
YBL011W,YAL048C,0,0.01906474,0.12311557680368423,0.7335329055786133,0.5236047506332397
YOR064C,YHR029C,0,0.018564954,0.12309496104717255,0.7335329055786133,0.5237047672271729
YPR083W,YAL015C,0,0.018480077,0.12307434529066086,0.7335329055786133,0.523804783821106
YIL053W,YJL184W,1,0.018304184,0.12322115898132324,0.7345309257507324,0.523804783821106
YLR035C,YKL194C,0,0.018154487,0.12320053577423096,0.7345309257507324,0.5239048004150391
YIL075C,YOR123C,0,0.018057272,0.12317992001771927,0.7345309257507324,0.5240048170089722
YDR345C,YBR043C,0,0.017683491,0.12315930426120758,0.7345309257507324,0.5241048336029053
YPL237W,YNL167C,0,0.017432377,0.12313869595527649,0.7345309257507324,0.5242048501968384
YIL159W,YHR114W,1,0.017368034,0.12328538298606873,0.7355289459228516,0.5242048501968384
YIL073C,YJL139C,0,0.016910866,0.12326475977897644,0.7355289459228516,0.5243048667907715
YBR104W,YOR153W,0,0.016734675,0.12324414402246475,0.7355289459228516,0.5244048833847046
YAR066W,YDR522C,0,0.016635984,0.12322354316711426,0.7355289459228516,0.5245048999786377
YKR044W,YCL024W,0,0.016303405,0.12320294231176376,0.7355289459228516,0.5246049165725708
YPL218W,YOR132W,0,0.016165867,0.12318234890699387,0.7355289459228516,0.5247049331665039
YOR251C,YGR143W,0,0.016077042,0.12316176295280457,0.7355289459228516,0.524804949760437
YBR042C,YJR109C,0,0.015936568,0.12314118444919586,0.7355289459228516,0.5249049663543701
YBR216C,YPL030W,0,0.015771821,0.12312061339616776,0.7355289459228516,0.5250049829483032
YDR085C,YJR133W,0,0.015729025,0.12310004979372025,0.7355289459228516,0.5251049995422363
YBR141C,YPL096W,0,0.015516326,0.12307949364185333,0.7355289459228516,0.5252050161361694
YMR074C,YNL278W,0,0.015457302,0.12305894494056702,0.7355289459228516,0.5253050327301025
YGL093W,YJR147W,0,0.015343353,0.1230383962392807,0.7355289459228516,0.5254051089286804
YHR110W,YNL186W,0,0.015143827,0.12301786243915558,0.7355289459228516,0.5255051255226135
YMR156C,YEL009C,0,0.014199004,0.12299732863903046,0.7355289459228516,0.5256051421165466
YLL052C,YDR146C,0,0.014018878,0.12297680974006653,0.7355289459228516,0.5257051587104797
YMR106C,YJR109C,0,0.013798684,0.1229562908411026,0.7355289459228516,0.5258051753044128
YMR321C,YIL148W,0,0.013709798,0.12293577939271927,0.7355289459228516,0.525905191898346
YOL116W,YLR336C,1,0.013585821,0.12308205664157867,0.7365269660949707,0.525905191898346
YOL052C,YDL064W,0,0.013555139,0.12306153029203415,0.7365269660949707,0.526005208492279
YPL234C,YOR351C,0,0.013514802,0.12304101139307022,0.7365269660949707,0.5261052250862122
YBL112C,YPL096W,0,0.013514414,0.12302049994468689,0.7365269660949707,0.5262052416801453
YCR038C,YHL001W,0,0.013300508,0.12300000339746475,0.7365269660949707,0.5263052582740784
YDL079C,YGR288W,0,0.013260394,0.12297950685024261,0.7365269660949707,0.5264052748680115
YGL175C,YMR273C,0,0.013174787,0.12295901030302048,0.7365269660949707,0.5265052914619446
YDR300C,YMR015C,0,0.012772515,0.12293852865695953,0.7365269660949707,0.5266053080558777
YDL010W,YKL203C,0,0.012768969,0.12291805446147919,0.7365269660949707,0.5267053246498108
YLR325C,YGR065C,0,0.012764916,0.12289758771657944,0.7365269660949707,0.5268053412437439
YNL327W,YNR026C,0,0.012559816,0.12287712097167969,0.7365269660949707,0.526905357837677
YGR161C,YKL054C,0,0.012314662,0.12285666912794113,0.7365269660949707,0.5270053744316101
YDR129C,YOR181W,1,0.012131155,0.12300266325473785,0.7375249266624451,0.5270053744316101
YBR038W,YHL050C,0,0.011790425,0.1229821965098381,0.7375249266624451,0.527105450630188
YER119C,YKR081C,0,0.011695668,0.12296172976493835,0.7375249266624451,0.5272054672241211
YIL083C,YNL279W,0,0.011423811,0.1229412779211998,0.7375249266624451,0.5273054838180542
YHL031C,YHL050C,0,0.011358723,0.12292082607746124,0.7375249266624451,0.5274055004119873
YNL083W,YLR244C,0,0.011290044,0.12290038168430328,0.7375249266624451,0.5275055170059204
YDR075W,YFL005W,0,0.011134133,0.12287994474172592,0.7375249266624451,0.5276055335998535
YDL018C,YBL076C,0,0.011110395,0.12285951524972916,0.7375249266624451,0.5277055501937866
YDL066W,YDR273W,0,0.011095017,0.12283909320831299,0.7375249266624451,0.5278055667877197
YER118C,YOR297C,1,0.010469675,0.122984878718853,0.7385229468345642,0.5278055667877197
YDR273W,YDR025W,0,0.010344923,0.12296444177627563,0.7385229468345642,0.5279055833816528
YER115C,YNL307C,0,0.009594634,0.12294401228427887,0.7385229468345642,0.5280055999755859
YOR193W,YEL005C,0,0.009377703,0.1229235902428627,0.7385229468345642,0.528105616569519
YGR142W,YOR159C,0,0.008642003,0.12290317565202713,0.7385229468345642,0.5282056331634521
YGR125W,YML111W,0,0.008529529,0.12288276106119156,0.7385229468345642,0.5283056497573853
YDL119C,YLR248W,0,0.008474663,0.12286236137151718,0.7385229468345642,0.5284056663513184
YPL187W,YPR148C,0,0.00831975,0.1228419691324234,0.7385229468345642,0.5285056829452515
YHR154W,YOR140W,0,0.008269548,0.12282157689332962,0.7385229468345642,0.5286056995391846
YDR324C,YCR023C,0,0.008259997,0.12280119210481644,0.7385229468345642,0.5287057161331177
YKR019C,YPR035W,0,0.008245587,0.12278082221746445,0.7385229468345642,0.5288057327270508
YNR030W,YBR061C,0,0.008049563,0.12276045233011246,0.7385229468345642,0.5289058089256287
YNL076W,YPL233W,0,0.007480994,0.12274008989334106,0.7385229468345642,0.5290058255195618
YGL240W,YOR007C,0,0.0072917193,0.12271973490715027,0.7385229468345642,0.5291058421134949
YBR016W,YNL271C,1,0.0072442144,0.12286520004272461,0.7395209670066833,0.5291058421134949
YPR071W,YLL053C,0,0.007130593,0.12284483015537262,0.7395209670066833,0.529205858707428
YMR263W,YPL131W,0,0.007123515,0.12282446771860123,0.7395209670066833,0.5293058753013611
YHL031C,YBR004C,0,0.0069701374,0.12280411273241043,0.7395209670066833,0.5294058918952942
YLR431C,YGL170C,0,0.0066604167,0.12278375774621964,0.7395209670066833,0.5295059084892273
YKL161C,YGR128C,0,0.006610453,0.12276341766119003,0.7395209670066833,0.5296059250831604
YBR103W,YFR009W,0,0.0065402836,0.12274308502674103,0.7395209670066833,0.5297059416770935
YER125W,YIL080W,0,0.006435007,0.12272275239229202,0.7395209670066833,0.5298059582710266
YGL121C,YLR051C,0,0.0062087327,0.12270243465900421,0.7395209670066833,0.5299059748649597
YOR388C,YMR135C,0,0.006008461,0.1226821169257164,0.7395209670066833,0.5300059914588928
YLR027C,YNL152W,0,0.0058203787,0.12266181409358978,0.7395209670066833,0.5301060080528259
YNL067W,YDL159W,0,0.005128637,0.12264151126146317,0.7395209670066833,0.530206024646759
YLR006C,YOR297C,1,0.004980728,0.12278669327497482,0.7405189871788025,0.530206024646759
YDL028C,YML062C,0,0.004809901,0.12276638299226761,0.7405189871788025,0.5303060412406921
YOL040C,YFL050C,0,0.004483983,0.1227460727095604,0.7405189871788025,0.5304060578346252
YGR060W,YMR145C,0,0.0043846816,0.12272576987743378,0.7405189871788025,0.5305060744285583
YGR240C,YNL326C,0,0.004382327,0.12270547449588776,0.7405189871788025,0.5306061506271362
YNL056W,YBL063W,0,0.004281983,0.12268518656492233,0.7405189871788025,0.5307061672210693
YKR049C,YJL181W,0,0.0040406883,0.1226649060845375,0.7405189871788025,0.5308061838150024
YBR162W-A,YMR015C,0,0.0040029436,0.12264462560415268,0.7405189871788025,0.5309062004089355
YCR088W,YJL060W,0,0.0033207685,0.12262436002492905,0.7405189871788025,0.5310062170028687
YBR243C,YOR060C,0,0.0031909794,0.12260409444570541,0.7405189871788025,0.5311062335968018
YNL023C,YLR189C,0,0.0030422807,0.12258384376764297,0.7405189871788025,0.5312062501907349
YGL236C,YJL034W,0,0.002965793,0.12256359308958054,0.7405189871788025,0.531306266784668
YER177W,YER123W,0,0.0029605776,0.1225433498620987,0.7405189871788025,0.5314062833786011
YJR017C,YNL177C,0,0.0029022545,0.12252311408519745,0.7405189871788025,0.5315062999725342
YGL170C,YER063W,0,0.0025799721,0.1225028857588768,0.7405189871788025,0.5316063165664673
YDR499W,YDR175C,0,0.0025551766,0.12248266488313675,0.7405189871788025,0.5317063331604004
YGL087C,YFR047C,0,0.0023911148,0.1224624514579773,0.7405189871788025,0.5318063497543335
YLR055C,YDR515W,0,0.002292484,0.12244224548339844,0.7405189871788025,0.5319063663482666
YPL072W,YER178W,0,0.0018163174,0.12242203950881958,0.7405189871788025,0.5320063829421997
YDR007W,YOR335C,0,0.0016743392,0.12240184843540192,0.7405189871788025,0.5321063995361328
YIL096C,YKL055C,0,0.0016434789,0.12238165736198425,0.7405189871788025,0.5322064161300659
YLR401C,YGL032C,0,0.0014662892,0.12236148118972778,0.7405189871788025,0.532306432723999
YCR009C,YDR168W,1,0.0014591813,0.12250618636608124,0.7415169477462769,0.532306432723999
YOR034C,YJL095W,0,0.0014418811,0.12248598784208298,0.7415169477462769,0.5324065089225769
YBR276C,YCR038C,0,0.00068077445,0.12246579676866531,0.7415169477462769,0.53250652551651
YDL105W,YML025C,0,0.0005977154,0.12244561314582825,0.7415169477462769,0.5326065421104431
YPL168W,YHR074W,0,0.00051532686,0.12242544442415237,0.7415169477462769,0.5327065587043762
YPR183W,YEL069C,0,0.0003620237,0.1224052682518959,0.7415169477462769,0.5328065752983093
YCL026C-A,YIL147C,0,0.00012388825,0.12238510698080063,0.7415169477462769,0.5329065918922424
YER154W,YNL278W,0,-7.2568655e-05,0.12236495316028595,0.7415169477462769,0.5330066084861755
YOR355W,YDL052C,0,-0.00016330183,0.12234480679035187,0.7415169477462769,0.5331066250801086
YBR118W,YCR093W,0,-0.00042641163,0.12232466042041779,0.7415169477462769,0.5332066416740417
YBL018C,YNL231C,0,-0.0007172525,0.1223045289516449,0.7415169477462769,0.5333066582679749
YMR101C,YLR284C,0,-0.001022771,0.12228439748287201,0.7415169477462769,0.533406674861908
YIL128W,YDL097C,0,-0.0010627359,0.12226427346467972,0.7415169477462769,0.5335066914558411
YJR112W,YMR075W,0,-0.001092732,0.12224415689706802,0.7415169477462769,0.5336067080497742
YNL069C,YLR226W,0,-0.0011137426,0.12222404778003693,0.7415169477462769,0.5337067246437073
YBR217W,YDL003W,0,-0.001339063,0.12220394611358643,0.7415169477462769,0.5338067412376404
YGL049C,YNL058C,0,-0.0013899952,0.12218385189771652,0.7415169477462769,0.5339067578315735
YDR051C,YBR106W,0,-0.0014027059,0.12216376513242722,0.7415169477462769,0.5340067744255066
YFL049W,YKR072C,0,-0.0014187843,0.12214367836713791,0.7415169477462769,0.5341068506240845
YPL225W,YOR106W,0,-0.0015423,0.1221236065030098,0.7415169477462769,0.5342068672180176
YNR054C,YDR519W,0,-0.0016792566,0.12210353463888168,0.7415169477462769,0.5343068838119507
YDR170C,YGR057C,0,-0.0021337122,0.12208347022533417,0.7415169477462769,0.5344069004058838
YGR005C,YFL034C-B,0,-0.0021578819,0.12206341326236725,0.7415169477462769,0.5345069169998169
YKR069W,YDR034C,0,-0.00239034,0.12204336374998093,0.7415169477462769,0.53460693359375
YDL087C,YOL011W,0,-0.0025909692,0.1220233216881752,0.7415169477462769,0.5347069501876831
YHR051W,YDR451C,0,-0.0032990128,0.12200328707695007,0.7415169477462769,0.5348069667816162
YPL239W,YBR086C,1,-0.0033668578,0.12214743345975876,0.742514967918396,0.5348069667816162
YML057W,YDR386W,0,-0.0035242736,0.12212737649679184,0.742514967918396,0.5349069833755493
YKL006W,YCL045C,0,-0.003585279,0.12210733443498611,0.742514967918396,0.5350069999694824
YDL106C,YBR126C,0,-0.0041337907,0.12208729982376099,0.742514967918396,0.5351070165634155
YIR008C,YNL124W,0,-0.004198,0.12206726521253586,0.742514967918396,0.5352070331573486
YDR221W,YNL095C,0,-0.004199639,0.12204724550247192,0.742514967918396,0.5353070497512817
YGR007W,YPL063W,0,-0.004226193,0.12202722579240799,0.742514967918396,0.5354070663452148
YLL012W,YHR128W,0,-0.0043727756,0.12200721353292465,0.742514967918396,0.535507082939148
YPR181C,YJL020C,0,-0.0048198253,0.12198720872402191,0.742514967918396,0.535607099533081
YOR043W,YBR086C,1,-0.005058095,0.12213114649057388,0.7435129880905151,0.535607099533081
YBR038W,YBL008W,0,-0.005088374,0.12211112678050995,0.7435129880905151,0.5357071161270142
YGL139W,YER062C,0,-0.0053204596,0.12209111452102661,0.7435129880905151,0.5358071327209473
YHR110W,YLR345W,0,-0.0053786337,0.12207110971212387,0.7435129880905151,0.5359072089195251
YLR005W,YJL140W,0,-0.005636126,0.12205111235380173,0.7435129880905151,0.5360072255134583
YNL164C,YGR224W,0,-0.0057359487,0.12203112244606018,0.7435129880905151,0.5361072421073914
YNL245C,YLR300W,0,-0.0057380497,0.12201113998889923,0.7435129880905151,0.5362072587013245
YLL042C,YHR135C,0,-0.0059638023,0.12199115753173828,0.7435129880905151,0.5363072752952576
YKL119C,YCR107W,0,-0.0061917454,0.12197118252515793,0.7435129880905151,0.5364072918891907
YNL037C,YBR302C,0,-0.006213054,0.12195122241973877,0.7435129880905151,0.5365073084831238
YER028C,YDR002W,0,-0.006282702,0.12193126231431961,0.7435129880905151,0.5366073250770569
YOR297C,YBR086C,1,-0.0063224733,0.12207494676113129,0.7445109486579895,0.5366073250770569
YKL180W,YER098W,0,-0.0063488632,0.12205497175455093,0.7445109486579895,0.53670734167099
YNL190W,YPL239W,1,-0.0063536167,0.12219859659671783,0.7455089688301086,0.53670734167099
YPL223C,YJR063W,0,-0.0063551813,0.12217860668897629,0.7455089688301086,0.5368073582649231
YMR109W,YNL091W,1,-0.006371036,0.12232215702533722,0.7465069890022278,0.5368073582649231
YDR419W,YPL139C,0,-0.006375879,0.12230215966701508,0.7465069890022278,0.5369073748588562
YPR029C,YGL233W,0,-0.006566912,0.12228216230869293,0.7465069890022278,0.5370073914527893
YKR072C,YHR026W,0,-0.006643161,0.12226217985153198,0.7465069890022278,0.5371074080467224
YHR002W,YPL108W,0,-0.007015601,0.12224219739437103,0.7465069890022278,0.5372074246406555
YFR046C,YPL137C,0,-0.007196024,0.12222222238779068,0.7465069890022278,0.5373074412345886
YDL153C,YJL160C,0,-0.007295683,0.12220225483179092,0.7465069890022278,0.5374074578285217
YOL101C,YOL041C,0,-0.0077816546,0.12218229472637177,0.7465069890022278,0.5375074744224548
YML052W,YNL297C,0,-0.007979915,0.1221623420715332,0.7465069890022278,0.5376075506210327
YFR016C,YMR240C,0,-0.008016512,0.12214238941669464,0.7465069890022278,0.5377075672149658
YER018C,YMR179W,0,-0.008066371,0.12212245166301727,0.7465069890022278,0.5378075838088989
YCL044C,YNR075W,0,-0.0081336945,0.1221025139093399,0.7465069890022278,0.537907600402832
YNL265C,YGR181W,0,-0.008416742,0.12208258360624313,0.7465069890022278,0.5380076169967651
YDL246C,YIL008W,0,-0.008417115,0.12206266075372696,0.7465069890022278,0.5381076335906982
YJL111W,YGL184C,0,-0.008533761,0.12204274535179138,0.7465069890022278,0.5382076501846313
YOR321W,YKR028W,0,-0.008799985,0.1220228374004364,0.7465069890022278,0.5383076667785645
YLR259C,YFR018C,0,-0.008918926,0.12200293689966202,0.7465069890022278,0.5384076833724976
YBR102C,YNR013C,0,-0.00896354,0.12198303639888763,0.7465069890022278,0.5385076999664307
YOR172W,YIL170W,0,-0.009135649,0.12196315079927444,0.7465069890022278,0.5386077165603638
YBR260C,YLR319C,1,-0.009139746,0.12210629135370255,0.7475050091743469,0.5386077165603638
YIL053W,YNL190W,1,-0.009197786,0.12224938720464706,0.7485029697418213,0.5386077165603638
YLR310C,YGR235C,0,-0.009342894,0.12222946435213089,0.7485029697418213,0.5387077331542969
YDR129C,YBR016W,1,-0.009531006,0.12237249314785004,0.7495009899139404,0.5387077331542969
YHR108W,YMR276W,0,-0.009628922,0.12235255539417267,0.7495009899139404,0.53880774974823
YGL162W,YGL257C,0,-0.009835109,0.1223326250910759,0.7495009899139404,0.5389077663421631
YBR243C,YCL010C,0,-0.009942919,0.12231270223855972,0.7495009899139404,0.5390077829360962
YOR141C,YPL246C,0,-0.01007624,0.12229278683662415,0.7495009899139404,0.5391077995300293
YHR079C,YOR126C,0,-0.010370463,0.12227287888526917,0.7495009899139404,0.5392078161239624
YGL216W,YDR470C,0,-0.010490775,0.12225297093391418,0.7495009899139404,0.5393078327178955
YNL229C,YIL131C,0,-0.010788009,0.1222330704331398,0.7495009899139404,0.5394079089164734
YDR006C,YGL151W,0,-0.010876909,0.12221318483352661,0.7495009899139404,0.5395079255104065
YGR222W,YLR308W,0,-0.011048913,0.12219329923391342,0.7495009899139404,0.5396079421043396
YDL028C,YGR057C,0,-0.011143878,0.12217342108488083,0.7495009899139404,0.5397079586982727
YGL096W,YMR242C,0,-0.011234656,0.12215354293584824,0.7495009899139404,0.5398079752922058
YDL010W,YDL236W,0,-0.011252418,0.12213367968797684,0.7495009899139404,0.5399079918861389
YDR410C,YBR152W,0,-0.011259183,0.12211382389068604,0.7495009899139404,0.540008008480072
YAL007C,YNL058C,0,-0.011526093,0.12209396809339523,0.7495009899139404,0.5401080250740051
YNR073C,YDR206W,0,-0.011565134,0.12207411974668503,0.7495009899139404,0.5402080416679382
YMR021C,YJR054W,0,-0.011602774,0.12205427885055542,0.7495009899139404,0.5403080582618713
YHR020W,YFL061W,0,-0.01230669,0.122034452855587,0.7495009899139404,0.5404080748558044
YPL253C,YML038C,0,-0.012999073,0.122014619410038,0.7495009899139404,0.5405080914497375
YFR019W,YDR359C,0,-0.013129935,0.12199480086565018,0.7495009899139404,0.5406081080436707
YFR004W,YPR196W,0,-0.013261244,0.12197498977184296,0.7495009899139404,0.5407081246376038
YLR310C,YKL005C,0,-0.013350859,0.12195517867803574,0.7495009899139404,0.5408081412315369
YIL105C,YDR454C,0,-0.013494879,0.12193538248538971,0.7495009899139404,0.54090815782547
YNR035C,YDR446W,0,-0.013668016,0.12191558629274368,0.7495009899139404,0.5410081744194031
YKL197C,YMR079W,0,-0.013795376,0.12189579755067825,0.7495009899139404,0.541108250617981
YDR039C,YML058W-A,0,-0.013801366,0.12187601625919342,0.7495009899139404,0.5412082672119141
YPL190C,YPL124W,0,-0.0139467865,0.12185624241828918,0.7495009899139404,0.5413082838058472
YMR268C,YDR450W,0,-0.0140692,0.12183646857738495,0.7495009899139404,0.5414083003997803
YGL016W,YHR150W,0,-0.014475256,0.1218167096376419,0.7495009899139404,0.5415083169937134
YML061C,YDR508C,0,-0.014480084,0.12179695069789886,0.7495009899139404,0.5416083335876465
YBR301W,YGL241W,0,-0.0148246735,0.12177719920873642,0.7495009899139404,0.5417083501815796
YHR098C,YDL045W-A,0,-0.014859542,0.12175745517015457,0.7495009899139404,0.5418083667755127
YML006C,YDL181W,0,-0.014896989,0.12173771858215332,0.7495009899139404,0.5419083833694458
YBL004W,YOL011W,0,-0.015007928,0.12171798944473267,0.7495009899139404,0.5420083999633789
YCL004W,YLR051C,0,-0.015045971,0.12169826775789261,0.7495009899139404,0.542108416557312
YER185W,YEL060C,0,-0.015108079,0.12167854607105255,0.7495009899139404,0.5422084331512451
YGL129C,YPL007C,0,-0.015339851,0.12165883928537369,0.7495009899139404,0.5423084497451782
YJL087C,YIR035C,0,-0.016345471,0.12163913249969482,0.7495009899139404,0.5424084663391113
YKL055C,YBR005W,0,-0.0163797,0.12161943316459656,0.7495009899139404,0.5425084829330444
YJL167W,YOR078W,0,-0.016602486,0.12159974128007889,0.7495009899139404,0.5426084995269775
YDL104C,YPR163C,0,-0.01737976,0.12158005684614182,0.7495009899139404,0.5427085161209106
YER018C,YBR126C,0,-0.017688513,0.12156037241220474,0.7495009899139404,0.5428085327148438
YOR382W,YOR359W,0,-0.017729461,0.12154070287942886,0.7495009899139404,0.5429086089134216
YER023W,YFL008W,0,-0.018160023,0.12152103334665298,0.7495009899139404,0.5430086255073547
YCR063W,YNR038W,0,-0.018683061,0.1215013787150383,0.7495009899139404,0.5431086421012878
YHR211W,YAL022C,0,-0.01876945,0.12148172408342361,0.7495009899139404,0.543208658695221
YOR367W,YBR016W,1,-0.0189552,0.12162380665540695,0.7504990100860596,0.543208658695221
YDL107W,YLR183C,0,-0.018965587,0.12160413712263107,0.7504990100860596,0.543308675289154
YDL039C,YMR030W,0,-0.01990123,0.12158447504043579,0.7504990100860596,0.5434086918830872
YJR117W,YPL012W,0,-0.019903444,0.1215648204088211,0.7504990100860596,0.5435087084770203
YDR076W,YBR235W,0,-0.019939981,0.12154517322778702,0.7504990100860596,0.5436087250709534
YPL239W,YJL128C,1,-0.020134076,0.1216871365904808,0.7514970302581787,0.5436087250709534
YER019W,YDR388W,1,-0.020204619,0.12182905524969101,0.7524949908256531,0.5436087250709534
YJR092W,YIL134W,0,-0.020278692,0.12180937081575394,0.7524949908256531,0.5437087416648865
YLR166C,YKL216W,0,-0.020333096,0.12178969383239746,0.7524949908256531,0.5438087582588196
YML126C,YJR090C,0,-0.020400003,0.12177002429962158,0.7524949908256531,0.5439087748527527
YMR220W,YLR262C,0,-0.020676762,0.1217503622174263,0.7524949908256531,0.5440087914466858
YKL085W,YIL061C,0,-0.020754158,0.12173070758581161,0.7524949908256531,0.5441088080406189
YMR035W,YFL034C-A,0,-0.02100204,0.12171106040477753,0.7524949908256531,0.544208824634552
YMR203W,YKL025C,0,-0.021033674,0.12169141322374344,0.7524949908256531,0.5443088412284851
YMR321C,YAL002W,0,-0.02121979,0.12167177349328995,0.7524949908256531,0.5444088578224182
YLR085C,YBL013W,0,-0.021257803,0.12165214866399765,0.7524949908256531,0.5445088744163513
YDL117W,YHR091C,0,-0.02128245,0.12163252383470535,0.7524949908256531,0.5446089506149292
YCR067C,YOR251C,0,-0.021303944,0.12161290645599365,0.7524949908256531,0.5447089672088623
YDR170C,YDL188C,0,-0.021606758,0.12159328907728195,0.7524949908256531,0.5448089838027954
YLR006C,YOR115C,0,-0.021808222,0.12157368659973145,0.7524949908256531,0.5449090003967285
YOR368W,YPL015C,0,-0.021973938,0.12155408412218094,0.7524949908256531,0.5450090169906616
YHR205W,YJL128C,1,-0.022063516,0.12169568240642548,0.7534930109977722,0.5450090169906616
YGR206W,YCL045C,0,-0.022170588,0.12167606502771378,0.7534930109977722,0.5451090335845947
YNL229C,YPR018W,0,-0.022336647,0.12165646255016327,0.7534930109977722,0.5452090501785278
YKR034W,YCR091W,0,-0.02381406,0.12163686007261276,0.7534930109977722,0.5453090667724609
YJR161C,YNL240C,0,-0.023821607,0.12161726504564285,0.7534930109977722,0.545409083366394
YOL028C,YOR363C,0,-0.024087563,0.12159767746925354,0.7534930109977722,0.5455090999603271
YOR122C,YLR013W,0,-0.024139844,0.12157809734344482,0.7534930109977722,0.5456091165542603
YOR002W,YDL193W,0,-0.02448064,0.1215585246682167,0.7534930109977722,0.5457091331481934
YOR194C,YNL265C,0,-0.024729744,0.12153895944356918,0.7534930109977722,0.5458091497421265
YDR377W,YJL057C,0,-0.026365682,0.12151939421892166,0.7534930109977722,0.5459091663360596
YBR093C,YLR347C,0,-0.026579812,0.12149983644485474,0.7534930109977722,0.5460091829299927
YCL026C-A,YLR136C,0,-0.026588164,0.12148028612136841,0.7534930109977722,0.5461091995239258
YDL247W,YBR034C,0,-0.026639089,0.12146074324846268,0.7534930109977722,0.5462092161178589
YJL212C,YER040W,0,-0.026868321,0.12144120782613754,0.7534930109977722,0.546309232711792
YKR060W,YNR071C,0,-0.027239114,0.121421679854393,0.7534930109977722,0.5464093089103699
YMR251W-A,YNL117W,0,-0.027936101,0.12140215188264847,0.7534930109977722,0.546509325504303
YGR205W,YAR033W,0,-0.028306201,0.12138263881206512,0.7534930109977722,0.5466093420982361
YJL081C,YOR310C,0,-0.028735116,0.12136312574148178,0.7534930109977722,0.5467093586921692
YDL098C,YLR157C,0,-0.028785348,0.12134362012147903,0.7534930109977722,0.5468093752861023
YHL026C,YLL041C,0,-0.029517159,0.12132412195205688,0.7534930109977722,0.5469093918800354
YER089C,YOR181W,1,-0.029611036,0.1214652955532074,0.7544910311698914,0.5469093918800354
YIL023C,YDL140C,0,-0.030068018,0.12144578248262405,0.7544910311698914,0.5470094084739685
YMR177W,YBR080C,0,-0.030095637,0.12142627686262131,0.7544910311698914,0.5471094250679016
YNL254C,YJR151C,0,-0.030130222,0.12140677869319916,0.7544910311698914,0.5472094416618347
YPL253C,YGR261C,0,-0.03028962,0.12138728052377701,0.7544910311698914,0.5473094582557678
YJL207C,YPR152C,0,-0.030314073,0.12136779725551605,0.7544910311698914,0.5474094748497009
YPR060C,YDR262W,0,-0.030587569,0.1213483139872551,0.7544910311698914,0.547509491443634
YOR122C,YKL143W,1,-0.030777894,0.12148933112621307,0.7554890513420105,0.547509491443634
YGR170W,YGR077C,0,-0.03092353,0.12146983295679092,0.7554890513420105,0.5476095080375671
YBR302C,YNR075W,0,-0.031920865,0.12145034223794937,0.7554890513420105,0.5477095246315002
YPR086W,YGL163C,0,-0.031981543,0.12143086642026901,0.7554890513420105,0.5478095412254333
YER019W,YOL116W,1,-0.032056294,0.12157177180051804,0.7564870119094849,0.5478095412254333
YGL028C,YJL134W,0,-0.032057352,0.12155227363109589,0.7564870119094849,0.5479095578193665
YJL118W,YLR054C,0,-0.03224513,0.12153279036283493,0.7564870119094849,0.5480095744132996
YOR283W,YDR041W,0,-0.032424726,0.12151330709457397,0.7564870119094849,0.5481096506118774
YDR291W,YML038C,0,-0.032984048,0.12149383127689362,0.7564870119094849,0.5482096672058105
YDR153C,YOL130W,0,-0.033064008,0.12147435545921326,0.7564870119094849,0.5483096837997437
YIR032C,YMR194W,0,-0.033145443,0.12145489454269409,0.7564870119094849,0.5484097003936768
YPL162C,YMR168C,0,-0.033168122,0.12143544107675552,0.7564870119094849,0.5485097169876099
YER018C,YOR237W,0,-0.033180356,0.12141598761081696,0.7564870119094849,0.548609733581543
YOR122C,YHR205W,1,-0.033210658,0.12155669182538986,0.757485032081604,0.548609733581543
YNL069C,YFR053C,0,-0.033254504,0.1215372309088707,0.757485032081604,0.5487097501754761
YLR141W,YKL018W,0,-0.033429734,0.12151776999235153,0.757485032081604,0.5488097667694092
YLR340W,YJL166W,0,-0.033544466,0.12149831652641296,0.757485032081604,0.5489097833633423
YBR192W,YDR310C,0,-0.0340736,0.12147887051105499,0.757485032081604,0.5490097999572754
YAL047C,YMR272C,0,-0.03430319,0.12145943194627762,0.757485032081604,0.5491098165512085
YPL270W,YPR066W,0,-0.03432963,0.12144000083208084,0.757485032081604,0.5492098331451416
YKL209C,YBR015C,0,-0.034342915,0.12142056971788406,0.757485032081604,0.5493098497390747
YNL173C,YDR030C,0,-0.034719095,0.12140115350484848,0.757485032081604,0.5494098663330078
YKR007W,YPL078C,0,-0.035098404,0.1213817372918129,0.757485032081604,0.5495098829269409
YIR031C,YBR021W,0,-0.03513165,0.12136232852935791,0.757485032081604,0.549609899520874
YDR434W,YDL202W,0,-0.035243258,0.12134292721748352,0.757485032081604,0.5497099161148071
YOR328W,YNL072W,0,-0.035334207,0.12132352590560913,0.757485032081604,0.5498099327087402
YPL018W,YCR066W,0,-0.035480008,0.12130413949489594,0.757485032081604,0.5499100089073181
YCR003W,YPR175W,0,-0.03572969,0.12128475308418274,0.757485032081604,0.5500100255012512
YIL173W,YGL148W,0,-0.036109015,0.12126538157463074,0.757485032081604,0.5501100420951843
YPL100W,YLL053C,0,-0.03613305,0.12124601006507874,0.757485032081604,0.5502100586891174
YOR130C,YHR210C,0,-0.03621672,0.12122663855552673,0.757485032081604,0.5503100752830505
YKR025W,YGL045W,0,-0.036523834,0.12120728194713593,0.757485032081604,0.5504100918769836
YFL013C,YER167W,0,-0.036597133,0.12118793278932571,0.757485032081604,0.5505101084709167
YGR155W,YLR024C,0,-0.036692545,0.1211685836315155,0.757485032081604,0.5506101250648499
YDL098C,YLR353W,0,-0.03711094,0.12114924192428589,0.757485032081604,0.550710141658783
YFR004W,YDL155W,0,-0.037286893,0.12112990766763687,0.757485032081604,0.5508101582527161
YLR332W,YPR171W,1,-0.037539795,0.12127014249563217,0.7584830522537231,0.5508101582527161
YJL122W,YHR047C,0,-0.037591472,0.12125080078840256,0.7584830522537231,0.5509101748466492
YMR118C,YPL209C,0,-0.037755474,0.12123145908117294,0.7584830522537231,0.5510101914405823
YCR009C,YOL064C,1,-0.038055703,0.12137161195278168,0.7594810128211975,0.5510101914405823
YMR101C,YIL061C,0,-0.038072467,0.12135225534439087,0.7594810128211975,0.5511102080345154
YDR468C,YDR422C,0,-0.038196765,0.12133290618658066,0.7594810128211975,0.5512102246284485
YGL207W,YER042W,0,-0.038544342,0.12131356447935104,0.7594810128211975,0.5513102412223816
YDL232W,YKL001C,0,-0.03860618,0.12129423022270203,0.7594810128211975,0.5514102578163147
YGL064C,YDR191W,0,-0.038695976,0.1212749034166336,0.7594810128211975,0.5515102744102478
YOL145C,YOL004W,0,-0.03874813,0.12125557661056519,0.7594810128211975,0.5516103506088257
YAL001C,YMR149W,0,-0.039019957,0.12123625725507736,0.7594810128211975,0.5517103672027588
YOR284W,YPL183C,0,-0.039026514,0.12121694535017014,0.7594810128211975,0.5518103837966919
YDR123C,YGR177C,0,-0.039118692,0.1211976408958435,0.7594810128211975,0.551910400390625
YBR235W,YLR274W,0,-0.039248474,0.12117834389209747,0.7594810128211975,0.5520104169845581
YBL042C,YOL165C,0,-0.039366975,0.12115905433893204,0.7594810128211975,0.5521104335784912
YNL214W,YOL032W,0,-0.039462224,0.1211397647857666,0.7594810128211975,0.5522104501724243
YGR096W,YDL239C,0,-0.03949681,0.12112048268318176,0.7594810128211975,0.5523104667663574
YDR304C,YBR034C,0,-0.040032223,0.12110120803117752,0.7594810128211975,0.5524104833602905
YGR082W,YHR178W,0,-0.04012744,0.12108194082975388,0.7594810128211975,0.5525104999542236
YML096W,YDL010W,0,-0.04041925,0.12106268107891083,0.7594810128211975,0.5526105165481567
YIL173W,YJL194W,0,-0.040741786,0.12104342132806778,0.7594810128211975,0.5527105331420898
YGR057C,YGL019W,0,-0.04087542,0.12102417647838593,0.7594810128211975,0.552810549736023
YKL192C,YNL103W,0,-0.040911518,0.12100493162870407,0.7594810128211975,0.552910566329956
YDR273W,YDR164C,0,-0.041662574,0.12098569422960281,0.7594810128211975,0.5530105829238892
YJL167W,YDR382W,0,-0.041762546,0.12096645683050156,0.7594810128211975,0.5531105995178223
YLR034C,YBR179C,0,-0.041786,0.12094723433256149,0.7594810128211975,0.5532106161117554
YLR194C,YMR083W,0,-0.041930377,0.12092801183462143,0.7594810128211975,0.5533106327056885
YPR007C,YBR119W,0,-0.042094722,0.12090880423784256,0.7594810128211975,0.5534107089042664
YIL159W,YER062C,1,-0.042602137,0.1210484504699707,0.7604790329933167,0.5534107089042664
YNL083W,YBR141C,0,-0.042613953,0.12102922797203064,0.7604790329933167,0.5535107254981995
YGR105W,YNL257C,0,-0.04263659,0.12101000547409058,0.7604790329933167,0.5536107420921326
YMR013C,YFL049W,0,-0.042917587,0.12099079042673111,0.7604790329933167,0.5537107586860657
YKL127W,YDR206W,0,-0.04414828,0.12097158282995224,0.7604790329933167,0.5538107752799988
YBL046W,YGR239C,0,-0.044222057,0.12095238268375397,0.7604790329933167,0.5539107918739319
YKL053C-A,YER178W,0,-0.04425125,0.1209331825375557,0.7604790329933167,0.554010808467865
YOL142W,YOL089C,0,-0.044260383,0.12091399729251862,0.7604790329933167,0.5541108250617981
YPL036W,YJL083W,0,-0.04466778,0.12089481204748154,0.7604790329933167,0.5542108416557312
YLR369W,YDR373W,0,-0.04484243,0.12087563425302505,0.7604790329933167,0.5543108582496643
YPR083W,YOR245C,0,-0.04485096,0.12085646390914917,0.7604790329933167,0.5544108748435974
YKL205W,YHR183W,0,-0.044851467,0.12083730101585388,0.7604790329933167,0.5545108914375305
YDR145W,YOR071C,0,-0.044880852,0.1208181381225586,0.7604790329933167,0.5546109080314636
YLR423C,YOR334W,0,-0.0450968,0.1207989826798439,0.7604790329933167,0.5547109246253967
YIL044C,YOR085W,0,-0.04512147,0.12077983468770981,0.7604790329933167,0.5548109412193298
YBR014C,YBR173C,0,-0.045143187,0.12076069414615631,0.7604790329933167,0.5549109578132629
YKR019C,YGR096W,0,-0.045294896,0.12074156105518341,0.7604790329933167,0.555010974407196
YOR261C,YHR061C,0,-0.045427606,0.12072243541479111,0.7604790329933167,0.5551110506057739
YMR274C,YAL051W,0,-0.045558512,0.1207033097743988,0.7604790329933167,0.555211067199707
YCL032W,YLR336C,1,-0.045663252,0.12084256857633591,0.7614770531654358,0.555211067199707
YPR023C,YOR251C,0,-0.04568976,0.120823435485363,0.7614770531654358,0.5553110837936401
YHR107C,YBR182C,0,-0.045942143,0.1208043098449707,0.7614770531654358,0.5554111003875732
YMR243C,YBR130C,0,-0.04613094,0.1207851842045784,0.7614770531654358,0.5555111169815063
YDR211W,YLR035C,0,-0.046347633,0.1207660660147667,0.7614770531654358,0.5556111335754395
YJL079C,YNR067C,0,-0.046397224,0.12074695527553558,0.7614770531654358,0.5557111501693726
YGR257C,YBR276C,0,-0.046577558,0.12072784453630447,0.7614770531654358,0.5558111667633057
YKL182W,YBR155W,0,-0.04722257,0.12070874869823456,0.7614770531654358,0.5559111833572388
YKL137W,YKL043W,0,-0.04728291,0.12068965286016464,0.7614770531654358,0.5560111999511719
YLL031C,YDL230W,0,-0.047556125,0.12067056447267532,0.7614770531654358,0.556111216545105
YLR320W,YFR021W,0,-0.047998548,0.1206514835357666,0.7614770531654358,0.5562112331390381
YFL052W,YNL209W,0,-0.04807058,0.12063241004943848,0.7614770531654358,0.5563112497329712
YDR406W,YGR280C,0,-0.048177972,0.12061334401369095,0.7614770531654358,0.5564112663269043
YIR011C,YFL023W,0,-0.048263416,0.12059427797794342,0.7614770531654358,0.5565112829208374
YNL122C,YOR311C,0,-0.04829915,0.12057521939277649,0.7614770531654358,0.5566112995147705
YPR056W,YJL113W,0,-0.04833713,0.12055616825819016,0.7614770531654358,0.5567113161087036
YER022W,YPR113W,0,-0.048459187,0.12053712457418442,0.7614770531654358,0.5568113327026367
YKL001C,YML126C,0,-0.04849358,0.12051808834075928,0.7614770531654358,0.5569114089012146
YMR243C,YDR325W,0,-0.049139716,0.12049905210733414,0.7614770531654358,0.5570114254951477
YIL108W,YBR265W,0,-0.049515374,0.1204800233244896,0.7614770531654358,0.5571114420890808
YBR084C-A,YDR178W,0,-0.049717844,0.12046100199222565,0.7614770531654358,0.5572114586830139
YPL146C,YMR175W,0,-0.04998406,0.1204419881105423,0.7614770531654358,0.557311475276947
YPR171W,YOR008C,1,-0.05014786,0.12058080732822418,0.7624750733375549,0.557311475276947
YPL117C,YPR120C,0,-0.05055531,0.12056177854537964,0.7624750733375549,0.5574114918708801
YDR043C,YLR200W,0,-0.050757304,0.12054275721311569,0.7624750733375549,0.5575115084648132
YPR169W,YDR322C-A,0,-0.05076556,0.12052374333143234,0.7624750733375549,0.5576115250587463
YDR281C,YPR180W,0,-0.05096434,0.12050472944974899,0.7624750733375549,0.5577115416526794
YPL232W,YKR069W,0,-0.051041335,0.12048573046922684,0.7624750733375549,0.5578115582466125
YNL245C,YHR115C,0,-0.051294662,0.12046673148870468,0.7624750733375549,0.5579115748405457
YJR091C,YGL092W,0,-0.051418588,0.12044773995876312,0.7624750733375549,0.5580115914344788
YBR248C,YPR140W,0,-0.051454455,0.12042874842882156,0.7624750733375549,0.5581116080284119
YDL128W,YAL042W,0,-0.051885203,0.1204097718000412,0.7624750733375549,0.558211624622345
YGR121C,YOL061W,0,-0.052288935,0.12039079517126083,0.7624750733375549,0.5583116412162781
YOR074C,YGL246C,0,-0.052424043,0.12037182599306107,0.7624750733375549,0.5584116578102112
YBL038W,YOR059C,0,-0.052657694,0.1203528642654419,0.7624750733375549,0.5585116744041443
YDR212W,YDR104C,0,-0.052669063,0.12033390998840332,0.7624750733375549,0.5586117506027222
YLR390W-A,YNL123W,0,-0.05274403,0.12031496316194534,0.7624750733375549,0.5587117671966553
YBL089W,YLR264W,0,-0.053207517,0.12029601633548737,0.7624750733375549,0.5588117837905884
YMR015C,YDL208W,0,-0.053234547,0.12027707695960999,0.7624750733375549,0.5589118003845215
YKL182W,YPR125W,0,-0.053293556,0.1202581450343132,0.7624750733375549,0.5590118169784546
YLR209C,YHR165C,0,-0.05333814,0.12023922055959702,0.7624750733375549,0.5591118335723877
YKL114C,YMR260C,0,-0.053719893,0.12022029608488083,0.7624750733375549,0.5592118501663208
YDR302W,YLR274W,0,-0.053893596,0.12020138651132584,0.7624750733375549,0.5593118667602539
YGR092W,YHR142W,0,-0.054090038,0.12018247693777084,0.7624750733375549,0.559411883354187
YPL179W,YHR142W,0,-0.054103673,0.12016357481479645,0.7624750733375549,0.5595118999481201
YLR386W,YDR041W,0,-0.05421655,0.12014468014240265,0.7624750733375549,0.5596119165420532
YDR165W,YLR466W,0,-0.054453917,0.12012578547000885,0.7624750733375549,0.5597119331359863
YJR152W,YPL016W,0,-0.054582253,0.12010689824819565,0.7624750733375549,0.5598119497299194
YJR073C,YIL018W,0,-0.054791108,0.12008802592754364,0.7624750733375549,0.5599119663238525
YGL203C,YFR038W,0,-0.054813854,0.12006914615631104,0.7624750733375549,0.5600119829177856
YNL091W,YER118C,1,-0.054820836,0.12020741403102875,0.7634730339050293,0.5600119829177856
YNR024W,YJR107W,0,-0.054897673,0.12018853425979614,0.7634730339050293,0.5601119995117188
YNR010W,YIL098C,0,-0.05500453,0.12016965448856354,0.7634730339050293,0.5602120161056519
YKR028W,YLR360W,0,-0.055116072,0.12015077471733093,0.7634730339050293,0.560312032699585
YOR043W,YER118C,1,-0.05514559,0.12028894573450089,0.7644710540771484,0.560312032699585
YNR051C,YDR328C,0,-0.055145726,0.12027005851268768,0.7644710540771484,0.5604121088981628
YJL003W,YLR341W,0,-0.05519958,0.12025117874145508,0.7644710540771484,0.560512125492096
YNL148C,YMR160W,0,-0.055520564,0.12023229897022247,0.7644710540771484,0.560612142086029
YJL094C,YDR540C,0,-0.055734247,0.12021343410015106,0.7644710540771484,0.5607121586799622
YOR181W,YJL184W,1,-0.056226455,0.12035148590803146,0.7654690742492676,0.5607121586799622
YBL040C,YJL003W,0,-0.056261763,0.12033259868621826,0.7654690742492676,0.5608121752738953
YPL249C,YNR049C,0,-0.056337968,0.12031372636556625,0.7654690742492676,0.5609121918678284
YCL051W,YDR189W,0,-0.05661939,0.12029485404491425,0.7654690742492676,0.5610122084617615
YJL029C,YKL032C,0,-0.05704941,0.12027598917484283,0.7654690742492676,0.5611122250556946
YCL040W,YMR041C,0,-0.057721496,0.12025713175535202,0.7654690742492676,0.5612122416496277
YFL003C,YGR264C,0,-0.05777885,0.1202382817864418,0.7654690742492676,0.5613122582435608
YCR009C,YPL239W,1,-0.05778593,0.12037617713212967,0.7664670944213867,0.5613122582435608
YLR239C,YBL084C,0,-0.057922117,0.12035731226205826,0.7664670944213867,0.5614122748374939
YLL027W,YDR338C,0,-0.058133088,0.12033845484256744,0.7664670944213867,0.561512291431427
YNL038W,YGL068W,0,-0.058571443,0.12031959742307663,0.7664670944213867,0.5616123080253601
YBR234C,YCR012W,0,-0.058656484,0.12030075490474701,0.7664670944213867,0.5617123246192932
YGR216C,YOR321W,0,-0.058940202,0.12028191238641739,0.7664670944213867,0.5618123412132263
YJL123C,YLR309C,0,-0.059193783,0.12026307731866837,0.7664670944213867,0.5619123578071594
YOR079C,YKL182W,0,-0.059220105,0.12024424970149994,0.7664670944213867,0.5620123744010925
YIL040W,YGL011C,0,-0.059283048,0.12022542208433151,0.7664670944213867,0.5621124505996704
YIL063C,YML072C,0,-0.05938655,0.12020660191774368,0.7664670944213867,0.5622124671936035
YDR170C,YER167W,0,-0.05941701,0.12018779665231705,0.7664670944213867,0.5623124837875366
YDL156W,YDR210W,0,-0.05948793,0.12016898393630981,0.7664670944213867,0.5624125003814697
YGL032C,YMR304W,0,-0.05958514,0.12015018612146378,0.7664670944213867,0.5625125169754028
YHR108W,YOR110W,0,-0.059586875,0.12013139575719833,0.7664670944213867,0.5626125335693359
YDL022W,YDR382W,0,-0.059712306,0.12011260539293289,0.7664670944213867,0.562712550163269
YJR131W,YHR158C,0,-0.06000586,0.12009382247924805,0.7664670944213867,0.5628125667572021
YGL070C,YML072C,0,-0.060259297,0.1200750470161438,0.7664670944213867,0.5629125833511353
YDR099W,YPL227C,0,-0.060337454,0.12005627900362015,0.7664670944213867,0.5630125999450684
YER130C,YGR264C,0,-0.0604337,0.1200375109910965,0.7664670944213867,0.5631126165390015
YMR125W,YLL006W,0,-0.060532436,0.12001875042915344,0.7664670944213867,0.5632126331329346
YJL213W,YNL078W,0,-0.060623586,0.11999999731779099,0.7664670944213867,0.5633126497268677
YER124C,YGL259W,0,-0.061032772,0.11998125165700912,0.7664670944213867,0.5634126663208008
YNL014W,YOR383C,0,-0.061131135,0.11996251344680786,0.7664670944213867,0.5635126829147339
YLR277C,YNL075W,0,-0.061447516,0.1199437752366066,0.7664670944213867,0.563612699508667
YDR051C,YMR112C,0,-0.061545834,0.11992504447698593,0.7664670944213867,0.5637127161026001
YPR106W,YDL201W,0,-0.06155689,0.11990632116794586,0.7664670944213867,0.563812792301178
YNL122C,YDR310C,0,-0.061618403,0.11988760530948639,0.7664670944213867,0.5639128088951111
YER094C,YLR093C,0,-0.061791793,0.11986889690160751,0.7664670944213867,0.5640128254890442
YMR273C,YPL249C-A,0,-0.062119767,0.11985018849372864,0.7664670944213867,0.5641128420829773
YIL132C,YCR073C,0,-0.06246546,0.11983148753643036,0.7664670944213867,0.5642128586769104
YGR169C,YDR110W,0,-0.06251721,0.11981279402971268,0.7664670944213867,0.5643128752708435
YCL040W,YBR210W,0,-0.062589034,0.119794100522995,0.7664670944213867,0.5644128918647766
YDR174W,YNL278W,0,-0.06268354,0.11977542191743851,0.7664670944213867,0.5645129084587097
YJR152W,YNL326C,0,-0.063307986,0.11975674331188202,0.7664670944213867,0.5646129250526428
YNL005C,YMR195W,0,-0.063375905,0.11973807215690613,0.7664670944213867,0.5647129416465759
YMR291W,YGR084C,0,-0.06342806,0.11971940845251083,0.7664670944213867,0.564812958240509
YGL049C,YGL145W,0,-0.06346187,0.11970074474811554,0.7664670944213867,0.5649129748344421
YMR322C,YOR017W,0,-0.06366791,0.11968209594488144,0.7664670944213867,0.5650129914283752
YNL272C,YBR096W,0,-0.06370498,0.11966344714164734,0.7664670944213867,0.5651130080223083
YPL212C,YOR212W,0,-0.064222276,0.11964480578899384,0.7664670944213867,0.5652130246162415
YDL012C,YIL050W,0,-0.064242825,0.11962617188692093,0.7664670944213867,0.5653130412101746
YMR276W,YPL105C,0,-0.06453884,0.11960753798484802,0.7664670944213867,0.5654130578041077
YPL127C,YFR050C,0,-0.06474882,0.11958891153335571,0.7664670944213867,0.5655130743980408
YDR512C,YJL112W,0,-0.06494362,0.119570292532444,0.7664670944213867,0.5656131505966187
YGL189C,YER166W,0,-0.065160215,0.11955168098211288,0.7664670944213867,0.5657131671905518
YDR233C,YLR382C,0,-0.06538728,0.11953307688236237,0.7664670944213867,0.5658131837844849
YDR541C,YDR016C,0,-0.065628275,0.11951447278261185,0.7664670944213867,0.565913200378418
YKL120W,YMR029C,0,-0.06568066,0.11949587613344193,0.7664670944213867,0.5660132169723511
YMR300C,YKL206C,0,-0.066201486,0.1194772869348526,0.7664670944213867,0.5661132335662842
YPR124W,YML123C,0,-0.066330805,0.11945870518684387,0.7664670944213867,0.5662132501602173
YCR026C,YER074W,0,-0.06712893,0.11944012343883514,0.7664670944213867,0.5663132667541504
YBR182C,YOR010C,0,-0.067178085,0.11942154914140701,0.7664670944213867,0.5664132833480835
YMR046C,YNR073C,0,-0.067271754,0.11940298229455948,0.7664670944213867,0.5665132999420166
YDR306C,YJL184W,0,-0.06727894,0.11938442289829254,0.7664670944213867,0.5666133165359497
YCR026C,YBR096W,0,-0.067354664,0.1193658709526062,0.7664670944213867,0.5667133331298828
YGR004W,YMR015C,0,-0.06768012,0.11934731900691986,0.7664670944213867,0.5668133497238159
YLR256W,YAL040C,0,-0.067806564,0.11932877451181412,0.7664670944213867,0.566913366317749
YLR070C,YDL046W,0,-0.06788029,0.11931023746728897,0.7664670944213867,0.5670133829116821
YEL018W,YMR203W,0,-0.06815328,0.11929170787334442,0.7664670944213867,0.5671133995056152
YER089C,YDR168W,1,-0.06837274,0.11942848563194275,0.7674650549888611,0.5671133995056152
YGR253C,YDR028C,0,-0.06837648,0.119409941136837,0.7674650549888611,0.5672134160995483
YDR281C,YDR386W,0,-0.068525076,0.11939139664173126,0.7674650549888611,0.5673134922981262
YPL117C,YDL165W,0,-0.068762355,0.11937286704778671,0.7674650549888611,0.5674135088920593
YBR254C,YGR198W,0,-0.06879686,0.11935433745384216,0.7674650549888611,0.5675135254859924
YOR361C,YJL004C,0,-0.068837225,0.11933581531047821,0.7674650549888611,0.5676135420799255
YDR349C,YDL178W,0,-0.06884582,0.11931730061769485,0.7674650549888611,0.5677135586738586
YML052W,YOL059W,0,-0.0690344,0.1192987933754921,0.7674650549888611,0.5678135752677917
YLR424W,YNR031C,0,-0.06905773,0.11928028613328934,0.7674650549888611,0.5679135918617249
YLR026C,YMR210W,0,-0.069264576,0.11926178634166718,0.7674650549888611,0.568013608455658
YMR065W,YKL016C,0,-0.06929891,0.11924329400062561,0.7674650549888611,0.5681136250495911
YDR168W,YHR206W,1,-0.06946412,0.11937984824180603,0.7684630751609802,0.5681136250495911
YPR191W,YGR003W,0,-0.06962997,0.11936134099960327,0.7684630751609802,0.5682136416435242
YIL053W,YHR205W,1,-0.06973682,0.11949782818555832,0.7694610953330994,0.5682136416435242
YIL063C,YPL093W,0,-0.06991501,0.11947931349277496,0.7694610953330994,0.5683136582374573
YNL323W,YHR035W,0,-0.06995569,0.11946079879999161,0.7694610953330994,0.5684136748313904
YNL232W,YNR021W,0,-0.07006554,0.11944229155778885,0.7694610953330994,0.5685136914253235
YDR078C,YDR237W,0,-0.07025947,0.11942379176616669,0.7694610953330994,0.5686137080192566
YIL153W,YKR049C,0,-0.070445016,0.11940529942512512,0.7694610953330994,0.5687137246131897
YMR214W,YKR035W-A,0,-0.070447765,0.11938680708408356,0.7694610953330994,0.5688137412071228
YNL038W,YCL051W,0,-0.070573136,0.11936832219362259,0.7694610953330994,0.5689137578010559
YGL134W,YDR037W,0,-0.07102035,0.11934984475374222,0.7694610953330994,0.569013774394989
YHR005C,YPL192C,0,-0.07102765,0.11933137476444244,0.7694610953330994,0.5691138505935669
YFR052W,YHR074W,0,-0.07110678,0.11931290477514267,0.7694610953330994,0.5692138671875
YMR318C,YJR147W,0,-0.07111557,0.11929444223642349,0.7694610953330994,0.5693138837814331
YPR159W,YDL036C,0,-0.07118105,0.11927598714828491,0.7694610953330994,0.5694139003753662
YBR173C,YOR033C,0,-0.07132715,0.11925753951072693,0.7694610953330994,0.5695139169692993
YDL246C,YPL162C,0,-0.07140727,0.11923909932374954,0.7694610953330994,0.5696139335632324
YCR002C,YKL029C,0,-0.07156348,0.11922065913677216,0.7694610953330994,0.5697139501571655
YDR090C,YOR363C,0,-0.071659446,0.11920222640037537,0.7694610953330994,0.5698139667510986
YJL154C,YDR432W,0,-0.0717085,0.11918380111455917,0.7694610953330994,0.5699139833450317
YOR301W,YAL015C,0,-0.07179317,0.11916537582874298,0.7694610953330994,0.5700139999389648
YDR028C,YHR169W,0,-0.07245891,0.11914696544408798,0.7694610953330994,0.570114016532898
YMR323W,YJL179W,0,-0.073061846,0.11912855505943298,0.7694610953330994,0.570214033126831
YNL124W,YJL139C,0,-0.07307023,0.11911015212535858,0.7694610953330994,0.5703140497207642
YHR061C,YMR055C,0,-0.07361055,0.11909174919128418,0.7694610953330994,0.5704140663146973
YML112W,YDL061C,0,-0.07368587,0.11907336115837097,0.7694610953330994,0.5705140829086304
YHR012W,YLR085C,0,-0.07400182,0.11905497312545776,0.7694610953330994,0.5706140995025635
YIL023C,YPL063W,0,-0.07473232,0.11903659254312515,0.7694610953330994,0.5707141160964966
YMR145C,YLR316C,0,-0.074781045,0.11901821196079254,0.7694610953330994,0.5708141922950745
YOR236W,YMR296C,0,-0.07529147,0.11899984627962112,0.7694610953330994,0.5709142088890076
YER073W,YOR307C,0,-0.07530965,0.11898148059844971,0.7694610953330994,0.5710142254829407
YER023W,YHL050C,0,-0.075662285,0.11896312236785889,0.7694610953330994,0.5711142420768738
YLR196W,YCL043C,0,-0.07570524,0.11894477158784866,0.7694610953330994,0.5712142586708069
YML045W,YNL256W,0,-0.07571642,0.11892642080783844,0.7694610953330994,0.57131427526474
YMR090W,YPL137C,0,-0.07579507,0.11890808492898941,0.7694610953330994,0.5714142918586731
YDR538W,YGL172W,0,-0.0762338,0.11888974905014038,0.7694610953330994,0.5715143084526062
YOL043C,YGR017W,0,-0.07628739,0.11887141317129135,0.7694610953330994,0.5716143250465393
YKL016C,YPL169C,0,-0.0773125,0.11885309219360352,0.7694610953330994,0.5717143416404724
YNR026C,YER008C,0,-0.07790665,0.11883477121591568,0.7694610953330994,0.5718143582344055
YHR014W,YNL058C,0,-0.07814909,0.11881645768880844,0.7694610953330994,0.5719143748283386
YER002W,YLR228C,0,-0.07835233,0.1187981516122818,0.7694610953330994,0.5720143914222717
YOR335C,YML072C,0,-0.07874961,0.11877984553575516,0.7694610953330994,0.5721144080162048
YHR143W-A,YML092C,0,-0.07901402,0.11876155436038971,0.7694610953330994,0.5722144246101379
YGL153W,YKL032C,0,-0.07941538,0.11874326318502426,0.7694610953330994,0.572314441204071
YBR182C,YPL180W,1,-0.07953691,0.11887896806001663,0.7704590559005737,0.572314441204071
YHR141C,YBR217W,0,-0.079677515,0.11886066198348999,0.7704590559005737,0.5724144577980042
YLR435W,YEL024W,0,-0.079710424,0.11884236335754395,0.7704590559005737,0.5725144743919373
YMR323W,YDR218C,0,-0.079910666,0.1188240721821785,0.7704590559005737,0.5726145505905151
YIL046W,YBR021W,0,-0.079921454,0.11880578845739365,0.7704590559005737,0.5727145671844482
YMR192W,YDL093W,0,-0.08006576,0.1187875047326088,0.7704590559005737,0.5728145837783813
YMR226C,YDR398W,0,-0.08009878,0.11876922845840454,0.7704590559005737,0.5729146003723145
YIL031W,YMR301C,0,-0.08011074,0.11875095963478088,0.7704590559005737,0.5730146169662476
YLR215C,YHR188C,0,-0.080352664,0.11873269826173782,0.7704590559005737,0.5731146335601807
YPR034W,YGR244C,0,-0.08044099,0.11871443688869476,0.7704590559005737,0.5732146501541138
YGR145W,YJL167W,0,-0.0806347,0.1186961904168129,0.7704590559005737,0.5733146667480469
YLR055C,YGR212W,0,-0.080657475,0.11867793649435043,0.7704590559005737,0.57341468334198
YGR040W,YDL076C,0,-0.080704466,0.11865969747304916,0.7704590559005737,0.5735146999359131
YGR238C,YMR189W,0,-0.08078335,0.11864146590232849,0.7704590559005737,0.5736147165298462
YPL093W,YBR103W,0,-0.08089657,0.11862323433160782,0.7704590559005737,0.5737147331237793
YPR173C,YEL031W,0,-0.08106913,0.11860501021146774,0.7704590559005737,0.5738147497177124
YFR028C,YMR296C,0,-0.08115229,0.11858678609132767,0.7704590559005737,0.5739147663116455
YHR032W,YKR096W,0,-0.081706,0.11856857687234879,0.7704590559005737,0.5740147829055786
YJL030W,YBL009W,0,-0.08175517,0.1185503676533699,0.7704590559005737,0.5741147994995117
YBR023C,YGR264C,0,-0.08185908,0.11853216588497162,0.7704590559005737,0.5742148160934448
YLR389C,YHR149C,0,-0.08186452,0.11851397156715393,0.7704590559005737,0.5743148922920227
YER019C-A,YNL267W,0,-0.08196576,0.11849577724933624,0.7704590559005737,0.5744149088859558
YDR023W,YKR029C,0,-0.082197055,0.11847759038209915,0.7704590559005737,0.5745149254798889
YLR075W,YBR171W,0,-0.082279354,0.11845941096544266,0.7704590559005737,0.574614942073822
YLR413W,YOR140W,0,-0.0824898,0.11844123899936676,0.7704590559005737,0.5747149586677551
YAR009C,YDR196C,0,-0.08302675,0.11842307448387146,0.7704590559005737,0.5748149752616882
YBR102C,YJL029C,0,-0.083137736,0.11840490996837616,0.7704590559005737,0.5749149918556213
YER023W,YKL205W,0,-0.083732985,0.11838675290346146,0.7704590559005737,0.5750150084495544
YDR441C,YOR232W,0,-0.08381639,0.11836859583854675,0.7704590559005737,0.5751150250434875
YPL105C,YKL137W,0,-0.08434541,0.11835045367479324,0.7704590559005737,0.5752150416374207
YGL167C,YGL198W,0,-0.084627554,0.11833231151103973,0.7704590559005737,0.5753150582313538
YCR073C,YNL190W,1,-0.0848384,0.11846743524074554,0.7714570760726929,0.5753150582313538
YDL175C,YPR201W,0,-0.0852858,0.11844927817583084,0.7714570760726929,0.5754150748252869
YHR058C,YOR351C,0,-0.08578618,0.11843112856149673,0.7714570760726929,0.57551509141922
YGL116W,YIL083C,0,-0.08578779,0.11841299384832382,0.7714570760726929,0.5756151080131531
YDR522C,YBR290W,0,-0.08580565,0.11839485168457031,0.7714570760726929,0.5757151246070862
YJR105W,YHR152W,0,-0.08582703,0.118376724421978,0.7714570760726929,0.5758151412010193
YFR029W,YER001W,0,-0.08622225,0.11835859715938568,0.7714570760726929,0.5759151577949524
YLR088W,YER130C,0,-0.08635746,0.11834047734737396,0.7714570760726929,0.5760151743888855
YML062C,YHR091C,0,-0.08637732,0.11832236498594284,0.7714570760726929,0.5761152505874634
YBL042C,YER130C,0,-0.087038875,0.11830425262451172,0.7714570760726929,0.5762152671813965
YKR083C,YNL020C,0,-0.087088354,0.11828615516424179,0.7714570760726929,0.5763152837753296
YOR375C,YDR156W,0,-0.08713668,0.11826805025339127,0.7714570760726929,0.5764153003692627
YLR023C,YBR091C,0,-0.08753057,0.11824996024370193,0.7714570760726929,0.5765153169631958
YFL023W,YBR162C,0,-0.087586865,0.1182318776845932,0.7714570760726929,0.5766153335571289
YOR330C,YOR255W,0,-0.087853506,0.11821379512548447,0.7714570760726929,0.576715350151062
YFR025C,YOL044W,0,-0.08839731,0.11819572001695633,0.7714570760726929,0.5768153667449951
YOR388C,YDR276C,0,-0.088467926,0.11817765235900879,0.7714570760726929,0.5769153833389282
YPL079W,YMR123W,0,-0.08847638,0.11815958470106125,0.7714570760726929,0.5770153999328613
YDR084C,YGL256W,0,-0.088592544,0.1181415244936943,0.7714570760726929,0.5771154165267944
YGR057C,YJR002W,0,-0.08869043,0.11812347173690796,0.7714570760726929,0.5772154331207275
YML029W,YJL103C,0,-0.08931902,0.11810542643070221,0.7714570760726929,0.5773154497146606
YER017C,YHR185C,0,-0.08950567,0.11808738112449646,0.7714570760726929,0.5774154663085938
YMR052W,YJR050W,0,-0.08957657,0.11806934326887131,0.7714570760726929,0.5775154829025269
YIR028W,YLL014W,0,-0.08963622,0.11805131286382675,0.7714570760726929,0.57761549949646
YOR043W,YBR260C,1,-0.089666665,0.11818598210811615,0.772455096244812,0.57761549949646
YER026C,YNL126W,0,-0.08983351,0.1181679368019104,0.772455096244812,0.5777155160903931
YOR140W,YKR072C,0,-0.089875035,0.11814989894628525,0.772455096244812,0.577815592288971
YML066C,YIL135C,0,-0.09010047,0.11813186854124069,0.772455096244812,0.577915608882904
YJR153W,YNL067W,0,-0.09015265,0.11811383813619614,0.772455096244812,0.5780156254768372
YDR461W,YDL121C,0,-0.09043364,0.11809582263231277,0.772455096244812,0.5781156420707703
YBL061C,YPL242C,1,-0.09058466,0.11823035776615143,0.7734531164169312,0.5781156420707703
YLR409C,YBR103W,0,-0.09060928,0.11821232736110687,0.7734531164169312,0.5782156586647034
YAL063C,YIL067C,0,-0.09073442,0.11819429695606232,0.7734531164169312,0.5783156752586365
YCR002C,YNL048W,0,-0.09075864,0.11817627400159836,0.7734531164169312,0.5784156918525696
YML086C,YJR010W,0,-0.09080002,0.118158258497715,0.7734531164169312,0.5785157084465027
YNL024C,YHL034C,0,-0.09110812,0.11814024299383163,0.7734531164169312,0.5786157250404358
YER137C,YPR095C,0,-0.09142764,0.11812223494052887,0.7734531164169312,0.5787157416343689
YBR102C,YDR143C,0,-0.09153686,0.1181042343378067,0.7734531164169312,0.578815758228302
YBR014C,YMR092C,1,-0.09229709,0.11823861300945282,0.7744510769844055,0.578815758228302
YPL081W,YKL220C,0,-0.092530474,0.11822059750556946,0.7744510769844055,0.5789157748222351
YNL192W,YGL054C,0,-0.09282373,0.1182025894522667,0.7744510769844055,0.5790157914161682
YMR321C,YJR091C,0,-0.092842385,0.11818458884954453,0.7744510769844055,0.5791158080101013
YKL062W,YNR003C,0,-0.09296617,0.11816658824682236,0.7744510769844055,0.5792158246040344
YGR065C,YBR066C,0,-0.092988245,0.11814860254526138,0.7744510769844055,0.5793158411979675
YKL143W,YLR113W,1,-0.09342097,0.11828284710645676,0.7754490971565247,0.5793158411979675
YLR224W,YKR075C,0,-0.09368566,0.11826483905315399,0.7754490971565247,0.5794158577919006
YGL092W,YER167W,0,-0.09432748,0.11824684590101242,0.7754490971565247,0.5795158743858337
YPR133W-A,YBR086C,0,-0.09441577,0.11822885274887085,0.7754490971565247,0.5796159505844116
YJR056C,YLR138W,0,-0.09473607,0.11821085959672928,0.7754490971565247,0.5797159671783447
YJL082W,YDL126C,0,-0.09494152,0.1181928813457489,0.7754490971565247,0.5798159837722778
YOR367W,YDR162C,1,-0.09495862,0.11832699924707413,0.7764471173286438,0.5798159837722778
YLR417W,YLR333C,0,-0.09543052,0.11830900609493256,0.7764471173286438,0.5799160003662109
YDR019C,YBR080C,0,-0.09562478,0.11829101294279099,0.7764471173286438,0.580016016960144
YLR260W,YCR087C-A,0,-0.0957692,0.11827303469181061,0.7764471173286438,0.5801160335540771
YOL148C,YBR236C,0,-0.09587085,0.11825505644083023,0.7764471173286438,0.5802160501480103
YKR079C,YMR159C,0,-0.095982775,0.11823708564043045,0.7764471173286438,0.5803160667419434
YHR077C,YIL005W,0,-0.09605959,0.11821911484003067,0.7764471173286438,0.5804160833358765
YNL123W,YOR090C,0,-0.096440986,0.11820115149021149,0.7764471173286438,0.5805160999298096
YPL127C,YDR385W,0,-0.097004674,0.1181831955909729,0.7764471173286438,0.5806161165237427
YGR193C,YPL099C,0,-0.097048625,0.11816524714231491,0.7764471173286438,0.5807161331176758
YOR368W,YKL141W,0,-0.097087026,0.11814730614423752,0.7764471173286438,0.5808161497116089
YOR073W,YDR518W,0,-0.097505674,0.11812936514616013,0.7764471173286438,0.580916166305542
YGR134W,YFL057C,0,-0.09774018,0.11811143159866333,0.7764471173286438,0.5810161828994751
YPL105C,YGR246C,0,-0.098131716,0.11809350550174713,0.7764471173286438,0.5811161994934082
YJL051W,YER001W,0,-0.09899086,0.11807557940483093,0.7764471173286438,0.5812162160873413
YOL033W,YOR254C,0,-0.09976727,0.11805766075849533,0.7764471173286438,0.5813162922859192
YDL139C,YGR084C,0,-0.09987402,0.11803974956274033,0.7764471173286438,0.5814163088798523
YML061C,YFR024C-A,0,-0.10033502,0.11802184581756592,0.7764471173286438,0.5815163254737854
YFL048C,YBR096W,0,-0.10042031,0.11800394207239151,0.7764471173286438,0.5816163420677185
YPR125W,YIL106W,0,-0.10085109,0.1179860457777977,0.7764471173286438,0.5817163586616516
YHR148W,YML126C,0,-0.10093768,0.11796815693378448,0.7764471173286438,0.5818163752555847
YLL018C-A,YHL020C,0,-0.101346076,0.11795027554035187,0.7764471173286438,0.5819163918495178
YDR233C,YGR251W,0,-0.10198164,0.11793239414691925,0.7764471173286438,0.5820164084434509
YJL058C,YGR140W,0,-0.102226734,0.11791452020406723,0.7764471173286438,0.582116425037384
YJL197W,YBL091C-A,0,-0.102492295,0.1178966537117958,0.7764471173286438,0.5822164416313171
YEL032W,YNL021W,0,-0.102583535,0.11787878721952438,0.7764471173286438,0.5823164582252502
YLL017W,YKR045C,0,-0.10298489,0.11786092817783356,0.7764471173286438,0.5824164748191833
YGL087C,YJL140W,0,-0.10305824,0.11784307658672333,0.7764471173286438,0.5825164914131165
YGR244C,YPL096W,0,-0.10338023,0.1178252324461937,0.7764471173286438,0.5826165080070496
YNL107W,YHR128W,0,-0.10344252,0.11780738830566406,0.7764471173286438,0.5827165246009827
YJL127C,YDR261C,0,-0.10352191,0.11778955161571503,0.7764471173286438,0.5828165411949158
YEL062W,YGL086W,0,-0.10352734,0.11777172237634659,0.7764471173286438,0.5829165577888489
YGL060W,YGR020C,0,-0.10379327,0.11775390058755875,0.7764471173286438,0.583016574382782
YLR355C,YNL309W,0,-0.103806406,0.1177360787987709,0.7764471173286438,0.5831166505813599
YGL219C,YDR328C,0,-0.10382101,0.11771826446056366,0.7764471173286438,0.583216667175293
YDR202C,YBR098W,0,-0.103860885,0.11770045757293701,0.7764471173286438,0.5833166837692261
YLR424W,YDR222W,0,-0.10445373,0.11768265068531036,0.7764471173286438,0.5834167003631592
YKL096W-A,YKL078W,0,-0.104709804,0.11766485124826431,0.7764471173286438,0.5835167169570923
YER019W,YKL048C,1,-0.10480997,0.11779827624559402,0.7774451375007629,0.5835167169570923
YCR073C,YLR319C,1,-0.10486458,0.11793165653944016,0.7784430980682373,0.5835167169570923
YCL026C-A,YNR051C,0,-0.10496403,0.11791383475065231,0.7784430980682373,0.5836167335510254
YPL225W,YMR176W,0,-0.10518794,0.11789601296186447,0.7784430980682373,0.5837167501449585
YOR241W,YFL034C-B,0,-0.10538764,0.11787819117307663,0.7784430980682373,0.5838167667388916
YOL135C,YHR174W,0,-0.10552955,0.11786038428544998,0.7784430980682373,0.5839167833328247
YHR084W,YML075C,0,-0.10571125,0.11784257739782333,0.7784430980682373,0.5840167999267578
YOR095C,YPR086W,0,-0.106543526,0.11782477051019669,0.7784430980682373,0.5841168165206909
YPR112C,YOL104C,0,-0.10688597,0.11780697852373123,0.7784430980682373,0.584216833114624
YIR021W,YMR280C,0,-0.10689624,0.11778918653726578,0.7784430980682373,0.5843168497085571
YER089C,YER118C,1,-0.10693025,0.11792238801717758,0.7794411182403564,0.5843168497085571
YLR264W,YLR136C,0,-0.107060045,0.11790458858013153,0.7794411182403564,0.5844168663024902
YPL032C,YDR020C,0,-0.10731049,0.11788678914308548,0.7794411182403564,0.5845168828964233
YGL220W,YLR136C,0,-0.107350335,0.11786900460720062,0.7794411182403564,0.5846168994903564
YDL209C,YIL015W,0,-0.10764365,0.11785121262073517,0.7794411182403564,0.5847169160842896
YDL159W,YEL048C,0,-0.10777471,0.11783343553543091,0.7794411182403564,0.5848169922828674
YOR122C,YPR114W,0,-0.10789426,0.11781565845012665,0.7794411182403564,0.5849170088768005
YEL001C,YJL110C,0,-0.108171664,0.11779788881540298,0.7794411182403564,0.5850170254707336
YCR048W,YKR089C,0,-0.108266756,0.11778012663125992,0.7794411182403564,0.5851170420646667
YGR046W,YJL181W,0,-0.10826834,0.11776236444711685,0.7794411182403564,0.5852170586585999
YFL045C,YBR155W,0,-0.10832141,0.11774460971355438,0.7794411182403564,0.585317075252533
YBL068W,YCR083W,0,-0.108455375,0.11772686243057251,0.7794411182403564,0.5854170918464661
YOR266W,YKL125W,0,-0.10867241,0.11770911514759064,0.7794411182403564,0.5855171084403992
YLR292C,YGR170W,0,-0.10896425,0.11769138276576996,0.7794411182403564,0.5856171250343323
YGR260W,YML107C,0,-0.10916588,0.11767365038394928,0.7794411182403564,0.5857171416282654
YMR229C,YDL076C,0,-0.10956441,0.1176559180021286,0.7794411182403564,0.5858171582221985
YBR208C,YDR294C,0,-0.10957807,0.11763820052146912,0.7794411182403564,0.5859171748161316
YMR002W,YBL026W,0,-0.109911576,0.11762048304080963,0.7794411182403564,0.5860171914100647
YFR027W,YPL061W,0,-0.11024486,0.11760277301073074,0.7794411182403564,0.5861172080039978
YPR171W,YBR201W,0,-0.11043458,0.11758506298065186,0.7794411182403564,0.5862172245979309
YBR083W,YKL185W,0,-0.110453516,0.11756736785173416,0.7794411182403564,0.586317241191864
YFL055W,YDL191W,0,-0.11047876,0.11754966527223587,0.7794411182403564,0.5864172577857971
YOR188W,YDL216C,0,-0.11075831,0.11753197759389877,0.7794411182403564,0.5865172743797302
YER018C,YLR353W,0,-0.11155431,0.11751429736614227,0.7794411182403564,0.5866173505783081
YDL232W,YBL066C,0,-0.11169502,0.11749661713838577,0.7794411182403564,0.5867173671722412
YDR407C,YNL309W,0,-0.11217203,0.11747894436120987,0.7794411182403564,0.5868173837661743
YEL004W,YPL192C,0,-0.11218752,0.11746127158403397,0.7794411182403564,0.5869174003601074
YBR060C,YHR211W,0,-0.112292424,0.11744360625743866,0.7794411182403564,0.5870174169540405
YOL155C,YBR200W,0,-0.11232461,0.11742594838142395,0.7794411182403564,0.5871174335479736
YGL087C,YJR056C,0,-0.11329549,0.11740829795598984,0.7794411182403564,0.5872174501419067
YLR148W,YCL068C,0,-0.11363305,0.11739064753055573,0.7794411182403564,0.5873174667358398
YCR089W,YNL163C,0,-0.1136924,0.1173730120062828,0.7794411182403564,0.587417483329773
YPL104W,YDR179C,0,-0.11377208,0.11735536903142929,0.7794411182403564,0.587517499923706
YDR119W,YML069W,0,-0.11387545,0.11733774095773697,0.7794411182403564,0.5876175165176392
YMR230W,YMR068W,0,-0.11392025,0.11732011288404465,0.7794411182403564,0.5877175331115723
YDL135C,YOR060C,0,-0.1141041,0.11730249226093292,0.7794411182403564,0.5878175497055054
YNL288W,YNL088W,0,-0.11435717,0.1172848790884018,0.7794411182403564,0.5879175662994385
YNL068C,YDR131C,0,-0.11437957,0.11726726591587067,0.7794411182403564,0.5880175828933716
YLR435W,YPL241C,0,-0.11456805,0.11724966019392014,0.7794411182403564,0.5881175994873047
YGR296W,YOL090W,0,-0.11464137,0.1172320619225502,0.7794411182403564,0.5882176160812378
YLR037C,YLR223C,0,-0.11467085,0.11721447110176086,0.7794411182403564,0.5883176922798157
YLR289W,YKR044W,0,-0.11482663,0.11719688028097153,0.7794411182403564,0.5884177088737488
YOR020C,YKL171W,0,-0.114988506,0.11717929691076279,0.7794411182403564,0.5885177254676819
YBL047C,YDR349C,0,-0.115239926,0.11716171354055405,0.7794411182403564,0.588617742061615
YJL030W,YCR089W,0,-0.11550478,0.1171441450715065,0.7794411182403564,0.5887177586555481
YDR381W,YPL198W,0,-0.11583242,0.11712657660245895,0.7794411182403564,0.5888177752494812
YGR014W,YER062C,1,-0.11606683,0.1172589585185051,0.7804391384124756,0.5888177752494812
YIL009W,YGL175C,0,-0.11642052,0.11724138259887695,0.7804391384124756,0.5889177918434143
YOL155C,YGR212W,0,-0.116452806,0.11722380667924881,0.7804391384124756,0.5890178084373474
YLR110C,YMR288W,0,-0.116470754,0.11720623821020126,0.7804391384124756,0.5891178250312805
YLR064W,YGR083C,0,-0.11654347,0.11718866974115372,0.7804391384124756,0.5892178416252136
YIL044C,YHR141C,0,-0.11657992,0.11717110872268677,0.7804391384124756,0.5893178582191467
YDL245C,YGL186C,0,-0.1166172,0.11715355515480042,0.7804391384124756,0.5894178748130798
YLR332W,YHL007C,1,-0.1166324,0.11728580296039581,0.78143709897995,0.5894178748130798
YPL002C,YBR238C,0,-0.116667375,0.11726823449134827,0.78143709897995,0.5895178914070129
YGR044C,YDL039C,0,-0.1169415,0.11725067347288132,0.78143709897995,0.589617908000946
YPL193W,YOR019W,0,-0.11698575,0.11723311990499496,0.78143709897995,0.5897179245948792
YDR268W,YKL206C,0,-0.11699837,0.11721556633710861,0.78143709897995,0.5898179411888123
YJL117W,YOL129W,0,-0.11712311,0.11719802767038345,0.78143709897995,0.5899179577827454
YDR416W,YOR209C,0,-0.11715892,0.1171804815530777,0.78143709897995,0.5900179743766785
YFL013C,YMR176W,0,-0.117235854,0.11716295033693314,0.78143709897995,0.5901180505752563
YGR041W,YJR109C,0,-0.11732696,0.11714541912078857,0.78143709897995,0.5902180671691895
YDL235C,YLR128W,0,-0.11754304,0.11712789535522461,0.78143709897995,0.5903180837631226
YHR077C,YDR067C,0,-0.11795497,0.11711037904024124,0.78143709897995,0.5904181003570557
YKL038W,YCL045C,0,-0.118129745,0.11709287017583847,0.78143709897995,0.5905181169509888
YAL040C,YOR100C,0,-0.11843239,0.1170753613114357,0.78143709897995,0.5906181335449219
YBR295W,YKL138C,0,-0.1192494,0.11705785989761353,0.78143709897995,0.590718150138855
YDL168W,YBR015C,0,-0.11931278,0.11704035848379135,0.78143709897995,0.5908181667327881
YBL061C,YOR047C,1,-0.119562164,0.11717232316732407,0.7824351191520691,0.5908181667327881
YDR316W,YER098W,0,-0.11962226,0.1171548143029213,0.7824351191520691,0.5909181833267212
YBR221C,YHR124W,0,-0.11994299,0.11713730543851852,0.7824351191520691,0.5910181999206543
YBL016W,YEL047C,0,-0.12014656,0.11711981147527695,0.7824351191520691,0.5911182165145874
YBR118W,YEL027W,0,-0.12027459,0.11710231751203537,0.7824351191520691,0.5912182331085205
YJR067C,YKR027W,0,-0.12051736,0.11708482354879379,0.7824351191520691,0.5913182497024536
YOL023W,YGL011C,0,-0.120563656,0.11706734448671341,0.7824351191520691,0.5914182662963867
YGL150C,YLR337C,0,-0.12065608,0.11704986542463303,0.7824351191520691,0.5915182828903198
YHR183W,YLR181C,0,-0.1209269,0.11703239381313324,0.7824351191520691,0.5916182994842529
YDR451C,YJR119C,0,-0.120970234,0.11701492220163345,0.7824351191520691,0.591718316078186
YDR051C,YJR051W,0,-0.121523604,0.11699746549129486,0.7824351191520691,0.5918183922767639
YDL235C,YLR372W,0,-0.121534444,0.11698000878095627,0.7824351191520691,0.591918408870697
YJL035C,YMR101C,0,-0.12163266,0.11696255207061768,0.7824351191520691,0.5920184254646301
YEL048C,YMR039C,0,-0.1216764,0.11694511026144028,0.7824351191520691,0.5921184420585632
YPL093W,YMR123W,0,-0.12250839,0.11692766845226288,0.7824351191520691,0.5922184586524963
YEL052W,YGL033W,0,-0.12255593,0.11691022664308548,0.7824351191520691,0.5923184752464294
YBR272C,YCR018C,0,-0.12262006,0.11689279973506927,0.7824351191520691,0.5924184918403625
YOL089C,YER118C,1,-0.12263994,0.11702445149421692,0.7834331393241882,0.5924184918403625
YKL069W,YOL054W,0,-0.12266389,0.11700700223445892,0.7834331393241882,0.5925185084342957
YPL110C,YNL072W,0,-0.12287937,0.11698956787586212,0.7834331393241882,0.5926185250282288
YML121W,YLR071C,0,-0.12322491,0.11697213351726532,0.7834331393241882,0.5927185416221619
YOR344C,YMR319C,0,-0.12358388,0.11695470660924911,0.7834331393241882,0.592818558216095
YMR101C,YJR031C,0,-0.12369467,0.11693728715181351,0.7834331393241882,0.5929185748100281
YDL066W,YOR085W,0,-0.12429768,0.1169198676943779,0.7834331393241882,0.5930185914039612
YCL044C,YER019W,0,-0.12447277,0.11690245568752289,0.7834331393241882,0.5931186079978943
YJR102C,YNL020C,0,-0.12461878,0.11688505113124847,0.7834331393241882,0.5932186245918274
YGL093W,YNL131W,0,-0.12536407,0.11686764657497406,0.7834331393241882,0.5933186411857605
YBR274W,YHR041C,0,-0.12545735,0.11685024946928024,0.7834331393241882,0.5934186577796936
YPL008W,YBR121C,0,-0.12576227,0.11683285981416702,0.7834331393241882,0.5935186743736267
YMR242C,YNL147W,0,-0.12580635,0.1168154776096344,0.7834331393241882,0.5936187505722046
YOR016C,YJL140W,0,-0.1258385,0.11679809540510178,0.7834331393241882,0.5937187671661377
YBL034C,YPR035W,0,-0.12599185,0.11678072065114975,0.7834331393241882,0.5938187837600708
YMR186W,YIL035C,0,-0.12603118,0.11676335334777832,0.7834331393241882,0.5939188003540039
YKL217W,YJR053W,0,-0.12626302,0.11674598604440689,0.7834331393241882,0.594018816947937
YLR197W,YOL032W,0,-0.12626426,0.11672862619161606,0.7834331393241882,0.5941188335418701
YGL032C,YHR103W,0,-0.1264116,0.11671126633882523,0.7834331393241882,0.5942188501358032
YNR074C,YHR074W,0,-0.12660591,0.11669392138719559,0.7834331393241882,0.5943188667297363
YER089C,YPL180W,1,-0.12675068,0.11682520806789398,0.7844311594963074,0.5943188667297363
YCL029C,YJL204C,0,-0.1269035,0.11680784821510315,0.7844311594963074,0.5944188833236694
YKR008W,YBR274W,0,-0.12701581,0.11679048836231232,0.7844311594963074,0.5945188999176025
YNL005C,YJR105W,0,-0.12744711,0.11677313596010208,0.7844311594963074,0.5946189165115356
YCL074W,YNL315C,0,-0.12753406,0.11675579100847244,0.7844311594963074,0.5947189331054688
YNL272C,YKL222C,0,-0.127961,0.1167384535074234,0.7844311594963074,0.5948189496994019
YLL036C,YLR329W,0,-0.12841274,0.11672111600637436,0.7844311594963074,0.594918966293335
YLR277C,YDR477W,0,-0.1284486,0.11670378595590591,0.7844311594963074,0.5950189828872681
YDR268W,YDR517W,0,-0.12898107,0.11668646335601807,0.7844311594963074,0.5951189994812012
YLR016C,YNL238W,0,-0.1291518,0.11666914075613022,0.7844311594963074,0.5952190160751343
YDR446W,YHR043C,0,-0.1292444,0.11665182560682297,0.7844311594963074,0.5953190922737122
YIL053W,YCR018C,0,-0.12954627,0.11663451790809631,0.7844311594963074,0.5954191088676453
YMR214W,YIR005W,0,-0.12988468,0.11661721020936966,0.7844311594963074,0.5955191254615784
YDR098C,YJR028W,0,-0.1298997,0.1165999099612236,0.7844311594963074,0.5956191420555115
YJL168C,YKL058W,0,-0.12995194,0.11658261716365814,0.7844311594963074,0.5957191586494446
YIL056W,YNR052C,0,-0.13052207,0.11656532436609268,0.7844311594963074,0.5958191752433777
YBR239C,YPR097W,0,-0.13055517,0.11654803901910782,0.7844311594963074,0.5959191918373108
YCR106W,YIR035C,0,-0.13083294,0.11653076112270355,0.7844311594963074,0.5960192084312439
YNL309W,YHR112C,0,-0.13092628,0.11651349067687988,0.7844311594963074,0.596119225025177
YNL284C,YEL027W,0,-0.13093647,0.11649622023105621,0.7844311594963074,0.5962192416191101
YHR066W,YML130C,0,-0.1310325,0.11647895723581314,0.7844311594963074,0.5963192582130432
YOR195W,YPR101W,0,-0.13103697,0.11646170169115067,0.7844311594963074,0.5964192748069763
YML109W,YNR075W,0,-0.13125913,0.11644444614648819,0.7844311594963074,0.5965192914009094
YLR011W,YNL081C,0,-0.13126977,0.11642719805240631,0.7844311594963074,0.5966193079948425
YDR435C,YBR084C-A,0,-0.13133821,0.11640994995832443,0.7844311594963074,0.5967193245887756
YKR071C,YPR008W,0,-0.131351,0.11639271676540375,0.7844311594963074,0.5968193411827087
YBL005W,YMR055C,0,-0.13137339,0.11637548357248306,0.7844311594963074,0.5969193577766418
YOR255W,YNL224C,0,-0.13138634,0.11635825037956238,0.7844311594963074,0.597019374370575
YJL122W,YOL119C,0,-0.131745,0.11634103208780289,0.7844311594963074,0.5971194505691528
YJL054W,YDL220C,0,-0.13205749,0.1163238137960434,0.7844311594963074,0.5972194671630859
YLR332W,YOR122C,1,-0.13223417,0.11645457148551941,0.7854291200637817,0.5972194671630859
YOR297C,YKL088W,1,-0.13242784,0.11658529192209244,0.7864271402359009,0.5972194671630859
YDR141C,YOL066C,0,-0.13272376,0.11656804382801056,0.7864271402359009,0.597319483757019
YNL177C,YGL198W,0,-0.13307504,0.11655080318450928,0.7864271402359009,0.5974195003509521
YMR213W,YGL226W,0,-0.13312212,0.11653356999158859,0.7864271402359009,0.5975195169448853
YPL189W,YJL030W,0,-0.1332445,0.11651633679866791,0.7864271402359009,0.5976195335388184
YML021C,YEL020C,0,-0.13360408,0.11649911105632782,0.7864271402359009,0.5977195501327515
YOR158W,YPR055W,0,-0.13368036,0.11648189276456833,0.7864271402359009,0.5978195667266846
YJR073C,YGL092W,0,-0.1340649,0.11646467447280884,0.7864271402359009,0.5979195833206177
YOR064C,YHR026W,0,-0.13417853,0.11644746363162994,0.7864271402359009,0.5980195999145508
YNL261W,YIR019C,0,-0.13439852,0.11643026024103165,0.7864271402359009,0.5981196165084839
YMR063W,YNL030W,0,-0.13458152,0.11641305685043335,0.7864271402359009,0.598219633102417
YDR415C,YBR244W,0,-0.13493532,0.11639586091041565,0.7864271402359009,0.5983196496963501
YNL251C,YLL048C,0,-0.13494137,0.11637867242097855,0.7864271402359009,0.5984196662902832
YDL022W,YOR122C,1,-0.13502464,0.11650915443897247,0.78742516040802,0.5984196662902832
YNL079C,YBR265W,0,-0.13503674,0.11649195104837418,0.78742516040802,0.5985196828842163
YOR181W,YKL143W,1,-0.13507232,0.11662238091230392,0.7884231805801392,0.5985196828842163
YCL074W,YIL083C,0,-0.13510212,0.11660516262054443,0.7884231805801392,0.5986196994781494
YHR059W,YMR272C,0,-0.13514635,0.11658795922994614,0.7884231805801392,0.5987197160720825
YMR011W,YBR102C,0,-0.13524298,0.11657075583934784,0.7884231805801392,0.5988197922706604
YMR089C,YJR002W,0,-0.13529672,0.11655355244874954,0.7884231805801392,0.5989198088645935
YOL154W,YOR237W,0,-0.13532752,0.11653636395931244,0.7884231805801392,0.5990198254585266
YHR107C,YJL206C,0,-0.13545376,0.11651917546987534,0.7884231805801392,0.5991198420524597
YMR202W,YNL169C,0,-0.13563173,0.11650199443101883,0.7884231805801392,0.5992198586463928
YIL040W,YJL024C,0,-0.13566688,0.11648481339216232,0.7884231805801392,0.5993198752403259
YPR145W,YKL174C,0,-0.13580737,0.11646763980388641,0.7884231805801392,0.599419891834259
YAL022C,YMR183C,0,-0.13588917,0.1164504736661911,0.7884231805801392,0.5995199084281921
YBR208C,YMR149W,0,-0.13589518,0.11643330752849579,0.7884231805801392,0.5996199250221252
YGL061C,YDR072C,0,-0.13592036,0.11641614884138107,0.7884231805801392,0.5997199416160583
YOR272W,YOL088C,0,-0.13592106,0.11639899760484695,0.7884231805801392,0.5998199582099915
YNL002C,YOR351C,0,-0.13617873,0.11638185381889343,0.7884231805801392,0.5999199748039246
YNL288W,YBL091C-A,0,-0.13657504,0.11636471003293991,0.7884231805801392,0.6000199913978577
YOR329C,YDR498C,0,-0.13667183,0.11634756624698639,0.7884231805801392,0.6001200079917908
YOR249C,YCR066W,0,-0.13670549,0.11633043736219406,0.7884231805801392,0.6002200245857239
YLR220W,YEL032W,0,-0.13705121,0.11631330847740173,0.7884231805801392,0.600320041179657
YDR226W,YER031C,0,-0.13724147,0.11629618704319,0.7884231805801392,0.6004200577735901
YPR171W,YPL242C,1,-0.13729821,0.1164262592792511,0.7894211411476135,0.6004200577735901
YCL067C,YCR043C,0,-0.13750082,0.11640912294387817,0.7894211411476135,0.6005200743675232
YER090W,YDR159W,0,-0.13762112,0.11639199405908585,0.7894211411476135,0.6006201505661011
YJR026W,YGR214W,0,-0.13818285,0.11637487262487411,0.7894211411476135,0.6007201671600342
YIL156W,YGL171W,0,-0.13829228,0.11635775119066238,0.7894211411476135,0.6008201837539673
YOR194C,YJL103C,0,-0.13849537,0.11634063720703125,0.7894211411476135,0.6009202003479004
YHR201C,YLR309C,0,-0.1388417,0.11632353067398071,0.7894211411476135,0.6010202169418335
YLR203C,YFL061W,0,-0.13938662,0.11630642414093018,0.7894211411476135,0.6011202335357666
YOL060C,YNL327W,0,-0.139519,0.11628932505846024,0.7894211411476135,0.6012202501296997
YJL181W,YFR053C,0,-0.14009568,0.11627223342657089,0.7894211411476135,0.6013202667236328
YJL180C,YBL097W,0,-0.14014168,0.11625514179468155,0.7894211411476135,0.6014202833175659
YIR022W,YGL026C,0,-0.14021327,0.1162380576133728,0.7894211411476135,0.601520299911499
YGL203C,YGL220W,0,-0.14044707,0.11622098088264465,0.7894211411476135,0.6016203165054321
YDL102W,YDL078C,0,-0.14058246,0.1162039041519165,0.7894211411476135,0.6017203330993652
YGR266W,YPR120C,0,-0.14081763,0.11618684232234955,0.7894211411476135,0.6018203496932983
YIL148W,YBR265W,0,-0.14084667,0.116169773042202,0.7894211411476135,0.6019203662872314
YBR060C,YDR004W,0,-0.14118493,0.11615271866321564,0.7894211411476135,0.6020203828811646
YIL157C,YGR099W,0,-0.14138475,0.11613566428422928,0.7894211411476135,0.6021203994750977
YPL212C,YOR255W,0,-0.14160745,0.11611861735582352,0.7894211411476135,0.6022204160690308
YDR256C,YKL208W,0,-0.14180009,0.11610157042741776,0.7894211411476135,0.6023204922676086
YGL105W,YOL017W,0,-0.14239386,0.11608453094959259,0.7894211411476135,0.6024205088615417
YPL178W,YGL013C,0,-0.14247914,0.11606749892234802,0.7894211411476135,0.6025205254554749
YDL232W,YLR037C,0,-0.14294602,0.11605046689510345,0.7894211411476135,0.602620542049408
YOL101C,YGR252W,0,-0.14318869,0.11603344231843948,0.7894211411476135,0.6027205586433411
YOR367W,YHR114W,1,-0.14337423,0.11616309732198715,0.7904191613197327,0.6027205586433411
YJL117W,YER151C,0,-0.14378196,0.11614606529474258,0.7904191613197327,0.6028205752372742
YBR039W,YPL108W,0,-0.14387843,0.11612903326749802,0.7904191613197327,0.6029205918312073
YGL099W,YBR066C,0,-0.14388937,0.11611200869083405,0.7904191613197327,0.6030206084251404
YGL226W,YLR190W,0,-0.1446226,0.11609498411417007,0.7904191613197327,0.6031206250190735
YDL188C,YNL273W,0,-0.14500049,0.1160779744386673,0.7904191613197327,0.6032206416130066
YPL132W,YPL007C,0,-0.14507838,0.11606096476316452,0.7904191613197327,0.6033206582069397
YDR485C,YDR464W,0,-0.14508285,0.11604395508766174,0.7904191613197327,0.6034206748008728
YNR018W,YGR235C,0,-0.1451682,0.11602695286273956,0.7904191613197327,0.6035206913948059
YDR092W,YDR430C,0,-0.1455097,0.11600995808839798,0.7904191613197327,0.603620707988739
YBR239C,YMR011W,0,-0.14566489,0.115992970764637,0.7904191613197327,0.6037207245826721
YDR040C,YCR012W,0,-0.14647353,0.11597598344087601,0.7904191613197327,0.6038207411766052
YBR301W,YGR211W,0,-0.14680775,0.11595900356769562,0.7904191613197327,0.6039207577705383
YOL088C,YIL022W,0,-0.14734466,0.11594203114509583,0.7904191613197327,0.6040207743644714
YER160C,YOR301W,0,-0.14741579,0.11592505872249603,0.7904191613197327,0.6041208505630493
YGL105W,YBR196C,0,-0.1475199,0.11590809375047684,0.7904191613197327,0.6042208671569824
YDR444W,YDR434W,0,-0.14779271,0.11589113622903824,0.7904191613197327,0.6043208837509155
YGL018C,YJR032W,0,-0.14818792,0.11587417870759964,0.7904191613197327,0.6044209003448486
YBR278W,YPR201W,0,-0.14837168,0.11585722863674164,0.7904191613197327,0.6045209169387817
YDR463W,YGL023C,0,-0.14902395,0.11584027856588364,0.7904191613197327,0.6046209335327148
YOL148C,YLR278C,0,-0.14935794,0.11582334339618683,0.7904191613197327,0.604720950126648
YIL040W,YPL132W,0,-0.1496351,0.11580640077590942,0.7904191613197327,0.604820966720581
YPL037C,YJL124C,0,-0.15025295,0.11578947305679321,0.7904191613197327,0.6049209833145142
YHR120W,YNL056W,0,-0.15028715,0.115772545337677,0.7904191613197327,0.6050209999084473
YOR144C,YJL091C,0,-0.15043977,0.11575562506914139,0.7904191613197327,0.6051210165023804
YMR005W,YBL045C,0,-0.1508964,0.11573871225118637,0.7904191613197327,0.6052210330963135
YOL020W,YDR492W,0,-0.151134,0.11572179943323135,0.7904191613197327,0.6053210496902466
YHR168W,YJL099W,0,-0.15152644,0.11570489406585693,0.7904191613197327,0.6054210662841797
YKL020C,YPR144C,0,-0.15152813,0.11568799614906311,0.7904191613197327,0.6055210828781128
YNR030W,YNL238W,0,-0.15160954,0.11567109823226929,0.7904191613197327,0.6056210994720459
YOR156C,YLR388W,0,-0.1517306,0.11565420776605606,0.7904191613197327,0.605721116065979
YMR015C,YLR102C,0,-0.1522312,0.11563731729984283,0.7904191613197327,0.6058211922645569
YGR036C,YBR180W,0,-0.15236205,0.1156204342842102,0.7904191613197327,0.60592120885849
YNL044W,YLR209C,0,-0.15293439,0.11560355871915817,0.7904191613197327,0.6060212254524231
YHL038C,YHR039C,0,-0.15306176,0.11558669060468674,0.7904191613197327,0.6061212420463562
YER143W,YOR140W,0,-0.15343955,0.1155698224902153,0.7904191613197327,0.6062212586402893
YHR057C,YPL128C,0,-0.15363923,0.11555296182632446,0.7904191613197327,0.6063212752342224
YOR393W,YGL127C,0,-0.15398821,0.11553610861301422,0.7904191613197327,0.6064212918281555
YML098W,YLR368W,0,-0.1540639,0.11551925539970398,0.7904191613197327,0.6065213084220886
YPL212C,YHR115C,0,-0.15415524,0.11550240963697433,0.7904191613197327,0.6066213250160217
YNR010W,YOR371C,0,-0.15449671,0.11548556387424469,0.7904191613197327,0.6067213416099548
YCL033C,YBR008C,0,-0.15454222,0.11546872556209564,0.7904191613197327,0.6068213582038879
YJL200C,YNL113W,0,-0.15459351,0.11545189470052719,0.7904191613197327,0.606921374797821
YDL012C,YGL236C,0,-0.15536457,0.11543507128953934,0.7904191613197327,0.6070213913917542
YNL190W,YKR072C,1,-0.15550692,0.11556397378444672,0.7914171814918518,0.6070213913917542
YJL003W,YKL069W,0,-0.15552713,0.11554713547229767,0.7914171814918518,0.6071214079856873
YNR074C,YJR082C,0,-0.15561602,0.11553030461072922,0.7914171814918518,0.6072214245796204
YGR285C,YBL091C,0,-0.15593591,0.11551347374916077,0.7914171814918518,0.6073214411735535
YDR296W,YCR107W,0,-0.15599133,0.11549665033817291,0.7914171814918518,0.6074214577674866
YGL163C,YJL093C,0,-0.15617773,0.11547983437776566,0.7914171814918518,0.6075215339660645
YER078C,YER032W,0,-0.15625073,0.1154630184173584,0.7914171814918518,0.6076215505599976
YDL018C,YER072W,0,-0.1564327,0.11544620990753174,0.7914171814918518,0.6077215671539307
YDR026C,YLL033W,0,-0.15697807,0.11542940139770508,0.7914171814918518,0.6078215837478638
YFL023W,YGL207W,0,-0.1571714,0.11541260033845901,0.7914171814918518,0.6079216003417969
YHR063C,YGL144C,0,-0.15736192,0.11539580672979355,0.7914171814918518,0.60802161693573
YBL018C,YAL055W,0,-0.15770778,0.11537902057170868,0.7914171814918518,0.6081216335296631
YPL072W,YDR302W,0,-0.15783305,0.11536223441362381,0.7914171814918518,0.6082216501235962
YCR083W,YNL147W,0,-0.15836798,0.11534545570611954,0.7914171814918518,0.6083216667175293
YMR032W,YMR172W,1,-0.15843475,0.11547411233186722,0.7924151420593262,0.6083216667175293
YPL215W,YLR183C,0,-0.15930913,0.11545731872320175,0.7924151420593262,0.6084216833114624
YIL069C,YJR082C,0,-0.15963145,0.11544053256511688,0.7924151420593262,0.6085216999053955
YJL203W,YML023C,0,-0.16021661,0.11542375385761261,0.7924151420593262,0.6086217164993286
YBR037C,YOR191W,0,-0.16058446,0.11540697515010834,0.7924151420593262,0.6087217330932617
YOR304W,YIL119C,0,-0.16117133,0.11539020389318466,0.7924151420593262,0.6088217496871948
YKR003W,YJR040W,0,-0.1611751,0.11537344008684158,0.7924151420593262,0.6089217662811279
YIL118W,YDR150W,0,-0.16125637,0.1153566762804985,0.7924151420593262,0.609021782875061
YGL049C,YMR035W,0,-0.16138223,0.11533991992473602,0.7924151420593262,0.6091217994689941
YLL036C,YLR013W,0,-0.16209327,0.11532316356897354,0.7924151420593262,0.6092218160629272
YJR034W,YNL246W,0,-0.16209406,0.11530642211437225,0.7924151420593262,0.6093218922615051
YPL242C,YMR172W,1,-0.16253406,0.11543487757444382,0.7934131622314453,0.6093218922615051
YPL069C,YJL092W,0,-0.16263641,0.11541812121868134,0.7934131622314453,0.6094219088554382
YJL178C,YPR095C,0,-0.16277497,0.11540136486291885,0.7934131622314453,0.6095219254493713
YLR314C,YML107C,0,-0.16360746,0.11538461595773697,0.7934131622314453,0.6096219420433044
YDR332W,YCR046C,0,-0.16402736,0.11536787450313568,0.7934131622314453,0.6097219586372375
YFR019W,YKL160W,0,-0.16418014,0.1153511330485344,0.7934131622314453,0.6098219752311707
YOL135C,YMR136W,0,-0.16440268,0.1153343990445137,0.7934131622314453,0.6099219918251038
YBR088C,YOL026C,0,-0.16473784,0.11531766504049301,0.7934131622314453,0.6100220084190369
YJR048W,YML032C,0,-0.16486879,0.11530094593763351,0.7934131622314453,0.61012202501297
YIL110W,YEL019C,0,-0.16500062,0.11528421938419342,0.7934131622314453,0.6102220416069031
YJL028W,YJR054W,0,-0.16549653,0.11526750773191452,0.7934131622314453,0.6103220582008362
YMR109W,YPL242C,1,-0.16553187,0.11539576947689056,0.7944111824035645,0.6103220582008362
YOL054W,YDR190C,0,-0.16565701,0.11537904292345047,0.7944111824035645,0.6104220747947693
YPR009W,YLR095C,0,-0.16583273,0.11536231637001038,0.7944111824035645,0.6105220913887024
YPR037C,YLR288C,0,-0.16623186,0.11534560471773148,0.7944111824035645,0.6106221079826355
YNL082W,YGR193C,0,-0.1662613,0.11532889306545258,0.7944111824035645,0.6107221245765686
YPL010W,YER031C,0,-0.16686717,0.11531218141317368,0.7944111824035645,0.6108221411705017
YIR034C,YPL129W,0,-0.16708897,0.11529547721147537,0.7944111824035645,0.6109221577644348
YLR165C,YIL162W,0,-0.16714771,0.11527878046035767,0.7944111824035645,0.6110222339630127
YIR032C,YML082W,0,-0.16760994,0.11526209115982056,0.7944111824035645,0.6111222505569458
YER018C,YMR146C,0,-0.16774455,0.11524540185928345,0.7944111824035645,0.6112222671508789
YDL207W,YPL011C,0,-0.16795124,0.11522872000932693,0.7944111824035645,0.611322283744812
YDR378C,YGR203W,0,-0.16800776,0.11521204560995102,0.7944111824035645,0.6114223003387451
YIL008W,YLR367W,0,-0.16805445,0.1151953712105751,0.7944111824035645,0.6115223169326782
YML052W,YPL187W,0,-0.16843122,0.11517870426177979,0.7944111824035645,0.6116223335266113
YJL124C,YLR037C,0,-0.16869062,0.11516203731298447,0.7944111824035645,0.6117223501205444
YHR009C,YJL179W,0,-0.16897123,0.11514537781476974,0.7944111824035645,0.6118223667144775
YML092C,YDR206W,0,-0.16924627,0.11512872576713562,0.7944111824035645,0.6119223833084106
YPL239W,YMR032W,1,-0.1692665,0.11525668948888779,0.7954092025756836,0.6119223833084106
YLR341W,YNL145W,0,-0.1696654,0.11524002254009247,0.7954092025756836,0.6120223999023438
YPR198W,YPL066W,0,-0.17071013,0.11522336304187775,0.7954092025756836,0.6121224164962769
YPR033C,YER005W,0,-0.17141362,0.11520670354366302,0.7954092025756836,0.61222243309021
YFR050C,YBL026W,0,-0.17146146,0.1151900589466095,0.7954092025756836,0.6123224496841431
YCR035C,YKR089C,0,-0.17160398,0.11517340689897537,0.7954092025756836,0.6124224662780762
YDR267C,YFR021W,0,-0.17206965,0.11515676975250244,0.7954092025756836,0.6125224828720093
YDR291W,YOR311C,0,-0.17213508,0.11514013260602951,0.7954092025756836,0.6126224994659424
YDR303C,YJR048W,0,-0.17224596,0.11512350291013718,0.7954092025756836,0.6127225160598755
YOR328W,YBR094W,0,-0.1724516,0.11510687321424484,0.7954092025756836,0.6128225922584534
YPL283C,YGL112C,0,-0.17291242,0.1150902509689331,0.7954092025756836,0.6129226088523865
YFR024C,YPR094W,0,-0.17363231,0.11507363617420197,0.7954092025756836,0.6130226254463196
YOR367W,YLR336C,1,-0.17381935,0.11520138382911682,0.796407163143158,0.6130226254463196
YCR087C-A,YFL061W,0,-0.17386623,0.11518475413322449,0.796407163143158,0.6131226420402527
YNL263C,YLR223C,0,-0.17419934,0.11516813188791275,0.796407163143158,0.6132226586341858
YJR102C,YGL196W,0,-0.17429933,0.11515151709318161,0.796407163143158,0.6133226752281189
YJL081C,YOL126C,0,-0.17439021,0.11513490229845047,0.796407163143158,0.613422691822052
YLR130C,YKL172W,0,-0.17470177,0.11511829495429993,0.796407163143158,0.6135227084159851
YLR319C,YMR172W,1,-0.1753795,0.11524592339992523,0.7974051833152771,0.6135227084159851
YOL027C,YNL079C,0,-0.1755727,0.1152293011546135,0.7974051833152771,0.6136227250099182
YJR040W,YDR427W,0,-0.17575411,0.11521268635988235,0.7974051833152771,0.6137227416038513
YOR251C,YGL045W,0,-0.17577507,0.11519607901573181,0.7974051833152771,0.6138227581977844
YPR198W,YKL130C,0,-0.17602652,0.11517947167158127,0.7974051833152771,0.6139227747917175
YHR066W,YOL124C,0,-0.176433,0.11516287177801132,0.7974051833152771,0.6140227913856506
YJR005W,YGL201C,0,-0.1764373,0.11514627188444138,0.7974051833152771,0.6141228079795837
YOL077W-A,YMR236W,0,-0.176734,0.11512967944145203,0.7974051833152771,0.6142228245735168
YDR025W,YOL001W,0,-0.17718168,0.11511309444904327,0.7974051833152771,0.61432284116745
YLR029C,YPL256C,0,-0.1772975,0.11509651690721512,0.7974051833152771,0.6144228577613831
YKR001C,YGR238C,0,-0.17743297,0.11507993936538696,0.7974051833152771,0.6145229339599609
YGL196W,YDR367W,0,-0.17751335,0.11506336182355881,0.7974051833152771,0.614622950553894
YPL215W,YPL152W,0,-0.17753929,0.11504679918289185,0.7974051833152771,0.6147229671478271
YGL083W,YDR151C,0,-0.17770405,0.11503023654222488,0.7974051833152771,0.6148229837417603
YDR338C,YBR066C,0,-0.17772344,0.11501367390155792,0.7974051833152771,0.6149230003356934
YBL061C,YFL039C,1,-0.17775714,0.11514104902744293,0.7984032034873962,0.6149230003356934
YJL206C,YOL027C,0,-0.17791237,0.11512447893619537,0.7984032034873962,0.6150230169296265
YDL235C,YPL180W,1,-0.17799932,0.1152518019080162,0.7994012236595154,0.6150230169296265
YMR313C,YCR043C,0,-0.17855634,0.11523521691560745,0.7994012236595154,0.6151230335235596
YCR065W,YLR229C,0,-0.17926502,0.1152186393737793,0.7994012236595154,0.6152230501174927
YOR008C,YKR072C,1,-0.17939293,0.11534589529037476,0.8003991842269897,0.6152230501174927
YMR304W,YOL023W,0,-0.17954105,0.115329310297966,0.8003991842269897,0.6153230667114258
YPR023C,YPR188C,0,-0.17984922,0.11531272530555725,0.8003991842269897,0.6154230833053589
YLR113W,YKL144C,0,-0.18013659,0.1152961477637291,0.8003991842269897,0.615523099899292
YHL034C,YBL072C,0,-0.18079431,0.11527957767248154,0.8003991842269897,0.6156231164932251
YLR406C,YNL020C,0,-0.1809203,0.11526300758123398,0.8003991842269897,0.6157231330871582
YJR026W,YDR538W,0,-0.18156926,0.11524644494056702,0.8003991842269897,0.6158231496810913
YOL069W,YMR284W,0,-0.18166064,0.11522988229990005,0.8003991842269897,0.6159231662750244
YLL048C,YDR143C,0,-0.18193159,0.11521333456039429,0.8003991842269897,0.6160231828689575
YPL001W,YPR151C,0,-0.18220036,0.11519677937030792,0.8003991842269897,0.6161231994628906
YPL082C,YDR175C,0,-0.18222909,0.11518023908138275,0.8003991842269897,0.6162232160568237
YDL042C,YLR466W,0,-0.1823581,0.11516369879245758,0.8003991842269897,0.6163232922554016
YCR002C,YHL003C,0,-0.18240628,0.115147165954113,0.8003991842269897,0.6164233088493347
YBR276C,YNL209W,0,-0.18251014,0.11513063311576843,0.8003991842269897,0.6165233254432678
YOR056C,YHR214W,0,-0.18257925,0.11511410772800446,0.8003991842269897,0.6166233420372009
YIL153W,YBR016W,1,-0.18258551,0.11524110287427902,0.8013972043991089,0.6166233420372009
YOR099W,YML061C,0,-0.18274413,0.11522456258535385,0.8013972043991089,0.616723358631134
YPL242C,YLR362W,1,-0.18281195,0.11535150557756424,0.802395224571228,0.616723358631134
YML093W,YMR271C,0,-0.18289475,0.11533495783805847,0.802395224571228,0.6168233752250671
YLR248W,YOR028C,1,-0.18302086,0.11546184867620468,0.8033931851387024,0.6168233752250671
YMR313C,YJL160C,0,-0.18308741,0.11544528603553772,0.8033931851387024,0.6169233918190002
YKL078W,YML072C,0,-0.18309957,0.11542873829603195,0.8033931851387024,0.6170234084129333
YCR068W,YDR163W,0,-0.183503,0.11541218310594559,0.8033931851387024,0.6171234250068665
YHL009C,YNL326C,0,-0.18358916,0.11539564281702042,0.8033931851387024,0.6172234416007996
YCR002C,YGR185C,0,-0.18361235,0.11537910252809525,0.8033931851387024,0.6173234581947327
YER139C,YEL030W,0,-0.18374844,0.11536256968975067,0.8033931851387024,0.6174234747886658
YER100W,YLR033W,0,-0.18379676,0.1153460368514061,0.8033931851387024,0.6175234913825989
YMR091C,YDR322C-A,0,-0.18385054,0.11532951146364212,0.8033931851387024,0.617623507976532
YDR411C,YDR371W,0,-0.1839334,0.11531299352645874,0.8033931851387024,0.6177235245704651
YIL038C,YKR089C,0,-0.18398085,0.11529647558927536,0.8033931851387024,0.6178235411643982
YDL077C,YDL015C,0,-0.18419062,0.11527996510267258,0.8033931851387024,0.6179235577583313
YCR073C,YLR113W,1,-0.1841944,0.11540664732456207,0.8043912053108215,0.6179235577583313
YOR209C,YDR301W,0,-0.18442306,0.1153901219367981,0.8043912053108215,0.6180236339569092
YLR435W,YHR080C,0,-0.18443446,0.11537360399961472,0.8043912053108215,0.6181236505508423
YPR198W,YNR069C,0,-0.18454257,0.11535709351301193,0.8043912053108215,0.6182236671447754
YER089C,YHR206W,1,-0.18482503,0.11548368632793427,0.8053892254829407,0.6182236671447754
YER146W,YNL145W,0,-0.18496609,0.11546716094017029,0.8053892254829407,0.6183236837387085
YPR128C,YGR235C,0,-0.18519148,0.11545064300298691,0.8053892254829407,0.6184237003326416
YPL055C,YML010W,0,-0.18533161,0.11543413251638412,0.8053892254829407,0.6185237169265747
YHR154W,YHR050W,0,-0.18547535,0.11541762202978134,0.8053892254829407,0.6186237335205078
YBL113C,YKL146W,0,-0.18556899,0.11540111899375916,0.8053892254829407,0.6187237501144409
YPL215W,YML114C,0,-0.18571293,0.11538461595773697,0.8053892254829407,0.618823766708374
YDR281C,YJR031C,0,-0.18586393,0.11536812037229538,0.8053892254829407,0.6189237833023071
YGL233W,YLL015W,0,-0.18586764,0.11535163223743439,0.8053892254829407,0.6190237998962402
YLR113W,YLR336C,1,-0.18595828,0.11547806113958359,0.8063872456550598,0.6190237998962402
YBR150C,YDL201W,0,-0.18622203,0.1154615581035614,0.8063872456550598,0.6191238164901733
YJL176C,YOL077W-A,0,-0.18625908,0.11544506251811981,0.8063872456550598,0.6192238330841064
YOL068C,YDR302W,0,-0.1862883,0.11542857438325882,0.8063872456550598,0.6193238496780396
YOL064C,YLR337C,1,-0.18629171,0.11555492132902145,0.8073852062225342,0.6193238496780396
YNL130C,YNR056C,0,-0.18635902,0.11553841829299927,0.8073852062225342,0.6194238662719727
YFL021W,YLR024C,0,-0.18681064,0.11552192270755768,0.8073852062225342,0.6195238828659058
YJL011C,YFR046C,0,-0.18775779,0.11550542712211609,0.8073852062225342,0.6196238994598389
YPL254W,YJR108W,0,-0.18795294,0.1154889389872551,0.8073852062225342,0.619723916053772
YDR092W,YJL122W,0,-0.1880742,0.1154724508523941,0.8073852062225342,0.6198239922523499
YNR032W,YIL108W,0,-0.18843529,0.11545597016811371,0.8073852062225342,0.619924008846283
YER007C-A,YGL167C,0,-0.18856294,0.11543949693441391,0.8073852062225342,0.6200240254402161
YDR091C,YNL180C,0,-0.18878303,0.11542303115129471,0.8073852062225342,0.6201240420341492
YHR042W,YBR247C,0,-0.1890222,0.1154065653681755,0.8073852062225342,0.6202240586280823
YJR026W,YMR309C,0,-0.18934694,0.1153900995850563,0.8073852062225342,0.6203240752220154
YNL197C,YGR077C,0,-0.1894252,0.1153736487030983,0.8073852062225342,0.6204240918159485
YKR100C,YML059C,0,-0.18954417,0.11535719037055969,0.8073852062225342,0.6205241084098816
YJL213W,YML114C,0,-0.18956971,0.11534074693918228,0.8073852062225342,0.6206241250038147
YFL016C,YDR243C,0,-0.18959281,0.11532430350780487,0.8073852062225342,0.6207241415977478
YER056C,YEL004W,0,-0.18965356,0.11530786752700806,0.8073852062225342,0.6208241581916809
YDR196C,YBR003W,0,-0.19099411,0.11529143154621124,0.8073852062225342,0.620924174785614
YLR141W,YCR031C,0,-0.19151233,0.11527501046657562,0.8073852062225342,0.6210241913795471
YLR295C,YAL063C,0,-0.19161463,0.1152585819363594,0.8073852062225342,0.6211242079734802
YGR171C,YNL030W,0,-0.19187318,0.11524216830730438,0.8073852062225342,0.6212242245674133
YDR268W,YML023C,0,-0.19216444,0.11522575467824936,0.8073852062225342,0.6213242411613464
YOL128C,YKR069W,0,-0.19232757,0.11520934104919434,0.8073852062225342,0.6214242577552795
YNL082W,YDL193W,0,-0.19362487,0.11519293487071991,0.8073852062225342,0.6215243339538574
YPL137C,YBR039W,0,-0.19385132,0.11517653614282608,0.8073852062225342,0.6216243505477905
YOL121C,YGL179C,0,-0.19405735,0.11516014486551285,0.8073852062225342,0.6217243671417236
YHL031C,YDR167W,0,-0.19457504,0.11514375358819962,0.8073852062225342,0.6218243837356567
YLL017W,YOL020W,0,-0.1953885,0.11512736231088638,0.8073852062225342,0.6219244003295898
YGL062W,YHR039C,0,-0.19545381,0.11511098593473434,0.8073852062225342,0.622024416923523
YDL077C,YDR194C,0,-0.19552155,0.1150946095585823,0.8073852062225342,0.622124433517456
YPR023C,YDL064W,0,-0.19575183,0.11507823318243027,0.8073852062225342,0.6222244501113892
YLL066C,YLR409C,0,-0.19587633,0.11506187170743942,0.8073852062225342,0.6223244667053223
YJL091C,YDL083C,0,-0.19601765,0.11504550278186798,0.8073852062225342,0.6224244832992554
YLR132C,YLR118C,0,-0.19612654,0.11502914875745773,0.8073852062225342,0.6225244998931885
YLR321C,YBR094W,0,-0.19621317,0.11501279473304749,0.8073852062225342,0.6226245164871216
YER159C,YBL031W,0,-0.19637823,0.11499644815921783,0.8073852062225342,0.6227245330810547
YLR323C,YLR274W,0,-0.19654565,0.11498010158538818,0.8073852062225342,0.6228245496749878
YDR371W,YOR243C,0,-0.19659567,0.11496376246213913,0.8073852062225342,0.6229245662689209
YGL134W,YNL008C,0,-0.19665241,0.11494743078947067,0.8073852062225342,0.623024582862854
YDR415C,YLR145W,0,-0.19671685,0.11493109911680222,0.8073852062225342,0.6231245994567871
YKL220C,YLR131C,0,-0.19689699,0.11491477489471436,0.8073852062225342,0.6232246160507202
YOR158W,YGL233W,0,-0.19689806,0.1148984506726265,0.8073852062225342,0.6233246922492981
YML123C,YOR372C,0,-0.19698986,0.11488213390111923,0.8073852062225342,0.6234247088432312
YDL035C,YLR298C,0,-0.19749005,0.11486582458019257,0.8073852062225342,0.6235247254371643
YDR078C,YDR538W,0,-0.19771142,0.1148495152592659,0.8073852062225342,0.6236247420310974
YOR016C,YBR021W,0,-0.19815788,0.11483321338891983,0.8073852062225342,0.6237247586250305
YDL047W,YLR324W,0,-0.19855124,0.11481691896915436,0.8073852062225342,0.6238247752189636
YDR300C,YER014C-A,0,-0.19899258,0.11480062454938889,0.8073852062225342,0.6239247918128967
YDL049C,YPL210C,0,-0.19900553,0.11478433758020401,0.8073852062225342,0.6240248084068298
YER157W,YDR146C,0,-0.19996054,0.11476805061101913,0.8073852062225342,0.6241248250007629
YMR313C,YBR043C,0,-0.2002581,0.11475177109241486,0.8073852062225342,0.624224841594696
YMR237W,YGL105W,0,-0.20050818,0.11473549902439117,0.8073852062225342,0.6243248581886292
YDR311W,YBL079W,0,-0.2011082,0.11471922695636749,0.8073852062225342,0.6244248747825623
YHL006C,YAL048C,0,-0.20110841,0.11470296233892441,0.8073852062225342,0.6245248913764954
YPR007C,YBL018C,0,-0.2016829,0.11468670517206192,0.8073852062225342,0.6246249079704285
YOL110W,YER104W,0,-0.20218344,0.11467044800519943,0.8073852062225342,0.6247249245643616
YKL184W,YLR404W,0,-0.20257202,0.11465419828891754,0.8073852062225342,0.6248249411582947
YDR307W,YHR085W,0,-0.20271236,0.11463794857263565,0.8073852062225342,0.6249249577522278
YLR150W,YER007C-A,0,-0.20305048,0.11462170630693436,0.8073852062225342,0.6250250339508057
YMR232W,YBR216C,0,-0.20315003,0.11460547149181366,0.8073852062225342,0.6251250505447388
YMR218C,YDR432W,0,-0.20315367,0.11458923667669296,0.8073852062225342,0.6252250671386719
YNL312W,YIR010W,0,-0.2034555,0.11457300931215286,0.8073852062225342,0.625325083732605
YAL016W,YNL117W,0,-0.2041925,0.11455678194761276,0.8073852062225342,0.6254251003265381
YBR173C,YLR060W,0,-0.2044272,0.11454056203365326,0.8073852062225342,0.6255251169204712
YJR063W,YDR343C,0,-0.20444086,0.11452434957027435,0.8073852062225342,0.6256251335144043
YMR274C,YBR254C,0,-0.20476957,0.11450813710689545,0.8073852062225342,0.6257251501083374
YJR159W,YDR146C,0,-0.20481521,0.11449193209409714,0.8073852062225342,0.6258251667022705
YJL014W,YJR082C,0,-0.20490293,0.11447573453187943,0.8073852062225342,0.6259251832962036
YML041C,YML032C,0,-0.2051878,0.11445953696966171,0.8073852062225342,0.6260251998901367
YBR145W,YLR092W,0,-0.2052559,0.1144433468580246,0.8073852062225342,0.6261252164840698
YKL048C,YLR144C,0,-0.20532641,0.11442715674638748,0.8073852062225342,0.6262252330780029
YBL040C,YML064C,0,-0.20579599,0.11441097408533096,0.8073852062225342,0.626325249671936
YGL076C,YNL145W,0,-0.20585053,0.11439479887485504,0.8073852062225342,0.6264252662658691
YIR021W,YNL209W,0,-0.2062107,0.11437862366437912,0.8073852062225342,0.6265252828598022
YOR005C,YGL131C,0,-0.20633848,0.1143624559044838,0.8073852062225342,0.6266252994537354
YOR256C,YER001W,0,-0.20661403,0.11434628814458847,0.8073852062225342,0.6267253160476685
YER139C,YJL140W,0,-0.20670696,0.11433012783527374,0.8073852062225342,0.6268253922462463
YHR194W,YHL006C,0,-0.20681548,0.11431397497653961,0.8073852062225342,0.6269254088401794
YHR050W,YOR032C,0,-0.20718355,0.11429782211780548,0.8073852062225342,0.6270254254341125
YER090W,YPR188C,0,-0.2074243,0.11428167670965195,0.8073852062225342,0.6271254420280457
YKL120W,YJR133W,0,-0.20788623,0.11426553875207901,0.8073852062225342,0.6272254586219788
YNL131W,YDR214W,0,-0.20822866,0.11424940079450607,0.8073852062225342,0.6273254752159119
YDR489W,YDR541C,0,-0.20828453,0.11423327028751373,0.8073852062225342,0.627425491809845
YGL032C,YHL018W,0,-0.20840074,0.11421713978052139,0.8073852062225342,0.6275255084037781
YAL042W,YCR107W,0,-0.20853052,0.11420101672410965,0.8073852062225342,0.6276255249977112
YJR056C,YKL016C,0,-0.20866266,0.1141849011182785,0.8073852062225342,0.6277255415916443
YLR451W,YNL225C,0,-0.20896006,0.11416878551244736,0.8073852062225342,0.6278255581855774
YDR349C,YDL147W,0,-0.20944387,0.11415267735719681,0.8073852062225342,0.6279255747795105
YNL272C,YBR003W,0,-0.20944576,0.11413656920194626,0.8073852062225342,0.6280255913734436
YNL240C,YER117W,0,-0.20986177,0.1141204684972763,0.8073852062225342,0.6281256079673767
YLR057W,YMR055C,0,-0.20987764,0.11410437524318695,0.8073852062225342,0.6282256245613098
YDR140W,YOR259C,0,-0.21011074,0.1140882819890976,0.8073852062225342,0.6283256411552429
YLR143W,YEL004W,0,-0.21017142,0.11407219618558884,0.8073852062225342,0.628425657749176
YNR031C,YLR337C,1,-0.21024677,0.11419709771871567,0.8083832263946533,0.628425657749176
YFR050C,YLR020C,0,-0.21030682,0.11418099701404572,0.8083832263946533,0.6285257339477539
YGR060W,YMR272C,0,-0.21086493,0.11416490375995636,0.8083832263946533,0.628625750541687
YJR086W,YBL076C,0,-0.21131437,0.1141488179564476,0.8083832263946533,0.6287257671356201
YKL035W,YJL180C,0,-0.21211347,0.11413273215293884,0.8083832263946533,0.6288257837295532
YLR382C,YLL052C,0,-0.21228777,0.11411665380001068,0.8083832263946533,0.6289258003234863
YDR404C,YMR205C,0,-0.21274933,0.11410057544708252,0.8083832263946533,0.6290258169174194
YDR386W,YLR312W-A,0,-0.21292691,0.11408450454473495,0.8083832263946533,0.6291258335113525
YML102W,YHR166C,0,-0.2129944,0.11406844109296799,0.8083832263946533,0.6292258501052856
YLL005C,YPR194C,0,-0.21313801,0.11405237764120102,0.8083832263946533,0.6293258666992188
YPR024W,YNL169C,0,-0.21315043,0.11403632164001465,0.8083832263946533,0.6294258832931519
YBR031W,YKL058W,0,-0.21344195,0.11402027308940887,0.8083832263946533,0.629525899887085
YKL001C,YLL053C,0,-0.21348123,0.1140042245388031,0.8083832263946533,0.6296259164810181
YNL190W,YGR014W,1,-0.21360208,0.11412890255451202,0.8093812465667725,0.6296259164810181
YKR034W,YPL212C,0,-0.21400703,0.11411284655332565,0.8093812465667725,0.6297259330749512
YKL062W,YLR113W,1,-0.21405536,0.114237479865551,0.8103792667388916,0.6297259330749512
YDR240C,YGR108W,0,-0.21489595,0.11422140896320343,0.8103792667388916,0.6298259496688843
YJL178C,YLR115W,0,-0.21496989,0.11420534551143646,0.8103792667388916,0.6299259662628174
YDR200C,YGR095C,0,-0.21503393,0.1141892820596695,0.8103792667388916,0.6300259828567505
YNL197C,YPR055W,0,-0.21543792,0.11417322605848312,0.8103792667388916,0.6301259994506836
YNR060W,YLR401C,0,-0.2154656,0.11415717750787735,0.8103792667388916,0.6302260160446167
YNL005C,YIL033C,0,-0.21578377,0.11414112895727158,0.8103792667388916,0.6303260922431946
YFR029W,YML082W,0,-0.21580748,0.1141250878572464,0.8103792667388916,0.6304261088371277
YDR084C,YDR135C,0,-0.21614969,0.11410904675722122,0.8103792667388916,0.6305261254310608
YDR420W,YOR208W,1,-0.2162511,0.11423352360725403,0.811377227306366,0.6305261254310608
YKL046C,YLR069C,0,-0.21651769,0.11421747505664825,0.811377227306366,0.6306261420249939
YGR056W,YPL049C,0,-0.21656974,0.11420143395662308,0.811377227306366,0.630726158618927
YJR120W,YKL058W,0,-0.21662302,0.1141853928565979,0.811377227306366,0.6308261752128601
YPL117C,YNL224C,0,-0.2168671,0.11416935920715332,0.811377227306366,0.6309261918067932
YDL010W,YLR138W,1,-0.21691889,0.11429373919963837,0.8123752474784851,0.6309261918067932
YBR216C,YGR113W,0,-0.21695061,0.11427769064903259,0.8123752474784851,0.6310262084007263
YDR409W,YEL031W,0,-0.21719609,0.11426164954900742,0.8123752474784851,0.6311262249946594
YOL011W,YGR059W,0,-0.21735217,0.11424561589956284,0.8123752474784851,0.6312262415885925
YOR297C,YHL007C,1,-0.21740058,0.11436991393566132,0.8133732676506042,0.6312262415885925
YBR253W,YGL144C,0,-0.21760623,0.11435386538505554,0.8133732676506042,0.6313262581825256
YIL022W,YDL042C,0,-0.21814306,0.11433782428503036,0.8133732676506042,0.6314262747764587
YDL054C,YLL006W,0,-0.21843603,0.11432178318500519,0.8133732676506042,0.6315262913703918
YLL048C,YMR284W,0,-0.21846895,0.11430574953556061,0.8133732676506042,0.631626307964325
YHR079C-A,YGR027C,0,-0.21865039,0.11428972333669662,0.8133732676506042,0.6317263245582581
YLR113W,YBL013W,0,-0.21873994,0.11427369713783264,0.8133732676506042,0.6318263411521912
YPR171W,YKL143W,1,-0.21874914,0.11439786851406097,0.8143712282180786,0.6318263411521912
YKL205W,YDL097C,0,-0.21896514,0.1143818348646164,0.8143712282180786,0.6319263577461243
YLR006C,YLR138W,1,-0.21917515,0.11450595408678055,0.8153692483901978,0.6319263577461243
YHR062C,YIL014W,0,-0.21942905,0.11448991298675537,0.8153692483901978,0.6320264339447021
YDL044C,YBR069C,0,-0.21953098,0.1144738718867302,0.8153692483901978,0.6321264505386353
YLR003C,YHR124W,0,-0.21960294,0.11445783078670502,0.8153692483901978,0.6322264671325684
YJL134W,YDL100C,0,-0.21964636,0.11444179713726044,0.8153692483901978,0.6323264837265015
YJR123W,YOR255W,0,-0.22040698,0.11442577093839645,0.8153692483901978,0.6324265003204346
YMR240C,YHR164C,0,-0.22081532,0.11440974473953247,0.8153692483901978,0.6325265169143677
YBL113C,YJR005W,0,-0.2208739,0.11439372599124908,0.8153692483901978,0.6326265335083008
YBR091C,YLR200W,0,-0.22087997,0.1143777146935463,0.8153692483901978,0.6327265501022339
YDR407C,YBR215W,0,-0.22098571,0.1143617033958435,0.8153692483901978,0.632826566696167
YNL062C,YCL008C,0,-0.22099863,0.11434569954872131,0.8153692483901978,0.6329265832901001
YJL213W,YLR103C,0,-0.22118354,0.11432969570159912,0.8153692483901978,0.6330265998840332
YDL170W,YNL257C,0,-0.22121382,0.11431369930505753,0.8153692483901978,0.6331266164779663
YOR329C,YBR038W,0,-0.22128057,0.11429770290851593,0.8153692483901978,0.6332266330718994
YGR121C,YBR218C,0,-0.22129174,0.11428172141313553,0.8153692483901978,0.6333266496658325
YFR031C,YIR032C,0,-0.22148381,0.11426573246717453,0.8153692483901978,0.6334266662597656
YBR109C,YLR208W,0,-0.2215187,0.11424975842237473,0.8153692483901978,0.6335266828536987
YOL122C,YDR293C,0,-0.2227376,0.11423378437757492,0.8153692483901978,0.6336266994476318
YDR463W,YIL009W,0,-0.22276041,0.11421781033277512,0.8153692483901978,0.6337267160415649
YLR216C,YLR060W,0,-0.22294784,0.11420184373855591,0.8153692483901978,0.6338267922401428
YLL017W,YKL015W,0,-0.22296079,0.1141858845949173,0.8153692483901978,0.6339268088340759
YBL019W,YCR073C,0,-0.22306007,0.11416992545127869,0.8153692483901978,0.634026825428009
YPL058C,YML011C,0,-0.22361556,0.11415397375822067,0.8153692483901978,0.6341268420219421
YGR138C,YOL029C,0,-0.22383386,0.11413802951574326,0.8153692483901978,0.6342268586158752
YLR155C,YDR176W,0,-0.22414887,0.11412208527326584,0.8153692483901978,0.6343268752098083
YER141W,YNL025C,0,-0.22441386,0.11410614848136902,0.8153692483901978,0.6344268918037415
YEL036C,YIL083C,0,-0.22543034,0.1140902116894722,0.8153692483901978,0.6345269083976746
YDR309C,YBL102W,0,-0.22547726,0.11407428234815598,0.8153692483901978,0.6346269249916077
YPR018W,YGL013C,0,-0.22553566,0.11405835300683975,0.8153692483901978,0.6347269415855408
YDL052C,YIL139C,0,-0.22595268,0.11404243111610413,0.8153692483901978,0.6348269581794739
YGL226C-A,YPR169W,0,-0.22679786,0.1140265166759491,0.8153692483901978,0.634926974773407
YBR293W,YGL226C-A,0,-0.22696911,0.11401060223579407,0.8153692483901978,0.6350269913673401
YKL120W,YLR360W,0,-0.22725837,0.11399469524621964,0.8153692483901978,0.6351270079612732
YHR158C,YJR006W,0,-0.2276186,0.1139787957072258,0.8153692483901978,0.6352270245552063
YFR033C,YCR011C,0,-0.22820513,0.11396289616823196,0.8153692483901978,0.6353270411491394
YKL166C,YCR105W,0,-0.22842453,0.11394700407981873,0.8153692483901978,0.6354270577430725
YBR208C,YOR103C,0,-0.22858082,0.11393111199140549,0.8153692483901978,0.6355271339416504
YLR145W,YOL148C,0,-0.22896884,0.11391522735357285,0.8153692483901978,0.6356271505355835
YLL012W,YKR020W,0,-0.22954229,0.1138993427157402,0.8153692483901978,0.6357271671295166
YLR135W,YDR328C,0,-0.2297907,0.11388346552848816,0.8153692483901978,0.6358271837234497
YCR073C,YLR337C,1,-0.22991657,0.11400696635246277,0.8163672685623169,0.6358271837234497
YIL173W,YOR321W,0,-0.23046635,0.11399108171463013,0.8163672685623169,0.6359272003173828
YNL071W,YJR113C,0,-0.23058589,0.11397519707679749,0.8163672685623169,0.6360272169113159
YDR439W,YPR101W,0,-0.23083246,0.11395931988954544,0.8163672685623169,0.636127233505249
YBR215W,YLR329W,0,-0.23083548,0.1139434427022934,0.8163672685623169,0.6362272500991821
YNL309W,YNL123W,0,-0.23088133,0.11392757296562195,0.8163672685623169,0.6363272666931152
YIL011W,YIR019C,0,-0.23101506,0.1139117106795311,0.8163672685623169,0.6364272832870483
YAR035W,YBR046C,0,-0.23133253,0.11389584839344025,0.8163672685623169,0.6365272998809814
YDL208W,YLR024C,0,-0.23134865,0.11387999355792999,0.8163672685623169,0.6366273164749146
YCL026C-A,YAL007C,0,-0.2315533,0.11386414617300034,0.8163672685623169,0.6367273330688477
YIL147C,YMR032W,1,-0.2318835,0.11398747563362122,0.817365288734436,0.6367273330688477
YBR019C,YLR466W,0,-0.23191443,0.11397161334753036,0.817365288734436,0.6368273496627808
YJR144W,YDR506C,0,-0.23206905,0.11395575106143951,0.817365288734436,0.6369273662567139
YGR180C,YCR107W,0,-0.2320942,0.11393989622592926,0.817365288734436,0.637027382850647
YOR382W,YMR216C,0,-0.23230319,0.1139240488409996,0.817365288734436,0.6371273994445801
YJL063C,YLR423C,0,-0.23256554,0.11390820890665054,0.817365288734436,0.6372274160385132
YDR201W,YGR055W,0,-0.23258285,0.11389236897230148,0.817365288734436,0.6373274922370911
YBL045C,YOR017W,0,-0.23279437,0.11387652903795242,0.817365288734436,0.6374275088310242
YER014C-A,YLR059C,0,-0.23296243,0.11386069655418396,0.817365288734436,0.6375275254249573
YCL029C,YGR082W,0,-0.23314972,0.1138448715209961,0.817365288734436,0.6376275420188904
YDR513W,YOL032W,0,-0.23314983,0.11382904648780823,0.817365288734436,0.6377275586128235
YER065C,YBL072C,0,-0.23319621,0.11381322890520096,0.817365288734436,0.6378275752067566
YJR056C,YML107C,0,-0.23367842,0.11379741877317429,0.817365288734436,0.6379275918006897
YAR002C-A,YER063W,0,-0.23408048,0.11378160864114761,0.817365288734436,0.6380276083946228
YDL058W,YNL072W,0,-0.23414448,0.11376579850912094,0.817365288734436,0.6381276249885559
YDR105C,YLR305C,0,-0.23446937,0.11375000327825546,0.817365288734436,0.638227641582489
YLL002W,YER005W,0,-0.23447105,0.11373420059680939,0.817365288734436,0.6383276581764221
YPR137W,YOR351C,0,-0.23551145,0.1137184128165245,0.817365288734436,0.6384276747703552
YDR324C,YPL228W,0,-0.23562157,0.11370262503623962,0.817365288734436,0.6385276913642883
YPL253C,YOL006C,0,-0.23621163,0.11368683725595474,0.817365288734436,0.6386277079582214
YDR142C,YIL177C,0,-0.23622069,0.11367106437683105,0.817365288734436,0.6387277245521545
YER050C,YMR033W,0,-0.23630235,0.11365528404712677,0.817365288734436,0.6388277411460876
YGL145W,YJL095W,0,-0.23639871,0.11363951861858368,0.817365288734436,0.6389277577400208
YGR215W,YLR166C,0,-0.23647246,0.11362375319004059,0.817365288734436,0.6390278339385986
YDL092W,YKL101W,0,-0.23658207,0.1136079877614975,0.817365288734436,0.6391278505325317
YML097C,YKL211C,0,-0.23669505,0.113592229783535,0.817365288734436,0.6392278671264648
YCR065W,YCR052W,0,-0.23676226,0.1135764792561531,0.817365288734436,0.639327883720398
YPL069C,YPL134C,0,-0.23689087,0.11356072872877121,0.817365288734436,0.639427900314331
YBR261C,YPL042C,0,-0.23701347,0.11354498565196991,0.817365288734436,0.6395279169082642
YML006C,YPL173W,0,-0.23701979,0.1135292500257492,0.817365288734436,0.6396279335021973
YCR068W,YBR280C,0,-0.23702323,0.1135135143995285,0.817365288734436,0.6397279500961304
YNL329C,YDL202W,0,-0.2370483,0.1134977862238884,0.817365288734436,0.6398279666900635
YNL312W,YBL009W,0,-0.23708008,0.11348205804824829,0.817365288734436,0.6399279832839966
YML101C,YGL079W,0,-0.23724073,0.11346633732318878,0.817365288734436,0.6400279998779297
YKR095W,YDR301W,0,-0.23754996,0.11345061659812927,0.817365288734436,0.6401280164718628
YBL007C,YLR324W,0,-0.23760112,0.11343490332365036,0.817365288734436,0.6402280330657959
YER165W,YGR049W,0,-0.23818417,0.11341919749975204,0.817365288734436,0.640328049659729
YDR307W,YDR186C,0,-0.23826852,0.11340349167585373,0.817365288734436,0.6404280662536621
YHR214C-B,YGL238W,0,-0.23878261,0.11338778585195541,0.817365288734436,0.6405280828475952
YIL167W,YPR204W,0,-0.2388597,0.11337209492921829,0.817365288734436,0.6406280994415283
YKL188C,YCR088W,0,-0.23970948,0.11335640400648117,0.817365288734436,0.6407281160354614
YOR048C,YPL042C,0,-0.23973578,0.11334071308374405,0.817365288734436,0.6408281922340393
YOR371C,YJL006C,0,-0.23982646,0.11332502961158752,0.817365288734436,0.6409282088279724
YNL094W,YJL029C,0,-0.24025267,0.1133093535900116,0.817365288734436,0.6410282254219055
YGL129C,YLR440C,0,-0.24078025,0.11329367756843567,0.817365288734436,0.6411282420158386
YOR256C,YJL197W,0,-0.24083467,0.11327800899744034,0.817365288734436,0.6412282586097717
YOR310C,YJL184W,0,-0.2410083,0.11326234042644501,0.817365288734436,0.6413282752037048
YMR047C,YBR015C,0,-0.24101602,0.11324667930603027,0.817365288734436,0.6414282917976379
YCR073C,YLR362W,1,-0.24110171,0.11336927860975266,0.8183632493019104,0.6414282917976379
YGR014W,YKL062W,1,-0.241491,0.11349184066057205,0.8193612694740295,0.6414282917976379
YNL052W,YJR019C,0,-0.2415588,0.11347615718841553,0.8193612694740295,0.641528308391571
YKL120W,YDR064W,0,-0.24170601,0.113460473716259,0.8193612694740295,0.6416283249855042
YDL058W,YIL106W,0,-0.24190104,0.11344479769468307,0.8193612694740295,0.6417283415794373
YML092C,YAL059W,0,-0.24197817,0.11342912167310715,0.8193612694740295,0.6418283581733704
YDR211W,YLR187W,0,-0.24203835,0.11341345310211182,0.8193612694740295,0.6419283747673035
YER014C-A,YJL216C,0,-0.24223928,0.11339779198169708,0.8193612694740295,0.6420283913612366
YDR007W,YBR177C,0,-0.24226236,0.11338213086128235,0.8193612694740295,0.6421284079551697
YOR377W,YIL143C,0,-0.24318816,0.11336646974086761,0.8193612694740295,0.6422284245491028
YFR047C,YHR152W,0,-0.24320246,0.11335082352161407,0.8193612694740295,0.6423284411430359
YOR087W,YOR133W,0,-0.24362034,0.11333517730236053,0.8193612694740295,0.642428457736969
YOR214C,YHR103W,0,-0.24370542,0.113319531083107,0.8193612694740295,0.6425285339355469
YHR188C,YBR126C,0,-0.24373694,0.11330389231443405,0.8193612694740295,0.64262855052948
YHR035W,YHL009C,0,-0.24388538,0.11328825354576111,0.8193612694740295,0.6427285671234131
YER130C,YPR152C,0,-0.2444021,0.11327262967824936,0.8193612694740295,0.6428285837173462
YBR254C,YGL184C,0,-0.24459404,0.11325699836015701,0.8193612694740295,0.6429286003112793
YLR293C,YGR094W,0,-0.24493738,0.11324138194322586,0.8193612694740295,0.6430286169052124
YBL038W,YHL006C,0,-0.24496761,0.11322576552629471,0.8193612694740295,0.6431286334991455
YMR046C,YGR036C,0,-0.24529089,0.11321014910936356,0.8193612694740295,0.6432286500930786
YOR109W,YPL266W,0,-0.24550822,0.113194540143013,0.8193612694740295,0.6433286666870117
YLR055C,YDR423C,0,-0.24565299,0.11317893862724304,0.8193612694740295,0.6434286832809448
YMR246W,YGR056W,0,-0.24616165,0.11316333711147308,0.8193612694740295,0.6435286998748779
YPL009C,YAR066W,0,-0.24632743,0.11314774304628372,0.8193612694740295,0.643628716468811
YMR214W,YNL047C,0,-0.24666184,0.11313214898109436,0.8193612694740295,0.6437287330627441
YMR146C,YGL023C,0,-0.24690552,0.1131165623664856,0.8193612694740295,0.6438287496566772
YLL017W,YHR041C,0,-0.24696766,0.11310097575187683,0.8193612694740295,0.6439287662506104
YMR101C,YGR152C,0,-0.247331,0.11308539658784866,0.8193612694740295,0.6440287828445435
YDR217C,YIL167W,0,-0.24749023,0.11306982487440109,0.8193612694740295,0.6441287994384766
YGL254W,YIL170W,0,-0.24755237,0.11305425316095352,0.8193612694740295,0.6442288160324097
YNL290W,YOR334W,0,-0.24795406,0.11303868889808655,0.8193612694740295,0.6443288922309875
YIL114C,YOL021C,0,-0.24830247,0.11302312463521957,0.8193612694740295,0.6444289088249207
YOR283W,YHR203C,0,-0.2483079,0.1130075678229332,0.8193612694740295,0.6445289254188538
YLR359W,YHR072W,0,-0.24839357,0.11299201846122742,0.8193612694740295,0.6446289420127869
YDR257C,YKR078W,0,-0.24854289,0.11297646909952164,0.8193612694740295,0.64472895860672
YOL122C,YBL099W,0,-0.24874362,0.11296092718839645,0.8193612694740295,0.6448289752006531
YOR377W,YDL243C,0,-0.24894418,0.11294538527727127,0.8193612694740295,0.6449289917945862
YNL182C,YBR003W,0,-0.24906509,0.11292985081672668,0.8193612694740295,0.6450290083885193
YHR185C,YCR070W,0,-0.24931265,0.1129143163561821,0.8193612694740295,0.6451290249824524
YNL069C,YDR167W,0,-0.24938318,0.11289878934621811,0.8193612694740295,0.6452290415763855
YLR208W,YMR161W,0,-0.24986786,0.11288326978683472,0.8193612694740295,0.6453290581703186
YKL189W,YAR031W,0,-0.2498688,0.11286775022745132,0.8193612694740295,0.6454290747642517
YBR279W,YDL202W,0,-0.25056022,0.11285223066806793,0.8193612694740295,0.6455290913581848
YPR133W-A,YDR492W,0,-0.25064027,0.11283672600984573,0.8193612694740295,0.6456291079521179
YDL243C,YER060W,0,-0.2507311,0.11282121390104294,0.8193612694740295,0.645729124546051
YGL209W,YDR216W,0,-0.25080734,0.11280571669340134,0.8193612694740295,0.6458291411399841
YBR162W-A,YBR279W,0,-0.25122824,0.11279021948575974,0.8193612694740295,0.6459291577339172
YMR149W,YNL273W,0,-0.25146437,0.11277472227811813,0.8193612694740295,0.6460292339324951
YAL019W,YHL022C,0,-0.25148878,0.11275923997163773,0.8193612694740295,0.6461292505264282
YBR150C,YDR438W,0,-0.25150144,0.11274375021457672,0.8193612694740295,0.6462292671203613
YHR007C,YNL297C,0,-0.2517829,0.11272826790809631,0.8193612694740295,0.6463292837142944
YNL178W,YPL078C,0,-0.25184226,0.1127127930521965,0.8193612694740295,0.6464293003082275
YPL130W,YDL240W,0,-0.25226325,0.11269732564687729,0.8193612694740295,0.6465293169021606
YEL041W,YMR030W,0,-0.25235903,0.11268185824155807,0.8193612694740295,0.6466293334960938
YPL126W,YFR046C,0,-0.2528723,0.11266639083623886,0.8193612694740295,0.6467293500900269
YOL034W,YPL063W,0,-0.25287703,0.11265093088150024,0.8193612694740295,0.64682936668396
YIL098C,YER149C,0,-0.25289893,0.11263547837734222,0.8193612694740295,0.6469293832778931
YKL143W,YBR260C,1,-0.25294363,0.11275719851255417,0.8203592896461487,0.6469293832778931
YNR003C,YLR219W,0,-0.25327414,0.11274173855781555,0.8203592896461487,0.6470293998718262
YDR267C,YPL208W,0,-0.25336903,0.11272627860307693,0.8203592896461487,0.6471294164657593
YBL042C,YLR264W,0,-0.25354195,0.11271081864833832,0.8203592896461487,0.6472294330596924
YNL010W,YLR268W,0,-0.25374252,0.1126953661441803,0.8203592896461487,0.6473294496536255
YDR310C,YML075C,0,-0.25378072,0.11267992109060287,0.8203592896461487,0.6474294662475586
YDR302W,YPL129W,0,-0.25387126,0.11266447603702545,0.8203592896461487,0.6475294828414917
YJR026W,YMR168C,0,-0.25433487,0.11264903098344803,0.8203592896461487,0.6476294994354248
YDR489W,YIR004W,0,-0.25439063,0.1126336008310318,0.8203592896461487,0.6477295756340027
YGR282C,YNL154C,0,-0.25470087,0.11261816322803497,0.8203592896461487,0.6478295922279358
YNL271C,YCL032W,1,-0.25472608,0.11273972690105438,0.8213573098182678,0.6478295922279358
YDR323C,YGL092W,0,-0.25476784,0.11272428184747696,0.8213573098182678,0.6479296088218689
YDR461W,YBR015C,0,-0.25479925,0.11270884424448013,0.8213573098182678,0.648029625415802
YMR293C,YDR397C,0,-0.2548348,0.1126934140920639,0.8213573098182678,0.6481296420097351
YDR080W,YHR197W,0,-0.25548804,0.11267798393964767,0.8213573098182678,0.6482296586036682
YDR017C,YOR153W,0,-0.25551307,0.11266256123781204,0.8213573098182678,0.6483296751976013
YGR084C,YGR247W,0,-0.25591692,0.11264713853597641,0.8213573098182678,0.6484296917915344
YJL054W,YDL002C,0,-0.25684455,0.11263172328472137,0.8213573098182678,0.6485297083854675
YOL097C,YHR200W,0,-0.25745398,0.11261630803346634,0.8213573098182678,0.6486297249794006
YOL101C,YLR077W,0,-0.2577057,0.1126009002327919,0.8213573098182678,0.6487297415733337
YMR078C,YDR292C,0,-0.25779262,0.11258549988269806,0.8213573098182678,0.6488297581672668
YOR176W,YPL078C,0,-0.25782368,0.11257009953260422,0.8213573098182678,0.6489297747612
YCL010C,YGL151W,0,-0.25866544,0.11255470663309097,0.8213573098182678,0.6490297913551331
YFL062W,YJL004C,0,-0.25889045,0.11253931373357773,0.8213573098182678,0.6491298079490662
YJL030W,YML010W,0,-0.25903928,0.11252392828464508,0.8213573098182678,0.6492298245429993
YHR024C,YPL198W,0,-0.25924796,0.11250854283571243,0.8213573098182678,0.6493298411369324
YML022W,YMR177W,0,-0.25932956,0.11249316483736038,0.8213573098182678,0.6494298577308655
YDR162C,YLR466W,0,-0.2602706,0.11247779428958893,0.8213573098182678,0.6495299339294434
YKL112W,YGL233W,0,-0.2603516,0.11246242374181747,0.8213573098182678,0.6496299505233765
YDR155C,YDR179C,0,-0.26045233,0.11244705319404602,0.8213573098182678,0.6497299671173096
YDR392W,YML036W,0,-0.26062196,0.11243169754743576,0.8213573098182678,0.6498299837112427
YLR234W,YKR064W,0,-0.26062354,0.1124163344502449,0.8213573098182678,0.6499300003051758
YMR288W,YPR107C,0,-0.2606563,0.11240098625421524,0.8213573098182678,0.6500300168991089
YGR203W,YPL049C,0,-0.26092362,0.11238563060760498,0.8213573098182678,0.650130033493042
YKL080W,YFR028C,0,-0.26099995,0.11237028986215591,0.8213573098182678,0.6502300500869751
YHR204W,YLR200W,0,-0.26168048,0.11235494911670685,0.8213573098182678,0.6503300666809082
YER052C,YMR143W,0,-0.26169777,0.11233961582183838,0.8213573098182678,0.6504300832748413
YBL018C,YLR209C,0,-0.26219857,0.11232428252696991,0.8213573098182678,0.6505300998687744
YER074W,YHR166C,0,-0.26225293,0.11230894923210144,0.8213573098182678,0.6506301164627075
YMR097C,YHR197W,0,-0.2625354,0.11229363083839417,0.8213573098182678,0.6507301330566406
YPL253C,YIL023C,0,-0.2627993,0.11227830499410629,0.8213573098182678,0.6508301496505737
YOR360C,YGR185C,0,-0.2629254,0.11226299405097961,0.8213573098182678,0.6509301662445068
YCR073C,YDR388W,1,-0.2630904,0.11238407343626022,0.8223552703857422,0.6509301662445068
YDR170C,YBR275C,0,-0.26373494,0.11236874759197235,0.8223552703857422,0.6510301828384399
YBL035C,YOR084W,0,-0.2637546,0.11235342174768448,0.8223552703857422,0.651130199432373
YOR363C,YMR241W,0,-0.26377606,0.1123381033539772,0.8223552703857422,0.6512302756309509
YOR216C,YDL111C,0,-0.26382273,0.11232279241085052,0.8223552703857422,0.651330292224884
YLR208W,YDR435C,0,-0.26388097,0.11230748146772385,0.8223552703857422,0.6514303088188171
YKL052C,YPR094W,0,-0.2639664,0.11229217797517776,0.8223552703857422,0.6515303254127502
YNL067W,YNR072W,0,-0.26420373,0.11227687448263168,0.8223552703857422,0.6516303420066833
YMR067C,YDL097C,0,-0.26471055,0.1122615784406662,0.8223552703857422,0.6517303586006165
YNL099C,YBR236C,0,-0.26479286,0.11224628984928131,0.8223552703857422,0.6518303751945496
YDR243C,YFR042W,0,-0.26510444,0.11223100125789642,0.8223552703857422,0.6519303917884827
YGR245C,YDR254W,0,-0.26541716,0.11221571266651154,0.8223552703857422,0.6520304083824158
YML006C,YJR125C,0,-0.26553747,0.11220043897628784,0.8223552703857422,0.6521304249763489
YLR417W,YNL250W,0,-0.2656489,0.11218515783548355,0.8223552703857422,0.652230441570282
YLR148W,YGL105W,0,-0.26565242,0.11216989159584045,0.8223552703857422,0.6523304581642151
YDR404C,YFL031W,0,-0.26566905,0.11215461790561676,0.8223552703857422,0.6524304747581482
YOR194C,YKR036C,0,-0.26577383,0.11213935911655426,0.8223552703857422,0.6525304913520813
YKL194C,YMR207C,0,-0.26579574,0.11212410032749176,0.8223552703857422,0.6526305079460144
YDL227C,YGL079W,0,-0.26593468,0.11210884153842926,0.8223552703857422,0.6527305245399475
YLR256W,YGL148W,0,-0.26594594,0.11209359019994736,0.8223552703857422,0.6528305411338806
YDR173C,YER117W,0,-0.26608863,0.11207834631204605,0.8223552703857422,0.6529305577278137
YDR410C,YGR049W,0,-0.26672512,0.11206310242414474,0.8223552703857422,0.6530306339263916
YKL045W,YDR412W,0,-0.26717746,0.11204786598682404,0.8223552703857422,0.6531306505203247
YNL110C,YML055W,0,-0.26732808,0.11203262954950333,0.8223552703857422,0.6532306671142578
YCL030C,YHR094C,0,-0.26751423,0.11201740056276321,0.8223552703857422,0.6533306837081909
YGL049C,YDR097C,0,-0.26752108,0.1120021715760231,0.8223552703857422,0.653430700302124
YER138C,YLR163C,0,-0.26762915,0.11198695003986359,0.8223552703857422,0.6535307168960571
YGL196W,YHR005C-A,0,-0.26795238,0.11197173595428467,0.8223552703857422,0.6536307334899902
YBR230C,YJL057C,0,-0.26814708,0.11195652186870575,0.8223552703857422,0.6537307500839233
YFL002C,YOR159C,0,-0.26837295,0.11194131523370743,0.8223552703857422,0.6538307666778564
YFR042W,YGL044C,0,-0.2685846,0.1119261085987091,0.8223552703857422,0.6539307832717896
YDL004W,YJR103W,0,-0.2686075,0.11191090941429138,0.8223552703857422,0.6540307998657227
YDR162C,YJL184W,1,-0.26867992,0.11203150451183319,0.8233532905578613,0.6540307998657227
YGR167W,YGR024C,0,-0.26873833,0.11201629042625427,0.8233532905578613,0.6541308164596558
YJL214W,YOR297C,0,-0.2690484,0.11200108379125595,0.8233532905578613,0.6542308330535889
YNL181W,YKL090W,0,-0.2690569,0.11198588460683823,0.8233532905578613,0.654330849647522
YOR252W,YDL170W,0,-0.26915246,0.1119706854224205,0.8233532905578613,0.6544308662414551
YIL043C,YOR168W,0,-0.26975328,0.11195548623800278,0.8233532905578613,0.6545308828353882
YOR214C,YDL100C,0,-0.26990706,0.11194030195474625,0.8233532905578613,0.6546308994293213
YLR413W,YPR035W,0,-0.27003986,0.11192511022090912,0.8233532905578613,0.6547309756278992
YLR393W,YNR012W,0,-0.27022785,0.11190992593765259,0.8233532905578613,0.6548309922218323
YPR052C,YHR009C,0,-0.2702508,0.11189474910497665,0.8233532905578613,0.6549310088157654
YHR107C,YNL261W,0,-0.2704724,0.11187957972288132,0.8233532905578613,0.6550310254096985
YKL184W,YJL051W,0,-0.27047467,0.11186441034078598,0.8233532905578613,0.6551310420036316
YER190W,YBR115C,0,-0.27080297,0.11184924095869064,0.8233532905578613,0.6552310585975647
YNL067W,YDR084C,0,-0.27086014,0.1118340790271759,0.8233532905578613,0.6553310751914978
YGR167W,YBR238C,0,-0.27119678,0.11181892454624176,0.8233532905578613,0.6554310917854309
YMR113W,YML001W,0,-0.2714616,0.11180377006530762,0.8233532905578613,0.655531108379364
YOR321W,YGR056W,0,-0.2718695,0.11178861558437347,0.8233532905578613,0.6556311249732971
YER118C,YKR072C,1,-0.2721431,0.11190895736217499,0.8243513107299805,0.6556311249732971
YNL123W,YOR038C,0,-0.27227932,0.11189379543066025,0.8243513107299805,0.6557311415672302
YIL095W,YLR027C,0,-0.27241647,0.1118786409497261,0.8243513107299805,0.6558311581611633
YPL013C,YDR023W,0,-0.2728539,0.11186348646879196,0.8243513107299805,0.6559311747550964
YCR065W,YJL096W,0,-0.27302915,0.11184833943843842,0.8243513107299805,0.6560311913490295
YGR245C,YKL152C,0,-0.2732045,0.11183319985866547,0.8243513107299805,0.6561312079429626
YLR163C,YLL015W,0,-0.2734497,0.11181806027889252,0.8243513107299805,0.6562312245368958
YDL081C,YIL119C,0,-0.27352852,0.11180292069911957,0.8243513107299805,0.6563312411308289
YBL013W,YNL066W,0,-0.27365196,0.11178779602050781,0.8243513107299805,0.656431257724762
YLR408C,YPL137C,0,-0.27370286,0.11177266389131546,0.8243513107299805,0.6565313339233398
YOL052C,YIL135C,0,-0.27372825,0.1117575466632843,0.8243513107299805,0.656631350517273
YER065C,YNR018W,0,-0.27378875,0.11174242198467255,0.8243513107299805,0.656731367111206
YPR188C,YOR232W,0,-0.27381435,0.11172731220722198,0.8243513107299805,0.6568313837051392
YHL034C,YJR082C,0,-0.27384502,0.11171220242977142,0.8243513107299805,0.6569314002990723
YPL029W,YBL041W,0,-0.27392012,0.11169709265232086,0.8243513107299805,0.6570314168930054
YDL209C,YNL133C,0,-0.27445817,0.1116819903254509,0.8243513107299805,0.6571314334869385
YCR003W,YLR025W,0,-0.27464998,0.11166689544916153,0.8243513107299805,0.6572314500808716
YDL175C,YFR040W,0,-0.27516928,0.11165180057287216,0.8243513107299805,0.6573314666748047
YLR187W,YJL181W,0,-0.27540484,0.1116367056965828,0.8243513107299805,0.6574314832687378
YOR295W,YDR470C,0,-0.27543712,0.11162161827087402,0.8243513107299805,0.6575314998626709
YJR005W,YMR213W,0,-0.27581215,0.11160653829574585,0.8243513107299805,0.657631516456604
YIL031W,YMR091C,0,-0.276259,0.11159145832061768,0.8243513107299805,0.6577315330505371
YFL022C,YER165W,0,-0.276509,0.1115763857960701,0.8243513107299805,0.6578315496444702
YNL190W,YDR168W,1,-0.276524,0.11169637739658356,0.8253493309020996,0.6578315496444702
YLR191W,YPR125W,0,-0.27680612,0.11168129742145538,0.8253493309020996,0.6579315662384033
YPR100W,YER118C,0,-0.2768067,0.11166621744632721,0.8253493309020996,0.6580315828323364
YOR158W,YOR153W,0,-0.27688193,0.11165113747119904,0.8253493309020996,0.6581315994262695
YPL283C,YPL270W,0,-0.2771182,0.11163607239723206,0.8253493309020996,0.6582316756248474
YMR046C,YBR057C,0,-0.27744722,0.11162099987268448,0.8253493309020996,0.6583316922187805
YCR030C,YPL013C,0,-0.2774663,0.1116059347987175,0.8253493309020996,0.6584317088127136
YGL053W,YDR545W,0,-0.27792245,0.11159087717533112,0.8253493309020996,0.6585317254066467
YGR133W,YIL013C,0,-0.2780748,0.11157581955194473,0.8253493309020996,0.6586317420005798
YKL053C-A,YLR410W,0,-0.2782393,0.11156076937913895,0.8253493309020996,0.6587317585945129
YJR105W,YHR079C-B,0,-0.27824187,0.11154572665691376,0.8253493309020996,0.658831775188446
YGR046W,YGR144W,0,-0.27837908,0.11153068393468857,0.8253493309020996,0.6589317917823792
YMR013C,YKL216W,0,-0.2788133,0.11151564121246338,0.8253493309020996,0.6590318083763123
YGR038W,YPL007C,0,-0.2788342,0.11150060594081879,0.8253493309020996,0.6591318249702454
YOR330C,YPL030W,0,-0.27885556,0.11148557811975479,0.8253493309020996,0.6592318415641785
YDL149W,YBL051C,0,-0.27936962,0.1114705502986908,0.8253493309020996,0.6593318581581116
YNL102W,YOR177C,0,-0.2794173,0.1114555224776268,0.8253493309020996,0.6594318747520447
YGR212W,YIR019C,0,-0.2797392,0.111440509557724,0.8253493309020996,0.6595318913459778
YPL013C,YFL005W,0,-0.27985913,0.1114254891872406,0.8253493309020996,0.6596319079399109
YOR317W,YDR240C,0,-0.27991736,0.1114104837179184,0.8253493309020996,0.659731924533844
YPR007C,YCR046C,0,-0.28000474,0.1113954707980156,0.8253493309020996,0.6598319411277771
YJR152W,YDR300C,0,-0.28016478,0.11138047277927399,0.8253493309020996,0.6599319577217102
YHR094C,YML051W,0,-0.28049475,0.11136547476053238,0.8253493309020996,0.6600320339202881
YBR109C,YNL130C,0,-0.2805718,0.11135047674179077,0.8253493309020996,0.6601320505142212
YJL225C,YML064C,0,-0.2806241,0.11133548617362976,0.8253493309020996,0.6602320671081543
YPL059W,YLR336C,1,-0.28086358,0.11145510524511337,0.826347291469574,0.6602320671081543
YNL307C,YPR072W,0,-0.28105116,0.11144010722637177,0.826347291469574,0.6603320837020874
YJL204C,YPL218W,0,-0.28133255,0.11142510920763016,0.826347291469574,0.6604321002960205
YDL047W,YDR287W,0,-0.28138137,0.11141011863946915,0.826347291469574,0.6605321168899536
YML086C,YER078C,0,-0.28142226,0.11139512807130814,0.826347291469574,0.6606321334838867
YNR012W,YML051W,0,-0.28159994,0.11138014495372772,0.826347291469574,0.6607321500778198
YGL105W,YGR157W,0,-0.28161544,0.11136516183614731,0.826347291469574,0.6608321666717529
YJR120W,YIL079C,0,-0.28200898,0.11135018616914749,0.826347291469574,0.660932183265686
YPL189W,YLR034C,0,-0.28223974,0.11133521795272827,0.826347291469574,0.6610321998596191
YBL061C,YLR337C,1,-0.2822979,0.11145469546318054,0.8273453116416931,0.6610321998596191
YMR190C,YGL186C,0,-0.2825938,0.11143971234560013,0.8273453116416931,0.6611322164535522
YDR217C,YDR453C,0,-0.2836156,0.11142472922801971,0.8273453116416931,0.6612322330474854
YLR263W,YGR120C,0,-0.28362858,0.1114097535610199,0.8273453116416931,0.6613322496414185
YER019W,YOR122C,1,-0.2838797,0.1115291565656662,0.8283433318138123,0.6613322496414185
YBR129C,YDR351W,0,-0.28394318,0.11151417344808578,0.8283433318138123,0.6614322662353516
YML066C,YMR075W,0,-0.28398356,0.11149919033050537,0.8283433318138123,0.6615322828292847
YJR026W,YKL114C,0,-0.28401005,0.11148421466350555,0.8283433318138123,0.6616322994232178
YDL022W,YDR388W,1,-0.2844252,0.11160354316234589,0.8293412923812866,0.6616322994232178
YLL032C,YKR088C,0,-0.28464347,0.11158856004476547,0.8293412923812866,0.6617323756217957
YOL146W,YGR082W,0,-0.28465325,0.11157357692718506,0.8293412923812866,0.6618323922157288
YHR214C-B,YGR239C,0,-0.28471792,0.11155860126018524,0.8293412923812866,0.6619324088096619
YCL010C,YER001W,0,-0.28474736,0.11154362559318542,0.8293412923812866,0.662032425403595
YJR028W,YOR206W,0,-0.28493446,0.1115286573767662,0.8293412923812866,0.6621324419975281
YOR084W,YKL182W,0,-0.28506953,0.11151368916034698,0.8293412923812866,0.6622324585914612
YBR107C,YFR040W,0,-0.28507864,0.11149872839450836,0.8293412923812866,0.6623324751853943
YDR494W,YNL047C,0,-0.28509337,0.11148376762866974,0.8293412923812866,0.6624324917793274
YJL184W,YPL242C,1,-0.2853732,0.11160295456647873,0.8303393125534058,0.6624324917793274
YLR165C,YKL166C,0,-0.28573525,0.11158798635005951,0.8303393125534058,0.6625325083732605
YIR034C,YDR091C,0,-0.28610867,0.11157301813364029,0.8303393125534058,0.6626325249671936
YDR019C,YGL045W,0,-0.28633904,0.11155805736780167,0.8303393125534058,0.6627325415611267
YHR178W,YEL020W-A,0,-0.2863897,0.11154310405254364,0.8303393125534058,0.6628325581550598
YBL091C,YJL012C,0,-0.2865463,0.11152815073728561,0.8303393125534058,0.6629325747489929
YGR070W,YMR268C,0,-0.28702402,0.11151320487260818,0.8303393125534058,0.663032591342926
YKR101W,YJL160C,0,-0.28704935,0.11149825900793076,0.8303393125534058,0.6631326079368591
YOR274W,YPL042C,0,-0.28709024,0.11148332059383392,0.8303393125534058,0.6632326245307922
YGL220W,YNL145W,0,-0.28718352,0.11146838217973709,0.8303393125534058,0.6633326411247253
YIL082W-A,YKL117W,0,-0.2874909,0.11145345121622086,0.8303393125534058,0.6634326577186584
YDR451C,YIL014W,0,-0.28761578,0.11143852025270462,0.8303393125534058,0.6635327339172363
YLR203C,YMR272C,0,-0.28770816,0.11142359673976898,0.8303393125534058,0.6636327505111694
YBR084C-A,YLR228C,0,-0.2880717,0.11140868067741394,0.8303393125534058,0.6637327671051025
YDR386W,YMR093W,0,-0.2882861,0.1113937571644783,0.8303393125534058,0.6638327836990356
YGL220W,YDR446W,0,-0.28833503,0.11137884855270386,0.8303393125534058,0.6639328002929688
YKL211C,YNL021W,0,-0.2883973,0.11136393994092941,0.8303393125534058,0.6640328168869019
YKL149C,YGR128C,0,-0.2885986,0.11134903877973557,0.8303393125534058,0.664132833480835
YGL220W,YCR002C,0,-0.28874624,0.11133413761854172,0.8303393125534058,0.6642328500747681
YGL022W,YNL095C,0,-0.28918922,0.11131923645734787,0.8303393125534058,0.6643328666687012
YNL048W,YDR021W,0,-0.28938073,0.11130435019731522,0.8303393125534058,0.6644328832626343
YIL110W,YNL294C,0,-0.28998375,0.11128945648670197,0.8303393125534058,0.6645328998565674
YBR112C,YDR104C,0,-0.2905208,0.11127457767724991,0.8303393125534058,0.6646329164505005
YFR033C,YGL245W,0,-0.2906263,0.11125969141721725,0.8303393125534058,0.6647329330444336
YBR265W,YDR527W,0,-0.29072458,0.1112448200583458,0.8303393125534058,0.6648329496383667
YLR233C,YLL052C,0,-0.29091012,0.11122994869947433,0.8303393125534058,0.6649329662322998
YPL134C,YNL002C,0,-0.29121655,0.11121507734060287,0.8303393125534058,0.6650329828262329
YFL022C,YMR293C,0,-0.29129654,0.11120021343231201,0.8303393125534058,0.665132999420166
YAL011W,YDR205W,0,-0.29149628,0.11118535697460175,0.8303393125534058,0.6652330756187439
YDR210W,YCL016C,0,-0.29176855,0.11117050051689148,0.8303393125534058,0.665333092212677
YEL048C,YKL040C,0,-0.2919374,0.11115564405918121,0.8303393125534058,0.6654331088066101
YKR044W,YPL049C,0,-0.29230553,0.11114079505205154,0.8303393125534058,0.6655331254005432
YOR113W,YDR208W,0,-0.292338,0.11112595349550247,0.8303393125534058,0.6656331419944763
YMR215W,YNL183C,0,-0.2929688,0.1111111119389534,0.8303393125534058,0.6657331585884094
YJR088C,YER006W,0,-0.29314095,0.11109627783298492,0.8303393125534058,0.6658331751823425
YOL091W,YCR070W,0,-0.29316992,0.11108144372701645,0.8303393125534058,0.6659331917762756
YPL189W,YMR176W,0,-0.2934057,0.11106660962104797,0.8303393125534058,0.6660332083702087
YKR022C,YDR482C,0,-0.2935349,0.11105179041624069,0.8303393125534058,0.6661332249641418
YPR161C,YBL034C,0,-0.29354337,0.11103697121143341,0.8303393125534058,0.666233241558075
YMR321C,YOR317W,0,-0.29373312,0.11102215200662613,0.8303393125534058,0.6663332581520081
YBR120C,YIR010W,0,-0.2937346,0.11100734025239944,0.8303393125534058,0.6664332747459412
YMR061W,YIL022W,0,-0.29390723,0.11099252849817276,0.8303393125534058,0.6665332913398743
YGL254W,YKL146W,0,-0.29390812,0.11097772419452667,0.8303393125534058,0.6666333079338074
YLR313C,YPR017C,0,-0.293958,0.11096291989088058,0.8303393125534058,0.6667333245277405
YMR154C,YOR378W,0,-0.29414493,0.1109481230378151,0.8303393125534058,0.6668333411216736
YJL001W,YFR044C,0,-0.29424745,0.1109333336353302,0.8303393125534058,0.6669333577156067
YIL157C,YBL092W,0,-0.29479474,0.1109185442328453,0.8303393125534058,0.6670334339141846
YOL136C,YDR245W,0,-0.29488534,0.11090376228094101,0.8303393125534058,0.6671334505081177
YLR164W,YKL172W,0,-0.29547977,0.11088898032903671,0.8303393125534058,0.6672334671020508
YDR454C,YDR233C,0,-0.29559422,0.11087419837713242,0.8303393125534058,0.6673334836959839
YBR233W-A,YNL050C,0,-0.29602522,0.11085942387580872,0.8303393125534058,0.667433500289917
YGL008C,YGR157W,0,-0.29606065,0.11084465682506561,0.8303393125534058,0.6675335168838501
YIL011W,YNR026C,0,-0.29627663,0.11082988977432251,0.8303393125534058,0.6676335334777832
YMR116C,YPR133W-A,0,-0.29644036,0.11081513017416,0.8303393125534058,0.6677335500717163
YPL181W,YJR002W,0,-0.29649955,0.1108003705739975,0.8303393125534058,0.6678335666656494
YNR017W,YHR088W,0,-0.2965699,0.11078561842441559,0.8303393125534058,0.6679335832595825
YPL032C,YLR301W,0,-0.29704845,0.11077086627483368,0.8303393125534058,0.6680335998535156
YAL032C,YOR222W,0,-0.2971304,0.11075612157583237,0.8303393125534058,0.6681336164474487
YBL025W,YPL021W,0,-0.29720673,0.11074138432741165,0.8303393125534058,0.6682336330413818
YLR249W,YDR156W,0,-0.297262,0.11072664707899094,0.8303393125534058,0.6683336496353149
YGR012W,YPL283C,0,-0.29729497,0.11071190983057022,0.8303393125534058,0.668433666229248
YPR011C,YHR102W,0,-0.29730195,0.1106971800327301,0.8303393125534058,0.6685336828231812
YNL314W,YNL224C,0,-0.29743463,0.11068245023488998,0.8303393125534058,0.6686336994171143
YBR014C,YCL032W,1,-0.29778302,0.11080074310302734,0.8313373327255249,0.6686336994171143
YJL128C,YOR047C,1,-0.2978595,0.11091900616884232,0.832335352897644,0.6686336994171143
YBR152W,YGL112C,0,-0.29789716,0.1109042540192604,0.832335352897644,0.6687337756156921
YDR422C,YGL151W,0,-0.29805988,0.1108895093202591,0.832335352897644,0.6688337922096252
YKR031C,YLR263W,0,-0.29820603,0.11087476462125778,0.832335352897644,0.6689338088035583
YIL063C,YDR349C,0,-0.29821348,0.11086002737283707,0.832335352897644,0.6690338253974915
YER049W,YNL065W,0,-0.29828095,0.11084529757499695,0.832335352897644,0.6691338419914246
YGR253C,YMR054W,0,-0.29828817,0.11083056777715683,0.832335352897644,0.6692338585853577
YIL023C,YOR301W,0,-0.29858917,0.11081583797931671,0.832335352897644,0.6693338751792908
YIL047C,YLR138W,0,-0.29877633,0.11080111563205719,0.832335352897644,0.6694338917732239
YKL174C,YPR182W,0,-0.29891396,0.11078640073537827,0.832335352897644,0.669533908367157
YKL174C,YLR466W,0,-0.29907033,0.11077168583869934,0.832335352897644,0.6696339249610901
YDR294C,YOR060C,0,-0.2992729,0.11075697094202042,0.832335352897644,0.6697339415550232
YDL232W,YCR046C,0,-0.29960942,0.11074226349592209,0.832335352897644,0.6698339581489563
YIL006W,YMR121C,0,-0.29977652,0.11072756350040436,0.832335352897644,0.6699339747428894
YDR020C,YNL161W,0,-0.30038363,0.11071286350488663,0.832335352897644,0.6700339913368225
YDL010W,YJL184W,1,-0.30086,0.11083090305328369,0.8333333134651184,0.6700339913368225
YHR060W,YJL180C,0,-0.30099702,0.11081618815660477,0.8333333134651184,0.6701340079307556
YDR041W,YGR214W,0,-0.30102795,0.11080148816108704,0.8333333134651184,0.6702340245246887
YDR454C,YPL218W,0,-0.30127656,0.1107867881655693,0.8333333134651184,0.6703340411186218
YGL046W,YDR131C,0,-0.30166984,0.11077208817005157,0.8333333134651184,0.6704340577125549
YDL232W,YGR165W,0,-0.3019868,0.11075739562511444,0.8333333134651184,0.6705341339111328
YGL148W,YDL150W,0,-0.30274463,0.11074270308017731,0.8333333134651184,0.6706341505050659
YHR059W,YLR209C,0,-0.30286503,0.11072801798582077,0.8333333134651184,0.670734167098999
YBR088C,YHR037W,0,-0.30294037,0.11071334034204483,0.8333333134651184,0.6708341836929321
YFR024C,YHR142W,0,-0.30336952,0.11069866269826889,0.8333333134651184,0.6709342002868652
YKL045W,YHR135C,0,-0.3034557,0.11068398505449295,0.8333333134651184,0.6710342168807983
YDR500C,YML025C,0,-0.30350146,0.11066931486129761,0.8333333134651184,0.6711342334747314
YGR099W,YNL312W,0,-0.303698,0.11065465211868286,0.8333333134651184,0.6712342500686646
YIL079C,YPL083C,0,-0.3038271,0.11063998937606812,0.8333333134651184,0.6713342666625977
YJL186W,YDR144C,0,-0.30392158,0.11062533408403397,0.8333333134651184,0.6714342832565308
YFR049W,YOR192C,0,-0.30408382,0.11061067879199982,0.8333333134651184,0.6715342998504639
YMR321C,YJL118W,0,-0.30429363,0.11059602349996567,0.8333333134651184,0.671634316444397
YNL252C,YOL029C,0,-0.30456835,0.11058138310909271,0.8333333134651184,0.6717343330383301
YML041C,YDR162C,0,-0.30457982,0.11056673526763916,0.8333333134651184,0.6718343496322632
YKR035W-A,YDR246W,0,-0.3060364,0.1105520948767662,0.8333333134651184,0.6719343662261963
YBR106W,YDL168W,0,-0.30625263,0.11053746193647385,0.8333333134651184,0.6720343828201294
YBR070C,YJR127C,0,-0.3070919,0.11052282899618149,0.8333333134651184,0.6721343994140625
YIL110W,YLR314C,0,-0.3074733,0.11050820350646973,0.8333333134651184,0.6722344756126404
YOR222W,YER050C,0,-0.3078776,0.11049358546733856,0.8333333134651184,0.6723344922065735
YAR014C,YOR192C,0,-0.30792046,0.1104789599776268,0.8333333134651184,0.6724345088005066
YMR270C,YPL228W,0,-0.3080612,0.11046434938907623,0.8333333134651184,0.6725345253944397
YPR100W,YOR297C,0,-0.30847335,0.11044973880052567,0.8333333134651184,0.6726345419883728
YIL076W,YCL051W,0,-0.30847952,0.1104351282119751,0.8333333134651184,0.6727345585823059
YGR098C,YCR026C,0,-0.3087684,0.11042052507400513,0.8333333134651184,0.672834575176239
YOR193W,YBL066C,0,-0.3087741,0.11040592193603516,0.8333333134651184,0.6729345917701721
YIL053W,YLR113W,1,-0.3089571,0.1105235293507576,0.8343313336372375,0.6729345917701721
YGL167C,YKR024C,0,-0.30916214,0.11050892621278763,0.8343313336372375,0.6730346083641052
YCR052W,YKL018W,0,-0.30929524,0.11049431562423706,0.8343313336372375,0.6731346249580383
YPR017C,YPL151C,0,-0.31007832,0.11047971248626709,0.8343313336372375,0.6732346415519714
YJL063C,YGR010W,0,-0.31018198,0.11046511679887772,0.8343313336372375,0.6733346581459045
YCR017C,YJL114W,0,-0.31064636,0.11045052111148834,0.8343313336372375,0.6734346747398376
YOL078W,YDR173C,0,-0.31109017,0.11043593287467957,0.8343313336372375,0.6735346913337708
YJR063W,YNL180C,0,-0.31138986,0.11042134463787079,0.8343313336372375,0.6736347079277039
YNR031C,YER118C,1,-0.31154615,0.11053882539272308,0.8353293538093567,0.6736347079277039
YOR088W,YGR148C,0,-0.3116063,0.11052422970533371,0.8353293538093567,0.673734724521637
YLR274W,YPL256C,0,-0.31163326,0.11050964146852493,0.8353293538093567,0.6738347411155701
YHR194W,YCL036W,0,-0.3117694,0.11049504578113556,0.8353293538093567,0.6739347577095032
YPL215W,YOR118W,0,-0.31188637,0.11048046499490738,0.8353293538093567,0.674034833908081
YMR283C,YDR317W,0,-0.31215143,0.1104658842086792,0.8353293538093567,0.6741348505020142
YBL052C,YLR011W,0,-0.3126306,0.11045130342245102,0.8353293538093567,0.6742348670959473
YKL081W,YGR038W,0,-0.31272763,0.11043673008680344,0.8353293538093567,0.6743348836898804
YJR055W,YNR052C,0,-0.3128924,0.11042216420173645,0.8353293538093567,0.6744349002838135
YBR293W,YCL004W,0,-0.31291956,0.11040759831666946,0.8353293538093567,0.6745349168777466
YMR164C,YNR032C-A,0,-0.31378102,0.11039303243160248,0.8353293538093567,0.6746349334716797
YCR024C-A,YDR104C,0,-0.31378967,0.11037848144769669,0.8353293538093567,0.6747349500656128
YER052C,YML036W,0,-0.31412315,0.1103639230132103,0.8353293538093567,0.6748349666595459
YJL213W,YHR154W,0,-0.31452757,0.1103493720293045,0.8353293538093567,0.674934983253479
YER160C,YIL064W,0,-0.31456587,0.11033482849597931,0.8353293538093567,0.6750349998474121
YGL209W,YLR342W,0,-0.31460524,0.11032028496265411,0.8353293538093567,0.6751350164413452
YDL059C,YGL122C,0,-0.31472358,0.11030574887990952,0.8353293538093567,0.6752350330352783
YER013W,YLR044C,0,-0.31492233,0.11029121279716492,0.8353293538093567,0.6753350496292114
YJL069C,YDR422C,0,-0.31498444,0.11027667671442032,0.8353293538093567,0.6754350662231445
YBL100W-B,YPL239W,0,-0.31506294,0.11026215553283691,0.8353293538093567,0.6755350828170776
YGR084C,YBR279W,0,-0.31507522,0.11024762690067291,0.8353293538093567,0.6756350994110107
YGR172C,YCR020W-B,0,-0.31555218,0.11023310571908951,0.8353293538093567,0.6757351756095886
YCL004W,YGR077C,0,-0.31602132,0.1102185919880867,0.8353293538093567,0.6758351922035217
YDL235C,YCL030C,0,-0.31627035,0.11020407825708389,0.8353293538093567,0.6759352087974548
YGL216W,YMR054W,0,-0.31632972,0.11018957197666168,0.8353293538093567,0.6760352253913879
YLR424W,YKL192C,0,-0.31659448,0.11017506569623947,0.8353293538093567,0.676135241985321
YGL103W,YJR140C,0,-0.31689095,0.11016056686639786,0.8353293538093567,0.6762352585792542
YOR371C,YDL236W,0,-0.31700212,0.11014607548713684,0.8353293538093567,0.6763352751731873
YBR179C,YDR195W,0,-0.3171503,0.11013157665729523,0.8353293538093567,0.6764352917671204
YGR277C,YDR416W,0,-0.3173862,0.11011709272861481,0.8353293538093567,0.6765353083610535
YLR244C,YEL031W,0,-0.31746972,0.11010260134935379,0.8353293538093567,0.6766353249549866
YBL041W,YIL134W,0,-0.3178525,0.11008812487125397,0.8353293538093567,0.6767353415489197
YPR058W,YOR303W,0,-0.31860596,0.11007364839315414,0.8353293538093567,0.6768353581428528
YPL020C,YOR130C,0,-0.3186338,0.11005917191505432,0.8353293538093567,0.6769353747367859
YAL016W,YNR051C,0,-0.3186615,0.1100447028875351,0.8353293538093567,0.677035391330719
YKR054C,YCR011C,0,-0.318946,0.11003023386001587,0.8353293538093567,0.6771354079246521
YNL016W,YKL008C,0,-0.31896874,0.11001577228307724,0.8353293538093567,0.6772354245185852
YNL317W,YNL172W,0,-0.31950456,0.11000131070613861,0.8353293538093567,0.6773354411125183
YKR002W,YKL206C,0,-0.31994724,0.10998685657978058,0.8353293538093567,0.6774354577064514
YJR140C,YNL111C,0,-0.32020354,0.10997240990400314,0.8353293538093567,0.6775355339050293
YFL066C,YNR053C,0,-0.32023025,0.10995796322822571,0.8353293538093567,0.6776355504989624
YGR281W,YDR072C,0,-0.3202455,0.10994351655244827,0.8353293538093567,0.6777355670928955
YMR323W,YGR030C,0,-0.3202998,0.10992907732725143,0.8353293538093567,0.6778355836868286
YEL071W,YBR282W,0,-0.32107702,0.10991464555263519,0.8353293538093567,0.6779356002807617
YMR116C,YLL042C,0,-0.32147837,0.10990021377801895,0.8353293538093567,0.6780356168746948
YJR108W,YKL063C,0,-0.32155824,0.10988578200340271,0.8353293538093567,0.6781356334686279
YHR006W,YDR167W,0,-0.32165006,0.10987135767936707,0.8353293538093567,0.678235650062561
YKL073W,YPL183W-A,0,-0.32196403,0.10985693335533142,0.8353293538093567,0.6783356666564941
YPR007C,YDR385W,0,-0.32200813,0.10984251648187637,0.8353293538093567,0.6784356832504272
YNR023W,YLR244C,0,-0.32233894,0.10982810705900192,0.8353293538093567,0.6785356998443604
YGR152C,YML058W,0,-0.32248574,0.10981369763612747,0.8353293538093567,0.6786357164382935
YIL118W,YLR059C,0,-0.32270658,0.10979928821325302,0.8353293538093567,0.6787357330322266
YLL021W,YEL030W,0,-0.3230114,0.10978488624095917,0.8353293538093567,0.6788357496261597
YFR030W,YPL016W,0,-0.32311827,0.10977049171924591,0.8353293538093567,0.6789357662200928
YDL201W,YMR308C,0,-0.32317692,0.10975609719753265,0.8353293538093567,0.6790357828140259
YOR371C,YMR054W,0,-0.32329658,0.1097417101264,0.8353293538093567,0.679135799407959
YGL001C,YNL090W,0,-0.32334334,0.10972732305526733,0.8353293538093567,0.6792358756065369
YLR341W,YPR094W,0,-0.32337677,0.10971293598413467,0.8353293538093567,0.67933589220047
YGL061C,YLR263W,0,-0.32344276,0.10969855636358261,0.8353293538093567,0.6794359087944031
YGL086W,YPL072W,0,-0.3234979,0.10968418419361115,0.8353293538093567,0.6795359253883362
YNL084C,YKR025W,0,-0.32358366,0.10966981202363968,0.8353293538093567,0.6796359419822693
YLR404W,YLL002W,0,-0.32381117,0.10965543985366821,0.8353293538093567,0.6797359585762024
YJL203W,YKL101W,0,-0.32406515,0.10964108258485794,0.8353293538093567,0.6798359751701355
YOR207C,YCR012W,0,-0.32488388,0.10962671786546707,0.8353293538093567,0.6799359917640686
YIL083C,YJL014W,0,-0.3249541,0.1096123605966568,0.8353293538093567,0.6800360083580017
YKR020W,YCR060W,0,-0.32521862,0.10959801077842712,0.8353293538093567,0.6801360249519348
YKL186C,YLR228C,0,-0.32523346,0.10958366096019745,0.8353293538093567,0.6802360415458679
YJR041C,YPR018W,0,-0.32582605,0.10956931859254837,0.8353293538093567,0.680336058139801
YAL029C,YPL016W,0,-0.3260945,0.10955497622489929,0.8353293538093567,0.6804360747337341
YKL048C,YHL007C,1,-0.32655668,0.10967151075601578,0.8363273739814758,0.6804360747337341
YOR230W,YDR382W,0,-0.32717872,0.1096571609377861,0.8363273739814758,0.6805360913276672
YER190W,YDR508C,0,-0.32770324,0.10964281111955643,0.8363273739814758,0.6806361079216003
YKR068C,YNR039C,0,-0.32853627,0.10962846875190735,0.8363273739814758,0.6807361245155334
YBR016W,YMR032W,1,-0.32871324,0.10974492877721786,0.8373253345489502,0.6807361245155334
YGR157W,YDR206W,0,-0.32909036,0.10973057895898819,0.8373253345489502,0.6808361411094666
YKL063C,YHL015W,0,-0.3291228,0.10971622914075851,0.8373253345489502,0.6809361577033997
YOR297C,YKR072C,1,-0.32969195,0.10983263701200485,0.8383233547210693,0.6809361577033997
YER177W,YDR184C,0,-0.329754,0.10981827974319458,0.8383233547210693,0.6810362339019775
YCL029C,YBL009W,0,-0.33045733,0.10980392247438431,0.8383233547210693,0.6811362504959106
YAL040C,YLR144C,0,-0.33052713,0.10978957265615463,0.8383233547210693,0.6812362670898438
YLR383W,YPL249C-A,0,-0.33078837,0.10977522283792496,0.8383233547210693,0.6813362836837769
YHR084W,YKL096W-A,0,-0.33100897,0.10976088047027588,0.8383233547210693,0.68143630027771
YPR134W,YEL052W,0,-0.3312621,0.1097465381026268,0.8383233547210693,0.6815363168716431
YOR017W,YKL032C,0,-0.3314586,0.10973220318555832,0.8383233547210693,0.6816363334655762
YIL147C,YBR182C,1,-0.3322277,0.10984848439693451,0.8393213748931885,0.6816363334655762
YOR103C,YNL222W,0,-0.3322608,0.10983414202928543,0.8393213748931885,0.6817363500595093
YPL072W,YOL042W,0,-0.33243614,0.10981979966163635,0.8393213748931885,0.6818363666534424
YBR091C,YML032C,0,-0.3332867,0.10980545729398727,0.8393213748931885,0.6819363832473755
YBR293W,YOR260W,0,-0.33341074,0.10979112237691879,0.8393213748931885,0.6820363998413086
YLR321C,YFL009W,0,-0.33351487,0.10977679491043091,0.8393213748931885,0.6821364164352417
YMR013C,YPR057W,0,-0.33375895,0.10976246744394302,0.8393213748931885,0.6822364330291748
YIL119C,YJL110C,0,-0.33451468,0.10974813997745514,0.8393213748931885,0.6823364496231079
YNL282W,YBR019C,0,-0.3346151,0.10973381996154785,0.8393213748931885,0.682436466217041
YGR090W,YOR149C,0,-0.33469343,0.10971950739622116,0.8393213748931885,0.6825364828109741
YIL097W,YKL117W,0,-0.33496585,0.10970519483089447,0.8393213748931885,0.6826364994049072
YLR321C,YGR005C,0,-0.33535635,0.10969088226556778,0.8393213748931885,0.6827365756034851
YLR323C,YKL213C,0,-0.33552814,0.10967657715082169,0.8393213748931885,0.6828365921974182
YEL043W,YBL013W,0,-0.33711696,0.10966227948665619,0.8393213748931885,0.6829366087913513
YER002W,YDR517W,0,-0.33726436,0.10964798182249069,0.8393213748931885,0.6830366253852844
YER157W,YLL048C,0,-0.3372689,0.1096336841583252,0.8393213748931885,0.6831366419792175
YBR070C,YMR183C,0,-0.33765024,0.1096193939447403,0.8393213748931885,0.6832366585731506
YCR024C,YBR044C,0,-0.3383547,0.10960511118173599,0.8393213748931885,0.6833366751670837
YGL169W,YGL051W,0,-0.33842924,0.10959082841873169,0.8393213748931885,0.6834366917610168
YBL034C,YGL077C,0,-0.33854213,0.10957654565572739,0.8393213748931885,0.68353670835495
YMR227C,YFL008W,0,-0.33902776,0.10956227034330368,0.8393213748931885,0.6836367249488831
YFR047C,YGL002W,0,-0.3392002,0.10954800248146057,0.8393213748931885,0.6837367415428162
YHR115C,YER151C,0,-0.33925456,0.10953373461961746,0.8393213748931885,0.6838367581367493
YFR016C,YIL167W,0,-0.33926117,0.10951946675777435,0.8393213748931885,0.6839367747306824
YBR239C,YNR072W,0,-0.33936483,0.10950520634651184,0.8393213748931885,0.6840367913246155
YBR202W,YPL138C,0,-0.33968115,0.10949095338582993,0.8393213748931885,0.6841368079185486
YJL178C,YMR032W,0,-0.3398,0.10947670042514801,0.8393213748931885,0.6842368245124817
YOR297C,YER078C,0,-0.3400297,0.1094624474644661,0.8393213748931885,0.6843368411064148
YMR001C,YGR013W,0,-0.34018308,0.10944820195436478,0.8393213748931885,0.6844368577003479
YDR226W,YMR048W,0,-0.34036595,0.10943396389484406,0.8393213748931885,0.6845369338989258
YDR446W,YML110C,0,-0.34065843,0.10941972583532333,0.8393213748931885,0.6846369504928589
YDR108W,YOR001W,0,-0.34087348,0.10940548777580261,0.8393213748931885,0.684736967086792
YDR090C,YGR145W,0,-0.34102723,0.10939125716686249,0.8393213748931885,0.6848369836807251
YGL171W,YMR055C,0,-0.34109798,0.10937703400850296,0.8393213748931885,0.6849370002746582
YKL006W,YIL135C,0,-0.34154138,0.10936281085014343,0.8393213748931885,0.6850370168685913
YMR275C,YFR038W,0,-0.34158182,0.1093485876917839,0.8393213748931885,0.6851370334625244
YNL062C,YEL024W,0,-0.34165096,0.10933437198400497,0.8393213748931885,0.6852370500564575
YOR298C-A,YOR187W,0,-0.3416746,0.10932016372680664,0.8393213748931885,0.6853370666503906
YMR025W,YDR430C,0,-0.3417679,0.1093059554696083,0.8393213748931885,0.6854370832443237
YJR159W,YMR205C,0,-0.34223878,0.10929174721240997,0.8393213748931885,0.6855370998382568
YGR275W,YLR167W,0,-0.34226474,0.10927754640579224,0.8393213748931885,0.6856371164321899
YBR244W,YKL163W,0,-0.34363216,0.1092633530497551,0.8393213748931885,0.685737133026123
YNL056W,YDR041W,0,-0.34415647,0.10924915224313736,0.8393213748931885,0.6858371496200562
YGR280C,YBR119W,0,-0.3442699,0.10923496633768082,0.8393213748931885,0.6859371662139893
YOR266W,YBR023C,0,-0.34435633,0.10922078043222427,0.8393213748931885,0.6860371828079224
YOR181W,YOR008C,1,-0.3444205,0.10933645069599152,0.8403193354606628,0.6860371828079224
YLR131C,YNL079C,0,-0.34451628,0.10932225733995438,0.8403193354606628,0.6861371994018555
YBR179C,YER145C,0,-0.3445931,0.10930806398391724,0.8403193354606628,0.6862372756004333
YLR226W,YDR108W,0,-0.34498364,0.1092938706278801,0.8403193354606628,0.6863372921943665
YNL014W,YPL173W,0,-0.3449856,0.10927969217300415,0.8403193354606628,0.6864373087882996
YJL145W,YFL034C-A,0,-0.34514236,0.10926550626754761,0.8403193354606628,0.6865373253822327
YML026C,YDR399W,0,-0.34562778,0.10925132781267166,0.8403193354606628,0.6866373419761658
YLR131C,YBR002C,0,-0.34622175,0.10923715680837631,0.8403193354606628,0.6867373585700989
YLR148W,YJR153W,0,-0.34630585,0.10922298580408096,0.8403193354606628,0.686837375164032
YKR079C,YML133C,0,-0.3463938,0.10920882225036621,0.8403193354606628,0.6869373917579651
YIL095W,YOR393W,0,-0.34640533,0.10919465869665146,0.8403193354606628,0.6870374083518982
YPL040C,YGL098W,0,-0.3466367,0.1091804951429367,0.8403193354606628,0.6871374249458313
YNL214W,YDR111C,0,-0.34664786,0.10916633903980255,0.8403193354606628,0.6872374415397644
YDL040C,YPL244C,0,-0.3467673,0.10915219038724899,0.8403193354606628,0.6873374581336975
YNL048W,YDL145C,0,-0.34679538,0.10913804173469543,0.8403193354606628,0.6874374747276306
YJL104W,YLR299W,0,-0.34682575,0.10912390053272247,0.8403193354606628,0.6875374913215637
YLR119W,YNL032W,0,-0.34744188,0.10910975933074951,0.8403193354606628,0.6876375079154968
YLR355C,YML051W,0,-0.3474651,0.10909561812877655,0.8403193354606628,0.6877375245094299
YOR388C,YHR202W,0,-0.34799406,0.10908148437738419,0.8403193354606628,0.687837541103363
YGR216C,YGR133W,0,-0.34802282,0.10906735807657242,0.8403193354606628,0.6879376173019409
YOR354C,YER054C,0,-0.3484233,0.10905323177576065,0.8403193354606628,0.688037633895874
YEL063C,YHR197W,0,-0.34898376,0.10903910547494888,0.8403193354606628,0.6881376504898071
YBR010W,YDR159W,0,-0.34899384,0.10902498662471771,0.8403193354606628,0.6882376670837402
YBR170C,YCL038C,0,-0.34904128,0.10901087522506714,0.8403193354606628,0.6883376836776733
YHR079C-A,YDL100C,0,-0.34923437,0.10899676382541656,0.8403193354606628,0.6884377002716064
YDL058W,YCR088W,0,-0.34927523,0.10898265242576599,0.8403193354606628,0.6885377168655396
YLR185W,YOL116W,0,-0.34933162,0.10896854847669601,0.8403193354606628,0.6886377334594727
YOR189W,YOR299W,0,-0.34955257,0.10895445197820663,0.8403193354606628,0.6887377500534058
YGR089W,YKL206C,0,-0.34965485,0.10894035547971725,0.8403193354606628,0.6888377666473389
YDR410C,YML114C,0,-0.34986982,0.10892625898122787,0.8403193354606628,0.688937783241272
YDR021W,YNL103W,0,-0.35087055,0.10891216993331909,0.8403193354606628,0.6890377998352051
YIL053W,YIL159W,1,-0.35094672,0.10902741551399231,0.841317355632782,0.6890377998352051
YNL271C,YOR297C,1,-0.3513763,0.10914263874292374,0.8423153758049011,0.6890377998352051
YIL139C,YGR240C,0,-0.35175353,0.10912851989269257,0.8423153758049011,0.6891378164291382
YDR409W,YKR071C,0,-0.35177183,0.10911441594362259,0.8423153758049011,0.6892378330230713
YMR269W,YHR178W,0,-0.35181272,0.10910031199455261,0.8423153758049011,0.6893378496170044
YDL059C,YBR002C,0,-0.3527909,0.10908620804548264,0.8423153758049011,0.6894378662109375
YOL049W,YGR096W,0,-0.3533919,0.10907211154699326,0.8423153758049011,0.6895378828048706
YJL130C,YDL077C,0,-0.35339797,0.10905801504850388,0.8423153758049011,0.6896378993988037
YOL021C,YDR285W,0,-0.3535084,0.10904392600059509,0.8423153758049011,0.6897379755973816
YFL003C,YPL045W,0,-0.35356086,0.1090298444032669,0.8423153758049011,0.6898379921913147
YER139C,YNR054C,0,-0.35365528,0.10901575535535812,0.8423153758049011,0.6899380087852478
YNL300W,YKR028W,0,-0.35371172,0.10900168120861053,0.8423153758049011,0.6900380253791809
YML067C,YDL150W,0,-0.3538345,0.10898759961128235,0.8423153758049011,0.690138041973114
YJL011C,YKL152C,0,-0.35384044,0.10897353291511536,0.8423153758049011,0.6902380585670471
YPL053C,YBR094W,0,-0.35392207,0.10895946621894836,0.8423153758049011,0.6903380751609802
YLR319C,YKL088W,1,-0.3546883,0.10907448083162308,0.8433133959770203,0.6903380751609802
YBL027W,YDR217C,0,-0.3550536,0.10906039923429489,0.8433133959770203,0.6904380917549133
YMR167W,YNL073W,0,-0.35505474,0.1090463250875473,0.8433133959770203,0.6905381083488464
YBR125C,YKR024C,0,-0.35563028,0.10903225839138031,0.8433133959770203,0.6906381249427795
YLR167W,YNL088W,0,-0.35608476,0.10901819169521332,0.8433133959770203,0.6907381415367126
YPL253C,YPR175W,0,-0.35628647,0.10900412499904633,0.8433133959770203,0.6908381581306458
YBL100W-B,YDR490C,0,-0.3563389,0.10899006575345993,0.8433133959770203,0.6909381747245789
YPL008W,YPR052C,0,-0.35641026,0.10897601395845413,0.8433133959770203,0.691038191318512
YEL018W,YLR157C,0,-0.35644192,0.10896196216344833,0.8433133959770203,0.6911382079124451
YLR312W-A,YNL118C,0,-0.35692763,0.10894791036844254,0.8433133959770203,0.6912382245063782
YMR060C,YBR265W,0,-0.35706514,0.10893386602401733,0.8433133959770203,0.6913382411003113
YIL022W,YOR259C,0,-0.357068,0.10891982167959213,0.8433133959770203,0.6914383172988892
YKL130C,YLR181C,0,-0.35707438,0.10890578478574753,0.8433133959770203,0.6915383338928223
YIL047C,YKR024C,0,-0.3571192,0.10889175534248352,0.8433133959770203,0.6916383504867554
YLR141W,YHR060W,0,-0.3572517,0.10887771844863892,0.8433133959770203,0.6917383670806885
YFR029W,YKL180W,0,-0.3576715,0.1088636964559555,0.8433133959770203,0.6918383836746216
YJL124C,YER060W-A,0,-0.35783553,0.1088496744632721,0.8433133959770203,0.6919384002685547
YJL063C,YDL040C,0,-0.35813344,0.10883565247058868,0.8433133959770203,0.6920384168624878
YML036W,YCR089W,0,-0.3582532,0.10882163792848587,0.8433133959770203,0.6921384334564209
YLR055C,YNL003C,0,-0.3582838,0.10880762338638306,0.8433133959770203,0.692238450050354
YDR375C,YHR043C,0,-0.3586077,0.10879361629486084,0.8433133959770203,0.6923384666442871
YDR257C,YMR117C,0,-0.35898346,0.10877960920333862,0.8433133959770203,0.6924384832382202
YNL038W,YHR135C,0,-0.35913807,0.108765609562397,0.8433133959770203,0.6925384998321533
YPL093W,YHR033W,0,-0.35915875,0.10875160992145538,0.8433133959770203,0.6926385164260864
YPR100W,YJR002W,0,-0.35918635,0.10873761773109436,0.8433133959770203,0.6927385330200195
YDR090C,YIL137C,0,-0.35934353,0.10872362554073334,0.8433133959770203,0.6928385496139526
YLR075W,YOR085W,0,-0.35962468,0.10870963335037231,0.8433133959770203,0.6929385662078857
YDR420W,YKL129C,1,-0.36001295,0.10882428288459778,0.8443113565444946,0.6929385662078857
YPL275W,YGR027C,0,-0.36022097,0.10881029069423676,0.8443113565444946,0.6930385828018188
YDR164C,YNL315C,0,-0.36025867,0.10879629850387573,0.8443113565444946,0.693138599395752
YFL039C,YMR032W,1,-0.36029345,0.10891088843345642,0.8453093767166138,0.693138599395752
YNL058C,YDR030C,0,-0.36051005,0.1088968887925148,0.8453093767166138,0.6932386755943298
YDR098C,YGR078C,0,-0.36053687,0.10888288915157318,0.8453093767166138,0.6933386921882629
YPL253C,YIR011C,0,-0.3605404,0.10886889696121216,0.8453093767166138,0.693438708782196
YER017C,YKL038W,0,-0.36060476,0.10885490477085114,0.8453093767166138,0.6935387253761292
YCR097WB,YCL025C,0,-0.36062196,0.10884091258049011,0.8453093767166138,0.6936387419700623
YFR038W,YPL249C-A,0,-0.36083132,0.10882692784070969,0.8453093767166138,0.6937387585639954
YLR352W,YPR110C,0,-0.36091816,0.10881295055150986,0.8453093767166138,0.6938387751579285
YJR133W,YPL176C,0,-0.36101407,0.10879897326231003,0.8453093767166138,0.6939387917518616
YIL022W,YML010W,0,-0.361267,0.1087849959731102,0.8453093767166138,0.6940388083457947
YIL041W,YDL031W,0,-0.36131275,0.10877102613449097,0.8453093767166138,0.6941388249397278
YEL026W,YER058W,0,-0.3615293,0.10875706374645233,0.8453093767166138,0.6942388415336609
YDR324C,YDR073W,0,-0.36161333,0.1087431013584137,0.8453093767166138,0.694338858127594
YOR339C,YOR117W,0,-0.3617975,0.10872913897037506,0.8453093767166138,0.6944388747215271
YLL032C,YLR310C,0,-0.36232394,0.10871518403291702,0.8453093767166138,0.6945388913154602
YCR024C-A,YBL091C,0,-0.36293608,0.10870122909545898,0.8453093767166138,0.6946389079093933
YMR207C,YML075C,0,-0.36293745,0.10868728160858154,0.8453093767166138,0.6947389245033264
YKL175W,YMR033W,0,-0.36304727,0.1086733415722847,0.8453093767166138,0.6948389410972595
YKL020C,YPR113W,0,-0.36315817,0.10865939408540726,0.8453093767166138,0.6949390172958374
YGR221C,YNL326C,0,-0.36327308,0.10864546149969101,0.8453093767166138,0.6950390338897705
YNR057C,YJR063W,0,-0.36344165,0.10863152146339417,0.8453093767166138,0.6951390504837036
YMR215W,YLR024C,0,-0.36348432,0.10861759632825851,0.8453093767166138,0.6952390670776367
YIL128W,YDR104C,0,-0.36387756,0.10860366374254227,0.8453093767166138,0.6953390836715698
YDL058W,YEL052W,0,-0.36389714,0.10858974605798721,0.8453093767166138,0.6954391002655029
YKL022C,YAL001C,0,-0.36395195,0.10857582092285156,0.8453093767166138,0.695539116859436
YEL019C,YML075C,0,-0.36401016,0.1085619106888771,0.8453093767166138,0.6956391334533691
YLR029C,YOR251C,0,-0.3641413,0.10854799300432205,0.8453093767166138,0.6957391500473022
YEL044W,YLR272C,0,-0.3644058,0.1085340827703476,0.8453093767166138,0.6958391666412354
YDR184C,YFL062W,0,-0.36482263,0.10852017998695374,0.8453093767166138,0.6959391832351685
YDR225W,YPL133C,0,-0.36490405,0.10850627720355988,0.8453093767166138,0.6960391998291016
YER178W,YLR301W,0,-0.36508197,0.10849238187074661,0.8453093767166138,0.6961392164230347
YOR367W,YOR297C,1,-0.36579412,0.10860655456781387,0.8463073968887329,0.6961392164230347
YDR138W,YLR382C,0,-0.3662958,0.10859265178442001,0.8463073968887329,0.6962392330169678
YHR179W,YBR215W,0,-0.36672816,0.10857874155044556,0.8463073968887329,0.6963392496109009
YPR011C,YPL006W,0,-0.366969,0.1085648462176323,0.8463073968887329,0.696439266204834
YJL051W,YNL175C,0,-0.3669998,0.10855095088481903,0.8463073968887329,0.6965392827987671
YJR035W,YLR093C,0,-0.36724672,0.10853705555200577,0.8463073968887329,0.6966392993927002
YOR361C,YPR103W,0,-0.3673638,0.1085231602191925,0.8463073968887329,0.6967393755912781
YLR421C,YIL021W,0,-0.36830467,0.10850927978754044,0.8463073968887329,0.6968393921852112
YOR353C,YPL265W,0,-0.36838728,0.10849539190530777,0.8463073968887329,0.6969394087791443
YML066C,YDR198C,0,-0.3686138,0.1084815114736557,0.8463073968887329,0.6970394253730774
YOR359W,YDR057W,0,-0.36870724,0.10846763849258423,0.8463073968887329,0.6971394419670105
YPL200W,YFR021W,0,-0.3690673,0.10845376551151276,0.8463073968887329,0.6972394585609436
YLR016C,YMR238W,0,-0.3691122,0.10843989998102188,0.8463073968887329,0.6973394751548767
YLR026C,YNL314W,0,-0.3691625,0.108426034450531,0.8463073968887329,0.6974394917488098
YDR306C,YOR158W,0,-0.36923647,0.10841216892004013,0.8463073968887329,0.6975395083427429
YDR490C,YIL133C,0,-0.36994237,0.10839831084012985,0.8463073968887329,0.697639524936676
YGR185C,YER071C,0,-0.3701899,0.10838446021080017,0.8463073968887329,0.6977395415306091
YNL069C,YLR178C,0,-0.3705631,0.10837060958147049,0.8463073968887329,0.6978395581245422
YML096W,YCL020W,0,-0.37087137,0.10835675895214081,0.8463073968887329,0.6979395747184753
YPR005C,YMR092C,1,-0.37093532,0.10847067832946777,0.847305417060852,0.6979395747184753
YNL099C,YMR274C,0,-0.37097973,0.1084568202495575,0.847305417060852,0.6980395913124084
YPL170W,YML023C,0,-0.37117124,0.10844296962022781,0.847305417060852,0.6981396079063416
YNL038W,YKL196C,0,-0.37164587,0.10842911899089813,0.847305417060852,0.6982396245002747
YGL063W,YLR300W,0,-0.3717234,0.10841527581214905,0.847305417060852,0.6983396410942078
YDR027C,YBL002W,0,-0.37174684,0.10840143263339996,0.847305417060852,0.6984397172927856
YGR085C,YNL123W,0,-0.3718453,0.10838758945465088,0.847305417060852,0.6985397338867188
YGL153W,YNL329C,0,-0.37184644,0.10837375372648239,0.847305417060852,0.6986397504806519
YLR307W,YNR053C,0,-0.3721385,0.1083599254488945,0.847305417060852,0.698739767074585
YAL059W,YNL294C,0,-0.37221637,0.10834609717130661,0.847305417060852,0.6988397836685181
YDL133C-A,YCR093W,0,-0.37250614,0.10833226889371872,0.847305417060852,0.6989398002624512
YEL004W,YJR082C,0,-0.3727107,0.10831844806671143,0.847305417060852,0.6990398168563843
YGR014W,YBR086C,1,-0.37278312,0.10843219608068466,0.8483033776283264,0.6990398168563843
YLR110C,YKR103W,0,-0.37281263,0.10841836780309677,0.8483033776283264,0.6991398334503174
YIR031C,YDR331W,0,-0.3732112,0.10840453952550888,0.8483033776283264,0.6992398500442505
YLR337W,YIL159W,1,-0.37348807,0.10851823538541794,0.8493013978004456,0.6992398500442505
YDR233C,YOL077W-A,0,-0.37386048,0.10850439965724945,0.8493013978004456,0.6993398666381836
YIL041W,YCL034W,0,-0.3743145,0.10849056392908096,0.8493013978004456,0.6994398832321167
YPL227C,YLL043W,0,-0.3745178,0.10847673565149307,0.8493013978004456,0.6995398998260498
YOL094C,YOL020W,0,-0.3747273,0.10846290737390518,0.8493013978004456,0.6996399164199829
YKL018W,YGL011C,0,-0.37490058,0.10844908654689789,0.8493013978004456,0.699739933013916
YOR313C,YBL100W-B,0,-0.37525594,0.10843527317047119,0.8493013978004456,0.6998399496078491
YMR321C,YNL294C,0,-0.37534916,0.1084214523434639,0.8493013978004456,0.6999399662017822
YNL037C,YDR150W,0,-0.3754924,0.1084076464176178,0.8493013978004456,0.7000399827957153
YER109C,YOR212W,0,-0.37556994,0.1083938330411911,0.8493013978004456,0.7001399993896484
YMR001C,YGR181W,0,-0.37562472,0.108380027115345,0.8493013978004456,0.7002400755882263
YHL028W,YNL231C,0,-0.37569582,0.1083662286400795,0.8493013978004456,0.7003400921821594
YLR330W,YNL132W,0,-0.3757125,0.108352430164814,0.8493013978004456,0.7004401087760925
YOL110W,YIL099W,0,-0.3762114,0.10833863914012909,0.8493013978004456,0.7005401253700256
YOR002W,YLR071C,0,-0.37674597,0.10832484811544418,0.8493013978004456,0.7006401419639587
YJL216C,YBR131W,0,-0.3769402,0.10831105709075928,0.8493013978004456,0.7007401585578918
YMR203W,YOR368W,0,-0.37715352,0.10829727351665497,0.8493013978004456,0.700840175151825
YLR239C,YOR136W,0,-0.37718534,0.10828349739313126,0.8493013978004456,0.7009401917457581
YDR296W,YER006W,0,-0.37749058,0.10826972126960754,0.8493013978004456,0.7010402083396912
YMR074C,YGL010W,0,-0.37780508,0.10825594514608383,0.8493013978004456,0.7011402249336243
YPR060C,YBR015C,0,-0.37816983,0.10824217647314072,0.8493013978004456,0.7012402415275574
YML098W,YPL069C,0,-0.37817192,0.1082284152507782,0.8493013978004456,0.7013402581214905
YBR221C,YPR024W,0,-0.37830037,0.10821464657783508,0.8493013978004456,0.7014402747154236
YER154W,YFR028C,0,-0.37861192,0.10820089280605316,0.8493013978004456,0.7015402913093567
YLR277C,YKL126W,0,-0.3789749,0.10818713158369064,0.8493013978004456,0.7016403079032898
YNL199C,YJR054W,0,-0.37909344,0.10817338526248932,0.8493013978004456,0.7017403244972229
YCR014C,YNL123W,0,-0.37933138,0.1081596314907074,0.8493013978004456,0.701840341091156
YOL057W,YMR225C,0,-0.37980664,0.10814589262008667,0.8493013978004456,0.7019404172897339
YER168C,YGR240C,0,-0.3801772,0.10813214629888535,0.8493013978004456,0.702040433883667
YLR103C,YNL148C,0,-0.38029528,0.10811840742826462,0.8493013978004456,0.7021404504776001
YBL036C,YER040W,0,-0.3804466,0.10810467600822449,0.8493013978004456,0.7022404670715332
YGR208W,YFL013C,0,-0.38049072,0.10809094458818436,0.8493013978004456,0.7023404836654663
YGR254W,YJL151C,0,-0.38095272,0.10807721316814423,0.8493013978004456,0.7024405002593994
YLR319C,YDL235C,1,-0.38124436,0.10819047689437866,0.8502994179725647,0.7024405002593994
YDR216W,YFL033C,0,-0.3812831,0.10817673802375793,0.8502994179725647,0.7025405168533325
YPR171W,YBR260C,1,-0.3815922,0.10828995704650879,0.8512973785400391,0.7025405168533325
YNL067W,YNL131W,0,-0.38208157,0.10827621072530746,0.8512973785400391,0.7026405334472656
YKL008C,YEL053C,0,-0.3821209,0.10826247185468674,0.8512973785400391,0.7027405500411987
YFR034C,YKR086W,0,-0.38218075,0.10824873298406601,0.8512973785400391,0.7028405666351318
YDR194C,YBR021W,0,-0.38269576,0.10823499411344528,0.8512973785400391,0.7029405832290649
YMR199W,YHR084W,0,-0.38272732,0.10822126269340515,0.8512973785400391,0.703040599822998
YBR239C,YGR171C,0,-0.3828717,0.10820753872394562,0.8512973785400391,0.7031406164169312
YPR161C,YLR395C,0,-0.38321728,0.10819380730390549,0.8512973785400391,0.7032406330108643
YPL173W,YMR092C,0,-0.3832817,0.10818009078502655,0.8512973785400391,0.7033406496047974
YKR098C,YOR291W,0,-0.38381928,0.10816637426614761,0.8512973785400391,0.7034406661987305
YDR488C,YGL172W,0,-0.3844508,0.10815265774726868,0.8512973785400391,0.7035406827926636
YAL040C,YPL208W,0,-0.3846304,0.10813894867897034,0.8512973785400391,0.7036406993865967
YLR148W,YPL027W,0,-0.38463885,0.108125239610672,0.8512973785400391,0.7037407755851746
YER060W-A,YFR021W,0,-0.3847841,0.10811153054237366,0.8512973785400391,0.7038407921791077
YMR190C,YGL064C,0,-0.38496315,0.10809783637523651,0.8512973785400391,0.7039408087730408
YJR041C,YJL004C,0,-0.38534212,0.10808413475751877,0.8512973785400391,0.7040408253669739
YLR242C,YMR177W,0,-0.38536078,0.10807044059038162,0.8512973785400391,0.704140841960907
YBL004W,YJR101W,0,-0.38541096,0.10805675387382507,0.8512973785400391,0.7042408585548401
YJL001W,YDR540C,0,-0.38542104,0.10804306715726852,0.8512973785400391,0.7043408751487732
YGL054C,YHR009C,0,-0.38556427,0.10802938044071198,0.8512973785400391,0.7044408917427063
YDR194C,YGR144W,0,-0.3856601,0.10801570117473602,0.8512973785400391,0.7045409083366394
YHR059W,YGL194C,0,-0.3860494,0.10800202935934067,0.8512973785400391,0.7046409249305725
YEL034W,YPL190C,0,-0.38654363,0.10798835009336472,0.8512973785400391,0.7047409415245056
YPL232W,YMR145C,0,-0.38659856,0.10797468572854996,0.8512973785400391,0.7048409581184387
YLR447C,YDR349C,0,-0.386706,0.1079610139131546,0.8512973785400391,0.7049409747123718
YBR162W-A,YPL232W,0,-0.3868956,0.10794735699892044,0.8512973785400391,0.7050409913063049
YHR185C,YBR074W,0,-0.38696942,0.10793369263410568,0.8512973785400391,0.705141007900238
YPL112C,YNL329C,0,-0.3871889,0.10792004317045212,0.8512973785400391,0.7052410244941711
YLR075W,YCL074W,0,-0.38719505,0.10790638625621796,0.8512973785400391,0.7053410410881042
YDR076W,YCR089W,0,-0.38721144,0.10789273679256439,0.8512973785400391,0.7054411172866821
YML062C,YMR076C,0,-0.38748002,0.10787909477949142,0.8512973785400391,0.7055411338806152
YML092C,YKL155C,0,-0.38772357,0.10786545276641846,0.8512973785400391,0.7056411504745483
YLR005W,YHR051W,0,-0.38775396,0.10785181075334549,0.8512973785400391,0.7057411670684814
YKL092C,YGL030W,0,-0.3883884,0.10783817619085312,0.8512973785400391,0.7058411836624146
YMR230W,YLR167W,0,-0.3887253,0.10782454907894135,0.8512973785400391,0.7059412002563477
YFL002W-B,YGL186C,0,-0.38883656,0.10781092196702957,0.8512973785400391,0.7060412168502808
YDR194C,YLL067C,0,-0.38884258,0.1077972948551178,0.8512973785400391,0.7061412334442139
YML086C,YNL261W,0,-0.3892852,0.10778367519378662,0.8512973785400391,0.706241250038147
YPL225W,YPL161C,0,-0.38929778,0.10777005553245544,0.8512973785400391,0.7063412666320801
YER124C,YML097C,0,-0.3893264,0.10775644332170486,0.8512973785400391,0.7064412832260132
YBR216C,YBR196C,0,-0.3899181,0.10774283111095428,0.8512973785400391,0.7065412998199463
YBL002W,YGL243W,0,-0.3903411,0.1077292263507843,0.8512973785400391,0.7066413164138794
YHR158C,YML072C,0,-0.3904088,0.10771562159061432,0.8512973785400391,0.7067413330078125
YDR092W,YOR260W,0,-0.39189675,0.10770201683044434,0.8512973785400391,0.7068413496017456
YLL036C,YJR006W,0,-0.39245576,0.10768841952085495,0.8512973785400391,0.7069413661956787
YAL042W,YGL234W,0,-0.3932112,0.10767482966184616,0.8512973785400391,0.7070413827896118
YOR261C,YEL055C,0,-0.39428198,0.10766123980283737,0.8512973785400391,0.7071413993835449
YOR011W,YNL246W,0,-0.3951108,0.10764764994382858,0.8512973785400391,0.7072414755821228
YDL087C,YJR082C,0,-0.39558148,0.10763406753540039,0.8512973785400391,0.7073414921760559
YHR211W,YBL087C,0,-0.396259,0.1076204925775528,0.8512973785400391,0.707441508769989
YPL093W,YML064C,0,-0.39633125,0.1076069101691246,0.8512973785400391,0.7075415253639221
YPL032C,YJL013C,0,-0.3970865,0.1075933426618576,0.8512973785400391,0.7076415419578552
YLR361C,YGR081C,0,-0.39724666,0.10757976770401001,0.8512973785400391,0.7077415585517883
YJL118W,YGL098W,0,-0.39726806,0.10756620764732361,0.8512973785400391,0.7078415751457214
YLR399C,YLR315W,0,-0.3974095,0.10755264014005661,0.8512973785400391,0.7079415917396545
YPR190C,YBR234C,0,-0.39743698,0.10753908008337021,0.8512973785400391,0.7080416083335876
YBR061C,YGR240C,0,-0.3985194,0.1075255274772644,0.8512973785400391,0.7081416249275208
YNL064C,YHR019C,0,-0.39871264,0.1075119748711586,0.8512973785400391,0.7082416415214539
YPL190C,YML099C,0,-0.39878792,0.1074984222650528,0.8512973785400391,0.708341658115387
YHR165C,YGR128C,0,-0.39893192,0.10748487710952759,0.8512973785400391,0.7084416747093201
YPL179W,YDL084W,0,-0.399051,0.10747133940458298,0.8512973785400391,0.7085416913032532
YBR078W,YHR039C,0,-0.39909613,0.10745779424905777,0.8512973785400391,0.7086417078971863
YJL021C,YNR024W,0,-0.39938003,0.10744426399469376,0.8512973785400391,0.7087417244911194
YNL297C,YDR496C,0,-0.39962214,0.10743073374032974,0.8512973785400391,0.7088417410850525
YLR426W,YIL143C,0,-0.39981544,0.10741720348596573,0.8512973785400391,0.7089418172836304
YNL164C,YDR004W,0,-0.3999976,0.10740367323160172,0.8512973785400391,0.7090418338775635
YOL129W,YOR320C,0,-0.4000436,0.1073901578783989,0.8512973785400391,0.7091418504714966
YHR193C,YBR135W,0,-0.4001801,0.10737663507461548,0.8512973785400391,0.7092418670654297
YML001W,YNL132W,0,-0.40018928,0.10736311972141266,0.8512973785400391,0.7093418836593628
YBL061C,YDR168W,1,-0.4011411,0.10747545957565308,0.8522953987121582,0.7093418836593628
YIL114C,YDR237W,0,-0.40129906,0.10746193677186966,0.8522953987121582,0.7094419002532959
YJL187C,YBR188C,0,-0.40173054,0.10744841396808624,0.8522953987121582,0.709541916847229
YER073W,YBL005W,0,-0.40207434,0.10743489861488342,0.8522953987121582,0.7096419334411621
YML067C,YML030W,0,-0.40289938,0.1074213832616806,0.8522953987121582,0.7097419500350952
YJL128C,YDL066W,0,-0.40328956,0.10740787535905838,0.8522953987121582,0.7098419666290283
YBR029C,YBR008C,0,-0.40344632,0.10739436745643616,0.8522953987121582,0.7099419832229614
YGR118W,YPL207W,0,-0.403467,0.10738085955381393,0.8522953987121582,0.7100419998168945
YDL018C,YOR297C,0,-0.403472,0.10736735910177231,0.8522953987121582,0.7101420164108276
YOL095C,YHR039C,0,-0.40365225,0.10735386610031128,0.8522953987121582,0.7102420330047607
YGR118W,YIR004W,0,-0.4041835,0.10734037309885025,0.8522953987121582,0.7103420495986938
YOL045W,YOR187W,0,-0.40419048,0.10732688009738922,0.8522953987121582,0.710442066192627
YBR119W,YBR201W,0,-0.40441382,0.10731339454650879,0.8522953987121582,0.7105420827865601
YKL150W,YDL070W,0,-0.4047019,0.10729990899562836,0.8522953987121582,0.7106420993804932
YPR082C,YLR452C,0,-0.4049198,0.10728643089532852,0.8522953987121582,0.710742175579071
YML038C,YEL020W-A,0,-0.40493953,0.10727295279502869,0.8522953987121582,0.7108421921730042
YDL225W,YML069W,0,-0.40510392,0.10725948214530945,0.8522953987121582,0.7109422087669373
YPR194C,YKL053C-A,0,-0.40523434,0.10724601149559021,0.8522953987121582,0.7110422253608704
YIL121W,YHR152W,0,-0.40525395,0.10723254829645157,0.8522953987121582,0.7111422419548035
YGL200C,YOR119C,0,-0.405868,0.10721908509731293,0.8522953987121582,0.7112422585487366
YDL055C,YDR373W,0,-0.4059134,0.10720562189817429,0.8522953987121582,0.7113422751426697
YBL080C,YDR500C,0,-0.40600365,0.10719216614961624,0.8522953987121582,0.7114422917366028
YER075C,YJR006W,0,-0.4061889,0.1071787178516388,0.8522953987121582,0.7115423083305359
YOR129C,YLR085C,0,-0.4066574,0.10716526210308075,0.8522953987121582,0.711642324924469
YBR120C,YCR079W,0,-0.40696228,0.1071518212556839,0.8522953987121582,0.7117423415184021
YGR193C,YEL041W,0,-0.4071201,0.10713837295770645,0.8522953987121582,0.7118423581123352
YDR092W,YIL037C,0,-0.40726995,0.1071249395608902,0.8522953987121582,0.7119423747062683
YBR260C,YDL235C,1,-0.40729225,0.10723692178726196,0.8532934188842773,0.7119423747062683
YLR073C,YGL151W,0,-0.40756118,0.10722347348928452,0.8532934188842773,0.7120423913002014
YDR302W,YDL081C,0,-0.40761036,0.10721003264188766,0.8532934188842773,0.7121424078941345
YDR332W,YDL028C,0,-0.4078529,0.10719659179449081,0.8532934188842773,0.7122424244880676
YBR258C,YNL321W,0,-0.40785617,0.10718315094709396,0.8532934188842773,0.7123424410820007
YJR090C,YPL234C,0,-0.40811503,0.10716971755027771,0.8532934188842773,0.7124425172805786
YDR444W,YDR165W,0,-0.40838224,0.10715628415346146,0.8532934188842773,0.7125425338745117
YOR020C,YNL121C,0,-0.40846103,0.1071428582072258,0.8532934188842773,0.7126425504684448
YBR098W,YLR341W,0,-0.40898174,0.10712943226099014,0.8532934188842773,0.7127425670623779
YLR105C,YDR264C,0,-0.40900862,0.10711601376533508,0.8532934188842773,0.712842583656311
YML014W,YDL236W,0,-0.409064,0.10710259526968002,0.8532934188842773,0.7129426002502441
YMR179W,YOR038C,0,-0.40912473,0.10708917677402496,0.8532934188842773,0.7130426168441772
YFR024C,YJL092W,0,-0.4091558,0.1070757657289505,0.8532934188842773,0.7131426334381104
YLR229C,YPL131W,0,-0.40939343,0.10706236213445663,0.8532934188842773,0.7132426500320435
YDL042C,YML133C,0,-0.409647,0.10704895108938217,0.8532934188842773,0.7133426666259766
YDR147W,YPL235W,0,-0.41002744,0.1070355549454689,0.8532934188842773,0.7134426832199097
YOR194C,YNL023C,0,-0.4101804,0.10702215880155563,0.8532934188842773,0.7135426998138428
YKR068C,YAL007C,0,-0.41026032,0.10700876265764236,0.8532934188842773,0.7136427164077759
YJL111W,YGL032C,0,-0.41030824,0.1069953665137291,0.8532934188842773,0.713742733001709
YKL130C,YOL076W,0,-0.41077548,0.10698198527097702,0.8532934188842773,0.7138427495956421
YOR122C,YLR362W,1,-0.41091192,0.1070937067270279,0.8542914390563965,0.7138427495956421
YDL093W,YIL047C,0,-0.41183835,0.10708031058311462,0.8542914390563965,0.7139427661895752
YLR348C,YDR164C,0,-0.41197002,0.10706691443920135,0.8542914390563965,0.7140427827835083
YGL070C,YNL264C,0,-0.4135825,0.10705352574586868,0.8542914390563965,0.7141427993774414
YBR260C,YLR138W,1,-0.41368288,0.10716518759727478,0.8552893996238708,0.7141427993774414
YBR233W-A,YJL076W,0,-0.41398394,0.10715179145336151,0.8552893996238708,0.7142428755760193
YGL054C,YER060W-A,0,-0.4140479,0.10713839530944824,0.8552893996238708,0.7143428921699524
YIL097W,YCR020W-B,0,-0.4141553,0.10712499916553497,0.8552893996238708,0.7144429087638855
YPR191W,YNR019W,0,-0.41430187,0.1071116104722023,0.8552893996238708,0.7145429253578186
YKL197C,YEL020W-A,0,-0.41454434,0.10709822177886963,0.8552893996238708,0.7146429419517517
YNR057C,YMR277W,0,-0.41492826,0.10708484053611755,0.8552893996238708,0.7147429585456848
YNL250W,YBR288C,0,-0.41510123,0.10707146674394608,0.8552893996238708,0.7148429751396179
YLR240W,YMR158W,0,-0.41534942,0.107058085501194,0.8552893996238708,0.714942991733551
YLR355C,YOR231W,0,-0.41558677,0.10704471915960312,0.8552893996238708,0.7150430083274841
YBL079W,YDL074C,0,-0.41561657,0.10703134536743164,0.8552893996238708,0.7151430249214172
YJL176C,YKR036C,0,-0.41568023,0.10701797902584076,0.8552893996238708,0.7152430415153503
YPR188C,YOR311C,0,-0.41610128,0.10700462013483047,0.8552893996238708,0.7153430581092834
YMR156C,YMR242C,0,-0.4162796,0.10699126124382019,0.8552893996238708,0.7154430747032166
YNL073W,YJL050W,0,-0.41635096,0.1069779023528099,0.8552893996238708,0.7155430912971497
YHR202W,YMR115W,0,-0.41667306,0.10696455091238022,0.8552893996238708,0.7156431078910828
YKR008W,YHR083W,0,-0.4167617,0.10695120692253113,0.8552893996238708,0.7157431244850159
YNL091W,YKR072C,1,-0.41773754,0.10706263780593872,0.85628741979599,0.7157431244850159
YAL011W,YHR164C,0,-0.41774195,0.10704927891492844,0.85628741979599,0.715843141078949
YBR114W,YDR345C,0,-0.41804528,0.10703592747449875,0.85628741979599,0.7159432172775269
YDR375C,YDL217C,0,-0.41811246,0.10702257603406906,0.85628741979599,0.71604323387146
YBR187W,YER075C,0,-0.41816217,0.10700923204421997,0.85628741979599,0.7161432504653931
YHR060W,YBL056W,0,-0.4184152,0.10699588805437088,0.85628741979599,0.7162432670593262
YER190W,YER041W,0,-0.41845477,0.10698254406452179,0.85628741979599,0.7163432836532593
YIL094C,YPL200W,0,-0.41852534,0.1069692075252533,0.85628741979599,0.7164433002471924
YDR168W,YLR319C,1,-0.41891295,0.10708052664995193,0.8572854399681091,0.7164433002471924
YCL017C,YOR307C,0,-0.41901302,0.10706718266010284,0.8572854399681091,0.7165433168411255
YLL031C,YJR032W,0,-0.41921574,0.10705383867025375,0.8572854399681091,0.7166433334350586
YNL225C,YOR168W,0,-0.41929525,0.10704050213098526,0.8572854399681091,0.7167433500289917
YOL020W,YBR096W,0,-0.41930455,0.10702715814113617,0.8572854399681091,0.7168433666229248
YOL116W,YOR047C,1,-0.41972256,0.10713841021060944,0.8582834601402283,0.7168433666229248
YNL271C,YLR113W,1,-0.41981292,0.10724962502717972,0.8592814207077026,0.7168433666229248
YLR068W,YHL017W,0,-0.42007136,0.10723626613616943,0.8592814207077026,0.7169433832168579
YDL154W,YIR022W,0,-0.4202425,0.10722291469573975,0.8592814207077026,0.717043399810791
YGL026C,YBR021W,0,-0.42047375,0.10720956325531006,0.8592814207077026,0.7171434164047241
YNL113W,YKR102W,0,-0.42052346,0.10719621181488037,0.8592814207077026,0.7172434329986572
YLR451W,YNR037C,0,-0.42099434,0.10718286782503128,0.8592814207077026,0.7173434495925903
YKL211C,YMR220W,0,-0.42110157,0.10716953128576279,0.8592814207077026,0.7174434661865234
YDR473C,YHR214W,0,-0.4212548,0.1071561947464943,0.8592814207077026,0.7175434827804565
YCR009C,YOR047C,1,-0.42195964,0.10726729780435562,0.8602794408798218,0.7175434827804565
YPL104W,YMR146C,0,-0.42200357,0.10725395381450653,0.8602794408798218,0.7176434993743896
YGR125W,YMR234W,0,-0.4223109,0.10724060982465744,0.8602794408798218,0.7177435755729675
YHR107C,YOR319W,0,-0.42269325,0.10722726583480835,0.8602794408798218,0.7178435921669006
YMR063W,YGR077C,0,-0.42287976,0.10721392929553986,0.8602794408798218,0.7179436087608337
YBL071W-A,YDL135C,0,-0.42315197,0.10720060020685196,0.8602794408798218,0.7180436253547668
YHL034C,YJR006W,0,-0.42361116,0.10718726366758347,0.8602794408798218,0.7181436419487
YGR266W,YIR022W,0,-0.4238695,0.10717394202947617,0.8602794408798218,0.7182436585426331
YCR073C,YFL039C,1,-0.42402446,0.10728493332862854,0.8612774610519409,0.7182436585426331
YCR079W,YGR277C,0,-0.4245643,0.10727159678936005,0.8612774610519409,0.7183436751365662
YER171W,YOR149C,0,-0.4247172,0.10725826770067215,0.8612774610519409,0.7184436917304993
YCR070W,YGR059W,0,-0.42559344,0.10724493861198425,0.8612774610519409,0.7185437083244324
YKL088W,YOR047C,1,-0.4258898,0.10735586285591125,0.8622754216194153,0.7185437083244324
YDR040C,YPL059W,1,-0.42599112,0.10746676474809647,0.8632734417915344,0.7185437083244324
YFR033C,YNL139C,0,-0.42667186,0.10745341330766678,0.8632734417915344,0.7186437249183655
YCR063W,YOR204W,0,-0.42669618,0.10744006931781769,0.8632734417915344,0.7187437415122986
YDR080W,YGL224C,0,-0.4270484,0.1074267253279686,0.8632734417915344,0.7188437581062317
YLR055C,YDR385W,0,-0.4271984,0.1074133887887001,0.8632734417915344,0.7189437747001648
YPL168W,YNR059W,0,-0.42730975,0.10740005224943161,0.8632734417915344,0.7190437912940979
YIL162W,YGL236C,0,-0.4273299,0.10738671571016312,0.8632734417915344,0.719143807888031
YDR365C,YDR028C,0,-0.4275067,0.10737338662147522,0.8632734417915344,0.7192438244819641
YEL055C,YNR055C,0,-0.4282176,0.10736005753278732,0.8632734417915344,0.7193438410758972
YKL114C,YFR009W,0,-0.42830062,0.10734673589468002,0.8632734417915344,0.7194439172744751
YKL069W,YLR061W,0,-0.4285766,0.10733341425657272,0.8632734417915344,0.7195439338684082
YGL142C,YGL010W,0,-0.428617,0.10732010006904602,0.8632734417915344,0.7196439504623413
YMR267W,YLR190W,0,-0.4287485,0.10730678588151932,0.8632734417915344,0.7197439670562744
YDR346C,YNL278W,0,-0.42879146,0.10729347914457321,0.8632734417915344,0.7198439836502075
YMR060C,YKL078W,0,-0.42879713,0.10728016495704651,0.8632734417915344,0.7199440002441406
YIR010W,YGL022W,0,-0.43052357,0.107266865670681,0.8632734417915344,0.7200440168380737
YMR081C,YHR152W,0,-0.43055952,0.10725356638431549,0.8632734417915344,0.7201440334320068
YCR073C,YKL048C,1,-0.430574,0.1073642447590828,0.8642714619636536,0.7201440334320068
YEL037C,YGR181W,0,-0.43101317,0.10735093802213669,0.8642714619636536,0.7202440500259399
YIL023C,YDR073W,0,-0.4312641,0.10733763128519058,0.8642714619636536,0.720344066619873
YLR055C,YDL028C,0,-0.43133307,0.10732432454824448,0.8642714619636536,0.7204440832138062
YMR167W,YLR107W,0,-0.43163437,0.10731102526187897,0.8642714619636536,0.7205440998077393
YGR005C,YER060W-A,0,-0.43186373,0.10729773342609406,0.8642714619636536,0.7206441164016724
YIL140W,YOL141W,0,-0.43198478,0.10728444159030914,0.8642714619636536,0.7207441329956055
YER145C,YDR538W,0,-0.4327256,0.10727114975452423,0.8642714619636536,0.7208441495895386
YPL212C,YPL088W,0,-0.4334892,0.10725786536931992,0.8642714619636536,0.7209441661834717
YDR420W,YOR181W,1,-0.43353444,0.10736842453479767,0.8652694821357727,0.7209441661834717
YPL117C,YBR070C,0,-0.43360114,0.10735512524843216,0.8652694821357727,0.7210441827774048
YER159C,YHR197W,0,-0.43408084,0.10734183341264725,0.8652694821357727,0.7211441993713379
YKL085W,YJL103C,0,-0.43422735,0.10732854902744293,0.8652694821357727,0.7212442755699158
YHR114W,YDR302W,0,-0.43425083,0.10731526464223862,0.8652694821357727,0.7213442921638489
YAL056W,YPR046W,0,-0.43452287,0.1073019802570343,0.8652694821357727,0.721444308757782
YIL098C,YDR184C,0,-0.4345243,0.10728870332241058,0.8652694821357727,0.7215443253517151
YLR105C,YPR111W,0,-0.43452513,0.10727542638778687,0.8652694821357727,0.7216443419456482
YJR112W,YGL014W,0,-0.43530607,0.10726215690374374,0.8652694821357727,0.7217443585395813
YOR125C,YDR489W,0,-0.4356184,0.10724888741970062,0.8652694821357727,0.7218443751335144
YLR337W,YPL059W,1,-0.43565798,0.10735930502414703,0.8662674427032471,0.7218443751335144
YGR145W,YLR025W,0,-0.4363793,0.10734602808952332,0.8662674427032471,0.7219443917274475
YGL142C,YNL160W,0,-0.4368623,0.1073327586054802,0.8662674427032471,0.7220444083213806
YPL178W,YJR144W,0,-0.43688917,0.10731948912143707,0.8662674427032471,0.7221444249153137
YPR022C,YOR074C,0,-0.43712664,0.10730621963739395,0.8662674427032471,0.7222444415092468
YMR170C,YKL137W,0,-0.4373511,0.10729295760393143,0.8662674427032471,0.7223444581031799
YOR073W,YDL045W-A,0,-0.43835592,0.1072796955704689,0.8662674427032471,0.722444474697113
YOL102C,YGR013W,0,-0.43861145,0.10726643353700638,0.8662674427032471,0.7225444912910461
YOR253W,YNL314W,0,-0.43885338,0.10725317895412445,0.8662674427032471,0.7226445078849792
YLR058C,YOR237W,0,-0.43895596,0.10723993182182312,0.8662674427032471,0.7227445244789124
YIL095W,YCR071C,0,-0.43903488,0.10722668468952179,0.8662674427032471,0.7228445410728455
YDR324C,YLR417W,0,-0.43924218,0.10721343755722046,0.8662674427032471,0.7229446172714233
YLR004C,YIL065C,0,-0.43943363,0.10720019787549973,0.8662674427032471,0.7230446338653564
YJR127C,YDR527W,0,-0.43992007,0.10718695819377899,0.8662674427032471,0.7231446504592896
YKR088C,YBR125C,0,-0.44006044,0.10717372596263885,0.8662674427032471,0.7232446670532227
YBR181C,YMR182C,0,-0.44066375,0.10716049373149872,0.8662674427032471,0.7233446836471558
YJR047C,YLL034C,0,-0.44081676,0.10714726895093918,0.8662674427032471,0.7234447002410889
YDR386W,YDR346C,0,-0.44089317,0.10713404417037964,0.8662674427032471,0.723544716835022
YNL232W,YML126C,0,-0.44112152,0.1071208193898201,0.8662674427032471,0.7236447334289551
YEL036C,YGR199W,0,-0.44194376,0.10710760205984116,0.8662674427032471,0.7237447500228882
YER089C,YJL128C,1,-0.44222397,0.10721776634454727,0.8672654628753662,0.7237447500228882
YLR129W,YDR352W,0,-0.4422822,0.10720454156398773,0.8672654628753662,0.7238447666168213
YBL011W,YKL137W,0,-0.44236302,0.10719131678342819,0.8672654628753662,0.7239447832107544
YDR076W,YEL077C,0,-0.44267297,0.10717809200286865,0.8672654628753662,0.7240447998046875
YPL075W,YGR240C,0,-0.44271582,0.1071648821234703,0.8672654628753662,0.7241448163986206
YMR286W,YKL205W,0,-0.4427402,0.10715166479349136,0.8672654628753662,0.7242448329925537
YNL121C,YKL039W,0,-0.44275248,0.10713845491409302,0.8672654628753662,0.7243448495864868
YOL054W,YAL009W,0,-0.44299042,0.10712524503469467,0.8672654628753662,0.7244448661804199
YBL061C,YPR171W,1,-0.44346166,0.10723530501127243,0.8682634830474854,0.7244448661804199
YPL255W,YMR049C,0,-0.44360322,0.10722208768129349,0.8682634830474854,0.724544882774353
YER022W,YKR028W,0,-0.4436339,0.10720887035131454,0.8682634830474854,0.7246448993682861
YDR170C,YER146W,0,-0.44368368,0.1071956604719162,0.8682634830474854,0.724744975566864
YLR305C,YBR135W,0,-0.44368732,0.10718245804309845,0.8682634830474854,0.7248449921607971
YDL189W,YNL072W,0,-0.44374722,0.1071692556142807,0.8682634830474854,0.7249450087547302
YOR301W,YNL326C,0,-0.44437408,0.10715605318546295,0.8682634830474854,0.7250450253486633
YDR420W,YCL032W,1,-0.4445129,0.10726600885391235,0.8692615032196045,0.7250450253486633
YOR081C,YAL055W,0,-0.44473284,0.10725279897451401,0.8692615032196045,0.7251450419425964
YBR104W,YCR033W,0,-0.44481617,0.10723959654569626,0.8692615032196045,0.7252450585365295
YIL073C,YHR133C,0,-0.44488806,0.10722639411687851,0.8692615032196045,0.7253450751304626
YKR008W,YBR004C,0,-0.44549745,0.10721319913864136,0.8692615032196045,0.7254450917243958
YKL003C,YBR089C-A,0,-0.44562793,0.10719999670982361,0.8692615032196045,0.7255451083183289
YNL051W,YGR028W,0,-0.44570315,0.10718680918216705,0.8692615032196045,0.725645124912262
YIL144W,YPR033C,0,-0.4474256,0.1071736216545105,0.8692615032196045,0.7257451415061951
YHR074W,YER145C,0,-0.4476614,0.10716043412685394,0.8692615032196045,0.7258451581001282
YOR043W,YGR014W,1,-0.44771188,0.1072702705860138,0.8702594637870789,0.7258451581001282
YDL010W,YMR032W,1,-0.44784373,0.10738007724285126,0.871257483959198,0.7258451581001282
YDR084C,YML133C,0,-0.44791073,0.10736686736345291,0.871257483959198,0.7259451746940613
YER023W,YHR060W,0,-0.4486565,0.10735366493463516,0.871257483959198,0.7260451912879944
YIL002C,YGR202C,0,-0.44893503,0.10734046250581741,0.871257483959198,0.7261452078819275
YHR091C,YDL240W,0,-0.44932324,0.10732726752758026,0.871257483959198,0.7262452244758606
YGR096W,YJL078C,0,-0.4495198,0.10731407254934311,0.871257483959198,0.7263452410697937
YOL132W,YIL079C,0,-0.4498828,0.10730088502168655,0.871257483959198,0.7264453172683716
YLR066W,YBL019W,0,-0.45015836,0.10728769749403,0.871257483959198,0.7265453338623047
YGR175C,YER032W,0,-0.45073777,0.10727451741695404,0.871257483959198,0.7266453504562378
YER109C,YEL071W,0,-0.45140022,0.10726133733987808,0.871257483959198,0.7267453670501709
YDL227C,YDR352W,0,-0.45160472,0.10724815726280212,0.871257483959198,0.726845383644104
YMR173W,YOR274W,0,-0.451612,0.10723498463630676,0.871257483959198,0.7269454002380371
YER139C,YEL012W,0,-0.4516427,0.1072218120098114,0.871257483959198,0.7270454168319702
YBR217W,YIL130W,0,-0.45184207,0.10720864683389664,0.871257483959198,0.7271454334259033
YGR186W,YOR256C,0,-0.4519037,0.10719548165798187,0.871257483959198,0.7272454500198364
YOR110W,YGL169W,0,-0.45200616,0.1071823239326477,0.871257483959198,0.7273454666137695
YKL060C,YDR190C,0,-0.45200986,0.10716916620731354,0.871257483959198,0.7274454832077026
YDR404C,YOR259C,0,-0.45203328,0.10715600848197937,0.871257483959198,0.7275454998016357
YAL029C,YMR091C,0,-0.4523173,0.1071428582072258,0.871257483959198,0.7276455163955688
YNL130C,YDL147W,0,-0.45245224,0.10712970793247223,0.871257483959198,0.727745532989502
YCL018W,YIR004W,0,-0.45286041,0.10711656510829926,0.871257483959198,0.7278455495834351
YDR227W,YPL010W,0,-0.45300043,0.10710342228412628,0.871257483959198,0.7279455661773682
YER011W,YLR340W,0,-0.4530384,0.1070902869105339,0.871257483959198,0.7280455827713013
YHL028W,YBR141C,0,-0.45350575,0.10707715153694153,0.871257483959198,0.7281455993652344
YIL096C,YDR446W,0,-0.4538427,0.10706401616334915,0.871257483959198,0.7282456755638123
YNL107W,YER014C-A,0,-0.45470583,0.10705088824033737,0.871257483959198,0.7283456921577454
YNL243W,YJL200C,0,-0.45497352,0.10703776031732559,0.871257483959198,0.7284457087516785
YOL154W,YCL001W,0,-0.45514482,0.10702463984489441,0.871257483959198,0.7285457253456116
YPR133W-A,YLR333C,0,-0.45537007,0.10701151937246323,0.871257483959198,0.7286457419395447
YOL017W,YKL165C,0,-0.45586878,0.10699840635061264,0.871257483959198,0.7287457585334778
YER089C,YLR336C,1,-0.45589507,0.10710784047842026,0.8722555041313171,0.7287457585334778
YBR104W,YPL259C,0,-0.45615357,0.10709472000598907,0.8722555041313171,0.7288457751274109
YNL047C,YLR025W,0,-0.4563321,0.10708159953355789,0.8722555041313171,0.728945791721344
YDR414C,YKR103W,0,-0.45634872,0.10706847906112671,0.8722555041313171,0.7290458083152771
YDR371W,YPR173C,0,-0.4564165,0.10705536603927612,0.8722555041313171,0.7291458249092102
YDR345C,YOL154W,0,-0.45642382,0.10704225301742554,0.8722555041313171,0.7292458415031433
YOR319W,YHR026W,0,-0.45647287,0.10702914744615555,0.8722555041313171,0.7293458580970764
YKL180W,YLR376C,0,-0.4571343,0.10701604187488556,0.8722555041313171,0.7294458746910095
YKL003C,YHR009C,0,-0.45719457,0.10700293630361557,0.8722555041313171,0.7295458912849426
YKL192C,YHR185C,0,-0.45777625,0.10698983818292618,0.8722555041313171,0.7296459078788757
YNR074C,YCR044C,0,-0.45790654,0.10697674751281738,0.8722555041313171,0.7297459244728088
YBL029C-A,YEL032W,0,-0.45829457,0.10696364939212799,0.8722555041313171,0.7298459410667419
YGL169W,YOR088W,0,-0.45861238,0.10695056617259979,0.8722555041313171,0.7299460172653198
YMR021C,YOR196C,0,-0.45862812,0.106937475502491,0.8722555041313171,0.7300460338592529
YDR021W,YJL139C,0,-0.4587282,0.1069243922829628,0.8722555041313171,0.730146050453186
YLR244C,YML111W,0,-0.45887345,0.1069113165140152,0.8722555041313171,0.7302460670471191
YPR138C,YER154W,0,-0.45900315,0.1068982407450676,0.8722555041313171,0.7303460836410522
YKR053C,YLR291C,0,-0.4592067,0.10688516497612,0.8722555041313171,0.7304461002349854
YCL032W,YLR466W,0,-0.45921415,0.10687209665775299,0.8722555041313171,0.7305461168289185
YPR181C,YHR128W,0,-0.45927036,0.10685902833938599,0.8722555041313171,0.7306461334228516
YER089C,YKL088W,1,-0.45955074,0.1069682165980339,0.8732534646987915,0.7306461334228516
YLL012W,YGL046W,0,-0.46026564,0.1069551408290863,0.8732534646987915,0.7307461500167847
YOR020C,YPL237W,0,-0.46043283,0.1069420650601387,0.8732534646987915,0.7308461666107178
YOR207C,YLR095C,0,-0.46105486,0.1069289967417717,0.8732534646987915,0.7309461832046509
YBL038W,YGR152C,0,-0.46109456,0.10691593587398529,0.8732534646987915,0.731046199798584
YPL254W,YER087C-B,0,-0.4612273,0.10690286755561829,0.8732534646987915,0.7311462163925171
YMR295C,YMR168C,0,-0.46134144,0.10688981413841248,0.8732534646987915,0.7312462329864502
YDR446W,YLR319C,0,-0.4616251,0.10687675327062607,0.8732534646987915,0.7313462495803833
YNR031C,YJL184W,1,-0.46164274,0.10698582977056503,0.8742514848709106,0.7313462495803833
YKL130C,YBL105C,0,-0.46169245,0.10697276890277863,0.8742514848709106,0.7314462661743164
YGR235C,YER035W,0,-0.46175325,0.10695970803499222,0.8742514848709106,0.7315462827682495
YDR381C-A,YBL051C,0,-0.46182024,0.10694664716720581,0.8742514848709106,0.7316463589668274
YHR060W,YPL198W,0,-0.46188265,0.10693359375,0.8742514848709106,0.7317463755607605
YER019W,YOR033C,0,-0.46194464,0.10692054033279419,0.8742514848709106,0.7318463921546936
YDR073W,YHR066W,0,-0.46202254,0.10690749436616898,0.8742514848709106,0.7319464087486267
YNL069C,YDR079W,0,-0.46215028,0.10689444839954376,0.8742514848709106,0.7320464253425598
YKL077W,YPL130W,0,-0.46216893,0.10688140243291855,0.8742514848709106,0.7321464419364929
YKR035W-A,YER117W,0,-0.46242708,0.10686836391687393,0.8742514848709106,0.732246458530426
YPR161C,YMR194W,0,-0.46243876,0.10685533285140991,0.8742514848709106,0.7323464751243591
YFL002W-B,YBL016W,0,-0.46245694,0.1068422943353653,0.8742514848709106,0.7324464917182922
YBL099W,YMR162C,0,-0.46290308,0.10682927072048187,0.8742514848709106,0.7325465083122253
YOL064C,YOR047C,1,-0.4629128,0.10693817585706711,0.8752495050430298,0.7325465083122253
YGL078C,YAL056W,0,-0.46291697,0.10692513734102249,0.8752495050430298,0.7326465249061584
YGL049C,YDR386W,0,-0.46315342,0.10691210627555847,0.8752495050430298,0.7327465415000916
YKR022C,YDL070W,0,-0.46391279,0.10689907521009445,0.8752495050430298,0.7328465580940247
YGL092W,YFL031W,0,-0.46415222,0.10688604414463043,0.8752495050430298,0.7329465746879578
YPL283C,YDL098C,0,-0.4648273,0.10687302052974701,0.8752495050430298,0.7330465912818909
YLR405W,YML007W,0,-0.465106,0.10685999691486359,0.8752495050430298,0.733146607875824
YOL052C,YAL038W,0,-0.4653595,0.10684698075056076,0.8752495050430298,0.7332466244697571
YBR133C,YNR072W,0,-0.46555454,0.10683396458625793,0.8752495050430298,0.7333466410636902
YIL040W,YLR209C,0,-0.46565914,0.10682094842195511,0.8752495050430298,0.7334467172622681
YLR229C,YOR320C,0,-0.46585774,0.10680793970823288,0.8752495050430298,0.7335467338562012
YIR018W,YKL185W,0,-0.46593934,0.10679493099451065,0.8752495050430298,0.7336467504501343
YGR209C,YNL328C,0,-0.46601093,0.10678192973136902,0.8752495050430298,0.7337467670440674
YOR176W,YGR260W,0,-0.46605986,0.10676892846822739,0.8752495050430298,0.7338467836380005
YOL064C,YPR075C,1,-0.4663269,0.10687766224145889,0.8762475252151489,0.7338467836380005
YLR411W,YNL252C,0,-0.4665714,0.10686465352773666,0.8762475252151489,0.7339468002319336
YNL058C,YDR518W,0,-0.46674645,0.10685165226459503,0.8762475252151489,0.7340468168258667
YOR274W,YNL059C,0,-0.46676248,0.1068386435508728,0.8762475252151489,0.7341468334197998
YNL062C,YJR102C,0,-0.4670502,0.10682564973831177,0.8762475252151489,0.7342468500137329
YBR233W-A,YBR049C,0,-0.46705443,0.10681264847517014,0.8762475252151489,0.734346866607666
YKL008C,YLR007W,0,-0.46720916,0.1067996621131897,0.8762475252151489,0.7344468832015991
YBL004W,YHR083W,0,-0.46729273,0.10678666830062866,0.8762475252151489,0.7345468997955322
YDR233C,YOR310C,0,-0.46757847,0.10677368193864822,0.8762475252151489,0.7346469163894653
YLL006W,YBR223C,0,-0.467597,0.10676070302724838,0.8762475252151489,0.7347469329833984
YKL205W,YMR149W,0,-0.46760833,0.10674771666526794,0.8762475252151489,0.7348469495773315
YML039W,YOL165C,0,-0.46761024,0.1067347452044487,0.8762475252151489,0.7349469661712646
YNL131W,YKL213C,0,-0.46817857,0.10672176629304886,0.8762475252151489,0.7350469827651978
YML025C,YNL073W,0,-0.4683377,0.10670880228281021,0.8762475252151489,0.7351470589637756
YOR297C,YHR114W,1,-0.4684626,0.1068173497915268,0.8772454857826233,0.7351470589637756
YAR042W,YER137C-A,0,-0.47034425,0.10680437088012695,0.8772454857826233,0.7352470755577087
YOL088C,YJR043C,0,-0.47037917,0.10679139941930771,0.8772454857826233,0.7353470921516418
YDR389W,YOR196C,0,-0.47039545,0.10677842795848846,0.8772454857826233,0.735447108745575
YBR195C,YLL054C,0,-0.47064292,0.10676545649766922,0.8772454857826233,0.7355471253395081
YER109C,YJR031C,0,-0.4708376,0.10675249248743057,0.8772454857826233,0.7356471419334412
YBR028C,YEL037C,0,-0.47102243,0.10673952847719193,0.8772454857826233,0.7357471585273743
YPL063W,YMR164C,0,-0.47112072,0.10672656446695328,0.8772454857826233,0.7358471751213074
YHR059W,YNL031C,0,-0.4712025,0.10671360790729523,0.8772454857826233,0.7359471917152405
YJL183W,YNL264C,0,-0.4713319,0.10670065879821777,0.8772454857826233,0.7360472083091736
YLR432W,YDL074C,0,-0.47135723,0.10668770223855972,0.8772454857826233,0.7361472249031067
YHR069C,YBR002C,0,-0.47156727,0.10667476058006287,0.8772454857826233,0.7362472414970398
YDR332W,YHR020W,0,-0.47163534,0.10666181147098541,0.8772454857826233,0.7363472580909729
YMR270C,YHR178W,0,-0.47209305,0.10664886981248856,0.8772454857826233,0.736447274684906
YDR023W,YHR146W,0,-0.47246766,0.1066359356045723,0.8772454857826233,0.7365472912788391
YGR183C,YBL071W-A,0,-0.4725181,0.10662300139665604,0.8772454857826233,0.7366473078727722
YGR296W,YLR299W,0,-0.47252166,0.10661006718873978,0.8772454857826233,0.7367473244667053
YML126C,YER154W,0,-0.47275972,0.10659714043140411,0.8772454857826233,0.7368473410606384
YDR145W,YNL287W,0,-0.47298026,0.10658421367406845,0.8772454857826233,0.7369474172592163
YFL062W,YNL238W,0,-0.47331446,0.10657128691673279,0.8772454857826233,0.7370474338531494
YPR001W,YGR181W,0,-0.4733793,0.10655836760997772,0.8772454857826233,0.7371474504470825
YLR191W,YBR281C,0,-0.4737758,0.10654545575380325,0.8772454857826233,0.7372474670410156
YPR023C,YHR214W,0,-0.4740494,0.10653254389762878,0.8772454857826233,0.7373474836349487
YDR016C,YIL067C,0,-0.47411543,0.10651963204145432,0.8772454857826233,0.7374475002288818
YLR016C,YPL049C,0,-0.47422063,0.10650672763586044,0.8772454857826233,0.7375475168228149
YER017C,YBL018C,0,-0.4743417,0.10649382323026657,0.8772454857826233,0.737647533416748
YDR294C,YDR138W,0,-0.47469825,0.1064809188246727,0.8772454857826233,0.7377475500106812
YKR057W,YIL129C,0,-0.47507298,0.10646802186965942,0.8772454857826233,0.7378475666046143
YOR191W,YER165W,0,-0.47595632,0.10645513236522675,0.8772454857826233,0.7379475831985474
YLR352W,YML093W,0,-0.47603297,0.10644223541021347,0.8772454857826233,0.7380475997924805
YDL039C,YJR002W,0,-0.4763965,0.10642935335636139,0.8772454857826233,0.7381476163864136
YMR161W,YMR288W,0,-0.47650146,0.10641646385192871,0.8772454857826233,0.7382476329803467
YBR243C,YCL011C,0,-0.47655815,0.10640358179807663,0.8772454857826233,0.7383476495742798
YML024W,YJR056C,0,-0.47756636,0.10639070719480515,0.8772454857826233,0.7384476661682129
YIR021W,YNL068C,0,-0.47770667,0.10637783259153366,0.8772454857826233,0.738547682762146
YOL075C,YGR109W-A,0,-0.4779747,0.10636495798826218,0.8772454857826233,0.7386477589607239
YOR133W,YJR031C,0,-0.47833973,0.10635209083557129,0.8772454857826233,0.738747775554657
YKL048C,YLR362W,1,-0.47906876,0.10646019876003265,0.8782435059547424,0.738747775554657
YLR024C,YLR291C,0,-0.47937208,0.10644732415676117,0.8782435059547424,0.7388477921485901
YML059C,YPR133W-A,0,-0.48056602,0.10643444955348969,0.8782435059547424,0.7389478087425232
YLR341W,YDR346C,0,-0.48081982,0.1064215749502182,0.8782435059547424,0.7390478253364563
YPL147W,YKL069W,0,-0.48158044,0.10640870779752731,0.8782435059547424,0.7391478419303894
YNL264C,YER172C,0,-0.48226786,0.10639584064483643,0.8782435059547424,0.7392478585243225
YDR332W,YDR164C,0,-0.48233223,0.10638298094272614,0.8782435059547424,0.7393478751182556
YPL050C,YIL068C,0,-0.4831093,0.10637012124061584,0.8782435059547424,0.7394478917121887
YOR009W,YGL171W,0,-0.4831435,0.10635726153850555,0.8782435059547424,0.7395479083061218
YMR225C,YOL062C,0,-0.4835152,0.10634440928697586,0.8782435059547424,0.7396479249000549
YHR154W,YOR334W,0,-0.48403996,0.10633156448602676,0.8782435059547424,0.739747941493988
YBR152W,YPL133C,0,-0.48466492,0.10631871223449707,0.8782435059547424,0.7398479580879211
YOR236W,YFL056C,0,-0.4848854,0.10630586743354797,0.8782435059547424,0.7399479746818542
YBR044C,YIL062C,0,-0.48498827,0.10629303008317947,0.8782435059547424,0.7400479912757874
YPL183W-A,YOR295W,0,-0.48508674,0.10628019273281097,0.8782435059547424,0.7401480078697205
YJL035C,YBL006C,0,-0.485404,0.10626735538244247,0.8782435059547424,0.7402480244636536
YKL074C,YLR452C,0,-0.4854778,0.10625452548265457,0.8782435059547424,0.7403480410575867
YGR122W,YFL034C-A,0,-0.4856056,0.10624170303344727,0.8782435059547424,0.7404481172561646
YKR007W,YLR395C,0,-0.48591232,0.10622887313365936,0.8782435059547424,0.7405481338500977
YDR105C,YJL012C,0,-0.4860131,0.10621605068445206,0.8782435059547424,0.7406481504440308
YGR283C,YBR015C,0,-0.48614204,0.10620323568582535,0.8782435059547424,0.7407481670379639
YNR032W,YNR031C,0,-0.48615468,0.10619042068719864,0.8782435059547424,0.740848183631897
YEL022W,YER060W-A,0,-0.48644757,0.10617760568857193,0.8782435059547424,0.7409482002258301
YBR150C,YMR234W,0,-0.48654413,0.10616479814052582,0.8782435059547424,0.7410482168197632
YEL034W,YDR416W,0,-0.48655623,0.1061519905924797,0.8782435059547424,0.7411482334136963
YDR353W,YDL103C,0,-0.4867221,0.10613919049501419,0.8782435059547424,0.7412482500076294
YLR289W,YLR203C,0,-0.4869092,0.10612639039754868,0.8782435059547424,0.7413482666015625
YBR037C,YKL071W,0,-0.4870103,0.10611359030008316,0.8782435059547424,0.7414482831954956
YDR416W,YOR106W,0,-0.48702198,0.10610079765319824,0.8782435059547424,0.7415482997894287
YLR432W,YNL021W,0,-0.48702353,0.10608800500631332,0.8782435059547424,0.7416483163833618
YNR046W,YOL154W,0,-0.48707908,0.106075219810009,0.8782435059547424,0.7417483329772949
YJL005W,YHR150W,0,-0.4880941,0.10606243461370468,0.8782435059547424,0.741848349571228
YLR278C,YBR275C,0,-0.48827475,0.10604964941740036,0.8782435059547424,0.7419483661651611
YKL148C,YMR024W,0,-0.48913437,0.10603687167167664,0.8782435059547424,0.7420483827590942
YLR066W,YJL176C,0,-0.48940533,0.10602409392595291,0.8782435059547424,0.7421484589576721
YER175C,YCL026C-B,0,-0.48953545,0.10601132363080978,0.8782435059547424,0.7422484755516052
YDL171C,YHR149C,0,-0.4898607,0.10599855333566666,0.8782435059547424,0.7423484921455383
YCL026C-A,YIL047C,0,-0.49008977,0.10598579049110413,0.8782435059547424,0.7424485087394714
YLR337W,YER118C,1,-0.49041617,0.10609345138072968,0.8792415261268616,0.7424485087394714
YML028W,YNL169C,0,-0.49100816,0.10608067363500595,0.8792415261268616,0.7425485253334045
YPL081W,YBR182C,0,-0.4915737,0.10606790333986282,0.8792415261268616,0.7426485419273376
YHR122W,YML078W,0,-0.4920228,0.1060551330447197,0.8792415261268616,0.7427485585212708
YHR074W,YAR008W,0,-0.49230123,0.10604237020015717,0.8792415261268616,0.7428485751152039
YHR050W,YFL050C,0,-0.49243551,0.10602960735559464,0.8792415261268616,0.742948591709137
YJL011C,YLR368W,0,-0.49365032,0.1060168445110321,0.8792415261268616,0.7430486083030701
YHR060W,YML036W,0,-0.4937492,0.10600408911705017,0.8792415261268616,0.7431486248970032
YKL081W,YMR275C,0,-0.49391794,0.10599134117364883,0.8792415261268616,0.7432486414909363
YBL105C,YCL032W,0,-0.49435067,0.1059785857796669,0.8792415261268616,0.7433486580848694
YPL178W,YPL084W,0,-0.49443775,0.10596583783626556,0.8792415261268616,0.7434486746788025
YNL148C,YBR039W,0,-0.49468815,0.10595309734344482,0.8792415261268616,0.7435486912727356
YLR337W,YLR319C,1,-0.49558282,0.10606060922145844,0.8802395462989807,0.7435486912727356
YDR257C,YLL067C,0,-0.49559712,0.1060478538274765,0.8802395462989807,0.7436487078666687
YIL139C,YGL033W,0,-0.49607933,0.10603510588407516,0.8802395462989807,0.7437487244606018
YOR312C,YGL130W,0,-0.49616063,0.10602235794067383,0.8802395462989807,0.7438487410545349
YPR164W,YDR339C,0,-0.49616122,0.10600961744785309,0.8802395462989807,0.7439488172531128
YOR191W,YMR226C,0,-0.49652314,0.10599687695503235,0.8802395462989807,0.7440488338470459
YGR152C,YEL036C,0,-0.49684304,0.10598413646221161,0.8802395462989807,0.744148850440979
YMR025W,YIL017C,0,-0.49708736,0.10597140341997147,0.8802395462989807,0.7442488670349121
YPR113W,YMR164C,0,-0.4976194,0.10595867037773132,0.8802395462989807,0.7443488836288452
YIL053W,YLR337W,1,-0.4980833,0.10606606304645538,0.8812375068664551,0.7443488836288452
YOL057W,YIL083C,0,-0.49831694,0.10605333000421524,0.8812375068664551,0.7444489002227783
YIL137C,YDL042C,0,-0.49834937,0.1060405895113945,0.8812375068664551,0.7445489168167114
YJL208C,YKR055W,0,-0.49870068,0.10602785646915436,0.8812375068664551,0.7446489334106445
YOL088C,YGR007W,0,-0.49877226,0.10601513087749481,0.8812375068664551,0.7447489500045776
YNL307C,YBR112C,0,-0.49942285,0.10600239783525467,0.8812375068664551,0.7448489665985107
YDL133C-A,YOR077W,0,-0.5001583,0.10598967969417572,0.8812375068664551,0.7449489831924438
YOL107W,YOL090W,0,-0.50037104,0.10597695410251617,0.8812375068664551,0.745048999786377
YDR291W,YJL085W,0,-0.500529,0.10596423596143723,0.8812375068664551,0.7451490163803101
YOR043W,YJL128C,1,-0.50059175,0.10607151687145233,0.8822355270385742,0.7451490163803101
YLR035C,YOR310C,0,-0.50087756,0.10605879127979279,0.8822355270385742,0.7452490329742432
YDR168W,YHL007C,1,-0.5013092,0.10616602748632431,0.8832335472106934,0.7452490329742432
YBR257W,YOR118W,0,-0.5016348,0.10615329444408417,0.8832335472106934,0.7453490495681763
YMR229C,YNR072W,0,-0.5019192,0.10614056140184402,0.8832335472106934,0.7454490661621094
YGL051W,YDR373W,0,-0.5023967,0.10612783581018448,0.8832335472106934,0.7455490827560425
YJL117W,YPR025C,0,-0.50252914,0.10611511021852493,0.8832335472106934,0.7456491589546204
YIL118W,YHR026W,0,-0.5037421,0.10610238462686539,0.8832335472106934,0.7457491755485535
YLR035C,YIL021W,0,-0.50384015,0.10608966648578644,0.8832335472106934,0.7458491921424866
YNL099C,YDR194C,0,-0.50399435,0.10607694834470749,0.8832335472106934,0.7459492087364197
YHR158C,YDR349C,0,-0.5048066,0.10606423765420914,0.8832335472106934,0.7460492253303528
YOR180C,YGR109W-B,0,-0.5049412,0.10605152696371078,0.8832335472106934,0.7461492419242859
YGL156W,YDR437W,0,-0.50534505,0.10603882372379303,0.8832335472106934,0.746249258518219
YMR167W,YDL165W,0,-0.50629926,0.10602612048387527,0.8832335472106934,0.7463492751121521
YBL072C,YGL236C,0,-0.5066489,0.10601341724395752,0.8832335472106934,0.7464492917060852
YNL014W,YOR142W,0,-0.50686544,0.10600072145462036,0.8832335472106934,0.7465493083000183
YHR084W,YNL252C,0,-0.5087424,0.1059880256652832,0.8832335472106934,0.7466493248939514
YPR080W,YMR125W,0,-0.5100794,0.10597532987594604,0.8832335472106934,0.7467493414878845
YGL107C,YOR319W,0,-0.5107203,0.10596264153718948,0.8832335472106934,0.7468493580818176
YDR392W,YDR135C,0,-0.51119864,0.10594996064901352,0.8832335472106934,0.7469493746757507
YLR060W,YHR157W,0,-0.51155835,0.10593727231025696,0.8832335472106934,0.7470493912696838
YJR123W,YPL049C,0,-0.5119565,0.10592459887266159,0.8832335472106934,0.7471494078636169
YBR079C,YDR268W,0,-0.5124051,0.10591191798448563,0.8832335472106934,0.74724942445755
YCR080W,YNL088W,0,-0.5130664,0.10589924454689026,0.8832335472106934,0.7473494410514832
YLR330W,YML033W,0,-0.51317596,0.10588657855987549,0.8832335472106934,0.747449517250061
YLR182W,YOR197W,0,-0.51324296,0.10587390512228012,0.8832335472106934,0.7475495338439941
YGL064C,YNL315C,0,-0.51355374,0.10586124658584595,0.8832335472106934,0.7476495504379272
YBL029C-A,YDR233C,0,-0.513815,0.10584858059883118,0.8832335472106934,0.7477495670318604
YEL048C,YPR171W,0,-0.51403594,0.105835922062397,0.8832335472106934,0.7478495836257935
YDR108W,YOR060C,0,-0.5140636,0.10582327097654343,0.8832335472106934,0.7479496002197266
YJR120W,YDL066W,0,-0.5148009,0.10581061989068985,0.8832335472106934,0.7480496168136597
YHR024C,YGR199W,0,-0.5149764,0.10579796880483627,0.8832335472106934,0.7481496334075928
YOR254C,YPL265W,0,-0.5151197,0.1057853251695633,0.8832335472106934,0.7482496500015259
YKL220C,YDR496C,0,-0.5154358,0.10577268153429031,0.8832335472106934,0.748349666595459
YJL180C,YLR272C,0,-0.5157869,0.10576003789901733,0.8832335472106934,0.7484496831893921
YKR101W,YMR168C,0,-0.5162732,0.10574740171432495,0.8832335472106934,0.7485496997833252
YER065C,YMR203W,0,-0.51646614,0.10573476552963257,0.8832335472106934,0.7486497163772583
YDR429C,YDR043C,0,-0.5165302,0.10572213679552078,0.8832335472106934,0.7487497329711914
YOR202W,YLR440C,0,-0.51712817,0.105709508061409,0.8832335472106934,0.7488497495651245
YER109C,YGL050W,0,-0.5174773,0.10569687932729721,0.8832335472106934,0.7489497661590576
YKL009W,YOR038C,0,-0.5174953,0.10568425804376602,0.8832335472106934,0.7490497827529907
YPR185W,YJL179W,0,-0.5175383,0.10567164421081543,0.8832335472106934,0.7491498589515686
YBL029C-A,YMR008C,0,-0.51767796,0.10565902292728424,0.8832335472106934,0.7492498755455017
YGL050W,YCR031C,0,-0.517703,0.10564640909433365,0.8832335472106934,0.7493498921394348
YOR338W,YNL113W,0,-0.5180401,0.10563380271196365,0.8832335472106934,0.7494499087333679
YMR131C,YMR318C,0,-0.51818115,0.10562119632959366,0.8832335472106934,0.749549925327301
YIL020C,YGR181W,0,-0.51894397,0.10560858994722366,0.8832335472106934,0.7496499419212341
YER123W,YBR238C,0,-0.5198201,0.10559599101543427,0.8832335472106934,0.7497499585151672
YNL118C,YBL026W,0,-0.5200233,0.10558339208364487,0.8832335472106934,0.7498499751091003
YGL087C,YLR247C,0,-0.52004933,0.10557080060243607,0.8832335472106934,0.7499499917030334
YEL046C,YFR021W,0,-0.5200711,0.10555820912122726,0.8832335472106934,0.7500500082969666
YDR017C,YOR033C,0,-0.52019167,0.10554561764001846,0.8832335472106934,0.7501500248908997
YER048C,YOL012C,0,-0.5204984,0.10553303360939026,0.8832335472106934,0.7502500414848328
YGL027C,YDL193W,0,-0.5205769,0.10552044957876205,0.8832335472106934,0.7503500580787659
YJL197W,YGR129W,0,-0.5207664,0.10550786554813385,0.8832335472106934,0.750450074672699
YLR005W,YMR015C,0,-0.52087605,0.10549528896808624,0.8832335472106934,0.7505500912666321
YNL178W,YMR194W,0,-0.52098566,0.10548271983861923,0.8832335472106934,0.7506501078605652
YMR274C,YKR053C,0,-0.5213569,0.10547014325857162,0.8832335472106934,0.7507501244544983
YDR397C,YLR324W,0,-0.52148974,0.10545758157968521,0.8832335472106934,0.7508501410484314
YDL018C,YPR052C,0,-0.52174,0.1054450124502182,0.8832335472106934,0.7509502172470093
YHR060W,YMR101C,0,-0.52174187,0.10543245077133179,0.8832335472106934,0.7510502338409424
YIL053W,YPL239W,1,-0.5225934,0.10553900897502899,0.8842315077781677,0.7510502338409424
YJL029C,YLR019W,0,-0.5227377,0.10552643984556198,0.8842315077781677,0.7511502504348755
YLR380W,YCL011C,0,-0.52284074,0.10551387071609497,0.8842315077781677,0.7512502670288086
YPL059W,YLR319C,1,-0.52327836,0.1056203842163086,0.8852295279502869,0.7512502670288086
YOR065W,YHL020C,0,-0.52333134,0.10560780763626099,0.8852295279502869,0.7513502836227417
YDR257C,YLR449W,0,-0.52352244,0.10559523850679398,0.8852295279502869,0.7514503002166748
YNL314W,YML033W,0,-0.5235722,0.10558266937732697,0.8852295279502869,0.7515503168106079
YDR463W,YBR133C,0,-0.5237018,0.10557010024785995,0.8852295279502869,0.751650333404541
YHR060W,YGL186C,0,-0.523812,0.10555753856897354,0.8852295279502869,0.7517503499984741
YIL008W,YML032C,0,-0.5239373,0.10554497689008713,0.8852295279502869,0.7518503665924072
YOR122C,YML131W,1,-0.5240374,0.10565140098333359,0.886227548122406,0.7518503665924072
YJL020C,YDR331W,0,-0.5240536,0.10563883185386658,0.886227548122406,0.7519503831863403
YLR382C,YBR135W,0,-0.5241199,0.10562626272439957,0.886227548122406,0.7520503997802734
YDR237W,YBR023C,0,-0.5242627,0.10561370104551315,0.886227548122406,0.7521504163742065
YGL134W,YKR068C,0,-0.5243032,0.10560113936662674,0.886227548122406,0.7522504329681396
YFL023W,YBL063W,0,-0.5245621,0.10558858513832092,0.886227548122406,0.7523504495620728
YBR088C,YLR305C,0,-0.5247278,0.1055760309100151,0.886227548122406,0.7524504661560059
YKR006C,YKR028W,0,-0.5251313,0.10556348413228989,0.886227548122406,0.752550482749939
YNL069C,YNL087W,0,-0.52549154,0.10555092990398407,0.886227548122406,0.7526505589485168
YLR067C,YBL063W,0,-0.5255404,0.10553839057683945,0.886227548122406,0.75275057554245
YMR275C,YPL244C,0,-0.5255479,0.10552584379911423,0.886227548122406,0.7528505921363831
YOR193W,YMR021C,0,-0.5257184,0.1055133044719696,0.886227548122406,0.7529506087303162
YPL130W,YPL016W,0,-0.52605635,0.10550077259540558,0.886227548122406,0.7530506253242493
YLL033W,YJR032W,0,-0.5262045,0.10548824071884155,0.886227548122406,0.7531506419181824
YMR063W,YAR066W,0,-0.5263628,0.10547570884227753,0.886227548122406,0.7532506585121155
YKL197C,YBR077C,0,-0.5264027,0.1054631844162941,0.886227548122406,0.7533506751060486
YLR194C,YJL076W,0,-0.52698195,0.10545065999031067,0.886227548122406,0.7534506916999817
YKL049C,YLR275W,0,-0.5269946,0.10543813556432724,0.886227548122406,0.7535507082939148
YGR070W,YDR316W,0,-0.52737504,0.10542561858892441,0.886227548122406,0.7536507248878479
YLR165C,YLR157C-B,0,-0.52762824,0.10541310906410217,0.886227548122406,0.753750741481781
YNL078W,YNL123W,0,-0.52779067,0.10540059208869934,0.886227548122406,0.7538507580757141
YOL146W,YDL044C,0,-0.528023,0.1053880825638771,0.886227548122406,0.7539507746696472
YPL175W,YNL152W,0,-0.52820957,0.10537558048963547,0.886227548122406,0.7540507912635803
YBL080C,YML069W,0,-0.528212,0.10536307841539383,0.886227548122406,0.7541508078575134
YIL147C,YLR362W,1,-0.5285414,0.10546921193599701,0.8872255682945251,0.7541508078575134
YOR328W,YOL077W-A,0,-0.5286055,0.10545670241117477,0.8872255682945251,0.7542508244514465
YBR031W,YLR059C,0,-0.5290307,0.10544419288635254,0.8872255682945251,0.7543508410453796
YMR032W,YKL048C,1,-0.52937156,0.10555028170347214,0.8882235288619995,0.7543508410453796
YLL008W,YPR133C,0,-0.5294419,0.1055377647280693,0.8882235288619995,0.7544509172439575
YBR247C,YPL265W,0,-0.5294666,0.10552525520324707,0.8882235288619995,0.7545509338378906
YJR063W,YHR033W,0,-0.52978075,0.10551274567842484,0.8882235288619995,0.7546509504318237
YJL200C,YGL129C,0,-0.52997655,0.1055002361536026,0.8882235288619995,0.7547509670257568
YOL101C,YLR410W-A,0,-0.5302142,0.10548773407936096,0.8882235288619995,0.7548509836196899
YJR063W,YLR064W,0,-0.53031975,0.10547523200511932,0.8882235288619995,0.754951000213623
YOR252W,YBR161W,0,-0.530389,0.10546272993087769,0.8882235288619995,0.7550510168075562
YML033W,YDL003W,0,-0.530877,0.10545023530721664,0.8882235288619995,0.7551510334014893
YPL060C-A,YMR135C,0,-0.5310082,0.1054377406835556,0.8882235288619995,0.7552510499954224
YLR447C,YGL103W,0,-0.53150576,0.10542525351047516,0.8882235288619995,0.7553510665893555
YBL071W-A,YMR041C,0,-0.53171587,0.10541276633739471,0.8882235288619995,0.7554510831832886
YOR339C,YDL213C,0,-0.53174627,0.10540028661489487,0.8882235288619995,0.7555510997772217
YIL147C,YKL048C,1,-0.5326572,0.10550621896982193,0.8892215490341187,0.7555510997772217
YHR073W,YLR344W,0,-0.5326611,0.10549372434616089,0.8892215490341187,0.7556511163711548
YKL045W,YOL069W,0,-0.5328844,0.10548123717308044,0.8892215490341187,0.7557511329650879
YPL029W,YJR055W,0,-0.533004,0.10546875,0.8892215490341187,0.755851149559021
YHR121W,YOR028C,0,-0.533292,0.10545627027750015,0.8892215490341187,0.7559511661529541
YLR033W,YOL039W,0,-0.53349465,0.1054437905550003,0.8892215490341187,0.7560511827468872
YGL163C,YLR411W,0,-0.5339279,0.10543131083250046,0.8892215490341187,0.7561512589454651
YBR090C-A,YNR003C,0,-0.5345081,0.10541883856058121,0.8892215490341187,0.7562512755393982
YIL095W,YKL185W,0,-0.5347163,0.10540636628866196,0.8892215490341187,0.7563512921333313
YBR227C,YJR028W,0,-0.5351194,0.1053938940167427,0.8892215490341187,0.7564513087272644
YOL062C,YHL011C,0,-0.53577983,0.10538142919540405,0.8892215490341187,0.7565513253211975
YIL053W,YBR182C,1,-0.5359267,0.10548722743988037,0.8902195692062378,0.7565513253211975
YHR066W,YPL021W,0,-0.53660387,0.10547475516796112,0.8902195692062378,0.7566513419151306
YNL020C,YLR113W,1,-0.53681415,0.10558051615953445,0.8912175893783569,0.7566513419151306
YLR409C,YER115C,0,-0.5370395,0.1055680364370346,0.8912175893783569,0.7567513585090637
YOR016C,YHR211W,0,-0.53710127,0.10555555671453476,0.8912175893783569,0.7568513751029968
YMR032W,YBR086C,1,-0.5379834,0.10566127300262451,0.8922155499458313,0.7568513751029968
YBL009W,YCR093W,0,-0.5379851,0.10564878582954407,0.8922155499458313,0.7569513916969299
YOL115W,YJL124C,0,-0.5381101,0.10563629865646362,0.8922155499458313,0.757051408290863
YDR469W,YJL095W,0,-0.5383029,0.10562381893396378,0.8922155499458313,0.7571514248847961
YDR079C-A,YDL161W,0,-0.5385643,0.10561133921146393,0.8922155499458313,0.7572514414787292
YOR216C,YFL017W-A,0,-0.5387165,0.10559886693954468,0.8922155499458313,0.7573514580726624
YKL008C,YKL172W,0,-0.5388976,0.10558639466762543,0.8922155499458313,0.7574514746665955
YKL174C,YLR224W,0,-0.5397727,0.10557392239570618,0.8922155499458313,0.7575514912605286
YOL113W,YGL257C,0,-0.5408135,0.10556145757436752,0.8922155499458313,0.7576515078544617
YLR336C,YBR086C,1,-0.5410209,0.10566706210374832,0.8932135701179504,0.7576515078544617
YBR093C,YML056C,0,-0.5412463,0.10565458983182907,0.8932135701179504,0.7577515244483948
YHR005C,YGR129W,0,-0.54143715,0.10564211755990982,0.8932135701179504,0.7578515410423279
YOL060C,YBL071W-A,0,-0.5418589,0.10562964528799057,0.8932135701179504,0.7579516172409058
YBR091C,YAL026C,0,-0.54200494,0.10561718046665192,0.8932135701179504,0.7580516338348389
YPL156C,YJL145W,0,-0.5421778,0.10560472309589386,0.8932135701179504,0.758151650428772
YOR043W,YHR114W,1,-0.5424852,0.1057102382183075,0.8942115902900696,0.758151650428772
YPR181C,YNL299W,0,-0.54273945,0.10569777339696884,0.8942115902900696,0.7582516670227051
YPR175W,YLR323C,0,-0.54339236,0.10568530112504959,0.8942115902900696,0.7583516836166382
YEL024W,YCR028C-A,0,-0.5436465,0.10567283630371094,0.8942115902900696,0.7584517002105713
YNL176C,YKL200C,0,-0.54367375,0.10566037893295288,0.8942115902900696,0.7585517168045044
YLR118C,YDL126C,0,-0.5438925,0.10564792156219482,0.8942115902900696,0.7586517333984375
YJR123W,YAR035W,0,-0.54391944,0.10563546419143677,0.8942115902900696,0.7587517499923706
YDR463W,YEL006W,0,-0.5441718,0.10562301427125931,0.8942115902900696,0.7588517665863037
YGR109W-A,YPL128C,0,-0.5444838,0.10561056435108185,0.8942115902900696,0.7589517831802368
YDR162C,YNL250W,0,-0.54463583,0.10559811443090439,0.8942115902900696,0.7590517997741699
YJL087C,YBR103W,0,-0.544708,0.10558567196130753,0.8942115902900696,0.759151816368103
YAL042W,YNR051C,0,-0.5456078,0.10557322949171066,0.8942115902900696,0.7592518329620361
YDR141C,YDL179W,0,-0.54696864,0.1055607944726944,0.8942115902900696,0.7593518495559692
YHL038C,YPL183W-A,0,-0.5472261,0.10554835945367813,0.8942115902900696,0.7594518661499023
YGR231C,YDR381C-A,0,-0.54755783,0.10553592443466187,0.8942115902900696,0.7595518827438354
YKL002W,YKL018W,0,-0.5475731,0.1055234968662262,0.8942115902900696,0.7596519589424133
YOR058C,YIL038C,0,-0.54793054,0.10551106929779053,0.8942115902900696,0.7597519755363464
YPL227C,YGR198W,0,-0.5479956,0.10549864917993546,0.8942115902900696,0.7598519921302795
YKR001C,YHR077C,0,-0.54844767,0.10548622906208038,0.8942115902900696,0.7599520087242126
YOL091W,YGL092W,0,-0.54873997,0.10547380894422531,0.8942115902900696,0.7600520253181458
YCL039W,YDL119C,0,-0.5498007,0.10546139627695084,0.8942115902900696,0.7601520419120789
YHR032W,YEL056W,0,-0.54997945,0.10544898360967636,0.8942115902900696,0.760252058506012
YGL150C,YIL128W,0,-0.54998976,0.10543657094240189,0.8942115902900696,0.7603520750999451
YMR270C,YDR105C,0,-0.55013984,0.10542416572570801,0.8942115902900696,0.7604520916938782
YBR261C,YLR160C,0,-0.5503545,0.10541176795959473,0.8942115902900696,0.7605521082878113
YGR109C,YOL097C,0,-0.5505563,0.10539936274290085,0.8942115902900696,0.7606521248817444
YDR138W,YMR200W,0,-0.5508415,0.10538696497678757,0.8942115902900696,0.7607521414756775
YHR158C,YML075C,0,-0.5509541,0.10537457466125488,0.8942115902900696,0.7608521580696106
YHR039C,YBR167C,0,-0.55103725,0.1053621843457222,0.8942115902900696,0.7609521746635437
YGR129W,YDR179C,0,-0.551382,0.10534979403018951,0.8942115902900696,0.7610521912574768
YOR133W,YDR180W,0,-0.5515276,0.10533741116523743,0.8942115902900696,0.7611522078514099
YJR044C,YBR074W,0,-0.55155826,0.10532502830028534,0.8942115902900696,0.761252224445343
YER038C,YKR099W,0,-0.5518082,0.10531264543533325,0.8942115902900696,0.7613522410392761
YDR255C,YCR058C,0,-0.5524149,0.10530027002096176,0.8942115902900696,0.761452317237854
YBR112C,YOL012C,0,-0.55242294,0.10528789460659027,0.8942115902900696,0.7615523338317871
YGL245W,YNL221C,0,-0.5525846,0.10527552664279938,0.8942115902900696,0.7616523504257202
YCR106W,YBR202W,0,-0.55269676,0.10526315867900848,0.8942115902900696,0.7617523670196533
YCL011C,YOL062C,0,-0.5530407,0.10525079071521759,0.8942115902900696,0.7618523836135864
YNL264C,YHR216W,0,-0.55315346,0.1052384302020073,0.8942115902900696,0.7619524002075195
YNL258C,YGR030C,0,-0.55351377,0.105226069688797,0.8942115902900696,0.7620524168014526
YOR045W,YOR128C,0,-0.5539646,0.1052137166261673,0.8942115902900696,0.7621524333953857
YOR253W,YBR177C,0,-0.5541495,0.1052013635635376,0.8942115902900696,0.7622524499893188
YOL097C,YLR384C,0,-0.5544507,0.1051890105009079,0.8942115902900696,0.762352466583252
YJL036W,YDR397C,0,-0.55480546,0.1051766648888588,0.8942115902900696,0.7624524831771851
YAL068C,YHL026C,0,-0.5550026,0.10516431927680969,0.8942115902900696,0.7625524997711182
YDR482C,YFR018C,0,-0.55514944,0.10515198111534119,0.8942115902900696,0.7626525163650513
YNR046W,YJL002C,0,-0.5555559,0.10513963550329208,0.8942115902900696,0.7627525329589844
YKL127W,YOR128C,0,-0.5564994,0.10512730479240417,0.8942115902900696,0.7628525495529175
YDR163W,YCR048W,0,-0.5568309,0.10511496663093567,0.8942115902900696,0.7629525661468506
YOR073W,YLR182W,0,-0.55696946,0.10510263592004776,0.8942115902900696,0.7630525827407837
YHR122W,YER022W,0,-0.5572791,0.10509031265974045,0.8942115902900696,0.7631526589393616
YKL058W,YOR001W,0,-0.5573992,0.10507798939943314,0.8942115902900696,0.7632526755332947
YGL167C,YFL050C,0,-0.5577352,0.10506566613912582,0.8942115902900696,0.7633526921272278
YKR002W,YDR180W,0,-0.5580608,0.10505335032939911,0.8942115902900696,0.7634527087211609
YLR337W,YJL184W,1,-0.5580881,0.1051582619547844,0.8952096104621887,0.7634527087211609
YKL160W,YML078W,0,-0.55820686,0.10514593869447708,0.8952096104621887,0.763552725315094
YLR165C,YMR046C,0,-0.55853,0.10513361543416977,0.8952096104621887,0.7636527419090271
YOL082W,YIL098C,0,-0.5587123,0.10512129217386246,0.8952096104621887,0.7637527585029602
YGR046W,YIL056W,0,-0.5587375,0.10510897636413574,0.8952096104621887,0.7638527750968933
YHL028W,YML014W,0,-0.5590284,0.10509666055440903,0.8952096104621887,0.7639527916908264
YIL006W,YNL315C,0,-0.55960155,0.10508435219526291,0.8952096104621887,0.7640528082847595
YDR006C,YNL023C,0,-0.5599481,0.1050720363855362,0.8952096104621887,0.7641528248786926
YOR180C,YDR446W,0,-0.5602489,0.10505973547697067,0.8952096104621887,0.7642528414726257
YPL268W,YJR040W,0,-0.56038505,0.10504742711782455,0.8952096104621887,0.7643528580665588
YGR008C,YDR040C,1,-0.5604028,0.10515222698450089,0.8962075710296631,0.7643528580665588
YGL100W,YDR026C,0,-0.5604329,0.10513991117477417,0.8962075710296631,0.7644528746604919
YNL265C,YER060W-A,0,-0.5604364,0.10512760281562805,0.8962075710296631,0.764552891254425
YOL049W,YBR010W,0,-0.5605402,0.10511530190706253,0.8962075710296631,0.7646529078483582
YJL216C,YLL014W,0,-0.5606193,0.10510299354791641,0.8962075710296631,0.7647529244422913
YKL064W,YDR034C-D,0,-0.56080693,0.10509069263935089,0.8962075710296631,0.7648529410362244
YDR389W,YOR058C,0,-0.5608495,0.10507839918136597,0.8962075710296631,0.7649530172348022
YER056C,YDR408C,0,-0.5611281,0.10506610572338104,0.8962075710296631,0.7650530338287354
YNL254C,YHL002W,0,-0.56122077,0.10505381226539612,0.8962075710296631,0.7651530504226685
YNL178W,YHR122W,0,-0.5612598,0.10504152625799179,0.8962075710296631,0.7652530670166016
YLR066W,YMR145C,0,-0.56134015,0.10502924025058746,0.8962075710296631,0.7653530836105347
YER087C-B,YLL033W,0,-0.56150645,0.10501695424318314,0.8962075710296631,0.7654531002044678
YCL019W,YLR223C,0,-0.561661,0.1050046756863594,0.8962075710296631,0.7655531167984009
YBL071W-A,YLR089C,0,-0.5620655,0.10499239712953568,0.8962075710296631,0.765653133392334
YDR303C,YNL278W,0,-0.56216556,0.10498012602329254,0.8962075710296631,0.7657531499862671
YOL023W,YOR262W,0,-0.5623661,0.10496785491704941,0.8962075710296631,0.7658531665802002
YHR014W,YKR092C,0,-0.5626769,0.10495558381080627,0.8962075710296631,0.7659531831741333
YDL028C,YMR176W,0,-0.56302655,0.10494332015514374,0.8962075710296631,0.7660531997680664
YLR060W,YMR225C,0,-0.56310105,0.1049310564994812,0.8962075710296631,0.7661532163619995
YML102W,YDL074C,0,-0.563231,0.10491880029439926,0.8962075710296631,0.7662532329559326
YPR131C,YPR200C,0,-0.5636382,0.10490654408931732,0.8962075710296631,0.7663532495498657
YOL110W,YFL018C,0,-0.56450695,0.10489428788423538,0.8962075710296631,0.7664532661437988
YNL071W,YOR234C,0,-0.56461567,0.10488203912973404,0.8962075710296631,0.7665532827377319
YML008C,YDL100C,0,-0.5648093,0.1048697903752327,0.8962075710296631,0.7666533589363098
YJL183W,YBR133C,0,-0.5649152,0.10485754162073135,0.8962075710296631,0.7667533755302429
YER087C-B,YLR340W,0,-0.5650843,0.10484530031681061,0.8962075710296631,0.766853392124176
YCL029C,YIL068C,0,-0.5651813,0.10483305901288986,0.8962075710296631,0.7669534087181091
YBL029C-A,YJR119C,0,-0.5652916,0.10482082515954971,0.8962075710296631,0.7670534253120422
YJR064W,YHR156C,0,-0.56542915,0.10480859130620956,0.8962075710296631,0.7671534419059753
YNL069C,YNL068C,0,-0.5657637,0.10479635745286942,0.8962075710296631,0.7672534584999084
YOR122C,YNR038W,0,-0.56627464,0.10478413105010986,0.8962075710296631,0.7673534750938416
YGL055W,YER167W,0,-0.5666589,0.10477190464735031,0.8962075710296631,0.7674534916877747
YER087C-B,YLR293C,0,-0.5670912,0.10475968569517136,0.8962075710296631,0.7675535082817078
YER018C,YGR109W-B,0,-0.56729627,0.1047474592924118,0.8962075710296631,0.7676535248756409
YPL145C,YER031C,0,-0.5677823,0.10473524779081345,0.8962075710296631,0.767753541469574
YMR194W,YDR091C,0,-0.568528,0.10472302883863449,0.8962075710296631,0.7678535580635071
YOR188W,YCL026C-B,0,-0.5690641,0.10471081733703613,0.8962075710296631,0.7679535746574402
YPR158W-A,YBL005W,0,-0.56923777,0.10469861328601837,0.8962075710296631,0.7680535912513733
YDR002W,YER060W-A,0,-0.56972295,0.10468640923500061,0.8962075710296631,0.7681536078453064
YAR009C,YNL279W,0,-0.56981593,0.10467420518398285,0.8962075710296631,0.7682536244392395
YNL271C,YGL014W,0,-0.5699719,0.10466200113296509,0.8962075710296631,0.7683536410331726
YLR116W,YLL043W,0,-0.57000893,0.10464980453252792,0.8962075710296631,0.7684537172317505
YLR390W-A,YMR183C,0,-0.5701174,0.10463761538267136,0.8962075710296631,0.7685537338256836
YOR022C,YAL063C,0,-0.5701322,0.10462541878223419,0.8962075710296631,0.7686537504196167
YIR005W,YEL018W,0,-0.57089263,0.10461323708295822,0.8962075710296631,0.7687537670135498
YNL287W,YJR002W,0,-0.57094544,0.10460104793310165,0.8962075710296631,0.7688537836074829
YPL060C-A,YGR143W,0,-0.5717483,0.10458886623382568,0.8962075710296631,0.768953800201416
YOR327C,YOL103W-B,0,-0.57176226,0.10457668453454971,0.8962075710296631,0.7690538167953491
YGL116W,YOL075C,0,-0.5720357,0.10456451028585434,0.8962075710296631,0.7691538333892822
YPL013C,YOR089C,0,-0.5720695,0.10455233603715897,0.8962075710296631,0.7692538499832153
YOR141C,YGR161C-D,0,-0.5720891,0.10454016178846359,0.8962075710296631,0.7693538665771484
YGR288W,YGL051W,0,-0.57213306,0.10452799499034882,0.8962075710296631,0.7694538831710815
YML024W,YLR135W,0,-0.57214636,0.10451582819223404,0.8962075710296631,0.7695538997650146
YMR213W,YNL286W,0,-0.5727907,0.10450366884469986,0.8962075710296631,0.7696539163589478
YLL031C,YMR203W,0,-0.5730881,0.10449150204658508,0.8962075710296631,0.7697539329528809
YBR189W,YBL026W,0,-0.5733567,0.1044793501496315,0.8962075710296631,0.769853949546814
YDR045C,YNL290W,0,-0.5735231,0.10446719080209732,0.8962075710296631,0.7699539661407471
YOL001W,YNR052C,0,-0.5740598,0.10445503890514374,0.8962075710296631,0.7700539827346802
YCR045C,YML038C,0,-0.5746701,0.10444289445877075,0.8962075710296631,0.7701540589332581
YNL220W,YNL298W,0,-0.5750245,0.10443075001239777,0.8962075710296631,0.7702540755271912
YKL045W,YKR087C,0,-0.57536185,0.10441860556602478,0.8962075710296631,0.7703540921211243
YDR332W,YOR045W,0,-0.57536954,0.1044064611196518,0.8962075710296631,0.7704541087150574
YDR316W-B,YMR049C,0,-0.5769397,0.1043943241238594,0.8962075710296631,0.7705541253089905
YDR138W,YNL238W,0,-0.5778479,0.10438219457864761,0.8962075710296631,0.7706541419029236
YPR171W,YOL077W-A,0,-0.5784923,0.10437005758285522,0.8962075710296631,0.7707541584968567
YOL113W,YBL085W,0,-0.5787086,0.10435792803764343,0.8962075710296631,0.7708541750907898
YLR035C,YDR404C,0,-0.57894826,0.10434580594301224,0.8962075710296631,0.7709541916847229
YBL004W,YDL217C,0,-0.5790994,0.10433368384838104,0.8962075710296631,0.771054208278656
YMR175W,YGR109W-A,0,-0.5791883,0.10432156175374985,0.8962075710296631,0.7711542248725891
YMR033W,YDR144C,0,-0.57943153,0.10430944710969925,0.8962075710296631,0.7712542414665222
YOL042W,YMR014W,0,-0.57966703,0.10429732501506805,0.8962075710296631,0.7713542580604553
YBR253W,YEL030W,0,-0.5799214,0.10428521782159805,0.8962075710296631,0.7714542746543884
YEL052W,YCL062W,0,-0.5799279,0.10427311062812805,0.8962075710296631,0.7715542912483215
YLR292C,YKL113C,0,-0.58028024,0.10426100343465805,0.8962075710296631,0.7716543078422546
YPL113C,YCL012W,0,-0.5803143,0.10424889624118805,0.8962075710296631,0.7717543244361877
YNL232W,YNL020C,0,-0.5803237,0.10423679649829865,0.8962075710296631,0.7718544006347656
YPR187W,YGR027W-A,0,-0.58042955,0.10422469675540924,0.8962075710296631,0.7719544172286987
YOR355W,YHR026W,0,-0.58066124,0.10421260446310043,0.8962075710296631,0.7720544338226318
YGR109W-B,YDR497C,0,-0.5811008,0.10420051217079163,0.8962075710296631,0.7721544504165649
YMR046C,YGR166W,0,-0.5817985,0.10418841987848282,0.8962075710296631,0.772254467010498
YDL209C,YNL309W,0,-0.5826084,0.10417633503675461,0.8962075710296631,0.7723544836044312
YPL239W,YHR041C,0,-0.58270967,0.1041642501950264,0.8962075710296631,0.7724545001983643
YOL103W-A,YML001W,0,-0.58279175,0.10415216535329819,0.8962075710296631,0.7725545167922974
YGL087C,YKR052C,0,-0.58288765,0.10414008796215057,0.8962075710296631,0.7726545333862305
YBR182C,YHR206W,1,-0.58289456,0.10424397140741348,0.8972055912017822,0.7726545333862305
YNR031C,YLR336C,1,-0.5830657,0.104347825050354,0.8982036113739014,0.7726545333862305
YDR420W,YMR109W,1,-0.5830845,0.10445165634155273,0.8992015719413757,0.7726545333862305
YPL081W,YHR019C,0,-0.5833716,0.10443954914808273,0.8992015719413757,0.7727545499801636
YPL021W,YML130C,0,-0.58351386,0.10442744195461273,0.8992015719413757,0.7728545665740967
YBR228W,YOR304C-A,0,-0.5839878,0.10441534221172333,0.8992015719413757,0.7729545831680298
YHR008C,YDR530C,0,-0.5841514,0.10440324246883392,0.8992015719413757,0.7730545997619629
YMR274C,YDL014W,0,-0.5845313,0.10439115017652512,0.8992015719413757,0.773154616355896
YLR336C,YFR009W,0,-0.5846481,0.10437905788421631,0.8992015719413757,0.7732546329498291
YBR172C,YNL286W,0,-0.5847813,0.1043669655919075,0.8992015719413757,0.7733546495437622
YCR005C,YOR293W,0,-0.58506215,0.1043548732995987,0.8992015719413757,0.7734546661376953
YCR058C,YGL250W,0,-0.58507484,0.10434278845787048,0.8992015719413757,0.7735546827316284
YML031W,YLR369W,0,-0.58539236,0.10433071106672287,0.8992015719413757,0.7736547589302063
YOL121C,YGL234W,0,-0.5858395,0.10431862622499466,0.8992015719413757,0.7737547755241394
YNR057C,YDR316W-B,0,-0.58601576,0.10430654883384705,0.8992015719413757,0.7738547921180725
YDR162C,YDR168W,1,-0.5865254,0.10441023111343384,0.9001995921134949,0.7738547921180725
YKR088C,YLR020C,0,-0.5865441,0.10439814627170563,0.9001995921134949,0.7739548087120056
YPR187W,YEL062W,0,-0.5866004,0.10438606888055801,0.9001995921134949,0.7740548253059387
YNR071C,YLL015W,0,-0.58708054,0.1043739840388298,0.9001995921134949,0.7741548418998718
YOL033W,YER118C,0,-0.5872573,0.10436191409826279,0.9001995921134949,0.7742548584938049
YHR094C,YNL299W,0,-0.58738875,0.10434983670711517,0.9001995921134949,0.774354875087738
YKR057W,YML093W,0,-0.5880012,0.10433776676654816,0.9001995921134949,0.7744548916816711
YNL284C-A,YLR340W,0,-0.5887767,0.10432569682598114,0.9001995921134949,0.7745549082756042
YDR381W,YDL140C,0,-0.58895636,0.10431363433599472,0.9001995921134949,0.7746549248695374
YGR257C,YIL094C,0,-0.5891622,0.1043015718460083,0.9001995921134949,0.7747549414634705
YPL232W,YGR280C,0,-0.5897935,0.10428951680660248,0.9001995921134949,0.7748549580574036
YLL042C,YDR381C-A,0,-0.5899022,0.10427745431661606,0.9001995921134949,0.7749549746513367
YER075C,YOR025W,0,-0.5909647,0.10426539927721024,0.9001995921134949,0.7750549912452698
YDR378C,YGR082W,0,-0.5912863,0.10425335168838501,0.9001995921134949,0.7751550078392029
YJR095W,YGR203W,0,-0.5915786,0.10424130409955978,0.9001995921134949,0.775255024433136
YLR039C,YGR020C,0,-0.5917222,0.10422925651073456,0.9001995921134949,0.7753551006317139
YPL043W,YLR361C,0,-0.5919275,0.10421721637248993,0.9001995921134949,0.775455117225647
YKL016C,YJR125C,0,-0.5919615,0.1042051762342453,0.9001995921134949,0.7755551338195801
YPL066W,YOR142W-A,0,-0.5920887,0.10419313609600067,0.9001995921134949,0.7756551504135132
YPL239W,YOR028C,1,-0.5923049,0.10429660230875015,0.901197612285614,0.7756551504135132
YOR084W,YNL030W,0,-0.59237134,0.10428456217050552,0.901197612285614,0.7757551670074463
YML006C,YPL208W,0,-0.5942503,0.1042725145816803,0.901197612285614,0.7758551836013794
YDR281C,YDL154W,0,-0.59430826,0.10426047444343567,0.901197612285614,0.7759552001953125
YDR147W,YPR055W,0,-0.59434503,0.10424844175577164,0.901197612285614,0.7760552167892456
YPL045W,YNL221C,0,-0.5949119,0.1042364090681076,0.901197612285614,0.7761552333831787
YDR410C,YBL084C,0,-0.59524685,0.10422437638044357,0.901197612285614,0.7762552499771118
YMR277W,YFR040W,0,-0.5953006,0.10421235114336014,0.901197612285614,0.7763552665710449
YPL126W,YOR251C,0,-0.5956962,0.1042003259062767,0.901197612285614,0.776455283164978
YIL159W,YOR047C,1,-0.5957555,0.10430368036031723,0.9021956324577332,0.776455283164978
YGL076C,YIR035C,0,-0.5959626,0.1042916476726532,0.9021956324577332,0.7765552997589111
YDL081C,YOL066C,0,-0.5964516,0.10427961498498917,0.9021956324577332,0.7766553163528442
YNR023W,YDR316W-B,0,-0.5969003,0.10426758974790573,0.9021956324577332,0.7767553329467773
YLR410W-B,YER162C,0,-0.5974178,0.1042555645108223,0.9021956324577332,0.7768553495407104
YBL071W-A,YGR095C,0,-0.5978613,0.10424353927373886,0.9021956324577332,0.7769553661346436
YNL290W,YDL044C,0,-0.5980238,0.10423152148723602,0.9021956324577332,0.7770553827285767
YLR361C,YCR070W,0,-0.5983956,0.10421950370073318,0.9021956324577332,0.7771554589271545
YJL026W,YDR213W,0,-0.5996288,0.10420749336481094,0.9021956324577332,0.7772554755210876
YDR359C,YPL005W,0,-0.59971356,0.1041954830288887,0.9021956324577332,0.7773554921150208
YER100W,YDR261C-D,0,-0.59976774,0.10418347269296646,0.9021956324577332,0.7774555087089539
YJL111W,YLR328W,0,-0.6000327,0.10417146980762482,0.9021956324577332,0.777555525302887
YPR025C,YHL025W,0,-0.60020334,0.10415946692228317,0.9021956324577332,0.7776555418968201
YNL164C,YOR133W,0,-0.6011789,0.10414746403694153,0.9021956324577332,0.7777555584907532
YKR056W,YLL014W,0,-0.60135955,0.10413546860218048,0.9021956324577332,0.7778555750846863
YPL024W,YHR034C,0,-0.6013824,0.10412347316741943,0.9021956324577332,0.7779555916786194
YCL033C,YDR210W-A,0,-0.6014503,0.10411148518323898,0.9021956324577332,0.7780556082725525
YLL054C,YOR274W,0,-0.60151124,0.10409948974847794,0.9021956324577332,0.7781556248664856
YJL028W,YOL077W-A,0,-0.60166466,0.10408750921487808,0.9021956324577332,0.7782556414604187
YMR009W,YJL166W,0,-0.6017309,0.10407552123069763,0.9021956324577332,0.7783556580543518
YDR365W-A,YBL026W,0,-0.6019327,0.10406354069709778,0.9021956324577332,0.7784556746482849
YER139C,YJL145W,0,-0.60239565,0.10405156761407852,0.9021956324577332,0.778555691242218
YNL247W,YLR115W,0,-0.6025148,0.10403958708047867,0.9021956324577332,0.7786557078361511
YIL121W,YLR369W,0,-0.6025691,0.10402762144804001,0.9021956324577332,0.7787557244300842
YFL049W,YKR028W,0,-0.60258603,0.10401564836502075,0.9021956324577332,0.7788558006286621
YNL091W,YJL184W,1,-0.6029208,0.1041187271475792,0.9031935930252075,0.7788558006286621
YBR195C,YML064C,0,-0.603781,0.10410675406455994,0.9031935930252075,0.7789558172225952
YMR276W,YOL061W,0,-0.6040244,0.10409478098154068,0.9031935930252075,0.7790558338165283
YOR312C,YOR251C,0,-0.60407144,0.10408280789852142,0.9031935930252075,0.7791558504104614
YIL069C,YMR005W,0,-0.6041348,0.10407083481550217,0.9031935930252075,0.7792558670043945
YHR034C,YNL021W,0,-0.6043033,0.10405886918306351,0.9031935930252075,0.7793558835983276
YJL159W,YGR038C-B,0,-0.60437906,0.10404691100120544,0.9031935930252075,0.7794559001922607
YDL156W,YOL040C,0,-0.6044467,0.10403494536876678,0.9031935930252075,0.7795559167861938
YNL173C,YIL062C,0,-0.6046641,0.10402298718690872,0.9031935930252075,0.779655933380127
YPL146C,YBR073W,0,-0.6046802,0.10401103645563126,0.9031935930252075,0.7797559499740601
YKL048C,YLR344W,0,-0.60468614,0.1039990782737732,0.9031935930252075,0.7798559665679932
YDR168W,YML051W,0,-0.6048805,0.10398712754249573,0.9031935930252075,0.7799559831619263
YFL017W-A,YOR101W,0,-0.6053359,0.10397518426179886,0.9031935930252075,0.7800559997558594
YEL003W,YCR089W,0,-0.605437,0.10396324098110199,0.9031935930252075,0.7801560163497925
YDR027C,YDR266C,0,-0.6055718,0.10395129770040512,0.9031935930252075,0.7802560329437256
YML045W,YPL218W,0,-0.60587496,0.10393936187028885,0.9031935930252075,0.7803560495376587
YEL003W,YDR409W,0,-0.6066605,0.10392742604017258,0.9031935930252075,0.7804560661315918
YNL273W,YNL326C,0,-0.60695595,0.1039154902100563,0.9031935930252075,0.7805560827255249
YBR254C,YLR285W,0,-0.60696965,0.10390356183052063,0.9031935930252075,0.7806561589241028
YOR083W,YPL171C,0,-0.6074107,0.10389163345098495,0.9031935930252075,0.7807561755180359
YDR040C,YOR120W,1,-0.6074805,0.10399448871612549,0.9041916131973267,0.7807561755180359
YML052W,YGR278W,0,-0.608306,0.10398255288600922,0.9041916131973267,0.780856192111969
YOR056C,YLR095C,0,-0.6086471,0.10397062450647354,0.9041916131973267,0.7809562087059021
YNL118C,YMR049C,0,-0.60895234,0.10395868867635727,0.9041916131973267,0.7810562252998352
YNL026W,YER137C-A,0,-0.60896105,0.10394676774740219,0.9041916131973267,0.7811562418937683
YHR077C,YMR060C,0,-0.60946274,0.10393483936786652,0.9041916131973267,0.7812562584877014
YPR190C,YJR082C,0,-0.60973614,0.10392291843891144,0.9041916131973267,0.7813562750816345
YBL026W,YFR013W,0,-0.60989314,0.10391099750995636,0.9041916131973267,0.7814562916755676
YGL070C,YHR205W,0,-0.6106601,0.10389908403158188,0.9041916131973267,0.7815563082695007
YCL029C,YDR098C,0,-0.6108819,0.1038871705532074,0.9041916131973267,0.7816563248634338
YLR368W,YOR264W,0,-0.611266,0.10387525707483292,0.9041916131973267,0.7817563414573669
YGR003W,YEL036C,0,-0.6112724,0.10386335104703903,0.9041916131973267,0.7818563580513
YDR463W,YKL191W,0,-0.6113241,0.10385144501924515,0.9041916131973267,0.7819563746452332
YDL243C,YLR203C,0,-0.6119549,0.10383953899145126,0.9041916131973267,0.7820563912391663
YJL186W,YCL048W,0,-0.6119555,0.10382764041423798,0.9041916131973267,0.7821564078330994
YDR530C,YJL179W,0,-0.61213034,0.10381574183702469,0.9041916131973267,0.7822564244270325
YDR201W,YPL045W,0,-0.61228544,0.103803850710392,0.9041916131973267,0.7823565006256104
YDR395W,YJL180C,0,-0.61231637,0.10379195958375931,0.9041916131973267,0.7824565172195435
YBR029C,YNL284C,0,-0.6123526,0.10378006845712662,0.9041916131973267,0.7825565338134766
YDR411C,YDR268W,0,-0.61346537,0.10376818478107452,0.9041916131973267,0.7826565504074097
YLR070C,YCL026C-B,0,-0.61377716,0.10375630110502243,0.9041916131973267,0.7827565670013428
YIL147C,YNL091W,1,-0.6138002,0.10385892540216446,0.9051896333694458,0.7827565670013428
YMR243C,YOR363C,0,-0.6138951,0.10384703427553177,0.9051896333694458,0.7828565835952759
YJL178C,YNL175C,0,-0.614008,0.10383514314889908,0.9051896333694458,0.782956600189209
YDL010W,YER118C,1,-0.61417174,0.10393773019313812,0.9061876535415649,0.782956600189209
YLR337W,YPR075C,1,-0.61430746,0.10404028743505478,0.9071856141090393,0.782956600189209
YIL091C,YML123C,0,-0.6147646,0.1040283814072609,0.9071856141090393,0.7830566167831421
YPL110C,YKL125W,0,-0.6152738,0.10401647537946701,0.9071856141090393,0.7831566333770752
YEL062W,YIL121W,0,-0.61571425,0.10400457680225372,0.9071856141090393,0.7832566499710083
YBR182C,YKL048C,1,-0.6158776,0.1041070818901062,0.9081836342811584,0.7832566499710083
YLR332W,YPL239W,1,-0.6159866,0.10420956462621689,0.9091816544532776,0.7832566499710083
YLR055C,YNL270C,0,-0.6163072,0.10419764369726181,0.9091816544532776,0.7833566665649414
YLR378C,YER166W,0,-0.6165178,0.10418573021888733,0.9091816544532776,0.7834566831588745
YDR281C,YDR518W,0,-0.6166348,0.10417381674051285,0.9091816544532776,0.7835566997528076
YCR073C,YKL143W,1,-0.6169023,0.10427623987197876,0.910179615020752,0.7835566997528076
YGR118W,YHR090C,0,-0.6169265,0.10426431894302368,0.910179615020752,0.7836567163467407
YKR003W,YNL180C,0,-0.6169694,0.1042523980140686,0.910179615020752,0.7837567329406738
YKR083C,YMR033W,0,-0.6169765,0.10424048453569412,0.910179615020752,0.7838567495346069
YFR055W,YHL015W,0,-0.61703086,0.10422857105731964,0.910179615020752,0.78395676612854
YIL144W,YBR244W,0,-0.6171276,0.10421665757894516,0.910179615020752,0.7840567827224731
YHR148W,YNL139C,0,-0.61716014,0.10420475155115128,0.910179615020752,0.784156858921051
YML082W,YOR101W,0,-0.6175839,0.10419284552335739,0.910179615020752,0.7842568755149841
YKL043W,YBR275C,0,-0.61820436,0.1041809469461441,0.910179615020752,0.7843568921089172
YLR401C,YOR196C,0,-0.61857283,0.10416904836893082,0.910179615020752,0.7844569087028503
YEL043W,YIL047C,0,-0.6189285,0.10415714979171753,0.910179615020752,0.7845569252967834
YML026C,YLR404W,0,-0.6191245,0.10414525866508484,0.910179615020752,0.7846569418907166
YML036W,YDR530C,0,-0.6195186,0.10413336008787155,0.910179615020752,0.7847569584846497
YER159C,YER178W,0,-0.6199173,0.10412147641181946,0.910179615020752,0.7848569750785828
YNL094W,YFL002W-B,0,-0.61997366,0.10410959273576736,0.910179615020752,0.7849569916725159
YGR109W-A,YOR101W,0,-0.6207176,0.10409770905971527,0.910179615020752,0.785057008266449
YOR353C,YMR234W,0,-0.62149817,0.10408582538366318,0.910179615020752,0.7851570248603821
YGL180W,YKR085C,0,-0.6215698,0.10407394915819168,0.910179615020752,0.7852570414543152
YIL053W,YLR138W,1,-0.6217207,0.10417617857456207,0.9111776351928711,0.7852570414543152
YGL023C,YHR079C-A,0,-0.62187535,0.10416428744792938,0.9111776351928711,0.7853570580482483
YPL212C,YOR017W,0,-0.62203985,0.10415240377187729,0.9111776351928711,0.7854570746421814
YDR429C,YPR094W,0,-0.62327456,0.10414052754640579,0.9111776351928711,0.7855570912361145
YER019C-A,YDR346C,0,-0.6236289,0.1041286513209343,0.9111776351928711,0.7856571078300476
YKL002W,YHR197W,0,-0.62407863,0.1041167750954628,0.9111776351928711,0.7857571244239807
YBR100W,YDL113C,0,-0.6246831,0.1041049063205719,0.9111776351928711,0.7858572006225586
YCR002C,YML069W,0,-0.6252036,0.104093037545681,0.9111776351928711,0.7859572172164917
YIL069C,YBL005W-A,0,-0.6254196,0.1040811687707901,0.9111776351928711,0.7860572338104248
YAL005C,YPR133W-A,0,-0.62544674,0.1040692999958992,0.9111776351928711,0.7861572504043579
YDR496C,YDR310C,0,-0.6255751,0.1040574461221695,0.9111776351928711,0.786257266998291
YDR406W,YOL077W-A,0,-0.62577,0.10404558479785919,0.9111776351928711,0.7863572835922241
YGR003W,YEL027W,0,-0.62577236,0.10403373092412949,0.9111776351928711,0.7864573001861572
YMR240C,YPL042C,0,-0.6259534,0.10402187705039978,0.9111776351928711,0.7865573167800903
YGL085W,YOR262W,0,-0.62605345,0.10401002317667007,0.9111776351928711,0.7866573333740234
YNL094W,YGR109C,0,-0.6261937,0.10399817675352097,0.9111776351928711,0.7867573499679565
YNL258C,YCL068C,0,-0.62628317,0.10398633033037186,0.9111776351928711,0.7868573665618896
YOL077W-A,YLR160C,0,-0.6263163,0.10397449135780334,0.9111776351928711,0.7869573831558228
YDR159W,YER137C-A,0,-0.6264328,0.10396265238523483,0.9111776351928711,0.7870573997497559
YDR385W,YBR059C,0,-0.6265525,0.10395081341266632,0.9111776351928711,0.787157416343689
YHR114W,YKL048C,1,-0.6269766,0.1040528267621994,0.9121756553649902,0.787157416343689
YNR060W,YJR149W,0,-0.62722385,0.10404098033905029,0.9121756553649902,0.7872574329376221
YKL003C,YKL210W,0,-0.6274599,0.10402913391590118,0.9121756553649902,0.7873574495315552
YIL108W,YHR024C,0,-0.62777334,0.10401729494333267,0.9121756553649902,0.7874574661254883
YJL089W,YIL075C,0,-0.6278733,0.10400546342134476,0.9121756553649902,0.7875574827194214
YNL251C,YLR157C-B,0,-0.6280973,0.10399363189935684,0.9121756553649902,0.7876575589179993
YBL100W-A,YKL216W,0,-0.62855685,0.10398180037736893,0.9121756553649902,0.7877575755119324
YJR101W,YDL191W,0,-0.6292513,0.10396996885538101,0.9121756553649902,0.7878575921058655
YGL063W,YBR045C,0,-0.6294951,0.1039581447839737,0.9121756553649902,0.7879576086997986
YGL175C,YPR175W,0,-0.62951803,0.10394632071256638,0.9121756553649902,0.7880576252937317
YOR188W,YIL135C,0,-0.63040406,0.10393450409173965,0.9121756553649902,0.7881576418876648
YPR187W,YOR279C,0,-0.6306372,0.10392268002033234,0.9121756553649902,0.7882576584815979
YMR072W,YMR093W,0,-0.6309546,0.10391087085008621,0.9121756553649902,0.788357675075531
YNL121C,YDR261C-D,0,-0.63128555,0.10389905422925949,0.9121756553649902,0.7884576916694641
YDR084C,YBR042C,0,-0.6314024,0.10388724505901337,0.9121756553649902,0.7885577082633972
YBR098W,YPL050C,0,-0.63195485,0.10387544333934784,0.9121756553649902,0.7886577248573303
YNL232W,YNL256W,0,-0.6319876,0.10386363416910172,0.9121756553649902,0.7887577414512634
YDL092W,YKR031C,0,-0.63209224,0.10385183244943619,0.9121756553649902,0.7888577580451965
YGR099W,YJR131W,0,-0.63276696,0.10384003818035126,0.9121756553649902,0.7889577746391296
YCR058C,YGR056W,0,-0.63292646,0.10382824391126633,0.9121756553649902,0.7890577912330627
YLR410W-B,YHR009C,0,-0.633319,0.1038164496421814,0.9121756553649902,0.7891578078269958
YKL101W,YAL011W,0,-0.63365924,0.10380465537309647,0.9121756553649902,0.789257824420929
YEL043W,YML082W,0,-0.63391936,0.10379286855459213,0.9121756553649902,0.7893579006195068
YLR034C,YOR103C,0,-0.63422805,0.1037810817360878,0.9121756553649902,0.7894579172134399
YLR145W,YNL008C,0,-0.634497,0.10376930236816406,0.9121756553649902,0.789557933807373
YKL058W,YOL029C,0,-0.63473505,0.10375752300024033,0.9121756553649902,0.7896579504013062
YBR261C,YGR264C,0,-0.6347527,0.10374574363231659,0.9121756553649902,0.7897579669952393
YDR153C,YGL033W,0,-0.6358305,0.10373397171497345,0.9121756553649902,0.7898579835891724
YLR320W,YDR348C,0,-0.6358835,0.10372219979763031,0.9121756553649902,0.7899580001831055
YDR045C,YKL084W,0,-0.6361018,0.10371042788028717,0.9121756553649902,0.7900580167770386
YIL069C,YOR317W,0,-0.6361679,0.10369866341352463,0.9121756553649902,0.7901580333709717
YNL247W,YJR034W,0,-0.636177,0.10368689894676208,0.9121756553649902,0.7902580499649048
YOR207C,YOL044W,0,-0.6363678,0.10367513447999954,0.9121756553649902,0.7903580665588379
YNL309W,YNR049C,0,-0.6364459,0.1036633774638176,0.9121756553649902,0.790458083152771
YNL133C,YML046W,0,-0.6366583,0.10365162044763565,0.9121756553649902,0.7905580997467041
YLR215C,YOR115C,0,-0.63683987,0.1036398708820343,0.9121756553649902,0.7906581163406372
YNL027W,YCR014C,0,-0.63755965,0.10362812131643295,0.9121756553649902,0.7907581329345703
YNL164C,YDL227C,0,-0.6377433,0.1036163717508316,0.9121756553649902,0.7908581495285034
YDL036C,YGL017W,0,-0.6384289,0.10360462218523026,0.9121756553649902,0.7909581661224365
YLR421C,YKL113C,0,-0.63890785,0.1035928800702095,0.9121756553649902,0.7910581827163696
YKL027W,YER069W,0,-0.6394447,0.10358114540576935,0.9121756553649902,0.7911582589149475
YFL016C,YDL198C,0,-0.6396021,0.1035694032907486,0.9121756553649902,0.7912582755088806
YJL071W,YOL010W,0,-0.6396365,0.10355766862630844,0.9121756553649902,0.7913582921028137
YBR104W,YBR154C,0,-0.6403922,0.10354594141244888,0.9121756553649902,0.7914583086967468
YBR081C,YGR276C,0,-0.64041185,0.10353420674800873,0.9121756553649902,0.7915583252906799
YIL008W,YOR074C,0,-0.6405827,0.10352247953414917,0.9121756553649902,0.791658341884613
YDR381C-A,YEL039C,0,-0.6408232,0.10351075977087021,0.9121756553649902,0.7917583584785461
YHR003C,YDR373W,0,-0.6411056,0.10349904000759125,0.9121756553649902,0.7918583750724792
YNL005C,YKR079C,0,-0.6417761,0.10348732024431229,0.9121756553649902,0.7919583916664124
YGL050W,YDR289C,0,-0.6424176,0.10347560048103333,0.9121756553649902,0.7920584082603455
YKR003W,YJL140W,0,-0.6430422,0.10346388816833496,0.9121756553649902,0.7921584248542786
YHR114W,YNL175C,0,-0.64309317,0.1034521758556366,0.9121756553649902,0.7922584414482117
YHR128W,YML025C,0,-0.64316714,0.10344047099351883,0.9121756553649902,0.7923584580421448
YNL102W,YKR056W,0,-0.64325005,0.10342876613140106,0.9121756553649902,0.7924584746360779
YMR067C,YDL236W,0,-0.6433577,0.1034170612692833,0.9121756553649902,0.792558491230011
YGR108W,YNL219C,0,-0.64336765,0.10340536385774612,0.9121756553649902,0.7926585078239441
YDR381C-A,YMR005W,0,-0.6437145,0.10339366644620895,0.9121756553649902,0.7927585244178772
YLR227W-A,YKL165C,0,-0.64371836,0.10338196903467178,0.9121756553649902,0.7928586006164551
YGL127C,YPL027W,0,-0.6439991,0.10337027907371521,0.9121756553649902,0.7929586172103882
YKL046C,YDR291W,0,-0.644182,0.10335858911275864,0.9121756553649902,0.7930586338043213
YDR492W,YGR055W,0,-0.6443475,0.10334689915180206,0.9121756553649902,0.7931586503982544
YLR362W,YDR167W,0,-0.6444566,0.10333521664142609,0.9121756553649902,0.7932586669921875
YGR183C,YJL186W,0,-0.6445761,0.10332353413105011,0.9121756553649902,0.7933586835861206
YIL053W,YKL129C,1,-0.6449297,0.10342489182949066,0.9131736755371094,0.7933586835861206
YOR142W-B,YMR001C,0,-0.64496034,0.10341320186853409,0.9131736755371094,0.7934587001800537
YJL124C,YBL091C,0,-0.64514303,0.10340151190757751,0.9131736755371094,0.7935587167739868
YMR213W,YOR324C,0,-0.64526427,0.10338982939720154,0.9131736755371094,0.7936587333679199
YER093C,YKL166C,0,-0.64547235,0.10337814688682556,0.9131736755371094,0.793758749961853
YJL069C,YOL103W-A,0,-0.64553964,0.10336647182703018,0.9131736755371094,0.7938587665557861
YKR083C,YGL148W,0,-0.645584,0.1033547967672348,0.9131736755371094,0.7939587831497192
YDR079C-A,YNL025C,0,-0.6456429,0.10334312170743942,0.9131736755371094,0.7940587997436523
YOR349W,YOR074C,0,-0.6458342,0.10333145409822464,0.9131736755371094,0.7941588163375854
YBR272C,YDR261C-D,0,-0.6460945,0.10331978648900986,0.9131736755371094,0.7942588329315186
YOR216C,YHR072W-A,0,-0.64613706,0.10330811887979507,0.9131736755371094,0.7943588495254517
YNL069C,YLR310C,0,-0.64684284,0.10329645872116089,0.9131736755371094,0.7944588661193848
YGL025C,YER137C-A,0,-0.64711726,0.1032847985625267,0.9131736755371094,0.7945588827133179
YCL032W,YOR142W-A,0,-0.6472483,0.10327313840389252,0.9131736755371094,0.7946589589118958
YLL015W,YGL026C,0,-0.6472719,0.10326148569583893,0.9131736755371094,0.7947589755058289
YDL058W,YMR075W,0,-0.6482837,0.10324983298778534,0.9131736755371094,0.794858992099762
YGL096W,YGL033W,0,-0.64832586,0.10323818027973175,0.9131736755371094,0.7949590086936951
YDR078C,YGR177C,0,-0.6485967,0.10322653502225876,0.9131736755371094,0.7950590252876282
YCR035C,YPL066W,0,-0.6485985,0.10321488976478577,0.9131736755371094,0.7951590418815613
YMR015C,YGR181W,0,-0.6490085,0.10320325195789337,0.9131736755371094,0.7952590584754944
YIL148W,YFR013W,0,-0.64911854,0.10319160670042038,0.9131736755371094,0.7953590750694275
YHR168W,YGL127C,0,-0.64970887,0.10317997634410858,0.9131736755371094,0.7954590916633606
YHR084W,YCR070W,0,-0.6501218,0.10316833853721619,0.9131736755371094,0.7955591082572937
YER019C-A,YOL012C,0,-0.6501273,0.10315670818090439,0.9131736755371094,0.7956591248512268
YGL018C,YDL247W,0,-0.65055466,0.10314507782459259,0.9131736755371094,0.7957591414451599
YPR158W-B,YBR136W,0,-0.6507614,0.10313345491886139,0.9131736755371094,0.795859158039093
YGR231C,YER026C,0,-0.6514075,0.10312183201313019,0.9131736755371094,0.7959591746330261
YJR108W,YDR268W,0,-0.65151894,0.10311020910739899,0.9131736755371094,0.7960591912269592
YGR284C,YMR050C,0,-0.6521053,0.10309859365224838,0.9131736755371094,0.7961592078208923
YDR452W,YKR085C,0,-0.6522007,0.10308697819709778,0.9131736755371094,0.7962592244148254
YGL029W,YPL029W,0,-0.652264,0.10307536274194717,0.9131736755371094,0.7963593006134033
YKR006C,YIL014W,0,-0.6526291,0.10306375473737717,0.9131736755371094,0.7964593172073364
YGL083W,YHR187W,0,-0.65263045,0.10305214673280716,0.9131736755371094,0.7965593338012695
YPR125W,YGL172W,0,-0.65326643,0.10304053872823715,0.9131736755371094,0.7966593503952026
YGL071W,YEL046C,0,-0.65332085,0.10302893817424774,0.9131736755371094,0.7967593669891357
YJL141C,YPL257W-B,0,-0.65353364,0.10301733762025833,0.9131736755371094,0.7968593835830688
YDR261C-C,YNL003C,0,-0.65360236,0.10300574451684952,0.9131736755371094,0.796959400177002
YNL048W,YJL145W,0,-0.6539917,0.10299414396286011,0.9131736755371094,0.7970594167709351
YOR180C,YBL071W-A,0,-0.654125,0.10298255831003189,0.9131736755371094,0.7971594333648682
YNL038W,YDR332W,0,-0.65412647,0.10297096520662308,0.9131736755371094,0.7972594499588013
YGR038C-A,YGL028C,0,-0.6541415,0.10295937955379486,0.9131736755371094,0.7973594665527344
YKL055C,YLR275W,0,-0.65450233,0.10294779390096664,0.9131736755371094,0.7974594831466675
YBL100W-A,YDR345C,0,-0.6546178,0.10293621569871902,0.9131736755371094,0.7975594997406006
YJL134W,YEL020W-A,0,-0.6546299,0.1029246374964714,0.9131736755371094,0.7976595163345337
YHR003C,YEL020W-A,0,-0.6546734,0.10291305929422379,0.9131736755371094,0.7977595329284668
YBR167C,YNL224C,0,-0.65468925,0.10290148109197617,0.9131736755371094,0.7978595495223999
YGR222W,YDR451C,0,-0.6547537,0.10288991034030914,0.9131736755371094,0.797959566116333
YIL031W,YBR275C,0,-0.6547993,0.10287834703922272,0.9131736755371094,0.7980595827102661
YEL026W,YKL049C,0,-0.65508074,0.1028667762875557,0.9131736755371094,0.798159658908844
YMR005W,YLR210W,0,-0.6553011,0.10285521298646927,0.9131736755371094,0.7982596755027771
YGR109W-B,YKR029C,0,-0.6553076,0.10284365713596344,0.9131736755371094,0.7983596920967102
YPL239W,YLR138W,1,-0.65569043,0.10294447839260101,0.9141716361045837,0.7983596920967102
YLR016C,YER137C-A,0,-0.65584165,0.10293291509151459,0.9141716361045837,0.7984597086906433
YDR381C-A,YKR066C,0,-0.6559204,0.10292135179042816,0.9141716361045837,0.7985597252845764
YBL061C,YDR388W,1,-0.6561915,0.10302213579416275,0.9151696562767029,0.7985597252845764
YKL143W,YOR297C,1,-0.65619695,0.10312289744615555,0.916167676448822,0.7985597252845764
YGL153W,YHL002W,0,-0.65629554,0.10311131179332733,0.916167676448822,0.7986597418785095
YHR094C,YJL047C,0,-0.6566283,0.10309973359107971,0.916167676448822,0.7987597584724426
YDR261C-D,YPL005W,0,-0.6568588,0.10308815538883209,0.916167676448822,0.7988597750663757
YPL253C,YPR190C,0,-0.6572691,0.10307657718658447,0.916167676448822,0.7989597916603088
YBL005W-A,YNR046W,0,-0.6572992,0.10306500643491745,0.916167676448822,0.7990598082542419
YIL044C,YDR365W-A,0,-0.65737313,0.10305343568325043,0.916167676448822,0.799159824848175
YER160C,YGL077C,0,-0.657598,0.1030418649315834,0.916167676448822,0.7992598414421082
YDL119C,YGR122W,0,-0.6579669,0.10303030163049698,0.916167676448822,0.7993598580360413
YBR114W,YGL068W,0,-0.6580012,0.10301873832941055,0.916167676448822,0.7994598746299744
YBL036C,YLR315W,0,-0.6581359,0.10300718247890472,0.916167676448822,0.7995598912239075
YPR158W-B,YJR044C,0,-0.65832436,0.1029956266283989,0.916167676448822,0.7996599078178406
YPL257W-B,YPL249C-A,0,-0.65832996,0.10298407077789307,0.916167676448822,0.7997599244117737
YBL100W-B,YNL145W,0,-0.6583683,0.10297251492738724,0.916167676448822,0.7998600006103516
YOR144C,YPR058W,0,-0.6585151,0.102960966527462,0.916167676448822,0.7999600172042847
YDR408C,YJL196C,0,-0.65854526,0.10294942557811737,0.916167676448822,0.8000600337982178
YOR145C,YJL177W,0,-0.6585584,0.10293787717819214,0.916167676448822,0.8001600503921509
YKR026C,YDR500C,0,-0.6585643,0.1029263362288475,0.916167676448822,0.800260066986084
YPR082C,YGR283C,0,-0.6588709,0.10291479527950287,0.916167676448822,0.8003600835800171
YDL147W,YDL111C,0,-0.6592288,0.10290326178073883,0.916167676448822,0.8004601001739502
YBR090C-A,YLR350W,0,-0.6592984,0.10289172828197479,0.916167676448822,0.8005601167678833
YOR005C,YDR398W,0,-0.65940714,0.10288019478321075,0.916167676448822,0.8006601333618164
YBR078W,YOR084W,0,-0.65946984,0.10286866873502731,0.916167676448822,0.8007601499557495
YDR098C-B,YFR046C,0,-0.659618,0.10285714268684387,0.916167676448822,0.8008601665496826
YDR165W,YNL290W,0,-0.6599667,0.10284561663866043,0.916167676448822,0.8009601831436157
YOR382W,YOR017W,0,-0.6601356,0.10283409804105759,0.916167676448822,0.8010601997375488
YOL045W,YLR249W,0,-0.6606694,0.10282257944345474,0.916167676448822,0.8011602163314819
YGL067W,YHR079C-B,0,-0.66067666,0.1028110682964325,0.916167676448822,0.801260232925415
YGR004W,YLR410W-A,0,-0.6607644,0.10279954969882965,0.916167676448822,0.8013602495193481
YBL061C,YLR319C,1,-0.6609773,0.10290001332759857,0.9171656966209412,0.8013602495193481
YJL112W,YNL090W,0,-0.66113985,0.10288848727941513,0.9171656966209412,0.8014602661132812
YDL226C,YBR074W,0,-0.6615428,0.10287697613239288,0.9171656966209412,0.8015602827072144
YNL243W,YNL186W,0,-0.6617376,0.10286545753479004,0.9171656966209412,0.8016603589057922
YGL022W,YDL161W,0,-0.66196364,0.10285394638776779,0.9171656966209412,0.8017603754997253
YNL066W,YNL132W,0,-0.6621635,0.10284243524074554,0.9171656966209412,0.8018603920936584
YER065C,YLR410W-A,0,-0.66278535,0.1028309240937233,0.9171656966209412,0.8019604086875916
YLR404W,YIL085C,0,-0.663284,0.10281942039728165,0.9171656966209412,0.8020604252815247
YML109W,YMR168C,0,-0.6634504,0.10280791670084,0.9171656966209412,0.8021604418754578
YHR063C,YDR207C,0,-0.6636677,0.10279642045497894,0.9171656966209412,0.8022604584693909
YER118C,YOR047C,1,-0.6639705,0.10289676487445831,0.9181636571884155,0.8022604584693909
YML109W,YBR074W,0,-0.66398567,0.10288526117801666,0.9181636571884155,0.802360475063324
YBR068C,YJL021C,0,-0.664328,0.10287375748157501,0.9181636571884155,0.8024604916572571
YPR095C,YOL012C,0,-0.66472733,0.10286225378513336,0.9181636571884155,0.8025605082511902
YOL008W,YBR023C,0,-0.66487586,0.10285075753927231,0.9181636571884155,0.8026605248451233
YGR092W,YER137C-A,0,-0.6650702,0.10283926129341125,0.9181636571884155,0.8027605414390564
YMR283C,YNL254C,0,-0.6651195,0.1028277650475502,0.9181636571884155,0.8028605580329895
YDR311W,YER014C-A,0,-0.66521454,0.10281626880168915,0.9181636571884155,0.8029605746269226
YDR084C,YLR340W,0,-0.66533256,0.10280478000640869,0.9181636571884155,0.8030605912208557
YHR035W,YHR039C-A,0,-0.66534895,0.10279329866170883,0.9181636571884155,0.8031606078147888
YHR073W,YGL187C,0,-0.66611147,0.10278180986642838,0.9181636571884155,0.8032606244087219
YER056C,YEL063C,0,-0.6666618,0.10277032852172852,0.9181636571884155,0.8033607006072998
YJR138W,YHR056C,0,-0.6668401,0.10275885462760925,0.9181636571884155,0.8034607172012329
YOR216C,YML010W,0,-0.6670371,0.1027473732829094,0.9181636571884155,0.803560733795166
YHR077C,YPL056C,0,-0.667162,0.10273589938879013,0.9181636571884155,0.8036607503890991
YBR074W,YNL221C,0,-0.66738665,0.10272443294525146,0.9181636571884155,0.8037607669830322
YJL151C,YDR365W-B,0,-0.66843116,0.1027129590511322,0.9181636571884155,0.8038607835769653
YHR094C,YNL075W,0,-0.6685351,0.10270149260759354,0.9181636571884155,0.8039608001708984
YOR095C,YPL180W,0,-0.66872615,0.10269003361463547,0.9181636571884155,0.8040608167648315
YMR134W,YGL225W,0,-0.66897035,0.1026785746216774,0.9181636571884155,0.8041608333587646
YLR050C,YDR144C,0,-0.66926634,0.10266711562871933,0.9181636571884155,0.8042608499526978
YFL002W-B,YBR155W,0,-0.6696191,0.10265565663576126,0.9181636571884155,0.8043608665466309
YDR001C,YDR079W,0,-0.6708847,0.10264420509338379,0.9181636571884155,0.804460883140564
YER154W,YER176W,0,-0.671237,0.10263275355100632,0.9181636571884155,0.8045608997344971
YBR016W,YDL235C,1,-0.67125356,0.10273285210132599,0.9191616773605347,0.8045608997344971
YEL001C,YGR049W,0,-0.6713392,0.10272139310836792,0.9191616773605347,0.8046609163284302
YLR383W,YBR103W,0,-0.6718211,0.10270993411540985,0.9191616773605347,0.8047609329223633
YDR303C,YNR018W,0,-0.67182577,0.10269848257303238,0.9191616773605347,0.8048609495162964
YLL018C-A,YGR161C-D,0,-0.6724135,0.10268703103065491,0.9191616773605347,0.8049609661102295
YDR434W,YBR247C,0,-0.67254746,0.10267558693885803,0.9191616773605347,0.8050609827041626
YGR007W,YMR236W,0,-0.6730848,0.10266414284706116,0.9191616773605347,0.8051610589027405
YCR005C,YCR070W,0,-0.6737682,0.10265269875526428,0.9191616773605347,0.8052610754966736
YER074W-A,YER179W,0,-0.6737824,0.10264125466346741,0.9191616773605347,0.8053610920906067
YOL011W,YDR210W-A,0,-0.67378545,0.10262981802225113,0.9191616773605347,0.8054611086845398
YGR132C,YHL006C,0,-0.6742513,0.10261838138103485,0.9191616773605347,0.8055611252784729
YBR034C,YGR129W,0,-0.674291,0.10260695219039917,0.9191616773605347,0.805661141872406
YKL082C,YGR238C,0,-0.67443836,0.10259552299976349,0.9191616773605347,0.8057611584663391
YJR017C,YGL099W,0,-0.6746907,0.10258409380912781,0.9191616773605347,0.8058611750602722
YLR337W,YPL223C,1,-0.6748581,0.10268404334783554,0.9201596975326538,0.8058611750602722
YLR424W,YCR070W,0,-0.6749236,0.10267260670661926,0.9201596975326538,0.8059611916542053
YGR177C,YBR067C,0,-0.6753928,0.10266117006540298,0.9201596975326538,0.8060612082481384
YKL082C,YML075C,0,-0.6756646,0.1026497408747673,0.9201596975326538,0.8061612248420715
YKL027W,YBR275C,0,-0.67573017,0.10263831913471222,0.9201596975326538,0.8062612414360046
YKL143W,YBR086C,1,-0.6757612,0.10273820161819458,0.9211576581001282,0.8062612414360046
YHR058C,YML075C,0,-0.67587036,0.1027267649769783,0.9211576581001282,0.8063612580299377
YDL084W,YOR291W,0,-0.6761228,0.10271533578634262,0.9211576581001282,0.8064612746238708
YPR174C,YDL165W,0,-0.67626894,0.10270390659570694,0.9211576581001282,0.806561291217804
YAL028W,YER117W,0,-0.67645025,0.10269247740507126,0.9211576581001282,0.8066613078117371
YDR208W,YBL008W,0,-0.6764884,0.10268105566501617,0.9211576581001282,0.8067613244056702
YGR109W-B,YML036W,0,-0.67657626,0.10266963392496109,0.9211576581001282,0.806861400604248
YPR057W,YMR167W,0,-0.67684764,0.102658212184906,0.9211576581001282,0.8069614171981812
YPR138C,YDR266C,0,-0.67695916,0.10264679789543152,0.9211576581001282,0.8070614337921143
YPL253C,YML016C,0,-0.67704433,0.10263538360595703,0.9211576581001282,0.8071614503860474
YER016W,YLR020C,0,-0.67730975,0.10262396931648254,0.9211576581001282,0.8072614669799805
YGR027W-A,YEL053C,0,-0.6776677,0.10261256247758865,0.9211576581001282,0.8073614835739136
YLR421C,YGR251W,0,-0.67793244,0.10260115563869476,0.9211576581001282,0.8074615001678467
YBR118W,YNL070W,0,-0.67797035,0.10258974879980087,0.9211576581001282,0.8075615167617798
YPR171W,YNR031C,1,-0.6788601,0.10268948972225189,0.9221556782722473,0.8075615167617798
YPR175W,YPL213W,0,-0.6791199,0.1026780754327774,0.9221556782722473,0.8076615333557129
YGR206W,YOL103W-B,0,-0.67935425,0.10266666859388351,0.9221556782722473,0.807761549949646
YIL043C,YLR410W-B,0,-0.67982507,0.10265526175498962,0.9221556782722473,0.8078615665435791
YNL107W,YHR190W,0,-0.68014467,0.10264385491609573,0.9221556782722473,0.8079615831375122
YBR162W-A,YPL158C,0,-0.6804256,0.10263245552778244,0.9221556782722473,0.8080615997314453
YMR050C,YJL113W,0,-0.6807933,0.10262105613946915,0.9221556782722473,0.8081616163253784
YPL023C,YGL189C,0,-0.68079895,0.10260966420173645,0.9221556782722473,0.8082616329193115
YDR261W-A,YJR147W,0,-0.68135196,0.10259826481342316,0.9221556782722473,0.8083616495132446
YNL134C,YER050C,0,-0.68140495,0.10258688032627106,0.9221556782722473,0.8084616661071777
YKR024C,YGR027W-A,0,-0.68141055,0.10257548838853836,0.9221556782722473,0.8085616827011108
YPR158W-B,YGR161W-B,0,-0.68172514,0.10256410390138626,0.9221556782722473,0.8086617588996887
YFR024C,YKR068C,0,-0.6817579,0.10255271941423416,0.9221556782722473,0.8087617754936218
YOR210W,YHL011C,0,-0.68216395,0.10254133492708206,0.9221556782722473,0.8088617920875549
YLR316C,YOR209C,0,-0.6824148,0.10252995789051056,0.9221556782722473,0.808961808681488
YNR004W,YHL015W,0,-0.68249214,0.10251858085393906,0.9221556782722473,0.8090618252754211
YBR095C,YBR042C,0,-0.68333197,0.10250721126794815,0.9221556782722473,0.8091618418693542
YAR003W,YGR134W,0,-0.6834475,0.10249584168195724,0.9221556782722473,0.8092618584632874
YPL069C,YBR153W,0,-0.68381166,0.10248447209596634,0.9221556782722473,0.8093618750572205
YMR203W,YJL029C,0,-0.6843637,0.10247310996055603,0.9221556782722473,0.8094618916511536
YHR204W,YNL087W,0,-0.6848501,0.10246174037456512,0.9221556782722473,0.8095619082450867
YIL147C,YHR206W,1,-0.6848643,0.10256125777959824,0.9231536984443665,0.8095619082450867
YDR034C-D,YGL172W,0,-0.6848887,0.10254988819360733,0.9231536984443665,0.8096619248390198
YKL125W,YGL112C,0,-0.68509686,0.10253851860761642,0.9231536984443665,0.8097619414329529
YIL009W,YNL283C,0,-0.68522364,0.10252715647220612,0.9231536984443665,0.809861958026886
YNL090W,YGL002W,0,-0.685609,0.1025157943367958,0.9231536984443665,0.8099619746208191
YPL113C,YOR287C,0,-0.6861714,0.1025044322013855,0.9231536984443665,0.8100619912147522
YOL103W-B,YPR200C,0,-0.6861995,0.10249307751655579,0.9231536984443665,0.8101620078086853
YHR115C,YDL044C,0,-0.6864172,0.10248172283172607,0.9231536984443665,0.8102620244026184
YKR027W,YPL016W,0,-0.68725944,0.10247036814689636,0.9231536984443665,0.8103621006011963
YNL232W,YBR218C,0,-0.6873325,0.10245901346206665,0.9231536984443665,0.8104621171951294
YDR098C-B,YGR068C,0,-0.6875279,0.10244766622781754,0.9231536984443665,0.8105621337890625
YNL190W,YNL271C,1,-0.68764144,0.1025470644235611,0.9241517186164856,0.8105621337890625
YOR207C,YLR083C,0,-0.6876829,0.10253570973873138,0.9241517186164856,0.8106621503829956
YFR016C,YPL249C,0,-0.68821037,0.10252435505390167,0.9241517186164856,0.8107621669769287
YOL052C-A,YDR210C-D,0,-0.68840206,0.10251300781965256,0.9241517186164856,0.8108621835708618
YMR077C,YOL077W-A,0,-0.6888346,0.10250166058540344,0.9241517186164856,0.8109622001647949
YIL053W,YDR168W,1,-0.6889415,0.10260099917650223,0.92514967918396,0.8109622001647949
YPL021W,YML055W,0,-0.6897191,0.10258964449167252,0.92514967918396,0.811062216758728
YNL177C,YGR161C-C,0,-0.6897509,0.1025782898068428,0.92514967918396,0.8111622333526611
YOR236W,YLR009W,0,-0.68981695,0.10256694257259369,0.92514967918396,0.8112622499465942
YOR010C,YNL257C,0,-0.6900263,0.10255559533834457,0.92514967918396,0.8113622665405273
YHL050C,YDR384C,0,-0.69082546,0.10254424810409546,0.92514967918396,0.8114622831344604
YHR111W,YIL143C,0,-0.6911635,0.10253290832042694,0.92514967918396,0.8115622997283936
YDR365C,YPL108W,0,-0.69127893,0.10252156853675842,0.92514967918396,0.8116623163223267
YLR367W,YOR320C,0,-0.6914627,0.1025102287530899,0.92514967918396,0.8117623329162598
YDL159W,YLR157C-B,0,-0.6915317,0.10249889642000198,0.92514967918396,0.8118623495101929
YHL028W,YIL017W,0,-0.69171536,0.10248756408691406,0.92514967918396,0.811962366104126
YBR133C,YDR113C,0,-0.6919807,0.10247623175382614,0.92514967918396,0.8120623826980591
YER074W-A,YKL130C,0,-0.69221234,0.10246490687131882,0.92514967918396,0.812162458896637
YLR337W,YHR114W,1,-0.69248784,0.10256410390138626,0.9261476993560791,0.812162458896637
YDR516C,YOL103W-B,0,-0.69262576,0.10255277156829834,0.9261476993560791,0.8122624754905701
YBR084C-A,YNL078W,0,-0.6933302,0.10254143923521042,0.9261476993560791,0.8123624920845032
YDR207C,YJL006C,0,-0.69350064,0.1025301069021225,0.9261476993560791,0.8124625086784363
YAR027W,YNL063W,0,-0.695167,0.10251878201961517,0.9261476993560791,0.8125625252723694
YMR123W,YJL139C,0,-0.695438,0.10250745713710785,0.9261476993560791,0.8126625418663025
YER160C,YKL194C,0,-0.6954705,0.10249613225460052,0.9261476993560791,0.8127625584602356
YDL064W,YOR320C,0,-0.6954758,0.1024848148226738,0.9261476993560791,0.8128625750541687
YDR452W,YDR210C-D,0,-0.6957994,0.10247349739074707,0.9261476993560791,0.8129625916481018
YLR409C,YOL148C,0,-0.6958463,0.10246218740940094,0.9261476993560791,0.8130626082420349
YLR196W,YGR030C,0,-0.6959878,0.10245086997747421,0.9261476993560791,0.813162624835968
YLR233C,YMR001C,0,-0.6960645,0.10243955999612808,0.9261476993560791,0.8132626414299011
YOL146W,YDR365W-A,0,-0.69618845,0.10242825746536255,0.9261476993560791,0.8133626580238342
YBR182C,YHR205W,1,-0.69641626,0.10252731293439865,0.9271457195281982,0.8133626580238342
YML016C,YGL246C,0,-0.6964182,0.10251600295305252,0.9271457195281982,0.8134626746177673
YBR171W,YJL004C,0,-0.6964417,0.10250469297170639,0.9271457195281982,0.8135626912117004
YIL128W,YDR034C,0,-0.6971018,0.10249338299036026,0.9271457195281982,0.8136627078056335
YER168C,YDR485C,0,-0.6972041,0.10248207300901413,0.9271457195281982,0.8137627243995667
YJL216C,YLR095C,0,-0.6972229,0.1024707704782486,0.9271457195281982,0.8138628005981445
YER109C,YPL241C,0,-0.69734895,0.10245946794748306,0.9271457195281982,0.8139628171920776
YOR222W,YBL091C,0,-0.6974115,0.10244817286729813,0.9271457195281982,0.8140628337860107
YGR161W-A,YHR169W,0,-0.69876516,0.10243687033653259,0.9271457195281982,0.8141628503799438
YCL032W,YHR214C-C,0,-0.6989703,0.10242557525634766,0.9271457195281982,0.814262866973877
YDR079C-A,YHR170W,0,-0.6989989,0.10241428762674332,0.9271457195281982,0.8143628835678101
YAR035W,YPL173W,0,-0.700159,0.10240299999713898,0.9271457195281982,0.8144629001617432
YPR155C,YKL117W,0,-0.70017654,0.10239171236753464,0.9271457195281982,0.8145629167556763
YPL283C,YLR227W-B,0,-0.70022744,0.1023804247379303,0.9271457195281982,0.8146629333496094
YNL271C,YKL048C,1,-0.7005182,0.10247933864593506,0.9281437397003174,0.8146629333496094
YNL154C,YLR292C,0,-0.7010254,0.10246805101633072,0.9281437397003174,0.8147629499435425
YPR018W,YNL103W,0,-0.70105624,0.10245675593614578,0.9281437397003174,0.8148629665374756
YGR038C-A,YBR091C,0,-0.7011553,0.10244547575712204,0.9281437397003174,0.8149629831314087
YPR164W,YDR365W-A,0,-0.70173764,0.1024341881275177,0.9281437397003174,0.8150629997253418
YMR134W,YPR137W,0,-0.701962,0.10242290794849396,0.9281437397003174,0.8151630163192749
YOL008W,YDR175C,0,-0.7019809,0.10241162776947021,0.9281437397003174,0.815263032913208
YFL022C,YBR131W,0,-0.70237935,0.10240035504102707,0.9281437397003174,0.8153630495071411
YMR011W,YNL326C,0,-0.70262635,0.10238907486200333,0.9281437397003174,0.8154630661010742
YML081W,YGL216W,0,-0.70282495,0.10237780958414078,0.9281437397003174,0.8155631422996521
YPR158W-B,YIL106W,0,-0.7038536,0.10236653685569763,0.9281437397003174,0.8156631588935852
YNL080C,YBR248C,0,-0.7039336,0.10235527157783508,0.9281437397003174,0.8157631754875183
YOR078W,YIL035C,0,-0.7044128,0.10234400629997253,0.9281437397003174,0.8158631920814514
YKL167C,YHL001W,0,-0.7048939,0.10233274847269058,0.9281437397003174,0.8159632086753845
YFR034C,YGR161C-C,0,-0.7050823,0.10232149064540863,0.9281437397003174,0.8160632252693176
YPR143W,YDL003W,0,-0.7055924,0.10231023281812668,0.9281437397003174,0.8161632418632507
YKL014C,YDR208W,0,-0.7057962,0.10229897499084473,0.9281437397003174,0.8162632584571838
YOR009W,YDR016C,0,-0.7063412,0.10228772461414337,0.9281437397003174,0.8163632750511169
YNL075W,YDR371W,0,-0.7066895,0.10227647423744202,0.9281437397003174,0.81646329164505
YLR240W,YKL074C,0,-0.70671105,0.10226523131132126,0.9281437397003174,0.8165633082389832
YPL104W,YBR100W,0,-0.7068162,0.1022539883852005,0.9281437397003174,0.8166633248329163
YPL188W,YIL168W,0,-0.7074521,0.10224274545907974,0.9281437397003174,0.8167633414268494
YIL053W,YMR037C,1,-0.70747554,0.102341428399086,0.9291417002677917,0.8167633414268494
YCL054W,YLR239C,0,-0.7078267,0.10233018547296524,0.9291417002677917,0.8168633580207825
YER159C,YDR470C,0,-0.7086475,0.10231893509626389,0.9291417002677917,0.8169633746147156
YBR029C,YLR323C,0,-0.70885646,0.10230769217014313,0.9291417002677917,0.8170633912086487
YCR073C,YOR122C,1,-0.7090144,0.1024063304066658,0.9301397204399109,0.8170633912086487
YLR320W,YPL066W,0,-0.70926976,0.10239508002996445,0.9301397204399109,0.8171634078025818
YOL070C,YHR158C,0,-0.70935196,0.10238382965326309,0.9301397204399109,0.8172634243965149
YPR141C,YJL194W,0,-0.7101517,0.10237258672714233,0.9301397204399109,0.8173635005950928
YDR439W,YDR367W,0,-0.7101884,0.10236133635044098,0.9301397204399109,0.8174635171890259
YKR026C,YLR391W,0,-0.71022534,0.10235010087490082,0.9301397204399109,0.817563533782959
YKR057W,YDR021W,0,-0.7104379,0.10233885794878006,0.9301397204399109,0.8176635503768921
YDR377W,YKR085C,0,-0.7113129,0.1023276224732399,0.9301397204399109,0.8177635669708252
YOL093W,YHR214C-C,0,-0.71166825,0.10231638699769974,0.9301397204399109,0.8178635835647583
YIR003W,YPL257W-B,0,-0.712723,0.10230515897274017,0.9301397204399109,0.8179636001586914
YJR064W,YDR030C,0,-0.7127662,0.10229393094778061,0.9301397204399109,0.8180636167526245
YDR296W,YCL051W,0,-0.7128008,0.10228270292282104,0.9301397204399109,0.8181636333465576
YKR086W,YLR227W-B,0,-0.7128997,0.10227148234844208,0.9301397204399109,0.8182636499404907
YFL010W-A,YDR206W,0,-0.7130724,0.10226026177406311,0.9301397204399109,0.8183636665344238
YML093W,YDR210W-A,0,-0.71323943,0.10224904119968414,0.9301397204399109,0.8184636831283569
YJR095W,YOR206W,0,-0.7134391,0.10223782062530518,0.9301397204399109,0.81856369972229
YDR489W,YHR216W,0,-0.7137794,0.1022266075015068,0.9301397204399109,0.8186637163162231
YDL213C,YPL082C,0,-0.71539044,0.10221540182828903,0.9301397204399109,0.8187637329101562
YPL225W,YMR116C,0,-0.7156148,0.10220418870449066,0.9301397204399109,0.8188637495040894
YBR085W,YLR336C,0,-0.71576995,0.10219298303127289,0.9301397204399109,0.8189637660980225
YFR034C,YPR158W-B,0,-0.7158561,0.10218177735805511,0.9301397204399109,0.8190638422966003
YOR192C,YGR161W-B,0,-0.715961,0.10217057913541794,0.9301397204399109,0.8191638588905334
YBL092W,YLR316C,0,-0.7165055,0.10215938091278076,0.9301397204399109,0.8192638754844666
YAL011W,YLR157C-B,0,-0.7169105,0.10214818269014359,0.9301397204399109,0.8193638920783997
YEL018W,YPL063W,0,-0.717098,0.10213698446750641,0.9301397204399109,0.8194639086723328
YJR112W,YML039W,0,-0.71720237,0.10212579369544983,0.9301397204399109,0.8195639252662659
YJR067C,YOR249C,0,-0.7172347,0.10211460292339325,0.9301397204399109,0.819663941860199
YCR058C,YGL013C,0,-0.7172715,0.10210341960191727,0.9301397204399109,0.8197639584541321
YGR027W-A,YPL057C,0,-0.71740764,0.10209223628044128,0.9301397204399109,0.8198639750480652
YDR051C,YDL150W,0,-0.71782607,0.1020810529589653,0.9301397204399109,0.8199639916419983
YLR353W,YCR003W,0,-0.7180419,0.10206986963748932,0.9301397204399109,0.8200640082359314
YDR235W,YDR205W,0,-0.7183082,0.10205869376659393,0.9301397204399109,0.8201640248298645
YLR055C,YGL076C,0,-0.7187244,0.10204751789569855,0.9301397204399109,0.8202640414237976
YDL213C,YAR066W,0,-0.7189328,0.10203634947538376,0.9301397204399109,0.8203640580177307
YCL010C,YKL043W,0,-0.719398,0.10202518105506897,0.9301397204399109,0.8204640746116638
YLR143W,YDR515W,0,-0.71959877,0.10201401263475418,0.9301397204399109,0.8205640912055969
YGL131C,YLR226W,0,-0.7197875,0.10200284421443939,0.9301397204399109,0.82066410779953
YCL017C,YGR077C,0,-0.71984076,0.1019916832447052,0.9301397204399109,0.8207641243934631
YGR215W,YOR245C,0,-0.71988523,0.10198052227497101,0.9301397204399109,0.820864200592041
YAR009C,YEL003W,0,-0.7200367,0.10196936875581741,0.9301397204399109,0.8209642171859741
YIL114C,YPL112C,0,-0.72006434,0.10195820778608322,0.9301397204399109,0.8210642337799072
YPR009W,YCR055C,0,-0.7200841,0.10194705426692963,0.9301397204399109,0.8211642503738403
YBR203W,YNL078W,0,-0.72025645,0.10193590819835663,0.9301397204399109,0.8212642669677734
YPL221W,YER137C-A,0,-0.72095543,0.10192476212978363,0.9301397204399109,0.8213642835617065
YGR038C-B,YFL056C,0,-0.7210826,0.10191361606121063,0.9301397204399109,0.8214643001556396
YBR181C,YDR002W,0,-0.7212498,0.10190246999263763,0.9301397204399109,0.8215643167495728
YJR088C,YBR244W,0,-0.72141844,0.10189133137464523,0.9301397204399109,0.8216643333435059
YPL254W,YNL058C,0,-0.7215016,0.10188019275665283,0.9301397204399109,0.821764349937439
YGR027C,YGR068C,0,-0.72179794,0.10186905413866043,0.9301397204399109,0.8218643665313721
YDR261W-A,YLR222C,0,-0.7217986,0.10185792297124863,0.9301397204399109,0.8219643831253052
YOL102C,YJL099W,0,-0.7220831,0.10184679180383682,0.9301397204399109,0.8220643997192383
YPR034W,YMR194W,0,-0.72220117,0.10183566063642502,0.9301397204399109,0.8221644163131714
YDR081C,YOL130W,0,-0.7224446,0.10182453691959381,0.9301397204399109,0.8222644329071045
YJL118W,YDR369C,0,-0.7224449,0.1018134132027626,0.9301397204399109,0.8223644495010376
YGR161W-B,YJL100W,0,-0.72247225,0.101802296936512,0.9301397204399109,0.8224644660949707
YLR380W,YBR045C,0,-0.72298765,0.10179117321968079,0.9301397204399109,0.8225645422935486
YGL049C,YFL008W,0,-0.7239698,0.10178005695343018,0.9301397204399109,0.8226645588874817
YOR209C,YMR234W,0,-0.72425115,0.10176894813776016,0.9301397204399109,0.8227645754814148
YML065W,YNL317W,0,-0.72439826,0.10175783187150955,0.9301397204399109,0.8228645920753479
YML039W,YGR170W,0,-0.7244041,0.10174672305583954,0.9301397204399109,0.822964608669281
YPL276W,YKL138C,0,-0.72445774,0.10173562169075012,0.9301397204399109,0.8230646252632141
YGR038C-A,YDR156W,0,-0.72457975,0.10172451287508011,0.9301397204399109,0.8231646418571472
YNL284C-B,YLL029W,0,-0.72471935,0.10171341150999069,0.9301397204399109,0.8232646584510803
YLR256W-A,YIL048W,0,-0.7251499,0.10170231014490128,0.9301397204399109,0.8233646750450134
YLR066W,YIL127C,0,-0.7252705,0.10169121623039246,0.9301397204399109,0.8234646916389465
YGR254W,YOR351C,0,-0.7254658,0.10168012231588364,0.9301397204399109,0.8235647082328796
YGL200C,YHR072W,0,-0.72555006,0.10166902840137482,0.9301397204399109,0.8236647248268127
YFR027W,YNL050C,0,-0.72581804,0.1016579419374466,0.9301397204399109,0.8237647414207458
YER122C,YJR043C,0,-0.7260606,0.10164685547351837,0.9301397204399109,0.823864758014679
YGR041W,YMR242C,0,-0.7263214,0.10163576900959015,0.9301397204399109,0.8239647746086121
YNL088W,YDL100C,0,-0.7264212,0.10162468999624252,0.9301397204399109,0.8240647912025452
YNL054W-A,YML069W,0,-0.72680604,0.1016136035323143,0.9301397204399109,0.8241648077964783
YIL158W,YOR323C,0,-0.7268967,0.10160253196954727,0.9301397204399109,0.8242648243904114
YOR056C,YOL108C,0,-0.72695994,0.10159145295619965,0.9301397204399109,0.8243649005889893
YOR362C,YGR254W,0,-0.72699857,0.10158038139343262,0.9301397204399109,0.8244649171829224
YBR090C-A,YBR034C,0,-0.72703004,0.10156930983066559,0.9301397204399109,0.8245649337768555
YLR157C-A,YDR289C,0,-0.7272072,0.10155824571847916,0.9301397204399109,0.8246649503707886
YPR158W-A,YJR040W,0,-0.72734857,0.10154718160629272,0.9301397204399109,0.8247649669647217
YDR140W,YBL101W-B,0,-0.727488,0.10153611749410629,0.9301397204399109,0.8248649835586548
YBL016W,YML075C,0,-0.72751474,0.10152505338191986,0.9301397204399109,0.8249650001525879
YGR033C,YDR365W-A,0,-0.72756344,0.10151399672031403,0.9301397204399109,0.825065016746521
YHR072W-A,YOR004W,0,-0.72922623,0.10150294005870819,0.9301397204399109,0.8251650333404541
YLR426W,YBR075W,0,-0.72933924,0.10149189084768295,0.9301397204399109,0.8252650499343872
YDR420W,YHL007C,1,-0.7296909,0.10158972442150116,0.93113774061203,0.8252650499343872
YHR077C,YGR203W,0,-0.729755,0.10157866030931473,0.93113774061203,0.8253650665283203
YIR021W,YKR077W,0,-0.7299476,0.10156760364770889,0.93113774061203,0.8254650831222534
YDR140W,YKL097W-A,0,-0.7301704,0.10155654698610306,0.93113774061203,0.8255650997161865
YLL004W,YKR054C,0,-0.73021555,0.10154549777507782,0.93113774061203,0.8256651163101196
YDR316W-B,YML101C,0,-0.7312666,0.10153444111347198,0.93113774061203,0.8257651329040527
YLR182W,YMR286W,0,-0.73143005,0.10152339190244675,0.93113774061203,0.8258651494979858
YOR145C,YOR153W,0,-0.7319702,0.1015123501420021,0.93113774061203,0.825965166091919
YKL194C,YDL045W-A,0,-0.7320507,0.10150130838155746,0.93113774061203,0.8260652422904968
YOR074C,YOR088W,0,-0.73205847,0.10149026662111282,0.93113774061203,0.8261652588844299
YMR001C,YJR127C,0,-0.73218703,0.10147922486066818,0.93113774061203,0.826265275478363
YPL167C,YDR364C,0,-0.7323006,0.10146819055080414,0.93113774061203,0.8263652920722961
YPR162C,YPL246C,0,-0.7326985,0.1014571562409401,0.93113774061203,0.8264653086662292
YDR090C,YHR216W,0,-0.7328805,0.10144612193107605,0.93113774061203,0.8265653252601624
YGR161C-D,YHR149C,0,-0.73303014,0.1014350950717926,0.93113774061203,0.8266653418540955
YKR087C,YFR009W,0,-0.7333124,0.10142406821250916,0.93113774061203,0.8267653584480286
YGL061C,YDR226W,0,-0.7334289,0.10141304135322571,0.93113774061203,0.8268653750419617
YGR056W,YPL066W,0,-0.7334882,0.10140202194452286,0.93113774061203,0.8269653916358948
YDR261W-A,YJL184W,0,-0.7334882,0.10139100253582001,0.93113774061203,0.8270654082298279
YJR078W,YKL086W,0,-0.7338973,0.10137998312711716,0.93113774061203,0.827165424823761
YJL118W,YDL084W,0,-0.73428917,0.1013689711689949,0.93113774061203,0.8272654414176941
YDR170C,YHR079C-A,0,-0.7343343,0.10135795921087265,0.93113774061203,0.8273654580116272
YNL284C-B,YPL076W,0,-0.73459244,0.1013469472527504,0.93113774061203,0.8274654746055603
YDR045C,YGR027W-A,0,-0.7351103,0.10133594274520874,0.93113774061203,0.8275654911994934
YMR065W,YMR231W,0,-0.7351414,0.10132493823766708,0.93113774061203,0.8276655077934265
YDL047W,YGR027W-A,0,-0.7351673,0.10131393373012543,0.93113774061203,0.8277655243873596
YPL257W-B,YNL316C,0,-0.73525274,0.10130292922258377,0.93113774061203,0.8278656005859375
YNR060W,YML093W,0,-0.7353225,0.10129193216562271,0.93113774061203,0.8279656171798706
YBR075W,YLR390W,0,-0.73544943,0.10128093510866165,0.93113774061203,0.8280656337738037
YPL060C-A,YPL138C,0,-0.73569584,0.10126994550228119,0.93113774061203,0.8281656503677368
YPR007C,YJL034W,0,-0.7358156,0.10125895589590073,0.93113774061203,0.8282656669616699
YCR034W,YCL060C,0,-0.73629653,0.10124796628952026,0.93113774061203,0.828365683555603
YNL288W,YFL062W,0,-0.7363791,0.1012369766831398,0.93113774061203,0.8284657001495361
YDR306C,YMR225C,0,-0.7364695,0.10122599452733994,0.93113774061203,0.8285657167434692
YDR079C-A,YKL071W,0,-0.73721504,0.10121501237154007,0.93113774061203,0.8286657333374023
YBR243C,YEL018W,0,-0.7380377,0.1012040376663208,0.93113774061203,0.8287657499313354
YNR074C,YPL060C-A,0,-0.73821676,0.10119305551052094,0.93113774061203,0.8288657665252686
YHR042W,YMR091C,0,-0.7384024,0.10118208080530167,0.93113774061203,0.8289657831192017
YCL018W,YPR033C,0,-0.73848593,0.101171113550663,0.93113774061203,0.8290657997131348
YOL064C,YOR297C,1,-0.7390047,0.10126856714487076,0.9321357011795044,0.8290657997131348
YPR162C,YDR337W,0,-0.7393222,0.10125759243965149,0.9321357011795044,0.8291658163070679
YPL124W,YOR004W,0,-0.73938406,0.10124661028385162,0.9321357011795044,0.829265832901001
YDL098C,YJL191W,0,-0.7395441,0.10123563557863235,0.9321357011795044,0.8293658494949341
YPL011C,YML025C,0,-0.7395795,0.10122466832399368,0.9321357011795044,0.8294658660888672
YLR367W,YLR190W,0,-0.7396941,0.10121370106935501,0.9321357011795044,0.8295659422874451
YER149C,YPR006C,0,-0.7400769,0.10120273381471634,0.9321357011795044,0.8296659588813782
YOR065W,YJL021C,0,-0.7401023,0.10119176656007767,0.9321357011795044,0.8297659754753113
YLR143W,YGL241W,0,-0.74011236,0.10118080675601959,0.9321357011795044,0.8298659920692444
YOR022C,YPL108W,0,-0.7401873,0.10116984695196152,0.9321357011795044,0.8299660086631775
YOL103W-B,YER005W,0,-0.7402314,0.10115888714790344,0.9321357011795044,0.8300660252571106
YPR086W,YLR227W-B,0,-0.74068326,0.10114793479442596,0.9321357011795044,0.8301660418510437
YER019C-A,YHR061C,0,-0.7407607,0.10113698244094849,0.9321357011795044,0.8302660584449768
YKR022C,YDR189W,0,-0.7410054,0.10112603008747101,0.9321357011795044,0.8303660750389099
YCL036W,YBR061C,0,-0.7412481,0.10111507773399353,0.9321357011795044,0.830466091632843
YDR006C,YDR210W-A,0,-0.741492,0.10110413283109665,0.9321357011795044,0.8305661082267761
YOR188W,YGL145W,0,-0.74150616,0.10109319537878036,0.9321357011795044,0.8306661248207092
YDR165W,YDL145C,0,-0.74161494,0.10108225047588348,0.9321357011795044,0.8307661414146423
YGR140W,YOR237W,0,-0.741725,0.1010713130235672,0.9321357011795044,0.8308661580085754
YJL196C,YDR210W-A,0,-0.7418835,0.10106037557125092,0.9321357011795044,0.8309661746025085
YGL030W,YJR053W,0,-0.74198616,0.10104944556951523,0.9321357011795044,0.8310661911964417
YHR113W,YDR500C,0,-0.7421569,0.10103850811719894,0.9321357011795044,0.8311662077903748
YOR189W,YOL142W,0,-0.74236387,0.10102758556604385,0.9321357011795044,0.8312662243843079
YDR292C,YNL103W,0,-0.7423651,0.10101665556430817,0.9321357011795044,0.8313663005828857
YCL003W,YBL051C,0,-0.74267423,0.10100573301315308,0.9321357011795044,0.8314663171768188
YDR496C,YDR349C,0,-0.742828,0.10099481046199799,0.9321357011795044,0.831566333770752
YGR038C-B,YHR066W,0,-0.74352217,0.1009838879108429,0.9321357011795044,0.8316663503646851
YJL184W,YOR047C,1,-0.7436136,0.10108108073472977,0.9331337213516235,0.8316663503646851
YOR335C,YOR196C,0,-0.74370617,0.10107015818357468,0.9331337213516235,0.8317663669586182
YMR117C,YPL257W-B,0,-0.7440338,0.10105922818183899,0.9331337213516235,0.8318663835525513
YDL052C,YGR027W-A,0,-0.74406326,0.1010483056306839,0.9331337213516235,0.8319664001464844
YGL130W,YDR261C-C,0,-0.74462426,0.1010373905301094,0.9331337213516235,0.8320664167404175
YOL102C,YLR190W,0,-0.74494404,0.10102647542953491,0.9331337213516235,0.8321664333343506
YPL112C,YDR261C-D,0,-0.74513674,0.10101556032896042,0.9331337213516235,0.8322664499282837
YPR158W-A,YLR213C,0,-0.7454525,0.10100464522838593,0.9331337213516235,0.8323664665222168
YHR056C,YER137C-A,0,-0.7456256,0.10099373757839203,0.9331337213516235,0.8324664831161499
YDR138W,YMR008C,0,-0.7457387,0.10098282992839813,0.9331337213516235,0.832566499710083
YGR280C,YDR191W,0,-0.7463013,0.10097192227840424,0.9331337213516235,0.8326665163040161
YGR109W-B,YLR298C,0,-0.74656487,0.10096102207899094,0.9331337213516235,0.8327665328979492
YGR271W,YDR210C-D,0,-0.7466681,0.10095012187957764,0.9331337213516235,0.8328665494918823
YNL284C-B,YER142C,0,-0.74680364,0.10093922168016434,0.9331337213516235,0.8329665660858154
YDR291W,YPL138C,0,-0.74704856,0.10092832148075104,0.9331337213516235,0.8330666422843933
YJR063W,YOR343W-B,0,-0.7471187,0.10091742873191833,0.9331337213516235,0.8331666588783264
YHR134W,YOR159C,0,-0.747676,0.10090654343366623,0.9331337213516235,0.8332666754722595
YBR018C,YDL178W,0,-0.7478427,0.10089565068483353,0.9331337213516235,0.8333666920661926
YDR020C,YOR118W,0,-0.7478878,0.10088476538658142,0.9331337213516235,0.8334667086601257
YDR367W,YDR451C,0,-0.74811774,0.10087388008832932,0.9331337213516235,0.8335667252540588
YHR072W-A,YDL207W,0,-0.7482107,0.1008630022406578,0.9331337213516235,0.8336667418479919
YGR177C,YDR292C,0,-0.7482196,0.1008521169424057,0.9331337213516235,0.833766758441925
YLL034C,YDR461W,0,-0.7484133,0.10084123909473419,0.9331337213516235,0.8338667750358582
YBL002W,YCL062W,0,-0.7486591,0.10083036869764328,0.9331337213516235,0.8339667916297913
YPR112C,YCR060W,0,-0.74871635,0.10081949830055237,0.9331337213516235,0.8340668082237244
YML033W,YLR390W,0,-0.7497531,0.10080862790346146,0.9331337213516235,0.8341668248176575
YDL175C,YHR056C,0,-0.751268,0.10079775750637054,0.9331337213516235,0.8342668414115906
YJL111W,YGR161W-A,0,-0.75129265,0.10078689455986023,0.9331337213516235,0.8343668580055237
YNL107W,YGR109W-A,0,-0.7516271,0.10077603161334991,0.9331337213516235,0.8344668745994568
YPR158C-C,YDR261C,0,-0.7519311,0.1007651686668396,0.9331337213516235,0.8345668911933899
YBR239C,YNL197C,0,-0.7521394,0.10075431317090988,0.9331337213516235,0.834666907787323
YDR408C,YDR233C,0,-0.7524075,0.10074345767498016,0.9331337213516235,0.8347669243812561
YLR256W,YOR234C,0,-0.75296247,0.10073260217905045,0.9331337213516235,0.834867000579834
YIL142W,YOR324C,0,-0.7532532,0.10072174668312073,0.9331337213516235,0.8349670171737671
YIL096C,YGR084C,0,-0.7533219,0.1007108986377716,0.9331337213516235,0.8350670337677002
YKL082C,YIL082W-A,0,-0.7538148,0.10070005059242249,0.9331337213516235,0.8351670503616333
YER016W,YPL128C,0,-0.75413454,0.10068920999765396,0.9331337213516235,0.8352670669555664
YHR139C,YGL079W,0,-0.7545433,0.10067836940288544,0.9331337213516235,0.8353670835494995
YKL097W-A,YJL092W,0,-0.7545548,0.10066752880811691,0.9331337213516235,0.8354671001434326
YKL130C,YER166W,0,-0.75460124,0.10065668821334839,0.9331337213516235,0.8355671167373657
YBL101W-B,YPR046W,0,-0.75496954,0.10064585506916046,0.9331337213516235,0.8356671333312988
YDR343C,YLR340W,0,-0.7550396,0.10063502192497253,0.9331337213516235,0.8357671499252319
YBR106W,YJL104W,0,-0.75516087,0.1006241962313652,0.9331337213516235,0.835867166519165
YDR076W,YBR090C-A,0,-0.7559111,0.10061336308717728,0.9331337213516235,0.8359671831130981
YDR452W,YDR316W-B,0,-0.7565962,0.10060253739356995,0.9331337213516235,0.8360671997070312
YDR210C-C,YEL041W,0,-0.75671184,0.10059171915054321,0.9331337213516235,0.8361672163009644
YBR182C,YJL184W,1,-0.75731903,0.10068846493959427,0.9341317415237427,0.8361672163009644
YOR343W-B,YLR138W,0,-0.757354,0.10067763924598694,0.9341317415237427,0.8362672328948975
YDR482C,YLR128W,0,-0.7577083,0.10066681355237961,0.9341317415237427,0.8363672494888306
YPL129W,YOL029C,0,-0.7577155,0.10065598785877228,0.9341317415237427,0.8364672660827637
YOR022C,YLR093C,0,-0.7578102,0.10064516216516495,0.9341317415237427,0.8365673422813416
YCL029C,YDR261W-A,0,-0.7579819,0.10063434392213821,0.9341317415237427,0.8366673588752747
YER048C,YER094C,0,-0.75830173,0.10062351822853088,0.9341317415237427,0.8367673754692078
YLR002C,YGL017W,0,-0.7583219,0.10061270743608475,0.9341317415237427,0.8368673920631409
YMR231W,YDR206W,0,-0.759462,0.10060188919305801,0.9341317415237427,0.836967408657074
YPL167C,YNL054W-A,0,-0.7595016,0.10059107840061188,0.9341317415237427,0.8370674252510071
YJR120W,YHR020W,0,-0.75975245,0.10058026760816574,0.9341317415237427,0.8371674418449402
YMR145C,YNL054W-A,0,-0.75992393,0.1005694642663002,0.9341317415237427,0.8372674584388733
YDR498C,YER137C-A,0,-0.7599482,0.10055866092443466,0.9341317415237427,0.8373674750328064
YLR117C,YMR112C,0,-0.7600358,0.10054785758256912,0.9341317415237427,0.8374674916267395
YML069W,YDL155W,0,-0.76053977,0.10053705424070358,0.9341317415237427,0.8375675082206726
YGL111W,YDR109C,0,-0.76081115,0.10052625834941864,0.9341317415237427,0.8376675248146057
YOR293W,YPL244C,0,-0.7611269,0.1005154624581337,0.9341317415237427,0.8377675414085388
YGL083W,YPR158W-A,0,-0.76116043,0.10050467401742935,0.9341317415237427,0.8378675580024719
YKL077W,YHR183W,0,-0.7611766,0.10049387812614441,0.9341317415237427,0.837967574596405
YKL046C,YLR222C,0,-0.76121575,0.10048308968544006,0.9341317415237427,0.8380675911903381
YPL253C,YNR051C,0,-0.7613047,0.10047230869531631,0.9341317415237427,0.8381676077842712
YGR038C-B,YML064C,0,-0.76131976,0.10046152025461197,0.9341317415237427,0.8382676243782043
YBR068C,YER003C,0,-0.7613725,0.10045073926448822,0.9341317415237427,0.8383677005767822
YDR210W-A,YBR274W,0,-0.76166314,0.10043995827436447,0.9341317415237427,0.8384677171707153
YER015W,YOR187W,0,-0.761809,0.10042918473482132,0.9341317415237427,0.8385677337646484
YKR080W,YLR020C,0,-0.7620988,0.10041841119527817,0.9341317415237427,0.8386677503585815
YJR078W,YDR365W-B,0,-0.7623152,0.10040763765573502,0.9341317415237427,0.8387677669525146
YJR067C,YOR142W-B,0,-0.76246345,0.10039687156677246,0.9341317415237427,0.8388677835464478
YLR227W-B,YBR126C,0,-0.7625123,0.10038609802722931,0.9341317415237427,0.8389678001403809
YPR171W,YOR043W,1,-0.76313305,0.10048257559537888,0.9351297616958618,0.8389678001403809
YGL208W,YDR261C-D,0,-0.76327705,0.10047180205583572,0.9351297616958618,0.839067816734314
YKR044W,YDL105W,0,-0.7639741,0.10046102851629257,0.9351297616958618,0.8391678333282471
YLR227W-B,YER046W,0,-0.7641287,0.10045025497674942,0.9351297616958618,0.8392678499221802
YDL178W,YML025C,0,-0.7653832,0.10043948888778687,0.9351297616958618,0.8393678665161133
YLR077W,YDR261C-D,0,-0.7657893,0.10042872279882431,0.9351297616958618,0.8394678831100464
YKR083C,YJL012C,0,-0.765915,0.10041796416044235,0.9351297616958618,0.8395678997039795
YML075C,YLR388W,0,-0.76608074,0.1004071980714798,0.9351297616958618,0.8396679162979126
YGL012W,YBR004C,0,-0.7661176,0.10039643943309784,0.9351297616958618,0.8397679328918457
YKL055C,YJL184W,0,-0.7661494,0.10038568824529648,0.9351297616958618,0.8398679494857788
YLR174W,YDR098C-A,0,-0.76615834,0.10037492960691452,0.9351297616958618,0.8399679660797119
YKL009W,YLL002W,0,-0.7663874,0.10036417841911316,0.9351297616958618,0.8400680422782898
YOL121C,YIL016W,0,-0.7664579,0.1003534346818924,0.9351297616958618,0.8401680588722229
YBR091C,YCL060C,0,-0.76649714,0.10034268349409103,0.9351297616958618,0.840268075466156
YDL003W,YDR098C-A,0,-0.7666631,0.10033193975687027,0.9351297616958618,0.8403680920600891
YKL027W,YER151C,0,-0.7667321,0.1003211960196495,0.9351297616958618,0.8404681086540222
YPR158C-C,YKR010C,0,-0.7669497,0.10031045973300934,0.9351297616958618,0.8405681252479553
YOR095C,YCR073C,0,-0.7670857,0.10029972344636917,0.9351297616958618,0.8406681418418884
YHR148W,YBR238C,0,-0.7673082,0.100288987159729,0.9351297616958618,0.8407681584358215
YCL025C,YHR143W-A,0,-0.76736,0.10027825087308884,0.9351297616958618,0.8408681750297546
YER118C,YPL063W,0,-0.7677275,0.10026752203702927,0.9351297616958618,0.8409681916236877
YDL010W,YIL159W,1,-0.76780313,0.10036379098892212,0.9361277222633362,0.8409681916236877
YGL167C,YDR034C-D,0,-0.76781994,0.10035305470228195,0.9361277222633362,0.8410682082176208
YKL112W,YFL023W,0,-0.7678275,0.10034231841564178,0.9361277222633362,0.841168224811554
YFL054C,YDR384C,0,-0.7679306,0.10033158957958221,0.9361277222633362,0.8412682414054871
YJL130C,YHR134W,0,-0.7686417,0.10032085329294205,0.9361277222633362,0.8413682579994202
YDR419W,YPL233W,0,-0.76875347,0.10031012445688248,0.9361277222633362,0.8414682745933533
YPL200W,YIL177C,0,-0.7689054,0.1002994030714035,0.9361277222633362,0.8415682911872864
YNL182C,YGR027W-A,0,-0.7690161,0.10028867423534393,0.9361277222633362,0.8416683077812195
YGL220W,YBL042C,0,-0.76992995,0.10027795284986496,0.9361277222633362,0.8417683243751526
YNL075W,YCL018W,0,-0.77040464,0.10026723891496658,0.9361277222633362,0.8418684005737305
YDR323C,YPR137C-A,0,-0.77112377,0.10025651752948761,0.9361277222633362,0.8419684171676636
YDR098C-B,YNR071C,0,-0.7711319,0.10024580359458923,0.9361277222633362,0.8420684337615967
YGR038C-B,YOR086C,0,-0.7711692,0.10023508965969086,0.9361277222633362,0.8421684503555298
YKR101W,YGR179C,0,-0.7711793,0.10022438317537308,0.9361277222633362,0.8422684669494629
YMR146C,YNL304W,0,-0.77184284,0.1002136766910553,0.9361277222633362,0.842368483543396
YJR064W,YNL023C,0,-0.7720139,0.10020297020673752,0.9361277222633362,0.8424685001373291
YGR027C,YCR097WB,0,-0.7721189,0.10019226372241974,0.9361277222633362,0.8425685167312622
YGL046W,YGR165W,0,-0.7722067,0.10018156468868256,0.9361277222633362,0.8426685333251953
YDR045C,YHR020W,0,-0.7728045,0.10017086565494537,0.9361277222633362,0.8427685499191284
YPL117C,YNL132W,0,-0.7729253,0.10016017407178879,0.9361277222633362,0.8428685665130615
YML045W-A,YKR052C,0,-0.7732935,0.1001494750380516,0.9361277222633362,0.8429685831069946
YML065W,YMR168C,0,-0.7737069,0.10013878345489502,0.9361277222633362,0.8430685997009277
YDR210W-A,YML107C,0,-0.77389383,0.10012809932231903,0.9361277222633362,0.8431686162948608
YLR310C,YKL196C,0,-0.77420676,0.10011740773916245,0.9361277222633362,0.843268632888794
YBL092W,YPL126W,0,-0.7748452,0.10010672360658646,0.9361277222633362,0.843368649482727
YCR003W,YAL059W,0,-0.7749195,0.10009603947401047,0.9361277222633362,0.8434686660766602
YDL079C,YNR037C,0,-0.7749673,0.10008536279201508,0.9361277222633362,0.843568742275238
YPR158W-B,YEL043W,0,-0.77497053,0.10007468611001968,0.9361277222633362,0.8436687588691711
YAL047C,YDL045W-A,0,-0.7752267,0.10006400942802429,0.9361277222633362,0.8437687754631042
YLR389C,YER138C,0,-0.77524203,0.1000533327460289,0.9361277222633362,0.8438687920570374
YKR057W,YOL154W,0,-0.7753103,0.1000426635146141,0.9361277222633362,0.8439688086509705
YLR060W,YGR161C-D,0,-0.7753331,0.10003199428319931,0.9361277222633362,0.8440688252449036
YOR236W,YOR026W,0,-0.77543974,0.10002132505178452,0.9361277222633362,0.8441688418388367
YFL035C,YDR302W,0,-0.7754792,0.10001066327095032,0.9361277222633362,0.8442688584327698
YJL187C,YER127W,0,-0.7755666,0.10000000149011612,0.9361277222633362,0.8443688750267029
YLR141W,YGR221C,0,-0.77584547,0.09998933970928192,0.9361277222633362,0.844468891620636
YML022W,YLR175W,0,-0.77601165,0.09997868537902832,0.9361277222633362,0.8445689082145691
YOL103W-B,YNL252C,0,-0.7762074,0.09996802359819412,0.9361277222633362,0.8446689248085022
YOR367W,YIL159W,1,-0.7768315,0.10006393492221832,0.9371257424354553,0.8446689248085022
YMR218C,YDR419W,0,-0.77692103,0.10005327314138412,0.9371257424354553,0.8447689414024353
YPR171W,YPR075C,1,-0.77703685,0.10014915466308594,0.9381237626075745,0.8447689414024353
YGR098C,YDR210W-A,0,-0.77723074,0.10013849288225174,0.9381237626075745,0.8448689579963684
YKR080W,YGR109W-B,0,-0.77731717,0.10012782365083694,0.9381237626075745,0.8449689745903015
YBR098W,YGR038C-A,0,-0.77745956,0.10011716187000275,0.9381237626075745,0.8450689911842346
YDL235C,YPL208W,0,-0.7775878,0.10010649263858795,0.9381237626075745,0.8451690077781677
YPL257W-B,YLR262C,0,-0.7776619,0.10009583830833435,0.9381237626075745,0.8452690243721008
YML045W-A,YOR294W,0,-0.7780134,0.10008517652750015,0.9381237626075745,0.8453691005706787
YGR038C-A,YGL033W,0,-0.77851415,0.10007452219724655,0.9381237626075745,0.8454691171646118
YLR421C,YMR091C,0,-0.77909535,0.10006386786699295,0.9381237626075745,0.8455691337585449
YPR173C,YOR101W,0,-0.7794986,0.10005322098731995,0.9381237626075745,0.845669150352478
YJR017C,YGR192C,0,-0.7799008,0.10004257410764694,0.9381237626075745,0.8457691669464111
YJL216C,YDR210C-C,0,-0.78021514,0.10003192722797394,0.9381237626075745,0.8458691835403442
YPL118W,YOR142W,0,-0.7808314,0.10002128034830093,0.9381237626075745,0.8459692001342773
YDR034C-D,YGL044C,0,-0.7817688,0.10001064091920853,0.9381237626075745,0.8460692167282104
YER028C,YER137C-A,0,-0.7819226,0.10000000149011612,0.9381237626075745,0.8461692333221436
YNL190W,YER089C,1,-0.7820902,0.100095734000206,0.9391217827796936,0.8461692333221436
YKR055W,YGR095C,0,-0.7826817,0.10008508712053299,0.9391217827796936,0.8462692499160767
YLR431C,YHR169W,0,-0.78276503,0.10007444769144058,0.9391217827796936,0.8463692665100098
YLR227W-A,YPL012W,0,-0.78315926,0.10006380081176758,0.9391217827796936,0.8464692831039429
YDR245W,YKL040C,0,-0.7832207,0.10005316138267517,0.9391217827796936,0.846569299697876
YJL091C,YCR080W,0,-0.7838306,0.10004252940416336,0.9391217827796936,0.8466693162918091
YGL148W,YER090W,0,-0.7840704,0.10003188997507095,0.9391217827796936,0.8467693328857422
YER028C,YLR369W,0,-0.78444564,0.10002125799655914,0.9391217827796936,0.8468693494796753
YOL034W,YBR043C,0,-0.784509,0.10001062601804733,0.9391217827796936,0.8469693660736084
YPR158W-B,YPL042C,0,-0.78477854,0.10000000149011612,0.9391217827796936,0.8470694422721863
YLR157C-A,YPR082C,0,-0.7852556,0.0999893769621849,0.9391217827796936,0.8471694588661194
YJL178C,YPL018W,0,-0.78542775,0.09997875243425369,0.9391217827796936,0.8472694754600525
YLR410W-B,YBR052C,0,-0.7857349,0.09996812790632248,0.9391217827796936,0.8473694920539856
YER160C,YDR365W-A,0,-0.7859232,0.09995751082897186,0.9391217827796936,0.8474695086479187
YER165W,YDL093W,0,-0.7859609,0.09994689375162125,0.9391217827796936,0.8475695252418518
YGL203C,YMR207C,0,-0.78614175,0.09993627667427063,0.9391217827796936,0.8476695418357849
YGR036C,YGL017W,0,-0.78664374,0.09992566704750061,0.9391217827796936,0.847769558429718
YPL137C,YIL130W,0,-0.78675646,0.09991505742073059,0.9391217827796936,0.8478695750236511
YDL235C,YDR206W,0,-0.7868453,0.09990444779396057,0.9391217827796936,0.8479695916175842
YDR210C-C,YPL252C,0,-0.78699535,0.09989384561777115,0.9391217827796936,0.8480696082115173
YMR213W,YPL257W-B,0,-0.7870616,0.09988323599100113,0.9391217827796936,0.8481696248054504
YDR025W,YCR052W,0,-0.7876364,0.0998726412653923,0.9391217827796936,0.8482696413993835
YOL057W,YGR085C,0,-0.7877127,0.09986203908920288,0.9391217827796936,0.8483696579933167
YLL032C,YOL146W,0,-0.78814477,0.09985144436359406,0.9391217827796936,0.8484696745872498
YPR158W-B,YBR146W,0,-0.7881636,0.09984084963798523,0.9391217827796936,0.8485696911811829
YDR350C,YDR210W-A,0,-0.78857404,0.0998302549123764,0.9391217827796936,0.848669707775116
YLR256W-A,YDR522C,0,-0.78919953,0.09981966763734818,0.9391217827796936,0.8487697243690491
YER100W,YDR353W,0,-0.78993124,0.09980908036231995,0.9391217827796936,0.848869800567627
YCR055C,YGR140W,0,-0.79017234,0.09979849308729172,0.9391217827796936,0.8489698171615601
YLR227W-B,YHR039C-A,0,-0.79031307,0.09978791326284409,0.9391217827796936,0.8490698337554932
YDR316W-B,YIR039C,0,-0.7907413,0.09977733343839645,0.9391217827796936,0.8491698503494263
YIL052C,YNL284C-A,0,-0.7911083,0.09976675361394882,0.9391217827796936,0.8492698669433594
YBR129C,YNL307C,0,-0.79113704,0.09975617378950119,0.9391217827796936,0.8493698835372925
YPR135W,YGL245W,0,-0.7911878,0.09974560141563416,0.9391217827796936,0.8494699001312256
YIL048W,YHR119W,0,-0.79124725,0.09973502904176712,0.9391217827796936,0.8495699167251587
YGL169W,YLR319C,0,-0.7919242,0.09972445666790009,0.9391217827796936,0.8496699333190918
YNL297C,YNL032W,0,-0.79209876,0.09971389174461365,0.9391217827796936,0.8497699499130249
YJL054W,YOR133W,0,-0.79249835,0.09970332682132721,0.9391217827796936,0.849869966506958
YBR115C,YNL286W,0,-0.7926156,0.09969276189804077,0.9391217827796936,0.8499699831008911
YDR153C,YDL081C,0,-0.79295075,0.09968220442533493,0.9391217827796936,0.8500699996948242
YOL111C,YLR227W-A,0,-0.7930723,0.09967164695262909,0.9391217827796936,0.8501700162887573
YLR435W,YOR251C,0,-0.79347885,0.09966108947992325,0.9391217827796936,0.8502700328826904
YBR162C,YMR050C,0,-0.79358774,0.09965053200721741,0.9391217827796936,0.8503700494766235
YBR084C-A,YDR173C,0,-0.7936868,0.09963998198509216,0.9391217827796936,0.8504700660705566
YGR155W,YDR365W-A,0,-0.79420877,0.09962943196296692,0.9391217827796936,0.8505701422691345
YIL016W,YOR038C,0,-0.7945646,0.09961888939142227,0.9391217827796936,0.8506701588630676
YER168C,YLR333C,0,-0.7946938,0.09960833936929703,0.9391217827796936,0.8507701754570007
YKL006W,YDR365W-B,0,-0.7949622,0.09959779679775238,0.9391217827796936,0.8508701920509338
YKL008C,YHR148W,0,-0.7954312,0.09958725422620773,0.9391217827796936,0.8509702086448669
YOR361C,YOR274W,0,-0.79549843,0.09957671910524368,0.9391217827796936,0.8510702252388
YMR288W,YDR261W-A,0,-0.795545,0.09956618398427963,0.9391217827796936,0.8511702418327332
YGR172C,YBL101W-B,0,-0.79585075,0.09955564886331558,0.9391217827796936,0.8512702584266663
YIL137C,YNR051C,0,-0.7960835,0.09954512119293213,0.9391217827796936,0.8513702750205994
YNL192W,YFR024C,0,-0.7961017,0.09953458607196808,0.9391217827796936,0.8514702916145325
YDR098C,YNL271C,0,-0.79636943,0.09952405840158463,0.9391217827796936,0.8515703082084656
YJR131W,YER176W,0,-0.7966081,0.09951353818178177,0.9391217827796936,0.8516703248023987
YDR261C-C,YOR001W,0,-0.7966305,0.09950301051139832,0.9391217827796936,0.8517703413963318
YBL113C,YPL161C,0,-0.7970319,0.09949249029159546,0.9391217827796936,0.8518703579902649
YKL046C,YDR452W,0,-0.79733807,0.0994819775223732,0.9391217827796936,0.851970374584198
YDR127W,YMR274C,0,-0.7975394,0.09947145730257034,0.9391217827796936,0.8520703911781311
YKR035W-A,YJR095W,0,-0.79782116,0.09946094453334808,0.9391217827796936,0.8521704077720642
YOL103W-A,YIL147C,0,-0.7979329,0.09945043176412582,0.9391217827796936,0.8522704243659973
YHL017W,YNL054W-A,0,-0.79811156,0.09943992644548416,0.9391217827796936,0.8523705005645752
YJL018W,YBR236C,0,-0.7982446,0.0994294136762619,0.9391217827796936,0.8524705171585083
YJR051W,YPL053C,0,-0.7982644,0.09941890835762024,0.9391217827796936,0.8525705337524414
YKL087C,YGR038C-B,0,-0.7986523,0.09940841048955917,0.9391217827796936,0.8526705503463745
YBR154C,YOL020W,0,-0.7986952,0.09939790517091751,0.9391217827796936,0.8527705669403076
YNL245C,YGR038C-A,0,-0.79875803,0.09938740730285645,0.9391217827796936,0.8528705835342407
YLR447C,YDR365W-B,0,-0.79904795,0.09937691688537598,0.9391217827796936,0.8529706001281738
YJL047C,YCL020W,0,-0.7991656,0.09936641901731491,0.9391217827796936,0.8530706167221069
YFL018W-A,YKL008C,0,-0.79926413,0.09935592859983444,0.9391217827796936,0.85317063331604
YBL005W-A,YOR343C-A,0,-0.79926413,0.09934543818235397,0.9391217827796936,0.8532706499099731
YFL035C-B,YNL270C,0,-0.79926413,0.0993349552154541,0.9391217827796936,0.8533706665039062
YJL133C-A,YDR416W,0,-0.79926413,0.09932446479797363,0.9391217827796936,0.8534706830978394
YMR001C,YLR154W-C,0,-0.79926413,0.09931398183107376,0.9391217827796936,0.8535706996917725
YFR031C-A,YBR111W-A,0,-0.79926413,0.09930350631475449,0.9391217827796936,0.8536707162857056
YOR343C-B,YGR003W,0,-0.79926413,0.09929302334785461,0.9391217827796936,0.8537707328796387
YJL012C-A,YGL181W,0,-0.79926413,0.09928254783153534,0.9391217827796936,0.8538707494735718
YCL027C-A,YLR061W,0,-0.79926413,0.09927207231521606,0.9391217827796936,0.8539707660675049
YFL018W-A,YDR291W,0,-0.79926413,0.09926160424947739,0.9391217827796936,0.8540708422660828
YLR337W,YKR072C,1,-0.79926413,0.09935660660266876,0.940119743347168,0.8540708422660828
YLR391W-A,YLR384C,0,-0.79926413,0.09934613108634949,0.940119743347168,0.8541708588600159
YER014C-A,YNL024C-A,0,-0.79926413,0.09933565557003021,0.940119743347168,0.854270875453949
YKL014C,YCR097WB,0,-0.79926413,0.09932518005371094,0.940119743347168,0.8543708920478821
YBL029C-A,YNR075W,0,-0.79926413,0.09931470453739166,0.940119743347168,0.8544709086418152
YBL008W-A,YDL243C,0,-0.79926413,0.09930423647165298,0.940119743347168,0.8545709252357483
YNL284C,YKR095W-A,0,-0.79926413,0.0992937684059143,0.940119743347168,0.8546709418296814
YBR200W-A,YER063W,0,-0.79926413,0.09928330779075623,0.940119743347168,0.8547709584236145
YDR014W-A,YGR247W,0,-0.79926413,0.09927283972501755,0.940119743347168,0.8548709750175476
YOR343C-B,YDR034C-D,0,-0.79926413,0.09926237910985947,0.940119743347168,0.8549709916114807
YCL027C-A,YNL121C,0,-0.79926413,0.09925192594528198,0.940119743347168,0.8550710082054138
YNL309W,YBR111W-A,0,-0.79926413,0.0992414653301239,0.940119743347168,0.8551710247993469
YCR058C,YJL171C,0,-0.79926413,0.09923101216554642,0.940119743347168,0.85527104139328
YDL134C-A,YML010W,0,-0.79926413,0.09922055900096893,0.940119743347168,0.8553710579872131
YLR034C,YLR154W-C,0,-0.79926413,0.09921011328697205,0.940119743347168,0.8554710745811462
YLR337W,YER089C,1,-0.79926413,0.09930497407913208,0.9411177635192871,0.8554710745811462
YNL241C,YDR210W-D,0,-0.79926413,0.099294513463974,0.9411177635192871,0.8555710911750793
YFL035C-A,YOL012C,0,-0.79926413,0.09928406029939651,0.9411177635192871,0.8556711077690125
YOL086W-A,YLR007W,0,-0.79926413,0.09927360713481903,0.9411177635192871,0.8557711839675903
YDR079C-A,YGR038C-B,0,-0.79926413,0.09926316142082214,0.9411177635192871,0.8558712005615234
YFL018W-A,YKR029C,0,-0.79926413,0.09925270825624466,0.9411177635192871,0.8559712171554565
YNL138W-A,YDR009W,0,-0.79926413,0.09924226254224777,0.9411177635192871,0.8560712337493896
YLR391W-A,YBR023C,0,-0.79926413,0.09923182427883148,0.9411177635192871,0.8561712503433228
YDR200C,YMR268W-A,0,-0.79926413,0.0992213785648346,0.9411177635192871,0.8562712669372559
YBR111W-A,YHR020W,0,-0.79926413,0.0992109403014183,0.9411177635192871,0.856371283531189
YNL138W-A,YOL101C,0,-0.79926413,0.09920050203800201,0.9411177635192871,0.8564713001251221
YJL012C-A,YBR171W,0,-0.79926413,0.09919007122516632,0.9411177635192871,0.8565713167190552
YNL138W-A,YMR237W,0,-0.79926413,0.09917964041233063,0.9411177635192871,0.8566713333129883
YDR287W,YMR268W-A,0,-0.79926413,0.09916920959949493,0.9411177635192871,0.8567713499069214
YFL035C-B,YBR171W,0,-0.79926413,0.09915877878665924,0.9411177635192871,0.8568713665008545
YIL017W,YKR095W-A,0,-0.79926413,0.09914835542440414,0.9411177635192871,0.8569713830947876
YOL086W-A,YDL035C,0,-0.79926413,0.09913793206214905,0.9411177635192871,0.8570713996887207
YML086C,YCR080W,0,-0.79926413,0.09912750869989395,0.9411177635192871,0.8571714162826538
YER159C,YBR200W-A,0,-0.79926413,0.09911709278821945,0.9411177635192871,0.8572714328765869
YJL118W,YFL035C-B,0,-0.79926413,0.09910667687654495,0.9411177635192871,0.85737144947052
YNL024C-A,YLR369W,0,-0.79926413,0.09909626096487045,0.9411177635192871,0.8574714660644531
YFL018W-A,YKL087C,0,-0.79926413,0.09908584505319595,0.9411177635192871,0.857571542263031
YCR055C,YBL100W-B,0,-0.79926413,0.09907543659210205,0.9411177635192871,0.8576715588569641
YOL103W-A,YOR088W,0,-0.79926413,0.09906502813100815,0.9411177635192871,0.8577715754508972
YFL035C-B,YIL068C,0,-0.79926413,0.09905461966991425,0.9411177635192871,0.8578715920448303
YIL142W,YGL210W-A,0,-0.79926413,0.09904421865940094,0.9411177635192871,0.8579716086387634
YDR014W-A,YGR258C,0,-0.79926413,0.09903381764888763,0.9411177635192871,0.8580716252326965
YOL086W-A,YPL040C,0,-0.79926413,0.09902341663837433,0.9411177635192871,0.8581716418266296
YBR081C,YER053C-A,0,-0.79926413,0.09901302307844162,0.9411177635192871,0.8582716584205627
YER053C-A,YBR088C,0,-0.79926413,0.09900262206792831,0.9411177635192871,0.8583716750144958
YOR343C-B,YLL053C,0,-0.79926413,0.0989922285079956,0.9411177635192871,0.858471691608429
YOL086W-A,YFR009W,0,-0.79926413,0.0989818423986435,0.9411177635192871,0.8585717082023621
YDR210W-C,YDL100C,0,-0.79926413,0.09897144883871078,0.9411177635192871,0.8586717247962952
YDR210W-C,YOR275C,0,-0.79926413,0.09896106272935867,0.9411177635192871,0.8587717413902283
YNL138W-A,YOR334W,0,-0.79926413,0.09895068407058716,0.9411177635192871,0.8588717579841614
YJL003W,YFL035C-B,0,-0.79926413,0.09894029796123505,0.9411177635192871,0.8589717745780945
YAR002C-A,YJL021C,0,-0.79926413,0.09892991930246353,0.9411177635192871,0.8590717911720276
YJR047C,YNL024C-A,0,-0.79926413,0.09891954064369202,0.9411177635192871,0.8591718077659607
YKL081W,YOL053C-A,0,-0.79926413,0.0989091694355011,0.9411177635192871,0.8592718839645386
YNL192W,YDR210W-C,0,-0.79926413,0.09889879077672958,0.9411177635192871,0.8593719005584717
YCL005W-A,YFR021W,0,-0.79926413,0.09888841956853867,0.9411177635192871,0.8594719171524048
YGR031C-A,YLR019W,0,-0.79926413,0.09887805581092834,0.9411177635192871,0.8595719337463379
YJL203W,YGR031C-A,0,-0.79926413,0.09886768460273743,0.9411177635192871,0.859671950340271
YKL182W,YKL097W-A,0,-0.79926413,0.0988573208451271,0.9411177635192871,0.8597719669342041
YLR154W-A,YDR322C-A,0,-0.79926413,0.09884695708751678,0.9411177635192871,0.8598719835281372
YFL035C-B,YBR254C,0,-0.79926413,0.09883660078048706,0.9411177635192871,0.8599720001220703
YLR118C,YKR099C-A,0,-0.79926413,0.09882624447345734,0.9411177635192871,0.8600720167160034
YJL012C-A,YKL129C,0,-0.79926413,0.09881588816642761,0.9411177635192871,0.8601720333099365
YKR001C,YKL138C-A,0,-0.79926413,0.09880553185939789,0.9411177635192871,0.8602720499038696
YPL275W,YDR210W-C,0,-0.79926413,0.09879518300294876,0.9411177635192871,0.8603720664978027
YPL130W,YDR210W-D,0,-0.79926413,0.09878483414649963,0.9411177635192871,0.8604720830917358
YER053C-A,YBR034C,0,-0.79926413,0.0987744852900505,0.9411177635192871,0.860572099685669
YIR011C,YOR343C-B,0,-0.79926413,0.09876413643360138,0.9411177635192871,0.860672116279602
YKL138C-A,YPL256C,0,-0.79926413,0.09875379502773285,0.9411177635192871,0.8607721328735352
YNL138W-A,YOR284W,0,-0.79926413,0.09874345362186432,0.9411177635192871,0.8608721494674683
YIL148W,YLR154W-A,0,-0.79926413,0.09873311966657639,0.9411177635192871,0.8609721660614014
YJL012C-A,YOL013C,0,-0.79926413,0.09872277826070786,0.9411177635192871,0.8610722422599792
YLL031C,YOR343C-B,0,-0.79926413,0.09871244430541992,0.9411177635192871,0.8611722588539124
YER004W,YCR070W,0,-0.79926413,0.09870211780071259,0.9411177635192871,0.8612722754478455
YDR524C-B,YNL263C,0,-0.79926413,0.09869178384542465,0.9411177635192871,0.8613722920417786
YER144C,YNL024C-A,0,-0.79926413,0.09868145734071732,0.9411177635192871,0.8614723086357117
YKR095W-A,YLR466W,0,-0.79926413,0.09867113083600998,0.9411177635192871,0.8615723252296448
YEL051W,YDR210W-D,0,-0.79926413,0.09866080433130264,0.9411177635192871,0.8616723418235779
YER053C-A,YJL214W,0,-0.79926413,0.0986504852771759,0.9411177635192871,0.861772358417511
YLR337W,YPL242C,1,-0.79926413,0.09874477237462997,0.9421157836914062,0.861772358417511
YGR031C-A,YNL030W,0,-0.79926413,0.09873443841934204,0.9421157836914062,0.8618723750114441
YLR453C,YLR391W-A,0,-0.79926413,0.0987241193652153,0.9421157836914062,0.8619723916053772
YLR182W,YLR154W-A,0,-0.79926413,0.09871379286050797,0.9421157836914062,0.8620724081993103
YDL134C-A,YGL179C,0,-0.79926413,0.09870347380638123,0.9421157836914062,0.8621724247932434
YKR002W,YCL005W-A,0,-0.79926413,0.09869315475225449,0.9421157836914062,0.8622724413871765
YFL055W,YFL011W-A,0,-0.79926413,0.09868283569812775,0.9421157836914062,0.8623724579811096
YOL148C,YFL035C-B,0,-0.79926413,0.09867251664400101,0.9421157836914062,0.8624724745750427
YOR343C-B,YER026C,0,-0.79926413,0.09866220504045486,0.9421157836914062,0.8625724911689758
YPL113C,YCL005W-A,0,-0.79926413,0.09865189343690872,0.9421157836914062,0.8626725077629089
YFL035C-A,YNL209W,0,-0.79926413,0.09864158928394318,0.9421157836914062,0.8627725839614868
YJL021C,YKL086W,0,-0.79926413,0.09863128513097763,0.9421157836914062,0.8628726005554199
YCL027C-A,YGR040W,0,-0.79926413,0.09862098097801208,0.9421157836914062,0.862972617149353
YBR200W-A,YKL213C,0,-0.79926413,0.09861067682504654,0.9421157836914062,0.8630726337432861
YDR014W-A,YOR088W,0,-0.79926413,0.098600372672081,0.9421157836914062,0.8631726503372192
YNL024C-A,YOR334W,0,-0.79926413,0.09859007596969604,0.9421157836914062,0.8632726669311523
YBL042C,YLR391W-A,0,-0.79926413,0.0985797792673111,0.9421157836914062,0.8633726835250854
YDR389W,YGR031C-A,0,-0.79926413,0.09856949001550674,0.9421157836914062,0.8634727001190186
YDR524C-B,YHR062C,0,-0.79926413,0.09855920076370239,0.9421157836914062,0.8635727167129517
YHL009W-A,YKR099C-A,0,-0.79926413,0.09854891151189804,0.9421157836914062,0.8636727333068848
YER004W,YLR391W,0,-0.79926413,0.09853862226009369,0.9421157836914062,0.8637727499008179
YKR095W-A,YNL257C,0,-0.79926413,0.09852834045886993,0.9421157836914062,0.863872766494751
YLR451W,YHR079C-B,0,-0.79926413,0.09851805120706558,0.9421157836914062,0.8639727830886841
YPR159W,YGL210W-A,0,-0.79926413,0.09850777685642242,0.9421157836914062,0.8640727996826172
YER087C-B,YDR261W-A,0,-0.79926413,0.09849749505519867,0.9421157836914062,0.8641728162765503
YIL017W,YJL012C-A,0,-0.79926413,0.09848722070455551,0.9421157836914062,0.8642728328704834
YJL186W,YDR210W-D,0,-0.79926413,0.09847694635391235,0.9421157836914062,0.8643728494644165
YFL035C-B,YOR222W,0,-0.79926413,0.0984666720032692,0.9421157836914062,0.8644728660583496
YBR112C,YER053C-A,0,-0.79926413,0.09845640510320663,0.9421157836914062,0.8645729422569275
YJL133C-A,YDR210W-D,0,-0.79926413,0.09844613820314407,0.9421157836914062,0.8646729588508606
YER019C-A,YJL133C-A,0,-0.79926413,0.09843587130308151,0.9421157836914062,0.8647729754447937
YCL005W-A,YKL039W,0,-0.79926413,0.09842560440301895,0.9421157836914062,0.8648729920387268
YJL012C-A,YOR330C,0,-0.79926413,0.09841534495353699,0.9421157836914062,0.8649730086326599
YCL033C,YKL138C-A,0,-0.79926413,0.09840508550405502,0.9421157836914062,0.865073025226593
YBR039W,YKR099C-A,0,-0.79926413,0.09839483350515366,0.9421157836914062,0.8651730418205261
YGR031C-A,YPL249C-A,0,-0.79926413,0.09838457405567169,0.9421157836914062,0.8652730584144592
YHR079C-A,YKR099C-A,0,-0.79926413,0.09837432205677032,0.9421157836914062,0.8653730750083923
YEL034W,YKL138C-A,0,-0.79926413,0.09836407005786896,0.9421157836914062,0.8654730916023254
YMR210W,YKR099C-A,0,-0.79926413,0.09835382550954819,0.9421157836914062,0.8655731081962585
YCL005W-A,YLR336C,0,-0.79926413,0.09834358096122742,0.9421157836914062,0.8656731247901917
YDL015C,YGR031C-A,0,-0.79926413,0.09833333641290665,0.9421157836914062,0.8657731413841248
YLR157C-A,YOR088W,0,-0.79926413,0.09832309186458588,0.9421157836914062,0.8658731579780579
YFL035C-A,YOR303W,0,-0.79926413,0.0983128547668457,0.9421157836914062,0.865973174571991
YCL027C-A,YGR090W,0,-0.79926413,0.09830261021852493,0.9421157836914062,0.8660731911659241
YLR154W-C,YPL042C,0,-0.79926413,0.09829238057136536,0.9421157836914062,0.8661732077598572
YOR343C-B,YIR004W,0,-0.79926413,0.09828214347362518,0.9421157836914062,0.8662732839584351
YNL138W-A,YHR066W,0,-0.79926413,0.0982719138264656,0.9421157836914062,0.8663733005523682
YLR447C,YLR154W-C,0,-0.79926413,0.09826168417930603,0.9421157836914062,0.8664733171463013
YPR106W,YCL005W-A,0,-0.79926413,0.09825145453214645,0.9421157836914062,0.8665733337402344
YGL169W,YOR343C-A,0,-0.79926413,0.09824123233556747,0.9421157836914062,0.8666733503341675
YCR080W,YNL262W,0,-0.79926413,0.0982310101389885,0.9421157836914062,0.8667733669281006
YDR524C-B,YNL079C,0,-0.79926413,0.09822078794240952,0.9421157836914062,0.8668733835220337
YFL035C-B,YNL224C,0,-0.79926413,0.09821057319641113,0.9421157836914062,0.8669734001159668
YDL134C-A,YCR083W,0,-0.79926413,0.09820035099983215,0.9421157836914062,0.8670734167098999
YCL005W-A,YPL042C,0,-0.79926413,0.09819013625383377,0.9421157836914062,0.867173433303833
YDL134C-A,YKL190W,0,-0.79926413,0.09817992895841599,0.9421157836914062,0.8672734498977661
YJL159W,YGL210W-A,0,-0.79926413,0.0981697142124176,0.9421157836914062,0.8673734664916992
YDL111C,YDR210W-D,0,-0.79926413,0.09815950691699982,0.9421157836914062,0.8674734830856323
YMR117C,YCR080W,0,-0.79926413,0.09814930707216263,0.9421157836914062,0.8675734996795654
YGR031C-A,YDL025C,0,-0.79926413,0.09813909977674484,0.9421157836914062,0.8676735162734985
YJL178C,YFL011W-A,0,-0.79926413,0.09812889993190765,0.9421157836914062,0.8677735328674316
YPR164W,YFL011W-A,0,-0.79926413,0.09811870008707047,0.9421157836914062,0.8678735494613647
YIL008W,YKR095W-A,0,-0.79926413,0.09810850024223328,0.9421157836914062,0.8679735660552979
YOL086W-A,YDR497C,0,-0.79926413,0.09809830784797668,0.9421157836914062,0.8680736422538757
YFL035C-A,YBR111W-A,0,-0.79926413,0.09808811545372009,0.9421157836914062,0.8681736588478088
YML052W,YCR055C,0,-0.79926413,0.0980779230594635,0.9421157836914062,0.8682736754417419
YDR014W-A,YBR258C,0,-0.79926413,0.09806773066520691,0.9421157836914062,0.868373692035675
YKL046C,YGR031C-A,0,-0.79926413,0.09805754572153091,0.9421157836914062,0.8684737086296082
YNL097C,YOR343C-A,0,-0.79926413,0.09804736077785492,0.9421157836914062,0.8685737252235413
YKL097W-A,YDR210W-D,0,-0.79926413,0.09803717583417892,0.9421157836914062,0.8686737418174744
YGR041W,YBR111W-A,0,-0.79926413,0.09802699834108353,0.9421157836914062,0.8687737584114075
YNL177C,YGL210W-A,0,-0.79926413,0.09801682084798813,0.9421157836914062,0.8688737750053406
YER176W,YKL138C-A,0,-0.79926413,0.09800664335489273,0.9421157836914062,0.8689737915992737
YER053C-A,YIL128W,0,-0.79926413,0.09799647331237793,0.9421157836914062,0.8690738081932068
YER040W,YJL133C-A,0,-0.79926413,0.09798629581928253,0.9421157836914062,0.8691738247871399
YCR038C,YMR268W-A,0,-0.79926413,0.09797612577676773,0.9421157836914062,0.869273841381073
YPR112C,YJL133C-A,0,-0.79926413,0.09796596318483353,0.9421157836914062,0.8693738579750061
YMR078C,YCL027C-A,0,-0.79926413,0.09795579314231873,0.9421157836914062,0.8694738745689392
YNL024C-A,YBL005W-B,0,-0.79926413,0.09794563055038452,0.9421157836914062,0.8695738911628723
YBL008W-A,YDR216W,0,-0.79926413,0.09793546795845032,0.9421157836914062,0.8696739077568054
YBL007C,YBL008W-A,0,-0.79926413,0.09792531281709671,0.9421157836914062,0.8697739839553833
YBL008W-A,YCR023C,0,-0.79926413,0.0979151576757431,0.9421157836914062,0.8698740005493164
YDR014W-A,YGR278W,0,-0.79926413,0.0979050025343895,0.9421157836914062,0.8699740171432495
YGR038C-B,YBR200W-A,0,-0.79926413,0.09789484739303589,0.9421157836914062,0.8700740337371826
YOL086W-A,YDR175C,0,-0.79926413,0.09788469225168228,0.9421157836914062,0.8701740503311157
YLR391W-A,YHL033C,0,-0.79926413,0.09787454456090927,0.9421157836914062,0.8702740669250488
YER005W,YLR154W-A,0,-0.79926413,0.09786439687013626,0.9421157836914062,0.8703740835189819
YBR188C,YDR210W-D,0,-0.79926413,0.09785425662994385,0.9421157836914062,0.870474100112915
YML022W,YDR210W-D,0,-0.79926413,0.09784411638975143,0.9421157836914062,0.8705741167068481
YOL078W,YFL011W-A,0,-0.79926413,0.09783397614955902,0.9421157836914062,0.8706741333007812
YLR154W-A,YHL011C,0,-0.79926413,0.09782383590936661,0.9421157836914062,0.8707741498947144
YJL133C-A,YOL020W,0,-0.79926413,0.0978136956691742,0.9421157836914062,0.8708741664886475
YOL053C-A,YBR107C,0,-0.79926413,0.09780356287956238,0.9421157836914062,0.8709741830825806
YPR079W,YGL210W-A,0,-0.79926413,0.09779343008995056,0.9421157836914062,0.8710741996765137
YBL008W-A,YOR028C,0,-0.79926413,0.09778330475091934,0.9421157836914062,0.8711742162704468
YFL035C-B,YOR202W,0,-0.79926413,0.09777317196130753,0.9421157836914062,0.8712742328643799
YNL048W,YBR111W-A,0,-0.79926413,0.0977630466222763,0.9421157836914062,0.871374249458313
YNL336W,YDR210W-C,0,-0.79926413,0.09775292873382568,0.9421157836914062,0.8714742660522461
YGR216C,YNL024C-A,0,-0.79926413,0.09774280339479446,0.9421157836914062,0.871574342250824
YCL027C-A,YGR192C,0,-0.79926413,0.09773268550634384,0.9421157836914062,0.8716743588447571
YNL138W-A,YLR244C,0,-0.79926413,0.09772256761789322,0.9421157836914062,0.8717743754386902
YFL035C-A,YPL057C,0,-0.79926413,0.0977124497294426,0.9421157836914062,0.8718743920326233
YMR044W,YLR154W-A,0,-0.79926413,0.09770233929157257,0.9421157836914062,0.8719744086265564
YFL035C-A,YMR091C,0,-0.79926413,0.09769222885370255,0.9421157836914062,0.8720744252204895
YOL086W-A,YIL122W,0,-0.79926413,0.09768211841583252,0.9421157836914062,0.8721744418144226
YML033W,YMR169C,0,-0.79926413,0.09767201542854309,0.9421157836914062,0.8722744584083557
YNL138W-A,YDR281C,0,-0.79926413,0.09766190499067307,0.9421157836914062,0.8723744750022888
YLR115W,YBR111W-A,0,-0.79926413,0.09765180200338364,0.9421157836914062,0.8724744915962219
YDR014W-A,YGR144W,0,-0.79926413,0.0976417064666748,0.9421157836914062,0.872574508190155
YFL018W-A,YLR367W,0,-0.79926413,0.09763160347938538,0.9421157836914062,0.8726745247840881
YBR302C,YOR343C-A,0,-0.79926413,0.09762150794267654,0.9421157836914062,0.8727745413780212
YHR119W,YMR268W-A,0,-0.79926413,0.09761141240596771,0.9421157836914062,0.8728745579719543
YJL012C-A,YER063W,0,-0.79926413,0.09760132431983948,0.9421157836914062,0.8729745745658875
YOL053C-A,YPL244C,0,-0.79926413,0.09759123623371124,0.9421157836914062,0.8730745911598206
YMR266W,YBR111W-A,0,-0.79926413,0.09758114814758301,0.9421157836914062,0.8731746077537537
YMR190C,YLR154W-C,0,-0.79926413,0.09757106006145477,0.9421157836914062,0.8732746839523315
YKL084W,YBR111W-A,0,-0.79926413,0.09756097197532654,0.9421157836914062,0.8733747005462646
YHR211W,YBR200W-A,0,-0.79926413,0.0975508913397789,0.9421157836914062,0.8734747171401978
YML004C,YGR031C-A,0,-0.79926413,0.09754081070423126,0.9421157836914062,0.8735747337341309
YNL024C-A,YDR210W-D,0,-0.79926413,0.09753073751926422,0.9421157836914062,0.873674750328064
YDR446W,YKR099C-A,0,-0.79926413,0.09752066433429718,0.9421157836914062,0.8737747669219971
YIL017W,YDR457W,0,-0.79926413,0.09751059114933014,0.9421157836914062,0.8738747835159302
YPL237W,YJL133C-A,0,-0.79926413,0.0975005179643631,0.9421157836914062,0.8739748001098633
YDR014W-A,YKL033W,0,-0.79926413,0.09749044477939606,0.9421157836914062,0.8740748167037964
YOL086W-A,YDR043C,0,-0.79926413,0.09748037904500961,0.9421157836914062,0.8741748332977295
YDR371W,YOR262W,0,-0.79981196,0.09747031331062317,0.9421157836914062,0.8742748498916626
YLR007W,YJR014W,0,-0.7999014,0.09746025502681732,0.9421157836914062,0.8743748664855957
YJL028W,YNL262W,0,-0.8003837,0.09745018929243088,0.9421157836914062,0.8744748830795288
YNL062C,YDR311W,0,-0.8008683,0.09744013100862503,0.9421157836914062,0.8745748996734619
YNR057C,YGR108W,0,-0.8011145,0.09743007272481918,0.9421157836914062,0.874674916267395
YGL018C,YPR137C-A,0,-0.80130297,0.09742002189159393,0.9421157836914062,0.8747749328613281
YBR060C,YPL235W,0,-0.801833,0.09740997105836868,0.9421157836914062,0.8748749494552612
YGL196W,YGR161W-B,0,-0.80192506,0.09739992022514343,0.9421157836914062,0.8749749660491943
YDL003W,YPL083C,0,-0.8026213,0.09738986939191818,0.9421157836914062,0.8750750422477722
YAL007C,YBL008W,0,-0.80279875,0.09737982600927353,0.9421157836914062,0.8751750588417053
YGR030C,YNL118C,0,-0.8029587,0.09736977517604828,0.9421157836914062,0.8752750754356384
YLR157C-B,YPL016W,0,-0.803035,0.09735973924398422,0.9421157836914062,0.8753750920295715
YHR216W,YHR029C,0,-0.8033174,0.09734969586133957,0.9421157836914062,0.8754751086235046
YOL091W,YPL183C,0,-0.8039454,0.09733965992927551,0.9421157836914062,0.8755751252174377
YCR073C,YER019W,1,-0.8039508,0.09743272513151169,0.9431137442588806,0.8755751252174377
YLR209C,YGR027W-A,0,-0.8041921,0.09742268174886703,0.9431137442588806,0.8756751418113708
YKR085C,YOR212W,0,-0.80473375,0.09741263836622238,0.9431137442588806,0.875775158405304
YMR112C,YOL103W-B,0,-0.80490214,0.09740259498357773,0.9431137442588806,0.8758751749992371
YNL082W,YMR112C,0,-0.8049821,0.09739255905151367,0.9431137442588806,0.8759751915931702
YOR353C,YMR263W,0,-0.8054917,0.09738252311944962,0.9431137442588806,0.8760752081871033
YML006C,YLR330W,0,-0.80609304,0.09737248718738556,0.9431137442588806,0.8761752247810364
YOR371C,YOR243C,0,-0.80614036,0.0973624587059021,0.9431137442588806,0.8762752413749695
YER100W,YCR097WB,0,-0.80666834,0.09735242277383804,0.9431137442588806,0.8763752579689026
YDR311W,YJR026W,0,-0.8067608,0.09734240174293518,0.9431137442588806,0.8764752745628357
YBL042C,YOL006C,0,-0.8069287,0.09733237326145172,0.9431137442588806,0.8765752911567688
YFL014W,YDR040C,1,-0.8078022,0.09742533415555954,0.9441117644309998,0.8765752911567688
YNL278W,YNR048W,0,-0.8079195,0.09741530567407608,0.9441117644309998,0.8766753077507019
YHR096C,YPR002W,0,-0.8079533,0.09740526974201202,0.9441117644309998,0.8767753839492798
YLR145W,YBL025W,0,-0.80811524,0.09739524126052856,0.9441117644309998,0.8768754005432129
YOR140W,YDR091C,0,-0.80813575,0.0973852202296257,0.9441117644309998,0.876975417137146
YOR354C,YBR089C-A,0,-0.8085956,0.09737519174814224,0.9441117644309998,0.8770754337310791
YJL204C,YCR070W,0,-0.8087888,0.09736517071723938,0.9441117644309998,0.8771754503250122
YPR105C,YDR451C,0,-0.8090568,0.09735514968633652,0.9441117644309998,0.8772754669189453
YPR137C-A,YHR061C,0,-0.8096311,0.09734513610601425,0.9441117644309998,0.8773754835128784
YBR104W,YGL025C,0,-0.80964255,0.09733511507511139,0.9441117644309998,0.8774755001068115
YKR035W-A,YLR449W,0,-0.8097477,0.09732510149478912,0.9441117644309998,0.8775755167007446
YMR081C,YDR216W,0,-0.8101078,0.09731508791446686,0.9441117644309998,0.8776755332946777
YLR256W-A,YNL106C,0,-0.81066334,0.09730508178472519,0.9441117644309998,0.8777755498886108
YLR393W,YDR365W-A,0,-0.81068105,0.09729507565498352,0.9441117644309998,0.877875566482544
YDR172W,YBR188C,0,-0.81099576,0.09728506952524185,0.9441117644309998,0.877975583076477
YML080W,YNL284C-B,0,-0.8114165,0.09727506339550018,0.9441117644309998,0.8780755996704102
YGL209W,YDR316W-B,0,-0.81193596,0.09726506471633911,0.9441117644309998,0.8781756162643433
YGL186C,YKR028W,0,-0.8121041,0.09725506603717804,0.9441117644309998,0.8782756328582764
YJL059W,YCL012W,0,-0.8122678,0.09724506735801697,0.9441117644309998,0.8783756494522095
YGL070C,YDR240C,0,-0.8127572,0.0972350686788559,0.9441117644309998,0.8784756660461426
YLR193C,YEL053C,0,-0.81293225,0.09722507745027542,0.9441117644309998,0.8785757422447205
YPR158W-A,YKL175W,0,-0.8129349,0.09721508622169495,0.9441117644309998,0.8786757588386536
YNL284C-A,YIL021W,0,-0.8132409,0.09720509499311447,0.9441117644309998,0.8787757754325867
YNR024W,YOR187W,0,-0.81353116,0.0971951112151146,0.9441117644309998,0.8788757920265198
YDL142C,YGR247W,0,-0.8136569,0.09718512743711472,0.9441117644309998,0.8789758086204529
YPL227C,YGL244W,0,-0.81383455,0.09717514365911484,0.9441117644309998,0.879075825214386
YMR218C,YLR319C,0,-0.81399465,0.09716515988111496,0.9441117644309998,0.8791758418083191
YGR180C,YOR343W-B,0,-0.8142804,0.09715518355369568,0.9441117644309998,0.8792758584022522
YNL054W-A,YCR048W,0,-0.81505275,0.0971452072262764,0.9441117644309998,0.8793758749961853
YGR215W,YJR063W,0,-0.81550825,0.09713523089885712,0.9441117644309998,0.8794758915901184
YPL056C,YHR039C,0,-0.815737,0.09712525457143784,0.9441117644309998,0.8795759081840515
YER007C-A,YOR017W,0,-0.8157954,0.09711528569459915,0.9441117644309998,0.8796759247779846
YMR075W,YHR119W,0,-0.8162303,0.09710531681776047,0.9441117644309998,0.8797759413719177
YDR162C,YOR047C,1,-0.8170284,0.097197987139225,0.9451097846031189,0.8797759413719177
YPL242C,YOR047C,1,-0.8171081,0.09729064255952835,0.946107804775238,0.8797759413719177
YLL054C,YDR261C-D,0,-0.81745195,0.09728065878152847,0.946107804775238,0.8798759579658508
YCR070W,YNL221C,0,-0.8176827,0.0972706750035286,0.946107804775238,0.8799759745597839
YPR181C,YLL061W,0,-0.81791306,0.09726069867610931,0.946107804775238,0.880075991153717
YBR120C,YLR132C,0,-0.8187589,0.09725071489810944,0.946107804775238,0.8801760077476501
YCR097WB,YDR488C,0,-0.8192773,0.09724074602127075,0.946107804775238,0.880276083946228
YER118C,YFL045C,0,-0.8193295,0.09723076969385147,0.946107804775238,0.8803761005401611
YER145C,YHR058C,0,-0.8201152,0.09722080081701279,0.946107804775238,0.8804761171340942
YDR300C,YNL181W,0,-0.820191,0.0972108319401741,0.946107804775238,0.8805761337280273
YDR211W,YBR075W,0,-0.8202913,0.09720086306333542,0.946107804775238,0.8806761503219604
YDR261W-A,YOR258W,0,-0.82054603,0.09719089418649673,0.946107804775238,0.8807761669158936
YJL098W,YEL077C,0,-0.82082283,0.09718093276023865,0.946107804775238,0.8808761835098267
YDR034C-D,YGR161C-C,0,-0.8210065,0.09717097133398056,0.946107804775238,0.8809762001037598
YPR023C,YDR261C-C,0,-0.8211418,0.09716100990772247,0.946107804775238,0.8810762166976929
YPL093W,YGR024C,0,-0.8214962,0.09715105593204498,0.946107804775238,0.881176233291626
YGR008C,YOR122C,1,-0.82259697,0.09724356979131699,0.9471057653427124,0.881176233291626
YGR096W,YLR244C,0,-0.823069,0.0972336083650589,0.9471057653427124,0.8812762498855591
YLR226W,YGR038C-A,0,-0.8232185,0.09722364693880081,0.9471057653427124,0.8813762664794922
YGR129W,YPL016W,0,-0.8233205,0.09721368551254272,0.9471057653427124,0.8814762830734253
YGR161W-A,YOR299W,0,-0.82343215,0.09720373153686523,0.9471057653427124,0.8815762996673584
YNL152W,YCL012W,0,-0.8236363,0.09719377011060715,0.9471057653427124,0.8816763162612915
YOL112W,YML107C,0,-0.82409275,0.09718381613492966,0.9471057653427124,0.8817763328552246
YGR161C-D,YGR161C-C,0,-0.8243807,0.09717386960983276,0.9471057653427124,0.8818763494491577
YLR034C,YCL019W,0,-0.82447004,0.09716391563415527,0.9471057653427124,0.8819763660430908
YJR132W,YBR100W,0,-0.8245147,0.09715396910905838,0.9471057653427124,0.8820764422416687
YJL104W,YPL065W,0,-0.8249264,0.09714403003454208,0.9471057653427124,0.8821764588356018
YOR022C,YDR041W,0,-0.82497,0.09713408350944519,0.9471057653427124,0.8822764754295349
YGR208W,YLR017W,0,-0.8254986,0.0971241444349289,0.9471057653427124,0.882376492023468
YNL102W,YHR200W,0,-0.8256047,0.0971142053604126,0.9471057653427124,0.8824765086174011
YBR090C-A,YLR368W,0,-0.82621753,0.0971042662858963,0.9471057653427124,0.8825765252113342
YLR256W-A,YBR106W,0,-0.82650506,0.0970943346619606,0.9471057653427124,0.8826765418052673
YNR030W,YGR172C,0,-0.8267318,0.0970843955874443,0.9471057653427124,0.8827765583992004
YHR187W,YNL054W-A,0,-0.82691634,0.0970744714140892,0.9471057653427124,0.8828765749931335
YJL096W,YCR097WB,0,-0.82701445,0.0970645397901535,0.9471057653427124,0.8829765915870667
YLR256W-A,YGL169W,0,-0.82745016,0.0970546156167984,0.9471057653427124,0.8830766081809998
YPL234C,YML046W,0,-0.8276112,0.0970446839928627,0.9471057653427124,0.8831766247749329
YGR215W,YMR242C,0,-0.82771134,0.0970347672700882,0.9471057653427124,0.883276641368866
YDR287W,YGR161C-C,0,-0.8279007,0.0970248430967331,0.9471057653427124,0.8833766579627991
YIL076W,YGR161W-B,0,-0.82827187,0.09701492637395859,0.9471057653427124,0.8834766745567322
YFR027W,YDR091C,0,-0.8287309,0.09700500965118408,0.9471057653427124,0.8835766911506653
YOL068C,YDR261W-A,0,-0.82915187,0.09699509292840958,0.9471057653427124,0.8836767077445984
YOR312C,YGR157W,0,-0.829222,0.09698518365621567,0.9471057653427124,0.8837767839431763
YOR043W,YJL184W,1,-0.8293744,0.09707745909690857,0.9481037855148315,0.8837767839431763
YMR025W,YGL079W,0,-0.82972944,0.09706753492355347,0.9481037855148315,0.8838768005371094
YKL009W,YDR325W,0,-0.8298587,0.09705761820077896,0.9481037855148315,0.8839768171310425
YIL118W,YDR441C,0,-0.83059007,0.09704770892858505,0.9481037855148315,0.8840768337249756
YJL018W,YIL162W,0,-0.83080864,0.09703779220581055,0.9481037855148315,0.8841768503189087
YDL044C,YDR325W,0,-0.8313356,0.09702788293361664,0.9481037855148315,0.8842768669128418
YFR009W,YER166W,0,-0.8320433,0.09701797366142273,0.9481037855148315,0.8843768835067749
YJR132W,YGL008C,0,-0.83206415,0.09700806438922882,0.9481037855148315,0.884476900100708
YOR126C,YMR055C,0,-0.83249545,0.09699816256761551,0.9481037855148315,0.8845769166946411
YDR098C-B,YLR226W,0,-0.8325269,0.0969882607460022,0.9481037855148315,0.8846769332885742
YEL032W,YHR197W,0,-0.83257884,0.09697835892438889,0.9481037855148315,0.8847769498825073
YLR066W,YJL024C,0,-0.83260345,0.09696845710277557,0.9481037855148315,0.8848769664764404
YHR168W,YGL068W,0,-0.83296907,0.09695856273174286,0.9481037855148315,0.8849769830703735
YOL088C,YDR210C-D,0,-0.83324015,0.09694866836071014,0.9481037855148315,0.8850769996643066
YMR242C,YDR462W,0,-0.8337506,0.09693877398967743,0.9481037855148315,0.8851770162582397
YBR089C-A,YLR337C,0,-0.8339177,0.09692888706922531,0.9481037855148315,0.8852770328521729
YDR337W,YOR222W,0,-0.83430684,0.0969189926981926,0.9481037855148315,0.885377049446106
YIL053W,YDR162C,1,-0.8346,0.09701111912727356,0.9491018056869507,0.885377049446106
YDR098C-B,YDL220C,0,-0.8346114,0.09700122475624084,0.9491018056869507,0.8854770660400391
YDR075W,YGR169C,0,-0.83492064,0.09699133038520813,0.9491018056869507,0.8855771422386169
YLR157C-A,YLL040C,0,-0.83516693,0.09698144346475601,0.9491018056869507,0.88567715883255
YMR161W,YKR072C,0,-0.83557194,0.0969715490937233,0.9491018056869507,0.8857771754264832
YLR337W,YER019W,1,-0.83617455,0.09706362336874008,0.9500998258590698,0.8857771754264832
YER087C-B,YCR073C,0,-0.8363211,0.09705372899770737,0.9500998258590698,0.8858771920204163
YBR069C,YHR039C-A,0,-0.8367852,0.09704383462667465,0.9500998258590698,0.8859772086143494
YGL129C,YLL002W,0,-0.83679736,0.09703394025564194,0.9500998258590698,0.8860772252082825
YNR031C,YLR020C,0,-0.8369656,0.09702405333518982,0.9500998258590698,0.8861772418022156
YHR059W,YHR035W,0,-0.83730817,0.0970141664147377,0.9500998258590698,0.8862772583961487
YPR165W,YHR214C-C,0,-0.8379437,0.09700427949428558,0.9500998258590698,0.8863772749900818
YJL018W,YER098W,0,-0.8381636,0.09699440002441406,0.9500998258590698,0.8864772915840149
YDR489W,YLR209C,0,-0.83832204,0.09698451310396194,0.9500998258590698,0.886577308177948
YNR024W,YMR263W,0,-0.83874774,0.09697463363409042,0.9500998258590698,0.8866773247718811
YHR079C-B,YDL100C,0,-0.8388765,0.0969647616147995,0.9500998258590698,0.8867773413658142
YER048C,YOL023W,0,-0.8394738,0.09695488214492798,0.9500998258590698,0.8868773579597473
YGR082W,YDR545W,0,-0.83974564,0.09694501012563705,0.9500998258590698,0.8869773745536804
YEL070W,YOL103W-B,0,-0.84022844,0.09693513810634613,0.9500998258590698,0.8870773911476135
YMR284W,YOL055C,0,-0.8413147,0.0969252660870552,0.9500998258590698,0.8871774077415466
YCR105W,YPL030W,0,-0.8414333,0.09691540151834488,0.9500998258590698,0.8872774839401245
YPL001W,YBR258C,0,-0.8416538,0.09690553694963455,0.9500998258590698,0.8873775005340576
YGR207C,YDR515W,0,-0.8421395,0.09689567238092422,0.9500998258590698,0.8874775171279907
YNR051C,YPL108W,0,-0.8423834,0.0968858152627945,0.9500998258590698,0.8875775337219238
YCR069W,YKL185W,0,-0.84273535,0.09687595069408417,0.9500998258590698,0.8876775503158569
YPL179W,YLR013W,0,-0.84308803,0.09686609357595444,0.9500998258590698,0.88777756690979
YGL012W,YLR391W,0,-0.8434469,0.0968562439084053,0.9500998258590698,0.8878775835037231
YCR097WB,YOR372C,0,-0.84501094,0.09684638679027557,0.9500998258590698,0.8879776000976562
YLR289W,YPL086C,0,-0.8456317,0.09683653712272644,0.9500998258590698,0.8880776166915894
YOR056C,YDR292C,0,-0.84635437,0.09682668745517731,0.9500998258590698,0.8881776332855225
YIL022W,YHR085W,0,-0.84642106,0.09681683778762817,0.9500998258590698,0.8882776498794556
YKR056W,YDL039C,0,-0.84693396,0.09680699557065964,0.9500998258590698,0.8883776664733887
YDR267C,YGL046W,0,-0.847183,0.0967971533536911,0.9500998258590698,0.8884776830673218
YGR038C-A,YGR113W,0,-0.8472755,0.09678731113672256,0.9500998258590698,0.8885776996612549
YGL046W,YBR280C,0,-0.8473772,0.09677747637033463,0.9500998258590698,0.888677716255188
YDL020C,YGR038C-A,0,-0.84742826,0.09676763415336609,0.9500998258590698,0.8887777328491211
YDR034C-D,YDR261C-C,0,-0.8484896,0.09675779938697815,0.9500998258590698,0.8888777494430542
YHR050W,YDR489W,0,-0.8489181,0.09674796462059021,0.9500998258590698,0.8889777660369873
YEL030W,YJL139C,0,-0.8491056,0.09673813730478287,0.9500998258590698,0.8890778422355652
YDL235C,YCL032W,1,-0.84952176,0.09682991355657578,0.9510977864265442,0.8890778422355652
YIL147C,YKL143W,1,-0.8496723,0.09692166745662689,0.9520958065986633,0.8890778422355652
YKL087C,YOR142W-A,0,-0.84969735,0.09691182523965836,0.9520958065986633,0.8891778588294983
YER018C,YKL097W-A,0,-0.84984446,0.09690198302268982,0.9520958065986633,0.8892778754234314
YOR249C,YKL097W-A,0,-0.85019505,0.09689214080572128,0.9520958065986633,0.8893778920173645
YLR313C,YDR180W,0,-0.8507389,0.09688229858875275,0.9520958065986633,0.8894779086112976
YJL005W,YDR025W,0,-0.85083544,0.09687246382236481,0.9520958065986633,0.8895779252052307
YJL130C,YDL198C,0,-0.85090995,0.09686262905597687,0.9520958065986633,0.8896779417991638
YHR079C,YLR210W,0,-0.85112405,0.09685279428958893,0.9520958065986633,0.8897779583930969
YBL005W-B,YNR038W,0,-0.85120445,0.09684295952320099,0.9520958065986633,0.88987797498703
YGR287C,YHR079C-B,0,-0.85131216,0.09683313220739365,0.9520958065986633,0.8899779915809631
YAL028W,YCL060C,0,-0.85178435,0.0968233048915863,0.9520958065986633,0.8900780081748962
YPR101W,YIR004W,0,-0.852942,0.09681347757577896,0.9520958065986633,0.8901780247688293
YIR039C,YGR161C-C,0,-0.8539425,0.09680365025997162,0.9520958065986633,0.8902780413627625
YHL009W-A,YGR120C,0,-0.8542581,0.09679383039474487,0.9520958065986633,0.8903780579566956
YML021C,YDR119W,0,-0.85427094,0.09678401052951813,0.9520958065986633,0.8904780745506287
YOR142W-A,YIL066C,0,-0.8548564,0.09677419066429138,0.9520958065986633,0.8905780911445618
YHR024C,YOR028C,0,-0.85533094,0.09676437824964523,0.9520958065986633,0.8906781077384949
YHR059W,YLR095C,0,-0.8553817,0.09675456583499908,0.9520958065986633,0.8907781839370728
YOR060C,YER137C-A,0,-0.855837,0.09674475342035294,0.9520958065986633,0.8908782005310059
YDR446W,YMR030W,0,-0.8560937,0.09673494100570679,0.9520958065986633,0.890978217124939
YBL018C,YKL149C,0,-0.8562714,0.09672513604164124,0.9520958065986633,0.8910782337188721
YBR217W,YDR210C-D,0,-0.85664874,0.09671533107757568,0.9520958065986633,0.8911782503128052
YLR289W,YFL002C,0,-0.8570093,0.09670552611351013,0.9520958065986633,0.8912782669067383
YHL031C,YOL124C,0,-0.8571588,0.09669572114944458,0.9520958065986633,0.8913782835006714
YOR258W,YHL013C,0,-0.85794973,0.09668592363595963,0.9520958065986633,0.8914783000946045
YMR162C,YPR119W,0,-0.8582423,0.09667612612247467,0.9520958065986633,0.8915783166885376
YML080W,YHR141C,0,-0.8585472,0.09666632860898972,0.9520958065986633,0.8916783332824707
YOR252W,YBR154C,0,-0.85855603,0.09665653854608536,0.9520958065986633,0.8917783498764038
YPL040C,YGL196W,0,-0.85856485,0.0966467410326004,0.9520958065986633,0.8918783664703369
YKR042W,YGR074W,0,-0.85858274,0.09663695096969604,0.9520958065986633,0.89197838306427
YKR002W,YDL061C,0,-0.858862,0.09662716835737228,0.9520958065986633,0.8920783996582031
YJR070C,YGL139W,0,-0.8592557,0.09661737829446793,0.9520958065986633,0.8921784162521362
YNL032W,YER137C-A,0,-0.8594073,0.09660759568214417,0.9520958065986633,0.8922784328460693
YML062C,YLR305C,0,-0.8601804,0.0965978130698204,0.9520958065986633,0.8923784494400024
YNL067W,YNL221C,0,-0.86045253,0.09658803045749664,0.9520958065986633,0.8924784660339355
YJL117W,YGL144C,0,-0.860786,0.09657825529575348,0.9520958065986633,0.8925785422325134
YCR055C,YNR006W,0,-0.8608317,0.09656848013401031,0.9520958065986633,0.8926785588264465
YLR081W,YCL012W,0,-0.86128664,0.09655870497226715,0.9520958065986633,0.8927785754203796
YJL094C,YKL200C,0,-0.8617217,0.09654892981052399,0.9520958065986633,0.8928785920143127
YML062C,YKR086W,0,-0.861876,0.09653916209936142,0.9520958065986633,0.8929786086082458
YDR145W,YMR075W,0,-0.86316997,0.09652939438819885,0.9520958065986633,0.893078625202179
YPL254W,YER118C,0,-0.86395586,0.09651962667703629,0.9520958065986633,0.8931786417961121
YDR017C,YDR206W,0,-0.86411345,0.09650986641645432,0.9520958065986633,0.8932786583900452
YPR056W,YDR441C,0,-0.86412305,0.09650009870529175,0.9520958065986633,0.8933786749839783
YJL021C,YGL028C,0,-0.86486435,0.09649033844470978,0.9520958065986633,0.8934786915779114
YNL271C,YDR168W,1,-0.8655886,0.09658171236515045,0.9530938267707825,0.8934786915779114
YBR261C,YFL017W-A,0,-0.86601937,0.09657195210456848,0.9530938267707825,0.8935787081718445
YLR404W,YBL028C,0,-0.8664547,0.09656218439340591,0.9530938267707825,0.8936787247657776
YDR308C,YDR261C-D,0,-0.86672276,0.09655242413282394,0.9530938267707825,0.8937787413597107
YML081W,YFL038C,0,-0.86682904,0.09654266387224197,0.9530938267707825,0.8938787579536438
YLR003C,YMR270C,0,-0.86706287,0.09653290361166,0.9530938267707825,0.8939787745475769
YKL046C,YOR266W,0,-0.86749744,0.09652314335107803,0.9530938267707825,0.89407879114151
YKL027W,YPL188W,0,-0.8677404,0.09651339054107666,0.9530938267707825,0.8941788077354431
YMR286W,YDL097C,0,-0.86804783,0.09650363773107529,0.9530938267707825,0.894278883934021
YLR256W-A,YCR002C,0,-0.8688055,0.09649388492107391,0.9530938267707825,0.8943789005279541
YBL068W,YPR100W,0,-0.86895835,0.09648413956165314,0.9530938267707825,0.8944789171218872
YKL012W,YNL302C,0,-0.8704995,0.09647439420223236,0.9530938267707825,0.8945789337158203
YER122C,YNL262W,0,-0.87073195,0.09646464884281158,0.9530938267707825,0.8946789503097534
YOR030W,YGR140W,0,-0.8708488,0.09645490348339081,0.9530938267707825,0.8947789669036865
YKL160W,YOR004W,0,-0.8709552,0.09644516557455063,0.9530938267707825,0.8948789834976196
YGL023C,YKR045C,0,-0.8711919,0.09643542021512985,0.9530938267707825,0.8949790000915527
YLR404W,YIL103W,0,-0.87230283,0.09642568975687027,0.9530938267707825,0.8950790166854858
YDR473C,YOR310C,0,-0.87250113,0.09641595184803009,0.9530938267707825,0.895179033279419
YCR058C,YDL189W,0,-0.8739757,0.09640622138977051,0.9530938267707825,0.895279049873352
YAL001C,YOR371C,0,-0.87412786,0.09639649093151093,0.9530938267707825,0.8953790664672852
YHR079C-B,YKL141W,0,-0.8741577,0.09638676047325134,0.9530938267707825,0.8954790830612183
YJL130C,YBR079C,0,-0.8744873,0.09637703001499176,0.9530938267707825,0.8955790996551514
YCR035C,YDR261C-C,0,-0.87478703,0.09636730700731277,0.9530938267707825,0.8956791162490845
YKR007W,YML036W,0,-0.875051,0.09635758399963379,0.9530938267707825,0.8957791328430176
YIL046W,YML056C,0,-0.87578547,0.0963478609919548,0.9530938267707825,0.8958791494369507
YBR222C,YJL018W,0,-0.875899,0.09633814543485641,0.9530938267707825,0.8959792256355286
YPR137C-A,YIL106W,0,-0.8760951,0.09632842242717743,0.9530938267707825,0.8960792422294617
YDR408C,YDR175C,0,-0.8765617,0.09631870687007904,0.9530938267707825,0.8961792588233948
YLR017W,YGR199W,0,-0.8768833,0.09630899876356125,0.9530938267707825,0.8962792754173279
YJL127C,YOR262W,0,-0.87698084,0.09629928320646286,0.9530938267707825,0.896379292011261
YER172C,YMR049C,0,-0.8770875,0.09628957509994507,0.9530938267707825,0.8964793086051941
YLR337W,YBR016W,1,-0.877119,0.09638068079948425,0.9540917873382568,0.8964793086051941
YPR143W,YML121W,0,-0.877779,0.09637096524238586,0.9540917873382568,0.8965793251991272
YCR070W,YBL087C,0,-0.8777963,0.09636125713586807,0.9540917873382568,0.8966793417930603
YLR401C,YLR275W,0,-0.8778732,0.09635154157876968,0.9540917873382568,0.8967793583869934
YDR404C,YPL242C,0,-0.87814605,0.09634183347225189,0.9540917873382568,0.8968793749809265
YGL033W,YLR224W,0,-0.8781494,0.0963321253657341,0.9540917873382568,0.8969793915748596
YLR213C,YDR191W,0,-0.87822556,0.09632241725921631,0.9540917873382568,0.8970794081687927
YER179W,YGL033W,0,-0.87890005,0.09631271660327911,0.9540917873382568,0.8971794247627258
YGL054C,YDL045W-A,0,-0.87917674,0.09630300849676132,0.9540917873382568,0.8972794413566589
YCR055C,YIL085C,0,-0.8797928,0.09629331529140472,0.9540917873382568,0.897379457950592
YLR352W,YOR001W,0,-0.87983346,0.09628361463546753,0.9540917873382568,0.8974794745445251
YOR110W,YHR204W,0,-0.8802438,0.09627391397953033,0.9540917873382568,0.8975794911384583
YLR189C,YPL183C,0,-0.8814709,0.09626422077417374,0.9540917873382568,0.8976795077323914
YOR313C,YNL290W,0,-0.8816343,0.09625452756881714,0.9540917873382568,0.8977795839309692
YNR031C,YDL235C,1,-0.88173276,0.09634551405906677,0.955089807510376,0.8977795839309692
YGR245C,YBL079W,0,-0.8822898,0.09633581340312958,0.955089807510376,0.8978796005249023
YBL009W,YLR060W,0,-0.8828442,0.09632612019777298,0.955089807510376,0.8979796171188354
YNL302C,YNR037C,0,-0.8835553,0.09631642699241638,0.955089807510376,0.8980796337127686
YGL018C,YFL050C,0,-0.88422555,0.09630673378705978,0.955089807510376,0.8981796503067017
YHR103W,YHR118C,0,-0.8843498,0.09629704058170319,0.955089807510376,0.8982796669006348
YLR337W,YPR171W,1,-0.8845194,0.09638796746730804,0.9560878276824951,0.8982796669006348
YGL033W,YLR336C,0,-0.88598955,0.09637826681137085,0.9560878276824951,0.8983796834945679
YHR079C-B,YBR015C,0,-0.88604945,0.09636857360601425,0.9560878276824951,0.898479700088501
YCR023C,YIL018W,0,-0.8861476,0.09635888040065765,0.9560878276824951,0.8985797166824341
YLR067C,YJL168C,0,-0.88630307,0.09634918719530106,0.9560878276824951,0.8986797332763672
YDR420W,YPR171W,1,-0.8868898,0.09644006192684174,0.9570858478546143,0.8986797332763672
YMR269W,YDR210W,0,-0.88712895,0.09643036872148514,0.9570858478546143,0.8987797498703003
YNL254C,YJL184W,0,-0.88724977,0.09642066806554794,0.9570858478546143,0.8988797664642334
YBL076C,YNL318C,0,-0.88781387,0.09641097486019135,0.9570858478546143,0.8989797830581665
YKL054C,YPL249C-A,0,-0.8883355,0.09640128910541534,0.9570858478546143,0.8990797996520996
YNL259C,YOR001W,0,-0.8885789,0.09639159590005875,0.9570858478546143,0.8991798162460327
YLR107W,YNL070W,0,-0.88884807,0.09638191014528275,0.9570858478546143,0.8992798328399658
YKL097W-A,YKL137W,0,-0.8908472,0.09637222439050674,0.9570858478546143,0.8993798494338989
YGR206W,YOR307C,0,-0.8908644,0.09636253863573074,0.9570858478546143,0.8994799256324768
YOL148C,YLR242C,0,-0.89099675,0.09635286033153534,0.9570858478546143,0.8995799422264099
YIL159W,YLR068W,0,-0.89137167,0.09634318202733994,0.9570858478546143,0.899679958820343
YMR044W,YNR046W,0,-0.89160657,0.09633350372314453,0.9570858478546143,0.8997799754142761
YJL192C,YPR158W-B,0,-0.89167213,0.09632382541894913,0.9570858478546143,0.8998799920082092
YPL020C,YDL047W,0,-0.8921277,0.09631415456533432,0.9570858478546143,0.8999800086021423
YKR083C,YKR036C,0,-0.89270216,0.09630447626113892,0.9570858478546143,0.9000800251960754
YCR080W,YLR384C,0,-0.8931847,0.09629480540752411,0.9570858478546143,0.9001800417900085
YNL284C-B,YDR367W,0,-0.893702,0.0962851420044899,0.9570858478546143,0.9002800583839417
YHR079C-B,YNL032W,0,-0.89395607,0.09627547115087509,0.9570858478546143,0.9003800749778748
YOR084W,YCL062W,0,-0.8940443,0.09626580774784088,0.9570858478546143,0.9004800915718079
YKL186C,YDR310C,0,-0.89461845,0.09625614434480667,0.9570858478546143,0.900580108165741
YHR206W,YOR047C,1,-0.89462095,0.09634684771299362,0.9580838084220886,0.900580108165741
YNL052W,YER127W,0,-0.89532804,0.09633717685937881,0.9580838084220886,0.9006801247596741
YBR202W,YBR070C,0,-0.89559865,0.0963275134563446,0.9580838084220886,0.9007801413536072
YIL069C,YDR492W,0,-0.8956447,0.0963178500533104,0.9580838084220886,0.9008801579475403
YNL076W,YOR001W,0,-0.897051,0.09630818665027618,0.9580838084220886,0.9009801745414734
YDL211C,YNR013C,0,-0.8971373,0.09629852324724197,0.9580838084220886,0.9010801911354065
YGR185C,YNR024W,0,-0.8976423,0.09628886729478836,0.9580838084220886,0.9011802077293396
YIL020C,YOR330C,0,-0.8977184,0.09627921134233475,0.9580838084220886,0.9012802839279175
YDR337W,YEL005C,0,-0.8978506,0.09626955538988113,0.9580838084220886,0.9013803005218506
YHR083W,YOR117W,0,-0.8980224,0.09625989943742752,0.9580838084220886,0.9014803171157837
YMR177W,YPL098C,0,-0.8982741,0.0962502509355545,0.9580838084220886,0.9015803337097168
YLR119W,YMR114C,0,-0.8989999,0.09624060243368149,0.9580838084220886,0.9016803503036499
YBR090C-A,YHR202W,0,-0.90153635,0.09623095393180847,0.9580838084220886,0.901780366897583
YBL102W,YNL111C,0,-0.9017114,0.09622130542993546,0.9580838084220886,0.9018803834915161
YLR289W,YNL131W,0,-0.90174574,0.09621166437864304,0.9580838084220886,0.9019804000854492
YGL104C,YER142C,0,-0.9024912,0.09620202332735062,0.9580838084220886,0.9020804166793823
YML098W,YNL153C,0,-0.902544,0.0961923822760582,0.9580838084220886,0.9021804332733154
YGR057C,YNL095C,0,-0.90338993,0.09618274867534637,0.9580838084220886,0.9022804498672485
YER118C,YKL088W,1,-0.9039677,0.09627329558134079,0.9590818285942078,0.9022804498672485
YPL242C,YGR278W,0,-0.903976,0.09626364707946777,0.9590818285942078,0.9023804664611816
YER016W,YGR245C,0,-0.90464765,0.09625400602817535,0.9590818285942078,0.9024804830551147
YOR158W,YOR234C,0,-0.90496457,0.09624436497688293,0.9590818285942078,0.9025804996490479
YGR036C,YIL022W,0,-0.90512216,0.09623473137617111,0.9590818285942078,0.902680516242981
YDR172W,YOR009W,0,-0.90520126,0.09622509032487869,0.9590818285942078,0.9027805328369141
YKL170W,YCL040W,0,-0.90542006,0.09621545672416687,0.9590818285942078,0.9028805494308472
YJL021C,YKL172W,0,-0.9055761,0.09620582312345505,0.9590818285942078,0.902980625629425
YLL031C,YBR100W,0,-0.90671587,0.09619619697332382,0.9590818285942078,0.9030806422233582
YBR100W,YPL050C,0,-0.90775055,0.0961865708231926,0.9590818285942078,0.9031806588172913
YDR043C,YPL198W,0,-0.9083983,0.09617694467306137,0.9590818285942078,0.9032806754112244
YDR420W,YOR008C,1,-0.90862024,0.09626738727092743,0.9600798487663269,0.9032806754112244
YIL017W,YKL055C,0,-0.90892446,0.0962577536702156,0.9600798487663269,0.9033806920051575
YLR145W,YGR179C,0,-0.90892655,0.09624812752008438,0.9600798487663269,0.9034807085990906
YIL159W,YHR205W,1,-0.90929866,0.09633853286504745,0.961077868938446,0.9034807085990906
YML033W,YBL101C,0,-0.90940964,0.09632889926433563,0.961077868938446,0.9035807251930237
YOL145C,YDL036C,0,-0.9098359,0.09631926566362381,0.961077868938446,0.9036807417869568
YCL003W,YDL078C,0,-0.90994775,0.09630963206291199,0.961077868938446,0.9037807583808899
YJL145W,YNR006W,0,-0.9099537,0.09629999846220016,0.961077868938446,0.903880774974823
YBL068W,YHL020C,0,-0.91008306,0.09629037231206894,0.961077868938446,0.9039807915687561
YIL053W,YPL059W,1,-0.91021216,0.09638072550296783,0.9620758295059204,0.9039807915687561
YLR348C,YDR399W,0,-0.91111916,0.09637109190225601,0.9620758295059204,0.9040808081626892
YHR196W,YNL124W,0,-0.9126886,0.09636145830154419,0.9620758295059204,0.9041808247566223
YGL079W,YCL060C,0,-0.91292095,0.09635182470083237,0.9620758295059204,0.9042808413505554
YBR100W,YIL147C,0,-0.9132472,0.09634219110012054,0.9620758295059204,0.9043808579444885
YNL283C,YOR088W,0,-0.9138572,0.09633256494998932,0.9620758295059204,0.9044808745384216
YER007C-A,YBR118W,0,-0.9145123,0.0963229387998581,0.9620758295059204,0.9045808911323547
YMR268C,YDR113C,0,-0.9146324,0.09631332010030746,0.9620758295059204,0.9046809077262878
YLR196W,YCL024W,0,-0.91471434,0.09630369395017624,0.9620758295059204,0.9047809839248657
YIL015W,YFR013W,0,-0.91477776,0.09629407525062561,0.9620758295059204,0.9048810005187988
YFR033C,YGR229C,0,-0.9156338,0.09628445655107498,0.9620758295059204,0.9049810171127319
YPR110C,YDR198C,0,-0.9159615,0.09627484530210495,0.9620758295059204,0.905081033706665
YOR181W,YDL235C,1,-0.91882855,0.09636508673429489,0.9630738496780396,0.905081033706665
YDL087C,YLR081W,0,-0.9197885,0.09635546803474426,0.9630738496780396,0.9051810503005981
YLR150W,YPR141C,0,-0.9212223,0.09634584933519363,0.9630738496780396,0.9052810668945312
YDR409W,YOR301W,0,-0.9212643,0.096336230635643,0.9630738496780396,0.9053810834884644
YLR196W,YLR084C,0,-0.9224689,0.09632661193609238,0.9630738496780396,0.9054811000823975
YJL122W,YIL067C,0,-0.92248815,0.09631700068712234,0.9630738496780396,0.9055811166763306
YDR404C,YJL011C,0,-0.9225231,0.09630738198757172,0.9630738496780396,0.9056811332702637
YDR081C,YKL205W,0,-0.92257476,0.09629777818918228,0.9630738496780396,0.9057811498641968
YGL231C,YLR309C,0,-0.9227791,0.09628816694021225,0.9630738496780396,0.9058811664581299
YOR207C,YCR080W,0,-0.92397094,0.09627855569124222,0.9630738496780396,0.905981183052063
YGR082W,YGL046W,0,-0.92537886,0.09626895189285278,0.9630738496780396,0.9060811996459961
YKL081W,YBL063W,0,-0.92555696,0.09625934809446335,0.9630738496780396,0.9061812162399292
YLR182W,YLR309C,0,-0.925588,0.09624975174665451,0.9630738496780396,0.9062812328338623
YAR009C,YFL017W-A,0,-0.9264413,0.09624014794826508,0.9630738496780396,0.9063812494277954
YCR009C,YPL059W,1,-0.9264818,0.09633027762174606,0.9640718698501587,0.9063812494277954
YLR325C,YJR108W,0,-0.9267621,0.09632066637277603,0.9640718698501587,0.9064813256263733
YCR034W,YPR101W,0,-0.9268948,0.0963110700249672,0.9640718698501587,0.9065813422203064
YGL148W,YIL103W,0,-0.9273228,0.09630146622657776,0.9640718698501587,0.9066813588142395
YDR494W,YBL101W-B,0,-0.92785144,0.09629186242818832,0.9640718698501587,0.9067813754081726
YER089C,YMR032W,1,-0.9281194,0.09638193994760513,0.9650698900222778,0.9067813754081726
YDL202W,YCR043C,0,-0.92853785,0.0963723361492157,0.9650698900222778,0.9068813920021057
YDR025W,YOR159C,0,-0.9290422,0.09636273235082626,0.9650698900222778,0.9069814085960388
YBL002W,YDR110W,0,-0.9295819,0.09635312855243683,0.9650698900222778,0.9070814251899719
YKL134C,YJL173C,0,-0.9302405,0.09634353220462799,0.9650698900222778,0.907181441783905
YNR038W,YOR197W,0,-0.9305455,0.09633392840623856,0.9650698900222778,0.9072814583778381
YBL079W,YHL013C,0,-0.9305875,0.09632433205842972,0.9650698900222778,0.9073814749717712
YDR233C,YIL130W,0,-0.9319293,0.09631474316120148,0.9650698900222778,0.9074814915657043
YER117W,YBR161W,0,-0.93276626,0.09630514681339264,0.9650698900222778,0.9075815081596375
YJR028W,YCL012W,0,-0.9330539,0.0962955579161644,0.9650698900222778,0.9076815247535706
YFR052W,YJL018W,0,-0.93318576,0.09628596901893616,0.9650698900222778,0.9077815413475037
YBR202W,YMR215W,0,-0.93322384,0.09627638757228851,0.9650698900222778,0.9078815579414368
YGL027C,YHR085W,0,-0.9339931,0.09626679867506027,0.9650698900222778,0.9079815745353699
YDR243C,YBR171W,0,-0.9347549,0.09625721722841263,0.9650698900222778,0.908081591129303
YGL050W,YAL022C,0,-0.93483657,0.09624763578176498,0.9650698900222778,0.9081816077232361
YLR337W,YOR120W,1,-0.9350998,0.09633757919073105,0.9660678505897522,0.9081816077232361
YOR158W,YBR075W,0,-0.9356238,0.09632799029350281,0.9660678505897522,0.908281683921814
YHL031C,YMR093W,0,-0.93574667,0.09631840884685516,0.9660678505897522,0.9083817005157471
YIL040W,YKR092C,0,-0.93581504,0.09630882740020752,0.9660678505897522,0.9084817171096802
YNR046W,YHR118C,0,-0.9359183,0.09629924595355988,0.9660678505897522,0.9085817337036133
YMR116C,YAL033W,0,-0.9360897,0.09628966450691223,0.9660678505897522,0.9086817502975464
YOR355W,YJL085W,0,-0.93655753,0.09628009051084518,0.9660678505897522,0.9087817668914795
YIL159W,YKR072C,1,-0.9365829,0.09636996686458588,0.9670658707618713,0.9087817668914795
YPL116W,YOL069W,0,-0.93740696,0.09636038541793823,0.9670658707618713,0.9088817834854126
YKL087C,YAL059W,0,-0.93773174,0.09635080397129059,0.9670658707618713,0.9089818000793457
YKL216W,YMR234W,0,-0.93832564,0.09634122252464294,0.9670658707618713,0.9090818166732788
YNL245C,YLR175W,0,-0.9387176,0.0963316410779953,0.9670658707618713,0.9091818332672119
YKL160W,YBL005W-B,0,-0.9390701,0.09632206708192825,0.9670658707618713,0.909281849861145
YBR120C,YMR143W,0,-0.9391994,0.0963124930858612,0.9670658707618713,0.9093818664550781
YGR211W,YNL175C,0,-0.93928766,0.09630291908979416,0.9670658707618713,0.9094818830490112
YDR211W,YBR202W,0,-0.93971616,0.09629335254430771,0.9670658707618713,0.9095818996429443
YJL087C,YOR335C,0,-0.9401297,0.09628378599882126,0.9670658707618713,0.9096819162368774
YLR337W,YBR086C,1,-0.94016266,0.09637357294559479,0.9680638909339905,0.9096819162368774
YKR078W,YNR048W,0,-0.9404034,0.09636399894952774,0.9680638909339905,0.9097819328308105
YGR152C,YDR419W,0,-0.94053113,0.0963544249534607,0.9680638909339905,0.9098819494247437
YPL132W,YBR046C,0,-0.9405879,0.09634485840797424,0.9680638909339905,0.9099820256233215
YOR294W,YML011C,0,-0.9406036,0.0963352844119072,0.9680638909339905,0.9100820422172546
YOL115W,YBR254C,0,-0.94188035,0.09632571786642075,0.9680638909339905,0.9101820588111877
YMR032W,YMR260C,0,-0.94295,0.09631615877151489,0.9680638909339905,0.9102820754051208
YHR058C,YDR450W,0,-0.94341165,0.09630659222602844,0.9680638909339905,0.910382091999054
YHR165C,YCR060W,0,-0.9435947,0.09629703313112259,0.9680638909339905,0.9104821085929871
YLR001C,YLR057W,0,-0.94391847,0.09628747403621674,0.9680638909339905,0.9105821251869202
YJL087C,YOR056C,0,-0.94438195,0.09627791494131088,0.9680638909339905,0.9106821417808533
YDL077C,YGL022W,0,-0.944409,0.09626836329698563,0.9680638909339905,0.9107821583747864
YJR005W,YDR174W,0,-0.9447721,0.09625880420207977,0.9680638909339905,0.9108821749687195
YJL018W,YPL084W,0,-0.94539523,0.09624925255775452,0.9680638909339905,0.9109821915626526
YLR057W,YGL048C,0,-0.9455138,0.09623970836400986,0.9680638909339905,0.9110822081565857
YLR337W,YOL089C,1,-0.94572276,0.09632936865091324,0.9690618515014648,0.9110822081565857
YLR337W,YPR005C,1,-0.94600934,0.09641900658607483,0.970059871673584,0.9110822081565857
YDR201W,YOL078W,0,-0.94639194,0.09640944004058838,0.970059871673584,0.9111822247505188
YNL256W,YDR328C,0,-0.946574,0.09639988094568253,0.970059871673584,0.9112822413444519
YNR024W,YCR093W,0,-0.94691896,0.09639032185077667,0.970059871673584,0.911382257938385
YDR194C,YHR003C,0,-0.9471673,0.09638076275587082,0.970059871673584,0.9114822745323181
YKR099W,YGL070C,0,-0.9476221,0.09637121111154556,0.970059871673584,0.9115822911262512
YLR337W,YJL144W,1,-0.94811654,0.09646078944206238,0.9710578918457031,0.9115822911262512
YGL244W,YLR333C,0,-0.9482504,0.09645123034715652,0.9710578918457031,0.9116823077201843
YLR057W,YER125W,0,-0.9484223,0.09644167125225067,0.9710578918457031,0.9117823839187622
YKL020C,YHL001W,0,-0.9485392,0.09643211215734482,0.9710578918457031,0.9118824005126953
YKR083C,YHR079C-B,0,-0.9487252,0.09642255306243896,0.9710578918457031,0.9119824171066284
YCR058C,YNL315C,0,-0.9492601,0.09641300141811371,0.9710578918457031,0.9120824337005615
YDL154W,YNL068C,0,-0.9494798,0.09640344977378845,0.9710578918457031,0.9121824502944946
YMR179W,YML133C,0,-0.9495536,0.0963938981294632,0.9710578918457031,0.9122824668884277
YJL171C,YER060W,0,-0.9503765,0.09638434648513794,0.9710578918457031,0.9123824834823608
YNL275W,YJL024C,0,-0.9505709,0.09637480229139328,0.9710578918457031,0.912482500076294
YML058W,YHR149C,0,-0.9506374,0.09636525809764862,0.9710578918457031,0.912582516670227
YDL040C,YMR083W,0,-0.9511303,0.09635571390390396,0.9710578918457031,0.9126825332641602
YEL024W,YFL034C-A,0,-0.9514286,0.0963461697101593,0.9710578918457031,0.9127825498580933
YPR131C,YEL048C,0,-0.95153177,0.09633663296699524,0.9710578918457031,0.9128825664520264
YNR026C,YDR159W,0,-0.95171106,0.09632709622383118,0.9710578918457031,0.9129825830459595
YJL162C,YGR179C,0,-0.9517728,0.09631755948066711,0.9710578918457031,0.9130825996398926
YPR143W,YPL249C-A,0,-0.95283514,0.09630803018808365,0.9710578918457031,0.9131826162338257
YOR126C,YML102W,0,-0.95323443,0.09629849344491959,0.9710578918457031,0.9132826328277588
YNL302C,YNL058C,0,-0.95351064,0.09628896415233612,0.9710578918457031,0.9133826494216919
YIL017W,YNL139C,0,-0.9536312,0.09627943485975266,0.9710578918457031,0.9134827256202698
YBR100W,YML064C,0,-0.9544293,0.09626991301774979,0.9710578918457031,0.9135827422142029
YER108C,YDR129C,0,-0.9551406,0.09626039117574692,0.9710578918457031,0.913682758808136
YPR060C,YIL144W,0,-0.95566773,0.09625086188316345,0.9710578918457031,0.9137827754020691
YDL230W,YKR044W,0,-0.9560275,0.09624134749174118,0.9710578918457031,0.9138827919960022
YKL097W-A,YOR234C,0,-0.9560342,0.09623182564973831,0.9710578918457031,0.9139828085899353
YBR100W,YIR008C,0,-0.9561044,0.09622231125831604,0.9710578918457031,0.9140828251838684
YKR008W,YDR091C,0,-0.9572929,0.09621279686689377,0.9710578918457031,0.9141828417778015
YDL232W,YIL144W,0,-0.9583953,0.0962032824754715,0.9710578918457031,0.9142828583717346
YCR055C,YDR423C,0,-0.9591937,0.09619376808404922,0.9710578918457031,0.9143828749656677
YOR214C,YIL064W,0,-0.95948,0.09618426114320755,0.9710578918457031,0.9144828915596008
YHR035W,YCL045C,0,-0.95981395,0.09617475420236588,0.9710578918457031,0.9145829081535339
YCL025C,YAL048C,0,-0.9609687,0.0961652472615242,0.9710578918457031,0.914682924747467
YOL146W,YMR125W,0,-0.96099937,0.09615574777126312,0.9710578918457031,0.9147829413414001
YMR263W,YKL086W,0,-0.9611756,0.09614624828100204,0.9710578918457031,0.9148829579353333
YPL242C,YKL048C,1,-0.9615072,0.09623555094003677,0.9720559120178223,0.9148829579353333
YGR178C,YBL005W-A,0,-0.9618065,0.0962260439991951,0.9720559120178223,0.9149829745292664
YLR264W,YAL024C,0,-0.96199214,0.09621653705835342,0.9720559120178223,0.9150829911231995
YBR222C,YER108C,0,-0.9630386,0.09620703011751175,0.9720559120178223,0.9151830077171326
YDR129C,YLR337W,1,-0.9631726,0.0962962955236435,0.9730538725852966,0.9151830077171326
YER108C,YDR540C,0,-0.9633527,0.09628678858280182,0.9730538725852966,0.9152830839157104
YOR073W,YFL045C,0,-0.96340597,0.09627728164196014,0.9730538725852966,0.9153831005096436
YLR435W,YHL006C,0,-0.96522397,0.09626777470111847,0.9730538725852966,0.9154831171035767
YKL006W,YKL054C,0,-0.9655322,0.0962582677602768,0.9730538725852966,0.9155831336975098
YKL048C,YGL050W,0,-0.96605706,0.09624876827001572,0.9730538725852966,0.9156831502914429
YEL001C,YDR143C,0,-0.96738315,0.09623926877975464,0.9730538725852966,0.915783166885376
YML097C,YLR404W,0,-0.9685835,0.09622976928949356,0.9730538725852966,0.9158831834793091
YBR103W,YAR008W,0,-0.96885175,0.09622026979923248,0.9730538725852966,0.9159832000732422
YIL148W,YER170W,0,-0.9688784,0.096210777759552,0.9730538725852966,0.9160832166671753
YPL273W,YML062C,0,-0.97094786,0.09620128571987152,0.9730538725852966,0.9161832332611084
YLR424W,YML069W,0,-0.97115576,0.09619179368019104,0.9730538725852966,0.9162832498550415
YLL002W,YMR014W,0,-0.97158056,0.09618230164051056,0.9730538725852966,0.9163832664489746
YPR029C,YLR061W,0,-0.97184044,0.09617281705141068,0.9730538725852966,0.9164832830429077
YOR317W,YDR216W,0,-0.9725421,0.09616333246231079,0.9730538725852966,0.9165832996368408
YER171W,YJR031C,0,-0.9730686,0.09615384787321091,0.9730538725852966,0.9166833162307739
YMR268C,YMR044W,0,-0.97348267,0.09614436328411102,0.9730538725852966,0.916783332824707
YER157W,YDL240W,0,-0.9743305,0.09613488614559174,0.9730538725852966,0.9168833494186401
YPR131C,YBR080C,0,-0.9752975,0.09612540900707245,0.9730538725852966,0.916983425617218
YKL040C,YOR004W,0,-0.97592884,0.09611593186855316,0.9730538725852966,0.9170834422111511
YCL011C,YDL145C,0,-0.9769332,0.09610645473003387,0.9730538725852966,0.9171834588050842
YMR177W,YGL246C,0,-0.9773757,0.09609698504209518,0.9730538725852966,0.9172834753990173
YOL070C,YOR301W,0,-0.9777142,0.0960875153541565,0.9730538725852966,0.9173834919929504
YNL275W,YBR136W,0,-0.9779743,0.0960780456662178,0.9730538725852966,0.9174835085868835
YAR014C,YDR378C,0,-0.98135334,0.09606857597827911,0.9730538725852966,0.9175835251808167
YOR025W,YJL004C,0,-0.98174655,0.09605911374092102,0.9730538725852966,0.9176835417747498
YML008C,YLR390W,0,-0.9824475,0.09604965150356293,0.9730538725852966,0.9177835583686829
YBR120C,YLR151C,0,-0.9837635,0.09604018926620483,0.9730538725852966,0.917883574962616
YHR115C,YIL130W,0,-0.98423296,0.09603072702884674,0.9730538725852966,0.9179835915565491
YPR190C,YGL243W,0,-0.98541653,0.09602127224206924,0.9730538725852966,0.9180836081504822
YBR202W,YER031C,0,-0.9864211,0.09601181745529175,0.9730538725852966,0.9181836247444153
YHR193C,YJR090C,0,-0.98698974,0.09600236266851425,0.9730538725852966,0.9182836413383484
YGR212W,YDR382W,0,-0.9871144,0.09599290788173676,0.9730538725852966,0.9183836579322815
YLR353W,YBR015C,0,-0.9874484,0.09598346054553986,0.9730538725852966,0.9184836745262146
YMR035W,YPR182W,0,-0.9880371,0.09597401320934296,0.9730538725852966,0.9185836911201477
YKL080W,YNL261W,0,-0.98869467,0.09596456587314606,0.9730538725852966,0.9186837077140808
YJR050W,YKL190W,0,-0.9889202,0.09595512598752975,0.9730538725852966,0.9187837839126587
YIR021W,YHR077C,0,-0.9892656,0.09594567865133286,0.9730538725852966,0.9188838005065918
YNR054C,YMR067C,0,-0.9894051,0.09593623876571655,0.9730538725852966,0.9189838171005249
YGL014W,YLR432W,0,-0.9899883,0.09592679888010025,0.9730538725852966,0.919083833694458
YJL096W,YJR132W,0,-0.9900322,0.09591736644506454,0.9730538725852966,0.9191838502883911
YGL093W,YDR225W,0,-0.9905838,0.09590792655944824,0.9730538725852966,0.9192838668823242
YHR103W,YBR091C,0,-0.9907015,0.09589849412441254,0.9730538725852966,0.9193838834762573
YPR131C,YOL146W,0,-0.9932085,0.09588906168937683,0.9730538725852966,0.9194839000701904
YOR360C,YHR143W-A,0,-0.99331886,0.09587963670492172,0.9730538725852966,0.9195839166641235
YJL206C,YIL018W,0,-0.99395305,0.09587020426988602,0.9730538725852966,0.9196839332580566
YHL038C,YKL014C,0,-0.9940929,0.09586077928543091,0.9730538725852966,0.9197839498519897
YKR035W-A,YMR274C,0,-0.9947669,0.0958513543009758,0.9730538725852966,0.9198839664459229
YDR434W,YLR022C,0,-0.9949869,0.09584193676710129,0.9730538725852966,0.919983983039856
YBR061C,YBR279W,0,-0.99499714,0.09583251178264618,0.9730538725852966,0.9200839996337891
YDL052C,YJL034W,0,-0.9976067,0.09582309424877167,0.9730538725852966,0.9201840162277222
YPR120C,YMR050C,0,-0.99811727,0.09581367671489716,0.9730538725852966,0.9202840328216553
YLR319C,YPL242C,1,-0.99862504,0.09590252488851547,0.9740518927574158,0.9202840328216553
YLR359W,YGL068W,0,-0.99932367,0.09589309990406036,0.9740518927574158,0.9203840494155884
YIL143C,YJL179W,0,-0.9994181,0.09588368237018585,0.9740518927574158,0.9204841256141663
YGL100W,YKR020W,0,-1.0002486,0.09587426483631134,0.9740518927574158,0.9205841422080994
YBR010W,YKL113C,0,-1.0011104,0.09586484730243683,0.9740518927574158,0.9206841588020325
YML062C,YMR077C,0,-1.0016878,0.09585542976856232,0.9740518927574158,0.9207841753959656
YNL095C,YPR043W,0,-1.0018222,0.0958460196852684,0.9740518927574158,0.9208841919898987
YIR031C,YDR407C,0,-1.0023507,0.09583660960197449,0.9740518927574158,0.9209842085838318
YBR104W,YPL139C,0,-1.0025489,0.09582719951868057,0.9740518927574158,0.9210842251777649
YOR059C,YJR042W,0,-1.0034269,0.09581778943538666,0.9740518927574158,0.921184241771698
YML007W,YFR028C,0,-1.0045768,0.09580838680267334,0.9740518927574158,0.9212842583656311
YMR146C,YEL048C,0,-1.0059153,0.09579897671937943,0.9740518927574158,0.9213842749595642
YGL029W,YDR500C,0,-1.0061622,0.09578957408666611,0.9740518927574158,0.9214842915534973
YLL041C,YDR430C,0,-1.0073928,0.09578017890453339,0.9740518927574158,0.9215843081474304
YLR409C,YBR091C,0,-1.0074304,0.09577077627182007,0.9740518927574158,0.9216843247413635
YJL216C,YLR249W,0,-1.0077537,0.09576138108968735,0.9740518927574158,0.9217843413352966
YNL067W,YLR268W,0,-1.0077958,0.09575198590755463,0.9740518927574158,0.9218843579292297
YML022W,YGR140W,0,-1.0079067,0.0957425907254219,0.9740518927574158,0.9219843745231628
YBL036C,YBR141C,0,-1.0082521,0.09573320299386978,0.9740518927574158,0.922084391117096
YIL096C,YLR292C,0,-1.0109893,0.09572381526231766,0.9740518927574158,0.922184407711029
YLR196W,YDR480W,0,-1.0122703,0.09571442753076553,0.9740518927574158,0.9222844839096069
YNL172W,YMR176W,0,-1.0126383,0.09570503979921341,0.9740518927574158,0.92238450050354
YLR113W,YHR061C,0,-1.0130587,0.09569565951824188,0.9740518927574158,0.9224845170974731
YBL100W-A,YHR066W,0,-1.0131364,0.09568627178668976,0.9740518927574158,0.9225845336914062
YJL204C,YMR183C,0,-1.0133604,0.09567689150571823,0.9740518927574158,0.9226845502853394
YMR207C,YIL103W,0,-1.0136502,0.0956675186753273,0.9740518927574158,0.9227845668792725
YHR114W,YPL043W,0,-1.014559,0.09565813839435577,0.9740518927574158,0.9228845834732056
YIL096C,YDL005C,0,-1.014977,0.09564876556396484,0.9740518927574158,0.9229846000671387
YPL242C,YKL002W,0,-1.0152006,0.09563939273357391,0.9740518927574158,0.9230846166610718
YML049C,YPL030W,0,-1.0155605,0.09563001990318298,0.9740518927574158,0.9231846332550049
YJL178C,YDR485C,0,-1.0157872,0.09562065452337265,0.9740518927574158,0.923284649848938
YNL208W,YCR097W,0,-1.016038,0.09561128169298172,0.9740518927574158,0.9233846664428711
YER100W,YNL020C,0,-1.0162952,0.09560191631317139,0.9740518927574158,0.9234846830368042
YLR113W,YGR152C,0,-1.0167205,0.09559255838394165,0.9740518927574158,0.9235846996307373
YPR161C,YMR131C,0,-1.0174869,0.09558319300413132,0.9740518927574158,0.9236847162246704
YGR221C,YMR136W,0,-1.0174989,0.09557383507490158,0.9740518927574158,0.9237847328186035
YBL100W-A,YIL018W,0,-1.017729,0.09556447714567184,0.9740518927574158,0.9238847494125366
YJR032W,YNR032C-A,0,-1.01837,0.09555511921644211,0.9740518927574158,0.9239848256111145
YDR408C,YAL042W,0,-1.0194732,0.09554576873779297,0.9740518927574158,0.9240848422050476
YNL067W,YJL011C,0,-1.0195363,0.09553641080856323,0.9740518927574158,0.9241848587989807
YOR158W,YPL249C-A,0,-1.0198647,0.09552706032991409,0.9740518927574158,0.9242848753929138
YGL111W,YOR074C,0,-1.0199028,0.09551771730184555,0.9740518927574158,0.9243848919868469
YGL061C,YGR252W,0,-1.0199151,0.09550836682319641,0.9740518927574158,0.92448490858078
YDL225W,YOR197W,0,-1.0207685,0.09549902379512787,0.9740518927574158,0.9245849251747131
YDR081C,YOR330C,0,-1.0207949,0.09548968076705933,0.9740518927574158,0.9246849417686462
YHR051W,YLR432W,0,-1.0208068,0.09548033773899078,0.9740518927574158,0.9247849583625793
YJR055W,YHR051W,0,-1.020813,0.09547099471092224,0.9740518927574158,0.9248849749565125
YNR018W,YNL072W,0,-1.0209993,0.0954616591334343,0.9740518927574158,0.9249849915504456
YLR059C,YHR134W,0,-1.0221838,0.09545232355594635,0.9740518927574158,0.9250850081443787
YLR003C,YHR039C,0,-1.022407,0.0954429879784584,0.9740518927574158,0.9251850247383118
YLR117C,YKL014C,0,-1.0237652,0.09543365240097046,0.9740518927574158,0.9252850413322449
YPL032C,YGL050W,0,-1.0239607,0.09542432427406311,0.9740518927574158,0.925385057926178
YDL191W,YPL098C,0,-1.0240498,0.09541499614715576,0.9740518927574158,0.9254850745201111
YIR026C,YLR309C,0,-1.0242329,0.09540566802024841,0.9740518927574158,0.9255850911140442
YGL087C,YBR218C,0,-1.0255167,0.09539634734392166,0.9740518927574158,0.9256851077079773
YJL194W,YDL081C,0,-1.0277588,0.09538701921701431,0.9740518927574158,0.9257851839065552
YBL028C,YOR237W,0,-1.0277834,0.09537769854068756,0.9740518927574158,0.9258852005004883
YBR195C,YJL184W,0,-1.0282282,0.09536837786436081,0.9740518927574158,0.9259852170944214
YNL323W,YNL088W,0,-1.0291401,0.09535906463861465,0.9740518927574158,0.9260852336883545
YIL040W,YDR412W,0,-1.0292579,0.0953497439622879,0.9740518927574158,0.9261852502822876
YPR121W,YNL175C,0,-1.030157,0.09534043073654175,0.9740518927574158,0.9262852668762207
YMR286W,YER117W,0,-1.030566,0.0953311175107956,0.9740518927574158,0.9263852834701538
YDR494W,YDL121C,0,-1.0306841,0.09532181173563004,0.9740518927574158,0.9264853000640869
YCL029C,YGL131C,0,-1.0309744,0.09531249850988388,0.9740518927574158,0.92658531665802
YML038C,YAL007C,0,-1.0311373,0.09530319273471832,0.9740518927574158,0.9266853332519531
YNL229C,YCR014C,0,-1.0323136,0.09529388695955276,0.9740518927574158,0.9267853498458862
YLR401C,YFL008W,0,-1.0323269,0.09528458118438721,0.9740518927574158,0.9268853664398193
YPR143W,YJL024C,0,-1.0332526,0.09527528285980225,0.9740518927574158,0.9269853830337524
YKL077W,YNL111C,0,-1.0343188,0.09526598453521729,0.9740518927574158,0.9270853996276855
YOR145C,YPR175W,0,-1.0350659,0.09525668621063232,0.9740518927574158,0.9271854162216187
YKL143W,YER118C,1,-1.0364262,0.09534497559070587,0.9750499129295349,0.9271854162216187
YNL222W,YNL029C,0,-1.0365593,0.09533567726612091,0.9750499129295349,0.9272854328155518
YEL018W,YIL046W,0,-1.0374242,0.09532637149095535,0.9750499129295349,0.9273854494094849
YGR177C,YBL097W,0,-1.0376604,0.09531707316637039,0.9750499129295349,0.9274855256080627
YLR175W,YGR278W,0,-1.0383289,0.09530777484178543,0.9750499129295349,0.9275855422019958
YJL011C,YER003C,0,-1.0400552,0.09529847651720047,0.9750499129295349,0.927685558795929
YER090W,YDL150W,0,-1.0403752,0.0952891856431961,0.9750499129295349,0.9277855753898621
YPL010W,YDR174W,0,-1.0411084,0.09527988731861115,0.9750499129295349,0.9278855919837952
YKL033W,YOR335C,0,-1.0417705,0.09527059644460678,0.9750499129295349,0.9279856085777283
YPL141C,YOR004W,0,-1.0419568,0.09526131302118301,0.9750499129295349,0.9280856251716614
YJR090C,YNR051C,0,-1.042416,0.09525202214717865,0.9750499129295349,0.9281856417655945
YOR098C,YGL061C,0,-1.0427386,0.09524273872375488,0.9750499129295349,0.9282856583595276
YPL212C,YGR179C,0,-1.0429465,0.09523345530033112,0.9750499129295349,0.9283856749534607
YNL307C,YHR035W,0,-1.0430784,0.09522417187690735,0.9750499129295349,0.9284856915473938
YMR046C,YNR038W,0,-1.0448835,0.09521488845348358,0.9750499129295349,0.9285857081413269
YNL095C,YOR094W,0,-1.0452226,0.09520561248064041,0.9750499129295349,0.92868572473526
YOR064C,YBR008C,0,-1.0467016,0.09519633650779724,0.9750499129295349,0.9287857413291931
YNL214W,YHR005C-A,0,-1.0469568,0.09518706053495407,0.9750499129295349,0.9288857579231262
YPR104C,YLR057W,0,-1.0483785,0.0951777920126915,0.9750499129295349,0.9289857745170593
YDR441C,YFL023W,0,-1.0484146,0.09516851603984833,0.9750499129295349,0.9290857911109924
YKR100C,YKL014C,0,-1.0493954,0.09515924751758575,0.9750499129295349,0.9291858077049255
YOR195W,YCR087C-A,0,-1.0501974,0.09514997899532318,0.9750499129295349,0.9292858839035034
YIR026C,YBL063W,0,-1.0503367,0.0951407179236412,0.9750499129295349,0.9293859004974365
YCR052W,YLR210W,0,-1.0507475,0.09513144940137863,0.9750499129295349,0.9294859170913696
YDL052C,YNL088W,0,-1.0509995,0.09512218832969666,0.9750499129295349,0.9295859336853027
YPL013C,YBL099W,0,-1.0515723,0.09511292725801468,0.9750499129295349,0.9296859502792358
YNL267W,YJL197W,0,-1.0519171,0.0951036661863327,0.9750499129295349,0.929785966873169
YDL189W,YCR046C,0,-1.0522792,0.09509441256523132,0.9750499129295349,0.929885983467102
YDR409W,YDR243C,0,-1.0526159,0.09508515894412994,0.9750499129295349,0.9299860000610352
YML101C,YCL024W,0,-1.0526311,0.09507590532302856,0.9750499129295349,0.9300860166549683
YOL090W,YGR251W,0,-1.05351,0.09506665170192719,0.9750499129295349,0.9301860332489014
YLR187W,YOR038C,0,-1.0539885,0.0950574055314064,0.9750499129295349,0.9302860498428345
YNL064C,YJL208C,0,-1.0548049,0.09504815936088562,0.9750499129295349,0.9303860664367676
YDR420W,YOR047C,1,-1.0551689,0.09513618797063828,0.976047933101654,0.9303860664367676
YKR027W,YCR073C,0,-1.0553981,0.0951269343495369,0.976047933101654,0.9304860830307007
YNL026W,YLR372W,0,-1.0565215,0.09511768072843552,0.976047933101654,0.9305860996246338
YNL323W,YBR069C,0,-1.0565473,0.09510843455791473,0.976047933101654,0.9306861162185669
YJL104W,YMR115W,0,-1.0567039,0.09509918093681335,0.976047933101654,0.9307861328125
YML080W,YGL131C,0,-1.056737,0.09508993476629257,0.976047933101654,0.9308861494064331
YJL051W,YML082W,0,-1.0581245,0.09508068859577179,0.976047933101654,0.930986225605011
YML014W,YOL061W,0,-1.0583359,0.0950714498758316,0.976047933101654,0.9310862421989441
YMR283C,YHL007C,0,-1.0586865,0.09506221115589142,0.976047933101654,0.9311862587928772
YLR197W,YPL227C,0,-1.0597006,0.09505297243595123,0.976047933101654,0.9312862753868103
YPL037C,YGL092W,0,-1.0599445,0.09504373371601105,0.976047933101654,0.9313862919807434
YBR155W,YGL257C,0,-1.0601614,0.09503449499607086,0.976047933101654,0.9314863085746765
YOL068C,YKL196C,0,-1.0610111,0.09502526372671127,0.976047933101654,0.9315863251686096
YBL080C,YJL179W,0,-1.0611954,0.09501603245735168,0.976047933101654,0.9316863417625427
YFL066C,YDR225W,0,-1.0617776,0.0950068011879921,0.976047933101654,0.9317863583564758
YNL208W,YLR312W-A,0,-1.0626096,0.09499756991863251,0.976047933101654,0.9318863749504089
YBR093C,YLR210W,0,-1.062691,0.09498834609985352,0.976047933101654,0.931986391544342
YDR045C,YBR268W,0,-1.0628284,0.09497912228107452,0.976047933101654,0.9320864081382751
YOR319W,YLR432W,0,-1.0629973,0.09496989846229553,0.976047933101654,0.9321864247322083
YMR049C,YNL068C,0,-1.0645567,0.09496067464351654,0.976047933101654,0.9322864413261414
YDR420W,YLR336C,1,-1.0652732,0.09504854679107666,0.9770458936691284,0.9322864413261414
YPL175W,YKR083C,0,-1.0654017,0.09503931552171707,0.9770458936691284,0.9323864579200745
YKR079C,YDR451C,0,-1.0658879,0.09503009170293808,0.9770458936691284,0.9324864745140076
YDR439W,YML111W,0,-1.0661796,0.09502086788415909,0.9770458936691284,0.9325864911079407
YJR105W,YGR193C,0,-1.0677377,0.0950116440653801,0.9770458936691284,0.9326865077018738
YML096W,YLR344W,0,-1.0677574,0.0950024276971817,0.9770458936691284,0.9327865839004517
YGR252W,YDR527W,0,-1.0689515,0.0949932113289833,0.9770458936691284,0.9328866004943848
YOR353C,YCL014W,0,-1.0697683,0.09498399496078491,0.9770458936691284,0.9329866170883179
YJR032W,YMR241W,0,-1.0706397,0.09497477859258652,0.9770458936691284,0.933086633682251
YMR079W,YDR373W,0,-1.070713,0.09496556222438812,0.9770458936691284,0.9331866502761841
YDR202C,YER170W,0,-1.0710692,0.09495635330677032,0.9770458936691284,0.9332866668701172
YBL061C,YBR014C,1,-1.0721877,0.09504412859678268,0.9780439138412476,0.9332866668701172
YPL105C,YPR119W,0,-1.0723594,0.09503491222858429,0.9780439138412476,0.9333866834640503
YCR071C,YBR089C-A,0,-1.0731623,0.0950256958603859,0.9780439138412476,0.9334867000579834
YLR061W,YDR266C,0,-1.07503,0.0950164794921875,0.9780439138412476,0.9335867166519165
YER183C,YML067C,0,-1.075542,0.0950072705745697,0.9780439138412476,0.9336867332458496
YDL148C,YNL199C,0,-1.0756497,0.0949980616569519,0.9780439138412476,0.9337867498397827
YER138C,YJR108W,0,-1.0773417,0.0949888527393341,0.9780439138412476,0.9338867664337158
YFL045C,YMR083W,0,-1.0778049,0.09497964382171631,0.9780439138412476,0.9339867830276489
YHR079C,YDL042C,0,-1.0780661,0.09497044235467911,0.9780439138412476,0.934086799621582
YNR024W,YDR499W,0,-1.0780885,0.0949612408876419,0.9780439138412476,0.9341868162155151
YML109W,YMR241W,0,-1.0781732,0.0949520394206047,0.9780439138412476,0.9342868328094482
YOR058C,YDR367W,0,-1.0795227,0.0949428379535675,0.9780439138412476,0.9343868494033813
YOR360C,YGR133W,0,-1.079998,0.0949336439371109,0.9780439138412476,0.9344869256019592
YGR204W,YKR103W,0,-1.0813506,0.0949244499206543,0.9780439138412476,0.9345869421958923
YBR034C,YPR125W,0,-1.081417,0.09491525590419769,0.9780439138412476,0.9346869587898254
YER118C,YOR158W,0,-1.0824503,0.09490606188774109,0.9780439138412476,0.9347869753837585
YKL139W,YLR084C,0,-1.0827376,0.09489687532186508,0.9780439138412476,0.9348869919776917
YPL132W,YFL002C,0,-1.083475,0.09488768130540848,0.9780439138412476,0.9349870085716248
YKL029C,YOR283W,0,-1.0836799,0.09487849473953247,0.9780439138412476,0.9350870251655579
YDR281C,YLR002C,0,-1.084795,0.09486931562423706,0.9780439138412476,0.935187041759491
YDL117W,YJL173C,0,-1.084936,0.09486012905836105,0.9780439138412476,0.9352870583534241
YLR006C,YBR086C,1,-1.0852118,0.09494773298501968,0.9790419340133667,0.9352870583534241
YJL208C,YGL170C,0,-1.0860316,0.09493854641914368,0.9790419340133667,0.9353870749473572
YNL047C,YOR115C,0,-1.088134,0.09492935985326767,0.9790419340133667,0.9354870915412903
YBR091C,YCR060W,0,-1.0892223,0.09492017328739166,0.9790419340133667,0.9355871081352234
YLR183C,YHR166C,0,-1.089705,0.09491099417209625,0.9790419340133667,0.9356871247291565
YGL131C,YER167W,0,-1.0897447,0.09490180760622025,0.9790419340133667,0.9357871413230896
YGR278W,YOL124C,0,-1.0907701,0.09489262849092484,0.9790419340133667,0.9358871579170227
YIL021W,YHL033C,0,-1.0911758,0.09488344937562943,0.9790419340133667,0.9359871745109558
YKL132C,YOL066C,0,-1.0915192,0.09487427771091461,0.9790419340133667,0.9360871911048889
YMR268C,YHR003C,0,-1.0918669,0.0948650985956192,0.9790419340133667,0.936187207698822
YML098W,YOR194C,0,-1.092432,0.09485592693090439,0.9790419340133667,0.9362872838973999
YMR267W,YIL134W,0,-1.0929483,0.09484675526618958,0.9790419340133667,0.936387300491333
YGR091W,YDR506C,0,-1.0933299,0.09483758360147476,0.9790419340133667,0.9364873170852661
YMR288W,YBR276C,0,-1.0935012,0.09482841938734055,0.9790419340133667,0.9365873336791992
YOL088C,YBR181C,0,-1.0935212,0.09481925517320633,0.9790419340133667,0.9366873502731323
YDR119W,YPR043W,0,-1.0937799,0.09481009095907211,0.9790419340133667,0.9367873668670654
YGR004W,YDR412W,0,-1.0938044,0.0948009267449379,0.9790419340133667,0.9368873834609985
YGL014W,YDR349C,0,-1.0953325,0.09479176998138428,0.9790419340133667,0.9369874000549316
YER019C-A,YLR020C,0,-1.0966288,0.09478260576725006,0.9790419340133667,0.9370874166488647
YPL072W,YDR178W,0,-1.0967921,0.09477344900369644,0.9790419340133667,0.9371874332427979
YJL168C,YDR186C,0,-1.0975027,0.09476429969072342,0.9790419340133667,0.937287449836731
YHR156C,YDL240W,0,-1.0991617,0.0947551429271698,0.9790419340133667,0.9373874664306641
YER089C,YOR047C,1,-1.0996712,0.0948425754904747,0.9800398945808411,0.9373874664306641
YLR077W,YNL182C,0,-1.100863,0.09483341127634048,0.9800398945808411,0.9374874830245972
YDR099W,YIL114C,0,-1.1016771,0.09482425451278687,0.9800398945808411,0.9375874996185303
YPL037C,YDL117W,0,-1.1026044,0.09481509774923325,0.9800398945808411,0.9376875162124634
YJL138C,YHR152W,0,-1.1026162,0.09480594843626022,0.9800398945808411,0.9377875328063965
YOL052C,YLL052C,0,-1.1031735,0.0947967916727066,0.9800398945808411,0.9378875494003296
YNL267W,YIL079C,0,-1.1036525,0.09478764235973358,0.9800398945808411,0.9379876255989075
YCR073C,YBR086C,1,-1.1043253,0.09487501531839371,0.9810379147529602,0.9379876255989075
YHR156C,YPL169C,0,-1.1043427,0.09486585855484009,0.9810379147529602,0.9380876421928406
YGL174W,YMR177W,0,-1.104762,0.09485670179128647,0.9810379147529602,0.9381876587867737
YPR120C,YJL071W,0,-1.1048219,0.09484755247831345,0.9810379147529602,0.9382876753807068
YPL122C,YDL155W,0,-1.1058371,0.09483839571475983,0.9810379147529602,0.9383876919746399
YDL145C,YDR339C,0,-1.107543,0.0948292464017868,0.9810379147529602,0.938487708568573
YGL078C,YCL011C,0,-1.1078055,0.09482010453939438,0.9810379147529602,0.9385877251625061
YKR008W,YPR004C,0,-1.1082281,0.09481095522642136,0.9810379147529602,0.9386877417564392
YOR272W,YER002W,0,-1.1088434,0.09480181336402893,0.9810379147529602,0.9387877583503723
YHR205W,YPL249C-A,0,-1.111199,0.0947926715016365,0.9810379147529602,0.9388877749443054
YPR174C,YLR222C,0,-1.1117393,0.09478352963924408,0.9810379147529602,0.9389877915382385
YPL175W,YBL036C,0,-1.1123277,0.09477439522743225,0.9810379147529602,0.9390878081321716
YJR032W,YOL069W,0,-1.1129404,0.09476525336503983,0.9810379147529602,0.9391878247261047
YOR353C,YOL012C,0,-1.113168,0.094756118953228,0.9810379147529602,0.9392878413200378
YJL058C,YJL050W,0,-1.1134723,0.09474698454141617,0.9810379147529602,0.939387857913971
YOR312C,YLR293C,0,-1.113674,0.09473785758018494,0.9810379147529602,0.939487874507904
YNL262W,YOR320C,0,-1.1140902,0.0947287306189537,0.9810379147529602,0.9395878911018372
YHL006C,YFR047C,0,-1.1146541,0.09471959620714188,0.9810379147529602,0.939687967300415
YDR083W,YFL025C,0,-1.1151781,0.09471047669649124,0.9810379147529602,0.9397879838943481
YOR094W,YER176W,0,-1.1172138,0.09470134973526001,0.9810379147529602,0.9398880004882812
YGL014W,YJL104W,0,-1.1176678,0.09469222277402878,0.9810379147529602,0.9399880170822144
YBR146W,YBR061C,0,-1.1190248,0.09468310326337814,0.9810379147529602,0.9400880336761475
YML081W,YDR017C,0,-1.1193175,0.09467398375272751,0.9810379147529602,0.9401880502700806
YPL043W,YNL257C,0,-1.1201447,0.09466487169265747,0.9810379147529602,0.9402880668640137
YBR162W-A,YKL054C,0,-1.1208038,0.09465575218200684,0.9810379147529602,0.9403880834579468
YDR025W,YAL038W,0,-1.1241753,0.0946466401219368,0.9810379147529602,0.9404881000518799
YNL148C,YPL233W,0,-1.1242697,0.09463752806186676,0.9810379147529602,0.940588116645813
YOR043W,YHL007C,1,-1.1247113,0.09472468495368958,0.9820359349250793,0.940588116645813
YPR171W,YCR066W,0,-1.1259948,0.09471556544303894,0.9820359349250793,0.9406881332397461
YKR100C,YPL227C,0,-1.127131,0.0947064459323883,0.9820359349250793,0.9407881498336792
YCR034W,YGL019W,0,-1.1298165,0.09469733387231827,0.9820359349250793,0.9408881664276123
YNL080C,YMR011W,0,-1.1308436,0.09468822181224823,0.9820359349250793,0.9409881830215454
YMR231W,YHR039C-A,0,-1.1318544,0.09467910975217819,0.9820359349250793,0.9410881996154785
YBL061C,YLR332W,1,-1.1324407,0.09476621448993683,0.9830339550971985,0.9410881996154785
YKR085C,YKR027W,0,-1.1330166,0.0947570949792862,0.9830339550971985,0.9411882162094116
YML016C,YHR143W-A,0,-1.1330659,0.09474798291921616,0.9830339550971985,0.9412882328033447
YDL148C,YKL099C,0,-1.1342474,0.09473886340856552,0.9830339550971985,0.9413882493972778
YPR026W,YHL038C,0,-1.1346018,0.09472975879907608,0.9830339550971985,0.9414883255958557
YHR062C,YOR033C,0,-1.1358037,0.09472064673900604,0.9830339550971985,0.9415883421897888
YGR105W,YLR305C,0,-1.1367313,0.0947115421295166,0.9830339550971985,0.9416883587837219
YOR310C,YPL082C,0,-1.1373271,0.09470243006944656,0.9830339550971985,0.941788375377655
YPR058W,YPR046W,0,-1.1374973,0.09469332545995712,0.9830339550971985,0.9418883919715881
YLL031C,YPL274W,0,-1.1378971,0.09468422830104828,0.9830339550971985,0.9419884085655212
YDR235W,YOR115C,0,-1.138708,0.09467512369155884,0.9830339550971985,0.9420884251594543
YER145C,YOR304C-A,0,-1.1405202,0.09466602653265,0.9830339550971985,0.9421884417533875
YER141W,YOR297C,0,-1.1408952,0.09465692937374115,0.9830339550971985,0.9422884583473206
YJL058C,YMR177W,0,-1.1409471,0.0946478322148323,0.9830339550971985,0.9423884749412537
YNL050C,YGL076C,0,-1.142115,0.09463874250650406,0.9830339550971985,0.9424884915351868
YPR011C,YML096W,0,-1.1442822,0.09462964534759521,0.9830339550971985,0.9425885081291199
YKL014C,YDR346C,0,-1.1461842,0.09462055563926697,0.9830339550971985,0.942688524723053
YNR003C,YOR123C,0,-1.1466746,0.09461146593093872,0.9830339550971985,0.9427885413169861
YIL022W,YDR500C,0,-1.1470442,0.09460238367319107,0.9830339550971985,0.9428885579109192
YJR117W,YDL083C,0,-1.1470944,0.09459329396486282,0.9830339550971985,0.9429885745048523
YDR171W,YNL122C,0,-1.1477174,0.09458421170711517,0.9830339550971985,0.9430885910987854
YER118C,YLR319C,1,-1.1484623,0.09467114508152008,0.9840319156646729,0.9430885910987854
YOR284W,YDR113C,0,-1.1525823,0.09466205537319183,0.9840319156646729,0.9431886672973633
YBR031W,YBR247C,0,-1.1526082,0.09465297311544418,0.9840319156646729,0.9432886838912964
YIL147C,YJL208C,0,-1.153227,0.09464388340711594,0.9840319156646729,0.9433887004852295
YJL010C,YHR039C,0,-1.1542633,0.09463480114936829,0.9840319156646729,0.9434887170791626
YPL210C,YJL179W,0,-1.1545508,0.09462571889162064,0.9840319156646729,0.9435887336730957
YPR181C,YGR096W,0,-1.1563759,0.09461663663387299,0.9840319156646729,0.9436887502670288
YGL094C,YGR105W,0,-1.1577547,0.09460756182670593,0.9840319156646729,0.9437887668609619
YML006C,YBR096W,0,-1.1585684,0.09459848701953888,0.9840319156646729,0.943888783454895
YBR189W,YDL240W,0,-1.1591914,0.09458941221237183,0.9840319156646729,0.9439888000488281
YPL163C,YBR042C,0,-1.1601691,0.09458033740520477,0.9840319156646729,0.9440888166427612
YBR272C,YGR084C,0,-1.1601822,0.09457126259803772,0.9840319156646729,0.9441888332366943
YJR007W,YGR169C,0,-1.1612623,0.09456219524145126,0.9840319156646729,0.9442888498306274
YKL114C,YKR072C,0,-1.1634226,0.09455312788486481,0.9840319156646729,0.9443888664245605
YAL011W,YOL066C,0,-1.1636698,0.09454406052827835,0.9840319156646729,0.9444888830184937
YGL226C-A,YDL142C,0,-1.1645664,0.0945349931716919,0.9840319156646729,0.9445888996124268
YOL141W,YDL036C,0,-1.166279,0.09452593326568604,0.9840319156646729,0.9446889162063599
YLR259C,YMR267W,0,-1.1668236,0.09451687335968018,0.9840319156646729,0.944788932800293
YCR027C,YOR001W,0,-1.1699779,0.09450781345367432,0.9840319156646729,0.9448889493942261
YHR084W,YLR210W,0,-1.1711926,0.09449875354766846,0.9840319156646729,0.944989025592804
YKR099W,YJR032W,0,-1.1715283,0.0944897010922432,0.9840319156646729,0.9450890421867371
YGL203C,YLR268W,0,-1.1727347,0.09448064118623734,0.9840319156646729,0.9451890587806702
YBR182C,YKR072C,1,-1.1731381,0.09456740319728851,0.985029935836792,0.9451890587806702
YOR215C,YPL072W,0,-1.1741828,0.09455834329128265,0.985029935836792,0.9452890753746033
YLR424W,YLR056W,0,-1.1744409,0.0945492833852768,0.985029935836792,0.9453890919685364
YHR026W,YFL050C,0,-1.1755881,0.09454023092985153,0.985029935836792,0.9454891085624695
YDR378C,YBR257W,0,-1.1767917,0.09453117847442627,0.985029935836792,0.9455891251564026
YFR001W,YNR024W,0,-1.1774738,0.09452211856842041,0.985029935836792,0.9456891417503357
YNL076W,YKR056W,0,-1.1779431,0.09451307356357574,0.985029935836792,0.9457891583442688
YPL036W,YKL182W,0,-1.1782597,0.09450402110815048,0.985029935836792,0.9458891749382019
YFL001W,YNL261W,0,-1.1785367,0.09449497610330582,0.985029935836792,0.945989191532135
YGL203C,YGR103W,0,-1.17871,0.09448593109846115,0.985029935836792,0.9460892081260681
YER115C,YBR271W,0,-1.1810819,0.09447688609361649,0.985029935836792,0.9461892247200012
YER089C,YNL271C,1,-1.1814029,0.0945635512471199,0.9860279560089111,0.9461892247200012
YBR187W,YPR143W,0,-1.1848445,0.09455450624227524,0.9860279560089111,0.9462892413139343
YBR230C,YPL132W,0,-1.1854198,0.09454545378684998,0.9860279560089111,0.9463892579078674
YDL225W,YJL179W,0,-1.1856402,0.09453640878200531,0.9860279560089111,0.9464892745018005
YOL051W,YOR298W,0,-1.1879978,0.09452736377716064,0.9860279560089111,0.9465892910957336
YOL028C,YGR264C,0,-1.1883891,0.09451831877231598,0.9860279560089111,0.9466893672943115
YML112W,YPR189W,0,-1.1891084,0.09450928121805191,0.9860279560089111,0.9467893838882446
YPL212C,YGR094W,0,-1.189929,0.09450023621320724,0.9860279560089111,0.9468894004821777
YMR121C,YDL022W,0,-1.1904517,0.09449119865894318,0.9860279560089111,0.9469894170761108
YPR133W-A,YER146W,0,-1.1943822,0.0944821685552597,0.9860279560089111,0.947089433670044
YLR239C,YMR143W,0,-1.194484,0.09447313100099564,0.9860279560089111,0.947189450263977
YML078W,YDR398W,0,-1.1955682,0.09446410089731216,0.9860279560089111,0.9472894668579102
YJL122W,YER127W,0,-1.1979302,0.0944550633430481,0.9860279560089111,0.9473894834518433
YOL021C,YNR037C,0,-1.1985087,0.09444604068994522,0.9860279560089111,0.9474895000457764
YFL001W,YML031W,0,-1.1985347,0.09443701058626175,0.9860279560089111,0.9475895166397095
YML123C,YLR369W,0,-1.2003431,0.09442798793315887,0.9860279560089111,0.9476895332336426
YER016W,YLR083C,0,-1.2005097,0.0944189578294754,0.9860279560089111,0.9477895498275757
YBR216C,YKR085C,0,-1.2020793,0.09440993517637253,0.9860279560089111,0.9478895664215088
YML071C,YLR135W,0,-1.2049475,0.09440091997385025,0.9860279560089111,0.9479895830154419
YBR179C,YOR145C,0,-1.2058392,0.09439189732074738,0.9860279560089111,0.948089599609375
YJL050W,YJR077C,0,-1.2091246,0.0943828821182251,0.9860279560089111,0.9481896162033081
YML081W,YDR404C,0,-1.2093472,0.09437386691570282,0.9860279560089111,0.9482896327972412
YIL143C,YGR109C,0,-1.2123137,0.09436485171318054,0.9860279560089111,0.9483896493911743
YML026C,YDR346C,0,-1.212645,0.09435583651065826,0.9860279560089111,0.9484897255897522
YGR296W,YDR395W,0,-1.2141614,0.09434682875871658,0.9860279560089111,0.9485897421836853
YNL016W,YMR260C,0,-1.2145413,0.0943378210067749,0.9860279560089111,0.9486897587776184
YBR031W,YDR144C,0,-1.2149242,0.09432881325483322,0.9860279560089111,0.9487897753715515
YJL054W,YLR085C,0,-1.2155329,0.09431980550289154,0.9860279560089111,0.9488897919654846
YOR293W,YPL235W,0,-1.2162092,0.09431080520153046,0.9860279560089111,0.9489898085594177
YPR004C,YHR061C,0,-1.2162952,0.09430180490016937,0.9860279560089111,0.9490898251533508
YHR110W,YML093W,0,-1.2163762,0.09429280459880829,0.9860279560089111,0.9491898417472839
YMR125W,YLR314C,0,-1.2165551,0.0942838042974472,0.9860279560089111,0.949289858341217
YDR280W,YBL034C,0,-1.217633,0.09427481144666672,0.9860279560089111,0.9493898749351501
YNL199C,YMR112C,0,-1.2184565,0.09426581114530563,0.9860279560089111,0.9494898915290833
YIL132C,YJL085W,0,-1.2198803,0.09425681829452515,0.9860279560089111,0.9495899081230164
YGL105W,YDR146C,0,-1.2200971,0.09424783289432526,0.9860279560089111,0.9496899247169495
YMR321C,YDR062W,0,-1.220615,0.09423884004354477,0.9860279560089111,0.9497899413108826
YNL309W,YBR276C,0,-1.2207767,0.09422985464334488,0.9860279560089111,0.9498899579048157
YKR008W,YKR025W,0,-1.2211313,0.09422086924314499,0.9860279560089111,0.9499899744987488
YGR239C,YCR066W,0,-1.2212135,0.0942118838429451,0.9860279560089111,0.9500899910926819
YDL081C,YEL037C,0,-1.2214639,0.09420289844274521,0.9860279560089111,0.9501900672912598
YKL029C,YKL172W,0,-1.2217531,0.09419392049312592,0.9860279560089111,0.9502900838851929
YHL001W,YDR364C,0,-1.2222102,0.09418493509292603,0.9860279560089111,0.950390100479126
YPR095C,YAL033W,0,-1.2227577,0.09417595714330673,0.9860279560089111,0.9504901170730591
YDR099W,YKR093W,0,-1.2233961,0.09416698664426804,0.9860279560089111,0.9505901336669922
YGR281W,YGR108W,0,-1.2249081,0.09415800869464874,0.9860279560089111,0.9506901502609253
YBR115C,YDR025W,0,-1.2258725,0.09414903819561005,0.9860279560089111,0.9507901668548584
YNR021W,YLR274W,0,-1.2262815,0.09414006769657135,0.9860279560089111,0.9508901834487915
YER172C,YKL078W,0,-1.2265673,0.09413109719753265,0.9860279560089111,0.9509902000427246
YOR361C,YIL040W,0,-1.2268827,0.09412212669849396,0.9860279560089111,0.9510902166366577
YPR171W,YPL180W,1,-1.2273748,0.09420841932296753,0.9870259761810303,0.9510902166366577
YGR171C,YHR051W,0,-1.2293937,0.09419944882392883,0.9870259761810303,0.9511902332305908
YAL042W,YGR077C,0,-1.2315426,0.09419047832489014,0.9870259761810303,0.9512902498245239
YIL052C,YDR020C,0,-1.2322725,0.09418150782585144,0.9870259761810303,0.951390266418457
YKL020C,YOR078W,0,-1.2323935,0.09417253732681274,0.9870259761810303,0.9514902830123901
YDR147W,YLR088W,0,-1.2330246,0.09416357427835464,0.9870259761810303,0.9515902996063232
YER040W,YNL182C,0,-1.2346976,0.09415461122989655,0.9870259761810303,0.9516903162002563
YBR222C,YDL084W,0,-1.2377667,0.09414564818143845,0.9870259761810303,0.9517903327941895
YCR016W,YBR167C,0,-1.2385391,0.09413668513298035,0.9870259761810303,0.9518903493881226
YIL143C,YIL134W,0,-1.2415292,0.09412772208452225,0.9870259761810303,0.9519904255867004
YPR162C,YML065W,0,-1.241949,0.09411876648664474,0.9870259761810303,0.9520904421806335
YOR279C,YML056C,0,-1.2422454,0.09410981088876724,0.9870259761810303,0.9521904587745667
YLR196W,YPL242C,0,-1.2423174,0.09410085529088974,0.9870259761810303,0.9522904753684998
YNL094W,YGL241W,0,-1.2423785,0.09409190714359283,0.9870259761810303,0.9523904919624329
YDR097C,YGR227W,0,-1.2430011,0.09408295154571533,0.9870259761810303,0.952490508556366
YDL209C,YBR070C,0,-1.243375,0.09407400339841843,0.9870259761810303,0.9525905251502991
YMR301C,YIL134W,0,-1.2434448,0.09406505525112152,0.9870259761810303,0.9526905417442322
YLR270W,YMR158W,0,-1.2441752,0.09405610710382462,0.9870259761810303,0.9527905583381653
YNL271C,YKR072C,1,-1.2450857,0.09414225816726685,0.9880239367485046,0.9527905583381653
YDR027C,YDL179W,0,-1.2470121,0.09413331001996994,0.9880239367485046,0.9528905749320984
YPR060C,YOL045W,0,-1.2483706,0.09412436187267303,0.9880239367485046,0.9529905915260315
YCR071C,YOL122C,0,-1.2497774,0.09411541372537613,0.9880239367485046,0.9530906081199646
YBR080C,YHR133C,0,-1.2500252,0.09410646557807922,0.9880239367485046,0.9531906247138977
YER168C,YDL081C,0,-1.2524374,0.09409751743078232,0.9880239367485046,0.9532906413078308
YLL018C,YDR469W,0,-1.2552621,0.09408857673406601,0.9880239367485046,0.9533906579017639
YLR129W,YJL074C,0,-1.255408,0.0940796360373497,0.9880239367485046,0.953490674495697
YOR260W,YJL006C,0,-1.2566957,0.09407069534063339,0.9880239367485046,0.9535906910896301
YML036W,YHR034C,0,-1.2574558,0.09406175464391708,0.9880239367485046,0.953690767288208
YPR026W,YER058W,0,-1.2579703,0.09405282139778137,0.9880239367485046,0.9537907838821411
YPR171W,YMR032W,1,-1.2584919,0.09413888305425644,0.9890219569206238,0.9537907838821411
YGR257C,YFR033C,0,-1.2617662,0.09412994235754013,0.9890219569206238,0.9538908004760742
YPR190C,YPR034W,0,-1.2628222,0.09412100166082382,0.9890219569206238,0.9539908170700073
YGR283C,YBR265W,0,-1.2634085,0.09411206096410751,0.9890219569206238,0.9540908336639404
YMR213W,YIL142W,0,-1.263454,0.0941031277179718,0.9890219569206238,0.9541908502578735
YDR399W,YER014W,0,-1.2650939,0.0940941870212555,0.9890219569206238,0.9542908668518066
YHR154W,YOR038C,0,-1.2671864,0.09408525377511978,0.9890219569206238,0.9543908834457397
YML056C,YCL014W,0,-1.2686942,0.09407632797956467,0.9890219569206238,0.9544909000396729
YKL029C,YGL115W,0,-1.2691662,0.09406739473342896,0.9890219569206238,0.954590916633606
YGR109C,YIL085C,0,-1.2705752,0.09405846893787384,0.9890219569206238,0.9546909332275391
YMR260C,YGR212W,0,-1.2708603,0.09404954314231873,0.9890219569206238,0.9547909498214722
YMR234W,YKR092C,0,-1.2731475,0.09404061734676361,0.9890219569206238,0.9548909664154053
YBR200W,YNL132W,0,-1.2762773,0.0940316915512085,0.9890219569206238,0.9549909830093384
YNL231C,YDR383C,0,-1.2768856,0.09402277320623398,0.9890219569206238,0.9550909996032715
YGR285C,YHR014W,0,-1.2783583,0.09401384741067886,0.9890219569206238,0.9551910161972046
YKL003C,YER127W,0,-1.2788799,0.09400492906570435,0.9890219569206238,0.9552910327911377
YDR017C,YOR239W,0,-1.2798678,0.09399601817131042,0.9890219569206238,0.9553910493850708
YDR037W,YBR020W,0,-1.2832098,0.09398709982633591,0.9890219569206238,0.9554911255836487
YIL132C,YDR078C,0,-1.2869344,0.09397818893194199,0.9890219569206238,0.9555911421775818
YHR085W,YML111W,0,-1.2874612,0.09396927803754807,0.9890219569206238,0.9556911587715149
YKL191W,YDR414C,0,-1.2884458,0.09396036714315414,0.9890219569206238,0.955791175365448
YPL239W,YLR024C,0,-1.288635,0.09395146369934082,0.9890219569206238,0.9558911919593811
YOR158W,YPL078C,0,-1.2891566,0.0939425528049469,0.9890219569206238,0.9559912085533142
YGR004W,YKL014C,0,-1.2900357,0.09393364936113358,0.9890219569206238,0.9560912251472473
YLL008W,YDR398W,0,-1.2909837,0.09392474591732025,0.9890219569206238,0.9561912417411804
YGR113W,YPR101W,0,-1.2912362,0.09391584247350693,0.9890219569206238,0.9562912583351135
YDR119W,YFL025C,0,-1.2922661,0.0939069464802742,0.9890219569206238,0.9563912749290466
YHR066W,YDR349C,0,-1.2932892,0.09389805048704147,0.9890219569206238,0.9564912915229797
YJL206C,YGR103W,0,-1.2936509,0.09388915449380875,0.9890219569206238,0.9565913081169128
YLR435W,YJL002C,0,-1.2941897,0.09388025850057602,0.9890219569206238,0.956691324710846
YDL208W,YER032W,0,-1.295068,0.09387136250734329,0.9890219569206238,0.956791341304779
YJL122W,YCR066W,0,-1.2960427,0.09386247396469116,0.9890219569206238,0.9568913578987122
YPL013C,YML092C,0,-1.2964067,0.09385358542203903,0.9890219569206238,0.9569913744926453
YNL113W,YDR527W,0,-1.2985722,0.0938446968793869,0.9890219569206238,0.9570913910865784
YFR031C-A,YMR161W,0,-1.2990657,0.09383580833673477,0.9890219569206238,0.9571914672851562
YDR160W,YDR457W,0,-1.2992773,0.09382692724466324,0.9890219569206238,0.9572914838790894
YMR321C,YIL091C,0,-1.2995948,0.0938180461525917,0.9890219569206238,0.9573915004730225
YNL247W,YBR192W,0,-1.3015411,0.09380916506052017,0.9890219569206238,0.9574915170669556
YDR087C,YBR276C,0,-1.3030952,0.09380028396844864,0.9890219569206238,0.9575915336608887
YIL127C,YDR538W,0,-1.3037114,0.0937914028763771,0.9890219569206238,0.9576915502548218
YOR194C,YBR278W,0,-1.3048022,0.09378252923488617,0.9890219569206238,0.9577915668487549
YMR202W,YFL034C-A,0,-1.3048998,0.09377365559339523,0.9890219569206238,0.957891583442688
YPR135W,YOL010W,0,-1.3049452,0.0937647819519043,0.9890219569206238,0.9579916000366211
YNL271C,YOR047C,1,-1.3052542,0.0938505232334137,0.9900199770927429,0.9579916000366211
YMR228W,YHR085W,0,-1.3068982,0.09384164214134216,0.9900199770927429,0.9580916166305542
YKR026C,YDR030C,0,-1.3072785,0.09383276849985123,0.9900199770927429,0.9581916332244873
YKL006C-A,YKR024C,0,-1.309682,0.0938238874077797,0.9900199770927429,0.9582916498184204
YOR393W,YLL016W,0,-1.3097076,0.09381502121686935,0.9900199770927429,0.9583916664123535
YOL128C,YEL053C,0,-1.3100841,0.09380614757537842,0.9900199770927429,0.9584916830062866
YOR025W,YDL058W,0,-1.3101263,0.09379727393388748,0.9900199770927429,0.9585916996002197
YDR409W,YNL221C,0,-1.3112202,0.09378840774297714,0.9900199770927429,0.9586917161941528
YFR027W,YMR131C,0,-1.312267,0.0937795415520668,0.9900199770927429,0.9587917327880859
YGR245C,YHR164C,0,-1.3155684,0.09377067536115646,0.9900199770927429,0.958891749382019
YOL146W,YOR197W,0,-1.3162616,0.09376181662082672,0.9900199770927429,0.9589918255805969
YNL113W,YOL054W,0,-1.3204547,0.09375295042991638,0.9900199770927429,0.95909184217453
YDL170W,YJL071W,0,-1.3205016,0.09374409168958664,0.9900199770927429,0.9591918587684631
YGR215W,YLR384C,0,-1.3210335,0.0937352329492569,0.9900199770927429,0.9592918753623962
YOR091W,YLR242C,0,-1.3211277,0.09372638165950775,0.9900199770927429,0.9593918919563293
YHR107C,YNL262W,0,-1.3218116,0.09371752291917801,0.9900199770927429,0.9594919085502625
YLL008W,YER130C,0,-1.3222003,0.09370867162942886,0.9900199770927429,0.9595919251441956
YDL207W,YBR247C,0,-1.3236175,0.09369982033967972,0.9900199770927429,0.9596919417381287
YML093W,YKR010C,0,-1.324029,0.09369096904993057,0.9900199770927429,0.9597919583320618
YBR293W,YOR206W,0,-1.3240724,0.09368212521076202,0.9900199770927429,0.9598919749259949
YIL159W,YER118C,1,-1.3241944,0.09376770257949829,0.9910179376602173,0.9598919749259949
YNL236W,YBL028C,0,-1.3254994,0.09375885128974915,0.9910179376602173,0.959991991519928
YPL037C,YKL078W,0,-1.3257931,0.09375,0.9910179376602173,0.9600920081138611
YDR302W,YDR146C,0,-1.3259722,0.09374114871025085,0.9910179376602173,0.9601920247077942
YGR083C,YNL021W,0,-1.326057,0.0937323048710823,0.9910179376602173,0.9602920413017273
YKR079C,YGL238W,0,-1.3268454,0.09372345358133316,0.9910179376602173,0.9603920578956604
YER102W,YOR078W,0,-1.3270397,0.09371460974216461,0.9910179376602173,0.9604920744895935
YKL139W,YBR028C,0,-1.3278831,0.09370576590299606,0.9910179376602173,0.9605920910835266
YCR034W,YKL063C,0,-1.328752,0.09369692206382751,0.9910179376602173,0.9606921672821045
YMR035W,YGL127C,0,-1.3297377,0.09368808567523956,0.9910179376602173,0.9607921838760376
YBR162C,YBL008W,0,-1.3298163,0.09367924183607101,0.9910179376602173,0.9608922004699707
YPR080W,YBR094W,0,-1.329961,0.09367040544748306,0.9910179376602173,0.9609922170639038
YPL239W,YHL007C,1,-1.3316793,0.09375589340925217,0.9920159578323364,0.9609922170639038
YDR363W,YMR269W,0,-1.3321669,0.09374704957008362,0.9920159578323364,0.9610922336578369
YDR159W,YOR212W,0,-1.3329705,0.09373821318149567,0.9920159578323364,0.96119225025177
YNL124W,YPL249C-A,0,-1.3335085,0.09372936934232712,0.9920159578323364,0.9612922668457031
YDL175C,YNL023C,0,-1.33582,0.09372053295373917,0.9920159578323364,0.9613922834396362
YPR068C,YNR056C,0,-1.3360567,0.09371169656515121,0.9920159578323364,0.9614923000335693
YHR204W,YDR091C,0,-1.3365498,0.09370286762714386,0.9920159578323364,0.9615923166275024
YJL191W,YLR084C,0,-1.3368443,0.09369403123855591,0.9920159578323364,0.9616923332214355
YBL061C,YDR162C,1,-1.3389528,0.09377945214509964,0.9930139780044556,0.9616923332214355
YBR034C,YNL273W,0,-1.3392555,0.09377061575651169,0.9930139780044556,0.9617923498153687
YDR217C,YPL105C,0,-1.3394309,0.09376177936792374,0.9930139780044556,0.9618923664093018
YOR034C,YLR367W,0,-1.3399216,0.09375294297933578,0.9930139780044556,0.9619923830032349
YML062C,YJR032W,0,-1.3410684,0.09374411404132843,0.9930139780044556,0.962092399597168
YER040W,YNL065W,0,-1.3412468,0.09373527765274048,0.9930139780044556,0.9621924161911011
YDL052C,YJL011C,0,-1.3418374,0.09372644871473312,0.9930139780044556,0.9622924327850342
YDR037W,YPL066W,0,-1.3418765,0.09371761977672577,0.9930139780044556,0.9623924493789673
YNL047C,YMR176W,0,-1.3424428,0.09370879828929901,0.9930139780044556,0.9624925255775452
YOR056C,YGL257C,0,-1.344696,0.09369996935129166,0.9930139780044556,0.9625925421714783
YOR189W,YHR148W,0,-1.3456653,0.0936911478638649,0.9930139780044556,0.9626925587654114
YNR046W,YGR090W,0,-1.3459997,0.09368232637643814,0.9930139780044556,0.9627925753593445
YPL151C,YLR009W,0,-1.3460842,0.09367350488901138,0.9930139780044556,0.9628925919532776
YPL001W,YDR075W,0,-1.3465021,0.09366469085216522,0.9930139780044556,0.9629926085472107
YOR056C,YNL070W,0,-1.3488746,0.09365587681531906,0.9930139780044556,0.9630926251411438
YGR186W,YHR060W,0,-1.3491637,0.0936470553278923,0.9930139780044556,0.9631926417350769
YMR270C,YLR421C,0,-1.3494146,0.09363824874162674,0.9930139780044556,0.96329265832901
YOR168W,YBL026W,0,-1.3502179,0.09362943470478058,0.9930139780044556,0.9633926749229431
YJL184W,YPL180W,1,-1.350533,0.09371471405029297,0.9940119981765747,0.9633926749229431
YDL225W,YOL010W,0,-1.3531116,0.09370590001344681,0.9940119981765747,0.9634926915168762
YLR233C,YLR336C,0,-1.3540568,0.09369708597660065,0.9940119981765747,0.9635927081108093
YML071C,YGL097W,0,-1.354516,0.09368827193975449,0.9940119981765747,0.9636927247047424
YOR188W,YDR075W,0,-1.3551443,0.09367945790290833,0.9940119981765747,0.9637927412986755
YGR285C,YGL043W,0,-1.3552947,0.09367065131664276,0.9940119981765747,0.9638927578926086
YOL121C,YOR330C,0,-1.3556623,0.0936618372797966,0.9940119981765747,0.9639927744865417
YGR296W,YJL177W,0,-1.3568802,0.09365303069353104,0.9940119981765747,0.9640927910804749
YIL020C,YDR110W,0,-1.3582598,0.09364422410726547,0.9940119981765747,0.9641928672790527
YHR065C,YLR190W,0,-1.3602294,0.0936354249715805,0.9940119981765747,0.9642928838729858
YDR463W,YOR119C,0,-1.3603249,0.09362661838531494,0.9940119981765747,0.964392900466919
YLL018C,YLR143W,0,-1.3604301,0.09361781924962997,0.9940119981765747,0.964492917060852
YOR009W,YOR209C,0,-1.362119,0.09360902011394501,0.9940119981765747,0.9645929336547852
YML021C,YDL155W,0,-1.3631754,0.09360022842884064,0.9940119981765747,0.9646929502487183
YOR301W,YAL019W,0,-1.363717,0.09359142929315567,0.9940119981765747,0.9647929668426514
YBR243C,YLL002W,0,-1.3660095,0.0935826376080513,0.9940119981765747,0.9648929834365845
YDR398W,YIL080W,0,-1.3663497,0.09357384592294693,0.9940119981765747,0.9649930000305176
YLR129W,YDR227W,0,-1.3667883,0.09356505423784256,0.9940119981765747,0.9650930166244507
YDR168W,YPL242C,1,-1.3669645,0.0936501994729042,0.9950099587440491,0.9650930166244507
YOL034W,YBR188C,0,-1.3678627,0.09364140033721924,0.9950099587440491,0.9651930332183838
YNR006W,YEL006W,0,-1.3704078,0.09363260865211487,0.9950099587440491,0.9652930498123169
YDR217C,YOR094W,0,-1.3769953,0.0936238169670105,0.9950099587440491,0.96539306640625
YOL021C,YGL067W,0,-1.3776948,0.09361502528190613,0.9950099587440491,0.9654930830001831
YOL144W,YDR500C,0,-1.3778592,0.09360623359680176,0.9950099587440491,0.9655930995941162
YER118C,YBR044C,0,-1.3787905,0.09359744936227798,0.9950099587440491,0.9656931161880493
YDR216W,YNR036C,0,-1.3808693,0.09358865767717361,0.9950099587440491,0.9657931327819824
YGR195W,YOR038C,0,-1.3821169,0.09357987344264984,0.9950099587440491,0.9658931493759155
YOR188W,YBR034C,0,-1.3823886,0.09357109665870667,0.9950099587440491,0.9659932255744934
YBL052C,YML111W,0,-1.3824143,0.09356231242418289,0.9950099587440491,0.9660932421684265
YNL122C,YKR092C,0,-1.3835949,0.09355353564023972,0.9950099587440491,0.9661932587623596
YLR088W,YGL246C,0,-1.383942,0.09354475140571594,0.9950099587440491,0.9662932753562927
YKL065C,YCR003W,0,-1.3844819,0.09353598207235336,0.9950099587440491,0.9663932919502258
YNL110C,YMR059W,0,-1.3859347,0.09352720528841019,0.9950099587440491,0.9664933085441589
YOR191W,YNL317W,0,-1.3877196,0.09351842850446701,0.9950099587440491,0.966593325138092
YGL111W,YOL004W,0,-1.3882468,0.09350965917110443,0.9950099587440491,0.9666933417320251
YBL085W,YHR133C,0,-1.3884381,0.09350088983774185,0.9950099587440491,0.9667933583259583
YFL049W,YML046W,0,-1.3885701,0.09349212050437927,0.9950099587440491,0.9668933749198914
YDL189W,YMR063W,0,-1.3893023,0.09348335862159729,0.9950099587440491,0.9669933915138245
YOL068C,YLR449W,0,-1.3899177,0.09347458928823471,0.9950099587440491,0.9670934081077576
YDR471W,YOR260W,0,-1.3900954,0.09346582740545273,0.9950099587440491,0.9671934247016907
YGL029W,YKL149C,0,-1.3906556,0.09345706552267075,0.9950099587440491,0.9672934412956238
YIR025W,YLR017W,0,-1.3909256,0.09344831109046936,0.9950099587440491,0.9673934578895569
YGR072W,YFL034C-A,0,-1.3938272,0.09343954920768738,0.9950099587440491,0.96749347448349
YOL068C,YFR001W,0,-1.395586,0.09343079477548599,0.9950099587440491,0.9675934910774231
YOR362C,YER063W,0,-1.3956381,0.0934220403432846,0.9950099587440491,0.967693567276001
YEL003W,YNR031C,0,-1.4005098,0.09341328591108322,0.9950099587440491,0.9677935838699341
YLR435W,YHR041C,0,-1.4005225,0.09340453147888184,0.9950099587440491,0.9678936004638672
YKL205W,YAR008W,0,-1.400559,0.09339578449726105,0.9950099587440491,0.9679936170578003
YDR331W,YER032W,0,-1.4009051,0.09338703751564026,0.9950099587440491,0.9680936336517334
YGR296W,YIL096C,0,-1.4010429,0.09337829053401947,0.9950099587440491,0.9681936502456665
YPL069C,YNL132W,0,-1.4027357,0.09336954355239868,0.9950099587440491,0.9682936668395996
YHR060W,YDR225W,0,-1.4028128,0.09336080402135849,0.9950099587440491,0.9683936834335327
YLR187W,YLR073C,0,-1.4034383,0.0933520570397377,0.9950099587440491,0.9684937000274658
YAL019W,YHR065C,0,-1.4067866,0.09334331750869751,0.9950099587440491,0.9685937166213989
YLR182W,YLR061W,0,-1.4074281,0.09333457797765732,0.9950099587440491,0.968693733215332
YER017C,YIL022W,0,-1.409617,0.09332584589719772,0.9950099587440491,0.9687937498092651
YDR395W,YLR175W,0,-1.4108213,0.09331710636615753,0.9950099587440491,0.9688937664031982
YER157W,YHR062C,0,-1.4114699,0.09330837428569794,0.9950099587440491,0.9689937829971313
YBR073W,YPL082C,0,-1.4124178,0.09329964220523834,0.9950099587440491,0.9690937995910645
YGR081C,YBR004C,0,-1.4133247,0.09329091757535934,0.9950099587440491,0.9691938161849976
YLR409C,YDL005C,0,-1.4183103,0.09328218549489975,0.9950099587440491,0.9692938327789307
YGR169C,YLR372W,0,-1.4195008,0.09327346086502075,0.9950099587440491,0.9693938493728638
YJL183W,YAR008W,0,-1.4199694,0.09326473623514175,0.9950099587440491,0.9694939255714417
YLR103C,YIR008C,0,-1.4201651,0.09325601160526276,0.9950099587440491,0.9695939421653748
YOL102C,YDL154W,0,-1.4216332,0.09324728697538376,0.9950099587440491,0.9696939587593079
YDR454C,YBR247C,0,-1.4233805,0.09323856979608536,0.9950099587440491,0.969793975353241
YHR187W,YNL087W,0,-1.4235396,0.09322984516620636,0.9950099587440491,0.9698939919471741
YNL267W,YDR395W,0,-1.4244158,0.09322112798690796,0.9950099587440491,0.9699940085411072
YKR044W,YJR046W,0,-1.4245688,0.09321241825819016,0.9950099587440491,0.9700940251350403
YDR081C,YDL191W,0,-1.4249084,0.09320370107889175,0.9950099587440491,0.9701940417289734
YOR361C,YOR311C,0,-1.428824,0.09319499135017395,0.9950099587440491,0.9702940583229065
YNL062C,YEL029C,0,-1.4288578,0.09318628162145615,0.9950099587440491,0.9703940749168396
YBL061C,YOL064C,1,-1.4301176,0.09327102452516556,0.9960079789161682,0.9703940749168396
YPL179W,YLR009W,0,-1.4302903,0.09326231479644775,0.9960079789161682,0.9704940915107727
YGR277C,YLR020C,0,-1.4308628,0.09325359761714935,0.9960079789161682,0.9705941081047058
YNL316C,YLR316C,0,-1.4319166,0.09324488788843155,0.9960079789161682,0.9706941246986389
YNR012W,YIL131C,0,-1.4319285,0.09323617070913315,0.9960079789161682,0.970794141292572
YOR312C,YGR215W,0,-1.4368396,0.09322746098041534,0.9960079789161682,0.9708941578865051
YJR043C,YPL139C,0,-1.4392483,0.09321875870227814,0.9960079789161682,0.9709941744804382
YKR083C,YNL137C,0,-1.4396522,0.09321004897356033,0.9960079789161682,0.9710941910743713
YML067C,YOR038C,0,-1.4414692,0.09320134669542313,0.9960079789161682,0.9711942672729492
YDR496C,YOL045W,0,-1.4417315,0.09319264441728592,0.9960079789161682,0.9712942838668823
YFL001W,YMR242C,0,-1.4433949,0.09318394213914871,0.9960079789161682,0.9713943004608154
YNL271C,YBR118W,0,-1.4440739,0.0931752398610115,0.9960079789161682,0.9714943170547485
YNR026C,YDR091C,0,-1.4443045,0.0931665450334549,0.9960079789161682,0.9715943336486816
YJR082C,YKR010C,0,-1.4458039,0.09315784275531769,0.9960079789161682,0.9716943502426147
YCR066W,YGL112C,0,-1.4491843,0.09314914792776108,0.9960079789161682,0.9717943668365479
YKL048C,YEL048C,0,-1.4526123,0.09314046055078506,0.9960079789161682,0.971894383430481
YIL147C,YLR319C,1,-1.4595332,0.09322508424520493,0.9970059990882874,0.971894383430481
YGR245C,YLR285W,0,-1.4603221,0.09321638196706772,0.9970059990882874,0.9719944000244141
YGL078C,YCR035C,0,-1.4619395,0.09320768713951111,0.9970059990882874,0.9720944166183472
YJR006W,YPL124W,0,-1.4634517,0.0931989923119545,0.9970059990882874,0.9721944332122803
YGL216W,YDL226C,0,-1.463666,0.09319029748439789,0.9970059990882874,0.9722944498062134
YGR166W,YLR316C,0,-1.4668907,0.09318160265684128,0.9970059990882874,0.9723944664001465
YKL027W,YIL096C,0,-1.4706998,0.09317291527986526,0.9970059990882874,0.9724944829940796
YPL050C,YOR094W,0,-1.4707944,0.09316422790288925,0.9970059990882874,0.9725944995880127
YKL082C,YNL082W,0,-1.472498,0.09315554052591324,0.9970059990882874,0.9726945161819458
YAL039C,YER072W,0,-1.4728721,0.09314685314893723,0.9970059990882874,0.9727945327758789
YNL081C,YOR234C,0,-1.4729003,0.09313816577196121,0.9970059990882874,0.972894549369812
YOL040C,YGR177C,0,-1.4756696,0.0931294858455658,0.9970059990882874,0.9729946255683899
YBL018C,YMR075W,0,-1.475743,0.09312080591917038,0.9970059990882874,0.973094642162323
YOL155C,YDR461W,0,-1.4778767,0.09311212599277496,0.9970059990882874,0.9731946587562561
YPL254W,YHR170W,0,-1.478023,0.09310344606637955,0.9970059990882874,0.9732946753501892
YMR309C,YER032W,0,-1.4794505,0.09309477359056473,0.9970059990882874,0.9733946919441223
YJL162C,YEL003W,0,-1.4794655,0.09308610111474991,0.9970059990882874,0.9734947085380554
YML081W,YDL098C,0,-1.4804083,0.09307742118835449,0.9970059990882874,0.9735947251319885
YOL135C,YKR064W,0,-1.4848263,0.09306875616312027,0.9970059990882874,0.9736947417259216
YNL164C,YIL085C,0,-1.4919877,0.09306008368730545,0.9970059990882874,0.9737947583198547
YDR280W,YDL111C,0,-1.4928106,0.09305141866207123,0.9970059990882874,0.9738947749137878
YLR002C,YEL053C,0,-1.4940515,0.09304274618625641,0.9970059990882874,0.973994791507721
YDR043C,YER117W,0,-1.4966292,0.09303408116102219,0.9970059990882874,0.974094808101654
YDL154W,YLR020C,0,-1.4976382,0.09302542358636856,0.9970059990882874,0.9741948246955872
YJL115W,YKL113C,0,-1.4991413,0.09301675856113434,0.9970059990882874,0.9742948412895203
YAL019W,YBR188C,0,-1.5002518,0.09300810098648071,0.9970059990882874,0.9743948578834534
YIL069C,YNL087W,0,-1.500667,0.09299944341182709,0.9970059990882874,0.9744948744773865
YGL054C,YNL110C,0,-1.5020092,0.09299078583717346,0.9970059990882874,0.9745948910713196
YHR020W,YBR271W,0,-1.504621,0.09298212826251984,0.9970059990882874,0.9746949672698975
YKR036C,YOR310C,0,-1.505796,0.09297347813844681,0.9970059990882874,0.9747949838638306
YPL209C,YGL139W,0,-1.5059074,0.09296482056379318,0.9970059990882874,0.9748950004577637
YIR010W,YDR527W,0,-1.5060357,0.09295617043972015,0.9970059990882874,0.9749950170516968
YHR061C,YBR265W,0,-1.5061742,0.09294752776622772,0.9970059990882874,0.9750950336456299
YBL080C,YJL210W,0,-1.5075383,0.0929388776421547,0.9970059990882874,0.975195050239563
YBR112C,YOR243C,0,-1.5081784,0.09293023496866226,0.9970059990882874,0.9752950668334961
YDR148C,YCR046C,0,-1.508757,0.09292159229516983,0.9970059990882874,0.9753950834274292
YCR035C,YBR215W,0,-1.5096596,0.0929129496216774,0.9970059990882874,0.9754951000213623
YML006C,YPR058W,0,-1.5173376,0.09290430694818497,0.9970059990882874,0.9755951166152954
YJL207C,YPR111W,0,-1.5194857,0.09289566427469254,0.9970059990882874,0.9756951332092285
YDL092W,YML049C,0,-1.520684,0.0928870290517807,0.9970059990882874,0.9757951498031616
YBR189W,YLR315W,0,-1.521034,0.09287839382886887,0.9970059990882874,0.9758951663970947
YKL027W,YOR253W,0,-1.5216447,0.09286975860595703,0.9970059990882874,0.9759951829910278
YDR119W,YHL011C,0,-1.5218772,0.0928611233830452,0.9970059990882874,0.9760951995849609
YDR414C,YKR092C,0,-1.522665,0.09285249561071396,0.9970059990882874,0.976195216178894
YHR060W,YDR460W,0,-1.5239966,0.09284386783838272,0.9970059990882874,0.9762952327728271
YLR466W,YGL189C,0,-1.5240867,0.09283524006605148,0.9970059990882874,0.9763952493667603
YML031W,YNL070W,0,-1.5249391,0.09282661229372025,0.9970059990882874,0.9764953255653381
YOR273C,YJL104W,0,-1.529716,0.09281798452138901,0.9970059990882874,0.9765953421592712
YLR068W,YPL151C,0,-1.5299214,0.09280936419963837,0.9970059990882874,0.9766953587532043
YDR180W,YBL084C,0,-1.5316641,0.09280074387788773,0.9970059990882874,0.9767953753471375
YER050C,YDR110W,0,-1.5330213,0.09279212355613708,0.9970059990882874,0.9768953919410706
YEL003W,YKL167C,0,-1.534422,0.09278350323438644,0.9970059990882874,0.9769954085350037
YAL011W,YHR143W-A,0,-1.5359825,0.0927748903632164,0.9970059990882874,0.9770954251289368
YLR003C,YDR301W,0,-1.5381427,0.09276627004146576,0.9970059990882874,0.9771954417228699
YLR136C,YDR225W,0,-1.5383646,0.09275765717029572,0.9970059990882874,0.977295458316803
YAR003W,YBL036C,0,-1.5387048,0.09274905174970627,0.9970059990882874,0.9773954749107361
YEL042W,YER050C,0,-1.540766,0.09274043887853622,0.9970059990882874,0.9774954915046692
YOL041C,YKR029C,0,-1.544906,0.09273182600736618,0.9970059990882874,0.9775955080986023
YOR207C,YLR275W,0,-1.5511557,0.09272322058677673,0.9970059990882874,0.9776955246925354
YML049C,YDL150W,0,-1.5512987,0.09271461516618729,0.9970059990882874,0.9777955412864685
YIL008W,YBR104W,0,-1.551541,0.09270600974559784,0.9970059990882874,0.9778955578804016
YGL116W,YBR034C,0,-1.5516586,0.09269741177558899,0.9970059990882874,0.9779955744743347
YIL008W,YMR218C,0,-1.5544317,0.09268881380558014,0.9970059990882874,0.9780955910682678
YER137C,YAR008W,0,-1.5553174,0.09268020838499069,0.9970059990882874,0.9781956672668457
YGL070C,YOL021C,0,-1.5554376,0.09267161041498184,0.9970059990882874,0.9782956838607788
YBR210W,YAL002W,0,-1.557797,0.09266301989555359,0.9970059990882874,0.9783957004547119
YMR190C,YMR091C,0,-1.5579857,0.09265442192554474,0.9970059990882874,0.978495717048645
YLR426W,YJL076W,0,-1.5584539,0.09264583140611649,0.9970059990882874,0.9785957336425781
YLL052C,YCR031C,0,-1.5654602,0.09263724088668823,0.9970059990882874,0.9786957502365112
YDR434W,YKR056W,0,-1.5683019,0.09262865036725998,0.9970059990882874,0.9787957668304443
YPL013C,YPL024W,0,-1.5706702,0.09262005984783173,0.9970059990882874,0.9788957834243774
YHR059W,YHR141C,0,-1.5715489,0.09261147677898407,0.9970059990882874,0.9789958000183105
YLL021W,YHR148W,0,-1.5727434,0.09260289371013641,0.9970059990882874,0.9790958166122437
YLR314C,YNL002C,0,-1.572745,0.09259431064128876,0.9970059990882874,0.9791958332061768
YEL020W-A,YPL255W,0,-1.5733551,0.0925857275724411,0.9970059990882874,0.9792958498001099
YBL036C,YGR120C,0,-1.5787587,0.09257714450359344,0.9970059990882874,0.979395866394043
YML024W,YCR031C,0,-1.5817192,0.09256856888532639,0.9970059990882874,0.9794958829879761
YMR131C,YDL040C,0,-1.5843998,0.09255999326705933,0.9970059990882874,0.9795958995819092
YJR070C,YLR305C,0,-1.5891968,0.09255141764879227,0.9970059990882874,0.9796959161758423
YJR149W,YCR046C,0,-1.5934515,0.09254284203052521,0.9970059990882874,0.9797959327697754
YLR272C,YBR271W,0,-1.5966358,0.09253427386283875,0.9970059990882874,0.9798960089683533
YLR314C,YLR009W,0,-1.6029499,0.09252569824457169,0.9970059990882874,0.9799960255622864
YAL033W,YGR095C,0,-1.6048582,0.09251713007688522,0.9970059990882874,0.9800960421562195
YDR020C,YER049W,0,-1.6052492,0.09250856190919876,0.9970059990882874,0.9801960587501526
YJL003W,YJL180C,0,-1.6065488,0.0925000011920929,0.9970059990882874,0.9802960753440857
YDR119W,YOR307C,0,-1.6081839,0.09249143302440643,0.9970059990882874,0.9803960919380188
YGR056W,YLR061W,0,-1.6088095,0.09248287230730057,0.9970059990882874,0.9804961085319519
YDR399W,YJL194W,0,-1.6093531,0.0924743115901947,0.9970059990882874,0.980596125125885
YPR095C,YHR085W,0,-1.6099551,0.09246575087308884,0.9970059990882874,0.9806961417198181
YBR139W,YHR152W,0,-1.6112382,0.09245719760656357,0.9970059990882874,0.9807961583137512
YHR187W,YAL024C,0,-1.614878,0.0924486368894577,0.9970059990882874,0.9808961749076843
YNL299W,YNL070W,0,-1.6152968,0.09244008362293243,0.9970059990882874,0.9809961915016174
YHR032W,YKL014C,0,-1.6157255,0.09243153035640717,0.9970059990882874,0.9810962080955505
YDR420W,YNR031C,1,-1.6162488,0.0925154983997345,0.9980040192604065,0.9810962080955505
YBL072C,YLR432W,0,-1.6172342,0.09250693768262863,0.9980040192604065,0.9811962246894836
YGL094C,YKL018W,0,-1.629606,0.09249838441610336,0.9980040192604065,0.9812962412834167
YDR398W,YMR234W,0,-1.6354959,0.0924898236989975,0.9980040192604065,0.9813962578773499
YDR017C,YEL055C,0,-1.6397882,0.09248127043247223,0.9980040192604065,0.981496274471283
YML026C,YDR138W,0,-1.6406142,0.09247271716594696,0.9980040192604065,0.9815962910652161
YDR002W,YFL023W,0,-1.6413308,0.09246417135000229,0.9980040192604065,0.981696367263794
YDR300C,YNL035C,0,-1.647421,0.09245561808347702,0.9980040192604065,0.981796383857727
YCR027C,YPR182W,0,-1.6495095,0.09244707226753235,0.9980040192604065,0.9818964004516602
YDR378C,YJL173C,0,-1.6558496,0.09243852645158768,0.9980040192604065,0.9819964170455933
YGL061C,YBL009W,0,-1.6574625,0.092429980635643,0.9980040192604065,0.9820964336395264
YFR028C,YDR364C,0,-1.6593963,0.09242144227027893,0.9980040192604065,0.9821964502334595
YBR254C,YBR080C,0,-1.6623336,0.09241290390491486,0.9980040192604065,0.9822964668273926
YOR293W,YER050C,0,-1.6658422,0.09240435808897018,0.9980040192604065,0.9823964834213257
YBR060C,YDR163W,0,-1.6681345,0.0923958271741867,0.9980040192604065,0.9824965000152588
YPL043W,YNL222W,0,-1.6715006,0.09238728880882263,0.9980040192604065,0.9825965166091919
YNL245C,YPL012W,0,-1.6721208,0.09237875044345856,0.9980040192604065,0.982696533203125
YIR035C,YHR034C,0,-1.6736937,0.09237021952867508,0.9980040192604065,0.9827965497970581
YJL122W,YOR262W,0,-1.6739545,0.0923616886138916,0.9980040192604065,0.9828965663909912
YCR071C,YGR171C,0,-1.6752119,0.09235315769910812,0.9980040192604065,0.9829965829849243
YDL040C,YBR061C,0,-1.6777992,0.09234462678432465,0.9980040192604065,0.9830965995788574
YKL014C,YMR014W,0,-1.6809419,0.09233610332012177,0.9980040192604065,0.9831966161727905
YDR471W,YPR173C,0,-1.6832259,0.09232757985591888,0.9980040192604065,0.9832966327667236
YPL126W,YGL094C,0,-1.6833647,0.092319056391716,0.9980040192604065,0.9833967089653015
YBR243C,YOR372C,0,-1.68478,0.09231053292751312,0.9980040192604065,0.9834967255592346
YLR068W,YNL250W,0,-1.6864728,0.09230200946331024,0.9980040192604065,0.9835967421531677
YPL043W,YDR064W,0,-1.6874294,0.09229349344968796,0.9980040192604065,0.9836967587471008
YDR449C,YNL027W,0,-1.6885711,0.09228497743606567,0.9980040192604065,0.9837967753410339
YJR063W,YPL131W,0,-1.6940191,0.09227646142244339,0.9980040192604065,0.983896791934967
YLR264W,YHR065C,0,-1.6951284,0.0922679454088211,0.9980040192604065,0.9839968085289001
YLL008W,YHR056C,0,-1.6965084,0.09225943684577942,0.9980040192604065,0.9840968251228333
YPL175W,YPL210C,0,-1.6979649,0.09225092083215714,0.9980040192604065,0.9841968417167664
YGR083C,YLR135W,0,-1.7012715,0.09224241226911545,0.9980040192604065,0.9842968583106995
YNL256W,YIL130W,0,-1.7043666,0.09223390370607376,0.9980040192604065,0.9843968749046326
YLL032C,YBL028C,0,-1.7052771,0.09222540259361267,0.9980040192604065,0.9844968914985657
YDL052C,YJL173C,0,-1.7086264,0.09221689403057098,0.9980040192604065,0.9845969080924988
YIL069C,YML082W,0,-1.709171,0.0922083929181099,0.9980040192604065,0.9846969246864319
YPL146C,YBR186W,0,-1.7157302,0.0921998918056488,0.9980040192604065,0.984796941280365
YBR192W,YDR429C,0,-1.7179635,0.09219139069318771,0.9980040192604065,0.9848969578742981
YPL239W,YKL088W,1,-1.7211283,0.09227507561445236,0.9990019798278809,0.9848969578742981
YML024W,YOR266W,0,-1.7214562,0.09226656705141068,0.9990019798278809,0.9849969744682312
YKL027W,YPR141C,0,-1.7312759,0.09225806593894958,0.9990019798278809,0.9850969910621643
YPL118W,YHL013C,0,-1.7317524,0.0922495648264885,0.9990019798278809,0.9851970672607422
YGR245C,YBR061C,0,-1.7327914,0.0922410637140274,0.9990019798278809,0.9852970838546753
YGL201C,YER031C,0,-1.7419343,0.09223256260156631,0.9990019798278809,0.9853971004486084
YOR293W,YBR049C,0,-1.7484875,0.09222406148910522,0.9990019798278809,0.9854971170425415
YDL083C,YPL098C,0,-1.7493831,0.09221556782722473,0.9990019798278809,0.9855971336364746
YML080W,YBR152W,0,-1.7500337,0.09220707416534424,0.9990019798278809,0.9856971502304077
YNR017W,YPL183W-A,0,-1.7502742,0.09219858050346375,0.9990019798278809,0.9857971668243408
YDR045C,YCL054W,0,-1.7594981,0.09219008684158325,0.9990019798278809,0.9858971834182739
YOR216C,YOR094W,0,-1.7627243,0.09218160063028336,0.9990019798278809,0.985997200012207
YNL038W,YAR008W,0,-1.7636888,0.09217311441898346,0.9990019798278809,0.9860972166061401
YPR100W,YJL112W,0,-1.7668232,0.09216462820768356,0.9990019798278809,0.9861972332000732
YOL034W,YDR091C,0,-1.766902,0.09215614199638367,0.9990019798278809,0.9862972497940063
YKL082C,YOL135C,0,-1.7686497,0.09214765578508377,0.9990019798278809,0.9863972663879395
YDR235W,YDR190C,0,-1.7722628,0.09213917702436447,0.9990019798278809,0.9864972829818726
YEL055C,YLR325C,0,-1.7757025,0.09213069826364517,0.9990019798278809,0.9865972995758057
YPR144C,YGR271C-A,0,-1.78164,0.09212221950292587,0.9990019798278809,0.9866973161697388
YDR324C,YOL137W,0,-1.7833135,0.09211374074220657,0.9990019798278809,0.9867973327636719
YPL146C,YNL064C,0,-1.7940531,0.09210526198148727,0.9990019798278809,0.9868974089622498
YMR078C,YMR076C,0,-1.7943956,0.09209679067134857,0.9990019798278809,0.9869974255561829
YFL022C,YDR123C,0,-1.799006,0.09208831936120987,0.9990019798278809,0.987097442150116
YML080W,YNL275W,0,-1.7994164,0.09207984805107117,0.9990019798278809,0.9871974587440491
YML056C,YDL036C,0,-1.8115602,0.09207137674093246,0.9990019798278809,0.9872974753379822
YBR191W,YMR024W,0,-1.8123654,0.09206290543079376,0.9990019798278809,0.9873974919319153
YOL121C,YCR057C,0,-1.8150079,0.09205444157123566,0.9990019798278809,0.9874975085258484
YBR162W-A,YOR207C,0,-1.8184774,0.09204597771167755,0.9990019798278809,0.9875975251197815
YKR002W,YLR061W,0,-1.8184896,0.09203751385211945,0.9990019798278809,0.9876975417137146
YOR119C,YHR090C,0,-1.8271977,0.09202904999256134,0.9990019798278809,0.9877975583076477
YML065W,YKL018W,0,-1.8290956,0.09202059358358383,0.9990019798278809,0.9878975749015808
YKR101W,YIL147C,0,-1.8337362,0.09201213717460632,0.9990019798278809,0.9879975914955139
YMR227C,YBR155W,0,-1.8352598,0.09200367331504822,0.9990019798278809,0.988097608089447
YBR088C,YNL233W,0,-1.8412634,0.0919952243566513,0.9990019798278809,0.9881976246833801
YLR073C,YOL119C,0,-1.8443602,0.0919867679476738,0.9990019798278809,0.9882976412773132
YPR104C,YMR049C,0,-1.8483677,0.09197831153869629,0.9990019798278809,0.9883976578712463
YDR023W,YIL085C,0,-1.8507977,0.09196986258029938,0.9990019798278809,0.9884976744651794
YOR073W,YLL008W,0,-1.8523345,0.09196141362190247,0.9990019798278809,0.9885976910591125
YPL146C,YOR064C,0,-1.8525,0.09195296466350555,0.9990019798278809,0.9886977672576904
YPL122C,YKL144C,0,-1.8532721,0.09194452315568924,0.9990019798278809,0.9887977838516235
YKL143W,YOR047C,1,-1.8612627,0.09202791750431061,1.0,0.9887977838516235
YJL208C,YLR131C,0,-1.8859181,0.0920194685459137,1.0,0.9888978004455566
YCR016W,YPL183C,0,-1.8938745,0.09201101958751678,1.0,0.9889978170394897
YOR252W,YLR449W,0,-1.8963895,0.09200257062911987,1.0,0.9890978336334229
YDR324C,YPL244C,0,-1.8993541,0.09199412167072296,1.0,0.989197850227356
YKR057W,YDR337W,0,-1.900547,0.09198568016290665,1.0,0.9892978668212891
YGR216C,YML080W,0,-1.9020236,0.09197723865509033,1.0,0.9893978834152222
YPL043W,YOL049W,0,-1.9025354,0.09196878969669342,1.0,0.9894979000091553
YPR163C,YLR223C,0,-1.9046351,0.0919603556394577,1.0,0.9895979166030884
YLR293C,YOL141W,0,-1.905266,0.09195191413164139,1.0,0.9896979331970215
YPL217C,YNR063W,0,-1.907053,0.09194347262382507,1.0,0.9897979497909546
YGR004W,YNR054C,0,-1.9085759,0.09193503856658936,1.0,0.9898979663848877
YML081W,YHR066W,0,-1.9151933,0.09192660450935364,1.0,0.9899979829788208
YOR272W,YNR054C,0,-1.9217598,0.09191817045211792,1.0,0.9900979995727539
YNR051C,YCR060W,0,-1.9253752,0.0919097438454628,1.0,0.990198016166687
YGR245C,YOR197W,0,-1.9297603,0.09190130978822708,1.0,0.9902980327606201
YIL091C,YNR048W,0,-1.9346497,0.09189288318157196,1.0,0.990398108959198
YOL121C,YLR378C,0,-1.9365895,0.09188445657491684,1.0,0.9904981255531311
YLR073C,YGL086W,0,-1.9466801,0.09187602996826172,1.0,0.9905981421470642
YGL111W,YMR176W,0,-1.9492939,0.0918676108121872,1.0,0.9906981587409973
YDR361C,YGR245C,0,-1.9578389,0.09185918420553207,1.0,0.9907981753349304
YGL246C,YPL244C,0,-1.9609494,0.09185076504945755,1.0,0.9908981919288635
YML120C,YLR312W-A,0,-1.9744322,0.09184234589338303,1.0,0.9909982085227966
YPL126W,YML056C,0,-1.9782062,0.0918339267373085,1.0,0.9910982251167297
YNL102W,YNL256W,0,-1.9808664,0.09182551503181458,1.0,0.9911982417106628
YGL068W,YDR450W,0,-1.9910102,0.09181709587574005,1.0,0.991298258304596
YKR060W,YHR197W,0,-2.0051851,0.09180868417024612,1.0,0.991398274898529
YKL092C,YLR210W,0,-2.008096,0.0918002724647522,1.0,0.9914982914924622
YIL008W,YDL201W,0,-2.0095634,0.09179186820983887,1.0,0.9915983080863953
YKR099W,YBR004C,0,-2.0360878,0.09178345650434494,1.0,0.9916983246803284
YLR223C,YGL257C,0,-2.0374658,0.09177505224943161,1.0,0.9917983412742615
YML081W,YBR060C,0,-2.043776,0.09176664799451828,1.0,0.9918983578681946
YOR234C,YMR267W,0,-2.0475347,0.09175824373960495,1.0,0.9919983744621277
YMR229C,YKL170W,0,-2.0505161,0.09174983948469162,1.0,0.9920983910560608
YMR190C,YNL110C,0,-2.0534604,0.09174144268035889,1.0,0.9921984672546387
YKL009W,YDL212W,0,-2.0549443,0.09173303842544556,1.0,0.9922984838485718
YLL008W,YDR364C,0,-2.055442,0.09172464162111282,1.0,0.9923985004425049
YGR275W,YOR094W,0,-2.057206,0.09171624481678009,1.0,0.992498517036438
YLR129W,YER006W,0,-2.0578446,0.09170785546302795,1.0,0.9925985336303711
YMR215W,YHR065C,0,-2.0592196,0.09169945865869522,1.0,0.9926985502243042
YEL003W,YDR123C,0,-2.0654783,0.09169106930494308,1.0,0.9927985668182373
YPL146C,YJL177W,0,-2.0705218,0.09168267995119095,1.0,0.9928985834121704
YAL019W,YNL132W,0,-2.0803776,0.09167429059743881,1.0,0.9929986000061035
YPL183C,YJL134W,0,-2.0866473,0.09166590124368668,1.0,0.9930986166000366
YDR138W,YCR016W,0,-2.093439,0.09165751934051514,1.0,0.9931986331939697
YMR268C,YPL108W,0,-2.1313753,0.0916491374373436,1.0,0.9932986497879028
YNL005C,YJL063C,0,-2.1338599,0.09164075553417206,1.0,0.9933986663818359
YOR287C,YOR123C,0,-2.1370914,0.09163237363100052,1.0,0.993498682975769
YHL013C,YKL063C,0,-2.1410358,0.09162399172782898,1.0,0.9935986995697021
YPL013C,YKL194C,0,-2.143338,0.09161561727523804,1.0,0.9936987161636353
YIL052C,YKL172W,0,-2.1566365,0.0916072428226471,1.0,0.9937987327575684
YDR280W,YPR114W,0,-2.1595142,0.09159886837005615,1.0,0.9938988089561462
YOL115W,YOR094W,0,-2.1673696,0.09159049391746521,1.0,0.9939988255500793
YMR213W,YHR066W,0,-2.169565,0.09158211946487427,1.0,0.9940988421440125
YJL020C,YHR152W,0,-2.1746178,0.09157375246286392,1.0,0.9941988587379456
YOR287C,YOR310C,0,-2.176798,0.09156538546085358,1.0,0.9942988753318787
YKR081C,YKL205W,0,-2.1780384,0.09155701845884323,1.0,0.9943988919258118
YKL009W,YNL252C,0,-2.194646,0.09154865145683289,1.0,0.9944989085197449
YBL018C,YLR244C,0,-2.2015455,0.09154029190540314,1.0,0.994598925113678
YPL063W,YLR009W,0,-2.206277,0.09153192490339279,1.0,0.9946989417076111
YLR068W,YGL112C,0,-2.2127824,0.09152356535196304,1.0,0.9947989583015442
YIL030C,YNL002C,0,-2.222068,0.0915152058005333,1.0,0.9948989748954773
YLR401C,YKR056W,0,-2.2252812,0.09150684624910355,1.0,0.9949989914894104
YIL127C,YJR007W,0,-2.2324374,0.0914984941482544,1.0,0.9950990080833435
YDR217C,YKR025W,0,-2.2439995,0.09149014204740524,1.0,0.9951990246772766
YMR309C,YGL068W,0,-2.2548738,0.0914817824959755,1.0,0.9952990412712097
YHR059W,YHL013C,0,-2.260203,0.09147343784570694,1.0,0.9953990578651428
YIL019W,YPL217C,0,-2.2653456,0.09146508574485779,1.0,0.9954990744590759
YOL115W,YJL002C,0,-2.2716634,0.09145673364400864,1.0,0.995599091053009
YIL127C,YDL213C,0,-2.2818627,0.09144838899374008,1.0,0.9956991672515869
YHR032W,YHR069C,0,-2.2827091,0.09144004434347153,1.0,0.99579918384552
YDR395W,YLR333C,0,-2.2854877,0.09143169969320297,1.0,0.9958992004394531
YLR068W,YCR066W,0,-2.2877436,0.09142335504293442,1.0,0.9959992170333862
YLR435W,YOR168W,0,-2.2912743,0.09141501784324646,1.0,0.9960992336273193
YKR056W,YPL210C,0,-2.295375,0.0914066806435585,1.0,0.9961992502212524
YBR187W,YPL079W,0,-2.301803,0.09139834344387054,1.0,0.9962992668151855
YPR046W,YGL171W,0,-2.3080208,0.09139000624418259,1.0,0.9963992834091187
YDR449C,YNL059C,0,-2.310276,0.09138166904449463,1.0,0.9964993000030518
YJR102C,YPL013C,0,-2.3128133,0.09137333929538727,1.0,0.9965993165969849
YPR141C,YOR294W,0,-2.3236258,0.09136500209569931,1.0,0.996699333190918
YBL036C,YNR003C,0,-2.3289926,0.09135667234659195,1.0,0.9967993497848511
YKR026C,YER176W,0,-2.332933,0.09134834259748459,1.0,0.9968993663787842
YOL115W,YGR027C,0,-2.3351643,0.09134002029895782,1.0,0.9969993829727173
YLR321C,YGR271C-A,0,-2.3572633,0.09133169054985046,1.0,0.9970993995666504
YJL191W,YJL177W,0,-2.3621933,0.0913233682513237,1.0,0.9971994161605835
YLR068W,YDL036C,0,-2.3736231,0.09131504595279694,1.0,0.9972994327545166
YKL029C,YEL029C,0,-2.3814273,0.09130672365427017,1.0,0.9973995089530945
YLR075W,YLR333C,0,-2.3994138,0.091298408806324,1.0,0.9974995255470276
YIL127C,YLR435W,0,-2.5103247,0.09129008650779724,1.0,0.9975995421409607
YMR024W,YMR267W,0,-2.5113199,0.09128177165985107,1.0,0.9976995587348938
YMR242C,YHL015W,0,-2.5356407,0.09127345681190491,1.0,0.9977995753288269
YGR283C,YOL124C,0,-2.5394988,0.09126514196395874,1.0,0.99789959192276
YPL217C,YDL208W,0,-2.5676775,0.09125682711601257,1.0,0.9979996085166931
YBR141C,YNL256W,0,-2.5684912,0.091248519718647,1.0,0.9980996251106262
YLL008W,YPL030W,0,-2.5922344,0.09124021232128143,1.0,0.9981996417045593
YBR049C,YDL155W,0,-2.5959365,0.09123190492391586,1.0,0.9982996582984924
YJL183W,YDR110W,0,-2.6095903,0.09122359752655029,1.0,0.9983996748924255
YPR112C,YMR131C,0,-2.6234329,0.09121529012918472,1.0,0.9984996914863586
YOL061W,YLR017W,0,-2.6270263,0.09120699018239975,1.0,0.9985997080802917
YIR010W,YER002W,0,-2.7860758,0.09119869023561478,1.0,0.9986997246742249
YDL153C,YKL144C,0,-2.798632,0.0911903902888298,1.0,0.998799741268158
YNR003C,YFL023W,0,-2.829728,0.09118209034204483,1.0,0.9988997578620911
YLR003C,YNL186W,0,-2.8804433,0.09117379784584045,1.0,0.9989997744560242
YLR344W,YGR245C,0,-2.88554,0.09116549789905548,1.0,0.9990997910499573
YOL040C,YGR103W,0,-3.0103424,0.0911572054028511,1.0,0.9991998672485352
YPL217C,YKR025W,0,-3.029037,0.09114891290664673,1.0,0.9992998838424683
YLR129W,YPL146C,0,-3.0426004,0.09114062041044235,1.0,0.9993999004364014
YDR494W,YKR006C,0,-3.0486543,0.09113233536481857,1.0,0.9994999170303345
YOR158W,YDL202W,0,-3.108542,0.0911240428686142,1.0,0.9995999336242676
YLR068W,YKR024C,0,-3.210901,0.09111575782299042,1.0,0.9996999502182007
YEL055C,YNR038W,0,-3.274158,0.09110747277736664,1.0,0.9997999668121338
YIL096C,YGR251W,0,-3.290496,0.09109918773174286,1.0,0.9998999834060669
YKL014C,YHR065C,0,-3.3187757,0.09109091013669968,1.0,1.0
