Gene A,Gene B,Label,Score,Precision,Recall,False Positive Rate
YOL040C,YNL069C,0,3.3168528,0.0,0.0,9.999999747378752e-05
YLR185W,YMR242C,0,2.9119313,0.0,0.0,0.00019999999494757503
YLR344W,YFR031C-A,0,2.8050828,0.0,0.0,0.0003000000142492354
YGL144C,YGR227W,1,2.799651,0.25,0.0010000000474974513,0.0003000000142492354
YHR158C,YER022W,0,2.6688116,0.20000000298023224,0.0010000000474974513,0.00039999998989515007
YLL045C,YHL015W,0,2.6454387,0.1666666716337204,0.0010000000474974513,0.0005000000237487257
YPR025C,YDR200C,0,2.643381,0.1428571492433548,0.0010000000474974513,0.0006000000284984708
YMR077C,YMR044W,0,2.6266642,0.125,0.0010000000474974513,0.000699999975040555
YML112W,YHR166C,0,2.6091716,0.1111111119389534,0.0010000000474974513,0.0007999999797903001
YGR148C,YGR027C,0,2.5984018,0.10000000149011612,0.0010000000474974513,0.0008999999845400453
YDL159W,YDL074C,0,2.576178,0.09090909361839294,0.0010000000474974513,0.0010000000474974513
YKL146W,YLL019C,0,2.5054393,0.0833333358168602,0.0010000000474974513,0.0010999999940395355
YKR053C,YNL038W,1,2.4939969,0.1538461595773697,0.0020000000949949026,0.0010999999940395355
YBR189W,YJR123W,0,2.485431,0.1428571492433548,0.0020000000949949026,0.0012000000569969416
YBL101C,YHR150W,0,2.4538352,0.13333334028720856,0.0020000000949949026,0.0013000000035390258
YFL048C,YNL197C,0,2.444076,0.125,0.0020000000949949026,0.00139999995008111
YER022W,YDL005C,0,2.3821795,0.11764705926179886,0.0020000000949949026,0.001500000013038516
YLL019C,YPL055C,0,2.3768435,0.1111111119389534,0.0020000000949949026,0.0015999999595806003
YJR090C,YER144C,0,2.354634,0.10526315867900848,0.0020000000949949026,0.0017000000225380063
YBR073W,YLR361C,0,2.3436463,0.10000000149011612,0.0020000000949949026,0.0017999999690800905
YGL219C,YML076C,0,2.3435986,0.095238097012043,0.0020000000949949026,0.0019000000320374966
YNR010W,YPR155C,0,2.342552,0.09090909361839294,0.0020000000949949026,0.0020000000949949026
YKL145W,YPR086W,0,2.3422737,0.08695652335882187,0.0020000000949949026,0.002099999925121665
YGL011C,YPL232W,0,2.3392718,0.0833333358168602,0.0020000000949949026,0.002199999988079071
YDL147W,YML098W,0,2.3391893,0.07999999821186066,0.0020000000949949026,0.002300000051036477
YGR167W,YFR052W,0,2.3372896,0.07692307978868484,0.0020000000949949026,0.002400000113993883
YDL147W,YDL004W,0,2.3338578,0.07407407462596893,0.0020000000949949026,0.0024999999441206455
YIL156W,YDR167W,0,2.327545,0.0714285746216774,0.0020000000949949026,0.0026000000070780516
YDL046W,YAL016W,0,2.3103435,0.06896551698446274,0.0020000000949949026,0.0027000000700354576
YPL180W,YPR029C,0,2.3101783,0.06666667014360428,0.0020000000949949026,0.00279999990016222
YGL076C,YLR264W,0,2.3043401,0.06451612710952759,0.0020000000949949026,0.002899999963119626
YMR121C,YLR344W,0,2.2931278,0.0625,0.0020000000949949026,0.003000000026077032
YLR044C,YDR382W,0,2.2897942,0.06060606241226196,0.0020000000949949026,0.003100000089034438
YNR039C,YOR205C,0,2.2889624,0.05882352963089943,0.0020000000949949026,0.0031999999191612005
YLR362W,YLR151C,0,2.28286,0.05714285746216774,0.0020000000949949026,0.0032999999821186066
YGL151W,YDL175C,0,2.279544,0.0555555559694767,0.0020000000949949026,0.0034000000450760126
YDR311W,YDR207C,0,2.2780423,0.054054055362939835,0.0020000000949949026,0.0035000001080334187
YKL196C,YIL063C,0,2.2736516,0.05263157933950424,0.0020000000949949026,0.003599999938160181
YOR316C,YGL048C,0,2.2699387,0.05128205195069313,0.0020000000949949026,0.003700000001117587
YOR330C,YPL042C,0,2.258601,0.05000000074505806,0.0020000000949949026,0.003800000064074993
YER050C,YDR148C,0,2.250674,0.04878048598766327,0.0020000000949949026,0.0038999998942017555
YDR150W,YPR023C,0,2.2480567,0.0476190485060215,0.0020000000949949026,0.004000000189989805
YNL054W,YAL051W,1,2.2454925,0.06976744532585144,0.003000000026077032,0.004000000189989805
YNL271C,YGR253C,0,2.2367828,0.06818182021379471,0.003000000026077032,0.004100000020116568
YDR167W,YDR142C,0,2.234592,0.06666667014360428,0.003000000026077032,0.00419999985024333
YPL045W,YLR423C,0,2.2232804,0.06521739065647125,0.003000000026077032,0.00430000014603138
YKL064W,YLR007W,0,2.2103682,0.06382978707551956,0.003000000026077032,0.004399999976158142
YFR004W,YDR188W,0,2.2018883,0.0625,0.003000000026077032,0.0044999998062849045
YOL045W,YMR197C,0,2.1981702,0.06122449040412903,0.003000000026077032,0.004600000102072954
YLR144C,YNR039C,0,2.193918,0.05999999865889549,0.003000000026077032,0.004699999932199717
YLR093C,YGL050W,0,2.192552,0.05882352963089943,0.003000000026077032,0.004800000227987766
YOL148C,YGR132C,0,2.1814332,0.057692307978868484,0.003000000026077032,0.004900000058114529
YDR468C,YPL020C,0,2.174292,0.056603774428367615,0.003000000026077032,0.004999999888241291
YDR142C,YMR197C,0,2.1736348,0.0555555559694767,0.003000000026077032,0.005100000184029341
YOR090C,YKL039W,0,2.1704862,0.05454545468091965,0.003000000026077032,0.005200000014156103
YAL051W,YLL031C,1,2.166929,0.0714285746216774,0.004000000189989805,0.005200000014156103
YNL009W,YLL031C,1,2.1648102,0.08771929889917374,0.004999999888241291,0.005200000014156103
YBR290W,YDR291W,0,2.1539903,0.08620689809322357,0.004999999888241291,0.0052999998442828655
YEL060C,YPR149W,0,2.1535263,0.08474576473236084,0.004999999888241291,0.005400000140070915
YJR082C,YKL138C,0,2.1481903,0.0833333358168602,0.004999999888241291,0.005499999970197678
YDR207C,YDL005C,0,2.1411507,0.08196721225976944,0.004999999888241291,0.00559999980032444
YIL157C,YGL058W,0,2.1391585,0.08064515888690948,0.004999999888241291,0.00570000009611249
YKL208W,YNL317W,0,2.1390133,0.0793650820851326,0.004999999888241291,0.005799999926239252
YNL178W,YER165W,0,2.1353226,0.078125,0.004999999888241291,0.005900000222027302
YDL079C,YDL106C,0,2.134131,0.07692307978868484,0.004999999888241291,0.006000000052154064
YPR180W,YJL053W,0,2.1336935,0.07575757801532745,0.004999999888241291,0.006099999882280827
YMR288W,YOR205C,0,2.1325552,0.0746268630027771,0.004999999888241291,0.006200000178068876
YDL058W,YDL106C,0,2.1308813,0.07352941483259201,0.004999999888241291,0.006300000008195639
YOL086C,YFR031C-A,0,2.125721,0.07246376574039459,0.004999999888241291,0.006399999838322401
YDR072C,YBR109C,1,2.125084,0.08571428805589676,0.006000000052154064,0.006399999838322401
YBR074W,YBR086C,0,2.1215193,0.0845070406794548,0.006000000052154064,0.006500000134110451
YER008C,YDL193W,0,2.1201875,0.0833333358168602,0.006000000052154064,0.006599999964237213
YGL025C,YPL023C,0,2.1201262,0.08219178020954132,0.006000000052154064,0.0066999997943639755
YBR114W,YIL143C,0,2.1184773,0.0810810774564743,0.006000000052154064,0.006800000090152025
YOL026C,YDL005C,0,2.1132574,0.07999999821186066,0.006000000052154064,0.006899999920278788
YLL031C,YDR123C,1,2.103446,0.09210526198148727,0.007000000216066837,0.006899999920278788
YJR090C,YIL105C,0,2.0994844,0.09090909361839294,0.007000000216066837,0.007000000216066837
YOR245C,YDR123C,1,2.0920098,0.10256410390138626,0.00800000037997961,0.007000000216066837
YOR245C,YOL151W,1,2.090336,0.1139240488409996,0.008999999612569809,0.007000000216066837
YMR176W,YMR044W,0,2.0903003,0.11249999701976776,0.008999999612569809,0.0071000000461936
YPR075C,YNL271C,0,2.0894792,0.1111111119389534,0.008999999612569809,0.007199999876320362
YKL175W,YDR129C,0,2.0811112,0.10975609719753265,0.008999999612569809,0.007300000172108412
YPR103W,YKL210W,0,2.0757582,0.10843373835086823,0.008999999612569809,0.007400000002235174
YBR077C,YMR286W,0,2.0692773,0.1071428582072258,0.008999999612569809,0.007499999832361937
YOR256C,YMR288W,0,2.0656552,0.10588235408067703,0.008999999612569809,0.007600000128149986
YJL005W,YBR212W,0,2.0634243,0.10465116053819656,0.008999999612569809,0.007699999958276749
YMR044W,YDL045W-A,0,2.0614796,0.1034482792019844,0.008999999612569809,0.007799999788403511
YOR256C,YHR150W,0,2.0611537,0.10227272659540176,0.008999999612569809,0.007899999618530273
YGR253C,YOR336W,0,2.0605912,0.10112359374761581,0.008999999612569809,0.00800000037997961
YBR161W,YLL031C,1,2.0589519,0.1111111119389534,0.009999999776482582,0.00800000037997961
YBR077C,YLR220W,0,2.0552082,0.10989011079072952,0.009999999776482582,0.008100000210106373
YDR129C,YGR253C,0,2.0535207,0.10869564861059189,0.009999999776482582,0.008200000040233135
YDR208W,YDR123C,1,2.0527344,0.11827956885099411,0.010999999940395355,0.008200000040233135
YOR319W,YLR275W,0,2.051918,0.11702127754688263,0.010999999940395355,0.008299999870359898
YNL197C,YDR287W,0,2.049709,0.11578947305679321,0.010999999940395355,0.00839999970048666
YIL008W,YNL131W,0,2.048043,0.1145833358168602,0.010999999940395355,0.008500000461935997
YKL005C,YDR217C,0,2.0479188,0.11340206116437912,0.010999999940395355,0.00860000029206276
YBR279W,YGL163C,0,2.0472517,0.11224489659070969,0.010999999940395355,0.008700000122189522
YPL139C,YNL317W,0,2.0457277,0.1111111119389534,0.010999999940395355,0.008799999952316284
YPL007C,YPL259C,0,2.0456996,0.10999999940395355,0.010999999940395355,0.008899999782443047
YOR284W,YLL021W,0,2.0455644,0.10891088843345642,0.010999999940395355,0.008999999612569809
YOL082W,YFR014C,0,2.0449557,0.10784313827753067,0.010999999940395355,0.009100000374019146
YFL009W,YDR485C,0,2.044686,0.10679611563682556,0.010999999940395355,0.009200000204145908
YNR026C,YOR241W,0,2.044359,0.10576923191547394,0.010999999940395355,0.00930000003427267
YER167W,YNL081C,0,2.0398428,0.10476190596818924,0.010999999940395355,0.009399999864399433
YJR044C,YIL088C,0,2.0314415,0.1037735864520073,0.010999999940395355,0.009499999694526196
YOL088C,YPR029C,0,2.0291154,0.10280373692512512,0.010999999940395355,0.009600000455975533
YOR157C,YNL099C,0,2.026341,0.10185185074806213,0.010999999940395355,0.009700000286102295
YGL237C,YMR097C,0,2.0231245,0.10091742873191833,0.010999999940395355,0.009800000116229057
YDR075W,YBR212W,0,2.0220838,0.10000000149011612,0.010999999940395355,0.00989999994635582
YLR088W,YOR149C,1,2.0157382,0.10810811072587967,0.012000000104308128,0.00989999994635582
YDR301W,YMR216C,0,2.01303,0.1071428582072258,0.012000000104308128,0.009999999776482582
YDR435C,YDL018C,0,2.0083535,0.10619468986988068,0.012000000104308128,0.010099999606609344
YBR236C,YOL094C,0,2.0048182,0.10526315867900848,0.012000000104308128,0.010200000368058681
YOR329C,YNR037C,0,2.0047805,0.104347825050354,0.012000000104308128,0.010300000198185444
YPR057W,YOR060C,0,2.0047748,0.1034482792019844,0.012000000104308128,0.010400000028312206
YKL196C,YJL030W,0,2.0036356,0.10256410390138626,0.012000000104308128,0.010499999858438969
YER117W,YER165W,0,2.0020182,0.10169491171836853,0.012000000104308128,0.010599999688565731
YBL102W,YBR044C,0,1.9961499,0.10084033757448196,0.012000000104308128,0.010700000450015068
YDR311W,YOR353C,0,1.9951838,0.10000000149011612,0.012000000104308128,0.01080000028014183
YOR034C,YOL136C,0,1.9926785,0.09917355328798294,0.012000000104308128,0.010900000110268593
YNL265C,YKL170W,0,1.9925292,0.09836065769195557,0.012000000104308128,0.010999999940395355
YBR279W,YDL092W,0,1.9920095,0.09756097197532654,0.012000000104308128,0.011099999770522118
YGL107C,YDR175C,0,1.9885908,0.09677419066429138,0.012000000104308128,0.01119999960064888
YNL027W,YDR073W,0,1.9857327,0.09600000083446503,0.012000000104308128,0.011300000362098217
YOR142W,YMR236W,0,1.9848028,0.095238097012043,0.012000000104308128,0.01140000019222498
YDR148C,YLL021W,0,1.982967,0.09448818862438202,0.012000000104308128,0.011500000022351742
YOR059C,YOL108C,1,1.9811763,0.1015625,0.013000000268220901,0.011500000022351742
YKL155C,YER123W,0,1.9799602,0.10077519714832306,0.013000000268220901,0.011599999852478504
YDR072C,YDR208W,1,1.9790355,0.10769230872392654,0.014000000432133675,0.011599999852478504
YDL147W,YML128C,0,1.9784961,0.10687022656202316,0.014000000432133675,0.011699999682605267
YIL041W,YHR026W,0,1.978047,0.10606060922145844,0.014000000432133675,0.011800000444054604
YDL225W,YEL018W,0,1.9778637,0.10526315867900848,0.014000000432133675,0.011900000274181366
YFR052W,YNL312W,0,1.9754795,0.10447761416435242,0.014000000432133675,0.012000000104308128
YKL114C,YLR292C,0,1.9717354,0.10370370000600815,0.014000000432133675,0.01209999993443489
YBR039W,YBR057C,0,1.9700507,0.10294117778539658,0.014000000432133675,0.012199999764561653
YOL089C,YBL085W,0,1.9698081,0.10218977928161621,0.014000000432133675,0.012299999594688416
YDR173C,YOL108C,1,1.9695729,0.10869564861059189,0.014999999664723873,0.012299999594688416
YLR395C,YCL014W,0,1.9691356,0.10791366547346115,0.014999999664723873,0.012400000356137753
YOR329C,YKL203C,0,1.9662286,0.1071428582072258,0.014999999664723873,0.012500000186264515
YNL239W,YDR148C,0,1.9657031,0.10638298094272614,0.014999999664723873,0.012600000016391277
YNL216W,YOR329C,0,1.9641547,0.10563380271196365,0.014999999664723873,0.01269999984651804
YJR082C,YOR299W,0,1.9627184,0.10489510744810104,0.014999999664723873,0.012799999676644802
YGR080W,YKL040C,0,1.9620298,0.1041666641831398,0.014999999664723873,0.012900000438094139
YNL054W,YGR143W,1,1.9599528,0.11034482717514038,0.01600000075995922,0.012900000438094139
YLR268W,YOR099W,0,1.9592088,0.10958904027938843,0.01600000075995922,0.013000000268220901
YKL190W,YPL084W,0,1.9581102,0.10884353518486023,0.01600000075995922,0.013100000098347664
YLL021W,YOR060C,0,1.9577798,0.10810811072587967,0.01600000075995922,0.013199999928474426
YMR013C,YOR002W,1,1.9569616,0.11409395933151245,0.017000000923871994,0.013199999928474426
YMR200W,YNL032W,0,1.955859,0.1133333370089531,0.017000000923871994,0.013299999758601189
YBR003W,YOR126C,1,1.9511656,0.1192052960395813,0.017999999225139618,0.013299999758601189
YNL223W,YER167W,0,1.9483526,0.1184210553765297,0.017999999225139618,0.013399999588727951
YKL048C,YBR049C,0,1.9483107,0.11764705926179886,0.017999999225139618,0.013500000350177288
YBL035C,YGL005C,0,1.9475844,0.11688311398029327,0.017999999225139618,0.01360000018030405
YDR480W,YIL147C,0,1.9472133,0.11612903326749802,0.017999999225139618,0.013700000010430813
YBL080C,YKL048C,0,1.9471923,0.11538461595773697,0.017999999225139618,0.013799999840557575
YER167W,YJR057W,0,1.9452525,0.1146496832370758,0.017999999225139618,0.013899999670684338
YKL152C,YFR031C-A,0,1.945001,0.1139240488409996,0.017999999225139618,0.014000000432133675
YDR051C,YNL107W,0,1.9449219,0.11320754885673523,0.017999999225139618,0.014100000262260437
YIL122W,YDR043C,0,1.9448096,0.11249999701976776,0.017999999225139618,0.0142000000923872
YPL262W,YLR410W,0,1.9446813,0.11180124431848526,0.017999999225139618,0.014299999922513962
YMR044W,YMR240C,0,1.944486,0.1111111119389534,0.017999999225139618,0.014399999752640724
YGL068W,YGR229C,0,1.9435238,0.11042945086956024,0.017999999225139618,0.014499999582767487
YGR209C,YOR035C,0,1.9409648,0.10975609719753265,0.017999999225139618,0.014600000344216824
YGL163C,YHR166C,0,1.9405624,0.1090909093618393,0.017999999225139618,0.014700000174343586
YOR101W,YDR324C,0,1.9385041,0.10843373835086823,0.017999999225139618,0.014800000004470348
YKL001C,YBL084C,0,1.9382377,0.10778442770242691,0.017999999225139618,0.01489999983459711
YDL135C,YDL134C,0,1.9369954,0.1071428582072258,0.017999999225139618,0.014999999664723873
YOL086C,YGR085C,0,1.9362673,0.10650887340307236,0.017999999225139618,0.01510000042617321
YFR051C,YKL080W,0,1.9350365,0.10588235408067703,0.017999999225139618,0.015200000256299973
YLR309C,YIL153W,0,1.9342662,0.10526315867900848,0.017999999225139618,0.015300000086426735
YER017C,YPR171W,0,1.9339364,0.10465116053819656,0.017999999225139618,0.015399999916553497
YBR074W,YML120C,0,1.9334141,0.10404624044895172,0.017999999225139618,0.01549999974668026
YLR197W,YMR131C,0,1.9330372,0.1034482792019844,0.017999999225139618,0.015599999576807022
YDR072C,YLL031C,1,1.9311259,0.10857142508029938,0.01899999938905239,0.015599999576807022
YLR182W,YLL003W,0,1.9308056,0.10795454680919647,0.01899999938905239,0.015699999406933784
YAL051W,YOL151W,1,1.9289743,0.11299435049295425,0.019999999552965164,0.015699999406933784
YPR200C,YBR258C,0,1.9271773,0.11235955357551575,0.019999999552965164,0.015799999237060547
YDR264C,YOR113W,0,1.9257818,0.11173184216022491,0.019999999552965164,0.01590000092983246
YPL244C,YNL258C,0,1.9247142,0.1111111119389534,0.019999999552965164,0.01600000075995922
YKL007W,YKL193C,0,1.9240919,0.11049723625183105,0.019999999552965164,0.016100000590085983
YMR115W,YOR027W,0,1.9237682,0.10989011079072952,0.019999999552965164,0.016200000420212746
YCR030C,YIL044C,0,1.9200641,0.10928961634635925,0.019999999552965164,0.016300000250339508
YOR284W,YDR043C,0,1.9191428,0.10869564861059189,0.019999999552965164,0.01640000008046627
YPL002C,YCR030C,0,1.9185315,0.10810811072587967,0.019999999552965164,0.016499999910593033
YLR027C,YMR083W,0,1.9180282,0.10752688348293304,0.019999999552965164,0.016599999740719795
YGL174W,YOR028C,0,1.9157512,0.10695187002420425,0.019999999552965164,0.016699999570846558
YOR301W,YKL087C,0,1.9154471,0.10638298094272614,0.019999999552965164,0.01679999940097332
YGL187C,YMR286W,0,1.9141032,0.10582010447978973,0.019999999552965164,0.016899999231100082
YPL181W,YLR005W,0,1.9141015,0.10526315867900848,0.019999999552965164,0.017000000923871994
YKL129C,YDR477W,0,1.9137436,0.10471203923225403,0.019999999552965164,0.017100000753998756
YDR256C,YDR150W,0,1.9121188,0.1041666641831398,0.019999999552965164,0.01720000058412552
YOL011W,YNL054W,1,1.9120411,0.10880828648805618,0.020999999716877937,0.01720000058412552
YDL122W,YKL196C,0,1.9118556,0.10824742168188095,0.020999999716877937,0.01730000041425228
YPL045W,YOR368W,0,1.9091288,0.10769230872392654,0.020999999716877937,0.017400000244379044
YOR375C,YDR497C,0,1.9058721,0.1071428582072258,0.020999999716877937,0.017500000074505806
YGR121C,YOR324C,0,1.9052492,0.10659898817539215,0.020999999716877937,0.01759999990463257
YGR169C,YDR323C,0,1.9046634,0.10606060922145844,0.020999999716877937,0.01769999973475933
YLR222C,YGL078C,0,1.904431,0.10552763938903809,0.020999999716877937,0.017799999564886093
YPL244C,YOR099W,0,1.9043587,0.10499999672174454,0.020999999716877937,0.017899999395012856
YGL087C,YFL013C,0,1.9034935,0.10447761416435242,0.020999999716877937,0.017999999225139618
YGL018C,YBR228W,0,1.9011155,0.10396039485931396,0.020999999716877937,0.01810000091791153
YPR200C,YNL041C,0,1.8986186,0.1034482792019844,0.020999999716877937,0.018200000748038292
YJL155C,YJL047C,0,1.898553,0.10294117778539658,0.020999999716877937,0.018300000578165054
YKL040C,YHR166C,0,1.8977392,0.1024390235543251,0.020999999716877937,0.018400000408291817
YOL148C,YMR039C,0,1.897643,0.10194174945354462,0.020999999716877937,0.01850000023841858
YGL139W,YDL064W,0,1.8976027,0.10144927352666855,0.020999999716877937,0.01860000006854534
YOL011W,YFL025C,1,1.897195,0.10576923191547394,0.02199999988079071,0.01860000006854534
YMR231W,YNL041C,0,1.89541,0.10526315867900848,0.02199999988079071,0.018699999898672104
YML029W,YGL004C,0,1.8923739,0.10476190596818924,0.02199999988079071,0.018799999728798866
YOL055C,YDL076C,0,1.8909508,0.10426539927721024,0.02199999988079071,0.01889999955892563
YDL058W,YOR353C,0,1.8903741,0.1037735864520073,0.02199999988079071,0.01899999938905239
YDR005C,YPR134W,0,1.8891649,0.10328638553619385,0.02199999988079071,0.019099999219179153
YAL038W,YLL018C,0,1.8881242,0.10280373692512512,0.02199999988079071,0.019200000911951065
YKL170W,YJL124C,0,1.8876337,0.10232558101415634,0.02199999988079071,0.019300000742077827
YDR454C,YPR033C,0,1.8874335,0.10185185074806213,0.02199999988079071,0.01940000057220459
YLR447C,YFL045C,0,1.8858184,0.10138248652219772,0.02199999988079071,0.019500000402331352
YOL062C,YJL001W,0,1.8842349,0.10091742873191833,0.02199999988079071,0.019600000232458115
YOL113W,YPR072W,0,1.8785874,0.1004566177725792,0.02199999988079071,0.019700000062584877
YOR316C,YJL112W,0,1.8780426,0.10000000149011612,0.02199999988079071,0.01979999989271164
YBL080C,YNL265C,0,1.8752692,0.09954751282930374,0.02199999988079071,0.019899999722838402
YOL060C,YGR144W,0,1.8749933,0.09909909963607788,0.02199999988079071,0.019999999552965164
YER139C,YBR288C,0,1.8748952,0.09865470975637436,0.02199999988079071,0.020099999383091927
YOR020C,YPL232W,0,1.8744844,0.0982142835855484,0.02199999988079071,0.02019999921321869
YER149C,YBL038W,0,1.874427,0.09777777642011642,0.02199999988079071,0.0203000009059906
YDR494W,YNL192W,0,1.8743824,0.09734513610601425,0.02199999988079071,0.020400000736117363
YGR028W,YOR260W,0,1.8734984,0.0969163030385971,0.02199999988079071,0.020500000566244125
YKL126W,YAL051W,1,1.8717518,0.10087719559669495,0.023000000044703484,0.020500000566244125
YMR091C,YDL216C,0,1.8709306,0.10043668001890182,0.023000000044703484,0.020600000396370888
YBR003W,YBL011W,1,1.8694581,0.104347825050354,0.024000000208616257,0.020600000396370888
YDL052C,YNL219C,1,1.8682028,0.10822510719299316,0.02500000037252903,0.020600000396370888
YGR245C,YDL213C,0,1.8656514,0.10775861889123917,0.02500000037252903,0.02070000022649765
YDR092W,YLR299W,0,1.8628105,0.10729613900184631,0.02500000037252903,0.020800000056624413
YDL028C,YLR069C,0,1.8613855,0.10683760792016983,0.02500000037252903,0.020899999886751175
YBR059C,YPR125W,0,1.8597571,0.10638298094272614,0.02500000037252903,0.020999999716877937
YOL151W,YBR070C,1,1.859156,0.11016949266195297,0.026000000536441803,0.020999999716877937
YPL193W,YPL227C,0,1.8579766,0.1097046434879303,0.026000000536441803,0.0210999995470047
YOR254C,YFR044C,0,1.857742,0.10924369841814041,0.026000000536441803,0.021199999377131462
YNL183C,YMR190C,0,1.8557482,0.10878661274909973,0.026000000536441803,0.021299999207258224
YMR097C,YLR107W,0,1.8546213,0.10833333432674408,0.026000000536441803,0.021400000900030136
YER167W,YER017C,0,1.853865,0.10788381844758987,0.026000000536441803,0.0215000007301569
YNL088W,YOR261C,0,1.8538028,0.10743801295757294,0.026000000536441803,0.02160000056028366
YLR039C,YJL154C,0,1.8529942,0.10699588805437088,0.026000000536441803,0.021700000390410423
YKR003W,YKL126W,1,1.8516018,0.11065573990345001,0.027000000700354576,0.021700000390410423
YNL075W,YOR294W,0,1.8505594,0.11020407825708389,0.027000000700354576,0.021800000220537186
YOR132W,YOR087W,0,1.8501786,0.10975609719753265,0.027000000700354576,0.021900000050663948
YBR103W,YDR006C,0,1.84868,0.10931174457073212,0.027000000700354576,0.02199999988079071
YDR452W,YPL232W,0,1.8484229,0.1088709682226181,0.027000000700354576,0.022099999710917473
YJL005W,YEL062W,0,1.8465816,0.10843373835086823,0.027000000700354576,0.022199999541044235
YNL225C,YDR142C,0,1.8463134,0.1080000028014183,0.027000000700354576,0.022299999371170998
YNL224C,YDR142C,0,1.8437685,0.10756972432136536,0.027000000700354576,0.02239999920129776
YNL287W,YOL070C,0,1.8431386,0.1071428582072258,0.027000000700354576,0.02250000089406967
YGR167W,YGR271W,0,1.842913,0.10671936720609665,0.027000000700354576,0.022600000724196434
YLL034C,YGL111W,0,1.8427969,0.10629921406507492,0.027000000700354576,0.022700000554323196
YGR254W,YLR342W,0,1.8424526,0.10588235408067703,0.027000000700354576,0.02280000038444996
YLR085C,YML092C,0,1.8417411,0.10546875,0.027000000700354576,0.02290000021457672
YMR041C,YDL042C,0,1.841735,0.10505836457014084,0.027000000700354576,0.023000000044703484
YBR078W,YMR203W,0,1.8400773,0.10465116053819656,0.027000000700354576,0.023099999874830246
YLR007W,YOR299W,0,1.8394724,0.10424710065126419,0.027000000700354576,0.02319999970495701
YLL027W,YDL010W,0,1.8384327,0.10384615510702133,0.027000000700354576,0.02329999953508377
YGL219C,YIL095W,0,1.8369406,0.1034482792019844,0.027000000700354576,0.023399999365210533
YJR040W,YIL044C,0,1.8363378,0.10305343568325043,0.027000000700354576,0.023499999195337296
YDR386W,YBL041W,0,1.835862,0.10266159474849701,0.027000000700354576,0.023600000888109207
YLL033W,YGL006W,0,1.8349041,0.10227272659540176,0.027000000700354576,0.02370000071823597
YLL043W,YDL175C,0,1.8343505,0.1018867939710617,0.027000000700354576,0.023800000548362732
YPL228W,YER176W,0,1.8328451,0.10150375962257385,0.027000000700354576,0.023900000378489494
YMR192W,YNR023W,0,1.8326179,0.10112359374761581,0.027000000700354576,0.024000000208616257
YHR133C,YHL003C,1,1.8321872,0.10447761416435242,0.02800000086426735,0.024000000208616257
YAL002W,YGL093W,0,1.832028,0.10408922284841537,0.02800000086426735,0.02410000003874302
YLR129W,YCL054W,0,1.8297936,0.10370370000600815,0.02800000086426735,0.02419999986886978
YLR277C,YPL029W,0,1.8294766,0.10332103073596954,0.02800000086426735,0.024299999698996544
YKL168C,YJR036C,0,1.8286283,0.10294117778539658,0.02800000086426735,0.024399999529123306
YOR209C,YDL147W,0,1.8285022,0.10256410390138626,0.02800000086426735,0.02449999935925007
YDR006C,YNR010W,0,1.8278443,0.10218977928161621,0.02800000086426735,0.02459999918937683
YCL052C,YNL267W,1,1.8270831,0.10545454174280167,0.028999999165534973,0.02459999918937683
YML049C,YDL091C,0,1.8265271,0.10507246106863022,0.028999999165534973,0.024700000882148743
YPL203W,YLR328W,0,1.8246615,0.10469313710927963,0.028999999165534973,0.024800000712275505
YOR319W,YBR077C,0,1.8238639,0.10431654751300812,0.028999999165534973,0.024900000542402267
YOR256C,YPL008W,0,1.8234472,0.10394265502691269,0.028999999165534973,0.02500000037252903
YFR033C,YKR025W,0,1.8219566,0.10357142984867096,0.028999999165534973,0.025100000202655792
YOR035C,YDR151C,0,1.8218948,0.10320284962654114,0.028999999165534973,0.025200000032782555
YOR329C,YBR282W,0,1.8212513,0.10283687710762024,0.028999999165534973,0.025299999862909317
YDR082W,YMR115W,0,1.8198005,0.10247349739074707,0.028999999165534973,0.02539999969303608
YDL201W,YDR454C,0,1.8191848,0.10211267322301865,0.028999999165534973,0.025499999523162842
YER040W,YMR288W,0,1.8186458,0.10175438225269318,0.028999999165534973,0.025599999353289604
YMR035W,YBR211C,0,1.8185321,0.10139860212802887,0.028999999165534973,0.025699999183416367
YDR350C,YOR336W,0,1.8179818,0.10104529559612274,0.028999999165534973,0.025800000876188278
YOL042W,YDL225W,0,1.8170034,0.1006944477558136,0.028999999165534973,0.02590000070631504
YCR020W-B,YMR005W,0,1.8152846,0.10034602135419846,0.028999999165534973,0.026000000536441803
YNL094W,YOR219C,0,1.8149003,0.10000000149011612,0.028999999165534973,0.026100000366568565
YGR167W,YDL091C,0,1.8143723,0.0996563583612442,0.028999999165534973,0.026200000196695328
YER117W,YBR121C,0,1.8136555,0.09931506961584091,0.028999999165534973,0.02630000002682209
YOL130W,YOR008C,0,1.8134283,0.09897611290216446,0.028999999165534973,0.026399999856948853
YNL221C,YOR035C,0,1.8127744,0.09863945841789246,0.028999999165534973,0.026499999687075615
YBL066C,YGR134W,0,1.8119261,0.09830508381128311,0.028999999165534973,0.026599999517202377
YNL265C,YGR224W,0,1.81048,0.09797297418117523,0.028999999165534973,0.02669999934732914
YML110C,YMR276W,0,1.8096223,0.09764309972524643,0.028999999165534973,0.026799999177455902
YNL076W,YER157W,0,1.8087152,0.09731543809175491,0.028999999165534973,0.026900000870227814
YPR155C,YPR083W,0,1.8084451,0.09698996692895889,0.028999999165534973,0.027000000700354576
YBR103W,YOL116W,0,1.8082063,0.09666666388511658,0.028999999165534973,0.02710000053048134
YOR038C,YPR120C,0,1.8076569,0.09634551405906677,0.028999999165534973,0.0272000003606081
YPR094W,YGL011C,0,1.8069113,0.09602648764848709,0.028999999165534973,0.027300000190734863
YML076C,YDR530C,0,1.8058093,0.09570956975221634,0.028999999165534973,0.027400000020861626
YOR388C,YPL042C,0,1.8057832,0.09539473801851273,0.028999999165534973,0.027499999850988388
YOR189W,YKL138C,0,1.8055619,0.09508197009563446,0.028999999165534973,0.02759999968111515
YMR054W,YAL014C,0,1.8052738,0.09477124363183975,0.028999999165534973,0.027699999511241913
YJR019C,YPL057C,1,1.8052591,0.09771987050771713,0.029999999329447746,0.027699999511241913
YLR376C,YDL175C,0,1.8048497,0.09740259498357773,0.029999999329447746,0.027799999341368675
YAR050W,YNL271C,0,1.8043963,0.09708737581968307,0.029999999329447746,0.027899999171495438
YNL245C,YKR022C,0,1.8043393,0.09677419066429138,0.029999999329447746,0.02800000086426735
YDR255C,YCR011C,0,1.8035778,0.09646302461624146,0.029999999329447746,0.02810000069439411
YGR007W,YNL038W,1,1.8000289,0.09935897588729858,0.03099999949336052,0.02810000069439411
YDR002W,YNL209W,0,1.7996674,0.09904153645038605,0.03099999949336052,0.028200000524520874
YGR195W,YLR409C,0,1.7993735,0.09872611612081528,0.03099999949336052,0.028300000354647636
YPL087W,YGL047W,1,1.7972745,0.10158730298280716,0.03200000151991844,0.028300000354647636
YLR447C,YEL051W,0,1.7944673,0.10126582533121109,0.03200000151991844,0.0284000001847744
YIL019W,YDL153C,0,1.7938404,0.10094637423753738,0.03200000151991844,0.02850000001490116
YDR072C,YGL144C,1,1.7931674,0.1037735864520073,0.032999999821186066,0.02850000001490116
YDR059C,YCR069W,0,1.7924647,0.1034482792019844,0.032999999821186066,0.028599999845027924
YOR171C,YKR064W,1,1.7917193,0.10625000298023224,0.03400000184774399,0.028599999845027924
YGL093W,YBR046C,0,1.7909147,0.1059190034866333,0.03400000184774399,0.028699999675154686
YDR462W,YER129W,0,1.789643,0.10559006035327911,0.03400000184774399,0.02879999950528145
YLR323C,YNL161W,0,1.7882833,0.10526315867900848,0.03400000184774399,0.02889999933540821
YOR058C,YDL103C,0,1.7881826,0.10493826866149902,0.03400000184774399,0.028999999165534973
YDR480W,YCR042C,0,1.7877169,0.10461538285017014,0.03400000184774399,0.029100000858306885
YDR316W,YDL230W,0,1.7869698,0.10429447889328003,0.03400000184774399,0.029200000688433647
YPL002C,YPR180W,0,1.7866831,0.10397553443908691,0.03400000184774399,0.02930000051856041
YOR157C,YMR029C,0,1.7865701,0.1036585345864296,0.03400000184774399,0.029400000348687172
YGR227W,YGL142C,1,1.7849815,0.10638298094272614,0.03500000014901161,0.029400000348687172
YGR143W,YOR002W,1,1.7837758,0.1090909093618393,0.035999998450279236,0.029400000348687172
YMR008C,YKL192C,1,1.7831001,0.11178247630596161,0.03700000047683716,0.029400000348687172
YJL186W,YMR286W,0,1.7823976,0.11144578456878662,0.03700000047683716,0.029500000178813934
YGR169C,YDR206W,0,1.781966,0.1111111119389534,0.03700000047683716,0.029600000008940697
YDL212W,YOR103C,0,1.7807329,0.11077844351530075,0.03700000047683716,0.02969999983906746
YOR195W,YKR071C,0,1.7794917,0.11044776439666748,0.03700000047683716,0.02979999966919422
YHR133C,YCR017C,1,1.7789785,0.1130952388048172,0.03799999877810478,0.02979999966919422
YGL195W,YMR203W,0,1.7789112,0.11275964230298996,0.03799999877810478,0.029899999499320984
YDR175C,YBL084C,0,1.7785348,0.1124260351061821,0.03799999877810478,0.029999999329447746
YGL002W,YMR075W,0,1.7785153,0.11209439486265182,0.03799999877810478,0.03009999915957451
YMR077C,YDR416W,0,1.7780038,0.11176470667123795,0.03799999877810478,0.03020000085234642
YLR247C,YJL036W,0,1.7779603,0.11143694818019867,0.03799999877810478,0.030300000682473183
YFR013W,YML092C,0,1.7777382,0.1111111119389534,0.03799999877810478,0.030400000512599945
YHR090C,YPR056W,0,1.7771251,0.11078717559576035,0.03799999877810478,0.030500000342726707
YLR410W,YKR065C,0,1.7769403,0.11046511679887772,0.03799999877810478,0.03060000017285347
YGL172W,YPL161C,0,1.7763836,0.11014492809772491,0.03799999877810478,0.030700000002980232
YBR095C,YDR176W,0,1.7755257,0.10982658714056015,0.03799999877810478,0.030799999833106995
YAL014C,YBL050W,0,1.7746204,0.10951008647680283,0.03799999877810478,0.030899999663233757
YER139C,YGR121C,0,1.7744648,0.10919540375471115,0.03799999877810478,0.03099999949336052
YBR200W,YLL042C,0,1.7741569,0.10888252407312393,0.03799999877810478,0.031099999323487282
YIR011C,YMR170C,0,1.773789,0.10857142508029938,0.03799999877810478,0.031199999153614044
YKL113C,YJL155C,0,1.7735983,0.10826210677623749,0.03799999877810478,0.031300000846385956
YCR003W,YJL111W,0,1.772933,0.10795454680919647,0.03799999877810478,0.03139999881386757
YCR003W,YML055W,0,1.7727758,0.10764872282743454,0.03799999877810478,0.03150000050663948
YIL030C,YIL063C,0,1.7726911,0.10734463483095169,0.03799999877810478,0.031599998474121094
YMR278W,YKL002W,0,1.7716168,0.10704225301742554,0.03799999877810478,0.031700000166893005
YML099C,YDL161W,0,1.7713853,0.10674156993627548,0.03799999877810478,0.03180000185966492
YDR294C,YDR284C,1,1.7712017,0.10924369841814041,0.039000000804662704,0.03180000185966492
YKL192C,YDR062W,1,1.7697184,0.11173184216022491,0.03999999910593033,0.03180000185966492
YBL101C,YJL184W,0,1.7686331,0.11142061650753021,0.03999999910593033,0.03189999982714653
YOL045W,YJL053W,0,1.7678635,0.1111111119389534,0.03999999910593033,0.03200000151991844
YJL081C,YNL081C,0,1.7671946,0.11080332100391388,0.03999999910593033,0.032099999487400055
YER016W,YPR029C,0,1.7665864,0.11049723625183105,0.03999999910593033,0.03220000118017197
YPR026W,YDR043C,0,1.7660873,0.11019283533096313,0.03999999910593033,0.03229999914765358
YJR067C,YJL006C,0,1.764841,0.10989011079072952,0.03999999910593033,0.03240000084042549
YDR375C,YPL173W,0,1.7644967,0.10958904027938843,0.03999999910593033,0.032499998807907104
YDR322C-A,YBR230C,0,1.764067,0.10928961634635925,0.03999999910593033,0.032600000500679016
YFL033C,YPL227C,0,1.7637043,0.1089918240904808,0.03999999910593033,0.03269999846816063
YDR058C,YGR143W,1,1.7621981,0.11141304671764374,0.04100000113248825,0.03269999846816063
YPR086W,YDL215C,0,1.7618643,0.1111111119389534,0.04100000113248825,0.03280000016093254
YDR073W,YBL019W,0,1.7613108,0.11081080883741379,0.04100000113248825,0.03290000185370445
YKL149C,YDR468C,0,1.7609113,0.1105121299624443,0.04100000113248825,0.032999999821186066
YDL232W,YLR208W,0,1.759485,0.11021505296230316,0.04100000113248825,0.03310000151395798
YBR260C,YOR354C,0,1.7589191,0.10991957038640976,0.04100000113248825,0.03319999948143959
YER167W,YNR036C,0,1.7581022,0.1096256673336029,0.04100000113248825,0.0333000011742115
YPL140C,YLL019C,0,1.757803,0.109333336353302,0.04100000113248825,0.033399999141693115
YIL142W,YGL068W,0,1.755915,0.10904255509376526,0.04100000113248825,0.03350000083446503
YGL203C,YGR199W,0,1.7554879,0.10875331610441208,0.04100000113248825,0.03359999880194664
YJL178C,YPR100W,0,1.7553675,0.10846561193466187,0.04100000113248825,0.03370000049471855
YGL020C,YDR099W,0,1.7551473,0.10817942023277283,0.04100000113248825,0.033799998462200165
YHR074W,YPL098C,0,1.7543485,0.10789473354816437,0.04100000113248825,0.033900000154972076
YLR181C,YNL261W,0,1.7540513,0.10761155188083649,0.04100000113248825,0.03400000184774399
YOL044W,YNL177C,0,1.7536174,0.1073298454284668,0.04100000113248825,0.0340999998152256
YBR049C,YFL018C,0,1.7521015,0.1070496067404747,0.04100000113248825,0.03420000150799751
YFL016C,YNL041C,0,1.7503802,0.1067708358168602,0.04100000113248825,0.034299999475479126
YBL056W,YBR077C,0,1.7500638,0.1064935028553009,0.04100000113248825,0.03440000116825104
YLR361C,YPR161C,0,1.7496549,0.10621761530637741,0.04100000113248825,0.03449999913573265
YGL038C,YDR110W,0,1.74956,0.10594315081834793,0.04100000113248825,0.03460000082850456
YOR316C,YDR303C,0,1.7494472,0.10567010194063187,0.04100000113248825,0.034699998795986176
YPL046C,YJL112W,0,1.7490939,0.10539846122264862,0.04100000113248825,0.03480000048875809
YMR054W,YBR253W,0,1.7488052,0.1051282063126564,0.04100000113248825,0.0348999984562397
YDR164C,YKL046C,0,1.7482923,0.10485933721065521,0.04100000113248825,0.03500000014901161
YDR078C,YOR380W,0,1.7481543,0.10459183901548386,0.04100000113248825,0.035100001841783524
YMR115W,YPR120C,0,1.7466773,0.10432569682598114,0.04100000113248825,0.03519999980926514
YNL073W,YOR354C,0,1.7466458,0.10406091064214706,0.04100000113248825,0.03530000150203705
YIL068C,YDR416W,0,1.7466164,0.10379746556282043,0.04100000113248825,0.03539999946951866
YPR095C,YGL212W,0,1.7463442,0.10353535413742065,0.04100000113248825,0.03550000116229057
YPR155C,YDL128W,0,1.7450824,0.10327456146478653,0.04100000113248825,0.035599999129772186
YLR369W,YDL042C,0,1.7446108,0.10301507264375687,0.04100000113248825,0.0357000008225441
YKL025C,YNR039C,0,1.7443444,0.10275689512491226,0.04100000113248825,0.03579999879002571
YDR027C,YPL169C,0,1.7440916,0.10249999910593033,0.04100000113248825,0.03590000048279762
YOR101W,YER002W,0,1.7432109,0.10224439203739166,0.04100000113248825,0.035999998450279236
YER123W,YNL284C,0,1.7430062,0.10199005156755447,0.04100000113248825,0.03610000014305115
YMR077C,YDR202C,0,1.7426761,0.10173697024583817,0.04100000113248825,0.03620000183582306
YNL003C,YBR130C,0,1.7417637,0.10148514807224274,0.04100000113248825,0.03629999980330467
YBR114W,YHR166C,0,1.7414241,0.101234570145607,0.04100000113248825,0.036400001496076584
YER019W,YGL065C,1,1.7413186,0.1034482792019844,0.041999999433755875,0.036400001496076584
YOR177C,YAL055W,0,1.7411581,0.10319410264492035,0.041999999433755875,0.0364999994635582
YDL097C,YLR163C,0,1.7409873,0.10294117778539658,0.041999999433755875,0.03660000115633011
YGL058W,YBR094W,0,1.7404414,0.10268948972225189,0.041999999433755875,0.03669999912381172
YOR311C,YJL196C,1,1.7403408,0.10487804561853409,0.0430000014603138,0.03669999912381172
YKL155C,YKL094W,0,1.7401406,0.10462287068367004,0.0430000014603138,0.03680000081658363
YGR169C,YGR005C,0,1.7400643,0.10436893254518509,0.0430000014603138,0.03689999878406525
YMR115W,YDR490C,0,1.739896,0.10411622375249863,0.0430000014603138,0.03700000047683716
YKR028W,YAR003W,0,1.7387867,0.10386473685503006,0.0430000014603138,0.03709999844431877
YNL076W,YBL038W,0,1.7367927,0.1036144569516182,0.0430000014603138,0.03720000013709068
YBL008W,YFR013W,0,1.7365414,0.10336538404226303,0.0430000014603138,0.037300001829862595
YPR145W,YGR240C,0,1.7364513,0.10311750322580338,0.0430000014603138,0.03739999979734421
YPR188C,YDR246W,0,1.7355868,0.10287081450223923,0.0430000014603138,0.03750000149011612
YLR440C,YHR150W,0,1.7354866,0.1026252955198288,0.0430000014603138,0.03759999945759773
YJL154C,YPR017C,0,1.735043,0.10238095372915268,0.0430000014603138,0.037700001150369644
YGL145W,YJR046W,0,1.7343924,0.10213776677846909,0.0430000014603138,0.03779999911785126
YGR198W,YCR026C,0,1.7341356,0.10189573466777802,0.0430000014603138,0.03790000081062317
YHR135C,YIR022W,0,1.7333561,0.10165484994649887,0.0430000014603138,0.03799999877810478
YOR254C,YKR085C,0,1.7331468,0.10141509771347046,0.0430000014603138,0.038100000470876694
YJL005W,YJR057W,0,1.732213,0.10117647051811218,0.0430000014603138,0.03819999843835831
YNL088W,YOR358W,0,1.7319629,0.10093896836042404,0.0430000014603138,0.03830000013113022
YKR086W,YCL054W,0,1.7317106,0.10070257633924484,0.0430000014603138,0.03840000182390213
YPL086C,YDR496C,0,1.7311782,0.10046728700399399,0.0430000014603138,0.03849999979138374
YIL008W,YBR221C,0,1.7310965,0.10023310035467148,0.0430000014603138,0.038600001484155655
YOR284W,YIL063C,0,1.730462,0.10000000149011612,0.0430000014603138,0.03869999945163727
YMR200W,YOR229W,0,1.7304289,0.09976798295974731,0.0430000014603138,0.03880000114440918
YBR003W,YGR170W,1,1.7296664,0.10185185074806213,0.04399999976158142,0.03880000114440918
YML007W,YMR251W-A,0,1.7296642,0.10161662846803665,0.04399999976158142,0.03889999911189079
YDR211W,YHL002W,0,1.7289228,0.10138248652219772,0.04399999976158142,0.039000000804662704
YCR030C,YKR007W,0,1.7287399,0.10114942491054535,0.04399999976158142,0.03909999877214432
YLR395C,YBR210W,0,1.7284003,0.10091742873191833,0.04399999976158142,0.03920000046491623
YNL079C,YPL227C,0,1.7275637,0.10068649798631668,0.04399999976158142,0.03929999843239784
YKR087C,YDR386W,0,1.7272985,0.1004566177725792,0.04399999976158142,0.039400000125169754
YDL113C,YPR029C,0,1.7262365,0.10022778809070587,0.04399999976158142,0.039500001817941666
YHR074W,YGR046W,0,1.7260774,0.10000000149011612,0.04399999976158142,0.03959999978542328
YFR033C,YCR079W,0,1.725851,0.09977324306964874,0.04399999976158142,0.03970000147819519
YIL036W,YJL124C,0,1.7247866,0.09954751282930374,0.04399999976158142,0.039799999445676804
YGL134W,YKR046C,0,1.7245171,0.09932279586791992,0.04399999976158142,0.039900001138448715
YFR004W,YHR077C,0,1.7243348,0.09909909963607788,0.04399999976158142,0.03999999910593033
YCR069W,YLR203C,0,1.724176,0.09887640178203583,0.04399999976158142,0.04010000079870224
YDR422C,YOL113W,0,1.7230687,0.09865470975637436,0.04399999976158142,0.04019999876618385
YLR113W,YNL258C,0,1.7229508,0.09843400120735168,0.04399999976158142,0.040300000458955765
YIL097W,YKL091C,0,1.7226462,0.0982142835855484,0.04399999976158142,0.04039999842643738
YOR329C,YER115C,0,1.72231,0.09799554198980331,0.04399999976158142,0.04050000011920929
YNL294C,YOR017W,0,1.7211945,0.09777777642011642,0.04399999976158142,0.0406000018119812
YKL015W,YJL001W,0,1.7209433,0.09756097197532654,0.04399999976158142,0.040699999779462814
YGL060W,YMR288W,0,1.7206143,0.09734513610601425,0.04399999976158142,0.040800001472234726
YCL052C,YKR053C,1,1.7205447,0.09933774918317795,0.04500000178813934,0.040800001472234726
YGR121C,YPR198W,0,1.7203207,0.09911894053220749,0.04500000178813934,0.04089999943971634
YNL258C,YBR282W,0,1.7198957,0.09890110045671463,0.04500000178813934,0.04100000113248825
YAL047C,YJL047C,0,1.7197233,0.09868421405553818,0.04500000178813934,0.041099999099969864
YOL096C,YGR030C,0,1.7195816,0.09846827387809753,0.04500000178813934,0.041200000792741776
YGR193C,YGR030C,0,1.7188884,0.0982532724738121,0.04500000178813934,0.04129999876022339
YOR141C,YKL087C,0,1.718479,0.09803921729326248,0.04500000178813934,0.0414000004529953
YGR121C,YOR113W,0,1.7172223,0.09782608598470688,0.04500000178813934,0.04149999842047691
YML010W,YOR035C,0,1.7166282,0.09761388599872589,0.04500000178813934,0.041600000113248825
YNL265C,YML011C,0,1.7166203,0.09740259498357773,0.04500000178813934,0.04170000180602074
YOR142W,YJL081C,0,1.7163345,0.09719222784042358,0.04500000178813934,0.04179999977350235
YGR181W,YKL003C,0,1.7159903,0.09698276221752167,0.04500000178813934,0.04190000146627426
YGL013C,YER101C,0,1.7156509,0.09677419066429138,0.04500000178813934,0.041999999433755875
YOR099W,YOR045W,0,1.7151047,0.09656652063131332,0.04500000178813934,0.042100001126527786
YDR422C,YPL004C,0,1.7150275,0.0963597446680069,0.04500000178813934,0.0421999990940094
YOR231W,YDL134C,0,1.7146355,0.09615384787321091,0.04500000178813934,0.04230000078678131
YDR291W,YKL065C,0,1.7143011,0.09594883024692535,0.04500000178813934,0.042399998754262924
YGL237C,YGR072W,0,1.7125895,0.09574468433856964,0.04500000178813934,0.042500000447034836
YLR423C,YER162C,0,1.7124435,0.09554140269756317,0.04500000178813934,0.04259999841451645
YLR102C,YML061C,0,1.7121942,0.09533898532390594,0.04500000178813934,0.04270000010728836
YOR363C,YLL031C,1,1.7106179,0.09725158661603928,0.04600000008940697,0.04270000010728836
YDL161W,YNL272C,0,1.71042,0.09704641252756119,0.04600000008940697,0.04280000180006027
YDR419W,YKL167C,0,1.7103328,0.09684210270643234,0.04600000008940697,0.042899999767541885
YOL144W,YDL091C,0,1.7101806,0.09663865715265274,0.04600000008940697,0.0430000014603138
YER104W,YOL066C,0,1.7089003,0.09643606096506119,0.04600000008940697,0.04309999942779541
YER021W,YKL025C,0,1.7087942,0.09623430669307709,0.04600000008940697,0.04320000112056732
YNL125C,YMR044W,0,1.7083858,0.09603340178728104,0.04600000008940697,0.043299999088048935
YOL055C,YPL249C,0,1.7072116,0.09583333134651184,0.04600000008940697,0.04340000078082085
YPR105C,YKL041W,0,1.7068723,0.0956340953707695,0.04600000008940697,0.04349999874830246
YNL106C,YAL051W,1,1.706598,0.09751037508249283,0.04699999839067459,0.04349999874830246
YDL155W,YOR115C,0,1.7065597,0.09730848670005798,0.04699999839067459,0.04360000044107437
YKL039W,YOL066C,0,1.7063814,0.09710744023323059,0.04699999839067459,0.043699998408555984
YNL252C,YOL068C,0,1.7063462,0.09690721333026886,0.04699999839067459,0.043800000101327896
YJL210W,YFR038W,0,1.7059325,0.09670782089233398,0.04699999839067459,0.04390000179409981
YPR103W,YIL035C,0,1.7053115,0.09650924056768417,0.04699999839067459,0.04399999976158142
YKL112W,YDR170C,0,1.7043155,0.09631147235631943,0.04699999839067459,0.04410000145435333
YGR178C,YJL111W,0,1.7038813,0.09611451625823975,0.04699999839067459,0.044199999421834946
YNL326C,YLL021W,0,1.7033104,0.09591836482286453,0.04699999839067459,0.04430000111460686
YOR279C,YCR008W,0,1.703191,0.09572301059961319,0.04699999839067459,0.04439999908208847
YKL065C,YML092C,0,1.7022737,0.09552845358848572,0.04699999839067459,0.04450000077486038
YOR311C,YER125W,1,1.7022084,0.09736308455467224,0.04800000041723251,0.04450000077486038
YMR063W,YKL095W,0,1.7021966,0.09716599434614182,0.04800000041723251,0.044599998742341995
YPL133C,YER101C,0,1.7020088,0.09696969389915466,0.04800000041723251,0.04470000043511391
YBR093C,YJL012C,0,1.7014003,0.09677419066429138,0.04800000041723251,0.04479999840259552
YEL053C,YLR399C,0,1.70109,0.09657947719097137,0.04800000041723251,0.04490000009536743
YDL188C,YGR172C,0,1.7006845,0.09638553857803345,0.04800000041723251,0.04500000178813934
YHR135C,YDR264C,0,1.6995703,0.0961923822760582,0.04800000041723251,0.045099999755620956
YLR336C,YGL145W,0,1.6994168,0.09600000083446503,0.04800000041723251,0.04520000144839287
YJL045W,YMR005W,0,1.698294,0.09580838680267334,0.04800000041723251,0.04529999941587448
YML065W,YDR409W,0,1.6969026,0.09561753273010254,0.04800000041723251,0.04540000110864639
YGR143W,YCR017C,1,1.696372,0.0974155068397522,0.04899999871850014,0.04540000110864639
YLR028C,YDL040C,0,1.694563,0.0972222238779068,0.04899999871850014,0.045499999076128006
YNL106C,YKR031C,1,1.694235,0.09900990128517151,0.05000000074505806,0.045499999076128006
YOL055C,YDL207W,0,1.6930656,0.0988142266869545,0.05000000074505806,0.04560000076889992
YGR129W,YML014W,0,1.6929673,0.09861932694911957,0.05000000074505806,0.04569999873638153
YJL096W,YLR117C,0,1.692707,0.09842519462108612,0.05000000074505806,0.04580000042915344
YPL135W,YML098W,0,1.6921519,0.09823182970285416,0.05000000074505806,0.045899998396635056
YKL175W,YMR271C,0,1.6912824,0.09803921729326248,0.05000000074505806,0.04600000008940697
YOR319W,YLR151C,0,1.6911914,0.0978473573923111,0.05000000074505806,0.04610000178217888
YBR153W,YIL021W,0,1.6905738,0.09765625,0.05000000074505806,0.04619999974966049
YAL001C,YNR039C,0,1.6896442,0.0974658876657486,0.05000000074505806,0.046300001442432404
YBR102C,YDL134C,0,1.6895593,0.09727626293897629,0.05000000074505806,0.04639999940991402
YPR103W,YLR005W,0,1.6890264,0.09708737581968307,0.05000000074505806,0.04650000110268593
YDR091C,YKL082C,0,1.6888223,0.09689922630786896,0.05000000074505806,0.04659999907016754
YGR095C,YBR280C,0,1.6871699,0.09671179950237274,0.05000000074505806,0.04670000076293945
YPL087W,YKL126W,1,1.6869882,0.09845560044050217,0.050999999046325684,0.04670000076293945
YMR313C,YML059C,1,1.6865646,0.10019268095493317,0.052000001072883606,0.04670000076293945
YGR174C,YLR007W,0,1.6857792,0.10000000149011612,0.052000001072883606,0.046799998730421066
YHR002W,YOL116W,0,1.6855308,0.09980805963277817,0.052000001072883606,0.04690000042319298
YMR205C,YBR191W,0,1.6847748,0.09961685538291931,0.052000001072883606,0.04699999839067459
YOL051W,YKL184W,0,1.6846122,0.09942638874053955,0.052000001072883606,0.0471000000834465
YNL075W,YOR206W,0,1.6845925,0.09923664480447769,0.052000001072883606,0.047200001776218414
YNL263C,YIL147C,0,1.6845238,0.09904761612415314,0.052000001072883606,0.04729999974370003
YDR293C,YPL180W,0,1.6844873,0.09885931760072708,0.052000001072883606,0.04740000143647194
YDR332W,YKR101W,0,1.6841445,0.09867172688245773,0.052000001072883606,0.04749999940395355
YGR163W,YER008C,0,1.6833972,0.09848485141992569,0.052000001072883606,0.047600001096725464
YHR146W,YEL012W,0,1.6823148,0.09829867631196976,0.052000001072883606,0.04769999906420708
YDL078C,YBR177C,1,1.6809157,0.10000000149011612,0.05299999937415123,0.04769999906420708
YKR080W,YFR014C,0,1.6799375,0.09981167316436768,0.05299999937415123,0.04780000075697899
YGR003W,YJL057C,0,1.6796823,0.09962406009435654,0.05299999937415123,0.0478999987244606
YNL219C,YNL038W,1,1.6795725,0.10131332278251648,0.05400000140070915,0.0478999987244606
YJL196C,YOR196C,1,1.6791073,0.10299625247716904,0.054999999701976776,0.0478999987244606
YBR288C,YDR468C,0,1.6786132,0.10280373692512512,0.054999999701976776,0.04800000041723251
YDR164C,YJL184W,0,1.6786107,0.10261193662881851,0.054999999701976776,0.04809999838471413
YNL314W,YPL008W,0,1.6783738,0.1024208590388298,0.054999999701976776,0.04820000007748604
YPL138C,YDR373W,0,1.6783684,0.1022304818034172,0.054999999701976776,0.04830000177025795
YGL172W,YEL063C,0,1.6783644,0.10204081982374191,0.054999999701976776,0.04839999973773956
YOR171C,YLR088W,1,1.6778604,0.10370370000600815,0.0560000017285347,0.04839999973773956
YER178W,YGL238W,0,1.6777972,0.10351201146841049,0.0560000017285347,0.048500001430511475
YDR264C,YDR105C,0,1.6774042,0.10332103073596954,0.0560000017285347,0.04859999939799309
YOR141C,YER178W,0,1.6761785,0.1031307578086853,0.0560000017285347,0.048700001090765
YDR294C,YPL120W,1,1.6759187,0.10477941483259201,0.05700000002980232,0.048700001090765
YIL157C,YBL067C,0,1.6750427,0.10458715260028839,0.05700000002980232,0.04879999905824661
YFR033C,YBL101C,0,1.6746337,0.10439560562372208,0.05700000002980232,0.048900000751018524
YJL100W,YHR072W,1,1.674604,0.10603290796279907,0.057999998331069946,0.048900000751018524
YHL020C,YNL156C,1,1.6744546,0.10766423493623734,0.05900000035762787,0.048900000751018524
YDR392W,YDR494W,0,1.6740401,0.1074681207537651,0.05900000035762787,0.04899999871850014
YOR209C,YNL099C,0,1.6738635,0.10727272927761078,0.05900000035762787,0.04910000041127205
YKL188C,YML120C,0,1.6737753,0.10707803815603256,0.05900000035762787,0.04919999837875366
YNL082W,YML069W,0,1.6735977,0.10688405483961105,0.05900000035762787,0.049300000071525574
YJR057W,YLR360W,0,1.6734904,0.10669077932834625,0.05900000035762787,0.049400001764297485
YHR079C,YFR049W,0,1.6731468,0.10649819672107697,0.05900000035762787,0.0494999997317791
YML102W,YDR477W,0,1.672872,0.10630630701780319,0.05900000035762787,0.04960000142455101
YJL124C,YKL054C,0,1.6719116,0.10611511021852493,0.05900000035762787,0.04969999939203262
YBL056W,YHR012W,0,1.6718959,0.10592459887266159,0.05900000035762787,0.049800001084804535
YDR098C,YOR253W,0,1.6718003,0.10573476552963257,0.05900000035762787,0.04989999905228615
YPL045W,YHR059W,0,1.6712139,0.10554561764001846,0.05900000035762787,0.05000000074505806
YGR167W,YJR133W,0,1.6708664,0.10535714030265808,0.05900000035762787,0.05009999871253967
YHR102W,YOR064C,0,1.6704916,0.10516934096813202,0.05900000035762787,0.050200000405311584
YJR090C,YCR036W,0,1.670278,0.10498220473527908,0.05900000035762787,0.0502999983727932
YLR309C,YKR065C,0,1.670133,0.10479573905467987,0.05900000035762787,0.05040000006556511
YGL174W,YNL225C,0,1.6694484,0.10460992902517319,0.05900000035762787,0.05050000175833702
YGL019W,YDL128W,0,1.6692957,0.10442478209733963,0.05900000035762787,0.050599999725818634
YKL197C,YER170W,0,1.6692833,0.104240283370018,0.05900000035762787,0.050700001418590546
YMR192W,YPR009W,0,1.6690534,0.10405644029378891,0.05900000035762787,0.05079999938607216
YJL004C,YJR086W,0,1.6689049,0.10387323796749115,0.05900000035762787,0.05090000107884407
YNR055C,YDL134C,0,1.6688567,0.10369068384170532,0.05900000035762787,0.050999999046325684
YJR090C,YIL162W,0,1.6677426,0.10350877046585083,0.05900000035762787,0.051100000739097595
YGL025C,YDL132W,0,1.6676515,0.10332749783992767,0.05900000035762787,0.05119999870657921
YBR210W,YHR143W-A,0,1.6675534,0.10314685106277466,0.05900000035762787,0.05130000039935112
YDR301W,YGR281W,0,1.6673687,0.10296683758497238,0.05900000035762787,0.05139999836683273
YPL007C,YKL134C,0,1.667368,0.10278745740652084,0.05900000035762787,0.051500000059604645
YJL208C,YER101C,0,1.6673213,0.10260869562625885,0.05900000035762787,0.051600001752376556
YKL012W,YKR102W,0,1.667183,0.1024305522441864,0.05900000035762787,0.05169999971985817
YHL013C,YOR064C,0,1.6671058,0.1022530347108841,0.05900000035762787,0.05180000141263008
YKL145W,YBR081C,0,1.6670221,0.10207612812519073,0.05900000035762787,0.051899999380111694
YLR028C,YNL307C,0,1.6665723,0.10189982503652573,0.05900000035762787,0.052000001072883606
YCL004W,YMR207C,1,1.6660154,0.1034482792019844,0.05999999865889549,0.052000001072883606
YOL051W,YNL265C,0,1.6656226,0.10327022522687912,0.05999999865889549,0.05209999904036522
YPL118W,YOR380W,0,1.6656011,0.10309278219938278,0.05999999865889549,0.05220000073313713
YIL021W,YNL103W,0,1.6655397,0.10291595011949539,0.05999999865889549,0.052299998700618744
YNL251C,YER129W,0,1.6654245,0.10273972898721695,0.05999999865889549,0.052400000393390656
YFR009W,YGR020C,0,1.6652869,0.10256410390138626,0.05999999865889549,0.05249999836087227
YDR392W,YPR162C,0,1.6650776,0.10238907486200333,0.05999999865889549,0.05260000005364418
YLR219W,YOR123C,0,1.665028,0.10221464931964874,0.05999999865889549,0.05270000174641609
YLR219W,YER094C,0,1.664953,0.10204081982374191,0.05999999865889549,0.052799999713897705
YBL050W,YMR203W,0,1.6648726,0.10186757147312164,0.05999999865889549,0.05290000140666962
YNL116W,YOR172W,0,1.6644634,0.10169491171836853,0.05999999865889549,0.05299999937415123
YDR208W,YHR073W,1,1.6643109,0.10321488976478577,0.061000000685453415,0.05299999937415123
YBR153W,YGR231C,0,1.6643078,0.10304053872823715,0.061000000685453415,0.05310000106692314
YDR392W,YOR256C,0,1.6638594,0.1028667762875557,0.061000000685453415,0.053199999034404755
YHR114W,YML023C,0,1.6636364,0.1026936024427414,0.061000000685453415,0.053300000727176666
YHR057C,YPL218W,0,1.6631609,0.10252100974321365,0.061000000685453415,0.05339999869465828
YLR026C,YLR093C,0,1.6630148,0.10234899073839188,0.061000000685453415,0.05350000038743019
YAL042W,YNL121C,0,1.662246,0.10217755287885666,0.061000000685453415,0.053599998354911804
YBR095C,YKR002W,0,1.6615893,0.1020066887140274,0.061000000685453415,0.053700000047683716
YPL064C,YLR131C,0,1.6612569,0.10183639079332352,0.061000000685453415,0.05380000174045563
YPL169C,YNL284C,0,1.6612123,0.10166666656732559,0.061000000685453415,0.05389999970793724
YLR359W,YMR183C,0,1.6608056,0.10149750113487244,0.061000000685453415,0.05400000140070915
YNL216W,YDR255C,0,1.6606709,0.10132890194654465,0.061000000685453415,0.054099999368190765
YIL020C,YIL040W,0,1.6605482,0.10116086155176163,0.061000000685453415,0.05420000106096268
YFR050C,YBR046C,0,1.6605197,0.10099337995052338,0.061000000685453415,0.05429999902844429
YBR212W,YMR190C,0,1.6604189,0.1008264496922493,0.061000000685453415,0.0544000007212162
YBR003W,YCR068W,1,1.6597828,0.10231023281812668,0.06199999898672104,0.0544000007212162
YBL006C,YBR193C,0,1.6596926,0.10214167833328247,0.06199999898672104,0.054499998688697815
YGL083W,YBL038W,0,1.6595467,0.10197368264198303,0.06199999898672104,0.05460000038146973
YLR380W,YJL091C,1,1.6594094,0.1034482792019844,0.06300000101327896,0.05460000038146973
YKL065C,YGL060W,0,1.6586097,0.10327868908643723,0.06300000101327896,0.05469999834895134
YGL180W,YPR017C,0,1.6579783,0.10310965776443481,0.06300000101327896,0.05480000004172325
YJR034W,YDL002C,0,1.6577035,0.10294117778539658,0.06300000101327896,0.05490000173449516
YDR172W,YLR175W,0,1.6567694,0.10277324914932251,0.06300000101327896,0.054999999701976776
YDR145W,YJL002C,0,1.6563653,0.10260586440563202,0.06300000101327896,0.05510000139474869
YMR119W,YKL002W,0,1.6562037,0.1024390235543251,0.06300000101327896,0.0551999993622303
YNL107W,YDL214C,0,1.6561725,0.10227272659540176,0.06300000101327896,0.05530000105500221
YNL263C,YDR168W,0,1.6561577,0.1021069660782814,0.06300000101327896,0.055399999022483826
YPR105C,YGR222W,0,1.6549625,0.10194174945354462,0.06300000101327896,0.05550000071525574
YDL188C,YJR049C,0,1.6543777,0.10177706182003021,0.06300000101327896,0.05559999868273735
YJL196C,YCR044C,1,1.6541411,0.10322580486536026,0.06400000303983688,0.05559999868273735
YJR052W,YLL051C,0,1.6540905,0.10305958241224289,0.06400000303983688,0.05570000037550926
YDL188C,YDR135C,0,1.6538116,0.1028938889503479,0.06400000303983688,0.055799998342990875
YKL067W,YIL103W,0,1.6535974,0.10272873193025589,0.06400000303983688,0.05590000003576279
YLR016C,YPL008W,0,1.6528708,0.10256410390138626,0.06400000303983688,0.0560000017285347
YGR169C,YJL127C,0,1.6522483,0.10239999741315842,0.06400000303983688,0.05609999969601631
YBR161W,YHR072W,1,1.6522421,0.103833869099617,0.06499999761581421,0.05609999969601631
YMR288W,YKR052C,0,1.6521089,0.10366826504468918,0.06499999761581421,0.05620000138878822
YDL046W,YML092C,0,1.6520878,0.10350318253040314,0.06499999761581421,0.056299999356269836
YDR167W,YJL123C,0,1.6519293,0.10333863645792007,0.06499999761581421,0.05640000104904175
YJR093C,YKL184W,0,1.6518484,0.1031746044754982,0.06499999761581421,0.05649999901652336
YPR113W,YMR272C,1,1.6517767,0.10459587723016739,0.06599999964237213,0.05649999901652336
YBR065C,YOR115C,0,1.6517631,0.10443037748336792,0.06599999964237213,0.05660000070929527
YDR246W,YLR377C,0,1.651502,0.10426539927721024,0.06599999964237213,0.056699998676776886
YDR281C,YGL038C,0,1.651307,0.10410095006227493,0.06599999964237213,0.0568000003695488
YKL155C,YOL042W,0,1.651091,0.10393700748682022,0.06599999964237213,0.05689999833703041
YML010W,YMR005W,0,1.6510711,0.1037735864520073,0.06599999964237213,0.05700000002980232
YML099C,YFL016C,0,1.6502478,0.10361067205667496,0.06599999964237213,0.057100001722574234
YDR485C,YNR035C,0,1.6501268,0.1034482792019844,0.06599999964237213,0.05719999969005585
YLR093C,YHR156C,0,1.6498241,0.10328638553619385,0.06599999964237213,0.05730000138282776
YOR085W,YPL013C,0,1.6493555,0.10312499850988388,0.06599999964237213,0.05739999935030937
YDR200C,YHR111W,0,1.6493291,0.1029641181230545,0.06599999964237213,0.057500001043081284
YOR249C,YDL175C,0,1.6488643,0.10280373692512512,0.06599999964237213,0.0575999990105629
YBR095C,YPL118W,0,1.6474522,0.10264385491609573,0.06599999964237213,0.05770000070333481
YFR042W,YOR336W,0,1.6474024,0.10248447209596634,0.06599999964237213,0.05779999867081642
YPL098C,YER101C,0,1.6473364,0.10232558101415634,0.06599999964237213,0.05790000036358833
YDR375C,YGL018C,0,1.6472865,0.10216718167066574,0.06599999964237213,0.057999998331069946
YCR026C,YDR394W,0,1.6469886,0.10200927406549454,0.06599999964237213,0.05810000002384186
YOR095C,YGL111W,0,1.6462775,0.10185185074806213,0.06599999964237213,0.05820000171661377
YJR083C,YJL053W,0,1.6460385,0.10169491171836853,0.06599999964237213,0.05829999968409538
YDR081C,YLR071C,0,1.6460067,0.10153846442699432,0.06599999964237213,0.058400001376867294
YGR209C,YML011C,0,1.6452508,0.10138248652219772,0.06599999964237213,0.05849999934434891
YDR519W,YCL043C,0,1.64522,0.10122699290513992,0.06599999964237213,0.05860000103712082
YNL079C,YML069W,0,1.6451725,0.10107197612524033,0.06599999964237213,0.05869999900460243
YLR330W,YKL046C,0,1.6442918,0.10091742873191833,0.06599999964237213,0.058800000697374344
YNR031C,YLR163C,0,1.6442094,0.10076335817575455,0.06599999964237213,0.05889999866485596
YBR060C,YOR073W,0,1.6437469,0.10060975700616837,0.06599999964237213,0.05900000035762787
YHR200W,YNR031C,0,1.6431686,0.1004566177725792,0.06599999964237213,0.05909999832510948
YPL193W,YGR024C,0,1.6425477,0.10030394792556763,0.06599999964237213,0.05920000001788139
YNL199C,YNL261W,0,1.6423013,0.10015174746513367,0.06599999964237213,0.059300001710653305
YPL118W,YDR427W,0,1.6414748,0.10000000149011612,0.06599999964237213,0.05939999967813492
YOR361C,YDL153C,0,1.6413349,0.09984871745109558,0.06599999964237213,0.05950000137090683
YPL233W,YOR106W,0,1.6407031,0.09969788789749146,0.06599999964237213,0.05959999933838844
YNL281W,YAL005C,0,1.6406964,0.09954751282930374,0.06599999964237213,0.059700001031160355
YCL004W,YGR007W,1,1.6405677,0.10090361535549164,0.06700000166893005,0.059700001031160355
YOR362C,YPR165W,0,1.6405449,0.10075187683105469,0.06700000166893005,0.05979999899864197
YBR103W,YJR082C,0,1.6400968,0.10060060024261475,0.06700000166893005,0.05990000069141388
YDR457W,YLR309C,0,1.6400605,0.10044977813959122,0.06700000166893005,0.05999999865889549
YKL065C,YLR410W,0,1.6398064,0.1002994030714035,0.06700000166893005,0.060100000351667404
YNL258C,YBR107C,0,1.6395149,0.1001494750380516,0.06700000166893005,0.06019999831914902
YCL052C,YER026C,1,1.6392599,0.10149253904819489,0.06800000369548798,0.06019999831914902
YKL002W,YBR229C,0,1.6392018,0.10134128481149673,0.06800000369548798,0.06030000001192093
YPL192C,YNL326C,0,1.6383111,0.1011904776096344,0.06800000369548798,0.06040000170469284
YKR052C,YLR360W,0,1.6377082,0.10104011744260788,0.06800000369548798,0.060499999672174454
YGR163W,YML021C,0,1.6376921,0.10089020431041718,0.06800000369548798,0.060600001364946365
YMR284W,YDR477W,0,1.6376518,0.10074073821306229,0.06800000369548798,0.06069999933242798
YOR284W,YDR359C,0,1.6371068,0.10059171915054321,0.06800000369548798,0.06080000102519989
YDR254W,YDR422C,0,1.6363434,0.10044313222169876,0.06800000369548798,0.0608999989926815
YPL007C,YGL044C,0,1.6362875,0.10029498487710953,0.06800000369548798,0.061000000685453415
YAL031C,YPL105C,0,1.6358718,0.10014727711677551,0.06800000369548798,0.06109999865293503
YDR148C,YLR003C,0,1.6354741,0.10000000149011612,0.06800000369548798,0.06120000034570694
YLR395C,YDR153C,0,1.6354481,0.09985315799713135,0.06800000369548798,0.06129999831318855
YJR093C,YML007W,0,1.635255,0.0997067466378212,0.06800000369548798,0.061400000005960464
YOR153W,YNL071W,0,1.6350156,0.09956075996160507,0.06800000369548798,0.061500001698732376
YER041W,YKL149C,0,1.6346817,0.09941520541906357,0.06800000369548798,0.06159999966621399
YDR148C,YOR256C,0,1.6346263,0.09927007555961609,0.06800000369548798,0.0617000013589859
YER063W,YCR030C,0,1.6332295,0.09912536293268204,0.06800000369548798,0.061799999326467514
YDR206W,YOR241W,0,1.6331134,0.09898107498884201,0.06800000369548798,0.061900001019239426
YPL069C,YJL091C,1,1.6329523,0.1002907007932663,0.0689999982714653,0.061900001019239426
YOR115C,YNL323W,0,1.6328775,0.1001451388001442,0.0689999982714653,0.06199999898672104
YJL098W,YMR167W,0,1.632069,0.10000000149011612,0.0689999982714653,0.06210000067949295
YKL145W,YNL085W,0,1.6319969,0.09985528141260147,0.0689999982714653,0.062199998646974564
YDL135C,YAL056W,0,1.6316763,0.09971098601818085,0.0689999982714653,0.062300000339746475
YNL177C,YML032C,0,1.6315047,0.09956710040569305,0.0689999982714653,0.06239999830722809
YLR305C,YMR013C,1,1.6309196,0.10086455196142197,0.07000000029802322,0.06239999830722809
YHR090C,YFL016C,0,1.6308943,0.10071942210197449,0.07000000029802322,0.0625
YNL054W,YDR284C,1,1.6307112,0.10201149433851242,0.07100000232458115,0.0625
YKL155C,YLR442C,0,1.6304854,0.10186513513326645,0.07100000232458115,0.06260000169277191
YAL014C,YHR115C,0,1.6303371,0.1017192006111145,0.07100000232458115,0.06270000338554382
YLR272C,YJR036C,0,1.6301262,0.10157367587089539,0.07100000232458115,0.06279999762773514
YPR067W,YJL104W,0,1.6299478,0.1014285683631897,0.07100000232458115,0.06289999932050705
YJL197W,YFL009W,0,1.6295108,0.10128387808799744,0.07100000232458115,0.06300000101327896
YPL133C,YIL063C,0,1.6294006,0.101139597594738,0.07100000232458115,0.06310000270605087
YFR009W,YHR132C,0,1.6292622,0.100995734333992,0.07100000232458115,0.06319999694824219
YDR498C,YOL043C,0,1.6283882,0.10085227340459824,0.07100000232458115,0.0632999986410141
YLR284C,YBR026C,1,1.6280675,0.10212765634059906,0.07199999690055847,0.0632999986410141
YNR023W,YML107C,0,1.6279942,0.10198300331830978,0.07199999690055847,0.06340000033378601
YPL228W,YLR028C,0,1.6274186,0.10183875262737274,0.07199999690055847,0.06350000202655792
YHR203C,YBR127C,0,1.6271462,0.10169491171836853,0.07199999690055847,0.06360000371932983
YBL007C,YGL115W,0,1.6267701,0.10155148059129715,0.07199999690055847,0.06369999796152115
YPR067W,YER166W,0,1.6263237,0.101408451795578,0.07199999690055847,0.06379999965429306
YGR163W,YER162C,0,1.6261727,0.10126582533121109,0.07199999690055847,0.06390000134706497
YBR120C,YNL099C,0,1.6260903,0.10112359374761581,0.07199999690055847,0.06400000303983688
YLR423C,YPR018W,0,1.6258364,0.10098176449537277,0.07199999690055847,0.0640999972820282
YKL160W,YDR497C,0,1.6256071,0.10084033757448196,0.07199999690055847,0.06419999897480011
YGL208W,YIL088C,0,1.6253895,0.1006992980837822,0.07199999690055847,0.06430000066757202
YLR270W,YAL060W,0,1.6249205,0.10055866092443466,0.07199999690055847,0.06440000236034393
YMR231W,YIL048W,0,1.6249039,0.10041841119527817,0.07199999690055847,0.06449999660253525
YOL023W,YLR203C,0,1.6244547,0.10027854889631271,0.07199999690055847,0.06459999829530716
YML011C,YGR057C,0,1.6243385,0.1001390814781189,0.07199999690055847,0.06469999998807907
YLR067C,YKL124W,0,1.624287,0.10000000149011612,0.07199999690055847,0.06480000168085098
YKR071C,YMR029C,0,1.6241479,0.09986130148172379,0.07199999690055847,0.0649000033736229
YDR381W,YNL044W,0,1.623708,0.09972298890352249,0.07199999690055847,0.06499999761581421
YKL018W,YEL018W,0,1.6234585,0.09958506375551224,0.07199999690055847,0.06509999930858612
YEL001C,YOR354C,0,1.6221591,0.09944751113653183,0.07199999690055847,0.06520000100135803
YPR030W,YNL081C,0,1.6220573,0.09931034594774246,0.07199999690055847,0.06530000269412994
YJR052W,YGR238C,0,1.6219634,0.09917355328798294,0.07199999690055847,0.06539999693632126
YDR371W,YCR030C,0,1.6216673,0.09903714060783386,0.07199999690055847,0.06549999862909317
YLR435W,YOR243C,0,1.6205996,0.09890110045671463,0.07199999690055847,0.06560000032186508
YJL005W,YDR129C,0,1.6205224,0.09876543283462524,0.07199999690055847,0.065700002014637
YKL110C,YNR039C,0,1.6204782,0.0986301377415657,0.07199999690055847,0.0658000037074089
YHR091C,YPL105C,0,1.6202008,0.09849521517753601,0.07199999690055847,0.06589999794960022
YNL116W,YIL137C,0,1.6201655,0.09836065769195557,0.07199999690055847,0.06599999964237213
YKL015W,YNL147W,0,1.6197381,0.09822646528482437,0.07199999690055847,0.06610000133514404
YGL098W,YDR405W,0,1.6196288,0.09809264540672302,0.07199999690055847,0.06620000302791595
YJL024C,YDR235W,0,1.6195428,0.09795918315649033,0.07199999690055847,0.06629999727010727
YBR080C,YGL115W,0,1.6194834,0.09782608598470688,0.07199999690055847,0.06639999896287918
YDR175C,YNL124W,0,1.6192871,0.09769335389137268,0.07199999690055847,0.06650000065565109
YKL155C,YLR052W,0,1.6190537,0.09756097197532654,0.07199999690055847,0.066600002348423
YDR257C,YDR092W,0,1.6188583,0.09742895513772964,0.07199999690055847,0.06669999659061432
YJL154C,YMR044W,0,1.6183578,0.0972972959280014,0.07199999690055847,0.06679999828338623
YOR295W,YOR034C,0,1.6181087,0.09716599434614182,0.07199999690055847,0.06689999997615814
YPR161C,YPL259C,0,1.6176766,0.09703504294157028,0.07199999690055847,0.06700000166893005
YKL012W,YNL137C,0,1.6175681,0.0969044417142868,0.07199999690055847,0.06710000336170197
YLR292C,YGL022W,0,1.6174811,0.09677419066429138,0.07199999690055847,0.06719999760389328
YIL147C,YMR158W,0,1.6174322,0.09664429724216461,0.07199999690055847,0.06729999929666519
YPL178W,YGL068W,0,1.6169715,0.0965147465467453,0.07199999690055847,0.0674000009894371
YLL015W,YIL103W,0,1.6165689,0.09638553857803345,0.07199999690055847,0.06750000268220901
YNL275W,YMR203W,0,1.6164469,0.09625668078660965,0.07199999690055847,0.06759999692440033
YPL270W,YBL067C,0,1.6159002,0.09612817317247391,0.07199999690055847,0.06769999861717224
YBR119W,YMR089C,0,1.6156278,0.09600000083446503,0.07199999690055847,0.06780000030994415
YOR258W,YBR037C,0,1.614731,0.0958721712231636,0.07199999690055847,0.06790000200271606
YLR067C,YBL101C,0,1.6142802,0.09574468433856964,0.07199999690055847,0.06800000369548798
YOR126C,YMR313C,1,1.6140407,0.09694555401802063,0.0729999989271164,0.06800000369548798
YGR193C,YHR037W,0,1.6138527,0.09681697934865952,0.0729999989271164,0.06809999793767929
YKR088C,YLR309C,0,1.6137675,0.09668873995542526,0.0729999989271164,0.0681999996304512
YER146W,YEL003W,0,1.6133765,0.09656084328889847,0.0729999989271164,0.06830000132322311
YNL288W,YOR016C,0,1.6130481,0.09643328934907913,0.0729999989271164,0.06840000301599503
YCL001W,YJL081C,0,1.6129687,0.09630607068538666,0.0729999989271164,0.06849999725818634
YDR005C,YDR097C,0,1.6123414,0.09617917984724045,0.0729999989271164,0.06859999895095825
YMR149W,YDL193W,0,1.6123105,0.0960526317358017,0.0729999989271164,0.06870000064373016
YLR039C,YJR093C,0,1.6114093,0.09592641144990921,0.0729999989271164,0.06880000233650208
YFL009W,YDR499W,0,1.6110963,0.09580052644014359,0.0729999989271164,0.06889999657869339
YLR061W,YDL055C,0,1.6103507,0.09567496925592422,0.0729999989271164,0.0689999982714653
YNL223W,YKR083C,0,1.6101116,0.09554973989725113,0.0729999989271164,0.06909999996423721
YER123W,YNL137C,0,1.6100696,0.0954248383641243,0.0729999989271164,0.06920000165700912
YLR310C,YML049C,0,1.6100508,0.09530026465654373,0.0729999989271164,0.06930000334978104
YNL275W,YNL272C,0,1.6099591,0.09517601132392883,0.0729999989271164,0.06939999759197235
YNL169C,YLR088W,1,1.6096699,0.0963541641831398,0.07400000095367432,0.06939999759197235
YLL048C,YBR078W,0,1.6096051,0.09622886776924133,0.07400000095367432,0.06949999928474426
YKL126W,YNL106C,1,1.6095742,0.09740259498357773,0.07500000298023224,0.06949999928474426
YJL099W,YLR035C,0,1.6095189,0.09727626293897629,0.07500000298023224,0.06960000097751617
YLR095C,YPL020C,0,1.6093708,0.09715025871992111,0.07500000298023224,0.06970000267028809
YKL146W,YMR177W,0,1.6093694,0.0970245823264122,0.07500000298023224,0.0697999969124794
YJR050W,YDL193W,0,1.6088855,0.09689922630786896,0.07500000298023224,0.06989999860525131
YDR485C,YOR336W,0,1.6088372,0.09677419066429138,0.07500000298023224,0.07000000029802322
YDR310C,YIL040W,0,1.6086076,0.09664948284626007,0.07500000298023224,0.07010000199079514
YIL049W,YHR188C,1,1.6080676,0.09781210124492645,0.07599999755620956,0.07010000199079514
YKL220C,YKL132C,0,1.6079661,0.09768637269735336,0.07599999755620956,0.07020000368356705
YLR376C,YCL024W,0,1.6077294,0.09756097197532654,0.07599999755620956,0.07029999792575836
YGL018C,YLR377C,0,1.6076466,0.09743589907884598,0.07599999755620956,0.07039999961853027
YNL192W,YPL156C,0,1.6076382,0.09731113910675049,0.07599999755620956,0.07050000131130219
YJR040W,YNL192W,0,1.6070997,0.09718669950962067,0.07599999755620956,0.0706000030040741
YPL268W,YGL142C,1,1.6070335,0.09833972156047821,0.07699999958276749,0.0706000030040741
YDR462W,YCR046C,0,1.6070164,0.0982142835855484,0.07699999958276749,0.07069999724626541
YBR288C,YFR042W,0,1.6069158,0.09808917343616486,0.07699999958276749,0.07079999893903732
YGL233W,YMR076C,0,1.6066848,0.09796437621116638,0.07699999958276749,0.07090000063180923
YJR117W,YOR187W,0,1.6060934,0.09783989936113358,0.07699999958276749,0.07100000232458115
YOR388C,YGR144W,0,1.6060165,0.09771573543548584,0.07699999958276749,0.07109999656677246
YPL110C,YMR313C,1,1.6060098,0.09885931760072708,0.07800000160932541,0.07109999656677246
YDL100C,YIR011C,0,1.6055487,0.09873417764902115,0.07800000160932541,0.07119999825954437
YMR055C,YML107C,0,1.6051227,0.09860935807228088,0.07800000160932541,0.07129999995231628
YMR021C,YNL103W,0,1.6050444,0.09848485141992569,0.07800000160932541,0.0714000016450882
YLR295C,YGL244W,0,1.6048294,0.09836065769195557,0.07800000160932541,0.07150000333786011
YBL089W,YBR268W,0,1.6048037,0.09823677688837051,0.07800000160932541,0.07159999758005142
YPL173W,YKL119C,0,1.6046804,0.09811320900917053,0.07800000160932541,0.07169999927282333
YMR278W,YNL025C,0,1.6044894,0.09798994660377502,0.07800000160932541,0.07180000096559525
YER040W,YER104W,0,1.6044213,0.09786700457334518,0.07800000160932541,0.07190000265836716
YMR060C,YIL005W,0,1.6036857,0.09774436056613922,0.07800000160932541,0.07199999690055847
YOL135C,YGL044C,0,1.6036084,0.09762202948331833,0.07800000160932541,0.07209999859333038
YDL014W,YLR342W,0,1.6031452,0.09749999642372131,0.07800000160932541,0.0722000002861023
YML006C,YOR294W,0,1.6031015,0.09737827628850937,0.07800000160932541,0.0723000019788742
YBL080C,YNL294C,0,1.6030481,0.0972568541765213,0.07800000160932541,0.07240000367164612
YCR057C,YPL012W,0,1.6026367,0.09713573753833771,0.07800000160932541,0.07249999791383743
YGL006W,YIL073C,0,1.6026206,0.09701492637395859,0.07800000160932541,0.07259999960660934
YEL009C,YPL037C,0,1.6021677,0.09689441323280334,0.07800000160932541,0.07270000129938126
YNL231C,YMR220W,1,1.6020985,0.09801489114761353,0.07900000363588333,0.07270000129938126
YER142C,YOR138C,0,1.600681,0.09789343178272247,0.07900000363588333,0.07280000299215317
YNL216W,YDR373W,0,1.6005789,0.0977722778916359,0.07900000363588333,0.07289999723434448
YOR148C,YCR069W,0,1.600094,0.0976514220237732,0.07900000363588333,0.0729999989271164
YOR198C,YLR321C,0,1.5999663,0.09753086417913437,0.07900000363588333,0.0731000006198883
YIL142W,YMR054W,0,1.5999643,0.09741060435771942,0.07900000363588333,0.07320000231266022
YOR148C,YML062C,0,1.5999588,0.09729064255952835,0.07900000363588333,0.07329999655485153
YLL003W,YMR029C,0,1.5999527,0.09717097133398056,0.07900000363588333,0.07339999824762344
YNL219C,YKL055C,1,1.599074,0.09828009456396103,0.07999999821186066,0.07339999824762344
YLR182W,YDR264C,0,1.5990664,0.09815950691699982,0.07999999821186066,0.07349999994039536
YER159C,YNL142W,0,1.5989122,0.09803921729326248,0.07999999821186066,0.07360000163316727
YDR322C-A,YOR115C,0,1.5981472,0.09791921824216843,0.07999999821186066,0.07370000332593918
YCR027C,YNL006W,0,1.5981332,0.09779950976371765,0.07999999821186066,0.0737999975681305
YKL189W,YLR004C,0,1.5978669,0.09768009930849075,0.07999999821186066,0.0738999992609024
YDR028C,YBL018C,0,1.5977701,0.09756097197532654,0.07999999821186066,0.07400000095367432
YOR377W,YGR143W,1,1.5966625,0.0986601710319519,0.08100000023841858,0.07400000095367432
YGL023C,YER016W,0,1.5965604,0.09854014962911606,0.08100000023841858,0.07410000264644623
YNL051W,YLR102C,0,1.5965172,0.0984204113483429,0.08100000023841858,0.07419999688863754
YOR340C,YDL113C,0,1.5955662,0.09830097109079361,0.08100000023841858,0.07429999858140945
YML064C,YHR107C,0,1.5950335,0.0981818214058876,0.08100000023841858,0.07440000027418137
YLR059C,YER052C,0,1.594673,0.09806295484304428,0.08100000023841858,0.07450000196695328
YBL101C,YDR328C,0,1.5938298,0.09794437885284424,0.08100000023841858,0.07460000365972519
YPL212C,YJL123C,0,1.593792,0.09782608598470688,0.08100000023841858,0.0746999979019165
YAL047C,YFR052W,0,1.5936619,0.0977080836892128,0.08100000023841858,0.07479999959468842
YJL014W,YBR077C,0,1.5930339,0.0975903645157814,0.08100000023841858,0.07490000128746033
YKL190W,YER142C,0,1.5928819,0.09747292101383209,0.08100000023841858,0.07500000298023224
YBR234C,YDL145C,0,1.592741,0.09735576808452606,0.08100000023841858,0.07509999722242355
YNL054W,YNL106C,1,1.5925919,0.09843937307596207,0.0820000022649765,0.07509999722242355
YER050C,YOL136C,0,1.5919851,0.0983213409781456,0.0820000022649765,0.07519999891519547
YER125W,YLR386W,1,1.5916946,0.09940119832754135,0.08299999684095383,0.07519999891519547
YPL183W-A,YOR106W,0,1.5915936,0.09928229451179504,0.08299999684095383,0.07530000060796738
YER129W,YFR040W,0,1.5905771,0.09916368126869202,0.08299999684095383,0.07540000230073929
YBR227C,YPR133C,0,1.5905663,0.09904534369707108,0.08299999684095383,0.0754999965429306
YMR149W,YPL083C,0,1.5905466,0.09892729669809341,0.08299999684095383,0.07559999823570251
YGL127C,YKL146W,0,1.5905098,0.09880952537059784,0.08299999684095383,0.07569999992847443
YNL156C,YJL091C,1,1.5883185,0.09988109022378922,0.08399999886751175,0.07569999992847443
YER144C,YDL225W,0,1.588137,0.09976246953010559,0.08399999886751175,0.07580000162124634
YPL268W,YHR001W,1,1.5881003,0.10083036869764328,0.08500000089406967,0.07580000162124634
YKR055W,YDR212W,0,1.5878963,0.1007108986377716,0.08500000089406967,0.07590000331401825
YEL051W,YBR268W,0,1.5868666,0.10059171915054321,0.08500000089406967,0.07599999755620956
YDR339C,YBR192W,0,1.5868376,0.1004728153347969,0.08500000089406967,0.07609999924898148
YBR253W,YGL093W,0,1.5867192,0.10035419464111328,0.08500000089406967,0.07620000094175339
YKR003W,YGL126W,1,1.5861857,0.10141509771347046,0.0860000029206276,0.07620000094175339
YMR009W,YLR369W,0,1.5861368,0.10129564255475998,0.0860000029206276,0.0763000026345253
YOR354C,YML051W,0,1.5844067,0.10117647051811218,0.0860000029206276,0.07639999687671661
YOR274W,YNL154C,0,1.5843374,0.10105758160352707,0.0860000029206276,0.07649999856948853
YDR264C,YOR086C,0,1.5843173,0.10093896836042404,0.0860000029206276,0.07660000026226044
YPL010W,YKL079W,0,1.5842036,0.1008206307888031,0.0860000029206276,0.07670000195503235
YGL086W,YIL095W,0,1.5836095,0.10070257633924484,0.0860000029206276,0.07680000364780426
YHL034C,YGR010W,0,1.5830605,0.10058479756116867,0.0860000029206276,0.07689999788999557
YNL297C,YKL124W,0,1.5828412,0.10046728700399399,0.0860000029206276,0.07699999958276749
YDR394W,YML051W,0,1.5825025,0.10035005956888199,0.0860000029206276,0.0771000012755394
YDR304C,YOL013C,0,1.582496,0.10023310035467148,0.0860000029206276,0.07720000296831131
YLL029W,YDR323C,0,1.5824066,0.10011641681194305,0.0860000029206276,0.07729999721050262
YIL002C,YOR363C,1,1.5822912,0.10116279125213623,0.08699999749660492,0.07729999721050262
YPL122C,YGR222W,0,1.5822171,0.10104529559612274,0.08699999749660492,0.07739999890327454
YJR014W,YBR127C,0,1.5819405,0.10092807561159134,0.08699999749660492,0.07750000059604645
YKL126W,YER026C,1,1.5815485,0.101969875395298,0.08799999952316284,0.07750000059604645
YOR035C,YPL024W,0,1.5815365,0.10185185074806213,0.08799999952316284,0.07760000228881836
YOR008C,YPR171W,0,1.5809337,0.10173410177230835,0.08799999952316284,0.07769999653100967
YIL021W,YER154W,0,1.5806983,0.10161662846803665,0.08799999952316284,0.07779999822378159
YJR086W,YPL208W,0,1.5805756,0.10149942338466644,0.08799999952316284,0.0778999999165535
YDR276C,YIL048W,0,1.580373,0.10138248652219772,0.08799999952316284,0.07800000160932541
YDR079W,YMR161W,0,1.580302,0.10126582533121109,0.08799999952316284,0.07810000330209732
YKR071C,YPL270W,0,1.5802659,0.10114942491054535,0.08799999952316284,0.07819999754428864
YGR092W,YDR439W,0,1.5799509,0.1010332927107811,0.08799999952316284,0.07829999923706055
YDR041W,YPR056W,0,1.5799029,0.10091742873191833,0.08799999952316284,0.07840000092983246
YDL044C,YDL194W,0,1.579435,0.10080183297395706,0.08799999952316284,0.07850000262260437
YKL090W,YHR168W,0,1.579313,0.10068649798631668,0.08799999952316284,0.07859999686479568
YKL149C,YDR176W,0,1.5789171,0.10057143121957779,0.08799999952316284,0.0786999985575676
YER081W,YHR085W,0,1.5787345,0.1004566177725792,0.08799999952316284,0.07880000025033951
YLR181C,YML011C,0,1.5786096,0.10034207254648209,0.08799999952316284,0.07890000194311142
YDR407C,YMR119W,0,1.5783548,0.10022778809070587,0.08799999952316284,0.07900000363588333
YOR245C,YOR002W,1,1.5781497,0.10125142335891724,0.08900000154972076,0.07900000363588333
YLR138W,YOR138C,0,1.5769447,0.10113636404275894,0.08900000154972076,0.07909999787807465
YDR207C,YBR211C,0,1.5767491,0.10102156549692154,0.08900000154972076,0.07919999957084656
YML008C,YMR008C,1,1.5764564,0.10204081982374191,0.09000000357627869,0.07919999957084656
YHR059W,YGR068C,0,1.576449,0.10192525386810303,0.09000000357627869,0.07930000126361847
YLR319C,YMR213W,0,1.5760943,0.10180995613336563,0.09000000357627869,0.07940000295639038
YPL203W,YDR372C,0,1.5759182,0.10169491171836853,0.09000000357627869,0.0794999971985817
YLR102C,YDR207C,0,1.5758587,0.10158013552427292,0.09000000357627869,0.07959999889135361
YBL046W,YBR094W,0,1.5758249,0.1014656126499176,0.09000000357627869,0.07970000058412552
YMR125W,YLR115W,0,1.5757681,0.10135135054588318,0.09000000357627869,0.07980000227689743
YDL078C,YOL108C,1,1.5756553,0.10236220806837082,0.09099999815225601,0.07980000227689743
YMR149W,YLR150W,0,1.5754136,0.1022471934556961,0.09099999815225601,0.07989999651908875
YBR236C,YKL022C,0,1.575192,0.10213243216276169,0.09099999815225601,0.07999999821186066
YOR360C,YKL013C,0,1.5744067,0.10201793909072876,0.09099999815225601,0.08009999990463257
YPR094W,YFL024C,0,1.574339,0.10190369188785553,0.09099999815225601,0.08020000159740448
YLR359W,YGR094W,0,1.5739101,0.10178970545530319,0.09099999815225601,0.08030000329017639
YMR065W,YDR081C,0,1.5737745,0.10167597979307175,0.09099999815225601,0.0803999975323677
YNR036C,YMR005W,0,1.5736184,0.1015625,0.09099999815225601,0.08049999922513962
YDL103C,YPL232W,0,1.5735593,0.10144927352666855,0.09099999815225601,0.08060000091791153
YNL027W,YML067C,0,1.57278,0.10133630037307739,0.09099999815225601,0.08070000261068344
YGR275W,YPL104W,0,1.5726067,0.10122358053922653,0.09099999815225601,0.08079999685287476
YJL134W,YHR190W,1,1.5725839,0.10222221910953522,0.09200000017881393,0.08079999685287476
YML109W,YIL153W,0,1.5722436,0.10210876911878586,0.09200000017881393,0.08089999854564667
YNL219C,YPR128C,1,1.5720499,0.10310421139001846,0.09300000220537186,0.08089999854564667
YMR060C,YDR267C,0,1.5718601,0.1029900312423706,0.09300000220537186,0.08100000023841858
YDR375C,YOR064C,0,1.571858,0.10287610441446304,0.09300000220537186,0.08110000193119049
YMR214W,YMR083W,0,1.5717002,0.10276243090629578,0.09300000220537186,0.0812000036239624
YLR105C,YBR210W,0,1.5715083,0.10264900326728821,0.09300000220537186,0.08129999786615372
YKL015W,YPL169C,0,1.5714858,0.10253582894802094,0.09300000220537186,0.08139999955892563
YML010W,YOR123C,0,1.5713309,0.10242290794849396,0.09300000220537186,0.08150000125169754
YNL125C,YGL044C,0,1.5709693,0.10231023281812668,0.09300000220537186,0.08160000294446945
YMR077C,YJR055W,0,1.5709192,0.1021978035569191,0.09300000220537186,0.08169999718666077
YML109W,YIL095W,0,1.5707716,0.10208562016487122,0.09300000220537186,0.08179999887943268
YMR083W,YFL045C,0,1.5706714,0.10197368264198303,0.09300000220537186,0.08190000057220459
YNL056W,YJL001W,0,1.569758,0.10186199098825455,0.09300000220537186,0.0820000022649765
YMR159C,YLR453C,0,1.569385,0.10175054520368576,0.09300000220537186,0.08209999650716782
YMR065W,YNR055C,0,1.5693436,0.10163934528827667,0.09300000220537186,0.08219999819993973
YNL116W,YPL210C,0,1.5679458,0.10152838379144669,0.09300000220537186,0.08229999989271164
YKL006C-A,YLR135W,0,1.5679413,0.1014176681637764,0.09300000220537186,0.08240000158548355
YHR001W,YLR386W,1,1.5676416,0.10239651054143906,0.09399999678134918,0.08240000158548355
YPR082C,YMR076C,0,1.5674702,0.10228509455919266,0.09399999678134918,0.08250000327825546
YML004C,YML055W,0,1.567454,0.10217390954494476,0.09399999678134918,0.08259999752044678
YMR200W,YMR097C,0,1.5674163,0.10206297785043716,0.09399999678134918,0.08269999921321869
YER050C,YGL111W,0,1.5674144,0.10195227712392807,0.09399999678134918,0.0828000009059906
YHR114W,YMR089C,0,1.5673524,0.10184182226657867,0.09399999678134918,0.08290000259876251
YDL021W,YDL045C,0,1.5670472,0.10173159837722778,0.09399999678134918,0.08299999684095383
YOR320C,YGL022W,0,1.5667242,0.10162162035703659,0.09399999678134918,0.08309999853372574
YBR060C,YKL138C,0,1.566554,0.1015118807554245,0.09399999678134918,0.08320000022649765
YMR268C,YDL035C,0,1.566528,0.10140237212181091,0.09399999678134918,0.08330000191926956
YOR219C,YOL009C,0,1.5661093,0.10129310190677643,0.09399999678134918,0.08340000361204147
YPL183W-A,YPL173W,0,1.565429,0.10118407011032104,0.09399999678134918,0.08349999785423279
YMR054W,YOL028C,0,1.5653142,0.10107526928186417,0.09399999678134918,0.0835999995470047
YOL013C,YDR007W,0,1.5652324,0.10096669942140579,0.09399999678134918,0.08370000123977661
YBR153W,YGL115W,0,1.5651736,0.10085836797952652,0.09399999678134918,0.08380000293254852
YIL157C,YOR141C,0,1.5648679,0.10075026750564575,0.09399999678134918,0.08389999717473984
YJL029C,YBR193C,0,1.5646049,0.10064239799976349,0.09399999678134918,0.08399999886751175
YPL145C,YPL117C,1,1.5644192,0.10160427540540695,0.0949999988079071,0.08399999886751175
YKL007W,YLR277C,0,1.5642177,0.10149572789669037,0.0949999988079071,0.08410000056028366
YKL197C,YDR162C,0,1.5635251,0.1013874039053917,0.0949999988079071,0.08420000225305557
YGR077C,YBL067C,0,1.5634582,0.10127931833267212,0.0949999988079071,0.08429999649524689
YDR332W,YJL203W,0,1.5633467,0.10117145627737045,0.0949999988079071,0.0843999981880188
YKL206C,YJL179W,0,1.5633199,0.10106383264064789,0.0949999988079071,0.08449999988079071
YCR083W,YKL119C,0,1.5632757,0.10095643252134323,0.0949999988079071,0.08460000157356262
YLR181C,YLR006C,0,1.563235,0.10084925591945648,0.0949999988079071,0.08470000326633453
YBR049C,YGR081C,0,1.5627068,0.10074231028556824,0.0949999988079071,0.08479999750852585
YJL029C,YPR191W,0,1.5625259,0.1006355956196785,0.0949999988079071,0.08489999920129776
YIL014W,YNL173C,0,1.5624571,0.10052909702062607,0.0949999988079071,0.08500000089406967
YKL008C,YLR020C,1,1.5624243,0.1014799177646637,0.09600000083446503,0.08500000089406967
YHR188C,YDR072C,1,1.5622444,0.10242871940135956,0.09700000286102295,0.08500000089406967
YAL032C,YBR228W,0,1.5617167,0.10232067853212357,0.09700000286102295,0.08510000258684158
YHR012W,YLR328W,0,1.5614628,0.10221285372972488,0.09700000286102295,0.0851999968290329
YKR085C,YOR158W,0,1.5614046,0.10210525989532471,0.09700000286102295,0.08529999852180481
YDR150W,YDL046W,0,1.5612727,0.10199789702892303,0.09700000286102295,0.08540000021457672
YBR258C,YCL054W,0,1.5611738,0.10189075767993927,0.09700000286102295,0.08550000190734863
YDR405W,YDR243C,0,1.5610547,0.10178384184837341,0.09700000286102295,0.08560000360012054
YDR339C,YDR174W,0,1.5609262,0.10167714953422546,0.09700000286102295,0.08569999784231186
YOL042W,YOR321W,0,1.5608289,0.10157068073749542,0.09700000286102295,0.08579999953508377
YJL035C,YMR075W,0,1.5606886,0.10146443545818329,0.09700000286102295,0.08590000122785568
YGR216C,YPR140W,1,1.5601174,0.10240334272384644,0.09799999743700027,0.08590000122785568
YJL045W,YGL180W,0,1.5598454,0.10229644924402237,0.09799999743700027,0.0860000029206276
YOR038C,YHR115C,0,1.559801,0.10218977928161621,0.09799999743700027,0.08609999716281891
YKL197C,YLR423C,0,1.559095,0.10208333283662796,0.09799999743700027,0.08619999885559082
YKR055W,YPL156C,0,1.5590171,0.10197710990905762,0.09799999743700027,0.08630000054836273
YKL067W,YDL002C,0,1.5589374,0.10187110304832458,0.09799999743700027,0.08640000224113464
YER167W,YIL098C,0,1.5589033,0.10176531970500946,0.09799999743700027,0.08649999648332596
YNL251C,YLR440C,0,1.5585283,0.10165975242853165,0.09799999743700027,0.08659999817609787
YER015W,YNL038W,1,1.5582521,0.10259067267179489,0.0989999994635582,0.08659999817609787
YJL020C,YPL004C,0,1.556878,0.10248447209596634,0.0989999994635582,0.08669999986886978
YPL218W,YBR278W,0,1.556286,0.1023784875869751,0.0989999994635582,0.0868000015616417
YNL297C,YOL009C,0,1.5554483,0.10227272659540176,0.0989999994635582,0.0869000032544136
YFL038C,YNL177C,0,1.555373,0.10216718167066574,0.0989999994635582,0.08699999749660492
YDR190C,YOR122C,0,1.5552577,0.10206185281276703,0.0989999994635582,0.08709999918937683
YMR024W,YGR068C,0,1.5548619,0.10195674747228622,0.0989999994635582,0.08720000088214874
YPR008W,YJR144W,0,1.5541315,0.10185185074806213,0.0989999994635582,0.08730000257492065
YLR028C,YBR254C,0,1.5539316,0.10174717009067535,0.0989999994635582,0.08739999681711197
YPL002C,YDR292C,0,1.5538291,0.10164271295070648,0.0989999994635582,0.08749999850988388
YPR067W,YMR271C,0,1.5533197,0.10153846442699432,0.0989999994635582,0.08760000020265579
YAL016W,YDR017C,0,1.5531763,0.10143442451953888,0.0989999994635582,0.0877000018954277
YKR001C,YMR092C,0,1.5528926,0.10133060067892075,0.0989999994635582,0.08780000358819962
YBR153W,YNL271C,0,1.5524812,0.10122699290513992,0.0989999994635582,0.08789999783039093
YLR105C,YDR308C,0,1.5524749,0.10112359374761581,0.0989999994635582,0.08799999952316284
YOL016C,YJL124C,0,1.5521072,0.10102041065692902,0.0989999994635582,0.08810000121593475
YDL093W,YPL097W,0,1.5520707,0.10091742873191833,0.0989999994635582,0.08820000290870667
YBL092W,YPR033C,0,1.5519785,0.10081466287374496,0.0989999994635582,0.08829999715089798
YOR227W,YKL193C,0,1.5512322,0.10071210563182831,0.0989999994635582,0.08839999884366989
YLR103C,YPL083C,0,1.5510142,0.10060975700616837,0.0989999994635582,0.0885000005364418
YNL231C,YJR103W,1,1.5505689,0.10152284055948257,0.10000000149011612,0.0885000005364418
YNL231C,YAL051W,1,1.5499225,0.10243407636880875,0.10100000351667404,0.0885000005364418
YGR072W,YOR303W,0,1.5497187,0.1023302972316742,0.10100000351667404,0.08860000222921371
YOR206W,YJR144W,0,1.549683,0.10222671926021576,0.10100000351667404,0.08869999647140503
YPL224C,YGR268C,0,1.5494779,0.10212335735559464,0.10100000351667404,0.08879999816417694
YMR268C,YKL166C,0,1.5486637,0.10202020406723022,0.10100000351667404,0.08889999985694885
YBR261C,YOR194C,0,1.5485921,0.10191725194454193,0.10100000351667404,0.08900000154972076
YIL157C,YIL120W,0,1.5482188,0.10181451588869095,0.10100000351667404,0.08910000324249268
YOR090C,YIL153W,0,1.5479451,0.10171198099851608,0.10100000351667404,0.08919999748468399
YNL147W,YMR213W,0,1.5473204,0.10160965472459793,0.10100000351667404,0.0892999991774559
YOR245C,YCR068W,1,1.5471967,0.10251256078481674,0.10199999809265137,0.0892999991774559
YPL046C,YOR324C,0,1.5468652,0.10240963846445084,0.10199999809265137,0.08940000087022781
YGL049C,YHR024C,0,1.546701,0.10230691730976105,0.10199999809265137,0.08950000256299973
YOR219C,YDR001C,0,1.546545,0.10220441222190857,0.10199999809265137,0.08959999680519104
YKR055W,YMR228W,0,1.5463294,0.10210210084915161,0.10199999809265137,0.08969999849796295
YGL078C,YLR409C,0,1.5463154,0.10199999809265137,0.10199999809265137,0.08980000019073486
YHR178W,YKL220C,0,1.5460358,0.10189810395240784,0.10199999809265137,0.08990000188350677
YNL106C,YGR143W,1,1.5459098,0.10279440879821777,0.10300000011920929,0.08990000188350677
YLR380W,YLL031C,1,1.5456462,0.10368893295526505,0.10400000214576721,0.08990000188350677
YDR385W,YOR243C,0,1.5454363,0.10358566045761108,0.10400000214576721,0.09000000357627869
YKL012W,YJL057C,0,1.5452144,0.10348258912563324,0.10400000214576721,0.09009999781847
YNL093W,YNL192W,0,1.5451264,0.10337971895933151,0.10400000214576721,0.09019999951124191
YBL105C,YGL145W,0,1.5449849,0.1032770574092865,0.10400000214576721,0.09030000120401382
YPL042C,YML023C,0,1.5449163,0.1031746044754982,0.10400000214576721,0.09040000289678574
YDL061C,YBR187W,0,1.5448602,0.10307234525680542,0.10400000214576721,0.09049999713897705
YIL142W,YDL197C,0,1.5447469,0.10297029465436935,0.10400000214576721,0.09059999883174896
YKR003W,YOR126C,1,1.5445284,0.10385756939649582,0.10499999672174454,0.09059999883174896
YOR363C,YJL091C,1,1.5440964,0.10474308580160141,0.10599999874830246,0.09059999883174896
YMR146C,YOR008C,0,1.5438591,0.1046396866440773,0.10599999874830246,0.09070000052452087
YBR043C,YDR135C,0,1.543719,0.10453648865222931,0.10599999874830246,0.09080000221729279
YGR028W,YDL018C,0,1.5430897,0.10443349927663803,0.10599999874830246,0.0908999964594841
YBR265W,YMR079W,1,1.5430695,0.1053149625658989,0.10700000077486038,0.0908999964594841
YGR252W,YER075C,0,1.5428675,0.10521140694618225,0.10700000077486038,0.09099999815225601
YDR392W,YFR050C,0,1.5427272,0.10510805249214172,0.10700000077486038,0.09109999984502792
YML062C,YNL326C,0,1.5424492,0.10500490665435791,0.10700000077486038,0.09120000153779984
YML072C,YDR137W,0,1.5417918,0.10490196198225021,0.10700000077486038,0.09130000323057175
YER090W,YGL190C,0,1.5414928,0.10479921847581863,0.10700000077486038,0.09139999747276306
YIR004W,YML046W,0,1.5404333,0.10469667613506317,0.10700000077486038,0.09149999916553497
YFR029W,YGR257C,0,1.5402464,0.10459432750940323,0.10700000077486038,0.09160000085830688
YHL003C,YML059C,1,1.5399681,0.10546875,0.1080000028014183,0.09160000085830688
YMR304W,YOR115C,0,1.5398842,0.10536585003137589,0.1080000028014183,0.0917000025510788
YOL089C,YLR145W,0,1.5397329,0.10526315867900848,0.1080000028014183,0.09179999679327011
YLR210W,YKL095W,0,1.53928,0.1051606610417366,0.1080000028014183,0.09189999848604202
YKL196C,YOR026W,0,1.5392784,0.10505836457014084,0.1080000028014183,0.09200000017881393
YKR067W,YDR058C,1,1.5392132,0.10592808574438095,0.10899999737739563,0.09200000017881393
YKL209C,YMR153W,0,1.5390235,0.10582524538040161,0.10899999737739563,0.09210000187158585
YGL053W,YOR362C,0,1.539016,0.10572259873151779,0.10899999737739563,0.09220000356435776
YDR258C,YOR316C,0,1.5385141,0.10562015324831009,0.10899999737739563,0.09229999780654907
YLR022C,YNL131W,0,1.537923,0.1055179089307785,0.10899999737739563,0.09239999949932098
YGR215W,YJL137C,0,1.5379187,0.10541585832834244,0.10899999737739563,0.0925000011920929
YCR008W,YHR026W,0,1.5379156,0.10531400889158249,0.10899999737739563,0.09260000288486481
YOR192C,YJR053W,0,1.5372714,0.10521235316991806,0.10899999737739563,0.09269999712705612
YPL207W,YOR060C,0,1.536764,0.10511089861392975,0.10899999737739563,0.09279999881982803
YGR143W,YHR001W,1,1.5367509,0.1059730276465416,0.10999999940395355,0.09279999881982803
YKL110C,YER022W,0,1.5365456,0.10587102919816971,0.10999999940395355,0.09290000051259995
YFR009W,YOR275C,0,1.5364468,0.10576923191547394,0.10999999940395355,0.09300000220537186
YGL107C,YPR067W,0,1.5364169,0.10566762834787369,0.10999999940395355,0.09309999644756317
YBL040C,YOR158W,0,1.536291,0.10556621849536896,0.10999999940395355,0.09319999814033508
YJL047C,YCL024W,0,1.5358433,0.10546500235795975,0.10999999940395355,0.093299999833107
YMR149W,YDR261C,0,1.5356095,0.10536398738622665,0.10999999940395355,0.0934000015258789
YHR114W,YPL253C,0,1.5350734,0.10526315867900848,0.10999999940395355,0.09350000321865082
YGR276C,YKL065C,0,1.5348837,0.10516252368688583,0.10999999940395355,0.09359999746084213
YDR280W,YER154W,0,1.5347302,0.1050620824098587,0.10999999940395355,0.09369999915361404
YER098W,YOL066C,0,1.5343394,0.1049618348479271,0.10999999940395355,0.09380000084638596
YJR019C,YCR048W,1,1.5342646,0.10581506043672562,0.11100000143051147,0.09380000084638596
YGL130W,YDR043C,0,1.5339699,0.10571428388357162,0.11100000143051147,0.09390000253915787
YLR380W,YBR003W,1,1.5334084,0.10656517744064331,0.1120000034570694,0.09390000253915787
YMR278W,YLR083C,0,1.5331645,0.10646387934684753,0.1120000034570694,0.09399999678134918
YLR144C,YDR350C,0,1.532895,0.10636277496814728,0.1120000034570694,0.0940999984741211
YJL130C,YNL209W,0,1.5326475,0.10626185685396194,0.1120000034570694,0.094200000166893
YPL096W,YLR314C,0,1.532,0.10616113990545273,0.1120000034570694,0.09430000185966492
YHL007C,YGR056W,0,1.5319188,0.10606060922145844,0.1120000034570694,0.09440000355243683
YCR035C,YGR231C,0,1.5315942,0.10596026480197906,0.1120000034570694,0.09449999779462814
YGR195W,YMR322C,0,1.531474,0.10586011409759521,0.1120000034570694,0.09459999948740005
YDR395W,YKR085C,0,1.531007,0.10576014965772629,0.1120000034570694,0.09470000118017197
YNL216W,YPL133C,0,1.5306796,0.10566037893295288,0.1120000034570694,0.09480000287294388
YGR221C,YIR019C,0,1.5306189,0.1055607944726944,0.1120000034570694,0.09489999711513519
YGR095C,YLR309C,0,1.5305928,0.10546139627695084,0.1120000034570694,0.0949999988079071
YOR106W,YER048C,0,1.5301456,0.1053621843457222,0.1120000034570694,0.09510000050067902
YBR236C,YPL100W,0,1.5296621,0.10526315867900848,0.1120000034570694,0.09520000219345093
YPL228W,YKL007W,0,1.5295432,0.10516431927680969,0.1120000034570694,0.09529999643564224
YDR373W,YKL095W,0,1.529133,0.10506566613912582,0.1120000034570694,0.09539999812841415
YPL233W,YMR024W,0,1.5291034,0.10496719926595688,0.1120000034570694,0.09549999982118607
YLR350W,YOL145C,0,1.5290748,0.10486891120672226,0.1120000034570694,0.09560000151395798
YLR017W,YLR390W,0,1.529059,0.10477081686258316,0.1120000034570694,0.09570000320672989
YDL159W,YER033C,0,1.528916,0.10467289388179779,0.1120000034570694,0.0957999974489212
YGL219C,YKL119C,0,1.5288955,0.10457516461610794,0.1120000034570694,0.09589999914169312
YHR050W,YBR287W,0,1.5286802,0.10447761416435242,0.1120000034570694,0.09600000083446503
YNL256W,YBR302C,0,1.5286521,0.10438024252653122,0.1120000034570694,0.09610000252723694
YNL267W,YJL083W,1,1.5282451,0.10521415621042252,0.11299999803304672,0.09610000252723694
YOR260W,YDR153C,0,1.5278631,0.10511627793312073,0.11299999803304672,0.09619999676942825
YLR298C,YPL105C,0,1.5275462,0.10501858592033386,0.11299999803304672,0.09629999846220016
YBR261C,YEL018W,0,1.5274359,0.10492108017206192,0.11299999803304672,0.09640000015497208
YKL112W,YKR095W,0,1.5273561,0.10482374578714371,0.11299999803304672,0.09650000184774399
YGL219C,YCR088W,0,1.5264152,0.10472659766674042,0.11299999803304672,0.0966000035405159
YGL053W,YBR253W,0,1.5262693,0.10462962836027145,0.11299999803304672,0.09669999778270721
YGL127C,YBR037C,0,1.526253,0.10453283786773682,0.11299999803304672,0.09679999947547913
YMR170C,YDL045W-A,0,1.5260249,0.1044362261891365,0.11299999803304672,0.09690000116825104
YJR004C,YDL135C,0,1.5253431,0.10433979332447052,0.11299999803304672,0.09700000286102295
YLR376C,YOR038C,0,1.5252602,0.10424353927373886,0.11299999803304672,0.09709999710321426
YGL244W,YJR082C,0,1.5250634,0.10414746403694153,0.11299999803304672,0.09719999879598618
YDR284C,YNL038W,1,1.52504,0.10497237741947174,0.11400000005960464,0.09719999879598618
YOR157C,YLR107W,0,1.5247778,0.10487580299377441,0.11400000005960464,0.09730000048875809
YKL206C,YER022W,0,1.5243417,0.10477941483259201,0.11400000005960464,0.09740000218153
YDR293C,YOR336W,0,1.5243124,0.10468319803476334,0.11400000005960464,0.09749999642372131
YBR265W,YDR123C,1,1.5237255,0.1055045872926712,0.11500000208616257,0.09749999642372131
YDR408C,YKR065C,0,1.5233518,0.10540788620710373,0.11500000208616257,0.09759999811649323
YCR044C,YPR128C,1,1.5222086,0.10622710734605789,0.11599999666213989,0.09759999811649323
YJL095W,YNL164C,0,1.5220263,0.10612991452217102,0.11599999666213989,0.09769999980926514
YDR395W,YEL055C,0,1.5219712,0.10603290796279907,0.11599999666213989,0.09780000150203705
YOR249C,YBR210W,0,1.52171,0.10593607276678085,0.11599999666213989,0.09790000319480896
YNR052C,YKL138C,0,1.5215112,0.10583941638469696,0.11599999666213989,0.09799999743700027
YAL047C,YDR389W,0,1.5213115,0.1057429388165474,0.11599999666213989,0.09809999912977219
YGL139W,YFL045C,0,1.5204318,0.10564663261175156,0.11599999666213989,0.0982000008225441
YDR245W,YDR464W,0,1.5198439,0.10555049777030945,0.11599999666213989,0.09830000251531601
YPR133C,YHR037W,0,1.5198411,0.10545454174280167,0.11599999666213989,0.09839999675750732
YJL197W,YKL058W,0,1.5196565,0.10535876452922821,0.11599999666213989,0.09849999845027924
YKL093W,YCR091W,0,1.518943,0.10526315867900848,0.11599999666213989,0.09860000014305115
YMR293C,YMR288W,0,1.5187695,0.10516772419214249,0.11599999666213989,0.09870000183582306
YOL013C,YPL248C,0,1.5180869,0.10507246106863022,0.11599999666213989,0.09880000352859497
YGL151W,YMR040W,0,1.5180837,0.10497737675905228,0.11599999666213989,0.09889999777078629
YBR043C,YER162C,0,1.5179677,0.10488245636224747,0.11599999666213989,0.0989999994635582
YKL184W,YPR149W,0,1.5176679,0.10478771477937698,0.11599999666213989,0.09910000115633011
YNL123W,YPL268W,1,1.5176092,0.1055956706404686,0.11699999868869781,0.09910000115633011
YDR246W,YDR441C,0,1.517099,0.10550045222043991,0.11699999868869781,0.09920000284910202
YHR057C,YOR241W,0,1.5167978,0.10540540516376495,0.11699999868869781,0.09929999709129333
YML006C,YOR172W,0,1.5165235,0.10531052947044373,0.11699999868869781,0.09939999878406525
YMR225C,YJR144W,0,1.5161132,0.10521582514047623,0.11699999868869781,0.09950000047683716
YOR311C,YNL156C,1,1.5160066,0.1060197651386261,0.11800000071525574,0.09950000047683716
YCR030C,YHR041C,0,1.5159464,0.10592459887266159,0.11800000071525574,0.09960000216960907
YDR246W,YHR115C,0,1.5157325,0.10582959651947021,0.11800000071525574,0.09969999641180038
YMR072W,YNL116W,0,1.5151678,0.10573476552963257,0.11800000071525574,0.0997999981045723
YGR068C,YJL098W,0,1.5151356,0.10564010590314865,0.11800000071525574,0.09989999979734421
YJR040W,YDR246W,0,1.514639,0.10554561764001846,0.11800000071525574,0.10000000149011612
YOR295W,YMR154C,0,1.5144304,0.10545129328966141,0.11800000071525574,0.10010000318288803
YHR190W,YOR109W,1,1.5143244,0.10625000298023224,0.11900000274181366,0.10010000318288803
YLR395C,YBL105C,0,1.5143012,0.10615521669387817,0.11900000274181366,0.10019999742507935
YPL040C,YKL188C,0,1.514103,0.10606060922145844,0.11900000274181366,0.10029999911785126
YDL193W,YER022W,0,1.5137601,0.10596616566181183,0.11900000274181366,0.10040000081062317
YDR332W,YDL113C,0,1.5129484,0.10587188601493835,0.11900000274181366,0.10050000250339508
YLR118C,YER026C,1,1.5127534,0.1066666692495346,0.11999999731779099,0.10050000250339508
YBR079C,YML058W,0,1.5127525,0.10657193511724472,0.11999999731779099,0.1005999967455864
YPR181C,YIL048W,0,1.512426,0.10647737234830856,0.11999999731779099,0.1006999984383583
YKL146W,YOR330C,0,1.5123204,0.10638298094272614,0.11999999731779099,0.10080000013113022
YPR018W,YPL169C,0,1.5123082,0.10628875344991684,0.11999999731779099,0.10090000182390213
YJR105W,YGL011C,0,1.51188,0.10619468986988068,0.11999999731779099,0.10100000351667404
YGL207W,YHR119W,0,1.5118566,0.10610079765319824,0.11999999731779099,0.10109999775886536
YGL172W,YER016W,0,1.511297,0.10600706934928894,0.11999999731779099,0.10119999945163727
YDL018C,YOR194C,0,1.5111208,0.10591350495815277,0.11999999731779099,0.10130000114440918
YDR073W,YNL148C,0,1.5107569,0.10582010447978973,0.11999999731779099,0.10140000283718109
YDR189W,YGR185C,0,1.5107144,0.10572687536478043,0.11999999731779099,0.1014999970793724
YFL005W,YOL122C,0,1.5105126,0.10563380271196365,0.11999999731779099,0.10159999877214432
YJL004C,YMR075W,0,1.5103437,0.10554089397192001,0.11999999731779099,0.10170000046491623
YNL029C,YMR240C,0,1.5087692,0.1054481565952301,0.11999999731779099,0.10180000215768814
YOR171C,YMR220W,1,1.5079802,0.10623353719711304,0.12099999934434891,0.10180000215768814
YBR002C,YDR208W,1,1.5076954,0.10701754689216614,0.12200000137090683,0.10180000215768814
YIL088C,YIL095W,0,1.5075365,0.10692375153303146,0.12200000137090683,0.10189999639987946
YMR280C,YIL007C,0,1.507383,0.10683012008666992,0.12200000137090683,0.10199999809265137
YER183C,YDL045C,0,1.5071715,0.10673666000366211,0.12200000137090683,0.10209999978542328
YHR063C,YLR005W,0,1.5066955,0.10664335638284683,0.12200000137090683,0.10220000147819519
YPR105C,YJL012C,0,1.5066586,0.10655021667480469,0.12200000137090683,0.1023000031709671
YDR337W,YPL178W,0,1.5061878,0.10645724087953568,0.12200000137090683,0.10239999741315842
YER019C-A,YPR043W,0,1.5061115,0.1063644289970398,0.12200000137090683,0.10249999910593033
YER144C,YPR026W,0,1.5060893,0.10627177357673645,0.12200000137090683,0.10260000079870224
YGL025C,YFR024C-A,0,1.5056266,0.10617928951978683,0.12200000137090683,0.10270000249147415
YMR220W,YJL134W,1,1.5050713,0.10695651918649673,0.12300000339746475,0.10270000249147415
YKL110C,YJR036C,0,1.5049285,0.1068635955452919,0.12300000339746475,0.10279999673366547
YCR068W,YOR149C,1,1.5046676,0.1076388880610466,0.12399999797344208,0.10279999673366547
YJL004C,YKL005C,0,1.50434,0.10754553228616714,0.12399999797344208,0.10289999842643738
YOR209C,YLR332W,0,1.5043166,0.10745234042406082,0.12399999797344208,0.10300000011920929
YKR055W,YGR068C,0,1.5041323,0.10735930502414703,0.12399999797344208,0.1031000018119812
YKR071C,YDL193W,0,1.5040349,0.10726643353700638,0.12399999797344208,0.10320000350475311
YGR282C,YKL160W,0,1.5036844,0.10717372596263885,0.12399999797344208,0.10329999774694443
YNL257C,YLR025W,0,1.5035598,0.10708117485046387,0.12399999797344208,0.10339999943971634
YJR049C,YBR193C,0,1.5032151,0.10698878020048141,0.12399999797344208,0.10350000113248825
YDL076C,YHR146W,0,1.5031376,0.1068965494632721,0.12399999797344208,0.10360000282526016
YHR004C,YPL259C,0,1.5030167,0.10680447518825531,0.12399999797344208,0.10369999706745148
YER141W,YOR090C,0,1.5028913,0.10671256482601166,0.12399999797344208,0.10379999876022339
YDR311W,YBL040C,0,1.5025586,0.10662081092596054,0.12399999797344208,0.1039000004529953
YLR128W,YBL063W,0,1.502496,0.10652920603752136,0.12399999797344208,0.10400000214576721
YDR430C,YKL149C,0,1.5021281,0.10643776506185532,0.12399999797344208,0.10409999638795853
YOR117W,YBR068C,0,1.5019945,0.1063464805483818,0.12399999797344208,0.10419999808073044
YHR057C,YMR053C,0,1.5019454,0.10625535249710083,0.12399999797344208,0.10429999977350235
YLR289W,YMR234W,0,1.5019404,0.10616438090801239,0.12399999797344208,0.10440000146627426
YLR314C,YKL054C,0,1.5018314,0.10607356578111649,0.12399999797344208,0.10450000315904617
YPR095C,YER183C,0,1.5013726,0.10598290711641312,0.12399999797344208,0.10459999740123749
YNL250W,YOL026C,0,1.5012127,0.10589239746332169,0.12399999797344208,0.1046999990940094
YIL008W,YKL018W,0,1.5005226,0.10580204427242279,0.12399999797344208,0.10480000078678131
YDR375C,YER048C,0,1.5001436,0.10571184754371643,0.12399999797344208,0.10490000247955322
YLR404W,YDL054C,0,1.5000244,0.1056218072772026,0.12399999797344208,0.10499999672174454
YBL038W,YIL066C,0,1.4991435,0.10553191602230072,0.12399999797344208,0.10509999841451645
YNL239W,YNL083W,0,1.4990947,0.10544217377901077,0.12399999797344208,0.10520000010728836
YKL012W,YNL103W,0,1.4990426,0.10535258799791336,0.12399999797344208,0.10530000180006027
YPL208W,YKR102W,0,1.4988654,0.10526315867900848,0.12399999797344208,0.10540000349283218
YNL220W,YNL056W,0,1.498846,0.10517387837171555,0.12399999797344208,0.1054999977350235
YHR051W,YHR041C,0,1.49884,0.10508474707603455,0.12399999797344208,0.10559999942779541
YOR171C,YHR188C,1,1.498782,0.10584250837564468,0.125,0.10559999942779541
YPL011C,YJL111W,0,1.4987801,0.10575295984745026,0.125,0.10570000112056732
YDL149W,YKL040C,0,1.4982997,0.10566356778144836,0.125,0.10580000281333923
YKR067W,YOR377W,1,1.4978328,0.1064189225435257,0.12600000202655792,0.10580000281333923
YLL031C,YLR305C,1,1.4977922,0.10717299580574036,0.12700000405311584,0.10580000281333923
YGL113W,YGR099W,0,1.4975005,0.10708262771368027,0.12700000405311584,0.10589999705553055
YOR074C,YER094C,0,1.4974985,0.10699241608381271,0.12700000405311584,0.10599999874830246
YOR311C,YER005W,1,1.497315,0.10774410516023636,0.12800000607967377,0.10599999874830246
YLR166C,YBR192W,0,1.4972757,0.10765349119901657,0.12800000607967377,0.10610000044107437
YJL099W,YJL024C,0,1.4972012,0.10756302624940872,0.12800000607967377,0.10620000213384628
YNL139C,YNL094W,0,1.4971921,0.10747271031141281,0.12800000607967377,0.1062999963760376
YDR005C,YGL186C,0,1.4969392,0.10738255083560944,0.12800000607967377,0.10639999806880951
YPL119C,YKL148C,0,1.4968696,0.107292540371418,0.12800000607967377,0.10649999976158142
YMR284W,YJL047C,0,1.4965277,0.1072026789188385,0.12800000607967377,0.10660000145435333
YNL223W,YLR080W,0,1.4956056,0.10711297392845154,0.12800000607967377,0.10670000314712524
YHR108W,YMR215W,0,1.4955785,0.10702341049909592,0.12800000607967377,0.10679999738931656
YGR074W,YJL117W,0,1.495394,0.10693400353193283,0.12800000607967377,0.10689999908208847
YKL141W,YGL044C,0,1.4950892,0.10684473812580109,0.12800000607967377,0.10700000077486038
YPL002C,YNL026W,0,1.4950215,0.10675562918186188,0.12800000607967377,0.1071000024676323
YPL233W,YBR254C,0,1.4950064,0.1066666692495346,0.12800000607967377,0.10719999670982361
YIL050W,YDR083W,0,1.4944248,0.10657785087823868,0.12800000607967377,0.10729999840259552
YMR304W,YDR527W,0,1.4943383,0.10648918151855469,0.12800000607967377,0.10740000009536743
YFL016C,YDR409W,0,1.4942805,0.10640066862106323,0.12800000607967377,0.10750000178813934
YOR115C,YNR032W,0,1.4940213,0.10631228983402252,0.12800000607967377,0.10760000348091125
YDR408C,YCL030C,0,1.4937339,0.10622406750917435,0.12800000607967377,0.10769999772310257
YBL014C,YOR034C,0,1.4935261,0.10613598674535751,0.12800000607967377,0.10779999941587448
YOR157C,YOL033W,0,1.4933249,0.10604805499315262,0.12800000607967377,0.10790000110864639
YLR395C,YMR308C,0,1.4931173,0.10596026480197906,0.12800000607967377,0.1080000028014183
YGR152C,YJL104W,0,1.4929342,0.10587262362241745,0.12800000607967377,0.10809999704360962
YBR215W,YBR227C,0,1.4927037,0.10578512400388718,0.12800000607967377,0.10819999873638153
YDL122W,YDR461W,0,1.4925758,0.10569777339696884,0.12800000607967377,0.10830000042915344
YDR194C,YOR099W,0,1.4923345,0.10561056435108185,0.12800000607967377,0.10840000212192535
YIL135C,YML057W,0,1.4920759,0.1055234968662262,0.12800000607967377,0.10849999636411667
YML126C,YHR072W,1,1.4913832,0.10626029968261719,0.1289999932050705,0.10849999636411667
YOL137W,YIR011C,0,1.4910883,0.1061728373169899,0.1289999932050705,0.10859999805688858
YOR196C,YBR070C,1,1.4905659,0.10690789669752121,0.12999999523162842,0.10859999805688858
YJL196C,YPR173C,1,1.4904228,0.10764174163341522,0.13099999725818634,0.10859999805688858
YLR075W,YAL042W,0,1.4904162,0.10755336284637451,0.13099999725818634,0.10869999974966049
YDL148C,YLR435W,0,1.4900426,0.10746513307094574,0.13099999725818634,0.1088000014424324
YKL062W,YGR038W,0,1.4896139,0.1073770523071289,0.13099999725818634,0.10890000313520432
YDR080W,YLL021W,0,1.4892348,0.10728910565376282,0.13099999725818634,0.10899999737739563
YDR339C,YNL173C,0,1.4890182,0.10720130801200867,0.13099999725818634,0.10909999907016754
YDR080W,YDR180W,0,1.4888564,0.10711365193128586,0.13099999725818634,0.10920000076293945
YPL244C,YNL230C,0,1.4888562,0.10702614486217499,0.13099999725818634,0.10930000245571136
YKR029C,YML032C,0,1.488856,0.10693877190351486,0.13099999725818634,0.10939999669790268
YBR212W,YDL128W,0,1.4888024,0.10685154795646667,0.13099999725818634,0.10949999839067459
YMR033W,YKL176C,0,1.488626,0.10676446557044983,0.13099999725818634,0.1096000000834465
YJL128C,YJR051W,0,1.4884692,0.10667752474546432,0.13099999725818634,0.10970000177621841
YNL288W,YKL138C,0,1.4881911,0.10659072548151016,0.13099999725818634,0.10980000346899033
YGL233W,YJL059W,0,1.4880819,0.10650406777858734,0.13099999725818634,0.10989999771118164
YGR186W,YDL106C,0,1.4874046,0.10641754418611526,0.13099999725818634,0.10999999940395355
YCR027C,YKR066C,0,1.487234,0.10633116960525513,0.13099999725818634,0.11010000109672546
YPL190C,YDR007W,0,1.4866717,0.10624492913484573,0.13099999725818634,0.11020000278949738
YKL146W,YER048C,0,1.4866233,0.10615883022546768,0.13099999725818634,0.11029999703168869
YOR085W,YKL217W,0,1.4864033,0.10607287287712097,0.13099999725818634,0.1103999987244606
YGR227W,YNL264C,1,1.486389,0.10679611563682556,0.13199999928474426,0.1103999987244606
YKL206C,YDR276C,0,1.486326,0.10670977830886841,0.13199999928474426,0.11050000041723251
YPR101W,YKL203C,0,1.486178,0.1066235899925232,0.13199999928474426,0.11060000211000443
YER098W,YDR410C,0,1.4861296,0.10653752833604813,0.13199999928474426,0.11069999635219574
YDR316W,YOR017W,0,1.4854609,0.106451615691185,0.13199999928474426,0.11079999804496765
YDR477W,YNL044W,0,1.4847249,0.10636583715677261,0.13199999928474426,0.11089999973773956
YLR075W,YGR264C,0,1.4846418,0.10628019273281097,0.13199999928474426,0.11100000143051147
YMR162C,YGL243W,0,1.4842294,0.10619468986988068,0.13199999928474426,0.11110000312328339
YBL047C,YMR078C,0,1.483884,0.10610932111740112,0.13199999928474426,0.1111999973654747
YDR331W,YJL134W,1,1.4837893,0.10682731121778488,0.13300000131130219,0.1111999973654747
YER154W,YOL001W,0,1.4835854,0.10674156993627548,0.13300000131130219,0.11129999905824661
YPR034W,YER101C,0,1.4831833,0.10665597766637802,0.13300000131130219,0.11140000075101852
YLR295C,YOL088C,0,1.4831573,0.10657051205635071,0.13300000131130219,0.11150000244379044
YIL142W,YGR057C,0,1.4831322,0.10648518800735474,0.13300000131130219,0.11159999668598175
YLR059C,YDR398W,0,1.483029,0.10639999806880951,0.13300000131130219,0.11169999837875366
YLR442C,YBR223C,0,1.4830104,0.10631494969129562,0.13300000131130219,0.11180000007152557
YPR095C,YFR013W,0,1.4828262,0.10623003542423248,0.13300000131130219,0.11190000176429749
YOR295W,YKL141W,0,1.4827441,0.10614524781703949,0.13300000131130219,0.1120000034570694
YKL007W,YKL208W,0,1.4825257,0.10606060922145844,0.13300000131130219,0.11209999769926071
YGL050W,YLL004W,0,1.482468,0.10597609728574753,0.13300000131130219,0.11219999939203262
YDR332W,YDR182W,0,1.482221,0.10589171946048737,0.13300000131130219,0.11230000108480453
YML107C,YMR240C,0,1.481865,0.10580747574567795,0.13300000131130219,0.11240000277757645
YBL056W,YGR024C,0,1.4815965,0.10572337359189987,0.13300000131130219,0.11249999701976776
YOR284W,YJL001W,0,1.4815338,0.10563939809799194,0.13300000131130219,0.11259999871253967
YHR051W,YLR316C,0,1.4814209,0.10555555671453476,0.13300000131130219,0.11270000040531158
YPR121W,YOR141C,0,1.4814106,0.10547184944152832,0.13300000131130219,0.1128000020980835
YMR278W,YMR263W,0,1.4812725,0.10538827627897263,0.13300000131130219,0.11289999634027481
YBR074W,YPL063W,0,1.4812092,0.10530482977628708,0.13300000131130219,0.11299999803304672
YOL148C,YPR189W,0,1.48111,0.10522151738405228,0.13300000131130219,0.11309999972581863
YDR346C,YLR077W,0,1.4808921,0.10513833910226822,0.13300000131130219,0.11320000141859055
YML061C,YJR133W,0,1.480867,0.1050552949309349,0.13300000131130219,0.11330000311136246
YKL150W,YDR058C,1,1.4802288,0.10576163977384567,0.1340000033378601,0.11330000311136246
YNL093W,YDR028C,0,1.4800156,0.10567823052406311,0.1340000033378601,0.11339999735355377
YDR381W,YLR208W,0,1.4798434,0.10559495538473129,0.1340000033378601,0.11349999904632568
YER018C,YLR138W,0,1.4798304,0.10551181435585022,0.1340000033378601,0.1136000007390976
YPL161C,YDL207W,0,1.4788449,0.1054287925362587,0.1340000033378601,0.1137000024318695
YPL181W,YAL001C,0,1.4787909,0.10534591227769852,0.1340000033378601,0.11379999667406082
YNL137C,YPR189W,0,1.4787426,0.10526315867900848,0.1340000033378601,0.11389999836683273
YHR109W,YBR211C,0,1.4785591,0.1051805317401886,0.1340000033378601,0.11400000005960464
YFR001W,YLR409C,0,1.4778237,0.10509803891181946,0.1340000033378601,0.11410000175237656
YCL052C,YNL264C,1,1.4775208,0.1057993695139885,0.13500000536441803,0.11410000175237656
YML057W,YGR113W,0,1.4773064,0.1057165265083313,0.13500000536441803,0.11420000344514847
YBL105C,YOL102C,0,1.4766803,0.10563380271196365,0.13500000536441803,0.11429999768733978
YLR034C,YMR216C,0,1.4764055,0.10555121302604675,0.13500000536441803,0.1143999993801117
YGR143W,YLR239C,1,1.4757756,0.10625000298023224,0.13600000739097595,0.1143999993801117
YBR217W,YLR431C,0,1.4755358,0.10616705566644669,0.13600000739097595,0.1145000010728836
YMR047C,YPR141C,0,1.4755032,0.10608424246311188,0.13600000739097595,0.11460000276565552
YIL021W,YNL167C,0,1.4752963,0.10600155591964722,0.13600000739097595,0.11469999700784683
YER104W,YDL123W,0,1.4751848,0.1059190034866333,0.13600000739097595,0.11479999870061874
YNR049C,YNL317W,0,1.4751691,0.10583657771348953,0.13600000739097595,0.11490000039339066
YDL122W,YPL020C,0,1.4749736,0.10575427860021591,0.13600000739097595,0.11500000208616257
YIL157C,YKL095W,0,1.4748,0.10567210614681244,0.13600000739097595,0.11509999632835388
YDR016C,YJR140C,0,1.4747456,0.10559006035327911,0.13600000739097595,0.1151999980211258
YOR171C,YLR239C,1,1.4745177,0.10628394037485123,0.13699999451637268,0.1151999980211258
YBR059C,YFR025C,0,1.4744854,0.10620155185461044,0.13699999451637268,0.1152999997138977
YDL028C,YGR074W,0,1.4744011,0.10611928999423981,0.13699999451637268,0.11540000140666962
YCR036W,YNL238W,0,1.474046,0.10603715479373932,0.13699999451637268,0.11550000309944153
YLR187W,YNL233W,0,1.4739335,0.10595514625310898,0.13699999451637268,0.11559999734163284
YLR421C,YFR021W,0,1.4737856,0.10587326437234879,0.13699999451637268,0.11569999903440475
YER090W,YGL172W,0,1.4735122,0.10579150915145874,0.13699999451637268,0.11580000072717667
YOR171C,YDR123C,1,1.4727323,0.10648148506879807,0.1379999965429306,0.11580000072717667
YLR284C,YOR149C,1,1.4726602,0.10717039555311203,0.13899999856948853,0.11580000072717667
YIL035C,YPL235W,0,1.4724085,0.10708782821893692,0.13899999856948853,0.11590000241994858
YPR140W,YPL057C,1,1.4723053,0.10777521133422852,0.14000000059604645,0.11590000241994858
YPL179W,YOL128C,0,1.4722394,0.10769230872392654,0.14000000059604645,0.11599999666213989
YLR376C,YML120C,0,1.4719176,0.10760953277349472,0.14000000059604645,0.1160999983549118
YNR036C,YCR069W,0,1.4714942,0.10752688348293304,0.14000000059604645,0.11620000004768372
YGR260W,YGR178C,0,1.4713997,0.10744436085224152,0.14000000059604645,0.11630000174045563
YBR212W,YLR085C,0,1.4713577,0.10736196488142014,0.14000000059604645,0.11640000343322754
YIL008W,YOR004W,0,1.4712299,0.1072796955704689,0.14000000059604645,0.11649999767541885
YLR234W,YJR095W,0,1.4711531,0.10719755291938782,0.14000000059604645,0.11659999936819077
YPR135W,YDR207C,0,1.4710358,0.10711552947759628,0.14000000059604645,0.11670000106096268
YHR158C,YBR089C-A,0,1.4710249,0.1070336401462555,0.14000000059604645,0.11680000275373459
YLR363C,YLR251W,0,1.4707439,0.10695187002420425,0.14000000059604645,0.1168999969959259
YML001W,YFR047C,0,1.4704942,0.10687022656202316,0.14000000059604645,0.11699999868869781
YBR119W,YNL164C,0,1.4702464,0.10678870975971222,0.14000000059604645,0.11710000038146973
YCL039W,YGR013W,0,1.4701163,0.10670731961727142,0.14000000059604645,0.11720000207424164
YLR215C,YOL122C,0,1.4700412,0.10662604868412018,0.14000000059604645,0.11729999631643295
YPR111W,YBL008W,0,1.469818,0.10654490441083908,0.14000000059604645,0.11739999800920486
YKL114C,YIL075C,0,1.4697493,0.10646387934684753,0.14000000059604645,0.11749999970197678
YNL123W,YLR305C,1,1.4694694,0.1071428582072258,0.14100000262260437,0.11749999970197678
YMR091C,YPL210C,0,1.4689236,0.10706150531768799,0.14100000262260437,0.11760000139474869
YMR267W,YBR258C,0,1.4686157,0.10698027163743973,0.14100000262260437,0.1177000030875206
YCL004W,YLR020C,1,1.4685092,0.10765731334686279,0.1420000046491623,0.1177000030875206
YDR173C,YLR240W,1,1.4682447,0.10833333432674408,0.14300000667572021,0.1177000030875206
YMR159C,YLL004W,0,1.4682324,0.10825132578611374,0.14300000667572021,0.11779999732971191
YDR206W,YGL195W,0,1.467712,0.10816944390535355,0.14300000667572021,0.11789999902248383
YER048C,YBR280C,0,1.4676777,0.1080876812338829,0.14300000667572021,0.11800000071525574
YGR121C,YDR111C,0,1.4676719,0.10800604522228241,0.14300000667572021,0.11810000240802765
YOL110W,YMR035W,0,1.4671139,0.10792452841997147,0.14300000667572021,0.11819999665021896
YMR190C,YFR042W,0,1.4665112,0.10784313827753067,0.14300000667572021,0.11829999834299088
YGR078C,YDL128W,0,1.4664615,0.10776186734437943,0.14300000667572021,0.11840000003576279
YJR017C,YHR150W,0,1.466447,0.10768072307109833,0.14300000667572021,0.1185000017285347
YOR086C,YDR037W,0,1.4663379,0.10759969800710678,0.14300000667572021,0.11860000342130661
YKL074C,YCR065W,0,1.4661841,0.10751879960298538,0.14300000667572021,0.11869999766349792
YDR080W,YFR050C,0,1.4660598,0.10743801295757294,0.14300000667572021,0.11879999935626984
YJR035W,YBR216C,0,1.4659867,0.10735736042261124,0.14300000667572021,0.11890000104904175
YGR172C,YKL013C,0,1.465739,0.10727681964635849,0.14300000667572021,0.11900000274181366
YGL100W,YJL112W,0,1.465361,0.1071963980793953,0.14300000667572021,0.11909999698400497
YLR102C,YKL087C,0,1.4649221,0.10711610317230225,0.14300000667572021,0.11919999867677689
YOR171C,YFL025C,1,1.464647,0.10778442770242691,0.14399999380111694,0.11919999867677689
YLR347C,YGR204W,0,1.4645878,0.1077038124203682,0.14399999380111694,0.1193000003695488
YNL082W,YNL180C,0,1.4644881,0.10762331634759903,0.14399999380111694,0.11940000206232071
YGL142C,YPL057C,1,1.46425,0.10828977078199387,0.14499999582767487,0.11940000206232071
YPR075C,YMR240C,0,1.4641126,0.10820895433425903,0.14499999582767487,0.11949999630451202
YKR089C,YLR240W,1,1.4639808,0.10887397825717926,0.1459999978542328,0.11949999630451202
YLR208W,YBL085W,0,1.4635274,0.10879284888505936,0.1459999978542328,0.11959999799728394
YJR067C,YDR164C,0,1.4631656,0.108711838722229,0.1459999978542328,0.11969999969005585
YPL246C,YBR162W-A,0,1.4629482,0.1086309552192688,0.1459999978542328,0.11980000138282776
YNL199C,YKL026C,0,1.4627509,0.10855018347501755,0.1459999978542328,0.11990000307559967
YBR088C,YDL040C,0,1.4627051,0.10846953839063644,0.1459999978542328,0.11999999731779099
YGL196W,YDR135C,0,1.4626151,0.10838901251554489,0.1459999978542328,0.1200999990105629
YPL117C,YDR284C,1,1.4625512,0.1090504452586174,0.1469999998807907,0.1200999990105629
YER040W,YOL096C,0,1.4623647,0.10896960645914078,0.1469999998807907,0.12020000070333481
YPR113W,YMR202W,1,1.4620254,0.10962963104248047,0.14800000190734863,0.12020000070333481
YBL026W,YML025C,0,1.4617933,0.10954847931861877,0.14800000190734863,0.12030000239610672
YLR153C,YML019W,0,1.4616216,0.10946745425462723,0.14800000190734863,0.12039999663829803
YFL009W,YOR129C,0,1.4613473,0.10938654839992523,0.14800000190734863,0.12049999833106995
YGL083W,YML069W,0,1.4613111,0.10930576175451279,0.14800000190734863,0.12060000002384186
YGL017W,YML032C,0,1.4610888,0.10922509431838989,0.14800000190734863,0.12070000171661377
YKL020C,YER015W,1,1.4610816,0.10988200455904007,0.14900000393390656,0.12070000171661377
YDR261C,YER087C-B,0,1.4609678,0.1098010316491127,0.14900000393390656,0.12080000340938568
YMR024W,YJR032W,0,1.4609221,0.10972017794847488,0.14900000393390656,0.120899997651577
YBR074W,YPR182W,0,1.4606276,0.10963944345712662,0.14900000393390656,0.12099999934434891
YGL092W,YOL012C,0,1.4606131,0.1095588207244873,0.14900000393390656,0.12110000103712082
YNL169C,YJR103W,1,1.4605151,0.11021307855844498,0.15000000596046448,0.12110000103712082
YBR006W,YBL006C,0,1.4604609,0.11013215780258179,0.15000000596046448,0.12120000272989273
YLR362W,YLR319C,0,1.4603182,0.11005135625600815,0.15000000596046448,0.12129999697208405
YOR180C,YOR196C,1,1.4602572,0.11070381104946136,0.1509999930858612,0.12129999697208405
YPL190C,YMR161W,0,1.4602016,0.11062271147966385,0.1509999930858612,0.12139999866485596
YDR159W,YPL084W,0,1.460088,0.11054173111915588,0.1509999930858612,0.12150000035762787
YCR086W,YNL250W,0,1.4599345,0.11046086251735687,0.1509999930858612,0.12160000205039978
YGR172C,YKL046C,0,1.4597968,0.11038012057542801,0.1509999930858612,0.1216999962925911
YPR072W,YLR425W,0,1.4596314,0.1102994903922081,0.1509999930858612,0.121799997985363
YLR247C,YJR083C,0,1.4594886,0.11021897941827774,0.1509999930858612,0.12189999967813492
YLR383W,YPL270W,0,1.4589661,0.11013858765363693,0.1509999930858612,0.12200000137090683
YDR354W,YDR159W,0,1.4588124,0.11005830764770508,0.1509999930858612,0.12210000306367874
YKL049C,YFR014C,0,1.4584261,0.10997814685106277,0.1509999930858612,0.12219999730587006
YIL122W,YDR461W,0,1.4583809,0.10989810526371002,0.1509999930858612,0.12229999899864197
YKR055W,YHR008C,0,1.4580764,0.10981818288564682,0.1509999930858612,0.12240000069141388
YKL119C,YLR310C,0,1.4576521,0.10973837226629257,0.1509999930858612,0.12250000238418579
YJL197W,YLR163C,0,1.4575975,0.10965868085622787,0.1509999930858612,0.1225999966263771
YBL035C,YNR032W,0,1.4575949,0.10957910120487213,0.1509999930858612,0.12269999831914902
YDL123W,YPR149W,0,1.4573524,0.10949964076280594,0.1509999930858612,0.12280000001192093
YKR028W,YBR268W,0,1.4570065,0.1094202920794487,0.1509999930858612,0.12290000170469284
YML086C,YOL066C,0,1.4566811,0.10934105515480042,0.1509999930858612,0.12300000339746475
YER151C,YBR081C,0,1.4564774,0.10926193743944168,0.1509999930858612,0.12309999763965607
YBR114W,YDR464W,0,1.4563969,0.1091829389333725,0.1509999930858612,0.12319999933242798
YPR169W,YML051W,0,1.4561908,0.10910404473543167,0.1509999930858612,0.12330000102519989
YLR189C,YPL120W,1,1.455937,0.10974729061126709,0.15199999511241913,0.12330000102519989
YDR316W,YDR156W,0,1.4559082,0.10966811329126358,0.15199999511241913,0.1234000027179718
YJR052W,YFR004W,0,1.4554527,0.10958904027938843,0.15199999511241913,0.12349999696016312
YLR130C,YER101C,0,1.4550674,0.10951008647680283,0.15199999511241913,0.12359999865293503
YNL177C,YNL044W,0,1.4546431,0.10943124443292618,0.15199999511241913,0.12370000034570694
YAL001C,YNL192W,0,1.4545304,0.10935252159833908,0.15199999511241913,0.12380000203847885
YOL013C,YDR412W,0,1.4545251,0.10927390307188034,0.15199999511241913,0.12389999628067017
YJL203W,YNL288W,0,1.4543432,0.10919540375471115,0.15199999511241913,0.12399999797344208
YPL040C,YPR023C,0,1.4539574,0.10911701619625092,0.15199999511241913,0.12409999966621399
YNL083W,YDR021W,0,1.4537761,0.10903874039649963,0.15199999511241913,0.1242000013589859
YDL111C,YMR251W-A,0,1.4537216,0.1089605763554573,0.15199999511241913,0.12430000305175781
YLR144C,YMR158W,0,1.4536088,0.10888252407312393,0.15199999511241913,0.12439999729394913
YJL192C,YBR187W,0,1.4531882,0.10880458354949951,0.15199999511241913,0.12449999898672104
YOR219C,YNR024W,0,1.4531027,0.10872675478458405,0.15199999511241913,0.12460000067949295
YPL029W,YML061C,0,1.4526619,0.10864903777837753,0.15199999511241913,0.12470000237226486
YDR221W,YCL035C,0,1.4525418,0.10857142508029938,0.15199999511241913,0.12479999661445618
YDR072C,YOR196C,1,1.4525138,0.10920771211385727,0.15299999713897705,0.12479999661445618
YDR233C,YJL130C,0,1.4524245,0.10912981629371643,0.15299999713897705,0.12489999830722809
YKR099W,YDR006C,0,1.452298,0.10905203223228455,0.15299999713897705,0.125
YKL055C,YNL038W,1,1.4520826,0.10968661308288574,0.15399999916553497,0.125
YDL226C,YNL172W,0,1.4516264,0.10960853844881058,0.15399999916553497,0.1251000016927719
YMR041C,YPL015C,0,1.4514236,0.10953058302402496,0.15399999916553497,0.12520000338554382
YOL111C,YFR046C,0,1.4514203,0.1094527393579483,0.15399999916553497,0.12530000507831573
YPL040C,YDR017C,0,1.4514159,0.109375,0.15399999916553497,0.12540000677108765
YGL180W,YOR205C,0,1.4511391,0.10929737240076065,0.15399999916553497,0.12549999356269836
YMR001C,YKR008W,0,1.4509813,0.10921985656023026,0.15399999916553497,0.12559999525547028
YBR081C,YDR153C,0,1.4506748,0.10914245247840881,0.15399999916553497,0.1256999969482422
YDL178W,YMR278W,0,1.4506191,0.10906515270471573,0.15399999916553497,0.1257999986410141
YNL326C,YDL134C,0,1.4501877,0.1089879721403122,0.15399999916553497,0.125900000333786
YBR044C,YIL061C,0,1.45016,0.10891088843345642,0.15399999916553497,0.12600000202655792
YNL164C,YGR193C,0,1.4501196,0.1088339239358902,0.15399999916553497,0.12610000371932983
YLR284C,YER015W,1,1.4497455,0.10946327447891235,0.1550000011920929,0.12610000371932983
YOL102C,YPL084W,0,1.4494812,0.10938602685928345,0.1550000011920929,0.12620000541210175
YBR044C,YFR027W,0,1.4492474,0.1093088835477829,0.1550000011920929,0.12630000710487366
YLR026C,YML046W,0,1.4490784,0.1092318519949913,0.1550000011920929,0.12639999389648438
YHR168W,YGR099W,0,1.4484429,0.10915493220090866,0.1550000011920929,0.1264999955892563
YKR089C,YOR002W,1,1.4479686,0.10978184640407562,0.15600000321865082,0.1264999955892563
YER060W,YNL081C,0,1.4475617,0.1097046434879303,0.15600000321865082,0.1265999972820282
YBR103W,YDR314C,0,1.4474394,0.10962754487991333,0.15600000321865082,0.1266999989748001
YDR437W,YKL055C,1,1.4473974,0.11025281250476837,0.15700000524520874,0.1266999989748001
YIL049W,YER093C,1,1.4472889,0.11087719351053238,0.15800000727176666,0.1266999989748001
YGR198W,YGL233W,0,1.4468826,0.11079943925142288,0.15800000727176666,0.12680000066757202
YMR055C,YJL176C,0,1.4466871,0.11072179675102234,0.15800000727176666,0.12690000236034393
YOL011W,YLR088W,1,1.4466866,0.11134453862905502,0.1589999943971634,0.12690000236034393
YML071C,YML038C,0,1.4466606,0.1112666204571724,0.1589999943971634,0.12700000405311584
YLR166C,YOR132W,0,1.4466102,0.11118881404399872,0.1589999943971634,0.12710000574588776
YNR052C,YDR394W,0,1.4466051,0.1111111119389534,0.1589999943971634,0.12720000743865967
YDR254W,YDR067C,0,1.4465116,0.11103352159261703,0.1589999943971634,0.12729999423027039
YOL020W,YOR232W,0,1.4460162,0.11095603555440903,0.1589999943971634,0.1273999959230423
YDL126C,YJL112W,0,1.4453707,0.11087866127490997,0.1589999943971634,0.1274999976158142
YBR150C,YKL095W,0,1.4451426,0.11080139130353928,0.1589999943971634,0.12759999930858612
YPL237W,YCL054W,0,1.4449948,0.11072423309087753,0.1589999943971634,0.12770000100135803
YML110C,YDR097C,0,1.4449575,0.11064717918634415,0.1589999943971634,0.12780000269412994
YFL005W,YPL161C,0,1.4449503,0.11057023704051971,0.1589999943971634,0.12790000438690186
YGL259W,YPR141C,0,1.4447457,0.11049339920282364,0.1589999943971634,0.12800000607967377
YDR127W,YMR194W,0,1.4443755,0.11041666567325592,0.1589999943971634,0.12809999287128448
YOL116W,YER171W,0,1.4443513,0.11034004390239716,0.1589999943971634,0.1281999945640564
YDR202C,YKL149C,0,1.4443188,0.11026352643966675,0.1589999943971634,0.1282999962568283
YMR231W,YOR132W,0,1.4442745,0.1101871132850647,0.1589999943971634,0.12839999794960022
YDR385W,YNL287W,0,1.4436774,0.110110804438591,0.1589999943971634,0.12849999964237213
YIL157C,YMR241W,0,1.4435745,0.11003459990024567,0.1589999943971634,0.12860000133514404
YDR284C,YKL165C,1,1.4430553,0.11065007001161575,0.1599999964237213,0.12860000133514404
YKL216W,YDR233C,0,1.4429395,0.11057359725236893,0.1599999964237213,0.12870000302791595
YGR222W,YDL029W,0,1.442901,0.11049723625183105,0.1599999964237213,0.12880000472068787
YIL023C,YLR361C,0,1.4426026,0.11042097955942154,0.1599999964237213,0.12890000641345978
YKL149C,YJR101W,0,1.441971,0.11034482717514038,0.1599999964237213,0.1289999932050705
YGR145W,YGL145W,0,1.4416951,0.11026877909898758,0.1599999964237213,0.1290999948978424
YDR422C,YMR033W,0,1.4416308,0.11019283533096313,0.1599999964237213,0.12919999659061432
YCR060W,YIL118W,0,1.441507,0.11011699587106705,0.1599999964237213,0.12929999828338623
YPL210C,YOR007C,0,1.4414711,0.11004126816987991,0.1599999964237213,0.12939999997615814
YBR074W,YPL134C,0,1.4414485,0.10996563732624054,0.1599999964237213,0.12950000166893005
YGL044C,YDR328C,0,1.4414141,0.10989011079072952,0.1599999964237213,0.12960000336170197
YDL147W,YCL029C,0,1.4410832,0.10981468856334686,0.1599999964237213,0.12970000505447388
YLR440C,YER175C,0,1.4410263,0.10973937064409256,0.1599999964237213,0.1298000067472458
YHL013C,YLR328W,0,1.4407166,0.10966415703296661,0.1599999964237213,0.1298999935388565
YOR250C,YGL127C,0,1.4407085,0.10958904027938843,0.1599999964237213,0.12999999523162842
YNL076W,YNR031C,0,1.4406043,0.1095140278339386,0.1599999964237213,0.13009999692440033
YMR268C,YPL180W,0,1.4404593,0.10943912714719772,0.1599999964237213,0.13019999861717224
YIL041W,YML121W,0,1.4402548,0.10936432331800461,0.1599999964237213,0.13030000030994415
YDR073W,YPL007C,0,1.4399048,0.10928961634635925,0.1599999964237213,0.13040000200271606
YML041C,YIL006W,0,1.4397901,0.10921501368284225,0.1599999964237213,0.13050000369548798
YBR109C,YJL100W,1,1.439722,0.10982264578342438,0.16099999845027924,0.13050000369548798
YKL206C,YPL083C,0,1.4396963,0.10974778234958649,0.16099999845027924,0.1306000053882599
YBR200W,YDR039C,0,1.4395965,0.10967302322387695,0.16099999845027924,0.1307000070810318
YMR271C,YDR438W,0,1.4390184,0.10959836840629578,0.16099999845027924,0.13079999387264252
YKL114C,YDL150W,0,1.4389195,0.10952381044626236,0.16099999845027924,0.13089999556541443
YGL219C,YDL223C,0,1.4388049,0.1094493567943573,0.16099999845027924,0.13099999725818634
YHL020C,YNL038W,1,1.4387634,0.11005435138940811,0.16200000047683716,0.13099999725818634
YPL096W,YIL118W,0,1.4387132,0.10997963696718216,0.16200000047683716,0.13109999895095825
YGL220W,YCL051W,0,1.4386436,0.10990501940250397,0.16200000047683716,0.13120000064373016
YLR206W,YLR299W,0,1.4386021,0.10983050614595413,0.16200000047683716,0.13130000233650208
YGL144C,YJL134W,1,1.438502,0.11043360084295273,0.16300000250339508,0.13130000233650208
YPR018W,YNL233W,0,1.4384941,0.1103588342666626,0.16300000250339508,0.131400004029274
YJR034W,YHR111W,0,1.4383985,0.11028416454792023,0.16300000250339508,0.1315000057220459
YLR215C,YDR170C,0,1.4383163,0.11020959913730621,0.16300000250339508,0.1316000074148178
YDR057W,YML110C,0,1.438256,0.11013513803482056,0.16300000250339508,0.13169999420642853
YKR071C,YPL221W,0,1.4380367,0.11006076633930206,0.16300000250339508,0.13179999589920044
YPL002C,YCL032W,0,1.4379894,0.10998650640249252,0.16300000250339508,0.13189999759197235
YJR161C,YOR357C,0,1.4376228,0.10991234332323074,0.16300000250339508,0.13199999928474426
YDR194C,YMR304W,0,1.4373249,0.10983827710151672,0.16300000250339508,0.13210000097751617
YOR253W,YPL246C,0,1.437193,0.10976430773735046,0.16300000250339508,0.13220000267028809
YOR295W,YNR035C,0,1.4370775,0.10969044268131256,0.16300000250339508,0.13230000436306
YPL152W,YOR099W,0,1.4369994,0.10961667448282242,0.16300000250339508,0.1324000060558319
YPR095C,YGR193C,0,1.4369394,0.10954301059246063,0.16300000250339508,0.13249999284744263
YMR113W,YNR033W,0,1.436916,0.1094694435596466,0.16300000250339508,0.13259999454021454
YDR316W,YBR218C,0,1.4367818,0.10939597338438034,0.16300000250339508,0.13269999623298645
YOL151W,YBR177C,1,1.4359255,0.10999329388141632,0.164000004529953,0.13269999623298645
YGL098W,YHL031C,0,1.4356514,0.10991957038640976,0.164000004529953,0.13279999792575836
YPR189W,YAL031C,0,1.4352992,0.10984595119953156,0.164000004529953,0.13289999961853027
YBR168W,YML025C,0,1.435145,0.10977242141962051,0.164000004529953,0.13300000131130219
YMR060C,YNL304W,0,1.4348644,0.10969899594783783,0.164000004529953,0.1331000030040741
YEL052W,YKR072C,0,1.4346069,0.1096256673336029,0.164000004529953,0.133200004696846
YMR137C,YBR282W,0,1.4344629,0.10955243557691574,0.164000004529953,0.13330000638961792
YJR067C,YBL006C,0,1.4341019,0.10947930812835693,0.164000004529953,0.13339999318122864
YOR358W,YDL165W,0,1.4340515,0.10940627008676529,0.164000004529953,0.13349999487400055
YOL111C,YHR102W,0,1.4339904,0.109333336353302,0.164000004529953,0.13359999656677246
YBR149W,YER017C,0,1.4338459,0.10926049202680588,0.164000004529953,0.13369999825954437
YPL228W,YCR002C,0,1.4337648,0.10918775200843811,0.164000004529953,0.13379999995231628
YGR092W,YPL064C,0,1.4336365,0.1091151013970375,0.164000004529953,0.1339000016450882
YHR057C,YJL006C,0,1.4336308,0.10904255509376526,0.164000004529953,0.1340000033378601
YJL095W,YKL090W,0,1.4335244,0.10897009819746017,0.164000004529953,0.13410000503063202
YDR127W,YER048C,0,1.4333166,0.10889774560928345,0.164000004529953,0.13420000672340393
YOR099W,YDL005C,0,1.4332948,0.10882548242807388,0.164000004529953,0.13429999351501465
YER159C,YOR138C,0,1.4332674,0.10875331610441208,0.164000004529953,0.13439999520778656
YLR056W,YHR072W,1,1.4329062,0.10934393852949142,0.16500000655651093,0.13439999520778656
YKR028W,YPL215W,0,1.4328011,0.10927152633666992,0.16500000655651093,0.13449999690055847
YJL045W,YDR438W,0,1.4327718,0.10919920355081558,0.16500000655651093,0.13459999859333038
YDL236W,YJL002C,0,1.4327621,0.1091269850730896,0.16500000655651093,0.1347000002861023
YJL183W,YGR028W,0,1.4324112,0.10905485600233078,0.16500000655651093,0.1348000019788742
YPL046C,YOR089C,0,1.4321827,0.10898282378911972,0.16500000655651093,0.13490000367164612
YNL068C,YGL145W,0,1.4321535,0.10891088843345642,0.16500000655651093,0.13500000536441803
YMR014W,YDR246W,0,1.4319422,0.10883904993534088,0.16500000655651093,0.13510000705718994
YML107C,YLR424W,0,1.431925,0.1087673008441925,0.16500000655651093,0.13519999384880066
YNL072W,YPL208W,0,1.4317571,0.10869564861059189,0.16500000655651093,0.13529999554157257
YIL040W,YJL078C,0,1.4315916,0.10862409323453903,0.16500000655651093,0.13539999723434448
YNL014W,YDL024C,0,1.4315505,0.10855263471603394,0.16500000655651093,0.1354999989271164
YER167W,YBR221C,0,1.4315432,0.108481265604496,0.16500000655651093,0.1356000006198883
YNL048W,YDR123C,1,1.4315178,0.10906701534986496,0.16599999368190765,0.1356000006198883
YDR073W,YBR136W,0,1.4315125,0.10899540036916733,0.16599999368190765,0.13570000231266022
YDR150W,YFR021W,0,1.4312314,0.10892388224601746,0.16599999368190765,0.13580000400543213
YBR272C,YMR277W,0,1.4311825,0.10885246098041534,0.16599999368190765,0.13590000569820404
YNL252C,YOR099W,0,1.4309709,0.1087811291217804,0.16599999368190765,0.13600000739097595
YDR256C,YPL045W,0,1.4308431,0.10870988667011261,0.16599999368190765,0.13609999418258667
YDR072C,YGR170W,1,1.4307673,0.10929319262504578,0.16699999570846558,0.13609999418258667
YCL044C,YGL038C,0,1.4307356,0.10922171175479889,0.16699999570846558,0.13619999587535858
YBR061C,YNL131W,0,1.430693,0.10915032774209976,0.16699999570846558,0.1362999975681305
YJL060W,YPR029C,0,1.4306324,0.1090790331363678,0.16699999570846558,0.1363999992609024
YPL007C,YKL054C,0,1.4306244,0.1090078353881836,0.16699999570846558,0.13650000095367432
YHR063C,YGL196W,0,1.4304334,0.10893672704696655,0.16699999570846558,0.13660000264644623
YMR097C,YML032C,0,1.4303063,0.10886570811271667,0.16699999570846558,0.13670000433921814
YOR329C,YJR036C,0,1.4298018,0.10879478603601456,0.16699999570846558,0.13680000603199005
YDR205W,YOR256C,0,1.429766,0.1087239608168602,0.16699999570846558,0.13689999282360077
YGL020C,YER167W,0,1.4297358,0.10865321755409241,0.16699999570846558,0.13699999451637268
YPR169W,YPR145W,0,1.4295905,0.10858257114887238,0.16699999570846558,0.1370999962091446
YBR202W,YML006C,0,1.4294459,0.1085120216012001,0.16699999570846558,0.1371999979019165
YDR404C,YBR293W,0,1.429139,0.108441561460495,0.16699999570846558,0.13729999959468842
YBR201W,YOR172W,0,1.429131,0.10837119072675705,0.16699999570846558,0.13740000128746033
YKR087C,YDR371W,0,1.4289587,0.10830090939998627,0.16699999570846558,0.13750000298023224
YIL073C,YKR008W,0,1.4287068,0.10823071748018265,0.16699999570846558,0.13760000467300415
YMR081C,YNL085W,0,1.428604,0.10816062241792679,0.16699999570846558,0.13770000636577606
YOL027C,YBR229C,0,1.4284939,0.10809061676263809,0.16699999570846558,0.13779999315738678
YBR043C,YML127W,0,1.4283972,0.10802070051431656,0.16699999570846558,0.1378999948501587
YNR038W,YKL013C,0,1.4283694,0.10795087367296219,0.16699999570846558,0.1379999965429306
YPL076W,YHR188C,1,1.4281985,0.10852713137865067,0.1679999977350235,0.1379999965429306
YMR232W,YDR285W,0,1.4280552,0.1084570661187172,0.1679999977350235,0.13809999823570251
YHL031C,YML016C,0,1.42794,0.10838709771633148,0.1679999977350235,0.13819999992847443
YLR118C,YLR240W,1,1.4278474,0.10896196216344833,0.16899999976158142,0.13819999992847443
YLR095C,YER115C,0,1.427801,0.10889175534248352,0.16899999976158142,0.13830000162124634
YLL045C,YER023W,0,1.4277915,0.10882163792848587,0.16899999976158142,0.13840000331401825
YKR083C,YEL003W,0,1.4275451,0.10875160992145538,0.16899999976158142,0.13850000500679016
YAL009W,YMR278W,0,1.4275056,0.10868167132139206,0.16899999976158142,0.13860000669956207
YKL062W,YLR007W,0,1.4271848,0.1086118221282959,0.16899999976158142,0.1386999934911728
YNL329C,YFR013W,0,1.4268672,0.1085420697927475,0.16899999976158142,0.1387999951839447
YDR085C,YDR409W,0,1.4267563,0.10847239941358566,0.16899999976158142,0.1388999968767166
YHR096C,YBR169C,0,1.4266276,0.10840282589197159,0.16899999976158142,0.13899999856948853
YOR159C,YOL142W,0,1.426614,0.10833333432674408,0.16899999976158142,0.13910000026226044
YPL145C,YLR118C,1,1.4263275,0.10890454798936844,0.17000000178813934,0.13910000026226044
YGL180W,YDR285W,0,1.4262056,0.10883482545614243,0.17000000178813934,0.13920000195503235
YPL122C,YFL017W-A,0,1.4255778,0.10876519232988358,0.17000000178813934,0.13930000364780426
YIR005W,YNL262W,0,1.4251763,0.10869564861059189,0.17000000178813934,0.13940000534057617
YDL104C,YDR528W,0,1.4250289,0.10862620174884796,0.17000000178813934,0.13950000703334808
YGR227W,YLR118C,1,1.4249146,0.10919540375471115,0.17100000381469727,0.13950000703334808
YGR202C,YCR017C,1,1.4248286,0.10976388305425644,0.1720000058412552,0.13950000703334808
YOR256C,YGR070W,0,1.424593,0.10969387739896774,0.1720000058412552,0.1395999938249588
YKL206C,YIR008C,0,1.4244598,0.10962396115064621,0.1720000058412552,0.1396999955177307
YDR084C,YKR077W,0,1.4243867,0.10955414175987244,0.1720000058412552,0.13979999721050262
YLR051C,YGR245C,0,1.4243516,0.10948440432548523,0.1720000058412552,0.13989999890327454
YJL014W,YER157W,0,1.4242123,0.10941475629806519,0.1720000058412552,0.14000000059604645
YDR494W,YDL223C,0,1.4240193,0.1093451976776123,0.1720000058412552,0.14010000228881836
YMR278W,YNL071W,0,1.4239419,0.10927572846412659,0.1720000058412552,0.14020000398159027
YDL098C,YOR030W,0,1.4237416,0.10920634865760803,0.1720000058412552,0.14030000567436218
YDR127W,YJL111W,0,1.423704,0.10913705825805664,0.1720000058412552,0.1404000073671341
YOL054W,YML097C,0,1.4236057,0.10906784981489182,0.1720000058412552,0.1404999941587448
YDR167W,YBR188C,0,1.4234891,0.10899873077869415,0.1720000058412552,0.14059999585151672
YOR321W,YNL118C,0,1.4232646,0.10892970114946365,0.1720000058412552,0.14069999754428864
YOL121C,YOR142W,0,1.4232427,0.10886076092720032,0.1720000058412552,0.14079999923706055
YOR354C,YJR064W,0,1.4230523,0.10879190266132355,0.1720000058412552,0.14090000092983246
YMR146C,YNR024W,0,1.422972,0.10872313380241394,0.1720000058412552,0.14100000262260437
YBR049C,YGR097W,0,1.4229323,0.1086544543504715,0.1720000058412552,0.14110000431537628
YER048C,YKL189W,0,1.4229177,0.10858585685491562,0.1720000058412552,0.1412000060081482
YDR040C,YJL104W,0,1.4228888,0.1085173487663269,0.1720000058412552,0.1412999927997589
YKL220C,YOL104C,0,1.4228297,0.10844893008470535,0.1720000058412552,0.14139999449253082
YGL023C,YLR360W,0,1.42272,0.10838059335947037,0.1720000058412552,0.14149999618530273
YNL021W,YDR499W,0,1.4224881,0.10831234604120255,0.1720000058412552,0.14159999787807465
YIL048W,YGL093W,0,1.4220755,0.10824418067932129,0.1720000058412552,0.14169999957084656
YLR260W,YGR170W,1,1.4219333,0.10880503058433533,0.17299999296665192,0.14169999957084656
YML013W,YJL209W,0,1.4219074,0.10873664170503616,0.17299999296665192,0.14180000126361847
YJL124C,YLL021W,0,1.4217492,0.10866834223270416,0.17299999296665192,0.14190000295639038
YMR146C,YDL226C,0,1.42161,0.10860012471675873,0.17299999296665192,0.1420000046491623
YMR154C,YJR036C,0,1.4210844,0.10853199660778046,0.17299999296665192,0.1421000063419342
YDR002W,YDL225W,0,1.4209391,0.10846395045518875,0.17299999296665192,0.14219999313354492
YCL067C,YKL167C,0,1.4207803,0.10839598625898361,0.17299999296665192,0.14229999482631683
YPL078C,YKL149C,0,1.4206609,0.10832811892032623,0.17299999296665192,0.14239999651908875
YFL008W,YDR494W,0,1.42055,0.10826032608747482,0.17299999296665192,0.14249999821186066
YLR431C,YMR048W,0,1.420452,0.10819262266159058,0.17299999296665192,0.14259999990463257
YDL230W,YKL092C,0,1.4202148,0.1081250011920929,0.17299999296665192,0.14270000159740448
YDR291W,YNL117W,0,1.420194,0.10805746167898178,0.17299999296665192,0.1428000032901764
YGL053W,YDR268W,0,1.4201574,0.10799001157283783,0.17299999296665192,0.1429000049829483
YPR007C,YCL016C,0,1.4201478,0.10792264342308044,0.17299999296665192,0.14300000667572021
YDL047W,YER032W,0,1.4199766,0.10785536468029022,0.17299999296665192,0.14309999346733093
YDL015C,YLR239C,1,1.4198011,0.10841121524572372,0.17399999499320984,0.14309999346733093
YIL068C,YPL152W,0,1.419751,0.1083437129855156,0.17399999499320984,0.14319999516010284
YJL197W,YOL043C,0,1.4197308,0.10827629268169403,0.17399999499320984,0.14329999685287476
YOR261C,YDR225W,0,1.4194328,0.10820895433425903,0.17399999499320984,0.14339999854564667
YPL145C,YLR260W,1,1.4193338,0.1087632104754448,0.17499999701976776,0.14339999854564667
YNL076W,YDL074C,0,1.419147,0.10869564861059189,0.17499999701976776,0.14350000023841858
YFR046C,YGL050W,0,1.4186922,0.10862818360328674,0.17499999701976776,0.1436000019311905
YMR263W,YER171W,0,1.4186709,0.10856079310178757,0.17499999701976776,0.1437000036239624
YIL006W,YDR179C,0,1.4184715,0.10849349200725555,0.17499999701976776,0.14380000531673431
YKR064W,YGR216C,1,1.4183687,0.1090458482503891,0.17599999904632568,0.14380000531673431
YJR002W,YOR091W,0,1.418192,0.10897833108901978,0.17599999904632568,0.14390000700950623
YKR067W,YDL078C,1,1.4181893,0.10952970385551453,0.1770000010728836,0.14390000700950623
YPR067W,YHR175W,0,1.4181226,0.1094619631767273,0.1770000010728836,0.14399999380111694
YKL035W,YGL167C,0,1.4180732,0.10939431190490723,0.1770000010728836,0.14409999549388885
YDR423C,YER141W,0,1.4177264,0.10932674258947372,0.1770000010728836,0.14419999718666077
YOL051W,YBR196C,0,1.417625,0.10925926268100739,0.1770000010728836,0.14429999887943268
YBR133C,YGR275W,0,1.4175868,0.10919185727834702,0.1770000010728836,0.1444000005722046
YDL243C,YOR007C,0,1.4175816,0.10912454128265381,0.1770000010728836,0.1445000022649765
YOR027W,YOR020C,0,1.4174654,0.10905729979276657,0.1770000010728836,0.1446000039577484
YBR049C,YJL034W,0,1.417326,0.1089901477098465,0.1770000010728836,0.14470000565052032
YOR145C,YGR181W,0,1.4173142,0.10892307758331299,0.1770000010728836,0.14480000734329224
YBL018C,YDL091C,0,1.417209,0.10885608941316605,0.1770000010728836,0.14489999413490295
YNL030W,YPL053C,0,1.4171368,0.10878918319940567,0.1770000010728836,0.14499999582767487
YDR092W,YHR018C,0,1.4169497,0.10872235894203186,0.1770000010728836,0.14509999752044678
YER166W,YOL089C,0,1.416321,0.10865561664104462,0.1770000010728836,0.1451999992132187
YGR089W,YLR399C,0,1.4162753,0.10858895629644394,0.1770000010728836,0.1453000009059906
YDR310C,YLR077W,0,1.4162202,0.10852237790822983,0.1770000010728836,0.1454000025987625
YPL233W,YAL026C,0,1.4161798,0.10845588147640228,0.1770000010728836,0.14550000429153442
YKL196C,YBR248C,0,1.415809,0.1083894670009613,0.1770000010728836,0.14560000598430634
YHR165C,YDL097C,0,1.4157615,0.10832313448190689,0.1770000010728836,0.14569999277591705
YNL225C,YGR224W,0,1.4157258,0.10825688391923904,0.1770000010728836,0.14579999446868896
YNR017W,YEL027W,0,1.4156917,0.10819070786237717,0.1770000010728836,0.14589999616146088
YBR287W,YNL284C,0,1.4153267,0.10812462121248245,0.1770000010728836,0.1459999978542328
YPR082C,YKL194C,0,1.415326,0.10805860906839371,0.1770000010728836,0.1460999995470047
YDR386W,YPL147W,0,1.4153011,0.10799267888069153,0.1770000010728836,0.1462000012397766
YGL002W,YPR107C,0,1.414937,0.10792683064937592,0.1770000010728836,0.14630000293254852
YHR063C,YPL227C,0,1.4149331,0.10786105692386627,0.1770000010728836,0.14640000462532043
YML058W,YOR001W,0,1.414756,0.10779537260532379,0.1770000010728836,0.14650000631809235
YNL316C,YBR192W,0,1.4147269,0.10772976279258728,0.1770000010728836,0.14659999310970306
YDL165W,YLR203C,0,1.4145404,0.10766423493623734,0.1770000010728836,0.14669999480247498
YGR033C,YDR226W,0,1.4144493,0.10759878158569336,0.1770000010728836,0.1467999964952469
YOL082W,YPL183C,0,1.4143518,0.10753341764211655,0.1770000010728836,0.1468999981880188
YNL294C,YPL115C,0,1.4143466,0.1074681207537651,0.1770000010728836,0.1469999998807907
YPL262W,YDR454C,0,1.4141794,0.10740291327238083,0.1770000010728836,0.14710000157356262
YLR323C,YDR397C,0,1.4140397,0.10733778029680252,0.1770000010728836,0.14720000326633453
YNL252C,YER075C,0,1.4140216,0.10727272927761078,0.1770000010728836,0.14730000495910645
YHR175W,YMR156C,0,1.4138092,0.107207752764225,0.1770000010728836,0.14740000665187836
YDL235C,YPL161C,0,1.4137454,0.1071428582072258,0.1770000010728836,0.14749999344348907
YOR196C,YKL008C,1,1.4134761,0.10768300294876099,0.17800000309944153,0.14749999344348907
YPL137C,YKR008W,0,1.4134654,0.10761789232492447,0.17800000309944153,0.147599995136261
YPL254W,YJL058C,0,1.4134504,0.10755287110805511,0.17800000309944153,0.1476999968290329
YBR302C,YOL038W,0,1.4129936,0.10748792439699173,0.17800000309944153,0.1477999985218048
YBR172C,YAL056W,0,1.4127043,0.10742305219173431,0.17800000309944153,0.14790000021457672
YBR276C,YDR499W,0,1.4124625,0.10735826194286346,0.17800000309944153,0.14800000190734863
YDR407C,YBR293W,0,1.4121557,0.10729355365037918,0.17800000309944153,0.14810000360012054
YGR133W,YBR203W,0,1.4118651,0.10722891241312027,0.17800000309944153,0.14820000529289246
YDR317W,YMR286W,0,1.4115283,0.10716436058282852,0.17800000309944153,0.14830000698566437
YER050C,YPR034W,0,1.4110969,0.10709988325834274,0.17800000309944153,0.14839999377727509
YLR219W,YAR033W,0,1.4110898,0.10703548043966293,0.17800000309944153,0.148499995470047
YLR347C,YLR069C,0,1.4110368,0.10697115212678909,0.17800000309944153,0.1485999971628189
YGR211W,YPL118W,0,1.4109116,0.10690690577030182,0.17800000309944153,0.14869999885559082
YOR358W,YGL067W,0,1.4108219,0.10684273391962051,0.17800000309944153,0.14880000054836273
YKL103C,YKL080W,0,1.4105598,0.10677864402532578,0.17800000309944153,0.14890000224113464
YNR072W,YMR156C,0,1.409803,0.106714628636837,0.17800000309944153,0.14900000393390656
YIL018W,YJR070C,0,1.4097687,0.1066506877541542,0.17800000309944153,0.14910000562667847
YPL151C,YNR013C,0,1.409448,0.10658682882785797,0.17800000309944153,0.14920000731945038
YGL207W,YNL273W,0,1.4091362,0.10652303695678711,0.17800000309944153,0.1492999941110611
YNL156C,YPR173C,1,1.4087999,0.10705741494894028,0.17900000512599945,0.1492999941110611
YLR421C,YFR044C,0,1.4087619,0.1069934219121933,0.17900000512599945,0.149399995803833
YPR199C,YGL186C,0,1.4087063,0.10692951083183289,0.17900000512599945,0.14949999749660492
YFL048C,YMR170C,0,1.4083215,0.10686567425727844,0.17900000512599945,0.14959999918937683
YKR044W,YOR158W,0,1.4081503,0.10680191218852997,0.17900000512599945,0.14970000088214874
YOR279C,YEL024W,0,1.4080881,0.10673822462558746,0.17900000512599945,0.14980000257492065
YKL129C,YFL034C-B,0,1.4080465,0.10667461156845093,0.17900000512599945,0.14990000426769257
YLR305C,YGR143W,1,1.4080001,0.10720667243003845,0.18000000715255737,0.14990000426769257
YOR085W,YKL208W,0,1.4079652,0.1071428582072258,0.18000000715255737,0.15000000596046448
YBR152W,YMR044W,0,1.4078748,0.10707911849021912,0.18000000715255737,0.1500999927520752
YBR172C,YEL044W,0,1.4074374,0.107015460729599,0.18000000715255737,0.1501999944448471
YLR028C,YOR274W,0,1.4070879,0.10695187002420425,0.18000000715255737,0.15029999613761902
YDL058W,YOL088C,0,1.406882,0.10688836127519608,0.18000000715255737,0.15039999783039093
YJL128C,YKL134C,0,1.406854,0.10682492703199387,0.18000000715255737,0.15049999952316284
YBR275C,YOR380W,0,1.4064215,0.10676156729459763,0.18000000715255737,0.15060000121593475
YGL166W,YMR048W,0,1.4062041,0.10669828206300735,0.18000000715255737,0.15070000290870667
YMR047C,YDR371W,0,1.406145,0.10663507133722305,0.18000000715255737,0.15080000460147858
YOR362C,YLR075W,0,1.4061294,0.10657193511724472,0.18000000715255737,0.1509000062942505
YDR332W,YOR301W,0,1.4057853,0.10650887340307236,0.18000000715255737,0.1509999930858612
YDR110W,YMR269W,0,1.4052794,0.10644589364528656,0.18000000715255737,0.15109999477863312
YFL050C,YPR198W,0,1.4051272,0.10638298094272614,0.18000000715255737,0.15119999647140503
YOL148C,YPR095C,0,1.4049901,0.10632014274597168,0.18000000715255737,0.15129999816417694
YJL196C,YNL156C,1,1.4048649,0.10684769600629807,0.1809999942779541,0.15129999816417694
YNR046W,YJL057C,0,1.4045873,0.10678466409444809,0.1809999942779541,0.15139999985694885
YJL085W,YER149C,0,1.4044809,0.10672169923782349,0.1809999942779541,0.15150000154972076
YDR268W,YML038C,0,1.4044772,0.10665880888700485,0.1809999942779541,0.15160000324249268
YJL082W,YNR037C,0,1.4044735,0.10659599304199219,0.1809999942779541,0.1517000049352646
YCR057C,YOR294W,0,1.404327,0.10653325170278549,0.1809999942779541,0.1518000066280365
YOR311C,YGR175C,1,1.4042683,0.1070588231086731,0.18199999630451202,0.1518000066280365
YAL022C,YDR201W,0,1.4041454,0.10699588805437088,0.18199999630451202,0.15189999341964722
YDR457W,YLR052W,0,1.4040238,0.10693302005529404,0.18199999630451202,0.15199999511241913
YOR363C,YCR044C,1,1.4038666,0.10745742917060852,0.18299999833106995,0.15199999511241913
YNL056W,YIL030C,0,1.4035264,0.10739436745643616,0.18299999833106995,0.15209999680519104
YLR135W,YKL130C,0,1.4035125,0.10733138024806976,0.18299999833106995,0.15219999849796295
YKR066C,YLR275W,0,1.4031522,0.10726846754550934,0.18299999833106995,0.15230000019073486
YHR139C,YLR362W,0,1.4030617,0.10720562189817429,0.18299999833106995,0.15240000188350677
YKR072C,YOR115C,0,1.4027121,0.1071428582072258,0.18299999833106995,0.1525000035762787
YLL034C,YOR372C,0,1.402681,0.10708016157150269,0.18299999833106995,0.1526000052690506
YDR416W,YIL162W,0,1.402649,0.10701754689216614,0.18299999833106995,0.1527000069618225
YDR027C,YBR276C,0,1.402593,0.10695499926805496,0.18299999833106995,0.15279999375343323
YPL218W,YMR030W,0,1.4025726,0.10689252614974976,0.18299999833106995,0.15289999544620514
YGL130W,YGR040W,0,1.4025608,0.10683012008666992,0.18299999833106995,0.15299999713897705
YHR034C,YLR390W,0,1.4024829,0.10676779597997665,0.18299999833106995,0.15309999883174896
YKL186C,YIR011C,0,1.4024748,0.10670553892850876,0.18299999833106995,0.15320000052452087
YCR060W,YOL088C,0,1.4024204,0.10664335638284683,0.18299999833106995,0.15330000221729279
YOL038W,YGL111W,0,1.4023542,0.10658124834299088,0.18299999833106995,0.1534000039100647
YPR113W,YGR227W,1,1.4022361,0.10710128396749496,0.18400000035762787,0.1534000039100647
YDR081C,YKL119C,0,1.4021679,0.10703897476196289,0.18400000035762787,0.1535000056028366
YBR248C,YOR254C,0,1.4021572,0.10697674751281738,0.18400000035762787,0.15360000729560852
YIL049W,YER005W,1,1.4020844,0.10749564319849014,0.1850000023841858,0.15360000729560852
YHR134W,YDR142C,0,1.4019021,0.10743321478366852,0.1850000023841858,0.15369999408721924
YOL008W,YDR221W,0,1.4018308,0.10737086832523346,0.1850000023841858,0.15379999577999115
YDR311W,YIL065C,0,1.4017867,0.10730858147144318,0.1850000023841858,0.15389999747276306
YKL045W,YMR135C,0,1.4013612,0.10724637657403946,0.1850000023841858,0.15399999916553497
YJL183W,YBR149W,0,1.4013447,0.10718423873186111,0.1850000023841858,0.15410000085830688
YPL129W,YFR014C,0,1.4010594,0.10712217539548874,0.1850000023841858,0.1542000025510788
YBR201W,YLR085C,0,1.4008577,0.10706018656492233,0.1850000023841858,0.1543000042438507
YLR089C,YPL262W,0,1.4003832,0.1069982647895813,0.1850000023841858,0.15440000593662262
YDR435C,YMR048W,0,1.4002161,0.10693641752004623,0.1850000023841858,0.15449999272823334
YNL106C,YKL055C,1,1.4001633,0.10745234042406082,0.1860000044107437,0.15449999272823334
YMR024W,YPL188W,0,1.4001002,0.10739029943943024,0.1860000044107437,0.15459999442100525
YJR086W,YIL129C,0,1.3995398,0.10732833296060562,0.1860000044107437,0.15469999611377716
YOR017W,YBL052C,0,1.3994937,0.10726643353700638,0.1860000044107437,0.15479999780654907
YDR244W,YGR072W,0,1.3993427,0.1072046086192131,0.1860000044107437,0.15489999949932098
YDR331W,YKR031C,1,1.399342,0.10771889239549637,0.18700000643730164,0.15489999949932098
YJL139C,YOR077W,0,1.3992323,0.10765688121318817,0.18700000643730164,0.1550000011920929
YKR044W,YOR035C,0,1.398894,0.10759493708610535,0.18700000643730164,0.1551000028848648
YHR088W,YGL011C,0,1.3988091,0.10753306746482849,0.18700000643730164,0.15520000457763672
YML014W,YDR427W,0,1.3988079,0.10747126489877701,0.18700000643730164,0.15530000627040863
YOR017W,YLR092W,0,1.3986596,0.1074095368385315,0.18700000643730164,0.15539999306201935
YAL051W,YCR044C,1,1.3986404,0.10792192816734314,0.18799999356269836,0.15539999306201935
YJL130C,YGL167C,0,1.3986075,0.1078600138425827,0.18799999356269836,0.15549999475479126
YDR079W,YNL003C,0,1.3985283,0.10779816657304764,0.18799999356269836,0.15559999644756317
YGR260W,YGL078C,0,1.3983964,0.10773638635873795,0.18799999356269836,0.15569999814033508
YLR389C,YML098W,0,1.3979175,0.10767468810081482,0.18799999356269836,0.155799999833107
YML008C,YGL225W,1,1.3974799,0.10818546265363693,0.1889999955892563,0.155799999833107
YPR134W,YPR175W,0,1.3973149,0.10812357068061829,0.1889999955892563,0.1559000015258789
YOR360C,YOL122C,0,1.3972968,0.10806175321340561,0.1889999955892563,0.15600000321865082
YGR133W,YNL239W,0,1.3971922,0.1080000028014183,0.1889999955892563,0.15610000491142273
YDR062W,YBR177C,1,1.3969857,0.10850942134857178,0.1899999976158142,0.15610000491142273
YDL150W,YLR069C,0,1.3968402,0.10844749212265015,0.1899999976158142,0.15620000660419464
YIL159W,YJL099W,0,1.3967073,0.10838562250137329,0.1899999976158142,0.15629999339580536
YDR170C,YOR089C,0,1.3965913,0.108323834836483,0.1899999976158142,0.15639999508857727
YJL192C,YGL113W,0,1.3965248,0.10826210677623749,0.1899999976158142,0.15649999678134918
YJR082C,YNL148C,0,1.3963648,0.10820045322179794,0.1899999976158142,0.1565999984741211
YLR051C,YJL076W,0,1.3962018,0.10813887417316437,0.1899999976158142,0.156700000166893
YOR110W,YGR281W,0,1.3960456,0.10807736217975616,0.1899999976158142,0.15680000185966492
YJL029C,YHR204W,0,1.395993,0.10801591724157333,0.1899999976158142,0.15690000355243683
YKL058W,YDL106C,0,1.3958346,0.10795454680919647,0.1899999976158142,0.15700000524520874
YPR020W,YDR397C,0,1.3957402,0.10789324343204498,0.1899999976158142,0.15710000693798065
YHR108W,YGR094W,0,1.3956887,0.10783200711011887,0.1899999976158142,0.15719999372959137
YKL184W,YLR165C,0,1.3956279,0.10777084529399872,0.1899999976158142,0.15729999542236328
YOR260W,YAL017W,0,1.3954182,0.10770975053310394,0.1899999976158142,0.1573999971151352
YGL017W,YOR367W,0,1.3952137,0.10764872282743454,0.1899999976158142,0.1574999988079071
YNL097C,YMR286W,0,1.3951371,0.1075877696275711,0.1899999976158142,0.15760000050067902
YJL180C,YML110C,0,1.3948241,0.10752688348293304,0.1899999976158142,0.15770000219345093
YAR003W,YOR123C,0,1.3945526,0.10746606439352036,0.1899999976158142,0.15780000388622284
YOR367W,YLR314C,0,1.3943394,0.10740531235933304,0.1899999976158142,0.15790000557899475
YLR272C,YPL270W,0,1.3942052,0.10734463483095169,0.1899999976158142,0.15800000727176666
YDR097C,YHR121W,0,1.3940619,0.10728401690721512,0.1899999976158142,0.15809999406337738
YPL140C,YPL096W,0,1.3939048,0.10722347348928452,0.1899999976158142,0.1581999957561493
YLR310C,YJL002C,0,1.3938023,0.10716299712657928,0.1899999976158142,0.1582999974489212
YDL103C,YCR069W,0,1.3932751,0.10710259526968002,0.1899999976158142,0.15839999914169312
YKL148C,YDL107W,0,1.393102,0.10704225301742554,0.1899999976158142,0.15850000083446503
YIL094C,YML058W,0,1.3930703,0.10698198527097702,0.1899999976158142,0.15860000252723694
YBL056W,YKL069W,0,1.3929907,0.10692177712917328,0.1899999976158142,0.15870000422000885
YGR261C,YBL014C,0,1.3929553,0.1068616434931755,0.1899999976158142,0.15880000591278076
YNL020C,YPR025C,0,1.3929236,0.1068015769124031,0.1899999976158142,0.15889999270439148
YML099C,YHR134W,0,1.3925964,0.10674156993627548,0.1899999976158142,0.1589999943971634
YDR257C,YOL013C,0,1.3922586,0.10668163746595383,0.1899999976158142,0.1590999960899353
YDR484W,YJR125C,0,1.3921857,0.10662177205085754,0.1899999976158142,0.15919999778270721
YKL114C,YDL042C,0,1.3921328,0.10656197369098663,0.1899999976158142,0.15929999947547913
YBL009W,YGR229C,0,1.3921075,0.1065022423863411,0.1899999976158142,0.15940000116825104
YHL002W,YPL105C,0,1.3920039,0.10644257813692093,0.1899999976158142,0.15950000286102295
YDR359C,YOL043C,0,1.3918973,0.10638298094272614,0.1899999976158142,0.15960000455379486
YMR268C,YPR111W,0,1.3914632,0.10632345080375671,0.1899999976158142,0.15970000624656677
YPR006C,YNL169C,1,1.3914055,0.10682326555252075,0.19099999964237213,0.15970000624656677
YBR101C,YPR072W,0,1.3912787,0.106763556599617,0.19099999964237213,0.1597999930381775
YDR041W,YJL030W,0,1.3912675,0.10670390725135803,0.19099999964237213,0.1598999947309494
YGL129C,YNL298W,0,1.3909315,0.10664433240890503,0.19099999964237213,0.1599999964237213
YMR176W,YDR377W,0,1.3908776,0.1065848246216774,0.19099999964237213,0.16009999811649323
YNL329C,YOR089C,0,1.390705,0.10652537643909454,0.19099999964237213,0.16019999980926514
YGL038C,YKL013C,0,1.3905401,0.10646599531173706,0.19099999964237213,0.16030000150203705
YPR111W,YNL309W,0,1.3905345,0.10640668869018555,0.19099999964237213,0.16040000319480896
YHR082C,YGR285C,0,1.3904492,0.10634744167327881,0.19099999964237213,0.16050000488758087
YGR142W,YHR166C,0,1.3904167,0.10628826171159744,0.19099999964237213,0.16060000658035278
YKL197C,YPR007C,0,1.3902252,0.10622914135456085,0.19099999964237213,0.1606999933719635
YLR016C,YJL123C,0,1.3901337,0.10617009550333023,0.19099999964237213,0.1607999950647354
YOR058C,YLR148W,0,1.3899417,0.10611110925674438,0.19099999964237213,0.16089999675750732
YFR004W,YKR060W,0,1.3896483,0.10605219006538391,0.19099999964237213,0.16099999845027924
YBL052C,YOL001W,0,1.3896259,0.10599333792924881,0.19099999964237213,0.16110000014305115
YPL218W,YPR095C,0,1.389353,0.10593455284833908,0.19099999964237213,0.16120000183582306
YMR283C,YLL051C,0,1.3890858,0.10587583482265472,0.19099999964237213,0.16130000352859497
YJL151C,YEL063C,0,1.3890342,0.10581717640161514,0.19099999964237213,0.16140000522136688
YBL047C,YER101C,0,1.3888959,0.10575858503580093,0.19099999964237213,0.1615000069141388
YLR260W,YGR227W,1,1.3885441,0.10625346004962921,0.19200000166893005,0.1615000069141388
YJL154C,YDR138W,0,1.3884953,0.10619468986988068,0.19200000166893005,0.1615999937057495
YDL092W,YER039C,0,1.38843,0.10613598674535751,0.19200000166893005,0.16169999539852142
YBL050W,YBL063W,0,1.388403,0.10607735067605972,0.19200000166893005,0.16179999709129333
YBL047C,YOR054C,0,1.3883727,0.10601877421140671,0.19200000166893005,0.16189999878406525
YBL019W,YDR016C,0,1.3881273,0.10596026480197906,0.19200000166893005,0.16200000047683716
YPL145C,YHR073W,1,1.3880886,0.10645338892936707,0.19300000369548798,0.16200000047683716
YBR302C,YOL068C,0,1.3880829,0.1063947081565857,0.19300000369548798,0.16210000216960907
YBR200W,YNL085W,0,1.3878914,0.1063360869884491,0.19300000369548798,0.16220000386238098
YKL051W,YNL156C,1,1.3877798,0.10682819038629532,0.1940000057220459,0.16220000386238098
YHR118C,YDR207C,0,1.3877026,0.10676939785480499,0.1940000057220459,0.1623000055551529
YLR363C,YNL252C,0,1.3875924,0.10671067237854004,0.1940000057220459,0.1624000072479248
YPL127C,YBR086C,0,1.3873701,0.10665200650691986,0.1940000057220459,0.16249999403953552
YDR386W,YHL002W,0,1.387304,0.10659340769052505,0.1940000057220459,0.16259999573230743
YHR178W,YGL061C,0,1.3872145,0.10653486847877502,0.1940000057220459,0.16269999742507935
YBR002C,YKL126W,1,1.3871536,0.10702524334192276,0.19499999284744263,0.16269999742507935
YGR140W,YOR158W,0,1.3869759,0.1069665402173996,0.19499999284744263,0.16279999911785126
YGR003W,YER157W,0,1.386885,0.10690789669752121,0.19499999284744263,0.16290000081062317
YDR435C,YML111W,0,1.3868501,0.1068493127822876,0.19499999284744263,0.16300000250339508
YLR027C,YFR013W,0,1.3866132,0.10679079592227936,0.19499999284744263,0.163100004196167
YMR068W,YMR110C,0,1.3865218,0.10673234611749649,0.19499999284744263,0.1632000058889389
YIL076W,YAL048C,0,1.3864708,0.106673963367939,0.19499999284744263,0.16329999268054962
YBR095C,YOR132W,0,1.3856283,0.10661564022302628,0.19499999284744263,0.16339999437332153
YMR067C,YOR260W,0,1.3854612,0.10655737668275833,0.19499999284744263,0.16349999606609344
YDR494W,YGR087C,0,1.3853683,0.10649918019771576,0.19499999284744263,0.16359999775886536
YAL054C,YNL161W,0,1.3853304,0.10644105076789856,0.19499999284744263,0.16369999945163727
YDR073W,YNL180C,0,1.3850815,0.10638298094272614,0.19499999284744263,0.16380000114440918
YPL075W,YER069W,0,1.3849523,0.10632497072219849,0.19499999284744263,0.1639000028371811
YDR316W,YDL220C,0,1.3849349,0.10626702755689621,0.19499999284744263,0.164000004529953
YCR060W,YER104W,0,1.3848099,0.1062091514468193,0.19499999284744263,0.16410000622272491
YBR073W,YAL026C,0,1.3847557,0.10615133494138718,0.19499999284744263,0.16419999301433563
YLR242C,YNL219C,1,1.3846716,0.10663764923810959,0.19599999487400055,0.16419999301433563
YDL117W,YNL081C,0,1.384432,0.10657966136932373,0.19599999487400055,0.16429999470710754
YMR268C,YKL018W,0,1.384425,0.10652174055576324,0.19599999487400055,0.16439999639987946
YOR249C,YGR005C,0,1.3842928,0.10646387934684753,0.19599999487400055,0.16449999809265137
YDL150W,YHR170W,0,1.3842921,0.1064060777425766,0.19599999487400055,0.16459999978542328
YOL110W,YLL036C,0,1.3842525,0.10634834319353104,0.19599999487400055,0.1647000014781952
YER139C,YHR061C,0,1.3842462,0.10629067569971085,0.19599999487400055,0.1648000031709671
YPL215W,YOR210W,0,1.3842325,0.10623306035995483,0.19599999487400055,0.164900004863739
YOR216C,YOR001W,0,1.3841364,0.1061755120754242,0.19599999487400055,0.16500000655651093
YPL227C,YER115C,0,1.3839773,0.10611803084611893,0.19599999487400055,0.16509999334812164
YCL004W,YPR128C,1,1.3837968,0.10660172998905182,0.19699999690055847,0.16509999334812164
YHR042W,YGR007W,1,1.3837433,0.10708490759134293,0.1979999989271164,0.16509999334812164
YKR019C,YPR006C,1,1.383706,0.10756757110357285,0.19900000095367432,0.16509999334812164
YJL110C,YJL092W,0,1.383428,0.10750945657491684,0.19900000095367432,0.16519999504089355
YKR046C,YOR122C,0,1.3833894,0.10745140165090561,0.19900000095367432,0.16529999673366547
YDR518W,YIL010W,0,1.3831843,0.10739341378211975,0.19900000095367432,0.16539999842643738
YOR123C,YIL114C,0,1.3829118,0.10733549296855927,0.19900000095367432,0.1655000001192093
YLR288C,YER157W,0,1.382784,0.10727762430906296,0.19900000095367432,0.1656000018119812
YPR086W,YOR272W,0,1.3824672,0.10721983015537262,0.19900000095367432,0.1657000035047531
YGR215W,YLR043C,0,1.3824302,0.10716208815574646,0.19900000095367432,0.16580000519752502
YDR108W,YNR048W,0,1.3823723,0.10710441321134567,0.19900000095367432,0.16590000689029694
YLR242C,YBR004C,1,1.3823664,0.10758472234010696,0.20000000298023224,0.16590000689029694
YMR093W,YGL078C,0,1.3823392,0.10752688348293304,0.20000000298023224,0.16599999368190765
YHL021C,YGR121C,0,1.3820297,0.1074691042304039,0.20000000298023224,0.16609999537467957
YNL169C,YHL003C,1,1.3819561,0.10794844478368759,0.20100000500679016,0.16609999537467957
YGR048W,YLL036C,0,1.3816191,0.10789050161838531,0.20100000500679016,0.16619999706745148
YGR157W,YHR188C,1,1.3815962,0.10836909711360931,0.20200000703334808,0.16619999706745148
YBL040C,YNL326C,0,1.381589,0.1083109900355339,0.20200000703334808,0.1662999987602234
YDR268W,YAL039C,0,1.3814769,0.10825295001268387,0.20200000703334808,0.1664000004529953
YER141W,YPL100W,0,1.381467,0.10819496214389801,0.20200000703334808,0.1665000021457672
YJL167W,YNL156C,1,1.381436,0.1086723804473877,0.2029999941587448,0.1665000021457672
YFR025C,YBR127C,0,1.3808454,0.1086142286658287,0.2029999941587448,0.16660000383853912
YOL052C,YGL038C,0,1.3808451,0.10855615139007568,0.2029999941587448,0.16670000553131104
YNL062C,YDR291W,0,1.3808222,0.10849812626838684,0.2029999941587448,0.16680000722408295
YLL029W,YLR383W,0,1.3805588,0.10844016820192337,0.2029999941587448,0.16689999401569366
YKR088C,YBR268W,0,1.380096,0.10838227719068527,0.2029999941587448,0.16699999570846558
YGR033C,YBR244W,0,1.3798728,0.10832443833351135,0.2029999941587448,0.1670999974012375
YJL214W,YDR057W,0,1.3798497,0.1082666665315628,0.2029999941587448,0.1671999990940094
YCR024C,YGR231C,0,1.3798362,0.10820895433425903,0.2029999941587448,0.1673000007867813
YGL203C,YBR294W,0,1.3798207,0.10815130174160004,0.2029999941587448,0.16740000247955322
YJR130C,YAL032C,0,1.3798158,0.10809371620416641,0.2029999941587448,0.16750000417232513
YDR416W,YKR102W,0,1.3797582,0.10803619027137756,0.2029999941587448,0.16760000586509705
YGR206W,YBR200W,0,1.379756,0.10797872394323349,0.2029999941587448,0.16769999265670776
YDL213C,YHR152W,0,1.3796331,0.10792131721973419,0.2029999941587448,0.16779999434947968
YER018C,YER032W,0,1.37953,0.10786397755146027,0.2029999941587448,0.1678999960422516
YLR270W,YDR017C,0,1.3792101,0.10780669003725052,0.2029999941587448,0.1679999977350235
YPL065W,YBR281C,0,1.3788909,0.10774946957826614,0.2029999941587448,0.1680999994277954
YDL197C,YAL028W,0,1.3782679,0.10769230872392654,0.2029999941587448,0.16820000112056732
YKR010C,YGL145W,0,1.3781838,0.10763520747423172,0.2029999941587448,0.16830000281333923
YKL113C,YGL233W,0,1.3780502,0.10757816582918167,0.2029999941587448,0.16840000450611115
YNL003C,YNL225C,0,1.3779873,0.1075211837887764,0.2029999941587448,0.16850000619888306
YCR093W,YGR004W,0,1.3777885,0.1074642688035965,0.2029999941587448,0.16859999299049377
YML022W,YDR182W,0,1.3777841,0.10740740597248077,0.2029999941587448,0.16869999468326569
YIR011C,YKR088C,0,1.3777096,0.10735061019659042,0.2029999941587448,0.1687999963760376
YMR008C,YPR173C,1,1.3776776,0.10782241076231003,0.20399999618530273,0.1687999963760376
YNR003C,YER031C,0,1.3775684,0.10776545107364655,0.20399999618530273,0.1688999980688095
YOL112W,YNL243W,0,1.3771331,0.10770855098962784,0.20399999618530273,0.16899999976158142
YBR074W,YJL155C,0,1.376973,0.1076517179608345,0.20399999618530273,0.16910000145435333
YCL052C,YLR020C,1,1.3768,0.10812236368656158,0.20499999821186066,0.16910000145435333
YJR019C,YGL144C,1,1.3755991,0.10859251767396927,0.20600000023841858,0.16910000145435333
YBR039W,YNL299W,0,1.3755256,0.1085352972149849,0.20600000023841858,0.16920000314712524
YER139C,YNL087W,0,1.3754423,0.10847814381122589,0.20600000023841858,0.16930000483989716
YGR140W,YLR299W,0,1.3752704,0.10842105001211166,0.20600000023841858,0.16940000653266907
YML025C,YOR016C,0,1.3751624,0.10836401581764221,0.20600000023841858,0.16949999332427979
YLR368W,YGR212W,0,1.3747677,0.10830704867839813,0.20600000023841858,0.1695999950170517
YBR265W,YCR017C,1,1.3746582,0.10877561569213867,0.2070000022649765,0.1695999950170517
YLR187W,YDR410C,0,1.3745571,0.10871848464012146,0.2070000022649765,0.1696999967098236
YCL043C,YOL070C,0,1.3745124,0.10866142064332962,0.2070000022649765,0.16979999840259552
YDR301W,YPL181W,0,1.3744878,0.10860440880060196,0.2070000022649765,0.16990000009536743
YOR363C,YCR017C,1,1.3743482,0.10907184332609177,0.20800000429153442,0.16990000009536743
YGL025C,YOR177C,0,1.3743039,0.10901467502117157,0.20800000429153442,0.17000000178813934
YNL316C,YPL098C,0,1.3742517,0.10895756632089615,0.20800000429153442,0.17010000348091125
YBR149W,YJL176C,0,1.3740581,0.1089005246758461,0.20800000429153442,0.17020000517368317
YKL149C,YMR164C,0,1.3740311,0.10884353518486023,0.20800000429153442,0.17030000686645508
YML049C,YDR179C,0,1.3738457,0.10878661274909973,0.20800000429153442,0.1703999936580658
YKL149C,YJR064W,0,1.3735412,0.10872974246740341,0.20800000429153442,0.1704999953508377
YGR077C,YDR142C,0,1.3734866,0.10867293924093246,0.20800000429153442,0.17059999704360962
YPL115C,YPR037C,0,1.3734612,0.1086161881685257,0.20800000429153442,0.17069999873638153
YHR082C,YOR359W,0,1.3733543,0.1085594967007637,0.20800000429153442,0.17080000042915344
YLR133W,YLR240W,1,1.3731784,0.1090245172381401,0.20900000631809235,0.17080000042915344
YOL076W,YML062C,0,1.3728482,0.10896767675876617,0.20900000631809235,0.17090000212192535
YOR301W,YNL177C,0,1.3727263,0.10891088843345642,0.20900000631809235,0.17100000381469727
YNR038W,YKL167C,0,1.3723769,0.10885416716337204,0.20900000631809235,0.17110000550746918
YLR080W,YOL013C,0,1.3723233,0.10879749804735184,0.20900000631809235,0.1712000072002411
YAL033W,YHR026W,0,1.372296,0.108740895986557,0.20900000631809235,0.1712999939918518
YIL023C,YBR301W,0,1.3718206,0.10868434607982635,0.20900000631809235,0.17139999568462372
YKL080W,YLR406C,0,1.3717186,0.10862785577774048,0.20900000631809235,0.17149999737739563
YFL025C,YNL009W,1,1.3716594,0.1090909093618393,0.20999999344348907,0.17149999737739563
YDR310C,YGR094W,0,1.3715495,0.10903427004814148,0.20999999344348907,0.17159999907016754
YGL049C,YDR164C,0,1.3714645,0.10897768288850784,0.20999999344348907,0.17170000076293945
YNL021W,YNL199C,0,1.3714099,0.10892116278409958,0.20999999344348907,0.17180000245571136
YLR376C,YPL224C,0,1.3712074,0.1088646948337555,0.20999999344348907,0.17190000414848328
YJL047C,YPL050C,0,1.3709644,0.10880828648805618,0.20999999344348907,0.1720000058412552
YDL044C,YPR100W,0,1.3709038,0.10875194519758224,0.20999999344348907,0.1720999926328659
YPR018W,YPL118W,0,1.3706892,0.10869564861059189,0.20999999344348907,0.17219999432563782
YBL084C,YOL043C,0,1.3705522,0.1086394190788269,0.20999999344348907,0.17229999601840973
YJL103C,YDR212W,0,1.3705417,0.1085832491517067,0.20999999344348907,0.17239999771118164
YMR154C,YDR079W,0,1.3703042,0.10852713137865067,0.20999999344348907,0.17249999940395355
YKL112W,YBR221C,0,1.3702464,0.10847107321023941,0.20999999344348907,0.17260000109672546
YDR497C,YCR088W,0,1.3701149,0.10841507464647293,0.20999999344348907,0.17270000278949738
YOR059C,YCR044C,1,1.3700999,0.10887512564659119,0.210999995470047,0.17270000278949738
YGL002W,YDR351W,0,1.3700166,0.10881897807121277,0.210999995470047,0.1728000044822693
YMR013C,YKL055C,1,1.369502,0.1092783510684967,0.21199999749660492,0.1728000044822693
YBL006C,YLL040C,0,1.3693422,0.10922204703092575,0.21199999749660492,0.1729000061750412
YBR044C,YBR234C,0,1.3692094,0.10916581004858017,0.21199999749660492,0.17299999296665192
YLR398C,YBR192W,0,1.3687978,0.10910962522029877,0.21199999749660492,0.17309999465942383
YDR172W,YBL052C,0,1.3686777,0.10905349999666214,0.21199999749660492,0.17319999635219574
YCR093W,YDR480W,0,1.3686091,0.10899742692708969,0.21199999749660492,0.17329999804496765
YPL175W,YKL150W,1,1.3684548,0.10945529490709305,0.21299999952316284,0.17329999804496765
YKL184W,YPL029W,0,1.3684198,0.10939907282590866,0.21299999952316284,0.17339999973773956
YKR022C,YLR417W,0,1.3681206,0.10934291779994965,0.21299999952316284,0.17350000143051147
YIL008W,YDL155W,0,1.3679523,0.10928681492805481,0.21299999952316284,0.1736000031232834
YDL155W,YDL092W,0,1.367829,0.10923077166080475,0.21299999952316284,0.1737000048160553
YDL171C,YEL027W,0,1.3675373,0.10917478054761887,0.21299999952316284,0.1738000065088272
YJL071W,YJL127C,0,1.3674687,0.10911884903907776,0.21299999952316284,0.17389999330043793
YFL034C-B,YDL175C,0,1.3673834,0.10906297713518143,0.21299999952316284,0.17399999499320984
YCR038C,YBR037C,0,1.3673438,0.10900716483592987,0.21299999952316284,0.17409999668598175
YPL224C,YLR404W,0,1.3670121,0.10895140469074249,0.21299999952316284,0.17419999837875366
YAL029C,YNL025C,0,1.3670062,0.10889570415019989,0.21299999952316284,0.17430000007152557
YMR002W,YAR014C,0,1.3670021,0.10884006321430206,0.21299999952316284,0.17440000176429749
YCR091W,YML064C,0,1.3669376,0.10878447443246841,0.21299999952316284,0.1745000034570694
YGL011C,YGR145W,0,1.3668429,0.10872894525527954,0.21299999952316284,0.1746000051498413
YDR127W,YPL178W,0,1.3668417,0.10867346823215485,0.21299999952316284,0.17470000684261322
YKL144C,YLR145W,0,1.3667017,0.10861805081367493,0.21299999952316284,0.17479999363422394
YER125W,YJL091C,1,1.3666766,0.10907237231731415,0.21400000154972076,0.17479999363422394
YDR375C,YOR157C,0,1.3664575,0.10901681333780289,0.21400000154972076,0.17489999532699585
YPL268W,YNL156C,1,1.3664513,0.10947047173976898,0.2150000035762787,0.17489999532699585
YDL105W,YBL046W,0,1.3662232,0.10941475629806519,0.2150000035762787,0.17499999701976776
YKL032C,YDR043C,0,1.3660691,0.10935910791158676,0.2150000035762787,0.17509999871253967
YDR407C,YMR173W,0,1.366001,0.10930350422859192,0.2150000035762787,0.17520000040531158
YLR363C,YER129W,0,1.365872,0.10924796760082245,0.2150000035762787,0.1753000020980835
YDR258C,YLR117C,0,1.3656555,0.10919248312711716,0.2150000035762787,0.1754000037908554
YGL172W,YLR409C,0,1.3654119,0.10913705825805664,0.2150000035762787,0.17550000548362732
YKR067W,YPL057C,1,1.3645369,0.10958904027938843,0.2160000056028366,0.17550000548362732
YER146W,YNL099C,0,1.3645176,0.10953346639871597,0.2160000056028366,0.17560000717639923
YBR002C,YAL051W,1,1.3644682,0.10998479276895523,0.21699999272823334,0.17560000717639923
YHR118C,YKL189W,0,1.3640541,0.10992907732725143,0.21699999272823334,0.17569999396800995
YGL208W,YKL119C,0,1.3639935,0.10987341403961182,0.21699999272823334,0.17579999566078186
YDR007W,YER101C,0,1.3639395,0.10981781035661697,0.21699999272823334,0.17589999735355377
YNR017W,YGL044C,0,1.3638048,0.1097622662782669,0.21699999272823334,0.17599999904632568
YJL020C,YHR082C,0,1.3637981,0.10970677435398102,0.21699999272823334,0.1761000007390976
YBR149W,YEL027W,0,1.3636898,0.1096513420343399,0.21699999272823334,0.1762000024318695
YKR010C,YBR059C,0,1.363664,0.10959596186876297,0.21699999272823334,0.17630000412464142
YDR184C,YMR005W,0,1.3635856,0.10954063385725021,0.21699999272823334,0.17640000581741333
YDL126C,YCR035C,0,1.3635751,0.10948536545038223,0.21699999272823334,0.17649999260902405
YNL137C,YER032W,0,1.363515,0.10943015664815903,0.21699999272823334,0.17659999430179596
YOL033W,YDL216C,0,1.363398,0.109375,0.21699999272823334,0.17669999599456787
YJR140C,YNL192W,0,1.3630733,0.10931990295648575,0.21699999272823334,0.17679999768733978
YFL008W,YHL034C,0,1.3630055,0.10926485061645508,0.21699999272823334,0.1768999993801117
YDL098C,YJR035W,0,1.3629271,0.10920986533164978,0.21699999272823334,0.1770000010728836
YGL070C,YPR110C,0,1.3625954,0.10915493220090866,0.21699999272823334,0.17710000276565552
YCL001W,YOL148C,0,1.3622657,0.10910005122423172,0.21699999272823334,0.17720000445842743
YDR039C,YBR234C,0,1.3622278,0.10904522985219955,0.21699999272823334,0.17730000615119934
YPR169W,YGR155W,0,1.3621856,0.10899046063423157,0.21699999272823334,0.17739999294281006
YMR272C,YNL038W,1,1.3620832,0.10943774878978729,0.21799999475479126,0.17739999294281006
YKL069W,YMR241W,0,1.3620318,0.10938283801078796,0.21799999475479126,0.17749999463558197
YGR178C,YJR113C,0,1.3619996,0.10932798683643341,0.21799999475479126,0.17759999632835388
YGR216C,YKL165C,1,1.3617202,0.10977443307638168,0.21899999678134918,0.17759999632835388
YNL231C,YGR143W,1,1.3617194,0.11022043973207474,0.2199999988079071,0.17759999632835388
YGR082W,YML080W,0,1.3615723,0.11016524583101273,0.2199999988079071,0.1776999980211258
YDR041W,YER104W,0,1.3612889,0.11011011153459549,0.2199999988079071,0.1777999997138977
YDL091C,YHR150W,0,1.3612102,0.11005502939224243,0.2199999988079071,0.17790000140666962
YDR392W,YIR028W,0,1.3611624,0.10999999940395355,0.2199999988079071,0.17800000309944153
YGR216C,YLR020C,1,1.3611015,0.11044477671384811,0.22100000083446503,0.17800000309944153
YOR311C,YOL011W,1,1.3610455,0.11088911443948746,0.22200000286102295,0.17800000309944153
YKR002W,YDR259C,0,1.3610095,0.11083374917507172,0.22200000286102295,0.17810000479221344
YER146W,YNL030W,0,1.361,0.11077844351530075,0.22200000286102295,0.17820000648498535
YOR371C,YBR229C,0,1.3609539,0.11072319000959396,0.22200000286102295,0.17829999327659607
YDR423C,YMR227C,0,1.3608804,0.11066799610853195,0.22200000286102295,0.17839999496936798
YBR003W,YGL126W,1,1.3607495,0.1111111119389534,0.22300000488758087,0.17839999496936798
YDR216W,YJR125C,0,1.3606342,0.11105577647686005,0.22300000488758087,0.1784999966621399
YEL019C,YHR059W,0,1.3605822,0.11100050061941147,0.22300000488758087,0.1785999983549118
YFR031C,YBR188C,0,1.3605528,0.11094527691602707,0.22300000488758087,0.17870000004768372
YDR406W,YPL084W,0,1.3602133,0.11089010536670685,0.22300000488758087,0.17880000174045563
YGL026C,YNL079C,0,1.3600839,0.1108349934220314,0.22300000488758087,0.17890000343322754
YER019C-A,YNL005C,0,1.3595772,0.11077993363142014,0.22300000488758087,0.17900000512599945
YBR074W,YDL232W,0,1.3594239,0.11072492599487305,0.22300000488758087,0.17910000681877136
YNL199C,YDR045C,0,1.3594084,0.11066997796297073,0.22300000488758087,0.17919999361038208
YJL047C,YJR131W,0,1.3592248,0.1106150820851326,0.22300000488758087,0.179299995303154
YHR200W,YGL020C,0,1.3591536,0.11056023836135864,0.22300000488758087,0.1793999969959259
YGL099W,YOR335C,0,1.3587768,0.11050545424222946,0.22300000488758087,0.17949999868869781
YDR009W,YNL258C,0,1.3587213,0.11045071482658386,0.22300000488758087,0.17960000038146973
YNL251C,YOR178C,0,1.358476,0.11039604246616364,0.22300000488758087,0.17970000207424164
YHL011C,YDR168W,0,1.358291,0.11034141480922699,0.22300000488758087,0.17980000376701355
YKR077W,YER104W,0,1.3582264,0.11028684675693512,0.22300000488758087,0.17990000545978546
YML049C,YJL123C,0,1.3581331,0.11023233085870743,0.22300000488758087,0.18000000715255737
YOR319W,YIL048W,0,1.3578126,0.11017786711454391,0.22300000488758087,0.1800999939441681
YPR159W,YBR127C,0,1.357434,0.11012345552444458,0.22300000488758087,0.18019999563694
YMR091C,YJL076W,0,1.3572801,0.11006910353899002,0.22300000488758087,0.18029999732971191
YNL232W,YGL037C,0,1.3570954,0.11001480370759964,0.22300000488758087,0.18039999902248383
YLR256W,YDR211W,0,1.3568928,0.10996054857969284,0.22300000488758087,0.18050000071525574
YBL079W,YDR293C,0,1.3565751,0.10990636050701141,0.22300000488758087,0.18060000240802765
YCR060W,YDL103C,0,1.3564708,0.10985221713781357,0.22300000488758087,0.18070000410079956
YGR215W,YDR105C,0,1.3562683,0.1097981259226799,0.22300000488758087,0.18080000579357147
YOR058C,YFR040W,0,1.3560383,0.10974409431219101,0.22300000488758087,0.1808999925851822
YMR268C,YGR084C,0,1.3556935,0.1096901148557663,0.22300000488758087,0.1809999942779541
YGR036C,YGL144C,1,1.35565,0.11012782901525497,0.2240000069141388,0.1809999942779541
YPL011C,YLR145W,0,1.3554277,0.11007370799779892,0.2240000069141388,0.181099995970726
YKR046C,YDR530C,0,1.3553513,0.11001964658498764,0.2240000069141388,0.18119999766349792
YBR061C,YJR043C,0,1.3552568,0.10996563732624054,0.2240000069141388,0.18129999935626984
YBL091C,YIL129C,0,1.3552185,0.10991168022155762,0.2240000069141388,0.18140000104904175
YNL275W,YHR014W,0,1.3551847,0.10985777527093887,0.2240000069141388,0.18150000274181366
YKL114C,YPR060C,0,1.355183,0.10980392247438431,0.2240000069141388,0.18160000443458557
YBR281C,YOR353C,0,1.3551372,0.10975012183189392,0.2240000069141388,0.18170000612735748
YHR091C,YMR182C,0,1.3550898,0.10969637334346771,0.2240000069141388,0.1817999929189682
YDL020C,YLL036C,0,1.3549986,0.10964268445968628,0.2240000069141388,0.1818999946117401
YDR296W,YNR035C,0,1.3549868,0.10958904027938843,0.2240000069141388,0.18199999630451202
YBR091C,YLR299W,0,1.3548298,0.10953545570373535,0.2240000069141388,0.18209999799728394
YGL180W,YNR048W,0,1.3543899,0.10948191583156586,0.2240000069141388,0.18219999969005585
YDR119W,YGR264C,0,1.3543735,0.10942843556404114,0.2240000069141388,0.18230000138282776
YGR175C,YHR039C,1,1.3540543,0.10986328125,0.22499999403953552,0.18230000138282776
YGR209C,YPR029C,0,1.3537722,0.10980966687202454,0.22499999403953552,0.18240000307559967
YDR302W,YJL134W,1,1.353716,0.11024390161037445,0.22599999606609344,0.18240000307559967
YDR480W,YJR119C,0,1.3536853,0.11019015312194824,0.22599999606609344,0.18250000476837158
YER023W,YJR123W,0,1.3536545,0.11013644933700562,0.22599999606609344,0.1826000064611435
YBR120C,YDL117W,0,1.3535384,0.11008280515670776,0.22599999606609344,0.1826999932527542
YPR068C,YOR113W,0,1.3533221,0.11002921313047409,0.22599999606609344,0.18279999494552612
YOL028C,YLR314C,0,1.3532625,0.109975665807724,0.22599999606609344,0.18289999663829803
YJL196C,YGR216C,1,1.3531829,0.11040855944156647,0.22699999809265137,0.18289999663829803
YGL122C,YCR033W,0,1.3531059,0.11035488545894623,0.22699999809265137,0.18299999833106995
YIL135C,YGR010W,0,1.3527588,0.11030126363039017,0.22699999809265137,0.18310000002384186
YDR472W,YOR115C,0,1.3525636,0.11024769395589828,0.22699999809265137,0.18320000171661377
YER167W,YGL051W,0,1.3525053,0.11019417643547058,0.22699999809265137,0.18330000340938568
YKL020C,YKL055C,1,1.3524269,0.11062590777873993,0.2280000001192093,0.18330000340938568
YGR098C,YOL012C,0,1.3523524,0.11057226359844208,0.2280000001192093,0.1834000051021576
YDR381W,YGR240C,0,1.3523225,0.11051866412162781,0.2280000001192093,0.1835000067949295
YHR114W,YDR515W,0,1.352286,0.11046511679887772,0.2280000001192093,0.18359999358654022
YPL078C,YJL117W,0,1.3522679,0.1104116216301918,0.2280000001192093,0.18369999527931213
YOR158W,YOL078W,0,1.3521414,0.11035817861557007,0.2280000001192093,0.18379999697208405
YOR130C,YFR042W,0,1.3519051,0.11030478775501251,0.2280000001192093,0.18389999866485596
YJL047C,YDL154W,0,1.3512855,0.11025144904851913,0.2280000001192093,0.18400000035762787
YLR409C,YOL021C,0,1.3512152,0.11019816249608994,0.2280000001192093,0.18410000205039978
YEL051W,YDR198C,0,1.3509222,0.11014492809772491,0.2280000001192093,0.1842000037431717
YKR006C,YOR194C,0,1.3508884,0.11009174585342407,0.2280000001192093,0.1843000054359436
YLR133W,YNL038W,1,1.3504833,0.11052123457193375,0.2290000021457672,0.1843000054359436
YJR086W,YDL150W,0,1.3503526,0.11046791821718216,0.2290000021457672,0.18440000712871552
YOR195W,YGL044C,0,1.3502369,0.11041465401649475,0.2290000021457672,0.18449999392032623
YMR123W,YDR394W,0,1.3497368,0.11036144942045212,0.2290000021457672,0.18459999561309814
YBR093C,YDL134C,0,1.3491342,0.11030828207731247,0.2290000021457672,0.18469999730587006
YGR095C,YMR123W,0,1.3490276,0.1102551743388176,0.2290000021457672,0.18479999899864197
YIL135C,YLR440C,0,1.3490204,0.1102021187543869,0.2290000021457672,0.18490000069141388
YDR143C,YKL094W,0,1.3488976,0.11014910787343979,0.2290000021457672,0.1850000023841858
YOL082W,YMR172W,0,1.3488599,0.11009615659713745,0.2290000021457672,0.1851000040769577
YDR084C,YCR008W,0,1.3486818,0.1100432500243187,0.2290000021457672,0.18520000576972961
YPL045W,YBL063W,0,1.3486208,0.10999039560556412,0.2290000021457672,0.18529999256134033
YPL002C,YDR527W,0,1.3485256,0.10993759334087372,0.2290000021457672,0.18539999425411224
YDR291W,YLR081W,0,1.3485136,0.1098848357796669,0.2290000021457672,0.18549999594688416
YBR095C,YDR310C,0,1.3483758,0.10983213782310486,0.2290000021457672,0.18559999763965607
YHR050W,YIL006W,0,1.348319,0.1097794845700264,0.2290000021457672,0.18569999933242798
YDL147W,YOL058W,0,1.348009,0.10972688347101212,0.2290000021457672,0.1858000010251999
YHR062C,YDR324C,0,1.3478392,0.10967432707548141,0.2290000021457672,0.1859000027179718
YLR007W,YIL061C,0,1.3478023,0.10962183028459549,0.2290000021457672,0.1860000044107437
YOR295W,YBR293W,0,1.347782,0.10956937819719315,0.2290000021457672,0.18610000610351562
YDR078C,YGL094C,0,1.3477435,0.10951697826385498,0.2290000021457672,0.18619999289512634
YGR080W,YHL027W,0,1.3476611,0.109464630484581,0.2290000021457672,0.18629999458789825
YDR538W,YGR185C,0,1.3476303,0.10941232740879059,0.2290000021457672,0.18639999628067017
YKL022C,YLR226W,0,1.3474962,0.10936007648706436,0.2290000021457672,0.18649999797344208
YIL016W,YGL070C,0,1.347373,0.10930787771940231,0.2290000021457672,0.186599999666214
YKL139W,YDR099W,0,1.3473542,0.10925572365522385,0.2290000021457672,0.1867000013589859
YBR290W,YGL201C,0,1.3469576,0.10920362174510956,0.2290000021457672,0.1868000030517578
YJL210W,YER087C-B,0,1.3467342,0.10915157198905945,0.2290000021457672,0.18690000474452972
YDL155W,YOR128C,0,1.3466789,0.10909957438707352,0.2290000021457672,0.18700000643730164
YLR070C,YJL035C,0,1.3466097,0.10904762148857117,0.2290000021457672,0.18709999322891235
YJL100W,YOR002W,1,1.3465486,0.10947167873382568,0.23000000417232513,0.18709999322891235
YJR057W,YBR295W,0,1.3464972,0.10941959917545319,0.23000000417232513,0.18719999492168427
YDL189W,YLR451W,0,1.3464665,0.10936757177114487,0.23000000417232513,0.18729999661445618
YGL241W,YOR327C,0,1.3464143,0.10931558907032013,0.23000000417232513,0.1873999983072281
YCR030C,YPR083W,0,1.3463445,0.10926365852355957,0.23000000417232513,0.1875
YCR093W,YBR200W,0,1.3462744,0.10921177268028259,0.23000000417232513,0.1876000016927719
YLR017W,YBR127C,0,1.3461915,0.10915994644165039,0.23000000417232513,0.18770000338554382
YHR039C-A,YPL050C,0,1.3460269,0.10910815745592117,0.23000000417232513,0.18780000507831573
YDL087C,YNL315C,0,1.3459235,0.10905642807483673,0.23000000417232513,0.18790000677108765
YOR236W,YPL002C,0,1.345704,0.10900473594665527,0.23000000417232513,0.18799999356269836
YLR118C,YCR017C,1,1.345608,0.10942681133747101,0.23100000619888306,0.18799999356269836
YMR060C,YER162C,0,1.3455657,0.109375,0.23100000619888306,0.18809999525547028
YMR296C,YDL015C,1,1.3453982,0.10979649424552917,0.23199999332427979,0.18809999525547028
YCL001W,YBL067C,0,1.3453382,0.10974456369876862,0.23199999332427979,0.1881999969482422
YOR355W,YLR105C,0,1.3451837,0.10969267040491104,0.23199999332427979,0.1882999986410141
YOR078W,YFL018C,0,1.3449193,0.10964082926511765,0.23199999332427979,0.188400000333786
YPL100W,YOR205C,0,1.3449093,0.10958904027938843,0.23199999332427979,0.18850000202655792
YOR363C,YOR109W,1,1.344768,0.11000943928956985,0.2329999953508377,0.18850000202655792
YOL055C,YHR059W,0,1.3446442,0.10995752364397049,0.2329999953508377,0.18860000371932983
YOR190W,YDR151C,0,1.344639,0.1099056601524353,0.2329999953508377,0.18870000541210175
YBR043C,YJR101W,0,1.3444028,0.1098538413643837,0.2329999953508377,0.18880000710487366
YBR149W,YPL053C,0,1.3440901,0.10980207473039627,0.2329999953508377,0.18889999389648438
YIL042C,YPL179W,0,1.3439372,0.10975035279989243,0.2329999953508377,0.1889999955892563
YGL053W,YPR025C,0,1.3439163,0.10969868302345276,0.2329999953508377,0.1890999972820282
YOR048C,YGR087C,0,1.3436457,0.10964705795049667,0.2329999953508377,0.1891999989748001
YGR157W,YPR128C,1,1.3436052,0.11006585508584976,0.23399999737739563,0.1891999989748001
YBR282W,YJR119C,0,1.3432649,0.11001410335302353,0.23399999737739563,0.18930000066757202
YMR175W,YJL013C,0,1.3432163,0.10996240377426147,0.23399999737739563,0.18940000236034393
YLR017W,YMR271C,0,1.3428837,0.1099107563495636,0.23399999737739563,0.18950000405311584
YBR026C,YHR001W,1,1.3427516,0.11032863706350327,0.23499999940395355,0.18950000405311584
YGR209C,YPR143W,0,1.342378,0.11027686297893524,0.23499999940395355,0.18960000574588776
YNR010W,YKR060W,0,1.342333,0.1102251410484314,0.23499999940395355,0.18970000743865967
YGL190C,YPL012W,0,1.3422793,0.11017346382141113,0.23499999940395355,0.18979999423027039
YKR035W-A,YOL009C,0,1.3422017,0.11012183874845505,0.23499999940395355,0.1898999959230423
YLR369W,YHR103W,0,1.3421568,0.11007025837898254,0.23499999940395355,0.1899999976158142
YMR024W,YKL166C,0,1.3420044,0.11001873016357422,0.23499999940395355,0.19009999930858612
YDR394W,YOL026C,0,1.3418792,0.10996724665164948,0.23499999940395355,0.19020000100135803
YLR369W,YBL009W,0,1.341878,0.10991580784320831,0.23499999940395355,0.19030000269412994
YMR019W,YNL154C,0,1.3417574,0.10986442118883133,0.23499999940395355,0.19040000438690186
YOR191W,YNL059C,0,1.34169,0.10981308668851852,0.23499999940395355,0.19050000607967377
YDR098C,YER159C,0,1.3414158,0.1097617968916893,0.23499999940395355,0.19059999287128448
YDR294C,YHR073W,1,1.3411921,0.1101774051785469,0.23600000143051147,0.19059999287128448
YIL076W,YPR125W,0,1.3409592,0.11012598872184753,0.23600000143051147,0.1906999945640564
YMR115W,YIL085C,0,1.3408638,0.11007462441921234,0.23600000143051147,0.1907999962568283
YDR180W,YFR052W,0,1.3407604,0.11002331227064133,0.23600000143051147,0.19089999794960022
YOL060C,YLL048C,0,1.3407444,0.1099720373749733,0.23600000143051147,0.19099999964237213
YLR277C,YGL043W,0,1.3407398,0.10992082208395004,0.23600000143051147,0.19110000133514404
YDL243C,YKL067W,0,1.3404913,0.10986964404582977,0.23600000143051147,0.19120000302791595
YDR202C,YGR142W,0,1.3403028,0.10981851816177368,0.23600000143051147,0.19130000472068787
YKL120W,YER073W,0,1.3400464,0.10976744443178177,0.23600000143051147,0.19140000641345978
YLR260W,YOR245C,1,1.340005,0.1101813092827797,0.2370000034570694,0.19140000641345978
YOR301W,YIL088C,0,1.339842,0.11013010889291763,0.2370000034570694,0.1914999932050705
YIL133C,YBR145W,0,1.339645,0.11007896065711975,0.2370000034570694,0.1915999948978424
YGL139W,YGL076C,0,1.3392006,0.11002785712480545,0.2370000034570694,0.19169999659061432
YDR207C,YHR005C,0,1.3391725,0.10997679829597473,0.2370000034570694,0.19179999828338623
YJR151C,YKL134C,0,1.3388788,0.10992579162120819,0.2370000034570694,0.19189999997615814
YPL145C,YNL169C,1,1.3388071,0.11033843457698822,0.23800000548362732,0.19189999997615814
YKL160W,YOL122C,0,1.3387476,0.11028730124235153,0.23800000548362732,0.19200000166893005
YLR020C,YLR240W,1,1.3384775,0.11069940030574799,0.23899999260902405,0.19200000166893005
YKR028W,YHR062C,0,1.3384451,0.11064814776182175,0.23899999260902405,0.19210000336170197
YHR083W,YFR047C,0,1.3383548,0.11059694737195969,0.23899999260902405,0.19220000505447388
YOL137W,YER183C,0,1.338123,0.11054579168558121,0.23899999260902405,0.1923000067472458
YGL071W,YGL166W,0,1.33808,0.11049468070268631,0.23899999260902405,0.1923999935388565
YBR006W,YMR216C,0,1.3378499,0.11044362187385559,0.23899999260902405,0.19249999523162842
YOL096C,YIL129C,0,1.3378066,0.11039260774850845,0.23899999260902405,0.19259999692440033
YHR133C,YCL052C,1,1.3376104,0.11080332100391388,0.23999999463558197,0.19259999692440033
YOL044W,YNL133C,0,1.3373836,0.11075219511985779,0.23999999463558197,0.19269999861717224
YML107C,YJR131W,0,1.3370893,0.11070110648870468,0.23999999463558197,0.19280000030994415
YPR061C,YOR060C,0,1.3367808,0.11065007001161575,0.23999999463558197,0.19290000200271606
YOR026W,YHR037W,0,1.3367639,0.1105990782380104,0.23999999463558197,0.19300000369548798
YGL017W,YML111W,0,1.3366612,0.11054813116788864,0.23999999463558197,0.1931000053882599
YPR167C,YGR275W,0,1.3366383,0.11049723625183105,0.23999999463558197,0.1932000070810318
YCL001W,YDR409W,0,1.3366328,0.11044638603925705,0.23999999463558197,0.19329999387264252
YAL009W,YGR098C,0,1.3365948,0.11039558053016663,0.23999999463558197,0.19339999556541443
YJR021C,YMR153W,0,1.3360767,0.11034482717514038,0.23999999463558197,0.19349999725818634
YER048C,YGL073W,0,1.3357632,0.11029411852359772,0.23999999463558197,0.19359999895095825
YPL127C,YOR274W,0,1.3355983,0.11024345457553864,0.23999999463558197,0.19370000064373016
YPL218W,YLR103C,0,1.3355913,0.11019283533096313,0.23999999463558197,0.19380000233650208
YDL171C,YPL104W,0,1.3355452,0.11014226824045181,0.23999999463558197,0.193900004029274
YAL014C,YOL145C,0,1.3354014,0.11009174585342407,0.23999999463558197,0.1940000057220459
YLL027W,YNL288W,0,1.3353304,0.11004126816987991,0.23999999463558197,0.1941000074148178
YIL099W,YMR172W,0,1.3352515,0.10999083518981934,0.23999999463558197,0.19419999420642853
YOR101W,YKL002W,0,1.3349881,0.10994044691324234,0.23999999463558197,0.19429999589920044
YLR362W,YPL169C,0,1.3347282,0.10989011079072952,0.23999999463558197,0.19439999759197235
YPL021W,YMR063W,0,1.3344586,0.10983981937170029,0.23999999463558197,0.19449999928474426
YJR002W,YFL018C,0,1.3344005,0.10978957265615463,0.23999999463558197,0.19460000097751617
YOR301W,YML032C,0,1.3342642,0.10973937064409256,0.23999999463558197,0.19470000267028809
YOL144W,YGL006W,0,1.3342143,0.10968921333551407,0.23999999463558197,0.19480000436306
YDR287W,YEL024W,0,1.3341848,0.10963910818099976,0.23999999463558197,0.1949000060558319
YLR229C,YOR073W,0,1.334078,0.10958904027938843,0.23999999463558197,0.19499999284744263
YGL097W,YKL073W,0,1.3336085,0.10953902453184128,0.23999999463558197,0.19509999454021454
YLR155C,YFL003C,0,1.3330551,0.10948905348777771,0.23999999463558197,0.19519999623298645
YFL057C,YIL122W,0,1.3327434,0.10943912714719772,0.23999999463558197,0.19529999792575836
YLR028C,YKR036C,0,1.3327314,0.10938924551010132,0.23999999463558197,0.19539999961853027
YKR089C,YNL264C,1,1.3325613,0.1097949892282486,0.2409999966621399,0.19539999961853027
YLR337C,YNL085W,0,1.3325464,0.10974498838186264,0.2409999966621399,0.19550000131130219
YJL167W,YDR284C,1,1.3324095,0.11015020310878754,0.24199999868869781,0.19550000131130219
YDR407C,YGR268C,0,1.3323504,0.11010009050369263,0.24199999868869781,0.1956000030040741
YKR071C,YAL030W,0,1.3322741,0.1100500226020813,0.24199999868869781,0.195700004696846
YML110C,YDR243C,0,1.3322397,0.10999999940395355,0.24199999868869781,0.19580000638961792
YPR198W,YDR470C,0,1.3320407,0.10995002090930939,0.24199999868869781,0.19589999318122864
YDR512C,YMR228W,0,1.3319764,0.1099000871181488,0.24199999868869781,0.19599999487400055
YLR183C,YKL113C,0,1.3318412,0.1098502054810524,0.24199999868869781,0.19609999656677246
YLR220W,YIL061C,0,1.3318172,0.10980036109685898,0.24199999868869781,0.19619999825954437
YGR193C,YLR259C,0,1.3317156,0.10975056886672974,0.24199999868869781,0.19629999995231628
YKL051W,YGR007W,1,1.3314595,0.11015412211418152,0.24300000071525574,0.19629999995231628
YGR209C,YPL002C,0,1.3313367,0.11010421067476273,0.24300000071525574,0.1964000016450882
YIL122W,YDL202W,0,1.3310959,0.11005435138940811,0.24300000071525574,0.1965000033378601
YGL220W,YIL139C,0,1.3310529,0.11000452935695648,0.24300000071525574,0.19660000503063202
YFL021W,YLR033W,0,1.3310413,0.10995475202798843,0.24300000071525574,0.19670000672340393
YFR042W,YKR065C,0,1.3309098,0.10990501940250397,0.24300000071525574,0.19679999351501465
YFR049W,YMR156C,0,1.3307365,0.10985533148050308,0.24300000071525574,0.19689999520778656
YNL223W,YMR137C,0,1.3306592,0.10980569571256638,0.24300000071525574,0.19699999690055847
YDL047W,YJR053W,0,1.3301731,0.10975609719753265,0.24300000071525574,0.19709999859333038
YML110C,YOR106W,0,1.3301326,0.10970654338598251,0.24300000071525574,0.1972000002861023
YOR110W,YLL021W,0,1.3300973,0.10965704172849655,0.24300000071525574,0.1973000019788742
YBR258C,YHR062C,0,1.3300723,0.10960757732391357,0.24300000071525574,0.19740000367164612
YKL145W,YGL134W,0,1.3299118,0.10955815762281418,0.24300000071525574,0.19750000536441803
YJR070C,YGR090W,0,1.3297156,0.10950879007577896,0.24300000071525574,0.19760000705718994
YJR019C,YOR100C,1,1.329686,0.10990990698337555,0.24400000274181366,0.19760000705718994
YDR430C,YPL004C,0,1.3296531,0.10986042022705078,0.24400000274181366,0.19769999384880066
YNL055C,YPL013C,0,1.3294806,0.1098109781742096,0.24400000274181366,0.19779999554157257
YHR123W,YER026C,1,1.329413,0.11021142452955246,0.24500000476837158,0.19779999554157257
YBL025W,YPR180W,0,1.3293523,0.11016187071800232,0.24500000476837158,0.19789999723434448
YGR209C,YNL233W,0,1.3291311,0.11011236160993576,0.24500000476837158,0.1979999989271164
YHR168W,YOR115C,0,1.3290409,0.11006288975477219,0.24500000476837158,0.1981000006198883
YDR123C,YLR240W,1,1.3290273,0.11046250909566879,0.2460000067949295,0.1981000006198883
YDR453C,YHR006W,0,1.3290108,0.11041292548179626,0.2460000067949295,0.19820000231266022
YLR442C,YOR193W,0,1.3288413,0.11036339402198792,0.2460000067949295,0.19830000400543213
YKR019C,YBR042C,1,1.3287836,0.1107623353600502,0.24699999392032623,0.19830000400543213
YDL135C,YJL130C,0,1.3286155,0.1107126846909523,0.24699999392032623,0.19840000569820404
YOR099W,YNR013C,0,1.3285726,0.11066307872533798,0.24699999392032623,0.19850000739097595
YDR500C,YOR243C,0,1.3280455,0.11061352491378784,0.24699999392032623,0.19859999418258667
YLL002W,YOL034W,0,1.3278968,0.11056400835514069,0.24699999392032623,0.19869999587535858
YBR280C,YNR048W,0,1.3276987,0.11051454395055771,0.24699999392032623,0.1987999975681305
YER021W,YGL131C,0,1.3276664,0.11046511679887772,0.24699999392032623,0.1988999992609024
YOR033C,YOR360C,0,1.327663,0.1104157343506813,0.24699999392032623,0.19900000095367432
YGL038C,YNL243W,0,1.3276123,0.11036639660596848,0.24699999392032623,0.19910000264644623
YDR057W,YKR025W,0,1.3275894,0.11031710356473923,0.24699999392032623,0.19920000433921814
YGL259W,YGR057C,0,1.3275235,0.11026785522699356,0.24699999392032623,0.19930000603199005
YDL078C,YOR109W,1,1.327284,0.11066488176584244,0.24799999594688416,0.19930000603199005
YDR082W,YBR107C,0,1.3271579,0.11061552166938782,0.24799999594688416,0.19939999282360077
YFR010W,YML028W,0,1.326731,0.11056620627641678,0.24799999594688416,0.19949999451637268
YLR138W,YFR044C,0,1.3266929,0.11051693558692932,0.24799999594688416,0.1995999962091446
YGL092W,YGR056W,0,1.3266821,0.11046770960092545,0.24799999594688416,0.1996999979019165
YDR041W,YCR008W,0,1.3266188,0.11041852086782455,0.24799999594688416,0.19979999959468842
YCR035C,YPR100W,0,1.3266021,0.11036938428878784,0.24799999594688416,0.19990000128746033
YDR304C,YNL160W,0,1.3265578,0.11032028496265411,0.24799999594688416,0.20000000298023224
YKR085C,YDR438W,0,1.3264533,0.11027123034000397,0.24799999594688416,0.20010000467300415
YHR176W,YPR018W,0,1.3262929,0.1102222204208374,0.24799999594688416,0.20020000636577606
YKR086W,YFL016C,0,1.326255,0.11017325520515442,0.24799999594688416,0.20029999315738678
YOR357C,YPL167C,0,1.3262235,0.11012433469295502,0.24799999594688416,0.2003999948501587
YJR021C,YML036W,0,1.3260889,0.1100754514336586,0.24799999594688416,0.2004999965429306
YMR014W,YDR171W,0,1.3260723,0.11002662032842636,0.24799999594688416,0.20059999823570251
YLR138W,YJL168C,0,1.3259743,0.1099778264760971,0.24799999594688416,0.20069999992847443
YHR179W,YER072W,0,1.3256202,0.10992907732725143,0.24799999594688416,0.20080000162124634
YCR003W,YJL176C,0,1.3255881,0.10988037288188934,0.24799999594688416,0.20090000331401825
YKL126W,YOL151W,1,1.325576,0.11027457565069199,0.24899999797344208,0.20090000331401825
YOR253W,YMR260C,0,1.3255724,0.11022576689720154,0.24899999797344208,0.20100000500679016
YDR482C,YER058W,0,1.3255082,0.11017698794603348,0.24899999797344208,0.20110000669956207
YOL059W,YJL076W,0,1.325246,0.1101282611489296,0.24899999797344208,0.2011999934911728
YCR060W,YFR024C-A,0,1.3252243,0.1100795790553093,0.24899999797344208,0.2012999951839447
YKL074C,YDR017C,0,1.3251412,0.11003093421459198,0.24899999797344208,0.2013999968767166
YGL166W,YOR259C,0,1.324956,0.10998233407735825,0.24899999797344208,0.20149999856948853
YBR276C,YHR175W,0,1.3249387,0.1099337711930275,0.24899999797344208,0.20160000026226044
YKL194C,YPR083W,0,1.3244377,0.10988526046276093,0.24899999797344208,0.20170000195503235
YGL026C,YPR149W,0,1.324417,0.10983678698539734,0.24899999797344208,0.20180000364780426
YER005W,YDL015C,1,1.32433,0.11022927612066269,0.25,0.20180000364780426
YLR070C,YLR210W,0,1.3241154,0.11018069833517075,0.25,0.20190000534057617
YDR051C,YPL063W,0,1.3240124,0.11013215780258179,0.25,0.20200000703334808
YPL176C,YLR321C,0,1.323834,0.11008366197347641,0.25,0.2020999938249588
YJL177W,YJL159W,0,1.3236233,0.11003521084785461,0.25,0.2021999955177307
YIL097W,YDR439W,0,1.3236054,0.1099868044257164,0.25,0.20229999721050262
YIL033C,YLR080W,0,1.3234996,0.10993843525648117,0.25,0.20239999890327454
YPL190C,YMR234W,0,1.32343,0.10989011079072952,0.25,0.20250000059604645
YPL112C,YLR453C,0,1.3234192,0.10984183102846146,0.25,0.20260000228881836
YFR019W,YLL031C,1,1.3233436,0.11023276299238205,0.25099998712539673,0.20260000228881836
YLR105C,YOR030W,0,1.3225985,0.11018437147140503,0.25099998712539673,0.20270000398159027
YMR072W,YLL002W,0,1.322311,0.11013602465391159,0.25099998712539673,0.20280000567436218
YMR060C,YML118W,0,1.3222146,0.11008772253990173,0.25099998712539673,0.2029000073671341
YHR158C,YDR308C,0,1.3221653,0.11003945767879486,0.25099998712539673,0.2029999941587448
YKL176C,YDL072C,0,1.3220438,0.10999123752117157,0.25099998712539673,0.20309999585151672
YLR181C,YGR068C,0,1.3218997,0.10994305461645126,0.25099998712539673,0.20319999754428864
YNL214W,YDR235W,0,1.3217951,0.10989492386579514,0.25099998712539673,0.20329999923706055
YKL053C-A,YPL227C,0,1.3217682,0.10984683036804199,0.25099998712539673,0.20340000092983246
YJR019C,YOR002W,1,1.3217347,0.11023622006177902,0.25200000405311584,0.20340000092983246
YKR079C,YEL051W,0,1.3216925,0.11018802225589752,0.25200000405311584,0.20350000262260437
YOR005C,YAL029C,0,1.3216866,0.110139861702919,0.25200000405311584,0.20360000431537628
YHR085W,YOR261C,0,1.3214915,0.11009174585342407,0.25200000405311584,0.2037000060081482
YDL104C,YML099C,0,1.3214618,0.11004366725683212,0.25200000405311584,0.2037999927997589
YER087C-B,YLR390W,0,1.321251,0.10999563336372375,0.25200000405311584,0.20389999449253082
YGL139W,YNL222W,0,1.3210509,0.10994764417409897,0.25200000405311584,0.20399999618530273
YKR056W,YGL004C,0,1.3208947,0.10989969223737717,0.25200000405311584,0.20409999787807465
YNR059W,YDR287W,0,1.3208722,0.10985178500413895,0.25200000405311584,0.20419999957084656
YOR197W,YAL026C,0,1.3206911,0.10980392247438431,0.25200000405311584,0.20430000126361847
YPL087W,YNL219C,1,1.3206617,0.11019163578748703,0.2529999911785126,0.20430000126361847
YOL051W,YOR301W,0,1.320621,0.11014366894960403,0.2529999911785126,0.20440000295639038
YDR414C,YJL137C,0,1.3206182,0.11009573191404343,0.2529999911785126,0.2045000046491623
YOR180C,YPL069C,1,1.3205652,0.11048281937837601,0.2540000081062317,0.2045000046491623
YOR098C,YLR321C,0,1.320462,0.11043478548526764,0.2540000081062317,0.2046000063419342
YDL232W,YBR211C,0,1.319939,0.11038678884506226,0.2540000081062317,0.20469999313354492
YLR295C,YGR097W,0,1.3199006,0.11033883690834045,0.2540000081062317,0.20479999482631683
YNL275W,YLR071C,0,1.3196138,0.11029092222452164,0.2540000081062317,0.20489999651908875
YKL005C,YBR254C,0,1.3195565,0.1102430522441864,0.2540000081062317,0.20499999821186066
YDR127W,YOR247W,0,1.3194783,0.11019522696733475,0.2540000081062317,0.20509999990463257
YNL023C,YDR110W,0,1.3194463,0.11014743894338608,0.2540000081062317,0.20520000159740448
YBR173C,YOL001W,0,1.3194382,0.11009969562292099,0.2540000081062317,0.2053000032901764
YFL034C-B,YJL115W,0,1.3192003,0.11005198955535889,0.2540000081062317,0.2054000049829483
YKR064W,YER093C,1,1.3191717,0.11043741554021835,0.2549999952316284,0.2054000049829483
YJR067C,YDL226C,0,1.3189753,0.11038961261510849,0.2549999952316284,0.20550000667572021
YKL091C,YJL145W,0,1.3184959,0.11034184694290161,0.2549999952316284,0.20559999346733093
YNL323W,YGR256W,0,1.3183752,0.11029411852359772,0.2549999952316284,0.20569999516010284
YKL112W,YOR258W,0,1.3181733,0.1102464348077774,0.2549999952316284,0.20579999685287476
YNL238W,YDR303C,0,1.3181719,0.11019878834486008,0.2549999952316284,0.20589999854564667
YPL244C,YKL095W,0,1.3179531,0.11015118658542633,0.2549999952316284,0.20600000023841858
YNL216W,YLR410W,0,1.3177788,0.11010362952947617,0.2549999952316284,0.2061000019311905
YEL030W,YBR227C,0,1.3171955,0.11005610972642899,0.2549999952316284,0.2062000036239624
YOL146W,YNL075W,0,1.3170203,0.11000862717628479,0.2549999952316284,0.20630000531673431
YLL006W,YHR124W,0,1.3168566,0.10996118932962418,0.2549999952316284,0.20640000700950623
YLR328W,YBR121C,0,1.3163297,0.10991379618644714,0.2549999952316284,0.20649999380111694
YPL116W,YJL176C,0,1.3162745,0.1098664402961731,0.2549999952316284,0.20659999549388885
YFR029W,YAL061W,0,1.3162726,0.10981912165880203,0.2549999952316284,0.20669999718666077
YDR498C,YDL113C,0,1.3162036,0.10977184772491455,0.2549999952316284,0.20679999887943268
YGL086W,YPR030W,0,1.3162024,0.10972461104393005,0.2549999952316284,0.2069000005722046
YIL076W,YJL159W,0,1.3161651,0.10967741906642914,0.2549999952316284,0.2070000022649765
YKL069W,YDR110W,0,1.3158193,0.10963026434183121,0.2549999952316284,0.2071000039577484
YOR099W,YPR149W,0,1.3157326,0.10958315432071686,0.2549999952316284,0.20720000565052032
YOR328W,YBR104W,0,1.3154551,0.1095360815525055,0.2549999952316284,0.20730000734329224
YNL256W,YOR001W,0,1.3154361,0.10948905348777771,0.2549999952316284,0.20739999413490295
YGR231C,YLR275W,0,1.3153734,0.10944206267595291,0.2549999952316284,0.20749999582767487
YDR372C,YLR116W,0,1.3149536,0.1093951091170311,0.2549999952316284,0.20759999752044678
YOR324C,YKR100C,0,1.3147534,0.10934820026159286,0.2549999952316284,0.2076999992132187
YMR154C,YLR022C,0,1.314598,0.10930132865905762,0.2549999952316284,0.2078000009059906
YBR120C,YBR073W,0,1.3143415,0.10925450176000595,0.2549999952316284,0.2079000025987625
YDR105C,YLR378C,0,1.3142989,0.10920771211385727,0.2549999952316284,0.20800000429153442
YML071C,YOR367W,0,1.3142612,0.10916095972061157,0.2549999952316284,0.20810000598430634
YPR046W,YIL073C,0,1.3139223,0.10911425203084946,0.2549999952316284,0.20819999277591705
YOR189W,YOR144C,0,1.3137654,0.10906758159399033,0.2549999952316284,0.20829999446868896
YNL282W,YLL019C,0,1.3135428,0.10902094841003418,0.2549999952316284,0.20839999616146088
YPL053C,YML111W,0,1.3134686,0.10897435992956161,0.2549999952316284,0.2084999978542328
YKR101W,YDL217C,0,1.3132957,0.10892780870199203,0.2549999952316284,0.2085999995470047
YBR068C,YGR181W,0,1.3132944,0.10888129472732544,0.2549999952316284,0.2087000012397766
YBR002C,YNL009W,1,1.3132559,0.10926163196563721,0.25600001215934753,0.2087000012397766
YHR060W,YGL124C,0,1.3128966,0.10921501368284225,0.25600001215934753,0.20880000293254852
YMR283C,YOR205C,0,1.3127961,0.10916844010353088,0.25600001215934753,0.20890000462532043
YDR261C,YDR105C,0,1.3127471,0.1091219112277031,0.25600001215934753,0.20900000631809235
YHR098C,YNR013C,0,1.3126744,0.10907541215419769,0.25600001215934753,0.20909999310970306
YMR304W,YNL299W,0,1.3123869,0.10902895778417587,0.25600001215934753,0.20919999480247498
YKL039W,YOR335C,0,1.31214,0.10898254811763763,0.25600001215934753,0.2092999964952469
YLR316C,YLR193C,0,1.3121244,0.10893616825342178,0.25600001215934753,0.2093999981880188
YPR159W,YML069W,0,1.3120457,0.10888983309268951,0.25600001215934753,0.2094999998807907
YLR249W,YJL076W,0,1.3119723,0.10884353518486023,0.25600001215934753,0.20960000157356262
YJL071W,YLR095C,0,1.3118074,0.10879728198051453,0.25600001215934753,0.20970000326633453
YNL309W,YNR032W,0,1.3116214,0.10875105857849121,0.25600001215934753,0.20980000495910645
YPL011C,YMR232W,0,1.3114709,0.10870487987995148,0.25600001215934753,0.20990000665187836
YBR060C,YGL043W,0,1.311417,0.10865874588489532,0.25600001215934753,0.20999999344348907
YOR059C,YLR118C,1,1.3113431,0.10903691500425339,0.25699999928474426,0.20999999344348907
YOR358W,YDL024C,0,1.3111473,0.10899066925048828,0.25699999928474426,0.210099995136261
YBR150C,YPL129W,0,1.3108697,0.10894446820020676,0.25699999928474426,0.2101999968290329
YMR177W,YDR427W,0,1.3108444,0.10889830440282822,0.25699999928474426,0.2102999985218048
YFL025C,YNR019W,1,1.3107885,0.10927572846412659,0.257999986410141,0.2102999985218048
YOR140W,YDR179C,0,1.3107265,0.10922946780920029,0.257999986410141,0.21040000021457672
YHR169W,YBR192W,0,1.3106662,0.10918324440717697,0.257999986410141,0.21050000190734863
YDR484W,YKR072C,0,1.3106512,0.10913705825805664,0.257999986410141,0.21060000360012054
YDR171W,YMR078C,0,1.3105417,0.1090909093618393,0.257999986410141,0.21070000529289246
YDR082W,YBR293W,0,1.3105029,0.10904479771852493,0.257999986410141,0.21080000698566437
YBR217W,YNR033W,0,1.3104674,0.10899873077869415,0.257999986410141,0.21089999377727509
YFR027W,YDL004W,0,1.310412,0.10895270109176636,0.257999986410141,0.210999995470047
YLR023C,YLR417W,0,1.3103386,0.10890670865774155,0.257999986410141,0.2110999971628189
YBR059C,YLR405W,0,1.3102669,0.10886076092720032,0.257999986410141,0.21119999885559082
YOL006C,YOR258W,0,1.3100837,0.10881484299898148,0.257999986410141,0.21130000054836273
YGL092W,YFR049W,0,1.3099753,0.10876896977424622,0.257999986410141,0.21140000224113464
YDR480W,YDL240W,0,1.3098994,0.10872313380241394,0.257999986410141,0.21150000393390656
YIL122W,YKL018W,0,1.3098835,0.10867733508348465,0.257999986410141,0.21160000562667847
YCL004W,YDR437W,1,1.3098768,0.1090526282787323,0.2590000033378601,0.21160000562667847
YGR036C,YKR089C,1,1.3095317,0.10942760854959488,0.25999999046325684,0.21160000562667847
YGR276C,YPL005W,0,1.3093079,0.10938157141208649,0.25999999046325684,0.21170000731945038
YBL080C,YML023C,0,1.3091596,0.10933557897806168,0.25999999046325684,0.2117999941110611
YML062C,YIL062C,0,1.3091441,0.10928961634635925,0.25999999046325684,0.211899995803833
YML001W,YDR027C,0,1.3090574,0.10924369841814041,0.25999999046325684,0.21199999749660492
YGL207W,YMR125W,0,1.308957,0.10919781774282455,0.25999999046325684,0.21209999918937683
YPL087W,YGL065C,1,1.3088658,0.10957178473472595,0.26100000739097595,0.21209999918937683
YHR133C,YLR020C,1,1.3086128,0.10994544625282288,0.2619999945163727,0.21209999918937683
YCR014C,YDR092W,0,1.3083857,0.10989932715892792,0.2619999945163727,0.21220000088214874
YDR173C,YBR265W,1,1.3083426,0.11027253419160843,0.2630000114440918,0.21220000088214874
YMR278W,YNR051C,0,1.3083011,0.11022631824016571,0.2630000114440918,0.21230000257492065
YJR057W,YNL085W,0,1.308241,0.11018013954162598,0.2630000114440918,0.21240000426769257
YMR115W,YDR205W,0,1.3082044,0.11013400554656982,0.2630000114440918,0.21250000596046448
YKL007W,YKL141W,0,1.3081807,0.11008790135383606,0.2630000114440918,0.2125999927520752
YOL051W,YBR065C,0,1.308103,0.11004184186458588,0.2630000114440918,0.2126999944448471
YLL029W,YDR364C,0,1.3080662,0.10999581962823868,0.2630000114440918,0.21279999613761902
YOR059C,YOR196C,1,1.3079435,0.11036789417266846,0.2639999985694885,0.21279999613761902
YKL110C,YMR135C,0,1.3077259,0.1103217750787735,0.2639999985694885,0.21289999783039093
YPL208W,YPL180W,0,1.3077058,0.11027568578720093,0.2639999985694885,0.21299999952316284
YOR249C,YGL201C,0,1.3070819,0.11022964864969254,0.2639999985694885,0.21310000121593475
YDR499W,YKL213C,0,1.3068527,0.11018364131450653,0.2639999985694885,0.21320000290870667
YDR254W,YBL067C,0,1.3064737,0.11013767123222351,0.2639999985694885,0.21330000460147858
YLR080W,YPR056W,0,1.3061955,0.11009174585342407,0.2639999985694885,0.2134000062942505
YDR405W,YBR068C,0,1.3057745,0.11004585027694702,0.2639999985694885,0.2134999930858612
YEL052W,YGR264C,0,1.3057617,0.10999999940395355,0.2639999985694885,0.21359999477863312
YLR262C,YKR077W,0,1.3054284,0.10995418578386307,0.2639999985694885,0.21369999647140503
YDR119W,YGR268C,0,1.3054085,0.10990840941667557,0.2639999985694885,0.21379999816417694
YPL013C,YPR131C,0,1.3053223,0.10986267030239105,0.2639999985694885,0.21389999985694885
YOR045W,YNL081C,0,1.3052937,0.10981696844100952,0.2639999985694885,0.21400000154972076
YCR014C,YLR037C,0,1.3050641,0.10977131128311157,0.2639999985694885,0.21410000324249268
YDR518W,YFR024C-A,0,1.3048804,0.10972568392753601,0.2639999985694885,0.2142000049352646
YHR091C,YDR017C,0,1.3046921,0.10968010127544403,0.2639999985694885,0.2143000066280365
YBR301W,YDL207W,0,1.304655,0.10963454842567444,0.2639999985694885,0.21439999341964722
YOL142W,YOR212W,0,1.3045124,0.10958904027938843,0.2639999985694885,0.21449999511241913
YBL058W,YMR025W,0,1.3043665,0.1095435693860054,0.2639999985694885,0.21459999680519104
YPL262W,YBR253W,0,1.3040484,0.10949813574552536,0.2639999985694885,0.21469999849796295
YDL020C,YJL001W,0,1.303975,0.1094527393579483,0.2639999985694885,0.21480000019073486
YHR169W,YGR174C,0,1.3039484,0.10940738022327423,0.2639999985694885,0.21490000188350677
YNL073W,YJR132W,0,1.3039429,0.10936205834150314,0.2639999985694885,0.2150000035762787
YLR002C,YOR241W,0,1.3037382,0.10931677371263504,0.2639999985694885,0.2151000052690506
YGL167C,YJR032W,0,1.3037328,0.10927152633666992,0.2639999985694885,0.2152000069618225
YLR382C,YDL128W,0,1.3037149,0.10922631621360779,0.2639999985694885,0.21529999375343323
YER115C,YHR143W-A,0,1.3036199,0.10918114334344864,0.2639999985694885,0.21539999544620514
YDL247W,YLR151C,0,1.3034769,0.10913600772619247,0.2639999985694885,0.21549999713897705
YFR046C,YOR016C,0,1.303369,0.1090909093618393,0.2639999985694885,0.21559999883174896
YFL050C,YLR321C,0,1.3033646,0.1090458482503891,0.2639999985694885,0.21570000052452087
YHR079C,YKR088C,0,1.3032186,0.10900082439184189,0.2639999985694885,0.21580000221729279
YHR165C,YNR031C,0,1.3031496,0.10895583778619766,0.2639999985694885,0.2159000039100647
YBR120C,YGL186C,0,1.303114,0.10891088843345642,0.2639999985694885,0.2160000056028366
YBR265W,YLR239C,1,1.3030671,0.1092783510684967,0.26499998569488525,0.2160000056028366
YDR257C,YDR214W,0,1.3029869,0.1092333048582077,0.26499998569488525,0.21610000729560852
YLR118C,YMR313C,1,1.3028164,0.10960032790899277,0.26600000262260437,0.21610000729560852
YOR140W,YHR134W,0,1.302246,0.1095551922917366,0.26600000262260437,0.21619999408721924
YDR191W,YGL144C,1,1.3019949,0.10992177575826645,0.2669999897480011,0.21619999408721924
YER093C,YPR173C,1,1.3017553,0.11028806865215302,0.2680000066757202,0.21619999408721924
YPL235W,YML057W,0,1.3016855,0.11024270206689835,0.2680000066757202,0.21629999577999115
YOR026W,YDR452W,0,1.3016664,0.11019736528396606,0.2680000066757202,0.21639999747276306
YKR089C,YJL083W,1,1.3016554,0.11056309193372726,0.26899999380111694,0.21639999747276306
YBR195C,YKL166C,0,1.301557,0.11051766574382782,0.26899999380111694,0.21649999916553497
YMR218C,YEL051W,0,1.3013448,0.11047227680683136,0.26899999380111694,0.21660000085830688
YGR074W,YCL011C,0,1.3011719,0.11042693257331848,0.26899999380111694,0.2167000025510788
YIL154C,YBR229C,0,1.301132,0.11038161814212799,0.26899999380111694,0.2168000042438507
YJL029C,YBR295W,0,1.300892,0.11033634096384048,0.26899999380111694,0.21690000593662262
YLR233C,YLR144C,0,1.3008728,0.11029110103845596,0.26899999380111694,0.21699999272823334
YOR377W,YKL020C,1,1.3006957,0.11065573990345001,0.27000001072883606,0.21699999272823334
YML014W,YJL209W,0,1.300679,0.11061040312051773,0.27000001072883606,0.21709999442100525
YPR105C,YDR364C,0,1.3005971,0.11056511104106903,0.27000001072883606,0.21719999611377716
YBR074W,YOR087W,0,1.3005314,0.11051985621452332,0.27000001072883606,0.21729999780654907
YGL062W,YKR001C,0,1.3003236,0.11047463119029999,0.27000001072883606,0.21739999949932098
YOR208W,YLL051C,0,1.3002237,0.11042945086956024,0.27000001072883606,0.2175000011920929
YDR462W,YGL212W,0,1.3001232,0.11038430035114288,0.27000001072883606,0.2176000028848648
YLR307W,YPL139C,0,1.2999913,0.1103391945362091,0.27000001072883606,0.21770000457763672
YNL321W,YML114C,0,1.2999489,0.11029411852359772,0.27000001072883606,0.21780000627040863
YER058W,YDR110W,0,1.2999268,0.11024907976388931,0.27000001072883606,0.21789999306201935
YKL157W,YBR094W,0,1.299592,0.11020407825708389,0.27000001072883606,0.21799999475479126
YBR080C,YKL033W,0,1.2994813,0.11015912145376205,0.27000001072883606,0.21809999644756317
YOR136W,YNL192W,0,1.2994181,0.1101141944527626,0.27000001072883606,0.21819999814033508
YLR435W,YMR275C,0,1.299394,0.11006930470466614,0.27000001072883606,0.218299999833107
YOR058C,YML072C,0,1.2992009,0.11002445220947266,0.27000001072883606,0.2184000015258789
YDR267C,YER118C,0,1.2990826,0.10997963696718216,0.27000001072883606,0.21850000321865082
YKR046C,YBR193C,0,1.2989347,0.10993485152721405,0.27000001072883606,0.21860000491142273
YJL087C,YDL093W,0,1.2989091,0.10989011079072952,0.27000001072883606,0.21870000660419464
YMR052W,YDL029W,0,1.2986165,0.10984539985656738,0.27000001072883606,0.21879999339580536
YGL180W,YJL081C,0,1.2985212,0.10980073362588882,0.27000001072883606,0.21889999508857727
YMR091C,YOL043C,0,1.2983752,0.10975609719753265,0.27000001072883606,0.21899999678134918
YOR026W,YCL043C,0,1.2980399,0.10971149802207947,0.27000001072883606,0.2190999984741211
YJR086W,YKR007W,0,1.2979485,0.10966693609952927,0.27000001072883606,0.219200000166893
YGL025C,YEL047C,0,1.2978946,0.10962241142988205,0.27000001072883606,0.21930000185966492
YPL171C,YOL077W-A,0,1.2976674,0.10957792401313782,0.27000001072883606,0.21940000355243683
YOL096C,YOR030W,0,1.2975918,0.10953346639871597,0.27000001072883606,0.21950000524520874
YKR080W,YMR167W,0,1.2975059,0.10948905348777771,0.27000001072883606,0.21960000693798065
YJL042W,YJL024C,0,1.2974324,0.10944467037916183,0.27000001072883606,0.21969999372959137
YNL202W,YJL100W,1,1.2974205,0.10980550944805145,0.2709999978542328,0.21969999372959137
YJL026W,YGR193C,0,1.2972287,0.10976103693246841,0.2709999978542328,0.21979999542236328
YCR052W,YIL021W,0,1.2971368,0.10971660166978836,0.2709999978542328,0.2198999971151352
YGL144C,YLR133W,1,1.2970618,0.1100768893957138,0.2720000147819519,0.2198999971151352
YOR142W,YLR220W,0,1.297059,0.11003236472606659,0.2720000147819519,0.2199999988079071
YLR044C,YIL044C,0,1.2968751,0.10998786985874176,0.2720000147819519,0.22010000050067902
YGR240C,YNR039C,0,1.2968061,0.10994341224431992,0.2720000147819519,0.22020000219345093
YNR039C,YLR409C,0,1.296789,0.10989899188280106,0.2720000147819519,0.22030000388622284
YGL144C,YLR088W,1,1.2967855,0.11025848239660263,0.27300000190734863,0.22030000388622284
YGL244W,YDL092W,0,1.2966615,0.11021396517753601,0.27300000190734863,0.22040000557899475
YBR170C,YIL129C,0,1.2966174,0.11016949266195297,0.27300000190734863,0.22050000727176666
YDR289C,YDL202W,0,1.2964863,0.11012504994869232,0.27300000190734863,0.22059999406337738
YHR050W,YPR198W,0,1.2964474,0.11008064448833466,0.27300000190734863,0.2206999957561493
YAL033W,YMR164C,0,1.2962164,0.11003627628087997,0.27300000190734863,0.2207999974489212
YPL146C,YML025C,0,1.2959427,0.10999194532632828,0.27300000190734863,0.22089999914169312
YEL052W,YKL101W,0,1.2958391,0.10994764417409897,0.27300000190734863,0.22100000083446503
YGL208W,YJL081C,0,1.2958064,0.10990338027477264,0.27300000190734863,0.22110000252723694
YPR106W,YOL026C,0,1.2956476,0.1098591536283493,0.27300000190734863,0.22120000422000885
YDR513W,YNL003C,0,1.295638,0.10981496423482895,0.27300000190734863,0.22130000591278076
YDR267C,YDR160W,0,1.2955649,0.10977080464363098,0.27300000190734863,0.22139999270439148
YIL075C,YOL102C,0,1.2953911,0.1097266897559166,0.27300000190734863,0.2214999943971634
YGR085C,YLR429W,0,1.2952396,0.1096826046705246,0.27300000190734863,0.2215999960899353
YHL013C,YNL283C,0,1.2951652,0.10963855683803558,0.27300000190734863,0.22169999778270721
YPL117C,YGR216C,1,1.2949381,0.10999598354101181,0.27399998903274536,0.22169999778270721
YMR220W,YCR017C,1,1.2948326,0.11035312712192535,0.2750000059604645,0.22169999778270721
YBR145W,YLR378C,0,1.2947422,0.11030886322259903,0.2750000059604645,0.22179999947547913
YMR278W,YHR077C,0,1.2946631,0.11026463657617569,0.2750000059604645,0.22190000116825104
YKL129C,YJL140W,0,1.2945954,0.11022043973207474,0.2750000059604645,0.22200000286102295
YDR119W,YJL212C,0,1.2944113,0.11017628014087677,0.2750000059604645,0.22210000455379486
YGL043W,YIL106W,0,1.2942394,0.11013215780258179,0.2750000059604645,0.22220000624656677
YPR001W,YLR239C,1,1.2941184,0.1104883924126625,0.2759999930858612,0.22220000624656677
YMR227C,YHL027W,0,1.2940788,0.11044418066740036,0.2759999930858612,0.2222999930381775
YPL183W-A,YJR077C,0,1.2940711,0.1103999987244606,0.2759999930858612,0.2223999947309494
YOR140W,YHR132C,0,1.2937075,0.11035585403442383,0.2759999930858612,0.2224999964237213
YMR288W,YLR390W,0,1.2936288,0.11031175404787064,0.2759999930858612,0.22259999811649323
YJL095W,YMR119W,0,1.2935828,0.11026767641305923,0.2759999930858612,0.22269999980926514
YNL139C,YPR100W,0,1.2934302,0.11022364348173141,0.2759999930858612,0.22280000150203705
YDR108W,YHL013C,0,1.293201,0.11017964035272598,0.2759999930858612,0.22290000319480896
YOL089C,YEL060C,0,1.2931362,0.11013567447662354,0.2759999930858612,0.22300000488758087
YOR321W,YIL137C,0,1.2931178,0.11009174585342407,0.2759999930858612,0.22310000658035278
YGR041W,YIR022W,0,1.2930396,0.110047847032547,0.2759999930858612,0.2231999933719635
YJL110C,YBR073W,0,1.2929589,0.1100039854645729,0.2759999930858612,0.2232999950647354
YEL031W,YML069W,0,1.2925948,0.1099601611495018,0.2759999930858612,0.22339999675750732
YLL006W,YCL035C,0,1.2924329,0.10991636663675308,0.2759999930858612,0.22349999845027924
YJL196C,YGR007W,1,1.2924017,0.11027070134878159,0.2770000100135803,0.22349999845027924
YDL132W,YMR044W,0,1.2923645,0.1102268174290657,0.2770000100135803,0.22360000014305115
YGL163C,YDR314C,0,1.2921852,0.1101829782128334,0.2770000100135803,0.22370000183582306
YOL126C,YOR004W,0,1.2921215,0.1101391613483429,0.2770000100135803,0.22380000352859497
YNL275W,YGL131C,0,1.292012,0.11009538918733597,0.2770000100135803,0.22390000522136688
YDR293C,YPR171W,0,1.2916719,0.11005164682865143,0.2770000100135803,0.2240000069141388
YJL004C,YPL274W,0,1.2915987,0.11000794172286987,0.2770000100135803,0.2240999937057495
YOR025W,YNL219C,1,1.2915635,0.1103612557053566,0.27799999713897705,0.2240999937057495
YFL005W,YER145C,0,1.291307,0.11031746119260788,0.27799999713897705,0.22419999539852142
YML109W,YGR010W,0,1.291283,0.11027370393276215,0.27799999713897705,0.22429999709129333
YKL176C,YKL101W,0,1.2912649,0.1102299764752388,0.27799999713897705,0.22439999878406525
YLR130C,YDL207W,0,1.2909087,0.11018628627061844,0.27799999713897705,0.22450000047683716
YIL157C,YPL196W,0,1.290653,0.11014263331890106,0.27799999713897705,0.22460000216960907
YCR024C-A,YER063W,0,1.2904774,0.11009901016950607,0.27799999713897705,0.22470000386238098
YCL004W,YPL145C,1,1.2900076,0.11045130342245102,0.27900001406669617,0.22470000386238098
YJR055W,YMR081C,0,1.2899495,0.11040759831666946,0.27900001406669617,0.2248000055551529
YOL095C,YHR168W,0,1.2898778,0.1103639230132103,0.27900001406669617,0.2249000072479248
YGL071W,YKR085C,0,1.289855,0.11032028496265411,0.27900001406669617,0.22499999403953552
YLL019C,YMR269W,0,1.2897928,0.11027667671442032,0.27900001406669617,0.22509999573230743
YGR074W,YLR399C,0,1.289723,0.11023310571908951,0.27900001406669617,0.22519999742507935
YLL005C,YOR113W,0,1.2896937,0.11018957197666168,0.27900001406669617,0.22529999911785126
YOR196C,YLR242C,1,1.2896887,0.11054085940122604,0.2800000011920929,0.22529999911785126
YKR053C,YOR298W,1,1.2896515,0.11089187115430832,0.2809999883174896,0.22529999911785126
YBR074W,YPL112C,0,1.2894479,0.11084812879562378,0.2809999883174896,0.22540000081062317
YPL134C,YDR151C,0,1.2893066,0.11080441623926163,0.2809999883174896,0.22550000250339508
YLR130C,YCL030C,0,1.2892978,0.11076074093580246,0.2809999883174896,0.225600004196167
YMR068W,YKL090W,0,1.2891872,0.11071710288524628,0.2809999883174896,0.2257000058889389
YNL106C,YMR207C,1,1.2888881,0.11106734722852707,0.28200000524520874,0.2257000058889389
YBR212W,YMR238W,0,1.2888082,0.11102361977100372,0.28200000524520874,0.22579999268054962
YPR185W,YMR237W,0,1.2887204,0.11097992956638336,0.28200000524520874,0.22589999437332153
YBR195C,YPR155C,0,1.2883929,0.11093626916408539,0.28200000524520874,0.22599999606609344
YMR052W,YBL040C,0,1.2882999,0.1108926460146904,0.28200000524520874,0.22609999775886536
YHR132C,YDR384C,0,1.2881933,0.1108490601181984,0.28200000524520874,0.22619999945163727
YKL008C,YLL031C,1,1.2881832,0.11119842529296875,0.28299999237060547,0.22619999945163727
YPL244C,YKR036C,0,1.2881315,0.11115474998950958,0.28299999237060547,0.22630000114440918
YKR095W,YOR172W,0,1.2881244,0.1111111119389534,0.28299999237060547,0.2264000028371811
YKR064W,YOR109W,1,1.2880931,0.11145997047424316,0.2840000092983246,0.2264000028371811
YHR082C,YFR013W,0,1.2880119,0.11141624301671982,0.2840000092983246,0.226500004529953
YKR006C,YPL227C,0,1.2879312,0.11137254536151886,0.2840000092983246,0.22660000622272491
YBL038W,YER145C,0,1.2879078,0.11132889240980148,0.2840000092983246,0.22669999301433563
YEL030W,YHR124W,0,1.2877873,0.1112852692604065,0.2840000092983246,0.22679999470710754
YJR019C,YDR208W,1,1.2873985,0.11163337528705597,0.2849999964237213,0.22679999470710754
YMR076C,YAL026C,0,1.2873948,0.11158966273069382,0.2849999964237213,0.22689999639987946
YLR233C,YMR078C,0,1.2873443,0.11154598742723465,0.2849999964237213,0.22699999809265137
YDR057W,YPL176C,0,1.2872295,0.11150234937667847,0.2849999964237213,0.22709999978542328
YER172C,YOR090C,0,1.2871515,0.11145874112844467,0.2849999964237213,0.2272000014781952
YBR080C,YDL020C,0,1.287098,0.11141517013311386,0.2849999964237213,0.2273000031709671
YGL151W,YGL124C,0,1.2869422,0.11137162894010544,0.2849999964237213,0.227400004863739
YMR236W,YGL238W,0,1.2869084,0.111328125,0.2849999964237213,0.22750000655651093
YKL137W,YMR277W,0,1.2866772,0.11128465086221695,0.2849999964237213,0.22759999334812164
YOR106W,YMR261C,0,1.2866017,0.11124122142791748,0.2849999964237213,0.22769999504089355
YBR293W,YDL036C,0,1.2865002,0.1111978143453598,0.2849999964237213,0.22779999673366547
YDR057W,YLR395C,0,1.286345,0.11115444451570511,0.2849999964237213,0.22789999842643738
YDR057W,YNL287W,0,1.2861348,0.1111111119389534,0.2849999964237213,0.2280000001192093
YIL037C,YPL255W,0,1.2861117,0.11106780916452408,0.2849999964237213,0.2281000018119812
YKL141W,YNL246W,0,1.286037,0.11102454364299774,0.2849999964237213,0.2282000035047531
YHL027W,YDR439W,0,1.285894,0.11098130792379379,0.2849999964237213,0.22830000519752502
YBR003W,YPL057C,1,1.2857338,0.11132736504077911,0.28600001335144043,0.22830000519752502
YJR102C,YDR179C,0,1.2855021,0.1112840473651886,0.28600001335144043,0.22840000689029694
YNL075W,YOL010W,0,1.2854173,0.11124075949192047,0.28600001335144043,0.22849999368190765
YLR347C,YBR199W,0,1.2853472,0.11119750887155533,0.28600001335144043,0.22859999537467957
YML010W,YOL102C,0,1.2853359,0.11115429550409317,0.28600001335144043,0.22869999706745148
YOL011W,YBR109C,1,1.28525,0.1114996150135994,0.28700000047683716,0.22869999706745148
YFR027W,YJR036C,0,1.2850392,0.11145631223917007,0.28700000047683716,0.2287999987602234
YOR148C,YPR120C,0,1.2847673,0.11141304671764374,0.28700000047683716,0.2289000004529953
YDR173C,YDR072C,1,1.2847027,0.11175785958766937,0.2879999876022339,0.2289000004529953
YJL045W,YAR008W,0,1.2846105,0.11171450465917587,0.2879999876022339,0.2290000021457672
YPL078C,YKL069W,0,1.284478,0.11167118698358536,0.2879999876022339,0.22910000383853912
YLR089C,YPL235W,0,1.284268,0.11162790656089783,0.2879999876022339,0.22920000553131104
YLR332W,YGR091W,0,1.2840053,0.11158465594053268,0.2879999876022339,0.22930000722408295
YBL016W,YOR359W,0,1.2838567,0.11154144257307053,0.2879999876022339,0.22939999401569366
YBR061C,YOR319W,0,1.2837174,0.11149825900793076,0.2879999876022339,0.22949999570846558
YBR261C,YOR132W,0,1.2836465,0.11145510524511337,0.2879999876022339,0.2295999974012375
YJL186W,YMR177W,0,1.2835552,0.11141198873519897,0.2879999876022339,0.2296999990940094
YPL228W,YHR058C,0,1.2834798,0.11136890947818756,0.2879999876022339,0.2298000007867813
YAL056W,YPL063W,0,1.2833279,0.11132586002349854,0.2879999876022339,0.22990000247955322
YDL197C,YJR132W,0,1.2832042,0.1112828403711319,0.2879999876022339,0.23000000417232513
YGL026C,YCR093W,0,1.2830838,0.11123985797166824,0.2879999876022339,0.23010000586509705
YPL129W,YIL017C,0,1.2830625,0.11119691282510757,0.2879999876022339,0.23019999265670776
YDL188C,YML112W,0,1.282632,0.1111539974808693,0.2879999876022339,0.23029999434947968
YJR067C,YAL030W,0,1.2825813,0.1111111119389534,0.2879999876022339,0.2303999960422516
YOR113W,YLR319C,0,1.2825305,0.11106826364994049,0.2879999876022339,0.2304999977350235
YBR248C,YNR035C,0,1.2825053,0.11102544516324997,0.2879999876022339,0.2305999994277954
YDR200C,YNL148C,0,1.2824911,0.11098265647888184,0.2879999876022339,0.23070000112056732
YOR060C,YLR319C,0,1.2824042,0.11093990504741669,0.2879999876022339,0.23080000281333923
YMR014W,YGR121C,0,1.282255,0.11089719086885452,0.2879999876022339,0.23090000450611115
YER060W,YKL015W,0,1.2821064,0.11085450649261475,0.2879999876022339,0.23100000619888306
YKR089C,YDR331W,1,1.2820398,0.1111966148018837,0.289000004529953,0.23100000619888306
YHR002W,YHR024C,0,1.2817706,0.11115384846925735,0.289000004529953,0.23109999299049377
YFR033C,YPR187W,0,1.2817291,0.1111111119389534,0.289000004529953,0.23119999468326569
YDL052C,YNL009W,1,1.2817284,0.11145272850990295,0.28999999165534973,0.23119999468326569
YFL057C,YLR309C,0,1.2815139,0.11140991002321243,0.28999999165534973,0.2312999963760376
YDL165W,YML025C,0,1.2814387,0.1113671287894249,0.28999999165534973,0.2313999980688095
YER177W,YBR179C,0,1.2813903,0.11132437735795975,0.28999999165534973,0.23149999976158142
YIL013C,YJL003W,0,1.281229,0.11128165572881699,0.28999999165534973,0.23160000145435333
YNL094W,YDL226C,0,1.2812026,0.11123897135257721,0.28999999165534973,0.23170000314712524
YGL151W,YKL174C,0,1.2811836,0.11119631677865982,0.28999999165534973,0.23180000483989716
YBR042C,YPR128C,1,1.2811524,0.11153698712587357,0.29100000858306885,0.23180000483989716
YDL159W,YJR112W,0,1.2808244,0.11149425059556961,0.29100000858306885,0.23190000653266907
YMR227C,YNL254C,0,1.2806609,0.11145155131816864,0.29100000858306885,0.23199999332427979
YIL002C,YOR196C,1,1.280658,0.11179172992706299,0.2919999957084656,0.23199999332427979
YCL035C,YMR275C,0,1.2804371,0.11174894869327545,0.2919999957084656,0.2320999950170517
YNL014W,YPR057W,0,1.2802688,0.1117061972618103,0.2919999957084656,0.2321999967098236
YLR181C,YPL024W,0,1.280225,0.11166348308324814,0.2919999957084656,0.23229999840259552
YMR047C,YDR323C,0,1.2801079,0.11162079870700836,0.2919999957084656,0.23240000009536743
YKL012W,YLR378C,0,1.2800974,0.11157814413309097,0.2919999957084656,0.23250000178813934
YKL064W,YDR361C,0,1.2799683,0.11153552681207657,0.2919999957084656,0.23260000348091125
YJR040W,YLR037C,0,1.279849,0.11149293929338455,0.2919999957084656,0.23270000517368317
YGL025C,YML025C,0,1.2795593,0.11145038157701492,0.2919999957084656,0.23280000686645508
YDR325W,YOL110W,0,1.2793688,0.11140786111354828,0.2919999957084656,0.2328999936580658
YDR359C,YKL033W,0,1.2791579,0.11136537045240402,0.2919999957084656,0.2329999953508377
YBR161W,YJL091C,1,1.278685,0.11170415580272675,0.2930000126361847,0.2329999953508377
YGL025C,YGL195W,0,1.2784187,0.11166158318519592,0.2930000126361847,0.23309999704360962
YJL138C,YDR384C,0,1.2783898,0.11161904782056808,0.2930000126361847,0.23319999873638153
YMR065W,YHR061C,0,1.2780889,0.11157654225826263,0.2930000126361847,0.23330000042915344
YNL214W,YLR115W,0,1.2778147,0.11153406649827957,0.2930000126361847,0.23340000212192535
YNL048W,YCR048W,1,1.2777447,0.11187214404344559,0.2939999997615814,0.23340000212192535
YJL042W,YNL076W,0,1.2774748,0.11182959377765656,0.2939999997615814,0.23350000381469727
YPR155C,YBR181C,0,1.277391,0.11178707331418991,0.2939999997615814,0.23360000550746918
YNL302C,YKL160W,0,1.2771674,0.11174458265304565,0.2939999997615814,0.2337000072002411
YHR050W,YBL067C,0,1.2770693,0.11170212924480438,0.2939999997615814,0.2337999939918518
YCR008W,YJR050W,0,1.276809,0.1116597056388855,0.2939999997615814,0.23389999568462372
YNL124W,YGL068W,0,1.2767283,0.111617311835289,0.2939999997615814,0.23399999737739563
YJL042W,YLR016C,0,1.2767034,0.11157495528459549,0.2939999997615814,0.23409999907016754
YBL007C,YDR303C,0,1.2766879,0.11153262853622437,0.2939999997615814,0.23420000076293945
YKR066C,YER101C,0,1.2763975,0.11149033159017563,0.2939999997615814,0.23430000245571136
YPL087W,YOR363C,1,1.2758971,0.11182714253664017,0.29499998688697815,0.23430000245571136
YPL010W,YOR128C,0,1.2758809,0.11178476363420486,0.29499998688697815,0.23440000414848328
YJR034W,YGR231C,0,1.2757137,0.11174242198467255,0.29499998688697815,0.2345000058412552
YGR238C,YKR088C,0,1.2756904,0.11170011013746262,0.29499998688697815,0.2345999926328659
YNL239W,YBR230C,0,1.2756609,0.11165783554315567,0.29499998688697815,0.23469999432563782
YFR051C,YNL127W,0,1.2755018,0.11161559075117111,0.29499998688697815,0.23479999601840973
YNL272C,YBR135W,0,1.2754759,0.11157337576150894,0.29499998688697815,0.23489999771118164
YNR023W,YKL194C,0,1.2753154,0.11153119057416916,0.29499998688697815,0.23499999940395355
YML038C,YNL197C,0,1.2752067,0.11148904263973236,0.29499998688697815,0.23510000109672546
YMR218C,YFR025C,0,1.274916,0.11144692450761795,0.29499998688697815,0.23520000278949738
YLR337C,YOR123C,0,1.2748573,0.11140483617782593,0.29499998688697815,0.2353000044822693
YDR423C,YNR013C,0,1.2744669,0.11136277765035629,0.29499998688697815,0.2354000061750412
YHL031C,YDR141C,0,1.2743933,0.11132075637578964,0.29499998688697815,0.23549999296665192
YEL019C,YDR287W,0,1.2740937,0.11127876490354538,0.29499998688697815,0.23559999465942383
YML126C,YNL219C,1,1.2739822,0.11161387711763382,0.29600000381469727,0.23559999465942383
YPL043W,YOR212W,0,1.2739507,0.11157180368900299,0.29600000381469727,0.23569999635219574
YMR154C,YNL230C,0,1.2739087,0.11152976751327515,0.29600000381469727,0.23579999804496765
YBL007C,YLL033W,0,1.2739083,0.11148776113986969,0.29600000381469727,0.23589999973773956
YDL181W,YJL137C,0,1.2738272,0.11144578456878662,0.29600000381469727,0.23600000143051147
YER125W,YPL170W,1,1.2734512,0.11178020387887955,0.296999990940094,0.23600000143051147
YDR331W,YLR088W,1,1.273349,0.11211436986923218,0.2980000078678131,0.23600000143051147
YOL094C,YLR039C,0,1.2733463,0.11207220703363419,0.2980000078678131,0.2361000031232834
YLL029W,YKL193C,0,1.2730486,0.11203007400035858,0.2980000078678131,0.2362000048160553
YGR083C,YDR198C,0,1.2729145,0.11198797076940536,0.2980000078678131,0.2363000065088272
YLR183C,YNL138W,0,1.2727418,0.11194590479135513,0.2980000078678131,0.23639999330043793
YGL129C,YBR167C,0,1.2726983,0.11190386861562729,0.2980000078678131,0.23649999499320984
YNL317W,YHR024C,0,1.2726536,0.11186186224222183,0.2980000078678131,0.23659999668598175
YBL018C,YJL115W,0,1.2726253,0.11181988567113876,0.2980000078678131,0.23669999837875366
YFL025C,YPR006C,1,1.2725935,0.11215303838253021,0.29899999499320984,0.23669999837875366
YOL145C,YMR286W,0,1.2724998,0.11211098730564117,0.29899999499320984,0.23680000007152557
YPR075C,YPL104W,0,1.2724034,0.11206896603107452,0.29899999499320984,0.23690000176429749
YKR054C,YLR003C,0,1.2723036,0.11202697455883026,0.29899999499320984,0.2370000034570694
YDR422C,YHR024C,0,1.2721738,0.11198502033948898,0.29899999499320984,0.2371000051498413
YOL104C,YCR066W,0,1.2721678,0.11194309592247009,0.29899999499320984,0.23720000684261322
YHR154W,YBR127C,0,1.2720847,0.11190120130777359,0.29899999499320984,0.23729999363422394
YPL140C,YBR060C,0,1.2717901,0.11185933649539948,0.29899999499320984,0.23739999532699585
YOR172W,YDR092W,0,1.2717471,0.11181750148534775,0.29899999499320984,0.23749999701976776
YLR337C,YDR167W,0,1.2716998,0.111775703728199,0.29899999499320984,0.23759999871253967
YPR094W,YML127W,0,1.2713183,0.11173392832279205,0.29899999499320984,0.23770000040531158
YGL045W,YAL061W,0,1.2713002,0.11169219017028809,0.29899999499320984,0.2378000020980835
YDR168W,YPL196W,0,1.2711983,0.1116504818201065,0.29899999499320984,0.2379000037908554
YDR416W,YGR165W,0,1.2708993,0.11160881072282791,0.29899999499320984,0.23800000548362732
YOL142W,YER058W,0,1.2707788,0.11156716197729111,0.29899999499320984,0.23810000717639923
YGL148W,YLR229C,0,1.2705675,0.11152555048465729,0.29899999499320984,0.23819999396800995
YMR293C,YGL094C,0,1.2705635,0.11148396879434586,0.29899999499320984,0.23829999566078186
YDR363W,YML038C,0,1.2705559,0.11144241690635681,0.29899999499320984,0.23839999735355377
YPR152C,YDL076C,0,1.2705222,0.11140089482069016,0.29899999499320984,0.23849999904632568
YLL042C,YGR278W,0,1.2704581,0.11135940253734589,0.29899999499320984,0.2386000007390976
YDR075W,YCR038C,0,1.2704164,0.1113179475069046,0.29899999499320984,0.2387000024318695
YNL271C,YLL051C,0,1.2703799,0.11127651482820511,0.29899999499320984,0.23880000412464142
YIL062C,YNL233W,0,1.2703332,0.1112351194024086,0.29899999499320984,0.23890000581741333
YDR499W,YGR010W,0,1.2700596,0.11119375377893448,0.29899999499320984,0.23899999260902405
YGL092W,YBR282W,0,1.2699163,0.11115241795778275,0.29899999499320984,0.23909999430179596
YNL223W,YBL091C,0,1.269812,0.1111111119389534,0.29899999499320984,0.23919999599456787
YNL153C,YNL002C,0,1.2697451,0.11106983572244644,0.29899999499320984,0.23929999768733978
YBR059C,YLL051C,0,1.2695844,0.11102858930826187,0.29899999499320984,0.2393999993801117
YPL230W,YHR166C,0,1.2695593,0.11098738014698029,0.29899999499320984,0.2395000010728836
YOR377W,YAL051W,1,1.269398,0.11131725460290909,0.30000001192092896,0.2395000010728836
YHR083W,YOL034W,0,1.2693729,0.11127596348524094,0.30000001192092896,0.23960000276565552
YMR059W,YEL024W,0,1.2692201,0.11123470216989517,0.30000001192092896,0.23970000445842743
YBR248C,YOR008C,0,1.2691308,0.11119347810745239,0.30000001192092896,0.23980000615119934
YDR189W,YJR099W,0,1.269107,0.1111522763967514,0.30000001192092896,0.23989999294281006
YBR002C,YPL110C,1,1.2689389,0.11148148030042648,0.3009999990463257,0.23989999294281006
YGL051W,YMR133W,0,1.268927,0.11144020408391953,0.3009999990463257,0.23999999463558197
YDR267C,YIL129C,0,1.2688948,0.11139896512031555,0.3009999990463257,0.24009999632835388
YLR285W,YNL005C,0,1.2688761,0.11135774850845337,0.3009999990463257,0.2401999980211258
YNR030W,YGL126W,1,1.2687253,0.11168639361858368,0.3019999861717224,0.2401999980211258
YBR084C-A,YPR163C,0,1.2686732,0.11164510250091553,0.3019999861717224,0.2402999997138977
YDR294C,YKR089C,1,1.268506,0.11197338998317719,0.30300000309944153,0.2402999997138977
YBR265W,YFL031W,1,1.2682887,0.11230143904685974,0.30399999022483826,0.2402999997138977
YDR039C,YPL270W,0,1.2682679,0.11225996911525726,0.30399999022483826,0.24040000140666962
YPL083C,YPL232W,0,1.2680451,0.11221852898597717,0.30399999022483826,0.24050000309944153
YKL209C,YBL005W,0,1.2679328,0.11217711865901947,0.30399999022483826,0.24060000479221344
YGL226W,YOR177C,0,1.2677912,0.11213574558496475,0.30399999022483826,0.24070000648498535
YOL012C,YNL290W,0,1.2677428,0.11209439486265182,0.30399999022483826,0.24079999327659607
YPL004C,YOL097C,0,1.2677296,0.11205308139324188,0.30399999022483826,0.24089999496936798
YIR038C,YDL100C,0,1.2676657,0.11201179027557373,0.30399999022483826,0.2409999966621399
YCL034W,YER142C,0,1.2674943,0.11197053641080856,0.30399999022483826,0.2410999983549118
YLR260W,YGR143W,1,1.2673872,0.11229749768972397,0.3050000071525574,0.2410999983549118
YGL190C,YNR051C,0,1.2672912,0.11225616186857224,0.3050000071525574,0.24120000004768372
YGR023W,YNL116W,0,1.267165,0.11221486330032349,0.3050000071525574,0.24130000174045563
YJL141C,YJL192C,0,1.2671008,0.11217359453439713,0.3050000071525574,0.24140000343322754
YOL129W,YGR038W,0,1.2669463,0.11213235557079315,0.3050000071525574,0.24150000512599945
YKL001C,YCR033W,0,1.2668028,0.11209114640951157,0.3050000071525574,0.24160000681877136
YAL048C,YOL088C,0,1.2667015,0.11204995959997177,0.3050000071525574,0.24169999361038208
YPR066W,YML036W,0,1.2666665,0.11200881749391556,0.3050000071525574,0.241799995303154
YOR253W,YLL018C,0,1.2666157,0.11196769773960114,0.3050000071525574,0.2418999969959259
YMR159C,YNL304W,0,1.2665334,0.1119266077876091,0.3050000071525574,0.24199999868869781
YLR037C,YDR211W,0,1.266351,0.11188554763793945,0.3050000071525574,0.24210000038146973
YDL093W,YDR464W,0,1.2661222,0.1118445172905922,0.3050000071525574,0.24220000207424164
YKL119C,YHR037W,0,1.2660729,0.11180351674556732,0.3050000071525574,0.24230000376701355
YKR055W,YMR177W,0,1.2659698,0.11176255345344543,0.3050000071525574,0.24240000545978546
YNL056W,YOR324C,0,1.2658039,0.11172161251306534,0.3050000071525574,0.24250000715255737
YOR193W,YGL073W,0,1.265688,0.11168070137500763,0.3050000071525574,0.2425999939441681
YML080W,YLR328W,0,1.2654083,0.1116398274898529,0.3050000071525574,0.24269999563694
YKL048C,YDL223C,0,1.2650551,0.11159897595643997,0.3050000071525574,0.24279999732971191
YJL127C,YIL098C,0,1.2650448,0.11155815422534943,0.3050000071525574,0.24289999902248383
YGL220W,YOR147W,0,1.2650402,0.11151736974716187,0.3050000071525574,0.24300000071525574
YLR288C,YGL243W,0,1.2649935,0.1114766076207161,0.3050000071525574,0.24310000240802765
YOL008W,YKL211C,0,1.2649721,0.11143587529659271,0.3050000071525574,0.24320000410079956
YPL117C,YJL134W,1,1.2648526,0.11176040768623352,0.3059999942779541,0.24320000410079956
YOR194C,YBR293W,0,1.264793,0.11171960830688477,0.3059999942779541,0.24330000579357147
YFL024C,YKL026C,0,1.2645813,0.1116788312792778,0.3059999942779541,0.2433999925851822
YBR002C,YJL100W,1,1.2643907,0.1120029166340828,0.3070000112056732,0.2433999925851822
YDL052C,YGL012W,1,1.2643056,0.11232677102088928,0.30799999833106995,0.2433999925851822
YMR116C,YKL065C,0,1.264227,0.11228581517934799,0.30799999833106995,0.2434999942779541
YFL001W,YCR038C,0,1.2642038,0.11224489659070969,0.30799999833106995,0.243599995970726
YGL012W,YNL038W,1,1.2641606,0.11256830394268036,0.3089999854564667,0.243599995970726
YDL235C,YAL030W,0,1.2640756,0.11252731084823608,0.3089999854564667,0.24369999766349792
YNL304W,YDL149W,0,1.2639991,0.1124863475561142,0.3089999854564667,0.24379999935626984
YER159C,YGR140W,0,1.2639383,0.1124454140663147,0.3089999854564667,0.24390000104904175
YEL052W,YPL210C,0,1.2639333,0.11240451037883759,0.3089999854564667,0.24400000274181366
YNL160W,YPL178W,0,1.2637261,0.11236363649368286,0.3089999854564667,0.24410000443458557
YGL001C,YLL031C,1,1.263405,0.11268629878759384,0.3100000023841858,0.24410000443458557
YBR203W,YPR065W,0,1.2633955,0.11264535039663315,0.3100000023841858,0.24420000612735748
YBR188C,YMR167W,0,1.2631623,0.11260443180799484,0.3100000023841858,0.2442999929189682
YOL052C,YDL035C,0,1.2627877,0.11256354302167892,0.3100000023841858,0.2443999946117401
YHR077C,YIL137C,0,1.2627335,0.1125226840376854,0.3100000023841858,0.24449999630451202
YNL221C,YLR423C,0,1.2626357,0.11248185485601425,0.3100000023841858,0.24459999799728394
YKR019C,YHR001W,1,1.2626195,0.11280377209186554,0.3109999895095825,0.24459999799728394
YJL167W,YLR380W,1,1.2624198,0.11312545090913773,0.31200000643730164,0.24459999799728394
YKR067W,YOL011W,1,1.2622494,0.11344689875841141,0.31299999356269836,0.24459999799728394
YOR190W,YBR170C,0,1.262159,0.11340579390525818,0.31299999356269836,0.24469999969005585
YKL160W,YDR496C,0,1.2618997,0.11336472630500793,0.31299999356269836,0.24480000138282776
YPL192C,YFR021W,0,1.2618474,0.11332368105649948,0.31299999356269836,0.24490000307559967
YBL102W,YNL093W,0,1.2617936,0.11328266561031342,0.31299999356269836,0.24500000476837158
YPL266W,YER165W,0,1.2617222,0.11324167996644974,0.31299999356269836,0.2451000064611435
YDR211W,YNR031C,0,1.2615651,0.11320072412490845,0.31299999356269836,0.2451999932527542
YOR205C,YGR256W,0,1.2613109,0.11315979808568954,0.31299999356269836,0.24529999494552612
YGR246C,YPL173W,0,1.2611853,0.11311890184879303,0.31299999356269836,0.24539999663829803
YPR169W,YDL091C,0,1.2610807,0.1130780354142189,0.31299999356269836,0.24549999833106995
YBR260C,YDL145C,0,1.260946,0.11303719878196716,0.31299999356269836,0.24560000002384186
YCR086W,YNL164C,0,1.2608399,0.11299639195203781,0.31299999356269836,0.24570000171661377
YPR159W,YOR026W,0,1.2605693,0.11295561492443085,0.31299999356269836,0.24580000340938568
YJR019C,YGL065C,1,1.2602075,0.11327560991048813,0.3140000104904175,0.24580000340938568
YLL015W,YNL272C,0,1.260054,0.11323476582765579,0.3140000104904175,0.2459000051021576
YGL257C,YJR144W,0,1.2600052,0.11319394409656525,0.3140000104904175,0.2460000067949295
YOR030W,YAL061W,0,1.2600006,0.11315315216779709,0.3140000104904175,0.24609999358654022
YOL006C,YBR208C,0,1.2599329,0.11311239004135132,0.3140000104904175,0.24619999527931213
YOL112W,YGL130W,0,1.2597295,0.11307165771722794,0.3140000104904175,0.24629999697208405
YIL128W,YPR131C,0,1.2596523,0.11303095519542694,0.3140000104904175,0.24639999866485596
YKL150W,YKR031C,1,1.2594991,0.11335012316703796,0.3149999976158142,0.24639999866485596
YPL093W,YDR454C,0,1.2594534,0.1133093535900116,0.3149999976158142,0.24650000035762787
YMR019W,YGL226W,0,1.2594522,0.11326860636472702,0.3149999976158142,0.24660000205039978
YGR167W,YMR273C,0,1.2594239,0.11322789639234543,0.3149999976158142,0.2467000037431717
YOL121C,YLR395C,0,1.25925,0.11318720877170563,0.3149999976158142,0.2468000054359436
YDL216C,YDR016C,0,1.2592024,0.11314655095338821,0.3149999976158142,0.24690000712871552
YGR140W,YDL175C,0,1.2591918,0.11310592293739319,0.3149999976158142,0.24699999392032623
YIR005W,YIL063C,0,1.258952,0.11306532472372055,0.3149999976158142,0.24709999561309814
YGR167W,YLR190W,0,1.2586354,0.1130247563123703,0.3149999976158142,0.24719999730587006
YGR036C,YOR126C,1,1.258617,0.11334289610385895,0.3160000145435333,0.24719999730587006
YOR140W,YPL112C,0,1.2584794,0.11330226063728333,0.3160000145435333,0.24729999899864197
YJL094C,YBR218C,0,1.258418,0.1132616475224495,0.3160000145435333,0.24740000069141388
YBR201W,YOR354C,0,1.2583991,0.11322106420993805,0.3160000145435333,0.2475000023841858
YNL258C,YHR142W,0,1.2583774,0.11318051815032959,0.3160000145435333,0.2476000040769577
YJR113C,YML004C,0,1.2582334,0.11313999444246292,0.3160000145435333,0.24770000576972961
YKR064W,YJL100W,1,1.2582318,0.11345741152763367,0.31700000166893005,0.24770000576972961
YBL045C,YOL124C,0,1.2580158,0.11341681331396103,0.31700000166893005,0.24779999256134033
YDR378C,YKL101W,0,1.2579509,0.11337625235319138,0.31700000166893005,0.24789999425411224
YDR141C,YPR149W,0,1.2579501,0.11333571374416351,0.31700000166893005,0.24799999594688416
YGR278W,YAR033W,0,1.2579358,0.11329521238803864,0.31700000166893005,0.24809999763965607
YNL126W,YML041C,0,1.2579278,0.11325473338365555,0.31700000166893005,0.24819999933242798
YPL218W,YKR057W,0,1.2577816,0.11321428418159485,0.31700000166893005,0.2483000010251999
YDR397C,YPL128C,0,1.2576514,0.11317386478185654,0.31700000166893005,0.2484000027179718
YPL079W,YLR449W,0,1.2574304,0.11313347518444061,0.31700000166893005,0.2485000044107437
YBL079W,YFR021W,0,1.2571758,0.11309311538934708,0.31700000166893005,0.24860000610351562
YKR020W,YDL046W,0,1.2571341,0.11305278539657593,0.31700000166893005,0.24869999289512634
YOR106W,YNL026W,0,1.2570888,0.11301247775554657,0.31700000166893005,0.24879999458789825
YER001W,YDL029W,0,1.2566482,0.1129721999168396,0.31700000166893005,0.24889999628067017
YNL125C,YJR036C,0,1.2565277,0.11293195933103561,0.31700000166893005,0.24899999797344208
YDR311W,YPR020W,0,1.2563184,0.11289174109697342,0.31700000166893005,0.249099999666214
YNL020C,YOR130C,0,1.2562903,0.11285154521465302,0.31700000166893005,0.2492000013589859
YKR020W,YER032W,0,1.256,0.1128113865852356,0.31700000166893005,0.2493000030517578
YBR230C,YMR284W,0,1.2559975,0.11277125775814056,0.31700000166893005,0.24940000474452972
YGR206W,YMR059W,0,1.2559307,0.11273115128278732,0.31700000166893005,0.24950000643730164
YNL082W,YPR181C,0,1.2558714,0.11269107460975647,0.31700000166893005,0.24959999322891235
YMR054W,YMR063W,0,1.2555052,0.112651027739048,0.31700000166893005,0.24969999492168427
YML102W,YKL174C,0,1.2553049,0.11261101067066193,0.31700000166893005,0.24979999661445618
YNL316C,YGR030C,0,1.2551519,0.11257102340459824,0.31700000166893005,0.2498999983072281
YLR389C,YDR188W,0,1.255133,0.11253105849027634,0.31700000166893005,0.25
YNL079C,YOR017W,0,1.2548903,0.11249113082885742,0.31700000166893005,0.2500999867916107
YDR414C,YBR046C,0,1.2545305,0.1124512255191803,0.31700000166893005,0.2502000033855438
YLR319C,YDR489W,0,1.2544938,0.11241135001182556,0.31700000166893005,0.25029999017715454
YDR432W,YFL018C,0,1.2532675,0.11237149685621262,0.31700000166893005,0.25040000677108765
YDR160W,YDL040C,0,1.2532578,0.11233168095350266,0.31700000166893005,0.25049999356269836
YBL076C,YOL020W,0,1.2530988,0.11229188740253448,0.31700000166893005,0.25060001015663147
YIL105C,YDR377W,0,1.2527243,0.1122521236538887,0.31700000166893005,0.2506999969482422
YJL103C,YBR223C,0,1.2526971,0.11221238970756531,0.31700000166893005,0.2508000135421753
YKL014C,YJL078C,0,1.2526768,0.1121726855635643,0.31700000166893005,0.250900000333786
YGL259W,YLR165C,0,1.2526721,0.11213300377130508,0.31700000166893005,0.25099998712539673
YIL106W,YAL056W,0,1.2525584,0.11209335178136826,0.31700000166893005,0.25110000371932983
YGL148W,YKL172W,0,1.2521322,0.11205372959375381,0.31700000166893005,0.25119999051094055
YPL050C,YPL008W,0,1.2520434,0.11201413720846176,0.31700000166893005,0.25130000710487366
YBR288C,YJL168C,0,1.2518864,0.1119745671749115,0.31700000166893005,0.2513999938964844
YMR229C,YAL056W,0,1.2518655,0.11193502694368362,0.31700000166893005,0.2515000104904175
YIL056W,YDL091C,0,1.2517855,0.11189551651477814,0.31700000166893005,0.2515999972820282
YLR215C,YLR321C,0,1.2514975,0.11185603588819504,0.31700000166893005,0.2517000138759613
YDR082W,YCR027C,0,1.2514305,0.11181657761335373,0.31700000166893005,0.251800000667572
YCR042C,YPL001W,0,1.2512766,0.11177714914083481,0.31700000166893005,0.25189998745918274
YGR013W,YPL147W,0,1.2511579,0.11173775047063828,0.31700000166893005,0.25200000405311584
YLR292C,YGR285C,0,1.2511576,0.11169838160276413,0.31700000166893005,0.25209999084472656
YLR002C,YCR065W,0,1.2505761,0.11165903508663177,0.31700000166893005,0.25220000743865967
YML007W,YMR250W,0,1.2499915,0.11161971837282181,0.31700000166893005,0.2522999942302704
YNL093W,YBR222C,0,1.2499036,0.11158043146133423,0.31700000166893005,0.2524000108242035
YDR009W,YOR334W,0,1.2498059,0.11154116690158844,0.31700000166893005,0.2524999976158142
YDR434W,YPL117C,1,1.249185,0.11185367405414581,0.3179999887943268,0.2524999976158142
YNL182C,YPL137C,0,1.2491415,0.11181434243917465,0.3179999887943268,0.2526000142097473
YCL011C,YBR146W,0,1.248689,0.11177504062652588,0.3179999887943268,0.25270000100135803
YGR261C,YNL336W,0,1.2486217,0.1117357686161995,0.3179999887943268,0.25279998779296875
YDR287W,YDR067C,0,1.248608,0.1116965189576149,0.3179999887943268,0.25290000438690186
YKL014C,YLR310C,0,1.2485325,0.11165730655193329,0.3179999887943268,0.2529999911785126
YLR059C,YGL038C,0,1.2485226,0.11161810904741287,0.3179999887943268,0.2531000077724457
YOR310C,YLR435W,0,1.2484659,0.11157894879579544,0.3179999887943268,0.2531999945640564
YJL110C,YJR108W,0,1.2482015,0.1115398108959198,0.3179999887943268,0.2533000111579895
YGL053W,YJR049C,0,1.24818,0.11150070279836655,0.3179999887943268,0.2533999979496002
YOR363C,YJL134W,1,1.2480952,0.11181212961673737,0.3190000057220459,0.2533999979496002
YER055C,YHR107C,0,1.2476535,0.11177294701337814,0.3190000057220459,0.2535000145435333
YPR106W,YGR030C,0,1.2476248,0.1117338016629219,0.3190000057220459,0.25360000133514404
YIL035C,YNL102W,0,1.2474104,0.11169467866420746,0.3190000057220459,0.25369998812675476
YDR337W,YGL171W,0,1.2473063,0.1116555854678154,0.3190000057220459,0.25380000472068787
YGL259W,YDR409W,0,1.247037,0.11161651462316513,0.3190000057220459,0.2538999915122986
YOR210W,YBR077C,0,1.2468128,0.11157747358083725,0.3190000057220459,0.2540000081062317
YML058W,YGL073W,0,1.2467293,0.11153846234083176,0.3190000057220459,0.2540999948978424
YPR124W,YPR025C,0,1.2464352,0.11149947345256805,0.3190000057220459,0.2542000114917755
YOL045W,YLR452C,0,1.2462453,0.11146051436662674,0.3190000057220459,0.25429999828338623
YGL220W,YKL188C,0,1.245952,0.11142158508300781,0.3190000057220459,0.25440001487731934
YCR079W,YNL138W,0,1.2458882,0.11138267815113068,0.3190000057220459,0.25450000166893005
YGL053W,YML080W,0,1.245825,0.11134380102157593,0.3190000057220459,0.25459998846054077
YDR377W,YKR052C,0,1.2458194,0.11130495369434357,0.3190000057220459,0.2547000050544739
YPL064C,YML036W,0,1.2457943,0.111266128718853,0.3190000057220459,0.2547999918460846
YBR210W,YLR319C,0,1.2457662,0.11122733354568481,0.3190000057220459,0.2549000084400177
YKL150W,YOR002W,1,1.2457535,0.11153712123632431,0.3199999928474426,0.2549000084400177
YDR040C,YJL103C,0,1.2455375,0.11149825900793076,0.3199999928474426,0.2549999952316284
YDR538W,YCR063W,0,1.2455369,0.11145941913127899,0.3199999928474426,0.2551000118255615
YCR086W,YCR002C,0,1.2453537,0.11142061650753021,0.3199999928474426,0.25519999861717224
YPL128C,YGR120C,0,1.2452726,0.11138182878494263,0.3199999928474426,0.25529998540878296
YBL066C,YJL074C,0,1.2452108,0.11134307831525803,0.3199999928474426,0.25540000200271606
YJR112W,YJR032W,0,1.2451395,0.11130435019731522,0.3199999928474426,0.2554999887943268
YMR030W,YNR024W,0,1.245128,0.1112656444311142,0.3199999928474426,0.2556000053882599
YOR177C,YDR289C,0,1.2446109,0.11122697591781616,0.3199999928474426,0.2556999921798706
YHR148W,YJR151C,0,1.2444018,0.11118832230567932,0.3199999928474426,0.2558000087738037
YOR341W,YEL027W,0,1.2441496,0.11114970594644547,0.3199999928474426,0.25589999556541443
YBR217W,YKR010C,0,1.2439117,0.1111111119389534,0.3199999928474426,0.25600001215934753
YLR337C,YMR044W,0,1.2435652,0.11107254773378372,0.3199999928474426,0.25609999895095825
YMR068W,YFR036W,0,1.243522,0.11103400588035583,0.3199999928474426,0.25619998574256897
YDR437W,YER005W,1,1.2432986,0.11134234815835953,0.32100000977516174,0.25619998574256897
YJR050W,YHR120W,0,1.2431186,0.11130374670028687,0.32100000977516174,0.2563000023365021
YBL018C,YGR199W,0,1.243083,0.111265167593956,0.32100000977516174,0.2563999891281128
YBL080C,YER017C,0,1.2428933,0.11122661083936691,0.32100000977516174,0.2565000057220459
YGL049C,YOL116W,0,1.2427765,0.11118808388710022,0.32100000977516174,0.2565999925136566
YBL014C,YIL044C,0,1.2425371,0.11114958673715591,0.32100000977516174,0.2567000091075897
YDL040C,YCL024W,0,1.2421584,0.1111111119389534,0.32100000977516174,0.25679999589920044
YCL025C,YNL258C,0,1.2416481,0.11107266694307327,0.32100000977516174,0.25690001249313354
YNL090W,YCR018C,0,1.2416443,0.11103424429893494,0.32100000977516174,0.25699999928474426
YKR022C,YPR072W,0,1.2415662,0.11099585145711899,0.32100000977516174,0.257099986076355
YLR362W,YIL061C,0,1.2414447,0.11095748096704483,0.32100000977516174,0.2572000026702881
YKR019C,YNR019W,1,1.2413131,0.1112646833062172,0.32199999690055847,0.2572000026702881
YMR113W,YOL012C,0,1.241224,0.11122625321149826,0.32199999690055847,0.2572999894618988
YDR337W,YAL022C,0,1.2412057,0.11118784546852112,0.32199999690055847,0.2574000060558319
YML006C,YDR461W,0,1.2411394,0.11114946752786636,0.32199999690055847,0.2574999928474426
YFR027W,YFL018C,0,1.2409557,0.1111111119389534,0.32199999690055847,0.25760000944137573
YOL052C,YKL146W,0,1.2406937,0.11107278615236282,0.32199999690055847,0.25769999623298645
YGL086W,YOL026C,0,1.2404141,0.11103448271751404,0.32199999690055847,0.25780001282691956
YFL050C,YKL101W,0,1.2403075,0.11099620908498764,0.32199999690055847,0.2578999996185303
YJL197W,YLL051C,0,1.2402812,0.11095795780420303,0.32199999690055847,0.257999986410141
YNL318C,YNR056C,0,1.2402724,0.11091973632574081,0.32199999690055847,0.2581000030040741
YOR017W,YPR165W,0,1.2402514,0.11088154464960098,0.32199999690055847,0.2581999897956848
YKR026C,YHR083W,0,1.2400796,0.11084337532520294,0.32199999690055847,0.2583000063896179
YLR259C,YLR200W,0,1.2400677,0.11080522835254669,0.32199999690055847,0.25839999318122864
YKR020W,YGL013C,0,1.2400421,0.11076711118221283,0.32199999690055847,0.25850000977516174
YDR452W,YBR268W,0,1.2399027,0.11072902381420135,0.32199999690055847,0.25859999656677246
YGL225W,YDL015C,1,1.2398472,0.11103472113609314,0.3230000138282776,0.25859999656677246
YDR512C,YGL038C,0,1.2398238,0.11099656671285629,0.3230000138282776,0.25870001316070557
YLR182W,YGR097W,0,1.2397776,0.11095843464136124,0.3230000138282776,0.2587999999523163
YJR050W,YDL123W,0,1.2397581,0.11092033237218857,0.3230000138282776,0.258899986743927
YPL175W,YLR260W,1,1.2397478,0.11122553795576096,0.3240000009536743,0.258899986743927
YBR188C,YKL046C,0,1.2397423,0.11118736863136292,0.3240000009536743,0.2590000033378601
YBR260C,YER039C,0,1.2397038,0.11114922910928726,0.3240000009536743,0.2590999901294708
YDR473C,YLR052W,0,1.239685,0.1111111119389534,0.3240000009536743,0.25920000672340393
YDR406W,YGL124C,0,1.2396499,0.11107301712036133,0.3240000009536743,0.25929999351501465
YHR001W-A,YDR409W,0,1.2391753,0.11103495210409164,0.3240000009536743,0.25940001010894775
YDR172W,YJL024C,0,1.2388206,0.11099691689014435,0.3240000009536743,0.25949999690055847
YKR072C,YDR308C,0,1.2387894,0.11095890402793884,0.3240000009536743,0.2596000134944916
YBR029C,YBR265W,1,1.2385862,0.11126326769590378,0.32499998807907104,0.2596000134944916
YNR046W,YER013W,0,1.23845,0.1112251877784729,0.32499998807907104,0.2597000002861023
YCR014C,YGR134W,0,1.2382607,0.11118713766336441,0.32499998807907104,0.259799987077713
YER032W,YEL018W,0,1.2380815,0.11114910989999771,0.32499998807907104,0.2599000036716461
YKL155C,YNR012W,0,1.2380186,0.1111111119389534,0.32499998807907104,0.25999999046325684
YLR309C,YLR145W,0,1.2380023,0.11107313632965088,0.32499998807907104,0.26010000705718994
YML001W,YBR179C,0,1.2379324,0.11103519052267075,0.32499998807907104,0.26019999384880066
YGL241W,YLR234W,0,1.2378594,0.1109972670674324,0.32499998807907104,0.26030001044273376
YOL124C,YMR029C,0,1.237781,0.11095937341451645,0.32499998807907104,0.2603999972343445
YDR256C,YML098W,0,1.2375681,0.11092150211334229,0.32499998807907104,0.2605000138282776
YNR012W,YOR354C,0,1.2374519,0.11088366061449051,0.32499998807907104,0.2606000006198883
YCR068W,YHR001W,1,1.2370386,0.1111869066953659,0.32600000500679016,0.2606000006198883
YOR304W,YFR024C-A,0,1.2369974,0.11114899069070816,0.32600000500679016,0.260699987411499
YPR094W,YIL156W,0,1.2368679,0.1111111119389534,0.32600000500679016,0.26080000400543213
YKL060C,YOR232W,0,1.2367498,0.11107325553894043,0.32600000500679016,0.26089999079704285
YDR434W,YLR020C,1,1.2366198,0.11137602478265762,0.3269999921321869,0.26089999079704285
YER183C,YDL202W,0,1.2364994,0.11133810132741928,0.3269999921321869,0.26100000739097595
YGR036C,YKL165C,1,1.2364633,0.1116405725479126,0.328000009059906,0.26100000739097595
YGL100W,YJL140W,0,1.236431,0.11160258948802948,0.328000009059906,0.26109999418258667
YML099C,YFL061W,0,1.2362202,0.11156462877988815,0.328000009059906,0.2612000107765198
YJL095W,YGR222W,0,1.2360606,0.11152669042348862,0.328000009059906,0.2612999975681305
YMR001C,YMR215W,0,1.2360564,0.11148878186941147,0.328000009059906,0.2614000141620636
YDR159W,YAL026C,0,1.2358999,0.11145090311765671,0.328000009059906,0.2615000009536743
YNL221C,YOR258W,0,1.2358875,0.11141304671764374,0.328000009059906,0.26159998774528503
YLR289W,YLR329W,0,1.2358453,0.11137521266937256,0.328000009059906,0.26170000433921814
YDL247W,YIL106W,0,1.2355571,0.11133740842342377,0.328000009059906,0.26179999113082886
YOL008W,YOR295W,0,1.2355456,0.11129962652921677,0.328000009059906,0.26190000772476196
YDR150W,YLR453C,0,1.2355452,0.11126187443733215,0.328000009059906,0.2619999945163727
YOR025W,YPR006C,1,1.2354852,0.11156324297189713,0.32899999618530273,0.2619999945163727
YMR277W,YLR378C,0,1.235429,0.11152542382478714,0.32899999618530273,0.2621000111103058
YMR300C,YLR025W,0,1.235237,0.11148763447999954,0.32899999618530273,0.2621999979019165
YLR313C,YLR315W,0,1.2351613,0.11144986748695374,0.32899999618530273,0.2623000144958496
YOR177C,YPL134C,0,1.2350523,0.11141212284564972,0.32899999618530273,0.2624000012874603
YJR084W,YIL010W,0,1.2350314,0.11137440800666809,0.32899999618530273,0.26249998807907104
YML066C,YFR038W,0,1.2350281,0.11133671551942825,0.32899999618530273,0.26260000467300415
YOR250C,YCL001W,0,1.2347944,0.1112990528345108,0.32899999618530273,0.26269999146461487
YNL163C,YMR322C,0,1.234742,0.11126141250133514,0.32899999618530273,0.262800008058548
YNL130C,YOR149C,1,1.2347385,0.1115618646144867,0.33000001311302185,0.262800008058548
YNL063W,YOL049W,0,1.2345501,0.11152416467666626,0.33000001311302185,0.2628999948501587
YER149C,YBR208C,0,1.2341567,0.11148648709058762,0.33000001311302185,0.2630000114440918
YPR199C,YIL106W,0,1.2341559,0.11144883185625076,0.33000001311302185,0.2630999982357025
YGL237C,YDL036C,0,1.23415,0.1114112064242363,0.33000001311302185,0.2632000148296356
YOR090C,YDR518W,0,1.2340958,0.11137361079454422,0.33000001311302185,0.26330000162124634
YDR221W,YBR278W,0,1.2339429,0.11133603006601334,0.33000001311302185,0.26339998841285706
YLR395C,YNL069C,0,1.2339239,0.11129847913980484,0.33000001311302185,0.26350000500679016
YHR175W,YGR240C,0,1.2338866,0.11126095801591873,0.33000001311302185,0.2635999917984009
YHR051W,YOL068C,0,1.2337837,0.11122345924377441,0.33000001311302185,0.263700008392334
YNL080C,YJL078C,0,1.2336284,0.11118598282337189,0.33000001311302185,0.2637999951839447
YGL038C,YER098W,0,1.2334,0.11114853620529175,0.33000001311302185,0.2639000117778778
YER155C,YDL160C,0,1.2333955,0.1111111119389534,0.33000001311302185,0.2639999985694885
YPR067W,YER175C,0,1.2333388,0.11107371002435684,0.33000001311302185,0.26409998536109924
YLR189C,YPL110C,1,1.2330165,0.11137281358242035,0.3310000002384186,0.26409998536109924
YGL086W,YBR130C,0,1.2329876,0.11133535206317902,0.3310000002384186,0.26420000195503235
YJL174W,YJR002W,0,1.2329634,0.11129791289567947,0.3310000002384186,0.26429998874664307
YCL043C,YPL169C,0,1.2328564,0.11126050353050232,0.3310000002384186,0.26440000534057617
YHL020C,YPL120W,1,1.2328253,0.11155913770198822,0.3319999873638153,0.26440000534057617
YLR382C,YJR151C,0,1.232579,0.11152166873216629,0.3319999873638153,0.2644999921321869
YBR065C,YOR020C,0,1.2325239,0.11148421466350555,0.3319999873638153,0.26460000872612
YMR301C,YHR056C,0,1.2323925,0.1114467978477478,0.3319999873638153,0.2646999955177307
YDR034C,YMR236W,0,1.2323226,0.11140939593315125,0.3319999873638153,0.2648000121116638
YMR274C,YOL061W,0,1.2322345,0.11137202382087708,0.3319999873638153,0.26489999890327454
YBR080C,YCR060W,0,1.2321796,0.1113346740603447,0.3319999873638153,0.26499998569488525
YKL144C,YPR165W,0,1.2321204,0.1112973541021347,0.3319999873638153,0.26510000228881836
YKR071C,YGL195W,0,1.2320908,0.1112600564956665,0.3319999873638153,0.2651999890804291
YBR002C,YMR220W,1,1.2320669,0.11155778914690018,0.3330000042915344,0.2651999890804291
YDR435C,YHR018C,0,1.231884,0.1115204319357872,0.3330000042915344,0.2653000056743622
YDR002W,YBR278W,0,1.2318829,0.11148309707641602,0.3330000042915344,0.2653999924659729
YMR309C,YOR319W,0,1.2318465,0.11144578456878662,0.3330000042915344,0.265500009059906
YBR088C,YML021C,0,1.2317203,0.11140849441289902,0.3330000042915344,0.2655999958515167
YDR163W,YLR052W,0,1.231658,0.1113712340593338,0.3330000042915344,0.26570001244544983
YGL207W,YMR076C,0,1.2314545,0.11133400350809097,0.3330000042915344,0.26579999923706055
YPR188C,YPR171W,0,1.2314297,0.11129678785800934,0.3330000042915344,0.26589998602867126
YLR344W,YEL003W,0,1.2314242,0.11125960946083069,0.3330000042915344,0.26600000262260437
YMR110C,YHR187W,0,1.2308986,0.11122244596481323,0.3330000042915344,0.2660999894142151
YDL066W,YKR071C,0,1.2308007,0.11118531227111816,0.3330000042915344,0.2662000060081482
YBL045C,YJL123C,0,1.2307606,0.11114820092916489,0.3330000042915344,0.2662999927997589
YPL224C,YBR280C,0,1.2305212,0.1111111119389534,0.3330000042915344,0.266400009393692
YDR423C,YBR182C,0,1.2302953,0.1110740527510643,0.3330000042915344,0.26649999618530273
YNR055C,YER145C,0,1.2298646,0.11103701591491699,0.3330000042915344,0.26660001277923584
YDR007W,YLR130C,0,1.2297997,0.11100000143051147,0.3330000042915344,0.26669999957084656
YGL220W,YOL001W,0,1.2296102,0.11096300929784775,0.3330000042915344,0.2667999863624573
YPL228W,YHR063C,0,1.2294244,0.11092604696750641,0.3330000042915344,0.2669000029563904
YNL245C,YBL046W,0,1.229379,0.11088911443948746,0.3330000042915344,0.2669999897480011
YOR311C,YGR157W,1,1.2292627,0.11118508875370026,0.33399999141693115,0.2669999897480011
YDR146C,YML046W,0,1.2292314,0.11114808917045593,0.33399999141693115,0.2671000063419342
YIR021W,YKL166C,0,1.2292216,0.1111111119389534,0.33399999141693115,0.2671999931335449
YCL032W,YJL179W,0,1.2292205,0.11107415705919266,0.33399999141693115,0.267300009727478
YHR178W,YKL110C,0,1.2291477,0.1110372319817543,0.33399999141693115,0.26739999651908875
YJL180C,YOR085W,0,1.228723,0.11100032925605774,0.33399999141693115,0.26750001311302185
YER008C,YER063W,0,1.2285981,0.11096345633268356,0.33399999141693115,0.26759999990463257
YOR140W,YMR033W,0,1.2284361,0.11092660576105118,0.33399999141693115,0.2676999866962433
YDR267C,YJR006W,0,1.2282947,0.11088977754116058,0.33399999141693115,0.2678000032901764
YGL097W,YGL257C,0,1.2280924,0.11085297167301178,0.33399999141693115,0.2678999900817871
YOR295W,YLL027W,0,1.2278364,0.11081618815660477,0.33399999141693115,0.2680000066757202
YOL084W,YGR238C,0,1.2278323,0.11077943444252014,0.33399999141693115,0.26809999346733093
YBR261C,YDR179C,0,1.2276909,0.11074270308017731,0.33399999141693115,0.26820001006126404
YBL038W,YHR079C-A,0,1.2275168,0.11070600152015686,0.33399999141693115,0.26829999685287476
YOR357C,YOR156C,0,1.227339,0.11066931486129761,0.33399999141693115,0.26840001344680786
YNL088W,YDR206W,0,1.2272602,0.11063265800476074,0.33399999141693115,0.2685000002384186
YMR231W,YGR065C,0,1.2272375,0.11059602349996567,0.33399999141693115,0.2685999870300293
YGR185C,YEL063C,0,1.2268448,0.11055941879749298,0.33399999141693115,0.2687000036239624
YDR301W,YOR316C,0,1.2266731,0.11052282899618149,0.33399999141693115,0.2687999904155731
YMR169C,YDR527W,0,1.2266248,0.11048626899719238,0.33399999141693115,0.2689000070095062
YPL093W,YFR001W,0,1.2265116,0.11044973880052567,0.33399999141693115,0.26899999380111694
YDR392W,YLR259C,0,1.2264657,0.11041322350502014,0.33399999141693115,0.26910001039505005
YGL241W,YPL190C,0,1.2263062,0.110376738011837,0.33399999141693115,0.26919999718666077
YGL022W,YDR092W,0,1.2262906,0.11034026741981506,0.33399999141693115,0.26930001378059387
YIL017C,YPL196W,0,1.2262574,0.1103038340806961,0.33399999141693115,0.2694000005722046
YER125W,YLR260W,1,1.2261755,0.11059755831956863,0.33500000834465027,0.2694000005722046
YJL178C,YPR191W,0,1.2261642,0.1105610579252243,0.33500000834465027,0.2694999873638153
YER169W,YCL029C,0,1.2260563,0.11052457988262177,0.33500000834465027,0.2696000039577484
YKR068C,YNL251C,0,1.2259164,0.11048812419176102,0.33500000834465027,0.26969999074935913
YCR030C,YEL009C,0,1.2259021,0.11045169830322266,0.33500000834465027,0.26980000734329224
YNL225C,YDR067C,0,1.2258948,0.11041529476642609,0.33500000834465027,0.26989999413490295
YHR084W,YIL043C,0,1.2257533,0.11037891358137131,0.33500000834465027,0.27000001072883606
YLR395C,YER117W,0,1.225613,0.11034255474805832,0.33500000834465027,0.2700999975204468
YHR111W,YDL202W,0,1.2255052,0.11030622571706772,0.33500000834465027,0.2702000141143799
YJR103W,YIL009W,1,1.2254454,0.1105990782380104,0.335999995470047,0.2702000141143799
YJR119C,YJL209W,0,1.2253321,0.11056268215179443,0.335999995470047,0.2703000009059906
YBR002C,YOL108C,1,1.2253255,0.11085526645183563,0.3370000123977661,0.2703000009059906
YKR089C,YFL025C,1,1.2252967,0.11114764958620071,0.33799999952316284,0.2703000009059906
YOR176W,YML073C,0,1.2252755,0.1111111119389534,0.33799999952316284,0.2703999876976013
YDL092W,YMR076C,0,1.2251048,0.11107459664344788,0.33799999952316284,0.2705000042915344
YBR002C,YER093C,1,1.2250332,0.1113666221499443,0.33899998664855957,0.2705000042915344
YJL011C,YDR377W,0,1.2249116,0.111330047249794,0.33899998664855957,0.27059999108314514
YEL019C,YPL190C,0,1.2247953,0.1112935021519661,0.33899998664855957,0.27070000767707825
YPR199C,YPL003W,0,1.2247504,0.11125697195529938,0.33899998664855957,0.27079999446868896
YML092C,YLR321C,0,1.2245983,0.11122047156095505,0.33899998664855957,0.27090001106262207
YGL097W,YLL041C,0,1.2245649,0.11118399351835251,0.33899998664855957,0.2709999978542328
YML071C,YMR048W,0,1.2243073,0.11114753782749176,0.33899998664855957,0.2711000144481659
YNL256W,YOR194C,0,1.2241917,0.1111111119389534,0.33899998664855957,0.2712000012397766
YDR331W,YOL108C,1,1.2240266,0.11140236258506775,0.3400000035762787,0.2712000012397766
YDR294C,YDR072C,1,1.2239162,0.11169341951608658,0.3409999907016754,0.2712000012397766
YDR519W,YBR193C,0,1.2239153,0.11165684461593628,0.3409999907016754,0.27129998803138733
YMR075W,YBR195C,0,1.2238895,0.11162029206752777,0.3409999907016754,0.27140000462532043
YDR009W,YBR278W,0,1.2236184,0.11158376932144165,0.3409999907016754,0.27149999141693115
YDL098C,YDL103C,0,1.2235239,0.11154726892709732,0.3409999907016754,0.27160000801086426
YML014W,YGR070W,0,1.2233675,0.11151079088449478,0.3409999907016754,0.271699994802475
YLR390W-A,YOL145C,0,1.2233658,0.11147433519363403,0.3409999907016754,0.2718000113964081
YMR293C,YBR128C,0,1.2226194,0.11143790930509567,0.3409999907016754,0.2718999981880188
YPL266W,YDR527W,0,1.2224047,0.1114015057682991,0.3409999907016754,0.2720000147819519
YKL065C,YML058W,0,1.2222292,0.11136511713266373,0.3409999907016754,0.2721000015735626
YAL047C,YNR046W,0,1.2222242,0.11132876574993134,0.3409999907016754,0.27219998836517334
YOR056C,YGL208W,0,1.2217677,0.11129242926836014,0.3409999907016754,0.27230000495910645
YGR074W,YOR073W,0,1.2212955,0.11125611513853073,0.3409999907016754,0.27239999175071716
YJL197W,YDR009W,0,1.2212298,0.11121983081102371,0.3409999907016754,0.27250000834465027
YPR144C,YGL113W,0,1.2210816,0.11118356883525848,0.3409999907016754,0.272599995136261
YFL008W,YER175C,0,1.221063,0.11114732921123505,0.3409999907016754,0.2727000117301941
YKL093W,YNR033W,0,1.2210362,0.1111111119389534,0.3409999907016754,0.2727999985218048
YGL207W,YDL160C,0,1.2209048,0.11107491701841354,0.3409999907016754,0.2728999853134155
YPR061C,YJR036C,0,1.2207712,0.11103875190019608,0.3409999907016754,0.27300000190734863
YDR353W,YPR025C,0,1.2205563,0.1110026016831398,0.3409999907016754,0.27309998869895935
YGR112W,YIL103W,0,1.2205175,0.11096648126840591,0.3409999907016754,0.27320000529289246
YFR024C-A,YCL011C,0,1.220491,0.11093038320541382,0.3409999907016754,0.2732999920845032
YDR434W,YGR036C,1,1.220228,0.11121951043605804,0.34200000762939453,0.2732999920845032
YGR023W,YLR223C,0,1.2201921,0.11118335276842117,0.34200000762939453,0.2734000086784363
YIL079C,YGR229C,0,1.2201912,0.11114722490310669,0.34200000762939453,0.273499995470047
YOR142W,YER069W,0,1.2199515,0.1111111119389534,0.34200000762939453,0.2736000120639801
YHR074W,YPL212C,0,1.2197641,0.1110750213265419,0.34200000762939453,0.2736999988555908
YMR008C,YPL110C,1,1.2197344,0.11136363446712494,0.34299999475479126,0.2736999988555908
YMR055C,YDR373W,0,1.2196629,0.11132749170064926,0.34299999475479126,0.27379998564720154
YCR071C,YML109W,0,1.2195575,0.11129137128591537,0.34299999475479126,0.27390000224113464
YKR019C,YML059C,1,1.2195258,0.11157962679862976,0.3440000116825104,0.27390000224113464
YGR013W,YMR053C,0,1.2194597,0.1115434467792511,0.3440000116825104,0.27399998903274536
YBR014C,YNR013C,0,1.219442,0.11150729656219482,0.3440000116825104,0.27410000562667847
YNL064C,YLR388W,0,1.2192509,0.11147116124629974,0.3440000116825104,0.2741999924182892
YDL246C,YKL203C,0,1.2192309,0.11143504828214645,0.3440000116825104,0.2743000090122223
YLR314C,YEL063C,0,1.2191525,0.11139896512031555,0.3440000116825104,0.274399995803833
YDL077C,YJL059W,0,1.219122,0.11136290431022644,0.3440000116825104,0.2745000123977661
YOL130W,YHR132C,0,1.2190605,0.11132685840129852,0.3440000116825104,0.27459999918937683
YIL041W,YOR058C,0,1.2190063,0.111290842294693,0.3440000116825104,0.27469998598098755
YOL104C,YOR064C,0,1.2183236,0.11125484853982925,0.3440000116825104,0.27480000257492065
YNL315C,YBL019W,0,1.2182789,0.1112188845872879,0.3440000116825104,0.27489998936653137
YDR377W,YBR115C,0,1.2180128,0.11118293553590775,0.3440000116825104,0.2750000059604645
YDR097C,YHR168W,0,1.2179122,0.11114700883626938,0.3440000116825104,0.2750999927520752
YLR141W,YDL217C,0,1.2178913,0.1111111119389534,0.3440000116825104,0.2752000093460083
YBR003W,YGL225W,1,1.2176679,0.1113981306552887,0.3449999988079071,0.2752000093460083
YGL189C,YHL034C,0,1.2174181,0.11136216670274734,0.3449999988079071,0.275299996137619
YOR065W,YDL100C,0,1.2173499,0.11132623255252838,0.3449999988079071,0.2754000127315521
YPR181C,YPR163C,0,1.2171774,0.11129032075405121,0.3449999988079071,0.27549999952316284
YFL061W,YIL062C,0,1.2170204,0.11125443130731583,0.3449999988079071,0.27559998631477356
YMR091C,YGR155W,0,1.2168485,0.11121857166290283,0.3449999988079071,0.27570000290870667
YGR095C,YDR098C,0,1.2167858,0.11118272691965103,0.3449999988079071,0.2757999897003174
YJL207C,YDL145C,0,1.2165831,0.11114690452814102,0.3449999988079071,0.2759000062942505
YPR125W,YEL046C,0,1.2164822,0.1111111119389534,0.3449999988079071,0.2759999930858612
YLR043C,YIL110W,0,1.2162672,0.11107534170150757,0.3449999988079071,0.2761000096797943
YAL055W,YJL187C,0,1.2159345,0.11103958636522293,0.3449999988079071,0.27619999647140503
YLR274W,YDR145W,0,1.2159313,0.11100386083126068,0.3449999988079071,0.27630001306533813
YBR078W,YIR011C,0,1.2158821,0.11096815764904022,0.3449999988079071,0.27639999985694885
YNL064C,YHR194W,0,1.2157092,0.11093247681856155,0.3449999988079071,0.27649998664855957
YMR234W,YKL085W,0,1.2154375,0.11089681833982468,0.3449999988079071,0.2766000032424927
YMR231W,YPL135W,0,1.2154255,0.11086118221282959,0.3449999988079071,0.2766999900341034
YFR001W,YHR039C-A,0,1.2152786,0.1108255684375763,0.3449999988079071,0.2768000066280365
YCL067C,YLR182W,0,1.2152112,0.11078997701406479,0.3449999988079071,0.2768999934196472
YMR237W,YPR189W,0,1.2152039,0.11075441539287567,0.3449999988079071,0.2770000100135803
YBR234C,YGL150C,0,1.2149448,0.11071886867284775,0.3449999988079071,0.27709999680519104
YHR030C,YJR006W,0,1.2148002,0.11068335175514221,0.3449999988079071,0.27720001339912415
YIL021W,YMR038C,0,1.2147506,0.11064784973859787,0.3449999988079071,0.27730000019073486
YKR003W,YHR188C,1,1.2146837,0.11093299090862274,0.34599998593330383,0.27730000019073486
YPL145C,YBR110W,1,1.2146522,0.11121794581413269,0.34700000286102295,0.27730000019073486
YHR073W,YPR140W,1,1.2145838,0.11150272190570831,0.3479999899864197,0.27730000019073486
YGR169C,YOL042W,0,1.2145665,0.11146701127290726,0.3479999899864197,0.2773999869823456
YDR079C-A,YGR118W,0,1.2144661,0.1114313155412674,0.3479999899864197,0.2775000035762787
YAL042W,YBL005W,0,1.214337,0.11139564961194992,0.3479999899864197,0.2775999903678894
YGR215W,YPR079W,0,1.2142826,0.11135999858379364,0.3479999899864197,0.2777000069618225
YDR513W,YGL234W,0,1.2138643,0.11132437735795975,0.3479999899864197,0.2777999937534332
YOL052C-A,YLR329W,0,1.2137727,0.11128877848386765,0.3479999899864197,0.27790001034736633
YML066C,YDR453C,0,1.213622,0.11125319451093674,0.3479999899864197,0.27799999713897705
YPR113W,YMR220W,1,1.2135864,0.11153723299503326,0.3490000069141388,0.27799999713897705
YLR452C,YGR271W,0,1.2135655,0.11150159686803818,0.3490000069141388,0.27810001373291016
YDL178W,YFR044C,0,1.2134609,0.11146598309278488,0.3490000069141388,0.2782000005245209
YMR272C,YNL264C,1,1.2134315,0.11174967885017395,0.3499999940395355,0.2782000005245209
YOR026W,YLR052W,0,1.2133486,0.11171401292085648,0.3499999940395355,0.2782999873161316
YLL041C,YPL241C,0,1.2132944,0.11167836934328079,0.3499999940395355,0.2784000039100647
YJR083C,YGL067W,0,1.2131305,0.1116427406668663,0.3499999940395355,0.2784999907016754
YBR275C,YNL029C,0,1.212945,0.1116071417927742,0.3499999940395355,0.2786000072956085
YMR052W,YGL071W,0,1.2128084,0.11157156527042389,0.3499999940395355,0.27869999408721924
YOL090W,YKL146W,0,1.2127846,0.11153601109981537,0.3499999940395355,0.27880001068115234
YDL178W,YCR012W,0,1.2122264,0.11150047928094864,0.3499999940395355,0.27889999747276306
YPR199C,YOL116W,0,1.2118921,0.1114649698138237,0.3499999940395355,0.27900001406669617
YIL038C,YPL255W,0,1.2117879,0.11142948269844055,0.3499999940395355,0.2791000008583069
YLR347C,YIL022W,0,1.2117085,0.1113940179347992,0.3499999940395355,0.2791999876499176
YGR023W,YMR278W,0,1.2117004,0.11135857552289963,0.3499999940395355,0.2793000042438507
YFL033C,YDR414C,0,1.2114941,0.11132315546274185,0.3499999940395355,0.2793999910354614
YNL251C,YKR072C,0,1.2114218,0.11128775775432587,0.3499999940395355,0.27950000762939453
YER149C,YFR047C,0,1.2113943,0.11125238239765167,0.3499999940395355,0.27959999442100525
YBL089W,YIL122W,0,1.2111397,0.11121702939271927,0.3499999940395355,0.27970001101493835
YNL006W,YKL054C,0,1.2107604,0.11118170619010925,0.3499999940395355,0.2797999978065491
YLR019W,YDR410C,0,1.2106245,0.11114639788866043,0.3499999940395355,0.2799000144004822
YGL237C,YIR018W,0,1.2105846,0.1111111119389534,0.3499999940395355,0.2800000011920929
YPL268W,YDR147W,1,1.2105759,0.11139320582151413,0.35100001096725464,0.2800000011920929
YOL158C,YPR023C,0,1.2105566,0.11135786771774292,0.35100001096725464,0.2800999879837036
YNL027W,YDR285W,0,1.2101859,0.1113225519657135,0.35100001096725464,0.2802000045776367
YLR244C,YDR350C,0,1.2095069,0.11128725111484528,0.35100001096725464,0.28029999136924744
YBR260C,YBR127C,0,1.2094401,0.11125198006629944,0.35100001096725464,0.28040000796318054
YBR133C,YMR197C,0,1.2093807,0.11121673136949539,0.35100001096725464,0.28049999475479126
YGL045W,YHL038C,0,1.2093395,0.11118150502443314,0.35100001096725464,0.28060001134872437
YDR076W,YOR003W,0,1.2092198,0.11114629358053207,0.35100001096725464,0.2806999981403351
YOR355W,YLL018C-A,0,1.2092136,0.1111111119389534,0.35100001096725464,0.2808000147342682
YOL055C,YDL202W,0,1.2090712,0.11107595264911652,0.35100001096725464,0.2809000015258789
YOR327C,YLL036C,0,1.2090532,0.11104080826044083,0.35100001096725464,0.2809999883174896
YHR200W,YOR209C,0,1.2090263,0.11100569367408752,0.35100001096725464,0.28110000491142273
YNR003C,YML025C,0,1.2086618,0.11097059398889542,0.35100001096725464,0.28119999170303345
YLL006W,YJL103C,0,1.2086179,0.1109355241060257,0.35100001096725464,0.28130000829696655
YLR118C,YBR110W,1,1.2085816,0.11121643334627151,0.35199999809265137,0.28130000829696655
YCR083W,YER178W,0,1.208433,0.11118130385875702,0.35199999809265137,0.28139999508857727
YHR120W,YNL072W,0,1.2083794,0.11114619672298431,0.35199999809265137,0.2815000116825104
YGR255C,YMR293C,0,1.2083035,0.1111111119389534,0.35199999809265137,0.2815999984741211
YPR079W,YBR193C,0,1.2082261,0.11107604950666428,0.35199999809265137,0.2816999852657318
YPR159W,YEL071W,0,1.207695,0.11104100942611694,0.35199999809265137,0.2818000018596649
YDR325W,YHL009C,0,1.2076309,0.1110059916973114,0.35199999809265137,0.28189998865127563
YNL014W,YBR153W,0,1.2073056,0.11097099632024765,0.35199999809265137,0.28200000524520874
YHL011C,YPR190C,0,1.2072945,0.11093602329492569,0.35199999809265137,0.28209999203681946
YGL044C,YDL145C,0,1.2072785,0.11090107262134552,0.35199999809265137,0.28220000863075256
YMR125W,YEL027W,0,1.2072011,0.11086614429950714,0.35199999809265137,0.2822999954223633
YBR202W,YIL123W,0,1.2071975,0.11083123087882996,0.35199999809265137,0.2824000120162964
YDR041W,YBR152W,0,1.2071521,0.11079634726047516,0.35199999809265137,0.2824999988079071
YNL163C,YOL043C,0,1.2071413,0.11076148599386215,0.35199999809265137,0.2825999855995178
YPL129W,YER167W,0,1.2068036,0.11072664707899094,0.35199999809265137,0.2827000021934509
YHL003C,YHR072W,1,1.2067641,0.11100628972053528,0.3529999852180481,0.2827000021934509
YMR061W,YDL107W,0,1.2066044,0.11097139120101929,0.3529999852180481,0.28279998898506165
YPL005W,YPL161C,0,1.2063509,0.11093651503324509,0.3529999852180481,0.28290000557899475
YMR060C,YOR236W,0,1.206326,0.11090166866779327,0.3529999852180481,0.28299999237060547
YBR074W,YML046W,0,1.2060294,0.11086683720350266,0.3529999852180481,0.2831000089645386
YCL010C,YPR162C,0,1.205888,0.11083202809095383,0.3529999852180481,0.2831999957561493
YMR180C,YDR178W,0,1.2058346,0.11079724133014679,0.3529999852180481,0.2833000123500824
YDR375C,YLR275W,0,1.2055084,0.11076246947050095,0.3529999852180481,0.2833999991416931
YKL160W,YKL194C,0,1.2055014,0.11072772741317749,0.3529999852180481,0.28349998593330383
YBR282W,YIL085C,0,1.2050442,0.11069300770759583,0.3529999852180481,0.28360000252723694
YCR067C,YNL263C,0,1.205022,0.11065831035375595,0.3529999852180481,0.28369998931884766
YMR193W,YLR213C,0,1.2049896,0.11062362790107727,0.3529999852180481,0.28380000591278076
YDL079C,YOR297C,0,1.2049584,0.11058897525072098,0.3529999852180481,0.2838999927043915
YNL054W,YMR013C,1,1.204772,0.11086752265691757,0.3540000021457672,0.2838999927043915
YLR119W,YDL202W,0,1.2047716,0.1108328104019165,0.3540000021457672,0.2840000092983246
YMR060C,YKL101W,0,1.2047668,0.11079812049865723,0.3540000021457672,0.2840999960899353
YPL082C,YBL034C,0,1.2046885,0.11076345294713974,0.3540000021457672,0.2842000126838684
YDR460W,YFL055W,0,1.2044615,0.11072880774736404,0.3540000021457672,0.2842999994754791
YOL052C-A,YNL183C,0,1.2043983,0.11069418489933014,0.3540000021457672,0.28439998626708984
YGL225W,YDR284C,1,1.2043322,0.11097218096256256,0.35499998927116394,0.28439998626708984
YOR362C,YML036W,0,1.2042253,0.11093749850988388,0.35499998927116394,0.28450000286102295
YKL150W,YLL031C,1,1.2039835,0.1112152487039566,0.35600000619888306,0.28450000286102295
YJL167W,YBR042C,1,1.2039682,0.111492820084095,0.3569999933242798,0.28450000286102295
YDL014W,YEL009C,0,1.203965,0.11145801097154617,0.3569999933242798,0.28459998965263367
YKR089C,YMR246W,1,1.2039465,0.11173532903194427,0.3580000102519989,0.28459998965263367
YPR034W,YER119C,0,1.2037251,0.11170046776533127,0.3580000102519989,0.2847000062465668
YKL065C,YMR199W,0,1.2037114,0.11166562885046005,0.3580000102519989,0.2847999930381775
YOR271C,YDR361C,0,1.2034614,0.11163080483675003,0.3580000102519989,0.2849000096321106
YJL197W,YGR178C,0,1.2033619,0.1115960106253624,0.3580000102519989,0.2849999964237213
YOR360C,YGL134W,0,1.2033207,0.11156123131513596,0.3580000102519989,0.2851000130176544
YOL045W,YMR058W,0,1.2032808,0.1115264818072319,0.3580000102519989,0.28519999980926514
YJR090C,YLR244C,0,1.2032715,0.11149174720048904,0.3580000102519989,0.28529998660087585
YMR040W,YBR188C,0,1.2032564,0.11145703494548798,0.3580000102519989,0.28540000319480896
YOR219C,YPL221W,0,1.2032406,0.1114223450422287,0.3580000102519989,0.2854999899864197
YBR212W,YIL147C,0,1.203181,0.11138767749071121,0.3580000102519989,0.2856000065803528
YPL015C,YDL202W,0,1.2031704,0.11135303229093552,0.3580000102519989,0.2856999933719635
YHR008C,YIL114C,0,1.203088,0.11131840944290161,0.3580000102519989,0.2858000099658966
YPL132W,YLR220W,0,1.2029718,0.1112838014960289,0.3580000102519989,0.2858999967575073
YNL071W,YNL107W,0,1.2029455,0.11124922335147858,0.3580000102519989,0.28600001335144043
YGR077C,YML071C,0,1.2024989,0.11121466010808945,0.3580000102519989,0.28610000014305115
YBR114W,YJL137C,0,1.2023985,0.1111801266670227,0.3580000102519989,0.28619998693466187
YPL152W,YLR435W,0,1.2022345,0.11114560812711716,0.3580000102519989,0.28630000352859497
YLR080W,YKR026C,0,1.2022324,0.1111111119389534,0.3580000102519989,0.2863999903202057
YER040W,YKL166C,0,1.2021991,0.11107663810253143,0.3580000102519989,0.2865000069141388
YHR014W,YHR176W,0,1.2020155,0.11104218661785126,0.3580000102519989,0.2865999937057495
YFL017W-A,YFR040W,0,1.2020149,0.11100775003433228,0.3580000102519989,0.2867000102996826
YLR182W,YDL123W,0,1.2020144,0.11097334325313568,0.3580000102519989,0.28679999709129333
YBR103W,YOR319W,0,1.202003,0.11093895137310028,0.3580000102519989,0.28690001368522644
YML008C,YER019W,1,1.2019197,0.11121437698602676,0.35899999737739563,0.28690001368522644
YIL157C,YMR182C,0,1.2018942,0.11117993295192719,0.35899999737739563,0.28700000047683716
YOR098C,YBR210W,0,1.2016352,0.1111455112695694,0.35899999737739563,0.2870999872684479
YDR430C,YOR058C,0,1.2015092,0.1111111119389534,0.35899999737739563,0.287200003862381
YBR098W,YDL134C,0,1.2012179,0.1110767349600792,0.35899999737739563,0.2872999906539917
YBR103W,YDR037W,0,1.2009486,0.11104237288236618,0.35899999737739563,0.2874000072479248
YPL040C,YIL095W,0,1.2007316,0.11100804060697556,0.35899999737739563,0.2874999940395355
YGR174C,YHR005C,0,1.2007166,0.11097372323274612,0.35899999737739563,0.28760001063346863
YHR069C,YJR119C,0,1.2004743,0.11093942821025848,0.35899999737739563,0.28769999742507935
YMR227C,YGL070C,0,1.2003319,0.11090515553951263,0.35899999737739563,0.28780001401901245
YDR002W,YDR353W,0,1.2002287,0.11087090522050858,0.35899999737739563,0.28790000081062317
YDL098C,YJL074C,0,1.2000881,0.11083667725324631,0.35899999737739563,0.2879999876022339
YGL107C,YDR490C,0,1.2000636,0.11080247163772583,0.35899999737739563,0.288100004196167
YJL034W,YKL013C,0,1.1999391,0.11076828092336655,0.35899999737739563,0.2881999909877777
YJL020C,YJL139C,0,1.1998723,0.11073411256074905,0.35899999737739563,0.2883000075817108
YBL002W,YLR367W,0,1.1997963,0.11069996654987335,0.35899999737739563,0.28839999437332153
YDL029W,YPL156C,0,1.1995668,0.11066584289073944,0.35899999737739563,0.28850001096725464
YEL052W,YLR071C,0,1.1994506,0.11063174158334732,0.35899999737739563,0.28859999775886536
YJR053W,YGL005C,0,1.1994281,0.1105976551771164,0.35899999737739563,0.28870001435279846
YDL103C,YMR251W-A,0,1.1993115,0.11056359857320786,0.35899999737739563,0.2888000011444092
YER157W,YEL009C,0,1.199277,0.11052955687046051,0.35899999737739563,0.2888999879360199
YHR039C-A,YGR185C,0,1.1992342,0.11049553751945496,0.35899999737739563,0.289000004529953
YGR010W,YLR190W,0,1.1989185,0.11046154052019119,0.35899999737739563,0.2890999913215637
YMR008C,YLR305C,1,1.1987126,0.11073515564203262,0.36000001430511475,0.2890999913215637
YLL027W,YPR112C,0,1.198575,0.11070110648870468,0.36000001430511475,0.2892000079154968
YGR105W,YLL036C,0,1.1985396,0.11066707968711853,0.36000001430511475,0.28929999470710754
YLR404W,YJL006C,0,1.1984434,0.11063306778669357,0.36000001430511475,0.28940001130104065
YDL193W,YOR303W,0,1.1983349,0.1105990782380104,0.36000001430511475,0.28949999809265137
YMR019W,YOL076W,0,1.1982456,0.11056511104106903,0.36000001430511475,0.2896000146865845
YKL078W,YDR205W,0,1.198149,0.11053116619586945,0.36000001430511475,0.2897000014781952
YDL020C,YBR081C,0,1.1980633,0.11049723625183105,0.36000001430511475,0.2897999882698059
YDR512C,YNL059C,0,1.197821,0.11046332865953445,0.36000001430511475,0.289900004863739
YDR206W,YNR031C,0,1.1977965,0.11042945086956024,0.36000001430511475,0.28999999165534973
YLR362W,YPL115C,0,1.197787,0.11039558053016663,0.36000001430511475,0.29010000824928284
YHR030C,YHR150W,0,1.1977391,0.1103617399930954,0.36000001430511475,0.29019999504089355
YLR067C,YPR149W,0,1.1976979,0.11032792180776596,0.36000001430511475,0.29030001163482666
YGR211W,YEL051W,0,1.1974772,0.11029411852359772,0.36000001430511475,0.2903999984264374
YJL020C,YDR268W,0,1.1974475,0.11026033759117126,0.36000001430511475,0.2904999852180481
YKL186C,YDR127W,0,1.1972008,0.1102265790104866,0.36000001430511475,0.2906000018119812
YPR167C,YER100W,0,1.1970903,0.11019283533096313,0.36000001430511475,0.2906999886035919
YDR322C-A,YAL001C,0,1.1968737,0.11015912145376205,0.36000001430511475,0.290800005197525
YKL127W,YDL160C,0,1.1968042,0.11012542247772217,0.36000001430511475,0.29089999198913574
YBL102W,YPL138C,0,1.1967334,0.11009174585342407,0.36000001430511475,0.29100000858306885
YDL097C,YPR037C,0,1.196341,0.11005808413028717,0.36000001430511475,0.29109999537467957
YNL238W,YOR299W,0,1.1962783,0.11002445220947266,0.36000001430511475,0.29120001196861267
YJR161C,YLR033W,0,1.1962594,0.10999083518981934,0.36000001430511475,0.2912999987602234
YHR030C,YLR103C,0,1.1962018,0.1099572405219078,0.36000001430511475,0.2913999855518341
YIL009W,YHR190W,1,1.1959656,0.1102290078997612,0.3610000014305115,0.2913999855518341
YOL069W,YCR030C,0,1.1956928,0.11019536107778549,0.3610000014305115,0.2915000021457672
YOL113W,YDL160C,0,1.1955221,0.11016173660755157,0.3610000014305115,0.29159998893737793
YOR324C,YIL118W,0,1.1954064,0.11012812703847885,0.3610000014305115,0.29170000553131104
YDR513W,YPR154W,0,1.1953682,0.11009453982114792,0.3610000014305115,0.29179999232292175
YCR026C,YOR128C,0,1.1953634,0.11006097495555878,0.3610000014305115,0.29190000891685486
YMR214W,YPL134C,0,1.1953088,0.11002743244171143,0.3610000014305115,0.2919999957084656
YPR181C,YHR191C,0,1.1952784,0.10999390482902527,0.3610000014305115,0.2921000123023987
YGL233W,YKL052C,0,1.1952002,0.1099603995680809,0.3610000014305115,0.2921999990940094
YLR233C,YMR240C,0,1.1951499,0.10992691665887833,0.3610000014305115,0.2922999858856201
YGL045W,YJL192C,0,1.1949703,0.10989345610141754,0.3610000014305115,0.2924000024795532
YPL127C,YOR148C,0,1.1949611,0.10986001044511795,0.3610000014305115,0.29249998927116394
YKL078W,YOL128C,0,1.1948632,0.10982658714056015,0.3610000014305115,0.29260000586509705
YPL178W,YAL039C,0,1.1945567,0.10979318618774414,0.3610000014305115,0.29269999265670776
YHR014W,YIL030C,0,1.1944584,0.10975980758666992,0.3610000014305115,0.29280000925064087
YMR047C,YNL312W,0,1.194318,0.1097264438867569,0.3610000014305115,0.2928999960422516
YFR019W,YOL108C,1,1.1942934,0.10999695956707001,0.3619999885559082,0.2928999960422516
YOR148C,YER031C,0,1.1936456,0.1099635511636734,0.3619999885559082,0.2930000126361847
YGL172W,YNL006W,0,1.1935847,0.10993015766143799,0.3619999885559082,0.2930999994277954
YDR337W,YGR161C,0,1.1931992,0.10989677906036377,0.3619999885559082,0.29319998621940613
YER048C,YFR040W,0,1.193192,0.10986343026161194,0.3619999885559082,0.29330000281333923
YCL001W,YLR368W,0,1.1931772,0.1098300963640213,0.3619999885559082,0.29339998960494995
YNL044W,YGR199W,0,1.1927414,0.10979678481817245,0.3619999885559082,0.29350000619888306
YOR227W,YML109W,0,1.192628,0.1097634956240654,0.3619999885559082,0.2935999929904938
YJL035C,YAL001C,0,1.1924219,0.10973022133111954,0.3619999885559082,0.2937000095844269
YKL194C,YGR171C,0,1.1922104,0.10969696938991547,0.3619999885559082,0.2937999963760376
YDR105C,YPR009W,0,1.191865,0.10966373980045319,0.3619999885559082,0.2939000129699707
YDR194C,YJL130C,0,1.1918617,0.1096305251121521,0.3619999885559082,0.2939999997615814
YDR399W,YLR249W,0,1.1918603,0.1095973327755928,0.3619999885559082,0.29409998655319214
YPL131W,YNL070W,0,1.191817,0.1095641627907753,0.3619999885559082,0.29420000314712524
YNL076W,YPL274W,0,1.1915882,0.10953101515769958,0.3619999885559082,0.29429998993873596
YGL225W,YBL011W,1,1.1915845,0.10980036109685898,0.3630000054836273,0.29429998993873596
YJL162C,YBR129C,0,1.1915822,0.10976716130971909,0.3630000054836273,0.29440000653266907
YJR084W,YNL278W,0,1.1912813,0.10973397642374039,0.3630000054836273,0.2944999933242798
YHL021C,YBL052C,0,1.191202,0.10970081388950348,0.3630000054836273,0.2946000099182129
YGR078C,YOL070C,0,1.1911621,0.10966767370700836,0.3630000054836273,0.2946999967098236
YNL027W,YML023C,0,1.1911026,0.10963454842567444,0.3630000054836273,0.2948000133037567
YMR024W,YKL092C,0,1.1910816,0.1096014529466629,0.3630000054836273,0.29490000009536743
YPL065W,YDR264C,0,1.1910735,0.10956836491823196,0.3630000054836273,0.29499998688697815
YGL194C,YIL042C,0,1.1910686,0.10953530669212341,0.3630000054836273,0.29510000348091125
YGL062W,YGR010W,0,1.1910335,0.10950226336717606,0.3630000054836273,0.295199990272522
YFL005W,YPL237W,0,1.190849,0.10946924239397049,0.3630000054836273,0.2953000068664551
YLR305C,YDR147W,1,1.190248,0.10973771661520004,0.36399999260902405,0.2953000068664551
YDR175C,YOL009C,0,1.1901821,0.1097046434879303,0.36399999260902405,0.2953999936580658
YGR036C,YPL076W,1,1.1901141,0.10997288674116135,0.36500000953674316,0.2953999936580658
YLR166C,YNL321W,0,1.1900076,0.10993976145982742,0.36500000953674316,0.2955000102519989
YNL265C,YLR262C,0,1.189827,0.1099066510796547,0.36500000953674316,0.2955999970436096
YDR034C,YCL024W,0,1.1896578,0.10987357050180435,0.36500000953674316,0.2957000136375427
YNL009W,YPR128C,1,1.1896468,0.11014144122600555,0.3659999966621399,0.2957000136375427
YKL043W,YBR023C,0,1.1893765,0.11010830104351044,0.3659999966621399,0.29580000042915344
YPL078C,YOL042W,0,1.1890291,0.11007519066333771,0.3659999966621399,0.29589998722076416
YKR028W,YDR441C,0,1.1890068,0.11004209518432617,0.3659999966621399,0.29600000381469727
YIL132C,YER162C,0,1.1887869,0.11000901460647583,0.3659999966621399,0.296099990606308
YNL309W,YDL004W,0,1.188746,0.10997596383094788,0.3659999966621399,0.2962000072002411
YGL156W,YGR120C,0,1.1887116,0.10994292795658112,0.3659999966621399,0.2962999939918518
YGL071W,YPR034W,0,1.1886654,0.10990990698337555,0.3659999966621399,0.2964000105857849
YER001W,YLR300W,0,1.1886442,0.10987691581249237,0.3659999966621399,0.29649999737739563
YKL016C,YBR247C,0,1.1886345,0.10984393954277039,0.3659999966621399,0.29660001397132874
YNL246W,YLR384C,0,1.188614,0.1098109781742096,0.3659999966621399,0.29670000076293945
YCL025C,YCL057W,0,1.1885688,0.10977804660797119,0.3659999966621399,0.29679998755455017
YDR021W,YBR293W,0,1.1882285,0.10974512994289398,0.3659999966621399,0.2969000041484833
YKR028W,YML120C,0,1.1878343,0.10971222817897797,0.3659999966621399,0.296999990940094
YOR279C,YML004C,0,1.1878148,0.10967935621738434,0.3659999966621399,0.2971000075340271
YKL073W,YOL115W,0,1.1876333,0.10964649170637131,0.3659999966621399,0.2971999943256378
YNL113W,YML025C,0,1.1875076,0.10961365699768066,0.3659999966621399,0.2973000109195709
YBR049C,YKL127W,0,1.1874145,0.10958083719015121,0.3659999966621399,0.29739999771118164
YGL065C,YJR103W,1,1.1870499,0.10984735190868378,0.367000013589859,0.29739999771118164
YOL011W,YGL065C,1,1.1869931,0.1101137027144432,0.36800000071525574,0.29739999771118164
YHR168W,YNL072W,0,1.1868484,0.1100807636976242,0.36800000071525574,0.29750001430511475
YFR001W,YML120C,0,1.1867027,0.110047847032547,0.36800000071525574,0.29760000109672546
YGL198W,YER003C,0,1.1866114,0.11001494526863098,0.36800000071525574,0.2976999878883362
YAL022C,YKR057W,0,1.1865265,0.10998206585645676,0.36800000071525574,0.2978000044822693
YKL141W,YPL128C,0,1.1863879,0.10994920879602432,0.36800000071525574,0.29789999127388
YOL144W,YOR087W,0,1.1862158,0.10991636663675308,0.36800000071525574,0.2980000078678131
YPL122C,YKL054C,0,1.1860912,0.10988354682922363,0.36800000071525574,0.29809999465942383
YPR095C,YDR512C,0,1.1860843,0.10985074937343597,0.36800000071525574,0.29820001125335693
YIL173W,YPL013C,0,1.1860572,0.10981796681880951,0.36800000071525574,0.29829999804496765
YLR133W,YNL264C,1,1.1859874,0.11008353531360626,0.36899998784065247,0.29829999804496765
YMR272C,YBR109C,1,1.1858696,0.11034893989562988,0.3700000047683716,0.29829999804496765
YLR229C,YHR111W,0,1.1856261,0.11031603813171387,0.3700000047683716,0.29840001463890076
YJR084W,YFR036W,0,1.1853905,0.11028315871953964,0.3700000047683716,0.2985000014305115
YDL216C,YJR092W,0,1.1853569,0.11025030165910721,0.3700000047683716,0.2985999882221222
YGL086W,YCR008W,0,1.1852673,0.11021745949983597,0.3700000047683716,0.2987000048160553
YDL004W,YDR438W,0,1.185203,0.11018463224172592,0.3700000047683716,0.298799991607666
YDR498C,YFR044C,0,1.1851139,0.11015182733535767,0.3700000047683716,0.2989000082015991
YKL022C,YDR349C,0,1.1849641,0.1101190447807312,0.3700000047683716,0.29899999499320984
YIL137C,YAL011W,0,1.1849447,0.11008628457784653,0.3700000047683716,0.29910001158714294
YMR283C,YNL288W,0,1.1848545,0.11005353927612305,0.3700000047683716,0.29919999837875366
YNL300W,YOR234C,0,1.184854,0.11002081632614136,0.3700000047683716,0.2992999851703644
YGR036C,YGR216C,1,1.1848261,0.11028537154197693,0.3709999918937683,0.2992999851703644
YDL058W,YKL080W,0,1.1845615,0.11025260388851166,0.3709999918937683,0.2994000017642975
YDR081C,YMR180C,0,1.1843563,0.11021984368562698,0.3709999918937683,0.2994999885559082
YOR377W,YPL057C,1,1.1843282,0.11048410832881927,0.3720000088214874,0.2994999885559082
YPL087W,YFR019W,1,1.184298,0.11074821650981903,0.37299999594688416,0.2994999885559082
YDR522C,YPL005W,0,1.1842341,0.1107153445482254,0.37299999594688416,0.2996000051498413
YHR146W,YIL120W,0,1.184054,0.11068249493837357,0.37299999594688416,0.299699991941452
YMR214W,YLR216C,0,1.1840227,0.11064966022968292,0.37299999594688416,0.29980000853538513
YKL112W,YHR201C,0,1.183985,0.11061684787273407,0.37299999594688416,0.29989999532699585
YNL251C,YNR051C,0,1.1839731,0.11058405041694641,0.37299999594688416,0.30000001192092896
YNL314W,YHL006C,0,1.183921,0.11055127531290054,0.37299999594688416,0.3000999987125397
YMR047C,YNR051C,0,1.1838913,0.11051851511001587,0.37299999594688416,0.3001999855041504
YBL027W,YLR291C,0,1.1838576,0.11048578470945358,0.37299999594688416,0.3003000020980835
YDR255C,YNL030W,0,1.1836925,0.1104530617594719,0.37299999594688416,0.3003999888896942
YPL235W,YPL083C,0,1.1834304,0.11042036861181259,0.37299999594688416,0.3005000054836273
YPL002C,YFR034C,0,1.1832485,0.11038769036531448,0.37299999594688416,0.30059999227523804
YPR095C,YJL168C,0,1.1831964,0.11035502701997757,0.37299999594688416,0.30070000886917114
YGL171W,YBR196C,0,1.1831666,0.11032239347696304,0.37299999594688416,0.30079999566078186
YGL142C,YML059C,1,1.1831204,0.11058545112609863,0.37400001287460327,0.30079999566078186
YNL314W,YDL128W,0,1.1829652,0.11055276542901993,0.37400001287460327,0.30090001225471497
YNL048W,YNL267W,1,1.182955,0.11081559956073761,0.375,0.30090001225471497
YDR512C,YOR330C,0,1.1828072,0.11078286916017532,0.375,0.3009999990463257
YLR353W,YDR155C,0,1.1825993,0.11075014621019363,0.375,0.3010999858379364
YGL068W,YPR120C,0,1.1825532,0.11071744561195374,0.375,0.3012000024318695
YLR181C,YPL171C,0,1.182402,0.11068476736545563,0.375,0.3012999892234802
YDR127W,YNR006W,0,1.1822671,0.11065211147069931,0.375,0.30140000581741333
YBR129C,YLR319C,0,1.1818146,0.11061947047710419,0.375,0.30149999260902405
YHR164C,YDR151C,0,1.1816348,0.11058684438467026,0.375,0.30160000920295715
YKL117W,YDR201W,0,1.1815536,0.11055424809455872,0.375,0.30169999599456787
YHL009C,YKR102W,0,1.1814138,0.11052165925502777,0.375,0.301800012588501
YKL155C,YDR472W,0,1.1813943,0.11048910021781921,0.375,0.3018999993801117
YIL075C,YLL026W,0,1.1813322,0.11045655608177185,0.375,0.3019999861717224
YNL082W,YBR221C,0,1.1811361,0.11042402684688568,0.375,0.3021000027656555
YDL122W,YLR175W,0,1.1810946,0.1103915199637413,0.375,0.30219998955726624
YMR033W,YLR251W,0,1.1810834,0.11035903543233871,0.375,0.30230000615119934
YDR468C,YIR021W,0,1.1809566,0.11032656580209732,0.375,0.30239999294281006
YDR384C,YBR149W,0,1.1809547,0.11029411852359772,0.375,0.30250000953674316
YHR002W,YGL187C,0,1.1808323,0.11026168614625931,0.375,0.3025999963283539
YDL079C,YOR207C,0,1.1804768,0.11022927612066269,0.375,0.302700012922287
YLR424W,YJL003W,0,1.1802156,0.11019688844680786,0.375,0.3027999997138977
YOL115W,YAL011W,0,1.1801511,0.11016451567411423,0.375,0.3028999865055084
YOL128C,YNL005C,0,1.1800507,0.11013215780258179,0.375,0.30300000309944153
YBR065C,YOR011W,0,1.1799805,0.11009982228279114,0.375,0.30309998989105225
YOL042W,YJL069C,0,1.1798862,0.11006750911474228,0.375,0.30320000648498535
YBR261C,YOR256C,0,1.1798368,0.11003521084785461,0.375,0.30329999327659607
YOR126C,YGR202C,1,1.1797832,0.11029627174139023,0.37599998712539673,0.30329999327659607
YKL125W,YLR424W,0,1.1797289,0.11026392877101898,0.37599998712539673,0.3034000098705292
YGL125W,YDR142C,0,1.1795902,0.11023160070180893,0.37599998712539673,0.3034999966621399
YBL011W,YLR386W,1,1.1795709,0.11049237847328186,0.37700000405311584,0.3034999966621399
YOR189W,YHR201C,0,1.1794088,0.11046000570058823,0.37700000405311584,0.303600013256073
YBR106W,YDR349C,0,1.179301,0.11042764782905579,0.37700000405311584,0.3037000000476837
YGL233W,YKL174C,0,1.179213,0.11039531230926514,0.37700000405311584,0.30379998683929443
YHL021C,YOR371C,0,1.1789538,0.11036299914121628,0.37700000405311584,0.30390000343322754
YDR416W,YJR053W,0,1.1788245,0.11033070087432861,0.37700000405311584,0.30399999022483826
YNR044W,YDL004W,0,1.1787862,0.11029841750860214,0.37700000405311584,0.30410000681877136
YDR276C,YBR021W,0,1.178743,0.11026615649461746,0.37700000405311584,0.3041999936103821
YLR411W,YBR272C,0,1.17847,0.11023391783237457,0.37700000405311584,0.3043000102043152
YBL046W,YJL030W,0,1.1784236,0.11020169407129288,0.37700000405311584,0.3043999969959259
YJL127C,YHR176W,0,1.1783733,0.11016949266195297,0.37700000405311584,0.304500013589859
YLR312W-A,YDR397C,0,1.1783073,0.11013730615377426,0.37700000405311584,0.3046000003814697
YDR513W,YAL047C,0,1.1782371,0.11010514199733734,0.37700000405311584,0.30469998717308044
YGL011C,YER183C,0,1.1781662,0.11007299274206161,0.37700000405311584,0.30480000376701355
YJR055W,YFR024C-A,0,1.1780915,0.11004086583852768,0.37700000405311584,0.30489999055862427
YHR082C,YBL105C,0,1.1780844,0.11000875383615494,0.37700000405311584,0.3050000071525574
YOL034W,YPR079W,0,1.1777008,0.10997666418552399,0.37700000405311584,0.3050999939441681
YDL047W,YCR097W,0,1.1776023,0.10994458943605423,0.37700000405311584,0.3052000105381012
YOR321W,YLR200W,0,1.1775568,0.10991253703832626,0.37700000405311584,0.3052999973297119
YDR027C,YOR148C,0,1.1775486,0.10988049954175949,0.37700000405311584,0.305400013923645
YDR464W,YNR031C,0,1.1773528,0.10984848439693451,0.37700000405311584,0.30550000071525574
YER157W,YDR408C,0,1.1773158,0.10981648415327072,0.37700000405311584,0.30559998750686646
YKL144C,YDR419W,0,1.1773067,0.10978450626134872,0.37700000405311584,0.30570000410079956
YJR057W,YBL046W,0,1.1772351,0.10975255072116852,0.37700000405311584,0.3057999908924103
YOL137W,YJL030W,0,1.1772234,0.10972060263156891,0.37700000405311584,0.3059000074863434
YLR259C,YFR025C,0,1.1772153,0.10968868434429169,0.37700000405311584,0.3059999942779541
YBL025W,YDR205W,0,1.1771518,0.10965677350759506,0.37700000405311584,0.3061000108718872
YNL241C,YBR015C,0,1.1770602,0.10962489247322083,0.37700000405311584,0.3061999976634979
YDR244W,YBR222C,0,1.1766264,0.10959302634000778,0.37700000405311584,0.30630001425743103
YHR005C,YMR156C,0,1.1765777,0.10956117510795593,0.37700000405311584,0.30640000104904175
YOR115C,YDR285W,0,1.1764976,0.10952934622764587,0.37700000405311584,0.30649998784065247
YPL087W,YDR062W,1,1.1764661,0.10978797823190689,0.3779999911785126,0.30649998784065247
YHR191C,YFL062W,0,1.1762383,0.10975609719753265,0.3779999911785126,0.30660000443458557
YKL206C,YMR300C,0,1.1762226,0.10972423851490021,0.3779999911785126,0.3066999912261963
YDR082W,YMR113W,0,1.1761577,0.10969239473342896,0.3779999911785126,0.3068000078201294
YDL079C,YGL032C,0,1.1760246,0.1096605733036995,0.3779999911785126,0.3068999946117401
YBL004W,YDR345C,0,1.1760179,0.10962876677513123,0.3779999911785126,0.3070000112056732
YPL183C,YBR230C,0,1.1756209,0.10959698259830475,0.3779999911785126,0.30709999799728394
YPL210C,YER154W,0,1.1755401,0.10956522077322006,0.3779999911785126,0.30720001459121704
YML086C,YNL041C,0,1.175528,0.10953346639871597,0.3779999911785126,0.30730000138282776
YGR129W,YHR168W,0,1.1755183,0.10950174182653427,0.3779999911785126,0.3073999881744385
YLR222C,YLR244C,0,1.1754451,0.10947002470493317,0.3779999911785126,0.3075000047683716
YPR182W,YGR120C,0,1.1754093,0.10943832993507385,0.3779999911785126,0.3075999915599823
YLR295C,YIL137C,0,1.1753664,0.10940665751695633,0.3779999911785126,0.3077000081539154
YBR044C,YER141W,0,1.1753644,0.109375,0.3779999911785126,0.3077999949455261
YKR087C,YNL062C,0,1.175223,0.10934336483478546,0.3779999911785126,0.30790001153945923
YNL142W,YBR052C,0,1.1751927,0.10931174457073212,0.3779999911785126,0.30799999833106995
YLR089C,YNL005C,0,1.175068,0.10928013920783997,0.3779999911785126,0.30809998512268066
YAL009W,YDR518W,0,1.1749249,0.1092485561966896,0.3779999911785126,0.30820000171661377
YGR222W,YNL192W,0,1.1748463,0.10921698808670044,0.3779999911785126,0.3082999885082245
YHR058C,YIL022W,0,1.1748235,0.10918544232845306,0.3779999911785126,0.3084000051021576
YJR021C,YNL238W,0,1.174763,0.10915391147136688,0.3779999911785126,0.3084999918937683
YDR002W,YNL321W,0,1.174627,0.10912240296602249,0.3779999911785126,0.3086000084877014
YOR049C,YNL082W,0,1.1744695,0.1090909093618393,0.3779999911785126,0.30869999527931213
YPR094W,YOL095C,0,1.1744593,0.10905943810939789,0.3779999911785126,0.30880001187324524
YLR369W,YDL105W,0,1.1744027,0.10902798175811768,0.3779999911785126,0.30889999866485596
YKL141W,YDR023W,0,1.1741194,0.10899654030799866,0.3779999911785126,0.3089999854564667
YMR035W,YDL024C,0,1.174095,0.10896512120962143,0.3779999911785126,0.3091000020503998
YJL214W,YKL005C,0,1.173977,0.1089337170124054,0.3779999911785126,0.3091999888420105
YDR240C,YDL225W,0,1.1735511,0.10890233516693115,0.3779999911785126,0.3093000054359436
YOL142W,YDR462W,0,1.1733445,0.1088709682226181,0.3779999911785126,0.3093999922275543
YCR008W,YDR226W,0,1.1732402,0.10883962363004684,0.3779999911785126,0.3095000088214874
YOL113W,YDR469W,0,1.1731671,0.10880828648805618,0.3779999911785126,0.30959999561309814
YLR305C,YBR177C,1,1.17314,0.1090647503733635,0.3790000081062317,0.30959999561309814
YDL171C,YDR099W,0,1.1731226,0.10903336852788925,0.3790000081062317,0.30970001220703125
YJL082W,YCR026C,0,1.1731101,0.1090020164847374,0.3790000081062317,0.30979999899864197
YJL012C,YOR247W,0,1.1730503,0.10897067189216614,0.3790000081062317,0.3098999857902527
YBR095C,YFL016C,0,1.1728327,0.10893934965133667,0.3790000081062317,0.3100000023841858
YIL144W,YNR013C,0,1.1728002,0.1089080423116684,0.3790000081062317,0.3100999891757965
YKL064W,YJR127C,0,1.1727676,0.10887675732374191,0.3790000081062317,0.3102000057697296
YJL110C,YBL035C,0,1.1727278,0.10884549468755722,0.3790000081062317,0.31029999256134033
YBR061C,YPL169C,0,1.1724553,0.10881423950195312,0.3790000081062317,0.31040000915527344
YMR207C,YPL110C,1,1.1724362,0.10907003283500671,0.3799999952316284,0.31040000915527344
YCR036W,YHR004C,0,1.1719533,0.10903874039649963,0.3799999952316284,0.31049999594688416
YDL015C,YFL031W,1,1.1717333,0.10929431766271591,0.38100001215934753,0.31049999594688416
YOR048C,YIL056W,0,1.1716515,0.10926297307014465,0.38100001215934753,0.31060001254081726
YPR188C,YER042W,0,1.1716429,0.10923165082931519,0.38100001215934753,0.310699999332428
YNL262W,YNL059C,0,1.1714784,0.10920034348964691,0.38100001215934753,0.3107999861240387
YOR101W,YHR149C,0,1.1714509,0.10916905105113983,0.38100001215934753,0.3109000027179718
YHR197W,YPR161C,0,1.1712182,0.10913778096437454,0.38100001215934753,0.3109999895095825
YHR118C,YMR009W,0,1.1711633,0.10910652577877045,0.38100001215934753,0.3111000061035156
YKL008C,YMR313C,1,1.170942,0.10936158150434494,0.38199999928474426,0.3111000061035156
YEL031W,YNL278W,0,1.1709331,0.10933028161525726,0.38199999928474426,0.31119999289512634
YFR034C,YCR024C,0,1.1707088,0.10929899662733078,0.38199999928474426,0.31130000948905945
YKL194C,YDL113C,0,1.1702945,0.10926773399114609,0.38199999928474426,0.31139999628067017
YDR083W,YOR299W,0,1.1701465,0.10923648625612259,0.38199999928474426,0.31150001287460327
YHR074W,YDL010W,0,1.170008,0.10920526087284088,0.38199999928474426,0.311599999666214
YKL002W,YDL213C,0,1.1699247,0.10917405039072037,0.38199999928474426,0.3116999864578247
YGL216W,YJL011C,0,1.1698996,0.10914285480976105,0.38199999928474426,0.3118000030517578
YLL057C,YMR275C,0,1.1698577,0.10911168158054352,0.38199999928474426,0.31189998984336853
YJR103W,YPR128C,1,1.1698383,0.10936607420444489,0.382999986410141,0.31189998984336853
YOL126C,YLR409C,0,1.1698197,0.10933485627174377,0.382999986410141,0.31200000643730164
YHR114W,YBR162W-A,0,1.1698028,0.10930365324020386,0.382999986410141,0.31209999322891235
YHR106W,YPR017C,0,1.1694379,0.10927246510982513,0.382999986410141,0.31220000982284546
YDL103C,YER013W,0,1.169029,0.1092412993311882,0.382999986410141,0.3122999966144562
YHR104W,YMR173W,0,1.1689981,0.10921014845371246,0.382999986410141,0.3124000132083893
YNL078W,YDR361C,0,1.1687946,0.10917901992797852,0.382999986410141,0.3125
YLR330W,YGR281W,0,1.1685854,0.10914790630340576,0.382999986410141,0.3125999867916107
YBR005W,YNL059C,0,1.1685673,0.1091168075799942,0.382999986410141,0.3127000033855438
YGR078C,YLR321C,0,1.1685447,0.10908573120832443,0.382999986410141,0.31279999017715454
YNL274C,YEL062W,0,1.1684746,0.10905466973781586,0.382999986410141,0.31290000677108765
YDR004W,YKL168C,0,1.1684502,0.10902362316846848,0.382999986410141,0.31299999356269836
YOR101W,YOR073W,0,1.1682264,0.10899259895086288,0.382999986410141,0.31310001015663147
YDR237W,YEL062W,0,1.1680694,0.10896158963441849,0.382999986410141,0.3131999969482422
YMR216C,YAL026C,0,1.16804,0.10893060266971588,0.382999986410141,0.3133000135421753
YHR166C,YML069W,0,1.1680019,0.10889963060617447,0.382999986410141,0.313400000333786
YML008C,YNL219C,1,1.1679636,0.10915292799472809,0.3840000033378601,0.313400000333786
YOL115W,YPL008W,0,1.1679589,0.1091219112277031,0.3840000033378601,0.31349998712539673
YPL234C,YDR464W,0,1.1678565,0.1090909093618393,0.3840000033378601,0.31360000371932983
YIR033W,YKL020C,1,1.1677657,0.10934393852949142,0.38499999046325684,0.31360000371932983
YKR095W,YML127W,0,1.1676869,0.10931289196014404,0.38499999046325684,0.31369999051094055
YJR052W,YER157W,0,1.1676812,0.10928186029195786,0.38499999046325684,0.31380000710487366
YGR268C,YMR238W,0,1.1675996,0.10925085097551346,0.38499999046325684,0.3138999938964844
YIL038C,YHL002W,0,1.1675493,0.10921985656023026,0.38499999046325684,0.3140000104904175
YBR203W,YMR055C,0,1.1671871,0.10918888449668884,0.38499999046325684,0.3140999972820282
YMR146C,YPR058W,0,1.1670727,0.10915792733430862,0.38499999046325684,0.3142000138759613
YHR123W,YKL165C,1,1.1669766,0.10941042751073837,0.38600000739097595,0.3142000138759613
YER167W,YML100W,0,1.1667436,0.10937942564487457,0.38600000739097595,0.314300000667572
YLR026C,YIL139C,0,1.1666502,0.10934843868017197,0.38600000739097595,0.31439998745918274
YLR130C,YML097C,0,1.1664389,0.10931747406721115,0.38600000739097595,0.31450000405311584
YDR159W,YDL213C,0,1.1664174,0.10928652435541153,0.38600000739097595,0.31459999084472656
YGR036C,YNL267W,1,1.1663378,0.10953863710165024,0.3869999945163727,0.31459999084472656
YDR310C,YKL110C,0,1.1659847,0.10950764268636703,0.3869999945163727,0.31470000743865967
YCL017C,YGR140W,0,1.1659297,0.10947666317224503,0.3869999945163727,0.3147999942302704
YGL163C,YHR201C,0,1.1655191,0.10944569855928421,0.3869999945163727,0.3149000108242035
YKL150W,YPL120W,1,1.1651225,0.10969748347997665,0.3880000114440918,0.3149000108242035
YBL068W,YDR309C,0,1.1650972,0.10966648161411285,0.3880000114440918,0.3149999976158142
YNL127W,YAL033W,0,1.1648802,0.10963548719882965,0.3880000114440918,0.3151000142097473
YMR304W,YGL257C,0,1.164863,0.10960452258586884,0.3880000114440918,0.31520000100135803
YDR386W,YOL017W,0,1.1648232,0.10957356542348862,0.3880000114440918,0.31529998779296875
YGR240C,YLR077W,0,1.1643689,0.10954263061285019,0.3880000114440918,0.31540000438690186
YIL167W,YKL058W,0,1.1643533,0.10951171070337296,0.3880000114440918,0.3154999911785126
YNL080C,YLR405W,0,1.1643447,0.10948081314563751,0.3880000114440918,0.3156000077724457
YDR194C,YJL050W,0,1.1642871,0.10944993048906326,0.3880000114440918,0.3156999945640564
YNL053W,YPR024W,0,1.1642388,0.10941906273365021,0.3880000114440918,0.3158000111579895
YLR313C,YHR124W,0,1.164015,0.10938821732997894,0.3880000114440918,0.3158999979496002
YLR203C,YPR120C,0,1.1639897,0.10935738682746887,0.3880000114440918,0.3160000145435333
YGR023W,YLR404W,0,1.163668,0.10932657122612,0.3880000114440918,0.31610000133514404
YIL173W,YHR166C,0,1.163511,0.10929577797651291,0.3880000114440918,0.31619998812675476
YDL245C,YHR115C,0,1.1634436,0.10926499217748642,0.3880000114440918,0.31630000472068787
YAR042W,YNR030W,1,1.1633469,0.10951576381921768,0.3889999985694885,0.31630000472068787
YJL010C,YMR229C,0,1.1631954,0.10948494076728821,0.3889999985694885,0.3163999915122986
YDR258C,YNL118C,0,1.1631866,0.10945413261651993,0.3889999985694885,0.3165000081062317
YMR283C,YOR232W,0,1.1630574,0.10942334681749344,0.3889999985694885,0.3165999948978424
YHR005C,YHR164C,0,1.1629117,0.10939257591962814,0.3889999985694885,0.3167000114917755
YMR076C,YBR257W,0,1.162879,0.10936181992292404,0.3889999985694885,0.31679999828338623
YGR092W,YNL026W,0,1.1628029,0.10933108627796173,0.3889999985694885,0.31690001487731934
YHR066W,YGL122C,0,1.1625932,0.10930036753416061,0.3889999985694885,0.31700000166893005
YOR177C,YBR253W,0,1.1624877,0.10926966369152069,0.3889999985694885,0.31709998846054077
YDR001C,YJL154C,0,1.1623747,0.10923897475004196,0.3889999985694885,0.3172000050544739
YKR046C,YHR018C,0,1.1623623,0.10920830816030502,0.3889999985694885,0.3172999918460846
YEL042W,YPL104W,0,1.1622057,0.10917765647172928,0.3889999985694885,0.3174000084400177
YOR176W,YDL165W,0,1.1621234,0.10914702713489532,0.3889999985694885,0.3174999952316284
YKL062W,YPR055W,0,1.1619726,0.10911641269922256,0.3889999985694885,0.3176000118255615
YLR330W,YLR263W,0,1.1617613,0.109085813164711,0.3889999985694885,0.31769999861717224
YKL095W,YFR034C,0,1.1617532,0.10905522853136063,0.3889999985694885,0.31779998540878296
YJR151C,YDR178W,0,1.1615342,0.10902466624975204,0.3889999985694885,0.31790000200271606
YKR056W,YGL068W,0,1.1615024,0.10899411886930466,0.3889999985694885,0.3179999887943268
YFL033C,YGR070W,0,1.1612741,0.10896358639001846,0.3889999985694885,0.3181000053882599
YOR355W,YKL006C-A,0,1.161241,0.10893306881189346,0.3889999985694885,0.3181999921798706
YGR003W,YCR086W,0,1.1611408,0.10890257358551025,0.3889999985694885,0.3183000087738037
YGR257C,YDL154W,0,1.1611114,0.10887209326028824,0.3889999985694885,0.31839999556541443
YGL131C,YMR125W,0,1.1610886,0.10884163528680801,0.3889999985694885,0.31850001215934753
YDR304C,YGR023W,0,1.1609412,0.10881119221448898,0.3889999985694885,0.31859999895095825
YOL077W-A,YLR325C,0,1.1607238,0.10878076404333115,0.3889999985694885,0.31869998574256897
YLR260W,YKR053C,1,1.1606632,0.10902991145849228,0.38999998569488525,0.31869998574256897
YJL013C,YPL270W,0,1.1606349,0.10899943858385086,0.38999998569488525,0.3188000023365021
YLL018C,YDR451C,0,1.1602197,0.10896898806095123,0.38999998569488525,0.3188999891281128
YOR157C,YOR330C,0,1.1602129,0.1089385449886322,0.38999998569488525,0.3190000057220459
YNL079C,YER065C,0,1.160188,0.10890812426805496,0.38999998569488525,0.3190999925136566
YLR342W,YDL175C,0,1.1600732,0.10887771844863892,0.38999998569488525,0.3192000091075897
YDR172W,YKL073W,0,1.1598383,0.10884733498096466,0.38999998569488525,0.31929999589920044
YDR500C,YPR086W,0,1.159838,0.1088169664144516,0.38999998569488525,0.31940001249313354
YDR292C,YGR142W,0,1.1598365,0.10878661274909973,0.38999998569488525,0.31949999928474426
YPL249C,YJR034W,0,1.1598014,0.10875627398490906,0.38999998569488525,0.319599986076355
YEL004W,YPR046W,0,1.1597837,0.10872595757246017,0.38999998569488525,0.3197000026702881
YPL010W,YDL215C,0,1.1597729,0.10869564861059189,0.38999998569488525,0.3197999894618988
YCL017C,YML123C,0,1.1597337,0.10866536945104599,0.38999998569488525,0.3199000060558319
YLR330W,YDR155C,0,1.1595528,0.10863509774208069,0.38999998569488525,0.3199999928474426
YOR159C,YDR328C,0,1.1594276,0.10860484838485718,0.38999998569488525,0.32010000944137573
YCR024C-A,YER052C,0,1.159348,0.10857461392879486,0.38999998569488525,0.32019999623298645
YNL080C,YGR024C,0,1.1592987,0.10854439437389374,0.38999998569488525,0.32030001282691956
YCR026C,YAL026C,0,1.1592903,0.10851418972015381,0.38999998569488525,0.3203999996185303
YDL178W,YER018C,0,1.1590143,0.10848400741815567,0.38999998569488525,0.320499986410141
YHL028W,YLR453C,0,1.158502,0.10845384001731873,0.38999998569488525,0.3206000030040741
YMR014W,YFR030W,0,1.1584294,0.10842368751764297,0.38999998569488525,0.3206999897956848
YCL043C,YOR194C,0,1.1581888,0.10839354991912842,0.38999998569488525,0.3208000063896179
YPL249C,YOR142W,0,1.1580484,0.10836343467235565,0.38999998569488525,0.32089999318122864
YCL033C,YJR095W,0,1.1580137,0.10833333432674408,0.38999998569488525,0.32100000977516174
YBR120C,YDL208W,0,1.1578411,0.1083032488822937,0.38999998569488525,0.32109999656677246
YDR399W,YFR044C,0,1.1578012,0.10827317833900452,0.38999998569488525,0.32120001316070557
YML010W,YLR052W,0,1.1575055,0.10824313014745712,0.38999998569488525,0.3212999999523163
YPL175W,YHR190W,1,1.1574119,0.10849056392908096,0.39100000262260437,0.3212999999523163
YAR050W,YPL104W,0,1.1571562,0.10846047103404999,0.39100000262260437,0.321399986743927
YKR089C,YER015W,1,1.1568345,0.10870771110057831,0.3919999897480011,0.321399986743927
YCR079W,YFR052W,0,1.1568141,0.10867757350206375,0.3919999897480011,0.3215000033378601
YJL042W,YDR383C,0,1.1567386,0.10864745080471039,0.3919999897480011,0.3215999901294708
YDR316W,YML016C,0,1.156727,0.10861734300851822,0.3919999897480011,0.32170000672340393
YOL011W,YOR109W,1,1.1567175,0.10886426270008087,0.3930000066757202,0.32170000672340393
YKL112W,YJL145W,0,1.1566602,0.10883411765098572,0.3930000066757202,0.32179999351501465
YBR083W,YMR286W,0,1.1564307,0.10880398750305176,0.3930000066757202,0.32190001010894775
YJL197W,YNL036W,0,1.1562754,0.10877387225627899,0.3930000066757202,0.32199999690055847
YML028W,YLR442C,0,1.1562384,0.10874377191066742,0.3930000066757202,0.3221000134944916
YLL015W,YPR141C,0,1.1562299,0.10871369391679764,0.3930000066757202,0.3222000002861023
YGL174W,YAL060W,0,1.1561267,0.10868363082408905,0.3930000066757202,0.322299987077713
YLR119W,YMR038C,0,1.1561091,0.10865358263254166,0.3930000066757202,0.3224000036716461
YEL030W,YOR122C,0,1.156109,0.10862354934215546,0.3930000066757202,0.32249999046325684
YDR538W,YDL236W,0,1.1560444,0.10859353095293045,0.3930000066757202,0.32260000705718994
YIL142W,YKL217W,0,1.1559359,0.10856353491544724,0.3930000066757202,0.32269999384880066
YCL025C,YER048C,0,1.1558614,0.10853355377912521,0.3930000066757202,0.32280001044273376
YLL043W,YNL078W,0,1.1555117,0.10850358754396439,0.3930000066757202,0.3228999972343445
YLR262C,YGL145W,0,1.1553837,0.10847364366054535,0.3930000066757202,0.3230000138282776
YIL157C,YIL132C,0,1.1552107,0.10844370722770691,0.3930000066757202,0.3231000006198883
YGL243W,YJR099W,0,1.1552095,0.10841379314661026,0.3930000066757202,0.323199987411499
YLR009W,YOR252W,0,1.1550078,0.1083838939666748,0.3930000066757202,0.32330000400543213
YOL121C,YDL107W,0,1.154862,0.10835400968790054,0.3930000066757202,0.32339999079704285
YJR130C,YPL094C,0,1.1545976,0.10832414776086807,0.3930000066757202,0.32350000739097595
YNL106C,YOL032W,1,1.1544927,0.10856985300779343,0.39399999380111694,0.32350000739097595
YGR174C,YMR143W,0,1.154226,0.10853994637727737,0.39399999380111694,0.32359999418258667
YMR199W,YDR477W,0,1.1541978,0.10851005464792252,0.39399999380111694,0.3237000107765198
YGR034W,YOR261C,0,1.1541649,0.10848017781972885,0.39399999380111694,0.3237999975681305
YNL267W,YJR103W,1,1.1541237,0.10872557014226913,0.39500001072883606,0.3237999975681305
YBR279W,YKL069W,0,1.1540476,0.10869564861059189,0.39500001072883606,0.3239000141620636
YGR134W,YDR349C,0,1.1540447,0.10866574943065643,0.39500001072883606,0.3240000009536743
YJL074C,YMR053C,0,1.1540233,0.10863586515188217,0.39500001072883606,0.32409998774528503
YHR135C,YKR087C,0,1.1539905,0.1086059957742691,0.39500001072883606,0.32420000433921814
YML102W,YML107C,0,1.1539898,0.10857614129781723,0.39500001072883606,0.32429999113082886
YLR247C,YOR125C,0,1.1539835,0.10854630172252655,0.39500001072883606,0.32440000772476196
YLR378C,YJL179W,0,1.1539252,0.10851648449897766,0.39500001072883606,0.3244999945163727
YOR153W,YLR029C,0,1.1538311,0.10848668217658997,0.39500001072883606,0.3246000111103058
YBR150C,YDR098C,0,1.153752,0.10845689475536346,0.39500001072883606,0.3246999979019165
YGL225W,YHR007C,1,1.1537318,0.10870161652565002,0.3959999978542328,0.3246999979019165
YDL028C,YDR009W,0,1.1537186,0.10867179185152054,0.3959999978542328,0.3248000144958496
YPR169W,YGR048W,0,1.1536885,0.10864197462797165,0.3959999978542328,0.3249000012874603
YLR247C,YPR141C,0,1.1533844,0.10861217975616455,0.3959999978542328,0.32499998807907104
YBR265W,YNL264C,1,1.1533403,0.10885659605264664,0.3970000147819519,0.32499998807907104
YER169W,YJR113C,0,1.1530043,0.10882675647735596,0.3970000147819519,0.32510000467300415
YBR280C,YDL054C,0,1.15279,0.10879693180322647,0.3970000147819519,0.32519999146461487
YGL198W,YLR216C,0,1.1527776,0.10876712203025818,0.3970000147819519,0.325300008058548
YLR398C,YJR036C,0,1.1526085,0.10873733460903168,0.3970000147819519,0.3253999948501587
YHR069C,YOR368W,0,1.1525316,0.10870755463838577,0.3970000147819519,0.3255000114440918
YIL008W,YDR412W,0,1.1524258,0.10867779701948166,0.3970000147819519,0.3255999982357025
YDR079W,YOL021C,0,1.1523044,0.10864805430173874,0.3970000147819519,0.3257000148296356
YDR009W,YJL179W,0,1.1522577,0.10861833393573761,0.3970000147819519,0.32580000162124634
YMR052W,YDR202C,0,1.1521729,0.10858862102031708,0.3970000147819519,0.32589998841285706
YBR002C,YOR245C,1,1.1521653,0.10883237421512604,0.39800000190734863,0.32589998841285706
YNL053W,YPL169C,0,1.1519008,0.10880262404680252,0.39800000190734863,0.32600000500679016
YDR072C,YLR242C,1,1.1518201,0.10904619097709656,0.39899998903274536,0.32600000500679016
YOR360C,YHR029C,0,1.1516522,0.10901639610528946,0.39899998903274536,0.3260999917984009
YLR118C,YCR048W,1,1.15159,0.10925976186990738,0.4000000059604645,0.3260999917984009
YGR257C,YDR281C,0,1.1515341,0.1092299297451973,0.4000000059604645,0.326200008392334
YGL012W,YAL051W,1,1.1515316,0.10947310924530029,0.4009999930858612,0.326200008392334
YNR072W,YML064C,0,1.1513404,0.10944323241710663,0.4009999930858612,0.3262999951839447
YNL111C,YML008C,1,1.1512773,0.1096862182021141,0.4020000100135803,0.3262999951839447
YOR313C,YOR118W,0,1.1512649,0.10965630412101746,0.4020000100135803,0.3264000117778778
YJL155C,YGL150C,0,1.1510746,0.1096263974905014,0.4020000100135803,0.3264999985694885
YNL314W,YPL253C,0,1.1510704,0.10959651321172714,0.4020000100135803,0.32659998536109924
YHR115C,YOL066C,0,1.150981,0.10956663638353348,0.4020000100135803,0.32670000195503235
YOR056C,YBR212W,0,1.1508605,0.1095367819070816,0.4020000100135803,0.32679998874664307
YIL128W,YCR042C,0,1.1508296,0.10950694978237152,0.4020000100135803,0.32690000534057617
YPL006W,YCR044C,1,1.1507396,0.1097494587302208,0.40299999713897705,0.32690000534057617
YKR067W,YDR147W,1,1.1506239,0.10999183356761932,0.40400001406669617,0.32690000534057617
YCR018C,YPL098C,0,1.1506236,0.10996189713478088,0.40400001406669617,0.3269999921321869
YFL048C,YDR438W,0,1.1505733,0.10993197560310364,0.40400001406669617,0.32710000872612
YER031C,YMR168C,0,1.1502235,0.10990206897258759,0.40400001406669617,0.3271999955177307
YDL220C,YDR383C,0,1.150169,0.10987217724323273,0.40400001406669617,0.3273000121116638
YLR084C,YNL177C,0,1.1500474,0.10984230786561966,0.40400001406669617,0.32739999890327454
YHR143W-A,YAL019W,0,1.149926,0.10981244593858719,0.40400001406669617,0.32749998569488525
YDR104C,YOR205C,0,1.1497467,0.10978260636329651,0.40400001406669617,0.32760000228881836
YEL004W,YPL124W,0,1.1496165,0.10975278168916702,0.40400001406669617,0.3276999890804291
YKR086W,YOR056C,0,1.1493924,0.10972297936677933,0.40400001406669617,0.3278000056743622
YNR072W,YPR057W,0,1.1491499,0.10969318449497223,0.40400001406669617,0.3278999924659729
YER031C,YNL041C,0,1.1491426,0.10966341197490692,0.40400001406669617,0.328000009059906
YNL257C,YML025C,0,1.1491094,0.10963364690542221,0.40400001406669617,0.3280999958515167
YPR188C,YKL026C,0,1.1490685,0.10960390418767929,0.40400001406669617,0.32820001244544983
YKL095W,YCL024W,0,1.1489768,0.10957417637109756,0.40400001406669617,0.32829999923706055
YAL005C,YDR162C,0,1.1485835,0.10954447090625763,0.40400001406669617,0.32839998602867126
YPR190C,YGR278W,0,1.1485407,0.10951477289199829,0.40400001406669617,0.32850000262260437
YGR271C-A,YNL137C,0,1.148531,0.10948509722948074,0.40400001406669617,0.3285999894142151
YDR325W,YLR203C,0,1.1485265,0.10945542901754379,0.40400001406669617,0.3287000060081482
YDR484W,YML128C,0,1.1480958,0.10942578315734863,0.40400001406669617,0.3287999927997589
YLR130C,YDL161W,0,1.147991,0.10939615219831467,0.40400001406669617,0.328900009393692
YDL174C,YGL045W,0,1.1477132,0.10936654359102249,0.40400001406669617,0.32899999618530273
YPR141C,YML011C,0,1.1476606,0.10933694243431091,0.40400001406669617,0.32910001277923584
YER157W,YBR115C,0,1.1476403,0.10930735617876053,0.40400001406669617,0.32919999957084656
YJR049C,YHR024C,0,1.1474744,0.10927779227495193,0.40400001406669617,0.3292999863624573
YKL150W,YBL011W,1,1.1474489,0.10951866209506989,0.4050000011920929,0.3292999863624573
YNR057C,YER100W,0,1.1473647,0.10948905348777771,0.4050000011920929,0.3294000029563904
YHR004C,YPL213W,0,1.1469121,0.10945945978164673,0.4050000011920929,0.3294999897480011
YGR090W,YAL038W,0,1.1467894,0.10942988097667694,0.4050000011920929,0.3296000063419342
YOR250C,YDR373W,0,1.1466845,0.10940032452344894,0.4050000011920929,0.3296999931335449
YKL015W,YAL054C,0,1.1466426,0.10937078297138214,0.4050000011920929,0.329800009727478
YPR113W,YPR183W,1,1.1464535,0.10961122810840607,0.4059999883174896,0.329800009727478
YOR197W,YJL115W,0,1.146183,0.10958164930343628,0.4059999883174896,0.32989999651908875
YBL035C,YGR239C,0,1.146162,0.10955207794904709,0.4059999883174896,0.33000001311302185
YGL112C,YBR162W-A,0,1.146057,0.10952252149581909,0.4059999883174896,0.33009999990463257
YNL241C,YNL030W,0,1.1459805,0.10949298739433289,0.4059999883174896,0.3301999866962433
YPL016W,YNL321W,0,1.1457144,0.10946346819400787,0.4059999883174896,0.3303000032901764
YJL197W,YIR028W,0,1.1454152,0.10943396389484406,0.4059999883174896,0.3303999900817871
YGR097W,YJR144W,0,1.1454016,0.10940447449684143,0.4059999883174896,0.3305000066757202
YNL080C,YHR132C,0,1.145122,0.109375,0.4059999883174896,0.33059999346733093
YDR403W,YGR024C,0,1.1449019,0.10934554040431976,0.4059999883174896,0.33070001006126404
YDR489W,YCL024W,0,1.1448882,0.10931610316038132,0.4059999883174896,0.33079999685287476
YLR329W,YBL009W,0,1.1448834,0.10928667336702347,0.4059999883174896,0.33090001344680786
YDR404C,YFL024C,0,1.1448755,0.10925726592540741,0.4059999883174896,0.3310000002384186
YCR036W,YPR143W,0,1.1448563,0.10922787338495255,0.4059999883174896,0.3310999870300293
YER142C,YDR292C,0,1.1448294,0.10919849574565887,0.4059999883174896,0.3312000036239624
YDR453C,YIL073C,0,1.1447893,0.1091691330075264,0.4059999883174896,0.3312999904155731
YDR246W,YPR046W,0,1.1447845,0.10913978517055511,0.4059999883174896,0.3314000070095062
YNL220W,YOR207C,0,1.1446916,0.10911045223474503,0.4059999883174896,0.33149999380111694
YBL058W,YHR119W,0,1.1446633,0.10908114165067673,0.4059999883174896,0.33160001039505005
YOL032W,YLR239C,1,1.1445585,0.10932043939828873,0.40700000524520874,0.33160001039505005
YER129W,YDR045C,0,1.144273,0.10929108411073685,0.40700000524520874,0.33169999718666077
YPL023C,YDR515W,0,1.1438644,0.10926174372434616,0.40700000524520874,0.33180001378059387
YFL061W,YIL048W,0,1.1437899,0.10923241823911667,0.40700000524520874,0.3319000005722046
YKL079W,YER168C,0,1.1436357,0.10920311510562897,0.40700000524520874,0.3319999873638153
YPL266W,YGL011C,0,1.1436031,0.10917381942272186,0.40700000524520874,0.3321000039577484
YKR066C,YKL180W,0,1.1435664,0.10914454609155655,0.40700000524520874,0.33219999074935913
YFR009W,YOR130C,0,1.1435457,0.10911528021097183,0.40700000524520874,0.33230000734329224
YNL236W,YER090W,0,1.1432943,0.1090860366821289,0.40700000524520874,0.33239999413490295
YBR248C,YOL144W,0,1.14324,0.10905680805444717,0.40700000524520874,0.33250001072883606
YKL119C,YIL103W,0,1.1431602,0.10902759432792664,0.40700000524520874,0.3325999975204468
YIL122W,YOR018W,0,1.1431596,0.10899839550256729,0.40700000524520874,0.3327000141143799
YLR363C,YJL184W,0,1.1429753,0.10896921157836914,0.40700000524520874,0.3328000009059906
YER019C-A,YER100W,0,1.1429238,0.10894004255533218,0.40700000524520874,0.3328999876976013
YGL187C,YOR293W,0,1.1427107,0.10891088843345642,0.40700000524520874,0.3330000042915344
YOL104C,YDL018C,0,1.1426991,0.10888175666332245,0.40700000524520874,0.33309999108314514
YKR099W,YNL297C,0,1.1426758,0.10885263234376907,0.40700000524520874,0.33320000767707825
YPR094W,YOL061W,0,1.1424901,0.10882353037595749,0.40700000524520874,0.33329999446868896
YLL031C,YLR372W,1,1.1423769,0.10906174778938293,0.40799999237060547,0.33329999446868896
YLR332W,YLR119W,0,1.1422387,0.10903260111808777,0.40799999237060547,0.33340001106262207
YAL047C,YIR021W,0,1.142096,0.1090034767985344,0.40799999237060547,0.3334999978542328
YKL146W,YGR271W,0,1.1420532,0.10897435992956161,0.40799999237060547,0.3336000144481659
YLR369W,YJL212C,0,1.1418008,0.10894525796175003,0.40799999237060547,0.3337000012397766
YOR081C,YJL091C,1,1.141619,0.10918312519788742,0.4090000092983246,0.3337000012397766
YFL033C,YHR034C,0,1.1414814,0.10915399342775345,0.4090000092983246,0.33379998803138733
YOR132W,YDR427W,0,1.1414629,0.10912486910820007,0.4090000092983246,0.33390000462532043
YDR079C-A,YOR028C,0,1.1412877,0.10909575968980789,0.4090000092983246,0.33399999141693115
YOR377W,YJL100W,1,1.1412014,0.109333336353302,0.4099999964237213,0.33399999141693115
YER065C,YDL212W,0,1.141106,0.10930418223142624,0.4099999964237213,0.33410000801086426
YGR027C,YGR024C,0,1.1408849,0.10927505046129227,0.4099999964237213,0.334199994802475
YML132W,YGL029W,0,1.1407427,0.10924593359231949,0.4099999964237213,0.3343000113964081
YNL256W,YLR071C,0,1.1407195,0.1092168390750885,0.4099999964237213,0.3343999981880188
YBR188C,YGR070W,0,1.1402551,0.10918775200843811,0.4099999964237213,0.3345000147819519
YIL140W,YHR120W,0,1.1399958,0.10915867984294891,0.4099999964237213,0.3346000015735626
YKL048C,YNL321W,0,1.1399603,0.10912962257862091,0.4099999964237213,0.33469998836517334
YNL281W,YGR260W,0,1.1398778,0.1091005876660347,0.4099999964237213,0.33480000495910645
YMR161W,YPL213W,0,1.1397855,0.10907156020402908,0.4099999964237213,0.33489999175071716
YGR005C,YJR092W,0,1.1397344,0.10904255509376526,0.4099999964237213,0.33500000834465027
YDL134C,YJL159W,0,1.1396112,0.10901355743408203,0.4099999964237213,0.335099995136261
YMR231W,YHL027W,0,1.1394018,0.1089845821261406,0.4099999964237213,0.3352000117301941
YJR035W,YER183C,0,1.1393878,0.10895562171936035,0.4099999964237213,0.3352999985218048
YIL023C,YLR299W,0,1.1393877,0.1089266762137413,0.4099999964237213,0.3353999853134155
YIL134W,YER162C,0,1.1391243,0.10889774560928345,0.4099999964237213,0.33550000190734863
YLR411W,YJR036C,0,1.1390234,0.10886882990598679,0.4099999964237213,0.33559998869895935
YBR095C,YMR318C,0,1.1387575,0.10883992910385132,0.4099999964237213,0.33570000529289246
YGL083W,YMR030W,0,1.1386843,0.10881104320287704,0.4099999964237213,0.3357999920845032
YPL240C,YPR125W,0,1.1386485,0.10878217220306396,0.4099999964237213,0.3359000086784363
YDR301W,YAL059W,0,1.1386067,0.10875331610441208,0.4099999964237213,0.335999995470047
YGL022W,YKL213C,0,1.1383647,0.10872447490692139,0.4099999964237213,0.3361000120639801
YJR105W,YPL115C,0,1.1380095,0.10869564861059189,0.4099999964237213,0.3361999988555908
YML019W,YOR301W,0,1.1379795,0.10866684466600418,0.4099999964237213,0.33629998564720154
YDR331W,YMR207C,1,1.13789,0.10890302062034607,0.41100001335144043,0.33629998564720154
YGR077C,YLR095C,0,1.1378636,0.10887417197227478,0.41100001335144043,0.33640000224113464
YOL090W,YDR499W,0,1.1378303,0.10884533822536469,0.41100001335144043,0.33649998903274536
YPR152C,YIR019C,0,1.1377987,0.10881651937961578,0.41100001335144043,0.33660000562667847
YJR040W,YGR020C,0,1.1377462,0.10878771543502808,0.41100001335144043,0.3366999924182892
YMR014W,YDR155C,0,1.1376238,0.10875893384218216,0.41100001335144043,0.3368000090122223
YJL187C,YLR429W,0,1.13748,0.10873015969991684,0.41100001335144043,0.336899995803833
YCR036W,YML073C,0,1.1374793,0.10870140045881271,0.41100001335144043,0.3370000123977661
YNL224C,YIL153W,0,1.1374614,0.10867266356945038,0.41100001335144043,0.33709999918937683
YMR220W,YGR227W,1,1.1374216,0.1089082732796669,0.41200000047683716,0.33709999918937683
YBR150C,YKL141W,0,1.1374052,0.10887949168682098,0.41200000047683716,0.33719998598098755
YPL266W,YDR468C,0,1.1373633,0.10885072499513626,0.41200000047683716,0.33730000257492065
YJL098W,YDL213C,0,1.1371691,0.10882197320461273,0.41200000047683716,0.33739998936653137
YMR008C,YPR128C,1,1.1367469,0.10905729979276657,0.4129999876022339,0.33739998936653137
YDR100W,YER104W,0,1.1367025,0.10902851074934006,0.4129999876022339,0.3375000059604645
YKL038W,YDR462W,0,1.136471,0.10899973660707474,0.4129999876022339,0.3375999927520752
YGR094W,YDR087C,0,1.1363739,0.10897097736597061,0.4129999876022339,0.3377000093460083
YOL028C,YOR079C,0,1.1362334,0.10894223302602768,0.4129999876022339,0.337799996137619
YLR384C,YIL043C,0,1.1362101,0.10891350358724594,0.4129999876022339,0.3379000127315521
YDR322C-A,YOL042W,0,1.136127,0.1088847890496254,0.4129999876022339,0.33799999952316284
YBL066C,YGL133W,0,1.1360874,0.10885608941316605,0.4129999876022339,0.33809998631477356
YHR001W-A,YOR380W,0,1.135945,0.10882740467786789,0.4129999876022339,0.33820000290870667
YPL046C,YDR430C,0,1.135942,0.10879873484373093,0.4129999876022339,0.3382999897003174
YBL004W,YNL167C,0,1.135822,0.10877007991075516,0.4129999876022339,0.3384000062942505
YIL049W,YLR305C,1,1.1355693,0.10900473594665527,0.414000004529953,0.3384000062942505
YDR028C,YOR266W,0,1.1352489,0.10897604376077652,0.414000004529953,0.3384999930858612
YJL082W,YOR195W,0,1.1348991,0.10894736647605896,0.414000004529953,0.3386000096797943
YCL044C,YGR084C,0,1.1348612,0.1089187040925026,0.414000004529953,0.33869999647140503
YDL216C,YPL169C,0,1.1347138,0.10889005661010742,0.414000004529953,0.33880001306533813
YLR244C,YPL213W,0,1.1346072,0.10886142402887344,0.414000004529953,0.33889999985694885
YOR194C,YBL085W,0,1.1343141,0.10883280634880066,0.414000004529953,0.33899998664855957
YOL062C,YKL130C,0,1.1341873,0.10880420356988907,0.414000004529953,0.3391000032424927
YPR094W,YHR066W,0,1.1339068,0.10877561569213867,0.414000004529953,0.3391999900341034
YBR003W,YPL006W,1,1.1338454,0.10900972038507462,0.41499999165534973,0.3391999900341034
YLL029W,YNL153C,0,1.1336819,0.10898109525442123,0.41499999165534973,0.3393000066280365
YNL085W,YIL153W,0,1.1336604,0.10895247757434845,0.41499999165534973,0.3393999934196472
YHR123W,YGR170W,1,1.133452,0.10918635129928589,0.41600000858306885,0.3393999934196472
YOR078W,YEL006W,0,1.1332777,0.10915770381689072,0.41600000858306885,0.3395000100135803
YGR036C,YJR103W,1,1.1332664,0.10939139872789383,0.4169999957084656,0.3395000100135803
YPR185W,YGL133W,0,1.133169,0.10936270654201508,0.4169999957084656,0.33959999680519104
YIL122W,YNR056C,0,1.1331221,0.10933402925729752,0.4169999957084656,0.33970001339912415
YLR355C,YOR340C,0,1.1330762,0.10930537432432175,0.4169999957084656,0.33980000019073486
YIL063C,YDR361C,0,1.1329831,0.10927672684192657,0.4169999957084656,0.3398999869823456
YPR185W,YMR153W,0,1.1328474,0.1092481017112732,0.4169999957084656,0.3400000035762787
YLR382C,YNL097C,0,1.132784,0.10921948403120041,0.4169999957084656,0.3400999903678894
YBR131W,YER046W,0,1.1326746,0.10919088870286942,0.4169999957084656,0.3402000069618225
YKL043W,YOL116W,0,1.1326646,0.10916230082511902,0.4169999957084656,0.3402999937534332
YPL183W-A,YDR188W,0,1.1323738,0.10913373529911041,0.4169999957084656,0.34040001034736633
YKL208W,YKR100C,0,1.132366,0.1091051772236824,0.4169999957084656,0.34049999713897705
YIL022W,YER003C,0,1.132296,0.10907664149999619,0.4169999957084656,0.34060001373291016
YBL002W,YNL241C,0,1.1320056,0.10904812067747116,0.4169999957084656,0.3407000005245209
YPL013C,YOR294W,0,1.131986,0.10901960730552673,0.4169999957084656,0.3407999873161316
YPL218W,YML004C,0,1.1319007,0.1089911162853241,0.4169999957084656,0.3409000039100647
YDR034C,YER098W,0,1.1318748,0.10896263271570206,0.4169999957084656,0.3409999907016754
YDR040C,YOR094W,0,1.1317719,0.10893417149782181,0.4169999957084656,0.3411000072956085
YMR116C,YCL043C,0,1.131718,0.10890571773052216,0.4169999957084656,0.34119999408721924
YPL227C,YPR137W,0,1.1315616,0.1088772863149643,0.4169999957084656,0.34130001068115234
YAL015C,YJL001W,0,1.1314641,0.10884886234998703,0.4169999957084656,0.34139999747276306
YPL208W,YDR043C,0,1.131376,0.10882046073675156,0.4169999957084656,0.34150001406669617
YKL014C,YLR309C,0,1.1313686,0.10879206657409668,0.4169999957084656,0.3416000008583069
YJL010C,YNL167C,0,1.1311741,0.1087636947631836,0.4169999957084656,0.3416999876499176
YLR244C,YGL200C,0,1.13108,0.1087353304028511,0.4169999957084656,0.3418000042438507
YNR048W,YJR034W,0,1.1309892,0.1087069883942604,0.4169999957084656,0.3418999910354614
YML102W,YJL140W,0,1.1308327,0.1086786538362503,0.4169999957084656,0.34200000762939453
YAL026C,YOR125C,0,1.1306937,0.108650341629982,0.4169999957084656,0.34209999442100525
YER109C,YER013W,0,1.1302692,0.10862203687429428,0.4169999957084656,0.34220001101493835
YBR230C,YHL031C,0,1.1302611,0.10859374701976776,0.4169999957084656,0.3422999978065491
YDR028C,YLR423C,0,1.1301719,0.10856547951698303,0.4169999957084656,0.3424000144004822
YMR068W,YBR208C,0,1.1301671,0.1085372194647789,0.4169999957084656,0.3425000011920929
YJR078W,YNL258C,0,1.130055,0.10850897431373596,0.4169999957084656,0.3425999879837036
YDL103C,YHR034C,0,1.1300365,0.10848075151443481,0.4169999957084656,0.3427000045776367
YIL106W,YML049C,0,1.1299162,0.10845253616571426,0.4169999957084656,0.34279999136924744
YKL029C,YDL047W,0,1.1297971,0.10842433571815491,0.4169999957084656,0.34290000796318054
YNL239W,YMR172W,0,1.1295692,0.10839615017175674,0.4169999957084656,0.34299999475479126
YNL317W,YOR123C,0,1.1294999,0.10836798697710037,0.4169999957084656,0.34310001134872437
YMR197C,YKL211C,0,1.1293114,0.1083398312330246,0.4169999957084656,0.3431999981403351
YJL092W,YLR417W,0,1.1290635,0.10831169039011002,0.4169999957084656,0.3433000147342682
YPR072W,YFL003C,0,1.1289765,0.10828356444835663,0.4169999957084656,0.3434000015258789
YJL096W,YLR293C,0,1.128924,0.10825545340776443,0.4169999957084656,0.3434999883174896
YER157W,YDR043C,0,1.1287884,0.10822735726833344,0.4169999957084656,0.34360000491142273
YER167W,YER170W,0,1.1287504,0.10819927603006363,0.4169999957084656,0.34369999170303345
YDR405W,YBR162W-A,0,1.1286868,0.10817120969295502,0.4169999957084656,0.34380000829696655
YJR147W,YPL164C,0,1.1284692,0.108143150806427,0.4169999957084656,0.34389999508857727
YGR072W,YMR168C,0,1.1283444,0.10811511427164078,0.4169999957084656,0.3440000116825104
YDR009W,YNL326C,0,1.1282078,0.10808709263801575,0.4169999957084656,0.3440999984741211
YLR035C,YGR224W,0,1.1279825,0.10805908590555191,0.4169999957084656,0.3441999852657318
YGL244W,YLR023C,0,1.1279404,0.10803108662366867,0.4169999957084656,0.3443000018596649
YCL043C,YDR150W,0,1.1278527,0.10800310969352722,0.4169999957084656,0.34439998865127563
YHR185C,YBL105C,0,1.1277755,0.10797514021396637,0.4169999957084656,0.34450000524520874
YOR035C,YJL076W,0,1.1277467,0.10794719308614731,0.4169999957084656,0.34459999203681946
YIL099W,YOL044W,0,1.1275953,0.10791925340890884,0.4169999957084656,0.34470000863075256
YNL316C,YNL164C,0,1.127484,0.10789133608341217,0.4169999957084656,0.3447999954223633
YOR140W,YBR228W,0,1.127447,0.1078634262084961,0.4169999957084656,0.3449000120162964
YKL220C,YIL007C,0,1.1272686,0.10783553123474121,0.4169999957084656,0.3449999988079071
YLR181C,YDR538W,0,1.1269742,0.10780765116214752,0.4169999957084656,0.3450999855995178
YJL110C,YNL153C,0,1.1269203,0.10777978599071503,0.4169999957084656,0.3452000021934509
YBR218C,YOL115W,0,1.126838,0.10775193572044373,0.4169999957084656,0.34529998898506165
YDR472W,YKR095W,0,1.1267525,0.10772410035133362,0.4169999957084656,0.34540000557899475
YDR072C,YJR103W,1,1.1267383,0.10795454680919647,0.4180000126361847,0.34540000557899475
YLR166C,YBR133C,0,1.1264935,0.10792667418718338,0.4180000126361847,0.34549999237060547
YPL180W,YML130C,0,1.1264017,0.10789880901575089,0.4180000126361847,0.3456000089645386
YOR085W,YJL177W,0,1.1263266,0.10787096619606018,0.4180000126361847,0.3456999957561493
YNR051C,YKL166C,0,1.126164,0.10784313827753067,0.4180000126361847,0.3458000123500824
YLR383W,YFR036W,0,1.1261559,0.10781531780958176,0.4180000126361847,0.3458999991416931
YMR055C,YIL085C,0,1.1261107,0.10778751969337463,0.4180000126361847,0.34599998593330383
YMR231W,YBR023C,0,1.1258259,0.10775972902774811,0.4180000126361847,0.34610000252723694
YOR159C,YIL085C,0,1.1257035,0.10773196071386337,0.4180000126361847,0.34619998931884766
YGL130W,YOL023W,0,1.1254152,0.10770419985055923,0.4180000126361847,0.34630000591278076
YKL074C,YLR259C,0,1.1253836,0.10767645388841629,0.4180000126361847,0.3463999927043915
YPL097W,YGL145W,0,1.12478,0.10764872282743454,0.4180000126361847,0.3465000092983246
YOL142W,YML061C,0,1.1247442,0.10762100666761398,0.4180000126361847,0.3465999960899353
YDR040C,YBL102W,0,1.1244739,0.10759330540895462,0.4180000126361847,0.3467000126838684
YOR171C,YHR123W,1,1.1242439,0.1078229546546936,0.4189999997615814,0.3467000126838684
YHR074W,YMR266W,0,1.1241925,0.10779521614313126,0.4189999997615814,0.3467999994754791
YKR080W,YDL217C,0,1.1241076,0.1077674925327301,0.4189999997615814,0.34689998626708984
YIL052C,YOR159C,0,1.1241071,0.10773977637290955,0.4189999997615814,0.34700000286102295
YBR217W,YCR093W,0,1.123731,0.10771208256483078,0.4189999997615814,0.34709998965263367
YER139C,YDR225W,0,1.1235993,0.10768439620733261,0.4189999997615814,0.3472000062465668
YOL091W,YIL099W,0,1.1235873,0.10765673220157623,0.4189999997615814,0.3472999930381775
YMR220W,YHL003C,1,1.1235087,0.1078859493136406,0.41999998688697815,0.3472999930381775
YNL273W,YJL173C,0,1.1234684,0.10785824060440063,0.41999998688697815,0.3474000096321106
YNL073W,YCR105W,0,1.1234295,0.10783055424690247,0.41999998688697815,0.3474999964237213
YMR268C,YPL072W,0,1.1232568,0.1078028753399849,0.41999998688697815,0.3476000130176544
YDL044C,YNL232W,0,1.1232568,0.10777521133422852,0.41999998688697815,0.34769999980926514
YDL201W,YLL019C,0,1.1232103,0.10774756222963333,0.41999998688697815,0.34779998660087585
YML080W,YGL014W,0,1.1232059,0.10771992802619934,0.41999998688697815,0.34790000319480896
YOR334W,YML047C,0,1.1231622,0.10769230872392654,0.41999998688697815,0.3479999899864197
YCR057C,YOR205C,0,1.123031,0.10766470432281494,0.41999998688697815,0.3481000065803528
YPL117C,YBR161W,1,1.1229926,0.10789338499307632,0.42100000381469727,0.3481000065803528
YNL246W,YHR079C,0,1.1228704,0.10786574333906174,0.42100000381469727,0.3481999933719635
YCR003W,YBL014C,0,1.1228002,0.10783811658620834,0.42100000381469727,0.3483000099658966
YNL106C,YCR068W,1,1.1226465,0.10806658118963242,0.421999990940094,0.3483000099658966
YER122C,YLR117C,0,1.1224293,0.10803891718387604,0.421999990940094,0.3483999967575073
YOR156C,YML111W,0,1.1223688,0.10801126062870026,0.421999990940094,0.34850001335144043
YPL237W,YIL043C,0,1.122167,0.10798362642526627,0.421999990940094,0.34860000014305115
YBR084C-A,YDL054C,0,1.121763,0.10795599967241287,0.421999990940094,0.34869998693466187
YMR239C,YLR203C,0,1.1217624,0.10792838782072067,0.421999990940094,0.34880000352859497
YNL021W,YDL215C,0,1.1217237,0.10790079087018967,0.421999990940094,0.3488999903202057
YJL180C,YBR130C,0,1.1216348,0.10787320882081985,0.421999990940094,0.3490000069141388
YGL020C,YDR528W,0,1.1216133,0.10784564167261124,0.421999990940094,0.3490999937057495
YDR513W,YML111W,0,1.121413,0.10781808942556381,0.421999990940094,0.3492000102996826
YHR209W,YGL093W,0,1.1213063,0.10779055207967758,0.421999990940094,0.34929999709129333
YGL121C,YMR228W,0,1.1212611,0.10776302218437195,0.421999990940094,0.34940001368522644
YDR145W,YDR364C,0,1.121028,0.1077355146408081,0.421999990940094,0.34950000047683716
YLR002C,YLR337C,0,1.1210253,0.10770801454782486,0.421999990940094,0.3495999872684479
YIL042C,YOR253W,0,1.121004,0.10768052935600281,0.421999990940094,0.349700003862381
YLR274W,YPR083W,0,1.1209157,0.10765305906534195,0.421999990940094,0.3497999906539917
YML067C,YHR124W,0,1.1209077,0.10762560367584229,0.421999990940094,0.3499000072479248
YDR258C,YPR072W,0,1.1208558,0.10759816318750381,0.421999990940094,0.3499999940395355
YIL042C,YGR183C,0,1.1206913,0.10757073760032654,0.421999990940094,0.35010001063346863
YDR245W,YIR008C,0,1.1205891,0.10754331946372986,0.421999990940094,0.35019999742507935
YGL225W,YIL009W,1,1.1205775,0.10777070373296738,0.4230000078678131,0.35019999742507935
YOR171C,YOL151W,1,1.120349,0.10799796134233475,0.42399999499320984,0.35019999742507935
YIL130W,YLL048C,0,1.1201977,0.1079704612493515,0.42399999499320984,0.35030001401901245
YBR275C,YDL117W,0,1.1201092,0.10794297605752945,0.42399999499320984,0.35040000081062317
YKL064W,YKL043W,0,1.1200533,0.107915498316288,0.42399999499320984,0.3504999876022339
YOR250C,YLR208W,0,1.1197814,0.10788804292678833,0.42399999499320984,0.350600004196167
YJR101W,YLR150W,0,1.119607,0.10786059498786926,0.42399999499320984,0.3506999909877777
YDR001C,YGR145W,0,1.1195637,0.10783316195011139,0.42399999499320984,0.3508000075817108
YPR034W,YLL043W,0,1.119128,0.10780574381351471,0.42399999499320984,0.35089999437332153
YKL038W,YGL243W,0,1.1190822,0.10777834057807922,0.42399999499320984,0.35100001096725464
YKL165C,YML059C,1,1.1189678,0.1080050840973854,0.42500001192092896,0.35100001096725464
YDL215C,YER087C-B,0,1.1187857,0.10797764360904694,0.42500001192092896,0.35109999775886536
YJR017C,YPL128C,0,1.1187752,0.10795021802186966,0.42500001192092896,0.35120001435279846
YKL026C,YBR234C,0,1.1186782,0.10792279988527298,0.42500001192092896,0.3513000011444092
YPR188C,YJR078W,0,1.1184534,0.10789540410041809,0.42500001192092896,0.3513999879360199
YDR452W,YIL106W,0,1.1181992,0.1078680232167244,0.42500001192092896,0.351500004529953
YGR261C,YLR251W,0,1.1180804,0.1078406497836113,0.42500001192092896,0.3515999913215637
YHL007C,YNL225C,0,1.1179574,0.1078132912516594,0.42500001192092896,0.3517000079154968
YBL050W,YPL212C,0,1.1179513,0.10778594762086868,0.42500001192092896,0.35179999470710754
YOR190W,YOR068C,0,1.1177753,0.10775861889123917,0.42500001192092896,0.35190001130104065
YLR019W,YML016C,0,1.117693,0.10773130506277084,0.42500001192092896,0.35199999809265137
YNR074C,YML120C,0,1.1176847,0.10770400613546371,0.42500001192092896,0.3521000146865845
YGL179C,YLR208W,0,1.1176703,0.10767671465873718,0.42500001192092896,0.3522000014781952
YPL274W,YDR151C,0,1.1176355,0.10764944553375244,0.42500001192092896,0.3522999882698059
YDR437W,YCR017C,1,1.117522,0.10787541419267654,0.4259999990463257,0.3522999882698059
YJL013C,YGR140W,0,1.1174265,0.10784810036420822,0.4259999990463257,0.352400004863739
YBL091C-A,YOR149C,1,1.1171082,0.10807390511035919,0.4269999861717224,0.352400004863739
YDR080W,YKR001C,0,1.1170574,0.10804656147956848,0.4269999861717224,0.35249999165534973
YPR141C,YKR036C,0,1.11703,0.10801922529935837,0.4269999861717224,0.35260000824928284
YMR123W,YNL230C,0,1.1166942,0.10799190402030945,0.4269999861717224,0.35269999504089355
YBL025W,YOR117W,0,1.1165673,0.10796460509300232,0.4269999861717224,0.35280001163482666
YDR528W,YOR157C,0,1.1163971,0.10793731361627579,0.4269999861717224,0.3528999984264374
YOR339C,YCL032W,0,1.116381,0.10791002959012985,0.4269999861717224,0.3529999852180481
YGL256W,YCL043C,0,1.1163055,0.10788276791572571,0.4269999861717224,0.3531000018119812
YPL176C,YLL018C,0,1.11624,0.10785552114248276,0.4269999861717224,0.3531999886035919
YPL064C,YPR033C,0,1.116195,0.1078282818198204,0.4269999861717224,0.353300005197525
YHR148W,YBR044C,0,1.1160598,0.10780105739831924,0.4269999861717224,0.35339999198913574
YGL187C,YMR227C,0,1.1158762,0.10777384787797928,0.4269999861717224,0.35350000858306885
YNL021W,YOL004W,0,1.1158442,0.1077466532588005,0.4269999861717224,0.35359999537467957
YMR308C,YDR212W,0,1.1156232,0.10771947354078293,0.4269999861717224,0.35370001196861267
YDR229W,YDR408C,0,1.1155477,0.10769230872392654,0.4269999861717224,0.3537999987602234
YMR296C,YGR175C,1,1.1154554,0.10791729390621185,0.42800000309944153,0.3537999987602234
YDL142C,YJL100W,1,1.1154491,0.1081421747803688,0.42899999022483826,0.3537999987602234
YGR034W,YOR259C,0,1.1154178,0.10811492055654526,0.42899999022483826,0.3538999855518341
YOL146W,YPL176C,0,1.1153212,0.1080876812338829,0.42899999022483826,0.3540000021457672
YPL183C,YPL099C,0,1.1149217,0.10806045681238174,0.42899999022483826,0.35409998893737793
YMR041C,YKR099W,0,1.1148167,0.10803323984146118,0.42899999022483826,0.35420000553131104
YDL018C,YBR276C,0,1.1145809,0.10800604522228241,0.42899999022483826,0.35429999232292175
YLR362W,YMR083W,0,1.1145333,0.10797885805368423,0.42899999022483826,0.35440000891685486
YPL171C,YDR110W,0,1.1145327,0.10795168578624725,0.42899999022483826,0.3544999957084656
YGR252W,YPR061C,0,1.1144733,0.10792452841997147,0.42899999022483826,0.3546000123023987
YMR309C,YOR208W,0,1.1144723,0.10789738595485687,0.42899999022483826,0.3546999990940094
YOR355W,YER022W,0,1.1144705,0.10787025094032288,0.42899999022483826,0.3547999858856201
YOL148C,YNL072W,0,1.1144258,0.10784313827753067,0.42899999022483826,0.3549000024795532
YJL210W,YJR031C,0,1.1142554,0.10781603306531906,0.42899999022483826,0.35499998927116394
YDR097C,YLR151C,0,1.1142324,0.10778894275426865,0.42899999022483826,0.35510000586509705
YPL098C,YDL035C,0,1.1141858,0.10776186734437943,0.42899999022483826,0.35519999265670776
YNL072W,YDR225W,0,1.1141694,0.1077348068356514,0.42899999022483826,0.35530000925064087
YOL095C,YGR020C,0,1.1138518,0.10770776122808456,0.42899999022483826,0.3553999960422516
YNL063W,YLR216C,0,1.1137847,0.10768072307109833,0.42899999022483826,0.3555000126361847
YJR043C,YKL099C,0,1.1135547,0.10765369981527328,0.42899999022483826,0.3555999994277954
YDR482C,YDL220C,0,1.1134478,0.10762669146060944,0.42899999022483826,0.35569998621940613
YLR347C,YGR185C,0,1.1134242,0.10759969800710678,0.42899999022483826,0.35580000281333923
YER005W,YPR173C,1,1.1132107,0.10782346874475479,0.4300000071525574,0.35580000281333923
YPL235W,YDR296W,0,1.1130471,0.10779643803834915,0.4300000071525574,0.35589998960494995
YMR322C,YEL060C,0,1.1129069,0.1077694222331047,0.4300000071525574,0.35600000619888306
YBR212W,YOL021C,0,1.1128381,0.10774242132902145,0.4300000071525574,0.3560999929904938
YLR178C,YML004C,0,1.1127803,0.1077154278755188,0.4300000071525574,0.3562000095844269
YHL009C,YFL018C,0,1.1126081,0.10768845677375793,0.4300000071525574,0.3562999963760376
YDL245C,YIL005W,0,1.1125711,0.10766149312257767,0.4300000071525574,0.3564000129699707
YIL023C,YOR388C,0,1.112511,0.1076345443725586,0.4300000071525574,0.3564999997615814
YHR005C-A,YER074W,0,1.1123389,0.10760761052370071,0.4300000071525574,0.35659998655319214
YPL129W,YDR499W,0,1.1123322,0.10758068412542343,0.4300000071525574,0.35670000314712524
YNL139C,YGL125W,0,1.1122963,0.10755378007888794,0.4300000071525574,0.35679998993873596
YMR175W,YGL130W,0,1.1121871,0.10752688348293304,0.4300000071525574,0.35690000653266907
YDR034C,YLR383W,0,1.1119857,0.10750000178813934,0.4300000071525574,0.3569999933242798
YNL183C,YDR180W,0,1.1119459,0.10747313499450684,0.4300000071525574,0.3571000099182129
YPL210C,YNL329C,0,1.1118845,0.10744627565145493,0.4300000071525574,0.3571999967098236
YNL116W,YHR120W,0,1.1117833,0.1074194386601448,0.4300000071525574,0.3573000133037567
YNL023C,YMR168C,0,1.1117585,0.10739260911941528,0.4300000071525574,0.35740000009536743
YDR190C,YMR238W,0,1.111511,0.10736579447984695,0.4300000071525574,0.35749998688697815
YPL133C,YDR235W,0,1.1113803,0.10733899474143982,0.4300000071525574,0.35760000348091125
YDR512C,YOR091W,0,1.1113355,0.10731220245361328,0.4300000071525574,0.357699990272522
YKL200C,YKL201C,0,1.1112908,0.10728543251752853,0.4300000071525574,0.3578000068664551
YKL035W,YGL196W,0,1.1111953,0.10725867003202438,0.4300000071525574,0.3578999936580658
YDL087C,YPL100W,0,1.1111637,0.10723192244768143,0.4300000071525574,0.3580000102519989
YHR039C-A,YHR006W,0,1.1111151,0.10720518231391907,0.4300000071525574,0.3580999970436096
YOL145C,YDR314C,0,1.1110662,0.1071784645318985,0.4300000071525574,0.3582000136375427
YLR270W,YOR074C,0,1.1110655,0.10715175420045853,0.4300000071525574,0.35830000042915344
YNR028W,YFL055W,0,1.1110646,0.10712505877017975,0.4300000071525574,0.35839998722076416
YOL051W,YBR230C,0,1.1110044,0.10709837824106216,0.4300000071525574,0.35850000381469727
YOR236W,YER049W,0,1.1106913,0.10707171261310577,0.4300000071525574,0.358599990606308
YGR195W,YJL066C,0,1.1106904,0.10704506188631058,0.4300000071525574,0.3587000072002411
YOR025W,YCR017C,1,1.1105953,0.10726729780435562,0.4309999942779541,0.3587000072002411
YPL218W,YDR384C,0,1.1104423,0.10724060982465744,0.4309999942779541,0.3587999939918518
YLR313C,YOR094W,0,1.1102786,0.10721392929553986,0.4309999942779541,0.3589000105857849
YLR113W,YLR262C,0,1.110035,0.10718726366758347,0.4309999942779541,0.35899999737739563
YNL020C,YPR030W,0,1.1100343,0.10716061294078827,0.4309999942779541,0.35910001397132874
YMR227C,YLR006C,0,1.1099931,0.10713397711515427,0.4309999942779541,0.35920000076293945
YHR051W,YPL128C,0,1.1099694,0.10710735619068146,0.4309999942779541,0.35929998755455017
YNL137C,YML016C,0,1.1099142,0.10708074271678925,0.4309999942779541,0.3594000041484833
YIL013C,YJL058C,0,1.1097454,0.10705415159463882,0.4309999942779541,0.359499990940094
YMR068W,YJL194W,0,1.1092776,0.1070275604724884,0.4309999942779541,0.3596000075340271
YGL023C,YJR125C,0,1.1090667,0.10700099170207977,0.4309999942779541,0.3596999943256378
YBR265W,YLR118C,1,1.1090572,0.10722263902425766,0.4320000112056732,0.3596999943256378
YHR060W,YDL213C,0,1.1088252,0.10719603300094604,0.4320000112056732,0.3598000109195709
YKL126W,YBR161W,1,1.1087481,0.1074175164103508,0.43299999833106995,0.3598000109195709
YBR026C,YPL058C,1,1.108417,0.1076388880610466,0.4339999854564667,0.3598000109195709
YGL196W,YJL176C,0,1.108197,0.10761220008134842,0.4339999854564667,0.35989999771118164
YGR289C,YPL209C,0,1.1080834,0.10758551955223083,0.4339999854564667,0.36000001430511475
YPR199C,YPL134C,0,1.1080326,0.10755886137485504,0.4339999854564667,0.36010000109672546
YHR135C,YIL031W,0,1.1076641,0.10753221064805984,0.4339999854564667,0.3601999878883362
YKL073W,YLR244C,0,1.1074901,0.10750557482242584,0.4339999854564667,0.3603000044822693
YBR010W,YBL063W,0,1.1074597,0.10747894644737244,0.4339999854564667,0.36039999127388
YMR083W,YGL124C,0,1.1072515,0.10745234042406082,0.4339999854564667,0.3605000078678131
YEL040W,YNL154C,0,1.107238,0.1074257418513298,0.4339999854564667,0.36059999465942383
YOL008W,YLR136C,0,1.1070071,0.10739915817975998,0.4339999854564667,0.36070001125335693
YOR362C,YLR213C,0,1.1069721,0.10737258940935135,0.4339999854564667,0.36079999804496765
YOR085W,YML016C,0,1.1068147,0.10734602808952332,0.4339999854564667,0.36090001463890076
YHL020C,YER005W,1,1.1067809,0.10756676644086838,0.4350000023841858,0.36090001463890076
YKL058W,YBL092W,0,1.1066335,0.10754017531871796,0.4350000023841858,0.3610000014305115
YAL022C,YDR382W,0,1.1065867,0.10751359164714813,0.4350000023841858,0.3610999882221222
YNR059W,YML058W,0,1.1065613,0.1074870303273201,0.4350000023841858,0.3612000048160553
YCR026C,YGR247W,0,1.1064785,0.10746047645807266,0.4350000023841858,0.361299991607666
YEL052W,YGL062W,0,1.1063142,0.10743393748998642,0.4350000023841858,0.3614000082015991
YKL053C-A,YHR143W-A,0,1.1063098,0.10740740597248077,0.4350000023841858,0.36149999499320984
YNL321W,YPR057W,0,1.1062294,0.10738089680671692,0.4350000023841858,0.36160001158714294
YNL069C,YGR181W,0,1.1061503,0.10735439509153366,0.4350000023841858,0.36169999837875366
YDL117W,YER016W,0,1.1057931,0.1073279082775116,0.4350000023841858,0.3617999851703644
YPR094W,YPL075W,0,1.1056727,0.10730142891407013,0.4350000023841858,0.3619000017642975
YER129W,YBL063W,0,1.105668,0.10727497190237045,0.4350000023841858,0.3619999885559082
YOR250C,YGR084C,0,1.105665,0.10724852234125137,0.4350000023841858,0.3621000051498413
YDR392W,YBR112C,0,1.1056281,0.10722208768129349,0.4350000023841858,0.362199991941452
YBL089W,YER028C,0,1.1055474,0.1071956604719162,0.4350000023841858,0.36230000853538513
YOL082W,YDR516C,0,1.1049268,0.1071692556142807,0.4350000023841858,0.36239999532699585
YNL245C,YGR247W,0,1.1048355,0.1071428582072258,0.4350000023841858,0.36250001192092896
YDR072C,YER015W,1,1.104695,0.10736271739006042,0.4359999895095825,0.36250001192092896
YOR208W,YKR087C,0,1.1043938,0.10733629018068314,0.4359999895095825,0.3625999987125397
YPL212C,YJR043C,0,1.1043543,0.10730987042188644,0.4359999895095825,0.3626999855041504
YOR195W,YBR037C,0,1.1042184,0.10728346556425095,0.4359999895095825,0.3628000020980835
YDR371W,YJR053W,0,1.1040268,0.10725707560777664,0.4359999895095825,0.3628999888896942
YKL155C,YFL018C,0,1.1037134,0.10723069310188293,0.4359999895095825,0.3630000054836273
YIL030C,YNL197C,0,1.1036943,0.10720432549715042,0.4359999895095825,0.36309999227523804
YGL049C,YPR111W,0,1.1034896,0.1071779727935791,0.4359999895095825,0.36320000886917114
YLR324W,YKL101W,0,1.1034507,0.10715163499116898,0.4359999895095825,0.36329999566078186
YHR072W,YOR149C,1,1.1033045,0.1073710098862648,0.43700000643730164,0.36329999566078186
YNL021W,YPR112C,0,1.103122,0.10734463483095169,0.43700000643730164,0.36340001225471497
YGL192W,YLR263W,0,1.1030848,0.10731827467679977,0.43700000643730164,0.3634999990463257
YAR031W,YBL063W,0,1.1030573,0.10729192197322845,0.43700000643730164,0.3635999858379364
YFR049W,YDR439W,0,1.1028531,0.10726558417081833,0.43700000643730164,0.3637000024318695
YNL214W,YLR216C,0,1.1028272,0.1072392612695694,0.43700000643730164,0.3637999892234802
YKL006C-A,YPR171W,0,1.1028255,0.10721295326948166,0.43700000643730164,0.36390000581741333
YJL212C,YNR031C,0,1.1028088,0.10718666017055511,0.43700000643730164,0.36399999260902405
YGL065C,YML126C,1,1.1027547,0.10740558803081512,0.43799999356269836,0.36399999260902405
YLR380W,YIL009W,1,1.102246,0.10762441903352737,0.4390000104904175,0.36399999260902405
YMR159C,YJL192C,0,1.1020687,0.10759803652763367,0.4390000104904175,0.36410000920295715
YKL008C,YLR239C,1,1.1018566,0.10781671106815338,0.4399999976158142,0.36410000920295715
YJL011C,YJR063W,0,1.1017451,0.10779029875993729,0.4399999976158142,0.36419999599456787
YDR518W,YBR088C,0,1.1016722,0.10776390135288239,0.4399999976158142,0.364300012588501
YPR026W,YJR006W,0,1.1015571,0.10773751139640808,0.4399999976158142,0.3643999993801117
YDL243C,YNL286W,0,1.1015486,0.10771113634109497,0.4399999976158142,0.3644999861717224
YBL006C,YBR182C,0,1.1013563,0.10768477618694305,0.4399999976158142,0.3646000027656555
YAL051W,YMR079W,1,1.1010406,0.10790310800075531,0.4410000145435333,0.3646000027656555
YIL043C,YKL174C,0,1.1010381,0.10787671059370041,0.4410000145435333,0.36469998955726624
YMR030W,YHR041C,0,1.1008602,0.1078503280878067,0.4410000145435333,0.36480000615119934
YMR220W,YBR004C,1,1.1008322,0.10806845873594284,0.44200000166893005,0.36480000615119934
YGR215W,YBR020W,0,1.1007855,0.10804204642772675,0.44200000166893005,0.36489999294281006
YFR040W,YOR123C,0,1.1007563,0.10801564157009125,0.44200000166893005,0.36500000953674316
YPL137C,YBR168W,0,1.10045,0.10798925161361694,0.44200000166893005,0.3650999963283539
YIL016W,YJL094C,0,1.0998384,0.10796286910772324,0.44200000166893005,0.365200012922287
YDR072C,YPL170W,1,1.0998355,0.1081807091832161,0.4429999887943268,0.365200012922287
YDR437W,YJL091C,1,1.0998354,0.1083984375,0.4440000057220459,0.365200012922287
YLL040C,YNL326C,0,1.0997007,0.10837198048830032,0.4440000057220459,0.3652999997138977
YOR334W,YNR075W,0,1.0996962,0.10834553092718124,0.4440000057220459,0.3653999865055084
YGL225W,YKL008C,1,1.099678,0.10856306552886963,0.4449999928474426,0.3653999865055084
YDL155W,YNL113W,0,1.0996068,0.10853658616542816,0.4449999928474426,0.36550000309944153
YOR208W,YNL299W,0,1.099516,0.10851012170314789,0.4449999928474426,0.36559998989105225
YFL022C,YLL036C,0,1.0994093,0.10848366469144821,0.4449999928474426,0.36570000648498535
YBR200W,YPL280W,0,1.0992903,0.10845723003149033,0.4449999928474426,0.36579999327659607
YGR227W,YHR042W,1,1.0992677,0.10867446660995483,0.44600000977516174,0.36579999327659607
YLR380W,YGR175C,1,1.0991807,0.10889159888029099,0.44699999690055847,0.36579999327659607
YLR353W,YKL144C,0,1.0991437,0.10886507481336594,0.44699999690055847,0.3659000098705292
YPL018W,YGR013W,0,1.0991105,0.10883856564760208,0.44699999690055847,0.3659999966621399
YGL050W,YBR275C,0,1.0990014,0.10881207138299942,0.44699999690055847,0.366100013256073
YGR090W,YNL197C,0,1.0989163,0.10878559201955795,0.44699999690055847,0.3662000000476837
YJL096W,YLR150W,0,1.0986867,0.10875912755727768,0.44699999690055847,0.36629998683929443
YIL016W,YPR180W,0,1.0986578,0.108732670545578,0.44699999690055847,0.36640000343322754
YHR134W,YOR122C,0,1.0985291,0.10870622843503952,0.44699999690055847,0.36649999022483826
YGL019W,YOL136C,0,1.0983453,0.10867979377508163,0.44699999690055847,0.36660000681877136
YBL018C,YER145C,0,1.0982156,0.10865338146686554,0.44699999690055847,0.3666999936103821
YHR106W,YDR405W,0,1.0979902,0.10862697660923004,0.44699999690055847,0.3668000102043152
YPL244C,YGR264C,0,1.097919,0.10860058665275574,0.44699999690055847,0.3668999969959259
YKL125W,YDR137W,0,1.0979098,0.10857420414686203,0.44699999690055847,0.367000013589859
YIL157C,YOR335C,0,1.0978053,0.10854783654212952,0.44699999690055847,0.3671000003814697
YLR051C,YPL244C,0,1.0976126,0.1085214838385582,0.44699999690055847,0.36719998717308044
YNL070W,YPR083W,0,1.097609,0.10849514603614807,0.44699999690055847,0.36730000376701355
YGR144W,YPR149W,0,1.0973462,0.10846881568431854,0.44699999690055847,0.36739999055862427
YPL189W,YGL131C,0,1.0972418,0.10844250023365021,0.44699999690055847,0.3675000071525574
YOL096C,YNL102W,0,1.097101,0.10841619968414307,0.44699999690055847,0.3675999939441681
YOR193W,YOL141W,0,1.097024,0.10838991403579712,0.44699999690055847,0.3677000105381012
YHR001W,YPR173C,1,1.0966908,0.10860606282949448,0.4480000138282776,0.3677000105381012
YLR270W,YOL165C,0,1.0966405,0.10857973992824554,0.4480000138282776,0.3677999973297119
YHL011C,YDR309C,0,1.0965856,0.1085534319281578,0.4480000138282776,0.367900013923645
YGL236C,YPL133C,0,1.0964732,0.10852713137865067,0.4480000138282776,0.36800000071525574
YGR185C,YKR042W,0,1.0962651,0.10850084573030472,0.4480000138282776,0.36809998750686646
YOR011W,YDL220C,0,1.0962234,0.10847457498311996,0.4480000138282776,0.36820000410079956
YJL095W,YIR032C,0,1.0961488,0.1084483191370964,0.4480000138282776,0.3682999908924103
YOR106W,YLR222C,0,1.0961324,0.10842207074165344,0.4480000138282776,0.3684000074863434
YBR061C,YIL048W,0,1.0960068,0.10839583724737167,0.4480000138282776,0.3684999942779541
YLR092W,YBR094W,0,1.0957912,0.1083696186542511,0.4480000138282776,0.3686000108718872
YDR294C,YDR123C,1,1.0956993,0.10858524590730667,0.4490000009536743,0.3686000108718872
YOR358W,YDL212W,0,1.0953501,0.10855899751186371,0.4490000009536743,0.3686999976634979
YNL290W,YDL123W,0,1.0950736,0.10853275656700134,0.4490000009536743,0.36880001425743103
YMR065W,YKL213C,0,1.0950453,0.10850652307271957,0.4490000009536743,0.36890000104904175
YLR332W,YGR057C,0,1.0950209,0.1084803119301796,0.4490000009536743,0.36899998784065247
YER005W,YOR245C,1,1.0948987,0.10869564861059189,0.44999998807907104,0.36899998784065247
YNL009W,YHR073W,1,1.0948012,0.10891088843345642,0.45100000500679016,0.36899998784065247
YGR145W,YIL120W,0,1.0947963,0.10888459533452988,0.45100000500679016,0.36910000443458557
YGR195W,YHR091C,0,1.0946532,0.10885831713676453,0.45100000500679016,0.3691999912261963
YOR208W,YHR205W,0,1.0946349,0.10883204638957977,0.45100000500679016,0.3693000078201294
YJR130C,YNL256W,0,1.094533,0.10880579054355621,0.45100000500679016,0.3693999946117401
YER125W,YFL025C,1,1.0944123,0.10902073979377747,0.4519999921321869,0.3693999946117401
YKL049C,YDR377W,0,1.0943912,0.10899445414543152,0.4519999921321869,0.3695000112056732
YKL039W,YER069W,0,1.0943217,0.10896817594766617,0.4519999921321869,0.36959999799728394
YFL001W,YHR085W,0,1.0943154,0.10894191265106201,0.4519999921321869,0.36970001459121704
YGL225W,YMR272C,1,1.0943006,0.10915662348270416,0.453000009059906,0.36970001459121704
YOR153W,YDR207C,0,1.0941254,0.10913033038377762,0.453000009059906,0.36980000138282776
YGR202C,YHL003C,1,1.0941223,0.10934489220380783,0.45399999618530273,0.36980000138282776
YDL139C,YLR316C,0,1.0940815,0.1093185618519783,0.45399999618530273,0.3698999881744385
YJL011C,YNL047C,0,1.0939299,0.10929224640130997,0.45399999618530273,0.3700000047683716
YDR500C,YBR223C,0,1.0938181,0.10926594585180283,0.45399999618530273,0.3700999915599823
YNL125C,YLR274W,0,1.0937281,0.10923965275287628,0.45399999618530273,0.3702000081539154
YPL011C,YCR038C,0,1.093511,0.10921337455511093,0.45399999618530273,0.3702999949455261
YCR005C,YNL241C,0,1.093392,0.10918711125850677,0.45399999618530273,0.37040001153945923
YDL098C,YPL082C,0,1.0932884,0.10916085541248322,0.45399999618530273,0.37049999833106995
YLR307W,YPL128C,0,1.0932508,0.10913461446762085,0.45399999618530273,0.37059998512268066
YBR029C,YNL130C,1,1.0928549,0.10934871435165405,0.45500001311302185,0.37059998512268066
YOR090C,YHR026W,0,1.0928273,0.1093224436044693,0.45500001311302185,0.37070000171661377
YPL093W,YHL001W,0,1.0928124,0.10929618030786514,0.45500001311302185,0.3707999885082245
YHL002W,YML023C,0,1.0926936,0.10926993191242218,0.45500001311302185,0.3709000051021576
YPL098C,YBL016W,0,1.0925071,0.10924369841814041,0.45500001311302185,0.3709999918937683
YBL034C,YGL238W,0,1.0924946,0.10921747237443924,0.45500001311302185,0.3711000084877014
YMR089C,YEL032W,0,1.0924659,0.10919126123189926,0.45500001311302185,0.37119999527931213
YDR280W,YKL157W,0,1.092418,0.10916506499052048,0.45500001311302185,0.37130001187324524
YKL020C,YDR302W,1,1.0923984,0.10937874764204025,0.4560000002384186,0.37130001187324524
YEL047C,YPL156C,0,1.0923661,0.10935252159833908,0.4560000002384186,0.37139999866485596
YBL091C,YNL025C,0,1.0923512,0.1093263030052185,0.4560000002384186,0.3714999854564667
YKL182W,YBR110W,1,1.0923138,0.10953979194164276,0.4569999873638153,0.3714999854564667
YJL127C,YIL131C,0,1.0921466,0.1095135360956192,0.4569999873638153,0.3716000020503998
YOR363C,YML059C,1,1.0920547,0.10972688347101212,0.4580000042915344,0.3716000020503998
YLR039C,YOR078W,0,1.0919765,0.10970059782266617,0.4580000042915344,0.3716999888420105
YOR202W,YAL031C,0,1.0919194,0.10967432707548141,0.4580000042915344,0.3718000054359436
YPL207W,YHR039C-A,0,1.0916982,0.10964807122945786,0.4580000042915344,0.3718999922275543
YLR390W-A,YHR041C,0,1.0915698,0.10962183028459549,0.4580000042915344,0.3720000088214874
YDR229W,YGR142W,0,1.0913887,0.10959559679031372,0.4580000042915344,0.37209999561309814
YER019W,YPL076W,1,1.091341,0.10980860888957977,0.45899999141693115,0.37209999561309814
YIL133C,YCR046C,0,1.091266,0.10978234559297562,0.45899999141693115,0.37220001220703125
YHR134W,YBR294W,0,1.0911702,0.10975609719753265,0.45899999141693115,0.37229999899864197
YNL163C,YMR067C,0,1.091036,0.10972985625267029,0.45899999141693115,0.3723999857902527
YPL117C,YHR007C,1,1.0904938,0.10994263738393784,0.46000000834465027,0.3723999857902527
YOR048C,YML114C,0,1.0904479,0.10991636663675308,0.46000000834465027,0.3725000023841858
YBL056W,YER065C,0,1.0904028,0.10989011079072952,0.46000000834465027,0.3725999891757965
YDL079C,YLR451W,0,1.0903983,0.10986386239528656,0.46000000834465027,0.3727000057697296
YCR106W,YGL032C,0,1.0902506,0.10983762890100479,0.46000000834465027,0.37279999256134033
YPR043W,YDL054C,0,1.0899528,0.10981141030788422,0.46000000834465027,0.37290000915527344
YNL107W,YJR064W,0,1.08993,0.10978519916534424,0.46000000834465027,0.37299999594688416
YJR002W,YMR156C,0,1.0899185,0.10975901037454605,0.46000000834465027,0.37310001254081726
YOR295W,YBR202W,0,1.0898107,0.10973282158374786,0.46000000834465027,0.373199999332428
YML001W,YCL029C,0,1.08958,0.10970665514469147,0.46000000834465027,0.3732999861240387
YER016W,YDR488C,0,1.0895325,0.10968049615621567,0.46000000834465027,0.3734000027179718
YNL070W,YOL041C,0,1.0894932,0.10965435206890106,0.46000000834465027,0.3734999895095825
YBR236C,YGR208W,0,1.089469,0.10962821543216705,0.46000000834465027,0.3736000061035156
YGR221C,YNL224C,0,1.0893527,0.10960209369659424,0.46000000834465027,0.37369999289512634
YPR133C,YML128C,0,1.0893335,0.10957598686218262,0.46000000834465027,0.37380000948905945
YKL049C,YFL024C,0,1.0892799,0.10954989492893219,0.46000000834465027,0.37389999628067017
YLL002W,YCR083W,0,1.0892394,0.10952381044626236,0.46000000834465027,0.37400001287460327
YDR194C,YPL096W,0,1.0891155,0.10949774086475372,0.46000000834465027,0.374099999666214
YOR275C,YHR124W,0,1.0889487,0.10947167873382568,0.46000000834465027,0.3741999864578247
YPR007C,YPR067W,0,1.088948,0.10944563150405884,0.46000000834465027,0.3743000030517578
YPR008W,YBR135W,0,1.088816,0.10941959917545319,0.46000000834465027,0.37439998984336853
YCR026C,YOR156C,0,1.0887593,0.10939358174800873,0.46000000834465027,0.37450000643730164
YGR258C,YKL003C,0,1.0885321,0.10936757177114487,0.46000000834465027,0.37459999322891235
YDL226C,YOR266W,0,1.0885124,0.1093415766954422,0.46000000834465027,0.37470000982284546
YJL026W,YLL024C,0,1.0884242,0.10931558907032013,0.46000000834465027,0.3747999966144562
YLL031C,YMR015C,1,1.0883741,0.10952720046043396,0.460999995470047,0.3747999966144562
YIL099W,YGR096W,0,1.0882972,0.1095011904835701,0.460999995470047,0.3749000132083893
YLR138W,YDR461W,0,1.0882758,0.10947518050670624,0.460999995470047,0.375
YJR052W,YHR004C,0,1.0881498,0.10944919288158417,0.460999995470047,0.3750999867916107
YHR204W,YIL095W,0,1.0880069,0.1094232127070427,0.460999995470047,0.3752000033855438
YKL046C,YIR010W,0,1.0879791,0.10939724743366241,0.460999995470047,0.37529999017715454
YOR358W,YDR212W,0,1.0879782,0.10937128961086273,0.460999995470047,0.37540000677108765
YHR109W,YPR106W,0,1.0875312,0.10934535413980484,0.460999995470047,0.37549999356269836
YPR009W,YDL213C,0,1.0874844,0.10931941866874695,0.460999995470047,0.37560001015663147
YKR071C,YLR409C,0,1.0873235,0.10929350554943085,0.460999995470047,0.3756999969482422
YOL091W,YDR409W,0,1.0870371,0.10926759988069534,0.460999995470047,0.3758000135421753
YGR048W,YDL102W,0,1.0869782,0.10924170911312103,0.460999995470047,0.375900000333786
YPR025C,YBR126C,0,1.0869145,0.10921582579612732,0.460999995470047,0.37599998712539673
YCR071C,YGR285C,0,1.0869086,0.1091899573802948,0.460999995470047,0.37610000371932983
YGL125W,YJL081C,0,1.0866698,0.10916410386562347,0.460999995470047,0.37619999051094055
YLR191W,YIR039C,0,1.0865995,0.10913825780153275,0.460999995470047,0.37630000710487366
YOR010C,YJR046W,0,1.0865643,0.10911242663860321,0.460999995470047,0.3763999938964844
YKR026C,YOR007C,0,1.0865508,0.10908661037683487,0.460999995470047,0.3765000104904175
YNL048W,YPL006W,1,1.086337,0.10929737240076065,0.4620000123977661,0.3765000104904175
YBR112C,YBR037C,0,1.0862848,0.10927152633666992,0.4620000123977661,0.3765999972820282
YPL075W,YJL137C,0,1.0862476,0.10924568772315979,0.4620000123977661,0.3767000138759613
YDR261C,YBR229C,0,1.0861142,0.10921985656023026,0.4620000123977661,0.376800000667572
YOR153W,YGR214W,0,1.0860797,0.10919404029846191,0.4620000123977661,0.37689998745918274
YOL091W,YCL032W,0,1.0859177,0.10916823893785477,0.4620000123977661,0.37700000405311584
YGL121C,YLR017W,0,1.0858998,0.10914245247840881,0.4620000123977661,0.37709999084472656
YOR360C,YKL203C,0,1.0858308,0.10911667346954346,0.4620000123977661,0.37720000743865967
YCR002C,YCL032W,0,1.0856622,0.1090909093618393,0.4620000123977661,0.3772999942302704
YGR260W,YOR353C,0,1.0855684,0.10906515270471573,0.4620000123977661,0.3774000108242035
YBR217W,YJL162C,0,1.0853131,0.10903941839933395,0.4620000123977661,0.3774999976158142
YEL053C,YML032C,0,1.0851082,0.10901368409395218,0.4620000123977661,0.3776000142097473
YLR350W,YBL101C,0,1.0850904,0.1089879721403122,0.4620000123977661,0.37770000100135803
YBR088C,YHR024C,0,1.0848436,0.10896226763725281,0.4620000123977661,0.37779998779296875
YKR006C,YOR234C,0,1.084501,0.10893657058477402,0.4620000123977661,0.37790000438690186
YOR250C,YER119C,0,1.0842227,0.10891088843345642,0.4620000123977661,0.3779999911785126
YMR230W,YBR173C,0,1.0841113,0.10888522118330002,0.4620000123977661,0.3781000077724457
YGR077C,YNR046W,0,1.0839996,0.10885956883430481,0.4620000123977661,0.3781999945640564
YLR155C,YDR303C,0,1.0839925,0.1088339239358902,0.4620000123977661,0.3783000111579895
YLR070C,YAL024C,0,1.0838912,0.10880828648805618,0.4620000123977661,0.3783999979496002
YDR519W,YOR140W,0,1.0837679,0.10878267139196396,0.4620000123977661,0.3785000145435333
YPL183W-A,YKL093W,0,1.0834146,0.10875706374645233,0.4620000123977661,0.37860000133514404
YOL052C,YAL019W,0,1.083409,0.1087314635515213,0.4620000123977661,0.37869998812675476
YLR027C,YDL045W-A,0,1.0833378,0.10870588570833206,0.4620000123977661,0.37880000472068787
YIL162W,YOR028C,0,1.0833198,0.10868030786514282,0.4620000123977661,0.3788999915122986
YDR372C,YBR010W,0,1.0833077,0.10865475237369537,0.4620000123977661,0.3790000081062317
YOR209C,YNL113W,0,1.0832748,0.10862920433282852,0.4620000123977661,0.3790999948978424
YBR106W,YFL017W-A,0,1.0832741,0.10860366374254227,0.4620000123977661,0.3792000114917755
YNL251C,YOL089C,0,1.0832573,0.1085781455039978,0.4620000123977661,0.37929999828338623
YJL151C,YLR289W,0,1.0832487,0.10855263471603394,0.4620000123977661,0.37940001487731934
YOR025W,YHR188C,1,1.0830903,0.10876204073429108,0.46299999952316284,0.37940001487731934
YMR055C,YMR067C,0,1.083026,0.10873649269342422,0.46299999952316284,0.37950000166893005
YDR361C,YMR135C,0,1.0830029,0.10871096700429916,0.46299999952316284,0.37959998846054077
YOR083W,YFL010W-A,0,1.0829276,0.1086854487657547,0.46299999952316284,0.3797000050544739
YDL064W,YDR371W,0,1.0826393,0.10865993797779083,0.46299999952316284,0.3797999918460846
YNR012W,YOR122C,0,1.0826105,0.10863444209098816,0.46299999952316284,0.3799000084400177
YBL007C,YGL032C,0,1.0825984,0.10860896110534668,0.46299999952316284,0.3799999952316284
YNL163C,YDR303C,0,1.0823368,0.1085834875702858,0.46299999952316284,0.3801000118255615
YOR171C,YGR036C,1,1.082122,0.1087924987077713,0.46399998664855957,0.3801000118255615
YLR395C,YLR130C,0,1.0820655,0.10876699537038803,0.46399998664855957,0.38019999861717224
YJL176C,YGR275W,0,1.0819805,0.10874150693416595,0.46399998664855957,0.38029998540878296
YPR104C,YNL073W,0,1.0819085,0.10871602594852448,0.46399998664855957,0.38040000200271606
YKR019C,YBR004C,1,1.0818708,0.10892480611801147,0.4650000035762787,0.38040000200271606
YLR054C,YLR066W,0,1.081805,0.10889929533004761,0.4650000035762787,0.3804999887943268
YKR067W,YAR035W,1,1.0816411,0.10910793393850327,0.4659999907016754,0.3804999887943268
YDR191W,YGL126W,1,1.0814295,0.10931647568941116,0.46700000762939453,0.3804999887943268
YHR170W,YNR013C,0,1.0813543,0.10929089784622192,0.46700000762939453,0.3806000053882599
YPL097W,YBL052C,0,1.0813538,0.10926532745361328,0.46700000762939453,0.3806999921798706
YFR014C,YOR359W,0,1.081283,0.10923976451158524,0.46700000762939453,0.3808000087738037
YLR298C,YBR276C,0,1.0812399,0.10921421647071838,0.46700000762939453,0.38089999556541443
YDR261C,YKL132C,0,1.0812098,0.10918868333101273,0.46700000762939453,0.38100001215934753
YJL200C,YOL097C,0,1.0809747,0.10916315764188766,0.46700000762939453,0.38109999895095825
YLR336C,YJR036C,0,1.0808393,0.1091376468539238,0.46700000762939453,0.38119998574256897
YHR118C,YPL127C,0,1.0808295,0.10911215096712112,0.46700000762939453,0.3813000023365021
YGR271C-A,YNL044W,0,1.080719,0.10908666253089905,0.46700000762939453,0.3813999891281128
YPL004C,YEL024W,0,1.0807108,0.10906118899583817,0.46700000762939453,0.3815000057220459
YOR140W,YDL040C,0,1.0806124,0.10903572291135788,0.46700000762939453,0.3815999925136566
YJR132W,YKL041W,0,1.0805169,0.10901027172803879,0.46700000762939453,0.3817000091075897
YGR282C,YIL147C,0,1.0804678,0.10898482799530029,0.46700000762939453,0.38179999589920044
YOR033C,YPL200W,0,1.0804381,0.10895939916372299,0.46700000762939453,0.38190001249313354
YMR283C,YDL117W,0,1.0802584,0.10893398523330688,0.46700000762939453,0.38199999928474426
YJR108W,YBR089C-A,0,1.0802076,0.10890857875347137,0.46700000762939453,0.382099986076355
YDR323C,YGR281W,0,1.0801504,0.10888318717479706,0.46700000762939453,0.3822000026702881
YOR208W,YOR372C,0,1.0801204,0.10885781049728394,0.46700000762939453,0.3822999894618988
YDR429C,YKL129C,0,1.080036,0.10883244127035141,0.46700000762939453,0.3824000060558319
YDR098C,YKR072C,0,1.0799826,0.10880707949399948,0.46700000762939453,0.3824999928474426
YIL002C,YLR020C,1,1.0799496,0.10901467502117157,0.46799999475479126,0.3824999928474426
YGR103W,YDL002C,0,1.0792577,0.10898929089307785,0.46799999475479126,0.38260000944137573
YHR034C,YER100W,0,1.0792199,0.10896391421556473,0.46799999475479126,0.38269999623298645
YOR095C,YGR034W,0,1.0791864,0.1089385449886322,0.46799999475479126,0.38280001282691956
YLR144C,YBR128C,0,1.0791656,0.10891319811344147,0.46799999475479126,0.3828999996185303
YLR377C,YGL044C,0,1.0789746,0.10888785123825073,0.46799999475479126,0.382999986410141
YPL212C,YKL193C,0,1.0788547,0.10886252671480179,0.46799999475479126,0.3831000030040741
YDR499W,YJL184W,0,1.0788534,0.10883720964193344,0.46799999475479126,0.3831999897956848
YHL020C,YBR110W,1,1.078825,0.10904441028833389,0.4690000116825104,0.3831999897956848
YNR037C,YGL029W,0,1.0787598,0.10901906341314316,0.4690000116825104,0.3833000063896179
YDR293C,YGL203C,0,1.0787007,0.10899372398853302,0.4690000116825104,0.38339999318122864
YFR004W,YNL132W,0,1.0786529,0.10896839946508408,0.4690000116825104,0.38350000977516174
YGR118W,YLR321C,0,1.0785798,0.10894308984279633,0.4690000116825104,0.38359999656677246
YJR019C,YBL091C-A,1,1.0785526,0.10915002226829529,0.4699999988079071,0.38359999656677246
YCL034W,YNL197C,0,1.0785315,0.10912468284368515,0.4699999988079071,0.38370001316070557
YFL045C,YEL024W,0,1.0785089,0.10909935086965561,0.4699999988079071,0.3837999999523163
YLR452C,YPL161C,0,1.078506,0.10907403379678726,0.4699999988079071,0.383899986743927
YBR260C,YDL170W,0,1.0784742,0.10904872417449951,0.4699999988079071,0.3840000033378601
YOR362C,YER028C,0,1.0783708,0.10902342945337296,0.4699999988079071,0.3840999901294708
YOR271C,YDR287W,0,1.078267,0.108998142182827,0.4699999988079071,0.38420000672340393
YML008C,YCR017C,1,1.0778146,0.1092047318816185,0.47099998593330383,0.38420000672340393
YDR519W,YLR037C,0,1.0778046,0.10917941480875015,0.47099998593330383,0.38429999351501465
YJL094C,YJL172W,0,1.0777489,0.109154112637043,0.47099998593330383,0.38440001010894775
YPL029W,YEL060C,0,1.0777129,0.10912882536649704,0.47099998593330383,0.38449999690055847
YHR165C,YGR171C,0,1.0776055,0.10910354554653168,0.47099998593330383,0.3846000134944916
YNR017W,YHR201C,0,1.0775608,0.10907828062772751,0.47099998593330383,0.3847000002861023
YOR071C,YPL079W,0,1.0775303,0.10905302315950394,0.47099998593330383,0.384799987077713
YBR261C,YLR388W,0,1.0775244,0.10902778059244156,0.47099998593330383,0.3849000036716461
YML073C,YGR193C,0,1.077463,0.10900254547595978,0.47099998593330383,0.38499999046325684
YKL120W,YBR034C,0,1.07728,0.10897732526063919,0.47099998593330383,0.38510000705718994
YPR094W,YIL030C,0,1.0772417,0.1089521199464798,0.47099998593330383,0.38519999384880066
YMR063W,YJR119C,0,1.0772412,0.108926922082901,0.47099998593330383,0.38530001044273376
YDR309C,YPL253C,0,1.0771986,0.1089017316699028,0.47099998593330383,0.3853999972343445
YGL225W,YGL001C,1,1.0771059,0.10910771787166595,0.47200000286102295,0.3853999972343445
YPL075W,YBR019C,0,1.0769942,0.10908250510692596,0.47200000286102295,0.3855000138282776
YLR423C,YKL157W,0,1.0769786,0.10905729979276657,0.47200000286102295,0.3856000006198883
YIR032C,YOR005C,0,1.0769441,0.10903210937976837,0.47200000286102295,0.385699987411499
YJL013C,YEL051W,0,1.0768317,0.10900692641735077,0.47200000286102295,0.38580000400543213
YPL006W,YPR173C,1,1.0765338,0.10921265184879303,0.4729999899864197,0.38580000400543213
YKL001C,YJR101W,0,1.0764985,0.10918743908405304,0.4729999899864197,0.38589999079704285
YDR294C,YIL009W,1,1.076367,0.10939303040504456,0.4740000069141388,0.38589999079704285
YIL134W,YOR125C,0,1.0763129,0.10936778783798218,0.4740000069141388,0.38600000739097595
YFR034C,YPL255W,0,1.0761882,0.109342560172081,0.4740000069141388,0.38609999418258667
YFL055W,YLR328W,0,1.0761803,0.1093173399567604,0.4740000069141388,0.3862000107765198
YJL180C,YGR056W,0,1.0760384,0.10929213464260101,0.4740000069141388,0.3862999975681305
YKL170W,YKR092C,0,1.0759159,0.10926694422960281,0.4740000069141388,0.3864000141620636
YMR182C,YOR258W,0,1.0758581,0.10924176126718521,0.4740000069141388,0.3865000009536743
YAL032C,YBR098W,0,1.0758189,0.1092165932059288,0.4740000069141388,0.38659998774528503
YJR046W,YJL137C,0,1.075817,0.10919143259525299,0.4740000069141388,0.38670000433921814
YIL075C,YOL158C,0,1.0755807,0.10916627943515778,0.4740000069141388,0.38679999113082886
YER073W,YHR174W,0,1.0755658,0.10914114862680435,0.4740000069141388,0.38690000772476196
YLL051C,YMR179W,0,1.0754515,0.10911602526903152,0.4740000069141388,0.3869999945163727
YKR088C,YIR021W,0,1.0754173,0.1090909093618393,0.4740000069141388,0.3871000111103058
YCR093W,YLR424W,0,1.075371,0.10906580835580826,0.4740000069141388,0.3871999979019165
YNL307C,YDR080W,0,1.0753603,0.10904071480035782,0.4740000069141388,0.3873000144958496
YLR174W,YPR135W,0,1.0751886,0.10901563614606857,0.4740000069141388,0.3874000012874603
YDL235C,YER119C,0,1.0751299,0.10899057239294052,0.4740000069141388,0.38749998807907104
YBR294W,YPL187W,0,1.0750166,0.10896551609039307,0.4740000069141388,0.38760000467300415
YBR182C,YNL029C,0,1.0750041,0.1089404746890068,0.4740000069141388,0.38769999146461487
YDR009W,YDL103C,0,1.074961,0.10891544073820114,0.4740000069141388,0.387800008058548
YGR041W,YDR453C,0,1.0748824,0.10889042168855667,0.4740000069141388,0.3878999948501587
YLR093C,YLR136C,0,1.07468,0.1088654100894928,0.4740000069141388,0.3880000114440918
YER081W,YJR151C,0,1.0746686,0.10884041339159012,0.4740000069141388,0.3880999982357025
YOR328W,YHR115C,0,1.074525,0.10881542414426804,0.4740000069141388,0.3882000148296356
YLR016C,YPR112C,0,1.0744883,0.10879044979810715,0.4740000069141388,0.38830000162124634
YJR004C,YAL056W,0,1.0742744,0.10876549035310745,0.4740000069141388,0.38839998841285706
YBL076C,YPL122C,0,1.0742393,0.10874053835868835,0.4740000069141388,0.38850000500679016
YPR167C,YNL173C,0,1.0738277,0.10871559381484985,0.4740000069141388,0.3885999917984009
YNL180C,YKL134C,0,1.073758,0.10869066417217255,0.4740000069141388,0.388700008392334
YBL008W,YPL209C,0,1.0736321,0.10866574943065643,0.4740000069141388,0.3887999951839447
YNL009W,YOR109W,1,1.0735147,0.10887004435062408,0.4749999940395355,0.3887999951839447
YLR262C,YLR103C,0,1.0732541,0.10884509980678558,0.4749999940395355,0.3889000117778778
YKL110C,YBR046C,0,1.0726464,0.10882016271352768,0.4749999940395355,0.3889999985694885
YKR095W,YDL202W,0,1.0725523,0.10879523307085037,0.4749999940395355,0.38909998536109924
YPR101W,YOL006C,0,1.0724924,0.10877032577991486,0.4749999940395355,0.38920000195503235
YMR323W,YNL328C,0,1.0724305,0.10874541848897934,0.4749999940395355,0.38929998874664307
YKR010C,YKL127W,0,1.0723437,0.10872053354978561,0.4749999940395355,0.38940000534057617
YOR284W,YGR258C,0,1.0722673,0.10869564861059189,0.4749999940395355,0.3894999921321869
YLR084C,YNL124W,0,1.0722475,0.10867078602313995,0.4749999940395355,0.38960000872612
YDR084C,YGL064C,0,1.0721861,0.10864593088626862,0.4749999940395355,0.3896999955177307
YGR175C,YBR004C,1,1.0721396,0.10884975641965866,0.47600001096725464,0.3896999955177307
YBR217W,YGR229C,0,1.072092,0.10882487148046494,0.47600001096725464,0.3898000121116638
YDR146C,YMR153W,0,1.0720261,0.1088000014424324,0.47600001096725464,0.38989999890327454
YOR284W,YDR518W,0,1.0719833,0.10877513885498047,0.47600001096725464,0.38999998569488525
YGL012W,YMR013C,1,1.0716876,0.1089787557721138,0.47699999809265137,0.38999998569488525
YDR410C,YLR023C,0,1.0715494,0.10895386338233948,0.47699999809265137,0.39010000228881836
YKL039W,YMR182C,0,1.0715348,0.10892897844314575,0.47699999809265137,0.3901999890804291
YGL071W,YCR065W,0,1.0715272,0.10890410840511322,0.47699999809265137,0.3903000056743622
YDR482C,YDR079C-A,0,1.0713873,0.10887925326824188,0.47699999809265137,0.3903999924659729
YCL017C,YDR351W,0,1.0711477,0.10885440558195114,0.47699999809265137,0.390500009059906
YGR212W,YNL290W,0,1.0709093,0.108829565346241,0.47699999809265137,0.3905999958515167
YNL055C,YPL008W,0,1.0708051,0.10880474746227264,0.47699999809265137,0.39070001244544983
YPL002C,YNL070W,0,1.070763,0.10877992957830429,0.47699999809265137,0.39079999923706055
YJL042W,YIL073C,0,1.0704135,0.10875512659549713,0.47699999809265137,0.39089998602867126
YOR025W,YNR030W,1,1.0703105,0.10895828902721405,0.4779999852180481,0.39089998602867126
YNL014W,YOR032C,0,1.0702951,0.1089334562420845,0.4779999852180481,0.39100000262260437
YPL087W,YPR113W,1,1.070241,0.10913647711277008,0.4790000021457672,0.39100000262260437
YBR301W,YKL016C,0,1.0700992,0.10911161452531815,0.4790000021457672,0.3910999894142151
YDR353W,YDR067C,0,1.070084,0.1090867668390274,0.4790000021457672,0.3912000060081482
YMR001C,YPR106W,0,1.0700729,0.10906193405389786,0.4790000021457672,0.3912999927997589
YBL031W,YJR034W,0,1.0700705,0.10903710126876831,0.4790000021457672,0.391400009393692
YOL091W,YGR249W,0,1.0700705,0.10901229083538055,0.4790000021457672,0.39149999618530273
YHR200W,YOL076W,0,1.0700212,0.1089874878525734,0.4790000021457672,0.39160001277923584
YLR362W,YMR269W,0,1.06992,0.10896269232034683,0.4790000021457672,0.39169999957084656
YOR273C,YJL210W,0,1.0698315,0.10893791168928146,0.4790000021457672,0.3917999863624573
YMR236W,YJL159W,0,1.0698265,0.10891314595937729,0.4790000021457672,0.3919000029563904
YLR133W,YML126C,1,1.0698065,0.10911570489406586,0.47999998927116394,0.3919000029563904
YBL079W,YNR059W,0,1.0698043,0.1090909093618393,0.47999998927116394,0.3919999897480011
YLR347C,YOR159C,0,1.0697799,0.10906612128019333,0.47999998927116394,0.3921000063419342
YIL006W,YLR115W,0,1.0696815,0.10904134809970856,0.47999998927116394,0.3921999931335449
YLR442C,YFR040W,0,1.0696158,0.10901658236980438,0.47999998927116394,0.392300009727478
YLR105C,YHR156C,0,1.0691813,0.1089918240904808,0.47999998927116394,0.39239999651908875
YCR065W,YML078W,0,1.0691757,0.10896708071231842,0.47999998927116394,0.39250001311302185
YLR191W,YGR161C,0,1.0689182,0.10894235223531723,0.47999998927116394,0.39259999990463257
YLR233C,YNL099C,0,1.0689144,0.10891763120889664,0.47999998927116394,0.3926999866962433
YDR098C,YDR385W,0,1.0688409,0.10889292508363724,0.47999998927116394,0.3928000032901764
YLR347C,YJL096W,0,1.0688035,0.10886822640895844,0.47999998927116394,0.3928999900817871
YKL185W,YML112W,0,1.068794,0.10884353518486023,0.47999998927116394,0.3930000066757202
YHR059W,YNL229C,0,1.0687827,0.10881885886192322,0.47999998927116394,0.39309999346733093
YLL015W,YGL238W,0,1.068779,0.1087941974401474,0.47999998927116394,0.39320001006126404
YOR371C,YLR405W,0,1.0687513,0.10876954346895218,0.47999998927116394,0.39329999685287476
YHR042W,YKL165C,1,1.0686222,0.10897145420312881,0.48100000619888306,0.39329999685287476
YPL217C,YER072W,0,1.0685983,0.1089467704296112,0.48100000619888306,0.39340001344680786
YHR058C,YDR160W,0,1.0685487,0.10892210155725479,0.48100000619888306,0.3935000002384186
YMR170C,YHR168W,0,1.0683995,0.10889744013547897,0.48100000619888306,0.3935999870300293
YHR135C,YNR010W,0,1.0683805,0.10887279361486435,0.48100000619888306,0.3937000036239624
YGR094W,YBR229C,0,1.068374,0.10884815454483032,0.48100000619888306,0.3937999904155731
YPR104C,YOL077W-A,0,1.0682937,0.10882353037595749,0.48100000619888306,0.3939000070095062
YDR173C,YAR035W,1,1.068073,0.10902510583400726,0.4819999933242798,0.3939000070095062
YJL192C,YJL177W,0,1.0680401,0.10900045186281204,0.4819999933242798,0.39399999380111694
YMR021C,YHL034C,0,1.0679293,0.10897580534219742,0.4819999933242798,0.39410001039505005
YDR363W,YNL025C,0,1.0679247,0.10895117372274399,0.4819999933242798,0.39419999718666077
YEL070W,YJR119C,0,1.0678706,0.10892655700445175,0.4819999933242798,0.39430001378059387
YCR057C,YKL193C,0,1.0677916,0.10890194028615952,0.4819999933242798,0.3944000005722046
YLR081W,YBR171W,0,1.0677724,0.10887734591960907,0.4819999933242798,0.3944999873638153
YKL081W,YOL148C,0,1.0677401,0.10885275155305862,0.4819999933242798,0.3946000039577484
YNL294C,YJR152W,0,1.067619,0.10882817953824997,0.4819999933242798,0.39469999074935913
YMR047C,YNL087W,0,1.0675611,0.10880361497402191,0.4819999933242798,0.39480000734329224
YGR285C,YBR069C,0,1.0674951,0.10877905786037445,0.4819999933242798,0.39489999413490295
YKR020W,YOR258W,0,1.0673001,0.10875451564788818,0.4819999933242798,0.39500001072883606
YMR159C,YJL154C,0,1.0672433,0.10872998088598251,0.4819999933242798,0.3950999975204468
YDR098C,YOL039W,0,1.0670152,0.10870546102523804,0.4819999933242798,0.3952000141143799
YPL183W-A,YGL115W,0,1.0669335,0.10868094861507416,0.4819999933242798,0.3953000009059906
YGR065C,YGR222W,0,1.0668335,0.10865644365549088,0.4819999933242798,0.3953999876976013
YOR049C,YER075C,0,1.0668201,0.10863196104764938,0.4819999933242798,0.3955000042915344
YCR011C,YLR006C,0,1.0667915,0.10860747843980789,0.4819999933242798,0.39559999108314514
YGL116W,YOL069W,0,1.0665702,0.1085830107331276,0.4819999933242798,0.39570000767707825
YML097C,YGR224W,0,1.0665313,0.10855855792760849,0.4819999933242798,0.39579999446868896
YPL145C,YGL126W,1,1.0664791,0.10875929147005081,0.4830000102519989,0.39579999446868896
YAR042W,YER015W,1,1.0663221,0.10895992815494537,0.48399999737739563,0.39579999446868896
YBR104W,YPR024W,0,1.066205,0.1089354008436203,0.48399999737739563,0.39590001106262207
YPL176C,YFR044C,0,1.0659974,0.10891088843345642,0.48399999737739563,0.3959999978542328
YCR033W,YGL067W,0,1.0659577,0.10888639092445374,0.48399999737739563,0.3961000144481659
YDR229W,YBR130C,0,1.0657803,0.10886190086603165,0.48399999737739563,0.3962000012397766
YPL083C,YOR001W,0,1.0657382,0.10883741825819016,0.48399999737739563,0.39629998803138733
YNL133C,YLR451W,0,1.0657362,0.10881295055150986,0.48399999737739563,0.39640000462532043
YPL045W,YBR181C,0,1.0656867,0.10878849029541016,0.48399999737739563,0.39649999141693115
YIL162W,YOR158W,0,1.0654024,0.10876404494047165,0.48399999737739563,0.39660000801086426
YER007C-A,YFL050C,0,1.0653274,0.10873960703611374,0.48399999737739563,0.396699994802475
YGL017W,YMR067C,0,1.0651617,0.10871518403291702,0.48399999737739563,0.3968000113964081
YLR037C,YDL225W,0,1.0649916,0.1086907684803009,0.48399999737739563,0.3968999981880188
YDL239C,YGL005C,0,1.06498,0.10866636782884598,0.48399999737739563,0.3970000147819519
YJR077C,YER058W,0,1.0648167,0.10864197462797165,0.48399999737739563,0.3971000015735626
YDL104C,YOR011W,0,1.0647974,0.10861759632825851,0.48399999737739563,0.39719998836517334
YKL095W,YJR147W,0,1.0647746,0.10859322547912598,0.48399999737739563,0.39730000495910645
YJL071W,YMR125W,0,1.0646127,0.10856886208057404,0.48399999737739563,0.39739999175071716
YHR115C,YOR077W,0,1.0644919,0.10854451358318329,0.48399999737739563,0.39750000834465027
YHR060W,YGL051W,0,1.0639096,0.10852017998695374,0.48399999737739563,0.397599995136261
YOR159C,YMR230W,0,1.0637032,0.10849585384130478,0.48399999737739563,0.3977000117301941
YNL055C,YPL181W,0,1.0636973,0.10847153514623642,0.48399999737739563,0.3977999985218048
YGR216C,YLR228C,1,1.0636008,0.10867130011320114,0.48500001430511475,0.3977999985218048
YKL049C,YDR263C,0,1.063511,0.1086469516158104,0.48500001430511475,0.3978999853134155
YHR019C,YML120C,0,1.0633142,0.10862261801958084,0.48500001430511475,0.39800000190734863
YKR034W,YPL115C,0,1.0633029,0.10859829932451248,0.48500001430511475,0.39809998869895935
YLR102C,YGL032C,0,1.0631956,0.10857398808002472,0.48500001430511475,0.39820000529289246
YHR041C,YLR163C,0,1.0628108,0.10854968428611755,0.48500001430511475,0.3982999920845032
YCR024C,YOL009C,0,1.0627735,0.10852539539337158,0.48500001430511475,0.3984000086784363
YOR010C,YDR489W,0,1.062611,0.1085011214017868,0.48500001430511475,0.398499995470047
YBR131W,YGL125W,0,1.0625448,0.10847684741020203,0.48500001430511475,0.3986000120639801
YJL196C,YLR260W,1,1.0624294,0.10867621004581451,0.4860000014305115,0.3986000120639801
YDR072C,YNL202W,1,1.062274,0.10887547582387924,0.4869999885559082,0.3986000120639801
YLR059C,YEL047C,0,1.0622039,0.10885114222764969,0.4869999885559082,0.3986999988555908
YMR021C,YOR243C,0,1.062114,0.10882681608200073,0.4869999885559082,0.39879998564720154
YIR018W,YER119C,0,1.0619076,0.10880250483751297,0.4869999885559082,0.39890000224113464
YER052C,YOR243C,0,1.0618756,0.1087782010436058,0.4869999885559082,0.39899998903274536
YLR298C,YOR349W,0,1.0618004,0.10875390470027924,0.4869999885559082,0.39910000562667847
YER014W,YOR123C,0,1.0614413,0.10872963070869446,0.4869999885559082,0.3991999924182892
YER008C,YGR239C,0,1.0614322,0.10870535671710968,0.4869999885559082,0.3993000090122223
YIR019C,YHL027W,0,1.060784,0.1086810976266861,0.4869999885559082,0.399399995803833
YDL135C,YLR315W,0,1.0607656,0.10865684598684311,0.4869999885559082,0.3995000123977661
YNL250W,YBR094W,0,1.0606698,0.10863260924816132,0.4869999885559082,0.39959999918937683
YBR202W,YDR469W,0,1.0598972,0.10860838741064072,0.4869999885559082,0.39969998598098755
YNR036C,YMR179W,0,1.0598168,0.10858417302370071,0.4869999885559082,0.39980000257492065
YER014W,YIL013C,0,1.059722,0.10855996608734131,0.4869999885559082,0.39989998936653137
YML128C,YIL103W,0,1.0596882,0.1085357666015625,0.4869999885559082,0.4000000059604645
YKR060W,YIL085C,0,1.0594597,0.10851158946752548,0.4869999885559082,0.4000999927520752
YHR069C,YDR017C,0,1.0594132,0.10848741233348846,0.4869999885559082,0.4002000093460083
YMR076C,YNL335W,0,1.0593189,0.10846325010061264,0.4869999885559082,0.400299996137619
YLR321C,YDL054C,0,1.0592651,0.10843910276889801,0.4869999885559082,0.4004000127315521
YIR004W,YOR344C,0,1.0592567,0.10841496288776398,0.4869999885559082,0.40049999952316284
YGL148W,YBR221C,0,1.0592021,0.10839083045721054,0.4869999885559082,0.40059998631477356
YLR223C,YJL210W,0,1.05915,0.1083667129278183,0.4869999885559082,0.40070000290870667
YGR244C,YJL130C,0,1.0591043,0.10834260284900665,0.4869999885559082,0.4007999897003174
YIR004W,YAL054C,0,1.058962,0.1083185076713562,0.4869999885559082,0.4009000062942505
YPL096W,YIR034C,0,1.0587102,0.10829441994428635,0.4869999885559082,0.4009999930858612
YOL051W,YBR078W,0,1.0584542,0.10827033966779709,0.4869999885559082,0.4011000096797943
YOR119C,YGR094W,0,1.0582936,0.10824627429246902,0.4869999885559082,0.40119999647140503
YFR010W,YKR034W,0,1.0582558,0.10822222381830215,0.4869999885559082,0.40130001306533813
YLR368W,YNR054C,0,1.0581203,0.10819818079471588,0.4869999885559082,0.40139999985694885
YLR270W,YER072W,0,1.058023,0.1081741452217102,0.4869999885559082,0.40149998664855957
YLR383W,YML086C,0,1.0579683,0.10815012454986572,0.4869999885559082,0.4016000032424927
YDR485C,YDL189W,0,1.0579143,0.10812611132860184,0.4869999885559082,0.4016999900341034
YLR039C,YCR105W,0,1.0578507,0.10810210555791855,0.4869999885559082,0.4018000066280365
YDL052C,YLR372W,1,1.0578464,0.10830004513263702,0.4880000054836273,0.4018000066280365
YMR058W,YMR200W,0,1.0576763,0.10827601701021194,0.4880000054836273,0.4018999934196472
YKL148C,YFR031C-A,0,1.0576614,0.10825199633836746,0.4880000054836273,0.4020000100135803
YMR230W,YCL017C,0,1.0573472,0.10822799056768417,0.4880000054836273,0.40209999680519104
YLR298C,YIL013C,0,1.0571685,0.10820399224758148,0.4880000054836273,0.40220001339912415
YFR009W,YGR180C,0,1.0569825,0.10818000137805939,0.4880000054836273,0.40230000019073486
YLR191W,YHR018C,0,1.0568851,0.10815602540969849,0.4880000054836273,0.4023999869823456
YKL197C,YDR091C,0,1.0567223,0.10813206434249878,0.4880000054836273,0.4025000035762787
YGL025C,YBL099W,0,1.0566883,0.10810811072587967,0.4880000054836273,0.4025999903678894
YDR206W,YLR453C,0,1.0566797,0.10808416455984116,0.4880000054836273,0.4027000069618225
YPL065W,YDR076W,0,1.0565226,0.10806023329496384,0.4880000054836273,0.4027999937534332
YDR500C,YJR051W,0,1.0565217,0.10803630948066711,0.4880000054836273,0.40290001034736633
YBR091C,YDR163W,0,1.0565183,0.10801239311695099,0.4880000054836273,0.40299999713897705
YGR036C,YLR240W,1,1.0564663,0.10820978134870529,0.48899999260902405,0.40299999713897705
YOR017W,YGL094C,0,1.0563104,0.10818584263324738,0.48899999260902405,0.40310001373291016
YIL068C,YKL125W,0,1.0563039,0.10816191136837006,0.48899999260902405,0.4032000005245209
YDR430C,YIL159W,0,1.0558215,0.10813799500465393,0.48899999260902405,0.4032999873161316
YDL076C,YJL130C,0,1.055754,0.1081140860915184,0.48899999260902405,0.4034000039100647
YLR293C,YDR517W,0,1.0557182,0.10809018462896347,0.48899999260902405,0.4034999907016754
YMR283C,YDR141C,0,1.0555264,0.10806629806756973,0.48899999260902405,0.4036000072956085
YJL014W,YOL010W,0,1.0554972,0.10804241895675659,0.48899999260902405,0.40369999408721924
YDL077C,YLR389C,0,1.0553738,0.10801855474710464,0.48899999260902405,0.40380001068115234
YKL155C,YAR002C-A,0,1.0553652,0.1079946979880333,0.48899999260902405,0.40389999747276306
YOL158C,YDL054C,0,1.0553304,0.10797085613012314,0.48899999260902405,0.40400001406669617
YMR239C,YML057W,0,1.0552317,0.10794702172279358,0.48899999260902405,0.4041000008583069
YPL086C,YNL336W,0,1.0550348,0.10792319476604462,0.48899999260902405,0.4041999876499176
YMR009W,YER183C,0,1.0548921,0.10789938271045685,0.48899999260902405,0.4043000042438507
YFL002C,YGR072W,0,1.054842,0.10787557810544968,0.48899999260902405,0.4043999910354614
YIL018W,YOL020W,0,1.0545665,0.1078517884016037,0.48899999260902405,0.40450000762939453
YOR317W,YJL100W,1,1.0543821,0.10804851353168488,0.49000000953674316,0.40450000762939453
YMR093W,YGR245C,0,1.0543159,0.10802469402551651,0.49000000953674316,0.40459999442100525
YER006W,YGL195W,0,1.0541852,0.10800088196992874,0.49000000953674316,0.40470001101493835
YMR309C,YOL039W,0,1.0541606,0.10797708481550217,0.49000000953674316,0.4047999978065491
YOR360C,YBR074W,0,1.0541424,0.10795329511165619,0.49000000953674316,0.4049000144004822
YJL167W,YLR020C,1,1.0540955,0.10814978182315826,0.4909999966621399,0.4049000144004822
YBR180W,YJL103C,0,1.0540363,0.1081259623169899,0.4909999966621399,0.4050000011920929
YDR195W,YGL058W,0,1.0540147,0.10810215771198273,0.4909999966621399,0.4050999879837036
YDR165W,YJR132W,0,1.0539234,0.10807836055755615,0.4909999966621399,0.4052000045776367
YIL132C,YHR041C,0,1.0539018,0.10805457830429077,0.4909999966621399,0.40529999136924744
YMR272C,YMR207C,1,1.0537359,0.10825082659721375,0.492000013589859,0.40529999136924744
YPR167C,YER183C,0,1.0536505,0.10822701454162598,0.492000013589859,0.40540000796318054
YMR072W,YLR388W,0,1.053646,0.1082032099366188,0.492000013589859,0.40549999475479126
YGR278W,YMR038C,0,1.0534669,0.10817942023277283,0.492000013589859,0.40560001134872437
YDR280W,YDR289C,0,1.0534248,0.10815563797950745,0.492000013589859,0.4056999981403351
YNR037C,YOR003W,0,1.053068,0.10813187062740326,0.492000013589859,0.4058000147342682
YNL132W,YMR271C,0,1.052766,0.10810811072587967,0.492000013589859,0.4059000015258789
YJL020C,YHR047C,0,1.0527316,0.10808435827493668,0.492000013589859,0.4059999883174896
YGL064C,YCR026C,0,1.0525951,0.10806062072515488,0.492000013589859,0.40610000491142273
YLR133W,YOL108C,1,1.0524298,0.10825647413730621,0.49300000071525574,0.40610000491142273
YNL315C,YLR103C,0,1.0522301,0.10823271423578262,0.49300000071525574,0.40619999170303345
YMR277W,YER145C,0,1.052112,0.10820895433425903,0.49300000071525574,0.40630000829696655
YDR214W,YOR011W,0,1.052071,0.10818520933389664,0.49300000071525574,0.40639999508857727
YGL071W,YBR085W,0,1.0520649,0.10816147178411484,0.49300000071525574,0.4065000116825104
YKL086W,YER145C,0,1.05204,0.10813774913549423,0.49300000071525574,0.4065999984741211
YKR013W,YKR008W,0,1.05201,0.10811403393745422,0.49300000071525574,0.4066999852657318
YLR293C,YJR131W,0,1.0518954,0.10809033364057541,0.49300000071525574,0.4068000018596649
YDR369C,YDR245W,0,1.0518429,0.10806664079427719,0.49300000071525574,0.40689998865127563
YNL014W,YKR099W,0,1.0518248,0.10804295539855957,0.49300000071525574,0.40700000524520874
YML022W,YML120C,0,1.0518101,0.10801928490400314,0.49300000071525574,0.40709999203681946
YGR140W,YLR216C,0,1.051757,0.10799562186002731,0.49300000071525574,0.40720000863075256
YEL034W,YKL054C,0,1.0517281,0.10797196626663208,0.49300000071525574,0.4072999954223633
YFL008W,YDL202W,0,1.0517142,0.10794832557439804,0.49300000071525574,0.4074000120162964
YDR378C,YPR112C,0,1.0514838,0.1079246923327446,0.49300000071525574,0.4074999988079071
YBR061C,YFR029W,0,1.0511374,0.10790107399225235,0.49300000071525574,0.4075999855995178
YEL060C,YGR229C,0,1.051084,0.1078774631023407,0.49300000071525574,0.4077000021934509
YHR059W,YAR002C-A,0,1.0506179,0.10785385966300964,0.49300000071525574,0.40779998898506165
YPL146C,YGR108W,0,1.0505738,0.10783027112483978,0.49300000071525574,0.40790000557899475
YLR320W,YOR371C,0,1.0505564,0.10780669003725052,0.49300000071525574,0.40799999237060547
YOR025W,YAR035W,1,1.0505486,0.10800174623727798,0.49399998784065247,0.40799999237060547
YNL262W,YER042W,0,1.050533,0.10797814279794693,0.49399998784065247,0.4081000089645386
YOR212W,YPL146C,0,1.0505235,0.10795454680919647,0.49399998784065247,0.4081999957561493
YOR192C,YML114C,0,1.0505068,0.10793095827102661,0.49399998784065247,0.4083000123500824
YHR175W,YLR148W,0,1.0504665,0.10790738463401794,0.49399998784065247,0.4083999991416931
YPL256C,YDL004W,0,1.0504313,0.10788381844758987,0.49399998784065247,0.40849998593330383
YGL045W,YJR002W,0,1.0504007,0.1078602597117424,0.49399998784065247,0.40860000252723694
YIL144W,YOR001W,0,1.0503258,0.10783671587705612,0.49399998784065247,0.40869998931884766
YDR469W,YHR152W,0,1.0501477,0.10781317949295044,0.49399998784065247,0.40880000591278076
YOR317W,YLL031C,1,1.0500802,0.10800785571336746,0.4950000047683716,0.40880000591278076
YOL093W,YNL167C,0,1.0500306,0.10798428952693939,0.4950000047683716,0.4088999927043915
YPR025C,YLR222C,0,1.0499948,0.10796073824167252,0.4950000047683716,0.4090000092983246
YEL037C,YNL314W,0,1.0499575,0.10793720185756683,0.4950000047683716,0.4090999960899353
YDR469W,YPL163C,0,1.049821,0.10791366547346115,0.4950000047683716,0.4092000126838684
YGL054C,YAL015C,0,1.0497899,0.10789015144109726,0.4950000047683716,0.4092999994754791
YDR205W,YPL003W,0,1.0497885,0.10786663740873337,0.4950000047683716,0.40939998626708984
YGR284C,YBR005W,0,1.0495526,0.10784313827753067,0.4950000047683716,0.40950000286102295
YJL180C,YLR215C,0,1.0495294,0.10781964659690857,0.4950000047683716,0.40959998965263367
YDR516C,YML100W,0,1.0494887,0.10779616981744766,0.4950000047683716,0.4097000062465668
YHR197W,YMR243C,0,1.0493157,0.10777270048856735,0.4950000047683716,0.4097999930381775
YMR145C,YDR144C,0,1.0491565,0.10774923861026764,0.4950000047683716,0.4099000096321106
YER146W,YDL042C,0,1.0489787,0.10772579163312912,0.4950000047683716,0.4099999964237213
YLR292C,YAL017W,0,1.0489633,0.1077023521065712,0.4950000047683716,0.4101000130176544
YOR049C,YLL006W,0,1.048694,0.10767892003059387,0.4950000047683716,0.41019999980926514
YOR266W,YER042W,0,1.0485132,0.10765550285577774,0.4950000047683716,0.41029998660087585
YER155C,YHL038C,0,1.0483965,0.1076320931315422,0.4950000047683716,0.41040000319480896
YBL080C,YBR172C,0,1.0483841,0.10760869830846786,0.4950000047683716,0.4104999899864197
YLL051C,YHR146W,0,1.0481775,0.10758531093597412,0.4950000047683716,0.4106000065803528
YNL048W,YGL144C,1,1.0479455,0.10777922719717026,0.4959999918937683,0.4106000065803528
YDR353W,YHR107C,0,1.0479264,0.10775581002235413,0.4959999918937683,0.4106999933719635
YPR001W,YGL126W,1,1.0477868,0.10794960707426071,0.4970000088214874,0.4106999933719635
YHR154W,YKL138C,0,1.0476933,0.10792616754770279,0.4970000088214874,0.4108000099658966
YLR070C,YFL001W,0,1.0476792,0.10790273547172546,0.4970000088214874,0.4108999967575073
YBL014C,YDL212W,0,1.0476475,0.10787931084632874,0.4970000088214874,0.41100001335144043
YNL256W,YDR221W,0,1.0475345,0.1078559011220932,0.4970000088214874,0.41110000014305115
YGL047W,YNL130C,1,1.0475048,0.10804946720600128,0.49799999594688416,0.41110000014305115
YDR005C,YGR142W,0,1.0473422,0.10802602767944336,0.49799999594688416,0.41119998693466187
YJL155C,YPL029W,0,1.0468394,0.10800260305404663,0.49799999594688416,0.41130000352859497
YER022W,YBR045C,0,1.0467012,0.1079791858792305,0.49799999594688416,0.4113999903202057
YPL212C,YOR079C,0,1.0466814,0.10795577615499496,0.49799999594688416,0.4115000069141388
YOR313C,YMR197C,0,1.0465721,0.10793238133192062,0.49799999594688416,0.4115999937057495
YPL175W,YDR123C,1,1.0464634,0.10812567919492722,0.49900001287460327,0.4115999937057495
YGR080W,YGR065C,0,1.0463461,0.10810225456953049,0.49900001287460327,0.4117000102996826
YLR411W,YHR124W,0,1.0461193,0.10807883739471436,0.49900001287460327,0.41179999709129333
YIL130W,YOL009C,0,1.0459343,0.10805543512105942,0.49900001287460327,0.41190001368522644
YIL035C,YGL078C,0,1.0454545,0.10803204029798508,0.49900001287460327,0.41200000047683716
YOR330C,YLL040C,0,1.0454389,0.10800866037607193,0.49900001287460327,0.4120999872684479
YDR408C,YNL107W,0,1.044984,0.10798528790473938,0.49900001287460327,0.412200003862381
YLR181C,YNL008C,0,1.0449492,0.10796192288398743,0.49900001287460327,0.4122999906539917
YBR006W,YBR005W,0,1.0449165,0.10793856531381607,0.49900001287460327,0.4124000072479248
YDR430C,YDR255C,0,1.0448209,0.10791522264480591,0.49900001287460327,0.4124999940395355
YPR199C,YOL077W-A,0,1.0445104,0.10789189487695694,0.49900001287460327,0.41260001063346863
YBR169C,YOR241W,0,1.0443436,0.10786856710910797,0.49900001287460327,0.41269999742507935
YDR322C-A,YKL194C,0,1.0438735,0.1078452542424202,0.49900001287460327,0.41280001401901245
YNL216W,YDL240W,0,1.0438294,0.10782195627689362,0.49900001287460327,0.41290000081062317
YKL141W,YDR365C,0,1.0437751,0.10779865831136703,0.49900001287460327,0.4129999876022339
YJR151C,YDR142C,0,1.0437176,0.10777537524700165,0.49900001287460327,0.413100004196167
YCR046C,YBR227C,0,1.0436658,0.10775210708379745,0.49900001287460327,0.4131999909877777
YMR146C,YDL198C,0,1.0434382,0.10772884637117386,0.49900001287460327,0.4133000075817108
YKL114C,YPR154W,0,1.0434319,0.10770559310913086,0.49900001287460327,0.41339999437332153
YGL116W,YDR457W,0,1.0433596,0.10768234729766846,0.49900001287460327,0.41350001096725464
YDR303C,YLR406C,0,1.0433561,0.10765911638736725,0.49900001287460327,0.41359999775886536
YDR245W,YLR216C,0,1.0433291,0.10763589292764664,0.49900001287460327,0.41370001435279846
YNL161W,YIL132C,0,1.0433198,0.10761267691850662,0.49900001287460327,0.4138000011444092
YER177W,YDR229W,0,1.0432924,0.1075894758105278,0.49900001287460327,0.4138999879360199
YJL123C,YML130C,0,1.0431463,0.10756628215312958,0.49900001287460327,0.414000004529953
YMR193W,YGR247W,0,1.0431347,0.10754310339689255,0.49900001287460327,0.4140999913215637
YOR126C,YLR242C,1,1.0431212,0.10773540288209915,0.5,0.4140999913215637
YPR135W,YHR069C,0,1.0430565,0.10771219432353973,0.5,0.4142000079154968
YLR319C,YNR037C,0,1.0429287,0.10768899321556091,0.5,0.41429999470710754
YJR109C,YDL207W,0,1.0426688,0.10766580700874329,0.5,0.41440001130104065
YBL004W,YOR073W,0,1.0426153,0.10764262825250626,0.5,0.41449999809265137
YBR021W,YPR100W,0,1.0426055,0.10761945694684982,0.5,0.4146000146865845
YNR033W,YBR243C,0,1.0423942,0.10759630054235458,0.5,0.4147000014781952
YGR245C,YNR046W,0,1.042331,0.10757315158843994,0.5,0.4147999882698059
YOR192C,YMR319C,0,1.0419433,0.1075500100851059,0.5,0.414900004863739
YIL118W,YDL175C,0,1.0417029,0.10752688348293304,0.5,0.41499999165534973
YJL078C,YPL008W,0,1.041579,0.10750376433134079,0.5,0.41510000824928284
YNL083W,YKL069W,0,1.0414913,0.10748065263032913,0.5,0.41519999504089355
YOR261C,YJR031C,0,1.0412985,0.10745755583047867,0.5,0.41530001163482666
YBR061C,YDL193W,0,1.0410391,0.1074344664812088,0.5,0.4153999984264374
YNL037C,YGL124C,0,1.0409954,0.10741138458251953,0.5,0.4154999852180481
YGR077C,YPL132W,0,1.0409714,0.10738831758499146,0.5,0.4156000018119812
YHR200W,YDR464W,0,1.0409225,0.10736525803804398,0.5,0.4156999886035919
YHR123W,YCR068W,1,1.0409143,0.10755689442157745,0.5009999871253967,0.4156999886035919
YLR452C,YBR044C,0,1.040798,0.10753380507230759,0.5009999871253967,0.415800005197525
YOR188W,YNL278W,0,1.04071,0.10751073062419891,0.5009999871253967,0.41589999198913574
YPL117C,YDR123C,1,1.040396,0.10770221054553986,0.5019999742507935,0.41589999198913574
YDR411C,YNL233W,0,1.040371,0.1076791062951088,0.5019999742507935,0.41600000858306885
YKL155C,YMR001C,0,1.0402553,0.10765601694583893,0.5019999742507935,0.41609999537467957
YPL079W,YDL054C,0,1.0400816,0.10763293504714966,0.5019999742507935,0.41620001196861267
YGR046W,YPL130W,0,1.0398483,0.10760986059904099,0.5019999742507935,0.4162999987602234
YNL073W,YGR087C,0,1.0397635,0.1075868010520935,0.5019999742507935,0.4163999855518341
YOR054C,YHR016C,0,1.0397389,0.10756374895572662,0.5019999742507935,0.4165000021457672
YCL016C,YDR435C,0,1.0397273,0.10754070430994034,0.5019999742507935,0.41659998893737793
YOR361C,YOL059W,0,1.03972,0.10751766711473465,0.5019999742507935,0.41670000553131104
YIL008W,YIL144W,0,1.0396866,0.10749464482069016,0.5019999742507935,0.41679999232292175
YLR210W,YOR087W,0,1.0396496,0.10747162997722626,0.5019999742507935,0.41690000891685486
YGR082W,YGL233W,0,1.0396484,0.10744863003492355,0.5019999742507935,0.4169999957084656
YNL147W,YPL105C,0,1.0395316,0.10742563754320145,0.5019999742507935,0.4171000123023987
YNL009W,YHL003C,1,1.0394858,0.1076166033744812,0.503000020980835,0.4171000123023987
YLR028C,YOR258W,0,1.0392591,0.1075935810804367,0.503000020980835,0.4171999990940094
YHL009C,YHR204W,0,1.0386755,0.1075705736875534,0.503000020980835,0.4172999858856201
YIL008W,YNL052W,0,1.0386311,0.1075475737452507,0.503000020980835,0.4174000024795532
YML099C,YEL031W,0,1.0383141,0.1075245812535286,0.503000020980835,0.41749998927116394
YDR243C,YMR177W,0,1.0381783,0.10750160366296768,0.503000020980835,0.41760000586509705
YER118C,YDR545W,0,1.0381274,0.10747863352298737,0.503000020980835,0.41769999265670776
YLR262C,YJL155C,0,1.0380781,0.10745567083358765,0.503000020980835,0.41780000925064087
YIL022W,YBL034C,0,1.037821,0.10743272304534912,0.503000020980835,0.4178999960422516
YGL236C,YCL067C,0,1.0375085,0.10740978270769119,0.503000020980835,0.4180000126361847
YNL071W,YGR081C,0,1.0374577,0.10738684982061386,0.503000020980835,0.4180999994277954
YPR006C,YCR044C,1,1.0373216,0.1075773760676384,0.5040000081062317,0.4180999994277954
YLR037C,YML064C,0,1.0373127,0.10755442082881927,0.5040000081062317,0.41819998621940613
YEL041W,YJR036C,0,1.0372487,0.10753147304058075,0.5040000081062317,0.41830000281333923
YGR065C,YJL024C,0,1.0366778,0.10750853270292282,0.5040000081062317,0.41839998960494995
YFL050C,YOR091W,0,1.0365566,0.10748560726642609,0.5040000081062317,0.41850000619888306
YJL053W,YBL019W,0,1.0365119,0.10746268928050995,0.5040000081062317,0.4185999929904938
YPL242C,YBR202W,0,1.0364565,0.10743977874517441,0.5040000081062317,0.4187000095844269
YIR004W,YGR112W,0,1.0363301,0.10741688311100006,0.5040000081062317,0.4187999963760376
YKL117W,YNR044W,0,1.0363216,0.10739398747682571,0.5040000081062317,0.4189000129699707
YJR140C,YOR001W,0,1.0362484,0.10737111419439316,0.5040000081062317,0.4189999997615814
YGR065C,YGL246C,0,1.0360475,0.1073482409119606,0.5040000081062317,0.41909998655319214
YJR031C,YLR453C,0,1.0358206,0.10732538253068924,0.5040000081062317,0.41920000314712524
YGL020C,YGR145W,0,1.0358031,0.10730253159999847,0.5040000081062317,0.41929998993873596
YNL281W,YBR089C-A,0,1.035728,0.1072796955704689,0.5040000081062317,0.41940000653266907
YBR272C,YMR117C,0,1.0356905,0.10725685954093933,0.5040000081062317,0.4194999933242798
YNL225C,YHR039C-A,0,1.0356326,0.10723404586315155,0.5040000081062317,0.4196000099182129
YGL044C,YPL217C,0,1.0356271,0.10721123218536377,0.5040000081062317,0.4196999967098236
YKR067W,YMR202W,1,1.035537,0.10740110278129578,0.5049999952316284,0.4196999967098236
YKL069W,YNR032C-A,0,1.0352894,0.1073782667517662,0.5049999952316284,0.4198000133037567
YDR422C,YPL183W-A,0,1.0352674,0.10735544562339783,0.5049999952316284,0.41990000009536743
YDR122W,YGR004W,0,1.0351268,0.10733262449502945,0.5049999952316284,0.41999998688697815
YKL049C,YOL027C,0,1.0350844,0.10730981826782227,0.5049999952316284,0.42010000348091125
YOR254C,YML111W,0,1.0350332,0.10728701949119568,0.5049999952316284,0.420199990272522
YDR119W,YHR065C,0,1.0350287,0.10726422816514969,0.5049999952316284,0.4203000068664551
YNL182C,YOR005C,0,1.0349814,0.10724145174026489,0.5049999952316284,0.4203999936580658
YFR021W,YMR104C,0,1.0349009,0.1072186827659607,0.5049999952316284,0.4205000102519989
YJR125C,YOR020C,0,1.0346774,0.10719592124223709,0.5049999952316284,0.4205999970436096
YGR089W,YIL020C,0,1.0345322,0.10717317461967468,0.5049999952316284,0.4207000136375427
YLR070C,YIL014W,0,1.0344617,0.10715043544769287,0.5049999952316284,0.42080000042915344
YJL167W,YMR313C,1,1.03425,0.10733983665704727,0.5059999823570251,0.42080000042915344
YDR191W,YBR177C,1,1.0340374,0.1075291633605957,0.5070000290870667,0.42080000042915344
YGL219C,YCR057C,0,1.0340191,0.10750636458396912,0.5070000290870667,0.42089998722076416
YOR267C,YEL042W,0,1.0339537,0.10748357325792313,0.5070000290870667,0.42100000381469727
YDR108W,YNL256W,0,1.0337646,0.10746078938245773,0.5070000290870667,0.421099990606308
YOR191W,YIL038C,0,1.0337012,0.10743801295757294,0.5070000290870667,0.4212000072002411
YKR054C,YDR155C,0,1.0336771,0.10741525143384933,0.5070000290870667,0.4212999939918518
YKL084W,YHL007C,0,1.0336477,0.10739250481128693,0.5070000290870667,0.4214000105857849
YJL117W,YPL209C,0,1.033579,0.10736975818872452,0.5070000290870667,0.42149999737739563
YBR133C,YIL129C,0,1.0334996,0.1073470264673233,0.5070000290870667,0.42160001397132874
YDR167W,YBR294W,0,1.0334561,0.10732430219650269,0.5070000290870667,0.42170000076293945
YJL172W,YOR321W,0,1.0334251,0.10730158537626266,0.5070000290870667,0.42179998755455017
YAL059W,YMR044W,0,1.0331411,0.10727888345718384,0.5070000290870667,0.4219000041484833
YMR077C,YER177W,0,1.0330789,0.10725618898868561,0.5070000290870667,0.421999990940094
YFR033C,YGR161C,0,1.0328683,0.10723350197076797,0.5070000290870667,0.4221000075340271
YDR191W,YJL196C,1,1.0327053,0.10742228478193283,0.5080000162124634,0.4221000075340271
YBL011W,YPL006W,1,1.0326082,0.10761099308729172,0.5090000033378601,0.4221000075340271
YBL051C,YOL088C,0,1.0324538,0.10758824646472931,0.5090000033378601,0.4221999943256378
YBR093C,YNL088W,0,1.0322329,0.1075655147433281,0.5090000033378601,0.4223000109195709
YDR325W,YKR088C,0,1.0321211,0.10754278302192688,0.5090000033378601,0.42239999771118164
YLR435W,YJR036C,0,1.0319988,0.10752006620168686,0.5090000033378601,0.42250001430511475
YDR057W,YPL030W,0,1.0319108,0.10749735683202744,0.5090000033378601,0.42260000109672546
YNR026C,YGR244C,0,1.031725,0.1074746623635292,0.5090000033378601,0.4226999878883362
YKL192C,YJR073C,1,1.031705,0.10766308009624481,0.5099999904632568,0.4226999878883362
YNR028W,YDR143C,0,1.0315939,0.1076403558254242,0.5099999904632568,0.4228000044822693
YCL034W,YEL009C,0,1.0315782,0.10761763900518417,0.5099999904632568,0.42289999127388
YLR002C,YPR082C,0,1.0315119,0.10759493708610535,0.5099999904632568,0.4230000078678131
YJL079C,YEL012W,0,1.0314895,0.10757224261760712,0.5099999904632568,0.42309999465942383
YDR323C,YHL006C,0,1.0313247,0.10754955559968948,0.5099999904632568,0.42320001125335693
YNL082W,YBR083W,0,1.0311296,0.10752688348293304,0.5099999904632568,0.42329999804496765
YBR279W,YGR179C,0,1.0310563,0.1075042188167572,0.5099999904632568,0.42340001463890076
YBR079C,YHL013C,0,1.0310241,0.10748156160116196,0.5099999904632568,0.4235000014305115
YOR141C,YNL232W,0,1.0309589,0.10745891183614731,0.5099999904632568,0.4235999882221222
YDR446W,YMR225C,0,1.0309153,0.10743627697229385,0.5099999904632568,0.4237000048160553
YML001W,YGR032W,0,1.0309066,0.107413649559021,0.5099999904632568,0.423799991607666
YLR222C,YLR138W,0,1.0308146,0.10739102959632874,0.5099999904632568,0.4239000082015991
YGL051W,YJL203W,0,1.0304583,0.10736842453479767,0.5099999904632568,0.42399999499320984
YOR081C,YCR068W,1,1.0304296,0.1075563058257103,0.5109999775886536,0.42399999499320984
YNL083W,YCR083W,0,1.0304241,0.10753367096185684,0.5109999775886536,0.42410001158714294
YFL056C,YDL020C,0,1.0303209,0.10751104354858398,0.5109999775886536,0.42419999837875366
YKL092C,YCL011C,0,1.0301899,0.10748843103647232,0.5109999775886536,0.4242999851703644
YIL105C,YIL038C,0,1.0301329,0.10746582597494125,0.5109999775886536,0.4244000017642975
YDL028C,YOR349W,0,1.0301092,0.10744322836399078,0.5109999775886536,0.4244999885559082
YGR095C,YDL105W,0,1.0300537,0.10742064565420151,0.5109999775886536,0.4246000051498413
YPL167C,YKL174C,0,1.0299702,0.10739806294441223,0.5109999775886536,0.424699991941452
YKL186C,YPR198W,0,1.0299114,0.10737550258636475,0.5109999775886536,0.42480000853538513
YIL168W,YKL201C,0,1.0297706,0.10735294222831726,0.5109999775886536,0.42489999532699585
YEL053C,YGR240C,0,1.0297664,0.10733038932085037,0.5109999775886536,0.42500001192092896
YGL022W,YBR129C,0,1.0297626,0.10730785131454468,0.5109999775886536,0.4250999987125397
YBR133C,YPR161C,0,1.0297416,0.10728532075881958,0.5109999775886536,0.4251999855041504
YIL099W,YPL208W,0,1.0296582,0.10726280510425568,0.5109999775886536,0.4253000020980835
YIL167W,YDR414C,0,1.0296378,0.10724029690027237,0.5109999775886536,0.4253999888896942
YDR311W,YHL006C,0,1.0293608,0.10721779614686966,0.5109999775886536,0.4255000054836273
YER124C,YFR009W,0,1.0290458,0.10719530284404755,0.5109999775886536,0.42559999227523804
YGR129W,YMR183C,0,1.0290039,0.10717281699180603,0.5109999775886536,0.42570000886917114
YOL026C,YGR004W,0,1.0289521,0.10715034604072571,0.5109999775886536,0.42579999566078186
YER007C-A,YIL097W,0,1.0289279,0.10712788254022598,0.5109999775886536,0.42590001225471497
YKL196C,YNR024W,0,1.0289259,0.10710542649030685,0.5109999775886536,0.4259999990463257
YNR052C,YGL131C,0,1.0287393,0.10708298534154892,0.5109999775886536,0.4260999858379364
YDR057W,YER073W,0,1.0282891,0.10706055164337158,0.5109999775886536,0.4262000024318695
YKR077W,YOR011W,0,1.0282104,0.10703812539577484,0.5109999775886536,0.4262999892234802
YMR055C,YNR069C,0,1.0281659,0.1070157065987587,0.5109999775886536,0.42640000581741333
YDR256C,YLL061W,0,1.0280474,0.10699330270290375,0.5109999775886536,0.42649999260902405
YPL076W,YGL142C,1,1.0279752,0.10718023777008057,0.5120000243186951,0.42649999260902405
YGR257C,YNL152W,0,1.0279311,0.10715780407190323,0.5120000243186951,0.42660000920295715
YMR123W,YIL019W,0,1.0279002,0.10713538527488708,0.5120000243186951,0.42669999599456787
YBL066C,YHR039C-A,0,1.0276242,0.10711297392845154,0.5120000243186951,0.426800012588501
YOR294W,YNL186W,0,1.0273414,0.10709057003259659,0.5120000243186951,0.4268999993801117
YNR072W,YKR054C,0,1.0273079,0.10706817358732224,0.5120000243186951,0.4269999861717224
YBR093C,YER167W,0,1.02716,0.10704578459262848,0.5120000243186951,0.4271000027656555
YDR057W,YPL132W,0,1.0271423,0.10702341049909592,0.5120000243186951,0.42719998955726624
YHL009C,YLL010C,0,1.0270237,0.10700104385614395,0.5120000243186951,0.42730000615119934
YDL215C,YBR098W,0,1.0268166,0.10697868466377258,0.5120000243186951,0.42739999294281006
YHR123W,YBR042C,1,1.0266569,0.10716523975133896,0.5130000114440918,0.42739999294281006
YER006W,YOR260W,0,1.026465,0.1071428582072258,0.5130000114440918,0.42750000953674316
YDR127W,YIL106W,0,1.0263318,0.10712048411369324,0.5130000114440918,0.4275999963283539
YLR431C,YPL032C,0,1.0263046,0.10709811747074127,0.5130000114440918,0.427700012922287
YLR342W,YDR235W,0,1.0262988,0.1070757657289505,0.5130000114440918,0.4277999997138977
YDR167W,YMR125W,0,1.0259421,0.10705342143774033,0.5130000114440918,0.4278999865055084
YNL079C,YIL069C,0,1.0257066,0.10703108459711075,0.5130000114440918,0.42800000309944153
YOR145C,YBL092W,0,1.025554,0.10700876265764236,0.5130000114440918,0.42809998989105225
YHR135C,YDL010W,0,1.0254383,0.10698644071817398,0.5130000114440918,0.42820000648498535
YPL045W,YGR096W,0,1.0252228,0.10696413367986679,0.5130000114440918,0.42829999327659607
YLR051C,YBR230C,0,1.0252161,0.1069418415427208,0.5130000114440918,0.4284000098705292
YEL042W,YDR261C,0,1.0251719,0.1069195494055748,0.5130000114440918,0.4284999966621399
YLR394W,YJL214W,0,1.024996,0.10689727216959,0.5130000114440918,0.428600013256073
YER018C,YBR228W,0,1.0247132,0.10687500238418579,0.5130000114440918,0.4287000000476837
YOR117W,YLR388W,0,1.0246768,0.10685274004936218,0.5130000114440918,0.42879998683929443
YDR480W,YKR039W,0,1.0245689,0.10683048516511917,0.5130000114440918,0.42890000343322754
YGL198W,YLR333C,0,1.0245262,0.10680824518203735,0.5130000114440918,0.42899999022483826
YDR446W,YLR288C,0,1.0245032,0.10678601264953613,0.5130000114440918,0.42910000681877136
YDR317W,YML111W,0,1.0243331,0.10676378756761551,0.5130000114440918,0.4291999936103821
YMR041C,YBR020W,0,1.0240473,0.10674156993627548,0.5130000114440918,0.4293000102043152
YNL223W,YMR230W,0,1.0240102,0.10671936720609665,0.5130000114440918,0.4293999969959259
YKL009W,YDR345C,0,1.0237633,0.10669717192649841,0.5130000114440918,0.429500013589859
YGL200C,YLL042C,0,1.0237111,0.10667498409748077,0.5130000114440918,0.4296000003814697
YLR404W,YGL246C,0,1.0236223,0.10665280371904373,0.5130000114440918,0.42969998717308044
YML076C,YIL128W,0,1.0236127,0.10663063824176788,0.5130000114440918,0.42980000376701355
YOR049C,YNL246W,0,1.023508,0.10660848021507263,0.5130000114440918,0.42989999055862427
YGR252W,YEL070W,0,1.0232502,0.10658632963895798,0.5130000114440918,0.4300000071525574
YAL001C,YDL036C,0,1.023233,0.10656418651342392,0.5130000114440918,0.4300999939441681
YOL126C,YDL042C,0,1.0231882,0.10654205828905106,0.5130000114440918,0.4302000105381012
YBR067C,YLR442C,0,1.0231838,0.10651993006467819,0.5130000114440918,0.4302999973297119
YPR082C,YKR036C,0,1.023155,0.10649781674146652,0.5130000114440918,0.430400013923645
YDR519W,YHR201C,0,1.0231537,0.10647571831941605,0.5130000114440918,0.43050000071525574
YMR296C,YPR173C,1,1.0231187,0.10666113346815109,0.5139999985694885,0.43050000071525574
YFL016C,YJR095W,0,1.0231115,0.10663900524377823,0.5139999985694885,0.43059998750686646
YLR368W,YDR030C,0,1.0230361,0.10661688446998596,0.5139999985694885,0.43070000410079956
YMR246W,YHR072W,1,1.0229232,0.10680215805768967,0.5149999856948853,0.43070000410079956
YMR093W,YMR308C,0,1.0225602,0.10678001493215561,0.5149999856948853,0.4307999908924103
YEL027W,YLR321C,0,1.0225301,0.10675787925720215,0.5149999856948853,0.4309000074863434
YGR289C,YCR073C,0,1.0222424,0.10673575103282928,0.5149999856948853,0.4309999942779541
YDR195W,YMR032W,0,1.0221382,0.10671363770961761,0.5149999856948853,0.4311000108718872
YBL007C,YOR253W,0,1.0220333,0.10669152438640594,0.5149999856948853,0.4311999976634979
YJL095W,YGL064C,0,1.0218391,0.10666942596435547,0.5149999856948853,0.43130001425743103
YML099C,YPL030W,0,1.0217985,0.10664734244346619,0.5149999856948853,0.43140000104904175
YOR090C,YPL217C,0,1.0217599,0.1066252589225769,0.5149999856948853,0.43149998784065247
YKL001C,YCR036W,0,1.0217041,0.10660319030284882,0.5149999856948853,0.43160000443458557
YLR336C,YNL070W,0,1.0215687,0.10658112913370132,0.5149999856948853,0.4316999912261963
YGL087C,YLR401C,0,1.0215012,0.10655907541513443,0.5149999856948853,0.4318000078201294
YOR065W,YDR039C,0,1.0214852,0.10653702914714813,0.5149999856948853,0.4318999946117401
YOR267C,YER166W,0,1.0213382,0.10651499778032303,0.5149999856948853,0.4320000112056732
YDR006C,YIL131C,0,1.0213294,0.10649296641349792,0.5149999856948853,0.43209999799728394
YLR022C,YMR076C,0,1.0213175,0.10647094994783401,0.5149999856948853,0.43220001459121704
YGR178C,YFR021W,0,1.0212393,0.1064489483833313,0.5149999856948853,0.43230000138282776
YCR024C,YGL111W,0,1.0212355,0.10642694681882858,0.5149999856948853,0.4323999881744385
YDR462W,YKL130C,0,1.0212299,0.10640496015548706,0.5149999856948853,0.4325000047683716
YDL153C,YOL021C,0,1.0211744,0.10638298094272614,0.5149999856948853,0.4325999915599823
YKL197C,YBL009W,0,1.0211377,0.1063610091805458,0.5149999856948853,0.4327000081539154
YOR192C,YIR021W,0,1.0210398,0.10633904486894608,0.5149999856948853,0.4327999949455261
YNL073W,YFL056C,0,1.0209491,0.10631709545850754,0.5149999856948853,0.43290001153945923
YOR284W,YGR084C,0,1.0209298,0.106295146048069,0.5149999856948853,0.43299999833106995
YMR304W,YAL011W,0,1.0209266,0.10627321153879166,0.5149999856948853,0.43309998512268066
YNL048W,YIR033W,1,1.0209256,0.10645760595798492,0.515999972820282,0.43309998512268066
YDL126C,YGL166W,0,1.0206239,0.10643564164638519,0.515999972820282,0.43320000171661377
YNL116W,YLR447C,0,1.0205176,0.10641369223594666,0.515999972820282,0.4332999885082245
YJL128C,YOR212W,0,1.0201181,0.10639175027608871,0.515999972820282,0.4334000051021576
YGL259W,YMR158W,0,1.0197567,0.10636982321739197,0.515999972820282,0.4334999918937683
YHL038C,YOR077W,0,1.0196046,0.10634789615869522,0.515999972820282,0.4336000084877014
YCL004W,YGL047W,1,1.019482,0.10653204470872879,0.5170000195503235,0.4336000084877014
YGL194C,YPL135W,0,1.0194429,0.10651009529829025,0.5170000195503235,0.43369999527931213
YDR438W,YDR155C,0,1.0193994,0.10648815333843231,0.5170000195503235,0.43380001187324524
YGL166W,YBR257W,0,1.019348,0.10646622627973557,0.5170000195503235,0.43389999866485596
YOL093W,YKL166C,0,1.0191932,0.10644430667161942,0.5170000195503235,0.4339999854564667
YPR159W,YCR093W,0,1.0191355,0.10642239451408386,0.5170000195503235,0.4341000020503998
YEL001C,YGL076C,0,1.0186903,0.1064004972577095,0.5170000195503235,0.4341999888420105
YDR469W,YML101C,0,1.0185946,0.10637860000133514,0.5170000195503235,0.4343000054359436
YNL059C,YJL173C,0,1.018576,0.10635671764612198,0.5170000195503235,0.4343999922275543
YKL141W,YDL022W,0,1.0184011,0.10633484274148941,0.5170000195503235,0.4345000088214874
YKR044W,YKL058W,0,1.0180668,0.10631297528743744,0.5170000195503235,0.43459999561309814
YGL166W,YHL002W,0,1.0180271,0.10629111528396606,0.5170000195503235,0.43470001220703125
YPR067W,YLR081W,0,1.0179918,0.10626927018165588,0.5170000195503235,0.43479999899864197
YBR218C,YHR115C,0,1.0179871,0.1062474325299263,0.5170000195503235,0.4348999857902527
YJL091C,YLR189C,1,1.0179261,0.10643106698989868,0.5180000066757202,0.4348999857902527
YLR206W,YNL262W,0,1.0178277,0.10640919953584671,0.5180000066757202,0.4350000023841858
YHR062C,YKR102W,0,1.017812,0.10638734698295593,0.5180000066757202,0.4350999891757965
YKL197C,YNL240C,0,1.0176698,0.10636550188064575,0.5180000066757202,0.4352000057697296
YIR032C,YPR030W,0,1.0175971,0.10634366422891617,0.5180000066757202,0.43529999256134033
YOL126C,YGR055W,0,1.0173004,0.10632184147834778,0.5180000066757202,0.43540000915527344
YDR480W,YDR324C,0,1.0172769,0.10630001872777939,0.5180000066757202,0.43549999594688416
YLR247C,YJL076W,0,1.0172532,0.10627821087837219,0.5180000066757202,0.43560001254081726
YDL194W,YPL188W,0,1.0172182,0.1062564104795456,0.5180000066757202,0.435699999332428
YGR209C,YDR233C,0,1.0170836,0.10623461753129959,0.5180000066757202,0.4357999861240387
YCR024C-A,YAL011W,0,1.0167317,0.10621283948421478,0.5180000066757202,0.4359000027179718
YHL007C,YBR167C,0,1.0164897,0.10619106143712997,0.5180000066757202,0.4359999895095825
YML001W,YPR175W,0,1.0164798,0.10616929829120636,0.5180000066757202,0.4361000061035156
YCR024C-A,YPR135W,0,1.0162417,0.10614754259586334,0.5180000066757202,0.43619999289512634
YLR182W,YPL024W,0,1.0161556,0.10612579435110092,0.5180000066757202,0.43630000948905945
YOL122C,YML097C,0,1.0161114,0.1061040535569191,0.5180000066757202,0.43639999628067017
YAL022C,YKR077W,0,1.0156885,0.10608232766389847,0.5180000066757202,0.43650001287460327
YOR048C,YGL019W,0,1.0155841,0.10606060922145844,0.5180000066757202,0.436599999666214
YPL137C,YMR319C,0,1.0154673,0.106038898229599,0.5180000066757202,0.4366999864578247
YDL031W,YER042W,0,1.0152737,0.10601719468832016,0.5180000066757202,0.4368000030517578
YDR310C,YPR149W,0,1.0152291,0.10599549859762192,0.5180000066757202,0.43689998984336853
YEL027W,YER101C,0,1.0149127,0.10597380995750427,0.5180000066757202,0.43700000643730164
YLR229C,YNL025C,0,1.0147341,0.10595213621854782,0.5180000066757202,0.43709999322891235
YGR180C,YNL037C,0,1.0145743,0.10593046993017197,0.5180000066757202,0.43720000982284546
YOR087W,YDR225W,0,1.0145723,0.10590881109237671,0.5180000066757202,0.4372999966144562
YJL071W,YOR074C,0,1.0144826,0.10588715970516205,0.5180000066757202,0.4374000132083893
YKL048C,YJL207C,0,1.0144805,0.10586552321910858,0.5180000066757202,0.4375
YNL263C,YGL033W,0,1.0144379,0.10584389418363571,0.5180000066757202,0.4375999867916107
YDR408C,YNL197C,0,1.0143644,0.10582226514816284,0.5180000066757202,0.4377000033855438
YER172C,YLR337C,0,1.0142938,0.10580065101385117,0.5180000066757202,0.43779999017715454
YGR145W,YPL178W,0,1.0138147,0.10577905178070068,0.5180000066757202,0.43790000677108765
YNR030W,YPL117C,1,1.0137436,0.10596161335706711,0.5189999938011169,0.43790000677108765
YLR022C,YDR059C,0,1.0136135,0.10593998432159424,0.5189999938011169,0.43799999356269836
YJL186W,YOL095C,0,1.0135549,0.10591837018728256,0.5189999938011169,0.43810001015663147
YPR025C,YMR032W,0,1.0134333,0.10589675605297089,0.5189999938011169,0.4381999969482422
YER052C,YER014W,0,1.013237,0.10587514936923981,0.5189999938011169,0.4383000135421753
YHR008C,YOL095C,0,1.0132151,0.10585355758666992,0.5189999938011169,0.438400000333786
YLR262C,YNL066W,0,1.0130477,0.10583197325468063,0.5189999938011169,0.43849998712539673
YPL171C,YBL046W,0,1.0130273,0.10581039637327194,0.5189999938011169,0.43860000371932983
YGR171C,YPR033C,0,1.0130222,0.10578882694244385,0.5189999938011169,0.43869999051094055
YNL153C,YML029W,0,1.0130067,0.10576727241277695,0.5189999938011169,0.43880000710487366
YGL025C,YNR017W,0,1.0130038,0.10574571788311005,0.5189999938011169,0.4388999938964844
YGR206W,YFR029W,0,1.0128963,0.10572417825460434,0.5189999938011169,0.4390000104904175
YGR152C,YIL147C,0,1.0128603,0.10570264607667923,0.5189999938011169,0.4390999972820282
YOR219C,YFR055W,0,1.012809,0.10568112134933472,0.5189999938011169,0.4392000138759613
YDL077C,YOL026C,0,1.0127132,0.1056596115231514,0.5189999938011169,0.439300000667572
YML075C,YJL083W,1,1.0123227,0.10584164410829544,0.5199999809265137,0.439300000667572
YDR030C,YPR120C,0,1.0121325,0.10582010447978973,0.5199999809265137,0.43939998745918274
YKL129C,YNL153C,0,1.0118256,0.10579857230186462,0.5199999809265137,0.43950000405311584
YNL281W,YER072W,0,1.0117276,0.10577705502510071,0.5199999809265137,0.43959999084472656
YGL131C,YNL069C,0,1.0116295,0.10575554519891739,0.5199999809265137,0.43970000743865967
YDR257C,YMR135C,0,1.0116241,0.10573403537273407,0.5199999809265137,0.4397999942302704
YPL268W,YKL008C,1,1.0116228,0.10591583698987961,0.5210000276565552,0.4397999942302704
YBR180W,YOR060C,0,1.0112075,0.1058943122625351,0.5210000276565552,0.4399000108242035
YHR051W,YDL005C,0,1.0111547,0.10587278753519058,0.5210000276565552,0.4399999976158142
YOR196C,YFL031W,1,1.0109739,0.10605444759130478,0.5220000147819519,0.4399999976158142
YNL052W,YBR282W,0,1.0106626,0.10603290796279907,0.5220000147819519,0.4401000142097473
YBR192W,YNL117W,0,1.010514,0.10601137578487396,0.5220000147819519,0.44020000100135803
YNL238W,YGR040W,0,1.010483,0.10598985105752945,0.5220000147819519,0.44029998779296875
YBR287W,YKR060W,0,1.0102915,0.10596833378076553,0.5220000147819519,0.44040000438690186
YMR162C,YHL002W,0,1.0102717,0.10594682395458221,0.5220000147819519,0.4404999911785126
YGL061C,YFL014W,0,1.0101154,0.10592532157897949,0.5220000147819519,0.4406000077724457
YDL031W,YLR006C,0,1.0099221,0.10590383410453796,0.5220000147819519,0.4406999945640564
YLL018C-A,YGR128C,0,1.0098276,0.10588235408067703,0.5220000147819519,0.4408000111579895
YBR275C,YHR193C,0,1.009725,0.1058608815073967,0.5220000147819519,0.4408999979496002
YIL139C,YKL132C,0,1.009468,0.10583941638469696,0.5220000147819519,0.4410000145435333
YOR358W,YML004C,0,1.0093443,0.10581795871257782,0.5220000147819519,0.44110000133514404
YDR213W,YNL219C,1,1.009169,0.1059991866350174,0.5230000019073486,0.44110000133514404
YDR463W,YPL126W,0,1.0091239,0.10597770661115646,0.5230000019073486,0.44119998812675476
YNL079C,YLR319C,0,1.0090714,0.10595624148845673,0.5230000019073486,0.44130000472068787
YGL126W,YLR260W,1,1.0087355,0.10613732784986496,0.5239999890327454,0.44130000472068787
YGR177C,YBR132C,1,1.008729,0.10631834715604782,0.5249999761581421,0.44130000472068787
YPL266W,YDR243C,0,1.008729,0.10629682242870331,0.5249999761581421,0.4413999915122986
YKL172W,YGL208W,0,1.0086994,0.10627530515193939,0.5249999761581421,0.4415000081062317
YKL117W,YPL239W,0,1.0086045,0.10625379532575607,0.5249999761581421,0.4415999948978424
YDR146C,YDR142C,0,1.0085984,0.10623229295015335,0.5249999761581421,0.4417000114917755
YOR316C,YJR092W,0,1.0085785,0.10621080547571182,0.5249999761581421,0.44179999828338623
YCL064C,YDR205W,0,1.0083896,0.1061893180012703,0.5249999761581421,0.44190001487731934
YGR095C,YML011C,0,1.0081602,0.10616784542798996,0.5249999761581421,0.44200000166893005
YGR212W,YAL011W,0,1.0077229,0.10614638030529022,0.5249999761581421,0.44209998846054077
YJL141C,YPL061W,0,1.0077112,0.10612492263317108,0.5249999761581421,0.4422000050544739
YIL099W,YKL110C,0,1.0076629,0.10610347986221313,0.5249999761581421,0.4422999918460846
YKR026C,YDR145W,0,1.0074703,0.10608203709125519,0.5249999761581421,0.4424000084400177
YHR134W,YGR296W,0,1.0074434,0.10606060922145844,0.5249999761581421,0.4424999952316284
YDR463W,YBR121C,0,1.0073422,0.10603918135166168,0.5249999761581421,0.4426000118255615
YKL091C,YOL034W,0,1.0071746,0.10601776838302612,0.5249999761581421,0.44269999861717224
YMR232W,YNL288W,0,1.0071222,0.10599636286497116,0.5249999761581421,0.44279998540878296
YOR271C,YHR148W,0,1.0068655,0.10597497224807739,0.5249999761581421,0.44290000200271606
YOL142W,YLR103C,0,1.006847,0.10595358163118362,0.5249999761581421,0.4429999887943268
YBR114W,YBR005W,0,1.0067657,0.10593220591545105,0.5249999761581421,0.4431000053882599
YLR394W,YBR046C,0,1.0064785,0.10591083019971848,0.5249999761581421,0.4431999921798706
YGL174W,YNL026W,0,1.0062357,0.1058894693851471,0.5249999761581421,0.4433000087738037
YDR460W,YJL076W,0,1.00612,0.10586811602115631,0.5249999761581421,0.44339999556541443
YLL015W,YOR192C,0,1.0060852,0.10584677755832672,0.5249999761581421,0.44350001215934753
YGR212W,YMR183C,0,1.0059971,0.10582543909549713,0.5249999761581421,0.44359999895095825
YKR013W,YPL131W,0,1.0057396,0.10580410808324814,0.5249999761581421,0.44369998574256897
YPL192C,YGL067W,0,1.0056388,0.10578279197216034,0.5249999761581421,0.4438000023365021
YFL005W,YHR029C,0,1.0055964,0.10576148331165314,0.5249999761581421,0.4438999891281128
YHR057C,YMR117C,0,1.0055616,0.10574018210172653,0.5249999761581421,0.4440000057220459
YMR038C,YMR135C,0,1.0053738,0.10571888834238052,0.5249999761581421,0.4440999925136566
YDR408C,YHR037W,0,1.0052853,0.10569760203361511,0.5249999761581421,0.4442000091075897
YDL105W,YKL101W,0,1.0051303,0.1056763306260109,0.5249999761581421,0.44429999589920044
YHR090C,YNR024W,0,1.0051011,0.10565505921840668,0.5249999761581421,0.44440001249313354
YAL032C,YNL238W,0,1.0050389,0.10563380271196365,0.5249999761581421,0.44449999928474426
YBR067C,YBR301W,0,1.0048981,0.10561255365610123,0.5249999761581421,0.444599986076355
YJR017C,YDR211W,0,1.0047631,0.1055913120508194,0.5249999761581421,0.4447000026702881
YDR123C,YKL165C,1,1.0046241,0.10577116161584854,0.5260000228881836,0.4447000026702881
YGL064C,YAL014C,0,1.0045909,0.10574989765882492,0.5260000228881836,0.4447999894618988
YGR059W,YHR150W,0,1.0045722,0.1057286411523819,0.5260000228881836,0.4449000060558319
YPL116W,YMR161W,0,1.0043768,0.10570739209651947,0.5260000228881836,0.4449999928474426
YHR066W,YMR288W,0,1.0043306,0.10568615794181824,0.5260000228881836,0.44510000944137573
YNL124W,YLR316C,0,1.0041822,0.105664923787117,0.5260000228881836,0.44519999623298645
YPR001W,YGL001C,1,1.0041666,0.10584454983472824,0.5270000100135803,0.44519999623298645
YBR172C,YCR065W,0,1.0040072,0.10582329332828522,0.5270000100135803,0.44530001282691956
YFL055W,YDR212W,0,1.0039389,0.10580204427242279,0.5270000100135803,0.4453999996185303
YGR260W,YOR136W,0,1.0038303,0.10578081011772156,0.5270000100135803,0.445499986410141
YFR010W,YPR182W,0,1.0036128,0.10575958341360092,0.5270000100135803,0.4456000030040741
YCL016C,YMR280C,0,1.0034924,0.10573836416006088,0.5270000100135803,0.4456999897956848
YLR292C,YNL069C,0,1.0034759,0.10571715235710144,0.5270000100135803,0.4458000063896179
YDR059C,YLR320W,0,1.0034664,0.1056959480047226,0.5270000100135803,0.44589999318122864
YOL126C,YKL082C,0,1.0031313,0.10567475110292435,0.5270000100135803,0.44600000977516174
YNL142W,YNL152W,0,1.0030571,0.10565356910228729,0.5270000100135803,0.44609999656677246
YBL004W,YBR023C,0,1.0029441,0.10563239455223083,0.5270000100135803,0.44620001316070557
YGL208W,YMR040W,0,1.0029333,0.10561122000217438,0.5270000100135803,0.4462999999523163
YNL290W,YER069W,0,1.0028139,0.10559006035327911,0.5270000100135803,0.446399986743927
YPR183W,YGR143W,1,1.0027688,0.10576923191547394,0.527999997138977,0.446399986743927
YDR435C,YMR215W,0,1.0026749,0.10574804991483688,0.527999997138977,0.4465000033378601
YHR060W,YLR023C,0,1.00258,0.10572687536478043,0.527999997138977,0.4465999901294708
YGR255C,YLR216C,0,1.0024343,0.10570570826530457,0.527999997138977,0.44670000672340393
YFR001W,YOL129W,0,1.0023861,0.1056845486164093,0.527999997138977,0.44679999351501465
YMR092C,YOL041C,0,1.0021285,0.10566339641809464,0.527999997138977,0.44690001010894775
YKR006C,YHR196W,0,1.0020291,0.10564225912094116,0.527999997138977,0.44699999690055847
YGR239C,YJL212C,0,1.0017864,0.10562112182378769,0.527999997138977,0.4471000134944916
YLR310C,YNL050C,0,1.0017205,0.10559999942779541,0.527999997138977,0.4472000002861023
YLR399C,YLR024C,0,1.0014743,0.10557888448238373,0.527999997138977,0.447299987077713
YDR172W,YDL106C,0,1.0014374,0.10555777698755264,0.527999997138977,0.4474000036716461
YKR039W,YOL006C,0,1.0012922,0.10553667694330215,0.527999997138977,0.44749999046325684
YLL036C,YBL034C,0,1.0007795,0.10551558434963226,0.527999997138977,0.44760000705718994
YNL300W,YCR002C,0,1.0005815,0.10549450665712357,0.527999997138977,0.44769999384880066
YDR301W,YML130C,0,1.000217,0.10547342896461487,0.527999997138977,0.44780001044273376
YPL207W,YBR104W,0,1.0000601,0.10545236617326736,0.527999997138977,0.4478999972343445
YKR086W,YDR021W,0,0.9999828,0.10543131083250046,0.527999997138977,0.4480000138282776
YPR112C,YPL200W,0,0.9999684,0.10541026294231415,0.527999997138977,0.4481000006198883
YMR231W,YLR399C,0,0.9998389,0.10538922250270844,0.527999997138977,0.448199987411499
YBL004W,YPL178W,0,0.9997514,0.10536818951368332,0.527999997138977,0.44830000400543213
YDR002W,YHR024C,0,0.9995279,0.1053471639752388,0.527999997138977,0.44839999079704285
YGL012W,YOR149C,1,0.99946576,0.10552563518285751,0.5289999842643738,0.44839999079704285
YPR002W,YHR001W,1,0.9993548,0.10570403188467026,0.5299999713897705,0.44839999079704285
YPR104C,YJL208C,0,0.999217,0.10568295419216156,0.5299999713897705,0.44850000739097595
YMR300C,YBR044C,0,0.9989698,0.10566188395023346,0.5299999713897705,0.44859999418258667
YCL018W,YJL011C,0,0.9982429,0.10564082115888596,0.5299999713897705,0.4487000107765198
YBR034C,YGR132C,0,0.9981876,0.10561976581811905,0.5299999713897705,0.4487999975681305
YOR250C,YHR002W,0,0.9981687,0.10559872537851334,0.5299999713897705,0.4489000141620636
YOR192C,YMR119W,0,0.9980972,0.10557769238948822,0.5299999713897705,0.4490000009536743
YDL105W,YHL022C,0,0.99802566,0.1055566594004631,0.5299999713897705,0.44909998774528503
YGL065C,YLR242C,1,0.9979817,0.10573476552963257,0.531000018119812,0.44909998774528503
YIL162W,YBR278W,0,0.99776065,0.10571371763944626,0.531000018119812,0.44920000433921814
YDL155W,YIR005W,0,0.9975963,0.10569267719984055,0.531000018119812,0.44929999113082886
YGL236C,YOR388C,0,0.9974566,0.10567164421081543,0.531000018119812,0.44940000772476196
YIL142W,YJL200C,0,0.99738306,0.10565061867237091,0.531000018119812,0.4494999945163727
YDL197C,YOR383C,0,0.9972116,0.10562960058450699,0.531000018119812,0.4496000111103058
YIR039C,YNL273W,0,0.9967606,0.10560858994722366,0.531000018119812,0.4496999979019165
YDL159W,YFL045C,0,0.9965636,0.10558759421110153,0.531000018119812,0.4498000144958496
YIL110W,YER109C,0,0.9965498,0.1055665984749794,0.531000018119812,0.4499000012874603
YOR209C,YCR020W-B,0,0.9964737,0.10554561764001846,0.531000018119812,0.44999998807907104
YCR091W,YOL004W,0,0.9961911,0.10552464425563812,0.531000018119812,0.45010000467300415
YOR038C,YOR253W,0,0.9961005,0.10550367832183838,0.531000018119812,0.45019999146461487
YJL020C,YAL005C,0,0.99607366,0.10548271983861923,0.531000018119812,0.450300008058548
YOR334W,YBR171W,0,0.99589825,0.10546176880598068,0.531000018119812,0.4503999948501587
YDR076W,YDR398W,0,0.9956954,0.10544082522392273,0.531000018119812,0.4505000114440918
YGR078C,YNR012W,0,0.9956685,0.10541988909244537,0.531000018119812,0.4505999982357025
YDR167W,YNL145W,0,0.99559003,0.10539896786212921,0.531000018119812,0.4507000148296356
YHL003C,YER093C,1,0.9954649,0.10557650029659271,0.5320000052452087,0.4507000148296356
YKL081W,YPL036W,0,0.99529785,0.10555555671453476,0.5320000052452087,0.45080000162124634
YOL144W,YLR007W,0,0.9952155,0.1055346131324768,0.5320000052452087,0.45089998841285706
YIL016W,YOR324C,0,0.9952046,0.10551368445158005,0.5320000052452087,0.45100000500679016
YFR010W,YJL063C,0,0.9951847,0.10549276322126389,0.5320000052452087,0.4510999917984009
YDR371W,YLR011W,0,0.9950293,0.10547184944152832,0.5320000052452087,0.451200008392334
YOR377W,YMR246W,1,0.9950269,0.10564915835857391,0.5329999923706055,0.451200008392334
YDR260C,YLR405W,0,0.9944182,0.10562822222709656,0.5329999923706055,0.4512999951839447
YNL026W,YER003C,0,0.99441165,0.1056072935461998,0.5329999923706055,0.4514000117778778
YCL036W,YOR086C,0,0.9943177,0.10558637231588364,0.5329999923706055,0.4514999985694885
YLL003W,YNL148C,0,0.9941428,0.10556545853614807,0.5329999923706055,0.45159998536109924
YGR167W,YPL146C,0,0.99410284,0.1055445522069931,0.5329999923706055,0.45170000195503235
YDR389W,YBR202W,0,0.9940197,0.10552366077899933,0.5329999923706055,0.45179998874664307
YKL210W,YDR021W,0,0.99398124,0.10550276935100555,0.5329999923706055,0.45190000534057617
YLL055W,YIL098C,0,0.99397457,0.10548189282417297,0.5329999923706055,0.4519999921321869
YCR002C,YER162C,0,0.99385613,0.10546102374792099,0.5329999923706055,0.45210000872612
YPL100W,YKL043W,0,0.9937691,0.105440154671669,0.5329999923706055,0.4521999955177307
YLR242C,YKL055C,1,0.9937658,0.10561709105968475,0.5339999794960022,0.4521999955177307
YDR301W,YNL278W,0,0.99364316,0.10559619963169098,0.5339999794960022,0.4523000121116638
YGL115W,YIL065C,0,0.9935414,0.1055753231048584,0.5339999794960022,0.45239999890327454
YLR431C,YJL123C,0,0.9934744,0.10555445402860641,0.5339999794960022,0.45249998569488525
YPR001W,YLR228C,1,0.99335355,0.10573122650384903,0.5350000262260437,0.45249998569488525
YDR255C,YPL176C,0,0.99323314,0.10571033507585526,0.5350000262260437,0.45260000228881836
YMR008C,YPL006W,1,0.99280286,0.10588700324296951,0.5360000133514404,0.45260000228881836
YBL080C,YLL024C,0,0.9927012,0.10586608946323395,0.5360000133514404,0.4526999890804291
YNL241C,YDR343C,0,0.992699,0.10584518313407898,0.5360000133514404,0.4528000056743622
YHR123W,YGR007W,1,0.9925713,0.10602171719074249,0.5370000004768372,0.4528000056743622
YDL059C,YLR066W,0,0.9925615,0.10600078850984573,0.5370000004768372,0.4528999924659729
YKR052C,YOR207C,0,0.9925363,0.10597986727952957,0.5370000004768372,0.453000009059906
YHL027W,YLR047C,0,0.9925216,0.1059589609503746,0.5370000004768372,0.4530999958515167
YPL110C,YML059C,1,0.99249214,0.10613533109426498,0.5379999876022339,0.4530999958515167
YKL091C,YBR276C,0,0.9924682,0.10611439496278763,0.5379999876022339,0.45320001244544983
YPL047W,YML120C,0,0.9924358,0.10609347373247147,0.5379999876022339,0.45329999923706055
YOL130W,YOR193W,0,0.9923979,0.1060725525021553,0.5379999876022339,0.45339998602867126
YLR337C,YOR148C,0,0.9923737,0.10605164617300034,0.5379999876022339,0.45350000262260437
YHR103W,YDL123W,0,0.99224484,0.10603074729442596,0.5379999876022339,0.4535999894142151
YDR113C,YBR083W,0,0.9922214,0.10600985586643219,0.5379999876022339,0.4537000060081482
YML121W,YHR120W,0,0.9922213,0.10598896443843842,0.5379999876022339,0.4537999927997589
YPL145C,YFL025C,1,0.99214864,0.10616505891084671,0.5389999747276306,0.4537999927997589
YJR119C,YBR208C,0,0.9921175,0.10614415258169174,0.5389999747276306,0.453900009393692
YER005W,YPL006W,1,0.99210197,0.10632014274597168,0.5400000214576721,0.453900009393692
YLR148W,YNL278W,0,0.9920502,0.10629921406507492,0.5400000214576721,0.45399999618530273
YPL082C,YOR207C,0,0.9919772,0.10627829283475876,0.5400000214576721,0.45410001277923584
YCR027C,YOR090C,0,0.99196315,0.1062573790550232,0.5400000214576721,0.45419999957084656
YCR020W-B,YIL114C,0,0.991821,0.10623647272586823,0.5400000214576721,0.4542999863624573
YHR069C,YMR169C,0,0.9917315,0.10621558129787445,0.5400000214576721,0.4544000029563904
YKL048C,YBR018C,0,0.99164903,0.10619468986988068,0.5400000214576721,0.4544999897480011
YLR208W,YDL215C,0,0.9914783,0.1061738133430481,0.5400000214576721,0.4546000063419342
YJL082W,YLR259C,0,0.99136204,0.10615293681621552,0.5400000214576721,0.4546999931335449
YOR123C,YJR092W,0,0.99134487,0.10613207519054413,0.5400000214576721,0.454800009727478
YJL087C,YGR103W,0,0.9908563,0.10611122101545334,0.5400000214576721,0.45489999651908875
YDR189W,YJL059W,0,0.99048495,0.10609037429094315,0.5400000214576721,0.45500001311302185
YIL041W,YNL062C,0,0.9902753,0.10606953501701355,0.5400000214576721,0.45509999990463257
YPR058W,YOR172W,0,0.99022233,0.10604870319366455,0.5400000214576721,0.4551999866962433
YGR157W,YMR079W,1,0.9901766,0.10622423142194748,0.5410000085830688,0.4551999866962433
YCR067C,YOR125C,0,0.99007225,0.10620337724685669,0.5410000085830688,0.4553000032901764
YIL157C,YKL091C,0,0.9900083,0.1061825305223465,0.5410000085830688,0.4553999900817871
YDL201W,YDL018C,0,0.98967606,0.1061616986989975,0.5410000085830688,0.4555000066757202
YJR109C,YKL148C,0,0.98964214,0.1061408668756485,0.5410000085830688,0.45559999346733093
YDR310C,YGR121C,0,0.98962885,0.1061200499534607,0.5410000085830688,0.45570001006126404
YLR073C,YLR206W,0,0.9895747,0.10609923303127289,0.5410000085830688,0.45579999685287476
YNL064C,YOR207C,0,0.98956966,0.10607843101024628,0.5410000085830688,0.45590001344680786
YNR030W,YPR006C,1,0.9894866,0.10625367611646652,0.5419999957084656,0.45590001344680786
YPR167C,YJL093C,0,0.9893596,0.10623285174369812,0.5419999957084656,0.4560000002384186
YKL038W,YNL008C,0,0.98928547,0.10621203482151031,0.5419999957084656,0.4560999870300293
YHR014W,YNL225C,0,0.9892343,0.1061912253499031,0.5419999957084656,0.4562000036239624
YOL111C,YDL102W,0,0.9888068,0.1061704233288765,0.5419999957084656,0.4562999904155731
YGL233W,YGL111W,0,0.98865944,0.10614962875843048,0.5419999957084656,0.4564000070095062
YIL142W,YGL051W,0,0.9886585,0.10612884163856506,0.5419999957084656,0.45649999380111694
YBR145W,YFR052W,0,0.9886143,0.10610806941986084,0.5419999957084656,0.45660001039505005
YMR091C,YPL192C,0,0.9884202,0.10608729720115662,0.5419999957084656,0.45669999718666077
YGL008C,YLR449W,0,0.98830825,0.10606653988361359,0.5419999957084656,0.45680001378059387
YCL025C,YJL128C,0,0.9880622,0.10604578256607056,0.5419999957084656,0.4569000005722046
YAR042W,YKL150W,1,0.9880064,0.10622065514326096,0.5429999828338623,0.4569000005722046
YMR272C,YOR126C,1,0.98796886,0.10639546066522598,0.5440000295639038,0.4569000005722046
YLR047C,YPL232W,0,0.9878635,0.10637465864419937,0.5440000295639038,0.4569999873638153
YLR333C,YBR015C,0,0.9877398,0.10635386407375336,0.5440000295639038,0.4571000039577484
YML132W,YFR031C,0,0.98769605,0.10633306950330734,0.5440000295639038,0.45719999074935913
YGL144C,YPR173C,1,0.98762506,0.10650771856307983,0.5450000166893005,0.45719999074935913
YDR258C,YDR482C,0,0.98755795,0.10648690909147263,0.5450000166893005,0.45730000734329224
YLR244C,YDR104C,0,0.98748404,0.10646610707044601,0.5450000166893005,0.45739999413490295
YAL047C,YLR270W,0,0.98744106,0.1064453125,0.5450000166893005,0.45750001072883606
YNL245C,YNR046W,0,0.9874038,0.10642452538013458,0.5450000166893005,0.4575999975204468
YFL061W,YDL202W,0,0.9872505,0.10640374571084976,0.5450000166893005,0.4577000141143799
YFL025C,YBR004C,1,0.98720115,0.10657817870378494,0.5460000038146973,0.4577000141143799
YJR109C,YJR044C,0,0.9871996,0.10655737668275833,0.5460000038146973,0.4578000009059906
YML014W,YBR020W,0,0.9871382,0.10653658211231232,0.5460000038146973,0.4578999876976013
YLR110C,YNL072W,0,0.98692054,0.1065158024430275,0.5460000038146973,0.4580000042915344
YGR179C,YHR107C,0,0.9866535,0.10649502277374268,0.5460000038146973,0.45809999108314514
YGR113W,YIL118W,0,0.986516,0.10647425800561905,0.5460000038146973,0.45820000767707825
YDR322C-A,YBR145W,0,0.9863687,0.10645350068807602,0.5460000038146973,0.45829999446868896
YGL087C,YDR138W,0,0.98635036,0.10643275082111359,0.5460000038146973,0.45840001106262207
YDR057W,YMR038C,0,0.9861538,0.10641200840473175,0.5460000038146973,0.4584999978542328
YDR446W,YML049C,0,0.9861482,0.10639127343893051,0.5460000038146973,0.4586000144481659
YPL135W,YOR353C,0,0.98595315,0.10637054592370987,0.5460000038146973,0.4587000012397766
YER007C-A,YAL026C,0,0.98584783,0.10634982585906982,0.5460000038146973,0.45879998803138733
YKL145W,YPL024W,0,0.9858364,0.10632911324501038,0.5460000038146973,0.45890000462532043
YBR018C,YOL093W,0,0.9857288,0.10630840808153152,0.5460000038146973,0.45899999141693115
YIL036W,YMR271C,0,0.9856698,0.10628771781921387,0.5460000038146973,0.45910000801086426
YER060W-A,YMR288W,0,0.98550004,0.10626702755689621,0.5460000038146973,0.459199994802475
YGL043W,YEL005C,0,0.98538923,0.10624635219573975,0.5460000038146973,0.4593000113964081
YPL023C,YNL145W,0,0.98523444,0.10622568428516388,0.5460000038146973,0.4593999981880188
YGR092W,YER021W,0,0.9850766,0.10620501637458801,0.5460000038146973,0.4595000147819519
YER015W,YPR128C,1,0.9850752,0.10637883841991425,0.546999990940094,0.4595000147819519
YPR007C,YDR411C,0,0.9850704,0.10635815560817719,0.546999990940094,0.4596000015735626
YLR219W,YLR406C,0,0.9850423,0.10633748024702072,0.546999990940094,0.45969998836517334
YOL052C-A,YJR014W,0,0.9848446,0.10631681233644485,0.546999990940094,0.45980000495910645
YML132W,YDR354W,0,0.98456514,0.10629615187644958,0.546999990940094,0.45989999175071716
YFL005W,YDR496C,0,0.98451966,0.10627549886703491,0.546999990940094,0.46000000834465027
YNL127W,YOR020C,0,0.9845033,0.10625485330820084,0.546999990940094,0.460099995136261
YLL033W,YLR285W,0,0.984114,0.10623422265052795,0.546999990940094,0.4602000117301941
YPL239W,YIL173W,0,0.984081,0.10621359199285507,0.546999990940094,0.4602999985218048
YNL257C,YLR183C,0,0.98398215,0.10619296878576279,0.546999990940094,0.4603999853134155
YOR209C,YLR141W,0,0.98396534,0.1061723604798317,0.546999990940094,0.46050000190734863
YPR165W,YDR453C,0,0.9837671,0.1061517596244812,0.546999990940094,0.46059998869895935
YGR023W,YBR098W,0,0.983648,0.1061311587691307,0.546999990940094,0.46070000529289246
YPL240C,YDR051C,0,0.9834994,0.1061105728149414,0.546999990940094,0.4607999920845032
YNL071W,YDR461W,0,0.98336965,0.1060899943113327,0.546999990940094,0.4609000086784363
YOR344C,YLR208W,0,0.98336524,0.1060694232583046,0.546999990940094,0.460999995470047
YDR469W,YMR241W,0,0.9833584,0.10604885965585709,0.546999990940094,0.4611000120639801
YPL065W,YDR381W,0,0.9828788,0.10602830350399017,0.546999990940094,0.4611999988555908
YLR093C,YDR522C,0,0.9828306,0.10600775480270386,0.546999990940094,0.46129998564720154
YPL259C,YGR109C,0,0.98278624,0.10598721355199814,0.546999990940094,0.46140000224113464
YCL004W,YLR189C,1,0.98277754,0.10616040229797363,0.5479999780654907,0.46140000224113464
YHR146W,YER002W,0,0.98265797,0.10613983869552612,0.5479999780654907,0.46149998903274536
YNL225C,YIL015W,0,0.9823875,0.10611928999423981,0.5479999780654907,0.46160000562667847
YLR085C,YER023W,0,0.9823866,0.10609874129295349,0.5479999780654907,0.4616999924182892
YDR528W,YMR055C,0,0.98225296,0.10607820004224777,0.5479999780654907,0.4618000090122223
YKL184W,YLR453C,0,0.98221475,0.10605767369270325,0.5479999780654907,0.461899995803833
YOR329C,YJR108W,0,0.98220634,0.10603715479373932,0.5479999780654907,0.4620000123977661
YMR220W,YBR026C,1,0.9820393,0.10621009767055511,0.5490000247955322,0.4620000123977661
YPL249C,YNL087W,0,0.9819614,0.1061895564198494,0.5490000247955322,0.46209999918937683
YLR350W,YIR032C,0,0.9819438,0.10616902261972427,0.5490000247955322,0.46219998598098755
YGL224C,YOR324C,0,0.9818485,0.10614848881959915,0.5490000247955322,0.46230000257492065
YDR419W,YBR218C,0,0.9818287,0.10612796992063522,0.5490000247955322,0.46239998936653137
YIL043C,YPL097W,0,0.98171425,0.10610745847225189,0.5490000247955322,0.4625000059604645
YPL021W,YGL112C,0,0.9814914,0.10608695447444916,0.5490000247955322,0.4625999927520752
YMR123W,YPR137W,0,0.9814273,0.10606645792722702,0.5490000247955322,0.4627000093460083
YOR083W,YGL022W,0,0.9814122,0.10604597628116608,0.5490000247955322,0.462799996137619
YOR081C,YER015W,1,0.98133767,0.1062186136841774,0.550000011920929,0.462799996137619
YBR112C,YHR204W,0,0.9811204,0.10619810968637466,0.550000011920929,0.4629000127315521
YKR035W-A,YFR034C,0,0.9810527,0.10617760568857193,0.550000011920929,0.46299999952316284
YIR034C,YMR275C,0,0.9808866,0.10615710914134979,0.550000011920929,0.46309998631477356
YGL116W,YBR120C,0,0.98082685,0.10613662749528885,0.550000011920929,0.46320000290870667
YGL203C,YNL037C,0,0.980736,0.1061161458492279,0.550000011920929,0.4632999897003174
YHR108W,YGR214W,0,0.98068964,0.10609567910432816,0.550000011920929,0.4634000062942505
YHR133C,YCR048W,1,0.980633,0.10626807808876038,0.5509999990463257,0.4634000062942505
YDR229W,YBR182C,0,0.9805802,0.10624758899211884,0.5509999990463257,0.4634999930858612
YPR121W,YGL201C,0,0.9802817,0.10622710734605789,0.5509999990463257,0.4636000096797943
YIL023C,YMR125W,0,0.98024136,0.10620663315057755,0.5509999990463257,0.46369999647140503
YGR157W,YHR133C,1,0.98003167,0.10637887567281723,0.5519999861717224,0.46369999647140503
YGR041W,YHR108W,0,0.9799443,0.10635837912559509,0.5519999861717224,0.46380001306533813
YKL145W,YOR293W,0,0.9798696,0.10633789002895355,0.5519999861717224,0.46389999985694885
YJL035C,YBL034C,0,0.9798029,0.10631740838289261,0.5519999861717224,0.46399998664855957
YPL192C,YDR287W,0,0.97963953,0.10629694163799286,0.5519999861717224,0.4641000032424927
YBR222C,YGR056W,0,0.9794025,0.10627647489309311,0.5519999861717224,0.4641999900341034
YDL070W,YLR071C,0,0.979115,0.10625601559877396,0.5519999861717224,0.4643000066280365
YHR050W,YDR004W,0,0.9790163,0.1062355637550354,0.5519999861717224,0.4643999934196472
YGL126W,YLR240W,1,0.978923,0.1064075455069542,0.5529999732971191,0.4643999934196472
YDL028C,YEL060C,0,0.97890365,0.10638707131147385,0.5529999732971191,0.4645000100135803
YCR091W,YPR194C,0,0.97883123,0.1063666120171547,0.5529999732971191,0.46459999680519104
YGL175C,YPL013C,0,0.97880596,0.10634615272283554,0.5529999732971191,0.46470001339912415
YGL097W,YGL186C,0,0.97880405,0.10632570832967758,0.5529999732971191,0.46480000019073486
YDR146C,YLR203C,0,0.97873765,0.10630526393651962,0.5529999732971191,0.4648999869823456
YNL113W,YFL034C-A,0,0.97859246,0.10628483444452286,0.5529999732971191,0.4650000035762787
YHR118C,YBR101C,0,0.97849274,0.10626441240310669,0.5529999732971191,0.4650999903678894
YNL258C,YAL015C,0,0.97842973,0.10624399781227112,0.5529999732971191,0.4652000069618225
YNL246W,YIL010W,0,0.9783643,0.10622359067201614,0.5529999732971191,0.4652999937534332
YKL129C,YDL247W,0,0.9782347,0.10620319098234177,0.5529999732971191,0.46540001034736633
YJR105W,YER017C,0,0.9780146,0.10618279874324799,0.5529999732971191,0.46549999713897705
YOR156C,YPR043W,0,0.9778591,0.1061624139547348,0.5529999732971191,0.46560001373291016
YLR380W,YOR237W,1,0.9775261,0.10633397102355957,0.5540000200271606,0.46560001373291016
YPL210C,YKL085W,0,0.97752136,0.1063135638833046,0.5540000200271606,0.4657000005245209
YLR092W,YDR439W,0,0.9772788,0.10629317164421082,0.5540000200271606,0.4657999873161316
YDL153C,YKR072C,0,0.97702533,0.10627277940511703,0.5540000200271606,0.4659000039100647
YER074W-A,YER022W,0,0.97680664,0.10625239461660385,0.5540000200271606,0.4659999907016754
YOR360C,YGL014W,0,0.9765603,0.10623202472925186,0.5540000200271606,0.4661000072956085
YGL107C,YER172C,0,0.9765509,0.10621165484189987,0.5540000200271606,0.46619999408721924
YDR293C,YNL069C,0,0.9765498,0.10619129985570908,0.5540000200271606,0.46630001068115234
YLR075W,YML029W,0,0.97648627,0.10617094486951828,0.5540000200271606,0.46639999747276306
YNL016W,YFR025C,0,0.9764694,0.10615060478448868,0.5540000200271606,0.46650001406669617
YKL006W,YNL075W,0,0.97644824,0.10613026469945908,0.5540000200271606,0.4666000008583069
YHR165C,YMR038C,0,0.97643,0.10610993951559067,0.5540000200271606,0.4666999876499176
YOR222W,YBR057C,0,0.976417,0.10608962178230286,0.5540000200271606,0.4668000042438507
YPR201W,YOR123C,0,0.97624993,0.10606931149959564,0.5540000200271606,0.4668999910354614
YPL053C,YCR097W,0,0.97613937,0.10604900121688843,0.5540000200271606,0.46700000762939453
YDR325W,YJL204C,0,0.97613645,0.10602870583534241,0.5540000200271606,0.46709999442100525
YKL129C,YKL006W,0,0.97607684,0.10600841790437698,0.5540000200271606,0.46720001101493835
YLR377C,YFR044C,0,0.9760231,0.10598813742399216,0.5540000200271606,0.4672999978065491
YJL155C,YGR020C,0,0.9758137,0.10596786439418793,0.5540000200271606,0.4674000144004822
YJR067C,YBR038W,0,0.9757917,0.1059475988149643,0.5540000200271606,0.4675000011920929
YER048C,YPL187W,0,0.97574806,0.10592734068632126,0.5540000200271606,0.4675999879837036
YLR138W,YDR398W,0,0.9756724,0.10590709000825882,0.5540000200271606,0.4677000045776367
YGR177C,YLR088W,1,0.9756262,0.10607798397541046,0.5550000071525574,0.4677000045776367
YCL064C,YOR256C,0,0.9755561,0.10605771094560623,0.5550000071525574,0.46779999136924744
YDR137W,YJL093C,0,0.97536343,0.1060374453663826,0.5550000071525574,0.46790000796318054
YBR002C,YLR260W,1,0.9752543,0.10620821267366409,0.5559999942779541,0.46790000796318054
YKL141W,YDR472W,0,0.97516036,0.10618793219327927,0.5559999942779541,0.46799999475479126
YHR174W,YJL174W,0,0.9751519,0.10616765171289444,0.5559999942779541,0.46810001134872437
YBL076C,YDL107W,0,0.9749314,0.1061473861336708,0.5559999942779541,0.4681999981403351
YLR288C,YLR136C,0,0.97485006,0.10612712055444717,0.5559999942779541,0.4683000147342682
YJR127C,YML046W,0,0.97483534,0.10610686987638474,0.5559999942779541,0.4684000015258789
YDR189W,YOR010C,0,0.97478646,0.1060866266489029,0.5559999942779541,0.4684999883174896
YOL086C,YLR312W-A,0,0.97452164,0.10606638342142105,0.5559999942779541,0.46860000491142273
YJL168C,YGL029W,0,0.9742779,0.1060461550951004,0.5559999942779541,0.46869999170303345
YLR330W,YJR147W,0,0.97426915,0.10602593421936035,0.5559999942779541,0.46880000829696655
YGL237C,YKL132C,0,0.974123,0.1060057207942009,0.5559999942779541,0.46889999508857727
YCL004W,YNR019W,1,0.97412115,0.10617613047361374,0.5569999814033508,0.46889999508857727
YOL044W,YJR131W,0,0.9739372,0.10615590214729309,0.5569999814033508,0.4690000116825104
YHR123W,YBR004C,1,0.97352076,0.10632622241973877,0.5580000281333923,0.4690000116825104
YNL075W,YHR083W,0,0.97334707,0.10630596429109573,0.5580000281333923,0.4690999984741211
YDR173C,YLR239C,1,0.97317135,0.10647618770599365,0.5590000152587891,0.4690999984741211
YNR056C,YBL067C,0,0.97309357,0.10645591467618942,0.5590000152587891,0.4691999852657318
YMR105C,YPL232W,0,0.9730051,0.10643564164638519,0.5590000152587891,0.4693000018596649
YIR004W,YDR430C,0,0.972746,0.10641538351774216,0.5590000152587891,0.46939998865127563
YBL089W,YOR339C,0,0.97265875,0.10639512538909912,0.5590000152587891,0.46950000524520874
YLR312W-A,YLR259C,0,0.97264606,0.10637488216161728,0.5590000152587891,0.46959999203681946
YBR104W,YPL135W,0,0.9725991,0.10635463893413544,0.5590000152587891,0.46970000863075256
YGL068W,YPL008W,0,0.9725043,0.10633441060781479,0.5590000152587891,0.4697999954223633
YPR026W,YGL133W,0,0.97249514,0.10631418973207474,0.5590000152587891,0.4699000120162964
YBR222C,YDL202W,0,0.97240996,0.10629396885633469,0.5590000152587891,0.4699999988079071
YAL032C,YOL095C,0,0.9720145,0.10627376288175583,0.5590000152587891,0.4700999855995178
YDL239C,YDR361C,0,0.97185403,0.10625356435775757,0.5590000152587891,0.4702000021934509
YOR025W,YGR170W,1,0.97181183,0.10642341524362564,0.5600000023841858,0.4702000021934509
YBL035C,YMR083W,0,0.97179073,0.10640319436788559,0.5600000023841858,0.47029998898506165
YMR199W,YBR133C,0,0.97178966,0.10638298094272614,0.5600000023841858,0.47040000557899475
YOL016C,YIL140W,0,0.9715914,0.10636277496814728,0.5600000023841858,0.47049999237060547
YOR126C,YPL170W,1,0.97156245,0.10653246939182281,0.5609999895095825,0.47049999237060547
YGL158W,YDL002C,0,0.9715291,0.10651224851608276,0.5609999895095825,0.4706000089645386
YIL049W,YDR213W,1,0.9713737,0.10668185353279114,0.5619999766349792,0.4706000089645386
YBR002C,YPL006W,1,0.97128576,0.10685139149427414,0.5630000233650208,0.4706000089645386
YLR380W,YNL267W,1,0.97114676,0.10702086985111237,0.5640000104904175,0.4706000089645386
YHR079C,YLR293C,0,0.97114635,0.10700056701898575,0.5640000104904175,0.4706999957561493
YML067C,YDR227W,0,0.970842,0.10698027163743973,0.5640000104904175,0.4708000123500824
YLR085C,YHR152W,0,0.97024876,0.1069599837064743,0.5640000104904175,0.4708999991416931
YBR210W,YGR254W,0,0.97019696,0.10693970322608948,0.5640000104904175,0.47099998593330383
YPR145W,YOR261C,0,0.97011566,0.10691943019628525,0.5640000104904175,0.47110000252723694
YGL196W,YDR204W,0,0.97004825,0.10689916461706161,0.5640000104904175,0.47119998931884766
YLR309C,YJL078C,0,0.9699468,0.10687890648841858,0.5640000104904175,0.47130000591278076
YJR057W,YCR005C,0,0.96992284,0.10685865581035614,0.5640000104904175,0.4713999927043915
YNL251C,YDR160W,0,0.9694069,0.1068384200334549,0.5640000104904175,0.4715000092983246
YMR309C,YBR102C,0,0.9694064,0.10681818425655365,0.5640000104904175,0.4715999960899353
YGL237C,YIR005W,0,0.96936846,0.106797955930233,0.5640000104904175,0.4717000126838684
YBR029C,YKL126W,1,0.96926993,0.10696705430746078,0.5649999976158142,0.4717000126838684
YIL006W,YGL207W,0,0.968928,0.10694681107997894,0.5649999976158142,0.4717999994754791
YBR247C,YDL212W,0,0.9688892,0.1069265678524971,0.5649999976158142,0.47189998626708984
YLR210W,YJL115W,0,0.9686289,0.10690633952617645,0.5649999976158142,0.47200000286102295
YGR183C,YPL212C,0,0.96860987,0.1068861111998558,0.5649999976158142,0.47209998965263367
YIL068C,YGR240C,0,0.9683613,0.10686589777469635,0.5649999976158142,0.4722000062465668
YDR113C,YNL087W,0,0.96820676,0.10684569180011749,0.5649999976158142,0.4722999930381775
YCR083W,YLR081W,0,0.9681107,0.10682548582553864,0.5649999976158142,0.4724000096321106
YOR271C,YGL032C,0,0.9681101,0.10680529475212097,0.5649999976158142,0.4724999964237213
YGL022W,YNL113W,0,0.96806556,0.10678510367870331,0.5649999976158142,0.4726000130176544
YCR026C,YJL207C,0,0.9680264,0.10676492750644684,0.5649999976158142,0.47269999980926514
YOR177C,YKL130C,0,0.96798867,0.10674475878477097,0.5649999976158142,0.47279998660087585
YGL047W,YKR064W,1,0.96794003,0.1069134846329689,0.5659999847412109,0.47279998660087585
YHR123W,YBL091C-A,1,0.9678964,0.10708215087652206,0.5669999718666077,0.47279998660087585
YLR119W,YMR182C,0,0.9677821,0.10706193000078201,0.5669999718666077,0.47290000319480896
YFR034C,YLR024C,0,0.9677605,0.10704172402620316,0.5669999718666077,0.4729999899864197
YMR177W,YHR024C,0,0.9676942,0.1070215180516243,0.5669999718666077,0.4731000065803528
YHR005C,YBL009W,0,0.96750975,0.10700131952762604,0.5669999718666077,0.4731999933719635
YJR103W,YNL202W,1,0.96749955,0.10716981440782547,0.5680000185966492,0.4731999933719635
YCR003W,YMR280C,0,0.9674019,0.10714959353208542,0.5680000185966492,0.4733000099658966
YLR117C,YGR256W,0,0.9671609,0.10712938755750656,0.5680000185966492,0.4733999967575073
YEL001C,YLR275W,0,0.96687794,0.1071091815829277,0.5680000185966492,0.47350001335144043
YJL174W,YKR054C,0,0.9668145,0.10708899050951004,0.5680000185966492,0.47360000014305115
YPL203W,YDL171C,0,0.9665734,0.10706879943609238,0.5680000185966492,0.47369998693466187
YLR206W,YBR218C,0,0.96637565,0.10704862326383591,0.5680000185966492,0.47380000352859497
YGR118W,YGR271W,0,0.96632344,0.10702845454216003,0.5680000185966492,0.4738999903202057
YFL022C,YGR087C,0,0.9660862,0.10700828582048416,0.5680000185966492,0.4740000069141388
YKL007W,YGR224W,0,0.9660516,0.10698813199996948,0.5680000185966492,0.4740999937057495
YLR380W,YIR033W,1,0.96565527,0.10715630650520325,0.5690000057220459,0.4740999937057495
YJR078W,YPL002C,0,0.9653595,0.10713613033294678,0.5690000057220459,0.4742000102996826
YOL151W,YOR149C,1,0.9650906,0.10730421543121338,0.5699999928474426,0.4742000102996826
YOR198C,YDL045W-A,0,0.9650214,0.10728401690721512,0.5699999928474426,0.47429999709129333
YMR123W,YJL204C,0,0.9650183,0.10726383328437805,0.5699999928474426,0.47440001368522644
YER005W,YOR298W,1,0.96432817,0.1074317991733551,0.5709999799728394,0.47440001368522644
YLR133W,YKR053C,1,0.9643232,0.10759969800710678,0.5720000267028809,0.47440001368522644
YGL076C,YJR144W,0,0.9642642,0.10757946223020554,0.5720000267028809,0.47450000047683716
YDL149W,YEL011W,0,0.9642503,0.10755923390388489,0.5720000267028809,0.4745999872684479
YJL110C,YJR095W,0,0.9642379,0.10753901302814484,0.5720000267028809,0.474700003862381
YNR030W,YKL008C,1,0.96421885,0.10770677030086517,0.5730000138282776,0.474700003862381
YMR308C,YKL193C,0,0.96397775,0.10768652707338333,0.5730000138282776,0.4747999906539917
YOL055C,YHR088W,0,0.96397173,0.10766629129648209,0.5730000138282776,0.4749000072479248
YOR048C,YAL024C,0,0.96388835,0.10764606297016144,0.5730000138282776,0.4749999940395355
YHR014W,YBR014C,0,0.9638873,0.10762584209442139,0.5730000138282776,0.47510001063346863
YOL027C,YIL056W,0,0.9637849,0.10760563611984253,0.5730000138282776,0.47519999742507935
YKL060C,YNL113W,0,0.9637685,0.10758543014526367,0.5730000138282776,0.47530001401901245
YPR152C,YDR383C,0,0.9637646,0.10756523162126541,0.5730000138282776,0.47540000081062317
YBL080C,YOR259C,0,0.9636085,0.10754504799842834,0.5730000138282776,0.4754999876022339
YNL051W,YDL031W,0,0.96356004,0.10752486437559128,0.5730000138282776,0.475600004196167
YKL184W,YLR258W,0,0.9634881,0.10750468820333481,0.5730000138282776,0.4756999909877777
YMR001C,YLR011W,0,0.9634745,0.10748452693223953,0.5730000138282776,0.4758000075817108
YOR064C,YNL186W,0,0.96328217,0.10746436566114426,0.5730000138282776,0.47589999437332153
YOR099W,YHR168W,0,0.9630918,0.10744421184062958,0.5730000138282776,0.47600001096725464
YLR350W,YLL003W,0,0.96306735,0.10742407292127609,0.5730000138282776,0.47609999775886536
YPL021W,YOL026C,0,0.9629923,0.10740393400192261,0.5730000138282776,0.47620001435279846
YKL032C,YLR029C,0,0.96294755,0.10738380998373032,0.5730000138282776,0.4763000011444092
YDR381W,YDL024C,0,0.96278036,0.10736368596553802,0.5730000138282776,0.4763999879360199
YGR092W,YCL054W,0,0.96241254,0.10734357684850693,0.5730000138282776,0.476500004529953
YOL086C,YNR039C,0,0.9621981,0.10732346773147583,0.5730000138282776,0.4765999913215637
YDL188C,YLL052C,0,0.96197814,0.10730337351560593,0.5730000138282776,0.4767000079154968
YHL021C,YKL067W,0,0.9617479,0.10728327929973602,0.5730000138282776,0.47679999470710754
YFL050C,YGR155W,0,0.961616,0.10726319998502731,0.5730000138282776,0.47690001130104065
YPL016W,YBR021W,0,0.96158427,0.1072431206703186,0.5730000138282776,0.47699999809265137
YGR082W,YPR061C,0,0.96155536,0.10722305625677109,0.5730000138282776,0.4771000146865845
YOR045W,YAR033W,0,0.9614534,0.10720299184322357,0.5730000138282776,0.4772000014781952
YML123C,YCL011C,0,0.9614098,0.10718294233083725,0.5730000138282776,0.4772999882698059
YGL038C,YDR030C,0,0.96130246,0.10716289281845093,0.5730000138282776,0.477400004863739
YGL241W,YLR324W,0,0.9611846,0.1071428582072258,0.5730000138282776,0.47749999165534973
YDL058W,YLR244C,0,0.9610772,0.10712282359600067,0.5730000138282776,0.47760000824928284
YJL026W,YDR264C,0,0.9608967,0.10710280388593674,0.5730000138282776,0.47769999504089355
YMR220W,YKR089C,1,0.9605542,0.10726966708898544,0.5740000009536743,0.47769999504089355
YEL036C,YJL098W,0,0.9602703,0.10724962502717972,0.5740000009536743,0.47780001163482666
YBR169C,YFL021W,0,0.9602081,0.10722959041595459,0.5740000009536743,0.4778999984264374
YHR034C,YDR350C,0,0.96019745,0.10720956325531006,0.5740000009536743,0.4779999852180481
YJL196C,YOR180C,1,0.96012455,0.10737628489732742,0.574999988079071,0.4779999852180481
YNR026C,YOR298C-A,0,0.9600742,0.1073562353849411,0.574999988079071,0.4781000018119812
YER125W,YPL058C,1,0.96006995,0.1075228676199913,0.5759999752044678,0.4781000018119812
YOR241W,YPL024W,0,0.95980847,0.10750280320644379,0.5759999752044678,0.4781999886035919
YER028C,YML036W,0,0.95975,0.10748273879289627,0.5759999752044678,0.478300005197525
YER007C-A,YLR429W,0,0.95967954,0.10746268928050995,0.5759999752044678,0.47839999198913574
YCL001W,YMR143W,0,0.9596086,0.10744263976812363,0.5759999752044678,0.47850000858306885
YGL241W,YKL078W,0,0.95957154,0.1074226051568985,0.5759999752044678,0.47859999537467957
YOL082W,YLR175W,0,0.95938975,0.10740257054567337,0.5759999752044678,0.47870001196861267
YGL100W,YIR031C,0,0.95933414,0.10738255083560944,0.5759999752044678,0.4787999987602234
YBL067C,YFL034C-A,0,0.95925754,0.1073625385761261,0.5759999752044678,0.4788999855518341
YDL198C,YBR230C,0,0.95925444,0.10734252631664276,0.5759999752044678,0.4790000021457672
YKL090W,YBR104W,0,0.9591926,0.10732252895832062,0.5759999752044678,0.47909998893737793
YIL009W,YLR239C,1,0.9591368,0.10748882591724396,0.5770000219345093,0.47909998893737793
YPR106W,YOR255W,0,0.9589215,0.10746879875659943,0.5770000219345093,0.47920000553131104
YDR040C,YDL133C-A,0,0.9588552,0.10744878649711609,0.5770000219345093,0.47929999232292175
YDR472W,YML047C,0,0.9588478,0.10742878168821335,0.5770000219345093,0.47940000891685486
YHR066W,YLR208W,0,0.9587462,0.1074087843298912,0.5770000219345093,0.4794999957084656
YBL058W,YNR057C,0,0.95858693,0.10738879442214966,0.5770000219345093,0.4796000123023987
YML086C,YHR072W-A,0,0.9583984,0.10736881196498871,0.5770000219345093,0.4796999990940094
YOL060C,YOR335C,0,0.9583466,0.10734883695840836,0.5770000219345093,0.4797999858856201
YGL062W,YMR112C,0,0.95824224,0.1073288694024086,0.5770000219345093,0.4799000024795532
YMR241W,YCR097W,0,0.9582086,0.10730890929698944,0.5770000219345093,0.47999998927116394
YER093C,YLR189C,1,0.9580284,0.1074749007821083,0.578000009059906,0.47999998927116394
YOR033C,YPR189W,0,0.95798296,0.10745491832494736,0.578000009059906,0.48010000586509705
YPL190C,YDL213C,0,0.95764154,0.107434943318367,0.578000009059906,0.48019999265670776
YHL011C,YMR214W,0,0.95763063,0.10741497576236725,0.578000009059906,0.48030000925064087
YLR380W,YPR173C,1,0.95760554,0.10758082568645477,0.5789999961853027,0.48030000925064087
YLR164W,YLR435W,0,0.95757425,0.10756084322929382,0.5789999961853027,0.4803999960422516
YLR363C,YGR068C,0,0.957566,0.10754086077213287,0.5789999961853027,0.4805000126361847
YPL129W,YDR217C,0,0.9575626,0.10752089321613312,0.5789999961853027,0.4805999994277954
YJL012C,YGL032C,0,0.95756227,0.10750092566013336,0.5789999961853027,0.48069998621940613
YDR452W,YNL178W,0,0.9575304,0.1074809730052948,0.5789999961853027,0.48080000281333923
YHR176W,YNL192W,0,0.9575202,0.10746102780103683,0.5789999961853027,0.48089998960494995
YGL028C,YJR131W,0,0.9575049,0.10744108259677887,0.5789999961853027,0.48100000619888306
YIR004W,YIL013C,0,0.95746064,0.1074211522936821,0.5789999961853027,0.4810999929904938
YBR110W,YBR132C,1,0.9573465,0.10758671909570694,0.5799999833106995,0.4810999929904938
YGL012W,YGL144C,1,0.95717907,0.107752226293087,0.5809999704360962,0.4810999929904938
YPL254W,YMR280C,0,0.95716614,0.10773224383592606,0.5809999704360962,0.4812000095844269
YOR210W,YNR033W,0,0.9571499,0.1077122762799263,0.5809999704360962,0.4812999963760376
YOL144W,YHR154W,0,0.957069,0.10769230872392654,0.5809999704360962,0.4814000129699707
YJR031C,YPR189W,0,0.95703346,0.10767234861850739,0.5809999704360962,0.4814999997615814
YMR125W,YDR361C,0,0.9569686,0.10765239596366882,0.5809999704360962,0.48159998655319214
YOL128C,YPL207W,0,0.9569561,0.10763245820999146,0.5809999704360962,0.48170000314712524
YLR390W-A,YJL006C,0,0.956915,0.10761252045631409,0.5809999704360962,0.48179998993873596
YIL148W,YLL021W,0,0.95681536,0.10759259015321732,0.5809999704360962,0.48190000653266907
YHR176W,YPR101W,0,0.956557,0.10757267475128174,0.5809999704360962,0.4819999933242798
YOR141C,YLL039C,0,0.95616144,0.10755275934934616,0.5809999704360962,0.4821000099182129
YGR193C,YBR045C,0,0.95604914,0.10753285139799118,0.5809999704360962,0.4821999967098236
YDR204W,YNR051C,0,0.95599145,0.1075129508972168,0.5809999704360962,0.4823000133037567
YGR128C,YEL029C,0,0.9558728,0.10749306529760361,0.5809999704360962,0.48240000009536743
YIL095W,YDR489W,0,0.9557217,0.10747317969799042,0.5809999704360962,0.48249998688697815
YMR024W,YER102W,0,0.9556055,0.10745330154895782,0.5809999704360962,0.48260000348091125
YML052W,YGR103W,0,0.95530766,0.10743343085050583,0.5809999704360962,0.482699990272522
YBR149W,YNL107W,0,0.9552122,0.10741356760263443,0.5809999704360962,0.4828000068664551
YJR063W,YLR421C,0,0.9549389,0.10739371180534363,0.5809999704360962,0.4828999936580658
YMR274C,YPR155C,0,0.9548277,0.10737387090921402,0.5809999704360962,0.4830000102519989
YDR377W,YAL026C,0,0.9547928,0.10735403001308441,0.5809999704360962,0.4830999970436096
YGL245W,YNL072W,0,0.95476454,0.1073341965675354,0.5809999704360962,0.4832000136375427
YGL064C,YER021W,0,0.9546811,0.10731437057256699,0.5809999704360962,0.48330000042915344
YNL240C,YDR285W,0,0.9545807,0.10729455202817917,0.5809999704360962,0.48339998722076416
YBR136W,YJL059W,0,0.9545201,0.10727474093437195,0.5809999704360962,0.48350000381469727
YPL240C,YJR006W,0,0.954369,0.10725493729114532,0.5809999704360962,0.483599990606308
YDL171C,YCR024C,0,0.9541251,0.1072351410984993,0.5809999704360962,0.4837000072002411
YDR004W,YBR171W,0,0.95402366,0.10721535235643387,0.5809999704360962,0.4837999939918518
YGL144C,YOR109W,1,0.9540183,0.10738007724285126,0.5820000171661377,0.4837999939918518
YER175C,YIL114C,0,0.9538499,0.10736026614904404,0.5820000171661377,0.4839000105857849
YLR336C,YNL137C,0,0.9531328,0.10734046250581741,0.5820000171661377,0.48399999737739563
YCL067C,YJR051W,0,0.9529641,0.10732067376375198,0.5820000171661377,0.48410001397132874
YER185W,YDR498C,0,0.9525683,0.10730088502168655,0.5820000171661377,0.48420000076293945
YCR003W,YOR188W,0,0.95247513,0.10728110373020172,0.5820000171661377,0.48429998755455017
YIL068C,YJL200C,0,0.95245075,0.10726133733987808,0.5820000171661377,0.4844000041484833
YIL009W,YCR044C,1,0.9524428,0.10742583125829697,0.5830000042915344,0.4844000041484833
YJR130C,YDL214C,0,0.9524251,0.10740604251623154,0.5830000042915344,0.484499990940094
YHR005C-A,YDR225W,0,0.952401,0.1073862612247467,0.5830000042915344,0.4846000075340271
YGL163C,YNR048W,0,0.9523873,0.10736647993326187,0.5830000042915344,0.4846999943256378
YDL189W,YHR018C,0,0.9521939,0.10734671354293823,0.5830000042915344,0.4848000109195709
YOR236W,YHR069C,0,0.952174,0.10732695460319519,0.5830000042915344,0.48489999771118164
YCR018C,YNL047C,0,0.952133,0.10730719566345215,0.5830000042915344,0.48500001430511475
YML099C,YGL054C,0,0.9521317,0.1072874516248703,0.5830000042915344,0.48510000109672546
YLR336C,YNL118C,0,0.9519553,0.10726770758628845,0.5830000042915344,0.4851999878883362
YGR192C,YDR328C,0,0.9517766,0.1072479784488678,0.5830000042915344,0.4853000044822693
YBR169C,YML097C,0,0.9516334,0.10722824931144714,0.5830000042915344,0.48539999127388
YLR274W,YOR336W,0,0.95153743,0.10720853507518768,0.5830000042915344,0.4855000078678131
YIL105C,YDL214C,0,0.95148915,0.10718882083892822,0.5830000042915344,0.48559999465942383
YGR065C,YFR046C,0,0.9509724,0.10716911405324936,0.5830000042915344,0.48570001125335693
YPL210C,YGR087C,0,0.9508471,0.10714942216873169,0.5830000042915344,0.48579999804496765
YDL104C,YPL227C,0,0.95064175,0.10712973028421402,0.5830000042915344,0.48590001463890076
YPR105C,YPR190C,0,0.95041025,0.10711005330085754,0.5830000042915344,0.4860000014305115
YPR034W,YAL009W,0,0.95037997,0.10709037631750107,0.5830000042915344,0.4860999882221222
YDL122W,YNL064C,0,0.95033437,0.10707070678472519,0.5830000042915344,0.4862000048160553
YLR453C,YMR179W,0,0.94992715,0.10705104470252991,0.5830000042915344,0.486299991607666
YJR042W,YNL252C,0,0.9498697,0.10703139007091522,0.5830000042915344,0.4864000082015991
YMR176W,YBL026W,0,0.9498372,0.10701175034046173,0.5830000042915344,0.48649999499320984
YOR145C,YMR179W,0,0.9497569,0.10699211061000824,0.5830000042915344,0.48660001158714294
YDL079C,YOR258W,0,0.9497564,0.10697247833013535,0.5830000042915344,0.48669999837875366
YML022W,YFR042W,0,0.9497186,0.10695285350084305,0.5830000042915344,0.4867999851703644
YDR472W,YNL323W,0,0.9497138,0.10693323612213135,0.5830000042915344,0.4869000017642975
YOR010C,YDR477W,0,0.9496253,0.10691362619400024,0.5830000042915344,0.4869999885559082
YMR106C,YAL061W,0,0.9496128,0.10689402371644974,0.5830000042915344,0.4871000051498413
YJR130C,YLR293C,0,0.9496113,0.10687442868947983,0.5830000042915344,0.487199991941452
YDR004W,YBR261C,0,0.9494597,0.10685484111309052,0.5830000042915344,0.48730000853538513
YNL062C,YEL029C,0,0.9494286,0.1068352609872818,0.5830000042915344,0.48739999532699585
YAL014C,YGR256W,0,0.9493954,0.10681568086147308,0.5830000042915344,0.48750001192092896
YOL027C,YKL125W,0,0.9493859,0.10679611563682556,0.5830000042915344,0.4875999987125397
YPL058C,YJL100W,1,0.94929045,0.10695970803499222,0.5839999914169312,0.4875999987125397
YPR144C,YOR103C,0,0.94928354,0.1069401204586029,0.5839999914169312,0.4876999855041504
YIL110W,YLR399C,0,0.9492163,0.10692054033279419,0.5839999914169312,0.4878000020980835
YER098W,YPL187W,0,0.94909,0.10690096765756607,0.5839999914169312,0.4878999888896942
YKL217W,YIL114C,0,0.9490529,0.10688140243291855,0.5839999914169312,0.4880000054836273
YDR113C,YOL154W,0,0.94899553,0.10686184465885162,0.5839999914169312,0.48809999227523804
YJL095W,YMR232W,0,0.94897366,0.1068422943353653,0.5839999914169312,0.48820000886917114
YJL191W,YOR168W,0,0.94861895,0.10682275146245956,0.5839999914169312,0.48829999566078186
YBR150C,YDR317W,0,0.9483829,0.10680321604013443,0.5839999914169312,0.48840001225471497
YIL154C,YGL175C,0,0.9483124,0.10678368806838989,0.5839999914169312,0.4884999990463257
YEL060C,YHR194W,0,0.9482646,0.10676416754722595,0.5839999914169312,0.4885999858379364
YDR051C,YDR233C,0,0.9481665,0.10674465447664261,0.5839999914169312,0.4887000024318695
YDR300C,YKL203C,0,0.94813025,0.10672514885663986,0.5839999914169312,0.4887999892234802
YGL180W,YOR122C,0,0.9480588,0.10670564323663712,0.5839999914169312,0.48890000581741333
YNR028W,YLR424W,0,0.94784886,0.10668615251779556,0.5839999914169312,0.48899999260902405
YPL273W,YDL107W,0,0.94763947,0.1066666692495346,0.5839999914169312,0.48910000920295715
YDL174C,YGL254W,0,0.9476101,0.10664718598127365,0.5839999914169312,0.48919999599456787
YLR209C,YDR037W,0,0.94758713,0.10662771761417389,0.5839999914169312,0.489300012588501
YDR198C,YHR041C,0,0.94751996,0.10660824924707413,0.5839999914169312,0.4893999993801117
YHR174W,YDL235C,0,0.94731396,0.10658879578113556,0.5839999914169312,0.4894999861717224
YBR150C,YJR133W,0,0.9469672,0.10656934231519699,0.5839999914169312,0.4896000027656555
YNL283C,YDR087C,0,0.94690746,0.10654989629983902,0.5839999914169312,0.48969998955726624
YMR110C,YOR118W,0,0.946774,0.10653046518564224,0.5839999914169312,0.48980000615119934
YPR107C,YDR016C,0,0.9467273,0.10651103407144547,0.5839999914169312,0.48989999294281006
YGL250W,YER149C,0,0.9466521,0.10649161040782928,0.5839999914169312,0.49000000953674316
YJL155C,YOR335C,0,0.94654244,0.1064721941947937,0.5839999914169312,0.4900999963283539
YLL002W,YDR461W,0,0.9465064,0.10645278543233871,0.5839999914169312,0.490200012922287
YGL028C,YBR079C,0,0.9464518,0.10643339157104492,0.5839999914169312,0.4902999997138977
YDL031W,YBR288C,0,0.9464344,0.10641399770975113,0.5839999914169312,0.4903999865055084
YGL196W,YDL022W,0,0.9463709,0.10639460384845734,0.5839999914169312,0.49050000309944153
YKL092C,YMR038C,0,0.94626725,0.10637522488832474,0.5839999914169312,0.49059998989105225
YPL098C,YLR210W,0,0.94624525,0.10635585337877274,0.5839999914169312,0.49070000648498535
YPR165W,YLR196W,0,0.9462357,0.10633648931980133,0.5839999914169312,0.49079999327659607
YOL108C,YPR173C,1,0.9462221,0.10649918019771576,0.5849999785423279,0.49079999327659607
YLR133W,YLR228C,1,0.9458607,0.10666181147098541,0.5860000252723694,0.49079999327659607
YPL175W,YHR123W,1,0.9458384,0.10682438313961029,0.5870000123977661,0.49079999327659607
YDL098C,YNR067C,0,0.94568,0.10680495202541351,0.5870000123977661,0.4909000098705292
YNL312W,YGL170C,0,0.94545454,0.10678552091121674,0.5870000123977661,0.4909999966621399
YOR273C,YPL023C,0,0.94531924,0.10676609724760056,0.5870000123977661,0.491100013256073
YOL112W,YJL145W,0,0.9452635,0.10674668103456497,0.5870000123977661,0.4912000000476837
YIL019W,YJL081C,0,0.9449967,0.10672727227210999,0.5870000123977661,0.49129998683929443
YNL088W,YDR496C,0,0.9447189,0.1067078709602356,0.5870000123977661,0.49140000343322754
YLR002C,YLR263W,0,0.9447153,0.1066884770989418,0.5870000123977661,0.49149999022483826
YOR056C,YOL155C,0,0.94448143,0.10666909068822861,0.5870000123977661,0.49160000681877136
YDR407C,YGR212W,0,0.94434804,0.10664971172809601,0.5870000123977661,0.4916999936103821
YBR125C,YDR204W,0,0.9442424,0.10663033276796341,0.5870000123977661,0.4918000102043152
YJR078W,YLR342W,0,0.94416887,0.106610968708992,0.5870000123977661,0.4918999969959259
YGL236C,YPR060C,0,0.94401646,0.1065916121006012,0.5870000123977661,0.492000013589859
YCR035C,YOR368W,0,0.94385684,0.10657225549221039,0.5870000123977661,0.4921000003814697
YOR250C,YPL050C,0,0.94378036,0.10655291378498077,0.5870000123977661,0.49219998717308044
YPR145W,YGL099W,0,0.9437056,0.10653357207775116,0.5870000123977661,0.49230000376701355
YPR010C,YNL220W,0,0.9436073,0.10651424527168274,0.5870000123977661,0.49239999055862427
YDR416W,YPR191W,0,0.94358546,0.10649491846561432,0.5870000123977661,0.4925000071525574
YHL038C,YLR308W,0,0.94356674,0.10647560656070709,0.5870000123977661,0.4925999939441681
YKL091C,YFR047C,0,0.9433105,0.10645629465579987,0.5870000123977661,0.4927000105381012
YNL163C,YOR230W,0,0.9432557,0.10643699020147324,0.5870000123977661,0.4927999973297119
YKR057W,YOL043C,0,0.94319934,0.1064176931977272,0.5870000123977661,0.492900013923645
YLR330W,YGL063W,0,0.943002,0.10639840364456177,0.5870000123977661,0.49300000071525574
YER127W,YBR057C,0,0.9429042,0.10637912154197693,0.5870000123977661,0.49309998750686646
YLR251W,YNR013C,0,0.94289297,0.10635984688997269,0.5870000123977661,0.49320000410079956
YKL099C,YMR240C,0,0.94272155,0.10634057968854904,0.5870000123977661,0.4932999908924103
YKL113C,YLR234W,0,0.9426656,0.106321319937706,0.5870000123977661,0.4934000074863434
YJL117W,YEL062W,0,0.9425141,0.10630206763744354,0.5870000123977661,0.4934999942779541
YJR036C,YGR271W,0,0.94224596,0.10628281533718109,0.5870000123977661,0.4936000108718872
YIL097W,YKR081C,0,0.9421053,0.10626357793807983,0.5870000123977661,0.4936999976634979
YBR261C,YCR065W,0,0.94201344,0.10624434053897858,0.5870000123977661,0.49380001425743103
YNL002C,YNL299W,0,0.9419859,0.10622511804103851,0.5870000123977661,0.49390000104904175
YDR281C,YDR438W,0,0.9418811,0.10620589554309845,0.5870000123977661,0.49399998784065247
YBR155W,YJL002C,0,0.9415283,0.10618668794631958,0.5870000123977661,0.49410000443458557
YNL124W,YBR230C,0,0.94142216,0.10616748034954071,0.5870000123977661,0.4941999912261963
YFL025C,YPR140W,1,0.94136864,0.10632911324501038,0.5879999995231628,0.4941999912261963
YPL137C,YKL220C,0,0.9413365,0.10630989074707031,0.5879999995231628,0.4943000078201294
YER183C,YIL007C,0,0.94124836,0.10629067569971085,0.5879999995231628,0.4943999946117401
YPL058C,YHR001W,1,0.94106156,0.10645219683647156,0.5889999866485596,0.4943999946117401
YKR054C,YLL052C,0,0.9409027,0.1064329594373703,0.5889999866485596,0.4945000112056732
YOR025W,YPL110C,1,0.94069725,0.10659439861774445,0.5899999737739563,0.4945000112056732
YFR019W,YPL268W,1,0.9406566,0.10675577819347382,0.5910000205039978,0.4945000112056732
YGL050W,YHR164C,0,0.94063956,0.10673650354146957,0.5910000205039978,0.49459999799728394
YML086C,YBR038W,0,0.9406225,0.10671722888946533,0.5910000205039978,0.49470001459121704
YLR333C,YHR091C,0,0.9405485,0.10669796168804169,0.5910000205039978,0.49480000138282776
YPL129W,YOR371C,0,0.940525,0.10667870193719864,0.5910000205039978,0.4948999881744385
YKR077W,YKR039W,0,0.9402396,0.10665944963693619,0.5910000205039978,0.4950000047683716
YGL026C,YOR249C,0,0.9401554,0.10664020478725433,0.5910000205039978,0.4950999915599823
YMR113W,YFL022C,0,0.9400529,0.10662095993757248,0.5910000205039978,0.4952000081539154
YPL193W,YBR081C,0,0.94002956,0.10660172998905182,0.5910000205039978,0.4952999949455261
YBR247C,YBR193C,0,0.93978405,0.10658250749111176,0.5910000205039978,0.49540001153945923
YLR209C,YPL254W,0,0.93976796,0.10656329244375229,0.5910000205039978,0.49549999833106995
YGR091W,YDL189W,0,0.9396381,0.10654407739639282,0.5910000205039978,0.49559998512268066
YMR013C,YBR132C,1,0.93920845,0.10670512169599533,0.5920000076293945,0.49559998512268066
YKL049C,YDR159W,0,0.93907654,0.10668589174747467,0.5920000076293945,0.49570000171661377
YDR339C,YLL043W,0,0.9389649,0.1066666692495346,0.5920000076293945,0.4957999885082245
YOR028C,YMR133W,0,0.9389536,0.10664745420217514,0.5920000076293945,0.4959000051021576
YDL079C,YJR070C,0,0.9389505,0.10662823915481567,0.5920000076293945,0.4959999918937683
YKL093W,YDR143C,0,0.938948,0.1066090390086174,0.5920000076293945,0.4961000084877014
YNR072W,YDL045W-A,0,0.93894196,0.10658984631299973,0.5920000076293945,0.49619999527931213
YGL076C,YGR178C,0,0.9388423,0.10657065361738205,0.5920000076293945,0.49630001187324524
YNR072W,YNL283C,0,0.9387603,0.10655147582292557,0.5920000076293945,0.49639999866485596
YDR429C,YDL058W,0,0.93867034,0.10653229802846909,0.5920000076293945,0.4964999854564667
YKL008C,YKL055C,1,0.938603,0.10669305175542831,0.5929999947547913,0.4964999854564667
YJR070C,YPR086W,0,0.93857515,0.10667385905981064,0.5929999947547913,0.4966000020503998
YDR254W,YLR382C,0,0.93856823,0.10665467381477356,0.5929999947547913,0.4966999888420105
YNL054W,YDR302W,1,0.9383808,0.10681532323360443,0.593999981880188,0.4966999888420105
YKL186C,YBR045C,0,0.9383699,0.10679611563682556,0.593999981880188,0.4968000054359436
YPL241C,YGR096W,0,0.93835944,0.10677691549062729,0.593999981880188,0.4968999922275543
YHR142W,YJR050W,0,0.93828315,0.10675773024559021,0.593999981880188,0.4970000088214874
YDR260C,YHR026W,0,0.9380848,0.10673854500055313,0.593999981880188,0.49709999561309814
YFL053W,YMR005W,0,0.9379496,0.10671936720609665,0.593999981880188,0.49720001220703125
YLR213C,YNR006W,0,0.9378664,0.10670019686222076,0.593999981880188,0.49729999899864197
YIL062C,YBR223C,0,0.93769145,0.10668103396892548,0.593999981880188,0.4973999857902527
YMR117C,YKR060W,0,0.93763006,0.10666187852621078,0.593999981880188,0.4975000023841858
YMR220W,YFL025C,1,0.9376274,0.10682225972414017,0.5950000286102295,0.4975000023841858
YNL110C,YGL103W,0,0.93757814,0.10680308938026428,0.5950000286102295,0.4975999891757965
YDR176W,YEL056W,0,0.9374849,0.1067839190363884,0.5950000286102295,0.4977000057697296
YPL132W,YCR091W,0,0.93736243,0.10676475614309311,0.5950000286102295,0.49779999256134033
YNL241C,YJR140C,0,0.9373178,0.10674560815095901,0.5950000286102295,0.49790000915527344
YGL244W,YKL205W,0,0.9373041,0.10672646015882492,0.5950000286102295,0.49799999594688416
YDR142C,YPL196W,0,0.9372617,0.10670731961727142,0.5950000286102295,0.49810001254081726
YPR046W,YBR081C,0,0.93719363,0.10668818652629852,0.5950000286102295,0.498199999332428
YKL197C,YHR148W,0,0.9371776,0.10666905343532562,0.5950000286102295,0.4982999861240387
YPR200C,YCL008C,0,0.93715405,0.10664993524551392,0.5950000286102295,0.4984000027179718
YOR140W,YDR430C,0,0.9370905,0.1066308245062828,0.5950000286102295,0.4984999895095825
YJL010C,YDL022W,0,0.9369979,0.1066117212176323,0.5950000286102295,0.4986000061035156
YPL217C,YNL147W,0,0.93694085,0.10659261792898178,0.5950000286102295,0.49869999289512634
YMR296C,YDR284C,1,0.93691856,0.10675264149904251,0.5960000157356262,0.49869999289512634
YBR067C,YKL032C,0,0.93679947,0.1067335233092308,0.5960000157356262,0.49880000948905945
YIL156W,YGL078C,0,0.936709,0.1067144125699997,0.5960000157356262,0.49889999628067017
YDR303C,YDR488C,0,0.93628466,0.10669530928134918,0.5960000157356262,0.49900001287460327
YJR125C,YKL161C,0,0.9361912,0.10667621344327927,0.5960000157356262,0.499099999666214
YNL111C,YOR059C,1,0.93585414,0.10683608055114746,0.597000002861023,0.499099999666214
YOR085W,YBR186W,0,0.93575305,0.10681696236133575,0.597000002861023,0.4991999864578247
YOL069W,YER171W,0,0.9354447,0.10679785162210464,0.597000002861023,0.4993000030517578
YBR201W,YHR211W,0,0.9353394,0.10677874833345413,0.597000002861023,0.49939998984336853
YHR146W,YDR410C,0,0.9353298,0.10675965994596481,0.597000002861023,0.49950000643730164
YFL055W,YKL119C,0,0.9353277,0.1067405715584755,0.597000002861023,0.49959999322891235
YLR128W,YNL110C,0,0.93509847,0.10672149062156677,0.597000002861023,0.49970000982284546
YMR296C,YCR068W,1,0.9348865,0.10688114166259766,0.5979999899864197,0.49970000982284546
YER052C,YGL103W,0,0.9347058,0.10686204582452774,0.5979999899864197,0.4997999966144562
YGR128C,YDL072C,0,0.9346411,0.10684294998645782,0.5979999899864197,0.4999000132083893
YLL043W,YKL221W,0,0.9346098,0.1068238690495491,0.5979999899864197,0.5
YGL098W,YBR034C,0,0.93451935,0.10680478811264038,0.5979999899864197,0.5001000165939331
YCL026C-A,YNL106C,1,0.9344646,0.10696428269147873,0.5989999771118164,0.5001000165939331
YBR298C,YPL036W,0,0.9342485,0.10694518685340881,0.5989999771118164,0.5001999735832214
YGR244C,YPL146C,0,0.93420357,0.1069260984659195,0.5989999771118164,0.5002999901771545
YIR004W,YKR027W,0,0.93404025,0.10690701752901077,0.5989999771118164,0.5004000067710876
YDR233C,YBR133C,0,0.9339635,0.10688793659210205,0.5989999771118164,0.5005000233650208
YPL190C,YBR149W,0,0.93390274,0.10686887055635452,0.5989999771118164,0.5005999803543091
YOR284W,YOL090W,0,0.93381816,0.106849804520607,0.5989999771118164,0.5006999969482422
YPR124W,YMR029C,0,0.9337375,0.10683074593544006,0.5989999771118164,0.5008000135421753
YPR066W,YDL193W,0,0.93371445,0.10681169480085373,0.5989999771118164,0.5008999705314636
YGR163W,YNL318C,0,0.93365216,0.10679265111684799,0.5989999771118164,0.5009999871253967
YCR079W,YCR028C-A,0,0.9335613,0.10677361488342285,0.5989999771118164,0.5011000037193298
YOL096C,YIL107C,0,0.9329354,0.10675458610057831,0.5989999771118164,0.5012000203132629
YPL253C,YJL098W,0,0.93276316,0.10673556476831436,0.5989999771118164,0.5012999773025513
YOR344C,YPL013C,0,0.93253934,0.10671655088663101,0.5989999771118164,0.5013999938964844
YGR078C,YDR235W,0,0.93253666,0.10669754445552826,0.5989999771118164,0.5015000104904175
YCR011C,YPL094C,0,0.9325091,0.1066785380244255,0.5989999771118164,0.5016000270843506
YCR018C,YDR211W,0,0.9322395,0.10665954649448395,0.5989999771118164,0.5016999840736389
YNL037C,YOR123C,0,0.9320587,0.10664055496454239,0.5989999771118164,0.501800000667572
YKL172W,YNL183C,0,0.93198276,0.10662157088518143,0.5989999771118164,0.5019000172615051
YGR032W,YER013W,0,0.9318961,0.10660260170698166,0.5989999771118164,0.5019999742507935
YLR223C,YBL005W,0,0.9318373,0.10658363252878189,0.5989999771118164,0.5020999908447266
YAR002C-A,YHL002W,0,0.9315315,0.10656467080116272,0.5989999771118164,0.5022000074386597
YBR189W,YPL212C,0,0.9314059,0.10654571652412415,0.5989999771118164,0.5023000240325928
YIL020C,YHR090C,0,0.93138903,0.10652676224708557,0.5989999771118164,0.5023999810218811
YER019C-A,YGR180C,0,0.9312935,0.10650782287120819,0.5989999771118164,0.5024999976158142
YOL062C,YIL103W,0,0.93125165,0.10648889094591141,0.5989999771118164,0.5026000142097473
YJL139C,YCR097W,0,0.93119985,0.10646995902061462,0.5989999771118164,0.5026999711990356
YIR038C,YIL096C,0,0.93116194,0.10645104199647903,0.5989999771118164,0.5027999877929688
YBR260C,YGL033W,0,0.931133,0.10643212497234344,0.5989999771118164,0.5029000043869019
YMR194W,YNR013C,0,0.9309186,0.10641321539878845,0.5989999771118164,0.503000020980835
YCL001W,YOR312C,0,0.9307063,0.10639431327581406,0.5989999771118164,0.5030999779701233
YKR010C,YGR178C,0,0.9304934,0.10637541860342026,0.5989999771118164,0.5031999945640564
YKR044W,YDR354W,0,0.9303918,0.10635653138160706,0.5989999771118164,0.5033000111579895
YHR073W,YDR331W,1,0.93030703,0.10651517659425735,0.6000000238418579,0.5033000111579895
YNL252C,YDR411C,0,0.93030393,0.10649627447128296,0.6000000238418579,0.5034000277519226
YBR044C,YJL034W,0,0.9302729,0.10647737234830856,0.6000000238418579,0.5034999847412109
YLR369W,YER044C-A,0,0.9302036,0.10645847767591476,0.6000000238418579,0.503600001335144
YJR048W,YBL026W,0,0.93008775,0.10643959790468216,0.6000000238418579,0.5037000179290771
YBL027W,YKR025W,0,0.93001324,0.10642071813344955,0.6000000238418579,0.5037999749183655
YPR201W,YNL183C,0,0.92976785,0.10640184581279755,0.6000000238418579,0.5038999915122986
YCR067C,YIL118W,0,0.92967,0.10638298094272614,0.6000000238418579,0.5040000081062317
YGR052W,YDL102W,0,0.9296382,0.10636412352323532,0.6000000238418579,0.5041000247001648
YLR209C,YPL196W,0,0.92934513,0.1063452661037445,0.6000000238418579,0.5041999816894531
YML031W,YCL040W,0,0.9291624,0.10632642358541489,0.6000000238418579,0.5042999982833862
YGR028W,YLR203C,0,0.9291492,0.10630758106708527,0.6000000238418579,0.5044000148773193
YPL126W,YMR119W,0,0.9290304,0.10628875344991684,0.6000000238418579,0.5044999718666077
YPL133C,YBR052C,0,0.9287887,0.10626992583274841,0.6000000238418579,0.5045999884605408
YPR199C,YLR275W,0,0.9287263,0.10625110566616058,0.6000000238418579,0.5047000050544739
YLR020C,YPR173C,1,0.9285076,0.10640934854745865,0.6010000109672546,0.5047000050544739
YER155C,YOR077W,0,0.92827684,0.10639051347970963,0.6010000109672546,0.504800021648407
YLR181C,YKR079C,0,0.92817944,0.1063716784119606,0.6010000109672546,0.5048999786376953
YPL170W,YLR386W,1,0.9281675,0.10652981698513031,0.6019999980926514,0.5048999786376953
YGL045W,YLR383W,0,0.92778724,0.10651096701622009,0.6019999980926514,0.5049999952316284
YPR046W,YML078W,0,0.9274551,0.10649212449789047,0.6019999980926514,0.5051000118255615
YKR080W,YPL118W,0,0.9273604,0.10647329688072205,0.6019999980926514,0.5052000284194946
YLR270W,YPR162C,0,0.9271963,0.10645446181297302,0.6019999980926514,0.505299985408783
YLL010C,YDR030C,0,0.92712355,0.10643564164638519,0.6019999980926514,0.5054000020027161
YMR101C,YFL034C-B,0,0.92706275,0.10641682893037796,0.6019999980926514,0.5055000185966492
YPR121W,YMR110C,0,0.92699987,0.10639802366495132,0.6019999980926514,0.5055999755859375
YIR031C,YER159C,0,0.9267932,0.10637921839952469,0.6019999980926514,0.5056999921798706
YMR319C,YGR068C,0,0.92652994,0.10636042058467865,0.6019999980926514,0.5058000087738037
YHR164C,YJR152W,0,0.92645687,0.1063416376709938,0.6019999980926514,0.5059000253677368
YOR064C,YJR119C,0,0.92626107,0.10632285475730896,0.6019999980926514,0.5059999823570251
YNL054W,YBL091C-A,1,0.925971,0.1064806655049324,0.6029999852180481,0.5059999823570251
YGL189C,YER072W,0,0.925612,0.10646186769008636,0.6029999852180481,0.5060999989509583
YOL129W,YGL104C,0,0.9255929,0.10644306987524033,0.6029999852180481,0.5062000155448914
YLR073C,YOL096C,0,0.92556095,0.10642428696155548,0.6029999852180481,0.5062999725341797
YKL157W,YGR040W,0,0.9254752,0.10640550404787064,0.6029999852180481,0.5063999891281128
YOR317W,YMR246W,1,0.92544943,0.10656315833330154,0.6039999723434448,0.5063999891281128
YNL111C,YKL051W,1,0.925406,0.10672076046466827,0.6050000190734863,0.5063999891281128
YMR180C,YPR131C,0,0.9251851,0.10670194029808044,0.6050000190734863,0.5065000057220459
YAL054C,YJL059W,0,0.92515254,0.10668312758207321,0.6050000190734863,0.506600022315979
YOR355W,YMR067C,0,0.9248235,0.10666431486606598,0.6050000190734863,0.5066999793052673
YBR103W,YPL030W,0,0.92477804,0.10664551705121994,0.6050000190734863,0.5067999958992004
YGL148W,YDR470C,0,0.9245573,0.1066267192363739,0.6050000190734863,0.5069000124931335
YPR124W,YLR209C,0,0.92455477,0.10660792887210846,0.6050000190734863,0.5070000290870667
YNR017W,YER001W,0,0.92450124,0.10658914595842361,0.6050000190734863,0.507099986076355
YOR128C,YLR399C,0,0.9244339,0.10657037049531937,0.6050000190734863,0.5072000026702881
YLR088W,YOR298W,1,0.9241104,0.1067277193069458,0.6060000061988831,0.5072000026702881
YGR211W,YLR007W,0,0.92396116,0.10670892894268036,0.6060000061988831,0.5073000192642212
YLR452C,YIL140W,0,0.9236637,0.10669013857841492,0.6060000061988831,0.5073999762535095
YFR030W,YIL094C,0,0.92364687,0.10667136311531067,0.6060000061988831,0.5074999928474426
YKL008C,YKR031C,1,0.9236174,0.10682857781648636,0.6069999933242798,0.5074999928474426
YMR061W,YGL203C,0,0.9235607,0.10680978000164032,0.6069999933242798,0.5076000094413757
YDR217C,YEL005C,0,0.9234634,0.10679098963737488,0.6069999933242798,0.5077000260353088
YPL043W,YEL051W,0,0.9233982,0.10677220672369003,0.6069999933242798,0.5077999830245972
YGL244W,YOL128C,0,0.9232984,0.10675343126058578,0.6069999933242798,0.5078999996185303
YOR362C,YJR063W,0,0.92324704,0.10673465579748154,0.6069999933242798,0.5080000162124634
YJR042W,YJL103C,0,0.92285204,0.10671589523553848,0.6069999933242798,0.5080999732017517
YHR157W,YPL223C,0,0.9226885,0.10669713467359543,0.6069999933242798,0.5081999897956848
YER175C,YOR371C,0,0.9222213,0.10667838156223297,0.6069999933242798,0.5083000063896179
YPL235W,YIR010W,0,0.92217314,0.10665963590145111,0.6069999933242798,0.508400022983551
YLR223C,YLR251W,0,0.92217195,0.10664089769124985,0.6069999933242798,0.5084999799728394
YPR144C,YBR218C,0,0.9220163,0.10662216693162918,0.6069999933242798,0.5085999965667725
YMR220W,YBR183W,1,0.921733,0.1067790687084198,0.6079999804496765,0.5085999965667725
YOR210W,YMR270C,0,0.92169756,0.10676031559705734,0.6079999804496765,0.5087000131607056
YGL055W,YHR072W,1,0.9216132,0.1069171354174614,0.609000027179718,0.5087000131607056
YJL204C,YPR138C,0,0.92146915,0.10689836740493774,0.609000027179718,0.5088000297546387
YPL087W,YDR302W,1,0.92139465,0.10705510526895523,0.6100000143051147,0.5088000297546387
YOL145C,YPL273W,0,0.9212522,0.10703632235527039,0.6100000143051147,0.508899986743927
YCR088W,YKR100C,0,0.9211345,0.10701754689216614,0.6100000143051147,0.5090000033378601
YPR107C,YLR190W,0,0.9209149,0.10699877142906189,0.6100000143051147,0.5091000199317932
YOR250C,YLR405W,0,0.9208823,0.10698000341653824,0.6100000143051147,0.5091999769210815
YNL307C,YJR099W,0,0.9208767,0.10696125030517578,0.6100000143051147,0.5092999935150146
YPL221W,YGR278W,0,0.9205594,0.10694249719381332,0.6100000143051147,0.5094000101089478
YOR222W,YLR141W,0,0.92034763,0.10692375153303146,0.6100000143051147,0.5095000267028809
YDR449C,YOR113W,0,0.9202203,0.1069050133228302,0.6100000143051147,0.5095999836921692
YDL091C,YMR136W,0,0.92019504,0.10688628256320953,0.6100000143051147,0.5097000002861023
YDL247W,YIR018W,0,0.9201792,0.10686755180358887,0.6100000143051147,0.5098000168800354
YCL039W,YER075C,0,0.9201009,0.1068488359451294,0.6100000143051147,0.5098999738693237
YAL059W,YPR171W,0,0.9200598,0.10683012008666992,0.6100000143051147,0.5099999904632568
YMR143W,YDL002C,0,0.91999716,0.10681141912937164,0.6100000143051147,0.5101000070571899
YGR211W,YOR293W,0,0.9198206,0.10679271817207336,0.6100000143051147,0.510200023651123
YDR097C,YDR190C,0,0.9197474,0.10677402466535568,0.6100000143051147,0.5102999806404114
YCR036W,YDR156W,0,0.91967016,0.1067553386092186,0.6100000143051147,0.5103999972343445
YLR136C,YNL225C,0,0.91957676,0.10673666000366211,0.6100000143051147,0.5105000138282776
YKR067W,YDR302W,1,0.91947925,0.10689292848110199,0.6110000014305115,0.5105000138282776
YGR044C,YDR030C,0,0.91939074,0.10687423497438431,0.6110000014305115,0.5105999708175659
YIR032C,YHL002W,0,0.91936404,0.10685554146766663,0.6110000014305115,0.510699987411499
YJR147W,YML064C,0,0.91936094,0.10683686286211014,0.6110000014305115,0.5108000040054321
YDR300C,YDR350C,0,0.91906714,0.10681818425655365,0.6110000014305115,0.5109000205993652
YHR043C,YGR096W,0,0.9190256,0.10679951310157776,0.6110000014305115,0.5109999775886536
YOR206W,YDR287W,0,0.91901654,0.10678084939718246,0.6110000014305115,0.5110999941825867
YDR245W,YNL270C,0,0.91893244,0.10676218569278717,0.6110000014305115,0.5112000107765198
YOL119C,YBL007C,0,0.9188579,0.10674353688955307,0.6110000014305115,0.5113000273704529
YDL150W,YCR066W,0,0.91844875,0.10672488808631897,0.6110000014305115,0.5113999843597412
YDR381W,YDR351W,0,0.9182841,0.10670625418424606,0.6110000014305115,0.5115000009536743
YNL066W,YLR131C,0,0.9182299,0.10668762028217316,0.6110000014305115,0.5116000175476074
YKL038W,YLR323C,0,0.9181996,0.10666899383068085,0.6110000014305115,0.5116999745368958
YCR024C-A,YDR206W,0,0.91811717,0.10665037482976913,0.6110000014305115,0.5117999911308289
YHR165C,YOL008W,0,0.91791177,0.10663176327943802,0.6110000014305115,0.511900007724762
YDR500C,YLR321C,0,0.9177653,0.1066131591796875,0.6110000014305115,0.5120000243186951
YMR145C,YDR146C,0,0.91764086,0.10659455507993698,0.6110000014305115,0.5120999813079834
YBL079W,YBR155W,0,0.917488,0.10657596588134766,0.6110000014305115,0.5121999979019165
YJR107W,YLL031C,1,0.9172359,0.10673177242279053,0.6119999885559082,0.5121999979019165
YLR026C,YDL214C,0,0.91700524,0.10671316832304001,0.6119999885559082,0.5123000144958496
YLL027W,YHL034C,0,0.91661894,0.10669456422328949,0.6119999885559082,0.5123999714851379
YHR059W,YKR001C,0,0.9164801,0.10667596012353897,0.6119999885559082,0.512499988079071
YIL135C,YIL107C,0,0.9163879,0.10665737092494965,0.6119999885559082,0.5126000046730042
YNL075W,YGR108W,0,0.91634667,0.10663878917694092,0.6119999885559082,0.5127000212669373
YKL052C,YDR016C,0,0.9162578,0.10662020742893219,0.6119999885559082,0.5127999782562256
YBR061C,YLR410W,0,0.916058,0.10660164058208466,0.6119999885559082,0.5128999948501587
YFR013W,YNL335W,0,0.9159518,0.10658307373523712,0.6119999885559082,0.5130000114440918
YKL172W,YML028W,0,0.9159017,0.10656451433897018,0.6119999885559082,0.5131000280380249
YNL054W,YER019W,1,0.91581196,0.10672005265951157,0.6129999756813049,0.5131000280380249
YDL148C,YER162C,0,0.9157581,0.10670147836208344,0.6129999756813049,0.5131999850273132
YDL247W,YOR084W,0,0.91571796,0.1066829115152359,0.6129999756813049,0.5133000016212463
YNR032C-A,YDL128W,0,0.9156548,0.10666434466838837,0.6129999756813049,0.5134000182151794
YDR386W,YDR155C,0,0.9154403,0.10664579272270203,0.6129999756813049,0.5134999752044678
YML001W,YOR144C,0,0.9154307,0.10662724077701569,0.6129999756813049,0.5135999917984009
YIL122W,YAL059W,0,0.9151618,0.10660869628190994,0.6129999756813049,0.513700008392334
YPL124W,YER058W,0,0.91512364,0.1065901592373848,0.6129999756813049,0.5138000249862671
YKR010C,YLR017W,0,0.91512054,0.10657162964344025,0.6129999756813049,0.5138999819755554
YBL047C,YER056C,0,0.9149459,0.1065531000494957,0.6129999756813049,0.5139999985694885
YJR109C,YJL078C,0,0.91480356,0.10653458535671234,0.6129999756813049,0.5141000151634216
YMR246W,YAR035W,1,0.9147846,0.10668983310461044,0.6140000224113464,0.5141000151634216
YNL025C,YPR037C,0,0.9146083,0.1066712960600853,0.6140000224113464,0.51419997215271
YFL016C,YHR103W,0,0.9145139,0.10665277391672134,0.6140000224113464,0.5142999887466431
YNL220W,YLR368W,0,0.9145089,0.1066342443227768,0.6140000224113464,0.5144000053405762
YGR148C,YJR151C,0,0.91447836,0.10661572962999344,0.6140000224113464,0.5145000219345093
YDR292C,YOL104C,0,0.91438395,0.10659722238779068,0.6140000224113464,0.5145999789237976
YGL023C,YBL009W,0,0.914238,0.10657872259616852,0.6140000224113464,0.5146999955177307
YKL117W,YPR112C,0,0.91405094,0.10656022280454636,0.6140000224113464,0.5148000121116638
YGR082W,YER069W,0,0.91394633,0.10654173046350479,0.6140000224113464,0.5149000287055969
YDR091C,YDL107W,0,0.9138962,0.10652324557304382,0.6140000224113464,0.5149999856948853
YIL015W,YDR168W,0,0.91370815,0.10650476813316345,0.6140000224113464,0.5151000022888184
YGR257C,YDL216C,0,0.9135779,0.10648629814386368,0.6140000224113464,0.5152000188827515
YKL014C,YJL047C,0,0.91333425,0.1064678356051445,0.6140000224113464,0.5152999758720398
YCR005C,YER100W,0,0.91330963,0.10644937306642532,0.6140000224113464,0.5153999924659729
YLR228C,YHR190W,1,0.91315717,0.10660426318645477,0.6150000095367432,0.5153999924659729
YGL179C,YCL016C,0,0.91315293,0.1065857857465744,0.6150000095367432,0.515500009059906
YOL060C,YPL061W,0,0.913117,0.10656731575727463,0.6150000095367432,0.5156000256538391
YMR267W,YMR322C,0,0.9128104,0.10654885321855545,0.6150000095367432,0.5156999826431274
YOR307C,YIL062C,0,0.91277915,0.10653039813041687,0.6150000095367432,0.5157999992370605
YOR026W,YMR083W,0,0.91274863,0.10651195049285889,0.6150000095367432,0.5159000158309937
YPR140W,YBR004C,1,0.91256905,0.1066666692495346,0.6159999966621399,0.5159000158309937
YAR071W,YBR276C,0,0.9125498,0.10664819926023483,0.6159999966621399,0.515999972820282
YIR025W,YLR003C,0,0.91249186,0.10662973672151566,0.6159999966621399,0.5160999894142151
YOR227W,YLR002C,0,0.9124914,0.10661128163337708,0.6159999966621399,0.5162000060081482
YAL032C,YIL015W,0,0.9121551,0.10659283399581909,0.6159999966621399,0.5163000226020813
YIL099W,YDL046W,0,0.91214645,0.1065743938088417,0.6159999966621399,0.5163999795913696
YGL237C,YJR109C,0,0.91187406,0.10655596107244492,0.6159999966621399,0.5164999961853027
YDL103C,YBR019C,0,0.9118134,0.10653752833604813,0.6159999966621399,0.5166000127792358
YKL172W,YDR292C,0,0.91176087,0.10651911050081253,0.6159999966621399,0.516700029373169
YGL017W,YBR149W,0,0.9117264,0.10650069266557693,0.6159999966621399,0.5167999863624573
YNL172W,YIL022W,0,0.9114552,0.10648228228092194,0.6159999966621399,0.5169000029563904
YLR113W,YIL011W,0,0.91140014,0.10646387934684753,0.6159999966621399,0.5170000195503235
YOR087W,YIL131C,0,0.9113254,0.10644548386335373,0.6159999966621399,0.5170999765396118
YGR077C,YOL059W,0,0.91111535,0.10642708837985992,0.6159999966621399,0.5171999931335449
YDL247W,YOR058C,0,0.9110146,0.10640870779752731,0.6159999966621399,0.517300009727478
YNL336W,YML023C,0,0.91078997,0.1063903272151947,0.6159999966621399,0.5174000263214111
YOR341W,YEL060C,0,0.9103487,0.10637195408344269,0.6159999966621399,0.5174999833106995
YGR289C,YBR021W,0,0.9103134,0.10635358840227127,0.6159999966621399,0.5175999999046326
YER081W,YBR008C,0,0.9102775,0.10633523017168045,0.6159999966621399,0.5177000164985657
YGL224C,YPL132W,0,0.9100689,0.10631687939167023,0.6159999966621399,0.517799973487854
YFR010W,YBR244W,0,0.9097946,0.1062985360622406,0.6159999966621399,0.5178999900817871
YEL004W,YML031W,0,0.9095678,0.10628019273281097,0.6159999966621399,0.5180000066757202
YLR095C,YMR215W,0,0.9094141,0.10626185685396194,0.6159999966621399,0.5181000232696533
YOR032C,YHR006W,0,0.90922564,0.10624353587627411,0.6159999966621399,0.5181999802589417
YLR435W,YOR008C,0,0.9091675,0.10622521489858627,0.6159999966621399,0.5182999968528748
YGR065C,YGR048W,0,0.90914977,0.10620689392089844,0.6159999966621399,0.5184000134468079
YOR056C,YPL138C,0,0.9090593,0.1061885878443718,0.6159999966621399,0.5184999704360962
YPR020W,YMR106C,0,0.9090475,0.10617028921842575,0.6159999966621399,0.5185999870300293
YJR159W,YBR188C,0,0.9089862,0.1061519905924797,0.6159999966621399,0.5187000036239624
YAR042W,YOR025W,1,0.90898484,0.10630599409341812,0.6169999837875366,0.5187000036239624
YBL035C,YOR222W,0,0.9088609,0.10628768056631088,0.6169999837875366,0.5188000202178955
YBR059C,YKL085W,0,0.90882784,0.10626937448978424,0.6169999837875366,0.5188999772071838
YJL145W,YMR240C,0,0.90881044,0.1062510758638382,0.6169999837875366,0.5189999938011169
YCL026C-A,YKL055C,1,0.9087638,0.10640496015548706,0.6179999709129333,0.5189999938011169
YHR185C,YFR021W,0,0.9087386,0.10638663917779922,0.6179999709129333,0.51910001039505
YHR165C,YDR016C,0,0.9086899,0.10636833310127258,0.6179999709129333,0.5192000269889832
YLR389C,YMR040W,0,0.9086525,0.10635002702474594,0.6179999709129333,0.5192999839782715
YOR319W,YMR199W,0,0.9086237,0.1063317283987999,0.6179999709129333,0.5194000005722046
YJL172W,YBL005W,0,0.9085334,0.10631343722343445,0.6179999709129333,0.5195000171661377
YAL031C,YDR343C,0,0.90839225,0.106295146048069,0.6179999709129333,0.519599974155426
YHR203C,YKL148C,0,0.90838635,0.10627686977386475,0.6179999709129333,0.5196999907493591
YBR276C,YKL082C,0,0.9083278,0.10625859349966049,0.6179999709129333,0.5198000073432922
YHR106W,YDR138W,0,0.9078629,0.10624033212661743,0.6179999709129333,0.5199000239372253
YFR055W,YKL201C,0,0.9077119,0.10622207075357437,0.6179999709129333,0.5199999809265137
YER125W,YMR015C,1,0.90755457,0.10637566447257996,0.6190000176429749,0.5199999809265137
YOR147W,YLL052C,0,0.90746933,0.1063573881983757,0.6190000176429749,0.5200999975204468
YBL003C,YGR275W,0,0.9073798,0.10633911937475204,0.6190000176429749,0.5202000141143799
YFR001W,YCR060W,0,0.9072205,0.10632085055112839,0.6190000176429749,0.5202999711036682
YNR057C,YLR342W,0,0.90721923,0.10630259662866592,0.6190000176429749,0.5203999876976013
YGR208W,YGL067W,0,0.9071967,0.10628434270620346,0.6190000176429749,0.5205000042915344
YJL020C,YPL024W,0,0.9071849,0.1062660962343216,0.6190000176429749,0.5206000208854675
YDR365C,YNL044W,0,0.9069504,0.10624785721302032,0.6190000176429749,0.5206999778747559
YAL047C,YJR077C,0,0.906601,0.10622961819171906,0.6190000176429749,0.520799994468689
YBL091C-A,YHR001W,1,0.90644073,0.10638298094272614,0.6200000047683716,0.520799994468689
YML099C,YLR384C,0,0.905563,0.10636472702026367,0.6200000047683716,0.5209000110626221
YDR437W,YBR161W,1,0.90544957,0.10651800781488419,0.6209999918937683,0.5209000110626221
YMR305C,YPL212C,0,0.90540165,0.10649974644184113,0.6209999918937683,0.5210000276565552
YBL058W,YKR102W,0,0.9052219,0.10648148506879807,0.6209999918937683,0.5210999846458435
YLR056W,YML075C,1,0.90520054,0.10663466155529022,0.621999979019165,0.5210999846458435
YIL010W,YLL053C,0,0.90508753,0.10661638528108597,0.621999979019165,0.5212000012397766
YNR033W,YKL003C,0,0.9049854,0.10659811645746231,0.621999979019165,0.5213000178337097
YMR110C,YOL155C,0,0.90496427,0.10657984763383865,0.621999979019165,0.521399974822998
YHR005C-A,YHR128W,0,0.9049003,0.1065615862607956,0.621999979019165,0.5214999914169312
YPR145W,YIL085C,0,0.9048329,0.10654333978891373,0.621999979019165,0.5216000080108643
YPR190C,YER031C,0,0.90467566,0.10652509331703186,0.621999979019165,0.5217000246047974
YMR237W,YGR179C,0,0.90458566,0.10650684684515,0.621999979019165,0.5217999815940857
YBL068W,YMR075W,0,0.9044446,0.10648861527442932,0.621999979019165,0.5218999981880188
YDR365C,YIL120W,0,0.90396935,0.10647038370370865,0.621999979019165,0.5220000147819519
YHL006C,YPL115C,0,0.9036236,0.10645216703414917,0.621999979019165,0.5220999717712402
YGL216W,YPL207W,0,0.9035435,0.10643395036458969,0.621999979019165,0.5221999883651733
YGL236C,YCL011C,0,0.9034398,0.10641574114561081,0.621999979019165,0.5223000049591064
YDL232W,YLR023C,0,0.9032782,0.10639753937721252,0.621999979019165,0.5224000215530396
YNL052W,YOL124C,0,0.90306705,0.10637933760881424,0.621999979019165,0.5224999785423279
YGR260W,YOR341W,0,0.90292454,0.10636115074157715,0.621999979019165,0.522599995136261
YER019C-A,YIL095W,0,0.9028879,0.10634296387434006,0.621999979019165,0.5227000117301941
YLR355C,YDL202W,0,0.9028489,0.10632478445768356,0.621999979019165,0.5228000283241272
YGR132C,YCR065W,0,0.90280586,0.10630661249160767,0.621999979019165,0.5228999853134155
YMR241W,YGR081C,0,0.90270334,0.10628844797611237,0.621999979019165,0.5230000019073486
YOR198C,YJR034W,0,0.9025685,0.10627029091119766,0.621999979019165,0.5231000185012817
YLL034C,YER016W,0,0.9023023,0.10625213384628296,0.621999979019165,0.5231999754905701
YGR217W,YDL059C,0,0.9020387,0.10623399168252945,0.621999979019165,0.5232999920845032
YDR233C,YDL005C,0,0.9020335,0.10621584951877594,0.621999979019165,0.5234000086784363
YOR192C,YOR336W,0,0.90200603,0.10619771480560303,0.621999979019165,0.5235000252723694
YBR234C,YML047C,0,0.9018707,0.10617958009243011,0.621999979019165,0.5235999822616577
YIL018W,YHR143W-A,0,0.9015935,0.1061614602804184,0.621999979019165,0.5236999988555908
YMR093W,YML062C,0,0.9015425,0.10614334791898727,0.621999979019165,0.5238000154495239
YGR032W,YDR170C,0,0.9012264,0.10612523555755615,0.621999979019165,0.5238999724388123
YPR135W,YDL198C,0,0.90117997,0.10610713064670563,0.621999979019165,0.5239999890327454
YDL232W,YEL036C,0,0.90115327,0.1060890331864357,0.621999979019165,0.5241000056266785
YPL234C,YBR098W,0,0.90096027,0.10607094317674637,0.621999979019165,0.5242000222206116
YJL124C,YPR190C,0,0.90083337,0.10605285316705704,0.621999979019165,0.5242999792098999
YPR185W,YDL247W,0,0.90071976,0.1060347780585289,0.621999979019165,0.524399995803833
YIL162W,YLL057C,0,0.9006674,0.10601670295000076,0.621999979019165,0.5245000123977661
YLL061W,YER130C,0,0.90066564,0.10599863529205322,0.621999979019165,0.5246000289916992
YCR023C,YOR367W,0,0.9006304,0.10598057508468628,0.621999979019165,0.5246999859809875
YLL061W,YKL090W,0,0.90027547,0.10596252232789993,0.621999979019165,0.5248000025749207
YHR063C,YDR079C-A,0,0.90023977,0.10594446957111359,0.621999979019165,0.5249000191688538
YML128C,YIL117C,0,0.90000695,0.10592643171548843,0.621999979019165,0.5249999761581421
YLR247C,YKL201C,0,0.89979225,0.10590839385986328,0.621999979019165,0.5250999927520752
YER046W,YGR125W,0,0.89975744,0.10589036345481873,0.621999979019165,0.5252000093460083
YOR344C,YDR389W,0,0.899722,0.10587234050035477,0.621999979019165,0.5253000259399414
YGR246C,YER002W,0,0.89964956,0.1058543249964714,0.621999979019165,0.5253999829292297
YDR261C,YPL253C,0,0.89939547,0.10583630949258804,0.621999979019165,0.5254999995231628
YMR101C,YBR043C,0,0.8993863,0.10581830888986588,0.621999979019165,0.525600016117096
YJL029C,YOR351C,0,0.8992576,0.10580030828714371,0.621999979019165,0.5256999731063843
YBR052C,YER033C,0,0.8990876,0.10578231513500214,0.621999979019165,0.5257999897003174
YOR273C,YNL164C,0,0.8990497,0.10576432943344116,0.621999979019165,0.5259000062942505
YER074W-A,YFR046C,0,0.89895946,0.10574634373188019,0.621999979019165,0.5260000228881836
YNR030W,YML075C,1,0.898903,0.10589835047721863,0.6230000257492065,0.5260000228881836
YOR028C,YDR235W,0,0.8987609,0.10588034987449646,0.6230000257492065,0.5260999798774719
YGL062W,YER090W,0,0.8985984,0.10586236417293549,0.6230000257492065,0.526199996471405
YNL209W,YOR123C,0,0.89854306,0.10584437847137451,0.6230000257492065,0.5263000130653381
YKL032C,YOR310C,0,0.8985283,0.10582640022039413,0.6230000257492065,0.5264000296592712
YLR033W,YKL221W,0,0.898205,0.10580842196941376,0.6230000257492065,0.5264999866485596
YDL245C,YNL221C,0,0.89807403,0.10579045861959457,0.6230000257492065,0.5266000032424927
YAR035W,YLR239C,1,0.8980573,0.1059422716498375,0.6240000128746033,0.5266000032424927
YGL187C,YLR129W,0,0.8980437,0.10592429339885712,0.6240000128746033,0.5267000198364258
YGR082W,YKL217W,0,0.89802384,0.10590631514787674,0.6240000128746033,0.5267999768257141
YPR058W,YLR316C,0,0.89795303,0.10588834434747696,0.6240000128746033,0.5268999934196472
YOR344C,YGL244W,0,0.8977778,0.10587037354707718,0.6240000128746033,0.5270000100135803
YOR327C,YGR214W,0,0.8976762,0.10585241764783859,0.6240000128746033,0.5271000266075134
YIL162W,YMR232W,0,0.8975386,0.1058344617486,0.6240000128746033,0.5271999835968018
YNL281W,YDR472W,0,0.89752316,0.10581651329994202,0.6240000128746033,0.5273000001907349
YNL031C,YPL183C,0,0.8974151,0.10579857230186462,0.6240000128746033,0.527400016784668
YKL101W,YJL098W,0,0.89725274,0.10578063875436783,0.6240000128746033,0.5274999737739563
YGL017W,YGL111W,0,0.8972473,0.10576271265745163,0.6240000128746033,0.5275999903678894
YNR059W,YOR301W,0,0.89700466,0.10574478656053543,0.6240000128746033,0.5277000069618225
YDR281C,YPL208W,0,0.8966561,0.10572687536478043,0.6240000128746033,0.5278000235557556
YNR053C,YNL016W,0,0.89657634,0.10570896416902542,0.6240000128746033,0.527899980545044
YBR067C,YBR038W,0,0.8964753,0.10569106042385101,0.6240000128746033,0.527999997138977
YDR113C,YBL099W,0,0.8962423,0.1056731566786766,0.6240000128746033,0.5281000137329102
YHR047C,YNL233W,0,0.89584583,0.10565526783466339,0.6240000128746033,0.5281999707221985
YHR062C,YML032C,0,0.8958194,0.10563737899065018,0.6240000128746033,0.5282999873161316
YKR092C,YJL006C,0,0.8957906,0.10561949759721756,0.6240000128746033,0.5284000039100647
YGL226C-A,YJL123C,0,0.89550114,0.10560162365436554,0.6240000128746033,0.5285000205039978
YJR093C,YBR189W,0,0.8954008,0.10558375716209412,0.6240000128746033,0.5285999774932861
YPR106W,YLR107W,0,0.8952724,0.10556589066982269,0.6240000128746033,0.5286999940872192
YDR432W,YBR234C,0,0.8951605,0.10554803907871246,0.6240000128746033,0.5288000106811523
YFR029W,YEL055C,0,0.8951187,0.10553018748760223,0.6240000128746033,0.5289000272750854
YOR283W,YMR199W,0,0.89510757,0.1055123433470726,0.6240000128746033,0.5289999842643738
YBR244W,YPL104W,0,0.8949773,0.10549450665712357,0.6240000128746033,0.5291000008583069
YJR159W,YOR079C,0,0.8949738,0.10547666996717453,0.6240000128746033,0.52920001745224
YGL097W,YDR113C,0,0.89494896,0.10545884817838669,0.6240000128746033,0.5292999744415283
YDR127W,YML016C,0,0.8948547,0.10544102638959885,0.6240000128746033,0.5293999910354614
YKL096W,YPL156C,0,0.89466053,0.1054232120513916,0.6240000128746033,0.5295000076293945
YLL012W,YML059C,1,0.89441955,0.10557432472705841,0.625,0.5295000076293945
YEL037C,YKL125W,0,0.8940496,0.10555649548768997,0.625,0.5296000242233276
YCR024C-A,YMR304W,0,0.89402765,0.10553866624832153,0.625,0.529699981212616
YDR091C,YOR231W,0,0.8938329,0.10552085191011429,0.625,0.5297999978065491
YBR202W,YHR005C,0,0.8938248,0.10550303757190704,0.625,0.5299000144004822
YGR225W,YNL154C,0,0.8938132,0.1054852306842804,0.625,0.5299999713897705
YBR248C,YOL052C,0,0.8937934,0.10546743124723434,0.625,0.5300999879837036
YBR172C,YOR020C,0,0.8937897,0.10544963926076889,0.625,0.5302000045776367
YAL059W,YBR021W,0,0.8937842,0.10543184727430344,0.625,0.5303000211715698
YMR052W,YIL168W,0,0.8937581,0.10541406273841858,0.625,0.5303999781608582
YHR133C,YOR317W,1,0.8937223,0.10556492209434509,0.6259999871253967,0.5303999781608582
YJL071W,YML098W,0,0.89365953,0.10554712265729904,0.6259999871253967,0.5304999947547913
YBR248C,YHR039C-A,0,0.8934083,0.10552933067083359,0.6259999871253967,0.5306000113487244
YML008C,YKR053C,1,0.89336705,0.10568009316921234,0.6269999742507935,0.5306000113487244
YJR103W,YPR173C,1,0.8933533,0.10583080351352692,0.628000020980835,0.5306000113487244
YPL218W,YGL016W,0,0.89326805,0.10581297427415848,0.628000020980835,0.5307000279426575
YCR028C-A,YNL154C,0,0.89326376,0.10579514503479004,0.628000020980835,0.5307999849319458
YIL035C,YKL026C,0,0.8932038,0.1057773306965828,0.628000020980835,0.5309000015258789
YDR394W,YMR239C,0,0.89312553,0.10575951635837555,0.628000020980835,0.531000018119812
YGR157W,YJL083W,1,0.89309245,0.10591008514165878,0.6290000081062317,0.531000018119812
YLR272C,YKL054C,0,0.89290464,0.10589225590229034,0.6290000081062317,0.5310999751091003
YHR084W,YDL036C,0,0.89286864,0.1058744341135025,0.6290000081062317,0.5311999917030334
YMR319C,YGL070C,0,0.8927735,0.10585661232471466,0.6290000081062317,0.5313000082969666
YOR032C,YAL030W,0,0.89269537,0.10583880543708801,0.6290000081062317,0.5314000248908997
YNR002C,YOR205C,0,0.8926791,0.10582099854946136,0.6290000081062317,0.531499981880188
YGR157W,YFL031W,1,0.8923661,0.10597140341997147,0.6299999952316284,0.531499981880188
YOR250C,YMR170C,0,0.89229053,0.10595358163118362,0.6299999952316284,0.5315999984741211
YDR244W,YNL274C,0,0.89181226,0.10593576729297638,0.6299999952316284,0.5317000150680542
YBR006W,YKL170W,0,0.8917979,0.10591795295476913,0.6299999952316284,0.5317999720573425
YGR244C,YDR345C,0,0.8917894,0.10590015351772308,0.6299999952316284,0.5318999886512756
YEL022W,YMR227C,0,0.8917611,0.10588235408067703,0.6299999952316284,0.5320000052452087
YKL217W,YBL068W,0,0.8916219,0.10586456209421158,0.6299999952316284,0.5321000218391418
YNL090W,YOR339C,0,0.89153504,0.10584677755832672,0.6299999952316284,0.5321999788284302
YJL012C,YML023C,0,0.89117354,0.10582899302244186,0.6299999952316284,0.5322999954223633
YDR021W,YCR066W,0,0.8907141,0.1058112159371376,0.6299999952316284,0.5324000120162964
YGL209W,YOL026C,0,0.89067143,0.10579345375299454,0.6299999952316284,0.5325000286102295
YOR304W,YGR118W,0,0.89048344,0.10577569156885147,0.6299999952316284,0.5325999855995178
YEL020W-A,YLL027W,0,0.890351,0.1057579293847084,0.6299999952316284,0.5327000021934509
YGL022W,YIL095W,0,0.8903501,0.10574018210172653,0.6299999952316284,0.532800018787384
YGL240W,YPL156C,0,0.89026296,0.10572243481874466,0.6299999952316284,0.5328999757766724
YHR072W-A,YOR178C,0,0.89023656,0.10570469498634338,0.6299999952316284,0.5329999923706055
YPL043W,YER118C,0,0.8900169,0.1056869626045227,0.6299999952316284,0.5331000089645386
YDR452W,YOR312C,0,0.89000577,0.10566923767328262,0.6299999952316284,0.5332000255584717
YMR101C,YOL059W,0,0.8899152,0.10565152019262314,0.6299999952316284,0.53329998254776
YLR110C,YML101C,0,0.8899136,0.10563380271196365,0.6299999952316284,0.5333999991416931
YPR112C,YPL081W,0,0.889887,0.10561609268188477,0.6299999952316284,0.5335000157356262
YER016W,YMR322C,0,0.8898359,0.10559839010238647,0.6299999952316284,0.5335999727249146
YJL026W,YAL048C,0,0.88974977,0.10558069497346878,0.6299999952316284,0.5336999893188477
YPR010C,YIL076W,0,0.889674,0.10556299984455109,0.6299999952316284,0.5338000059127808
YJL079C,YGL093W,0,0.8893949,0.10554531961679459,0.6299999952316284,0.5339000225067139
YHR119W,YPL036W,0,0.88937616,0.10552763938903809,0.6299999952316284,0.5339999794960022
YOR147W,YPL061W,0,0.889365,0.10550996661186218,0.6299999952316284,0.5340999960899353
YHR123W,YCL052C,1,0.8891167,0.10565974563360214,0.6309999823570251,0.5340999960899353
YOR087W,YDR345C,0,0.88880354,0.10564205795526505,0.6309999823570251,0.5342000126838684
YNR056C,YOR162C,0,0.8883191,0.10562437027692795,0.6309999823570251,0.5343000292778015
YKL049C,YMR216C,0,0.8882593,0.10560669749975204,0.6309999823570251,0.5343999862670898
YNL080C,YOL104C,0,0.88808733,0.10558902472257614,0.6309999823570251,0.534500002861023
YNR072W,YOR130C,0,0.88796586,0.10557135939598083,0.6309999823570251,0.534600019454956
YER141W,YPR080W,0,0.8877781,0.10555369406938553,0.6309999823570251,0.5346999764442444
YGR179C,YNR032C-A,0,0.8877337,0.10553604364395142,0.6309999823570251,0.5347999930381775
YER185W,YER162C,0,0.8877311,0.1055183932185173,0.6309999823570251,0.5349000096321106
YPL137C,YLL018C,0,0.8877184,0.10550075024366379,0.6309999823570251,0.5350000262260437
YNR059W,YNL304W,0,0.887704,0.10548311471939087,0.6309999823570251,0.535099983215332
YGL200C,YAR008W,0,0.88766295,0.10546548664569855,0.6309999823570251,0.5351999998092651
YIL135C,YPL230W,0,0.8875712,0.10544785857200623,0.6309999823570251,0.5353000164031982
YKR046C,YDL240W,0,0.88751817,0.1054302453994751,0.6309999823570251,0.5353999733924866
YLR081W,YKR102W,0,0.88747066,0.10541263222694397,0.6309999823570251,0.5354999899864197
YDL061C,YDR512C,0,0.887314,0.10539501905441284,0.6309999823570251,0.5356000065803528
YKL051W,YPL058C,1,0.88712716,0.10554442554712296,0.6320000290870667,0.5356000065803528
YKL186C,YIL053W,0,0.8869482,0.10552679747343063,0.6320000290870667,0.5357000231742859
YMR025W,YGL170C,0,0.88674814,0.1055091843008995,0.6320000290870667,0.5357999801635742
YDR191W,YPL076W,1,0.8863768,0.10565848648548126,0.6330000162124634,0.5357999801635742
YNL062C,YOR177C,0,0.8863065,0.10564085096120834,0.6330000162124634,0.5358999967575073
YBR200W,YOR125C,0,0.88595855,0.10562323033809662,0.6330000162124634,0.5360000133514404
YOL101C,YGL142C,1,0.88586897,0.10577243566513062,0.6340000033378601,0.5360000133514404
YFR033C,YHR061C,0,0.8857679,0.1057547926902771,0.6340000033378601,0.5360999703407288
YDR294C,YMR015C,1,0.8857471,0.10590393841266632,0.6349999904632568,0.5360999703407288
YJL110C,YBR083W,0,0.88574255,0.10588627308607101,0.6349999904632568,0.5361999869346619
YGR078C,YJL060W,0,0.8855284,0.1058686226606369,0.6349999904632568,0.536300003528595
YBR079C,YBR223C,0,0.8855224,0.10585097223520279,0.6349999904632568,0.5364000201225281
YDR058C,YGR216C,1,0.885507,0.10599999874830246,0.6359999775886536,0.5364000201225281
YKL053C-A,YML028W,0,0.88540274,0.10598233342170715,0.6359999775886536,0.5364999771118164
YOR187W,YLL018C-A,0,0.8853823,0.10596467554569244,0.6359999775886536,0.5365999937057495
YJR151C,YML022W,0,0.88526493,0.10594702512025833,0.6359999775886536,0.5367000102996826
YLL015W,YGL077C,0,0.8849674,0.10592938214540482,0.6359999775886536,0.5368000268936157
YGR217W,YBR302C,0,0.8849446,0.1059117391705513,0.6359999775886536,0.536899983882904
YPL249C,YNR051C,0,0.88475466,0.10589410364627838,0.6359999775886536,0.5370000004768372
YJR014W,YDR195W,0,0.88455975,0.10587647557258606,0.6359999775886536,0.5371000170707703
YGL028C,YNL133C,0,0.8844853,0.10585885494947433,0.6359999775886536,0.5371999740600586
YMR308C,YDR151C,0,0.8842841,0.1058412417769432,0.6359999775886536,0.5372999906539917
YLL034C,YCR065W,0,0.8841252,0.10582362860441208,0.6359999775886536,0.5374000072479248
YOL082W,YGR113W,0,0.8838877,0.10580602288246155,0.6359999775886536,0.5375000238418579
YLL027W,YAL026C,0,0.8836718,0.10578842461109161,0.6359999775886536,0.5375999808311462
YMR067C,YER038C,0,0.88366634,0.10577082633972168,0.6359999775886536,0.5376999974250793
YOR147W,YJR150C,0,0.8834369,0.10575324296951294,0.6359999775886536,0.5378000140190125
YNL080C,YLR329W,0,0.88339245,0.1057356595993042,0.6359999775886536,0.5378999710083008
YNL256W,YLL005C,0,0.8833645,0.10571808367967606,0.6359999775886536,0.5379999876022339
YJR078W,YKR102W,0,0.8832951,0.10570051521062851,0.6359999775886536,0.538100004196167
YBR155W,YBR021W,0,0.883047,0.10568295419216156,0.6359999775886536,0.5382000207901001
YHR178W,YKL074C,0,0.88294655,0.10566539317369461,0.6359999775886536,0.5382999777793884
YMR089C,YBR189W,0,0.8828172,0.10564783960580826,0.6359999775886536,0.5383999943733215
YNR030W,YKR053C,1,0.8827928,0.10579638183116913,0.6370000243186951,0.5383999943733215
YIL016W,YHL035C,0,0.8827588,0.10577881336212158,0.6370000243186951,0.5385000109672546
YLR017W,YKL046C,0,0.8826177,0.10576124489307404,0.6370000243186951,0.5386000275611877
YPL171C,YIL118W,0,0.88256055,0.10574369132518768,0.6370000243186951,0.5386999845504761
YGR032W,YIL117C,0,0.8825327,0.10572613775730133,0.6370000243186951,0.5388000011444092
YNL036W,YDL178W,0,0.88245094,0.10570859909057617,0.6370000243186951,0.5389000177383423
YBR302C,YBR196C,0,0.88241106,0.10569106042385101,0.6370000243186951,0.5389999747276306
YBR180W,YNL126W,0,0.8822264,0.10567352175712585,0.6370000243186951,0.5390999913215637
YJL141C,YKR034W,0,0.88219845,0.10565599799156189,0.6370000243186951,0.5392000079154968
YIL019W,YCR065W,0,0.8820691,0.10563847422599792,0.6370000243186951,0.5393000245094299
YHR187W,YPL061W,0,0.88187456,0.10562095791101456,0.6370000243186951,0.5393999814987183
YGL160W,YIL088C,0,0.88182515,0.10560344904661179,0.6370000243186951,0.5394999980926514
YGL012W,YNL231C,1,0.88180965,0.10575170069932938,0.6380000114440918,0.5394999980926514
YKR080W,YDL214C,0,0.8816832,0.10573416948318481,0.6380000114440918,0.5396000146865845
YLR277C,YOR168W,0,0.88167864,0.10571665316820145,0.6380000114440918,0.5396999716758728
YBR154C,YPL198W,0,0.881659,0.10569913685321808,0.6380000114440918,0.5397999882698059
YPL132W,YOR229W,0,0.8816355,0.10568162798881531,0.6380000114440918,0.539900004863739
YNL223W,YPR163C,0,0.88149166,0.10566412657499313,0.6380000114440918,0.5400000214576721
YOR145C,YER075C,0,0.8813486,0.10564663261175156,0.6380000114440918,0.5400999784469604
YLR244C,YMR251W-A,0,0.8813206,0.10562913864850998,0.6380000114440918,0.5401999950408936
YDL223C,YLR216C,0,0.8812874,0.105611652135849,0.6380000114440918,0.5403000116348267
YOR226C,YHR194W,0,0.88124555,0.10559417307376862,0.6380000114440918,0.5404000282287598
YIL135C,YMR162C,0,0.8811074,0.10557670146226883,0.6380000114440918,0.5404999852180481
YJL011C,YER044C-A,0,0.8810326,0.10555922985076904,0.6380000114440918,0.5406000018119812
YDR023W,YLR389C,0,0.8809464,0.10554177314043045,0.6380000114440918,0.5407000184059143
YBR200W,YGR087C,0,0.8809169,0.10552431643009186,0.6380000114440918,0.5407999753952026
YJL128C,YAL054C,0,0.8807947,0.10550685971975327,0.6380000114440918,0.5408999919891357
YGR148C,YOL042W,0,0.8807835,0.10548941791057587,0.6380000114440918,0.5410000085830688
YPL223C,YER104W,0,0.8807186,0.10547197610139847,0.6380000114440918,0.541100025177002
YOL115W,YJR095W,0,0.88070756,0.10545454174280167,0.6380000114440918,0.5411999821662903
YLR435W,YAR027W,0,0.8806309,0.10543711483478546,0.6380000114440918,0.5412999987602234
YJR052W,YPL082C,0,0.8805575,0.10541969537734985,0.6380000114440918,0.5414000153541565
YNL106C,YMR272C,1,0.8805327,0.10556748509407043,0.6389999985694885,0.5414000153541565
YML008C,YBR110W,1,0.8804984,0.10571523010730743,0.6399999856948853,0.5414000153541565
YML007W,YDR497C,0,0.8804353,0.10569777339696884,0.6399999856948853,0.5414999723434448
YBR132C,YPL110C,1,0.880361,0.10584544390439987,0.640999972820282,0.5414999723434448
YGL078C,YPL246C,0,0.8803174,0.10582796484231949,0.640999972820282,0.5415999889373779
YOR056C,YGR057C,0,0.8802401,0.1058105006814003,0.640999972820282,0.541700005531311
YER176W,YNL152W,0,0.88019717,0.10579303652048111,0.640999972820282,0.5418000221252441
YPR185W,YBR089C-A,0,0.8801241,0.10577557981014252,0.640999972820282,0.5418999791145325
YNL133C,YBR243C,0,0.87998986,0.10575812309980392,0.640999972820282,0.5419999957084656
YNR052C,YDL216C,0,0.8798117,0.10574068129062653,0.640999972820282,0.5421000123023987
YIL017C,YBR135W,0,0.8797762,0.10572323948144913,0.640999972820282,0.5422000288963318
YBR080C,YMR229C,0,0.8795421,0.10570580512285233,0.640999972820282,0.5422999858856201
YGR246C,YMR229C,0,0.87950665,0.10568837821483612,0.640999972820282,0.5424000024795532
YPL280W,YGL033W,0,0.87934995,0.10567095130681992,0.640999972820282,0.5425000190734863
YML001W,YOR334W,0,0.87912923,0.10565353184938431,0.640999972820282,0.5425999760627747
YDL133C-A,YHR107C,0,0.87889457,0.1056361272931099,0.640999972820282,0.5426999926567078
YER074W-A,YER001W,0,0.8787671,0.10561871528625488,0.640999972820282,0.5428000092506409
YOR327C,YKL086W,0,0.87873465,0.10560131818056107,0.640999972820282,0.542900025844574
YNL054W,YGL001C,1,0.8783232,0.10574863851070404,0.6420000195503235,0.542900025844574
YCL039W,YLR389C,0,0.8782664,0.10573122650384903,0.6420000195503235,0.5429999828338623
YPR125W,YKL194C,0,0.8781318,0.10571381449699402,0.6420000195503235,0.5430999994277954
YKR081C,YNL208W,0,0.87808996,0.1056964099407196,0.6420000195503235,0.5432000160217285
YER015W,YDR147W,1,0.8777488,0.10584361851215363,0.6430000066757202,0.5432000160217285
YBR221C,YIL095W,0,0.87756985,0.10582619905471802,0.6430000066757202,0.5432999730110168
YPL215W,YCR024C,0,0.8773169,0.105808787047863,0.6430000066757202,0.54339998960495
YDL052C,YJL100W,1,0.8772767,0.10595590621232986,0.6439999938011169,0.54339998960495
YJL141C,YJR152W,0,0.87717456,0.10593847930431366,0.6439999938011169,0.5435000061988831
YFR019W,YBR004C,1,0.8770768,0.10608552396297455,0.6449999809265137,0.5435000061988831
YOR236W,YPL043W,0,0.87696534,0.10606808215379715,0.6449999809265137,0.5436000227928162
YDR432W,YJL034W,0,0.876957,0.10605064034461975,0.6449999809265137,0.5436999797821045
YIL162W,YKL193C,0,0.8768095,0.10603320598602295,0.6449999809265137,0.5437999963760376
YPL078C,YDL159W,0,0.87643987,0.10601577907800674,0.6449999809265137,0.5439000129699707
YIL015W,YHR134W,0,0.8764298,0.10599835962057114,0.6449999809265137,0.5440000295639038
YER118C,YML128C,0,0.87642485,0.10598094016313553,0.6449999809265137,0.5440999865531921
YDL222C,YDL168W,0,0.8763148,0.10596352815628052,0.6449999809265137,0.5442000031471252
YHR118C,YER145C,0,0.8760645,0.1059461236000061,0.6449999809265137,0.5443000197410583
YLR155C,YDL092W,0,0.87600577,0.10592872649431229,0.6449999809265137,0.5443999767303467
YOR339C,YOR142W,0,0.87587726,0.10591132938861847,0.6449999809265137,0.5444999933242798
YNL045W,YLR305C,1,0.87579054,0.10605812072753906,0.6460000276565552,0.5444999933242798
YDR244W,YIL038C,0,0.87575525,0.10604070872068405,0.6460000276565552,0.5446000099182129
YDR221W,YGR155W,0,0.87564844,0.10602330416440964,0.6460000276565552,0.544700026512146
YKL060C,YOL010W,0,0.8756395,0.10600590705871582,0.6460000276565552,0.5447999835014343
YHL020C,YBR042C,1,0.8753962,0.10615258663892746,0.6470000147819519,0.5447999835014343
YKL157W,YIL117C,0,0.87530816,0.10613516718149185,0.6470000147819519,0.5449000000953674
YLL055W,YBR293W,0,0.8752485,0.10611776262521744,0.6470000147819519,0.5450000166893005
YPL270W,YGR109C,0,0.87520814,0.10610035806894302,0.6470000147819519,0.5450999736785889
YCR028C-A,YDL193W,0,0.8750355,0.1060829609632492,0.6470000147819519,0.545199990272522
YBR279W,YLR035C,0,0.87500745,0.10606557130813599,0.6470000147819519,0.5453000068664551
YGL023C,YKL205W,0,0.8748093,0.10604818910360336,0.6470000147819519,0.5454000234603882
YOL146W,YOR255W,0,0.8747366,0.10603080689907074,0.6470000147819519,0.5454999804496765
YKR095W,YMR179W,0,0.87454826,0.10601343959569931,0.6470000147819519,0.5455999970436096
YAR042W,YML008C,1,0.8743938,0.10615989565849304,0.6480000019073486,0.5455999970436096
YDL044C,YJL042W,0,0.8742935,0.10614250600337982,0.6480000019073486,0.5457000136375427
YLR423C,YHR018C,0,0.8742264,0.1061251237988472,0.6480000019073486,0.545799970626831
YPR183W,YJL083W,1,0.874099,0.10627149045467377,0.6489999890327454,0.545799970626831
YBL091C-A,YNL130C,1,0.87406,0.10641781240701675,0.6499999761581421,0.545799970626831
YOL069W,YNR075W,0,0.8736921,0.10640039294958115,0.6499999761581421,0.5458999872207642
YMR145C,YNL278W,0,0.87358487,0.10638298094272614,0.6499999761581421,0.5460000038146973
YFL011W,YJR084W,0,0.87358296,0.10636556893587112,0.6499999761581421,0.5461000204086304
YNL006W,YOR335C,0,0.87351793,0.10634816437959671,0.6499999761581421,0.5461999773979187
YDR127W,YHR102W,0,0.87349236,0.1063307672739029,0.6499999761581421,0.5462999939918518
YKR064W,YKL192C,1,0.8731545,0.10647694021463394,0.6510000228881836,0.5462999939918518
YDR422C,YPR110C,0,0.8730035,0.10645952820777893,0.6510000228881836,0.5464000105857849
YJL035C,YJR004C,0,0.87293357,0.10644211620092392,0.6510000228881836,0.546500027179718
YHR014W,YCL032W,0,0.87279433,0.1064247190952301,0.6510000228881836,0.5465999841690063
YEL005C,YLL034C,0,0.87273157,0.10640732198953629,0.6510000228881836,0.5467000007629395
YKL074C,YHR170W,0,0.8724705,0.10638993233442307,0.6510000228881836,0.5468000173568726
YPR001W,YJL100W,1,0.8723431,0.10653594881296158,0.6520000100135803,0.5468000173568726
YCL064C,YPL207W,0,0.8722634,0.10651854425668716,0.6520000100135803,0.5468999743461609
YPL211W,YOR177C,0,0.87200326,0.10650113970041275,0.6520000100135803,0.546999990940094
YNL087W,YPR101W,0,0.8719826,0.10648375004529953,0.6520000100135803,0.5471000075340271
YEL011W,YDL134C,0,0.8718807,0.10646636039018631,0.6520000100135803,0.5472000241279602
YER026C,YBR004C,1,0.8714811,0.10661224275827408,0.652999997138977,0.5472000241279602
YDL052C,YOL101C,1,0.87131375,0.10675808042287827,0.6539999842643738,0.5472000241279602
YDR484W,YFR055W,0,0.8712969,0.10674065351486206,0.6539999842643738,0.5472999811172485
YKL113C,YDR030C,0,0.8707737,0.10672323405742645,0.6539999842643738,0.5473999977111816
YGR206W,YMR093W,0,0.8707715,0.10670582205057144,0.6539999842643738,0.5475000143051147
YOR330C,YPR151C,0,0.8706513,0.10668841749429703,0.6539999842643738,0.5475999712944031
YOR256C,YHR124W,0,0.8706212,0.10667101293802261,0.6539999842643738,0.5476999878883362
YNL024C,YIL017C,0,0.87051815,0.1066536232829094,0.6539999842643738,0.5478000044822693
YGR193C,YDL024C,0,0.87036854,0.10663623362779617,0.6539999842643738,0.5479000210762024
YKL120W,YMR261C,0,0.8699483,0.10661884397268295,0.6539999842643738,0.5479999780654907
YOR025W,YDR062W,1,0.86988324,0.10676446557044983,0.6549999713897705,0.5479999780654907
YDR423C,YBL045C,0,0.8698357,0.10674706846475601,0.6549999713897705,0.5480999946594238
YOR004W,YNR056C,0,0.8696981,0.1067296713590622,0.6549999713897705,0.5482000112533569
YPR007C,YML120C,0,0.86922985,0.10671228170394897,0.6549999713897705,0.54830002784729
YPR034W,YPR201W,0,0.86912805,0.10669489949941635,0.6549999713897705,0.5483999848365784
YGR142W,YBR254C,0,0.8690574,0.10667752474546432,0.6549999713897705,0.5485000014305115
YFL038C,YGL255W,0,0.8690452,0.1066601499915123,0.6549999713897705,0.5486000180244446
YCL025C,YDL159W,0,0.8689924,0.10664279013872147,0.6549999713897705,0.5486999750137329
YIL068C,YDL223C,0,0.86891776,0.10662543028593063,0.6549999713897705,0.548799991607666
YHL006C,YMR125W,0,0.8687338,0.1066080704331398,0.6549999713897705,0.5489000082015991
YGR105W,YPL225W,0,0.8683506,0.10659072548151016,0.6549999713897705,0.5490000247955322
YJL122W,YLR071C,0,0.8679158,0.10657338052988052,0.6549999713897705,0.5490999817848206
YDR262W,YLR052W,0,0.8677932,0.10655604302883148,0.6549999713897705,0.5491999983787537
YNR053C,YMR033W,0,0.8677645,0.10653871297836304,0.6549999713897705,0.5493000149726868
YDR216W,YFL001W,0,0.8675135,0.10652138292789459,0.6549999713897705,0.5493999719619751
YDR518W,YCR020W-B,0,0.86749953,0.10650406777858734,0.6549999713897705,0.5494999885559082
YGR049W,YEL024W,0,0.86735696,0.10648675262928009,0.6549999713897705,0.5496000051498413
YOR292C,YOR207C,0,0.86725134,0.10646943747997284,0.6549999713897705,0.5497000217437744
YDR508C,YPR187W,0,0.8671972,0.10645213723182678,0.6549999713897705,0.5497999787330627
YMR090W,YDL005C,0,0.86708325,0.10643483698368073,0.6549999713897705,0.5498999953269958
YDL003W,YDR087C,0,0.8669959,0.10641754418611526,0.6549999713897705,0.550000011920929
YBR218C,YMR164C,0,0.8668706,0.1064002588391304,0.6549999713897705,0.5501000285148621
YMR115W,YER185W,0,0.86686677,0.10638298094272614,0.6549999713897705,0.5501999855041504
YNL271C,YMR131C,0,0.86677665,0.10636570304632187,0.6549999713897705,0.5503000020980835
YJR048W,YDR226W,0,0.8667346,0.1063484326004982,0.6549999713897705,0.5504000186920166
YLR291C,YNL243W,0,0.86643106,0.10633116960525513,0.6549999713897705,0.5504999756813049
YDR165W,YPL196W,0,0.8664273,0.10631390661001205,0.6549999713897705,0.550599992275238
YHL020C,YML126C,1,0.8664156,0.10645893961191177,0.656000018119812,0.550599992275238
YDR040C,YLR006C,0,0.86587065,0.1064416691660881,0.656000018119812,0.5507000088691711
YLR073C,YOL013C,0,0.8658692,0.10642439872026443,0.656000018119812,0.5508000254631042
YGR202C,YDR213W,1,0.8657457,0.10656934231519699,0.6570000052452087,0.5508000254631042
YEL042W,YAL024C,0,0.865712,0.10655205696821213,0.6570000052452087,0.5508999824523926
YFL025C,YBL091C-A,1,0.86570233,0.10669693350791931,0.6579999923706055,0.5508999824523926
YPL018W,YJR092W,0,0.8656526,0.10667963325977325,0.6579999923706055,0.5509999990463257
YPR061C,YIL011W,0,0.8656348,0.1066623404622078,0.6579999923706055,0.5511000156402588
YKL117W,YOL077W-A,0,0.8656209,0.10664505511522293,0.6579999923706055,0.5511999726295471
YNL072W,YLR213C,0,0.8655681,0.10662777721881866,0.6579999923706055,0.5512999892234802
YEL041W,YKL041W,0,0.8655514,0.1066104993224144,0.6579999923706055,0.5514000058174133
YER170W,YGL195W,0,0.865509,0.10659322887659073,0.6579999923706055,0.5515000224113464
YDL135C,YLR329W,0,0.86546236,0.10657596588134766,0.6579999923706055,0.5515999794006348
YCR024C-A,YDR300C,0,0.8654253,0.10655870288610458,0.6579999923706055,0.5516999959945679
YGL068W,YDL154W,0,0.8653789,0.10654144734144211,0.6579999923706055,0.551800012588501
YPL032C,YPR154W,0,0.86508083,0.10652419924736023,0.6579999923706055,0.5519000291824341
YOL034W,YGR253C,0,0.865036,0.10650695860385895,0.6579999923706055,0.5519999861717224
YKL103C,YER069W,0,0.86471504,0.10648972541093826,0.6579999923706055,0.5521000027656555
YDR522C,YPL232W,0,0.8646473,0.10647249221801758,0.6579999923706055,0.5522000193595886
YBR118W,YPR161C,0,0.8646193,0.10645526647567749,0.6579999923706055,0.552299976348877
YBL047C,YMR032W,0,0.8645446,0.106438048183918,0.6579999923706055,0.5523999929428101
YMR199W,YPL082C,0,0.8644984,0.10642082989215851,0.6579999923706055,0.5525000095367432
YPR113W,YER026C,1,0.8643127,0.10656532645225525,0.6589999794960022,0.5525000095367432
YOR060C,YJR150C,0,0.8642926,0.10654810070991516,0.6589999794960022,0.5526000261306763
YPR006C,YCR048W,1,0.86417055,0.10669253021478653,0.6600000262260437,0.5526000261306763
YNL302C,YMR156C,0,0.86406475,0.10667528957128525,0.6600000262260437,0.5526999831199646
YAR031W,YCR052W,0,0.863976,0.10665804892778397,0.6600000262260437,0.5527999997138977
YMR115W,YML022W,0,0.8636969,0.10664081573486328,0.6600000262260437,0.5529000163078308
YCR106W,YEL060C,0,0.86368227,0.1066235899925232,0.6600000262260437,0.5529999732971191
YKR089C,YIL009W,1,0.8634501,0.10676788538694382,0.6610000133514404,0.5529999732971191
YDR416W,YIR019C,0,0.8633438,0.10675064474344254,0.6610000133514404,0.5530999898910522
YIL087C,YMR269W,0,0.8633283,0.10673341155052185,0.6610000133514404,0.5532000064849854
YLR051C,YPL254W,0,0.8633115,0.10671617835760117,0.6610000133514404,0.5533000230789185
YHR118C,YLR070C,0,0.8632925,0.10669895261526108,0.6610000133514404,0.5533999800682068
YLR118C,YHR190W,1,0.8631564,0.10684312134981155,0.6620000004768372,0.5533999800682068
YDL059C,YLR451W,0,0.8630192,0.10682588070631027,0.6620000004768372,0.5534999966621399
YLR320W,YJR046W,0,0.86291593,0.10680864751338959,0.6620000004768372,0.553600013256073
YIL079C,YLL040C,0,0.86283046,0.1067914143204689,0.6620000004768372,0.5536999702453613
YJR118C,YIL017C,0,0.8627878,0.10677419602870941,0.6620000004768372,0.5537999868392944
YOL016C,YDR499W,0,0.8624848,0.10675697773694992,0.6620000004768372,0.5539000034332275
YDR449C,YBR146W,0,0.8624093,0.10673975944519043,0.6620000004768372,0.5540000200271606
YOR267C,YJL204C,0,0.8623205,0.10672255605459213,0.6620000004768372,0.554099977016449
YKR036C,YNL148C,0,0.86226225,0.10670535266399384,0.6620000004768372,0.5541999936103821
YJR053W,YJL069C,0,0.8622315,0.10668815672397614,0.6620000004768372,0.5543000102043152
YDL171C,YDR263C,0,0.8621261,0.10667096078395844,0.6620000004768372,0.5544000267982483
YNL126W,YER017C,0,0.8616172,0.10665377974510193,0.6620000004768372,0.5544999837875366
YKL007W,YEL011W,0,0.8611115,0.10663659870624542,0.6620000004768372,0.5546000003814697
YKL008C,YLR240W,1,0.8609958,0.10678047686815262,0.6629999876022339,0.5546000003814697
YGL144C,YOR237W,1,0.8608593,0.10692431777715683,0.6639999747276306,0.5546000003814697
YMR121C,YGR256W,0,0.8605471,0.10690709948539734,0.6639999747276306,0.5547000169754028
YPL183W-A,YOR091W,0,0.8603726,0.10688988864421844,0.6639999747276306,0.5547999739646912
YPR185W,YFR040W,0,0.8602525,0.10687268525362015,0.6639999747276306,0.5548999905586243
YJR047C,YOL012C,0,0.86013013,0.10685548931360245,0.6639999747276306,0.5550000071525574
YIR011C,YDR281C,0,0.85990924,0.10683829337358475,0.6639999747276306,0.5551000237464905
YKL155C,YPL043W,0,0.859721,0.10682110488414764,0.6639999747276306,0.5551999807357788
YDR072C,YLR386W,1,0.859628,0.10696477442979813,0.6650000214576721,0.5551999807357788
YER028C,YPL161C,0,0.85961246,0.10694757103919983,0.6650000214576721,0.5552999973297119
YMR093W,YJR101W,0,0.8593084,0.10693037509918213,0.6650000214576721,0.555400013923645
YNR067C,YKL211C,0,0.859042,0.10691318660974503,0.6650000214576721,0.5554999709129333
YNL088W,YNL050C,0,0.8589148,0.10689599812030792,0.6650000214576721,0.5555999875068665
YPR020W,YJR127C,0,0.8582666,0.10687881708145142,0.6650000214576721,0.5557000041007996
YMR272C,YGL001C,1,0.858178,0.10702233761548996,0.6660000085830688,0.5557000041007996
YKL120W,YHR077C,0,0.85817605,0.10700514167547226,0.6660000085830688,0.5558000206947327
YBR280C,YLR023C,0,0.85773015,0.10698795318603516,0.6660000085830688,0.555899977684021
YDR435C,YJL050W,0,0.8577204,0.10697076469659805,0.6660000085830688,0.5559999942779541
YLR009W,YMR315W,0,0.85737115,0.10695359110832214,0.6660000085830688,0.5561000108718872
YLR029C,YJR099W,0,0.85725886,0.10693641752004623,0.6660000085830688,0.5562000274658203
YJR138W,YER074W-A,0,0.8569115,0.10691925138235092,0.6660000085830688,0.5562999844551086
YGL047W,YLR228C,1,0.8568664,0.10706260055303574,0.6669999957084656,0.5562999844551086
YEL019C,YHR183W,0,0.8567878,0.10704541951417923,0.6669999957084656,0.5564000010490417
YMR106C,YLR344W,0,0.85635394,0.10702823847532272,0.6669999957084656,0.5565000176429749
YLR157C,YHR201C,0,0.85633606,0.10701107233762741,0.6669999957084656,0.5565999746322632
YMR058W,YOL044W,0,0.8561844,0.1069939061999321,0.6669999957084656,0.5566999912261963
YLR157C,YHR135C,0,0.85599697,0.10697674751281738,0.6669999957084656,0.5568000078201294
YGL237C,YHR174W,0,0.85586685,0.10695958882570267,0.6669999957084656,0.5569000244140625
YNR074C,YOR071C,0,0.85582393,0.10694243758916855,0.6669999957084656,0.5569999814033508
YCR033W,YMR251W-A,0,0.85572714,0.10692529380321503,0.6669999957084656,0.5570999979972839
YNL246W,YCR106W,0,0.8552118,0.1069081574678421,0.6669999957084656,0.557200014591217
YBR067C,YNL186W,0,0.8552088,0.10689102858304977,0.6669999957084656,0.5572999715805054
YMR215W,YDL179W,0,0.855177,0.10687389969825745,0.6669999957084656,0.5573999881744385
YMR089C,YBL097W,0,0.85503674,0.10685677826404572,0.6669999957084656,0.5575000047683716
YLR274W,YOR028C,0,0.8549131,0.10683965682983398,0.6669999957084656,0.5576000213623047
YLR144C,YEL027W,0,0.85486597,0.10682255029678345,0.6669999957084656,0.557699978351593
YAL014C,YCR057C,0,0.8547969,0.10680544376373291,0.6669999957084656,0.5577999949455261
YKL039W,YOR293W,0,0.85452026,0.10678834468126297,0.6669999957084656,0.5579000115394592
YKR079C,YBL085W,0,0.85428184,0.10677125304937363,0.6669999957084656,0.5580000281333923
YKL081W,YMR054W,0,0.8540743,0.10675416141748428,0.6669999957084656,0.5580999851226807
YIR038C,YMR081C,0,0.85403717,0.10673707723617554,0.6669999957084656,0.5582000017166138
YLR248W,YAL061W,0,0.8538253,0.10672000050544739,0.6669999957084656,0.5583000183105469
YGR034W,YDR214W,0,0.8533656,0.10670293122529984,0.6669999957084656,0.5583999752998352
YJR161C,YLR145W,0,0.85303974,0.10668586194515228,0.6669999957084656,0.5584999918937683
YGR105W,YOR077W,0,0.8529642,0.10666880011558533,0.6669999957084656,0.5586000084877014
YGR221C,YIR034C,0,0.8526382,0.10665174573659897,0.6669999957084656,0.5587000250816345
YBR060C,YPR052C,0,0.8524525,0.10663469135761261,0.6669999957084656,0.5587999820709229
YMR160W,YJR052W,0,0.8524193,0.10661764442920685,0.6669999957084656,0.558899998664856
YMR063W,YBL016W,0,0.85223395,0.10660060495138168,0.6669999957084656,0.5590000152587891
YDR452W,YDR365C,0,0.8517863,0.10658357292413712,0.6669999957084656,0.5590999722480774
YKL191W,YAL060W,0,0.85154754,0.10656654089689255,0.6669999957084656,0.5591999888420105
YOR190W,YOR212W,0,0.85152036,0.10654952377080917,0.6669999957084656,0.5593000054359436
YBR126C,YDL064W,0,0.8513862,0.1065324991941452,0.6669999957084656,0.5594000220298767
YNL132W,YDL005C,0,0.85135436,0.10651548951864243,0.6669999957084656,0.559499979019165
YDL209C,YBL040C,0,0.8512171,0.10649847984313965,0.6669999957084656,0.5595999956130981
YAL051W,YMR015C,1,0.85108423,0.10664112120866776,0.6679999828338623,0.5595999956130981
YBL080C,YOL059W,0,0.8508508,0.10662410408258438,0.6679999828338623,0.5597000122070312
YDL077C,YDL074C,0,0.85058355,0.10660708695650101,0.6679999828338623,0.5598000288009644
YIL130W,YJR070C,0,0.8505516,0.10659007728099823,0.6679999828338623,0.5598999857902527
YHL033C,YGR044C,0,0.8504043,0.10657306760549545,0.6679999828338623,0.5600000023841858
YLR153C,YGR222W,0,0.8503644,0.10655607283115387,0.6679999828338623,0.5601000189781189
YDL117W,YPL196W,0,0.8503487,0.10653907805681229,0.6679999828338623,0.5601999759674072
YHR211W,YNL118C,0,0.850274,0.1065220832824707,0.6679999828338623,0.5602999925613403
YGR212W,YAR027W,0,0.85011256,0.10650510340929031,0.6679999828338623,0.5604000091552734
YMR117C,YMR236W,0,0.85008293,0.10648812353610992,0.6679999828338623,0.5605000257492065
YKL119C,YAL038W,0,0.8499933,0.10647115111351013,0.6679999828338623,0.5605999827384949
YBL105C,YDL133C-A,0,0.84980935,0.10645418614149094,0.6679999828338623,0.560699999332428
YGL133W,YDL160C,0,0.84975266,0.10643722116947174,0.6679999828338623,0.5608000159263611
YOR327C,YLL026W,0,0.84960014,0.10642026364803314,0.6679999828338623,0.5608999729156494
YGR289C,YHR132C,0,0.84956974,0.10640331357717514,0.6679999828338623,0.5609999895095825
YIL064W,YJL057C,0,0.8495116,0.10638637095689774,0.6679999828338623,0.5611000061035156
YCL048W,YBL105C,0,0.8491382,0.10636942833662033,0.6679999828338623,0.5612000226974487
YGL099W,YJL212C,0,0.8491229,0.10635249316692352,0.6679999828338623,0.5612999796867371
YGR208W,YMR101C,0,0.8490645,0.10633556544780731,0.6679999828338623,0.5613999962806702
YBR074W,YJR092W,0,0.8490302,0.1063186377286911,0.6679999828338623,0.5615000128746033
YOL119C,YOR264W,0,0.84895056,0.10630171746015549,0.6679999828338623,0.5616000294685364
YML056C,YKL085W,0,0.84886223,0.10628480464220047,0.6679999828338623,0.5616999864578247
YJL141C,YGR288W,0,0.84878963,0.10626789927482605,0.6679999828338623,0.5618000030517578
YDR084C,YLR029C,0,0.8485798,0.10625099390745163,0.6679999828338623,0.5619000196456909
YDR528W,YOL115W,0,0.8482765,0.1062340959906578,0.6679999828338623,0.5619999766349792
YOR077W,YKR069W,0,0.8481199,0.10621720552444458,0.6679999828338623,0.5620999932289124
YJL127C,YKR069W,0,0.848108,0.10620031505823135,0.6679999828338623,0.5622000098228455
YGR078C,YJL209W,0,0.8480655,0.10618343949317932,0.6679999828338623,0.5623000264167786
YEL031W,YNL064C,0,0.84801894,0.10616656392812729,0.6679999828338623,0.5623999834060669
YBR135W,YKL041W,0,0.8480003,0.10614968836307526,0.6679999828338623,0.5625
YNL252C,YIL056W,0,0.847987,0.10613282769918442,0.6679999828338623,0.5626000165939331
YJL162C,YPR165W,0,0.84772116,0.10611596703529358,0.6679999828338623,0.5626999735832214
YAR071W,YPL171C,0,0.8477141,0.10609911382198334,0.6679999828338623,0.5627999901771545
YJR041C,YPR017C,0,0.84755605,0.1060822606086731,0.6679999828338623,0.5629000067710876
YMR104C,YNL288W,0,0.8470612,0.10606541484594345,0.6679999828338623,0.5630000233650208
YOR360C,YAL033W,0,0.8469575,0.1060485765337944,0.6679999828338623,0.5630999803543091
YML114C,YJL034W,0,0.8468836,0.10603174567222595,0.6679999828338623,0.5631999969482422
YKR103W,YJL194W,0,0.84666044,0.1060149148106575,0.6679999828338623,0.5633000135421753
YDL150W,YFR031C-A,0,0.84632915,0.10599809885025024,0.6679999828338623,0.5633999705314636
YDR256C,YBR154C,0,0.84623414,0.10598127543926239,0.6679999828338623,0.5634999871253967
YOR049C,YJR036C,0,0.8460923,0.10596446692943573,0.6679999828338623,0.5636000037193298
YHR030C,YNL075W,0,0.8460633,0.10594765841960907,0.6679999828338623,0.5637000203132629
YJL196C,YDR147W,1,0.84598655,0.10608943551778793,0.6690000295639038,0.5637000203132629
YFL056C,YMR075W,0,0.8458741,0.10607261955738068,0.6690000295639038,0.5637999773025513
YIL046W,YLR382C,0,0.8456538,0.10605580359697342,0.6690000295639038,0.5638999938964844
YLL016W,YKL171W,0,0.8455996,0.10603899508714676,0.6690000295639038,0.5640000104904175
YDR346C,YLR316C,0,0.84555596,0.1060221865773201,0.6690000295639038,0.5641000270843506
YBL097W,YLR316C,0,0.84551287,0.10600538551807404,0.6690000295639038,0.5641999840736389
YKL014C,YIL140W,0,0.8453291,0.10598859190940857,0.6690000295639038,0.564300000667572
YPR011C,YJL054W,0,0.8452926,0.1059718057513237,0.6690000295639038,0.5644000172615051
YBL087C,YEL055C,0,0.8452918,0.10595501959323883,0.6690000295639038,0.5644999742507935
YPL045W,YOR361C,0,0.8452017,0.10593824088573456,0.6690000295639038,0.5645999908447266
YFR053C,YML114C,0,0.84492826,0.10592146962881088,0.6690000295639038,0.5647000074386597
YBL091C-A,YBR177C,1,0.8447978,0.10606300830841064,0.6700000166893005,0.5647000074386597
YOR340C,YPL098C,0,0.8447857,0.10604621469974518,0.6700000166893005,0.5648000240325928
YER073W,YDR059C,0,0.8446073,0.1060294359922409,0.6700000166893005,0.5648999810218811
YER122C,YIL139C,0,0.8445925,0.10601265728473663,0.6700000166893005,0.5649999976158142
YBR039W,YPL256C,0,0.8444631,0.10599588602781296,0.6700000166893005,0.5651000142097473
YMR170C,YNL024C,0,0.8444416,0.10597912222146988,0.6700000166893005,0.5651999711990356
YGR246C,YDL024C,0,0.8444106,0.1059623584151268,0.6700000166893005,0.5652999877929688
YDR189W,YPL217C,0,0.8442004,0.10594560205936432,0.6700000166893005,0.5654000043869019
YDR108W,YJL212C,0,0.8441945,0.10592885315418243,0.6700000166893005,0.565500020980835
YDR140W,YMR215W,0,0.844086,0.10591211169958115,0.6700000166893005,0.5655999779701233
YOR210W,YJL098W,0,0.8437312,0.10589537024497986,0.6700000166893005,0.5656999945640564
YHR088W,YGL092W,0,0.8436754,0.10587863624095917,0.6700000166893005,0.5658000111579895
YPL254W,YOL020W,0,0.84305215,0.10586190223693848,0.6700000166893005,0.5659000277519226
YML132W,YGL077C,0,0.84280044,0.10584518313407898,0.6700000166893005,0.5659999847412109
YGR169C,YER118C,0,0.84279597,0.10582846403121948,0.6700000166893005,0.566100001335144
YMR093W,YHR205W,0,0.84266394,0.10581175237894058,0.6700000166893005,0.5662000179290771
YDR363W,YKL205W,0,0.8426234,0.10579504072666168,0.6700000166893005,0.5662999749183655
YMR008C,YDR492W,1,0.8426166,0.1059362143278122,0.6710000038146973,0.5662999749183655
YPL256C,YJR133W,0,0.8422768,0.1059194952249527,0.6710000038146973,0.5663999915122986
YPL241C,YOR162C,0,0.8420417,0.1059027761220932,0.6710000038146973,0.5665000081062317
YIL079C,YCL024W,0,0.8418483,0.1058860644698143,0.6710000038146973,0.5666000247001648
YKL129C,YDL022W,0,0.84153,0.105869360268116,0.6710000038146973,0.5666999816894531
YHL020C,YOR100C,1,0.8414982,0.10601041465997696,0.671999990940094,0.5666999816894531
YDR472W,YHR108W,0,0.84146076,0.10599368810653687,0.671999990940094,0.5667999982833862
YMR272C,YER026C,1,0.8412287,0.10613467544317245,0.6729999780654907,0.5667999982833862
YMR183C,YBR295W,0,0.8411835,0.10611794143915176,0.6729999780654907,0.5669000148773193
YCR005C,YOR048C,0,0.8411159,0.10610121488571167,0.6729999780654907,0.5669999718666077
YBR282W,YMR131C,0,0.84093493,0.10608448833227158,0.6729999780654907,0.5670999884605408
YOR007C,YPL131W,0,0.8403203,0.10606776922941208,0.6729999780654907,0.5672000050544739
YER019W,YDR492W,1,0.84025997,0.10620863735675812,0.6740000247955322,0.5672000050544739
YML126C,YGL142C,1,0.84018344,0.10634945333003998,0.675000011920929,0.5672000050544739
YGR225W,YDR377W,0,0.8399419,0.1063327044248581,0.675000011920929,0.567300021648407
YHR014W,YGL011C,0,0.83976203,0.10631595551967621,0.675000011920929,0.5673999786376953
YJL138C,YJR125C,0,0.83931905,0.10629921406507492,0.675000011920929,0.5674999952316284
YIL002C,YDR123C,1,0.83902895,0.10643993318080902,0.6759999990463257,0.5674999952316284
YOR084W,YJR140C,0,0.83873785,0.10642317682504654,0.6759999990463257,0.5676000118255615
YGR065C,YNL133C,0,0.8386237,0.10640642046928406,0.6759999990463257,0.5677000284194946
YBL042C,YDR530C,0,0.83853126,0.10638967901468277,0.6759999990463257,0.567799985408783
YDR267C,YDR146C,0,0.8383427,0.10637293756008148,0.6759999990463257,0.5679000020027161
YMR225C,YMR136W,0,0.8381358,0.1063561961054802,0.6759999990463257,0.5680000185966492
YDR473C,YGR055W,0,0.8381196,0.1063394695520401,0.6759999990463257,0.5680999755859375
YPL079W,YNR054C,0,0.8380788,0.1063227429986,0.6759999990463257,0.5681999921798706
YMR034C,YGL250W,0,0.83784455,0.10630602389574051,0.6759999990463257,0.5683000087738037
YIL010W,YBL036C,0,0.837724,0.10628930479288101,0.6759999990463257,0.5684000253677368
YLR336C,YBR037C,0,0.8376899,0.10627260059118271,0.6759999990463257,0.5684999823570251
YBL080C,YNL256W,0,0.8375927,0.1062558963894844,0.6759999990463257,0.5685999989509583
YGL189C,YGL127C,0,0.83740705,0.1062391921877861,0.6759999990463257,0.5687000155448914
YMR186W,YCR005C,0,0.83730155,0.10622250288724899,0.6759999990463257,0.5687999725341797
YPL224C,YDR043C,0,0.83699197,0.10620581358671188,0.6759999990463257,0.5688999891281128
YGL105W,YAL017W,0,0.83686346,0.10618913173675537,0.6759999990463257,0.5690000057220459
YGR177C,YPL076W,1,0.8367737,0.10632950812578201,0.6769999861717224,0.5690000057220459
YNL080C,YDR258C,0,0.8367587,0.1063128113746643,0.6769999861717224,0.569100022315979
YOR295W,YLR107W,0,0.8367115,0.1062961220741272,0.6769999861717224,0.5691999793052673
YHR042W,YPL069C,1,0.83669615,0.10643642395734787,0.6779999732971191,0.5691999793052673
YIL157C,YBR038W,0,0.8366541,0.10641971230506897,0.6779999732971191,0.5692999958992004
YPR001W,YAR042W,1,0.8362628,0.10655994713306427,0.6790000200271606,0.5692999958992004
YBR279W,YNL176C,0,0.8361779,0.10654322803020477,0.6790000200271606,0.5694000124931335
YOR180C,YJR103W,1,0.8360537,0.1066834032535553,0.6800000071525574,0.5694000124931335
YPL093W,YPR169W,0,0.8359158,0.1066666692495346,0.6800000071525574,0.5695000290870667
YKL129C,YHR152W,0,0.83591515,0.10664993524551392,0.6800000071525574,0.569599986076355
YKR095W-A,YMR119W,0,0.8354154,0.10663321614265442,0.6800000071525574,0.5697000026702881
YAL059W,YML097C,0,0.83502144,0.10661649703979492,0.6800000071525574,0.5698000192642212
YBL031W,YBR104W,0,0.83464694,0.10659977793693542,0.6800000071525574,0.5698999762535095
YPL138C,YBR169C,0,0.8346273,0.10658307373523712,0.6800000071525574,0.5699999928474426
YCL018W,YMR101C,0,0.8345653,0.10656636953353882,0.6800000071525574,0.5701000094413757
YDR385W,YOL102C,0,0.83453625,0.10654967278242111,0.6800000071525574,0.5702000260353088
YBR039W,YBR021W,0,0.8344388,0.1065329760313034,0.6800000071525574,0.5702999830245972
YNR053C,YNL081C,0,0.83442634,0.1065162941813469,0.6800000071525574,0.5703999996185303
YMR186W,YCL054W,0,0.83441037,0.10649960488080978,0.6800000071525574,0.5705000162124634
YAL048C,YPR151C,0,0.83434635,0.10648293048143387,0.6800000071525574,0.5705999732017517
YOR026W,YJL183W,0,0.8342914,0.10646625608205795,0.6800000071525574,0.5706999897956848
YLR452C,YJR127C,0,0.83392674,0.10644959658384323,0.6800000071525574,0.5708000063896179
YOL052C,YPR137W,0,0.833903,0.10643292963504791,0.6800000071525574,0.570900022983551
YLR209C,YJL098W,0,0.8338229,0.10641627758741379,0.6800000071525574,0.5709999799728394
YOR136W,YDL042C,0,0.83378804,0.10639962553977966,0.6800000071525574,0.5710999965667725
YNL087W,YIL131C,0,0.83377093,0.10638298094272614,0.6800000071525574,0.5712000131607056
YBR152W,YDL214C,0,0.833743,0.10636633634567261,0.6800000071525574,0.5713000297546387
YGR134W,YHR203C,0,0.8336438,0.10634969919919968,0.6800000071525574,0.571399986743927
YER124C,YPL008W,0,0.833343,0.10633306950330734,0.6800000071525574,0.5715000033378601
YPR113W,YFL025C,1,0.8331447,0.10647279769182205,0.6809999942779541,0.5715000033378601
YBR227C,YHR128W,0,0.8330452,0.10645615309476852,0.6809999942779541,0.5716000199317932
YOL154W,YDL175C,0,0.8329227,0.1064395159482956,0.6809999942779541,0.5716999769210815
YPL032C,YPL161C,0,0.83264524,0.10642287880182266,0.6809999942779541,0.5717999935150146
YKL029C,YCR030C,0,0.8326337,0.10640624910593033,0.6809999942779541,0.5719000101089478
YLR289W,YBR083W,0,0.83243436,0.10638962686061859,0.6809999942779541,0.5720000267028809
YGL209W,YEL018W,0,0.83214724,0.10637301206588745,0.6809999942779541,0.5720999836921692
YCR060W,YGL145W,0,0.83209467,0.10635639727115631,0.6809999942779541,0.5722000002861023
YOL061W,YML097C,0,0.83207023,0.10633978992700577,0.6809999942779541,0.5723000168800354
YGL051W,YLR451W,0,0.83197004,0.10632318258285522,0.6809999942779541,0.5723999738693237
YIR038C,YIR010W,0,0.8318641,0.10630659013986588,0.6809999942779541,0.5724999904632568
YDL153C,YOR125C,0,0.83185315,0.10628999769687653,0.6809999942779541,0.5726000070571899
YBR029C,YDL142C,1,0.8317567,0.10642946511507034,0.6819999814033508,0.5726000070571899
YDR254W,YMR308C,0,0.83156973,0.1064128577709198,0.6819999814033508,0.572700023651123
YJR149W,YNL274C,0,0.83139145,0.10639625787734985,0.6819999814033508,0.5727999806404114
YDR079W,YLR185W,0,0.83135366,0.10637965798377991,0.6819999814033508,0.5728999972343445
YPR200C,YPR169W,0,0.8313188,0.10636306554079056,0.6819999814033508,0.5730000138282776
YOR117W,YPL126W,0,0.83127034,0.1063464805483818,0.6819999814033508,0.5730999708175659
YDR453C,YDR351W,0,0.8311969,0.10632990300655365,0.6819999814033508,0.573199987411499
YPL224C,YER074W,0,0.83116055,0.1063133254647255,0.6819999814033508,0.5733000040054321
YNL003C,YLL008W,0,0.8311573,0.10629675537347794,0.6819999814033508,0.5734000205993652
YNL125C,YFL011W,0,0.83101636,0.10628019273281097,0.6819999814033508,0.5734999775886536
YOL148C,YLR185W,0,0.830494,0.10626363009214401,0.6819999814033508,0.5735999941825867
YLL012W,YKL020C,1,0.8304889,0.10640286654233932,0.6830000281333923,0.5735999941825867
YER021W,YNL132W,0,0.8303317,0.10638629645109177,0.6830000281333923,0.5737000107765198
YOR227W,YLR043C,0,0.8302874,0.10636972635984421,0.6830000281333923,0.5738000273704529
YKR056W,YOR212W,0,0.8302534,0.10635316371917725,0.6830000281333923,0.5738999843597412
YGR206W,YPL081W,0,0.8301651,0.10633660107851028,0.6830000281333923,0.5740000009536743
YMR220W,YNL009W,1,0.82995623,0.10647571831941605,0.6840000152587891,0.5740000009536743
YHR029C,YEL009C,0,0.8297728,0.10645914077758789,0.6840000152587891,0.5741000175476074
YGR221C,YDL064W,0,0.8297438,0.10644257813692093,0.6840000152587891,0.5741999745368958
YLR070C,YDR408C,0,0.829669,0.10642601549625397,0.6840000152587891,0.5742999911308289
YNR054C,YGL195W,0,0.8295298,0.1064094603061676,0.6840000152587891,0.574400007724762
YLR404W,YDR079C-A,0,0.8294052,0.10639290511608124,0.6840000152587891,0.5745000243186951
YNL177C,YPL198W,0,0.8291146,0.10637635737657547,0.6840000152587891,0.5745999813079834
YPR007C,YIL010W,0,0.8284876,0.1063598170876503,0.6840000152587891,0.5746999979019165
YGL017W,YOL077W-A,0,0.82842857,0.10634328424930573,0.6840000152587891,0.5748000144958496
YDL147W,YHR112C,0,0.8281642,0.10632675141096115,0.6840000152587891,0.5748999714851379
YGR180C,YLR417W,0,0.82799834,0.10631022602319717,0.6840000152587891,0.574999988079071
YLR320W,YNL070W,0,0.8272784,0.1062937080860138,0.6840000152587891,0.5751000046730042
YIR038C,YOL029C,0,0.8268438,0.10627719014883041,0.6840000152587891,0.5752000212669373
YNL111C,YJR103W,1,0.8266951,0.10641603171825409,0.6850000023841858,0.5752000212669373
YDR237W,YPL210C,0,0.82660013,0.10639950633049011,0.6850000023841858,0.5752999782562256
YAL014C,YIR005W,0,0.826361,0.10638298094272614,0.6850000023841858,0.5753999948501587
YNL075W,YLR107W,0,0.8263023,0.10636646300554276,0.6850000023841858,0.5755000114440918
YDR472W,YNL063W,0,0.8263001,0.10634994506835938,0.6850000023841858,0.5756000280380249
YGR217W,YBL031W,0,0.8262991,0.10633343458175659,0.6850000023841858,0.5756999850273132
YOR149C,YMR015C,1,0.82627624,0.10647214204072952,0.6859999895095825,0.5756999850273132
YDR090C,YIL098C,0,0.82596666,0.10645561665296555,0.6859999895095825,0.5758000016212463
YNL335W,YKL041W,0,0.8254815,0.10643909871578217,0.6859999895095825,0.5759000182151794
YGL225W,YBR004C,1,0.825393,0.10657772421836853,0.6869999766349792,0.5759000182151794
YHR141C,YGR087C,0,0.8250595,0.10656119138002396,0.6869999766349792,0.5759999752044678
YFL001W,YDR144C,0,0.825037,0.10654466599225998,0.6869999766349792,0.5760999917984009
YNL002C,YDL047W,0,0.8249375,0.106528140604496,0.6869999766349792,0.576200008392334
YGR157W,YOR317W,1,0.82490784,0.1066666692495346,0.6880000233650208,0.576200008392334
YDL113C,YDR156W,0,0.82462674,0.10665012896060944,0.6880000233650208,0.5763000249862671
YML114C,YPR035W,0,0.8246147,0.10663360357284546,0.6880000233650208,0.5763999819755554
YDR422C,YPR043W,0,0.8245679,0.10661707818508148,0.6880000233650208,0.5764999985694885
YPR004C,YOR168W,0,0.8244775,0.1066005602478981,0.6880000233650208,0.5766000151634216
YHR008C,YBR115C,0,0.82388693,0.10658404231071472,0.6880000233650208,0.57669997215271
YLR189C,YER026C,1,0.8234988,0.10672242939472198,0.6890000104904175,0.57669997215271
YGR003W,YPL239W,0,0.82296807,0.10670590400695801,0.6890000104904175,0.5767999887466431
YPL027W,YDL217C,0,0.82295924,0.10668937861919403,0.6890000104904175,0.5769000053405762
YOR156C,YPR154W,0,0.82283324,0.10667286068201065,0.6890000104904175,0.5770000219345093
YOR319W,YEL036C,0,0.8225834,0.10665635019540787,0.6890000104904175,0.5770999789237976
YDR294C,YNL202W,1,0.8225023,0.10679461061954498,0.6899999976158142,0.5770999789237976
YKL014C,YOR130C,0,0.8222892,0.106778085231781,0.6899999976158142,0.5771999955177307
YGL236C,YLR064W,0,0.8222069,0.10676156729459763,0.6899999976158142,0.5773000121116638
YJL145W,YLR138W,0,0.8221213,0.10674504935741425,0.6899999976158142,0.5774000287055969
YGR089W,YOR003W,0,0.8220318,0.10672853887081146,0.6899999976158142,0.5774999856948853
YKL141W,YPL198W,0,0.82194626,0.10671203583478928,0.6899999976158142,0.5776000022888184
YLR453C,YBR010W,0,0.82186747,0.10669553279876709,0.6899999976158142,0.5777000188827515
YMR246W,YHR073W,1,0.8216961,0.10683364421129227,0.6909999847412109,0.5777000188827515
YJL213W,YPR112C,0,0.82158923,0.10681712627410889,0.6909999847412109,0.5777999758720398
YGR179C,YPL221W,0,0.8215665,0.1068006157875061,0.6909999847412109,0.5778999924659729
YNL016W,YDL070W,0,0.82150614,0.10678411275148392,0.6909999847412109,0.578000009059906
YFL056C,YBL063W,0,0.82148534,0.10676761716604233,0.6909999847412109,0.5781000256538391
YKR098C,YOR297C,0,0.8214401,0.10675112158060074,0.6909999847412109,0.5781999826431274
YNL053W,YKR100C,0,0.8209675,0.10673463344573975,0.6909999847412109,0.5782999992370605
YOR377W,YHR072W,1,0.82066566,0.10687258839607239,0.6919999718666077,0.5782999992370605
YPR020W,YKR034W,0,0.82046497,0.1068560853600502,0.6919999718666077,0.5784000158309937
YPL224C,YMR195W,0,0.82039,0.10683958977460861,0.6919999718666077,0.578499972820282
YBR079C,YPL001W,0,0.8203256,0.10682309418916702,0.6919999718666077,0.5785999894142151
YHR029C,YIL011W,0,0.8201947,0.10680660605430603,0.6919999718666077,0.5787000060081482
YHR042W,YML075C,1,0.8197252,0.10694444179534912,0.6930000185966492,0.5787000060081482
YOR383C,YPL094C,0,0.819681,0.10692794620990753,0.6930000185966492,0.5788000226020813
YHR088W,YDL025C,0,0.8196563,0.10691145062446594,0.6930000185966492,0.5788999795913696
YBR244W,YKL211C,0,0.819476,0.10689495503902435,0.6930000185966492,0.5789999961853027
YLR307W,YPR057W,0,0.81947464,0.10687846690416336,0.6930000185966492,0.5791000127792358
YOR267C,YLL051C,0,0.8194303,0.10686198621988297,0.6930000185966492,0.579200029373169
YER190W,YOL089C,0,0.81935364,0.10684551298618317,0.6930000185966492,0.5792999863624573
YIL132C,YOR202W,0,0.8193183,0.10682903975248337,0.6930000185966492,0.5794000029563904
YBL091C-A,YBR110W,1,0.8193006,0.10696670413017273,0.6940000057220459,0.5794000029563904
YBR101C,YCR089W,0,0.81876117,0.10695022344589233,0.6940000057220459,0.5795000195503235
YLR256W,YDR237W,0,0.81827074,0.10693374276161194,0.6940000057220459,0.5795999765396118
YIL046W,YPR165W,0,0.8181067,0.10691726952791214,0.6940000057220459,0.5796999931335449
YNL132W,YOR028C,0,0.8180564,0.10690080374479294,0.6940000057220459,0.579800009727478
YOL082W,YOR077W,0,0.8180284,0.10688433796167374,0.6940000057220459,0.5799000263214111
YPL064C,YOL097C,0,0.8179795,0.10686787962913513,0.6940000057220459,0.5799999833106995
YCL026C-A,YOR237W,1,0.81792045,0.10700538754463196,0.6949999928474426,0.5799999833106995
YLR174W,YJR127C,0,0.81754774,0.10698891431093216,0.6949999928474426,0.5800999999046326
YPL079W,YCR028C-A,0,0.8174993,0.10697244852781296,0.6949999928474426,0.5802000164985657
YGL113W,YJR120W,0,0.81744367,0.10695598274469376,0.6949999928474426,0.580299973487854
YOR110W,YPL024W,0,0.817393,0.10693953186273575,0.6949999928474426,0.5803999900817871
YBL066C,YMR300C,0,0.8172849,0.10692307353019714,0.6949999928474426,0.5805000066757202
YPL162C,YJR119C,0,0.81726384,0.10690663009881973,0.6949999928474426,0.5806000232696533
YHR096C,YML011C,0,0.8172402,0.10689018666744232,0.6949999928474426,0.5806999802589417
YML118W,YML111W,0,0.81722516,0.10687375068664551,0.6949999928474426,0.5807999968528748
YER190W,YDR235W,0,0.81710994,0.10685732215642929,0.6949999928474426,0.5809000134468079
YNR002C,YMR229C,0,0.8171047,0.10684089362621307,0.6949999928474426,0.5809999704360962
YBL080C,YOR271C,0,0.8170701,0.10682447254657745,0.6949999928474426,0.5810999870300293
YKL043W,YBR086C,0,0.81701696,0.10680805146694183,0.6949999928474426,0.5812000036239624
YAL009W,YJL172W,0,0.8168586,0.10679163783788681,0.6949999928474426,0.5813000202178955
YIL056W,YMR322C,0,0.8166996,0.10677523165941238,0.6949999928474426,0.5813999772071838
YKL006W,YOL096C,0,0.8165131,0.10675883293151855,0.6949999928474426,0.5814999938011169
YJR010W,YDR309C,0,0.8160986,0.10674243420362473,0.6949999928474426,0.58160001039505
YBR180W,YPL036W,0,0.8159835,0.10672604292631149,0.6949999928474426,0.5817000269889832
YNL111C,YMR220W,1,0.8158074,0.10686319321393967,0.6959999799728394,0.5817000269889832
YKL049C,YNL246W,0,0.8156987,0.10684679448604584,0.6959999799728394,0.5817999839782715
YPL112C,YDR343C,0,0.8154272,0.10683038830757141,0.6959999799728394,0.5819000005722046
YGR052W,YBL046W,0,0.81505644,0.10681399703025818,0.6959999799728394,0.5820000171661377
YHR179W,YDR160W,0,0.81487733,0.10679760575294495,0.6959999799728394,0.582099974155426
YLR110C,YML098W,0,0.81482977,0.10678122192621231,0.6959999799728394,0.5821999907493591
YLR384C,YML123C,0,0.8147863,0.10676483809947968,0.6959999799728394,0.5823000073432922
YBR155W,YJL092W,0,0.8147467,0.10674846917390823,0.6959999799728394,0.5824000239372253
YPL007C,YOR230W,0,0.8146954,0.1067320927977562,0.6959999799728394,0.5824999809265137
YJR108W,YNL113W,0,0.81465083,0.10671573132276535,0.6959999799728394,0.5825999975204468
YNL270C,YAL026C,0,0.8146322,0.1066993698477745,0.6959999799728394,0.5827000141143799
YOR118W,YFL034C-A,0,0.81420106,0.10668301582336426,0.6959999799728394,0.5827999711036682
YGL201C,YIL019W,0,0.8141503,0.1066666692495346,0.6959999799728394,0.5828999876976013
YGR202C,YKL055C,1,0.814115,0.10680355131626129,0.6970000267028809,0.5828999876976013
YPL076W,YLR189C,1,0.81402427,0.10694040358066559,0.6980000138282776,0.5828999876976013
YBR020W,YDR153C,0,0.81394947,0.10692401975393295,0.6980000138282776,0.5830000042915344
YNL202W,YKL055C,1,0.81360894,0.10706080496311188,0.6990000009536743,0.5830000042915344
YDR490C,YOL097C,0,0.81349695,0.10704441368579865,0.6990000009536743,0.5831000208854675
YPR169W,YLR054C,0,0.8133526,0.10702802240848541,0.6990000009536743,0.5831999778747559
YOR191W,YKR039W,0,0.81310415,0.10701163858175278,0.6990000009536743,0.583299994468689
YCR068W,YNL202W,1,0.8130419,0.10714832693338394,0.699999988079071,0.583299994468689
YDL197C,YBL097W,0,0.81282914,0.10713192820549011,0.699999988079071,0.5834000110626221
YHR005C-A,YOR177C,0,0.81249315,0.10711552947759628,0.699999988079071,0.5835000276565552
YJL200C,YHR109W,0,0.81234336,0.10709914565086365,0.699999988079071,0.5835999846458435
YBR093C,YNL173C,0,0.81203556,0.10708276182413101,0.699999988079071,0.5837000012397766
YKL172W,YDR512C,0,0.812014,0.10706637799739838,0.699999988079071,0.5838000178337097
YHR211W,YKL174C,0,0.81196135,0.10705000907182693,0.699999988079071,0.583899974822998
YEL005C,YIL064W,0,0.81170934,0.1070336401462555,0.699999988079071,0.5839999914169312
YDR450W,YNR024W,0,0.81157875,0.10701727867126465,0.699999988079071,0.5841000080108643
YOR065W,YOR258W,0,0.81156635,0.1070009171962738,0.699999988079071,0.5842000246047974
YBR029C,YBR002C,1,0.81139463,0.10713739693164825,0.7009999752044678,0.5842000246047974
YMR058W,YHR063C,0,0.8113424,0.10712102800607681,0.7009999752044678,0.5842999815940857
YNL139C,YDR079C-A,0,0.8112319,0.10710465908050537,0.7009999752044678,0.5843999981880188
YCR046C,YBR088C,0,0.8104495,0.10708829760551453,0.7009999752044678,0.5845000147819519
YOR222W,YMR005W,0,0.80997264,0.10707194358110428,0.7009999752044678,0.5845999717712402
YOL132W,YKL130C,0,0.8097622,0.10705558955669403,0.7009999752044678,0.5846999883651733
YJL110C,YOR273C,0,0.8097269,0.10703924298286438,0.7009999752044678,0.5848000049591064
YGL097W,YDR416W,0,0.8097071,0.10702290385961533,0.7009999752044678,0.5849000215530396
YNL021W,YGR256W,0,0.8094837,0.10700656473636627,0.7009999752044678,0.5849999785423279
YHR209W,YKL138C,0,0.8093206,0.10699023306369781,0.7009999752044678,0.585099995136261
YHR175W,YNL147W,0,0.8092919,0.10697390139102936,0.7009999752044678,0.5852000117301941
YLR233C,YDR045C,0,0.8092634,0.1069575846195221,0.7009999752044678,0.5853000283241272
YPL018W,YLR092W,0,0.8092497,0.10694126784801483,0.7009999752044678,0.5853999853134155
YDL209C,YDL100C,0,0.8092348,0.10692495107650757,0.7009999752044678,0.5855000019073486
YCL018W,YNL152W,0,0.809022,0.1069086492061615,0.7009999752044678,0.5856000185012817
YCL004W,YML126C,1,0.8089988,0.10704483091831207,0.7020000219345093,0.5856000185012817
YJR014W,YKL188C,0,0.8089865,0.10702851414680481,0.7020000219345093,0.5856999754905701
YKL073W,YDR496C,0,0.80895907,0.10701219737529755,0.7020000219345093,0.5857999920845032
YBR128C,YPR143W,0,0.80893236,0.10699588805437088,0.7020000219345093,0.5859000086784363
YHL021C,YDR113C,0,0.8088388,0.10697957873344421,0.7020000219345093,0.5860000252723694
YDR190C,YJL203W,0,0.808681,0.10696327686309814,0.7020000219345093,0.5860999822616577
YOR056C,YHR018C,0,0.8082422,0.10694698244333267,0.7020000219345093,0.5861999988555908
YOL111C,YMR093W,0,0.8078949,0.1069306954741478,0.7020000219345093,0.5863000154495239
YOL107W,YPL012W,0,0.80776596,0.10691440850496292,0.7020000219345093,0.5863999724388123
YMR123W,YJR048W,0,0.8077484,0.10689812898635864,0.7020000219345093,0.5864999890327454
YNR057C,YNL232W,0,0.80774504,0.10688184946775436,0.7020000219345093,0.5866000056266785
YOR259C,YJL050W,0,0.8073907,0.10686557739973068,0.7020000219345093,0.5867000222206116
YPR075C,YLR316C,0,0.80735415,0.1068493127822876,0.7020000219345093,0.5867999792098999
YNL209W,YPL049C,0,0.80713874,0.10683305561542511,0.7020000219345093,0.586899995803833
YAR071W,YNL153C,0,0.80711216,0.10681679844856262,0.7020000219345093,0.5870000123977661
YLR077W,YDR324C,0,0.80703306,0.10680054873228073,0.7020000219345093,0.5871000289916992
YEL070W,YPL200W,0,0.8069325,0.10678429901599884,0.7020000219345093,0.5871999859809875
YDR434W,YGL055W,1,0.8069012,0.10692015290260315,0.703000009059906,0.5871999859809875
YKL120W,YLR061W,0,0.8068889,0.10690389573574066,0.703000009059906,0.5873000025749207
YHL021C,YNL116W,0,0.8068274,0.10688763856887817,0.703000009059906,0.5874000191688538
YIL020C,YNL067W,0,0.80666226,0.10687138885259628,0.703000009059906,0.5874999761581421
YIL127C,YMR164C,0,0.8063235,0.10685514658689499,0.703000009059906,0.5875999927520752
YOR153W,YGR171C,0,0.8061249,0.1068389043211937,0.703000009059906,0.5877000093460083
YBR039W,YPL200W,0,0.8060748,0.106822669506073,0.703000009059906,0.5878000259399414
YOR274W,YLR196W,0,0.8059546,0.1068064421415329,0.703000009059906,0.5878999829292297
YLR234W,YDR045C,0,0.80572146,0.1067902147769928,0.703000009059906,0.5879999995231628
YMR058W,YJL159W,0,0.8056615,0.1067739948630333,0.703000009059906,0.588100016117096
YMR226C,YHR205W,0,0.8056449,0.10675778239965439,0.703000009059906,0.5881999731063843
YOL146W,YJL149W,0,0.80537564,0.10674156993627548,0.703000009059906,0.5882999897003174
YEL001C,YOR188W,0,0.8048609,0.10672536492347717,0.703000009059906,0.5884000062942505
YHR209W,YPL075W,0,0.80478764,0.10670916736125946,0.703000009059906,0.5885000228881836
YGL078C,YER162C,0,0.8047189,0.10669296979904175,0.703000009059906,0.5885999798774719
YPL093W,YOR094W,0,0.8045357,0.10667677968740463,0.703000009059906,0.588699996471405
YGL044C,YKL014C,0,0.8044386,0.10666059702634811,0.703000009059906,0.5888000130653381
YNL180C,YJR092W,0,0.8044335,0.1066444143652916,0.703000009059906,0.5889000296592712
YOR310C,YAL033W,0,0.80440867,0.10662823915481567,0.703000009059906,0.5889999866485596
YPL171C,YDL042C,0,0.80429816,0.10661207139492035,0.703000009059906,0.5891000032424927
YPL117C,YNR019W,1,0.80427474,0.10674753785133362,0.7039999961853027,0.5891000032424927
YOL008W,YNR054C,0,0.8041995,0.1067313551902771,0.7039999961853027,0.5892000198364258
YMR177W,YIR021W,0,0.8039976,0.10671517252922058,0.7039999961853027,0.5892999768257141
YDL247W,YOL066C,0,0.80398047,0.10669899731874466,0.7039999961853027,0.5893999934196472
YLL028W,YGL200C,0,0.8039325,0.10668282955884933,0.7039999961853027,0.5895000100135803
YML008C,YMR013C,1,0.8038697,0.10681818425655365,0.7049999833106995,0.5895000100135803
YNL041C,YOL155C,0,0.80356544,0.10680200159549713,0.7049999833106995,0.5896000266075134
YOL146W,YJR152W,0,0.8033639,0.10678581893444061,0.7049999833106995,0.5896999835968018
YGL151W,YDL247W,0,0.8032589,0.10676965117454529,0.7049999833106995,0.5898000001907349
YFR016C,YLR007W,0,0.80321485,0.10675348341464996,0.7049999833106995,0.589900016784668
YJR149W,YLR215C,0,0.8031487,0.10673732310533524,0.7049999833106995,0.5899999737739563
YBR233W-A,YJL001W,0,0.80309147,0.10672116279602051,0.7049999833106995,0.5900999903678894
YDR072C,YOR100C,1,0.8028631,0.10685636103153229,0.7059999704360962,0.5900999903678894
YOR180C,YKL150W,1,0.8028523,0.10699152201414108,0.7070000171661377,0.5900999903678894
YOL055C,YGR296W,0,0.8027286,0.10697533935308456,0.7070000171661377,0.5902000069618225
YPR006C,YHR073W,1,0.80237496,0.10711044073104858,0.7080000042915344,0.5902000069618225
YDR309C,YBR188C,0,0.8023002,0.10709423571825027,0.7080000042915344,0.5903000235557556
YOL029C,YLL006W,0,0.80226856,0.10707803815603256,0.7080000042915344,0.590399980545044
YOR357C,YNL197C,0,0.8022513,0.10706184804439545,0.7080000042915344,0.590499997138977
YDR280W,YNL037C,0,0.80222446,0.10704565793275833,0.7080000042915344,0.5906000137329102
YJR036C,YCR088W,0,0.80217683,0.10702947527170181,0.7080000042915344,0.5906999707221985
YIR003W,YDR469W,0,0.80208534,0.10701330006122589,0.7080000042915344,0.5907999873161316
YJL162C,YPR135W,0,0.8020628,0.10699713230133057,0.7080000042915344,0.5909000039100647
YNL055C,YBR230C,0,0.8019703,0.10698096454143524,0.7080000042915344,0.5910000205039978
YDR429C,YGR244C,0,0.80185986,0.10696479678153992,0.7080000042915344,0.5910999774932861
YER074W-A,YHR115C,0,0.8015776,0.10694864392280579,0.7080000042915344,0.5911999940872192
YMR227C,YLR435W,0,0.8013784,0.10693249106407166,0.7080000042915344,0.5913000106811523
YGR085C,YGL233W,0,0.80133444,0.10691633820533752,0.7080000042915344,0.5914000272750854
YKR026C,YHR072W-A,0,0.801227,0.10690019279718399,0.7080000042915344,0.5914999842643738
YOR202W,YKL086W,0,0.8011846,0.10688405483961105,0.7080000042915344,0.5916000008583069
YGL023C,YNL066W,0,0.80114734,0.10686792433261871,0.7080000042915344,0.59170001745224
YPR201W,YPL217C,0,0.80085427,0.10685179382562637,0.7080000042915344,0.5917999744415283
YLR205C,YBL006C,0,0.80062777,0.10683567076921463,0.7080000042915344,0.5918999910354614
YEL042W,YMR323W,0,0.80054873,0.10681955516338348,0.7080000042915344,0.5920000076293945
YML056C,YDR079W,0,0.8004324,0.10680343955755234,0.7080000042915344,0.5921000242233276
YNL067W,YGL032C,0,0.8004058,0.10678733140230179,0.7080000042915344,0.592199981212616
YOR078W,YLL023C,0,0.80033755,0.10677122324705124,0.7080000042915344,0.5922999978065491
YOL086C,YDR079C-A,0,0.7999614,0.10675512999296188,0.7080000042915344,0.5924000144004822
YJL208C,YOR292C,0,0.7997528,0.10673902928829193,0.7080000042915344,0.5924999713897705
YKR103W,YLR225C,0,0.79951084,0.10672294348478317,0.7080000042915344,0.5925999879837036
YLR128W,YLL008W,0,0.79921895,0.10670685768127441,0.7080000042915344,0.5927000045776367
YHR002W,YOR230W,0,0.7990613,0.10669077932834625,0.7080000042915344,0.5928000211715698
YNL014W,YBR149W,0,0.79879886,0.10667470097541809,0.7080000042915344,0.5928999781608582
YNL271C,YGR204W,0,0.7987663,0.10665863007307053,0.7080000042915344,0.5929999947547913
YAR031W,YNL152W,0,0.79870087,0.10664256662130356,0.7080000042915344,0.5931000113487244
YDR384C,YDR198C,0,0.7986142,0.10662650316953659,0.7080000042915344,0.5932000279426575
YBR029C,YNL045W,1,0.7985266,0.10676103085279465,0.7089999914169312,0.5932000279426575
YGL004C,YDL021W,0,0.79824525,0.10674495995044708,0.7089999914169312,0.5932999849319458
YOR335C,YOR252W,0,0.7980153,0.10672888904809952,0.7089999914169312,0.5934000015258789
YKL191W,YPL223C,0,0.7975572,0.10671282559633255,0.7089999914169312,0.593500018119812
YDR217C,YBR233W-A,0,0.7974449,0.10669676214456558,0.7089999914169312,0.5935999751091003
YDL052C,YLR056W,1,0.7972914,0.10683117806911469,0.7099999785423279,0.5935999751091003
YMR121C,YIL118W,0,0.79720134,0.10681510716676712,0.7099999785423279,0.5936999917030334
YOR032C,YBL092W,0,0.796935,0.10679903626441956,0.7099999785423279,0.5938000082969666
YHR123W,YPL268W,1,0.7966761,0.10693337023258209,0.7110000252723694,0.5938000082969666
YJR102C,YOL077W-A,0,0.7963632,0.10691729187965393,0.7110000252723694,0.5939000248908997
YJR107W,YBR204C,1,0.79631585,0.10705157369375229,0.7120000123977661,0.5939000248908997
YMR309C,YOR215C,0,0.79593843,0.10703548043966293,0.7120000123977661,0.593999981880188
YIR032C,YAL042W,0,0.79585737,0.10701938718557358,0.7120000123977661,0.5940999984741211
YDL181W,YJL078C,0,0.7956606,0.10700330883264542,0.7120000123977661,0.5942000150680542
YGL207W,YDR451C,0,0.79565626,0.10698723047971725,0.7120000123977661,0.5942999720573425
YMR067C,YEL006W,0,0.7956014,0.10697115212678909,0.7120000123977661,0.5943999886512756
YMR262W,YNR015W,0,0.79554075,0.10695508122444153,0.7120000123977661,0.5945000052452087
YJR021C,YOR272W,0,0.79538697,0.10693901777267456,0.7120000123977661,0.5946000218391418
YIL002C,YGR157W,1,0.7952341,0.10707313567399979,0.7129999995231628,0.5946000218391418
YCL026C-A,YKL192C,1,0.79519147,0.10720720887184143,0.7139999866485596,0.5946000218391418
YJR102C,YBR235W,0,0.7951706,0.10719111561775208,0.7139999866485596,0.5946999788284302
YEL062W,YFL003C,0,0.79509777,0.10717502236366272,0.7139999866485596,0.5947999954223633
YKR044W,YDL170W,0,0.79506147,0.10715893656015396,0.7139999866485596,0.5949000120162964
YHR072W,YOL032W,1,0.79505074,0.10729292035102844,0.7149999737739563,0.5949000120162964
YKL155C,YNL072W,0,0.7944196,0.10727681964635849,0.7149999737739563,0.5950000286102295
YPL217C,YNL243W,0,0.79438883,0.10726072639226913,0.7149999737739563,0.5950999855995178
YBL076C,YKL087C,0,0.7941045,0.10724464058876038,0.7149999737739563,0.5952000021934509
YDR021W,YBR187W,0,0.7940914,0.10722855478525162,0.7149999737739563,0.595300018787384
YEL020C,YBL007C,0,0.7939991,0.10721247643232346,0.7149999737739563,0.5953999757766724
YIL139C,YFL034C-A,0,0.79369694,0.1071963980793953,0.7149999737739563,0.5954999923706055
YDR332W,YDL208W,0,0.793599,0.10718033462762833,0.7149999737739563,0.5956000089645386
YEL020C,YJR005W,0,0.79347235,0.10716427117586136,0.7149999737739563,0.5957000255584717
YMR210W,YKL051W,1,0.7933851,0.10729806870222092,0.7160000205039978,0.5957000255584717
YJL167W,YBR004C,1,0.7932224,0.1074318215250969,0.7170000076293945,0.5957000255584717
YDR218C,YJR077C,0,0.7930761,0.10741572827100754,0.7170000076293945,0.59579998254776
YGL183C,YBR037C,0,0.79301494,0.10739964246749878,0.7170000076293945,0.5958999991416931
YJL162C,YMR300C,0,0.79301006,0.10738355666399002,0.7170000076293945,0.5960000157356262
YHR007C,YOR109W,1,0.7929979,0.10751722007989883,0.7179999947547913,0.5960000157356262
YBL027W,YLR389C,0,0.7929835,0.10750111937522888,0.7179999947547913,0.5960999727249146
YPR091C,YKL061W,0,0.7929398,0.10748503357172012,0.7179999947547913,0.5961999893188477
YGL180W,YDL066W,0,0.79276115,0.10746894031763077,0.7179999947547913,0.5963000059127808
YBR210W,YDR382W,0,0.79242945,0.1074528619647026,0.7179999947547913,0.5964000225067139
YDR243C,YLR044C,0,0.7923932,0.10743678361177444,0.7179999947547913,0.5964999794960022
YDL206W,YOL146W,0,0.7923746,0.10742070525884628,0.7179999947547913,0.5965999960899353
YML010W,YFL049W,0,0.7920518,0.10740463435649872,0.7179999947547913,0.5967000126838684
YBL038W,YBR054W,0,0.7918721,0.10738857090473175,0.7179999947547913,0.5968000292778015
YBR126C,YIL098C,0,0.79181296,0.10737251490354538,0.7179999947547913,0.5968999862670898
YJR035W,YER078C,0,0.79180604,0.10735645890235901,0.7179999947547913,0.597000002861023
YKL081W,YEL053C,0,0.7915573,0.10734041035175323,0.7179999947547913,0.597100019454956
YPL212C,YNL233W,0,0.79148036,0.10732436180114746,0.7179999947547913,0.5971999764442444
YDR131C,YBL046W,0,0.79126716,0.10730832815170288,0.7179999947547913,0.5972999930381775
YIL128W,YOR113W,0,0.7911666,0.1072922870516777,0.7179999947547913,0.5974000096321106
YCR068W,YLR372W,1,0.79113495,0.10742566734552383,0.718999981880188,0.5974000096321106
YBR279W,YLR205C,0,0.79078156,0.10740961879491806,0.718999981880188,0.5975000262260437
YLR037C,YPR125W,0,0.79034,0.10739357769489288,0.718999981880188,0.597599983215332
YOR227W,YER062C,0,0.7902824,0.1073775365948677,0.718999981880188,0.5976999998092651
YMR014W,YLR060W,0,0.79025376,0.10736150294542313,0.718999981880188,0.5978000164031982
YOL113W,YFR034C,0,0.79013604,0.10734547674655914,0.718999981880188,0.5978999733924866
YGR172C,YGL158W,0,0.7898664,0.10732945054769516,0.718999981880188,0.5979999899864197
YDR143C,YHR112C,0,0.78982955,0.10731343179941177,0.718999981880188,0.5981000065803528
YKL210W,YLR435W,0,0.7898078,0.10729742050170898,0.718999981880188,0.5982000231742859
YEL052W,YMR001C,0,0.78978425,0.1072814092040062,0.718999981880188,0.5982999801635742
YGL175C,YIL118W,0,0.7897081,0.107265405356884,0.718999981880188,0.5983999967575073
YPL189W,YOL076W,0,0.78969884,0.10724940150976181,0.718999981880188,0.5985000133514404
YER038C,YJL168C,0,0.7895934,0.10723340511322021,0.718999981880188,0.5985999703407288
YGR140W,YMR250W,0,0.78948814,0.10721741616725922,0.718999981880188,0.5986999869346619
YML008C,YPL006W,1,0.78927463,0.10735052824020386,0.7200000286102295,0.5986999869346619
YDR083W,YGR178C,0,0.7891815,0.10733452439308167,0.7200000286102295,0.598800003528595
YBR301W,YMR038C,0,0.789073,0.10731852799654007,0.7200000286102295,0.5989000201225281
YMR063W,YJL030W,0,0.78877765,0.10730253159999847,0.7200000286102295,0.5989999771118164
YHR019C,YLR054C,0,0.7887706,0.10728654265403748,0.7200000286102295,0.5990999937057495
YNL321W,YHR124W,0,0.7886541,0.10727056115865707,0.7200000286102295,0.5992000102996826
YOL084W,YKR029C,0,0.788623,0.10725457966327667,0.7200000286102295,0.5993000268936157
YJR112W,YNL121C,0,0.7886105,0.10723860561847687,0.7200000286102295,0.599399983882904
YCR093W,YMR101C,0,0.78859097,0.10722263902425766,0.7200000286102295,0.5995000004768372
YMR220W,YJR073C,1,0.7885847,0.10735557228326797,0.7210000157356262,0.5995000004768372
YGL148W,YOR358W,0,0.78857,0.10733958333730698,0.7210000157356262,0.5996000170707703
YER127W,YNL270C,0,0.78853965,0.10732360929250717,0.7210000157356262,0.5996999740600586
YBL091C-A,YKL192C,1,0.7885101,0.10745646804571152,0.722000002861023,0.5996999740600586
YGL107C,YEL041W,0,0.78846943,0.10744047909975052,0.722000002861023,0.5997999906539917
YKL196C,YHL028W,0,0.788296,0.10742449015378952,0.722000002861023,0.5999000072479248
YML031W,YLR435W,0,0.78806144,0.10740850865840912,0.722000002861023,0.6000000238418579
YDR349C,YHR056C,0,0.78798085,0.10739253461360931,0.722000002861023,0.6000999808311462
YLR277C,YEL027W,0,0.7879178,0.10737656056880951,0.722000002861023,0.6001999974250793
YML065W,YOR252W,0,0.78789335,0.1073605939745903,0.722000002861023,0.6003000140190125
YJR091C,YDR067C,0,0.78781,0.10734463483095169,0.722000002861023,0.6003999710083008
YJR047C,YBR111W-A,0,0.7876562,0.10732867568731308,0.722000002861023,0.6004999876022339
YJR138W,YGL125W,0,0.78726596,0.10731272399425507,0.722000002861023,0.600600004196167
YML071C,YPL255W,0,0.787201,0.10729677230119705,0.722000002861023,0.6007000207901001
YDR244W,YJR042W,0,0.7871625,0.10728083550930023,0.722000002861023,0.6007999777793884
YPR052C,YOL115W,0,0.78710765,0.10726489126682281,0.722000002861023,0.6008999943733215
YPR082C,YJR004C,0,0.7868652,0.10724896192550659,0.722000002861023,0.6010000109672546
YFL008W,YEL005C,0,0.78685147,0.10723303258419037,0.722000002861023,0.6011000275611877
YOR222W,YPR133W-A,0,0.78685063,0.10721711069345474,0.722000002861023,0.6011999845504761
YGR003W,YPL183C,0,0.78681344,0.10720118880271912,0.722000002861023,0.6013000011444092
YMR175W,YER007C-A,0,0.7867246,0.10718527436256409,0.722000002861023,0.6014000177383423
YNL023C,YDR451C,0,0.7866258,0.10716935992240906,0.722000002861023,0.6014999747276306
YPR010C,YER023W,0,0.78662044,0.10715346038341522,0.722000002861023,0.6015999913215637
YGL184C,YLR431C,0,0.7865464,0.10713756084442139,0.722000002861023,0.6017000079154968
YER060W-A,YGL158W,0,0.7864844,0.10712166130542755,0.722000002861023,0.6018000245094299
YNL300W,YPR080W,0,0.7864817,0.10710576921701431,0.722000002861023,0.6018999814987183
YDL247W,YOR320C,0,0.7861829,0.10708988457918167,0.722000002861023,0.6019999980926514
YNL287W,YGR129W,0,0.7861177,0.10707399994134903,0.722000002861023,0.6021000146865845
YLR205C,YNR039C,0,0.7858354,0.10705812275409698,0.722000002861023,0.6021999716758728
YNR074C,YKL155C,0,0.78580683,0.10704225301742554,0.722000002861023,0.6022999882698059
YPL122C,YLR293C,0,0.78572005,0.10702638328075409,0.722000002861023,0.602400004863739
YMR105C,YER162C,0,0.7854765,0.10701052099466324,0.722000002861023,0.6025000214576721
YJL035C,YKL127W,0,0.78545314,0.10699466615915298,0.722000002861023,0.6025999784469604
YDR190C,YIR008C,0,0.7853558,0.10697881132364273,0.722000002861023,0.6026999950408936
YOR177C,YJL069C,0,0.785333,0.10696296393871307,0.722000002861023,0.6028000116348267
YBR217W,YNL124W,0,0.785273,0.10694711655378342,0.722000002861023,0.6029000282287598
YBR247C,YOR125C,0,0.7852126,0.10693127661943436,0.722000002861023,0.6029999852180481
YKR103W,YER175C,0,0.7851408,0.1069154441356659,0.722000002861023,0.6031000018119812
YOR295W,YOR010C,0,0.78508,0.10689961165189743,0.722000002861023,0.6032000184059143
YPR020W,YLR390W-A,0,0.78491586,0.10688378661870956,0.722000002861023,0.6032999753952026
YKL069W,YIL080W,0,0.78489166,0.1068679690361023,0.722000002861023,0.6033999919891357
YNL138W-A,YOR016C,0,0.78478426,0.10685215145349503,0.722000002861023,0.6035000085830688
YIR004W,YPR119W,0,0.7847256,0.10683634132146835,0.722000002861023,0.603600025177002
YGR041W,YGL186C,0,0.7844609,0.10682053864002228,0.722000002861023,0.6036999821662903
YEL001C,YER104W,0,0.7844378,0.1068047359585762,0.722000002861023,0.6037999987602234
YGR260W,YMR263W,0,0.7843872,0.10678893327713013,0.722000002861023,0.6039000153541565
YAL028W,YOR216C,0,0.7842689,0.10677314549684525,0.722000002861023,0.6039999723434448
YAL042W,YOR064C,0,0.784265,0.10675735771656036,0.722000002861023,0.6040999889373779
YIL094C,YMR250W,0,0.78404737,0.10674156993627548,0.722000002861023,0.604200005531311
YDR369C,YIL079C,0,0.78386134,0.1067257970571518,0.722000002861023,0.6043000221252441
YHL033C,YOL070C,0,0.78386086,0.1067100241780281,0.722000002861023,0.6043999791145325
YML008C,YBL091C-A,1,0.78373235,0.1068420261144638,0.7229999899864197,0.6043999791145325
YBR044C,YNL336W,0,0.7837272,0.10682623833417892,0.7229999899864197,0.6044999957084656
YOR328W,YBR128C,0,0.7836666,0.10681045800447464,0.7229999899864197,0.6046000123023987
YGL097W,YPR057W,0,0.7835285,0.10679468512535095,0.7229999899864197,0.6047000288963318
YOL042W,YAL063C,0,0.78349745,0.10677891224622726,0.7229999899864197,0.6047999858856201
YOR098C,YKL161C,0,0.7832257,0.10676313936710358,0.7229999899864197,0.6049000024795532
YGL234W,YBR129C,0,0.7831425,0.10674738138914108,0.7229999899864197,0.6050000190734863
YMR199W,YLR145W,0,0.78304464,0.10673162341117859,0.7229999899864197,0.6050999760627747
YGL236C,YDL021W,0,0.7830167,0.1067158654332161,0.7229999899864197,0.6051999926567078
YNL318C,YGR038W,0,0.78291047,0.1067001149058342,0.7229999899864197,0.6053000092506409
YIL108W,YLL036C,0,0.7828268,0.1066843718290329,0.7229999899864197,0.605400025844574
YDR040C,YHL033C,0,0.78269917,0.1066686362028122,0.7229999899864197,0.6054999828338623
YGL209W,YLR052W,0,0.78264564,0.10665290057659149,0.7229999899864197,0.6055999994277954
YJR138W,YGR268C,0,0.78258497,0.10663716495037079,0.7229999899864197,0.6057000160217285
YAL007C,YPR046W,0,0.7825158,0.10662144422531128,0.7229999899864197,0.6057999730110168
YMR011W,YKL157W,0,0.78230023,0.10660572350025177,0.7229999899864197,0.60589998960495
YDR500C,YGR013W,0,0.7822208,0.10659000277519226,0.7229999899864197,0.6060000061988831
YDR175C,YIL091C,0,0.78212744,0.10657428950071335,0.7229999899864197,0.6061000227928162
YFR040W,YER117W,0,0.7820606,0.10655858367681503,0.7229999899864197,0.6061999797821045
YMR260C,YGL113W,0,0.7817876,0.10654288530349731,0.7229999899864197,0.6062999963760376
YDL230W,YLL067C,0,0.78173435,0.1065271869301796,0.7229999899864197,0.6064000129699707
YDR471W,YBR060C,0,0.7816521,0.10651148855686188,0.7229999899864197,0.6065000295639038
YKL172W,YDR085C,0,0.78154546,0.10649580508470535,0.7229999899864197,0.6065999865531921
YMR214W,YPL240C,0,0.7813743,0.10648011416196823,0.7229999899864197,0.6067000031471252
YML008C,YLR386W,1,0.78132015,0.1066116914153099,0.7239999771118164,0.6067000031471252
YBL027W,YKL087C,0,0.78110486,0.10659599304199219,0.7239999771118164,0.6068000197410583
YNL279W,YOR353C,0,0.7810949,0.10658030211925507,0.7239999771118164,0.6068999767303467
YPR141C,YER127W,0,0.7810369,0.10656461864709854,0.7239999771118164,0.6069999933242798
YKR002W,YLR001C,0,0.7810183,0.10654893517494202,0.7239999771118164,0.6071000099182129
YCR027C,YCR012W,0,0.7809167,0.10653325170278549,0.7239999771118164,0.607200026512146
YOL090W,YBR118W,0,0.78086585,0.10651758313179016,0.7239999771118164,0.6072999835014343
YMR296C,YBR161W,1,0.78083426,0.1066490113735199,0.7250000238418579,0.6072999835014343
YMR153W,YOR255W,0,0.78082085,0.10663332790136337,0.7250000238418579,0.6074000000953674
YIL099W,YGL078C,0,0.78073907,0.10661764442920685,0.7250000238418579,0.6075000166893005
YJL004C,YKR036C,0,0.7805167,0.10660196840763092,0.7250000238418579,0.6075999736785889
YLR054C,YPR086W,0,0.780141,0.10658629983663559,0.7250000238418579,0.607699990272522
YDR079W,YLL045C,0,0.78012234,0.10657063126564026,0.7250000238418579,0.6078000068664551
YDR485C,YLR143W,0,0.7800757,0.10655497014522552,0.7250000238418579,0.6079000234603882
YDL083C,YDL064W,0,0.78005064,0.10653930902481079,0.7250000238418579,0.6079999804496765
YNR056C,YAL026C,0,0.7799755,0.10652365535497665,0.7250000238418579,0.6080999970436096
YFL031W,YPR128C,1,0.7799122,0.10665491223335266,0.7260000109672546,0.6080999970436096
YGL184C,YOR191W,0,0.779903,0.10663925111293793,0.7260000109672546,0.6082000136375427
YPL256C,YMR323W,0,0.7797949,0.1066235899925232,0.7260000109672546,0.608299970626831
YKL048C,YBR069C,0,0.7797585,0.10660792887210846,0.7260000109672546,0.6083999872207642
YGR166W,YFL024C,0,0.7797554,0.10659227520227432,0.7260000109672546,0.6085000038146973
YLR157C,YPR017C,0,0.7796817,0.10657662898302078,0.7260000109672546,0.6086000204086304
YOR032C,YHR142W,0,0.7796635,0.10656098276376724,0.7260000109672546,0.6086999773979187
YGL049C,YGR125W,0,0.77955425,0.1065453514456749,0.7260000109672546,0.6087999939918518
YNL102W,YNL092W,0,0.7795071,0.10652971267700195,0.7260000109672546,0.6089000105857849
YJR129C,YBR086C,0,0.77936417,0.1065140813589096,0.7260000109672546,0.609000027179718
YOL016C,YBR152W,0,0.77930564,0.10649845749139786,0.7260000109672546,0.6090999841690063
YGR089W,YGR180C,0,0.7792968,0.1064828410744667,0.7260000109672546,0.6092000007629395
YEL040W,YCL035C,0,0.7791442,0.10646722465753555,0.7260000109672546,0.6093000173568726
YJL036W,YMR136W,0,0.7790665,0.106451615691185,0.7260000109672546,0.6093999743461609
YLR435W,YFR036W,0,0.7790533,0.10643600672483444,0.7260000109672546,0.609499990940094
YDR464W,YLR004C,0,0.7789982,0.10642040520906448,0.7260000109672546,0.6096000075340271
YDR385W,YMR091C,0,0.7787752,0.10640480369329453,0.7260000109672546,0.6097000241279602
YIL107C,YIL098C,0,0.7785726,0.10638921707868576,0.7260000109672546,0.6097999811172485
YBL002W,YKR095W-A,0,0.7784769,0.1063736230134964,0.7260000109672546,0.6098999977111816
YIL127C,YOR123C,0,0.77845323,0.10635804384946823,0.7260000109672546,0.6100000143051147
YOR317W,YNL267W,1,0.7784484,0.10648894309997559,0.7269999980926514,0.6100000143051147
YOR101W,YIL011W,0,0.7784101,0.10647334158420563,0.7269999980926514,0.6100999712944031
YKL060C,YDL113C,0,0.7783988,0.10645775496959686,0.7269999980926514,0.6101999878883362
YKL145W,YNL021W,0,0.77836573,0.1064421683549881,0.7269999980926514,0.6103000044822693
YJL005W,YAL033W,0,0.77831054,0.10642658174037933,0.7269999980926514,0.6104000210762024
YLR026C,YOL075C,0,0.77830106,0.10641101002693176,0.7269999980926514,0.6104999780654907
YDR450W,YBR088C,0,0.77815646,0.1063954308629036,0.7269999980926514,0.6105999946594238
YOL130W,YDR471W,0,0.7779388,0.10637986660003662,0.7269999980926514,0.6107000112533569
YPL237W,YGR059W,0,0.7777336,0.10636430233716965,0.7269999980926514,0.61080002784729
YGL020C,YPL036W,0,0.7774871,0.10634874552488327,0.7269999980926514,0.6108999848365784
YPL163C,YGR084C,0,0.77720416,0.1063331887125969,0.7269999980926514,0.6110000014305115
YNL021W,YGL169W,0,0.77668256,0.10631763935089111,0.7269999980926514,0.6111000180244446
YNL175C,YJL093C,0,0.77648544,0.10630208998918533,0.7269999980926514,0.6111999750137329
YNR044W,YHR108W,0,0.7763796,0.10628654807806015,0.7269999980926514,0.611299991607666
YGL226C-A,YIL119C,0,0.7763623,0.10627101361751556,0.7269999980926514,0.6114000082015991
YAL051W,YHR007C,1,0.7761499,0.10640163719654083,0.7279999852180481,0.6114000082015991
YKR046C,YHR079C-A,0,0.7760551,0.10638608783483505,0.7279999852180481,0.6115000247955322
YNL241C,YBR294W,0,0.776044,0.10637054592370987,0.7279999852180481,0.6115999817848206
YLR355C,YHR211W,0,0.7759301,0.10635500401258469,0.7279999852180481,0.6116999983787537
YPL236C,YJL036W,0,0.7758487,0.1063394695520401,0.7279999852180481,0.6118000149726868
YBR172C,YNL222W,0,0.77583295,0.10632393509149551,0.7279999852180481,0.6118999719619751
YLR340W,YMR286W,0,0.7752506,0.10630840808153152,0.7279999852180481,0.6119999885559082
YOL113W,YGL158W,0,0.7752137,0.10629288852214813,0.7279999852180481,0.6121000051498413
YDL084W,YHR034C,0,0.7750051,0.10627736896276474,0.7279999852180481,0.6122000217437744
YMR105C,YOR260W,0,0.7748753,0.10626185685396194,0.7279999852180481,0.6122999787330627
YOL111C,YPR060C,0,0.7746515,0.10624635219573975,0.7279999852180481,0.6123999953269958
YKR068C,YOR272W,0,0.77452236,0.10623084753751755,0.7279999852180481,0.612500011920929
YBR065C,YER055C,0,0.7744122,0.10621535032987595,0.7279999852180481,0.6126000285148621
YOR095C,YFR047C,0,0.7743979,0.10619985312223434,0.7279999852180481,0.6126999855041504
YGL077C,YCL016C,0,0.77439046,0.10618436336517334,0.7279999852180481,0.6128000020980835
YEL020W-A,YMR156C,0,0.7743382,0.10616888105869293,0.7279999852180481,0.6129000186920166
YEL020W-A,YBR115C,0,0.7742348,0.10615339875221252,0.7279999852180481,0.6129999756813049
YHR185C,YOR229W,0,0.77417725,0.10613792389631271,0.7279999852180481,0.613099992275238
YMR059W,YFR047C,0,0.7741316,0.1061224490404129,0.7279999852180481,0.6132000088691711
YJR055W,YPL241C,0,0.77391756,0.10610698163509369,0.7279999852180481,0.6133000254631042
YNR053C,YPL259C,0,0.77352524,0.10609152168035507,0.7279999852180481,0.6133999824523926
YGL028C,YCR043C,0,0.7733174,0.10607606172561646,0.7279999852180481,0.6134999990463257
YCL048W,YER014C-A,0,0.77328795,0.10606060922145844,0.7279999852180481,0.6136000156402588
YMR186W,YPL047W,0,0.7731134,0.10604515671730042,0.7279999852180481,0.6136999726295471
YIL018W,YDR007W,0,0.7729176,0.10602971166372299,0.7279999852180481,0.6137999892234802
YML126C,YHR039C,1,0.772759,0.10615989565849304,0.7289999723434448,0.6137999892234802
YBR186W,YHR128W,0,0.7726987,0.10614443570375443,0.7289999723434448,0.6139000058174133
YIL154C,YER014W,0,0.7726553,0.1061289831995964,0.7289999723434448,0.6140000224113464
YPL126W,YCL024W,0,0.77258474,0.10611353814601898,0.7289999723434448,0.6140999794006348
YML016C,YJR150C,0,0.772243,0.10609809309244156,0.7289999723434448,0.6141999959945679
YPL126W,YKR049C,0,0.7721588,0.10608265548944473,0.7289999723434448,0.614300012588501
YIL069C,YOR078W,0,0.77164596,0.1060672178864479,0.7289999723434448,0.6144000291824341
YIR032C,YFR040W,0,0.7714992,0.10605178773403168,0.7289999723434448,0.6144999861717224
YDL077C,YOR301W,0,0.7712988,0.10603636503219604,0.7289999723434448,0.6146000027656555
YGL115W,YCR091W,0,0.77128386,0.10602094233036041,0.7289999723434448,0.6147000193595886
YIR032C,YGL063W,0,0.7712487,0.10600552707910538,0.7289999723434448,0.614799976348877
YIL173W,YMR195W,0,0.77091503,0.10599011182785034,0.7289999723434448,0.6148999929428101
YDR147W,YPR128C,1,0.77086616,0.10612007230520248,0.7300000190734863,0.6148999929428101
YKR044W,YJL078C,0,0.77082914,0.10610464960336685,0.7300000190734863,0.6150000095367432
YGR065C,YPL196W,0,0.77066046,0.10608923435211182,0.7300000190734863,0.6151000261306763
YPR138C,YFL062W,0,0.77054447,0.10607381910085678,0.7300000190734863,0.6151999831199646
YHR209W,YIL147C,0,0.7698793,0.10605840384960175,0.7300000190734863,0.6152999997138977
YNL297C,YPR137W,0,0.76932985,0.10604299604892731,0.7300000190734863,0.6154000163078308
YGL023C,YDL061C,0,0.7690883,0.10602759569883347,0.7300000190734863,0.6154999732971191
YHR074W,YLR151C,0,0.7690107,0.10601219534873962,0.7300000190734863,0.6155999898910522
YNL302C,YOR123C,0,0.76891893,0.10599680244922638,0.7300000190734863,0.6157000064849854
YGR152C,YIR008C,0,0.76886594,0.10598141700029373,0.7300000190734863,0.6158000230789185
YNL245C,YNL314W,0,0.7687367,0.10596603155136108,0.7300000190734863,0.6158999800682068
YIR005W,YEL060C,0,0.7685887,0.10595065355300903,0.7300000190734863,0.6159999966621399
YJL013C,YHL035C,0,0.76856786,0.10593527555465698,0.7300000190734863,0.616100013256073
YMR202W,YMR013C,1,0.76847214,0.10606500506401062,0.7310000061988831,0.616100013256073
YBR093C,YGR276C,0,0.7681921,0.10604961216449738,0.7310000061988831,0.6161999702453613
YHL050C,YHR194W,0,0.76818067,0.10603423416614532,0.7310000061988831,0.6162999868392944
YBR045C,YIL118W,0,0.7681335,0.10601885616779327,0.7310000061988831,0.6164000034332275
YCR012W,YNL103W,0,0.76786196,0.10600347816944122,0.7310000061988831,0.6165000200271606
YNL318C,YDL113C,0,0.7677857,0.10598810762166977,0.7310000061988831,0.616599977016449
YOL090W,YOR122C,0,0.7676271,0.10597274452447891,0.7310000061988831,0.6166999936103821
YDR180W,YDR345C,0,0.7675135,0.10595738142728806,0.7310000061988831,0.6168000102043152
YOL039W,YLR377C,0,0.7674335,0.1059420257806778,0.7310000061988831,0.6169000267982483
YPL167C,YBR149W,0,0.76725566,0.10592667758464813,0.7310000061988831,0.6169999837875366
YKL209C,YNL186W,0,0.7671327,0.10591132938861847,0.7310000061988831,0.6171000003814697
YML071C,YGR118W,0,0.76679415,0.1058959886431694,0.7310000061988831,0.6172000169754028
YHL033C,YEL031W,0,0.76655054,0.10588064789772034,0.7310000061988831,0.6172999739646912
YJR063W,YER075C,0,0.7665082,0.10586531460285187,0.7310000061988831,0.6173999905586243
YGL047W,YML059C,1,0.76649684,0.10599479079246521,0.7319999933242798,0.6173999905586243
YBR079C,YOR128C,0,0.7664661,0.10597944259643555,0.7319999933242798,0.6175000071525574
YNL045W,YJR107W,1,0.76641095,0.10610885918140411,0.7329999804496765,0.6175000071525574
YFL057C,YMR033W,0,0.7662351,0.10609350353479385,0.7329999804496765,0.6176000237464905
YLR092W,YDL102W,0,0.76620466,0.1060781478881836,0.7329999804496765,0.6176999807357788
YMR077C,YJL012C,0,0.7660354,0.10606279969215393,0.7329999804496765,0.6177999973297119
YER011W,YGL048C,0,0.76591474,0.10604745149612427,0.7329999804496765,0.617900013923645
YLR249W,YDL202W,0,0.7658345,0.1060321107506752,0.7329999804496765,0.6179999709129333
YKL086W,YOR147W,0,0.7658002,0.10601677745580673,0.7329999804496765,0.6180999875068665
YGR090W,YDR212W,0,0.7657676,0.10600144416093826,0.7329999804496765,0.6182000041007996
YGR060W,YKL165C,1,0.7656443,0.10613071173429489,0.734000027179718,0.6182000041007996
YAR035W,YLR240W,1,0.7656081,0.10625994205474854,0.7350000143051147,0.6182000041007996
YER049W,YDL149W,0,0.7654851,0.10624457895755768,0.7350000143051147,0.6183000206947327
YOL101C,YER015W,1,0.7653249,0.10637375712394714,0.7360000014305115,0.6183000206947327
YGL166W,YJR161C,0,0.7650716,0.10635837912559509,0.7360000014305115,0.618399977684021
YNL075W,YOR007C,0,0.7647096,0.10634301602840424,0.7360000014305115,0.6184999942779541
YJL213W,YER060W-A,0,0.76453096,0.10632765293121338,0.7360000014305115,0.6186000108718872
YOR033C,YGR249W,0,0.7644014,0.10631228983402252,0.7360000014305115,0.6187000274658203
YPR010C,YNL239W,0,0.76434857,0.10629694163799286,0.7360000014305115,0.6187999844551086
YER177W,YNL132W,0,0.7641865,0.1062815859913826,0.7360000014305115,0.6189000010490417
YPR127W,YBR034C,0,0.7641507,0.10626624524593353,0.7360000014305115,0.6190000176429749
YOR089C,YJL059W,0,0.76388794,0.10625090450048447,0.7360000014305115,0.6190999746322632
YDR004W,YJR048W,0,0.7637694,0.1062355637550354,0.7360000014305115,0.6191999912261963
YLL041C,YFR042W,0,0.7637647,0.10622023046016693,0.7360000014305115,0.6193000078201294
YPR082C,YML024W,0,0.7636868,0.10620490461587906,0.7360000014305115,0.6194000244140625
YLR056W,YNR030W,1,0.76363117,0.10633385926485062,0.7369999885559082,0.6194000244140625
YMR115W,YKL069W,0,0.76354414,0.10631852596998215,0.7369999885559082,0.6194999814033508
YOR074C,YBR181C,0,0.76352495,0.10630318522453308,0.7369999885559082,0.6195999979972839
YNL110C,YPL225W,0,0.7632156,0.10628785938024521,0.7369999885559082,0.619700014591217
YKR095W,YDR314C,0,0.7629612,0.10627253353595734,0.7369999885559082,0.6197999715805054
YGR020C,YCR063W,0,0.76288176,0.10625720769166946,0.7369999885559082,0.6198999881744385
YBR118W,YKR007W,0,0.76269585,0.10624188929796219,0.7369999885559082,0.6200000047683716
YMR047C,YPL248C,0,0.762631,0.10622657835483551,0.7369999885559082,0.6201000213623047
YBR039W,YHL028W,0,0.7626253,0.10621126741170883,0.7369999885559082,0.620199978351593
YKL107W,YJR140C,0,0.76240134,0.10619596391916275,0.7369999885559082,0.6202999949455261
YKR056W,YNL041C,0,0.7621671,0.10618066787719727,0.7369999885559082,0.6204000115394592
YBR074W,YGR059W,0,0.76207244,0.10616537183523178,0.7369999885559082,0.6205000281333923
YOR018W,YML100W,0,0.76197135,0.1061500757932663,0.7369999885559082,0.6205999851226807
YHL011C,YBR133C,0,0.7618367,0.106134794652462,0.7369999885559082,0.6207000017166138
YNL182C,YMR087W,0,0.76180273,0.10611951351165771,0.7369999885559082,0.6208000183105469
YOR253W,YLR274W,0,0.7616571,0.10610423237085342,0.7369999885559082,0.6208999752998352
YDR441C,YLR408C,0,0.7615352,0.10608895868062973,0.7369999885559082,0.6209999918937683
YLR447C,YGL240W,0,0.7613177,0.10607369244098663,0.7369999885559082,0.6211000084877014
YGR023W,YGR282C,0,0.7611597,0.10605842620134354,0.7369999885559082,0.6212000250816345
YPL093W,YER123W,0,0.7611055,0.10604316741228104,0.7369999885559082,0.6212999820709229
YHR197W,YNL097C,0,0.7610858,0.10602790862321854,0.7369999885559082,0.621399998664856
YOR128C,YAL060W,0,0.7610457,0.10601265728473663,0.7369999885559082,0.6215000152587891
YLR345W,YJR132W,0,0.7609958,0.10599741339683533,0.7369999885559082,0.6215999722480774
YGR284C,YLR319C,0,0.7609859,0.10598216950893402,0.7369999885559082,0.6216999888420105
YLR051C,YNR051C,0,0.7606366,0.10596693307161331,0.7369999885559082,0.6218000054359436
YML001W,YDR365C,0,0.7606303,0.1059516966342926,0.7369999885559082,0.6219000220298767
YDR026C,YLR035C,0,0.76056015,0.10593646764755249,0.7369999885559082,0.621999979019165
YLR017W,YMR104C,0,0.7603446,0.10592123866081238,0.7369999885559082,0.6220999956130981
YLR342W,YKL166C,0,0.7603132,0.10590602457523346,0.7369999885559082,0.6222000122070312
YPL227C,YLL010C,0,0.76029515,0.10589080303907394,0.7369999885559082,0.6223000288009644
YDL046W,YDR348C,0,0.7601581,0.10587558895349503,0.7369999885559082,0.6223999857902527
YCR023C,YGR113W,0,0.76014626,0.1058603823184967,0.7369999885559082,0.6225000023841858
YOR273C,YPL138C,0,0.76014155,0.10584518313407898,0.7369999885559082,0.6226000189781189
YJR031C,YOL059W,0,0.76006526,0.10582998394966125,0.7369999885559082,0.6226999759674072
YKL048C,YGL077C,0,0.7599188,0.10581478476524353,0.7369999885559082,0.6227999925613403
YDR165W,YDR518W,0,0.7598658,0.105799600481987,0.7369999885559082,0.6229000091552734
YCL048W,YJL036W,0,0.75983673,0.10578440874814987,0.7369999885559082,0.6230000257492065
YHR169W,YDR140W,0,0.75981605,0.10576923191547394,0.7369999885559082,0.6230999827384949
YIL052C,YLR182W,0,0.7597719,0.105754055082798,0.7369999885559082,0.623199999332428
YPL266W,YLR011W,0,0.75974745,0.10573887825012207,0.7369999885559082,0.6233000159263611
YOR317W,YOR298W,1,0.7597422,0.1058671623468399,0.7379999756813049,0.6233000159263611
YOR180C,YOL151W,1,0.75943774,0.10599540919065475,0.7390000224113464,0.6233000159263611
YOR071C,YGR046W,0,0.7593846,0.10598021000623703,0.7390000224113464,0.6233999729156494
YKL175W,YBR186W,0,0.7591024,0.1059650108218193,0.7390000224113464,0.6234999895095825
YHR005C-A,YLR011W,0,0.7590936,0.10594981908798218,0.7390000224113464,0.6236000061035156
YDL025C,YDR296W,0,0.75901777,0.10593463480472565,0.7390000224113464,0.6237000226974487
YLR404W,YBL092W,0,0.75885636,0.10591945052146912,0.7390000224113464,0.6237999796867371
YNL245C,YPL273W,0,0.75848633,0.10590427368879318,0.7390000224113464,0.6238999962806702
YHR008C,YMR322C,0,0.75845194,0.10588909685611725,0.7390000224113464,0.6240000128746033
YKL099C,YMR291W,0,0.75837094,0.10587392747402191,0.7390000224113464,0.6241000294685364
YKL038W,YPL255W,0,0.7582167,0.10585875809192657,0.7390000224113464,0.6241999864578247
YBR118W,YML098W,0,0.75813717,0.10584359616041183,0.7390000224113464,0.6243000030517578
YLR153C,YBR057C,0,0.7580536,0.10582844167947769,0.7390000224113464,0.6244000196456909
YNL316C,YGR245C,0,0.75791883,0.10581328719854355,0.7390000224113464,0.6244999766349792
YOR192C,YLR066W,0,0.757901,0.10579814016819,0.7390000224113464,0.6245999932289124
YOR304W,YNL247W,0,0.75759894,0.10578299313783646,0.7390000224113464,0.6247000098228455
YKL149C,YMR291W,0,0.75724596,0.10576785355806351,0.7390000224113464,0.6248000264167786
YJL063C,YPL036W,0,0.7570345,0.10575272142887115,0.7390000224113464,0.6248999834060669
YOR064C,YKL163W,0,0.75672317,0.1057375892996788,0.7390000224113464,0.625
YNR049C,YAL063C,0,0.75665456,0.10572245717048645,0.7390000224113464,0.6251000165939331
YPR185W,YHR128W,0,0.7566437,0.10570733994245529,0.7390000224113464,0.6251999735832214
YGR020C,YAL011W,0,0.7563724,0.10569222271442413,0.7390000224113464,0.6252999901771545
YOR048C,YPR164W,0,0.7563123,0.10567710548639297,0.7390000224113464,0.6254000067710876
YPL119C,YLR075W,0,0.7562056,0.10566199570894241,0.7390000224113464,0.6255000233650208
YOR081C,YKL182W,1,0.75602037,0.10578984767198563,0.7400000095367432,0.6255000233650208
YPR127W,YIR010W,0,0.75596887,0.10577473044395447,0.7400000095367432,0.6255999803543091
YBL079W,YDR415C,0,0.7559683,0.10575961321592331,0.7400000095367432,0.6256999969482422
YDL247W,YMR195W,0,0.75593734,0.10574449598789215,0.7400000095367432,0.6258000135421753
YJL004C,YGL104C,0,0.7557249,0.10572938621044159,0.7400000095367432,0.6258999705314636
YKR092C,YDR260C,0,0.75554,0.10571428388357162,0.7400000095367432,0.6259999871253967
YML081W,YOR324C,0,0.7554186,0.10569918900728226,0.7400000095367432,0.6261000037193298
YGR177C,YDR284C,1,0.7553823,0.10582690685987473,0.7409999966621399,0.6261000037193298
YBR145W,YNL297C,0,0.7551758,0.10581179708242416,0.7409999966621399,0.6262000203132629
YER090W,YBL018C,0,0.7550979,0.1057966873049736,0.7409999966621399,0.6262999773025513
YOR159C,YLR042C,0,0.75503665,0.10578158497810364,0.7409999966621399,0.6263999938964844
YOL098C,YLR299W,0,0.75490075,0.10576648265123367,0.7409999966621399,0.6265000104904175
YER065C,YKL027W,0,0.7548644,0.1057513877749443,0.7409999966621399,0.6266000270843506
YLL012W,YER125W,1,0.75482553,0.10587899386882782,0.7419999837875366,0.6266000270843506
YEL037C,YMR229C,0,0.75469285,0.10586389154195786,0.7419999837875366,0.6266999840736389
YLR466W,YDR382W,0,0.75459194,0.10584878921508789,0.7419999837875366,0.626800000667572
YDR030C,YER100W,0,0.7545708,0.10583368688821793,0.7419999837875366,0.6269000172615051
YMR232W,YPR083W,0,0.75454473,0.10581859946250916,0.7419999837875366,0.6269999742507935
YKR099W,YBR107C,0,0.7545391,0.10580350458621979,0.7419999837875366,0.6270999908447266
YKL191W,YML118W,0,0.7543542,0.10578842461109161,0.7419999837875366,0.6272000074386597
YJL047C,YHR035W,0,0.7542065,0.10577334463596344,0.7419999837875366,0.6273000240325928
YGR059W,YCR089W,0,0.75420487,0.10575826466083527,0.7419999837875366,0.6273999810218811
YLR223C,YDL064W,0,0.75415784,0.10574319213628769,0.7419999837875366,0.6274999976158142
YPR104C,YDL022W,0,0.75411576,0.10572812706232071,0.7419999837875366,0.6276000142097473
YPR107C,YPR052C,0,0.75411457,0.10571306198835373,0.7419999837875366,0.6276999711990356
YPR002W,YOR002W,1,0.7541037,0.10584045946598053,0.7429999709129333,0.6276999711990356
YGL011C,YOR202W,0,0.75391227,0.10582537949085236,0.7429999709129333,0.6277999877929688
YCR028C-A,YMR172W,0,0.75379044,0.10581030696630478,0.7429999709129333,0.6279000043869019
YPL215W,YJR070C,0,0.7535538,0.1057952418923378,0.7429999709129333,0.628000020980835
YGL189C,YDR176W,0,0.75355065,0.10578018426895142,0.7429999709129333,0.6280999779701233
YML081W,YIL121W,0,0.7535054,0.10576512664556503,0.7429999709129333,0.6281999945640564
YGR186W,YBR145W,0,0.753473,0.10575006902217865,0.7429999709129333,0.6283000111579895
YDR519W,YGR296W,0,0.7533707,0.10573501884937286,0.7429999709129333,0.6284000277519226
YBL080C,YCR021C,0,0.75318485,0.10571997612714767,0.7429999709129333,0.6284999847412109
YJL026W,YML127W,0,0.7531378,0.10570493340492249,0.7429999709129333,0.628600001335144
YNL294C,YGL077C,0,0.75285834,0.1056898981332779,0.7429999709129333,0.6287000179290771
YHR057C,YLR355C,0,0.7527404,0.1056748703122139,0.7429999709129333,0.6287999749183655
YLL012W,YPR006C,1,0.7527159,0.10580204427242279,0.7440000176429749,0.6287999749183655
YPR124W,YNL279W,0,0.7526787,0.1057870015501976,0.7440000176429749,0.6288999915122986
YGL047W,YHR073W,1,0.75248533,0.10591413080692291,0.7450000047683716,0.6288999915122986
YDL119C,YMR164C,0,0.7524592,0.10589907318353653,0.7450000047683716,0.6290000081062317
YPR165W,YJL060W,0,0.7524451,0.10588402301073074,0.7450000047683716,0.6291000247001648
YPR001W,YML059C,1,0.7523064,0.10601108521223068,0.7459999918937683,0.6291000247001648
YPL140C,YLR225C,0,0.7519626,0.1059960201382637,0.7459999918937683,0.6291999816894531
YHR019C,YER081W,0,0.7519439,0.10598096251487732,0.7459999918937683,0.6292999982833862
YNL182C,YDR306C,0,0.7518446,0.10596591234207153,0.7459999918937683,0.6294000148773193
YLR233C,YNL164C,0,0.7518069,0.10595086216926575,0.7459999918937683,0.6294999718666077
YKR056W,YMR251W-A,0,0.7517459,0.10593581199645996,0.7459999918937683,0.6295999884605408
YMR113W,YMR169C,0,0.7517385,0.10592076927423477,0.7459999918937683,0.6297000050544739
YLR175W,YGR108W,0,0.75143886,0.10590573400259018,0.7459999918937683,0.629800021648407
YDR180W,YMR136W,0,0.7512942,0.10589070618152618,0.7459999918937683,0.6298999786376953
YJL117W,YIL107C,0,0.7512628,0.10587567090988159,0.7459999918937683,0.6299999952316284
YIL030C,YDR361C,0,0.751143,0.1058606505393982,0.7459999918937683,0.6301000118255615
YDR381W,YIL017C,0,0.75113624,0.1058456301689148,0.7459999918937683,0.6302000284194946
YMR145C,YJR063W,0,0.75094575,0.105830617249012,0.7459999918937683,0.630299985408783
YNL220W,YHR148W,0,0.7509163,0.10581560432910919,0.7459999918937683,0.6304000020027161
YDR346C,YHL015W,0,0.7508982,0.10580059885978699,0.7459999918937683,0.6305000185966492
YPR107C,YML130C,0,0.750879,0.10578559339046478,0.7459999918937683,0.6305999755859375
YJL014W,YDR314C,0,0.7507753,0.10577059537172318,0.7459999918937683,0.6306999921798706
YDR293C,YPL131W,0,0.7507267,0.10575559735298157,0.7459999918937683,0.6308000087738037
YLR060W,YKL203C,0,0.7507028,0.10574060678482056,0.7459999918937683,0.6309000253677368
YPL011C,YLL067C,0,0.75057477,0.10572562366724014,0.7459999918937683,0.6309999823570251
YDR512C,YPL280W,0,0.75057214,0.10571064054965973,0.7459999918937683,0.6310999989509583
YDR538W,YPL027W,0,0.75047153,0.10569566488265991,0.7459999918937683,0.6312000155448914
YJL141C,YGR118W,0,0.75036937,0.1056806892156601,0.7459999918937683,0.6312999725341797
YMR136W,YIL005W,0,0.75036263,0.10566572099924088,0.7459999918937683,0.6313999891281128
YOR071C,YBR243C,0,0.75029796,0.10565076023340225,0.7459999918937683,0.6315000057220459
YDR484W,YOR210W,0,0.75026757,0.10563579946756363,0.7459999918937683,0.631600022315979
YBL035C,YNL078W,0,0.7501865,0.105620838701725,0.7459999918937683,0.6316999793052673
YNL178W,YDR017C,0,0.750093,0.10560588538646698,0.7459999918937683,0.6317999958992004
YOR338W,YNL131W,0,0.75004655,0.10559093952178955,0.7459999918937683,0.6319000124931335
YHR128W,YGL058W,0,0.7500043,0.10557600110769272,0.7459999918937683,0.6320000290870667
YDL206W,YPL043W,0,0.74988157,0.10556105524301529,0.7459999918937683,0.632099986076355
YOR358W,YOR027W,0,0.7497875,0.10554612427949905,0.7459999918937683,0.6322000026702881
YNL073W,YLR131C,0,0.7491686,0.10553119331598282,0.7459999918937683,0.6323000192642212
YNL181W,YML100W,0,0.748654,0.10551626235246658,0.7459999918937683,0.6323999762535095
YCL010C,YEL009C,0,0.74846286,0.10550134629011154,0.7459999918937683,0.6324999928474426
YGR152C,YNL233W,0,0.7483274,0.1054864227771759,0.7459999918937683,0.6326000094413757
YPR002W,YCR068W,1,0.74828297,0.10561289638280869,0.746999979019165,0.6326000094413757
YMR205C,YBR019C,0,0.7480996,0.10559796541929245,0.746999979019165,0.6327000260353088
YJL200C,YPR141C,0,0.7478747,0.10558304190635681,0.746999979019165,0.6327999830245972
YIL122W,YIL148W,0,0.74779683,0.10556811839342117,0.746999979019165,0.6328999996185303
YLR382C,YPR190C,0,0.7476397,0.10555320233106613,0.746999979019165,0.6330000162124634
YPL274W,YLR367W,0,0.7474647,0.10553828626871109,0.746999979019165,0.6330999732017517
YAL060W,YLL005C,0,0.74726534,0.10552337765693665,0.746999979019165,0.6331999897956848
YJR105W,YKL012W,0,0.74723387,0.1055084764957428,0.746999979019165,0.6333000063896179
YLR187W,YLR222C,0,0.7466682,0.10549357533454895,0.746999979019165,0.633400022983551
YOR126C,YOR237W,1,0.74616367,0.1056198850274086,0.7480000257492065,0.633400022983551
YIL002C,YDR213W,1,0.74606526,0.10574615001678467,0.7490000128746033,0.633400022983551
YIL010W,YMR114C,0,0.7459613,0.10573122650384903,0.7490000128746033,0.6334999799728394
YDR403W,YLL039C,0,0.74590695,0.10571630299091339,0.7490000128746033,0.6335999965667725
YJL167W,YBR161W,1,0.74567944,0.10584250837564468,0.75,0.6335999965667725
YBR061C,YBR181C,0,0.745427,0.10582756996154785,0.75,0.6337000131607056
YCL033C,YOR227W,0,0.74524236,0.10581263899803162,0.75,0.6338000297546387
YOR243C,YPL164C,0,0.74522924,0.10579771548509598,0.75,0.633899986743927
YGL226C-A,YBL009W,0,0.7450056,0.10578279197216034,0.75,0.6340000033378601
YBR154C,YPL225W,0,0.744871,0.1057678759098053,0.75,0.6341000199317932
YKR022C,YBR187W,0,0.7448225,0.10575295984745026,0.75,0.6341999769210815
YMR263W,YIR013C,0,0.74468964,0.10573805123567581,0.75,0.6342999935150146
YEL036C,YJR095W,0,0.7445934,0.10572314262390137,0.75,0.6344000101089478
YGR205W,YGR145W,0,0.7444945,0.10570824891328812,0.75,0.6345000267028809
YNR026C,YNR002C,0,0.7443072,0.10569334775209427,0.75,0.6345999836921692
YBL041W,YMR049C,0,0.74426585,0.10567845404148102,0.75,0.6347000002861023
YEL041W,YNL137C,0,0.7442026,0.10566356778144836,0.75,0.6348000168800354
YDR072C,YHL003C,1,0.7441994,0.10578954964876175,0.7509999871253967,0.6348000168800354
YER015W,YGR175C,1,0.7441378,0.10591549426317215,0.7519999742507935,0.6348000168800354
YDR406W,YEL036C,0,0.7441051,0.10590057820081711,0.7519999742507935,0.6348999738693237
YMR304W,YGL103W,0,0.744023,0.10588566958904266,0.7519999742507935,0.6349999904632568
YNL220W,YKR027W,0,0.7439209,0.10587076097726822,0.7519999742507935,0.6351000070571899
YLR361C,YAL061W,0,0.7436484,0.10585585236549377,0.7519999742507935,0.635200023651123
YEL009C,YJR034W,0,0.7436432,0.10584095865488052,0.7519999742507935,0.6352999806404114
YNL008C,YJL076W,0,0.7434156,0.10582606494426727,0.7519999742507935,0.6353999972343445
YAL051W,YKL008C,1,0.74337864,0.10595187544822693,0.753000020980835,0.6353999972343445
YLR285W,YKL096W,0,0.74322367,0.10593697428703308,0.753000020980835,0.6355000138282776
YKR092C,YLR005W,0,0.74318045,0.10592207312583923,0.753000020980835,0.6355999708175659
YMR093W,YJR123W,0,0.7429176,0.10590717196464539,0.753000020980835,0.635699987411499
YDR208W,YHR007C,1,0.7428705,0.10603290796279907,0.7540000081062317,0.635699987411499
YLR164W,YJL118W,0,0.74270374,0.10601799935102463,0.7540000081062317,0.6358000040054321
YCR024C-A,YPL212C,0,0.7426984,0.10600309073925018,0.7540000081062317,0.6359000205993652
YJR055W,YDL198C,0,0.7422941,0.10598818957805634,0.7540000081062317,0.6359999775886536
YKL139W,YGR125W,0,0.7422707,0.10597329586744308,0.7540000081062317,0.6360999941825867
YMR008C,YKL051W,1,0.7422282,0.10609893500804901,0.7549999952316284,0.6360999941825867
YGR208W,YOL076W,0,0.7422004,0.10608402639627457,0.7549999952316284,0.6362000107765198
YOR344C,YDR207C,0,0.7421948,0.10606911778450012,0.7549999952316284,0.6363000273704529
YGL027C,YEL053C,0,0.7421869,0.10605422407388687,0.7549999952316284,0.6363999843597412
YIL168W,YHL028W,0,0.7419491,0.10603932291269302,0.7549999952316284,0.6365000009536743
YLR009W,YOR285W,0,0.7416648,0.10602443665266037,0.7549999952316284,0.6366000175476074
YLR067C,YLR225C,0,0.74162644,0.10600955039262772,0.7549999952316284,0.6366999745368958
YFR021W,YCR057C,0,0.74146014,0.10599466413259506,0.7549999952316284,0.6367999911308289
YDL179W,YGR251W,0,0.74140143,0.105979785323143,0.7549999952316284,0.636900007724762
YNL053W,YPR191W,0,0.7413978,0.10596491396427155,0.7549999952316284,0.6370000243186951
YMR186W,YFR034C,0,0.7412982,0.10595004260540009,0.7549999952316284,0.6370999813079834
YJR109C,YKL001C,0,0.74119675,0.10593517869710922,0.7549999952316284,0.6371999979019165
YDR372C,YML039W,0,0.74117863,0.10592031478881836,0.7549999952316284,0.6373000144958496
YDR446W,YIL087C,0,0.74108136,0.1059054583311081,0.7549999952316284,0.6373999714851379
YBL005W,YFL053W,0,0.7409791,0.10589060187339783,0.7549999952316284,0.637499988079071
YHL011C,YGL124C,0,0.7408433,0.10587575286626816,0.7549999952316284,0.6376000046730042
YGR214W,YNL145W,0,0.74076134,0.10586091130971909,0.7549999952316284,0.6377000212669373
YLR411W,YLR368W,0,0.7406854,0.10584606975317001,0.7549999952316284,0.6377999782562256
YJR006W,YER130C,0,0.7405286,0.10583122819662094,0.7549999952316284,0.6378999948501587
YBR191W,YDR141C,0,0.7404788,0.10581640154123306,0.7549999952316284,0.6380000114440918
YDR204W,YOR020C,0,0.7403962,0.10580156743526459,0.7549999952316284,0.6381000280380249
YPR201W,YIL119C,0,0.7402411,0.1057867482304573,0.7549999952316284,0.6381999850273132
YMR160W,YHR187W,0,0.7400565,0.10577192157506943,0.7549999952316284,0.6383000016212463
YGR172C,YCL008C,0,0.73983634,0.10575710982084274,0.7549999952316284,0.6384000182151794
YHR178W,YBR021W,0,0.73973626,0.10574229806661606,0.7549999952316284,0.6384999752044678
YPL236C,YLR309C,0,0.7396272,0.10572748631238937,0.7549999952316284,0.6385999917984009
YKL045W,YMR250W,0,0.73923403,0.10571268200874329,0.7549999952316284,0.638700008392334
YNL138W,YNL176C,0,0.7390191,0.1056978851556778,0.7549999952316284,0.6388000249862671
YOR294W,YAL011W,0,0.7387487,0.1056830883026123,0.7549999952316284,0.6388999819755554
YGR134W,YLR013W,0,0.7385551,0.10566829890012741,0.7549999952316284,0.6389999985694885
YGR280C,YNR059W,0,0.7385376,0.10565350949764252,0.7549999952316284,0.6391000151634216
YAR031W,YNR046W,0,0.7383813,0.10563872754573822,0.7549999952316284,0.63919997215271
YBL051C,YPL037C,0,0.73829097,0.10562395304441452,0.7549999952316284,0.6392999887466431
YOR081C,YDR437W,1,0.7382904,0.10574905574321747,0.7559999823570251,0.6392999887466431
YOR334W,YLR216C,0,0.73826677,0.10573426634073257,0.7559999823570251,0.6394000053405762
YBL041W,YJR088C,0,0.73826134,0.10571947693824768,0.7559999823570251,0.6395000219345093
YMR049C,YDL134C,0,0.7379307,0.10570469498634338,0.7559999823570251,0.6395999789237976
YJR063W,YBR046C,0,0.73790663,0.10568992048501968,0.7559999823570251,0.6396999955177307
YLR153C,YAR027W,0,0.73775303,0.10567514598369598,0.7559999823570251,0.6398000121116638
YNL083W,YLL067C,0,0.7375951,0.10566037893295288,0.7559999823570251,0.6399000287055969
YJL180C,YLR466W,0,0.737508,0.10564561188220978,0.7559999823570251,0.6399999856948853
YKR095W-A,YLR384C,0,0.7372714,0.10563085228204727,0.7559999823570251,0.6401000022888184
YGR235C,YIL128W,0,0.73703295,0.10561609268188477,0.7559999823570251,0.6402000188827515
YDL142C,YDR444W,1,0.7369565,0.10574102401733398,0.7570000290870667,0.6402000188827515
YDR090C,YNL059C,0,0.73679864,0.10572625696659088,0.7570000290870667,0.6402999758720398
YDR131C,YGR109C,0,0.73664445,0.10571148991584778,0.7570000290870667,0.6403999924659729
YPL223C,YAL015C,0,0.73663014,0.10569673031568527,0.7570000290870667,0.640500009059906
YJR118C,YAL068C,0,0.7364271,0.10568197816610336,0.7570000290870667,0.6406000256538391
YDR369C,YGL027C,0,0.73633015,0.10566722601652145,0.7570000290870667,0.6406999826431274
YLR249W,YBL038W,0,0.7363143,0.10565247386693954,0.7570000290870667,0.6407999992370605
YPR105C,YHR032W,0,0.73614633,0.10563773661851883,0.7570000290870667,0.6409000158309937
YDR001C,YER046W,0,0.7361457,0.10562299191951752,0.7570000290870667,0.640999972820282
YPL122C,YLR426W,0,0.73593414,0.1056082621216774,0.7570000290870667,0.6410999894142151
YKR028W,YLR301W,0,0.73576176,0.10559352487325668,0.7570000290870667,0.6412000060081482
YKL119C,YPL200W,0,0.7357268,0.10557880252599716,0.7570000290870667,0.6413000226020813
YLR284C,YLR242C,1,0.7356342,0.10570352524518967,0.7580000162124634,0.6413000226020813
YDR471W,YHR009C,0,0.735605,0.10568878799676895,0.7580000162124634,0.6413999795913696
YNL045W,YLR088W,1,0.7353047,0.10581346601247787,0.7590000033378601,0.6413999795913696
YPR023C,YPL200W,0,0.73529017,0.10579872131347656,0.7590000033378601,0.6414999961853027
YML081W,YLL016W,0,0.73503596,0.10578396916389465,0.7590000033378601,0.6416000127792358
YLR295C,YDR146C,0,0.73500013,0.10576923191547394,0.7590000033378601,0.641700029373169
YPL249C,YGR012W,0,0.7347882,0.10575449466705322,0.7590000033378601,0.6417999863624573
YOL029C,YCR069W,0,0.734682,0.10573975741863251,0.7590000033378601,0.6419000029563904
YOL121C,YGL043W,0,0.73457044,0.10572502762079239,0.7590000033378601,0.6420000195503235
YLR336C,YNL067W,0,0.7344806,0.10571030527353287,0.7590000033378601,0.6420999765396118
YGR289C,YKL058W,0,0.734446,0.10569558292627335,0.7590000033378601,0.6421999931335449
YBR248C,YKR054C,0,0.73439914,0.10568086802959442,0.7590000033378601,0.642300009727478
YBR180W,YJL183W,0,0.7341655,0.1056661531329155,0.7590000033378601,0.6424000263214111
YPR091C,YPR079W,0,0.73408383,0.10565144568681717,0.7590000033378601,0.6424999833106995
YLL061W,YNR057C,0,0.73404837,0.10563674569129944,0.7590000033378601,0.6425999999046326
YNL094W,YBR079C,0,0.7339828,0.10562204569578171,0.7590000033378601,0.6427000164985657
YPL002C,YER165W,0,0.73395854,0.10560734570026398,0.7590000033378601,0.642799973487854
YLR274W,YIL121W,0,0.7337936,0.10559265315532684,0.7590000033378601,0.6428999900817871
YJL200C,YBR057C,0,0.73376817,0.1055779680609703,0.7590000033378601,0.6430000066757202
YJR137C,YKL093W,0,0.7335402,0.10556328296661377,0.7590000033378601,0.6431000232696533
YHR072W-A,YLR453C,0,0.7334483,0.10554860532283783,0.7590000033378601,0.6431999802589417
YLR210W,YLR367W,0,0.73324084,0.10553392767906189,0.7590000033378601,0.6432999968528748
YOR190W,YNR060W,0,0.7332016,0.10551925748586655,0.7590000033378601,0.6434000134468079
YDR500C,YOL089C,0,0.732914,0.1055045872926712,0.7590000033378601,0.6434999704360962
YMR081C,YIR003W,0,0.7328743,0.10548992455005646,0.7590000033378601,0.6435999870300293
YJR149W,YOR138C,0,0.7328705,0.10547526180744171,0.7590000033378601,0.6437000036239624
YNL231C,YBL091C-A,1,0.7328301,0.1055995523929596,0.7599999904632568,0.6437000036239624
YBL087C,YKL185W,0,0.7325359,0.10558488219976425,0.7599999904632568,0.6438000202178955
YBR093C,YDL024C,0,0.73227286,0.1055702194571495,0.7599999904632568,0.6438999772071838
YPL189W,YJR159W,0,0.73225045,0.10555555671453476,0.7599999904632568,0.6439999938011169
YKR006C,YNL066W,0,0.7317242,0.10554089397192001,0.7599999904632568,0.64410001039505
YHR139C,YGL016W,0,0.73141223,0.10552624613046646,0.7599999904632568,0.6442000269889832
YGL115W,YDL024C,0,0.73126614,0.10551159083843231,0.7599999904632568,0.6442999839782715
YDR255C,YNL095C,0,0.7310189,0.10549694299697876,0.7599999904632568,0.6444000005722046
YDR359C,YBR235W,0,0.7306363,0.1054823026061058,0.7599999904632568,0.6445000171661377
YBR191W,YOR252W,0,0.73048824,0.10546766221523285,0.7599999904632568,0.644599974155426
YPR055W,YEL009C,0,0.7304403,0.10545302927494049,0.7599999904632568,0.6446999907493591
YLL014W,YMR322C,0,0.73039335,0.10543840378522873,0.7599999904632568,0.6448000073432922
YPL152W,YKL054C,0,0.7303703,0.10542377829551697,0.7599999904632568,0.6449000239372253
YKR078W,YNL116W,0,0.7302322,0.1054091528058052,0.7599999904632568,0.6449999809265137
YGR090W,YOR073W,0,0.73022664,0.10539453476667404,0.7599999904632568,0.6450999975204468
YFR053C,YPL134C,0,0.7301138,0.10537992417812347,0.7599999904632568,0.6452000141143799
YPR145W,YDL010W,0,0.7298867,0.1053653135895729,0.7599999904632568,0.6452999711036682
YHL007C,YMR048W,0,0.7296932,0.10535071045160294,0.7599999904632568,0.6453999876976013
YNR030W,YNR019W,1,0.7295453,0.10547470301389694,0.7609999775886536,0.6453999876976013
YDR009W,YKR071C,0,0.72935474,0.10546008497476578,0.7609999775886536,0.6455000042915344
YNL002C,YPL158C,0,0.7293535,0.10544547438621521,0.7609999775886536,0.6456000208854675
YGL245W,YIL098C,0,0.7292508,0.10543086379766464,0.7609999775886536,0.6456999778747559
YOR284W,YBR196C,0,0.7292496,0.10541626065969467,0.7609999775886536,0.645799994468689
YER122C,YLL052C,0,0.72915125,0.1054016649723053,0.7609999775886536,0.6459000110626221
YKL190W,YOL158C,0,0.7289947,0.10538706183433533,0.7609999775886536,0.6460000276565552
YHR178W,YNL256W,0,0.72894335,0.10537247359752655,0.7609999775886536,0.6460999846458435
YMR118C,YNR033W,0,0.72870964,0.10535788536071777,0.7609999775886536,0.6462000012397766
YOL104C,YHR016C,0,0.7285871,0.105343297123909,0.7609999775886536,0.6463000178337097
YPR160W,YEL047C,0,0.7285428,0.10532871633768082,0.7609999775886536,0.646399974822998
YOR298C-A,YOR258W,0,0.7279737,0.10531414300203323,0.7609999775886536,0.6464999914169312
YLR389C,YNL178W,0,0.72797024,0.10529956966638565,0.7609999775886536,0.6466000080108643
YNL261W,YBR247C,0,0.7276389,0.10528500378131866,0.7609999775886536,0.6467000246047974
YKR102W,YOL061W,0,0.72742045,0.10527043789625168,0.7609999775886536,0.6467999815940857
YKR079C,YGR099W,0,0.7272201,0.10525587946176529,0.7609999775886536,0.6468999981880188
YJR019C,YNL111C,1,0.72690797,0.105379618704319,0.7620000243186951,0.6468999981880188
YFL023W,YDL097C,0,0.7267868,0.10536504536867142,0.7620000243186951,0.6470000147819519
YHR045W,YBR189W,0,0.7265215,0.10535047948360443,0.7620000243186951,0.6470999717712402
YAR042W,YHL020C,1,0.72650945,0.10547415167093277,0.7630000114440918,0.6470999717712402
YLR060W,YDR409W,0,0.72631854,0.10545957088470459,0.7630000114440918,0.6471999883651733
YOR059C,YLR372W,1,0.7258688,0.10558319836854935,0.7639999985694885,0.6471999883651733
YBR169C,YOR304C-A,0,0.72579885,0.10556860268115997,0.7639999985694885,0.6473000049591064
YHR005C-A,YKR034W,0,0.72572297,0.1055540218949318,0.7639999985694885,0.6474000215530396
YGL126W,YLR372W,1,0.72554845,0.10567758232355118,0.7649999856948853,0.6474000215530396
YCR086W,YIL094C,0,0.72545093,0.1056629866361618,0.7649999856948853,0.6474999785423279
YMR273C,YNL065W,0,0.7253561,0.10564839094877243,0.7649999856948853,0.647599995136261
YKR071C,YBR069C,0,0.7253343,0.10563380271196365,0.7649999856948853,0.6477000117301941
YGR109C,YGR081C,0,0.7252387,0.10561922192573547,0.7649999856948853,0.6478000283241272
YGL055W,YPL076W,1,0.7252316,0.1057426854968071,0.765999972820282,0.6478000283241272
YOR295W,YGL029W,0,0.7250502,0.10572808980941772,0.765999972820282,0.6478999853134155
YOR271C,YPL008W,0,0.7250106,0.10571349412202835,0.765999972820282,0.6480000019073486
YGR122W,YMR158W,0,0.7249633,0.10569891333580017,0.765999972820282,0.6481000185012817
YOR219C,YPL027W,0,0.7242947,0.1056843250989914,0.765999972820282,0.6481999754905701
YBL087C,YER058W,0,0.7241081,0.10566974431276321,0.765999972820282,0.6482999920845032
YPL280W,YBL046W,0,0.72398365,0.10565517097711563,0.765999972820282,0.6484000086784363
YGL096W,YKL027W,0,0.72394407,0.10564059764146805,0.765999972820282,0.6485000252723694
YGL076C,YNL261W,0,0.7237469,0.10562603175640106,0.765999972820282,0.6485999822616577
YKR013W,YKL022C,0,0.72370625,0.10561147332191467,0.765999972820282,0.6486999988555908
YFL038C,YGR277C,0,0.72368205,0.10559691488742828,0.765999972820282,0.6488000154495239
YPR183W,YLR305C,1,0.7235595,0.10572019219398499,0.7670000195503235,0.6488000154495239
YMR266W,YOL059W,0,0.72321,0.105705626308918,0.7670000195503235,0.6488999724388123
YHR202W,YHR166C,0,0.72317684,0.10569106042385101,0.7670000195503235,0.6489999890327454
YHR165C,YDR352W,0,0.7231004,0.10567649453878403,0.7670000195503235,0.6491000056266785
YGR282C,YMR074C,0,0.7230462,0.10566193610429764,0.7670000195503235,0.6492000222206116
YLL018C-A,YDR383C,0,0.7225928,0.10564738512039185,0.7670000195503235,0.6492999792098999
YOR303W,YIR021W,0,0.7223711,0.10563283413648605,0.7670000195503235,0.649399995803833
YMR054W,YDR307W,0,0.72197723,0.10561829060316086,0.7670000195503235,0.6495000123977661
YNL052W,YDR067C,0,0.72190267,0.10560374706983566,0.7670000195503235,0.6496000289916992
YDL083C,YNL229C,0,0.7214356,0.10558920353651047,0.7670000195503235,0.6496999859809875
YML133C,YJL030W,0,0.72125494,0.10557467490434647,0.7670000195503235,0.6498000025749207
YMR293C,YDR343C,0,0.72121435,0.10556014627218246,0.7670000195503235,0.6499000191688538
YGR225W,YOR157C,0,0.72075397,0.10554561764001846,0.7670000195503235,0.6499999761581421
YHR062C,YKL139W,0,0.72069454,0.10553109645843506,0.7670000195503235,0.6500999927520752
YDR186C,YGL243W,0,0.7206453,0.10551657527685165,0.7670000195503235,0.6502000093460083
YGR122W,YER078C,0,0.7206125,0.10550206154584885,0.7670000195503235,0.6503000259399414
YIR035C,YKL148C,0,0.72053325,0.10548755526542664,0.7670000195503235,0.6503999829292297
YNL202W,YDR062W,1,0.72052383,0.10561056435108185,0.7680000066757202,0.6503999829292297
YMR153W,YMR074C,0,0.7203512,0.10559604316949844,0.7680000066757202,0.6504999995231628
YCL026C-A,YKL008C,1,0.720217,0.10571900010108948,0.7689999938011169,0.6504999995231628
YJR127C,YMR190C,0,0.72020847,0.10570446401834488,0.7689999938011169,0.650600016117096
YHR179W,YER032W,0,0.71995044,0.10568994283676147,0.7689999938011169,0.6506999731063843
YDL044C,YKR080W,0,0.7197116,0.10567541420459747,0.7689999938011169,0.6507999897003174
YIL139C,YCL030C,0,0.7195302,0.10566089302301407,0.7689999938011169,0.6509000062942505
YLR249W,YER014C-A,0,0.71938485,0.10564637929201126,0.7689999938011169,0.6510000228881836
YNL161W,YGR125W,0,0.71934843,0.10563186556100845,0.7689999938011169,0.6510999798774719
YGR215W,YJR047C,0,0.71928805,0.10561735928058624,0.7689999938011169,0.651199996471405
YAL054C,YJR052W,0,0.7190825,0.10560285300016403,0.7689999938011169,0.6513000130653381
YLR039C,YGR020C,0,0.7189769,0.10558835417032242,0.7689999938011169,0.6514000296592712
YFL021W,YFR036W,0,0.71878034,0.1055738627910614,0.7689999938011169,0.6514999866485596
YNR026C,YDL227C,0,0.71867704,0.10555937141180038,0.7689999938011169,0.6516000032424927
YLR321C,YML030W,0,0.718673,0.10554488003253937,0.7689999938011169,0.6517000198364258
YJR149W,YBR060C,0,0.7185776,0.10553039610385895,0.7689999938011169,0.6517999768257141
YBL102W,YCL005W-A,0,0.7185563,0.10551591962575912,0.7689999938011169,0.6518999934196472
YPL189W,YGL016W,0,0.71846586,0.1055014431476593,0.7689999938011169,0.6520000100135803
YOR210W,YKR039W,0,0.71837646,0.10548696666955948,0.7689999938011169,0.6521000266075134
YDL104C,YJR109C,0,0.7182979,0.10547249764204025,0.7689999938011169,0.6521999835968018
YOL135C,YMR319C,0,0.7182887,0.10545803606510162,0.7689999938011169,0.6523000001907349
YKR024C,YOL044W,0,0.7182514,0.105443574488163,0.7689999938011169,0.652400016784668
YPL170W,YPL069C,1,0.7181501,0.10556621849536896,0.7699999809265137,0.652400016784668
YIL127C,YPL156C,0,0.7181354,0.10555174946784973,0.7699999809265137,0.6524999737739563
YIL110W,YKL163W,0,0.71807855,0.1055372804403305,0.7699999809265137,0.6525999903678894
YBR038W,YKR042W,0,0.7179774,0.10552281886339188,0.7699999809265137,0.6527000069618225
YFR049W,YBR111W-A,0,0.7179007,0.10550835728645325,0.7699999809265137,0.6528000235557556
YDR371W,YPL158C,0,0.7177597,0.10549390316009521,0.7699999809265137,0.652899980545044
YNR038W,YPL198W,0,0.71775776,0.10547944903373718,0.7699999809265137,0.652999997138977
YMR058W,YMR019W,0,0.71747935,0.10546500235795975,0.7699999809265137,0.6531000137329102
YDR257C,YDR109C,0,0.71720904,0.10545056313276291,0.7699999809265137,0.6531999707221985
YKR007W,YGL103W,0,0.71719325,0.10543612390756607,0.7699999809265137,0.6532999873161316
YPR169W,YJR053W,0,0.7171792,0.10542168468236923,0.7699999809265137,0.6534000039100647
YIL091C,YLR259C,0,0.717015,0.10540725290775299,0.7699999809265137,0.6535000205039978
YDR429C,YDR205W,0,0.7169716,0.10539282858371735,0.7699999809265137,0.6535999774932861
YLL054C,YDL207W,0,0.71696955,0.1053784042596817,0.7699999809265137,0.6536999940872192
YPR030W,YNL078W,0,0.71682096,0.10536398738622665,0.7699999809265137,0.6538000106811523
YBR003W,YAR035W,1,0.7166342,0.10548638552427292,0.7710000276565552,0.6538000106811523
YHL033C,YPL178W,0,0.71662706,0.10547195374965668,0.7710000276565552,0.6539000272750854
YBL068W,YHR018C,0,0.7166032,0.10545752942562103,0.7710000276565552,0.6539999842643738
YOR320C,YJR054W,0,0.71646875,0.10544310510158539,0.7710000276565552,0.6541000008583069
YDL055C,YPR154W,0,0.7163429,0.10542868822813034,0.7710000276565552,0.65420001745224
YNL062C,YOR068C,0,0.71617687,0.10541427135467529,0.7710000276565552,0.6542999744415283
YGL256W,YBR077C,0,0.71608007,0.10539986193180084,0.7710000276565552,0.6543999910354614
YDL106C,YER003C,0,0.71589434,0.10538545995950699,0.7710000276565552,0.6545000076293945
YNR002C,YDL022W,0,0.71586764,0.10537105053663254,0.7710000276565552,0.6546000242233276
YGR289C,YDR160W,0,0.7158099,0.10535665601491928,0.7710000276565552,0.654699981212616
YPR185W,YHR032W,0,0.7157806,0.10534226149320602,0.7710000276565552,0.6547999978065491
YMR160W,YIR026C,0,0.7156111,0.10532786697149277,0.7710000276565552,0.6549000144004822
YDR073W,YJL114W,0,0.715535,0.10531347990036011,0.7710000276565552,0.6549999713897705
YOR344C,YNL160W,0,0.71545124,0.10529910027980804,0.7710000276565552,0.6550999879837036
YOL144W,YKL163W,0,0.71525323,0.10528472065925598,0.7710000276565552,0.6552000045776367
YOR267C,YPR190C,0,0.7151618,0.10527034103870392,0.7710000276565552,0.6553000211715698
YPR001W,YHR042W,1,0.7148825,0.10539249330759048,0.7720000147819519,0.6553000211715698
YDR406W,YMR269W,0,0.7148058,0.10537810623645782,0.7720000147819519,0.6553999781608582
YCR018C,YNL030W,0,0.71471596,0.10536372661590576,0.7720000147819519,0.6554999947547913
YIL091C,YDR438W,0,0.71452534,0.1053493469953537,0.7720000147819519,0.6556000113487244
YDL061C,YNL197C,0,0.71443963,0.10533496737480164,0.7720000147819519,0.6557000279426575
YKL016C,YLR197W,0,0.7143536,0.10532060265541077,0.7720000147819519,0.6557999849319458
YOR317W,YHR039C,1,0.7141622,0.10544264316558838,0.7730000019073486,0.6557999849319458
YKR077W,YGL085W,0,0.71415037,0.10542825609445572,0.7730000019073486,0.6559000015258789
YMR024W,YEL041W,0,0.71404284,0.10541388392448425,0.7730000019073486,0.656000018119812
YKL129C,YLR150W,0,0.7138361,0.10539951175451279,0.7730000019073486,0.6560999751091003
YML008C,YOR100C,1,0.7137783,0.10552147030830383,0.7739999890327454,0.6560999751091003
YHR042W,YPL120W,1,0.7137404,0.10564339905977249,0.7749999761581421,0.6560999751091003
YGR221C,YDR237W,0,0.7137184,0.10562900453805923,0.7749999761581421,0.6561999917030334
YKL196C,YER060W-A,0,0.7136,0.10561461001634598,0.7749999761581421,0.6563000082969666
YKL020C,YDR444W,1,0.7135361,0.10573647916316986,0.7760000228881836,0.6563000082969666
YER144C,YPL030W,0,0.713536,0.10572206974029541,0.7760000228881836,0.6564000248908997
YDR339C,YOL017W,0,0.7132221,0.10570766776800156,0.7760000228881836,0.656499981880188
YNL190W,YJL177W,0,0.7132167,0.1056932732462883,0.7760000228881836,0.6565999984741211
YNL045W,YCL052C,1,0.71317506,0.10581506043672562,0.7770000100135803,0.6565999984741211
YOL091W,YDR087C,0,0.7131361,0.10580065101385117,0.7770000100135803,0.6567000150680542
YER073W,YPR201W,0,0.7130748,0.10578624904155731,0.7770000100135803,0.6567999720573425
YJR132W,YOL026C,0,0.7130202,0.10577184706926346,0.7770000100135803,0.6568999886512756
YPR003C,YBL016W,0,0.7127634,0.1057574525475502,0.7770000100135803,0.6570000052452087
YDR489W,YPL196W,0,0.71273404,0.10574305802583694,0.7770000100135803,0.6571000218391418
YIR039C,YDL213C,0,0.7127238,0.10572867095470428,0.7770000100135803,0.6571999788284302
YGR235C,YER103W,0,0.7127196,0.10571428388357162,0.7770000100135803,0.6572999954223633
YJL014W,YIL120W,0,0.71263474,0.10569990426301956,0.7770000100135803,0.6574000120162964
YJR127C,YLR447C,0,0.712576,0.1056855246424675,0.7770000100135803,0.6575000286102295
YJL082W,YNL002C,0,0.71255875,0.10567115247249603,0.7770000100135803,0.6575999855995178
YNL182C,YMR173W,0,0.7124273,0.10565678775310516,0.7770000100135803,0.6577000021934509
YMR213W,YNL044W,0,0.71204346,0.1056424230337143,0.7770000100135803,0.657800018787384
YHR214W,YIL011W,0,0.7120066,0.10562805831432343,0.7770000100135803,0.6578999757766724
YCL026C-A,YER005W,1,0.711901,0.10574962943792343,0.777999997138977,0.6578999757766724
YJR102C,YJR120W,0,0.71187484,0.10573525726795197,0.777999997138977,0.6579999923706055
YLR089C,YLR275W,0,0.71186686,0.1057208850979805,0.777999997138977,0.6581000089645386
YGR185C,YEL011W,0,0.7118526,0.10570652037858963,0.777999997138977,0.6582000255584717
YOR189W,YLR224W,0,0.7117031,0.10569216310977936,0.777999997138977,0.65829998254776
YCL005W-A,YLR208W,0,0.711525,0.10567780584096909,0.777999997138977,0.6583999991416931
YPL119C,YPL188W,0,0.7113979,0.10566345602273941,0.777999997138977,0.6585000157356262
YLR064W,YNL173C,0,0.71136665,0.10564910620450974,0.777999997138977,0.6585999727249146
YMR323W,YOL107W,0,0.7112792,0.10563475638628006,0.777999997138977,0.6586999893188477
YDR210W,YPL029W,0,0.7112674,0.10562042146921158,0.777999997138977,0.6588000059127808
YJR137C,YFR047C,0,0.7112319,0.1056060791015625,0.777999997138977,0.6589000225067139
YLL061W,YGL200C,0,0.71117,0.10559175163507462,0.777999997138977,0.6589999794960022
YDR202C,YKL069W,0,0.7111459,0.10557741671800613,0.777999997138977,0.6590999960899353
YNL183C,YMR087W,0,0.71106315,0.10556309670209885,0.777999997138977,0.6592000126838684
YMR089C,YIL148W,0,0.71079826,0.10554876923561096,0.777999997138977,0.6593000292778015
YLR148W,YOR243C,0,0.7107069,0.10553445667028427,0.777999997138977,0.6593999862670898
YOR383C,YIL040W,0,0.710546,0.10552014410495758,0.777999997138977,0.659500002861023
YPL192C,YDL213C,0,0.71050173,0.10550583153963089,0.777999997138977,0.659600019454956
YJL118W,YER166W,0,0.7104905,0.1054915264248848,0.777999997138977,0.6596999764442444
YIL010W,YKL096W,0,0.71033233,0.1054772213101387,0.777999997138977,0.6597999930381775
YBR093C,YMR104C,0,0.71031713,0.1054629236459732,0.777999997138977,0.6599000096321106
YDR415C,YDL181W,0,0.7101715,0.1054486334323883,0.777999997138977,0.6600000262260437
YOR377W,YNL009W,1,0.71000016,0.10556986182928085,0.7789999842643738,0.6600000262260437
YNR069C,YHR034C,0,0.7099869,0.10555555671453476,0.7789999842643738,0.660099983215332
YMR093W,YNL029C,0,0.7099419,0.10554125159978867,0.7789999842643738,0.6601999998092651
YDR437W,YOR298W,1,0.7099331,0.10566242039203644,0.7799999713897705,0.6601999998092651
YER124C,YJL071W,0,0.70990986,0.10564810782670975,0.7799999713897705,0.6603000164031982
YLR307W,YGL246C,0,0.70977336,0.10563380271196365,0.7799999713897705,0.6603999733924866
YER167W,YOL158C,0,0.70958596,0.10561949759721756,0.7799999713897705,0.6604999899864197
YDR399W,YIL128W,0,0.7094706,0.10560519993305206,0.7799999713897705,0.6606000065803528
YLR411W,YAL015C,0,0.70900863,0.10559090226888657,0.7799999713897705,0.6607000231742859
YHR104W,YNL113W,0,0.7088994,0.10557661205530167,0.7799999713897705,0.6607999801635742
YDR144C,YMR275C,0,0.7087822,0.10556232184171677,0.7799999713897705,0.6608999967575073
YIL167W,YMR182C,0,0.70876056,0.10554803907871246,0.7799999713897705,0.6610000133514404
YBL013W,YPL192C,0,0.70861757,0.10553375631570816,0.7799999713897705,0.6610999703407288
YDR184C,YER021W,0,0.7085048,0.10551948100328445,0.7799999713897705,0.6611999869346619
YKR095W-A,YOL059W,0,0.70832986,0.10550520569086075,0.7799999713897705,0.661300003528595
YGR082W,YNL036W,0,0.70831347,0.10549093782901764,0.7799999713897705,0.6614000201225281
YOR383C,YKL073W,0,0.7082648,0.10547666996717453,0.7799999713897705,0.6614999771118164
YMR322C,YNR075W,0,0.70815706,0.10546240955591202,0.7799999713897705,0.6615999937057495
YGL093W,YCR023C,0,0.7079657,0.1054481565952301,0.7799999713897705,0.6617000102996826
YMR014W,YJL145W,0,0.7078949,0.10543390363454819,0.7799999713897705,0.6618000268936157
YCL005W-A,YGL112C,0,0.70782954,0.10541965067386627,0.7799999713897705,0.661899983882904
YBR203W,YJR070C,0,0.70778805,0.10540540516376495,0.7799999713897705,0.6620000004768372
YPL147W,YIR013C,0,0.7074819,0.10539115965366364,0.7799999713897705,0.6621000170707703
YIR021W,YOL155C,0,0.707307,0.10537692159414291,0.7799999713897705,0.6621999740600586
YLR406C,YOR089C,0,0.7073066,0.10536269098520279,0.7799999713897705,0.6622999906539917
YDL084W,YPL254W,0,0.7069998,0.10534846037626266,0.7799999713897705,0.6624000072479248
YLR089C,YKL027W,0,0.70697355,0.10533423721790314,0.7799999713897705,0.6625000238418579
YHR080C,YDR496C,0,0.706863,0.10532001405954361,0.7799999713897705,0.6625999808311462
YLR057W,YML061C,0,0.7068113,0.10530579090118408,0.7799999713897705,0.6626999974250793
YIL063C,YJL177W,0,0.7066913,0.10529157519340515,0.7799999713897705,0.6628000140190125
YOR056C,YDR221W,0,0.70662624,0.10527736693620682,0.7799999713897705,0.6628999710083008
YMR058W,YOR338W,0,0.7065877,0.10526315867900848,0.7799999713897705,0.6629999876022339
YLR313C,YPR133W-A,0,0.7063678,0.10524895787239075,0.7799999713897705,0.663100004196167
YIL157C,YOL043C,0,0.7062583,0.10523475706577301,0.7799999713897705,0.6632000207901001
YIL173W,YNL214W,0,0.7062326,0.10522055625915527,0.7799999713897705,0.6632999777793884
YDR091C,YML064C,0,0.7062041,0.10520636290311813,0.7799999713897705,0.6633999943733215
YGL008C,YIL096C,0,0.7061254,0.10519217699766159,0.7799999713897705,0.6635000109672546
YGL122C,YML131W,0,0.70597875,0.10517799109220505,0.7799999713897705,0.6636000275611877
YNL073W,YDL119C,0,0.70589304,0.1051638126373291,0.7799999713897705,0.6636999845504761
YDL061C,YPL178W,0,0.70576715,0.10514963418245316,0.7799999713897705,0.6638000011444092
YPL021W,YLL018C-A,0,0.7057364,0.1051354631781578,0.7799999713897705,0.6639000177383423
YLR345W,YNL081C,0,0.70567745,0.10512129217386246,0.7799999713897705,0.6639999747276306
YBR002C,YPL058C,1,0.70565736,0.10524187982082367,0.781000018119812,0.6639999747276306
YDR316W,YPL043W,0,0.70561814,0.10522770136594772,0.781000018119812,0.6640999913215637
YLR324W,YPL200W,0,0.70553833,0.10521352291107178,0.781000018119812,0.6642000079154968
YBR085W,YOL136C,0,0.7055315,0.10519935190677643,0.781000018119812,0.6643000245094299
YGL018C,YHR003C,0,0.7053381,0.10518518835306168,0.781000018119812,0.6643999814987183
YJR067C,YML128C,0,0.7052908,0.10517101734876633,0.781000018119812,0.6644999980926514
YJL172W,YDR030C,0,0.7051925,0.10515686124563217,0.781000018119812,0.6646000146865845
YPR183W,YOR245C,1,0.7051388,0.10527732968330383,0.7820000052452087,0.6646000146865845
YDL148C,YLR153C,0,0.70501226,0.10526315867900848,0.7820000052452087,0.6646999716758728
YLR136C,YJL011C,0,0.70496213,0.10524898767471313,0.7820000052452087,0.6647999882698059
YER157W,YOR091W,0,0.7047355,0.10523482412099838,0.7820000052452087,0.664900004863739
YDR541C,YOR319W,0,0.7044537,0.10522066801786423,0.7820000052452087,0.6650000214576721
YHR165C,YOR077W,0,0.7043895,0.10520651191473007,0.7820000052452087,0.6650999784469604
YBL004W,YIL123W,0,0.70429087,0.10519235581159592,0.7820000052452087,0.6651999950408936
YGL023C,YIL121W,0,0.7042904,0.10517821460962296,0.7820000052452087,0.6653000116348267
YJL200C,YML066C,0,0.7042349,0.1051640659570694,0.7820000052452087,0.6654000282287598
YHR122W,YBR193C,0,0.70421636,0.10514992475509644,0.7820000052452087,0.6654999852180481
YLR431C,YMR251W-A,0,0.7041692,0.10513579100370407,0.7820000052452087,0.6656000018119812
YGL077C,YGR038W,0,0.70405626,0.1051216572523117,0.7820000052452087,0.6657000184059143
YLR093C,YBR235W,0,0.70403194,0.10510752350091934,0.7820000052452087,0.6657999753952026
YOR149C,YGR060W,1,0.7038675,0.10522779077291489,0.7829999923706055,0.6657999753952026
YHL022C,YGL226C-A,0,0.70376414,0.10521364957094193,0.7829999923706055,0.6658999919891357
YDR191W,YPR173C,1,0.70374864,0.10533387213945389,0.7839999794960022,0.6658999919891357
YMR246W,YHR001W,1,0.70370036,0.10545405745506287,0.7850000262260437,0.6658999919891357
YNL247W,YEL012W,0,0.7033232,0.10543989390134811,0.7850000262260437,0.6660000085830688
YMR210W,YKR019C,1,0.70325536,0.10556003451347351,0.7860000133514404,0.6660000085830688
YBL016W,YBR208C,0,0.7031175,0.10554585605859756,0.7860000133514404,0.666100025177002
YJL196C,YCR034W,1,0.70283335,0.10566595196723938,0.7870000004768372,0.666100025177002
YGL051W,YPL012W,0,0.70283043,0.10565176606178284,0.7870000004768372,0.6661999821662903
YLR352W,YDL010W,0,0.7026783,0.10563758760690689,0.7870000004768372,0.6662999987602234
YKL145W,YMR215W,0,0.70258385,0.10562340915203094,0.7870000004768372,0.6664000153541565
YDL245C,YOL154W,0,0.70235527,0.105609230697155,0.7870000004768372,0.6664999723434448
YMR194W,YOR299W,0,0.7021471,0.10559505969285965,0.7870000004768372,0.6665999889373779
YDR213W,YPL110C,1,0.7020633,0.10571505129337311,0.7879999876022339,0.6665999889373779
YOL101C,YPL069C,1,0.70198876,0.10583501309156418,0.7889999747276306,0.6665999889373779
YCL032W,YHR035W,0,0.7017976,0.10582081228494644,0.7889999747276306,0.666700005531311
YNR038W,YLL014W,0,0.7016688,0.1058066263794899,0.7889999747276306,0.6668000221252441
YIR039C,YDR348C,0,0.70160633,0.10579244047403336,0.7889999747276306,0.6668999791145325
YHR051W,YLR332W,0,0.70143455,0.10577825456857681,0.7889999747276306,0.6669999957084656
YER055C,YOL033W,0,0.70132786,0.10576407611370087,0.7889999747276306,0.6671000123023987
YDR404C,YNL160W,0,0.70120525,0.10574989765882492,0.7889999747276306,0.6672000288963318
YAL059W,YDL133C-A,0,0.7011949,0.10573572665452957,0.7889999747276306,0.6672999858856201
YNL010W,YDR043C,0,0.7011622,0.10572156310081482,0.7889999747276306,0.6674000024795532
YDR009W,YGL043W,0,0.70094895,0.10570739209651947,0.7889999747276306,0.6675000190734863
YLR336C,YDR325W,0,0.7007096,0.10569323599338531,0.7889999747276306,0.6675999760627747
YKL209C,YDR352W,0,0.7003971,0.10567907989025116,0.7889999747276306,0.6676999926567078
YNR059W,YFR055W,0,0.7003889,0.105664923787117,0.7889999747276306,0.6678000092506409
YER039C,YGR251W,0,0.7003307,0.10565077513456345,0.7889999747276306,0.667900025844574
YMR173W,YAL028W,0,0.7003305,0.10563663393259048,0.7889999747276306,0.6679999828338623
YPL176C,YGR094W,0,0.7002669,0.10562249273061752,0.7889999747276306,0.6680999994277954
YDR243C,YML123C,0,0.700235,0.10560835152864456,0.7889999747276306,0.6682000160217285
YMR137C,YIL119C,0,0.7001726,0.1055942177772522,0.7889999747276306,0.6682999730110168
YDR160W,YJL144W,0,0.7000205,0.10558009147644043,0.7889999747276306,0.66839998960495
YLR466W,YML109W,0,0.69982916,0.10556596517562866,0.7889999747276306,0.6685000061988831
YOL104C,YLR259C,0,0.69982696,0.1055518388748169,0.7889999747276306,0.6686000227928162
YDR397C,YMR101C,0,0.6996723,0.10553772002458572,0.7889999747276306,0.6686999797821045
YDR216W,YOR210W,0,0.6996692,0.10552360862493515,0.7889999747276306,0.6687999963760376
YLL031C,YDR492W,1,0.6996605,0.10564322024583817,0.7900000214576721,0.6687999963760376
YJR112W,YGL094C,0,0.6995027,0.1056290939450264,0.7900000214576721,0.6689000129699707
YBR029C,YDR191W,1,0.6993149,0.10574866086244583,0.7910000085830688,0.6689000129699707
YOL126C,YPL253C,0,0.6990971,0.10573452711105347,0.7910000085830688,0.6690000295639038
YDR258C,YDL211C,0,0.69893974,0.1057203933596611,0.7910000085830688,0.6690999865531921
YKR003W,YDR492W,1,0.6988552,0.10583990067243576,0.7919999957084656,0.6690999865531921
YJR035W,YNL058C,0,0.69877285,0.1058257594704628,0.7919999957084656,0.6692000031471252
YGL107C,YGR192C,0,0.69863474,0.10581162571907043,0.7919999957084656,0.6693000197410583
YJR091C,YMR232W,0,0.6982874,0.10579749196767807,0.7919999957084656,0.6693999767303467
YMR054W,YOR215C,0,0.6979352,0.1057833582162857,0.7919999957084656,0.6694999933242798
YLR133W,YAR035W,1,0.69789964,0.1059027761220932,0.7929999828338623,0.6694999933242798
YOR341W,YDR527W,0,0.69758034,0.10588863492012024,0.7929999828338623,0.6696000099182129
YGL162W,YDR144C,0,0.6975477,0.10587450116872787,0.7929999828338623,0.669700026512146
YPL179W,YIL066C,0,0.69736993,0.10586036741733551,0.7929999828338623,0.6697999835014343
YOR090C,YLR293C,0,0.69735414,0.10584623366594315,0.7929999828338623,0.6699000000953674
YIL132C,YFL010W-A,0,0.6972774,0.10583210736513138,0.7929999828338623,0.6700000166893005
YGR049W,YOR038C,0,0.6972059,0.10581798851490021,0.7929999828338623,0.6700999736785889
YAL038W,YOL115W,0,0.6970889,0.10580386966466904,0.7929999828338623,0.670199990272522
YBR189W,YOR260W,0,0.6969946,0.10578975081443787,0.7929999828338623,0.6703000068664551
YPR001W,YBR110W,1,0.6969597,0.10590902715921402,0.7940000295639038,0.6703000068664551
YJR004C,YBL036C,0,0.6965524,0.10589490830898285,0.7940000295639038,0.6704000234603882
YOR253W,YGL133W,0,0.6965416,0.10588078200817108,0.7940000295639038,0.6704999804496765
YGR256W,YGL238W,0,0.6965032,0.10586666315793991,0.7940000295639038,0.6705999970436096
YGL018C,YER014C-A,0,0.69647175,0.10585255175828934,0.7940000295639038,0.6707000136375427
YDR131C,YBR244W,0,0.6963288,0.10583844035863876,0.7940000295639038,0.670799970626831
YDL093W,YNL138W-A,0,0.69603837,0.10582433640956879,0.7940000295639038,0.6708999872207642
YER074W-A,YNL083W,0,0.6959671,0.10581023246049881,0.7940000295639038,0.6710000038146973
YLR222C,YOR261C,0,0.6958974,0.10579613596200943,0.7940000295639038,0.6711000204086304
YOL154W,YLR309C,0,0.69546944,0.10578203946352005,0.7940000295639038,0.6711999773979187
YLR073C,YGL043W,0,0.6954216,0.10576795041561127,0.7940000295639038,0.6712999939918518
YIL033C,YER054C,0,0.69541657,0.10575386136770248,0.7940000295639038,0.6714000105857849
YNL182C,YBR089C-A,0,0.695317,0.1057397797703743,0.7940000295639038,0.671500027179718
YMR227C,YIR013C,0,0.6953122,0.10572569817304611,0.7940000295639038,0.6715999841690063
YIL038C,YDL010W,0,0.6952449,0.10571162402629852,0.7940000295639038,0.6717000007629395
YLL067C,YKL041W,0,0.6952355,0.10569754987955093,0.7940000295639038,0.6718000173568726
YKL060C,YER101C,0,0.69517565,0.10568348318338394,0.7940000295639038,0.6718999743461609
YIL154C,YPL027W,0,0.69487345,0.10566941648721695,0.7940000295639038,0.671999990940094
YHL038C,YPR052C,0,0.6948677,0.10565535724163055,0.7940000295639038,0.6721000075340271
YER109C,YOR215C,0,0.694793,0.10564129799604416,0.7940000295639038,0.6722000241279602
YER179W,YDR464W,0,0.69473475,0.10562724620103836,0.7940000295639038,0.6722999811172485
YPL268W,YOR237W,1,0.69470495,0.10574620962142944,0.7950000166893005,0.6722999811172485
YER035W,YIR039C,0,0.6945833,0.10573214292526245,0.7950000166893005,0.6723999977111816
YDR138W,YOR207C,0,0.6945199,0.10571808367967606,0.7950000166893005,0.6725000143051147
YDL066W,YBR247C,0,0.6944736,0.10570403188467026,0.7950000166893005,0.6725999712944031
YFR021W,YOR234C,0,0.6942403,0.10568997263908386,0.7950000166893005,0.6726999878883362
YCL033C,YDL214C,0,0.69416183,0.10567592829465866,0.7950000166893005,0.6728000044822693
YPR200C,YBR135W,0,0.693931,0.10566188395023346,0.7950000166893005,0.6729000210762024
YPL188W,YDL049C,0,0.693896,0.10564783960580826,0.7950000166893005,0.6729999780654907
YMR227C,YOR243C,0,0.6938909,0.10563380271196365,0.7950000166893005,0.6730999946594238
YLL032C,YNL117W,0,0.69382703,0.10561976581811905,0.7950000166893005,0.6732000112533569
YDR075W,YLR075W,0,0.6937105,0.10560573637485504,0.7950000166893005,0.67330002784729
YBR016W,YBR145W,0,0.6936587,0.10559171438217163,0.7950000166893005,0.6733999848365784
YCR034W,YLR239C,1,0.6936575,0.10571049153804779,0.7960000038146973,0.6733999848365784
YJR161C,YKL022C,0,0.69354725,0.10569645464420319,0.7960000038146973,0.6735000014305115
YCR014C,YLR164W,0,0.6935229,0.10568242520093918,0.7960000038146973,0.6736000180244446
YDR281C,YPL081W,0,0.69346505,0.10566839575767517,0.7960000038146973,0.6736999750137329
YLR340W,YDL045W-A,0,0.6934603,0.10565436631441116,0.7960000038146973,0.673799991607666
YDR309C,YJL074C,0,0.69302124,0.10564034432172775,0.7960000038146973,0.6739000082015991
YBR238C,YMR092C,0,0.692516,0.10562632977962494,0.7960000038146973,0.6740000247955322
YOL146W,YOR214C,0,0.69250923,0.10561231523752213,0.7960000038146973,0.6740999817848206
YMR169C,YDR352W,0,0.6923098,0.10559830069541931,0.7960000038146973,0.6741999983787537
YNL273W,YGL170C,0,0.6922564,0.1055842936038971,0.7960000038146973,0.6743000149726868
YNL298W,YIL067C,0,0.6921808,0.10557029396295547,0.7960000038146973,0.6743999719619751
YOR243C,YDR235W,0,0.69203573,0.10555629432201385,0.7960000038146973,0.6744999885559082
YJL213W,YDR004W,0,0.6918547,0.10554229468107224,0.7960000038146973,0.6746000051498413
YDL134C,YIL067C,0,0.6916174,0.10552830249071121,0.7960000038146973,0.6747000217437744
YGL255W,YBL092W,0,0.6916031,0.10551431775093079,0.7960000038146973,0.6747999787330627
YDR411C,YDR454C,0,0.6915519,0.10550033301115036,0.7960000038146973,0.6748999953269958
YBL002W,YJR004C,0,0.6915493,0.10548634827136993,0.7960000038146973,0.675000011920929
YFR045W,YGL257C,0,0.6911605,0.1054723709821701,0.7960000038146973,0.6751000285148621
YBL051C,YAL063C,0,0.6911086,0.10545840114355087,0.7960000038146973,0.6751999855041504
YGL130W,YGR204W,0,0.6907694,0.10544443130493164,0.7960000038146973,0.6753000020980835
YDL148C,YAL054C,0,0.6905124,0.10543046146631241,0.7960000038146973,0.6754000186920166
YLR380W,YJR073C,1,0.6904964,0.1055489331483841,0.796999990940094,0.6754000186920166
YDL161W,YKR057W,0,0.6904315,0.10553495585918427,0.796999990940094,0.6754999756813049
YPL234C,YLR413W,0,0.6904086,0.10552098602056503,0.796999990940094,0.675599992275238
YDR098C,YOR351C,0,0.6901309,0.1055070161819458,0.796999990940094,0.6757000088691711
YLR187W,YGR208W,0,0.6900637,0.10549305379390717,0.796999990940094,0.6758000254631042
YGR245C,YMR118C,0,0.68989986,0.10547909140586853,0.796999990940094,0.6758999824523926
YML082W,YIL099W,0,0.6898974,0.1054651290178299,0.796999990940094,0.6759999990463257
YPL076W,YJR107W,1,0.6896688,0.10558348894119263,0.7979999780654907,0.6759999990463257
YNL014W,YMR262W,0,0.68951976,0.1055695191025734,0.7979999780654907,0.6761000156402588
YJL180C,YGR142W,0,0.6892905,0.10555555671453476,0.7979999780654907,0.6761999726295471
YKL139W,YLR408C,0,0.6892594,0.10554159432649612,0.7979999780654907,0.6762999892234802
YMR030W,YGL245W,0,0.6892581,0.10552763938903809,0.7979999780654907,0.6764000058174133
YDL191W,YDR309C,0,0.6892405,0.10551368445158005,0.7979999780654907,0.6765000224113464
YJR090C,YPL018W,0,0.68919843,0.1054997369647026,0.7979999780654907,0.6765999794006348
YGR028W,YLR058C,0,0.6891272,0.10548578947782516,0.7979999780654907,0.6766999959945679
YHL034C,YPR101W,0,0.68890834,0.10547184944152832,0.7979999780654907,0.676800012588501
YJL216C,YDL002C,0,0.6886348,0.10545790940523148,0.7979999780654907,0.6769000291824341
YLL028W,YHL007C,0,0.68862873,0.10544397681951523,0.7979999780654907,0.6769999861717224
YFL009W,YDR165W,0,0.6885577,0.10543004423379898,0.7979999780654907,0.6771000027656555
YPL134C,YLR034C,0,0.6885314,0.10541611909866333,0.7979999780654907,0.6772000193595886
YPR167C,YKL043W,0,0.6883469,0.10540219396352768,0.7979999780654907,0.677299976348877
YFL023W,YEL031W,0,0.6881715,0.10538827627897263,0.7979999780654907,0.6773999929428101
YDR373W,YLR408C,0,0.6877805,0.10537435859441757,0.7979999780654907,0.6775000095367432
YLR410W,YBR182C,0,0.6877117,0.10536044090986252,0.7979999780654907,0.6776000261306763
YCL043C,YMR269W,0,0.68762463,0.10534653812646866,0.7979999780654907,0.6776999831199646
YMR159C,YJL177W,0,0.687565,0.1053326278924942,0.7979999780654907,0.6777999997138977
YGR244C,YGL016W,0,0.68754596,0.10531872510910034,0.7979999780654907,0.6779000163078308
YPL283C,YBR155W,0,0.6874368,0.10530482977628708,0.7979999780654907,0.6779999732971191
YKL208W,YOR206W,0,0.6873143,0.10529093444347382,0.7979999780654907,0.6780999898910522
YHR142W,YHR003C,0,0.6872981,0.10527704656124115,0.7979999780654907,0.6782000064849854
YGL234W,YLR272C,0,0.6872956,0.10526315867900848,0.7979999780654907,0.6783000230789185
YDR084C,YPR194C,0,0.6872269,0.10524927824735641,0.7979999780654907,0.6783999800682068
YCL048W,YEL006W,0,0.68720645,0.10523539781570435,0.7979999780654907,0.6784999966621399
YMR115W,YHR154W,0,0.68713826,0.10522151738405228,0.7979999780654907,0.678600013256073
YOR254C,YJR120W,0,0.68706757,0.1052076444029808,0.7979999780654907,0.6786999702453613
YIR039C,YPL207W,0,0.68703896,0.10519377887248993,0.7979999780654907,0.6787999868392944
YOR038C,YER130C,0,0.68700725,0.10517991334199905,0.7979999780654907,0.6789000034332275
YPL116W,YBR098W,0,0.68645996,0.10516605526208878,0.7979999780654907,0.6790000200271606
YLR332W,YMR315W,0,0.6863994,0.1051521971821785,0.7979999780654907,0.679099977016449
YDR083W,YLR390W-A,0,0.686171,0.10513833910226822,0.7979999780654907,0.6791999936103821
YGR277C,YHR018C,0,0.686083,0.10512448847293854,0.7979999780654907,0.6793000102043152
YML001W,YCR005C,0,0.6859537,0.10511064529418945,0.7979999780654907,0.6794000267982483
YGR186W,YIR003W,0,0.6858178,0.10509680211544037,0.7979999780654907,0.6794999837875366
YOR292C,YPL178W,0,0.6854856,0.10508295893669128,0.7979999780654907,0.6796000003814697
YGR255C,YBR096W,0,0.685429,0.1050691232085228,0.7979999780654907,0.6797000169754028
YDR091C,YCR066W,0,0.6853357,0.1050552949309349,0.7979999780654907,0.6797999739646912
YDR006C,YLR047C,0,0.68532926,0.10504146665334702,0.7979999780654907,0.6798999905586243
YNL138W-A,YDL005C,0,0.6852056,0.10502763837575912,0.7979999780654907,0.6800000071525574
YIR039C,YER150W,0,0.68514675,0.10501381754875183,0.7979999780654907,0.6801000237464905
YHR165C,YGR254W,0,0.68509465,0.10499999672174454,0.7979999780654907,0.6801999807357788
YAL063C,YOR361C,0,0.6849554,0.10498618334531784,0.7979999780654907,0.6802999973297119
YNL082W,YKL082C,0,0.68472147,0.10497237741947174,0.7979999780654907,0.680400013923645
YPL168W,YIL096C,0,0.68460286,0.10495857149362564,0.7979999780654907,0.6804999709129333
YOR215C,YBR293W,0,0.68438375,0.10494476556777954,0.7979999780654907,0.6805999875068665
YMR225C,YPL168W,0,0.6842652,0.10493096709251404,0.7979999780654907,0.6807000041007996
YER159C,YCL008C,0,0.68416417,0.10491716861724854,0.7979999780654907,0.6808000206947327
YNL223W,YOR215C,0,0.6838753,0.10490337759256363,0.7979999780654907,0.680899977684021
YOL001W,YLL024C,0,0.6838054,0.10488958656787872,0.7979999780654907,0.6809999942779541
YOL082W,YHR033W,0,0.6836675,0.10487580299377441,0.7979999780654907,0.6811000108718872
YPR169W,YOL091W,0,0.6836669,0.1048620268702507,0.7979999780654907,0.6812000274658203
YMR055C,YHR143W-A,0,0.68365926,0.10484824329614639,0.7979999780654907,0.6812999844551086
YOR377W,YIL009W,1,0.6836099,0.10496584326028824,0.7990000247955322,0.6812999844551086
YAR071W,YBL099W,0,0.6835346,0.10495205223560333,0.7990000247955322,0.6814000010490417
YGL012W,YNR019W,1,0.68350077,0.1050696074962616,0.800000011920929,0.6814000010490417
YNL182C,YDR001C,0,0.68331707,0.1050558090209961,0.800000011920929,0.6815000176429749
YDL044C,YNL307C,0,0.6832577,0.10504201799631119,0.800000011920929,0.6815999746322632
YLR341W,YDL113C,0,0.6831366,0.10502822697162628,0.800000011920929,0.6816999912261963
YGL144C,YHR042W,1,0.68290055,0.10514570772647858,0.8009999990463257,0.6816999912261963
YNL223W,YDR025W,0,0.68287176,0.10513190925121307,0.8009999990463257,0.6818000078201294
YJR002W,YPL253C,0,0.68271446,0.10511811077594757,0.8009999990463257,0.6819000244140625
YIL140W,YLR068W,0,0.68244284,0.10510431975126266,0.8009999990463257,0.6819999814033508
YOR261C,YHL050C,0,0.68236876,0.10509052872657776,0.8009999990463257,0.6820999979972839
YIL162W,YHR016C,0,0.6822998,0.10507674515247345,0.8009999990463257,0.682200014591217
YGR020C,YIL153W,0,0.68210006,0.10506296157836914,0.8009999990463257,0.6822999715805054
YBR085W,YGL008C,0,0.68209755,0.10504917800426483,0.8009999990463257,0.6823999881744385
YDR331W,YAR035W,1,0.68200254,0.10516653209924698,0.8019999861717224,0.6823999881744385
YHR045W,YOR115C,0,0.68188167,0.10515274852514267,0.8019999861717224,0.6825000047683716
YBR049C,YGR266W,0,0.6817479,0.10513896495103836,0.8019999861717224,0.6826000213623047
YBR101C,YLR258W,0,0.68174046,0.10512518137693405,0.8019999861717224,0.682699978351593
YDR201W,YPL126W,0,0.68154144,0.10511140525341034,0.8019999861717224,0.6827999949455261
YBL003C,YDR264C,0,0.6813991,0.10509762912988663,0.8019999861717224,0.6829000115394592
YCR093W,YLR409C,0,0.681148,0.10508386045694351,0.8019999861717224,0.6830000281333923
YLR359W,YCR089W,0,0.68108666,0.1050700917840004,0.8019999861717224,0.6830999851226807
YGL187C,YBR091C,0,0.6810357,0.10505633056163788,0.8019999861717224,0.6832000017166138
YER137C,YJL159W,0,0.68068606,0.10504256933927536,0.8019999861717224,0.6833000183105469
YDL119C,YPL053C,0,0.68060845,0.10502880811691284,0.8019999861717224,0.6833999752998352
YPR068C,YNL307C,0,0.68021774,0.10501506179571152,0.8019999861717224,0.6834999918937683
YJL213W,YPL254W,0,0.680032,0.1050013080239296,0.8019999861717224,0.6836000084877014
YGR085C,YBR139W,0,0.67994756,0.10498756170272827,0.8019999861717224,0.6837000250816345
YLR006C,YMR194W,0,0.6797378,0.10497382283210754,0.8019999861717224,0.6837999820709229
YEL027W,YPL008W,0,0.67970157,0.10496008396148682,0.8019999861717224,0.683899998664856
YBR104W,YPR119W,0,0.6796138,0.10494635254144669,0.8019999861717224,0.6840000152587891
YPR107C,YJR088C,0,0.67939895,0.10493262112140656,0.8019999861717224,0.6840999722480774
YFR029W,YEL027W,0,0.67937547,0.10491888970136642,0.8019999861717224,0.6841999888420105
YLR075W,YBL051C,0,0.6792798,0.10490516573190689,0.8019999861717224,0.6843000054359436
YBR021W,YNL323W,0,0.6792668,0.10489144921302795,0.8019999861717224,0.6844000220298767
YBR125C,YBR118W,0,0.6791577,0.10487773269414902,0.8019999861717224,0.684499979019165
YPL190C,YMR074C,0,0.67891365,0.10486401617527008,0.8019999861717224,0.6845999956130981
YDL025C,YLL034C,0,0.67889977,0.10485030710697174,0.8019999861717224,0.6847000122070312
YBL080C,YDR324C,0,0.67884046,0.1048365980386734,0.8019999861717224,0.6848000288009644
YHR118C,YMR038C,0,0.6787663,0.10482289642095566,0.8019999861717224,0.6848999857902527
YJL138C,YOR266W,0,0.67865986,0.10480920225381851,0.8019999861717224,0.6850000023841858
YOL132W,YER063W,0,0.67859024,0.10479550808668137,0.8019999861717224,0.6851000189781189
YMR315W,YGR171C,0,0.6783104,0.10478181391954422,0.8019999861717224,0.6851999759674072
YIL083C,YPL005W,0,0.6782052,0.10476812720298767,0.8019999861717224,0.6852999925613403
YMR200W,YDL119C,0,0.6781994,0.10475444048643112,0.8019999861717224,0.6854000091552734
YCR024C,YFR055W,0,0.67800117,0.10474076122045517,0.8019999861717224,0.6855000257492065
YLR251W,YLR224W,0,0.67773813,0.10472708195447922,0.8019999861717224,0.6855999827384949
YGR174C,YGL008C,0,0.6777052,0.10471341013908386,0.8019999861717224,0.685699999332428
YMR250W,YPL209C,0,0.6775697,0.10469973832368851,0.8019999861717224,0.6858000159263611
YLR307W,YOL068C,0,0.677304,0.10468607395887375,0.8019999861717224,0.6858999729156494
YOR026W,YNL176C,0,0.67728376,0.10467240959405899,0.8019999861717224,0.6859999895095825
YMR295C,YHR032W,0,0.67715096,0.10465875267982483,0.8019999861717224,0.6861000061035156
YBR093C,YDL148C,0,0.67708874,0.10464509576559067,0.8019999861717224,0.6862000226974487
YGR277C,YGR255C,0,0.6770468,0.1046314388513565,0.8019999861717224,0.6862999796867371
YCR083W,YHR193C,0,0.6769003,0.10461778938770294,0.8019999861717224,0.6863999962806702
YDR284C,YMR015C,1,0.6768866,0.10473457723855972,0.8029999732971191,0.6863999962806702
YJL094C,YBL072C,0,0.6765441,0.10472092032432556,0.8029999732971191,0.6865000128746033
YDR207C,YER118C,0,0.67654055,0.1047072634100914,0.8029999732971191,0.6866000294685364
YIL068C,YLR157C,0,0.67638654,0.10469361394643784,0.8029999732971191,0.6866999864578247
YGL144C,YOL101C,1,0.67634165,0.10481032729148865,0.8040000200271606,0.6866999864578247
YDR023W,YOL001W,0,0.6761719,0.10479666292667389,0.8040000200271606,0.6868000030517578
YOR227W,YIL108W,0,0.6761311,0.10478300601243973,0.8040000200271606,0.6869000196456909
YCL034W,YEL027W,0,0.67575765,0.10476934909820557,0.8040000200271606,0.6869999766349792
YJR127C,YER006W,0,0.6754344,0.104755699634552,0.8040000200271606,0.6870999932289124
YOR198C,YKL027W,0,0.67543113,0.10474205017089844,0.8040000200271606,0.6872000098228455
YDL135C,YPL236C,0,0.67529905,0.10472840815782547,0.8040000200271606,0.6873000264167786
YKL096W-A,YOR172W,0,0.6751343,0.1047147661447525,0.8040000200271606,0.6873999834060669
YGL160W,YKR046C,0,0.6749693,0.10470113158226013,0.8040000200271606,0.6875
YNL163C,YDL232W,0,0.6749347,0.10468749701976776,0.8040000200271606,0.6876000165939331
YNL030W,YJR095W,0,0.674914,0.10467386990785599,0.8040000200271606,0.6876999735832214
YLR329W,YOR252W,0,0.6748423,0.10466024279594421,0.8040000200271606,0.6877999901771545
YFR019W,YMR008C,1,0.67460674,0.1047767773270607,0.8050000071525574,0.6877999901771545
YDR034C,YBL005W-A,0,0.67451984,0.10476314276456833,0.8050000071525574,0.6879000067710876
YCL005W-A,YGL201C,0,0.67446274,0.10474951565265656,0.8050000071525574,0.6880000233650208
YDR411C,YLR042C,0,0.6742821,0.10473588109016418,0.8050000071525574,0.6880999803543091
YAR031W,YDL201W,0,0.6742682,0.10472226142883301,0.8050000071525574,0.6881999969482422
YEL034W,YOR027W,0,0.6742629,0.10470863431692123,0.8050000071525574,0.6883000135421753
YEL032W,YAL001C,0,0.6742375,0.10469502210617065,0.8050000071525574,0.6883999705314636
YOR382W,YER042W,0,0.67412466,0.10468140244483948,0.8050000071525574,0.6884999871253967
YBL091C,YHR003C,0,0.6739362,0.1046677902340889,0.8050000071525574,0.6886000037193298
YML071C,YPR030W,0,0.6735373,0.10465418547391891,0.8050000071525574,0.6887000203132629
YGR128C,YNR032C-A,0,0.6734958,0.10464058071374893,0.8050000071525574,0.6887999773025513
YER001W,YNL117W,0,0.6733373,0.10462698340415955,0.8050000071525574,0.6888999938964844
YCR106W,YCL054W,0,0.67333686,0.10461338609457016,0.8050000071525574,0.6890000104904175
YCR014C,YBR187W,0,0.67308694,0.10459978878498077,0.8050000071525574,0.6891000270843506
YFL031W,YOR149C,1,0.67299336,0.10471612215042114,0.8059999942779541,0.6891000270843506
YCR005C,YDL193W,0,0.67291075,0.10470251739025116,0.8059999942779541,0.6891999840736389
YFL034C-B,YLR150W,0,0.6727913,0.10468892008066177,0.8059999942779541,0.689300000667572
YBR195C,YOR304C-A,0,0.6725937,0.10467532277107239,0.8059999942779541,0.6894000172615051
YIR033W,YHR072W,1,0.67239344,0.10479158908128738,0.8069999814033508,0.6894000172615051
YBR141C,YLR345W,0,0.672387,0.1047779768705368,0.8069999814033508,0.6894999742507935
YMR261C,YGR296W,0,0.672179,0.10476437956094742,0.8069999814033508,0.6895999908447266
YMR154C,YIL170W,0,0.67184585,0.10475078225135803,0.8069999814033508,0.6897000074386597
YAR014C,YGR161C,0,0.6717747,0.10473718494176865,0.8069999814033508,0.6898000240325928
YLR233C,YNR003C,0,0.671768,0.10472359508275986,0.8069999814033508,0.6898999810218811
YPL140C,YFL026W,0,0.6714387,0.10471000522375107,0.8069999814033508,0.6899999976158142
YKL051W,YJR073C,1,0.6714206,0.10482615232467651,0.8080000281333923,0.6899999976158142
YDR538W,YGR128C,0,0.6713849,0.10481255501508713,0.8080000281333923,0.6901000142097473
YER016W,YPR080W,0,0.6709326,0.10479896515607834,0.8080000281333923,0.6901999711990356
YCL025C,YBR233W-A,0,0.6709146,0.10478536784648895,0.8080000281333923,0.6902999877929688
YKR067W,YOR081C,1,0.6708079,0.10490145534276962,0.8090000152587891,0.6902999877929688
YKL210W,YBR083W,0,0.67067116,0.10488785058259964,0.8090000152587891,0.6904000043869019
YOR129C,YDR496C,0,0.6706317,0.10487425327301025,0.8090000152587891,0.690500020980835
YNL069C,YBL105C,0,0.67055255,0.10486066341400146,0.8090000152587891,0.6905999779701233
YGL181W,YEL069C,0,0.6702637,0.10484707355499268,0.8090000152587891,0.6906999945640564
YLR113W,YBR195C,0,0.67022103,0.10483348369598389,0.8090000152587891,0.6908000111579895
YBR102C,YBR111W-A,0,0.6701521,0.1048199012875557,0.8090000152587891,0.6909000277519226
YLL008W,YJL123C,0,0.67014587,0.1048063188791275,0.8090000152587891,0.6909999847412109
YNL245C,YPR106W,0,0.67013556,0.10479274392127991,0.8090000152587891,0.691100001335144
YDR472W,YPR110C,0,0.67002666,0.10477917641401291,0.8090000152587891,0.6912000179290771
YKL114C,YHR035W,0,0.66997063,0.10476560145616531,0.8090000152587891,0.6912999749183655
YOL101C,YOR109W,1,0.66975117,0.10488152503967285,0.8100000023841858,0.6912999749183655
YGR103W,YKL208W,0,0.66958284,0.10486794263124466,0.8100000023841858,0.6913999915122986
YKL130C,YGL085W,0,0.6694213,0.10485436767339706,0.8100000023841858,0.6915000081062317
YBR149W,YDR020C,0,0.66924626,0.10484080016613007,0.8100000023841858,0.6916000247001648
YER087W,YGR046W,0,0.6691409,0.10482723265886307,0.8100000023841858,0.6916999816894531
YNL055C,YKL185W,0,0.6691233,0.10481366515159607,0.8100000023841858,0.6917999982833862
YLR336C,YPL010W,0,0.6687136,0.10480010509490967,0.8100000023841858,0.6919000148773193
YBL071W-A,YKL134C,0,0.66868734,0.10478654503822327,0.8100000023841858,0.6919999718666077
YDR404C,YPL081W,0,0.6686511,0.10477299243211746,0.8100000023841858,0.6920999884605408
YNL309W,YPL036W,0,0.66851014,0.10475943982601166,0.8100000023841858,0.6922000050544739
YBR183W,YKL055C,1,0.6684988,0.10487520694732666,0.8109999895095825,0.6922000050544739
YIL020C,YAR050W,0,0.66837764,0.10486164689064026,0.8109999895095825,0.692300021648407
YBR260C,YGR204W,0,0.66821456,0.10484809428453445,0.8109999895095825,0.6923999786376953
YML081W,YLR083C,0,0.66819817,0.10483454167842865,0.8109999895095825,0.6924999952316284
YLR135W,YBR010W,0,0.6678155,0.10482098907232285,0.8109999895095825,0.6926000118255615
YKR045C,YOR253W,0,0.66765666,0.10480744391679764,0.8109999895095825,0.6927000284194946
YOR094W,YGL063W,0,0.6675842,0.10479389876127243,0.8109999895095825,0.692799985408783
YLL048C,YOR304C-A,0,0.66746676,0.10478036105632782,0.8109999895095825,0.6929000020027161
YOR393W,YDR406W,0,0.6674662,0.10476682335138321,0.8109999895095825,0.6930000185966492
YDR492W,YBR204C,1,0.66745436,0.10488245636224747,0.8119999766349792,0.6930000185966492
YOR251C,YJR102C,0,0.66731226,0.10486891120672226,0.8119999766349792,0.6930999755859375
YNL016W,YCL029C,0,0.6671929,0.10485537350177765,0.8119999766349792,0.6931999921798706
YDL061C,YBR037C,0,0.6669825,0.10484183579683304,0.8119999766349792,0.6933000087738037
YHL021C,YLR200W,0,0.6667118,0.10482829809188843,0.8119999766349792,0.6934000253677368
YPR138C,YIL062C,0,0.66654366,0.10481476783752441,0.8119999766349792,0.6934999823570251
YNL318C,YDR051C,0,0.6665122,0.1048012375831604,0.8119999766349792,0.6935999989509583
YIL177C,YDL018C,0,0.66638684,0.10478771477937698,0.8119999766349792,0.6937000155448914
YHR030C,YHR003C,0,0.6663367,0.10477419197559357,0.8119999766349792,0.6937999725341797
YDL083C,YHR018C,0,0.6662269,0.10476067662239075,0.8119999766349792,0.6938999891281128
YDR190C,YKR095W,0,0.6661782,0.10474716126918793,0.8119999766349792,0.6940000057220459
YCL074W,YJL206C,0,0.6660775,0.1047336533665657,0.8119999766349792,0.694100022315979
YBR067C,YKR027W,0,0.6659631,0.10472014546394348,0.8119999766349792,0.6941999793052673
YKR013W,YGR070W,0,0.66585714,0.10470663756132126,0.8119999766349792,0.6942999958992004
YOL093W,YDR382W,0,0.6658281,0.10469313710927963,0.8119999766349792,0.6944000124931335
YHR209W,YLR274W,0,0.665808,0.1046796441078186,0.8119999766349792,0.6945000290870667
YOR210W,YLR345W,0,0.66580385,0.10466615110635757,0.8119999766349792,0.694599986076355
YDR389W,YPL126W,0,0.66579527,0.10465265810489655,0.8119999766349792,0.6947000026702881
YER078C,YDL217C,0,0.6657777,0.10463917255401611,0.8119999766349792,0.6948000192642212
YLL008W,YMR180C,0,0.6655323,0.10462569445371628,0.8119999766349792,0.6948999762535095
YBR044C,YHR216W,0,0.6653461,0.10461221635341644,0.8119999766349792,0.6949999928474426
YMR220W,YBR204C,1,0.6653397,0.10472755134105682,0.8130000233650208,0.6949999928474426
YGL026C,YPL135W,0,0.6653096,0.10471406579017639,0.8130000233650208,0.6951000094413757
YMR008C,YFL025C,1,0.6652855,0.10482936352491379,0.8140000104904175,0.6951000094413757
YPL066W,YKL132C,0,0.66515654,0.10481586307287216,0.8140000104904175,0.6952000260353088
YBR060C,YGR287C,0,0.66511893,0.10480237007141113,0.8140000104904175,0.6952999830245972
YGR087C,YLR190W,0,0.6647338,0.1047888770699501,0.8140000104904175,0.6953999996185303
YJL214W,YKR095W,0,0.6646974,0.10477539151906967,0.8140000104904175,0.6955000162124634
YDR397C,YMR074C,0,0.66457856,0.10476190596818924,0.8140000104904175,0.6955999732017517
YDR080W,YLR352W,0,0.66437984,0.10474842041730881,0.8140000104904175,0.6956999897956848
YNL176C,YDL217C,0,0.66425365,0.10473494231700897,0.8140000104904175,0.6958000063896179
YLR029C,YPR191W,0,0.66423386,0.10472147166728973,0.8140000104904175,0.695900022983551
YNL275W,YPL108W,0,0.66403913,0.1047080010175705,0.8140000104904175,0.6959999799728394
YDR294C,YKR019C,1,0.66402316,0.10482314974069595,0.8149999976158142,0.6959999799728394
YGR205W,YBR200W,0,0.6638826,0.10480967164039612,0.8149999976158142,0.6960999965667725
YOR084W,YDR087C,0,0.66379684,0.10479619354009628,0.8149999976158142,0.6962000131607056
YIL053W,YGL208W,0,0.6637834,0.10478272289037704,0.8149999976158142,0.6963000297546387
YLR367W,YOL001W,0,0.66377246,0.1047692522406578,0.8149999976158142,0.696399986743927
YMR193W,YJR096W,0,0.6635375,0.10475578159093857,0.8149999976158142,0.6965000033378601
YDR214W,YIL087C,0,0.6634716,0.10474231839179993,0.8149999976158142,0.6966000199317932
YKR092C,YHR205W,0,0.6633172,0.10472886264324188,0.8149999976158142,0.6966999769210815
YLR089C,YGL224C,0,0.6627126,0.10471540689468384,0.8149999976158142,0.6967999935150146
YDR500C,YBR193C,0,0.66266114,0.1047019511461258,0.8149999976158142,0.6969000101089478
YML133C,YNL065W,0,0.6626312,0.10468850284814835,0.8149999976158142,0.6970000267028809
YHR007C,YPR128C,1,0.66256833,0.10480349510908127,0.8159999847412109,0.6970000267028809
YOR187W,YOR215C,0,0.6625645,0.10479003190994263,0.8159999847412109,0.6970999836921692
YML110C,YPL256C,0,0.66251194,0.10477657616138458,0.8159999847412109,0.6972000002861023
YHL026C,YMR228W,0,0.66204214,0.10476312786340714,0.8159999847412109,0.6973000168800354
YCR086W,YIL177C,0,0.66155696,0.10474967956542969,0.8159999847412109,0.6973999738693237
YKL086W,YDL117W,0,0.6615075,0.10473623126745224,0.8159999847412109,0.6974999904632568
YNR049C,YNL233W,0,0.6613631,0.10472279042005539,0.8159999847412109,0.6976000070571899
YPR052C,YNL092W,0,0.66132385,0.10470935702323914,0.8159999847412109,0.697700023651123
YBR083W,YER056C,0,0.66129553,0.10469592362642288,0.8159999847412109,0.6977999806404114
YIL049W,YJR107W,1,0.6610013,0.10481077432632446,0.8169999718666077,0.6977999806404114
YGR209C,YLR460C,0,0.6609174,0.10479733347892761,0.8169999718666077,0.6978999972343445
YGR283C,YJL069C,0,0.6609116,0.10478389263153076,0.8169999718666077,0.6980000138282776
YML047C,YOR216C,0,0.66090894,0.10477045178413391,0.8169999718666077,0.6980999708175659
YNL190W,YBR135W,0,0.6606949,0.10475701838731766,0.8169999718666077,0.698199987411499
YNL075W,YFL054C,0,0.6603307,0.104743592441082,0.8169999718666077,0.6983000040054321
YPR022C,YNL035C,0,0.6601939,0.10473016649484634,0.8169999718666077,0.6984000205993652
YLR196W,YDL042C,0,0.66008157,0.10471674054861069,0.8169999718666077,0.6984999775886536
YOR283W,YOR035C,0,0.65994626,0.10470332205295563,0.8169999718666077,0.6985999941825867
YPR011C,YKL124W,0,0.6598358,0.10468990355730057,0.8169999718666077,0.6987000107765198
YCR023C,YCR024C,0,0.65977716,0.1046764925122261,0.8169999718666077,0.6988000273704529
YML008C,YPR002W,1,0.659674,0.10479118674993515,0.8180000185966492,0.6988000273704529
YLR196W,YMR262W,0,0.65942883,0.1047777608036995,0.8180000185966492,0.6988999843597412
YOR133W,YDR092W,0,0.65939474,0.10476434230804443,0.8180000185966492,0.6990000009536743
YER081W,YOR129C,0,0.6589754,0.10475093126296997,0.8180000185966492,0.6991000175476074
YCL005W-A,YLR054C,0,0.6588834,0.10473751276731491,0.8180000185966492,0.6991999745368958
YLR057W,YLR025W,0,0.6588641,0.10472410917282104,0.8180000185966492,0.6992999911308289
YPL150W,YGR205W,0,0.65884715,0.10471069812774658,0.8180000185966492,0.699400007724762
YML110C,YHR003C,0,0.6588454,0.10469730198383331,0.8180000185966492,0.6995000243186951
YHR006W,YDL124W,0,0.65876514,0.10468389838933945,0.8180000185966492,0.6995999813079834
YDL132W,YHR032W,0,0.65876424,0.10467050224542618,0.8180000185966492,0.6996999979019165
YOL111C,YKL163W,0,0.65875596,0.1046571135520935,0.8180000185966492,0.6998000144958496
YIL046W,YLR401C,0,0.6587452,0.10464372485876083,0.8180000185966492,0.6998999714851379
YDL147W,YNL208W,0,0.6586663,0.10463034361600876,0.8180000185966492,0.699999988079071
YKL175W,YBR139W,0,0.6584775,0.10461696237325668,0.8180000185966492,0.7001000046730042
YJL181W,YHR210C,0,0.65841854,0.10460358113050461,0.8180000185966492,0.7002000212669373
YLR359W,YGR258C,0,0.65826714,0.10459020733833313,0.8180000185966492,0.7002999782562256
YER104W,YCL040W,0,0.6582069,0.10457683354616165,0.8180000185966492,0.7003999948501587
YOR206W,YPL200W,0,0.6580262,0.10456346720457077,0.8180000185966492,0.7005000114440918
YLR084C,YOR177C,0,0.65789413,0.10455010086297989,0.8180000185966492,0.7006000280380249
YGR005C,YNL209W,0,0.65771645,0.1045367419719696,0.8180000185966492,0.7006999850273132
YER021W,YKL077W,0,0.6574519,0.10452338308095932,0.8180000185966492,0.7008000016212463
YFL008W,YHR112C,0,0.6572329,0.10451003164052963,0.8180000185966492,0.7009000182151794
YER165W,YOR258W,0,0.6569479,0.10449668020009995,0.8180000185966492,0.7009999752044678
YPR011C,YJL058C,0,0.6569423,0.10448332875967026,0.8180000185966492,0.7010999917984009
YKL216W,YKR039W,0,0.65684956,0.10446998476982117,0.8180000185966492,0.701200008392334
YMR246W,YFL031W,1,0.6568318,0.10458434373140335,0.8190000057220459,0.701200008392334
YOR019W,YPL180W,0,0.6568212,0.10457099229097366,0.8190000057220459,0.7013000249862671
YHR179W,YLR308W,0,0.6566393,0.10455764085054398,0.8190000057220459,0.7013999819755554
YIL130W,YHR214W,0,0.65661937,0.10454429686069489,0.8190000057220459,0.7014999985694885
YDR422C,YOR383C,0,0.6565287,0.1045309528708458,0.8190000057220459,0.7016000151634216
YJR041C,YDL179W,0,0.65651494,0.1045176088809967,0.8190000057220459,0.70169997215271
YJL183W,YPR097W,0,0.6565025,0.10450427234172821,0.8190000057220459,0.7017999887466431
YCL010C,YDR258C,0,0.6564449,0.10449094325304031,0.8190000057220459,0.7019000053405762
YHL050C,YDR364C,0,0.6559176,0.10447761416435242,0.8190000057220459,0.7020000219345093
YCL052C,YBL091C-A,1,0.65588534,0.10459183901548386,0.8199999928474426,0.7020000219345093
YDR492W,YMR079W,1,0.6557683,0.10470603406429291,0.8209999799728394,0.7020000219345093
YDR407C,YKL099C,0,0.65546846,0.10469268262386322,0.8209999799728394,0.7020999789237976
YDR184C,YBR115C,0,0.6554471,0.10467933118343353,0.8209999799728394,0.7021999955177307
YHR188C,YKL150W,1,0.6553899,0.1047934740781784,0.8220000267028809,0.7021999955177307
YGR281W,YLR249W,0,0.6553097,0.10478011518716812,0.8220000267028809,0.7023000121116638
YLR200W,YIL067C,0,0.65530276,0.10476676374673843,0.8220000267028809,0.7024000287055969
YDR109C,YGL006W,0,0.6552764,0.10475341230630875,0.8220000267028809,0.7024999856948853
YDR109C,YDR211W,0,0.6552424,0.10474006086587906,0.8220000267028809,0.7026000022888184
YDR528W,YKR079C,0,0.65520513,0.10472671687602997,0.8220000267028809,0.7027000188827515
YLL018C-A,YPL082C,0,0.6552027,0.10471337288618088,0.8220000267028809,0.7027999758720398
YBL100W-B,YDR452W,0,0.65512687,0.10470003634691238,0.8220000267028809,0.7028999924659729
YOL039W,YOR215C,0,0.6550486,0.10468670725822449,0.8220000267028809,0.703000009059906
YFR028C,YNL067W,0,0.6550423,0.104673370718956,0.8220000267028809,0.7031000256538391
YFL052W,YDR383C,0,0.6549915,0.1046600490808487,0.8220000267028809,0.7031999826431274
YMR058W,YGL246C,0,0.6548588,0.1046467199921608,0.8220000267028809,0.7032999992370605
YFL066C,YML072C,0,0.6547616,0.1046333983540535,0.8220000267028809,0.7034000158309937
YDR367W,YGL124C,0,0.65467495,0.1046200841665268,0.8220000267028809,0.703499972820282
YDL156W,YAL002W,0,0.6543484,0.10460676997900009,0.8220000267028809,0.7035999894142151
YHR197W,YDR266C,0,0.6542973,0.10459346324205399,0.8220000267028809,0.7037000060081482
YHR179W,YPR137W,0,0.6542389,0.10458014905452728,0.8220000267028809,0.7038000226020813
YMR113W,YMR300C,0,0.6540964,0.10456684976816177,0.8220000267028809,0.7038999795913696
YPL087W,YOR025W,1,0.6538963,0.10468073934316635,0.8230000138282776,0.7038999795913696
YKR044W,YDR353W,0,0.6538931,0.10466743260622025,0.8230000138282776,0.7039999961853027
YKL138C-A,YKL160W,0,0.653708,0.10465411841869354,0.8230000138282776,0.7041000127792358
YBR183W,YPL268W,1,0.65357107,0.10476795583963394,0.8240000009536743,0.7041000127792358
YDR307W,YHR196W,0,0.6535449,0.10475464165210724,0.8240000009536743,0.704200029373169
YMR114C,YKL033W,0,0.6535021,0.10474132746458054,0.8240000009536743,0.7042999863624573
YBR154C,YDR153C,0,0.65341234,0.10472801327705383,0.8240000009536743,0.7044000029563904
YHR072W-A,YNL233W,0,0.6531032,0.10471470654010773,0.8240000009536743,0.7045000195503235
YNR015W,YJL116C,0,0.65304494,0.10470139980316162,0.8240000009536743,0.7045999765396118
YKR057W,YPL104W,0,0.65289104,0.10468809306621552,0.8240000009536743,0.7046999931335449
YGL224C,YJL026W,0,0.65285176,0.10467479377985,0.8240000009536743,0.704800009727478
YJL114W,YBR281C,0,0.6528119,0.1046615019440651,0.8240000009536743,0.7049000263214111
YJL162C,YKL222C,0,0.65270615,0.10464821010828018,0.8240000009536743,0.7049999833106995
YMR262W,YKL132C,0,0.65261614,0.10463491827249527,0.8240000009536743,0.7050999999046326
YJR027W,YNL336W,0,0.65251505,0.10462163388729095,0.8240000009536743,0.7052000164985657
YAL022C,YBR016W,0,0.6524168,0.10460835695266724,0.8240000009536743,0.705299973487854
YJR055W,YJL122W,0,0.6520641,0.10459507256746292,0.8240000009536743,0.7053999900817871
YLR054C,YMR121C,0,0.6520467,0.1045818030834198,0.8240000009536743,0.7055000066757202
YKL062W,YNL209W,0,0.65200865,0.10456852614879608,0.8240000009536743,0.7056000232696533
YDL055C,YPR125W,0,0.65194076,0.10455525666475296,0.8240000009536743,0.7056999802589417
YPR110C,YEL031W,0,0.65189105,0.10454199463129044,0.8240000009536743,0.7057999968528748
YGL053W,YJR088C,0,0.65181494,0.10452873259782791,0.8240000009536743,0.7059000134468079
YHR141C,YML023C,0,0.6517417,0.10451547801494598,0.8240000009536743,0.7059999704360962
YER007C-A,YPL255W,0,0.65171975,0.10450221598148346,0.8240000009536743,0.7060999870300293
YER103W,YJR144W,0,0.6516635,0.10448896884918213,0.8240000009536743,0.7062000036239624
YNL194C,YPL086C,0,0.65156794,0.1044757217168808,0.8240000009536743,0.7063000202178955
YJL204C,YLR225C,0,0.6515445,0.10446247458457947,0.8240000009536743,0.7063999772071838
YDL104C,YHR170W,0,0.65151876,0.10444923490285873,0.8240000009536743,0.7064999938011169
YDR437W,YGR202C,1,0.65139985,0.10456273704767227,0.824999988079071,0.7064999938011169
YDR146C,YHR112C,0,0.65131414,0.10454948991537094,0.824999988079071,0.70660001039505
YJR041C,YLR393W,0,0.651307,0.10453624278306961,0.824999988079071,0.7067000269889832
YLR352W,YGR181W,0,0.65121686,0.10452299565076828,0.824999988079071,0.7067999839782715
YNL116W,YML022W,0,0.65119594,0.10450975596904755,0.824999988079071,0.7069000005722046
YBR161W,YJL134W,1,0.6511791,0.10462317615747452,0.8259999752044678,0.7069000005722046
YNL069C,YBR021W,0,0.65102667,0.10460992902517319,0.8259999752044678,0.7070000171661377
YOR215C,YJR095W,0,0.65101045,0.10459668189287186,0.8259999752044678,0.707099974155426
YJR086W,YOR262W,0,0.6510046,0.10458344221115112,0.8259999752044678,0.7071999907493591
YLL054C,YGR256W,0,0.65075874,0.10457019507884979,0.8259999752044678,0.7073000073432922
YML132W,YPL176C,0,0.6507182,0.10455696284770966,0.8259999752044678,0.7074000239372253
YDR289C,YGL103W,0,0.6505189,0.10454373061656952,0.8259999752044678,0.7074999809265137
YOL042W,YKL077W,0,0.65050846,0.10453049838542938,0.8259999752044678,0.7075999975204468
YDR405W,YDR300C,0,0.6504646,0.10451727360486984,0.8259999752044678,0.7077000141143799
YNL236W,YCL005W-A,0,0.65043855,0.1045040488243103,0.8259999752044678,0.7077999711036682
YMR019W,YGR055W,0,0.6502969,0.10449083149433136,0.8259999752044678,0.7078999876976013
YLR466W,YHR032W,0,0.65021944,0.10447761416435242,0.8259999752044678,0.7080000042915344
YNL025C,YKL027W,0,0.6501815,0.10446439683437347,0.8259999752044678,0.7081000208854675
YLR298C,YNL024C,0,0.6499776,0.10445118695497513,0.8259999752044678,0.7081999778747559
YNL134C,YIL079C,0,0.64986604,0.10443798452615738,0.8259999752044678,0.708299994468689
YIL097W,YGR180C,0,0.64984983,0.10442478209733963,0.8259999752044678,0.7084000110626221
YOR025W,YJR103W,1,0.6496357,0.10453798621892929,0.8270000219345093,0.7084000110626221
YDR256C,YGL259W,0,0.649611,0.10452476888895035,0.8270000219345093,0.7085000276565552
YGR282C,YLR035C,0,0.64955854,0.1045115664601326,0.8270000219345093,0.7085999846458435
YGL207W,YOR145C,0,0.64953464,0.10449835658073425,0.8270000219345093,0.7087000012397766
YPR199C,YIL170W,0,0.64940053,0.1044851541519165,0.8270000219345093,0.7088000178337097
YPR002W,YHR072W,1,0.6493952,0.1045982837677002,0.828000009059906,0.7088000178337097
YDR227W,YMR266W,0,0.649337,0.10458506643772125,0.828000009059906,0.708899974822998
YOL154W,YIL120W,0,0.6492963,0.1045718640089035,0.828000009059906,0.7089999914169312
YNL055C,YER014C-A,0,0.6491972,0.10455865412950516,0.828000009059906,0.7091000080108643
YML081W,YER022W,0,0.64912677,0.10454545170068741,0.828000009059906,0.7092000246047974
YDR301W,YBR233W-A,0,0.6490637,0.10453225672245026,0.828000009059906,0.7092999815940857
YGL226W,YPL276W,0,0.6489936,0.1045190617442131,0.828000009059906,0.7093999981880188
YHR057C,YIL127C,0,0.6488329,0.10450586676597595,0.828000009059906,0.7095000147819519
YLR452C,YGR087C,0,0.6487122,0.1044926792383194,0.828000009059906,0.7095999717712402
YOR133W,YBR133C,0,0.6487082,0.10447949171066284,0.828000009059906,0.7096999883651733
YCL005W-A,YFL050C,0,0.6486998,0.10446631163358688,0.828000009059906,0.7098000049591064
YGL093W,YPL061W,0,0.648506,0.10445313155651093,0.828000009059906,0.7099000215530396
YKR045C,YBL016W,0,0.6483853,0.10443995893001556,0.828000009059906,0.7099999785423279
YFR016C,YPL055C,0,0.6482874,0.1044267863035202,0.828000009059906,0.710099995136261
YDR057W,YDL191W,0,0.6482667,0.10441362112760544,0.828000009059906,0.7102000117301941
YGL130W,YHR035W,0,0.64826226,0.10440045595169067,0.828000009059906,0.7103000283241272
YCR012W,YMR199W,0,0.6481931,0.10438729077577591,0.828000009059906,0.7103999853134155
YJR129C,YGL044C,0,0.6480738,0.10437413305044174,0.828000009059906,0.7105000019073486
YIL006W,YPR071W,0,0.6479889,0.10436097532510757,0.828000009059906,0.7106000185012817
YGL126W,YHR072W,1,0.64785624,0.10447385162115097,0.8289999961853027,0.7106000185012817
YOL011W,YOR100C,1,0.64775264,0.10458669066429138,0.8299999833106995,0.7106000185012817
YDR348C,YGR087C,0,0.6475906,0.10457351803779602,0.8299999833106995,0.7106999754905701
YEL040W,YKL124W,0,0.6475781,0.10456034541130066,0.8299999833106995,0.7107999920845032
YKR095W,YKL077W,0,0.64754134,0.1045471727848053,0.8299999833106995,0.7109000086784363
YER004W,YLR367W,0,0.64753443,0.10453400760889053,0.8299999833106995,0.7110000252723694
YGL192W,YER165W,0,0.6475184,0.10452084243297577,0.8299999833106995,0.7110999822616577
YBR061C,YGR109C,0,0.6475044,0.104507677257061,0.8299999833106995,0.7111999988555908
YNL258C,YFL011W,0,0.6474956,0.10449452698230743,0.8299999833106995,0.7113000154495239
YKR103W,YGR096W,0,0.6473158,0.10448136925697327,0.8299999833106995,0.7113999724388123
YJR149W,YDL074C,0,0.64724207,0.1044682189822197,0.8299999833106995,0.7114999890327454
YPR011C,YCR089W,0,0.64713967,0.10445506870746613,0.8299999833106995,0.7116000056266785
YOL098C,YOR003W,0,0.64709705,0.10444192588329315,0.8299999833106995,0.7117000222206116
YAR031W,YIL015W,0,0.6470284,0.10442879050970078,0.8299999833106995,0.7117999792098999
YKL048C,YAL063C,0,0.64700586,0.1044156476855278,0.8299999833106995,0.711899995803833
YLR460C,YOL043C,0,0.646964,0.10440251231193542,0.8299999833106995,0.7120000123977661
YJL002C,YML100W,0,0.6469387,0.10438938438892365,0.8299999833106995,0.7121000289916992
YOR180C,YHR190W,1,0.6468634,0.10450201481580734,0.8309999704360962,0.7121000289916992
YML082W,YDR229W,0,0.6468471,0.10448887199163437,0.8309999704360962,0.7121999859809875
YDR306C,YBR133C,0,0.64683825,0.10447573661804199,0.8309999704360962,0.7123000025749207
YKR002W,YKL061W,0,0.646777,0.10446260124444962,0.8309999704360962,0.7124000191688538
YER087W,YIL031W,0,0.6465851,0.10444947332143784,0.8309999704360962,0.7124999761581421
YLR050C,YMR134W,0,0.6464837,0.10443634539842606,0.8309999704360962,0.7125999927520752
YPR196W,YCL001W,0,0.64646596,0.10442322492599487,0.8309999704360962,0.7127000093460083
YGL086W,YCL045C,0,0.64645207,0.10441010445356369,0.8309999704360962,0.7128000259399414
YFL002C,YHR080C,0,0.6463558,0.10439698398113251,0.8309999704360962,0.7128999829292297
YGR080W,YBR154C,0,0.6463403,0.10438387095928192,0.8309999704360962,0.7129999995231628
YMR097C,YLR408C,0,0.6461956,0.10437075793743134,0.8309999704360962,0.713100016117096
YJL213W,YNL232W,0,0.6460252,0.10435765236616135,0.8309999704360962,0.7131999731063843
YOL069W,YLR355C,0,0.64547276,0.10434454679489136,0.8309999704360962,0.7132999897003174
YOL016C,YMR025W,0,0.6454311,0.10433144867420197,0.8309999704360962,0.7134000062942505
YNR044W,YMR273C,0,0.6452978,0.10431835055351257,0.8309999704360962,0.7135000228881836
YIL083C,YFR027W,0,0.64529043,0.10430525988340378,0.8309999704360962,0.7135999798774719
YLR095C,YDR087C,0,0.6452238,0.10429216921329498,0.8309999704360962,0.713699996471405
YNL181W,YDR006C,0,0.64515567,0.10427907854318619,0.8309999704360962,0.7138000130653381
YOL132W,YBR038W,0,0.6451029,0.10426599532365799,0.8309999704360962,0.7139000296592712
YBR211C,YFR045W,0,0.6451013,0.10425291955471039,0.8309999704360962,0.7139999866485596
YHL017W,YJR036C,0,0.64506406,0.10423983633518219,0.8309999704360962,0.7141000032424927
YMR008C,YLR242C,1,0.6450108,0.1043521910905838,0.8320000171661377,0.7141000032424927
YPL064C,YDR324C,0,0.6450033,0.104339100420475,0.8320000171661377,0.7142000198364258
YOR328W,YFR016C,0,0.6449547,0.10432601720094681,0.8320000171661377,0.7142999768257141
YOL010W,YGR254W,0,0.6449255,0.1043129414319992,0.8320000171661377,0.7143999934196472
YPL099C,YPR071W,0,0.64481544,0.1042998656630516,0.8320000171661377,0.7145000100135803
YIR033W,YBR204C,1,0.6448115,0.10441213101148605,0.8330000042915344,0.7145000100135803
YPL108W,YDL154W,0,0.6446986,0.10439904779195786,0.8330000042915344,0.7146000266075134
YBR059C,YGL028C,0,0.64441246,0.10438596457242966,0.8330000042915344,0.7146999835968018
YLL008W,YPL084W,0,0.6442131,0.10437288880348206,0.8330000042915344,0.7148000001907349
YLL054C,YCR057C,0,0.6441724,0.10435981303453445,0.8330000042915344,0.714900016784668
YLR452C,YHR113W,0,0.6441382,0.10434673726558685,0.8330000042915344,0.7149999737739563
YPL064C,YDL014W,0,0.6440002,0.10433366894721985,0.8330000042915344,0.7150999903678894
YKL103C,YAL015C,0,0.6439756,0.10432060062885284,0.8330000042915344,0.7152000069618225
YNL190W,YPL265W,0,0.64392644,0.10430753976106644,0.8330000042915344,0.7153000235557556
YOL132W,YDR257C,0,0.6436464,0.10429447889328003,0.8330000042915344,0.715399980545044
YLL028W,YKR025W,0,0.6435787,0.10428142547607422,0.8330000042915344,0.715499997138977
YGR169C,YLR150W,0,0.6435708,0.10426837205886841,0.8330000042915344,0.7156000137329102
YGR166W,YML030W,0,0.64351773,0.1042553186416626,0.8330000042915344,0.7156999707221985
YHR141C,YJL058C,0,0.6432159,0.10424227267503738,0.8330000042915344,0.7157999873161316
YIL127C,YPL082C,0,0.6430222,0.10422922670841217,0.8330000042915344,0.7159000039100647
YDR090C,YGL124C,0,0.64273137,0.10421618819236755,0.8330000042915344,0.7160000205039978
YNL230C,YJR088C,0,0.6425959,0.10420314967632294,0.8330000042915344,0.7160999774932861
YKL221W,YNL247W,0,0.6425418,0.10419011861085892,0.8330000042915344,0.7161999940872192
YKR092C,YLR006C,0,0.6423714,0.1041770875453949,0.8330000042915344,0.7163000106811523
YPL112C,YLL067C,0,0.6423251,0.10416406393051147,0.8330000042915344,0.7164000272750854
YMR118C,YCR031C,0,0.64228314,0.10415104031562805,0.8330000042915344,0.7164999842643738
YAL054C,YNL137C,0,0.64228237,0.10413801670074463,0.8330000042915344,0.7166000008583069
YCL048W,YDR146C,0,0.6422121,0.1041250005364418,0.8330000042915344,0.71670001745224
YIL127C,YML023C,0,0.64220077,0.10411198437213898,0.8330000042915344,0.7167999744415283
YGR206W,YGR207C,0,0.64218646,0.10409897565841675,0.8330000042915344,0.7168999910354614
YDL052C,YOR100C,1,0.64218634,0.10421092063188553,0.8339999914169312,0.7168999910354614
YJL110C,YIL066C,0,0.64215,0.1041979044675827,0.8339999914169312,0.7170000076293945
YOR106W,YHR009C,0,0.64197063,0.10418488085269928,0.8339999914169312,0.7171000242233276
YCL074W,YIL121W,0,0.6418094,0.10417187213897705,0.8339999914169312,0.717199981212616
YEL006W,YDL121C,0,0.6415042,0.10415886342525482,0.8339999914169312,0.7172999978065491
YHR090C,YLR042C,0,0.64147335,0.10414585471153259,0.8339999914169312,0.7174000144004822
YLR291C,YIL082W-A,0,0.64143074,0.10413285344839096,0.8339999914169312,0.7174999713897705
YBL084C,YGR214W,0,0.64139426,0.10411985218524933,0.8339999914169312,0.7175999879837036
YNL138W-A,YER017C,0,0.6413569,0.1041068509221077,0.8339999914169312,0.7177000045776367
YGR207C,YGL085W,0,0.6409603,0.10409385710954666,0.8339999914169312,0.7178000211715698
YIL144W,YGR235C,0,0.6408621,0.10408087074756622,0.8339999914169312,0.7178999781608582
YGR205W,YDR214W,0,0.64080185,0.10406788438558578,0.8339999914169312,0.7179999947547913
YNL259C,YLR057W,0,0.6407055,0.10405489802360535,0.8339999914169312,0.7181000113487244
YHR091C,YNL095C,0,0.6406021,0.1040419191122055,0.8339999914169312,0.7182000279426575
YDR173C,YKL182W,1,0.6405221,0.10415367037057877,0.8349999785423279,0.7182000279426575
YNR067C,YBR208C,0,0.6404991,0.10414068400859833,0.8349999785423279,0.7182999849319458
YLL054C,YAL024C,0,0.6402789,0.10412769764661789,0.8349999785423279,0.7184000015258789
YPR010C,YGL192W,0,0.64023423,0.10411471128463745,0.8349999785423279,0.718500018119812
YGL078C,YKR054C,0,0.64022636,0.10410173237323761,0.8349999785423279,0.7185999751091003
YDR189W,YMR050C,0,0.640075,0.10408875346183777,0.8349999785423279,0.7186999917030334
YNL134C,YGR171C,0,0.63986963,0.10407578200101852,0.8349999785423279,0.7188000082969666
YPL141C,YDR257C,0,0.63982993,0.10406281054019928,0.8349999785423279,0.7189000248908997
YBR272C,YBR069C,0,0.6398026,0.10404984652996063,0.8349999785423279,0.718999981880188
YGL139W,YOL029C,0,0.6395384,0.10403688251972198,0.8349999785423279,0.7190999984741211
YBR046C,YNL065W,0,0.639442,0.10402391850948334,0.8349999785423279,0.7192000150680542
YPL043W,YEL070W,0,0.63943076,0.10401096194982529,0.8349999785423279,0.7192999720573425
YJL095W,YBL004W,0,0.6394023,0.10399800539016724,0.8349999785423279,0.7193999886512756
YNL305C,YEL048C,0,0.63937265,0.10398505628108978,0.8349999785423279,0.7195000052452087
YMR261C,YDL208W,0,0.6392556,0.10397210717201233,0.8349999785423279,0.7196000218391418
YOL057W,YHR112C,0,0.63911355,0.10395916551351547,0.8349999785423279,0.7196999788284302
YNR074C,YER172C,0,0.6390091,0.10394622385501862,0.8349999785423279,0.7197999954223633
YOL091W,YJL181W,0,0.6388423,0.10393328219652176,0.8349999785423279,0.7199000120162964
YLR256W,YJR054W,0,0.63880265,0.1039203479886055,0.8349999785423279,0.7200000286102295
YLR067C,YBR239C,0,0.63876694,0.10390741378068924,0.8349999785423279,0.7200999855995178
YNL161W,YML131W,0,0.63870937,0.10389448702335358,0.8349999785423279,0.7202000021934509
YFL021W,YLR141W,0,0.63842034,0.10388156026601791,0.8349999785423279,0.720300018787384
YOL082W,YGR235C,0,0.63826424,0.10386864095926285,0.8349999785423279,0.7203999757766724
YOL135C,YDR087C,0,0.63818747,0.10385572165250778,0.8349999785423279,0.7204999923706055
YLR151C,YLR042C,0,0.6381488,0.10384280234575272,0.8349999785423279,0.7206000089645386
YMR146C,YOR202W,0,0.6379663,0.10382989048957825,0.8349999785423279,0.7207000255584717
YOR049C,YNL176C,0,0.6379243,0.10381698608398438,0.8349999785423279,0.72079998254776
YLR174W,YBR227C,0,0.6377755,0.1038040742278099,0.8349999785423279,0.7208999991416931
YDR384C,YGL094C,0,0.63776714,0.10379117727279663,0.8349999785423279,0.7210000157356262
YLR421C,YNL145W,0,0.6377209,0.10377827286720276,0.8349999785423279,0.7210999727249146
YNR054C,YOR304C-A,0,0.63763255,0.10376537591218948,0.8349999785423279,0.7211999893188477
YJL209W,YHL012W,0,0.6376288,0.1037524864077568,0.8349999785423279,0.7213000059127808
YKR096W,YHR062C,0,0.6374987,0.10373959690332413,0.8349999785423279,0.7214000225067139
YPR003C,YOL078W,0,0.6374384,0.10372670739889145,0.8349999785423279,0.7214999794960022
YML076C,YDR496C,0,0.6374001,0.10371382534503937,0.8349999785423279,0.7215999960899353
YPL234C,YDR104C,0,0.637249,0.10370094329118729,0.8349999785423279,0.7217000126838684
YDR174W,YIL096C,0,0.63693655,0.1036880686879158,0.8349999785423279,0.7218000292778015
YHR113W,YGL063W,0,0.63689,0.10367519408464432,0.8349999785423279,0.7218999862670898
YJR127C,YBR020W,0,0.63670737,0.10366231948137283,0.8349999785423279,0.722000002861023
YDL113C,YHR193C,0,0.6366952,0.10364945232868195,0.8349999785423279,0.722100019454956
YDL247W,YNR031C,0,0.6366156,0.10363659262657166,0.8349999785423279,0.7221999764442444
YDR140W,YNR021W,0,0.63646436,0.10362372547388077,0.8349999785423279,0.7222999930381775
YPL146C,YBR181C,0,0.6364605,0.10361087322235107,0.8349999785423279,0.7224000096321106
YHR088W,YFR016C,0,0.6362093,0.10359801352024078,0.8349999785423279,0.7225000262260437
YHR202W,YPR017C,0,0.6360477,0.10358516126871109,0.8349999785423279,0.722599983215332
YGL231C,YDR367W,0,0.6359581,0.103572316467762,0.8349999785423279,0.7226999998092651
YMR300C,YIL065C,0,0.6358011,0.1035594716668129,0.8349999785423279,0.7228000164031982
YNL327W,YIR026C,0,0.6354462,0.1035466268658638,0.8349999785423279,0.7228999733924866
YLR260W,YCR034W,1,0.6353704,0.1036577820777893,0.8360000252723694,0.7228999733924866
YDR254W,YDL124W,0,0.6352676,0.10364492982625961,0.8360000252723694,0.7229999899864197
YKL150W,YPL006W,1,0.63522786,0.10375604033470154,0.8370000123977661,0.7229999899864197
YHR003C,YCL030C,0,0.6351637,0.10374318063259125,0.8370000123977661,0.7231000065803528
YBR233W-A,YOR353C,0,0.6350386,0.10373032838106155,0.8370000123977661,0.7232000231742859
YDR051C,YFL026W,0,0.634709,0.10371746867895126,0.8370000123977661,0.7232999801635742
YHR209W,YLR059C,0,0.63453305,0.10370462387800217,0.8370000123977661,0.7233999967575073
YCR005C,YHR152W,0,0.6344373,0.10369177162647247,0.8370000123977661,0.7235000133514404
YDR372C,YKL071W,0,0.6344254,0.10367892682552338,0.8370000123977661,0.7235999703407288
YNR004W,YDR289C,0,0.63433915,0.10366608947515488,0.8370000123977661,0.7236999869346619
YOR251C,YGR195W,0,0.63415,0.10365325212478638,0.8370000123977661,0.723800003528595
YGL189C,YGL037C,0,0.6341224,0.10364041477441788,0.8370000123977661,0.7239000201225281
YLR016C,YLL067C,0,0.6339323,0.10362758487462997,0.8370000123977661,0.7239999771118164
YJL103C,YGR207C,0,0.63390076,0.10361475497484207,0.8370000123977661,0.7240999937057495
YOR033C,YHR202W,0,0.6338273,0.10360193252563477,0.8370000123977661,0.7242000102996826
YMR293C,YNL065W,0,0.63364446,0.10358911007642746,0.8370000123977661,0.7243000268936157
YBL013W,YML051W,0,0.6335416,0.10357628762722015,0.8370000123977661,0.724399983882904
YCR016W,YOR232W,0,0.6333854,0.10356347262859344,0.8370000123977661,0.7245000004768372
YDR171W,YJR161C,0,0.6332784,0.10355066508054733,0.8370000123977661,0.7246000170707703
YAL014C,YNL092W,0,0.6331005,0.10353785008192062,0.8370000123977661,0.7246999740600586
YHR059W,YPL256C,0,0.6330973,0.10352504998445511,0.8370000123977661,0.7247999906539917
YGL053W,YKL060C,0,0.6329902,0.103512242436409,0.8370000123977661,0.7249000072479248
YDL156W,YBR169C,0,0.63296944,0.10349944233894348,0.8370000123977661,0.7250000238418579
YLR132C,YML061C,0,0.632915,0.10348664969205856,0.8370000123977661,0.7250999808311462
YHR214C-B,YKL067W,0,0.6327139,0.10347385704517365,0.8370000123977661,0.7251999974250793
YPR057W,YGR285C,0,0.632662,0.10346106439828873,0.8370000123977661,0.7253000140190125
YFL056C,YGL201C,0,0.63252366,0.1034482792019844,0.8370000123977661,0.7253999710083008
YPR134W,YOL020W,0,0.6324963,0.10343549400568008,0.8370000123977661,0.7254999876022339
YPR058W,YHR170W,0,0.6324638,0.10342270880937576,0.8370000123977661,0.725600004196167
YKL127W,YDR439W,0,0.63237333,0.10340993106365204,0.8370000123977661,0.7257000207901001
YPR086W,YLL067C,0,0.632324,0.10339716076850891,0.8370000123977661,0.7257999777793884
YNL016W,YOR083W,0,0.63227206,0.10338439047336578,0.8370000123977661,0.7258999943733215
YBR301W,YLR083C,0,0.6322628,0.10337162017822266,0.8370000123977661,0.7260000109672546
YDR208W,YDR492W,1,0.63220936,0.10348234325647354,0.8379999995231628,0.7260000109672546
YGL107C,YIL096C,0,0.6321743,0.10346956551074982,0.8379999995231628,0.7261000275611877
YBR056W,YOL034W,0,0.6321312,0.10345678776502609,0.8379999995231628,0.7261999845504761
YKR102W,YBR096W,0,0.6320231,0.10344401746988297,0.8379999995231628,0.7263000011444092
YDL052C,YPL058C,1,0.63193226,0.10355468094348907,0.8389999866485596,0.7263000011444092
YNR028W,YBR162C,0,0.6319077,0.10354189574718475,0.8389999866485596,0.7264000177383423
YJR149W,YOL088C,0,0.6318362,0.10352911800146103,0.8389999866485596,0.7264999747276306
YHR033W,YOR215C,0,0.6318281,0.1035163477063179,0.8389999866485596,0.7265999913215637
YLL017W,YNR036C,0,0.6318103,0.10350357741117477,0.8389999866485596,0.7267000079154968
YNL300W,YDL197C,0,0.6316953,0.10349080711603165,0.8389999866485596,0.7268000245094299
YOR328W,YKR039W,0,0.63168895,0.10347804427146912,0.8389999866485596,0.7268999814987183
YNR004W,YOR103C,0,0.6315016,0.10346528887748718,0.8389999866485596,0.7269999980926514
YPL259C,YGL085W,0,0.63077563,0.10345252603292465,0.8389999866485596,0.7271000146865845
YGL086W,YIR026C,0,0.63066417,0.10343977063894272,0.8389999866485596,0.7271999716758728
YLR332W,YGR277C,0,0.6304938,0.10342702269554138,0.8389999866485596,0.7272999882698059
YDR028C,YPR003C,0,0.63043916,0.10341427475214005,0.8389999866485596,0.727400004863739
YBL050W,YOL098C,0,0.63027775,0.10340152680873871,0.8389999866485596,0.7275000214576721
YDR317W,YPR191W,0,0.6302447,0.10338878631591797,0.8389999866485596,0.7275999784469604
YDR079W,YJL118W,0,0.6301817,0.10337604582309723,0.8389999866485596,0.7276999950408936
YHR045W,YAR014C,0,0.63017106,0.10336331278085709,0.8389999866485596,0.7278000116348267
YPL252C,YER117W,0,0.6301446,0.10335057973861694,0.8389999866485596,0.7279000282287598
YCL074W,YPR071W,0,0.63010913,0.1033378466963768,0.8389999866485596,0.7279999852180481
YPL126W,YML128C,0,0.62970585,0.10332512110471725,0.8389999866485596,0.7281000018119812
YGR028W,YFL014W,0,0.62969756,0.1033124029636383,0.8389999866485596,0.7282000184059143
YGR261C,YGR266W,0,0.6295002,0.10329967737197876,0.8389999866485596,0.7282999753952026
YFL038C,YPL280W,0,0.62948185,0.10328695923089981,0.8389999866485596,0.7283999919891357
YDL025C,YNL240C,0,0.62940496,0.10327424854040146,0.8389999866485596,0.7285000085830688
YGR235C,YHR065C,0,0.6291761,0.1032615378499031,0.8389999866485596,0.728600025177002
YDR528W,YGR172C,0,0.62914175,0.10324883460998535,0.8389999866485596,0.7286999821662903
YHL031C,YNR056C,0,0.6291347,0.103236123919487,0.8389999866485596,0.7287999987602234
YBL113C,YGL238W,0,0.6287972,0.10322342813014984,0.8389999866485596,0.7289000153541565
YNL006W,YDL059C,0,0.6285033,0.10321072489023209,0.8389999866485596,0.7289999723434448
YJL141C,YDR263C,0,0.62849647,0.10319802910089493,0.8389999866485596,0.7290999889373779
YML024W,YFR013W,0,0.6284548,0.10318534076213837,0.8389999866485596,0.729200005531311
YOR283W,YIL158W,0,0.62828386,0.1031726524233818,0.8389999866485596,0.7293000221252441
YPR068C,YDL211C,0,0.6282494,0.10315996408462524,0.8389999866485596,0.7293999791145325
YFL001W,YPL032C,0,0.62789243,0.10314728319644928,0.8389999866485596,0.7294999957084656
YGL237C,YNL070W,0,0.6277702,0.10313460230827332,0.8389999866485596,0.7296000123023987
YBR119W,YDL179W,0,0.62769455,0.10312192887067795,0.8389999866485596,0.7297000288963318
YPR148C,YNL284C,0,0.6275634,0.10310925543308258,0.8389999866485596,0.7297999858856201
YGR163W,YBL036C,0,0.62724316,0.10309658199548721,0.8389999866485596,0.7299000024795532
YOR128C,YBR294W,0,0.62720513,0.10308391600847244,0.8389999866485596,0.7300000190734863
YJL029C,YML030W,0,0.6271995,0.10307125002145767,0.8389999866485596,0.7300999760627747
YNR004W,YEL032W,0,0.62708896,0.1030585914850235,0.8389999866485596,0.7301999926567078
YJL093C,YKL061W,0,0.6270381,0.10304593294858932,0.8389999866485596,0.7303000092506409
YLR054C,YFL016C,0,0.6269441,0.10303328186273575,0.8389999866485596,0.730400025844574
YGR192C,YNL102W,0,0.62693584,0.10302063077688217,0.8389999866485596,0.7304999828338623
YPL018W,YLR131C,0,0.62687075,0.1030079796910286,0.8389999866485596,0.7305999994277954
YIL042C,YJL177W,0,0.62683904,0.10299533605575562,0.8389999866485596,0.7307000160217285
YGR283C,YLR131C,0,0.62677306,0.10298269242048264,0.8389999866485596,0.7307999730110168
YMR011W,YDL092W,0,0.6265523,0.10297005623579025,0.8389999866485596,0.73089998960495
YHR148W,YNL323W,0,0.62652105,0.10295742005109787,0.8389999866485596,0.7310000061988831
YNL133C,YOL124C,0,0.6264346,0.10294478386640549,0.8389999866485596,0.7311000227928162
YBL097W,YMR244C-A,0,0.6263908,0.1029321551322937,0.8389999866485596,0.7311999797821045
YJR035W,YGR128C,0,0.6262936,0.10291952639818192,0.8389999866485596,0.7312999963760376
YDR075W,YNL176C,0,0.6262199,0.10290690511465073,0.8389999866485596,0.7314000129699707
YDR131C,YBR060C,0,0.626219,0.10289428383111954,0.8389999866485596,0.7315000295639038
YNR012W,YOR045W,0,0.6261413,0.10288166999816895,0.8389999866485596,0.7315999865531921
YER074W-A,YER065C,0,0.6261385,0.10286905616521835,0.8389999866485596,0.7317000031471252
YFL005W,YIL158W,0,0.62593323,0.10285644233226776,0.8389999866485596,0.7318000197410583
YDR256C,YJL225C,0,0.6258433,0.10284383594989777,0.8389999866485596,0.7318999767303467
YER007C-A,YMR319C,0,0.6257199,0.10283122956752777,0.8389999866485596,0.7319999933242798
YHL017W,YMR271C,0,0.6255862,0.10281863063573837,0.8389999866485596,0.7321000099182129
YLR384C,YFL052W,0,0.6255328,0.10280603170394897,0.8389999866485596,0.732200026512146
YDL047W,YNL092W,0,0.62552255,0.10279343277215958,0.8389999866485596,0.7322999835014343
YLR209C,YML133C,0,0.6254265,0.10278084129095078,0.8389999866485596,0.7324000000953674
YIL153W,YLR150W,0,0.6254215,0.10276824980974197,0.8389999866485596,0.7325000166893005
YPR095C,YAL038W,0,0.6254048,0.10275566577911377,0.8389999866485596,0.7325999736785889
YKL138C-A,YKL069W,0,0.62526417,0.10274308174848557,0.8389999866485596,0.732699990272522
YNL318C,YLR295C,0,0.62512857,0.10273049771785736,0.8389999866485596,0.7328000068664551
YJR073C,YKL165C,1,0.6250565,0.1028403490781784,0.8399999737739563,0.7328000068664551
YLR128W,YGR254W,0,0.6248352,0.1028277650475502,0.8399999737739563,0.7329000234603882
YDR184C,YER017C,0,0.6247838,0.102815181016922,0.8399999737739563,0.7329999804496765
YMR237W,YLL054C,0,0.62474024,0.10280259698629379,0.8399999737739563,0.7330999970436096
YPR194C,YDR225W,0,0.6245796,0.10279001295566559,0.8399999737739563,0.7332000136375427
YDR108W,YIL047C,0,0.62443084,0.10277743637561798,0.8399999737739563,0.733299970626831
YER071C,YKR072C,0,0.6243803,0.10276486724615097,0.8399999737739563,0.7333999872207642
YLR284C,YPL006W,1,0.6242036,0.10287461429834366,0.8410000205039978,0.7333999872207642
YEL043W,YOR145C,0,0.6241646,0.10286203771829605,0.8410000205039978,0.7335000038146973
YHL013C,YLL032C,0,0.6240422,0.10284945368766785,0.8410000205039978,0.7336000204086304
YIL046W,YKR057W,0,0.6235521,0.10283687710762024,0.8410000205039978,0.7336999773979187
YDR026C,YKL027W,0,0.623439,0.10282430797815323,0.8410000205039978,0.7337999939918518
YIL099W,YNL121C,0,0.623297,0.10281173884868622,0.8410000205039978,0.7339000105857849
YGL234W,YBR096W,0,0.6230339,0.10279916971921921,0.8410000205039978,0.734000027179718
YIR031C,YPR060C,0,0.6230325,0.1027866080403328,0.8410000205039978,0.7340999841690063
YPL079W,YFR040W,0,0.6228202,0.10277404636144638,0.8410000205039978,0.7342000007629395
YMR105C,YLR017W,0,0.6227902,0.10276148468255997,0.8410000205039978,0.7343000173568726
YNL314W,YDR384C,0,0.6227546,0.10274893045425415,0.8410000205039978,0.7343999743461609
YMR308C,YDR338C,0,0.6223857,0.10273637622594833,0.8410000205039978,0.734499990940094
YKR045C,YDR020C,0,0.6221991,0.10272382944822311,0.8410000205039978,0.7346000075340271
YOL107W,YGL170C,0,0.62202215,0.1027112826704979,0.8410000205039978,0.7347000241279602
YJR002W,YLR393W,0,0.6219809,0.10269874334335327,0.8410000205039978,0.7347999811172485
YHL017W,YGR094W,0,0.6219165,0.10268620401620865,0.8410000205039978,0.7348999977111816
YLR426W,YOR178C,0,0.62172717,0.10267366468906403,0.8410000205039978,0.7350000143051147
YPR057W,YOR272W,0,0.6216771,0.1026611328125,0.8410000205039978,0.7350999712944031
YHR080C,YGR255C,0,0.6216458,0.10264860093593597,0.8410000205039978,0.7351999878883362
YOR048C,YDR317W,0,0.62136275,0.10263607650995255,0.8410000205039978,0.7353000044822693
YOL057W,YGR108W,0,0.6212451,0.10262355208396912,0.8410000205039978,0.7354000210762024
YOR375C,YFL034C-A,0,0.6211017,0.10261102765798569,0.8410000205039978,0.7354999780654907
YIR038C,YKR069W,0,0.62107754,0.10259851068258286,0.8410000205039978,0.7355999946594238
YJL042W,YJL078C,0,0.6210269,0.10258599370718002,0.8410000205039978,0.7357000112533569
YMR034C,YPL225W,0,0.62100387,0.10257348418235779,0.8410000205039978,0.73580002784729
YPL168W,YIL007C,0,0.62093097,0.10256097465753555,0.8410000205039978,0.7358999848365784
YIL133C,YOL115W,0,0.62085307,0.10254847258329391,0.8410000205039978,0.7360000014305115
YHR009C,YLR224W,0,0.6206327,0.10253597050905228,0.8410000205039978,0.7361000180244446
YPL113C,YOL059W,0,0.62048006,0.10252346843481064,0.8410000205039978,0.7361999750137329
YLR050C,YCR043C,0,0.6204089,0.1025109738111496,0.8410000205039978,0.736299991607666
YGL194C,YGL030W,0,0.62024736,0.10249847918748856,0.8410000205039978,0.7364000082015991
YHL026C,YKL063C,0,0.6201348,0.10248598456382751,0.8410000205039978,0.7365000247955322
YML107C,YNL138W-A,0,0.62003845,0.10247349739074707,0.8410000205039978,0.7365999817848206
YOR110W,YGL010W,0,0.6196916,0.10246101021766663,0.8410000205039978,0.7366999983787537
YLR189C,YML059C,1,0.61945504,0.10257034748792648,0.8420000076293945,0.7366999983787537
YMR115W,YJR047C,0,0.61933875,0.10255785286426544,0.8420000076293945,0.7368000149726868
YOL054W,YNL190W,0,0.6193354,0.102545365691185,0.8420000076293945,0.7368999719619751
YML081W,YFR044C,0,0.619324,0.10253287851810455,0.8420000076293945,0.7369999885559082
YIL069C,YEL018W,0,0.6193174,0.10252039134502411,0.8420000076293945,0.7371000051498413
YMR034C,YGR145W,0,0.6192601,0.10250791162252426,0.8420000076293945,0.7372000217437744
YPL175W,YGR175C,1,0.6192041,0.10261716693639755,0.8429999947547913,0.7372000217437744
YNL270C,YIL137C,0,0.61914414,0.10260467231273651,0.8429999947547913,0.7372999787330627
YOR123C,YGR109C,0,0.6190968,0.10259218513965607,0.8429999947547913,0.7373999953269958
YNL035C,YIR010W,0,0.61908525,0.10257970541715622,0.8429999947547913,0.737500011920929
YPR004C,YML006C,0,0.6190177,0.10256722569465637,0.8429999947547913,0.7376000285148621
YJR129C,YKR028W,0,0.61898136,0.10255474597215652,0.8429999947547913,0.7376999855041504
YDR190C,YGL240W,0,0.6188088,0.10254226624965668,0.8429999947547913,0.7378000020980835
YBR016W,YLR028C,0,0.61876196,0.10252980142831802,0.8429999947547913,0.7379000186920166
YLR058C,YFL054C,0,0.61866957,0.10251732915639877,0.8429999947547913,0.7379999756813049
YGR209C,YJL059W,0,0.61864203,0.10250486433506012,0.8429999947547913,0.738099992275238
YMR199W,YIL085C,0,0.61857915,0.10249239951372147,0.8429999947547913,0.7382000088691711
YLR057W,YJR032W,0,0.61855084,0.10247994214296341,0.8429999947547913,0.7383000254631042
YAL022C,YKL171W,0,0.61852986,0.10246748477220535,0.8429999947547913,0.7383999824523926
YGR246C,YLL057C,0,0.61848456,0.1024550348520279,0.8429999947547913,0.7384999990463257
YHL026C,YLR034C,0,0.61844087,0.10244257748126984,0.8429999947547913,0.7386000156402588
YER109C,YNL132W,0,0.61842865,0.10243013501167297,0.8429999947547913,0.7386999726295471
YML118W,YGL195W,0,0.6184269,0.10241769254207611,0.8429999947547913,0.7387999892234802
YML073C,YLR035C,0,0.618395,0.10240525007247925,0.8429999947547913,0.7389000058174133
YDR043C,YPL273W,0,0.6183415,0.10239280760288239,0.8429999947547913,0.7390000224113464
YJL053W,YOL107W,0,0.61821735,0.10238037258386612,0.8429999947547913,0.7390999794006348
YBR191W,YGL113W,0,0.6181282,0.10236794501543045,0.8429999947547913,0.7391999959945679
YDR392W,YFL034C-A,0,0.6180853,0.10235550999641418,0.8429999947547913,0.739300012588501
YNL182C,YCL017C,0,0.6180799,0.10234308242797852,0.8429999947547913,0.7394000291824341
YLR466W,YNR039C,0,0.617941,0.10233066231012344,0.8429999947547913,0.7394999861717224
YOR193W,YPL273W,0,0.61778736,0.10231824219226837,0.8429999947547913,0.7396000027656555
YML010W,YNR054C,0,0.6176638,0.1023058220744133,0.8429999947547913,0.7397000193595886
YPL093W,YBR049C,0,0.6175698,0.10229340940713882,0.8429999947547913,0.739799976348877
YJR019C,YGR060W,1,0.6175684,0.10240232944488525,0.843999981880188,0.739799976348877
YOR291W,YGR249W,0,0.6175597,0.10238990932703018,0.843999981880188,0.7398999929428101
YDL035C,YER130C,0,0.61753285,0.10237748920917511,0.843999981880188,0.7400000095367432
YKL107W,YLR344W,0,0.6175119,0.10236506909132004,0.843999981880188,0.7401000261306763
YOL146W,YJR047C,0,0.61678994,0.10235265642404556,0.843999981880188,0.7401999831199646
YKL086W,YBR135W,0,0.6166867,0.10234024375677109,0.843999981880188,0.7402999997138977
YOL090W,YNL122C,0,0.6165758,0.10232783854007721,0.843999981880188,0.7404000163078308
YDR027C,YKL077W,0,0.6165757,0.10231543332338333,0.843999981880188,0.7404999732971191
YPL093W,YML107C,0,0.6165239,0.10230302810668945,0.843999981880188,0.7405999898910522
YPL012W,YLR024C,0,0.61639917,0.10229063034057617,0.843999981880188,0.7407000064849854
YNL181W,YER122C,0,0.61638445,0.10227823257446289,0.843999981880188,0.7408000230789185
YGL192W,YGL245W,0,0.6161164,0.1022658422589302,0.843999981880188,0.7408999800682068
YHR113W,YER175C,0,0.61609757,0.10225345194339752,0.843999981880188,0.7409999966621399
YBR169C,YHR033W,0,0.6160946,0.10224106907844543,0.843999981880188,0.741100013256073
YDR392W,YJL113W,0,0.61600405,0.10222867876291275,0.843999981880188,0.7411999702453613
YKR103W,YGR246C,0,0.6159774,0.10221630334854126,0.843999981880188,0.7412999868392944
YIL069C,YBR234C,0,0.61591005,0.10220392048358917,0.843999981880188,0.7414000034332275
YLR118C,YOR298W,1,0.61578804,0.10231263190507889,0.8450000286102295,0.7414000034332275
YNL111C,YLR305C,1,0.61549926,0.10242130607366562,0.8460000157356262,0.7414000034332275
YLR277C,YER056C,0,0.6154717,0.10240890830755234,0.8460000157356262,0.7415000200271606
YML081W,YOR153W,0,0.61527693,0.10239651054143906,0.8460000157356262,0.741599977016449
YJL085W,YDL119C,0,0.6151854,0.10238412022590637,0.8460000157356262,0.7416999936103821
YFL011W,YLL053C,0,0.6150604,0.10237172991037369,0.8460000157356262,0.7418000102043152
YNL318C,YPL098C,0,0.6149904,0.1023593470454216,0.8460000157356262,0.7419000267982483
YDR006C,YJR088C,0,0.61486804,0.10234696418046951,0.8460000157356262,0.7419999837875366
YBL031W,YLR251W,0,0.61484593,0.10233458131551743,0.8460000157356262,0.7421000003814697
YKR095W,YPL187W,0,0.6147424,0.10232220590114594,0.8460000157356262,0.7422000169754028
YHR063C,YGR207C,0,0.6147417,0.10230983048677444,0.8460000157356262,0.7422999739646912
YEL022W,YHR113W,0,0.6144955,0.10229746252298355,0.8460000157356262,0.7423999905586243
YER125W,YBR204C,1,0.61445874,0.10240599513053894,0.847000002861023,0.7423999905586243
YLL016W,YDL175C,0,0.6144104,0.10239361971616745,0.847000002861023,0.7425000071525574
YOR030W,YMR074C,0,0.6142379,0.10238123685121536,0.847000002861023,0.7426000237464905
YKR045C,YKL110C,0,0.6141666,0.10236886888742447,0.847000002861023,0.7426999807357788
YMR008C,YDR444W,1,0.6141404,0.10247734189033508,0.8479999899864197,0.7426999807357788
YEL034W,YJR096W,0,0.61391234,0.102464959025383,0.8479999899864197,0.7427999973297119
YPL228W,YNR075W,0,0.6137971,0.10245257616043091,0.8479999899864197,0.742900013923645
YIR038C,YBL016W,0,0.613699,0.10244020074605942,0.8479999899864197,0.7429999709129333
YGL216W,YIL019W,0,0.61352205,0.10242783278226852,0.8479999899864197,0.7430999875068665
YML082W,YDR189W,0,0.612757,0.10241545736789703,0.8479999899864197,0.7432000041007996
YCR060W,YGR287C,0,0.61241925,0.10240308940410614,0.8479999899864197,0.7433000206947327
YNL270C,YJL050W,0,0.61231434,0.10239072889089584,0.8479999899864197,0.743399977684021
YLL057C,YHR110W,0,0.61230695,0.10237836837768555,0.8479999899864197,0.7434999942779541
YOL165C,YHR196W,0,0.61226577,0.10236600786447525,0.8479999899864197,0.7436000108718872
YML008C,YER015W,1,0.61197627,0.10247435420751572,0.8489999771118164,0.7436000108718872
YLR166C,YKL071W,0,0.61174697,0.10246198624372482,0.8489999771118164,0.7437000274658203
YCR097W,YPL105C,0,0.611703,0.10244961827993393,0.8489999771118164,0.7437999844551086
YLR363C,YBR028C,0,0.6114882,0.10243725776672363,0.8489999771118164,0.7439000010490417
YBR276C,YNL113W,0,0.6114623,0.10242489725351334,0.8489999771118164,0.7440000176429749
YNL062C,YBR276C,0,0.6114105,0.10241254419088364,0.8489999771118164,0.7440999746322632
YPL280W,YJL081C,0,0.6112992,0.10240019112825394,0.8489999771118164,0.7441999912261963
YDL246C,YJL181W,0,0.61110824,0.10238784551620483,0.8489999771118164,0.7443000078201294
YGR103W,YDR352W,0,0.6110715,0.10237549990415573,0.8489999771118164,0.7444000244140625
YOL066C,YDL121C,0,0.61097443,0.10236315429210663,0.8489999771118164,0.7444999814033508
YER011W,YHR001W-A,0,0.61080915,0.10235081613063812,0.8489999771118164,0.7445999979972839
YML080W,YAL068C,0,0.61073023,0.10233847796916962,0.8489999771118164,0.744700014591217
YHR210C,YDL039C,0,0.6105788,0.10232613980770111,0.8489999771118164,0.7447999715805054
YLR183C,YKL009W,0,0.61048007,0.1023138090968132,0.8489999771118164,0.7448999881744385
YOR128C,YIL073C,0,0.61045456,0.10230147838592529,0.8489999771118164,0.7450000047683716
YDR482C,YIL091C,0,0.6103634,0.10228915512561798,0.8489999771118164,0.7451000213623047
YGL127C,YAL033W,0,0.61033946,0.10227683186531067,0.8489999771118164,0.745199978351593
YML056C,YKR080W,0,0.61032635,0.10226451605558395,0.8489999771118164,0.7452999949455261
YGL011C,YLR426W,0,0.6103156,0.10225220024585724,0.8489999771118164,0.7454000115394592
YBR128C,YFR055W,0,0.6096618,0.10223988443613052,0.8489999771118164,0.7455000281333923
YHL026C,YMR261C,0,0.60958946,0.1022275760769844,0.8489999771118164,0.7455999851226807
YPR003C,YCR042C,0,0.6094975,0.10221526771783829,0.8489999771118164,0.7457000017166138
YLR382C,YDL119C,0,0.60937893,0.10220295935869217,0.8489999771118164,0.7458000183105469
YPL256C,YPL164C,0,0.60933036,0.10219065845012665,0.8489999771118164,0.7458999752998352
YOR344C,YOL165C,0,0.60912293,0.10217835754156113,0.8489999771118164,0.7459999918937683
YOR264W,YIL082W-A,0,0.60905313,0.1021660640835762,0.8489999771118164,0.7461000084877014
YDR218C,YNL176C,0,0.609044,0.10215377062559128,0.8489999771118164,0.7462000250816345
YHR135C,YKL220C,0,0.609026,0.10214148461818695,0.8489999771118164,0.7462999820709229
YGR133W,YIR007W,0,0.60899085,0.10212919861078262,0.8489999771118164,0.746399998664856
YLR329W,YJL225C,0,0.6089784,0.1021169126033783,0.8489999771118164,0.7465000152587891
YGR012W,YOR372C,0,0.6088426,0.10210462659597397,0.8489999771118164,0.7465999722480774
YIL108W,YJL098W,0,0.6087472,0.10209235548973083,0.8489999771118164,0.7466999888420105
YOR192C,YDR007W,0,0.60851973,0.1020800769329071,0.8489999771118164,0.7468000054359436
YHL033C,YJL172W,0,0.60848016,0.10206780582666397,0.8489999771118164,0.7469000220298767
YPL230W,YJR133W,0,0.6081708,0.10205553472042084,0.8489999771118164,0.746999979019165
YHR169W,YAL001C,0,0.6081623,0.1020432710647583,0.8489999771118164,0.7470999956130981
YHR030C,YBR169C,0,0.6081022,0.10203100740909576,0.8489999771118164,0.7472000122070312
YHR114W,YMR105C,0,0.60770714,0.10201874375343323,0.8489999771118164,0.7473000288009644
YDL226C,YJL216C,0,0.6076697,0.10200648754835129,0.8489999771118164,0.7473999857902527
YPL236C,YFL034C-B,0,0.60764307,0.10199423134326935,0.8489999771118164,0.7475000023841858
YER054C,YDL040C,0,0.60742146,0.101981982588768,0.8489999771118164,0.7476000189781189
YLR323C,YJL159W,0,0.6073673,0.10196973383426666,0.8489999771118164,0.7476999759674072
YER185W,YKL201C,0,0.6068579,0.10195748507976532,0.8489999771118164,0.7477999925613403
YLL055W,YOL042W,0,0.6068186,0.10194524377584457,0.8489999771118164,0.7479000091552734
YGL099W,YML128C,0,0.60661197,0.10193300247192383,0.8489999771118164,0.7480000257492065
YML127W,YDR516C,0,0.606574,0.10192076861858368,0.8489999771118164,0.7480999827384949
YGR092W,YOR283W,0,0.60657287,0.10190853476524353,0.8489999771118164,0.748199999332428
YLR084C,YKL149C,0,0.60628444,0.10189630091190338,0.8489999771118164,0.7483000159263611
YNL298W,YOR214C,0,0.6061113,0.10188407450914383,0.8489999771118164,0.7483999729156494
YBR126C,YMR260C,0,0.60607326,0.10187184810638428,0.8489999771118164,0.7484999895095825
YPL023C,YBL097W,0,0.60603684,0.10185962915420532,0.8489999771118164,0.7486000061035156
YEL036C,YPL156C,0,0.60602385,0.10184741020202637,0.8489999771118164,0.7487000226974487
YBR276C,YPL126W,0,0.605897,0.10183519124984741,0.8489999771118164,0.7487999796867371
YPR018W,YLL066C,0,0.6058579,0.10182297974824905,0.8489999771118164,0.7488999962806702
YBR141C,YOR089C,0,0.605788,0.1018107682466507,0.8489999771118164,0.7490000128746033
YLR315W,YOL041C,0,0.6057041,0.10179856419563293,0.8489999771118164,0.7491000294685364
YLR051C,YPR107C,0,0.60545707,0.10178636014461517,0.8489999771118164,0.7491999864578247
YPR181C,YPR003C,0,0.60539746,0.10177415609359741,0.8489999771118164,0.7493000030517578
YNL094W,YGL076C,0,0.6053435,0.10176195949316025,0.8489999771118164,0.7494000196456909
YOL052C-A,YDR293C,0,0.6053192,0.10174976289272308,0.8489999771118164,0.7494999766349792
YOL052C-A,YBL087C,0,0.60527295,0.10173756629228592,0.8489999771118164,0.7495999932289124
YDR325W,YMR087W,0,0.6051685,0.10172537714242935,0.8489999771118164,0.7497000098228455
YPL116W,YBR089C-A,0,0.605136,0.10171318799257278,0.8489999771118164,0.7498000264167786
YIL168W,YGL115W,0,0.60500765,0.10170100629329681,0.8489999771118164,0.7498999834060669
YER122C,YKL063C,0,0.6045913,0.10168882459402084,0.8489999771118164,0.75
YNL010W,YPR151C,0,0.60447264,0.10167665034532547,0.8489999771118164,0.7501000165939331
YNL045W,YNL264C,1,0.6043104,0.10178421437740326,0.8500000238418579,0.7501000165939331
YGR082W,YPL276W,0,0.60428506,0.10177203267812729,0.8500000238418579,0.7501999735832214
YDR294C,YCR034W,1,0.6042244,0.10187956690788269,0.8510000109672546,0.7501999735832214
YMR090W,YPR004C,0,0.60381925,0.10186737030744553,0.8510000109672546,0.7502999901771545
YCL026C-A,YGL001C,1,0.60373175,0.10197486728429794,0.8519999980926514,0.7502999901771545
YGR112W,YLL055W,0,0.6036933,0.10196266323328018,0.8519999980926514,0.7504000067710876
YJL092W,YJR150C,0,0.6031956,0.10195045918226242,0.8519999980926514,0.7505000233650208
YML075C,YPL006W,1,0.60313165,0.10205791145563126,0.8529999852180481,0.7505000233650208
YER170W,YOL077W-A,0,0.60287416,0.1020456999540329,0.8529999852180481,0.7505999803543091
YLL017W,YNL020C,0,0.6028696,0.10203349590301514,0.8529999852180481,0.7506999969482422
YDL126C,YHL050C,0,0.60275835,0.10202129185199738,0.8529999852180481,0.7508000135421753
YKL216W,YCR091W,0,0.6027208,0.10200908780097961,0.8529999852180481,0.7508999705314636
YPL078C,YLL053C,0,0.6026185,0.10199689120054245,0.8529999852180481,0.7509999871253967
YEL019C,YDR429C,0,0.60261804,0.10198469460010529,0.8529999852180481,0.7511000037193298
YGR157W,YBR204C,1,0.6024327,0.10209205001592636,0.8539999723434448,0.7511000037193298
YIR004W,YBL100W-B,0,0.60238403,0.1020798459649086,0.8539999723434448,0.7512000203132629
YAL005C,YIL120W,0,0.60230136,0.10206764936447144,0.8539999723434448,0.7512999773025513
YDR349C,YHR124W,0,0.6021625,0.10205545276403427,0.8539999723434448,0.7513999938964844
YGR034W,YNL072W,0,0.60201603,0.1020432561635971,0.8539999723434448,0.7515000104904175
YDR337W,YMR001C,0,0.6018033,0.10203106701374054,0.8539999723434448,0.7516000270843506
YKL175W,YFR016C,0,0.6015356,0.10201887786388397,0.8539999723434448,0.7516999840736389
YJL181W,YJR036C,0,0.60149705,0.1020066887140274,0.8539999723434448,0.751800000667572
YML031W,YIL119C,0,0.6014864,0.10199450701475143,0.8539999723434448,0.7519000172615051
YBL058W,YBR111W-A,0,0.6014347,0.10198232531547546,0.8539999723434448,0.7519999742507935
YNR038W,YKR042W,0,0.6014048,0.10197015106678009,0.8539999723434448,0.7520999908447266
YOR284W,YKL107W,0,0.60132295,0.10195797681808472,0.8539999723434448,0.7522000074386597
YIL091C,YIL114C,0,0.60125273,0.10194580256938934,0.8539999723434448,0.7523000240325928
YJL113W,YKR102W,0,0.60124904,0.10193363577127457,0.8539999723434448,0.7523999810218811
YKR087C,YAL033W,0,0.6011462,0.10192146897315979,0.8539999723434448,0.7524999976158142
YKR098C,YML030W,0,0.60099167,0.10190930962562561,0.8539999723434448,0.7526000142097473
YGR260W,YNR018W,0,0.600878,0.10189715027809143,0.8539999723434448,0.7526999711990356
YNR053C,YNL241C,0,0.6008201,0.10188499093055725,0.8539999723434448,0.7527999877929688
YDR485C,YKL071W,0,0.6007193,0.10187283903360367,0.8539999723434448,0.7529000043869019
YBL046W,YCL030C,0,0.6001636,0.10186068713665009,0.8539999723434448,0.753000020980835
YDL156W,YAL011W,0,0.6001441,0.1018485426902771,0.8539999723434448,0.7530999779701233
YNL134C,YDL226C,0,0.60006285,0.10183639079332352,0.8539999723434448,0.7531999945640564
YMR019W,YCR045C,0,0.5998953,0.10182425379753113,0.8539999723434448,0.7533000111579895
YMR300C,YKL125W,0,0.5998024,0.10181210935115814,0.8539999723434448,0.7534000277519226
YLL018C-A,YDR382W,0,0.5995149,0.10179997980594635,0.8539999723434448,0.7534999847412109
YMR176W,YNL251C,0,0.59951437,0.10178784281015396,0.8539999723434448,0.753600001335144
YKR026C,YHR009C,0,0.599498,0.10177571326494217,0.8539999723434448,0.7537000179290771
YLR401C,YER032W,0,0.5994542,0.10176358371973038,0.8539999723434448,0.7537999749183655
YLR386W,YBR204C,1,0.5992162,0.10187060385942459,0.8550000190734863,0.7537999749183655
YNL327W,YIL033C,0,0.59921575,0.1018584668636322,0.8550000190734863,0.7538999915122986
YJR090C,YGL103W,0,0.5990976,0.10184633731842041,0.8550000190734863,0.7540000081062317
YBR271W,YMR267W,0,0.59908706,0.10183420777320862,0.8550000190734863,0.7541000247001648
YOR045W,YLL067C,0,0.599082,0.10182207822799683,0.8550000190734863,0.7541999816894531
YIL069C,YOL033W,0,0.5987237,0.10180995613336563,0.8550000190734863,0.7542999982833862
YLL054C,YDR359C,0,0.5987204,0.10179783403873444,0.8550000190734863,0.7544000148773193
YOR251C,YER058W,0,0.59870315,0.10178571194410324,0.8550000190734863,0.7544999718666077
YGR208W,YOR353C,0,0.598594,0.10177359730005264,0.8550000190734863,0.7545999884605408
YNL194C,YML109W,0,0.5985438,0.10176148265600204,0.8550000190734863,0.7547000050544739
YDL245C,YLR344W,0,0.59844226,0.10174937546253204,0.8550000190734863,0.754800021648407
YBR271W,YEL006W,0,0.5983332,0.10173726826906204,0.8550000190734863,0.7548999786376953
YNR046W,YOL098C,0,0.59826994,0.10172516107559204,0.8550000190734863,0.7549999952316284
YLR345W,YOL070C,0,0.5982593,0.10171306133270264,0.8550000190734863,0.7551000118255615
YMR227C,YGR185C,0,0.59810096,0.10170096158981323,0.8550000190734863,0.7552000284194946
YLR092W,YJR026W,0,0.59787697,0.10168886929750443,0.8550000190734863,0.755299985408783
YEL020C,YLR061W,0,0.5978278,0.10167677700519562,0.8550000190734863,0.7554000020027161
YKR095W-A,YDR464W,0,0.59769106,0.10166468471288681,0.8550000190734863,0.7555000185966492
YBR018C,YML016C,0,0.59756595,0.1016525998711586,0.8550000190734863,0.7555999755859375
YDR191W,YHL020C,1,0.59734666,0.10175938904285431,0.8560000061988831,0.7555999755859375
YJR041C,YOR214C,0,0.5973281,0.1017472967505455,0.8560000061988831,0.7556999921798706
YKL029C,YDR367W,0,0.59723645,0.1017352044582367,0.8560000061988831,0.7558000087738037
YML081W,YCL024W,0,0.5971678,0.10172311216592789,0.8560000061988831,0.7559000253677368
YGR254W,YDL113C,0,0.59700465,0.10171102732419968,0.8560000061988831,0.7559999823570251
YOR078W,YIR019C,0,0.5968986,0.10169894248247147,0.8560000061988831,0.7560999989509583
YIL098C,YJL216C,0,0.5966889,0.10168686509132385,0.8560000061988831,0.7562000155448914
YBR085W,YDL058W,0,0.5965859,0.10167478024959564,0.8560000061988831,0.7562999725341797
YDR363W,YCR102C,0,0.59655845,0.10166271030902863,0.8560000061988831,0.7563999891281128
YLR383W,YOR173W,0,0.5965506,0.10165063291788101,0.8560000061988831,0.7565000057220459
YGL121C,YBR302C,0,0.5964048,0.101638562977314,0.8560000061988831,0.756600022315979
YIL046W,YPL027W,0,0.59636545,0.10162650048732758,0.8560000061988831,0.7566999793052673
YBR120C,YLR150W,0,0.59632415,0.10161443799734116,0.8560000061988831,0.7567999958992004
YJL087C,YJL114W,0,0.59625155,0.10160237550735474,0.8560000061988831,0.7569000124931335
YFR018C,YIL158W,0,0.59610593,0.10159031301736832,0.8560000061988831,0.7570000290870667
YDR462W,YPL236C,0,0.59593266,0.1015782579779625,0.8560000061988831,0.757099986076355
YPR141C,YLR225C,0,0.5957824,0.10156621038913727,0.8560000061988831,0.7572000026702881
YPL217C,YNL035C,0,0.5957686,0.10155415534973145,0.8560000061988831,0.7573000192642212
YGR145W,YPL225W,0,0.59576416,0.10154211521148682,0.8560000061988831,0.7573999762535095
YCR016W,YBR077C,0,0.5957459,0.10153006762266159,0.8560000061988831,0.7574999928474426
YAL002W,YGR138C,0,0.59537923,0.10151802748441696,0.8560000061988831,0.7576000094413757
YBR073W,YJL130C,0,0.59521544,0.10150598734617233,0.8560000061988831,0.7577000260353088
YOR344C,YFR038W,0,0.59509844,0.1014939546585083,0.8560000061988831,0.7577999830245972
YER123W,YGR138C,0,0.59497696,0.10148192197084427,0.8560000061988831,0.7578999996185303
YML023C,YEL011W,0,0.5948141,0.10146988928318024,0.8560000061988831,0.7580000162124634
YHR135C,YJR010W,0,0.5947692,0.1014578640460968,0.8560000061988831,0.7580999732017517
YJL149W,YGR186W,0,0.5946799,0.10144583880901337,0.8560000061988831,0.7581999897956848
YGL183C,YIR010W,0,0.594589,0.10143382102251053,0.8560000061988831,0.7583000063896179
YHR141C,YIL067C,0,0.59458774,0.10142180323600769,0.8560000061988831,0.758400022983551
YOR329C,YFR018C,0,0.59455186,0.10140978544950485,0.8560000061988831,0.7584999799728394
YER124C,YDR350C,0,0.59451646,0.10139777511358261,0.8560000061988831,0.7585999965667725
YJR118C,YHR016C,0,0.59435374,0.10138576477766037,0.8560000061988831,0.7587000131607056
YKL222C,YMR273C,0,0.59417284,0.10137375444173813,0.8560000061988831,0.7588000297546387
YER151C,YHR003C,0,0.5940999,0.10136175155639648,0.8560000061988831,0.758899986743927
YNL045W,YCR048W,1,0.5940945,0.10146815329790115,0.8569999933242798,0.758899986743927
YPL237W,YLR011W,0,0.5940649,0.10145613551139832,0.8569999933242798,0.7590000033378601
YPR022C,YGL175C,0,0.5939753,0.10144412517547607,0.8569999933242798,0.7591000199317932
YLR242C,YFL031W,1,0.5939448,0.10155048221349716,0.8579999804496765,0.7591000199317932
YNL048W,YGR177C,1,0.59393823,0.10165680199861526,0.859000027179718,0.7591000199317932
YCL018W,YMR068W,0,0.5939063,0.10164477676153183,0.859000027179718,0.7591999769210815
YDR367W,YBR278W,0,0.59369266,0.1016327515244484,0.859000027179718,0.7592999935150146
YPL240C,YJR052W,0,0.59369206,0.10162072628736496,0.859000027179718,0.7594000101089478
YOR130C,YOR312C,0,0.59358215,0.10160870850086212,0.859000027179718,0.7595000267028809
YPR127W,YOL001W,0,0.5935674,0.10159669071435928,0.859000027179718,0.7595999836921692
YGR177C,YBR026C,1,0.59353286,0.10170293599367142,0.8600000143051147,0.7595999836921692
YOL130W,YGR044C,0,0.5934905,0.10169090330600739,0.8600000143051147,0.7597000002861023
YOR393W,YMR049C,0,0.59345186,0.10167888551950455,0.8600000143051147,0.7598000168800354
YBR239C,YGR138C,0,0.5933001,0.10166686028242111,0.8600000143051147,0.7598999738693237
YIL022W,YOL098C,0,0.5931918,0.10165484994649887,0.8600000143051147,0.7599999904632568
YKL172W,YHL027W,0,0.59297687,0.10164283215999603,0.8600000143051147,0.7601000070571899
YHR005C-A,YGR091W,0,0.59290665,0.10163082182407379,0.8600000143051147,0.760200023651123
YMR034C,YNR038W,0,0.59289604,0.10161881148815155,0.8600000143051147,0.7602999806404114
YLR113W,YKL006C-A,0,0.59284776,0.1016068086028099,0.8600000143051147,0.7603999972343445
YKL064W,YNL318C,0,0.5928114,0.10159480571746826,0.8600000143051147,0.7605000138282776
YGL256W,YBR104W,0,0.59253377,0.10158280283212662,0.8600000143051147,0.7605999708175659
YBR141C,YNL180C,0,0.59239143,0.10157080739736557,0.8600000143051147,0.760699987411499
YLR160C,YFL055W,0,0.59236306,0.10155881196260452,0.8600000143051147,0.7608000040054321
YIL080W,YKL201C,0,0.59220546,0.10154681652784348,0.8600000143051147,0.7609000205993652
YMR230W,YNL194C,0,0.5920304,0.10153482854366302,0.8600000143051147,0.7609999775886536
YPL020C,YDR225W,0,0.5919484,0.10152284055948257,0.8600000143051147,0.7610999941825867
YPR034W,YJL149W,0,0.59190995,0.10151086002588272,0.8600000143051147,0.7612000107765198
YCR043C,YNR003C,0,0.5919093,0.10149887949228287,0.8600000143051147,0.7613000273704529
YAR071W,YMR125W,0,0.59183955,0.10148689895868301,0.8600000143051147,0.7613999843597412
YGL172W,YOL058W,0,0.5915966,0.10147492587566376,0.8600000143051147,0.7615000009536743
YGL175C,YPR165W,0,0.5913582,0.1014629527926445,0.8600000143051147,0.7616000175476074
YKL086W,YLL024C,0,0.5912542,0.10145098716020584,0.8600000143051147,0.7616999745368958
YDR165W,YDR411C,0,0.5906683,0.10143902152776718,0.8600000143051147,0.7617999911308289
YOL075C,YPR011C,0,0.5904866,0.10142705589532852,0.8600000143051147,0.761900007724762
YBR028C,YDR469W,0,0.5904308,0.10141509771347046,0.8600000143051147,0.7620000243186951
YOL084W,YNR033W,0,0.59032017,0.1014031395316124,0.8600000143051147,0.7620999813079834
YHR106W,YPL189W,0,0.59030735,0.10139118134975433,0.8600000143051147,0.7621999979019165
YHR114W,YCL005W-A,0,0.5900169,0.10137923061847687,0.8600000143051147,0.7623000144958496
YDL084W,YLR226W,0,0.58989555,0.1013672798871994,0.8600000143051147,0.7623999714851379
YJR057W,YPR174C,0,0.58988684,0.10135533660650253,0.8600000143051147,0.762499988079071
YKL026C,YMR321C,0,0.5896674,0.10134338587522507,0.8600000143051147,0.7626000046730042
YIR026C,YLR258W,0,0.58962303,0.1013314500451088,0.8600000143051147,0.7627000212669373
YDL181W,YLR325C,0,0.58956957,0.10131950676441193,0.8600000143051147,0.7627999782562256
YNR004W,YPR046W,0,0.58956516,0.10130757093429565,0.8600000143051147,0.7628999948501587
YGR072W,YLL066C,0,0.5894604,0.10129564255475998,0.8600000143051147,0.7630000114440918
YGL139W,YLL032C,0,0.5893305,0.1012837141752243,0.8600000143051147,0.7631000280380249
YKL150W,YDR147W,1,0.58896923,0.10138954222202301,0.8610000014305115,0.7631000280380249
YMR046C,YPL118W,0,0.5888132,0.10137760639190674,0.8610000014305115,0.7631999850273132
YLR345W,YGL019W,0,0.588553,0.10136567056179047,0.8610000014305115,0.7633000016212463
YBL031W,YHR003C,0,0.58852035,0.1013537347316742,0.8610000014305115,0.7634000182151794
YHR214W,YDR463W,0,0.5885027,0.10134180635213852,0.8610000014305115,0.7634999752044678
YLR037C,YMR216C,0,0.58801514,0.10132987797260284,0.8610000014305115,0.7635999917984009
YGL055W,YOL032W,1,0.5880109,0.10143563151359558,0.8619999885559082,0.7635999917984009
YEL032W,YGR278W,0,0.5878698,0.10142369568347931,0.8619999885559082,0.763700008392334
YEL036C,YOR304C-A,0,0.58774185,0.10141176730394363,0.8619999885559082,0.7638000249862671
YBR016W,YPL188W,0,0.5874339,0.10139983892440796,0.8619999885559082,0.7638999819755554
YJL144W,YLR424W,0,0.5873241,0.10138791054487228,0.8619999885559082,0.7639999985694885
YPL249C-A,YPR137W,0,0.5872906,0.10137598216533661,0.8619999885559082,0.7641000151634216
YIL144W,YER185W,0,0.58725363,0.10136406123638153,0.8619999885559082,0.76419997215271
YPL230W,YDR488C,0,0.5872224,0.10135214775800705,0.8619999885559082,0.7642999887466431
YDR541C,YAL031C,0,0.5871939,0.10134022682905197,0.8619999885559082,0.7644000053405762
YDL049C,YNL138W-A,0,0.5871913,0.10132832080125809,0.8619999885559082,0.7645000219345093
YHR209W,YLR225C,0,0.5868445,0.1013164073228836,0.8619999885559082,0.7645999789237976
YOR338W,YBL014C,0,0.5866837,0.10130450129508972,0.8619999885559082,0.7646999955177307
YPL171C,YMR321C,0,0.58668035,0.10129259526729584,0.8619999885559082,0.7648000121116638
YKL001C,YHR003C,0,0.58662796,0.10128069669008255,0.8619999885559082,0.7649000287055969
YMR025W,YML123C,0,0.58655477,0.10126879811286926,0.8619999885559082,0.7649999856948853
YML133C,YNL284C,0,0.58642393,0.10125689953565598,0.8619999885559082,0.7651000022888184
YFR027W,YGR067C,0,0.5863296,0.10124500840902328,0.8619999885559082,0.7652000188827515
YPR200C,YLR164W,0,0.58565986,0.1012331172823906,0.8619999885559082,0.7652999758720398
YLR175W,YGL032C,0,0.58556706,0.1012212336063385,0.8619999885559082,0.7653999924659729
YJL083W,YOR298W,1,0.5855651,0.10132675617933273,0.8629999756813049,0.7653999924659729
YKR045C,YDR260C,0,0.58545333,0.10131486505270004,0.8629999756813049,0.765500009059906
YIL091C,YER060W-A,0,0.58540547,0.10130296647548676,0.8629999756813049,0.7656000256538391
YNL024C,YJL030W,0,0.5850608,0.10129108279943466,0.8629999756813049,0.7656999826431274
YOR022C,YOL108C,1,0.5849884,0.10139655321836472,0.8640000224113464,0.7656999826431274
YDR389W,YEL048C,0,0.5847939,0.10138465464115143,0.8640000224113464,0.7657999992370605
YHR115C,YMR114C,0,0.5847765,0.10137275606393814,0.8640000224113464,0.7659000158309937
YIL162W,YGR055W,0,0.5847198,0.10136086493730545,0.8640000224113464,0.765999972820282
YCR067C,YPL236C,0,0.5846424,0.10134897381067276,0.8640000224113464,0.7660999894142151
YGL256W,YHR113W,0,0.5846111,0.10133709013462067,0.8640000224113464,0.7662000060081482
YLR144C,YLR345W,0,0.5845812,0.10132519900798798,0.8640000224113464,0.7663000226020813
YOR056C,YLR313C,0,0.5844958,0.10131332278251648,0.8640000224113464,0.7663999795913696
YGL255W,YDL220C,0,0.58441305,0.10130143910646439,0.8640000224113464,0.7664999961853027
YOR106W,YHR174W,0,0.58433634,0.10128956288099289,0.8640000224113464,0.7666000127792358
YHR074W,YNL335W,0,0.58430076,0.10127769410610199,0.8640000224113464,0.766700029373169
YNL302C,YER060W-A,0,0.5842411,0.10126582533121109,0.8640000224113464,0.7667999863624573
YER172C,YJL145W,0,0.58409667,0.10125395655632019,0.8640000224113464,0.7669000029563904
YLL017W,YNL016W,0,0.5840449,0.10124208778142929,0.8640000224113464,0.7670000195503235
YDR104C,YFL034C-A,0,0.5840288,0.10123022645711899,0.8640000224113464,0.7670999765396118
YHR002W,YNR067C,0,0.5837301,0.10121837258338928,0.8640000224113464,0.7671999931335449
YOR393W,YBR072W,0,0.5835998,0.10120651125907898,0.8640000224113464,0.767300009727478
YBL100W-B,YBR261C,0,0.58340293,0.10119465738534927,0.8640000224113464,0.7674000263214111
YPR159W,YDL059C,0,0.58327496,0.10118281096220016,0.8640000224113464,0.7674999833106995
YCR027C,YER071C,0,0.58294386,0.10117095708847046,0.8640000224113464,0.7675999999046326
YNL182C,YHL018W,0,0.58288056,0.10115911811590195,0.8640000224113464,0.7677000164985657
YIR039C,YGL201C,0,0.5828312,0.10114727169275284,0.8640000224113464,0.767799973487854
YMR093W,YOR019W,0,0.58276546,0.10113543272018433,0.8640000224113464,0.7678999900817871
YBL041W,YNL145W,0,0.58263,0.10112359374761581,0.8640000224113464,0.7680000066757202
YNR063W,YJL078C,0,0.5825794,0.1011117622256279,0.8640000224113464,0.7681000232696533
YDR338C,YGR057C,0,0.5825791,0.10109993070363998,0.8640000224113464,0.7681999802589417
YOR338W,YOR019W,0,0.5823025,0.10108809918165207,0.8640000224113464,0.7682999968528748
YMR270C,YLL067C,0,0.5822557,0.10107627511024475,0.8640000224113464,0.7684000134468079
YIL040W,YGR125W,0,0.5822381,0.10106445103883743,0.8640000224113464,0.7684999704360962
YDL098C,YIL067C,0,0.58211184,0.10105263441801071,0.8640000224113464,0.7685999870300293
YFL013C,YLR426W,0,0.5820065,0.1010408103466034,0.8640000224113464,0.7687000036239624
YDL014W,YFR018C,0,0.5819737,0.10102900117635727,0.8640000224113464,0.7688000202178955
YGR192C,YNL006W,0,0.5819408,0.10101718455553055,0.8640000224113464,0.7688999772071838
YDR406W,YCR102C,0,0.5818643,0.10100537538528442,0.8640000224113464,0.7689999938011169
YIL106W,YKL077W,0,0.58152986,0.1009935736656189,0.8640000224113464,0.76910001039505
YBR236C,YMR134W,0,0.5815233,0.10098176449537277,0.8640000224113464,0.7692000269889832
YIL170W,YGL122C,0,0.58148277,0.10096996277570724,0.8640000224113464,0.7692999839782715
YCR043C,YDL135C,0,0.5813681,0.10095816850662231,0.8640000224113464,0.7694000005722046
YOR019W,YIL085C,0,0.5813647,0.10094637423753738,0.8640000224113464,0.7695000171661377
YBR222C,YGR207C,0,0.58133984,0.10093457996845245,0.8640000224113464,0.769599974155426
YJR014W,YDR222W,0,0.58130807,0.10092278569936752,0.8640000224113464,0.7696999907493591
YMR114C,YDL002C,0,0.58128923,0.10091099888086319,0.8640000224113464,0.7698000073432922
YOR195W,YKL096W-A,0,0.5811612,0.10089921951293945,0.8640000224113464,0.7699000239372253
YGL158W,YHL002W,0,0.5811582,0.10088743269443512,0.8640000224113464,0.7699999809265137
YKL052C,YLR224W,0,0.5810676,0.10087565332651138,0.8640000224113464,0.7700999975204468
YOR251C,YML066C,0,0.58104783,0.10086388140916824,0.8640000224113464,0.7702000141143799
YDR261C,YDR432W,0,0.5809145,0.1008521094918251,0.8640000224113464,0.7702999711036682
YBR271W,YDR080W,0,0.58088505,0.10084033757448196,0.8640000224113464,0.7703999876976013
YLR449W,YHR111W,0,0.5807978,0.10082856565713882,0.8640000224113464,0.7705000042915344
YLR399C,YML039W,0,0.58050513,0.10081680119037628,0.8640000224113464,0.7706000208854675
YDR407C,YCL054W,0,0.58041525,0.10080503672361374,0.8640000224113464,0.7706999778747559
YDL087C,YMR050C,0,0.58033,0.1007932797074318,0.8640000224113464,0.770799994468689
YIR007W,YGL145W,0,0.58008796,0.10078152269124985,0.8640000224113464,0.7709000110626221
YOL135C,YML096W,0,0.57980645,0.1007697656750679,0.8640000224113464,0.7710000276565552
YPL088W,YCR106W,0,0.579771,0.10075801610946655,0.8640000224113464,0.7710999846458435
YPL254W,YNL138W-A,0,0.57974917,0.1007462665438652,0.8640000224113464,0.7712000012397766
YKR099W,YNR056C,0,0.5795365,0.10073452442884445,0.8640000224113464,0.7713000178337097
YPL132W,YPL024W,0,0.5794279,0.1007227823138237,0.8640000224113464,0.771399974822998
YBR118W,YNL148C,0,0.57927114,0.10071104019880295,0.8640000224113464,0.7714999914169312
YML061C,YKL063C,0,0.5792678,0.1006992980837822,0.8640000224113464,0.7716000080108643
YML075C,YGR007W,1,0.57920533,0.10080410540103912,0.8650000095367432,0.7716000080108643
YIL010W,YEL036C,0,0.5790688,0.10079235583543777,0.8650000095367432,0.7717000246047974
YMR118C,YFL061W,0,0.57901835,0.10078061372041702,0.8650000095367432,0.7717999815940857
YDL148C,YLR151C,0,0.57890743,0.10076887160539627,0.8650000095367432,0.7718999981880188
YLR007W,YNL024C,0,0.5787501,0.10075713694095612,0.8650000095367432,0.7720000147819519
YHR170W,YML055W,0,0.5785658,0.10074540227651596,0.8650000095367432,0.7720999717712402
YCR033W,YOR252W,0,0.5783154,0.1007336676120758,0.8650000095367432,0.7721999883651733
YDR516C,YLR460C,0,0.5782636,0.10072194039821625,0.8650000095367432,0.7723000049591064
YDR085C,YLL052C,0,0.57821584,0.10071021318435669,0.8650000095367432,0.7724000215530396
YJR149W,YAR014C,0,0.5781973,0.10069848597049713,0.8650000095367432,0.7724999785423279
YKR078W,YOR141C,0,0.5781872,0.10068676620721817,0.8650000095367432,0.772599995136261
YIR011C,YKR093W,0,0.5780985,0.10067504644393921,0.8650000095367432,0.7727000117301941
YHR004C,YIL080W,0,0.57795584,0.10066333413124084,0.8650000095367432,0.7728000283241272
YLR116W,YIL094C,0,0.5778343,0.10065161436796188,0.8650000095367432,0.7728999853134155
YLR278C,YIL096C,0,0.5778268,0.10063990950584412,0.8650000095367432,0.7730000019073486
YKL045W,YER087W,0,0.5778218,0.10062819719314575,0.8650000095367432,0.7731000185012817
YOR022C,YNL130C,1,0.5777346,0.10073281079530716,0.8659999966621399,0.7731000185012817
YDR452W,YLR225C,0,0.5775769,0.1007210984826088,0.8659999966621399,0.7731999754905701
YLL023C,YMR067C,0,0.5775492,0.10070938616991043,0.8659999966621399,0.7732999920845032
YLR064W,YDR243C,0,0.5774179,0.10069767385721207,0.8659999966621399,0.7734000086784363
YCR045C,YFR047C,0,0.57739174,0.1006859689950943,0.8659999966621399,0.7735000252723694
YGR122W,YER176W,0,0.57737595,0.10067426413297653,0.8659999966621399,0.7735999822616577
YER021W,YER071C,0,0.5773743,0.10066255927085876,0.8659999966621399,0.7736999988555908
YLR284C,YDR213W,1,0.5773182,0.10076708346605301,0.8669999837875366,0.7736999988555908
YNL121C,YAL068C,0,0.5772888,0.10075537115335464,0.8669999837875366,0.7738000154495239
YBR168W,YJR026W,0,0.5772028,0.10074366629123688,0.8669999837875366,0.7738999724388123
YPR057W,YNL113W,0,0.5771401,0.10073196142911911,0.8669999837875366,0.7739999890327454
YIL043C,YIL080W,0,0.57703495,0.10072025656700134,0.8669999837875366,0.7741000056266785
YMR145C,YOL098C,0,0.57690823,0.10070855915546417,0.8669999837875366,0.7742000222206116
YKR013W,YDR222W,0,0.5768515,0.100696861743927,0.8669999837875366,0.7742999792098999
YPL249C,YDL208W,0,0.5765599,0.10068517178297043,0.8669999837875366,0.774399995803833
YKL032C,YML133C,0,0.5762774,0.10067348182201385,0.8669999837875366,0.7745000123977661
YMR078C,YLL066C,0,0.57616764,0.10066179186105728,0.8669999837875366,0.7746000289916992
YGL139W,YHR138C,0,0.5761555,0.10065010190010071,0.8669999837875366,0.7746999859809875
YNL062C,YKL061W,0,0.5761094,0.10063841938972473,0.8669999837875366,0.7748000025749207
YFR001W,YLR055C,0,0.5758323,0.10062674432992935,0.8669999837875366,0.7749000191688538
YMR295C,YKL073W,0,0.5757664,0.10061506181955338,0.8669999837875366,0.7749999761581421
YFL011W,YDR196C,0,0.57574534,0.100603386759758,0.8669999837875366,0.7750999927520752
YDR191W,YKL051W,1,0.5757431,0.10070773959159851,0.8679999709129333,0.7750999927520752
YPL150W,YNL279W,0,0.57563084,0.10069605708122253,0.8679999709129333,0.7752000093460083
YDR216W,YHR210C,0,0.57560253,0.10068437457084656,0.8679999709129333,0.7753000259399414
YPL176C,YML128C,0,0.57543063,0.10067269951105118,0.8679999709129333,0.7753999829292297
YMR304W,YBL051C,0,0.5752474,0.1006610244512558,0.8679999709129333,0.7754999995231628
YHL026C,YJL192C,0,0.57516354,0.10064934939146042,0.8679999709129333,0.775600016117096
YJR047C,YHR122W,0,0.57510704,0.10063768178224564,0.8679999709129333,0.7756999731063843
YHR096C,YOL041C,0,0.57504684,0.10062601417303085,0.8679999709129333,0.7757999897003174
YDR541C,YNL126W,0,0.5749676,0.10061435401439667,0.8679999709129333,0.7759000062942505
YGR244C,YKR054C,0,0.5748786,0.10060268640518188,0.8679999709129333,0.7760000228881836
YNR053C,YDR016C,0,0.5744863,0.1005910336971283,0.8679999709129333,0.7760999798774719
YMR169C,YNL122C,0,0.5744542,0.10057937353849411,0.8679999709129333,0.776199996471405
YOR285W,YGL094C,0,0.5738733,0.10056772083044052,0.8679999709129333,0.7763000130653381
YIR035C,YPR080W,0,0.5738296,0.10055606812238693,0.8679999709129333,0.7764000296592712
YPL221W,YDR020C,0,0.57380474,0.10054442286491394,0.8679999709129333,0.7764999866485596
YMR319C,YJR088C,0,0.5737815,0.10053277760744095,0.8679999709129333,0.7766000032424927
YJL114W,YKL025C,0,0.57361794,0.10052113234996796,0.8679999709129333,0.7767000198364258
YDR119W,YDL133C-A,0,0.5735858,0.10050949454307556,0.8679999709129333,0.7767999768257141
YNL316C,YJL191W,0,0.5734661,0.10049785673618317,0.8679999709129333,0.7768999934196472
YLR164W,YHR034C,0,0.5734154,0.10048622637987137,0.8679999709129333,0.7770000100135803
YBR005W,YOR230W,0,0.57341254,0.10047458857297897,0.8679999709129333,0.7771000266075134
YDR004W,YDR476C,0,0.5733298,0.10046296566724777,0.8679999709129333,0.7771999835968018
YPL280W,YMR119W,0,0.57330704,0.10045133531093597,0.8679999709129333,0.7773000001907349
YKL029C,YDR527W,0,0.5732788,0.10043971240520477,0.8679999709129333,0.777400016784668
YDR476C,YJL028W,0,0.5730575,0.10042808949947357,0.8679999709129333,0.7774999737739563
YLR394W,YBL013W,0,0.57276624,0.10041647404432297,0.8679999709129333,0.7775999903678894
YBR016W,YJL099W,0,0.57275087,0.10040485858917236,0.8679999709129333,0.7777000069618225
YKL006W,YDR176W,0,0.5725538,0.10039324313402176,0.8679999709129333,0.7778000235557556
YMR273C,YKR042W,0,0.572476,0.10038163512945175,0.8679999709129333,0.777899980545044
YMR068W,YJL160C,0,0.5723585,0.10037002712488174,0.8679999709129333,0.777999997138977
YPL183C,YER145C,0,0.5723526,0.10035842657089233,0.8679999709129333,0.7781000137329102
YDR135C,YGL170C,0,0.5722516,0.10034681856632233,0.8679999709129333,0.7781999707221985
YPL223C,YJL076W,0,0.57211596,0.10033521801233292,0.8679999709129333,0.7782999873161316
YNL257C,YBL113C,0,0.57200485,0.1003236249089241,0.8679999709129333,0.7784000039100647
YOL011W,YGR175C,1,0.5717148,0.10042759776115417,0.8690000176429749,0.7784000039100647
YGR245C,YMR238W,0,0.5716803,0.10041598975658417,0.8690000176429749,0.7785000205039978
YDR444W,YHR039C,1,0.5711527,0.10051993280649185,0.8700000047683716,0.7785000205039978
YOR393W,YML049C,0,0.5711351,0.10050831735134125,0.8700000047683716,0.7785999774932861
YNL169C,YBR204C,1,0.5709667,0.10061222314834595,0.8709999918937683,0.7785999774932861
YJL020C,YMR323W,0,0.57092106,0.10060060024261475,0.8709999918937683,0.7786999940872192
YGR225W,YHR103W,0,0.5708577,0.10058898478746414,0.8709999918937683,0.7788000106811523
YJR109C,YNL138W-A,0,0.5707787,0.10057736933231354,0.8709999918937683,0.7789000272750854
YIL035C,YHR035W,0,0.57065564,0.10056575387716293,0.8709999918937683,0.7789999842643738
YOL070C,YLR460C,0,0.5706473,0.10055414587259293,0.8709999918937683,0.7791000008583069
YIR007W,YPL164C,0,0.570626,0.10054253786802292,0.8709999918937683,0.77920001745224
YIL144W,YJR088C,0,0.5705147,0.10053092986345291,0.8709999918937683,0.7792999744415283
YKL138C-A,YAL029C,0,0.5704834,0.1005193293094635,0.8709999918937683,0.7793999910354614
YLR315W,YNL240C,0,0.5703369,0.10050772875547409,0.8709999918937683,0.7795000076293945
YBL028C,YFL050C,0,0.57024795,0.10049613565206528,0.8709999918937683,0.7796000242233276
YOR285W,YDR354W,0,0.57015604,0.10048454254865646,0.8709999918937683,0.779699981212616
YKL007W,YDR338C,0,0.57005835,0.10047294944524765,0.8709999918937683,0.7797999978065491
YOL107W,YPL275W,0,0.5700199,0.10046136379241943,0.8709999918937683,0.7799000144004822
YOR313C,YDL004W,0,0.5696957,0.10044977813959122,0.8709999918937683,0.7799999713897705
YHR191C,YKL171W,0,0.5696271,0.100438192486763,0.8709999918937683,0.7800999879837036
YHR197W,YDL103C,0,0.5694543,0.10042661428451538,0.8709999918937683,0.7802000045776367
YNL045W,YER005W,1,0.56943506,0.10053031891584396,0.871999979019165,0.7802000045776367
YGR122W,YNL053W,0,0.56913453,0.10051873326301575,0.871999979019165,0.7803000211715698
YJR073C,YGL142C,1,0.56898594,0.10062240809202194,0.8730000257492065,0.7803000211715698
YBR201W,YOR019W,0,0.5686897,0.10061080753803253,0.8730000257492065,0.7803999781608582
YNR028W,YBR271W,0,0.5686878,0.10059921443462372,0.8730000257492065,0.7804999947547913
YIL082W-A,YNL117W,0,0.56854194,0.1005876287817955,0.8730000257492065,0.7806000113487244
YLR447C,YNL190W,0,0.5685039,0.10057603567838669,0.8730000257492065,0.7807000279426575
YGR048W,YCR023C,0,0.5684557,0.10056445002555847,0.8730000257492065,0.7807999849319458
YDR541C,YOR328W,0,0.56826043,0.10055286437273026,0.8730000257492065,0.7809000015258789
YLR080W,YBR096W,0,0.56808007,0.10054128617048264,0.8730000257492065,0.781000018119812
YKR027W,YIL119C,0,0.56800556,0.10052970796823502,0.8730000257492065,0.7810999751091003
YMR113W,YGR214W,0,0.56789386,0.100518137216568,0.8730000257492065,0.7811999917030334
YKL038W,YER185W,0,0.5676863,0.10050655901432037,0.8730000257492065,0.7813000082969666
YBL076C,YDR406W,0,0.567568,0.10049499571323395,0.8730000257492065,0.7814000248908997
YJR125C,YPL124W,0,0.5673878,0.10048342496156693,0.8730000257492065,0.781499981880188
YJL028W,YLR035C,0,0.5673588,0.1004718616604805,0.8730000257492065,0.7815999984741211
YPL150W,YOR132W,0,0.56713164,0.10046029835939407,0.8730000257492065,0.7817000150680542
YPL066W,YMR091C,0,0.56695694,0.10044874250888824,0.8730000257492065,0.7817999720573425
YGL144C,YDR444W,1,0.5669519,0.10055223107337952,0.8740000128746033,0.7817999720573425
YEL040W,YBL005W-B,0,0.56671476,0.10054066777229309,0.8740000128746033,0.7818999886512756
YDR422C,YBL113C,0,0.56670153,0.10052909702062607,0.8740000128746033,0.7820000052452087
YLR057W,YML069W,0,0.56657386,0.10051754117012024,0.8740000128746033,0.7821000218391418
YHL009C,YOL098C,0,0.56653166,0.10050597786903381,0.8740000128746033,0.7821999788284302
YDR367W,YMR260C,0,0.56647193,0.10049442201852798,0.8740000128746033,0.7822999954223633
YDR064W,YDR140W,0,0.56644547,0.10048286616802216,0.8740000128746033,0.7824000120162964
YPR097W,YDR142C,0,0.56618416,0.10047131776809692,0.8740000128746033,0.7825000286102295
YDL015C,YLR189C,1,0.5661281,0.10057470947504044,0.875,0.7825000286102295
YDL209C,YPL236C,0,0.5660848,0.1005631536245346,0.875,0.7825999855995178
YJR127C,YDR001C,0,0.5660756,0.10055159777402878,0.875,0.7827000021934509
YNL131W,YIR013C,0,0.5660446,0.10054004192352295,0.875,0.782800018787384
YKL077W,YMR156C,0,0.5658298,0.10052849352359772,0.875,0.7828999757766724
YDL206W,YDL005C,0,0.5658123,0.10051694512367249,0.875,0.7829999923706055
YDL064W,YFR024C,0,0.5656844,0.10050539672374725,0.875,0.7831000089645386
YAR071W,YLR277C,0,0.56554073,0.10049385577440262,0.875,0.7832000255584717
YGL096W,YBR181C,0,0.5655288,0.10048231482505798,0.875,0.78329998254776
YHL025W,YBR111W-A,0,0.56541544,0.10047077387571335,0.875,0.7833999991416931
YHR051W,YCR023C,0,0.56531596,0.10045924037694931,0.875,0.7835000157356262
YDR165W,YPL256C,0,0.5651628,0.10044770687818527,0.875,0.7835999727249146
YHL001W,YKL107W,0,0.5651364,0.10043618083000183,0.875,0.7836999893188477
YNR053C,YDR163W,0,0.5647493,0.10042465478181839,0.875,0.7838000059127808
YIL135C,YLL002W,0,0.56464195,0.10041312873363495,0.875,0.7839000225067139
YLR377C,YEL071W,0,0.5645592,0.1004016101360321,0.875,0.7839999794960022
YLR298C,YHR138C,0,0.5644851,0.10039008408784866,0.875,0.7840999960899353
YGR052W,YLR011W,0,0.5644404,0.10037857294082642,0.875,0.7842000126838684
YDR446W,YLR410W,0,0.56391835,0.10036705434322357,0.875,0.7843000292778015
YIL099W,YOR020C,0,0.5637498,0.10035554319620132,0.875,0.7843999862670898
YDR471W,YIR011C,0,0.5637298,0.10034403949975967,0.875,0.784500002861023
YDR261C,YIL080W,0,0.56371254,0.10033252835273743,0.875,0.784600019454956
YNR017W,YBL005W-A,0,0.56368685,0.10032102465629578,0.875,0.7846999764442444
YOL011W,YOR317W,1,0.56347376,0.10042416304349899,0.8759999871253967,0.7846999764442444
YNR030W,YBR204C,1,0.5634056,0.10052727907896042,0.8769999742507935,0.7846999764442444
YJL181W,YDL132W,0,0.5632389,0.10051576048135757,0.8769999742507935,0.7847999930381775
YAL061W,YKL054C,0,0.56318593,0.10050424188375473,0.8769999742507935,0.7849000096321106
YEL077C,YGL180W,0,0.56299657,0.10049272328615189,0.8769999742507935,0.7850000262260437
YBL113C,YLR417W,0,0.56267446,0.10048121213912964,0.8769999742507935,0.785099983215332
YEL051W,YGR125W,0,0.56251836,0.10046970099210739,0.8769999742507935,0.7851999998092651
YNL160W,YJL177W,0,0.56243265,0.10045818984508514,0.8769999742507935,0.7853000164031982
YDR174W,YIL031W,0,0.56228304,0.1004466861486435,0.8769999742507935,0.7853999733924866
YER011W,YDR469W,0,0.5621875,0.10043518245220184,0.8769999742507935,0.7854999899864197
YBR080C,YBL005W-B,0,0.562113,0.10042367875576019,0.8769999742507935,0.7856000065803528
YBL005W-A,YPL158C,0,0.5620418,0.10041218250989914,0.8769999742507935,0.7857000231742859
YER004W,YKL096W-A,0,0.5620317,0.10040068626403809,0.8769999742507935,0.7857999801635742
YNL245C,YBR069C,0,0.5620218,0.10038919746875763,0.8769999742507935,0.7858999967575073
YLR297W,YGL111W,0,0.5618587,0.10037770122289658,0.8769999742507935,0.7860000133514404
YJL051W,YNL066W,0,0.56161904,0.10036621987819672,0.8769999742507935,0.7860999703407288
YNL021W,YEL041W,0,0.56146455,0.10035473108291626,0.8769999742507935,0.7861999869346619
YDR211W,YER130C,0,0.5614588,0.1003432497382164,0.8769999742507935,0.786300003528595
YJR063W,YGR266W,0,0.56116974,0.10033176839351654,0.8769999742507935,0.7864000201225281
YER179W,YDL005C,0,0.5610943,0.10032029449939728,0.8769999742507935,0.7864999771118164
YGL125W,YMR250W,0,0.561084,0.10030882060527802,0.8769999742507935,0.7865999937057495
YGR203W,YDL154W,0,0.56106853,0.10029734671115875,0.8769999742507935,0.7867000102996826
YJR056C,YDL225W,0,0.56104356,0.10028588026762009,0.8769999742507935,0.7868000268936157
YCR005C,YHL012W,0,0.56099594,0.10027441382408142,0.8769999742507935,0.786899983882904
YOL130W,YPL131W,0,0.56073844,0.10026294738054276,0.8769999742507935,0.7870000004768372
YOL086C,YNL160W,0,0.5606157,0.10025148838758469,0.8769999742507935,0.7871000170707703
YOR256C,YNL095C,0,0.56060964,0.10024002939462662,0.8769999742507935,0.7871999740600586
YGR122W,YMR261C,0,0.56054544,0.10022857040166855,0.8769999742507935,0.7872999906539917
YLL017W,YHR002W,0,0.56044483,0.10021711885929108,0.8769999742507935,0.7874000072479248
YNL314W,YLR435W,0,0.560328,0.1002056673169136,0.8769999742507935,0.7875000238418579
YIR038C,YHR179W,0,0.5599382,0.10019421577453613,0.8769999742507935,0.7875999808311462
YBR069C,YCL024W,0,0.55977327,0.10018277168273926,0.8769999742507935,0.7876999974250793
YOR377W,YGL047W,1,0.5597623,0.10028555244207382,0.878000020980835,0.7876999974250793
YGL062W,YLR408C,0,0.5596543,0.10027410089969635,0.878000020980835,0.7878000140190125
YPR144C,YKL171W,0,0.559528,0.10026264935731888,0.878000020980835,0.7878999710083008
YBL007C,YER179W,0,0.55944955,0.1002511978149414,0.878000020980835,0.7879999876022339
YHR073W,YMR015C,1,0.5594176,0.1003539189696312,0.8790000081062317,0.7879999876022339
YDR171W,YLR042C,0,0.5593076,0.10034246742725372,0.8790000081062317,0.788100004196167
YEL048C,YGL005C,0,0.5592508,0.10033101588487625,0.8790000081062317,0.7882000207901001
YGL194C,YJL079C,0,0.55922407,0.10031956434249878,0.8790000081062317,0.7882999777793884
YLR187W,YER087W,0,0.5592235,0.10030811280012131,0.8790000081062317,0.7883999943733215
YIL106W,YDR196C,0,0.5587461,0.10029666870832443,0.8790000081062317,0.7885000109672546
YDR240C,YLR196W,0,0.55861056,0.10028522461652756,0.8790000081062317,0.7886000275611877
YOL154W,YLL004W,0,0.55860734,0.10027378797531128,0.8790000081062317,0.7886999845504761
YKL221W,YDR156W,0,0.558434,0.1002623438835144,0.8790000081062317,0.7888000011444092
YMR046C,YNL103W,0,0.558409,0.10025091469287872,0.8790000081062317,0.7889000177383423
YJR027W,YHR113W,0,0.5581811,0.10023947805166245,0.8790000081062317,0.7889999747276306
YNL238W,YIL096C,0,0.5581623,0.10022804886102676,0.8790000081062317,0.7890999913215637
YOR212W,YEL060C,0,0.5580604,0.10021661967039108,0.8790000081062317,0.7892000079154968
YKL155C,YJR028W,0,0.55779666,0.100205197930336,0.8790000081062317,0.7893000245094299
YDR338C,YDR105C,0,0.55765355,0.10019377619028091,0.8790000081062317,0.7893999814987183
YFR051C,YLR175W,0,0.5576216,0.10018235445022583,0.8790000081062317,0.7894999980926514
YIL069C,YOL136C,0,0.5576127,0.10017094016075134,0.8790000081062317,0.7896000146865845
YBR189W,YGL046W,0,0.55750734,0.10015952587127686,0.8790000081062317,0.7896999716758728
YCR068W,YFL031W,1,0.55749816,0.10026204586029053,0.8799999952316284,0.7896999716758728
YGL065C,YOR298W,1,0.5574236,0.100364550948143,0.8809999823570251,0.7896999716758728
YAL009W,YJL118W,0,0.55726784,0.10035311430692673,0.8809999823570251,0.7897999882698059
YDL087C,YLR345W,0,0.5572168,0.10034168511629105,0.8809999823570251,0.789900004863739
YOR355W,YDR338C,0,0.5571704,0.10033025592565536,0.8809999823570251,0.7900000214576721
YHR094C,YLR163C,0,0.55713636,0.10031883418560028,0.8809999823570251,0.7900999784469604
YMR050C,YDR178W,0,0.5571051,0.1003074124455452,0.8809999823570251,0.7901999950408936
YDR131C,YER040W,0,0.55710495,0.10029599070549011,0.8809999823570251,0.7903000116348267
YGL055W,YLR020C,1,0.5569808,0.10039840638637543,0.8820000290870667,0.7903000116348267
YHR063C,YDL021W,0,0.5568576,0.10038697719573975,0.8820000290870667,0.7904000282287598
YBR258C,YML024W,0,0.5566482,0.10037555545568466,0.8820000290870667,0.7904999852180481
YHR214W,YDR381W,0,0.5565252,0.10036413371562958,0.8820000290870667,0.7906000018119812
YDR415C,YGL048C,0,0.55617017,0.1003527119755745,0.8820000290870667,0.7907000184059143
YDR194C,YCL019W,0,0.5560125,0.1003412976861,0.8820000290870667,0.7907999753952026
YGR205W,YDR307W,0,0.556011,0.10032988339662552,0.8820000290870667,0.7908999919891357
YCR020W-B,YGR125W,0,0.5559977,0.10031846910715103,0.8820000290870667,0.7910000085830688
YLR460C,YHR037W,0,0.55598193,0.10030706226825714,0.8820000290870667,0.791100025177002
YIL083C,YDR293C,0,0.5556947,0.10029565542936325,0.8820000290870667,0.7911999821662903
YPR135W,YMR087W,0,0.5556765,0.10028425604104996,0.8820000290870667,0.7912999987602234
YKL129C,YIL082W-A,0,0.55567634,0.10027284920215607,0.8820000290870667,0.7914000153541565
YLR466W,YDL081C,0,0.555537,0.10026144981384277,0.8820000290870667,0.7914999723434448
YMR046C,YGR229C,0,0.5550956,0.10025005787611008,0.8820000290870667,0.7915999889373779
YGR166W,YNL016W,0,0.5549867,0.10023866593837738,0.8820000290870667,0.791700005531311
YDL061C,YIR025W,0,0.55498326,0.10022727400064468,0.8820000290870667,0.7918000221252441
YDR415C,YDR243C,0,0.55489725,0.10021588206291199,0.8820000290870667,0.7918999791145325
YDR079C-A,YML100W,0,0.55482733,0.10020449757575989,0.8820000290870667,0.7919999957084656
YLR222C,YIL091C,0,0.5547461,0.10019311308860779,0.8820000290870667,0.7921000123023987
YPR140W,YLR189C,1,0.55471337,0.10029532015323639,0.8830000162124634,0.7921000123023987
YPL088W,YBR200W,0,0.554674,0.10028392821550369,0.8830000162124634,0.7922000288963318
YGR178C,YKL220C,0,0.5545693,0.10027254372835159,0.8830000162124634,0.7922999858856201
YPR046W,YOR243C,0,0.5544658,0.1002611592411995,0.8830000162124634,0.7924000024795532
YMR099C,YNL095C,0,0.55446374,0.1002497747540474,0.8830000162124634,0.7925000190734863
YPR196W,YHR209W,0,0.554291,0.1002383902668953,0.8830000162124634,0.7925999760627747
YDL201W,YGR109C,0,0.5542046,0.10022701323032379,0.8830000162124634,0.7926999926567078
YHR134W,YOR168W,0,0.5541805,0.10021563619375229,0.8830000162124634,0.7928000092506409
YLR073C,YDR235W,0,0.554141,0.10020426660776138,0.8830000162124634,0.792900025844574
YDR538W,YPL275W,0,0.55408007,0.10019289702177048,0.8830000162124634,0.7929999828338623
YBL113C,YBR295W,0,0.5540652,0.10018152743577957,0.8830000162124634,0.7930999994277954
YPL141C,YER109C,0,0.55403167,0.10017016530036926,0.8830000162124634,0.7932000160217285
YHL026C,YCR066W,0,0.55402696,0.10015880316495895,0.8830000162124634,0.7932999730110168
YBR067C,YGL013C,0,0.55394965,0.10014744102954865,0.8830000162124634,0.79339998960495
YKR101W,YPL230W,0,0.5538704,0.10013608634471893,0.8830000162124634,0.7935000061988831
YPL249C-A,YLR136C,0,0.55380017,0.10012473165988922,0.8830000162124634,0.7936000227928162
YHR134W,YPL037C,0,0.5537388,0.10011337697505951,0.8830000162124634,0.7936999797821045
YOR098C,YFL053W,0,0.55371344,0.1001020297408104,0.8830000162124634,0.7937999963760376
YKL063C,YDR151C,0,0.55369735,0.10009068250656128,0.8830000162124634,0.7939000129699707
YPL018W,YDR186C,0,0.5535878,0.10007933527231216,0.8830000162124634,0.7940000295639038
YDL197C,YLR064W,0,0.5535454,0.10006799548864365,0.8830000162124634,0.7940999865531921
YBR043C,YIL080W,0,0.55351967,0.10005665570497513,0.8830000162124634,0.7942000031471252
YCR018C,YNL209W,0,0.55340165,0.10004532337188721,0.8830000162124634,0.7943000197410583
YCR079W,YER103W,0,0.5533153,0.10003398358821869,0.8830000162124634,0.7943999767303467
YLR297W,YNL225C,0,0.55328435,0.10002265870571136,0.8830000162124634,0.7944999933242798
YKL029C,YML100W,0,0.55296725,0.10001132637262344,0.8830000162124634,0.7946000099182129
YDL197C,YOR292C,0,0.55276054,0.10000000149011612,0.8830000162124634,0.794700026512146
YJL151C,YKR093W,0,0.55275583,0.0999886766076088,0.8830000162124634,0.7947999835014343
YJL114W,YDR296W,0,0.5527395,0.09997735172510147,0.8830000162124634,0.7949000000953674
YBR056W,YOR125C,0,0.55263317,0.09996603429317474,0.8830000162124634,0.7950000166893005
YOR219C,YPR148C,0,0.5525428,0.09995471686124802,0.8830000162124634,0.7950999736785889
YEL040W,YDR092W,0,0.55170196,0.09994340687990189,0.8830000162124634,0.795199990272522
YGL107C,YKR039W,0,0.5516983,0.09993209689855576,0.8830000162124634,0.7953000068664551
YNL045W,YKL051W,1,0.5516919,0.1000339463353157,0.8840000033378601,0.7953000068664551
YJL181W,YER130C,0,0.55157584,0.10002262890338898,0.8840000033378601,0.7954000234603882
YMR123W,YBL005W-A,0,0.55154425,0.10001131147146225,0.8840000033378601,0.7954999804496765
YOR251C,YIL053W,0,0.55149,0.10000000149011612,0.8840000033378601,0.7955999970436096
YJR107W,YHR001W,1,0.5513575,0.10010179877281189,0.8849999904632568,0.7955999970436096
YGR122W,YGL195W,0,0.5509471,0.10009047389030457,0.8849999904632568,0.7957000136375427
YPR194C,YHR214C-B,0,0.5508893,0.10007915645837784,0.8849999904632568,0.795799970626831
YNR075W,YGL150C,0,0.55082655,0.10006783902645111,0.8849999904632568,0.7958999872207642
YIL170W,YKR096W,0,0.55074763,0.10005652904510498,0.8849999904632568,0.7960000038146973
YNR018W,YJL078C,0,0.55073243,0.10004521906375885,0.8849999904632568,0.7961000204086304
YGL030W,YPR083W,0,0.55061924,0.10003390908241272,0.8849999904632568,0.7961999773979187
YMR146C,YOR068C,0,0.55054855,0.10002260655164719,0.8849999904632568,0.7962999939918518
YER018C,YKL171W,0,0.55044013,0.10001130402088165,0.8849999904632568,0.7964000105857849
YNR074C,YOR086C,0,0.5503303,0.10000000149011612,0.8849999904632568,0.796500027179718
YER137C,YBR215W,0,0.55026764,0.09998869895935059,0.8849999904632568,0.7965999841690063
YPL162C,YOR136W,0,0.5502451,0.09997740387916565,0.8849999904632568,0.7967000007629395
YPL173W,YIL158W,0,0.55002046,0.09996611624956131,0.8849999904632568,0.7968000173568726
YLR043C,YIL046W,0,0.5499016,0.09995482116937637,0.8849999904632568,0.7968999743461609
YDL245C,YNL065W,0,0.5496243,0.09994353353977203,0.8849999904632568,0.796999990940094
YHR200W,YHR122W,0,0.549608,0.0999322459101677,0.8849999904632568,0.7971000075340271
YNL194C,YJL024C,0,0.54942846,0.09992096573114395,0.8849999904632568,0.7972000241279602
YGL061C,YKR057W,0,0.5492888,0.09990968555212021,0.8849999904632568,0.7972999811172485
YMR099C,YGL030W,0,0.5492782,0.09989840537309647,0.8849999904632568,0.7973999977111816
YKL138C-A,YDL061C,0,0.5492321,0.09988713264465332,0.8849999904632568,0.7975000143051147
YLR160C,YJL176C,0,0.5491815,0.09987585991621017,0.8849999904632568,0.7975999712944031
YLR345W,YOR198C,0,0.5490899,0.09986458718776703,0.8849999904632568,0.7976999878883362
YLR064W,YDR463W,0,0.549064,0.09985332190990448,0.8849999904632568,0.7978000044822693
YIR035C,YHR005C,0,0.5489763,0.09984205663204193,0.8849999904632568,0.7979000210762024
YLL014W,YGR217W,0,0.5488124,0.09983079880475998,0.8849999904632568,0.7979999780654907
YPL010W,YIR007W,0,0.5485956,0.09981953352689743,0.8849999904632568,0.7980999946594238
YKR096W,YLR329W,0,0.54844207,0.09980827569961548,0.8849999904632568,0.7982000112533569
YHL021C,YDR296W,0,0.5484405,0.09979702532291412,0.8849999904632568,0.79830002784729
YHR179W,YER039C,0,0.54834324,0.09978576749563217,0.8849999904632568,0.7983999848365784
YNL238W,YMR134W,0,0.5483227,0.09977452456951141,0.8849999904632568,0.7985000014305115
YFL017W-A,YGR118W,0,0.54831797,0.09976327419281006,0.8849999904632568,0.7986000180244446
YHR069C,YHR072W-A,0,0.5481649,0.0997520312666893,0.8849999904632568,0.7986999750137329
YDR444W,YJR073C,1,0.5481329,0.09985348582267761,0.8859999775886536,0.7986999750137329
YHR073W,YOR298W,1,0.54811144,0.09995492547750473,0.8870000243186951,0.7986999750137329
YNL014W,YNL092W,0,0.54809135,0.09994366019964218,0.8870000243186951,0.798799991607666
YMR133W,YGR012W,0,0.5480316,0.09993240237236023,0.8870000243186951,0.7989000082015991
YDL119C,YOL017W,0,0.547927,0.09992114454507828,0.8870000243186951,0.7990000247955322
YKL217W,YIL087C,0,0.5479238,0.09990988671779633,0.8870000243186951,0.7990999817848206
YJL074C,YBR054W,0,0.5478755,0.09989863634109497,0.8870000243186951,0.7991999983787537
YBR272C,YMR118C,0,0.54780096,0.09988738596439362,0.8870000243186951,0.7993000149726868
YKR087C,YNL113W,0,0.5477123,0.09987614303827286,0.8870000243186951,0.7993999719619751
YML006C,YLR264W,0,0.547669,0.0998648926615715,0.8870000243186951,0.7994999885559082
YPL234C,YDR367W,0,0.54743445,0.09985364973545074,0.8870000243186951,0.7996000051498413
YGL160W,YDR377W,0,0.5474243,0.09984241425991058,0.8870000243186951,0.7997000217437744
YMR046C,YHR157W,0,0.5472669,0.09983117878437042,0.8870000243186951,0.7997999787330627
YKL222C,YPL086C,0,0.54725695,0.09981994330883026,0.8870000243186951,0.7998999953269958
YLR263W,YHL012W,0,0.5472087,0.0998087078332901,0.8870000243186951,0.800000011920929
YBL112C,YHR214C-B,0,0.54720753,0.09979747980833054,0.8870000243186951,0.8001000285148621
YLR187W,YGR055W,0,0.5471779,0.09978625178337097,0.8870000243186951,0.8001999855041504
YPL152W,YKL082C,0,0.5470861,0.099775031208992,0.8870000243186951,0.8003000020980835
YPL162C,YDR144C,0,0.5469965,0.09976380318403244,0.8870000243186951,0.8004000186920166
YHL017W,YBL089W,0,0.54696894,0.09975259006023407,0.8870000243186951,0.8004999756813049
YJR138W,YAL054C,0,0.5469622,0.0997413694858551,0.8870000243186951,0.800599992275238
YMR014W,YPR148C,0,0.5464122,0.09973015636205673,0.8870000243186951,0.8007000088691711
YLR363C,YER160C,0,0.54637027,0.09971894323825836,0.8870000243186951,0.8008000254631042
YKR034W,YHR113W,0,0.546349,0.09970773011445999,0.8870000243186951,0.8008999824523926
YDR009W,YIL107C,0,0.5462655,0.09969652444124222,0.8870000243186951,0.8009999990463257
YDL119C,YKL080W,0,0.54626065,0.09968532621860504,0.8870000243186951,0.8011000156402588
YCR045C,YIL017C,0,0.5462444,0.09967412054538727,0.8870000243186951,0.8011999726295471
YBR061C,YGL010W,0,0.546233,0.09966292232275009,0.8870000243186951,0.8012999892234802
YPR114W,YHR079C-A,0,0.5461504,0.09965172410011292,0.8870000243186951,0.8014000058174133
YBL005W-A,YMR048W,0,0.5461017,0.09964053332805634,0.8870000243186951,0.8015000224113464
YIR007W,YHR005C,0,0.5460439,0.09962933510541916,0.8870000243186951,0.8015999794006348
YHR210C,YJL057C,0,0.5460331,0.09961815178394318,0.8870000243186951,0.8016999959945679
YHR005C-A,YJL011C,0,0.5459881,0.0996069610118866,0.8870000243186951,0.801800012588501
YIL076W,YJL216C,0,0.54555655,0.09959577769041061,0.8870000243186951,0.8019000291824341
YJR054W,YPL180W,0,0.54552794,0.09958459436893463,0.8870000243186951,0.8019999861717224
YPL141C,YNL299W,0,0.54551035,0.09957341849803925,0.8870000243186951,0.8021000027656555
YPL151C,YMR050C,0,0.5452762,0.09956224262714386,0.8870000243186951,0.8022000193595886
YDL022W,YBR133C,0,0.5451808,0.09955106675624847,0.8870000243186951,0.802299976348877
YDL128W,YDL211C,0,0.5450505,0.09953989088535309,0.8870000243186951,0.8023999929428101
YOR095C,YDR266C,0,0.5448481,0.0995287224650383,0.8870000243186951,0.8025000095367432
YGR178C,YOR349W,0,0.54477835,0.09951756149530411,0.8870000243186951,0.8026000261306763
YOR251C,YLR007W,0,0.54471296,0.09950639307498932,0.8870000243186951,0.8026999831199646
YKL071W,YMR322C,0,0.54453856,0.09949523210525513,0.8870000243186951,0.8027999997138977
YLR411W,YDL012C,0,0.544438,0.09948407113552094,0.8870000243186951,0.8029000163078308
YPL113C,YCR028C-A,0,0.54442954,0.09947291761636734,0.8870000243186951,0.8029999732971191
YGL160W,YOL126C,0,0.54428005,0.09946176409721375,0.8870000243186951,0.8030999898910522
YML039W,YNL279W,0,0.54427415,0.09945061057806015,0.8870000243186951,0.8032000064849854
YKL157W,YKL163W,0,0.5441454,0.09943946450948715,0.8870000243186951,0.8033000230789185
YBR021W,YLR042C,0,0.54409194,0.09942831844091415,0.8870000243186951,0.8033999800682068
YCR016W,YGR004W,0,0.5439847,0.09941717237234116,0.8870000243186951,0.8034999966621399
YJL154C,YML133C,0,0.54341555,0.09940602630376816,0.8870000243186951,0.803600013256073
YBL100W-A,YGR155W,0,0.5432603,0.09939488768577576,0.8870000243186951,0.8036999702453613
YGR103W,YHL018W,0,0.5431999,0.09938375651836395,0.8870000243186951,0.8037999868392944
YLR288C,YLL008W,0,0.54309016,0.09937261790037155,0.8870000243186951,0.8039000034332275
YIL040W,YJR028W,0,0.54302496,0.09936148673295975,0.8870000243186951,0.8040000200271606
YMR046C,YJL060W,0,0.5429376,0.09935035556554794,0.8870000243186951,0.804099977016449
YBL076C,YFR016C,0,0.5429054,0.09933923184871674,0.8870000243186951,0.8041999936103821
YPL151C,YHL033C,0,0.54262984,0.09932810813188553,0.8870000243186951,0.8043000102043152
YGR105W,YPL168W,0,0.54252326,0.09931698441505432,0.8870000243186951,0.8044000267982483
YLR043C,YKL086W,0,0.5424176,0.09930586814880371,0.8870000243186951,0.8044999837875366
YGL116W,YDR004W,0,0.5421472,0.0992947518825531,0.8870000243186951,0.8046000003814697
YFR045W,YDR451C,0,0.5421414,0.09928363561630249,0.8870000243186951,0.8047000169754028
YCL068C,YNL312W,0,0.54193586,0.09927252680063248,0.8870000243186951,0.8047999739646912
YNL116W,YPL236C,0,0.54189485,0.09926141798496246,0.8870000243186951,0.8048999905586243
YNL082W,YNL110C,0,0.5416707,0.09925030916929245,0.8870000243186951,0.8050000071525574
YCR014C,YBR243C,0,0.54164743,0.09923920035362244,0.8870000243186951,0.8051000237464905
YJL114W,YML120C,0,0.54158574,0.09922809898853302,0.8870000243186951,0.8051999807357788
YKL148C,YCL030C,0,0.5415021,0.0992170050740242,0.8870000243186951,0.8052999973297119
YPR067W,YKL063C,0,0.5414357,0.09920590370893478,0.8870000243186951,0.805400013923645
YLR057W,YDL020C,0,0.54129845,0.09919480979442596,0.8870000243186951,0.8054999709129333
YJR149W,YPL002C,0,0.54117674,0.09918371587991714,0.8870000243186951,0.8055999875068665
YPR161C,YLR167W,0,0.5411585,0.09917262941598892,0.8870000243186951,0.8057000041007996
YGR179C,YOR214C,0,0.5411096,0.0991615429520607,0.8870000243186951,0.8058000206947327
YHR133C,YOR298W,1,0.54109246,0.09926223754882812,0.8880000114440918,0.8058000206947327
YHR002W,YER062C,0,0.5409689,0.0992511436343193,0.8880000114440918,0.805899977684021
YDR109C,YKL054C,0,0.5408875,0.09924005717039108,0.8880000114440918,0.8059999942779541
YGL092W,YBL005W-B,0,0.5408587,0.09922896325588226,0.8880000114440918,0.8061000108718872
YNL254C,YLL032C,0,0.5408314,0.09921787679195404,0.8880000114440918,0.8062000274658203
YLL032C,YKR100C,0,0.54071176,0.09920679032802582,0.8880000114440918,0.8062999844551086
YKR024C,YBR085W,0,0.5403578,0.09919571131467819,0.8880000114440918,0.8064000010490417
YMR160W,YHR204W,0,0.5402068,0.09918463230133057,0.8880000114440918,0.8065000176429749
YPR121W,YIL080W,0,0.5401897,0.09917355328798294,0.8880000114440918,0.8065999746322632
YAR009C,YJL210W,0,0.5400733,0.09916248172521591,0.8880000114440918,0.8066999912261963
YCR018C,YPL150W,0,0.54004985,0.09915141016244888,0.8880000114440918,0.8068000078201294
YML086C,YLL032C,0,0.5397981,0.09914033859968185,0.8880000114440918,0.8069000244140625
YDL246C,YNL336W,0,0.5397834,0.09912926703691483,0.8880000114440918,0.8069999814033508
YAR009C,YNL288W,0,0.5396307,0.0991182029247284,0.8880000114440918,0.8070999979972839
YJL013C,YJL159W,0,0.53949714,0.09910714626312256,0.8880000114440918,0.807200014591217
YBR031W,YHR120W,0,0.53933537,0.09909608215093613,0.8880000114440918,0.8072999715805054
YNL181W,YFL018C,0,0.5393338,0.09908502548933029,0.8880000114440918,0.8073999881744385
YDR306C,YML025C,0,0.5391159,0.09907396882772446,0.8880000114440918,0.8075000047683716
YOL052C-A,YLL003W,0,0.5387132,0.09906291961669922,0.8880000114440918,0.8076000213623047
YOR133W,YCR045C,0,0.5387107,0.09905187040567398,0.8880000114440918,0.807699978351593
YPL141C,YLR055C,0,0.538549,0.09904082119464874,0.8880000114440918,0.8077999949455261
YDR131C,YER159C,0,0.5385062,0.0990297794342041,0.8880000114440918,0.8079000115394592
YBR201W,YFL054C,0,0.53850204,0.09901873022317886,0.8880000114440918,0.8080000281333923
YDR317W,YGR254W,0,0.5384346,0.09900769591331482,0.8880000114440918,0.8080999851226807
YOL044W,YLR406C,0,0.5382476,0.09899665415287018,0.8880000114440918,0.8082000017166138
YBL005W-A,YOL102C,0,0.53819084,0.09898561984300613,0.8880000114440918,0.8083000183105469
YJR056C,YCL051W,0,0.5379587,0.09897458553314209,0.8880000114440918,0.8083999752998352
YML102W,YMR050C,0,0.53776616,0.09896355867385864,0.8880000114440918,0.8084999918937683
YOR291W,YGL107C,0,0.53743285,0.0989525318145752,0.8880000114440918,0.8086000084877014
YGL047W,YPL076W,1,0.53701293,0.09905292838811874,0.8889999985694885,0.8086000084877014
YBR093C,YJL018W,0,0.5370022,0.0990418866276741,0.8889999985694885,0.8087000250816345
YHR128W,YDR383C,0,0.5369883,0.09903085976839066,0.8889999985694885,0.8087999820709229
YKL210W,YGL033W,0,0.53684497,0.09901982545852661,0.8889999985694885,0.808899998664856
YHR045W,YDL179W,0,0.53675723,0.09900879859924316,0.8889999985694885,0.8090000152587891
YPL249C-A,YLR408C,0,0.5367267,0.09899777173995972,0.8889999985694885,0.8090999722480774
YIL154C,YPL158C,0,0.5366487,0.09898675233125687,0.8889999985694885,0.8091999888420105
YNL123W,YDR444W,1,0.5366402,0.09908705949783325,0.8899999856948853,0.8091999888420105
YIL014W,YGR235C,0,0.5363968,0.0990760326385498,0.8899999856948853,0.8093000054359436
YMR267W,YJL191W,0,0.536218,0.09906500577926636,0.8899999856948853,0.8094000220298767
YDL021W,YBL034C,0,0.53588474,0.09905397891998291,0.8899999856948853,0.809499979019165
YOL053C-A,YDR398W,0,0.53549886,0.09904295206069946,0.8899999856948853,0.8095999956130981
YMR059W,YKL061W,0,0.53542024,0.09903193265199661,0.8899999856948853,0.8097000122070312
YJL174W,YHL028W,0,0.53521204,0.09902091324329376,0.8899999856948853,0.8098000288009644
YGL241W,YNR004W,0,0.5349875,0.09900990128517151,0.8899999856948853,0.8098999857902527
YGL028C,YCL020W,0,0.5349866,0.09899888932704926,0.8899999856948853,0.8100000023841858
YNR004W,YER094C,0,0.5349083,0.098987877368927,0.8899999856948853,0.8101000189781189
YDR186C,YDR463W,0,0.53477913,0.09897686541080475,0.8899999856948853,0.8101999759674072
YNL273W,YMR131C,0,0.534711,0.09896586090326309,0.8899999856948853,0.8102999925613403
YGL011C,YER160C,0,0.53470564,0.09895485639572144,0.8899999856948853,0.8104000091552734
YCL018W,YJL114W,0,0.534665,0.09894385933876038,0.8899999856948853,0.8105000257492065
YDL104C,YPL056C,0,0.5345399,0.09893286228179932,0.8899999856948853,0.8105999827384949
YOR025W,YER015W,1,0.5344386,0.09903301298618317,0.890999972820282,0.8105999827384949
YML056C,YJL113W,0,0.53427845,0.09902200847864151,0.890999972820282,0.810699999332428
YJL160C,YJL024C,0,0.5342673,0.09901100397109985,0.890999972820282,0.8108000159263611
YOR022C,YNL038W,1,0.53424037,0.09911110997200012,0.8920000195503235,0.8108000159263611
YMR090W,YER098W,0,0.5340514,0.09910009801387787,0.8920000195503235,0.8108999729156494
YDR484W,YNR067C,0,0.53403246,0.09908909350633621,0.8920000195503235,0.8109999895095825
YHR165C,YPR148C,0,0.5340094,0.09907808154821396,0.8920000195503235,0.8111000061035156
YDR429C,YGR067C,0,0.53382736,0.0990670844912529,0.8920000195503235,0.8112000226974487
YNL336W,YDL081C,0,0.5335003,0.09905607998371124,0.8920000195503235,0.8112999796867371
YBL013W,YCL035C,0,0.5333531,0.09904508292675018,0.8920000195503235,0.8113999962806702
YGR155W,YNL176C,0,0.533293,0.09903408586978912,0.8920000195503235,0.8115000128746033
YIL017W,YNL256W,0,0.53315365,0.09902308881282806,0.8920000195503235,0.8116000294685364
YPL183W-A,YPR148C,0,0.5328873,0.0990120992064476,0.8920000195503235,0.8116999864578247
YPR004C,YCL045C,0,0.53284025,0.09900110960006714,0.8920000195503235,0.8118000030517578
YKR102W,YFR044C,0,0.5328268,0.09899011999368668,0.8920000195503235,0.8119000196456909
YML058W,YJL021C,0,0.53262275,0.09897913783788681,0.8920000195503235,0.8119999766349792
YLR075W,YDR350C,0,0.5324922,0.09896815568208694,0.8920000195503235,0.8120999932289124
YPR196W,YKL112W,0,0.5324378,0.09895718097686768,0.8920000195503235,0.8122000098228455
YLR210W,YPR133W-A,0,0.5323664,0.09894619882106781,0.8920000195503235,0.8123000264167786
YLR355C,YDL124W,0,0.5322464,0.09893522411584854,0.8920000195503235,0.8123999834060669
YPR167C,YIL123W,0,0.5321439,0.09892425686120987,0.8920000195503235,0.8125
YMR305C,YMR244C-A,0,0.5320562,0.0989132821559906,0.8920000195503235,0.8126000165939331
YKL222C,YPR029C,0,0.53191936,0.09890231490135193,0.8920000195503235,0.8126999735832214
YOL095C,YGR161C,0,0.53185093,0.09889135509729385,0.8920000195503235,0.8127999901771545
YOL086C,YJL098W,0,0.5318415,0.09888038784265518,0.8920000195503235,0.8129000067710876
YNL147W,YDL012C,0,0.5317948,0.0988694280385971,0.8920000195503235,0.8130000233650208
YFL057C,YIL173W,0,0.53176105,0.09885847568511963,0.8920000195503235,0.8130999803543091
YML071C,YGR251W,0,0.53169245,0.09884751588106155,0.8920000195503235,0.8131999969482422
YDR210W,YNL282W,0,0.53156286,0.09883656352758408,0.8920000195503235,0.8133000135421753
YPL127C,YNL058C,0,0.53154206,0.0988256111741066,0.8920000195503235,0.8133999705314636
YML039W,YLR141W,0,0.5313776,0.09881466627120972,0.8920000195503235,0.8134999871253967
YMR116C,YBR049C,0,0.53114116,0.09880372136831284,0.8920000195503235,0.8136000037193298
YKL222C,YML011C,0,0.5310697,0.09879277646541595,0.8920000195503235,0.8137000203132629
YAR009C,YDR229W,0,0.53091204,0.09878183901309967,0.8920000195503235,0.8137999773025513
YLL028W,YKL006W,0,0.5308396,0.09877090156078339,0.8920000195503235,0.8138999938964844
YKL182W,YBR004C,1,0.53082645,0.09887067973613739,0.8930000066757202,0.8138999938964844
YJL063C,YPL275W,0,0.5306331,0.09885973483324051,0.8930000066757202,0.8140000104904175
YOR273C,YFR024C,0,0.5305835,0.09884878993034363,0.8930000066757202,0.8141000270843506
YLR057W,YNL270C,0,0.5305283,0.09883785247802734,0.8930000066757202,0.8141999840736389
YKL090W,YML039W,0,0.5304299,0.09882691502571106,0.8930000066757202,0.814300000667572
YBR260C,YJL050W,0,0.53019303,0.09881597757339478,0.8930000066757202,0.8144000172615051
YGL012W,YDR147W,1,0.53017396,0.09891568869352341,0.8939999938011169,0.8144000172615051
YMR159C,YDR266C,0,0.5300728,0.09890474379062653,0.8939999938011169,0.8144999742507935
YOL101C,YNR019W,1,0.5300385,0.09900442510843277,0.8949999809265137,0.8144999742507935
YOR049C,YHL026C,0,0.53002906,0.09899347275495529,0.8949999809265137,0.8145999908447266
YER062C,YER022W,0,0.52986914,0.09898252785205841,0.8949999809265137,0.8147000074386597
YMR268W-A,YER177W,0,0.5298212,0.09897158294916153,0.8949999809265137,0.8148000240325928
YJL149W,YOR136W,0,0.52953345,0.09896063804626465,0.8949999809265137,0.8148999810218811
YBL100W-A,YDR188W,0,0.5292505,0.09894969314336777,0.8949999809265137,0.8149999976158142
YLL016W,YGL170C,0,0.52922237,0.09893875569105148,0.8949999809265137,0.8151000142097473
YIL017W,YOR188W,0,0.52913886,0.0989278182387352,0.8949999809265137,0.8151999711990356
YJL024C,YNR075W,0,0.52908176,0.09891688823699951,0.8949999809265137,0.8152999877929688
YPR010C,YHR032W,0,0.5290085,0.09890595823526382,0.8949999809265137,0.8154000043869019
YNL134C,YDR517W,0,0.5288014,0.09889502823352814,0.8949999809265137,0.815500020980835
YKR045C,YFR031C,0,0.5287689,0.09888409823179245,0.8949999809265137,0.8155999779701233
YDR218C,YKL027W,0,0.52857965,0.09887317568063736,0.8949999809265137,0.8156999945640564
YLR050C,YGR056W,0,0.5285605,0.09886225312948227,0.8949999809265137,0.8158000111579895
YBR141C,YOR125C,0,0.52845776,0.09885133802890778,0.8949999809265137,0.8159000277519226
YKL138C-A,YGR005C,0,0.5284501,0.09884042292833328,0.8949999809265137,0.8159999847412109
YDR111C,YBR235W,0,0.52835345,0.09882950782775879,0.8949999809265137,0.816100001335144
YBR127C,YJL057C,0,0.52835137,0.0988185927271843,0.8949999809265137,0.8162000179290771
YDR541C,YDR381W,0,0.52826124,0.0988076850771904,0.8949999809265137,0.8162999749183655
YBR191W,YOL053C-A,0,0.52822286,0.0987967774271965,0.8949999809265137,0.8163999915122986
YKL120W,YKR095W-A,0,0.52808803,0.0987858697772026,0.8949999809265137,0.8165000081062317
YBL005W-A,YDR351W,0,0.52798855,0.0987749695777893,0.8949999809265137,0.8166000247001648
YOR285W,YDL079C,0,0.5276123,0.09876406937837601,0.8949999809265137,0.8166999816894531
YGL028C,YLR004C,0,0.52747154,0.09875316917896271,0.8949999809265137,0.8167999982833862
YPR011C,YDR207C,0,0.527454,0.09874227643013,0.8949999809265137,0.8169000148773193
YDR020C,YNL240C,0,0.5273146,0.0987313836812973,0.8949999809265137,0.8169999718666077
YGL190C,YLR154W-C,0,0.5271698,0.0987204909324646,0.8949999809265137,0.8170999884605408
YBL003C,YDR020C,0,0.5269372,0.0987096056342125,0.8949999809265137,0.8172000050544739
YGR122W,YPL147W,0,0.5267337,0.09869872033596039,0.8949999809265137,0.817300021648407
YOR338W,YJL179W,0,0.5267247,0.09868783503770828,0.8949999809265137,0.8173999786376953
YAR009C,YPL098C,0,0.52646506,0.09867695719003677,0.8949999809265137,0.8174999952316284
YEL041W,YOR008C,0,0.52646005,0.09866607934236526,0.8949999809265137,0.8176000118255615
YDR528W,YHR174W,0,0.5262114,0.09865520149469376,0.8949999809265137,0.8177000284194946
YOR344C,YOL043C,0,0.52596515,0.09864433109760284,0.8949999809265137,0.817799985408783
YEL003W,YPL276W,0,0.5258349,0.09863346070051193,0.8949999809265137,0.8179000020027161
YPL128C,YNL024C,0,0.5256797,0.09862259030342102,0.8949999809265137,0.8180000185966492
YBR154C,YGR266W,0,0.5255346,0.09861171990633011,0.8949999809265137,0.8180999755859375
YKL182W,YPL069C,1,0.5254836,0.0987110286951065,0.8960000276565552,0.8180999755859375
YPL167C,YFR044C,0,0.52541226,0.098700150847435,0.8960000276565552,0.8181999921798706
YMR097C,YMR087W,0,0.52524006,0.09868928045034409,0.8960000276565552,0.8183000087738037
YLL012W,YAR035W,1,0.5250197,0.0987885445356369,0.8970000147819519,0.8183000087738037
YIR039C,YNL329C,0,0.52494437,0.0987776666879654,0.8970000147819519,0.8184000253677368
YIL133C,YDL119C,0,0.5247941,0.09876678884029388,0.8970000147819519,0.8184999823570251
YPL046C,YJR047C,0,0.5247899,0.09875591844320297,0.8970000147819519,0.8185999989509583
YIL017W,YER056C,0,0.5247505,0.09874504804611206,0.8970000147819519,0.8187000155448914
YER138C,YLL067C,0,0.5247368,0.09873417764902115,0.8970000147819519,0.8187999725341797
YLR234W,YHR033W,0,0.5246883,0.09872330725193024,0.8970000147819519,0.8188999891281128
YJR077C,YJL216C,0,0.52466816,0.09871244430541992,0.8970000147819519,0.8190000057220459
YMR118C,YPR165W,0,0.52465826,0.0987015813589096,0.8970000147819519,0.819100022315979
YLR067C,YBL005W-B,0,0.5245408,0.09869072586297989,0.8970000147819519,0.8191999793052673
YIL173W,YIR035C,0,0.524521,0.09867987036705017,0.8970000147819519,0.8192999958992004
YBL005W-B,YGL068W,0,0.52432716,0.09866901487112045,0.8970000147819519,0.8194000124931335
YLR345W,YFL026W,0,0.52432334,0.09865815937519073,0.8970000147819519,0.8195000290870667
YJL081C,YCL045C,0,0.5241347,0.09864731132984161,0.8970000147819519,0.819599986076355
YPL212C,YKL027W,0,0.5240753,0.09863646328449249,0.8970000147819519,0.8197000026702881
YNL194C,YDR266C,0,0.52404916,0.09862561523914337,0.8970000147819519,0.8198000192642212
YPL139C,YBL113C,0,0.52402675,0.09861477464437485,0.8970000147819519,0.8198999762535095
YJL035C,YDR343C,0,0.5239948,0.09860393404960632,0.8970000147819519,0.8199999928474426
YNR038W,YGL170C,0,0.523903,0.0985931009054184,0.8970000147819519,0.8201000094413757
YLL033W,YHL050C,0,0.5231591,0.09858226031064987,0.8970000147819519,0.8202000260353088
YLL018C-A,YKL188C,0,0.52302164,0.09857142716646194,0.8970000147819519,0.8202999830245972
YKL096W,YHR024C,0,0.5230173,0.09856059402227402,0.8970000147819519,0.8203999996185303
YGR177C,YBR177C,1,0.52291167,0.09865963459014893,0.8980000019073486,0.8203999996185303
YER001W,YMR050C,0,0.5227155,0.0986487939953804,0.8980000019073486,0.8205000162124634
YDR171W,YCL064C,0,0.5225081,0.09863796085119247,0.8980000019073486,0.8205999732017517
YGL183C,YKL211C,0,0.5224959,0.09862712770700455,0.8980000019073486,0.8206999897956848
YNL111C,YHR073W,1,0.5224903,0.09872611612081528,0.8989999890327454,0.8206999897956848
YDR411C,YKL027W,0,0.52229714,0.09871527552604675,0.8989999890327454,0.8208000063896179
YKL048C,YIL123W,0,0.5221762,0.09870443493127823,0.8989999890327454,0.820900022983551
YHL017W,YOL142W,0,0.5219802,0.0986936017870903,0.8989999890327454,0.8209999799728394
YCR045C,YDL153C,0,0.5219037,0.09868276864290237,0.8989999890327454,0.8210999965667725
YMR115W,YIR035C,0,0.5216267,0.09867193549871445,0.8989999890327454,0.8212000131607056
YDL148C,YOR251C,0,0.52160645,0.09866110980510712,0.8989999890327454,0.8213000297546387
YOL070C,YKR075C,0,0.52160233,0.09865027666091919,0.8989999890327454,0.821399986743927
YGL194C,YOL121C,0,0.5215552,0.09863945841789246,0.8989999890327454,0.8215000033378601
YNL281W,YEL039C,0,0.52133083,0.09862863272428513,0.8989999890327454,0.8216000199317932
YOL060C,YGL183C,0,0.52125967,0.09861781448125839,0.8989999890327454,0.8216999769210815
YGR013W,YDR382W,0,0.5210726,0.09860699623823166,0.8989999890327454,0.8217999935150146
YKL103C,YPL032C,0,0.5209658,0.09859618544578552,0.8989999890327454,0.8219000101089478
YNL208W,YPL163C,0,0.5209234,0.09858537465333939,0.8989999890327454,0.8220000267028809
YER052C,YCL062W,0,0.5208296,0.09857456386089325,0.8989999890327454,0.8220999836921692
YMR250W,YML039W,0,0.52080864,0.09856375306844711,0.8989999890327454,0.8222000002861023
YPL032C,YGL085W,0,0.5203462,0.09855294972658157,0.8989999890327454,0.8223000168800354
YGR183C,YMR104C,0,0.5202051,0.09854214638471603,0.8989999890327454,0.8223999738693237
YKL038W,YNR018W,0,0.5201274,0.0985313430428505,0.8989999890327454,0.8224999904632568
YEL077C,YPL015C,0,0.52005816,0.09852054715156555,0.8989999890327454,0.8226000070571899
YDL061C,YEL012W,0,0.5200439,0.09850975126028061,0.8989999890327454,0.822700023651123
YMR315W,YLR314C,0,0.5199862,0.09849896281957626,0.8989999890327454,0.8227999806404114
YBL005W-B,YMR049C,0,0.5196384,0.09848816692829132,0.8989999890327454,0.8228999972343445
YML056C,YJL207C,0,0.5192562,0.09847737848758698,0.8989999890327454,0.8230000138282776
YMR296C,YPR002W,1,0.5190493,0.098576121032238,0.8999999761581421,0.8230000138282776
YDR348C,YHR191C,0,0.5188746,0.09856532514095306,0.8999999761581421,0.8230999708175659
YCR043C,YGL043W,0,0.51880145,0.09855453670024872,0.8999999761581421,0.823199987411499
YHR007C,YBR204C,1,0.51848525,0.09865323454141617,0.9010000228881836,0.823199987411499
YHR202W,YCL051W,0,0.51835704,0.09864243119955063,0.9010000228881836,0.8233000040054321
YDL052C,YCL003W,1,0.5182509,0.09874110668897629,0.9020000100135803,0.8233000040054321
YOR162C,YEL048C,0,0.5182368,0.09873029589653015,0.9020000100135803,0.8234000205993652
YDL156W,YDL100C,0,0.51822436,0.09871949255466461,0.9020000100135803,0.8234999775886536
YOR317W,YKL192C,1,0.51821715,0.09881812334060669,0.902999997138977,0.8234999775886536
YOL040C,YGL121C,0,0.51808554,0.09880731254816055,0.902999997138977,0.8235999941825867
YOR074C,YKL063C,0,0.51793104,0.09879650175571442,0.902999997138977,0.8237000107765198
YGL255W,YOR234C,0,0.51773226,0.09878569096326828,0.902999997138977,0.8238000273704529
YDR210W,YBL004W,0,0.51755446,0.09877488762140274,0.902999997138977,0.8238999843597412
YER073W,YLR424W,0,0.51754886,0.0987640842795372,0.902999997138977,0.8240000009536743
YNL318C,YGL103W,0,0.51742864,0.09875328093767166,0.902999997138977,0.8241000175476074
YCL004W,YFL031W,1,0.5174194,0.09885182976722717,0.9039999842643738,0.8241000175476074
YMR202W,YDR437W,1,0.5174114,0.09895036369562149,0.9049999713897705,0.8241000175476074
YGL060W,YNL176C,0,0.51730734,0.09893954545259476,0.9049999713897705,0.8241999745368958
YMR304W,YMR323W,0,0.51711553,0.09892872720956802,0.9049999713897705,0.8242999911308289
YOR291W,YFR024C-A,0,0.5169537,0.09891791641712189,0.9049999713897705,0.824400007724762
YNL175C,YLR042C,0,0.51687306,0.09890710562467575,0.9049999713897705,0.8245000243186951
YHR157W,YER130C,0,0.5168708,0.09889629483222961,0.9049999713897705,0.8245999813079834
YAL007C,YPL126W,0,0.51673836,0.09888549149036407,0.9049999713897705,0.8246999979019165
YMR226C,YKR026C,0,0.5167306,0.09887468814849854,0.9049999713897705,0.8248000144958496
YNL240C,YKL027W,0,0.5165408,0.098863884806633,0.9049999713897705,0.8248999714851379
YBR217W,YML096W,0,0.5164105,0.09885308891534805,0.9049999713897705,0.824999988079071
YPL132W,YBR089C-A,0,0.5163161,0.09884228557348251,0.9049999713897705,0.8251000046730042
YER078C,YEL056W,0,0.51609963,0.09883149713277817,0.9049999713897705,0.8252000212669373
YNL181W,YGR108W,0,0.515841,0.09882070124149323,0.9049999713897705,0.8252999782562256
YGR252W,YCL026C-B,0,0.51577014,0.09880991280078888,0.9049999713897705,0.8253999948501587
YOR214C,YMR131C,0,0.51559407,0.09879912436008453,0.9049999713897705,0.8255000114440918
YKL180W,YKL077W,0,0.5155697,0.09878834336996078,0.9049999713897705,0.8256000280380249
YKL138C-A,YDR006C,0,0.51556563,0.09877756237983704,0.9049999713897705,0.8256999850273132
YJR078W,YOR292C,0,0.5151081,0.09876678138971329,0.9049999713897705,0.8258000016212463
YLL031C,YOR022C,1,0.51505816,0.09886512160301208,0.906000018119812,0.8258000016212463
YBR244W,YJL092W,0,0.5150107,0.09885434061288834,0.906000018119812,0.8259000182151794
YDR476C,YDL134C,0,0.51492566,0.09884355217218399,0.906000018119812,0.8259999752044678
YIL123W,YOR009W,0,0.51489943,0.09883277118206024,0.906000018119812,0.8260999917984009
YMR046C,YJR131W,0,0.5148261,0.09882199019193649,0.906000018119812,0.826200008392334
YOR259C,YMR074C,0,0.5145051,0.09881120920181274,0.906000018119812,0.8263000249862671
YOR283W,YJL063C,0,0.5144509,0.09880043566226959,0.906000018119812,0.8263999819755554
YJR117W,YKR075C,0,0.5143648,0.09878966212272644,0.906000018119812,0.8264999985694885
YDR173C,YOR022C,1,0.51418257,0.09888792037963867,0.9070000052452087,0.8264999985694885
YPL066W,YNL279W,0,0.51417345,0.09887713938951492,0.9070000052452087,0.8266000151634216
YHL033C,YOL089C,0,0.5141705,0.09886635839939117,0.9070000052452087,0.82669997215271
YHR030C,YJR095W,0,0.51398575,0.09885558485984802,0.9070000052452087,0.8267999887466431
YGL166W,YNL035C,0,0.51395905,0.09884481132030487,0.9070000052452087,0.8269000053405762
YKL081W,YJL036W,0,0.51395506,0.09883404523134232,0.9070000052452087,0.8270000219345093
YKL006W,YOL128C,0,0.5139289,0.09882327169179916,0.9070000052452087,0.8270999789237976
YHR119W,YEL047C,0,0.5138548,0.09881250560283661,0.9070000052452087,0.8271999955177307
YPL152W,YBL113C,0,0.51376563,0.09880173951387405,0.9070000052452087,0.8273000121116638
YBR090C-A,YJL115W,0,0.51369345,0.0987909808754921,0.9070000052452087,0.8274000287055969
YML024W,YHR122W,0,0.5135052,0.09878022223711014,0.9070000052452087,0.8274999856948853
YHL001W,YNR067C,0,0.5134372,0.09876946359872818,0.9070000052452087,0.8276000022888184
YBL042C,YPL188W,0,0.5133594,0.09875871241092682,0.9070000052452087,0.8277000188827515
YJR149W,YGR097W,0,0.51319474,0.09874796122312546,0.9070000052452087,0.8277999758720398
YMR268W-A,YDR361C,0,0.51318985,0.0987372100353241,0.9070000052452087,0.8278999924659729
YLR103C,YHR170W,0,0.51305574,0.09872645884752274,0.9070000052452087,0.828000009059906
YIL154C,YMR034C,0,0.51305515,0.09871571511030197,0.9070000052452087,0.8281000256538391
YER145C,YLR406C,0,0.51293474,0.09870497137308121,0.9070000052452087,0.8281999826431274
YCL074W,YGL016W,0,0.5127985,0.09869423508644104,0.9070000052452087,0.8282999992370605
YOL055C,YDR020C,0,0.5125381,0.09868349134922028,0.9070000052452087,0.8284000158309937
YBR111W-A,YIL017C,0,0.512464,0.0986727625131607,0.9070000052452087,0.828499972820282
YKL114C,YFL066C,0,0.51241857,0.09866202622652054,0.9070000052452087,0.8285999894142151
YOR196C,YCL003W,1,0.5123766,0.09876006096601486,0.9079999923706055,0.8285999894142151
YDR079W,YKR099C-A,0,0.5123185,0.0987493172287941,0.9079999923706055,0.8287000060081482
YNR004W,YDL045W-A,0,0.5122768,0.09873858094215393,0.9079999923706055,0.8288000226020813
YCR071C,YIL177C,0,0.51203877,0.09872784465551376,0.9079999923706055,0.8288999795913696
YGR060W,YOR109W,1,0.5120152,0.0988258346915245,0.9089999794960022,0.8288999795913696
YNL076W,YKL077W,0,0.5119794,0.09881509095430374,0.9089999794960022,0.8289999961853027
YCR088W,YGR081C,0,0.511731,0.09880434721708298,0.9089999794960022,0.8291000127792358
YDR294C,YOR022C,1,0.51161045,0.09890229254961014,0.9100000262260437,0.8291000127792358
YIL167W,YHR202W,0,0.5115404,0.09889154881238937,0.9100000262260437,0.829200029373169
YOL040C,YIL087C,0,0.5114954,0.09888079762458801,0.9100000262260437,0.8292999863624573
YOR287C,YNL078W,0,0.51137346,0.09887005388736725,0.9100000262260437,0.8294000029563904
YLR298C,YLR278C,0,0.5112098,0.09885931760072708,0.9100000262260437,0.8295000195503235
YOR035C,YIL119C,0,0.51119053,0.09884857386350632,0.9100000262260437,0.8295999765396118
YML026C,YBR098W,0,0.5111291,0.09883783757686615,0.9100000262260437,0.8296999931335449
YNL294C,YMR229C,0,0.510972,0.09882710874080658,0.9100000262260437,0.829800009727478
YNR032C-A,YER130C,0,0.51071763,0.09881637245416641,0.9100000262260437,0.8299000263214111
YPR174C,YLR083C,0,0.5106851,0.09880564361810684,0.9100000262260437,0.8299999833106995
YMR284W,YCR055C,0,0.5106332,0.09879492223262787,0.9100000262260437,0.8300999999046326
YGL001C,YOR180C,1,0.51043165,0.09889274835586548,0.9110000133514404,0.8300999999046326
YDR023W,YNL314W,0,0.5102554,0.09888201206922531,0.9110000133514404,0.8302000164985657
YDR490C,YLR340W,0,0.51020074,0.09887128323316574,0.9110000133514404,0.830299973487854
YAL056W,YLR154W-C,0,0.5101901,0.09886055439710617,0.9110000133514404,0.8303999900817871
YGR192C,YDL119C,0,0.5101512,0.0988498255610466,0.9110000133514404,0.8305000066757202
YNL125C,YCL012W,0,0.51009727,0.09883910417556763,0.9110000133514404,0.8306000232696533
YDR338C,YDR067C,0,0.5100647,0.09882838279008865,0.9110000133514404,0.8306999802589417
YIL162W,YKL061W,0,0.5100364,0.09881766140460968,0.9110000133514404,0.8307999968528748
YOR339C,YML093W,0,0.5100314,0.0988069400191307,0.9110000133514404,0.8309000134468079
YDR210W,YPL023C,0,0.510008,0.09879622608423233,0.9110000133514404,0.8309999704360962
YER018C,YDR020C,0,0.50988185,0.09878551214933395,0.9110000133514404,0.8310999870300293
YDR254W,YPR174C,0,0.5097843,0.09877480566501617,0.9110000133514404,0.8312000036239624
YHR187W,YNL176C,0,0.5097481,0.0987640917301178,0.9110000133514404,0.8313000202178955
YKL138C-A,YDL165W,0,0.5096697,0.09875338524580002,0.9110000133514404,0.8313999772071838
YKL208W,YLL018C-A,0,0.50959945,0.09874268621206284,0.9110000133514404,0.8314999938011169
YNL257C,YIL079C,0,0.50946206,0.09873197972774506,0.9110000133514404,0.83160001039505
YOL057W,YKR026C,0,0.5094385,0.09872128069400787,0.9110000133514404,0.8317000269889832
YLR058C,YGR278W,0,0.5093718,0.09871058911085129,0.9110000133514404,0.8317999839782715
YBL042C,YGR109C,0,0.5091877,0.0986998900771141,0.9110000133514404,0.8319000005722046
YPR145W,YFR024C,0,0.5090744,0.09868919849395752,0.9110000133514404,0.8320000171661377
YDR085C,YNR073C,0,0.50906974,0.09867850691080093,0.9110000133514404,0.832099974155426
YOR313C,YKR056W,0,0.50901115,0.09866782277822495,0.9110000133514404,0.8321999907493591
YNL221C,YOR019W,0,0.5089623,0.09865713864564896,0.9110000133514404,0.8323000073432922
YAL047C,YOR095C,0,0.5088702,0.09864645451307297,0.9110000133514404,0.8324000239372253
YMR089C,YOR088W,0,0.5086917,0.09863577038049698,0.9110000133514404,0.8324999809265137
YKL138C-A,YOL095C,0,0.5085435,0.09862509369850159,0.9110000133514404,0.8325999975204468
YDL156W,YPR154W,0,0.5082433,0.0986144170165062,0.9110000133514404,0.8327000141143799
YLR222C,YNL026W,0,0.508219,0.0986037477850914,0.9110000133514404,0.8327999711036682
YJR109C,YKL141W,0,0.5080824,0.09859307110309601,0.9110000133514404,0.8328999876976013
YIL148W,YOR064C,0,0.5079394,0.09858240187168121,0.9110000133514404,0.8330000042915344
YKR002W,YLR325C,0,0.5078058,0.09857174009084702,0.9110000133514404,0.8331000208854675
YJL018W,YBR057C,0,0.5077634,0.09856107085943222,0.9110000133514404,0.8331999778747559
YPR201W,YHR033W,0,0.50772065,0.09855040907859802,0.9110000133514404,0.833299994468689
YKL190W,YPR160W,0,0.50764185,0.09853975474834442,0.9110000133514404,0.8334000110626221
YLR391W-A,YOR275C,0,0.50761855,0.09852909296751022,0.9110000133514404,0.8335000276565552
YER137C,YKL022C,0,0.5075884,0.09851843863725662,0.9110000133514404,0.8335999846458435
YML128C,YMR216C,0,0.50754744,0.09850778430700302,0.9110000133514404,0.8337000012397766
YDR471W,YGR041W,0,0.507342,0.09849713742733002,0.9110000133514404,0.8338000178337097
YIL137C,YLR413W,0,0.50708044,0.09848648309707642,0.9110000133514404,0.833899974822998
YEL034W,YKL027W,0,0.50707453,0.09847584366798401,0.9110000133514404,0.8339999914169312
YNL336W,YAL028W,0,0.5070313,0.098465196788311,0.9110000133514404,0.8341000080108643
YOR351C,YEL040W,0,0.5068962,0.0984545573592186,0.9110000133514404,0.8342000246047974
YNL327W,YLR272C,0,0.5067979,0.09844391793012619,0.9110000133514404,0.8342999815940857
YER073W,YAL054C,0,0.5067072,0.09843327850103378,0.9110000133514404,0.8343999981880188
YKL216W,YDL036C,0,0.50667614,0.09842264652252197,0.9110000133514404,0.8345000147819519
YBR016W,YOR194C,0,0.5065614,0.09841201454401016,0.9110000133514404,0.8345999717712402
YDR381W,YDR476C,0,0.50647384,0.09840138256549835,0.9110000133514404,0.8346999883651733
YKR099W,YPL150W,0,0.50646347,0.09839075803756714,0.9110000133514404,0.8348000049591064
YOR355W,YNL024C,0,0.5063589,0.09838012605905533,0.9110000133514404,0.8349000215530396
YLR089C,YJR027W,0,0.50634766,0.09836950898170471,0.9110000133514404,0.8349999785423279
YNL044W,YIL096C,0,0.5063007,0.0983588844537735,0.9110000133514404,0.835099995136261
YIL127C,YDR164C,0,0.50626343,0.09834826737642288,0.9110000133514404,0.8352000117301941
YER165W,YJL115W,0,0.5062273,0.09833765029907227,0.9110000133514404,0.8353000283241272
YHR042W,YER015W,1,0.5061757,0.09843496978282928,0.9120000004768372,0.8353000283241272
YGR238C,YJL118W,0,0.50615406,0.09842434525489807,0.9120000004768372,0.8353999853134155
YMR052W,YKL063C,0,0.50599456,0.09841372817754745,0.9120000004768372,0.8355000019073486
YLL010C,YER074W,0,0.5059638,0.09840311110019684,0.9120000004768372,0.8356000185012817
YBL031W,YBR090C-A,0,0.505809,0.09839249402284622,0.9120000004768372,0.8356999754905701
YOL039W,YCR035C,0,0.5057781,0.0983818769454956,0.9120000004768372,0.8357999920845032
YER032W,YHR032W,0,0.50565004,0.09837126731872559,0.9120000004768372,0.8359000086784363
YOR317W,YDR302W,1,0.50550574,0.09846850484609604,0.9129999876022339,0.8359000086784363
YLR297W,YGL133W,0,0.50533247,0.09845788776874542,0.9129999876022339,0.8360000252723694
YCR003W,YDR352W,0,0.5052645,0.0984472706913948,0.9129999876022339,0.8360999822616577
YOL091W,YNR021W,0,0.5052446,0.09843666106462479,0.9129999876022339,0.8361999988555908
YER127W,YNR021W,0,0.5052338,0.09842604398727417,0.9129999876022339,0.8363000154495239
YCR097WB,YOL023W,0,0.505168,0.09841543436050415,0.9129999876022339,0.8363999724388123
YMR200W,YHL026C,0,0.50507957,0.09840483218431473,0.9129999876022339,0.8364999890327454
YPL045W,YLR154W-C,0,0.50505185,0.09839422255754471,0.9129999876022339,0.8366000056266785
YDR311W,YPL108W,0,0.5048998,0.09838362038135529,0.9129999876022339,0.8367000222206116
YJL029C,YBR111W-A,0,0.50475043,0.09837301820516586,0.9129999876022339,0.8367999792098999
YNL181W,YNL328C,0,0.5046986,0.09836242347955704,0.9129999876022339,0.836899995803833
YJL213W,YHL021C,0,0.5046899,0.09835182875394821,0.9129999876022339,0.8370000123977661
YOR312C,YGR283C,0,0.5045742,0.09834123402833939,0.9129999876022339,0.8371000289916992
YBR016W,YNL002C,0,0.50421417,0.09833063930273056,0.9129999876022339,0.8371999859809875
YDL209C,YOR214C,0,0.503932,0.09832005202770233,0.9129999876022339,0.8373000025749207
YLL032C,YNL186W,0,0.50370723,0.0983094647526741,0.9129999876022339,0.8374000191688538
YPR200C,YOR208W,0,0.50358593,0.09829887747764587,0.9129999876022339,0.8374999761581421
YIL065C,YLR406C,0,0.5035776,0.09828829765319824,0.9129999876022339,0.8375999927520752
YJR129C,YLR129W,0,0.5034767,0.09827771782875061,0.9129999876022339,0.8377000093460083
YER019C-A,YPL066W,0,0.5034591,0.09826713800430298,0.9129999876022339,0.8378000259399414
YDL070W,YBR111W-A,0,0.5034591,0.09825656563043594,0.9129999876022339,0.8378999829292297
YER019C-A,YHR096C,0,0.50339425,0.09824599325656891,0.9129999876022339,0.8379999995231628
YOR019W,YML029W,0,0.50328505,0.09823542088270187,0.9129999876022339,0.838100016117096
YBL113C,YJR088C,0,0.5031813,0.09822484850883484,0.9129999876022339,0.8381999731063843
YBR236C,YCR021C,0,0.50306386,0.0982142835855484,0.9129999876022339,0.8382999897003174
YLR224W,YML047C,0,0.50288135,0.09820371866226196,0.9129999876022339,0.8384000062942505
YEL077C,YLR333C,0,0.50282294,0.09819316118955612,0.9129999876022339,0.8385000228881836
YCL027C-A,YNL133C,0,0.5028078,0.09818260371685028,0.9129999876022339,0.8385999798774719
YOR171C,YOL101C,1,0.50280553,0.09827957302331924,0.9139999747276306,0.8385999798774719
YPL078C,YFL003C,0,0.5026955,0.09826900064945221,0.9139999747276306,0.838699996471405
YDL077C,YGR251W,0,0.5024604,0.09825843572616577,0.9139999747276306,0.8388000130653381
YGR122W,YJR052W,0,0.50230277,0.09824787825345993,0.9139999747276306,0.8389000296592712
YDR109C,YPR149W,0,0.50219125,0.09823732078075409,0.9139999747276306,0.8389999866485596
YPL256C,YBR014C,0,0.5020563,0.09822676330804825,0.9139999747276306,0.8391000032424927
YBL100W-A,YMR241W,0,0.50202197,0.09821620583534241,0.9139999747276306,0.8392000198364258
YHR069C,YPR114W,0,0.5018958,0.09820564836263657,0.9139999747276306,0.8392999768257141
YPL088W,YDR104C,0,0.50177133,0.09819509834051132,0.9139999747276306,0.8393999934196472
YDR064W,YMR164C,0,0.5017415,0.09818455576896667,0.9139999747276306,0.8395000100135803
YBL005W-A,YMR119W,0,0.5016423,0.09817400574684143,0.9139999747276306,0.8396000266075134
YHR203C,YOR334W,0,0.5015779,0.09816346317529678,0.9139999747276306,0.8396999835968018
YBR028C,YGR181W,0,0.50153434,0.09815292060375214,0.9139999747276306,0.8398000001907349
YFR009W,YDR020C,0,0.5015,0.09814237803220749,0.9139999747276306,0.839900016784668
YOR022C,YBR204C,1,0.50140846,0.09823921322822571,0.9150000214576721,0.839900016784668
YGR017W,YBR054W,0,0.50129783,0.09822866320610046,0.9150000214576721,0.8399999737739563
YKL222C,YJL011C,0,0.5012152,0.09821812063455582,0.9150000214576721,0.8400999903678894
YJL013C,YPL081W,0,0.50107044,0.09820757806301117,0.9150000214576721,0.8402000069618225
YGR169C,YLR050C,0,0.50064117,0.09819703549146652,0.9150000214576721,0.8403000235557556
YBL100W-A,YAL055W,0,0.50061744,0.09818650037050247,0.9150000214576721,0.840399980545044
YER138C,YMR242C,0,0.5005178,0.09817596524953842,0.9150000214576721,0.840499997138977
YDR367W,YLR408C,0,0.5004883,0.09816543012857437,0.9150000214576721,0.8406000137329102
YCR070W,YLR058C,0,0.5004352,0.09815490245819092,0.9150000214576721,0.8406999707221985
YLR061W,YIL159W,0,0.5004163,0.09814437478780746,0.9150000214576721,0.8407999873161316
YOR274W,YMR074C,0,0.5003236,0.09813384711742401,0.9150000214576721,0.8409000039100647
YOR330C,YML033W,0,0.50028586,0.09812332689762115,0.9150000214576721,0.8410000205039978
YDR317W,YLL066C,0,0.5001106,0.0981127992272377,0.9150000214576721,0.8410999774932861
YBL038W,YBL005W-B,0,0.49997973,0.09810228645801544,0.9150000214576721,0.8411999940872192
YMR205C,YMR061W,0,0.4999547,0.09809176623821259,0.9150000214576721,0.8413000106811523
YJL200C,YOR339C,0,0.49983937,0.09808125346899033,0.9150000214576721,0.8414000272750854
YIL015W,YBR096W,0,0.49982983,0.09807074069976807,0.9150000214576721,0.8414999842643738
YLR329W,YLR224W,0,0.49981618,0.0980602279305458,0.9150000214576721,0.8416000008583069
YDL206W,YOR355W,0,0.4998032,0.09804972261190414,0.9150000214576721,0.84170001745224
YCL026C-B,YDR354W,0,0.49980235,0.09803921729326248,0.9150000214576721,0.8417999744415283
YBR196C,YDL106C,0,0.49962765,0.09802871197462082,0.9150000214576721,0.8418999910354614
YAR009C,YJR096W,0,0.4995005,0.09801821410655975,0.9150000214576721,0.8420000076293945
YHR085W,YER060W-A,0,0.49934238,0.09800770878791809,0.9150000214576721,0.8421000242233276
YMR110C,YCR055C,0,0.49928713,0.09799721837043762,0.9150000214576721,0.842199981212616
YHR139C,YDL039C,0,0.49886167,0.09798672050237656,0.9150000214576721,0.8422999978065491
YJR129C,YHR006W,0,0.49872005,0.09797623008489609,0.9150000214576721,0.8424000144004822
YPL088W,YPR201W,0,0.49871165,0.09796573966741562,0.9150000214576721,0.8424999713897705
YNR072W,YOL053C-A,0,0.49867147,0.09795524924993515,0.9150000214576721,0.8425999879837036
YNL176C,YBR223C,0,0.49866092,0.09794476628303528,0.9150000214576721,0.8427000045776367
YGL210W-A,YLR258W,0,0.4985823,0.0979342833161354,0.9150000214576721,0.8428000211715698
YDR457W,YGR067C,0,0.49855745,0.09792380034923553,0.9150000214576721,0.8428999781608582
YNL220W,YGL010W,0,0.4983847,0.09791332483291626,0.9150000214576721,0.8429999947547913
YHR035W,YKL067W,0,0.49830103,0.09790284931659698,0.9150000214576721,0.8431000113487244
YDR430C,YHR214W,0,0.49824613,0.09789237380027771,0.9150000214576721,0.8432000279426575
YHR014W,YBR102C,0,0.49817842,0.09788189828395844,0.9150000214576721,0.8432999849319458
YOR091W,YBL034C,0,0.49809563,0.09787143021821976,0.9150000214576721,0.8434000015258789
YDL012C,YDR314C,0,0.49786794,0.09786096215248108,0.9150000214576721,0.843500018119812
YOR094W,YGR038C-B,0,0.49781376,0.0978504940867424,0.9150000214576721,0.8435999751091003
YLR070C,YCL012W,0,0.49770504,0.09784003347158432,0.9150000214576721,0.8436999917030334
YKL097W-A,YNR049C,0,0.497545,0.09782957285642624,0.9150000214576721,0.8438000082969666
YIL017W,YOR307C,0,0.49738646,0.09781911224126816,0.9150000214576721,0.8439000248908997
YIR035C,YDL119C,0,0.4972605,0.09780865907669067,0.9150000214576721,0.843999981880188
YJL012C-A,YMR301C,0,0.49724823,0.09779820591211319,0.9150000214576721,0.8440999984741211
YGL139W,YGR067C,0,0.49717993,0.0977877527475357,0.9150000214576721,0.8442000150680542
YJR129C,YDR314C,0,0.49697763,0.09777729958295822,0.9150000214576721,0.8442999720573425
YOR159C,YPR026W,0,0.49694484,0.09776685386896133,0.9150000214576721,0.8443999886512756
YAL059W,YHR079C-B,0,0.4968043,0.09775640815496445,0.9150000214576721,0.8445000052452087
YIL017W,YKL139W,0,0.49678546,0.09774596989154816,0.9150000214576721,0.8446000218391418
YCR020W-B,YKL061W,0,0.49662203,0.09773552417755127,0.9150000214576721,0.8446999788284302
YNR048W,YLR388W,0,0.49654192,0.09772508591413498,0.9150000214576721,0.8447999954223633
YJL124C,YLR460C,0,0.4964909,0.09771465510129929,0.9150000214576721,0.8449000120162964
YFR024C-A,YJR088C,0,0.49640667,0.097704216837883,0.9150000214576721,0.8450000286102295
YCL048W,YDR506C,0,0.49630046,0.0976937860250473,0.9150000214576721,0.8450999855995178
YGR049W,YOR035C,0,0.4961908,0.09768335521221161,0.9150000214576721,0.8452000021934509
YGR287C,YKR088C,0,0.49612975,0.09767293184995651,0.9150000214576721,0.845300018787384
YPL249C-A,YGR049W,0,0.49607715,0.09766250103712082,0.9150000214576721,0.8453999757766724
YLR178C,YOR349W,0,0.4959035,0.09765207767486572,0.9150000214576721,0.8454999923706055
YKR099W,YGR017W,0,0.4958478,0.09764166176319122,0.9150000214576721,0.8456000089645386
YOR192C,YML045W,0,0.49561888,0.09763123840093613,0.9150000214576721,0.8457000255584717
YGR161W-A,YNL190W,0,0.4953825,0.09762082248926163,0.9150000214576721,0.84579998254776
YGL246C,YER130C,0,0.495348,0.09761041402816772,0.9150000214576721,0.8458999991416931
YGR203W,YBL005W-B,0,0.495229,0.09759999811649323,0.9150000214576721,0.8460000157356262
YDR519W,YOR142W-B,0,0.49517748,0.09758958965539932,0.9150000214576721,0.8460999727249146
YLR056W,YBR204C,1,0.49514365,0.09768582880496979,0.9160000085830688,0.8460999727249146
YBR145W,YLR377C,0,0.49511987,0.09767541289329529,0.9160000085830688,0.8461999893188477
YDL134C-A,YKL052C,0,0.49500906,0.09766499698162079,0.9160000085830688,0.8463000059127808
YDR140W,YHR214C-C,0,0.49488455,0.09765458106994629,0.9160000085830688,0.8464000225067139
YKL005C,YKR045C,0,0.49480373,0.09764417260885239,0.9160000085830688,0.8464999794960022
YBR031W,YML118W,0,0.4945791,0.09763376414775848,0.9160000085830688,0.8465999960899353
YLR153C,YMR050C,0,0.49430245,0.09762336313724518,0.9160000085830688,0.8467000126838684
YNL002C,YBR090C-A,0,0.4942338,0.09761295467615128,0.9160000085830688,0.8468000292778015
YJR047C,YKR036C,0,0.49419767,0.09760255366563797,0.9160000085830688,0.8468999862670898
YLR023C,YBR090C-A,0,0.49416584,0.09759216010570526,0.9160000085830688,0.847000002861023
YPL108W,YGL085W,0,0.49396467,0.09758175909519196,0.9160000085830688,0.847100019454956
YDL059C,YDL133C-A,0,0.49394274,0.09757136553525925,0.9160000085830688,0.8471999764442444
YLR347C,YDL025C,0,0.49373645,0.09756097197532654,0.9160000085830688,0.8472999930381775
YDR267C,YML131W,0,0.49370033,0.09755058586597443,0.9160000085830688,0.8474000096321106
YHL050C,YLR131C,0,0.4936698,0.09754019975662231,0.9160000085830688,0.8475000262260437
YLR077W,YJL177W,0,0.49342978,0.0975298136472702,0.9160000085830688,0.847599983215332
YDL003W,YCR102C,0,0.49336576,0.09751942753791809,0.9160000085830688,0.8476999998092651
YML024W,YDR516C,0,0.49335355,0.09750904887914658,0.9160000085830688,0.8478000164031982
YOR214C,YMR266W,0,0.49330413,0.09749867022037506,0.9160000085830688,0.8478999733924866
YHR104W,YNL208W,0,0.4931257,0.09748829156160355,0.9160000085830688,0.8479999899864197
YGL160W,YMR205C,0,0.49312025,0.09747792035341263,0.9160000085830688,0.8481000065803528
YKL096W-A,YLR165C,0,0.49307233,0.09746754914522171,0.9160000085830688,0.8482000231742859
YBL013W,YOL061W,0,0.49295396,0.09745717793703079,0.9160000085830688,0.8482999801635742
YLL014W,YFR038W,0,0.49293584,0.09744680672883987,0.9160000085830688,0.8483999967575073
YEL039C,YLL067C,0,0.49290586,0.09743644297122955,0.9160000085830688,0.8485000133514404
YKL117W,YNL181W,0,0.49284762,0.09742607921361923,0.9160000085830688,0.8485999703407288
YLL054C,YNL329C,0,0.4928003,0.09741571545600891,0.9160000085830688,0.8486999869346619
YOL107W,YNL279W,0,0.49272147,0.09740535914897919,0.9160000085830688,0.848800003528595
YOR344C,YLR095C,0,0.4924428,0.09739500284194946,0.9160000085830688,0.8489000201225281
YPL211W,YDR195W,0,0.4922334,0.09738464653491974,0.9160000085830688,0.8489999771118164
YHR079C-B,YIL011W,0,0.49221718,0.09737429767847061,0.9160000085830688,0.8490999937057495
YJR028W,YLR071C,0,0.49219286,0.09736394882202148,0.9160000085830688,0.8492000102996826
YLR227W-B,YBR031W,0,0.49198467,0.09735359996557236,0.9160000085830688,0.8493000268936157
YOR378W,YDR308C,0,0.4918797,0.09734325110912323,0.9160000085830688,0.849399983882904
YDR254W,YJR129C,0,0.491861,0.0973329097032547,0.9160000085830688,0.8495000004768372
YJL012C,YJR026W,0,0.49184218,0.09732256829738617,0.9160000085830688,0.8496000170707703
YJR137C,YDL042C,0,0.49180716,0.09731222689151764,0.9160000085830688,0.8496999740600586
YBR191W,YDR098C-B,0,0.49169177,0.0973018929362297,0.9160000085830688,0.8497999906539917
YKL096W-A,YJL060W,0,0.49169022,0.09729155898094177,0.9160000085830688,0.8499000072479248
YKR056W,YGR235C,0,0.49165297,0.09728122502565384,0.9160000085830688,0.8500000238418579
YKL081W,YDL193W,0,0.49117023,0.0972708910703659,0.9160000085830688,0.8500999808311462
YER177W,YGR161W-B,0,0.49113518,0.09726056456565857,0.9160000085830688,0.8501999974250793
YKL071W,YDR221W,0,0.49096859,0.09725023806095123,0.9160000085830688,0.8503000140190125
YCL003W,YMR079W,1,0.4907897,0.09734607487916946,0.9169999957084656,0.8503000140190125
YDR207C,YPL198W,0,0.49076378,0.09733574092388153,0.9169999957084656,0.8503999710083008
YCR097WB,YIL038C,0,0.4907634,0.0973254069685936,0.9169999957084656,0.8504999876022339
YKR078W,YJR026W,0,0.49068803,0.09731508046388626,0.9169999957084656,0.850600004196167
YFL002W-B,YHR148W,0,0.49066654,0.09730475395917892,0.9169999957084656,0.8507000207901001
YBR195C,YGR254W,0,0.49062705,0.09729442745447159,0.9169999957084656,0.8507999777793884
YLR189C,YBR004C,1,0.4904176,0.09739019721746445,0.9179999828338623,0.8507999777793884
YJL138C,YKL103C,0,0.49033067,0.09737986326217651,0.9179999828338623,0.8508999943733215
YCR105W,YLR391W,0,0.49032235,0.09736953675746918,0.9179999828338623,0.8510000109672546
YJR021C,YKR099C-A,0,0.4902286,0.09735921025276184,0.9179999828338623,0.8511000275611877
YOL053C-A,YDL029W,0,0.49022543,0.0973488837480545,0.9179999828338623,0.8511999845504761
YGR180C,YGR038C-A,0,0.49013925,0.09733856469392776,0.9179999828338623,0.8513000011444092
YIL048W,YLL032C,0,0.49007684,0.09732824563980103,0.9179999828338623,0.8514000177383423
YLR424W,YNL024C,0,0.48986185,0.09731792658567429,0.9179999828338623,0.8514999747276306
YIR038C,YFR030W,0,0.48968908,0.09730760753154755,0.9179999828338623,0.8515999913215637
YOR193W,YJL116C,0,0.48968625,0.0972972959280014,0.9179999828338623,0.8517000079154968
YGL210W-A,YJL154C,0,0.4896666,0.09728698432445526,0.9179999828338623,0.8518000245094299
YGL097W,YPL257W-B,0,0.48958272,0.09727668017148972,0.9179999828338623,0.8518999814987183
YOR026W,YCR055C,0,0.4894697,0.09726636856794357,0.9179999828338623,0.8519999980926514
YNR028W,YLR185W,0,0.48944858,0.09725606441497803,0.9179999828338623,0.8521000146865845
YKL127W,YER075C,0,0.48931128,0.09724576026201248,0.9179999828338623,0.8521999716758728
YHR007C,YOR100C,1,0.4891246,0.0973413810133934,0.9190000295639038,0.8521999716758728
YLR350W,YHL035C,0,0.48908198,0.09733107686042786,0.9190000295639038,0.8522999882698059
YPL256C,YDL072C,0,0.4890157,0.09732076525688171,0.9190000295639038,0.852400004863739
YIL127C,YCR003W,0,0.48899823,0.09731046110391617,0.9190000295639038,0.8525000214576721
YCR016W,YOR145C,0,0.48854876,0.09730015695095062,0.9190000295639038,0.8525999784469604
YLR185W,YOR205C,0,0.48853195,0.09728986024856567,0.9190000295639038,0.8526999950408936
YKL097W-A,YDR430C,0,0.48851097,0.09727955609560013,0.9190000295639038,0.8528000116348267
YML056C,YPL023C,0,0.4884169,0.09726926684379578,0.9190000295639038,0.8529000282287598
YDR540C,YPL061W,0,0.4884162,0.09725897014141083,0.9190000295639038,0.8529999852180481
YKL048C,YDL160C,0,0.4882592,0.09724868088960648,0.9190000295639038,0.8531000018119812
YCR080W,YNL230C,0,0.48823586,0.09723838418722153,0.9190000295639038,0.8532000184059143
YOR343W-B,YDR064W,0,0.48814744,0.09722810238599777,0.9190000295639038,0.8532999753952026
YBR161W,YBR204C,1,0.4881348,0.09732360392808914,0.9200000166893005,0.8532999753952026
YKR003W,YCL003W,1,0.48806688,0.09741908311843872,0.9210000038146973,0.8532999753952026
YLR089C,YHR214C-C,0,0.48800096,0.09740877896547318,0.9210000038146973,0.8533999919891357
YPL211W,YHR079C-B,0,0.48795992,0.09739847481250763,0.9210000038146973,0.8535000085830688
YKL221W,YCL035C,0,0.48794317,0.09738817811012268,0.9210000038146973,0.853600025177002
YFL035C,YML100W,0,0.48765725,0.09737788140773773,0.9210000038146973,0.8536999821662903
YML096W,YML062C,0,0.48756227,0.09736758470535278,0.9210000038146973,0.8537999987602234
YFL018W-A,YNL145W,0,0.48739362,0.09735729545354843,0.9210000038146973,0.8539000153541565
YMR278W,YHR113W,0,0.48737502,0.09734700620174408,0.9210000038146973,0.8539999723434448
YGR148C,YOL103W-B,0,0.48737118,0.09733671694993973,0.9210000038146973,0.8540999889373779
YPL065W,YPR158C-C,0,0.48707825,0.09732642769813538,0.9210000038146973,0.854200005531311
YAL009W,YKL216W,0,0.4869361,0.09731614589691162,0.9210000038146973,0.8543000221252441
YOR273C,YFL035C,0,0.48682213,0.09730586409568787,0.9210000038146973,0.8543999791145325
YJL012C-A,YGL014W,0,0.48678404,0.09729558229446411,0.9210000038146973,0.8544999957084656
YGR287C,YLR069C,0,0.48674318,0.09728530794382095,0.9210000038146973,0.8546000123023987
YHR123W,YNL202W,1,0.48673242,0.09738065302371979,0.921999990940094,0.8546000123023987
YEL032W,YDL010W,0,0.48666105,0.09737036377191544,0.921999990940094,0.8547000288963318
YMR268W-A,YMR115W,0,0.48657313,0.09736008197069168,0.921999990940094,0.8547999858856201
YJL149W,YCL040W,0,0.48649567,0.09734980762004852,0.921999990940094,0.8549000024795532
YMR093W,YMR058W,0,0.48647487,0.09733952581882477,0.921999990940094,0.8550000190734863
YOR090C,YOR088W,0,0.48643798,0.09732925146818161,0.921999990940094,0.8550999760627747
YGR128C,YER060W-A,0,0.48639822,0.09731897711753845,0.921999990940094,0.8551999926567078
YKR066C,YJR054W,0,0.48638678,0.09730871021747589,0.921999990940094,0.8553000092506409
YHR090C,YGR067C,0,0.48625356,0.09729843586683273,0.921999990940094,0.855400025844574
YPR200C,YOR283W,0,0.48623538,0.09728816896677017,0.921999990940094,0.8554999828338623
YIL177C,YBL005W-B,0,0.48609465,0.09727790951728821,0.921999990940094,0.8555999994277954
YOL075C,YBR052C,0,0.4859391,0.09726764261722565,0.921999990940094,0.8557000160217285
YGR260W,YOR088W,0,0.48588634,0.09725738316774368,0.921999990940094,0.8557999730110168
YJL094C,YPR148C,0,0.48585534,0.09724712371826172,0.921999990940094,0.85589998960495
YMR143W,YDR527W,0,0.48583788,0.09723687171936035,0.921999990940094,0.8560000061988831
YHR094C,YOR129C,0,0.4857415,0.09722661972045898,0.921999990940094,0.8561000227928162
YDR522C,YLL032C,0,0.48539424,0.09721636772155762,0.921999990940094,0.8561999797821045
YLR332W,YNL050C,0,0.48527685,0.09720611572265625,0.921999990940094,0.8562999963760376
YPL078C,YJL144W,0,0.484883,0.09719587117433548,0.921999990940094,0.8564000129699707
YBR107C,YOR142W-B,0,0.48465145,0.09718561917543411,0.921999990940094,0.8565000295639038
YIL053W,YKL200C,0,0.48452514,0.09717538207769394,0.921999990940094,0.8565999865531921
YML080W,YLR157C-B,0,0.4844963,0.09716513752937317,0.921999990940094,0.8567000031471252
YEL020C,YNR073C,0,0.48449004,0.097154900431633,0.921999990940094,0.8568000197410583
YOR254C,YLR408C,0,0.48441267,0.09714466333389282,0.921999990940094,0.8568999767303467
YOR025W,YDR213W,1,0.48440075,0.09723977744579315,0.9229999780654907,0.8568999767303467
YBL113C,YPR131C,0,0.48436058,0.09722954034805298,0.9229999780654907,0.8569999933242798
YPR020W,YJL018W,0,0.48431152,0.09721929579973221,0.9229999780654907,0.8571000099182129
YKL014C,YPR158W-B,0,0.4842791,0.09720905870199203,0.9229999780654907,0.857200026512146
YCR016W,YGR038C-B,0,0.48426875,0.09719882160425186,0.9229999780654907,0.8572999835014343
YGR208W,YHR102W,0,0.48419392,0.09718858450651169,0.9229999780654907,0.8574000000953674
YDL149W,YER137C-A,0,0.48411357,0.09717835485935211,0.9229999780654907,0.8575000166893005
YGR078C,YPL036W,0,0.48400706,0.09716812521219254,0.9229999780654907,0.8575999736785889
YPR107C,YBR154C,0,0.4839205,0.09715789556503296,0.9229999780654907,0.857699990272522
YGR161W-B,YPR083W,0,0.4838757,0.09714766591787338,0.9229999780654907,0.8578000068664551
YOR142W-A,YOR295W,0,0.48384464,0.0971374437212944,0.9229999780654907,0.8579000234603882
YLR401C,YHR210C,0,0.48361403,0.09712722152471542,0.9229999780654907,0.8579999804496765
YDR262W,YOL104C,0,0.48359573,0.09711700677871704,0.9229999780654907,0.8580999970436096
YDR453C,YKL200C,0,0.4833734,0.09710678458213806,0.9229999780654907,0.8582000136375427
YML058W-A,YNR033W,0,0.48314804,0.09709656983613968,0.9229999780654907,0.858299970626831
YOR343W-B,YIL019W,0,0.4830896,0.0970863550901413,0.9229999780654907,0.8583999872207642
YDR261W-A,YMR251W-A,0,0.48279998,0.09707614779472351,0.9229999780654907,0.8585000038146973
YOR088W,YDL102W,0,0.48278183,0.09706594049930573,0.9229999780654907,0.8586000204086304
YLR223C,YDL227C,0,0.482772,0.09705573320388794,0.9229999780654907,0.8586999773979187
YPR145W,YML121W,0,0.48269245,0.09704552590847015,0.9229999780654907,0.8587999939918518
YHR045W,YGL122C,0,0.48267153,0.09703532606363297,0.9229999780654907,0.8589000105857849
YML058W,YPR003C,0,0.48264492,0.09702512621879578,0.9229999780654907,0.859000027179718
YKR096W,YLR259C,0,0.48259896,0.09701492637395859,0.9229999780654907,0.8590999841690063
YPL257W-B,YDL208W,0,0.48244834,0.0970047265291214,0.9229999780654907,0.8592000007629395
YBL072C,YDL107W,0,0.4823971,0.09699453413486481,0.9229999780654907,0.8593000173568726
YBR016W,YER101C,0,0.482368,0.09698434174060822,0.9229999780654907,0.8593999743461609
YCR080W,YDL227C,0,0.48234165,0.09697415679693222,0.9229999780654907,0.859499990940094
YPR010C,YCR023C,0,0.4823237,0.09696396440267563,0.9229999780654907,0.8596000075340271
YDR217C,YPL236C,0,0.48230988,0.09695377945899963,0.9229999780654907,0.8597000241279602
YDR430C,YCL012W,0,0.4822765,0.09694360196590424,0.9229999780654907,0.8597999811172485
YGR278W,YJL216C,0,0.48218918,0.09693341702222824,0.9229999780654907,0.8598999977111816
YHR058C,YNL284C-B,0,0.48215872,0.09692323952913284,0.9229999780654907,0.8600000143051147
YFL018W-A,YLR310C,0,0.48215517,0.09691306203603745,0.9229999780654907,0.8600999712944031
YFL038C,YOR019W,0,0.48207796,0.09690288454294205,0.9229999780654907,0.8601999878883362
YLR027C,YDR261C-C,0,0.482076,0.09689271450042725,0.9229999780654907,0.8603000044822693
YDR404C,YOR343W-B,0,0.4818691,0.09688254445791245,0.9229999780654907,0.8604000210762024
YPR011C,YML047C,0,0.48184377,0.09687237441539764,0.9229999780654907,0.8604999780654907
YNR069C,YDR037W,0,0.48155254,0.09686221182346344,0.9229999780654907,0.8605999946594238
YDR485C,YGR038C-A,0,0.48145533,0.09685204923152924,0.9229999780654907,0.8607000112533569
YLR256W-A,YKR077W,0,0.4814347,0.09684188663959503,0.9229999780654907,0.86080002784729
YBR280C,YER137C-A,0,0.48140365,0.09683172404766083,0.9229999780654907,0.8608999848365784
YLR227W-B,YDR189W,0,0.48140365,0.09682156890630722,0.9229999780654907,0.8610000014305115
YMR067C,YPL060C-A,0,0.4813416,0.09681141376495361,0.9229999780654907,0.8611000180244446
YDR522C,YGR113W,0,0.4813305,0.0968012586236,0.9229999780654907,0.8611999750137329
YGL180W,YCL012W,0,0.48130476,0.096791110932827,0.9229999780654907,0.861299991607666
YER137C-A,YDL072C,0,0.48122782,0.09678095579147339,0.9229999780654907,0.8614000082015991
YOR357C,YJR026W,0,0.4811679,0.09677080810070038,0.9229999780654907,0.8615000247955322
YOR343W-B,YDR411C,0,0.4811244,0.09676066786050797,0.9229999780654907,0.8615999817848206
YHR033W,YDL012C,0,0.48107058,0.09675052762031555,0.9229999780654907,0.8616999983787537
YBR075W,YMR192W,0,0.48103225,0.09674037992954254,0.9229999780654907,0.8618000149726868
YML019W,YMR105C,0,0.48077238,0.09673024713993073,0.9229999780654907,0.8618999719619751
YDR519W,YLR410W-B,0,0.4806279,0.09672010689973831,0.9229999780654907,0.8619999885559082
YDR353W,YLR258W,0,0.48057276,0.0967099741101265,0.9229999780654907,0.8621000051498413
YGR161W-B,YBR268W,0,0.48052448,0.09669984132051468,0.9229999780654907,0.8622000217437744
YLR368W,YJR088C,0,0.4802426,0.09668971598148346,0.9229999780654907,0.8622999787330627
YIL017W,YGL013C,0,0.48022205,0.09667958319187164,0.9229999780654907,0.8623999953269958
YIL017W,YKL200C,0,0.4801584,0.09666945785284042,0.9229999780654907,0.862500011920929
YDL209C,YLR333C,0,0.480124,0.0966593325138092,0.9229999780654907,0.8626000285148621
YGL256W,YCL062W,0,0.47988474,0.09664921462535858,0.9229999780654907,0.8626999855041504
YGL139W,YDR098C-B,0,0.4798004,0.09663909673690796,0.9229999780654907,0.8628000020980835
YLR297W,YPL029W,0,0.47977483,0.09662897884845734,0.9229999780654907,0.8629000186920166
YPR143W,YNL284C-B,0,0.47972804,0.09661886096000671,0.9229999780654907,0.8629999756813049
YGR161W-A,YBR020W,0,0.4797073,0.09660875052213669,0.9229999780654907,0.863099992275238
YNR049C,YMR315W,0,0.47970116,0.09659864008426666,0.9229999780654907,0.8632000088691711
YBR028C,YLR160C,0,0.4795649,0.09658852964639664,0.9229999780654907,0.8633000254631042
YDR201W,YLR408C,0,0.47956455,0.09657842665910721,0.9229999780654907,0.8633999824523926
YOL052C,YPR158W-B,0,0.47954184,0.09656831622123718,0.9229999780654907,0.8634999990463257
YMR090W,YLR347C,0,0.47933662,0.09655822068452835,0.9229999780654907,0.8636000156402588
YGR161W-A,YOL128C,0,0.47930396,0.09654811769723892,0.9229999780654907,0.8636999726295471
YKR013W,YCL016C,0,0.47922677,0.09653802216053009,0.9229999780654907,0.8637999892234802
YDL201W,YLR410W-A,0,0.4791695,0.09652792662382126,0.9229999780654907,0.8639000058174133
YIL017W,YCR063W,0,0.47916538,0.09651783108711243,0.9229999780654907,0.8640000224113464
YDL021W,YHR079C-B,0,0.47915253,0.0965077355504036,0.9229999780654907,0.8640999794006348
YGR067C,YPR133W-A,0,0.47914743,0.09649764746427536,0.9229999780654907,0.8641999959945679
YMR050C,YLL066C,0,0.47895455,0.09648755937814713,0.9229999780654907,0.864300012588501
YJL030W,YHR214C-C,0,0.47894192,0.09647747129201889,0.9229999780654907,0.8644000291824341
YGL046W,YPL255W,0,0.47872734,0.09646739065647125,0.9229999780654907,0.8644999861717224
YPL283C,YNL117W,0,0.4787017,0.09645731002092361,0.9229999780654907,0.8646000027656555
YER175C,YFR044C,0,0.47856027,0.09644722938537598,0.9229999780654907,0.8647000193595886
YPL060C-A,YJL159W,0,0.47847646,0.09643715620040894,0.9229999780654907,0.864799976348877
YBR075W,YGR222W,0,0.47846255,0.0964270755648613,0.9229999780654907,0.8648999929428101
YML128C,YGR038C-A,0,0.47844547,0.09641700983047485,0.9229999780654907,0.8650000095367432
YER098W,YDR210W-A,0,0.4784351,0.09640693664550781,0.9229999780654907,0.8651000261306763
YMR099C,YNL041C,0,0.4783863,0.09639686346054077,0.9229999780654907,0.8651999831199646
YNR072W,YHR214C-C,0,0.47835237,0.09638679772615433,0.9229999780654907,0.8652999997138977
YOR081C,YBR204C,1,0.47831845,0.09648115187883377,0.9240000247955322,0.8652999997138977
YMR244C-A,YER023W,0,0.47827458,0.09647107869386673,0.9240000247955322,0.8654000163078308
YGR284C,YPR158W-B,0,0.47825927,0.09646100550889969,0.9240000247955322,0.8654999732971191
YPL112C,YFL035C,0,0.4781009,0.09645093977451324,0.9240000247955322,0.8655999898910522
YIL127C,YGR254W,0,0.4780907,0.0964408740401268,0.9240000247955322,0.8657000064849854
YLR298C,YIL064W,0,0.4780789,0.09643080830574036,0.9240000247955322,0.8658000230789185
YMR296C,YCL003W,1,0.4780143,0.09652509540319443,0.925000011920929,0.8658000230789185
YDR196C,YNL041C,0,0.47798938,0.09651502221822739,0.925000011920929,0.8658999800682068
YMR009W,YPR137C-A,0,0.47789726,0.09650495648384094,0.925000011920929,0.8659999966621399
YBR180W,YGL256W,0,0.47776926,0.0964948907494545,0.925000011920929,0.866100013256073
YGL018C,YER087W,0,0.47770572,0.09648482501506805,0.925000011920929,0.8661999702453613
YOR022C,YIL009W,1,0.47757572,0.09657905995845795,0.9259999990463257,0.8661999702453613
YNL164C,YJR092W,0,0.4774592,0.0965689867734909,0.9259999990463257,0.8662999868392944
YDR210C-D,YMR286W,0,0.47744215,0.09655891358852386,0.9259999990463257,0.8664000034332275
YCR080W,YLR393W,0,0.4774363,0.09654884785413742,0.9259999990463257,0.8665000200271606
YJL127C,YPR174C,0,0.47736943,0.09653878211975098,0.9259999990463257,0.866599977016449
YIR003W,YGR038C-A,0,0.47729218,0.09652871638536453,0.9259999990463257,0.8666999936103821
YLR248W,YDL039C,0,0.4772901,0.09651865810155869,0.9259999990463257,0.8668000102043152
YBR301W,YCL012W,0,0.4772548,0.09650859981775284,0.9259999990463257,0.8669000267982483
YJR048W,YDR365W-B,0,0.47724563,0.09649854153394699,0.9259999990463257,0.8669999837875366
YKL155C,YOL086W-A,0,0.4771852,0.09648848325014114,0.9259999990463257,0.8671000003814697
YKR099C-A,YJL104W,0,0.47716904,0.0964784324169159,0.9259999990463257,0.8672000169754028
YML046W,YCR055C,0,0.47716415,0.09646838158369064,0.9259999990463257,0.8672999739646912
YMR268W-A,YDR422C,0,0.47699577,0.0964583307504654,0.9259999990463257,0.8673999905586243
YOL051W,YLR154W-C,0,0.47687954,0.09644828736782074,0.9259999990463257,0.8675000071525574
YER157W,YOL103W-B,0,0.47681123,0.09643824398517609,0.9259999990463257,0.8676000237464905
YER117W,YJL225C,0,0.4767614,0.09642820060253143,0.9259999990463257,0.8676999807357788
YIL006W,YCL012W,0,0.4767254,0.09641815721988678,0.9259999990463257,0.8677999973297119
YGL001C,YJR073C,1,0.47661322,0.09651223570108414,0.9269999861717224,0.8677999973297119
YLR401C,YDR098C-B,0,0.47660953,0.09650218486785889,0.9269999861717224,0.867900013923645
YKL048C,YDR365W-B,0,0.47657332,0.09649214148521423,0.9269999861717224,0.8679999709129333
YDR365W-A,YKR049C,0,0.47649574,0.09648209810256958,0.9269999861717224,0.8680999875068665
YLR227W-B,YFL018C,0,0.47645956,0.09647205471992493,0.9269999861717224,0.8682000041007996
YNL147W,YHR079C-B,0,0.47638488,0.09646201878786087,0.9269999861717224,0.8683000206947327
YPR158W-A,YMR115W,0,0.47637165,0.09645198285579681,0.9269999861717224,0.868399977684021
YER137C-A,YHR124W,0,0.47637165,0.09644194692373276,0.9269999861717224,0.8684999942779541
YJR028W,YGL170C,0,0.47618598,0.0964319184422493,0.9269999861717224,0.8686000108718872
YJL216C,YPR035W,0,0.4761853,0.09642188251018524,0.9269999861717224,0.8687000274658203
YOR142W-A,YBR260C,0,0.47614408,0.09641185402870178,0.9269999861717224,0.8687999844551086
YHR141C,YDR476C,0,0.47597766,0.09640183299779892,0.9269999861717224,0.8689000010490417
YGR161W-A,YGR161C-D,0,0.47581828,0.09639180451631546,0.9269999861717224,0.8690000176429749
YJL180C,YKR096W,0,0.47580692,0.0963817834854126,0.9269999861717224,0.8690999746322632
YGL210W-A,YGR246C,0,0.47579864,0.09637176245450974,0.9269999861717224,0.8691999912261963
YJR006W,YDR098C-B,0,0.4757976,0.09636174887418747,0.9269999861717224,0.8693000078201294
YLR157C,YPR009W,0,0.4757777,0.0963517278432846,0.9269999861717224,0.8694000244140625
YML081W,YDR384C,0,0.4757411,0.09634171426296234,0.9269999861717224,0.8694999814033508
YMR034C,YAL019W,0,0.47567368,0.09633170813322067,0.9269999861717224,0.8695999979972839
YBR167C,YNR021W,0,0.4756295,0.09632169455289841,0.9269999861717224,0.869700014591217
YDL148C,YCL060C,0,0.47557104,0.09631168842315674,0.9269999861717224,0.8697999715805054
YDR500C,YLR391W-A,0,0.47556406,0.09630168229341507,0.9269999861717224,0.8698999881744385
YDR261C-D,YMR228W,0,0.47539937,0.0962916761636734,0.9269999861717224,0.8700000047683716
YDL181W,YIL067C,0,0.47534394,0.09628167748451233,0.9269999861717224,0.8701000213623047
YBR131W,YDR261W-A,0,0.47527522,0.09627167880535126,0.9269999861717224,0.870199978351593
YJR051W,YLR348C,0,0.47511876,0.09626168012619019,0.9269999861717224,0.8702999949455261
YMR237W,YOR351C,0,0.4751174,0.09625168889760971,0.9269999861717224,0.8704000115394592
YDR034C-D,YMR158W,0,0.47498044,0.09624169766902924,0.9269999861717224,0.8705000281333923
YDL132W,YPL037C,0,0.47495025,0.09623170644044876,0.9269999861717224,0.8705999851226807
YGR049W,YFL011W-A,0,0.4749465,0.09622171521186829,0.9269999861717224,0.8707000017166138
YBR075W,YMR136W,0,0.4749177,0.09621173143386841,0.9269999861717224,0.8708000183105469
YGR140W,YFL035C,0,0.4749135,0.09620174020528793,0.9269999861717224,0.8708999752998352
YCR057C,YGR161C-D,0,0.47485632,0.09619176387786865,0.9269999861717224,0.8709999918937683
YKL182W,YDR444W,1,0.4748518,0.09628553688526154,0.9279999732971191,0.8709999918937683
YLR227W-B,YDR021W,0,0.47484082,0.09627554565668106,0.9279999732971191,0.8711000084877014
YJR021C,YPR158W-A,0,0.47480464,0.09626556187868118,0.9279999732971191,0.8712000250816345
YGL231C,YPR151C,0,0.47476357,0.0962555781006813,0.9279999732971191,0.8712999820709229
YDL052C,YMR210W,1,0.47473767,0.0963493064045906,0.9290000200271606,0.8712999820709229
YCR069W,YPL276W,0,0.47467703,0.09633931517601013,0.9290000200271606,0.871399998664856
YLR410W-A,YDR180W,0,0.47467017,0.09632932394742966,0.9290000200271606,0.8715000152587891
YHL033C,YFL035C,0,0.47458148,0.09631933271884918,0.9290000200271606,0.8715999722480774
YOL086W-A,YGR027C,0,0.4745013,0.0963093489408493,0.9290000200271606,0.8716999888420105
YPR182W,YOR142W-B,0,0.47448915,0.09629936516284943,0.9290000200271606,0.8718000054359436
YJL113W,YDR385W,0,0.47447646,0.09628938883543015,0.9290000200271606,0.8719000220298767
YDR261C-D,YPL246C,0,0.47446847,0.09627940505743027,0.9290000200271606,0.871999979019165
YBL100W-A,YNL103W,0,0.47445512,0.09626942873001099,0.9290000200271606,0.8720999956130981
YDR404C,YOR142W-B,0,0.4744478,0.0962594524025917,0.9290000200271606,0.8722000122070312
YML038C,YLR157C-B,0,0.47441158,0.09624948352575302,0.9290000200271606,0.8723000288009644
YKL016C,YGR161C-D,0,0.47441158,0.09623951464891434,0.9290000200271606,0.8723999857902527
YCR070W,YGR207C,0,0.47438675,0.09622954577207565,0.9290000200271606,0.8725000023841858
YFR053C,YJL012C,0,0.47435105,0.09621957689523697,0.9290000200271606,0.8726000189781189
YLR251W,YHR214C-C,0,0.47433916,0.09620960801839828,0.9290000200271606,0.8726999759674072
YJR091C,YOL103W-A,0,0.47432882,0.0961996465921402,0.9290000200271606,0.8727999925613403
YCR080W,YOR247W,0,0.47429198,0.09618968516588211,0.9290000200271606,0.8729000091552734
YLL012W,YLR386W,1,0.47428608,0.09628325700759888,0.9300000071525574,0.8729000091552734
YNL194C,YJL204C,0,0.4742344,0.09627329558134079,0.9300000071525574,0.8730000257492065
YHL027W,YNL054W-A,0,0.4742254,0.0962633267045021,0.9300000071525574,0.8730999827384949
YPL124W,YPR158W-B,0,0.4742151,0.09625336527824402,0.9300000071525574,0.873199999332428
YGL077C,YOL053C-A,0,0.47402984,0.09624340385198593,0.9300000071525574,0.8733000159263611
YLR297W,YBR146W,0,0.47386017,0.09623344242572784,0.9300000071525574,0.8733999729156494
YOR232W,YLR157C-B,0,0.4736617,0.09622348845005035,0.9300000071525574,0.8734999895095825
YOR196C,YOR237W,1,0.47365904,0.09631698578596115,0.9309999942779541,0.8734999895095825
YIL168W,YNL059C,0,0.47364718,0.09630702435970306,0.9309999942779541,0.8736000061035156
YGR161W-B,YDR361C,0,0.47364616,0.09629706293344498,0.9309999942779541,0.8737000226974487
YHR179W,YDR098C-B,0,0.47354275,0.09628710150718689,0.9309999942779541,0.8737999796867371
YLR249W,YMR288W,0,0.47350118,0.0962771475315094,0.9309999942779541,0.8738999962806702
YGR074W,YHR157W,0,0.47347003,0.09626719355583191,0.9309999942779541,0.8740000128746033
YBR075W,YLR023C,0,0.47345376,0.09625723958015442,0.9309999942779541,0.8741000294685364
YPL118W,YGR161C-C,0,0.47331005,0.09624728560447693,0.9309999942779541,0.8741999864578247
YDR268W,YGR109W-A,0,0.4732945,0.09623733907938004,0.9309999942779541,0.8743000030517578
YDR210C-C,YLL032C,0,0.47326344,0.09622739255428314,0.9309999942779541,0.8744000196456909
YMR034C,YOR032C,0,0.473243,0.09621744602918625,0.9309999942779541,0.8744999766349792
YHR141C,YBR085W,0,0.47321475,0.09620749950408936,0.9309999942779541,0.8745999932289124
YPR034W,YLR227W-B,0,0.4731807,0.09619756042957306,0.9309999942779541,0.8747000098228455
YMR176W,YPL060C-A,0,0.47306174,0.09618762135505676,0.9309999942779541,0.8748000264167786
YML007W,YCL012W,0,0.47302613,0.09617768228054047,0.9309999942779541,0.8748999834060669
YHL011C,YHR139C,0,0.4730006,0.09616775065660477,0.9309999942779541,0.875
YOR343W-B,YOL141W,0,0.47293764,0.09615781903266907,0.9309999942779541,0.8751000165939331
YPL217C,YER137C-A,0,0.4727825,0.09614788740873337,0.9309999942779541,0.8751999735832214
YCR016W,YAL060W,0,0.4727788,0.09613796323537827,0.9309999942779541,0.8752999901771545
YER062C,YOR088W,0,0.47275686,0.09612803161144257,0.9309999942779541,0.8754000067710876
YNR004W,YJR147W,0,0.47273946,0.09611810743808746,0.9309999942779541,0.8755000233650208
YHL050C,YBL072C,0,0.47271377,0.09610818326473236,0.9309999942779541,0.8755999803543091
YDR098C-A,YNL035C,0,0.47266358,0.09609826654195786,0.9309999942779541,0.8756999969482422
YIR032C,YBL005W-A,0,0.47261435,0.09608834981918335,0.9309999942779541,0.8758000135421753
YGR161W-A,YPL020C,0,0.47259116,0.09607843309640884,0.9309999942779541,0.8758999705314636
YOL090W,YER108C,0,0.47256696,0.09606851637363434,0.9309999942779541,0.8759999871253967
YHR142W,YLR410W-B,0,0.4725601,0.09605860710144043,0.9309999942779541,0.8761000037193298
YML080W,YCL030C,0,0.47249794,0.09604869782924652,0.9309999942779541,0.8762000203132629
YLR352W,YPR163C,0,0.47249097,0.09603878855705261,0.9309999942779541,0.8762999773025513
YLR270W,YDL171C,0,0.4724282,0.0960288792848587,0.9309999942779541,0.8763999938964844
YLL014W,YFL034C-A,0,0.4724083,0.09601897746324539,0.9309999942779541,0.8765000104904175
YDR034C-D,YEL012W,0,0.4723791,0.09600907564163208,0.9309999942779541,0.8766000270843506
YDR210W-A,YAL019W,0,0.47228605,0.09599917382001877,0.9309999942779541,0.8766999840736389
YGL210W-A,YPR009W,0,0.47212693,0.09598927944898605,0.9309999942779541,0.876800000667572
YDR100W,YGR109W-B,0,0.47202998,0.09597938507795334,0.9309999942779541,0.8769000172615051
YKL097W-A,YJR036C,0,0.4719975,0.09596949070692062,0.9309999942779541,0.8769999742507935
YOR117W,YGL183C,0,0.47196326,0.09595959633588791,0.9309999942779541,0.8770999908447266
YBR301W,YHR113W,0,0.47187418,0.09594970941543579,0.9309999942779541,0.8772000074386597
YLR105C,YPR158W-B,0,0.4718697,0.09593981504440308,0.9309999942779541,0.8773000240325928
YNL181W,YBL009W,0,0.47176856,0.09592993557453156,0.9309999942779541,0.8773999810218811
YPR022C,YML030W,0,0.4717573,0.09592004865407944,0.9309999942779541,0.8774999976158142
YDR261C-C,YML030W,0,0.47171712,0.09591016918420792,0.9309999942779541,0.8776000142097473
YBL006C,YGL170C,0,0.47170377,0.0959002897143364,0.9309999942779541,0.8776999711990356
YDR210C-D,YDR515W,0,0.47167063,0.09589041024446487,0.9309999942779541,0.8777999877929688
YGR161W-B,YGL061C,0,0.47154903,0.09588053822517395,0.9309999942779541,0.8779000043869019
YFL052W,YOR212W,0,0.4715104,0.09587065875530243,0.9309999942779541,0.878000020980835
YCL005W-A,YML093W,0,0.4714769,0.0958607941865921,0.9309999942779541,0.8780999779701233
YGR198W,YGR161C-C,0,0.47146112,0.09585092216730118,0.9309999942779541,0.8781999945640564
YGL050W,YGR161W-B,0,0.471456,0.09584105759859085,0.9309999942779541,0.8783000111579895
YLR119W,YGR109W-A,0,0.47143012,0.09583118557929993,0.9309999942779541,0.8784000277519226
YOR340C,YDR210W-A,0,0.4713603,0.0958213284611702,0.9309999942779541,0.8784999847412109
YDL156W,YLR429W,0,0.4713351,0.09581146389245987,0.9309999942779541,0.878600001335144
YCR089W,YHR214C-B,0,0.4712053,0.09580160677433014,0.9309999942779541,0.8787000179290771
YGL085W,YGL170C,0,0.47119513,0.09579174965620041,0.9309999942779541,0.8787999749183655
YGR034W,YNL282W,0,0.47076225,0.09578189253807068,0.9309999942779541,0.8788999915122986
YMR040W,YPR137C-A,0,0.47076038,0.09577204287052155,0.9309999942779541,0.8790000081062317
YKL144C,YCR070W,0,0.4707405,0.09576218575239182,0.9309999942779541,0.8791000247001648
YGR161W-B,YGR253C,0,0.47066987,0.09575234353542328,0.9309999942779541,0.8791999816894531
YGR203W,YMR050C,0,0.47043943,0.09574249386787415,0.9309999942779541,0.8792999982833862
YHR197W,YKR052C,0,0.4702965,0.09573264420032501,0.9309999942779541,0.8794000148773193
YGR161C-D,YKL188C,0,0.470132,0.09572280198335648,0.9309999942779541,0.8794999718666077
YDR200C,YGR031C-A,0,0.47013006,0.09571296721696854,0.9309999942779541,0.8795999884605408
YKR068C,YDR210C-D,0,0.4699924,0.095703125,0.9309999942779541,0.8797000050544739
YJL162C,YER138C,0,0.46995538,0.09569329023361206,0.9309999942779541,0.879800021648407
YLR178C,YER038C,0,0.46994737,0.09568345546722412,0.9309999942779541,0.8798999786376953
YPL108W,YMR182C,0,0.46990907,0.09567362070083618,0.9309999942779541,0.8799999952316284
YGL210W-A,YPR155C,0,0.46989632,0.09566378593444824,0.9309999942779541,0.8801000118255615
YLR227W-B,YCR057C,0,0.46980622,0.0956539586186409,0.9309999942779541,0.8802000284194946
YLR153C,YFL002W-B,0,0.4697855,0.09564413130283356,0.9309999942779541,0.880299985408783
YLR256W-A,YHL018W,0,0.4697519,0.09563431143760681,0.9309999942779541,0.8804000020027161
YCL074W,YOR142W,0,0.4697188,0.09562448412179947,0.9309999942779541,0.8805000185966492
YLR410W-A,YJR133W,0,0.46971828,0.09561466425657272,0.9309999942779541,0.8805999755859375
YDR001C,YDR210W-A,0,0.4696821,0.09560484439134598,0.9309999942779541,0.8806999921798706
YDR303C,YNL054W-A,0,0.46963292,0.09559503197669983,0.9309999942779541,0.8808000087738037
YPL189W,YML086C,0,0.46952975,0.09558521211147308,0.9309999942779541,0.8809000253677368
YOR358W,YML133C,0,0.4695251,0.09557539969682693,0.9309999942779541,0.8809999823570251
YDR034C-D,YER143W,0,0.46949852,0.09556559473276138,0.9309999942779541,0.8810999989509583
YLR292C,YGR109W-A,0,0.4694248,0.09555578231811523,0.9309999942779541,0.8812000155448914
YFL013C,YNL247W,0,0.46935582,0.09554597735404968,0.9309999942779541,0.8812999725341797
YGR027W-A,YKL168C,0,0.4692968,0.09553617238998413,0.9309999942779541,0.8813999891281128
YDR472W,YPR158C-C,0,0.4691701,0.09552636742591858,0.9309999942779541,0.8815000057220459
YJL096W,YFL035C-B,0,0.46913528,0.09551656991243362,0.9309999942779541,0.881600022315979
YDL240W,YIL067C,0,0.4690197,0.09550677239894867,0.9309999942779541,0.8816999793052673
YLR182W,YER137C-A,0,0.46898,0.09549697488546371,0.9309999942779541,0.8817999958992004
YKL200C,YCR088W,0,0.46886003,0.09548717737197876,0.9309999942779541,0.8819000124931335
YNL054W-A,YBR089C-A,0,0.46882617,0.0954773873090744,0.9309999942779541,0.8820000290870667
YGL166W,YJL018W,0,0.46877658,0.09546759724617004,0.9309999942779541,0.882099986076355
YNL054W,YCL003W,1,0.4687302,0.09556034207344055,0.9319999814033508,0.882099986076355
YLR391W-A,YOR079C,0,0.4687255,0.0955505445599556,0.9319999814033508,0.8822000026702881
YCL027C-A,YNL132W,0,0.46862864,0.09554074704647064,0.9319999814033508,0.8823000192642212
YDR280W,YFL035C,0,0.46856052,0.09553095698356628,0.9319999814033508,0.8823999762535095
YDL209C,YKL006W,0,0.46855077,0.09552116692066193,0.9319999814033508,0.8824999928474426
YHR056C,YDR210W-A,0,0.4685185,0.09551137685775757,0.9319999814033508,0.8826000094413757
YLR307W,YOR187W,0,0.46851635,0.09550158679485321,0.9319999814033508,0.8827000260353088
YJR096W,YEL011W,0,0.46848387,0.09549180418252945,0.9319999814033508,0.8827999830245972
YDR098C-B,YLL005C,0,0.46842408,0.09548202157020569,0.9319999814033508,0.8828999996185303
YLR315W,YLR449W,0,0.4683897,0.09547223895788193,0.9319999814033508,0.8830000162124634
YCL027C-A,YML110C,0,0.46830636,0.09546246379613876,0.9319999814033508,0.8830999732017517
YML049C,YDL211C,0,0.4681198,0.095452681183815,0.9319999814033508,0.8831999897956848
YEL042W,YLR154W-A,0,0.4681089,0.09544290602207184,0.9319999814033508,0.8833000063896179
YHR119W,YMR121C,0,0.4680686,0.09543313831090927,0.9319999814033508,0.883400022983551
YER151C,YBL005W-A,0,0.46785784,0.09542336314916611,0.9319999814033508,0.8834999799728394
YER183C,YLR258W,0,0.46783513,0.09541359543800354,0.9319999814033508,0.8835999965667725
YGR027W-A,YJR096W,0,0.46783066,0.09540382772684097,0.9319999814033508,0.8837000131607056
YHR033W,YOR241W,0,0.4677707,0.0953940600156784,0.9319999814033508,0.8838000297546387
YGL028C,YGR038C-B,0,0.46775243,0.09538429975509644,0.9319999814033508,0.883899986743927
YGL210W-A,YOR319W,0,0.46774232,0.09537453949451447,0.9319999814033508,0.8840000033378601
YOL086W-A,YLR360W,0,0.46774155,0.0953647792339325,0.9319999814033508,0.8841000199317932
YDR485C,YGR031C-A,0,0.46774083,0.09535502642393112,0.9319999814033508,0.8841999769210815
YIR003W,YGL046W,0,0.46764374,0.09534526616334915,0.9319999814033508,0.8842999935150146
YOL103W-B,YER039C,0,0.46761602,0.09533551335334778,0.9319999814033508,0.8844000101089478
YDR165W,YOR157C,0,0.46758538,0.095325767993927,0.9319999814033508,0.8845000267028809
YIL035C,YEL048C,0,0.4675815,0.09531601518392563,0.9319999814033508,0.8845999836921692
YHL027W,YGR161C-C,0,0.46756428,0.09530626982450485,0.9319999814033508,0.8847000002861023
YGL054C,YOL086W-A,0,0.46754527,0.09529652446508408,0.9319999814033508,0.8848000168800354
YML114C,YMR321C,0,0.46751338,0.0952867791056633,0.9319999814033508,0.8848999738693237
YDR261C-D,YJR053W,0,0.46744603,0.09527704119682312,0.9319999814033508,0.8849999904632568
YBR200W,YOR088W,0,0.4673965,0.09526730328798294,0.9319999814033508,0.8851000070571899
YOL122C,YMR189W,0,0.46739358,0.09525756537914276,0.9319999814033508,0.885200023651123
YGR033C,YDR365W-B,0,0.46734387,0.09524782747030258,0.9319999814033508,0.8852999806404114
YGL219C,YDR365W-B,0,0.4673025,0.095238097012043,0.9319999814033508,0.8853999972343445
YGR275W,YNL054W-A,0,0.46724784,0.09522836655378342,0.9319999814033508,0.8855000138282776
YJL112W,YHR214C-C,0,0.4671567,0.09521863609552383,0.9319999814033508,0.8855999708175659
YJL066C,YLR157C-B,0,0.46711826,0.09520890563726425,0.9319999814033508,0.885699987411499
YPL010W,YOR088W,0,0.46710688,0.09519918262958527,0.9319999814033508,0.8858000040054321
YHR108W,YNR021W,0,0.46700758,0.09518945962190628,0.9319999814033508,0.8859000205993652
YLR408C,YMR131C,0,0.4668971,0.0951797366142273,0.9319999814033508,0.8859999775886536
YJR067C,YGR161W-B,0,0.4668625,0.0951700210571289,0.9319999814033508,0.8860999941825867
YBL101W-B,YML045W,0,0.46681958,0.09516030550003052,0.9319999814033508,0.8862000107765198
YOR177C,YER053C-A,0,0.46681958,0.09515058994293213,0.9319999814033508,0.8863000273704529
YLR157C-A,YGR090W,0,0.46681958,0.09514087438583374,0.9319999814033508,0.8863999843597412
YDR524C-B,YFR031C-A,0,0.46681958,0.09513116627931595,0.9319999814033508,0.8865000009536743
YNL062C,YDR524C-B,0,0.46681958,0.09512145072221756,0.9319999814033508,0.8866000175476074
YPL060C-A,YML033W,0,0.46681958,0.09511174261569977,0.9319999814033508,0.8866999745368958
YMR024W,YNL284C-A,0,0.46681958,0.09510204195976257,0.9319999814033508,0.8867999911308289
YJR056C,YCR055C,0,0.46681958,0.09509233385324478,0.9319999814033508,0.886900007724762
YBR073W,YOL103W-B,0,0.46681958,0.09508263319730759,0.9319999814033508,0.8870000243186951
YBL007C,YDR524C-B,0,0.46681958,0.09507293999195099,0.9319999814033508,0.8870999813079834
YCR055C,YPL276W,0,0.46681958,0.0950632393360138,0.9319999814033508,0.8871999979019165
YLR157C-A,YNL052W,0,0.46681958,0.0950535461306572,0.9319999814033508,0.8873000144958496
YDR210W-D,YLR110C,0,0.46681958,0.0950438529253006,0.9319999814033508,0.8873999714851379
YCL027C-A,YPR158W-A,0,0.46681958,0.095034159719944,0.9319999814033508,0.887499988079071
YNL056W,YNL284C-A,0,0.46681958,0.0950244665145874,0.9319999814033508,0.8876000046730042
YDR210W-D,YKL041W,0,0.46681958,0.0950147807598114,0.9319999814033508,0.8877000212669373
YLR157C-A,YJR102C,0,0.46681958,0.0950050950050354,0.9319999814033508,0.8877999782562256
YOR378W,YNL284C-A,0,0.46681958,0.09499541670084,0.9319999814033508,0.8878999948501587
YEL004W,YDR524C-B,0,0.46681958,0.094985730946064,0.9319999814033508,0.8880000114440918
YER168C,YDR381C-A,0,0.46681958,0.09497605264186859,0.9319999814033508,0.8881000280380249
YGR161C-D,YJL133C-A,0,0.46681958,0.09496637433767319,0.9319999814033508,0.8881999850273132
YKL048C,YBL029C-A,0,0.46681958,0.09495669603347778,0.9319999814033508,0.8883000016212463
YOR198C,YNL284C-A,0,0.46681958,0.09494702517986298,0.9319999814033508,0.8884000182151794
YDR210W-D,YHL007C,0,0.46681958,0.09493735432624817,0.9319999814033508,0.8884999752044678
YDR014W-A,YOL124C,0,0.46681958,0.09492768347263336,0.9319999814033508,0.8885999917984009
YLR157C-A,YOR032C,0,0.46681958,0.09491801261901855,0.9319999814033508,0.888700008392334
YCL027C-A,YOL057W,0,0.46681958,0.09490834921598434,0.9319999814033508,0.8888000249862671
YLR116W,YOR343C-B,0,0.46681958,0.09489868581295013,0.9319999814033508,0.8888999819755554
YMR205C,YDR524C-B,0,0.46681958,0.09488902240991592,0.9319999814033508,0.8889999985694885
YPR003C,YHR079C-B,0,0.46681958,0.09487936645746231,0.9319999814033508,0.8891000151634216
YOL086W-A,YIL170W,0,0.46681958,0.0948697105050087,0.9319999814033508,0.88919997215271
YDR210W-D,YNL233W,0,0.46681958,0.09486005455255508,0.9319999814033508,0.8892999887466431
YCR097WB,YGR031C-A,0,0.46681958,0.09485039860010147,0.9319999814033508,0.8894000053405762
YGR027W-A,YLR154W-C,0,0.46681958,0.09484074264764786,0.9319999814033508,0.8895000219345093
YDR210W-D,YCR071C,0,0.46681958,0.09483109414577484,0.9319999814033508,0.8895999789237976
YHL009W-A,YHR039C-A,0,0.46681958,0.09482144564390182,0.9319999814033508,0.8896999955177307
YER008C,YLR256W-A,0,0.46681958,0.09481179714202881,0.9319999814033508,0.8898000121116638
YDR210W-C,YLR013W,0,0.46681958,0.09480215609073639,0.9319999814033508,0.8899000287055969
YBL101W-B,YDR348C,0,0.46681958,0.09479251503944397,0.9319999814033508,0.8899999856948853
YBL008W-A,YIL065C,0,0.46681958,0.09478287398815155,0.9319999814033508,0.8901000022888184
YGL259W,YBR200W-A,0,0.46681958,0.09477323293685913,0.9319999814033508,0.8902000188827515
YBR253W,YBR200W-A,0,0.46681958,0.09476359933614731,0.9319999814033508,0.8902999758720398
YOL077W-A,YER053C-A,0,0.46681958,0.09475396573543549,0.9319999814033508,0.8903999924659729
YDR131C,YKL200C,0,0.46681958,0.09474433213472366,0.9319999814033508,0.890500009059906
YFR021W,YDR210W-C,0,0.46681958,0.09473469853401184,0.9319999814033508,0.8906000256538391
YDR014W-A,YBR215W,0,0.46681958,0.09472507238388062,0.9319999814033508,0.8906999826431274
YOR343C-A,YIL061C,0,0.46681958,0.09471544623374939,0.9319999814033508,0.8907999992370605
YKR071C,YNL024C-A,0,0.46681958,0.09470582008361816,0.9319999814033508,0.8909000158309937
YBL101W-B,YLR323C,0,0.46681958,0.09469620138406754,0.9319999814033508,0.890999972820282
YDR210W-D,YOR266W,0,0.46681958,0.0946865826845169,0.9319999814033508,0.8910999894142151
YOR343C-A,YDR210W-A,0,0.46681958,0.09467696398496628,0.9319999814033508,0.8912000060081482
YOL146W,YHL009W-A,0,0.46681958,0.09466734528541565,0.9319999814033508,0.8913000226020813
YDR415C,YCR097WB,0,0.46681958,0.09465772658586502,0.9319999814033508,0.8913999795913696
YHL009W-A,YKL221W,0,0.46681958,0.09464811533689499,0.9319999814033508,0.8914999961853027
YDR463W,YDR210W-C,0,0.46681958,0.09463850408792496,0.9319999814033508,0.8916000127792358
YGR013W,YBL029C-A,0,0.46681958,0.09462889283895493,0.9319999814033508,0.891700029373169
YBR168W,YDR210W-C,0,0.46681958,0.09461928904056549,0.9319999814033508,0.8917999863624573
YNL024C-A,YML118W,0,0.46681958,0.09460968524217606,0.9319999814033508,0.8919000029563904
YKL069W,YCR058C,0,0.46681958,0.09460008144378662,0.9319999814033508,0.8920000195503235
YBL008W-A,YBR111W-A,0,0.46681958,0.09459047764539719,0.9319999814033508,0.8920999765396118
YMR118C,YBR111W-A,0,0.46681958,0.09458088129758835,0.9319999814033508,0.8921999931335449
YLR157C-A,YMR072W,0,0.46681958,0.09457128494977951,0.9319999814033508,0.892300009727478
YIL167W,YGR161C-D,0,0.46681958,0.09456168860197067,0.9319999814033508,0.8924000263214111
YNL163C,YBL029C-A,0,0.46681958,0.09455209225416183,0.9319999814033508,0.8924999833106995
YBR075W,YLR352W,0,0.46681958,0.0945425033569336,0.9319999814033508,0.8925999999046326
YDR381C-A,YBR216C,0,0.46681958,0.09453291445970535,0.9319999814033508,0.8927000164985657
YGL192W,YLR157C-A,0,0.46681958,0.09452332556247711,0.9319999814033508,0.892799973487854
YJL021C,YKL027W,0,0.46681958,0.09451374411582947,0.9319999814033508,0.8928999900817871
YNL284C-B,YGR031C-A,0,0.46681958,0.09450415521860123,0.9319999814033508,0.8930000066757202
YBL101W-B,YDL139C,0,0.46681958,0.09449457377195358,0.9319999814033508,0.8931000232696533
YCR105W,YDR381C-A,0,0.46681958,0.09448499232530594,0.9319999814033508,0.8931999802589417
YBL101W-B,YKR035W-A,0,0.46681958,0.09447541832923889,0.9319999814033508,0.8932999968528748
YLR157C-A,YOL137W,0,0.46681958,0.09446584433317184,0.9319999814033508,0.8934000134468079
YGL180W,YER053C-A,0,0.46681958,0.0944562703371048,0.9319999814033508,0.8934999704360962
YPL237W,YBL029C-A,0,0.46681958,0.09444669634103775,0.9319999814033508,0.8935999870300293
YFL022C,YOR343C-A,0,0.46681958,0.0944371297955513,0.9319999814033508,0.8937000036239624
YLR050C,YFL035C-B,0,0.46681958,0.09442755579948425,0.9319999814033508,0.8938000202178955
YHL009W-A,YBR280C,0,0.46681958,0.0944179892539978,0.9319999814033508,0.8938999772071838
YDR014W-A,YGL127C,0,0.46681958,0.09440843015909195,0.9319999814033508,0.8939999938011169
YDR262W,YDR524C-B,0,0.46681958,0.0943988636136055,0.9319999814033508,0.89410001039505
YOR343W-B,YDR384C,0,0.46681958,0.09438930451869965,0.9319999814033508,0.8942000269889832
YKL043W,YBL029C-A,0,0.46681958,0.09437974542379379,0.9319999814033508,0.8942999839782715
YBL101W-B,YML029W,0,0.46681958,0.09437019377946854,0.9319999814033508,0.8944000005722046
YDR021W,YOR343C-A,0,0.46681958,0.09436063468456268,0.9319999814033508,0.8945000171661377
YHR050W,YML045W-A,0,0.46681958,0.09435108304023743,0.9319999814033508,0.894599974155426
YBL101W-B,YAL028W,0,0.46681958,0.09434153139591217,0.9319999814033508,0.8946999907493591
YLR157C-A,YHR164C,0,0.46681958,0.09433198720216751,0.9319999814033508,0.8948000073432922
YML045W-A,YLR095C,0,0.46681958,0.09432243555784225,0.9319999814033508,0.8949000239372253
YCL027C-A,YMR262W,0,0.46681958,0.0943128913640976,0.9319999814033508,0.8949999809265137
YHL009W-A,YPL209C,0,0.46681958,0.09430334717035294,0.9319999814033508,0.8950999975204468
YKR099C-A,YGR125W,0,0.46681958,0.09429381042718887,0.9319999814033508,0.8952000141143799
YDR014W-A,YLR055C,0,0.46681958,0.09428426623344421,0.9319999814033508,0.8952999711036682
YGL208W,YER053C-A,0,0.46681958,0.09427472949028015,0.9319999814033508,0.8953999876976013
YCR055C,YJL225C,0,0.46681958,0.09426520019769669,0.9319999814033508,0.8955000042915344
YML045W-A,YPL158C,0,0.46681958,0.09425566345453262,0.9319999814033508,0.8956000208854675
YCR052W,YOR343C-B,0,0.46681958,0.09424613416194916,0.9319999814033508,0.8956999778747559
YDR135C,YER053C-A,0,0.46681958,0.09423660486936569,0.9319999814033508,0.895799994468689
YGL096W,YDR210W-C,0,0.46681958,0.09422707557678223,0.9319999814033508,0.8959000110626221
YGL160W,YBL101W-B,0,0.46681958,0.09421754628419876,0.9319999814033508,0.8960000276565552
YCR055C,YJR120W,0,0.46681958,0.09420802444219589,0.9319999814033508,0.8960999846458435
YNL035C,YCL062W,0,0.46681958,0.09419850260019302,0.9319999814033508,0.8962000012397766
YML096W,YKL138C-A,0,0.46681958,0.09418898075819016,0.9319999814033508,0.8963000178337097
YBL101W-B,YOR208W,0,0.46681958,0.09417946636676788,0.9319999814033508,0.896399974822998
YBR100W,YOR214C,0,0.46681958,0.09416995197534561,0.9319999814033508,0.8964999914169312
YDR210W-D,YDR383C,0,0.46681958,0.09416043758392334,0.9319999814033508,0.8966000080108643
YER055C,YNL284C-A,0,0.46681958,0.09415092319250107,0.9319999814033508,0.8967000246047974
YNL024C,YBR200W-A,0,0.46681958,0.0941414162516594,0.9319999814033508,0.8967999815940857
YHL009W-A,YJL003W,0,0.46681958,0.09413190931081772,0.9319999814033508,0.8968999981880188
YFL018W-A,YJL144W,0,0.46681958,0.09412240236997604,0.9319999814033508,0.8970000147819519
YLR157C-A,YEL055C,0,0.46681958,0.09411289542913437,0.9319999814033508,0.8970999717712402
YPR011C,YHR079C-B,0,0.46681958,0.09410339593887329,0.9319999814033508,0.8971999883651733
YLR157C-A,YDR210C-C,0,0.46681958,0.09409388899803162,0.9319999814033508,0.8973000049591064
YNL087W,YOR343C-B,0,0.46681958,0.09408439695835114,0.9319999814033508,0.8974000215530396
YLL057C,YER053C-A,0,0.46681958,0.09407489746809006,0.9319999814033508,0.8974999785423279
YER137C-A,YER017C,0,0.46681958,0.09406539797782898,0.9319999814033508,0.897599995136261
YPR158W-A,YBR111W-A,0,0.46681958,0.0940559059381485,0.9319999814033508,0.8977000117301941
YBL008W-A,YLR143W,0,0.46681958,0.09404642134904861,0.9319999814033508,0.8978000283241272
YER053C-A,YPR060C,0,0.46681958,0.09403692930936813,0.9319999814033508,0.8978999853134155
YLR395C,YNL284C-A,0,0.46681958,0.09402744472026825,0.9319999814033508,0.8980000019073486
YNL181W,YNL024C-A,0,0.46681958,0.09401795268058777,0.9319999814033508,0.8981000185012817
YJL118W,YNL138W-A,0,0.46681958,0.09400847554206848,0.9319999814033508,0.8981999754905701
YMR160W,YCL005W-A,0,0.46681958,0.0939989909529686,0.9319999814033508,0.8982999920845032
YMR177W,YBR200W-A,0,0.46681958,0.09398951381444931,0.9319999814033508,0.8984000086784363
YNL024C-A,YNL029C,0,0.46681958,0.09398003667593002,0.9319999814033508,0.8985000252723694
YGL210W-A,YPR196W,0,0.46681958,0.09397055953741074,0.9319999814033508,0.8985999822616577
YGR198W,YOR343C-B,0,0.46681958,0.09396108239889145,0.9319999814033508,0.8986999988555908
YLR043C,YLR157C-A,0,0.46681958,0.09395161271095276,0.9319999814033508,0.8988000154495239
YML045W-A,YDR384C,0,0.46681958,0.09394214302301407,0.9319999814033508,0.8988999724388123
YER175C,YDR210W-C,0,0.46681958,0.09393267333507538,0.9319999814033508,0.8989999890327454
YDR261W-A,YBR200W-A,0,0.46681958,0.09392321109771729,0.9319999814033508,0.8991000056266785
YER065C,YOR343C-B,0,0.46681958,0.0939137414097786,0.9319999814033508,0.8992000222206116
YKL097W-A,YEL043W,0,0.46681958,0.0939042791724205,0.9319999814033508,0.8992999792098999
YMR213W,YOR343C-B,0,0.46681958,0.093894824385643,0.9319999814033508,0.899399995803833
YHR060W,YNL024C-A,0,0.46681958,0.09388536214828491,0.9319999814033508,0.8995000123977661
YGL160W,YJL133C-A,0,0.46681958,0.09387590736150742,0.9319999814033508,0.8996000289916992
YJL058C,YOR343C-B,0,0.46681958,0.09386645257472992,0.9319999814033508,0.8996999859809875
YBL071W-A,YKR075C,0,0.46681958,0.09385699778795242,0.9319999814033508,0.8998000025749207
YGR271C-A,YNL024C-A,0,0.46681958,0.09384755045175552,0.9319999814033508,0.8999000191688538
YDR381C-A,YGR057C,0,0.46681958,0.09383809566497803,0.9319999814033508,0.8999999761581421
YMR226C,YLR157C-A,0,0.46681958,0.09382864832878113,0.9319999814033508,0.9000999927520752
YOR320C,YBR200W-A,0,0.46681958,0.09381920844316483,0.9319999814033508,0.9002000093460083
YJL133C-A,YDR365W-B,0,0.46681958,0.09380976110696793,0.9319999814033508,0.9003000259399414
YOR343C-A,YDR285W,0,0.46681958,0.09380032122135162,0.9319999814033508,0.9003999829292297
YJL018W,YOL103W-B,0,0.46681958,0.09379088133573532,0.9319999814033508,0.9004999995231628
YGL130W,YNR060W,0,0.4668141,0.09378144145011902,0.9319999814033508,0.900600016117096
YOL086W-A,YKR026C,0,0.4667996,0.09377200901508331,0.9319999814033508,0.9006999731063843
YGR161C-D,YIR021W,0,0.46679074,0.09376257658004761,0.9319999814033508,0.9007999897003174
YBR039W,YDR316W-B,0,0.4667749,0.0937531441450119,0.9319999814033508,0.9009000062942505
YPR107C,YCR055C,0,0.4667349,0.0937437117099762,0.9319999814033508,0.9010000228881836
YOR142W-A,YJR152W,0,0.46672297,0.09373428672552109,0.9319999814033508,0.9010999798774719
YCL027C-A,YIL085C,0,0.46671373,0.09372486174106598,0.9319999814033508,0.901199996471405
YOL020W,YGR031C-A,0,0.4666775,0.09371543675661087,0.9319999814033508,0.9013000130653381
YML132W,YCL012W,0,0.46664682,0.09370601177215576,0.9319999814033508,0.9014000296592712
YOR251C,YGR161C-D,0,0.46662712,0.09369659423828125,0.9319999814033508,0.9014999866485596
YLR289W,YDR316W-B,0,0.46661967,0.09368717670440674,0.9319999814033508,0.9016000032424927
YOR079C,YOL155C,0,0.46652198,0.09367775917053223,0.9319999814033508,0.9017000198364258
YDR261C-D,YPL012W,0,0.46649957,0.09366834163665771,0.9319999814033508,0.9017999768257141
YJL051W,YGR148C,0,0.46649837,0.0936589315533638,0.9319999814033508,0.9018999934196472
YOL113W,YLR410W-B,0,0.4664844,0.09364951401948929,0.9319999814033508,0.9020000100135803
YDR227W,YLR227W-A,0,0.46635833,0.09364011138677597,0.9319999814033508,0.9021000266075134
YER011W,YML029W,0,0.46633095,0.09363070130348206,0.9319999814033508,0.9021999835968018
YLL027W,YPL276W,0,0.4662587,0.09362129867076874,0.9319999814033508,0.9023000001907349
YBR075W,YLR148W,0,0.46624115,0.09361189603805542,0.9319999814033508,0.902400016784668
YFL002W-B,YJL071W,0,0.46618474,0.0936024934053421,0.9319999814033508,0.9024999737739563
YBR236C,YOL086W-A,0,0.46617445,0.09359309077262878,0.9319999814033508,0.9025999903678894
YNL223W,YBR090C-A,0,0.4661427,0.09358369559049606,0.9319999814033508,0.9027000069618225
YDR444W,YCR017C,1,0.466133,0.09367469698190689,0.9330000281333923,0.9027000069618225
YJL045W,YLR429W,0,0.46608108,0.09366529434919357,0.9330000281333923,0.9028000235557556
YGL018C,YER138C,0,0.46607006,0.09365589171648026,0.9330000281333923,0.902899980545044
YCL060C,YML078W,0,0.46605337,0.09364648908376694,0.9330000281333923,0.902999997138977
YJL028W,YNL186W,0,0.46603733,0.09363709390163422,0.9330000281333923,0.9031000137329102
YOR094W,YLR154W-A,0,0.46602762,0.0936276987195015,0.9330000281333923,0.9031999707221985
YPL064C,YIL148W,0,0.46594274,0.09361830353736877,0.9330000281333923,0.9032999873161316
YDR210C-D,YLR360W,0,0.46586668,0.09360890835523605,0.9330000281333923,0.9034000039100647
YJR083C,YER137C-A,0,0.46586284,0.09359952062368393,0.9330000281333923,0.9035000205039978
YOL086W-A,YML006C,0,0.46584564,0.0935901328921318,0.9330000281333923,0.9035999774932861
YMR176W,YDR210C-C,0,0.46582597,0.09358074516057968,0.9330000281333923,0.9036999940872192
YOR110W,YBR100W,0,0.4657879,0.09357135742902756,0.9330000281333923,0.9038000106811523
YMR081C,YLR154W-A,0,0.4657693,0.09356197714805603,0.9330000281333923,0.9039000272750854
YFL002W-B,YEL037C,0,0.46574777,0.0935525894165039,0.9330000281333923,0.9039999842643738
YLR060W,YPL113C,0,0.4657371,0.09354320913553238,0.9330000281333923,0.9041000008583069
YGR010W,YCL045C,0,0.46572584,0.09353383630514145,0.9330000281333923,0.90420001745224
YNL067W,YBR257W,0,0.46566468,0.09352445602416992,0.9330000281333923,0.9042999744415283
YBR075W,YDR515W,0,0.46561658,0.09351508319377899,0.9330000281333923,0.9043999910354614
YIL147C,YGR031C-A,0,0.46559042,0.09350571036338806,0.9330000281333923,0.9045000076293945
YPL230W,YMR134W,0,0.46554548,0.09349634498357773,0.9330000281333923,0.9046000242233276
YDR034C-D,YHL034C,0,0.46553898,0.0934869721531868,0.9330000281333923,0.904699981212616
YLL041C,YGR161W-B,0,0.46549046,0.09347760677337646,0.9330000281333923,0.9047999978065491
YJL074C,YDR210C-C,0,0.46536505,0.09346824139356613,0.9330000281333923,0.9049000144004822
YER108C,YBR208C,0,0.4653238,0.0934588834643364,0.9330000281333923,0.9049999713897705
YDR098C-A,YOR304C-A,0,0.4653198,0.09344951808452606,0.9330000281333923,0.9050999879837036
YMR030W,YGR031C-A,0,0.46529502,0.09344016015529633,0.9330000281333923,0.9052000045776367
YOL086W-A,YKR056W,0,0.46524578,0.09343080222606659,0.9330000281333923,0.9053000211715698
YPR067W,YML033W,0,0.46520793,0.09342144429683685,0.9330000281333923,0.9053999781608582
YMR295C,YOR054C,0,0.4650966,0.09341209381818771,0.9330000281333923,0.9054999947547913
YLR383W,YGR038C-B,0,0.46506125,0.09340274333953857,0.9330000281333923,0.9056000113487244
YMR244C-A,YNL118C,0,0.46504945,0.09339339286088943,0.9330000281333923,0.9057000279426575
YLR182W,YHR214C-C,0,0.4650367,0.0933840423822403,0.9330000281333923,0.9057999849319458
YKR031C,YGR060W,1,0.46501565,0.09347478300333023,0.9340000152587891,0.9057999849319458
YFL035C-A,YLR017W,0,0.46492428,0.0934654250741005,0.9340000152587891,0.9059000015258789
YPL141C,YPR158C-C,0,0.464844,0.09345607459545135,0.9340000152587891,0.906000018119812
YPL040C,YJL018W,0,0.4647721,0.09344672411680222,0.9340000152587891,0.9060999751091003
YDL220C,YDR365W-B,0,0.46476775,0.09343737363815308,0.9340000152587891,0.9061999917030334
YBR066C,YDR137W,0,0.46467358,0.09342803061008453,0.9340000152587891,0.9063000082969666
YNL247W,YHR214C-C,0,0.46467334,0.0934186801314354,0.9340000152587891,0.9064000248908997
YFR046C,YML058W-A,0,0.4645586,0.09340934455394745,0.9340000152587891,0.906499981880188
YLR256W-A,YHR143W-A,0,0.46454275,0.0934000015258789,0.9340000152587891,0.9065999984741211
YNR012W,YPR137C-A,0,0.46443677,0.09339065849781036,0.9340000152587891,0.9067000150680542
YDR361C,YGR109W-A,0,0.46443415,0.09338132292032242,0.9340000152587891,0.9067999720573425
YDL014W,YER183C,0,0.464391,0.09337198734283447,0.9340000152587891,0.9068999886512756
YNL183C,YCL062W,0,0.46431795,0.09336265176534653,0.9340000152587891,0.9070000052452087
YDL178W,YBL071W-A,0,0.46429294,0.09335332363843918,0.9340000152587891,0.9071000218391418
YJL012C-A,YPL147W,0,0.4642747,0.09334399551153183,0.9340000152587891,0.9071999788284302
YDR210W-A,YLR190W,0,0.46422863,0.09333466738462448,0.9340000152587891,0.9072999954223633
YOL086W-A,YGL037C,0,0.4642005,0.09332533925771713,0.9340000152587891,0.9074000120162964
YDR090C,YDR343C,0,0.46416032,0.09331601858139038,0.9340000152587891,0.9075000286102295
YCR016W,YFL018C,0,0.4641561,0.09330669045448303,0.9340000152587891,0.9075999855995178
YOR343W-B,YOL016C,0,0.46410447,0.09329736977815628,0.9340000152587891,0.9077000021934509
YDR316W-B,YCR002C,0,0.46409672,0.09328805655241013,0.9340000152587891,0.907800018787384
YHR139C,YLR391W,0,0.46409363,0.09327873587608337,0.9340000152587891,0.9078999757766724
YHL017W,YGR108W,0,0.46404713,0.09326942265033722,0.9340000152587891,0.9079999923706055
YGR033C,YNL054W-A,0,0.46400362,0.09326010942459106,0.9340000152587891,0.9081000089645386
YOR283W,YJL171C,0,0.4640022,0.09325079619884491,0.9340000152587891,0.9082000255584717
YJL128C,YDL208W,0,0.46394542,0.09324149042367935,0.9340000152587891,0.90829998254776
YLR219W,YPR196W,0,0.46376902,0.0932321846485138,0.9340000152587891,0.9083999991416931
YIL158W,YPR043W,0,0.46365875,0.09322287887334824,0.9340000152587891,0.9085000157356262
YDR210C-D,YFL062W,0,0.46359247,0.09321357309818268,0.9340000152587891,0.9085999727249146
YIL168W,YMR280C,0,0.46358556,0.09320426732301712,0.9340000152587891,0.9086999893188477
YDL134C-A,YLR328W,0,0.4635229,0.09319496899843216,0.9340000152587891,0.9088000059127808
YKR086W,YDR098C-A,0,0.46350455,0.0931856706738472,0.9340000152587891,0.9089000225067139
YPR011C,YLR410W-B,0,0.46346062,0.09317637979984283,0.9340000152587891,0.9089999794960022
YCR107W,YPL212C,0,0.46344566,0.09316708147525787,0.9340000152587891,0.9090999960899353
YOR208W,YDR098C-B,0,0.46339595,0.09315779060125351,0.9340000152587891,0.9092000126838684
YGL210W-A,YPR163C,0,0.46331123,0.09314849972724915,0.9340000152587891,0.9093000292778015
YGR161W-A,YOL144W,0,0.46330804,0.09313920885324478,0.9340000152587891,0.9093999862670898
YGR161W-A,YPR071W,0,0.46328217,0.09312992542982101,0.9340000152587891,0.909500002861023
YNL010W,YOL069W,0,0.46327874,0.09312063455581665,0.9340000152587891,0.909600019454956
YAR003W,YGR109W-A,0,0.4631865,0.09311135113239288,0.9340000152587891,0.9096999764442444
YFL002W-B,YOR264W,0,0.46308047,0.09310207515954971,0.9340000152587891,0.9097999930381775
YBR084C-A,YFR045W,0,0.463059,0.09309279173612595,0.9340000152587891,0.9099000096321106
YDL123W,YPL009C,0,0.46302098,0.09308351576328278,0.9340000152587891,0.9100000262260437
YOL111C,YDR210W-A,0,0.46301842,0.0930742397904396,0.9340000152587891,0.910099983215332
YMR175W,YOR230W,0,0.46300036,0.09306496381759644,0.9340000152587891,0.9101999998092651
YBR075W,YJL209W,0,0.46298945,0.09305569529533386,0.9340000152587891,0.9103000164031982
YLR297W,YHR016C,0,0.46298742,0.09304642677307129,0.9340000152587891,0.9103999733924866
YER151C,YGR027W-A,0,0.46292794,0.09303715825080872,0.9340000152587891,0.9104999899864197
YBR212W,YPL276W,0,0.4628781,0.09302788972854614,0.9340000152587891,0.9106000065803528
YFL002W-B,YPL188W,0,0.4628762,0.09301862120628357,0.9340000152587891,0.9107000231742859
YIL052C,YHL012W,0,0.46282256,0.09300936013460159,0.9340000152587891,0.9107999801635742
YDL042C,YGR038C-A,0,0.46281934,0.09300009906291962,0.9340000152587891,0.9108999967575073
YOR064C,YNL284C-B,0,0.4627831,0.09299083799123764,0.9340000152587891,0.9110000133514404
YOR343W-B,YMR177W,0,0.46273398,0.09298158437013626,0.9340000152587891,0.9110999703407288
YGR005C,YGR161C-D,0,0.4626021,0.09297233074903488,0.9340000152587891,0.9111999869346619
YPR091C,YHR026W,0,0.46260148,0.0929630771279335,0.9340000152587891,0.911300003528595
YLR410W-B,YLR225C,0,0.4625685,0.09295382350683212,0.9340000152587891,0.9114000201225281
YGL124C,YGR109W-A,0,0.4625659,0.09294456988573074,0.9340000152587891,0.9114999771118164
YLR383W,YBR090C-A,0,0.4625013,0.09293532371520996,0.9340000152587891,0.9115999937057495
YDR210C-C,YPR033C,0,0.4624961,0.09292607754468918,0.9340000152587891,0.9117000102996826
YHR079C-B,YOR020C,0,0.46237516,0.0929168313741684,0.9340000152587891,0.9118000268936157
YNL062C,YLR391W,0,0.46236894,0.09290759265422821,0.9340000152587891,0.911899983882904
YPL108W,YDR343C,0,0.46222126,0.09289834648370743,0.9340000152587891,0.9120000004768372
YMR195W,YBR090C-A,0,0.4620598,0.09288910776376724,0.9340000152587891,0.9121000170707703
YDR415C,YJR132W,0,0.46204275,0.09287986904382706,0.9340000152587891,0.9121999740600586
YHR103W,YOL103W-A,0,0.4619298,0.09287063777446747,0.9340000152587891,0.9122999906539917
YOR142W-B,YOR016C,0,0.46190912,0.09286140650510788,0.9340000152587891,0.9124000072479248
YGL071W,YGR161C-D,0,0.46190655,0.09285217523574829,0.9340000152587891,0.9125000238418579
YDR222W,YPR072W,0,0.46182817,0.0928429439663887,0.9340000152587891,0.9125999808311462
YML133C,YJL098W,0,0.46173728,0.09283371269702911,0.9340000152587891,0.9126999974250793
YDR098C,YOL103W-A,0,0.4616557,0.09282448887825012,0.9340000152587891,0.9128000140190125
YGR161C-C,YGL145W,0,0.46162724,0.09281526505947113,0.9340000152587891,0.9128999710083008
YOR173W,YMR114C,0,0.4614469,0.09280604124069214,0.9340000152587891,0.9129999876022339
YIL056W,YML033W,0,0.4614207,0.09279681742191315,0.9340000152587891,0.913100004196167
YEL019C,YBR271W,0,0.46141946,0.09278760105371475,0.9340000152587891,0.9132000207901001
YGR129W,YDR210C-C,0,0.46136868,0.09277838468551636,0.9340000152587891,0.9132999777793884
YER078C,YDR210W-A,0,0.4612704,0.09276916831731796,0.9340000152587891,0.9133999943733215
YDR098C-B,YGR096W,0,0.46120316,0.09275995939970016,0.9340000152587891,0.9135000109672546
YLR391W-A,YGL134W,0,0.4611839,0.09275074303150177,0.9340000152587891,0.9136000275611877
YKL001C,YCL060C,0,0.46109086,0.09274153411388397,0.9340000152587891,0.9136999845504761
YCR043C,YKL139W,0,0.4610244,0.09273232519626617,0.9340000152587891,0.9138000011444092
YBR162C,YPL011C,0,0.46098715,0.09272312372922897,0.9340000152587891,0.9139000177383423
YDR348C,YLR085C,0,0.46073943,0.09271391481161118,0.9340000152587891,0.9139999747276306
YCL027C-A,YML041C,0,0.46067208,0.09270471334457397,0.9340000152587891,0.9140999913215637
YER138C,YDR159W,0,0.46060115,0.09269551187753677,0.9340000152587891,0.9142000079154968
YKL107W,YEL027W,0,0.4605862,0.09268631786108017,0.9340000152587891,0.9143000245094299
YFL066C,YHR018C,0,0.4605277,0.09267711639404297,0.9340000152587891,0.9143999814987183
YDR415C,YNL307C,0,0.4605258,0.09266792237758636,0.9340000152587891,0.9144999980926514
YLR410W-B,YBR057C,0,0.4603964,0.09265872836112976,0.9340000152587891,0.9146000146865845
YCL048W,YPR137C-A,0,0.46034986,0.09264954179525375,0.9340000152587891,0.9146999716758728
YPL076W,YPR002W,1,0.46029395,0.092739537358284,0.9350000023841858,0.9146999716758728
YFR024C,YHR039C-A,0,0.46026516,0.0927303358912468,0.9350000023841858,0.9147999882698059
YFR024C,YJL054W,0,0.4602617,0.09272114187479019,0.9350000023841858,0.914900004863739
YGL008C,YDL107W,0,0.46021459,0.09271194785833359,0.9350000023841858,0.9150000214576721
YER021W,YBR090C-A,0,0.4602111,0.09270275384187698,0.9350000023841858,0.9150999784469604
YFL002W-B,YBL058W,0,0.46012747,0.09269356727600098,0.9350000023841858,0.9151999950408936
YBR006W,YNR071C,0,0.46012038,0.09268438071012497,0.9350000023841858,0.9153000116348267
YGR005C,YGR038C-B,0,0.45995164,0.09267519414424896,0.9350000023841858,0.9154000282287598
YLR256W-A,YHL012W,0,0.45989996,0.09266600757837296,0.9350000023841858,0.9154999852180481
YBR090C-A,YDR308C,0,0.4598807,0.09265682101249695,0.9350000023841858,0.9156000018119812
YLL066C,YNL284C,0,0.4598087,0.09264764189720154,0.9350000023841858,0.9157000184059143
YLR268W,YML033W,0,0.45972252,0.09263846278190613,0.9350000023841858,0.9157999753952026
YLL002W,YNL054W-A,0,0.4596982,0.09262928366661072,0.9350000023841858,0.9158999919891357
YCL035C,YFL035C-B,0,0.45968467,0.0926201120018959,0.9350000023841858,0.9160000085830688
YBR056W,YHR024C,0,0.45967793,0.0926109328866005,0.9350000023841858,0.916100025177002
YMR072W,YPL257W-B,0,0.45961028,0.09260176122188568,0.9350000023841858,0.9161999821662903
YLL055W,YDR210W-A,0,0.4595741,0.09259258955717087,0.9350000023841858,0.9162999987602234
YIL017W,YER072W,0,0.45955414,0.09258342534303665,0.9350000023841858,0.9164000153541565
YHL026C,YHR039C-A,0,0.45951942,0.09257426112890244,0.9350000023841858,0.9164999723434448
YFL002W-B,YDL181W,0,0.45940864,0.09256508946418762,0.9350000023841858,0.9165999889373779
YGL046W,YGR109C,0,0.45938036,0.092555932700634,0.9350000023841858,0.916700005531311
YMR058W,YDR098C-B,0,0.4593621,0.09254676848649979,0.9350000023841858,0.9168000221252441
YHR214C-B,YGR109W-A,0,0.45928448,0.09253761172294617,0.9350000023841858,0.9168999791145325
YER138C,YLR275W,0,0.45910788,0.09252845495939255,0.9350000023841858,0.9169999957084656
YDL225W,YML033W,0,0.4590482,0.09251929819583893,0.9350000023841858,0.9171000123023987
YMR146C,YFR024C,0,0.45895377,0.09251014143228531,0.9350000023841858,0.9172000288963318
YMR024W,YCR097WB,0,0.45889613,0.09250099211931229,0.9350000023841858,0.9172999858856201
YCR070W,YNL298W,0,0.45879203,0.09249183535575867,0.9350000023841858,0.9174000024795532
YOR249C,YDR098C-B,0,0.458788,0.09248269349336624,0.9350000023841858,0.9175000190734863
YOR343W-B,YFL010W-A,0,0.4587415,0.09247354418039322,0.9350000023841858,0.9175999760627747
YDL003W,YNL054W-A,0,0.4586587,0.0924644023180008,0.9350000023841858,0.9176999926567078
YJR161C,YPR137C-A,0,0.45865357,0.09245525300502777,0.9350000023841858,0.9178000092506409
YGR161W-A,YNL122C,0,0.45851392,0.09244611114263535,0.9350000023841858,0.917900025844574
YIL050W,YLR157C-B,0,0.45844668,0.09243697673082352,0.9350000023841858,0.9179999828338623
YKL186C,YFL052W,0,0.4582554,0.09242783486843109,0.9350000023841858,0.9180999994277954
YFL002W-B,YKL054C,0,0.45818812,0.09241870045661926,0.9350000023841858,0.9182000160217285
YDR174W,YBL112C,0,0.45814037,0.09240956604480743,0.9350000023841858,0.9182999730110168
YGR249W,YDR365W-B,0,0.4581105,0.0924004316329956,0.9350000023841858,0.91839998960495
YGL062W,YOL103W-A,0,0.45807952,0.09239130467176437,0.9350000023841858,0.9185000061988831
YML123C,YKL201C,0,0.4580784,0.09238217771053314,0.9350000023841858,0.9186000227928162
YPR152C,YOL103W-B,0,0.4580019,0.09237305074930191,0.9350000023841858,0.9186999797821045
YOR142W-A,YJR026W,0,0.45798123,0.09236392378807068,0.9350000023841858,0.9187999963760376
YDR353W,YEL048C,0,0.45792753,0.09235479682683945,0.9350000023841858,0.9189000129699707
YLL055W,YFL014W,0,0.45788527,0.09234567731618881,0.9350000023841858,0.9190000295639038
YKL014C,YPL060C-A,0,0.45784676,0.09233655780553818,0.9350000023841858,0.9190999865531921
YAL047C,YFL002W-B,0,0.45779505,0.09232743829488754,0.9350000023841858,0.9192000031471252
YAL040C,YKR095W,0,0.45776382,0.0923183262348175,0.9350000023841858,0.9193000197410583
YPL088W,YPL002C,0,0.45774323,0.09230921417474747,0.9350000023841858,0.9193999767303467
YJL200C,YCR014C,0,0.4576673,0.09230010211467743,0.9350000023841858,0.9194999933242798
YGR203W,YDR222W,0,0.45765376,0.09229099005460739,0.9350000023841858,0.9196000099182129
YLR070C,YFL018W-A,0,0.45754898,0.09228187799453735,0.9350000023841858,0.919700026512146
YHR020W,YOL041C,0,0.45739186,0.09227277338504791,0.9350000023841858,0.9197999835014343
YMR011W,YBR130C,0,0.45732802,0.09226366877555847,0.9350000023841858,0.9199000000953674
YCL060C,YBR181C,0,0.45729113,0.09225456416606903,0.9350000023841858,0.9200000166893005
YFL035C,YLR409C,0,0.45719945,0.09224545955657959,0.9350000023841858,0.9200999736785889
YOR273C,YGR109W-A,0,0.45719513,0.09223636239767075,0.9350000023841858,0.920199990272522
YCR080W,YPL212C,0,0.45710665,0.0922272652387619,0.9350000023841858,0.9203000068664551
YKR092C,YLR154W-C,0,0.45708448,0.09221816807985306,0.9350000023841858,0.9204000234603882
YGL231C,YPL115C,0,0.45706987,0.09220907092094421,0.9350000023841858,0.9204999804496765
YCL074W,YML100W,0,0.45692718,0.09219998121261597,0.9350000023841858,0.9205999970436096
YLR256W-A,YOR336W,0,0.45681763,0.09219089150428772,0.9350000023841858,0.9207000136375427
YER074W,YKR054C,0,0.45677108,0.09218180179595947,0.9350000023841858,0.920799970626831
YBR016W,YNL262W,0,0.45674336,0.09217271208763123,0.9350000023841858,0.9208999872207642
YCL062W,YHR024C,0,0.45672703,0.09216362982988358,0.9350000023841858,0.9210000038146973
YMR268W-A,YGL134W,0,0.4566455,0.09215454012155533,0.9350000023841858,0.9211000204086304
YPL175W,YHR007C,1,0.45656013,0.09224401414394379,0.9359999895095825,0.9211000204086304
YPL257W-B,YOL049W,0,0.45655903,0.09223492443561554,0.9359999895095825,0.9211999773979187
YHR084W,YOR019W,0,0.4563778,0.09222583472728729,0.9359999895095825,0.9212999939918518
YDL142C,YDR492W,1,0.45630434,0.09231527149677277,0.9369999766349792,0.9212999939918518
YGL224C,YNL030W,0,0.4562958,0.09230617433786392,0.9369999766349792,0.9214000105857849
YCL001W,YOL053C-A,0,0.4562516,0.09229708462953568,0.9369999766349792,0.921500027179718
YJL160C,YDR098C-B,0,0.45613497,0.09228799492120743,0.9369999766349792,0.9215999841690063
YLR359W,YGL085W,0,0.45603004,0.09227890521287918,0.9369999766349792,0.9217000007629395
YOR142W-A,YOL017W,0,0.4560212,0.09226981550455093,0.9369999766349792,0.9218000173568726
YJL151C,YDR098C-B,0,0.45601085,0.09226073324680328,0.9369999766349792,0.9218999743461609
YPR201W,YGR161W-B,0,0.45591778,0.09225165098905563,0.9369999766349792,0.921999990940094
YCR097WB,YIR011C,0,0.45590526,0.09224256873130798,0.9369999766349792,0.9221000075340271
YNL045W,YLR133W,1,0.45588017,0.09233192354440689,0.9380000233650208,0.9221000075340271
YMR005W,YPR158C-C,0,0.45583504,0.09232283383607864,0.9380000233650208,0.9222000241279602
YKR078W,YML046W,0,0.45580375,0.092313751578331,0.9380000233650208,0.9222999811172485
YER137C-A,YDR260C,0,0.45576262,0.09230466187000275,0.9380000233650208,0.9223999977111816
YJL149W,YER160C,0,0.4557239,0.0922955796122551,0.9380000233650208,0.9225000143051147
YCR097WB,YLR367W,0,0.45545828,0.09228650480508804,0.9380000233650208,0.9225999712944031
YDR441C,YLR044C,0,0.45538524,0.0922774225473404,0.9380000233650208,0.9226999878883362
YLR205C,YNL288W,0,0.4553802,0.09226834774017334,0.9380000233650208,0.9228000044822693
YER142C,YFR024C,0,0.4553768,0.09225927293300629,0.9380000233650208,0.9229000210762024
YBR272C,YMR242C,0,0.45525366,0.09225019812583923,0.9380000233650208,0.9229999780654907
YDL201W,YPR137C-A,0,0.4551627,0.09224112331867218,0.9380000233650208,0.9230999946594238
YBL003C,YPR046W,0,0.45514557,0.09223205596208572,0.9380000233650208,0.9232000112533569
YLR390W-A,YCR023C,0,0.4550678,0.09222298860549927,0.9380000233650208,0.92330002784729
YGR161W-A,YKR052C,0,0.45497653,0.09221392124891281,0.9380000233650208,0.9233999848365784
YDR034C-D,YBL084C,0,0.4549455,0.09220485389232635,0.9380000233650208,0.9235000014305115
YCR080W,YDR051C,0,0.4549262,0.0921957939863205,0.9380000233650208,0.9236000180244446
YNL110C,YDR352W,0,0.4548787,0.09218673408031464,0.9380000233650208,0.9236999750137329
YDR016C,YGR109W-A,0,0.4548524,0.09217767417430878,0.9380000233650208,0.923799991607666
YDL245C,YGL255W,0,0.45478845,0.09216861426830292,0.9380000233650208,0.9239000082015991
YCR080W,YIL130W,0,0.45472318,0.09215956181287766,0.9380000233650208,0.9240000247955322
YLR410W-B,YLR342W,0,0.45466623,0.09215050935745239,0.9380000233650208,0.9240999817848206
YOR088W,YMR236W,0,0.4546224,0.09214145690202713,0.9380000233650208,0.9241999983787537
YLR227W-B,YER101C,0,0.45458347,0.09213240444660187,0.9380000233650208,0.9243000149726868
YDR222W,YGR038C-B,0,0.454449,0.0921233519911766,0.9380000233650208,0.9243999719619751
YJL045W,YBR056W,0,0.45441437,0.09211430698633194,0.9380000233650208,0.9244999885559082
YJL151C,YPL088W,0,0.45439935,0.09210526198148727,0.9380000233650208,0.9246000051498413
YDL010W,YHR196W,0,0.45434308,0.09209621697664261,0.9380000233650208,0.9247000217437744
YBL051C,YIL080W,0,0.45425704,0.09208717942237854,0.9380000233650208,0.9247999787330627
YJR082C,YGR038C-B,0,0.45415938,0.09207814186811447,0.9380000233650208,0.9248999953269958
YHR069C,YHR079C-B,0,0.45408803,0.0920691043138504,0.9380000233650208,0.925000011920929
YHR045W,YJL104W,0,0.4540287,0.09206006675958633,0.9380000233650208,0.9251000285148621
YFL013C,YPR158W-B,0,0.45394218,0.09205102920532227,0.9380000233650208,0.9251999855041504
YEL041W,YCR021C,0,0.4539218,0.0920419991016388,0.9380000233650208,0.9253000020980835
YDR202C,YKL060C,0,0.45382422,0.09203296899795532,0.9380000233650208,0.9254000186920166
YMR067C,YOL053C-A,0,0.45382112,0.09202393889427185,0.9380000233650208,0.9254999756813049
YGR208W,YER108C,0,0.45375806,0.09201490879058838,0.9380000233650208,0.925599992275238
YMR075W,YLR194C,0,0.45373088,0.0920058861374855,0.9380000233650208,0.9257000088691711
YBL100W-B,YNL153C,0,0.45366883,0.09199686348438263,0.9380000233650208,0.9258000254631042
YLL033W,YGR287C,0,0.45356926,0.09198784083127975,0.9380000233650208,0.9258999824523926
YNL190W,YDR263C,0,0.4535346,0.09197881817817688,0.9380000233650208,0.9259999990463257
YML096W,YER185W,0,0.45334756,0.0919698029756546,0.9380000233650208,0.9261000156402588
YOR321W,YKR018C,0,0.453336,0.09196078777313232,0.9380000233650208,0.9261999726295471
YDR412W,YER137C-A,0,0.45326984,0.09195177257061005,0.9380000233650208,0.9262999892234802
YML076C,YCL019W,0,0.45325482,0.09194275736808777,0.9380000233650208,0.9264000058174133
YGL219C,YHR138C,0,0.45321405,0.09193374216556549,0.9380000233650208,0.9265000224113464
YMR078C,YMR099C,0,0.45319915,0.09192473441362381,0.9380000233650208,0.9265999794006348
YPL203W,YJL160C,0,0.4529925,0.09191572666168213,0.9380000233650208,0.9266999959945679
YFL054C,YPL253C,0,0.4529866,0.09190671890974045,0.9380000233650208,0.926800012588501
YIL017W,YCR079W,0,0.45298246,0.09189771860837936,0.9380000233650208,0.9269000291824341
YIR031C,YCL012W,0,0.4529668,0.09188871830701828,0.9380000233650208,0.9269999861717224
YDR122W,YBR031W,0,0.45283616,0.0918797105550766,0.9380000233650208,0.9271000027656555
YGL038C,YDR210W-A,0,0.45283544,0.09187071770429611,0.9380000233650208,0.9272000193595886
YPR158W-A,YDR210C-C,0,0.45281476,0.09186171740293503,0.9380000233650208,0.927299976348877
YIL119C,YLL057C,0,0.45267823,0.09185272455215454,0.9380000233650208,0.9273999929428101
YMR268C,YDR222W,0,0.45249808,0.09184373170137405,0.9380000233650208,0.9275000095367432
YER108C,YFR024C-A,0,0.45246542,0.09183473885059357,0.9380000233650208,0.9276000261306763
YOR088W,YJL154C,0,0.45245597,0.09182574599981308,0.9380000233650208,0.9276999831199646
YFL011W-A,YER033C,0,0.45243448,0.09181676059961319,0.9380000233650208,0.9277999997138977
YJL200C,YAL032C,0,0.4523968,0.0918077677488327,0.9380000233650208,0.9279000163078308
YHR066W,YGR027W-A,0,0.45228726,0.09179878979921341,0.9380000233650208,0.9279999732971191
YOR078W,YER137C-A,0,0.45218384,0.09178980439901352,0.9380000233650208,0.9280999898910522
YNL054W,YML075C,1,0.45215577,0.09187866747379303,0.9390000104904175,0.9280999898910522
YKR096W,YJL137C,0,0.45196235,0.09186968207359314,0.9390000104904175,0.9282000064849854
YKL216W,YPL167C,0,0.4518726,0.09186068922281265,0.9390000104904175,0.9283000230789185
YKL073W,YJL118W,0,0.4518661,0.09185170382261276,0.9390000104904175,0.9283999800682068
YIL075C,YGL046W,0,0.45183986,0.09184272587299347,0.9390000104904175,0.9284999966621399
YOL103W-B,YJL057C,0,0.45173907,0.09183374047279358,0.9390000104904175,0.928600013256073
YGR255C,YKL200C,0,0.4517251,0.09182476252317429,0.9390000104904175,0.9286999702453613
YOR343W-B,YOR157C,0,0.45154256,0.09181578457355499,0.9390000104904175,0.9287999868392944
YMR268W-A,YGR087C,0,0.4515,0.0918068066239357,0.9390000104904175,0.9289000034332275
YBR155W,YFL035C,0,0.45131257,0.0917978286743164,0.9390000104904175,0.9290000200271606
YHR209W,YFR018C,0,0.45130783,0.09178885817527771,0.9390000104904175,0.929099977016449
YLL051C,YGL046W,0,0.45124483,0.09177988767623901,0.9390000104904175,0.9291999936103821
YFR034C,YNL063W,0,0.4511419,0.09177091717720032,0.9390000104904175,0.9293000102043152
YPL167C,YIL087C,0,0.45104736,0.09176194667816162,0.9390000104904175,0.9294000267982483
YDL134C-A,YOL001W,0,0.45100388,0.09175298362970352,0.9390000104904175,0.9294999837875366
YDL156W,YNR017W,0,0.4509077,0.09174401313066483,0.9390000104904175,0.9296000003814697
YIL158W,YNL279W,0,0.45082682,0.09173505008220673,0.9390000104904175,0.9297000169754028
YHR170W,YLR319C,0,0.45070368,0.09172609448432922,0.9390000104904175,0.9297999739646912
YKL029C,YBR098W,0,0.45060635,0.09171713143587112,0.9390000104904175,0.9298999905586243
YMR239C,YKL163W,0,0.4504279,0.09170817583799362,0.9390000104904175,0.9300000071525574
YOR133W,YJR043C,0,0.45000696,0.09169922024011612,0.9390000104904175,0.9301000237464905
YLR227W-B,YLR151C,0,0.44999105,0.09169026464223862,0.9390000104904175,0.9301999807357788
YPL230W,YDL025C,0,0.44996458,0.09168130904436111,0.9390000104904175,0.9302999973297119
YHR006W,YLR460C,0,0.44987288,0.09167236089706421,0.9390000104904175,0.930400013923645
YFL048C,YMR244C-A,0,0.44985545,0.0916634127497673,0.9390000104904175,0.9304999709129333
YHR106W,YDR365W-B,0,0.44980484,0.0916544646024704,0.9390000104904175,0.9305999875068665
YBL005W-B,YJL177W,0,0.44959122,0.09164552390575409,0.9390000104904175,0.9307000041007996
YCR097WB,YER109C,0,0.44955903,0.09163657575845718,0.9390000104904175,0.9308000206947327
YER090W,YJR028W,0,0.44948256,0.09162763506174088,0.9390000104904175,0.930899977684021
YNL053W,YBR090C-A,0,0.4494303,0.09161869436502457,0.9390000104904175,0.9309999942779541
YPL079W,YPR141C,0,0.449421,0.09160975366830826,0.9390000104904175,0.9311000108718872
YGR085C,YML130C,0,0.44942015,0.09160082042217255,0.9390000104904175,0.9312000274658203
YER011W,YHR058C,0,0.4491936,0.09159188717603683,0.9390000104904175,0.9312999844551086
YKL174C,YMR189W,0,0.4490062,0.09158295392990112,0.9390000104904175,0.9314000010490417
YIL035C,YGR109W-B,0,0.448936,0.09157402068376541,0.9390000104904175,0.9315000176429749
YHR009C,YJL225C,0,0.4486792,0.0915650874376297,0.9390000104904175,0.9315999746322632
YJR056C,YDR454C,0,0.4484822,0.09155616164207458,0.9390000104904175,0.9316999912261963
YPR196W,YPL168W,0,0.44836265,0.09154723584651947,0.9390000104904175,0.9318000078201294
YDR522C,YKR057W,0,0.44832498,0.09153831005096436,0.9390000104904175,0.9319000244140625
YKL065C,YNL095C,0,0.44818372,0.09152939170598984,0.9390000104904175,0.9319999814033508
YJL045W,YOR142W-B,0,0.4481706,0.09152046591043472,0.9390000104904175,0.9320999979972839
YBR280C,YPR114W,0,0.44815862,0.0915115475654602,0.9390000104904175,0.932200014591217
YBL028C,YDR441C,0,0.44814807,0.09150262922048569,0.9390000104904175,0.9322999715805054
YOL132W,YIL094C,0,0.448005,0.09149371832609177,0.9390000104904175,0.9323999881744385
YHR079C-A,YOL098C,0,0.44792426,0.09148479998111725,0.9390000104904175,0.9325000047683716
YNL076W,YLR175W,0,0.4478891,0.09147588908672333,0.9390000104904175,0.9326000213623047
YJL181W,YGR278W,0,0.4477136,0.0914669781923294,0.9390000104904175,0.932699978351593
YGR078C,YPL236C,0,0.44753495,0.09145806729793549,0.9390000104904175,0.9327999949455261
YDR165W,YNL278W,0,0.4474833,0.09144916385412216,0.9390000104904175,0.9329000115394592
YDR109C,YFL018C,0,0.4474787,0.09144026041030884,0.9390000104904175,0.9330000281333923
YDR306C,YDR399W,0,0.4474547,0.09143135696649551,0.9390000104904175,0.9330999851226807
YLR324W,YBR111W-A,0,0.44736743,0.09142245352268219,0.9390000104904175,0.9332000017166138
YDR522C,YLR391W,0,0.4473065,0.09141355007886887,0.9390000104904175,0.9333000183105469
YGR027W-A,YGL112C,0,0.44729143,0.09140465408563614,0.9390000104904175,0.9333999752998352
YPL113C,YOR008C,0,0.44726342,0.09139575809240341,0.9390000104904175,0.9334999918937683
YBR044C,YKL096W,0,0.44723958,0.09138686209917068,0.9390000104904175,0.9336000084877014
YER071C,YNL066W,0,0.44721308,0.09137796610593796,0.9390000104904175,0.9337000250816345
YNL299W,YBL005W-A,0,0.447025,0.09136907756328583,0.9390000104904175,0.9337999820709229
YPL212C,YHL022C,0,0.4469394,0.0913601890206337,0.9390000104904175,0.933899998664856
YOR148C,YFL035C-B,0,0.4467535,0.09135130047798157,0.9390000104904175,0.9340000152587891
YPR107C,YML133C,0,0.44673753,0.09134241193532944,0.9390000104904175,0.9340999722480774
YHR079C,YFL011W-A,0,0.44660372,0.0913335308432579,0.9390000104904175,0.9341999888420105
YKR027W,YER103W,0,0.44654578,0.09132464230060577,0.9390000104904175,0.9343000054359436
YLR174W,YJR147W,0,0.44622695,0.09131576120853424,0.9390000104904175,0.9344000220298767
YGL070C,YGR038C-A,0,0.44614333,0.0913068875670433,0.9390000104904175,0.934499979019165
YOR173W,YNL284C-B,0,0.44614333,0.09129800647497177,0.9390000104904175,0.9345999956130981
YCR045C,YER006W,0,0.44613874,0.09128913283348083,0.9390000104904175,0.9347000122070312
YMR268W-A,YNL241C,0,0.44606456,0.0912802591919899,0.9390000104904175,0.9348000288009644
YER011W,YOL043C,0,0.44575804,0.09127138555049896,0.9390000104904175,0.9348999857902527
YNL318C,YHR174W,0,0.44575018,0.09126251190900803,0.9390000104904175,0.9350000023841858
YFL022C,YNL309W,0,0.44557175,0.09125364571809769,0.9390000104904175,0.9351000189781189
YIL106W,YBR090C-A,0,0.44540024,0.09124477952718735,0.9390000104904175,0.9351999759674072
YCR016W,YMR276W,0,0.4453113,0.09123591333627701,0.9390000104904175,0.9352999925613403
YKL217W,YML033W,0,0.44511592,0.09122704714536667,0.9390000104904175,0.9354000091552734
YOR313C,YOR168W,0,0.44507372,0.09121818840503693,0.9390000104904175,0.9355000257492065
YCR058C,YOR361C,0,0.44505894,0.09120932221412659,0.9390000104904175,0.9355999827384949
YCL019W,YLR115W,0,0.44497597,0.09120046347379684,0.9390000104904175,0.935699999332428
YNL221C,YHR216W,0,0.4445603,0.0911916121840477,0.9390000104904175,0.9358000159263611
YHR165C,YDR087C,0,0.44454485,0.09118275344371796,0.9390000104904175,0.9358999729156494
YGL216W,YIL011W,0,0.44433406,0.09117390215396881,0.9390000104904175,0.9359999895095825
YFL003C,YLR325C,0,0.44426966,0.09116505086421967,0.9390000104904175,0.9361000061035156
YNL002C,YOR027W,0,0.44418234,0.09115619957447052,0.9390000104904175,0.9362000226974487
YOL053C-A,YJL006C,0,0.44418162,0.09114734828472137,0.9390000104904175,0.9362999796867371
YOR009W,YPL084W,0,0.44416672,0.09113850444555283,0.9390000104904175,0.9363999962806702
YCR086W,YOR287C,0,0.44410765,0.09112966060638428,0.9390000104904175,0.9365000128746033
YJL160C,YBR043C,0,0.4439789,0.09112081676721573,0.9390000104904175,0.9366000294685364
YGR161C-D,YOR260W,0,0.44394022,0.09111197292804718,0.9390000104904175,0.9366999864578247
YNR074C,YOL086C,0,0.44381213,0.09110313653945923,0.9390000104904175,0.9368000030517578
YBL068W,YER060W-A,0,0.4437868,0.09109429270029068,0.9390000104904175,0.9369000196456909
YPR007C,YNL284C-B,0,0.4436713,0.09108545631170273,0.9390000104904175,0.9369999766349792
YPL088W,YMR268C,0,0.44364017,0.09107662737369537,0.9390000104904175,0.9370999932289124
YKR024C,YPR052C,0,0.4433952,0.09106779098510742,0.9390000104904175,0.9372000098228455
YEL022W,YOR339C,0,0.44318068,0.09105896204710007,0.9390000104904175,0.9373000264167786
YFL056C,YNL066W,0,0.44311115,0.09105013310909271,0.9390000104904175,0.9373999834060669
YPL056C,YNL094W,0,0.44248652,0.09104130417108536,0.9390000104904175,0.9375
YGL160W,YCR055C,0,0.44246322,0.091032475233078,0.9390000104904175,0.9376000165939331
YGL011C,YPL021W,0,0.44176853,0.09102365374565125,0.9390000104904175,0.9376999735832214
YLR300W,YDL134C-A,0,0.44174737,0.09101483225822449,0.9390000104904175,0.9377999901771545
YHR214C-C,YDR235W,0,0.44168538,0.09100601077079773,0.9390000104904175,0.9379000067710876
YNL134C,YMR197C,0,0.441329,0.09099718928337097,0.9390000104904175,0.9380000233650208
YLR224W,YDR037W,0,0.441195,0.09098837524652481,0.9390000104904175,0.9380999803543091
YEL019C,YBL028C,0,0.44102436,0.09097955375909805,0.9390000104904175,0.9381999969482422
YGL210W-A,YGL094C,0,0.44098562,0.09097073972225189,0.9390000104904175,0.9383000135421753
YOR159C,YML039W,0,0.44079477,0.09096193313598633,0.9390000104904175,0.9383999705314636
YEL034W,YIL139C,0,0.44065535,0.09095311909914017,0.9390000104904175,0.9384999871253967
YGR167W,YMR087W,0,0.44036683,0.0909443125128746,0.9390000104904175,0.9386000037193298
YNR063W,YPR055W,0,0.44033676,0.09093550592660904,0.9390000104904175,0.9387000203132629
YDR522C,YOR294W,0,0.44029558,0.09092669934034348,0.9390000104904175,0.9387999773025513
YJL012C-A,YLR295C,0,0.44027817,0.09091789275407791,0.9390000104904175,0.9388999938964844
YPL141C,YDR150W,0,0.4402155,0.09090909361839294,0.9390000104904175,0.9390000104904175
YJR105W,YPL171C,0,0.4401896,0.09090028703212738,0.9390000104904175,0.9391000270843506
YPR183W,YBR161W,1,0.44016463,0.09098828583955765,0.9399999976158142,0.9391000270843506
YER168C,YHR210C,0,0.44014937,0.09097947925329208,0.9399999976158142,0.9391999840736389
YBR222C,YFR018C,0,0.4399771,0.09097068011760712,0.9399999976158142,0.939300000667572
YMR106C,YPL225W,0,0.4399016,0.09096187353134155,0.9399999976158142,0.9394000172615051
YHR179W,YDR218C,0,0.43982044,0.09095307439565659,0.9399999976158142,0.9394999742507935
YBR141C,YML041C,0,0.43979234,0.09094427525997162,0.9399999976158142,0.9395999908447266
YPR167C,YKL190W,0,0.43961638,0.09093547612428665,0.9399999976158142,0.9397000074386597
YOR173W,YPL257W-B,0,0.4395753,0.09092667698860168,0.9399999976158142,0.9398000240325928
YDL083C,YCR021C,0,0.43934643,0.09091788530349731,0.9399999976158142,0.9398999810218811
YBL097W,YNL232W,0,0.4391804,0.09090909361839294,0.9399999976158142,0.9399999976158142
YGL179C,YDL227C,0,0.43899179,0.09090030193328857,0.9399999976158142,0.9401000142097473
YDL083C,YFL010W-A,0,0.43894348,0.0908915102481842,0.9399999976158142,0.9401999711990356
YGR161W-A,YHR170W,0,0.4387272,0.09088272601366043,0.9399999976158142,0.9402999877929688
YMR296C,YOR022C,1,0.4384277,0.09097061306238174,0.9409999847412109,0.9402999877929688
YGL225W,YDR147W,1,0.43842363,0.09105848520994186,0.9419999718666077,0.9402999877929688
YMR146C,YPR114W,0,0.43822455,0.0910496786236763,0.9419999718666077,0.9404000043869019
YLR060W,YNL278W,0,0.4381907,0.09104087948799133,0.9419999718666077,0.940500020980835
YGR289C,YPR100W,0,0.4381308,0.09103208035230637,0.9419999718666077,0.9405999779701233
YOR338W,YDR351W,0,0.43810946,0.091023288667202,0.9419999718666077,0.9406999945640564
YPR006C,YPL058C,1,0.43799973,0.09111110866069794,0.9430000185966492,0.9406999945640564
YNL175C,YBR133C,0,0.43769997,0.09110230952501297,0.9430000185966492,0.9408000111579895
YNL233W,YMR321C,0,0.43759775,0.091093510389328,0.9430000185966492,0.9409000277519226
YLR073C,YPL198W,0,0.43755597,0.09108471125364304,0.9430000185966492,0.9409999847412109
YKL221W,YBR072W,0,0.4374991,0.09107591211795807,0.9430000185966492,0.941100001335144
YJL026W,YFL035C-B,0,0.4374671,0.0910671204328537,0.9430000185966492,0.9412000179290771
YNL305C,YPR080W,0,0.43736577,0.09105832129716873,0.9430000185966492,0.9412999749183655
YPL244C,YGR109W-B,0,0.43734118,0.09104952961206436,0.9430000185966492,0.9413999915122986
YOL049W,YLR413W,0,0.4371283,0.09104073792695999,0.9430000185966492,0.9415000081062317
YKR024C,YFR018C,0,0.4365089,0.09103195369243622,0.9430000185966492,0.9416000247001648
YMR220W,YCL003W,1,0.43646705,0.0911196917295456,0.9440000057220459,0.9416000247001648
YEL077C,YNL194C,0,0.436413,0.09111090004444122,0.9440000057220459,0.9416999816894531
YJL191W,YBR005W,0,0.43631262,0.09110210090875626,0.9440000057220459,0.9417999982833862
YER143W,YDR144C,0,0.43623888,0.09109330922365189,0.9440000057220459,0.9419000148773193
YIL018W,YCR055C,0,0.43606567,0.09108452498912811,0.9440000057220459,0.9419999718666077
YGR133W,YCL062W,0,0.43603504,0.09107573330402374,0.9440000057220459,0.9420999884605408
YGR128C,YGR161C-D,0,0.43595517,0.09106694906949997,0.9440000057220459,0.9422000050544739
YNL021W,YKL200C,0,0.4354364,0.0910581648349762,0.9440000057220459,0.942300021648407
YGL144C,YJR073C,1,0.4353814,0.0911458358168602,0.9449999928474426,0.942300021648407
YMR009W,YJR088C,0,0.43523175,0.09113704413175583,0.9449999928474426,0.9423999786376953
YOL101C,YLR372W,1,0.43505114,0.09122468531131744,0.9459999799728394,0.9423999786376953
YPL141C,YDL047W,0,0.43472695,0.09121589362621307,0.9459999799728394,0.9424999952316284
YGL038C,YJR150C,0,0.43461853,0.0912070944905281,0.9459999799728394,0.9426000118255615
YOR295W,YDR233C,0,0.4345921,0.09119830280542374,0.9459999799728394,0.9427000284194946
YBR088C,YJL118W,0,0.43459052,0.09118951112031937,0.9459999799728394,0.942799985408783
YLL066C,YLL024C,0,0.4344188,0.091180719435215,0.9459999799728394,0.9429000020027161
YMR090W,YLR341W,0,0.43437576,0.09117193520069122,0.9459999799728394,0.9430000185966492
YBR271W,YKL052C,0,0.43419898,0.09116315096616745,0.9459999799728394,0.9430999755859375
YDR090C,YMR121C,0,0.43415815,0.09115436673164368,0.9459999799728394,0.9431999921798706
YJL167W,YLR189C,1,0.43403006,0.09124193340539932,0.9470000267028809,0.9431999921798706
YML082W,YDR142C,0,0.4340139,0.09123314172029495,0.9470000267028809,0.9433000087738037
YER108C,YLR092W,0,0.43373317,0.09122435003519058,0.9470000267028809,0.9434000253677368
YMR214W,YNL095C,0,0.4335669,0.09121556580066681,0.9470000267028809,0.9434999823570251
YFL022C,YCL019W,0,0.43342227,0.09120678156614304,0.9470000267028809,0.9435999989509583
YHR141C,YPL200W,0,0.43304175,0.09119799733161926,0.9470000267028809,0.9437000155448914
YPL283C,YHR194W,0,0.4329002,0.09118921309709549,0.9470000267028809,0.9437999725341797
YPL126W,YPL024W,0,0.43260437,0.09118043631315231,0.9470000267028809,0.9438999891281128
YPR113W,YMR210W,1,0.43251622,0.09126792848110199,0.9480000138282776,0.9438999891281128
YML073C,YML058W-A,0,0.43243146,0.09125914424657822,0.9480000138282776,0.9440000057220459
YCL029C,YJR120W,0,0.43240964,0.09125036001205444,0.9480000138282776,0.944100022315979
YNL274C,YJL194W,0,0.43228558,0.09124157577753067,0.9480000138282776,0.9441999793052673
YBR084C-A,YLR426W,0,0.43227625,0.0912327989935875,0.9480000138282776,0.9442999958992004
YBL100W-B,YNL232W,0,0.431775,0.09122401475906372,0.9480000138282776,0.9444000124931335
YCL057W,YPL158C,0,0.43171448,0.09121523797512054,0.9480000138282776,0.9445000290870667
YJL162C,YJL018W,0,0.4314113,0.09120646864175797,0.9480000138282776,0.944599986076355
YKR071C,YGR251W,0,0.4314056,0.09119769185781479,0.9480000138282776,0.9447000026702881
YGR129W,YLR408C,0,0.4314034,0.09118892252445221,0.9480000138282776,0.9448000192642212
YMR032W,YBR090C-A,0,0.431345,0.09118014574050903,0.9480000138282776,0.9448999762535095
YGR098C,YGR017W,0,0.43106794,0.09117137640714645,0.9480000138282776,0.9449999928474426
YPL249C-A,YIL067C,0,0.43095386,0.09116261452436447,0.9480000138282776,0.9451000094413757
YDR444W,YDL015C,1,0.4306769,0.09125000238418579,0.9490000009536743,0.9451000094413757
YAR009C,YGR059W,0,0.4304863,0.09124122560024261,0.9490000009536743,0.9452000260353088
YER101C,YCL020W,0,0.43039647,0.09123245626688004,0.9490000009536743,0.9452999830245972
YJR026W,YPL055C,0,0.4303804,0.09122368693351746,0.9490000009536743,0.9453999996185303
YOR249C,YHR033W,0,0.43025333,0.09121491760015488,0.9490000009536743,0.9455000162124634
YBR141C,YBR208C,0,0.43024564,0.0912061482667923,0.9490000009536743,0.9455999732017517
YBR238C,YIL019W,0,0.4302135,0.09119738638401031,0.9490000009536743,0.9456999897956848
YPL150W,YLR417W,0,0.42991805,0.09118862450122833,0.9490000009536743,0.9458000063896179
YOR303W,YJR120W,0,0.42987886,0.09117986261844635,0.9490000009536743,0.945900022983551
YDR437W,YMR272C,1,0.42980963,0.0912671759724617,0.949999988079071,0.945900022983551
YMR116C,YIL159W,0,0.4298042,0.09125840663909912,0.949999988079071,0.9459999799728394
YLR051C,YER172C,0,0.4297656,0.09124963730573654,0.949999988079071,0.9460999965667725
YLR401C,YAL015C,0,0.4296654,0.09124087542295456,0.949999988079071,0.9462000131607056
YCL038C,YMR244C-A,0,0.42964935,0.09123211354017258,0.949999988079071,0.9463000297546387
YDL181W,YGR055W,0,0.42949933,0.0912233516573906,0.949999988079071,0.946399986743927
YJL045W,YHL015W,0,0.42935687,0.09121459722518921,0.949999988079071,0.9465000033378601
YPL161C,YDR398W,0,0.42925596,0.09120583534240723,0.949999988079071,0.9466000199317932
YPL146C,YLR004C,0,0.42917448,0.09119708091020584,0.949999988079071,0.9466999769210815
YEL077C,YER033C,0,0.42916834,0.09118832647800446,0.949999988079071,0.9467999935150146
YJL213W,YEL060C,0,0.4289744,0.09117957949638367,0.949999988079071,0.9469000101089478
YDR353W,YBR139W,0,0.42887077,0.09117082506418228,0.949999988079071,0.9470000267028809
YML011C,YLR167W,0,0.42850593,0.09116207808256149,0.949999988079071,0.9470999836921692
YHL033C,YER042W,0,0.42820138,0.0911533311009407,0.949999988079071,0.9472000002861023
YNL178W,YMR134W,0,0.4281986,0.09114458411931992,0.949999988079071,0.9473000168800354
YOR351C,YIL117C,0,0.42813736,0.09113583713769913,0.949999988079071,0.9473999738693237
YGL166W,YHR122W,0,0.42807847,0.09112709760665894,0.949999988079071,0.9474999904632568
YLR196W,YFR018C,0,0.42805544,0.09111835807561874,0.949999988079071,0.9476000070571899
YJR109C,YBR136W,0,0.42783946,0.09110961854457855,0.949999988079071,0.947700023651123
YOR214C,YLR410W,0,0.4276269,0.09110087901353836,0.949999988079071,0.9477999806404114
YHL003C,YNL202W,1,0.42746246,0.09118803590536118,0.9509999752044678,0.9477999806404114
YHR135C,YLR345W,0,0.42739516,0.09117928892374039,0.9509999752044678,0.9478999972343445
YDR110W,YGR055W,0,0.42730778,0.0911705493927002,0.9509999752044678,0.9480000138282776
YPR003C,YBL005W-B,0,0.42725998,0.09116180986166,0.9509999752044678,0.9480999708175659
YGL020C,YPL108W,0,0.42721766,0.09115307033061981,0.9509999752044678,0.948199987411499
YOL057W,YGL032C,0,0.4272105,0.09114433825016022,0.9509999752044678,0.9483000040054321
YLL029W,YML058W-A,0,0.42709237,0.09113559871912003,0.9509999752044678,0.9484000205993652
YPR152C,YMR099C,0,0.42705438,0.09112686663866043,0.9509999752044678,0.9484999775886536
YLL053C,YEL024W,0,0.42692786,0.09111813455820084,0.9509999752044678,0.9485999941825867
YOR310C,YCR020W-B,0,0.4268332,0.09110940992832184,0.9509999752044678,0.9487000107765198
YOR022C,YBL011W,1,0.42616093,0.09119647741317749,0.9520000219345093,0.9487000107765198
YDR378C,YJL116C,0,0.42615926,0.0911877378821373,0.9520000219345093,0.9488000273704529
YDL012C,YKL067W,0,0.42606914,0.0911790058016777,0.9520000219345093,0.9488999843597412
YER052C,YGR161C,0,0.42600608,0.09117027372121811,0.9520000219345093,0.9490000009536743
YNL063W,YBR010W,0,0.42584264,0.09116154164075851,0.9520000219345093,0.9491000175476074
YBL097W,YJR002W,0,0.42571333,0.09115281701087952,0.9520000219345093,0.9491999745368958
YER130C,YLR390W,0,0.42562813,0.09114408493041992,0.9520000219345093,0.9492999911308289
YNL181W,YBR145W,0,0.42543715,0.09113536030054092,0.9520000219345093,0.949400007724762
YOR133W,YER075C,0,0.42529008,0.09112663567066193,0.9520000219345093,0.9495000243186951
YOL103W-B,YLR157C-B,0,0.42517745,0.09111791849136353,0.9520000219345093,0.9495999813079834
YDR222W,YCR106W,0,0.42515537,0.09110919386148453,0.9520000219345093,0.9496999979019165
YNL045W,YDR437W,1,0.42508984,0.09119617193937302,0.953000009059906,0.9496999979019165
YMR050C,YLR011W,0,0.42507237,0.09118744730949402,0.953000009059906,0.9498000144958496
YDL010W,YNR060W,0,0.4249705,0.09117872267961502,0.953000009059906,0.9498999714851379
YBL113C,YNR010W,0,0.42495257,0.09116999804973602,0.953000009059906,0.949999988079071
YGL076C,YLL010C,0,0.42491007,0.09116128087043762,0.953000009059906,0.9501000046730042
YLR129W,YHR110W,0,0.42470664,0.09115255624055862,0.953000009059906,0.9502000212669373
YPL043W,YPL209C,0,0.42466623,0.09114383906126022,0.953000009059906,0.9502999782562256
YHR079C,YLR197W,0,0.4245665,0.09113512188196182,0.953000009059906,0.9503999948501587
YIL064W,YNR032C-A,0,0.4244807,0.09112641215324402,0.953000009059906,0.9505000114440918
YGL183C,YER166W,0,0.42446792,0.09111769497394562,0.953000009059906,0.9506000280380249
YGR225W,YDL134C,0,0.42445272,0.09110898524522781,0.953000009059906,0.9506999850273132
YHR157W,YMR321C,0,0.42437637,0.09110027551651001,0.953000009059906,0.9508000016212463
YML022W,YDR411C,0,0.42431414,0.0910915657877922,0.953000009059906,0.9509000182151794
YCL017C,YER078C,0,0.42423293,0.091082863509655,0.953000009059906,0.9509999752044678
YMR008C,YJR107W,1,0.4239797,0.09116972237825394,0.9539999961853027,0.9509999752044678
YGL145W,YMR189W,0,0.42348284,0.09116101264953613,0.9539999961853027,0.9510999917984009
YPL237W,YEL047C,0,0.42345363,0.09115230292081833,0.9539999961853027,0.951200008392334
YGL017W,YBR141C,0,0.42334807,0.09114359319210052,0.9539999961853027,0.9513000249862671
YDR165W,YLR042C,0,0.42323977,0.09113489091396332,0.9539999961853027,0.9513999819755554
YGL181W,YJL021C,0,0.4229027,0.09112618118524551,0.9539999961853027,0.9514999985694885
YCL027C-A,YNL097C,0,0.42266098,0.0911174789071083,0.9539999961853027,0.9516000151634216
YER060W-A,YHR128W,0,0.42238992,0.0911087766289711,0.9539999961853027,0.95169997215271
YPL248C,YBL036C,0,0.4220804,0.09110007435083389,0.9539999961853027,0.9517999887466431
YKR042W,YGR251W,0,0.42167175,0.09109137952327728,0.9539999961853027,0.9519000053405762
YGR178C,YLR251W,0,0.4216379,0.09108267724514008,0.9539999961853027,0.9520000219345093
YOL084W,YGL150C,0,0.42153114,0.09107398241758347,0.9539999961853027,0.9520999789237976
YBR016W,YHL013C,0,0.4215241,0.09106529504060745,0.9539999961853027,0.9521999955177307
YDR322C-A,YGL085W,0,0.42142496,0.09105660021305084,0.9539999961853027,0.9523000121116638
YOR098C,YIL067C,0,0.42133862,0.09104791283607483,0.9539999961853027,0.9524000287055969
YDR528W,YLR154W-C,0,0.4209953,0.09103921800851822,0.9539999961853027,0.9524999856948853
YDR528W,YBL028C,0,0.4206392,0.0910305306315422,0.9539999961853027,0.9526000022888184
YNL259C,YDR432W,0,0.42060426,0.09102185070514679,0.9539999961853027,0.9527000188827515
YJR010W,YML007W,0,0.41989875,0.09101316332817078,0.9539999961853027,0.9527999758720398
YHR141C,YJR027W,0,0.41985112,0.09100448340177536,0.9539999961853027,0.9528999924659729
YOR100C,YOR298W,1,0.4197958,0.09109118580818176,0.9549999833106995,0.9528999924659729
YBR100W,YOR340C,0,0.4195844,0.09108249843120575,0.9549999833106995,0.953000009059906
YAR066W,YOL061W,0,0.41935182,0.09107381105422974,0.9549999833106995,0.9531000256538391
YJL206C,YIL117C,0,0.41924018,0.09106513112783432,0.9549999833106995,0.9531999826431274
YPL141C,YDL212W,0,0.41869992,0.0910564437508583,0.9549999833106995,0.9532999992370605
YHL035C,YNL138W-A,0,0.41868088,0.09104776382446289,0.9549999833106995,0.9534000158309937
YDR541C,YDR351W,0,0.4186352,0.09103908389806747,0.9549999833106995,0.953499972820282
YKR007W,YLR413W,0,0.4181257,0.09103040397167206,0.9549999833106995,0.9535999894142151
YER001W,YDR488C,0,0.4181087,0.09102173149585724,0.9549999833106995,0.9537000060081482
YEL029C,YJL225C,0,0.41783917,0.09101305902004242,0.9549999833106995,0.9538000226020813
YDL123W,YLR150W,0,0.41765386,0.0910043865442276,0.9549999833106995,0.9538999795913696
YBR191W,YJR092W,0,0.41746888,0.09099571406841278,0.9549999833106995,0.9539999961853027
YGR013W,YLR301W,0,0.41729027,0.09098704159259796,0.9549999833106995,0.9541000127792358
YLR209C,YOR382W,0,0.4171909,0.09097837656736374,0.9549999833106995,0.954200029373169
YFR053C,YDR105C,0,0.41707373,0.09096971154212952,0.9549999833106995,0.9542999863624573
YGL256W,YJR083C,0,0.41699725,0.0909610465168953,0.9549999833106995,0.9544000029563904
YJL004C,YER150W,0,0.41654828,0.09095238149166107,0.9549999833106995,0.9545000195503235
YGL160W,YOR355W,0,0.41648853,0.09094371646642685,0.9549999833106995,0.9545999765396118
YJL200C,YKL132C,0,0.41526294,0.09093505889177322,0.9549999833106995,0.9546999931335449
YOL070C,YPR114W,0,0.41520792,0.0909264013171196,0.9549999833106995,0.954800009727478
YJL035C,YKR093W,0,0.41476414,0.09091774374246597,0.9549999833106995,0.9549000263214111
YDR395W,YPR174C,0,0.41377255,0.09090909361839294,0.9549999833106995,0.9549999833106995
YNL181W,YDR087C,0,0.41353613,0.09090043604373932,0.9549999833106995,0.9550999999046326
YAR009C,YNL243W,0,0.41348904,0.09089178591966629,0.9549999833106995,0.9552000164985657
YOR153W,YER103W,0,0.41330844,0.09088313579559326,0.9549999833106995,0.955299973487854
YMR030W,YHL035C,0,0.41316354,0.09087448567152023,0.9549999833106995,0.9553999900817871
YLL002W,YBL072C,0,0.41314587,0.0908658429980278,0.9549999833106995,0.9555000066757202
YJR159W,YKL201C,0,0.41300413,0.09085720032453537,0.9549999833106995,0.9556000232696533
YMR055C,YER023W,0,0.41283754,0.09084855765104294,0.9549999833106995,0.9556999802589417
YAL063C,YER150W,0,0.41282162,0.0908399149775505,0.9549999833106995,0.9557999968528748
YJL014W,YCR063W,0,0.41246927,0.09083127230405807,0.9549999833106995,0.9559000134468079
YDR541C,YDR273W,0,0.41198242,0.09082263708114624,0.9549999833106995,0.9559999704360962
YOR129C,YGR287C,0,0.41184187,0.09081399440765381,0.9549999833106995,0.9560999870300293
YKR007W,YJR120W,0,0.41162908,0.09080535918474197,0.9549999833106995,0.9562000036239624
YGL055W,YOR022C,1,0.41162342,0.09089180082082748,0.9559999704360962,0.9562000036239624
YNR002C,YGR118W,0,0.4114526,0.09088316559791565,0.9559999704360962,0.9563000202178955
YPL056C,YBL041W,0,0.41052487,0.09087452292442322,0.9559999704360962,0.9563999772071838
YER145C,YNR071C,0,0.41022956,0.09086588770151138,0.9559999704360962,0.9564999938011169
YJL162C,YFR031C-A,0,0.4101588,0.09085725247859955,0.9559999704360962,0.95660001039505
YLR019W,YPL113C,0,0.40970695,0.09084861725568771,0.9559999704360962,0.9567000269889832
YPL113C,YML038C,0,0.40938652,0.09083998203277588,0.9559999704360962,0.9567999839782715
YDL081C,YNR071C,0,0.40937722,0.09083135426044464,0.9559999704360962,0.9569000005722046
YLR061W,YDL102W,0,0.40899986,0.0908227264881134,0.9559999704360962,0.9570000171661377
YLR348C,YNR021W,0,0.40862334,0.09081409871578217,0.9559999704360962,0.957099974155426
YHR133C,YDR492W,1,0.4083786,0.09090045839548111,0.9570000171661377,0.957099974155426
YCR016W,YKR083C,0,0.40781766,0.09089182317256927,0.9570000171661377,0.9571999907493591
YPR199C,YGR277C,0,0.40781537,0.09088318794965744,0.9570000171661377,0.9573000073432922
YGL060W,YGR287C,0,0.40769458,0.0908745601773262,0.9570000171661377,0.9574000239372253
YMR093W,YMR105C,0,0.40766382,0.09086593240499496,0.9570000171661377,0.9574999809265137
YMR202W,YNL054W,1,0.4075619,0.09095224738121033,0.9580000042915344,0.9574999809265137
YGL184C,YDR090C,0,0.40738177,0.09094361215829849,0.9580000042915344,0.9575999975204468
YKR095W-A,YKL125W,0,0.40709808,0.09093497693538666,0.9580000042915344,0.9577000141143799
YPL249C-A,YLR210W,0,0.4067129,0.09092634916305542,0.9580000042915344,0.9577999711036682
YLR369W,YFR053C,0,0.40657908,0.09091772139072418,0.9580000042915344,0.9578999876976013
YDL018C,YNL058C,0,0.40618402,0.09090909361839294,0.9580000042915344,0.9580000042915344
YLR222C,YOR202W,0,0.4061305,0.0909004658460617,0.9580000042915344,0.9581000208854675
YMR230W,YLR143W,0,0.40601057,0.09089183807373047,0.9580000042915344,0.9581999778747559
YDR262W,YBR083W,0,0.40595677,0.09088321775197983,0.9580000042915344,0.958299994468689
YLL033W,YPL036W,0,0.40574116,0.09087459743022919,0.9580000042915344,0.9584000110626221
YIL133C,YMR175W,0,0.40544894,0.09086597710847855,0.9580000042915344,0.9585000276565552
YBR066C,YJL002C,0,0.4054253,0.0908573567867279,0.9580000042915344,0.9585999846458435
YOR022C,YAR035W,1,0.4050601,0.09094357490539551,0.9589999914169312,0.9585999846458435
YGL184C,YJL054W,0,0.40469658,0.09093495458364487,0.9589999914169312,0.9587000012397766
YDL104C,YPL240C,0,0.40445536,0.09092632681131363,0.9589999914169312,0.9588000178337097
YKR046C,YLR194C,0,0.40432537,0.09091770648956299,0.9589999914169312,0.958899974822998
YPR082C,YDL211C,0,0.40415508,0.09090909361839294,0.9589999914169312,0.9589999914169312
YHR080C,YPR080W,0,0.40415096,0.0909004732966423,0.9589999914169312,0.9591000080108643
YBL028C,YKR098C,0,0.40399283,0.09089186042547226,0.9589999914169312,0.9592000246047974
YGL194C,YLL067C,0,0.403625,0.09088324755430222,0.9589999914169312,0.9592999815940857
YFL005W,YFL052W,0,0.40353382,0.09087463468313217,0.9589999914169312,0.9593999981880188
YNL300W,YGR179C,0,0.4033491,0.09086602181196213,0.9589999914169312,0.9595000147819519
YDL246C,YPL108W,0,0.4033432,0.09085741639137268,0.9589999914169312,0.9595999717712402
YIL076W,YKR069W,0,0.40332323,0.09084880352020264,0.9589999914169312,0.9596999883651733
YDL015C,YNR019W,1,0.4030037,0.09093492478132248,0.9599999785423279,0.9596999883651733
YKR078W,YNR018W,0,0.40276432,0.09092631191015244,0.9599999785423279,0.9598000049591064
YJL172W,YNL063W,0,0.4023028,0.09091769903898239,0.9599999785423279,0.9599000215530396
YFL018W-A,YJL137C,0,0.40208578,0.09090909361839294,0.9599999785423279,0.9599999785423279
YDR131C,YEL024W,0,0.4018957,0.0909004807472229,0.9599999785423279,0.960099995136261
YFL026W,YCL043C,0,0.4018731,0.09089187532663345,0.9599999785423279,0.9602000117301941
YER054C,YHR079C-A,0,0.4015418,0.090883269906044,0.9599999785423279,0.9603000283241272
YJR130C,YHR138C,0,0.4015354,0.09087467193603516,0.9599999785423279,0.9603999853134155
YDR516C,YPL275W,0,0.4012857,0.09086606651544571,0.9599999785423279,0.9605000019073486
YPR196W,YNL271C,0,0.40115094,0.09085746854543686,0.9599999785423279,0.9606000185012817
YJL028W,YDR489W,0,0.40112865,0.09084887057542801,0.9599999785423279,0.9606999754905701
YLR009W,YDL223C,0,0.40105993,0.09084027260541916,0.9599999785423279,0.9607999920845032
YBR078W,YKR075C,0,0.40073943,0.09083167463541031,0.9599999785423279,0.9609000086784363
YDR508C,YFL026W,0,0.3999421,0.09082308411598206,0.9599999785423279,0.9610000252723694
YCL027C-A,YPL075W,0,0.399912,0.0908144935965538,0.9599999785423279,0.9610999822616577
YLR095C,YDL121C,0,0.39979774,0.09080590307712555,0.9599999785423279,0.9611999988555908
YJL071W,YIL047C,0,0.39966154,0.0907973125576973,0.9599999785423279,0.9613000154495239
YGR277C,YGL016W,0,0.39935172,0.09078872948884964,0.9599999785423279,0.9613999724388123
YEL040W,YDR314C,0,0.39927244,0.09078013896942139,0.9599999785423279,0.9614999890327454
YNL302C,YNL023C,0,0.3991747,0.09077155590057373,0.9599999785423279,0.9616000056266785
YHR098C,YOR382W,0,0.3983569,0.09076297283172607,0.9599999785423279,0.9617000222206116
YOR237W,YPR128C,1,0.39805418,0.09084893018007278,0.9610000252723694,0.9617000222206116
YOR264W,YLR325C,0,0.39725918,0.09084034711122513,0.9610000252723694,0.9617999792098999
YLR341W,YML016C,0,0.39696145,0.09083175659179688,0.9610000252723694,0.961899995803833
YLR029C,YDL121C,0,0.39646906,0.09082317352294922,0.9610000252723694,0.9620000123977661
YBL028C,YBR294W,0,0.39638346,0.09081459045410156,0.9610000252723694,0.9621000289916992
YIL018W,YJL209W,0,0.39607978,0.0908060073852539,0.9610000252723694,0.9621999859809875
YDR365C,YFL054C,0,0.39468968,0.09079743176698685,0.9610000252723694,0.9623000025749207
YOL062C,YMR321C,0,0.39448804,0.09078884869813919,0.9610000252723694,0.9624000191688538
YPL003W,YNR075W,0,0.39423704,0.09078027307987213,0.9610000252723694,0.9624999761581421
YNR018W,YHR166C,0,0.39399782,0.09077169746160507,0.9610000252723694,0.9625999927520752
YMR218C,YHR138C,0,0.39390004,0.09076312929391861,0.9610000252723694,0.9627000093460083
YOR375C,YDL123W,0,0.39386117,0.09075455367565155,0.9610000252723694,0.9628000259399414
YML058W-A,YLR085C,0,0.39362216,0.09074598550796509,0.9610000252723694,0.9628999829292297
YBR145W,YCL026C-B,0,0.39333665,0.09073741734027863,0.9610000252723694,0.9629999995231628
YOR273C,YBR034C,0,0.39309514,0.09072884917259216,0.9610000252723694,0.963100016117096
YHR029C,YER014C-A,0,0.3930408,0.0907202884554863,0.9610000252723694,0.9631999731063843
YML056C,YDR171W,0,0.39296556,0.09071172028779984,0.9610000252723694,0.9632999897003174
YDR256C,YOR312C,0,0.392919,0.09070315957069397,0.9610000252723694,0.9634000062942505
YLR054C,YPR080W,0,0.39264494,0.0906945988535881,0.9610000252723694,0.9635000228881836
YGR128C,YLL042C,0,0.39262074,0.09068604558706284,0.9610000252723694,0.9635999798774719
YGR128C,YGR224W,0,0.3920938,0.09067748486995697,0.9610000252723694,0.963699996471405
YOR285W,YLR263W,0,0.39124966,0.0906689316034317,0.9610000252723694,0.9638000130653381
YJR014W,YGL010W,0,0.3908124,0.09066037833690643,0.9610000252723694,0.9639000296592712
YMR046C,YGR034W,0,0.3907553,0.09065182507038116,0.9610000252723694,0.9639999866485596
YLR447C,YOR382W,0,0.39018828,0.0906432718038559,0.9610000252723694,0.9641000032424927
YLR029C,YCR011C,0,0.3896387,0.09063472598791122,0.9610000252723694,0.9642000198364258
YMR277W,YLR348C,0,0.38960427,0.09062618017196655,0.9610000252723694,0.9642999768257141
YHL017W,YOR045W,0,0.38937122,0.09061763435602188,0.9610000252723694,0.9643999934196472
YOL052C-A,YKR093W,0,0.3892498,0.09060908854007721,0.9610000252723694,0.9645000100135803
YHR118C,YLR249W,0,0.38891137,0.09060055017471313,0.9610000252723694,0.9646000266075134
YJL113W,YDR043C,0,0.38879228,0.09059200435876846,0.9610000252723694,0.9646999835968018
YFL062W,YIL087C,0,0.38868338,0.09058346599340439,0.9610000252723694,0.9648000001907349
YOR339C,YLR197W,0,0.38852316,0.09057492762804031,0.9610000252723694,0.964900016784668
YLR288C,YGR204W,0,0.3882929,0.09056639671325684,0.9610000252723694,0.9649999737739563
YER060W,YGR067C,0,0.38823795,0.09055785834789276,0.9610000252723694,0.9650999903678894
YBR238C,YNL224C,0,0.3881256,0.09054932743310928,0.9610000252723694,0.9652000069618225
YJR054W,YBL099W,0,0.38772565,0.0905407965183258,0.9610000252723694,0.9653000235557556
YGL105W,YNR071C,0,0.38747877,0.09053226560354233,0.9610000252723694,0.965399980545044
YDR174W,YCL045C,0,0.38711125,0.09052373468875885,0.9610000252723694,0.965499997138977
YDL206W,YEL069C,0,0.38678816,0.09051521122455597,0.9610000252723694,0.9656000137329102
YCR005C,YDL012C,0,0.38671353,0.09050668776035309,0.9610000252723694,0.9656999707221985
YDR304C,YCR043C,0,0.38600296,0.09049816429615021,0.9610000252723694,0.9657999873161316
YHR096C,YAL038W,0,0.385983,0.09048964083194733,0.9610000252723694,0.9659000039100647
YPR127W,YJL078C,0,0.3858689,0.09048112481832504,0.9610000252723694,0.9660000205039978
YPL056C,YCR003W,0,0.3857472,0.09047260135412216,0.9610000252723694,0.9660999774932861
YJR109C,YHR047C,0,0.38532972,0.09046408534049988,0.9610000252723694,0.9661999940872192
YNL024C,YNL335W,0,0.38518286,0.0904555693268776,0.9610000252723694,0.9663000106811523
YKR081C,YJL092W,0,0.38473082,0.09044706076383591,0.9610000252723694,0.9664000272750854
YPR183W,YDR444W,1,0.38462007,0.09053265303373337,0.9620000123977661,0.9664000272750854
YCL026C-A,YKL182W,1,0.383646,0.09061823785305023,0.9629999995231628,0.9664000272750854
YOR339C,YBL005W-A,0,0.38362056,0.09060970693826675,0.9629999995231628,0.9664999842643738
YDR202C,YHR193C,0,0.38353044,0.09060118347406387,0.9629999995231628,0.9666000008583069
YJL079C,YLR205C,0,0.3833309,0.09059266000986099,0.9629999995231628,0.96670001745224
YDL102W,YHR020W,0,0.38315654,0.09058414399623871,0.9629999995231628,0.9667999744415283
YLR297W,YLR307W,0,0.38260382,0.09057562053203583,0.9629999995231628,0.9668999910354614
YPL150W,YIL117C,0,0.38242579,0.09056710451841354,0.9629999995231628,0.9670000076293945
YML092C,YNR071C,0,0.382078,0.09055858850479126,0.9629999995231628,0.9671000242233276
YGR049W,YDR195W,0,0.3819945,0.09055007249116898,0.9629999995231628,0.967199981212616
YPL248C,YGR251W,0,0.38153678,0.09054155647754669,0.9629999995231628,0.9672999978065491
YML008C,YOR237W,1,0.38088226,0.09062705934047699,0.9639999866485596,0.9672999978065491
YOL104C,YER069W,0,0.3806774,0.09061853587627411,0.9639999866485596,0.9674000144004822
YJL191W,YER078C,0,0.38050634,0.09061001986265182,0.9639999866485596,0.9674999713897705
YNL111C,YOR237W,1,0.38046777,0.09069548547267914,0.9649999737739563,0.9674999713897705
YFR021W,YLL032C,0,0.38038424,0.09068696200847626,0.9649999737739563,0.9675999879837036
YMR040W,YJR028W,0,0.38014567,0.09067844599485397,0.9649999737739563,0.9677000045776367
YMR052W,YCL045C,0,0.37989593,0.09066992253065109,0.9649999737739563,0.9678000211715698
YLR329W,YLL067C,0,0.37892196,0.09066140651702881,0.9649999737739563,0.9678999781608582
YKL081W,YML032C,0,0.37812662,0.09065289050340652,0.9649999737739563,0.9679999947547913
YDR090C,YOR004W,0,0.37793952,0.09064437448978424,0.9649999737739563,0.9681000113487244
YLR292C,YLL016W,0,0.3776645,0.09063585847616196,0.9649999737739563,0.9682000279426575
YBR066C,YNL121C,0,0.37751144,0.09062734991312027,0.9649999737739563,0.9682999849319458
YLR260W,YJR073C,1,0.37743005,0.09071274101734161,0.9660000205039978,0.9682999849319458
YML128C,YOR077W,0,0.37730938,0.09070422500371933,0.9660000205039978,0.9684000015258789
YLR151C,YMR244C-A,0,0.37721753,0.09069570899009705,0.9660000205039978,0.968500018119812
YIR013C,YCR031C,0,0.3771147,0.09068719297647476,0.9660000205039978,0.9685999751091003
YKL125W,YDL049C,0,0.37689954,0.09067868441343307,0.9660000205039978,0.9686999917030334
YJR055W,YGR017W,0,0.37598658,0.09067016839981079,0.9660000205039978,0.9688000082969666
YBR031W,YOR030W,0,0.37518936,0.0906616598367691,0.9660000205039978,0.9689000248908997
YPL040C,YNR021W,0,0.37472188,0.09065315127372742,0.9660000205039978,0.968999981880188
YMR295C,YFR027W,0,0.37455666,0.09064465016126633,0.9660000205039978,0.9690999984741211
YEL041W,YKR093W,0,0.37423724,0.09063614159822464,0.9660000205039978,0.9692000150680542
YKL014C,YDR348C,0,0.37422526,0.09062764048576355,0.9660000205039978,0.9692999720573425
YGL068W,YEL011W,0,0.3738998,0.09061913937330246,0.9660000205039978,0.9693999886512756
YOR009W,YPL118W,0,0.37374985,0.09061063826084137,0.9660000205039978,0.9695000052452087
YHL011C,YNL035C,0,0.37366658,0.09060213714838028,0.9660000205039978,0.9696000218391418
YDR259C,YHR193C,0,0.37352216,0.09059364348649979,0.9660000205039978,0.9696999788284302
YJL149W,YCL048W,0,0.37329215,0.0905851498246193,0.9660000205039978,0.9697999954223633
YBR217W,YLL053C,0,0.37322998,0.0905766561627388,0.9660000205039978,0.9699000120162964
YBL028C,YJL059W,0,0.37320697,0.0905681625008583,0.9660000205039978,0.9700000286102295
YPR145W,YLR234W,0,0.37246177,0.09055966883897781,0.9660000205039978,0.9700999855995178
YJL171C,YNL240C,0,0.37227765,0.09055118262767792,0.9660000205039978,0.9702000021934509
YIL122W,YLR129W,0,0.37209052,0.09054269641637802,0.9660000205039978,0.970300018787384
YHL001W,YOR383C,0,0.37181777,0.09053421020507812,0.9660000205039978,0.9703999757766724
YLR194C,YPR100W,0,0.3713338,0.09052572399377823,0.9660000205039978,0.9704999923706055
YGR180C,YDR307W,0,0.37110752,0.09051723778247833,0.9660000205039978,0.9706000089645386
YHR033W,YPL032C,0,0.3708268,0.09050875902175903,0.9660000205039978,0.9707000255584717
YDR363W,YGR178C,0,0.37069267,0.09050028026103973,0.9660000205039978,0.97079998254776
YDL081C,YNL095C,0,0.37045473,0.09049180150032043,0.9660000205039978,0.9708999991416931
YDL149W,YHR216W,0,0.37044832,0.09048333019018173,0.9660000205039978,0.9710000157356262
YCR087C-A,YPR163C,0,0.3703146,0.09047485142946243,0.9660000205039978,0.9710999727249146
YLR092W,YMR321C,0,0.37006974,0.09046638011932373,0.9660000205039978,0.9711999893188477
YOL095C,YOR234C,0,0.36986685,0.09045790880918503,0.9660000205039978,0.9713000059127808
YOR009W,YPL213W,0,0.36975068,0.09044943749904633,0.9660000205039978,0.9714000225067139
YLR341W,YMR241W,0,0.36920545,0.09044097363948822,0.9660000205039978,0.9714999794960022
YGL160W,YIL148W,0,0.36903334,0.09043250232934952,0.9660000205039978,0.9715999960899353
YNL178W,YPL187W,0,0.3685951,0.09042403846979141,0.9660000205039978,0.9717000126838684
YMR137C,YJL138C,0,0.36849868,0.0904155746102333,0.9660000205039978,0.9718000292778015
YPL076W,YOR298W,1,0.36826795,0.09050070494413376,0.9670000076293945,0.9718000292778015
YGR180C,YGR207C,0,0.3677906,0.09049223363399506,0.9670000076293945,0.9718999862670898
YOR271C,YNL035C,0,0.3676944,0.09048376232385635,0.9670000076293945,0.972000002861023
YMR011W,YPL275W,0,0.36763272,0.09047529846429825,0.9670000076293945,0.972100019454956
YPL058C,YOR298W,1,0.36732215,0.09056039154529572,0.9679999947547913,0.972100019454956
YLR340W,YBL097W,0,0.36666858,0.09055192023515701,0.9679999947547913,0.9721999764442444
YDR064W,YIL017C,0,0.36647114,0.09054344892501831,0.9679999947547913,0.9722999930381775
YLR300W,YIL017C,0,0.36591184,0.09053497761487961,0.9679999947547913,0.9724000096321106
YMR231W,YLR167W,0,0.3644759,0.0905265137553215,0.9679999947547913,0.9725000262260437
YML082W,YDR500C,0,0.36446545,0.0905180498957634,0.9679999947547913,0.972599983215332
YKR019C,YGL001C,1,0.36435115,0.09060308337211609,0.968999981880188,0.972599983215332
YOL089C,YLR413W,0,0.36419135,0.09059461206197739,0.968999981880188,0.9726999998092651
YNL209W,YLR047C,0,0.36378545,0.09058614820241928,0.968999981880188,0.9728000164031982
YHR183W,YLR460C,0,0.3635819,0.09057767689228058,0.968999981880188,0.9728999733924866
YPL056C,YNL113W,0,0.3635292,0.09056921303272247,0.968999981880188,0.9729999899864197
YPL240C,YHR018C,0,0.36303374,0.09056074917316437,0.968999981880188,0.9731000065803528
YNL035C,YML114C,0,0.3626114,0.09055228531360626,0.968999981880188,0.9732000231742859
YMR058W,YIL011W,0,0.3624638,0.09054382145404816,0.968999981880188,0.9732999801635742
YER102W,YOR264W,0,0.36181647,0.09053536504507065,0.968999981880188,0.9733999967575073
YER102W,YHL006C,0,0.36166412,0.09052690863609314,0.968999981880188,0.9735000133514404
YLR247C,YHR174W,0,0.3614793,0.09051845222711563,0.968999981880188,0.9735999703407288
YKL095W,YFL054C,0,0.36136985,0.09050999581813812,0.968999981880188,0.9736999869346619
YDR429C,YML111W,0,0.3610879,0.09050153940916061,0.968999981880188,0.973800003528595
YPR174C,YDL059C,0,0.36091223,0.0904930904507637,0.968999981880188,0.9739000201225281
YOL151W,YMR079W,1,0.36088634,0.09057801961898804,0.9700000286102295,0.9739000201225281
YPR020W,YLR460C,0,0.36086226,0.09056956321001053,0.9700000286102295,0.9739999771118164
YEL034W,YLR258W,0,0.36079848,0.09056110680103302,0.9700000286102295,0.9740999937057495
YJL171C,YOR162C,0,0.360523,0.09055265039205551,0.9700000286102295,0.9742000102996826
YLR297W,YPL262W,0,0.36021012,0.0905442014336586,0.9700000286102295,0.9743000268936157
YPR196W,YKL134C,0,0.35986096,0.09053574502468109,0.9700000286102295,0.974399983882904
YNR071C,YJL159W,0,0.35973644,0.09052729606628418,0.9700000286102295,0.9745000004768372
YKR027W,YEL040W,0,0.35962588,0.09051884710788727,0.9700000286102295,0.9746000170707703
YPR196W,YCR093W,0,0.35942268,0.09051040560007095,0.9700000286102295,0.9746999740600586
YDR202C,YLR325C,0,0.35853973,0.09050195664167404,0.9700000286102295,0.9747999906539917
YBR080C,YHR157W,0,0.3585334,0.09049351513385773,0.9700000286102295,0.9749000072479248
YGR012W,YOL041C,0,0.35847217,0.09048507362604141,0.9700000286102295,0.9750000238418579
YKL216W,YOR338W,0,0.3584169,0.0904766321182251,0.9700000286102295,0.9750999808311462
YHR138C,YEL046C,0,0.35815674,0.09046819806098938,0.9700000286102295,0.9751999974250793
YOR329C,YCL026C-B,0,0.35801205,0.09045975655317307,0.9700000286102295,0.9753000140190125
YOR383C,YKR096W,0,0.357577,0.09045132249593735,0.9700000286102295,0.9753999710083008
YOR237W,YHR072W,1,0.35744974,0.09053613245487213,0.9710000157356262,0.9753999710083008
YBL027W,YLR191W,0,0.3573218,0.09052769094705582,0.9710000157356262,0.9754999876022339
YLR406C,YMR179W,0,0.3557034,0.0905192494392395,0.9710000157356262,0.975600004196167
YKR013W,YPL138C,0,0.3554322,0.09051081538200378,0.9710000157356262,0.9757000207901001
YNR063W,YHR030C,0,0.35532668,0.09050237387418747,0.9710000157356262,0.9757999777793884
YLR051C,YOL104C,0,0.3543831,0.09049393981695175,0.9710000157356262,0.9758999943733215
YNL318C,YEL024W,0,0.35432562,0.09048550575971603,0.9710000157356262,0.9760000109672546
YDR202C,YGL028C,0,0.35335082,0.09047707915306091,0.9710000157356262,0.9761000275611877
YLR160C,YDL133C-A,0,0.3532937,0.0904686450958252,0.9710000157356262,0.9761999845504761
YOL040C,YOR084W,0,0.3527007,0.09046021848917007,0.9710000157356262,0.9763000011444092
YML001W,YLL054C,0,0.3525625,0.09045179188251495,0.9710000157356262,0.9764000177383423
YLR054C,YNL095C,0,0.35243964,0.09044336527585983,0.9710000157356262,0.9764999747276306
YOL040C,YBR073W,0,0.3523567,0.09043494611978531,0.9710000157356262,0.9765999913215637
YBR183W,YMR079W,1,0.35231844,0.09051965177059174,0.972000002861023,0.9765999913215637
YBR066C,YDR079C-A,0,0.3519528,0.09051121771335602,0.972000002861023,0.9767000079154968
YOR231W,YNR060W,0,0.35182464,0.0905027911067009,0.972000002861023,0.9768000245094299
YDL202W,YJL059W,0,0.35161388,0.09049436450004578,0.972000002861023,0.9768999814987183
YLR394W,YBR069C,0,0.35131603,0.09048594534397125,0.972000002861023,0.9769999980926514
YJL171C,YNR037C,0,0.35129395,0.09047751873731613,0.972000002861023,0.9771000146865845
YOL084W,YNL069C,0,0.3512683,0.09046909958124161,0.972000002861023,0.9771999716758728
YNL126W,YEL071W,0,0.3510945,0.09046068042516708,0.972000002861023,0.9772999882698059
YLR128W,YMR114C,0,0.3510123,0.09045226126909256,0.972000002861023,0.977400004863739
YOL101C,YDR058C,1,0.35075998,0.09053689241409302,0.9729999899864197,0.977400004863739
YPR196W,YER175C,0,0.35064322,0.0905284732580185,0.9729999899864197,0.9775000214576721
YGL220W,YCR102C,0,0.35062677,0.09052004665136337,0.9729999899864197,0.9775999784469604
YKL216W,YPL047W,0,0.35028034,0.09051162749528885,0.9729999899864197,0.9776999950408936
YLL023C,YGR097W,0,0.35027733,0.09050320833921432,0.9729999899864197,0.9778000116348267
YBR085W,YMR244C-A,0,0.35006222,0.0904947891831398,0.9729999899864197,0.9779000282287598
YHL026C,YOR222W,0,0.3494011,0.09048637747764587,0.9729999899864197,0.9779999852180481
YPR022C,YER017C,0,0.34924334,0.09047795832157135,0.9729999899864197,0.9781000018119812
YDL156W,YCR016W,0,0.34920052,0.09046954661607742,0.9729999899864197,0.9782000184059143
YCR034W,YDR147W,1,0.34837615,0.09055411070585251,0.9739999771118164,0.9782000184059143
YGR052W,YPL131W,0,0.34753907,0.09054569154977798,0.9739999771118164,0.9782999753952026
YBR066C,YNR004W,0,0.34631002,0.09053727239370346,0.9739999771118164,0.9783999919891357
YDR009W,YLR347C,0,0.346025,0.09052886068820953,0.9739999771118164,0.9785000085830688
YGL184C,YJL082W,0,0.3459329,0.0905204489827156,0.9739999771118164,0.978600025177002
YMR274C,YLR258W,0,0.34517163,0.09051203727722168,0.9739999771118164,0.9786999821662903
YNL302C,YJL092W,0,0.34463122,0.09050362557172775,0.9739999771118164,0.9787999987602234
YHR037W,YJR123W,0,0.3436611,0.09049521386623383,0.9739999771118164,0.9789000153541565
YDR408C,YPR065W,0,0.34336507,0.0904868096113205,0.9739999771118164,0.9789999723434448
YHR094C,YPL210C,0,0.34302145,0.09047840535640717,0.9739999771118164,0.9790999889373779
YBR067C,YKL188C,0,0.34240878,0.09047000110149384,0.9739999771118164,0.979200005531311
YGL231C,YKR035W-A,0,0.34233642,0.0904615968465805,0.9739999771118164,0.9793000221252441
YML075C,YDR147W,1,0.34232444,0.09054606407880783,0.9750000238418579,0.9793000221252441
YLR449W,YGR099W,0,0.34226203,0.0905376523733139,0.9750000238418579,0.9793999791145325
YGR133W,YGR148C,0,0.3418098,0.09052924811840057,0.9750000238418579,0.9794999957084656
YML058W-A,YOR324C,0,0.3417133,0.09052084386348724,0.9750000238418579,0.9796000123023987
YFL018C,YHR112C,0,0.34074944,0.09051243960857391,0.9750000238418579,0.9797000288963318
YFL018C,YLR194C,0,0.34052166,0.09050403535366058,0.9750000238418579,0.9797999858856201
YHL033C,YJL225C,0,0.3404815,0.09049563854932785,0.9750000238418579,0.9799000024795532
YDL025C,YLL006W,0,0.33996516,0.09048724174499512,0.9750000238418579,0.9800000190734863
YKL029C,YJR119C,0,0.3391542,0.09047884494066238,0.9750000238418579,0.9800999760627747
YJL095W,YFR031C-A,0,0.3389936,0.09047044813632965,0.9750000238418579,0.9801999926567078
YBR141C,YLR029C,0,0.3389538,0.09046205133199692,0.9750000238418579,0.9803000092506409
YHL028W,YKR018C,0,0.33877078,0.09045366197824478,0.9750000238418579,0.980400025844574
YGL245W,YNR060W,0,0.3387618,0.09044527262449265,0.9750000238418579,0.9804999828338623
YDR160W,YLR460C,0,0.3384418,0.09043688327074051,0.9750000238418579,0.9805999994277954
YLR424W,YGR254W,0,0.3381127,0.09042849391698837,0.9750000238418579,0.9807000160217285
YPL237W,YCR102C,0,0.3380443,0.09042010456323624,0.9750000238418579,0.9807999730110168
YDR471W,YIR010W,0,0.3373263,0.0904117226600647,0.9750000238418579,0.98089998960495
YDL014W,YKL026C,0,0.33681628,0.09040334075689316,0.9750000238418579,0.9810000061988831
YER041W,YNL066W,0,0.3364479,0.09039495885372162,0.9750000238418579,0.9811000227928162
YGL078C,YIR013C,0,0.33640617,0.09038657695055008,0.9750000238418579,0.9811999797821045
YCL026C-B,YNL282W,0,0.33629307,0.09037819504737854,0.9750000238418579,0.9812999963760376
YJL114W,YDR343C,0,0.33613956,0.0903698205947876,0.9750000238418579,0.9814000129699707
YKR042W,YJR095W,0,0.33574736,0.09036144614219666,0.9750000238418579,0.9815000295639038
YLR316C,YCL030C,0,0.33563673,0.09035307168960571,0.9750000238418579,0.9815999865531921
YOR180C,YML126C,1,0.3353451,0.09043736010789871,0.9760000109672546,0.9815999865531921
YLR300W,YLR258W,0,0.33481207,0.09042897820472717,0.9760000109672546,0.9817000031471252
YLR234W,YCL026C-B,0,0.33480954,0.09042060375213623,0.9760000109672546,0.9818000197410583
YBR066C,YGL208W,0,0.33476165,0.09041222929954529,0.9760000109672546,0.9818999767303467
YNL160W,YPR097W,0,0.33472976,0.09040385484695435,0.9760000109672546,0.9819999933242798
YLR155C,YIL019W,0,0.3346141,0.0903954803943634,0.9760000109672546,0.9821000099182129
YPL234C,YDL239C,0,0.33403915,0.09038710594177246,0.9760000109672546,0.982200026512146
YBR244W,YML073C,0,0.3339603,0.09037873893976212,0.9760000109672546,0.9822999835014343
YJL059W,YNL186W,0,0.33298236,0.09037037193775177,0.9760000109672546,0.9824000000953674
YCL040W,YPL024W,0,0.33292815,0.09036200493574142,0.9760000109672546,0.9825000166893005
YHR088W,YCL030C,0,0.33140016,0.09035363793373108,0.9760000109672546,0.9825999736785889
YER117W,YNL279W,0,0.3312298,0.09034527093172073,0.9760000109672546,0.982699990272522
YKL221W,YIL117C,0,0.33113188,0.09033691138029099,0.9760000109672546,0.9828000068664551
YPL079W,YHL026C,0,0.3310016,0.09032855182886124,0.9760000109672546,0.9829000234603882
YHR139C,YPL212C,0,0.33033332,0.09032019227743149,0.9760000109672546,0.9829999804496765
YNL107W,YLR388W,0,0.32913733,0.09031183272600174,0.9760000109672546,0.9830999970436096
YLR249W,YNR060W,0,0.3291196,0.09030348062515259,0.9760000109672546,0.9832000136375427
YCL026C-B,YDL123W,0,0.32909268,0.09029512107372284,0.9760000109672546,0.983299970626831
YIL015W,YGR235C,0,0.3288062,0.09028676897287369,0.9760000109672546,0.9833999872207642
YMR035W,YLR058C,0,0.32873243,0.09027841687202454,0.9760000109672546,0.9835000038146973
YCL068C,YER074W,0,0.32789484,0.09027007222175598,0.9760000109672546,0.9836000204086304
YBR111W-A,YGR055W,0,0.3277437,0.09026172012090683,0.9760000109672546,0.9836999773979187
YKL222C,YNL178W,0,0.32744935,0.09025337547063828,0.9760000109672546,0.9837999939918518
YHR123W,YMR015C,1,0.32741153,0.09033749252557755,0.9769999980926514,0.9837999939918518
YOR095C,YFL010W-A,0,0.32697552,0.0903291404247284,0.9769999980926514,0.9839000105857849
YLR325C,YDR383C,0,0.3260392,0.09032078832387924,0.9769999980926514,0.984000027179718
YEL004W,YCR012W,0,0.32602108,0.09031244367361069,0.9769999980926514,0.9840999841690063
YKL079W,YER150W,0,0.32568896,0.09030409157276154,0.9769999980926514,0.9842000007629395
YOL154W,YOL041C,0,0.32536703,0.09029574692249298,0.9769999980926514,0.9843000173568726
YNL037C,YKR093W,0,0.3253474,0.09028740227222443,0.9769999980926514,0.9843999743461609
YML055W,YML131W,0,0.3252928,0.09027905762195587,0.9769999980926514,0.984499990940094
YGL019W,YDR273W,0,0.32427335,0.09027072042226791,0.9769999980926514,0.9846000075340271
YDR210W,YDR522C,0,0.32418695,0.09026238322257996,0.9769999980926514,0.9847000241279602
YMR105C,YBR146W,0,0.3239873,0.0902540385723114,0.9769999980926514,0.9847999811172485
YNL079C,YMR087W,0,0.32337278,0.09024570137262344,0.9769999980926514,0.9848999977111816
YDL156W,YHR066W,0,0.3222347,0.09023737162351608,0.9769999980926514,0.9850000143051147
YMR029C,YML030W,0,0.32214475,0.09022903442382812,0.9769999980926514,0.9850999712944031
YPR057W,YLR197W,0,0.32175285,0.09022070467472076,0.9769999980926514,0.9851999878883362
YPR152C,YML073C,0,0.3217262,0.0902123749256134,0.9769999980926514,0.9853000044822693
YER087W,YAL001C,0,0.3215662,0.09020404517650604,0.9769999980926514,0.9854000210762024
YEL039C,YNL154C,0,0.32099506,0.09019571542739868,0.9769999980926514,0.9854999780654907
YOR279C,YPR145W,0,0.3208524,0.09018739312887192,0.9769999980926514,0.9855999946594238
YMR232W,YDR037W,0,0.32037365,0.09017906337976456,0.9769999980926514,0.9857000112533569
YJL191W,YDR085C,0,0.31968495,0.09017074108123779,0.9769999980926514,0.98580002784729
YIR033W,YOR317W,1,0.31963763,0.09025470912456512,0.9779999852180481,0.98580002784729
YOR025W,YGL001C,1,0.3194943,0.09033865481615067,0.9789999723434448,0.98580002784729
YHR123W,YMR246W,1,0.318787,0.09042258560657501,0.9800000190734863,0.98580002784729
YDL245C,YEL032W,0,0.31793192,0.09041424840688705,0.9800000190734863,0.9858999848365784
YOR310C,YOR303W,0,0.31793088,0.0904059037566185,0.9800000190734863,0.9860000014305115
YLR284C,YGL001C,1,0.3174547,0.09048980474472046,0.9810000061988831,0.9860000014305115
YNR060W,YMR049C,0,0.3170346,0.0904814600944519,0.9810000061988831,0.9861000180244446
YDL245C,YDR025W,0,0.3168555,0.09047311544418335,0.9810000061988831,0.9861999750137329
YNL010W,YDR407C,0,0.3163432,0.0904647707939148,0.9810000061988831,0.986299991607666
YKL152C,YJL171C,0,0.31556755,0.09045643359422684,0.9810000061988831,0.9864000082015991
YPR114W,YGR224W,0,0.31434703,0.09044808894395828,0.9810000061988831,0.9865000247955322
YLR056W,YKR031C,1,0.31434172,0.09053194522857666,0.9819999933242798,0.9865000247955322
YJR117W,YHR094C,0,0.3138548,0.0905236005783081,0.9819999933242798,0.9865999817848206
YDR369C,YPL265W,0,0.31300685,0.09051525592803955,0.9819999933242798,0.9866999983787537
YPL137C,YOR173W,0,0.31192857,0.090506911277771,0.9819999933242798,0.9868000149726868
YJR047C,YML111W,0,0.31186587,0.09049857407808304,0.9819999933242798,0.9868999719619751
YPR145W,YOR009W,0,0.3114124,0.09049022942781448,0.9819999933242798,0.9869999885559082
YBR016W,YNR063W,0,0.3108923,0.09048189222812653,0.9819999933242798,0.9871000051498413
YEL032W,YDR343C,0,0.31057644,0.09047355502843857,0.9819999933242798,0.9872000217437744
YHL021C,YGR087C,0,0.31050307,0.09046522527933121,0.9819999933242798,0.9872999787330627
YNL010W,YGR132C,0,0.30944642,0.09045688807964325,0.9819999933242798,0.9873999953269958
YNL304W,YOL097C,0,0.3074032,0.09044855833053589,0.9819999933242798,0.987500011920929
YGL076C,YHL022C,0,0.30726466,0.09044022858142853,0.9819999933242798,0.9876000285148621
YDR300C,YPL188W,0,0.30656296,0.09043189883232117,0.9819999933242798,0.9876999855041504
YHR008C,YAL068C,0,0.30594665,0.0904235690832138,0.9819999933242798,0.9878000020980835
YNL002C,YOL104C,0,0.3052332,0.09041524678468704,0.9819999933242798,0.9879000186920166
YKR067W,YOR237W,1,0.30437168,0.09049898386001587,0.9829999804496765,0.9879000186920166
YPR127W,YGR287C,0,0.3024093,0.09049065411090851,0.9829999804496765,0.9879999756813049
YMR244C-A,YPL061W,0,0.3022577,0.09048232436180115,0.9829999804496765,0.988099992275238
YBL005W,YPL198W,0,0.30119455,0.09047400206327438,0.9829999804496765,0.9882000088691711
YER081W,YMR145C,0,0.29971763,0.09046567231416702,0.9829999804496765,0.9883000254631042
YNR053C,YIR005W,0,0.29924685,0.09045735001564026,0.9829999804496765,0.9883999824523926
YPR185W,YER014C-A,0,0.29779175,0.0904490277171135,0.9829999804496765,0.9884999990463257
YDL227C,YMR133W,0,0.29774773,0.09044070541858673,0.9829999804496765,0.9886000156402588
YCL010C,YDL061C,0,0.2970381,0.09043238312005997,0.9829999804496765,0.9886999726295471
YDR309C,YNR073C,0,0.29539523,0.0904240608215332,0.9829999804496765,0.9887999892234802
YMR121C,YDR488C,0,0.2945664,0.09041574597358704,0.9829999804496765,0.9889000058174133
YPL141C,YDL100C,0,0.29429358,0.09040743112564087,0.9829999804496765,0.9890000224113464
YDL014W,YER038C,0,0.2942351,0.0903991162776947,0.9829999804496765,0.9890999794006348
YFR019W,YOL101C,1,0.2927591,0.09048275649547577,0.984000027179718,0.9890999794006348
YPL152W,YML073C,0,0.29229915,0.0904744416475296,0.984000027179718,0.9891999959945679
YDR246W,YJR070C,0,0.29178858,0.09046611934900284,0.984000027179718,0.989300012588501
YKL152C,YPL249C,0,0.29176465,0.09045780450105667,0.984000027179718,0.9894000291824341
YJR006W,YLR167W,0,0.29171777,0.0904494896531105,0.984000027179718,0.9894999861717224
YOR004W,YEL047C,0,0.2913078,0.09044117480516434,0.984000027179718,0.9896000027656555
YDL142C,YFL031W,1,0.28933936,0.09052477031946182,0.9850000143051147,0.9896000027656555
YIL037C,YHR216W,0,0.28922874,0.09051644802093506,0.9850000143051147,0.9897000193595886
YDR019C,YEL053C,0,0.2889347,0.09050813317298889,0.9850000143051147,0.989799976348877
YHR211W,YGR067C,0,0.28839645,0.09049981832504272,0.9850000143051147,0.9898999929428101
YKL091C,YAL038W,0,0.28809106,0.09049150347709656,0.9850000143051147,0.9900000095367432
YKL138C-A,YER056C,0,0.28757295,0.09048318862915039,0.9850000143051147,0.9901000261306763
YNL031C,YKL171W,0,0.28744453,0.09047488123178482,0.9850000143051147,0.9901999831199646
YLR174W,YMR238W,0,0.2871561,0.09046656638383865,0.9850000143051147,0.9902999997138977
YKL188C,YPL273W,0,0.2869114,0.09045825898647308,0.9850000143051147,0.9904000163078308
YGR282C,YDR506C,0,0.2859136,0.09044995158910751,0.9850000143051147,0.9904999732971191
YLR023C,YMR321C,0,0.28497112,0.09044165164232254,0.9850000143051147,0.9905999898910522
YDL061C,YCR089W,0,0.2846822,0.09043334424495697,0.9850000143051147,0.9907000064849854
YPR160W,YNL044W,0,0.28338403,0.090425044298172,0.9850000143051147,0.9908000230789185
YOR338W,YDR432W,0,0.28316474,0.09041674435138702,0.9850000143051147,0.9908999800682068
YKR079C,YOR382W,0,0.2811083,0.09040844440460205,0.9850000143051147,0.9909999966621399
YLR411W,YOL061W,0,0.28028226,0.09040014445781708,0.9850000143051147,0.991100013256073
YLR056W,YDR437W,1,0.2802146,0.09048362076282501,0.9860000014305115,0.991100013256073
YDR210W,YIL007C,0,0.27867717,0.09047531336545944,0.9860000014305115,0.9911999702453613
YGL186C,YJL122W,0,0.27865857,0.09046701341867447,0.9860000014305115,0.9912999868392944
YNL302C,YFR055W,0,0.27845642,0.0904587134718895,0.9860000014305115,0.9914000034332275
YPL058C,YKR053C,1,0.27837422,0.09054215252399445,0.9869999885559082,0.9914000034332275
YKL172W,YDL021W,0,0.2783538,0.09053384512662888,0.9869999885559082,0.9915000200271606
YDR500C,YDL059C,0,0.27714032,0.0905255451798439,0.9869999885559082,0.991599977016449
YER102W,YLR319C,0,0.27634382,0.09051723778247833,0.9869999885559082,0.9916999936103821
YLR044C,YGR055W,0,0.27621955,0.09050893783569336,0.9869999885559082,0.9918000102043152
YBR183W,YFL031W,1,0.27337855,0.09059233218431473,0.9879999756813049,0.9918000102043152
YGL055W,YLR284C,1,0.27320358,0.0906757116317749,0.9890000224113464,0.9918000102043152
YJR070C,YER143W,0,0.2725731,0.09066739678382874,0.9890000224113464,0.9919000267982483
YIR039C,YER014C-A,0,0.27225375,0.09065908938646317,0.9890000224113464,0.9919999837875366
YHL013C,YLR194C,0,0.27224153,0.0906507819890976,0.9890000224113464,0.9921000003814697
YDR009W,YNR067C,0,0.27137366,0.09064247459173203,0.9890000224113464,0.9922000169754028
YGR049W,YGL103W,0,0.27109605,0.09063416719436646,0.9890000224113464,0.9922999739646912
YBR131W,YLR194C,0,0.271027,0.09062585979700089,0.9890000224113464,0.9923999905586243
YHL038C,YGL008C,0,0.2690155,0.09061755239963531,0.9890000224113464,0.9925000071525574
YER062C,YHL022C,0,0.2688604,0.09060925245285034,0.9890000224113464,0.9926000237464905
YBR066C,YLR197W,0,0.26674488,0.09060095250606537,0.9890000224113464,0.9926999807357788
YGR283C,YDR314C,0,0.26630655,0.0905926525592804,0.9890000224113464,0.9927999973297119
YNR054C,YLR136C,0,0.2661752,0.09058435261249542,0.9890000224113464,0.992900013923645
YER011W,YNL118C,0,0.26598302,0.09057606011629105,0.9890000224113464,0.9929999709129333
YML052W,YOR003W,0,0.26501253,0.09056776762008667,0.9890000224113464,0.9930999875068665
YBR066C,YGL183C,0,0.26480713,0.0905594751238823,0.9890000224113464,0.9932000041007996
YOR271C,YPR065W,0,0.2646739,0.09055118262767792,0.9890000224113464,0.9933000206947327
YDL070W,YML058W-A,0,0.26283285,0.09054289013147354,0.9890000224113464,0.993399977684021
YKR103W,YKL216W,0,0.26281878,0.09053460508584976,0.9890000224113464,0.9934999942779541
YCL026C-A,YGR175C,1,0.26155052,0.09061785042285919,0.9900000095367432,0.9934999942779541
YFL011W,YGR254W,0,0.2601291,0.09060955792665482,0.9900000095367432,0.9936000108718872
YKR056W,YKR069W,0,0.25978273,0.09060126543045044,0.9900000095367432,0.9937000274658203
YPL093W,YAL060W,0,0.25833297,0.09059297293424606,0.9900000095367432,0.9937999844551086
YIR021W,YKL096W,0,0.25785047,0.09058468043804169,0.9900000095367432,0.9939000010490417
YLR372W,YOL151W,1,0.2575492,0.09066788852214813,0.9909999966621399,0.9939000010490417
YMR232W,YGR185C,0,0.25675857,0.09065958857536316,0.9909999966621399,0.9940000176429749
YLR044C,YGR059W,0,0.25581637,0.09065129607915878,0.9909999966621399,0.9940999746322632
YJR041C,YHR157W,0,0.25556743,0.090643011033535,0.9909999966621399,0.9941999912261963
YOL084W,YPR124W,0,0.25498554,0.09063471853733063,0.9909999966621399,0.9943000078201294
YNR073C,YML078W,0,0.25420076,0.09062642604112625,0.9909999966621399,0.9944000244140625
YPR002W,YFL031W,1,0.25353777,0.09070958197116852,0.9919999837875366,0.9944000244140625
YOL132W,YGR142W,0,0.25348315,0.09070128947496414,0.9919999837875366,0.9944999814033508
YBR067C,YPL162C,0,0.25140655,0.09069299697875977,0.9919999837875366,0.9945999979972839
YPR152C,YLR406C,0,0.2513182,0.09068470448255539,0.9919999837875366,0.994700014591217
YGL184C,YMR117C,0,0.25126916,0.09067641943693161,0.9919999837875366,0.9947999715805054
YPR160W,YJR048W,0,0.25086242,0.09066812694072723,0.9919999837875366,0.9948999881744385
YER011W,YJR084W,0,0.25059962,0.09065984189510345,0.9919999837875366,0.9950000047683716
YPR002W,YCR034W,1,0.25047785,0.09074293822050095,0.9929999709129333,0.9950000047683716
YLL034C,YGR161C,0,0.24917166,0.09073464572429657,0.9929999709129333,0.9951000213623047
YOR383C,YHR216W,0,0.24878548,0.09072636067867279,0.9929999709129333,0.995199978351593
YLR056W,YPL268W,1,0.24810547,0.0908094272017479,0.9940000176429749,0.995199978351593
YGL183C,YLR249W,0,0.24752559,0.09080113470554352,0.9940000176429749,0.9952999949455261
YKL221W,YJL177W,0,0.24746767,0.09079284220933914,0.9940000176429749,0.9954000115394592
YOR018W,YPR035W,0,0.24740207,0.09078454971313477,0.9940000176429749,0.9955000281333923
YER073W,YLR178C,0,0.2473433,0.09077625721693039,0.9940000176429749,0.9955999851226807
YKL009W,YIL066C,0,0.24701387,0.09076796472072601,0.9940000176429749,0.9957000017166138
YGR175C,YLR189C,1,0.2463258,0.09085098654031754,0.9950000047683716,0.9957000017166138
YGL184C,YKR013W,0,0.2463258,0.09084269404411316,0.9950000047683716,0.9958000183105469
YBR128C,YEL071W,0,0.2463258,0.09083440154790878,0.9950000047683716,0.9958999752998352
YER019W,YOR317W,1,0.2463258,0.09091738611459732,0.9959999918937683,0.9958999752998352
YAL038W,YDL021W,0,0.2463258,0.09090909361839294,0.9959999918937683,0.9959999918937683
YBL002W,YCL040W,0,0.2463258,0.09090079367160797,0.9959999918937683,0.9961000084877014
YBL025W,YER062C,0,0.2463258,0.0908925011754036,0.9959999918937683,0.9962000250816345
YGL076C,YGR161C,0,0.2463258,0.09088420122861862,0.9959999918937683,0.9962999820709229
YNL111C,YNL202W,1,0.2463258,0.09096715599298477,0.996999979019165,0.9962999820709229
YDR160W,YPR080W,0,0.2463258,0.0909588560461998,0.996999979019165,0.996399998664856
YER060W,YOR382W,0,0.2463258,0.09095055609941483,0.996999979019165,0.9965000152587891
YGL055W,YDR147W,1,0.2463258,0.09103347361087799,0.9980000257492065,0.9965000152587891
YOL008W,YJR070C,0,0.2463258,0.09102517366409302,0.9980000257492065,0.9965999722480774
YCR005C,YDL179W,0,0.2463258,0.09101687371730804,0.9980000257492065,0.9966999888420105
YLR178C,YGR055W,0,0.2463258,0.09100857377052307,0.9980000257492065,0.9968000054359436
YPR107C,YMR242C,0,0.2463258,0.0910002738237381,0.9980000257492065,0.9969000220298767
YOR310C,YKR103W,0,0.2463258,0.09099197387695312,0.9980000257492065,0.996999979019165
YIL168W,YKL180W,0,0.2463258,0.09098368138074875,0.9980000257492065,0.9970999956130981
YDL191W,YPR107C,0,0.2463258,0.09097538888454437,0.9980000257492065,0.9972000122070312
YKL081W,YML130C,0,0.2463258,0.09096709638834,0.9980000257492065,0.9973000288009644
YNR053C,YKR069W,0,0.2463258,0.09095880389213562,0.9980000257492065,0.9973999857902527
YDL140C,YER103W,0,0.2463258,0.09095051139593124,0.9980000257492065,0.9975000023841858
YGL055W,YDR058C,1,0.2463258,0.09103335440158844,0.9990000128746033,0.9975000023841858
YER062C,YCR107W,0,0.2463258,0.09102505445480347,0.9990000128746033,0.9976000189781189
YMR105C,YEL027W,0,0.2463258,0.09101676195859909,0.9990000128746033,0.9976999759674072
YLR136C,YLR325C,0,0.2463258,0.09100846946239471,0.9990000128746033,0.9977999925613403
YER102W,YLR251W,0,0.2463258,0.09100018441677094,0.9990000128746033,0.9979000091552734
YLL039C,YNL328C,0,0.2463258,0.09099189192056656,0.9990000128746033,0.9980000257492065
YGL186C,YLR194C,0,0.2463258,0.09098360687494278,0.9990000128746033,0.9980999827384949
YLR205C,YDR365C,0,0.2463258,0.090975321829319,0.9990000128746033,0.998199999332428
YEL041W,YDR385W,0,0.2463258,0.09096703678369522,0.9990000128746033,0.9983000159263611
YOR317W,YOL101C,1,0.2463258,0.09104980528354645,1.0,0.9983000159263611
YOR173W,YDR432W,0,0.2463258,0.09104151278734207,1.0,0.9983999729156494
YIR031C,YOR234C,0,0.2463258,0.09103322774171829,1.0,0.9984999895095825
YER054C,YIL148W,0,0.2463258,0.09102494269609451,1.0,0.9986000061035156
YPL280W,YLL024C,0,0.2463258,0.09101665765047073,1.0,0.9987000226974487
YBR088C,YBR072W,0,0.2463258,0.09100837260484695,1.0,0.9987999796867371
YGL051W,YLR432W,0,0.2463258,0.09100008755922318,1.0,0.9988999962806702
YOR255W,YLR216C,0,0.2463258,0.09099180996417999,1.0,0.9990000128746033
YOL008W,YLR029C,0,0.2463258,0.09098353236913681,1.0,0.9991000294685364
YIR038C,YNL066W,0,0.2463258,0.09097525477409363,1.0,0.9991999864578247
YLR340W,YNL063W,0,0.2463258,0.09096697717905045,1.0,0.9993000030517578
YML052W,YMR175W,0,0.2463258,0.09095870703458786,1.0,0.9994000196456909
YGL148W,YLR205C,0,0.2463258,0.09095042943954468,1.0,0.9994999766349792
YLR432W,YNL279W,0,0.2463258,0.09094215929508209,1.0,0.9995999932289124
YML066C,YCR005C,0,0.2463258,0.0909338891506195,1.0,0.9997000098228455
YLR432W,YPL024W,0,0.2463258,0.09092562645673752,1.0,0.9998000264167786
YBR072W,YMR032W,0,0.2463258,0.09091735631227493,1.0,0.9998999834060669
YLR205C,YDL208W,0,0.2463258,0.09090909361839294,1.0,1.0
