Gene A,Gene B,Label,Score,Precision,Recall,False Positive Rate
YDR062W,YBR072W,0,-4.0773954,0.0,0.0,0.0009523809421807528
YGR052W,YPR160W,0,-4.3295684,0.0,0.0,0.0019047618843615055
YFR015C,YOL084W,0,-4.665046,0.0,0.0,0.0028571428265422583
YBR072W,YLR287C-A,0,-4.7049036,0.0,0.0,0.003809523768723011
YFR038W,YJR145C,0,-4.758835,0.0,0.0,0.004761904943734407
YJR070C,YBR175W,0,-4.866039,0.0,0.0,0.0057142856530845165
YPL126W,YLR413W,0,-4.8715296,0.0,0.0,0.006666666828095913
YDL133C-A,YLR167W,0,-5.110373,0.0,0.0,0.007619047537446022
YDR312W,YGL021W,0,-5.1158924,0.0,0.0,0.008571428246796131
YJL173C,YLR258W,0,-5.221072,0.0,0.0,0.009523809887468815
YNR011C,YER127W,0,-5.251929,0.0,0.0,0.010476190596818924
YKL081W,YLR223C,0,-5.273889,0.0,0.0,0.011428571306169033
YPL146C,YPR166C,0,-5.3509965,0.0,0.0,0.012380952015519142
YAL044C,YOL101C,0,-5.411466,0.0,0.0,0.013333333656191826
YLR432W,YLR032W,0,-5.485311,0.0,0.0,0.014285714365541935
YHR012W,YDR358W,1,-5.5016084,0.0625,0.009523809887468815,0.014285714365541935
YOR180C,YNL194C,0,-5.515167,0.05882352963089943,0.009523809887468815,0.015238095074892044
YOR047C,YJR097W,0,-5.5226264,0.0555555559694767,0.009523809887468815,0.016190476715564728
YOR294W,YDL211C,0,-5.6081967,0.05263157933950424,0.009523809887468815,0.017142856493592262
YLR160C,YLL066C,0,-5.6198153,0.05000000074505806,0.009523809887468815,0.018095238134264946
YLR014C,YGL030W,0,-5.6236377,0.0476190485060215,0.009523809887468815,0.01904761977493763
YLR283W,YHR116W,0,-5.627774,0.04545454680919647,0.009523809887468815,0.019999999552965164
YHL019C,YLR189C,0,-5.633011,0.043478261679410934,0.009523809887468815,0.020952381193637848
YLL012W,YJL080C,0,-5.6402817,0.0416666679084301,0.009523809887468815,0.02190476283431053
YHR052W,YHR029C,0,-5.6588984,0.03999999910593033,0.009523809887468815,0.022857142612338066
YLL003W,YNL194C,0,-5.6613135,0.03846153989434242,0.009523809887468815,0.02380952425301075
YDR358W,YHR108W,1,-5.6797953,0.07407407462596893,0.01904761977493763,0.02380952425301075
YCL057C-A,YNR002C,0,-5.703789,0.0714285746216774,0.01904761977493763,0.024761904031038284
YOL157C,YOL002C,0,-5.705232,0.06896551698446274,0.01904761977493763,0.025714285671710968
YGR003W,YKL063C,0,-5.728602,0.06666667014360428,0.01904761977493763,0.02666666731238365
YER062C,YDR261C,0,-5.728667,0.06451612710952759,0.01904761977493763,0.027619047090411186
YBR100W,YER147C,0,-5.730384,0.0625,0.01904761977493763,0.02857142873108387
YLR394W,YGR296W,0,-5.7354164,0.06060606241226196,0.01904761977493763,0.029523810371756554
YBR084W,YPL068C,0,-5.7403784,0.05882352963089943,0.01904761977493763,0.030476190149784088
YMR268W-A,YLR185W,0,-5.742426,0.05714285746216774,0.01904761977493763,0.03142857179045677
YCR087C-A,YGL148W,0,-5.759701,0.0555555559694767,0.01904761977493763,0.032380953431129456
YFR024C,YDR486C,0,-5.7660203,0.054054055362939835,0.01904761977493763,0.03333333507180214
YOR101W,YIR002C,0,-5.768852,0.05263157933950424,0.01904761977493763,0.034285712987184525
YDL109C,YMR272C,0,-5.7793746,0.05128205195069313,0.01904761977493763,0.03523809462785721
YJR075W,YMR093W,0,-5.791381,0.05000000074505806,0.01904761977493763,0.03619047626852989
YBL113C,YOR380W,0,-5.80591,0.04878048598766327,0.01904761977493763,0.037142857909202576
YDR234W,YOR356W,0,-5.807918,0.0476190485060215,0.01904761977493763,0.03809523954987526
YFL035C-B,YNL061W,0,-5.812123,0.04651162773370743,0.01904761977493763,0.039047617465257645
YNL061W,YOR211C,0,-5.8127255,0.04545454680919647,0.01904761977493763,0.03999999910593033
YKL199C,YOR337W,0,-5.8258224,0.04444444552063942,0.01904761977493763,0.04095238074660301
YLR258W,YJL213W,0,-5.8290725,0.043478261679410934,0.01904761977493763,0.041904762387275696
YOR116C,YJR063W,0,-5.8333697,0.042553190141916275,0.01904761977493763,0.04285714402794838
YOL019W,YDL133C-A,0,-5.835502,0.0416666679084301,0.01904761977493763,0.04380952566862106
YOR150W,YER108C,0,-5.8375344,0.040816325694322586,0.01904761977493763,0.04476190358400345
YLR410W-A,YHR214W,0,-5.838849,0.03999999910593033,0.01904761977493763,0.04571428522467613
YPR011C,YLR040C,0,-5.841818,0.03921568766236305,0.01904761977493763,0.046666666865348816
YLR433C,YGR080W,0,-5.8558474,0.03846153989434242,0.01904761977493763,0.0476190485060215
YBL005W-B,YHR171W,0,-5.857156,0.03773584961891174,0.01904761977493763,0.04857143014669418
YPR198W,YFR018C,0,-5.8574467,0.03703703731298447,0.01904761977493763,0.04952380806207657
YDL121C,YNL158W,0,-5.865603,0.036363635212183,0.01904761977493763,0.05047618970274925
YBL100W-B,YLR074C,0,-5.877004,0.0357142873108387,0.01904761977493763,0.051428571343421936
YGR004W,YPL141C,0,-5.8781743,0.035087719559669495,0.01904761977493763,0.05238095298409462
YDR400W,YLR432W,0,-5.8791394,0.03448275849223137,0.01904761977493763,0.0533333346247673
YDR449C,YDR177W,0,-5.8843493,0.033898305147886276,0.01904761977493763,0.05428571254014969
YOR343W-B,YGL004C,0,-5.8868527,0.03333333507180214,0.01904761977493763,0.05523809418082237
YDR365W-A,YEL062W,0,-5.8982015,0.032786883413791656,0.01904761977493763,0.056190475821495056
YGR161W-A,YLR115W,0,-5.900124,0.032258063554763794,0.01904761977493763,0.05714285746216774
YOR142W-B,YPR008W,0,-5.9028153,0.0317460335791111,0.01904761977493763,0.058095239102840424
YMR165C,YIR014W,0,-5.9096994,0.03125,0.01904761977493763,0.05904762074351311
YOR142W-B,YFL066C,0,-5.9102755,0.03076923079788685,0.01904761977493763,0.05999999865889549
YDR205W,YLR194C,0,-5.91065,0.03030303120613098,0.01904761977493763,0.060952380299568176
YOR192C-B,YMR295C,0,-5.9130445,0.02985074557363987,0.01904761977493763,0.06190476194024086
YDR316W-A,YNL274C,0,-5.9151587,0.029411764815449715,0.01904761977493763,0.06285714358091354
YMR012W,YHL009W-B,0,-5.917005,0.028985507786273956,0.01904761977493763,0.06380952149629593
YLR040C,YKL043W,0,-5.921018,0.02857142873108387,0.01904761977493763,0.06476190686225891
YJL062W-A,YCR054C,0,-5.927198,0.028169013559818268,0.01904761977493763,0.0657142847776413
YGR161W-B,YER142C,0,-5.927291,0.02777777798473835,0.01904761977493763,0.06666667014360428
YCL075W,YGL206C,0,-5.9284863,0.027397260069847107,0.01904761977493763,0.06761904805898666
YDR425W,YDR358W,1,-5.9285197,0.04054053872823715,0.02857142873108387,0.06761904805898666
YJL174W,YLR441C,0,-5.9295983,0.03999999910593033,0.02857142873108387,0.06857142597436905
YBR176W,YER110C,0,-5.9305453,0.03947368264198303,0.02857142873108387,0.06952381134033203
YGR161W-A,YBL069W,0,-5.931002,0.03896103799343109,0.02857142873108387,0.07047618925571442
YHR179W,YGL180W,0,-5.9372044,0.03846153989434242,0.02857142873108387,0.0714285746216774
YGL212W,YDR261W-A,0,-5.9405575,0.037974681705236435,0.02857142873108387,0.07238095253705978
YDR341C,YBL005W-B,0,-5.940859,0.03750000149011612,0.02857142873108387,0.07333333045244217
YIL167W,YHR119W,0,-5.9433794,0.03703703731298447,0.02857142873108387,0.07428571581840515
YPL021W,YHL009W-B,0,-5.9454026,0.03658536449074745,0.02857142873108387,0.07523809373378754
YGL168W,YDR170W-A,0,-5.9461756,0.03614457696676254,0.02857142873108387,0.07619047909975052
YPR158C-C,YPR125W,0,-5.9461913,0.0357142873108387,0.02857142873108387,0.0771428570151329
YER140W,YGL209W,0,-5.9480767,0.03529411926865578,0.02857142873108387,0.07809523493051529
YFR024C,YBR078W,0,-5.950829,0.03488372266292572,0.02857142873108387,0.07904762029647827
YDR135C,YDR261W-A,0,-5.9511323,0.03448275849223137,0.02857142873108387,0.07999999821186066
YGL093W,YDR316W-B,0,-5.952168,0.034090910106897354,0.02857142873108387,0.08095238357782364
YDR034C-C,YGL089C,0,-5.9535723,0.033707864582538605,0.02857142873108387,0.08190476149320602
YDR460W,YER138C,0,-5.9545674,0.03333333507180214,0.02857142873108387,0.08285713940858841
YJR110W,YHR214C-C,0,-5.9585547,0.032967034727334976,0.02857142873108387,0.08380952477455139
YOL165C,YBL029C-A,0,-5.9585547,0.032608695328235626,0.02857142873108387,0.08476190268993378
YCL055W,YHR214W-G,0,-5.9585547,0.032258063554763794,0.02857142873108387,0.08571428805589676
YCR097WB,YNL190W,0,-5.9585547,0.03191489353775978,0.02857142873108387,0.08666666597127914
YCR080W,YFR018C,0,-5.9585547,0.031578946858644485,0.02857142873108387,0.08761905133724213
YBL101W-B,YML060W,0,-5.9585547,0.03125,0.02857142873108387,0.08857142925262451
YDL117W,YDR210W-C,0,-5.9585547,0.030927835032343864,0.02857142873108387,0.0895238071680069
YDR014W-A,YMR304W,0,-5.9585547,0.030612245202064514,0.02857142873108387,0.09047619253396988
YOR396W,YHL009W-B,0,-5.9585547,0.03030303120613098,0.02857142873108387,0.09142857044935226
YHR214W-G,YKL064W,0,-5.9585547,0.029999999329447746,0.02857142873108387,0.09238095581531525
YJL133C-A,YLR147C,0,-5.9585547,0.029702970758080482,0.02857142873108387,0.09333333373069763
YBL029C-A,YLR312C-B,0,-5.9585547,0.029411764815449715,0.02857142873108387,0.09428571164608002
YLR410W-B,YER014C-A,0,-5.9585547,0.029126213863492012,0.02857142873108387,0.095238097012043
YDL070W,YBL101W-A,0,-5.9585547,0.028846153989434242,0.02857142873108387,0.09619047492742538
YMR105C,YBL101W-A,0,-5.9585547,0.02857142873108387,0.02857142873108387,0.09714286029338837
YGL129C,YHL026C,0,-5.9587083,0.028301887214183807,0.02857142873108387,0.09809523820877075
YBR241C,YGR268C,0,-5.9600515,0.028037382289767265,0.02857142873108387,0.09904761612415314
YCR060W,YPR158C-C,0,-5.960397,0.02777777798473835,0.02857142873108387,0.10000000149011612
YDR098C-B,YLR440C,0,-5.9630666,0.027522936463356018,0.02857142873108387,0.1009523794054985
YNL162W,YGR095C,0,-5.963387,0.027272727340459824,0.02857142873108387,0.10190476477146149
YMR314W,YDL134C-A,0,-5.963435,0.027027027681469917,0.02857142873108387,0.10285714268684387
YHR079C-B,YMR303C,0,-5.966156,0.02678571455180645,0.02857142873108387,0.10380952060222626
YOR384W,YER108C,0,-5.967403,0.02654867246747017,0.02857142873108387,0.10476190596818924
YCL012W,YOR391C,0,-5.9701624,0.02631578966975212,0.02857142873108387,0.10571428388357162
YPR174C,YPR125W,0,-5.970288,0.0260869562625885,0.02857142873108387,0.1066666692495346
YNL086W,YJL030W,0,-5.972357,0.0258620698004961,0.02857142873108387,0.10761904716491699
YDR397C,YDR210C-C,0,-5.9726186,0.025641025975346565,0.02857142873108387,0.10857142508029938
YNR061C,YIL035C,0,-5.9744077,0.025423727929592133,0.02857142873108387,0.10952381044626236
YDL215C,YHL009W-B,0,-5.9744325,0.02521008439362049,0.02857142873108387,0.11047618836164474
YCL043C,YGR027W-B,0,-5.9751344,0.02500000037252903,0.02857142873108387,0.11142857372760773
YDR482C,YHL015W,0,-5.9763894,0.024793388321995735,0.02857142873108387,0.11238095164299011
YKL029C,YDR476C,0,-5.979626,0.02459016442298889,0.02857142873108387,0.1133333370089531
YBR299W,YLR227W-B,0,-5.979928,0.024390242993831635,0.02857142873108387,0.11428571492433548
YNR019W,YGR109W-B,0,-5.9813313,0.024193547666072845,0.02857142873108387,0.11523809283971786
YJL021C,YDR093W,0,-5.981995,0.024000000208616257,0.02857142873108387,0.11619047820568085
YPL017C,YER174C,0,-5.982616,0.02380952425301075,0.02857142873108387,0.11714285612106323
YGR017W,YLL043W,0,-5.9845223,0.023622047156095505,0.02857142873108387,0.11809524148702621
YDR034C-C,YBR185C,0,-5.984722,0.0234375,0.02857142873108387,0.1190476194024086
YGR241C,YPR148C,0,-5.9853425,0.023255813866853714,0.02857142873108387,0.11999999731779099
YDR261W-B,YMR200W,0,-5.9868793,0.023076923564076424,0.02857142873108387,0.12095238268375397
YHR214C-C,YGR097W,0,-5.986918,0.022900763899087906,0.02857142873108387,0.12190476059913635
YGR178C,YGR251W,0,-5.9870324,0.022727273404598236,0.02857142873108387,0.12285714596509933
YGR161W-B,YMR076C,0,-5.988021,0.02255639061331749,0.02857142873108387,0.12380952388048172
YGR095C,YDR316W-A,0,-5.9911494,0.02238805964589119,0.02857142873108387,0.1247619017958641
YML104C,YGR055W,0,-5.9912014,0.02222222276031971,0.02857142873108387,0.1257142871618271
YDR022C,YLR227W-A,0,-5.9916854,0.022058824077248573,0.02857142873108387,0.12666666507720947
YNL217W,YIR011C,0,-5.9934525,0.021897809579968452,0.02857142873108387,0.12761904299259186
YER159C-A,YOL132W,0,-5.99547,0.021739130839705467,0.02857142873108387,0.12857143580913544
YDR380W,YLR256W-A,0,-5.9963126,0.02158273383975029,0.02857142873108387,0.12952381372451782
YKL199C,YBR036C,0,-5.998068,0.02142857201397419,0.02857142873108387,0.1304761916399002
YCL074W,YLR099C,0,-6.0001216,0.021276595070958138,0.02857142873108387,0.1314285695552826
YDL081C,YOR142W-A,0,-6.001037,0.0211267601698637,0.02857142873108387,0.13238094747066498
YHR079C-B,YKL096W-A,0,-6.001989,0.02097902074456215,0.02857142873108387,0.13333334028720856
YJL114W,YOR049C,0,-6.003449,0.02083333395421505,0.02857142873108387,0.13428571820259094
YJL140W,YCR097WB,0,-6.009542,0.02068965509533882,0.02857142873108387,0.13523809611797333
YGR205W,YGL028C,0,-6.0109105,0.02054794505238533,0.02857142873108387,0.1361904740333557
YKL199C,YKL108W,0,-6.011769,0.020408162847161293,0.02857142873108387,0.1371428519487381
YGL244W,YGR001C,0,-6.0204916,0.020270269364118576,0.02857142873108387,0.13809524476528168
YOL053C-A,YPR043W,0,-6.028045,0.020134227350354195,0.02857142873108387,0.13904762268066406
YLR390W-A,YLR446W,0,-6.028952,0.019999999552965164,0.02857142873108387,0.14000000059604645
YHR122W,YOR126C,0,-6.029189,0.01986755058169365,0.02857142873108387,0.14095237851142883
YDL070W,YHR079C-B,0,-6.0308175,0.019736841320991516,0.02857142873108387,0.14190475642681122
YOR206W,YGR162W,0,-6.0354824,0.019607843831181526,0.02857142873108387,0.1428571492433548
YER123W,YKL178C,0,-6.036901,0.019480518996715546,0.02857142873108387,0.14380952715873718
YBR271W,YPL173W,0,-6.0380516,0.019354838877916336,0.02857142873108387,0.14476190507411957
YCR097WB,YMR019W,0,-6.0396657,0.01923076994717121,0.02857142873108387,0.14571428298950195
YGL085W,YMR059W,0,-6.0434813,0.019108280539512634,0.02857142873108387,0.14666666090488434
YDR019C,YPR091C,0,-6.05012,0.018987340852618217,0.02857142873108387,0.14761905372142792
YFL011W-A,YHR118C,0,-6.052217,0.01886792480945587,0.02857142873108387,0.1485714316368103
YBR034C,YOR326W,0,-6.0529513,0.01875000074505806,0.02857142873108387,0.1495238095521927
YIR014W,YKL090W,0,-6.0549536,0.018633540719747543,0.02857142873108387,0.15047618746757507
YAL068C,YGR292W,0,-6.057694,0.018518518656492233,0.02857142873108387,0.15142856538295746
YPR204W,YFR003C,0,-6.072556,0.01840490847826004,0.02857142873108387,0.15238095819950104
YPL127C,YCL036W,0,-6.075417,0.018292682245373726,0.02857142873108387,0.15333333611488342
YMR165C,YFR010W,0,-6.07626,0.0181818176060915,0.02857142873108387,0.1542857140302658
YIL094C,YOL152W,0,-6.0793257,0.01807228848338127,0.02857142873108387,0.1552380919456482
YLR058C,YMR322C,0,-6.080587,0.01796407252550125,0.02857142873108387,0.15619046986103058
YDR332W,YKL096W-A,0,-6.08271,0.01785714365541935,0.02857142873108387,0.15714286267757416
YLR058C,YLR389C,0,-6.0853205,0.017751479521393776,0.02857142873108387,0.15809524059295654
YHR012W,YOR132W,1,-6.0859914,0.0235294122248888,0.03809523954987526,0.15809524059295654
YOL057W,YGR193C,0,-6.0867496,0.023391813039779663,0.03809523954987526,0.15904761850833893
YHR138C,YHR210C,0,-6.0870833,0.023255813866853714,0.03809523954987526,0.1599999964237213
YCR055C,YMR008C,0,-6.0938497,0.023121386766433716,0.03809523954987526,0.1609523743391037
YDR444W,YPR108W,0,-6.095018,0.02298850566148758,0.03809523954987526,0.16190476715564728
YGL050W,YCL026C-B,0,-6.1014466,0.022857142612338066,0.03809523954987526,0.16285714507102966
YDR545W,YMR239C,0,-6.1066236,0.022727273404598236,0.03809523954987526,0.16380952298641205
YER090W,YKL077W,0,-6.108516,0.02259887009859085,0.03809523954987526,0.16476190090179443
YDR297W,YNL138W-A,0,-6.109648,0.02247191034257412,0.03809523954987526,0.16571427881717682
YNR061C,YNL268W,0,-6.111263,0.022346368059515953,0.03809523954987526,0.1666666716337204
YNL227C,YHR029C,0,-6.1132617,0.02222222276031971,0.03809523954987526,0.16761904954910278
YLR433C,YIL009C-A,0,-6.1261873,0.0220994483679533,0.03809523954987526,0.16857142746448517
YHR215W,YBR233W-A,0,-6.1281753,0.021978022530674934,0.03809523954987526,0.16952380537986755
YLR330W,YMR050C,0,-6.130054,0.02185792289674282,0.03809523954987526,0.17047618329524994
YIL133C,YLR131C,0,-6.1334,0.021739130839705467,0.03809523954987526,0.17142857611179352
YLR467W,YNR003C,0,-6.1334367,0.021621622145175934,0.03809523954987526,0.1723809540271759
YDR160W,YCR058C,0,-6.1364484,0.02150537632405758,0.03809523954987526,0.1733333319425583
YJL066C,YOL120C,0,-6.136895,0.02139037474989891,0.03809523954987526,0.17428570985794067
YDL138W,YDL211C,0,-6.144399,0.021276595070958138,0.03809523954987526,0.17523810267448425
YDL121C,YLR246W,0,-6.1460204,0.021164020523428917,0.03809523954987526,0.17619048058986664
YGR071C,YMR318C,0,-6.147187,0.021052632480859756,0.03809523954987526,0.17714285850524902
YCR098C,YJL034W,0,-6.1478586,0.020942408591508865,0.03809523954987526,0.1780952364206314
YKL164C,YPL018W,0,-6.1514287,0.02083333395421505,0.03809523954987526,0.1790476143360138
YGR251W,YLR014C,0,-6.157847,0.020725388079881668,0.03809523954987526,0.18000000715255737
YPR198W,YDR252W,0,-6.1623683,0.020618556067347527,0.03809523954987526,0.18095238506793976
YJL054W,YGR285C,0,-6.163449,0.020512821152806282,0.03809523954987526,0.18190476298332214
YPR041W,YKL088W,0,-6.168343,0.020408162847161293,0.03809523954987526,0.18285714089870453
YJL106W,YGL141W,0,-6.168527,0.020304568111896515,0.03809523954987526,0.18380951881408691
YDL069C,YGL196W,0,-6.185797,0.020202020183205605,0.03809523954987526,0.1847619116306305
YNL084C,YMR087W,0,-6.1904683,0.02010050229728222,0.03809523954987526,0.18571428954601288
YMR268W-A,YBR146W,0,-6.1914864,0.019999999552965164,0.03809523954987526,0.18666666746139526
YGR255C,YPL189W,0,-6.1916213,0.019900497049093246,0.03809523954987526,0.18761904537677765
YBR097W,YKL011C,0,-6.1918473,0.019801979884505272,0.03809523954987526,0.18857142329216003
YNL063W,YHL026C,0,-6.1934156,0.019704433158040047,0.03809523954987526,0.1895238161087036
YDR033W,YPR155C,0,-6.196411,0.019607843831181526,0.03809523954987526,0.190476194024086
YMR142C,YPL098C,0,-6.1989126,0.019512195140123367,0.03809523954987526,0.19142857193946838
YHR036W,YJL059W,0,-6.199889,0.019417475908994675,0.03809523954987526,0.19238094985485077
YML045W,YKR100C,0,-6.204217,0.019323671236634254,0.03809523954987526,0.19333332777023315
YPR168W,YHR122W,0,-6.208223,0.01923076994717121,0.03809523954987526,0.19428572058677673
YDL114W,YDR427W,0,-6.2097874,0.019138755276799202,0.03809523954987526,0.19523809850215912
YER093C,YBL100W-B,0,-6.210722,0.01904761977493763,0.03809523954987526,0.1961904764175415
YCR053W,YGR158C,0,-6.2161765,0.01895734667778015,0.03809523954987526,0.1971428543329239
YBR034C,YOR378W,0,-6.220488,0.01886792480945587,0.03809523954987526,0.19809523224830627
YBL051C,YCL047C,0,-6.225187,0.018779342994093895,0.03809523954987526,0.19904762506484985
YBL010C,YGL206C,0,-6.2277284,0.018691588193178177,0.03809523954987526,0.20000000298023224
YIR023W,YIL139C,0,-6.2361846,0.01860465109348297,0.03809523954987526,0.20095238089561462
YDR449C,YHR009C,0,-6.236528,0.018518518656492233,0.03809523954987526,0.201904758810997
YML076C,YMR045C,0,-6.2374606,0.018433179706335068,0.03809523954987526,0.2028571367263794
YIL096C,YBR175W,0,-6.240456,0.01834862306714058,0.03809523954987526,0.20380952954292297
YBL010C,YGL068W,0,-6.2441087,0.01826483942568302,0.03809523954987526,0.20476190745830536
YGR054W,YMR045C,0,-6.245168,0.0181818176060915,0.03809523954987526,0.20571428537368774
YHR025W,YAL025C,0,-6.246345,0.018099548295140266,0.03809523954987526,0.20666666328907013
YGL039W,YOR233W,0,-6.247711,0.018018018454313278,0.03809523954987526,0.20761904120445251
YKR009C,YAR019C,0,-6.249487,0.017937220633029938,0.03809523954987526,0.2085714340209961
YLL002W,YGL027C,0,-6.250528,0.01785714365541935,0.03809523954987526,0.20952381193637848
YDL206W,YDR371W,0,-6.2532434,0.017777778208255768,0.03809523954987526,0.21047618985176086
YDR229W,YKL061W,0,-6.2551255,0.017699114978313446,0.03809523954987526,0.21142856776714325
YHR174W,YIL101C,0,-6.259594,0.017621144652366638,0.03809523954987526,0.21238094568252563
YHL047C,YIL139C,0,-6.260611,0.017543859779834747,0.03809523954987526,0.2133333384990692
YNR061C,YMR264W,0,-6.2617764,0.017467249184846878,0.03809523954987526,0.2142857164144516
YPL146C,YBR072W,0,-6.26419,0.017391303554177284,0.03809523954987526,0.21523809432983398
YPR048W,YOL002C,0,-6.2711587,0.017316017299890518,0.03809523954987526,0.21619047224521637
YPR095C,YHL017W,0,-6.2756805,0.017241379246115685,0.03809523954987526,0.21714285016059875
YJL057C,YFR030W,0,-6.2777257,0.017167381942272186,0.03809523954987526,0.21809524297714233
YNL339C,YCL029C,0,-6.280597,0.017094017937779427,0.03809523954987526,0.21904762089252472
YIL167W,YNL095C,0,-6.2807336,0.01702127605676651,0.03809523954987526,0.2199999988079071
YIL143C,YOL157C,0,-6.2840476,0.016949152573943138,0.03809523954987526,0.2209523767232895
YNL092W,YKL006C-A,0,-6.285803,0.016877636313438416,0.03809523954987526,0.22190475463867188
YER068W,YDL012C,0,-6.292954,0.016806723549962044,0.03809523954987526,0.22285714745521545
YIL006W,YOR251C,0,-6.2963557,0.016736401244997978,0.03809523954987526,0.22380952537059784
YBR058C-A,YGR145W,0,-6.300714,0.01666666753590107,0.03809523954987526,0.22476190328598022
YMR220W,YPL276W,0,-6.307368,0.016597511246800423,0.03809523954987526,0.2257142812013626
YMR282C,YER131W,0,-6.3091903,0.01652892492711544,0.03809523954987526,0.2266666740179062
YBR012W-A,YLR079W,0,-6.3161683,0.016460904851555824,0.03809523954987526,0.22761905193328857
YDR262W,YGR026W,0,-6.31739,0.016393441706895828,0.03809523954987526,0.22857142984867096
YPL097W,YJR120W,0,-6.3268666,0.016326529905200005,0.03809523954987526,0.22952380776405334
YCR045C,YMR163C,0,-6.3340044,0.016260161995887756,0.03809523954987526,0.23047618567943573
YNR071C,YGL142C,0,-6.334456,0.016194332391023636,0.03809523954987526,0.2314285784959793
YIL130W,YIL017W,0,-6.334685,0.016129031777381897,0.03809523954987526,0.2323809564113617
YPL092W,YLR278C,0,-6.3361325,0.01606425642967224,0.03809523954987526,0.23333333432674408
YBR156C,YLR352W,0,-6.3363605,0.01600000075995922,0.03809523954987526,0.23428571224212646
YDR329C,YGR072W,0,-6.340859,0.01593625545501709,0.03809523954987526,0.23523809015750885
YBR087W,YIL064W,0,-6.3418193,0.01587301678955555,0.03809523954987526,0.23619048297405243
YDR240C,YPL065W,0,-6.3421416,0.015810277312994003,0.03809523954987526,0.23714286088943481
YNL176C,YDR081C,0,-6.345504,0.015748031437397003,0.03809523954987526,0.2380952388048172
YGL103W,YLR103C,0,-6.359609,0.01568627543747425,0.03809523954987526,0.23904761672019958
YNL214W,YDR023W,0,-6.365422,0.015625,0.03809523954987526,0.23999999463558197
YNL130C,YER185W,0,-6.3665223,0.015564202331006527,0.03809523954987526,0.24095238745212555
YPL225W,YKL189W,0,-6.382462,0.01550387591123581,0.03809523954987526,0.24190476536750793
YBR020W,YJL114W,0,-6.386108,0.0154440151527524,0.03809523954987526,0.24285714328289032
YCR045C,YHR143W,0,-6.387325,0.015384615398943424,0.03809523954987526,0.2438095211982727
YJL149W,YER175C,0,-6.389553,0.015325670130550861,0.03809523954987526,0.2447618991136551
YLR143W,YML047C,0,-6.3897915,0.015267175622284412,0.03809523954987526,0.24571429193019867
YOR250C,YDR144C,0,-6.3936524,0.015209125354886055,0.03809523954987526,0.24666666984558105
YDR052C,YMR118C,0,-6.3986306,0.01515151560306549,0.03809523954987526,0.24761904776096344
YEL029C,YMR127C,0,-6.4040885,0.015094339847564697,0.03809523954987526,0.24857142567634583
YLR040C,YER143W,0,-6.409621,0.015037594363093376,0.03809523954987526,0.2495238035917282
YGR162W,YHR020W,0,-6.4103813,0.01498127356171608,0.03809523954987526,0.2504761815071106
YHR122W,YPR113W,0,-6.4127817,0.014925372786819935,0.03809523954987526,0.2514285743236542
YNL192W,YDR196C,0,-6.413872,0.014869888313114643,0.03809523954987526,0.25238096714019775
YOR057W,YNR032C-A,0,-6.4143195,0.014814814552664757,0.03809523954987526,0.25333333015441895
YIL061C,YOR310C,0,-6.415184,0.014760147780179977,0.03809523954987526,0.2542857229709625
YGR246C,YDR404C,0,-6.4159503,0.014705882407724857,0.03809523954987526,0.2552380859851837
YDR376W,YPR204W,0,-6.4189057,0.014652014710009098,0.03809523954987526,0.2561904788017273
YBR078W,YHR202W,0,-6.4221973,0.014598540030419827,0.03809523954987526,0.2571428716182709
YIL080W,YML030W,0,-6.4232993,0.014545454643666744,0.03809523954987526,0.25809523463249207
YNL050C,YNR044W,0,-6.4255414,0.014492753893136978,0.03809523954987526,0.25904762744903564
YOR236W,YLR045C,0,-6.426826,0.014440433122217655,0.03809523954987526,0.25999999046325684
YHL035C,YMR152W,0,-6.42768,0.014388489536941051,0.03809523954987526,0.2609523832798004
YJR098C,YOR372C,0,-6.4295087,0.01433691754937172,0.03809523954987526,0.261904776096344
YPR178W,YJL170C,0,-6.4307113,0.014285714365541935,0.03809523954987526,0.2628571391105652
YNL048W,YLR042C,0,-6.4334855,0.014234875328838825,0.03809523954987526,0.26380953192710876
YNL066W,YOR136W,0,-6.4409776,0.014184396713972092,0.03809523954987526,0.26476189494132996
YMR051C,YLR130C,0,-6.443568,0.01413427572697401,0.03809523954987526,0.26571428775787354
YJL097W,YPR016C,0,-6.4448366,0.014084506779909134,0.03809523954987526,0.2666666805744171
YDR358W,YDR137W,1,-6.445348,0.017543859779834747,0.0476190485060215,0.2666666805744171
YHR108W,YJL053W,1,-6.448116,0.02097902074456215,0.05714285746216774,0.2666666805744171
YNL339C,YMR270C,0,-6.4489207,0.02090592309832573,0.05714285746216774,0.2676190435886383
YDR425W,YHR012W,1,-6.4543605,0.0243055559694767,0.06666667014360428,0.2676190435886383
YNL081C,YML039W,0,-6.4573627,0.024221453815698624,0.06666667014360428,0.2685714364051819
YGL070C,YOR228C,0,-6.458799,0.02413793094456196,0.06666667014360428,0.2695237994194031
YHL047C,YNR067C,0,-6.4640393,0.024054983630776405,0.06666667014360428,0.27047619223594666
YDL123W,YML100W,0,-6.474193,0.02397260256111622,0.06666667014360428,0.27142858505249023
YBR183W,YDL148C,0,-6.4754224,0.02389078587293625,0.06666667014360428,0.2723809480667114
YJR070C,YHR154W,0,-6.4772353,0.02380952425301075,0.06666667014360428,0.273333340883255
YBL113C,YBR048W,0,-6.4780183,0.023728813976049423,0.06666667014360428,0.2742857038974762
YHR012W,YNR006W,1,-6.4783597,0.027027027681469917,0.07619047909975052,0.2742857038974762
YBR231C,YBR111W-A,0,-6.482675,0.02693602629005909,0.07619047909975052,0.2752380967140198
YDL035C,YER102W,0,-6.4836216,0.02684563770890236,0.07619047909975052,0.27619048953056335
YHR012W,YJL029C,1,-6.48487,0.03010033443570137,0.08571428805589676,0.27619048953056335
YJR026W,YAL023C,0,-6.485659,0.029999999329447746,0.08571428805589676,0.27714285254478455
YPL040C,YMR105C,0,-6.4856834,0.029900332912802696,0.08571428805589676,0.2780952453613281
YML097C,YJR063W,0,-6.488608,0.029801324009895325,0.08571428805589676,0.2790476083755493
YKR105C,YKR057W,0,-6.48951,0.029702970758080482,0.08571428805589676,0.2800000011920929
YMR166C,YOR009W,0,-6.491204,0.029605263844132423,0.08571428805589676,0.2809523940086365
YJR073C,YPL209C,0,-6.4917197,0.02950819581747055,0.08571428805589676,0.28190475702285767
YDR013W,YPR096C,0,-6.4935603,0.029411764815449715,0.08571428805589676,0.28285714983940125
YLR403W,YGR283C,0,-6.4952703,0.02931596152484417,0.08571428805589676,0.28380951285362244
YDR508C,YOR009W,0,-6.4963045,0.02922077849507332,0.08571428805589676,0.284761905670166
YOR155C,YGL068W,0,-6.497008,0.029126213863492012,0.08571428805589676,0.2857142984867096
YGR037C,YJR026W,0,-6.498778,0.029032258316874504,0.08571428805589676,0.2866666615009308
YJL110C,YDR064W,0,-6.4997506,0.028938906267285347,0.08571428805589676,0.28761905431747437
YML054C,YGR286C,0,-6.4998593,0.028846153989434242,0.08571428805589676,0.28857141733169556
YLR209C,YHR143W,0,-6.5020833,0.028753994032740593,0.08571428805589676,0.28952381014823914
YDL109C,YKR085C,0,-6.508475,0.02866242080926895,0.08571428805589676,0.2904762029647827
YNL238W,YHR089C,0,-6.5092926,0.02857142873108387,0.08571428805589676,0.2914285659790039
YLR244C,YPR118W,0,-6.510171,0.0284810122102499,0.08571428805589676,0.2923809587955475
YMR226C,YER056C-A,0,-6.5106516,0.028391167521476746,0.08571428805589676,0.2933333218097687
YOR357C,YDR227W,0,-6.5119596,0.028301887214183807,0.08571428805589676,0.29428571462631226
YER130C,YCL029C,0,-6.5124793,0.02821316570043564,0.08571428805589676,0.29523810744285583
YGR258C,YGL009C,0,-6.514371,0.02812499925494194,0.08571428805589676,0.296190470457077
YLR009W,YHR073W,0,-6.5180764,0.028037382289767265,0.08571428805589676,0.2971428632736206
YPL051W,YNL146W,0,-6.519774,0.027950311079621315,0.08571428805589676,0.2980952262878418
YPR081C,YIL096C,0,-6.524979,0.027863776311278343,0.08571428805589676,0.2990476191043854
YPR070W,YML045W,0,-6.52941,0.02777777798473835,0.08571428805589676,0.30000001192092896
YLR278C,YJL198W,0,-6.532991,0.02769230678677559,0.08571428805589676,0.30095237493515015
YIL170W,YER053C,0,-6.5330386,0.02760736271739006,0.08571428805589676,0.3019047677516937
YML057W,YDL119C,0,-6.5359435,0.027522936463356018,0.08571428805589676,0.3028571307659149
YDR399W,YGR085C,0,-6.5396047,0.027439024299383163,0.08571428805589676,0.3038095235824585
YHR108W,YLR039C,1,-6.540082,0.030395137146115303,0.095238097012043,0.3038095235824585
YGR238C,YHR129C,0,-6.5438066,0.03030303120613098,0.095238097012043,0.3047619163990021
YBR222C,YOR049C,0,-6.5443034,0.03021148033440113,0.095238097012043,0.30571427941322327
YMR319C,YHR153C,0,-6.546928,0.0301204826682806,0.095238097012043,0.30666667222976685
YDL087C,YJL089W,0,-6.556454,0.030030030757188797,0.095238097012043,0.30761903524398804
YDL206W,YBL079W,0,-6.5574975,0.02994011901319027,0.095238097012043,0.3085714280605316
YER143W,YDR545W,0,-6.56699,0.02985074557363987,0.095238097012043,0.3095238208770752
YNL094W,YHR096C,0,-6.5712523,0.02976190485060215,0.095238097012043,0.3104761838912964
YOL132W,YPL180W,0,-6.575683,0.029673591256141663,0.095238097012043,0.31142857670783997
YML037C,YDR296W,0,-6.5764766,0.02958579920232296,0.095238097012043,0.31238093972206116
YJL178C,YLR183C,0,-6.590056,0.029498524963855743,0.095238097012043,0.31333333253860474
YJR117W,YGR283C,0,-6.5917525,0.029411764815449715,0.095238097012043,0.3142857253551483
YNL151C,YGR221C,0,-6.602158,0.029325513169169426,0.095238097012043,0.3152380883693695
YER087W,YPL050C,0,-6.6092668,0.02923976629972458,0.095238097012043,0.3161904811859131
YBR034C,YJL198W,0,-6.6127467,0.029154518619179726,0.095238097012043,0.3171428442001343
YDL144C,YKR088C,0,-6.6144834,0.029069768264889717,0.095238097012043,0.31809523701667786
YGR223C,YNL274C,0,-6.620045,0.028985507786273956,0.095238097012043,0.31904762983322144
YBR118W,YDR430C,0,-6.622323,0.028901733458042145,0.095238097012043,0.3199999928474426
YBL056W,YGR165W,0,-6.631496,0.028818443417549133,0.095238097012043,0.3209523856639862
YOR069W,YHR108W,1,-6.631644,0.031609196215867996,0.10476190596818924,0.3209523856639862
YML106W,YBR131W,0,-6.631678,0.03151862323284149,0.10476190596818924,0.3219047486782074
YJL124C,YLR073C,0,-6.6320767,0.03142857179045677,0.10476190596818924,0.322857141494751
YDR425W,YGR142W,1,-6.6332507,0.03418803587555885,0.11428571492433548,0.322857141494751
YLR384C,YBR114W,0,-6.6364784,0.034090910106897354,0.11428571492433548,0.32380953431129456
YDR404C,YJL033W,0,-6.648437,0.03399433568120003,0.11428571492433548,0.32476189732551575
YCL048W,YFR032C-A,0,-6.650882,0.033898305147886276,0.11428571492433548,0.3257142901420593
YNL142W,YDL179W,0,-6.651652,0.0338028185069561,0.11428571492433548,0.3266666531562805
YHR105W,YBR085W,0,-6.6524496,0.033707864582538605,0.11428571492433548,0.3276190459728241
YMR048W,YML097C,0,-6.653498,0.03361344709992409,0.11428571492433548,0.3285714387893677
YDL204W,YLR054C,0,-6.6570315,0.03351955488324165,0.11428571492433548,0.32952380180358887
YBL113C,YML129C,0,-6.657965,0.033426184207201004,0.11428571492433548,0.33047619462013245
YOR132W,YKR020W,1,-6.671163,0.03611111268401146,0.12380952388048172,0.33047619462013245
YBR145W,YPL095C,0,-6.6718564,0.03601108118891716,0.12380952388048172,0.33142855763435364
YMR188C,YHR089C,0,-6.6756806,0.03591160103678703,0.12380952388048172,0.3323809504508972
YAL034W-A,YPR037C,0,-6.68115,0.03581267222762108,0.12380952388048172,0.3333333432674408
YML082W,YOR311C,0,-6.6811676,0.0357142873108387,0.12380952388048172,0.334285706281662
YPR010C,YNL066W,0,-6.7006574,0.0356164388358593,0.12380952388048172,0.33523809909820557
YMR315W,YDL100C,0,-6.702824,0.03551912680268288,0.12380952388048172,0.33619046211242676
YOR043W,YGR008C,0,-6.704434,0.035422343760728836,0.12380952388048172,0.33714285492897034
YER053C,YLR029C,0,-6.7089953,0.03532608598470688,0.12380952388048172,0.3380952477455139
YER060W-A,YAL060W,0,-6.71446,0.035230353474617004,0.12380952388048172,0.3390476107597351
YIL108W,YLR016C,0,-6.719462,0.03513513505458832,0.12380952388048172,0.3400000035762787
YPL129W,YOR216C,0,-6.7201657,0.03504043072462082,0.12380952388048172,0.3409523665904999
YDR129C,YML100W,0,-6.7230363,0.03494623675942421,0.12380952388048172,0.34190475940704346
YDR523C,YJR119C,0,-6.7258067,0.03485254570841789,0.12380952388048172,0.34285715222358704
YCL027W,YBR107C,0,-6.7292485,0.03475935757160187,0.12380952388048172,0.3438095152378082
YNL008C,YKL060C,0,-6.7310224,0.03466666489839554,0.12380952388048172,0.3447619080543518
YOL076W,YDL017W,0,-6.7339435,0.034574467688798904,0.12380952388048172,0.345714271068573
YJR015W,YJR151C,0,-6.734616,0.03448275849223137,0.12380952388048172,0.3466666638851166
YJL190C,YKL048C,0,-6.748319,0.034391533583402634,0.12380952388048172,0.34761905670166016
YNR037C,YLR343W,0,-6.748484,0.0343007929623127,0.12380952388048172,0.34857141971588135
YNR047W,YPR184W,0,-6.7500043,0.03421052545309067,0.12380952388048172,0.3495238125324249
YOR383C,YLR147C,0,-6.751498,0.03412073478102684,0.12380952388048172,0.3504762053489685
YDR444W,YIL153W,0,-6.7561517,0.03403141349554062,0.12380952388048172,0.3514285683631897
YPL252C,YMR243C,0,-6.7643657,0.033942557871341705,0.12380952388048172,0.3523809611797333
YPR173C,YDR461W,0,-6.7755117,0.0338541679084301,0.12380952388048172,0.35333332419395447
YBR028C,YHR082C,0,-6.7758756,0.033766232430934906,0.12380952388048172,0.35428571701049805
YGR174C,YLR045C,0,-6.782681,0.03367875516414642,0.12380952388048172,0.3552381098270416
YBL039C,YOR322C,0,-6.783748,0.03359173238277435,0.12380952388048172,0.3561904728412628
YHL031C,YLR223C,0,-6.7940593,0.0335051529109478,0.12380952388048172,0.3571428656578064
YML018C,YHL027W,0,-6.7941833,0.03341902419924736,0.12380952388048172,0.3580952286720276
YGL171W,YNL231C,0,-6.7965384,0.03333333507180214,0.12380952388048172,0.35904762148857117
YFR037C,YDL061C,0,-6.798933,0.03324808180332184,0.12380952388048172,0.36000001430511475
YCL008C,YHR099W,0,-6.799376,0.03316326439380646,0.12380952388048172,0.36095237731933594
YMR088C,YBR105C,0,-6.803758,0.0330788791179657,0.12380952388048172,0.3619047701358795
YFR016C,YER173W,0,-6.804932,0.03299492225050926,0.12380952388048172,0.3628571331501007
YNL095C,YMR026C,0,-6.8051314,0.03291139379143715,0.12380952388048172,0.3638095259666443
YLR157C,YKL058W,0,-6.805843,0.032828282564878464,0.12380952388048172,0.36476191878318787
YBR279W,YBR091C,0,-6.8083386,0.032745592296123505,0.12380952388048172,0.36571428179740906
YJR063W,YLR356W,0,-6.8128996,0.032663315534591675,0.12380952388048172,0.36666667461395264
YOL070C,YPR102C,0,-6.8223653,0.032581452280282974,0.12380952388048172,0.36761903762817383
YGL136C,YDL216C,0,-6.8228917,0.032499998807907104,0.12380952388048172,0.3685714304447174
YBL074C,YLR367W,0,-6.8250175,0.03241895139217377,0.12380952388048172,0.369523823261261
YLR360W,YLL011W,0,-6.82766,0.03233831003308296,0.12380952388048172,0.3704761862754822
YOR020C,YPR003C,0,-6.82996,0.032258063554763794,0.12380952388048172,0.37142857909202576
YOR257W,YNL132W,0,-6.831718,0.03217821940779686,0.12380952388048172,0.37238094210624695
YMR054W,YNL339C,0,-6.8335996,0.032098766416311264,0.12380952388048172,0.3733333349227905
YPL027W,YDR528W,0,-6.835015,0.03201970458030701,0.12380952388048172,0.3742857277393341
YNR027W,YOR272W,0,-6.835378,0.03194103017449379,0.12380952388048172,0.3752380907535553
YOL086C,YML045W,0,-6.835405,0.03186274692416191,0.12380952388048172,0.3761904835700989
YDR411C,YPL036W,0,-6.8421893,0.03178483992815018,0.12380952388048172,0.37714284658432007
YGR078C,YNL158W,0,-6.8432,0.031707316637039185,0.12380952388048172,0.37809523940086365
YKL032C,YHR129C,0,-6.843986,0.03163016960024834,0.12380952388048172,0.3790476322174072
YHR086W,YBR159W,0,-6.848435,0.031553398817777634,0.12380952388048172,0.3799999952316284
YER176W,YIL019W,0,-6.8592277,0.03147699683904648,0.12380952388048172,0.380952388048172
YML054C,YHL032C,0,-6.8612742,0.03140096738934517,0.12380952388048172,0.3819047510623932
YFR040W,YGL027C,0,-6.8621087,0.03132530301809311,0.12380952388048172,0.38285714387893677
YNL095C,YPL173W,0,-6.862246,0.03125,0.12380952388048172,0.38380953669548035
YLR359W,YDL129W,0,-6.8625546,0.03117506019771099,0.12380952388048172,0.38476189970970154
YDR404C,YPR097W,0,-6.8639426,0.031100478023290634,0.12380952388048172,0.3857142925262451
YJL097W,YNL096C,0,-6.868408,0.03102625347673893,0.12380952388048172,0.3866666555404663
YNR057C,YKL090W,0,-6.8786125,0.03095238097012043,0.12380952388048172,0.3876190483570099
YDR270W,YOL112W,0,-6.880219,0.030878860503435135,0.12380952388048172,0.38857144117355347
YBR187W,YGL206C,0,-6.882054,0.030805686488747597,0.12380952388048172,0.38952380418777466
YJL206C,YLR078C,0,-6.883359,0.030732860788702965,0.12380952388048172,0.39047619700431824
YDL022W,YGL119W,0,-6.8851466,0.03066037781536579,0.12380952388048172,0.39142856001853943
YPL253C,YMR059W,0,-6.890218,0.030588235706090927,0.12380952388048172,0.392380952835083
YOR179C,YLR061W,0,-6.8904014,0.030516432598233223,0.12380952388048172,0.3933333456516266
YDL189W,YDL206W,0,-6.8942895,0.03044496476650238,0.12380952388048172,0.3942857086658478
YDR270W,YKL029C,0,-6.8952284,0.0303738322108984,0.12380952388048172,0.39523810148239136
YGR142W,YNR006W,1,-6.901614,0.032634031027555466,0.13333334028720856,0.39523810148239136
YGR142W,YKR020W,1,-6.904658,0.03488372266292572,0.1428571492433548,0.39523810148239136
YBL005W,YGR296W,0,-6.9075217,0.03480278328061104,0.1428571492433548,0.39619046449661255
YOR207C,YNR019W,0,-6.912131,0.0347222238779068,0.1428571492433548,0.39714285731315613
YML109W,YPL048W,0,-6.9139476,0.03464203327894211,0.1428571492433548,0.3980952501296997
YGR088W,YDR122W,0,-6.917093,0.034562211483716965,0.1428571492433548,0.3990476131439209
YLR442C,YPL087W,0,-6.9194274,0.03448275849223137,0.1428571492433548,0.4000000059604645
YDR032C,YCR054C,0,-6.920138,0.03440367057919502,0.1428571492433548,0.40095236897468567
YNL016W,YDR150W,0,-6.9249773,0.03432494401931763,0.1428571492433548,0.40190476179122925
YJR149W,YNR044W,0,-6.928175,0.034246575087308884,0.1428571492433548,0.4028571546077728
YDR358W,YGR142W,1,-6.9285407,0.0364464707672596,0.15238095819950104,0.4028571546077728
YDR283C,YHR099W,0,-6.92915,0.036363635212183,0.15238095819950104,0.403809517621994
YML011C,YMR233W,0,-6.929738,0.03628117963671684,0.15238095819950104,0.4047619104385376
YML107C,YOR382W,0,-6.930068,0.03619909659028053,0.15238095819950104,0.4057142734527588
YLL029W,YGL135W,0,-6.930683,0.03611738234758377,0.15238095819950104,0.40666666626930237
YMR221C,YER031C,0,-6.9322267,0.036036036908626556,0.15238095819950104,0.40761905908584595
YJL162C,YBR048W,0,-6.940151,0.03595505654811859,0.15238095819950104,0.40857142210006714
YPR073C,YIL123W,0,-6.9404263,0.035874441266059875,0.15238095819950104,0.4095238149166107
YNR006W,YHR108W,1,-6.946786,0.03803132101893425,0.16190476715564728,0.4095238149166107
YOR155C,YGL241W,0,-6.9499984,0.0379464291036129,0.16190476715564728,0.4104761779308319
YDL229W,YOR143C,0,-6.9533725,0.03786191716790199,0.16190476715564728,0.4114285707473755
YIL076W,YCL054W,0,-6.9630504,0.03777777776122093,0.16190476715564728,0.41238096356391907
YNL123W,YNL086W,0,-6.964347,0.037694014608860016,0.16190476715564728,0.41333332657814026
YIL148W,YBR162C,0,-6.982885,0.03761062026023865,0.16190476715564728,0.41428571939468384
YHR108W,YDL113C,1,-6.9869614,0.0397351011633873,0.17142857611179352,0.41428571939468384
YHR110W,YLR466W,0,-6.9889503,0.039647575467824936,0.17142857611179352,0.41523808240890503
YCR024C,YGR035C,0,-6.992533,0.03956044092774391,0.17142857611179352,0.4161904752254486
YKR053C,YEL020W-A,0,-6.9944315,0.03947368264198303,0.17142857611179352,0.4171428680419922
YPL022W,YDL127W,0,-6.9946322,0.039387308061122894,0.17142857611179352,0.4180952310562134
YML043C,YGR135W,0,-6.994764,0.0393013097345829,0.17142857611179352,0.41904762387275696
YOR132W,YHR108W,1,-6.997376,0.04139433428645134,0.18095238506793976,0.41904762387275696
YNL176C,YJL033W,0,-6.9978967,0.041304346174001694,0.18095238506793976,0.41999998688697815
YFL056C,YBL079W,0,-7.004315,0.041214749217033386,0.18095238506793976,0.42095237970352173
YDL017W,YPR047W,0,-7.008294,0.04112553969025612,0.18095238506793976,0.4219047725200653
YCR040W,YEL018W,0,-7.0090375,0.04103671759366989,0.18095238506793976,0.4228571355342865
YHR108W,YKR020W,1,-7.012401,0.043103449046611786,0.190476194024086,0.4228571355342865
YDR329C,YGL227W,0,-7.0132313,0.04301075264811516,0.190476194024086,0.4238095283508301
YMR099C,YIL134W,0,-7.0161777,0.042918454855680466,0.190476194024086,0.42476189136505127
YHR012W,YGR142W,1,-7.0269504,0.044967878609895706,0.20000000298023224,0.42476189136505127
YOR313C,YHR190W,0,-7.0270915,0.044871795922517776,0.20000000298023224,0.42571428418159485
YBL041W,YPL209C,0,-7.034555,0.04477611929178238,0.20000000298023224,0.4266666769981384
YDR320C,YGL096W,0,-7.037061,0.04468085244297981,0.20000000298023224,0.4276190400123596
YOR119C,YDR256C,0,-7.039349,0.04458598792552948,0.20000000298023224,0.4285714328289032
YDR012W,YDL056W,0,-7.0394816,0.04449152573943138,0.20000000298023224,0.4295237958431244
YIR026C,YJL186W,0,-7.0433316,0.04439746215939522,0.20000000298023224,0.43047618865966797
YOR383C,YOR071C,0,-7.0507693,0.04430379718542099,0.20000000298023224,0.43142858147621155
YER137C,YNL055C,0,-7.0543323,0.0442105270922184,0.20000000298023224,0.43238094449043274
YBR095C,YIL155C,0,-7.0557504,0.04411764815449715,0.20000000298023224,0.4333333373069763
YDL227C,YLR075W,0,-7.056001,0.044025156646966934,0.20000000298023224,0.4342857003211975
YGR134W,YDL140C,0,-7.0685105,0.04393305256962776,0.20000000298023224,0.4352380931377411
YGL189C,YER014C-A,0,-7.073973,0.04384133592247963,0.20000000298023224,0.43619048595428467
YNL335W,YLR343W,0,-7.0744157,0.04374999925494194,0.20000000298023224,0.43714284896850586
YDL189W,YJL124C,0,-7.0782056,0.043659042567014694,0.20000000298023224,0.43809524178504944
YMR269W,YDR044W,0,-7.080349,0.04356846585869789,0.20000000298023224,0.43904760479927063
YGL212W,YPR152C,0,-7.0828667,0.043478261679410934,0.20000000298023224,0.4399999976158142
YDL179W,YGL027C,0,-7.083733,0.043388430029153824,0.20000000298023224,0.4409523904323578
YDR345C,YHR076W,0,-7.085641,0.04329897090792656,0.20000000298023224,0.441904753446579
YBR193C,YER023W,0,-7.096327,0.043209876865148544,0.20000000298023224,0.44285714626312256
YBR030W,YOL069W,0,-7.097241,0.04312115162611008,0.20000000298023224,0.44380950927734375
YDR103W,YOR246C,0,-7.1083827,0.04303278774023056,0.20000000298023224,0.44476190209388733
YFR001W,YOR106W,0,-7.1111255,0.042944785207509995,0.20000000298023224,0.4457142949104309
YMR282C,YDL055C,0,-7.11185,0.04285714402794838,0.20000000298023224,0.4466666579246521
YJL200C,YLR102C,0,-7.1151133,0.04276985675096512,0.20000000298023224,0.4476190507411957
YDR358W,YDR456W,1,-7.117562,0.04471544548869133,0.20952381193637848,0.4476190507411957
YIL030C,YJR123W,0,-7.1216187,0.04462474584579468,0.20952381193637848,0.44857141375541687
YHR029C,YGR224W,0,-7.122392,0.044534411281347275,0.20952381193637848,0.44952380657196045
YHR012W,YLR039C,1,-7.124204,0.046464648097753525,0.21904762089252472,0.44952380657196045
YEL069C,YPL195W,0,-7.1261144,0.0463709682226181,0.21904762089252472,0.45047619938850403
YDR021W,YOL132W,0,-7.1292596,0.046277664601802826,0.21904762089252472,0.4514285624027252
YMR176W,YDR211W,0,-7.132122,0.046184737235307693,0.21904762089252472,0.4523809552192688
YBR035C,YBR054W,0,-7.134614,0.046092186123132706,0.21904762089252472,0.4533333480358124
YLR312W-A,YBR037C,0,-7.136452,0.04600000008940697,0.21904762089252472,0.45428571105003357
YDR246W,YER165W,0,-7.137932,0.045908182859420776,0.21904762089252472,0.45523810386657715
YOR382W,YML128C,0,-7.139044,0.04581673443317413,0.21904762089252472,0.45619046688079834
YHL012W,YHR081W,0,-7.14181,0.04572564736008644,0.21904762089252472,0.4571428596973419
YBR118W,YGL027C,0,-7.143929,0.0456349216401577,0.21904762089252472,0.4580952525138855
YDR304C,YNR032C-A,0,-7.1479216,0.04554455354809761,0.21904762089252472,0.4590476155281067
YPR163C,YOR212W,0,-7.150751,0.04545454680919647,0.21904762089252472,0.46000000834465027
YPR067W,YBR299W,0,-7.152244,0.04536489024758339,0.21904762089252472,0.46095237135887146
YJR135W-A,YML028W,0,-7.153919,0.04527559131383896,0.21904762089252472,0.46190476417541504
YHR012W,YDR137W,1,-7.1548686,0.04715127870440483,0.22857142984867096,0.46190476417541504
YDR297W,YOL061W,0,-7.1598287,0.0470588244497776,0.22857142984867096,0.4628571569919586
YPR102C,YNL284C,0,-7.162866,0.046966731548309326,0.22857142984867096,0.4638095200061798
YDR126W,YDR238C,0,-7.1637607,0.046875,0.22857142984867096,0.4647619128227234
YGR099W,YHL015W,0,-7.1708302,0.046783626079559326,0.22857142984867096,0.4657142758369446
YOL158C,YML127W,0,-7.177295,0.046692606061697006,0.22857142984867096,0.46666666865348816
YDR451C,YJR073C,0,-7.177997,0.04660193994641304,0.22857142984867096,0.46761906147003174
YNL066W,YJL192C,0,-7.1787763,0.04651162773370743,0.22857142984867096,0.46857142448425293
YDR358W,YNR006W,1,-7.1799703,0.04835589975118637,0.2380952388048172,0.46857142448425293
YKL014C,YPL127C,0,-7.181165,0.048262547701597214,0.2380952388048172,0.4695238173007965
YDR259C,YGL200C,0,-7.183334,0.04816955700516701,0.2380952388048172,0.4704761803150177
YGR116W,YMR223W,0,-7.191769,0.048076923936605453,0.2380952388048172,0.4714285731315613
YBR297W,YLL018C,0,-7.1925097,0.04798464477062225,0.2380952388048172,0.47238096594810486
YPR113W,YER044C-A,0,-7.193437,0.04789271950721741,0.2380952388048172,0.47333332896232605
YDR137W,YKR020W,1,-7.1958966,0.049713194370269775,0.24761904776096344,0.47333332896232605
YPR063C,YHL044W,0,-7.201134,0.049618322402238846,0.24761904776096344,0.47428572177886963
YDR138W,YDL217C,0,-7.202652,0.04952380806207657,0.24761904776096344,0.4752380847930908
YPL127C,YJL208C,0,-7.2090864,0.04942965880036354,0.24761904776096344,0.4761904776096344
YMR036C,YDL179W,0,-7.2106853,0.04933586344122887,0.24761904776096344,0.477142870426178
YKR103W,YER023W,0,-7.211023,0.049242425709962845,0.24761904776096344,0.47809523344039917
YJL029C,YDR358W,1,-7.21606,0.051039695739746094,0.2571428716182709,0.47809523344039917
YMR054W,YHR142W,0,-7.2175765,0.05094339698553085,0.2571428716182709,0.47904762625694275
YPL223C,YMR078C,0,-7.218437,0.050847455859184265,0.2571428716182709,0.47999998927116394
YHR105W,YMR304W,0,-7.2216187,0.050751879811286926,0.2571428716182709,0.4809523820877075
YLR382C,YGL200C,0,-7.225022,0.05065666139125824,0.2571428716182709,0.4819047749042511
YGR052W,YLR239C,0,-7.2268987,0.05056179687380791,0.2571428716182709,0.4828571379184723
YNR006W,YKR020W,1,-7.2394733,0.052336446940898895,0.2666666805744171,0.4828571379184723
YBR164C,YPR120C,0,-7.241938,0.05223880708217621,0.2666666805744171,0.48380953073501587
YNL182C,YJR131W,0,-7.246584,0.05214152857661247,0.2666666805744171,0.48476189374923706
YJL129C,YLR258W,0,-7.247706,0.05204461142420769,0.2666666805744171,0.48571428656578064
YNL110C,YAR042W,0,-7.2497206,0.051948051899671555,0.2666666805744171,0.4866666793823242
YHR012W,YDL113C,1,-7.2551646,0.05370370298624039,0.27619048953056335,0.4866666793823242
YPL224C,YNL012W,0,-7.260297,0.05360443517565727,0.27619048953056335,0.4876190423965454
YNR057C,YBR189W,0,-7.263295,0.053505536168813705,0.27619048953056335,0.488571435213089
YNR045W,YLR263W,0,-7.265162,0.05340699851512909,0.27619048953056335,0.4895237982273102
YDR425W,YOR132W,1,-7.269801,0.05514705926179886,0.2857142984867096,0.4895237982273102
YGL259W,YDR435C,0,-7.276268,0.055045872926712036,0.2857142984867096,0.49047619104385376
YHR012W,YJL053W,1,-7.2763567,0.05677655711770058,0.29523810744285583,0.49047619104385376
YBR176W,YDR402C,0,-7.2767262,0.05667275935411453,0.29523810744285583,0.49142858386039734
YOL156W,YKR058W,0,-7.279058,0.05656934157013893,0.29523810744285583,0.49238094687461853
YLR185W,YMR290C,0,-7.280558,0.05646630376577377,0.29523810744285583,0.4933333396911621
YDR358W,YLR039C,1,-7.2830534,0.05818181857466698,0.3047619163990021,0.4933333396911621
YNL199C,YDL227C,0,-7.283825,0.058076225221157074,0.3047619163990021,0.4942857027053833
YOR155C,YOL069W,0,-7.292326,0.05797101557254791,0.3047619163990021,0.4952380955219269
YMR285C,YPL220W,0,-7.292435,0.057866185903549194,0.3047619163990021,0.49619048833847046
YKL164C,YDL078C,0,-7.295795,0.05776173248887062,0.3047619163990021,0.49714285135269165
YPL226W,YPL252C,0,-7.299135,0.05765765905380249,0.3047619163990021,0.49809524416923523
YGR142W,YHR108W,1,-7.3041544,0.05935251712799072,0.3142857253551483,0.49809524416923523
YLR247C,YDR227W,0,-7.308144,0.05924595892429352,0.3142857253551483,0.4990476071834564
YEL005C,YEL038W,0,-7.3113046,0.059139784425497055,0.3142857253551483,0.5
YGR244C,YGR271W,0,-7.315612,0.059033989906311035,0.3142857253551483,0.5009523630142212
YIL130W,YJR104C,0,-7.3160605,0.05892857164144516,0.3142857253551483,0.5019047856330872
YIR006C,YMR059W,0,-7.316843,0.05882352963089943,0.3142857253551483,0.5028571486473083
YPR122W,YPL144W,0,-7.32064,0.058718860149383545,0.3142857253551483,0.5038095116615295
YFL033C,YDL101C,0,-7.3210073,0.05861456319689751,0.3142857253551483,0.5047619342803955
YHR206W,YFL054C,0,-7.3274145,0.058510638773441315,0.3142857253551483,0.5057142972946167
YOR239W,YKR099W,0,-7.328031,0.05840707942843437,0.3142857253551483,0.5066666603088379
YAL043C,YPL202C,0,-7.3314314,0.05830388516187668,0.3142857253551483,0.5076190233230591
YBR050C,YIL113W,0,-7.33748,0.05820105969905853,0.3142857253551483,0.508571445941925
YEL019C,YOR271C,0,-7.3386626,0.05809859186410904,0.3142857253551483,0.5095238089561462
YBR150C,YGL243W,0,-7.3390927,0.0579964853823185,0.3142857253551483,0.5104761719703674
YHL024W,YDR304C,0,-7.339313,0.057894736528396606,0.3142857253551483,0.5114285945892334
YIR012W,YMR272C,0,-7.3429637,0.05779334530234337,0.3142857253551483,0.5123809576034546
YNL302C,YPL226W,0,-7.343477,0.057692307978868484,0.3142857253551483,0.5133333206176758
YOL104C,YIL137C,0,-7.3502603,0.057591624557971954,0.3142857253551483,0.5142857432365417
YMR169C,YPL213W,0,-7.3659196,0.05749128758907318,0.3142857253551483,0.5152381062507629
YHR012W,YOR069W,1,-7.3683343,0.059130433946847916,0.32380953431129456,0.5152381062507629
YHR168W,YCR020C,0,-7.3685555,0.0590277761220932,0.32380953431129456,0.5161904692649841
YGL168W,YHR119W,0,-7.3704762,0.05892547592520714,0.32380953431129456,0.5171428322792053
YDR150W,YPL085W,0,-7.378998,0.05882352963089943,0.32380953431129456,0.5180952548980713
YDR217C,YEL044W,0,-7.385618,0.058721933513879776,0.32380953431129456,0.5190476179122925
YDR358W,YJL053W,1,-7.387678,0.06034482643008232,0.3333333432674408,0.5190476179122925
YGR086C,YKL173W,0,-7.3904777,0.0602409653365612,0.3333333432674408,0.5199999809265137
YDL247W,YNL322C,0,-7.3957696,0.06013745814561844,0.3333333432674408,0.5209524035453796
YDR404C,YOL059W,0,-7.39603,0.06003430485725403,0.3333333432674408,0.5219047665596008
YNL032W,YJL141C,0,-7.3970785,0.05993150547146797,0.3333333432674408,0.522857129573822
YCR065W,YCL067C,0,-7.4029984,0.05982905998826027,0.3333333432674408,0.523809552192688
YPL091W,YNR043W,0,-7.4068837,0.059726960957050323,0.3333333432674408,0.5247619152069092
YOR127W,YMR038C,0,-7.410636,0.05962521210312843,0.3333333432674408,0.5257142782211304
YDR177W,YPL038W,0,-7.4176674,0.0595238097012043,0.3333333432674408,0.5266666412353516
YLR433C,YAL013W,0,-7.418323,0.059422750025987625,0.3333333432674408,0.5276190638542175
YPR133W-A,YAR007C,0,-7.419983,0.05932203307747841,0.3333333432674408,0.5285714268684387
YMR223W,YBR067C,0,-7.419993,0.05922165885567665,0.3333333432674408,0.5295237898826599
YDR005C,YDR326C,0,-7.432096,0.059121619910001755,0.3333333432674408,0.5304762125015259
YIR031C,YPR194C,0,-7.4327545,0.05902192369103432,0.3333333432674408,0.5314285755157471
YLR151C,YGL213C,0,-7.434873,0.05892255902290344,0.3333333432674408,0.5323809385299683
YGR181W,YDR244W,0,-7.43698,0.05882352963089943,0.3333333432674408,0.5333333611488342
YBR243C,YMR182C,0,-7.4379354,0.05872483178973198,0.3333333432674408,0.5342857241630554
YDR083W,YER173W,0,-7.4405255,0.05862646549940109,0.3333333432674408,0.5352380871772766
YBL092W,YGR118W,0,-7.4413276,0.05852842703461647,0.3333333432674408,0.5361904501914978
YKL203C,YJR101W,0,-7.4427705,0.05843071639537811,0.3333333432674408,0.5371428728103638
YHR092C,YDL120W,0,-7.443006,0.05833333358168602,0.3333333432674408,0.538095235824585
YCL027W,YDL017W,0,-7.444631,0.058236271142959595,0.3333333432674408,0.5390475988388062
YLL021W,YLR054C,0,-7.446177,0.058139536529779434,0.3333333432674408,0.5400000214576721
YPL078C,YDL017W,0,-7.4493613,0.05804311856627464,0.3333333432674408,0.5409523844718933
YGL136C,YLR165C,0,-7.4576845,0.05794702097773552,0.3333333432674408,0.5419047474861145
YOR391C,YHR109W,0,-7.459456,0.057851240038871765,0.3333333432674408,0.5428571701049805
YDR231C,YPL096W,0,-7.4636827,0.05775577574968338,0.3333333432674408,0.5438095331192017
YBR129C,YNL158W,0,-7.464811,0.057660624384880066,0.3333333432674408,0.5447618961334229
YOR193W,YBR166C,0,-7.468802,0.05756578966975212,0.3333333432674408,0.545714259147644
YDR410C,YGR162W,0,-7.469128,0.05747126415371895,0.3333333432674408,0.54666668176651
YOL052C,YLR316C,0,-7.470095,0.05737704783678055,0.3333333432674408,0.5476190447807312
YNL153C,YDR534C,0,-7.4734783,0.05728314071893692,0.3333333432674408,0.5485714077949524
YGL098W,YIL009W,0,-7.4761453,0.057189542800188065,0.3333333432674408,0.5495238304138184
YOR020C,YJL190C,0,-7.4835486,0.057096246629953384,0.3333333432674408,0.5504761934280396
YGR142W,YDR137W,1,-7.4874167,0.05863192304968834,0.34285715222358704,0.5504761934280396
YDR039C,YPL031C,0,-7.4906535,0.0585365854203701,0.34285715222358704,0.5514285564422607
YPL017C,YJL178C,0,-7.491939,0.05844155699014664,0.34285715222358704,0.5523809790611267
YMR306W,YHR030C,0,-7.497226,0.058346837759017944,0.34285715222358704,0.5533333420753479
YOL126C,YHR004C,0,-7.501703,0.058252427726984024,0.34285715222358704,0.5542857050895691
YPL226W,YOL135C,0,-7.5032496,0.05815831944346428,0.34285715222358704,0.5552380681037903
YEL002C,YLR288C,0,-7.503307,0.05806451663374901,0.34285715222358704,0.5561904907226562
YNL129W,YHR164C,0,-7.504859,0.05797101557254791,0.34285715222358704,0.5571428537368774
YJL057C,YML088W,0,-7.5055623,0.057877812534570694,0.34285715222358704,0.5580952167510986
YGL238W,YNR057C,0,-7.5115485,0.05778491124510765,0.34285715222358704,0.5590476393699646
YDR425W,YJL053W,1,-7.511699,0.05929487198591232,0.3523809611797333,0.5590476393699646
YOR192C,YNL111C,0,-7.512789,0.05920000001788139,0.3523809611797333,0.5600000023841858
YJL058C,YBR233W-A,0,-7.518647,0.05910542979836464,0.3523809611797333,0.560952365398407
YMR274C,YAL060W,0,-7.519203,0.05901116505265236,0.3523809611797333,0.561904788017273
YDR301W,YNL020C,0,-7.527441,0.058917198330163956,0.3523809611797333,0.5628571510314941
YNL293W,YGL028C,0,-7.5275373,0.05882352963089943,0.3523809611797333,0.5638095140457153
YDR425W,YDL113C,1,-7.5278363,0.06031746044754982,0.3619047701358795,0.5638095140457153
YDR137W,YNR006W,1,-7.5328336,0.061806656420230865,0.37142857909202576,0.5638095140457153
YJL029C,YHR108W,1,-7.533641,0.06329113990068436,0.380952388048172,0.5638095140457153
YGR142W,YLR039C,1,-7.5341287,0.06477092951536179,0.39047619700431824,0.5638095140457153
YMR008C,YAL041W,0,-7.53904,0.06466876715421677,0.39047619700431824,0.5647618770599365
YLL018C-A,YOR357C,0,-7.5398884,0.06456693261861801,0.39047619700431824,0.5657142996788025
YGR263C,YCL063W,0,-7.540073,0.06446541100740433,0.39047619700431824,0.5666666626930237
YML092C,YKL210W,0,-7.5489864,0.06436420977115631,0.39047619700431824,0.5676190257072449
YGL112C,YPR001W,0,-7.554938,0.06426332145929337,0.39047619700431824,0.5685714483261108
YLR039C,YKR020W,1,-7.5580335,0.06572769582271576,0.4000000059604645,0.5685714483261108
YHR064C,YDL017W,0,-7.56489,0.06562499701976776,0.4000000059604645,0.569523811340332
YGR142W,YOR132W,1,-7.5770407,0.06708268076181412,0.4095238149166107,0.569523811340332
YIL156W,YGL147C,0,-7.57754,0.06697819381952286,0.4095238149166107,0.5704761743545532
YJR083C,YOR045W,0,-7.577686,0.06687402725219727,0.4095238149166107,0.5714285969734192
YGL186C,YDR072C,0,-7.5786266,0.06677018851041794,0.4095238149166107,0.5723809599876404
YHR044C,YGL016W,0,-7.5798473,0.06666667014360428,0.4095238149166107,0.5733333230018616
YGL084C,YJL187C,0,-7.5800176,0.06656346470117569,0.4095238149166107,0.5742856860160828
YFL056C,YKL217W,0,-7.5806637,0.06646058708429337,0.4095238149166107,0.5752381086349487
YMR013C,YDL100C,0,-7.5816607,0.06635802239179611,0.4095238149166107,0.5761904716491699
YPL154C,YLR350W,0,-7.583168,0.06625577807426453,0.4095238149166107,0.5771428346633911
YLR039C,YJL053W,1,-7.5850854,0.06769230961799622,0.41904762387275696,0.5771428346633911
YNL330C,YAL017W,0,-7.586634,0.06758832931518555,0.41904762387275696,0.5780952572822571
YHR012W,YHR108W,1,-7.592463,0.0690184012055397,0.4285714328289032,0.5780952572822571
YKL053C-A,YDR421W,0,-7.594997,0.06891270726919174,0.4285714328289032,0.5790476202964783
YOR132W,YDR137W,1,-7.5974345,0.07033639401197433,0.43809524178504944,0.5790476202964783
YNR027W,YMR165C,0,-7.6076794,0.07022900879383087,0.43809524178504944,0.5799999833106995
YDR402C,YPL075W,0,-7.608071,0.07012195140123367,0.43809524178504944,0.5809524059295654
YHR168W,YML048W,0,-7.6139684,0.07001522183418274,0.43809524178504944,0.5819047689437866
YGR058W,YDR022C,0,-7.6155667,0.06990881264209747,0.43809524178504944,0.5828571319580078
YMR117C,YNL049C,0,-7.6166754,0.06980273127555847,0.43809524178504944,0.583809494972229
YER090W,YJR143C,0,-7.6180205,0.06969697028398514,0.43809524178504944,0.584761917591095
YJR139C,YOL065C,0,-7.6222396,0.06959152966737747,0.43809524178504944,0.5857142806053162
YBR169C,YLR223C,0,-7.626365,0.06948640197515488,0.43809524178504944,0.5866666436195374
YNR006W,YLR039C,1,-7.628187,0.0708898976445198,0.4476190507411957,0.5866666436195374
YJR065C,YDL091C,0,-7.6307917,0.07078313082456589,0.4476190507411957,0.5876190662384033
YGL093W,YDL195W,0,-7.6350675,0.07067669183015823,0.4476190507411957,0.5885714292526245
YEL012W,YHR170W,0,-7.6372714,0.07057057321071625,0.4476190507411957,0.5895237922668457
YHR060W,YCL050C,0,-7.638285,0.07046476751565933,0.4476190507411957,0.5904762148857117
YKL196C,YER185W,0,-7.6390524,0.07035928219556808,0.4476190507411957,0.5914285778999329
YLR103C,YDR260C,0,-7.640648,0.07025410979986191,0.4476190507411957,0.592380940914154
YJL083W,YNR050C,0,-7.6489387,0.0701492503285408,0.4476190507411957,0.5933333039283752
YDR353W,YHR116W,0,-7.649096,0.07004471123218536,0.4476190507411957,0.5942857265472412
YLR005W,YOR242C,0,-7.6600285,0.0699404776096344,0.4476190507411957,0.5952380895614624
YPL153C,YOR032C,0,-7.661635,0.06983654946088791,0.4476190507411957,0.5961904525756836
YOR059C,YBR181C,0,-7.663117,0.06973293423652649,0.4476190507411957,0.5971428751945496
YLR213C,YMR313C,0,-7.6634617,0.06962963193655014,0.4476190507411957,0.5980952382087708
YHR012W,YKR020W,1,-7.663635,0.0710059180855751,0.4571428596973419,0.5980952382087708
YJL106W,YDR468C,0,-7.664551,0.07090103626251221,0.4571428596973419,0.5990476012229919
YGR142W,YDL113C,1,-7.6666055,0.07227138429880142,0.46666666865348816,0.5990476012229919
YGR134W,YDR512C,0,-7.6750855,0.07216494530439377,0.46666666865348816,0.6000000238418579
YKL197C,YHR146W,0,-7.682202,0.07205882668495178,0.46666666865348816,0.6009523868560791
YPL082C,YIL135C,0,-7.6858306,0.07195301353931427,0.46666666865348816,0.6019047498703003
YLR276C,YER008C,0,-7.687545,0.07184750586748123,0.46666666865348816,0.6028571724891663
YER083C,YCR091W,0,-7.6907673,0.07174231112003326,0.46666666865348816,0.6038095355033875
YHR061C,YLR277C,0,-7.691653,0.07163742929697037,0.46666666865348816,0.6047618985176086
YLR088W,YCR106W,0,-7.692336,0.07153284549713135,0.46666666865348816,0.6057142615318298
YMR301C,YAR007C,0,-7.692741,0.0714285746216774,0.46666666865348816,0.6066666841506958
YBR125C,YML027W,0,-7.6959295,0.07132460176944733,0.46666666865348816,0.607619047164917
YPR021C,YPL121C,0,-7.697299,0.07122092694044113,0.46666666865348816,0.6085714101791382
YER049W,YOR120W,0,-7.697515,0.07111756503582001,0.46666666865348816,0.6095238327980042
YDL040C,YIL130W,0,-7.698628,0.07101449370384216,0.46666666865348816,0.6104761958122253
YOR132W,YLR039C,1,-7.701749,0.07235889881849289,0.4761904776096344,0.6104761958122253
YDR358W,YOR069W,1,-7.7027073,0.07369942218065262,0.48571428656578064,0.6104761958122253
YDR425W,YJL029C,1,-7.7065425,0.07503607869148254,0.4952380955219269,0.6104761958122253
YNL310C,YER171W,0,-7.711429,0.07492795586585999,0.4952380955219269,0.6114285588264465
YLR448W,YDR308C,0,-7.712025,0.0748201459646225,0.4952380955219269,0.6123809814453125
YJR066W,YPR113W,0,-7.7149405,0.07471264153718948,0.4952380955219269,0.6133333444595337
YPL028W,YDR236C,0,-7.7174554,0.07460545003414154,0.4952380955219269,0.6142857074737549
YLR381W,YJL048C,0,-7.7210526,0.07449856400489807,0.4952380955219269,0.6152380704879761
YDR165W,YCL025C,0,-7.7306004,0.07439199090003967,0.4952380955219269,0.616190493106842
YER013W,YMR040W,0,-7.7320995,0.07428571581840515,0.4952380955219269,0.6171428561210632
YOR110W,YKL205W,0,-7.734446,0.0741797462105751,0.4952380955219269,0.6180952191352844
YDR318W,YAL002W,0,-7.740105,0.07407407462596893,0.4952380955219269,0.6190476417541504
YJR089W,YJL140W,0,-7.7408414,0.07396870851516724,0.4952380955219269,0.6200000047683716
YNL096C,YKL156W,0,-7.7469487,0.07386363297700882,0.4952380955219269,0.6209523677825928
YJR068W,YBL013W,0,-7.748817,0.07375886291265488,0.4952380955219269,0.6219047904014587
YGL095C,YJR109C,0,-7.752575,0.07365439087152481,0.4952380955219269,0.6228571534156799
YDL170W,YNR033W,0,-7.7533307,0.07355020940303802,0.4952380955219269,0.6238095164299011
YDR425W,YOR069W,1,-7.753343,0.07485875487327576,0.5047619342803955,0.6238095164299011
YIL128W,YCR092C,0,-7.7556434,0.07475317269563675,0.5047619342803955,0.6247618794441223
YGL238W,YGL073W,0,-7.760517,0.07464788854122162,0.5047619342803955,0.6257143020629883
YCL048W,YCR054C,0,-7.7608,0.07454289495944977,0.5047619342803955,0.6266666650772095
YOR273C,YHL003C,0,-7.7735767,0.0744381994009018,0.5047619342803955,0.6276190280914307
YKL138C,YKR105C,0,-7.774635,0.0743338018655777,0.5047619342803955,0.6285714507102966
YER068W,YGR008C,0,-7.778537,0.07422969490289688,0.5047619342803955,0.6295238137245178
YOR132W,YJL053W,1,-7.7793555,0.0755244791507721,0.5142857432365417,0.6295238137245178
YDL045C,YNL328C,0,-7.7867165,0.07541899383068085,0.5142857432365417,0.630476176738739
YGL067W,YOR380W,0,-7.7929983,0.07531380653381348,0.5142857432365417,0.631428599357605
YGR105W,YPR026W,0,-7.79318,0.07520891726016998,0.5142857432365417,0.6323809623718262
YIL022W,YJR101W,0,-7.794481,0.07510431110858917,0.5142857432365417,0.6333333253860474
YDR218C,YMR240C,0,-7.7983613,0.07500000298023224,0.5142857432365417,0.6342856884002686
YJL029C,YOR132W,1,-7.799915,0.07628294080495834,0.523809552192688,0.6342856884002686
YAL043C,YOR038C,0,-7.800553,0.07617728412151337,0.523809552192688,0.6352381110191345
YDL069C,YKL210W,0,-7.8038344,0.07607192546129227,0.523809552192688,0.6361904740333557
YFR021W,YOL007C,0,-7.804761,0.07596684992313385,0.523809552192688,0.6371428370475769
YBL098W,YBR001C,0,-7.807959,0.07586207240819931,0.523809552192688,0.6380952596664429
YDR317W,YPR073C,0,-7.8080163,0.07575757801532745,0.523809552192688,0.6390476226806641
YGL063W,YKR072C,0,-7.8081007,0.07565336674451828,0.523809552192688,0.6399999856948853
YGR008C,YOR075W,0,-7.812524,0.07554945349693298,0.523809552192688,0.6409524083137512
YGR202C,YOL151W,0,-7.8143783,0.07544581592082977,0.523809552192688,0.6419047713279724
YKR100C,YBL085W,0,-7.821181,0.07534246891736984,0.523809552192688,0.6428571343421936
YDR144C,YPR180W,0,-7.822432,0.075239397585392,0.523809552192688,0.6438094973564148
YNR020C,YJL030W,0,-7.823152,0.07513660937547684,0.523809552192688,0.6447619199752808
YJL095W,YLR237W,0,-7.827487,0.07503410428762436,0.523809552192688,0.645714282989502
YOL031C,YJL041W,0,-7.8286214,0.07493188232183456,0.523809552192688,0.6466666460037231
YFL048C,YOR264W,0,-7.839499,0.07482992857694626,0.523809552192688,0.6476190686225891
YPL111W,YBR237W,0,-7.8396826,0.07472825795412064,0.523809552192688,0.6485714316368103
YKL150W,YAL020C,0,-7.840892,0.0746268630027771,0.523809552192688,0.6495237946510315
YOR132W,YDL113C,1,-7.844488,0.0758807584643364,0.5333333611488342,0.6495237946510315
YKL182W,YCL031C,0,-7.8465295,0.07577808201313019,0.5333333611488342,0.6504762172698975
YHL004W,YOR380W,0,-7.846604,0.07567567378282547,0.5333333611488342,0.6514285802841187
YFL044C,YPL078C,0,-7.8480077,0.07557354867458344,0.5333333611488342,0.6523809432983398
YDR023W,YDR469W,0,-7.850123,0.07547169923782349,0.5333333611488342,0.653333306312561
YOR308C,YER012W,0,-7.8539095,0.07537011802196503,0.5333333611488342,0.654285728931427
YOR359W,YOR272W,0,-7.8553543,0.07526881992816925,0.5333333611488342,0.6552380919456482
YJL056C,YNL136W,0,-7.855764,0.07516778260469437,0.5333333611488342,0.6561904549598694
YJL029C,YKR020W,1,-7.858108,0.07640750706195831,0.5428571701049805,0.6561904549598694
YIL090W,YHR069C,0,-7.8603387,0.07630521804094315,0.5428571701049805,0.6571428775787354
YGL259W,YKL020C,0,-7.86791,0.07620321214199066,0.5428571701049805,0.6580952405929565
YDL135C,YIL123W,0,-7.8700166,0.07610146701335907,0.5428571701049805,0.6590476036071777
YDR358W,YDL113C,1,-7.871475,0.07733333110809326,0.5523809790611267,0.6590476036071777
YLR394W,YJL179W,0,-7.872172,0.07723035663366318,0.5523809790611267,0.6600000262260437
YMR150C,YLR190W,0,-7.8776174,0.07712765783071518,0.5523809790611267,0.6609523892402649
YOR372C,YOL032W,0,-7.8788767,0.07702523469924927,0.5523809790611267,0.6619047522544861
YGL205W,YMR019W,0,-7.881506,0.07692307978868484,0.5523809790611267,0.6628571152687073
YNL110C,YGL190C,0,-7.885187,0.07682119309902191,0.5523809790611267,0.6638095378875732
YPR192W,YER083C,0,-7.886412,0.07671957463026047,0.5523809790611267,0.6647619009017944
YKR083C,YJR119C,0,-7.886743,0.07661823183298111,0.5523809790611267,0.6657142639160156
YGR142W,YJL053W,1,-7.887363,0.07783640921115875,0.561904788017273,0.6657142639160156
YIL048W,YIL154C,0,-7.887505,0.07773385941982269,0.561904788017273,0.6666666865348816
YKL028W,YLR425W,0,-7.887551,0.07763157784938812,0.561904788017273,0.6676190495491028
YCL035C,YGR075C,0,-7.887872,0.07752956449985504,0.561904788017273,0.668571412563324
YNL240C,YHR090C,0,-7.887945,0.07742781937122345,0.561904788017273,0.6695238351821899
YDR032C,YMR218C,0,-7.8881106,0.07732634246349335,0.561904788017273,0.6704761981964111
YHR058C,YML047C,0,-7.8882146,0.07722513377666473,0.561904788017273,0.6714285612106323
YOR066W,YJL003W,0,-7.8958306,0.07712418586015701,0.561904788017273,0.6723809242248535
YGL045W,YBR114W,0,-7.89611,0.07702349871397018,0.561904788017273,0.6733333468437195
YPL208W,YLR263W,0,-7.8964715,0.07692307978868484,0.561904788017273,0.6742857098579407
YIL153W,YBL063W,0,-7.9056535,0.0768229141831398,0.561904788017273,0.6752380728721619
YNL135C,YDR268W,0,-7.906753,0.07672301679849625,0.561904788017273,0.6761904954910278
YPR182W,YPR049C,0,-7.912356,0.07662338018417358,0.561904788017273,0.677142858505249
YPR156C,YOR091W,0,-7.9149895,0.07652399688959122,0.561904788017273,0.6780952215194702
YDR358W,YOR132W,1,-7.9152436,0.07772020995616913,0.5714285969734192,0.6780952215194702
YAL003W,YKR089C,0,-7.915668,0.07761966437101364,0.5714285969734192,0.6790476441383362
YLL033W,YGL106W,0,-7.9198565,0.07751937955617905,0.5714285969734192,0.6800000071525574
YDR268W,YBR291C,0,-7.9200435,0.07741935551166534,0.5714285969734192,0.6809523701667786
YML016C,YDR079W,0,-7.9224,0.07731958478689194,0.5714285969734192,0.6819047331809998
YNL227C,YDR177W,0,-7.9236045,0.07722007483243942,0.5714285969734192,0.6828571557998657
YMR250W,YNL132W,0,-7.9243355,0.0771208256483078,0.5714285969734192,0.6838095188140869
YLR127C,YGL105W,0,-7.9255385,0.07702182233333588,0.5714285969734192,0.6847618818283081
YDR353W,YMR229C,0,-7.926927,0.07692307978868484,0.5714285969734192,0.6857143044471741
YGL098W,YER074W,0,-7.931809,0.07682458311319351,0.5714285969734192,0.6866666674613953
YPL207W,YER050C,0,-7.931929,0.07672633975744247,0.5714285969734192,0.6876190304756165
YGR057C,YMR053C,0,-7.934836,0.07662834972143173,0.5714285969734192,0.6885714530944824
YLR151C,YIL006W,0,-7.9359565,0.07653061300516129,0.5714285969734192,0.6895238161087036
YOL151W,YPL194W,0,-7.938604,0.07643312215805054,0.5714285969734192,0.6904761791229248
YOR236W,YFR027W,0,-7.940651,0.07633587718009949,0.5714285969734192,0.691428542137146
YDR425W,YKR020W,1,-7.9438014,0.07750952988862991,0.5809524059295654,0.691428542137146
YER051W,YGL030W,0,-7.947413,0.07741116732358932,0.5809524059295654,0.692380964756012
YOR069W,YKR020W,1,-7.9492164,0.07858048379421234,0.5904762148857117,0.692380964756012
YMR112C,YMR270C,0,-7.9539285,0.07848101109266281,0.5904762148857117,0.6933333277702332
YDR204W,YIL106W,0,-7.9582863,0.07838179171085358,0.5904762148857117,0.6942856907844543
YER013W,YIL048W,0,-7.9617977,0.07828282564878464,0.5904762148857117,0.6952381134033203
YOR206W,YGL062W,0,-7.962958,0.078184112906456,0.5904762148857117,0.6961904764175415
YNR059W,YMR237W,0,-7.964451,0.07808564603328705,0.5904762148857117,0.6971428394317627
YDR425W,YDR137W,1,-7.9663486,0.07924528419971466,0.6000000238418579,0.6971428394317627
YBR172C,YIR031C,0,-7.9670324,0.07914572954177856,0.6000000238418579,0.6980952620506287
YMR112C,YJL003W,0,-7.969024,0.07904642075300217,0.6000000238418579,0.6990476250648499
YDR414C,YLL029W,0,-7.9725575,0.07894736528396606,0.6000000238418579,0.699999988079071
YMR117C,YFR029W,0,-7.983997,0.07884856313467026,0.6000000238418579,0.700952410697937
YLR039C,YDL113C,1,-7.98513,0.07999999821186066,0.6095238327980042,0.700952410697937
YDR425W,YHR108W,1,-7.9858837,0.08114856481552124,0.6190476417541504,0.700952410697937
YGL194C,YNR031C,0,-7.9944587,0.08104737848043442,0.6190476417541504,0.7019047737121582
YLR037C,YAR019C,0,-7.995315,0.08094645291566849,0.6190476417541504,0.7028571367263794
YNL084C,YLR093C,0,-7.998694,0.08084577322006226,0.6190476417541504,0.7038094997406006
YBR162C,YGR144W,0,-8.010046,0.08074533939361572,0.6190476417541504,0.7047619223594666
YJL140W,YOR294W,0,-8.015935,0.08064515888690948,0.6190476417541504,0.7057142853736877
YGR020C,YOR177C,0,-8.020178,0.08054523169994354,0.6190476417541504,0.7066666483879089
YNL133C,YDR472W,0,-8.022806,0.0804455429315567,0.6190476417541504,0.7076190710067749
YKL210W,YIL134W,0,-8.029562,0.08034610748291016,0.6190476417541504,0.7085714340209961
YLR247C,YMR002W,0,-8.030092,0.08024691045284271,0.6190476417541504,0.7095237970352173
YDL202W,YNL158W,0,-8.040432,0.08014796674251556,0.6190476417541504,0.7104762196540833
YNL206C,YBR059C,0,-8.040806,0.08004926145076752,0.6190476417541504,0.7114285826683044
YDR260C,YNR041C,0,-8.047577,0.07995080202817917,0.6190476417541504,0.7123809456825256
YLR315W,YGL174W,0,-8.047991,0.07985258102416992,0.6190476417541504,0.7133333086967468
YMR059W,YML028W,0,-8.049694,0.07975459843873978,0.6190476417541504,0.7142857313156128
YPL027W,YDR438W,0,-8.050543,0.07965686172246933,0.6190476417541504,0.715238094329834
YGR202C,YLR115W,0,-8.051565,0.07955936342477798,0.6190476417541504,0.7161904573440552
YPL058C,YIL156W,0,-8.058145,0.07946210354566574,0.6190476417541504,0.7171428799629211
YDR457W,YDR238C,0,-8.059143,0.0793650820851326,0.6190476417541504,0.7180952429771423
YOR279C,YIL095W,0,-8.065025,0.07926829159259796,0.6190476417541504,0.7190476059913635
YDR499W,YBR213W,0,-8.068565,0.07917173951864243,0.6190476417541504,0.7200000286102295
YIR036C,YCR026C,0,-8.069977,0.07907542586326599,0.6190476417541504,0.7209523916244507
YLR239C,YBR095C,0,-8.07472,0.07897934317588806,0.6190476417541504,0.7219047546386719
YGR229C,YOR078W,0,-8.075203,0.07888349145650864,0.6190476417541504,0.7228571176528931
YDR179C,YDR092W,0,-8.08024,0.07878787815570831,0.6190476417541504,0.723809540271759
YNL238W,YBL063W,0,-8.082233,0.0786924958229065,0.6190476417541504,0.7247619032859802
YMR304W,YOR316C,0,-8.083899,0.07859733700752258,0.6190476417541504,0.7257142663002014
YHR061C,YKR058W,0,-8.086023,0.07850241661071777,0.6190476417541504,0.7266666889190674
YBR120C,YDR045C,0,-8.089533,0.07840771973133087,0.6190476417541504,0.7276190519332886
YDR207C,YAL023C,0,-8.092333,0.07831325381994247,0.6190476417541504,0.7285714149475098
YNL230C,YKR090W,0,-8.095028,0.07821901142597198,0.6190476417541504,0.7295238375663757
YPL258C,YLR183C,0,-8.097027,0.078125,0.6190476417541504,0.7304762005805969
YAL034W-A,YLR096W,0,-8.098562,0.07803121209144592,0.6190476417541504,0.7314285635948181
YDR358W,YKR020W,1,-8.107071,0.0791366919875145,0.6285714507102966,0.7314285635948181
YJR139C,YKL130C,0,-8.108379,0.07904191315174103,0.6285714507102966,0.7323809266090393
YDR137W,YHR108W,1,-8.111126,0.08014354109764099,0.6380952596664429,0.7323809266090393
YGR156W,YAR007C,0,-8.111465,0.08004778623580933,0.6380952596664429,0.7333333492279053
YJL029C,YGR142W,1,-8.113167,0.08114558458328247,0.6476190686225891,0.7333333492279053
YDL113C,YKR020W,1,-8.116678,0.0822407603263855,0.6571428775787354,0.7333333492279053
YJL029C,YOR069W,1,-8.117565,0.0833333358168602,0.6666666865348816,0.7333333492279053
YPR034W,YJL071W,0,-8.11903,0.08323424309492111,0.6666666865348816,0.7342857122421265
YJL029C,YDR137W,1,-8.119641,0.08432304114103317,0.6761904954910278,0.7342857122421265
YKR009C,YPL074W,0,-8.122163,0.08422300964593887,0.6761904954910278,0.7352380752563477
YDR363W-A,YKL179C,0,-8.125698,0.08412322402000427,0.6761904954910278,0.7361904978752136
YMR285C,YGL030W,0,-8.127272,0.08402366936206818,0.6761904954910278,0.7371428608894348
YOR069W,YLR039C,1,-8.129501,0.08510638028383255,0.6857143044471741,0.7371428608894348
YJL029C,YLR039C,1,-8.129513,0.08618654310703278,0.6952381134033203,0.7371428608894348
YDR247W,YJR133W,0,-8.130507,0.08608490228652954,0.6952381134033203,0.738095223903656
YLR150W,YJL178C,0,-8.132696,0.085983507335186,0.6952381134033203,0.739047646522522
YNL032W,YPR131C,0,-8.132875,0.08588235080242157,0.6952381134033203,0.7400000095367432
YBR049C,YNL214W,0,-8.134194,0.08578143268823624,0.6952381134033203,0.7409523725509644
YOR127W,YNL038W,0,-8.134333,0.08568075299263,0.6952381134033203,0.7419047355651855
YPL231W,YDR466W,0,-8.136097,0.08558030426502228,0.6952381134033203,0.7428571581840515
YDR511W,YLR390W-A,0,-8.136536,0.08548009395599365,0.6952381134033203,0.7438095211982727
YJR108W,YLR080W,0,-8.14349,0.08538011461496353,0.6952381134033203,0.7447618842124939
YML092C,YPR152C,0,-8.145214,0.08528037369251251,0.6952381134033203,0.7457143068313599
YDL106C,YNL167C,0,-8.14876,0.08518086373806,0.6952381134033203,0.746666669845581
YDR425W,YLR039C,1,-8.150347,0.08624708652496338,0.7047619223594666,0.746666669845581
YLR324W,YMR094W,0,-8.150398,0.08614668250083923,0.7047619223594666,0.7476190328598022
YDR532C,YJL194W,0,-8.163305,0.08604650944471359,0.7047619223594666,0.7485714554786682
YML112W,YGL094C,0,-8.16605,0.08594657480716705,0.7047619223594666,0.7495238184928894
YKR006C,YDR259C,0,-8.167805,0.08584687113761902,0.7047619223594666,0.7504761815071106
YDR227W,YMR070W,0,-8.172108,0.08574739098548889,0.7047619223594666,0.7514285445213318
YIR006C,YCR075C,0,-8.180752,0.08564814925193787,0.7047619223594666,0.7523809671401978
YER017C,YCR065W,0,-8.190329,0.08554913103580475,0.7047619223594666,0.753333330154419
YGL158W,YNL325C,0,-8.191147,0.08545034378767014,0.7047619223594666,0.7542856931686401
YPL151C,YPR162C,0,-8.192798,0.08535178750753403,0.7047619223594666,0.7552381157875061
YGR082W,YHR077C,0,-8.192831,0.08525345474481583,0.7047619223594666,0.7561904788017273
YDL113C,YJL053W,1,-8.199459,0.08630610257387161,0.7142857313156128,0.7561904788017273
YGL073W,YNL079C,0,-8.200987,0.08620689809322357,0.7142857313156128,0.7571428418159485
YPL117C,YLL034C,0,-8.205897,0.08610792458057404,0.7142857313156128,0.7580952644348145
YGR055W,YDL143W,0,-8.206693,0.08600917458534241,0.7142857313156128,0.7590476274490356
YJL029C,YNR006W,1,-8.210569,0.08705613017082214,0.723809540271759,0.7590476274490356
YOR156C,YKL026C,0,-8.212282,0.08695652335882187,0.723809540271759,0.7599999904632568
YJL053W,YKR020W,1,-8.216629,0.08799999952316284,0.7333333492279053,0.7599999904632568
YLL029W,YHR067W,0,-8.217043,0.08789954334497452,0.7333333492279053,0.760952353477478
YMR192W,YFR025C,0,-8.220438,0.0877993181347847,0.7333333492279053,0.761904776096344
YDR425W,YNR006W,1,-8.225687,0.08883827179670334,0.7428571581840515,0.761904776096344
YJL186W,YDR287W,0,-8.231211,0.08873720467090607,0.7428571581840515,0.7628571391105652
YGR179C,YFR014C,0,-8.232542,0.0886363610625267,0.7428571581840515,0.7638095021247864
YJR049C,YMR256C,0,-8.23731,0.08853575587272644,0.7428571581840515,0.7647619247436523
YDR456W,YDL113C,1,-8.239191,0.08956915885210037,0.7523809671401978,0.7647619247436523
YBL005W,YPR194C,0,-8.2416,0.08946772664785385,0.7523809671401978,0.7657142877578735
YLR330W,YDR328C,0,-8.242725,0.08936651796102524,0.7523809671401978,0.7666666507720947
YJL029C,YDL113C,1,-8.245114,0.0903954803943634,0.761904776096344,0.7666666507720947
YNL076W,YDR424C,0,-8.251092,0.09029345214366913,0.761904776096344,0.7676190733909607
YBR183W,YIR012W,0,-8.256453,0.09019165486097336,0.761904776096344,0.7685714364051819
YPL127C,YER070W,0,-8.270853,0.09009008854627609,0.761904776096344,0.7695237994194031
YDL061C,YOR257W,0,-8.272657,0.08998875319957733,0.761904776096344,0.7704761624336243
YDR137W,YLR039C,1,-8.272982,0.09101123362779617,0.7714285850524902,0.7704761624336243
YOR206W,YOL065C,0,-8.275143,0.09090909361839294,0.7714285850524902,0.7714285850524902
YBR175W,YJL117W,0,-8.277748,0.09080717712640762,0.7714285850524902,0.7723809480667114
YJL029C,YDR456W,1,-8.278175,0.09182530641555786,0.7809523940086365,0.7723809480667114
YBR169C,YOR016C,0,-8.281079,0.09172259271144867,0.7809523940086365,0.7733333110809326
YDL123W,YHR165C,0,-8.290859,0.09162010997533798,0.7809523940086365,0.7742857336997986
YDR151C,YCR039C,0,-8.298046,0.0915178582072258,0.7809523940086365,0.7752380967140198
YLR185W,YHR081W,0,-8.298763,0.09141582995653152,0.7809523940086365,0.776190459728241
YPR198W,YGR010W,0,-8.300222,0.09131403267383575,0.7809523940086365,0.7771428823471069
YBL074C,YIL004C,0,-8.309515,0.09121245890855789,0.7809523940086365,0.7780952453613281
YDR137W,YOR069W,1,-8.309696,0.09222222119569778,0.7904762029647827,0.7780952453613281
YML021C,YIL002C,0,-8.317127,0.09211986511945724,0.7904762029647827,0.7790476083755493
YDR059C,YJL048C,0,-8.321203,0.09201774001121521,0.7904762029647827,0.7799999713897705
YJL083W,YNL322C,0,-8.325254,0.09191583842039108,0.7904762029647827,0.7809523940086365
YOR278W,YHR027C,0,-8.325487,0.09181416034698486,0.7904762029647827,0.7819047570228577
YLR373C,YMR091C,0,-8.337919,0.09171270579099655,0.7904762029647827,0.7828571200370789
YDR028C,YIL048W,0,-8.338274,0.09161148220300674,0.7904762029647827,0.7838095426559448
YOR239W,YPL200W,0,-8.339132,0.09151047468185425,0.7904762029647827,0.784761905670166
YEL062W,YDR081C,0,-8.339317,0.09140969067811966,0.7904762029647827,0.7857142686843872
YHR099W,YDR373W,0,-8.341196,0.09130913019180298,0.7904762029647827,0.7866666913032532
YPL097W,YAR019C,0,-8.3417845,0.0912087932229042,0.7904762029647827,0.7876190543174744
YHR120W,YMR201C,0,-8.342381,0.09110867232084274,0.7904762029647827,0.7885714173316956
YJR089W,YNL029C,0,-8.345215,0.09100877493619919,0.7904762029647827,0.7895237803459167
YNR006W,YDL113C,1,-8.350243,0.09200438112020493,0.800000011920929,0.7895237803459167
YLR370C,YBR129C,0,-8.3581085,0.09190371632575989,0.800000011920929,0.7904762029647827
YJL140W,YGL028C,0,-8.358725,0.09180327504873276,0.800000011920929,0.7914285659790039
YPL115C,YDR253C,0,-8.358961,0.09170305728912354,0.800000011920929,0.7923809289932251
YML023C,YML074C,0,-8.36505,0.09160305559635162,0.800000011920929,0.7933333516120911
YCR030C,YIR031C,0,-8.365995,0.09150326997041702,0.800000011920929,0.7942857146263123
YER154W,YPL207W,0,-8.369917,0.09140370041131973,0.800000011920929,0.7952380776405334
YGR217W,YKL132C,0,-8.371437,0.09130434691905975,0.800000011920929,0.7961905002593994
YGR223C,YNL282W,0,-8.372698,0.09120520949363708,0.800000011920929,0.7971428632736206
YMR123W,YBR248C,0,-8.385593,0.09110628813505173,0.800000011920929,0.7980952262878418
YKL028W,YFR041C,0,-8.385683,0.09100758284330368,0.800000011920929,0.799047589302063
YGR142W,YOR069W,1,-8.388355,0.09199134260416031,0.8095238208770752,0.799047589302063
YNR055C,YJL004C,0,-8.390789,0.09189189225435257,0.8095238208770752,0.800000011920929
YOR011W,YDR341C,0,-8.391211,0.09179265797138214,0.8095238208770752,0.8009523749351501
YDR289C,YBL022C,0,-8.399733,0.09169363230466843,0.8095238208770752,0.8019047379493713
YKR007W,YJR101W,0,-8.406242,0.09159483015537262,0.8095238208770752,0.8028571605682373
YDL046W,YMR274C,0,-8.406682,0.09149622917175293,0.8095238208770752,0.8038095235824585
YDR353W,YJR052W,0,-8.407824,0.09139785170555115,0.8095238208770752,0.8047618865966797
YOL056W,YLR024C,0,-8.415192,0.09129967540502548,0.8095238208770752,0.8057143092155457
YOR330C,YPL149W,0,-8.4195595,0.09120171517133713,0.8095238208770752,0.8066666722297668
YGR142W,YDR456W,1,-8.423931,0.09217577427625656,0.8190476298332214,0.8066666722297668
YDR456W,YOR069W,1,-8.430283,0.09314775466918945,0.8285714387893677,0.8066666722297668
YDR456W,YNR006W,1,-8.433338,0.0941176488995552,0.8380952477455139,0.8066666722297668
YKL179C,YBR281C,0,-8.433849,0.09401709586381912,0.8380952477455139,0.807619035243988
YML041C,YKL182W,0,-8.434145,0.09391675889492035,0.8380952477455139,0.808571457862854
YNL059C,YLR127C,0,-8.437006,0.09381663054227829,0.8380952477455139,0.8095238208770752
YDR137W,YDL113C,1,-8.455608,0.09478168189525604,0.8476190567016602,0.8095238208770752
YHR116W,YKL064W,0,-8.462231,0.09468085318803787,0.8476190567016602,0.8104761838912964
YOR351C,YLR025W,0,-8.466568,0.09458023309707642,0.8476190567016602,0.8114285469055176
YLL022C,YCR081W,0,-8.46843,0.09447982907295227,0.8476190567016602,0.8123809695243835
YNL280C,YPL074W,0,-8.469639,0.09437964111566544,0.8476190567016602,0.8133333325386047
YOR002W,YOL031C,0,-8.470687,0.09427966177463531,0.8476190567016602,0.8142856955528259
YBR222C,YER082C,0,-8.477195,0.09417989104986191,0.8476190567016602,0.8152381181716919
YPL248C,YPR021C,0,-8.484423,0.09408033639192581,0.8476190567016602,0.8161904811859131
YIR023W,YDL140C,0,-8.49152,0.09398099035024643,0.8476190567016602,0.8171428442001343
YOR132W,YNR006W,1,-8.499006,0.09493670612573624,0.8571428656578064,0.8171428442001343
YHR012W,YDR456W,1,-8.50321,0.09589041024446487,0.8666666746139526,0.8171428442001343
YBR173C,YFR027W,0,-8.503609,0.09578947722911835,0.8666666746139526,0.8180952668190002
YGR255C,YHR119W,0,-8.504011,0.09568874537944794,0.8666666746139526,0.8190476298332214
YDR456W,YOR132W,1,-8.506304,0.09663865715265274,0.8761904835700989,0.8190476298332214
YCR010C,YBL057C,0,-8.506815,0.09653724730014801,0.8761904835700989,0.8199999928474426
YJR006W,YOL066C,0,-8.511837,0.09643606096506119,0.8761904835700989,0.8209523558616638
YOR226C,YPL178W,0,-8.512617,0.09633507579565048,0.8761904835700989,0.8219047784805298
YLR015W,YBL091C,0,-8.512981,0.09623430669307709,0.8761904835700989,0.822857141494751
YDR028C,YGL236C,0,-8.513981,0.096133753657341,0.8761904835700989,0.8238095045089722
YPR118W,YMR286W,0,-8.513998,0.09603340178728104,0.8761904835700989,0.8247619271278381
YDL040C,YIL135C,0,-8.514999,0.09593326598405838,0.8761904835700989,0.8257142901420593
YLR396C,YER113C,0,-8.521772,0.09583333134651184,0.8761904835700989,0.8266666531562805
YDL035C,YKR061W,0,-8.5236225,0.09573361277580261,0.8761904835700989,0.8276190757751465
YGL127C,YML071C,0,-8.529762,0.0956340953707695,0.8761904835700989,0.8285714387893677
YNL006W,YOL011W,0,-8.535114,0.0955347865819931,0.8761904835700989,0.8295238018035889
YBR176W,YER052C,0,-8.536969,0.09543568640947342,0.8761904835700989,0.8304761648178101
YHR175W,YNL311C,0,-8.539948,0.09533678740262985,0.8761904835700989,0.831428587436676
YDR481C,YPL101W,0,-8.542931,0.095238097012043,0.8761904835700989,0.8323809504508972
YGR105W,YOL122C,0,-8.54348,0.09513960778713226,0.8761904835700989,0.8333333134651184
YPL171C,YGR159C,0,-8.5439,0.09504131972789764,0.8761904835700989,0.8342857360839844
YOR384W,YMR005W,0,-8.546744,0.09494324028491974,0.8761904835700989,0.8352380990982056
YDR334W,YOL031C,0,-8.551223,0.09484536200761795,0.8761904835700989,0.8361904621124268
YLR044C,YLR170C,0,-8.55146,0.09474768489599228,0.8761904835700989,0.8371428847312927
YGR040W,YDR177W,0,-8.559473,0.09465020895004272,0.8761904835700989,0.8380952477455139
YMR302C,YER082C,0,-8.560133,0.09455292671918869,0.8761904835700989,0.8390476107597351
YMR139W,YDR022C,0,-8.563181,0.09445585310459137,0.8761904835700989,0.8399999737739563
YML112W,YDR177W,0,-8.5680065,0.09435897320508957,0.8761904835700989,0.8409523963928223
YOR260W,YER173W,0,-8.59782,0.09426229447126389,0.8761904835700989,0.8419047594070435
YJR058C,YOR216C,0,-8.612528,0.09416581690311432,0.8761904835700989,0.8428571224212646
YPL089C,YDL082W,0,-8.618084,0.09406953305006027,0.8761904835700989,0.8438095450401306
YCR046C,YHR056C,0,-8.625778,0.09397344291210175,0.8761904835700989,0.8447619080543518
YDL091C,YHR081W,0,-8.628707,0.09387755393981934,0.8761904835700989,0.845714271068573
YER153C,YGR239C,0,-8.632196,0.09378185868263245,0.8761904835700989,0.846666693687439
YML041C,YCR009C,0,-8.638252,0.09368635714054108,0.8761904835700989,0.8476190567016602
YCL032W,YHR181W,0,-8.640687,0.09359104931354523,0.8761904835700989,0.8485714197158813
YDR456W,YKR020W,1,-8.646645,0.09451219439506531,0.8857142925262451,0.8485714197158813
YDR456W,YJL053W,1,-8.648216,0.09543146938085556,0.8952381014823914,0.8485714197158813
YNL063W,YBR281C,0,-8.654406,0.09533468633890152,0.8952381014823914,0.8495237827301025
YPR111W,YKR052C,0,-8.657499,0.095238097012043,0.8952381014823914,0.8504762053489685
YNR033W,YDR487C,0,-8.664274,0.09514170140028,0.8952381014823914,0.8514285683631897
YNL127W,YIL043C,0,-8.670048,0.09504549950361252,0.8952381014823914,0.8523809313774109
YDR425W,YDR456W,1,-8.670666,0.09595959633588791,0.9047619104385376,0.8523809313774109
YBL008W,YPR169W,0,-8.672222,0.09586276859045029,0.9047619104385376,0.8533333539962769
YMR200W,YJL004C,0,-8.672348,0.09576612710952759,0.9047619104385376,0.854285717010498
YDL208W,YKR058W,0,-8.673643,0.095669686794281,0.9047619104385376,0.8552380800247192
YOL055C,YPL209C,0,-8.689228,0.09557344019412994,0.9047619104385376,0.8561905026435852
YGL073W,YPL119C,0,-8.690023,0.0954773873090744,0.9047619104385376,0.8571428656578064
YER143W,YDR375C,0,-8.690157,0.09538152813911438,0.9047619104385376,0.8580952286720276
YBL058W,YER167W,0,-8.697493,0.09528585523366928,0.9047619104385376,0.8590475916862488
YJL164C,YCL067C,0,-8.697714,0.0951903834939003,0.9047619104385376,0.8600000143051147
YDL229W,YIL005W,0,-8.698755,0.09509509801864624,0.9047619104385376,0.8609523773193359
YGR104C,YML095C,0,-8.704805,0.0949999988079071,0.9047619104385376,0.8619047403335571
YBR082C,YMR312W,0,-8.7049465,0.09490509331226349,0.9047619104385376,0.8628571629524231
YDR071C,YJR150C,0,-8.706772,0.0948103815317154,0.9047619104385376,0.8638095259666443
YJR068W,YHR103W,0,-8.71419,0.09471585601568222,0.9047619104385376,0.8647618889808655
YBR015C,YNL239W,0,-8.718735,0.09462151676416397,0.9047619104385376,0.8657143115997314
YAL062W,YLR147C,0,-8.718752,0.09452736377716064,0.9047619104385376,0.8666666746139526
YNL156C,YMR296C,0,-8.729086,0.09443339705467224,0.9047619104385376,0.8676190376281738
YMR192W,YBR037C,0,-8.730263,0.09433962404727936,0.9047619104385376,0.868571400642395
YPL154C,YDR364C,0,-8.736229,0.0942460298538208,0.9047619104385376,0.869523823261261
YML023C,YPR072W,0,-8.740309,0.09415262937545776,0.9047619104385376,0.8704761862754822
YOR155C,YKR050W,0,-8.741049,0.09405940771102905,0.9047619104385376,0.8714285492897034
YKL004W,YOR279C,0,-8.741528,0.09396637231111526,0.9047619104385376,0.8723809719085693
YLR007W,YLR314C,0,-8.74169,0.0938735157251358,0.9047619104385376,0.8733333349227905
YNR006W,YOR069W,1,-8.744143,0.09476801753044128,0.9142857193946838,0.8733333349227905
YDR359C,YHR109W,0,-8.760744,0.09467455744743347,0.9142857193946838,0.8742856979370117
YPL040C,YPR149W,0,-8.761986,0.09458128362894058,0.9142857193946838,0.8752381205558777
YGR222W,YPL075W,0,-8.772501,0.09448818862438202,0.9142857193946838,0.8761904835700989
YLL050C,YDL210W,0,-8.773066,0.09439527988433838,0.9142857193946838,0.8771428465843201
YLR353W,YKL052C,0,-8.778267,0.09430255740880966,0.9142857193946838,0.8780952095985413
YOL116W,YHR008C,0,-8.785839,0.09421000629663467,0.9142857193946838,0.8790476322174072
YLR182W,YNL137C,0,-8.788481,0.0941176488995552,0.9142857193946838,0.8799999952316284
YHR117W,YBR109C,0,-8.795982,0.09402546286582947,0.9142857193946838,0.8809523582458496
YML099C,YCL069W,0,-8.79637,0.09393346309661865,0.9142857193946838,0.8819047808647156
YOR068C,YIL106W,0,-8.798756,0.09384164214134216,0.9142857193946838,0.8828571438789368
YPL178W,YBR170C,0,-8.812923,0.09375,0.9142857193946838,0.883809506893158
YJR117W,YOR138C,0,-8.814764,0.09365853667259216,0.9142857193946838,0.8847619295120239
YLR450W,YLR328W,0,-8.815435,0.09356725215911865,0.9142857193946838,0.8857142925262451
YDL127W,YIL084C,0,-8.820065,0.09347614645957947,0.9142857193946838,0.8866666555404663
YKL150W,YDR405W,0,-8.82099,0.09338521212339401,0.9142857193946838,0.8876190185546875
YGL238W,YHL032C,0,-8.823677,0.09329446405172348,0.9142857193946838,0.8885714411735535
YOL078W,YAL020C,0,-8.824003,0.09320387989282608,0.9142857193946838,0.8895238041877747
YJR110W,YML088W,0,-8.825048,0.0931134819984436,0.9142857193946838,0.8904761672019958
YPL206C,YPR189W,0,-8.833244,0.09302325546741486,0.9142857193946838,0.8914285898208618
YDR137W,YJL053W,1,-8.836201,0.09390126168727875,0.9238095283508301,0.8914285898208618
YMR053C,YBR264C,0,-8.840673,0.09381044656038284,0.9238095283508301,0.892380952835083
YHR005C,YGR211W,0,-8.84152,0.09371981024742126,0.9238095283508301,0.8933333158493042
YDR456W,YHR108W,1,-8.841566,0.09459459781646729,0.9333333373069763,0.8933333158493042
YGL189C,YNL244C,0,-8.8421955,0.09450337290763855,0.9333333373069763,0.8942857384681702
YJL001W,YIL035C,0,-8.847496,0.09441233426332474,0.9333333373069763,0.8952381014823914
YBR173C,YIR023W,0,-8.849323,0.09432145953178406,0.9333333373069763,0.8961904644966125
YGL173C,YOR047C,0,-8.852436,0.0942307710647583,0.9333333373069763,0.8971428275108337
YPR054W,YMR193W,0,-8.863224,0.09414024651050568,0.9333333373069763,0.8980952501296997
YOR201C,YHR027C,0,-8.863617,0.09404990077018738,0.9333333373069763,0.8990476131439209
YNL223W,YAL025C,0,-8.868338,0.0939597338438034,0.9333333373069763,0.8999999761581421
YKR103W,YLR170C,0,-8.870037,0.09386973083019257,0.9333333373069763,0.9009523987770081
YDR054C,YFR052W,0,-8.8743725,0.09377990663051605,0.9333333373069763,0.9019047617912292
YOL111C,YJL189W,0,-8.875263,0.09369024634361267,0.9333333373069763,0.9028571248054504
YNL271C,YDR486C,0,-8.880341,0.09360076487064362,0.9333333373069763,0.9038095474243164
YPR122W,YPR113W,0,-8.882565,0.09351144731044769,0.9333333373069763,0.9047619104385376
YMR097C,YFR024C-A,0,-8.883823,0.0934223085641861,0.9333333373069763,0.9057142734527588
YDL084W,YBR150C,0,-8.887308,0.09333333373069763,0.9333333373069763,0.9066666960716248
YDR456W,YLR039C,1,-8.894505,0.09419600665569305,0.9428571462631226,0.9066666960716248
YMR072W,YHR154W,0,-8.897434,0.09410646557807922,0.9428571462631226,0.907619059085846
YDR420W,YAL029C,0,-8.916967,0.09401709586381912,0.9428571462631226,0.9085714221000671
YDR032C,YDR320C,0,-8.921354,0.09392789006233215,0.9428571462631226,0.9095237851142883
YNL133C,YCR081W,0,-8.927824,0.09383886307477951,0.9428571462631226,0.9104762077331543
YPL154C,YBL022C,0,-8.932089,0.09375,0.9428571462631226,0.9114285707473755
YNL223W,YJL130C,0,-8.932165,0.09366130828857422,0.9428571462631226,0.9123809337615967
YEL044W,YML125C,0,-8.948229,0.09357278048992157,0.9428571462631226,0.9133333563804626
YBL024W,YBL047C,0,-8.950939,0.09348441660404205,0.9428571462631226,0.9142857193946838
YPR155C,YDL220C,0,-8.958906,0.09339622408151627,0.9428571462631226,0.915238082408905
YAR033W,YDL143W,0,-8.969561,0.09330820292234421,0.9428571462631226,0.916190505027771
YOL004W,YDR397C,0,-8.984829,0.09322033822536469,0.9428571462631226,0.9171428680419922
YOR068C,YER005W,0,-8.989719,0.09313264489173889,0.9428571462631226,0.9180952310562134
YDR148C,YPL013C,0,-8.992182,0.09304511547088623,0.9428571462631226,0.9190475940704346
YDL192W,YGR061C,0,-8.996382,0.0929577499628067,0.9428571462631226,0.9200000166893005
YBL011W,YIL098C,0,-8.999992,0.09287054091691971,0.9428571462631226,0.9209523797035217
YDL095W,YGR268C,0,-9.000954,0.09278350323438644,0.9428571462631226,0.9219047427177429
YGR223C,YPL028W,0,-9.001482,0.09269662946462631,0.9428571462631226,0.9228571653366089
YCR065W,YHR114W,0,-9.004091,0.09260991215705872,0.9428571462631226,0.9238095283508301
YJL176C,YIL035C,0,-9.011089,0.09252336621284485,0.9428571462631226,0.9247618913650513
YIR025W,YNR041C,0,-9.015915,0.09243697673082352,0.9428571462631226,0.9257143139839172
YPL115C,YML067C,0,-9.022219,0.09235074371099472,0.9428571462631226,0.9266666769981384
YDR341C,YHR027C,0,-9.027819,0.09226468205451965,0.9428571462631226,0.9276190400123596
YHR002W,YDR520C,0,-9.030186,0.09217876940965652,0.9428571462631226,0.9285714030265808
YNR047W,YOR363C,0,-9.033758,0.09209302067756653,0.9428571462631226,0.9295238256454468
YOR132W,YOR069W,1,-9.066198,0.09293680638074875,0.9523809552192688,0.9295238256454468
YKR030W,YKR019C,0,-9.072361,0.09285051375627518,0.9523809552192688,0.930476188659668
YJL029C,YJL053W,1,-9.081867,0.09369201958179474,0.961904764175415,0.930476188659668
YPL218W,YNL281W,0,-9.091915,0.09360519051551819,0.961904764175415,0.9314285516738892
YOR069W,YDL113C,1,-9.095417,0.09444444626569748,0.9714285731315613,0.9314285516738892
YMR080C,YBR264C,0,-9.0985565,0.09435707330703735,0.9714285731315613,0.9323809742927551
YMR115W,YBR274W,0,-9.101763,0.09426987171173096,0.9714285731315613,0.9333333373069763
YMR076C,YLR192C,0,-9.11167,0.0941828265786171,0.9714285731315613,0.9342857003211975
YDR289C,YOR110W,0,-9.126265,0.09409593790769577,0.9714285731315613,0.9352381229400635
YBL011W,YNL294C,0,-9.127506,0.09400921314954758,0.9714285731315613,0.9361904859542847
YAL020C,YBL052C,0,-9.134876,0.09392265230417252,0.9714285731315613,0.9371428489685059
YLR390W-A,YER164W,0,-9.13591,0.09383624792098999,0.9714285731315613,0.938095211982727
YDR081C,YIR015W,0,-9.16367,0.09375,0.9714285731315613,0.939047634601593
YGL203C,YOL103W,0,-9.169043,0.09366390854120255,0.9714285731315613,0.9399999976158142
YDR536W,YBL041W,0,-9.190357,0.09357798099517822,0.9714285731315613,0.9409523606300354
YAL056W,YER133W,0,-9.207333,0.09349220991134644,0.9714285731315613,0.9419047832489014
YJR051W,YGL083W,0,-9.212767,0.09340659528970718,0.9714285731315613,0.9428571462631226
YOR069W,YJL053W,1,-9.238466,0.09423604607582092,0.9809523820877075,0.9428571462631226
YPL133C,YFL041W,0,-9.241669,0.09414990991353989,0.9809523820877075,0.9438095092773438
YBR120C,YMR182C,0,-9.244595,0.09406393021345139,0.9809523820877075,0.9447619318962097
YMR063W,YDL128W,0,-9.27034,0.09397809952497482,0.9809523820877075,0.9457142949104309
YLL021W,YNL258C,0,-9.276035,0.09389243274927139,0.9809523820877075,0.9466666579246521
YMR232W,YMR078C,0,-9.276148,0.0938069224357605,0.9809523820877075,0.9476190209388733
YMR043W,YDL197C,0,-9.281597,0.09372156858444214,0.9809523820877075,0.9485714435577393
YPL115C,YDR407C,0,-9.284908,0.09363636374473572,0.9809523820877075,0.9495238065719604
YGR083C,YDR516C,0,-9.297937,0.09355131536722183,0.9809523820877075,0.9504761695861816
YER051W,YNL278W,0,-9.312719,0.09346642345190048,0.9809523820877075,0.9514285922050476
YKL168C,YOR308C,0,-9.332291,0.09338168799877167,0.9809523820877075,0.9523809552192688
YBL007C,YAL062W,0,-9.339037,0.09329710155725479,0.9809523820877075,0.95333331823349
YDR362C,YGL198W,0,-9.345442,0.09321267157793045,0.9809523820877075,0.954285740852356
YOL056W,YFL038C,0,-9.389803,0.09312839061021805,0.9809523820877075,0.9552381038665771
YMR224C,YKR100C,0,-9.406624,0.09304426610469818,0.9809523820877075,0.9561904668807983
YNR006W,YJL053W,1,-9.419121,0.09386281669139862,0.9904761910438538,0.9561904668807983
YPL105C,YOL112W,0,-9.480814,0.09377817809581757,0.9904761910438538,0.9571428298950195
YLR090W,YDR116C,0,-9.48325,0.09369369596242905,0.9904761910438538,0.9580952525138855
YBR275C,YDR328C,0,-9.486605,0.09360936284065247,0.9904761910438538,0.9590476155281067
YIL076W,YOR039W,0,-9.495544,0.09352517873048782,0.9904761910438538,0.9599999785423279
YBL058W,YDR507C,0,-9.50395,0.09344115108251572,0.9904761910438538,0.9609524011611938
YKL015W,YOR138C,0,-9.50396,0.09335727244615555,0.9904761910438538,0.961904764175415
YJL024C,YBR037C,0,-9.555714,0.09327354282140732,0.9904761910438538,0.9628571271896362
YKL165C,YML071C,0,-9.562593,0.09318996220827103,0.9904761910438538,0.9638095498085022
YBR030W,YOR070C,0,-9.575211,0.09310653805732727,0.9904761910438538,0.9647619128227234
YML059C,YOR090C,0,-9.576998,0.09302325546741486,0.9904761910438538,0.9657142758369446
YMR242C,YMR041C,0,-9.585714,0.09294012188911438,0.9904761910438538,0.9666666388511658
YJR126C,YHR204W,0,-9.58865,0.09285714477300644,0.9904761910438538,0.9676190614700317
YDR481C,YCR096C,0,-9.593586,0.09277430921792984,0.9904761910438538,0.9685714244842529
YFL047W,YOR219C,0,-9.678068,0.09269162267446518,0.9904761910438538,0.9695237874984741
YPR169W,YHR051W,0,-9.716471,0.09260908514261246,0.9904761910438538,0.9704762101173401
YDR251W,YKL114C,0,-9.731741,0.09252668917179108,0.9904761910438538,0.9714285731315613
YPL214C,YBR091C,0,-9.744928,0.09244444221258163,0.9904761910438538,0.9723809361457825
YGL172W,YGL190C,0,-9.748011,0.09236234426498413,0.9904761910438538,0.9733333587646484
YNL015W,YPL214C,0,-9.748102,0.09228038787841797,0.9904761910438538,0.9742857217788696
YLR295C,YGL025C,0,-9.77059,0.09219858050346375,0.9904761910438538,0.9752380847930908
YGL173C,YLR147C,0,-9.775312,0.09211691468954086,0.9904761910438538,0.976190447807312
YPL105C,YKL034W,0,-9.790873,0.09203539788722992,0.9904761910438538,0.977142870426178
YHR037W,YNL231C,0,-9.797653,0.09195402264595032,0.9904761910438538,0.9780952334403992
YFR014C,YIL118W,0,-9.819162,0.09187278896570206,0.9904761910438538,0.9790475964546204
YGL161C,YFR010W,0,-9.833654,0.09179170429706573,0.9904761910438538,0.9800000190734863
YML028W,YDL080C,0,-9.850227,0.09171076118946075,0.9904761910438538,0.9809523820877075
YGL127C,YGL025C,0,-9.8642025,0.09162995964288712,0.9904761910438538,0.9819047451019287
YBR281C,YKR014C,0,-9.883181,0.09154929220676422,0.9904761910438538,0.9828571677207947
YDR456W,YDR137W,1,-9.893318,0.09234828501939774,1.0,0.9828571677207947
YKL116C,YBL023C,0,-9.896875,0.09226713329553604,1.0,0.9838095307350159
YDR166C,YMR026C,0,-9.920624,0.09218613058328629,1.0,0.9847618937492371
YJL019W,YDR140W,0,-9.960739,0.09210526198148727,1.0,0.9857142567634583
YIL004C,YLL006W,0,-9.963919,0.0920245423913002,1.0,0.9866666793823242
YHR181W,YGL174W,0,-9.980087,0.09194395691156387,1.0,0.9876190423965454
YNL161W,YDR140W,0,-10.008959,0.09186352044343948,1.0,0.9885714054107666
YOL072W,YKR062W,0,-10.07802,0.09178321808576584,1.0,0.9895238280296326
YDR224C,YDR226W,0,-10.088808,0.09170305728912354,1.0,0.9904761910438538
YGR007W,YML081C-A,0,-10.097534,0.09162303805351257,1.0,0.991428554058075
YLR295C,YIL118W,0,-10.213789,0.09154315292835236,1.0,0.9923809766769409
YLR330W,YPR008W,0,-10.317472,0.09146341681480408,1.0,0.9933333396911621
YOR261C,YOR311C,0,-10.398176,0.09138381481170654,1.0,0.9942857027053833
YML032C,YHR150W,0,-10.533323,0.09130434691905975,1.0,0.9952380657196045
YMR075W,YDR168W,0,-10.537809,0.0912250205874443,1.0,0.9961904883384705
YHR190W,YMR002W,0,-10.605442,0.0911458358168602,1.0,0.9971428513526917
YBR074W,YKR014C,0,-10.650188,0.09106678515672684,1.0,0.9980952143669128
YJR058C,YDR470C,0,-11.256113,0.09098786860704422,1.0,0.9990476369857788
YGR167W,YBR036C,0,-11.7130375,0.09090909361839294,1.0,1.0
