Gene A,Gene B,Label,Score,Precision,Recall,False Positive Rate
YPL190C,YOR179C,1,3.9242635,1.0,0.0043290043249726295,0.0
YDR195W,YGR156W,1,3.6768093,1.0,0.008658008649945259,0.0
YJR017C,YDR228C,1,2.6630082,1.0,0.012987012974917889,0.0
YJR017C,YMR039C,1,1.9850566,1.0,0.017316017299890518,0.0
YPL190C,YGR156W,1,1.5259092,1.0,0.021645022556185722,0.0
YAL043C,YGR156W,1,1.0228424,1.0,0.025974025949835777,0.0
YNL222W,YMR039C,1,0.9157134,1.0,0.03030303120613098,0.0
YDR228C,YGR156W,1,0.88933873,1.0,0.034632034599781036,0.0
YIL131C,YOR179C,1,0.8005389,1.0,0.03896103799343109,0.0
YAL043C,YOR179C,1,0.75531733,1.0,0.043290045112371445,0.0
YPL190C,YLR430W,1,0.735288,1.0,0.0476190485060215,0.0
YJR017C,YAL043C,1,0.6892363,1.0,0.051948051899671555,0.0
YAL043C,YDR228C,1,0.68603206,1.0,0.05627705529332161,0.0
YMR039C,YGR156W,1,0.5226163,1.0,0.06060606241226196,0.0
YJR017C,YOR179C,1,0.42787147,1.0,0.06493506580591202,0.0
YAL043C,YLR430W,1,0.28819454,1.0,0.06926406919956207,0.0
YOR179C,YGR156W,1,0.23235591,1.0,0.07359307259321213,0.0
YFR014C,YLR292C,0,0.0826129,0.9444444179534912,0.07359307259321213,0.00043290044413879514
YNL222W,YGR156W,1,0.06316716,0.9473684430122375,0.07792207598686218,0.00043290044413879514
YNL025C,YNL055C,0,0.054761726,0.8999999761581421,0.07792207598686218,0.0008658008882775903
YPL190C,YKL018W,1,0.038489744,0.9047619104385376,0.08225107938051224,0.0008658008882775903
YNL251C,YDR195W,1,-0.005961774,0.9090909361839294,0.08658009022474289,0.0008658008882775903
YNL222W,YLR430W,1,-0.042562656,0.9130434989929199,0.09090909361839294,0.0008658008882775903
YMR243C,YHR118C,0,-0.0462082,0.875,0.09090909361839294,0.0012987012742087245
YJR017C,YDR195W,1,-0.05198452,0.8799999952316284,0.095238097012043,0.0012987012742087245
YKL018W,YMR039C,1,-0.061827432,0.8846153616905212,0.09956710040569305,0.0012987012742087245
YLR277C,YGR156W,1,-0.067093246,0.8888888955116272,0.10389610379934311,0.0012987012742087245
YPL190C,YGL246C,1,-0.09426364,0.8928571343421936,0.10822510719299316,0.0012987012742087245
YER133W,YKL018W,1,-0.10870079,0.8965517282485962,0.11255411058664322,0.0012987012742087245
YJR017C,YNL222W,1,-0.116766796,0.8999999761581421,0.11688311398029327,0.0012987012742087245
YAL043C,YKL018W,1,-0.12679596,0.9032257795333862,0.12121212482452393,0.0012987012742087245
YLR430W,YGR156W,1,-0.13816708,0.90625,0.12554112076759338,0.0012987012742087245
YNL222W,YDR195W,1,-0.151841,0.9090909361839294,0.12987013161182404,0.0012987012742087245
YAL043C,YNL222W,1,-0.15654692,0.9117646813392639,0.1341991275548935,0.0012987012742087245
YDL230W,YDR395W,0,-0.15945719,0.8857142925262451,0.1341991275548935,0.0017316017765551805
YBR060C,YCR044C,0,-0.16187844,0.8611111044883728,0.1341991275548935,0.0021645021624863148
YER133W,YDR228C,1,-0.16857871,0.8648648858070374,0.13852813839912415,0.0021645021624863148
YDR078C,YNR030W,0,-0.17882037,0.8421052694320679,0.13852813839912415,0.002597402548417449
YER133W,YMR039C,1,-0.18534881,0.8461538553237915,0.1428571492433548,0.002597402548417449
YAL043C,YGL246C,1,-0.20091057,0.8500000238418579,0.14718614518642426,0.002597402548417449
YIL120W,YDR110W,0,-0.21153435,0.8292682766914368,0.14718614518642426,0.0030303029343485832
YOR090C,YCL001W,0,-0.24154127,0.8095238208770752,0.14718614518642426,0.003463203553110361
YDR195W,YLR430W,1,-0.27415738,0.8139534592628479,0.1515151560306549,0.003463203553110361
YBR049C,YGR156W,1,-0.29608572,0.8181818127632141,0.15584415197372437,0.003463203553110361
YKL018W,YGR156W,1,-0.30712843,0.8222222328186035,0.16017316281795502,0.003463203553110361
YKL058W,YJL035C,0,-0.30766714,0.804347813129425,0.16017316281795502,0.0038961039390414953
YMR039C,YOR179C,1,-0.32761973,0.8085106611251831,0.16450215876102448,0.0038961039390414953
YPL190C,YNL222W,1,-0.33095556,0.8125,0.16883116960525513,0.0038961039390414953
YDR195W,YIL131C,1,-0.34927773,0.8163265585899353,0.17316018044948578,0.0038961039390414953
YDR228C,YMR039C,1,-0.3556147,0.8199999928474426,0.17748917639255524,0.0038961039390414953
YJL167W,YDR246W,0,-0.37065575,0.8039215803146362,0.17748917639255524,0.0043290043249726295
YGL243W,YMR156C,0,-0.3716391,0.7884615659713745,0.17748917639255524,0.004761904943734407
YKL018W,YOR179C,1,-0.38852048,0.7924528121948242,0.1818181872367859,0.004761904943734407
YPL115C,YDR168W,0,-0.4103751,0.7777777910232544,0.1818181872367859,0.005194805096834898
YJR017C,YDR289C,1,-0.41720426,0.7818182110786438,0.18614718317985535,0.005194805096834898
YAL043C,YIL131C,1,-0.42573985,0.7857142686843872,0.190476194024086,0.005194805096834898
YJR102C,YGR120C,0,-0.4448201,0.7719298005104065,0.190476194024086,0.005627705715596676
YLR115W,YOR179C,1,-0.44659883,0.7758620977401733,0.19480518996715546,0.005627705715596676
YJR084W,YML127W,0,-0.4576928,0.7627118825912476,0.19480518996715546,0.0060606058686971664
YBR121C,YDR228C,1,-0.47484598,0.7666666507720947,0.1991342008113861,0.0060606058686971664
YNL222W,YDR228C,1,-0.47619483,0.7704917788505554,0.20346319675445557,0.0060606058686971664
YPL120W,YDR328C,0,-0.48894867,0.7580645084381104,0.20346319675445557,0.006493506487458944
YPL190C,YLR277C,1,-0.49413732,0.761904776096344,0.20779220759868622,0.006493506487458944
YGL025C,YKL080W,0,-0.49482906,0.75,0.20779220759868622,0.006926407106220722
YDL235C,YKR079C,0,-0.49988768,0.7384615540504456,0.20779220759868622,0.007359307259321213
YMR274C,YPR106W,0,-0.50609815,0.7272727489471436,0.20779220759868622,0.007792207878082991
YJR084W,YNL048W,0,-0.5094797,0.7164179086685181,0.20779220759868622,0.008225108496844769
YDR175C,YDR105C,0,-0.51736903,0.7058823704719543,0.20779220759868622,0.008658008649945259
YKL018W,YDR289C,1,-0.5180081,0.7101449370384216,0.21212121844291687,0.008658008649945259
YLR442C,YBL038W,0,-0.5309355,0.699999988079071,0.21212121844291687,0.00909090880304575
YLR115W,YGR156W,1,-0.5322757,0.7042253613471985,0.21645021438598633,0.00909090880304575
YIL075C,YPL115C,0,-0.5345465,0.6944444179534912,0.21645021438598633,0.009523809887468815
YBR121C,YER133W,1,-0.54092216,0.698630154132843,0.22077922523021698,0.009523809887468815
YGR109W-A,YGR208W,0,-0.5463769,0.6891891956329346,0.22077922523021698,0.009956710040569305
YGR109W-A,YCL035C,0,-0.5466424,0.6800000071525574,0.22077922523021698,0.010389610193669796
YOL055C,YPR158W-B,0,-0.54676616,0.6710526347160339,0.22077922523021698,0.010822511278092861
YDR098C-A,YPL224C,0,-0.54765177,0.6623376607894897,0.22077922523021698,0.011255411431193352
YGR109W-A,YDR188W,0,-0.5480581,0.6538461446762085,0.22077922523021698,0.011688311584293842
YDR098C-A,YKR089C,0,-0.5481005,0.6455696225166321,0.22077922523021698,0.012121211737394333
YDR210C-D,YBR034C,0,-0.54937303,0.637499988079071,0.22077922523021698,0.012554112821817398
YOR191W,YDR210W-C,0,-0.54940736,0.6296296119689941,0.22077922523021698,0.012987012974917889
YJR027W,YBR100W,0,-0.54940736,0.6219512224197388,0.22077922523021698,0.01341991312801838
YBR200W-A,YPL076W,0,-0.54940736,0.6144578456878662,0.22077922523021698,0.013852814212441444
YGR244C,YOR343C-A,0,-0.54940736,0.6071428656578064,0.22077922523021698,0.014285714365541935
YJL133C-A,YKR079C,0,-0.54940736,0.6000000238418579,0.22077922523021698,0.014718614518642426
YBR130C,YJL133C-A,0,-0.54940736,0.5930232405662537,0.22077922523021698,0.01515151560306549
YOL042W,YJL133C-A,0,-0.54940736,0.5862069129943848,0.22077922523021698,0.015584415756165981
YGR097W,YDR210W-C,0,-0.54940736,0.5795454382896423,0.22077922523021698,0.016017315909266472
YDR148C,YDR210W-C,0,-0.54940736,0.5730336904525757,0.22077922523021698,0.016450216993689537
YNL318C,YBR200W-A,0,-0.54940736,0.5666666626930237,0.22077922523021698,0.016883116215467453
YBR200W-A,YGL018C,0,-0.54940736,0.5604395866394043,0.22077922523021698,0.017316017299890518
YPR071W,YER053C-A,0,-0.54940736,0.554347813129425,0.22077922523021698,0.017748918384313583
YBR200W-A,YKL029C,0,-0.54940736,0.5483871102333069,0.22077922523021698,0.0181818176060915
YMR322C,YOR343C-A,0,-0.54940736,0.542553186416626,0.22077922523021698,0.018614718690514565
YBR233W-A,YNL284C-B,0,-0.54940736,0.5368421077728271,0.22077922523021698,0.01904761977493763
YLR092W,YER053C-A,0,-0.54940736,0.53125,0.22077922523021698,0.019480518996715546
YJR131W,YDR210W-C,0,-0.54940736,0.5257731676101685,0.22077922523021698,0.01991342008113861
YDL124W,YHR079C-B,0,-0.54940736,0.5204081535339355,0.22077922523021698,0.020346321165561676
YGL058W,YOR343C-A,0,-0.54940736,0.5151515007019043,0.22077922523021698,0.020779220387339592
YJL133C-A,YBL063W,0,-0.54940736,0.5099999904632568,0.22077922523021698,0.021212121471762657
YFR024C,YLR460C,0,-0.54940736,0.5049505233764648,0.22077922523021698,0.021645022556185722
YOL144W,YOR343C-A,0,-0.54940736,0.5,0.22077922523021698,0.02207792177796364
YJL133C-A,YJR027W,0,-0.54940736,0.49514561891555786,0.22077922523021698,0.022510822862386703
YCR107W,YOR343C-A,0,-0.54940736,0.49038460850715637,0.22077922523021698,0.02294372208416462
YJL133C-A,YHR110W,0,-0.54940736,0.48571428656578064,0.22077922523021698,0.023376623168587685
YDR210C-D,YEL024W,0,-0.550002,0.4811320900917053,0.22077922523021698,0.02380952425301075
YEL001C,YNL054W-A,0,-0.55219835,0.47663551568984985,0.22077922523021698,0.024242423474788666
YIL098C,YOL103W-A,0,-0.5526247,0.4722222089767456,0.22077922523021698,0.02467532455921173
YPL190C,YDR301W,1,-0.55269194,0.47706422209739685,0.22510822117328644,0.02467532455921173
YDR201W,YLR248W,0,-0.5540114,0.4727272689342499,0.22510822117328644,0.025108225643634796
YMR318C,YNL054W-A,0,-0.55461407,0.46846845746040344,0.22510822117328644,0.025541124865412712
YIL022W,YOL103W-A,0,-0.5547137,0.4642857015132904,0.22510822117328644,0.025974025949835777
YGR109W-A,YHR149C,0,-0.5558561,0.4601770043373108,0.22510822117328644,0.026406927034258842
YJL054W,YOL103W-A,0,-0.55673295,0.45614033937454224,0.22510822117328644,0.02683982625603676
YIL131C,YGR156W,1,-0.55729926,0.46086955070495605,0.2294372320175171,0.02683982625603676
YNL284C-B,YNL029C,0,-0.55935854,0.4568965435028076,0.2294372320175171,0.027272727340459824
YER063W,YDR316W-B,0,-0.5602523,0.45299145579338074,0.2294372320175171,0.02770562842488289
YKR053C,YNL054W-A,0,-0.5609821,0.44915252923965454,0.2294372320175171,0.028138527646660805
YDR228C,YBR049C,1,-0.56896263,0.45378151535987854,0.23376622796058655,0.028138527646660805
YJL057C,YOL103W-A,0,-0.57107407,0.44999998807907104,0.23376622796058655,0.02857142873108387
YDR316W-B,YOR048C,0,-0.57224804,0.44628098607063293,0.23376622796058655,0.029004329815506935
YKR064W,YNL054W-A,0,-0.5735779,0.44262295961380005,0.23376622796058655,0.02943722903728485
YDR210C-D,YPR095C,0,-0.5736636,0.4390243887901306,0.23376622796058655,0.029870130121707916
YOR027W,YNL054W-A,0,-0.57392204,0.4354838728904724,0.23376622796058655,0.03030303120613098
YNL103W,YNL164C,0,-0.5754129,0.4320000112056732,0.23376622796058655,0.030735930427908897
YLR115W,YLR277C,1,-0.57610023,0.4365079402923584,0.2380952388048172,0.030735930427908897
YJL021C,YNL176C,0,-0.57816786,0.4330708682537079,0.2380952388048172,0.031168831512331963
YER063W,YML059C,0,-0.58020973,0.4296875,0.2380952388048172,0.03160173073410988
YDR210C-D,YNL142W,0,-0.5864537,0.42635658383369446,0.2380952388048172,0.032034631818532944
YPR017C,YDR080W,0,-0.5891911,0.42307692766189575,0.2380952388048172,0.03246753290295601
YDR316W-B,YOL061W,0,-0.59203035,0.4198473393917084,0.2380952388048172,0.032900433987379074
YLR259C,YER129W,0,-0.5926702,0.4166666567325592,0.2380952388048172,0.03333333507180214
YJL078C,YOL103W-A,0,-0.5965221,0.4135338366031647,0.2380952388048172,0.033766232430934906
YDR189W,YJL035C,0,-0.5974527,0.41044774651527405,0.2380952388048172,0.03419913351535797
YAR042W,YPR057W,0,-0.598225,0.40740740299224854,0.2380952388048172,0.034632034599781036
YIL014W,YMR149W,0,-0.6141958,0.40441176295280457,0.2380952388048172,0.0350649356842041
YDR105C,YER129W,0,-0.61528397,0.40145984292030334,0.2380952388048172,0.03549783676862717
YNL020C,YHR214C-C,0,-0.6159723,0.39855071902275085,0.2380952388048172,0.035930734127759933
YLR227W-A,YIL144W,0,-0.6249012,0.3956834673881531,0.2380952388048172,0.036363635212183
YNL059C,YDR098C-B,0,-0.62588966,0.3928571343421936,0.2380952388048172,0.036796536296606064
YDR289C,YGR156W,1,-0.63830876,0.39716312289237976,0.24242424964904785,0.036796536296606064
YLR227W-A,YIL107C,0,-0.6393055,0.39436620473861694,0.24242424964904785,0.03722943738102913
YDR188W,YLR154W-C,0,-0.6409259,0.3916083872318268,0.24242424964904785,0.037662338465452194
YDR098C-A,YDR365C,0,-0.6462256,0.3888888955116272,0.24242424964904785,0.03809523954987526
YBR254C,YGL087C,0,-0.65131605,0.38620689511299133,0.24242424964904785,0.038528136909008026
YKL058W,YDR365W-A,0,-0.66246915,0.3835616409778595,0.24242424964904785,0.03896103799343109
YNL054W-A,YMR074C,0,-0.6646371,0.380952388048172,0.24242424964904785,0.039393939077854156
YNL038W,YNL054W-A,0,-0.67050457,0.37837839126586914,0.24242424964904785,0.03982684016227722
YDR098C-A,YBR028C,0,-0.670617,0.3758389353752136,0.24242424964904785,0.04025974124670029
YER133W,YBR049C,1,-0.67224574,0.3799999952316284,0.2467532455921173,0.04025974124670029
YOL103W-A,YNL063W,0,-0.67364824,0.37748345732688904,0.2467532455921173,0.04069264233112335
YLR052W,YOL103W-A,0,-0.67650294,0.375,0.2467532455921173,0.04112553969025612
YDR078C,YPL063W,0,-0.68053967,0.37254902720451355,0.2467532455921173,0.041558440774679184
YLR227W-A,YDL100C,0,-0.6810516,0.37012988328933716,0.2467532455921173,0.04199134185910225
YPL190C,YNL251C,1,-0.68263197,0.37419354915618896,0.25108224153518677,0.04199134185910225
YCL005W-A,YMR041C,0,-0.68436205,0.3717948794364929,0.25108224153518677,0.042424242943525314
YER149C,YDR316W-B,0,-0.6850296,0.36942675709724426,0.25108224153518677,0.04285714402794838
YJR084W,YKR100C,0,-0.68922544,0.3670886158943176,0.25108224153518677,0.043290045112371445
YOL086W-A,YNL118C,0,-0.6942298,0.36477985978126526,0.25108224153518677,0.04372294247150421
YDR098C-A,YNL024C,0,-0.6945995,0.36250001192092896,0.25108224153518677,0.04415584355592728
YPL190C,YDR228C,1,-0.6980789,0.3664596378803253,0.2554112672805786,0.04415584355592728
YDR328C,YDR080W,0,-0.70004916,0.3641975224018097,0.2554112672805786,0.04458874464035034
YPR161C,YDR188W,0,-0.7022733,0.3619631826877594,0.2554112672805786,0.04502164572477341
YLR417W,YMR225C,0,-0.70764184,0.35975611209869385,0.2554112672805786,0.04545454680919647
YER139C,YGL198W,0,-0.7118022,0.35757574439048767,0.2554112672805786,0.04588744416832924
YBR233W-A,YGL243W,0,-0.71512157,0.35542169213294983,0.2554112672805786,0.046320345252752304
YOL096C,YPR046W,0,-0.7187284,0.35329341888427734,0.2554112672805786,0.04675324633717537
YPL190C,YMR039C,1,-0.7210253,0.3571428656578064,0.25974026322364807,0.04675324633717537
YLR059C,YDR243C,0,-0.7219756,0.3550295829772949,0.25974026322364807,0.047186147421598434
YLR001C,YOR109W,0,-0.7245228,0.3529411852359772,0.25974026322364807,0.0476190485060215
YOR249C,YMR001C,0,-0.7268181,0.35087719559669495,0.25974026322364807,0.048051949590444565
YGR099W,YFL061W,0,-0.73351246,0.3488371968269348,0.25974026322364807,0.04848484694957733
YNL167C,YCL001W,0,-0.74026585,0.34682080149650574,0.25974026322364807,0.0489177480340004
YLR345W,YGR109W-A,0,-0.7403196,0.3448275923728943,0.25974026322364807,0.04935064911842346
YKL002W,YNL081C,0,-0.74184513,0.34285715222358704,0.25974026322364807,0.04978355020284653
YIL022W,YBR180W,0,-0.74560136,0.34090909361839294,0.25974026322364807,0.05021645128726959
YIR004W,YKL032C,0,-0.75403666,0.33898305892944336,0.25974026322364807,0.05064935237169266
YHR214C-C,YMR156C,0,-0.7555073,0.33707866072654724,0.25974026322364807,0.051082249730825424
YER133W,YIL131C,1,-0.7571951,0.34078213572502136,0.26406925916671753,0.051082249730825424
YOL086W-A,YNL278W,0,-0.7632435,0.33888888359069824,0.26406925916671753,0.05151515081524849
YLR277C,YPL049C,0,-0.7698036,0.33701658248901367,0.26406925916671753,0.051948051899671555
YIR004W,YER178W,0,-0.77383006,0.3351648449897766,0.26406925916671753,0.05238095298409462
YNR032C-A,YML127W,0,-0.7778387,0.3333333432674408,0.26406925916671753,0.052813854068517685
YOR034C,YGL195W,0,-0.7835833,0.33152174949645996,0.26406925916671753,0.05324675142765045
YCL012W,YHL015W,0,-0.785529,0.32972973585128784,0.26406925916671753,0.05367965251207352
YDR195W,YLR277C,1,-0.7913257,0.3333333432674408,0.268398255109787,0.05367965251207352
YBR049C,YPR086W,0,-0.7929635,0.33155080676078796,0.268398255109787,0.05411255359649658
YBR208C,YDR179C,0,-0.7948632,0.3297872245311737,0.268398255109787,0.05454545468091965
YDR228C,YLR277C,1,-0.7961279,0.3333333432674408,0.27272728085517883,0.05454545468091965
YNL251C,YOR048C,1,-0.7998632,0.3368421196937561,0.2770562767982483,0.05454545468091965
YMR048W,YLR011W,0,-0.8015167,0.33507853746414185,0.2770562767982483,0.05497835576534271
YMR039C,YBR049C,1,-0.80622125,0.3385416567325592,0.28138527274131775,0.05497835576534271
YBR279W,YOR086C,0,-0.80635405,0.33678755164146423,0.28138527274131775,0.05541125684976578
YDR175C,YBR100W,0,-0.8096592,0.3350515365600586,0.28138527274131775,0.055844154208898544
YNL222W,YKL018W,1,-0.8100743,0.3384615480899811,0.2857142984867096,0.055844154208898544
YER133W,YNL222W,1,-0.8107412,0.34183672070503235,0.29004329442977905,0.055844154208898544
YDR098C-B,YDR244W,0,-0.8111919,0.3401015102863312,0.29004329442977905,0.05627705529332161
YOL020W,YOR081C,0,-0.8151686,0.33838382363319397,0.29004329442977905,0.056709956377744675
YMR039C,YLR430W,1,-0.8167603,0.34170854091644287,0.2943722903728485,0.056709956377744675
YLR360W,YOR195W,0,-0.81720316,0.3400000035762787,0.2943722903728485,0.05714285746216774
YML061C,YNL288W,0,-0.8209801,0.3383084535598755,0.2943722903728485,0.057575758546590805
YDR228C,YDR195W,1,-0.8229637,0.34158414602279663,0.29870128631591797,0.057575758546590805
YBL031W,YLR154W-C,0,-0.8296169,0.33990147709846497,0.29870128631591797,0.05800865963101387
YNL284C-B,YPR143W,0,-0.8338248,0.3382352888584137,0.29870128631591797,0.05844155699014664
YNL263C,YBL014C,0,-0.8393972,0.3365853726863861,0.29870128631591797,0.0588744580745697
YKL145W,YBR248C,0,-0.8448887,0.3349514603614807,0.29870128631591797,0.05930735915899277
YJL110C,YAL051W,0,-0.85184216,0.3333333432674408,0.29870128631591797,0.05974026024341583
YOR011W,YPL239W,0,-0.85610473,0.33173078298568726,0.29870128631591797,0.0601731613278389
YOR101W,YBR090C-A,0,-0.8635066,0.330143541097641,0.29870128631591797,0.06060606241226196
YDL230W,YNL048W,0,-0.86357194,0.3285714387893677,0.29870128631591797,0.06103895977139473
YOR016C,YJR108W,0,-0.8656666,0.3270142078399658,0.29870128631591797,0.061471860855817795
YGL246C,YGR156W,1,-0.86673564,0.33018869161605835,0.3030303120613098,0.061471860855817795
YNL251C,YGR156W,1,-0.86910677,0.3333333432674408,0.3073593080043793,0.061471860855817795
YPR097W,YLR299W,0,-0.87242824,0.3317756950855255,0.3073593080043793,0.06190476194024086
YOL020W,YER129W,0,-0.8742557,0.33023256063461304,0.3073593080043793,0.062337663024663925
YBR107C,YGL027C,0,-0.87470067,0.32870370149612427,0.3073593080043793,0.06277056038379669
YDR490C,YCR086W,0,-0.8750164,0.3271889388561249,0.3073593080043793,0.06320346146821976
YDR195W,YOR179C,1,-0.8778714,0.3302752375602722,0.31168830394744873,0.06320346146821976
YDR210C-D,YJR027W,0,-0.87845814,0.3287671208381653,0.31168830394744873,0.06363636255264282
YPL190C,YAL043C,1,-0.8784946,0.33181819319725037,0.3160173296928406,0.06363636255264282
YLR417W,YLR115W,0,-0.87862444,0.3303167521953583,0.3160173296928406,0.06406926363706589
YIL118W,YDR303C,0,-0.879207,0.3288288414478302,0.3160173296928406,0.06450216472148895
YBR211C,YDR284C,0,-0.8812251,0.3273542523384094,0.3160173296928406,0.06493506580591202
YLR154W-C,YBR015C,0,-0.89174277,0.3258928656578064,0.3160173296928406,0.06536796689033508
YAL043C,YOR048C,1,-0.891909,0.3288888931274414,0.32034632563591003,0.06536796689033508
YGR161W-A,YBR112C,0,-0.89295965,0.32743361592292786,0.32034632563591003,0.06580086797475815
YEL018W,YDR438W,0,-0.89380515,0.3259911835193634,0.32034632563591003,0.06623376905918121
YGR099W,YMR091C,0,-0.9052558,0.3245614171028137,0.32034632563591003,0.06666667014360428
YDR228C,YKL018W,1,-0.90555906,0.32751092314720154,0.3246753215789795,0.06666667014360428
YJR017C,YGR156W,1,-0.90918505,0.33043476939201355,0.32900431752204895,0.06666667014360428
YNL233W,YDR386W,0,-0.90981007,0.32900431752204895,0.32900431752204895,0.06709956377744675
YOL011W,YKL134C,0,-0.9119865,0.32758620381355286,0.32900431752204895,0.06753246486186981
YIL147C,YER005W,0,-0.9120779,0.32618024945259094,0.32900431752204895,0.06796536594629288
YER041W,YNL023C,0,-0.91516376,0.32478633522987366,0.32900431752204895,0.06839826703071594
YMR286W,YHR185C,0,-0.91885275,0.3234042525291443,0.32900431752204895,0.06883116811513901
YPL190C,YER133W,1,-0.9204848,0.3262711763381958,0.3333333432674408,0.06883116811513901
YKL002W,YKL051W,0,-0.9213128,0.324894517660141,0.3333333432674408,0.06926406919956207
YJL012C,YER108C,0,-0.9251537,0.3235294222831726,0.3333333432674408,0.06969697028398514
YOR241W,YPL117C,0,-0.9252651,0.3221757411956787,0.3333333432674408,0.0701298713684082
YPR128C,YLR181C,0,-0.9297284,0.32083332538604736,0.3333333432674408,0.07056277245283127
YDR490C,YIR019C,0,-0.93097293,0.3195020854473114,0.3333333432674408,0.07099567353725433
YFR027W,YBR114W,0,-0.9314648,0.3181818127632141,0.3333333432674408,0.0714285746216774
YPR158W-B,YOR019W,0,-0.93673956,0.31687241792678833,0.3333333432674408,0.07186146825551987
YLR288C,YPL173W,0,-0.9367733,0.3155737817287445,0.3333333432674408,0.07229436933994293
YCL017C,YOR260W,0,-0.9377345,0.3142857253551483,0.3333333432674408,0.072727270424366
YKR064W,YDR268W,0,-0.9406445,0.3130081295967102,0.3333333432674408,0.07316017150878906
YJR117W,YGL238W,0,-0.9461762,0.311740905046463,0.3333333432674408,0.07359307259321213
YML021C,YPL225W,0,-0.9520644,0.3104838728904724,0.3333333432674408,0.07402597367763519
YDR301W,YLR115W,1,-0.9544816,0.3132530152797699,0.33766233921051025,0.07402597367763519
YER063W,YNR055C,0,-0.95480955,0.31200000643730164,0.33766233921051025,0.07445887476205826
YPL190C,YIL131C,1,-0.9561089,0.3147410452365875,0.3419913351535797,0.07445887476205826
YOL042W,YGL167C,0,-0.9588721,0.3134920597076416,0.3419913351535797,0.07489177584648132
YKR085C,YGL238W,0,-0.9620044,0.3122529685497284,0.3419913351535797,0.07532467693090439
YER031C,YOR262W,0,-0.96236986,0.31102362275123596,0.3419913351535797,0.07575757801532745
YKL018W,YDR195W,1,-0.96549684,0.3137255012989044,0.34632036089897156,0.07575757801532745
YOL078W,YJR050W,0,-0.9660357,0.3125,0.34632036089897156,0.07619047909975052
YJR052W,YPR141C,0,-0.96607065,0.31128403544425964,0.34632036089897156,0.07662338018417358
YGR097W,YIL008W,0,-0.9672437,0.3100775182247162,0.34632036089897156,0.07705627381801605
YOR048C,YGR156W,1,-0.96859765,0.31274130940437317,0.350649356842041,0.07705627381801605
YLR189C,YGL049C,0,-0.9764507,0.3115384578704834,0.350649356842041,0.07748917490243912
YOL042W,YML055W,0,-0.977036,0.3103448152542114,0.350649356842041,0.07792207598686218
YPL190C,YBR049C,1,-0.97878957,0.3129771053791046,0.3549783527851105,0.07792207598686218
YGL246C,YMR039C,1,-0.9802873,0.31558936834335327,0.35930734872817993,0.07792207598686218
YAL043C,YDR195W,1,-0.9816848,0.3181818127632141,0.3636363744735718,0.07792207598686218
YGL061C,YDR179C,0,-0.982554,0.31698113679885864,0.3636363744735718,0.07835497707128525
YBR121C,YDR195W,1,-0.9849857,0.3195488750934601,0.36796537041664124,0.07835497707128525
YKR089C,YBR162W-A,0,-0.9879125,0.318352073431015,0.36796537041664124,0.07878787815570831
YOR249C,YGL111W,0,-0.9884738,0.31716418266296387,0.36796537041664124,0.07922077924013138
YLR115W,YBR049C,1,-0.98942506,0.3197025954723358,0.3722943663597107,0.07922077924013138
YPR120C,YKL087C,0,-0.9902097,0.3185185194015503,0.3722943663597107,0.07965368032455444
YOL103W-A,YHR190W,0,-0.99112713,0.31734317541122437,0.3722943663597107,0.08008658140897751
YLL031C,YER005W,0,-0.99879014,0.31617647409439087,0.3722943663597107,0.08051948249340057
YEL018W,YNL246W,0,-0.9998665,0.31501832604408264,0.3722943663597107,0.08095238357782364
YKL026C,YBR090C-A,0,-1.0038552,0.31386861205101013,0.3722943663597107,0.0813852846622467
YLR085C,YDR303C,0,-1.0110611,0.31272727251052856,0.3722943663597107,0.08181817829608917
YOL023W,YJR049C,0,-1.0160019,0.3115941882133484,0.3722943663597107,0.08225107938051224
YNL263C,YBR131W,0,-1.0195987,0.31046929955482483,0.3722943663597107,0.0826839804649353
YBR060C,YKL039W,0,-1.0210581,0.3093525171279907,0.3722943663597107,0.08311688154935837
YLR052W,YMR041C,0,-1.0216781,0.3082437217235565,0.3722943663597107,0.08354978263378143
YNL263C,YOR316C,0,-1.0237437,0.30714285373687744,0.3722943663597107,0.0839826837182045
YDL018C,YPL075W,0,-1.0322442,0.30604982376098633,0.3722943663597107,0.08441558480262756
YMR274C,YPR046W,0,-1.0333312,0.304964542388916,0.3722943663597107,0.08484848588705063
YNL056W,YPR055W,0,-1.0334959,0.30388692021369934,0.3722943663597107,0.0852813869714737
YGR055W,YGR109W-A,0,-1.0352573,0.30281689763069153,0.3722943663597107,0.08571428805589676
YER063W,YKL194C,0,-1.0378306,0.3017543852329254,0.3722943663597107,0.08614718914031982
YBR119W,YKL040C,0,-1.041832,0.30069929361343384,0.3722943663597107,0.08658009022474289
YML057W,YPR180W,0,-1.0468664,0.299651563167572,0.3722943663597107,0.08701298385858536
YJL013C,YPL161C,0,-1.0524869,0.2986111044883728,0.3722943663597107,0.08744588494300842
YDR397C,YIR026C,0,-1.0535406,0.2975778579711914,0.3722943663597107,0.08787878602743149
YKR049C,YDR098C-B,0,-1.0571795,0.29655173420906067,0.3722943663597107,0.08831168711185455
YDR301W,YOR048C,1,-1.0685064,0.2989690601825714,0.37662336230278015,0.08831168711185455
YPR071W,YHR114W,0,-1.0687685,0.29794520139694214,0.37662336230278015,0.08874458819627762
YGR024C,YOR335C,0,-1.0709,0.2969283163547516,0.37662336230278015,0.08917748928070068
YPR067W,YDR110W,0,-1.0714153,0.29591837525367737,0.37662336230278015,0.08961039036512375
YPL004C,YER123W,0,-1.0754058,0.29491525888442993,0.37662336230278015,0.09004329144954681
YPR161C,YDR292C,0,-1.0809133,0.2939189076423645,0.37662336230278015,0.09047619253396988
YDR372C,YDR005C,0,-1.0828247,0.2929292917251587,0.37662336230278015,0.09090909361839294
YPR158W-B,YDR386W,0,-1.0842648,0.29194632172584534,0.37662336230278015,0.09134199470281601
YML081W,YFR025C,0,-1.0862545,0.2909699082374573,0.37662336230278015,0.09177488833665848
YKL018W,YIL131C,1,-1.0885817,0.2933333218097687,0.380952388048172,0.09177488833665848
YHR165C,YMR226C,0,-1.0926253,0.2923588156700134,0.380952388048172,0.09220778942108154
YFR024C,YKL149C,0,-1.0930953,0.29139071702957153,0.380952388048172,0.09264069050550461
YLR249W,YEL051W,0,-1.0947223,0.2904290556907654,0.380952388048172,0.09307359158992767
YAR033W,YPR133C,0,-1.0976171,0.28947368264198303,0.380952388048172,0.09350649267435074
YPL021W,YMR074C,0,-1.0981301,0.2885245978832245,0.380952388048172,0.0939393937587738
YKL016C,YCR018C,0,-1.099448,0.2875817120075226,0.380952388048172,0.09437229484319687
YDR175C,YLR011W,0,-1.1032667,0.28664496541023254,0.380952388048172,0.09480519592761993
YER133W,YGL246C,1,-1.1036363,0.2889610528945923,0.38528138399124146,0.09480519592761993
YBR119W,YDR395W,0,-1.1066887,0.2880258858203888,0.38528138399124146,0.095238097012043
YLR220W,YHR150W,0,-1.1107461,0.28709676861763,0.38528138399124146,0.09567099809646606
YJL186W,YJL127C,0,-1.1131871,0.28617364168167114,0.38528138399124146,0.09610389918088913
YLR377C,YPL168W,0,-1.1166118,0.28525641560554504,0.38528138399124146,0.0965367928147316
YER005W,YOL051W,0,-1.1201277,0.2843450605869293,0.38528138399124146,0.09696969389915466
YNL251C,YLR430W,1,-1.1210096,0.2866241931915283,0.3896103799343109,0.09696969389915466
YPL239W,YOR060C,0,-1.1242776,0.2857142984867096,0.3896103799343109,0.09740259498357773
YDR145W,YKL138C-A,0,-1.12619,0.2848101258277893,0.3896103799343109,0.0978354960680008
YDR316W-B,YLR196W,0,-1.1306163,0.28391167521476746,0.3896103799343109,0.09826839715242386
YHL011C,YER178W,0,-1.1314895,0.2830188572406769,0.3896103799343109,0.09870129823684692
YNR048W,YIL005W,0,-1.1323631,0.2821316719055176,0.3896103799343109,0.09913419932126999
YJR017C,YDR301W,1,-1.133531,0.28437501192092896,0.39393940567970276,0.09913419932126999
YNL222W,YLR277C,1,-1.1343287,0.2866043746471405,0.3982684016227722,0.09913419932126999
YKL155C,YDL018C,0,-1.1439487,0.2857142984867096,0.3982684016227722,0.09956710040569305
YER133W,YDR289C,1,-1.1448687,0.28792569041252136,0.4025973975658417,0.09956710040569305
YOL009C,YDL139C,0,-1.1453502,0.28703704476356506,0.4025973975658417,0.10000000149011612
YBL080C,YNL029C,0,-1.1492103,0.2861538529396057,0.4025973975658417,0.10043290257453918
YFR047C,YOR357C,0,-1.1528382,0.2852760851383209,0.4025973975658417,0.10086580365896225
YBR060C,YNL068C,0,-1.1541836,0.2844036817550659,0.4025973975658417,0.10129870474338531
YGR103W,YHL026C,0,-1.1550132,0.2835365831851959,0.4025973975658417,0.10173159837722778
YDR210C-D,YOL121C,0,-1.1591551,0.28267475962638855,0.4025973975658417,0.10216449946165085
YDR261C,YER129W,0,-1.1608902,0.2818181812763214,0.4025973975658417,0.10259740054607391
YCL051W,YFR038W,0,-1.1657062,0.28096675872802734,0.4025973975658417,0.10303030163049698
YPR071W,YOR253W,0,-1.168259,0.28012049198150635,0.4025973975658417,0.10346320271492004
YKL052C,YER108C,0,-1.1703373,0.27927929162979126,0.4025973975658417,0.10389610379934311
YDR399W,YBR023C,0,-1.1718302,0.2784431278705597,0.4025973975658417,0.10432900488376617
YBR121C,YBR049C,1,-1.1737359,0.2805970013141632,0.40692639350891113,0.10432900488376617
YBR162W-A,YFR049W,0,-1.1753304,0.2797619104385376,0.40692639350891113,0.10476190596818924
YLR239C,YPL063W,0,-1.1760828,0.27893173694610596,0.40692639350891113,0.1051948070526123
YOL051W,YGR040W,0,-1.1774509,0.2781065106391907,0.40692639350891113,0.10562770813703537
YBR168W,YMR002W,0,-1.1781939,0.2772861421108246,0.40692639350891113,0.10606060922145844
YIL068C,YGL016W,0,-1.1790919,0.2764706015586853,0.40692639350891113,0.1064935028553009
YGR235C,YDR098C-A,0,-1.1828945,0.27565982937812805,0.40692639350891113,0.10692640393972397
YOR117W,YJR052W,0,-1.1841757,0.27485379576683044,0.40692639350891113,0.10735930502414703
YOR129C,YNL038W,0,-1.1842034,0.2740524709224701,0.40692639350891113,0.1077922061085701
YGR178C,YGR260W,0,-1.185547,0.2732558250427246,0.40692639350891113,0.10822510719299316
YIL106W,YKL087C,0,-1.1892638,0.27246376872062683,0.40692639350891113,0.10865800827741623
YEL020W-A,YMR183C,0,-1.19155,0.27167630195617676,0.40692639350891113,0.1090909093618393
YMR192W,YFR014C,0,-1.191972,0.2708933651447296,0.40692639350891113,0.10952381044626236
YDR200C,YER178W,0,-1.1923848,0.270114928483963,0.40692639350891113,0.10995671153068542
YDR228C,YLR430W,1,-1.1926869,0.27220630645751953,0.411255419254303,0.10995671153068542
YDR228C,YDR289C,1,-1.1928833,0.2742857038974762,0.41558441519737244,0.10995671153068542
YPL190C,YJR017C,1,-1.1937497,0.27635326981544495,0.4199134111404419,0.10995671153068542
YDR228C,YLR115W,1,-1.1986436,0.27840909361839294,0.42424243688583374,0.10995671153068542
YGL126W,YPR037C,0,-1.1991583,0.277620404958725,0.42424243688583374,0.11038961261510849
YGL192W,YNL029C,0,-1.2004478,0.2768361568450928,0.42424243688583374,0.11082251369953156
YNL023C,YNL216W,0,-1.2008996,0.27605634927749634,0.42424243688583374,0.11125541478395462
YER149C,YNL081C,0,-1.2018273,0.2752808928489685,0.42424243688583374,0.11168830841779709
YKR095W-A,YGL116W,0,-1.2023525,0.27450981736183167,0.42424243688583374,0.11212120950222015
YCL005W-A,YEL032W,0,-1.203451,0.27374300360679626,0.42424243688583374,0.11255411058664322
YAL002W,YNL243W,0,-1.2050146,0.2729805111885071,0.42424243688583374,0.11298701167106628
YLR277C,YBR049C,1,-1.2094095,0.2750000059604645,0.4285714328289032,0.11298701167106628
YOL135C,YPL173W,0,-1.2101817,0.2742382287979126,0.4285714328289032,0.11341991275548935
YJL183W,YGL070C,0,-1.2103846,0.2734806537628174,0.4285714328289032,0.11385281383991241
YBL038W,YNL048W,0,-1.2114906,0.27272728085517883,0.4285714328289032,0.11428571492433548
YKL043W,YLR409C,0,-1.2144269,0.2719780206680298,0.4285714328289032,0.11471861600875854
YEL018W,YOL011W,0,-1.2166307,0.27123287320137024,0.4285714328289032,0.11515151709318161
YCL005W-A,YDR463W,0,-1.2185421,0.2704918086528778,0.4285714328289032,0.11558441817760468
YNL263C,YLR007W,0,-1.2205733,0.2697547674179077,0.4285714328289032,0.11601731926202774
YDR217C,YLR323C,0,-1.2208768,0.26902174949645996,0.4285714328289032,0.11645021289587021
YDR301W,YLR277C,1,-1.2251279,0.27100270986557007,0.43290042877197266,0.11645021289587021
YGL104C,YDR098C-B,0,-1.2259468,0.2702702581882477,0.43290042877197266,0.11688311398029327
YEL018W,YMR275C,0,-1.2284392,0.26954177021980286,0.43290042877197266,0.11731601506471634
YCR035C,YDR005C,0,-1.2299194,0.2688172161579132,0.43290042877197266,0.1177489161491394
YMR232W,YOL086W-A,0,-1.2301741,0.2680965065956116,0.43290042877197266,0.11818181723356247
YDR057W,YPR086W,0,-1.2313248,0.26737967133522034,0.43290042877197266,0.11861471831798553
YGR217W,YOR101W,0,-1.2315437,0.2666666805744171,0.43290042877197266,0.1190476194024086
YDR189W,YGL105W,0,-1.2322981,0.26595744490623474,0.43290042877197266,0.11948052048683167
YAL043C,YDR301W,1,-1.2388926,0.26790452003479004,0.4372294247150421,0.11948052048683167
YPR067W,YBR146W,0,-1.2402399,0.26719576120376587,0.4372294247150421,0.11991342157125473
YKL018W,YBR049C,1,-1.2453477,0.26912927627563477,0.44155845046043396,0.11991342157125473
YFL061W,YOR113W,0,-1.2545173,0.2684210538864136,0.44155845046043396,0.1203463226556778
YIL022W,YLL031C,0,-1.2568662,0.26771652698516846,0.44155845046043396,0.12077922374010086
YOR048C,YLR277C,1,-1.2569577,0.2696335017681122,0.4458874464035034,0.12077922374010086
YPL105C,YNL059C,0,-1.2583673,0.26892951130867004,0.4458874464035034,0.12121212482452393
YEL018W,YJL127C,0,-1.2596664,0.2682291567325592,0.4458874464035034,0.1216450184583664
YER133W,YGR156W,1,-1.2615472,0.27012985944747925,0.4502164423465729,0.1216450184583664
YGL243W,YMR207C,0,-1.2632725,0.2694300413131714,0.4502164423465729,0.12207791954278946
YGL073W,YBR060C,0,-1.2661415,0.2687338590621948,0.4502164423465729,0.12251082062721252
YIL022W,YBL091C,0,-1.2665552,0.2680412232875824,0.4502164423465729,0.12294372171163559
YIL014W,YGR283C,0,-1.2749285,0.2673521935939789,0.4502164423465729,0.12337662279605865
YGL139W,YPL178W,0,-1.2749424,0.2666666805744171,0.4502164423465729,0.12380952388048172
YML127W,YDR397C,0,-1.2775794,0.2659846544265747,0.4502164423465729,0.12424242496490479
YOR241W,YPL210C,0,-1.2777414,0.26530611515045166,0.4502164423465729,0.12467532604932785
YNL133C,YDR005C,0,-1.2840061,0.2646310329437256,0.4502164423465729,0.12510822713375092
YKL058W,YER178W,0,-1.2885673,0.2639593780040741,0.4502164423465729,0.12554112076759338
YOR266W,YGR129W,0,-1.2896206,0.2632911503314972,0.4502164423465729,0.12597402930259705
YMR274C,YPL254W,0,-1.2908345,0.2626262605190277,0.4502164423465729,0.12640692293643951
YCL051W,YLR263W,0,-1.2910211,0.26196473836898804,0.4502164423465729,0.12683983147144318
YHR088W,YMR149W,0,-1.2922931,0.2613065242767334,0.4502164423465729,0.12727272510528564
YOL096C,YEL051W,0,-1.2930663,0.2606516182422638,0.4502164423465729,0.1277056336402893
YMR039C,YDR289C,1,-1.2930685,0.26249998807907104,0.4545454680919647,0.1277056336402893
YNL233W,YDR545W,0,-1.2948091,0.2618453800678253,0.4545454680919647,0.12813852727413177
YDL240W,YOR358W,0,-1.2950854,0.26119402050971985,0.4545454680919647,0.12857143580913544
YNL250W,YOL121C,0,-1.2953951,0.26054590940475464,0.4545454680919647,0.1290043294429779
YLR115W,YMR039C,1,-1.2988857,0.26237624883651733,0.4588744640350342,0.1290043294429779
YAL043C,YMR039C,1,-1.3010547,0.26419752836227417,0.46320345997810364,0.1290043294429779
YMR059W,YGR057C,0,-1.3069166,0.26354679465293884,0.46320345997810364,0.12943722307682037
YLR115W,YDR195W,1,-1.3082798,0.26535627245903015,0.4675324559211731,0.12943722307682037
YOR156C,YOR253W,0,-1.3094604,0.2647058963775635,0.4675324559211731,0.12987013161182404
YNL103W,YOL116W,0,-1.312767,0.2640586793422699,0.4675324559211731,0.1303030252456665
YCR107W,YOR001W,0,-1.3134307,0.2634146213531494,0.4675324559211731,0.13073593378067017
YKL018W,YLR115W,1,-1.3151218,0.26520681381225586,0.47186148166656494,0.13073593378067017
YKL045W,YKL040C,0,-1.3181843,0.26456311345100403,0.47186148166656494,0.13116882741451263
YOR090C,YER177W,0,-1.3186562,0.2639225125312805,0.47186148166656494,0.1316017359495163
YNL181W,YPL175W,0,-1.3205612,0.2632850110530853,0.47186148166656494,0.13203462958335876
YGL061C,YJL058C,0,-1.3240504,0.26265060901641846,0.47186148166656494,0.13246753811836243
YJR027W,YMR009W,0,-1.3278275,0.26201921701431274,0.47186148166656494,0.1329004317522049
YKL110C,YBL091C,0,-1.3306713,0.26139089465141296,0.47186148166656494,0.13333334028720856
YIL156W,YBR208C,0,-1.3318908,0.26076555252075195,0.47186148166656494,0.13376623392105103
YOR016C,YER159C,0,-1.3346314,0.2601431906223297,0.47186148166656494,0.1341991275548935
YMR048W,YGL240W,0,-1.3351716,0.25952380895614624,0.47186148166656494,0.13463203608989716
YDR195W,YDR289C,1,-1.3352411,0.26128265261650085,0.4761904776096344,0.13463203608989716
YBR254C,YLR328W,0,-1.344225,0.2606635093688965,0.4761904776096344,0.13506492972373962
YOR262W,YER129W,0,-1.3444157,0.2600472867488861,0.4761904776096344,0.1354978382587433
YNL222W,YDR301W,1,-1.3444955,0.26179245114326477,0.48051947355270386,0.1354978382587433
YDL134C-A,YLR337C,0,-1.3445016,0.2611764669418335,0.48051947355270386,0.13593073189258575
YDL134C-A,YOR254C,0,-1.344929,0.26056337356567383,0.48051947355270386,0.13636364042758942
YOR091W,YDR105C,0,-1.3472278,0.25995317101478577,0.48051947355270386,0.13679653406143188
YKR064W,YKL155C,0,-1.3527169,0.25934579968452454,0.48051947355270386,0.13722944259643555
YJR017C,YKL018W,1,-1.353858,0.2610722482204437,0.4848484992980957,0.13722944259643555
YDR195W,YBR049C,1,-1.3548408,0.262790709733963,0.48917749524116516,0.13722944259643555
YER133W,YLR115W,1,-1.3548802,0.26450115442276,0.4935064911842346,0.13722944259643555
YDL106C,YNL094W,0,-1.3610868,0.2638888955116272,0.4935064911842346,0.13766233623027802
YKL018W,YLR430W,1,-1.366883,0.2655889093875885,0.4978354871273041,0.13766233623027802
YJL127C,YHR001W-A,0,-1.3696887,0.26497694849967957,0.4978354871273041,0.13809524476528168
YIL156W,YKL087C,0,-1.3699522,0.26436781883239746,0.4978354871273041,0.13852813839912415
YNR038W,YLR200W,0,-1.373412,0.2637614607810974,0.4978354871273041,0.1389610320329666
YGR208W,YGL105W,0,-1.3748014,0.2631579041481018,0.4978354871273041,0.13939394056797028
YPR055W,YBR188C,0,-1.3760029,0.26255708932876587,0.4978354871273041,0.13982683420181274
YDR145W,YER108C,0,-1.377201,0.2619589865207672,0.4978354871273041,0.1402597427368164
YJR102C,YPR120C,0,-1.3780202,0.2613636255264282,0.4978354871273041,0.14069263637065887
YAL028W,YFL035C-A,0,-1.3816117,0.2607709765434265,0.4978354871273041,0.14112554490566254
YCL005W-A,YLR384C,0,-1.3819364,0.2601810097694397,0.4978354871273041,0.141558438539505
YLR426W,YBR065C,0,-1.3829873,0.259593665599823,0.4978354871273041,0.14199134707450867
YGR181W,YPL173W,0,-1.3841898,0.2590090036392212,0.4978354871273041,0.14242424070835114
YLR299W,YKR095W,0,-1.3856459,0.2584269642829895,0.4978354871273041,0.1428571492433548
YGL246C,YBR049C,1,-1.3882697,0.2600896954536438,0.5021644830703735,0.1428571492433548
YOR011W,YNL317W,0,-1.3891165,0.25950783491134644,0.5021644830703735,0.14329004287719727
YHL031C,YOR172W,0,-1.3935266,0.2589285671710968,0.5021644830703735,0.14372293651103973
YOL055C,YPL075W,0,-1.3943028,0.2583518922328949,0.5021644830703735,0.1441558450460434
YLL031C,YDR190C,0,-1.3986115,0.25777778029441833,0.5021644830703735,0.14458873867988586
YNL051W,YDR427W,0,-1.3990026,0.2572062015533447,0.5021644830703735,0.14502164721488953
YDR377W,YDR201W,0,-1.3992221,0.2566371560096741,0.5021644830703735,0.145454540848732
YOR320C,YFR038W,0,-1.4018279,0.25607064366340637,0.5021644830703735,0.14588744938373566
YLR085C,YOR019W,0,-1.4028093,0.25550660490989685,0.5021644830703735,0.14632034301757812
YIL137C,YLR001C,0,-1.4089419,0.2549450695514679,0.5021644830703735,0.1467532515525818
YNL023C,YFR050C,0,-1.4124229,0.25438597798347473,0.5021644830703735,0.14718614518642426
YOR236W,YBL091C,0,-1.4129646,0.25382933020591736,0.5021644830703735,0.14761905372142792
YJR017C,YLR430W,1,-1.4140866,0.2554585039615631,0.5064935088157654,0.14761905372142792
YLR451W,YER005W,0,-1.4143848,0.2549019753932953,0.5064935088157654,0.14805194735527039
YOR172W,YBR301W,0,-1.4144472,0.2543478310108185,0.5064935088157654,0.14848485589027405
YMR039C,YOR048C,1,-1.4147367,0.25596529245376587,0.5108225345611572,0.14848485589027405
YDR145W,YPR008W,0,-1.4151453,0.2554112672805786,0.5108225345611572,0.14891774952411652
YDR127W,YFL035C-B,0,-1.4174094,0.25485959649086,0.5108225345611572,0.14935064315795898
YER072W,YBR086C,0,-1.4193516,0.25431033968925476,0.5108225345611572,0.14978355169296265
YBR091C,YCL067C,0,-1.4194615,0.25376343727111816,0.5108225345611572,0.15021644532680511
YLR115W,YOR048C,1,-1.4215987,0.2553648054599762,0.5151515007019043,0.15021644532680511
YHR210C,YGL105W,0,-1.4221265,0.25481799244880676,0.5151515007019043,0.15064935386180878
YOR372C,YAL030W,0,-1.424756,0.25427350401878357,0.5151515007019043,0.15108224749565125
YBR130C,YFL049W,0,-1.4262781,0.2537313401699066,0.5151515007019043,0.1515151560306549
YDR325W,YGR120C,0,-1.4275343,0.2531915009021759,0.5151515007019043,0.15194804966449738
YFR047C,YDR105C,0,-1.4285781,0.25265392661094666,0.5151515007019043,0.15238095819950104
YAR042W,YJL197W,0,-1.4299378,0.25211864709854126,0.5151515007019043,0.1528138518333435
YKL029C,YBR023C,0,-1.4348115,0.25158563256263733,0.5151515007019043,0.15324676036834717
YLR019W,YKR083C,0,-1.4354283,0.2510548532009125,0.5151515007019043,0.15367965400218964
YLL031C,YGR004W,0,-1.4359353,0.2505263090133667,0.5151515007019043,0.1541125476360321
YBR248C,YDR246W,0,-1.4383785,0.25,0.5151515007019043,0.15454545617103577
YBL056W,YDL235C,0,-1.4392569,0.24947589635849,0.5151515007019043,0.15497834980487823
YGL016W,YBR168W,0,-1.4462733,0.24895396828651428,0.5151515007019043,0.1554112583398819
YNL076W,YHL006C,0,-1.446307,0.24843423068523407,0.5151515007019043,0.15584415197372437
YDR287W,YDR515W,0,-1.4486394,0.24791666865348816,0.5151515007019043,0.15627706050872803
YOL012C,YHR079C-B,0,-1.4487479,0.24740125238895416,0.5151515007019043,0.1567099541425705
YOR119C,YKR099W,0,-1.4498231,0.2468879669904709,0.5151515007019043,0.15714286267757416
YGR202C,YAL026C,0,-1.4513307,0.24637681245803833,0.5151515007019043,0.15757575631141663
YPL013C,YOL135C,0,-1.4519334,0.2458677738904953,0.5151515007019043,0.1580086648464203
YDR301W,YBR049C,1,-1.4524891,0.24742268025875092,0.5194805264472961,0.1580086648464203
YMR274C,YDL105W,0,-1.4530663,0.2469135820865631,0.5194805264472961,0.15844155848026276
YML061C,YMR156C,0,-1.4533294,0.24640657007694244,0.5194805264472961,0.15887445211410522
YML045W,YLL016W,0,-1.4536057,0.24590164422988892,0.5194805264472961,0.1593073606491089
YDR422C,YPR105C,0,-1.4549763,0.24539877474308014,0.5194805264472961,0.15974025428295135
YLL066C,YKR031C,0,-1.45555,0.2448979616165161,0.5194805264472961,0.16017316281795502
YHR103W,YEL051W,0,-1.4561534,0.24439918994903564,0.5194805264472961,0.16060605645179749
YOR018W,YPR095C,0,-1.4564143,0.24390244483947754,0.5194805264472961,0.16103896498680115
YDL018C,YKR034W,0,-1.4569099,0.2434077113866806,0.5194805264472961,0.16147185862064362
YDR243C,YBR131W,0,-1.4598827,0.24291497468948364,0.5194805264472961,0.16190476715564728
YOR207C,YGL238W,0,-1.4643878,0.24242424964904785,0.5194805264472961,0.16233766078948975
YIL154C,YER129W,0,-1.4652271,0.24193547666072845,0.5194805264472961,0.1627705693244934
YGR094W,YCL054W,0,-1.4668758,0.24144868552684784,0.5194805264472961,0.16320346295833588
YPL215W,YOR249C,0,-1.4671066,0.2409638613462448,0.5194805264472961,0.16363635659217834
YOR249C,YMR131C,0,-1.4708654,0.2404809594154358,0.5194805264472961,0.164069265127182
YDR301W,YGR156W,1,-1.4720874,0.24199999868869781,0.523809552192688,0.164069265127182
YBR112C,YMR313C,0,-1.4722669,0.24151696264743805,0.523809552192688,0.16450215876102448
YDR150W,YMR225C,0,-1.4747832,0.24103586375713348,0.523809552192688,0.16493506729602814
YHR014W,YML082W,0,-1.4752079,0.24055665731430054,0.523809552192688,0.1653679609298706
YLL026W,YDR316W-B,0,-1.4767532,0.2400793582201004,0.523809552192688,0.16580086946487427
YBL007C,YFR049W,0,-1.4784571,0.23960396647453308,0.523809552192688,0.16623376309871674
YMR039C,YIL131C,1,-1.481009,0.24110671877861023,0.5281385183334351,0.16623376309871674
YMR039C,YDR195W,1,-1.482548,0.24260355532169342,0.5324675440788269,0.16623376309871674
YAL059W,YOL103W-A,0,-1.4829893,0.2421259880065918,0.5324675440788269,0.1666666716337204
YKR064W,YPR068C,0,-1.4830413,0.2416502982378006,0.5324675440788269,0.16709956526756287
YGL246C,YDR195W,1,-1.483449,0.24313725531101227,0.536796510219574,0.16709956526756287
YDR439W,YPL076W,0,-1.4840512,0.24266144633293152,0.536796510219574,0.16753247380256653
YDR212W,YOR259C,0,-1.4883788,0.2421875,0.536796510219574,0.167965367436409
YJR046W,YKL079W,0,-1.4914596,0.24171540141105652,0.536796510219574,0.16839826107025146
YOL055C,YDR439W,0,-1.4924984,0.24124513566493988,0.536796510219574,0.16883116960525513
YLL018C,YOR157C,0,-1.4926268,0.24077670276165009,0.536796510219574,0.1692640632390976
YPL004C,YMR072W,0,-1.4951999,0.24031007289886475,0.536796510219574,0.16969697177410126
YPL225W,YLR055C,0,-1.4980304,0.23984526097774506,0.536796510219574,0.17012986540794373
YLR277C,YOR179C,1,-1.4997246,0.24131274223327637,0.5411255359649658,0.17012986540794373
YLR115W,YLR430W,1,-1.5006502,0.24277456104755402,0.5454545617103577,0.17012986540794373
YHL028W,YFL049W,0,-1.5007341,0.24230769276618958,0.5454545617103577,0.1705627739429474
YLR361C,YPL248C,0,-1.5011604,0.2418426126241684,0.5454545617103577,0.17099566757678986
YKL018W,YOR048C,1,-1.5033647,0.24329501390457153,0.5497835278511047,0.17099566757678986
YDL105W,YOL126C,0,-1.5058014,0.242829829454422,0.5497835278511047,0.17142857611179352
YGL189C,YPR010C,0,-1.5083727,0.24236641824245453,0.5497835278511047,0.171861469745636
YIL120W,YJL083W,0,-1.5099175,0.24190476536750793,0.5497835278511047,0.17229437828063965
YJR017C,YLR277C,1,-1.5099502,0.24334600567817688,0.5541125535964966,0.17229437828063965
YDR434W,YNL130C,0,-1.5100148,0.24288424849510193,0.5541125535964966,0.17272727191448212
YML023C,YDR261C,0,-1.5104218,0.24242424964904785,0.5541125535964966,0.17316018044948578
YDR292C,YJL069C,0,-1.510591,0.24196597933769226,0.5541125535964966,0.17359307408332825
YLR006C,YOL103W-A,0,-1.5106817,0.24150943756103516,0.5541125535964966,0.17402596771717072
YLR044C,YNL132W,0,-1.5108647,0.24105460941791534,0.5541125535964966,0.17445887625217438
YCL016C,YMR001C,0,-1.5114298,0.24060150980949402,0.5541125535964966,0.17489176988601685
YOR048C,YBR049C,1,-1.5127167,0.24202626943588257,0.5584415793418884,0.17489176988601685
YDR301W,YMR039C,1,-1.5150473,0.24344569444656372,0.5627705454826355,0.17489176988601685
YGL246C,YKL018W,1,-1.5150657,0.24485981464385986,0.5670995712280273,0.17489176988601685
YNL222W,YGL246C,1,-1.5162312,0.24626865983009338,0.5714285969734192,0.17489176988601685
YBR049C,YOR179C,1,-1.5187638,0.24767225980758667,0.5757575631141663,0.17489176988601685
YOR016C,YHR118C,0,-1.5224624,0.24721190333366394,0.5757575631141663,0.1753246784210205
YGL246C,YOR048C,1,-1.5270712,0.2486085295677185,0.5800865888595581,0.1753246784210205
YKL058W,YPL239W,0,-1.5273112,0.2481481432914734,0.5800865888595581,0.17575757205486298
YJR049C,YJR046W,0,-1.5282274,0.24768947064876556,0.5800865888595581,0.17619048058986664
YAL011W,YDL119C,0,-1.5284605,0.24723246693611145,0.5800865888595581,0.1766233742237091
YJR052W,YBR049C,0,-1.529422,0.24677716195583344,0.5800865888595581,0.17705628275871277
YPR095C,YGL085W,0,-1.5309247,0.24632352590560913,0.5800865888595581,0.17748917639255524
YKL069W,YMR149W,0,-1.5310093,0.24587155878543854,0.5800865888595581,0.1779220849275589
YDR482C,YKR007W,0,-1.5312817,0.24542124569416046,0.5800865888595581,0.17835497856140137
YLR093C,YAL026C,0,-1.5327449,0.2449725717306137,0.5800865888595581,0.17878787219524384
YDR439W,YLL014W,0,-1.535317,0.24452555179595947,0.5800865888595581,0.1792207807302475
YFR027W,YBL008W,0,-1.5364392,0.24408014118671417,0.5800865888595581,0.17965367436408997
YFR047C,YGL053W,0,-1.5370924,0.2436363697052002,0.5800865888595581,0.18008658289909363
YML098W,YNL294C,0,-1.5388985,0.24319419264793396,0.5800865888595581,0.1805194765329361
YML004C,YDL113C,0,-1.540613,0.24275362491607666,0.5800865888595581,0.18095238506793976
YML067C,YNL145W,0,-1.5424736,0.2423146516084671,0.5800865888595581,0.18138527870178223
YLR361C,YOL012C,0,-1.5424899,0.2418772578239441,0.5800865888595581,0.1818181872367859
YMR274C,YGR129W,0,-1.5458319,0.24144144356250763,0.5800865888595581,0.18225108087062836
YNL222W,YBR049C,1,-1.5472506,0.24280574917793274,0.5844155550003052,0.18225108087062836
YBR109C,YDR308C,0,-1.5485952,0.2423698455095291,0.5844155550003052,0.18268398940563202
YPL013C,YIL043C,0,-1.5487934,0.24193547666072845,0.5844155550003052,0.1831168830394745
YDR108W,YDR284C,0,-1.549103,0.24150268733501434,0.5844155550003052,0.18354977667331696
YPR161C,YLR059C,0,-1.5506585,0.2410714328289032,0.5844155550003052,0.18398268520832062
YMR220W,YOR172W,0,-1.56007,0.24064171314239502,0.5844155550003052,0.18441557884216309
YPL115C,YDR350C,0,-1.5640008,0.2402135282754898,0.5844155550003052,0.18484848737716675
YKL114C,YIL062C,0,-1.5647721,0.23978686332702637,0.5844155550003052,0.18528138101100922
YGL005C,YLR363C,0,-1.5652885,0.2393617033958435,0.5844155550003052,0.18571428954601288
YML059C,YLR234W,0,-1.565559,0.23893804848194122,0.5844155550003052,0.18614718317985535
YBR121C,YKL018W,1,-1.5655863,0.24028268456459045,0.588744580745697,0.18614718317985535
YOR068C,YLR190W,0,-1.5686078,0.23985891044139862,0.588744580745697,0.186580091714859
YDR301W,YDR195W,1,-1.5692691,0.24119718372821808,0.5930736064910889,0.186580091714859
YCL017C,YJL021C,0,-1.5697567,0.2407732903957367,0.5930736064910889,0.18701298534870148
YDR178W,YGR224W,0,-1.5704609,0.2403508722782135,0.5930736064910889,0.18744589388370514
YNL250W,YDR365W-A,0,-1.5712507,0.2399299442768097,0.5930736064910889,0.1878787875175476
YBR065C,YNL294C,0,-1.5740567,0.23951049149036407,0.5930736064910889,0.18831168115139008
YJL094C,YOR259C,0,-1.5764892,0.23909249901771545,0.5930736064910889,0.18874458968639374
YDR228C,YOR048C,1,-1.5775784,0.24041812121868134,0.5974025726318359,0.18874458968639374
YJL012C,YDR412W,0,-1.5781977,0.23999999463558197,0.5974025726318359,0.1891774833202362
YNL222W,YIL131C,1,-1.5787003,0.2413194477558136,0.6017315983772278,0.1891774833202362
YDR490C,YNL029C,0,-1.5787686,0.24090121686458588,0.6017315983772278,0.18961039185523987
YPR120C,YDR395W,0,-1.5801169,0.24048443138599396,0.6017315983772278,0.19004328548908234
YGR202C,YOR103C,0,-1.582577,0.24006909132003784,0.6017315983772278,0.190476194024086
YDR287W,YOL023W,0,-1.5841868,0.23965516686439514,0.6017315983772278,0.19090908765792847
YLR277C,YDR289C,1,-1.5843548,0.2409638613462448,0.6060606241226196,0.19090908765792847
YLR333C,YAL068C,0,-1.5845464,0.24054983258247375,0.6060606241226196,0.19134199619293213
YIL036W,YOR026W,0,-1.585578,0.2401372194290161,0.6060606241226196,0.1917748898267746
YLL018C,YGR211W,0,-1.5863138,0.2397260218858719,0.6060606241226196,0.19220779836177826
YMR053C,YFL035C-A,0,-1.5864606,0.23931623995304108,0.6060606241226196,0.19264069199562073
YDR122W,YJL179W,0,-1.5865755,0.2389078438282013,0.6060606241226196,0.1930735856294632
YDR545W,YMR220W,0,-1.5956745,0.23850084841251373,0.6060606241226196,0.19350649416446686
YJL013C,YOR241W,0,-1.5956916,0.2380952388048172,0.6060606241226196,0.19393938779830933
YHL025W,YMR149W,0,-1.5965359,0.2376910001039505,0.6060606241226196,0.194372296333313
YLR223C,YDR092W,0,-1.5965517,0.23728813230991364,0.6060606241226196,0.19480518996715546
YDR227W,YNL251C,0,-1.5984523,0.2368866354227066,0.6060606241226196,0.19523809850215912
YFL025C,YPL183C,0,-1.5985124,0.23648647964000702,0.6060606241226196,0.1956709921360016
YLL024C,YMR183C,0,-1.5987236,0.23608769476413727,0.6060606241226196,0.19610390067100525
YMR041C,YPR086W,0,-1.5988474,0.23569023609161377,0.6060606241226196,0.19653679430484772
YJR132W,YPR100W,0,-1.5988548,0.23529411852359772,0.6060606241226196,0.19696970283985138
YLR193C,YLR361C,0,-1.5988927,0.23489932715892792,0.6060606241226196,0.19740259647369385
YGR253C,YDR045C,0,-1.599258,0.23450586199760437,0.6060606241226196,0.1978355050086975
YMR039C,YLR277C,1,-1.5995746,0.23578594624996185,0.6103895902633667,0.1978355050086975
YKR064W,YGR253C,0,-1.6003444,0.23539231717586517,0.6103895902633667,0.19826839864253998
YPR007C,YHR079C-B,0,-1.6006591,0.23499999940395355,0.6103895902633667,0.19870129227638245
YDR287W,YPR037C,0,-1.6018751,0.2346089780330658,0.6103895902633667,0.1991342008113861
YML059C,YGR097W,0,-1.6025324,0.2342192679643631,0.6103895902633667,0.19956709444522858
YOR002W,YKL052C,0,-1.6038973,0.23383083939552307,0.6103895902633667,0.20000000298023224
YCR107W,YNR024W,0,-1.6067183,0.2334437072277069,0.6103895902633667,0.2004328966140747
YDL018C,YPL097W,0,-1.606853,0.23305785655975342,0.6103895902633667,0.20086580514907837
YER093C,YER167W,0,-1.6077893,0.2326732724905014,0.6103895902633667,0.20129869878292084
YNL183C,YIR004W,0,-1.6087508,0.23228995501995087,0.6103895902633667,0.2017316073179245
YPL063W,YNL066W,0,-1.6088337,0.2319078892469406,0.6103895902633667,0.20216450095176697
YLR411W,YIL087C,0,-1.609277,0.23152709007263184,0.6103895902633667,0.20259740948677063
YGL064C,YHL026C,0,-1.61044,0.23114754259586334,0.6103895902633667,0.2030303031206131
YCR018C,YMR091C,0,-1.6108242,0.23076923191547394,0.6103895902633667,0.20346319675445557
YPL001W,YKL060C,0,-1.6142718,0.23039215803146362,0.6103895902633667,0.20389610528945923
YNL190W,YLR196W,0,-1.6154059,0.2300163060426712,0.6103895902633667,0.2043289989233017
YPL120W,YDR040C,0,-1.615972,0.22964169085025787,0.6103895902633667,0.20476190745830536
YNL222W,YDR289C,1,-1.6159976,0.2308943122625351,0.6147186160087585,0.20476190745830536
YPL262W,YNL246W,0,-1.6162274,0.23051947355270386,0.6147186160087585,0.20519480109214783
YKL048C,YDR359C,0,-1.6171505,0.2301458716392517,0.6147186160087585,0.2056277096271515
YOR002W,YGL116W,0,-1.6231451,0.22977346181869507,0.6147186160087585,0.20606060326099396
YAL030W,YBL047C,0,-1.6231747,0.22940225899219513,0.6147186160087585,0.20649351179599762
YDR377W,YDR468C,0,-1.6234758,0.2290322631597519,0.6147186160087585,0.2069264054298401
YDR471W,YMR205C,0,-1.624604,0.22866344451904297,0.6147186160087585,0.20735931396484375
YAL019W,YLR060W,0,-1.6250287,0.22829581797122955,0.6147186160087585,0.20779220759868622
YBR090C-A,YDL031W,0,-1.6259081,0.22792936861515045,0.6147186160087585,0.2082251012325287
YDR168W,YOL095C,0,-1.6268792,0.22756409645080566,0.6147186160087585,0.20865800976753235
YDR228C,YGL246C,1,-1.6294837,0.2287999987602234,0.6190476417541504,0.20865800976753235
YJL089W,YKL155C,0,-1.6344588,0.2284345030784607,0.6190476417541504,0.20909090340137482
YIR019C,YDR100W,0,-1.637037,0.22807016968727112,0.6190476417541504,0.20952381193637848
YDR328C,YKR077W,0,-1.6382421,0.22770701348781586,0.6190476417541504,0.20995670557022095
YHR118C,YGL171W,0,-1.638891,0.22734498977661133,0.6190476417541504,0.2103896141052246
YBR016W,YKL051W,0,-1.6395514,0.22698412835597992,0.6190476417541504,0.21082250773906708
YMR072W,YLL021W,0,-1.6409408,0.22662439942359924,0.6190476417541504,0.21125541627407074
YMR286W,YDR179C,0,-1.6424302,0.2262658178806305,0.6190476417541504,0.2116883099079132
YML041C,YPL161C,0,-1.6425111,0.22590836882591248,0.6190476417541504,0.21212121844291687
YJL069C,YOR335C,0,-1.6448648,0.2255520522594452,0.6190476417541504,0.21255411207675934
YBR188C,YDR303C,0,-1.6456991,0.22519685328006744,0.6190476417541504,0.2129870057106018
YHL038C,YNL081C,0,-1.6498411,0.22484277188777924,0.6190476417541504,0.21341991424560547
YFR025C,YLR323C,0,-1.6507093,0.22448979318141937,0.6190476417541504,0.21385280787944794
YBR034C,YHR170W,0,-1.651019,0.22413793206214905,0.6190476417541504,0.2142857164144516
YKR007W,YDL106C,0,-1.652832,0.22378717362880707,0.6190476417541504,0.21471861004829407
YNL251C,YLR277C,1,-1.6569204,0.22499999403953552,0.6233766078948975,0.21471861004829407
YIL106W,YOL076W,0,-1.6575029,0.22464898228645325,0.6233766078948975,0.21515151858329773
YPL105C,YPL126W,0,-1.6593983,0.22429905831813812,0.6233766078948975,0.2155844122171402
YDR301W,YNL251C,1,-1.6672558,0.22550544142723083,0.6277056336402893,0.2155844122171402
YBR188C,YLR115W,0,-1.6699569,0.2251552790403366,0.6277056336402893,0.21601732075214386
YKR079C,YPL179W,0,-1.670867,0.22480620443820953,0.6277056336402893,0.21645021438598633
YBR049C,YDR289C,1,-1.6718566,0.22600619494915009,0.6320346593856812,0.21645021438598633
YDR513W,YGR057C,0,-1.6723986,0.2256568819284439,0.6320346593856812,0.21688312292099
YGL144C,YDR259C,0,-1.6781582,0.2253086417913437,0.6320346593856812,0.21731601655483246
YGL226W,YMR091C,0,-1.6797774,0.22496147453784943,0.6320346593856812,0.21774892508983612
YMR286W,YPL189W,0,-1.6820486,0.22461538016796112,0.6320346593856812,0.2181818187236786
YAR009C,YHL050C,0,-1.6905055,0.22427035868167877,0.6320346593856812,0.21861471235752106
YOR249C,YMR177W,0,-1.691873,0.22392638027668,0.6320346593856812,0.21904762089252472
YIL137C,YBR218C,0,-1.6931758,0.22358345985412598,0.6320346593856812,0.2194805145263672
YOL009C,YOR249C,0,-1.6937642,0.22324159741401672,0.6320346593856812,0.21991342306137085
YBR233W-A,YDR528W,0,-1.6941471,0.22290076315402985,0.6320346593856812,0.22034631669521332
YOR016C,YER031C,0,-1.695981,0.22256097197532654,0.6320346593856812,0.22077922523021698
YDR091C,YKL058W,0,-1.6961709,0.2222222238779068,0.6320346593856812,0.22121211886405945
YMR053C,YLR442C,0,-1.6967232,0.22188450396060944,0.6320346593856812,0.2216450273990631
YOR192C,YIL014W,0,-1.6968633,0.22154779732227325,0.6320346593856812,0.22207792103290558
YER123W,YBR023C,0,-1.6975577,0.22121211886405945,0.6320346593856812,0.22251082956790924
YLR277C,YJL069C,0,-1.6985786,0.22087745368480682,0.6320346593856812,0.2229437232017517
YCR058C,YHR157W,0,-1.6987154,0.22054380178451538,0.6320346593856812,0.22337661683559418
YDR039C,YMR177W,0,-1.6989214,0.22021116316318512,0.6320346593856812,0.22380952537059784
YDR515W,YGL129C,0,-1.6992033,0.21987952291965485,0.6320346593856812,0.2242424190044403
YEL032W,YOR319W,0,-1.6994851,0.21954886615276337,0.6320346593856812,0.22467532753944397
YGL098W,YIL106W,0,-1.7011814,0.21921922266483307,0.6320346593856812,0.22510822117328644
YJR073C,YJL021C,0,-1.7031283,0.21889054775238037,0.6320346593856812,0.2255411297082901
YNR030W,YNL161W,0,-1.7058626,0.21856287121772766,0.6320346593856812,0.22597402334213257
YLR426W,YJR046W,0,-1.707439,0.21823617815971375,0.6320346593856812,0.22640693187713623
YBR121C,YDR289C,1,-1.7076654,0.2194029837846756,0.6363636255264282,0.22640693187713623
YDR407C,YFR038W,0,-1.7079217,0.219076007604599,0.6363636255264282,0.2268398255109787
YNL023C,YLR260W,0,-1.7087874,0.21875,0.6363636255264282,0.22727273404598236
YDR228C,YOR179C,1,-1.7105792,0.21991084516048431,0.6406926512718201,0.22727273404598236
YPL130W,YJL058C,0,-1.7121878,0.21958456933498383,0.6406926512718201,0.22770562767982483
YML041C,YDL018C,0,-1.713202,0.21925926208496094,0.6406926512718201,0.2281385213136673
YGR046W,YGL198W,0,-1.7147186,0.21893490850925446,0.6406926512718201,0.22857142984867096
YIL037C,YHR214W,0,-1.7190745,0.21861152350902557,0.6406926512718201,0.22900432348251343
YJR132W,YIL014W,0,-1.7191908,0.2182890921831131,0.6406926512718201,0.2294372320175171
YLR185W,YOR271C,0,-1.7202892,0.21796759963035583,0.6406926512718201,0.22987012565135956
YGR202C,YGL016W,0,-1.7248251,0.21764706075191498,0.6406926512718201,0.23030303418636322
YGL025C,YDR007W,0,-1.7252724,0.21732746064662933,0.6406926512718201,0.2307359278202057
YOL076W,YOL126C,0,-1.7256118,0.2170087993144989,0.6406926512718201,0.23116883635520935
YPR169W,YGL105W,0,-1.7256324,0.2166910618543625,0.6406926512718201,0.23160172998905182
YNL156C,YML055W,0,-1.7284477,0.2163742631673813,0.6406926512718201,0.23203463852405548
YLR277C,YFL025C,0,-1.7300991,0.2160583883523941,0.6406926512718201,0.23246753215789795
YNL251C,YOR179C,1,-1.730833,0.21720117330551147,0.6450216174125671,0.23246753215789795
YDR375C,YLR363C,0,-1.7314279,0.21688500046730042,0.6450216174125671,0.23290042579174042
YNR048W,YPR007C,0,-1.731718,0.21656976640224457,0.6450216174125671,0.23333333432674408
YDR004W,YBL008W,0,-1.7350194,0.21625544130802155,0.6450216174125671,0.23376622796058655
YIL148W,YBL072C,0,-1.737632,0.21594202518463135,0.6450216174125671,0.2341991364955902
YNL233W,YMR177W,0,-1.7398314,0.21562951803207397,0.6450216174125671,0.23463203012943268
YBR119W,YHR118C,0,-1.741091,0.21531791985034943,0.6450216174125671,0.23506493866443634
YIL043C,YNL081C,0,-1.741189,0.2150072157382965,0.6450216174125671,0.2354978322982788
YJL174W,YBR091C,0,-1.7418995,0.21469740569591522,0.6450216174125671,0.23593074083328247
YNL020C,YMR050C,0,-1.7430148,0.21438848972320557,0.6450216174125671,0.23636363446712494
YGR030C,YPL254W,0,-1.7452178,0.21408045291900635,0.6450216174125671,0.2367965430021286
YDR309C,YML061C,0,-1.7459307,0.21377331018447876,0.6450216174125671,0.23722943663597107
YKR085C,YAL056W,0,-1.7466905,0.2134670466184616,0.6450216174125671,0.23766233026981354
YLR324W,YPR105C,0,-1.7476945,0.2131616622209549,0.6450216174125671,0.2380952388048172
YGL126W,YDR100W,0,-1.7499368,0.21285714209079742,0.6450216174125671,0.23852813243865967
YPL234C,YHR190W,0,-1.7511197,0.2125535011291504,0.6450216174125671,0.23896104097366333
YDR039C,YJL197W,0,-1.7514514,0.2122507095336914,0.6450216174125671,0.2393939346075058
YOR001W,YGR083C,0,-1.7514672,0.21194879710674286,0.6450216174125671,0.23982684314250946
YAR042W,YGL005C,0,-1.7524016,0.21164773404598236,0.6450216174125671,0.24025973677635193
YJR017C,YNL251C,1,-1.7539668,0.21276596188545227,0.649350643157959,0.24025973677635193
YPL190C,YDR195W,1,-1.755862,0.2138810157775879,0.6536796689033508,0.24025973677635193
YLR442C,YGL061C,0,-1.7562673,0.2135785073041916,0.6536796689033508,0.2406926453113556
YER133W,YOR179C,1,-1.7573278,0.21468926966190338,0.6580086350440979,0.2406926453113556
YBL031W,YGL085W,0,-1.7589915,0.2143864631652832,0.6580086350440979,0.24112553894519806
YDL230W,YDL046W,0,-1.759975,0.21408450603485107,0.6580086350440979,0.24155844748020172
YGL085W,YOR086C,0,-1.7633595,0.213783398270607,0.6580086350440979,0.2419913411140442
YDR500C,YLR292C,0,-1.7639616,0.21348313987255096,0.6580086350440979,0.24242424964904785
YNL216W,YJL208C,0,-1.7640167,0.21318373084068298,0.6580086350440979,0.24285714328289032
YDR092W,YPL175W,0,-1.7645402,0.21288515627384186,0.6580086350440979,0.2432900369167328
YIL144W,YKR083C,0,-1.766243,0.2125874161720276,0.6580086350440979,0.24372294545173645
YBL005W,YLR323C,0,-1.7714057,0.21229049563407898,0.6580086350440979,0.24415583908557892
YBL087C,YCL005W-A,0,-1.7774322,0.21199442446231842,0.6580086350440979,0.24458874762058258
YBR101C,YKL138C-A,0,-1.7784988,0.21169915795326233,0.6580086350440979,0.24502164125442505
YPL190C,YOR048C,1,-1.7785299,0.21279555559158325,0.6623376607894897,0.24502164125442505
YPL138C,YDR189W,0,-1.7794067,0.21250000596046448,0.6623376607894897,0.2454545497894287
YDR228C,YIL131C,1,-1.7794447,0.21359223127365112,0.6666666865348816,0.2454545497894287
YBR153W,YMR072W,0,-1.7804214,0.21329639852046967,0.6666666865348816,0.24588744342327118
YGR005C,YDR289C,0,-1.7812554,0.21300138533115387,0.6666666865348816,0.24632035195827484
YNL142W,YOR103C,0,-1.7813194,0.21270717680454254,0.6666666865348816,0.2467532455921173
YFR024C,YDR438W,0,-1.7822667,0.21241378784179688,0.6666666865348816,0.24718615412712097
YOR002W,YOR048C,0,-1.7852397,0.21212121844291687,0.6666666865348816,0.24761904776096344
YNL048W,YLR019W,0,-1.7876039,0.21182943880558014,0.6666666865348816,0.2480519413948059
YDL135C,YPL063W,0,-1.7877915,0.21153846383094788,0.6666666865348816,0.24848484992980957
YGR204W,YNL145W,0,-1.7890688,0.2112482786178589,0.6666666865348816,0.24891774356365204
YAL011W,YLL067C,0,-1.7905948,0.21095889806747437,0.6666666865348816,0.2493506520986557
YHL038C,YHR009C,0,-1.79143,0.21067030727863312,0.6666666865348816,0.24978354573249817
YCR065W,YLL006W,0,-1.7930349,0.21038250625133514,0.6666666865348816,0.25021645426750183
YJR017C,YLR115W,1,-1.7941194,0.21145975589752197,0.6709956526756287,0.25021645426750183
YOR048C,YLR430W,1,-1.7951267,0.21253405511379242,0.6753246784210205,0.25021645426750183
YPL130W,YDR276C,0,-1.7977593,0.2122448980808258,0.6753246784210205,0.2506493628025055
YDR127W,YHR210C,0,-1.7983946,0.21195651590824127,0.6753246784210205,0.25108224153518677
YGL142C,YDR257C,0,-1.799936,0.2116689234972,0.6753246784210205,0.25151515007019043
YGR024C,YOR334W,0,-1.800816,0.21138212084770203,0.6753246784210205,0.2519480586051941
YBR121C,YGL246C,1,-1.8024608,0.21244925260543823,0.6796537041664124,0.2519480586051941
YDR398W,YHR170W,0,-1.8036522,0.21216216683387756,0.6796537041664124,0.25238096714019775
YOR011W,YNL038W,0,-1.8042316,0.21187584102153778,0.6796537041664124,0.25281384587287903
YLL066C,YGR004W,0,-1.8063296,0.21159029006958008,0.6796537041664124,0.2532467544078827
YPL130W,YML096W,0,-1.8069475,0.21130551397800446,0.6796537041664124,0.25367966294288635
YPR114W,YLR190W,0,-1.8098246,0.2110215127468109,0.6796537041664124,0.2541125416755676
YPL224C,YLR001C,0,-1.8112024,0.21073825657367706,0.6796537041664124,0.2545454502105713
YJR052W,YDR005C,0,-1.8122394,0.2104557603597641,0.6796537041664124,0.25497835874557495
YDR129C,YPL215W,0,-1.8127065,0.21017402410507202,0.6796537041664124,0.2554112672805786
YJL181W,YHR194W,0,-1.8139486,0.20989304780960083,0.6796537041664124,0.2558441460132599
YPL049C,YKR083C,0,-1.8162107,0.20961281657218933,0.6796537041664124,0.25627705454826355
YOR357C,YGL151W,0,-1.816752,0.20933333039283752,0.6796537041664124,0.2567099630832672
YER133W,YDR195W,1,-1.8201741,0.21038615703582764,0.6839826703071594,0.2567099630832672
YPR017C,YKR072C,0,-1.8214166,0.21010638773441315,0.6839826703071594,0.2571428716182709
YDR075W,YIL008W,0,-1.8218262,0.20982736349105835,0.6839826703071594,0.25757575035095215
YDL003W,YJR052W,0,-1.8220059,0.20954906940460205,0.6839826703071594,0.2580086588859558
YDL100C,YML059C,0,-1.824729,0.20927152037620544,0.6839826703071594,0.2584415674209595
YBL100W-B,YGR245C,0,-1.8266261,0.20899471640586853,0.6839826703071594,0.25887444615364075
YHL028W,YLL018C-A,0,-1.8286474,0.20871862769126892,0.6839826703071594,0.2593073546886444
YLR118C,YGL070C,0,-1.8286965,0.2084432691335678,0.6839826703071594,0.25974026322364807
YLR239C,YFR014C,0,-1.829277,0.2081686407327652,0.6839826703071594,0.26017317175865173
YCL017C,YDR002W,0,-1.8295276,0.20789474248886108,0.6839826703071594,0.260606050491333
YBR029C,YIL038C,0,-1.8310963,0.20762154459953308,0.6839826703071594,0.26103895902633667
YMR234W,YER108C,0,-1.8311337,0.20734907686710358,0.6839826703071594,0.26147186756134033
YNL164C,YBL025W,0,-1.8336527,0.20707732439041138,0.6839826703071594,0.261904776096344
YLR324W,YOR273C,0,-1.8361927,0.20680628716945648,0.6839826703071594,0.26233765482902527
YOR087W,YFR025C,0,-1.83664,0.2065359503030777,0.6839826703071594,0.26277056336402893
YCL017C,YMR009W,0,-1.837237,0.20626631379127502,0.6839826703071594,0.2632034718990326
YDR367W,YER109C,0,-1.8376269,0.20599739253520966,0.6839826703071594,0.26363635063171387
YPR173C,YLR260W,0,-1.8410708,0.2057291716337204,0.6839826703071594,0.26406925916671753
YBR029C,YCR018C,0,-1.8412392,0.20546163618564606,0.6839826703071594,0.2645021677017212
YER108C,YDR087C,0,-1.8416603,0.20519480109214783,0.6839826703071594,0.26493507623672485
YDR422C,YJR052W,0,-1.8444579,0.2049286663532257,0.6839826703071594,0.26536795496940613
YDL100C,YHR150W,0,-1.8455298,0.2046632170677185,0.6839826703071594,0.2658008635044098
YBR153W,YDR372C,0,-1.8467941,0.20439845323562622,0.6839826703071594,0.26623377203941345
YJL162C,YPR174C,0,-1.8477223,0.20413435995578766,0.6839826703071594,0.2666666805744171
YEL020W-A,YBR005W,0,-1.847784,0.2038709670305252,0.6839826703071594,0.2670995593070984
YDR092W,YLR248W,0,-1.8487473,0.20360824465751648,0.6839826703071594,0.26753246784210205
YGR099W,YDR227W,0,-1.8488832,0.20334620773792267,0.6839826703071594,0.2679653763771057
YEL020W-A,YGL243W,0,-1.8501354,0.2030848264694214,0.6839826703071594,0.268398255109787
YPR068C,YOL095C,0,-1.8528779,0.20282413065433502,0.6839826703071594,0.26883116364479065
YCR086W,YDR217C,0,-1.8551989,0.20256410539150238,0.6839826703071594,0.2692640721797943
YBL008W,YIL008W,0,-1.8572259,0.20230473577976227,0.6839826703071594,0.269696980714798
YJR017C,YBR049C,1,-1.8588067,0.2033248096704483,0.6883116960525513,0.269696980714798
YER109C,YNL181W,0,-1.8613914,0.20306512713432312,0.6883116960525513,0.27012985944747925
YDL105W,YGL006W,0,-1.861588,0.20280611515045166,0.6883116960525513,0.2705627679824829
YER044C-A,YLR054C,0,-1.86339,0.20254777371883392,0.6883116960525513,0.2709956765174866
YDR422C,YNL142W,0,-1.8689669,0.20229007303714752,0.6883116960525513,0.27142858505249023
YER176W,YEL027W,0,-1.8691195,0.20203304290771484,0.6883116960525513,0.2718614637851715
YKR077W,YDR025W,0,-1.8696215,0.2017766535282135,0.6883116960525513,0.27229437232017517
YML096W,YMR035W,0,-1.8699021,0.2015209197998047,0.6883116960525513,0.27272728085517883
YDR189W,YBR023C,0,-1.8710902,0.2012658268213272,0.6883116960525513,0.2731601595878601
YDR464W,YPR057W,0,-1.8721898,0.20101137459278107,0.6883116960525513,0.27359306812286377
YDL100C,YKL080W,0,-1.8734912,0.20075757801532745,0.6883116960525513,0.27402597665786743
YER044C-A,YDR437W,0,-1.8737239,0.20050440728664398,0.6883116960525513,0.2744588851928711
YMR055C,YNL317W,0,-1.8753526,0.20025189220905304,0.6883116960525513,0.27489176392555237
YMR063W,YML045W,0,-1.8761867,0.20000000298023224,0.6883116960525513,0.27532467246055603
YDR091C,YIR026C,0,-1.8787117,0.19974873960018158,0.6883116960525513,0.2757575809955597
YPR071W,YDR273W,0,-1.8789089,0.19949811697006226,0.6883116960525513,0.27619048953056335
YPL140C,YIL014W,0,-1.8793675,0.19924812018871307,0.6883116960525513,0.27662336826324463
YEL019C,YHR142W,0,-1.8795652,0.19899874925613403,0.6883116960525513,0.2770562767982483
YAL043C,YBR049C,1,-1.8803654,0.20000000298023224,0.6926407217979431,0.2770562767982483
YLL018C-A,YDR040C,0,-1.8806722,0.19975031912326813,0.6926407217979431,0.27748918533325195
YBR091C,YJR041C,0,-1.8807474,0.19950124621391296,0.6926407217979431,0.2779220640659332
YFR024C-A,YNL020C,0,-1.8815823,0.19925279915332794,0.6926407217979431,0.2783549726009369
YPL176C,YKL063C,0,-1.8816487,0.19900497794151306,0.6926407217979431,0.27878788113594055
YIL022W,YBR181C,0,-1.8819107,0.19875776767730713,0.6926407217979431,0.2792207896709442
YMR261C,YNR059W,0,-1.8836261,0.19851116836071014,0.6926407217979431,0.2796536684036255
YPL063W,YBL047C,0,-1.8844968,0.1982651799917221,0.6926407217979431,0.28008657693862915
YJL212C,YHR005C,0,-1.8848598,0.19801980257034302,0.6926407217979431,0.2805194854736328
YDR439W,YCR024C,0,-1.8862538,0.19777503609657288,0.6926407217979431,0.2809523940086365
YDR490C,YPL013C,0,-1.8866758,0.1975308656692505,0.6926407217979431,0.28138527274131775
YLR313C,YLR054C,0,-1.8869138,0.19728730618953705,0.6926407217979431,0.2818181812763214
YCL029C,YOR330C,0,-1.8871276,0.19704432785511017,0.6926407217979431,0.2822510898113251
YEL048C,YMR050C,0,-1.8876143,0.19680197536945343,0.6926407217979431,0.28268396854400635
YPL203W,YBL031W,0,-1.8896185,0.19656018912792206,0.6926407217979431,0.28311687707901
YLL016W,YML102W,0,-1.890354,0.19631901383399963,0.6926407217979431,0.28354978561401367
YER133W,YLR277C,1,-1.8909185,0.1973039209842682,0.6969696879386902,0.28354978561401367
YCR086W,YJR035W,0,-1.8913136,0.1970624178647995,0.6969696879386902,0.28398269414901733
YAL043C,YLR277C,1,-1.8914398,0.19804401695728302,0.701298713684082,0.28398269414901733
YNL020C,YLR115W,0,-1.893158,0.19780220091342926,0.701298713684082,0.2844155728816986
YJR084W,YJL001W,0,-1.8960546,0.19756098091602325,0.701298713684082,0.28484848141670227
YDL018C,YNL063W,0,-1.8970773,0.1973203420639038,0.701298713684082,0.28528138995170593
YBL008W,YGL231C,0,-1.8992394,0.19708029925823212,0.701298713684082,0.2857142984867096
YCR106W,YNL161W,0,-1.8995063,0.1968408226966858,0.701298713684082,0.28614717721939087
YDR289C,YKR031C,0,-1.9002266,0.19660194218158722,0.701298713684082,0.28658008575439453
YPR095C,YGL167C,0,-1.9006723,0.1963636428117752,0.701298713684082,0.2870129942893982
YJR120W,YER129W,0,-1.9036186,0.19612590968608856,0.701298713684082,0.28744587302207947
YOR117W,YFR050C,0,-1.9036497,0.19588875770568848,0.701298713684082,0.28787878155708313
YDR441C,YJR052W,0,-1.9046125,0.19565217196941376,0.701298713684082,0.2883116900920868
YMR009W,YNR033W,0,-1.9055259,0.1954161673784256,0.701298713684082,0.28874459862709045
YOR045W,YNL048W,0,-1.9063575,0.1951807290315628,0.701298713684082,0.28917747735977173
YNL038W,YOR259C,0,-1.9072685,0.19494584202766418,0.701298713684082,0.2896103858947754
YGL018C,YLL053C,0,-1.9081247,0.19471153616905212,0.701298713684082,0.29004329442977905
YPR095C,YMR225C,0,-1.9104905,0.19447779655456543,0.701298713684082,0.2904762029647827
YKL069W,YOR002W,0,-1.9105005,0.1942446082830429,0.701298713684082,0.290909081697464
YKL063C,YHR114W,0,-1.911119,0.19401197135448456,0.701298713684082,0.29134199023246765
YPR055W,YOL023W,0,-1.912996,0.19377990067005157,0.701298713684082,0.2917748987674713
YLL067C,YOR048C,0,-1.9152858,0.19354838132858276,0.701298713684082,0.2922077775001526
YIL036W,YFL035C-B,0,-1.9169116,0.19331742823123932,0.701298713684082,0.29264068603515625
YMR226C,YDR057W,0,-1.9173355,0.19308701157569885,0.701298713684082,0.2930735945701599
YPL224C,YAL051W,0,-1.9175298,0.19285714626312256,0.701298713684082,0.2935065031051636
YDR019C,YLR260W,0,-1.9185938,0.19262781739234924,0.701298713684082,0.29393938183784485
YCR107W,YFL061W,0,-1.9186981,0.1923990547657013,0.701298713684082,0.2943722903728485
YNL180C,YDL076C,0,-1.920598,0.19217081367969513,0.701298713684082,0.2948051989078522
YDL081C,YHR193C,0,-1.924082,0.19194312393665314,0.701298713684082,0.29523810744285583
YNL221C,YHR033W,0,-1.9243422,0.19171597063541412,0.701298713684082,0.2956709861755371
YKL087C,YNR033W,0,-1.9248569,0.19148936867713928,0.701298713684082,0.29610389471054077
YIL098C,YGL194C,0,-1.9257437,0.19126328825950623,0.701298713684082,0.29653680324554443
YNL054W,YLR352W,0,-1.9275644,0.19103772938251495,0.701298713684082,0.2969697117805481
YHR122W,YMR149W,0,-1.928232,0.19081272184848785,0.701298713684082,0.29740259051322937
YDR361C,YBL025W,0,-1.9311632,0.19058823585510254,0.701298713684082,0.29783549904823303
YPL169C,YJL180C,0,-1.9323795,0.190364271402359,0.701298713684082,0.2982684075832367
YML023C,YLR193C,0,-1.9333498,0.19014084339141846,0.701298713684082,0.29870128631591797
YIL009W,YBR015C,0,-1.9348135,0.1899179369211197,0.701298713684082,0.29913419485092163
YMR063W,YJR027W,0,-1.935545,0.1896955519914627,0.701298713684082,0.2995671033859253
YBR121C,YGR156W,1,-1.9377214,0.1906432807445526,0.7056276798248291,0.2995671033859253
YGR120C,YOR086C,0,-1.9440167,0.19042056798934937,0.7056276798248291,0.30000001192092896
YKL045W,YBR043C,0,-1.946239,0.1901983618736267,0.7056276798248291,0.30043289065361023
YHR169W,YDR190C,0,-1.9474688,0.18997669219970703,0.7056276798248291,0.3008657991886139
YPL203W,YLR248W,0,-1.9487551,0.18975552916526794,0.7056276798248291,0.30129870772361755
YKL054C,YNL251C,0,-1.948791,0.18953488767147064,0.7056276798248291,0.3017316162586212
YDR007W,YMR091C,0,-1.9491591,0.18931475281715393,0.7056276798248291,0.3021644949913025
YOR101W,YBL091C,0,-1.9502723,0.1890951246023178,0.7056276798248291,0.30259740352630615
YPR037C,YPL225W,0,-1.950458,0.18887601792812347,0.7056276798248291,0.3030303120613098
YKL079W,YHL006C,0,-1.9510319,0.18865740299224854,0.7056276798248291,0.3034631907939911
YFL025C,YOL121C,0,-1.9531839,0.18843930959701538,0.7056276798248291,0.30389609932899475
YMR048W,YPR105C,0,-1.9543536,0.18822170794010162,0.7056276798248291,0.3043290078639984
YHR035W,YER129W,0,-1.9550923,0.18800461292266846,0.7056276798248291,0.3047619163990021
YDR309C,YOR254C,0,-1.9575192,0.18778802454471588,0.7056276798248291,0.30519479513168335
YPL193W,YIL033C,0,-1.959398,0.1875719279050827,0.7056276798248291,0.305627703666687
YML057W,YNR052C,0,-1.9638727,0.18735632300376892,0.7056276798248291,0.3060606122016907
YOR193W,YDR188W,0,-1.9666924,0.18714120984077454,0.7056276798248291,0.30649352073669434
YIL131C,YLR277C,1,-1.9683983,0.18807339668273926,0.709956705570221,0.30649352073669434
YKL058W,YER060W,0,-1.9696486,0.1878579556941986,0.709956705570221,0.3069263994693756
YGR178C,YLL053C,0,-1.9715468,0.18764302134513855,0.709956705570221,0.3073593080043793
YGL027C,YKR083C,0,-1.9751766,0.1874285787343979,0.709956705570221,0.30779221653938293
YGR283C,YNL251C,0,-1.9752735,0.18721461296081543,0.709956705570221,0.3082250952720642
YJL096W,YCL068C,0,-1.975906,0.18700113892555237,0.709956705570221,0.30865800380706787
YMR053C,YOR068C,0,-1.976933,0.1867881566286087,0.709956705570221,0.30909091234207153
YOR032C,YDR002W,0,-1.9774017,0.18657565116882324,0.709956705570221,0.3095238208770752
YMR234W,YML096W,0,-1.9782971,0.18636363744735718,0.709956705570221,0.30995669960975647
YLR239C,YNL246W,0,-1.9817847,0.18615210056304932,0.709956705570221,0.31038960814476013
YGR181W,YHR122W,0,-1.9817908,0.18594104051589966,0.709956705570221,0.3108225166797638
YNL176C,YCL039W,0,-1.9827412,0.1857304573059082,0.709956705570221,0.31125542521476746
YER063W,YMR048W,0,-1.9846374,0.18552036583423615,0.709956705570221,0.31168830394744873
YNL025C,YOR363C,0,-1.9847541,0.1853107362985611,0.709956705570221,0.3121212124824524
YDR381W,YMR072W,0,-1.9851885,0.18510158360004425,0.709956705570221,0.31255412101745605
YML045W,YER060W,0,-1.9867649,0.18489289283752441,0.709956705570221,0.31298699975013733
YOL029C,YOL116W,0,-1.9868433,0.18468467891216278,0.709956705570221,0.313419908285141
YDR057W,YNR030W,0,-1.9903089,0.18447694182395935,0.709956705570221,0.31385281682014465
YNL094W,YDL046W,0,-1.9907426,0.18426966667175293,0.709956705570221,0.3142857253551483
YHL028W,YMR074C,0,-1.9941031,0.18406285345554352,0.709956705570221,0.3147186040878296
YGR046W,YDL134C-A,0,-1.9945488,0.18385650217533112,0.709956705570221,0.31515151262283325
YER133W,YLR430W,1,-1.9951302,0.18477043509483337,0.7142857313156128,0.31515151262283325
YCR024C,YER149C,0,-1.995157,0.1845637559890747,0.7142857313156128,0.3155844211578369
YML021C,YDR464W,0,-1.9963455,0.18435753881931305,0.7142857313156128,0.3160173296928406
YOR207C,YDR435C,0,-1.999815,0.1841517835855484,0.7142857313156128,0.31645020842552185
YER133W,YDR301W,1,-2.002001,0.18506132066249847,0.7186146974563599,0.31645020842552185
YOL098C,YBL047C,0,-2.0023084,0.18485523760318756,0.7186146974563599,0.3168831169605255
YOR065W,YLR313C,0,-2.003332,0.18464961647987366,0.7186146974563599,0.3173160254955292
YBR130C,YDR150W,0,-2.0088038,0.18444444239139557,0.7186146974563599,0.31774890422821045
YHR142W,YKL087C,0,-2.0094018,0.1842397302389145,0.7186146974563599,0.3181818127632141
YBR121C,YMR039C,1,-2.0107975,0.18514412641525269,0.7229437232017517,0.3181818127632141
YNL137C,YPL130W,0,-2.0148258,0.18493908643722534,0.7229437232017517,0.3186147212982178
YLR115W,YDR289C,1,-2.0155573,0.18584071099758148,0.7272727489471436,0.3186147212982178
YDR471W,YBR191W,0,-2.0185275,0.18563535809516907,0.7272727489471436,0.31904762983322144
YDR301W,YDR289C,1,-2.0191197,0.18653421103954315,0.7316017150878906,0.31904762983322144
YGR046W,YKL149C,0,-2.019323,0.18632856011390686,0.7316017150878906,0.3194805085659027
YDL081C,YLR249W,0,-2.020111,0.1861233413219452,0.7316017150878906,0.31991341710090637
YMR226C,YOR110W,0,-2.0223098,0.18591858446598053,0.7316017150878906,0.32034632563591003
YGR235C,YMR133W,0,-2.0243137,0.18571428954601288,0.7316017150878906,0.3207792341709137
YER063W,YJL021C,0,-2.0243962,0.18551042675971985,0.7316017150878906,0.32121211290359497
YBR248C,YGR094W,0,-2.0259461,0.18530701100826263,0.7316017150878906,0.32164502143859863
YOL009C,YNR059W,0,-2.0261462,0.18510405719280243,0.7316017150878906,0.3220779299736023
YPR175W,YEL048C,0,-2.0262725,0.18490153551101685,0.7316017150878906,0.32251080870628357
YAL026C,YGR122W,0,-2.0264401,0.18469946086406708,0.7316017150878906,0.32294371724128723
YPL013C,YLR299W,0,-2.028595,0.18449781835079193,0.7316017150878906,0.3233766257762909
YHR204W,YDR243C,0,-2.0293894,0.1842966228723526,0.7316017150878906,0.32380953431129456
YIL064W,YPL145C,0,-2.0301917,0.1840958595275879,0.7316017150878906,0.32424241304397583
YPR055W,YGR005C,0,-2.031514,0.183895543217659,0.7316017150878906,0.3246753215789795
YJL089W,YPL021W,0,-2.0352528,0.18369565904140472,0.7316017150878906,0.32510823011398315
YDR004W,YJR108W,0,-2.0364485,0.18349620699882507,0.7316017150878906,0.3255411386489868
YJL054W,YOL122C,0,-2.0381436,0.18329718708992004,0.7316017150878906,0.3259740173816681
YNL294C,YGR129W,0,-2.04172,0.18309858441352844,0.7316017150878906,0.32640692591667175
YPR017C,YKR099W,0,-2.0422246,0.18290042877197266,0.7316017150878906,0.3268398344516754
YPL248C,YEL024W,0,-2.0423565,0.1827027052640915,0.7316017150878906,0.3272727131843567
YGR212W,YOL116W,0,-2.043836,0.18250539898872375,0.7316017150878906,0.32770562171936035
YHL038C,YFL061W,0,-2.044184,0.18230852484703064,0.7316017150878906,0.328138530254364
YMR261C,YGL219C,0,-2.0465517,0.18211206793785095,0.7316017150878906,0.3285714387893677
YOL023W,YNL142W,0,-2.0471158,0.1819160431623459,0.7316017150878906,0.32900431752204895
YBR015C,YBR212W,0,-2.0493982,0.18172043561935425,0.7316017150878906,0.3294372260570526
YNL247W,YLR435W,0,-2.0540736,0.18152524530887604,0.7316017150878906,0.3298701345920563
YJR042W,YKL099C,0,-2.0541434,0.18133047223091125,0.7316017150878906,0.33030304312705994
YKR100C,YDR028C,0,-2.0625358,0.1811361163854599,0.7316017150878906,0.3307359218597412
YOR048C,YOR179C,1,-2.0627556,0.18201284110546112,0.7359307408332825,0.3307359218597412
YLR345W,YIL037C,0,-2.0628204,0.1818181872367859,0.7359307408332825,0.3311688303947449
YLR413W,YMR149W,0,-2.0636148,0.1816239356994629,0.7359307408332825,0.33160173892974854
YGL107C,YLR292C,0,-2.0636292,0.18143010139465332,0.7359307408332825,0.3320346176624298
YML011C,YNL123W,0,-2.0646992,0.18123666942119598,0.7359307408332825,0.33246752619743347
YOR253W,YDR437W,0,-2.0647075,0.18104366958141327,0.7359307408332825,0.33290043473243713
YPR134W,YDR328C,0,-2.065534,0.1808510571718216,0.7359307408332825,0.3333333432674408
YKR095W-A,YLR058C,0,-2.068164,0.18065887689590454,0.7359307408332825,0.33376622200012207
YOR086C,YPL006W,0,-2.068303,0.18046708405017853,0.7359307408332825,0.33419913053512573
YBR272C,YMR156C,0,-2.0684133,0.18027570843696594,0.7359307408332825,0.3346320390701294
YJR035W,YLL014W,0,-2.0708694,0.18008475005626678,0.7359307408332825,0.33506494760513306
YBR038W,YKL134C,0,-2.0718489,0.17989417910575867,0.7359307408332825,0.33549782633781433
YOR004W,YDL031W,0,-2.0730872,0.17970401048660278,0.7359307408332825,0.335930734872818
YNL142W,YNR019W,0,-2.0776973,0.17951425909996033,0.7359307408332825,0.33636364340782166
YDR377W,YDL119C,0,-2.0783973,0.1793248951435089,0.7359307408332825,0.33679652214050293
YOR262W,YBR153W,0,-2.0805917,0.17913593351840973,0.7359307408332825,0.3372294306755066
YCR086W,YOR113W,0,-2.0813022,0.17894737422466278,0.7359307408332825,0.33766233921051025
YML127W,YKL138C,0,-2.0832896,0.17875920236110687,0.7359307408332825,0.3380952477455139
YLR277C,YLR430W,1,-2.0844064,0.1796218454837799,0.7402597665786743,0.3380952477455139
YHL028W,YJL013C,0,-2.0844505,0.17943337559700012,0.7402597665786743,0.3385281264781952
YPL133C,YHR090C,0,-2.0864015,0.17924527823925018,0.7402597665786743,0.33896103501319885
YFR038W,YHL026C,0,-2.0867338,0.17905759811401367,0.7402597665786743,0.3393939435482025
YDR375C,YIL173W,0,-2.0887022,0.178870290517807,0.7402597665786743,0.3398268520832062
YDR235W,YHL021C,0,-2.088767,0.17868338525295258,0.7402597665786743,0.34025973081588745
YHR088W,YNL294C,0,-2.0896187,0.17849686741828918,0.7402597665786743,0.3406926393508911
YEL048C,YGR003W,0,-2.0901132,0.17831073701381683,0.7402597665786743,0.3411255478858948
YNL048W,YCL039W,0,-2.091597,0.17812499403953552,0.7402597665786743,0.34155845642089844
YKL194C,YMR226C,0,-2.0952766,0.17793965339660645,0.7402597665786743,0.3419913351535797
YNR048W,YFR049W,0,-2.095395,0.17775467038154602,0.7402597665786743,0.3424242436885834
YGL246C,YIL131C,1,-2.0960443,0.17860852181911469,0.7445887327194214,0.3424242436885834
YLR131C,YEL048C,0,-2.096081,0.17842324078083038,0.7445887327194214,0.34285715222358704
YIL087C,YPR068C,0,-2.0983167,0.17823834717273712,0.7445887327194214,0.3432900309562683
YKL099C,YJL197W,0,-2.100337,0.1780538260936737,0.7445887327194214,0.343722939491272
YBR086C,YCR063W,0,-2.1017804,0.17786970734596252,0.7445887327194214,0.34415584802627563
YKL029C,YLR017W,0,-2.1021085,0.17768594622612,0.7445887327194214,0.3445887565612793
YBL031W,YPL179W,0,-2.1029208,0.1775025725364685,0.7445887327194214,0.34502163529396057
YPL036W,YML013W,0,-2.1091387,0.17731958627700806,0.7445887327194214,0.34545454382896423
YJR102C,YCR106W,0,-2.1093283,0.17713697254657745,0.7445887327194214,0.3458874523639679
YLR442C,YDR160W,0,-2.1097126,0.1769547313451767,0.7445887327194214,0.34632036089897156
YGL025C,YHR090C,0,-2.112231,0.1767728626728058,0.7445887327194214,0.34675323963165283
YLR352W,YBR045C,0,-2.1134586,0.17659138143062592,0.7445887327194214,0.3471861481666565
YCR045C,YGL151W,0,-2.1147616,0.1764102578163147,0.7445887327194214,0.34761905670166016
YBR109C,YJL173C,0,-2.115165,0.17622950673103333,0.7445887327194214,0.34805193543434143
YAL043C,YNL251C,1,-2.1180964,0.177072674036026,0.7489177584648132,0.34805193543434143
YIL144W,YPL179W,0,-2.1183236,0.17689161002635956,0.7489177584648132,0.3484848439693451
YBR086C,YDR045C,0,-2.119039,0.17671093344688416,0.7489177584648132,0.34891775250434875
YAL043C,YDR289C,1,-2.1194167,0.1775510162115097,0.7532467246055603,0.34891775250434875
YKR095W-A,YHR193C,0,-2.122687,0.17737002670764923,0.7532467246055603,0.3493506610393524
YER133W,YOR048C,1,-2.1238184,0.17820774018764496,0.7575757503509521,0.3493506610393524
YDL105W,YDR045C,0,-2.125121,0.1780264526605606,0.7575757503509521,0.3497835397720337
YHL038C,YML047C,0,-2.12617,0.1778455227613449,0.7575757503509521,0.35021644830703735
YHR111W,YMR009W,0,-2.1262274,0.17766498029232025,0.7575757503509521,0.350649356842041
YOR177C,YLR361C,0,-2.1296592,0.17748478055000305,0.7575757503509521,0.3510822653770447
YPR199C,YKL080W,0,-2.1300378,0.1773049682378769,0.7575757503509521,0.35151514410972595
YOR002W,YOL135C,0,-2.1305113,0.1771254986524582,0.7575757503509521,0.3519480526447296
YDR201W,YHR158C,0,-2.1314087,0.17694641649723053,0.7575757503509521,0.3523809611797333
YLR193C,YPR105C,0,-2.1323888,0.17676767706871033,0.7575757503509521,0.35281383991241455
YML081W,YKL134C,0,-2.1325269,0.17658931016921997,0.7575757503509521,0.3532467484474182
YOR045W,YNL287W,0,-2.1344032,0.17641128599643707,0.7575757503509521,0.3536796569824219
YGL246C,YLR277C,1,-2.1354847,0.17724068462848663,0.761904776096344,0.3536796569824219
YOR272W,YHR079C-B,0,-2.137446,0.17706237733364105,0.761904776096344,0.35411256551742554
YIL022W,YHR033W,0,-2.1382911,0.17688442766666412,0.761904776096344,0.3545454442501068
YNL251C,YMR039C,1,-2.140078,0.17771084606647491,0.7662337422370911,0.3545454442501068
YOR157C,YHR014W,0,-2.144432,0.1775325983762741,0.7662337422370911,0.3549783527851105
YHR110W,YJL083W,0,-2.1456041,0.17735470831394196,0.7662337422370911,0.35541126132011414
YPL173W,YIL008W,0,-2.1456957,0.17717717587947845,0.7662337422370911,0.3558441698551178
YPL248C,YJL035C,0,-2.1470566,0.1770000010728836,0.7662337422370911,0.3562770485877991
YPR114W,YKR027W,0,-2.1479034,0.1768231838941574,0.7662337422370911,0.35670995712280273
YPR105C,YIL173W,0,-2.1480803,0.17664670944213867,0.7662337422370911,0.3571428656578064
YJL183W,YFL049W,0,-2.1481183,0.1764705926179886,0.7662337422370911,0.35757574439048767
YOR026W,YHR114W,0,-2.1494007,0.17629481852054596,0.7662337422370911,0.35800865292549133
YLR426W,YLR189C,0,-2.1512637,0.17611940205097198,0.7662337422370911,0.358441561460495
YDR468C,YPR068C,0,-2.1528893,0.17594432830810547,0.7662337422370911,0.35887446999549866
YGL092W,YKL077W,0,-2.1533847,0.1757696121931076,0.7662337422370911,0.35930734872817993
YNL145W,YDL117W,0,-2.1550455,0.1755952388048172,0.7662337422370911,0.3597402572631836
YER041W,YMR237W,0,-2.1555567,0.17542120814323425,0.7662337422370911,0.36017316579818726
YDR301W,YKL018W,1,-2.1559126,0.17623762786388397,0.7705627679824829,0.36017316579818726
YFR016C,YHR142W,0,-2.1563401,0.17606329917907715,0.7705627679824829,0.3606060743331909
YJR035W,YCR038C,0,-2.1575637,0.17588932812213898,0.7705627679824829,0.3610389530658722
YPL140C,YDL154W,0,-2.1607053,0.17571569979190826,0.7705627679824829,0.36147186160087585
YDR009W,YPL248C,0,-2.1622882,0.17554239928722382,0.7705627679824829,0.3619047701358795
YOR380W,YOR065W,0,-2.163792,0.17536945641040802,0.7705627679824829,0.3623376488685608
YBL013W,YOL059W,0,-2.1644385,0.17519685626029968,0.7705627679824829,0.36277055740356445
YBR211C,YER044C-A,0,-2.1650555,0.1750245839357376,0.7705627679824829,0.3632034659385681
YDL100C,YJR084W,0,-2.1669145,0.174852654337883,0.7705627679824829,0.3636363744735718
YPL280W,YGR161C-D,0,-2.1679342,0.17468105256557465,0.7705627679824829,0.36406925320625305
YGR266W,YPL040C,0,-2.1683788,0.17450980842113495,0.7705627679824829,0.3645021617412567
YBL038W,YJL180C,0,-2.168724,0.17433887720108032,0.7705627679824829,0.3649350702762604
YJL162C,YOR247W,0,-2.1696212,0.17416830360889435,0.7705627679824829,0.36536797881126404
YOR254C,YHR193C,0,-2.170051,0.17399804294109344,0.7705627679824829,0.3658008575439453
YOR320C,YLR058C,0,-2.1707892,0.173828125,0.7705627679824829,0.366233766078949
YGL246C,YLR115W,1,-2.1714468,0.1746341437101364,0.7748917937278748,0.366233766078949
YGL246C,YNL251C,1,-2.1718125,0.17543859779834747,0.7792207598686218,0.366233766078949
YNL023C,YPL176C,0,-2.1738873,0.1752677708864212,0.7792207598686218,0.36666667461395264
YDR235W,YPL076W,0,-2.1740155,0.1750972718000412,0.7792207598686218,0.3670995533466339
YDR005C,YHR133C,0,-2.1750994,0.17492711544036865,0.7792207598686218,0.3675324618816376
YEL019C,YLR193C,0,-2.1761131,0.17475728690624237,0.7792207598686218,0.36796537041664124
YDR108W,YJL001W,0,-2.1773257,0.17458778619766235,0.7792207598686218,0.3683982789516449
YHR035W,YPR008W,0,-2.1800485,0.1744185984134674,0.7792207598686218,0.36883115768432617
YPL190C,YLR115W,1,-2.1805708,0.17521780729293823,0.7835497856140137,0.36883115768432617
YDL247W,YPR148C,0,-2.1808357,0.1750483512878418,0.7835497856140137,0.36926406621932983
YDR515W,YBR212W,0,-2.1809077,0.17487922310829163,0.7835497856140137,0.3696969747543335
YKL138C-A,YJL026W,0,-2.183633,0.17471042275428772,0.7835497856140137,0.37012988328933716
YKL129C,YOL116W,0,-2.1841805,0.17454195022583008,0.7835497856140137,0.37056276202201843
YGR170W,YCR044C,0,-2.1858006,0.1743737906217575,0.7835497856140137,0.3709956705570221
YDR350C,YCL035C,0,-2.1876788,0.1742059737443924,0.7835497856140137,0.37142857909202576
YGR212W,YOR177C,0,-2.1877532,0.17403845489025116,0.7835497856140137,0.37186145782470703
YDL105W,YMR149W,0,-2.1890829,0.17387127876281738,0.7835497856140137,0.3722943663597107
YLR102C,YDR515W,0,-2.1903677,0.17370441555976868,0.7835497856140137,0.37272727489471436
YLR115W,YIL131C,1,-2.1912313,0.17449665069580078,0.7878788113594055,0.37272727489471436
YDR435C,YNR059W,0,-2.1926947,0.1743295043706894,0.7878788113594055,0.373160183429718
YIL037C,YLR052W,0,-2.1929812,0.17416268587112427,0.7878788113594055,0.3735930621623993
YML081W,YKR099W,0,-2.1930418,0.1739961802959442,0.7878788113594055,0.37402597069740295
YNL199C,YIL009W,0,-2.1937299,0.17382998764514923,0.7878788113594055,0.3744588792324066
YPR037C,YKR052C,0,-2.1943698,0.1736641228199005,0.7878788113594055,0.3748917877674103
YLR324W,YNR059W,0,-2.1957984,0.17349857091903687,0.7878788113594055,0.37532466650009155
YML016C,YOR059C,0,-2.1959872,0.1733333319425583,0.7878788113594055,0.3757575750350952
YOL012C,YPL233W,0,-2.1963024,0.17316840589046478,0.7878788113594055,0.3761904835700989
YBR046C,YKL069W,0,-2.1964664,0.17300380766391754,0.7878788113594055,0.37662336230278015
YOR320C,YPL198W,0,-2.1964679,0.17283950746059418,0.7878788113594055,0.3770562708377838
YNL222W,YLR115W,1,-2.1972094,0.17362429201602936,0.7922077775001526,0.3770562708377838
YPL058C,YLR143W,0,-2.1979618,0.1734597086906433,0.7922077775001526,0.3774891793727875
YNL051W,YLR039C,0,-2.1980498,0.17329545319080353,0.7922077775001526,0.37792208790779114
YER133W,YAL043C,1,-2.1984358,0.1740775853395462,0.7965368032455444,0.37792208790779114
YOL076W,YDR217C,0,-2.2013075,0.17391304671764374,0.7965368032455444,0.3783549666404724
YPL001W,YHR214W,0,-2.2022667,0.17374882102012634,0.7965368032455444,0.3787878751754761
YBR101C,YNL221C,0,-2.2030249,0.17358490824699402,0.7965368032455444,0.37922078371047974
YLR451W,YOR249C,0,-2.2042327,0.17342129349708557,0.7965368032455444,0.3796536922454834
YNL164C,YPL179W,0,-2.2060368,0.1732580065727234,0.7965368032455444,0.3800865709781647
YAL011W,YBL008W,0,-2.2066622,0.17309501767158508,0.7965368032455444,0.38051947951316833
YBR043C,YBL035C,0,-2.206891,0.17293232679367065,0.7965368032455444,0.380952388048172
YML096W,YLR067C,0,-2.2106986,0.1727699488401413,0.7965368032455444,0.38138526678085327
YDR468C,YFR040W,0,-2.2119145,0.172607883810997,0.7965368032455444,0.38181817531585693
YAL011W,YLR409C,0,-2.2122536,0.1724461168050766,0.7965368032455444,0.3822510838508606
YHL017W,YKR089C,0,-2.2134333,0.17228464782238007,0.7965368032455444,0.38268399238586426
YML011C,YGR296W,0,-2.2166476,0.1721234768629074,0.7965368032455444,0.38311687111854553
YNL294C,YBL014C,0,-2.216753,0.17196261882781982,0.7965368032455444,0.3835497796535492
YER063W,YMR275C,0,-2.2199254,0.17180205881595612,0.7965368032455444,0.38398268818855286
YDR228C,YDR301W,1,-2.220406,0.17257462441921234,0.8008658289909363,0.38398268818855286
YLR075W,YOL095C,0,-2.221426,0.17241379618644714,0.8008658289909363,0.3844155967235565
YDL154W,YDL076C,0,-2.2232585,0.17225326597690582,0.8008658289909363,0.3848484754562378
YDL098C,YBR279W,0,-2.2233655,0.17209301888942719,0.8008658289909363,0.38528138399124146
YOR179C,YDR289C,1,-2.226767,0.1728624552488327,0.8051947951316833,0.38528138399124146
YCL044C,YBR094W,0,-2.2271953,0.17270195484161377,0.8051947951316833,0.3857142925262451
YMR158W,YNL048W,0,-2.2284415,0.17254173755645752,0.8051947951316833,0.3861471712589264
YOR252W,YGR083C,0,-2.2302408,0.17238183319568634,0.8051947951316833,0.38658007979393005
YDR430C,YLR292C,0,-2.230265,0.17222222685813904,0.8051947951316833,0.3870129883289337
YIL052C,YPR106W,0,-2.2317646,0.17206290364265442,0.8051947951316833,0.3874458968639374
YPR154W,YDR129C,0,-2.2324483,0.17190387845039368,0.8051947951316833,0.38787877559661865
YBR049C,YHR080C,0,-2.2333708,0.1717451512813568,0.8051947951316833,0.3883116841316223
YLL006W,YPL063W,0,-2.235165,0.17158672213554382,0.8051947951316833,0.388744592666626
YGL243W,YHR214W,0,-2.23552,0.17142857611179352,0.8051947951316833,0.38917750120162964
YPL248C,YBR015C,0,-2.2374768,0.1712707132101059,0.8051947951316833,0.3896103799343109
YML041C,YKR007W,0,-2.2376137,0.17111314833164215,0.8051947951316833,0.3900432884693146
YOL144W,YDR092W,0,-2.2377462,0.17095588147640228,0.8051947951316833,0.39047619700431824
YGL073W,YLR411W,0,-2.2383766,0.1707988977432251,0.8051947951316833,0.3909091055393219
YGR103W,YIL038C,0,-2.2385378,0.1706421971321106,0.8051947951316833,0.3913419842720032
YML023C,YDR398W,0,-2.2389483,0.17048579454421997,0.8051947951316833,0.39177489280700684
YCR016W,YGR040W,0,-2.2396803,0.17032967507839203,0.8051947951316833,0.3922078013420105
YBR029C,YLR288C,0,-2.2429981,0.17017383873462677,0.8051947951316833,0.3926406800746918
YJL181W,YDR150W,0,-2.244771,0.1700182855129242,0.8051947951316833,0.39307358860969543
YOL011W,YNL041C,0,-2.2464495,0.1698630154132843,0.8051947951316833,0.3935064971446991
YDR091C,YPL063W,0,-2.2469583,0.1697080284357071,0.8051947951316833,0.39393940567970276
YDR289C,YKL077W,0,-2.2470384,0.16955332458019257,0.8051947951316833,0.39437228441238403
YNL317W,YLR292C,0,-2.2477512,0.16939890384674072,0.8051947951316833,0.3948051929473877
YOR158W,YNL161W,0,-2.2495558,0.16924476623535156,0.8051947951316833,0.39523810148239136
YOL122C,YLR324W,0,-2.2495713,0.16909091174602509,0.8051947951316833,0.395671010017395
YEL018W,YDR300C,0,-2.2508347,0.1689373254776001,0.8051947951316833,0.3961038887500763
YNR032C-A,YKL052C,0,-2.2516341,0.1687840223312378,0.8051947951316833,0.39653679728507996
YER155C,YDL046W,0,-2.254436,0.16863100230693817,0.8051947951316833,0.3969697058200836
YDL240W,YML098W,0,-2.2558966,0.16847826540470123,0.8051947951316833,0.3974025845527649
YML059C,YNL240C,0,-2.2565181,0.16832579672336578,0.8051947951316833,0.39783549308776855
YPR057W,YPL178W,0,-2.2573833,0.16817359626293182,0.8051947951316833,0.3982684016227722
YLR324W,YKR049C,0,-2.2633772,0.16802167892456055,0.8051947951316833,0.3987013101577759
YML101C,YCR044C,0,-2.2697115,0.16787002980709076,0.8051947951316833,0.39913418889045715
YDR490C,YML061C,0,-2.2704253,0.16771866381168365,0.8051947951316833,0.3995670974254608
YDR375C,YGL243W,0,-2.2706554,0.16756756603717804,0.8051947951316833,0.4000000059604645
YLR006C,YER093C,0,-2.2717342,0.1674167364835739,0.8051947951316833,0.40043291449546814
YKL145W,YIR031C,0,-2.2748666,0.16726619005203247,0.8051947951316833,0.4008657932281494
YDR028C,YGR142W,0,-2.277964,0.16711589694023132,0.8051947951316833,0.4012987017631531
YML096W,YKL099C,0,-2.2781878,0.16696588695049286,0.8051947951316833,0.40173161029815674
YDR268W,YFL011W,0,-2.2793374,0.16681614518165588,0.8051947951316833,0.402164489030838
YLR432W,YLR060W,0,-2.2827506,0.1666666716337204,0.8051947951316833,0.4025973975658417
YPR154W,YLL018C-A,0,-2.2844625,0.1665174514055252,0.8051947951316833,0.40303030610084534
YBR233W-A,YDL209C,0,-2.2856784,0.1663685142993927,0.8051947951316833,0.403463214635849
YDR386W,YPL173W,0,-2.2870123,0.16621984541416168,0.8051947951316833,0.4038960933685303
YOL078W,YLR019W,0,-2.287459,0.16607142984867096,0.8051947951316833,0.40432900190353394
YJL096W,YPL225W,0,-2.2881994,0.16592328250408173,0.8051947951316833,0.4047619104385376
YLR023C,YDR437W,0,-2.2913215,0.16577540338039398,0.8051947951316833,0.40519481897354126
YCR105W,YIL068C,0,-2.291803,0.16562777757644653,0.8051947951316833,0.40562769770622253
YKR078W,YPR086W,0,-2.2947845,0.16548041999340057,0.8051947951316833,0.4060606062412262
YJL110C,YHR204W,0,-2.29559,0.1653333306312561,0.8051947951316833,0.40649351477622986
YDL100C,YHR014W,0,-2.2956197,0.16518649458885193,0.8051947951316833,0.40692639350891113
YNL317W,YJL001W,0,-2.2967365,0.16503992676734924,0.8051947951316833,0.4073593020439148
YDR407C,YMR125W,0,-2.2986286,0.16489361226558685,0.8051947951316833,0.40779221057891846
YAL007C,YPL224C,0,-2.2987127,0.16474756598472595,0.8051947951316833,0.4082251191139221
YIL013C,YDL087C,0,-2.3010592,0.16460177302360535,0.8051947951316833,0.4086579978466034
YLR215C,YGL027C,0,-2.3012698,0.16445623338222504,0.8051947951316833,0.40909090638160706
YPL116W,YGL226W,0,-2.3013716,0.16431094706058502,0.8051947951316833,0.4095238149166107
YDR301W,YIL131C,1,-2.3029265,0.1650485396385193,0.8095238208770752,0.4095238149166107
YCR086W,YPL140C,0,-2.3057773,0.16490299999713898,0.8095238208770752,0.4099567234516144
YGR202C,YDL046W,0,-2.3065605,0.16475771367549896,0.8095238208770752,0.41038960218429565
YMR322C,YLL021W,0,-2.3078876,0.16461268067359924,0.8095238208770752,0.4108225107192993
YER005W,YDR021W,0,-2.3079824,0.16446790099143982,0.8095238208770752,0.411255419254303
YDR517W,YPL161C,0,-2.3088002,0.1643233746290207,0.8095238208770752,0.41168829798698425
YER093C,YDR359C,0,-2.3091075,0.16417910158634186,0.8095238208770752,0.4121212065219879
YOL009C,YBR049C,0,-2.311706,0.16403508186340332,0.8095238208770752,0.4125541150569916
YDL003W,YOR065W,0,-2.3118837,0.16389133036136627,0.8095238208770752,0.41298702359199524
YDL135C,YEL048C,0,-2.312408,0.16374781727790833,0.8095238208770752,0.4134199023246765
YNR032C-A,YLR223C,0,-2.3139143,0.16360454261302948,0.8095238208770752,0.4138528108596802
YBR121C,YOR179C,1,-2.3146048,0.16433566808700562,0.8138527870178223,0.4138528108596802
YDR091C,YLR055C,0,-2.3146338,0.16419214010238647,0.8138527870178223,0.41428571939468384
YOR241W,YLL014W,0,-2.3150468,0.16404886543750763,0.8138527870178223,0.4147186279296875
YBR015C,YBR100W,0,-2.3168788,0.16390584409236908,0.8138527870178223,0.4151515066623688
YML081W,YML016C,0,-2.3173866,0.16376306116580963,0.8138527870178223,0.41558441519737244
YIL148W,YIL009W,0,-2.3178864,0.16362054646015167,0.8138527870178223,0.4160173237323761
YOR207C,YLL014W,0,-2.3182461,0.16347825527191162,0.8138527870178223,0.4164502024650574
YJL174W,YML031W,0,-2.3186398,0.16333623230457306,0.8138527870178223,0.41688311100006104
YOR048C,YDR195W,1,-2.3191533,0.1640625,0.8181818127632141,0.41688311100006104
YBL091C,YHL006C,0,-2.31955,0.16392020881175995,0.8181818127632141,0.4173160195350647
YMR243C,YKL149C,0,-2.3201144,0.163778156042099,0.8181818127632141,0.41774892807006836
YCR016W,YIL038C,0,-2.320415,0.16363635659217834,0.8181818127632141,0.41818180680274963
YNL118C,YOR059C,0,-2.321268,0.16349481046199799,0.8181818127632141,0.4186147153377533
YOR078W,YGL078C,0,-2.3221543,0.16335350275039673,0.8181818127632141,0.41904762387275696
YDR235W,YNR071C,0,-2.324551,0.16321243345737457,0.8181818127632141,0.4194805324077606
YDR439W,YCR065W,0,-2.3252547,0.1630716174840927,0.8181818127632141,0.4199134111404419
YER133W,YJR017C,1,-2.3261902,0.16379310190677643,0.822510838508606,0.4199134111404419
YIL075C,YER032W,0,-2.3270729,0.16365201771259308,0.822510838508606,0.42034631967544556
YKR095W,YLR328W,0,-2.327343,0.16351118683815002,0.822510838508606,0.4207792282104492
YLR360W,YNL076W,0,-2.3273907,0.16337059438228607,0.822510838508606,0.4212121069431305
YNL045W,YGL092W,0,-2.329081,0.16323024034500122,0.822510838508606,0.42164501547813416
YGR266W,YNL156C,0,-2.3330345,0.16309012472629547,0.822510838508606,0.4220779240131378
YBR114W,YJR120W,0,-2.3333628,0.16295026242733002,0.822510838508606,0.4225108325481415
YJR050W,YOR001W,0,-2.333441,0.16281062364578247,0.822510838508606,0.42294371128082275
YBR268W,YDL243C,0,-2.3338857,0.16267123818397522,0.822510838508606,0.4233766198158264
YHR205W,YNL130C,0,-2.334506,0.16253207623958588,0.822510838508606,0.4238095283508301
YLR288C,YPL253C,0,-2.3363585,0.16239316761493683,0.822510838508606,0.42424243688583374
YDR437W,YGL105W,0,-2.3370376,0.1622544825077057,0.822510838508606,0.424675315618515
YKL077W,YMR156C,0,-2.3417482,0.16211603581905365,0.822510838508606,0.4251082241535187
YNL041C,YHL006C,0,-2.3433979,0.1619778275489807,0.822510838508606,0.42554113268852234
YER040W,YPL253C,0,-2.3435748,0.16183985769748688,0.822510838508606,0.4259740114212036
YBR189W,YPL234C,0,-2.3445468,0.16170212626457214,0.822510838508606,0.4264069199562073
YHR079C-B,YHL035C,0,-2.3446212,0.1615646332502365,0.822510838508606,0.42683982849121094
YLR220W,YPL183C,0,-2.3468647,0.1614273637533188,0.822510838508606,0.4272727370262146
YHR090C,YDL119C,0,-2.3469987,0.16129031777381897,0.822510838508606,0.4277056157588959
YLR451W,YER149C,0,-2.3484857,0.16115352511405945,0.822510838508606,0.42813852429389954
YGR193C,YDR439W,0,-2.3492143,0.16101695597171783,0.822510838508606,0.4285714328289032
YOR358W,YIL033C,0,-2.3495572,0.16088061034679413,0.822510838508606,0.42900434136390686
YAL043C,YLR115W,1,-2.3499575,0.16159053146839142,0.826839804649353,0.42900434136390686
YLR059C,YHR080C,0,-2.3506942,0.16145393252372742,0.826839804649353,0.42943722009658813
YMR220W,YHR190W,0,-2.35151,0.16131757199764252,0.826839804649353,0.4298701286315918
YGR024C,YMR230W,0,-2.353657,0.16118143498897552,0.826839804649353,0.43030303716659546
YJR017C,YGL246C,1,-2.3565078,0.1618887037038803,0.8311688303947449,0.43030303716659546
YER100W,YLR324W,0,-2.3601596,0.16175231337547302,0.8311688303947449,0.43073591589927673
YIL019W,YPR169W,0,-2.3618083,0.16161616146564484,0.8311688303947449,0.4311688244342804
YDR028C,YJL168C,0,-2.365472,0.16148023307323456,0.8311688303947449,0.43160173296928406
YER177W,YLR345W,0,-2.365985,0.16134454309940338,0.8311688303947449,0.4320346415042877
YDR407C,YPR174C,0,-2.3674407,0.16120906174182892,0.8311688303947449,0.432467520236969
YMR158W,YLL053C,0,-2.3703542,0.16107381880283356,0.8311688303947449,0.43290042877197266
YOR358W,YOR249C,0,-2.3711038,0.1609388142824173,0.8311688303947449,0.4333333373069763
YIL098C,YGL053W,0,-2.3755026,0.16080401837825775,0.8311688303947449,0.43376624584198
YGL246C,YLR430W,1,-2.3813596,0.1615062803030014,0.8354978561401367,0.43376624584198
YLR411W,YDL124W,0,-2.3820138,0.16137123107910156,0.8354978561401367,0.43419912457466125
YNL243W,YBR016W,0,-2.3842235,0.16123642027378082,0.8354978561401367,0.4346320331096649
YJL021C,YIL137C,0,-2.3860626,0.161101832985878,0.8354978561401367,0.4350649416446686
YCL029C,YCR038C,0,-2.3884842,0.16096746921539307,0.8354978561401367,0.43549785017967224
YNL222W,YOR179C,1,-2.3902445,0.1616666615009308,0.8398268222808838,0.43549785017967224
YLR347C,YBR218C,0,-2.390469,0.16153205931186676,0.8398268222808838,0.4359307289123535
YJR150C,YMR322C,0,-2.3910306,0.16139766573905945,0.8398268222808838,0.4363636374473572
YBR091C,YDR268W,0,-2.3937864,0.16126351058483124,0.8398268222808838,0.43679654598236084
YNL243W,YER149C,0,-2.395834,0.16112956404685974,0.8398268222808838,0.4372294247150421
YNL318C,YKR007W,0,-2.3961015,0.16099585592746735,0.8398268222808838,0.4376623332500458
YBR038W,YHR204W,0,-2.3994184,0.16086235642433167,0.8398268222808838,0.43809524178504944
YOR250C,YER032W,0,-2.401636,0.1607290804386139,0.8398268222808838,0.4385281503200531
YPR055W,YBL038W,0,-2.4025126,0.16059602797031403,0.8398268222808838,0.4389610290527344
YPL193W,YPL161C,0,-2.4030707,0.16046319901943207,0.8398268222808838,0.43939393758773804
YER040W,YDL018C,0,-2.404642,0.16033057868480682,0.8398268222808838,0.4398268461227417
YNL263C,YCL001W,0,-2.4067674,0.1601981818675995,0.8398268222808838,0.44025975465774536
YGR165W,YBR023C,0,-2.406934,0.16006600856781006,0.8398268222808838,0.44069263339042664
YNL156C,YIR031C,0,-2.408775,0.15993404388427734,0.8398268222808838,0.4411255419254303
YLR347C,YDR261C,0,-2.4112182,0.15980230271816254,0.8398268222808838,0.44155845046043396
YDR259C,YDR437W,0,-2.4117374,0.15967078506946564,0.8398268222808838,0.44199132919311523
YDR372C,YKL192C,0,-2.4118395,0.15953947603702545,0.8398268222808838,0.4424242377281189
YEL044W,YBL014C,0,-2.4128284,0.15940837562084198,0.8398268222808838,0.44285714626312256
YML133C,YMR225C,0,-2.4142199,0.15927749872207642,0.8398268222808838,0.4432900547981262
YPR173C,YMR286W,0,-2.414532,0.15914684534072876,0.8398268222808838,0.4437229335308075
YJL012C,YPL018W,0,-2.4169886,0.15901640057563782,0.8398268222808838,0.44415584206581116
YLL066C,YKL048C,0,-2.4170365,0.1588861644268036,0.8398268222808838,0.4445887506008148
YOL023W,YHR120W,0,-2.418318,0.15875613689422607,0.8398268222808838,0.4450216591358185
YDR228C,YNL251C,1,-2.4185154,0.15944398939609528,0.8441558480262756,0.4450216591358185
YKL155C,YER060W-A,0,-2.419319,0.15931372344493866,0.8441558480262756,0.44545453786849976
YLR284C,YNL048W,0,-2.4223351,0.15918366611003876,0.8441558480262756,0.4458874464035034
YAR009C,YHR170W,0,-2.4286075,0.15905383229255676,0.8441558480262756,0.4463203549385071
YLR118C,YPL135W,0,-2.431808,0.15892420709133148,0.8441558480262756,0.44675323367118835
YDR287W,YPL075W,0,-2.4322612,0.15879479050636292,0.8441558480262756,0.447186142206192
YFR027W,YFR049W,0,-2.432622,0.15866558253765106,0.8441558480262756,0.4476190507411957
YMR225C,YOR078W,0,-2.4334679,0.15853658318519592,0.8441558480262756,0.44805195927619934
YOL132W,YPL021W,0,-2.435036,0.1584077924489975,0.8441558480262756,0.4484848380088806
YMR177W,YDL211C,0,-2.4353108,0.15827922523021698,0.8441558480262756,0.4489177465438843
YHR108W,YHR158C,0,-2.4360523,0.15815085172653198,0.8441558480262756,0.44935065507888794
YGR235C,YBL005W,0,-2.4414263,0.1580226868391037,0.8441558480262756,0.4497835636138916
YDR469W,YIL173W,0,-2.441677,0.15789473056793213,0.8441558480262756,0.4502164423465729
YGL067W,YOL095C,0,-2.4423628,0.15776698291301727,0.8441558480262756,0.45064935088157654
YKL018W,YLR277C,1,-2.4429028,0.15844786167144775,0.8484848737716675,0.45064935088157654
YLR417W,YLR337C,0,-2.4462109,0.1583198755979538,0.8484848737716675,0.4510822594165802
YDR111C,YDR361C,0,-2.4477122,0.15819208323955536,0.8484848737716675,0.4515151381492615
YOR241W,YLR068W,0,-2.4490821,0.15806451439857483,0.8484848737716675,0.45194804668426514
YCR107W,YHL031C,0,-2.4491024,0.157937154173851,0.8484848737716675,0.4523809552192688
YGL104C,YGR296W,0,-2.449637,0.15780998766422272,0.8484848737716675,0.45281386375427246
YNL294C,YBR003W,0,-2.4573295,0.15768302977085114,0.8484848737716675,0.45324674248695374
YGR174C,YML061C,0,-2.4606051,0.15755626559257507,0.8484848737716675,0.4536796510219574
YNL056W,YJL208C,0,-2.4621763,0.15742972493171692,0.8484848737716675,0.45411255955696106
YBR153W,YJL069C,0,-2.4651837,0.15730337798595428,0.8484848737716675,0.4545454680919647
YFL025C,YKL197C,0,-2.4655309,0.15717722475528717,0.8484848737716675,0.454978346824646
YDR367W,YCR035C,0,-2.467397,0.15705128014087677,0.8484848737716675,0.45541125535964966
YDR127W,YOL023W,0,-2.4681807,0.15692554414272308,0.8484848737716675,0.4558441638946533
YPR141C,YHR080C,0,-2.4699013,0.15680000185966492,0.8484848737716675,0.4562770426273346
YER072W,YOR026W,0,-2.4701674,0.15667465329170227,0.8484848737716675,0.45670995116233826
YDR515W,YPL233W,0,-2.4725904,0.15654951333999634,0.8484848737716675,0.4571428596973419
YHR146W,YGL027C,0,-2.4747734,0.15642458200454712,0.8484848737716675,0.4575757682323456
YDR212W,YJR118C,0,-2.4754283,0.15629984438419342,0.8484848737716675,0.45800864696502686
YGR060W,YEL024W,0,-2.4773579,0.15617530047893524,0.8484848737716675,0.4584415555000305
YLL018C,YAL026C,0,-2.4788218,0.15605095028877258,0.8484848737716675,0.4588744640350342
YCL048W,YHL050C,0,-2.481124,0.15592680871486664,0.8484848737716675,0.45930737257003784
YKR078W,YMR234W,0,-2.4819584,0.1558028608560562,0.8484848737716675,0.4597402513027191
YHR197W,YGL016W,0,-2.4834287,0.1556791067123413,0.8484848737716675,0.4601731598377228
YGR254W,YMR074C,0,-2.4850793,0.15555556118488312,0.8484848737716675,0.46060606837272644
YLL006W,YLR435W,0,-2.4857016,0.15543219447135925,0.8484848737716675,0.4610389471054077
YBR038W,YER060W,0,-2.4857483,0.1553090363740921,0.8484848737716675,0.4614718556404114
YPR173C,YDL220C,0,-2.4871387,0.15518607199192047,0.8484848737716675,0.46190476417541504
YBR121C,YNL222W,1,-2.487204,0.15585443377494812,0.8528138399124146,0.46190476417541504
YIL053W,YHL015W,0,-2.487788,0.1557312309741974,0.8528138399124146,0.4623376727104187
YLR150W,YDR087C,0,-2.4888415,0.15560822188854218,0.8528138399124146,0.4627705514431
YML107C,YOL061W,0,-2.4964433,0.1554853916168213,0.8528138399124146,0.46320345997810364
YOR320C,YOR330C,0,-2.499836,0.15536276996135712,0.8528138399124146,0.4636363685131073
YNL137C,YKR079C,0,-2.5013058,0.15524034202098846,0.8528138399124146,0.46406927704811096
YLR277C,YNR033W,0,-2.5030494,0.15511810779571533,0.8528138399124146,0.46450215578079224
YGR178C,YOR136W,0,-2.5070362,0.15499606728553772,0.8528138399124146,0.4649350643157959
YKL006C-A,YNL123W,0,-2.5075703,0.15487422049045563,0.8528138399124146,0.46536797285079956
YKR064W,YLR435W,0,-2.508195,0.15475255250930786,0.8528138399124146,0.46580085158348083
YGR193C,YLR060W,0,-2.509252,0.15463107824325562,0.8528138399124146,0.4662337601184845
YGL098W,YDR002W,0,-2.5110004,0.1545097976922989,0.8528138399124146,0.46666666865348816
YDR189W,YGL076C,0,-2.511208,0.15438871085643768,0.8528138399124146,0.4670995771884918
YBL013W,YGR129W,0,-2.5130029,0.154267817735672,0.8528138399124146,0.4675324559211731
YGR170W,YPR174C,0,-2.5134928,0.15414710342884064,0.8528138399124146,0.46796536445617676
YLR189C,YER071C,0,-2.5143828,0.1540265828371048,0.8528138399124146,0.4683982729911804
YPR046W,YCR063W,0,-2.515645,0.15390625596046448,0.8528138399124146,0.4688311815261841
YBR153W,YDL123W,0,-2.5182045,0.15378610789775848,0.8528138399124146,0.46926406025886536
YER149C,YNR037C,0,-2.519206,0.153666153550148,0.8528138399124146,0.469696968793869
YIL022W,YNL287W,0,-2.5195587,0.15354637801647186,0.8528138399124146,0.4701298773288727
YJL183W,YJL058C,0,-2.5223517,0.15342679619789124,0.8528138399124146,0.47056275606155396
YDL091C,YLR215C,0,-2.5242524,0.15330739319324493,0.8528138399124146,0.4709956645965576
YHL011C,YKL196C,0,-2.5245645,0.15318818390369415,0.8528138399124146,0.4714285731315613
YNL145W,YBL063W,0,-2.5255177,0.1530691534280777,0.8528138399124146,0.47186148166656494
YHR158C,YBR208C,0,-2.5262964,0.15295031666755676,0.8528138399124146,0.4722943603992462
YLL048C,YOL135C,0,-2.5278554,0.15283165872097015,0.8528138399124146,0.4727272689342499
YOR034C,YJR050W,0,-2.528284,0.15271317958831787,0.8528138399124146,0.47316017746925354
YBR003W,YJL058C,0,-2.5296192,0.1525948941707611,0.8528138399124146,0.4735930860042572
YBR078W,YBR060C,0,-2.5365615,0.15247678756713867,0.8528138399124146,0.4740259647369385
YCR035C,YBR131W,0,-2.5367997,0.15235885977745056,0.8528138399124146,0.47445887327194214
YIL008W,YER081W,0,-2.5384803,0.15224111080169678,0.8528138399124146,0.4748917818069458
YJR117W,YML004C,0,-2.5401752,0.1521235555410385,0.8528138399124146,0.4753246605396271
YDR212W,YNL081C,0,-2.5432062,0.15200617909431458,0.8528138399124146,0.47575756907463074
YBL080C,YAL028W,0,-2.5433388,0.15188898146152496,0.8528138399124146,0.4761904776096344
YNL059C,YML055W,0,-2.5443292,0.15177196264266968,0.8528138399124146,0.47662338614463806
YBR268W,YDR057W,0,-2.5445485,0.15165512263774872,0.8528138399124146,0.47705626487731934
YOL078W,YNL161W,0,-2.5459957,0.15153846144676208,0.8528138399124146,0.477489173412323
YDR386W,YGR017W,0,-2.549417,0.15142197906970978,0.8528138399124146,0.47792208194732666
YGL076C,YKL002W,0,-2.5501566,0.151305690407753,0.8528138399124146,0.4783549904823303
YGR224W,YGR245C,0,-2.5505621,0.15118956565856934,0.8528138399124146,0.4787878692150116
YPR097W,YLR323C,0,-2.5520263,0.15107361972332,0.8528138399124146,0.47922077775001526
YGL195W,YBL025W,0,-2.5525503,0.150957852602005,0.8528138399124146,0.4796536862850189
YMR002W,YLR189C,0,-2.5529137,0.15084226429462433,0.8528138399124146,0.4800865948200226
YGR044C,YGL127C,0,-2.5535588,0.15072685480117798,0.8528138399124146,0.48051947355270386
YDL031W,YDL076C,0,-2.5547295,0.15061162412166595,0.8528138399124146,0.4809523820877075
YJR120W,YJR054W,0,-2.555263,0.15049655735492706,0.8528138399124146,0.4813852906227112
YBR107C,YMR177W,0,-2.5555453,0.1503816843032837,0.8528138399124146,0.48181816935539246
YDR323C,YKL192C,0,-2.5555973,0.15026697516441345,0.8528138399124146,0.4822510778903961
YER031C,YKL063C,0,-2.5557737,0.15015244483947754,0.8528138399124146,0.4826839864253998
YOR045W,YLR185W,0,-2.5612574,0.15003807842731476,0.8528138399124146,0.48311689496040344
YBR038W,YDL117W,0,-2.5612974,0.1499238908290863,0.8528138399124146,0.4835497736930847
YDR289C,YLR430W,1,-2.5667858,0.150570347905159,0.8571428656578064,0.4835497736930847
YGR266W,YPL145C,0,-2.5675154,0.15045592188835144,0.8571428656578064,0.4839826822280884
YMR063W,YGL139W,0,-2.5687966,0.1503416895866394,0.8571428656578064,0.48441559076309204
YPR067W,YBR028C,0,-2.570681,0.1502276211977005,0.8571428656578064,0.4848484992980957
YLR409C,YLR328W,0,-2.573662,0.15011371672153473,0.8571428656578064,0.485281378030777
YLL031C,YMR015C,0,-2.5738773,0.15000000596046448,0.8571428656578064,0.48571428656578064
YGL246C,YDR289C,1,-2.5742283,0.150643453001976,0.8614718317985535,0.48571428656578064
YGL243W,YOR129C,0,-2.5752068,0.15052950382232666,0.8614718317985535,0.4861471951007843
YHR158C,YCR058C,0,-2.575728,0.15041571855545044,0.8614718317985535,0.4865800738334656
YLL018C-A,YGL139W,0,-2.5786734,0.15030211210250854,0.8614718317985535,0.48701298236846924
YIL033C,YBL025W,0,-2.578901,0.15018868446350098,0.8614718317985535,0.4874458909034729
YMR226C,YDL145C,0,-2.5794945,0.15007542073726654,0.8614718317985535,0.48787879943847656
YKL191W,YOL012C,0,-2.580285,0.14996232092380524,0.8614718317985535,0.48831167817115784
YPL116W,YLR260W,0,-2.5818534,0.14984939992427826,0.8614718317985535,0.4887445867061615
YPR141C,YPL254W,0,-2.5836802,0.14973664283752441,0.8614718317985535,0.48917749524116516
YDR025W,YML096W,0,-2.585069,0.1496240645647049,0.8614718317985535,0.4896104037761688
YIL173W,YMR156C,0,-2.5875041,0.1495116502046585,0.8614718317985535,0.4900432825088501
YKL063C,YBL025W,0,-2.5882816,0.14939939975738525,0.8614718317985535,0.49047619104385376
YBR121C,YOR048C,1,-2.5885935,0.1500375121831894,0.8658008575439453,0.49047619104385376
YDR212W,YBR162C,0,-2.5886445,0.14992503821849823,0.8658008575439453,0.4909090995788574
YGR205W,YHR139C,0,-2.5907083,0.1498127281665802,0.8658008575439453,0.4913419783115387
YBR109C,YLR435W,0,-2.5912035,0.1497005969285965,0.8658008575439453,0.49177488684654236
YHR210C,YNL130C,0,-2.5917606,0.14958862960338593,0.8658008575439453,0.492207795381546
YAL059W,YGR007W,0,-2.5930886,0.1494768261909485,0.8658008575439453,0.4926407039165497
YEL048C,YOR271C,0,-2.5943785,0.14936520159244537,0.8658008575439453,0.49307358264923096
YCR045C,YBL005W,0,-2.5961566,0.1492537260055542,0.8658008575439453,0.4935064911842346
YLR347C,YKL002W,0,-2.5978978,0.14914242923259735,0.8658008575439453,0.4939393997192383
YIL052C,YOL042W,0,-2.5986547,0.14903129637241364,0.8658008575439453,0.49437230825424194
YGR212W,YPR134W,0,-2.5990944,0.14892032742500305,0.8658008575439453,0.4948051869869232
YHR210C,YGR122W,0,-2.6001859,0.1488095223903656,0.8658008575439453,0.4952380955219269
YNL243W,YLR039C,0,-2.6004095,0.14869888126850128,0.8658008575439453,0.49567100405693054
YKR096W,YHR014W,0,-2.6005013,0.1485884040594101,0.8658008575439453,0.4961038827896118
YPR169W,YDR234W,0,-2.603694,0.14847810566425323,0.8658008575439453,0.4965367913246155
YNL318C,YJL179W,0,-2.605526,0.1483679562807083,0.8658008575439453,0.49696969985961914
YPR068C,YDR397C,0,-2.6070762,0.14825797080993652,0.8658008575439453,0.4974026083946228
YGR245C,YLR067C,0,-2.6073327,0.14814814925193787,0.8658008575439453,0.4978354871273041
YGL006W,YHL003C,0,-2.6081183,0.14803849160671234,0.8658008575439453,0.49826839566230774
YOR359W,YBR060C,0,-2.610796,0.14792899787425995,0.8658008575439453,0.4987013041973114
YKR049C,YNL130C,0,-2.611629,0.1478196531534195,0.8658008575439453,0.49913421273231506
YBR121C,YDR301W,1,-2.6119456,0.14844903349876404,0.8701298832893372,0.49913421273231506
YDR108W,YHR037W,0,-2.6133118,0.14833948016166687,0.8701298832893372,0.49956709146499634
YLR037C,YIL008W,0,-2.615621,0.14823009073734283,0.8701298832893372,0.5
YFR047C,YNL233W,0,-2.6157293,0.14812085032463074,0.8701298832893372,0.5004329085350037
YDR075W,YLR001C,0,-2.616134,0.14801178872585297,0.8701298832893372,0.5008658170700073
YIL068C,YGL087C,0,-2.6203942,0.14790287613868713,0.8701298832893372,0.501298725605011
YBR193C,YCR063W,0,-2.6207356,0.14779411256313324,0.8701298832893372,0.5017315745353699
YMR262W,YML061C,0,-2.621213,0.14768552780151367,0.8701298832893372,0.5021644830703735
YGR082W,YNR053C,0,-2.6241739,0.14757709205150604,0.8701298832893372,0.5025973916053772
YGL063W,YCR091W,0,-2.6266236,0.14746882021427155,0.8701298832893372,0.5030303001403809
YML004C,YML096W,0,-2.6297004,0.147360697388649,0.8701298832893372,0.5034632086753845
YBR153W,YMR009W,0,-2.6321976,0.14725275337696075,0.8701298832893372,0.5038961172103882
YLL031C,YAL068C,0,-2.6341348,0.14714494347572327,0.8701298832893372,0.5043290257453918
YDR004W,YDR041W,0,-2.6358132,0.1470373123884201,0.8701298832893372,0.5047619342803955
YNL243W,YER033C,0,-2.636013,0.14692983031272888,0.8701298832893372,0.5051947832107544
YPL234C,YPR003C,0,-2.6362019,0.1468224972486496,0.8701298832893372,0.5056276917457581
YLL066C,YKL058W,0,-2.636941,0.14671532809734344,0.8701298832893372,0.5060606002807617
YLR360W,YBR100W,0,-2.6396918,0.14660830795764923,0.8701298832893372,0.5064935088157654
YIL120W,YNL024C,0,-2.6472225,0.14650145173072815,0.8701298832893372,0.506926417350769
YNL183C,YKL051W,0,-2.6481068,0.1463947594165802,0.8701298832893372,0.5073593258857727
YMR215W,YGL195W,0,-2.648208,0.1462882161140442,0.8701298832893372,0.5077922344207764
YCL012W,YDR087C,0,-2.6489048,0.14618182182312012,0.8701298832893372,0.5082250833511353
YKR075C,YGL195W,0,-2.6498065,0.14607557654380798,0.8701298832893372,0.5086579918861389
YNL222W,YOR048C,1,-2.6507897,0.14669571816921234,0.8744588494300842,0.5086579918861389
YPL036W,YDR175C,0,-2.6525984,0.1465892642736435,0.8744588494300842,0.5090909004211426
YOR027W,YAL007C,0,-2.6540904,0.14648295938968658,0.8744588494300842,0.5095238089561462
YLR007W,YPL040C,0,-2.6553218,0.1463768184185028,0.8744588494300842,0.5099567174911499
YGR245C,YJL197W,0,-2.6555548,0.14627081155776978,0.8744588494300842,0.5103896260261536
YOR004W,YDL012C,0,-2.6557186,0.14616498351097107,0.8744588494300842,0.5108225345611572
YNL051W,YKR100C,0,-2.6589925,0.1460592895746231,0.8744588494300842,0.5112553834915161
YLR426W,YLL057C,0,-2.6619453,0.14595375955104828,0.8744588494300842,0.5116882920265198
YOL098C,YBR146W,0,-2.6620436,0.1458483785390854,0.8744588494300842,0.5121212005615234
YGR205W,YLR345W,0,-2.663062,0.14574314653873444,0.8744588494300842,0.5125541090965271
YGR099W,YPR007C,0,-2.6659489,0.14563806354999542,0.8744588494300842,0.5129870176315308
YDL124W,YDL113C,0,-2.667299,0.14553314447402954,0.8744588494300842,0.5134199261665344
YER155C,YFR025C,0,-2.6694865,0.1454283595085144,0.8744588494300842,0.5138528347015381
YGL243W,YBL035C,0,-2.6698625,0.1453237384557724,0.8744588494300842,0.5142857432365417
YLR194C,YLR001C,0,-2.6706948,0.14521926641464233,0.8744588494300842,0.5147185921669006
YFR027W,YNL025C,0,-2.6713648,0.1451149433851242,0.8744588494300842,0.5151515007019043
YOR253W,YNL130C,0,-2.6749206,0.14501076936721802,0.8744588494300842,0.515584409236908
YBR188C,YMR177W,0,-2.6752107,0.14490674436092377,0.8744588494300842,0.5160173177719116
YBR121C,YPL190C,1,-2.6767035,0.14551971852779388,0.8787878751754761,0.5160173177719116
YNL214W,YDL123W,0,-2.6768513,0.14541547000408173,0.8787878751754761,0.5164502263069153
YJR123W,YGR083C,0,-2.677682,0.1453113853931427,0.8787878751754761,0.516883134841919
YHR020W,YGR094W,0,-2.6800282,0.14520743489265442,0.8787878751754761,0.5173160433769226
YML100W,YKL138C-A,0,-2.6813073,0.14510364830493927,0.8787878751754761,0.5177488923072815
YER028C,YDR289C,0,-2.6816974,0.14499999582767487,0.8787878751754761,0.5181818008422852
YNR019W,YGL093W,0,-2.6836367,0.1448965072631836,0.8787878751754761,0.5186147093772888
YIL137C,YPL040C,0,-2.684325,0.14479315280914307,0.8787878751754761,0.5190476179122925
YDR435C,YJR096W,0,-2.6848235,0.14468994736671448,0.8787878751754761,0.5194805264472961
YJR102C,YGL240W,0,-2.6880238,0.14458689093589783,0.8787878751754761,0.5199134349822998
YLR017W,YBR028C,0,-2.690149,0.14448398351669312,0.8787878751754761,0.5203463435173035
YLL014W,YMR002W,0,-2.6904216,0.14438122510910034,0.8787878751754761,0.5207791924476624
YMR072W,YFL018W-A,0,-2.6986723,0.1442786008119583,0.8787878751754761,0.521212100982666
YPR161C,YML057W,0,-2.6995635,0.14417614042758942,0.8787878751754761,0.5216450095176697
YER100W,YOR113W,0,-2.7007163,0.14407381415367126,0.8787878751754761,0.5220779180526733
YCR031C,YPL239W,0,-2.7030616,0.14397163689136505,0.8787878751754761,0.522510826587677
YGR078C,YPR114W,0,-2.7041361,0.14386959373950958,0.8787878751754761,0.5229437351226807
YDR325W,YBL031W,0,-2.705946,0.14376769959926605,0.8787878751754761,0.5233766436576843
YKL029C,YER159C,0,-2.7071996,0.14366595447063446,0.8787878751754761,0.523809552192688
YHR024C,YKL054C,0,-2.7072825,0.1435643583536148,0.8787878751754761,0.5242424011230469
YLR239C,YPL209C,0,-2.709065,0.1434628963470459,0.8787878751754761,0.5246753096580505
YNL173C,YGR083C,0,-2.7090778,0.14336158335208893,0.8787878751754761,0.5251082181930542
YFR010W,YKL079W,0,-2.7094595,0.1432604044675827,0.8787878751754761,0.5255411267280579
YDR004W,YML055W,0,-2.7105389,0.14315937459468842,0.8787878751754761,0.5259740352630615
YKR096W,YHR190W,0,-2.713764,0.14305849373340607,0.8787878751754761,0.5264069437980652
YNL045W,YHR214W,0,-2.7142224,0.14295774698257446,0.8787878751754761,0.5268398523330688
YBR121C,YAL043C,1,-2.714379,0.14356087148189545,0.8831169009208679,0.5268398523330688
YDR375C,YGL171W,0,-2.7154722,0.14345991611480713,0.8831169009208679,0.5272727012634277
YLR442C,YBR005W,0,-2.7161136,0.14335909485816956,0.8831169009208679,0.5277056097984314
YML031W,YKR052C,0,-2.7178795,0.14325842261314392,0.8831169009208679,0.5281385183334351
YOR048C,YIL131C,1,-2.7185354,0.1438596546649933,0.887445867061615,0.5281385183334351
YHL038C,YNR055C,0,-2.7185378,0.14375875890254974,0.887445867061615,0.5285714268684387
YIL118W,YGR017W,0,-2.7208977,0.14365802705287933,0.887445867061615,0.5290043354034424
YNL190W,YDR397C,0,-2.7249608,0.14355742931365967,0.887445867061615,0.529437243938446
YGL126W,YOR117W,0,-2.7250824,0.14345696568489075,0.887445867061615,0.5298701524734497
YLR131C,YNL023C,0,-2.7261,0.14335663616657257,0.887445867061615,0.5303030014038086
YOR078W,YOR341W,0,-2.726389,0.14325647056102753,0.887445867061615,0.5307359099388123
YFL049W,YGR060W,0,-2.7306218,0.14315642416477203,0.887445867061615,0.5311688184738159
YMR234W,YMR262W,0,-2.7345562,0.14305652678012848,0.887445867061615,0.5316017270088196
YPL173W,YBR301W,0,-2.7346787,0.14295676350593567,0.887445867061615,0.5320346355438232
YJL012C,YNL246W,0,-2.7356617,0.1428571492433548,0.887445867061615,0.5324675440788269
YFR016C,YNR053C,0,-2.7361538,0.14275765419006348,0.887445867061615,0.5329004526138306
YCR091W,YLR220W,0,-2.741553,0.1426583230495453,0.887445867061615,0.5333333611488342
YLR239C,YOR192C,0,-2.7440562,0.14255911111831665,0.887445867061615,0.5337662100791931
YKL129C,YEL044W,0,-2.7463431,0.14246004819869995,0.887445867061615,0.5341991186141968
YGR003W,YKL138C,0,-2.7470117,0.1423611044883728,0.887445867061615,0.5346320271492004
YNL251C,YKL018W,1,-2.7479424,0.14295628666877747,0.8917748928070068,0.5346320271492004
YDR350C,YKL129C,0,-2.748717,0.1428571492433548,0.8917748928070068,0.5350649356842041
YOR156C,YHR202W,0,-2.7561083,0.14275814592838287,0.8917748928070068,0.5354978442192078
YCR035C,YNL081C,0,-2.76025,0.1426592767238617,0.8917748928070068,0.5359307527542114
YDL098C,YDR412W,0,-2.760304,0.14256055653095245,0.8917748928070068,0.5363636612892151
YER031C,YGR245C,0,-2.760783,0.14246197044849396,0.8917748928070068,0.536796510219574
YPL138C,YDL102W,0,-2.7613237,0.142363503575325,0.8917748928070068,0.5372294187545776
YOR087W,YOR079C,0,-2.7625966,0.1422652006149292,0.8917748928070068,0.5376623272895813
YMR286W,YER143W,0,-2.7626352,0.14216701686382294,0.8917748928070068,0.538095235824585
YAL019W,YNR055C,0,-2.765295,0.14206896722316742,0.8917748928070068,0.5385281443595886
YBL038W,YHL006C,0,-2.7663221,0.14197105169296265,0.8917748928070068,0.5389610528945923
YOR193W,YDL117W,0,-2.7691576,0.1418732851743698,0.8917748928070068,0.539393961429596
YIL064W,YCL044C,0,-2.7709808,0.14177563786506653,0.8917748928070068,0.5398268103599548
YHL011C,YGL115W,0,-2.7734509,0.141678124666214,0.8917748928070068,0.5402597188949585
YCR036W,YER081W,0,-2.7745795,0.1415807604789734,0.8917748928070068,0.5406926274299622
YOL135C,YNR059W,0,-2.7755795,0.14148351550102234,0.8917748928070068,0.5411255359649658
YER031C,YBL087C,0,-2.776177,0.14138640463352203,0.8917748928070068,0.5415584444999695
YHR108W,YHR090C,0,-2.7790675,0.14128944277763367,0.8917748928070068,0.5419913530349731
YMR074C,YOR335C,0,-2.7798493,0.14119260013103485,0.8917748928070068,0.5424242615699768
YJR027W,YGL198W,0,-2.7801828,0.14109589159488678,0.8917748928070068,0.5428571701049805
YBR218C,YDL117W,0,-2.7838373,0.14099931716918945,0.8917748928070068,0.5432900190353394
YMR226C,YPL021W,0,-2.785833,0.14090287685394287,0.8917748928070068,0.543722927570343
YOL023W,YDR041W,0,-2.7882614,0.14080655574798584,0.8917748928070068,0.5441558361053467
YOR109W,YBR149W,0,-2.7898245,0.14071038365364075,0.8917748928070068,0.5445887446403503
YBL063W,YPL018W,0,-2.7905574,0.1406143307685852,0.8917748928070068,0.545021653175354
YBR049C,YLR430W,1,-2.7931924,0.14120054244995117,0.8961039185523987,0.545021653175354
YNL251C,YIL131C,1,-2.793215,0.14178596436977386,0.9004328846931458,0.545021653175354
YIL007C,YDR375C,0,-2.7932334,0.14168937504291534,0.9004328846931458,0.5454545617103577
YER028C,YGL194C,0,-2.7933,0.14159291982650757,0.9004328846931458,0.5458874702453613
YPL175W,YDR399W,0,-2.7969606,0.14149659872055054,0.9004328846931458,0.5463203191757202
YFR016C,YDR268W,0,-2.7977738,0.14140041172504425,0.9004328846931458,0.5467532277107239
YML098W,YOR086C,0,-2.797783,0.14130434393882751,0.9004328846931458,0.5471861362457275
YBL014C,YHR014W,0,-2.7990365,0.14120842516422272,0.9004328846931458,0.5476190447807312
YGR244C,YCR018C,0,-2.7992535,0.14111262559890747,0.9004328846931458,0.5480519533157349
YLR347C,YLL006W,0,-2.799972,0.14101694524288177,0.9004328846931458,0.5484848618507385
YMR232W,YLR039C,0,-2.8004465,0.14092141389846802,0.9004328846931458,0.5489177703857422
YDR235W,YOR330C,0,-2.8006325,0.1408260017633438,0.9004328846931458,0.5493506789207458
YBR295W,YJR096W,0,-2.802156,0.14073072373867035,0.9004328846931458,0.5497835278511047
YNL056W,YGR055W,0,-2.8034163,0.14063556492328644,0.9004328846931458,0.5502164363861084
YIL131C,YDR289C,1,-2.8045492,0.1412162184715271,0.9047619104385376,0.5502164363861084
YNL317W,YER129W,0,-2.805047,0.14112086594104767,0.9047619104385376,0.5506493449211121
YBR301W,YDR179C,0,-2.8052325,0.14102564752101898,0.9047619104385376,0.5510822534561157
YEL019C,YNL059C,0,-2.8064544,0.14093054831027985,0.9047619104385376,0.5515151619911194
YER040W,YBR168W,0,-2.8071513,0.14083558320999146,0.9047619104385376,0.551948070526123
YNL103W,YDL119C,0,-2.8084402,0.14074073731899261,0.9047619104385376,0.5523809790611267
YHR165C,YNL130C,0,-2.8105605,0.14064602553844452,0.9047619104385376,0.5528138279914856
YPL224C,YPR199C,0,-2.811266,0.14055144786834717,0.9047619104385376,0.5532467365264893
YGL070C,YBR045C,0,-2.8123608,0.14045698940753937,0.9047619104385376,0.5536796450614929
YLR083C,YCL012W,0,-2.8130188,0.1403626650571823,0.9047619104385376,0.5541125535964966
YNL156C,YMR074C,0,-2.8134208,0.1402684599161148,0.9047619104385376,0.5545454621315002
YGR235C,YGL167C,0,-2.8140488,0.14017437398433685,0.9047619104385376,0.5549783706665039
YDR407C,YGR044C,0,-2.8142962,0.14008042216300964,0.9047619104385376,0.5554112792015076
YDR301W,YOR179C,1,-2.8150132,0.14065639674663544,0.9090909361839294,0.5554112792015076
YNL023C,YDR276C,0,-2.8152585,0.1405622512102127,0.9090909361839294,0.5558441281318665
YPL138C,YGL231C,0,-2.8162036,0.14046822488307953,0.9090909361839294,0.5562770366668701
YMR053C,YPL178W,0,-2.8185995,0.1403743326663971,0.9090909361839294,0.5567099452018738
YJL212C,YPR100W,0,-2.8214757,0.1402805596590042,0.9090909361839294,0.5571428537368774
YBR121C,YLR277C,1,-2.822833,0.14085447788238525,0.9134199023246765,0.5571428537368774
YLR247C,YKL196C,0,-2.8269882,0.14076051115989685,0.9134199023246765,0.5575757622718811
YDR007W,YPR148C,0,-2.8319077,0.140666663646698,0.9134199023246765,0.5580086708068848
YDR301W,YGL246C,1,-2.8326726,0.14123918116092682,0.9177489280700684,0.5580086708068848
YBR121C,YIL131C,1,-2.8327029,0.14181092381477356,0.9220778942108154,0.5580086708068848
YNR038W,YOR078W,0,-2.8356135,0.14171656966209412,0.9220778942108154,0.5584415793418884
YJR118C,YOR358W,0,-2.8361168,0.14162233471870422,0.9220778942108154,0.5588744878768921
YLR006C,YGL006W,0,-2.840293,0.14152823388576508,0.9220778942108154,0.559307336807251
YGL005C,YDR317W,0,-2.8406527,0.14143426716327667,0.9220778942108154,0.5597402453422546
YDR441C,YPR010C,0,-2.843467,0.14134040474891663,0.9220778942108154,0.5601731538772583
YPR037C,YPL075W,0,-2.8440826,0.14124669134616852,0.9220778942108154,0.560606062412262
YDR545W,YNR024W,0,-2.8501794,0.14115308225154877,0.9220778942108154,0.5610389709472656
YHR005C,YNR059W,0,-2.850947,0.14105960726737976,0.9220778942108154,0.5614718794822693
YOL023W,YDL012C,0,-2.8525276,0.1409662514925003,0.9220778942108154,0.561904788017273
YML004C,YML092C,0,-2.8563693,0.1408730149269104,0.9220778942108154,0.5623376369476318
YFL026W,YLL014W,0,-2.857461,0.14077991247177124,0.9220778942108154,0.5627705454826355
YDR244W,YDL211C,0,-2.857699,0.14068692922592163,0.9220778942108154,0.5632034540176392
YDR007W,YBR034C,0,-2.8581996,0.14059406518936157,0.9220778942108154,0.5636363625526428
YDR176W,YDR273W,0,-2.8616376,0.14050132036209106,0.9220778942108154,0.5640692710876465
YML067C,YDR515W,0,-2.8620427,0.1404086947441101,0.9220778942108154,0.5645021796226501
YKL141W,YGR122W,0,-2.862074,0.1403162032365799,0.9220778942108154,0.5649350881576538
YLR377C,YCL051W,0,-2.8641768,0.14022383093833923,0.9220778942108154,0.5653679370880127
YGL053W,YDR028C,0,-2.8642979,0.14013157784938812,0.9220778942108154,0.5658008456230164
YJL179W,YHR106W,0,-2.8667226,0.14003944396972656,0.9220778942108154,0.56623375415802
YDR441C,YMR041C,0,-2.8669004,0.13994744420051575,0.9220778942108154,0.5666666626930237
YLR083C,YDR463W,0,-2.8731165,0.1398555487394333,0.9220778942108154,0.5670995712280273
YAL011W,YER108C,0,-2.8776083,0.13976377248764038,0.9220778942108154,0.567532479763031
YPR010C,YCR035C,0,-2.8791904,0.13967213034629822,0.9220778942108154,0.5679653882980347
YHR088W,YIL120W,0,-2.8794413,0.1395806074142456,0.9220778942108154,0.5683982968330383
YBR029C,YDR515W,0,-2.8795762,0.13948918879032135,0.9220778942108154,0.5688311457633972
YBL087C,YLL016W,0,-2.8814201,0.13939790427684784,0.9220778942108154,0.5692640542984009
YDR005C,YGL127C,0,-2.8883104,0.13930673897266388,0.9220778942108154,0.5696969628334045
YPR188C,YNL247W,0,-2.888885,0.13921569287776947,0.9220778942108154,0.5701298713684082
YBR212W,YER060W,0,-2.8941174,0.13912475109100342,0.9220778942108154,0.5705627799034119
YER176W,YGR129W,0,-2.8944278,0.1390339434146881,0.9220778942108154,0.5709956884384155
YMR318C,YOR103C,0,-2.8963327,0.13894325494766235,0.9220778942108154,0.5714285969734192
YLL066C,YAR042W,0,-2.8988705,0.13885267078876495,0.9220778942108154,0.5718614459037781
YDR301W,YLR430W,1,-2.8993926,0.13941368460655212,0.9264069199562073,0.5718614459037781
YBR069C,YPR106W,0,-2.902114,0.1393229216337204,0.9264069199562073,0.5722943544387817
YMR175W,YPR086W,0,-2.905053,0.13923227787017822,0.9264069199562073,0.5727272629737854
YDR009W,YPL193W,0,-2.9067392,0.1391417384147644,0.9264069199562073,0.5731601715087891
YLR223C,YMR243C,0,-2.9087172,0.13905133306980133,0.9264069199562073,0.5735930800437927
YDR361C,YPR046W,0,-2.910591,0.1389610320329666,0.9264069199562073,0.5740259885787964
YBR248C,YBR121C,0,-2.9163132,0.13887086510658264,0.9264069199562073,0.5744588971138
YDL230W,YLR056W,0,-2.9187067,0.13878080248832703,0.9264069199562073,0.5748917460441589
YML081W,YDR412W,0,-2.9222617,0.13869085907936096,0.9264069199562073,0.5753246545791626
YFR031C-A,YOR078W,0,-2.9223664,0.13860103487968445,0.9264069199562073,0.5757575631141663
YOL122C,YMR081C,0,-2.9227276,0.13851132988929749,0.9264069199562073,0.5761904716491699
YPR003C,YFR040W,0,-2.924477,0.13842172920703888,0.9264069199562073,0.5766233801841736
YDL093W,YKR079C,0,-2.928495,0.13833226263523102,0.9264069199562073,0.5770562887191772
YKL026C,YOL096C,0,-2.9286232,0.1382429003715515,0.9264069199562073,0.5774891972541809
YGL105W,YMR133W,0,-2.9327364,0.13815364241600037,0.9264069199562073,0.5779221057891846
YPL137C,YBR060C,0,-2.9332285,0.13806451857089996,0.9264069199562073,0.5783549547195435
YFR016C,YNR019W,0,-2.9344592,0.13797549903392792,0.9264069199562073,0.5787878632545471
YHR157W,YLR328W,0,-2.936627,0.13788659870624542,0.9264069199562073,0.5792207717895508
YNL103W,YGR211W,0,-2.9371715,0.13779781758785248,0.9264069199562073,0.5796536803245544
YML004C,YDR515W,0,-2.9427667,0.1377091407775879,0.9264069199562073,0.5800865888595581
YLR115W,YNL066W,0,-2.9429202,0.13762058317661285,0.9264069199562073,0.5805194973945618
YBR069C,YBR091C,0,-2.9431973,0.13753212988376617,0.9264069199562073,0.5809524059295654
YAL019W,YDR381W,0,-2.9437575,0.13744379580020905,0.9264069199562073,0.5813852548599243
YNL183C,YDR395W,0,-2.9454346,0.13735558092594147,0.9264069199562073,0.581818163394928
YOR264W,YIL038C,0,-2.9455135,0.13726748526096344,0.9264069199562073,0.5822510719299316
YLR417W,YLR413W,0,-2.9461908,0.13717949390411377,0.9264069199562073,0.5826839804649353
YKL029C,YER102W,0,-2.9472647,0.13709160685539246,0.9264069199562073,0.583116888999939
YBR005W,YMR225C,0,-2.9473333,0.1370038390159607,0.9264069199562073,0.5835497975349426
YBR005W,YDR276C,0,-2.9488876,0.13691619038581848,0.9264069199562073,0.5839827060699463
YAL002W,YER142C,0,-2.9563918,0.13682864606380463,0.9264069199562073,0.5844155550003052
YOL076W,YMR055C,0,-2.9576945,0.13674122095108032,0.9264069199562073,0.5848484635353088
YHR006W,YOR110W,0,-2.959914,0.13665390014648438,0.9264069199562073,0.5852813720703125
YIL019W,YLR167W,0,-2.9615726,0.13656668365001678,0.9264069199562073,0.5857142806053162
YBR086C,YGR097W,0,-2.9622054,0.13647958636283875,0.9264069199562073,0.5861471891403198
YKR089C,YPR086W,0,-2.9624648,0.13639260828495026,0.9264069199562073,0.5865800976753235
YDL209C,YJL168C,0,-2.9695039,0.13630573451519012,0.9264069199562073,0.5870130062103271
YHR201C,YBR016W,0,-2.9698586,0.13621896505355835,0.9264069199562073,0.5874459147453308
YLR037C,YLR023C,0,-2.976436,0.13613231480121613,0.9264069199562073,0.5878787636756897
YER040W,YIR031C,0,-2.9781594,0.13604576885700226,0.9264069199562073,0.5883116722106934
YIL037C,YGL107C,0,-2.9887214,0.13595934212207794,0.9264069199562073,0.588744580745697
YBL091C,YJL069C,0,-2.989302,0.13587301969528198,0.9264069199562073,0.5891774892807007
YDR464W,YHR197W,0,-2.9908237,0.13578680157661438,0.9264069199562073,0.5896103978157043
YPL169C,YGL126W,0,-2.9918528,0.13570070266723633,0.9264069199562073,0.590043306350708
YOL011W,YDR188W,0,-2.992496,0.13561470806598663,0.9264069199562073,0.5904762148857117
YHR185C,YBR168W,0,-2.9950995,0.1355288177728653,0.9264069199562073,0.5909090638160706
YPL193W,YER127W,0,-2.9981585,0.13544303178787231,0.9264069199562073,0.5913419723510742
YHR158C,YIL008W,0,-3.002464,0.13535736501216888,0.9264069199562073,0.5917748808860779
YOR026W,YKL077W,0,-3.0043204,0.1352718025445938,0.9264069199562073,0.5922077894210815
YKL081W,YLR056W,0,-3.01682,0.1351863592863083,0.9264069199562073,0.5926406979560852
YIL022W,YPL061W,0,-3.0178096,0.13510100543498993,0.9264069199562073,0.5930736064910889
YGL016W,YER167W,0,-3.0183926,0.13501577079296112,0.9264069199562073,0.5935065150260925
YIL118W,YDL209C,0,-3.0228767,0.13493064045906067,0.9264069199562073,0.5939394235610962
YDR256C,YDR150W,0,-3.024194,0.13484561443328857,0.9264069199562073,0.5943722724914551
YJL212C,YKL134C,0,-3.0291095,0.13476070761680603,0.9264069199562073,0.5948051810264587
YCR107W,YPL145C,0,-3.029181,0.13467589020729065,0.9264069199562073,0.5952380895614624
YMR313C,YER060W-A,0,-3.0292883,0.13459119200706482,0.9264069199562073,0.5956709980964661
YMR175W,YFR049W,0,-3.029512,0.13450659811496735,0.9264069199562073,0.5961039066314697
YHR210C,YPL207W,0,-3.0340357,0.13442210853099823,0.9264069199562073,0.5965368151664734
YFR050C,YGR129W,0,-3.0342357,0.13433772325515747,0.9264069199562073,0.596969723701477
YIL056W,YJR035W,0,-3.0354238,0.13425345718860626,0.9264069199562073,0.5974025726318359
YCR036W,YDL123W,0,-3.0359693,0.13416928052902222,0.9264069199562073,0.5978354811668396
YNL250W,YDR427W,0,-3.0362635,0.13408520817756653,0.9264069199562073,0.5982683897018433
YLL016W,YOR048C,0,-3.036919,0.1340012550354004,0.9264069199562073,0.5987012982368469
YOR191W,YPR057W,0,-3.0399952,0.13391739130020142,0.9264069199562073,0.5991342067718506
YOR004W,YHR120W,0,-3.0401678,0.133833646774292,0.9264069199562073,0.5995671153068542
YPL100W,YNL214W,0,-3.0432272,0.13375000655651093,0.9264069199562073,0.6000000238418579
YLR075W,YDR317W,0,-3.0441132,0.13366645574569702,0.9264069199562073,0.6004328727722168
YGR202C,YDR075W,0,-3.0455809,0.13358302414417267,0.9264069199562073,0.6008657813072205
YPR008W,YER149C,0,-3.045657,0.13349968194961548,0.9264069199562073,0.6012986898422241
YML101C,YEL024W,0,-3.0477397,0.13341645896434784,0.9264069199562073,0.6017315983772278
YDR325W,YER178W,0,-3.0498643,0.13333334028720856,0.9264069199562073,0.6021645069122314
YDR234W,YKR083C,0,-3.0499253,0.13325031101703644,0.9264069199562073,0.6025974154472351
YOR250C,YIL173W,0,-3.0539122,0.13316738605499268,0.9264069199562073,0.6030303239822388
YDR482C,YPL168W,0,-3.0542474,0.13308458030223846,0.9264069199562073,0.6034632325172424
YNL251C,YBR049C,1,-3.0547886,0.13362336158752441,0.9307359457015991,0.6034632325172424
YEL048C,YOL009C,0,-3.0558393,0.13354037702083588,0.9307359457015991,0.6038960814476013
YPR114W,YNL025C,0,-3.0569735,0.1334574818611145,0.9307359457015991,0.604328989982605
YMR101C,YGL195W,0,-3.0570946,0.13337469100952148,0.9307359457015991,0.6047618985176086
YER015W,YKL005C,0,-3.0583873,0.13329200446605682,0.9307359457015991,0.6051948070526123
YPR148C,YPL063W,0,-3.0586782,0.13320942223072052,0.9307359457015991,0.605627715587616
YPL130W,YJL179W,0,-3.0609508,0.13312692940235138,0.9307359457015991,0.6060606241226196
YLR234W,YNL173C,0,-3.0611572,0.1330445557832718,0.9307359457015991,0.6064935326576233
YJR084W,YDR437W,0,-3.0613,0.13296227157115936,0.9307359457015991,0.6069263815879822
YNL250W,YDR160W,0,-3.0619388,0.1328800916671753,0.9307359457015991,0.6073592901229858
YER031C,YBR191W,0,-3.0632548,0.13279801607131958,0.9307359457015991,0.6077921986579895
YPL115C,YLR189C,0,-3.0633402,0.13271604478359222,0.9307359457015991,0.6082251071929932
YJL054W,YGR170W,0,-3.0635352,0.13263417780399323,0.9307359457015991,0.6086580157279968
YGL076C,YBR153W,0,-3.06538,0.1325524002313614,0.9307359457015991,0.6090909242630005
YGL142C,YDL113C,0,-3.0684023,0.1324707269668579,0.9307359457015991,0.6095238327980042
YDL240W,YGL105W,0,-3.068711,0.1323891580104828,0.9307359457015991,0.609956681728363
YBR272C,YPL248C,0,-3.0715559,0.13230769336223602,0.9307359457015991,0.6103895902633667
YIL156W,YPL156C,0,-3.0728297,0.13222631812095642,0.9307359457015991,0.6108224987983704
YOR334W,YOR132W,0,-3.072918,0.13214504718780518,0.9307359457015991,0.611255407333374
YNL251C,YLR460C,0,-3.0740485,0.1320638805627823,0.9307359457015991,0.6116883158683777
YGL087C,YNR071C,0,-3.0743716,0.13198281824588776,0.9307359457015991,0.6121212244033813
YFL025C,YPL063W,0,-3.0754838,0.1319018453359604,0.9307359457015991,0.612554132938385
YPR007C,YPL193W,0,-3.0769382,0.13182096183300018,0.9307359457015991,0.6129870414733887
YHR148W,YNL240C,0,-3.080874,0.13174019753932953,0.9307359457015991,0.6134198904037476
YOR157C,YCL067C,0,-3.0813239,0.13165952265262604,0.9307359457015991,0.6138527989387512
YBR162W-A,YDR025W,0,-3.081821,0.1315789520740509,0.9307359457015991,0.6142857074737549
YLR039C,YPL021W,0,-3.0821195,0.13149847090244293,0.9307359457015991,0.6147186160087585
YJL035C,YER071C,0,-3.0831645,0.13141809403896332,0.9307359457015991,0.6151515245437622
YDL220C,YER123W,0,-3.08324,0.13133780658245087,0.9307359457015991,0.6155844330787659
YDR235W,YFR025C,0,-3.084805,0.13125763833522797,0.9307359457015991,0.6160173416137695
YKL191W,YBR069C,0,-3.0848212,0.13117754459381104,0.9307359457015991,0.6164501905441284
YPL116W,YBR003W,0,-3.0855756,0.13109755516052246,0.9307359457015991,0.6168830990791321
YNL251C,YDR289C,1,-3.0873895,0.13162705302238464,0.9350649118423462,0.6168830990791321
YJR109C,YNL059C,0,-3.0894134,0.13154689967632294,0.9350649118423462,0.6173160076141357
YDL072C,YHR210C,0,-3.0896885,0.1314668357372284,0.9350649118423462,0.6177489161491394
YOL126C,YDR350C,0,-3.091057,0.131386861205101,0.9350649118423462,0.6181818246841431
YGL246C,YDR200C,0,-3.0926166,0.131306990981102,0.9350649118423462,0.6186147332191467
YHR148W,YDR111C,0,-3.0940266,0.13122721016407013,0.9350649118423462,0.6190476417541504
YGL087C,YGL129C,0,-3.0942183,0.13114753365516663,0.9350649118423462,0.6194804906845093
YHR204W,YGL116W,0,-3.0972564,0.13106796145439148,0.9350649118423462,0.6199133992195129
YDL134C,YCR063W,0,-3.1005616,0.1309884786605835,0.9350649118423462,0.6203463077545166
YOR380W,YDR300C,0,-3.101686,0.13090908527374268,0.9350649118423462,0.6207792162895203
YNL142W,YGL129C,0,-3.1066003,0.1308297961950302,0.9350649118423462,0.6212121248245239
YPR114W,YDR007W,0,-3.1067734,0.1307506114244461,0.9350649118423462,0.6216450333595276
YIR019C,YOR249C,0,-3.1086814,0.13067150115966797,0.9350649118423462,0.6220779418945312
YHR148W,YFR030W,0,-3.1109962,0.13059251010417938,0.9350649118423462,0.6225108504295349
YPL210C,YOR132W,0,-3.1176457,0.13051359355449677,0.9350649118423462,0.6229436993598938
YOR034C,YPR055W,0,-3.1196775,0.1304347813129425,0.9350649118423462,0.6233766078948975
YNL020C,YEL006W,0,-3.1231441,0.1303560584783554,0.9350649118423462,0.6238095164299011
YMR261C,YML092C,0,-3.1232913,0.13027743995189667,0.9350649118423462,0.6242424249649048
YOR090C,YNL278W,0,-3.1260605,0.1301989108324051,0.9350649118423462,0.6246753334999084
YDR040C,YPR141C,0,-3.1268125,0.13012048602104187,0.9350649118423462,0.6251082420349121
YML100W,YGL226W,0,-3.1271582,0.1300421506166458,0.9350649118423462,0.6255411505699158
YOL132W,YPR034W,0,-3.127852,0.12996390461921692,0.9350649118423462,0.6259739995002747
YJR027W,YNR030W,0,-3.1287584,0.1298857480287552,0.9350649118423462,0.6264069080352783
YOL023W,YEL051W,0,-3.1293194,0.12980769574642181,0.9350649118423462,0.626839816570282
YBR085W,YCL048W,0,-3.1315947,0.1297297328710556,0.9350649118423462,0.6272727251052856
YDR004W,YPL040C,0,-3.1326466,0.12965185940265656,0.9350649118423462,0.6277056336402893
YCR045C,YGL053W,0,-3.1346226,0.12957409024238586,0.9350649118423462,0.628138542175293
YBR109C,YPR007C,0,-3.1352725,0.12949639558792114,0.9350649118423462,0.6285714507102966
YDR246W,YPL145C,0,-3.1370306,0.12941882014274597,0.9350649118423462,0.6290042996406555
YPR169W,YOR158W,0,-3.1400986,0.12934131920337677,0.9350649118423462,0.6294372081756592
YPL224C,YLR055C,0,-3.1425648,0.12926390767097473,0.9350649118423462,0.6298701167106628
YJR150C,YKL032C,0,-3.1453702,0.12918660044670105,0.9350649118423462,0.6303030252456665
YPL056C,YMR313C,0,-3.1486034,0.12910938262939453,0.9350649118423462,0.6307359337806702
YPR003C,YFR053C,0,-3.148795,0.12903225421905518,0.9350649118423462,0.6311688423156738
YLR333C,YNR024W,0,-3.1495657,0.12895523011684418,0.9350649118423462,0.6316017508506775
YFL061W,YNL246W,0,-3.1497772,0.12887828052043915,0.9350649118423462,0.6320346593856812
YIL030C,YKL081W,0,-3.1507566,0.12880143523216248,0.9350649118423462,0.63246750831604
YDR500C,YGR205W,0,-3.1531498,0.12872467935085297,0.9350649118423462,0.6329004168510437
YDR078C,YCL064C,0,-3.1571596,0.12864799797534943,0.9350649118423462,0.6333333253860474
YLR083C,YHL017W,0,-3.1618676,0.12857143580913544,0.9350649118423462,0.633766233921051
YNL142W,YPL253C,0,-3.1621485,0.12849494814872742,0.9350649118423462,0.6341991424560547
YLR006C,YPL221W,0,-3.1633506,0.12841854989528656,0.9350649118423462,0.6346320509910583
YLR215C,YJL216C,0,-3.164143,0.12834224104881287,0.9350649118423462,0.635064959526062
YMR322C,YML082W,0,-3.165153,0.12826603651046753,0.9350649118423462,0.6354978084564209
YDL160C,YLL018C-A,0,-3.1653566,0.12818990647792816,0.9350649118423462,0.6359307169914246
YPR046W,YGL226W,0,-3.1670358,0.12811388075351715,0.9350649118423462,0.6363636255264282
YKR077W,YMR242C,0,-3.1683369,0.1280379444360733,0.9350649118423462,0.6367965340614319
YDR422C,YDR165W,0,-3.1703444,0.12796208262443542,0.9350649118423462,0.6372294425964355
YLR019W,YFR038W,0,-3.173461,0.1278863251209259,0.9350649118423462,0.6376623511314392
YGL087C,YPL040C,0,-3.1756604,0.12781065702438354,0.9350649118423462,0.6380952596664429
YML045W,YDR513W,0,-3.1818185,0.12773506343364716,0.9350649118423462,0.6385281682014465
YER176W,YLR248W,0,-3.187521,0.12765957415103912,0.9350649118423462,0.6389610171318054
YAL056W,YLR435W,0,-3.1880107,0.12758417427539825,0.9350649118423462,0.6393939256668091
YFR016C,YDL124W,0,-3.1886349,0.12750884890556335,0.9350649118423462,0.6398268342018127
YIL131C,YLR430W,1,-3.1898947,0.12802359461784363,0.939393937587738,0.6398268342018127
YDR435C,YHR006W,0,-3.1902223,0.1279481202363968,0.939393937587738,0.6402597427368164
YLR037C,YPR131C,0,-3.2005687,0.12787272036075592,0.939393937587738,0.6406926512718201
YMR318C,YDL223C,0,-3.2096114,0.12779740989208221,0.939393937587738,0.6411255598068237
YIL131C,YBR049C,1,-3.2098613,0.12831076979637146,0.9437229633331299,0.6411255598068237
YLR324W,YNL123W,0,-3.2117367,0.12823529541492462,0.9437229633331299,0.6415584683418274
YEL018W,YER038C,0,-3.215601,0.12815991044044495,0.9437229633331299,0.6419913172721863
YJR017C,YIL131C,1,-3.2158842,0.12867215275764465,0.948051929473877,0.6419913172721863
YDR469W,YOR113W,0,-3.222087,0.12859658896923065,0.948051929473877,0.6424242258071899
YIL096C,YEL024W,0,-3.2225342,0.128521129488945,0.948051929473877,0.6428571343421936
YDR004W,YOL032W,0,-3.2253954,0.12844574451446533,0.948051929473877,0.6432900428771973
YFL025C,YDR303C,0,-3.226643,0.128370463848114,0.948051929473877,0.6437229514122009
YER100W,YIL123W,0,-3.2299075,0.12829525768756866,0.948051929473877,0.6441558599472046
YMR101C,YOL116W,0,-3.2301955,0.12822014093399048,0.948051929473877,0.6445887684822083
YOR109W,YDL031W,0,-3.2344964,0.12814511358737946,0.948051929473877,0.6450216174125671
YMR009W,YKR077W,0,-3.2357259,0.1280701756477356,0.948051929473877,0.6454545259475708
YLR324W,YLR037C,0,-3.2385378,0.1279953271150589,0.948051929473877,0.6458874344825745
YHR146W,YNL164C,0,-3.24332,0.12792056798934937,0.948051929473877,0.6463203430175781
YPL056C,YNR055C,0,-3.244136,0.1278458833694458,0.948051929473877,0.6467532515525818
YFL026W,YJL180C,0,-3.245339,0.1277712881565094,0.948051929473877,0.6471861600875854
YCR035C,YHR037W,0,-3.247149,0.12769679725170135,0.948051929473877,0.6476190686225891
YNL288W,YMR118C,0,-3.2492094,0.12762238085269928,0.948051929473877,0.6480519771575928
YNL181W,YMR322C,0,-3.2494178,0.12754805386066437,0.948051929473877,0.6484848260879517
YGR057C,YNR033W,0,-3.2506108,0.12747380137443542,0.948051929473877,0.6489177346229553
YBR121C,YLR115W,1,-3.250804,0.12798137962818146,0.9523809552192688,0.6489177346229553
YDR528W,YMR125W,0,-3.250971,0.12790697813034058,0.9523809552192688,0.649350643157959
YOR019W,YIL005W,0,-3.2553058,0.12783265113830566,0.9523809552192688,0.6497835516929626
YPR154W,YBR272C,0,-3.2569528,0.12775841355323792,0.9523809552192688,0.6502164602279663
YLR167W,YLR194C,0,-3.2577353,0.12768426537513733,0.9523809552192688,0.65064936876297
YHR009C,YGL006W,0,-3.258985,0.1276102066040039,0.9523809552192688,0.6510822772979736
YOR247W,YLR220W,0,-3.262055,0.12753623723983765,0.9523809552192688,0.6515151262283325
YDL189W,YGL018C,0,-3.2629583,0.12746234238147736,0.9523809552192688,0.6519480347633362
YDL113C,YKL032C,0,-3.2660637,0.12738853693008423,0.9523809552192688,0.6523809432983398
YIL120W,YOR357C,0,-3.2718577,0.12731482088565826,0.9523809552192688,0.6528138518333435
YPR106W,YIL167W,0,-3.2723827,0.12724117934703827,0.9523809552192688,0.6532467603683472
YKL150W,YLR023C,0,-3.2750986,0.12716762721538544,0.9523809552192688,0.6536796689033508
YPR017C,YNR059W,0,-3.2778645,0.12709416449069977,0.9523809552192688,0.6541125774383545
YLR017W,YIL173W,0,-3.2807512,0.12702079117298126,0.9523809552192688,0.6545454263687134
YDR256C,YNL214W,0,-3.2809138,0.12694749236106873,0.9523809552192688,0.654978334903717
YOR129C,YKL032C,0,-3.280996,0.12687428295612335,0.9523809552192688,0.6554112434387207
YGL167C,YDR437W,0,-3.29049,0.12680114805698395,0.9523809552192688,0.6558441519737244
YOR068C,YDR343C,0,-3.2921486,0.1267281174659729,0.9523809552192688,0.656277060508728
YGL063W,YIL033C,0,-3.3010726,0.12665514647960663,0.9523809552192688,0.6567099690437317
YIL036W,YDR437W,0,-3.303396,0.1265822798013687,0.9523809552192688,0.6571428775787354
YOR002W,YER014W,0,-3.3034682,0.12650948762893677,0.9523809552192688,0.657575786113739
YAR009C,YER093C,0,-3.3034997,0.12643678486347198,0.9523809552192688,0.6580086350440979
YLR377C,YCR016W,0,-3.3035498,0.12636415660381317,0.9523809552192688,0.6584415435791016
YJL167W,YDR028C,0,-3.3047733,0.12629161775112152,0.9523809552192688,0.6588744521141052
YLL048C,YPL058C,0,-3.307208,0.12621916830539703,0.9523809552192688,0.6593073606491089
YOR267C,YBR212W,0,-3.3123815,0.12614679336547852,0.9523809552192688,0.6597402691841125
YPL058C,YJL197W,0,-3.3139107,0.12607449293136597,0.9523809552192688,0.6601731777191162
YOL020W,YOR045W,0,-3.316495,0.12600229680538177,0.9523809552192688,0.6606060862541199
YDL012C,YOR086C,0,-3.31672,0.12593016028404236,0.9523809552192688,0.6610389351844788
YPR055W,YJR027W,0,-3.3174596,0.1258581280708313,0.9523809552192688,0.6614718437194824
YLR037C,YOR086C,0,-3.3188052,0.1257861703634262,0.9523809552192688,0.6619047522544861
YJL183W,YLR247C,0,-3.3203695,0.1257142871618271,0.9523809552192688,0.6623376607894897
YNL103W,YGL018C,0,-3.3220363,0.12564249336719513,0.9523809552192688,0.6627705693244934
YNL251C,YLR115W,1,-3.3245409,0.12614154815673828,0.9567099809646606,0.6627705693244934
YDL240W,YKL114C,0,-3.3247247,0.1260695904493332,0.9567099809646606,0.6632034778594971
YHR033W,YBR089C-A,0,-3.3251255,0.12599772214889526,0.9567099809646606,0.6636363863945007
YFR014C,YNL123W,0,-3.325685,0.1259259283542633,0.9567099809646606,0.6640692353248596
YMR242C,YBR168W,0,-3.326069,0.12585420906543732,0.9567099809646606,0.6645021438598633
YJL045W,YPL135W,0,-3.3266199,0.1257825791835785,0.9567099809646606,0.6649350523948669
YGL171W,YER071C,0,-3.330962,0.12571103870868683,0.9567099809646606,0.6653679609298706
YNL130C,YGL111W,0,-3.3338223,0.12563957273960114,0.9567099809646606,0.6658008694648743
YER031C,YPL001W,0,-3.3339787,0.1255681812763214,0.9567099809646606,0.6662337779998779
YCL068C,YLR333C,0,-3.3380713,0.12549687922000885,0.9567099809646606,0.6666666865348816
YOR019W,YDR045C,0,-3.339909,0.12542565166950226,0.9567099809646606,0.6670995950698853
YLR131C,YGL111W,0,-3.3419957,0.12535451352596283,0.9567099809646606,0.6675324440002441
YNR024W,YMR237W,0,-3.3421924,0.12528344988822937,0.9567099809646606,0.6679653525352478
YDR490C,YGR080W,0,-3.343432,0.12521246075630188,0.9567099809646606,0.6683982610702515
YLR249W,YDR384C,0,-3.3591473,0.12514156103134155,0.9567099809646606,0.6688311696052551
YPL176C,YGR040W,0,-3.3613372,0.1250707358121872,0.9567099809646606,0.6692640781402588
YDL160C,YOR357C,0,-3.3626633,0.125,0.9567099809646606,0.6696969866752625
YHR158C,YDR080W,0,-3.3629613,0.12492933869361877,0.9567099809646606,0.6701298952102661
YIL013C,YML081W,0,-3.3638656,0.12485875934362411,0.9567099809646606,0.670562744140625
YIL019W,YBR029C,0,-3.3664489,0.12478825449943542,0.9567099809646606,0.6709956526756287
YNL045W,YCL048W,0,-3.3674068,0.1247178316116333,0.9567099809646606,0.6714285612106323
YOR252W,YFR038W,0,-3.3678236,0.12464749068021774,0.9567099809646606,0.671861469745636
YGR103W,YEL044W,0,-3.3705893,0.12457722425460815,0.9567099809646606,0.6722943782806396
YDR464W,YKR077W,0,-3.3723598,0.12450703978538513,0.9567099809646606,0.6727272868156433
YLR102C,YHL035C,0,-3.3733587,0.12443693727254868,0.9567099809646606,0.673160195350647
YER149C,YPL233W,0,-3.3747387,0.12436690926551819,0.9567099809646606,0.6735930442810059
YGL098W,YOR380W,0,-3.3779078,0.12429696321487427,0.9567099809646606,0.6740259528160095
YER177W,YOR227W,0,-3.3804603,0.12422709167003632,0.9567099809646606,0.6744588613510132
YLR390W-A,YPR057W,0,-3.3874116,0.12415730208158493,0.9567099809646606,0.6748917698860168
YJL078C,YIL069C,0,-3.39392,0.12408759444952011,0.9567099809646606,0.6753246784210205
YHR035W,YGR003W,0,-3.3950555,0.12401795387268066,0.9567099809646606,0.6757575869560242
YOR048C,YDR289C,1,-3.3975792,0.12450925260782242,0.9610389471054077,0.6757575869560242
YFR040W,YOR009W,0,-3.3986502,0.12443946301937103,0.9610389471054077,0.6761904954910278
YLL014W,YBR094W,0,-3.3989701,0.12436974793672562,0.9610389471054077,0.6766234040260315
YLR181C,YAL026C,0,-3.4019485,0.12430011481046677,0.9610389471054077,0.6770562529563904
YLL024C,YGR060W,0,-3.4033408,0.12423055619001389,0.9610389471054077,0.677489161491394
YKL045W,YHR148W,0,-3.4060585,0.12416107207536697,0.9610389471054077,0.6779220700263977
YML061C,YEL027W,0,-3.4067852,0.12409166991710663,0.9610389471054077,0.6783549785614014
YOR357C,YLR092W,0,-3.4078555,0.12402234971523285,0.9610389471054077,0.678787887096405
YJR109C,YDL117W,0,-3.409659,0.12395309656858444,0.9610389471054077,0.6792207956314087
YOR253W,YDR365C,0,-3.4122248,0.1238839253783226,0.9610389471054077,0.6796537041664124
YPR134W,YKL114C,0,-3.4140053,0.12381483614444733,0.9610389471054077,0.6800865530967712
YER005W,YPL189W,0,-3.4183316,0.12374582141637802,0.9610389471054077,0.6805194616317749
YFR049W,YDL139C,0,-3.4184012,0.12367688119411469,0.9610389471054077,0.6809523701667786
YER040W,YBL047C,0,-3.4234705,0.12360801547765732,0.9610389471054077,0.6813852787017822
YNR019W,YFR040W,0,-3.424031,0.12353923171758652,0.9610389471054077,0.6818181872367859
YFR031C-A,YPL161C,0,-3.4249687,0.12347052246332169,0.9610389471054077,0.6822510957717896
YAL028W,YLR143W,0,-3.42738,0.12340188771486282,0.9610389471054077,0.6826840043067932
YPL176C,YGL116W,0,-3.4392862,0.12333333492279053,0.9610389471054077,0.6831169128417969
YBR069C,YOR078W,0,-3.4437377,0.1232648491859436,0.9610389471054077,0.6835497617721558
YOR119C,YDR261C,0,-3.4459405,0.12319644540548325,0.9610389471054077,0.6839826703071594
YEL001C,YIL009W,0,-3.4466178,0.12312811613082886,0.9610389471054077,0.6844155788421631
YJL174W,YPR199C,0,-3.4483795,0.12305986881256104,0.9610389471054077,0.6848484873771667
YDR145W,YOR359W,0,-3.450531,0.12299168854951859,0.9610389471054077,0.6852813959121704
YGR193C,YCL064C,0,-3.456156,0.1229235902428627,0.9610389471054077,0.6857143044471741
YDR372C,YBR301W,0,-3.4567776,0.12285555899143219,0.9610389471054077,0.6861472129821777
YPL210C,YGL111W,0,-3.4602156,0.12278760969638824,0.9610389471054077,0.6865800619125366
YKR085C,YDL209C,0,-3.4631314,0.12271973490715027,0.9610389471054077,0.6870129704475403
YKR089C,YPL058C,0,-3.4664392,0.12265193462371826,0.9610389471054077,0.687445878982544
YFR027W,YPL043W,0,-3.467125,0.12258420884609222,0.9610389471054077,0.6878787875175476
YDR007W,YPL097W,0,-3.4760237,0.12251655757427216,0.9610389471054077,0.6883116960525513
YPL076W,YCL039W,0,-3.4780345,0.12244898080825806,0.9610389471054077,0.6887446045875549
YPL141C,YLL024C,0,-3.4790645,0.12238147854804993,0.9610389471054077,0.6891775131225586
YLL018C-A,YHR014W,0,-3.4826593,0.12231405079364777,0.9610389471054077,0.6896103620529175
YML107C,YGR205W,0,-3.4850688,0.12224669754505157,0.9610389471054077,0.6900432705879211
YML059C,YNL194C,0,-3.4867418,0.12217941880226135,0.9610389471054077,0.6904761791229248
YGR283C,YBR146W,0,-3.4871953,0.1221122145652771,0.9610389471054077,0.6909090876579285
YPL141C,YMR055C,0,-3.4968781,0.12204507738351822,0.9610389471054077,0.6913419961929321
YKL048C,YDL243C,0,-3.50343,0.1219780221581459,0.9610389471054077,0.6917749047279358
YDR345C,YOL055C,0,-3.504053,0.12191104143857956,0.9610389471054077,0.6922078132629395
YLR442C,YPL176C,0,-3.5072665,0.12184412777423859,0.9610389471054077,0.6926407217979431
YOL116W,YMR177W,0,-3.508251,0.12177728861570358,0.9610389471054077,0.693073570728302
YFR034C,YNL111C,0,-3.5084677,0.12171052396297455,0.9610389471054077,0.6935064792633057
YDL243C,YER038C,0,-3.5086966,0.12164383381605148,0.9610389471054077,0.6939393877983093
YOR179C,YLR430W,1,-3.5101743,0.12212486565113068,0.9653679728507996,0.6939393877983093
YLL016W,YHR154W,0,-3.5108852,0.12205801904201508,0.9653679728507996,0.694372296333313
YKR077W,YBR212W,0,-3.5110092,0.12199124693870544,0.9653679728507996,0.6948052048683167
YKL058W,YDR246W,0,-3.5215535,0.12192454934120178,0.9653679728507996,0.6952381134033203
YDL160C,YNL221C,0,-3.5222912,0.12185792624950409,0.9653679728507996,0.695671021938324
YJL181W,YIR026C,0,-3.5231497,0.12179137021303177,0.9653679728507996,0.6961038708686829
YML013W,YDL223C,0,-3.5233374,0.12172488868236542,0.9653679728507996,0.6965367794036865
YIR019C,YOR019W,0,-3.5262723,0.12165848165750504,0.9653679728507996,0.6969696879386902
YNL294C,YOR011W,0,-3.5338898,0.12159214913845062,0.9653679728507996,0.6974025964736938
YIL075C,YLR263W,0,-3.5346093,0.12152588367462158,0.9653679728507996,0.6978355050086975
YGL104C,YNL233W,0,-3.54149,0.12145969271659851,0.9653679728507996,0.6982684135437012
YJR017C,YOR048C,1,-3.5433354,0.12193794548511505,0.9696969985961914,0.6982684135437012
YOL121C,YDR045C,0,-3.5443277,0.12187159806489944,0.9696969985961914,0.6987013220787048
YOR372C,YLR432W,0,-3.5447125,0.1218053326010704,0.9696969985961914,0.6991341710090637
YIL007C,YPR199C,0,-3.5472307,0.12173912674188614,0.9696969985961914,0.6995670795440674
YJL216C,YER015W,0,-3.5540442,0.12167300283908844,0.9696969985961914,0.699999988079071
YML098W,YOR341W,0,-3.5551143,0.12160694599151611,0.9696969985961914,0.7004328966140747
YOR090C,YDL211C,0,-3.5566921,0.12154096364974976,0.9696969985961914,0.7008658051490784
YLR059C,YGR245C,0,-3.558403,0.12147505581378937,0.9696969985961914,0.701298713684082
YLR277C,YJR109C,0,-3.5603707,0.12140921503305435,0.9696969985961914,0.7017316222190857
YIL053W,YNR071C,0,-3.5619636,0.1213434487581253,0.9696969985961914,0.7021645307540894
YML081W,YGL016W,0,-3.563446,0.12127774953842163,0.9696969985961914,0.7025973796844482
YHR146W,YOR335C,0,-3.570415,0.12121212482452393,0.9696969985961914,0.7030302882194519
YOR192C,YLR260W,0,-3.5730228,0.12114656716585159,0.9696969985961914,0.7034631967544556
YJL089W,YIL062C,0,-3.5734453,0.12108108401298523,0.9696969985961914,0.7038961052894592
YOR250C,YGL231C,0,-3.5738277,0.12101566791534424,0.9696969985961914,0.7043290138244629
YHR165C,YHR201C,0,-3.5753794,0.12095032632350922,0.9696969985961914,0.7047619223594666
YNR037C,YML082W,0,-3.5819082,0.12088505178689957,0.9696969985961914,0.7051948308944702
YPL168W,YHR014W,0,-3.5825725,0.12081985175609589,0.9696969985961914,0.7056276798248291
YCR091W,YKR031C,0,-3.5846655,0.12075471878051758,0.9696969985961914,0.7060605883598328
YER007C-A,YGL194C,0,-3.5908341,0.12068965286016464,0.9696969985961914,0.7064934968948364
YER109C,YGR260W,0,-3.5911005,0.12062466144561768,0.9696969985961914,0.7069264054298401
YOL029C,YEL027W,0,-3.5937452,0.12055974453687668,0.9696969985961914,0.7073593139648438
YCR016W,YOL023W,0,-3.6009934,0.12049488723278046,0.9696969985961914,0.7077922224998474
YOR101W,YLR260W,0,-3.6023312,0.1204301044344902,0.9696969985961914,0.7082251310348511
YPR037C,YGL195W,0,-3.60563,0.12036539614200592,0.9696969985961914,0.70865797996521
YPL133C,YCR016W,0,-3.6058412,0.12030075490474701,0.9696969985961914,0.7090908885002136
YDL003W,YBR301W,0,-3.6074924,0.12023618072271347,0.9696969985961914,0.7095237970352173
YPL215W,YNL240C,0,-3.6083908,0.1201716735959053,0.9696969985961914,0.709956705570221
YDR545W,YKL087C,0,-3.611102,0.1201072409749031,0.9696969985961914,0.7103896141052246
YKR096W,YHR096C,0,-3.6131606,0.12004287540912628,0.9696969985961914,0.7108225226402283
YDR490C,YGR030C,0,-3.6146536,0.11997857689857483,0.9696969985961914,0.7112554311752319
YML061C,YER015W,0,-3.616436,0.11991434544324875,0.9696969985961914,0.7116883397102356
YDR175C,YHL021C,0,-3.6191955,0.11985018849372864,0.9696969985961914,0.7121211886405945
YJR102C,YGL171W,0,-3.6207008,0.1197860985994339,0.9696969985961914,0.7125540971755981
YPR148C,YOL029C,0,-3.6222568,0.11972207576036453,0.9696969985961914,0.7129870057106018
YOL121C,YOR004W,0,-3.622488,0.11965811997652054,0.9696969985961914,0.7134199142456055
YDR168W,YBR301W,0,-3.6236224,0.11959423124790192,0.9696969985961914,0.7138528227806091
YCL016C,YHR106W,0,-3.6250958,0.11953041702508926,0.9696969985961914,0.7142857313156128
YBL031W,YPR057W,0,-3.6280804,0.11946666985750198,0.9696969985961914,0.7147186398506165
YGR254W,YKL145W,0,-3.6312559,0.11940298229455948,0.9696969985961914,0.7151514887809753
YOR032C,YLR248W,0,-3.6319864,0.11933936923742294,0.9696969985961914,0.715584397315979
YKR075C,YML082W,0,-3.6346426,0.11927582323551178,0.9696969985961914,0.7160173058509827
YLR315W,YDR257C,0,-3.6391678,0.11921234428882599,0.9696969985961914,0.7164502143859863
YJR041C,YDR257C,0,-3.6408982,0.11914893984794617,0.9696969985961914,0.71688312292099
YER133W,YNL251C,1,-3.6432743,0.11961722373962402,0.9740259647369385,0.71688312292099
YML013W,YPR148C,0,-3.6471448,0.11955366283655167,0.9740259647369385,0.7173160314559937
YIL014W,YOR227W,0,-3.6498027,0.11949017643928528,0.9740259647369385,0.7177489399909973
YNL062C,YER032W,0,-3.6505625,0.11942674964666367,0.9740259647369385,0.7181817889213562
YOR264W,YER040W,0,-3.6526787,0.11936339735984802,0.9740259647369385,0.7186146974563599
YBR121C,YLR430W,1,-3.6539755,0.11983032524585724,0.9783549904823303,0.7186146974563599
YER177W,YNR019W,0,-3.658424,0.11976682394742966,0.9783549904823303,0.7190476059913635
YHL011C,YIL096C,0,-3.6621695,0.11970338970422745,0.9783549904823303,0.7194805145263672
YHR146W,YKR027W,0,-3.6652815,0.11964002251625061,0.9783549904823303,0.7199134230613708
YML127W,YNL176C,0,-3.673162,0.11957672238349915,0.9783549904823303,0.7203463315963745
YCR045C,YBR028C,0,-3.674155,0.11951348185539246,0.9783549904823303,0.7207792401313782
YFR038W,YBL047C,0,-3.677524,0.11945031583309174,0.9783549904823303,0.7212121486663818
YDR201W,YOL052C-A,0,-3.6783936,0.11938721686601639,0.9783549904823303,0.7216449975967407
YMR055C,YLR367W,0,-3.6794195,0.11932418495416641,0.9783549904823303,0.7220779061317444
YLR167W,YPR199C,0,-3.683525,0.11926121264696121,0.9783549904823303,0.722510814666748
YER038C,YGR260W,0,-3.6907163,0.11919831484556198,0.9783549904823303,0.7229437232017517
YNL243W,YOL032W,0,-3.6913042,0.11913547664880753,0.9783549904823303,0.7233766317367554
YER056C,YDR468C,0,-3.6944563,0.11907270550727844,0.9783549904823303,0.723809540271759
YGR254W,YPR095C,0,-3.6962914,0.11901000887155533,0.9783549904823303,0.7242424488067627
YDR098C,YJL058C,0,-3.6977909,0.11894737184047699,0.9783549904823303,0.7246752977371216
YLR313C,YHR080C,0,-3.6988053,0.11888479441404343,0.9783549904823303,0.7251082062721252
YGL189C,YLR006C,0,-3.7032819,0.11882229149341583,0.9783549904823303,0.7255411148071289
YKL006C-A,YMR205C,0,-3.703299,0.11875985562801361,0.9783549904823303,0.7259740233421326
YKL045W,YFR040W,0,-3.7033916,0.11869747936725616,0.9783549904823303,0.7264069318771362
YNL025C,YKR079C,0,-3.7069058,0.11863517016172409,0.9783549904823303,0.7268398404121399
YJR132W,YHR020W,0,-3.71688,0.11857292801141739,0.9783549904823303,0.7272727489471436
YGR205W,YMR041C,0,-3.7170777,0.11851075291633606,0.9783549904823303,0.7277056574821472
YEL018W,YOL132W,0,-3.7215796,0.1184486374258995,0.9783549904823303,0.7281385064125061
YDR490C,YBR168W,0,-3.7219,0.11838658899068832,0.9783549904823303,0.7285714149475098
YKL069W,YKL129C,0,-3.7223277,0.11832460761070251,0.9783549904823303,0.7290043234825134
YKL141W,YGR217W,0,-3.7261097,0.11826269328594208,0.9783549904823303,0.7294372320175171
YKL114C,YGR044C,0,-3.7305074,0.11820083856582642,0.9783549904823303,0.7298701405525208
YPL141C,YMR149W,0,-3.730656,0.11813905090093613,0.9783549904823303,0.7303030490875244
YDR213W,YJL181W,0,-3.732254,0.11807732284069061,0.9783549904823303,0.7307359576225281
YDL072C,YER060W,0,-3.7339697,0.11801566928625107,0.9783549904823303,0.731168806552887
YDR204W,YAL051W,0,-3.734449,0.1179540678858757,0.9783549904823303,0.7316017150878906
YIL052C,YML096W,0,-3.7347612,0.1178925409913063,0.9783549904823303,0.7320346236228943
YPL036W,YFR034C,0,-3.736317,0.11783107370138168,0.9783549904823303,0.732467532157898
YDR381W,YDR437W,0,-3.7368426,0.11776967346668243,0.9783549904823303,0.7329004406929016
YNL222W,YNL251C,1,-3.7470436,0.11822916567325592,0.9826839566230774,0.7329004406929016
YBR272C,YBR121C,0,-3.749732,0.11816762387752533,0.9826839566230774,0.7333333492279053
YBR023C,YMR035W,0,-3.7498584,0.11810614168643951,0.9826839566230774,0.7337662577629089
YKL081W,YDR384C,0,-3.749953,0.11804471909999847,0.9826839566230774,0.7341991066932678
YDR160W,YHR001W-A,0,-3.7524705,0.1179833710193634,0.9826839566230774,0.7346320152282715
YER060W-A,YCR038C,0,-3.752529,0.11792207509279251,0.9826839566230774,0.7350649237632751
YLR185W,YML101C,0,-3.7533607,0.11786085367202759,0.9826839566230774,0.7354978322982788
YPL190C,YDR289C,1,-3.760404,0.11831863224506378,0.9870129823684692,0.7354978322982788
YLR006C,YGL171W,0,-3.7632363,0.11825726181268692,0.9870129823684692,0.7359307408332825
YGR004W,YNL062C,0,-3.7648578,0.11819595843553543,0.9870129823684692,0.7363636493682861
YOL009C,YIL153W,0,-3.7675924,0.11813471466302872,0.9870129823684692,0.7367965579032898
YPL115C,YIL018W,0,-3.7702956,0.11807353794574738,0.9870129823684692,0.7372294664382935
YHL028W,YHR090C,0,-3.7707686,0.11801242083311081,0.9870129823684692,0.7376623153686523
YOR027W,YDL211C,0,-3.7718604,0.11795137077569962,0.9870129823684692,0.738095223903656
YDR384C,YGR260W,0,-3.7735953,0.1178903803229332,0.9870129823684692,0.7385281324386597
YNR048W,YLR384C,0,-3.7790258,0.11782945692539215,0.9870129823684692,0.7389610409736633
YPL013C,YNL066W,0,-3.784204,0.11776859313249588,0.9870129823684692,0.739393949508667
YLR131C,YLR037C,0,-3.7846904,0.11770779639482498,0.9870129823684692,0.7398268580436707
YPL203W,YNR052C,0,-3.7896419,0.11764705926179886,0.9870129823684692,0.7402597665786743
YBL031W,YGL058W,0,-3.7903874,0.11758638173341751,0.9870129823684692,0.7406926155090332
YBR054W,YHR073W,0,-3.7930422,0.11752577126026154,0.9870129823684692,0.7411255240440369
YCL048W,YFR034C,0,-3.7939253,0.11746522039175034,0.9870129823684692,0.7415584325790405
YBR189W,YLR054C,0,-3.7971816,0.11740473657846451,0.9870129823684692,0.7419913411140442
YLR411W,YOL029C,0,-3.801592,0.11734431236982346,0.9870129823684692,0.7424242496490479
YBR248C,YNL055C,0,-3.8026524,0.11728394776582718,0.9870129823684692,0.7428571581840515
YKL006C-A,YPL176C,0,-3.8027682,0.11722365021705627,0.9870129823684692,0.7432900667190552
YPL193W,YCL048W,0,-3.806952,0.11716341227293015,0.9870129823684692,0.7437229156494141
YDR471W,YOL012C,0,-3.808806,0.11710323393344879,0.9870129823684692,0.7441558241844177
YDL247W,YOR266W,0,-3.8101666,0.11704312264919281,0.9870129823684692,0.7445887327194214
YGR055W,YFL011W,0,-3.8128824,0.1169830709695816,0.9870129823684692,0.745021641254425
YOR136W,YPL193W,0,-3.8130155,0.11692307889461517,0.9870129823684692,0.7454545497894287
YIL120W,YJR054W,0,-3.8132403,0.11686314642429352,0.9870129823684692,0.7458874583244324
YER033C,YDL102W,0,-3.8177881,0.11680328100919724,0.9870129823684692,0.746320366859436
YNL318C,YIL107C,0,-3.8239076,0.11674347519874573,0.9870129823684692,0.7467532753944397
YNL176C,YIR026C,0,-3.8243682,0.116683728992939,0.9870129823684692,0.7471861243247986
YAL002W,YBR089C-A,0,-3.8257985,0.11662404239177704,0.9870129823684692,0.7476190328598022
YML021C,YGL189C,0,-3.8285851,0.11656441539525986,0.9870129823684692,0.7480519413948059
YLR004C,YMR195W,0,-3.8355846,0.11650485545396805,0.9870129823684692,0.7484848499298096
YKL191W,YOR330C,0,-3.8390338,0.11644535511732101,0.9870129823684692,0.7489177584648132
YDL081C,YLR023C,0,-3.8427215,0.11638591438531876,0.9870129823684692,0.7493506669998169
YGL171W,YGR208W,0,-3.8452482,0.11632653325796127,0.9870129823684692,0.7497835755348206
YLR442C,YOR341W,0,-3.8478603,0.11626721173524857,0.9870129823684692,0.7502164244651794
YDR168W,YBL072C,0,-3.8509593,0.11620794981718063,0.9870129823684692,0.7506493330001831
YGR212W,YBR168W,0,-3.8532083,0.11614875495433807,0.9870129823684692,0.7510822415351868
YLR023C,YPR155C,0,-3.8552837,0.11608961224555969,0.9870129823684692,0.7515151500701904
YHR197W,YLR092W,0,-3.8572276,0.11603053659200668,0.9870129823684692,0.7519480586051941
YBR029C,YLR363C,0,-3.8653927,0.11597151309251785,0.9870129823684692,0.7523809671401978
YBR191W,YPL253C,0,-3.8660994,0.1159125566482544,0.9870129823684692,0.7528138756752014
YFR047C,YHR122W,0,-3.869226,0.11585365980863571,0.9870129823684692,0.7532467246055603
YDR188W,YBR272C,0,-3.883456,0.1157948225736618,0.9870129823684692,0.753679633140564
YDR227W,YBR003W,0,-3.887082,0.11573603749275208,0.9870129823684692,0.7541125416755676
YGR103W,YDL102W,0,-3.8878984,0.11567731946706772,0.9870129823684692,0.7545454502105713
YBR101C,YHR118C,0,-3.8901658,0.11561866104602814,0.9870129823684692,0.754978358745575
YFR031C-A,YGR205W,0,-3.8907094,0.11556006222963333,0.9870129823684692,0.7554112672805786
YBR254C,YLR023C,0,-3.892779,0.1155015230178833,0.9870129823684692,0.7558441758155823
YGL096W,YGL085W,0,-3.89956,0.11544303596019745,0.9870129823684692,0.7562770843505859
YIL013C,YJR118C,0,-3.8997283,0.11538461595773697,0.9870129823684692,0.7567099332809448
YKL069W,YLR345W,0,-3.9077199,0.11532625555992126,0.9870129823684692,0.7571428418159485
YDR007W,YGR142W,0,-3.909703,0.11526794731616974,0.9870129823684692,0.7575757503509521
YOL121C,YBR188C,0,-3.9109101,0.11520969867706299,0.9870129823684692,0.7580086588859558
YKR064W,YNL111C,0,-3.919208,0.11515151709318161,0.9870129823684692,0.7584415674209595
YAR009C,YLR196W,0,-3.9195786,0.11509338766336441,0.9870129823684692,0.7588744759559631
YPR134W,YPR097W,0,-3.923781,0.11503531783819199,0.9870129823684692,0.7593073844909668
YGR235C,YBR119W,0,-3.9242277,0.11497730761766434,0.9870129823684692,0.7597402334213257
YJR041C,YNL081C,0,-3.9419858,0.11491935700178146,0.9870129823684692,0.7601731419563293
YLR083C,YLR019W,0,-3.9436226,0.11486145853996277,0.9870129823684692,0.760606050491333
YAL048C,YBR016W,0,-3.9494724,0.11480362713336945,0.9870129823684692,0.7610389590263367
YOR383C,YLR451W,0,-3.9509606,0.1147458478808403,0.9870129823684692,0.7614718675613403
YIL053W,YIL062C,0,-3.952235,0.11468812823295593,0.9870129823684692,0.761904776096344
YBR181C,YIL062C,0,-3.9542813,0.11463046818971634,0.9870129823684692,0.7623376846313477
YLR068W,YGL240W,0,-3.9576614,0.11457286775112152,0.9870129823684692,0.7627705335617065
YPL225W,YDL031W,0,-3.9595945,0.11451531946659088,0.9870129823684692,0.7632034420967102
YBL051C,YMR242C,0,-3.9598122,0.11445783078670502,0.9870129823684692,0.7636363506317139
YIL064W,YJR123W,0,-3.9679675,0.11440040171146393,0.9870129823684692,0.7640692591667175
YDR412W,YOR110W,0,-3.9712956,0.11434303224086761,0.9870129823684692,0.7645021677017212
YJL078C,YDR328C,0,-3.9714522,0.11428571492433548,0.9870129823684692,0.7649350762367249
YPR141C,YBR121C,0,-3.9719453,0.11422845721244812,0.9870129823684692,0.7653679847717285
YLR390W-A,YMR055C,0,-3.9724345,0.11417125910520554,0.9870129823684692,0.7658008933067322
YDR372C,YDR317W,0,-3.98005,0.11411411315202713,0.9870129823684692,0.7662337422370911
YGL096W,YKL077W,0,-3.9865885,0.1140570268034935,0.9870129823684692,0.7666666507720947
YDR377W,YLR466W,0,-3.993975,0.11400000005960464,0.9870129823684692,0.7670995593070984
YER056C,YER100W,0,-4.00011,0.11394302546977997,0.9870129823684692,0.767532467842102
YNL180C,YDR365C,0,-4.0005007,0.11388611048460007,0.9870129823684692,0.7679653763771057
YGL087C,YER102W,0,-4.0035806,0.11382925510406494,0.9870129823684692,0.7683982849121094
YJL045W,YCR091W,0,-4.0052853,0.113772451877594,0.9870129823684692,0.768831193447113
YOR156C,YMR009W,0,-4.0059834,0.11371570825576782,0.9870129823684692,0.7692640423774719
YDR439W,YNR071C,0,-4.011449,0.11365902423858643,0.9870129823684692,0.7696969509124756
YLR277C,YMR101C,0,-4.016293,0.11360239237546921,0.9870129823684692,0.7701298594474792
YPR148C,YDL123W,0,-4.017185,0.11354582011699677,0.9870129823684692,0.7705627679824829
YCR086W,YGL192W,0,-4.018922,0.1134893000125885,0.9870129823684692,0.7709956765174866
YHR037W,YMR035W,0,-4.0220766,0.11343283951282501,0.9870129823684692,0.7714285850524902
YER100W,YLR001C,0,-4.0245695,0.1133764311671257,0.9870129823684692,0.7718614935874939
YOR032C,YNR019W,0,-4.0262074,0.11332008242607117,0.9870129823684692,0.7722943425178528
YGL028C,YDR080W,0,-4.0267,0.11326378583908081,0.9870129823684692,0.7727272510528564
YLR044C,YPL233W,0,-4.0285816,0.11320754885673523,0.9870129823684692,0.7731601595878601
YNL103W,YOL012C,0,-4.03185,0.11315136402845383,0.9870129823684692,0.7735930681228638
YPR143W,YDR469W,0,-4.0325866,0.1130952388048172,0.9870129823684692,0.7740259766578674
YPR055W,YBR045C,0,-4.0351653,0.11303916573524475,0.9870129823684692,0.7744588851928711
YER041W,YOR113W,0,-4.043103,0.11298315227031708,0.9870129823684692,0.7748917937278748
YLR167W,YLR059C,0,-4.045711,0.11292719095945358,0.9870129823684692,0.7753247022628784
YNL183C,YGR078C,0,-4.0507107,0.11287128925323486,0.9870129823684692,0.7757575511932373
YDR213W,YPL115C,0,-4.051505,0.11281543970108032,0.9870129823684692,0.776190459728241
YPL043W,YGR007W,0,-4.0767326,0.11275964230298996,0.9870129823684692,0.7766233682632446
YPL209C,YLR075W,0,-4.078185,0.11270390450954437,0.9870129823684692,0.7770562767982483
YBR054W,YDL105W,0,-4.0827928,0.11264821887016296,0.9870129823684692,0.777489185333252
YPL058C,YHL021C,0,-4.0842547,0.11259259283542633,0.9870129823684692,0.7779220938682556
YGL116W,YOR059C,0,-4.084843,0.11253701895475388,0.9870129823684692,0.7783550024032593
YBR023C,YBL005W,0,-4.088361,0.1124814972281456,0.9870129823684692,0.7787878513336182
YDR039C,YEL032W,0,-4.088461,0.1124260351061821,0.9870129823684692,0.7792207598686218
YBR029C,YJL212C,0,-4.0942173,0.11237062513828278,0.9870129823684692,0.7796536684036255
YLL048C,YBR005W,0,-4.0962915,0.11231526732444763,0.9870129823684692,0.7800865769386292
YOR380W,YGR296W,0,-4.0966206,0.11225996911525726,0.9870129823684692,0.7805194854736328
YLL018C-A,YDR317W,0,-4.106094,0.11220472306013107,0.9870129823684692,0.7809523940086365
YJR046W,YHR005C,0,-4.1111927,0.11214952915906906,0.9870129823684692,0.7813853025436401
YOR034C,YNR071C,0,-4.1127567,0.11209439486265182,0.9870129823684692,0.7818182110786438
YAR009C,YML127W,0,-4.116712,0.11203931272029877,0.9870129823684692,0.7822510600090027
YLR248W,YPR174C,0,-4.1183367,0.11198428273200989,0.9870129823684692,0.7826839685440063
YER028C,YDR515W,0,-4.1200542,0.11192930489778519,0.9870129823684692,0.78311687707901
YLR413W,YMR313C,0,-4.124815,0.11187438666820526,0.9870129823684692,0.7835497856140137
YOL084W,YGL226W,0,-4.1268587,0.11181952059268951,0.9870129823684692,0.7839826941490173
YDR273W,YGL064C,0,-4.129453,0.11176470667123795,0.9870129823684692,0.784415602684021
YDL209C,YBR015C,0,-4.132986,0.11170994490385056,0.9870129823684692,0.7848485112190247
YPL130W,YOR260W,0,-4.1352444,0.11165524274110794,0.9870129823684692,0.7852813601493835
YKR089C,YHL025W,0,-4.136095,0.11160058528184891,0.9870129823684692,0.7857142686843872
YER100W,YKL029C,0,-4.1377473,0.11154598742723465,0.9870129823684692,0.7861471772193909
YIL106W,YIL037C,0,-4.1394024,0.11149144172668457,0.9870129823684692,0.7865800857543945
YDL018C,YBL014C,0,-4.149368,0.11143694818019867,0.9870129823684692,0.7870129942893982
YDR398W,YHR193C,0,-4.14963,0.11138251423835754,0.9870129823684692,0.7874459028244019
YPL141C,YJL058C,0,-4.171894,0.111328125,0.9870129823684692,0.7878788113594055
YGR235C,YER176W,0,-4.1792226,0.11127379536628723,0.9870129823684692,0.7883116602897644
YNL246W,YPR046W,0,-4.183424,0.11121951043605804,0.9870129823684692,0.7887445688247681
YDL105W,YDR190C,0,-4.1845284,0.11116528511047363,0.9870129823684692,0.7891774773597717
YPR188C,YGL096W,0,-4.1893806,0.1111111119389534,0.9870129823684692,0.7896103858947754
YLR411W,YBR109C,0,-4.195673,0.11105699092149734,0.9870129823684692,0.790043294429779
YLR060W,YGL194C,0,-4.205056,0.11100292205810547,0.9870129823684692,0.7904762029647827
YKL043W,YJL083W,0,-4.2196217,0.11094890534877777,0.9870129823684692,0.7909091114997864
YPL056C,YGR060W,0,-4.2198153,0.11089494079351425,0.9870129823684692,0.79134202003479
YBR046C,YNL176C,0,-4.221478,0.11084102839231491,0.9870129823684692,0.7917748689651489
YBL056W,YBR085W,0,-4.226616,0.11078717559576035,0.9870129823684692,0.7922077775001526
YER179W,YDL012C,0,-4.2357397,0.11073336750268936,0.9870129823684692,0.7926406860351562
YPL141C,YNR037C,0,-4.2361193,0.11067961156368256,0.9870129823684692,0.7930735945701599
YPL146C,YPR100W,0,-4.241943,0.11062590777873993,0.9870129823684692,0.7935065031051636
YPL036W,YLL021W,0,-4.2444396,0.11057226359844208,0.9870129823684692,0.7939394116401672
YOL126C,YHL035C,0,-4.244584,0.11051866412162781,0.9870129823684692,0.7943723201751709
YPL001W,YDR365C,0,-4.2459583,0.11046511679887772,0.9870129823684692,0.7948051691055298
YGL016W,YLR337C,0,-4.2518034,0.1104116216301918,0.9870129823684692,0.7952380776405334
YHR202W,YMR131C,0,-4.255286,0.11035817861557007,0.9870129823684692,0.7956709861755371
YMR175W,YHR158C,0,-4.2621,0.11030478775501251,0.9870129823684692,0.7961038947105408
YML011C,YHR133C,0,-4.26414,0.11025144904851913,0.9870129823684692,0.7965368032455444
YKR085C,YKR099W,0,-4.2671804,0.11019816249608994,0.9870129823684692,0.7969697117805481
YML101C,YOR316C,0,-4.276846,0.11014492809772491,0.9870129823684692,0.7974026203155518
YPL116W,YOR009W,0,-4.276882,0.11009174585342407,0.9870129823684692,0.7978354692459106
YNR038W,YBR089C-A,0,-4.2788363,0.11003860831260681,0.9870129823684692,0.7982683777809143
YBR114W,YDR257C,0,-4.281893,0.10998553037643433,0.9870129823684692,0.798701286315918
YIR026C,YDR257C,0,-4.282802,0.10993249714374542,0.9870129823684692,0.7991341948509216
YJL174W,YKL039W,0,-4.2843857,0.1098795160651207,0.9870129823684692,0.7995671033859253
YJR150C,YHR149C,0,-4.284442,0.10982658714056015,0.9870129823684692,0.800000011920929
YHR139C,YNR019W,0,-4.2846584,0.10977371037006378,0.9870129823684692,0.8004329204559326
YIL148W,YHR114W,0,-4.2875395,0.10972088575363159,0.9870129823684692,0.8008658289909363
YDR111C,YER155C,0,-4.2925673,0.10966811329126358,0.9870129823684692,0.8012986779212952
YLL024C,YDR287W,0,-4.2969847,0.10961538553237915,0.9870129823684692,0.8017315864562988
YDR528W,YBR218C,0,-4.299648,0.1095627099275589,0.9870129823684692,0.8021644949913025
YOR026W,YDR087C,0,-4.3032417,0.10951008647680283,0.9870129823684692,0.8025974035263062
YKR075C,YCR036W,0,-4.3117447,0.10945751518011093,0.9870129823684692,0.8030303120613098
YOR049C,YIL030C,0,-4.313979,0.10940498858690262,0.9870129823684692,0.8034632205963135
YOR018W,YFR053C,0,-4.3146853,0.10935252159833908,0.9870129823684692,0.8038961291313171
YFL011W,YLR299W,0,-4.318926,0.10930009931325912,0.9870129823684692,0.804328978061676
YIL075C,YLR409C,0,-4.320366,0.10924772173166275,0.9870129823684692,0.8047618865966797
YJR108W,YGL111W,0,-4.3222456,0.10919540375471115,0.9870129823684692,0.8051947951316833
YKR064W,YDR384C,0,-4.322757,0.10914313048124313,0.9870129823684692,0.805627703666687
YBR121C,YJR017C,1,-4.325956,0.10956937819719315,0.9913420081138611,0.805627703666687
YHR037W,YOR001W,0,-4.3260603,0.10951697826385498,0.9913420081138611,0.8060606122016907
YGL189C,YHR035W,0,-4.329929,0.109464630484581,0.9913420081138611,0.8064935207366943
YGR078C,YOL121C,0,-4.330969,0.10941232740879059,0.9913420081138611,0.806926429271698
YHL028W,YDR430C,0,-4.3369846,0.10936007648706436,0.9913420081138611,0.8073592782020569
YAR042W,YFR040W,0,-4.337543,0.10930787771940231,0.9913420081138611,0.8077921867370605
YKL185W,YIL011W,0,-4.3405323,0.10925572365522385,0.9913420081138611,0.8082250952720642
YIL007C,YCR005C,0,-4.3477793,0.10920362174510956,0.9913420081138611,0.8086580038070679
YOR032C,YPL097W,0,-4.34971,0.10915157198905945,0.9913420081138611,0.8090909123420715
YMR040W,YKL080W,0,-4.349905,0.10909957438707352,0.9913420081138611,0.8095238208770752
YPL100W,YNL023C,0,-4.3535857,0.10904762148857117,0.9913420081138611,0.8099567294120789
YMR101C,YPL058C,0,-4.354247,0.1089957132935524,0.9913420081138611,0.8103896379470825
YGR253C,YBL072C,0,-4.356698,0.1089438647031784,0.9913420081138611,0.8108224868774414
YDL091C,YPL176C,0,-4.3644333,0.108892060816288,0.9913420081138611,0.8112553954124451
YHR185C,YMR220W,0,-4.3669014,0.10884030163288116,0.9913420081138611,0.8116883039474487
YBR119W,YER071C,0,-4.3717995,0.10878860205411911,0.9913420081138611,0.8121212124824524
YER044C-A,YDR087C,0,-4.3773813,0.10873693972826004,0.9913420081138611,0.812554121017456
YIL148W,YGR044C,0,-4.3823795,0.10868533700704575,0.9913420081138611,0.8129870295524597
YKR089C,YLR367W,0,-4.388216,0.10863377898931503,0.9913420081138611,0.8134199380874634
YMR041C,YFL026W,0,-4.3998356,0.1085822656750679,0.9913420081138611,0.8138527870178223
YNR032C-A,YDR430C,0,-4.402143,0.10853080451488495,0.9913420081138611,0.8142856955528259
YBL035C,YMR118C,0,-4.4048176,0.10847939550876617,0.9913420081138611,0.8147186040878296
YHR096C,YDR406W,0,-4.4066343,0.10842803120613098,0.9913420081138611,0.8151515126228333
YNL062C,YIL173W,0,-4.408553,0.10837671905755997,0.9913420081138611,0.8155844211578369
YDR463W,YDR040C,0,-4.410327,0.10832545161247253,0.9913420081138611,0.8160173296928406
YJL098W,YDR384C,0,-4.412973,0.10827422887086868,0.9913420081138611,0.8164502382278442
YDR545W,YAL011W,0,-4.413349,0.1082230657339096,0.9913420081138611,0.8168830871582031
YKR075C,YDR007W,0,-4.415822,0.10817193984985352,0.9913420081138611,0.8173159956932068
YIL019W,YLR131C,0,-4.428684,0.1081208661198616,0.9913420081138611,0.8177489042282104
YDR189W,YNL066W,0,-4.432599,0.10806984454393387,0.9913420081138611,0.8181818127632141
YGR080W,YER005W,0,-4.4344697,0.10801886767148972,0.9913420081138611,0.8186147212982178
YGR204W,YKR052C,0,-4.434643,0.10796794295310974,0.9913420081138611,0.8190476298332214
YPR180W,YNR071C,0,-4.43542,0.10791706293821335,0.9913420081138611,0.8194805383682251
YOR273C,YER081W,0,-4.4363127,0.10786622762680054,0.9913420081138611,0.8199134469032288
YCR016W,YMR242C,0,-4.438816,0.1078154444694519,0.9913420081138611,0.8203462958335876
YIL056W,YOR011W,0,-4.4398518,0.10776470601558685,0.9913420081138611,0.8207792043685913
YGL196W,YPR114W,0,-4.445215,0.10771401971578598,0.9913420081138611,0.821212112903595
YOR032C,YJL098W,0,-4.452389,0.10766337811946869,0.9913420081138611,0.8216450214385986
YDR482C,YER038C,0,-4.465106,0.10761278122663498,0.9913420081138611,0.8220779299736023
YDR482C,YGR078C,0,-4.4654293,0.10756223648786545,0.9913420081138611,0.822510838508606
YBL087C,YEL048C,0,-4.4660006,0.1075117364525795,0.9913420081138611,0.8229437470436096
YGR129W,YKL051W,0,-4.4693394,0.10746128857135773,0.9913420081138611,0.8233765959739685
YMR262W,YNL164C,0,-4.4721503,0.10741088539361954,0.9913420081138611,0.8238095045089722
YAL056W,YER038C,0,-4.4753923,0.10736052691936493,0.9913420081138611,0.8242424130439758
YDR039C,YIL008W,0,-4.4803696,0.1073102131485939,0.9913420081138611,0.8246753215789795
YPR143W,YDR111C,0,-4.481513,0.10725995153188705,0.9913420081138611,0.8251082301139832
YGL096W,YFR030W,0,-4.485371,0.10720973461866379,0.9913420081138611,0.8255411386489868
YCL051W,YGR142W,0,-4.487441,0.1071595698595047,0.9913420081138611,0.8259740471839905
YDR259C,YDL046W,0,-4.490873,0.1071094498038292,0.9913420081138611,0.8264069557189941
YPR173C,YDL123W,0,-4.495698,0.10705937445163727,0.9913420081138611,0.826839804649353
YKL191W,YGL198W,0,-4.4964666,0.10700934380292892,0.9913420081138611,0.8272727131843567
YIL069C,YKR077W,0,-4.500347,0.10695936530828476,0.9913420081138611,0.8277056217193604
YPR114W,YNR071C,0,-4.5008216,0.10690943151712418,0.9913420081138611,0.828138530254364
YDR500C,YKR095W,0,-4.504285,0.10685954242944717,0.9913420081138611,0.8285714387893677
YBR054W,YPR143W,0,-4.5053244,0.10680969804525375,0.9913420081138611,0.8290043473243713
YDR471W,YDR276C,0,-4.5180035,0.10675990581512451,0.9913420081138611,0.829437255859375
YDR168W,YPL145C,0,-4.5193715,0.10671015828847885,0.9913420081138611,0.8298701047897339
YBR114W,YNR052C,0,-4.5237093,0.10666045546531677,0.9913420081138611,0.8303030133247375
YGR181W,YGL078C,0,-4.5248904,0.10661079734563828,0.9913420081138611,0.8307359218597412
YFL026W,YJL216C,0,-4.53393,0.10656119138002396,0.9913420081138611,0.8311688303947449
YBR168W,YGL049C,0,-4.5352035,0.10651163011789322,0.9913420081138611,0.8316017389297485
YKL110C,YBR045C,0,-4.537134,0.10646211355924606,0.9913420081138611,0.8320346474647522
YMR322C,YOR009W,0,-4.5432997,0.10641264170408249,0.9913420081138611,0.8324675559997559
YDR500C,YPL248C,0,-4.5439234,0.1063632145524025,0.9913420081138611,0.8329004049301147
YMR156C,YLR337C,0,-4.545212,0.10631383210420609,0.9913420081138611,0.8333333134651184
YDR381W,YOR019W,0,-4.5527835,0.10626450181007385,0.9913420081138611,0.8337662220001221
YML100W,YDL139C,0,-4.559143,0.1062152162194252,0.9913420081138611,0.8341991305351257
YLR001C,YMR177W,0,-4.565527,0.10616596788167953,0.9913420081138611,0.8346320390701294
YGL246C,YOR179C,1,-4.569858,0.10658016800880432,0.9956709742546082,0.8346320390701294
YPL056C,YBR149W,0,-4.5866323,0.1065308004617691,0.9956709742546082,0.8350649476051331
YGL061C,YDR365C,0,-4.587542,0.10648148506879807,0.9956709742546082,0.8354978561401367
YPL141C,YOL059W,0,-4.5883055,0.10643220692873001,0.9956709742546082,0.8359307646751404
YKR075C,YGR161C,0,-4.594759,0.10638298094272614,0.9956709742546082,0.8363636136054993
YLR037C,YLR092W,0,-4.595411,0.10633379220962524,0.9956709742546082,0.8367965221405029
YFL056C,YLR361C,0,-4.5958147,0.10628465563058853,0.9956709742546082,0.8372294306755066
YPR114W,YJL167W,0,-4.6013527,0.1062355637550354,0.9956709742546082,0.8376623392105103
YGR080W,YOL051W,0,-4.6029673,0.10618651658296585,0.9956709742546082,0.8380952477455139
YOR004W,YBR193C,0,-4.6079855,0.10613751411437988,0.9956709742546082,0.8385281562805176
YPL171C,YMR156C,0,-4.6129284,0.1060885637998581,0.9956709742546082,0.8389610648155212
YBR034C,YBL005W,0,-4.619032,0.10603965073823929,0.9956709742546082,0.8393939137458801
YGL096W,YHR114W,0,-4.623996,0.10599078238010406,0.9956709742546082,0.8398268222808838
YDR345C,YIR031C,0,-4.6242714,0.10594195872545242,0.9956709742546082,0.8402597308158875
YJL012C,YBL038W,0,-4.6329794,0.10589318722486496,0.9956709742546082,0.8406926393508911
YDR004W,YHR149C,0,-4.637725,0.10584445297718048,0.9956709742546082,0.8411255478858948
YMR040W,YJR054W,0,-4.643573,0.10579577088356018,0.9956709742546082,0.8415584564208984
YAL015C,YGL116W,0,-4.646179,0.10574712604284286,0.9956709742546082,0.8419913649559021
YOR335C,YDL076C,0,-4.6490774,0.10569852590560913,0.9956709742546082,0.842424213886261
YIL107C,YPL161C,0,-4.6493034,0.10564997792243958,0.9956709742546082,0.8428571224212646
YOR129C,YGL053W,0,-4.649906,0.105601467192173,0.9956709742546082,0.8432900309562683
YLR092W,YMR156C,0,-4.6666803,0.10555300861597061,0.9956709742546082,0.843722939491272
YJR109C,YGR260W,0,-4.6684136,0.1055045872926712,0.9956709742546082,0.8441558480262756
YJL212C,YCL048W,0,-4.672911,0.10545621067285538,0.9956709742546082,0.8445887565612793
YPL141C,YJL026W,0,-4.674122,0.10540788620710373,0.9956709742546082,0.845021665096283
YOR250C,YNR019W,0,-4.676471,0.10535959899425507,0.9956709742546082,0.8454545736312866
YBR003W,YKL060C,0,-4.68353,0.10531135648488998,0.9956709742546082,0.8458874225616455
YOR316C,YER102W,0,-4.686228,0.10526315867900848,0.9956709742546082,0.8463203310966492
YNL263C,YKL026C,0,-4.689689,0.10521500557661057,0.9956709742546082,0.8467532396316528
YCL051W,YIL107C,0,-4.7019987,0.10516689717769623,0.9956709742546082,0.8471861481666565
YMR053C,YIL148W,0,-4.7050266,0.10511883348226547,0.9956709742546082,0.8476190567016602
YPL036W,YNR071C,0,-4.7051086,0.1050708070397377,0.9956709742546082,0.8480519652366638
YJR109C,YLR382C,0,-4.705348,0.10502283275127411,0.9956709742546082,0.8484848737716675
YLR259C,YGR129W,0,-4.707894,0.1049748957157135,0.9956709742546082,0.8489177227020264
YLR004C,YLR068W,0,-4.709466,0.10492701083421707,0.9956709742546082,0.84935063123703
YCR105W,YJL212C,0,-4.7096863,0.10487916320562363,0.9956709742546082,0.8497835397720337
YLR004C,YIL011W,0,-4.7160835,0.10483136028051376,0.9956709742546082,0.8502164483070374
YOR091W,YJL083W,0,-4.7231245,0.10478360205888748,0.9956709742546082,0.850649356842041
YDR122W,YGR296W,0,-4.7255716,0.10473588109016418,0.9956709742546082,0.8510822653770447
YGL116W,YKR099W,0,-4.729683,0.10468821227550507,0.9956709742546082,0.8515151739120483
YGR202C,YGR174C,0,-4.7405677,0.10464058071374893,0.9956709742546082,0.8519480228424072
YER041W,YLR058C,0,-4.7434,0.10459299385547638,0.9956709742546082,0.8523809313774109
YOL154W,YCR086W,0,-4.7608294,0.10454545170068741,0.9956709742546082,0.8528138399124146
YGR235C,YLR409C,0,-4.76176,0.10449795424938202,0.9956709742546082,0.8532467484474182
YLR194C,YHL050C,0,-4.7634306,0.10445050150156021,0.9956709742546082,0.8536796569824219
YER179W,YPL133C,0,-4.7694154,0.10440308600664139,0.9956709742546082,0.8541125655174255
YBR114W,YKL099C,0,-4.773794,0.10435571521520615,0.9956709742546082,0.8545454740524292
YEL020W-A,YGR080W,0,-4.781597,0.10430838912725449,0.9956709742546082,0.8549783825874329
YJL045W,YMR072W,0,-4.7893934,0.10426110774278641,0.9956709742546082,0.8554112315177917
YPL100W,YDR276C,0,-4.791607,0.10421386361122131,0.9956709742546082,0.8558441400527954
YKL185W,YJL001W,0,-4.795093,0.1041666641831398,0.9956709742546082,0.8562770485877991
YDR256C,YMR110C,0,-4.7983065,0.10411950945854187,0.9956709742546082,0.8567099571228027
YDR098C,YLR382C,0,-4.801806,0.10407239943742752,0.9956709742546082,0.8571428656578064
YBR114W,YDR243C,0,-4.806048,0.10402532666921616,0.9956709742546082,0.8575757741928101
YNL173C,YCL064C,0,-4.811449,0.10397829860448837,0.9956709742546082,0.8580086827278137
YMR009W,YLR451W,0,-4.8121443,0.10393131524324417,0.9956709742546082,0.8584415316581726
YER142C,YLR220W,0,-4.8139315,0.10388436913490295,0.9956709742546082,0.8588744401931763
YGR253C,YBR045C,0,-4.8224354,0.10383747518062592,0.9956709742546082,0.8593073487281799
YBR089C-A,YOR113W,0,-4.826455,0.10379061102867126,0.9956709742546082,0.8597402572631836
YOR119C,YLR382C,0,-4.8289685,0.10374379903078079,0.9956709742546082,0.8601731657981873
YGL105W,YJR096W,0,-4.8320146,0.1036970242857933,0.9956709742546082,0.8606060743331909
YJR131W,YMR242C,0,-4.8326616,0.1036502942442894,0.9956709742546082,0.8610389828681946
YPL198W,YLR055C,0,-4.8333225,0.10360360145568848,0.9956709742546082,0.8614718317985535
YNL036W,YGR083C,0,-4.839609,0.10355695337057114,0.9956709742546082,0.8619047403335571
YNL221C,YHR138C,0,-4.842863,0.10351034998893738,0.9956709742546082,0.8623376488685608
YOL061W,YCL048W,0,-4.860462,0.1034637913107872,0.9956709742546082,0.8627705574035645
YIL069C,YMR322C,0,-4.88385,0.10341726988554001,0.9956709742546082,0.8632034659385681
YKL006C-A,YNL065W,0,-4.891759,0.1033707857131958,0.9956709742546082,0.8636363744735718
YMR220W,YPL198W,0,-4.8976846,0.10332434624433517,0.9956709742546082,0.8640692830085754
YNR037C,YDR395W,0,-4.9009037,0.10327795147895813,0.9956709742546082,0.8645021915435791
YML031W,YGR296W,0,-4.9020863,0.10323160141706467,0.9956709742546082,0.864935040473938
YMR015C,YDR005C,0,-4.907297,0.10318528115749359,0.9956709742546082,0.8653679490089417
YDL243C,YPR086W,0,-4.920166,0.1031390130519867,0.9956709742546082,0.8658008575439453
YFL025C,YCR031C,0,-4.921032,0.10309278219938278,0.9956709742546082,0.866233766078949
YMR053C,YFR040W,0,-4.9247713,0.10304659605026245,0.9956709742546082,0.8666666746139526
YBR069C,YJR046W,0,-4.9282494,0.1030004471540451,0.9956709742546082,0.8670995831489563
YHR096C,YCL001W,0,-4.9308953,0.10295434296131134,0.9956709742546082,0.86753249168396
YER062C,YPL040C,0,-4.9377527,0.10290827602148056,0.9956709742546082,0.8679653406143188
YKR053C,YLR075W,0,-4.9382215,0.10286225378513336,0.9956709742546082,0.8683982491493225
YGL067W,YLR435W,0,-4.939125,0.10281626880168915,0.9956709742546082,0.8688311576843262
YDR256C,YDR257C,0,-4.9512587,0.10277032852172852,0.9956709742546082,0.8692640662193298
YJL059W,YIL009W,0,-4.9578476,0.10272443294525146,0.9956709742546082,0.8696969747543335
YKL045W,YHL015W,0,-4.9745865,0.1026785746216774,0.9956709742546082,0.8701298832893372
YGR055W,YBR208C,0,-4.9773436,0.10263275355100632,0.9956709742546082,0.8705627918243408
YPR175W,YDL149W,0,-4.9816513,0.10258697718381882,0.9956709742546082,0.8709957003593445
YPL176C,YLR460C,0,-4.982416,0.1025412380695343,0.9956709742546082,0.8714285492897034
YJL059W,YCL064C,0,-4.995639,0.10249554365873337,0.9956709742546082,0.871861457824707
YLR007W,YIL011W,0,-5.005933,0.10244988650083542,0.9956709742546082,0.8722943663597107
YER041W,YLR293C,0,-5.008404,0.10240427404642105,0.9956709742546082,0.8727272748947144
YMR009W,YIL069C,0,-5.01396,0.10235869884490967,0.9956709742546082,0.873160183429718
YDR365C,YIL173W,0,-5.0189457,0.10231316834688187,0.9956709742546082,0.8735930919647217
YGL053W,YPL061W,0,-5.0236325,0.10226767510175705,0.9956709742546082,0.8740260004997253
YNL164C,YER081W,0,-5.0298786,0.10222221910953522,0.9956709742546082,0.8744588494300842
YMR063W,YPR143W,0,-5.0299234,0.10217680782079697,0.9956709742546082,0.8748917579650879
YPL058C,YNL164C,0,-5.0330453,0.1021314412355423,0.9956709742546082,0.8753246665000916
YER143W,YKR095W,0,-5.050396,0.10208610445261002,0.9956709742546082,0.8757575750350952
YDR528W,YDR406W,0,-5.0527983,0.10204081982374191,0.9956709742546082,0.8761904835700989
YIL053W,YJL058C,0,-5.0701094,0.1019955649971962,0.9956709742546082,0.8766233921051025
YPR110C,YNL167C,0,-5.0710487,0.10195035487413406,0.9956709742546082,0.8770563006401062
YGR205W,YOR236W,0,-5.0762463,0.10190518200397491,0.9956709742546082,0.8774891495704651
YPL169C,YOL126C,0,-5.098836,0.10186005383729935,0.9956709742546082,0.8779220581054688
YOR156C,YIL009W,0,-5.107316,0.10181496292352676,0.9956709742546082,0.8783549666404724
YHL015W,YPL040C,0,-5.110487,0.10176990926265717,0.9956709742546082,0.8787878751754761
YML101C,YBR028C,0,-5.1113257,0.10172490030527115,0.9956709742546082,0.8792207837104797
YER028C,YOR341W,0,-5.1267166,0.10167992860078812,0.9956709742546082,0.8796536922454834
YMR059W,YER060W,0,-5.131417,0.10163499414920807,0.9956709742546082,0.8800866007804871
YDR517W,YDR234W,0,-5.1327705,0.1015901044011116,0.9956709742546082,0.8805195093154907
YKL185W,YER123W,0,-5.1387806,0.10154525190591812,0.9956709742546082,0.8809523582458496
YOR267C,YHR169W,0,-5.139007,0.10150044411420822,0.9956709742546082,0.8813852667808533
YGR235C,YLR143W,0,-5.1453075,0.10145566612482071,0.9956709742546082,0.8818181753158569
YJL212C,YLR247C,0,-5.1479683,0.10141093283891678,0.9956709742546082,0.8822510838508606
YDR213W,YNL181W,0,-5.151088,0.10136624425649643,0.9956709742546082,0.8826839923858643
YJR073C,YDR160W,0,-5.15842,0.10132158547639847,0.9956709742546082,0.8831169009208679
YEL024W,YHL025W,0,-5.1635656,0.10127697139978409,0.9956709742546082,0.8835498094558716
YBR162C,YPL040C,0,-5.1646137,0.10123239457607269,0.9956709742546082,0.8839826583862305
YPL198W,YNL130C,0,-5.1711483,0.10118785500526428,0.9956709742546082,0.8844155669212341
YGL067W,YMR015C,0,-5.1804876,0.10114336013793945,0.9956709742546082,0.8848484754562378
YOR383C,YLL014W,0,-5.1824284,0.10109890252351761,0.9956709742546082,0.8852813839912415
YPL280W,YDR301W,0,-5.182636,0.10105448216199875,0.9956709742546082,0.8857142925262451
YBL080C,YFL026W,0,-5.1836166,0.10101009905338287,0.9956709742546082,0.8861472010612488
YJL045W,YHR201C,0,-5.2164683,0.10096576064825058,0.9956709742546082,0.8865801095962524
YBR005W,YNL173C,0,-5.229005,0.10092145949602127,0.9956709742546082,0.8870129585266113
YBR121C,YNL251C,1,-5.234968,0.10131578892469406,1.0,0.8870129585266113
YGL104C,YAR033W,0,-5.245615,0.1012713685631752,1.0,0.887445867061615
YBR005W,YDR273W,0,-5.247266,0.10122699290513992,1.0,0.8878787755966187
YLR193C,YPR010C,0,-5.2490807,0.10118265450000763,1.0,0.8883116841316223
YER033C,YGL096W,0,-5.252493,0.10113835334777832,1.0,0.888744592666626
YER062C,YCL051W,0,-5.2558703,0.101094089448452,1.0,0.8891775012016296
YHR170W,YKR083C,0,-5.2609377,0.10104987025260925,1.0,0.8896104097366333
YPL140C,YOR247W,0,-5.2673244,0.1010056808590889,1.0,0.890043318271637
YCR091W,YDR317W,0,-5.272347,0.10096153616905212,1.0,0.8904761672019958
YBR218C,YGL171W,0,-5.2759314,0.10091742873191833,1.0,0.8909090757369995
YGL171W,YJL083W,0,-5.280109,0.10087336599826813,1.0,0.8913419842720032
YGR174C,YDR469W,0,-5.287445,0.10082933306694031,1.0,0.8917748928070068
YDR091C,YKL134C,0,-5.290819,0.10078533738851547,1.0,0.8922078013420105
YCR031C,YNL246W,0,-5.306016,0.10074138641357422,1.0,0.8926407098770142
YBL087C,YCR065W,0,-5.3091364,0.10069747269153595,1.0,0.8930736184120178
YFR034C,YKL051W,0,-5.3114586,0.10065359622240067,1.0,0.8935064673423767
YDR471W,YLR056W,0,-5.318104,0.10060975700616837,1.0,0.8939393758773804
YHR120W,YJL026W,0,-5.3241377,0.10056595504283905,1.0,0.894372284412384
YER033C,YOL052C-A,0,-5.325333,0.10052219033241272,1.0,0.8948051929473877
YNL164C,YIL018W,0,-5.340794,0.10047847032546997,1.0,0.8952381014823914
YLR004C,YGL105W,0,-5.341786,0.10043478012084961,1.0,0.895671010017395
YLR315W,YIL053W,0,-5.3495502,0.10039113461971283,1.0,0.8961039185523987
YML100W,YLR059C,0,-5.357623,0.10034752637147903,1.0,0.8965367674827576
YLR092W,YPL010W,0,-5.3654203,0.10030394792556763,1.0,0.8969696760177612
YOL154W,YOR136W,0,-5.3661814,0.1002604141831398,1.0,0.8974025845527649
YKL062W,YAR033W,0,-5.377877,0.10021691769361496,1.0,0.8978354930877686
YBR162W-A,YNL025C,0,-5.3795824,0.1001734584569931,1.0,0.8982684016227722
YBR279W,YDR471W,0,-5.3859406,0.10013003647327423,1.0,0.8987013101577759
YGL005C,YOL052C-A,0,-5.3948317,0.10008665174245834,1.0,0.8991342186927795
YGL076C,YFR050C,0,-5.396211,0.10004331171512604,1.0,0.8995671272277832
YPL224C,YML031W,0,-5.4080873,0.10000000149011612,1.0,0.8999999761581421
YMR215W,YDR350C,0,-5.413212,0.09995672851800919,1.0,0.9004328846931458
YMR261C,YNL065W,0,-5.435189,0.09991349279880524,1.0,0.9008657932281494
YPR143W,YGR017W,0,-5.441193,0.09987030178308487,1.0,0.9012987017631531
YBL013W,YDR040C,0,-5.4527884,0.09982714056968689,1.0,0.9017316102981567
YBR295W,YGL105W,0,-5.47659,0.0997840166091919,1.0,0.9021645188331604
YLR347C,YPL018W,0,-5.4780803,0.09974092990159988,1.0,0.9025974273681641
YMR175W,YMR230W,0,-5.483857,0.09969788789749146,1.0,0.903030276298523
YGR174C,YDR259C,0,-5.4887123,0.09965487569570541,1.0,0.9034631848335266
YLR333C,YLR248W,0,-5.4920406,0.09961190074682236,1.0,0.9038960933685303
YIL118W,YGR138C,0,-5.5178037,0.09956896305084229,1.0,0.9043290019035339
YLR167W,YDR437W,0,-5.524249,0.0995260700583458,1.0,0.9047619104385376
YGL063W,YOR078W,0,-5.539691,0.09948320686817169,1.0,0.9051948189735413
YDR178W,YGL092W,0,-5.542933,0.09944038093090057,1.0,0.9056277275085449
YPL138C,YDR516C,0,-5.5450654,0.09939759224653244,1.0,0.9060605764389038
YPL138C,YMR131C,0,-5.547703,0.09935484081506729,1.0,0.9064934849739075
YMR232W,YDR500C,0,-5.6000233,0.09931212663650513,1.0,0.9069263935089111
YJL216C,YCR005C,0,-5.6017175,0.09926944226026535,1.0,0.9073593020439148
YPL120W,YKL060C,0,-5.602992,0.09922680258750916,1.0,0.9077922105789185
YBR248C,YOL052C-A,0,-5.603134,0.09918420016765594,1.0,0.9082251191139221
YOL121C,YDL139C,0,-5.6080365,0.09914162755012512,1.0,0.9086580276489258
YPR067W,YGL171W,0,-5.608867,0.09909909963607788,1.0,0.9090909361839294
YHR110W,YDR273W,0,-5.613224,0.09905660152435303,1.0,0.9095237851142883
YDR377W,YDR303C,0,-5.617452,0.09901414811611176,1.0,0.909956693649292
YAL026C,YCL054W,0,-5.64106,0.09897172451019287,1.0,0.9103896021842957
YNL183C,YLR044C,0,-5.652356,0.09892933815717697,1.0,0.9108225107192993
YLL026W,YCR105W,0,-5.6535015,0.09888698905706406,1.0,0.911255419254303
YOL032W,YDR025W,0,-5.656241,0.09884466975927353,1.0,0.9116883277893066
YGR060W,YOR249C,0,-5.6590247,0.09880239516496658,1.0,0.9121212363243103
YIL033C,YML047C,0,-5.687873,0.09876015037298203,1.0,0.9125540852546692
YHR139C,YER040W,0,-5.688446,0.09871795028448105,1.0,0.9129869937896729
YLR451W,YBR191W,0,-5.6895466,0.09867577999830246,1.0,0.9134199023246765
YJR123W,YCL064C,0,-5.706947,0.09863364696502686,1.0,0.9138528108596802
YBL013W,YGL115W,0,-5.720225,0.09859155118465424,1.0,0.9142857193946838
YGR046W,YLR044C,0,-5.722396,0.098549485206604,1.0,0.9147186279296875
YBR054W,YFR050C,0,-5.7283754,0.09850746393203735,1.0,0.9151515364646912
YMR175W,YOR081C,0,-5.729842,0.09846547245979309,1.0,0.9155844449996948
YDR023W,YGL226W,0,-5.7344694,0.09842351824045181,1.0,0.9160172939300537
YNL318C,YOL032W,0,-5.7478504,0.09838160127401352,1.0,0.9164502024650574
YML055W,YDL123W,0,-5.7490625,0.09833972156047821,1.0,0.916883111000061
YDR309C,YDL243C,0,-5.755294,0.09829787164926529,1.0,0.9173160195350647
YGR103W,YER081W,0,-5.7590017,0.09825605899095535,1.0,0.9177489280700684
YHL035C,YHL021C,0,-5.7744446,0.0982142835855484,1.0,0.918181836605072
YPL105C,YGR244C,0,-5.7847795,0.09817254543304443,1.0,0.9186147451400757
YDR235W,YFL056C,0,-5.787389,0.09813084453344345,1.0,0.9190475940704346
YGR099W,YLR056W,0,-5.801281,0.09808917343616486,1.0,0.9194805026054382
YHL017W,YKR075C,0,-5.8432474,0.09804753959178925,1.0,0.9199134111404419
YHR103W,YER028C,0,-5.8619967,0.09800594300031662,1.0,0.9203463196754456
YGL196W,YHR096C,0,-5.8771906,0.09796437621116638,1.0,0.9207792282104492
YOR335C,YGL127C,0,-5.8840637,0.09792284667491913,1.0,0.9212121367454529
YMR110C,YBR180W,0,-5.895781,0.09788135439157486,1.0,0.9216450452804565
YDL247W,YKR079C,0,-5.897588,0.09783989936113358,1.0,0.9220778942108154
YDR213W,YDR007W,0,-5.9008546,0.09779847413301468,1.0,0.9225108027458191
YDR243C,YER102W,0,-5.9296823,0.09775708615779877,1.0,0.9229437112808228
YNL221C,YGL096W,0,-5.9819374,0.09771573543548584,1.0,0.9233766198158264
YAL048C,YJL026W,0,-5.9842215,0.0976744219660759,1.0,0.9238095283508301
YNL132W,YHR106W,0,-5.987389,0.09763313829898834,1.0,0.9242424368858337
YGL139W,YDR259C,0,-5.9873924,0.09759189188480377,1.0,0.9246753454208374
YOR267C,YHR148W,0,-5.993195,0.09755067527294159,1.0,0.9251082539558411
YDR471W,YPL130W,0,-6.0028005,0.09750949591398239,1.0,0.9255411028862
YDL220C,YPR010C,0,-6.025506,0.09746835380792618,1.0,0.9259740114212036
YFR047C,YDL123W,0,-6.0367894,0.09742724895477295,1.0,0.9264069199562073
YKR049C,YKR095W,0,-6.048976,0.09738617390394211,1.0,0.9268398284912109
YKL062W,YPL061W,0,-6.071366,0.09734513610601425,1.0,0.9272727370262146
YOR227W,YHL025W,0,-6.0836105,0.09730412811040878,1.0,0.9277056455612183
YGR161C,YER081W,0,-6.085902,0.0972631573677063,1.0,0.9281385540962219
YLR118C,YKL032C,0,-6.0941243,0.0972222238779068,1.0,0.9285714030265808
YBR054W,YDR179C,0,-6.104682,0.09718132019042969,1.0,0.9290043115615845
YJR046W,YNL278W,0,-6.1060057,0.09714045375585556,1.0,0.9294372200965881
YMR232W,YBR015C,0,-6.11322,0.09709962457418442,1.0,0.9298701286315918
YDR516C,YJR046W,0,-6.1206465,0.09705882519483566,1.0,0.9303030371665955
YDL113C,YJL208C,0,-6.127261,0.09701806306838989,1.0,0.9307359457015991
YPR169W,YGR044C,0,-6.132677,0.09697733074426651,1.0,0.9311688542366028
YNL031C,YFR040W,0,-6.1451283,0.09693663567304611,1.0,0.9316017031669617
YBR114W,YHR197W,0,-6.160422,0.0968959704041481,1.0,0.9320346117019653
YKR049C,YJR054W,0,-6.161953,0.09685534238815308,1.0,0.932467520236969
YOR027W,YGR165W,0,-6.203016,0.09681475162506104,1.0,0.9329004287719727
YIR019C,YPL239W,0,-6.2102757,0.09677419066429138,1.0,0.9333333373069763
YKL016C,YDL209C,0,-6.2163334,0.09673366695642471,1.0,0.93376624584198
YOR177C,YBR034C,0,-6.2164545,0.09669318050146103,1.0,0.9341991543769836
YBL013W,YHR111W,0,-6.218649,0.09665271639823914,1.0,0.9346320629119873
YAR033W,YOR273C,0,-6.219307,0.09661229699850082,1.0,0.9350649118423462
YIL022W,YIL107C,0,-6.2207727,0.0965719074010849,1.0,0.9354978203773499
YLR102C,YJR109C,0,-6.2370157,0.09653154760599136,1.0,0.9359307289123535
YDR129C,YPL130W,0,-6.242987,0.09649122506380081,1.0,0.9363636374473572
YER123W,YLR056W,0,-6.248002,0.09645093977451324,1.0,0.9367965459823608
YPL141C,YHR001W-A,0,-6.2490025,0.09641068428754807,1.0,0.9372294545173645
YLR377C,YPR037C,0,-6.251541,0.09637046605348587,1.0,0.9376623630523682
YGL189C,YBR029C,0,-6.2580776,0.09633027762174606,1.0,0.938095211982727
YBR218C,YLR175W,0,-6.2885046,0.09629011899232864,1.0,0.9385281205177307
YML127W,YBR169C,0,-6.2913094,0.09624999761581421,1.0,0.9389610290527344
YBR086C,YEL039C,0,-6.292197,0.09620991349220276,1.0,0.939393937587738
YBR046C,YHR193C,0,-6.3162146,0.0961698591709137,1.0,0.9398268461227417
YPL171C,YML127W,0,-6.3223906,0.09612983465194702,1.0,0.9402597546577454
YGR170W,YOL084W,0,-6.3488092,0.09608984738588333,1.0,0.940692663192749
YMR076C,YPL043W,0,-6.354471,0.09604989737272263,1.0,0.9411255121231079
YJL012C,YDL243C,0,-6.371308,0.09600997716188431,1.0,0.9415584206581116
YAL015C,YGR138C,0,-6.407095,0.09597008675336838,1.0,0.9419913291931152
YPL221W,YBR121C,0,-6.4184136,0.09593023359775543,1.0,0.9424242377281189
YOR335C,YOR113W,0,-6.422202,0.09589041024446487,1.0,0.9428571462631226
YPR110C,YDR019C,0,-6.430093,0.0958506241440773,1.0,0.9432900547981262
YDL160C,YDR179C,0,-6.438535,0.09581086784601212,1.0,0.9437229633331299
YIL033C,YCR021C,0,-6.456139,0.09577114135026932,1.0,0.9441558718681335
YPL133C,YJR109C,0,-6.46272,0.0957314521074295,1.0,0.9445887207984924
YPR173C,YOL132W,0,-6.4715652,0.09569180011749268,1.0,0.9450216293334961
YPL036W,YIL043C,0,-6.5150146,0.09565217047929764,1.0,0.9454545378684998
YKL029C,YPL173W,0,-6.5231028,0.09561258554458618,1.0,0.9458874464035034
YOR018W,YDR002W,0,-6.5294714,0.09557302296161652,1.0,0.9463203549385071
YJL001W,YBR121C,0,-6.5569773,0.09553349763154984,1.0,0.9467532634735107
YDL235C,YNL194C,0,-6.5687943,0.09549400210380554,1.0,0.9471861720085144
YHR169W,YOR357C,0,-6.5811186,0.09545454382896423,1.0,0.9476190209388733
YBR191W,YGL064C,0,-6.598512,0.09541511535644531,1.0,0.948051929473877
YNL243W,YDR091C,0,-6.6174994,0.09537572413682938,1.0,0.9484848380088806
YOR018W,YLR409C,0,-6.6228676,0.09533636271953583,1.0,0.9489177465438843
YAL030W,YIL130W,0,-6.623952,0.09529703110456467,1.0,0.9493506550788879
YOR129C,YDR365C,0,-6.635558,0.0952577292919159,1.0,0.9497835636138916
YOL084W,YLR288C,0,-6.6375995,0.0952184647321701,1.0,0.9502164721488953
YOR045W,YGL096W,0,-6.653698,0.0951792299747467,1.0,0.9506493210792542
YBR114W,YBR121C,0,-6.667577,0.09514003247022629,1.0,0.9510822296142578
YMR318C,YJL078C,0,-6.667821,0.09510086476802826,1.0,0.9515151381492615
YBR169C,YDR397C,0,-6.704049,0.09506172686815262,1.0,0.9519480466842651
YOL084W,YER149C,0,-6.718724,0.09502262622117996,1.0,0.9523809552192688
YDL243C,YHL015W,0,-6.736594,0.0949835553765297,1.0,0.9528138637542725
YJL012C,YDL124W,0,-6.745325,0.09494451433420181,1.0,0.9532467722892761
YNL199C,YDR204W,0,-6.748171,0.09490550309419632,1.0,0.9536796808242798
YAL011W,YKR049C,0,-6.755498,0.09486652910709381,1.0,0.9541125297546387
YLR367W,YKL134C,0,-6.774646,0.09482758492231369,1.0,0.9545454382896423
YFL011W,YDR188W,0,-6.8111005,0.09478867799043655,1.0,0.954978346824646
YOR016C,YEL039C,0,-6.818143,0.09474979341030121,1.0,0.9554112553596497
YGL063W,YLR196W,0,-6.8243675,0.09471094608306885,1.0,0.9558441638946533
YLR131C,YMR009W,0,-6.9059515,0.09467212855815887,1.0,0.956277072429657
YGR142W,YBR191W,0,-6.907686,0.09463334828615189,1.0,0.9567099809646606
YHR157W,YJL001W,0,-6.9127536,0.09459459781646729,1.0,0.9571428298950195
YCL039W,YGL111W,0,-6.912951,0.09455587714910507,1.0,0.9575757384300232
YLR293C,YKL039W,0,-6.917639,0.09451718628406525,1.0,0.9580086469650269
YCR086W,YLR175W,0,-6.9181213,0.09447852522134781,1.0,0.9584415555000305
YER044C-A,YEL039C,0,-6.9250107,0.09443990141153336,1.0,0.9588744640350342
YPL115C,YLR175W,0,-6.9611444,0.09440130740404129,1.0,0.9593073725700378
YDR517W,YNL065W,0,-6.9838257,0.09436274319887161,1.0,0.9597402811050415
YML057W,YGR211W,0,-6.9879446,0.09432421624660492,1.0,0.9601731896400452
YJR073C,YOR119C,0,-6.9938793,0.09428571164608002,1.0,0.960606038570404
YFR047C,YLR150W,0,-7.0128937,0.0942472442984581,1.0,0.9610389471054077
YDR516C,YGR083C,0,-7.0326185,0.09420880675315857,1.0,0.9614718556404114
YER056C,YPR155C,0,-7.0647516,0.09417040646076202,1.0,0.961904764175415
YDR256C,YMR001C,0,-7.07932,0.09413202852010727,1.0,0.9623376727104187
YMR195W,YLL057C,0,-7.09004,0.0940936878323555,1.0,0.9627705812454224
YJR048W,YBL072C,0,-7.136633,0.09405537694692612,1.0,0.963203489780426
YHR190W,YCL054W,0,-7.175326,0.09401709586381912,1.0,0.9636363387107849
YEL024W,YLR189C,0,-7.2337008,0.09397884458303452,1.0,0.9640692472457886
YLR293C,YIL037C,0,-7.249325,0.0939406231045723,1.0,0.9645021557807922
YDR513W,YIL053W,0,-7.263977,0.09390243887901306,1.0,0.9649350643157959
YFL056C,YJL069C,0,-7.269301,0.09386428445577621,1.0,0.9653679728507996
YDR300C,YGL198W,0,-7.28047,0.09382615983486176,1.0,0.9658008813858032
YLR258W,YBR043C,0,-7.3104067,0.09378806501626968,1.0,0.9662337899208069
YDL091C,YPL061W,0,-7.324744,0.09375,1.0,0.9666666388511658
YGL093W,YHR193C,0,-7.3310657,0.0937119647860527,1.0,0.9670995473861694
YER179W,YNL118C,0,-7.423403,0.09367396682500839,1.0,0.9675324559211731
YJR041C,YPL100W,0,-7.4416165,0.09363599866628647,1.0,0.9679653644561768
YLR377C,YHR133C,0,-7.4443398,0.09359805285930634,1.0,0.9683982729911804
YOR341W,YER015W,0,-7.517039,0.09356014430522919,1.0,0.9688311815261841
YDR280W,YDR273W,0,-7.5405684,0.09352226555347443,1.0,0.9692640900611877
YDL081C,YCL016C,0,-7.5898542,0.09348441660404205,1.0,0.9696969985961914
YPR154W,YJL110C,0,-7.6413727,0.09344660490751266,1.0,0.9701298475265503
YPL049C,YCR005C,0,-7.686021,0.09340881556272507,1.0,0.970562756061554
YOR049C,YER127W,0,-7.6934657,0.09337105602025986,1.0,0.9709956645965576
YGL096W,YLR019W,0,-7.7001705,0.09333333373069763,1.0,0.9714285731315613
YIL148W,YKR052C,0,-7.7245193,0.0932956412434578,1.0,0.9718614816665649
YOR136W,YNL062C,0,-7.751685,0.09325797110795975,1.0,0.9722943902015686
YAL015C,YGL078C,0,-7.8089275,0.09322033822536469,1.0,0.9727272987365723
YOR357C,YBR191W,0,-7.817589,0.09318273514509201,1.0,0.9731601476669312
YOL144W,YDR019C,0,-7.8726664,0.09314516186714172,1.0,0.9735930562019348
YGR060W,YHR157W,0,-7.873334,0.09310761839151382,1.0,0.9740259647369385
YLR411W,YDR300C,0,-7.876562,0.09307010471820831,1.0,0.9744588732719421
YMR230W,YPL006W,0,-7.884042,0.09303262084722519,1.0,0.9748917818069458
YOR207C,YNR019W,0,-7.941595,0.09299516677856445,1.0,0.9753246903419495
YJR123W,YDR122W,0,-7.950537,0.0929577499628067,1.0,0.9757575988769531
YIL011W,YHL035C,0,-7.951437,0.09292035549879074,1.0,0.976190447807312
YHR170W,YOR113W,0,-7.9538503,0.09288299083709717,1.0,0.9766233563423157
YAL002W,YKL006W,0,-7.9693203,0.09284565597772598,1.0,0.9770562648773193
YDR268W,YLR249W,0,-8.053877,0.09280835837125778,1.0,0.977489173412323
YNL194C,YOL061W,0,-8.091535,0.09277108311653137,1.0,0.9779220819473267
YOR247W,YKL129C,0,-8.152637,0.09273384511470795,1.0,0.9783549904823303
YLR258W,YPL193W,0,-8.161617,0.09269662946462631,1.0,0.978787899017334
YGL025C,YCR021C,0,-8.187255,0.09265944361686707,1.0,0.9792208075523376
YIL013C,YLR258W,0,-8.194263,0.0926222950220108,1.0,0.9796536564826965
YER062C,YMR322C,0,-8.212689,0.09258516877889633,1.0,0.9800865650177002
YDR190C,YPL221W,0,-8.229306,0.09254807978868484,1.0,0.9805194735527039
YKL026C,YNL233W,0,-8.265871,0.09251101315021515,1.0,0.9809523820877075
YOR247W,YOR258W,0,-8.444867,0.09247397631406784,1.0,0.9813852906227112
YNR019W,YLR409C,0,-8.497823,0.09243697673082352,1.0,0.9818181991577148
YOR027W,YFL026W,0,-8.5439205,0.09239999949932098,1.0,0.9822511076927185
YOR267C,YDR300C,0,-8.610031,0.09236305207014084,1.0,0.9826839566230774
YBR295W,YNL066W,0,-8.6653385,0.09232614189386368,1.0,0.983116865158081
YHR149C,YGR138C,0,-8.753847,0.09228925406932831,1.0,0.9835497736930847
YPL171C,YGL246C,0,-8.765139,0.09225239604711533,1.0,0.9839826822280884
YGL073W,YLR175W,0,-8.765789,0.09221556782722473,1.0,0.984415590763092
YKL150W,YHR157W,0,-8.894154,0.09217876940965652,1.0,0.9848484992980957
YDR345C,YGR174C,0,-8.896578,0.0921420007944107,1.0,0.9852814078330994
YKL134C,YLR058C,0,-8.909803,0.09210526198148727,1.0,0.9857142567634583
YLR258W,YKL197C,0,-8.975571,0.09206855297088623,1.0,0.9861471652984619
YCR005C,YOR271C,0,-9.099346,0.09203187376260757,1.0,0.9865800738334656
YDR019C,YHR193C,0,-9.170781,0.0919952243566513,1.0,0.9870129823684692
YLR284C,YLR056W,0,-9.34068,0.09195859730243683,1.0,0.9874458909034729
YEL039C,YDL209C,0,-9.343283,0.09192200750112534,1.0,0.9878787994384766
YGL076C,YDR343C,0,-9.355392,0.09188544005155563,1.0,0.9883117079734802
YLR185W,YNL025C,0,-9.357506,0.09184890985488892,1.0,0.9887446165084839
YLR377C,YBL072C,0,-9.423105,0.09181240200996399,1.0,0.9891774654388428
YDR513W,YLR432W,0,-9.658517,0.09177592396736145,1.0,0.9896103739738464
YHR096C,YPL183C,0,-9.667681,0.0917394757270813,1.0,0.9900432825088501
YBR046C,YDR361C,0,-9.921368,0.09170305728912354,1.0,0.9904761910438538
YDR439W,YFR053C,0,-10.142513,0.09166666865348816,1.0,0.9909090995788574
YGR138C,YNR053C,0,-10.231445,0.09163030236959457,1.0,0.9913420081138611
YNL142W,YNR053C,0,-10.361025,0.09159397333860397,1.0,0.9917749166488647
YLR299W,YLR150W,0,-10.378359,0.09155766665935516,1.0,0.9922077655792236
YBR046C,YDR399W,0,-10.57734,0.09152139723300934,1.0,0.9926406741142273
YDR361C,YCL035C,0,-10.852791,0.0914851501584053,1.0,0.993073582649231
YGL189C,YLR411W,0,-10.857942,0.09144893288612366,1.0,0.9935064911842346
YOR264W,YGR161C,0,-10.880951,0.0914127454161644,1.0,0.9939393997192383
YIL119C,YFR053C,0,-10.972067,0.09137658029794693,1.0,0.9943723082542419
YBL087C,YKR049C,0,-11.537584,0.09134045243263245,1.0,0.9948052167892456
YMR105C,YER159C,0,-11.571444,0.09130434691905975,1.0,0.9952380657196045
YMR261C,YLR068W,0,-11.741451,0.09126827120780945,1.0,0.9956709742546082
YNR019W,YBR191W,0,-12.077076,0.09123222529888153,1.0,0.9961038827896118
YOR273C,YGR211W,0,-12.089886,0.091196209192276,1.0,0.9965367913246155
YDL223C,YOR271C,0,-12.706289,0.09116022288799286,1.0,0.9969696998596191
YGR204W,YCR021C,0,-12.858988,0.09112425893545151,1.0,0.9974026083946228
YNR024W,YGR161C,0,-13.271807,0.09108832478523254,1.0,0.9978355169296265
YOR091W,YMR261C,0,-13.274717,0.09105242043733597,1.0,0.9982684254646301
YBR162C,YOL052C-A,0,-15.738803,0.09101654589176178,1.0,0.998701274394989
YNR038W,YFR053C,0,-15.96851,0.09098070114850998,1.0,0.9991341829299927
YDL081C,YDR204W,0,-18.451393,0.09094487875699997,1.0,0.9995670914649963
YMR105C,YLR150W,0,-18.613878,0.09090909361839294,1.0,1.0
