Gene A,Gene B,Label,Score,Precision,Recall,False Positive Rate
YGL092W,YML103C,1,-1.7229692,1.0,0.0010000000474974513,0.0
YGL105W,YPL169C,1,-2.0961373,1.0,0.0020000000949949026,0.0
YGL092W,YMR129W,1,-2.195865,1.0,0.003000000026077032,0.0
YPL169C,YGL092W,1,-2.3492153,1.0,0.004000000189989805,0.0
YJL061W,YKL214C,1,-2.4257815,1.0,0.004999999888241291,0.0
YKL160W,YPL237W,0,-2.4971542,0.8333333134651184,0.004999999888241291,9.999999747378752e-05
YGR276C,YBR095C,0,-2.558589,0.7142857313156128,0.004999999888241291,0.00019999999494757503
YNL085W,YNL016W,0,-2.5926077,0.625,0.004999999888241291,0.0003000000142492354
YNL004W,YBL079W,1,-2.6260986,0.6666666865348816,0.006000000052154064,0.0003000000142492354
YJL061W,YNL139C,1,-2.6364117,0.699999988079071,0.007000000216066837,0.0003000000142492354
YGL105W,YCL011C,1,-2.673857,0.7272727489471436,0.00800000037997961,0.0003000000142492354
YIL115C,YMR235C,1,-2.6749756,0.75,0.008999999612569809,0.0003000000142492354
YJL041W,YJL061W,1,-2.6919553,0.7692307829856873,0.009999999776482582,0.0003000000142492354
YDR036C,YDL217C,0,-2.6948738,0.7142857313156128,0.009999999776482582,0.00039999998989515007
YPL169C,YGL172W,1,-2.6977172,0.7333333492279053,0.010999999940395355,0.00039999998989515007
YER105C,YBL079W,1,-2.732015,0.75,0.012000000104308128,0.00039999998989515007
YPL178W,YPL129W,0,-2.7409968,0.7058823704719543,0.012000000104308128,0.0005000000237487257
YJL041W,YBL079W,1,-2.784071,0.7222222089767456,0.013000000268220901,0.0005000000237487257
YLR314C,YLR181C,0,-2.7884035,0.6842105388641357,0.013000000268220901,0.0006000000284984708
YMR033W,YNR011C,0,-2.8193166,0.6499999761581421,0.013000000268220901,0.000699999975040555
YJL041W,YGL092W,1,-2.8289618,0.6666666865348816,0.014000000432133675,0.000699999975040555
YMR116C,YOR085W,0,-2.8469172,0.6363636255264282,0.014000000432133675,0.0007999999797903001
YGL105W,YMR235C,1,-2.8518214,0.6521739363670349,0.014999999664723873,0.0007999999797903001
YGL195W,YGL207W,0,-2.8682978,0.625,0.014999999664723873,0.0008999999845400453
YML065W,YDR346C,0,-2.86845,0.6000000238418579,0.014999999664723873,0.0010000000474974513
YDL143W,YIR008C,0,-2.8687196,0.5769230723381042,0.014999999664723873,0.0010999999940395355
YCL011C,YGL100W,1,-2.8785255,0.5925925970077515,0.01600000075995922,0.0010999999940395355
YOR046C,YIL115C,1,-2.890898,0.6071428656578064,0.017000000923871994,0.0010999999940395355
YOR112W,YMR235C,1,-2.897156,0.6206896305084229,0.017999999225139618,0.0010999999940395355
YER107C,YKL057C,1,-2.9074962,0.6333333253860474,0.01899999938905239,0.0010999999940395355
YDR174W,YNL244C,0,-2.908432,0.6129032373428345,0.01899999938905239,0.0012000000569969416
YER107C,YMR129W,1,-2.9111257,0.625,0.019999999552965164,0.0012000000569969416
YKR082W,YGL172W,1,-2.9111848,0.6363636255264282,0.020999999716877937,0.0012000000569969416
YPR163C,YOR045W,0,-2.9135144,0.6176470518112183,0.020999999716877937,0.0013000000035390258
YKL068W,YGL172W,1,-2.924868,0.6285714507102966,0.02199999988079071,0.0013000000035390258
YJR042W,YKL214C,1,-2.9349627,0.6388888955116272,0.023000000044703484,0.0013000000035390258
YPL169C,YMR129W,1,-2.9444067,0.6486486196517944,0.024000000208616257,0.0013000000035390258
YMR237W,YBR127C,0,-2.9465222,0.6315789222717285,0.024000000208616257,0.00139999995008111
YBR192W,YMR235C,1,-2.954017,0.6410256624221802,0.02500000037252903,0.00139999995008111
YNL004W,YBR192W,1,-2.9664392,0.6499999761581421,0.026000000536441803,0.00139999995008111
YIL115C,YMR129W,1,-2.969236,0.6585366129875183,0.027000000700354576,0.00139999995008111
YER105C,YDL084W,1,-2.979677,0.6666666865348816,0.02800000086426735,0.00139999995008111
YCL011C,YGL092W,1,-2.9822428,0.6744186282157898,0.028999999165534973,0.00139999995008111
YPR088C,YMR125W,0,-2.9993622,0.6590909361839294,0.028999999165534973,0.001500000013038516
YBL006C,YJL124C,0,-3.0009837,0.644444465637207,0.028999999165534973,0.0015999999595806003
YPL169C,YGL100W,1,-3.002198,0.6521739363670349,0.029999999329447746,0.0015999999595806003
YOR160W,YML103C,1,-3.0181377,0.6595744490623474,0.03099999949336052,0.0015999999595806003
YER148W,YML015C,0,-3.0266218,0.6458333134651184,0.03099999949336052,0.0017000000225380063
YGL105W,YGL092W,1,-3.0410388,0.6530612111091614,0.03200000151991844,0.0017000000225380063
YML103C,YKL214C,1,-3.0415456,0.6600000262260437,0.032999999821186066,0.0017000000225380063
YNL004W,YJR042W,1,-3.0465252,0.6666666865348816,0.03400000184774399,0.0017000000225380063
YDL088C,YGL172W,1,-3.0512276,0.6730769276618958,0.03500000014901161,0.0017000000225380063
YJL041W,YJR042W,1,-3.0524597,0.6792452931404114,0.035999998450279236,0.0017000000225380063
YKL057C,YIL115C,1,-3.0639558,0.6851851940155029,0.03700000047683716,0.0017000000225380063
YLR418C,YDL031W,0,-3.067562,0.6727272868156433,0.03700000047683716,0.0017999999690800905
YPL237W,YNL229C,0,-3.069922,0.6607142686843872,0.03700000047683716,0.0019000000320374966
YDL088C,YMR308C,1,-3.0739782,0.6666666865348816,0.03799999877810478,0.0019000000320374966
YBR034C,YJL061W,1,-3.0741525,0.6724137663841248,0.039000000804662704,0.0019000000320374966
YGL100W,YDL084W,1,-3.0750341,0.6779661178588867,0.03999999910593033,0.0019000000320374966
YNL059C,YDL092W,0,-3.078265,0.6666666865348816,0.03999999910593033,0.0020000000949949026
YGR119C,YJL061W,1,-3.0802648,0.6721311211585999,0.04100000113248825,0.0020000000949949026
YGL092W,YER105C,1,-3.0893335,0.6774193644523621,0.041999999433755875,0.0020000000949949026
YCL011C,YKR082W,1,-3.0956993,0.682539701461792,0.0430000014603138,0.0020000000949949026
YER017C,YLR023C,0,-3.100322,0.671875,0.0430000014603138,0.002099999925121665
YKR082W,YJL140W,1,-3.1009312,0.6769230961799622,0.04399999976158142,0.002099999925121665
YLR418C,YMR309C,0,-3.1055284,0.6666666865348816,0.04399999976158142,0.002199999988079071
YER107C,YJL061W,1,-3.108891,0.6716417670249939,0.04500000178813934,0.002199999988079071
YDL088C,YOR160W,1,-3.1199007,0.6764705777168274,0.04600000008940697,0.002199999988079071
YDL088C,YBL079W,1,-3.1201243,0.6811594367027283,0.04699999839067459,0.002199999988079071
YJL041W,YMR129W,1,-3.1221564,0.6857143044471741,0.04800000041723251,0.002199999988079071
YKL057C,YML103C,1,-3.1400547,0.6901408433914185,0.04899999871850014,0.002199999988079071
YDL213C,YER129W,0,-3.1515281,0.6805555820465088,0.04899999871850014,0.002300000051036477
YPR056W,YDR449C,0,-3.1568518,0.6712328791618347,0.04899999871850014,0.002400000113993883
YJL140W,YGL100W,1,-3.1661367,0.6756756901741028,0.05000000074505806,0.002400000113993883
YOR194C,YDR324C,0,-3.1726131,0.6666666865348816,0.05000000074505806,0.0024999999441206455
YGL172W,YJR042W,1,-3.17291,0.6710526347160339,0.050999999046325684,0.0024999999441206455
YLR342W,YOR270C,0,-3.181521,0.6623376607894897,0.050999999046325684,0.0026000000070780516
YER107C,YOR160W,1,-3.1906881,0.6666666865348816,0.052000001072883606,0.0026000000070780516
YOR112W,YGL097W,1,-3.1936505,0.6708860993385315,0.05299999937415123,0.0026000000070780516
YOR046C,YGL092W,1,-3.2026627,0.675000011920929,0.05400000140070915,0.0026000000070780516
YKL057C,YJL061W,1,-3.2065198,0.6790123581886292,0.054999999701976776,0.0026000000070780516
YGL092W,YBL079W,1,-3.2095962,0.6829268336296082,0.0560000017285347,0.0026000000070780516
YJL061W,YJL140W,1,-3.212183,0.6867470145225525,0.05700000002980232,0.0026000000070780516
YJR042W,YJL140W,1,-3.2175696,0.6904761791229248,0.057999998331069946,0.0026000000070780516
YGL092W,YJR042W,1,-3.218578,0.6941176652908325,0.05900000035762787,0.0026000000070780516
YGL092W,YGL097W,1,-3.2202811,0.6976743936538696,0.05999999865889549,0.0026000000070780516
YCL011C,YMR235C,1,-3.2265544,0.7011494040489197,0.061000000685453415,0.0026000000070780516
YGL155W,YOR159C,0,-3.2292554,0.6931818127632141,0.061000000685453415,0.0027000000700354576
YNL153C,YOR115C,0,-3.2348735,0.6853932738304138,0.061000000685453415,0.00279999990016222
YGL105W,YDL084W,1,-3.2355456,0.6888889074325562,0.06199999898672104,0.00279999990016222
YMR186W,YNL064C,0,-3.2362072,0.6813187003135681,0.06199999898672104,0.002899999963119626
YKR082W,YGL100W,1,-3.2370977,0.6847826242446899,0.06300000101327896,0.002899999963119626
YOR046C,YGL172W,1,-3.2448769,0.6881720423698425,0.06400000303983688,0.002899999963119626
YML103C,YDR381W,1,-3.2449584,0.6914893388748169,0.06499999761581421,0.002899999963119626
YOR361C,YIL109C,0,-3.2476377,0.6842105388641357,0.06499999761581421,0.003000000026077032
YGR276C,YOR001W,0,-3.2486448,0.6770833134651184,0.06499999761581421,0.003100000089034438
YDL005C,YDR245W,0,-3.2606351,0.6701030731201172,0.06499999761581421,0.0031999999191612005
YIL035C,YHR169W,0,-3.2611985,0.6632652878761292,0.06499999761581421,0.0032999999821186066
YMR047C,YGL092W,1,-3.272491,0.6666666865348816,0.06599999964237213,0.0032999999821186066
YMR047C,YJL061W,1,-3.2808065,0.6700000166893005,0.06700000166893005,0.0032999999821186066
YER122C,YHR118C,0,-3.2836177,0.6633663177490234,0.06700000166893005,0.0034000000450760126
YNL123W,YDL043C,0,-3.283824,0.656862735748291,0.06700000166893005,0.0035000001080334187
YPL169C,YGL097W,1,-3.2874074,0.6601941585540771,0.06800000369548798,0.0035000001080334187
YPL169C,YJL061W,1,-3.2882855,0.6634615659713745,0.0689999982714653,0.0035000001080334187
YKR085C,YOR224C,0,-3.2958984,0.6571428775787354,0.0689999982714653,0.003599999938160181
YGL172W,YGL100W,1,-3.2993293,0.6603773832321167,0.07000000029802322,0.003599999938160181
YGR147C,YDR412W,0,-3.305917,0.6542056202888489,0.07000000029802322,0.003700000001117587
YGL105W,YER105C,1,-3.3075817,0.6574074029922485,0.07100000232458115,0.003700000001117587
YML080W,YNL229C,0,-3.307701,0.6513761281967163,0.07100000232458115,0.003800000064074993
YPL169C,YGR119C,1,-3.3077626,0.6545454263687134,0.07199999690055847,0.003800000064074993
YOR160W,YKL057C,1,-3.3087392,0.6576576828956604,0.0729999989271164,0.003800000064074993
YOR046C,YKL214C,1,-3.309959,0.6607142686843872,0.07400000095367432,0.003800000064074993
YDR075W,YJL204C,0,-3.31086,0.6548672318458557,0.07400000095367432,0.0038999998942017555
YDL088C,YGL097W,1,-3.3126104,0.6578947305679321,0.07500000298023224,0.0038999998942017555
YOR038C,YFR001W,0,-3.31344,0.6521739363670349,0.07500000298023224,0.004000000189989805
YPL169C,YBR192W,1,-3.3160377,0.6551724076271057,0.07599999755620956,0.004000000189989805
YOR046C,YCL011C,1,-3.3198247,0.6581196784973145,0.07699999958276749,0.004000000189989805
YGL068W,YPL131W,0,-3.3210511,0.6525423526763916,0.07699999958276749,0.004100000020116568
YGR119C,YJR042W,1,-3.3253512,0.6554622054100037,0.07800000160932541,0.004100000020116568
YDL088C,YMR129W,1,-3.3260431,0.6583333611488342,0.07900000363588333,0.004100000020116568
YGL105W,YNL004W,1,-3.3292065,0.6611570119857788,0.07999999821186066,0.004100000020116568
YDL175C,YKR082W,1,-3.3353677,0.6639344096183777,0.08100000023841858,0.004100000020116568
YER107C,YBR192W,1,-3.3392696,0.6666666865348816,0.0820000022649765,0.004100000020116568
YNL004W,YMR235C,1,-3.3436208,0.6693548560142517,0.08299999684095383,0.004100000020116568
YDR331W,YNR017W,0,-3.3469794,0.6639999747276306,0.08299999684095383,0.00419999985024333
YNL004W,YML103C,1,-3.3491004,0.6666666865348816,0.08399999886751175,0.00419999985024333
YGL172W,YMR235C,1,-3.349234,0.6692913174629211,0.08500000089406967,0.00419999985024333
YGL247W,YGL172W,1,-3.3563094,0.671875,0.0860000029206276,0.00419999985024333
YDL088C,YPL169C,1,-3.3638055,0.6744186282157898,0.08699999749660492,0.00419999985024333
YDL175C,YJR042W,1,-3.3665974,0.6769230961799622,0.08799999952316284,0.00419999985024333
YJL208C,YLR150W,0,-3.367636,0.6717557311058044,0.08799999952316284,0.00430000014603138
YJL121C,YNL131W,0,-3.3690472,0.6666666865348816,0.08799999952316284,0.004399999976158142
YMR129W,YNL139C,1,-3.371975,0.6691729426383972,0.08900000154972076,0.004399999976158142
YGL097W,YDR381W,1,-3.3721063,0.6716417670249939,0.09000000357627869,0.004399999976158142
YGL092W,YIL115C,1,-3.378489,0.6740740537643433,0.09099999815225601,0.004399999976158142
YER105C,YGL097W,1,-3.3806033,0.6764705777168274,0.09200000017881393,0.004399999976158142
YGR252W,YOL125W,0,-3.3814979,0.6715328693389893,0.09200000017881393,0.0044999998062849045
YKR063C,YBR153W,0,-3.3852797,0.6666666865348816,0.09200000017881393,0.004600000102072954
YMR235C,YGL100W,1,-3.3859162,0.6690647602081299,0.09300000220537186,0.004600000102072954
YER107C,YKL186C,1,-3.386814,0.6714285612106323,0.09399999678134918,0.004600000102072954
YOR046C,YPL169C,1,-3.3873327,0.673758864402771,0.0949999988079071,0.004600000102072954
YDL088C,YGL100W,1,-3.3962426,0.6760563254356384,0.09600000083446503,0.004600000102072954
YNL129W,YLR262C,0,-3.3988323,0.6713286638259888,0.09600000083446503,0.004699999932199717
YPR019W,YDR331W,0,-3.4033306,0.6666666865348816,0.09600000083446503,0.004800000227987766
YPR019W,YAL035W,0,-3.4041119,0.6620689630508423,0.09600000083446503,0.004900000058114529
YLR459W,YER072W,0,-3.405478,0.6575342416763306,0.09600000083446503,0.004999999888241291
YDL207W,YJL041W,1,-3.4071388,0.6598639488220215,0.09700000286102295,0.004999999888241291
YOR046C,YJL041W,1,-3.4095783,0.662162184715271,0.09799999743700027,0.004999999888241291
YIL115C,YKL214C,1,-3.416671,0.6644295454025269,0.0989999994635582,0.004999999888241291
YJL061W,YJR042W,1,-3.4182363,0.6666666865348816,0.10000000149011612,0.004999999888241291
YLR210W,YLR438C-A,0,-3.420002,0.6622516512870789,0.10000000149011612,0.005100000184029341
YNL004W,YJL061W,1,-3.4205465,0.6644737124443054,0.10100000351667404,0.005100000184029341
YGR119C,YBR192W,1,-3.4230337,0.6666666865348816,0.10199999809265137,0.005100000184029341
YGL106W,YEL051W,0,-3.4232485,0.6623376607894897,0.10199999809265137,0.005200000014156103
YPL169C,YML103C,1,-3.423267,0.6645161509513855,0.10300000011920929,0.005200000014156103
YCL011C,YER107C,1,-3.423417,0.6666666865348816,0.10400000214576721,0.005200000014156103
YNL258C,YJL124C,0,-3.4242122,0.662420392036438,0.10400000214576721,0.0052999998442828655
YKL160W,YDL201W,0,-3.4247403,0.6582278609275818,0.10400000214576721,0.005400000140070915
YPL169C,YKL214C,1,-3.4260983,0.6603773832321167,0.10499999672174454,0.005400000140070915
YDL088C,YDL084W,1,-3.426737,0.6625000238418579,0.10599999874830246,0.005400000140070915
YDL207W,YNL004W,1,-3.4318824,0.6645962595939636,0.10700000077486038,0.005400000140070915
YLR418C,YMR091C,0,-3.4326828,0.6604938507080078,0.10700000077486038,0.005499999970197678
YPR128C,YGL092W,1,-3.4393892,0.6625766754150391,0.1080000028014183,0.005499999970197678
YDL088C,YNL004W,1,-3.4446826,0.6646341681480408,0.10899999737739563,0.005499999970197678
YGL106W,YDR280W,0,-3.4464366,0.6606060862541199,0.10899999737739563,0.00559999980032444
YGR047C,YOR332W,0,-3.4465313,0.6566265225410461,0.10899999737739563,0.00570000009611249
YKR082W,YMR129W,1,-3.4488773,0.658682644367218,0.10999999940395355,0.00570000009611249
YKR082W,YHR167W,1,-3.4516327,0.6607142686843872,0.11100000143051147,0.00570000009611249
YGL105W,YML107C,1,-3.4592528,0.6627218723297119,0.1120000034570694,0.00570000009611249
YGL172W,YMR129W,1,-3.460319,0.6647058725357056,0.11299999803304672,0.00570000009611249
YDL198C,YGL097W,1,-3.4657452,0.6666666865348816,0.11400000005960464,0.00570000009611249
YGL068W,YDL083C,0,-3.467488,0.6627907156944275,0.11400000005960464,0.005799999926239252
YIL115C,YGL172W,1,-3.4680705,0.6647399067878723,0.11500000208616257,0.005799999926239252
YOR123C,YLR262C,0,-3.4683516,0.6609195470809937,0.11500000208616257,0.005900000222027302
YKL057C,YER105C,1,-3.4687228,0.6628571152687073,0.11599999666213989,0.005900000222027302
YPL232W,YGR024C,0,-3.469045,0.6590909361839294,0.11599999666213989,0.006000000052154064
YGL122C,YJL140W,1,-3.4778035,0.6610169410705566,0.11699999868869781,0.006000000052154064
YDL226C,YPL210C,0,-3.4778914,0.6573033928871155,0.11699999868869781,0.006099999882280827
YKR095W,YJL061W,1,-3.4798582,0.659217894077301,0.11800000071525574,0.006099999882280827
YDL088C,YKL186C,1,-3.4868257,0.6611111164093018,0.11900000274181366,0.006099999882280827
YGR119C,YMR308C,1,-3.487022,0.6629834175109863,0.11999999731779099,0.006099999882280827
YBR017C,YLR145W,0,-3.4886916,0.6593406796455383,0.11999999731779099,0.006200000178068876
YCL054W,YDR341C,0,-3.488877,0.6557376980781555,0.11999999731779099,0.006300000008195639
YGR218W,YJL061W,1,-3.492866,0.657608687877655,0.12099999934434891,0.006300000008195639
YGL122C,YJL041W,1,-3.4936233,0.6594594717025757,0.12200000137090683,0.006300000008195639
YCL011C,YGR119C,1,-3.4988618,0.6612903475761414,0.12300000339746475,0.006300000008195639
YER030W,YGL243W,0,-3.4993396,0.6577540040016174,0.12300000339746475,0.006399999838322401
YGL122C,YKL068W,1,-3.499633,0.6595744490623474,0.12399999797344208,0.006399999838322401
YIL115C,YMR308C,1,-3.5000715,0.6613756418228149,0.125,0.006399999838322401
YPL169C,YJL140W,1,-3.500561,0.6631578803062439,0.12600000202655792,0.006399999838322401
YPL244C,YKL154W,0,-3.5017333,0.6596858501434326,0.12600000202655792,0.006500000134110451
YDL088C,YKR082W,1,-3.5027695,0.6614583134651184,0.12700000405311584,0.006500000134110451
YMR070W,YOL109W,0,-3.5066156,0.6580311059951782,0.12700000405311584,0.006599999964237213
YOR046C,YGR119C,1,-3.5072212,0.6597937941551208,0.12800000607967377,0.006599999964237213
YBR034C,YGR119C,1,-3.5074625,0.6615384817123413,0.1289999932050705,0.006599999964237213
YPR128C,YER105C,1,-3.5100262,0.6632652878761292,0.12999999523162842,0.006599999964237213
YDL207W,YKL186C,1,-3.5103548,0.6649746298789978,0.13099999725818634,0.006599999964237213
YGL174W,YKL214C,1,-3.513409,0.6666666865348816,0.13199999928474426,0.006599999964237213
YGL238W,YGR147C,0,-3.515799,0.6633166074752808,0.13199999928474426,0.0066999997943639755
YDR121W,YGR186W,0,-3.517178,0.6600000262260437,0.13199999928474426,0.006800000090152025
YMR129W,YKL214C,1,-3.5171876,0.6616915464401245,0.13300000131130219,0.006800000090152025
YGR119C,YGL100W,1,-3.5199597,0.6633663177490234,0.1340000033378601,0.006800000090152025
YGR252W,YER002W,0,-3.5213838,0.6600984930992126,0.1340000033378601,0.006899999920278788
YGL105W,YBR192W,1,-3.522247,0.6617646813392639,0.13500000536441803,0.006899999920278788
YML103C,YMR129W,1,-3.5238101,0.6634146571159363,0.13600000739097595,0.006899999920278788
YEL053C,YGR264C,0,-3.525837,0.6601941585540771,0.13600000739097595,0.007000000216066837
YML107C,YMR308C,1,-3.5262518,0.6618357300758362,0.13699999451637268,0.007000000216066837
YLR418C,YOL097C,0,-3.5273128,0.6586538553237915,0.13699999451637268,0.0071000000461936
YNL048W,YOR326W,0,-3.5306695,0.6555023789405823,0.13699999451637268,0.007199999876320362
YGL226C-A,YER165W,0,-3.5321615,0.6523809432983398,0.13699999451637268,0.007300000172108412
YKR082W,YMR235C,1,-3.5322113,0.6540284156799316,0.1379999965429306,0.007300000172108412
YML103C,YMR308C,1,-3.5338748,0.6556603908538818,0.13899999856948853,0.007300000172108412
YER122C,YDL028C,0,-3.53409,0.6525821685791016,0.13899999856948853,0.007400000002235174
YML062C,YGR119C,1,-3.5352998,0.6542056202888489,0.14000000059604645,0.007400000002235174
YOR151C,YBR265W,0,-3.5399098,0.6511628031730652,0.14000000059604645,0.007499999832361937
YIL040W,YGL105W,1,-3.5399516,0.6527777910232544,0.14100000262260437,0.007499999832361937
YKL057C,YNL139C,1,-3.5403926,0.6543778777122498,0.1420000046491623,0.007499999832361937
YKR082W,YJR042W,1,-3.5427542,0.6559633016586304,0.14300000667572021,0.007499999832361937
YIL085C,YLR208W,0,-3.544413,0.6529680490493774,0.14300000667572021,0.007600000128149986
YGL122C,YGR119C,1,-3.5478764,0.6545454263687134,0.14399999380111694,0.007600000128149986
YLL034C,YJL054W,0,-3.5479274,0.651583731174469,0.14399999380111694,0.007699999958276749
YDL198C,YNL139C,1,-3.549214,0.6531531810760498,0.14499999582767487,0.007699999958276749
YGL105W,YKL214C,1,-3.5494542,0.6547085046768188,0.1459999978542328,0.007699999958276749
YLR172C,YGR024C,0,-3.5496507,0.6517857313156128,0.1459999978542328,0.007799999788403511
YGR218W,YNL004W,1,-3.5509865,0.653333306312561,0.1469999998807907,0.007799999788403511
YGR245C,YJL054W,0,-3.5543344,0.6504424810409546,0.1469999998807907,0.007899999618530273
YGL111W,YER022W,0,-3.5580916,0.6475771069526672,0.1469999998807907,0.00800000037997961
YGR217W,YPL083C,0,-3.5630865,0.6447368264198303,0.1469999998807907,0.008100000210106373
YDR381W,YKL214C,1,-3.5631006,0.6462882161140442,0.14800000190734863,0.008100000210106373
YGL253W,YJL121C,0,-3.563371,0.643478274345398,0.14800000190734863,0.008200000040233135
YJL041W,YNL139C,1,-3.5644722,0.6450216174125671,0.14900000393390656,0.008200000040233135
YBL090W,YOR209C,0,-3.5652971,0.642241358757019,0.14900000393390656,0.008299999870359898
YPL243W,YNL088W,0,-3.5669942,0.6394850015640259,0.14900000393390656,0.00839999970048666
YFR001W,YLL061W,0,-3.5682354,0.6367521286010742,0.14900000393390656,0.008500000461935997
YCL011C,YKL214C,1,-3.568301,0.6382978558540344,0.15000000596046448,0.008500000461935997
YNL121C,YIR026C,0,-3.5685096,0.6355932354927063,0.15000000596046448,0.00860000029206276
YOR210W,YLR167W,0,-3.573863,0.6329113841056824,0.15000000596046448,0.008700000122189522
YHR158C,YPL145C,0,-3.5749164,0.6302521228790283,0.15000000596046448,0.008799999952316284
YOR179C,YGL243W,0,-3.5762274,0.6276150345802307,0.15000000596046448,0.008899999782443047
YGL105W,YBR034C,1,-3.576998,0.6291666626930237,0.1509999930858612,0.008899999782443047
YCR031C,YEL026W,0,-3.577414,0.6265560388565063,0.1509999930858612,0.008999999612569809
YDR364C,YHR165C,0,-3.5778706,0.6239669322967529,0.1509999930858612,0.009100000374019146
YHR005C,YNR015W,0,-3.589076,0.6213991641998291,0.1509999930858612,0.009200000204145908
YGL245W,YOR210W,0,-3.5896776,0.618852436542511,0.1509999930858612,0.00930000003427267
YCL011C,YOR160W,1,-3.5908003,0.6204081773757935,0.15199999511241913,0.00930000003427267
YJL041W,YGL097W,1,-3.5910406,0.6219512224197388,0.15299999713897705,0.00930000003427267
YGR147C,YKR081C,0,-3.5995498,0.6194332242012024,0.15299999713897705,0.009399999864399433
YDR072C,YHL003C,0,-3.6008477,0.6169354915618896,0.15299999713897705,0.009499999694526196
YNL131W,YML001W,0,-3.6013653,0.6144578456878662,0.15299999713897705,0.009600000455975533
YBR153W,YER151C,0,-3.602825,0.6119999885559082,0.15299999713897705,0.009700000286102295
YKL057C,YGR119C,1,-3.6036794,0.613545835018158,0.15399999916553497,0.009700000286102295
YGL105W,YGL097W,1,-3.6048317,0.6150793433189392,0.1550000011920929,0.009700000286102295
YDR384C,YBR004C,0,-3.6053123,0.6126482486724854,0.1550000011920929,0.009800000116229057
YIL115C,YJR042W,1,-3.6057928,0.6141732335090637,0.15600000321865082,0.009800000116229057
YGL092W,YDR192C,1,-3.6094747,0.615686297416687,0.15700000524520874,0.009800000116229057
YOR109W,YNL201C,0,-3.6098866,0.61328125,0.15700000524520874,0.00989999994635582
YOR094W,YKL004W,0,-3.6102948,0.6108949184417725,0.15700000524520874,0.009999999776482582
YER146W,YIL039W,0,-3.6127229,0.6085271239280701,0.15700000524520874,0.010099999606609344
YNL135C,YPR052C,0,-3.6136858,0.6061776280403137,0.15700000524520874,0.010200000368058681
YJL041W,YHR167W,1,-3.6152601,0.607692301273346,0.15800000727176666,0.010200000368058681
YOR160W,YGL172W,1,-3.6160898,0.6091954112052917,0.1589999943971634,0.010200000368058681
YBR034C,YGL092W,1,-3.616543,0.6106870174407959,0.1599999964237213,0.010200000368058681
YML077W,YOL009C,0,-3.616587,0.608364999294281,0.1599999964237213,0.010300000198185444
YER112W,YLR285W,0,-3.6189485,0.6060606241226196,0.1599999964237213,0.010400000028312206
YGR167W,YPR088C,0,-3.6221614,0.6037735939025879,0.1599999964237213,0.010499999858438969
YOR160W,YNL139C,1,-3.6267753,0.6052631735801697,0.16099999845027924,0.010499999858438969
YPR128C,YJR042W,1,-3.6269822,0.6067415475845337,0.16200000047683716,0.010499999858438969
YEL015W,YBL057C,0,-3.627559,0.60447758436203,0.16200000047683716,0.010599999688565731
YGL105W,YDR381W,1,-3.6305528,0.6059479713439941,0.16300000250339508,0.010599999688565731
YGL247W,YJL061W,1,-3.631018,0.6074073910713196,0.164000004529953,0.010599999688565731
YOR046C,YJR042W,1,-3.6315496,0.6088560819625854,0.16500000655651093,0.010599999688565731
YBR245C,YCR035C,0,-3.6326632,0.6066176295280457,0.16500000655651093,0.010700000450015068
YFR001W,YOL109W,0,-3.6333218,0.6043956279754639,0.16500000655651093,0.01080000028014183
YJL041W,YMR235C,1,-3.6359818,0.6058394312858582,0.16599999368190765,0.01080000028014183
YGL105W,YKL068W,1,-3.6412005,0.607272744178772,0.16699999570846558,0.01080000028014183
YNL041C,YLR192C,0,-3.644464,0.6050724387168884,0.16699999570846558,0.010900000110268593
YJR042W,YBR192W,1,-3.645074,0.6064981818199158,0.1679999977350235,0.010900000110268593
YDR308C,YLR003C,0,-3.645483,0.6043165326118469,0.1679999977350235,0.010999999940395355
YIR008C,YOL097C,0,-3.647872,0.602150559425354,0.1679999977350235,0.011099999770522118
YNL153C,YKL006C-A,0,-3.6480792,0.6000000238418579,0.1679999977350235,0.01119999960064888
YDL143W,YEL002C,0,-3.650516,0.5978647470474243,0.1679999977350235,0.011300000362098217
YDL226C,YGL049C,0,-3.652087,0.5957446694374084,0.1679999977350235,0.01140000019222498
YLR438C-A,YLR154C,0,-3.652182,0.5936395525932312,0.1679999977350235,0.011500000022351742
YDL198C,YIL115C,1,-3.6560397,0.5950704216957092,0.16899999976158142,0.011500000022351742
YOR236W,YEL034W,0,-3.6565266,0.5929824709892273,0.16899999976158142,0.011599999852478504
YHR119W,YGL115W,0,-3.6594446,0.5909090638160706,0.16899999976158142,0.011699999682605267
YKR095W,YJL140W,1,-3.6612535,0.592334508895874,0.17000000178813934,0.011699999682605267
YOL061W,YPL045W,0,-3.663789,0.5902777910232544,0.17000000178813934,0.011800000444054604
YJL014W,YDR217C,0,-3.663912,0.5882353186607361,0.17000000178813934,0.011900000274181366
YCL011C,YJR042W,1,-3.6690118,0.5896551609039307,0.17100000381469727,0.011900000274181366
YNL062C,YKL018W,0,-3.6772213,0.5876288414001465,0.17100000381469727,0.012000000104308128
YBR167C,YPR133C,0,-3.6783054,0.585616409778595,0.17100000381469727,0.01209999993443489
YLR309C,YGL044C,0,-3.6814816,0.5836177468299866,0.17100000381469727,0.012199999764561653
YDR192C,YKL214C,1,-3.682372,0.5850340127944946,0.1720000058412552,0.012199999764561653
YGL092W,YNL139C,1,-3.6823978,0.5864406824111938,0.17299999296665192,0.012199999764561653
YIL009W,YDR116C,0,-3.6833644,0.5844594836235046,0.17299999296665192,0.012299999594688416
YKL186C,YDR381W,1,-3.6858058,0.5858585834503174,0.17399999499320984,0.012299999594688416
YML080W,YGR252W,0,-3.6879072,0.5838926434516907,0.17399999499320984,0.012400000356137753
YGL054C,YPL129W,0,-3.6879892,0.5819398164749146,0.17399999499320984,0.012500000186264515
YGL122C,YBL079W,1,-3.6894295,0.5833333134651184,0.17499999701976776,0.012500000186264515
YER126C,YDR071C,0,-3.6944153,0.5813953280448914,0.17499999701976776,0.012600000016391277
YER107C,YJR042W,1,-3.6959577,0.5827814340591431,0.17599999904632568,0.012600000016391277
YGR220C,YOR182C,0,-3.6992822,0.5808581113815308,0.17599999904632568,0.01269999984651804
YNL059C,YEL029C,0,-3.7028146,0.5789473652839661,0.17599999904632568,0.012799999676644802
YKL068W,YGR119C,1,-3.7051194,0.5803278684616089,0.1770000010728836,0.012799999676644802
YNR027W,YPL210C,0,-3.705865,0.5784313678741455,0.1770000010728836,0.012900000438094139
YGL238W,YDR279W,0,-3.7080748,0.5765472054481506,0.1770000010728836,0.013000000268220901
YOR046C,YKR082W,1,-3.7098806,0.5779221057891846,0.17800000309944153,0.013000000268220901
YDL175C,YBL079W,1,-3.7106075,0.5792880058288574,0.17900000512599945,0.013000000268220901
YGL247W,YML107C,1,-3.7119136,0.5806451439857483,0.18000000715255737,0.013000000268220901
YJL081C,YOL061W,0,-3.7128158,0.5787781476974487,0.18000000715255737,0.013100000098347664
YBR034C,YIL115C,1,-3.7143512,0.5801281929016113,0.1809999942779541,0.013100000098347664
YDR508C,YDR194C,0,-3.7143865,0.5782747864723206,0.1809999942779541,0.013199999928474426
YPL084W,YER061C,0,-3.7147272,0.5764331221580505,0.1809999942779541,0.013299999758601189
YBL018C,YPL129W,0,-3.7157788,0.5746031999588013,0.1809999942779541,0.013399999588727951
YDL207W,YIL115C,1,-3.7171144,0.5759493708610535,0.18199999630451202,0.013399999588727951
YOR299W,YMR008C,0,-3.718546,0.57413250207901,0.18199999630451202,0.013500000350177288
YBL079W,YMR129W,1,-3.718979,0.5754716992378235,0.18299999833106995,0.013500000350177288
YCL031C,YNL107W,0,-3.7251449,0.5736677050590515,0.18299999833106995,0.01360000018030405
YBR201W,YBR035C,0,-3.7269115,0.5718749761581421,0.18299999833106995,0.013700000010430813
YGR218W,YKL068W,1,-3.7276435,0.573208749294281,0.18400000035762787,0.013700000010430813
YAR002C-A,YOR254C,0,-3.729148,0.5714285969734192,0.18400000035762787,0.013799999840557575
YNL153C,YDL111C,0,-3.7292361,0.5696594715118408,0.18400000035762787,0.013899999670684338
YLR060W,YBL090W,0,-3.7299786,0.5679012537002563,0.18400000035762787,0.014000000432133675
YLR210W,YOR194C,0,-3.7301679,0.5661538243293762,0.18400000035762787,0.014100000262260437
YER013W,YMR216C,0,-3.7302864,0.5644171833992004,0.18400000035762787,0.0142000000923872
YDR192C,YJL061W,1,-3.7304301,0.5657492280006409,0.1850000023841858,0.0142000000923872
YGR083C,YBL006C,0,-3.7306545,0.5640243887901306,0.1850000023841858,0.014299999922513962
YIL040W,YGL100W,1,-3.7312837,0.5653495192527771,0.1860000044107437,0.014299999922513962
YNL258C,YDR346C,0,-3.7324274,0.5636363625526428,0.1860000044107437,0.014399999752640724
YPL008W,YLR285W,0,-3.7327259,0.5619335174560547,0.1860000044107437,0.014499999582767487
YOR160W,YDR381W,1,-3.7341533,0.5632529854774475,0.18700000643730164,0.014499999582767487
YDR093W,YBL105C,0,-3.7348077,0.5615615844726562,0.18700000643730164,0.014600000344216824
YOL095C,YOR194C,0,-3.7358103,0.559880256652832,0.18700000643730164,0.014700000174343586
YDL175C,YJL061W,1,-3.7393444,0.5611940026283264,0.18799999356269836,0.014700000174343586
YMR211W,YFR037C,0,-3.7405386,0.5595238208770752,0.18799999356269836,0.014800000004470348
YPR128C,YML103C,1,-3.740767,0.56083083152771,0.1889999955892563,0.014800000004470348
YGL247W,YJL041W,1,-3.743804,0.5621301531791687,0.1899999976158142,0.014800000004470348
YNL267W,YLR020C,0,-3.7455602,0.5604719519615173,0.1899999976158142,0.01489999983459711
YML103C,YGL097W,1,-3.7468908,0.5617647171020508,0.19099999964237213,0.01489999983459711
YJL039C,YDR135C,0,-3.7469413,0.5601173043251038,0.19099999964237213,0.014999999664723873
YML067C,YNL257C,0,-3.7484329,0.5584795475006104,0.19099999964237213,0.01510000042617321
YEL015W,YLR435W,0,-3.748882,0.556851327419281,0.19099999964237213,0.015200000256299973
YIL009W,YGR185C,0,-3.7510169,0.555232584476471,0.19099999964237213,0.015300000086426735
YPR128C,YGL172W,1,-3.7522447,0.5565217137336731,0.19200000166893005,0.015300000086426735
YJL041W,YKL214C,1,-3.7536507,0.5578034520149231,0.19300000369548798,0.015300000086426735
YGL247W,YGL092W,1,-3.7548323,0.559077799320221,0.1940000057220459,0.015300000086426735
YPL204W,YDR310C,0,-3.7557492,0.5574712753295898,0.1940000057220459,0.015399999916553497
YFR009W,YAL029C,0,-3.7583213,0.5558739304542542,0.1940000057220459,0.01549999974668026
YDL080C,YDL235C,0,-3.7611837,0.5542857050895691,0.1940000057220459,0.015599999576807022
YNL139C,YDL084W,1,-3.7620215,0.5555555820465088,0.19499999284744263,0.015599999576807022
YDR393W,YDR341C,0,-3.7625935,0.5539772510528564,0.19499999284744263,0.015699999406933784
YNL130C,YCR084C,0,-3.7636847,0.5524079203605652,0.19499999284744263,0.015799999237060547
YDL111C,YKL196C,0,-3.7658868,0.5508474707603455,0.19499999284744263,0.01590000092983246
YGR218W,YER105C,1,-3.7679756,0.5521126985549927,0.19599999487400055,0.01590000092983246
YJL076W,YJL176C,0,-3.7690096,0.550561785697937,0.19599999487400055,0.01600000075995922
YPL169C,YOR160W,1,-3.770567,0.5518207550048828,0.19699999690055847,0.01600000075995922
YGL247W,YKR082W,1,-3.7710063,0.5530726313591003,0.1979999989271164,0.01600000075995922
YMR091C,YGR082W,0,-3.772522,0.5515320301055908,0.1979999989271164,0.016100000590085983
YOR198C,YBR082C,0,-3.7741642,0.550000011920929,0.1979999989271164,0.016200000420212746
YDL088C,YOR046C,1,-3.774769,0.5512465238571167,0.19900000095367432,0.016200000420212746
YKL073W,YIL039W,0,-3.7749963,0.549723744392395,0.19900000095367432,0.016300000250339508
YKR082W,YER105C,1,-3.7755795,0.5509641766548157,0.20000000298023224,0.016300000250339508
YPR128C,YGL105W,1,-3.776511,0.5521978139877319,0.20100000500679016,0.016300000250339508
YMR060C,YNL064C,0,-3.7782097,0.550684928894043,0.20100000500679016,0.01640000008046627
YDL088C,YJR042W,1,-3.779779,0.5519125461578369,0.20200000703334808,0.01640000008046627
YNL059C,YDL111C,0,-3.7806022,0.5504087209701538,0.20200000703334808,0.016499999910593033
YPL212C,YGR241C,0,-3.7814958,0.5489130616188049,0.20200000703334808,0.016599999740719795
YOR160W,YER105C,1,-3.7829928,0.5501354932785034,0.2029999941587448,0.016599999740719795
YFL036W,YGL049C,0,-3.7859259,0.5486486554145813,0.2029999941587448,0.016699999570846558
YLR314C,YER002W,0,-3.7886434,0.5471698045730591,0.2029999941587448,0.01679999940097332
YHR034C,YLR452C,0,-3.7942147,0.5456989407539368,0.2029999941587448,0.016899999231100082
YDL088C,YGL092W,1,-3.7952666,0.5469169020652771,0.20399999618530273,0.016899999231100082
YGL105W,YKR082W,1,-3.8002872,0.5481283664703369,0.20499999821186066,0.016899999231100082
YOL017W,YKR026C,0,-3.8009963,0.54666668176651,0.20499999821186066,0.017000000923871994
YDL213C,YBR153W,0,-3.8064,0.5452127456665039,0.20499999821186066,0.017100000753998756
YEL034W,YPL145C,0,-3.813836,0.5437665581703186,0.20499999821186066,0.01720000058412552
YIL044C,YNL290W,0,-3.8155777,0.5423280596733093,0.20499999821186066,0.01730000041425228
YKR026C,YMR305C,0,-3.8160937,0.5408970713615417,0.20499999821186066,0.017400000244379044
YML077W,YGR276C,0,-3.8173308,0.5394737124443054,0.20499999821186066,0.017500000074505806
YIL040W,YGL172W,1,-3.8175373,0.5406824350357056,0.20600000023841858,0.017500000074505806
YDR138W,YIL115C,1,-3.817655,0.5418848395347595,0.2070000022649765,0.017500000074505806
YMR138W,YNR052C,0,-3.8195977,0.5404699444770813,0.2070000022649765,0.01759999990463257
YJR093C,YPL213W,0,-3.8219593,0.5390625,0.2070000022649765,0.01769999973475933
YOR046C,YGL100W,1,-3.8247068,0.5402597188949585,0.20800000429153442,0.01769999973475933
YKR082W,YKL214C,1,-3.8263488,0.5414507985115051,0.20900000631809235,0.01769999973475933
YBR060C,YOR327C,0,-3.8264573,0.5400516986846924,0.20900000631809235,0.017799999564886093
YML067C,YBR188C,0,-3.8297539,0.5386598110198975,0.20900000631809235,0.017899999395012856
YPL169C,YDL084W,1,-3.830095,0.5398457646369934,0.20999999344348907,0.017899999395012856
YCL011C,YGL097W,1,-3.8343158,0.5410256385803223,0.210999995470047,0.017899999395012856
YLL022C,YLR272C,0,-3.8350127,0.5396419167518616,0.210999995470047,0.017999999225139618
YDL088C,YBR192W,1,-3.8359838,0.5408163070678711,0.21199999749660492,0.017999999225139618
YGL247W,YDL207W,1,-3.8362384,0.5419847369194031,0.21299999952316284,0.017999999225139618
YER105C,YBR192W,1,-3.8376982,0.5431472063064575,0.21400000154972076,0.017999999225139618
YDL098C,YNL064C,0,-3.8421478,0.5417721271514893,0.21400000154972076,0.01810000091791153
YNL201C,YGL145W,0,-3.843968,0.5404040217399597,0.21400000154972076,0.018200000748038292
YER107C,YER105C,1,-3.8459764,0.5415617227554321,0.2150000035762787,0.018200000748038292
YGL105W,YMR308C,1,-3.8464348,0.5427135825157166,0.2160000056028366,0.018200000748038292
YOL088C,YMR260C,0,-3.8482175,0.5413534045219421,0.2160000056028366,0.018300000578165054
YLR378C,YNL121C,0,-3.849115,0.5400000214576721,0.2160000056028366,0.018400000408291817
YMR246W,YGL111W,0,-3.8502073,0.5386533737182617,0.2160000056028366,0.01850000023841858
YBR009C,YER049W,0,-3.8502493,0.5373134613037109,0.2160000056028366,0.01860000006854534
YGR218W,YDL198C,1,-3.8511899,0.5384615659713745,0.21699999272823334,0.01860000006854534
YHR068W,YGL054C,0,-3.8529248,0.5371286869049072,0.21699999272823334,0.018699999898672104
YOR046C,YER105C,1,-3.8535576,0.5382716059684753,0.21799999475479126,0.018699999898672104
YKL015W,YLL034C,0,-3.8547149,0.5369458198547363,0.21799999475479126,0.018799999728798866
YOR046C,YNL004W,1,-3.8549511,0.538083553314209,0.21899999678134918,0.018799999728798866
YJR076C,YPL204W,0,-3.8551323,0.5367646813392639,0.21899999678134918,0.01889999955892563
YPL178W,YGR098C,0,-3.8562307,0.5354523062705994,0.21899999678134918,0.01899999938905239
YPR019W,YIL147C,0,-3.8604014,0.5341463685035706,0.21899999678134918,0.019099999219179153
YDL148C,YFL036W,0,-3.8623734,0.5328466892242432,0.21899999678134918,0.019200000911951065
YNL232W,YLR272C,0,-3.8642857,0.5315533876419067,0.21899999678134918,0.019300000742077827
YNL290W,YHR060W,0,-3.8687396,0.5302663445472717,0.21899999678134918,0.01940000057220459
YBR068C,YPL243W,0,-3.8693218,0.5289855003356934,0.21899999678134918,0.019500000402331352
YPR128C,YGR119C,1,-3.870627,0.5301204919815063,0.2199999988079071,0.019500000402331352
YNR052C,YOL080C,0,-3.8713489,0.5288461446762085,0.2199999988079071,0.019600000232458115
YBL042C,YJL061W,1,-3.8715954,0.5299760103225708,0.22100000083446503,0.019600000232458115
YJL138C,YJR126C,0,-3.8738909,0.5287081599235535,0.22100000083446503,0.019700000062584877
YGR218W,YGL097W,1,-3.8747544,0.5298329591751099,0.22200000286102295,0.019700000062584877
YNR017W,YBR002C,0,-3.8750732,0.5285714268684387,0.22200000286102295,0.01979999989271164
YJL061W,YDL084W,1,-3.877418,0.529691219329834,0.22300000488758087,0.01979999989271164
YNL023C,YGR095C,0,-3.8792174,0.528436005115509,0.22300000488758087,0.019899999722838402
YFL048C,YGR081C,0,-3.8792555,0.5271867513656616,0.22300000488758087,0.019999999552965164
YLR052W,YMR266W,0,-3.8795652,0.525943398475647,0.22300000488758087,0.020099999383091927
YNL233W,YDL098C,0,-3.8832004,0.5247058868408203,0.22300000488758087,0.02019999921321869
YBL082C,YCR077C,0,-3.8845053,0.5234741568565369,0.22300000488758087,0.0203000009059906
YGL105W,YER056C,1,-3.8847322,0.5245901346206665,0.2240000069141388,0.0203000009059906
YGL213C,YGL207W,0,-3.885465,0.5233644843101501,0.2240000069141388,0.020400000736117363
YML103C,YJL140W,1,-3.8855286,0.5244755148887634,0.22499999403953552,0.020400000736117363
YMR129W,YGL097W,1,-3.8875215,0.525581419467926,0.22599999606609344,0.020400000736117363
YGL122C,YKR082W,1,-3.8875587,0.5266821384429932,0.22699999809265137,0.020400000736117363
YGL029W,YDR460W,0,-3.890347,0.5254629850387573,0.22699999809265137,0.020500000566244125
YPL178W,YIL085C,0,-3.8919396,0.5242494344711304,0.22699999809265137,0.020600000396370888
YER105C,YML103C,1,-3.8955462,0.5253456234931946,0.2280000001192093,0.020600000396370888
YBR023C,YIL023C,0,-3.8965614,0.5241379141807556,0.2280000001192093,0.02070000022649765
YPR128C,YDL084W,1,-3.8990135,0.5252293348312378,0.2290000021457672,0.02070000022649765
YJL014W,YDR310C,0,-3.8996296,0.5240274667739868,0.2290000021457672,0.020800000056624413
YPL178W,YKL021C,0,-3.9014826,0.5228310227394104,0.2290000021457672,0.020899999886751175
YDR378C,YNL072W,0,-3.9015512,0.5216400623321533,0.2290000021457672,0.020999999716877937
YML019W,YIL053W,0,-3.901819,0.5204545259475708,0.2290000021457672,0.0210999995470047
YKL179C,YDR346C,0,-3.9031067,0.5192743539810181,0.2290000021457672,0.021199999377131462
YLR078C,YNL062C,0,-3.9057736,0.5180995464324951,0.2290000021457672,0.021299999207258224
YJL041W,YGL172W,1,-3.90693,0.519187331199646,0.23000000417232513,0.021299999207258224
YJL184W,YEL051W,0,-3.9070444,0.5180180072784424,0.23000000417232513,0.021400000900030136
YBL030C,YDL084W,1,-3.9076333,0.5191011428833008,0.23100000619888306,0.021400000900030136
YDR243C,YGL112C,0,-3.9091277,0.5179372429847717,0.23100000619888306,0.0215000007301569
YEL018W,YNL102W,0,-3.9099855,0.5167785286903381,0.23100000619888306,0.02160000056028366
YHR175W,YJL124C,0,-3.9106965,0.515625,0.23100000619888306,0.021700000390410423
YKL191W,YAL042W,0,-3.9119644,0.5144765973091125,0.23100000619888306,0.021800000220537186
YMR047C,YBL079W,1,-3.912387,0.5155555605888367,0.23199999332427979,0.021800000220537186
YOR067C,YNL032W,0,-3.9126816,0.5144124031066895,0.23199999332427979,0.021900000050663948
YMR311C,YIL063C,0,-3.9134798,0.5132743120193481,0.23199999332427979,0.02199999988079071
YBR276C,YDR238C,0,-3.914744,0.5121412873268127,0.23199999332427979,0.022099999710917473
YDL005C,YKL009W,0,-3.9147496,0.5110132098197937,0.23199999332427979,0.022199999541044235
YGL207W,YDR310C,0,-3.9155722,0.5098901391029358,0.23199999332427979,0.022299999371170998
YPR128C,YJL061W,1,-3.915678,0.5109649300575256,0.2329999953508377,0.022299999371170998
YGL247W,YIL115C,1,-3.9159198,0.5120350122451782,0.23399999737739563,0.022299999371170998
YPL084W,YBL051C,0,-3.916727,0.5109170079231262,0.23399999737739563,0.02239999920129776
YNL290W,YOR007C,0,-3.9169574,0.5098039507865906,0.23399999737739563,0.02250000089406967
YPR070W,YBR143C,0,-3.917954,0.508695662021637,0.23399999737739563,0.022600000724196434
YBL079W,YML103C,1,-3.919063,0.509761393070221,0.23499999940395355,0.022600000724196434
YIL115C,YGL097W,1,-3.920045,0.5108225345611572,0.23600000143051147,0.022600000724196434
YML113W,YKL032C,0,-3.9208963,0.50971919298172,0.23600000143051147,0.022700000554323196
YGL213C,YOR359W,0,-3.9228375,0.5086206793785095,0.23600000143051147,0.02280000038444996
YDR037W,YJR143C,0,-3.9229026,0.5075268745422363,0.23600000143051147,0.02290000021457672
YDL207W,YML103C,1,-3.9239922,0.508583664894104,0.2370000034570694,0.02290000021457672
YHR034C,YMR146C,0,-3.9280472,0.5074946284294128,0.2370000034570694,0.023000000044703484
YLR342W,YOR103C,0,-3.9284158,0.5064102411270142,0.2370000034570694,0.023099999874830246
YER166W,YBL047C,0,-3.9313416,0.505330502986908,0.2370000034570694,0.02319999970495701
YDR328C,YDL098C,0,-3.931447,0.5042552947998047,0.2370000034570694,0.02329999953508377
YBR165W,YGR072W,0,-3.933902,0.5031847357749939,0.2370000034570694,0.023399999365210533
YOR046C,YKL057C,1,-3.9386754,0.5042372941970825,0.23800000548362732,0.023399999365210533
YOR354C,YMR260C,0,-3.9387608,0.5031712651252747,0.23800000548362732,0.023499999195337296
YKR082W,YJL061W,1,-3.941432,0.5042194128036499,0.23899999260902405,0.023499999195337296
YOR046C,YOR160W,1,-3.9451675,0.5052631497383118,0.23999999463558197,0.023499999195337296
YGL247W,YBL079W,1,-3.9451914,0.506302535533905,0.2409999966621399,0.023499999195337296
YMR047C,YNL139C,1,-3.9474,0.5073375105857849,0.24199999868869781,0.023499999195337296
YJR069C,YLR212C,0,-3.9497116,0.5062761306762695,0.24199999868869781,0.023600000888109207
YDL013W,YNL029C,0,-3.9499466,0.5052192211151123,0.24199999868869781,0.02370000071823597
YJL085W,YOR361C,0,-3.953032,0.5041666626930237,0.24199999868869781,0.023800000548362732
YDL207W,YGL172W,1,-3.953589,0.5051975250244141,0.24300000071525574,0.023800000548362732
YML126C,YPL234C,0,-3.9537516,0.5041493773460388,0.24300000071525574,0.023900000378489494
YJR042W,YMR129W,1,-3.9546738,0.5051760077476501,0.24400000274181366,0.023900000378489494
YLR450W,YKL029C,0,-3.956131,0.5041322112083435,0.24400000274181366,0.024000000208616257
YOR112W,YDL084W,1,-3.9575849,0.5051546096801758,0.24500000476837158,0.024000000208616257
YNL291C,YNL326C,0,-3.9590392,0.5041152238845825,0.24500000476837158,0.02410000003874302
YGL238W,YJL198W,0,-3.9603255,0.5030800700187683,0.24500000476837158,0.02419999986886978
YPL237W,YLR396C,0,-3.9608033,0.5020492076873779,0.24500000476837158,0.024299999698996544
YDL207W,YGL122C,1,-3.9625685,0.5030674934387207,0.2460000067949295,0.024299999698996544
YER107C,YKL068W,1,-3.9633737,0.5040816068649292,0.24699999392032623,0.024299999698996544
YMR202W,YCR012W,0,-3.9640093,0.5030549764633179,0.24699999392032623,0.024399999529123306
YER105C,YBL030C,1,-3.9648263,0.5040650367736816,0.24799999594688416,0.024399999529123306
YCL011C,YDR381W,1,-3.9656208,0.5050709843635559,0.24899999797344208,0.024399999529123306
YDL198C,YKL057C,1,-3.9659424,0.5060728788375854,0.25,0.024399999529123306
YDR457W,YPL176C,0,-3.9675865,0.5050504803657532,0.25,0.02449999935925007
YGL032C,YJR118C,0,-3.9677057,0.5040322542190552,0.25,0.02459999918937683
YER068W,YPL032C,0,-3.9688764,0.5030180811882019,0.25,0.024700000882148743
YER107C,YGL122C,1,-3.9708276,0.5040160417556763,0.25099998712539673,0.024700000882148743
YJR093C,YGR057C,0,-3.9712474,0.5030060410499573,0.25099998712539673,0.024800000712275505
YBR286W,YLR371W,0,-3.971623,0.5019999742507935,0.25099998712539673,0.024900000542402267
YDL175C,YGL105W,1,-3.973144,0.5029940009117126,0.25200000405311584,0.024900000542402267
YFL023W,YHR034C,0,-3.9754553,0.5019920468330383,0.25200000405311584,0.02500000037252903
YPR128C,YGL097W,1,-3.9771366,0.5029820799827576,0.2529999911785126,0.02500000037252903
YAL033W,YIL138C,0,-3.9804363,0.5019841194152832,0.2529999911785126,0.025100000202655792
YNL004W,YMR129W,1,-3.9818983,0.502970278263092,0.2540000081062317,0.025100000202655792
YLR113W,YGR007W,0,-3.9819784,0.5019763112068176,0.2540000081062317,0.025200000032782555
YDR308C,YDL092W,0,-3.9848683,0.5009862184524536,0.2540000081062317,0.025299999862909317
YGL247W,YJL140W,1,-3.9851434,0.501968502998352,0.2549999952316284,0.025299999862909317
YMR129W,YDR381W,1,-3.986938,0.5029469728469849,0.25600001215934753,0.025299999862909317
YKL191W,YBL090W,0,-3.9895623,0.501960813999176,0.25600001215934753,0.02539999969303608
YBL019W,YDL035C,0,-3.9899802,0.5009784698486328,0.25600001215934753,0.025499999523162842
YJL014W,YPL085W,0,-3.9910493,0.5,0.25600001215934753,0.025599999353289604
YLR052W,YOR115C,0,-3.9918075,0.4990253448486328,0.25600001215934753,0.025699999183416367
YNL039W,YML015C,0,-3.993152,0.49805447459220886,0.25600001215934753,0.025800000876188278
YOR160W,YKR082W,1,-3.9937959,0.49902912974357605,0.25699999928474426,0.025800000876188278
YER107C,YML103C,1,-3.994738,0.5,0.257999986410141,0.025800000876188278
YIL040W,YMR308C,1,-3.9949138,0.5009671449661255,0.2590000033378601,0.025800000876188278
YOR160W,YDL084W,1,-3.9951487,0.5019304752349854,0.25999999046325684,0.025800000876188278
YNL154C,YNL310C,0,-3.9977274,0.5009633898735046,0.25999999046325684,0.02590000070631504
YLR314C,YGR191W,0,-3.9979784,0.5,0.25999999046325684,0.026000000536441803
YLR295C,YHR107C,0,-4.000263,0.49904030561447144,0.25999999046325684,0.026100000366568565
YGL061C,YMR270C,0,-4.0019636,0.49808427691459656,0.25999999046325684,0.026200000196695328
YBL090W,YEL037C,0,-4.0048556,0.49713194370269775,0.25999999046325684,0.02630000002682209
YMR047C,YJR042W,1,-4.004935,0.49809160828590393,0.26100000739097595,0.02630000002682209
YGL195W,YJL054W,0,-4.0051284,0.49714285135269165,0.26100000739097595,0.026399999856948853
YDR138W,YGL092W,1,-4.0051475,0.49809885025024414,0.2619999945163727,0.026399999856948853
YGL223C,YBR257W,0,-4.005262,0.49715369939804077,0.2619999945163727,0.026499999687075615
YGL238W,YNL294C,0,-4.005385,0.4962121248245239,0.2619999945163727,0.026599999517202377
YIR009W,YDR088C,0,-4.008915,0.4952740967273712,0.2619999945163727,0.02669999934732914
YGR119C,YHR167W,1,-4.0090775,0.49622642993927,0.2630000114440918,0.02669999934732914
YER164W,YBR102C,0,-4.0102015,0.49529188871383667,0.2630000114440918,0.026799999177455902
YPL101W,YER122C,0,-4.0110984,0.49436089396476746,0.2630000114440918,0.026900000870227814
YGL105W,YJR042W,1,-4.011407,0.4953095614910126,0.2639999985694885,0.026900000870227814
YEL027W,YKL196C,0,-4.012246,0.49438202381134033,0.2639999985694885,0.027000000700354576
YGR218W,YPL169C,1,-4.014342,0.4953271150588989,0.26499998569488525,0.027000000700354576
YDR174W,YOR210W,0,-4.0162587,0.4944029748439789,0.26499998569488525,0.02710000053048134
YOR123C,YML124C,0,-4.016343,0.4934823215007782,0.26499998569488525,0.0272000003606081
YAR014C,YER002W,0,-4.0181026,0.4925650656223297,0.26499998569488525,0.027300000190734863
YIL115C,YNL139C,1,-4.0188217,0.4935064911842346,0.26600000262260437,0.027300000190734863
YDL175C,YBR192W,1,-4.0223885,0.49444442987442017,0.2669999897480011,0.027300000190734863
YER056C,YDL084W,1,-4.022848,0.49537894129753113,0.2680000066757202,0.027300000190734863
YDL175C,YDL207W,1,-4.0238047,0.49630996584892273,0.26899999380111694,0.027300000190734863
YPL169C,YKR082W,1,-4.0272336,0.49723756313323975,0.27000001072883606,0.027300000190734863
YCL011C,YJL041W,1,-4.0276904,0.49816176295280457,0.2709999978542328,0.027300000190734863
YGL247W,YBR192W,1,-4.0283065,0.4990825653076172,0.2720000147819519,0.027300000190734863
YNL207W,YLR208W,0,-4.028379,0.4981684982776642,0.2720000147819519,0.027400000020861626
YMR129W,YJL140W,1,-4.028761,0.499085932970047,0.27300000190734863,0.027400000020861626
YKR087C,YIL056W,0,-4.0298676,0.49817517399787903,0.27300000190734863,0.027499999850988388
YIL040W,YKR082W,1,-4.031758,0.49908924102783203,0.27399998903274536,0.027499999850988388
YPR161C,YER029C,0,-4.0326295,0.4981818199157715,0.27399998903274536,0.02759999968111515
YNL221C,YPL042C,0,-4.032843,0.4972776770591736,0.27399998903274536,0.027699999511241913
YGL005C,YDR378C,0,-4.0337424,0.49637681245803833,0.27399998903274536,0.027799999341368675
YKL017C,YNL151C,0,-4.0356746,0.49547919631004333,0.27399998903274536,0.027899999171495438
YKL046C,YLR023C,0,-4.039639,0.4945848286151886,0.27399998903274536,0.02800000086426735
YKR025W,YDR393W,0,-4.0440483,0.49369367957115173,0.27399998903274536,0.02810000069439411
YIL115C,YML103C,1,-4.0462513,0.49460431933403015,0.2750000059604645,0.02810000069439411
YGL174W,YGR119C,1,-4.046391,0.4955116808414459,0.2759999930858612,0.02810000069439411
YMR142C,YDR322C-A,0,-4.04675,0.49462366104125977,0.2759999930858612,0.028200000524520874
YFL048C,YML001W,0,-4.0482907,0.4937388300895691,0.2759999930858612,0.028300000354647636
YDR184C,YDR116C,0,-4.0495925,0.4928571283817291,0.2759999930858612,0.0284000001847744
YMR033W,YGR170W,0,-4.0501127,0.49197861552238464,0.2759999930858612,0.02850000001490116
YPL169C,YPR080W,1,-4.0502887,0.49288254976272583,0.2770000100135803,0.02850000001490116
YJR140C,YNL201C,0,-4.0541945,0.4920071065425873,0.2770000100135803,0.028599999845027924
YBL026W,YMR266W,0,-4.0572987,0.49113476276397705,0.2770000100135803,0.028699999675154686
YFR009W,YPR032W,0,-4.057383,0.49026548862457275,0.2770000100135803,0.02879999950528145
YDL143W,YKL176C,0,-4.0579047,0.4893992841243744,0.2770000100135803,0.02889999933540821
YNR017W,YNL244C,0,-4.0589776,0.48853614926338196,0.2770000100135803,0.028999999165534973
YOR210W,YFL045C,0,-4.0593057,0.48767605423927307,0.2770000100135803,0.029100000858306885
YPR128C,YDL088C,1,-4.0600934,0.4885764420032501,0.27799999713897705,0.029100000858306885
YDL175C,YGL092W,1,-4.066704,0.4894736707210541,0.27900001406669617,0.029100000858306885
YDR195W,YGL255W,0,-4.067002,0.4886164665222168,0.27900001406669617,0.029200000688433647
YDR382W,YCR060W,0,-4.067781,0.4877622425556183,0.27900001406669617,0.02930000051856041
YCR063W,YBR058C,0,-4.068429,0.48691099882125854,0.27900001406669617,0.029400000348687172
YLR103C,YNL206C,0,-4.068722,0.4860627055168152,0.27900001406669617,0.029500000178813934
YFL013C,YKL120W,0,-4.0691,0.4852173924446106,0.27900001406669617,0.029600000008940697
YLR285W,YEL065W,0,-4.069171,0.484375,0.27900001406669617,0.02969999983906746
YNL153C,YBR205W,0,-4.0694385,0.4835355281829834,0.27900001406669617,0.02979999966919422
YKR026C,YDR310C,0,-4.0695963,0.4826989471912384,0.27900001406669617,0.029899999499320984
YGR175C,YGR264C,0,-4.0699596,0.4818652868270874,0.27900001406669617,0.029999999329447746
YJR069C,YDR225W,0,-4.0705523,0.4810344874858856,0.27900001406669617,0.03009999915957451
YOR112W,YBR192W,1,-4.0711203,0.4819277226924896,0.2800000011920929,0.03009999915957451
YDR245W,YPL022W,0,-4.0736256,0.4810996651649475,0.2800000011920929,0.03020000085234642
YHL020C,YML046W,0,-4.0744433,0.4802744388580322,0.2800000011920929,0.030300000682473183
YPL169C,YLR016C,1,-4.0751724,0.4811643958091736,0.2809999883174896,0.030300000682473183
YOR260W,YPR052C,0,-4.075243,0.4803418815135956,0.2809999883174896,0.030400000512599945
YOR260W,YLR298C,0,-4.0752826,0.4795221984386444,0.2809999883174896,0.030500000342726707
YPL049C,YPL204W,0,-4.076248,0.4787052869796753,0.2809999883174896,0.03060000017285347
YHR062C,YIL126W,0,-4.0764623,0.47789114713668823,0.2809999883174896,0.030700000002980232
YDL192W,YDL143W,0,-4.076633,0.4770798087120056,0.2809999883174896,0.030799999833106995
YKL112W,YOR270C,0,-4.077096,0.4762711822986603,0.2809999883174896,0.030899999663233757
YIL038C,YKL173W,0,-4.078579,0.475465327501297,0.2809999883174896,0.03099999949336052
YGL213C,YDR429C,0,-4.0790524,0.4746621549129486,0.2809999883174896,0.031099999323487282
YIL109C,YKL154W,0,-4.079323,0.4738617241382599,0.2809999883174896,0.031199999153614044
YPR073C,YPL243W,0,-4.080839,0.47306397557258606,0.2809999883174896,0.031300000846385956
YLR429W,YDL195W,0,-4.081955,0.4722689092159271,0.2809999883174896,0.03139999881386757
YNL048W,YOL020W,0,-4.0820246,0.4714764952659607,0.2809999883174896,0.03150000050663948
YER017C,YER036C,0,-4.0821543,0.47068676352500916,0.2809999883174896,0.031599998474121094
YPL195W,YIL063C,0,-4.082316,0.46989965438842773,0.2809999883174896,0.031700000166893005
YMR128W,YDR311W,0,-4.0841455,0.4691151976585388,0.2809999883174896,0.03180000185966492
YHR013C,YDR212W,0,-4.0845304,0.46833333373069763,0.2809999883174896,0.03189999982714653
YNL075W,YGR147C,0,-4.0849237,0.4675540626049042,0.2809999883174896,0.03200000151991844
YDR138W,YKR095W,1,-4.086521,0.4684385359287262,0.28200000524520874,0.03200000151991844
YLR085C,YDR172W,0,-4.0874705,0.46766167879104614,0.28200000524520874,0.032099999487400055
YMR309C,YFR048W,0,-4.0878124,0.4668874144554138,0.28200000524520874,0.03220000118017197
YNL061W,YER029C,0,-4.089433,0.46611571311950684,0.28200000524520874,0.03229999914765358
YGL032C,YEL027W,0,-4.090389,0.4653465449810028,0.28200000524520874,0.03240000084042549
YMR309C,YLR150W,0,-4.090645,0.46457991003990173,0.28200000524520874,0.032499998807907104
YDL035C,YBL050W,0,-4.0938096,0.4638157784938812,0.28200000524520874,0.032600000500679016
YOR094W,YJL035C,0,-4.095187,0.46305418014526367,0.28200000524520874,0.03269999846816063
YBR034C,YBR192W,1,-4.0956135,0.46393442153930664,0.28299999237060547,0.03269999846816063
YGR097W,YJR013W,0,-4.0956883,0.46317511796951294,0.28299999237060547,0.03280000016093254
YGR145W,YGR186W,0,-4.095959,0.4624182879924774,0.28299999237060547,0.03290000185370445
YML062C,YKR095W,1,-4.0959654,0.4632952809333801,0.2840000092983246,0.03290000185370445
YOR046C,YPR080W,1,-4.096655,0.46416938304901123,0.2849999964237213,0.03290000185370445
YKR072C,YML088W,0,-4.096999,0.46341463923454285,0.2849999964237213,0.032999999821186066
YOR001W,YKL079W,0,-4.0974545,0.46266233921051025,0.2849999964237213,0.03310000151395798
YDR397C,YPL032C,0,-4.0985417,0.46191248297691345,0.2849999964237213,0.03319999948143959
YFL048C,YFL034C-B,0,-4.0996013,0.46116504073143005,0.2849999964237213,0.0333000011742115
YIL115C,YHR167W,1,-4.100476,0.46203553676605225,0.28600001335144043,0.0333000011742115
YFL017W-A,YPL237W,0,-4.10135,0.4612903296947479,0.28600001335144043,0.033399999141693115
YER044C,YER178W,0,-4.1019464,0.4605475068092346,0.28600001335144043,0.03350000083446503
YGR165W,YGL067W,0,-4.1024013,0.45980706810951233,0.28600001335144043,0.03359999880194664
YGR278W,YJR002W,0,-4.1026344,0.45906901359558105,0.28600001335144043,0.03370000049471855
YPR128C,YMR235C,1,-4.1026974,0.45993590354919434,0.28700000047683716,0.03370000049471855
YHR167W,YKL214C,1,-4.102717,0.4607999920845032,0.2879999876022339,0.03370000049471855
YGL174W,YNL004W,1,-4.1041493,0.46166133880615234,0.289000004529953,0.03370000049471855
YML016C,YPL212C,0,-4.1044865,0.46092504262924194,0.289000004529953,0.033799998462200165
YGL105W,YOL072W,1,-4.105066,0.46178343892097473,0.28999999165534973,0.033799998462200165
YBR002C,YPL235W,0,-4.106137,0.46104928851127625,0.28999999165534973,0.033900000154972076
YBR286W,YMR008C,0,-4.1061993,0.460317462682724,0.28999999165534973,0.03400000184774399
YGL025C,YHR065C,0,-4.1092253,0.459587961435318,0.28999999165534973,0.0340999998152256
YDR320C-A,YPR016C,0,-4.111286,0.45886075496673584,0.28999999165534973,0.03420000150799751
YLR022C,YHR066W,0,-4.113314,0.4581358730792999,0.28999999165534973,0.034299999475479126
YOR094W,YGL137W,0,-4.1133523,0.4574132561683655,0.28999999165534973,0.03440000116825104
YGL207W,YDR311W,0,-4.1137347,0.4566929042339325,0.28999999165534973,0.03449999913573265
YMR231W,YLR292C,0,-4.1143394,0.45597484707832336,0.28999999165534973,0.03460000082850456
YBL033C,YOL028C,0,-4.1155424,0.4552590250968933,0.28999999165534973,0.034699998795986176
YDR174W,YJL121C,0,-4.116276,0.4545454680919647,0.28999999165534973,0.03480000048875809
YAR015W,YMR200W,0,-4.116423,0.4538341164588928,0.28999999165534973,0.0348999984562397
YNL258C,YOR284W,0,-4.118539,0.453125,0.28999999165534973,0.03500000014901161
YML067C,YHR088W,0,-4.119384,0.45241808891296387,0.28999999165534973,0.035100001841783524
YIL115C,YDL084W,1,-4.119459,0.4532710313796997,0.29100000858306885,0.035100001841783524
YGR005C,YPR016C,0,-4.120431,0.45256608724594116,0.29100000858306885,0.03519999980926514
YPL204W,YER093C,0,-4.1218996,0.4518633484840393,0.29100000858306885,0.03530000150203705
YPL195W,YML059C,0,-4.1223745,0.45116278529167175,0.29100000858306885,0.03539999946951866
YNL080C,YGR121C,0,-4.124132,0.4504643976688385,0.29100000858306885,0.03550000116229057
YDL165W,YPR188C,0,-4.1281033,0.44976815581321716,0.29100000858306885,0.035599999129772186
YOR233W,YPL180W,0,-4.1327577,0.44907405972480774,0.29100000858306885,0.0357000008225441
YDR299W,YER083C,0,-4.13381,0.4483821392059326,0.29100000858306885,0.03579999879002571
YER083C,YJR077C,0,-4.1344175,0.44769230484962463,0.29100000858306885,0.03590000048279762
YHR165C,YOR047C,0,-4.135814,0.44700461626052856,0.29100000858306885,0.035999998450279236
YLR066W,YKR042W,0,-4.136276,0.44631901383399963,0.29100000858306885,0.03610000014305115
YGR218W,YMR047C,1,-4.13748,0.44716691970825195,0.2919999957084656,0.03610000014305115
YJR042W,YLR016C,1,-4.1375494,0.44801223278045654,0.2930000126361847,0.03610000014305115
YLR103C,YGL020C,0,-4.1381154,0.44732823967933655,0.2930000126361847,0.03620000183582306
YGR276C,YOL128C,0,-4.14023,0.4466463327407837,0.2930000126361847,0.03629999980330467
YDL155W,YLR442C,0,-4.1449885,0.445966511964798,0.2930000126361847,0.036400001496076584
YER122C,YIL068C,0,-4.145391,0.445288747549057,0.2930000126361847,0.0364999994635582
YGL100W,YGL097W,1,-4.147006,0.44613051414489746,0.2939999997615814,0.0364999994635582
YML078W,YOR133W,0,-4.1472197,0.44545453786849976,0.2939999997615814,0.03660000115633011
YBL079W,YNL139C,1,-4.1473265,0.44629350304603577,0.29499998688697815,0.03660000115633011
YDR447C,YPL237W,0,-4.1481133,0.4456193447113037,0.29499998688697815,0.03669999912381172
YER105C,YNL139C,1,-4.148134,0.4464555084705353,0.29600000381469727,0.03669999912381172
YDL155W,YDR174W,0,-4.1486135,0.4457831382751465,0.29600000381469727,0.03680000081658363
YMR083W,YOR047C,0,-4.1500173,0.44511279463768005,0.29600000381469727,0.03689999878406525
YDL101C,YOR327C,0,-4.150407,0.4444444477558136,0.29600000381469727,0.03700000047683716
YGR191W,YBR049C,0,-4.150877,0.4437780976295471,0.29600000381469727,0.03709999844431877
YGR195W,YPL180W,0,-4.1510363,0.443113774061203,0.29600000381469727,0.03720000013709068
YGR029W,YOR206W,0,-4.1517644,0.4424514174461365,0.29600000381469727,0.037300001829862595
YIL040W,YIL115C,1,-4.153687,0.4432835876941681,0.296999990940094,0.037300001829862595
YAL007C,YPL032C,0,-4.1544437,0.44262295961380005,0.296999990940094,0.03739999979734421
YGL068W,YOR188W,0,-4.1551538,0.4419642984867096,0.296999990940094,0.03750000149011612
YKL056C,YGR285C,0,-4.1556196,0.44130757451057434,0.296999990940094,0.03759999945759773
YOR046C,YMR047C,1,-4.155988,0.4421364963054657,0.2980000078678131,0.03759999945759773
YGL174W,YGL100W,1,-4.15608,0.44296297430992126,0.29899999499320984,0.03759999945759773
YGL028C,YPL042C,0,-4.1601734,0.4423076808452606,0.29899999499320984,0.037700001150369644
YPL195W,YKL114C,0,-4.1607146,0.44165435433387756,0.29899999499320984,0.03779999911785126
YIL159W,YMR138W,0,-4.1629834,0.4410029351711273,0.29899999499320984,0.03790000081062317
YLR145W,YGR195W,0,-4.1637225,0.4403534531593323,0.29899999499320984,0.03799999877810478
YML051W,YOR307C,0,-4.1644106,0.43970587849617004,0.29899999499320984,0.038100000470876694
YLR022C,YLR150W,0,-4.165231,0.4390602111816406,0.29899999499320984,0.03819999843835831
YPR105C,YDR195W,0,-4.1655593,0.43841642141342163,0.29899999499320984,0.03830000013113022
YER107C,YNL004W,1,-4.165806,0.43923866748809814,0.30000001192092896,0.03830000013113022
YGL247W,YMR047C,1,-4.166786,0.44005846977233887,0.3009999990463257,0.03830000013113022
YOR067C,YLR450W,0,-4.1669784,0.4394160509109497,0.3009999990463257,0.03840000182390213
YER056C,YMR129W,1,-4.1677456,0.4402332305908203,0.3019999861717224,0.03840000182390213
YNL102W,YNR052C,0,-4.168259,0.4395924210548401,0.3019999861717224,0.03849999979138374
YGR217W,YJR090C,0,-4.1691594,0.4389534890651703,0.3019999861717224,0.038600001484155655
YER174C,YNR011C,0,-4.170177,0.4383164048194885,0.3019999861717224,0.03869999945163727
YER107C,YKR095W,1,-4.1705904,0.43913042545318604,0.30300000309944153,0.03869999945163727
YDR099W,YOR299W,0,-4.1726546,0.4384949207305908,0.30300000309944153,0.03880000114440918
YPR082C,YBL006C,0,-4.173308,0.43786126375198364,0.30300000309944153,0.03889999911189079
YPR137W,YMR203W,0,-4.176966,0.4372294247150421,0.30300000309944153,0.039000000804662704
YJL121C,YGR181W,0,-4.1778436,0.4365994334220886,0.30300000309944153,0.03909999877214432
YPR128C,YBL079W,1,-4.178946,0.4374100863933563,0.30399999022483826,0.03909999877214432
YDL088C,YDL207W,1,-4.179286,0.4382183849811554,0.3050000071525574,0.03909999877214432
YIL051C,YJL052W,0,-4.1805334,0.4375896751880646,0.3050000071525574,0.03920000046491623
YML097C,YNL154C,0,-4.1811833,0.436962753534317,0.3050000071525574,0.03929999843239784
YMR186W,YPR181C,0,-4.1816883,0.4363376200199127,0.3050000071525574,0.039400000125169754
YDL137W,YEL027W,0,-4.1818852,0.4357142746448517,0.3050000071525574,0.039500001817941666
YGL097W,YDL084W,1,-4.1820292,0.4365192651748657,0.3059999942779541,0.039500001817941666
YPL008W,YFR009W,0,-4.1833043,0.43589743971824646,0.3059999942779541,0.03959999978542328
YDL207W,YBR192W,1,-4.184682,0.43669986724853516,0.3070000112056732,0.03959999978542328
YDL198C,YGL092W,1,-4.184814,0.4375,0.30799999833106995,0.03959999978542328
YHR081W,YLR292C,0,-4.186239,0.436879426240921,0.30799999833106995,0.03970000147819519
YEL022W,YCL031C,0,-4.187577,0.4362606108188629,0.30799999833106995,0.039799999445676804
YNL001W,YDR288W,0,-4.1877213,0.4356435537338257,0.30799999833106995,0.039900001138448715
YDR143C,YDR207C,0,-4.188178,0.4350282549858093,0.30799999833106995,0.03999999910593033
YPR128C,YDR381W,1,-4.188431,0.4358251094818115,0.3089999854564667,0.03999999910593033
YNL188W,YLR105C,0,-4.1892314,0.43521127104759216,0.3089999854564667,0.04010000079870224
YLR357W,YNL272C,0,-4.190665,0.4345991611480713,0.3089999854564667,0.04019999876618385
YKL021C,YDR393W,0,-4.191631,0.4339887499809265,0.3089999854564667,0.040300000458955765
YIL040W,YGR218W,1,-4.19183,0.43478259444236755,0.3100000023841858,0.040300000458955765
YJL014W,YLR380W,0,-4.19289,0.43417367339134216,0.3100000023841858,0.04039999842643738
YGL247W,YKL068W,1,-4.1931996,0.434965044260025,0.3109999895095825,0.04039999842643738
YMR119W,YNL101W,0,-4.1948366,0.43435755372047424,0.3109999895095825,0.04050000011920929
YPR143W,YLR200W,0,-4.1976385,0.4337517321109772,0.3109999895095825,0.0406000018119812
YBR109C,YNL153C,0,-4.198902,0.4331476390361786,0.3109999895095825,0.040699999779462814
YGL122C,YMR047C,1,-4.20128,0.4339360296726227,0.31200000643730164,0.040699999779462814
YOR307C,YDR293C,0,-4.201288,0.4333333373069763,0.31200000643730164,0.040800001472234726
YOR115C,YPL065W,0,-4.2013707,0.43273231387138367,0.31200000643730164,0.04089999943971634
YPR105C,YGL005C,0,-4.2026825,0.4321329593658447,0.31200000643730164,0.04100000113248825
YLL061W,YEL002C,0,-4.2027216,0.4315352737903595,0.31200000643730164,0.041099999099969864
YLR369W,YBL055C,0,-4.2035046,0.4309392273426056,0.31200000643730164,0.041200000792741776
YBR021W,YGL092W,1,-4.2042074,0.4317241311073303,0.31299999356269836,0.041200000792741776
YER107C,YML107C,1,-4.2063656,0.43250688910484314,0.3140000104904175,0.041200000792741776
YER016W,YDL213C,0,-4.2077837,0.43191197514533997,0.3140000104904175,0.04129999876022339
YPL061W,YJL121C,0,-4.208599,0.4313186705112457,0.3140000104904175,0.0414000004529953
YGR098C,YNL221C,0,-4.212264,0.4307270348072052,0.3140000104904175,0.04149999842047691
YGL122C,YJR042W,1,-4.2129,0.43150684237480164,0.3149999976158142,0.04149999842047691
YEL015W,YOL076W,0,-4.2130156,0.43091654777526855,0.3149999976158142,0.041600000113248825
YGR178C,YGR280C,0,-4.21309,0.4303278625011444,0.3149999976158142,0.04170000180602074
YKL212W,YNL222W,0,-4.2134194,0.4297407865524292,0.3149999976158142,0.04179999977350235
YLR114C,YGR276C,0,-4.2144423,0.4291553199291229,0.3149999976158142,0.04190000146627426
YGR218W,YBR192W,1,-4.216101,0.42993196845054626,0.3160000145435333,0.04190000146627426
YML015C,YBR265W,0,-4.216148,0.42934781312942505,0.3160000145435333,0.041999999433755875
YNR023W,YIR026C,0,-4.2182884,0.42876526713371277,0.3160000145435333,0.042100001126527786
YJL140W,YDR381W,1,-4.22213,0.429539293050766,0.31700000166893005,0.042100001126527786
YEL015W,YPL237W,0,-4.228437,0.42895805835723877,0.31700000166893005,0.0421999990940094
YBL042C,YMR129W,1,-4.230139,0.42972972989082336,0.3179999887943268,0.0421999990940094
YML099C,YHR005C,0,-4.230379,0.4291498064994812,0.3179999887943268,0.04230000078678131
YDL198C,YMR235C,1,-4.230515,0.42991912364959717,0.3190000057220459,0.04230000078678131
YOL061W,YHR111W,0,-4.2317376,0.42934051156044006,0.3190000057220459,0.042399998754262924
YLR347C,YNL221C,0,-4.232073,0.4287634491920471,0.3190000057220459,0.042500000447034836
YDL084W,YKL214C,1,-4.234131,0.42953020334243774,0.3199999928474426,0.042500000447034836
YPL146C,YNL032W,0,-4.23438,0.42895442247390747,0.3199999928474426,0.04259999841451645
YLR314C,YDR302W,0,-4.234463,0.42838019132614136,0.3199999928474426,0.04270000010728836
YOL086C,YHR026W,0,-4.2347937,0.427807480096817,0.3199999928474426,0.04280000180006027
YKL191W,YGR095C,0,-4.2361407,0.42723631858825684,0.3199999928474426,0.042899999767541885
YOL142W,YPR189W,0,-4.2381077,0.4266666769981384,0.3199999928474426,0.0430000014603138
YDR299W,YBL055C,0,-4.238428,0.4260985255241394,0.3199999928474426,0.04309999942779541
YOL090W,YGL048C,0,-4.2386312,0.42553192377090454,0.3199999928474426,0.04320000112056732
YLR310C,YKL073W,0,-4.2391605,0.42496681213378906,0.3199999928474426,0.043299999088048935
YKL004W,YNR008W,0,-4.2391872,0.42440319061279297,0.3199999928474426,0.04340000078082085
YGR238C,YOR307C,0,-4.2393665,0.42384105920791626,0.3199999928474426,0.04349999874830246
YPL055C,YNR046W,0,-4.2395167,0.42328041791915894,0.3199999928474426,0.04360000044107437
YKL186C,YJR042W,1,-4.2404413,0.424042284488678,0.32100000977516174,0.04360000044107437
YCR066W,YDL060W,0,-4.2413855,0.42348283529281616,0.32100000977516174,0.043699998408555984
YOL045W,YIL056W,0,-4.241481,0.4229249060153961,0.32100000977516174,0.043800000101327896
YIL053W,YBR143C,0,-4.2416015,0.4223684072494507,0.32100000977516174,0.04390000179409981
YDR245W,YKL012W,0,-4.242088,0.42181339859962463,0.32100000977516174,0.04399999976158142
YHR175W,YOL020W,0,-4.2435675,0.4212598502635956,0.32100000977516174,0.04410000145435333
YDR138W,YNL004W,1,-4.245365,0.4220183491706848,0.32199999690055847,0.04410000145435333
YGR119C,YGL097W,1,-4.245595,0.42277488112449646,0.3230000138282776,0.04410000145435333
YDR346C,YLR396C,0,-4.246644,0.42222222685813904,0.3230000138282776,0.044199999421834946
YGR218W,YOR160W,1,-4.247159,0.4229764938354492,0.3240000009536743,0.044199999421834946
YLR310C,YMR060C,0,-4.247621,0.4224250316619873,0.3240000009536743,0.04430000111460686
YJL085W,YMR005W,0,-4.247859,0.421875,0.3240000009536743,0.04439999908208847
YNL291C,YDL064W,0,-4.2494216,0.4213263988494873,0.3240000009536743,0.04450000077486038
YMR211W,YKR087C,0,-4.2500033,0.4207792282104492,0.3240000009536743,0.044599998742341995
YPR143W,YBR258C,0,-4.250972,0.42023345828056335,0.3240000009536743,0.04470000043511391
YDR192C,YGR119C,1,-4.251851,0.4209844470024109,0.32499998807907104,0.04470000043511391
YJR064W,YBR143C,0,-4.2522864,0.42043983936309814,0.32499998807907104,0.04479999840259552
YDL207W,YKL057C,1,-4.2535763,0.421188622713089,0.32600000500679016,0.04479999840259552
YNL207W,YOR179C,0,-4.253747,0.420645147562027,0.32600000500679016,0.04490000009536743
YJL014W,YJR132W,0,-4.25551,0.4201031029224396,0.32600000500679016,0.04500000178813934
YBR257W,YJL148W,0,-4.2566924,0.419562429189682,0.32600000500679016,0.045099999755620956
YPL169C,YDR192C,1,-4.2572412,0.4203084707260132,0.3269999921321869,0.045099999755620956
YDL035C,YPR094W,0,-4.257598,0.41976892948150635,0.3269999921321869,0.04520000144839287
YMR129W,YGL100W,1,-4.2579675,0.4205128252506256,0.328000009059906,0.04520000144839287
YGL106W,YBR265W,0,-4.2605476,0.4199743866920471,0.328000009059906,0.04529999941587448
YOR168W,YNR017W,0,-4.260847,0.41943734884262085,0.328000009059906,0.04540000110864639
YGL223C,YHR085W,0,-4.2608595,0.418901652097702,0.328000009059906,0.045499999076128006
YIL040W,YPR080W,1,-4.2608867,0.4196428656578064,0.32899999618530273,0.045499999076128006
YBR205W,YJR010C-A,0,-4.2621975,0.4191082715988159,0.32899999618530273,0.04560000076889992
YKL068W,YMR047C,1,-4.2626104,0.4198473393917084,0.33000001311302185,0.04560000076889992
YBR236C,YLR148W,0,-4.2627163,0.41931384801864624,0.33000001311302185,0.04569999873638153
YPL181W,YJL098W,0,-4.262829,0.41878172755241394,0.33000001311302185,0.04580000042915344
YML062C,YER105C,1,-4.2632613,0.419518381357193,0.3310000002384186,0.04580000042915344
YEL018W,YPR056W,0,-4.264109,0.41898733377456665,0.3310000002384186,0.045899998396635056
YNL118C,YMR211W,0,-4.265747,0.41845765709877014,0.3310000002384186,0.04600000008940697
YGL092W,YBL030C,1,-4.266287,0.4191919267177582,0.3319999873638153,0.04600000008940697
YPR021C,YLR059C,0,-4.2667336,0.41866329312324524,0.3319999873638153,0.04610000178217888
YNR027W,YPR105C,0,-4.2683983,0.41813603043556213,0.3319999873638153,0.04619999974966049
YJR105W,YNL290W,0,-4.2684913,0.4176100492477417,0.3319999873638153,0.046300001442432404
YMR049C,YPL117C,0,-4.2686157,0.4170854389667511,0.3319999873638153,0.04639999940991402
YHR072W-A,YLR200W,0,-4.2694063,0.41656211018562317,0.3319999873638153,0.04650000110268593
YPL137C,YJL176C,0,-4.269661,0.4160400927066803,0.3319999873638153,0.04659999907016754
YJL041W,YJL140W,1,-4.269738,0.41677096486091614,0.3330000042915344,0.04659999907016754
YGR191W,YOR115C,0,-4.2705445,0.41624999046325684,0.3330000042915344,0.04670000076293945
YGL092W,YML107C,1,-4.2707143,0.41697877645492554,0.33399999141693115,0.04670000076293945
YPL212C,YLR208W,0,-4.271537,0.4164588451385498,0.33399999141693115,0.046799998730421066
YLR378C,YER148W,0,-4.2721996,0.41594022512435913,0.33399999141693115,0.04690000042319298
YOR123C,YCL063W,0,-4.2757373,0.41542288661003113,0.33399999141693115,0.04699999839067459
YGR119C,YNL139C,1,-4.276537,0.4161490797996521,0.33500000834465027,0.04699999839067459
YKR082W,YKR002W,1,-4.2768655,0.4168734550476074,0.335999995470047,0.04699999839067459
YER056C,YER107C,1,-4.2773647,0.4175960421562195,0.3370000123977661,0.04699999839067459
YPL101W,YLR191W,0,-4.2776475,0.41707921028137207,0.3370000123977661,0.0471000000834465
YPR128C,YMR129W,1,-4.278726,0.4177997410297394,0.33799999952316284,0.0471000000834465
YOR112W,YML062C,1,-4.279248,0.4185185134410858,0.33899998664855957,0.0471000000834465
YBL085W,YGR020C,0,-4.280715,0.4180024564266205,0.33899998664855957,0.047200001776218414
YBR256C,YNL049C,0,-4.281059,0.4174876809120178,0.33899998664855957,0.04729999974370003
YJL208C,YLR208W,0,-4.28217,0.41697415709495544,0.33899998664855957,0.04740000143647194
YJL061W,YDR381W,1,-4.283454,0.4176904261112213,0.3400000035762787,0.04740000143647194
YOL145C,YAL047C,0,-4.2838206,0.4171779155731201,0.3400000035762787,0.04749999940395355
YHL019C,YIL056W,0,-4.283965,0.4166666567325592,0.3400000035762787,0.047600001096725464
YPL046C,YOR340C,0,-4.284917,0.41615667939186096,0.3400000035762787,0.04769999906420708
YGL018C,YHR196W,0,-4.287493,0.4156479239463806,0.3400000035762787,0.04780000075697899
YDR192C,YGL100W,1,-4.287611,0.41636142134666443,0.3409999907016754,0.04780000075697899
YKL068W,YMR235C,1,-4.2888565,0.41707316040992737,0.34200000762939453,0.04780000075697899
YMR308C,YKL214C,1,-4.289167,0.4177832007408142,0.34299999475479126,0.04780000075697899
YPR128C,YPL169C,1,-4.2894845,0.4184914827346802,0.3440000116825104,0.04780000075697899
YBR091C,YKL079W,0,-4.290227,0.4179829955101013,0.3440000116825104,0.0478999987244606
YEL003W,YEL050C,0,-4.290596,0.41747573018074036,0.3440000116825104,0.04800000041723251
YBL030C,YBR192W,1,-4.2906804,0.41818180680274963,0.3449999988079071,0.04800000041723251
YEL029C,YPR052C,0,-4.2917733,0.41767555475234985,0.3449999988079071,0.04809999838471413
YJL061W,YGL097W,1,-4.2917814,0.41837969422340393,0.34599998593330383,0.04809999838471413
YPR188C,YML001W,0,-4.2923346,0.41787439584732056,0.34599998593330383,0.04820000007748604
YJL099W,YMR272C,0,-4.292475,0.4173703193664551,0.34599998593330383,0.04830000177025795
YML048W,YLR032W,0,-4.294242,0.4168674647808075,0.34599998593330383,0.04839999973773956
YLR114C,YDR037W,0,-4.294364,0.4163658320903778,0.34599998593330383,0.048500001430511475
YLR390W-A,YML051W,0,-4.29521,0.41586539149284363,0.34599998593330383,0.04859999939799309
YDL030W,YOL125W,0,-4.295429,0.41536614298820496,0.34599998593330383,0.048700001090765
YPR033C,YPL176C,0,-4.29602,0.4148681163787842,0.34599998593330383,0.04879999905824661
YBR021W,YMR129W,1,-4.296107,0.41556885838508606,0.34700000286102295,0.04879999905824661
YIL063C,YDR341C,0,-4.2962723,0.4150717556476593,0.34700000286102295,0.048900000751018524
YBR177C,YBR127C,0,-4.2973843,0.41457587480545044,0.34700000286102295,0.04899999871850014
YGR218W,YGL092W,1,-4.299572,0.4152744710445404,0.3479999899864197,0.04899999871850014
YKL059C,YDL111C,0,-4.3000784,0.41477951407432556,0.3479999899864197,0.04910000041127205
YBR288C,YKL004W,0,-4.3014407,0.41428571939468384,0.3479999899864197,0.04919999837875366
YIL019W,YLR298C,0,-4.3015947,0.4137931168079376,0.3479999899864197,0.049300000071525574
YPL085W,YBR130C,0,-4.3017335,0.4133016765117645,0.3479999899864197,0.049400001764297485
YBR091C,YDR464W,0,-4.3035383,0.41281139850616455,0.3479999899864197,0.0494999997317791
YGL155W,YGR167W,0,-4.304213,0.4123222827911377,0.3479999899864197,0.04960000142455101
YNL016W,YDL229W,0,-4.304328,0.41183432936668396,0.3479999899864197,0.04969999939203262
YGL245W,YGR005C,0,-4.3079987,0.41134750843048096,0.3479999899864197,0.049800001084804535
YGR218W,YMR308C,1,-4.3081956,0.412042498588562,0.3490000069141388,0.049800001084804535
YMR049C,YPR072W,0,-4.3082647,0.411556601524353,0.3490000069141388,0.04989999905228615
YML062C,YGL122C,1,-4.3085594,0.41224971413612366,0.3499999940395355,0.04989999905228615
YEL027W,YHR043C,0,-4.309319,0.4117647111415863,0.3499999940395355,0.05000000074505806
YDR243C,YKL122C,0,-4.310315,0.4112808406352997,0.3499999940395355,0.05009999871253967
YNL219C,YEL054C,0,-4.311022,0.4107981324195862,0.3499999940395355,0.050200000405311584
YBL009W,YFL036W,0,-4.3114944,0.410316526889801,0.3499999940395355,0.0502999983727932
YDL008W,YLR298C,0,-4.311982,0.4098360538482666,0.3499999940395355,0.05040000006556511
YOR198C,YPR113W,0,-4.312786,0.4093567132949829,0.3499999940395355,0.05050000175833702
YPL262W,YLR006C,0,-4.3179884,0.40887850522994995,0.3499999940395355,0.050599999725818634
YIL044C,YDR404C,0,-4.321105,0.40840139985084534,0.3499999940395355,0.050700001418590546
YER029C,YNR015W,0,-4.321295,0.40792539715766907,0.3499999940395355,0.05079999938607216
YHR204W,YLR249W,0,-4.321866,0.40745052695274353,0.3499999940395355,0.05090000107884407
YDL088C,YER105C,1,-4.3279357,0.40813952684402466,0.35100001096725464,0.05090000107884407
YHR062C,YBR103W,0,-4.328691,0.407665491104126,0.35100001096725464,0.050999999046325684
YPR137W,YDR460W,0,-4.328764,0.407192587852478,0.35100001096725464,0.051100000739097595
YML077W,YGL167C,0,-4.329207,0.40672072768211365,0.35100001096725464,0.05119999870657921
YDR404C,YIL030C,0,-4.32975,0.40625,0.35100001096725464,0.05130000039935112
YJL014W,YDL229W,0,-4.3307724,0.4057803452014923,0.35100001096725464,0.05139999836683273
YCL011C,YKR095W,1,-4.3310566,0.4064665138721466,0.35199999809265137,0.05139999836683273
YNR017W,YIL126W,0,-4.3319736,0.40599769353866577,0.35199999809265137,0.051500000059604645
YLR305C,YKL080W,0,-4.3349977,0.4055299460887909,0.35199999809265137,0.051600001752376556
YIL142W,YJL002C,0,-4.3350906,0.40506330132484436,0.35199999809265137,0.05169999971985817
YOR109W,YAR003W,0,-4.3352146,0.4045976996421814,0.35199999809265137,0.05180000141263008
YML062C,YKR082W,1,-4.3352737,0.40528127551078796,0.3529999852180481,0.05180000141263008
YMR309C,YDL058W,0,-4.33613,0.40481650829315186,0.3529999852180481,0.051899999380111694
YDR393W,YBR061C,0,-4.336515,0.4043528139591217,0.3529999852180481,0.052000001072883606
YNL004W,YDR381W,1,-4.338084,0.4050343334674835,0.3540000021457672,0.052000001072883606
YMR275C,YPL137C,0,-4.338211,0.40457141399383545,0.3540000021457672,0.05209999904036522
YOR039W,YLR285W,0,-4.338462,0.4041095972061157,0.3540000021457672,0.05220000073313713
YGL111W,YMR216C,0,-4.339652,0.4036487936973572,0.3540000021457672,0.052299998700618744
YBL042C,YGR119C,1,-4.340242,0.40432801842689514,0.35499998927116394,0.052299998700618744
YBR068C,YJL012C,0,-4.340818,0.40386801958084106,0.35499998927116394,0.052400000393390656
YNL016W,YLR048W,0,-4.3422027,0.40340909361839294,0.35499998927116394,0.05249999836087227
YDR062W,YNR023W,0,-4.34277,0.402951180934906,0.35499998927116394,0.05260000005364418
YOR153W,YGR074W,0,-4.3446345,0.402494341135025,0.35499998927116394,0.05270000174641609
YML078W,YPL244C,0,-4.344866,0.4020385146141052,0.35499998927116394,0.052799999713897705
YDL198C,YOR160W,1,-4.3448997,0.40271493792533875,0.35600000619888306,0.052799999713897705
YOR123C,YKL073W,0,-4.346287,0.402259886264801,0.35600000619888306,0.05290000140666962
YKL074C,YER082C,0,-4.346737,0.4018058776855469,0.35600000619888306,0.05299999937415123
YNL329C,YBL055C,0,-4.346802,0.4013528823852539,0.35600000619888306,0.05310000106692314
YGL244W,YOR272W,0,-4.3483768,0.4009009003639221,0.35600000619888306,0.053199999034404755
YDL207W,YMR235C,1,-4.3488736,0.4015747904777527,0.3569999933242798,0.053199999034404755
YGL021W,YOR211C,0,-4.3491154,0.401123583316803,0.3569999933242798,0.053300000727176666
YAR014C,YKL160W,0,-4.3499675,0.40067338943481445,0.3569999933242798,0.05339999869465828
YCR002C,YER052C,0,-4.3505406,0.4002242088317871,0.3569999933242798,0.05350000038743019
YER154W,YAR042W,0,-4.3514676,0.39977604150772095,0.3569999933242798,0.053599998354911804
YNL004W,YNL139C,1,-4.351512,0.40044742822647095,0.3580000102519989,0.053599998354911804
YDL017W,YDR288W,0,-4.352129,0.4000000059604645,0.3580000102519989,0.053700000047683716
YDL198C,YJL061W,1,-4.352152,0.4006696343421936,0.35899999737739563,0.053700000047683716
YER148W,YOL093W,0,-4.3522606,0.4002229571342468,0.35899999737739563,0.05380000174045563
YEL050C,YDR023W,0,-4.353039,0.39977729320526123,0.35899999737739563,0.05389999970793724
YBL042C,YPL169C,1,-4.354037,0.4004449248313904,0.36000001430511475,0.05389999970793724
YKR035W-A,YGR200C,0,-4.354686,0.4000000059604645,0.36000001430511475,0.05400000140070915
YKR082W,YGL097W,1,-4.3555555,0.40066593885421753,0.3610000014305115,0.05400000140070915
YOR046C,YGL097W,1,-4.3559475,0.4013303816318512,0.3619999885559082,0.05400000140070915
YBL079W,YDL084W,1,-4.357404,0.40199336409568787,0.3630000054836273,0.05400000140070915
YGR218W,YKL214C,1,-4.357565,0.40265485644340515,0.36399999260902405,0.05400000140070915
YBL023C,YLL003W,0,-4.357732,0.40220993757247925,0.36399999260902405,0.054099999368190765
YBL006C,YHR024C,0,-4.3594294,0.40176600217819214,0.36399999260902405,0.05420000106096268
YOR198C,YPR073C,0,-4.3594546,0.4013230502605438,0.36399999260902405,0.05429999902844429
YNL286W,YNL147W,0,-4.35973,0.4008810520172119,0.36399999260902405,0.0544000007212162
YER166W,YOL059W,0,-4.3598914,0.4004400372505188,0.36399999260902405,0.054499998688697815
YJR093C,YNL121C,0,-4.3605943,0.4000000059604645,0.36399999260902405,0.05460000038146973
YGL167C,YPR143W,0,-4.361798,0.39956092834472656,0.36399999260902405,0.05469999834895134
YKL068W,YJR042W,1,-4.3618903,0.40021929144859314,0.36500000953674316,0.05469999834895134
YEL009C,YIR012W,0,-4.363426,0.39978092908859253,0.36500000953674316,0.05480000004172325
YFR027W,YGR072W,0,-4.3647203,0.3993435502052307,0.36500000953674316,0.05490000173449516
YKL186C,YKL057C,1,-4.364778,0.4000000059604645,0.3659999966621399,0.05490000173449516
YMR033W,YNL281W,0,-4.365955,0.3995633125305176,0.3659999966621399,0.054999999701976776
YOR056C,YGL244W,0,-4.3660383,0.3991276025772095,0.3659999966621399,0.05510000139474869
YDL192W,YDL015C,0,-4.3664336,0.3986928164958954,0.3659999966621399,0.0551999993622303
YLR138W,YLR378C,0,-4.367155,0.3982589840888977,0.3659999966621399,0.05530000105500221
YIL118W,YMR247C,0,-4.36807,0.39782607555389404,0.3659999966621399,0.055399999022483826
YCR060W,YML001W,0,-4.368451,0.3973941504955292,0.3659999966621399,0.05550000071525574
YMR047C,YKL057C,1,-4.3686733,0.39804771542549133,0.367000013589859,0.05550000071525574
YER036C,YGL213C,0,-4.368836,0.3976164758205414,0.367000013589859,0.05559999868273735
YMR073C,YIL109C,0,-4.369381,0.39718616008758545,0.367000013589859,0.05570000037550926
YOL001W,YGR143W,0,-4.3698354,0.39675676822662354,0.367000013589859,0.055799998342990875
YBR034C,YGL100W,1,-4.3698874,0.39740821719169617,0.36800000071525574,0.055799998342990875
YJL014W,YNL297C,0,-4.3711805,0.39697951078414917,0.36800000071525574,0.05590000003576279
YDR121W,YML069W,0,-4.371524,0.3965517282485962,0.36800000071525574,0.0560000017285347
YBL042C,YKL186C,1,-4.372011,0.3972012996673584,0.36899998784065247,0.0560000017285347
YBL088C,YBL004W,0,-4.372555,0.39677420258522034,0.36899998784065247,0.05609999969601631
YFR028C,YOL090W,0,-4.375558,0.3963479995727539,0.36899998784065247,0.05620000138878822
YBR091C,YFR004W,0,-4.3757067,0.3959227502346039,0.36899998784065247,0.056299999356269836
YHR186C,YOR047C,0,-4.3766594,0.3954983949661255,0.36899998784065247,0.05640000104904175
YDR208W,YHR039C-A,0,-4.3773594,0.3950749337673187,0.36899998784065247,0.05649999901652336
YBR215W,YBR002C,0,-4.377524,0.394652396440506,0.36899998784065247,0.05660000070929527
YGL122C,YDR192C,1,-4.37766,0.39529913663864136,0.3700000047683716,0.05660000070929527
YOR046C,YDR192C,1,-4.3780003,0.3959445059299469,0.3709999918937683,0.05660000070929527
YKL032C,YDR091C,0,-4.3784013,0.3955223858356476,0.3709999918937683,0.056699998676776886
YLR060W,YFR037C,0,-4.3784237,0.3951011598110199,0.3709999918937683,0.0568000003695488
YDR331W,YDR308C,0,-4.378877,0.39468085765838623,0.3709999918937683,0.05689999833703041
YIL053W,YPR133W-A,0,-4.3795004,0.3942614197731018,0.3709999918937683,0.05700000002980232
YMR211W,YDR189W,0,-4.3795133,0.393842875957489,0.3709999918937683,0.057100001722574234
YGR007W,YML001W,0,-4.3801174,0.39342522621154785,0.3709999918937683,0.05719999969005585
YLR242C,YKL019W,0,-4.3805146,0.3930084705352783,0.3709999918937683,0.05730000138282776
YDR198C,YEL020W-A,0,-4.380615,0.39259257912635803,0.3709999918937683,0.05739999935030937
YLR291C,YML076C,0,-4.3808975,0.3921775817871094,0.3709999918937683,0.057500001043081284
YPR019W,YPL086C,0,-4.381581,0.39176344871520996,0.3709999918937683,0.0575999990105629
YKL057C,YHR167W,1,-4.3816066,0.39240506291389465,0.3720000088214874,0.0575999990105629
YDR192C,YHR167W,1,-4.382365,0.3930453062057495,0.37299999594688416,0.0575999990105629
YML077W,YGL043W,0,-4.383362,0.3926315903663635,0.37299999594688416,0.05770000070333481
YPR144C,YDR172W,0,-4.3836794,0.3922187089920044,0.37299999594688416,0.05779999867081642
YPL174C,YPR189W,0,-4.3838825,0.3918067216873169,0.37299999594688416,0.05790000036358833
YGL032C,YJR126C,0,-4.384153,0.39139559864997864,0.37299999594688416,0.057999998331069946
YKL114C,YOR243C,0,-4.384597,0.39098531007766724,0.37299999594688416,0.05810000002384186
YER161C,YOL006C,0,-4.384674,0.39057591557502747,0.37299999594688416,0.05820000171661377
YMR216C,YML076C,0,-4.385371,0.39016735553741455,0.37299999594688416,0.05829999968409538
YGL122C,YGL100W,1,-4.385413,0.39080458879470825,0.37400001287460327,0.05829999968409538
YMR255W,YKR095W,1,-4.385548,0.3914405107498169,0.375,0.05829999968409538
YNL330C,YLR130C,0,-4.3865933,0.391032338142395,0.375,0.058400001376867294
YDR192C,YMR308C,1,-4.3887625,0.3916666805744171,0.37599998712539673,0.058400001376867294
YJL024C,YIR021W,0,-4.388924,0.391259104013443,0.37599998712539673,0.05849999934434891
YDL135C,YOR182C,0,-4.389718,0.3908523917198181,0.37599998712539673,0.05860000103712082
YOR349W,YLR186W,0,-4.39145,0.3904465138912201,0.37599998712539673,0.05869999900460243
YIL085C,YNL102W,0,-4.391776,0.3900415003299713,0.37599998712539673,0.058800000697374344
YKL172W,YPR100W,0,-4.3923354,0.389637291431427,0.37599998712539673,0.05889999866485596
YER056C,YBR192W,1,-4.392924,0.3902691602706909,0.37700000405311584,0.05889999866485596
YDR299W,YGL210W,0,-4.392968,0.38986557722091675,0.37700000405311584,0.05900000035762787
YKL149C,YML109W,0,-4.393712,0.38946279883384705,0.37700000405311584,0.05909999832510948
YOL094C,YGR081C,0,-4.3952274,0.3890608847141266,0.37700000405311584,0.05920000001788139
YDR372C,YOR229W,0,-4.395989,0.388659805059433,0.37700000405311584,0.059300001710653305
YPR113W,YOR270C,0,-4.397012,0.38825953006744385,0.37700000405311584,0.05939999967813492
YIL095W,YOR151C,0,-4.397131,0.38786008954048157,0.37700000405311584,0.05950000137090683
YJR076C,YKL160W,0,-4.397903,0.38746145367622375,0.37700000405311584,0.05959999933838844
YKL068W,YMR129W,1,-4.398437,0.3880903422832489,0.3779999911785126,0.05959999933838844
YKL018W,YOL102C,0,-4.399118,0.38769230246543884,0.3779999911785126,0.059700001031160355
YDL195W,YDL229W,0,-4.3998156,0.38729506731033325,0.3779999911785126,0.05979999899864197
YBL045C,YIL085C,0,-4.400735,0.3868986666202545,0.3779999911785126,0.05990000069141388
YML065W,YGL144C,0,-4.4010024,0.38650307059288025,0.3779999911785126,0.05999999865889549
YGL247W,YKL057C,1,-4.401722,0.3871297240257263,0.3790000081062317,0.05999999865889549
YIL035C,YCL016C,0,-4.402548,0.3867346942424774,0.3790000081062317,0.060100000351667404
YOR153W,YBL018C,0,-4.4028516,0.386340469121933,0.3790000081062317,0.06019999831914902
YJL041W,YDR192C,1,-4.4034557,0.3869653642177582,0.3799999952316284,0.06019999831914902
YOR112W,YHR167W,1,-4.4037457,0.3875890076160431,0.38100001215934753,0.06019999831914902
YMR229C,YDR334W,0,-4.4037733,0.3871951103210449,0.38100001215934753,0.06030000001192093
YDR224C,YPL112C,0,-4.4038796,0.3868020176887512,0.38100001215934753,0.06040000170469284
YDL006W,YLR022C,0,-4.4051905,0.386409729719162,0.38100001215934753,0.060499999672174454
YLL035W,YFR031C,0,-4.405571,0.3860182464122772,0.38100001215934753,0.060600001364946365
YML107C,YMR129W,1,-4.4071875,0.38663968443870544,0.38199999928474426,0.060600001364946365
YDR337W,YDL002C,0,-4.410103,0.38624873757362366,0.38199999928474426,0.06069999933242798
YOR327C,YKL041W,0,-4.4122505,0.38585859537124634,0.38199999928474426,0.06080000102519989
YPR105C,YBL093C,0,-4.412609,0.3854692280292511,0.38199999928474426,0.0608999989926815
YDL088C,YGL122C,1,-4.412941,0.38608869910240173,0.382999986410141,0.0608999989926815
YPL231W,YBR198C,0,-4.413706,0.38569989800453186,0.382999986410141,0.061000000685453415
YNR026C,YBL061C,0,-4.414164,0.38531187176704407,0.382999986410141,0.06109999865293503
YKR095W,YKL057C,1,-4.414402,0.3859296441078186,0.3840000033378601,0.06109999865293503
YDL226C,YLR378C,0,-4.415002,0.3855421543121338,0.3840000033378601,0.06120000034570694
YNL172W,YDL035C,0,-4.4151974,0.38515546917915344,0.3840000033378601,0.06129999831318855
YDR192C,YJR042W,1,-4.4154024,0.3857715427875519,0.38499999046325684,0.06129999831318855
YPR019W,YPR070W,0,-4.415889,0.3853853940963745,0.38499999046325684,0.061400000005960464
YGR191W,YOR123C,0,-4.4161115,0.38499999046325684,0.38499999046325684,0.061500001698732376
YDR205W,YMR146C,0,-4.4167147,0.38461539149284363,0.38499999046325684,0.06159999966621399
YOR171C,YOR259C,0,-4.417578,0.3842315375804901,0.38499999046325684,0.0617000013589859
YJR069C,YKL173W,0,-4.418585,0.3838484585285187,0.38499999046325684,0.061799999326467514
YLR114C,YKL179C,0,-4.419303,0.38346612453460693,0.38499999046325684,0.061900001019239426
YPR105C,YGR264C,0,-4.4198866,0.38308456540107727,0.38499999046325684,0.06199999898672104
YDL040C,YML064C,0,-4.4199553,0.3827037811279297,0.38499999046325684,0.06210000067949295
YDL088C,YER056C,1,-4.420036,0.3833167850971222,0.38600000739097595,0.06210000067949295
YOR236W,YBL090W,0,-4.420203,0.3829365074634552,0.38600000739097595,0.062199998646974564
YDL175C,YMR235C,1,-4.4221644,0.3835480809211731,0.3869999945163727,0.062199998646974564
YKR081C,YFL036W,0,-4.42227,0.3831683099269867,0.3869999945163727,0.062300000339746475
YBR041W,YOR038C,0,-4.4231167,0.3827893137931824,0.3869999945163727,0.06239999830722809
YBR192W,YNL139C,1,-4.424035,0.38339921832084656,0.3880000114440918,0.06239999830722809
YDL088C,YDR381W,1,-4.4244432,0.38400790095329285,0.3889999985694885,0.06239999830722809
YDL098C,YLR466W,0,-4.4244986,0.3836292028427124,0.3889999985694885,0.0625
YBR091C,YMR234W,0,-4.426622,0.38325121998786926,0.3889999985694885,0.06260000169277191
YIL040W,YNL004W,1,-4.427315,0.38385826349258423,0.38999998569488525,0.06260000169277191
YDL017W,YGR024C,0,-4.4285507,0.38348081707954407,0.38999998569488525,0.06270000338554382
YGL067W,YGR276C,0,-4.4296274,0.3831041157245636,0.38999998569488525,0.06279999762773514
YDL040C,YPR010C,0,-4.4299726,0.3827281594276428,0.38999998569488525,0.06289999932050705
YGR057C,YPR086W,0,-4.4306793,0.38235294818878174,0.38999998569488525,0.06300000101327896
YDR385W,YMR229C,0,-4.4307246,0.38197845220565796,0.38999998569488525,0.06310000270605087
YDR071C,YIL053W,0,-4.4308834,0.38160470128059387,0.38999998569488525,0.06319999694824219
YER056C,YNL139C,1,-4.431363,0.3822091817855835,0.39100000262260437,0.06319999694824219
YOR239W,YHR038W,0,-4.431634,0.3818359375,0.39100000262260437,0.0632999986410141
YGL172W,YLR016C,1,-4.4320784,0.3824390172958374,0.3919999897480011,0.0632999986410141
YBL046W,YGR104C,0,-4.432302,0.3820662796497345,0.3919999897480011,0.06340000033378601
YDL013W,YLR332W,0,-4.4328933,0.3816942572593689,0.3919999897480011,0.06350000202655792
YKL021C,YNL250W,0,-4.4335217,0.3813229501247406,0.3919999897480011,0.06360000371932983
YLR074C,YGR186W,0,-4.4341745,0.380952388048172,0.3919999897480011,0.06369999796152115
YDR382W,YOR307C,0,-4.435092,0.3805825114250183,0.3919999897480011,0.06379999965429306
YPL266W,YLR347C,0,-4.436766,0.3802133798599243,0.3919999897480011,0.06390000134706497
YJR057W,YBR022W,0,-4.437324,0.3798449635505676,0.3919999897480011,0.06400000303983688
YER002W,YHR039C-A,0,-4.4374256,0.37947726249694824,0.3919999897480011,0.0640999972820282
YDL175C,YKR095W,1,-4.4377127,0.3800773620605469,0.3930000066757202,0.0640999972820282
YDR440W,YDR280W,0,-4.4379783,0.3797101378440857,0.3930000066757202,0.06419999897480011
YNR052C,YLR268W,0,-4.4383345,0.3793436288833618,0.3930000066757202,0.06430000066757202
YAL026C,YKL073W,0,-4.4401903,0.37897783517837524,0.3930000066757202,0.06440000236034393
YOR224C,YDR341C,0,-4.440757,0.3786127269268036,0.3930000066757202,0.06449999660253525
YNL186W,YJR049C,0,-4.4408383,0.37824830412864685,0.3930000066757202,0.06459999829530716
YDR300C,YMR305C,0,-4.441215,0.3778846263885498,0.3930000066757202,0.06469999998807907
YDR040C,YLR332W,0,-4.441422,0.3775216042995453,0.3930000066757202,0.06480000168085098
YOR239W,YOR153W,0,-4.442012,0.3771592974662781,0.3930000066757202,0.0649000033736229
YOR171C,YHR058C,0,-4.4424148,0.37679770588874817,0.3930000066757202,0.06499999761581421
YOR373W,YLR147C,0,-4.442736,0.3764367699623108,0.3930000066757202,0.06509999930858612
YGR007W,YOR014W,0,-4.444271,0.3760765492916107,0.3930000066757202,0.06520000100135803
YOR112W,YKL214C,1,-4.444719,0.37667304277420044,0.39399999380111694,0.06520000100135803
YBL034C,YNR046W,0,-4.4447203,0.3763132691383362,0.39399999380111694,0.06530000269412994
YDR483W,YIL126W,0,-4.445572,0.37595421075820923,0.39399999380111694,0.06539999693632126
YGR145W,YBR009C,0,-4.4459753,0.3755958080291748,0.39399999380111694,0.06549999862909317
YDR299W,YPL046C,0,-4.446271,0.3752380907535553,0.39399999380111694,0.06560000032186508
YNL099C,YDR088C,0,-4.4465714,0.3748810589313507,0.39399999380111694,0.065700002014637
YJR042W,YML107C,1,-4.446729,0.37547528743743896,0.39500001072883606,0.065700002014637
YDR235W,YPR088C,0,-4.447173,0.3751187026500702,0.39500001072883606,0.0658000037074089
YKL040C,YDR341C,0,-4.4472904,0.37476280331611633,0.39500001072883606,0.06589999794960022
YER056C,YER105C,1,-4.447805,0.37535545229911804,0.3959999978542328,0.06589999794960022
YKR025W,YMR060C,0,-4.448077,0.375,0.3959999978542328,0.06599999964237213
YJL167W,YNR023W,0,-4.4483066,0.3746452331542969,0.3959999978542328,0.06610000133514404
YGL247W,YJR042W,1,-4.4483986,0.37523630261421204,0.3970000147819519,0.06610000133514404
YCR075C,YLL024C,0,-4.449039,0.37488195300102234,0.3970000147819519,0.06620000302791595
YHR007C,YGL135W,0,-4.4506927,0.37452828884124756,0.3970000147819519,0.06629999727010727
YJR077C,YJR063W,0,-4.4528656,0.3741753101348877,0.3970000147819519,0.06639999896287918
YGR007W,YER094C,0,-4.4532948,0.37382298707962036,0.3970000147819519,0.06650000065565109
YKL186C,YML103C,1,-4.455026,0.37441202998161316,0.39800000190734863,0.06650000065565109
YLR138W,YKR028W,0,-4.4566684,0.37406015396118164,0.39800000190734863,0.066600002348423
YDR091C,YCL031C,0,-4.456959,0.37370893359184265,0.39800000190734863,0.06669999659061432
YDR372C,YER005W,0,-4.45757,0.3733583390712738,0.39800000190734863,0.06679999828338623
YKL068W,YER105C,1,-4.4582148,0.3739456534385681,0.39899998903274536,0.06679999828338623
YCL011C,YKL186C,1,-4.458454,0.3745318353176117,0.4000000059604645,0.06679999828338623
YML067C,YIL048W,0,-4.4590206,0.37418147921562195,0.4000000059604645,0.06689999997615814
YDL036C,YDR166C,0,-4.4594703,0.37383177876472473,0.4000000059604645,0.06700000166893005
YGR056W,YER082C,0,-4.459646,0.37348273396492004,0.4000000059604645,0.06710000336170197
YML112W,YDL235C,0,-4.4598603,0.3731343150138855,0.4000000059604645,0.06719999760389328
YGL054C,YMR288W,0,-4.4600306,0.37278658151626587,0.4000000059604645,0.06729999929666519
YNL039W,YPL117C,0,-4.4603515,0.3724394738674164,0.4000000059604645,0.0674000009894371
YJL134W,YDL093W,0,-4.462405,0.3720930218696594,0.4000000059604645,0.06750000268220901
YLR397C,YBR058C,0,-4.462556,0.371747225522995,0.4000000059604645,0.06759999692440033
YDR140W,YML001W,0,-4.462562,0.3714020550251007,0.4000000059604645,0.06769999861717224
YKR095W,YJR042W,1,-4.46437,0.37198516726493835,0.4009999930858612,0.06769999861717224
YDR228C,YKL079W,0,-4.465973,0.3716404139995575,0.4009999930858612,0.06780000030994415
YIL115C,YDR381W,1,-4.4663076,0.3722222149372101,0.4020000100135803,0.06780000030994415
YOR046C,YKL068W,1,-4.466779,0.3728029727935791,0.40299999713897705,0.06780000030994415
YJL024C,YFR048W,0,-4.466998,0.37245839834213257,0.40299999713897705,0.06790000200271606
YBR093C,YDR382W,0,-4.467215,0.37211450934410095,0.40299999713897705,0.06800000369548798
YFL022C,YOL116W,0,-4.467487,0.3717712163925171,0.40299999713897705,0.06809999793767929
YKL015W,YHR065C,0,-4.467568,0.37142857909202576,0.40299999713897705,0.0681999996304512
YER009W,YOR359W,0,-4.467738,0.37108656764030457,0.40299999713897705,0.06830000132322311
YML107C,YJL140W,1,-4.469648,0.3716651201248169,0.40400001406669617,0.06830000132322311
YDL207W,YGL100W,1,-4.4704237,0.37224265933036804,0.4050000011920929,0.06830000132322311
YJL071W,YKR001C,0,-4.470827,0.3719008266925812,0.4050000011920929,0.06840000301599503
YMR238W,YCR020W-B,0,-4.4710937,0.37155961990356445,0.4050000011920929,0.06849999725818634
YPL237W,YPL253C,0,-4.47241,0.37121906876564026,0.4050000011920929,0.06859999895095825
YLR215C,YER161C,0,-4.4733434,0.3708791136741638,0.4050000011920929,0.06870000064373016
YGR029W,YOR151C,0,-4.473615,0.3705397844314575,0.4050000011920929,0.06880000233650208
YNL075W,YIL138C,0,-4.4751797,0.37020111083984375,0.4050000011920929,0.06889999657869339
YHL038C,YNL121C,0,-4.475775,0.36986300349235535,0.4050000011920929,0.0689999982714653
YMR192W,YDR212W,0,-4.4758506,0.3695255517959595,0.4050000011920929,0.06909999996423721
YBR021W,YBL030C,1,-4.4759703,0.3701002597808838,0.4059999883174896,0.06909999996423721
YML071C,YOL127W,0,-4.4761066,0.36976319551467896,0.4059999883174896,0.06920000165700912
YDL005C,YOL094C,0,-4.477579,0.36942675709724426,0.4059999883174896,0.06930000334978104
YLL061W,YDR238C,0,-4.478218,0.3690909147262573,0.4059999883174896,0.06939999759197235
YJL041W,YLR016C,1,-4.480237,0.36966395378112793,0.40700000524520874,0.06939999759197235
YJR068W,YLL034C,0,-4.480773,0.36932849884033203,0.40700000524520874,0.06949999928474426
YLR285W,YBR123C,0,-4.483293,0.3689936399459839,0.40700000524520874,0.06960000097751617
YGL068W,YGR020C,0,-4.483372,0.3686594069004059,0.40700000524520874,0.06970000267028809
YHR005C,YDL134C,0,-4.4848843,0.368325799703598,0.40700000524520874,0.0697999969124794
YCR033W,YDR172W,0,-4.4850297,0.3679927587509155,0.40700000524520874,0.06989999860525131
YBR034C,YER105C,1,-4.485801,0.3685636818408966,0.40799999237060547,0.06989999860525131
YFR034C,YML064C,0,-4.4870186,0.36823105812072754,0.40799999237060547,0.07000000029802322
YKR038C,YBL023C,0,-4.487056,0.36789900064468384,0.40799999237060547,0.07010000199079514
YDL140C,YNR015W,0,-4.4883485,0.3675675690174103,0.40799999237060547,0.07020000368356705
YBL105C,YOR229W,0,-4.4884768,0.3672367334365845,0.40799999237060547,0.07029999792575836
YPR018W,YDR472W,0,-4.48866,0.36690646409988403,0.40799999237060547,0.07039999961853027
YDL207W,YLR016C,1,-4.4890094,0.367475301027298,0.4090000092983246,0.07039999961853027
YKR048C,YOL105C,0,-4.4903994,0.3671454191207886,0.4090000092983246,0.07050000131130219
YHR085W,YEL020W-A,0,-4.4904604,0.36681613326072693,0.4090000092983246,0.0706000030040741
YKR082W,YOL072W,1,-4.490687,0.36738350987434387,0.4099999964237213,0.0706000030040741
YDR378C,YDL236W,0,-4.49089,0.36705461144447327,0.4099999964237213,0.07069999724626541
YGR218W,YJL041W,1,-4.49094,0.3676207661628723,0.41100001335144043,0.07069999724626541
YCR091W,YNL142W,0,-4.4918,0.36729222536087036,0.41100001335144043,0.07079999893903732
YMR070W,YKR022C,0,-4.4920783,0.36696428060531616,0.41100001335144043,0.07090000063180923
YBR017C,YNL330C,0,-4.4923735,0.3666369318962097,0.41100001335144043,0.07100000232458115
YBL074C,YEL030W,0,-4.4925203,0.36631014943122864,0.41100001335144043,0.07109999656677246
YBL006C,YMR021C,0,-4.4926085,0.3659839630126953,0.41100001335144043,0.07119999825954437
YOL145C,YKL130C,0,-4.494653,0.36565837264060974,0.41100001335144043,0.07129999995231628
YLR068W,YIR025W,0,-4.4947042,0.36533331871032715,0.41100001335144043,0.0714000016450882
YEL037C,YMR216C,0,-4.4949627,0.3650088906288147,0.41100001335144043,0.07150000333786011
YHR072W-A,YER165W,0,-4.495635,0.3646849989891052,0.41100001335144043,0.07159999758005142
YJR068W,YDR407C,0,-4.496106,0.3643617033958435,0.41100001335144043,0.07169999927282333
YNL091W,YNL267W,0,-4.496836,0.36403897404670715,0.41100001335144043,0.07180000096559525
YDL207W,YHR167W,1,-4.497016,0.3646017611026764,0.41200000047683716,0.07180000096559525
YKR085C,YGL211W,0,-4.4970307,0.3642793893814087,0.41200000047683716,0.07190000265836716
YBR286W,YOL004W,0,-4.497208,0.36395758390426636,0.41200000047683716,0.07199999690055847
YNL004W,YKR095W,1,-4.4975715,0.3645189702510834,0.4129999876022339,0.07199999690055847
YLR330W,YGL043W,0,-4.4993134,0.3641975224018097,0.4129999876022339,0.07209999859333038
YMR246W,YDL111C,0,-4.4996576,0.3638766407966614,0.4129999876022339,0.0722000002861023
YKL186C,YBL079W,1,-4.5006814,0.36443662643432617,0.414000004529953,0.0722000002861023
YLR418C,YJL085W,0,-4.5008125,0.3641161024570465,0.414000004529953,0.0723000019788742
YGL116W,YGR186W,0,-4.5012465,0.3637961447238922,0.414000004529953,0.07240000367164612
YDR477W,YIR012W,0,-4.5013967,0.3634767234325409,0.414000004529953,0.07249999791383743
YIL115C,YML107C,1,-4.501495,0.36403509974479675,0.41499999165534973,0.07249999791383743
YMR270C,YGL243W,0,-4.5023174,0.3637160360813141,0.41499999165534973,0.07259999960660934
YLL035W,YAL011W,0,-4.503208,0.3633975386619568,0.41499999165534973,0.07270000129938126
YMR235C,YGL097W,1,-4.503334,0.3639545142650604,0.41600000858306885,0.07270000129938126
YDR312W,YGR274C,0,-4.5041475,0.3636363744735718,0.41600000858306885,0.07280000299215317
YDR158W,YER146W,0,-4.5041976,0.3633187711238861,0.41600000858306885,0.07289999723434448
YNL001W,YDR346C,0,-4.5045652,0.3630017340183258,0.41600000858306885,0.0729999989271164
YPL069C,YNL164C,0,-4.504681,0.36268526315689087,0.41600000858306885,0.0731000006198883
YGL032C,YMR146C,0,-4.5053034,0.3623693287372589,0.41600000858306885,0.07320000231266022
YNL302C,YJL004C,0,-4.5054994,0.3620539605617523,0.41600000858306885,0.07329999655485153
YJL061W,YOL072W,1,-4.506092,0.3626087009906769,0.4169999957084656,0.07329999655485153
YDL143W,YHR073W,0,-4.5064726,0.36229366064071655,0.4169999957084656,0.07339999824762344
YPR179C,YCL031C,0,-4.506641,0.3619791567325592,0.4169999957084656,0.07349999994039536
YCR012W,YDR481C,0,-4.5067863,0.3616652190685272,0.4169999957084656,0.07360000163316727
YLR103C,YGR056W,0,-4.5068083,0.3613518178462982,0.4169999957084656,0.07370000332593918
YJL124C,YAL043C,0,-4.5083117,0.3610389530658722,0.4169999957084656,0.0737999975681305
YHR072W-A,YBR048W,0,-4.508515,0.36072665452957153,0.4169999957084656,0.0738999992609024
YER056C,YPL169C,1,-4.5107985,0.361279159784317,0.4180000126361847,0.0738999992609024
YNL139C,YHR167W,1,-4.5117607,0.3618307411670685,0.4189999997615814,0.0738999992609024
YDL175C,YOR160W,1,-4.5118036,0.36238136887550354,0.41999998688697815,0.0738999992609024
YIL109C,YCL010C,0,-4.5118194,0.36206895112991333,0.41999998688697815,0.07400000095367432
YOR046C,YML062C,1,-4.512,0.36261844635009766,0.42100000381469727,0.07400000095367432
YDL198C,YPL169C,1,-4.512282,0.3631669580936432,0.421999990940094,0.07400000095367432
YNL004W,YKL068W,1,-4.5123386,0.3637145459651947,0.4230000078678131,0.07400000095367432
YOL116W,YOR327C,0,-4.512847,0.3634020686149597,0.4230000078678131,0.07410000264644623
YLR192C,YMR089C,0,-4.5133514,0.3630901277065277,0.4230000078678131,0.07419999688863754
YKL068W,YDL084W,1,-4.5142064,0.3636363744735718,0.42399999499320984,0.07419999688863754
YMR202W,YPR163C,0,-4.514229,0.36332476139068604,0.42399999499320984,0.07429999858140945
YGR098C,YOL020W,0,-4.5150423,0.36301368474960327,0.42399999499320984,0.07440000027418137
YER019W,YDL055C,0,-4.516525,0.3627031743526459,0.42399999499320984,0.07450000196695328
YHR158C,YGR095C,0,-4.5171266,0.36239317059516907,0.42399999499320984,0.07460000365972519
YGL238W,YJR097W,0,-4.517492,0.36208370327949524,0.42399999499320984,0.0746999979019165
YOR224C,YDR145W,0,-4.518283,0.361774742603302,0.42399999499320984,0.07479999959468842
YJR064W,YNL064C,0,-4.5186586,0.36146631836891174,0.42399999499320984,0.07490000128746033
YPL254W,YPL204W,0,-4.5188923,0.36115843057632446,0.42399999499320984,0.07500000298023224
YER105C,YPR080W,1,-4.5204086,0.3617021143436432,0.42500001192092896,0.07500000298023224
YGR140W,YNL129W,0,-4.52046,0.3613945543766022,0.42500001192092896,0.07509999722242355
YDR320C-A,YNL207W,0,-4.5208855,0.36108750104904175,0.42500001192092896,0.07519999891519547
YKL176C,YMR216C,0,-4.520914,0.3607809841632843,0.42500001192092896,0.07530000060796738
YDR527W,YLR292C,0,-4.5215616,0.36047497391700745,0.42500001192092896,0.07540000230073929
YLR103C,YOL049W,0,-4.521883,0.36016950011253357,0.42500001192092896,0.0754999965429306
YDR192C,YBR192W,1,-4.5223703,0.3607112765312195,0.4259999990463257,0.0754999965429306
YPL192C,YGL243W,0,-4.52261,0.3604061007499695,0.4259999990463257,0.07559999823570251
YMR299C,YDR346C,0,-4.522877,0.3601014316082001,0.4259999990463257,0.07569999992847443
YNR027W,YJL128C,0,-4.522941,0.35979729890823364,0.4259999990463257,0.07580000162124634
YDL117W,YOR123C,0,-4.5242786,0.3594936728477478,0.4259999990463257,0.07590000331401825
YMR319C,YLR337C,0,-4.5246067,0.35919055342674255,0.4259999990463257,0.07599999755620956
YLR259C,YDL055C,0,-4.5258493,0.3588879406452179,0.4259999990463257,0.07609999924898148
YOR294W,YPL234C,0,-4.5260353,0.3585858643054962,0.4259999990463257,0.07620000094175339
YDR483W,YGR123C,0,-4.5265713,0.35828426480293274,0.4259999990463257,0.0763000026345253
YHR019C,YBL017C,0,-4.527055,0.35798320174217224,0.4259999990463257,0.07639999687671661
YER146W,YOR211C,0,-4.527384,0.35768261551856995,0.4259999990463257,0.07649999856948853
YER107C,YNL139C,1,-4.528063,0.35822147130966187,0.4269999861717224,0.07649999856948853
YDR456W,YBR221C,0,-4.5281444,0.35792121291160583,0.4269999861717224,0.07660000026226044
YPL112C,YKL038W,0,-4.5282774,0.357621431350708,0.4269999861717224,0.07670000195503235
YML067C,YMR192W,0,-4.528656,0.35732218623161316,0.4269999861717224,0.07680000364780426
YGR037C,YBR121C,0,-4.529021,0.3570234179496765,0.4269999861717224,0.07689999788999557
YHR188C,YBL011W,0,-4.529373,0.35672515630722046,0.4269999861717224,0.07699999958276749
YER157W,YKR022C,0,-4.53014,0.3564273715019226,0.4269999861717224,0.0771000012755394
YPR189W,YDR311W,0,-4.530386,0.35613012313842773,0.4269999861717224,0.07720000296831131
YGR095C,YJL222W,0,-4.5314817,0.3558333218097687,0.4269999861717224,0.07729999721050262
YML078W,YDL111C,0,-4.532199,0.3555370569229126,0.4269999861717224,0.07739999890327454
YJR057W,YDR495C,0,-4.533618,0.3552412688732147,0.4269999861717224,0.07750000059604645
YBR243C,YOR307C,0,-4.5343657,0.35494595766067505,0.4269999861717224,0.07760000228881836
YKL017C,YGL246C,0,-4.534382,0.35465115308761597,0.4269999861717224,0.07769999653100967
YDL178W,YGR191W,0,-4.5359116,0.3543568551540375,0.4269999861717224,0.07779999822378159
YDR440W,YGL020C,0,-4.5359178,0.3540630042552948,0.4269999861717224,0.0778999999165535
YKL057C,YDR381W,1,-4.5362606,0.35459816455841064,0.42800000309944153,0.0778999999165535
YOR160W,YMR273C,1,-4.537036,0.35513246059417725,0.42899999022483826,0.0778999999165535
YML062C,YKL186C,1,-4.538371,0.35566583275794983,0.4300000071525574,0.0778999999165535
YNL123W,YGR296W,0,-4.538652,0.35537189245224,0.4300000071525574,0.07800000160932541
YMR255W,YIR005W,1,-4.5388803,0.355904221534729,0.4309999942779541,0.07800000160932541
YMR235C,YPR080W,1,-4.538977,0.3564356565475464,0.4320000112056732,0.07800000160932541
YBR021W,YER107C,1,-4.5392156,0.35696619749069214,0.43299999833106995,0.07800000160932541
YFL034C-B,YGR170W,0,-4.539945,0.35667216777801514,0.43299999833106995,0.07810000330209732
YGL122C,YBR192W,1,-4.5400715,0.35720163583755493,0.4339999854564667,0.07810000330209732
YEL036C,YGR024C,0,-4.5400796,0.3569079041481018,0.4339999854564667,0.07819999754428864
YCR044C,YKR001C,0,-4.5402265,0.3566146194934845,0.4339999854564667,0.07829999923706055
YNL118C,YDR189W,0,-4.540433,0.3563218414783478,0.4339999854564667,0.07840000092983246
YOR281C,YNL169C,0,-4.5405254,0.35602954030036926,0.4339999854564667,0.07850000262260437
YOR112W,YBL079W,1,-4.5406504,0.35655736923217773,0.4350000023841858,0.07850000262260437
YGL174W,YHR167W,1,-4.5412197,0.35708436369895935,0.4359999895095825,0.07850000262260437
YKL068W,YBL030C,1,-4.541522,0.35761046409606934,0.43700000643730164,0.07850000262260437
YNL166C,YGR091W,0,-4.5427103,0.35731807351112366,0.43700000643730164,0.07859999686479568
YOR239W,YCR026C,0,-4.543903,0.3570261299610138,0.43700000643730164,0.0786999985575676
YDL165W,YLR429W,0,-4.5439982,0.3567346930503845,0.43700000643730164,0.07880000025033951
YPL221W,YDL047W,0,-4.545526,0.35644373297691345,0.43700000643730164,0.07890000194311142
YHR019C,YBL003C,0,-4.546899,0.3561532199382782,0.43700000643730164,0.07900000363588333
YNL290W,YKL125W,0,-4.5472207,0.35586318373680115,0.43700000643730164,0.07909999787807465
YBL042C,YKL068W,1,-4.5487065,0.35638731718063354,0.43799999356269836,0.07909999787807465
YNL102W,YBR154C,0,-4.548755,0.356097549200058,0.43799999356269836,0.07919999957084656
YNL281W,YER012W,0,-4.5490294,0.355808287858963,0.43799999356269836,0.07930000126361847
YJR069C,YNL267W,0,-4.5510025,0.35551947355270386,0.43799999356269836,0.07940000295639038
YMR247C,YER029C,0,-4.5518036,0.3552311360836029,0.43799999356269836,0.0794999971985817
YHL003C,YGR078C,0,-4.5522575,0.35494327545166016,0.43799999356269836,0.07959999889135361
YGR278W,YPL192C,0,-4.5558405,0.3546558618545532,0.43799999356269836,0.07970000058412552
YOR260W,YDR427W,0,-4.5559006,0.3543689250946045,0.43799999356269836,0.07980000227689743
YKL154W,YCR060W,0,-4.5559793,0.35408246517181396,0.43799999356269836,0.07989999651908875
YGR276C,YHR066W,0,-4.5561204,0.35379645228385925,0.43799999356269836,0.07999999821186066
YDL088C,YBL030C,1,-4.5584183,0.3543179929256439,0.4390000104904175,0.07999999821186066
YHR116W,YFR037C,0,-4.558769,0.3540322482585907,0.4390000104904175,0.08009999990463257
YBR060C,YGR170W,0,-4.559571,0.3537469804286957,0.4390000104904175,0.08020000159740448
YER083C,YDL064W,0,-4.5620675,0.3534621596336365,0.4390000104904175,0.08030000329017639
YOL061W,YMR313C,0,-4.562217,0.3531777858734131,0.4390000104904175,0.0803999975323677
YOR039W,YIL070C,0,-4.5630126,0.3528938889503479,0.4390000104904175,0.08049999922513962
YOR046C,YLR016C,1,-4.563389,0.3534136414527893,0.4399999976158142,0.08049999922513962
YDR483W,YFR048W,0,-4.56402,0.3531300127506256,0.4399999976158142,0.08060000091791153
YBR023C,YMR277W,0,-4.5645447,0.35284683108329773,0.4399999976158142,0.08070000261068344
YBR142W,YLR145W,0,-4.564577,0.35256409645080566,0.4399999976158142,0.08079999685287476
YGL172W,YHR167W,1,-4.5656023,0.35308247804641724,0.4410000145435333,0.08079999685287476
YNL097C,YDR346C,0,-4.565814,0.35280001163482666,0.4410000145435333,0.08089999854564667
YIR021W,YLR007W,0,-4.5658617,0.3525179922580719,0.4410000145435333,0.08100000023841858
YJL209W,YDR181C,0,-4.566494,0.35223641991615295,0.4410000145435333,0.08110000193119049
YJL209W,YGL137W,0,-4.5669246,0.3519552946090698,0.4410000145435333,0.0812000036239624
YDL145C,YDL044C,0,-4.567262,0.3516746461391449,0.4410000145435333,0.08129999786615372
YDL165W,YMR127C,0,-4.5674996,0.3513944149017334,0.4410000145435333,0.08139999955892563
YDL229W,YOL102C,0,-4.568017,0.3511146605014801,0.4410000145435333,0.08150000125169754
YLL038C,YAL029C,0,-4.5705824,0.35083532333374023,0.4410000145435333,0.08160000294446945
YER177W,YML016C,0,-4.570607,0.3505564332008362,0.4410000145435333,0.08169999718666077
YLR103C,YHR200W,0,-4.5713367,0.35027799010276794,0.4410000145435333,0.08179999887943268
YLR095C,YFR031C,0,-4.571809,0.3499999940395355,0.4410000145435333,0.08190000057220459
YLR332W,YGL113W,0,-4.5722094,0.3497224450111389,0.4410000145435333,0.0820000022649765
YDL098C,YOR272W,0,-4.5723243,0.34944531321525574,0.4410000145435333,0.08209999650716782
YOL063C,YPL049C,0,-4.572419,0.34916865825653076,0.4410000145435333,0.08219999819993973
YKR038C,YNL090W,0,-4.5725937,0.3488923907279968,0.4410000145435333,0.08229999989271164
YBL042C,YDL084W,1,-4.5734835,0.3494071066379547,0.44200000166893005,0.08229999989271164
YDR160W,YGR048W,0,-4.573531,0.34913110733032227,0.44200000166893005,0.08240000158548355
YGL111W,YNL317W,0,-4.575887,0.34885555505752563,0.44200000166893005,0.08250000327825546
YBR042C,YGR143W,0,-4.575915,0.3485804498195648,0.44200000166893005,0.08259999752044678
YML067C,YNL167C,0,-4.576016,0.34830576181411743,0.44200000166893005,0.08269999921321869
YLR085C,YJL204C,0,-4.57615,0.34803149104118347,0.44200000166893005,0.0828000009059906
YGL245W,YAL043C,0,-4.5775843,0.3477576673030853,0.44200000166893005,0.08290000259876251
YGR170W,YNL186W,0,-4.578579,0.347484290599823,0.44200000166893005,0.08299999684095383
YGL058W,YPR173C,0,-4.579112,0.3472113013267517,0.44200000166893005,0.08309999853372574
YJL170C,YDL128W,0,-4.579541,0.3469387888908386,0.44200000166893005,0.08320000022649765
YDR397C,YML001W,0,-4.580387,0.3466666638851166,0.44200000166893005,0.08330000191926956
YOR168W,YHR027C,0,-4.580655,0.34639498591423035,0.44200000166893005,0.08340000361204147
YKL114C,YML071C,0,-4.58109,0.34612372517585754,0.44200000166893005,0.08349999785423279
YDR158W,YGL167C,0,-4.58178,0.34585288166999817,0.44200000166893005,0.0835999995470047
YLR332W,YER008C,0,-4.5823655,0.3455824851989746,0.44200000166893005,0.08370000123977661
YIL143C,YLR182W,0,-4.582829,0.3453125059604645,0.44200000166893005,0.08380000293254852
YKR095W,YGL122C,1,-4.5835757,0.34582358598709106,0.4429999887943268,0.08380000293254852
YLR023C,YOR085W,0,-4.583764,0.34555381536483765,0.4429999887943268,0.08389999717473984
YNL016W,YLR357W,0,-4.583995,0.34528449177742004,0.4429999887943268,0.08399999886751175
YOL115W,YDR082W,0,-4.5845423,0.34501558542251587,0.4429999887943268,0.08410000056028366
YML081C-A,YPR102C,0,-4.58514,0.3447470963001251,0.4429999887943268,0.08420000225305557
YGL238W,YBR175W,0,-4.585306,0.3444789946079254,0.4429999887943268,0.08429999649524689
YKL004W,YDR121W,0,-4.587318,0.3442113399505615,0.4429999887943268,0.0843999981880188
YNL169C,YML014W,0,-4.5882573,0.34394410252571106,0.4429999887943268,0.08449999988079071
YLR060W,YJR126C,0,-4.589326,0.343677282333374,0.4429999887943268,0.08460000157356262
YKL206C,YCL055W,0,-4.589529,0.343410849571228,0.4429999887943268,0.08470000326633453
YDR208W,YOR307C,0,-4.5897264,0.34314486384391785,0.4429999887943268,0.08479999750852585
YMR287C,YDR398W,0,-4.589771,0.3428792655467987,0.4429999887943268,0.08489999920129776
YMR225C,YDR025W,0,-4.5900154,0.342614084482193,0.4429999887943268,0.08500000089406967
YOR112W,YKR082W,1,-4.590029,0.34312209486961365,0.4440000057220459,0.08500000089406967
YKL212W,YPL122C,0,-4.5910378,0.34285715222358704,0.4440000057220459,0.08510000258684158
YPL001W,YGR057C,0,-4.5911074,0.34259259700775146,0.4440000057220459,0.0851999968290329
YER146W,YOR241W,0,-4.5912976,0.3423284590244293,0.4440000057220459,0.08529999852180481
YJL039C,YCR044C,0,-4.591562,0.3420647084712982,0.4440000057220459,0.08540000021457672
YMR049C,YCR077C,0,-4.5923023,0.34180137515068054,0.4440000057220459,0.08550000190734863
YAL012W,YGR178C,0,-4.592572,0.3415384590625763,0.4440000057220459,0.08560000360012054
YIL040W,YBL042C,1,-4.592988,0.3420445919036865,0.4449999928474426,0.08560000360012054
YBR034C,YML107C,1,-4.593575,0.3425499200820923,0.44600000977516174,0.08560000360012054
YLR214W,YAL011W,0,-4.593871,0.3422870337963104,0.44600000977516174,0.08569999784231186
YGL136C,YDR346C,0,-4.5961585,0.3420245349407196,0.44600000977516174,0.08579999953508377
YGL245W,YOR266W,0,-4.596298,0.3417624533176422,0.44600000977516174,0.08590000122785568
YGL247W,YKL186C,1,-4.5968637,0.3422664701938629,0.44699999690055847,0.08590000122785568
YDR093W,YLR438C-A,0,-4.597373,0.34200459718704224,0.44699999690055847,0.0860000029206276
YHL020C,YBR198C,0,-4.597547,0.3417431116104126,0.44699999690055847,0.08609999716281891
YOR241W,YGR118W,0,-4.5980997,0.3414820432662964,0.44699999690055847,0.08619999885559082
YER107C,YDR381W,1,-4.598155,0.34198471903800964,0.4480000138282776,0.08619999885559082
YJL041W,YDL084W,1,-4.5982404,0.3424866497516632,0.4490000009536743,0.08619999885559082
YKR099W,YIL085C,0,-4.5991616,0.3422256112098694,0.4490000009536743,0.08630000054836273
YMR072W,YDL097C,0,-4.6003747,0.3419649600982666,0.4490000009536743,0.08640000224113464
YOR354C,YOR340C,0,-4.60059,0.34170472621917725,0.4490000009536743,0.08649999648332596
YKR048C,YBR143C,0,-4.600625,0.34144487977027893,0.4490000009536743,0.08659999817609787
YIL030C,YNL241C,0,-4.601075,0.34118542075157166,0.4490000009536743,0.08669999986886978
YLL013C,YOR307C,0,-4.603152,0.3409263491630554,0.4490000009536743,0.0868000015616417
YJL030W,YOR307C,0,-4.6042676,0.3406676650047302,0.4490000009536743,0.0869000032544136
YBL090W,YPL131W,0,-4.605556,0.34040939807891846,0.4490000009536743,0.08699999749660492
YBL105C,YPR102C,0,-4.605793,0.34015151858329773,0.4490000009536743,0.08709999918937683
YPL012W,YHR099W,0,-4.607314,0.33989402651786804,0.4490000009536743,0.08720000088214874
YPR033C,YJL124C,0,-4.607773,0.3396369218826294,0.4490000009536743,0.08730000257492065
YLL035W,YKL042W,0,-4.608057,0.3393802046775818,0.4490000009536743,0.08739999681711197
YBL003C,YMR309C,0,-4.6092844,0.3391238749027252,0.4490000009536743,0.08749999850988388
YBL042C,YER105C,1,-4.609758,0.3396226465702057,0.44999998807907104,0.08749999850988388
YOR188W,YPR189W,0,-4.6104946,0.33936652541160583,0.44999998807907104,0.08760000020265579
YMR240C,YOL102C,0,-4.610501,0.33911076188087463,0.44999998807907104,0.0877000018954277
YPL055C,YKR081C,0,-4.6110106,0.33885541558265686,0.44999998807907104,0.08780000358819962
YMR240C,YEL018W,0,-4.611706,0.3386004567146301,0.44999998807907104,0.08789999783039093
YMR288W,YBR097W,0,-4.6118097,0.33834585547447205,0.44999998807907104,0.08799999952316284
YPL078C,YHR188C,0,-4.6120224,0.3380916714668274,0.44999998807907104,0.08810000121593475
YBL030C,YNL139C,1,-4.6132174,0.3385885953903198,0.45100000500679016,0.08810000121593475
YBR121C,YLR435W,0,-4.6139464,0.3383345901966095,0.45100000500679016,0.08820000290870667
YER073W,YBR049C,0,-4.6141863,0.3380809724330902,0.45100000500679016,0.08829999715089798
YOL142W,YNR023W,0,-4.614565,0.3378277122974396,0.45100000500679016,0.08839999884366989
YOR112W,YDL198C,1,-4.6146545,0.33832335472106934,0.4519999921321869,0.08839999884366989
YBR201W,YDR181C,0,-4.6149836,0.3380703032016754,0.4519999921321869,0.0885000005364418
YHR005C,YLL035W,0,-4.6152387,0.33781763911247253,0.4519999921321869,0.08860000222921371
YNR013C,YOR115C,0,-4.615451,0.3375653326511383,0.4519999921321869,0.08869999647140503
YBL014C,YPL180W,0,-4.6162467,0.3373134434223175,0.4519999921321869,0.08879999816417694
YBL046W,YBR073W,0,-4.6172743,0.33706188201904297,0.4519999921321869,0.08889999985694885
YMR048W,YFL038C,0,-4.618686,0.33681073784828186,0.4519999921321869,0.08900000154972076
YDR037W,YDR447C,0,-4.619253,0.3365599513053894,0.4519999921321869,0.08910000324249268
YBR215W,YDL111C,0,-4.62037,0.3363095223903656,0.4519999921321869,0.08919999748468399
YDL040C,YNL113W,0,-4.620487,0.33605948090553284,0.4519999921321869,0.0892999991774559
YPR181C,YDL052C,0,-4.6205807,0.3358097970485687,0.4519999921321869,0.08940000087022781
YJL061W,YBL030C,1,-4.620864,0.33630290627479553,0.453000009059906,0.08940000087022781
YFL018C,YLR134W,0,-4.6213512,0.33605340123176575,0.453000009059906,0.08950000256299973
YCR077C,YAL002W,0,-4.6215835,0.3358043134212494,0.453000009059906,0.08959999680519104
YOR266W,YER171W,0,-4.623333,0.3355555534362793,0.453000009059906,0.08969999849796295
YOR355W,YER052C,0,-4.6240673,0.33530718088150024,0.453000009059906,0.08980000019073486
YFR048W,YPL094C,0,-4.6247,0.33505916595458984,0.453000009059906,0.08990000188350677
YOR354C,YOR209C,0,-4.6256065,0.3348115384578705,0.453000009059906,0.09000000357627869
YGL084C,YGL044C,0,-4.6259403,0.3345642685890198,0.453000009059906,0.09009999781847
YPL217C,YOL109W,0,-4.6264114,0.3343173563480377,0.453000009059906,0.09019999951124191
YPR128C,YKR082W,1,-4.6277285,0.33480826020240784,0.45399999618530273,0.09019999951124191
YER173W,YPL243W,0,-4.628348,0.3345615267753601,0.45399999618530273,0.09030000120401382
YIL019W,YMR044W,0,-4.6283937,0.3343151807785034,0.45399999618530273,0.09040000289678574
YMR047C,YMR308C,1,-4.629386,0.3348050117492676,0.45500001311302185,0.09040000289678574
YGL001C,YJL143W,0,-4.6294985,0.3345588147640228,0.45500001311302185,0.09049999713897705
YLL024C,YNL121C,0,-4.629664,0.3343130052089691,0.45500001311302185,0.09059999883174896
YGR047C,YOR115C,0,-4.629998,0.33406755328178406,0.45500001311302185,0.09070000052452087
YOL094C,YDR289C,0,-4.630033,0.33382245898246765,0.45500001311302185,0.09080000221729279
YOR046C,YBL030C,1,-4.63024,0.3343108594417572,0.4560000002384186,0.09080000221729279
YOL088C,YER129W,0,-4.631324,0.3340659439563751,0.4560000002384186,0.0908999964594841
YJR068W,YPR133C,0,-4.6318135,0.3338213860988617,0.4560000002384186,0.09099999815225601
YNL004W,YOR160W,1,-4.6319833,0.3343087136745453,0.4569999873638153,0.09099999815225601
YER056C,YBL030C,1,-4.6320615,0.3347953259944916,0.4580000042915344,0.09099999815225601
YIL048W,YKR001C,0,-4.632353,0.33455076813697815,0.4580000042915344,0.09109999984502792
YDL175C,YKL057C,1,-4.6331854,0.3350364863872528,0.45899999141693115,0.09109999984502792
YMR202W,YBR213W,0,-4.6334977,0.3347921371459961,0.45899999141693115,0.09120000153779984
YKL112W,YPL086C,0,-4.6335387,0.33454811573028564,0.45899999141693115,0.09130000323057175
YJR069C,YJR132W,0,-4.6342587,0.33430445194244385,0.45899999141693115,0.09139999747276306
YCR063W,YDL155W,0,-4.6343265,0.3340611457824707,0.45899999141693115,0.09149999916553497
YOR204W,YJR140C,0,-4.6343765,0.3338181674480438,0.45899999141693115,0.09160000085830688
YBR218C,YLR059C,0,-4.635995,0.333575576543808,0.45899999141693115,0.0917000025510788
YNL130C,YGR191W,0,-4.6361117,0.3333333432674408,0.45899999141693115,0.09179999679327011
YDL080C,YGR072W,0,-4.6370564,0.3330914378166199,0.45899999141693115,0.09189999848604202
YPL224C,YOR014W,0,-4.637314,0.3328498899936676,0.45899999141693115,0.09200000017881393
YLR451W,YDR393W,0,-4.637459,0.332608699798584,0.45899999141693115,0.09210000187158585
YBR253W,YOR045W,0,-4.638777,0.33236783742904663,0.45899999141693115,0.09220000356435776
YBL042C,YBL030C,1,-4.6404057,0.33285093307495117,0.46000000834465027,0.09220000356435776
YML078W,YAL042W,0,-4.640928,0.33261027932167053,0.46000000834465027,0.09229999780654907
YDR121W,YAL033W,0,-4.641319,0.33236995339393616,0.46000000834465027,0.09239999949932098
YHL038C,YDR217C,0,-4.6416516,0.33212995529174805,0.46000000834465027,0.0925000011920929
YPR052C,YBR198C,0,-4.6416645,0.331890344619751,0.46000000834465027,0.09260000288486481
YDL147W,YDR392W,0,-4.642068,0.3316510319709778,0.46000000834465027,0.09269999712705612
YJR025C,YDR258C,0,-4.6425333,0.33141210675239563,0.46000000834465027,0.09279999881982803
YOL076W,YML055W,0,-4.643437,0.33117350935935974,0.46000000834465027,0.09290000051259995
YMR260C,YNL310C,0,-4.643908,0.3309352397918701,0.46000000834465027,0.09300000220537186
YNL258C,YKR022C,0,-4.6442122,0.33069732785224915,0.46000000834465027,0.09309999644756317
YPL192C,YBR165W,0,-4.645202,0.3304597735404968,0.46000000834465027,0.09319999814033508
YGR262C,YDR318W,0,-4.6461277,0.33022254705429077,0.46000000834465027,0.093299999833107
YPR019W,YOL005C,0,-4.6461406,0.329985648393631,0.46000000834465027,0.0934000015258789
YNL085W,YHR196W,0,-4.646677,0.32974910736083984,0.46000000834465027,0.09350000321865082
YDR419W,YPR088C,0,-4.6469617,0.32951289415359497,0.46000000834465027,0.09359999746084213
YBL030C,YMR129W,1,-4.6474757,0.3299928307533264,0.460999995470047,0.09359999746084213
YER056C,YGL097W,1,-4.647796,0.33047211170196533,0.4620000123977661,0.09359999746084213
YDR384C,YOL077W-A,0,-4.6503057,0.33023586869239807,0.4620000123977661,0.09369999915361404
YLR022C,YER148W,0,-4.650324,0.33000001311302185,0.4620000123977661,0.09380000084638596
YPL053C,YEL051W,0,-4.651881,0.3297644555568695,0.4620000123977661,0.09390000253915787
YDR512C,YIL063C,0,-4.652117,0.3295292556285858,0.4620000123977661,0.09399999678134918
YML078W,YOR207C,0,-4.6532097,0.3292943835258484,0.4620000123977661,0.0940999984741211
YPR057W,YJL074C,0,-4.6532974,0.3290598392486572,0.4620000123977661,0.094200000166893
YOR349W,YML113W,0,-4.653322,0.32882562279701233,0.4620000123977661,0.09430000185966492
YPL048W,YHR193C,0,-4.653529,0.3285917639732361,0.4620000123977661,0.09440000355243683
YGL174W,YOR112W,1,-4.653657,0.3290689289569855,0.46299999952316284,0.09440000355243683
YPL217C,YMR263W,0,-4.654277,0.32883521914482117,0.46299999952316284,0.09449999779462814
YDR038C,YBR195C,0,-4.654825,0.3286018371582031,0.46299999952316284,0.09459999948740005
YER161C,YOL109W,0,-4.6558228,0.32836878299713135,0.46299999952316284,0.09470000118017197
YPL169C,YML107C,1,-4.6561303,0.3288447856903076,0.46399998664855957,0.09470000118017197
YDR179C,YKL043W,0,-4.656545,0.32861191034317017,0.46399998664855957,0.09480000287294388
YDL088C,YGL247W,1,-4.6568365,0.3290870487689972,0.4650000035762787,0.09480000287294388
YBR110W,YBR175W,0,-4.6573315,0.3288543224334717,0.4650000035762787,0.09489999711513519
YJL014W,YGR186W,0,-4.657761,0.32862189412117004,0.4650000035762787,0.0949999988079071
YBR200W,YOL069W,0,-4.657814,0.32838982343673706,0.4650000035762787,0.09510000050067902
YLR176C,YOR014W,0,-4.6595964,0.32815808057785034,0.4650000035762787,0.09520000219345093
YLR170C,YJL076W,0,-4.660983,0.3279266655445099,0.4650000035762787,0.09529999643564224
YGL028C,YDL060W,0,-4.6610384,0.3276955485343933,0.4650000035762787,0.09539999812841415
YGL112C,YPL253C,0,-4.662547,0.3274647891521454,0.4650000035762787,0.09549999982118607
YOR112W,YNL004W,1,-4.662572,0.3279380798339844,0.4659999907016754,0.09549999982118607
YJL186W,YJL203W,0,-4.6631145,0.327707439661026,0.4659999907016754,0.09560000151395798
YGR014W,YGR147C,0,-4.664608,0.3274771571159363,0.4659999907016754,0.09570000320672989
YCR048W,YDR498C,0,-4.6651707,0.3272472023963928,0.4659999907016754,0.0957999974489212
YNL192W,YHR005C,0,-4.6655684,0.32701754570007324,0.4659999907016754,0.09589999914169312
YHR024C,YLR435W,0,-4.66572,0.3267882168292999,0.4659999907016754,0.09600000083446503
YBR102C,YGR020C,0,-4.6667743,0.3265592157840729,0.4659999907016754,0.09610000252723694
YER110C,YCL001W,0,-4.668449,0.3263305425643921,0.4659999907016754,0.09619999676942825
YKR082W,YDL084W,1,-4.6688595,0.32680195569992065,0.46700000762939453,0.09619999676942825
YLR285W,YOR084W,0,-4.669155,0.3265734314918518,0.46700000762939453,0.09629999846220016
YAL033W,YHL007C,0,-4.6700826,0.32634520530700684,0.46700000762939453,0.09640000015497208
YMR128W,YER009W,0,-4.6704254,0.32611730694770813,0.46700000762939453,0.09650000184774399
YOR207C,YMR182C,0,-4.670636,0.3258897364139557,0.46700000762939453,0.0966000035405159
YNL323W,YDL236W,0,-4.670665,0.3256624937057495,0.46700000762939453,0.09669999778270721
YGR095C,YER074W-A,0,-4.6710625,0.3254355490207672,0.46700000762939453,0.09679999947547913
YML077W,YNL006W,0,-4.671125,0.3252089023590088,0.46700000762939453,0.09690000116825104
YLR095C,YOR110W,0,-4.671251,0.324982613325119,0.46700000762939453,0.09700000286102295
YER164W,YBR258C,0,-4.6716833,0.32475659251213074,0.46700000762939453,0.09709999710321426
YHR186C,YEL051W,0,-4.6718445,0.3245309293270111,0.46700000762939453,0.09719999879598618
YLR226W,YPL011C,0,-4.6725802,0.32430556416511536,0.46700000762939453,0.09730000048875809
YNL188W,YNL032W,0,-4.6726236,0.3240804970264435,0.46700000762939453,0.09740000218153
YDL231C,YOR233W,0,-4.6727533,0.32385575771331787,0.46700000762939453,0.09749999642372131
YDR140W,YFL017W-A,0,-4.6730013,0.32363131642341614,0.46700000762939453,0.09759999811649323
YLR192C,YML114C,0,-4.673257,0.32340720295906067,0.46700000762939453,0.09769999980926514
YHR052W,YBL025W,0,-4.6732607,0.3231833875179291,0.46700000762939453,0.09780000150203705
YDR195W,YPR163C,0,-4.673646,0.32295989990234375,0.46700000762939453,0.09790000319480896
YLR229C,YOR143C,0,-4.6738677,0.3227367103099823,0.46700000762939453,0.09799999743700027
YPL169C,YMR308C,1,-4.674258,0.3232044279575348,0.46799999475479126,0.09799999743700027
YOR112W,YDR192C,1,-4.674281,0.32367148995399475,0.4690000116825104,0.09799999743700027
YEL022W,YBR022W,0,-4.674465,0.3234482705593109,0.4690000116825104,0.09809999912977219
YJR076C,YPL085W,0,-4.6753473,0.32322534918785095,0.4690000116825104,0.0982000008225441
YMR060C,YGR072W,0,-4.675373,0.32300275564193726,0.4690000116825104,0.09830000251531601
YLR016C,YGL100W,1,-4.6765513,0.3234686851501465,0.4699999988079071,0.09830000251531601
YIL049W,YPL188W,0,-4.677751,0.32324621081352234,0.4699999988079071,0.09839999675750732
YOR034C,YMR125W,0,-4.678741,0.32302406430244446,0.4699999988079071,0.09849999845027924
YGL174W,YKL057C,1,-4.6790032,0.3234890103340149,0.47099998593330383,0.09849999845027924
YER161C,YIL063C,0,-4.679509,0.32326698303222656,0.47099998593330383,0.09860000014305115
YGL247W,YMR308C,1,-4.6806297,0.32373112440109253,0.47200000286102295,0.09860000014305115
YGR276C,YIL076W,0,-4.6824765,0.32350924611091614,0.47200000286102295,0.09870000183582306
YNL182C,YML097C,0,-4.6828833,0.3232876658439636,0.47200000286102295,0.09880000352859497
YNR056C,YNL014W,0,-4.6837096,0.323066383600235,0.47200000286102295,0.09889999777078629
YGR178C,YJR010C-A,0,-4.6854525,0.3228454291820526,0.47200000286102295,0.0989999994635582
YOR026W,YKR038C,0,-4.685611,0.32262474298477173,0.47200000286102295,0.09910000115633011
YPL058C,YLR425W,0,-4.685785,0.3224043846130371,0.47200000286102295,0.09920000284910202
YDR191W,YNL244C,0,-4.686125,0.322184294462204,0.47200000286102295,0.09929999709129333
YDL198C,YML062C,1,-4.686281,0.3226466476917267,0.4729999899864197,0.09929999709129333
YIL085C,YML069W,0,-4.68667,0.3224267065525055,0.4729999899864197,0.09939999878406525
YJL073W,YMR008C,0,-4.6879153,0.32220709323883057,0.4729999899864197,0.09950000047683716
YER126C,YMR077C,0,-4.6880236,0.32198774814605713,0.4729999899864197,0.09960000216960907
YDR385W,YDR378C,0,-4.688134,0.32176870107650757,0.4729999899864197,0.09969999641180038
YMR308C,YMR235C,1,-4.6886396,0.3222297728061676,0.4740000069141388,0.09969999641180038
YDL175C,YDL088C,1,-4.6904984,0.3226902186870575,0.4749999940395355,0.09969999641180038
YGL174W,YML103C,1,-4.6913457,0.32315003871917725,0.47600001096725464,0.09969999641180038
YOR160W,YMR308C,1,-4.6913953,0.32360923290252686,0.47699999809265137,0.09969999641180038
YDR378C,YDL135C,0,-4.692231,0.32338982820510864,0.47699999809265137,0.0997999981045723
YBR009C,YML093W,0,-4.692282,0.3231707215309143,0.47699999809265137,0.09989999979734421
YPL008W,YER165W,0,-4.692736,0.32295194268226624,0.47699999809265137,0.10000000149011612
YGL097W,YKL214C,1,-4.693506,0.3234100043773651,0.4779999852180481,0.10000000149011612
YPL255W,YML015C,0,-4.693635,0.3231913447380066,0.4779999852180481,0.10010000318288803
YGR253C,YER100W,0,-4.695278,0.32297298312187195,0.4779999852180481,0.10019999742507935
YGR280C,YBL088C,0,-4.6954737,0.3227548897266388,0.4779999852180481,0.10029999911785126
YJR047C,YBL047C,0,-4.696827,0.3225371241569519,0.4779999852180481,0.10040000081062317
YDR288W,YLR221C,0,-4.6982126,0.3223196268081665,0.4779999852180481,0.10050000250339508
YDL175C,YHR167W,1,-4.6985188,0.32277628779411316,0.4790000021457672,0.10050000250339508
YNL281W,YML014W,0,-4.6989117,0.3225589096546173,0.4790000021457672,0.1005999967455864
YDL002C,YDR308C,0,-4.699428,0.3223418593406677,0.4790000021457672,0.1006999984383583
YML123C,YDR198C,0,-4.700751,0.32212507724761963,0.4790000021457672,0.10080000013113022
YPR128C,YHR167W,1,-4.70171,0.32258063554763794,0.47999998927116394,0.10080000013113022
YDL161W,YGR085C,0,-4.7038946,0.3223640024662018,0.47999998927116394,0.10090000182390213
YNL290W,YDL147W,0,-4.7042084,0.3221476376056671,0.47999998927116394,0.10100000351667404
YPL267W,YGR104C,0,-4.704427,0.3219316005706787,0.47999998927116394,0.10109999775886536
YDL198C,YJL041W,1,-4.704988,0.3223860561847687,0.48100000619888306,0.10109999775886536
YKR048C,YJR066W,0,-4.705212,0.3221701383590698,0.48100000619888306,0.10119999945163727
YBR021W,YML103C,1,-4.7065935,0.3226238191127777,0.4819999933242798,0.10119999945163727
YKL012W,YPR163C,0,-4.707926,0.3224080204963684,0.4819999933242798,0.10130000114440918
YBR095C,YDL092W,0,-4.70866,0.322192519903183,0.4819999933242798,0.10140000283718109
YDR429C,YDL224C,0,-4.709364,0.32197728753089905,0.4819999933242798,0.1014999970793724
YAR018C,YOL076W,0,-4.7100163,0.321762353181839,0.4819999933242798,0.10159999877214432
YOR007C,YDL047W,0,-4.7107167,0.3215476870536804,0.4819999933242798,0.10170000046491623
YER036C,YPL175W,0,-4.711556,0.3213333189487457,0.4819999933242798,0.10180000215768814
YPL212C,YJR066W,0,-4.7121077,0.3211192488670349,0.4819999933242798,0.10189999639987946
YIL046W,YIL031W,0,-4.71255,0.3209054470062256,0.4819999933242798,0.10199999809265137
YPL049C,YKL191W,0,-4.7128706,0.32069194316864014,0.4819999933242798,0.10209999978542328
YDL088C,YKR095W,1,-4.7131314,0.32114362716674805,0.4830000102519989,0.10209999978542328
YPL046C,YKL120W,0,-4.713293,0.32093024253845215,0.4830000102519989,0.10220000147819519
YNL291C,YOL090W,0,-4.713437,0.32071712613105774,0.4830000102519989,0.1023000031709671
YOR236W,YBL025W,0,-4.714154,0.3205043077468872,0.4830000102519989,0.10239999741315842
YOR094W,YAR003W,0,-4.714864,0.32029178738594055,0.4830000102519989,0.10249999910593033
YLR208W,YPR133W-A,0,-4.7163167,0.3200795352458954,0.4830000102519989,0.10260000079870224
YEL020W-A,YBR127C,0,-4.7169423,0.3198675513267517,0.4830000102519989,0.10270000249147415
YOR031W,YNL230C,0,-4.7175446,0.3196558654308319,0.4830000102519989,0.10279999673366547
YBR029C,YDR302W,0,-4.718018,0.3194444477558136,0.4830000102519989,0.10289999842643738
YBR245C,YHR081W,0,-4.7182918,0.3192332983016968,0.4830000102519989,0.10300000011920929
YDR116C,YJL198W,0,-4.7186937,0.31902244687080383,0.4830000102519989,0.1031000018119812
YJR042W,YBL030C,1,-4.718871,0.31947195529937744,0.48399999737739563,0.1031000018119812
YKL186C,YMR047C,1,-4.718883,0.3199208378791809,0.48500001430511475,0.1031000018119812
YNL166C,YKL042W,0,-4.718889,0.3197099566459656,0.48500001430511475,0.10320000350475311
YDL175C,YPR128C,1,-4.720878,0.32015809416770935,0.4860000014305115,0.10320000350475311
YLR079W,YGL049C,0,-4.7215085,0.31994733214378357,0.4860000014305115,0.10329999774694443
YOR126C,YBR175W,0,-4.7222824,0.3197368383407593,0.4860000014305115,0.10339999943971634
YJL176C,YLR003C,0,-4.723514,0.3195266127586365,0.4860000014305115,0.10350000113248825
YLR310C,YPL128C,0,-4.725584,0.31931668519973755,0.4860000014305115,0.10360000282526016
YMR267W,YLR340W,0,-4.726804,0.3191070258617401,0.4860000014305115,0.10369999706745148
YBR021W,YGL172W,1,-4.7272177,0.31955379247665405,0.4869999885559082,0.10369999706745148
YLR417W,YGR270W,0,-4.7273216,0.31934425234794617,0.4869999885559082,0.10379999876022339
YBL079W,YKR002W,1,-4.7278566,0.3197903037071228,0.4880000054836273,0.10379999876022339
YPL195W,YCR065W,0,-4.7285476,0.31958088278770447,0.4880000054836273,0.1039000004529953
YDL198C,YER107C,1,-4.7287726,0.3200261890888214,0.48899999260902405,0.1039000004529953
YOR211C,YML097C,0,-4.7292595,0.3198168873786926,0.48899999260902405,0.10400000214576721
YBR009C,YOL156W,0,-4.7309313,0.31960785388946533,0.48899999260902405,0.10409999638795853
YJR118C,YKL194C,0,-4.731262,0.3193990886211395,0.48899999260902405,0.10419999808073044
YML076C,YLR003C,0,-4.7315774,0.3191905915737152,0.48899999260902405,0.10429999977350235
YNL281W,YJL121C,0,-4.7317653,0.31898239254951477,0.48899999260902405,0.10440000146627426
YLR295C,YJL138C,0,-4.7351685,0.31877443194389343,0.48899999260902405,0.10450000315904617
YDL056W,YPR100W,0,-4.7356234,0.31856676936149597,0.48899999260902405,0.10459999740123749
YDL138W,YDR166C,0,-4.736414,0.318359375,0.48899999260902405,0.1046999990940094
YJR105W,YGL032C,0,-4.7364345,0.3181522488594055,0.48899999260902405,0.10480000078678131
YGR218W,YDR381W,1,-4.736512,0.3185955882072449,0.49000000953674316,0.10480000078678131
YGR264C,YBR276C,0,-4.7366114,0.31838855147361755,0.49000000953674316,0.10490000247955322
YER088C,YDR150W,0,-4.736615,0.3181818127632141,0.49000000953674316,0.10499999672174454
YOR038C,YPL065W,0,-4.7368565,0.31797534227371216,0.49000000953674316,0.10509999841451645
YFR028C,YDR240C,0,-4.737141,0.3177691400051117,0.49000000953674316,0.10520000010728836
YGL247W,YOR112W,1,-4.7374363,0.31821128726005554,0.4909999966621399,0.10520000010728836
YLR342W,YDR140W,0,-4.7379007,0.31800517439842224,0.4909999966621399,0.10530000180006027
YGL119W,YDR337W,0,-4.739686,0.3177993595600128,0.4909999966621399,0.10540000349283218
YBR023C,YOR209C,0,-4.740884,0.3175937831401825,0.4909999966621399,0.1054999977350235
YGR191W,YNL294C,0,-4.741499,0.31738850474357605,0.4909999966621399,0.10559999942779541
YLR105C,YDR207C,0,-4.741707,0.3171834647655487,0.4909999966621399,0.10570000112056732
YFL034C-B,YDL092W,0,-4.741769,0.31697869300842285,0.4909999966621399,0.10580000281333923
YNL256W,YDR310C,0,-4.742028,0.3167741894721985,0.4909999966621399,0.10589999705553055
YAR018C,YGR195W,0,-4.7422886,0.3165699541568756,0.4909999966621399,0.10599999874830246
YDR212W,YGL210W,0,-4.742491,0.3163659870624542,0.4909999966621399,0.10610000044107437
YBR034C,YKL057C,1,-4.7425585,0.3168061673641205,0.492000013589859,0.10610000044107437
YLR265C,YLR191W,0,-4.7427053,0.31660231947898865,0.492000013589859,0.10620000213384628
YJL198W,YNL222W,0,-4.74343,0.3163987100124359,0.492000013589859,0.1062999963760376
YLR115W,YOR340C,0,-4.743868,0.31619536876678467,0.492000013589859,0.10639999806880951
YJL002C,YGR199W,0,-4.7439923,0.3159922957420349,0.492000013589859,0.10649999976158142
YOR046C,YER056C,1,-4.744752,0.31643131375312805,0.49300000071525574,0.10649999976158142
YNL222W,YDR398W,0,-4.7450013,0.31622835993766785,0.49300000071525574,0.10660000145435333
YMR237W,YHR019C,0,-4.745514,0.31602564454078674,0.49300000071525574,0.10670000314712524
YER013W,YIL138C,0,-4.7457123,0.31582319736480713,0.49300000071525574,0.10679999738931656
YLR107W,YDR227W,0,-4.7460184,0.3156209886074066,0.49300000071525574,0.10689999908208847
YGL105W,YPR080W,1,-4.746819,0.316058874130249,0.49399998784065247,0.10689999908208847
YIL142W,YOR074C,0,-4.7474327,0.31585678458213806,0.49399998784065247,0.10700000077486038
YBL042C,YKR002W,1,-4.7474737,0.3162939250469208,0.4950000047683716,0.10700000077486038
YKL013C,YKL058W,0,-4.747499,0.31609195470809937,0.4950000047683716,0.1071000024676323
YLR291C,YGR202C,0,-4.747607,0.31589022278785706,0.4950000047683716,0.10719999670982361
YPR120C,YLR147C,0,-4.747633,0.3156887888908386,0.4950000047683716,0.10729999840259552
YBL016W,YGL112C,0,-4.7481704,0.3154875636100769,0.4950000047683716,0.10740000009536743
YBL099W,YJL134W,0,-4.748448,0.31528663635253906,0.4950000047683716,0.10750000178813934
YBR034C,YOR160W,1,-4.748952,0.3157224655151367,0.4959999918937683,0.10750000178813934
YMR047C,YMR273C,1,-4.750503,0.3161577582359314,0.4970000088214874,0.10750000178813934
YBL030C,YGL097W,1,-4.7509036,0.3165924847126007,0.49799999594688416,0.10750000178813934
YML069W,YNL016W,0,-4.7517495,0.31639134883880615,0.49799999594688416,0.10760000348091125
YNL102W,YPR132W,0,-4.7539945,0.3161904811859131,0.49799999594688416,0.10769999772310257
YLR427W,YOR254C,0,-4.7545166,0.3159898519515991,0.49799999594688416,0.10779999941587448
YPL149W,YGR118W,0,-4.754678,0.31578946113586426,0.49799999594688416,0.10790000110864639
YIL049W,YFR001W,0,-4.7550187,0.31558936834335327,0.49799999594688416,0.1080000028014183
YMR299C,YGL044C,0,-4.755086,0.315389484167099,0.49799999594688416,0.10809999704360962
YGR038W,YFR037C,0,-4.7555833,0.3151898682117462,0.49799999594688416,0.10819999873638153
YML067C,YGR166W,0,-4.7562466,0.3149905204772949,0.49799999594688416,0.10830000042915344
YDR179C,YHR059W,0,-4.756587,0.31479141116142273,0.49799999594688416,0.10840000212192535
YGR264C,YDL006W,0,-4.757468,0.31459254026412964,0.49799999594688416,0.10849999636411667
YOR204W,YIR006C,0,-4.7580194,0.31439393758773804,0.49799999594688416,0.10859999805688858
YDR331W,YBR083W,0,-4.758233,0.31419557332992554,0.49799999594688416,0.10869999974966049
YCL051W,YJL035C,0,-4.7583685,0.3139974772930145,0.49799999594688416,0.1088000014424324
YER166W,YMR142C,0,-4.7593493,0.3137996196746826,0.49799999594688416,0.10890000313520432
YKR082W,YDR381W,1,-4.7596264,0.3142317235469818,0.49900001287460327,0.10890000313520432
YBR218C,YLR154C,0,-4.75988,0.31403398513793945,0.49900001287460327,0.10899999737739563
YMR207C,YIL118W,0,-4.760243,0.3138364851474762,0.49900001287460327,0.10909999907016754
YAL043C,YPL232W,0,-4.7610483,0.31363922357559204,0.49900001287460327,0.10920000076293945
YDR404C,YMR270C,0,-4.7617145,0.313442200422287,0.49900001287460327,0.10930000245571136
YNL139C,YKL214C,1,-4.764138,0.31387320160865784,0.5,0.10930000245571136
YHR186C,YDL064W,0,-4.764436,0.31367629766464233,0.5,0.10939999669790268
YDR221W,YCL055W,0,-4.7647104,0.31347963213920593,0.5,0.10949999839067459
YBR021W,YMR235C,1,-4.766629,0.31390976905822754,0.5009999871253967,0.10949999839067459
YER107C,YDR192C,1,-4.767171,0.31433939933776855,0.5019999742507935,0.10949999839067459
YPL008W,YML015C,0,-4.7689533,0.3141426742076874,0.5019999742507935,0.1096000000834465
YBL093C,YPL175W,0,-4.771483,0.3139462172985077,0.5019999742507935,0.10970000177621841
YLR431C,YBR210W,0,-4.772787,0.3137499988079071,0.5019999742507935,0.10980000346899033
YPL217C,YML069W,0,-4.774165,0.3135540187358856,0.5019999742507935,0.10989999771118164
YNR027W,YDL077C,0,-4.7748337,0.3133583068847656,0.5019999742507935,0.10999999940395355
YKR026C,YOR354C,0,-4.775492,0.31316283345222473,0.5019999742507935,0.11010000109672546
YDR465C,YJL143W,0,-4.7760105,0.31296756863594055,0.5019999742507935,0.11020000278949738
YJL061W,YPR080W,1,-4.776968,0.3133956491947174,0.503000020980835,0.11020000278949738
YKL032C,YLR022C,0,-4.7772627,0.3132005035877228,0.503000020980835,0.11029999703168869
YBL046W,YLR442C,0,-4.777507,0.31300559639930725,0.503000020980835,0.1103999987244606
YJR057W,YDL036C,0,-4.777591,0.3128109574317932,0.503000020980835,0.11050000041723251
YAR015W,YPL243W,0,-4.777908,0.3126165270805359,0.503000020980835,0.11060000211000443
YPL208W,YPL131W,0,-4.7792535,0.31242236495018005,0.503000020980835,0.11069999635219574
YLR418C,YDR221W,0,-4.7794204,0.3122284412384033,0.503000020980835,0.11079999804496765
YLR452C,YGR296W,0,-4.7803526,0.3120347261428833,0.503000020980835,0.11089999973773956
YPR072W,YGL066W,0,-4.780573,0.31184127926826477,0.503000020980835,0.11100000143051147
YNR013C,YDR477W,0,-4.783257,0.31164807081222534,0.503000020980835,0.11110000312328339
YBR129C,YOR327C,0,-4.784154,0.311455100774765,0.503000020980835,0.1111999973654747
YDR235W,YGR181W,0,-4.7845297,0.3112623691558838,0.503000020980835,0.11129999905824661
YER117W,YBR198C,0,-4.7849026,0.31106987595558167,0.503000020980835,0.11140000075101852
YIL040W,YPL169C,1,-4.7857585,0.31149566173553467,0.5040000081062317,0.11140000075101852
YDL030W,YER129W,0,-4.7859,0.3113032877445221,0.5040000081062317,0.11150000244379044
YIR015W,YOR159C,0,-4.785911,0.31111112236976624,0.5040000081062317,0.11159999668598175
YDL155W,YOL148C,0,-4.787196,0.3109191954135895,0.5040000081062317,0.11169999837875366
YLR291C,YPR103W,0,-4.7875595,0.3107275068759918,0.5040000081062317,0.11180000007152557
YPR052C,YBR257W,0,-4.7880106,0.31053605675697327,0.5040000081062317,0.11190000176429749
YCR082W,YHR142W,0,-4.788813,0.3103448152542114,0.5040000081062317,0.1120000034570694
YHR068W,YFR009W,0,-4.7897797,0.3101538419723511,0.5040000081062317,0.11209999769926071
YGR229C,YDR240C,0,-4.7898207,0.3099631071090698,0.5040000081062317,0.11219999939203262
YNR017W,YOL094C,0,-4.790066,0.3097725808620453,0.5040000081062317,0.11230000108480453
YDR138W,YML062C,1,-4.793743,0.31019654870033264,0.5049999952316284,0.11230000108480453
YDL175C,YBR034C,1,-4.794482,0.3106200098991394,0.5059999823570251,0.11230000108480453
YNL072W,YOR115C,0,-4.7945986,0.3104294538497925,0.5059999823570251,0.11240000277757645
YIL142W,YAL026C,0,-4.7946057,0.31023910641670227,0.5059999823570251,0.11249999701976776
YOR241W,YER012W,0,-4.7956743,0.31004902720451355,0.5059999823570251,0.11259999871253967
YIL118W,YDR023W,0,-4.795712,0.30985915660858154,0.5059999823570251,0.11270000040531158
YER168C,YHL020C,0,-4.7960835,0.30966952443122864,0.5059999823570251,0.1128000020980835
YJL092W,YIL021W,0,-4.796114,0.30948013067245483,0.5059999823570251,0.11289999634027481
YAL007C,YGL068W,0,-4.7965446,0.30929094552993774,0.5059999823570251,0.11299999803304672
YDR389W,YJL098W,0,-4.7968,0.30910202860832214,0.5059999823570251,0.11309999972581863
YNR044W,YNL233W,0,-4.7971015,0.30891332030296326,0.5059999823570251,0.11320000141859055
YLR023C,YOL122C,0,-4.797146,0.3087248206138611,0.5059999823570251,0.11330000311136246
YKR095W,YKL214C,1,-4.797408,0.30914634466171265,0.5070000290870667,0.11330000311136246
YJR001W,YOL063C,0,-4.7975483,0.3089579641819,0.5070000290870667,0.11339999735355377
YCL059C,YMR091C,0,-4.7976003,0.3087697923183441,0.5070000290870667,0.11349999904632568
YDR150W,YPL122C,0,-4.7977,0.3085818588733673,0.5070000290870667,0.1136000007390976
YOR112W,YKR002W,1,-4.7982635,0.30900242924690247,0.5080000162124634,0.1136000007390976
YPL217C,YJL165C,0,-4.7985945,0.3088145852088928,0.5080000162124634,0.1137000024318695
YPL137C,YML064C,0,-4.7997637,0.3086269795894623,0.5080000162124634,0.11379999667406082
YMR231W,YLR371W,0,-4.8000636,0.30843958258628845,0.5080000162124634,0.11389999836683273
YIL120W,YER072W,0,-4.800315,0.3082524240016937,0.5080000162124634,0.11400000005960464
YDR217C,YGR270W,0,-4.800528,0.3080655038356781,0.5080000162124634,0.11410000175237656
YLR429W,YDL161W,0,-4.800729,0.3078787922859192,0.5080000162124634,0.11420000344514847
YLR274W,YKL170W,0,-4.801071,0.3076923191547394,0.5080000162124634,0.11429999768733978
YGL027C,YDR385W,0,-4.8013487,0.3075060546398163,0.5080000162124634,0.1143999993801117
YEL063C,YOR270C,0,-4.801903,0.3073200285434723,0.5080000162124634,0.1145000010728836
YDL231C,YMR285C,0,-4.8034215,0.307134211063385,0.5080000162124634,0.11460000276565552
YMR091C,YBR221C,0,-4.8036985,0.30694863200187683,0.5080000162124634,0.11469999700784683
YJR042W,YNL139C,1,-4.803718,0.30736714601516724,0.5090000033378601,0.11469999700784683
YBR257W,YDR532C,0,-4.8041105,0.3071816563606262,0.5090000033378601,0.11479999870061874
YBL030C,YMR308C,1,-4.8048444,0.3075995147228241,0.5099999904632568,0.11479999870061874
YBR121C,YKL042W,0,-4.8049207,0.30741411447525024,0.5099999904632568,0.11490000039339066
YMR138W,YDR488C,0,-4.805078,0.3072289228439331,0.5099999904632568,0.11500000208616257
YDR138W,YBR192W,1,-4.8054934,0.3076460063457489,0.5109999775886536,0.11500000208616257
YER056C,YMR273C,1,-4.806019,0.3080625832080841,0.5120000243186951,0.11500000208616257
YDL044C,YOR327C,0,-4.806476,0.3078773319721222,0.5120000243186951,0.11509999632835388
YEL066W,YBR205W,0,-4.806506,0.3076923191547394,0.5120000243186951,0.1151999980211258
YNL256W,YDR322C-A,0,-4.8066583,0.3075075149536133,0.5120000243186951,0.1152999997138977
YCL059C,YNL098C,0,-4.808016,0.3073229193687439,0.5120000243186951,0.11540000140666962
YBR195C,YFR050C,0,-4.8085966,0.3071385622024536,0.5120000243186951,0.11550000309944153
YAR019C,YDR217C,0,-4.808747,0.30695444345474243,0.5120000243186951,0.11559999734163284
YGL065C,YNL290W,0,-4.8105135,0.30677053332328796,0.5120000243186951,0.11569999903440475
YDR054C,YJL054W,0,-4.8119774,0.3065868318080902,0.5120000243186951,0.11580000072717667
YOR160W,YBR192W,1,-4.812499,0.3070017993450165,0.5130000114440918,0.11580000072717667
YAR015W,YOR321W,0,-4.8141193,0.3068181872367859,0.5130000114440918,0.11590000241994858
YML094W,YDR140W,0,-4.8141565,0.306634783744812,0.5130000114440918,0.11599999666213989
YOL061W,YCR042C,0,-4.816141,0.30645161867141724,0.5130000114440918,0.1160999983549118
YJR132W,YPL188W,0,-4.816269,0.3062686622142792,0.5130000114440918,0.11620000004768372
YER177W,YNL091W,0,-4.8165126,0.3060859143733978,0.5130000114440918,0.11630000174045563
YGL027C,YLR398C,0,-4.8166585,0.3059034049510956,0.5130000114440918,0.11640000343322754
YOR061W,YDR419W,0,-4.816726,0.30572110414505005,0.5130000114440918,0.11649999767541885
YGL245W,YPL097W,0,-4.817168,0.30553901195526123,0.5130000114440918,0.11659999936819077
YOR207C,YGL213C,0,-4.8174047,0.3053571283817291,0.5130000114440918,0.11670000106096268
YDR013W,YHR152W,0,-4.8175306,0.3051754832267761,0.5130000114440918,0.11680000275373459
YML081C-A,YHL003C,0,-4.818927,0.30499404668807983,0.5130000114440918,0.1168999969959259
YBR022W,YIL063C,0,-4.8204365,0.30481284856796265,0.5130000114440918,0.11699999868869781
YOL102C,YML025C,0,-4.8213553,0.3046318292617798,0.5130000114440918,0.11710000038146973
YOL145C,YJL165C,0,-4.8217216,0.304451048374176,0.5130000114440918,0.11720000207424164
YNL004W,YKL057C,1,-4.822819,0.3048635721206665,0.5139999985694885,0.11720000207424164
YKR095W,YML107C,1,-4.823141,0.30527564883232117,0.5149999856948853,0.11720000207424164
YER107C,YMR047C,1,-4.8251014,0.30568718910217285,0.515999972820282,0.11720000207424164
YLL018C-A,YDR142C,0,-4.825506,0.30550622940063477,0.515999972820282,0.11729999631643295
YEL071W,YPR181C,0,-4.8259435,0.305325448513031,0.515999972820282,0.11739999800920486
YNL039W,YOR061W,0,-4.826746,0.30514487624168396,0.515999972820282,0.11749999970197678
YOR341W,YLR262C,0,-4.827286,0.304964542388916,0.515999972820282,0.11760000139474869
YJL143W,YOL128C,0,-4.827721,0.3047844171524048,0.515999972820282,0.1177000030875206
YMR146C,YDR135C,0,-4.8278985,0.30460450053215027,0.515999972820282,0.11779999732971191
YOR020C,YDR487C,0,-4.830193,0.30442479252815247,0.515999972820282,0.11789999902248383
YLR242C,YEL026W,0,-4.8307233,0.3042452931404114,0.515999972820282,0.11800000071525574
YDR260C,YBR162C,0,-4.8312,0.304066002368927,0.515999972820282,0.11810000240802765
YNL159C,YIL030C,0,-4.831357,0.30388692021369934,0.515999972820282,0.11819999665021896
YHR143W,YBR129C,0,-4.831396,0.3037080764770508,0.515999972820282,0.11829999834299088
YDL044C,YOR194C,0,-4.8315144,0.30352941155433655,0.515999972820282,0.11840000003576279
YMR047C,YGL172W,1,-4.8315983,0.3039388656616211,0.5170000195503235,0.11840000003576279
YGL172W,YDL084W,1,-4.831826,0.30434781312942505,0.5180000066757202,0.11840000003576279
YHR115C,YKL018W,0,-4.8321757,0.3041691184043884,0.5180000066757202,0.1185000017285347
YJL076W,YJR010C-A,0,-4.83359,0.30399060249328613,0.5180000066757202,0.11860000342130661
YLR129W,YOR279C,0,-4.833827,0.30381232500076294,0.5180000066757202,0.11869999766349792
YNL139C,YDR381W,1,-4.8338323,0.30422040820121765,0.5189999938011169,0.11869999766349792
YGL126W,YLR212C,0,-4.8346786,0.30404219031333923,0.5189999938011169,0.11879999935626984
YOR080W,YOR295W,0,-4.8347464,0.30386418104171753,0.5189999938011169,0.11890000104904175
YIR009W,YBR175W,0,-4.834773,0.30368638038635254,0.5189999938011169,0.11900000274181366
YOR046C,YDL198C,1,-4.836033,0.3040935695171356,0.5199999809265137,0.11900000274181366
YDR138W,YMR235C,1,-4.8360662,0.3045002818107605,0.5210000276565552,0.11900000274181366
YJL170C,YGR192C,0,-4.8377,0.30432242155075073,0.5210000276565552,0.11909999698400497
YGR278W,YMR077C,0,-4.8379393,0.3041447699069977,0.5210000276565552,0.11919999867677689
YDL028C,YMR285C,0,-4.83829,0.30396732687950134,0.5210000276565552,0.1193000003695488
YOR039W,YHR083W,0,-4.839165,0.3037900924682617,0.5210000276565552,0.11940000206232071
YNL239W,YGL087C,0,-4.8394012,0.3036130666732788,0.5210000276565552,0.11949999630451202
YHR079C,YER009W,0,-4.839902,0.3034362196922302,0.5210000276565552,0.11959999799728394
YBR009C,YOR188W,0,-4.840013,0.30325961112976074,0.5210000276565552,0.11969999969005585
YDR198C,YHR111W,0,-4.8410683,0.3030831813812256,0.5210000276565552,0.11980000138282776
YLR016C,YGL097W,1,-4.841572,0.3034883737564087,0.5220000147819519,0.11980000138282776
YDR221W,YDL188C,0,-4.841637,0.3033120334148407,0.5220000147819519,0.11990000307559967
YBL003C,YLR095C,0,-4.841754,0.3031359016895294,0.5220000147819519,0.11999999731779099
YKL114C,YEL032W,0,-4.842223,0.30295994877815247,0.5220000147819519,0.1200999990105629
YOL020W,YMR089C,0,-4.843216,0.3027842342853546,0.5220000147819519,0.12020000070333481
YPR128C,YBR192W,1,-4.8435135,0.30318841338157654,0.5230000019073486,0.12020000070333481
YJL081C,YNL297C,0,-4.8435187,0.30301275849342346,0.5230000019073486,0.12030000239610672
YER107C,YPR080W,1,-4.844551,0.30341634154319763,0.5239999890327454,0.12030000239610672
YBR034C,YBL030C,1,-4.8446026,0.3038194477558136,0.5249999761581421,0.12030000239610672
YDR219C,YHR120W,0,-4.84494,0.30364373326301575,0.5249999761581421,0.12039999663829803
YDL155W,YPL098C,0,-4.8455954,0.3034681975841522,0.5249999761581421,0.12049999833106995
YNL039W,YKL113C,0,-4.846244,0.3032929003238678,0.5249999761581421,0.12060000002384186
YMR025W,YEL027W,0,-4.846468,0.3031177818775177,0.5249999761581421,0.12070000171661377
YLR442C,YPL144W,0,-4.846545,0.3029428720474243,0.5249999761581421,0.12080000340938568
YPL271W,YDL098C,0,-4.8482065,0.30276817083358765,0.5249999761581421,0.120899997651577
YBR198C,YKR060W,0,-4.849325,0.3025936484336853,0.5249999761581421,0.12099999934434891
YOR123C,YPL144W,0,-4.8497314,0.30241936445236206,0.5249999761581421,0.12110000103712082
YER171W,YLR452C,0,-4.8512583,0.30224525928497314,0.5249999761581421,0.12120000272989273
YDR289C,YLR079W,0,-4.851262,0.30207133293151855,0.5249999761581421,0.12129999697208405
YKR068C,YLR043C,0,-4.8518744,0.30189764499664307,0.5249999761581421,0.12139999866485596
YGR038W,YJL054W,0,-4.8530436,0.3017241358757019,0.5249999761581421,0.12150000035762787
YGR116W,YKL175W,0,-4.853446,0.30155083537101746,0.5249999761581421,0.12160000205039978
YML126C,YGL253W,0,-4.854077,0.30137771368026733,0.5249999761581421,0.1216999962925911
YER027C,YBR097W,0,-4.854467,0.3012048304080963,0.5249999761581421,0.121799997985363
YOR112W,YGL100W,1,-4.854859,0.3016054928302765,0.5260000228881836,0.121799997985363
YKL046C,YKL043W,0,-4.856218,0.30143266916275024,0.5260000228881836,0.12189999967813492
YER122C,YFL031W,0,-4.8566685,0.3012600243091583,0.5260000228881836,0.12200000137090683
YDL198C,YMR308C,1,-4.8567243,0.3016600012779236,0.5270000100135803,0.12200000137090683
YPL217C,YGL124C,0,-4.856747,0.30148741602897644,0.5270000100135803,0.12210000306367874
YGL028C,YLR181C,0,-4.8568907,0.301315039396286,0.5270000100135803,0.12219999730587006
YGL008C,YBR043C,0,-4.856904,0.3011428713798523,0.5270000100135803,0.12229999899864197
YOR151C,YER005W,0,-4.857012,0.3009708821773529,0.5270000100135803,0.12240000069141388
YBL017C,YPL208W,0,-4.8571444,0.30079910159111023,0.5270000100135803,0.12250000238418579
YIL049W,YMR080C,0,-4.857295,0.3006274998188019,0.5270000100135803,0.1225999966263771
YBR034C,YML103C,1,-4.8576922,0.30102622509002686,0.527999997138977,0.1225999966263771
YDR219C,YDL046W,0,-4.8593006,0.30085471272468567,0.527999997138977,0.12269999831914902
YDL174C,YJL052W,0,-4.8595123,0.3006833791732788,0.527999997138977,0.12280000001192093
YOL108C,YDL236W,0,-4.8597317,0.3005122244358063,0.527999997138977,0.12290000170469284
YDR013W,YDR145W,0,-4.8609724,0.30034130811691284,0.527999997138977,0.12300000339746475
YDR217C,YOR207C,0,-4.861273,0.30017054080963135,0.527999997138977,0.12309999763965607
YER036C,YNR003C,0,-4.862094,0.30000001192092896,0.527999997138977,0.12319999933242798
YGL122C,YER105C,1,-4.8634653,0.30039751529693604,0.5289999842643738,0.12319999933242798
YDR138W,YKL214C,1,-4.8635325,0.3007945418357849,0.5299999713897705,0.12319999933242798
YOR209C,YLR154C,0,-4.8646717,0.30062392354011536,0.5299999713897705,0.12330000102519989
YGL174W,YBR034C,1,-4.8648033,0.30102041363716125,0.531000018119812,0.12330000102519989
YNL151C,YKR042W,0,-4.8650274,0.3008498549461365,0.531000018119812,0.1234000027179718
YPR122W,YLR100W,0,-4.8650675,0.3006795048713684,0.531000018119812,0.12349999696016312
YDR281C,YNL131W,0,-4.8656106,0.30050933361053467,0.531000018119812,0.12359999865293503
YMR276W,YJR009C,0,-4.8659267,0.30033937096595764,0.531000018119812,0.12370000034570694
YGL048C,YPL157W,0,-4.8663974,0.30016958713531494,0.531000018119812,0.12380000203847885
YHL006C,YBR083W,0,-4.8666706,0.30000001192092896,0.531000018119812,0.12389999628067017
YJR132W,YNL047C,0,-4.866783,0.2998306155204773,0.531000018119812,0.12399999797344208
YFL013C,YGR009C,0,-4.867352,0.29966139793395996,0.531000018119812,0.12409999966621399
YCR077C,YLL024C,0,-4.8673754,0.29949238896369934,0.531000018119812,0.1242000013589859
YGL136C,YEL037C,0,-4.867903,0.29932355880737305,0.531000018119812,0.12430000305175781
YGL174W,YGL097W,1,-4.86854,0.29971832036972046,0.5320000052452087,0.12430000305175781
YBL042C,YNL004W,1,-4.86864,0.30011260509490967,0.5329999923706055,0.12430000305175781
YJR064W,YPL204W,0,-4.8687243,0.2999437153339386,0.5329999923706055,0.12439999729394913
YBL026W,YKR090W,0,-4.868763,0.29977503418922424,0.5329999923706055,0.12449999898672104
YLR023C,YLR337C,0,-4.8692784,0.2996065318584442,0.5329999923706055,0.12460000067949295
YML021C,YIL039W,0,-4.870193,0.2994382083415985,0.5329999923706055,0.12470000237226486
YBR048W,YNL064C,0,-4.871002,0.29927006363868713,0.5329999923706055,0.12479999661445618
YKR087C,YLR003C,0,-4.8713746,0.29910212755203247,0.5329999923706055,0.12489999830722809
YGL174W,YMR235C,1,-4.871747,0.29949522018432617,0.5339999794960022,0.12489999830722809
YMR065W,YER171W,0,-4.8720546,0.2993273437023163,0.5339999794960022,0.125
YKL179C,YNL323W,0,-4.873791,0.2991596758365631,0.5339999794960022,0.1251000016927719
YIL150C,YIL109C,0,-4.874013,0.2989921569824219,0.5339999794960022,0.12520000338554382
YBR002C,YLL011W,0,-4.8742456,0.29882484674453735,0.5339999794960022,0.12530000507831573
YAL012W,YCR033W,0,-4.8747315,0.29865771532058716,0.5339999794960022,0.12540000677108765
YBR245C,YPL188W,0,-4.8752065,0.2984907627105713,0.5339999794960022,0.12549999356269836
YMR231W,YKR060W,0,-4.875226,0.29832401871681213,0.5339999794960022,0.12559999525547028
YGL246C,YDR164C,0,-4.8752975,0.2981574535369873,0.5339999794960022,0.1256999969482422
YNL236W,YOL124C,0,-4.8753023,0.2979910671710968,0.5339999794960022,0.1257999986410141
YMR138W,YJL006C,0,-4.875657,0.2978248596191406,0.5339999794960022,0.125900000333786
YHR193C,YLR398C,0,-4.8756595,0.29765886068344116,0.5339999794960022,0.12600000202655792
YDR440W,YKL119C,0,-4.875697,0.297493040561676,0.5339999794960022,0.12610000371932983
YBL042C,YML103C,1,-4.8757567,0.2978841960430145,0.5350000262260437,0.12610000371932983
YOR109W,YNR011C,0,-4.8758206,0.2977184057235718,0.5350000262260437,0.12620000541210175
YOR039W,YJR139C,0,-4.87611,0.29755282402038574,0.5350000262260437,0.12630000710487366
YER107C,YDR138W,1,-4.8770957,0.2979432940483093,0.5360000133514404,0.12630000710487366
YLR427W,YOL097C,0,-4.8774414,0.29777777194976807,0.5360000133514404,0.12639999389648438
YDL207W,YER105C,1,-4.878068,0.2981676757335663,0.5370000004768372,0.12639999389648438
YJL014W,YGL094C,0,-4.878151,0.2980022132396698,0.5370000004768372,0.1264999955892563
YJR140C,YDR228C,0,-4.878517,0.29783692955970764,0.5370000004768372,0.1265999972820282
YKL130C,YBR058C,0,-4.8791595,0.2976718544960022,0.5370000004768372,0.1266999989748001
YGR037C,YBR127C,0,-4.879744,0.2975069284439087,0.5370000004768372,0.12680000066757202
YMR188C,YPL210C,0,-4.8799715,0.2973421812057495,0.5370000004768372,0.12690000236034393
YJR105W,YOR020C,0,-4.8801384,0.29717764258384705,0.5370000004768372,0.12700000405311584
YER105C,YDR381W,1,-4.880234,0.29756638407707214,0.5379999876022339,0.12700000405311584
YHR072W,YIL075C,0,-4.8806186,0.29740187525749207,0.5379999876022339,0.12710000574588776
YPL265W,YHR012W,0,-4.8810554,0.2972375750541687,0.5379999876022339,0.12720000743865967
YDR378C,YLR332W,0,-4.8812666,0.29707345366477966,0.5379999876022339,0.12729999423027039
YOL112W,YCR084C,0,-4.8813887,0.29690948128700256,0.5379999876022339,0.1273999959230423
YIL115C,YDR192C,1,-4.882062,0.29729729890823364,0.5389999747276306,0.1273999959230423
YLR223C,YMR313C,0,-4.8826857,0.2971334159374237,0.5389999747276306,0.1274999976158142
YOR213C,YDR285W,0,-4.8827357,0.2969697117805481,0.5389999747276306,0.12759999930858612
YGL115W,YOR043W,0,-4.8832846,0.2968061566352844,0.5389999747276306,0.12770000100135803
YMR033W,YOR110W,0,-4.883981,0.29664281010627747,0.5389999747276306,0.12780000269412994
YGL122C,YDL084W,1,-4.8843384,0.2970297038555145,0.5400000214576721,0.12780000269412994
YOR334W,YDL135C,0,-4.8846254,0.29686641693115234,0.5400000214576721,0.12790000438690186
YMR288W,YFL017W-A,0,-4.884653,0.2967033088207245,0.5400000214576721,0.12800000607967377
YER157W,YOR326W,0,-4.8851643,0.29654034972190857,0.5400000214576721,0.12809999287128448
YGL142C,YMR272C,0,-4.885227,0.29637759923934937,0.5400000214576721,0.1281999945640564
YER040W,YPR088C,0,-4.885707,0.2962150275707245,0.5400000214576721,0.1282999962568283
YDL040C,YOL104C,0,-4.88659,0.29605263471603394,0.5400000214576721,0.12839999794960022
YML048W,YLR298C,0,-4.8881025,0.2958904206752777,0.5400000214576721,0.12849999964237213
YGL247W,YGR218W,1,-4.889943,0.2962760031223297,0.5410000085830688,0.12849999964237213
YIR010W,YPR179C,0,-4.8901334,0.29611384868621826,0.5410000085830688,0.12860000133514404
YGL016W,YLR022C,0,-4.8910823,0.29595187306404114,0.5410000085830688,0.12870000302791595
YLL018C-A,YMR247C,0,-4.892927,0.29579004645347595,0.5410000085830688,0.12880000472068787
YOL086C,YER072W,0,-4.8930163,0.2956284284591675,0.5410000085830688,0.12890000641345978
YKL179C,YDR353W,0,-4.893398,0.29546695947647095,0.5410000085830688,0.1289999932050705
YPL177C,YGL067W,0,-4.8934984,0.29530566930770874,0.5410000085830688,0.1290999948978424
YJL128C,YFL002C,0,-4.893977,0.29514455795288086,0.5410000085830688,0.12919999659061432
YML062C,YGL100W,1,-4.894005,0.2955288887023926,0.5419999957084656,0.12919999659061432
YJL108C,YOR089C,0,-4.894076,0.2953678369522095,0.5419999957084656,0.12929999828338623
YDL175C,YLR016C,1,-4.8942695,0.2957516312599182,0.5429999828338623,0.12929999828338623
YOR233W,YDL058W,0,-4.894596,0.2955906391143799,0.5429999828338623,0.12939999997615814
YPL204W,YPL146C,0,-4.894769,0.2954298257827759,0.5429999828338623,0.12950000166893005
YHR052W,YBL057C,0,-4.895131,0.2952691614627838,0.5429999828338623,0.12960000336170197
YMR001C,YGR178C,0,-4.895463,0.29510870575904846,0.5429999828338623,0.12970000505447388
YNL091W,YKR022C,0,-4.896573,0.29494839906692505,0.5429999828338623,0.1298000067472458
YLR113W,YOR315W,0,-4.896901,0.29478827118873596,0.5429999828338623,0.1298999935388565
YOL116W,YGL210W,0,-4.896907,0.2946283221244812,0.5429999828338623,0.12999999523162842
YNL219C,YOL126C,0,-4.897049,0.29446855187416077,0.5429999828338623,0.13009999692440033
YML069W,YDR545W,0,-4.897214,0.29430893063545227,0.5429999828338623,0.13019999861717224
YPR046W,YFR034C,0,-4.8974915,0.2941495180130005,0.5429999828338623,0.13030000030994415
YMR119W,YLR092W,0,-4.8979464,0.29399025440216064,0.5429999828338623,0.13040000200271606
YDR037W,YBL017C,0,-4.898184,0.2938311696052551,0.5429999828338623,0.13050000369548798
YLR016C,YMR129W,1,-4.898544,0.29421308636665344,0.5440000295639038,0.13050000369548798
YLR429W,YMR263W,0,-4.8991385,0.2940540611743927,0.5440000295639038,0.1306000053882599
YBR034C,YDR192C,1,-4.899256,0.29443544149398804,0.5450000166893005,0.1306000053882599
YKL049C,YGR086C,0,-4.9008923,0.2942764461040497,0.5450000166893005,0.1307000070810318
YKL057C,YJR042W,1,-4.901008,0.29465731978416443,0.5460000038146973,0.1307000070810318
YDR165W,YER074W-A,0,-4.9017134,0.29449838399887085,0.5460000038146973,0.13079999387264252
YOR210W,YGL066W,0,-4.9020147,0.2943396270275116,0.5460000038146973,0.13089999556541443
YGL222C,YIL021W,0,-4.9030104,0.29418104887008667,0.5460000038146973,0.13099999725818634
YLR226W,YNL070W,0,-4.9032,0.2940226197242737,0.5460000038146973,0.13109999895095825
YBR009C,YLR254C,0,-4.9056425,0.293864369392395,0.5460000038146973,0.13120000064373016
YLR318W,YOR123C,0,-4.906181,0.2937062978744507,0.5460000038146973,0.13130000233650208
YKL054C,YDR135C,0,-4.9064064,0.2935483753681183,0.5460000038146973,0.131400004029274
YGL124C,YFR005C,0,-4.9068966,0.2933906614780426,0.5460000038146973,0.1315000057220459
YMR255W,YNL139C,1,-4.9076295,0.2937701344490051,0.546999990940094,0.1315000057220459
YJL039C,YBL061C,0,-4.9080143,0.29361245036125183,0.546999990940094,0.1316000074148178
YBL069W,YAL002W,0,-4.9098935,0.29345494508743286,0.546999990940094,0.13169999420642853
YKL191W,YJL204C,0,-4.910096,0.29329758882522583,0.546999990940094,0.13179999589920044
YGR230W,YER019C-A,0,-4.9106393,0.2931404113769531,0.546999990940094,0.13189999759197235
YML126C,YDR331W,0,-4.912216,0.29298338294029236,0.546999990940094,0.13199999928474426
YHR143W,YGL245W,0,-4.912286,0.2928265631198883,0.546999990940094,0.13210000097751617
YGR024C,YPR074C,0,-4.9123583,0.2926698625087738,0.546999990940094,0.13220000267028809
YBR021W,YGR119C,1,-4.914003,0.29304811358451843,0.5479999780654907,0.13220000267028809
YGR005C,YDR486C,0,-4.91418,0.2928915023803711,0.5479999780654907,0.13230000436306
YGL168W,YBR142W,0,-4.9142723,0.2927350401878357,0.5479999780654907,0.1324000060558319
YEL037C,YDR073W,0,-4.9149904,0.2925787568092346,0.5479999780654907,0.13249999284744263
YMR266W,YBR228W,0,-4.9152813,0.2924226224422455,0.5479999780654907,0.13259999454021454
YKL020C,YJR110W,0,-4.9157767,0.2922666668891907,0.5479999780654907,0.13269999623298645
YKL179C,YDR412W,0,-4.916,0.2921108603477478,0.5479999780654907,0.13279999792575836
YHR197W,YOR060C,0,-4.9162717,0.29195526242256165,0.5479999780654907,0.13289999961853027
YGR218W,YIL115C,1,-4.9163814,0.292332261800766,0.5490000247955322,0.13289999961853027
YBL017C,YHR099W,0,-4.916458,0.2921766936779022,0.5490000247955322,0.13300000131130219
YPL202C,YPL243W,0,-4.9166694,0.2920212745666504,0.5490000247955322,0.1331000030040741
YKL017C,YLR055C,0,-4.916999,0.2918660342693329,0.5490000247955322,0.133200004696846
YLR114C,YNL222W,0,-4.9175844,0.2917109429836273,0.5490000247955322,0.13330000638961792
YDR518W,YOR224C,0,-4.9177084,0.2915560305118561,0.5490000247955322,0.13339999318122864
YOR266W,YML098W,0,-4.918544,0.2914012670516968,0.5490000247955322,0.13349999487400055
YHR081W,YPR086W,0,-4.919153,0.2912466824054718,0.5490000247955322,0.13359999656677246
YBR153W,YKL125W,0,-4.9196053,0.29109224677085876,0.5490000247955322,0.13369999825954437
YNR003C,YDR146C,0,-4.919929,0.29093798995018005,0.5490000247955322,0.13379999995231628
YMR316W,YGL066W,0,-4.920071,0.29078391194343567,0.5490000247955322,0.1339000016450882
YOR061W,YNL110C,0,-4.920264,0.29062995314598083,0.5490000247955322,0.1340000033378601
YOL076W,YNL272C,0,-4.92078,0.2904762029647827,0.5490000247955322,0.13410000503063202
YHR111W,YLR298C,0,-4.9211807,0.29032257199287415,0.5490000247955322,0.13420000672340393
YFR013W,YPL188W,0,-4.921293,0.2901691198348999,0.5490000247955322,0.13429999351501465
YHR088W,YJL004C,0,-4.921834,0.29001584649086,0.5490000247955322,0.13439999520778656
YBR155W,YOL095C,0,-4.9220667,0.289862722158432,0.5490000247955322,0.13449999690055847
YJR147W,YCR033W,0,-4.92277,0.28970977663993835,0.5490000247955322,0.13459999859333038
YDR121W,YJR066W,0,-4.9229536,0.28955695033073425,0.5490000247955322,0.1347000002861023
YOR188W,YJL138C,0,-4.9240003,0.28940433263778687,0.5490000247955322,0.1348000019788742
YHR188C,YPR088C,0,-4.9240017,0.28925183415412903,0.5490000247955322,0.13490000367164612
YBR236C,YBR215W,0,-4.925877,0.2890995144844055,0.5490000247955322,0.13500000536441803
YDR448W,YBR049C,0,-4.9259577,0.28894737362861633,0.5490000247955322,0.13510000705718994
YOR133W,YFL018C,0,-4.926161,0.2887953817844391,0.5490000247955322,0.13519999384880066
YMR220W,YDR073W,0,-4.9263144,0.2886435389518738,0.5490000247955322,0.13529999554157257
YDL198C,YGL172W,1,-4.9263315,0.28901734948158264,0.550000011920929,0.13529999554157257
YBL016W,YDR400W,0,-4.927369,0.2888655364513397,0.550000011920929,0.13539999723434448
YHR175W,YPL128C,0,-4.928272,0.28871390223503113,0.550000011920929,0.1354999989271164
YLR114C,YMR005W,0,-4.9285383,0.28856244683265686,0.550000011920929,0.1356000006198883
YDR397C,YNL032W,0,-4.929449,0.28841111063957214,0.550000011920929,0.13570000231266022
YDL051W,YNL047C,0,-4.929488,0.28825995326042175,0.550000011920929,0.13580000400543213
YHR058C,YNL267W,0,-4.9299507,0.2881089448928833,0.550000011920929,0.13590000569820404
YGR007W,YJR063W,0,-4.9300957,0.2879581153392792,0.550000011920929,0.13600000739097595
YBR207W,YLR298C,0,-4.9301915,0.287807434797287,0.550000011920929,0.13609999418258667
YDL245C,YNL334C,0,-4.930304,0.28765690326690674,0.550000011920929,0.13619999587535858
YDR191W,YNL221C,0,-4.9309316,0.2875065207481384,0.550000011920929,0.1362999975681305
YMR068W,YJL148W,0,-4.931125,0.28735631704330444,0.550000011920929,0.1363999992609024
YGR200C,YDR495C,0,-4.9331794,0.2872062623500824,0.550000011920929,0.13650000095367432
YBR188C,YGR280C,0,-4.933397,0.2870563566684723,0.550000011920929,0.13660000264644623
YMR044W,YMR021C,0,-4.933551,0.2869066298007965,0.550000011920929,0.13670000433921814
YGR113W,YCR033W,0,-4.934929,0.28675705194473267,0.550000011920929,0.13680000603199005
YKL101W,YER161C,0,-4.934947,0.2866075932979584,0.550000011920929,0.13689999282360077
YEL018W,YML019W,0,-4.9350243,0.2864583432674408,0.550000011920929,0.13699999451637268
YDL161W,YCR020W-B,0,-4.935049,0.28630921244621277,0.550000011920929,0.1370999962091446
YGL028C,YOL034W,0,-4.93509,0.28616026043891907,0.550000011920929,0.1371999979019165
YLR210W,YDR207C,0,-4.9354067,0.2860114276409149,0.550000011920929,0.13729999959468842
YOL017W,YFR055W,0,-4.9355025,0.2858627736568451,0.550000011920929,0.13740000128746033
YKL042W,YCR084C,0,-4.9359584,0.2857142984867096,0.550000011920929,0.13750000298023224
YGR280C,YBR143C,0,-4.9363117,0.28556594252586365,0.550000011920929,0.13760000467300415
YER073W,YOL002C,0,-4.9364233,0.28541773557662964,0.550000011920929,0.13770000636577606
YMR012W,YDR311W,0,-4.9371934,0.28526970744132996,0.550000011920929,0.13779999315738678
YDR039C,YDR245W,0,-4.9377193,0.2851218283176422,0.550000011920929,0.1378999948501587
YKL120W,YNL049C,0,-4.9378495,0.2849740982055664,0.550000011920929,0.1379999965429306
YDR448W,YJL094C,0,-4.9379783,0.28482651710510254,0.550000011920929,0.13809999823570251
YJR002W,YER151C,0,-4.9380417,0.2846790850162506,0.550000011920929,0.13819999992847443
YBR196C,YLR425W,0,-4.938043,0.2845318019390106,0.550000011920929,0.13830000162124634
YGL012W,YDL013W,0,-4.938606,0.28438469767570496,0.550000011920929,0.13840000331401825
YNL293W,YDR330W,0,-4.938857,0.28423771262168884,0.550000011920929,0.13850000500679016
YAL029C,YDR389W,0,-4.940387,0.28409090638160706,0.550000011920929,0.13860000669956207
YPL177C,YCR044C,0,-4.940827,0.2839442491531372,0.550000011920929,0.1386999934911728
YDR036C,YOR294W,0,-4.9410458,0.2837977409362793,0.550000011920929,0.1387999951839447
YPL061W,YEL032W,0,-4.9419746,0.28365135192871094,0.550000011920929,0.1388999968767166
YBL042C,YJR042W,1,-4.9425454,0.28402063250541687,0.5509999990463257,0.1388999968767166
YBR021W,YIL115C,1,-4.9427614,0.2843894958496094,0.5519999861717224,0.1388999968767166
YDL175C,YGL100W,1,-4.9427986,0.28475797176361084,0.5529999732971191,0.1388999968767166
YGR218W,YKR095W,1,-4.942833,0.28512609004974365,0.5540000200271606,0.1388999968767166
YBR022W,YEL026W,0,-4.9430723,0.2849794328212738,0.5540000200271606,0.13899999856948853
YLR103C,YHR143W,0,-4.943145,0.2848328948020935,0.5540000200271606,0.13910000026226044
YJR052W,YFL026W,0,-4.943268,0.28468653559684753,0.5540000200271606,0.13920000195503235
YBR004C,YDR342C,0,-4.943554,0.2845403254032135,0.5540000200271606,0.13930000364780426
YDR279W,YGR285C,0,-4.944305,0.2843942642211914,0.5540000200271606,0.13940000534057617
YHR072W,YIL039W,0,-4.945717,0.28424832224845886,0.5540000200271606,0.13950000703334808
YDR173C,YBR154C,0,-4.9471283,0.28410255908966064,0.5540000200271606,0.1395999938249588
YLR210W,YKR025W,0,-4.9474277,0.28395694494247437,0.5540000200271606,0.1396999955177307
YJL091C,YNR052C,0,-4.947592,0.2838114798069,0.5540000200271606,0.13979999721050262
YOR241W,YPR086W,0,-4.9491234,0.2836661636829376,0.5540000200271606,0.13989999890327454
YFL025C,YCR063W,0,-4.9500875,0.28352099657058716,0.5540000200271606,0.14000000059604645
YPL154C,YLR466W,0,-4.950106,0.28337594866752625,0.5540000200271606,0.14010000228881836
YDL174C,YDR345C,0,-4.9501877,0.28323107957839966,0.5540000200271606,0.14020000398159027
YJR119C,YDL111C,0,-4.9506397,0.283086359500885,0.5540000200271606,0.14030000567436218
YGL029W,YOR281C,0,-4.952189,0.2829417884349823,0.5540000200271606,0.1404000073671341
YER094C,YLR264W,0,-4.952463,0.28279733657836914,0.5540000200271606,0.1404999941587448
YLR016C,YJL140W,1,-4.952509,0.28316327929496765,0.5550000071525574,0.1404999941587448
YCR020W-B,YIL150C,0,-4.952967,0.2830188572406769,0.5550000071525574,0.14059999585151672
YKL049C,YBR256C,0,-4.953017,0.28287461400032043,0.5550000071525574,0.14069999754428864
YLR055C,YER005W,0,-4.9531784,0.2827305197715759,0.5550000071525574,0.14079999923706055
YOL066C,YDR227W,0,-4.954199,0.28258654475212097,0.5550000071525574,0.14090000092983246
YLR098C,YHR079C,0,-4.954609,0.28244274854660034,0.5550000071525574,0.14100000262260437
YPR105C,YMR188C,0,-4.9573154,0.28229907155036926,0.5550000071525574,0.14110000431537628
YOL063C,YER008C,0,-4.9580917,0.2821555733680725,0.5550000071525574,0.1412000060081482
YIL051C,YGL112C,0,-4.9587083,0.2820121943950653,0.5550000071525574,0.1412999927997589
YNL061W,YPL133C,0,-4.9591217,0.28186896443367004,0.5550000071525574,0.14139999449253082
YIR010W,YOL097C,0,-4.959355,0.2817258834838867,0.5550000071525574,0.14149999618530273
YBR004C,YLR442C,0,-4.96063,0.28158295154571533,0.5550000071525574,0.14159999787807465
YGR262C,YHR005C,0,-4.961018,0.2814401686191559,0.5550000071525574,0.14169999957084656
YDR389W,YDR472W,0,-4.9611244,0.281297504901886,0.5550000071525574,0.14180000126361847
YHR142W,YMR276W,0,-4.9612556,0.2811550199985504,0.5550000071525574,0.14190000295639038
YGR200C,YOL027C,0,-4.9613304,0.2810126543045044,0.5550000071525574,0.1420000046491623
YDR384C,YMR313C,0,-4.9615593,0.2808704376220703,0.5550000071525574,0.1421000063419342
YBR236C,YOR001W,0,-4.962145,0.28072836995124817,0.5550000071525574,0.14219999313354492
YLR310C,YLR448W,0,-4.962461,0.28058645129203796,0.5550000071525574,0.14229999482631683
YER105C,YHR167W,1,-4.963803,0.28094998002052307,0.5559999942779541,0.14229999482631683
YPL265W,YBR102C,0,-4.9642115,0.28080809116363525,0.5559999942779541,0.14239999651908875
YGL014W,YKR001C,0,-4.9645405,0.280666321516037,0.5559999942779541,0.14249999821186066
YOR168W,YOR230W,0,-4.965763,0.28052473068237305,0.5559999942779541,0.14259999990463257
YPL169C,YMR273C,1,-4.9658027,0.28088754415512085,0.5569999814033508,0.14259999990463257
YBL102W,YBR293W,0,-4.9663343,0.2807459533214569,0.5569999814033508,0.14270000159740448
YBR243C,YPL002C,0,-4.966409,0.2806045413017273,0.5569999814033508,0.1428000032901764
YNL049C,YLR086W,0,-4.966794,0.28046324849128723,0.5569999814033508,0.1429000049829483
YPL069C,YJL091C,0,-4.968771,0.2803221046924591,0.5569999814033508,0.14300000667572021
YOR112W,YCL011C,1,-4.9695764,0.28068411350250244,0.5580000281333923,0.14300000667572021
YDR224C,YMR234W,0,-4.970245,0.2805429995059967,0.5580000281333923,0.14309999346733093
YDL143W,YER072W,0,-4.9702506,0.2804020047187805,0.5580000281333923,0.14319999516010284
YOR056C,YJR066W,0,-4.9704676,0.28026118874549866,0.5580000281333923,0.14329999685287476
YGR267C,YKL056C,0,-4.9709196,0.28012049198150635,0.5580000281333923,0.14339999854564667
YMR047C,YMR235C,1,-4.9719305,0.2804816961288452,0.5590000152587891,0.14339999854564667
YBL042C,YJL041W,1,-4.9726124,0.28084251284599304,0.5600000023841858,0.14339999854564667
YAL013W,YOR341W,0,-4.972638,0.28070175647735596,0.5600000023841858,0.14350000023841858
YOR160W,YKL186C,1,-4.97289,0.28106212615966797,0.5609999895095825,0.14350000023841858
YGL092W,YKR002W,1,-4.9741116,0.28142213821411133,0.5619999766349792,0.14350000023841858
YER019W,YJL012C,0,-4.974167,0.2812812924385071,0.5619999766349792,0.1436000019311905
YBR021W,YCL011C,1,-4.9744873,0.28164082765579224,0.5630000233650208,0.1436000019311905
YDL231C,YGL043W,0,-4.9748025,0.2815000116825104,0.5630000233650208,0.1437000036239624
YGL018C,YOL080C,0,-4.975453,0.28135931491851807,0.5630000233650208,0.14380000531673431
YEL063C,YPL145C,0,-4.9761324,0.2812187671661377,0.5630000233650208,0.14390000700950623
YDR176W,YOR346W,0,-4.9762526,0.28107836842536926,0.5630000233650208,0.14399999380111694
YJR118C,YCR031C,0,-4.976363,0.28093811869621277,0.5630000233650208,0.14409999549388885
YDR143C,YOL125W,0,-4.976594,0.2807980179786682,0.5630000233650208,0.14419999718666077
YDL165W,YDR098C,0,-4.976624,0.2806580364704132,0.5630000233650208,0.14429999887943268
YBL085W,YDR527W,0,-4.9766684,0.28051817417144775,0.5630000233650208,0.1444000005722046
YKL089W,YDR429C,0,-4.9769106,0.2803784906864166,0.5630000233650208,0.1445000022649765
YGL245W,YAL010C,0,-4.976976,0.28023892641067505,0.5630000233650208,0.1446000039577484
YCL016C,YLR068W,0,-4.9772367,0.2800995111465454,0.5630000233650208,0.14470000565052032
YPL208W,YOR216C,0,-4.9778843,0.2799602150917053,0.5630000233650208,0.14480000734329224
YDR457W,YML014W,0,-4.978101,0.2798210680484772,0.5630000233650208,0.14489999413490295
YFR046C,YNL085W,0,-4.978767,0.27968207001686096,0.5630000233650208,0.14499999582767487
YKL204W,YLR033W,0,-4.979664,0.2795431911945343,0.5630000233650208,0.14509999752044678
YIL048W,YOR007C,0,-4.9798317,0.2794044613838196,0.5630000233650208,0.1451999992132187
YGL244W,YNL273W,0,-4.9814568,0.2792658805847168,0.5630000233650208,0.1453000009059906
YOR253W,YOR272W,0,-4.9814997,0.27912741899490356,0.5630000233650208,0.1454000025987625
YOL066C,YFL017W-A,0,-4.9819365,0.27898910641670227,0.5630000233650208,0.14550000429153442
YHR059W,YLR249W,0,-4.9823623,0.2788509130477905,0.5630000233650208,0.14560000598430634
YOR204W,YNL231C,0,-4.982566,0.2787128686904907,0.5630000233650208,0.14569999277591705
YJL041W,YGL100W,1,-4.9833755,0.27906978130340576,0.5640000104904175,0.14569999277591705
YFL031W,YOL040C,0,-4.984212,0.27893173694610596,0.5640000104904175,0.14579999446868896
YGR167W,YNL236W,0,-4.986312,0.2787938714027405,0.5640000104904175,0.14589999616146088
YKL114C,YPL124W,0,-4.9869885,0.27865612506866455,0.5640000104904175,0.1459999978542328
YCR086W,YPL266W,0,-4.987569,0.27851852774620056,0.5640000104904175,0.1460999995470047
YPL093W,YDR293C,0,-4.9877143,0.2783810496330261,0.5640000104904175,0.1462000012397766
YKL046C,YGR033C,0,-4.987829,0.2782437205314636,0.5640000104904175,0.14630000293254852
YMR238W,YIL063C,0,-4.988257,0.2781065106391907,0.5640000104904175,0.14640000462532043
YKR063C,YDR363W-A,0,-4.9885225,0.27796944975852966,0.5640000104904175,0.14650000631809235
YMR213W,YEL022W,0,-4.9893103,0.2778325080871582,0.5640000104904175,0.14659999310970306
YER070W,YDR451C,0,-4.989562,0.2776957154273987,0.5640000104904175,0.14669999480247498
YLR098C,YDR388W,0,-4.989599,0.2775590419769287,0.5640000104904175,0.1467999964952469
YKR026C,YPL144W,0,-4.9904866,0.2774225175380707,0.5640000104904175,0.1468999981880188
YOR198C,YLL011W,0,-4.9909687,0.2772861421108246,0.5640000104904175,0.1469999998807907
YML080W,YBL061C,0,-4.991047,0.27714988589286804,0.5640000104904175,0.14710000157356262
YDL217C,YDR246W,0,-4.991984,0.27701374888420105,0.5640000104904175,0.14720000326633453
YHR116W,YMR229C,0,-4.9929476,0.276877760887146,0.5640000104904175,0.14730000495910645
YNL029C,YNL026W,0,-4.993144,0.2767418920993805,0.5640000104904175,0.14740000665187836
YGL247W,YMR255W,1,-4.9940376,0.27709662914276123,0.5649999976158142,0.14740000665187836
YLR314C,YOL033W,0,-4.99519,0.2769607901573181,0.5649999976158142,0.14749999344348907
YLR148W,YDR392W,0,-4.995553,0.27682510018348694,0.5649999976158142,0.147599995136261
YHL038C,YJL006C,0,-4.9957075,0.2766895294189453,0.5649999976158142,0.1476999968290329
YLR170C,YLR390W-A,0,-4.9958515,0.27655407786369324,0.5649999976158142,0.1477999985218048
YHR164C,YPL128C,0,-4.9976654,0.2764187753200531,0.5649999976158142,0.14790000021457672
YIR005W,YGR119C,1,-4.997702,0.2767726182937622,0.5659999847412109,0.14790000021457672
YBR009C,YDR079C-A,0,-4.997761,0.27663734555244446,0.5659999847412109,0.14800000190734863
YPR070W,YPR173C,0,-4.997779,0.27650219202041626,0.5659999847412109,0.14810000360012054
YKL160W,YKL040C,0,-4.997897,0.2763671875,0.5659999847412109,0.14820000529289246
YHR158C,YGR193C,0,-4.998104,0.2762323021888733,0.5659999847412109,0.14830000698566437
YJL024C,YJL167W,0,-4.9981813,0.2760975658893585,0.5659999847412109,0.14839999377727509
YPL266W,YNR011C,0,-4.9981923,0.2759629487991333,0.5659999847412109,0.148499995470047
YCR035C,YFL017W-A,0,-4.998226,0.27582845091819763,0.5659999847412109,0.1485999971628189
YKL048C,YOL128C,0,-4.998826,0.2756941020488739,0.5659999847412109,0.14869999885559082
YPR128C,YLR016C,1,-4.9989924,0.2760467529296875,0.5669999718666077,0.14869999885559082
YLR097C,YKR087C,0,-4.9992323,0.27591240406036377,0.5669999718666077,0.14880000054836273
YNL110C,YFL036W,0,-5.000491,0.275778204202652,0.5669999718666077,0.14890000224113464
YNL298W,YPL234C,0,-5.000537,0.2756441533565521,0.5669999718666077,0.14900000393390656
YIL048W,YDR071C,0,-5.0022745,0.27551019191741943,0.5669999718666077,0.14910000562667847
YER036C,YDR545W,0,-5.0023108,0.27537640929222107,0.5669999718666077,0.14920000731945038
YBR009C,YNL085W,0,-5.002577,0.27524271607398987,0.5669999718666077,0.1492999941110611
YBL042C,YMR308C,1,-5.0031414,0.2755943834781647,0.5680000185966492,0.1492999941110611
YIR006C,YDR353W,0,-5.0038767,0.27546072006225586,0.5680000185966492,0.149399995803833
YKR082W,YPR080W,1,-5.004465,0.27581191062927246,0.5690000057220459,0.149399995803833
YOR031W,YOR047C,0,-5.0050406,0.2756783068180084,0.5690000057220459,0.14949999749660492
YNL166C,YDR464W,0,-5.0071335,0.27554479241371155,0.5690000057220459,0.14959999918937683
YGR057C,YKR028W,0,-5.0075836,0.2754114270210266,0.5690000057220459,0.14970000088214874
YHL003C,YNR043W,0,-5.008119,0.2752781808376312,0.5690000057220459,0.14980000257492065
YJL072C,YLR147C,0,-5.0082684,0.2751450538635254,0.5690000057220459,0.14990000426769257
YDL095W,YDR429C,0,-5.008451,0.2750120759010315,0.5690000057220459,0.15000000596046448
YDR440W,YBR143C,0,-5.0087852,0.27487921714782715,0.5690000057220459,0.1500999927520752
YFR055W,YOL011W,0,-5.009125,0.27474650740623474,0.5690000057220459,0.1501999944448471
YJR076C,YBR175W,0,-5.0093737,0.2746138870716095,0.5690000057220459,0.15029999613761902
YBR049C,YPL011C,0,-5.0095654,0.2744814157485962,0.5690000057220459,0.15039999783039093
YKL186C,YER105C,1,-5.0096684,0.27483123540878296,0.5699999928474426,0.15039999783039093
YBR243C,YER174C,0,-5.0097384,0.27469879388809204,0.5699999928474426,0.15049999952316284
YFR046C,YER118C,0,-5.011118,0.2745664715766907,0.5699999928474426,0.15060000121593475
YKL074C,YGL162W,0,-5.011536,0.27443426847457886,0.5699999928474426,0.15070000290870667
YDR477W,YPR056W,0,-5.0119195,0.274302214384079,0.5699999928474426,0.15080000460147858
YLR095C,YLR427W,0,-5.011937,0.27417027950286865,0.5699999928474426,0.1509000062942505
YER129W,YPL085W,0,-5.0121765,0.2740384638309479,0.5699999928474426,0.1509999930858612
YKL046C,YLR260W,0,-5.0130253,0.27390676736831665,0.5699999928474426,0.15109999477863312
YNL166C,YJL134W,0,-5.0136185,0.27377521991729736,0.5699999928474426,0.15119999647140503
YNR046W,YJL222W,0,-5.0136986,0.2736437916755676,0.5699999928474426,0.15129999816417694
YHR079C,YGR082W,0,-5.0140758,0.27351248264312744,0.5699999928474426,0.15139999985694885
YDL200C,YER019C-A,0,-5.0143166,0.2733812928199768,0.5699999928474426,0.15150000154972076
YKL194C,YDL043C,0,-5.014853,0.2732502520084381,0.5699999928474426,0.15160000324249268
YNL047C,YHL007C,0,-5.015027,0.2731193006038666,0.5699999928474426,0.1517000049352646
YLR129W,YDR443C,0,-5.0155506,0.272988498210907,0.5699999928474426,0.1518000066280365
YJL209W,YPL045W,0,-5.0158424,0.27285781502723694,0.5699999928474426,0.15189999341964722
YML095C,YLR448W,0,-5.016254,0.27272728085517883,0.5699999928474426,0.15199999511241913
YGL247W,YPL169C,1,-5.0166073,0.27307507395744324,0.5709999799728394,0.15199999511241913
YMR200W,YKR081C,0,-5.016655,0.27294453978538513,0.5709999799728394,0.15209999680519104
YER009W,YFL002C,0,-5.0168414,0.27281415462493896,0.5709999799728394,0.15219999849796295
YNL192W,YER094C,0,-5.017474,0.27268385887145996,0.5709999799728394,0.15230000019073486
YMR303C,YLL024C,0,-5.018676,0.2725537121295929,0.5709999799728394,0.15240000188350677
YKL197C,YIL056W,0,-5.018734,0.272423654794693,0.5709999799728394,0.1525000035762787
YNL232W,YAL011W,0,-5.0190587,0.27229374647140503,0.5709999799728394,0.1526000052690506
YGL105W,YMR047C,1,-5.019375,0.2726406157016754,0.5720000267028809,0.1526000052690506
YBL011W,YPL210C,0,-5.019604,0.27251070737838745,0.5720000267028809,0.1527000069618225
YDR145W,YKL080W,0,-5.019944,0.2723809480667114,0.5720000267028809,0.15279999375343323
YGR123C,YBL025W,0,-5.02016,0.27225130796432495,0.5720000267028809,0.15289999544620514
YGR262C,YGL099W,0,-5.0202703,0.272121787071228,0.5720000267028809,0.15299999713897705
YOR046C,YDR138W,1,-5.0207067,0.2724679112434387,0.5730000138282776,0.15299999713897705
YNL258C,YHR135C,0,-5.0212793,0.2723383903503418,0.5730000138282776,0.15309999883174896
YBL017C,YDR217C,0,-5.0213366,0.2722090184688568,0.5730000138282776,0.15320000052452087
YOR056C,YBR218C,0,-5.0220623,0.2720797657966614,0.5730000138282776,0.15330000221729279
YDR227W,YIL056W,0,-5.022088,0.2719506323337555,0.5730000138282776,0.1534000039100647
YGR165W,YGL115W,0,-5.0229197,0.27182161808013916,0.5730000138282776,0.1535000056028366
YGR098C,YML019W,0,-5.0231,0.27169275283813477,0.5730000138282776,0.15360000729560852
YLR071C,YPR108W,0,-5.0235453,0.27156397700309753,0.5730000138282776,0.15369999408721924
YDL117W,YIL138C,0,-5.024166,0.27143535017967224,0.5730000138282776,0.15379999577999115
YNL002C,YGR270W,0,-5.0245237,0.2713068127632141,0.5730000138282776,0.15389999747276306
YGR218W,YBL042C,1,-5.025641,0.2716516852378845,0.5740000009536743,0.15389999747276306
YLR390W-A,YDR156W,0,-5.026267,0.2715231776237488,0.5740000009536743,0.15399999916553497
YMR129W,YMR235C,1,-5.0263996,0.2718676030635834,0.574999988079071,0.15399999916553497
YLR170C,YGL048C,0,-5.026416,0.27173912525177,0.574999988079071,0.15410000085830688
YHR094C,YOL126C,0,-5.0265446,0.2716107666492462,0.574999988079071,0.1542000025510788
YCL025C,YCL004W,0,-5.0267982,0.27148252725601196,0.574999988079071,0.1543000042438507
YCR002C,YGR082W,0,-5.0268373,0.27135440707206726,0.574999988079071,0.15440000593662262
YIL095W,YMR266W,0,-5.0269613,0.2712264060974121,0.574999988079071,0.15449999272823334
YJL140W,YHR167W,1,-5.027526,0.27157002687454224,0.5759999752044678,0.15449999272823334
YKL068W,YKL057C,1,-5.0282087,0.2719132900238037,0.5770000219345093,0.15449999272823334
YDR440W,YIL068C,0,-5.0285854,0.2717851996421814,0.5770000219345093,0.15459999442100525
YGR230W,YGL137W,0,-5.029765,0.271657258272171,0.5770000219345093,0.15469999611377716
YLR068W,YDL244W,0,-5.0303335,0.2715294063091278,0.5770000219345093,0.15479999780654907
YDL005C,YGL106W,0,-5.030525,0.27140170335769653,0.5770000219345093,0.15489999949932098
YOR160W,YJL140W,1,-5.030534,0.2717442512512207,0.578000009059906,0.15489999949932098
YGL065C,YGL169W,0,-5.0308914,0.27161654829978943,0.578000009059906,0.1550000011920929
YOR346W,YER161C,0,-5.03119,0.2714889645576477,0.578000009059906,0.1551000028848648
YJR057W,YMR188C,0,-5.0312376,0.27136150002479553,0.578000009059906,0.15520000457763672
YER056C,YJL041W,1,-5.0313854,0.27170342206954956,0.5789999961853027,0.15520000457763672
YML078W,YLR355C,0,-5.031659,0.2715759873390198,0.5789999961853027,0.15530000627040863
YOR310C,YDL047W,0,-5.031941,0.27144867181777954,0.5789999961853027,0.15539999306201935
YML126C,YNR011C,0,-5.032235,0.27132147550582886,0.5789999961853027,0.15549999475479126
YEL036C,YDL006W,0,-5.032346,0.27119436860084534,0.5789999961853027,0.15559999644756317
YDL093W,YDR308C,0,-5.0333514,0.27106741070747375,0.5789999961853027,0.15569999814033508
YOR067C,YDR481C,0,-5.0336676,0.2709405720233917,0.5789999961853027,0.155799999833107
YBL099W,YMR247C,0,-5.03392,0.27081385254859924,0.5789999961853027,0.1559000015258789
YKR022C,YGR078C,0,-5.034655,0.2706872224807739,0.5789999961853027,0.15600000321865082
YLR085C,YKL060C,0,-5.034853,0.27056074142456055,0.5789999961853027,0.15610000491142273
YDR296W,YOR056C,0,-5.0349684,0.2704343795776367,0.5789999961853027,0.15620000660419464
YBR121C,YLR427W,0,-5.0354724,0.27030813694000244,0.5789999961853027,0.15629999339580536
YDR075W,YDL244W,0,-5.0355687,0.2701819837093353,0.5789999961853027,0.15639999508857727
YER056C,YJR042W,1,-5.0357423,0.2705223858356476,0.5799999833106995,0.15639999508857727
YDL013W,YCL063W,0,-5.0363274,0.27039626240730286,0.5799999833106995,0.15649999678134918
YOL149W,YCR024C-A,0,-5.0367823,0.2702702581882477,0.5799999833106995,0.1565999984741211
YDL095W,YHR069C,0,-5.0369387,0.27014437317848206,0.5799999833106995,0.156700000166893
YML048W,YDL014W,0,-5.0371733,0.270018607378006,0.5799999833106995,0.15680000185966492
YNL230C,YPL101W,0,-5.0379477,0.26989296078681946,0.5799999833106995,0.15690000355243683
YLR095C,YMR229C,0,-5.0379987,0.2697674334049225,0.5799999833106995,0.15700000524520874
YDL031W,YML019W,0,-5.038885,0.26964202523231506,0.5799999833106995,0.15710000693798065
YOL017W,YDR060W,0,-5.0391793,0.2695167362689972,0.5799999833106995,0.15719999372959137
YFR033C,YGL243W,0,-5.0392056,0.2693915367126465,0.5799999833106995,0.15729999542236328
YGL018C,YGL145W,0,-5.039263,0.2692664861679077,0.5799999833106995,0.1573999971151352
YOL077W-A,YIL021W,0,-5.0394783,0.2691415250301361,0.5799999833106995,0.1574999988079071
YGR098C,YBR105C,0,-5.039974,0.26901668310165405,0.5799999833106995,0.15760000050067902
YCL025C,YNL293W,0,-5.0407786,0.26889199018478394,0.5799999833106995,0.15770000219345093
YPR073C,YBR119W,0,-5.0408483,0.268767386674881,0.5799999833106995,0.15780000388622284
YPR122W,YML025C,0,-5.0409217,0.2686429023742676,0.5799999833106995,0.15790000557899475
YJL209W,YGL113W,0,-5.0413585,0.26851850748062134,0.5799999833106995,0.15800000727176666
YDR457W,YOL093W,0,-5.041539,0.26839426159858704,0.5799999833106995,0.15809999406337738
YHR013C,YDL065C,0,-5.041878,0.2682701349258423,0.5799999833106995,0.1581999957561493
YGR041W,YDR472W,0,-5.042149,0.2681460976600647,0.5799999833106995,0.1582999974489212
YGL223C,YER109C,0,-5.042472,0.26802217960357666,0.5799999833106995,0.15839999914169312
YNL147W,YDL036C,0,-5.0438595,0.2678983807563782,0.5799999833106995,0.15850000083446503
YER036C,YLR411W,0,-5.04571,0.26777470111846924,0.5799999833106995,0.15860000252723694
YMR055C,YGR199W,0,-5.0457134,0.26765114068984985,0.5799999833106995,0.15870000422000885
YOR157C,YJL187C,0,-5.0457854,0.26752766966819763,0.5799999833106995,0.15880000591278076
YPR073C,YLR154C,0,-5.0468626,0.26740434765815735,0.5799999833106995,0.15889999270439148
YIL125W,YDR461W,0,-5.047226,0.26728111505508423,0.5799999833106995,0.1589999943971634
YER177W,YOL145C,0,-5.047579,0.26715800166130066,0.5799999833106995,0.1590999960899353
YBR215W,YOR295W,0,-5.047662,0.26703497767448425,0.5799999833106995,0.15919999778270721
YER027C,YLR262C,0,-5.0483646,0.2669121026992798,0.5799999833106995,0.15929999947547913
YHR058C,YER002W,0,-5.048525,0.2667893171310425,0.5799999833106995,0.15940000116825104
YMR287C,YML055W,0,-5.049109,0.2666666805744171,0.5799999833106995,0.15950000286102295
YDL088C,YGL174W,1,-5.0499105,0.2670036852359772,0.5809999704360962,0.15950000286102295
YBR059C,YLR342W,0,-5.051514,0.2668810188770294,0.5809999704360962,0.15960000455379486
YMR200W,YDL224C,0,-5.051566,0.2667585015296936,0.5809999704360962,0.15970000624656677
YDR393W,YNL299W,0,-5.0515995,0.26663607358932495,0.5809999704360962,0.1597999930381775
YBL105C,YER082C,0,-5.0517745,0.26651376485824585,0.5809999704360962,0.1598999947309494
YGR267C,YGL084C,0,-5.05248,0.2663915753364563,0.5809999704360962,0.1599999964237213
YIL016W,YPL253C,0,-5.0546293,0.2662694752216339,0.5809999704360962,0.16009999811649323
YPR057W,YLR060W,0,-5.0550117,0.2661474943161011,0.5809999704360962,0.16019999980926514
YLR292C,YGR143W,0,-5.055154,0.2660256326198578,0.5809999704360962,0.16030000150203705
YPR073C,YDL060W,0,-5.0553265,0.26590389013290405,0.5809999704360962,0.16040000319480896
YNL256W,YOR140W,0,-5.0554113,0.2657822370529175,0.5809999704360962,0.16050000488758087
YGR044C,YDR463W,0,-5.0554643,0.26566073298454285,0.5809999704360962,0.16060000658035278
YFL048C,YKL143W,0,-5.0554776,0.2655393183231354,0.5809999704360962,0.1606999933719635
YGL018C,YOL097C,0,-5.056082,0.26541799306869507,0.5809999704360962,0.1607999950647354
YNL080C,YLR264W,0,-5.056976,0.2652968168258667,0.5809999704360962,0.16089999675750732
YGR060W,YOL061W,0,-5.057133,0.2651757299900055,0.5809999704360962,0.16099999845027924
YKL013C,YJL081C,0,-5.0576673,0.26505473256111145,0.5809999704360962,0.16110000014305115
YLR242C,YGR036C,0,-5.057971,0.26493388414382935,0.5809999704360962,0.16120000183582306
YPL149W,YOL004W,0,-5.058581,0.2648131251335144,0.5809999704360962,0.16130000352859497
YDR384C,YDL235C,0,-5.0590677,0.264692485332489,0.5809999704360962,0.16140000522136688
YDR054C,YNL186W,0,-5.060046,0.2645719349384308,0.5809999704360962,0.1615000069141388
YGL195W,YDL134C,0,-5.0602827,0.2644515335559845,0.5809999704360962,0.1615999937057495
YDL231C,YDR310C,0,-5.060435,0.26433122158050537,0.5809999704360962,0.16169999539852142
YGL100W,YPR080W,1,-5.0625887,0.26466575264930725,0.5820000171661377,0.16169999539852142
YPL101W,YLL035W,0,-5.062829,0.2645454406738281,0.5820000171661377,0.16179999709129333
YER056C,YKL186C,1,-5.062859,0.26487961411476135,0.5830000042915344,0.16179999709129333
YJL071W,YGR057C,0,-5.064678,0.2647593021392822,0.5830000042915344,0.16189999878406525
YGL226C-A,YCR008W,0,-5.0657225,0.26463913917541504,0.5830000042915344,0.16200000047683716
YGL241W,YIL016W,0,-5.0658765,0.264519065618515,0.5830000042915344,0.16210000216960907
YER146W,YMR225C,0,-5.066197,0.26439908146858215,0.5830000042915344,0.16220000386238098
YLR397C,YJL128C,0,-5.0673785,0.26427924633026123,0.5830000042915344,0.1623000055551529
YPR135W,YHL003C,0,-5.067897,0.26415950059890747,0.5830000042915344,0.1624000072479248
YKR082W,YBL030C,1,-5.0681305,0.2644927501678467,0.5839999914169312,0.1624000072479248
YPL082C,YAL034W-A,0,-5.068212,0.2643730342388153,0.5839999914169312,0.16249999403953552
YPL149W,YGL027C,0,-5.0686636,0.2642534077167511,0.5839999914169312,0.16259999573230743
YPR131C,YOR060C,0,-5.0686994,0.26413387060165405,0.5839999914169312,0.16269999742507935
YBL030C,YPR080W,1,-5.0699096,0.2644665539264679,0.5849999785423279,0.16269999742507935
YGR230W,YNL099C,0,-5.070953,0.26434704661369324,0.5849999785423279,0.16279999911785126
YDR299W,YDR079C-A,0,-5.0709796,0.26422762870788574,0.5849999785423279,0.16290000081062317
YLL038C,YHR058C,0,-5.0716395,0.2641083598136902,0.5849999785423279,0.16300000250339508
YNL164C,YLR208W,0,-5.072,0.2639891803264618,0.5849999785423279,0.163100004196167
YGL092W,YMR273C,1,-5.0726194,0.26432114839553833,0.5860000252723694,0.163100004196167
YNR032C-A,YOR265W,0,-5.07277,0.26420196890830994,0.5860000252723694,0.1632000058889389
YGR252W,YML034W,0,-5.0728817,0.2640829086303711,0.5860000252723694,0.16329999268054962
YJR066W,YNL283C,0,-5.073821,0.2639639675617218,0.5860000252723694,0.16339999437332153
YIL075C,YGL022W,0,-5.0749493,0.2638451159000397,0.5860000252723694,0.16349999606609344
YMR125W,YOL020W,0,-5.075353,0.2637263834476471,0.5860000252723694,0.16359999775886536
YDR243C,YNL186W,0,-5.0755005,0.2636077404022217,0.5860000252723694,0.16369999945163727
YOR030W,YFR005C,0,-5.0755997,0.2634892165660858,0.5860000252723694,0.16380000114440918
YAR014C,YLR401C,0,-5.076188,0.2633707821369171,0.5860000252723694,0.1639000028371811
YIL115C,YMR273C,1,-5.0762987,0.2637017071247101,0.5870000123977661,0.1639000028371811
YDR345C,YFR033C,0,-5.0766144,0.26358330249786377,0.5870000123977661,0.164000004529953
YGL168W,YDR160W,0,-5.0772023,0.2634649872779846,0.5870000123977661,0.16410000622272491
YJR057W,YNL272C,0,-5.077297,0.263346791267395,0.5870000123977661,0.16419999301433563
YJL099W,YLR435W,0,-5.077763,0.2632286846637726,0.5870000123977661,0.16429999470710754
YIR010W,YOL011W,0,-5.0778427,0.2631107270717621,0.5870000123977661,0.16439999639987946
YDR463W,YOR043W,0,-5.0779595,0.26299282908439636,0.5870000123977661,0.16449999809265137
YDR300C,YOL004W,0,-5.0787983,0.2628750503063202,0.5870000123977661,0.16459999978542328
YNR026C,YIR012W,0,-5.078809,0.26275739073753357,0.5870000123977661,0.1647000014781952
YER164W,YIL131C,0,-5.079424,0.2626398205757141,0.5870000123977661,0.1648000031709671
YOR112W,YPR080W,1,-5.0794806,0.26296958327293396,0.5879999995231628,0.1648000031709671
YLR427W,YJR132W,0,-5.0799227,0.2628520429134369,0.5879999995231628,0.164900004863739
YCL011C,YLR016C,1,-5.0805464,0.2631814181804657,0.5889999866485596,0.164900004863739
YPL228W,YDR221W,0,-5.0813665,0.26306387782096863,0.5889999866485596,0.16500000655651093
YCR065W,YOR008C,0,-5.082691,0.2629464268684387,0.5889999866485596,0.16509999334812164
YNL239W,YAR003W,0,-5.0830064,0.26282909512519836,0.5889999866485596,0.16519999504089355
YDL175C,YER056C,1,-5.0833077,0.2631579041481018,0.5899999737739563,0.16519999504089355
YJR060W,YHR099W,0,-5.0835066,0.26304057240486145,0.5899999737739563,0.16529999673366547
YDR398W,YEL002C,0,-5.0835705,0.26292335987091064,0.5899999737739563,0.16539999842643738
YGL061C,YDR207C,0,-5.0836787,0.262806236743927,0.5899999737739563,0.1655000001192093
YOL149W,YGL099W,0,-5.084276,0.2626892328262329,0.5899999737739563,0.1656000018119812
YOR008C,YKL099C,0,-5.084883,0.262572318315506,0.5899999737739563,0.1657000035047531
YPL265W,YNL128W,0,-5.085057,0.2624555230140686,0.5899999737739563,0.16580000519752502
YNR016C,YDR324C,0,-5.0855994,0.2623388171195984,0.5899999737739563,0.16590000689029694
YHR091C,YOR056C,0,-5.0858088,0.2622222304344177,0.5899999737739563,0.16599999368190765
YGR220C,YDR146C,0,-5.0858335,0.2621057331562042,0.5899999737739563,0.16609999537467957
YDR527W,YKL154W,0,-5.085849,0.2619893550872803,0.5899999737739563,0.16619999706745148
YGR097W,YPL083C,0,-5.0860314,0.2618730664253235,0.5899999737739563,0.1662999987602234
YKR081C,YOR179C,0,-5.0861473,0.26175686717033386,0.5899999737739563,0.1664000004529953
YIL125W,YPR074C,0,-5.086463,0.2616407871246338,0.5899999737739563,0.1665000021457672
YDR296W,YHR165C,0,-5.08792,0.26152482628822327,0.5899999737739563,0.16660000383853912
YLR433C,YDL014W,0,-5.0881486,0.2614089548587799,0.5899999737739563,0.16670000553131104
YNL312W,YDR346C,0,-5.0882964,0.2612931728363037,0.5899999737739563,0.16680000722408295
YML062C,YKL057C,1,-5.088314,0.2616201937198639,0.5910000205039978,0.16680000722408295
YLR433C,YNL121C,0,-5.088992,0.2615044116973877,0.5910000205039978,0.16689999401569366
YBR049C,YPR018W,0,-5.0893145,0.26138877868652344,0.5910000205039978,0.16699999570846558
YOR260W,YOR099W,0,-5.090826,0.26127320528030396,0.5910000205039978,0.1670999974012375
YDL056W,YJL039C,0,-5.0937696,0.261157751083374,0.5910000205039978,0.1671999990940094
YML107C,YDL084W,1,-5.0940447,0.2614840865135193,0.5920000076293945,0.1671999990940094
YDL140C,YBL088C,0,-5.0944543,0.26136866211891174,0.5920000076293945,0.1673000007867813
YBR015C,YPR102C,0,-5.0954733,0.261253297328949,0.5920000076293945,0.16740000247955322
YBR195C,YPR032W,0,-5.096033,0.26113808155059814,0.5920000076293945,0.16750000417232513
YJL003W,YNL167C,0,-5.0972614,0.2610229253768921,0.5920000076293945,0.16760000586509705
YKL021C,YNL243W,0,-5.098123,0.2609078884124756,0.5920000076293945,0.16769999265670776
YER009W,YFR052W,0,-5.098447,0.26079294085502625,0.5920000076293945,0.16779999434947968
YDL059C,YPL180W,0,-5.098588,0.26067811250686646,0.5920000076293945,0.1678999960422516
YMR075W,YOR007C,0,-5.098639,0.26056337356567383,0.5920000076293945,0.1679999977350235
YER145C,YFR037C,0,-5.098716,0.26044875383377075,0.5920000076293945,0.1680999994277954
YGR145W,YDR325W,0,-5.0987725,0.26033422350883484,0.5920000076293945,0.16820000112056732
YOL164W,YNL327W,0,-5.0988393,0.2602197825908661,0.5920000076293945,0.16830000281333923
YOL054W,YER019C-A,0,-5.0990133,0.2601054608821869,0.5920000076293945,0.16840000450611115
YMR255W,YJL061W,1,-5.0996995,0.26043039560317993,0.5929999947547913,0.16840000450611115
YGR218W,YOL072W,1,-5.09989,0.2607550621032715,0.593999981880188,0.16840000450611115
YGR036C,YCR042C,0,-5.0999374,0.26064062118530273,0.593999981880188,0.16850000619888306
YPR105C,YPR182W,0,-5.100092,0.2605263292789459,0.593999981880188,0.16859999299049377
YHR066W,YBR198C,0,-5.1009192,0.2604120969772339,0.593999981880188,0.16869999468326569
YKL122C,YPL032C,0,-5.100959,0.2602979838848114,0.593999981880188,0.1687999963760376
YGL162W,YLR043C,0,-5.101026,0.2601839601993561,0.593999981880188,0.1688999980688095
YBR029C,YDR013W,0,-5.1015882,0.2600700557231903,0.593999981880188,0.16899999976158142
YDR299W,YNL098C,0,-5.103371,0.2599562406539917,0.593999981880188,0.16910000145435333
YHR091C,YIL095W,0,-5.1036787,0.25984251499176025,0.593999981880188,0.16920000314712524
YGL155W,YDR485C,0,-5.104011,0.25972890853881836,0.593999981880188,0.16930000483989716
YMR301C,YMR276W,0,-5.1043296,0.25961539149284363,0.593999981880188,0.16940000653266907
YNL172W,YGR097W,0,-5.104406,0.25950196385383606,0.593999981880188,0.16949999332427979
YPL169C,YBL030C,1,-5.1045933,0.25982531905174255,0.5950000286102295,0.16949999332427979
YOR109W,YML034W,0,-5.1075363,0.2597119212150574,0.5950000286102295,0.1695999950170517
YKL073W,YER049W,0,-5.1076913,0.25959861278533936,0.5950000286102295,0.1696999967098236
YDR184C,YDR392W,0,-5.1083155,0.2594853937625885,0.5950000286102295,0.16979999840259552
YJR069C,YGR229C,0,-5.108755,0.2593722641468048,0.5950000286102295,0.16990000009536743
YGR200C,YMR246W,0,-5.1092935,0.25925925374031067,0.5950000286102295,0.17000000178813934
YKL049C,YFL045C,0,-5.109658,0.2591463327407837,0.5950000286102295,0.17010000348091125
YFR055W,YFR050C,0,-5.109883,0.25903353095054626,0.5950000286102295,0.17020000517368317
YDR318W,YOR001W,0,-5.1102166,0.2589207887649536,0.5950000286102295,0.17030000686645508
YOL027C,YGR006W,0,-5.1102934,0.2588081657886505,0.5950000286102295,0.1703999936580658
YJL099W,YNR013C,0,-5.1103754,0.25869566202163696,0.5950000286102295,0.1704999953508377
YNL127W,YDR331W,0,-5.110796,0.2585832178592682,0.5950000286102295,0.17059999704360962
YNL032W,YJR010C-A,0,-5.111082,0.25847089290618896,0.5950000286102295,0.17069999873638153
YLR427W,YNR011C,0,-5.1112666,0.2583586573600769,0.5950000286102295,0.17080000042915344
YJR119C,YIL076W,0,-5.1114693,0.2582465410232544,0.5950000286102295,0.17090000212192535
YAR002C-A,YLR066W,0,-5.1116314,0.25813448429107666,0.5950000286102295,0.17100000381469727
YLR451W,YPL065W,0,-5.111974,0.2580225467681885,0.5950000286102295,0.17110000550746918
YGR097W,YNL186W,0,-5.1120443,0.25791069865226746,0.5950000286102295,0.1712000072002411
YKL068W,YML103C,1,-5.112481,0.2582322359085083,0.5960000157356262,0.1712000072002411
YLR023C,YNL074C,0,-5.1128006,0.2581203877925873,0.5960000157356262,0.1712999939918518
YDR365C,YKL015W,0,-5.113098,0.2580086588859558,0.5960000157356262,0.17139999568462372
YOL076W,YKL045W,0,-5.113117,0.2578970193862915,0.5960000157356262,0.17149999737739563
YLR293C,YDR235W,0,-5.1137094,0.25778546929359436,0.5960000157356262,0.17159999907016754
YPR073C,YML093W,0,-5.1141453,0.2576740086078644,0.5960000157356262,0.17170000076293945
YFR029W,YDR449C,0,-5.114161,0.25756266713142395,0.5960000157356262,0.17180000245571136
YGR230W,YNL339C,0,-5.114273,0.2574514150619507,0.5960000157356262,0.17190000414848328
YLR107W,YMR077C,0,-5.115095,0.2573402523994446,0.5960000157356262,0.1720000058412552
YER073W,YNL307C,0,-5.115121,0.25722917914390564,0.5960000157356262,0.1720999926328659
YFL025C,YLR145W,0,-5.115633,0.25711819529533386,0.5960000157356262,0.17219999432563782
YDR179C,YNL339C,0,-5.116319,0.25700733065605164,0.5960000157356262,0.17229999601840973
YBR177C,YDL002C,0,-5.116476,0.2568965554237366,0.5960000157356262,0.17239999771118164
YPR105C,YGL136C,0,-5.1165257,0.25678586959838867,0.5960000157356262,0.17249999940395355
YDR518W,YNL099C,0,-5.116843,0.25667527318000793,0.5960000157356262,0.17260000109672546
YML048W,YLR303W,0,-5.1174965,0.25656479597091675,0.5960000157356262,0.17270000278949738
YJR093C,YOR269W,0,-5.1180544,0.25645437836647034,0.5960000157356262,0.1728000044822693
YJL183W,YMR267W,0,-5.1184616,0.2563440799713135,0.5960000157356262,0.1729000061750412
YAL034W-A,YKR008W,0,-5.1187153,0.2562338709831238,0.5960000157356262,0.17299999296665192
YNR033W,YGR128C,0,-5.1195164,0.25612375140190125,0.5960000157356262,0.17309999465942383
YLR107W,YJR086W,0,-5.1195736,0.25601375102996826,0.5960000157356262,0.17319999635219574
YER056C,YMR235C,1,-5.1197615,0.25633320212364197,0.597000002861023,0.17319999635219574
YBL079W,YML107C,1,-5.119891,0.2566523551940918,0.5979999899864197,0.17319999635219574
YDL174C,YMR313C,0,-5.11991,0.25654226541519165,0.5979999899864197,0.17329999804496765
YMR059W,YIR011C,0,-5.1205716,0.2564322352409363,0.5979999899864197,0.17339999973773956
YDL084W,YOL072W,1,-5.1210017,0.2567509710788727,0.5989999771118164,0.17339999973773956
YGL190C,YER127W,0,-5.1212664,0.2566409707069397,0.5989999771118164,0.17350000143051147
YNR032C-A,YGR276C,0,-5.1213875,0.2565310597419739,0.5989999771118164,0.1736000031232834
YIL070C,YCR072C,0,-5.1220684,0.2564212381839752,0.5989999771118164,0.1737000048160553
YKL048C,YMR005W,0,-5.122183,0.2563115060329437,0.5989999771118164,0.1738000065088272
YOL145C,YCR065W,0,-5.1225085,0.2562018930912018,0.5989999771118164,0.17389999330043793
YOR204W,YER095W,0,-5.1225777,0.2560923397541046,0.5989999771118164,0.17399999499320984
YKL152C,YIL013C,0,-5.1229897,0.255982905626297,0.5989999771118164,0.17409999668598175
YDR224C,YDR140W,0,-5.1231537,0.25587356090545654,0.5989999771118164,0.17419999837875366
YLR429W,YOR109W,0,-5.1243744,0.25576430559158325,0.5989999771118164,0.17430000007152557
YJL006C,YOR140W,0,-5.1244216,0.2556551396846771,0.5989999771118164,0.17440000176429749
YDR138W,YKL057C,1,-5.124528,0.255972683429718,0.6000000238418579,0.17440000176429749
YOR260W,YBR159W,0,-5.1248403,0.2558635473251343,0.6000000238418579,0.1745000034570694
YIL040W,YKR095W,1,-5.125034,0.2561807334423065,0.6010000109672546,0.1745000034570694
YDR163W,YDL092W,0,-5.1250887,0.2560715675354004,0.6010000109672546,0.1746000051498413
YLR011W,YDL128W,0,-5.125613,0.2559625208377838,0.6010000109672546,0.17470000684261322
YGR098C,YCR020W-B,0,-5.125814,0.2558535635471344,0.6010000109672546,0.17479999363422394
YER012W,YHR039C-A,0,-5.1266503,0.25574469566345215,0.6010000109672546,0.17489999532699585
YHR079C,YMR182C,0,-5.1278934,0.2556358873844147,0.6010000109672546,0.17499999701976776
YDL088C,YNL139C,1,-5.128128,0.255952388048172,0.6019999980926514,0.17499999701976776
YMR047C,YGL100W,1,-5.128339,0.25626859068870544,0.6029999852180481,0.17499999701976776
YER177W,YGR212W,0,-5.1286674,0.2561597228050232,0.6029999852180481,0.17509999871253967
YER001W,YLR055C,0,-5.1287365,0.2560509443283081,0.6029999852180481,0.17520000040531158
YKL139W,YOR206W,0,-5.1289225,0.25594228506088257,0.6029999852180481,0.1753000020980835
YOL112W,YDR346C,0,-5.129096,0.2558336853981018,0.6029999852180481,0.1754000037908554
YNL091W,YGL243W,0,-5.1294928,0.2557252049446106,0.6029999852180481,0.17550000548362732
YJL198W,YBR165W,0,-5.129702,0.25561678409576416,0.6029999852180481,0.17560000717639923
YDR276C,YOR008C,0,-5.129863,0.2555084824562073,0.6029999852180481,0.17569999396800995
YGL174W,YDL198C,1,-5.1299496,0.2558237910270691,0.6039999723434448,0.17569999396800995
YGR171C,YOR266W,0,-5.1305866,0.2557154893875122,0.6039999723434448,0.17579999566078186
YPR082C,YOR157C,0,-5.130603,0.2556072771549225,0.6039999723434448,0.17589999735355377
YGR036C,YMR013C,0,-5.130714,0.2554991543292999,0.6039999723434448,0.17599999904632568
YDR381W,YMR273C,1,-5.131052,0.25581395626068115,0.6050000190734863,0.17599999904632568
YNL074C,YHL028W,0,-5.1310654,0.2557058334350586,0.6050000190734863,0.1761000007390976
YGL238W,YOR295W,0,-5.1314917,0.2555978000164032,0.6050000190734863,0.1762000024318695
YMR113W,YDR268W,0,-5.1320186,0.25548985600471497,0.6050000190734863,0.17630000412464142
YPL267W,YMR186W,0,-5.132428,0.2553820312023163,0.6050000190734863,0.17640000581741333
YDL017W,YHR039C-A,0,-5.1338573,0.2552742660045624,0.6050000190734863,0.17649999260902405
YKR086W,YDL047W,0,-5.134264,0.25516659021377563,0.6050000190734863,0.17659999430179596
YKL018W,YLR043C,0,-5.1353197,0.25505903363227844,0.6050000190734863,0.17669999599456787
YLR320W,YLR135W,0,-5.135331,0.254951536655426,0.6050000190734863,0.17679999768733978
YBL051C,YDR334W,0,-5.1353474,0.25484415888786316,0.6050000190734863,0.1768999993801117
YBL079W,YBL030C,1,-5.135544,0.2551578879356384,0.6060000061988831,0.1768999993801117
YDL005C,YDR311W,0,-5.1357183,0.25505051016807556,0.6060000061988831,0.1770000010728836
YML065W,YHR152W,0,-5.1367807,0.25494319200515747,0.6060000061988831,0.17710000276565552
YLR098C,YIL036W,0,-5.1376014,0.25483599305152893,0.6060000061988831,0.17720000445842743
YJL209W,YKR101W,0,-5.1381855,0.25472888350486755,0.6060000061988831,0.17730000615119934
YGL174W,YJL140W,1,-5.1383295,0.25504201650619507,0.6069999933242798,0.17730000615119934
YMR048W,YDR227W,0,-5.138407,0.2549349069595337,0.6069999933242798,0.17739999294281006
YER036C,YJR031C,0,-5.1388965,0.2548278868198395,0.6069999933242798,0.17749999463558197
YPL179W,YNL229C,0,-5.139043,0.25472092628479004,0.6069999933242798,0.17759999632835388
YMR238W,YCL067C,0,-5.1395144,0.25461408495903015,0.6069999933242798,0.1776999980211258
YBR286W,YHL027W,0,-5.140397,0.2545073330402374,0.6069999933242798,0.1777999997138977
YDL192W,YIL048W,0,-5.140503,0.25440067052841187,0.6069999933242798,0.17790000140666962
YNL290W,YBL058W,0,-5.140974,0.25429409742355347,0.6069999933242798,0.17800000309944153
YPL146C,YDR238C,0,-5.1412964,0.25418761372566223,0.6069999933242798,0.17810000479221344
YLR233C,YDR062W,0,-5.142235,0.25408121943473816,0.6069999933242798,0.17820000648498535
YKL186C,YMR129W,1,-5.142848,0.2543933093547821,0.6079999804496765,0.17820000648498535
YPR102C,YOR068C,0,-5.142943,0.25428691506385803,0.6079999804496765,0.17829999327659607
YCR086W,YJR069C,0,-5.1434145,0.2541806101799011,0.6079999804496765,0.17839999496936798
YDR477W,YLR222C,0,-5.1435857,0.2540743947029114,0.6079999804496765,0.1784999966621399
YOR211C,YNL263C,0,-5.143684,0.2539682686328888,0.6079999804496765,0.1785999983549118
YDR073W,YLR435W,0,-5.144295,0.253862202167511,0.6079999804496765,0.17870000004768372
YKR095W,YDR192C,1,-5.14441,0.2541736364364624,0.609000027179718,0.17870000004768372
YBR265W,YHR060W,0,-5.1448545,0.2540675699710846,0.609000027179718,0.17880000174045563
YPL255W,YDR469W,0,-5.1455364,0.25396162271499634,0.609000027179718,0.17890000343322754
YGL247W,YIR005W,1,-5.147002,0.25427260994911194,0.6100000143051147,0.17890000343322754
YNR033W,YDR280W,0,-5.1470323,0.2541666626930237,0.6100000143051147,0.17900000512599945
YJR090C,YBL088C,0,-5.147157,0.2540608048439026,0.6100000143051147,0.17910000681877136
YCR028C,YKL008C,0,-5.1472716,0.25395503640174866,0.6100000143051147,0.17919999361038208
YDR393W,YER100W,0,-5.147285,0.2538493573665619,0.6100000143051147,0.179299995303154
YER017C,YNL014W,0,-5.147743,0.2537437677383423,0.6100000143051147,0.1793999969959259
YHR086W,YPL180W,0,-5.1477575,0.25363826751708984,0.6100000143051147,0.17949999868869781
YGL022W,YPR024W,0,-5.147819,0.2535328269004822,0.6100000143051147,0.17960000038146973
YBL009W,YDR093W,0,-5.148414,0.25342750549316406,0.6100000143051147,0.17970000207424164
YGL167C,YBR253W,0,-5.14865,0.2533222734928131,0.6100000143051147,0.17980000376701355
YKL172W,YER068W,0,-5.149077,0.25321710109710693,0.6100000143051147,0.17990000545978546
YGR091W,YAL047C,0,-5.1499,0.2531120479106903,0.6100000143051147,0.18000000715255737
YEL002C,YGL210W,0,-5.150358,0.25300705432891846,0.6100000143051147,0.1800999939441681
YPL115C,YMR229C,0,-5.1524878,0.25290215015411377,0.6100000143051147,0.18019999563694
YBR288C,YLR385C,0,-5.153594,0.25279733538627625,0.6100000143051147,0.18029999732971191
YPL078C,YOR284W,0,-5.153887,0.25269263982772827,0.6100000143051147,0.18039999902248383
YAR019C,YMR216C,0,-5.1543674,0.2525880038738251,0.6100000143051147,0.18050000071525574
YLR353W,YMR277W,0,-5.1558666,0.25248345732688904,0.6100000143051147,0.18060000240802765
YBR068C,YML029W,0,-5.1560335,0.2523789703845978,0.6100000143051147,0.18070000410079956
YGL169W,YNL064C,0,-5.1565256,0.25227460265159607,0.6100000143051147,0.18080000579357147
YIL044C,YPL011C,0,-5.15735,0.2521703243255615,0.6100000143051147,0.1808999925851822
YGR004W,YBR083W,0,-5.1574035,0.25206610560417175,0.6100000143051147,0.1809999942779541
YPL255W,YGR262C,0,-5.157835,0.25196200609207153,0.6100000143051147,0.181099995970726
YNL002C,YGR085C,0,-5.1579833,0.2518579661846161,0.6100000143051147,0.18119999766349792
YKL016C,YBR233W-A,0,-5.1589227,0.2517540156841278,0.6100000143051147,0.18129999935626984
YIL038C,YFR004W,0,-5.158951,0.2516501545906067,0.6100000143051147,0.18140000104904175
YBR215W,YLL011W,0,-5.159875,0.25154638290405273,0.6100000143051147,0.18150000274181366
YHR079C,YDR469W,0,-5.160271,0.25144270062446594,0.6100000143051147,0.18160000443458557
YHL040C,YPR131C,0,-5.1604824,0.2513391077518463,0.6100000143051147,0.18170000612735748
YJL089W,YDR172W,0,-5.1615963,0.25123557448387146,0.6100000143051147,0.1817999929189682
YJR050W,YDR172W,0,-5.1627836,0.25113216042518616,0.6100000143051147,0.1818999946117401
YLR116W,YIL021W,0,-5.16399,0.25102880597114563,0.6100000143051147,0.18199999630451202
YGL168W,YLR254C,0,-5.164545,0.25092554092407227,0.6100000143051147,0.18209999799728394
YPR181C,YPL128C,0,-5.1656246,0.25082236528396606,0.6100000143051147,0.18219999969005585
YER166W,YJR145C,0,-5.165774,0.250719279050827,0.6100000143051147,0.18230000138282776
YCR066W,YNL044W,0,-5.165921,0.25061628222465515,0.6100000143051147,0.18240000307559967
YMR266W,YBL088C,0,-5.1660695,0.25051334500312805,0.6100000143051147,0.18250000476837158
YLR098C,YGR202C,0,-5.166688,0.2504104971885681,0.6100000143051147,0.1826000064611435
YOR142W,YBL050W,0,-5.166876,0.25030776858329773,0.6100000143051147,0.1826999932527542
YGR097W,YGR163W,0,-5.167179,0.2502050995826721,0.6100000143051147,0.18279999494552612
YNL314W,YLR020C,0,-5.1677895,0.2501024901866913,0.6100000143051147,0.18289999663829803
YJR064W,YDL174C,0,-5.1682963,0.25,0.6100000143051147,0.18299999833106995
YDL140C,YBR123C,0,-5.1693363,0.24989758431911469,0.6100000143051147,0.18310000002384186
YKR081C,YLR262C,0,-5.169832,0.24979524314403534,0.6100000143051147,0.18320000171661377
YCL051W,YGR072W,0,-5.1702175,0.24969300627708435,0.6100000143051147,0.18330000340938568
YER002W,YHR135C,0,-5.1708174,0.24959082901477814,0.6100000143051147,0.1834000051021576
YIL112W,YAR031W,0,-5.1710835,0.24948875606060028,0.6100000143051147,0.1835000067949295
YGR166W,YNL085W,0,-5.1717443,0.2493867576122284,0.6100000143051147,0.18359999358654022
YKR042W,YDR324C,0,-5.1721096,0.24928483366966248,0.6100000143051147,0.18369999527931213
YML016C,YPR102C,0,-5.1723847,0.24918299913406372,0.6100000143051147,0.18379999697208405
YDR138W,YML107C,1,-5.172509,0.24948959052562714,0.6110000014305115,0.18379999697208405
YPL061W,YLR129W,0,-5.1725206,0.24938775599002838,0.6110000014305115,0.18389999866485596
YHR059W,YML109W,0,-5.172841,0.2492860108613968,0.6110000014305115,0.18400000035762787
YBL042C,YKR082W,1,-5.1728477,0.24959217011928558,0.6119999885559082,0.18400000035762787
YDL198C,YDR138W,1,-5.17443,0.24989809095859528,0.6129999756813049,0.18400000035762787
YDR121W,YNL272C,0,-5.174638,0.24979625642299652,0.6129999756813049,0.18410000205039978
YHR148W,YDR486C,0,-5.175505,0.24969449639320374,0.6129999756813049,0.1842000037431717
YER056C,YKL068W,1,-5.1755385,0.25,0.6140000224113464,0.1842000037431717
YOR377W,YOR363C,0,-5.176057,0.2498982548713684,0.6140000224113464,0.1843000054359436
YBL009W,YNR015W,0,-5.176256,0.24979658424854279,0.6140000224113464,0.18440000712871552
YER178W,YGL229C,0,-5.176503,0.24969500303268433,0.6140000224113464,0.18449999392032623
YLR318W,YDR334W,0,-5.1768074,0.24959349632263184,0.6140000224113464,0.18459999561309814
YKL114C,YHR038W,0,-5.1771245,0.2494920790195465,0.6140000224113464,0.18469999730587006
YOL135C,YMR177W,0,-5.1773806,0.24939073622226715,0.6140000224113464,0.18479999899864197
YKL005C,YOL005C,0,-5.178348,0.24928948283195496,0.6140000224113464,0.18490000069141388
YNL173C,YLR134W,0,-5.178901,0.24918831884860992,0.6140000224113464,0.1850000023841858
YBR091C,YDR097C,0,-5.1794004,0.24908721446990967,0.6140000224113464,0.1851000040769577
YJL062W,YNL186W,0,-5.179531,0.24898621439933777,0.6140000224113464,0.18520000576972961
YBR041W,YER100W,0,-5.179575,0.24888528883457184,0.6140000224113464,0.18529999256134033
YBR068C,YGR004W,0,-5.180031,0.24878443777561188,0.6140000224113464,0.18539999425411224
YDL035C,YLR006C,0,-5.1802835,0.24868367612361908,0.6140000224113464,0.18549999594688416
YLR276C,YEL018W,0,-5.180357,0.24858298897743225,0.6140000224113464,0.18559999763965607
YHR115C,YDR436W,0,-5.180605,0.24848239123821259,0.6140000224113464,0.18569999933242798
YGR280C,YPL176C,0,-5.181258,0.24838188290596008,0.6140000224113464,0.1858000010251999
YBL032W,YBR129C,0,-5.181954,0.24828143417835236,0.6140000224113464,0.1859000027179718
YHR191C,YOR110W,0,-5.182741,0.24818108975887299,0.6140000224113464,0.1860000044107437
YPL048W,YDR255C,0,-5.183166,0.2480808049440384,0.6140000224113464,0.18610000610351562
YDL198C,YJL140W,1,-5.184596,0.248384490609169,0.6150000095367432,0.18610000610351562
YPL053C,YGR270W,0,-5.184597,0.2482842206954956,0.6150000095367432,0.18619999289512634
YDR184C,YMR225C,0,-5.1848884,0.24818402528762817,0.6150000095367432,0.18629999458789825
YKL068W,YMR308C,1,-5.1851544,0.24848729372024536,0.6159999966621399,0.18629999458789825
YPL231W,YIL118W,0,-5.1851826,0.24838709831237793,0.6159999966621399,0.18639999628067017
YKL019W,YDR135C,0,-5.1857395,0.24828697741031647,0.6159999966621399,0.18649999797344208
YNL298W,YDR359C,0,-5.185768,0.24818694591522217,0.6159999966621399,0.186599999666214
YBL016W,YCR084C,0,-5.1867886,0.24808698892593384,0.6159999966621399,0.1867000013589859
YBR059C,YDR400W,0,-5.1868353,0.24798712134361267,0.6159999966621399,0.1868000030517578
YIL040W,YDL207W,1,-5.186864,0.24828973412513733,0.6169999837875366,0.1868000030517578
YNR016C,YGL169W,0,-5.186864,0.24818986654281616,0.6169999837875366,0.18690000474452972
YNL001W,YKR055W,0,-5.1880956,0.24809007346630096,0.6169999837875366,0.18700000643730164
YLR129W,YOR328W,0,-5.1883335,0.24799035489559174,0.6169999837875366,0.18709999322891235
YDL192W,YPR070W,0,-5.1885977,0.24789072573184967,0.6169999837875366,0.18719999492168427
YBR034C,YKR095W,1,-5.1889415,0.24819277226924896,0.6179999709129333,0.18719999492168427
YGR083C,YOL006C,0,-5.189514,0.2480931282043457,0.6179999709129333,0.18729999661445618
YBR041W,YHR099W,0,-5.1896663,0.2479935735464096,0.6179999709129333,0.1873999983072281
YBR244W,YJL124C,0,-5.1901817,0.24789410829544067,0.6179999709129333,0.1875
YNL118C,YGR213C,0,-5.1901937,0.24779470264911652,0.6179999709129333,0.1876000016927719
YBR215W,YDR382W,0,-5.1907396,0.24769538640975952,0.6179999709129333,0.18770000338554382
YGR145W,YDR176W,0,-5.191203,0.2475961595773697,0.6179999709129333,0.18780000507831573
YOR168W,YJL025W,0,-5.1914372,0.24749699234962463,0.6179999709129333,0.18790000677108765
YHR120W,YAL034W-A,0,-5.1914434,0.24739791452884674,0.6179999709129333,0.18799999356269836
YBL042C,YGL100W,1,-5.191493,0.2476990818977356,0.6190000176429749,0.18799999356269836
YDL083C,YKL056C,0,-5.191505,0.2476000040769577,0.6190000176429749,0.18809999525547028
YNR035C,YGL027C,0,-5.191865,0.24750100076198578,0.6190000176429749,0.1881999969482422
YML059C,YAR003W,0,-5.1920614,0.24740207195281982,0.6190000176429749,0.1882999986410141
YJR108W,YGR280C,0,-5.192066,0.24730323255062103,0.6190000176429749,0.188400000333786
YGL022W,YDR260C,0,-5.192135,0.2472044676542282,0.6190000176429749,0.18850000202655792
YIL009W,YBL014C,0,-5.1921477,0.24710579216480255,0.6190000176429749,0.18860000371932983
YFL009W,YER164W,0,-5.1929855,0.24700717628002167,0.6190000176429749,0.18870000541210175
YMR059W,YIL173W,0,-5.1941686,0.24690864980220795,0.6190000176429749,0.18880000710487366
YER020W,YDL055C,0,-5.19431,0.2468102127313614,0.6190000176429749,0.18889999389648438
YEL032W,YOL040C,0,-5.1944914,0.2467118352651596,0.6190000176429749,0.1889999955892563
YOR377W,YJL124C,0,-5.1951694,0.246613547205925,0.6190000176429749,0.1890999972820282
YNR013C,YNL236W,0,-5.1958065,0.24651533365249634,0.6190000176429749,0.1891999989748001
YNR067C,YGR181W,0,-5.1964855,0.24641719460487366,0.6190000176429749,0.18930000066757202
YEL022W,YDR200C,0,-5.1965957,0.24631914496421814,0.6190000176429749,0.18940000236034393
YJR059W,YDR160W,0,-5.1969304,0.2462211549282074,0.6190000176429749,0.18950000405311584
YPL271W,YGR118W,0,-5.1969347,0.24612325429916382,0.6190000176429749,0.18960000574588776
YDR300C,YER075C,0,-5.197627,0.2460254430770874,0.6190000176429749,0.18970000743865967
YML123C,YBR050C,0,-5.1977663,0.24592769145965576,0.6190000176429749,0.18979999423027039
YGR147C,YJL025W,0,-5.198946,0.24583002924919128,0.6190000176429749,0.1898999959230423
YIR005W,YKR095W,1,-5.1991367,0.24612942337989807,0.6200000047683716,0.1898999959230423
YMR038C,YGR143W,0,-5.1992607,0.2460317462682724,0.6200000047683716,0.1899999976158142
YOR110W,YGR141W,0,-5.1993413,0.2459341585636139,0.6200000047683716,0.19009999930858612
YNR060W,YIL053W,0,-5.1997666,0.24583663046360016,0.6200000047683716,0.19020000100135803
YOR236W,YDL188C,0,-5.1999197,0.24573920667171478,0.6200000047683716,0.19030000269412994
YML081C-A,YPL146C,0,-5.1999807,0.24564184248447418,0.6200000047683716,0.19040000438690186
YNL008C,YDR545W,0,-5.201399,0.24554455280303955,0.6200000047683716,0.19050000607967377
YJR057W,YAL007C,0,-5.202039,0.24544735252857208,0.6200000047683716,0.19059999287128448
YGL155W,YMR276W,0,-5.202489,0.2453502118587494,0.6200000047683716,0.1906999945640564
YOR301W,YLL024C,0,-5.202546,0.24525316059589386,0.6200000047683716,0.1907999962568283
YLR229C,YPL258C,0,-5.2033176,0.2451561838388443,0.6200000047683716,0.19089999794960022
YIR028W,YGL097W,1,-5.2040696,0.2454545497894287,0.6209999918937683,0.19089999794960022
YBR068C,YMR314W,0,-5.204365,0.24535757303237915,0.6209999918937683,0.19099999964237213
YML094W,YJL039C,0,-5.2045774,0.24526067078113556,0.6209999918937683,0.19110000133514404
YOR112W,YML107C,1,-5.204826,0.24555861949920654,0.621999979019165,0.19110000133514404
YJL072C,YBR123C,0,-5.2052646,0.24546171724796295,0.621999979019165,0.19120000302791595
YOR026W,YKL173W,0,-5.2053967,0.24536488950252533,0.621999979019165,0.19130000472068787
YPR119W,YOR241W,0,-5.207142,0.24526813626289368,0.621999979019165,0.19140000641345978
YNL153C,YDR443C,0,-5.207554,0.245171457529068,0.621999979019165,0.1914999932050705
YKL206C,YPR100W,0,-5.208468,0.24507486820220947,0.621999979019165,0.1915999948978424
YBR121C,YOL116W,0,-5.2086105,0.24497833847999573,0.621999979019165,0.19169999659061432
YIR023W,YNL070W,0,-5.2087026,0.24488188326358795,0.621999979019165,0.19179999828338623
YBR207W,YPL234C,0,-5.2089357,0.24478551745414734,0.621999979019165,0.19189999997615814
YCR063W,YDR503C,0,-5.209021,0.2446892261505127,0.621999979019165,0.19200000166893005
YAL007C,YOR216C,0,-5.2091074,0.24459299445152283,0.621999979019165,0.19210000336170197
YDL192W,YNL186W,0,-5.2098083,0.24449685215950012,0.621999979019165,0.19220000505447388
YDL090C,YDR311W,0,-5.2099533,0.2444007843732834,0.621999979019165,0.1923000067472458
YPL122C,YGR185C,0,-5.210085,0.24430479109287262,0.621999979019165,0.1923999935388565
YPR108W,YML015C,0,-5.2102385,0.24420887231826782,0.621999979019165,0.19249999523162842
YJL002C,YDR478W,0,-5.210339,0.244113028049469,0.621999979019165,0.19259999692440033
YDR463W,YML025C,0,-5.21049,0.24401725828647614,0.621999979019165,0.19269999861717224
YPL145C,YDR028C,0,-5.2105656,0.24392156302928925,0.621999979019165,0.19280000030994415
YBL074C,YPR135W,0,-5.211555,0.24382595717906952,0.621999979019165,0.19290000200271606
YDR150W,YBR073W,0,-5.211955,0.24373041093349457,0.621999979019165,0.19300000369548798
YNL326C,YNL206C,0,-5.2128487,0.24363493919372559,0.621999979019165,0.1931000053882599
YJR140C,YDR487C,0,-5.21444,0.24353954195976257,0.621999979019165,0.1932000070810318
YEL063C,YDL077C,0,-5.2151237,0.24344423413276672,0.621999979019165,0.19329999387264252
YDR356W,YML097C,0,-5.215255,0.24334898591041565,0.621999979019165,0.19339999556541443
YGL211W,YML109W,0,-5.2152905,0.24325381219387054,0.621999979019165,0.19349999725818634
YOR112W,YBR034C,1,-5.21533,0.243549644947052,0.6230000257492065,0.19349999725818634
YIL040W,YOR112W,1,-5.2163677,0.24384525418281555,0.6240000128746033,0.19349999725818634
YMR049C,YCR028C,0,-5.216531,0.24375000596046448,0.6240000128746033,0.19359999895095825
YFR001W,YDR457W,0,-5.2165594,0.24365481734275818,0.6240000128746033,0.19370000064373016
YPR108W,YIR018W,0,-5.2176147,0.24355971813201904,0.6240000128746033,0.19380000233650208
YMR001C,YBR083W,0,-5.2182603,0.24346469342708588,0.6240000128746033,0.193900004029274
YOR144C,YBR154C,0,-5.2183733,0.24336972832679749,0.6240000128746033,0.1940000057220459
YGR238C,YDR404C,0,-5.2185144,0.24327485263347626,0.6240000128746033,0.1941000074148178
YLL019C,YDR485C,0,-5.218668,0.243180051445961,0.6240000128746033,0.19419999420642853
YMR072W,YPL138C,0,-5.219177,0.24308530986309052,0.6240000128746033,0.19429999589920044
YPL267W,YOR260W,0,-5.2192516,0.2429906576871872,0.6240000128746033,0.19439999759197235
YNL082W,YDR088C,0,-5.219367,0.24289606511592865,0.6240000128746033,0.19449999928474426
YLR095C,YDR463W,0,-5.220045,0.24280156195163727,0.6240000128746033,0.19460000097751617
YEL071W,YKR038C,0,-5.220166,0.24270711839199066,0.6240000128746033,0.19470000267028809
YGL025C,YLR298C,0,-5.2219543,0.24261274933815002,0.6240000128746033,0.19480000436306
YOL063C,YIL076W,0,-5.2220383,0.24251845479011536,0.6240000128746033,0.1949000060558319
YGL162W,YPR173C,0,-5.2221594,0.24242424964904785,0.6240000128746033,0.19499999284744263
YBR200W,YPR143W,0,-5.2222853,0.24233010411262512,0.6240000128746033,0.19509999454021454
YGR175C,YGL243W,0,-5.2227798,0.24223601818084717,0.6240000128746033,0.19519999623298645
YLR085C,YHR170W,0,-5.222918,0.24214202165603638,0.6240000128746033,0.19529999792575836
YDR030C,YPR010C,0,-5.223193,0.24204809963703156,0.6240000128746033,0.19539999961853027
YDL207W,YDR192C,1,-5.2232704,0.2423419952392578,0.625,0.19539999961853027
YNL164C,YMR070W,0,-5.2238216,0.2422480583190918,0.625,0.19550000131130219
YER105C,YGL172W,1,-5.2244596,0.24254165589809418,0.6259999871253967,0.19550000131130219
YLR429W,YER178W,0,-5.224481,0.24244771897792816,0.6259999871253967,0.1956000030040741
YKL113C,YNL330C,0,-5.2245884,0.24235385656356812,0.6259999871253967,0.195700004696846
YPL161C,YGL245W,0,-5.2259502,0.24226006865501404,0.6259999871253967,0.19580000638961792
YNL192W,YKL154W,0,-5.2267323,0.24216634035110474,0.6259999871253967,0.19589999318122864
YLR107W,YLR240W,0,-5.22684,0.2420727014541626,0.6259999871253967,0.19599999487400055
YLR427W,YPL093W,0,-5.2269588,0.24197912216186523,0.6259999871253967,0.19609999656677246
YPL181W,YHR200W,0,-5.2272506,0.24188563227653503,0.6259999871253967,0.19619999825954437
YKL170W,YGR024C,0,-5.227312,0.2417922019958496,0.6259999871253967,0.19629999995231628
YCR082W,YBL024W,0,-5.2273536,0.24169884622097015,0.6259999871253967,0.1964000016450882
YML071C,YPL049C,0,-5.2280765,0.24160556495189667,0.6259999871253967,0.1965000033378601
YLR226W,YOL076W,0,-5.228996,0.24151234328746796,0.6259999871253967,0.19660000503063202
YLR170C,YBR088C,0,-5.229076,0.2414192110300064,0.6259999871253967,0.19670000672340393
YMR204C,YPL050C,0,-5.229273,0.24132613837718964,0.6259999871253967,0.19679999351501465
YCL011C,YDR138W,1,-5.2296133,0.24161849915981293,0.6269999742507935,0.19679999351501465
YHR074W,YDR404C,0,-5.230395,0.24152542650699615,0.6269999742507935,0.19689999520778656
YML019W,YNL003C,0,-5.230729,0.24143242835998535,0.6269999742507935,0.19699999690055847
YCR048W,YPL149W,0,-5.2319083,0.24133948981761932,0.6269999742507935,0.19709999859333038
YOR038C,YKR037C,0,-5.231963,0.24124664068222046,0.6269999742507935,0.1972000002861023
YDR217C,YKL130C,0,-5.23271,0.24115385115146637,0.6269999742507935,0.1973000019788742
YPL082C,YPL233W,0,-5.232914,0.24106113612651825,0.6269999742507935,0.19740000367164612
YOR198C,YOR119C,0,-5.2329187,0.2409684807062149,0.6269999742507935,0.19750000536441803
YHR079C,YBR015C,0,-5.2332554,0.24087591469287872,0.6269999742507935,0.19760000705718994
YKR035W-A,YBR258C,0,-5.233485,0.24078340828418732,0.6269999742507935,0.19769999384880066
YNL298W,YPR046W,0,-5.234328,0.24069097638130188,0.6269999742507935,0.19779999554157257
YNL232W,YPL055C,0,-5.234457,0.2405986189842224,0.6269999742507935,0.19789999723434448
YCR038C,YPL235W,0,-5.2345557,0.2405063360929489,0.6269999742507935,0.1979999989271164
YHL038C,YMR285C,0,-5.2349935,0.2404141128063202,0.6269999742507935,0.1981000006198883
YML059C,YFL002C,0,-5.2352557,0.24032196402549744,0.6269999742507935,0.19820000231266022
YLR106C,YLR378C,0,-5.236636,0.24022988975048065,0.6269999742507935,0.19830000400543213
YJR140C,YDR312W,0,-5.2366457,0.24013787508010864,0.6269999742507935,0.19840000569820404
YDL145C,YOR083W,0,-5.2369885,0.2400459349155426,0.6269999742507935,0.19850000739097595
YER146W,YLR107W,0,-5.237111,0.23995406925678253,0.6269999742507935,0.19859999418258667
YOR112W,YBR021W,1,-5.2371683,0.24024483561515808,0.628000020980835,0.19859999418258667
YLR332W,YGR013W,0,-5.2372127,0.240152969956398,0.628000020980835,0.19869999587535858
YDR265W,YOR060C,0,-5.2375107,0.24006116390228271,0.628000020980835,0.1987999975681305
YEL016C,YER148W,0,-5.237561,0.2399694323539734,0.628000020980835,0.1988999992609024
YER016W,YNL072W,0,-5.238011,0.23987777531147003,0.628000020980835,0.19900000095367432
YOR304W,YKR038C,0,-5.2380133,0.23978617787361145,0.628000020980835,0.19910000264644623
YDR288W,YPL083C,0,-5.238186,0.23969465494155884,0.628000020980835,0.19920000433921814
YDL132W,YJL073W,0,-5.2385364,0.2396032065153122,0.628000020980835,0.19930000603199005
YOR144C,YOL027C,0,-5.238867,0.23951181769371033,0.628000020980835,0.19939999282360077
YMR298W,YDL236W,0,-5.239044,0.23942051827907562,0.628000020980835,0.19949999451637268
YPL161C,YML021C,0,-5.239236,0.2393292635679245,0.628000020980835,0.1995999962091446
YLR285W,YGL115W,0,-5.239293,0.23923809826374054,0.628000020980835,0.1996999979019165
YGL092W,YLR016C,1,-5.239851,0.23952779173851013,0.6290000081062317,0.1996999979019165
YPL085W,YDR189W,0,-5.240112,0.23943662643432617,0.6290000081062317,0.19979999959468842
YBR215W,YOR060C,0,-5.2412167,0.2393455058336258,0.6290000081062317,0.19990000128746033
YGL200C,YKR001C,0,-5.2423134,0.23925447463989258,0.6290000081062317,0.20000000298023224
YDR343C,YFR048W,0,-5.242498,0.23916350305080414,0.6290000081062317,0.20010000467300415
YIL040W,YDR138W,1,-5.242579,0.23945267498493195,0.6299999952316284,0.20010000467300415
YNL188W,YHR058C,0,-5.242796,0.2393617033958435,0.6299999952316284,0.20020000636577606
YGL223C,YNL131W,0,-5.242987,0.23927079141139984,0.6299999952316284,0.20029999315738678
YCR002C,YER151C,0,-5.243722,0.23917995393276215,0.6299999952316284,0.2003999948501587
YDL175C,YDR138W,1,-5.243778,0.23946869373321533,0.6309999823570251,0.2003999948501587
YDR151C,YGR267C,0,-5.243929,0.23937784135341644,0.6309999823570251,0.2004999965429306
YOR239W,YLR158C,0,-5.2454157,0.23928706347942352,0.6309999823570251,0.20059999823570251
YOL002C,YKR042W,0,-5.2455134,0.23919636011123657,0.6309999823570251,0.20069999992847443
YLR074C,YAL042W,0,-5.2462544,0.2391057163476944,0.6309999823570251,0.20080000162124634
YLR028C,YDR447C,0,-5.246817,0.2390151470899582,0.6309999823570251,0.20090000331401825
YKL008C,YMR070W,0,-5.2468843,0.23892465233802795,0.6309999823570251,0.20100000500679016
YGL174W,YBL030C,1,-5.2470813,0.23921272158622742,0.6320000290870667,0.20100000500679016
YJL183W,YOR224C,0,-5.247519,0.239122211933136,0.6320000290870667,0.20110000669956207
YDL117W,YNL291C,0,-5.2475615,0.23903177678585052,0.6320000290870667,0.2011999934911728
YLL008W,YPL180W,0,-5.2479753,0.23894140124320984,0.6320000290870667,0.2012999951839447
YLR163C,YLR197W,0,-5.248034,0.23885110020637512,0.6320000290870667,0.2013999968767166
YNL048W,YGL016W,0,-5.2480893,0.23876085877418518,0.6320000290870667,0.20149999856948853
YFR009W,YLL003W,0,-5.248737,0.2386706918478012,0.6320000290870667,0.20160000026226044
YNL270C,YBL071W-A,0,-5.2490954,0.2385805994272232,0.6320000290870667,0.20170000195503235
YDL159W,YGR274C,0,-5.2494025,0.23849056661128998,0.6320000290870667,0.20180000364780426
YOL077W-A,YDR517W,0,-5.2495937,0.23840060830116272,0.6320000290870667,0.20190000534057617
YLR212C,YGR141W,0,-5.2497272,0.23831070959568024,0.6320000290870667,0.20200000703334808
YOL135C,YJR143C,0,-5.249895,0.23822088539600372,0.6320000290870667,0.2020999938249588
YDL069C,YPL156C,0,-5.250242,0.23813112080097198,0.6320000290870667,0.2021999955177307
YJL039C,YBL035C,0,-5.2506485,0.23804143071174622,0.6320000290870667,0.20229999721050262
YKR083C,YKL079W,0,-5.2515535,0.23795180022716522,0.6320000290870667,0.20239999890327454
YHR143W,YMR247C,0,-5.252985,0.2378622442483902,0.6320000290870667,0.20250000059604645
YNR013C,YDL230W,0,-5.253916,0.23777276277542114,0.6320000290870667,0.20260000228881836
YPR082C,YGL207W,0,-5.2541876,0.23768334090709686,0.6320000290870667,0.20270000398159027
YMR059W,YBR265W,0,-5.2542334,0.23759397864341736,0.6320000290870667,0.20280000567436218
YGL012W,YMR011W,0,-5.255202,0.23750469088554382,0.6320000290870667,0.2029000073671341
YGR083C,YGL144C,0,-5.255226,0.23741547763347626,0.6320000290870667,0.2029999941587448
YPL082C,YMR309C,0,-5.2561126,0.23732632398605347,0.6320000290870667,0.20309999585151672
YPL069C,YDR463W,0,-5.2564163,0.23723722994327545,0.6320000290870667,0.20319999754428864
YNL297C,YBL007C,0,-5.2565336,0.2371482104063034,0.6320000290870667,0.20329999923706055
YOR299W,YDR328C,0,-5.2565513,0.23705926537513733,0.6320000290870667,0.20340000092983246
YBR022W,YOR261C,0,-5.2565956,0.23697037994861603,0.6320000290870667,0.20350000262260437
YEL061C,YNR003C,0,-5.2569065,0.2368815541267395,0.6320000290870667,0.20360000431537628
YHR115C,YPL193W,0,-5.2574606,0.23679280281066895,0.6320000290870667,0.2037000060081482
YDL161W,YMR049C,0,-5.25789,0.23670412600040436,0.6320000290870667,0.2037999927997589
YHR175W,YBR195C,0,-5.2580147,0.23661549389362335,0.6320000290870667,0.20389999449253082
YJR090C,YDR194C,0,-5.2580743,0.2365269511938095,0.6320000290870667,0.20399999618530273
YOR377W,YGR116W,0,-5.2581873,0.23643845319747925,0.6320000290870667,0.20409999787807465
YNL001W,YKL194C,0,-5.258289,0.23635004460811615,0.6320000290870667,0.20419999957084656
YMR231W,YGR095C,0,-5.2592425,0.23626168072223663,0.6320000290870667,0.20430000126361847
YBL042C,YMR235C,1,-5.2593045,0.2365470826625824,0.6330000162124634,0.20430000126361847
YDR121W,YBL007C,0,-5.2594137,0.23645871877670288,0.6330000162124634,0.20440000295639038
YBL061C,YNL339C,0,-5.2594905,0.23637042939662933,0.6330000162124634,0.2045000046491623
YHR053C,YCL033C,0,-5.262334,0.23628219962120056,0.6330000162124634,0.2046000063419342
YLR114C,YLR386W,0,-5.2625575,0.23619402945041656,0.6330000162124634,0.20469999313354492
YOR061W,YKL041W,0,-5.2627954,0.23610593378543854,0.6330000162124634,0.20479999482631683
YML062C,YMR273C,1,-5.262848,0.23639075458049774,0.6340000033378601,0.20479999482631683
YJR132W,YDR485C,0,-5.2630606,0.23630264401435852,0.6340000033378601,0.20489999651908875
YMR042W,YCR084C,0,-5.2635994,0.23621460795402527,0.6340000033378601,0.20499999821186066
YER177W,YDR075W,0,-5.2636976,0.2361266314983368,0.6340000033378601,0.20509999990463257
YPL231W,YML123C,0,-5.2640276,0.2360387146472931,0.6340000033378601,0.20520000159740448
YKL186C,YPR080W,1,-5.2642527,0.2363230437040329,0.6349999904632568,0.20520000159740448
YGR098C,YBR237W,0,-5.26457,0.236235111951828,0.6349999904632568,0.2053000032901764
YJL024C,YIL105C,0,-5.265994,0.23614726960659027,0.6349999904632568,0.2054000049829483
YPR082C,YDR297W,0,-5.2660637,0.23605948686599731,0.6349999904632568,0.20550000667572021
YDR447C,YDR400W,0,-5.2663,0.23597176373004913,0.6349999904632568,0.20559999346733093
YDL207W,YBL030C,1,-5.2663074,0.23625557124614716,0.6359999775886536,0.20559999346733093
YJL065C,YHR204W,0,-5.2664604,0.23616784811019897,0.6359999775886536,0.20569999516010284
YDR389W,YLR385C,0,-5.267867,0.23608018457889557,0.6359999775886536,0.20579999685287476
YGL067W,YER100W,0,-5.2682104,0.23599258065223694,0.6359999775886536,0.20589999854564667
YFR027W,YMR208W,0,-5.2684526,0.23590505123138428,0.6359999775886536,0.20600000023841858
YMR049C,YNL236W,0,-5.268566,0.2358175814151764,0.6359999775886536,0.2061000019311905
YOL026C,YNL090W,0,-5.268571,0.23573017120361328,0.6359999775886536,0.2062000036239624
YNL317W,YNR015W,0,-5.2688932,0.23564283549785614,0.6359999775886536,0.20630000531673431
YKL145W,YOR332W,0,-5.2692504,0.23555555939674377,0.6359999775886536,0.20640000700950623
YLR276C,YFR048W,0,-5.269437,0.23546834290027618,0.6359999775886536,0.20649999380111694
YMR188C,YER082C,0,-5.269535,0.23538120090961456,0.6359999775886536,0.20659999549388885
YOR047C,YDR246W,0,-5.269536,0.23529411852359772,0.6359999775886536,0.20669999718666077
YKR095W,YGL100W,1,-5.269554,0.23557692766189575,0.6370000243186951,0.20669999718666077
YPR128C,YGL247W,1,-5.2696676,0.23585951328277588,0.6380000114440918,0.20669999718666077
YDR298C,YOR326W,0,-5.269909,0.23577235639095306,0.6380000114440918,0.20679999887943268
YIL065C,YLR105C,0,-5.2711535,0.23568525910377502,0.6380000114440918,0.2069000005722046
YJR076C,YIL061C,0,-5.271261,0.23559822142124176,0.6380000114440918,0.2070000022649765
YBR109C,YDL044C,0,-5.271294,0.23551125824451447,0.6380000114440918,0.2071000039577484
YER157W,YJR112W,0,-5.2719364,0.23542435467243195,0.6380000114440918,0.20720000565052032
YKL006C-A,YOR081C,0,-5.27293,0.2353375107049942,0.6380000114440918,0.20730000734329224
YCR002C,YLR221C,0,-5.2729583,0.23525074124336243,0.6380000114440918,0.20739999413490295
YIR005W,YML107C,1,-5.2731056,0.23553262650966644,0.6389999985694885,0.20739999413490295
YOR119C,YMR089C,0,-5.2734966,0.23544584214687347,0.6389999985694885,0.20749999582767487
YGR178C,YPR133C,0,-5.2736654,0.23535911738872528,0.6389999985694885,0.20759999752044678
YBR088C,YLR369W,0,-5.274743,0.23527245223522186,0.6389999985694885,0.2076999992132187
YLR303W,YNL272C,0,-5.2749724,0.23518586158752441,0.6389999985694885,0.2078000009059906
YPL115C,YKL194C,0,-5.275343,0.23509933054447174,0.6389999985694885,0.2079000025987625
YGR193C,YMR234W,0,-5.275391,0.23501287400722504,0.6389999985694885,0.20800000429153442
YHR072W,YIL026C,0,-5.2760735,0.2349264770746231,0.6389999985694885,0.20810000598430634
YHL020C,YOR341W,0,-5.276167,0.23484013974666595,0.6389999985694885,0.20819999277591705
YPL271W,YDR341C,0,-5.276485,0.23475386202335358,0.6389999985694885,0.20829999446868896
YNL256W,YDR394W,0,-5.2768307,0.23466764390468597,0.6389999985694885,0.20839999616146088
YAL026C,YNL323W,0,-5.2772818,0.23458150029182434,0.6389999985694885,0.2084999978542328
YBR233W-A,YDL130W-A,0,-5.277382,0.23449541628360748,0.6389999985694885,0.2085999995470047
YDR205W,YLR357W,0,-5.278329,0.2344093918800354,0.6389999985694885,0.2087000012397766
YPR105C,YNR008W,0,-5.2791123,0.2343234270811081,0.6389999985694885,0.20880000293254852
YKR081C,YLR043C,0,-5.2795916,0.23423753678798676,0.6389999985694885,0.20890000462532043
YIL070C,YBR276C,0,-5.2801,0.2341517060995102,0.6389999985694885,0.20900000631809235
YPR189W,YMR293C,0,-5.281169,0.2340659350156784,0.6389999985694885,0.20909999310970306
YIL103W,YLR254C,0,-5.2811813,0.2339802235364914,0.6389999985694885,0.20919999480247498
YOL060C,YOR307C,0,-5.281459,0.23389458656311035,0.6389999985694885,0.2092999964952469
YHR058C,YAL032C,0,-5.2814713,0.2338089942932129,0.6389999985694885,0.2093999981880188
YDR096W,YDR080W,0,-5.281789,0.2337234765291214,0.6389999985694885,0.2094999998807907
YKL049C,YJL134W,0,-5.281831,0.23363801836967468,0.6389999985694885,0.20960000157356262
YJL186W,YHR170W,0,-5.281923,0.23355263471603394,0.6389999985694885,0.20970000326633453
YDL006W,YGR116W,0,-5.281954,0.23346729576587677,0.6389999985694885,0.20980000495910645
YGR191W,YER070W,0,-5.2824726,0.23338203132152557,0.6389999985694885,0.20990000665187836
YGR157W,YGL211W,0,-5.2827053,0.23329682648181915,0.6389999985694885,0.20999999344348907
YNL113W,YHR030C,0,-5.2828608,0.2332116812467575,0.6389999985694885,0.210099995136261
YNL230C,YNL294C,0,-5.283085,0.23312659561634064,0.6389999985694885,0.2101999968290329
YGR218W,YDL207W,1,-5.2832713,0.23340627551078796,0.6399999856948853,0.2101999968290329
YER027C,YPR173C,0,-5.2832756,0.2333211749792099,0.6399999856948853,0.2102999985218048
YOR244W,YJL165C,0,-5.283564,0.2332361489534378,0.6399999856948853,0.21040000021457672
YKL020C,YJL035C,0,-5.2836456,0.23315118253231049,0.6399999856948853,0.21050000190734863
YMR021C,YML093W,0,-5.283822,0.23306627571582794,0.6399999856948853,0.21060000360012054
YGL122C,YKR002W,1,-5.2843738,0.23334546387195587,0.640999972820282,0.21060000360012054
YDL088C,YML103C,1,-5.2844367,0.23362445831298828,0.6420000195503235,0.21060000360012054
YFL022C,YDR312W,0,-5.2847395,0.23353946208953857,0.6420000195503235,0.21070000529289246
YOR074C,YPL045W,0,-5.285623,0.23345454037189484,0.6420000195503235,0.21080000698566437
YCR048W,YML088W,0,-5.286542,0.23336967825889587,0.6420000195503235,0.21089999377727509
YDR365C,YBR119W,0,-5.286598,0.23328489065170288,0.6420000195503235,0.210999995470047
YJR145C,YDR346C,0,-5.2866473,0.23320014774799347,0.6420000195503235,0.2110999971628189
YBR257W,YPL002C,0,-5.2869177,0.23311546444892883,0.6420000195503235,0.21119999885559082
YGL238W,YMR202W,0,-5.287059,0.23303085565567017,0.6420000195503235,0.21130000054836273
YDR138W,YMR047C,1,-5.287474,0.23330914974212646,0.6430000066757202,0.21130000054836273
YLR170C,YLL004W,0,-5.2879753,0.2332245260477066,0.6430000066757202,0.21140000224113464
YFR027W,YBL026W,0,-5.2879944,0.23313996195793152,0.6430000066757202,0.21150000393390656
YNL129W,YML014W,0,-5.288442,0.2330554574728012,0.6430000066757202,0.21160000562667847
YML103C,YMR273C,1,-5.2888603,0.23333333432674408,0.6439999938011169,0.21160000562667847
YPR046W,YDR318W,0,-5.288926,0.23324882984161377,0.6439999938011169,0.21170000731945038
YLR033W,YML041C,0,-5.2889476,0.23316437005996704,0.6439999938011169,0.2117999941110611
YKL182W,YOL003C,0,-5.2892995,0.23307998478412628,0.6439999938011169,0.211899995803833
YGL247W,YDL198C,1,-5.289458,0.23335745930671692,0.6449999809265137,0.211899995803833
YLR074C,YKL040C,0,-5.2899694,0.23327305912971497,0.6449999809265137,0.21199999749660492
YDR216W,YER072W,0,-5.290172,0.2331887185573578,0.6449999809265137,0.21209999918937683
YOR224C,YDR427W,0,-5.2902923,0.23310445249080658,0.6449999809265137,0.21220000088214874
YHR024C,YBR058C-A,0,-5.2913733,0.23302023112773895,0.6449999809265137,0.21230000257492065
YIL142W,YGL084C,0,-5.291636,0.2329360842704773,0.6449999809265137,0.21240000426769257
YJR001W,YJL072C,0,-5.2922583,0.23285198211669922,0.6449999809265137,0.21250000596046448
YDL101C,YMR005W,0,-5.2923427,0.2327679544687271,0.6449999809265137,0.2125999927520752
YLR032W,YLR430W,0,-5.2923975,0.23268398642539978,0.6449999809265137,0.2126999944448471
YDL117W,YLR043C,0,-5.2927175,0.23260007798671722,0.6449999809265137,0.21279999613761902
YNL219C,YHR107C,0,-5.293556,0.23251622915267944,0.6449999809265137,0.21289999783039093
YPR183W,YBL051C,0,-5.29391,0.23243242502212524,0.6449999809265137,0.21299999952316284
YMR070W,YKL051W,0,-5.2941966,0.2323487102985382,0.6449999809265137,0.21310000121593475
YDR331W,YIL085C,0,-5.2945147,0.23226504027843475,0.6449999809265137,0.21320000290870667
YML103C,YHR167W,1,-5.2945366,0.23254139721393585,0.6460000276565552,0.21320000290870667
YER056C,YDR192C,1,-5.2945447,0.23281756043434143,0.6470000147819519,0.21320000290870667
YMR032W,YER126C,0,-5.2947235,0.232733815908432,0.6470000147819519,0.21330000460147858
YML095C,YHR088W,0,-5.294987,0.23265013098716736,0.6470000147819519,0.2134000062942505
YLR229C,YJR112W,0,-5.2961307,0.23256650567054749,0.6470000147819519,0.2134999930858612
YDR208W,YOL097C,0,-5.296691,0.2324829250574112,0.6470000147819519,0.21359999477863312
YHR053C,YPR188C,0,-5.297069,0.23239941895008087,0.6470000147819519,0.21369999647140503
YDL175C,YIL040W,1,-5.297423,0.23267504572868347,0.6480000019073486,0.21369999647140503
YOL145C,YFR055W,0,-5.2974606,0.23259152472019196,0.6480000019073486,0.21379999816417694
YLR109W,YFR050C,0,-5.297699,0.2325080782175064,0.6480000019073486,0.21389999985694885
YDL069C,YHR039C-A,0,-5.2983384,0.23242467641830444,0.6480000019073486,0.21400000154972076
YML062C,YGL097W,1,-5.2983627,0.23269988596439362,0.6489999890327454,0.21400000154972076
YDR295C,YMR075W,0,-5.2983747,0.23261648416519165,0.6489999890327454,0.21410000324249268
YGR041W,YOR153W,0,-5.2990074,0.23253314197063446,0.6489999890327454,0.2142000049352646
YLR197W,YGL112C,0,-5.2993197,0.23244985938072205,0.6489999890327454,0.2143000066280365
YDL101C,YNR017W,0,-5.299425,0.2323666363954544,0.6489999890327454,0.21439999341964722
YER095W,YPL032C,0,-5.299514,0.23228345811367035,0.6489999890327454,0.21449999511241913
YNL001W,YIL048W,0,-5.299544,0.23220035433769226,0.6489999890327454,0.21459999680519104
YOR032C,YML092C,0,-5.2996445,0.23211731016635895,0.6489999890327454,0.21469999849796295
YMR290C,YDL051W,0,-5.2999306,0.2320343255996704,0.6489999890327454,0.21480000019073486
YNR011C,YKL038W,0,-5.3004675,0.23195140063762665,0.6489999890327454,0.21490000188350677
YGR199W,YMR270C,0,-5.3007507,0.23186852037906647,0.6489999890327454,0.2150000035762787
YDL155W,YLR165C,0,-5.3010216,0.23178571462631226,0.6489999890327454,0.2151000052690506
YCR082W,YLR170C,0,-5.3010306,0.23170296847820282,0.6489999890327454,0.2152000069618225
YOL089C,YMR177W,0,-5.3012705,0.23162026703357697,0.6489999890327454,0.21529999375343323
YGR003W,YKL172W,0,-5.3016715,0.23153764009475708,0.6489999890327454,0.21539999544620514
YOL054W,YER075C,0,-5.3025074,0.23145505785942078,0.6489999890327454,0.21549999713897705
YNL029C,YBL035C,0,-5.302657,0.23137255012989044,0.6489999890327454,0.21559999883174896
YGR220C,YBR022W,0,-5.302852,0.2312900871038437,0.6489999890327454,0.21570000052452087
YNL271C,YKL093W,0,-5.303186,0.2312076985836029,0.6489999890327454,0.21580000221729279
YMR211W,YMR054W,0,-5.3035736,0.2311253547668457,0.6489999890327454,0.2159000039100647
YEL037C,YPR024W,0,-5.3038025,0.23104307055473328,0.6489999890327454,0.2160000056028366
YPR046W,YNL231C,0,-5.3038964,0.23096086084842682,0.6489999890327454,0.21610000729560852
YLR246W,YHL036W,0,-5.303903,0.23087869584560394,0.6489999890327454,0.21619999408721924
YJL071W,YDR145W,0,-5.303939,0.23079659044742584,0.6489999890327454,0.21629999577999115
YER040W,YGR170W,0,-5.304329,0.23071454465389252,0.6489999890327454,0.21639999747276306
YBR231C,YNL339C,0,-5.3046703,0.23063255846500397,0.6489999890327454,0.21649999916553497
YJL095W,YGR285C,0,-5.3049946,0.230550616979599,0.6489999890327454,0.21660000085830688
YDR224C,YOR110W,0,-5.3051353,0.23046875,0.6489999890327454,0.2167000025510788
YDR138W,YKL068W,1,-5.305291,0.23074191808700562,0.6499999761581421,0.2167000025510788
YLR328W,YLR435W,0,-5.305354,0.23066003620624542,0.6499999761581421,0.2168000042438507
YIL019W,YBR205W,0,-5.3056307,0.23057821393013,0.6499999761581421,0.21690000593662262
YHR074W,YDL047W,0,-5.3056974,0.23049645125865936,0.6499999761581421,0.21699999272823334
YMR270C,YGL028C,0,-5.305743,0.2304147481918335,0.6499999761581421,0.21709999442100525
YGL211W,YOR084W,0,-5.3060856,0.2303330898284912,0.6499999761581421,0.21719999611377716
YAL010C,YML016C,0,-5.3061023,0.2302515059709549,0.6499999761581421,0.21729999780654907
YPL188W,YGR033C,0,-5.306274,0.23016996681690216,0.6499999761581421,0.21739999949932098
YDL088C,YIR005W,1,-5.3068213,0.23044247925281525,0.6510000228881836,0.21739999949932098
YDR508C,YDR503C,0,-5.307569,0.2303609400987625,0.6510000228881836,0.2175000011920929
YKL112W,YHR186C,0,-5.308217,0.23027944564819336,0.6510000228881836,0.2176000028848648
YFL018C,YKL006C-A,0,-5.308614,0.23019802570343018,0.6510000228881836,0.21770000457763672
YOL148C,YOR060C,0,-5.308712,0.23011665046215057,0.6510000228881836,0.21780000627040863
YCL025C,YMR311C,0,-5.3090243,0.23003533482551575,0.6510000228881836,0.21789999306201935
YML062C,YKL068W,1,-5.309286,0.23030731081962585,0.6520000100135803,0.21789999306201935
YCR065W,YDR463W,0,-5.3097816,0.23022599518299103,0.6520000100135803,0.21799999475479126
YDR054C,YBR127C,0,-5.310282,0.23014472424983978,0.6520000100135803,0.21809999644756317
YDL056W,YJL222W,0,-5.3103223,0.2300635129213333,0.6520000100135803,0.21819999814033508
YGR195W,YML041C,0,-5.310898,0.22998236119747162,0.6520000100135803,0.218299999833107
YOR307C,YGL243W,0,-5.310981,0.2299012690782547,0.6520000100135803,0.2184000015258789
YGR113W,YDL135C,0,-5.3112035,0.22982023656368256,0.6520000100135803,0.21850000321865082
YMR285C,YLR221C,0,-5.31157,0.229739248752594,0.6520000100135803,0.21860000491142273
YJR105W,YDL046W,0,-5.3120103,0.2296583354473114,0.6520000100135803,0.21870000660419464
YGL029W,YBR179C,0,-5.3121395,0.2295774668455124,0.6520000100135803,0.21879999339580536
YDL236W,YJL129C,0,-5.312216,0.22949665784835815,0.6520000100135803,0.21889999508857727
YEL054C,YHL006C,0,-5.3125544,0.2294159084558487,0.6520000100135803,0.21899999678134918
YBR215W,YGL044C,0,-5.3125668,0.22933520376682281,0.6520000100135803,0.2190999984741211
YDR508C,YDR485C,0,-5.3125744,0.2292545735836029,0.6520000100135803,0.219200000166893
YOR046C,YMR129W,1,-5.3130317,0.22952547669410706,0.652999997138977,0.219200000166893
YMR113W,YIR021W,0,-5.3135047,0.22944483160972595,0.652999997138977,0.21930000185966492
YER019W,YDR296W,0,-5.314007,0.22936424612998962,0.652999997138977,0.21940000355243683
YER146W,YLR020C,0,-5.315314,0.22928370535373688,0.652999997138977,0.21950000524520874
YKL176C,YDR416W,0,-5.3160496,0.2292032241821289,0.652999997138977,0.21960000693798065
YBR158W,YLR427W,0,-5.3162646,0.2291228026151657,0.652999997138977,0.21969999372959137
YJR084W,YBR009C,0,-5.316428,0.2290424406528473,0.652999997138977,0.21979999542236328
YML043C,YFL038C,0,-5.3165994,0.22896213829517365,0.652999997138977,0.2198999971151352
YLR215C,YHR170W,0,-5.3165994,0.22888188064098358,0.652999997138977,0.2199999988079071
YBL071W-A,YGL049C,0,-5.317163,0.2288016825914383,0.652999997138977,0.22010000050067902
YOL040C,YGL066W,0,-5.3171997,0.22872154414653778,0.652999997138977,0.22020000219345093
YNL041C,YIL068C,0,-5.3172245,0.22864145040512085,0.652999997138977,0.22030000388622284
YNL139C,YCR073W-A,1,-5.3173537,0.22891144454479218,0.6539999842643738,0.22030000388622284
YLR450W,YHR099W,0,-5.317395,0.22883135080337524,0.6539999842643738,0.22040000557899475
YKR034W,YOL028C,0,-5.3180566,0.2287513166666031,0.6539999842643738,0.22050000727176666
YGR218W,YBR034C,1,-5.318067,0.22902098298072815,0.6549999713897705,0.22050000727176666
YOR188W,YCR033W,0,-5.318372,0.2289409339427948,0.6549999713897705,0.22059999406337738
YMR208W,YKL073W,0,-5.3189197,0.22886092960834503,0.6549999713897705,0.2206999957561493
YKL074C,YER005W,0,-5.319231,0.22878099977970123,0.6549999713897705,0.2207999974489212
YHR091C,YJL204C,0,-5.3203335,0.22870111465454102,0.6549999713897705,0.22089999914169312
YBL079W,YMR273C,1,-5.3207235,0.22897033393383026,0.656000018119812,0.22089999914169312
YKL160W,YJR009C,0,-5.320738,0.22889043390750885,0.656000018119812,0.22100000083446503
YOR299W,YDR016C,0,-5.3220367,0.2288106083869934,0.656000018119812,0.22110000252723694
YLR060W,YKL113C,0,-5.3225207,0.22873082756996155,0.656000018119812,0.22120000422000885
YCR040W,YLR292C,0,-5.322873,0.22865109145641327,0.656000018119812,0.22130000591278076
YDL198C,YGL122C,1,-5.323117,0.2289198637008667,0.6570000052452087,0.22130000591278076
YKL170W,YDR341C,0,-5.323454,0.22884012758731842,0.6570000052452087,0.22139999270439148
YPL159C,YEL037C,0,-5.324075,0.22876045107841492,0.6570000052452087,0.2214999943971634
YGL130W,YGL067W,0,-5.32508,0.228680819272995,0.6570000052452087,0.2215999960899353
YKL038W,YDR145W,0,-5.325677,0.22860124707221985,0.6570000052452087,0.22169999778270721
YDR302W,YGR171C,0,-5.32592,0.22852173447608948,0.6570000052452087,0.22179999947547913
YHR120W,YGR020C,0,-5.3270764,0.22844228148460388,0.6570000052452087,0.22190000116825104
YPR128C,YGL174W,1,-5.327321,0.22871045768260956,0.6579999923706055,0.22190000116825104
YPL190C,YDR088C,0,-5.3279696,0.22863098978996277,0.6579999923706055,0.22200000286102295
YLR215C,YDR427W,0,-5.32801,0.22855158150196075,0.6579999923706055,0.22210000455379486
YOR112W,YNL139C,1,-5.3282404,0.22881944477558136,0.6589999794960022,0.22210000455379486
YLR293C,YDR495C,0,-5.3292375,0.22874002158641815,0.6589999794960022,0.22220000624656677
YNL256W,YOR301W,0,-5.330074,0.22866065800189972,0.6589999794960022,0.2222999930381775
YNL233W,YBL058W,0,-5.330241,0.22858133912086487,0.6589999794960022,0.2223999947309494
YDR224C,YGR086C,0,-5.330327,0.2285020798444748,0.6589999794960022,0.2224999964237213
YOR058C,YAR042W,0,-5.330503,0.2284228801727295,0.6589999794960022,0.22259999811649323
YOR284W,YIR021W,0,-5.33121,0.22834372520446777,0.6589999794960022,0.22269999980926514
YNL231C,YLR130C,0,-5.3330717,0.22826462984085083,0.6589999794960022,0.22280000150203705
YPL138C,YDR146C,0,-5.3340535,0.22818559408187866,0.6589999794960022,0.22290000319480896
YIL122W,YGR186W,0,-5.334441,0.22810661792755127,0.6589999794960022,0.22300000488758087
YEL036C,YLR342W,0,-5.335294,0.22802768647670746,0.6589999794960022,0.22310000658035278
YML071C,YOL143C,0,-5.3353043,0.22794879972934723,0.6589999794960022,0.2231999933719635
YOL145C,YGL094C,0,-5.335638,0.22786998748779297,0.6589999794960022,0.2232999950647354
YLR158C,YDR309C,0,-5.33574,0.2277912199497223,0.6589999794960022,0.22339999675750732
YMR026C,YMR293C,0,-5.335991,0.2277125120162964,0.6589999794960022,0.22349999845027924
YKL086W,YOR194C,0,-5.3362446,0.22763384878635406,0.6589999794960022,0.22360000014305115
YOR046C,YMR273C,1,-5.3365026,0.22790054976940155,0.6600000262260437,0.22360000014305115
YCL025C,YPL203W,0,-5.336541,0.22782188653945923,0.6600000262260437,0.22370000183582306
YPR057W,YLR129W,0,-5.3366795,0.2277432680130005,0.6600000262260437,0.22380000352859497
YGR157W,YPR031W,0,-5.337058,0.22766470909118652,0.6600000262260437,0.22390000522136688
YGL090W,YKL014C,0,-5.3370833,0.22758620977401733,0.6600000262260437,0.2240000069141388
YDL230W,YPL175W,0,-5.337708,0.22750775516033173,0.6600000262260437,0.2240999937057495
YJL081C,YKL119C,0,-5.3380814,0.2274293601512909,0.6600000262260437,0.22419999539852142
YPR033C,YPR054W,0,-5.338665,0.22735100984573364,0.6600000262260437,0.22429999709129333
YNL298W,YMR218C,0,-5.3388586,0.22727273404598236,0.6600000262260437,0.22439999878406525
YGR262C,YEL009C,0,-5.3389044,0.22719448804855347,0.6600000262260437,0.22450000047683716
YOL112W,YGL067W,0,-5.340314,0.22711631655693054,0.6600000262260437,0.22460000216960907
YBR218C,YKL173W,0,-5.340761,0.2270381897687912,0.6600000262260437,0.22470000386238098
YGR004W,YLR224W,0,-5.341172,0.22696010768413544,0.6600000262260437,0.2248000055551529
YLR186W,YBR102C,0,-5.3418684,0.22688208520412445,0.6600000262260437,0.2249000072479248
YIL115C,YBL030C,1,-5.3420677,0.22714777290821075,0.6610000133514404,0.2249000072479248
YDR039C,YDR472W,0,-5.342325,0.22706973552703857,0.6610000133514404,0.22499999403953552
YAL031C,YLR301W,0,-5.3424387,0.22699175775051117,0.6610000133514404,0.22509999573230743
YOR112W,YBL042C,1,-5.34274,0.2272571176290512,0.6620000004768372,0.22509999573230743
YMR319C,YIL063C,0,-5.3433666,0.2271791398525238,0.6620000004768372,0.22519999742507935
YML099C,YMR165C,0,-5.3439655,0.22710120677947998,0.6620000004768372,0.22529999911785126
YOR260W,YBR004C,0,-5.343972,0.22702331840991974,0.6620000004768372,0.22540000081062317
YPR144C,YFL026W,0,-5.345377,0.22694548964500427,0.6620000004768372,0.22550000250339508
YIR010W,YCR044C,0,-5.3455715,0.22686772048473358,0.6620000004768372,0.225600004196167
YHR133C,YBR002C,0,-5.3466682,0.22678999602794647,0.6620000004768372,0.2257000058889389
YNL192W,YJL187C,0,-5.3478074,0.22671233117580414,0.6620000004768372,0.22579999268054962
YDL019C,YGR279C,0,-5.3482194,0.22663471102714539,0.6620000004768372,0.22589999437332153
YHR170W,YOR068C,0,-5.3485937,0.2265571504831314,0.6620000004768372,0.22599999606609344
YIR028W,YDR381W,1,-5.34888,0.22682176530361176,0.6629999876022339,0.22599999606609344
YJR057W,YOR363C,0,-5.3490114,0.22674418985843658,0.6629999876022339,0.22609999775886536
YBR041W,YMR005W,0,-5.349802,0.2266666740179062,0.6629999876022339,0.22619999945163727
YNL032W,YDR443C,0,-5.3503394,0.22658920288085938,0.6629999876022339,0.22630000114440918
YOL004W,YGL115W,0,-5.350462,0.22651179134845734,0.6629999876022339,0.2264000028371811
YMR299C,YAL059W,0,-5.350482,0.22643442451953888,0.6629999876022339,0.226500004529953
YOR330C,YLR378C,0,-5.350664,0.2263571172952652,0.6629999876022339,0.22660000622272491
YPR122W,YHR164C,0,-5.3510857,0.2262798696756363,0.6629999876022339,0.22669999301433563
YMR168C,YPL237W,0,-5.3529787,0.22620266675949097,0.6629999876022339,0.22679999470710754
YMR311C,YOR060C,0,-5.3531227,0.22612550854682922,0.6629999876022339,0.22689999639987946
YOR168W,YOR068C,0,-5.353324,0.22604840993881226,0.6629999876022339,0.22699999809265137
YNL231C,YLR453C,0,-5.3533497,0.22597137093544006,0.6629999876022339,0.22709999978542328
YAL013W,YAL056W,0,-5.3534236,0.22589437663555145,0.6629999876022339,0.2272000014781952
YIR009W,YOR270C,0,-5.3534765,0.22581744194030762,0.6629999876022339,0.2273000031709671
YER122C,YER070W,0,-5.354068,0.22574055194854736,0.6629999876022339,0.227400004863739
YJR052W,YDR394W,0,-5.3543653,0.22566372156143188,0.6629999876022339,0.22750000655651093
YKL032C,YMR075W,0,-5.3546143,0.2255869358778,0.6629999876022339,0.22759999334812164
YCR012W,YPL167C,0,-5.35478,0.22551020979881287,0.6629999876022339,0.22769999504089355
YIL009W,YOR346W,0,-5.354892,0.22543352842330933,0.6629999876022339,0.22779999673366547
YOL108C,YPL129W,0,-5.355342,0.22535690665245056,0.6629999876022339,0.22789999842643738
YMR296C,YLR044C,0,-5.355353,0.22528032958507538,0.6629999876022339,0.2280000001192093
YMR072W,YBR265W,0,-5.355496,0.22520379722118378,0.6629999876022339,0.2281000018119812
YBR159W,YML019W,0,-5.3556223,0.22512733936309814,0.6629999876022339,0.2282000035047531
YBL090W,YHR060W,0,-5.3558693,0.2250509113073349,0.6629999876022339,0.22830000519752502
YDL088C,YML107C,1,-5.3565693,0.22531387209892273,0.6639999747276306,0.22830000519752502
YDR062W,YAL047C,0,-5.356792,0.22523744404315948,0.6639999747276306,0.22840000689029694
YMR072W,YAR042W,0,-5.3573837,0.22516107559204102,0.6639999747276306,0.22849999368190765
YER157W,YIR018W,0,-5.357834,0.22508475184440613,0.6639999747276306,0.22859999537467957
YNR010W,YCR035C,0,-5.358182,0.22500847280025482,0.6639999747276306,0.22869999706745148
YKL068W,YHR167W,1,-5.3587217,0.22527100145816803,0.6650000214576721,0.22869999706745148
YPL022W,YPL020C,0,-5.358878,0.22519472241401672,0.6650000214576721,0.2287999987602234
YPL022W,YOR259C,0,-5.3595552,0.225118488073349,0.6650000214576721,0.2289000004529953
YHR204W,YKL081W,0,-5.3597794,0.22504229843616486,0.6650000214576721,0.2290000021457672
YCR082W,YOL020W,0,-5.3601623,0.2249661684036255,0.6650000214576721,0.22910000383853912
YLR109W,YNL070W,0,-5.3609953,0.2248900979757309,0.6650000214576721,0.22920000553131104
YPR138C,YOR270C,0,-5.3618045,0.2248140573501587,0.6650000214576721,0.22930000722408295
YBR188C,YLR055C,0,-5.3622055,0.22473809123039246,0.6650000214576721,0.22939999401569366
YGL223C,YPL206C,0,-5.362379,0.2246621549129486,0.6650000214576721,0.22949999570846558
YKL054C,YPL131W,0,-5.3625526,0.22458629310131073,0.6650000214576721,0.2295999974012375
YBR286W,YPL154C,0,-5.362586,0.22451046109199524,0.6650000214576721,0.2296999990940094
YHR120W,YPL190C,0,-5.362728,0.22443468868732452,0.6650000214576721,0.2298000007867813
YDL192W,YCR038C,0,-5.362915,0.22435897588729858,0.6650000214576721,0.22990000247955322
YLR095C,YDL060W,0,-5.363045,0.22428330779075623,0.6650000214576721,0.23000000417232513
YFR055W,YLR305C,0,-5.3631773,0.22420768439769745,0.6650000214576721,0.23010000586509705
YIL159W,YBR129C,0,-5.363393,0.22413212060928345,0.6650000214576721,0.23019999265670776
YDR295C,YGR057C,0,-5.364129,0.22405660152435303,0.6650000214576721,0.23029999434947968
YML085C,YML021C,0,-5.364628,0.22398114204406738,0.6650000214576721,0.2303999960422516
YGL068W,YML016C,0,-5.364668,0.22390572726726532,0.6650000214576721,0.2304999977350235
YGL247W,YDR381W,1,-5.365265,0.22416694462299347,0.6660000085830688,0.2304999977350235
YBR244W,YFR050C,0,-5.3662643,0.2240915149450302,0.6660000085830688,0.2305999994277954
YOR112W,YKL186C,1,-5.367711,0.22435250878334045,0.6669999957084656,0.2305999994277954
YNL001W,YBR213W,0,-5.3677588,0.224277064204216,0.6669999957084656,0.23070000112056732
YPL217C,YMR220W,0,-5.367837,0.22420167922973633,0.6669999957084656,0.23080000281333923
YBR201W,YNL214W,0,-5.3678517,0.22412633895874023,0.6669999957084656,0.23090000450611115
YMR255W,YLR016C,1,-5.3678684,0.22438696026802063,0.6679999828338623,0.23090000450611115
YGL223C,YDL217C,0,-5.3681555,0.22431161999702454,0.6679999828338623,0.23100000619888306
YOL164W,YBR201W,0,-5.3681946,0.22423632442951202,0.6679999828338623,0.23109999299049377
YAR018C,YDR268W,0,-5.3687677,0.2241610735654831,0.6679999828338623,0.23119999468326569
YPR008W,YOR361C,0,-5.369549,0.22408588230609894,0.6679999828338623,0.2312999963760376
YML062C,YBL030C,1,-5.369834,0.2243460714817047,0.6690000295639038,0.2312999963760376
YIL009W,YFR001W,0,-5.3699007,0.22427086532115936,0.6690000295639038,0.2313999980688095
YBL042C,YBR034C,1,-5.3699837,0.22453083097934723,0.6700000166893005,0.2313999980688095
YDR163W,YPL126W,0,-5.3716025,0.22445560991764069,0.6700000166893005,0.23149999976158142
YLR163C,YMR177W,0,-5.371887,0.22438044846057892,0.6700000166893005,0.23160000145435333
YER146W,YLR197W,0,-5.372636,0.22430531680583954,0.6700000166893005,0.23170000314712524
YOL116W,YDR189W,0,-5.3732643,0.22423025965690613,0.6700000166893005,0.23180000483989716
YPL208W,YLR166C,0,-5.373593,0.2241552323102951,0.6700000166893005,0.23190000653266907
YDR254W,YDL003W,0,-5.373747,0.22408026456832886,0.6700000166893005,0.23199999332427979
YMR047C,YKL214C,1,-5.373786,0.22433967888355255,0.6710000038146973,0.23199999332427979
YLR386W,YOR359W,0,-5.374452,0.2242647111415863,0.6710000038146973,0.2320999950170517
YIR005W,YML062C,1,-5.375701,0.2245238870382309,0.671999990940094,0.2320999950170517
YIR019C,YKL041W,0,-5.3773,0.22444890439510345,0.671999990940094,0.2321999967098236
YPR179C,YNL182C,0,-5.3777313,0.2243739515542984,0.671999990940094,0.23229999840259552
YGL257C,YLR264W,0,-5.3778925,0.22429905831813812,0.671999990940094,0.23240000009536743
YGL100W,YOL072W,1,-5.378657,0.22455789148807526,0.6729999780654907,0.23240000009536743
YJR055W,YDR285W,0,-5.3786855,0.22448298335075378,0.6729999780654907,0.23250000178813934
YHR007C,YMR208W,0,-5.3792624,0.2244081348180771,0.6729999780654907,0.23260000348091125
YOL143C,YOR272W,0,-5.37936,0.22433333098888397,0.6729999780654907,0.23270000517368317
YBR002C,YBR127C,0,-5.3796787,0.22425858676433563,0.6729999780654907,0.23280000686645508
YOR136W,YFR030W,0,-5.3807087,0.22418387234210968,0.6729999780654907,0.2328999936580658
YGR121C,YPR054W,0,-5.3810472,0.2241092175245285,0.6729999780654907,0.2329999953508377
YDR481C,YPL180W,0,-5.3815994,0.2240346223115921,0.6729999780654907,0.23309999704360962
YDL138W,YDL097C,0,-5.3816123,0.22396007180213928,0.6729999780654907,0.23319999873638153
YML081C-A,YOR110W,0,-5.3818746,0.22388556599617004,0.6729999780654907,0.23330000042915344
YMR129W,YOL072W,1,-5.382107,0.22414366900920868,0.6740000247955322,0.23330000042915344
YCR012W,YGL213C,0,-5.3822365,0.22406914830207825,0.6740000247955322,0.23340000212192535
YLR285W,YNL129W,0,-5.3827662,0.2239946871995926,0.6740000247955322,0.23350000381469727
YDR461W,YDL044C,0,-5.382962,0.22392027080059052,0.6740000247955322,0.23360000550746918
YOR046C,YBL042C,1,-5.3837953,0.2241780161857605,0.675000011920929,0.23360000550746918
YBR021W,YMR273C,1,-5.383985,0.22443559765815735,0.6759999990463257,0.23360000550746918
YDR016C,YML052W,0,-5.3839865,0.2243611067533493,0.6759999990463257,0.2337000072002411
YBL105C,YGR274C,0,-5.3839874,0.22428666055202484,0.6759999990463257,0.2337999939918518
YLR438C-A,YAR042W,0,-5.3841987,0.22421227395534515,0.6759999990463257,0.23389999568462372
YKL204W,YNL110C,0,-5.3849025,0.22413793206214905,0.6759999990463257,0.23399999737739563
YJL140W,YMR273C,1,-5.385455,0.22439509630203247,0.6769999861717224,0.23399999737739563
YOR269W,YMR142C,0,-5.3854985,0.22432073950767517,0.6769999861717224,0.23409999907016754
YOR067C,YDR472W,0,-5.3855724,0.22424644231796265,0.6769999861717224,0.23420000076293945
YKR038C,YOR294W,0,-5.3861217,0.2241721898317337,0.6769999861717224,0.23430000245571136
YNL004W,YHR015W,1,-5.386261,0.22442899644374847,0.6779999732971191,0.23430000245571136
YDR323C,YKR081C,0,-5.3863516,0.22435472905635834,0.6779999732971191,0.23440000414848328
YDR464W,YDR545W,0,-5.387075,0.22428052127361298,0.6779999732971191,0.2345000058412552
YDR141C,YDR075W,0,-5.3871775,0.22420634329319,0.6779999732971191,0.2345999926328659
YBL042C,YDL198C,1,-5.3873444,0.22446280717849731,0.6790000200271606,0.2345999926328659
YEL016C,YEL051W,0,-5.3874836,0.22438862919807434,0.6790000200271606,0.23469999432563782
YER061C,YKL041W,0,-5.3876424,0.22431449592113495,0.6790000200271606,0.23479999601840973
YLL027W,YPR094W,0,-5.3878727,0.22424042224884033,0.6790000200271606,0.23489999771118164
YJR047C,YIL048W,0,-5.38797,0.2241663932800293,0.6790000200271606,0.23499999940395355
YGR253C,YDR460W,0,-5.3888664,0.22409240901470184,0.6790000200271606,0.23510000109672546
YPL153C,YDR198C,0,-5.388873,0.22401846945285797,0.6790000200271606,0.23520000278949738
YGR041W,YDR478W,0,-5.3889103,0.22394458949565887,0.6790000200271606,0.2353000044822693
YDL175C,YIR005W,1,-5.3893776,0.22420045733451843,0.6800000071525574,0.2353000044822693
YEL036C,YNL118C,0,-5.389715,0.22412656247615814,0.6800000071525574,0.2354000061750412
YLR129W,YMR073C,0,-5.3905535,0.22405271232128143,0.6800000071525574,0.23549999296665192
YPR080W,YDR381W,1,-5.390609,0.2243082970380783,0.6809999942779541,0.23549999296665192
YBR021W,YGL097W,1,-5.3916416,0.22456371784210205,0.6819999814033508,0.23549999296665192
YBR068C,YIL053W,0,-5.3935924,0.22448979318141937,0.6819999814033508,0.23559999465942383
YOL043C,YLR362W,0,-5.393677,0.22441592812538147,0.6819999814033508,0.23569999635219574
YNL072W,YJL121C,0,-5.395001,0.22434210777282715,0.6819999814033508,0.23579999804496765
YML062C,YOR160W,1,-5.3950567,0.22459717094898224,0.6830000281333923,0.23579999804496765
YNL326C,YGL095C,0,-5.3950844,0.22452333569526672,0.6830000281333923,0.23589999973773956
YDR195W,YBL004W,0,-5.395803,0.22444956004619598,0.6830000281333923,0.23600000143051147
YLR226W,YCL024W,0,-5.3960037,0.22437581419944763,0.6830000281333923,0.2361000031232834
YKR055W,YDL083C,0,-5.3962846,0.22430212795734406,0.6830000281333923,0.2362000048160553
YKL114C,YPL137C,0,-5.3963704,0.22422850131988525,0.6830000281333923,0.2363000065088272
YKL054C,YPR198W,0,-5.3975115,0.22415490448474884,0.6830000281333923,0.23639999330043793
YLR442C,YCL063W,0,-5.398117,0.2240813672542572,0.6830000281333923,0.23649999499320984
YGR218W,YBL030C,1,-5.399193,0.22433584928512573,0.6840000152587891,0.23649999499320984
YOL061W,YHR088W,0,-5.399287,0.2242622971534729,0.6840000152587891,0.23659999668598175
YMR125W,YEL002C,0,-5.3993692,0.22418878972530365,0.6840000152587891,0.23669999837875366
YGR157W,YMR247C,0,-5.3999605,0.22411532700061798,0.6840000152587891,0.23680000007152557
YBR210W,YDR082W,0,-5.401889,0.2240419238805771,0.6840000152587891,0.23690000176429749
YGR101W,YEL054C,0,-5.4023275,0.22396856546401978,0.6840000152587891,0.2370000034570694
YOR310C,YDR416W,0,-5.402683,0.22389525175094604,0.6840000152587891,0.2371000051498413
YPL048W,YBR093C,0,-5.402693,0.2238219827413559,0.6840000152587891,0.23720000684261322
YDR440W,YBR231C,0,-5.4029093,0.22374877333641052,0.6840000152587891,0.23729999363422394
YNR038W,YOR033C,0,-5.4029956,0.22367560863494873,0.6840000152587891,0.23739999532699585
YGL003C,YER019W,0,-5.4038973,0.22360248863697052,0.6840000152587891,0.23749999701976776
YPL266W,YOR361C,0,-5.4040093,0.2235294133424759,0.6840000152587891,0.23759999871253967
YHR072W-A,YKR008W,0,-5.404089,0.22345638275146484,0.6840000152587891,0.23770000040531158
YNL329C,YNR003C,0,-5.4042854,0.22338341176509857,0.6840000152587891,0.2378000020980835
YLR397C,YOR084W,0,-5.40473,0.22331048548221588,0.6840000152587891,0.2379000037908554
YDR141C,YDL236W,0,-5.405321,0.22323760390281677,0.6840000152587891,0.23800000548362732
YAL011W,YDR449C,0,-5.4059095,0.22316476702690125,0.6840000152587891,0.23810000717639923
YNL172W,YNL113W,0,-5.406095,0.2230919748544693,0.6840000152587891,0.23819999396800995
YDR217C,YIL016W,0,-5.406174,0.22301924228668213,0.6840000152587891,0.23829999566078186
YBL040C,YMR229C,0,-5.406262,0.22294653952121735,0.6840000152587891,0.23839999735355377
YLR310C,YCL055W,0,-5.406329,0.22287389636039734,0.6840000152587891,0.23849999904632568
YLR238W,YML055W,0,-5.40698,0.2228012979030609,0.6840000152587891,0.2386000007390976
YJR112W,YOR143C,0,-5.407114,0.22272875905036926,0.6840000152587891,0.2387000024318695
YNR072W,YDR145W,0,-5.4077578,0.22265625,0.6840000152587891,0.23880000412464142
YGL021W,YNL310C,0,-5.4078503,0.2225838005542755,0.6840000152587891,0.23890000581741333
YFR037C,YDL229W,0,-5.408,0.2225113809108734,0.6840000152587891,0.23899999260902405
YOL001W,YFL004W,0,-5.4085913,0.2224390208721161,0.6840000152587891,0.23909999430179596
YKR022C,YKR101W,0,-5.4089165,0.22236670553684235,0.6840000152587891,0.23919999599456787
YPL224C,YHL036W,0,-5.409529,0.22229444980621338,0.6840000152587891,0.23929999768733978
YOR259C,YIL056W,0,-5.409734,0.2222222238779068,0.6840000152587891,0.2393999993801117
YDL101C,YDL019C,0,-5.4097857,0.2221500426530838,0.6840000152587891,0.2395000010728836
YNL008C,YPL048W,0,-5.4098606,0.22207792103290558,0.6840000152587891,0.23960000276565552
YPL078C,YPR179C,0,-5.4099054,0.22200584411621094,0.6840000152587891,0.23970000445842743
YOR160W,YLR016C,1,-5.410558,0.22225826978683472,0.6850000023841858,0.23970000445842743
YAL025C,YLR181C,0,-5.4105735,0.22218617796897888,0.6850000023841858,0.23980000615119934
YDL178W,YBL056W,0,-5.410611,0.22211413085460663,0.6850000023841858,0.23989999294281006
YGR003W,YDR038C,0,-5.4108653,0.22204214334487915,0.6850000023841858,0.23999999463558197
YGL116W,YOR126C,0,-5.4113436,0.22197018563747406,0.6850000023841858,0.24009999632835388
YER068W,YLR371W,0,-5.4115996,0.22189828753471375,0.6850000023841858,0.2401999980211258
YDL065C,YER012W,0,-5.4125433,0.22182641923427582,0.6850000023841858,0.2402999997138977
YLR100W,YBR218C,0,-5.4126163,0.22175461053848267,0.6850000023841858,0.24040000140666962
YDL200C,YCR072C,0,-5.412627,0.2216828465461731,0.6850000023841858,0.24050000309944153
YDR394W,YDL159W,0,-5.4133964,0.2216111272573471,0.6850000023841858,0.24060000479221344
YKL018W,YIL023C,0,-5.413418,0.2215394526720047,0.6850000023841858,0.24070000648498535
YOR123C,YPL058C,0,-5.4140353,0.22146783769130707,0.6850000023841858,0.24079999327659607
YOL095C,YGR004W,0,-5.4140415,0.22139625251293182,0.6850000023841858,0.24089999496936798
YGR217W,YNL332W,0,-5.4146714,0.22132471203804016,0.6850000023841858,0.2409999966621399
YMR049C,YER100W,0,-5.4147716,0.22125323116779327,0.6850000023841858,0.2410999983549118
YLR242C,YNL135C,0,-5.4149218,0.22118179500102997,0.6850000023841858,0.24120000004768372
YKR024C,YNL310C,0,-5.415539,0.22111038863658905,0.6850000023841858,0.24130000174045563
YOL043C,YER074W-A,0,-5.4170923,0.2210390418767929,0.6850000023841858,0.24140000343322754
YDR138W,YMR308C,1,-5.417843,0.22129032015800476,0.6859999895095825,0.24140000343322754
YHR092C,YPR051W,0,-5.4182563,0.22121895849704742,0.6859999895095825,0.24150000512599945
YDL213C,YLR386W,0,-5.4182873,0.22114764153957367,0.6859999895095825,0.24160000681877136
YBL042C,YDL207W,1,-5.4184046,0.22139865159988403,0.6869999766349792,0.24160000681877136
YDL138W,YIL118W,0,-5.4188066,0.22132731974124908,0.6869999766349792,0.24169999361038208
YOL086C,YLR324W,0,-5.420601,0.22125603258609772,0.6869999766349792,0.241799995303154
YGR060W,YFR009W,0,-5.420652,0.22118480503559113,0.6869999766349792,0.2418999969959259
YCR002C,YJR145C,0,-5.420806,0.22111360728740692,0.6869999766349792,0.24199999868869781
YLR190W,YOR045W,0,-5.421011,0.2210424691438675,0.6869999766349792,0.24210000038146973
YDR507C,YPL174C,0,-5.4212055,0.22097137570381165,0.6869999766349792,0.24220000207424164
YNR030W,YDR108W,0,-5.4214115,0.22090032696723938,0.6869999766349792,0.24230000376701355
YML113W,YOL067C,0,-5.4218063,0.2208293080329895,0.6869999766349792,0.24240000545978546
YIL159W,YGL112C,0,-5.4223614,0.2207583487033844,0.6869999766349792,0.24250000715255737
YFR021W,YCL008C,0,-5.4225025,0.22068743407726288,0.6869999766349792,0.2425999939441681
YGL241W,YGR099W,0,-5.422869,0.22061656415462494,0.6869999766349792,0.24269999563694
YLR353W,YMR049C,0,-5.424302,0.22054575383663177,0.6869999766349792,0.24279999732971191
YLR033W,YLR305C,0,-5.424334,0.220474973320961,0.6869999766349792,0.24289999902248383
YLR268W,YKL166C,0,-5.425134,0.2204042375087738,0.6869999766349792,0.24300000071525574
YGL168W,YPR051W,0,-5.425828,0.2203335464000702,0.6869999766349792,0.24310000240802765
YGL065C,YKR061W,0,-5.4258814,0.22026289999485016,0.6869999766349792,0.24320000410079956
YNL023C,YOR301W,0,-5.426074,0.2201923131942749,0.6869999766349792,0.24330000579357147
YLR096W,YOR087W,0,-5.427105,0.22012175619602203,0.6869999766349792,0.2433999925851822
YFL050C,YJR076C,0,-5.4276285,0.22005124390125275,0.6869999766349792,0.2434999942779541
YLR192C,YGL136C,0,-5.4277897,0.21998079121112823,0.6869999766349792,0.243599995970726
YMR285C,YLL012W,0,-5.4278326,0.2199103683233261,0.6869999766349792,0.24369999766349792
YBR288C,YML007W,0,-5.4282455,0.21984000504016876,0.6869999766349792,0.24379999935626984
YLR254C,YFR005C,0,-5.428419,0.2197696715593338,0.6869999766349792,0.24390000104904175
YDR299W,YFL021W,0,-5.4284396,0.21969939768314362,0.6869999766349792,0.24400000274181366
YDL153C,YDR470C,0,-5.4291973,0.21962915360927582,0.6869999766349792,0.24410000443458557
YJL073W,YMR127C,0,-5.429246,0.2195589691400528,0.6869999766349792,0.24420000612735748
YIR005W,YGL172W,1,-5.429722,0.21980831027030945,0.6880000233650208,0.24420000612735748
YDR518W,YBR060C,0,-5.4298577,0.21973809599876404,0.6880000233650208,0.2442999929189682
YBL003C,YDR113C,0,-5.4304028,0.2196679413318634,0.6880000233650208,0.2443999946117401
YBL016W,YGR178C,0,-5.430607,0.21959783136844635,0.6880000233650208,0.24449999630451202
YGR046W,YPR173C,0,-5.430865,0.21952776610851288,0.6880000233650208,0.24459999799728394
YPL116W,YJL183W,0,-5.431491,0.2194577306509018,0.6880000233650208,0.24469999969005585
YNL036W,YBR256C,0,-5.431595,0.21938775479793549,0.6880000233650208,0.24480000138282776
YNL286W,YPL254W,0,-5.4317064,0.21931782364845276,0.6880000233650208,0.24490000307559967
YAR015W,YER174C,0,-5.4317074,0.21924792230129242,0.6880000233650208,0.24500000476837158
YPR122W,YIL016W,0,-5.4317594,0.21917808055877686,0.6880000233650208,0.2451000064611435
YDR145W,YLR467W,0,-5.4325356,0.21910828351974487,0.6880000233650208,0.2451999932527542
YOR334W,YHR039C-A,0,-5.432868,0.21903851628303528,0.6880000233650208,0.24529999494552612
YPL256C,YCR024C-A,0,-5.433691,0.21896880865097046,0.6880000233650208,0.24539999663829803
YPL008W,YER100W,0,-5.433736,0.21889914572238922,0.6880000233650208,0.24549999833106995
YDR314C,YDR457W,0,-5.433961,0.21882951259613037,0.6880000233650208,0.24560000002384186
YLR380W,YFR019W,0,-5.434326,0.2187599390745163,0.6880000233650208,0.24570000171661377
YML102W,YCR089W,0,-5.4344387,0.2186903953552246,0.6880000233650208,0.24580000340938568
YOR185C,YJR059W,0,-5.434568,0.2186209112405777,0.6880000233650208,0.2459000051021576
YNL230C,YBR258C,0,-5.4352717,0.21855145692825317,0.6880000233650208,0.2460000067949295
YOR014W,YGL113W,0,-5.4361124,0.21848206222057343,0.6880000233650208,0.24609999358654022
YPR082C,YKL060C,0,-5.4363313,0.21841269731521606,0.6880000233650208,0.24619999527931213
YPL213W,YLR092W,0,-5.436654,0.21834337711334229,0.6880000233650208,0.24629999697208405
YJR084W,YOL076W,0,-5.436774,0.21827411651611328,0.6880000233650208,0.24639999866485596
YBR200W,YPR067W,0,-5.4377184,0.21820488572120667,0.6880000233650208,0.24650000035762787
YLR342W,YKL035W,0,-5.4378767,0.21813569962978363,0.6880000233650208,0.24660000205039978
YPL138C,YFL058W,0,-5.4379163,0.21806655824184418,0.6880000233650208,0.2467000037431717
YHR026W,YGR195W,0,-5.4380975,0.2179974615573883,0.6880000233650208,0.2468000054359436
YBR168W,YJL166W,0,-5.438189,0.21792840957641602,0.6880000233650208,0.24690000712871552
YNR038W,YHR058C,0,-5.438706,0.2178594022989273,0.6880000233650208,0.24699999392032623
YER157W,YLR034C,0,-5.4389925,0.21779043972492218,0.6880000233650208,0.24709999561309814
YBR034C,YKR002W,1,-5.439177,0.21803797781467438,0.6890000104904175,0.24709999561309814
YOL116W,YJL054W,0,-5.4402905,0.21796900033950806,0.6890000104904175,0.24719999730587006
YNL246W,YER160C,0,-5.440552,0.21790006756782532,0.6890000104904175,0.24729999899864197
YKL017C,YLR079W,0,-5.4415092,0.21783117949962616,0.6890000104904175,0.24740000069141388
YDR181C,YGR005C,0,-5.441891,0.2177623212337494,0.6890000104904175,0.2475000023841858
YBR065C,YBR245C,0,-5.44291,0.2176935225725174,0.6890000104904175,0.2476000040769577
YBR097W,YDL109C,0,-5.442943,0.21762476861476898,0.6890000104904175,0.24770000576972961
YKL172W,YPR133W-A,0,-5.442973,0.21755604445934296,0.6890000104904175,0.24779999256134033
YOR304W,YEL050C,0,-5.4430842,0.2174873799085617,0.6890000104904175,0.24789999425411224
YDR481C,YDR404C,0,-5.4433513,0.21741874516010284,0.6890000104904175,0.24799999594688416
YBR073W,YGR185C,0,-5.4440045,0.21735015511512756,0.6890000104904175,0.24809999763965607
YIL040W,YBR021W,1,-5.444162,0.21759697794914246,0.6899999976158142,0.24809999763965607
YJR065C,YJR139C,0,-5.444578,0.21752837300300598,0.6899999976158142,0.24819999933242798
YCR065W,YBR129C,0,-5.444941,0.2174598127603531,0.6899999976158142,0.2483000010251999
YMR138W,YNL164C,0,-5.4452143,0.21739129722118378,0.6899999976158142,0.2484000027179718
YKL001C,YBL007C,0,-5.4453745,0.21732284128665924,0.6899999976158142,0.2485000044107437
YER174C,YOL109W,0,-5.4459805,0.2172544151544571,0.6899999976158142,0.24860000610351562
YLL035W,YKL203C,0,-5.4461813,0.21718601882457733,0.6899999976158142,0.24869999289512634
YDR156W,YHR172W,0,-5.4474273,0.21711768209934235,0.6899999976158142,0.24879999458789825
YMR287C,YDR310C,0,-5.4476414,0.21704939007759094,0.6899999976158142,0.24889999628067017
YDR296W,YLR150W,0,-5.4476924,0.21698112785816193,0.6899999976158142,0.24899999797344208
YBR021W,YPL169C,1,-5.448162,0.2172272801399231,0.6909999847412109,0.24899999797344208
YPL110C,YIL126W,0,-5.448315,0.21715901792049408,0.6909999847412109,0.249099999666214
YNL245C,YPR133C,0,-5.4483194,0.21709080040454865,0.6909999847412109,0.2492000013589859
YEL030W,YIL061C,0,-5.4483614,0.2170226126909256,0.6909999847412109,0.2493000030517578
YDR314C,YLR208W,0,-5.4487886,0.21695446968078613,0.6909999847412109,0.24940000474452972
YNL242W,YNR053C,0,-5.4489512,0.21688637137413025,0.6909999847412109,0.24950000643730164
YLR170C,YMR182C,0,-5.44976,0.21681831777095795,0.6909999847412109,0.24959999322891235
YDR265W,YPL022W,0,-5.450015,0.21675030887126923,0.6909999847412109,0.24969999492168427
YNL126W,YBL088C,0,-5.450288,0.2166823446750641,0.6909999847412109,0.24979999661445618
YMR077C,YML007W,0,-5.450451,0.21661442518234253,0.6909999847412109,0.2498999983072281
YPL008W,YMR288W,0,-5.451707,0.21654653549194336,0.6909999847412109,0.25
YDL198C,YKL186C,1,-5.452446,0.21679197251796722,0.6919999718666077,0.25
YKL073W,YLR467W,0,-5.452515,0.21672408282756805,0.6919999718666077,0.2500999867916107
YFR028C,YPR179C,0,-5.4529333,0.21665623784065247,0.6919999718666077,0.2502000033855438
YHR191C,YBR218C,0,-5.452959,0.21658842265605927,0.6919999718666077,0.25029999017715454
YPR128C,YJL041W,1,-5.453492,0.21683354675769806,0.6930000185966492,0.25029999017715454
YGL247W,YDR138W,1,-5.453744,0.21707850694656372,0.6940000057220459,0.25029999017715454
YMR272C,YPL083C,0,-5.4537725,0.21701063215732574,0.6940000057220459,0.25040000677108765
YMR227C,YHR196W,0,-5.454132,0.21694280207157135,0.6940000057220459,0.25049999356269836
YPL188W,YPR163C,0,-5.455049,0.21687500178813934,0.6940000057220459,0.25060001015663147
YGL209W,YGR054W,0,-5.4556456,0.21680724620819092,0.6940000057220459,0.2506999969482422
YER017C,YPL118W,0,-5.455724,0.21673953533172607,0.6940000057220459,0.2508000135421753
YNL136W,YNL214W,0,-5.456045,0.2166718691587448,0.6940000057220459,0.250900000333786
YDR138W,YNL139C,1,-5.456337,0.21691635251045227,0.6949999928474426,0.250900000333786
YKL141W,YDL098C,0,-5.4564257,0.21684867143630981,0.6949999928474426,0.25099998712539673
YOR243C,YPR132W,0,-5.456619,0.21678103506565094,0.6949999928474426,0.25110000371932983
YCR086W,YPL012W,0,-5.4569497,0.21671344339847565,0.6949999928474426,0.25119999051094055
YBR192W,YOL072W,1,-5.45821,0.21695759892463684,0.6959999799728394,0.25119999051094055
YNR027W,YML059C,0,-5.458644,0.21688999235630035,0.6959999799728394,0.25130000710487366
YDR524C,YGL087C,0,-5.45875,0.21682243049144745,0.6959999799728394,0.2513999938964844
YER105C,YKR002W,1,-5.458873,0.21706633269786835,0.6970000267028809,0.2513999938964844
YDL198C,YKR095W,1,-5.4596243,0.2173100858926773,0.6980000138282776,0.2513999938964844
YHR039C,YFR037C,0,-5.459917,0.21724244952201843,0.6980000138282776,0.2515000104904175
YER087C-B,YMR059W,0,-5.4600644,0.21717485785484314,0.6980000138282776,0.2515999972820282
YCL004W,YGL022W,0,-5.460299,0.21710731089115143,0.6980000138282776,0.2517000138759613
YNL085W,YOL148C,0,-5.460704,0.2170397937297821,0.6980000138282776,0.251800000667572
YDR268W,YDR527W,0,-5.460885,0.21697233617305756,0.6980000138282776,0.25189998745918274
YDL008W,YHR094C,0,-5.4610314,0.2169049084186554,0.6980000138282776,0.25200000405311584
YOR182C,YDR545W,0,-5.4610457,0.21683752536773682,0.6980000138282776,0.25209999084472656
YGL216W,YKL020C,0,-5.4616623,0.21677018702030182,0.6980000138282776,0.25220000743865967
YKL182W,YDR485C,0,-5.462059,0.2167028933763504,0.6980000138282776,0.2522999942302704
YGL105W,YMR273C,1,-5.462179,0.21694599092006683,0.6990000009536743,0.2522999942302704
YLR007W,YOR224C,0,-5.462511,0.21687868237495422,0.6990000009536743,0.2524000108242035
YHR015W,YMR308C,1,-5.462583,0.21712158620357513,0.699999988079071,0.2524000108242035
YGL061C,YER126C,0,-5.4628706,0.21705426275730133,0.699999988079071,0.2524999976158142
YJR055W,YER093C,0,-5.463435,0.2169869840145111,0.699999988079071,0.2526000142097473
YPL167C,YBR153W,0,-5.4637027,0.21691973507404327,0.699999988079071,0.25270000100135803
YMR083W,YGR014W,0,-5.463904,0.21685254573822021,0.699999988079071,0.25279998779296875
YMR198W,YGR057C,0,-5.4639587,0.21678538620471954,0.699999988079071,0.25290000438690186
YER042W,YLR182W,0,-5.4641857,0.21671827137470245,0.699999988079071,0.2529999911785126
YPR131C,YDR172W,0,-5.4654183,0.21665118634700775,0.699999988079071,0.2531000077724457
YIL109C,YNL222W,0,-5.465677,0.21658416092395782,0.699999988079071,0.2531999945640564
YER021W,YKL058W,0,-5.465769,0.21651716530323029,0.699999988079071,0.2533000111579895
YLR138W,YDL213C,0,-5.4659157,0.21645021438598633,0.699999988079071,0.2533999979496002
YLR068W,YHR072W-A,0,-5.46594,0.21638330817222595,0.699999988079071,0.2535000145435333
YCR086W,YBL004W,0,-5.46605,0.21631644666194916,0.699999988079071,0.25360000133514404
YIR005W,YHR167W,1,-5.466099,0.2165585458278656,0.7009999752044678,0.25360000133514404
YBL074C,YML013W,0,-5.4664893,0.21649165451526642,0.7009999752044678,0.25369998812675476
YMR029C,YHR001W-A,0,-5.466668,0.216424822807312,0.7009999752044678,0.25380000472068787
YJR160C,YBR061C,0,-5.4668036,0.21635802090168,0.7009999752044678,0.2538999915122986
YNL294C,YDR409W,0,-5.4670095,0.21629126369953156,0.7009999752044678,0.2540000081062317
YNR044W,YHR007C,0,-5.467458,0.2162245512008667,0.7009999752044678,0.2540999948978424
YLR060W,YMR089C,0,-5.46758,0.21615788340568542,0.7009999752044678,0.2542000114917755
YOL042W,YJL208C,0,-5.467631,0.21609124541282654,0.7009999752044678,0.25429999828338623
YNR043W,YDR494W,0,-5.467873,0.21602465212345123,0.7009999752044678,0.25440001487731934
YMR092C,YGR192C,0,-5.4679036,0.2159581035375595,0.7009999752044678,0.25450000166893005
YDL159W,YNL044W,0,-5.4679437,0.21589159965515137,0.7009999752044678,0.25459998846054077
YBR029C,YML060W,0,-5.468012,0.2158251255750656,0.7009999752044678,0.2547000050544739
YMR012W,YPR138C,0,-5.468881,0.21575869619846344,0.7009999752044678,0.2547999918460846
YHR007C,YCR020W-B,0,-5.468951,0.21569231152534485,0.7009999752044678,0.2549000084400177
YKL114C,YMR202W,0,-5.4689665,0.21562595665454865,0.7009999752044678,0.2549999952316284
YGL126W,YJR049C,0,-5.4695663,0.21555966138839722,0.7009999752044678,0.2551000118255615
YIR028W,YCL011C,1,-5.469639,0.21580079197883606,0.7020000219345093,0.2551000118255615
YDL230W,YDR079C-A,0,-5.4698963,0.21573448181152344,0.7020000219345093,0.25519999861717224
YER042W,YFR037C,0,-5.470847,0.2156682014465332,0.7020000219345093,0.25529998540878296
YGL137W,YDR393W,0,-5.4709215,0.21560196578502655,0.7020000219345093,0.25540000200271606
YJL031C,YDL044C,0,-5.471121,0.21553577482700348,0.7020000219345093,0.2554999887943268
YBL042C,YKL214C,1,-5.4711986,0.21577654778957367,0.703000009059906,0.2554999887943268
YPL133C,YNR003C,0,-5.4716187,0.2157103419303894,0.703000009059906,0.2556000053882599
YDR329C,YHR060W,0,-5.4718285,0.21564416587352753,0.703000009059906,0.2556999921798706
YJL081C,YBR153W,0,-5.4724445,0.21557804942131042,0.703000009059906,0.2558000087738037
YDL135C,YLR425W,0,-5.472807,0.2155119627714157,0.703000009059906,0.25589999556541443
YCR026C,YML097C,0,-5.4728494,0.21544590592384338,0.703000009059906,0.25600001215934753
YJL014W,YKL095W,0,-5.473905,0.21537990868091583,0.703000009059906,0.25609999895095825
YGL174W,YER056C,1,-5.474104,0.215620219707489,0.7039999961853027,0.25609999895095825
YBR218C,YLR362W,0,-5.4741287,0.21555419266223907,0.7039999961853027,0.25619998574256897
YLR192C,YOR304W,0,-5.474374,0.21548821032047272,0.7039999961853027,0.2563000023365021
YMR255W,YOR160W,1,-5.474599,0.2157282680273056,0.7049999833106995,0.2563000023365021
YOL116W,YPR056W,0,-5.4746056,0.21566228568553925,0.7049999833106995,0.2563999891281128
YER038C,YMR093W,0,-5.475341,0.21559633314609528,0.7049999833106995,0.2565000057220459
YOR236W,YFR027W,0,-5.476144,0.2155304253101349,0.7049999833106995,0.2565999925136566
YCL055W,YLR268W,0,-5.4766273,0.2154645472764969,0.7049999833106995,0.2567000091075897
YHR069C,YPL020C,0,-5.4770627,0.21539871394634247,0.7049999833106995,0.25679999589920044
YKL120W,YPL153C,0,-5.4772763,0.21533292531967163,0.7049999833106995,0.25690001249313354
YDR465C,YLR466W,0,-5.477468,0.21526718139648438,0.7049999833106995,0.25699999928474426
YMR116C,YGL213C,0,-5.477668,0.2152014672756195,0.7049999833106995,0.257099986076355
YDL147W,YDR346C,0,-5.4777203,0.21513579785823822,0.7049999833106995,0.2572000026702881
YML060W,YGR013W,0,-5.4786735,0.21507015824317932,0.7049999833106995,0.2572999894618988
YLR242C,YNL298W,0,-5.478814,0.2150045782327652,0.7049999833106995,0.2574000060558319
YBL057C,YHR050W,0,-5.4792204,0.21493902802467346,0.7049999833106995,0.2574999928474426
YJR119C,YPR133C,0,-5.479464,0.2148735076189041,0.7049999833106995,0.25760000944137573
YMR238W,YKR028W,0,-5.4795117,0.21480804681777954,0.7049999833106995,0.25769999623298645
YEL020W-A,YBR105C,0,-5.479963,0.21474261581897736,0.7049999833106995,0.25780001282691956
YFR052W,YMR260C,0,-5.4801908,0.21467722952365875,0.7049999833106995,0.2578999996185303
YKR062W,YNL121C,0,-5.480341,0.21461187303066254,0.7049999833106995,0.257999986410141
YNL325C,YPL254W,0,-5.480534,0.2145465612411499,0.7049999833106995,0.2581000030040741
YDR016C,YLR442C,0,-5.480761,0.21448129415512085,0.7049999833106995,0.2581999897956848
YCR033W,YML064C,0,-5.480798,0.21441605687141418,0.7049999833106995,0.2583000063896179
YJR055W,YNL339C,0,-5.481698,0.2143508642911911,0.7049999833106995,0.25839999318122864
YKR031C,YBR293W,0,-5.481756,0.2142857164144516,0.7049999833106995,0.25850000977516174
YDR328C,YPL157W,0,-5.4817705,0.21422059834003448,0.7049999833106995,0.25859999656677246
YKL008C,YDL244W,0,-5.481837,0.21415552496910095,0.7049999833106995,0.25870001316070557
YMR277W,YGL243W,0,-5.4820137,0.214090496301651,0.7049999833106995,0.2587999999523163
YDR121W,YBL032W,0,-5.4825726,0.21402549743652344,0.7049999833106995,0.258899986743927
YDL080C,YOR230W,0,-5.4825845,0.21396054327487946,0.7049999833106995,0.2590000033378601
YOL086C,YNL048W,0,-5.4828415,0.21389563381671906,0.7049999833106995,0.2590999901294708
YNR056C,YGR056W,0,-5.482901,0.21383075416088104,0.7049999833106995,0.25920000672340393
YDR099W,YER164W,0,-5.4830465,0.2137659192085266,0.7049999833106995,0.25929999351501465
YJR119C,YIL030C,0,-5.48343,0.21370112895965576,0.7049999833106995,0.25940001010894775
YER168C,YHR083W,0,-5.483587,0.2136363685131073,0.7049999833106995,0.25949999690055847
YDR150W,YPL243W,0,-5.483636,0.21357163786888123,0.7049999833106995,0.2596000134944916
YOR109W,YLR451W,0,-5.4839926,0.21350696682929993,0.7049999833106995,0.2597000002861023
YHL006C,YMR216C,0,-5.4841166,0.21344232559204102,0.7049999833106995,0.259799987077713
YGL223C,YOL042W,0,-5.4841666,0.21337772905826569,0.7049999833106995,0.2599000036716461
YFL048C,YOL045W,0,-5.4856215,0.21331316232681274,0.7049999833106995,0.25999999046325684
YER009W,YGL144C,0,-5.4859815,0.21324864029884338,0.7049999833106995,0.26010000705718994
YDL003W,YER013W,0,-5.486112,0.2131841480731964,0.7049999833106995,0.26019999384880066
YBL069W,YML051W,0,-5.486124,0.2131197154521942,0.7049999833106995,0.26030001044273376
YGL075C,YDR023W,0,-5.4861403,0.2130552977323532,0.7049999833106995,0.2603999972343445
YGL045W,YGL112C,0,-5.4862156,0.21299093961715698,0.7049999833106995,0.2605000138282776
YDR498C,YOL125W,0,-5.4864416,0.21292661130428314,0.7049999833106995,0.2606000006198883
YLR068W,YOR279C,0,-5.4865522,0.2128623127937317,0.7049999833106995,0.260699987411499
YMR038C,YAL053W,0,-5.486774,0.212798073887825,0.7049999833106995,0.26080000400543213
YML080W,YNL072W,0,-5.4868546,0.21273384988307953,0.7049999833106995,0.26089999079704285
YLR242C,YOL124C,0,-5.488028,0.21266968548297882,0.7049999833106995,0.26100000739097595
YKL006C-A,YKL080W,0,-5.488684,0.2126055508852005,0.7049999833106995,0.26109999418258667
YER107C,YBL030C,1,-5.4887896,0.2128429263830185,0.7059999704360962,0.26109999418258667
YJR077C,YMR142C,0,-5.4896784,0.21277877688407898,0.7059999704360962,0.2612000107765198
YPL190C,YDR429C,0,-5.4898167,0.21271467208862305,0.7059999704360962,0.2612999975681305
YCL059C,YDR245W,0,-5.4902625,0.2126505970954895,0.7059999704360962,0.2614000141620636
YJR150C,YGL028C,0,-5.490678,0.21258656680583954,0.7059999704360962,0.2615000009536743
YBR065C,YDR414C,0,-5.491022,0.21252258121967316,0.7059999704360962,0.26159998774528503
YGL136C,YHR135C,0,-5.491235,0.21245862543582916,0.7059999704360962,0.26170000433921814
YAR018C,YGL246C,0,-5.4912367,0.21239469945430756,0.7059999704360962,0.26179999113082886
YAL053W,YKR055W,0,-5.491536,0.21233083307743073,0.7059999704360962,0.26190000772476196
YLR305C,YPR016C,0,-5.491615,0.2122669816017151,0.7059999704360962,0.2619999945163727
YIL044C,YDR394W,0,-5.492165,0.21220318973064423,0.7059999704360962,0.2621000111103058
YNL129W,YJL121C,0,-5.4921846,0.21213942766189575,0.7059999704360962,0.2621999979019165
YLR259C,YAL055W,0,-5.4922523,0.21207569539546967,0.7059999704360962,0.2623000144958496
YCR086W,YER133W,0,-5.4922915,0.21201200783252716,0.7059999704360962,0.2624000012874603
YLR330W,YAL053W,0,-5.492479,0.21194836497306824,0.7059999704360962,0.26249998807907104
YHR085W,YDR065W,0,-5.4925194,0.2118847519159317,0.7059999704360962,0.26260000467300415
YCR083W,YFL038C,0,-5.4926624,0.21182118356227875,0.7059999704360962,0.26269999146461487
YKR063C,YAL032C,0,-5.493937,0.21175764501094818,0.7059999704360962,0.262800008058548
YML121W,YLR260W,0,-5.4942966,0.2116941511631012,0.7059999704360962,0.2628999948501587
YDR113C,YDR195W,0,-5.4946547,0.2116307020187378,0.7059999704360962,0.2630000114440918
YMR319C,YOL034W,0,-5.494759,0.21156728267669678,0.7059999704360962,0.2630999982357025
YOR094W,YLR385C,0,-5.494923,0.21150389313697815,0.7059999704360962,0.2632000148296356
YOR171C,YPR103W,0,-5.4952664,0.2114405483007431,0.7059999704360962,0.26330000162124634
YEL061C,YPL233W,0,-5.4953394,0.21137724816799164,0.7059999704360962,0.26339998841285706
YDL175C,YDR381W,1,-5.4956827,0.21161328256130219,0.7070000171661377,0.26339998841285706
YGR004W,YLR298C,0,-5.4958467,0.21154996752738953,0.7070000171661377,0.26350000500679016
YHR172W,YOL125W,0,-5.496048,0.21148668229579926,0.7070000171661377,0.2635999917984009
YKL017C,YML098W,0,-5.4961567,0.21142344176769257,0.7070000171661377,0.263700008392334
YOR216C,YMR272C,0,-5.4964542,0.21136024594306946,0.7070000171661377,0.2637999951839447
YNL004W,YMR273C,1,-5.49717,0.21159593760967255,0.7080000042915344,0.2637999951839447
YHR013C,YDR392W,0,-5.49722,0.21153271198272705,0.7080000042915344,0.2639000117778778
YLR231C,YAR003W,0,-5.4972873,0.21146953105926514,0.7080000042915344,0.2639999985694885
YDR137W,YNL049C,0,-5.497319,0.2114063948392868,0.7080000042915344,0.26409998536109924
YNL127W,YOL067C,0,-5.4976363,0.21134328842163086,0.7080000042915344,0.26420000195503235
YNR003C,YEL004W,0,-5.4978127,0.2112802118062973,0.7080000042915344,0.26429998874664307
YER088C,YBR009C,0,-5.4979515,0.21121717989444733,0.7080000042915344,0.26440000534057617
YDL143W,YMR150C,0,-5.4982166,0.21115419268608093,0.7080000042915344,0.2644999921321869
YDL207W,YNL139C,1,-5.4990983,0.21138939261436462,0.7089999914169312,0.2644999921321869
YHL020C,YER075C,0,-5.5002556,0.21132637560367584,0.7089999914169312,0.26460000872612
YER164W,YER095W,0,-5.501902,0.21126340329647064,0.7089999914169312,0.2646999955177307
YML094W,YGR239C,0,-5.5019484,0.21120047569274902,0.7089999914169312,0.2648000121116638
YMR033W,YMR143W,0,-5.502055,0.2111375778913498,0.7089999914169312,0.26489999890327454
YBR198C,YGR005C,0,-5.502186,0.21107472479343414,0.7089999914169312,0.26499998569488525
YNR060W,YPL176C,0,-5.503591,0.21101190149784088,0.7089999914169312,0.26510000228881836
YJR076C,YNL230C,0,-5.504547,0.2109491229057312,0.7089999914169312,0.2651999890804291
YNL029C,YER072W,0,-5.504748,0.2108863741159439,0.7089999914169312,0.2653000056743622
YLR215C,YPL008W,0,-5.5054283,0.2108236700296402,0.7089999914169312,0.2653999924659729
YMR198W,YGR006W,0,-5.5058064,0.21076099574565887,0.7089999914169312,0.265500009059906
YJR092W,YJR143C,0,-5.506009,0.21069836616516113,0.7089999914169312,0.2655999958515167
YJL081C,YPL255W,0,-5.506476,0.21063576638698578,0.7089999914169312,0.26570001244544983
YGR278W,YNL154C,0,-5.5064797,0.210573211312294,0.7089999914169312,0.26579999923706055
YKL017C,YHR094C,0,-5.506706,0.21051068603992462,0.7089999914169312,0.26589998602867126
YOR046C,YHR015W,1,-5.506937,0.21074502170085907,0.7099999785423279,0.26589998602867126
YBL082C,YLL041C,0,-5.5070887,0.21068249642848969,0.7099999785423279,0.26600000262260437
YMR070W,YML093W,0,-5.507183,0.2106200009584427,0.7099999785423279,0.2660999894142151
YMR301C,YKL190W,0,-5.507616,0.21055753529071808,0.7099999785423279,0.2662000060081482
YPL112C,YDR400W,0,-5.5077457,0.21049511432647705,0.7099999785423279,0.2662999927997589
YLR233C,YBR130C,0,-5.5082603,0.2104327231645584,0.7099999785423279,0.266400009393692
YOL054W,YOL124C,0,-5.50841,0.21037037670612335,0.7099999785423279,0.26649999618530273
YJL122W,YPL176C,0,-5.508595,0.21030806005001068,0.7099999785423279,0.26660001277923584
YNL075W,YGR192C,0,-5.508714,0.2102457731962204,0.7099999785423279,0.26669999957084656
YDR385W,YDR488C,0,-5.508825,0.2101835459470749,0.7099999785423279,0.2667999863624573
YKL055C,YBR218C,0,-5.509047,0.21012133359909058,0.7099999785423279,0.2669000029563904
YJL091C,YDL229W,0,-5.509673,0.21005916595458984,0.7099999785423279,0.2669999897480011
YOR145C,YOR279C,0,-5.5099163,0.2099970430135727,0.7099999785423279,0.2671000063419342
YMR309C,YMR077C,0,-5.510638,0.20993494987487793,0.7099999785423279,0.2671999931335449
YJL184W,YGR005C,0,-5.5110025,0.20987288653850555,0.7099999785423279,0.267300009727478
YHR081W,YDR205W,0,-5.511253,0.20981086790561676,0.7099999785423279,0.26739999651908875
YPL061W,YJR031C,0,-5.5115337,0.20974889397621155,0.7099999785423279,0.26750001311302185
YDL207W,YDR138W,1,-5.5117564,0.2099822759628296,0.7110000252723694,0.26750001311302185
YKL048C,YPL125W,0,-5.512167,0.20992028713226318,0.7110000252723694,0.26759999990463257
YPR181C,YER161C,0,-5.512249,0.20985832810401917,0.7110000252723694,0.2676999866962433
YGR183C,YGR116W,0,-5.512319,0.20979639887809753,0.7110000252723694,0.2678000032901764
YLR103C,YHR197W,0,-5.5125856,0.20973451435565948,0.7110000252723694,0.2678999900817871
YGR279C,YER018C,0,-5.512656,0.20967265963554382,0.7110000252723694,0.2680000066757202
YPR199C,YDR337W,0,-5.5132413,0.20961084961891174,0.7110000252723694,0.26809999346733093
YJR001W,YML051W,0,-5.5141635,0.20954906940460205,0.7110000252723694,0.26820001006126404
YLR233C,YML098W,0,-5.5143285,0.20948733389377594,0.7110000252723694,0.26829999685287476
YDL008W,YDR299W,0,-5.5143914,0.20942562818527222,0.7110000252723694,0.26840001344680786
YMR076C,YLL040C,0,-5.514407,0.20936395227909088,0.7110000252723694,0.2685000002384186
YAL042W,YPL242C,0,-5.5147567,0.20930232107639313,0.7110000252723694,0.2685999870300293
YIL049W,YOR346W,0,-5.5147986,0.20924073457717896,0.7110000252723694,0.2687000036239624
YNL130C,YOR191W,0,-5.515302,0.20917916297912598,0.7110000252723694,0.2687999904155731
YPR033C,YOR253W,0,-5.5155296,0.20911765098571777,0.7110000252723694,0.2689000070095062
YFR030W,YLR059C,0,-5.515953,0.20905615389347076,0.7110000252723694,0.26899999380111694
YKL014C,YCL063W,0,-5.5162544,0.20899471640586853,0.7110000252723694,0.26910001039505005
YLR459W,YBR123C,0,-5.5162964,0.2089332938194275,0.7110000252723694,0.26919999718666077
YBR131W,YPL120W,0,-5.5170174,0.20887191593647003,0.7110000252723694,0.26930001378059387
YDR221W,YLR357W,0,-5.517762,0.20881056785583496,0.7110000252723694,0.2694000005722046
YOL043C,YBR043C,0,-5.5182877,0.20874926447868347,0.7110000252723694,0.2694999873638153
YDL153C,YPL032C,0,-5.5183535,0.20868799090385437,0.7110000252723694,0.2696000039577484
YIL040W,YER056C,1,-5.5187225,0.2089201807975769,0.7120000123977661,0.2696000039577484
YOR153W,YBL057C,0,-5.518863,0.2088589072227478,0.7120000123977661,0.26969999074935913
YML126C,YLR376C,0,-5.5189047,0.2087976485490799,0.7120000123977661,0.26980000734329224
YBL024W,YDR030C,0,-5.518976,0.20873643457889557,0.7120000123977661,0.26989999413490295
YGR264C,YDR028C,0,-5.519701,0.20867526531219482,0.7120000123977661,0.27000001072883606
YKL190W,YLR228C,0,-5.519705,0.20861412584781647,0.7120000123977661,0.2700999975204468
YPR128C,YDR192C,1,-5.5201015,0.20884592831134796,0.7129999995231628,0.2700999975204468
YPL128C,YNL070W,0,-5.5202036,0.2087847739458084,0.7129999995231628,0.2702000141143799
YIL049W,YNL329C,0,-5.5203285,0.20872364938259125,0.7129999995231628,0.2703000009059906
YER174C,YGR020C,0,-5.5203986,0.20866256952285767,0.7129999995231628,0.2703999876976013
YAL029C,YDR145W,0,-5.5204477,0.20860151946544647,0.7129999995231628,0.2705000042915344
YGR101W,YMR134W,0,-5.5207553,0.20854051411151886,0.7129999995231628,0.27059999108314514
YKL060C,YAL051W,0,-5.5221963,0.20847953855991364,0.7129999995231628,0.27070000767707825
YKR002W,YBR192W,1,-5.5222936,0.2087109088897705,0.7139999866485596,0.27070000767707825
YGL094C,YNL229C,0,-5.524005,0.2086499184370041,0.7139999866485596,0.27079999446868896
YPL188W,YLR430W,0,-5.524061,0.20858895778656006,0.7139999866485596,0.27090001106262207
YKL074C,YNL113W,0,-5.5240746,0.2085280418395996,0.7139999866485596,0.2709999978542328
YOR233W,YJR010C-A,0,-5.5247316,0.20846715569496155,0.7139999866485596,0.2711000144481659
YML077W,YMR029C,0,-5.5252314,0.20840629935264587,0.7139999866485596,0.2712000012397766
YMR288W,YGL075C,0,-5.5254326,0.20834548771381378,0.7139999866485596,0.27129998803138733
YKR062W,YOR075W,0,-5.5255423,0.20828472077846527,0.7139999866485596,0.27140000462532043
YJL095W,YER087C-A,0,-5.526907,0.20822396874427795,0.7139999866485596,0.27149999141693115
YKR003W,YDL065C,0,-5.527052,0.20816326141357422,0.7139999866485596,0.27160000801086426
YDR264C,YGL016W,0,-5.527271,0.20810259878635406,0.7139999866485596,0.271699994802475
YMR163C,YLR147C,0,-5.5274096,0.2080419510602951,0.7139999866485596,0.2718000113964081
YOL061W,YML034W,0,-5.5280457,0.20798136293888092,0.7139999866485596,0.2718999981880188
YNL014W,YMR044W,0,-5.528363,0.20792078971862793,0.7139999866485596,0.2720000147819519
YLR078C,YGR074W,0,-5.5285535,0.20786026120185852,0.7139999866485596,0.2721000015735626
YJR001W,YLR320W,0,-5.528638,0.2077997624874115,0.7139999866485596,0.27219998836517334
YNL286W,YEL030W,0,-5.5287304,0.20773930847644806,0.7139999866485596,0.27230000495910645
YLR347C,YMR143W,0,-5.5290747,0.207678884267807,0.7139999866485596,0.27239999175071716
YPL050C,YKL175W,0,-5.5298724,0.20761848986148834,0.7139999866485596,0.27250000834465027
YCR014C,YPR137W,0,-5.5300303,0.20755814015865326,0.7139999866485596,0.272599995136261
YKL191W,YCL044C,0,-5.5300636,0.20749782025814056,0.7139999866485596,0.2727000117301941
YMR281W,YLL060C,0,-5.530113,0.20743753015995026,0.7139999866485596,0.2727999985218048
YNL004W,YKR002W,1,-5.5301266,0.207667738199234,0.7149999737739563,0.2727999985218048
YOR099W,YBR294W,0,-5.5301695,0.2076074331998825,0.7149999737739563,0.2728999853134155
YOL077W-A,YGR116W,0,-5.5303097,0.2075471729040146,0.7149999737739563,0.27300000190734863
YKL191W,YER028C,0,-5.530726,0.20748694241046906,0.7149999737739563,0.27309998869895935
YDR320C-A,YGR121C,0,-5.531099,0.2074267417192459,0.7149999737739563,0.27320000529289246
YDR384C,YGR057C,0,-5.531232,0.20736658573150635,0.7149999737739563,0.2732999920845032
YJL041W,YMR273C,1,-5.5316496,0.20759640634059906,0.7160000205039978,0.2732999920845032
YCL067C,YDR122W,0,-5.531806,0.2075362354516983,0.7160000205039978,0.2734000086784363
YDL008W,YKL008C,0,-5.531872,0.20747609436511993,0.7160000205039978,0.273499995470047
YIR028W,YGL092W,1,-5.532441,0.20770567655563354,0.7170000076293945,0.273499995470047
YPL235W,YOR315W,0,-5.5325837,0.20764552056789398,0.7170000076293945,0.2736000120639801
YPL084W,YPL146C,0,-5.533306,0.207585409283638,0.7170000076293945,0.2736999988555908
YER168C,YOL125W,0,-5.533575,0.2075253278017044,0.7170000076293945,0.27379998564720154
YNL023C,YOL003C,0,-5.5341,0.2074652761220932,0.7170000076293945,0.27390000224113464
YER073W,YNL229C,0,-5.5344763,0.20740526914596558,0.7170000076293945,0.27399998903274536
YJR137C,YER009W,0,-5.535453,0.20734529197216034,0.7170000076293945,0.27410000562667847
YMR216C,YBR127C,0,-5.536783,0.2072853446006775,0.7170000076293945,0.2741999924182892
YLR134W,YDL140C,0,-5.5370035,0.20722542703151703,0.7170000076293945,0.2743000090122223
YHL002W,YPL146C,0,-5.53753,0.20716555416584015,0.7170000076293945,0.274399995803833
YOL026C,YML127W,0,-5.5375586,0.20710572600364685,0.7170000076293945,0.2745000123977661
YGL003C,YJR077C,0,-5.5386114,0.20704591274261475,0.7170000076293945,0.27459999918937683
YMR246W,YPL176C,0,-5.5390444,0.20698614418506622,0.7170000076293945,0.27469998598098755
YJL170C,YCR083W,0,-5.5399213,0.2069264054298401,0.7170000076293945,0.27480000257492065
YAL025C,YGL124C,0,-5.5400963,0.20686671137809753,0.7170000076293945,0.27489998936653137
YBL042C,YCR073W-A,1,-5.5402813,0.20709547400474548,0.7179999947547913,0.27489998936653137
YPR083W,YPL232W,0,-5.5405307,0.20703575015068054,0.7179999947547913,0.2750000059604645
YLR411W,YNL256W,0,-5.541396,0.20697607100009918,0.7179999947547913,0.2750999927520752
YOR027W,YDL235C,0,-5.541523,0.2069164216518402,0.7179999947547913,0.2752000093460083
YOR112W,YDL207W,1,-5.541793,0.20714491605758667,0.718999981880188,0.2752000093460083
YAL026C,YMR218C,0,-5.541927,0.2070852518081665,0.718999981880188,0.275299996137619
YAL032C,YHR062C,0,-5.5420012,0.20702563226222992,0.718999981880188,0.2754000127315521
YKR095W,YKR002W,1,-5.5425396,0.20725388824939728,0.7200000286102295,0.2754000127315521
YNR072W,YJL076W,0,-5.5425973,0.2071942389011383,0.7200000286102295,0.27549999952316284
YNL006W,YLR385C,0,-5.5437746,0.20713463425636292,0.7200000286102295,0.27559998631477356
YDL236W,YBR083W,0,-5.544382,0.2070750594139099,0.7200000286102295,0.27570000290870667
YML103C,YPR080W,1,-5.545099,0.20730304718017578,0.7210000157356262,0.27570000290870667
YDR251W,YDR181C,0,-5.5453506,0.20724345743656158,0.7210000157356262,0.2757999897003174
YDL090C,YGR009C,0,-5.545617,0.20718391239643097,0.7210000157356262,0.2759000062942505
YKR083C,YNL036W,0,-5.5456476,0.20712438225746155,0.7210000157356262,0.2759999930858612
YNL080C,YIR018W,0,-5.546068,0.2070649117231369,0.7210000157356262,0.2761000096797943
YLR016C,YBR192W,1,-5.5461817,0.2072925567626953,0.722000002861023,0.2761000096797943
YLR330W,YCR066W,0,-5.54632,0.20723307132720947,0.722000002861023,0.27619999647140503
YCR026C,YGL153W,0,-5.54689,0.20717360079288483,0.722000002861023,0.27630001306533813
YJR053W,YFL013C,0,-5.547811,0.20711417496204376,0.722000002861023,0.27639999985694885
YNL258C,YML075C,0,-5.547853,0.20705477893352509,0.722000002861023,0.27649998664855957
YOL011W,YLR071C,0,-5.5479574,0.2069954127073288,0.722000002861023,0.2766000032424927
YDL175C,YGL174W,1,-5.5481987,0.20722270011901855,0.7229999899864197,0.2766000032424927
YKL186C,YDL084W,1,-5.54859,0.20744985342025757,0.7239999771118164,0.2766000032424927
YER044C-A,YLL013C,0,-5.548596,0.2073904275894165,0.7239999771118164,0.2766999900341034
YLL042C,YNL323W,0,-5.548808,0.20733104646205902,0.7239999771118164,0.2768000066280365
YLR242C,YDR079C-A,0,-5.5489893,0.20727168023586273,0.7239999771118164,0.2768999934196472
YGR142W,YPL192C,0,-5.5496216,0.20721235871315002,0.7239999771118164,0.2770000100135803
YNL065W,YGR099W,0,-5.550048,0.2071530818939209,0.7239999771118164,0.27709999680519104
YOR049C,YDR392W,0,-5.550122,0.20709381997585297,0.7239999771118164,0.27720001339912415
YGL067W,YLR301W,0,-5.550154,0.20703460276126862,0.7239999771118164,0.27730000019073486
YPL267W,YOR326W,0,-5.550156,0.20697541534900665,0.7239999771118164,0.2773999869823456
YPL096C-A,YLR371W,0,-5.550502,0.20691625773906708,0.7239999771118164,0.2775000035762787
YHR039C,YGL226C-A,0,-5.5511045,0.20685714483261108,0.7239999771118164,0.2775999903678894
YDR038C,YMR234W,0,-5.5513287,0.20679806172847748,0.7239999771118164,0.2777000069618225
YGL222C,YKL086W,0,-5.5514045,0.20673900842666626,0.7239999771118164,0.2777999937534332
YJR069C,YDR219C,0,-5.5515428,0.20667998492717743,0.7239999771118164,0.27790001034736633
YJL092W,YPL244C,0,-5.5520916,0.20662100613117218,0.7239999771118164,0.27799999713897705
YLR114C,YJR144W,0,-5.552271,0.20656205713748932,0.7239999771118164,0.27810001373291016
YMR255W,YKL068W,1,-5.552688,0.20678836107254028,0.7250000238418579,0.27810001373291016
YMR038C,YGR199W,0,-5.5533066,0.20672939717769623,0.7250000238418579,0.2782000005245209
YMR173W,YML051W,0,-5.5533257,0.20667046308517456,0.7250000238418579,0.2782999873161316
YKL038W,YIL021W,0,-5.5535965,0.20661157369613647,0.7250000238418579,0.2784000039100647
YLR309C,YNL294C,0,-5.553747,0.20655269920825958,0.7250000238418579,0.2784999907016754
YNL271C,YDR093W,0,-5.553868,0.20649386942386627,0.7250000238418579,0.2786000072956085
YDR470C,YKL099C,0,-5.554207,0.20643508434295654,0.7250000238418579,0.27869999408721924
YDR527W,YOR315W,0,-5.554794,0.206376314163208,0.7250000238418579,0.27880001068115234
YOL145C,YDL039C,0,-5.5553894,0.20631758868694305,0.7250000238418579,0.27889999747276306
YCR038C,YEL030W,0,-5.5554523,0.2062588930130005,0.7250000238418579,0.27900001406669617
YOL001W,YDL140C,0,-5.555695,0.2062002271413803,0.7250000238418579,0.2791000008583069
YDL081C,YBR095C,0,-5.5562277,0.20614159107208252,0.7250000238418579,0.2791999876499176
YLR144C,YKL004W,0,-5.556608,0.2060829997062683,0.7250000238418579,0.2793000042438507
YJR060W,YOL026C,0,-5.5569487,0.2060244381427765,0.7250000238418579,0.2793999910354614
YHL038C,YGR003W,0,-5.557062,0.20596590638160706,0.7250000238418579,0.27950000762939453
YMR038C,YIL126W,0,-5.5578523,0.2059074193239212,0.7250000238418579,0.27959999442100525
YGL016W,YDR091C,0,-5.558073,0.20584894716739655,0.7250000238418579,0.27970001101493835
YKL154W,YMR210W,0,-5.558167,0.20579051971435547,0.7250000238418579,0.2797999978065491
YDL140C,YKR072C,0,-5.558429,0.20573212206363678,0.7250000238418579,0.2799000144004822
YKL186C,YNL139C,1,-5.5591965,0.20595744252204895,0.7260000109672546,0.2799000144004822
YER056C,YLR016C,1,-5.5594826,0.20618264377117157,0.7269999980926514,0.2799000144004822
YGL029W,YIR023W,0,-5.5597134,0.2061241865158081,0.7269999980926514,0.2800000011920929
YGR193C,YFR048W,0,-5.5602293,0.20606575906276703,0.7269999980926514,0.2800999879837036
YLR295C,YPR070W,0,-5.560929,0.20600736141204834,0.7269999980926514,0.2802000045776367
YKL059C,YIL109C,0,-5.561289,0.20594900846481323,0.7269999980926514,0.28029999136924744
YBR009C,YHL027W,0,-5.561354,0.2058906853199005,0.7269999980926514,0.28040000796318054
YLR260W,YLR145W,0,-5.561386,0.20583239197731018,0.7269999980926514,0.28049999475479126
YNL101W,YOR275C,0,-5.5619903,0.20577412843704224,0.7269999980926514,0.28060001134872437
YDR469W,YOR084W,0,-5.5621576,0.20571590960025787,0.7269999980926514,0.2806999981403351
YDR108W,YLR240W,0,-5.562441,0.2056577056646347,0.7269999980926514,0.2808000147342682
YDR141C,YDL229W,0,-5.562465,0.20559954643249512,0.7269999980926514,0.2809000015258789
YBR009C,YDR077W,0,-5.562759,0.20554141700267792,0.7269999980926514,0.2809999883174896
YGL105W,YHR167W,1,-5.563971,0.205765962600708,0.7279999852180481,0.2809999883174896
YLR023C,YHL006C,0,-5.564294,0.2057078331708908,0.7279999852180481,0.28110000491142273
YNR006W,YDR485C,0,-5.5652475,0.2056497186422348,0.7279999852180481,0.28119999170303345
YJR069C,YLR079W,0,-5.5652757,0.20559163391590118,0.7279999852180481,0.28130000829696655
YNL151C,YBR253W,0,-5.5654454,0.20553359389305115,0.7279999852180481,0.28139999508857727
YGL244W,YDR451C,0,-5.5658126,0.2054755836725235,0.7279999852180481,0.2815000116825104
YBR073W,YJL025W,0,-5.565833,0.20541760325431824,0.7279999852180481,0.2815999984741211
YOR028C,YOR008C,0,-5.5658445,0.20535966753959656,0.7279999852180481,0.2816999852657318
YOR133W,YFR037C,0,-5.5658712,0.20530174672603607,0.7279999852180481,0.2818000018596649
YBR034C,YKL214C,1,-5.56592,0.20552580058574677,0.7289999723434448,0.2818000018596649
YOR216C,YOR230W,0,-5.5660343,0.20546786487102509,0.7289999723434448,0.28189998865127563
YOR043W,YLR466W,0,-5.566179,0.205409973859787,0.7289999723434448,0.28200000524520874
YOL017W,YDR194C,0,-5.5666103,0.20535211265087128,0.7289999723434448,0.28209999203681946
YKR042W,YPL041C,0,-5.5674706,0.20529428124427795,0.7289999723434448,0.28220000863075256
YLR430W,YJR010C-A,0,-5.567664,0.20523647964000702,0.7289999723434448,0.2822999954223633
YGR195W,YGR212W,0,-5.5680256,0.20517872273921967,0.7289999723434448,0.2824000120162964
YOR328W,YPR186C,0,-5.568184,0.2051209956407547,0.7289999723434448,0.2824999988079071
YER068W,YJL129C,0,-5.569269,0.20506329834461212,0.7289999723434448,0.2825999855995178
YMR116C,YOL020W,0,-5.5693526,0.20500563085079193,0.7289999723434448,0.2827000021934509
YKL068W,YMR273C,1,-5.569412,0.20522911846637726,0.7300000190734863,0.2827000021934509
YJR073C,YBL050W,0,-5.569462,0.20517145097255707,0.7300000190734863,0.28279998898506165
YGL247W,YDR192C,1,-5.5698686,0.20539477467536926,0.7310000061988831,0.28279998898506165
YJR031C,YDR181C,0,-5.5704784,0.20533707737922668,0.7310000061988831,0.28290000557899475
YMR055C,YMR270C,0,-5.570589,0.2052794098854065,0.7310000061988831,0.28299999237060547
YGL144C,YER087C-A,0,-5.5706015,0.20522178709506989,0.7310000061988831,0.2831000089645386
YBR021W,YJL140W,1,-5.57098,0.2054448425769806,0.7319999933242798,0.2831000089645386
YCL051W,YKL200C,0,-5.5712395,0.2053872048854828,0.7319999933242798,0.2831999957561493
YDR142C,YBL105C,0,-5.571999,0.20532959699630737,0.7319999933242798,0.2833000123500824
YMR023C,YJL179W,0,-5.5723267,0.20527201890945435,0.7319999933242798,0.2833999991416931
YMR004W,YEL051W,0,-5.5726337,0.2052144706249237,0.7319999933242798,0.28349998593330383
YKL059C,YDR464W,0,-5.5728383,0.20515695214271545,0.7319999933242798,0.28360000252723694
YOR103C,YNL267W,0,-5.5729456,0.2050994634628296,0.7319999933242798,0.28369998931884766
YGL112C,YDR400W,0,-5.573333,0.2050420194864273,0.7319999933242798,0.28380000591278076
YJL073W,YNL323W,0,-5.5741453,0.2049846053123474,0.7319999933242798,0.2838999927043915
YPR122W,YJL045W,0,-5.5742702,0.2049272060394287,0.7319999933242798,0.2840000092983246
YNR035C,YPR086W,0,-5.5743866,0.2048698514699936,0.7319999933242798,0.2840999960899353
YOL001W,YGR048W,0,-5.5750375,0.20481254160404205,0.7319999933242798,0.2842000126838684
YPR019W,YGL061C,0,-5.575278,0.2047552466392517,0.7319999933242798,0.2842999994754791
YAL042W,YBL046W,0,-5.5753813,0.20469798147678375,0.7319999933242798,0.28439998626708984
YJL003W,YKL008C,0,-5.5755696,0.20464076101779938,0.7319999933242798,0.28450000286102295
YJR097W,YHR204W,0,-5.5756855,0.2045835703611374,0.7319999933242798,0.28459998965263367
YOR298C-A,YDR469W,0,-5.575875,0.2045264095067978,0.7319999933242798,0.2847000062465668
YNR016C,YML126C,0,-5.575998,0.20446927845478058,0.7319999933242798,0.2847999930381775
YDL226C,YDR501W,0,-5.576656,0.20441217720508575,0.7319999933242798,0.2849000096321106
YLR293C,YPR137W,0,-5.577152,0.20435510575771332,0.7319999933242798,0.2849999964237213
YNL236W,YPL176C,0,-5.57761,0.20429807901382446,0.7319999933242798,0.2851000130176544
YGR252W,YMR054W,0,-5.5779824,0.2042410671710968,0.7319999933242798,0.28519999980926514
YPR105C,YPL130W,0,-5.578682,0.20418410003185272,0.7319999933242798,0.28529998660087585
YCL004W,YML025C,0,-5.578788,0.20412716269493103,0.7319999933242798,0.28540000319480896
YOR198C,YHR020W,0,-5.578813,0.20407025516033173,0.7319999933242798,0.2854999899864197
YJL074C,YDR135C,0,-5.578949,0.2040133774280548,0.7319999933242798,0.2856000065803528
YJL072C,YIL075C,0,-5.579004,0.20395652949810028,0.7319999933242798,0.2856999933719635
YPR182W,YAR042W,0,-5.5792,0.20389972627162933,0.7319999933242798,0.2858000099658966
YPR131C,YOL105C,0,-5.5796833,0.20384293794631958,0.7319999933242798,0.2858999967575073
YGL174W,YER105C,1,-5.5798783,0.20406459271907806,0.7329999804496765,0.2858999967575073
YOR326W,YGL246C,0,-5.580351,0.20400778949260712,0.7329999804496765,0.28600001335144043
YKL005C,YPL055C,0,-5.58079,0.20395103096961975,0.7329999804496765,0.28610000014305115
YOL090W,YCR033W,0,-5.5812645,0.20389430224895477,0.7329999804496765,0.28619998693466187
YKR048C,YEL012W,0,-5.5814724,0.20383760333061218,0.7329999804496765,0.28630000352859497
YNL051W,YOL102C,0,-5.5815578,0.20378093421459198,0.7329999804496765,0.2863999903202057
YLR158C,YBL099W,0,-5.581685,0.20372429490089417,0.7329999804496765,0.2865000069141388
YNL142W,YAL068C,0,-5.581767,0.20366768538951874,0.7329999804496765,0.2865999937057495
YLL018C-A,YER075C,0,-5.582038,0.2036111056804657,0.7329999804496765,0.2867000102996826
YDR040C,YDR451C,0,-5.582284,0.20355457067489624,0.7329999804496765,0.28679999709129333
YOR038C,YMR204C,0,-5.5836487,0.20349805057048798,0.7329999804496765,0.28690001368522644
YNL051W,YKL170W,0,-5.5837355,0.2034415751695633,0.7329999804496765,0.28700000047683716
YNL328C,YFR005C,0,-5.583791,0.203385129570961,0.7329999804496765,0.2870999872684479
YPL266W,YBL016W,0,-5.584515,0.2033287137746811,0.7329999804496765,0.287200003862381
YOR058C,YDR243C,0,-5.585042,0.20327232778072357,0.7329999804496765,0.2872999906539917
YPR201W,YML025C,0,-5.5852394,0.20321597158908844,0.7329999804496765,0.2874000072479248
YPR128C,YDR138W,1,-5.585312,0.20343680679798126,0.734000027179718,0.2874000072479248
YOR030W,YNL290W,0,-5.5856028,0.20338043570518494,0.734000027179718,0.2874999940395355
YHR011W,YHR065C,0,-5.5859714,0.203324094414711,0.734000027179718,0.28760001063346863
YDR060W,YJL191W,0,-5.5862775,0.20326779782772064,0.734000027179718,0.28769999742507935
YDR365C,YJL198W,0,-5.5864253,0.20321151614189148,0.734000027179718,0.28780001401901245
YER094C,YGR054W,0,-5.5864716,0.2031552791595459,0.734000027179718,0.28790000081062317
YEL050C,YIL147C,0,-5.5878787,0.2030990570783615,0.734000027179718,0.2879999876022339
YBL006C,YDL065C,0,-5.588957,0.2030428797006607,0.734000027179718,0.288100004196167
YJR050W,YCR083W,0,-5.589112,0.2029867321252823,0.734000027179718,0.2881999909877777
YHL002W,YLR096W,0,-5.5893345,0.20293059945106506,0.734000027179718,0.2883000075817108
YGR200C,YMR179W,0,-5.5894504,0.20287451148033142,0.734000027179718,0.28839999437332153
YPL096C-A,YGL098W,0,-5.590768,0.20281845331192017,0.734000027179718,0.28850001096725464
YLR266C,YLR378C,0,-5.590808,0.2027624249458313,0.734000027179718,0.28859999775886536
YPL012W,YMR266W,0,-5.5910354,0.202706441283226,0.734000027179718,0.28870001435279846
YER110C,YBR237W,0,-5.5913973,0.20265047252178192,0.734000027179718,0.2888000011444092
YML077W,YOL122C,0,-5.5917435,0.20259453356266022,0.734000027179718,0.2888999879360199
YHR118C,YIL173W,0,-5.592244,0.2025386244058609,0.734000027179718,0.289000004529953
YBR021W,YBR034C,1,-5.5922666,0.20275862514972687,0.7350000143051147,0.289000004529953
YHR116W,YAL033W,0,-5.5932207,0.20270270109176636,0.7350000143051147,0.2890999913215637
YGR060W,YOR361C,0,-5.593433,0.20264682173728943,0.7350000143051147,0.2892000079154968
YLR451W,YMR097C,0,-5.5934796,0.2025909572839737,0.7350000143051147,0.28929999470710754
YER112W,YEL020W-A,0,-5.5937486,0.20253513753414154,0.7350000143051147,0.28940001130104065
YER145C,YHR072W-A,0,-5.5938616,0.20247933268547058,0.7350000143051147,0.28949999809265137
YDR072C,YFL005W,0,-5.5938764,0.2024235725402832,0.7350000143051147,0.2896000146865845
YMR076C,YDR495C,0,-5.594977,0.2023678421974182,0.7350000143051147,0.2897000014781952
YBR233W-A,YDR080W,0,-5.59504,0.2023121416568756,0.7350000143051147,0.2897999882698059
YLL008W,YDR224C,0,-5.5951743,0.2022564709186554,0.7350000143051147,0.289900004863739
YJR069C,YNL250W,0,-5.5956736,0.20220082998275757,0.7350000143051147,0.28999999165534973
YGL144C,YKL178C,0,-5.595901,0.20214521884918213,0.7350000143051147,0.29010000824928284
YKL057C,YOL072W,1,-5.5963964,0.20236457884311676,0.7360000014305115,0.29010000824928284
YCL025C,YPL231W,0,-5.596586,0.20230896770954132,0.7360000014305115,0.29019999504089355
YGR230W,YBR215W,0,-5.5966253,0.20225337147712708,0.7360000014305115,0.29030001163482666
YJL031C,YPR162C,0,-5.5970306,0.20219780504703522,0.7360000014305115,0.2903999984264374
YJL031C,YKR038C,0,-5.597126,0.20214226841926575,0.7360000014305115,0.2904999852180481
YPR031W,YBR154C,0,-5.5976257,0.20208676159381866,0.7360000014305115,0.2906000018119812
YFR050C,YLR105C,0,-5.598357,0.20203129947185516,0.7360000014305115,0.2906999886035919
YBR065C,YBL023C,0,-5.5985003,0.20197585225105286,0.7360000014305115,0.290800005197525
YNL293W,YPL093W,0,-5.598717,0.20192043483257294,0.7360000014305115,0.29089999198913574
YDR043C,YJR086W,0,-5.5990725,0.2018650621175766,0.7360000014305115,0.29100000858306885
YKL057C,YML107C,1,-5.5996313,0.20208390057086945,0.7369999885559082,0.29100000858306885
YBR023C,YPR073C,0,-5.5998507,0.20202851295471191,0.7369999885559082,0.29109999537467957
YAL024C,YPL112C,0,-5.599865,0.20197314023971558,0.7369999885559082,0.29120001196861267
YFR041C,YJR070C,0,-5.6005735,0.20191781222820282,0.7369999885559082,0.2912999987602234
YNL250W,YLR249W,0,-5.600895,0.20186249911785126,0.7369999885559082,0.2913999855518341
YGR147C,YLR453C,0,-5.6011534,0.20180723071098328,0.7369999885559082,0.2915000021457672
YDL220C,YOL093W,0,-5.601265,0.20175199210643768,0.7369999885559082,0.29159998893737793
YGL061C,YGL255W,0,-5.601394,0.20169676840305328,0.7369999885559082,0.29170000553131104
YJL031C,YDR280W,0,-5.60199,0.20164158940315247,0.7369999885559082,0.29179999232292175
YKL007W,YGL020C,0,-5.602824,0.20158644020557404,0.7369999885559082,0.29190000891685486
YDR501W,YLR340W,0,-5.603198,0.2015313059091568,0.7369999885559082,0.2919999957084656
YFL025C,YNL291C,0,-5.6033163,0.20147621631622314,0.7369999885559082,0.2921000123023987
YOR310C,YMR263W,0,-5.6039233,0.20142115652561188,0.7369999885559082,0.2921999990940094
YMR308C,YJL140W,1,-5.6043673,0.2016393393278122,0.7379999756813049,0.2921999990940094
YHR088W,YOR069W,0,-5.604393,0.20158426463603973,0.7379999756813049,0.2922999858856201
YLR310C,YDR342C,0,-5.6045685,0.20152921974658966,0.7379999756813049,0.2924000024795532
YMR275C,YPL043W,0,-5.6047487,0.20147420465946198,0.7379999756813049,0.29249998927116394
YLL042C,YIL126W,0,-5.6049695,0.20141921937465668,0.7379999756813049,0.29260000586509705
YPL195W,YPR032W,0,-5.6051846,0.20136426389217377,0.7379999756813049,0.29269999265670776
YFR034C,YNR013C,0,-5.6065583,0.20130932331085205,0.7379999756813049,0.29280000925064087
YGR217W,YEL054C,0,-5.6076226,0.20125442743301392,0.7379999756813049,0.2928999960422516
YMR287C,YNL135C,0,-5.607815,0.20119956135749817,0.7379999756813049,0.2930000126361847
YDL117W,YOL128C,0,-5.608074,0.2011447250843048,0.7379999756813049,0.2930999994277954
YDR108W,YMR073C,0,-5.608366,0.20108991861343384,0.7379999756813049,0.29319998621940613
YBR236C,YMR093W,0,-5.6085954,0.20103514194488525,0.7379999756813049,0.29330000281333923
YLL035W,YKR072C,0,-5.6088953,0.20098039507865906,0.7379999756813049,0.29339998960494995
YOR074C,YKL046C,0,-5.609357,0.20092567801475525,0.7379999756813049,0.29350000619888306
YDR173C,YDR165W,0,-5.6094966,0.20087099075317383,0.7379999756813049,0.2935999929904938
YDR378C,YGL205W,0,-5.609976,0.2008163332939148,0.7379999756813049,0.2937000095844269
YMR211W,YLR425W,0,-5.61044,0.20076169073581696,0.7379999756813049,0.2937999963760376
YJR057W,YDL224C,0,-5.610615,0.2007070928812027,0.7379999756813049,0.2939000129699707
YGR041W,YNL038W,0,-5.6110706,0.20065252482891083,0.7379999756813049,0.2939999997615814
YKL186C,YGL097W,1,-5.611517,0.20086979866027832,0.7390000224113464,0.2939999997615814
YPR199C,YML113W,0,-5.6118946,0.20081521570682526,0.7390000224113464,0.29409998655319214
YOL001W,YOR230W,0,-5.6127996,0.20076066255569458,0.7390000224113464,0.29420000314712524
YPR128C,YMR047C,1,-5.6128855,0.20097772777080536,0.7400000095367432,0.29420000314712524
YDR398W,YOR068C,0,-5.61307,0.2009231597185135,0.7400000095367432,0.29429998993873596
YGR247W,YFL018C,0,-5.614418,0.200868621468544,0.7400000095367432,0.29440000653266907
YDL088C,YBR021W,1,-5.615282,0.20108547806739807,0.7409999966621399,0.29440000653266907
YPR200C,YPL083C,0,-5.6157913,0.2010309249162674,0.7409999966621399,0.2944999933242798
YBR233W-A,YGL067W,0,-5.615984,0.2009764015674591,0.7409999966621399,0.2946000099182129
YGL106W,YDR484W,0,-5.6165714,0.2009219080209732,0.7409999966621399,0.2946999967098236
YOL006C,YIL031W,0,-5.6167755,0.2008674442768097,0.7409999966621399,0.2948000133037567
YLR181C,YLL012W,0,-5.6169496,0.20081301033496857,0.7409999966621399,0.29490000009536743
YOR133W,YBR198C,0,-5.617853,0.20075860619544983,0.7409999966621399,0.29499998688697815
YIL085C,YOR305W,0,-5.617992,0.20070423185825348,0.7409999966621399,0.29510000348091125
YDR174W,YDR217C,0,-5.6181946,0.20064987242221832,0.7409999966621399,0.295199990272522
YGL171W,YLR455W,0,-5.618517,0.20059555768966675,0.7409999966621399,0.2953000068664551
YIL046W,YEL060C,0,-5.618965,0.20054127275943756,0.7409999966621399,0.2953999936580658
YCL059C,YNR043W,0,-5.619215,0.20048701763153076,0.7409999966621399,0.2955000102519989
YHR204W,YLR301W,0,-5.619261,0.20043277740478516,0.7409999966621399,0.2955999970436096
YKL004W,YKL093W,0,-5.620257,0.20037858188152313,0.7409999966621399,0.2957000136375427
YMR059W,YDR407C,0,-5.620662,0.2003244161605835,0.7409999966621399,0.29580000042915344
YIL068C,YBL007C,0,-5.62079,0.20027026534080505,0.7409999966621399,0.29589998722076416
YOR265W,YBL025W,0,-5.620942,0.2002161592245102,0.7409999966621399,0.29600000381469727
YOR209C,YJL108C,0,-5.621215,0.20016206800937653,0.7409999966621399,0.296099990606308
YIL065C,YML060W,0,-5.621288,0.20010802149772644,0.7409999966621399,0.2962000072002411
YBL009W,YHR081W,0,-5.621335,0.20005398988723755,0.7409999966621399,0.2962999939918518
YBR247C,YDL140C,0,-5.621872,0.20000000298023224,0.7409999966621399,0.2964000105857849
YIL070C,YOL142W,0,-5.6225834,0.19994603097438812,0.7409999966621399,0.29649999737739563
YMR202W,YPL253C,0,-5.6227016,0.1998920887708664,0.7409999966621399,0.29660001397132874
YJR068W,YOL066C,0,-5.623106,0.19983819127082825,0.7409999966621399,0.29670000076293945
YDR079C-A,YGL210W,0,-5.623182,0.1997843086719513,0.7409999966621399,0.29679998755455017
YGL027C,YGR281W,0,-5.6239424,0.19973045587539673,0.7409999966621399,0.2969000041484833
YER036C,YGL216W,0,-5.6244164,0.19967663288116455,0.7409999966621399,0.296999990940094
YPL125W,YOL125W,0,-5.6247635,0.19962283968925476,0.7409999966621399,0.2971000075340271
YMR033W,YPL011C,0,-5.6259813,0.19956907629966736,0.7409999966621399,0.2971999943256378
YAR014C,YHR204W,0,-5.626007,0.19951534271240234,0.7409999966621399,0.2973000109195709
YGL222C,YDR517W,0,-5.6260395,0.19946163892745972,0.7409999966621399,0.29739999771118164
YJR144W,YPL258C,0,-5.6262374,0.19940796494483948,0.7409999966621399,0.29750001430511475
YDL198C,YHR167W,1,-5.6264367,0.19962334632873535,0.7419999837875366,0.29750001430511475
YDR043C,YOR014W,0,-5.6265855,0.19956965744495392,0.7419999837875366,0.29760000109672546
YJL148W,YCL063W,0,-5.6266837,0.19951599836349487,0.7419999837875366,0.2976999878883362
YKL182W,YKR028W,0,-5.6273484,0.19946236908435822,0.7419999837875366,0.2978000044822693
YKL054C,YGL257C,0,-5.6273766,0.19940875470638275,0.7419999837875366,0.29789999127388
YNL272C,YDR088C,0,-5.6278105,0.19935518503189087,0.7419999837875366,0.2980000078678131
YBL105C,YPL036W,0,-5.628444,0.19930164515972137,0.7419999837875366,0.29809999465942383
YBR172C,YDR495C,0,-5.628664,0.19924812018871307,0.7419999837875366,0.29820001125335693
YFL009W,YLR262C,0,-5.629011,0.19919462502002716,0.7419999837875366,0.29829999804496765
YER028C,YPR181C,0,-5.6290455,0.19914117455482483,0.7419999837875366,0.29840001463890076
YMR184W,YLR435W,0,-5.629428,0.1990877389907837,0.7419999837875366,0.2985000014305115
YOR279C,YOR224C,0,-5.6294336,0.19903433322906494,0.7419999837875366,0.2985999882221222
YPR128C,YBL030C,1,-5.6299,0.19924913346767426,0.7429999709129333,0.2985999882221222
YGR097W,YOL028C,0,-5.629964,0.1991957128047943,0.7429999709129333,0.2987000048160553
YOR033C,YDR494W,0,-5.630066,0.19914232194423676,0.7429999709129333,0.298799991607666
YLR347C,YGL011C,0,-5.630264,0.1990889608860016,0.7429999709129333,0.2989000082015991
YNL206C,YGL233W,0,-5.63072,0.1990356296300888,0.7429999709129333,0.29899999499320984
YIL065C,YGR281W,0,-5.6310654,0.1989823281764984,0.7429999709129333,0.29910001158714294
YML121W,YFR029W,0,-5.6312056,0.1989290565252304,0.7429999709129333,0.29919999837875366
YFR027W,YBR275C,0,-5.6312227,0.1988757997751236,0.7429999709129333,0.2992999851703644
YGL051W,YKL196C,0,-5.6314116,0.19882258772850037,0.7429999709129333,0.2994000017642975
YLR295C,YDR372C,0,-5.631505,0.19876939058303833,0.7429999709129333,0.2994999885559082
YOR334W,YDL105W,0,-5.631786,0.19871623814105988,0.7429999709129333,0.2996000051498413
YJR059W,YLL040C,0,-5.6318154,0.19866310060024261,0.7429999709129333,0.299699991941452
YDL046W,YAL011W,0,-5.631915,0.19860999286174774,0.7429999709129333,0.29980000853538513
YDL045C,YDR200C,0,-5.6319437,0.19855691492557526,0.7429999709129333,0.29989999532699585
YNL167C,YPL210C,0,-5.632077,0.19850386679172516,0.7429999709129333,0.30000001192092896
YGL021W,YHR107C,0,-5.6324387,0.19845084846019745,0.7429999709129333,0.3000999987125397
YDL117W,YKR048C,0,-5.6329694,0.19839785993099213,0.7429999709129333,0.3001999855041504
YKL032C,YHR020W,0,-5.6329913,0.1983449012041092,0.7429999709129333,0.3003000020980835
YKL048C,YLR214W,0,-5.633709,0.19829197227954865,0.7429999709129333,0.3003999888896942
YCR084C,YJR049C,0,-5.633957,0.1982390582561493,0.7429999709129333,0.3005000054836273
YGR218W,YKR002W,1,-5.634112,0.1984529197216034,0.7440000176429749,0.3005000054836273
YLR210W,YOR159C,0,-5.634427,0.19840000569820404,0.7440000176429749,0.30059999227523804
YDL008W,YDL005C,0,-5.634931,0.19834710657596588,0.7440000176429749,0.30070000886917114
YHR158C,YDR386W,0,-5.635064,0.1982942372560501,0.7440000176429749,0.30079999566078186
YML042W,YLR034C,0,-5.6351633,0.19824141263961792,0.7440000176429749,0.30090001225471497
YOR031W,YKL176C,0,-5.6351795,0.19818860292434692,0.7440000176429749,0.3009999990463257
YEL029C,YER127W,0,-5.635313,0.19813582301139832,0.7440000176429749,0.3010999858379364
YPL254W,YOR332W,0,-5.6353297,0.1980830729007721,0.7440000176429749,0.3012000024318695
YLR025W,YJR007W,0,-5.635331,0.19803033769130707,0.7440000176429749,0.3012999892234802
YNL006W,YBR175W,0,-5.6355863,0.19797764718532562,0.7440000176429749,0.30140000581741333
YDL093W,YPL163C,0,-5.635924,0.19792498648166656,0.7440000176429749,0.30149999260902405
YBL047C,YLR095C,0,-5.6359253,0.1978723406791687,0.7440000176429749,0.30160000920295715
YLR078C,YBL051C,0,-5.636238,0.19781972467899323,0.7440000176429749,0.30169999599456787
YER178W,YCL054W,0,-5.636884,0.19776713848114014,0.7440000176429749,0.301800012588501
YOR236W,YEL017C-A,0,-5.6372213,0.19771458208560944,0.7440000176429749,0.3018999993801117
YOR180C,YNL001W,0,-5.6379356,0.19766205549240112,0.7440000176429749,0.3019999861717224
YBR154C,YNL273W,0,-5.6385145,0.1976095587015152,0.7440000176429749,0.3021000027656555
YOL001W,YJL166W,0,-5.6385174,0.19755709171295166,0.7440000176429749,0.30219998955726624
YOL017W,YKL056C,0,-5.6387577,0.19750463962554932,0.7440000176429749,0.30230000615119934
YHR092C,YKL141W,0,-5.6387973,0.19745223224163055,0.7440000176429749,0.30239999294281006
YPL213W,YPL164C,0,-5.6388226,0.19739983975887299,0.7440000176429749,0.30250000953674316
YGL222C,YMR186W,0,-5.6394634,0.1973474770784378,0.7440000176429749,0.3025999963283539
YPL122C,YIL056W,0,-5.6394777,0.197295144200325,0.7440000176429749,0.302700012922287
YMR231W,YER008C,0,-5.6397114,0.1972428411245346,0.7440000176429749,0.3027999997138977
YNL172W,YGL016W,0,-5.6398735,0.1971905678510666,0.7440000176429749,0.3028999865055084
YOR140W,YDR449C,0,-5.64021,0.19713830947875977,0.7440000176429749,0.30300000309944153
YGR119C,YMR273C,1,-5.6407046,0.19735099375247955,0.7450000047683716,0.30300000309944153
YMR255W,YMR273C,1,-5.6408806,0.1975635588169098,0.7459999918937683,0.30300000309944153
YML077W,YDL007W,0,-5.6409335,0.19751125574111938,0.7459999918937683,0.30309998989105225
YOR028C,YIR011C,0,-5.6410885,0.19745896756649017,0.7459999918937683,0.30320000648498535
YIL013C,YKL043W,0,-5.641292,0.19740672409534454,0.7459999918937683,0.30329999327659607
YGL005C,YLR176C,0,-5.6414165,0.1973544955253601,0.7459999918937683,0.3034000098705292
YGR199W,YER160C,0,-5.6416836,0.19730229675769806,0.7459999918937683,0.3034999966621399
YNL006W,YPL002C,0,-5.641779,0.1972501277923584,0.7459999918937683,0.303600013256073
YPR162C,YML092C,0,-5.6420155,0.19719798862934113,0.7459999918937683,0.3037000000476837
YNL233W,YGR072W,0,-5.6420946,0.19714587926864624,0.7459999918937683,0.30379998683929443
YDR503C,YDR135C,0,-5.6427417,0.19709378480911255,0.7459999918937683,0.30390000343322754
YNR044W,YGL126W,0,-5.6444616,0.19704173505306244,0.7459999918937683,0.30399999022483826
YNL232W,YKL145W,0,-5.644703,0.19698970019817352,0.7459999918937683,0.30410000681877136
YDL111C,YDR011W,0,-5.64509,0.196937695145607,0.7459999918937683,0.3041999936103821
YJL134W,YOR341W,0,-5.6452894,0.19688571989536285,0.7459999918937683,0.3043000102043152
YPL233W,YFL045C,0,-5.6464195,0.1968337744474411,0.7459999918937683,0.3043999969959259
YEL034W,YCL019W,0,-5.646618,0.19678185880184174,0.7459999918937683,0.304500013589859
YIR021W,YLR107W,0,-5.647085,0.19672995805740356,0.7459999918937683,0.3046000003814697
YNR011C,YPR074C,0,-5.6474814,0.19667808711528778,0.7459999918937683,0.30469998717308044
YKR048C,YIR041W,0,-5.6477833,0.19662624597549438,0.7459999918937683,0.30480000376701355
YOR026W,YHR118C,0,-5.6480284,0.19657443463802338,0.7459999918937683,0.30489999055862427
YLR095C,YDR251W,0,-5.648035,0.19652265310287476,0.7459999918937683,0.3050000071525574
YML076C,YLR467W,0,-5.6486816,0.19647090137004852,0.7459999918937683,0.3050999939441681
YPR108W,YLR430W,0,-5.6489496,0.19641916453838348,0.7459999918937683,0.3052000105381012
YCL051W,YDR478W,0,-5.6490345,0.19636747241020203,0.7459999918937683,0.3052999973297119
YLR165C,YER171W,0,-5.649211,0.19631579518318176,0.7459999918937683,0.305400013923645
YLL022C,YMR050C,0,-5.6492667,0.1962641477584839,0.7459999918937683,0.30550000071525574
YKL029C,YLR066W,0,-5.649479,0.1962125152349472,0.7459999918937683,0.30559998750686646
YGR230W,YOR056C,0,-5.650031,0.1961609274148941,0.7459999918937683,0.30570000410079956
YDL117W,YLR256W,0,-5.650551,0.1961093544960022,0.7459999918937683,0.3057999908924103
YBR009C,YLL024C,0,-5.6505737,0.19605781137943268,0.7459999918937683,0.3059000074863434
YIL143C,YOL128C,0,-5.6508684,0.19600631296634674,0.7459999918937683,0.3059999942779541
YER117W,YOR140W,0,-5.6509676,0.1959548145532608,0.7459999918937683,0.3061000108718872
YCR012W,YLR200W,0,-5.651234,0.19590336084365845,0.7459999918937683,0.3061999976634979
YDL014W,YKL197C,0,-5.6517386,0.19585193693637848,0.7459999918937683,0.30630001425743103
YEL061C,YHR050W,0,-5.6521616,0.1958005279302597,0.7459999918937683,0.30640000104904175
YFL055W,YDL047W,0,-5.652335,0.19574914872646332,0.7459999918937683,0.30649998784065247
YPL043W,YDR065W,0,-5.652601,0.19569779932498932,0.7459999918937683,0.30660000443458557
YPL202C,YBL014C,0,-5.652704,0.1956464797258377,0.7459999918937683,0.3066999912261963
YIL044C,YGL166W,0,-5.652878,0.1955951750278473,0.7459999918937683,0.3068000078201294
YNL153C,YNL317W,0,-5.6528964,0.19554390013217926,0.7459999918937683,0.3068999946117401
YNL298W,YML045W,0,-5.6546555,0.19549265503883362,0.7459999918937683,0.3070000112056732
YDR158W,YFR053C,0,-5.6548758,0.19544143974781036,0.7459999918937683,0.30709999799728394
YLR285W,YKL145W,0,-5.6551433,0.1953902542591095,0.7459999918937683,0.30720001459121704
YDL031W,YLR165C,0,-5.6552334,0.19533909857273102,0.7459999918937683,0.30730000138282776
YOR058C,YGR220C,0,-5.6552954,0.19528795778751373,0.7459999918937683,0.3073999881744385
YDL165W,YHL002W,0,-5.6558647,0.19523684680461884,0.7459999918937683,0.3075000047683716
YIR028W,YMR308C,1,-5.6566753,0.1954474151134491,0.746999979019165,0.3075000047683716
YDL105W,YLR079W,0,-5.6571054,0.195396289229393,0.746999979019165,0.3075999915599823
YIL009W,YDR142C,0,-5.6571064,0.1953451931476593,0.746999979019165,0.3077000081539154
YDR097C,YLR048W,0,-5.657283,0.1952941119670868,0.746999979019165,0.3077999949455261
YMR229C,YHL006C,0,-5.6575766,0.19524307548999786,0.746999979019165,0.30790001153945923
YDR138W,YIR005W,1,-5.657892,0.19545336067676544,0.7480000257492065,0.30790001153945923
YER040W,YHR172W,0,-5.658211,0.19540229439735413,0.7480000257492065,0.30799999833106995
YLR214W,YPR163C,0,-5.658433,0.1953512728214264,0.7480000257492065,0.30809998512268066
YHR148W,YCL061C,0,-5.6585703,0.19530026614665985,0.7480000257492065,0.30820000171661377
YBR029C,YKR031C,0,-5.658817,0.1952492892742157,0.7480000257492065,0.3082999885082245
YJR132W,YNL044W,0,-5.658881,0.19519832730293274,0.7480000257492065,0.3084000051021576
YNL314W,YNL016W,0,-5.6590548,0.19514741003513336,0.7480000257492065,0.3084999918937683
YOR363C,YJR007W,0,-5.6591096,0.19509650766849518,0.7480000257492065,0.3086000084877014
YMR129W,YPR080W,1,-5.6601286,0.19530639052391052,0.7490000128746033,0.3086000084877014
YGR267C,YJL134W,0,-5.660703,0.19525547325611115,0.7490000128746033,0.30869999527931213
YMR192W,YLR055C,0,-5.6608424,0.19520458579063416,0.7490000128746033,0.30880001187324524
YLR330W,YKL081W,0,-5.6615624,0.19515372812747955,0.7490000128746033,0.30889999866485596
YJL003W,YDL101C,0,-5.661646,0.19510288536548615,0.7490000128746033,0.3089999854564667
YOL065C,YLR176C,0,-5.6619325,0.19505208730697632,0.7490000128746033,0.3091000020503998
YCL024W,YOR075W,0,-5.6619854,0.19500130414962769,0.7490000128746033,0.3091999888420105
YLR266C,YLR264W,0,-5.662201,0.19495055079460144,0.7490000128746033,0.3093000054359436
YGL016W,YBR221C,0,-5.6622434,0.1948998123407364,0.7490000128746033,0.3093999922275543
YBR177C,YDR212W,0,-5.6623845,0.19484911859035492,0.7490000128746033,0.3095000088214874
YBL047C,YKL008C,0,-5.6628027,0.19479843974113464,0.7490000128746033,0.30959999561309814
YBR131W,YGR220C,0,-5.6632886,0.19474779069423676,0.7490000128746033,0.30970001220703125
YDL036C,YMR260C,0,-5.6641164,0.19469717144966125,0.7490000128746033,0.30979999899864197
YKL005C,YML124C,0,-5.6646147,0.19464656710624695,0.7490000128746033,0.3098999857902527
YBL079W,YGL097W,1,-5.664762,0.19485580921173096,0.75,0.3098999857902527
YBL099W,YGL168W,0,-5.664997,0.19480518996715546,0.75,0.3100000023841858
YJL030W,YKL196C,0,-5.665997,0.19475461542606354,0.75,0.3100999891757965
YNL304W,YDR065W,0,-5.6671743,0.1947040557861328,0.75,0.3102000057697296
YOR298C-A,YIL173W,0,-5.66719,0.19465351104736328,0.75,0.31029999256134033
YPL237W,YLR466W,0,-5.6677313,0.19460301101207733,0.75,0.31040000915527344
YLR071C,YNL309W,0,-5.6682057,0.19455252587795258,0.75,0.31049999594688416
YKR008W,YKL014C,0,-5.668459,0.1945020705461502,0.75,0.31060001254081726
YHR026W,YMR101C,0,-5.669238,0.19445164501667023,0.75,0.310699999332428
YBR154C,YNL257C,0,-5.669505,0.19440124928951263,0.75,0.3107999861240387
YOR211C,YNL090W,0,-5.6698484,0.19435086846351624,0.75,0.3109000027179718
YAL053W,YJR119C,0,-5.670232,0.19430051743984222,0.75,0.3109999895095825
YER036C,YIR010W,0,-5.6704245,0.1942501962184906,0.75,0.3111000061035156
YMR001C,YPL022W,0,-5.6714935,0.19419988989830017,0.75,0.31119999289512634
YKL154W,YDR246W,0,-5.6719317,0.19414962828159332,0.75,0.31130000948905945
YBR250W,YDL159W,0,-5.6732645,0.19409938156604767,0.75,0.31139999628067017
YPR025C,YLR401C,0,-5.673306,0.1940491646528244,0.75,0.31150001287460327
YML102W,YIR023W,0,-5.673991,0.19399896264076233,0.75,0.311599999666214
YBR017C,YDL044C,0,-5.674635,0.19394879043102264,0.75,0.3116999864578247
YDL088C,YDR192C,1,-5.6752005,0.1941571831703186,0.7509999871253967,0.3116999864578247
YLR448W,YJL025W,0,-5.6753883,0.19410701096057892,0.7509999871253967,0.3118000030517578
YJL204C,YEL020W-A,0,-5.6756325,0.19405685365200043,0.7509999871253967,0.31189998984336853
YKL005C,YKL203C,0,-5.6761346,0.19400671124458313,0.7509999871253967,0.31200000643730164
YGR078C,YIR015W,0,-5.676937,0.19395661354064941,0.7509999871253967,0.31209999322891235
YGL191W,YGL136C,0,-5.677186,0.1939065307378769,0.7509999871253967,0.31220000982284546
YKL055C,YKR072C,0,-5.677371,0.19385647773742676,0.7509999871253967,0.3122999966144562
YJR078W,YBR121C,0,-5.677372,0.193806454539299,0.7509999871253967,0.3124000132083893
YOR030W,YPR083W,0,-5.6775026,0.19375644624233246,0.7509999871253967,0.3125
YKL213C,YKR048C,0,-5.678061,0.1937064677476883,0.7509999871253967,0.3125999867916107
YPL128C,YGR122W,0,-5.678243,0.19365651905536652,0.7509999871253967,0.3127000033855438
YPL018W,YNL131W,0,-5.6782856,0.19360660016536713,0.7509999871253967,0.31279999017715454
YBR129C,YIR026C,0,-5.6784554,0.19355669617652893,0.7509999871253967,0.31290000677108765
YPL231W,YDR477W,0,-5.678528,0.19350682199001312,0.7509999871253967,0.31299999356269836
YIL160C,YIR015W,0,-5.67877,0.1934569776058197,0.7509999871253967,0.31310001015663147
YIR025W,YOR279C,0,-5.6788573,0.19340716302394867,0.7509999871253967,0.3131999969482422
YOR157C,YIL023C,0,-5.6789684,0.19335736334323883,0.7509999871253967,0.3133000135421753
YMR168C,YGL005C,0,-5.679537,0.19330759346485138,0.7509999871253967,0.313400000333786
YPR075C,YLR020C,0,-5.6797285,0.19325785338878632,0.7509999871253967,0.31349998712539673
YPL266W,YPR008W,0,-5.680873,0.19320812821388245,0.7509999871253967,0.31360000371932983
YGL027C,YER126C,0,-5.6814847,0.19315843284130096,0.7509999871253967,0.31369999051094055
YJL170C,YJR025C,0,-5.6818476,0.19310876727104187,0.7509999871253967,0.31380000710487366
YBR021W,YHR167W,1,-5.6820416,0.19331619143486023,0.7519999742507935,0.31380000710487366
YCL025C,YIL013C,0,-5.68218,0.19326651096343994,0.7519999742507935,0.3138999938964844
YNL129W,YDR323C,0,-5.682825,0.19321686029434204,0.7519999742507935,0.3140000104904175
YLR433C,YGR042W,0,-5.683819,0.19316722452640533,0.7519999742507935,0.3140999972820282
YKL074C,YHR124W,0,-5.684094,0.19311761856079102,0.7519999742507935,0.3142000138759613
YHR055C,YBR152W,0,-5.684103,0.19306804239749908,0.7519999742507935,0.314300000667572
YGR217W,YCL019W,0,-5.684325,0.19301848113536835,0.7519999742507935,0.31439998745918274
YCR020W-B,YMR143W,0,-5.6844635,0.19296894967556,0.7519999742507935,0.31450000405311584
YOL059W,YLR086W,0,-5.68476,0.19291944801807404,0.7519999742507935,0.31459999084472656
YDR259C,YIR026C,0,-5.6849327,0.19286996126174927,0.7519999742507935,0.31470000743865967
YOR253W,YGR229C,0,-5.685071,0.19282051920890808,0.7519999742507935,0.3147999942302704
YPL255W,YGR042W,0,-5.6851645,0.1927710771560669,0.7519999742507935,0.3149000108242035
YOR038C,YDR205W,0,-5.6851926,0.1927216798067093,0.7519999742507935,0.3149999976158142
YPL118W,YDR464W,0,-5.6854815,0.19267229735851288,0.7519999742507935,0.3151000142097473
YBR195C,YMR305C,0,-5.685773,0.19262294471263885,0.7519999742507935,0.31520000100135803
YIL002C,YCL051W,0,-5.685938,0.19257362186908722,0.7519999742507935,0.31529998779296875
YKL139W,YLR007W,0,-5.6861467,0.19252432882785797,0.7519999742507935,0.31540000438690186
YPL208W,YDR477W,0,-5.6862936,0.19247505068778992,0.7519999742507935,0.3154999911785126
YNL270C,YPR095C,0,-5.686489,0.19242578744888306,0.7519999742507935,0.3156000077724457
YGL247W,YBR021W,1,-5.6869016,0.19263239204883575,0.753000020980835,0.3156000077724457
YGL241W,YDL064W,0,-5.6878014,0.1925831139087677,0.753000020980835,0.3156999945640564
YHR015W,YKL186C,1,-5.687913,0.19278956949710846,0.7540000081062317,0.3156999945640564
YOR269W,YLR467W,0,-5.688919,0.1927402913570404,0.7540000081062317,0.3158000111579895
YBR110W,YJR064W,0,-5.689282,0.19269102811813354,0.7540000081062317,0.3158999979496002
YML078W,YML043C,0,-5.6893625,0.19264179468154907,0.7540000081062317,0.3160000145435333
YBR158W,YLR337C,0,-5.6894073,0.192592591047287,0.7540000081062317,0.31610000133514404
YBL030C,YMR235C,1,-5.6897783,0.19279877841472626,0.7549999952316284,0.31610000133514404
YDL134C,YML091C,0,-5.6900516,0.19274955987930298,0.7549999952316284,0.31619998812675476
YJL071W,YFL021W,0,-5.6900816,0.1927003562450409,0.7549999952316284,0.31630000472068787
YPR057W,YLR023C,0,-5.6902695,0.1926511824131012,0.7549999952316284,0.3163999915122986
YHR091C,YBR048W,0,-5.6906843,0.1926020383834839,0.7549999952316284,0.3165000081062317
YPL082C,YJL002C,0,-5.691122,0.19255292415618896,0.7549999952316284,0.3165999948978424
YCR058C,YNL113W,0,-5.691122,0.19250382483005524,0.7549999952316284,0.3167000114917755
YDR143C,YDL229W,0,-5.6915383,0.1924547553062439,0.7549999952316284,0.31679999828338623
YPR120C,YER145C,0,-5.6916833,0.19240571558475494,0.7549999952316284,0.31690001487731934
YKL093W,YJR126C,0,-5.691687,0.19235669076442719,0.7549999952316284,0.31700000166893005
YGL016W,YOL020W,0,-5.6924987,0.19230769574642181,0.7549999952316284,0.31709998846054077
YOR310C,YLR033W,0,-5.6925025,0.19225871562957764,0.7549999952316284,0.3172000050544739
YER062C,YGL151W,0,-5.692905,0.19220978021621704,0.7549999952316284,0.3172999918460846
YLR016C,YML107C,1,-5.693386,0.19241537153720856,0.7559999823570251,0.3172999918460846
YDR227W,YGR111W,0,-5.6934633,0.19236640632152557,0.7559999823570251,0.3174000084400177
YNL164C,YHR200W,0,-5.694185,0.19231747090816498,0.7559999823570251,0.3174999952316284
YER073W,YOR084W,0,-5.694241,0.19226856529712677,0.7559999823570251,0.3176000118255615
YGL021W,YKL073W,0,-5.6954017,0.19221967458724976,0.7559999823570251,0.31769999861717224
YDR205W,YOR007C,0,-5.6961164,0.19217081367969513,0.7559999823570251,0.31779998540878296
YGL066W,YGR047C,0,-5.696209,0.1921219825744629,0.7559999823570251,0.31790000200271606
YMR266W,YLR006C,0,-5.6962285,0.19207316637039185,0.7559999823570251,0.3179999887943268
YAL026C,YDR260C,0,-5.69664,0.1920243799686432,0.7559999823570251,0.3181000053882599
YLR214W,YCR066W,0,-5.6971984,0.19197562336921692,0.7559999823570251,0.3181999921798706
YBL058W,YGL212W,0,-5.6972733,0.19192688167095184,0.7559999823570251,0.3183000087738037
YGL257C,YOL093W,0,-5.6977506,0.19187816977500916,0.7559999823570251,0.31839999556541443
YML067C,YDR545W,0,-5.69868,0.19182948768138885,0.7559999823570251,0.31850001215934753
YDL132W,YKR028W,0,-5.6987343,0.19178082048892975,0.7559999823570251,0.31859999895095825
YAL025C,YNL339C,0,-5.6991506,0.19173218309879303,0.7559999823570251,0.31869998574256897
YLR095C,YLR043C,0,-5.69923,0.1916835755109787,0.7559999823570251,0.3188000023365021
YKL204W,YHL027W,0,-5.699491,0.19163498282432556,0.7559999823570251,0.3188999891281128
YKL057C,YKR082W,1,-5.700606,0.19183984398841858,0.7570000290870667,0.3188999891281128
YKL004W,YML065W,0,-5.7007837,0.19179123640060425,0.7570000290870667,0.3190000057220459
YKL017C,YMR188C,0,-5.701085,0.1917426586151123,0.7570000290870667,0.3190999925136566
YGR199W,YMR134W,0,-5.701103,0.19169409573078156,0.7570000290870667,0.3192000091075897
YGR156W,YCL001W,0,-5.701519,0.1916455626487732,0.7570000290870667,0.31929999589920044
YJL003W,YGR186W,0,-5.7019396,0.19159705936908722,0.7570000290870667,0.31940001249313354
YGR091W,YLR383W,0,-5.7026625,0.19154858589172363,0.7570000290870667,0.31949999928474426
YBR131W,YGL168W,0,-5.7030716,0.19150012731552124,0.7570000290870667,0.319599986076355
YDR191W,YMR156C,0,-5.7032957,0.19145169854164124,0.7570000290870667,0.3197000026702881
YGL151W,YGR133W,0,-5.7036686,0.19140328466892242,0.7570000290870667,0.3197999894618988
YDR512C,YBR123C,0,-5.703783,0.191354900598526,0.7570000290870667,0.3199000060558319
YBR159W,YDR300C,0,-5.704094,0.19130654633045197,0.7570000290870667,0.3199999928474426
YDR108W,YNL332W,0,-5.704111,0.19125820696353912,0.7570000290870667,0.32010000944137573
YPR046W,YER029C,0,-5.7045593,0.19120989739894867,0.7570000290870667,0.32019999623298645
YPL084W,YGL211W,0,-5.7046795,0.1911616176366806,0.7570000290870667,0.32030001282691956
YPL256C,YOR208W,0,-5.7050076,0.19111335277557373,0.7570000290870667,0.3203999996185303
YJL076W,YJR141W,0,-5.7057705,0.19106511771678925,0.7570000290870667,0.320499986410141
YDL174C,YNL091W,0,-5.705913,0.19101691246032715,0.7570000290870667,0.3206000030040741
YIL150C,YOR145C,0,-5.706392,0.19096872210502625,0.7570000290870667,0.3206999897956848
YOL090W,YDR330W,0,-5.7069488,0.19092056155204773,0.7570000290870667,0.3208000063896179
YGL167C,YPR108W,0,-5.707172,0.1908724159002304,0.7570000290870667,0.32089999318122864
YGR156W,YBR258C,0,-5.7072315,0.19082430005073547,0.7570000290870667,0.32100000977516174
YLR223C,YCR014C,0,-5.7072425,0.19077621400356293,0.7570000290870667,0.32109999656677246
YDR329C,YDR463W,0,-5.7075577,0.19072814285755157,0.7570000290870667,0.32120001316070557
YBL051C,YLR066W,0,-5.707573,0.1906801015138626,0.7570000290870667,0.3212999999523163
YPL133C,YDL058W,0,-5.707821,0.19063208997249603,0.7570000290870667,0.321399986743927
YER154W,YML091C,0,-5.7078424,0.19058409333229065,0.7570000290870667,0.3215000033378601
YNL074C,YDR472W,0,-5.7078505,0.19053611159324646,0.7570000290870667,0.3215999901294708
YGR239C,YOL004W,0,-5.7082624,0.19048817455768585,0.7570000290870667,0.32170000672340393
YDR162C,YOR341W,0,-5.7083874,0.19044025242328644,0.7570000290870667,0.32179999351501465
YPR200C,YDL014W,0,-5.7092795,0.1903923600912094,0.7570000290870667,0.32190001010894775
YPL266W,YDL014W,0,-5.7096233,0.19034448266029358,0.7570000290870667,0.32199999690055847
YBL084C,YAL012W,0,-5.7099237,0.19029663503170013,0.7570000290870667,0.3221000134944916
YMR231W,YKL019W,0,-5.710931,0.19024880230426788,0.7570000290870667,0.3222000002861023
YEL018W,YDL109C,0,-5.7111173,0.19020099937915802,0.7570000290870667,0.322299987077713
YGL045W,YKL154W,0,-5.7111197,0.19015322625637054,0.7570000290870667,0.3224000036716461
YGL119W,YML048W,0,-5.711174,0.19010546803474426,0.7570000290870667,0.32249999046325684
YMR026C,YJL166W,0,-5.711317,0.19005773961544037,0.7570000290870667,0.32260000705718994
YDR524C,YBR155W,0,-5.7115173,0.19001004099845886,0.7570000290870667,0.32269999384880066
YDR379W,YGL049C,0,-5.711647,0.18996235728263855,0.7570000290870667,0.32280001044273376
YMR073C,YCL024W,0,-5.711852,0.18991470336914062,0.7570000290870667,0.3228999972343445
YHR007C,YBR093C,0,-5.711941,0.1898670643568039,0.7570000290870667,0.3230000138282776
YPL069C,YBR065C,0,-5.712019,0.18981945514678955,0.7570000290870667,0.3231000006198883
YGL035C,YNL283C,0,-5.7125955,0.1897718757390976,0.7570000290870667,0.323199987411499
YLR097C,YDL135C,0,-5.7127714,0.18972431123256683,0.7570000290870667,0.32330000400543213
YBR048W,YOL093W,0,-5.713516,0.18967677652835846,0.7570000290870667,0.32339999079704285
YPL048W,YPR104C,0,-5.713953,0.18962925672531128,0.7570000290870667,0.32350000739097595
YPR031W,YNL229C,0,-5.7151146,0.1895817667245865,0.7570000290870667,0.32359999418258667
YLR208W,YDR131C,0,-5.715783,0.18953430652618408,0.7570000290870667,0.3237000107765198
YPL082C,YML124C,0,-5.715787,0.18948686122894287,0.7570000290870667,0.3237999975681305
YGR097W,YCR065W,0,-5.716058,0.18943944573402405,0.7570000290870667,0.3239000141620636
YGL254W,YDR330W,0,-5.7161884,0.18939204514026642,0.7570000290870667,0.3240000009536743
YKL114C,YGR133W,0,-5.7163134,0.18934467434883118,0.7570000290870667,0.32409998774528503
YPL036W,YAL016W,0,-5.716812,0.18929731845855713,0.7570000290870667,0.32420000433921814
YBR195C,YOL011W,0,-5.716865,0.18925000727176666,0.7570000290870667,0.32429999113082886
YJL092W,YDR341C,0,-5.7173305,0.1892026960849762,0.7570000290870667,0.32440000772476196
YGL065C,YOR206W,0,-5.7180347,0.1891554296016693,0.7570000290870667,0.3244999945163727
YML059C,YBL033C,0,-5.718834,0.18910816311836243,0.7570000290870667,0.3246000111103058
YHL047C,YPL161C,0,-5.7198,0.18906094133853912,0.7570000290870667,0.3246999979019165
YHR043C,YKR022C,0,-5.719823,0.18901373445987701,0.7570000290870667,0.3248000144958496
YDL155W,YPL156C,0,-5.7200775,0.1889665573835373,0.7570000290870667,0.3249000012874603
YMR168C,YHR019C,0,-5.7201333,0.18891939520835876,0.7570000290870667,0.32499998807907104
YOR094W,YLL018C-A,0,-5.7205167,0.18887226283550262,0.7570000290870667,0.32510000467300415
YML103C,YKR002W,1,-5.7207136,0.1890745759010315,0.7580000162124634,0.32510000467300415
YPR108W,YER151C,0,-5.720725,0.18902742862701416,0.7580000162124634,0.32519999146461487
YDL159W,YBR273C,0,-5.721124,0.1889803111553192,0.7580000162124634,0.325300008058548
YGR289C,YFL038C,0,-5.7218156,0.18893319368362427,0.7580000162124634,0.3253999948501587
YDR318W,YIL016W,0,-5.7218294,0.1888861209154129,0.7580000162124634,0.3255000114440918
YPR082C,YIL122W,0,-5.721883,0.18883906304836273,0.7580000162124634,0.3255999982357025
YNR016C,YGR128C,0,-5.722091,0.18879203498363495,0.7580000162124634,0.3257000148296356
YOL112W,YGR179C,0,-5.7223015,0.18874502182006836,0.7580000162124634,0.32580000162124634
YLR106C,YNL070W,0,-5.722736,0.18869803845882416,0.7580000162124634,0.32589998841285706
YLR353W,YIR033W,0,-5.722844,0.18865106999874115,0.7580000162124634,0.32600000500679016
YBR233W-A,YOL125W,0,-5.722893,0.18860413134098053,0.7580000162124634,0.3260999917984009
YIL019W,YLR427W,0,-5.7234373,0.1885572075843811,0.7580000162124634,0.326200008392334
YEL015W,YGL004C,0,-5.7237816,0.18851031363010406,0.7580000162124634,0.3262999951839447
YPL022W,YMR134W,0,-5.724168,0.18846344947814941,0.7580000162124634,0.3264000117778778
YPR070W,YML098W,0,-5.7241697,0.18841660022735596,0.7580000162124634,0.3264999985694885
YDR085C,YDR217C,0,-5.724182,0.1883697807788849,0.7580000162124634,0.32659998536109924
YJR076C,YDL090C,0,-5.7243176,0.188322976231575,0.7580000162124634,0.32670000195503235
YHR001W-A,YLR167W,0,-5.724625,0.18827620148658752,0.7580000162124634,0.32679998874664307
YKR086W,YPL012W,0,-5.7252054,0.18822945654392242,0.7580000162124634,0.32690000534057617
YBL045C,YER117W,0,-5.725665,0.18818272650241852,0.7580000162124634,0.3269999921321869
YIL040W,YGL122C,1,-5.7261457,0.18838422000408173,0.7590000033378601,0.3269999921321869
YLR284C,YLR025W,0,-5.7262225,0.18833747506141663,0.7590000033378601,0.32710000872612
YDR283C,YML065W,0,-5.726858,0.18829074501991272,0.7590000033378601,0.3271999955177307
YPL265W,YPL270W,0,-5.726967,0.1882440447807312,0.7590000033378601,0.3273000121116638
YDR481C,YNL236W,0,-5.7271743,0.18819737434387207,0.7590000033378601,0.32739999890327454
YNL133C,YOR129C,0,-5.727707,0.18815071880817413,0.7590000033378601,0.32749998569488525
YEL037C,YER100W,0,-5.727975,0.18810409307479858,0.7590000033378601,0.32760000228881836
YBR034C,YMR273C,1,-5.7282896,0.18830525875091553,0.7599999904632568,0.32760000228881836
YPL112C,YER021W,0,-5.728307,0.1882586032152176,0.7599999904632568,0.3276999890804291
YOL076W,YOR087W,0,-5.7286983,0.18821199238300323,0.7599999904632568,0.3278000056743622
YOR328W,YMR054W,0,-5.72974,0.18816538155078888,0.7599999904632568,0.3278999924659729
YDR254W,YHR039C-A,0,-5.729785,0.1881188154220581,0.7599999904632568,0.328000009059906
YMR319C,YGL124C,0,-5.7299414,0.18807226419448853,0.7599999904632568,0.3280999958515167
YLR044C,YPR095C,0,-5.73048,0.18802572786808014,0.7599999904632568,0.32820001244544983
YNR002C,YLR167W,0,-5.730815,0.18797922134399414,0.7599999904632568,0.32829999923706055
YGR179C,YMR076C,0,-5.7308455,0.18793274462223053,0.7599999904632568,0.32839998602867126
YOR080W,YDL244W,0,-5.731593,0.1878862828016281,0.7599999904632568,0.32850000262260437
YIL009W,YLL017W,0,-5.731944,0.1878398358821869,0.7599999904632568,0.3285999894142151
YPL202C,YNR075W,0,-5.7328362,0.18779343366622925,0.7599999904632568,0.3287000060081482
YOL002C,YBR289W,0,-5.733751,0.1877470314502716,0.7599999904632568,0.3287999927997589
YNL073W,YPL094C,0,-5.73388,0.18770067393779755,0.7599999904632568,0.328900009393692
YBR049C,YLR193C,0,-5.7341943,0.1876543164253235,0.7599999904632568,0.32899999618530273
YHR120W,YCL019W,0,-5.7345715,0.187608003616333,0.7599999904632568,0.32910001277923584
YJL024C,YDR143C,0,-5.734637,0.18756169080734253,0.7599999904632568,0.32919999957084656
YLR052W,YLR212C,0,-5.7349005,0.18751542270183563,0.7599999904632568,0.3292999863624573
YDR191W,YNL273W,0,-5.735493,0.18746916949748993,0.7599999904632568,0.3294000029563904
YLR129W,YPL167C,0,-5.7359624,0.18742293119430542,0.7599999904632568,0.3294999897480011
YKR066C,YER074W-A,0,-5.7362633,0.1873767226934433,0.7599999904632568,0.3296000063419342
YFR033C,YER005W,0,-5.7370205,0.18733054399490356,0.7599999904632568,0.3296999931335449
YJL062W,YDR150W,0,-5.7371817,0.18728438019752502,0.7599999904632568,0.329800009727478
YCL034W,YBL011W,0,-5.737963,0.18723823130130768,0.7599999904632568,0.32989999651908875
YLR201C,YMR288W,0,-5.738223,0.18719211220741272,0.7599999904632568,0.33000001311302185
YDR463W,YML085C,0,-5.738241,0.18714602291584015,0.7599999904632568,0.33009999990463257
YBR131W,YKL195W,0,-5.738636,0.18709994852542877,0.7599999904632568,0.3301999866962433
YHR005C,YGL145W,0,-5.739172,0.18705390393733978,0.7599999904632568,0.3303000032901764
YHL031C,YKL042W,0,-5.7392707,0.187007874250412,0.7599999904632568,0.3303999900817871
YPR119W,YER173W,0,-5.739592,0.18696187436580658,0.7599999904632568,0.3305000066757202
YLR044C,YDL224C,0,-5.7398043,0.18691588938236237,0.7599999904632568,0.33059999346733093
YJL170C,YNL164C,0,-5.7400436,0.18686993420124054,0.7599999904632568,0.33070001006126404
YJL013C,YKR048C,0,-5.7405024,0.1868239939212799,0.7599999904632568,0.33079999685287476
YDR121W,YDL188C,0,-5.7408695,0.18677808344364166,0.7599999904632568,0.33090001344680786
YDR060W,YKL170W,0,-5.741212,0.1867321878671646,0.7599999904632568,0.3310000002384186
YGL155W,YIL084C,0,-5.74245,0.18668632209300995,0.7599999904632568,0.3310999870300293
YJL167W,YJR140C,0,-5.7426066,0.18664047122001648,0.7599999904632568,0.3312000036239624
YCL001W,YLR398C,0,-5.7429314,0.1865946501493454,0.7599999904632568,0.3312999904155731
YOR008C,YDL092W,0,-5.742943,0.1865488439798355,0.7599999904632568,0.3314000070095062
YKL092C,YDR440W,0,-5.7431774,0.186503067612648,0.7599999904632568,0.33149999380111694
YPL124W,YIL173W,0,-5.7433586,0.1864573061466217,0.7599999904632568,0.33160001039505005
YER030W,YKL179C,0,-5.7438774,0.18641157448291779,0.7599999904632568,0.33169999718666077
YMR208W,YBR102C,0,-5.744191,0.18636587262153625,0.7599999904632568,0.33180001378059387
YKL149C,YHR007C,0,-5.744634,0.18632017076015472,0.7599999904632568,0.3319000005722046
YOL003C,YFR005C,0,-5.7449427,0.18627451360225677,0.7599999904632568,0.3319999873638153
YIL033C,YGR192C,0,-5.745068,0.18622887134552002,0.7599999904632568,0.3321000039577484
YOR074C,YML052W,0,-5.745283,0.18618324398994446,0.7599999904632568,0.33219999074935913
YJR001W,YPL203W,0,-5.745791,0.18613764643669128,0.7599999904632568,0.33230000734329224
YGR267C,YAL034W-A,0,-5.7459135,0.1860920637845993,0.7599999904632568,0.33239999413490295
YAL032C,YKL081W,0,-5.7463264,0.1860465109348297,0.7599999904632568,0.33250001072883606
YLR170C,YDR507C,0,-5.74646,0.1860009729862213,0.7599999904632568,0.3325999975204468
YEL063C,YDL161W,0,-5.747279,0.1859554648399353,0.7599999904632568,0.3327000141143799
YPL169C,YOL072W,1,-5.747347,0.18615460395812988,0.7609999775886536,0.3327000141143799
YPL217C,YOR180C,0,-5.747431,0.18610906600952148,0.7609999775886536,0.3328000009059906
YJL128C,YLL021W,0,-5.74788,0.18606357276439667,0.7609999775886536,0.3328999876976013
YMR275C,YIL076W,0,-5.748073,0.18601809442043304,0.7609999775886536,0.3330000042915344
YPL008W,YBL003C,0,-5.7484045,0.18597263097763062,0.7609999775886536,0.33309999108314514
YGR140W,YDR141C,0,-5.7492733,0.18592719733715057,0.7609999775886536,0.33320000767707825
YDL178W,YPL253C,0,-5.7497787,0.18588177859783173,0.7609999775886536,0.33329999446868896
YDR221W,YOR301W,0,-5.7506742,0.18583638966083527,0.7609999775886536,0.33340001106262207
YDR168W,YOR279C,0,-5.7508345,0.185791015625,0.7609999775886536,0.3334999978542328
YDR163W,YHR196W,0,-5.751082,0.18574567139148712,0.7609999775886536,0.3336000144481659
YLR427W,YLR130C,0,-5.7512074,0.18570034205913544,0.7609999775886536,0.3337000012397766
YOR035C,YJL004C,0,-5.7513785,0.18565504252910614,0.7609999775886536,0.33379998803138733
YDR384C,YPL167C,0,-5.751476,0.18560975790023804,0.7609999775886536,0.33390000462532043
YOR103C,YDR527W,0,-5.7518015,0.18556450307369232,0.7609999775886536,0.33399999141693115
YLL013C,YDR470C,0,-5.7520647,0.1855192631483078,0.7609999775886536,0.33410000801086426
YFR028C,YGR264C,0,-5.7533436,0.18547403812408447,0.7609999775886536,0.334199994802475
YMR263W,YER074W-A,0,-5.7536488,0.18542884290218353,0.7609999775886536,0.3343000113964081
YGR246C,YPR132W,0,-5.754737,0.18538367748260498,0.7609999775886536,0.3343999981880188
YGR004W,YDR495C,0,-5.7547693,0.18533852696418762,0.7609999775886536,0.3345000147819519
YJR002W,YOL003C,0,-5.7550955,0.18529340624809265,0.7609999775886536,0.3346000015735626
YMR220W,YNL307C,0,-5.7551775,0.18524830043315887,0.7609999775886536,0.33469998836517334
YGR289C,YKL015W,0,-5.755204,0.1852032095193863,0.7609999775886536,0.33480000495910645
YHR053C,YKL056C,0,-5.7567587,0.1851581484079361,0.7609999775886536,0.33489999175071716
YPR018W,YNL222W,0,-5.756815,0.1851131170988083,0.7609999775886536,0.33500000834465027
YBL046W,YDR004W,0,-5.75685,0.18506810069084167,0.7609999775886536,0.335099995136261
YIL115C,YOL072W,1,-5.7569146,0.18526622653007507,0.7620000243186951,0.335099995136261
YML062C,YKR002W,1,-5.756976,0.1854642629623413,0.7630000114440918,0.335099995136261
YMR072W,YJR031C,0,-5.757304,0.1854192018508911,0.7630000114440918,0.3352000117301941
YMR276W,YGL194C,0,-5.757326,0.1853741556406021,0.7630000114440918,0.3352999985218048
YBR034C,YKL068W,1,-5.7573876,0.18557201325893402,0.7639999985694885,0.3352999985218048
YER030W,YMR231W,0,-5.7577224,0.18552695214748383,0.7639999985694885,0.3353999853134155
YER027C,YER180C-A,0,-5.7578034,0.18548190593719482,0.7639999985694885,0.33550000190734863
YIR028W,YPR080W,1,-5.7581344,0.1856796145439148,0.7649999856948853,0.33550000190734863
YDL029W,YOR136W,0,-5.75861,0.1856345534324646,0.7649999856948853,0.33559998869895935
YDL115C,YML016C,0,-5.759286,0.1855895221233368,0.7649999856948853,0.33570000529289246
YPR052C,YDL030W,0,-5.7597327,0.18554450571537018,0.7649999856948853,0.3357999920845032
YER157W,YGR128C,0,-5.759851,0.18549951910972595,0.7649999856948853,0.3359000086784363
YML116W,YEL024W,0,-5.76008,0.18545454740524292,0.7649999856948853,0.335999995470047
YPR081C,YGL249W,0,-5.76015,0.18540959060192108,0.7649999856948853,0.3361000120639801
YDL143W,YDL028C,0,-5.7601886,0.18536467850208282,0.7649999856948853,0.3361999988555908
YKR061W,YPR075C,0,-5.7609167,0.18531976640224457,0.7649999856948853,0.33629998564720154
YJR118C,YLR453C,0,-5.7609415,0.1852748841047287,0.7649999856948853,0.33640000224113464
YLR342W,YKR061W,0,-5.7611933,0.18523003160953522,0.7649999856948853,0.33649998903274536
YPR073C,YPR051W,0,-5.7616277,0.18518517911434174,0.7649999856948853,0.33660000562667847
YNL051W,YPL058C,0,-5.762534,0.18514037132263184,0.7649999856948853,0.3366999924182892
YPL145C,YBR103W,0,-5.7625885,0.18509557843208313,0.7649999856948853,0.3368000090122223
YML048W,YML015C,0,-5.7626185,0.18505080044269562,0.7649999856948853,0.336899995803833
YPR161C,YBR097W,0,-5.7626514,0.1850060522556305,0.7649999856948853,0.3370000123977661
YDR325W,YGR251W,0,-5.7632294,0.18496131896972656,0.7649999856948853,0.33709999918937683
YDR168W,YPL146C,0,-5.763308,0.18491660058498383,0.7649999856948853,0.33719998598098755
YDR461W,YGR212W,0,-5.7633095,0.18487191200256348,0.7649999856948853,0.33730000257492065
YNL065W,YLR114C,0,-5.7644453,0.18482725322246552,0.7649999856948853,0.33739998936653137
YMR072W,YLR144C,0,-5.7644467,0.18478260934352875,0.7649999856948853,0.3375000059604645
YNR011C,YDL030W,0,-5.7644815,0.18473798036575317,0.7649999856948853,0.3375999927520752
YCL016C,YDL147W,0,-5.7647266,0.1846933811903,0.7649999856948853,0.3377000093460083
YBR040W,YGR180C,0,-5.7649484,0.1846488118171692,0.7649999856948853,0.337799996137619
YKL179C,YBR213W,0,-5.764986,0.1846042424440384,0.7649999856948853,0.3379000127315521
YOL063C,YDL117W,0,-5.7651386,0.18455971777439117,0.7649999856948853,0.33799999952316284
YDR343C,YPL082C,0,-5.766392,0.18451519310474396,0.7649999856948853,0.33809998631477356
YPL002C,YIL017W,0,-5.7665105,0.18447069823741913,0.7649999856948853,0.33820000290870667
YMR011W,YGL243W,0,-5.766723,0.1844262331724167,0.7649999856948853,0.3382999897003174
YLR025W,YOR115C,0,-5.7671247,0.18438178300857544,0.7649999856948853,0.3384000062942505
YGR254W,YOR132W,0,-5.767172,0.18433734774589539,0.7649999856948853,0.3384999930858612
YML051W,YIL125W,0,-5.7675986,0.18429294228553772,0.7649999856948853,0.3386000096797943
YNR015W,YLR417W,0,-5.7676535,0.18424855172634125,0.7649999856948853,0.33869999647140503
YGL223C,YHL003C,0,-5.7682996,0.18420419096946716,0.7649999856948853,0.33880001306533813
YDL227C,YPR112C,0,-5.768596,0.18415984511375427,0.7649999856948853,0.33889999985694885
YOL033W,YNL312W,0,-5.7686915,0.18411552906036377,0.7649999856948853,0.33899998664855957
YBR186W,YNL002C,0,-5.768951,0.18407122790813446,0.7649999856948853,0.3391000032424927
YIL036W,YGR044C,0,-5.7692366,0.18402694165706635,0.7649999856948853,0.3391999900341034
YNL003C,YPL065W,0,-5.769557,0.18398268520832062,0.7649999856948853,0.3393000066280365
YER075C,YKL126W,0,-5.769955,0.18393844366073608,0.7649999856948853,0.3393999934196472
YNR030W,YBL071W-A,0,-5.770094,0.18389423191547394,0.7649999856948853,0.3395000100135803
YML042W,YIL084C,0,-5.770235,0.18385003507137299,0.7649999856948853,0.33959999680519104
YDL220C,YPL006W,0,-5.770608,0.18380586802959442,0.7649999856948853,0.33970001339912415
YGR113W,YPR183W,0,-5.770684,0.18376171588897705,0.7649999856948853,0.33980000019073486
YMR150C,YDR297W,0,-5.7712545,0.18371757864952087,0.7649999856948853,0.3398999869823456
YLR453C,YER074W-A,0,-5.771475,0.18367347121238708,0.7649999856948853,0.3400000035762787
YOR377W,YLR353W,0,-5.77149,0.1836293786764145,0.7649999856948853,0.3400999903678894
YNL048W,YJL201W,0,-5.7716703,0.18358531594276428,0.7649999856948853,0.3402000069618225
YIR005W,YOR160W,1,-5.7717385,0.1837811917066574,0.765999972820282,0.3402000069618225
YOR354C,YHR135C,0,-5.7721114,0.183737114071846,0.765999972820282,0.3402999937534332
YKL093W,YBR097W,0,-5.772846,0.1836930513381958,0.765999972820282,0.34040001034736633
YOR085W,YOR001W,0,-5.7731214,0.1836490035057068,0.765999972820282,0.34049999713897705
YLL042C,YOR043W,0,-5.774069,0.18360498547554016,0.765999972820282,0.34060001373291016
YAL053W,YOR243C,0,-5.774402,0.18356098234653473,0.765999972820282,0.3407000005245209
YPL269W,YCR102C,0,-5.774723,0.18351700901985168,0.765999972820282,0.3407999873161316
YPR162C,YMR089C,0,-5.774832,0.18347305059432983,0.765999972820282,0.3409000039100647
YNL061W,YBR253W,0,-5.7757435,0.18342912197113037,0.765999972820282,0.3409999907016754
YMR212C,YDR079W,0,-5.7766323,0.1833852082490921,0.765999972820282,0.3411000072956085
YLL008W,YKL203C,0,-5.7769146,0.18334130942821503,0.765999972820282,0.34119999408721924
YDL220C,YGL155W,0,-5.777879,0.18329744040966034,0.765999972820282,0.34130001068115234
YIR011C,YOR004W,0,-5.7781773,0.18325358629226685,0.765999972820282,0.34139999747276306
YOR126C,YDL244W,0,-5.7782154,0.18320976197719574,0.765999972820282,0.34150001406669617
YBL042C,YPR080W,1,-5.7784038,0.1834050714969635,0.7670000195503235,0.34150001406669617
YDR264C,YJR049C,0,-5.7785425,0.18336121737957,0.7670000195503235,0.3416000008583069
YDL245C,YBR095C,0,-5.778653,0.1833173930644989,0.7670000195503235,0.3416999876499176
YMR048W,YPL125W,0,-5.7788763,0.18327359855175018,0.7670000195503235,0.3418000042438507
YGL130W,YLR172C,0,-5.779168,0.18322981894016266,0.7670000195503235,0.3418999910354614
YJR092W,YOR103C,0,-5.7796097,0.18318605422973633,0.7670000195503235,0.34200000762939453
YLR214W,YPR056W,0,-5.780529,0.1831423044204712,0.7670000195503235,0.34209999442100525
YKL150W,YDL095W,0,-5.7807817,0.18309858441352844,0.7670000195503235,0.34220001101493835
YHL002W,YDR460W,0,-5.780905,0.18305489420890808,0.7670000195503235,0.3422999978065491
YGL119W,YKL046C,0,-5.781105,0.1830112189054489,0.7670000195503235,0.3424000144004822
YLR223C,YPR162C,0,-5.7814226,0.18296755850315094,0.7670000195503235,0.3425000011920929
YOL002C,YHR006W,0,-5.781642,0.18292392790317535,0.7670000195503235,0.3425999879837036
YKL185W,YLR215C,0,-5.781985,0.18288031220436096,0.7670000195503235,0.3427000045776367
YLR418C,YAL013W,0,-5.782175,0.18283671140670776,0.7670000195503235,0.34279999136924744
YLR431C,YDR298C,0,-5.7823324,0.18279314041137695,0.7670000195503235,0.34290000796318054
YML095C,YML025C,0,-5.7832766,0.18274958431720734,0.7670000195503235,0.34299999475479126
YPL233W,YEL057C,0,-5.783604,0.1827060431241989,0.7670000195503235,0.34310001134872437
YKL029C,YBL058W,0,-5.7837567,0.18266253173351288,0.7670000195503235,0.3431999981403351
YGR218W,YLR016C,1,-5.7851825,0.18285714089870453,0.7680000066757202,0.3431999981403351
YDR392W,YNL304W,0,-5.7856445,0.1828136146068573,0.7680000066757202,0.3433000147342682
YCR044C,YGL171W,0,-5.786059,0.18277010321617126,0.7680000066757202,0.3434000015258789
YAL024C,YGL211W,0,-5.7864323,0.18272662162780762,0.7680000066757202,0.3434999883174896
YOR304W,YCR057C,0,-5.7864633,0.18268315494060516,0.7680000066757202,0.34360000491142273
YIR005W,YMR129W,1,-5.786535,0.1828775256872177,0.7689999938011169,0.34360000491142273
YDR141C,YCR044C,0,-5.786866,0.18283404409885406,0.7689999938011169,0.34369999170303345
YDL017W,YOL054W,0,-5.786932,0.1827905923128128,0.7689999938011169,0.34380000829696655
YJL173C,YMR227C,0,-5.786934,0.18274715542793274,0.7689999938011169,0.34389999508857727
YCR075C,YMR150C,0,-5.7869787,0.18270373344421387,0.7689999938011169,0.3440000116825104
YBR021W,YJR042W,1,-5.787324,0.18289786577224731,0.7699999809265137,0.3440000116825104
YDL101C,YEL066W,0,-5.7873898,0.18285442888736725,0.7699999809265137,0.3440999984741211
YJR050W,YGR056W,0,-5.787438,0.18281102180480957,0.7699999809265137,0.3441999852657318
YEL003W,YML088W,0,-5.787439,0.18276762962341309,0.7699999809265137,0.3443000018596649
YOR038C,YCR020C,0,-5.7877254,0.1827242523431778,0.7699999809265137,0.34439998865127563
YPL096C-A,YMR201C,0,-5.787755,0.1826809048652649,0.7699999809265137,0.34450000524520874
YPL217C,YJR052W,0,-5.7878413,0.18263757228851318,0.7699999809265137,0.34459999203681946
YER017C,YCL001W,0,-5.788289,0.18259425461292267,0.7699999809265137,0.34470000863075256
YBR215W,YML045W,0,-5.78853,0.18255096673965454,0.7699999809265137,0.3447999954223633
YLR192C,YGR054W,0,-5.7890215,0.1825077086687088,0.7699999809265137,0.3449000120162964
YBL042C,YDR192C,1,-5.7897058,0.18270142376422882,0.7710000276565552,0.3449000120162964
YDR221W,YKL081W,0,-5.789727,0.1826581358909607,0.7710000276565552,0.3449999988079071
YCR067C,YMR293C,0,-5.7897315,0.18261487782001495,0.7710000276565552,0.3450999855995178
YBL098W,YPR100W,0,-5.7898426,0.1825716346502304,0.7710000276565552,0.3452000021934509
YLR265C,YEL054C,0,-5.789938,0.18252840638160706,0.7710000276565552,0.34529998898506165
YJR078W,YOR361C,0,-5.7901278,0.1824852079153061,0.7710000276565552,0.34540000557899475
YLR216C,YAL013W,0,-5.7906203,0.18244202435016632,0.7710000276565552,0.34549999237060547
YDL006W,YNL241C,0,-5.792466,0.18239887058734894,0.7710000276565552,0.3456000089645386
YCL067C,YGL058W,0,-5.792917,0.18235571682453156,0.7710000276565552,0.3456999957561493
YJL170C,YDR341C,0,-5.7929296,0.18231260776519775,0.7710000276565552,0.3458000123500824
YFR029W,YNL283C,0,-5.7929816,0.18226949870586395,0.7710000276565552,0.3458999991416931
YLR228C,YOR341W,0,-5.793,0.18222641944885254,0.7710000276565552,0.34599998593330383
YPR199C,YPL204W,0,-5.7933583,0.1821833699941635,0.7710000276565552,0.34610000252723694
YHR133C,YMR026C,0,-5.7938175,0.1821403205394745,0.7710000276565552,0.34619998931884766
YLR035C,YBL011W,0,-5.7942514,0.18209730088710785,0.7710000276565552,0.34630000591278076
YER095W,YMR313C,0,-5.7943144,0.1820543110370636,0.7710000276565552,0.3463999927043915
YGL174W,YDL084W,1,-5.794467,0.18224740028381348,0.7720000147819519,0.3463999927043915
YCR058C,YEL054C,0,-5.794529,0.18220439553260803,0.7720000147819519,0.3465000092983246
YAL053W,YMR026C,0,-5.794882,0.1821613907814026,0.7720000147819519,0.3465999960899353
YOR039W,YMR069W,0,-5.795745,0.18211843073368073,0.7720000147819519,0.3467000126838684
YBR109C,YJR104C,0,-5.7968464,0.18207547068595886,0.7720000147819519,0.3467999994754791
YBR218C,YMR067C,0,-5.797369,0.1820325404405594,0.7720000147819519,0.34689998626708984
YKL186C,YHR167W,1,-5.7985916,0.18222536146640778,0.7730000019073486,0.34689998626708984
YKL013C,YPL015C,0,-5.799222,0.1821824163198471,0.7730000019073486,0.34700000286102295
YNR067C,YER093C,0,-5.7997923,0.18213948607444763,0.7730000019073486,0.34709998965263367
YBL090W,YHR214C-B,0,-5.800072,0.18209658563137054,0.7730000019073486,0.3472000062465668
YDR141C,YDL213C,0,-5.800149,0.18205370008945465,0.7730000019073486,0.3472999930381775
YLR353W,YGL222C,0,-5.8003416,0.18201082944869995,0.7730000019073486,0.3474000096321106
YBR179C,YDR461W,0,-5.8005533,0.18196798861026764,0.7730000019073486,0.3474999964237213
YCR010C,YBR090C-A,0,-5.8016276,0.18192516267299652,0.7730000019073486,0.3476000130176544
YBR068C,YGL004C,0,-5.801831,0.1818823516368866,0.7730000019073486,0.34769999980926514
YLR347C,YOR373W,0,-5.802229,0.18183957040309906,0.7730000019073486,0.34779998660087585
YAR015W,YGR253C,0,-5.8022776,0.18179680407047272,0.7730000019073486,0.34790000319480896
YMR237W,YHR008C,0,-5.8024073,0.18175405263900757,0.7730000019073486,0.3479999899864197
YHR152W,YMR203W,0,-5.8026457,0.1817113310098648,0.7730000019073486,0.3481000065803528
YOR327C,YHR012W,0,-5.8031535,0.18166862428188324,0.7730000019073486,0.3481999933719635
YMR255W,YIL115C,1,-5.8038654,0.18186090886592865,0.7739999890327454,0.3481999933719635
YIL016W,YLR193C,0,-5.803929,0.1818181872367859,0.7739999890327454,0.3483000099658966
YKR002W,YJL140W,1,-5.804003,0.18201033771038055,0.7749999761581421,0.3483000099658966
YER161C,YDR451C,0,-5.804102,0.1819676011800766,0.7749999761581421,0.3483999967575073
YHR075C,YGR251W,0,-5.804369,0.18192487955093384,0.7749999761581421,0.34850001335144043
YPL050C,YER180C-A,0,-5.804774,0.18188218772411346,0.7749999761581421,0.34860000014305115
YHR059W,YGR007W,0,-5.805133,0.18183951079845428,0.7749999761581421,0.34869998693466187
YLR268W,YOR179C,0,-5.805419,0.1817968636751175,0.7749999761581421,0.34880000352859497
YIR006C,YKL041W,0,-5.805604,0.1817542165517807,0.7749999761581421,0.3488999903202057
YLR150W,YOL093W,0,-5.8064094,0.1817115992307663,0.7749999761581421,0.3490000069141388
YOR094W,YDR532C,0,-5.8067074,0.18166901171207428,0.7749999761581421,0.3490999937057495
YER157W,YOL042W,0,-5.806856,0.18162643909454346,0.7749999761581421,0.3492000102996826
YLR035C,YLR285W,0,-5.807127,0.18158388137817383,0.7749999761581421,0.34929999709129333
YMR216C,YPR182W,0,-5.8073735,0.1815413385629654,0.7749999761581421,0.34940001368522644
YDR524C,YMR143W,0,-5.8078156,0.18149882555007935,0.7749999761581421,0.34950000047683716
YBR237W,YOR265W,0,-5.8081894,0.1814563274383545,0.7749999761581421,0.3495999872684479
YER044C,YMR293C,0,-5.80832,0.18141385912895203,0.7749999761581421,0.349700003862381
YPL244C,YDR075W,0,-5.808668,0.18137140572071075,0.7749999761581421,0.3497999906539917
YLR148W,YLR092W,0,-5.8087234,0.18132896721363068,0.7749999761581421,0.3499000072479248
YGR029W,YML095C,0,-5.809159,0.1812865436077118,0.7749999761581421,0.3499999940395355
YNL136W,YKR048C,0,-5.809367,0.1812441498041153,0.7749999761581421,0.35010001063346863
YPR104C,YDR460W,0,-5.810133,0.18120177090168,0.7749999761581421,0.35019999742507935
YKL040C,YCR031C,0,-5.8102365,0.18115942180156708,0.7749999761581421,0.35030001401901245
YNL182C,YJL002C,0,-5.8103004,0.18111708760261536,0.7749999761581421,0.35040000081062317
YNL136W,YKL015W,0,-5.811201,0.18107476830482483,0.7749999761581421,0.3504999876022339
YDR345C,YKR090W,0,-5.811404,0.1810324639081955,0.7749999761581421,0.350600004196167
YNR044W,YCL044C,0,-5.8117805,0.18099018931388855,0.7749999761581421,0.3506999909877777
YMR234W,YDL097C,0,-5.8118324,0.1809479296207428,0.7749999761581421,0.3508000075817108
YJR084W,YCR012W,0,-5.812639,0.18090569972991943,0.7749999761581421,0.35089999437332153
YFL018C,YOR266W,0,-5.8129044,0.18086346983909607,0.7749999761581421,0.35100001096725464
YHL038C,YOL063C,0,-5.812996,0.1808212846517563,0.7749999761581421,0.35109999775886536
YOR014W,YMR067C,0,-5.81318,0.1807790994644165,0.7749999761581421,0.35120001435279846
YHR094C,YJR033C,0,-5.8132715,0.1807369440793991,0.7749999761581421,0.3513000011444092
YKL120W,YGR078C,0,-5.8133936,0.1806948035955429,0.7749999761581421,0.3513999879360199
YFL002C,YML001W,0,-5.813441,0.1806526780128479,0.7749999761581421,0.351500004529953
YOL086C,YDR038C,0,-5.8139243,0.18061058223247528,0.7749999761581421,0.3515999913215637
YBR049C,YHR006W,0,-5.8142567,0.18056850135326385,0.7749999761581421,0.3517000079154968
YPR075C,YIL147C,0,-5.8144073,0.18052643537521362,0.7749999761581421,0.35179999470710754
YOR034C,YJR078W,0,-5.8145704,0.18048439919948578,0.7749999761581421,0.35190001130104065
YJR108W,YDL109C,0,-5.814669,0.18044237792491913,0.7749999761581421,0.35199999809265137
YDR427W,YDR247W,0,-5.8150816,0.18040037155151367,0.7749999761581421,0.3521000146865845
YLR284C,YBR257W,0,-5.815144,0.1803583949804306,0.7749999761581421,0.3522000014781952
YGL099W,YBR093C,0,-5.8152103,0.18031643331050873,0.7749999761581421,0.3522999882698059
YPR086W,YLR003C,0,-5.8156996,0.18027448654174805,0.7749999761581421,0.352400004863739
YJR140C,YOR060C,0,-5.815839,0.18023255467414856,0.7749999761581421,0.35249999165534973
YBR161W,YER109C,0,-5.8159304,0.18019065260887146,0.7749999761581421,0.35260000824928284
YIL115C,YPR080W,1,-5.816471,0.18038122355937958,0.7760000228881836,0.35260000824928284
YDR427W,YNL257C,0,-5.816537,0.1803392916917801,0.7760000228881836,0.35269999504089355
YJR158W,YLR417W,0,-5.817033,0.18029740452766418,0.7760000228881836,0.35280001163482666
YBL047C,YKL154W,0,-5.817062,0.18025551736354828,0.7760000228881836,0.3528999984264374
YNL221C,YGR180C,0,-5.8172293,0.18021366000175476,0.7760000228881836,0.3529999852180481
YDL097C,YDR498C,0,-5.8174353,0.18017181754112244,0.7760000228881836,0.3531000018119812
YLR044C,YDR212W,0,-5.817592,0.1801299899816513,0.7760000228881836,0.3531999886035919
YPL146C,YCR084C,0,-5.818083,0.18008819222450256,0.7760000228881836,0.353300005197525
YJR002W,YJL002C,0,-5.818303,0.18004640936851501,0.7760000228881836,0.35339999198913574
YGL247W,YHR015W,1,-5.8192577,0.1802366077899933,0.7770000100135803,0.35339999198913574
YDR038C,YDR009W,0,-5.8193727,0.18019481003284454,0.7770000100135803,0.35350000858306885
YKL179C,YMR075W,0,-5.819716,0.180153027176857,0.7770000100135803,0.35359999537467957
YOR112W,YBR111W-A,1,-5.819898,0.18034306168556213,0.777999997138977,0.35359999537467957
YBR035C,YCL020W,0,-5.820754,0.18030127882957458,0.777999997138977,0.35370001196861267
YLR448W,YPL065W,0,-5.820997,0.18025949597358704,0.777999997138977,0.3537999987602234
YDR156W,YBR048W,0,-5.8213778,0.18021774291992188,0.777999997138977,0.3538999855518341
YOR074C,YNR038W,0,-5.821644,0.1801760047674179,0.777999997138977,0.3540000021457672
YBR090C-A,YML059C,0,-5.8217306,0.18013429641723633,0.777999997138977,0.35409998893737793
YJR050W,YCR066W,0,-5.822579,0.18009258806705475,0.777999997138977,0.35420000553131104
YPL001W,YPL254W,0,-5.82278,0.18005090951919556,0.777999997138977,0.35429999232292175
YER065C,YDR143C,0,-5.8228927,0.18000926077365875,0.777999997138977,0.35440000891685486
YJR105W,YJL039C,0,-5.8239093,0.17996761202812195,0.777999997138977,0.3544999957084656
YLR385C,YPL065W,0,-5.8244467,0.17992599308490753,0.777999997138977,0.3546000123023987
YDL019C,YJR027W,0,-5.824677,0.1798843890428543,0.777999997138977,0.3546999990940094
YML097C,YGL039W,0,-5.824912,0.17984281480312347,0.777999997138977,0.3547999858856201
YDR483W,YPR161C,0,-5.825266,0.17980124056339264,0.777999997138977,0.3549000024795532
YDR527W,YPL157W,0,-5.825456,0.17975971102714539,0.777999997138977,0.35499998927116394
YPL058C,YJR068W,0,-5.825879,0.17971818149089813,0.777999997138977,0.35510000586509705
YMR298W,YML013W,0,-5.82596,0.17967668175697327,0.777999997138977,0.35519999265670776
YMR238W,YLR200W,0,-5.8261805,0.1796351820230484,0.777999997138977,0.35530000925064087
YPL233W,YLR249W,0,-5.826886,0.17959372699260712,0.777999997138977,0.3553999960422516
YHR094C,YNR052C,0,-5.8270555,0.17955227196216583,0.777999997138977,0.3555000126361847
YDL198C,YBR034C,1,-5.827567,0.17974157631397247,0.7789999842643738,0.3555000126361847
YJL122W,YDR054C,0,-5.8276625,0.1797001212835312,0.7789999842643738,0.3555999994277954
YJR135C,YHR004C,0,-5.8276815,0.1796586662530899,0.7789999842643738,0.35569998621940613
YOR142W,YMR247C,0,-5.828171,0.179617241024971,0.7789999842643738,0.35580000281333923
YLR074C,YKL088W,0,-5.8282523,0.1795758455991745,0.7789999842643738,0.35589998960494995
YML016C,YBL046W,0,-5.8283854,0.179534450173378,0.7789999842643738,0.35600000619888306
YPL031C,YDR092W,0,-5.828438,0.17949308454990387,0.7789999842643738,0.3560999929904938
YDR085C,YNL267W,0,-5.828889,0.17945173382759094,0.7789999842643738,0.3562000095844269
YPL177C,YNL121C,0,-5.8290186,0.1794104129076004,0.7789999842643738,0.3562999963760376
YML071C,YGR147C,0,-5.8290687,0.17936910688877106,0.7789999842643738,0.3564000129699707
YBR188C,YNL263C,0,-5.8292503,0.1793278157711029,0.7789999842643738,0.3564999997615814
YMR015C,YAL047C,0,-5.829353,0.17928653955459595,0.7789999842643738,0.35659998655319214
YDR221W,YDR166C,0,-5.829405,0.17924527823925018,0.7789999842643738,0.35670000314712524
YJL003W,YIL143C,0,-5.8294735,0.1792040467262268,0.7789999842643738,0.35679998993873596
YOL086C,YMR165C,0,-5.8295,0.17916283011436462,0.7789999842643738,0.35690000653266907
YML045W,YOR305W,0,-5.829734,0.17912164330482483,0.7789999842643738,0.3569999933242798
YJL099W,YPL159C,0,-5.829785,0.17908045649528503,0.7789999842643738,0.3571000099182129
YJR112W,YGR178C,0,-5.829836,0.17903929948806763,0.7789999842643738,0.3571999967098236
YOR239W,YDL128W,0,-5.830112,0.1789981573820114,0.7789999842643738,0.3573000133037567
YNL233W,YLR418C,0,-5.8301587,0.1789570450782776,0.7789999842643738,0.35740000009536743
YPL213W,YCR106W,0,-5.8304577,0.17891593277454376,0.7789999842643738,0.35749998688697815
YDR276C,YBR058C,0,-5.830555,0.17887485027313232,0.7789999842643738,0.35760000348091125
YPL231W,YOR103C,0,-5.8306866,0.17883379757404327,0.7789999842643738,0.357699990272522
YOL049W,YDR092W,0,-5.8308654,0.17879274487495422,0.7789999842643738,0.3578000068664551
YDL227C,YPL235W,0,-5.8310366,0.17875172197818756,0.7789999842643738,0.3578999936580658
YIL046W,YNL279W,0,-5.8313947,0.1787107139825821,0.7789999842643738,0.3580000102519989
YJL095W,YBR172C,0,-5.8315806,0.17866972088813782,0.7789999842643738,0.3580999970436096
YIR028W,YNL139C,1,-5.831712,0.17885805666446686,0.7799999713897705,0.3580999970436096
YMR296C,YCR026C,0,-5.8322864,0.17881706357002258,0.7799999713897705,0.3582000136375427
YJR140C,YLR309C,0,-5.8323402,0.1787760704755783,0.7799999713897705,0.35830000042915344
YOL005C,YIL031W,0,-5.833027,0.17873510718345642,0.7799999713897705,0.35839998722076416
YIL085C,YDR088C,0,-5.833042,0.17869415879249573,0.7799999713897705,0.35850000381469727
YLR165C,YML040W,0,-5.833316,0.17865322530269623,0.7799999713897705,0.358599990606308
YGR252W,YML039W,0,-5.83377,0.17861232161521912,0.7799999713897705,0.3587000072002411
YLR028C,YDR411C,0,-5.833793,0.1785714328289032,0.7799999713897705,0.3587999939918518
YOR085W,YCR033W,0,-5.8339796,0.17853055894374847,0.7799999713897705,0.3589000105857849
YGR175C,YPL133C,0,-5.8340797,0.17848969995975494,0.7799999713897705,0.35899999737739563
YOR080W,YHR039C,0,-5.8344383,0.1784488707780838,0.7799999713897705,0.35910001397132874
YNR019W,YPR199C,0,-5.834439,0.17840805649757385,0.7799999713897705,0.35920000076293945
YOR279C,YMR243C,0,-5.834716,0.1783672571182251,0.7799999713897705,0.35929998755455017
YPL135W,YOL109W,0,-5.8348413,0.17832647264003754,0.7799999713897705,0.3594000041484833
YGR121C,YHR170W,0,-5.8351207,0.17828571796417236,0.7799999713897705,0.359499990940094
YER154W,YBR162C,0,-5.8355007,0.17824497818946838,0.7799999713897705,0.3596000075340271
YKR081C,YKL166C,0,-5.835737,0.1782042533159256,0.7799999713897705,0.3596999943256378
YDR427W,YDR143C,0,-5.836096,0.178163543343544,0.7799999713897705,0.3598000109195709
YBR198C,YGR251W,0,-5.836288,0.1781228631734848,0.7799999713897705,0.35989999771118164
YML046W,YJR145C,0,-5.836374,0.1780821979045868,0.7799999713897705,0.36000001430511475
YKL032C,YPR189W,0,-5.8363743,0.17804154753684998,0.7799999713897705,0.36010000109672546
YIR010W,YPL086C,0,-5.8368626,0.17800091207027435,0.7799999713897705,0.3601999878883362
YFL036W,YGR192C,0,-5.838455,0.17796030640602112,0.7799999713897705,0.3603000044822693
YBR092C,YCR033W,0,-5.8389225,0.17791970074176788,0.7799999713897705,0.36039999127388
YIL051C,YKL015W,0,-5.839275,0.17787913978099823,0.7799999713897705,0.3605000078678131
YIR008C,YBR165W,0,-5.839431,0.17783857882022858,0.7799999713897705,0.36059999465942383
YKL032C,YIL143C,0,-5.839837,0.17779803276062012,0.7799999713897705,0.36070001125335693
YER107C,YIR005W,1,-5.8399534,0.17798541486263275,0.781000018119812,0.36070001125335693
YDR487C,YOR272W,0,-5.8403516,0.1779448688030243,0.781000018119812,0.36079999804496765
YKL009W,YBL011W,0,-5.8405714,0.17790432274341583,0.781000018119812,0.36090001463890076
YLR450W,YDR116C,0,-5.840738,0.17786380648612976,0.781000018119812,0.3610000014305115
YMR204C,YDR527W,0,-5.84155,0.17782332003116608,0.781000018119812,0.3610999882221222
YOR254C,YNL126W,0,-5.8421783,0.1777828335762024,0.781000018119812,0.3612000048160553
YPL095C,YIL109C,0,-5.842473,0.1777423769235611,0.781000018119812,0.361299991607666
YNR016C,YGR212W,0,-5.8430643,0.177701935172081,0.781000018119812,0.3614000082015991
YCR020C,YLR240W,0,-5.843332,0.17766150832176208,0.781000018119812,0.36149999499320984
YPL269W,YDR058C,0,-5.8433347,0.17762111127376556,0.781000018119812,0.36160001158714294
YNL314W,YML127W,0,-5.8434114,0.17758071422576904,0.781000018119812,0.36169999837875366
YGL254W,YDR523C,0,-5.843461,0.1775403469800949,0.781000018119812,0.3617999851703644
YER056C,YKR002W,1,-5.843547,0.17772726714611053,0.7820000052452087,0.3617999851703644
YGL029W,YKL170W,0,-5.8436165,0.1776868849992752,0.7820000052452087,0.3619000017642975
YIL013C,YDR447C,0,-5.8443947,0.17764651775360107,0.7820000052452087,0.3619999885559082
YDR216W,YCL024W,0,-5.8443956,0.17760618031024933,0.7820000052452087,0.3621000051498413
YNR056C,YPL232W,0,-5.845648,0.17756584286689758,0.7820000052452087,0.362199991941452
YFR024C-A,YJL018W,0,-5.845728,0.17752553522586823,0.7820000052452087,0.36230000853538513
YDL092W,YKR053C,0,-5.846036,0.17748524248600006,0.7820000052452087,0.36239999532699585
YML121W,YBR024W,0,-5.8462095,0.17744497954845428,0.7820000052452087,0.36250001192092896
YDR046C,YKR025W,0,-5.846239,0.1774047166109085,0.7820000052452087,0.3625999987125397
YPL145C,YER087C-A,0,-5.846835,0.17736448347568512,0.7820000052452087,0.3626999855041504
YDR046C,YPL258C,0,-5.8469324,0.17732426524162292,0.7820000052452087,0.3628000020980835
YML120C,YOR140W,0,-5.847252,0.17728406190872192,0.7820000052452087,0.3628999888896942
YCR075C,YDR337W,0,-5.847337,0.17724387347698212,0.7820000052452087,0.3630000054836273
YPR119W,YEL051W,0,-5.8478656,0.1772037148475647,0.7820000052452087,0.36309999227523804
YER029C,YOL128C,0,-5.848041,0.17716357111930847,0.7820000052452087,0.36320000886917114
YNL192W,YOR266W,0,-5.8484526,0.17712344229221344,0.7820000052452087,0.36329999566078186
YGR140W,YIR015W,0,-5.8485775,0.1770833283662796,0.7820000052452087,0.36340001225471497
YNL298W,YER065C,0,-5.8490295,0.17704324424266815,0.7820000052452087,0.3634999990463257
YDL013W,YKL173W,0,-5.8492393,0.1770031750202179,0.7820000052452087,0.3635999858379364
YGR108W,YGR281W,0,-5.8493776,0.17696312069892883,0.7820000052452087,0.3637000024318695
YMR290C,YIL051C,0,-5.849837,0.17692308127880096,0.7820000052452087,0.3637999892234802
YBL045C,YHR118C,0,-5.8501563,0.1768830567598343,0.7820000052452087,0.36390000581741333
YPL255W,YGR098C,0,-5.8508234,0.17684306204319,0.7820000052452087,0.36399999260902405
YLR014C,YIL173W,0,-5.851269,0.1768030822277069,0.7820000052452087,0.36410000920295715
YGR217W,YNL294C,0,-5.8513217,0.176763117313385,0.7820000052452087,0.36419999599456787
YCR081W,YLR090W,0,-5.851465,0.1767231673002243,0.7820000052452087,0.364300012588501
YOR351C,YGL112C,0,-5.8515606,0.1766832321882248,0.7820000052452087,0.3643999993801117
YMR272C,YPR074C,0,-5.851884,0.17664332687854767,0.7820000052452087,0.3644999861717224
YNL245C,YAR042W,0,-5.852089,0.17660343647003174,0.7820000052452087,0.3646000027656555
YJL166W,YOR313C,0,-5.8523703,0.176563560962677,0.7820000052452087,0.36469998955726624
YBR021W,YDL207W,1,-5.8523755,0.17674943804740906,0.7829999923706055,0.36469998955726624
YJR147W,YMR305C,0,-5.8526387,0.17670954763889313,0.7829999923706055,0.36480000615119934
YMR204C,YMR229C,0,-5.8526955,0.1766696721315384,0.7829999923706055,0.36489999294281006
YPL217C,YBR237W,0,-5.8530636,0.17662982642650604,0.7829999923706055,0.36500000953674316
YMR101C,YER049W,0,-5.8530893,0.1765899807214737,0.7829999923706055,0.3650999963283539
YOR144C,YNL201C,0,-5.853441,0.17655016481876373,0.7829999923706055,0.365200012922287
YDR382W,YFL018W-A,0,-5.8536863,0.17651036381721497,0.7829999923706055,0.3652999997138977
YDL035C,YNL131W,0,-5.8540707,0.1764705926179886,0.7829999923706055,0.3653999865055084
YGR108W,YOL066C,0,-5.8544736,0.1764308214187622,0.7829999923706055,0.36550000309944153
YDR363W-A,YBR175W,0,-5.855218,0.17639108002185822,0.7829999923706055,0.36559998989105225
YML116W,YJL072C,0,-5.8553996,0.17635135352611542,0.7829999923706055,0.36570000648498535
YLR459W,YBL061C,0,-5.855738,0.1763116419315338,0.7829999923706055,0.36579999327659607
YPR082C,YHR062C,0,-5.8561764,0.1762719452381134,0.7829999923706055,0.3659000098705292
YDR093W,YOL051W,0,-5.8564663,0.17623227834701538,0.7829999923706055,0.3659999966621399
YLR293C,YBR159W,0,-5.8582635,0.17619262635707855,0.7829999923706055,0.366100013256073
YIL098C,YOL049W,0,-5.8587027,0.17615297436714172,0.7829999923706055,0.3662000000476837
YIL051C,YKR062W,0,-5.8589306,0.17611336708068848,0.7829999923706055,0.36629998683929443
YLR170C,YGR054W,0,-5.859025,0.17607375979423523,0.7829999923706055,0.36640000343322754
YDR158W,YNR053C,0,-5.859743,0.17603416740894318,0.7829999923706055,0.36649999022483826
YMR073C,YJL138C,0,-5.8597755,0.1759946048259735,0.7829999923706055,0.36660000681877136
YBR188C,YDR379W,0,-5.860133,0.17595505714416504,0.7829999923706055,0.3666999936103821
YNL136W,YCL020W,0,-5.8601584,0.17591552436351776,0.7829999923706055,0.3668000102043152
YMR234W,YLR337W,0,-5.8604326,0.17587600648403168,0.7829999923706055,0.3668999969959259
YDR179C,YKL178C,0,-5.860827,0.17583651840686798,0.7829999923706055,0.367000013589859
YOR216C,YBR097W,0,-5.860895,0.17579703032970428,0.7829999923706055,0.3671000003814697
YAL013W,YDR036C,0,-5.861003,0.17575757205486298,0.7829999923706055,0.36719998717308044
YDL065C,YDR198C,0,-5.861035,0.17571812868118286,0.7829999923706055,0.36730000376701355
YAL068C,YOL142W,0,-5.8611784,0.17567870020866394,0.7829999923706055,0.36739999055862427
YMR038C,YBR293W,0,-5.8612847,0.1756393015384674,0.7829999923706055,0.3675000071525574
YGL211W,YOR224C,0,-5.861336,0.17559990286827087,0.7829999923706055,0.3675999939441681
YKL186C,YCR073W-A,1,-5.8616548,0.17578475177288055,0.7839999794960022,0.3675999939441681
YGL021W,YEL020W-A,0,-5.8622375,0.17574535310268402,0.7839999794960022,0.3677000105381012
YMR201C,YOR191W,0,-5.86236,0.1757059544324875,0.7839999794960022,0.3677999973297119
YCR008W,YNL128W,0,-5.862434,0.17566658556461334,0.7839999794960022,0.367900013923645
YOR304W,YDR389W,0,-5.862506,0.17562724649906158,0.7839999794960022,0.36800000071525574
YML027W,YLL017W,0,-5.862546,0.17558790743350983,0.7839999794960022,0.36809998750686646
YBL097W,YNL070W,0,-5.86267,0.17554858326911926,0.7839999794960022,0.36820000410079956
YPR112C,YOR230W,0,-5.863012,0.1755092889070511,0.7839999794960022,0.3682999908924103
YGR167W,YPL155C,0,-5.863061,0.1754700094461441,0.7839999794960022,0.3684000074863434
YPR201W,YOR133W,0,-5.863161,0.17543074488639832,0.7839999794960022,0.3684999942779541
YDL002C,YLR249W,0,-5.864432,0.17539149522781372,0.7839999794960022,0.3686000108718872
YGL090W,YJL045W,0,-5.8645983,0.1753522753715515,0.7839999794960022,0.3686999976634979
YDR264C,YIL123W,0,-5.8652325,0.1753130555152893,0.7839999794960022,0.36880001425743103
YOR056C,YNR003C,0,-5.86574,0.1752738654613495,0.7839999794960022,0.36890000104904175
YGR284C,YEL003W,0,-5.8658795,0.17523469030857086,0.7839999794960022,0.36899998784065247
YGL018C,YLR382C,0,-5.866379,0.17519553005695343,0.7839999794960022,0.36910000443458557
YNL101W,YPL270W,0,-5.8664436,0.1751563847064972,0.7839999794960022,0.3691999912261963
YGL174W,YPR080W,1,-5.866559,0.17534062266349792,0.7850000262260437,0.3691999912261963
YGL251C,YKR053C,0,-5.86685,0.1753014773130417,0.7850000262260437,0.3693000078201294
YFL021W,YGL073W,0,-5.866906,0.17526233196258545,0.7850000262260437,0.3693999946117401
YML067C,YNR032W,0,-5.866972,0.1752232164144516,0.7850000262260437,0.3695000112056732
YPR007C,YDR469W,0,-5.8669815,0.17518411576747894,0.7850000262260437,0.36959999799728394
YBR217W,YOL020W,0,-5.8671036,0.17514503002166748,0.7850000262260437,0.36970001459121704
YLR276C,YOL108C,0,-5.8674808,0.1751059591770172,0.7850000262260437,0.36980000138282776
YGL256W,YLR293C,0,-5.867621,0.17506690323352814,0.7850000262260437,0.3698999881744385
YNL314W,YPR189W,0,-5.8676276,0.17502787709236145,0.7850000262260437,0.3700000047683716
YNL166C,YPR032W,0,-5.8676405,0.17498885095119476,0.7850000262260437,0.3700999915599823
YMR292W,YDL111C,0,-5.867798,0.17494985461235046,0.7850000262260437,0.3702000081539154
YGR166W,YGR159C,0,-5.867838,0.17491087317466736,0.7850000262260437,0.3702999949455261
YER061C,YPL022W,0,-5.868702,0.17487190663814545,0.7850000262260437,0.37040001153945923
YMR275C,YLR007W,0,-5.8689866,0.17483295500278473,0.7850000262260437,0.37049999833106995
YIL150C,YOL148C,0,-5.869647,0.1747940331697464,0.7850000262260437,0.37059998512268066
YML116W,YMR267W,0,-5.8704076,0.17475512623786926,0.7850000262260437,0.37070000171661377
YGL032C,YLR231C,0,-5.8717804,0.17471621930599213,0.7850000262260437,0.3707999885082245
YDL056W,YPR144C,0,-5.871781,0.17467734217643738,0.7850000262260437,0.3709000051021576
YBR288C,YLR130C,0,-5.8720512,0.17463847994804382,0.7850000262260437,0.3709999918937683
YLR242C,YFL031W,0,-5.8720922,0.17459964752197266,0.7850000262260437,0.3711000084877014
YNL136W,YOR087W,0,-5.872154,0.1745608150959015,0.7850000262260437,0.37119999527931213
YER017C,YKL016C,0,-5.8725038,0.1745220124721527,0.7850000262260437,0.37130001187324524
YGR252W,YJR158W,0,-5.872658,0.17448322474956512,0.7850000262260437,0.37139999866485596
YDR288W,YMR231W,0,-5.8727417,0.17444443702697754,0.7850000262260437,0.3714999854564667
YLR371W,YPL235W,0,-5.8732605,0.17440569400787354,0.7850000262260437,0.3716000020503998
YGR041W,YDR113C,0,-5.873296,0.17436695098876953,0.7850000262260437,0.3716999888420105
YHR188C,YBL046W,0,-5.8735313,0.17432822287082672,0.7850000262260437,0.3718000054359436
YGL209W,YJL036W,0,-5.8736277,0.1742895245552063,0.7850000262260437,0.3718999922275543
YAL034W-A,YPL012W,0,-5.873955,0.17425082623958588,0.7850000262260437,0.3720000088214874
YMR038C,YGR181W,0,-5.874029,0.17421215772628784,0.7850000262260437,0.37209999561309814
YBL047C,YGL136C,0,-5.874294,0.174173504114151,0.7850000262260437,0.37220001220703125
YJL091C,YFL017W-A,0,-5.8745246,0.17413486540317535,0.7850000262260437,0.37229999899864197
YGR133W,YGR272C,0,-5.8749113,0.1740962564945221,0.7850000262260437,0.3723999857902527
YOR326W,YHR006W,0,-5.87531,0.17405764758586884,0.7850000262260437,0.3725000023841858
YNL026W,YML001W,0,-5.8762727,0.17401906847953796,0.7850000262260437,0.3725999891757965
YHR143W,YLR182W,0,-5.877893,0.1739804893732071,0.7850000262260437,0.3727000057697296
YOR377W,YIR019C,0,-5.877908,0.1739419400691986,0.7850000262260437,0.37279999256134033
YKR054C,YEL051W,0,-5.87814,0.17390340566635132,0.7850000262260437,0.37290000915527344
YNL230C,YIL076W,0,-5.878236,0.17386490106582642,0.7850000262260437,0.37299999594688416
YGL106W,YDR131C,0,-5.8785286,0.1738263964653015,0.7850000262260437,0.37310001254081726
YPL213W,YML025C,0,-5.879344,0.1737879067659378,0.7850000262260437,0.373199999332428
YIR025W,YOL102C,0,-5.8806667,0.17374944686889648,0.7850000262260437,0.3732999861240387
YHR072W-A,YER087C-A,0,-5.8810887,0.17371100187301636,0.7850000262260437,0.3734000027179718
YJL191W,YOR115C,0,-5.881115,0.17367257177829742,0.7850000262260437,0.3734999895095825
YDR308C,YOR083W,0,-5.8813014,0.17363415658473969,0.7850000262260437,0.3736000061035156
YJR160C,YIR026C,0,-5.881406,0.17359575629234314,0.7850000262260437,0.37369999289512634
YER075C,YPL122C,0,-5.8817616,0.1735573709011078,0.7850000262260437,0.37380000948905945
YIL051C,YCR027C,0,-5.8823476,0.17351901531219482,0.7850000262260437,0.37389999628067017
YMR128W,YLR459W,0,-5.882353,0.17348065972328186,0.7850000262260437,0.37400001287460327
YGL063W,YBR198C,0,-5.8826237,0.17344233393669128,0.7850000262260437,0.374099999666214
YDR264C,YNR017W,0,-5.8830748,0.1734040230512619,0.7850000262260437,0.3741999864578247
YPR073C,YJR110W,0,-5.8831077,0.1733657270669937,0.7850000262260437,0.3743000030517578
YMR255W,YCR073W-A,1,-5.8834033,0.17354825139045715,0.7860000133514404,0.3743000030517578
YMR255W,YER105C,1,-5.8834434,0.17373068630695343,0.7870000004768372,0.3743000030517578
YBL019W,YPL200W,0,-5.8840256,0.17369234561920166,0.7870000004768372,0.37439998984336853
YOL043C,YPL092W,0,-5.8847904,0.17365401983261108,0.7870000004768372,0.37450000643730164
YKL006C-A,YML014W,0,-5.884835,0.1736157089471817,0.7870000004768372,0.37459999322891235
YMR246W,YHR058C,0,-5.884864,0.1735774129629135,0.7870000004768372,0.37470000982284546
YDR079C-A,YNR006W,0,-5.884889,0.1735391467809677,0.7870000004768372,0.3747999966144562
YGR229C,YMR077C,0,-5.8852744,0.1735008805990219,0.7870000004768372,0.3749000132083893
YLR268W,YER160C,0,-5.8854046,0.1734626442193985,0.7870000004768372,0.375
YER015W,YLR376C,0,-5.885731,0.17342442274093628,0.7870000004768372,0.3750999867916107
YNL073W,YLL013C,0,-5.885969,0.17338620126247406,0.7870000004768372,0.3752000033855438
YLR320W,YJL203W,0,-5.885972,0.17334802448749542,0.7870000004768372,0.37529999017715454
YDR448W,YGL087C,0,-5.8864965,0.17330984771251678,0.7870000004768372,0.37540000677108765
YBR041W,YGR099W,0,-5.886921,0.17327168583869934,0.7870000004768372,0.37549999356269836
YOR058C,YKL058W,0,-5.887043,0.1732335388660431,0.7870000004768372,0.37560001015663147
YNR033W,YKL082C,0,-5.887368,0.17319542169570923,0.7870000004768372,0.3756999969482422
YMR165C,YHR197W,0,-5.8877764,0.17315731942653656,0.7870000004768372,0.3758000135421753
YLR284C,YGR197C,0,-5.887829,0.17311923205852509,0.7870000004768372,0.375900000333786
YKR052C,YDR341C,0,-5.8880215,0.1730811595916748,0.7870000004768372,0.37599998712539673
YAL026C,YHR004C,0,-5.8880644,0.17304310202598572,0.7870000004768372,0.37610000371932983
YFL005W,YKR101W,0,-5.888089,0.17300505936145782,0.7870000004768372,0.37619999051094055
YOR157C,YPL253C,0,-5.8887987,0.17296703159809113,0.7870000004768372,0.37630000710487366
YOL008W,YGL095C,0,-5.8892922,0.17292903363704681,0.7870000004768372,0.3763999938964844
YGL097W,YHR167W,1,-5.8893776,0.1731107234954834,0.7879999876022339,0.3763999938964844
YPL164C,YDR195W,0,-5.889776,0.1730726957321167,0.7879999876022339,0.3765000104904175
YJR137C,YGR007W,0,-5.889971,0.1730346977710724,0.7879999876022339,0.3765999972820282
YOR334W,YDR312W,0,-5.890136,0.17299669981002808,0.7879999876022339,0.3767000138759613
YNL242W,YPL112C,0,-5.8902493,0.17295873165130615,0.7879999876022339,0.376800000667572
YOL026C,YDR465C,0,-5.8904085,0.17292077839374542,0.7879999876022339,0.37689998745918274
YBR034C,YMR129W,1,-5.8905373,0.1731022447347641,0.7889999747276306,0.37689998745918274
YER107C,YHR167W,1,-5.891217,0.1732836216688156,0.7900000214576721,0.37689998745918274
YDR217C,YLR466W,0,-5.8916907,0.1732456088066101,0.7900000214576721,0.37700000405311584
YPL125W,YHR120W,0,-5.8918533,0.173207625746727,0.7900000214576721,0.37709999084472656
YJR104C,YML034W,0,-5.8920536,0.17316965758800507,0.7900000214576721,0.37720000743865967
YHR157W,YOR083W,0,-5.8922334,0.17313170433044434,0.7900000214576721,0.3772999942302704
YKR034W,YGL151W,0,-5.8923044,0.173093780875206,0.7900000214576721,0.3774000108242035
YKR026C,YKL058W,0,-5.892452,0.17305585741996765,0.7900000214576721,0.3774999976158142
YGL005C,YHR066W,0,-5.89258,0.1730179637670517,0.7900000214576721,0.3776000142097473
YHR164C,YKR008W,0,-5.892609,0.17298007011413574,0.7900000214576721,0.37770000100135803
YDR283C,YDR325W,0,-5.892858,0.17294220626354218,0.7900000214576721,0.37779998779296875
YHR152W,YIL126W,0,-5.893095,0.1729043573141098,0.7900000214576721,0.37790000438690186
YLR201C,YLR371W,0,-5.893216,0.17286652326583862,0.7900000214576721,0.3779999911785126
YDR207C,YFL004W,0,-5.893487,0.17282870411872864,0.7900000214576721,0.3781000077724457
YDR163W,YMR004W,0,-5.8938475,0.17279089987277985,0.7900000214576721,0.3781999945640564
YBR153W,YGR042W,0,-5.8940964,0.17275311052799225,0.7900000214576721,0.3783000111579895
YDR294C,YAL001C,0,-5.8941,0.17271535098552704,0.7900000214576721,0.3783999979496002
YIL048W,YGL208W,0,-5.894168,0.17267759144306183,0.7900000214576721,0.3785000145435333
YML062C,YDR192C,1,-5.894639,0.17285838723182678,0.7910000085830688,0.3785000145435333
YNL023C,YMR292W,0,-5.896083,0.17282062768936157,0.7910000085830688,0.37860000133514404
YOR014W,YBR012W-B,0,-5.896311,0.17278286814689636,0.7910000085830688,0.37869998812675476
YAR044W,YML025C,0,-5.896585,0.17274513840675354,0.7910000085830688,0.37880000472068787
YLR047C,YMR177W,0,-5.896885,0.1727074235677719,0.7910000085830688,0.3788999915122986
YIL112W,YBR188C,0,-5.897485,0.17266972362995148,0.7910000085830688,0.3790000081062317
YML034W,YGL098W,0,-5.8975735,0.17263203859329224,0.7910000085830688,0.3790999948978424
YNR057C,YDR076W,0,-5.8978996,0.1725943684577942,0.7910000085830688,0.3792000114917755
YFR029W,YFL058W,0,-5.8980446,0.17255671322345734,0.7910000085830688,0.37929999828338623
YKR062W,YGL098W,0,-5.898694,0.17251908779144287,0.7910000085830688,0.37940001487731934
YPL237W,YKR053C,0,-5.8987293,0.1724814623594284,0.7910000085830688,0.37950000166893005
YLR078C,YDR093W,0,-5.8990355,0.17244386672973633,0.7910000085830688,0.37959998846054077
YER028C,YML025C,0,-5.8997917,0.17240627110004425,0.7910000085830688,0.3797000050544739
YIL019W,YOR213C,0,-5.8999767,0.17236870527267456,0.7910000085830688,0.3797999918460846
YOR058C,YJL184W,0,-5.900239,0.17233115434646606,0.7910000085830688,0.3799000084400177
YHR039C,YBL025W,0,-5.9002466,0.17229361832141876,0.7910000085830688,0.3799999952316284
YER045C,YIL109C,0,-5.9002934,0.17225609719753265,0.7910000085830688,0.3801000118255615
YLR052W,YKL001C,0,-5.9009247,0.17221859097480774,0.7910000085830688,0.38019999861717224
YER021W,YPL234C,0,-5.900998,0.17218109965324402,0.7910000085830688,0.38029998540878296
YOR239W,YBR035C,0,-5.901026,0.17214363813400269,0.7910000085830688,0.38040000200271606
YMR177W,YOR103C,0,-5.9015427,0.17210617661476135,0.7910000085830688,0.3804999887943268
YIL095W,YIR026C,0,-5.902108,0.1720687448978424,0.7910000085830688,0.3806000053882599
YML062C,YHR167W,1,-5.90217,0.17224881052970886,0.7919999957084656,0.3806000053882599
YOR188W,YLR448W,0,-5.902321,0.17221134901046753,0.7919999957084656,0.3806999921798706
YLR006C,YJR049C,0,-5.903038,0.17217391729354858,0.7919999957084656,0.3808000087738037
YGL087C,YNL064C,0,-5.9035134,0.17213648557662964,0.7919999957084656,0.38089999556541443
YKL005C,YML042W,0,-5.903528,0.17209908366203308,0.7919999957084656,0.38100001215934753
YJR089W,YCR027C,0,-5.9035387,0.17206169664859772,0.7919999957084656,0.38109999895095825
YJL021C,YMR275C,0,-5.904992,0.17202432453632355,0.7919999957084656,0.38119998574256897
YPR183W,YHR004C,0,-5.906462,0.17198696732521057,0.7919999957084656,0.3813000023365021
YJL014W,YHL036W,0,-5.9067583,0.1719496250152588,0.7919999957084656,0.3813999891281128
YOR239W,YMR198W,0,-5.9069233,0.1719123125076294,0.7919999957084656,0.3815000057220459
YER044C,YBR159W,0,-5.90708,0.171875,0.7919999957084656,0.3815999925136566
YNL312W,YFL002C,0,-5.9075756,0.1718377023935318,0.7919999957084656,0.3817000091075897
YCL060C,YMR089C,0,-5.9077816,0.171800434589386,0.7919999957084656,0.38179999589920044
YHR107C,YOR129C,0,-5.908449,0.17176318168640137,0.7919999957084656,0.38190001249313354
YML071C,YMR311C,0,-5.908679,0.17172592878341675,0.7919999957084656,0.38199999928474426
YPR124W,YLR254C,0,-5.9087873,0.17168870568275452,0.7919999957084656,0.382099986076355
YMR316W,YOR351C,0,-5.908841,0.17165149748325348,0.7919999957084656,0.3822000026702881
YFR031C,YIL138C,0,-5.9092083,0.17161430418491364,0.7919999957084656,0.3822999894618988
YGR078C,YDL095W,0,-5.9093733,0.17157712578773499,0.7919999957084656,0.3824000060558319
YGL111W,YFR040W,0,-5.909474,0.17153996229171753,0.7919999957084656,0.3824999928474426
YMR133W,YKL086W,0,-5.9095173,0.17150281369686127,0.7919999957084656,0.38260000944137573
YLL019C,YOR326W,0,-5.909736,0.1714656800031662,0.7919999957084656,0.38269999623298645
YFL011W-A,YOR038C,0,-5.9097424,0.17142857611179352,0.7919999957084656,0.38280001282691956
YDL178W,YGR179C,0,-5.9099245,0.17139147222042084,0.7919999957084656,0.3828999996185303
YML069W,YOR087W,0,-5.9101033,0.17135439813137054,0.7919999957084656,0.382999986410141
YNL271C,YMR008C,0,-5.9101505,0.17131732404232025,0.7919999957084656,0.3831000030040741
YLR186W,YHL031C,0,-5.9102554,0.17128027975559235,0.7919999957084656,0.3831999897956848
YBR210W,YPR081C,0,-5.9103584,0.17124325037002563,0.7919999957084656,0.3833000063896179
YGL222C,YDR308C,0,-5.910667,0.17120622098445892,0.7919999957084656,0.38339999318122864
YBL058W,YGR229C,0,-5.9107995,0.1711692214012146,0.7919999957084656,0.38350000977516174
YBR228W,YDR356W,0,-5.910909,0.17113223671913147,0.7919999957084656,0.38359999656677246
YJR035W,YOL093W,0,-5.911213,0.17109526693820953,0.7919999957084656,0.38370001316070557
YNL164C,YKL019W,0,-5.911482,0.1710583120584488,0.7919999957084656,0.3837999999523163
YPR105C,YOR259C,0,-5.9115515,0.17102137207984924,0.7919999957084656,0.383899986743927
YMR025W,YNL136W,0,-5.912075,0.17098446190357208,0.7919999957084656,0.3840000033378601
YDR096W,YHR039C-B,0,-5.9124475,0.17094755172729492,0.7919999957084656,0.3840999901294708
YPR119W,YLR227W-B,0,-5.9125004,0.17091065645217896,0.7919999957084656,0.38420000672340393
YKL143W,YLR288C,0,-5.9126177,0.17087379097938538,0.7919999957084656,0.38429999351501465
YPL270W,YMR272C,0,-5.9128942,0.1708369255065918,0.7919999957084656,0.38440001010894775
YCR066W,YBL100W-A,0,-5.9134912,0.1708000898361206,0.7919999957084656,0.38449999690055847
YMR202W,YJL029C,0,-5.9139547,0.17076325416564941,0.7919999957084656,0.3846000134944916
YGL004C,YDR324C,0,-5.913984,0.1707264482975006,0.7919999957084656,0.3847000002861023
YOR301W,YNL247W,0,-5.9141192,0.170689657330513,0.7919999957084656,0.384799987077713
YDR443C,YBL004W,0,-5.914586,0.17065288126468658,0.7919999957084656,0.3849000036716461
YDL029W,YBR131W,0,-5.914799,0.17061612010002136,0.7919999957084656,0.38499999046325684
YGL105W,YKR002W,1,-5.9158015,0.17079474031925201,0.7929999828338623,0.38499999046325684
YDR501W,YMR054W,0,-5.916236,0.1707579642534256,0.7929999828338623,0.38510000705718994
YER145C,YMR077C,0,-5.9163017,0.17072120308876038,0.7929999828338623,0.38519999384880066
YPR002W,YEL057C,0,-5.916442,0.17068445682525635,0.7929999828338623,0.38530001044273376
YJR093C,YIR041W,0,-5.916621,0.1706477254629135,0.7929999828338623,0.3853999972343445
YGR178C,YBR082C,0,-5.9167314,0.17061100900173187,0.7929999828338623,0.3855000138282776
YDR122W,YCL019W,0,-5.9167747,0.17057432234287262,0.7929999828338623,0.3856000006198883
YPL192C,YOR089C,0,-5.9172287,0.17053763568401337,0.7929999828338623,0.385699987411499
YGR007W,YIL031W,0,-5.9172397,0.1705009639263153,0.7929999828338623,0.38580000400543213
YHR019C,YDR217C,0,-5.9175954,0.17046432197093964,0.7929999828338623,0.38589999079704285
YKL005C,YBR275C,0,-5.917884,0.17042768001556396,0.7929999828338623,0.38600000739097595
YDL227C,YOR304W,0,-5.918174,0.17039106786251068,0.7929999828338623,0.38609999418258667
YPR135W,YLL022C,0,-5.9186864,0.1703544557094574,0.7929999828338623,0.3862000107765198
YMR004W,YDR311W,0,-5.918745,0.1703178733587265,0.7929999828338623,0.3862999975681305
YLR170C,YDR113C,0,-5.919017,0.1702812910079956,0.7929999828338623,0.3864000141620636
YKR002W,YMR235C,1,-5.919583,0.17045941948890686,0.7940000295639038,0.3864000141620636
YLR197W,YLR337C,0,-5.9198337,0.17042283713817596,0.7940000295639038,0.3865000009536743
YPL169C,YKR002W,1,-5.919881,0.17060086131095886,0.7950000166893005,0.3865000009536743
YGL251C,YKL175W,0,-5.9205694,0.17056424915790558,0.7950000166893005,0.38659998774528503
YML113W,YOR304W,0,-5.921441,0.17052766680717468,0.7950000166893005,0.38670000433921814
YMR322C,YBL100W-B,0,-5.921841,0.17049109935760498,0.7950000166893005,0.38679999113082886
YMR188C,YDR228C,0,-5.921859,0.17045454680919647,0.7950000166893005,0.38690000772476196
YGR163W,YJL148W,0,-5.922081,0.17041800916194916,0.7950000166893005,0.3869999945163727
YLR115W,YDR221W,0,-5.922141,0.17038148641586304,0.7950000166893005,0.3871000111103058
YFL010W-A,YLR163C,0,-5.9222126,0.1703449785709381,0.7950000166893005,0.3871999979019165
YDR096W,YOL109W,0,-5.92248,0.17030848562717438,0.7950000166893005,0.3873000144958496
YNL159C,YGL226C-A,0,-5.9225807,0.17027200758457184,0.7950000166893005,0.3874000012874603
YBL056W,YLL021W,0,-5.9226036,0.1702355444431305,0.7950000166893005,0.38749998807907104
YHR015W,YHR167W,1,-5.9229317,0.17041318118572235,0.7960000038146973,0.38749998807907104
YDL030W,YNL131W,0,-5.9229746,0.170376718044281,0.7960000038146973,0.38760000467300415
YBR253W,YOL028C,0,-5.923029,0.17034025490283966,0.7960000038146973,0.38769999146461487
YLR391W,YNL002C,0,-5.9231052,0.1703038066625595,0.7960000038146973,0.387800008058548
YNR016C,YNL097C,0,-5.923473,0.17026737332344055,0.7960000038146973,0.3878999948501587
YMR238W,YPL174C,0,-5.9236317,0.17023096978664398,0.7960000038146973,0.3880000114440918
YLR165C,YJR145C,0,-5.923824,0.1701945662498474,0.7960000038146973,0.3880999982357025
YHR081W,YJR156C,0,-5.924058,0.17015819251537323,0.7960000038146973,0.3882000148296356
YFL021W,YDR260C,0,-5.9245996,0.17012181878089905,0.7960000038146973,0.38830000162124634
YFR024C,YDR515W,0,-5.9246316,0.17008547484874725,0.7960000038146973,0.38839998841285706
YPL179W,YDR449C,0,-5.9248238,0.17004913091659546,0.7960000038146973,0.38850000500679016
YDR423C,YHL036W,0,-5.925107,0.17001281678676605,0.7960000038146973,0.3885999917984009
YML062C,YLR016C,1,-5.9251485,0.17019005119800568,0.796999990940094,0.3885999917984009
YJL179W,YER180C-A,0,-5.9251757,0.17015372216701508,0.796999990940094,0.388700008392334
YIL002C,YGR046W,0,-5.9257936,0.17011739313602448,0.796999990940094,0.3887999951839447
YHL020C,YBR167C,0,-5.9262247,0.17008109390735626,0.796999990940094,0.3889000117778778
YHR053C,YJR150C,0,-5.926586,0.17004480957984924,0.796999990940094,0.3889999985694885
YLR391W,YIL126W,0,-5.9266343,0.17000852525234222,0.796999990940094,0.38909998536109924
YBL006C,YGL104C,0,-5.926779,0.1699722707271576,0.796999990940094,0.38920000195503235
YMR042W,YGR220C,0,-5.926812,0.16993603110313416,0.796999990940094,0.38929998874664307
YER100W,YCL033C,0,-5.9269085,0.1698998063802719,0.796999990940094,0.38940000534057617
YNL219C,YMR177W,0,-5.9270945,0.16986359655857086,0.796999990940094,0.3894999921321869
YOL086C,YJR160C,0,-5.927135,0.169827401638031,0.796999990940094,0.38960000872612
YJR093C,YLR113W,0,-5.9276934,0.16979122161865234,0.796999990940094,0.3896999955177307
YCL025C,YCL034W,0,-5.9284096,0.16975505650043488,0.796999990940094,0.3898000121116638
YGL048C,YDR078C,0,-5.928549,0.1697189062833786,0.796999990940094,0.38989999890327454
YDR138W,YBL030C,1,-5.9286585,0.16989567875862122,0.7979999780654907,0.38989999890327454
YLR100W,YDR172W,0,-5.928748,0.16985951364040375,0.7979999780654907,0.38999998569488525
YMR041C,YHR039C-B,0,-5.928892,0.16982336342334747,0.7979999780654907,0.39010000228881836
YMR080C,YAL016W,0,-5.929263,0.1697872281074524,0.7979999780654907,0.3901999890804291
YOR157C,YPL193W,0,-5.9295025,0.1697511225938797,0.7979999780654907,0.3903000056743622
YJR137C,YGR220C,0,-5.929556,0.169715017080307,0.7979999780654907,0.3903999924659729
YDL200C,YER009W,0,-5.93021,0.1696789264678955,0.7979999780654907,0.390500009059906
YDR272W,YHR060W,0,-5.930377,0.1696428507566452,0.7979999780654907,0.3905999958515167
YNL329C,YDR077W,0,-5.930552,0.16960680484771729,0.7979999780654907,0.39070001244544983
YER179W,YPL221W,0,-5.931074,0.16957075893878937,0.7979999780654907,0.39079999923706055
YDR296W,YHR026W,0,-5.93149,0.16953474283218384,0.7979999780654907,0.39089998602867126
YDR419W,YDR416W,0,-5.9315577,0.1694987267255783,0.7979999780654907,0.39100000262260437
YHR120W,YNL329C,0,-5.931836,0.16946272552013397,0.7979999780654907,0.3910999894142151
YDL019C,YKR001C,0,-5.93202,0.16942675411701202,0.7979999780654907,0.3912000060081482
YCR020W-B,YML039W,0,-5.932208,0.16939078271389008,0.7979999780654907,0.3912999927997589
YNL231C,YML069W,0,-5.9326186,0.16935484111309052,0.7979999780654907,0.391400009393692
YNL242W,YLR105C,0,-5.9329147,0.16931889951229095,0.7979999780654907,0.39149999618530273
YKL200C,YIL138C,0,-5.933196,0.16928298771381378,0.7979999780654907,0.39160001277923584
YDR443C,YDR486C,0,-5.933476,0.1692470908164978,0.7979999780654907,0.39169999957084656
YLL022C,YOL003C,0,-5.9338284,0.16921119391918182,0.7979999780654907,0.3917999863624573
YML094W,YPL137C,0,-5.933917,0.16917532682418823,0.7979999780654907,0.3919000029563904
YLR391W,YEL037C,0,-5.9339514,0.16913945972919464,0.7979999780654907,0.3919999897480011
YGL256W,YJR050W,0,-5.934684,0.16910362243652344,0.7979999780654907,0.3921000063419342
YMR227C,YAR010C,0,-5.934787,0.16906780004501343,0.7979999780654907,0.3921999931335449
YNR075W,YLR224W,0,-5.934838,0.16903197765350342,0.7979999780654907,0.392300009727478
YNL232W,YDR523C,0,-5.9349327,0.1689961850643158,0.7979999780654907,0.39239999651908875
YGL045W,YKL141W,0,-5.9354067,0.16896040737628937,0.7979999780654907,0.39250001311302185
YKL025C,YDR465C,0,-5.935598,0.16892464458942413,0.7979999780654907,0.39259999990463257
YMR255W,YGL097W,1,-5.9356647,0.16910052299499512,0.7990000247955322,0.39259999990463257
YDL088C,YOL072W,1,-5.9362907,0.16927634179592133,0.800000011920929,0.39259999990463257
YLR032W,YHR062C,0,-5.936434,0.1692405343055725,0.800000011920929,0.3926999866962433
YLR228C,YDL161W,0,-5.936451,0.1692047417163849,0.800000011920929,0.3928000032901764
YNL042W,YKR083C,0,-5.936741,0.16916896402835846,0.800000011920929,0.3928999900817871
YPR105C,YNL080C,0,-5.9369035,0.16913318634033203,0.800000011920929,0.3930000066757202
YBL084C,YLL013C,0,-5.9373856,0.169097438454628,0.800000011920929,0.39309999346733093
YKL008C,YPL055C,0,-5.937697,0.16906170547008514,0.800000011920929,0.39320001006126404
YNR052C,YGL244W,0,-5.9378242,0.1690259873867035,0.800000011920929,0.39329999685287476
YNL036W,YGR296W,0,-5.938388,0.16899028420448303,0.800000011920929,0.39340001344680786
YPR112C,YHL006C,0,-5.938435,0.16895459592342377,0.800000011920929,0.3935000002384186
YJR135C,YJL059W,0,-5.9392395,0.1689189225435257,0.800000011920929,0.3935999870300293
YBR161W,YOR304W,0,-5.9392533,0.16888326406478882,0.800000011920929,0.3937000036239624
YPL209C,YBR172C,0,-5.9398556,0.16884762048721313,0.800000011920929,0.3937999904155731
YCR020W-B,YMR050C,0,-5.939901,0.16881199181079865,0.800000011920929,0.3939000070095062
YGL122C,YPR080W,1,-5.940004,0.16898734867572784,0.8009999990463257,0.3939000070095062
YMR192W,YKL203C,0,-5.940286,0.16895170509815216,0.8009999990463257,0.39399999380111694
YOL013C,YOR208W,0,-5.940577,0.16891607642173767,0.8009999990463257,0.39410001039505005
YPR018W,YLR227W-B,0,-5.9410872,0.16888046264648438,0.8009999990463257,0.39419999718666077
YFL035C,YBR060C,0,-5.9411373,0.16884486377239227,0.8009999990463257,0.39430001378059387
YCR089W,YLL003W,0,-5.94133,0.16880927979946136,0.8009999990463257,0.3944000005722046
YNL173C,YOR321W,0,-5.941367,0.16877371072769165,0.8009999990463257,0.3944999873638153
YNL059C,YMR117C,0,-5.9417152,0.16873815655708313,0.8009999990463257,0.3946000039577484
YIL040W,YKR002W,1,-5.9419765,0.16891323029994965,0.8019999861717224,0.3946000039577484
YLR014C,YLR020C,0,-5.9422503,0.16887766122817993,0.8019999861717224,0.39469999074935913
YBL014C,YMR260C,0,-5.9427166,0.1688421070575714,0.8019999861717224,0.39480000734329224
YGR097W,YAL015C,0,-5.9433107,0.16880656778812408,0.8019999861717224,0.39489999413490295
YDR192C,YCR073W-A,1,-5.9433994,0.16898147761821747,0.8029999732971191,0.39489999413490295
YEL029C,YJL222W,0,-5.943575,0.16894592344760895,0.8029999732971191,0.39500001072883606
YGR166W,YLR354C,0,-5.94361,0.16891038417816162,0.8029999732971191,0.3950999975204468
YPL244C,YIL037C,0,-5.9436145,0.16887487471103668,0.8029999732971191,0.3952000141143799
YKL204W,YMR296C,0,-5.944008,0.16883936524391174,0.8029999732971191,0.3953000009059906
YDL101C,YMR227C,0,-5.9441614,0.168803870677948,0.8029999732971191,0.3953999876976013
YOR355W,YOL108C,0,-5.9444337,0.16876839101314545,0.8029999732971191,0.3955000042915344
YDR123C,YBL005W-B,0,-5.9446707,0.1687329262495041,0.8029999732971191,0.39559999108314514
YNL230C,YER149C,0,-5.9449205,0.16869747638702393,0.8029999732971191,0.39570000767707825
YGR224W,YFL002C,0,-5.945532,0.16866204142570496,0.8029999732971191,0.39579999446868896
YPR025C,YFR009W,0,-5.9456587,0.16862662136554718,0.8029999732971191,0.39590001106262207
YHR069C,YGL212W,0,-5.945986,0.1685912311077118,0.8029999732971191,0.3959999978542328
YOL049W,YPL190C,0,-5.946412,0.1685558408498764,0.8029999732971191,0.3961000144481659
YOR067C,YLR337C,0,-5.947041,0.1685204654932022,0.8029999732971191,0.3962000012397766
YBL014C,YKR037C,0,-5.947133,0.1684851050376892,0.8029999732971191,0.39629998803138733
YJL072C,YLR264W,0,-5.947592,0.1684497594833374,0.8029999732971191,0.39640000462532043
YOR298C-A,YNL332W,0,-5.947711,0.1684144288301468,0.8029999732971191,0.39649999141693115
YIR017C,YPR065W,0,-5.9484806,0.16837911307811737,0.8029999732971191,0.39660000801086426
YIL124W,YOR074C,0,-5.948517,0.16834381222724915,0.8029999732971191,0.396699994802475
YLR114C,YML080W,0,-5.9486694,0.16830852627754211,0.8029999732971191,0.3968000113964081
YPL178W,YIL056W,0,-5.9487133,0.16827325522899628,0.8029999732971191,0.3968999981880188
YMR184W,YKL060C,0,-5.94903,0.16823799908161163,0.8029999732971191,0.3970000147819519
YDR260C,YDR080W,0,-5.949441,0.16820275783538818,0.8029999732971191,0.3971000015735626
YGR202C,YGL153W,0,-5.950246,0.16816754639148712,0.8029999732971191,0.39719998836517334
YOR260W,YDR170W-A,0,-5.95037,0.16813233494758606,0.8029999732971191,0.39730000495910645
YDR394W,YBR172C,0,-5.950476,0.1680971384048462,0.8029999732971191,0.39739999175071716
YMR060C,YER161C,0,-5.950592,0.16806195676326752,0.8029999732971191,0.39750000834465027
YMR277W,YGR272C,0,-5.9511356,0.16802679002285004,0.8029999732971191,0.397599995136261
YJR137C,YCL008C,0,-5.9518623,0.16799163818359375,0.8029999732971191,0.3977000117301941
YGR010W,YGR170W,0,-5.9518695,0.16795650124549866,0.8029999732971191,0.3977999985218048
YBR168W,YDR160W,0,-5.951976,0.16792137920856476,0.8029999732971191,0.3978999853134155
YMR202W,YDR018C,0,-5.952,0.16788625717163086,0.8029999732971191,0.39800000190734863
YHR116W,YCL059C,0,-5.952061,0.16785116493701935,0.8029999732971191,0.39809998869895935
YLR114C,YMR073C,0,-5.9522533,0.16781608760356903,0.8029999732971191,0.39820000529289246
YHR186C,YGR054W,0,-5.952282,0.1677810251712799,0.8029999732971191,0.3982999920845032
YCR086W,YPL221W,0,-5.952486,0.16774597764015198,0.8029999732971191,0.3984000086784363
YEL036C,YMR218C,0,-5.9526215,0.16771094501018524,0.8029999732971191,0.398499995470047
YPR016C,YMR050C,0,-5.952937,0.1676759272813797,0.8029999732971191,0.3986000120639801
YIL049W,YDR150W,0,-5.953189,0.16764092445373535,0.8029999732971191,0.3986999988555908
YLR429W,YFL036W,0,-5.9532003,0.167605921626091,0.8029999732971191,0.39879998564720154
YGL135W,YKL014C,0,-5.953303,0.16757094860076904,0.8029999732971191,0.39890000224113464
YMR015C,YBL004W,0,-5.953508,0.16753599047660828,0.8029999732971191,0.39899998903274536
YGL144C,YHR050W,0,-5.953541,0.1675010472536087,0.8029999732971191,0.39910000562667847
YEL032W,YOR004W,0,-5.9535475,0.16746610403060913,0.8029999732971191,0.3991999924182892
YJL091C,YGR027W-A,0,-5.953581,0.16743119060993195,0.8029999732971191,0.3993000090122223
YPR095C,YPR133W-A,0,-5.9537,0.16739629209041595,0.8029999732971191,0.399399995803833
YDR260C,YOR305W,0,-5.953824,0.16736139357089996,0.8029999732971191,0.3995000123977661
YHR115C,YDR172W,0,-5.954095,0.16732652485370636,0.8029999732971191,0.39959999918937683
YMR308C,YMR273C,1,-5.9542084,0.16750000417232513,0.8040000200271606,0.39959999918937683
YHR188C,YNL090W,0,-5.9544935,0.16746510565280914,0.8040000200271606,0.39969998598098755
YJR070C,YML046W,0,-5.9546022,0.16743023693561554,0.8040000200271606,0.39980000257492065
YKL013C,YER129W,0,-5.954988,0.16739538311958313,0.8040000200271606,0.39989998936653137
YLR330W,YMR238W,0,-5.9552913,0.16736052930355072,0.8040000200271606,0.4000000059604645
YML008C,YOL124C,0,-5.9556837,0.1673257052898407,0.8040000200271606,0.4000999927520752
YLR228C,YLR014C,0,-5.955696,0.16729088127613068,0.8040000200271606,0.4002000093460083
YGR249W,YLR157C-B,0,-5.9557686,0.16725608706474304,0.8040000200271606,0.400299996137619
YPL228W,YLR371W,0,-5.9559526,0.1672212928533554,0.8040000200271606,0.4004000127315521
YHR072W,YGR272C,0,-5.956496,0.16718652844429016,0.8040000200271606,0.40049999952316284
YML095C,YGR251W,0,-5.9565396,0.16715176403522491,0.8040000200271606,0.40059998631477356
YJL108C,YMR266W,0,-5.9565763,0.16711702942848206,0.8040000200271606,0.40070000290870667
YFL021W,YPL123C,0,-5.957619,0.1670822948217392,0.8040000200271606,0.4007999897003174
YMR229C,YOR084W,0,-5.958356,0.16704757511615753,0.8040000200271606,0.4009000062942505
YJL031C,YDR325W,0,-5.958482,0.16701288521289825,0.8040000200271606,0.4009999930858612
YJL021C,YGL253W,0,-5.9585447,0.16697819530963898,0.8040000200271606,0.4011000096797943
YHL036W,YIL030C,0,-5.959135,0.1669435203075409,0.8040000200271606,0.40119999647140503
YER045C,YBR288C,0,-5.9591804,0.166908860206604,0.8040000200271606,0.40130001306533813
YCL067C,YCL020W,0,-5.9592104,0.1668742150068283,0.8040000200271606,0.40139999985694885
YMR015C,YGL124C,0,-5.95949,0.166839599609375,0.8040000200271606,0.40149998664855957
YDL019C,YIL017W,0,-5.9595613,0.1668049842119217,0.8040000200271606,0.4016000032424927
YML034W,YOR088W,0,-5.959901,0.16677038371562958,0.8040000200271606,0.4016999900341034
YOR299W,YHR096C,0,-5.9599485,0.16673579812049866,0.8040000200271606,0.4018000066280365
YER088C,YDR288W,0,-5.9600973,0.16670122742652893,0.8040000200271606,0.4018999934196472
YOR260W,YGR281W,0,-5.960278,0.1666666716337204,0.8040000200271606,0.4020000100135803
YNL214W,YGR009C,0,-5.9603634,0.16663213074207306,0.8040000200271606,0.40209999680519104
YKL068W,YCR073W-A,1,-5.960367,0.16680480539798737,0.8050000071525574,0.40209999680519104
YOL094C,YHR111W,0,-5.960435,0.16677024960517883,0.8050000071525574,0.40220001339912415
YML093W,YCL019W,0,-5.9606647,0.1667357087135315,0.8050000071525574,0.40230000019073486
YPL126W,YJR086W,0,-5.960739,0.16670118272304535,0.8050000071525574,0.4023999869823456
YPR183W,YNL323W,0,-5.96102,0.1666666716337204,0.8050000071525574,0.4025000035762787
YJR070C,YHR027C,0,-5.9620357,0.16663216054439545,0.8050000071525574,0.4025999903678894
YIL002C,YBL007C,0,-5.9625077,0.16659767925739288,0.8050000071525574,0.4027000069618225
YAL055W,YHR099W,0,-5.96272,0.1665632128715515,0.8050000071525574,0.4027999937534332
YJL052W,YMR089C,0,-5.9628005,0.16652876138687134,0.8050000071525574,0.40290001034736633
YPL181W,YBR041W,0,-5.962968,0.16649430990219116,0.8050000071525574,0.40299999713897705
YOL028C,YGR042W,0,-5.96299,0.16645988821983337,0.8050000071525574,0.40310001373291016
YGR005C,YBL100W-B,0,-5.9633512,0.16642546653747559,0.8050000071525574,0.4032000005245209
YJR108W,YJR104C,0,-5.963545,0.16639107465744019,0.8050000071525574,0.4032999873161316
YHR102W,YLR410W-B,0,-5.9635687,0.16635668277740479,0.8050000071525574,0.4034000039100647
YOR119C,YOR084W,0,-5.963856,0.16632232069969177,0.8050000071525574,0.4034999907016754
YAR014C,YDR210C-D,0,-5.963921,0.16628795862197876,0.8050000071525574,0.4036000072956085
YDR388W,YGR143W,0,-5.9639444,0.16625361144542694,0.8050000071525574,0.40369999408721924
YHR129C,YGL223C,0,-5.9639845,0.16621927917003632,0.8050000071525574,0.40380001068115234
YDL029W,YNL326C,0,-5.96427,0.16618497669696808,0.8050000071525574,0.40389999747276306
YGR044C,YKL193C,0,-5.964326,0.16615067422389984,0.8050000071525574,0.40400001406669617
YJL021C,YJL108C,0,-5.9644113,0.1661163866519928,0.8050000071525574,0.4041000008583069
YNL006W,YOR254C,0,-5.9645543,0.16608211398124695,0.8050000071525574,0.4041999876499176
YCR038C,YNR023W,0,-5.964816,0.1660478562116623,0.8050000071525574,0.4043000042438507
YML043C,YER159C-A,0,-5.964839,0.16601361334323883,0.8050000071525574,0.4043999910354614
YMR056C,YCR038C,0,-5.9650984,0.16597938537597656,0.8050000071525574,0.40450000762939453
YJR053W,YDR131C,0,-5.9652443,0.1659451723098755,0.8050000071525574,0.40459999442100525
YDR365C,YJR119C,0,-5.96542,0.16591095924377441,0.8050000071525574,0.40470001101493835
YBR155W,YGL073W,0,-5.9656134,0.16587677597999573,0.8050000071525574,0.4047999978065491
YCL011C,YHR167W,1,-5.966151,0.16604861617088318,0.8059999942779541,0.4047999978065491
YBL102W,YOR305W,0,-5.9662056,0.1660144180059433,0.8059999942779541,0.4049000144004822
YGR056W,YDR365W-B,0,-5.9662514,0.1659802347421646,0.8059999942779541,0.4050000011920929
YGR042W,YPR158C-D,0,-5.9663916,0.16594605147838593,0.8059999942779541,0.4050999879837036
YBL045C,YCL005W-A,0,-5.9667325,0.16591189801692963,0.8059999942779541,0.4052000045776367
YNL130C,YDL014W,0,-5.9670568,0.16587775945663452,0.8059999942779541,0.40529999136924744
YGR167W,YDR409W,0,-5.967141,0.16584362089633942,0.8059999942779541,0.40540000796318054
YOR094W,YDR501W,0,-5.9674816,0.1658094972372055,0.8059999942779541,0.40549999475479126
YGL247W,YER056C,1,-5.9675736,0.16598108410835266,0.8069999814033508,0.40549999475479126
YPL204W,YLR166C,0,-5.96776,0.16594694554805756,0.8069999814033508,0.40560001134872437
YPL135W,YJL222W,0,-5.9679103,0.16591282188892365,0.8069999814033508,0.4056999981403351
YPL200W,YGL137W,0,-5.9684496,0.16587872803211212,0.8069999814033508,0.4058000147342682
YGL166W,YDR060W,0,-5.968472,0.1658446341753006,0.8069999814033508,0.4059000015258789
YGR003W,YPL096C-A,0,-5.9685645,0.16581055521965027,0.8069999814033508,0.4059999883174896
YGL153W,YHR165C,0,-5.9685936,0.16577650606632233,0.8069999814033508,0.40610000491142273
YJL042W,YHR039C-B,0,-5.968702,0.16574245691299438,0.8069999814033508,0.40619999170303345
YOR126C,YKL059C,0,-5.968772,0.16570842266082764,0.8069999814033508,0.40630000829696655
YKL200C,YEL051W,0,-5.968937,0.16567440330982208,0.8069999814033508,0.40639999508857727
YDR298C,YJR135C,0,-5.9689865,0.16564039885997772,0.8069999814033508,0.4065000116825104
YEL069C,YML060W,0,-5.969217,0.16560640931129456,0.8069999814033508,0.4065999984741211
YOR330C,YLR221C,0,-5.969413,0.1655724197626114,0.8069999814033508,0.4066999852657318
YNL074C,YDR316W-B,0,-5.9695683,0.1655384600162506,0.8069999814033508,0.4068000018596649
YBR021W,YHR015W,1,-5.9697857,0.16570959985256195,0.8080000281333923,0.4068000018596649
YDR038C,YGR095C,0,-5.9699492,0.16567562520503998,0.8080000281333923,0.40689998865127563
YGR099W,YLR227W-B,0,-5.9700274,0.165641650557518,0.8080000281333923,0.40700000524520874
YGL145W,YDR092W,0,-5.9700756,0.16560770571231842,0.8080000281333923,0.40709999203681946
YLR201C,YLR176C,0,-5.970298,0.16557377576828003,0.8080000281333923,0.40720000863075256
YDR184C,YMR025W,0,-5.9705987,0.16553984582424164,0.8080000281333923,0.4072999954223633
YIL044C,YHR204W,0,-5.970622,0.16550594568252563,0.8080000281333923,0.4074000120162964
YNR057C,YFL048C,0,-5.970747,0.16547204554080963,0.8080000281333923,0.4074999988079071
YDL029W,YBR121C,0,-5.971143,0.16543816030025482,0.8080000281333923,0.4075999855995178
YOR304W,YPR158W-B,0,-5.9720035,0.1654043048620224,0.8080000281333923,0.4077000021934509
YLR353W,YBL005W-B,0,-5.972151,0.16537044942378998,0.8080000281333923,0.40779998898506165
YDL028C,YPL159C,0,-5.9723825,0.16533660888671875,0.8080000281333923,0.40790000557899475
YPR093C,YDR079C-A,0,-5.972641,0.16530278325080872,0.8080000281333923,0.40799999237060547
YGL122C,YDR381W,1,-5.9729137,0.16547350585460663,0.8090000152587891,0.40799999237060547
YMR049C,YOL028C,0,-5.972986,0.1654396802186966,0.8090000152587891,0.4081000089645386
YIL077C,YNL284C-B,0,-5.973203,0.16540585458278656,0.8090000152587891,0.4081999957561493
YBR154C,YGR038C-A,0,-5.973239,0.16537202894687653,0.8090000152587891,0.4083000123500824
YER148W,YML045W,0,-5.9734406,0.16533823311328888,0.8090000152587891,0.4083999991416931
YER008C,YDR165W,0,-5.9736843,0.16530445218086243,0.8090000152587891,0.40849998593330383
YHR079C,YHR083W,0,-5.9736905,0.16527068614959717,0.8090000152587891,0.40860000252723694
YHR116W,YDR227W,0,-5.973725,0.1652369350194931,0.8090000152587891,0.40869998931884766
YER095W,YMR075W,0,-5.973763,0.16520318388938904,0.8090000152587891,0.40880000591278076
YPL271W,YHR160C,0,-5.9741225,0.16516946256160736,0.8090000152587891,0.4088999927043915
YDR040C,YDR246W,0,-5.974241,0.16513574123382568,0.8090000152587891,0.4090000092983246
YMR179W,YPL253C,0,-5.9744587,0.1651020348072052,0.8090000152587891,0.4090999960899353
YGL207W,YLR337W,0,-5.974477,0.1650683581829071,0.8090000152587891,0.4092000126838684
YDL220C,YOR182C,0,-5.9744997,0.165034681558609,0.8090000152587891,0.4092999994754791
YDR231C,YLR044C,0,-5.9745874,0.1650010198354721,0.8090000152587891,0.40939998626708984
YGR289C,YFR040W,0,-5.9745903,0.1649673730134964,0.8090000152587891,0.40950000286102295
YLR231C,YDR116C,0,-5.9748397,0.16493374109268188,0.8090000152587891,0.40959998965263367
YKL040C,YCR014C,0,-5.9748535,0.16490012407302856,0.8090000152587891,0.4097000062465668
YMR004W,YOR338W,0,-5.97488,0.16486652195453644,0.8090000152587891,0.4097999930381775
YKL008C,YKR053C,0,-5.9751234,0.1648329198360443,0.8090000152587891,0.4099000096321106
YHR027C,YGL039W,0,-5.9751415,0.16479934751987457,0.8090000152587891,0.4099999964237213
YGR239C,YCR080W,0,-5.975189,0.16476579010486603,0.8090000152587891,0.4101000130176544
YHR119W,YGR161W-A,0,-5.9759207,0.16473223268985748,0.8090000152587891,0.41019999980926514
YLL013C,YPR189W,0,-5.976078,0.16469869017601013,0.8090000152587891,0.41029998660087585
YHR129C,YGL137W,0,-5.9761095,0.16466517746448517,0.8090000152587891,0.41040000319480896
YDR464W,YPR137C-B,0,-5.9762735,0.1646316647529602,0.8090000152587891,0.4104999899864197
YFR009W,YIL037C,0,-5.976384,0.16459816694259644,0.8090000152587891,0.4106000065803528
YMR277W,YGR038C-A,0,-5.9765215,0.16456468403339386,0.8090000152587891,0.4106999933719635
YPR161C,YDR170W-A,0,-5.9765787,0.16453121602535248,0.8090000152587891,0.4108000099658966
YMR240C,YNL097C,0,-5.9769335,0.1644977629184723,0.8090000152587891,0.4108999967575073
YGR121C,YDL195W,0,-5.9775267,0.1644643247127533,0.8090000152587891,0.41100001335144043
YMR162C,YPL043W,0,-5.9776053,0.1644309014081955,0.8090000152587891,0.41110000014305115
YHR072W,YGR109W-B,0,-5.9781446,0.1643974781036377,0.8090000152587891,0.41119998693466187
YHL027W,YBL014C,0,-5.9781966,0.16436408460140228,0.8090000152587891,0.41130000352859497
YDL174C,YGL038C,0,-5.9782405,0.16433069109916687,0.8090000152587891,0.4113999903202057
YML057W,YGR027W-A,0,-5.97825,0.16429731249809265,0.8090000152587891,0.4115000069141388
YBR233W-A,YML109W,0,-5.978367,0.16426396369934082,0.8090000152587891,0.4115999937057495
YKR034W,YDR342C,0,-5.978553,0.164230614900589,0.8090000152587891,0.4117000102996826
YDR036C,YGR038C-B,0,-5.9788504,0.16419728100299835,0.8090000152587891,0.41179999709129333
YLL019C,YNL328C,0,-5.9789515,0.1641639620065689,0.8090000152587891,0.41190001368522644
YNL173C,YDR316W-A,0,-5.9790616,0.16413065791130066,0.8090000152587891,0.41200000047683716
YMR319C,YML097C,0,-5.9791393,0.1640973687171936,0.8090000152587891,0.4120999872684479
YOL005C,YHR012W,0,-5.979192,0.16406407952308655,0.8090000152587891,0.412200003862381
YIR006C,YNL151C,0,-5.9802284,0.16403082013130188,0.8090000152587891,0.4122999906539917
YLR385C,YPR158W-A,0,-5.9808626,0.1639975607395172,0.8090000152587891,0.4124000072479248
YJR009C,YCR083W,0,-5.981305,0.16396433115005493,0.8090000152587891,0.4124999940395355
YNL101W,YBR061C,0,-5.981795,0.16393110156059265,0.8090000152587891,0.41260001063346863
YEL016C,YHR039C-A,0,-5.9820843,0.16389788687229156,0.8090000152587891,0.41269999742507935
YJR147W,YAL002W,0,-5.9822865,0.16386470198631287,0.8090000152587891,0.41280001401901245
YDR059C,YDR365W-B,0,-5.982485,0.16383151710033417,0.8090000152587891,0.41290000081062317
YKL002W,YHR008C,0,-5.9828253,0.16379834711551666,0.8090000152587891,0.4129999876022339
YNR008W,YDL059C,0,-5.9832964,0.16376517713069916,0.8090000152587891,0.413100004196167
YPR119W,YBR119W,0,-5.9834013,0.16373203694820404,0.8090000152587891,0.4131999909877777
YMR220W,YKL200C,0,-5.983556,0.16369891166687012,0.8090000152587891,0.4133000075817108
YLR022C,YKR101W,0,-5.9838185,0.1636657863855362,0.8090000152587891,0.41339999437332153
YMR308C,YHR167W,1,-5.984156,0.16383494436740875,0.8100000023841858,0.41339999437332153
YDR072C,YCL019W,0,-5.9841795,0.16380181908607483,0.8100000023841858,0.41350001096725464
YDR258C,YIL147C,0,-5.984201,0.1637687087059021,0.8100000023841858,0.41359999775886536
YMR060C,YNL247W,0,-5.9843373,0.16373559832572937,0.8100000023841858,0.41370001435279846
YIL124W,YCL051W,0,-5.9845667,0.16370250284671783,0.8100000023841858,0.4138000011444092
YJL021C,YBR066C,0,-5.9846153,0.1636694222688675,0.8100000023841858,0.4138999879360199
YNL029C,YGL106W,0,-5.985056,0.16363635659217834,0.8100000023841858,0.414000004529953
YGL195W,YGL087C,0,-5.985269,0.1636033058166504,0.8100000023841858,0.4140999913215637
YLR391W,YGR118W,0,-5.9856014,0.16357026994228363,0.8100000023841858,0.4142000079154968
YLR192C,YMR044W,0,-5.985732,0.16353724896907806,0.8100000023841858,0.41429999470710754
YJR069C,YJR086W,0,-5.9858904,0.1635042428970337,0.8100000023841858,0.41440001130104065
YJL094C,YKL055C,0,-5.9859233,0.16347123682498932,0.8100000023841858,0.41449999809265137
YPR183W,YDR228C,0,-5.9862227,0.16343826055526733,0.8100000023841858,0.4146000146865845
YPL049C,YPR188C,0,-5.9863234,0.16340528428554535,0.8100000023841858,0.4147000014781952
YBR111W-A,YOL072W,1,-5.9870663,0.16357402503490448,0.8109999895095825,0.4147000014781952
YDR078C,YDR172W,0,-5.987361,0.1635410338640213,0.8109999895095825,0.4147999882698059
YOR230W,YOR142W-B,0,-5.987709,0.16350805759429932,0.8109999895095825,0.414900004863739
YNL166C,YDR080W,0,-5.98782,0.16347511112689972,0.8109999895095825,0.41499999165534973
YDR416W,YPL180W,0,-5.9880176,0.16344216465950012,0.8109999895095825,0.41510000824928284
YKL101W,YOL122C,0,-5.9880495,0.16340923309326172,0.8109999895095825,0.41519999504089355
YPL153C,YLR410W-A,0,-5.98838,0.1633763164281845,0.8109999895095825,0.41530001163482666
YOR103C,YMR060C,0,-5.9884024,0.1633433997631073,0.8109999895095825,0.4153999984264374
YJL014W,YJR074W,0,-5.988749,0.16331051290035248,0.8109999895095825,0.4154999852180481
YAL024C,YML028W,0,-5.988807,0.16327762603759766,0.8109999895095825,0.4156000018119812
YMR055C,YBL035C,0,-5.9890084,0.16324476897716522,0.8109999895095825,0.4156999886035919
YDR069C,YGL168W,0,-5.9890556,0.1632119119167328,0.8109999895095825,0.415800005197525
YIL048W,YOR110W,0,-5.989255,0.16317906975746155,0.8109999895095825,0.41589999198913574
YGL194C,YNL329C,0,-5.9894466,0.1631462424993515,0.8109999895095825,0.41600000858306885
YPL262W,YJL012C-A,0,-5.989461,0.16311343014240265,0.8109999895095825,0.41609999537467957
YDL126C,YIL068C,0,-5.9895415,0.163080632686615,0.8109999895095825,0.41620001196861267
YDR077W,YNL339C,0,-5.989686,0.16304785013198853,0.8109999895095825,0.4162999987602234
YLR324W,YGR038C-B,0,-5.9898973,0.16301508247852325,0.8109999895095825,0.4163999855518341
YKL197C,YGR276C,0,-5.9899282,0.16298231482505798,0.8109999895095825,0.4165000021457672
YOL116W,YDR078C,0,-5.9899464,0.1629495620727539,0.8109999895095825,0.41659998893737793
YIL154C,YDR126W,0,-5.990379,0.16291683912277222,0.8109999895095825,0.41670000553131104
YKL188C,YDR210C-C,0,-5.990462,0.16288411617279053,0.8109999895095825,0.41679999232292175
YDL188C,YPL138C,0,-5.9911227,0.16285140812397003,0.8109999895095825,0.41690000891685486
YER159C-A,YGR027W-B,0,-5.991309,0.16281871497631073,0.8109999895095825,0.4169999957084656
YFL025C,YDR254W,0,-5.9915648,0.16278603672981262,0.8109999895095825,0.4171000123023987
YMR199W,YML027W,0,-5.9916735,0.16275335848331451,0.8109999895095825,0.4171999990940094
YGL142C,YHR085W,0,-5.9918127,0.1627207100391388,0.8109999895095825,0.4172999858856201
YHR015W,YMR129W,1,-5.9919367,0.16288866102695465,0.8119999766349792,0.4172999858856201
YIL037C,YGR027W-B,0,-5.9921207,0.16285599768161774,0.8119999766349792,0.4174000024795532
YLR074C,YGL137W,0,-5.9922557,0.16282333433628082,0.8119999766349792,0.41749998927116394
YKL204W,YDR268W,0,-5.992399,0.1627907007932663,0.8119999766349792,0.41760000586509705
YOR241W,YIL084C,0,-5.9925823,0.16275806725025177,0.8119999766349792,0.41769999265670776
YBR100W,YDR329C,0,-5.992816,0.16272544860839844,0.8119999766349792,0.41780000925064087
YNL136W,YPR161C,0,-5.9930425,0.1626928448677063,0.8119999766349792,0.4178999960422516
YER040W,YIR019C,0,-5.993086,0.16266025602817535,0.8119999766349792,0.4180000126361847
YPR201W,YCR058C,0,-5.9931135,0.1626276820898056,0.8119999766349792,0.4180999994277954
YGR101W,YOR119C,0,-5.9935994,0.16259510815143585,0.8119999766349792,0.41819998621940613
YGR165W,YML065W,0,-5.9939585,0.1625625640153885,0.8119999766349792,0.41830000281333923
YOR103C,YOR266W,0,-5.994669,0.16253001987934113,0.8119999766349792,0.41839998960494995
YLR260W,YGR116W,0,-5.994795,0.16249750554561615,0.8119999766349792,0.41850000619888306
YDR446W,YPR158C-D,0,-5.9949093,0.16246499121189117,0.8119999766349792,0.4185999929904938
YPL262W,YOR207C,0,-5.994959,0.1624324917793274,0.8119999766349792,0.4187000095844269
YDL140C,YPR158W-A,0,-5.99498,0.1624000072479248,0.8119999766349792,0.4187999963760376
YNL279W,YEL020W-A,0,-5.9950624,0.16236752271652222,0.8119999766349792,0.4189000129699707
YNL164C,YDR297W,0,-5.9958134,0.16233506798744202,0.8119999766349792,0.4189999997615814
YEL051W,YPL144W,0,-5.995821,0.16230261325836182,0.8119999766349792,0.41909998655319214
YHR123W,YNL123W,0,-5.9960003,0.162270188331604,0.8119999766349792,0.41920000314712524
YDR261C-D,YNR047W,0,-5.996463,0.1622377634048462,0.8119999766349792,0.41929998993873596
YPR128C,YKR095W,1,-5.9964657,0.1624051183462143,0.8130000233650208,0.41929998993873596
YHR052W,YOR338W,0,-5.9966145,0.1623726785182953,0.8130000233650208,0.41940000653266907
YOR198C,YOR250C,0,-5.9966664,0.16234025359153748,0.8130000233650208,0.4194999933242798
YOL061W,YDR210W-A,0,-5.99671,0.16230784356594086,0.8130000233650208,0.4196000099182129
YER022W,YNL284C-B,0,-5.9971333,0.16227544844150543,0.8130000233650208,0.4196999967098236
YML114C,YNL284C-B,0,-5.9973097,0.1622430682182312,0.8130000233650208,0.4198000133037567
YKL179C,YDR150W,0,-5.9973555,0.16221068799495697,0.8130000233650208,0.41990000009536743
YDL192W,YLR371W,0,-5.9973803,0.16217833757400513,0.8130000233650208,0.41999998688697815
YOR355W,YKR048C,0,-5.997725,0.16214598715305328,0.8130000233650208,0.42010000348091125
YPL176C,YOR129C,0,-5.9977274,0.16211365163326263,0.8130000233650208,0.420199990272522
YDR363W-A,YDR478W,0,-5.99811,0.16208134591579437,0.8130000233650208,0.4203000068664551
YCR040W,YCR031C,0,-5.9982004,0.1620490401983261,0.8130000233650208,0.4203999936580658
YBR109C,YOR119C,0,-5.9982543,0.16201673448085785,0.8130000233650208,0.4205000102519989
YDR276C,YDR156W,0,-5.998288,0.16198445856571198,0.8130000233650208,0.4205999970436096
YKL085W,YIR041W,0,-5.9985304,0.1619521975517273,0.8130000233650208,0.4207000136375427
YLR011W,YML040W,0,-5.998677,0.16191993653774261,0.8130000233650208,0.42080000042915344
YNL173C,YDR210W-A,0,-5.998845,0.16188769042491913,0.8130000233650208,0.42089998722076416
YPR128C,YMR255W,1,-5.998869,0.16205455362796783,0.8140000104904175,0.42089998722076416
YGL027C,YCR065W,0,-5.9988766,0.16202229261398315,0.8140000104904175,0.42100000381469727
YBR258C,YLR157C-B,0,-5.9989333,0.16199004650115967,0.8140000104904175,0.421099990606308
YPL255W,YPR057W,0,-5.9989758,0.16195781528949738,0.8140000104904175,0.4212000072002411
YKR072C,YLR410W-A,0,-5.9992332,0.16192559897899628,0.8140000104904175,0.4212999939918518
YER164W,YDR058C,0,-5.999591,0.16189339756965637,0.8140000104904175,0.4214000105857849
YDR429C,YER159C-A,0,-5.9997625,0.16186121106147766,0.8140000104904175,0.42149999737739563
YGL105W,YCR073W-A,1,-5.999868,0.16202783584594727,0.8149999976158142,0.42149999737739563
YBR034C,YHR167W,1,-6.0001745,0.1621944010257721,0.8159999847412109,0.42149999737739563
YDL198C,YBR111W-A,1,-6.0002437,0.16236089169979095,0.8169999718666077,0.42149999737739563
YOR004W,YLR410W-B,0,-6.0004334,0.16232863068580627,0.8169999718666077,0.42160001397132874
YLR222C,YPR158C-C,0,-6.000557,0.1622963845729828,0.8169999718666077,0.42170000076293945
YCR073W-A,YGL097W,1,-6.0014944,0.1624627560377121,0.8180000185966492,0.42170000076293945
YBL030C,YOL072W,1,-6.0016513,0.16262906789779663,0.8190000057220459,0.42170000076293945
YGL032C,YBR088C,0,-6.001833,0.16259677708148956,0.8190000057220459,0.42179998755455017
YGL190C,YAL015C,0,-6.00186,0.16256451606750488,0.8190000057220459,0.4219000041484833
YLR172C,YOL103W-A,0,-6.002198,0.1625322550535202,0.8190000057220459,0.421999990940094
YMR290C,YKL166C,0,-6.0023594,0.16249999403953552,0.8190000057220459,0.4221000075340271
YGL032C,YNL317W,0,-6.0024443,0.16246776282787323,0.8190000057220459,0.4221999943256378
YGR027W-B,YGR161C-C,0,-6.002674,0.16243554651737213,0.8190000057220459,0.4223000109195709
YLR371W,YML033W,0,-6.0026855,0.16240333020687103,0.8190000057220459,0.42239999771118164
YMR044W,YOR192C-B,0,-6.0029745,0.16237112879753113,0.8190000057220459,0.42250001430511475
YDR005C,YGL226C-A,0,-6.0031366,0.16233894228935242,0.8190000057220459,0.42260000109672546
YAL005C,YPL257W-A,0,-6.0032043,0.1623067706823349,0.8190000057220459,0.4226999878883362
YLR172C,YOR294W,0,-6.0034385,0.16227461397647858,0.8190000057220459,0.4228000044822693
YML021C,YGR038C-A,0,-6.003681,0.16224247217178345,0.8190000057220459,0.42289999127388
YML069W,YKL193C,0,-6.0038757,0.1622103452682495,0.8190000057220459,0.4230000078678131
YMR255W,YDL084W,1,-6.00399,0.16237623989582062,0.8199999928474426,0.4230000078678131
YER168C,YDR309C,0,-6.004309,0.1623440831899643,0.8199999928474426,0.42309999465942383
YBL013W,YMR182C,0,-6.004701,0.16231195628643036,0.8199999928474426,0.42320001125335693
YCL040W,YGR161W-A,0,-6.0047216,0.16227982938289642,0.8199999928474426,0.42329999804496765
YJL122W,YPL060C-A,0,-6.00511,0.16224771738052368,0.8199999928474426,0.42340001463890076
YIL142W,YKL200C,0,-6.0051184,0.16221563518047333,0.8199999928474426,0.4235000014305115
YLR172C,YER013W,0,-6.0055,0.16218353807926178,0.8199999928474426,0.4235999882221222
YNL242W,YML123C,0,-6.0055327,0.16215147078037262,0.8199999928474426,0.4237000048160553
YFR027W,YLR157C-B,0,-6.0057106,0.16211941838264465,0.8199999928474426,0.423799991607666
YBR100W,YPL130W,0,-6.006014,0.1620873659849167,0.8199999928474426,0.4239000082015991
YCL012W,YFR028C,0,-6.0062823,0.1620553433895111,0.8199999928474426,0.42399999499320984
YNL148C,YLR410W-B,0,-6.0062923,0.16202332079410553,0.8199999928474426,0.42410001158714294
YDR343C,YDR447C,0,-6.0065846,0.16199131309986115,0.8199999928474426,0.42419999837875366
YBL085W,YPL060C-A,0,-6.00661,0.16195930540561676,0.8199999928474426,0.4242999851703644
YLR144C,YBL004W,0,-6.0066357,0.16192732751369476,0.8199999928474426,0.4244000017642975
YLR453C,YHL009W-B,0,-6.0071573,0.16189536452293396,0.8199999928474426,0.4244999885559082
YLR381W,YLR224W,0,-6.0071626,0.16186340153217316,0.8199999928474426,0.4246000051498413
YCR048W,YPL212C,0,-6.007456,0.16183145344257355,0.8199999928474426,0.424699991941452
YJL041W,YPR080W,1,-6.0074806,0.16199684143066406,0.8209999799728394,0.424699991941452
YKR002W,YBL030C,1,-6.0075173,0.1621621549129486,0.8220000267028809,0.424699991941452
YGL054C,YGR239C,0,-6.007577,0.1621301770210266,0.8220000267028809,0.42480000853538513
YOR032C,YJL012C,0,-6.007822,0.16209819912910461,0.8220000267028809,0.42489999532699585
YNL314W,YKR008W,0,-6.0078783,0.162066251039505,0.8220000267028809,0.42500001192092896
YPL256C,YGR113W,0,-6.00791,0.1620343029499054,0.8220000267028809,0.4250999987125397
YER151C,YGR038C-B,0,-6.00834,0.16200236976146698,0.8220000267028809,0.4251999855041504
YOR310C,YGR161C-C,0,-6.008445,0.16197043657302856,0.8220000267028809,0.4253000020980835
YBR020W,YDR098C-A,0,-6.008745,0.16193853318691254,0.8220000267028809,0.4253999888896942
YDR172W,YER159C-A,0,-6.008868,0.1619066447019577,0.8220000267028809,0.4255000054836273
YJL073W,YDR316W-A,0,-6.008992,0.16187475621700287,0.8220000267028809,0.42559999227523804
YEL063C,YPR105C,0,-6.009178,0.16184288263320923,0.8220000267028809,0.42570000886917114
YBR015C,YLR007W,0,-6.0094657,0.16181102395057678,0.8220000267028809,0.42579999566078186
YIR010W,YDR365W-B,0,-6.0096455,0.16177918016910553,0.8220000267028809,0.42590001225471497
YNL048W,YLR191W,0,-6.0098753,0.16174733638763428,0.8220000267028809,0.4259999990463257
YDR512C,YPR137C-B,0,-6.01021,0.1617155224084854,0.8220000267028809,0.4260999858379364
YMR168C,YOR343W-A,0,-6.010334,0.16168370842933655,0.8220000267028809,0.4262000024318695
YJR047C,YCL035C,0,-6.0104227,0.16165192425251007,0.8220000267028809,0.4262999892234802
YJL021C,YDR463W,0,-6.0106764,0.1616201400756836,0.8220000267028809,0.42640000581741333
YKR095W,YOL072W,1,-6.0109124,0.16178494691848755,0.8230000138282776,0.42640000581741333
YLR240W,YGR038C-B,0,-6.010952,0.16175314784049988,0.8230000138282776,0.42649999260902405
YGL113W,YDR210C-C,0,-6.0111456,0.1617213636636734,0.8230000138282776,0.42660000920295715
YDR130C,YMR243C,0,-6.011189,0.16168959438800812,0.8230000138282776,0.42669999599456787
YMR276W,YDR365W-B,0,-6.0113044,0.16165782511234283,0.8230000138282776,0.426800012588501
YMR290C,YPL060C-A,0,-6.0114455,0.16162608563899994,0.8230000138282776,0.4268999993801117
YPL078C,YPR158C-D,0,-6.011675,0.16159434616565704,0.8230000138282776,0.4269999861717224
YAR015W,YGR109W-B,0,-6.011728,0.16156262159347534,0.8230000138282776,0.4271000027656555
YOR089C,YDR034C-D,0,-6.0121336,0.16153091192245483,0.8230000138282776,0.42719998955726624
YPL217C,YLR256W-A,0,-6.01217,0.16149921715259552,0.8230000138282776,0.42730000615119934
YGL087C,YDL213C,0,-6.012203,0.1614675372838974,0.8230000138282776,0.42739999294281006
YDL069C,YDR210C-C,0,-6.0124516,0.16143585741519928,0.8230000138282776,0.42750000953674316
YOR230W,YPR158W-B,0,-6.012575,0.16140419244766235,0.8230000138282776,0.4275999963283539
YNL038W,YGR161C-C,0,-6.0125923,0.16137254238128662,0.8230000138282776,0.427700012922287
YDL231C,YGL039W,0,-6.012709,0.16134090721607208,0.8230000138282776,0.4277999997138977
YIL019W,YBL004W,0,-6.013095,0.16130928695201874,0.8230000138282776,0.4278999865055084
YIL026C,YDR116C,0,-6.01318,0.1612776815891266,0.8230000138282776,0.42800000309944153
YIL017W,YPR173C,0,-6.013295,0.16124607622623444,0.8230000138282776,0.42809998989105225
YDR184C,YDR272W,0,-6.0133862,0.16121450066566467,0.8230000138282776,0.42820000648498535
YOR007C,YDR073W,0,-6.0135145,0.1611829251050949,0.8230000138282776,0.42829999327659607
YGR245C,YPL032C,0,-6.014166,0.16115136444568634,0.8230000138282776,0.4284000098705292
YIR005W,YGL100W,1,-6.014229,0.16131559014320374,0.8240000009536743,0.4284000098705292
YDR150W,YHR065C,0,-6.0143366,0.16128401458263397,0.8240000009536743,0.4284999966621399
YPR128C,YMR273C,1,-6.0144033,0.161448135972023,0.824999988079071,0.4284999966621399
YHR094C,YGR038C-A,0,-6.0144463,0.16141654551029205,0.824999988079071,0.428600013256073
YMR069W,YGR005C,0,-6.0144653,0.1613849699497223,0.824999988079071,0.4287000000476837
YDR270W,YFR034C,0,-6.0146956,0.16135340929031372,0.824999988079071,0.42879998683929443
YIL030C,YGR038C-B,0,-6.0148077,0.16132186353206635,0.824999988079071,0.42890000343322754
YNL210W,YDL014W,0,-6.0150895,0.16129031777381897,0.824999988079071,0.42899999022483826
YLR391W,YBR095C,0,-6.015294,0.16125880181789398,0.824999988079071,0.42910000681877136
YDL155W,YNL054W-A,0,-6.01569,0.161227285861969,0.824999988079071,0.4291999936103821
YDR389W,YGR013W,0,-6.0158815,0.1611957848072052,0.824999988079071,0.4293000102043152
YHR013C,YLR227W-A,0,-6.016017,0.1611642837524414,0.824999988079071,0.4293999969959259
YLR427W,YDR098C-A,0,-6.0163517,0.1611328125,0.824999988079071,0.429500013589859
YOR046C,YBR111W-A,1,-6.0163994,0.16129662096500397,0.8259999752044678,0.429500013589859
YIL017W,YGR296W,0,-6.0169754,0.16126513481140137,0.8259999752044678,0.4296000003814697
YLR215C,YLL011W,0,-6.017125,0.16123364865779877,0.8259999752044678,0.42969998717308044
YDR298C,YPR008W,0,-6.0173736,0.16120219230651855,0.8259999752044678,0.42980000376701355
YMR238W,YBR245C,0,-6.0174294,0.16117073595523834,0.8259999752044678,0.42989999055862427
YAL056W,YGR038C-A,0,-6.017455,0.16113929450511932,0.8259999752044678,0.4300000071525574
YMR113W,YDR382W,0,-6.0176215,0.1611078530550003,0.8259999752044678,0.4300999939441681
YBL046W,YOR272W,0,-6.017622,0.16107644140720367,0.8259999752044678,0.4302000105381012
YBR100W,YKL178C,0,-6.0177712,0.16104504466056824,0.8259999752044678,0.4302999973297119
YBL019W,YML098W,0,-6.017772,0.1610136479139328,0.8259999752044678,0.430400013923645
YER061C,YOR310C,0,-6.0179286,0.16098226606845856,0.8259999752044678,0.43050000071525574
YDR524C,YPR158W-B,0,-6.017949,0.1609508991241455,0.8259999752044678,0.43059998750686646
YPL244C,YGL124C,0,-6.017971,0.16091954708099365,0.8259999752044678,0.43070000410079956
YLR081W,YGR209C,0,-6.0180273,0.1608881950378418,0.8259999752044678,0.4307999908924103
YOR094W,YGR163W,0,-6.0185337,0.16085685789585114,0.8259999752044678,0.4309000074863434
YPL153C,YDR261W-B,0,-6.018549,0.16082555055618286,0.8259999752044678,0.4309999942779541
YKL190W,YCL019W,0,-6.018675,0.1607942432165146,0.8259999752044678,0.4311000108718872
YHR196W,YPR158C-D,0,-6.018716,0.1607629358768463,0.8259999752044678,0.4311999976634979
YPL202C,YNL054W-A,0,-6.018849,0.16073165833950043,0.8259999752044678,0.43130001425743103
YGL043W,YEL066W,0,-6.018915,0.16070039570331573,0.8259999752044678,0.43140000104904175
YPL195W,YNL284C-B,0,-6.0191755,0.16066913306713104,0.8259999752044678,0.43149998784065247
YLR010C,YOL103W-A,0,-6.0192814,0.16063788533210754,0.8259999752044678,0.43160000443458557
YMR119W,YLR176C,0,-6.0194173,0.16060665249824524,0.8259999752044678,0.4316999912261963
YCR073W-A,YBR111W-A,1,-6.019483,0.16076983511447906,0.8270000219345093,0.4316999912261963
YOR259C,YNL284C-B,0,-6.019493,0.16073858737945557,0.8270000219345093,0.4318000078201294
YIL124W,YGR038C-B,0,-6.019546,0.16070733964443207,0.8270000219345093,0.4318999946117401
YGR199W,YDR449C,0,-6.019718,0.16067612171173096,0.8270000219345093,0.4320000112056732
YBL016W,YLR224W,0,-6.019972,0.16064490377902985,0.8270000219345093,0.43209999799728394
YMR032W,YDR210C-D,0,-6.020032,0.16061371564865112,0.8270000219345093,0.43220001459121704
YHL006C,YER137C-A,0,-6.0201287,0.1605825275182724,0.8270000219345093,0.43230000138282776
YJR119C,YMR091C,0,-6.0202518,0.16055135428905487,0.8270000219345093,0.4323999881744385
YDL113C,YPL002C,0,-6.0204945,0.16052018105983734,0.8270000219345093,0.4325000047683716
YNR056C,YOR192C-B,0,-6.0205164,0.1604890376329422,0.8270000219345093,0.4325999915599823
YNR057C,YJR035W,0,-6.020522,0.16045789420604706,0.8270000219345093,0.4327000081539154
YDR005C,YBL025W,0,-6.0206766,0.1604267656803131,0.8270000219345093,0.4327999949455261
YBR284W,YPR158C-D,0,-6.020711,0.16039565205574036,0.8270000219345093,0.43290001153945923
YAL029C,YGR027W-B,0,-6.020781,0.1603645533323288,0.8270000219345093,0.43299999833106995
YML121W,YHR083W,0,-6.020873,0.16033346951007843,0.8270000219345093,0.43309998512268066
YBR060C,YIL123W,0,-6.02092,0.16030238568782806,0.8270000219345093,0.43320000171661377
YLL018C-A,YGR038C-B,0,-6.0211344,0.1602713167667389,0.8270000219345093,0.4332999885082245
YJL187C,YDR098C-A,0,-6.02117,0.1602402627468109,0.8270000219345093,0.4334000051021576
YMR044W,YKL170W,0,-6.0212374,0.16020922362804413,0.8270000219345093,0.4334999918937683
YPL137C,YNL054W-A,0,-6.021258,0.16017818450927734,0.8270000219345093,0.4336000084877014
YNR013C,YDR316W-A,0,-6.021505,0.16014717519283295,0.8270000219345093,0.43369999527931213
YKR024C,YBL003C,0,-6.0215497,0.16011616587638855,0.8270000219345093,0.43380001187324524
YAL005C,YOL103W-A,0,-6.0220175,0.16008517146110535,0.8270000219345093,0.43389999866485596
YPL231W,YDR098C-A,0,-6.022096,0.16005419194698334,0.8270000219345093,0.4339999854564667
YHR015W,YPR080W,1,-6.0225306,0.16021671891212463,0.828000009059906,0.4339999854564667
YOR113W,YPL095C,0,-6.022828,0.16018572449684143,0.828000009059906,0.4341000020503998
YDL006W,YPR158C-C,0,-6.0228596,0.16015474498271942,0.828000009059906,0.4341999888420105
YOL051W,YJL018W,0,-6.02293,0.1601237654685974,0.828000009059906,0.4343000054359436
YCR098C,YNL046W,0,-6.0229816,0.1600928008556366,0.828000009059906,0.4343999922275543
YOR317W,YOR307C,0,-6.0230007,0.16006186604499817,0.828000009059906,0.4345000088214874
YBL057C,YOR068C,0,-6.023019,0.16003093123435974,0.828000009059906,0.43459999561309814
YPL002C,YCR080W,0,-6.02322,0.1599999964237213,0.828000009059906,0.43470001220703125
YDL159W,YLR227W-A,0,-6.0233617,0.15996909141540527,0.828000009059906,0.43479999899864197
YDR085C,YLR238W,0,-6.023412,0.15993818640708923,0.828000009059906,0.4348999857902527
YNR056C,YDR210W-A,0,-6.02349,0.1599072962999344,0.828000009059906,0.4350000023841858
YGL251C,YLR410W-A,0,-6.023535,0.15987642109394073,0.828000009059906,0.4350999891757965
YBR155W,YDR210C-C,0,-6.0236177,0.15984556078910828,0.828000009059906,0.4352000057697296
YML049C,YDR210C-C,0,-6.02372,0.15981470048427582,0.828000009059906,0.43529999256134033
YNL075W,YMR270C,0,-6.0238357,0.15978386998176575,0.828000009059906,0.43540000915527344
YJR097W,YGR156W,0,-6.0239058,0.15975303947925568,0.828000009059906,0.43549999594688416
YKR063C,YLR410W-A,0,-6.0239363,0.1597222238779068,0.828000009059906,0.43560001254081726
YML113W,YDR076W,0,-6.024296,0.15969142317771912,0.828000009059906,0.435699999332428
YML120C,YLR157C-B,0,-6.0245357,0.15966062247753143,0.828000009059906,0.4357999861240387
YMR060C,YHL009W-B,0,-6.0246286,0.15962983667850494,0.828000009059906,0.4359000027179718
YOR153W,YPL192C,0,-6.0249834,0.15959908068180084,0.828000009059906,0.4359999895095825
YDL207W,YOL072W,1,-6.0253325,0.15976102650165558,0.8289999961853027,0.4359999895095825
YCL060C,YML046W,0,-6.0255103,0.15973025560379028,0.8289999961853027,0.4361000061035156
YER095W,YIR015W,0,-6.025712,0.159699484705925,0.8289999961853027,0.43619999289512634
YER045C,YGL194C,0,-6.0259132,0.1596687138080597,0.8289999961853027,0.43630000948905945
YJR108W,YGR027W-B,0,-6.0259743,0.15963797271251678,0.8289999961853027,0.43639999628067017
YLR418C,YDR163W,0,-6.0260496,0.15960724651813507,0.8289999961853027,0.43650001287460327
YHR091C,YOR142W-B,0,-6.0261683,0.15957652032375336,0.8289999961853027,0.436599999666214
YFR001W,YER137C-A,0,-6.0261726,0.15954580903053284,0.8289999961853027,0.4366999864578247
YCL027W,YBR088C,0,-6.026204,0.15951509773731232,0.8289999961853027,0.4368000030517578
YDR446W,YCR031C,0,-6.0262384,0.15948441624641418,0.8289999961853027,0.43689998984336853
YLR090W,YPR158C-D,0,-6.026279,0.15945373475551605,0.8289999961853027,0.43700000643730164
YPR070W,YGR109W-B,0,-6.0263667,0.1594230830669403,0.8289999961853027,0.43709999322891235
YMR311C,YJR158W,0,-6.026658,0.15939243137836456,0.8289999961853027,0.43720000982284546
YMR168C,YPL058C,0,-6.027089,0.15936177968978882,0.8289999961853027,0.4372999966144562
YDL175C,YMR047C,1,-6.0273886,0.1595233529806137,0.8299999833106995,0.4372999966144562
YJR093C,YGR256W,0,-6.0274496,0.15949270129203796,0.8299999833106995,0.4374000132083893
YKL149C,YGR274C,0,-6.0275726,0.15946204960346222,0.8299999833106995,0.4375
YPL119C,YDR034C-D,0,-6.027622,0.15943142771720886,0.8299999833106995,0.4375999867916107
YOR354C,YER137C-A,0,-6.0276794,0.1594008058309555,0.8299999833106995,0.4377000033855438
YCL051W,YGR027W-B,0,-6.0279818,0.15937019884586334,0.8299999833106995,0.43779999017715454
YER087C-A,YGR161W-A,0,-6.028158,0.15933960676193237,0.8299999833106995,0.43790000677108765
YNL273W,YOR295W,0,-6.0282307,0.1593090146780014,0.8299999833106995,0.43799999356269836
YNL278W,YDR210C-C,0,-6.028284,0.15927845239639282,0.8299999833106995,0.43810001015663147
YLL021W,YPL138C,0,-6.028391,0.15924789011478424,0.8299999833106995,0.4381999969482422
YJL073W,YLR256W-A,0,-6.028533,0.15921734273433685,0.8299999833106995,0.4383000135421753
YCL012W,YOL109W,0,-6.0285363,0.15918681025505066,0.8299999833106995,0.438400000333786
YJL053W,YER137C-A,0,-6.028796,0.15915627777576447,0.8299999833106995,0.43849998712539673
YLR328W,YGR109W-B,0,-6.0289545,0.15912576019763947,0.8299999833106995,0.43860000371932983
YGR006W,YNL054W-A,0,-6.028968,0.15909527242183685,0.8299999833106995,0.43869999051094055
YDR256C,YLR129W,0,-6.0290956,0.15906476974487305,0.8299999833106995,0.43880000710487366
YGL071W,YMR316W,0,-6.0291014,0.15903429687023163,0.8299999833106995,0.4388999938964844
YMR225C,YDR098C-A,0,-6.029114,0.1590038239955902,0.8299999833106995,0.4390000104904175
YOR209C,YDR098C-A,0,-6.029215,0.15897338092327118,0.8299999833106995,0.4390999972820282
YFR028C,YPL190C,0,-6.0294676,0.15894293785095215,0.8299999833106995,0.4392000138759613
YDR515W,YLL017W,0,-6.029637,0.1589125096797943,0.8299999833106995,0.439300000667572
YLR418C,YER018C,0,-6.0298195,0.15888208150863647,0.8299999833106995,0.43939998745918274
YMR049C,YLR224W,0,-6.0298367,0.15885166823863983,0.8299999833106995,0.43950000405311584
YNL023C,YPR158W-B,0,-6.030029,0.15882128477096558,0.8299999833106995,0.43959999084472656
YJR108W,YCL003W,0,-6.0301166,0.15879088640213013,0.8299999833106995,0.43970000743865967
YDR359C,YOL103W-B,0,-6.0301256,0.15876051783561707,0.8299999833106995,0.4397999942302704
YPL233W,YJL052W,0,-6.030269,0.1587301641702652,0.8299999833106995,0.4399000108242035
YPR135W,YNL231C,0,-6.030484,0.15869981050491333,0.8299999833106995,0.4399999976158142
YCL012W,YLR103C,0,-6.030583,0.15866947174072266,0.8299999833106995,0.4401000142097473
YNR043W,YNL231C,0,-6.030777,0.15863914787769318,0.8299999833106995,0.44020000100135803
YPL163C,YOR343W-B,0,-6.030829,0.1586088240146637,0.8299999833106995,0.44029998779296875
YLR229C,YDR210C-C,0,-6.030859,0.1585785299539566,0.8299999833106995,0.44040000438690186
YIL138C,YDR210C-D,0,-6.0309143,0.1585482358932495,0.8299999833106995,0.4404999911785126
YPR104C,YPL221W,0,-6.0311065,0.1585179567337036,0.8299999833106995,0.4406000077724457
YKR097W,YMR050C,0,-6.031202,0.15848767757415771,0.8299999833106995,0.4406999945640564
YNL192W,YIL019W,0,-6.031219,0.1584574282169342,0.8299999833106995,0.4408000111579895
YPL190C,YLR227W-B,0,-6.0313377,0.1584271788597107,0.8299999833106995,0.4408999979496002
YLR066W,YKL014C,0,-6.0317793,0.15839694440364838,0.8299999833106995,0.4410000145435333
YMR207C,YNL284C-A,0,-6.031794,0.15836672484874725,0.8299999833106995,0.44110000133514404
YKL025C,YNL054W-A,0,-6.031794,0.15833652019500732,0.8299999833106995,0.44119998812675476
YDR295C,YHL009W-A,0,-6.031794,0.1583063155412674,0.8299999833106995,0.44130000472068787
YER074W-A,YKL070W,0,-6.031794,0.15827612578868866,0.8299999833106995,0.4413999915122986
YDR014W-A,YBL100W-A,0,-6.031794,0.15824595093727112,0.8299999833106995,0.4415000081062317
YER180C-A,YML045W,0,-6.031794,0.15821577608585358,0.8299999833106995,0.4415999948978424
YNL229C,YOR343C-B,0,-6.031794,0.15818563103675842,0.8299999833106995,0.4417000114917755
YDR079C-A,YDR316W-B,0,-6.031794,0.15815548598766327,0.8299999833106995,0.44179999828338623
YCL003W,YBL005W-B,0,-6.031794,0.1581253558397293,0.8299999833106995,0.44190001487731934
YDR014W-A,YNL088W,0,-6.031794,0.15809524059295654,0.8299999833106995,0.44200000166893005
YIR009W,YNL284C-A,0,-6.031794,0.15806512534618378,0.8299999833106995,0.44209998846054077
YCL003W,YPL276W,0,-6.031794,0.1580350399017334,0.8299999833106995,0.4422000050544739
YDR176W,YLR157C-A,0,-6.031794,0.15800495445728302,0.8299999833106995,0.4422999918460846
YFL014W,YHL009W-A,0,-6.031794,0.15797486901283264,0.8299999833106995,0.4424000084400177
YMR021C,YLR157C-A,0,-6.031794,0.15794481337070465,0.8299999833106995,0.4424999952316284
YNR067C,YLR410W-B,0,-6.031794,0.15791475772857666,0.8299999833106995,0.4426000118255615
YOL122C,YHL009W-A,0,-6.031794,0.15788473188877106,0.8299999833106995,0.44269999861717224
YBR172C,YOR343W-A,0,-6.031794,0.15785469114780426,0.8299999833106995,0.44279998540878296
YMR032W,YLR157C-A,0,-6.031794,0.15782468020915985,0.8299999833106995,0.44290000200271606
YCL003W,YDR131C,0,-6.031794,0.15779468417167664,0.8299999833106995,0.4429999887943268
YHR039C-B,YPR158W-B,0,-6.031794,0.15776468813419342,0.8299999833106995,0.4431000053882599
YHL019C,YNL284C-A,0,-6.031794,0.1577347069978714,0.8299999833106995,0.4431999921798706
YNL039W,YOR343C-B,0,-6.031794,0.15770472586154938,0.8299999833106995,0.4433000087738037
YJR065C,YHL009W-A,0,-6.031794,0.15767477452754974,0.8299999833106995,0.44339999556541443
YML055W,YOR343C-A,0,-6.031794,0.1576448231935501,0.8299999833106995,0.44350001215934753
YPR198W,YPR036W-A,0,-6.031794,0.15761488676071167,0.8299999833106995,0.44359999895095825
YGL257C,YLR410W-A,0,-6.031794,0.15758496522903442,0.8299999833106995,0.44369998574256897
YDR014W-A,YPL122C,0,-6.031794,0.15755504369735718,0.8299999833106995,0.4438000023365021
YER164W,YGR027W-A,0,-6.031794,0.15752515196800232,0.8299999833106995,0.4438999891281128
YMR298W,YLR157C-A,0,-6.031794,0.15749526023864746,0.8299999833106995,0.4440000057220459
YNR067C,YDR210C-C,0,-6.031794,0.1574653834104538,0.8299999833106995,0.4440999925136566
YPL096C-A,YGR272C,0,-6.031794,0.15743550658226013,0.8299999833106995,0.4442000091075897
YBR111W-A,YPR080W,1,-6.031794,0.15759529173374176,0.8309999704360962,0.4442000091075897
YBR275C,YPR036W-A,0,-6.031794,0.1575654149055481,0.8309999704360962,0.44429999589920044
YPR052C,YHL009W-A,0,-6.031794,0.15753553807735443,0.8309999704360962,0.44440001249313354
YBR041W,YOR343C-B,0,-6.031794,0.15750569105148315,0.8309999704360962,0.44449999928474426
YJR140C,YOR343C-A,0,-6.031794,0.15747584402561188,0.8309999704360962,0.444599986076355
YGR161W-A,YNL284C-A,0,-6.031794,0.1574459969997406,0.8309999704360962,0.4447000026702881
YDR014W-A,YHR124W,0,-6.031794,0.1574161797761917,0.8309999704360962,0.4447999894618988
YFL034C-B,YFL002W-B,0,-6.031794,0.15738636255264282,0.8309999704360962,0.4449000060558319
YAR044W,YDR018C,0,-6.031794,0.15735656023025513,0.8309999704360962,0.4449999928474426
YGR281W,YDR210C-C,0,-6.031794,0.15732677280902863,0.8309999704360962,0.44510000944137573
YOR008C-A,YOR343C-A,0,-6.031794,0.15729698538780212,0.8309999704360962,0.44519999623298645
YHR176W,YNL284C-A,0,-6.031794,0.157267227768898,0.8309999704360962,0.44530001282691956
YBR090C-A,YHR214C-B,0,-6.031794,0.1572374701499939,0.8309999704360962,0.4453999996185303
YJL013C,YHL009W-A,0,-6.031794,0.15720771253108978,0.8309999704360962,0.445499986410141
YDR014W-A,YBL093C,0,-6.031794,0.15717798471450806,0.8309999704360962,0.4456000030040741
YLR116W,YPR036W-A,0,-6.031794,0.15714825689792633,0.8309999704360962,0.4456999897956848
YPL050C,YOR343C-B,0,-6.031794,0.1571185439825058,0.8309999704360962,0.4458000063896179
YKL080W,YPR036W-A,0,-6.031794,0.15708884596824646,0.8309999704360962,0.44589999318122864
YGR116W,YGR161C-C,0,-6.031794,0.15705916285514832,0.8309999704360962,0.44600000977516174
YIL068C,YHL009W-A,0,-6.031794,0.15702947974205017,0.8309999704360962,0.44609999656677246
YGR086C,YOR343C-B,0,-6.031794,0.15699981153011322,0.8309999704360962,0.44620001316070557
YDR261W-B,YHL009W-A,0,-6.031794,0.15697015821933746,0.8309999704360962,0.4462999999523163
YDR300C,YPR036W-A,0,-6.031794,0.1569405049085617,0.8309999704360962,0.446399986743927
YHR039C-B,YAR009C,0,-6.031794,0.15691088140010834,0.8309999704360962,0.4465000033378601
YBR228W,YHL009W-A,0,-6.031794,0.15688125789165497,0.8309999704360962,0.4465999901294708
YEL032W,YGR027W-B,0,-6.031794,0.1568516492843628,0.8309999704360962,0.44670000672340393
YFL011W-A,YLR157C-A,0,-6.031794,0.15682204067707062,0.8309999704360962,0.44679999351501465
YCL005W-A,YLR126C,0,-6.031794,0.15679244697093964,0.8309999704360962,0.44690001010894775
YDR014W-A,YKL074C,0,-6.031794,0.15676286816596985,0.8309999704360962,0.44699999690055847
YDR014W-A,YKL101W,0,-6.031794,0.15673330426216125,0.8309999704360962,0.4471000134944916
YPR054W,YPR036W-A,0,-6.031794,0.15670375525951385,0.8309999704360962,0.4472000002861023
YCR026C,YGR109W-B,0,-6.031794,0.15667420625686646,0.8309999704360962,0.447299987077713
YMR287C,YLR157C-A,0,-6.031794,0.15664467215538025,0.8309999704360962,0.4474000036716461
YNL172W,YDR014W-A,0,-6.031794,0.15661515295505524,0.8309999704360962,0.44749999046325684
YJL002C,YLR157C-A,0,-6.031794,0.15658564865589142,0.8309999704360962,0.44760000705718994
YCR082W,YLR157C-A,0,-6.031794,0.1565561443567276,0.8309999704360962,0.44769999384880066
YBR058C-A,YDR316W-B,0,-6.031794,0.15652665495872498,0.8309999704360962,0.44780001044273376
YBR090C-A,YMR134W,0,-6.031794,0.15649718046188354,0.8309999704360962,0.4478999972343445
YJL076W,YGR027W-A,0,-6.0318947,0.15646770596504211,0.8309999704360962,0.4480000138282776
YER002W,YGR046W,0,-6.032092,0.15643824636936188,0.8309999704360962,0.4481000006198883
YDR082W,YPL257W-A,0,-6.0321727,0.15640880167484283,0.8309999704360962,0.448199987411499
YOR112W,YML103C,1,-6.0322285,0.1565675586462021,0.8320000171661377,0.448199987411499
YDL231C,YLR410W-A,0,-6.0322666,0.15653809905052185,0.8320000171661377,0.44830000400543213
YDR296W,YMR134W,0,-6.032302,0.1565086543560028,0.8320000171661377,0.44839999079704285
YCL059C,YDR098C-A,0,-6.032401,0.15647922456264496,0.8320000171661377,0.44850000739097595
YKR038C,YLR410W-B,0,-6.032482,0.1564497947692871,0.8320000171661377,0.44859999418258667
YLR427W,YLR022C,0,-6.032736,0.15642037987709045,0.8320000171661377,0.4487000107765198
YGR163W,YAL016W,0,-6.032783,0.156390979886055,0.8320000171661377,0.4487999975681305
YJR070C,YDL030W,0,-6.0327835,0.15636157989501953,0.8320000171661377,0.4489000141620636
YAR044W,YIL173W,0,-6.0327864,0.15633220970630646,0.8320000171661377,0.4490000009536743
YDL113C,YCL060C,0,-6.0328584,0.15630283951759338,0.8320000171661377,0.44909998774528503
YML029W,YGR161W-A,0,-6.0329933,0.1562734842300415,0.8320000171661377,0.44920000433921814
YER087C-B,YGR042W,0,-6.033364,0.15624412894248962,0.8320000171661377,0.44929999113082886
YBR298C,YBL050W,0,-6.033435,0.15621478855609894,0.8320000171661377,0.44940000772476196
YIL068C,YOL148C,0,-6.033446,0.15618546307086945,0.8320000171661377,0.4494999945163727
YAR033W,YOL043C,0,-6.03366,0.15615615248680115,0.8320000171661377,0.4496000111103058
YGL096W,YML021C,0,-6.0339355,0.15612685680389404,0.8320000171661377,0.4496999979019165
YPR200C,YFL002W-A,0,-6.033969,0.15609756112098694,0.8320000171661377,0.4498000144958496
YNL037C,YGL229C,0,-6.034022,0.15606828033924103,0.8320000171661377,0.4499000012874603
YDR296W,YOL103W-A,0,-6.034189,0.1560390144586563,0.8320000171661377,0.44999998807907104
YLR033W,YLR337W,0,-6.0343904,0.1560097485780716,0.8320000171661377,0.45010000467300415
YLR303W,YNL243W,0,-6.034665,0.15598049759864807,0.8320000171661377,0.45019999146461487
YDR138W,YDL084W,1,-6.034697,0.15613870322704315,0.8330000042915344,0.45019999146461487
YDR212W,YMR051C,0,-6.034789,0.15610945224761963,0.8330000042915344,0.450300008058548
YJR160C,YOR159C,0,-6.034814,0.1560802012681961,0.8330000042915344,0.4503999948501587
YGL135W,YML045W,0,-6.0348463,0.15605095028877258,0.8330000042915344,0.4505000114440918
YHR165C,YDR293C,0,-6.0348544,0.15602172911167145,0.8330000042915344,0.4505999982357025
YKR042W,YGR027W-B,0,-6.034885,0.1559925079345703,0.8330000042915344,0.4507000148296356
YBR127C,YDR018C,0,-6.0351725,0.15596330165863037,0.8330000042915344,0.45080000162124634
YMR162C,YKL099C,0,-6.0358195,0.15593411028385162,0.8330000042915344,0.45089998841285706
YML001W,YDR365W-B,0,-6.035899,0.15590491890907288,0.8330000042915344,0.45100000500679016
YNR052C,YLR157C-B,0,-6.035919,0.15587574243545532,0.8330000042915344,0.4510999917984009
YDR143C,YGR099W,0,-6.0362196,0.15584658086299896,0.8330000042915344,0.451200008392334
YPL254W,YER180C-A,0,-6.036358,0.1558174341917038,0.8330000042915344,0.4512999951839447
YKL175W,YNL241C,0,-6.036682,0.15578828752040863,0.8330000042915344,0.4514000117778778
YGR185C,YER082C,0,-6.0370607,0.15575915575027466,0.8330000042915344,0.4514999985694885
YML109W,YDR365W-B,0,-6.037177,0.15573003888130188,0.8330000042915344,0.45159998536109924
YDL047W,YGR161C-C,0,-6.037287,0.1557009369134903,0.8330000042915344,0.45170000195503235
YIL118W,YDR210C-C,0,-6.0373087,0.1556718349456787,0.8330000042915344,0.45179998874664307
YJR105W,YLR455W,0,-6.0374193,0.15564274787902832,0.8330000042915344,0.45190000534057617
YER179W,YKL200C,0,-6.0376472,0.15561367571353912,0.8330000042915344,0.4519999921321869
YAL026C,YDR098C-A,0,-6.0379133,0.15558460354804993,0.8330000042915344,0.45210000872612
YMR023C,YNL250W,0,-6.038018,0.15555556118488312,0.8330000042915344,0.4521999955177307
YBR286W,YOR194C,0,-6.038028,0.1555265188217163,0.8330000042915344,0.4523000121116638
YDR488C,YOR216C,0,-6.0380836,0.1554974764585495,0.8330000042915344,0.45239999890327454
YJR001W,YPR158C-D,0,-6.0381646,0.15546846389770508,0.8330000042915344,0.45249998569488525
YLR201C,YHR073W,0,-6.0381966,0.15543945133686066,0.8330000042915344,0.45260000228881836
YOL043C,YDR457W,0,-6.038233,0.15541045367717743,0.8330000042915344,0.4526999890804291
YGL020C,YFL035C,0,-6.0382824,0.1553814560174942,0.8330000042915344,0.4528000056743622
YOL061W,YDR316W-A,0,-6.0383015,0.15535247325897217,0.8330000042915344,0.4528999924659729
YBR213W,YGR281W,0,-6.0383596,0.15532352030277252,0.8330000042915344,0.453000009059906
YLR165C,YER129W,0,-6.0383625,0.15529455244541168,0.8330000042915344,0.4530999958515167
YBR100W,YDR527W,0,-6.038447,0.15526561439037323,0.8330000042915344,0.45320001244544983
YKL021C,YLR256W-A,0,-6.038447,0.15523667633533478,0.8330000042915344,0.45329999923706055
YPL192C,YGR109W-B,0,-6.0386944,0.15520775318145752,0.8330000042915344,0.45339998602867126
YNL258C,YER159C-A,0,-6.038818,0.15517884492874146,0.8330000042915344,0.45350000262260437
YLR181C,YPR137C-B,0,-6.0388217,0.1551499366760254,0.8330000042915344,0.4535999894142151
YMR092C,YGR038C-B,0,-6.038867,0.15512104332447052,0.8330000042915344,0.4537000060081482
YDL195W,YDR261C-D,0,-6.0391674,0.15509216487407684,0.8330000042915344,0.4537999927997589
YML045W,YOR343W-B,0,-6.0392365,0.15506328642368317,0.8330000042915344,0.453900009393692
YLR265C,YML029W,0,-6.039594,0.15503443777561188,0.8330000042915344,0.45399999618530273
YNL293W,YJL198W,0,-6.0395956,0.1550055891275406,0.8330000042915344,0.45410001277923584
YDR451C,YDR261C-D,0,-6.039608,0.1549767404794693,0.8330000042915344,0.45419999957084656
YFL018C,YPR137C-B,0,-6.0396514,0.1549479216337204,0.8330000042915344,0.4542999863624573
YOR359W,YKL088W,0,-6.0397425,0.1549191027879715,0.8330000042915344,0.4544000029563904
YGR080W,YOR343W-B,0,-6.0397887,0.1548902988433838,0.8330000042915344,0.4544999897480011
YNL136W,YLR452C,0,-6.0398254,0.15486149489879608,0.8330000042915344,0.4546000063419342
YMR280C,YGR086C,0,-6.040154,0.15483272075653076,0.8330000042915344,0.4546999931335449
YHR043C,YKL170W,0,-6.0403523,0.15480394661426544,0.8330000042915344,0.454800009727478
YDR527W,YCL008C,0,-6.0403914,0.15477517247200012,0.8330000042915344,0.45489999651908875
YMR199W,YGL025C,0,-6.040435,0.1547464281320572,0.8330000042915344,0.45500001311302185
YGL058W,YPL060C-A,0,-6.0404363,0.15471768379211426,0.8330000042915344,0.45509999990463257
YEL069C,YLR410W-A,0,-6.0404677,0.15468895435333252,0.8330000042915344,0.4551999866962433
YGL018C,YDR365W-B,0,-6.0405874,0.15466022491455078,0.8330000042915344,0.4553000032901764
YNL314W,YHR085W,0,-6.0409737,0.15463152527809143,0.8330000042915344,0.4553999900817871
YGL028C,YMR077C,0,-6.0409737,0.15460282564163208,0.8330000042915344,0.4555000066757202
YDR138W,YPL169C,1,-6.0412693,0.15475969016551971,0.8339999914169312,0.4555000066757202
YKR022C,YDR316W-B,0,-6.041288,0.15473099052906036,0.8339999914169312,0.45559999346733093
YLR158C,YGR044C,0,-6.041438,0.15470227599143982,0.8339999914169312,0.45570001006126404
YGL195W,YOR142W-B,0,-6.041527,0.15467359125614166,0.8339999914169312,0.45579999685287476
YMR199W,YGR027W-B,0,-6.041624,0.1546449065208435,0.8339999914169312,0.45590001344680786
YNL084C,YMR225C,0,-6.041661,0.15461623668670654,0.8339999914169312,0.4560000002384186
YDR028C,YJR027W,0,-6.0417767,0.15458758175373077,0.8339999914169312,0.4560999870300293
YBR257W,YPR137C-B,0,-6.0418534,0.154558926820755,0.8339999914169312,0.4562000036239624
YNL112W,YDR261W-B,0,-6.041862,0.15453030169010162,0.8339999914169312,0.4562999904155731
YGR005C,YPL257W-A,0,-6.042083,0.15450166165828705,0.8339999914169312,0.4564000070095062
YML059C,YDR316W-B,0,-6.0424623,0.15447305142879486,0.8339999914169312,0.45649999380111694
YFL013C,YDL140C,0,-6.042573,0.15444444119930267,0.8339999914169312,0.45660001039505005
YBR012W-B,YPR158C-C,0,-6.042965,0.15441584587097168,0.8339999914169312,0.45669999718666077
YOR037W,YMR050C,0,-6.042999,0.15438726544380188,0.8339999914169312,0.45680001378059387
YMR255W,YBR111W-A,1,-6.0430756,0.15454377233982086,0.8349999785423279,0.45680001378059387
YNL112W,YPR158W-B,0,-6.0430794,0.15451517701148987,0.8349999785423279,0.4569000005722046
YHL040C,YDR210C-D,0,-6.0432734,0.15448658168315887,0.8349999785423279,0.4569999873638153
YDL117W,YDR210C-C,0,-6.043282,0.15445801615715027,0.8349999785423279,0.4571000039577484
YBR253W,YPR137C-B,0,-6.0434766,0.15442945063114166,0.8349999785423279,0.45719999074935913
YIR028W,YML062C,1,-6.0435276,0.1545857936143875,0.8360000252723694,0.45719999074935913
YPL177C,YCL010C,0,-6.043663,0.1545572131872177,0.8360000252723694,0.45730000734329224
YJL018W,YPL167C,0,-6.043848,0.1545286476612091,0.8360000252723694,0.45739999413490295
YGL122C,YKL214C,1,-6.0438805,0.1546849012374878,0.8370000123977661,0.45739999413490295
YGL067W,YDR034C-D,0,-6.0438914,0.154656320810318,0.8370000123977661,0.45750001072883606
YNL291C,YNL294C,0,-6.044187,0.1546277552843094,0.8370000123977661,0.4575999975204468
YGR186W,YIL023C,0,-6.0441904,0.15459918975830078,0.8370000123977661,0.4577000141143799
YLR360W,YDR034C-D,0,-6.0441914,0.15457063913345337,0.8370000123977661,0.4578000009059906
YDL113C,YER159C-A,0,-6.0441914,0.15454210340976715,0.8370000123977661,0.4578999876976013
YMR056C,YML033W,0,-6.0443416,0.15451356768608093,0.8370000123977661,0.4580000042915344
YNL015W,YPR158C-D,0,-6.044368,0.1544850468635559,0.8370000123977661,0.45809999108314514
YGR276C,YGR038C-B,0,-6.0448093,0.15445654094219208,0.8370000123977661,0.45820000767707825
YMR250W,YER024W,0,-6.0451136,0.15442804992198944,0.8370000123977661,0.45829999446868896
YMR083W,YOR343W-A,0,-6.045242,0.1543995589017868,0.8370000123977661,0.45840001106262207
YHR088W,YPR158C-C,0,-6.045304,0.15437108278274536,0.8370000123977661,0.4584999978542328
YJR139C,YJR049C,0,-6.0453677,0.1543426215648651,0.8370000123977661,0.4586000144481659
YOR194C,YHL009W-B,0,-6.045542,0.15431416034698486,0.8370000123977661,0.4587000012397766
YMR212C,YFR041C,0,-6.0455623,0.1542857140302658,0.8370000123977661,0.45879998803138733
YGR181W,YPL060C-A,0,-6.045683,0.15425728261470795,0.8370000123977661,0.45890000462532043
YDR414C,YNL054W-A,0,-6.0459037,0.15422885119915009,0.8370000123977661,0.45899999141693115
YHR092C,YOR343W-A,0,-6.04608,0.1542004495859146,0.8370000123977661,0.45910000801086426
YNL123W,YDR365W-B,0,-6.0465126,0.15417203307151794,0.8370000123977661,0.459199994802475
YBR196C,YBR012W-B,0,-6.0465555,0.15414364635944366,0.8370000123977661,0.4593000113964081
YPR120C,YDR372C,0,-6.0468645,0.15411525964736938,0.8370000123977661,0.4593999981880188
YGL251C,YDR227W,0,-6.0470247,0.1540868878364563,0.8370000123977661,0.4595000147819519
YGR057C,YDR210C-C,0,-6.0470424,0.1540585309267044,0.8370000123977661,0.4596000015735626
YNL242W,YLR176C,0,-6.0470705,0.15403017401695251,0.8370000123977661,0.45969998836517334
YDL207W,YMR273C,1,-6.0472655,0.15418583154678345,0.8379999995231628,0.45969998836517334
YPR162C,YDR356W,0,-6.0478773,0.15415747463703156,0.8379999995231628,0.45980000495910645
YGL061C,YPR016C,0,-6.0478997,0.15412911772727966,0.8379999995231628,0.45989999175071716
YJL021C,YKR101W,0,-6.0480604,0.15410077571868896,0.8379999995231628,0.46000000834465027
YGL144C,YBL102W,0,-6.0481644,0.15407243371009827,0.8379999995231628,0.460099995136261
YNL286W,YDR225W,0,-6.048215,0.15404412150382996,0.8379999995231628,0.4602000117301941
YBL019W,YDL192W,0,-6.049161,0.15401580929756165,0.8379999995231628,0.4602999985218048
YNR075W,YDR316W-A,0,-6.0491686,0.15398751199245453,0.8379999995231628,0.4603999853134155
YBL015W,YDR251W,0,-6.0492535,0.1539592146873474,0.8379999995231628,0.46050000190734863
YKR061W,YOR346W,0,-6.0494976,0.1539309322834015,0.8379999995231628,0.46059998869895935
YOR265W,YDR210C-D,0,-6.0495744,0.15390266478061676,0.8379999995231628,0.46070000529289246
YLL018C-A,YDR210W-A,0,-6.0499,0.15387439727783203,0.8379999995231628,0.4607999920845032
YOR373W,YHR157W,0,-6.0499043,0.1538461595773697,0.8379999995231628,0.4609000086784363
YLL015W,YGR185C,0,-6.0499268,0.15381792187690735,0.8379999995231628,0.460999995470047
YDL045C,YDR098C-A,0,-6.050024,0.153789684176445,0.8379999995231628,0.4611000120639801
YGR004W,YDR210C-D,0,-6.0500946,0.15376146137714386,0.8379999995231628,0.4611999988555908
YDR214W,YPR158C-C,0,-6.0501127,0.1537332534790039,0.8379999995231628,0.46129998564720154
YOL011W,YOR182C,0,-6.0502567,0.15370506048202515,0.8379999995231628,0.46140000224113464
YCL003W,YLR430W,0,-6.05037,0.15367688238620758,0.8379999995231628,0.46149998903274536
YKL220C,YOR260W,0,-6.0503793,0.15364870429039001,0.8379999995231628,0.46160000562667847
YNL148C,YDR238C,0,-6.0506415,0.15362052619457245,0.8379999995231628,0.4616999924182892
YMR311C,YAL047C,0,-6.050739,0.15359237790107727,0.8379999995231628,0.4618000090122223
YHR176W,YGR027W-A,0,-6.050819,0.1535642296075821,0.8379999995231628,0.461899995803833
YBR088C,YCL062W,0,-6.051283,0.1535360962152481,0.8379999995231628,0.4620000123977661
YNL038W,YDR210C-D,0,-6.051312,0.15350796282291412,0.8379999995231628,0.46209999918937683
YOR031W,YER162C,0,-6.0514345,0.15347985923290253,0.8379999995231628,0.46219998598098755
YBR162C,YDR365W-B,0,-6.0514717,0.15345175564289093,0.8379999995231628,0.46230000257492065
YMR280C,YDR088C,0,-6.0516253,0.15342365205287933,0.8379999995231628,0.46239998936653137
YLR105C,YDR365W-B,0,-6.051895,0.15339556336402893,0.8379999995231628,0.4625000059604645
YPL149W,YPR158C-D,0,-6.0519657,0.15336748957633972,0.8379999995231628,0.4625999927520752
YOL105C,YLR200W,0,-6.0521736,0.1533394306898117,0.8379999995231628,0.4627000093460083
YMR322C,YGR272C,0,-6.052186,0.15331138670444489,0.8379999995231628,0.462799996137619
YDR099W,YPL138C,0,-6.052231,0.15328334271907806,0.8379999995231628,0.4629000127315521
YPR119W,YBR022W,0,-6.052574,0.15325529873371124,0.8379999995231628,0.46299999952316284
YNL112W,YGR161W-A,0,-6.0525837,0.1532272845506668,0.8379999995231628,0.46309998631477356
YNL015W,YOL103W-B,0,-6.0528297,0.15319927036762238,0.8379999995231628,0.46320000290870667
YCL008C,YJR126C,0,-6.053067,0.15317127108573914,0.8379999995231628,0.4632999897003174
YLR459W,YNR053C,0,-6.0530787,0.1531432718038559,0.8379999995231628,0.4634000062942505
YMR276W,YHR012W,0,-6.053115,0.15311528742313385,0.8379999995231628,0.4634999930858612
YOR250C,YBR095C,0,-6.0532584,0.153087317943573,0.8379999995231628,0.4636000096797943
YPL015C,YDL093W,0,-6.0533705,0.15305936336517334,0.8379999995231628,0.46369999647140503
YIR028W,YER105C,1,-6.053433,0.15321402251720428,0.8389999866485596,0.46369999647140503
YCR077C,YIL037C,0,-6.053608,0.15318605303764343,0.8389999866485596,0.46380001306533813
YBR152W,YPR158C-C,0,-6.0536246,0.15315808355808258,0.8389999866485596,0.46389999985694885
YHR079C,YHR039C-B,0,-6.0537643,0.15313012897968292,0.8389999866485596,0.46399998664855957
YMR080C,YGR038C-A,0,-6.0537663,0.15310218930244446,0.8389999866485596,0.4641000032424927
YGL065C,YCL062W,0,-6.053939,0.153074249625206,0.8389999866485596,0.4641999900341034
YDL174C,YMR089C,0,-6.0543222,0.15304633975028992,0.8389999866485596,0.4643000066280365
YNL250W,YFL002W-A,0,-6.054431,0.15301841497421265,0.8389999866485596,0.4643999934196472
YBL097W,YKL212W,0,-6.054452,0.15299052000045776,0.8389999866485596,0.4645000100135803
YML109W,YGR109W-B,0,-6.0547895,0.15296262502670288,0.8389999866485596,0.46459999680519104
YBR158W,YFL002W-B,0,-6.0549126,0.1529347449541092,0.8389999866485596,0.46470001339912415
YAL034W-A,YDR325W,0,-6.055018,0.1529068648815155,0.8389999866485596,0.46480000019073486
YER012W,YFL002W-A,0,-6.055342,0.1528790146112442,0.8389999866485596,0.4648999869823456
YNL065W,YDL117W,0,-6.055419,0.1528511494398117,0.8389999866485596,0.4650000035762787
YDR298C,YMR093W,0,-6.0554495,0.1528233140707016,0.8389999866485596,0.4650999903678894
YGL144C,YMR089C,0,-6.0556016,0.1527954787015915,0.8389999866485596,0.4652000069618225
YGR217W,YER117W,0,-6.055731,0.15276765823364258,0.8389999866485596,0.4652999937534332
YDR210C-C,YMR134W,0,-6.0560246,0.15273985266685486,0.8389999866485596,0.46540001034736633
YFR004W,YDR457W,0,-6.0561333,0.15271204710006714,0.8389999866485596,0.46549999713897705
YDR323C,YHL028W,0,-6.056134,0.1526842564344406,0.8389999866485596,0.46560001373291016
YFR037C,YDR261C-D,0,-6.0565367,0.15265648066997528,0.8389999866485596,0.4657000005245209
YJL081C,YPR095C,0,-6.056658,0.15262870490550995,0.8389999866485596,0.4657999873161316
YKR035W-A,YLR126C,0,-6.056711,0.1526009440422058,0.8389999866485596,0.4659000039100647
YKL092C,YGR038C-B,0,-6.0567303,0.15257319808006287,0.8389999866485596,0.4659999907016754
YDL220C,YJR073C,0,-6.0568824,0.15254545211791992,0.8389999866485596,0.4661000072956085
YOR171C,YAL051W,0,-6.0568876,0.15251772105693817,0.8389999866485596,0.46619999408721924
YPR201W,YNL085W,0,-6.057393,0.15249000489711761,0.8389999866485596,0.46630001068115234
YJL094C,YPL131W,0,-6.0574045,0.15246228873729706,0.8389999866485596,0.46639999747276306
YLR214W,YIL017W,0,-6.0574636,0.1524345874786377,0.8389999866485596,0.46650001406669617
YJR084W,YER180C-A,0,-6.058102,0.15240690112113953,0.8389999866485596,0.4666000008583069
YNL001W,YGR059W,0,-6.058178,0.15237922966480255,0.8389999866485596,0.4666999876499176
YFL035C,YCL063W,0,-6.058242,0.15235155820846558,0.8389999866485596,0.4668000042438507
YHR053C,YMR276W,0,-6.058276,0.1523238867521286,0.8389999866485596,0.4668999910354614
YJL013C,YKL099C,0,-6.058277,0.152296245098114,0.8389999866485596,0.46700000762939453
YGR057C,YOR157C,0,-6.058368,0.15226860344409943,0.8389999866485596,0.46709999442100525
YGR192C,YOR192C-B,0,-6.058637,0.15224097669124603,0.8389999866485596,0.46720001101493835
YJR121W,YOL103W-B,0,-6.0587077,0.15221334993839264,0.8389999866485596,0.4672999978065491
YGL174W,YIR005W,1,-6.0591135,0.15236712992191315,0.8399999737739563,0.4672999978065491
YPL265W,YPR083W,0,-6.0591784,0.15233950316905975,0.8399999737739563,0.4674000144004822
YOL027C,YPL065W,0,-6.059193,0.15231187641620636,0.8399999737739563,0.4675000011920929
YJR112W,YOR328W,0,-6.0595193,0.15228426456451416,0.8399999737739563,0.4675999879837036
YFL035C,YGL044C,0,-6.059643,0.15225666761398315,0.8399999737739563,0.4677000045776367
YHR053C,YOR351C,0,-6.0596657,0.15222907066345215,0.8399999737739563,0.46779999136924744
YGL124C,YOL115W,0,-6.06003,0.15220148861408234,0.8399999737739563,0.46790000796318054
YKR048C,YHL009W-B,0,-6.060208,0.15217390656471252,0.8399999737739563,0.46799999475479126
YEL018W,YLR293C,0,-6.060223,0.1521463543176651,0.8399999737739563,0.46810001134872437
YGR254W,YFL018W-A,0,-6.060471,0.15211880207061768,0.8399999737739563,0.4681999981403351
YPR133W-A,YAR009C,0,-6.060552,0.15209124982357025,0.8399999737739563,0.4683000147342682
YNL270C,YDR210C-C,0,-6.0606833,0.15206372737884521,0.8399999737739563,0.4684000015258789
YDR073W,YML098W,0,-6.0608306,0.15203620493412018,0.8399999737739563,0.4684999883174896
YHR065C,YLR337W,0,-6.0608597,0.15200868248939514,0.8399999737739563,0.46860000491142273
YGL068W,YPL257W-A,0,-6.0610714,0.1519811898469925,0.8399999737739563,0.46869999170303345
YDR022C,YGR179C,0,-6.061379,0.15195369720458984,0.8399999737739563,0.46880000829696655
YBR213W,YBR231C,0,-6.061493,0.1519262045621872,0.8399999737739563,0.46889999508857727
YNL147W,YOR315W,0,-6.061881,0.15189872682094574,0.8399999737739563,0.4690000116825104
YER165W,YGR038C-B,0,-6.061919,0.15187126398086548,0.8399999737739563,0.4690999984741211
YER142C,YNL054W-A,0,-6.0619373,0.1518438160419464,0.8399999737739563,0.4691999852657318
YGL192W,YJL012C-A,0,-6.062084,0.15181636810302734,0.8399999737739563,0.4693000018596649
YER159C-A,YHR214C-B,0,-6.06236,0.15178893506526947,0.8399999737739563,0.46939998865127563
YBR210W,YPL257W-A,0,-6.0625367,0.1517615169286728,0.8399999737739563,0.46950000524520874
YGL194C,YHR039C-B,0,-6.0625534,0.1517340987920761,0.8399999737739563,0.46959999203681946
YER001W,YOR326W,0,-6.0625544,0.15170669555664062,0.8399999737739563,0.46970000863075256
YNL014W,YBR253W,0,-6.062598,0.15167930722236633,0.8399999737739563,0.4697999954223633
YPR070W,YBR088C,0,-6.063121,0.15165191888809204,0.8399999737739563,0.4699000120162964
YDL024C,YCR024C-A,0,-6.0633125,0.15162454545497894,0.8399999737739563,0.4699999988079071
YMR116C,YGR166W,0,-6.06354,0.15159718692302704,0.8399999737739563,0.4700999855995178
YDL099W,YBR058C-A,0,-6.063542,0.15156982839107513,0.8399999737739563,0.4702000021934509
YCR106W,YDR238C,0,-6.063766,0.15154248476028442,0.8399999737739563,0.47029998898506165
YNR043W,YOL103W-A,0,-6.063808,0.1515151560306549,0.8399999737739563,0.47040000557899475
YLR107W,YKL056C,0,-6.063928,0.1514878273010254,0.8399999737739563,0.47049999237060547
YAL013W,YIL125W,0,-6.063992,0.15146051347255707,0.8399999737739563,0.4706000089645386
YNL192W,YLR207W,0,-6.0641212,0.15143321454524994,0.8399999737739563,0.4706999957561493
YKL029C,YMR022W,0,-6.06438,0.1514059156179428,0.8399999737739563,0.4708000123500824
YDR176W,YCL003W,0,-6.06491,0.15137863159179688,0.8399999737739563,0.4708999991416931
YDL015C,YDR316W-A,0,-6.0649548,0.15135134756565094,0.8399999737739563,0.47099998593330383
YML067C,YBR100W,0,-6.0651407,0.1513240784406662,0.8399999737739563,0.47110000252723694
YNL110C,YML029W,0,-6.065487,0.15129682421684265,0.8399999737739563,0.47119998931884766
YGL078C,YBL004W,0,-6.0655804,0.1512695848941803,0.8399999737739563,0.47130000591278076
YIL013C,YBR092C,0,-6.0658464,0.15124234557151794,0.8399999737739563,0.4713999927043915
YDR427W,YIR018W,0,-6.0664434,0.15121512115001678,0.8399999737739563,0.4715000092983246
YJL021C,YGR098C,0,-6.0664735,0.15118791162967682,0.8399999737739563,0.4715999960899353
YEL017C-A,YGR027W-B,0,-6.0665784,0.15116070210933685,0.8399999737739563,0.4717000126838684
YER028C,YKR025W,0,-6.0667048,0.15113350749015808,0.8399999737739563,0.4717999994754791
YOR240W,YER061C,0,-6.0669813,0.1511063128709793,0.8399999737739563,0.47189998626708984
YIL138C,YGR161W-A,0,-6.0671782,0.15107913315296173,0.8399999737739563,0.47200000286102295
YLR100W,YDR316W-B,0,-6.0673904,0.15105196833610535,0.8399999737739563,0.47209998965263367
YNL210W,YDR172W,0,-6.0674,0.15102481842041016,0.8399999737739563,0.4722000062465668
YNL070W,YGR161C-C,0,-6.06769,0.15099766850471497,0.8399999737739563,0.4722999930381775
YBR233W-A,YGL205W,0,-6.0677385,0.15097051858901978,0.8399999737739563,0.4724000096321106
YHR102W,YLR256W-A,0,-6.068079,0.15094339847564697,0.8399999737739563,0.4724999964237213
YDR122W,YLR256W-A,0,-6.068079,0.15091627836227417,0.8399999737739563,0.4726000130176544
YGR147C,YCL019W,0,-6.068222,0.15088917315006256,0.8399999737739563,0.47269999980926514
YML078W,YPL276W,0,-6.0682344,0.15086206793785095,0.8399999737739563,0.47279998660087585
YNL214W,YDR404C,0,-6.068303,0.15083497762680054,0.8399999737739563,0.47290000319480896
YGL200C,YDR261W-B,0,-6.068785,0.15080790221691132,0.8399999737739563,0.4729999899864197
YJR105W,YGR193C,0,-6.068897,0.1507808268070221,0.8399999737739563,0.4731000065803528
YIR028W,YKL068W,1,-6.068904,0.15093323588371277,0.8410000205039978,0.4731000065803528
YJL167W,YOR192C-B,0,-6.068961,0.15090616047382355,0.8410000205039978,0.4731999933719635
YBR088C,YLR157C-B,0,-6.0689964,0.15087908506393433,0.8410000205039978,0.4733000099658966
YDR375C,YNL284C-B,0,-6.069068,0.1508520245552063,0.8410000205039978,0.4733999967575073
YDR085C,YHL009W-B,0,-6.069068,0.15082496404647827,0.8410000205039978,0.47350001335144043
YMR290C,YOL009C,0,-6.0692406,0.15079791843891144,0.8410000205039978,0.47360000014305115
YGR083C,YGL251C,0,-6.069305,0.1507708877325058,0.8410000205039978,0.47369998693466187
YCR081W,YEL002C,0,-6.0693607,0.15074385702610016,0.8410000205039978,0.47380000352859497
YJL095W,YDR210W-A,0,-6.0693855,0.1507168412208557,0.8410000205039978,0.4738999903202057
YKL019W,YIL109C,0,-6.0696626,0.15068984031677246,0.8410000205039978,0.4740000069141388
YPR164W,YPL212C,0,-6.069987,0.1506628394126892,0.8410000205039978,0.4740999937057495
YJR105W,YDR495C,0,-6.0701933,0.15063585340976715,0.8410000205039978,0.4742000102996826
YOR265W,YLR090W,0,-6.0702505,0.1506088823080063,0.8410000205039978,0.47429999709129333
YNL126W,YOL097C,0,-6.0703626,0.15058191120624542,0.8410000205039978,0.47440001368522644
YOR143C,YGR109W-B,0,-6.070515,0.15055495500564575,0.8410000205039978,0.47450000047683716
YPL149W,YPR158W-B,0,-6.0706215,0.15052801370620728,0.8410000205039978,0.4745999872684479
YLR107W,YPR158C-C,0,-6.0707264,0.1505010724067688,0.8410000205039978,0.474700003862381
YDL043C,YDR210W-A,0,-6.0708685,0.15047414600849152,0.8410000205039978,0.4747999906539917
YER146W,YGL046W,0,-6.0712557,0.15044723451137543,0.8410000205039978,0.4749000072479248
YBL017C,YFL017W-A,0,-6.0712843,0.15042032301425934,0.8410000205039978,0.4749999940395355
YFL018C,YPL082C,0,-6.0714474,0.15039342641830444,0.8410000205039978,0.47510001063346863
YCR005C,YGR161C-C,0,-6.0714693,0.15036652982234955,0.8410000205039978,0.47519999742507935
YOR045W,YPR158W-B,0,-6.0715394,0.15033964812755585,0.8410000205039978,0.47530001401901245
YDR508C,YDR310C,0,-6.0715876,0.15031278133392334,0.8410000205039978,0.47540000081062317
YLR145W,YOR192C-B,0,-6.071787,0.15028591454029083,0.8410000205039978,0.4754999876022339
YEL069C,YPR158W-B,0,-6.071823,0.15025906264781952,0.8410000205039978,0.475600004196167
YCL001W,YGL207W,0,-6.0719733,0.1502322256565094,0.8410000205039978,0.4756999909877777
YDR276C,YBR284W,0,-6.0721426,0.15020538866519928,0.8410000205039978,0.4758000075817108
YOR363C,YER159C-A,0,-6.072322,0.15017856657505035,0.8410000205039978,0.47589999437332153
YDL245C,YER029C,0,-6.072452,0.15015175938606262,0.8410000205039978,0.47600001096725464
YDR016C,YBR100W,0,-6.072566,0.1501249521970749,0.8410000205039978,0.47609999775886536
YLR401C,YOL103W-B,0,-6.072786,0.15009815990924835,0.8410000205039978,0.47620001435279846
YJR090C,YOR049C,0,-6.073168,0.150071382522583,0.8410000205039978,0.4763000011444092
YHL025W,YGR082W,0,-6.073318,0.15004460513591766,0.8410000205039978,0.4763999879360199
YBL030C,YJL140W,1,-6.073656,0.15019622445106506,0.8420000076293945,0.4763999879360199
YDL230W,YNL054W-A,0,-6.074248,0.15016943216323853,0.8420000076293945,0.476500004529953
YNL027W,YML055W,0,-6.0743546,0.15014265477657318,0.8420000076293945,0.4765999913215637
YMR029C,YER062C,0,-6.0743794,0.15011589229106903,0.8420000076293945,0.4767000079154968
YOL086C,YLR157C-B,0,-6.074497,0.15008912980556488,0.8420000076293945,0.47679999470710754
YLR078C,YDR316W-B,0,-6.074497,0.15006238222122192,0.8420000076293945,0.47690001130104065
YBR175W,YHR196W,0,-6.074564,0.15003563463687897,0.8420000076293945,0.47699999809265137
YBR100W,YDR457W,0,-6.0745687,0.1500089019536972,0.8420000076293945,0.4771000146865845
YPL058C,YLL021W,0,-6.074896,0.14998218417167664,0.8420000076293945,0.4772000014781952
YBR218C,YPR078C,0,-6.075288,0.14995548129081726,0.8420000076293945,0.4772999882698059
YIL065C,YLR254C,0,-6.075494,0.14992877840995789,0.8420000076293945,0.477400004863739
YKR063C,YPR158C-C,0,-6.0757804,0.1499020755290985,0.8420000076293945,0.47749999165534973
YOR058C,YDR246W,0,-6.076,0.14987540245056152,0.8420000076293945,0.47760000824928284
YNL291C,YDR065W,0,-6.0764666,0.14984872937202454,0.8420000076293945,0.47769999504089355
YDL030W,YIL031W,0,-6.0764694,0.14982207119464874,0.8420000076293945,0.47780001163482666
YML099C,YFL058W,0,-6.076515,0.14979541301727295,0.8420000076293945,0.4778999984264374
YGL208W,YHL025W,0,-6.0765214,0.14976876974105835,0.8420000076293945,0.4779999852180481
YKL013C,YDR210C-C,0,-6.0765295,0.14974212646484375,0.8420000076293945,0.4781000018119812
YIL070C,YLR157C-B,0,-6.076601,0.14971549808979034,0.8420000076293945,0.4781999886035919
YDL003W,YPL144W,0,-6.076853,0.14968888461589813,0.8420000076293945,0.478300005197525
YFL056C,YBR161W,0,-6.076994,0.14966228604316711,0.8420000076293945,0.47839999198913574
YJL134W,YPL174C,0,-6.077203,0.1496356874704361,0.8420000076293945,0.47850000858306885
YBL098W,YLR376C,0,-6.077386,0.14960910379886627,0.8420000076293945,0.47859999537467957
YIR019C,YER159C-A,0,-6.077599,0.14958252012729645,0.8420000076293945,0.47870001196861267
YDL078C,YLR066W,0,-6.077655,0.14955595135688782,0.8420000076293945,0.4787999987602234
YML116W,YNL323W,0,-6.0777235,0.14952939748764038,0.8420000076293945,0.4788999855518341
YDL175C,YOL072W,1,-6.0779085,0.14968039095401764,0.8429999947547913,0.4788999855518341
YGR108W,YDL226C,0,-6.0781865,0.149653822183609,0.8429999947547913,0.4790000021457672
YFR024C,YPL036W,0,-6.078226,0.14962726831436157,0.8429999947547913,0.47909998893737793
YER166W,YDR142C,0,-6.078806,0.14960071444511414,0.8429999947547913,0.47920000553131104
YJL012C,YLR126C,0,-6.078908,0.1495741605758667,0.8429999947547913,0.47929999232292175
YNL166C,YJL091C,0,-6.079116,0.14954763650894165,0.8429999947547913,0.47940000891685486
YKL055C,YPR137C-B,0,-6.0791683,0.1495211124420166,0.8429999947547913,0.4794999957084656
YNL219C,YBR294W,0,-6.079323,0.14949458837509155,0.8429999947547913,0.4796000123023987
YHR072W-A,YPR075C,0,-6.079419,0.1494680792093277,0.8429999947547913,0.4796999990940094
YOR160W,YCR073W-A,1,-6.079488,0.14961886405944824,0.843999981880188,0.4796999990940094
YPR112C,YJL012C-A,0,-6.07952,0.1495923399925232,0.843999981880188,0.4797999858856201
YMR266W,YHR152W,0,-6.0796824,0.14956583082675934,0.843999981880188,0.4799000024795532
YCL067C,YDR034C-D,0,-6.0799885,0.14953933656215668,0.843999981880188,0.47999998927116394
YMR197C,YFL002W-A,0,-6.0803037,0.14951284229755402,0.843999981880188,0.48010000586509705
YDR479C,YLR227W-A,0,-6.08031,0.14948636293411255,0.843999981880188,0.48019999265670776
YDR486C,YGR027W-B,0,-6.0803814,0.14945988357067108,0.843999981880188,0.48030000925064087
YHR059W,YBL093C,0,-6.080695,0.149433434009552,0.843999981880188,0.4803999960422516
YCL012W,YPR102C,0,-6.0808578,0.14940696954727173,0.843999981880188,0.4805000126361847
YDL017W,YER159C-A,0,-6.081094,0.14938053488731384,0.843999981880188,0.4805999994277954
YDR451C,YOR142W-B,0,-6.0811653,0.14935410022735596,0.843999981880188,0.48069998621940613
YNR032C-A,YDL109C,0,-6.081443,0.14932766556739807,0.843999981880188,0.48080000281333923
YJR064W,YLR227W-B,0,-6.0818076,0.14930126070976257,0.843999981880188,0.48089998960494995
YLR155C,YER137C-A,0,-6.081878,0.14927485585212708,0.843999981880188,0.48100000619888306
YBR060C,YCR080W,0,-6.0819683,0.14924845099449158,0.843999981880188,0.4810999929904938
YLR109W,YKL088W,0,-6.082244,0.14922206103801727,0.843999981880188,0.4812000095844269
YPR162C,YPR158W-A,0,-6.0823774,0.14919568598270416,0.843999981880188,0.4812999963760376
YBL056W,YML049C,0,-6.0825977,0.14916931092739105,0.843999981880188,0.4814000129699707
YGR038W,YPR158C-D,0,-6.082698,0.14914295077323914,0.843999981880188,0.4814999997615814
YAR031W,YBL100W-B,0,-6.0827065,0.1491166055202484,0.843999981880188,0.48159998655319214
YEL029C,YER040W,0,-6.082803,0.1490902602672577,0.843999981880188,0.48170000314712524
YHL019C,YLL009C,0,-6.0830173,0.14906392991542816,0.843999981880188,0.48179998993873596
YJR118C,YHR170W,0,-6.0830603,0.14903761446475983,0.843999981880188,0.48190000653266907
YBR175W,YLR222C,0,-6.083517,0.1490112990140915,0.843999981880188,0.4819999933242798
YPL167C,YER117W,0,-6.0836744,0.14898499846458435,0.843999981880188,0.4821000099182129
YMR023C,YCL062W,0,-6.0838933,0.1489586979150772,0.843999981880188,0.4821999967098236
YGR238C,YPR158C-C,0,-6.0840893,0.14893241226673126,0.843999981880188,0.4823000133037567
YPL221W,YOL060C,0,-6.0843453,0.1489061415195465,0.843999981880188,0.48240000009536743
YJR013W,YCL055W,0,-6.085026,0.14887987077236176,0.843999981880188,0.48249998688697815
YDR384C,YGR042W,0,-6.0851164,0.1488536149263382,0.843999981880188,0.48260000348091125
YNL048W,YPR158C-D,0,-6.0854797,0.14882737398147583,0.843999981880188,0.482699990272522
YFL011W-A,YMR182C,0,-6.0856276,0.14880113303661346,0.843999981880188,0.4828000068664551
YPL131W,YCR080W,0,-6.0857124,0.1487748920917511,0.843999981880188,0.4828999936580658
YMR054W,YPR158W-B,0,-6.0857296,0.14874868094921112,0.843999981880188,0.4830000102519989
YJL116C,YEL016C,0,-6.0859537,0.14872246980667114,0.843999981880188,0.4830999970436096
YHR004C,YER012W,0,-6.0859947,0.14869625866413116,0.843999981880188,0.4832000136375427
YMR044W,YOL005C,0,-6.0860233,0.14867007732391357,0.843999981880188,0.48330000042915344
YDR016C,YLR134W,0,-6.086175,0.14864389598369598,0.843999981880188,0.48339998722076416
YJL018W,YJR033C,0,-6.0861855,0.1486177146434784,0.843999981880188,0.48350000381469727
YPL096C-A,YBR020W,0,-6.086256,0.148591548204422,0.843999981880188,0.483599990606308
YPL021W,YOL003C,0,-6.0862803,0.1485653966665268,0.843999981880188,0.4837000072002411
YDL098C,YER041W,0,-6.0863724,0.1485392451286316,0.843999981880188,0.4837999939918518
YNL073W,YOL105C,0,-6.08644,0.14851310849189758,0.843999981880188,0.4839000105857849
YFR027W,YDR414C,0,-6.086585,0.14848698675632477,0.843999981880188,0.48399999737739563
YJR077C,YCR066W,0,-6.086644,0.14846086502075195,0.843999981880188,0.48410001397132874
YBL045C,YGR128C,0,-6.0869026,0.14843475818634033,0.843999981880188,0.48420000076293945
YPL154C,YLR227W-A,0,-6.0871916,0.1484086513519287,0.843999981880188,0.48429998755455017
YBR162C,YOL103W-B,0,-6.0874057,0.14838255941867828,0.843999981880188,0.4844000041484833
YGR041W,YNL098C,0,-6.087867,0.14835648238658905,0.843999981880188,0.484499990940094
YPL253C,YIR026C,0,-6.088003,0.14833040535449982,0.843999981880188,0.4846000075340271
YBR165W,YMR067C,0,-6.0880513,0.14830434322357178,0.843999981880188,0.4846999943256378
YHR143W,YPL001W,0,-6.088153,0.14827828109264374,0.843999981880188,0.4848000109195709
YCR005C,YOL128C,0,-6.0885434,0.1482522338628769,0.843999981880188,0.48489999771118164
YIL123W,YGL039W,0,-6.088627,0.14822620153427124,0.843999981880188,0.48500001430511475
YGL033W,YFL035C,0,-6.08864,0.1482001692056656,0.843999981880188,0.48510000109672546
YML076C,YPL257W-A,0,-6.089224,0.14817415177822113,0.843999981880188,0.4851999878883362
YER045C,YNL014W,0,-6.0892696,0.14814814925193787,0.843999981880188,0.4853000044822693
YCL012W,YLR014C,0,-6.089426,0.1481221467256546,0.843999981880188,0.48539999127388
YIL075C,YDL015C,0,-6.0894647,0.14809615910053253,0.843999981880188,0.4855000078678131
YDR192C,YKR002W,1,-6.0896187,0.14824561774730682,0.8450000286102295,0.4855000078678131
YLR216C,YCR060W,0,-6.089705,0.14821961522102356,0.8450000286102295,0.48559999465942383
YDR039C,YFL002W-A,0,-6.089859,0.1481936126947403,0.8450000286102295,0.48570001125335693
YLL061W,YPR137C-B,0,-6.0900803,0.14816762506961823,0.8450000286102295,0.48579999804496765
YKR068C,YLR391W,0,-6.0902977,0.14814165234565735,0.8450000286102295,0.48590001463890076
YAR018C,YER022W,0,-6.090331,0.14811569452285767,0.8450000286102295,0.4860000014305115
YGR078C,YDR261C-D,0,-6.0906143,0.14808973670005798,0.8450000286102295,0.4860999882221222
YGR143W,YMR077C,0,-6.0908227,0.1480637788772583,0.8450000286102295,0.4862000048160553
YNL302C,YDL130W-A,0,-6.091458,0.1480378359556198,0.8450000286102295,0.486299991607666
YOL040C,YCR081W,0,-6.0914893,0.14801190793514252,0.8450000286102295,0.4864000082015991
YKL060C,YLR455W,0,-6.091577,0.14798599481582642,0.8450000286102295,0.48649999499320984
YBL007C,YLR227W-A,0,-6.0916123,0.14796008169651031,0.8450000286102295,0.48660001158714294
YMR060C,YJL012C-A,0,-6.092016,0.1479341685771942,0.8450000286102295,0.48669999837875366
YOR349W,YOL067C,0,-6.092435,0.1479082852602005,0.8450000286102295,0.4867999851703644
YNL323W,YER159C-A,0,-6.0925045,0.1478823870420456,0.8450000286102295,0.4869000017642975
YCL014W,YPL180W,0,-6.092724,0.14785651862621307,0.8450000286102295,0.4869999885559082
YJL030W,YOL054W,0,-6.092906,0.14783065021038055,0.8450000286102295,0.4871000051498413
YDR440W,YPR158W-A,0,-6.093146,0.14780479669570923,0.8450000286102295,0.487199991941452
YOR281C,YKL141W,0,-6.0933495,0.1477789431810379,0.8450000286102295,0.48730000853538513
YPL181W,YDR097C,0,-6.0934925,0.14775310456752777,0.8450000286102295,0.48739999532699585
YOR080W,YAR044W,0,-6.0935135,0.14772726595401764,0.8450000286102295,0.48750001192092896
YNL210W,YBR092C,0,-6.093672,0.1477014571428299,0.8450000286102295,0.4875999987125397
YOR347C,YLR410W-B,0,-6.0942516,0.14767563343048096,0.8450000286102295,0.4876999855041504
YDR508C,YCL024W,0,-6.094323,0.1476498395204544,0.8450000286102295,0.4878000020980835
YOL116W,YDL159W,0,-6.0944424,0.14762404561042786,0.8450000286102295,0.4878999888896942
YOR159C,YLR132C,0,-6.0947576,0.1475982517004013,0.8450000286102295,0.4880000054836273
YHR114W,YDR447C,0,-6.095265,0.14757247269153595,0.8450000286102295,0.48809999227523804
YLR238W,YOL088C,0,-6.0955696,0.1475467085838318,0.8450000286102295,0.48820000886917114
YMR026C,YDR075W,0,-6.0955744,0.14752094447612762,0.8450000286102295,0.48829999566078186
YJL021C,YPR095C,0,-6.0956106,0.14749519526958466,0.8450000286102295,0.48840001225471497
YKL018W,YDR316W-A,0,-6.095785,0.14746946096420288,0.8450000286102295,0.4884999990463257
YKL191W,YLR448W,0,-6.0963907,0.1474437266588211,0.8450000286102295,0.4885999858379364
YJR055W,YBL004W,0,-6.0963926,0.14741800725460052,0.8450000286102295,0.4887000024318695
YFL010W-A,YBL003C,0,-6.096697,0.14739228785037994,0.8450000286102295,0.4887999892234802
YCR002C,YLR310C,0,-6.0967717,0.14736658334732056,0.8450000286102295,0.48890000581741333
YIL142W,YCR026C,0,-6.097018,0.14734089374542236,0.8450000286102295,0.48899999260902405
YKL200C,YDR097C,0,-6.0975294,0.14731520414352417,0.8450000286102295,0.48910000920295715
YMR073C,YDL081C,0,-6.0978785,0.14728952944278717,0.8450000286102295,0.48919999599456787
YBR257W,YMR022W,0,-6.098355,0.14726385474205017,0.8450000286102295,0.489300012588501
YNL084C,YBL026W,0,-6.0985374,0.14723819494247437,0.8450000286102295,0.4893999993801117
YAL015C,YFL002W-A,0,-6.0985622,0.14721255004405975,0.8450000286102295,0.4894999861717224
YEL015W,YPR067W,0,-6.098606,0.14718690514564514,0.8450000286102295,0.4896000027656555
YCR058C,YGR074W,0,-6.0986624,0.14716127514839172,0.8450000286102295,0.48969998955726624
YNL164C,YBR012W-B,0,-6.0993414,0.1471356451511383,0.8450000286102295,0.48980000615119934
YMR281W,YGR038C-A,0,-6.099529,0.14711003005504608,0.8450000286102295,0.48989999294281006
YBL084C,YOR075W,0,-6.1000147,0.14708441495895386,0.8450000286102295,0.49000000953674316
YFR033C,YNL046W,0,-6.1002617,0.14705882966518402,0.8450000286102295,0.4900999963283539
YNL293W,YOR127W,0,-6.100559,0.147033229470253,0.8450000286102295,0.490200012922287
YMR032W,YNL036W,0,-6.100997,0.14700765907764435,0.8450000286102295,0.4902999997138977
YPR072W,YGR027W-A,0,-6.101169,0.1469820886850357,0.8450000286102295,0.4903999865055084
YOR036W,YER159C-A,0,-6.1015615,0.14695651829242706,0.8450000286102295,0.49050000309944153
YBR111W-A,YDR381W,1,-6.101671,0.14710484445095062,0.8460000157356262,0.49050000309944153
YDR501W,YBL057C,0,-6.101696,0.14707927405834198,0.8460000157356262,0.49059998989105225
YER002W,YHR012W,0,-6.1018457,0.14705370366573334,0.8460000157356262,0.49070000648498535
YKL005C,YDR409W,0,-6.101878,0.1470281481742859,0.8460000157356262,0.49079999327659607
YNL272C,YDL244W,0,-6.1021976,0.14700260758399963,0.8460000157356262,0.4909000098705292
YER065C,YER180C-A,0,-6.1023016,0.14697706699371338,0.8460000157356262,0.4909999966621399
YGL183C,YDR346C,0,-6.102412,0.14695154130458832,0.8460000157356262,0.491100013256073
YHR015W,YKR082W,1,-6.102492,0.14709968864917755,0.847000002861023,0.491100013256073
YGR036C,YOR008C,0,-6.1026783,0.1470741480588913,0.847000002861023,0.4912000000476837
YEL066W,YJL222W,0,-6.1029744,0.14704860746860504,0.847000002861023,0.49129998683929443
YBR199W,YGR222W,0,-6.1037292,0.14702308177947998,0.847000002861023,0.49140000343322754
YPR103W,YMR134W,0,-6.104057,0.1469975709915161,0.847000002861023,0.49149999022483826
YBR253W,YMR054W,0,-6.10409,0.14697206020355225,0.847000002861023,0.49160000681877136
YBR084W,YGR074W,0,-6.104539,0.14694656431674957,0.847000002861023,0.4916999936103821
YGR166W,YGR027W-A,0,-6.1047707,0.1469210684299469,0.847000002861023,0.4918000102043152
YLL035W,YCL010C,0,-6.1049523,0.14689558744430542,0.847000002861023,0.4918999969959259
YPL262W,YPL206C,0,-6.1053143,0.14687012135982513,0.847000002861023,0.492000013589859
YDR461W,YER019C-A,0,-6.105628,0.14684465527534485,0.847000002861023,0.4921000003814697
YGR225W,YMR134W,0,-6.105908,0.14681920409202576,0.847000002861023,0.49219998717308044
YAR033W,YGR109W-B,0,-6.105912,0.14679376780986786,0.847000002861023,0.49230000376701355
YDR365C,YPR002W,0,-6.1061707,0.14676833152770996,0.847000002861023,0.49239999055862427
YNL309W,YMR051C,0,-6.1062307,0.14674289524555206,0.847000002861023,0.4925000071525574
YDL140C,YIL061C,0,-6.106289,0.14671747386455536,0.847000002861023,0.4925999939441681
YOL026C,YGL051W,0,-6.106633,0.14669206738471985,0.847000002861023,0.4927000105381012
YLR023C,YJL102W,0,-6.1069055,0.14666666090488434,0.847000002861023,0.4927999973297119
YOR334W,YLR337W,0,-6.1069927,0.14664126932621002,0.847000002861023,0.492900013923645
YPL050C,YAR044W,0,-6.107476,0.1466158926486969,0.847000002861023,0.49300000071525574
YGR109C,YLR340W,0,-6.107543,0.14659051597118378,0.847000002861023,0.49309998750686646
YPR007C,YGR056W,0,-6.107632,0.14656515419483185,0.847000002861023,0.49320000410079956
YMR056C,YBR042C,0,-6.107901,0.14653979241847992,0.847000002861023,0.4932999908924103
YOR377W,YJR002W,0,-6.107922,0.14651444554328918,0.847000002861023,0.4934000074863434
YML021C,YDR131C,0,-6.107996,0.14648909866809845,0.847000002861023,0.4934999942779541
YBR195C,YLL041C,0,-6.1085453,0.1464637666940689,0.847000002861023,0.4936000108718872
YGR262C,YPR158C-D,0,-6.10855,0.14643844962120056,0.847000002861023,0.4936999976634979
YNL330C,YDL097C,0,-6.108692,0.14641313254833221,0.847000002861023,0.49380001425743103
YNL135C,YGL046W,0,-6.1087217,0.14638783037662506,0.847000002861023,0.49390000104904175
YPL159C,YER151C,0,-6.1090145,0.1463625431060791,0.847000002861023,0.49399998784065247
YNL135C,YER190W,0,-6.1090693,0.14633725583553314,0.847000002861023,0.49410000443458557
YLR391W,YDR004W,0,-6.1092567,0.14631196856498718,0.847000002861023,0.4941999912261963
YDL243C,YEL069C,0,-6.1093683,0.14628669619560242,0.847000002861023,0.4943000078201294
YGL135W,YAR044W,0,-6.10949,0.14626143872737885,0.847000002861023,0.4943999946117401
YMR015C,YNL126W,0,-6.109595,0.14623618125915527,0.847000002861023,0.4945000112056732
YNL127W,YCL019W,0,-6.109631,0.1462109386920929,0.847000002861023,0.49459999799728394
YER095W,YLR369W,0,-6.1098356,0.1461857110261917,0.847000002861023,0.49470001459121704
YBR111W-A,YMR273C,1,-6.109844,0.14633303880691528,0.8479999899864197,0.49470001459121704
YER044C,YPR186C,0,-6.110128,0.1463077962398529,0.8479999899864197,0.49480000138282776
YDR162C,YML098W,0,-6.1103463,0.14628255367279053,0.8479999899864197,0.4948999881744385
YCR005C,YKL029C,0,-6.110366,0.14625732600688934,0.8479999899864197,0.4950000047683716
YGR209C,YGR038C-A,0,-6.1104765,0.14623211324214935,0.8479999899864197,0.4950999915599823
YGL200C,YDR388W,0,-6.110525,0.14620690047740936,0.8479999899864197,0.4952000081539154
YNL270C,YGR180C,0,-6.1110497,0.14618168771266937,0.8479999899864197,0.4952999949455261
YML116W,YOR338W,0,-6.1114025,0.14615650475025177,0.8479999899864197,0.49540001153945923
YLR382C,YOL125W,0,-6.1114554,0.14613130688667297,0.8479999899864197,0.49549999833106995
YHR065C,YGR281W,0,-6.111638,0.14610613882541656,0.8479999899864197,0.49559998512268066
YOR269W,YIL123W,0,-6.11214,0.14608097076416016,0.8479999899864197,0.49570000171661377
YLR182W,YKL119C,0,-6.1123114,0.14605580270290375,0.8479999899864197,0.4957999885082245
YBR029C,YBR275C,0,-6.1123466,0.14603064954280853,0.8479999899864197,0.4959000051021576
YGR007W,YIL084C,0,-6.112403,0.1460055112838745,0.8479999899864197,0.4959999918937683
YOR099W,YPL093W,0,-6.112482,0.1459803730249405,0.8479999899864197,0.4961000084877014
YNL001W,YOR305W,0,-6.112612,0.14595524966716766,0.8479999899864197,0.49619999527931213
YOR304W,YGR042W,0,-6.112914,0.14593012630939484,0.8479999899864197,0.49630001187324524
YGL209W,YFL018W-A,0,-6.1129627,0.1459050178527832,0.8479999899864197,0.49639999866485596
YLR381W,YMR054W,0,-6.113842,0.14587992429733276,0.8479999899864197,0.4964999854564667
YML120C,YLR305C,0,-6.114004,0.14585483074188232,0.8479999899864197,0.4966000020503998
YLR113W,YDR013W,0,-6.114011,0.14582975208759308,0.8479999899864197,0.4966999888420105
YNL318C,YML098W,0,-6.114272,0.14580467343330383,0.8479999899864197,0.4968000054359436
YML058W-A,YDR501W,0,-6.114278,0.14577960968017578,0.8479999899864197,0.4968999922275543
YGL256W,YAR044W,0,-6.1149178,0.14575456082820892,0.8479999899864197,0.4970000088214874
YLR144C,YJR144W,0,-6.1151047,0.14572951197624207,0.8479999899864197,0.49709999561309814
YDL019C,YPL192C,0,-6.115251,0.1457044631242752,0.8479999899864197,0.49720001220703125
YER174C,YOR068C,0,-6.11543,0.14567942917346954,0.8479999899864197,0.49729999899864197
YFL009W,YML028W,0,-6.1154327,0.14565441012382507,0.8479999899864197,0.4973999857902527
YNL232W,YOL124C,0,-6.1157045,0.1456294059753418,0.8479999899864197,0.4975000023841858
YDL051W,YDR261C-D,0,-6.1159673,0.14560440182685852,0.8479999899864197,0.4975999891757965
YMR116C,YLR433C,0,-6.1159735,0.14557939767837524,0.8479999899864197,0.4977000057697296
YLR059C,YDR129C,0,-6.1165166,0.14555440843105316,0.8479999899864197,0.49779999256134033
YDR288W,YNL091W,0,-6.1168494,0.14552943408489227,0.8479999899864197,0.49790000915527344
YPR199C,YDL093W,0,-6.116851,0.14550445973873138,0.8479999899864197,0.49799999594688416
YCR057C,YKL006C-A,0,-6.11712,0.1454795002937317,0.8479999899864197,0.49810001254081726
YDR243C,YDR353W,0,-6.1172576,0.145454540848732,0.8479999899864197,0.498199999332428
YKL029C,YNL102W,0,-6.1172867,0.1454295963048935,0.8479999899864197,0.4982999861240387
YDR394W,YGR013W,0,-6.1173615,0.1454046666622162,0.8479999899864197,0.4984000027179718
YOR239W,YOL109W,0,-6.1174154,0.14537973701953888,0.8479999899864197,0.4984999895095825
YBR111W-A,YKL214C,1,-6.117449,0.1455262303352356,0.8489999771118164,0.4984999895095825
YER021W,YKL081W,0,-6.1177354,0.1455012857913971,0.8489999771118164,0.4986000061035156
YDR151C,YJL012C-A,0,-6.117832,0.1454763561487198,0.8489999771118164,0.49869999289512634
YBL005W,YLR312C-B,0,-6.1178904,0.14545142650604248,0.8489999771118164,0.49880000948905945
YHR188C,YPL156C,0,-6.118367,0.14542651176452637,0.8489999771118164,0.49889999628067017
YNL039W,YCL005W-A,0,-6.1187325,0.14540161192417145,0.8489999771118164,0.49900001287460327
YCR080W,YJR009C,0,-6.119087,0.14537671208381653,0.8489999771118164,0.499099999666214
YER162C,YDL007W,0,-6.119162,0.1453518271446228,0.8489999771118164,0.4991999864578247
YER038C,YPL020C,0,-6.1201077,0.14532694220542908,0.8489999771118164,0.4993000030517578
YBL105C,YMR077C,0,-6.1202993,0.14530207216739655,0.8489999771118164,0.49939998984336853
YOR233W,YOL109W,0,-6.120469,0.145277202129364,0.8489999771118164,0.49950000643730164
YOR266W,YLL024C,0,-6.1206393,0.14525234699249268,0.8489999771118164,0.49959999322891235
YNL129W,YMR054W,0,-6.120883,0.14522750675678253,0.8489999771118164,0.49970000982284546
YPL178W,YER100W,0,-6.120899,0.1452026665210724,0.8489999771118164,0.4997999966144562
YFR041C,YDL060W,0,-6.121018,0.14517784118652344,0.8489999771118164,0.4999000132083893
YML013W,YML001W,0,-6.121028,0.1451530158519745,0.8489999771118164,0.5
YMR044W,YKL195W,0,-6.1210365,0.14512820541858673,0.8489999771118164,0.5001000165939331
YDR375C,YLR032W,0,-6.121074,0.14510339498519897,0.8489999771118164,0.5001999735832214
YNL293W,YHR196W,0,-6.121187,0.1450785994529724,0.8489999771118164,0.5002999901771545
YPL119C,YER154W,0,-6.1213555,0.14505381882190704,0.8489999771118164,0.5004000067710876
YJR118C,YBL006C,0,-6.121716,0.14502903819084167,0.8489999771118164,0.5005000233650208
YKR038C,YCL062W,0,-6.1217785,0.1450042724609375,0.8489999771118164,0.5005999803543091
YBR212W,YJR033C,0,-6.122359,0.14497950673103333,0.8489999771118164,0.5006999969482422
YPL265W,YKR090W,0,-6.1223884,0.14495475590229034,0.8489999771118164,0.5008000135421753
YMR231W,YKL079W,0,-6.122418,0.14493000507354736,0.8489999771118164,0.5008999705314636
YCR008W,YLR312C-B,0,-6.1229563,0.14490526914596558,0.8489999771118164,0.5009999871253967
YDR116C,YBR228W,0,-6.123003,0.14488054811954498,0.8489999771118164,0.5011000037193298
YDR140W,YBR168W,0,-6.123374,0.1448558270931244,0.8489999771118164,0.5012000203132629
YLR391W,YGL043W,0,-6.123387,0.144831120967865,0.8489999771118164,0.5012999773025513
YLR318W,YFL036W,0,-6.123442,0.1448064148426056,0.8489999771118164,0.5013999938964844
YHR193C,YLR157C-B,0,-6.1235266,0.14478172361850739,0.8489999771118164,0.5015000104904175
YDL220C,YOR307C,0,-6.123932,0.14475703239440918,0.8489999771118164,0.5016000270843506
YBL009W,YAL010C,0,-6.12502,0.14473235607147217,0.8489999771118164,0.5016999840736389
YBL099W,YJR006W,0,-6.1250486,0.14470767974853516,0.8489999771118164,0.501800000667572
YFR030W,YNL126W,0,-6.1251454,0.14468303322792053,0.8489999771118164,0.5019000172615051
YER009W,YML045W,0,-6.1252084,0.14465837180614471,0.8489999771118164,0.5019999742507935
YAR014C,YLR238W,0,-6.12563,0.1446337252855301,0.8489999771118164,0.5020999908447266
YJR108W,YOR084W,0,-6.1257887,0.14460909366607666,0.8489999771118164,0.5022000074386597
YEL036C,YDR099W,0,-6.1258707,0.14458446204662323,0.8489999771118164,0.5023000240325928
YDR483W,YKL012W,0,-6.1264467,0.144559845328331,0.8489999771118164,0.5023999810218811
YKR048C,YJL114W,0,-6.1266356,0.14453524351119995,0.8489999771118164,0.5024999976158142
YPL096C-A,YFL002C,0,-6.126996,0.1445106416940689,0.8489999771118164,0.5026000142097473
YFL022C,YMR179W,0,-6.1271286,0.14448603987693787,0.8489999771118164,0.5026999711990356
YOR243C,YNL257C,0,-6.1271553,0.14446145296096802,0.8489999771118164,0.5027999877929688
YMR308C,YBR111W-A,1,-6.127677,0.14460700750350952,0.8500000238418579,0.5027999877929688
YNL098C,YLR086W,0,-6.1277013,0.14458240568637848,0.8500000238418579,0.5029000043869019
YDR254W,YLR135W,0,-6.1279035,0.14455781877040863,0.8500000238418579,0.503000020980835
YBL058W,YDR398W,0,-6.128291,0.14453324675559998,0.8500000238418579,0.5030999779701233
YLR453C,YIL138C,0,-6.128314,0.14450867474079132,0.8500000238418579,0.5031999945640564
YPR094W,YMR101C,0,-6.1284275,0.14448410272598267,0.8500000238418579,0.5033000111579895
YPL001W,YMR216C,0,-6.1289463,0.1444595456123352,0.8500000238418579,0.5034000277519226
YCL035C,YCL062W,0,-6.129306,0.14443500339984894,0.8500000238418579,0.5034999847412109
YML085C,YBR097W,0,-6.129607,0.14441046118736267,0.8500000238418579,0.503600001335144
YDR364C,YLR084C,0,-6.129804,0.1443859338760376,0.8500000238418579,0.5037000179290771
YGR253C,YGL210W,0,-6.130247,0.14436140656471252,0.8500000238418579,0.5037999749183655
YNR060W,YBR275C,0,-6.130412,0.14433689415454865,0.8500000238418579,0.5038999915122986
YDR461W,YDR227W,0,-6.13044,0.14431239664554596,0.8500000238418579,0.5040000081062317
YJL003W,YEL018W,0,-6.1304483,0.14428789913654327,0.8500000238418579,0.5041000247001648
YFR034C,YIL063C,0,-6.1306715,0.1442634016275406,0.8500000238418579,0.5041999816894531
YGL247W,YMR273C,1,-6.1306896,0.14440861344337463,0.8510000109672546,0.5041999816894531
YLR201C,YFL002W-A,0,-6.1310515,0.14438411593437195,0.8510000109672546,0.5042999982833862
YDL059C,YPR133C,0,-6.1311297,0.14435963332653046,0.8510000109672546,0.5044000148773193
YGL251C,YKL089W,0,-6.1313877,0.14433513581752777,0.8510000109672546,0.5044999718666077
YJL060W,YPR183W,0,-6.131394,0.14431066811084747,0.8510000109672546,0.5045999884605408
YDL154W,YNL202W,0,-6.131403,0.14428620040416718,0.8510000109672546,0.5047000050544739
YHR062C,YLR301W,0,-6.131405,0.14426173269748688,0.8510000109672546,0.504800021648407
YJL012C-A,YDR285W,0,-6.1317077,0.14423729479312897,0.8510000109672546,0.5048999786376953
YFR040W,YDL047W,0,-6.131763,0.14421284198760986,0.8510000109672546,0.5049999952316284
YPR201W,YGR060W,0,-6.131798,0.14418840408325195,0.8510000109672546,0.5051000118255615
YLR242C,YJR027W,0,-6.1322985,0.14416398108005524,0.8510000109672546,0.5052000284194946
YGR041W,YGL038C,0,-6.133192,0.14413957297801971,0.8510000109672546,0.505299985408783
YOR266W,YBL100W-B,0,-6.133376,0.144115149974823,0.8510000109672546,0.5054000020027161
YEL029C,YHR102W,0,-6.1342916,0.14409075677394867,0.8510000109672546,0.5055000185966492
YGR262C,YMR313C,0,-6.1343465,0.14406636357307434,0.8510000109672546,0.5055999755859375
YNR053C,YMR218C,0,-6.1344776,0.1440419703722,0.8510000109672546,0.5056999921798706
YBL045C,YNL232W,0,-6.1344805,0.14401760697364807,0.8510000109672546,0.5058000087738037
YOL126C,YBR188C,0,-6.134864,0.14399322867393494,0.8510000109672546,0.5059000253677368
YBR207W,YHR120W,0,-6.1348953,0.143968865275383,0.8510000109672546,0.5059999823570251
YNL286W,YDR170W-A,0,-6.135259,0.14394451677799225,0.8510000109672546,0.5060999989509583
YBR022W,YKL188C,0,-6.1352654,0.1439201831817627,0.8510000109672546,0.5062000155448914
YOR061W,YML040W,0,-6.135427,0.14389583468437195,0.8510000109672546,0.5062999725341797
YFL022C,YLR010C,0,-6.135781,0.1438715159893036,0.8510000109672546,0.5063999891281128
YLR355C,YLR079W,0,-6.1359496,0.14384719729423523,0.8510000109672546,0.5065000057220459
YMR049C,YDR456W,0,-6.136216,0.14382287859916687,0.8510000109672546,0.506600022315979
YBR257W,YDR478W,0,-6.136236,0.1437985748052597,0.8510000109672546,0.5066999793052673
YGL008C,YEL041W,0,-6.136323,0.14377428591251373,0.8510000109672546,0.5067999958992004
YKL119C,YDR451C,0,-6.136483,0.14374999701976776,0.8510000109672546,0.5069000124931335
YGR036C,YER002W,0,-6.1369925,0.14372572302818298,0.8510000109672546,0.5070000290870667
YPL209C,YJR068W,0,-6.1371226,0.1437014490365982,0.8510000109672546,0.507099986076355
YGR180C,YBR061C,0,-6.137419,0.14367718994617462,0.8510000109672546,0.5072000026702881
YHR039C,YDL065C,0,-6.137839,0.14365293085575104,0.8510000109672546,0.5073000192642212
YHL019C,YPL001W,0,-6.137889,0.14362868666648865,0.8510000109672546,0.5073999762535095
YMR163C,YEL054C,0,-6.1378984,0.14360445737838745,0.8510000109672546,0.5074999928474426
YFL050C,YGR239C,0,-6.138056,0.14358022809028625,0.8510000109672546,0.5076000094413757
YHL003C,YGR251W,0,-6.138777,0.14355599880218506,0.8510000109672546,0.5077000260353088
YPL116W,YDR498C,0,-6.138796,0.14353179931640625,0.8510000109672546,0.5077999830245972
YJR074W,YMR260C,0,-6.138838,0.14350758492946625,0.8510000109672546,0.5078999996185303
YMR213W,YMR008C,0,-6.1389313,0.14348338544368744,0.8510000109672546,0.5080000162124634
YDR379W,YBR012W-B,0,-6.1390047,0.14345920085906982,0.8510000109672546,0.5080999732017517
YJR119C,YGR202C,0,-6.1393247,0.1434350311756134,0.8510000109672546,0.5081999897956848
YJL060W,YFL034C-B,0,-6.139415,0.1434108465909958,0.8510000109672546,0.5083000063896179
YDR314C,YDR198C,0,-6.1397,0.14338669180870056,0.8510000109672546,0.508400022983551
YGR101W,YGR009C,0,-6.1398144,0.14336253702640533,0.8510000109672546,0.5084999799728394
YDR512C,YJL191W,0,-6.1399703,0.1433383822441101,0.8510000109672546,0.5085999965667725
YPL097W,YOR275C,0,-6.140302,0.14331424236297607,0.8510000109672546,0.5087000131607056
YJR139C,YBR002C,0,-6.1406307,0.14329011738300323,0.8510000109672546,0.5088000297546387
YGR268C,YDL055C,0,-6.1406364,0.1432659924030304,0.8510000109672546,0.508899986743927
YBR286W,YFL035C,0,-6.1407604,0.14324188232421875,0.8510000109672546,0.5090000033378601
YLL019C,YGR202C,0,-6.141776,0.1432177722454071,0.8510000109672546,0.5091000199317932
YPL045W,YFL002W-A,0,-6.142805,0.14319367706775665,0.8510000109672546,0.5091999769210815
YLR391W,YGL136C,0,-6.1429834,0.1431695818901062,0.8510000109672546,0.5092999935150146
YPR052C,YOR338W,0,-6.143036,0.14314550161361694,0.8510000109672546,0.5094000101089478
YKR002W,YHR167W,1,-6.143526,0.14328961074352264,0.8519999980926514,0.5094000101089478
YDR009W,YDR508C,0,-6.1438518,0.1432655155658722,0.8519999980926514,0.5095000267028809
YNL133C,YGL106W,0,-6.1443486,0.14324142038822174,0.8519999980926514,0.5095999836921692
YOL042W,YFL018W-A,0,-6.144402,0.14321734011173248,0.8519999980926514,0.5097000002861023
YML019W,YDR389W,0,-6.1456275,0.14319327473640442,0.8519999980926514,0.5098000168800354
YBR041W,YOL067C,0,-6.145638,0.14316920936107635,0.8519999980926514,0.5098999738693237
YPL075W,YPR086W,0,-6.1457872,0.14314515888690948,0.8519999980926514,0.5099999904632568
YMR287C,YKR060W,0,-6.1459007,0.14312110841274261,0.8519999980926514,0.5101000070571899
YOR294W,YDR200C,0,-6.1459694,0.14309707283973694,0.8519999980926514,0.510200023651123
YDR224C,YEL057C,0,-6.1460724,0.14307305216789246,0.8519999980926514,0.5102999806404114
YDL132W,YJL092W,0,-6.146473,0.14304903149604797,0.8519999980926514,0.5103999972343445
YCL026C-A,YPL135W,0,-6.146498,0.1430250108242035,0.8519999980926514,0.5105000138282776
YDR174W,YIR019C,0,-6.1465883,0.1430010050535202,0.8519999980926514,0.5105999708175659
YJL166W,YIL016W,0,-6.1467395,0.1429770141839981,0.8519999980926514,0.510699987411499
YCL027W,YMR060C,0,-6.146925,0.142953023314476,0.8519999980926514,0.5108000040054321
YMR186W,YNL309W,0,-6.1469345,0.14292903244495392,0.8519999980926514,0.5109000205993652
YOL115W,YLL013C,0,-6.1471496,0.1429050713777542,0.8519999980926514,0.5109999775886536
YLR423C,YOR191W,0,-6.1475854,0.1428810954093933,0.8519999980926514,0.5110999941825867
YNL232W,YEL066W,0,-6.14771,0.1428571492433548,0.8519999980926514,0.5112000107765198
YDL084W,YBR111W-A,1,-6.147768,0.14300084114074707,0.8529999852180481,0.5112000107765198
YOL002C,YPL129W,0,-6.1479206,0.14297686517238617,0.8529999852180481,0.5113000273704529
YNL286W,YBR012W-B,0,-6.148275,0.14295290410518646,0.8529999852180481,0.5113999843597412
YFL031W,YML027W,0,-6.1486444,0.14292895793914795,0.8529999852180481,0.5115000009536743
YCL025C,YBR165W,0,-6.148837,0.14290501177310944,0.8529999852180481,0.5116000175476074
YDR173C,YOR281C,0,-6.148898,0.14288106560707092,0.8529999852180481,0.5116999745368958
YBR109C,YER040W,0,-6.149013,0.1428571492433548,0.8529999852180481,0.5117999911308289
YGL219C,YJL012C-A,0,-6.149209,0.14283321797847748,0.8529999852180481,0.511900007724762
YPR191W,YDR018C,0,-6.149398,0.14280930161476135,0.8529999852180481,0.5120000243186951
YGR247W,YOL049W,0,-6.1496553,0.14278540015220642,0.8529999852180481,0.5120999813079834
YBR059C,YDR425W,0,-6.149708,0.14276151359081268,0.8529999852180481,0.5121999979019165
YOR049C,YEL065W,0,-6.1498175,0.14273761212825775,0.8529999852180481,0.5123000144958496
YPR057W,YPL179W,0,-6.1498966,0.1427137404680252,0.8529999852180481,0.5123999714851379
YPL269W,YAL005C,0,-6.150002,0.14268986880779266,0.8529999852180481,0.512499988079071
YJR047C,YNL294C,0,-6.1501217,0.14266599714756012,0.8529999852180481,0.5126000046730042
YIL097W,YCL020W,0,-6.1503735,0.14264214038848877,0.8529999852180481,0.5127000212669373
YGR188C,YMR210W,0,-6.150478,0.1426182985305786,0.8529999852180481,0.5127999782562256
YJR137C,YOL089C,0,-6.1506567,0.14259445667266846,0.8529999852180481,0.5128999948501587
YGR028W,YLR006C,0,-6.1507735,0.1425706148147583,0.8529999852180481,0.5130000114440918
YBL009W,YGR163W,0,-6.150854,0.14254678785800934,0.8529999852180481,0.5131000280380249
YOR240W,YGL032C,0,-6.151087,0.14252297580242157,0.8529999852180481,0.5131999850273132
YOR204W,YMR022W,0,-6.151148,0.1424991637468338,0.8529999852180481,0.5133000016212463
YJL165C,YPR164W,0,-6.151327,0.14247536659240723,0.8529999852180481,0.5134000182151794
YLR391W,YER103W,0,-6.1518545,0.14245156943798065,0.8529999852180481,0.5134999752044678
YLL009C,YNL098C,0,-6.151884,0.14242778718471527,0.8529999852180481,0.5135999917984009
YPL209C,YDR334W,0,-6.152195,0.1424040049314499,0.8529999852180481,0.513700008392334
YJL091C,YLR386W,0,-6.152391,0.1423802375793457,0.8529999852180481,0.5138000249862671
YMR163C,YML045W,0,-6.1525774,0.14235647022724152,0.8529999852180481,0.5138999819755554
YJR077C,YBL051C,0,-6.1526866,0.14233271777629852,0.8529999852180481,0.5139999985694885
YOR316C,YGR256W,0,-6.152705,0.14230898022651672,0.8529999852180481,0.5141000151634216
YKL120W,YCL005W-A,0,-6.153034,0.14228524267673492,0.8529999852180481,0.51419997215271
YLL018C-A,YDR343C,0,-6.1535177,0.14226150512695312,0.8529999852180481,0.5142999887466431
YGR183C,YBL005W-B,0,-6.153859,0.14223778247833252,0.8529999852180481,0.5144000053405762
YML077W,YCR055C,0,-6.154406,0.1422140747308731,0.8529999852180481,0.5145000219345093
YML052W,YDR170W-A,0,-6.154581,0.1421903669834137,0.8529999852180481,0.5145999789237976
YIL115C,YBR111W-A,1,-6.154751,0.14233332872390747,0.8539999723434448,0.5145999789237976
YBR090C-A,YLR442C,0,-6.154801,0.14230962097644806,0.8539999723434448,0.5146999955177307
YLR391W,YDL159W,0,-6.1556845,0.14228589832782745,0.8539999723434448,0.5148000121116638
YFL011W-A,YJL065C,0,-6.155965,0.14226220548152924,0.8539999723434448,0.5149000287055969
YPR054W,YAR044W,0,-6.1564584,0.14223851263523102,0.8539999723434448,0.5149999856948853
YPR021C,YKL054C,0,-6.156498,0.1422148197889328,0.8539999723434448,0.5151000022888184
YML052W,YDL060W,0,-6.156756,0.14219114184379578,0.8539999723434448,0.5152000188827515
YCL026C-A,YDR277C,0,-6.1571836,0.14216746389865875,0.8539999723434448,0.5152999758720398
YKL197C,YOR089C,0,-6.1574078,0.14214380085468292,0.8539999723434448,0.5153999924659729
YOL027C,YPR188C,0,-6.1575656,0.1421201527118683,0.8539999723434448,0.515500009059906
YAL043C,YJL004C,0,-6.157851,0.14209650456905365,0.8539999723434448,0.5156000256538391
YDL105W,YLL021W,0,-6.158223,0.1420728713274002,0.8539999723434448,0.5156999826431274
YNL233W,YMR212C,0,-6.158328,0.14204923808574677,0.8539999723434448,0.5157999992370605
YER019W,YOL003C,0,-6.1589537,0.14202560484409332,0.8539999723434448,0.5159000158309937
YLR320W,YDR409W,0,-6.1593065,0.14200200140476227,0.8539999723434448,0.515999972820282
YHR027C,YPL193W,0,-6.159442,0.14197838306427002,0.8539999723434448,0.5160999894142151
YEL027W,YOL059W,0,-6.1594777,0.14195479452610016,0.8539999723434448,0.5162000060081482
YKR035W-A,YBR040W,0,-6.1596155,0.1419311910867691,0.8539999723434448,0.5163000226020813
YCR086W,YML092C,0,-6.159661,0.14190761744976044,0.8539999723434448,0.5163999795913696
YGL142C,YGL135W,0,-6.1597166,0.14188402891159058,0.8539999723434448,0.5164999961853027
YKL179C,YMR029C,0,-6.1600747,0.1418604701757431,0.8539999723434448,0.5166000127792358
YPL101W,YKL095W,0,-6.160207,0.14183691143989563,0.8539999723434448,0.516700029373169
YML081C-A,YJL222W,0,-6.160262,0.14181335270404816,0.8539999723434448,0.5167999863624573
YPL271W,YPR067W,0,-6.160553,0.14178980886936188,0.8539999723434448,0.5169000029563904
YKR052C,YJR141W,0,-6.160798,0.1417662650346756,0.8539999723434448,0.5170000195503235
YDL137W,YFR050C,0,-6.1609764,0.1417427361011505,0.8539999723434448,0.5170999765396118
YLR391W,YDL098C,0,-6.161065,0.14171922206878662,0.8539999723434448,0.5171999931335449
YER073W,YPL171C,0,-6.161907,0.14169570803642273,0.8539999723434448,0.517300009727478
YOR281C,YHR039C-B,0,-6.1623716,0.14167219400405884,0.8539999723434448,0.5174000263214111
YJR074W,YNL229C,0,-6.162645,0.14164869487285614,0.8539999723434448,0.5174999833106995
YGL253W,YLR007W,0,-6.1637344,0.14162521064281464,0.8539999723434448,0.5175999999046326
YLR332W,YDR329C,0,-6.163989,0.14160172641277313,0.8539999723434448,0.5177000164985657
YPL153C,YLR182W,0,-6.1642647,0.14157824218273163,0.8539999723434448,0.517799973487854
YFL017W-A,YJR026W,0,-6.165057,0.1415547877550125,0.8539999723434448,0.5178999900817871
YCR073W-A,YPR080W,1,-6.1651063,0.14169704914093018,0.8550000190734863,0.5178999900817871
YER087C-A,YJL012C-A,0,-6.1656723,0.14167356491088867,0.8550000190734863,0.5180000066757202
YJR001W,YPL022W,0,-6.165709,0.14165009558200836,0.8550000190734863,0.5181000232696533
YJR077C,YOR081C,0,-6.1660833,0.14162664115428925,0.8550000190734863,0.5181999802589417
YDR130C,YAL031C,0,-6.166217,0.14160318672657013,0.8550000190734863,0.5182999968528748
YPL202C,YNL243W,0,-6.1663003,0.141579732298851,0.8550000190734863,0.5184000134468079
YML059C,YFL005W,0,-6.1664715,0.1415562927722931,0.8550000190734863,0.5184999704360962
YOR061W,YNL046W,0,-6.1667495,0.14153285324573517,0.8550000190734863,0.5185999870300293
YLR011W,YER005W,0,-6.166756,0.14150942862033844,0.8550000190734863,0.5187000036239624
YGL246C,YLR086W,0,-6.166769,0.1414860188961029,0.8550000190734863,0.5188000202178955
YPR086W,YML040W,0,-6.166863,0.14146260917186737,0.8550000190734863,0.5188999772071838
YDR346C,YKL126W,0,-6.167186,0.14143919944763184,0.8550000190734863,0.5189999938011169
YBR041W,YAL033W,0,-6.167342,0.1414158195257187,0.8550000190734863,0.51910001039505
YJL060W,YDL080C,0,-6.1676598,0.14139242470264435,0.8550000190734863,0.5192000269889832
YHL031C,YJL072C,0,-6.1678877,0.1413690447807312,0.8550000190734863,0.5192999839782715
YPL231W,YGL151W,0,-6.1684146,0.14134567975997925,0.8550000190734863,0.5194000005722046
YPL084W,YIR033W,0,-6.1690464,0.1413223147392273,0.8550000190734863,0.5195000171661377
YPL275W,YNL015W,0,-6.1692367,0.14129896461963654,0.8550000190734863,0.519599974155426
YER109C,YKR003W,0,-6.169443,0.14127561450004578,0.8550000190734863,0.5196999907493591
YHR118C,YAR031W,0,-6.1695867,0.14125226438045502,0.8550000190734863,0.5198000073432922
YOR351C,YPR100W,0,-6.169659,0.14122894406318665,0.8550000190734863,0.5199000239372253
YJL170C,YLR193C,0,-6.169712,0.14120560884475708,0.8550000190734863,0.5199999809265137
YLR116W,YBL004W,0,-6.1697516,0.1411823034286499,0.8550000190734863,0.5200999975204468
YBR161W,YOR129C,0,-6.1698017,0.14115898311138153,0.8550000190734863,0.5202000141143799
YDL178W,YNL044W,0,-6.169833,0.14113569259643555,0.8550000190734863,0.5202999711036682
YMR211W,YNL214W,0,-6.169882,0.14111240208148956,0.8550000190734863,0.5203999876976013
YBR023C,YOL080C,0,-6.1699257,0.14108911156654358,0.8550000190734863,0.5205000042915344
YOR160W,YBR111W-A,1,-6.170273,0.14123082160949707,0.8560000061988831,0.5205000042915344
YOR168W,YCL062W,0,-6.1704435,0.1412075161933899,0.8560000061988831,0.5206000208854675
YJL031C,YHR023W,0,-6.170457,0.1411842256784439,0.8560000061988831,0.5206999778747559
YHL047C,YOR326W,0,-6.1707087,0.14116095006465912,0.8560000061988831,0.520799994468689
YGL005C,YDR365C,0,-6.1711082,0.14113767445087433,0.8560000061988831,0.5209000110626221
YCR086W,YGL068W,0,-6.171277,0.14111441373825073,0.8560000061988831,0.5210000276565552
YGL142C,YKL014C,0,-6.171713,0.14109115302562714,0.8560000061988831,0.5210999846458435
YBR162C,YLR467W,0,-6.1720047,0.14106789231300354,0.8560000061988831,0.5212000012397766
YDR487C,YLR006C,0,-6.17221,0.14104464650154114,0.8560000061988831,0.5213000178337097
YNL023C,YLL034C,0,-6.1724167,0.14102141559123993,0.8560000061988831,0.521399974822998
YBR083W,YOR129C,0,-6.1725535,0.14099818468093872,0.8560000061988831,0.5214999914169312
YJL134W,YIL017W,0,-6.1736784,0.1409749686717987,0.8560000061988831,0.5216000080108643
YDR385W,YKL079W,0,-6.173998,0.1409517526626587,0.8560000061988831,0.5217000246047974
YDR375C,YKL015W,0,-6.1747513,0.14092855155467987,0.8560000061988831,0.5217999815940857
YKR002W,YDL084W,1,-6.175149,0.14106996357440948,0.8569999933242798,0.5217999815940857
YBL097W,YPL015C,0,-6.17526,0.14104674756526947,0.8569999933242798,0.5218999981880188
YJL021C,YDL079C,0,-6.175417,0.14102353155612946,0.8569999933242798,0.5220000147819519
YER021W,YIL061C,0,-6.1759777,0.14100033044815063,0.8569999933242798,0.5220999717712402
YBR021W,YKR002W,1,-6.1760263,0.1411416381597519,0.8579999804496765,0.5220999717712402
YML077W,YLL017W,0,-6.1763186,0.14111842215061188,0.8579999804496765,0.5221999883651733
YBR132C,YCR020C,0,-6.176566,0.14109522104263306,0.8579999804496765,0.5223000049591064
YGR262C,YGR222W,0,-6.176757,0.14107201993465424,0.8579999804496765,0.5224000215530396
YJL073W,YGR005C,0,-6.1767864,0.14104881882667542,0.8579999804496765,0.5224999785423279
YDR385W,YNL014W,0,-6.1778016,0.14102564752101898,0.8579999804496765,0.522599995136261
YJL140W,YOL072W,1,-6.177809,0.1411668062210083,0.859000027179718,0.522599995136261
YNL327W,YEL050C,0,-6.177811,0.14114360511302948,0.859000027179718,0.5227000117301941
YPL098C,YMR059W,0,-6.1780276,0.14112041890621185,0.859000027179718,0.5228000283241272
YOL077W-A,YJL095W,0,-6.1785436,0.14109724760055542,0.859000027179718,0.5228999853134155
YPR185W,YNL038W,0,-6.178989,0.1410740613937378,0.859000027179718,0.5230000019073486
YCL014W,YMR001C,0,-6.1791296,0.14105090498924255,0.859000027179718,0.5231000185012817
YIL068C,YLR312C-B,0,-6.1791987,0.14102774858474731,0.859000027179718,0.5231999754905701
YOR074C,YIR015W,0,-6.179813,0.14100459218025208,0.859000027179718,0.5232999920845032
YLR433C,YNR072W,0,-6.179881,0.14098145067691803,0.859000027179718,0.5234000086784363
YLR190W,YDL058W,0,-6.180827,0.14095832407474518,0.859000027179718,0.5235000252723694
YDR314C,YJR110W,0,-6.181096,0.14093519747257233,0.859000027179718,0.5235999822616577
YDR446W,YDR527W,0,-6.181499,0.14091207087039948,0.859000027179718,0.5236999988555908
YJL018W,YLR383W,0,-6.1817307,0.14088895916938782,0.859000027179718,0.5238000154495239
YJR053W,YPL181W,0,-6.181954,0.14086586236953735,0.859000027179718,0.5238999724388123
YDR219C,YMR109W,0,-6.1821785,0.1408427655696869,0.859000027179718,0.5239999890327454
YKL213C,YGR156W,0,-6.182337,0.14081966876983643,0.859000027179718,0.5241000056266785
YMR013C,YBL100W-B,0,-6.1824517,0.14079658687114716,0.859000027179718,0.5242000222206116
YBR210W,YPR002W,0,-6.1826115,0.14077351987361908,0.859000027179718,0.5242999792098999
YBL082C,YOR113W,0,-6.1830187,0.140750452876091,0.859000027179718,0.524399995803833
YDR324C,YCL020W,0,-6.183202,0.14072738587856293,0.859000027179718,0.5245000123977661
YJL018W,YKR037C,0,-6.1837783,0.14070433378219604,0.859000027179718,0.5246000289916992
YPR191W,YPL237W,0,-6.184455,0.14068129658699036,0.859000027179718,0.5246999859809875
YFR021W,YLR264W,0,-6.1847453,0.14065825939178467,0.859000027179718,0.5248000025749207
YLR071C,YGR070W,0,-6.1851015,0.14063523709774017,0.859000027179718,0.5249000191688538
YDR046C,YOR027W,0,-6.185227,0.14061221480369568,0.859000027179718,0.5249999761581421
YDR293C,YNL070W,0,-6.1858263,0.14058919250965118,0.859000027179718,0.5250999927520752
YPR143W,YDR470C,0,-6.1861467,0.14056618511676788,0.859000027179718,0.5252000093460083
YBR158W,YDR096W,0,-6.186307,0.14054319262504578,0.859000027179718,0.5253000259399414
YPR183W,YMR021C,0,-6.18631,0.14052020013332367,0.859000027179718,0.5253999829292297
YNL327W,YMR113W,0,-6.186756,0.14049722254276276,0.859000027179718,0.5254999995231628
YBR207W,YAL056W,0,-6.1868834,0.14047424495220184,0.859000027179718,0.525600016117096
YKL101W,YKL170W,0,-6.187042,0.14045128226280212,0.859000027179718,0.5256999731063843
YMR048W,YER180C-A,0,-6.187098,0.1404283195734024,0.859000027179718,0.5257999897003174
YMR275C,YOL061W,0,-6.1871953,0.14040535688400269,0.859000027179718,0.5259000062942505
YGL180W,YCL060C,0,-6.187462,0.14038240909576416,0.859000027179718,0.5260000228881836
YAL031C,YMR065W,0,-6.1878567,0.14035947620868683,0.859000027179718,0.5260999798774719
YLR095C,YBR253W,0,-6.188038,0.1403365433216095,0.859000027179718,0.526199996471405
YJR144W,YDR470C,0,-6.188574,0.14031362533569336,0.859000027179718,0.5263000130653381
YCR089W,YKL079W,0,-6.188698,0.14029070734977722,0.859000027179718,0.5264000296592712
YBL097W,YAL032C,0,-6.18878,0.14026780426502228,0.859000027179718,0.5264999866485596
YJL071W,YLR301W,0,-6.1888924,0.14024490118026733,0.859000027179718,0.5266000032424927
YKL182W,YGL018C,0,-6.188899,0.1402219980955124,0.859000027179718,0.5267000198364258
YMR125W,YNR064C,0,-6.188912,0.14019912481307983,0.859000027179718,0.5267999768257141
YOR229W,YLL017W,0,-6.188959,0.14017623662948608,0.859000027179718,0.5268999934196472
YNL270C,YBL014C,0,-6.1890044,0.14015336334705353,0.859000027179718,0.5270000100135803
YJR158W,YOL066C,0,-6.1891737,0.14013050496578217,0.859000027179718,0.5271000266075134
YDR283C,YJR119C,0,-6.1894684,0.1401076465845108,0.859000027179718,0.5271999835968018
YBR192W,YBR111W-A,1,-6.1897287,0.1402478814125061,0.8600000143051147,0.5271999835968018
YLR014C,YNR006W,0,-6.190154,0.14022500813007355,0.8600000143051147,0.5273000001907349
YJL201W,YBR221C,0,-6.1905136,0.14020214974880219,0.8600000143051147,0.527400016784668
YNL192W,YBL093C,0,-6.191229,0.14017930626869202,0.8600000143051147,0.5274999737739563
YDR412W,YAL005C,0,-6.191509,0.14015644788742065,0.8600000143051147,0.5275999903678894
YDR255C,YOL105C,0,-6.191574,0.14013361930847168,0.8600000143051147,0.5277000069618225
YGL100W,YBR111W-A,1,-6.191577,0.14027370512485504,0.8610000014305115,0.5277000069618225
YEL069C,YHR060W,0,-6.1916637,0.14025086164474487,0.8610000014305115,0.5278000235557556
YCL067C,YML028W,0,-6.191709,0.1402280181646347,0.8610000014305115,0.527899980545044
YGL084C,YJR006W,0,-6.1918955,0.14020517468452454,0.8610000014305115,0.527999997138977
YPL042C,YGL162W,0,-6.1920605,0.14018234610557556,0.8610000014305115,0.5281000137329102
YMR072W,YBL047C,0,-6.192156,0.14015953242778778,0.8610000014305115,0.5281999707221985
YOR027W,YPL020C,0,-6.1924934,0.14013671875,0.8610000014305115,0.5282999873161316
YLL009C,YER179W,0,-6.1926327,0.1401139199733734,0.8610000014305115,0.5284000039100647
YLR355C,YML033W,0,-6.1927443,0.14009112119674683,0.8610000014305115,0.5285000205039978
YGL254W,YKL113C,0,-6.1930084,0.14006832242012024,0.8610000014305115,0.5285999774932861
YPL085W,YJL089W,0,-6.1930776,0.14004553854465485,0.8610000014305115,0.5286999940872192
YPR188C,YGR212W,0,-6.193321,0.14002276957035065,0.8610000014305115,0.5288000106811523
YDR335W,YPR132W,0,-6.1933804,0.14000000059604645,0.8610000014305115,0.5289000272750854
YCR027C,YAR044W,0,-6.1935477,0.13997724652290344,0.8610000014305115,0.5289999842643738
YHR004C,YJR027W,0,-6.1937513,0.13995449244976044,0.8610000014305115,0.5291000008583069
YGR166W,YJL026W,0,-6.194147,0.13993173837661743,0.8610000014305115,0.52920001745224
YNL004W,YBR111W-A,1,-6.194349,0.14007149636745453,0.8619999885559082,0.52920001745224
YER110C,YLR264W,0,-6.1954656,0.14004874229431152,0.8619999885559082,0.5292999744415283
YDR130C,YBR048W,0,-6.195599,0.14002598822116852,0.8619999885559082,0.5293999910354614
YOL027C,YDR337W,0,-6.1957607,0.1400032490491867,0.8619999885559082,0.5295000076293945
YIL070C,YOR110W,0,-6.1959667,0.1399805098772049,0.8619999885559082,0.5296000242233276
YBL018C,YOR087W,0,-6.196344,0.13995778560638428,0.8619999885559082,0.529699981212616
YNL128W,YGL039W,0,-6.1967373,0.13993506133556366,0.8619999885559082,0.5297999978065491
YDR335W,YDR217C,0,-6.197163,0.13991235196590424,0.8619999885559082,0.5299000144004822
YOR127W,YDR170W-A,0,-6.197524,0.1398896425962448,0.8619999885559082,0.5299999713897705
YJL186W,YKR081C,0,-6.197607,0.13986694812774658,0.8619999885559082,0.5300999879837036
YNL039W,YKL045W,0,-6.1977625,0.13984425365924835,0.8619999885559082,0.5302000045776367
YPL269W,YKR061W,0,-6.1981134,0.13982157409191132,0.8619999885559082,0.5303000211715698
YNL084C,YOR327C,0,-6.1982574,0.13979889452457428,0.8619999885559082,0.5303999781608582
YBL016W,YDR484W,0,-6.19849,0.13977622985839844,0.8619999885559082,0.5304999947547913
YDR268W,YOL005C,0,-6.198597,0.1397535651922226,0.8619999885559082,0.5306000113487244
YKL114C,YLR320W,0,-6.1990356,0.13973091542720795,0.8619999885559082,0.5307000279426575
YNR027W,YDR412W,0,-6.1998305,0.1397082656621933,0.8619999885559082,0.5307999849319458
YOR240W,YFL023W,0,-6.2000227,0.13968563079833984,0.8619999885559082,0.5309000015258789
YMR133W,YJR120W,0,-6.2008,0.1396629959344864,0.8619999885559082,0.531000018119812
YBR215W,YNL046W,0,-6.201238,0.13964037597179413,0.8619999885559082,0.5310999751091003
YBL015W,YIR017C,0,-6.2016854,0.13961775600910187,0.8619999885559082,0.5311999917030334
YDR037W,YNR017W,0,-6.2017236,0.1395951360464096,0.8619999885559082,0.5313000082969666
YCR014C,YKL130C,0,-6.202325,0.13957254588603973,0.8619999885559082,0.5314000248908997
YMR075W,YGL212W,0,-6.202942,0.13954994082450867,0.8619999885559082,0.531499981880188
YOL112W,YOL005C,0,-6.203006,0.1395273506641388,0.8619999885559082,0.5315999984741211
YKL035W,YDR131C,0,-6.2031984,0.13950477540493011,0.8619999885559082,0.5317000150680542
YDL208W,YKL080W,0,-6.2032337,0.13948220014572144,0.8619999885559082,0.5317999720573425
YGR209C,YBR165W,0,-6.203869,0.13945963978767395,0.8619999885559082,0.5318999886512756
YOR260W,YGL075C,0,-6.2041125,0.13943707942962646,0.8619999885559082,0.5320000052452087
YJL061W,YBR111W-A,1,-6.2044544,0.139576256275177,0.8629999756813049,0.5320000052452087
YCL011C,YOL072W,1,-6.2046027,0.13971538841724396,0.8640000224113464,0.5320000052452087
YDR419W,YOL105C,0,-6.204995,0.13969279825687408,0.8640000224113464,0.5321000218391418
YKL148C,YMR125W,0,-6.2052383,0.1396702229976654,0.8640000224113464,0.5321999788284302
YER112W,YKL145W,0,-6.205244,0.13964764773845673,0.8640000224113464,0.5322999954223633
YDR166C,YJL187C,0,-6.2053795,0.13962508738040924,0.8640000224113464,0.5324000120162964
YPL171C,YCR031C,0,-6.205395,0.13960252702236176,0.8640000224113464,0.5325000286102295
YLR429W,YAR003W,0,-6.2054176,0.13957996666431427,0.8640000224113464,0.5325999855995178
YBR073W,YKL145W,0,-6.2055492,0.13955742120742798,0.8640000224113464,0.5327000021934509
YNL032W,YNL213C,0,-6.205699,0.13953489065170288,0.8640000224113464,0.532800018787384
YBR040W,YIL117C,0,-6.2057614,0.13951236009597778,0.8640000224113464,0.5328999757766724
YGR178C,YIL173W,0,-6.2058682,0.13948982954025269,0.8640000224113464,0.5329999923706055
YGL194C,YGR272C,0,-6.206249,0.13946731388568878,0.8640000224113464,0.5331000089645386
YCR086W,YJL018W,0,-6.2072334,0.13944479823112488,0.8640000224113464,0.5332000255584717
YOR253W,YGR133W,0,-6.2076116,0.13942229747772217,0.8640000224113464,0.53329998254776
YLR391W,YNL142W,0,-6.2076826,0.13939981162548065,0.8640000224113464,0.5333999991416931
YPL012W,YIL084C,0,-6.2078133,0.13937732577323914,0.8640000224113464,0.5335000157356262
YNL210W,YOR295W,0,-6.208153,0.13935483992099762,0.8640000224113464,0.5335999727249146
YCR044C,YER180C-A,0,-6.2082047,0.1393323689699173,0.8640000224113464,0.5336999893188477
YMR138W,YGL175C,0,-6.208336,0.13930989801883698,0.8640000224113464,0.5338000059127808
YBR024W,YML076C,0,-6.2083483,0.13928744196891785,0.8640000224113464,0.5339000225067139
YNR030W,YMR225C,0,-6.208352,0.13926498591899872,0.8640000224113464,0.5339999794960022
YMR001C,YKL019W,0,-6.2085924,0.13924254477024078,0.8640000224113464,0.5340999960899353
YKR003W,YER190W,0,-6.2099533,0.13922010362148285,0.8640000224113464,0.5342000126838684
YCL012W,YDL178W,0,-6.2103534,0.1391976773738861,0.8640000224113464,0.5343000292778015
YNL327W,YNL213C,0,-6.2104597,0.13917525112628937,0.8640000224113464,0.5343999862670898
YJR053W,YMR280C,0,-6.2105694,0.13915283977985382,0.8640000224113464,0.534500002861023
YGL169W,YLR360W,0,-6.2106633,0.13913042843341827,0.8640000224113464,0.534600019454956
YMR219W,YKL070W,0,-6.2111197,0.13910803198814392,0.8640000224113464,0.5346999764442444
YNL110C,YML033W,0,-6.211213,0.13908563554286957,0.8640000224113464,0.5347999930381775
YGR009C,YOR305W,0,-6.2113347,0.1390632539987564,0.8640000224113464,0.5349000096321106
YMR288W,YIL063C,0,-6.211381,0.13904087245464325,0.8640000224113464,0.5350000262260437
YPR025C,YGR128C,0,-6.2116976,0.13901850581169128,0.8640000224113464,0.535099983215332
YLR055C,YLR305C,0,-6.211929,0.13899613916873932,0.8640000224113464,0.5351999998092651
YHR143W,YDL200C,0,-6.2123055,0.13897378742694855,0.8640000224113464,0.5353000164031982
YDR221W,YNL244C,0,-6.2126803,0.13895143568515778,0.8640000224113464,0.5353999733924866
YGR142W,YLR107W,0,-6.212867,0.138929083943367,0.8640000224113464,0.5354999899864197
YCL060C,YGR253C,0,-6.2129674,0.13890674710273743,0.8640000224113464,0.5356000065803528
YBR068C,YER001W,0,-6.2133727,0.13888442516326904,0.8640000224113464,0.5357000231742859
YJR077C,YFL018W-A,0,-6.214369,0.13886210322380066,0.8640000224113464,0.5357999801635742
YDR121W,YIL117C,0,-6.21477,0.13883978128433228,0.8640000224113464,0.5358999967575073
YPL001W,YDR498C,0,-6.2148314,0.13881747424602509,0.8640000224113464,0.5360000133514404
YGR128C,YGL039W,0,-6.2156115,0.1387951821088791,0.8640000224113464,0.5360999703407288
YDR309C,YKL200C,0,-6.2158184,0.1387728899717331,0.8640000224113464,0.5361999869346619
YDL088C,YCR073W-A,1,-6.2159796,0.1389111876487732,0.8650000095367432,0.5361999869346619
YER106W,YPR132W,0,-6.2162437,0.1388888955116272,0.8650000095367432,0.536300003528595
YGR099W,YML040W,0,-6.2164626,0.13886658847332,0.8650000095367432,0.5364000201225281
YHR015W,YKL068W,1,-6.2165623,0.13900481164455414,0.8659999966621399,0.5364000201225281
YER162C,YBL100W-B,0,-6.2168913,0.13898250460624695,0.8659999966621399,0.5364999771118164
YGL171W,YLR043C,0,-6.2172604,0.13896021246910095,0.8659999966621399,0.5365999937057495
YHR120W,YPR094W,0,-6.2173815,0.13893790543079376,0.8659999966621399,0.5367000102996826
YKL112W,YDR179C,0,-6.2174225,0.13891562819480896,0.8659999966621399,0.5368000268936157
YKL046C,YJR156C,0,-6.2177887,0.13889335095882416,0.8659999966621399,0.536899983882904
YHR102W,YDL028C,0,-6.218046,0.13887107372283936,0.8659999966621399,0.5370000004768372
YCL063W,YML041C,0,-6.218834,0.13884881138801575,0.8659999966621399,0.5371000170707703
YKL194C,YGR178C,0,-6.21904,0.13882654905319214,0.8659999966621399,0.5371999740600586
YDL161W,YBR090C-A,0,-6.219042,0.13880430161952972,0.8659999966621399,0.5372999906539917
YNL242W,YLL021W,0,-6.2200766,0.1387820541858673,0.8659999966621399,0.5374000072479248
YBR068C,YLL018C-A,0,-6.2207584,0.1387598067522049,0.8659999966621399,0.5375000238418579
YGL216W,YGR192C,0,-6.2207894,0.13873758912086487,0.8659999966621399,0.5375999808311462
YOR023C,YER180C-A,0,-6.2209883,0.13871535658836365,0.8659999966621399,0.5376999974250793
YPR124W,YJL073W,0,-6.221442,0.13869313895702362,0.8659999966621399,0.5378000140190125
YPL155C,YDR076W,0,-6.2220936,0.1386709362268448,0.8659999966621399,0.5378999710083008
YLR430W,YML040W,0,-6.222357,0.13864873349666595,0.8659999966621399,0.5379999876022339
YJR002W,YGR014W,0,-6.222479,0.13862654566764832,0.8659999966621399,0.538100004196167
YNL075W,YDR369C,0,-6.2224913,0.13860435783863068,0.8659999966621399,0.5382000207901001
YML042W,YOL004W,0,-6.2225094,0.13858217000961304,0.8659999966621399,0.5382999777793884
YBR021W,YBR111W-A,1,-6.222597,0.13872000575065613,0.8669999837875366,0.5382999777793884
YPR179C,YGR199W,0,-6.2226706,0.1386978030204773,0.8669999837875366,0.5383999943733215
YLR155C,YAL005C,0,-6.2230625,0.13867563009262085,0.8669999837875366,0.5385000109672546
YLR391W,YFR031C,0,-6.223146,0.1386534422636032,0.8669999837875366,0.5386000275611877
YLR274W,YPL254W,0,-6.2238097,0.13863126933574677,0.8669999837875366,0.5386999845504761
YJR055W,YGL058W,0,-6.2241993,0.1386091113090515,0.8669999837875366,0.5388000011444092
YOR245C,YDR284C,0,-6.224828,0.13858695328235626,0.8669999837875366,0.5389000177383423
YFL011W,YHR214C-B,0,-6.2251215,0.1385648101568222,0.8669999837875366,0.5389999747276306
YIL026C,YJR143C,0,-6.2253237,0.13854266703128815,0.8669999837875366,0.5390999913215637
YGR099W,YDR324C,0,-6.2254205,0.1385205239057541,0.8669999837875366,0.5392000079154968
YBR167C,YDL188C,0,-6.22554,0.13849839568138123,0.8669999837875366,0.5393000245094299
YAL007C,YKL020C,0,-6.226091,0.13847628235816956,0.8669999837875366,0.5393999814987183
YIR009W,YLL017W,0,-6.226179,0.13845416903495789,0.8669999837875366,0.5394999980926514
YOR349W,YDR306C,0,-6.226222,0.13843205571174622,0.8669999837875366,0.5396000146865845
YMR204C,YGR094W,0,-6.2263503,0.13840995728969574,0.8669999837875366,0.5396999716758728
YLL034C,YHR172W,0,-6.226694,0.13838787376880646,0.8669999837875366,0.5397999882698059
YMR301C,YGR123C,0,-6.227269,0.13836579024791718,0.8669999837875366,0.539900004863739
YNL232W,YKR034W,0,-6.2275896,0.1383437067270279,0.8669999837875366,0.5400000214576721
YLR226W,YNR047W,0,-6.2277117,0.1383216381072998,0.8669999837875366,0.5400999784469604
YNL192W,YHR193C,0,-6.2278824,0.13829956948757172,0.8669999837875366,0.5401999950408936
YOR067C,YJL020C,0,-6.227995,0.13827751576900482,0.8669999837875366,0.5403000116348267
YGR239C,YJL187C,0,-6.2280006,0.13825546205043793,0.8669999837875366,0.5404000282287598
YCR008W,YDR082W,0,-6.228327,0.13823342323303223,0.8669999837875366,0.5404999852180481
YLR208W,YGR251W,0,-6.228469,0.13821138441562653,0.8669999837875366,0.5406000018119812
YPR070W,YML001W,0,-6.2286673,0.13818934559822083,0.8669999837875366,0.5407000184059143
YCL003W,YJL164C,0,-6.2286777,0.1381673365831375,0.8669999837875366,0.5407999753952026
YLR427W,YDR404C,0,-6.22892,0.138145312666893,0.8669999837875366,0.5408999919891357
YBL102W,YLR452C,0,-6.229059,0.1381233036518097,0.8669999837875366,0.5410000085830688
YBR009C,YAL002W,0,-6.229098,0.13810130953788757,0.8669999837875366,0.541100025177002
YDR314C,YDL080C,0,-6.2291665,0.13807931542396545,0.8669999837875366,0.5411999821662903
YBR217W,YNR015W,0,-6.2292366,0.13805732131004333,0.8669999837875366,0.5412999987602234
YLR260W,YDL046W,0,-6.2293253,0.1380353420972824,0.8669999837875366,0.5414000153541565
YBR243C,YDL090C,0,-6.2296705,0.13801337778568268,0.8669999837875366,0.5414999723434448
YCR058C,YDR166C,0,-6.2298627,0.13799139857292175,0.8669999837875366,0.5415999889373779
YAL026C,YML121W,0,-6.229912,0.13796944916248322,0.8669999837875366,0.541700005531311
YGL047W,YAR002C-A,0,-6.2303476,0.13794749975204468,0.8669999837875366,0.5418000221252441
YFR013W,YML033W,0,-6.2304707,0.13792555034160614,0.8669999837875366,0.5418999791145325
YPL096C-A,YNL339C,0,-6.230976,0.1379036158323288,0.8669999837875366,0.5419999957084656
YOL043C,YHR214C-B,0,-6.232133,0.13788168132305145,0.8669999837875366,0.5421000123023987
YJL021C,YLR385C,0,-6.232959,0.1378597617149353,0.8669999837875366,0.5422000288963318
YOR145C,YJR035W,0,-6.2329736,0.13783784210681915,0.8669999837875366,0.5422999858856201
YFL056C,YNL037C,0,-6.2330704,0.137815922498703,0.8669999837875366,0.5424000024795532
YFR024C-A,YLR224W,0,-6.233093,0.13779401779174805,0.8669999837875366,0.5425000190734863
YIL097W,YFL021W,0,-6.233692,0.13777212798595428,0.8669999837875366,0.5425999760627747
YPR070W,YCL010C,0,-6.23386,0.13775023818016052,0.8669999837875366,0.5426999926567078
YDL079C,YER148W,0,-6.234439,0.13772836327552795,0.8669999837875366,0.5428000092506409
YGL253W,YNL074C,0,-6.234562,0.1377064734697342,0.8669999837875366,0.542900025844574
YBR002C,YOL097C,0,-6.2345924,0.13768461346626282,0.8669999837875366,0.5429999828338623
YBL099W,YPL130W,0,-6.2349234,0.13766275346279144,0.8669999837875366,0.5430999994277954
YLR215C,YPR024W,0,-6.235136,0.13764089345932007,0.8669999837875366,0.5432000160217285
YLR226W,YGR086C,0,-6.235366,0.1376190483570099,0.8669999837875366,0.5432999730110168
YDL036C,YMR051C,0,-6.2353964,0.1375972032546997,0.8669999837875366,0.54339998960495
YPL042C,YDR145W,0,-6.2355266,0.13757537305355072,0.8669999837875366,0.5435000061988831
YLR114C,YJL121C,0,-6.2357597,0.13755354285240173,0.8669999837875366,0.5436000227928162
YKL206C,YAL053W,0,-6.235777,0.13753172755241394,0.8669999837875366,0.5436999797821045
YDL174C,YPL058C,0,-6.2358146,0.13750991225242615,0.8669999837875366,0.5437999963760376
YCR086W,YJR135C,0,-6.2359686,0.13748811185359955,0.8669999837875366,0.5439000129699707
YEL069C,YOR386W,0,-6.237075,0.13746631145477295,0.8669999837875366,0.5440000295639038
YDL019C,YDR463W,0,-6.237878,0.13744451105594635,0.8669999837875366,0.5440999865531921
YPL170W,YKL070W,0,-6.238454,0.13742272555828094,0.8669999837875366,0.5442000031471252
YKL220C,YER027C,0,-6.238994,0.13740095496177673,0.8669999837875366,0.5443000197410583
YKL049C,YLL013C,0,-6.239273,0.13737918436527252,0.8669999837875366,0.5443999767303467
YJL030W,YGL112C,0,-6.2392883,0.1373574137687683,0.8669999837875366,0.5444999933242798
YAR019C,YBR153W,0,-6.2396216,0.1373356580734253,0.8669999837875366,0.5446000099182129
YDL028C,YKL056C,0,-6.239946,0.13731390237808228,0.8669999837875366,0.544700026512146
YLR206W,YNR072W,0,-6.2401905,0.13729216158390045,0.8669999837875366,0.5447999835014343
YNL135C,YCL034W,0,-6.2404366,0.13727042078971863,0.8669999837875366,0.5449000000953674
YLR288C,YGR147C,0,-6.2405305,0.137248694896698,0.8669999837875366,0.5450000166893005
YDL047W,YML045W,0,-6.240781,0.13722696900367737,0.8669999837875366,0.5450999736785889
YDR021W,YJL121C,0,-6.2417097,0.13720525801181793,0.8669999837875366,0.545199990272522
YER173W,YOR049C,0,-6.241774,0.1371835470199585,0.8669999837875366,0.5453000068664551
YKL149C,YBR090C-A,0,-6.242305,0.13716183602809906,0.8669999837875366,0.5454000234603882
YJR078W,YML045W,0,-6.2423778,0.13714013993740082,0.8669999837875366,0.5454999804496765
YGR157W,YDR243C,0,-6.2425227,0.13711845874786377,0.8669999837875366,0.5455999970436096
YDR168W,YMR246W,0,-6.242608,0.13709677755832672,0.8669999837875366,0.5457000136375427
YKL016C,YKL220C,0,-6.2430153,0.13707509636878967,0.8669999837875366,0.545799970626831
YKL179C,YOR127W,0,-6.2432775,0.13705343008041382,0.8669999837875366,0.5458999872207642
YKL185W,YHR086W,0,-6.243805,0.13703176379203796,0.8669999837875366,0.5460000038146973
YLR259C,YBR198C,0,-6.2438383,0.1370101124048233,0.8669999837875366,0.5461000204086304
YBL042C,YHR015W,1,-6.2441673,0.1371464729309082,0.8679999709129333,0.5461000204086304
YDR163W,YGL135W,0,-6.2445736,0.13712480664253235,0.8679999709129333,0.5461999773979187
YDR461W,YPL022W,0,-6.2446136,0.1371031403541565,0.8679999709129333,0.5462999939918518
YNL049C,YKR072C,0,-6.2448444,0.13708148896694183,0.8679999709129333,0.5464000105857849
YDR288W,YBR073W,0,-6.244894,0.13705985248088837,0.8679999709129333,0.546500027179718
YDR036C,YBL050W,0,-6.244933,0.1370382010936737,0.8679999709129333,0.5465999841690063
YCR028C,YDL059C,0,-6.2451286,0.13701657950878143,0.8679999709129333,0.5467000007629395
YGR054W,YMR293C,0,-6.2452154,0.13699494302272797,0.8679999709129333,0.5468000173568726
YNL023C,YKL008C,0,-6.2452674,0.1369733363389969,0.8679999709129333,0.5468999743461609
YDL017W,YOR068C,0,-6.2457924,0.13695171475410461,0.8679999709129333,0.546999990940094
YJL024C,YOR110W,0,-6.2460084,0.13693010807037354,0.8679999709129333,0.5471000075340271
YDR106W,YGL191W,0,-6.246238,0.13690851628780365,0.8679999709129333,0.5472000241279602
YEL036C,YPL211W,0,-6.246272,0.13688692450523376,0.8679999709129333,0.5472999811172485
YKL093W,YOR254C,0,-6.246301,0.13686534762382507,0.8679999709129333,0.5473999977111816
YJL021C,YOL109W,0,-6.247165,0.13684377074241638,0.8679999709129333,0.5475000143051147
YOL090W,YIL117C,0,-6.247173,0.1368221938610077,0.8679999709129333,0.5475999712944031
YHR015W,YKL214C,1,-6.247223,0.13695824146270752,0.8690000176429749,0.5475999712944031
YKL179C,YJR110W,0,-6.2472477,0.13693664968013763,0.8690000176429749,0.5476999878883362
YGL190C,YDR281C,0,-6.247707,0.13691507279872894,0.8690000176429749,0.5478000044822693
YPR025C,YDL236W,0,-6.2490015,0.13689351081848145,0.8690000176429749,0.5479000210762024
YOR299W,YKL200C,0,-6.2493525,0.13687194883823395,0.8690000176429749,0.5479999780654907
YLR268W,YNR064C,0,-6.249621,0.13685038685798645,0.8690000176429749,0.5480999946594238
YML008C,YOR119C,0,-6.2497106,0.13682883977890015,0.8690000176429749,0.5482000112533569
YKL190W,YMR015C,0,-6.2507057,0.13680730760097504,0.8690000176429749,0.54830002784729
YIR033W,YIL160C,0,-6.250915,0.13678577542304993,0.8690000176429749,0.5483999848365784
YGL126W,YHR196W,0,-6.2513113,0.13676424324512482,0.8690000176429749,0.5485000014305115
YHR175W,YKL059C,0,-6.251398,0.1367427259683609,0.8690000176429749,0.5486000180244446
YMR008C,YJL222W,0,-6.251725,0.13672120869159698,0.8690000176429749,0.5486999750137329
YDR448W,YGR128C,0,-6.252389,0.13669970631599426,0.8690000176429749,0.548799991607666
YJR108W,YOR236W,0,-6.252595,0.13667820394039154,0.8690000176429749,0.5489000082015991
YBL085W,YAR009C,0,-6.252616,0.13665670156478882,0.8690000176429749,0.5490000247955322
YBL017C,YJL173C,0,-6.2526703,0.1366352140903473,0.8690000176429749,0.5490999817848206
YLR451W,YOL115W,0,-6.253498,0.13661374151706696,0.8690000176429749,0.5491999983787537
YHR116W,YCR080W,0,-6.253793,0.13659226894378662,0.8690000176429749,0.5493000149726868
YCR086W,YPL262W,0,-6.253909,0.1365707963705063,0.8690000176429749,0.5493999719619751
YMR288W,YDR071C,0,-6.2539825,0.13654933869838715,0.8690000176429749,0.5494999885559082
YJL002C,YCR058C,0,-6.254051,0.136527881026268,0.8690000176429749,0.5496000051498413
YJL173C,YGR122W,0,-6.2544193,0.13650643825531006,0.8690000176429749,0.5497000217437744
YER052C,YLR071C,0,-6.2546034,0.1364849954843521,0.8690000176429749,0.5497999787330627
YOR058C,YNL159C,0,-6.255048,0.13646356761455536,0.8690000176429749,0.5498999953269958
YGR059W,YDR170W-A,0,-6.2555046,0.1364421397447586,0.8690000176429749,0.550000011920929
YOR026W,YFR033C,0,-6.255598,0.13642072677612305,0.8690000176429749,0.5501000285148621
YJL031C,YNL192W,0,-6.2557497,0.1363993138074875,0.8690000176429749,0.5501999855041504
YJL085W,YGR212W,0,-6.256336,0.13637790083885193,0.8690000176429749,0.5503000020980835
YEL037C,YBR260C,0,-6.2564545,0.13635650277137756,0.8690000176429749,0.5504000186920166
YIL126W,YGL212W,0,-6.2566376,0.1363351047039032,0.8690000176429749,0.5504999756813049
YOL045W,YDL140C,0,-6.2569327,0.13631372153759003,0.8690000176429749,0.550599992275238
YLR210W,YCL003W,0,-6.2569666,0.13629235327243805,0.8690000176429749,0.5507000088691711
YPL149W,YLR014C,0,-6.2569985,0.13627097010612488,0.8690000176429749,0.5508000254631042
YHR052W,YJR027W,0,-6.257798,0.1362496018409729,0.8690000176429749,0.5508999824523926
YLR233C,YER127W,0,-6.2582808,0.13622824847698212,0.8690000176429749,0.5509999990463257
YNR033W,YNL042W,0,-6.2584267,0.13620689511299133,0.8690000176429749,0.5511000156402588
YDR378C,YOL011W,0,-6.2586694,0.13618555665016174,0.8690000176429749,0.5511999726295471
YDR174W,YJL018W,0,-6.2586975,0.13616421818733215,0.8690000176429749,0.5512999892234802
YKL143W,YBR175W,0,-6.2588797,0.13614287972450256,0.8690000176429749,0.5514000058174133
YOL124C,YJR141W,0,-6.259125,0.13612155616283417,0.8690000176429749,0.5515000224113464
YPR108W,YFL058W,0,-6.2593656,0.13610023260116577,0.8690000176429749,0.5515999794006348
YDL245C,YLR453C,0,-6.259749,0.13607892394065857,0.8690000176429749,0.5516999959945679
YGR175C,YAL001C,0,-6.2599554,0.13605761528015137,0.8690000176429749,0.551800012588501
YDR075W,YDR469W,0,-6.2600765,0.13603632152080536,0.8690000176429749,0.5519000291824341
YPL146C,YKL080W,0,-6.260087,0.13601502776145935,0.8690000176429749,0.5519999861717224
YOR233W,YKL008C,0,-6.260112,0.13599373400211334,0.8690000176429749,0.5521000027656555
YCR098C,YML046W,0,-6.2602,0.13597245514392853,0.8690000176429749,0.5522000193595886
YKL197C,YML033W,0,-6.2610073,0.1359511911869049,0.8690000176429749,0.552299976348877
YDL226C,YBR012W-B,0,-6.2612233,0.1359299272298813,0.8690000176429749,0.5523999929428101
YGL071W,YOR067C,0,-6.261226,0.13590866327285767,0.8690000176429749,0.5525000095367432
YLR098C,YNL015W,0,-6.2613206,0.13588741421699524,0.8690000176429749,0.5526000261306763
YJR068W,YGL126W,0,-6.261604,0.1358661651611328,0.8690000176429749,0.5526999831199646
YBL015W,YGL180W,0,-6.262013,0.13584493100643158,0.8690000176429749,0.5527999997138977
YER044C,YIL121W,0,-6.262914,0.13582369685173035,0.8690000176429749,0.5529000163078308
YDL200C,YFR004W,0,-6.2629232,0.1358024626970291,0.8690000176429749,0.5529999732971191
YMR033W,YOL164W,0,-6.2629566,0.13578124344348907,0.8690000176429749,0.5530999898910522
YPL146C,YGL162W,0,-6.263129,0.13576003909111023,0.8690000176429749,0.5532000064849854
YCL016C,YMR188C,0,-6.2633543,0.13573883473873138,0.8690000176429749,0.5533000230789185
YPL200W,YOR338W,0,-6.263501,0.13571763038635254,0.8690000176429749,0.5533999800682068
YPR073C,YCR040W,0,-6.263686,0.1356964409351349,0.8690000176429749,0.5534999966621399
YEL027W,YLR424W,0,-6.26465,0.13567525148391724,0.8690000176429749,0.553600013256073
YOR363C,YKR062W,0,-6.264782,0.13565407693386078,0.8690000176429749,0.5536999702453613
YPR025C,YOL011W,0,-6.2655506,0.13563290238380432,0.8690000176429749,0.5537999868392944
YHR193C,YMR069W,0,-6.265911,0.13561174273490906,0.8690000176429749,0.5539000034332275
YPR119W,YLR079W,0,-6.2671056,0.1355905830860138,0.8690000176429749,0.5540000200271606
YKL206C,YLL018C-A,0,-6.267179,0.13556942343711853,0.8690000176429749,0.554099977016449
YGL116W,YNL062C,0,-6.2676167,0.13554827868938446,0.8690000176429749,0.5541999936103821
YIL118W,YLR362W,0,-6.267892,0.1355271339416504,0.8690000176429749,0.5543000102043152
YDR448W,YGR197C,0,-6.2682266,0.13550600409507751,0.8690000176429749,0.5544000267982483
YBR060C,YNL047C,0,-6.268495,0.13548487424850464,0.8690000176429749,0.5544999837875366
YLR048W,YOL124C,0,-6.2689967,0.13546375930309296,0.8690000176429749,0.5546000003814697
YGL183C,YDR140W,0,-6.2691813,0.13544264435768127,0.8690000176429749,0.5547000169754028
YGR121C,YAL033W,0,-6.2699146,0.1354215294122696,0.8690000176429749,0.5547999739646912
YLL018C-A,YDR163W,0,-6.2699766,0.1354004293680191,0.8690000176429749,0.5548999905586243
YLR048W,YFL002W-A,0,-6.270114,0.1353793442249298,0.8690000176429749,0.5550000071525574
YGL094C,YMR218C,0,-6.2702503,0.13535825908184052,0.8690000176429749,0.5551000237464905
YKL019W,YOR305W,0,-6.270499,0.13533717393875122,0.8690000176429749,0.5551999807357788
YDL235C,YLR301W,0,-6.270981,0.13531610369682312,0.8690000176429749,0.5552999973297119
YOR341W,YKL082C,0,-6.2716208,0.13529503345489502,0.8690000176429749,0.555400013923645
YDR400W,YOR132W,0,-6.271918,0.1352739781141281,0.8690000176429749,0.5554999709129333
YML080W,YCR098C,0,-6.2725873,0.1352529227733612,0.8690000176429749,0.5555999875068665
YML071C,YGL249W,0,-6.2728224,0.1352318674325943,0.8690000176429749,0.5557000041007996
YGL168W,YDR486C,0,-6.2728496,0.1352108269929886,0.8690000176429749,0.5558000206947327
YMR140W,YGR042W,0,-6.272865,0.13518980145454407,0.8690000176429749,0.555899977684021
YNL314W,YER178W,0,-6.273732,0.13516876101493835,0.8690000176429749,0.5559999942779541
YER190W,YOR008C-A,0,-6.2740726,0.13514775037765503,0.8690000176429749,0.5561000108718872
YIL040W,YCR073W-A,1,-6.2741876,0.1352822333574295,0.8700000047683716,0.5561000108718872
YKL025C,YMR127C,0,-6.2746005,0.1352611929178238,0.8700000047683716,0.5562000274658203
YEL027W,YPL130W,0,-6.275671,0.13524016737937927,0.8700000047683716,0.5562999844551086
YJR112W,YBR250W,0,-6.2760906,0.13521914184093475,0.8700000047683716,0.5564000010490417
YMR235C,YMR273C,1,-6.2761316,0.13535353541374207,0.8709999918937683,0.5564000010490417
YMR076C,YPR133W-A,0,-6.2763977,0.13533250987529755,0.8709999918937683,0.5565000176429749
YNL133C,YIL147C,0,-6.276849,0.13531148433685303,0.8709999918937683,0.5565999746322632
YOR039W,YLR266C,0,-6.2770567,0.1352904587984085,0.8709999918937683,0.5566999912261963
YIL035C,YLR246W,0,-6.2771373,0.13526944816112518,0.8709999918937683,0.5568000078201294
YJR033C,YKR028W,0,-6.2774982,0.13524845242500305,0.8709999918937683,0.5569000244140625
YLL009C,YLR401C,0,-6.277613,0.13522744178771973,0.8709999918937683,0.5569999814033508
YFR041C,YDL130W-A,0,-6.277754,0.1352064609527588,0.8709999918937683,0.5570999979972839
YMR298W,YOR140W,0,-6.277769,0.13518546521663666,0.8709999918937683,0.557200014591217
YJL209W,YJL143W,0,-6.2777853,0.13516449928283691,0.8709999918937683,0.5572999715805054
YML095C,YOL066C,0,-6.277824,0.13514351844787598,0.8709999918937683,0.5573999881744385
YAL051W,YGR095C,0,-6.277994,0.13512255251407623,0.8709999918937683,0.5575000047683716
YDL044C,YJL128C,0,-6.2783713,0.13510160148143768,0.8709999918937683,0.5576000213623047
YDL148C,YLR312C-B,0,-6.2783775,0.13508065044879913,0.8709999918937683,0.557699978351593
YOR265W,YGR272C,0,-6.27868,0.13505969941616058,0.8709999918937683,0.5577999949455261
YLR362W,YGR185C,0,-6.278987,0.13503876328468323,0.8709999918937683,0.5579000115394592
YGR224W,YBL004W,0,-6.279043,0.13501782715320587,0.8709999918937683,0.5580000281333923
YER142C,YPR198W,0,-6.2792864,0.1349969059228897,0.8709999918937683,0.5580999851226807
YGR230W,YJL203W,0,-6.279585,0.13497598469257355,0.8709999918937683,0.5582000017166138
YJL018W,YGL210W,0,-6.280525,0.13495506346225739,0.8709999918937683,0.5583000183105469
YBR298C,YGR085C,0,-6.2806263,0.13493415713310242,0.8709999918937683,0.5583999752998352
YPR093C,YBR228W,0,-6.280917,0.13491326570510864,0.8709999918937683,0.5584999918937683
YHR124W,YOL040C,0,-6.2810807,0.13489235937595367,0.8709999918937683,0.5586000084877014
YPR128C,YIR005W,1,-6.2820406,0.13502632081508636,0.871999979019165,0.5586000084877014
YGL032C,YBR002C,0,-6.2822027,0.1350054144859314,0.871999979019165,0.5587000250816345
YPR201W,YGR038W,0,-6.2824497,0.13498452305793762,0.871999979019165,0.5587999820709229
YCL012W,YOL042W,0,-6.2824583,0.13496363162994385,0.871999979019165,0.558899998664856
YPL169C,YHR015W,1,-6.283327,0.13509748876094818,0.8730000257492065,0.558899998664856
YBL032W,YPR198W,0,-6.2833414,0.1350765824317932,0.8730000257492065,0.5590000152587891
YOR307C,YGR251W,0,-6.2834473,0.13505569100379944,0.8730000257492065,0.5590999722480774
YPL255W,YGR217W,0,-6.2836165,0.13503479957580566,0.8730000257492065,0.5591999888420105
YBR196C,YGR280C,0,-6.2836485,0.13501392304897308,0.8730000257492065,0.5593000054359436
YHR043C,YMR210W,0,-6.2840757,0.1349930465221405,0.8730000257492065,0.5594000220298767
YDR116C,YBR012W-B,0,-6.284629,0.13497216999530792,0.8730000257492065,0.559499979019165
YBR177C,YBR058C-A,0,-6.2850895,0.13495130836963654,0.8730000257492065,0.5595999956130981
YLR284C,YKL080W,0,-6.2851205,0.13493044674396515,0.8730000257492065,0.5597000122070312
YNL207W,YJL059W,0,-6.285171,0.13490960001945496,0.8730000257492065,0.5598000288009644
YIL044C,YLR134W,0,-6.285487,0.13488875329494476,0.8730000257492065,0.5598999857902527
YDR254W,YER049W,0,-6.2858224,0.13486790657043457,0.8730000257492065,0.5600000023841858
YJR047C,YHR073W,0,-6.2858415,0.13484707474708557,0.8730000257492065,0.5601000189781189
YOR087W,YNL045W,0,-6.2858925,0.13482625782489777,0.8730000257492065,0.5601999759674072
YPR201W,YDL002C,0,-6.2862015,0.13480544090270996,0.8730000257492065,0.5602999925613403
YPL012W,YNL128W,0,-6.2863173,0.13478462398052216,0.8730000257492065,0.5604000091552734
YDR457W,YNL310C,0,-6.2869563,0.13476382195949554,0.8730000257492065,0.5605000257492065
YPL146C,YPL106C,0,-6.287428,0.13474301993846893,0.8730000257492065,0.5605999827384949
YDR005C,YOR049C,0,-6.287602,0.13472221791744232,0.8730000257492065,0.560699999332428
YFR019W,YJL018W,0,-6.2876863,0.1347014307975769,0.8730000257492065,0.5608000159263611
YNL127W,YCL005W-A,0,-6.2887306,0.13468065857887268,0.8730000257492065,0.5608999729156494
YOL060C,YCL001W,0,-6.289102,0.13465988636016846,0.8730000257492065,0.5609999895095825
YMR314W,YJR120W,0,-6.28922,0.13463911414146423,0.8730000257492065,0.5611000061035156
YDL243C,YOR377W,0,-6.2892256,0.1346183568239212,0.8730000257492065,0.5612000226974487
YBL100W-B,YNL213C,0,-6.2895746,0.13459759950637817,0.8730000257492065,0.5612999796867371
YAL015C,YCL003W,0,-6.290157,0.13457684218883514,0.8730000257492065,0.5613999962806702
YLL015W,YJL073W,0,-6.290269,0.1345560997724533,0.8730000257492065,0.5615000128746033
YHR091C,YNL129W,0,-6.2902746,0.13453537225723267,0.8730000257492065,0.5616000294685364
YDL224C,YGR241C,0,-6.2902765,0.13451464474201202,0.8730000257492065,0.5616999864578247
YGR188C,YMR267W,0,-6.2903337,0.13449391722679138,0.8730000257492065,0.5618000030517578
YGL246C,YJR009C,0,-6.290607,0.13447320461273193,0.8730000257492065,0.5619000196456909
YGL241W,YML033W,0,-6.290722,0.13445249199867249,0.8730000257492065,0.5619999766349792
YLR342W,YPL065W,0,-6.290842,0.13443177938461304,0.8730000257492065,0.5620999932289124
YPR200C,YPL117C,0,-6.2909627,0.13441108167171478,0.8730000257492065,0.5622000098228455
YMR184W,YKL176C,0,-6.2910256,0.13439039885997772,0.8730000257492065,0.5623000264167786
YGL016W,YLR254C,0,-6.291049,0.13436971604824066,0.8730000257492065,0.5623999834060669
YER168C,YDR492W,0,-6.2912893,0.1343490332365036,0.8730000257492065,0.5625
YKL101W,YHR012W,0,-6.291397,0.13432836532592773,0.8730000257492065,0.5626000165939331
YDL231C,YNL231C,0,-6.2915335,0.13430769741535187,0.8730000257492065,0.5626999735832214
YHR188C,YGL087C,0,-6.2915363,0.134287029504776,0.8730000257492065,0.5627999901771545
YDL192W,YPL167C,0,-6.291542,0.13426637649536133,0.8730000257492065,0.5629000067710876
YDR060W,YHR001W-A,0,-6.291853,0.13424573838710785,0.8730000257492065,0.5630000233650208
YDL126C,YHR008C,0,-6.291933,0.13422508537769318,0.8730000257492065,0.5630999803543091
YGL078C,YHR102W,0,-6.2924547,0.1342044621706009,0.8730000257492065,0.5631999969482422
YGR133W,YML029W,0,-6.2924557,0.1341838240623474,0.8730000257492065,0.5633000135421753
YLR107W,YDR449C,0,-6.292754,0.13416321575641632,0.8730000257492065,0.5633999705314636
YOL002C,YMR089C,0,-6.2930756,0.13414259254932404,0.8730000257492065,0.5634999871253967
YNL098C,YPL180W,0,-6.2931294,0.13412198424339294,0.8730000257492065,0.5636000037193298
YKL017C,YCL020W,0,-6.293398,0.13410137593746185,0.8730000257492065,0.5637000203132629
YMR212C,YNL014W,0,-6.2935333,0.13408078253269196,0.8730000257492065,0.5637999773025513
YBL069W,YHR061C,0,-6.293885,0.13406018912792206,0.8730000257492065,0.5638999938964844
YNL286W,YGR005C,0,-6.2942343,0.13403961062431335,0.8730000257492065,0.5640000104904175
YFL023W,YFL041W,0,-6.2950683,0.13401903212070465,0.8730000257492065,0.5641000270843506
YDL069C,YEL022W,0,-6.295887,0.13399846851825714,0.8730000257492065,0.5641999840736389
YDL117W,YMR076C,0,-6.295928,0.13397790491580963,0.8730000257492065,0.564300000667572
YGR264C,YPR094W,0,-6.295969,0.13395734131336212,0.8730000257492065,0.5644000172615051
YER040W,YLR332W,0,-6.296006,0.1339367926120758,0.8730000257492065,0.5644999742507935
YLR078C,YKL012W,0,-6.2960386,0.1339162439107895,0.8730000257492065,0.5645999908447266
YCL016C,YLR084C,0,-6.297631,0.13389571011066437,0.8730000257492065,0.5647000074386597
YNL272C,YDR460W,0,-6.2978554,0.13387517631053925,0.8730000257492065,0.5648000240325928
YHR069C,YAR044W,0,-6.298239,0.13385464251041412,0.8730000257492065,0.5648999810218811
YPL116W,YGR220C,0,-6.298541,0.1338341236114502,0.8730000257492065,0.5649999976158142
YDR284C,YDR517W,0,-6.298585,0.13381360471248627,0.8730000257492065,0.5651000142097473
YNL279W,YDR308C,0,-6.299565,0.13379310071468353,0.8730000257492065,0.5651999711990356
YBR131W,YCL024W,0,-6.2999034,0.1337725967168808,0.8730000257492065,0.5652999877929688
YNL192W,YOR237W,0,-6.3000298,0.13375210762023926,0.8730000257492065,0.5654000043869019
YNL080C,YAL005C,0,-6.300479,0.13373161852359772,0.8730000257492065,0.565500020980835
YMR277W,YJR141W,0,-6.300559,0.13371112942695618,0.8730000257492065,0.5655999779701233
YLR098C,YOL010W,0,-6.3007913,0.13369065523147583,0.8730000257492065,0.5656999945640564
YDL024C,YLR132C,0,-6.3010635,0.13367018103599548,0.8730000257492065,0.5658000111579895
YGR183C,YPL124W,0,-6.301366,0.13364972174167633,0.8730000257492065,0.5659000277519226
YHR161C,YOR008C-A,0,-6.3014536,0.13362926244735718,0.8730000257492065,0.5659999847412109
YLR242C,YLR259C,0,-6.3018537,0.13360881805419922,0.8730000257492065,0.566100001335144
YKL059C,YHR012W,0,-6.3026195,0.13358837366104126,0.8730000257492065,0.5662000179290771
YDR379W,YJL129C,0,-6.3027043,0.1335679292678833,0.8730000257492065,0.5662999749183655
YKL092C,YPL125W,0,-6.3033533,0.13354749977588654,0.8730000257492065,0.5663999915122986
YKL204W,YNL142W,0,-6.303709,0.13352707028388977,0.8730000257492065,0.5665000081062317
YFL025C,YDL165W,0,-6.3042593,0.1335066556930542,0.8730000257492065,0.5666000247001648
YLR214W,YNL002C,0,-6.3047037,0.13348624110221863,0.8730000257492065,0.5666999816894531
YOL069W,YNL107W,0,-6.3049097,0.13346582651138306,0.8730000257492065,0.5667999982833862
YGL038C,YPL124W,0,-6.3053102,0.13344542682170868,0.8730000257492065,0.5669000148773193
YBL045C,YBR012W-B,0,-6.3054266,0.1334250271320343,0.8730000257492065,0.5669999718666077
YDR461W,YGR222W,0,-6.3055134,0.13340464234352112,0.8730000257492065,0.5670999884605408
YKL056C,YDR472W,0,-6.305564,0.13338425755500793,0.8730000257492065,0.5672000050544739
YPL253C,YGR270W,0,-6.305641,0.13336388766765594,0.8730000257492065,0.567300021648407
YCR091W,YDR334W,0,-6.3060255,0.13334351778030396,0.8730000257492065,0.5673999786376953
YMR033W,YPR067W,0,-6.306046,0.13332314789295197,0.8730000257492065,0.5674999952316284
YCR038C,YOR204W,0,-6.306061,0.13330279290676117,0.8730000257492065,0.5676000118255615
YAL042W,YJL116C,0,-6.306351,0.13328243792057037,0.8730000257492065,0.5677000284194946
YPR023C,YMR077C,0,-6.306758,0.13326209783554077,0.8730000257492065,0.567799985408783
YLR466W,YBL005W-B,0,-6.3068943,0.13324175775051117,0.8730000257492065,0.5679000020027161
YOR313C,YPR107C,0,-6.306923,0.13322143256664276,0.8730000257492065,0.5680000185966492
YNL270C,YGL033W,0,-6.307061,0.13320109248161316,0.8730000257492065,0.5680999755859375
YJL020C,YIR021W,0,-6.3071146,0.13318078219890594,0.8730000257492065,0.5681999921798706
YPL115C,YAR031W,0,-6.307605,0.13316045701503754,0.8730000257492065,0.5683000087738037
YDR425W,YCR042C,0,-6.3080745,0.13314016163349152,0.8730000257492065,0.5684000253677368
YLR176C,YJL164C,0,-6.3082285,0.1331198513507843,0.8730000257492065,0.5684999823570251
YGR274C,YNL283C,0,-6.3083096,0.13309955596923828,0.8730000257492065,0.5685999989509583
YGR007W,YAL068C,0,-6.308449,0.13307927548885345,0.8730000257492065,0.5687000155448914
YDL036C,YPL167C,0,-6.308502,0.13305898010730743,0.8730000257492065,0.5687999725341797
YLR216C,YDR306C,0,-6.308716,0.1330387145280838,0.8730000257492065,0.5688999891281128
YFR004W,YJL059W,0,-6.3089647,0.13301843404769897,0.8730000257492065,0.5690000057220459
YIL017W,YKL095W,0,-6.309023,0.13299816846847534,0.8730000257492065,0.569100022315979
YPR070W,YBL025W,0,-6.309348,0.1329779177904129,0.8730000257492065,0.5691999793052673
YPL098C,YDR227W,0,-6.3094997,0.13295766711235046,0.8730000257492065,0.5692999958992004
YDL231C,YDL101C,0,-6.310083,0.13293741643428802,0.8730000257492065,0.5694000124931335
YGL245W,YNL173C,0,-6.310631,0.13291718065738678,0.8730000257492065,0.5695000290870667
YCL003W,YNL207W,0,-6.3112154,0.13289694488048553,0.8730000257492065,0.569599986076355
YOR036W,YOR083W,0,-6.3112316,0.1328767091035843,0.8730000257492065,0.5697000026702881
YBR200W,YKL119C,0,-6.3113937,0.13285648822784424,0.8730000257492065,0.5698000192642212
YNL080C,YHL002W,0,-6.311987,0.13283628225326538,0.8730000257492065,0.5698999762535095
YDR524C,YNL128W,0,-6.312291,0.13281606137752533,0.8730000257492065,0.5699999928474426
YOL067C,YLR240W,0,-6.312356,0.13279585540294647,0.8730000257492065,0.5701000094413757
YFR041C,YGR044C,0,-6.3134236,0.1327756643295288,0.8730000257492065,0.5702000260353088
YML102W,YJR137C,0,-6.3136024,0.13275547325611115,0.8730000257492065,0.5702999830245972
YPL266W,YGR156W,0,-6.3136377,0.13273529708385468,0.8730000257492065,0.5703999996185303
YDR518W,YPL176C,0,-6.31438,0.132715106010437,0.8730000257492065,0.5705000162124634
YGL257C,YJR145C,0,-6.314543,0.13269494473934174,0.8730000257492065,0.5705999732017517
YPL018W,YBR012W-B,0,-6.314742,0.13267476856708527,0.8730000257492065,0.5706999897956848
YJL099W,YDR484W,0,-6.3149595,0.13265460729599,0.8730000257492065,0.5708000063896179
YNL036W,YDR487C,0,-6.3149786,0.1326344609260559,0.8730000257492065,0.570900022983551
YDL040C,YGR183C,0,-6.3150053,0.13261431455612183,0.8730000257492065,0.5709999799728394
YOL093W,YNL044W,0,-6.3150377,0.13259416818618774,0.8730000257492065,0.5710999965667725
YPL086C,YBR041W,0,-6.315234,0.13257403671741486,0.8730000257492065,0.5712000131607056
YCR038C,YGL153W,0,-6.31524,0.13255390524864197,0.8730000257492065,0.5713000297546387
YJL073W,YOR129C,0,-6.3154297,0.13253377377986908,0.8730000257492065,0.571399986743927
YMR048W,YOR340C,0,-6.315905,0.13251365721225739,0.8730000257492065,0.5715000033378601
YHR160C,YJL204C,0,-6.3162727,0.13249355554580688,0.8730000257492065,0.5716000199317932
YOL156W,YPL032C,0,-6.3162994,0.1324734389781952,0.8730000257492065,0.5716999769210815
YDR072C,YML025C,0,-6.316526,0.13245335221290588,0.8730000257492065,0.5717999935150146
YCL054W,YML039W,0,-6.3165956,0.13243325054645538,0.8730000257492065,0.5719000101089478
YDR004W,YLR301W,0,-6.3166475,0.13241316378116608,0.8730000257492065,0.5720000267028809
YGR280C,YER041W,0,-6.3169193,0.13239309191703796,0.8730000257492065,0.5720999836921692
YKL002W,YNL014W,0,-6.317193,0.13237300515174866,0.8730000257492065,0.5722000002861023
YJL089W,YOR359W,0,-6.31738,0.13235294818878174,0.8730000257492065,0.5723000168800354
YCL051W,YPR189W,0,-6.317795,0.13233287632465363,0.8730000257492065,0.5723999738693237
YMR184W,YDR200C,0,-6.317911,0.1323128193616867,0.8730000257492065,0.5724999904632568
YPL271W,YOR347C,0,-6.3183374,0.13229277729988098,0.8730000257492065,0.5726000070571899
YGR249W,YGL014W,0,-6.3186398,0.13227272033691406,0.8730000257492065,0.572700023651123
YOR355W,YIR018W,0,-6.318677,0.13225269317626953,0.8730000257492065,0.5727999806404114
YKL170W,YOR119C,0,-6.31921,0.1322326511144638,0.8730000257492065,0.5728999972343445
YDR038C,YJL203W,0,-6.319443,0.13221262395381927,0.8730000257492065,0.5730000138282776
YJR105W,YDR130C,0,-6.3195705,0.13219261169433594,0.8730000257492065,0.5730999708175659
YNL242W,YER088C,0,-6.319694,0.1321725994348526,0.8730000257492065,0.573199987411499
YDL220C,YGL111W,0,-6.3207006,0.13215258717536926,0.8730000257492065,0.5733000040054321
YBR008C,YMR311C,0,-6.3208895,0.13213258981704712,0.8730000257492065,0.5734000205993652
YOR363C,YDR126W,0,-6.320896,0.13211259245872498,0.8730000257492065,0.5734999775886536
YFL011W-A,YLR385C,0,-6.320946,0.13209259510040283,0.8730000257492065,0.5735999941825867
YBL030C,YGL100W,1,-6.321313,0.13222390413284302,0.8740000128746033,0.5735999941825867
YER168C,YER015W,0,-6.321648,0.13220390677452087,0.8740000128746033,0.5737000107765198
YLR223C,YKR042W,0,-6.3217106,0.13218390941619873,0.8740000128746033,0.5738000273704529
YDL198C,YMR273C,1,-6.3218718,0.13231514394283295,0.875,0.5738000273704529
YPL180W,YNL093W,0,-6.3219776,0.1322951316833496,0.875,0.5738999843597412
YJL108C,YLR132C,0,-6.322377,0.13227513432502747,0.875,0.5740000009536743
YKL079W,YGR008C,0,-6.322875,0.13225513696670532,0.875,0.5741000175476074
YPL193W,YIL143C,0,-6.324024,0.13223515450954437,0.875,0.5741999745368958
YIL122W,YJL054W,0,-6.3242455,0.13221517205238342,0.875,0.5742999911308289
YCR066W,YIL030C,0,-6.3242474,0.13219518959522247,0.875,0.574400007724762
YJR118C,YGR238C,0,-6.3244405,0.13217522203922272,0.875,0.5745000243186951
YJR042W,YCR073W-A,1,-6.3244953,0.1323062926530838,0.8759999871253967,0.5745000243186951
YER149C,YLR135W,0,-6.324945,0.13228632509708405,0.8759999871253967,0.5745999813079834
YJR031C,YBR212W,0,-6.3257365,0.1322663426399231,0.8759999871253967,0.5746999979019165
YFL050C,YKR026C,0,-6.32649,0.13224637508392334,0.8759999871253967,0.5748000144958496
YDR329C,YNL097C,0,-6.3269486,0.13222642242908478,0.8759999871253967,0.5748999714851379
YLR284C,YBR083W,0,-6.3280277,0.13220645487308502,0.8759999871253967,0.574999988079071
YDL148C,YKL141W,0,-6.328491,0.13218651711940765,0.8759999871253967,0.5751000046730042
YJL081C,YHR124W,0,-6.328701,0.1321665644645691,0.8759999871253967,0.5752000212669373
YJL054W,YLR417W,0,-6.328973,0.13214662671089172,0.8759999871253967,0.5752999782562256
YHR069C,YMR243C,0,-6.3294764,0.13212670385837555,0.8759999871253967,0.5753999948501587
YMR072W,YER178W,0,-6.329535,0.13210676610469818,0.8759999871253967,0.5755000114440918
YGL175C,YLR182W,0,-6.3304925,0.1320868581533432,0.8759999871253967,0.5756000280380249
YOR049C,YPL128C,0,-6.3305883,0.13206693530082703,0.8759999871253967,0.5756999850273132
YEL034W,YNL229C,0,-6.330839,0.13204702734947205,0.8759999871253967,0.5758000016212463
YBR034C,YCR073W-A,1,-6.3310976,0.13217784464359283,0.8769999742507935,0.5758000016212463
YOL077W-A,YLR411W,0,-6.3311477,0.13215792179107666,0.8769999742507935,0.5759000182151794
YIL123W,YAL001C,0,-6.331646,0.13213801383972168,0.8769999742507935,0.5759999752044678
YPL115C,YLR362W,0,-6.3322134,0.1321181058883667,0.8769999742507935,0.5760999917984009
YPL269W,YIL021W,0,-6.332298,0.1320982128381729,0.8769999742507935,0.576200008392334
YMR001C,YBR175W,0,-6.332531,0.13207831978797913,0.8769999742507935,0.5763000249862671
YDL095W,YHR152W,0,-6.332677,0.13205842673778534,0.8769999742507935,0.5763999819755554
YLL022C,YPR108W,0,-6.332829,0.13203854858875275,0.8769999742507935,0.5764999985694885
YLR429W,YCR075C,0,-6.33285,0.13201867043972015,0.8769999742507935,0.5766000151634216
YER052C,YGL209W,0,-6.3330426,0.13199879229068756,0.8769999742507935,0.57669997215271
YJL128C,YER190W,0,-6.33368,0.13197892904281616,0.8769999742507935,0.5767999887466431
YAL051W,YML021C,0,-6.3338223,0.13195906579494476,0.8769999742507935,0.5769000053405762
YCL012W,YNL182C,0,-6.333919,0.13193921744823456,0.8769999742507935,0.5770000219345093
YBL040C,YGR133W,0,-6.3345027,0.13191936910152435,0.8769999742507935,0.5770999789237976
YDL084W,YHR167W,1,-6.335147,0.13204993307590485,0.878000020980835,0.5770999789237976
YGR224W,YDR379W,0,-6.3352575,0.13203006982803345,0.878000020980835,0.5771999955177307
YNL272C,YLR301W,0,-6.3356485,0.13201022148132324,0.878000020980835,0.5773000121116638
YER087C-B,YHL006C,0,-6.3360834,0.13199037313461304,0.878000020980835,0.5774000287055969
YBL040C,YNL317W,0,-6.336359,0.13197053968906403,0.878000020980835,0.5774999856948853
YAL059W,YLR303W,0,-6.336374,0.13195070624351501,0.878000020980835,0.5776000022888184
YCL008C,YGR241C,0,-6.3365545,0.131930872797966,0.878000020980835,0.5777000188827515
YBR245C,YNL046W,0,-6.337443,0.13191105425357819,0.878000020980835,0.5777999758720398
YMR029C,YDR166C,0,-6.3375735,0.13189123570919037,0.878000020980835,0.5778999924659729
YDR486C,YNL045W,0,-6.337824,0.13187143206596375,0.878000020980835,0.578000009059906
YDL051W,YCL044C,0,-6.3380713,0.13185162842273712,0.878000020980835,0.5781000256538391
YEL061C,YBR228W,0,-6.3402157,0.1318318247795105,0.878000020980835,0.5781999826431274
YPL200W,YLR167W,0,-6.3402414,0.13181203603744507,0.878000020980835,0.5782999992370605
YDR235W,YKR072C,0,-6.3408413,0.13179224729537964,0.878000020980835,0.5784000158309937
YLR353W,YPL276W,0,-6.3408422,0.1317724734544754,0.878000020980835,0.578499972820282
YNL004W,YBL030C,1,-6.3409157,0.1319027543067932,0.8790000081062317,0.578499972820282
YOR056C,YHR079C-A,0,-6.341801,0.13188296556472778,0.8790000081062317,0.5785999894142151
YPL256C,YNL003C,0,-6.3419476,0.13186319172382355,0.8790000081062317,0.5787000060081482
YNL298W,YGL046W,0,-6.3422356,0.13184340298175812,0.8790000081062317,0.5788000226020813
YPR201W,YHR214C-B,0,-6.3423853,0.13182362914085388,0.8790000081062317,0.5788999795913696
YLR186W,YKL188C,0,-6.342863,0.13180387020111084,0.8790000081062317,0.5789999961853027
YER001W,YKL038W,0,-6.343239,0.1317841112613678,0.8790000081062317,0.5791000127792358
YML048W,YCL061C,0,-6.3438787,0.13176435232162476,0.8790000081062317,0.579200029373169
YNL006W,YNL129W,0,-6.344187,0.1317446082830429,0.8790000081062317,0.5792999863624573
YDL024C,YER154W,0,-6.3441906,0.13172486424446106,0.8790000081062317,0.5794000029563904
YDR386W,YGR209C,0,-6.344575,0.1317051202058792,0.8790000081062317,0.5795000195503235
YHR083W,YOR007C,0,-6.3447757,0.13168539106845856,0.8790000081062317,0.5795999765396118
YHR107C,YJL099W,0,-6.345532,0.1316656619310379,0.8790000081062317,0.5796999931335449
YGL130W,YKL006C-A,0,-6.3458943,0.13164594769477844,0.8790000081062317,0.579800009727478
YFL010W-A,YDR073W,0,-6.346016,0.13162623345851898,0.8790000081062317,0.5799000263214111
YMR038C,YBR215W,0,-6.3460293,0.13160653412342072,0.8790000081062317,0.5799999833106995
YGL175C,YOR043W,0,-6.3463945,0.13158681988716125,0.8790000081062317,0.5800999999046326
YGR119C,YBR111W-A,1,-6.34649,0.1317168027162552,0.8799999952316284,0.5800999999046326
YJL085W,YDR477W,0,-6.3468876,0.13169710338115692,0.8799999952316284,0.5802000164985657
YHR143W,YLR150W,0,-6.3468933,0.13167738914489746,0.8799999952316284,0.580299973487854
YCL003W,YPL130W,0,-6.3472557,0.1316576898097992,0.8799999952316284,0.5803999900817871
YGR009C,YOR313C,0,-6.347455,0.13163799047470093,0.8799999952316284,0.5805000066757202
YOR061W,YMR177W,0,-6.3477507,0.13161830604076385,0.8799999952316284,0.5806000232696533
YML062C,YHR015W,1,-6.3478107,0.13174816966056824,0.8809999823570251,0.5806000232696533
YLR109W,YMR026C,0,-6.3480453,0.13172847032546997,0.8809999823570251,0.5806999802589417
YER027C,YIL031W,0,-6.348178,0.1317087709903717,0.8809999823570251,0.5807999968528748
YKL185W,YGL012W,0,-6.3483195,0.13168908655643463,0.8809999823570251,0.5809000134468079
YPL008W,YKL020C,0,-6.3489523,0.13166940212249756,0.8809999823570251,0.5809999704360962
YPR110C,YDR285W,0,-6.349471,0.13164973258972168,0.8809999823570251,0.5810999870300293
YBR215W,YDR065W,0,-6.3499017,0.1316300630569458,0.8809999823570251,0.5812000036239624
YOR211C,YHR020W,0,-6.3500004,0.13161039352416992,0.8809999823570251,0.5813000202178955
YDR106W,YIL155C,0,-6.350217,0.13159073889255524,0.8809999823570251,0.5813999772071838
YGR029W,YJL012C-A,0,-6.350705,0.13157108426094055,0.8809999823570251,0.5814999938011169
YGL254W,YOR099W,0,-6.351099,0.13155144453048706,0.8809999823570251,0.58160001039505
YGR108W,YJL114W,0,-6.351456,0.13153180480003357,0.8809999823570251,0.5817000269889832
YJL166W,YBR258C,0,-6.351463,0.13151216506958008,0.8809999823570251,0.5817999839782715
YML021C,YGR122W,0,-6.351505,0.13149254024028778,0.8809999823570251,0.5819000005722046
YGR014W,YDR382W,0,-6.3519115,0.13147291541099548,0.8809999823570251,0.5820000171661377
YBR160W,YBR199W,0,-6.352358,0.13145329058170319,0.8809999823570251,0.582099974155426
YJR135C,YDR394W,0,-6.352377,0.13143368065357208,0.8809999823570251,0.5821999907493591
YDL088C,YKR002W,1,-6.3525686,0.1315632462501526,0.8820000290870667,0.5821999907493591
YBR207W,YDR461W,0,-6.352607,0.1315436214208603,0.8820000290870667,0.5823000073432922
YJR108W,YPL053C,0,-6.352787,0.1315240114927292,0.8820000290870667,0.5824000239372253
YCR040W,YOR027W,0,-6.353258,0.13150440156459808,0.8820000290870667,0.5824999809265137
YNL245C,YDR345C,0,-6.3532887,0.13148479163646698,0.8820000290870667,0.5825999975204468
YLR355C,YBR298C,0,-6.3533735,0.13146519660949707,0.8820000290870667,0.5827000141143799
YIR010W,YMR023C,0,-6.353447,0.13144560158252716,0.8820000290870667,0.5827999711036682
YGR224W,YAL032C,0,-6.353519,0.13142602145671844,0.8820000290870667,0.5828999876976013
YIR017C,YDR436W,0,-6.3545294,0.13140644133090973,0.8820000290870667,0.5830000042915344
YKR035W-A,YGR193C,0,-6.3548155,0.131386861205101,0.8820000290870667,0.5831000208854675
YPR083W,YDR328C,0,-6.3553133,0.1313672959804535,0.8820000290870667,0.5831999778747559
YOR067C,YER126C,0,-6.355447,0.13134773075580597,0.8820000290870667,0.583299994468689
YNL164C,YDR289C,0,-6.355455,0.13132816553115845,0.8820000290870667,0.5834000110626221
YDR085C,YDR288W,0,-6.355676,0.13130861520767212,0.8820000290870667,0.5835000276565552
YHR005C,YCR033W,0,-6.3559375,0.13128907978534698,0.8820000290870667,0.5835999846458435
YMR129W,YCR073W-A,1,-6.355959,0.1314183622598648,0.8830000162124634,0.5835999846458435
YNL214W,YMR218C,0,-6.356443,0.13139881193637848,0.8830000162124634,0.5837000012397766
YOL095C,YGL212W,0,-6.356448,0.13137926161289215,0.8830000162124634,0.5838000178337097
YCR026C,YOR060C,0,-6.3564615,0.13135971128940582,0.8830000162124634,0.583899974822998
YPR094W,YDR279W,0,-6.3568068,0.1313401758670807,0.8830000162124634,0.5839999914169312
YAL042W,YMR026C,0,-6.3570604,0.13132064044475555,0.8830000162124634,0.5841000080108643
YGL190C,YGR113W,0,-6.3572435,0.1313011199235916,0.8830000162124634,0.5842000246047974
YDR254W,YER122C,0,-6.357499,0.13128159940242767,0.8830000162124634,0.5842999815940857
YPL137C,YDR289C,0,-6.3584223,0.13126207888126373,0.8830000162124634,0.5843999981880188
YKL152C,YKL008C,0,-6.358468,0.131242573261261,0.8830000162124634,0.5845000147819519
YHR015W,YLR016C,1,-6.35892,0.13137167692184448,0.8840000033378601,0.5845000147819519
YML113W,YDR484W,0,-6.3590937,0.13135215640068054,0.8840000033378601,0.5845999717712402
YGR159C,YDR028C,0,-6.3591957,0.1313326358795166,0.8840000033378601,0.5846999883651733
YER056C,YIR005W,1,-6.359234,0.13146167993545532,0.8849999904632568,0.5846999883651733
YCL003W,YGR279C,0,-6.359257,0.1314421445131302,0.8849999904632568,0.5848000049591064
YBR049C,YLL017W,0,-6.359279,0.13142262399196625,0.8849999904632568,0.5849000215530396
YNL008C,YOR213C,0,-6.3595614,0.1314031183719635,0.8849999904632568,0.5849999785423279
YGL254W,YMR117C,0,-6.3600936,0.13138361275196075,0.8849999904632568,0.585099995136261
YMR204C,YJR119C,0,-6.3601785,0.131364107131958,0.8849999904632568,0.5852000117301941
YCL026C-A,YDR329C,0,-6.360508,0.13134461641311646,0.8849999904632568,0.5853000283241272
YOR299W,YAL059W,0,-6.3606987,0.1313251256942749,0.8849999904632568,0.5853999853134155
YLR328W,YKL088W,0,-6.3612213,0.13130563497543335,0.8849999904632568,0.5855000019073486
YJL089W,YKL056C,0,-6.3613853,0.131286159157753,0.8849999904632568,0.5856000185012817
YDR258C,YGR008C,0,-6.3614254,0.13126668334007263,0.8849999904632568,0.5856999754905701
YJR078W,YNR072W,0,-6.36181,0.13124722242355347,0.8849999904632568,0.5857999920845032
YBR039W,YMR234W,0,-6.362021,0.1312277615070343,0.8849999904632568,0.5859000086784363
YPL021W,YJR068W,0,-6.3621883,0.13120830059051514,0.8849999904632568,0.5860000252723694
YDR244W,YGL008C,0,-6.362213,0.13118885457515717,0.8849999904632568,0.5860999822616577
YGL253W,YLR398C,0,-6.362234,0.1311694085597992,0.8849999904632568,0.5861999988555908
YOR351C,YKL056C,0,-6.3625875,0.13114997744560242,0.8849999904632568,0.5863000154495239
YMR290C,YPR007C,0,-6.362855,0.13113053143024445,0.8849999904632568,0.5863999724388123
YGL216W,YDR075W,0,-6.3631716,0.13111111521720886,0.8849999904632568,0.5864999890327454
YPL084W,YDR346C,0,-6.3632507,0.13109168410301208,0.8849999904632568,0.5866000056266785
YGR213C,YGL113W,0,-6.363309,0.1310722678899765,0.8849999904632568,0.5867000222206116
YPL018W,YDL224C,0,-6.363636,0.1310528665781021,0.8849999904632568,0.5867999792098999
YPL255W,YDL047W,0,-6.3642454,0.13103346526622772,0.8849999904632568,0.586899995803833
YJR057W,YOL108C,0,-6.364339,0.13101406395435333,0.8849999904632568,0.5870000123977661
YKL149C,YBR201W,0,-6.364523,0.13099467754364014,0.8849999904632568,0.5871000289916992
YJL025W,YDR407C,0,-6.3651657,0.13097529113292694,0.8849999904632568,0.5871999859809875
YPL046C,YLR092W,0,-6.36549,0.13095590472221375,0.8849999904632568,0.5873000025749207
YDR272W,YCL061C,0,-6.3655777,0.13093653321266174,0.8849999904632568,0.5874000191688538
YPL036W,YPR007C,0,-6.3655987,0.13091716170310974,0.8849999904632568,0.5874999761581421
YMR044W,YDR479C,0,-6.3656044,0.13089779019355774,0.8849999904632568,0.5875999927520752
YBR123C,YGR042W,0,-6.365666,0.13087843358516693,0.8849999904632568,0.5877000093460083
YMR029C,YLR081W,0,-6.3657513,0.13085909187793732,0.8849999904632568,0.5878000259399414
YOR254C,YLR079W,0,-6.3659143,0.1308397352695465,0.8849999904632568,0.5878999829292297
YGR249W,YDR429C,0,-6.366221,0.1308203935623169,0.8849999904632568,0.5879999995231628
YOR328W,YMR179W,0,-6.3665333,0.13080106675624847,0.8849999904632568,0.588100016117096
YFL041W,YNL032W,0,-6.3667073,0.13078173995018005,0.8849999904632568,0.5881999731063843
YDL143W,YFL031W,0,-6.3667693,0.13076241314411163,0.8849999904632568,0.5882999897003174
YGL183C,YDL064W,0,-6.367187,0.1307430863380432,0.8849999904632568,0.5884000062942505
YKL120W,YER082C,0,-6.3672085,0.130723774433136,0.8849999904632568,0.5885000228881836
YKL172W,YBR093C,0,-6.367285,0.13070447742938995,0.8849999904632568,0.5885999798774719
YMR025W,YIL048W,0,-6.36753,0.13068518042564392,0.8849999904632568,0.588699996471405
YPR081C,YDR198C,0,-6.367715,0.1306658834218979,0.8849999904632568,0.5888000130653381
YIR028W,YMR273C,1,-6.368433,0.1307942122220993,0.8859999775886536,0.5888000130653381
YML008C,YGR038W,0,-6.368602,0.13077490031719208,0.8859999775886536,0.5889000296592712
YNL286W,YPL170W,0,-6.3688498,0.13075560331344604,0.8859999775886536,0.5889999866485596
YBR158W,YIL076W,0,-6.3688755,0.1307363212108612,0.8859999775886536,0.5891000032424927
YCR063W,YOR001W,0,-6.3689394,0.13071702420711517,0.8859999775886536,0.5892000198364258
YKR035W-A,YBR179C,0,-6.3692694,0.13069774210453033,0.8859999775886536,0.5892999768257141
YCL003W,YPL002C,0,-6.3692827,0.1306784600019455,0.8859999775886536,0.5893999934196472
YMR092C,YKR060W,0,-6.3694687,0.13065919280052185,0.8859999775886536,0.5895000100135803
YFL023W,YMR267W,0,-6.369893,0.1306399255990982,0.8859999775886536,0.5896000266075134
YFR009W,YCR091W,0,-6.3699374,0.13062067329883575,0.8859999775886536,0.5896999835968018
YJL026W,YGL095C,0,-6.369961,0.1306014209985733,0.8859999775886536,0.5898000001907349
YER065C,YMR260C,0,-6.3699846,0.13058216869831085,0.8859999775886536,0.589900016784668
YGL089C,YLR301W,0,-6.370047,0.1305629163980484,0.8859999775886536,0.5899999737739563
YDR179C,YDL085W,0,-6.3709154,0.13054369390010834,0.8859999775886536,0.5900999903678894
YPR083W,YDR088C,0,-6.371105,0.13052445650100708,0.8859999775886536,0.5902000069618225
YKL085W,YIL077C,0,-6.3713036,0.13050523400306702,0.8859999775886536,0.5903000235557556
YIL085C,YJR160C,0,-6.371565,0.13048601150512695,0.8859999775886536,0.590399980545044
YEL061C,YPL012W,0,-6.3726377,0.1304667890071869,0.8859999775886536,0.590499997138977
YBR243C,YEL012W,0,-6.3726506,0.13044758141040802,0.8859999775886536,0.5906000137329102
YJR059W,YHR050W,0,-6.372751,0.13042838871479034,0.8859999775886536,0.5906999707221985
YDL069C,YGL061C,0,-6.3732114,0.13040918111801147,0.8859999775886536,0.5907999873161316
YPL178W,YJR044C,0,-6.3733206,0.1303899884223938,0.8859999775886536,0.5909000039100647
YMR285C,YDL159W,0,-6.373369,0.13037081062793732,0.8859999775886536,0.5910000205039978
YNL118C,YDR306C,0,-6.3736067,0.13035163283348083,0.8859999775886536,0.5910999774932861
YHR013C,YGL046W,0,-6.37366,0.13033245503902435,0.8859999775886536,0.5911999940872192
YDL003W,YPR054W,0,-6.3737044,0.13031327724456787,0.8859999775886536,0.5913000106811523
YHR102W,YDL039C,0,-6.373855,0.13029411435127258,0.8859999775886536,0.5914000272750854
YNL222W,YLR385C,0,-6.374101,0.1302749663591385,0.8859999775886536,0.5914999842643738
YGR097W,YBR129C,0,-6.374121,0.1302558034658432,0.8859999775886536,0.5916000008583069
YBL074C,YBR068C,0,-6.3743086,0.1302366554737091,0.8859999775886536,0.59170001745224
YDR191W,YHR160C,0,-6.3747454,0.1302175223827362,0.8859999775886536,0.5917999744415283
YEL017C-A,YGR122W,0,-6.3747835,0.1301983892917633,0.8859999775886536,0.5918999910354614
YIR028W,YBR111W-A,1,-6.3752546,0.13032618165016174,0.8870000243186951,0.5918999910354614
YBR210W,YLR450W,0,-6.375425,0.13030703365802765,0.8870000243186951,0.5920000076293945
YNL099C,YOR008C-A,0,-6.3755646,0.13028790056705475,0.8870000243186951,0.5921000242233276
YMR227C,YGR281W,0,-6.3757777,0.13026876747608185,0.8870000243186951,0.592199981212616
YDL140C,YAL016W,0,-6.37604,0.13024963438510895,0.8870000243186951,0.5922999978065491
YER030W,YML088W,0,-6.3761005,0.13023051619529724,0.8870000243186951,0.5924000144004822
YLR320W,YIL120W,0,-6.376135,0.13021139800548553,0.8870000243186951,0.5924999713897705
YOR160W,YPR080W,1,-6.3761477,0.13033905625343323,0.8880000114440918,0.5924999713897705
YBR260C,YLR092W,0,-6.376185,0.13031992316246033,0.8880000114440918,0.5925999879837036
YHR138C,YJR027W,0,-6.3763313,0.13030080497264862,0.8880000114440918,0.5927000045776367
YPR135W,YNR032W,0,-6.3763657,0.13028168678283691,0.8880000114440918,0.5928000211715698
YLR191W,YMR060C,0,-6.3765454,0.1302625834941864,0.8880000114440918,0.5928999781608582
YML060W,YHR214C-B,0,-6.3768635,0.1302434802055359,0.8880000114440918,0.5929999947547913
YJR155W,YDR457W,0,-6.376954,0.13022437691688538,0.8880000114440918,0.5931000113487244
YDL005C,YBR221C,0,-6.3772893,0.13020527362823486,0.8880000114440918,0.5932000279426575
YOR267C,YIL120W,0,-6.377337,0.13018618524074554,0.8880000114440918,0.5932999849319458
YJL060W,YDL132W,0,-6.3780985,0.13016711175441742,0.8880000114440918,0.5934000015258789
YBR009C,YHR024C,0,-6.378543,0.1301480233669281,0.8880000114440918,0.593500018119812
YGR013W,YPL276W,0,-6.378588,0.13012894988059998,0.8880000114440918,0.5935999751091003
YDL013W,YCR106W,0,-6.3786135,0.13010989129543304,0.8880000114440918,0.5936999917030334
YAL047C,YDL130W-A,0,-6.379119,0.1300908327102661,0.8880000114440918,0.5938000082969666
YLR233C,YLL041C,0,-6.379408,0.13007177412509918,0.8880000114440918,0.5939000248908997
YDL030W,YGL255W,0,-6.3794365,0.13005273044109344,0.8880000114440918,0.593999981880188
YMR238W,YPL211W,0,-6.3794727,0.1300336867570877,0.8880000114440918,0.5940999984741211
YGL003C,YGL222C,0,-6.379893,0.13001464307308197,0.8880000114440918,0.5942000150680542
YNR044W,YDR170W-A,0,-6.380065,0.12999561429023743,0.8880000114440918,0.5942999720573425
YDR283C,YBL018C,0,-6.3803854,0.12997658550739288,0.8880000114440918,0.5943999886512756
YOR032C,YBR060C,0,-6.380802,0.12995755672454834,0.8880000114440918,0.5945000052452087
YPL258C,YOR088W,0,-6.3816447,0.129938542842865,0.8880000114440918,0.5946000218391418
YBR201W,YDL105W,0,-6.3818164,0.12991952896118164,0.8880000114440918,0.5946999788284302
YNL074C,YPL083C,0,-6.3818736,0.12990052998065948,0.8880000114440918,0.5947999954223633
YPL265W,YMR011W,0,-6.3819194,0.12988153100013733,0.8880000114440918,0.5949000120162964
YIL154C,YKL074C,0,-6.3821044,0.12986253201961517,0.8880000114440918,0.5950000286102295
YOL156W,YMR093W,0,-6.3821287,0.1298435479402542,0.8880000114440918,0.5950999855995178
YOR380W,YDL058W,0,-6.3824887,0.12982456386089325,0.8880000114440918,0.5952000021934509
YMR047C,YML107C,1,-6.38288,0.12995176017284393,0.8889999985694885,0.5952000021934509
YMR207C,YGL067W,0,-6.3831024,0.12993276119232178,0.8889999985694885,0.595300018787384
YDL161W,YCL019W,0,-6.383174,0.12991377711296082,0.8889999985694885,0.5953999757766724
YIL037C,YPL011C,0,-6.383479,0.12989479303359985,0.8889999985694885,0.5954999923706055
YEL017C-A,YDR392W,0,-6.3836794,0.12987582385540009,0.8889999985694885,0.5956000089645386
YGL095C,YIR018W,0,-6.3837495,0.12985685467720032,0.8889999985694885,0.5957000255584717
YJL041W,YCR073W-A,1,-6.3843174,0.12998393177986145,0.8899999856948853,0.5957000255584717
YNL059C,YFL021W,0,-6.3845763,0.1299649477005005,0.8899999856948853,0.59579998254776
YMR188C,YKL040C,0,-6.3851852,0.12994597852230072,0.8899999856948853,0.5958999991416931
YDR113C,YMR117C,0,-6.385263,0.12992700934410095,0.8899999856948853,0.5960000157356262
YGR036C,YHR006W,0,-6.3854804,0.12990804016590118,0.8899999856948853,0.5960999727249146
YDR214W,YNL142W,0,-6.385789,0.1298890858888626,0.8899999856948853,0.5961999893188477
YDR264C,YML025C,0,-6.385955,0.12987013161182404,0.8899999856948853,0.5963000059127808
YGL167C,YHR157W,0,-6.3861847,0.12985117733478546,0.8899999856948853,0.5964000225067139
YML055W,YML028W,0,-6.38626,0.12983223795890808,0.8899999856948853,0.5964999794960022
YGL169W,YDR532C,0,-6.3863835,0.1298132985830307,0.8899999856948853,0.5965999960899353
YOR085W,YDR392W,0,-6.386735,0.12979437410831451,0.8899999856948853,0.5967000126838684
YML019W,YLL040C,0,-6.3870325,0.12977544963359833,0.8899999856948853,0.5968000292778015
YHR164C,YOL108C,0,-6.387064,0.12975652515888214,0.8899999856948853,0.5968999862670898
YAL051W,YAR010C,0,-6.387239,0.12973761558532715,0.8899999856948853,0.597000002861023
YPR046W,YML049C,0,-6.3876104,0.12971870601177216,0.8899999856948853,0.597100019454956
YKL190W,YGR238C,0,-6.3876657,0.12969979643821716,0.8899999856948853,0.5971999764442444
YCR082W,YFL031W,0,-6.3876877,0.12968090176582336,0.8899999856948853,0.5972999930381775
YLR138W,YKL012W,0,-6.38797,0.12966200709342957,0.8899999856948853,0.5974000096321106
YGR083C,YJL013C,0,-6.388076,0.12964311242103577,0.8899999856948853,0.5975000262260437
YBL003C,YML123C,0,-6.388092,0.12962423264980316,0.8899999856948853,0.597599983215332
YER133W,YGL068W,0,-6.3882375,0.12960535287857056,0.8899999856948853,0.5976999998092651
YGL190C,YGR256W,0,-6.388384,0.12958648800849915,0.8899999856948853,0.5978000164031982
YFR028C,YPL275W,0,-6.388464,0.12956762313842773,0.8899999856948853,0.5978999733924866
YPR080W,YMR273C,1,-6.3885593,0.12969432771205902,0.890999972820282,0.5978999733924866
YGL100W,YCR073W-A,1,-6.3886228,0.12982098758220673,0.8920000195503235,0.5978999733924866
YLR355C,YOL125W,0,-6.388936,0.12980209290981293,0.8920000195503235,0.5979999899864197
YMR311C,YNL107W,0,-6.3893743,0.12978321313858032,0.8920000195503235,0.5981000065803528
YAR031W,YER151C,0,-6.389557,0.12976433336734772,0.8920000195503235,0.5982000231742859
YLR044C,YOR083W,0,-6.389573,0.1297454535961151,0.8920000195503235,0.5982999801635742
YJR089W,YOR279C,0,-6.389632,0.1297265887260437,0.8920000195503235,0.5983999967575073
YKL220C,YJL184W,0,-6.3899684,0.1297077238559723,0.8920000195503235,0.5985000133514404
YDR276C,YHR050W,0,-6.39006,0.12968885898590088,0.8920000195503235,0.5985999703407288
YKL038W,YDR407C,0,-6.390063,0.12967000901699066,0.8920000195503235,0.5986999869346619
YOR299W,YDR359C,0,-6.390071,0.12965115904808044,0.8920000195503235,0.598800003528595
YNL008C,YHR050W,0,-6.390285,0.12963232398033142,0.8920000195503235,0.5989000201225281
YOR241W,YDR329C,0,-6.3904257,0.1296134889125824,0.8920000195503235,0.5989999771118164
YGR074W,YBL100W-A,0,-6.391,0.12959465384483337,0.8920000195503235,0.5990999937057495
YDL188C,YCR106W,0,-6.3912086,0.12957583367824554,0.8920000195503235,0.5992000102996826
YKL160W,YEL065W,0,-6.391299,0.12955701351165771,0.8920000195503235,0.5993000268936157
YAL051W,YOR327C,0,-6.391722,0.12953819334506989,0.8920000195503235,0.599399983882904
YOL116W,YNR006W,0,-6.392181,0.12951938807964325,0.8920000195503235,0.5995000004768372
YGL071W,YPR199C,0,-6.3929977,0.1295005828142166,0.8920000195503235,0.5996000170707703
YKR082W,YBR111W-A,1,-6.3932114,0.12962694466114044,0.8930000066757202,0.5996000170707703
YAL051W,YCR083W,0,-6.3935285,0.1296081244945526,0.8930000066757202,0.5996999740600586
YBL018C,YDR392W,0,-6.3936315,0.12958931922912598,0.8930000066757202,0.5997999906539917
YNL219C,YPL154C,0,-6.393847,0.12957051396369934,0.8930000066757202,0.5999000072479248
YNL130C,YGR042W,0,-6.3942547,0.1295517235994339,0.8930000066757202,0.6000000238418579
YOR373W,YNL214W,0,-6.394889,0.12953293323516846,0.8930000066757202,0.6000999808311462
YJL170C,YDL201W,0,-6.39521,0.12951414287090302,0.8930000066757202,0.6001999974250793
YML043C,YPL020C,0,-6.3955083,0.12949535250663757,0.8930000066757202,0.6003000140190125
YPL084W,YKL014C,0,-6.395654,0.12947657704353333,0.8930000066757202,0.6003999710083008
YPL008W,YIR011C,0,-6.396101,0.12945781648159027,0.8930000066757202,0.6004999876022339
YOR330C,YOR326W,0,-6.3961673,0.12943905591964722,0.8930000066757202,0.600600004196167
YHR142W,YBR130C,0,-6.396549,0.12942029535770416,0.8930000066757202,0.6007000207901001
YDR060W,YPL031C,0,-6.396585,0.1294015347957611,0.8930000066757202,0.6007999777793884
YJL041W,YKR002W,1,-6.396815,0.12952767312526703,0.8939999938011169,0.6007999777793884
YPL092W,YJR110W,0,-6.3968244,0.12950891256332397,0.8939999938011169,0.6008999943733215
YMR255W,YGL092W,1,-6.39733,0.12963499128818512,0.8949999809265137,0.6008999943733215
YGL180W,YPL020C,0,-6.3974495,0.12961621582508087,0.8949999809265137,0.6010000109672546
YLR210W,YHR116W,0,-6.3976994,0.12959745526313782,0.8949999809265137,0.6011000275611877
YPL262W,YMR021C,0,-6.3979044,0.12957869470119476,0.8949999809265137,0.6011999845504761
YNR035C,YOL149W,0,-6.398246,0.1295599341392517,0.8949999809265137,0.6013000011444092
YHR123W,YOR003W,0,-6.399127,0.12954117357730865,0.8949999809265137,0.6014000177383423
YEL029C,YBR284W,0,-6.399521,0.1295224279165268,0.8949999809265137,0.6014999747276306
YDL200C,YJL114W,0,-6.399891,0.12950369715690613,0.8949999809265137,0.6015999913215637
YLR320W,YNL332W,0,-6.3999014,0.12948495149612427,0.8949999809265137,0.6017000079154968
YMR032W,YJL039C,0,-6.4009113,0.1294662207365036,0.8949999809265137,0.6018000245094299
YOL027C,YNL339C,0,-6.4015007,0.12944750487804413,0.8949999809265137,0.6018999814987183
YGR280C,YPL032C,0,-6.401508,0.12942877411842346,0.8949999809265137,0.6019999980926514
YGR200C,YNR064C,0,-6.401666,0.129410058259964,0.8949999809265137,0.6021000146865845
YIR005W,YMR235C,1,-6.40182,0.12953592836856842,0.8960000276565552,0.6021000146865845
YPL126W,YNL093W,0,-6.402157,0.12951719760894775,0.8960000276565552,0.6021999716758728
YER070W,YBR058C,0,-6.4022923,0.12949848175048828,0.8960000276565552,0.6022999882698059
YOR023C,YJL012C,0,-6.4031725,0.1294797658920288,0.8960000276565552,0.602400004863739
YMR200W,YDR498C,0,-6.404023,0.12946106493473053,0.8960000276565552,0.6025000214576721
YDR358W,YOR185C,0,-6.4040833,0.12944236397743225,0.8960000276565552,0.6025999784469604
YBR021W,YNL139C,1,-6.404379,0.12956809997558594,0.8970000147819519,0.6025999784469604
YDL161W,YGL063W,0,-6.404843,0.12954939901828766,0.8970000147819519,0.6026999950408936
YPL175W,YOR027W,0,-6.405038,0.12953068315982819,0.8970000147819519,0.6028000116348267
YGR006W,YFR004W,0,-6.405072,0.1295119822025299,0.8970000147819519,0.6029000282287598
YFR024C,YKL074C,0,-6.405858,0.12949328124523163,0.8970000147819519,0.6029999852180481
YPL091W,YGR272C,0,-6.4059033,0.12947459518909454,0.8970000147819519,0.6031000018119812
YDR093W,YNR064C,0,-6.407089,0.12945590913295746,0.8970000147819519,0.6032000184059143
YEL030W,YOR157C,0,-6.4073377,0.12943722307682037,0.8970000147819519,0.6032999753952026
YLL060C,YJL143W,0,-6.407548,0.12941855192184448,0.8970000147819519,0.6033999919891357
YDR461W,YDR382W,0,-6.4076247,0.1293998807668686,0.8970000147819519,0.6035000085830688
YER107C,YCR073W-A,1,-6.407883,0.12952545285224915,0.8980000019073486,0.6035000085830688
YBL079W,YBR111W-A,1,-6.4081717,0.1296509951353073,0.8989999890327454,0.6035000085830688
YBR002C,YLR448W,0,-6.408246,0.12963229417800903,0.8989999890327454,0.603600025177002
YGL158W,YDR172W,0,-6.4082484,0.12961360812187195,0.8989999890327454,0.6036999821662903
YER028C,YHR039C-B,0,-6.4085155,0.12959492206573486,0.8989999890327454,0.6037999987602234
YMR275C,YOR294W,0,-6.408523,0.12957625091075897,0.8989999890327454,0.6039000153541565
YNL082W,YKR090W,0,-6.408643,0.12955757975578308,0.8989999890327454,0.6039999723434448
YLR033W,YBL102W,0,-6.409048,0.1295389086008072,0.8989999890327454,0.6040999889373779
YGL021W,YDR494W,0,-6.409755,0.1295202374458313,0.8989999890327454,0.604200005531311
YPL234C,YLR466W,0,-6.4097686,0.1295015811920166,0.8989999890327454,0.6043000221252441
YAR033W,YPL171C,0,-6.4101973,0.1294829398393631,0.8989999890327454,0.6043999791145325
YGR097W,YNL113W,0,-6.4102573,0.1294642835855484,0.8989999890327454,0.6044999957084656
YLR391W,YHR050W,0,-6.411501,0.1294456422328949,0.8989999890327454,0.6046000123023987
YFL055W,YAL043C,0,-6.4117203,0.1294270157814026,0.8989999890327454,0.6047000288963318
YPR201W,YMR005W,0,-6.412323,0.12940837442874908,0.8989999890327454,0.6047999858856201
YGL253W,YJR059W,0,-6.412567,0.12938974797725677,0.8989999890327454,0.6049000024795532
YDR265W,YML123C,0,-6.4127345,0.12937113642692566,0.8989999890327454,0.6050000190734863
YGL051W,YPR143W,0,-6.4134884,0.12935252487659454,0.8989999890327454,0.6050999760627747
YNL042W,YOR340C,0,-6.4135227,0.12933391332626343,0.8989999890327454,0.6051999926567078
YHL038C,YER166W,0,-6.4137015,0.1293153017759323,0.8989999890327454,0.6053000092506409
YBL005W,YCL008C,0,-6.414913,0.1292967051267624,0.8989999890327454,0.605400025844574
YCL067C,YOR099W,0,-6.415107,0.12927810847759247,0.8989999890327454,0.6054999828338623
YOR210W,YHR088W,0,-6.415405,0.12925952672958374,0.8989999890327454,0.6055999994277954
YDR423C,YJL108C,0,-6.415511,0.129240944981575,0.8989999890327454,0.6057000160217285
YDL092W,YNL213C,0,-6.415884,0.12922236323356628,0.8989999890327454,0.6057999730110168
YMR068W,YER087C-A,0,-6.4160433,0.12920379638671875,0.8989999890327454,0.60589998960495
YNL270C,YNL279W,0,-6.41607,0.12918522953987122,0.8989999890327454,0.6060000061988831
YNL148C,YML099C,0,-6.416436,0.12916666269302368,0.8989999890327454,0.6061000227928162
YEL065W,YIL023C,0,-6.416832,0.12914811074733734,0.8989999890327454,0.6061999797821045
YDL165W,YKL197C,0,-6.417549,0.129129558801651,0.8989999890327454,0.6062999963760376
YDL175C,YMR273C,1,-6.4175982,0.12925462424755096,0.8999999761581421,0.6062999963760376
YJR139C,YGL213C,0,-6.4176006,0.12923607230186462,0.8999999761581421,0.6064000129699707
YJL018W,YGL227W,0,-6.417963,0.12921752035617828,0.8999999761581421,0.6065000295639038
YLR450W,YLR435W,0,-6.418267,0.12919896841049194,0.8999999761581421,0.6065999865531921
YCL040W,YHR138C,0,-6.4183435,0.1291804164648056,0.8999999761581421,0.6067000031471252
YBR276C,YFL018W-A,0,-6.4186025,0.12916187942028046,0.8999999761581421,0.6068000197410583
YBR217W,YPL085W,0,-6.419013,0.1291433423757553,0.8999999761581421,0.6068999767303467
YBL074C,YML114C,0,-6.4194813,0.12912482023239136,0.8999999761581421,0.6069999933242798
YGL168W,YOR211C,0,-6.419573,0.1291062980890274,0.8999999761581421,0.6071000099182129
YMR161W,YPL190C,0,-6.4196787,0.12908777594566345,0.8999999761581421,0.607200026512146
YOR123C,YBR103W,0,-6.4197674,0.1290692687034607,0.8999999761581421,0.6072999835014343
YMR048W,YER072W,0,-6.420395,0.12905076146125793,0.8999999761581421,0.6074000000953674
YDL243C,YDL140C,0,-6.420536,0.12903225421905518,0.8999999761581421,0.6075000166893005
YHR053C,YPL176C,0,-6.4206667,0.1290137618780136,0.8999999761581421,0.6075999736785889
YJR092W,YGL255W,0,-6.4210677,0.12899526953697205,0.8999999761581421,0.607699990272522
YKR067W,YJR090C,0,-6.421976,0.12897677719593048,0.8999999761581421,0.6078000068664551
YDR375C,YKR087C,0,-6.422625,0.1289582997560501,0.8999999761581421,0.6079000234603882
YJR006W,YMR225C,0,-6.423008,0.12893982231616974,0.8999999761581421,0.6079999804496765
YIR019C,YGR128C,0,-6.4236507,0.12892135977745056,0.8999999761581421,0.6080999970436096
YDL117W,YGL013C,0,-6.424054,0.12890289723873138,0.8999999761581421,0.6082000136375427
YPR057W,YNL027W,0,-6.424142,0.1288844347000122,0.8999999761581421,0.608299970626831
YLR293C,YOR275C,0,-6.4243,0.12886597216129303,0.8999999761581421,0.6083999872207642
YLR256W,YBR256C,0,-6.425111,0.12884752452373505,0.8999999761581421,0.6085000038146973
YMR314W,YGR094W,0,-6.425179,0.12882909178733826,0.8999999761581421,0.6086000204086304
YLL008W,YNL297C,0,-6.4252157,0.12881064414978027,0.8999999761581421,0.6086999773979187
YAR014C,YLR383W,0,-6.425439,0.12879221141338348,0.8999999761581421,0.6087999939918518
YPR023C,YOL045W,0,-6.425652,0.1287737935781479,0.8999999761581421,0.6089000105857849
YJL092W,YPR108W,0,-6.4257526,0.1287553608417511,0.8999999761581421,0.609000027179718
YGR145W,YJL183W,0,-6.426114,0.1287369430065155,0.8999999761581421,0.6090999841690063
YPL050C,YPR007C,0,-6.4263268,0.1287185400724411,0.8999999761581421,0.6092000007629395
YDR457W,YJL012C-A,0,-6.426334,0.1287001222372055,0.8999999761581421,0.6093000173568726
YOR334W,YOR008C-A,0,-6.4267774,0.1286817342042923,0.8999999761581421,0.6093999743461609
YMR119W,YGR041W,0,-6.426906,0.1286633312702179,0.8999999761581421,0.609499990940094
YDR369C,YNL213C,0,-6.4271164,0.1286449432373047,0.8999999761581421,0.6096000075340271
YGR060W,YPL153C,0,-6.427498,0.12862655520439148,0.8999999761581421,0.6097000241279602
YGL168W,YLR163C,0,-6.4280167,0.12860816717147827,0.8999999761581421,0.6097999811172485
YPL060W,YDR312W,0,-6.4280996,0.12858979403972626,0.8999999761581421,0.6098999977111816
YHR081W,YPL126W,0,-6.428365,0.12857143580913544,0.8999999761581421,0.6100000143051147
YMR275C,YEL071W,0,-6.428401,0.12855306267738342,0.8999999761581421,0.6100999712944031
YFR028C,YDR427W,0,-6.4285126,0.1285347044467926,0.8999999761581421,0.6101999878883362
YIL124W,YBR083W,0,-6.4286427,0.12851634621620178,0.8999999761581421,0.6103000044822693
YHR019C,YLL004W,0,-6.4287415,0.12849800288677216,0.8999999761581421,0.6104000210762024
YJR139C,YNL036W,0,-6.429185,0.12847965955734253,0.8999999761581421,0.6104999780654907
YDR295C,YHR086W,0,-6.429208,0.1284613162279129,0.8999999761581421,0.6105999946594238
YDR191W,YFL005W,0,-6.429228,0.12844298779964447,0.8999999761581421,0.6107000112533569
YDR363W-A,YDR523C,0,-6.4292946,0.12842465937137604,0.8999999761581421,0.61080002784729
YOL145C,YNL128W,0,-6.4300866,0.1284063309431076,0.8999999761581421,0.6108999848365784
YMR288W,YKR055W,0,-6.4301405,0.12838801741600037,0.8999999761581421,0.6110000014305115
YPL177C,YML040W,0,-6.43022,0.12836970388889313,0.8999999761581421,0.6111000180244446
YGL143C,YPL122C,0,-6.430642,0.1283513903617859,0.8999999761581421,0.6111999750137329
YDL006W,YJR044C,0,-6.4312744,0.12833309173583984,0.8999999761581421,0.611299991607666
YLR074C,YGL087C,0,-6.4315214,0.1283147931098938,0.8999999761581421,0.6114000082015991
YNL297C,YEL020W-A,0,-6.4315524,0.12829650938510895,0.8999999761581421,0.6115000247955322
YBR288C,YGL038C,0,-6.4316115,0.1282782256603241,0.8999999761581421,0.6115999817848206
YDR191W,YMR013C,0,-6.432226,0.12825994193553925,0.8999999761581421,0.6116999983787537
YLR453C,YDR523C,0,-6.4324636,0.1282416582107544,0.8999999761581421,0.6118000149726868
YBR130C,YOR069W,0,-6.4326725,0.12822338938713074,0.8999999761581421,0.6118999719619751
YNR017W,YDR394W,0,-6.4329696,0.12820513546466827,0.8999999761581421,0.6119999885559082
YDR129C,YOR313C,0,-6.4330506,0.12818686664104462,0.8999999761581421,0.6121000051498413
YLR418C,YDL109C,0,-6.4334803,0.12816861271858215,0.8999999761581421,0.6122000217437744
YJR009C,YLR010C,0,-6.433713,0.1281503587961197,0.8999999761581421,0.6122999787330627
YNL318C,YGR080W,0,-6.4338346,0.12813211977481842,0.8999999761581421,0.6123999953269958
YGR144W,YDR398W,0,-6.434498,0.12811388075351715,0.8999999761581421,0.612500011920929
YPL170W,YBL033C,0,-6.434501,0.12809564173221588,0.8999999761581421,0.6126000285148621
YBR177C,YFR029W,0,-6.434556,0.1280774176120758,0.8999999761581421,0.6126999855041504
YER014C-A,YHR079C-A,0,-6.4351897,0.12805919349193573,0.8999999761581421,0.6128000020980835
YAL024C,YJL042W,0,-6.4353037,0.12804096937179565,0.8999999761581421,0.6129000186920166
YDL140C,YIL084C,0,-6.4355974,0.12802276015281677,0.8999999761581421,0.6129999756813049
YDL088C,YOR112W,1,-6.4358635,0.12814678251743317,0.9010000228881836,0.6129999756813049
YNL166C,YOL089C,0,-6.435869,0.1281285583972931,0.9010000228881836,0.613099992275238
YIL143C,YPL087W,0,-6.4361773,0.12811033427715302,0.9010000228881836,0.6132000088691711
YDR343C,YLR347C,0,-6.4363966,0.12809212505817413,0.9010000228881836,0.6133000254631042
YGR183C,YBL034C,0,-6.4366794,0.12807391583919525,0.9010000228881836,0.6133999824523926
YJR035W,YGR272C,0,-6.4383717,0.12805570662021637,0.9010000228881836,0.6134999990463257
YLR293C,YOR287C,0,-6.4386744,0.12803751230239868,0.9010000228881836,0.6136000156402588
YDR264C,YBL016W,0,-6.4390984,0.128019317984581,0.9010000228881836,0.6136999726295471
YBL105C,YOR230W,0,-6.4392166,0.1280011385679245,0.9010000228881836,0.6137999892234802
YML116W,YCR106W,0,-6.4396353,0.127982959151268,0.9010000228881836,0.6139000058174133
YJL219W,YBR162C,0,-6.4407816,0.1279647797346115,0.9010000228881836,0.6140000224113464
YPL049C,YPL208W,0,-6.441383,0.12794660031795502,0.9010000228881836,0.6140999794006348
YDR097C,YLR442C,0,-6.443074,0.12792843580245972,0.9010000228881836,0.6141999959945679
YJR025C,YER019W,0,-6.4431877,0.12791027128696442,0.9010000228881836,0.614300012588501
YNL129W,YCL019W,0,-6.443228,0.1278921216726303,0.9010000228881836,0.6144000291824341
YOR236W,YNR064C,0,-6.443307,0.1278739720582962,0.9010000228881836,0.6144999861717224
YER154W,YOL067C,0,-6.4435396,0.1278558224439621,0.9010000228881836,0.6146000027656555
YLR060W,YBL100W-A,0,-6.4436927,0.12783768773078918,0.9010000228881836,0.6147000193595886
YFL056C,YPL084W,0,-6.443742,0.12781955301761627,0.9010000228881836,0.614799976348877
YPL161C,YDL200C,0,-6.443916,0.12780141830444336,0.9010000228881836,0.6148999929428101
YPL008W,YDR208W,0,-6.4445705,0.12778329849243164,0.9010000228881836,0.6150000095367432
YPL271W,YBL018C,0,-6.4446115,0.12776517868041992,0.9010000228881836,0.6151000261306763
YBR023C,YDR079W,0,-6.44464,0.1277470588684082,0.9010000228881836,0.6151999831199646
YPR193C,YPR112C,0,-6.444653,0.12772895395755768,0.9010000228881836,0.6152999997138977
YDR527W,YOR275C,0,-6.4446907,0.12771084904670715,0.9010000228881836,0.6154000163078308
YDR254W,YDL047W,0,-6.445133,0.12769274413585663,0.9010000228881836,0.6154999732971191
YLL013C,YPL163C,0,-6.4455824,0.1276746541261673,0.9010000228881836,0.6155999898910522
YHR043C,YOR151C,0,-6.446004,0.12765656411647797,0.9010000228881836,0.6157000064849854
YOL080C,YNL064C,0,-6.446058,0.12763847410678864,0.9010000228881836,0.6158000230789185
YMR065W,YER160C,0,-6.446149,0.1276203989982605,0.9010000228881836,0.6158999800682068
YKL009W,YLR176C,0,-6.446535,0.12760232388973236,0.9010000228881836,0.6159999966621399
YOR032C,YIL063C,0,-6.4467444,0.12758424878120422,0.9010000228881836,0.616100013256073
YPR023C,YHR120W,0,-6.446935,0.12756618857383728,0.9010000228881836,0.6161999702453613
YJR057W,YGR042W,0,-6.447095,0.12754812836647034,0.9010000228881836,0.6162999868392944
YHR193C,YPL164C,0,-6.447255,0.1275300830602646,0.9010000228881836,0.6164000034332275
YDR448W,YGL244W,0,-6.447727,0.12751202285289764,0.9010000228881836,0.6165000200271606
YOR083W,YDR369C,0,-6.4478736,0.1274939924478531,0.9010000228881836,0.616599977016449
YMR280C,YNL032W,0,-6.4483013,0.12747594714164734,0.9010000228881836,0.6166999936103821
YGR180C,YKR101W,0,-6.4483986,0.12745791673660278,0.9010000228881836,0.6168000102043152
YJL065C,YPL121C,0,-6.449706,0.12743988633155823,0.9010000228881836,0.6169000267982483
YDR069C,YGL012W,0,-6.4497414,0.12742187082767487,0.9010000228881836,0.6169999837875366
YPL078C,YLR032W,0,-6.4501166,0.1274038404226303,0.9010000228881836,0.6171000003814697
YCR082W,YCR033W,0,-6.450806,0.12738583981990814,0.9010000228881836,0.6172000169754028
YIR006C,YHR197W,0,-6.4510975,0.12736782431602478,0.9010000228881836,0.6172999739646912
YOR321W,YGR047C,0,-6.45111,0.1273498237133026,0.9010000228881836,0.6173999905586243
YGR278W,YLR214W,0,-6.4512067,0.12733182311058044,0.9010000228881836,0.6175000071525574
YBR023C,YGL098W,0,-6.4512196,0.12731383740901947,0.9010000228881836,0.6176000237464905
YJR047C,YLR206W,0,-6.4514046,0.1272958517074585,0.9010000228881836,0.6176999807357788
YNL023C,YLR266C,0,-6.4517875,0.12727786600589752,0.9010000228881836,0.6177999973297119
YBR236C,YDL007W,0,-6.4517894,0.12725988030433655,0.9010000228881836,0.617900013923645
YNL334C,YGL249W,0,-6.452625,0.12724190950393677,0.9010000228881836,0.6179999709129333
YDR400W,YHR196W,0,-6.4528975,0.12722395360469818,0.9010000228881836,0.6180999875068665
YFR027W,YMR281W,0,-6.4530916,0.1272059828042984,0.9010000228881836,0.6182000041007996
YPR005C,YCR058C,0,-6.4532914,0.12718802690505981,0.9010000228881836,0.6183000206947327
YLR433C,YGR046W,0,-6.4534674,0.12717007100582123,0.9010000228881836,0.618399977684021
YNR067C,YCL059C,0,-6.4535246,0.12715213000774384,0.9010000228881836,0.6184999942779541
YGR284C,YNL102W,0,-6.45353,0.12713418900966644,0.9010000228881836,0.6186000108718872
YOL008W,YPL131W,0,-6.4538136,0.12711624801158905,0.9010000228881836,0.6187000274658203
YDL090C,YOL093W,0,-6.453972,0.12709832191467285,0.9010000228881836,0.6187999844551086
YLL038C,YLR025W,0,-6.4544,0.12708039581775665,0.9010000228881836,0.6189000010490417
YKL172W,YML043C,0,-6.4546356,0.12706246972084045,0.9010000228881836,0.6190000176429749
YDL024C,YMR281W,0,-6.45527,0.12704455852508545,0.9010000228881836,0.6190999746322632
YKL149C,YER161C,0,-6.455294,0.12702664732933044,0.9010000228881836,0.6191999912261963
YKL055C,YPL192C,0,-6.455677,0.12700873613357544,0.9010000228881836,0.6193000078201294
YKL056C,YDR495C,0,-6.4559216,0.12699083983898163,0.9010000228881836,0.6194000244140625
YJL021C,YPR009W,0,-6.456176,0.12697294354438782,0.9010000228881836,0.6194999814033508
YOL008W,YOR272W,0,-6.456469,0.126955047249794,0.9010000228881836,0.6195999979972839
YCR089W,YDR331W,0,-6.456586,0.1269371658563614,0.9010000228881836,0.619700014591217
YMR001C,YOL010W,0,-6.4567976,0.12691928446292877,0.9010000228881836,0.6197999715805054
YDR184C,YLR216C,0,-6.4568176,0.12690140306949615,0.9010000228881836,0.6198999881744385
YER154W,YDR126W,0,-6.457073,0.12688353657722473,0.9010000228881836,0.6200000047683716
YJL071W,YKR026C,0,-6.457103,0.1268656700849533,0.9010000228881836,0.6201000213623047
YML116W,YBR183W,0,-6.457561,0.12684780359268188,0.9010000228881836,0.620199978351593
YDR375C,YGR133W,0,-6.4580145,0.12682995200157166,0.9010000228881836,0.6202999949455261
YGL191W,YPR183W,0,-6.4585495,0.12681210041046143,0.9010000228881836,0.6204000115394592
YPL120W,YIL077C,0,-6.459259,0.1267942637205124,0.9010000228881836,0.6205000281333923
YDL243C,YDR494W,0,-6.45951,0.12677641212940216,0.9010000228881836,0.6205999851226807
YBL047C,YOL067C,0,-6.459819,0.12675857543945312,0.9010000228881836,0.6207000017166138
YOR094W,YOR250C,0,-6.461378,0.12674075365066528,0.9010000228881836,0.6208000183105469
YFR029W,YPL042C,0,-6.4614916,0.12672293186187744,0.9010000228881836,0.6208999752998352
YNR056C,YJR112W,0,-6.461892,0.1267051100730896,0.9010000228881836,0.6209999918937683
YGL115W,YLR337W,0,-6.461997,0.12668728828430176,0.9010000228881836,0.6211000084877014
YDL029W,YDR295C,0,-6.4621315,0.1266694813966751,0.9010000228881836,0.6212000250816345
YJL042W,YOR027W,0,-6.4622936,0.12665167450904846,0.9010000228881836,0.6212999820709229
YBR155W,YIL031W,0,-6.462557,0.12663386762142181,0.9010000228881836,0.621399998664856
YJL029C,YPL283C,0,-6.462612,0.12661607563495636,0.9010000228881836,0.6215000152587891
YAL025C,YKL197C,0,-6.46276,0.1265982836484909,0.9010000228881836,0.6215999722480774
YHR204W,YEL060C,0,-6.4627705,0.12658050656318665,0.9010000228881836,0.6216999888420105
YNL133C,YFR024C,0,-6.4630575,0.1265627145767212,0.9010000228881836,0.6218000054359436
YGR118W,YLR126C,0,-6.463106,0.12654493749141693,0.9010000228881836,0.6219000220298767
YIL066C,YOR341W,0,-6.4636383,0.12652717530727386,0.9010000228881836,0.621999979019165
YDR448W,YDR096W,0,-6.4636555,0.1265094131231308,0.9010000228881836,0.6220999956130981
YBR039W,YMR065W,0,-6.463764,0.12649165093898773,0.9010000228881836,0.6222000122070312
YDR254W,YDR123C,0,-6.464402,0.12647388875484467,0.9010000228881836,0.6223000288009644
YPL084W,YLR106C,0,-6.4651456,0.1264561414718628,0.9010000228881836,0.6223999857902527
YML112W,YCR040W,0,-6.465453,0.12643839418888092,0.9010000228881836,0.6225000023841858
YMR143W,YDR464W,0,-6.4664392,0.12642064690589905,0.9010000228881836,0.6226000189781189
YMR072W,YIL048W,0,-6.4667706,0.12640291452407837,0.9010000228881836,0.6226999759674072
YML107C,YMR273C,1,-6.4668016,0.12652546167373657,0.9020000100135803,0.6226999759674072
YER056C,YMR308C,1,-6.4668407,0.1266479641199112,0.902999997138977,0.6226999759674072
YGL033W,YER129W,0,-6.467303,0.12663020193576813,0.902999997138977,0.6227999925613403
YHR027C,YGL098W,0,-6.467904,0.12661245465278625,0.902999997138977,0.6229000091552734
YOR099W,YHR058C,0,-6.467905,0.12659470736980438,0.902999997138977,0.6230000257492065
YJR140C,YGL045W,0,-6.468015,0.1265769600868225,0.902999997138977,0.6230999827384949
YJR119C,YPR162C,0,-6.4683433,0.12655921280384064,0.902999997138977,0.623199999332428
YML062C,YCR073W-A,1,-6.4686136,0.1266816109418869,0.9039999842643738,0.623199999332428
YNL075W,YPL041C,0,-6.4687877,0.12666386365890503,0.9039999842643738,0.6233000159263611
YHR116W,YPL232W,0,-6.4691553,0.12664611637592316,0.9039999842643738,0.6233999729156494
YKL019W,YML040W,0,-6.469322,0.12662838399410248,0.9039999842643738,0.6234999895095825
YKR095W,YBL030C,1,-6.4697895,0.12675070762634277,0.9049999713897705,0.6234999895095825
YNL007C,YDR457W,0,-6.4704256,0.1267329454421997,0.9049999713897705,0.6236000061035156
YNR035C,YDL059C,0,-6.470774,0.12671521306037903,0.9049999713897705,0.6237000226974487
YGL092W,YBR111W-A,1,-6.4710584,0.12683746218681335,0.906000018119812,0.6237000226974487
YFR021W,YLR176C,0,-6.4715376,0.12681971490383148,0.906000018119812,0.6237999796867371
YBR288C,YPR124W,0,-6.472704,0.12680195271968842,0.906000018119812,0.6238999962806702
YOR340C,YKR031C,0,-6.472916,0.12678422033786774,0.906000018119812,0.6240000128746033
YDR225W,YMR190C,0,-6.473134,0.12676647305488586,0.906000018119812,0.6241000294685364
YLR254C,YJL176C,0,-6.473241,0.12674874067306519,0.906000018119812,0.6241999864578247
YER119C,YGR178C,0,-6.4734263,0.1267310082912445,0.906000018119812,0.6243000030517578
YHR091C,YBL093C,0,-6.4735575,0.12671329081058502,0.906000018119812,0.6244000196456909
YNL042W,YOR162C,0,-6.4741106,0.12669557332992554,0.906000018119812,0.6244999766349792
YOR046C,YBR021W,1,-6.474266,0.12681767344474792,0.9070000052452087,0.6244999766349792
YGR252W,YDR247W,0,-6.4744616,0.12679994106292725,0.9070000052452087,0.6245999932289124
YHR079C,YDR293C,0,-6.474714,0.12678222358226776,0.9070000052452087,0.6247000098228455
YBR059C,YOR003W,0,-6.474902,0.12676450610160828,0.9070000052452087,0.6248000264167786
YDR363W-A,YKL070W,0,-6.4752693,0.1267467886209488,0.9070000052452087,0.6248999834060669
YGR225W,YLR035C,0,-6.4756827,0.1267290711402893,0.9070000052452087,0.625
YOR074C,YAR002C-A,0,-6.475746,0.12671136856079102,0.9070000052452087,0.6251000165939331
YLR052W,YMR293C,0,-6.475903,0.12669366598129272,0.9070000052452087,0.6251999735832214
YDR004W,YOR327C,0,-6.475967,0.12667597830295563,0.9070000052452087,0.6252999901771545
YDR488C,YBR228W,0,-6.4760947,0.12665829062461853,0.9070000052452087,0.6254000067710876
YOL164W,YML043C,0,-6.4764605,0.12664060294628143,0.9070000052452087,0.6255000233650208
YDR106W,YML040W,0,-6.4767857,0.12662293016910553,0.9070000052452087,0.6255999803543091
YOR244W,YKL119C,0,-6.4770627,0.12660524249076843,0.9070000052452087,0.6256999969482422
YNL201C,YDR330W,0,-6.4771996,0.12658758461475372,0.9070000052452087,0.6258000135421753
YCR073W-A,YMR273C,1,-6.4774704,0.1267094612121582,0.9079999923706055,0.6258000135421753
YLR090W,YBL100W-A,0,-6.477519,0.1266917884349823,0.9079999923706055,0.6258999705314636
YGL247W,YGL097W,1,-6.4776983,0.1268136203289032,0.9089999794960022,0.6258999705314636
YLR377C,YBL016W,0,-6.477861,0.1267959326505661,0.9089999794960022,0.6259999871253967
YML113W,YDR495C,0,-6.4779963,0.126778244972229,0.9089999794960022,0.6261000037193298
YJL170C,YHR086W,0,-6.4786625,0.1267605572938919,0.9089999794960022,0.6262000203132629
YFL055W,YOR074C,0,-6.4790583,0.126742884516716,0.9089999794960022,0.6262999773025513
YNR032C-A,YCL008C,0,-6.480632,0.1267252266407013,0.9089999794960022,0.6263999938964844
YOL009C,YDL039C,0,-6.4811087,0.1267075538635254,0.9089999794960022,0.6265000104904175
YDR279W,YML028W,0,-6.481201,0.12668989598751068,0.9089999794960022,0.6266000270843506
YPR186C,YOL122C,0,-6.481802,0.12667223811149597,0.9089999794960022,0.6266999840736389
YHR015W,YBR111W-A,1,-6.482403,0.12679392099380493,0.9100000262260437,0.6266999840736389
YML102W,YLR451W,0,-6.48242,0.12677626311779022,0.9100000262260437,0.626800000667572
YGR041W,YCR067C,0,-6.482486,0.1267586052417755,0.9100000262260437,0.6269000172615051
YKR099W,YJR086W,0,-6.483037,0.1267409473657608,0.9100000262260437,0.6269999742507935
YOR113W,YPL106C,0,-6.4834933,0.1267233043909073,0.9100000262260437,0.6270999908447266
YOR208W,YDL244W,0,-6.483533,0.12670564651489258,0.9100000262260437,0.6272000074386597
YLR442C,YDR207C,0,-6.483556,0.12668801844120026,0.9100000262260437,0.6273000240325928
YNR056C,YML059C,0,-6.4835825,0.12667037546634674,0.9100000262260437,0.6273999810218811
YOR020C,YNL045W,0,-6.484606,0.12665274739265442,0.9100000262260437,0.6274999976158142
YJL062W,YOL042W,0,-6.4849544,0.1266351193189621,0.9100000262260437,0.6276000142097473
YPR201W,YDL030W,0,-6.4854116,0.12661750614643097,0.9100000262260437,0.6276999711990356
YDR129C,YHR060W,0,-6.485458,0.12659989297389984,0.9100000262260437,0.6277999877929688
YPL125W,YMR165C,0,-6.4855275,0.1265822798013687,0.9100000262260437,0.6279000043869019
YFL009W,YLR210W,0,-6.4857144,0.12656466662883759,0.9100000262260437,0.628000020980835
YDL143W,YAL068C,0,-6.4857845,0.12654706835746765,0.9100000262260437,0.6280999779701233
YDR009W,YJR120W,0,-6.485806,0.12652947008609772,0.9100000262260437,0.6281999945640564
YGR200C,YBR196C,0,-6.4862366,0.12651188671588898,0.9100000262260437,0.6283000111579895
YML042W,YJL099W,0,-6.48726,0.12649430334568024,0.9100000262260437,0.6284000277519226
YDR106W,YBL102W,0,-6.4872813,0.1264767199754715,0.9100000262260437,0.6284999847412109
YJR126C,YOR129C,0,-6.487352,0.12645913660526276,0.9100000262260437,0.628600001335144
YHR158C,YDL147W,0,-6.487685,0.1264415681362152,0.9100000262260437,0.6287000179290771
YMR188C,YMR293C,0,-6.4878516,0.12642399966716766,0.9100000262260437,0.6287999749183655
YKL054C,YKL129C,0,-6.4881964,0.1264064460992813,0.9100000262260437,0.6288999915122986
YLR342W,YDR244W,0,-6.488632,0.12638889253139496,0.9100000262260437,0.6290000081062317
YLR081W,YGL011C,0,-6.4889736,0.1263713389635086,0.9100000262260437,0.6291000247001648
YBL026W,YGL095C,0,-6.489026,0.12635378539562225,0.9100000262260437,0.6291999816894531
YDL213C,YCR106W,0,-6.489498,0.1263362467288971,0.9100000262260437,0.6292999982833862
YKR048C,YGR213C,0,-6.4899874,0.12631870806217194,0.9100000262260437,0.6294000148773193
YLL041C,YER180C-A,0,-6.4901166,0.12630118429660797,0.9100000262260437,0.6294999718666077
YBL042C,YBR111W-A,1,-6.4901676,0.12642242014408112,0.9110000133514404,0.6294999718666077
YER017C,YHR164C,0,-6.492339,0.12640488147735596,0.9110000133514404,0.6295999884605408
YNL279W,YKL015W,0,-6.4933615,0.1263873428106308,0.9110000133514404,0.6297000050544739
YPL217C,YNL142W,0,-6.4933777,0.12636981904506683,0.9110000133514404,0.629800021648407
YGL012W,YER173W,0,-6.4935284,0.12635229527950287,0.9110000133514404,0.6298999786376953
YPR113W,YGR070W,0,-6.4940557,0.1263347715139389,0.9110000133514404,0.6299999952316284
YOR023C,YLR259C,0,-6.4940915,0.12631724774837494,0.9110000133514404,0.6301000118255615
YDR231C,YOR253W,0,-6.4940944,0.12629973888397217,0.9110000133514404,0.6302000284194946
YGL244W,YDR065W,0,-6.494645,0.1262822300195694,0.9110000133514404,0.630299985408783
YDR214W,YBL017C,0,-6.4951577,0.12626472115516663,0.9110000133514404,0.6304000020027161
YBR004C,YKR052C,0,-6.4955997,0.12624722719192505,0.9110000133514404,0.6305000185966492
YML092C,YDL229W,0,-6.4957647,0.12622973322868347,0.9110000133514404,0.6305999755859375
YMR025W,YBL102W,0,-6.4966464,0.1262122541666031,0.9110000133514404,0.6306999921798706
YJR069C,YDR255C,0,-6.4969025,0.1261947602033615,0.9110000133514404,0.6308000087738037
YOR023C,YER036C,0,-6.4971995,0.12617728114128113,0.9110000133514404,0.6309000253677368
YOR080W,YGL025C,0,-6.4982357,0.12615981698036194,0.9110000133514404,0.6309999823570251
YPL042C,YML040W,0,-6.498257,0.12614233791828156,0.9110000133514404,0.6310999989509583
YER012W,YCL005W-A,0,-6.498335,0.12612487375736237,0.9110000133514404,0.6312000155448914
YKL017C,YDR058C,0,-6.4985304,0.12610742449760437,0.9110000133514404,0.6312999725341797
YLR201C,YKL070W,0,-6.4985676,0.12608996033668518,0.9110000133514404,0.6313999891281128
YKL200C,YDR412W,0,-6.4991007,0.12607251107692719,0.9110000133514404,0.6315000057220459
YER052C,YKR097W,0,-6.4992647,0.12605507671833038,0.9110000133514404,0.631600022315979
YNL039W,YJL002C,0,-6.499352,0.1260376274585724,0.9110000133514404,0.6316999793052673
YKR082W,YMR273C,1,-6.499669,0.12615853548049927,0.9120000004768372,0.6316999793052673
YDR073W,YOR270C,0,-6.499775,0.12614108622074127,0.9120000004768372,0.6317999958992004
YMR138W,YDL247W,0,-6.5009475,0.12612363696098328,0.9120000004768372,0.6319000124931335
YNL003C,YPL212C,0,-6.5009575,0.12610618770122528,0.9120000004768372,0.6320000290870667
YFL056C,YLR130C,0,-6.5016465,0.12608875334262848,0.9120000004768372,0.632099986076355
YGL033W,YOL011W,0,-6.5017104,0.12607133388519287,0.9120000004768372,0.6322000026702881
YJR031C,YDL078C,0,-6.5019445,0.12605389952659607,0.9120000004768372,0.6323000192642212
YLR268W,YDL195W,0,-6.5023217,0.12603648006916046,0.9120000004768372,0.6323999762535095
YLR291C,YJR070C,0,-6.5029564,0.12601907551288605,0.9120000004768372,0.6324999928474426
YKL001C,YKR087C,0,-6.503012,0.12600165605545044,0.9120000004768372,0.6326000094413757
YGL238W,YMR322C,0,-6.503043,0.12598425149917603,0.9120000004768372,0.6327000260353088
YER014C-A,YDR231C,0,-6.5033665,0.1259668469429016,0.9120000004768372,0.6327999830245972
YGR047C,YOL129W,0,-6.503894,0.1259494572877884,0.9120000004768372,0.6328999996185303
YDL008W,YPL069C,0,-6.50395,0.12593206763267517,0.9120000004768372,0.6330000162124634
YJL060W,YBR245C,0,-6.5040274,0.12591467797756195,0.9120000004768372,0.6330999732017517
YML065W,YDL059C,0,-6.5042257,0.12589728832244873,0.9120000004768372,0.6331999897956848
YDR323C,YKL130C,0,-6.5045085,0.1258799135684967,0.9120000004768372,0.6333000063896179
YOR185C,YBR105C,0,-6.50472,0.12586253881454468,0.9120000004768372,0.633400022983551
YBR085W,YMR231W,0,-6.505313,0.12584517896175385,0.9120000004768372,0.6334999799728394
YKL195W,YBR084W,0,-6.505713,0.125827819108963,0.9120000004768372,0.6335999965667725
YDR414C,YNL283C,0,-6.506406,0.12581045925617218,0.9120000004768372,0.6337000131607056
YGR147C,YDR389W,0,-6.5064273,0.12579309940338135,0.9120000004768372,0.6338000297546387
YHR086W,YCL008C,0,-6.5065,0.1257757544517517,0.9120000004768372,0.633899986743927
YLR016C,YMR273C,1,-6.506668,0.12589630484580994,0.9129999876022339,0.633899986743927
YPL060W,YOR089C,0,-6.5075984,0.1258789449930191,0.9129999876022339,0.6340000033378601
YOR307C,YNR006W,0,-6.5082617,0.12586160004138947,0.9129999876022339,0.6341000199317932
YPL188W,YHR106W,0,-6.5088243,0.12584424018859863,0.9129999876022339,0.6341999769210815
YJR140C,YDL188C,0,-6.5090656,0.125826895236969,0.9129999876022339,0.6342999935150146
YPR104C,YBL013W,0,-6.5091147,0.12580956518650055,0.9129999876022339,0.6344000101089478
YKR061W,YBR092C,0,-6.509296,0.1257922351360321,0.9129999876022339,0.6345000267028809
YOR267C,YPR054W,0,-6.5095778,0.12577490508556366,0.9129999876022339,0.6345999836921692
YMR255W,YMR235C,1,-6.509774,0.12589532136917114,0.9139999747276306,0.6345999836921692
YDR244W,YLR272C,0,-6.509848,0.1258779764175415,0.9139999747276306,0.6347000002861023
YMR165C,YPR143W,0,-6.510268,0.12586064636707306,0.9139999747276306,0.6348000168800354
YER083C,YOR110W,0,-6.511014,0.12584331631660461,0.9139999747276306,0.6348999738693237
YDL148C,YHR066W,0,-6.51122,0.12582598626613617,0.9139999747276306,0.6349999904632568
YDR130C,YGR220C,0,-6.5121117,0.12580867111682892,0.9139999747276306,0.6351000070571899
YMR255W,YDR192C,1,-6.5124254,0.12592898309230804,0.9150000214576721,0.6351000070571899
YBR040W,YGL227W,0,-6.5125422,0.1259116530418396,0.9150000214576721,0.635200023651123
YEL063C,YPR162C,0,-6.5133114,0.12589433789253235,0.9150000214576721,0.6352999806404114
YOR126C,YPR031W,0,-6.5133214,0.1258770078420639,0.9150000214576721,0.6353999972343445
YIL034C,YDL043C,0,-6.5133247,0.12585969269275665,0.9150000214576721,0.6355000138282776
YDR470C,YLR132C,0,-6.5133266,0.1258423924446106,0.9150000214576721,0.6355999708175659
YCR075C,YDR279W,0,-6.5143766,0.12582507729530334,0.9150000214576721,0.635699987411499
YIR005W,YKR002W,1,-6.5146484,0.12594527006149292,0.9160000085830688,0.635699987411499
YDL065C,YCR055C,0,-6.5154524,0.12592796981334686,0.9160000085830688,0.6358000040054321
YGL190C,YCR031C,0,-6.5155144,0.1259106546640396,0.9160000085830688,0.6359000205993652
YDR096W,YBR009C,0,-6.515845,0.12589335441589355,0.9160000085830688,0.6359999775886536
YOR267C,YOR211C,0,-6.5162,0.1258760541677475,0.9160000085830688,0.6360999941825867
YNR003C,YMR156C,0,-6.516245,0.12585875391960144,0.9160000085830688,0.6362000107765198
YLR320W,YLR378C,0,-6.5164146,0.12584146857261658,0.9160000085830688,0.6363000273704529
YER065C,YBL005W,0,-6.516566,0.1258241832256317,0.9160000085830688,0.6363999843597412
YPL006W,YBR253W,0,-6.5173373,0.12580689787864685,0.9160000085830688,0.6365000009536743
YDR389W,YMR013C,0,-6.5175724,0.125789612531662,0.9160000085830688,0.6366000175476074
YPL265W,YLR249W,0,-6.517678,0.12577234208583832,0.9160000085830688,0.6366999745368958
YMR287C,YDL065C,0,-6.5177455,0.12575508654117584,0.9160000085830688,0.6367999911308289
YPR182W,YAR010C,0,-6.5182643,0.12573781609535217,0.9160000085830688,0.636900007724762
YNL318C,YNL267W,0,-6.518895,0.1257205605506897,0.9160000085830688,0.6370000243186951
YLR354C,YLR126C,0,-6.5189385,0.12570330500602722,0.9160000085830688,0.6370999813079834
YPL153C,YGL066W,0,-6.5191245,0.12568606436252594,0.9160000085830688,0.6371999979019165
YFL055W,YHR170W,0,-6.5193396,0.12566880881786346,0.9160000085830688,0.6373000144958496
YGL038C,YPR088C,0,-6.5198298,0.12565158307552338,0.9160000085830688,0.6373999714851379
YER070W,YNL128W,0,-6.5199986,0.1256343424320221,0.9160000085830688,0.637499988079071
YOL156W,YOR060C,0,-6.5204296,0.125617116689682,0.9160000085830688,0.6376000046730042
YOL156W,YBR298C,0,-6.5211263,0.12559989094734192,0.9160000085830688,0.6377000212669373
YKL016C,YHR062C,0,-6.521688,0.12558266520500183,0.9160000085830688,0.6377999782562256
YGL027C,YBR090C-A,0,-6.5217075,0.12556545436382294,0.9160000085830688,0.6378999948501587
YJR144W,YFR052W,0,-6.522315,0.12554824352264404,0.9160000085830688,0.6380000114440918
YIR033W,YKL130C,0,-6.523341,0.12553104758262634,0.9160000085830688,0.6381000280380249
YCR031C,YOR287C,0,-6.5239973,0.12551383674144745,0.9160000085830688,0.6381999850273132
YKL191W,YMR165C,0,-6.5252795,0.12549664080142975,0.9160000085830688,0.6383000016212463
YNL006W,YOL102C,0,-6.5254817,0.12547944486141205,0.9160000085830688,0.6384000182151794
YPL156C,YOR049C,0,-6.5255055,0.12546226382255554,0.9160000085830688,0.6384999752044678
YBR110W,YPL060W,0,-6.525903,0.12544508278369904,0.9160000085830688,0.6385999917984009
YDR512C,YOR103C,0,-6.5267506,0.12542790174484253,0.9160000085830688,0.638700008392334
YGL247W,YDL084W,1,-6.5267572,0.1255476474761963,0.9169999957084656,0.638700008392334
YKR025W,YJR120W,0,-6.5275617,0.1255304515361786,0.9169999957084656,0.6388000249862671
YBR210W,YGL183C,0,-6.5278306,0.12551327049732208,0.9169999957084656,0.6388999819755554
YDR054C,YNL164C,0,-6.528559,0.12549610435962677,0.9169999957084656,0.6389999985694885
YBR286W,YPR019W,0,-6.5285754,0.12547892332077026,0.9169999957084656,0.6391000151634216
YOL077W-A,YDR073W,0,-6.528723,0.12546175718307495,0.9169999957084656,0.63919997215271
YHR133C,YPL253C,0,-6.5289135,0.12544459104537964,0.9169999957084656,0.6392999887466431
YAL056W,YNL328C,0,-6.529704,0.12542743980884552,0.9169999957084656,0.6394000053405762
YGL256W,YPL254W,0,-6.5300455,0.1254102885723114,0.9169999957084656,0.6395000219345093
YDL059C,YDR334W,0,-6.5303392,0.12539313733577728,0.9169999957084656,0.6395999789237976
YMR288W,YAR031W,0,-6.5307727,0.12537598609924316,0.9169999957084656,0.6396999955177307
YLR095C,YDR394W,0,-6.530872,0.12535884976387024,0.9169999957084656,0.6398000121116638
YKR095W,YCR073W-A,1,-6.5310183,0.12547840178012848,0.9179999828338623,0.6398000121116638
YJR006W,YOL002C,0,-6.5310216,0.12546125054359436,0.9179999828338623,0.6399000287055969
YOL156W,YMR200W,0,-6.5311527,0.12544411420822144,0.9179999828338623,0.6399999856948853
YJL042W,YBR097W,0,-6.53142,0.1254269778728485,0.9179999828338623,0.6401000022888184
YDR503C,YCR081W,0,-6.5320663,0.12540984153747559,0.9179999828338623,0.6402000188827515
YER062C,YCR012W,0,-6.5320826,0.12539270520210266,0.9179999828338623,0.6402999758720398
YDL174C,YOR008C-A,0,-6.532386,0.12537558376789093,0.9179999828338623,0.6403999924659729
YPL008W,YNL309W,0,-6.5325727,0.1253584623336792,0.9179999828338623,0.640500009059906
YMR081C,YLR264W,0,-6.532647,0.12534134089946747,0.9179999828338623,0.6406000256538391
YOR253W,YPL120W,0,-6.532957,0.12532423436641693,0.9179999828338623,0.6406999826431274
YCR010C,YDL101C,0,-6.5330315,0.1253071278333664,0.9179999828338623,0.6407999992370605
YOR136W,YHR081W,0,-6.533432,0.12529002130031586,0.9179999828338623,0.6409000158309937
YOR112W,YLR016C,1,-6.533458,0.12540939450263977,0.9190000295639038,0.6409000158309937
YPL120W,YLR466W,0,-6.533791,0.12539227306842804,0.9190000295639038,0.640999972820282
YNL281W,YDR342C,0,-6.5338993,0.1253751665353775,0.9190000295639038,0.6410999894142151
YJL102W,YGR156W,0,-6.5339384,0.12535807490348816,0.9190000295639038,0.6412000060081482
YGL001C,YBR060C,0,-6.5339546,0.12534096837043762,0.9190000295639038,0.6413000226020813
YGL029W,YCR020W-B,0,-6.53442,0.12532387673854828,0.9190000295639038,0.6413999795913696
YKL013C,YLL060C,0,-6.5345907,0.12530678510665894,0.9190000295639038,0.6414999961853027
YLR109W,YIL126W,0,-6.53496,0.1252897083759308,0.9190000295639038,0.6416000127792358
YPL209C,YKR072C,0,-6.5349746,0.12527263164520264,0.9190000295639038,0.641700029373169
YLR044C,YDR195W,0,-6.534995,0.1252555549144745,0.9190000295639038,0.6417999863624573
YDL147W,YER093C,0,-6.5352287,0.12523847818374634,0.9190000295639038,0.6419000029563904
YCR002C,YLR193C,0,-6.535698,0.12522141635417938,0.9190000295639038,0.6420000195503235
YIL122W,YPL234C,0,-6.536104,0.12520435452461243,0.9190000295639038,0.6420999765396118
YLR295C,YCR026C,0,-6.5362835,0.12518730759620667,0.9190000295639038,0.6421999931335449
YLR398C,YLR424W,0,-6.5363264,0.1251702606678009,0.9190000295639038,0.642300009727478
YGL035C,YMR104C,0,-6.5365314,0.12515321373939514,0.9190000295639038,0.6424000263214111
YNL173C,YIL120W,0,-6.5366673,0.12513616681098938,0.9190000295639038,0.6424999833106995
YLR382C,YHR099W,0,-6.5368876,0.1251191347837448,0.9190000295639038,0.6425999999046326
YDL220C,YCR084C,0,-6.53786,0.12510210275650024,0.9190000295639038,0.6427000164985657
YLR134W,YPR078C,0,-6.538425,0.12508507072925568,0.9190000295639038,0.642799973487854
YMR298W,YNL291C,0,-6.5385613,0.1250680387020111,0.9190000295639038,0.6428999900817871
YLR429W,YOL017W,0,-6.5387545,0.12505102157592773,0.9190000295639038,0.6430000066757202
YCR010C,YNL281W,0,-6.538814,0.12503401935100555,0.9190000295639038,0.6431000232696533
YPR008W,YCL005W-A,0,-6.5390654,0.12501700222492218,0.9190000295639038,0.6431999802589417
YOR157C,YKL193C,0,-6.53916,0.125,0.9190000295639038,0.6432999968528748
YDR309C,YLR223C,0,-6.5396194,0.12498299777507782,0.9190000295639038,0.6434000134468079
YLR318W,YOR171C,0,-6.539896,0.12496600300073624,0.9190000295639038,0.6434999704360962
YLR114C,YHL002W,0,-6.539903,0.12494901567697525,0.9190000295639038,0.6435999870300293
YHR176W,YGR267C,0,-6.539941,0.12493202835321426,0.9190000295639038,0.6437000036239624
YMR275C,YIR017C,0,-6.5400243,0.12491504848003387,0.9190000295639038,0.6438000202178955
YDR423C,YDR238C,0,-6.5403433,0.12489806860685349,0.9190000295639038,0.6438999772071838
YKR031C,YDR545W,0,-6.541395,0.12488109618425369,0.9190000295639038,0.6439999938011169
YOL115W,YEL057C,0,-6.5416803,0.1248641312122345,0.9190000295639038,0.64410001039505
YGR267C,YKR053C,0,-6.541733,0.1248471662402153,0.9190000295639038,0.6442000269889832
YGR166W,YMR022W,0,-6.541812,0.1248302087187767,0.9190000295639038,0.6442999839782715
YER112W,YGR144W,0,-6.5420313,0.1248132586479187,0.9190000295639038,0.6444000005722046
YOL045W,YLR340W,0,-6.5424175,0.1247963085770607,0.9190000295639038,0.6445000171661377
YJR070C,YLR362W,0,-6.542424,0.1247793585062027,0.9190000295639038,0.644599974155426
YNL036W,YLR272C,0,-6.5425315,0.12476242333650589,0.9190000295639038,0.6446999907493591
YNL127W,YDL245C,0,-6.5426598,0.12474548816680908,0.9190000295639038,0.6448000073432922
YHR005C,YGL039W,0,-6.5431437,0.12472855299711227,0.9190000295639038,0.6449000239372253
YGR003W,YER065C,0,-6.5433874,0.12471163272857666,0.9190000295639038,0.6449999809265137
YDR039C,YNL014W,0,-6.543565,0.12469470500946045,0.9190000295639038,0.6450999975204468
YBR029C,YDR018C,0,-6.544441,0.12467779219150543,0.9190000295639038,0.6452000141143799
YHR055C,YNL328C,0,-6.5456023,0.12466087937355042,0.9190000295639038,0.6452999711036682
YHR055C,YJL184W,0,-6.5462065,0.124643974006176,0.9190000295639038,0.6453999876976013
YDR389W,YMR060C,0,-6.5471935,0.12462706863880157,0.9190000295639038,0.6455000042915344
YGR059W,YDR463W,0,-6.5472937,0.12461017072200775,0.9190000295639038,0.6456000208854675
YER174C,YOL067C,0,-6.547406,0.12459327280521393,0.9190000295639038,0.6456999778747559
YPL267W,YKL007W,0,-6.54769,0.1245763897895813,0.9190000295639038,0.645799994468689
YDR318W,YER180C-A,0,-6.547738,0.12455949932336807,0.9190000295639038,0.6459000110626221
YDR098C,YCR040W,0,-6.548066,0.12454262375831604,0.9190000295639038,0.6460000276565552
YIL065C,YGL167C,0,-6.5482883,0.12452574819326401,0.9190000295639038,0.6460999846458435
YKL055C,YKL043W,0,-6.5485277,0.12450887262821198,0.9190000295639038,0.6462000012397766
YKL152C,YDR310C,0,-6.5486374,0.12449200451374054,0.9190000295639038,0.6463000178337097
YML042W,YDL055C,0,-6.5486374,0.1244751438498497,0.9190000295639038,0.646399974822998
YLL042C,YLR095C,0,-6.54902,0.12445829063653946,0.9190000295639038,0.6464999914169312
YMR068W,YNL279W,0,-6.549318,0.12444143742322922,0.9190000295639038,0.6466000080108643
YBR201W,YPL276W,0,-6.5494323,0.12442458420991898,0.9190000295639038,0.6467000246047974
YMR011W,YNR011C,0,-6.5497966,0.12440774589776993,0.9190000295639038,0.6467999815940857
YLR155C,YER166W,0,-6.5506196,0.12439090758562088,0.9190000295639038,0.6468999981880188
YKL139W,YHR214C-B,0,-6.5511036,0.12437406927347183,0.9190000295639038,0.6470000147819519
YCR002C,YJL099W,0,-6.551158,0.12435723841190338,0.9190000295639038,0.6470999717712402
YJL209W,YDL174C,0,-6.5513935,0.12434041500091553,0.9190000295639038,0.6471999883651733
YPL058C,YPL032C,0,-6.551621,0.12432359158992767,0.9190000295639038,0.6473000049591064
YOR026W,YNL206C,0,-6.5531826,0.12430677562952042,0.9190000295639038,0.6474000215530396
YOR348C,YDR460W,0,-6.5533953,0.12428996711969376,0.9190000295639038,0.6474999785423279
YPR193C,YGR249W,0,-6.553416,0.1242731586098671,0.9190000295639038,0.647599995136261
YIR021W,YDR281C,0,-6.5543375,0.12425635755062103,0.9190000295639038,0.6477000117301941
YBL098W,YJL003W,0,-6.5544615,0.12423955649137497,0.9190000295639038,0.6478000283241272
YLR154C,YIL105C,0,-6.5547624,0.1242227628827095,0.9190000295639038,0.6478999853134155
YMR238W,YGL033W,0,-6.5547876,0.12420597672462463,0.9190000295639038,0.6480000019073486
YLR377C,YMR125W,0,-6.5553646,0.12418919056653976,0.9190000295639038,0.6481000185012817
YML071C,YGL205W,0,-6.5555763,0.12417241185903549,0.9190000295639038,0.6481999754905701
YLR210W,YNL302C,0,-6.5560102,0.12415563315153122,0.9190000295639038,0.6482999920845032
YNL236W,YOR110W,0,-6.556114,0.12413886189460754,0.9190000295639038,0.6484000086784363
YFR021W,YKL203C,0,-6.556782,0.12412209808826447,0.9190000295639038,0.6485000252723694
YDR140W,YBR006W,0,-6.556999,0.12410533428192139,0.9190000295639038,0.6485999822616577
YBR009C,YOL027C,0,-6.557218,0.1240885779261589,0.9190000295639038,0.6486999988555908
YOR142W,YDR484W,0,-6.5576725,0.12407182157039642,0.9190000295639038,0.6488000154495239
YNL256W,YDR335W,0,-6.5577507,0.12405507266521454,0.9190000295639038,0.6488999724388123
YGL247W,YBR034C,1,-6.558119,0.12417330592870712,0.9200000166893005,0.6488999724388123
YBL013W,YJL025W,0,-6.558881,0.12415654212236404,0.9200000166893005,0.6489999890327454
YLR401C,YIL046W,0,-6.559232,0.12413979321718216,0.9200000166893005,0.6491000056266785
YOR037W,YOR313C,0,-6.5598316,0.12412304431200027,0.9200000166893005,0.6492000222206116
YER127W,YOL011W,0,-6.560409,0.12410630285739899,0.9200000166893005,0.6492999792098999
YOR027W,YDR372C,0,-6.5604506,0.1240895614027977,0.9200000166893005,0.649399995803833
YPL231W,YJL114W,0,-6.561592,0.12407282739877701,0.9200000166893005,0.6495000123977661
YMR319C,YOL142W,0,-6.561767,0.12405609339475632,0.9200000166893005,0.6496000289916992
YLR401C,YDL236W,0,-6.5618715,0.12403936684131622,0.9200000166893005,0.6496999859809875
YOR036W,YDL159W,0,-6.561945,0.12402264773845673,0.9200000166893005,0.6498000025749207
YBL079W,YPR080W,1,-6.562099,0.12414071708917618,0.9210000038146973,0.6498000025749207
YLR328W,YDR092W,0,-6.5623136,0.12412399053573608,0.9210000038146973,0.6499000191688538
YMR161W,YBR088C,0,-6.562963,0.12410726398229599,0.9210000038146973,0.6499999761581421
YMR092C,YMR234W,0,-6.563095,0.12409054487943649,0.9210000038146973,0.6500999927520752
YPR201W,YGL025C,0,-6.563237,0.124073825776577,0.9210000038146973,0.6502000093460083
YDR461W,YMR314W,0,-6.563285,0.1240571141242981,0.9210000038146973,0.6503000259399414
YGR013W,YDR308C,0,-6.5649858,0.1240404024720192,0.9210000038146973,0.6503999829292297
YJL031C,YHR053C,0,-6.5650244,0.12402369827032089,0.9210000038146973,0.6504999995231628
YMR156C,YKL126W,0,-6.565091,0.12400700151920319,0.9210000038146973,0.650600016117096
YJR052W,YGR128C,0,-6.565275,0.12399030476808548,0.9210000038146973,0.6506999731063843
YBR199W,YJR112W,0,-6.5654535,0.12397361546754837,0.9210000038146973,0.6507999897003174
YFR027W,YLR206W,0,-6.5655513,0.12395693361759186,0.9210000038146973,0.6509000062942505
YPL178W,YOL002C,0,-6.5658994,0.12394025176763535,0.9210000038146973,0.6510000228881836
YCR098C,YKL122C,0,-6.566113,0.12392357736825943,0.9210000038146973,0.6510999798774719
YPR023C,YNR026C,0,-6.567441,0.12390690296888351,0.9210000038146973,0.651199996471405
YDL220C,YGL025C,0,-6.5676856,0.1238902360200882,0.9210000038146973,0.6513000130653381
YKL139W,YDR039C,0,-6.568095,0.12387356907129288,0.9210000038146973,0.6514000296592712
YDR483W,YBR050C,0,-6.5683165,0.12385690957307816,0.9210000038146973,0.6514999866485596
YDR375C,YML040W,0,-6.5685873,0.12384025752544403,0.9210000038146973,0.6516000032424927
YMR076C,YAL016W,0,-6.568864,0.1238236054778099,0.9210000038146973,0.6517000198364258
YLR100W,YGR220C,0,-6.5689144,0.12380696088075638,0.9210000038146973,0.6517999768257141
YKL190W,YDR484W,0,-6.569582,0.12379032373428345,0.9210000038146973,0.6518999934196472
YOL017W,YOL143C,0,-6.569681,0.12377368658781052,0.9210000038146973,0.6520000100135803
YOR363C,YLR200W,0,-6.5699625,0.12375705689191818,0.9210000038146973,0.6521000266075134
YGL158W,YPL234C,0,-6.5700626,0.12374042719602585,0.9210000038146973,0.6521999835968018
YLR411W,YDL135C,0,-6.570202,0.12372380495071411,0.9210000038146973,0.6523000001907349
YBL079W,YCR073W-A,1,-6.5702815,0.12384150177240372,0.921999990940094,0.6523000001907349
YDR075W,YBR105C,0,-6.570634,0.12382487207651138,0.921999990940094,0.652400016784668
YNL130C,YBL011W,0,-6.5708284,0.12380824238061905,0.921999990940094,0.6524999737739563
YER094C,YIL077C,0,-6.5712714,0.12379162013530731,0.921999990940094,0.6525999903678894
YOL059W,YFR050C,0,-6.5713477,0.12377500534057617,0.921999990940094,0.6527000069618225
YJL170C,YLR238W,0,-6.5714893,0.12375839054584503,0.921999990940094,0.6528000235557556
YKR061W,YIL056W,0,-6.571827,0.12374178320169449,0.921999990940094,0.652899980545044
YJR076C,YBR250W,0,-6.5718856,0.12372517585754395,0.921999990940094,0.652999997138977
YBR231C,YKL081W,0,-6.5720005,0.123708575963974,0.921999990940094,0.6531000137329102
YHR015W,YNL139C,1,-6.572934,0.12382613122463226,0.9229999780654907,0.6531000137329102
YNL239W,YOR115C,0,-6.573486,0.12380952388048172,0.9229999780654907,0.6531999707221985
YBR021W,YKL214C,1,-6.5738797,0.123927041888237,0.9240000247955322,0.6531999707221985
YMR208W,YNL026W,0,-6.5739384,0.12391041964292526,0.9240000247955322,0.6532999873161316
YPL221W,YGR085C,0,-6.574071,0.12389380484819412,0.9240000247955322,0.6534000039100647
YER082C,YGL039W,0,-6.5741634,0.12387719750404358,0.9240000247955322,0.6535000205039978
YDL220C,YDL245C,0,-6.574518,0.12386059015989304,0.9240000247955322,0.6535999774932861
YKR002W,YDR381W,1,-6.5750237,0.12397801876068115,0.925000011920929,0.6535999774932861
YOR168W,YNL142W,0,-6.5750637,0.12396140396595001,0.925000011920929,0.6536999940872192
YMR305C,YFL018W-A,0,-6.5753098,0.12394479662179947,0.925000011920929,0.6538000106811523
YGL005C,YER040W,0,-6.575664,0.12392818927764893,0.925000011920929,0.6539000272750854
YOR386W,YCR024C-A,0,-6.5765266,0.12391158938407898,0.925000011920929,0.6539999842643738
YPL155C,YDR135C,0,-6.5766034,0.12389498949050903,0.925000011920929,0.6541000008583069
YOR363C,YOR127W,0,-6.576794,0.12387839704751968,0.925000011920929,0.65420001745224
YHR139C,YDR325W,0,-6.577405,0.12386181205511093,0.925000011920929,0.6542999744415283
YDL007W,YER087C-A,0,-6.577676,0.12384522706270218,0.925000011920929,0.6543999910354614
YGL238W,YLR350W,0,-6.577728,0.12382864952087402,0.925000011920929,0.6545000076293945
YDR279W,YLR337W,0,-6.577735,0.12381207197904587,0.925000011920929,0.6546000242233276
YIL142W,YMR202W,0,-6.578089,0.12379550188779831,0.925000011920929,0.654699981212616
YPR081C,YGL113W,0,-6.5781374,0.12377893924713135,0.925000011920929,0.6547999978065491
YGL106W,YJL052W,0,-6.5782595,0.12376237660646439,0.925000011920929,0.6549000144004822
YNL314W,YLR301W,0,-6.578463,0.12374582141637802,0.925000011920929,0.6549999713897705
YNL133C,YJR027W,0,-6.578864,0.12372926622629166,0.925000011920929,0.6550999879837036
YAR015W,YNL309W,0,-6.5792007,0.12371271848678589,0.925000011920929,0.6552000045776367
YAL026C,YNL036W,0,-6.579531,0.12369617819786072,0.925000011920929,0.6553000211715698
YML075C,YPR108W,0,-6.5796027,0.12367963790893555,0.925000011920929,0.6553999781608582
YGL053W,YDL030W,0,-6.5797505,0.12366310507059097,0.925000011920929,0.6554999947547913
YDR150W,YMR060C,0,-6.5799627,0.1236465722322464,0.925000011920929,0.6556000113487244
YDL115C,YHR081W,0,-6.580072,0.12363004684448242,0.925000011920929,0.6557000279426575
YPR122W,YNR015W,0,-6.580433,0.12361352145671844,0.925000011920929,0.6557999849319458
YCR091W,YPR056W,0,-6.580551,0.12359700351953506,0.925000011920929,0.6559000015258789
YBL035C,YNL247W,0,-6.580553,0.12358049303293228,0.925000011920929,0.656000018119812
YML123C,YDR243C,0,-6.5806637,0.1235639825463295,0.925000011920929,0.6560999751091003
YER073W,YJR055W,0,-6.5807877,0.12354747951030731,0.925000011920929,0.6561999917030334
YPR199C,YLR455W,0,-6.5809464,0.12353098392486572,0.925000011920929,0.6563000082969666
YLR048W,YNL309W,0,-6.581338,0.12351448833942413,0.925000011920929,0.6564000248908997
YJL128C,YPR032W,0,-6.58195,0.12349800020456314,0.925000011920929,0.656499981880188
YMR314W,YBR237W,0,-6.5821056,0.12348151206970215,0.925000011920929,0.6565999984741211
YOR210W,YAL005C,0,-6.58226,0.12346503138542175,0.925000011920929,0.6567000150680542
YFR027W,YML029W,0,-6.5824614,0.12344855070114136,0.925000011920929,0.6567999720573425
YMR076C,YHR065C,0,-6.5827637,0.12343207746744156,0.925000011920929,0.6568999886512756
YPL255W,YER020W,0,-6.5832295,0.12341561168432236,0.925000011920929,0.6570000052452087
YDL149W,YKL070W,0,-6.583289,0.12339914590120316,0.925000011920929,0.6571000218391418
YFR021W,YKL196C,0,-6.5835495,0.12338268756866455,0.925000011920929,0.6571999788284302
YOR269W,YPL031C,0,-6.5836864,0.12336622923612595,0.925000011920929,0.6572999954223633
YGL033W,YKL141W,0,-6.5842733,0.12334977835416794,0.925000011920929,0.6574000120162964
YLR318W,YMR117C,0,-6.5848618,0.12333333492279053,0.925000011920929,0.6575000286102295
YKL150W,YGL137W,0,-6.5854096,0.12331689149141312,0.925000011920929,0.6575999855995178
YPR103W,YPR107C,0,-6.585467,0.1233004555106163,0.925000011920929,0.6577000021934509
YJL121C,YOR287C,0,-6.585726,0.12328401952981949,0.925000011920929,0.657800018787384
YNL307C,YGR180C,0,-6.5867453,0.12326759099960327,0.925000011920929,0.6578999757766724
YDR071C,YLR025W,0,-6.5869393,0.12325116246938705,0.925000011920929,0.6579999923706055
YGL008C,YPL138C,0,-6.5870295,0.12323474884033203,0.925000011920929,0.6581000089645386
YGL038C,YMR293C,0,-6.5870337,0.12321832776069641,0.925000011920929,0.6582000255584717
YGR113W,YNL334C,0,-6.5871067,0.12320192158222198,0.925000011920929,0.65829998254776
YLR163C,YCL019W,0,-6.5881205,0.12318550795316696,0.925000011920929,0.6583999991416931
YDR527W,YNL128W,0,-6.588313,0.12316910922527313,0.925000011920929,0.6585000157356262
YDR254W,YGL205W,0,-6.589944,0.1231527104973793,0.925000011920929,0.6585999727249146
YPR143W,YDR172W,0,-6.591803,0.12313631176948547,0.925000011920929,0.6586999893188477
YDR254W,YBR165W,0,-6.5921273,0.12311992794275284,0.925000011920929,0.6588000059127808
YDR150W,YNL121C,0,-6.5926065,0.1231035366654396,0.925000011920929,0.6589000225067139
YMR008C,YCR102C,0,-6.5931697,0.12308716028928757,0.925000011920929,0.6589999794960022
YKL049C,YEL066W,0,-6.5933294,0.12307078391313553,0.925000011920929,0.6590999960899353
YOL164W,YLR044C,0,-6.593444,0.12305440753698349,0.925000011920929,0.6592000126838684
YOR351C,YOR014W,0,-6.5934753,0.12303803861141205,0.925000011920929,0.6593000292778015
YDR488C,YOR162C,0,-6.594062,0.1230216771364212,0.925000011920929,0.6593999862670898
YBL015W,YLR096W,0,-6.594151,0.12300531566143036,0.925000011920929,0.659500002861023
YOL128C,YDR115W,0,-6.5944347,0.12298896163702011,0.925000011920929,0.659600019454956
YJL042W,YDR126W,0,-6.5948067,0.12297261506319046,0.925000011920929,0.6596999764442444
YNR067C,YGR254W,0,-6.596125,0.12295626848936081,0.925000011920929,0.6597999930381775
YKL073W,YBR105C,0,-6.596224,0.12293992191553116,0.925000011920929,0.6599000096321106
YHR164C,YDL030W,0,-6.596885,0.1229235902428627,0.925000011920929,0.6600000262260437
YBR110W,YPR137W,0,-6.597002,0.12290725857019424,0.925000011920929,0.660099983215332
YJL031C,YGL039W,0,-6.5970306,0.12289092689752579,0.925000011920929,0.6601999998092651
YOR275C,YHL006C,0,-6.597385,0.12287460267543793,0.925000011920929,0.6603000164031982
YIL103W,YOR056C,0,-6.5980835,0.12285827845335007,0.925000011920929,0.6603999733924866
YLR265C,YDR494W,0,-6.59857,0.1228419691324234,0.925000011920929,0.6604999899864197
YER042W,YGL226C-A,0,-6.5990458,0.12282565236091614,0.925000011920929,0.6606000065803528
YJL030W,YGR048W,0,-6.599658,0.12280935049057007,0.925000011920929,0.6607000231742859
YHR068W,YOR003W,0,-6.5996814,0.1227930411696434,0.925000011920929,0.6607999801635742
YFL021W,YMR051C,0,-6.5999117,0.12277674674987793,0.925000011920929,0.6608999967575073
YNL330C,YIL077C,0,-6.599926,0.12276045233011246,0.925000011920929,0.6610000133514404
YPL266W,YPL021W,0,-6.600084,0.12274415791034698,0.925000011920929,0.6610999703407288
YGR145W,YER009W,0,-6.6001177,0.1227278783917427,0.925000011920929,0.6611999869346619
YIR009W,YBL056W,0,-6.600257,0.12271159142255783,0.925000011920929,0.661300003528595
YNR033W,YGR070W,0,-6.6004367,0.12269531935453415,0.925000011920929,0.6614000201225281
YBR172C,YIL017W,0,-6.600733,0.12267904728651047,0.925000011920929,0.6614999771118164
YPL209C,YMR203W,0,-6.6011424,0.12266277521848679,0.925000011920929,0.6615999937057495
YNL327W,YBR037C,0,-6.6011777,0.1226465106010437,0.925000011920929,0.6617000102996826
YDR501W,YLR354C,0,-6.601242,0.12263025343418121,0.925000011920929,0.6618000268936157
YPL120W,YOR272W,0,-6.6014786,0.12261399626731873,0.925000011920929,0.661899983882904
YKL141W,YNR015W,0,-6.6025257,0.12259774655103683,0.925000011920929,0.6620000004768372
YGR037C,YAR010C,0,-6.604413,0.12258149683475494,0.925000011920929,0.6621000170707703
YJR064W,YOR237W,0,-6.605609,0.12256525456905365,0.925000011920929,0.6621999740600586
YGL075C,YJR086W,0,-6.6062565,0.12254901975393295,0.925000011920929,0.6622999906539917
YIL021W,YML028W,0,-6.606722,0.12253278493881226,0.925000011920929,0.6624000072479248
YGR188C,YNR015W,0,-6.6070275,0.12251655757427216,0.925000011920929,0.6625000238418579
YJR135C,YDR116C,0,-6.6071362,0.12250033020973206,0.925000011920929,0.6625999808311462
YKR001C,YNR064C,0,-6.6073318,0.12248411029577255,0.925000011920929,0.6626999974250793
YNL148C,YHR118C,0,-6.6079164,0.12246789038181305,0.925000011920929,0.6628000140190125
YFL031W,YDR059C,0,-6.6082363,0.12245167791843414,0.925000011920929,0.6628999710083008
YDR365C,YLR132C,0,-6.6083903,0.12243547290563583,0.925000011920929,0.6629999876022339
YGL171W,YLR025W,0,-6.6085787,0.12241926789283752,0.925000011920929,0.663100004196167
YFL010W-A,YHR053C,0,-6.608735,0.12240307033061981,0.925000011920929,0.6632000207901001
YDR423C,YLR052W,0,-6.608879,0.1223868727684021,0.925000011920929,0.6632999777793884
YDL149W,YMR073C,0,-6.609354,0.12237068265676498,0.925000011920929,0.6633999943733215
YJR158W,YDR324C,0,-6.609433,0.12235449999570847,0.925000011920929,0.6635000109672546
YDR179C,YGL008C,0,-6.6094503,0.12233831733465195,0.925000011920929,0.6636000275611877
YJR158W,YDL007W,0,-6.609861,0.12232213467359543,0.925000011920929,0.6636999845504761
YLR095C,YCL052C,0,-6.609869,0.1223059669137001,0.925000011920929,0.6638000011444092
YDR228C,YMR179W,0,-6.6104493,0.12228979170322418,0.925000011920929,0.6639000177383423
YHR193C,YDR369C,0,-6.6105547,0.12227363139390945,0.925000011920929,0.6639999747276306
YDL132W,YNL257C,0,-6.610669,0.12225747108459473,0.925000011920929,0.6640999913215637
YBL013W,YDR280W,0,-6.6106863,0.12224131077528,0.925000011920929,0.6642000079154968
YOL008W,YFR029W,0,-6.610858,0.12222515791654587,0.925000011920929,0.6643000245094299
YDL175C,YIR028W,1,-6.6117353,0.12234112620353699,0.9259999990463257,0.6643000245094299
YER109C,YFR052W,0,-6.612001,0.12232496589422226,0.9259999990463257,0.6643999814987183
YER122C,YMR104C,0,-6.6128674,0.12230881303548813,0.9259999990463257,0.6644999980926514
YML126C,YEL020W-A,0,-6.61384,0.122292660176754,0.9259999990463257,0.6646000146865845
YNL242W,YDR334W,0,-6.6138897,0.12227650731801987,0.9259999990463257,0.6646999716758728
YGL219C,YOL124C,0,-6.614048,0.12226036190986633,0.9259999990463257,0.6647999882698059
YLR362W,YPL258C,0,-6.6142015,0.1222442239522934,0.9259999990463257,0.664900004863739
YKL195W,YDR363W-A,0,-6.614232,0.12222808599472046,0.9259999990463257,0.6650000214576721
YOR034C,YDR181C,0,-6.614251,0.12221195548772812,0.9259999990463257,0.6650999784469604
YIL160C,YGL135W,0,-6.6142955,0.12219583243131638,0.9259999990463257,0.6651999950408936
YNR072W,YNL026W,0,-6.614346,0.12217970937490463,0.9259999990463257,0.6653000116348267
YOR046C,YCR073W-A,1,-6.614723,0.12229551374912262,0.9269999861717224,0.6653000116348267
YNL331C,YBL045C,0,-6.6156673,0.12227938324213028,0.9269999861717224,0.6654000282287598
YPR124W,YER013W,0,-6.6162906,0.12226325273513794,0.9269999861717224,0.6654999852180481
YIL122W,YLR010C,0,-6.617031,0.1222471296787262,0.9269999861717224,0.6656000018119812
YKL093W,YFR005C,0,-6.6174097,0.12223101407289505,0.9269999861717224,0.6657000184059143
YJR050W,YGL025C,0,-6.6178193,0.1222148984670639,0.9269999861717224,0.6657999753952026
YMR060C,YMR210W,0,-6.617859,0.12219879031181335,0.9269999861717224,0.6658999919891357
YGL195W,YPL135W,0,-6.618535,0.1221826821565628,0.9269999861717224,0.6660000085830688
YOL156W,YPL211W,0,-6.6192665,0.12216658145189285,0.9269999861717224,0.666100025177002
YHR152W,YAR010C,0,-6.6193438,0.1221504807472229,0.9269999861717224,0.6661999821662903
YJL176C,YJL059W,0,-6.619808,0.12213438749313354,0.9269999861717224,0.6662999987602234
YIL098C,YPL117C,0,-6.6199007,0.12211830168962479,0.9269999861717224,0.6664000153541565
YNR017W,YIL037C,0,-6.619903,0.12210221588611603,0.9269999861717224,0.6664999723434448
YLL015W,YPL112C,0,-6.6201663,0.12208613008260727,0.9269999861717224,0.6665999889373779
YKL019W,YIL143C,0,-6.6201754,0.12207005172967911,0.9269999861717224,0.666700005531311
YHR102W,YFL034C-B,0,-6.6203165,0.12205398082733154,0.9269999861717224,0.6668000221252441
YDR296W,YBR284W,0,-6.620327,0.12203791737556458,0.9269999861717224,0.6668999791145325
YLL022C,YDR484W,0,-6.621587,0.12202185392379761,0.9269999861717224,0.6669999957084656
YGR191W,YHR066W,0,-6.621599,0.12200579047203064,0.9269999861717224,0.6671000123023987
YIL112W,YMR201C,0,-6.6218457,0.12198973447084427,0.9269999861717224,0.6672000288963318
YPL085W,YJL059W,0,-6.62247,0.1219736859202385,0.9269999861717224,0.6672999858856201
YLR028C,YBR102C,0,-6.6224995,0.12195763736963272,0.9269999861717224,0.6674000024795532
YMR041C,YHR138C,0,-6.6232834,0.12194159626960754,0.9269999861717224,0.6675000190734863
YER083C,YPL116W,0,-6.623482,0.12192555516958237,0.9269999861717224,0.6675999760627747
YLR028C,YJL222W,0,-6.6236377,0.12190952152013779,0.9269999861717224,0.6676999926567078
YJL003W,YER112W,0,-6.62372,0.1218934878706932,0.9269999861717224,0.6678000092506409
YBL061C,YNL310C,0,-6.6239033,0.12187746167182922,0.9269999861717224,0.667900025844574
YPL242C,YJL042W,0,-6.6239257,0.12186144292354584,0.9269999861717224,0.6679999828338623
YLR270W,YBL100W-B,0,-6.6240215,0.12184542417526245,0.9269999861717224,0.6680999994277954
YFL056C,YER179W,0,-6.6241255,0.12182941287755966,0.9269999861717224,0.6682000160217285
YHL006C,YHR138C,0,-6.624396,0.12181340157985687,0.9269999861717224,0.6682999730110168
YIR008C,YML007W,0,-6.6248465,0.12179739773273468,0.9269999861717224,0.66839998960495
YGL190C,YDL019C,0,-6.625432,0.12178140133619308,0.9269999861717224,0.6685000061988831
YAL035W,YKL088W,0,-6.6255484,0.12176540493965149,0.9269999861717224,0.6686000227928162
YMR192W,YCL033C,0,-6.6255865,0.1217494085431099,0.9269999861717224,0.6686999797821045
YLR129W,YDR018C,0,-6.6257167,0.1217334195971489,0.9269999861717224,0.6687999963760376
YJR055W,YCR067C,0,-6.626161,0.1217174381017685,0.9269999861717224,0.6689000129699707
YNL049C,YBR130C,0,-6.626352,0.12170145660638809,0.9269999861717224,0.6690000295639038
YNL258C,YLR079W,0,-6.626377,0.12168548256158829,0.9269999861717224,0.6690999865531921
YPL200W,YBR250W,0,-6.6264105,0.12166950851678848,0.9269999861717224,0.6692000031471252
YNL245C,YHR007C,0,-6.626425,0.12165354192256927,0.9269999861717224,0.6693000197410583
YOL065C,YFR024C-A,0,-6.6269417,0.12163758277893066,0.9269999861717224,0.6693999767303467
YPL149W,YOL125W,0,-6.627733,0.12162162363529205,0.9269999861717224,0.6694999933242798
YBR260C,YBL050W,0,-6.627819,0.12160566449165344,0.9269999861717224,0.6696000099182129
YLR085C,YLR303W,0,-6.628216,0.12158972024917603,0.9269999861717224,0.669700026512146
YAL026C,YLR453C,0,-6.6282463,0.12157376855611801,0.9269999861717224,0.6697999835014343
YGL208W,YML040W,0,-6.6287885,0.12155783176422119,0.9269999861717224,0.6699000000953674
YKL012W,YOL034W,0,-6.628969,0.12154188752174377,0.9269999861717224,0.6700000166893005
YGL013C,YOR068C,0,-6.629425,0.12152595818042755,0.9269999861717224,0.6700999736785889
YOR182C,YDL159W,0,-6.63052,0.12151002883911133,0.9269999861717224,0.670199990272522
YDR179C,YHR074W,0,-6.6308556,0.1214940994977951,0.9269999861717224,0.6703000068664551
YDR075W,YKR031C,0,-6.6311884,0.12147817760705948,0.9269999861717224,0.6704000234603882
YDR247W,YDR486C,0,-6.63132,0.12146226316690445,0.9269999861717224,0.6704999804496765
YML081C-A,YOL009C,0,-6.631582,0.12144634872674942,0.9269999861717224,0.6705999970436096
YBL099W,YNL241C,0,-6.6321154,0.12143044173717499,0.9269999861717224,0.6707000136375427
YBR121C,YDL079C,0,-6.6322174,0.12141453474760056,0.9269999861717224,0.670799970626831
YHR015W,YML107C,1,-6.6325474,0.12152959406375885,0.9279999732971191,0.670799970626831
YBL105C,YIL160C,0,-6.633861,0.12151368707418442,0.9279999732971191,0.6708999872207642
YBR132C,YDL137W,0,-6.634787,0.12149777263402939,0.9279999732971191,0.6710000038146973
YGL216W,YGR085C,0,-6.634907,0.12148186564445496,0.9279999732971191,0.6711000204086304
YDL046W,YMR210W,0,-6.6355257,0.12146596610546112,0.9279999732971191,0.6711999773979187
YNR074C,YLR256W,0,-6.6356306,0.12145007401704788,0.9279999732971191,0.6712999939918518
YOR326W,YMR260C,0,-6.635725,0.12143418192863464,0.9279999732971191,0.6714000105857849
YFR014C,YDL138W,0,-6.6360745,0.1214182898402214,0.9279999732971191,0.671500027179718
YLL008W,YGL061C,0,-6.636738,0.12140240520238876,0.9279999732971191,0.6715999841690063
YNL219C,YDL069C,0,-6.637019,0.12138652801513672,0.9279999732971191,0.6717000007629395
YER073W,YJL166W,0,-6.6372,0.12137065082788467,0.9279999732971191,0.6718000173568726
YDR039C,YDR059C,0,-6.6372137,0.12135478109121323,0.9279999732971191,0.6718999743461609
YJR108W,YOR060C,0,-6.637516,0.12133891135454178,0.9279999732971191,0.671999990940094
YKL005C,YOR373W,0,-6.6377606,0.12132304906845093,0.9279999732971191,0.6721000075340271
YHL006C,YBL100W-A,0,-6.6381936,0.12130718678236008,0.9279999732971191,0.6722000241279602
YBR066C,YIL077C,0,-6.638317,0.12129133194684982,0.9279999732971191,0.6722999811172485
YDR168W,YDL078C,0,-6.638399,0.12127548456192017,0.9279999732971191,0.6723999977111816
YHR176W,YML075C,0,-6.638586,0.12125963717699051,0.9279999732971191,0.6725000143051147
YGL122C,YOL072W,1,-6.638691,0.12137444317340851,0.9290000200271606,0.6725000143051147
YDR388W,YGR042W,0,-6.639607,0.12135858833789825,0.9290000200271606,0.6725999712944031
YCR002C,YLR103C,0,-6.6396894,0.1213427409529686,0.9290000200271606,0.6726999878883362
YGR007W,YAR009C,0,-6.639785,0.12132689356803894,0.9290000200271606,0.6728000044822693
YGR009C,YNL167C,0,-6.640227,0.12131104618310928,0.9290000200271606,0.6729000210762024
YOL108C,YLL040C,0,-6.6408525,0.12129520624876022,0.9290000200271606,0.6729999780654907
YDR046C,YDL245C,0,-6.6411095,0.12127937376499176,0.9290000200271606,0.6730999946594238
YBR021W,YCR073W-A,1,-6.64125,0.1213940754532814,0.9300000071525574,0.6730999946594238
YPL154C,YBR058C,0,-6.6413126,0.12137822806835175,0.9300000071525574,0.6732000112533569
YKL012W,YDR393W,0,-6.6414275,0.12136238813400269,0.9300000071525574,0.67330002784729
YHR004C,YGL104C,0,-6.6415377,0.12134655565023422,0.9300000071525574,0.6733999848365784
YDR244W,YBR284W,0,-6.641839,0.12133072316646576,0.9300000071525574,0.6735000014305115
YPL075W,YPR143W,0,-6.641878,0.1213148981332779,0.9300000071525574,0.6736000180244446
YNR060W,YMR156C,0,-6.6428432,0.12129907310009003,0.9300000071525574,0.6736999750137329
YDR163W,YML085C,0,-6.6436577,0.12128325551748276,0.9300000071525574,0.673799991607666
YKL092C,YDR295C,0,-6.643978,0.12126743793487549,0.9300000071525574,0.6739000082015991
YMR092C,YFR009W,0,-6.6442223,0.12125162780284882,0.9300000071525574,0.6740000247955322
YGL012W,YKL166C,0,-6.6446257,0.12123582512140274,0.9300000071525574,0.6740999817848206
YMR140W,YOR110W,0,-6.6456404,0.12122002243995667,0.9300000071525574,0.6741999983787537
YOR023C,YOR243C,0,-6.645722,0.12120421975851059,0.9300000071525574,0.6743000149726868
YNL136W,YAL033W,0,-6.6458006,0.12118843197822571,0.9300000071525574,0.6743999719619751
YIR028W,YJL041W,1,-6.646125,0.12130293250083923,0.9309999942779541,0.6743999719619751
YHR061C,YGL209W,0,-6.6469007,0.12128712981939316,0.9309999942779541,0.6744999885559082
YIR018W,YJR141W,0,-6.647374,0.12127132713794708,0.9309999942779541,0.6746000051498413
YGR009C,YKL166C,0,-6.6477304,0.1212555319070816,0.9309999942779541,0.6747000217437744
YIR019C,YGL048C,0,-6.648014,0.12123974412679672,0.9309999942779541,0.6747999787330627
YCL004W,YLR033W,0,-6.6482325,0.12122395634651184,0.9309999942779541,0.6748999953269958
YER017C,YOR126C,0,-6.6484823,0.12120817601680756,0.9309999942779541,0.675000011920929
YDR446W,YLR466W,0,-6.648698,0.12119239568710327,0.9309999942779541,0.6751000285148621
YOR040W,YML058W,0,-6.6490107,0.12117662280797958,0.9309999942779541,0.6751999855041504
YPL021W,YDL077C,0,-6.649213,0.12116085737943649,0.9309999942779541,0.6753000020980835
YPL269W,YER022W,0,-6.649475,0.1211450845003128,0.9309999942779541,0.6754000186920166
YCR089W,YKR101W,0,-6.6497965,0.12112932652235031,0.9309999942779541,0.6754999756813049
YDL149W,YLR092W,0,-6.649951,0.12111356854438782,0.9309999942779541,0.675599992275238
YMR138W,YHL020C,0,-6.650049,0.12109781801700592,0.9309999942779541,0.6757000088691711
YLR238W,YBR260C,0,-6.6502743,0.12108206748962402,0.9309999942779541,0.6758000254631042
YPL267W,YMR231W,0,-6.650848,0.12106631696224213,0.9309999942779541,0.6758999824523926
YGL175C,YDR080W,0,-6.651135,0.12105058133602142,0.9309999942779541,0.6759999990463257
YJL092W,YGL068W,0,-6.6512523,0.12103483825922012,0.9309999942779541,0.6761000156402588
YMR298W,YOR188W,0,-6.6513233,0.12101911008358002,0.9309999942779541,0.6761999726295471
YER040W,YNL293W,0,-6.651618,0.12100338190793991,0.9309999942779541,0.6762999892234802
YPR025C,YOL051W,0,-6.6517105,0.1209876537322998,0.9309999942779541,0.6764000058174133
YBR152W,YJL129C,0,-6.6519527,0.1209719330072403,0.9309999942779541,0.6765000224113464
YBR102C,YKL113C,0,-6.6520653,0.12095621973276138,0.9309999942779541,0.6765999794006348
YML008C,YOL001W,0,-6.653478,0.12094050645828247,0.9309999942779541,0.6766999959945679
YLL038C,YNL202W,0,-6.653612,0.12092479318380356,0.9309999942779541,0.676800012588501
YPL078C,YGR101W,0,-6.6536736,0.12090908735990524,0.9309999942779541,0.6769000291824341
YIL040W,YOL072W,1,-6.6543064,0.12102324515581131,0.9319999814033508,0.6769000291824341
YBR231C,YLR417W,0,-6.65591,0.1210075318813324,0.9319999814033508,0.6769999861717224
YMR238W,YOL034W,0,-6.656015,0.12099181860685349,0.9319999814033508,0.6771000027656555
YPL202C,YDL145C,0,-6.656067,0.12097611278295517,0.9319999814033508,0.6772000193595886
YEL015W,YHR096C,0,-6.656445,0.12096041440963745,0.9319999814033508,0.677299976348877
YPR185W,YML069W,0,-6.656541,0.12094471603631973,0.9319999814033508,0.6773999929428101
YHR114W,YGR008C,0,-6.6571665,0.12092902511358261,0.9319999814033508,0.6775000095367432
YPL118W,YDR388W,0,-6.657715,0.12091333419084549,0.9319999814033508,0.6776000261306763
YDL031W,YJR027W,0,-6.6578174,0.12089765071868896,0.9319999814033508,0.6776999831199646
YMR270C,YIL023C,0,-6.6582384,0.12088197469711304,0.9319999814033508,0.6777999997138977
YKL113C,YOR014W,0,-6.6584177,0.12086629122495651,0.9319999814033508,0.6779000163078308
YLR134W,YJL187C,0,-6.658866,0.12085062265396118,0.9319999814033508,0.6779999732971191
YPR001W,YPL124W,0,-6.659103,0.12083495408296585,0.9319999814033508,0.6780999898910522
YFL050C,YLR305C,0,-6.6592,0.12081929296255112,0.9319999814033508,0.6782000064849854
YLR214W,YKL152C,0,-6.6593947,0.12080363184213638,0.9319999814033508,0.6783000230789185
YCL014W,YBR294W,0,-6.6595073,0.12078797072172165,0.9319999814033508,0.6783999800682068
YDR016C,YMR299C,0,-6.6596828,0.12077232450246811,0.9319999814033508,0.6784999966621399
YIR033W,YOL094C,0,-6.659808,0.12075667083263397,0.9319999814033508,0.678600013256073
YOL127W,YGL208W,0,-6.6598325,0.12074103206396103,0.9319999814033508,0.6786999702453613
YCR010C,YPL041C,0,-6.6600447,0.12072538584470749,0.9319999814033508,0.6787999868392944
YGR171C,YIL013C,0,-6.6606107,0.12070975452661514,0.9319999814033508,0.6789000034332275
YMR163C,YFR052W,0,-6.6606407,0.1206941232085228,0.9319999814033508,0.6790000200271606
YOR040W,YCR042C,0,-6.6609745,0.12067849189043045,0.9319999814033508,0.679099977016449
YGR175C,YLR309C,0,-6.6614084,0.1206628680229187,0.9319999814033508,0.6791999936103821
YOR142W,YPR031W,0,-6.6614227,0.12064725160598755,0.9319999814033508,0.6793000102043152
YBL013W,YGL137W,0,-6.6626825,0.1206316351890564,0.9319999814033508,0.6794000267982483
YOR299W,YGL093W,0,-6.6628184,0.12061601877212524,0.9319999814033508,0.6794999837875366
YDR437W,YKL086W,0,-6.662988,0.12060041725635529,0.9319999814033508,0.6796000003814697
YFR009W,YCR061W,0,-6.66463,0.12058480829000473,0.9319999814033508,0.6797000169754028
YLR397C,YCL005W-A,0,-6.6647215,0.12056921422481537,0.9319999814033508,0.6797999739646912
YLR310C,YDR191W,0,-6.6649156,0.12055361270904541,0.9319999814033508,0.6798999905586243
YLR242C,YDL030W,0,-6.6653543,0.12053802609443665,0.9319999814033508,0.6800000071525574
YOR209C,YGR111W,0,-6.665944,0.12052243947982788,0.9319999814033508,0.6801000237464905
YFL010W-A,YGR166W,0,-6.666275,0.12050685286521912,0.9319999814033508,0.6801999807357788
YDR137W,YNL299W,0,-6.6663938,0.12049127370119095,0.9319999814033508,0.6802999973297119
YEL030W,YBL035C,0,-6.666495,0.12047569453716278,0.9319999814033508,0.680400013923645
YLR095C,YDL098C,0,-6.6667213,0.1204601302742958,0.9319999814033508,0.6804999709129333
YJL102W,YDL154W,0,-6.6671042,0.12044455856084824,0.9319999814033508,0.6805999875068665
YLR423C,YML098W,0,-6.6678267,0.12042899429798126,0.9319999814033508,0.6807000041007996
YML027W,YNR064C,0,-6.668006,0.12041343748569489,0.9319999814033508,0.6808000206947327
YFR053C,YER019C-A,0,-6.668311,0.12039788067340851,0.9319999814033508,0.680899977684021
YKR054C,YOR284W,0,-6.668454,0.12038233131170273,0.9319999814033508,0.6809999942779541
YDR517W,YDR202C,0,-6.669026,0.12036678194999695,0.9319999814033508,0.6811000108718872
YJR139C,YGR046W,0,-6.6691265,0.12035124003887177,0.9319999814033508,0.6812000274658203
YDR280W,YML045W,0,-6.669222,0.12033569812774658,0.9319999814033508,0.6812999844551086
YNL222W,YPL276W,0,-6.6695023,0.120320163667202,0.9319999814033508,0.6814000010490417
YOR032C,YJL054W,0,-6.669622,0.120304636657238,0.9319999814033508,0.6815000176429749
YOR299W,YGR285C,0,-6.6703496,0.12028910964727402,0.9319999814033508,0.6815999746322632
YDR517W,YJL054W,0,-6.6705275,0.12027358263731003,0.9319999814033508,0.6816999912261963
YFL021W,YBR273C,0,-6.670782,0.12025806307792664,0.9319999814033508,0.6818000078201294
YDL155W,YGL075C,0,-6.670888,0.12024255096912384,0.9319999814033508,0.6819000244140625
YER053C,YLL013C,0,-6.671606,0.12022703886032104,0.9319999814033508,0.6819999814033508
YNL084C,YKR003W,0,-6.671629,0.12021153420209885,0.9319999814033508,0.6820999979972839
YMR292W,YML114C,0,-6.6716933,0.12019602954387665,0.9319999814033508,0.682200014591217
YBR158W,YLR032W,0,-6.6717587,0.12018053233623505,0.9319999814033508,0.6822999715805054
YER001W,YDL128W,0,-6.672118,0.12016503512859344,0.9319999814033508,0.6823999881744385
YPL269W,YNL332W,0,-6.6728597,0.12014954537153244,0.9319999814033508,0.6825000047683716
YNR056C,YOR089C,0,-6.6735973,0.12013405561447144,0.9319999814033508,0.6826000213623047
YPR033C,YPL159C,0,-6.673647,0.12011857330799103,0.9319999814033508,0.682699978351593
YDR130C,YHR083W,0,-6.6739025,0.12010309100151062,0.9319999814033508,0.6827999949455261
YPR023C,YIL002C,0,-6.673973,0.12008761614561081,0.9319999814033508,0.6829000115394592
YDR284C,YKL056C,0,-6.6746054,0.1200721487402916,0.9319999814033508,0.6830000281333923
YDL134C,YPR133W-A,0,-6.6755457,0.12005668133497238,0.9319999814033508,0.6830999851226807
YGL226C-A,YPL042C,0,-6.6757283,0.12004121392965317,0.9319999814033508,0.6832000017166138
YBR212W,YBR284W,0,-6.6758885,0.12002575397491455,0.9319999814033508,0.6833000183105469
YDR192C,YOL072W,1,-6.676009,0.12013906985521317,0.9330000281333923,0.6833000183105469
YGL065C,YAL055W,0,-6.676082,0.12012360244989395,0.9330000281333923,0.6833999752998352
YER105C,YCR073W-A,1,-6.6770034,0.12023686617612839,0.9340000152587891,0.6833999752998352
YOR028C,YKL060C,0,-6.677309,0.12022139132022858,0.9340000152587891,0.6834999918937683
YGR224W,YKL182W,0,-6.6779957,0.12020592391490936,0.9340000152587891,0.6836000084877014
YFR021W,YPL237W,0,-6.6781096,0.12019044905900955,0.9340000152587891,0.6837000250816345
YAL015C,YDR382W,0,-6.678335,0.12017498910427094,0.9340000152587891,0.6837999820709229
YMR201C,YDR079C-A,0,-6.6785483,0.12015952914953232,0.9340000152587891,0.683899998664856
YDR085C,YEL016C,0,-6.67927,0.1201440691947937,0.9340000152587891,0.6840000152587891
YDR335W,YEL041W,0,-6.6800685,0.12012861669063568,0.9340000152587891,0.6840999722480774
YOR310C,YOL061W,0,-6.6806116,0.12011317163705826,0.9340000152587891,0.6841999888420105
YGL192W,YGR280C,0,-6.6812973,0.12009772658348083,0.9340000152587891,0.6843000054359436
YGL119W,YLR431C,0,-6.6814957,0.12008228152990341,0.9340000152587891,0.6844000220298767
YOR074C,YER142C,0,-6.6815653,0.12006684392690659,0.9340000152587891,0.684499979019165
YMR092C,YML021C,0,-6.6818123,0.12005141377449036,0.9340000152587891,0.6845999956130981
YIL053W,YBR103W,0,-6.681882,0.12003598362207413,0.9340000152587891,0.6847000122070312
YPL232W,YGR141W,0,-6.6821294,0.1200205609202385,0.9340000152587891,0.6848000288009644
YDR382W,YMR077C,0,-6.6821804,0.12000513821840286,0.9340000152587891,0.6848999857902527
YOR288C,YMR260C,0,-6.6821914,0.11998972296714783,0.9340000152587891,0.6850000023841858
YDL113C,YNR006W,0,-6.682289,0.11997430771589279,0.9340000152587891,0.6851000189781189
YAL029C,YPR065W,0,-6.6825776,0.11995889991521835,0.9340000152587891,0.6851999759674072
YDL138W,YBR175W,0,-6.6826577,0.11994349211454391,0.9340000152587891,0.6852999925613403
YLR206W,YIL126W,0,-6.682998,0.11992809176445007,0.9340000152587891,0.6854000091552734
YKL191W,YOL001W,0,-6.68322,0.11991269886493683,0.9340000152587891,0.6855000257492065
YLR451W,YKL166C,0,-6.683605,0.11989730596542358,0.9340000152587891,0.6855999827384949
YJR031C,YPR016C,0,-6.684207,0.11988191306591034,0.9340000152587891,0.685699999332428
YDL227C,YBR205W,0,-6.6843076,0.11986652761697769,0.9340000152587891,0.6858000159263611
YDR447C,YGR161C,0,-6.6847034,0.11985114961862564,0.9340000152587891,0.6858999729156494
YDR437W,YKL035W,0,-6.68558,0.11983577162027359,0.9340000152587891,0.6859999895095825
YLR098C,YDR409W,0,-6.6857915,0.11982040107250214,0.9340000152587891,0.6861000061035156
YOR261C,YJL004C,0,-6.68583,0.11980503052473068,0.9340000152587891,0.6862000226974487
YLR129W,YBR247C,0,-6.686234,0.11978965997695923,0.9340000152587891,0.6862999796867371
YLR216C,YGL098W,0,-6.686481,0.11977430433034897,0.9340000152587891,0.6863999962806702
YKL220C,YHR214C-B,0,-6.686812,0.11975894123315811,0.9340000152587891,0.6865000128746033
YGL167C,YNR064C,0,-6.6871076,0.11974359303712845,0.9340000152587891,0.6866000294685364
YGR179C,YIL160C,0,-6.6877637,0.11972823739051819,0.9340000152587891,0.6866999864578247
YNL328C,YMR270C,0,-6.6881256,0.11971289664506912,0.9340000152587891,0.6868000030517578
YPL046C,YJL187C,0,-6.6881824,0.11969755589962006,0.9340000152587891,0.6869000196456909
YJR089W,YIL122W,0,-6.68873,0.11968221515417099,0.9340000152587891,0.6869999766349792
YPR008W,YNL036W,0,-6.6887617,0.11966688185930252,0.9340000152587891,0.6870999932289124
YNR002C,YLR337C,0,-6.688837,0.11965154856443405,0.9340000152587891,0.6872000098228455
YPR200C,YJR158W,0,-6.689193,0.11963622272014618,0.9340000152587891,0.6873000264167786
YLR163C,YNR046W,0,-6.689221,0.1196209043264389,0.9340000152587891,0.6873999834060669
YNR019W,YIL105C,0,-6.6899896,0.11960558593273163,0.9340000152587891,0.6875
YNL102W,YNL332W,0,-6.6900644,0.11959026753902435,0.9340000152587891,0.6876000165939331
YMR207C,YPR024W,0,-6.690257,0.11957495659589767,0.9340000152587891,0.6876999735832214
YNL148C,YDR080W,0,-6.6903515,0.11955965310335159,0.9340000152587891,0.6877999901771545
YAL024C,YOR069W,0,-6.6906776,0.11954434961080551,0.9340000152587891,0.6879000067710876
YLR201C,YFL005W,0,-6.6910257,0.11952905356884003,0.9340000152587891,0.6880000233650208
YML052W,YOR129C,0,-6.691184,0.11951375752687454,0.9340000152587891,0.6880999803543091
YPL174C,YCL020W,0,-6.6913233,0.11949846148490906,0.9340000152587891,0.6881999969482422
YHR111W,YOR132W,0,-6.6917124,0.11948318034410477,0.9340000152587891,0.6883000135421753
YJR025C,YNL312W,0,-6.692156,0.11946789175271988,0.9340000152587891,0.6883999705314636
YER014C-A,YPL032C,0,-6.69223,0.11945261806249619,0.9340000152587891,0.6884999871253967
YDR299W,YNL142W,0,-6.6922913,0.1194373369216919,0.9340000152587891,0.6886000037193298
YGL061C,YGR180C,0,-6.693627,0.1194220706820488,0.9340000152587891,0.6887000203132629
YLR423C,YER109C,0,-6.693645,0.1194068044424057,0.9340000152587891,0.6887999773025513
YBR179C,YJR147W,0,-6.693927,0.1193915382027626,0.9340000152587891,0.6888999938964844
YBR272C,YML055W,0,-6.693965,0.1193762794137001,0.9340000152587891,0.6890000104904175
YOR206W,YBR196C,0,-6.694225,0.1193610206246376,0.9340000152587891,0.6891000270843506
YML126C,YGR078C,0,-6.694355,0.1193457692861557,0.9340000152587891,0.6891999840736389
YDL058W,YIL173W,0,-6.694907,0.1193305253982544,0.9340000152587891,0.689300000667572
YGR010W,YMR060C,0,-6.6955514,0.11931528151035309,0.9340000152587891,0.6894000172615051
YPR001W,YDR382W,0,-6.695996,0.11930003762245178,0.9340000152587891,0.6894999742507935
YBR260C,YJL059W,0,-6.696232,0.11928480118513107,0.9340000152587891,0.6895999908447266
YML008C,YHR157W,0,-6.6965165,0.11926957219839096,0.9340000152587891,0.6897000074386597
YKL129C,YCR042C,0,-6.696541,0.11925434321165085,0.9340000152587891,0.6898000240325928
YGR109C,YPR189W,0,-6.6966605,0.11923911422491074,0.9340000152587891,0.6898999810218811
YKL002W,YDR217C,0,-6.6971235,0.11922389268875122,0.9340000152587891,0.6899999976158142
YCR031C,YBL025W,0,-6.69738,0.1192086786031723,0.9340000152587891,0.6901000142097473
YEL016C,YLR222C,0,-6.69746,0.11919346451759338,0.9340000152587891,0.6901999711990356
YFL022C,YFR034C,0,-6.6977744,0.11917825788259506,0.9340000152587891,0.6902999877929688
YJR078W,YDR065W,0,-6.6981316,0.11916305124759674,0.9340000152587891,0.6904000043869019
YPL224C,YDR382W,0,-6.69848,0.11914785206317902,0.9340000152587891,0.690500020980835
YPL046C,YHR050W,0,-6.698531,0.11913265287876129,0.9340000152587891,0.6905999779701233
YHR026W,YLR090W,0,-6.699321,0.11911746114492416,0.9340000152587891,0.6906999945640564
YNL278W,YJR077C,0,-6.6998715,0.11910226941108704,0.9340000152587891,0.6908000111579895
YPR093C,YGR036C,0,-6.6999187,0.1190870851278305,0.9340000152587891,0.6909000277519226
YFL045C,YNL310C,0,-6.7000546,0.11907190084457397,0.9340000152587891,0.6909999847412109
YLR433C,YDL044C,0,-6.700639,0.11905672401189804,0.9340000152587891,0.691100001335144
YKR067W,YKR008W,0,-6.7006807,0.1190415471792221,0.9340000152587891,0.6912000179290771
YJL209W,YOR008C-A,0,-6.7007704,0.11902637779712677,0.9340000152587891,0.6912999749183655
YPL121C,YOR359W,0,-6.700878,0.11901121586561203,0.9340000152587891,0.6913999915122986
YBR244W,YKL126W,0,-6.7009926,0.11899605393409729,0.9340000152587891,0.6915000081062317
YER127W,YAR010C,0,-6.7011576,0.11898089200258255,0.9340000152587891,0.6916000247001648
YKL213C,YCL034W,0,-6.701524,0.11896573752164841,0.9340000152587891,0.6916999816894531
YDL135C,YPL042C,0,-6.701713,0.11895058304071426,0.9340000152587891,0.6917999982833862
YNL080C,YJR104C,0,-6.7020016,0.11893543601036072,0.9340000152587891,0.6919000148773193
YGL194C,YBR142W,0,-6.702462,0.11892029643058777,0.9340000152587891,0.6919999718666077
YPR005C,YOR386W,0,-6.702465,0.11890515685081482,0.9340000152587891,0.6920999884605408
YGR163W,YGR180C,0,-6.7026916,0.11889001727104187,0.9340000152587891,0.6922000050544739
YKL048C,YLR044C,0,-6.7027483,0.11887488514184952,0.9340000152587891,0.692300021648407
YHR015W,YDR192C,1,-6.702967,0.11898701637983322,0.9350000023841858,0.692300021648407
YLR418C,YMR140W,0,-6.703534,0.11897187680006027,0.9350000023841858,0.6923999786376953
YDR037W,YDL140C,0,-6.7038336,0.11895674467086792,0.9350000023841858,0.6924999952316284
YDR216W,YAL012W,0,-6.7040954,0.11894161254167557,0.9350000023841858,0.6926000118255615
YLR223C,YMR050C,0,-6.7042975,0.11892648041248322,0.9350000023841858,0.6927000284194946
YPR185W,YIL098C,0,-6.704838,0.11891135573387146,0.9350000023841858,0.692799985408783
YDR198C,YIL077C,0,-6.7052927,0.1188962385058403,0.9350000023841858,0.6929000020027161
YOR074C,YOR003W,0,-6.7053366,0.11888112127780914,0.9350000023841858,0.6930000185966492
YBL033C,YLR398C,0,-6.7057,0.11886600404977798,0.9350000023841858,0.6930999755859375
YPR103W,YDR464W,0,-6.7058945,0.11885089427232742,0.9350000023841858,0.6931999921798706
YDL207W,YHR015W,1,-6.7062807,0.11896288394927979,0.9359999895095825,0.6931999921798706
YOL122C,YLR055C,0,-6.7065716,0.11894776672124863,0.9359999895095825,0.6933000087738037
YNL286W,YHR086W,0,-6.706899,0.11893265694379807,0.9359999895095825,0.6934000253677368
YHR052W,YNL123W,0,-6.706969,0.1189175471663475,0.9359999895095825,0.6934999823570251
YLR129W,YPL265W,0,-6.707098,0.11890243738889694,0.9359999895095825,0.6935999989509583
YAL005C,YLR182W,0,-6.7072563,0.11888733506202698,0.9359999895095825,0.6937000155448914
YDR404C,YGL175C,0,-6.7079716,0.11887224018573761,0.9359999895095825,0.6937999725341797
YPR120C,YMR025W,0,-6.708691,0.11885714530944824,0.9359999895095825,0.6938999891281128
YGL216W,YCR066W,0,-6.7096233,0.11884205043315887,0.9359999895095825,0.6940000057220459
YER040W,YBL100W-A,0,-6.7097454,0.1188269630074501,0.9359999895095825,0.694100022315979
YLR371W,YLL056C,0,-6.7108307,0.11881188303232193,0.9359999895095825,0.6941999793052673
YIL036W,YOR127W,0,-6.711015,0.11879680305719376,0.9359999895095825,0.6942999958992004
YDR394W,YER118C,0,-6.71111,0.11878172308206558,0.9359999895095825,0.6944000124931335
YER056C,YBR021W,1,-6.7112846,0.11889354139566422,0.9369999766349792,0.6944000124931335
YGR224W,YPL180W,0,-6.7121925,0.11887845396995544,0.9369999766349792,0.6945000290870667
YGL168W,YJR120W,0,-6.712853,0.11886337399482727,0.9369999766349792,0.694599986076355
YAL005C,YGR209C,0,-6.71313,0.1188483014702797,0.9369999766349792,0.6947000026702881
YKL017C,YNL304W,0,-6.7146215,0.11883322894573212,0.9369999766349792,0.6948000192642212
YHL047C,YPR083W,0,-6.7147045,0.11881815642118454,0.9369999766349792,0.6948999762535095
YCR066W,YGR281W,0,-6.716438,0.11880309134721756,0.9369999766349792,0.6949999928474426
YPL164C,YAL055W,0,-6.7166395,0.11878803372383118,0.9369999766349792,0.6951000094413757
YDR322C-A,YOR068C,0,-6.7170496,0.1187729761004448,0.9369999766349792,0.6952000260353088
YDL154W,YDR386W,0,-6.7176867,0.11875791847705841,0.9369999766349792,0.6952999830245972
YML102W,YIL122W,0,-6.717952,0.11874286830425262,0.9369999766349792,0.6953999996185303
YPL018W,YHR004C,0,-6.717984,0.11872782558202744,0.9369999766349792,0.6955000162124634
YJR025C,YPL283C,0,-6.7181253,0.11871278285980225,0.9369999766349792,0.6955999732017517
YMR288W,YDR369C,0,-6.7181673,0.11869774758815765,0.9369999766349792,0.6956999897956848
YBR247C,YOR014W,0,-6.718444,0.11868271231651306,0.9369999766349792,0.6958000063896179
YPR122W,YLR071C,0,-6.718575,0.11866767704486847,0.9369999766349792,0.695900022983551
YOR030W,YOL089C,0,-6.718628,0.11865264922380447,0.9369999766349792,0.6959999799728394
YNL074C,YJL039C,0,-6.719223,0.11863762885332108,0.9369999766349792,0.6960999965667725
YNL117W,YOR332W,0,-6.7193813,0.11862260848283768,0.9369999766349792,0.6962000131607056
YNL325C,YGL022W,0,-6.7197504,0.11860759556293488,0.9369999766349792,0.6963000297546387
YMR240C,YPL135W,0,-6.720127,0.11859258264303207,0.9369999766349792,0.696399986743927
YJR112W,YGL249W,0,-6.72068,0.11857757717370987,0.9369999766349792,0.6965000033378601
YNL169C,YIL105C,0,-6.7208185,0.11856257170438766,0.9369999766349792,0.6966000199317932
YIL120W,YCL019W,0,-6.7209625,0.11854757368564606,0.9369999766349792,0.6966999769210815
YNL084C,YNR064C,0,-6.72122,0.11853257566690445,0.9369999766349792,0.6967999935150146
YDR202C,YDR145W,0,-6.721302,0.11851758509874344,0.9369999766349792,0.6969000101089478
YLR254C,YOR279C,0,-6.721586,0.11850259453058243,0.9369999766349792,0.6970000267028809
YGL257C,YOL042W,0,-6.7217793,0.11848760396242142,0.9369999766349792,0.6970999836921692
YFR046C,YDR082W,0,-6.721844,0.1184726282954216,0.9369999766349792,0.6972000002861023
YGL212W,YDR485C,0,-6.7221537,0.11845764517784119,0.9369999766349792,0.6973000168800354
YPL100W,YPL156C,0,-6.72257,0.11844267696142197,0.9369999766349792,0.6973999738693237
YBR023C,YNL006W,0,-6.7227545,0.11842770129442215,0.9369999766349792,0.6974999904632568
YDR191W,YLL003W,0,-6.7229366,0.11841274052858353,0.9369999766349792,0.6976000070571899
YHR171W,YHR158C,0,-6.72304,0.1183977797627449,0.9369999766349792,0.697700023651123
YBL099W,YBR289W,0,-6.7231407,0.11838281899690628,0.9369999766349792,0.6977999806404114
YMR068W,YLR385C,0,-6.72414,0.11836786568164825,0.9369999766349792,0.6978999972343445
YFR021W,YOR284W,0,-6.72429,0.11835291236639023,0.9369999766349792,0.6980000138282776
YMR285C,YLR165C,0,-6.7244716,0.1183379665017128,0.9369999766349792,0.6980999708175659
YJL184W,YLR272C,0,-6.724535,0.11832302063703537,0.9369999766349792,0.698199987411499
YJL052W,YLR360W,0,-6.724906,0.11830808222293854,0.9369999766349792,0.6983000040054321
YER017C,YMR069W,0,-6.725048,0.1182931438088417,0.9369999766349792,0.6984000205993652
YMR048W,YOR008C,0,-6.725106,0.11827821284532547,0.9369999766349792,0.6984999775886536
YDL044C,YKL203C,0,-6.725175,0.11826328188180923,0.9369999766349792,0.6985999941825867
YKL206C,YBR258C,0,-6.7255697,0.1182483583688736,0.9369999766349792,0.6987000107765198
YFL050C,YPR107C,0,-6.725916,0.11823343485593796,0.9369999766349792,0.6988000273704529
YER014C-A,YPL125W,0,-6.726875,0.11821851879358292,0.9369999766349792,0.6988999843597412
YDL117W,YHR079C-A,0,-6.727497,0.11820361018180847,0.9369999766349792,0.6990000009536743
YOL009C,YBR048W,0,-6.7275114,0.11818870157003403,0.9369999766349792,0.6991000175476074
YPL256C,YGL249W,0,-6.72754,0.11817379295825958,0.9369999766349792,0.6991999745368958
YLR380W,YKR008W,0,-6.7277784,0.11815889179706573,0.9369999766349792,0.6992999911308289
YLR295C,YDR486C,0,-6.7282033,0.11814399063587189,0.9369999766349792,0.699400007724762
YML057W,YGR056W,0,-6.7283597,0.11812909692525864,0.9369999766349792,0.6995000243186951
YGR220C,YDR487C,0,-6.7283983,0.11811420321464539,0.9369999766349792,0.6995999813079834
YDR295C,YNL003C,0,-6.7286944,0.11809931695461273,0.9369999766349792,0.6996999979019165
YGL099W,YOR346W,0,-6.72871,0.11808443814516068,0.9369999766349792,0.6998000144958496
YBR201W,YOR351C,0,-6.7289305,0.11806955933570862,0.9369999766349792,0.6998999714851379
YMR072W,YLL017W,0,-6.7291307,0.11805468052625656,0.9369999766349792,0.699999988079071
YGR116W,YGR122W,0,-6.729921,0.1180398091673851,0.9369999766349792,0.7001000046730042
YOR081C,YDR059C,0,-6.7304068,0.11802493780851364,0.9369999766349792,0.7002000212669373
YFL055W,YDL245C,0,-6.730768,0.11801007390022278,0.9369999766349792,0.7002999782562256
YEL026W,YOR162C,0,-6.730816,0.11799521744251251,0.9369999766349792,0.7003999948501587
YKL001C,YER013W,0,-6.731041,0.11798036098480225,0.9369999766349792,0.7005000114440918
YMR281W,YDR477W,0,-6.731242,0.11796550452709198,0.9369999766349792,0.7006000280380249
YHR052W,YPR164W,0,-6.7314262,0.11795065551996231,0.9369999766349792,0.7006999850273132
YOL112W,YAL051W,0,-6.7314787,0.11793580651283264,0.9369999766349792,0.7008000016212463
YPR094W,YBR002C,0,-6.731652,0.11792096495628357,0.9369999766349792,0.7009000182151794
YDR284C,YOR243C,0,-6.7319565,0.1179061308503151,0.9369999766349792,0.7009999752044678
YPL176C,YLL040C,0,-6.731985,0.11789129674434662,0.9369999766349792,0.7010999917984009
YNL048W,YGL089C,0,-6.732884,0.11787646263837814,0.9369999766349792,0.701200008392334
YHR082C,YDR419W,0,-6.7331123,0.11786163598299026,0.9369999766349792,0.7013000249862671
YHR075C,YER148W,0,-6.7332954,0.11784680932760239,0.9369999766349792,0.7013999819755554
YAL032C,YNL098C,0,-6.733371,0.1178319901227951,0.9369999766349792,0.7014999985694885
YOL002C,YGL226C-A,0,-6.7336063,0.11781717836856842,0.9369999766349792,0.7016000151634216
YOR027W,YML085C,0,-6.733796,0.11780236661434174,0.9369999766349792,0.70169997215271
YER015W,YDR123C,0,-6.734257,0.11778755486011505,0.9369999766349792,0.7017999887466431
YPR119W,YPL042C,0,-6.7344365,0.11777275055646896,0.9369999766349792,0.7019000053405762
YGL194C,YAR018C,0,-6.734438,0.11775794625282288,0.9369999766349792,0.7020000219345093
YGR101W,YNR011C,0,-6.734887,0.11774314939975739,0.9369999766349792,0.7020999789237976
YNL008C,YKL043W,0,-6.735794,0.11772835999727249,0.9369999766349792,0.7021999955177307
YOR288C,YOL128C,0,-6.7362022,0.1177135705947876,0.9369999766349792,0.7023000121116638
YNR032W,YCL001W,0,-6.736302,0.1176987811923027,0.9369999766349792,0.7024000287055969
YOL165C,YDL192W,0,-6.736557,0.11768399924039841,0.9369999766349792,0.7024999856948853
YBR029C,YGR249W,0,-6.7371197,0.11766921728849411,0.9369999766349792,0.7026000022888184
YBR037C,YKL122C,0,-6.7371254,0.11765444278717041,0.9369999766349792,0.7027000188827515
YBR048W,YNL222W,0,-6.7372518,0.11763967573642731,0.9369999766349792,0.7027999758720398
YPR019W,YDR323C,0,-6.737335,0.1176249086856842,0.9369999766349792,0.7028999924659729
YDL161W,YGL075C,0,-6.7377014,0.1176101416349411,0.9369999766349792,0.703000009059906
YGL044C,YBL075C,0,-6.7378182,0.1175953820347786,0.9369999766349792,0.7031000256538391
YGR175C,YML095C,0,-6.737916,0.11758062243461609,0.9369999766349792,0.7031999826431274
YLR228C,YMR298W,0,-6.7389727,0.11756587028503418,0.9369999766349792,0.7032999992370605
YLR106C,YMR229C,0,-6.7395744,0.11755112558603287,0.9369999766349792,0.7034000158309937
YIL084C,YFL045C,0,-6.739642,0.11753638088703156,0.9369999766349792,0.703499972820282
YNL061W,YKR022C,0,-6.7401814,0.11752163618803024,0.9369999766349792,0.7035999894142151
YIL049W,YLL056C,0,-6.7404213,0.11750689893960953,0.9369999766349792,0.7037000060081482
YOL009C,YJR059W,0,-6.740616,0.11749216169118881,0.9369999766349792,0.7038000226020813
YMR184W,YJL045W,0,-6.740874,0.1174774318933487,0.9369999766349792,0.7038999795913696
YOR363C,YEL012W,0,-6.740879,0.11746270209550858,0.9369999766349792,0.7039999961853027
YDL093W,YNL113W,0,-6.741123,0.11744797974824905,0.9369999766349792,0.7041000127792358
YDL059C,YMR182C,0,-6.741484,0.11743326485157013,0.9369999766349792,0.704200029373169
YPL224C,YHR026W,0,-6.74171,0.1174185499548912,0.9369999766349792,0.7042999863624573
YER044C-A,YDR495C,0,-6.7421064,0.11740383505821228,0.9369999766349792,0.7044000029563904
YNL230C,YFL014W,0,-6.7422657,0.11738912761211395,0.9369999766349792,0.7045000195503235
YLR380W,YNL310C,0,-6.7426085,0.11737442016601562,0.9369999766349792,0.7045999765396118
YKR002W,YLR016C,1,-6.7426796,0.11748497188091278,0.9380000233650208,0.7045999765396118
YGR222W,YNL332W,0,-6.7427154,0.11747025698423386,0.9380000233650208,0.7046999931335449
YDR512C,YDR075W,0,-6.743354,0.11745554953813553,0.9380000233650208,0.704800009727478
YNL245C,YPR024W,0,-6.743691,0.1174408420920372,0.9380000233650208,0.7049000263214111
YOR351C,YJR059W,0,-6.743806,0.11742614209651947,0.9380000233650208,0.7049999833106995
YMR025W,YNL214W,0,-6.744005,0.11741144210100174,0.9380000233650208,0.7050999999046326
YCL026C-A,YAL005C,0,-6.745411,0.1173967495560646,0.9380000233650208,0.7052000164985657
YOL143C,YDR131C,0,-6.746585,0.11738205701112747,0.9380000233650208,0.705299973487854
YNL147W,YIL147C,0,-6.746813,0.11736736446619034,0.9380000233650208,0.7053999900817871
YBR039W,YBR066C,0,-6.7468348,0.1173526868224144,0.9380000233650208,0.7055000066757202
YBR298C,YFL026W,0,-6.7471046,0.11733800172805786,0.9380000233650208,0.7056000232696533
YLR284C,YDL109C,0,-6.7471514,0.11732332408428192,0.9380000233650208,0.7056999802589417
YLR006C,YNL222W,0,-6.748843,0.11730865389108658,0.9380000233650208,0.7057999968528748
YDR028C,YPL045W,0,-6.7488546,0.11729398369789124,0.9380000233650208,0.7059000134468079
YKL193C,YFL017W-A,0,-6.7495174,0.11727932095527649,0.9380000233650208,0.7059999704360962
YLR332W,YEL050C,0,-6.7496715,0.11726465821266174,0.9380000233650208,0.7060999870300293
YLR324W,YLR369W,0,-6.749959,0.1172500029206276,0.9380000233650208,0.7062000036239624
YHR186C,YMR210W,0,-6.750185,0.11723534762859344,0.9380000233650208,0.7063000202178955
YNL214W,YDR419W,0,-6.7514286,0.1172206923365593,0.9380000233650208,0.7063999772071838
YOR373W,YLR032W,0,-6.7515,0.11720604449510574,0.9380000233650208,0.7064999938011169
YLR166C,YML076C,0,-6.7517624,0.11719140410423279,0.9380000233650208,0.70660001039505
YMR081C,YBL055C,0,-6.7518277,0.11717676371335983,0.9380000233650208,0.7067000269889832
YOR032C,YDR245W,0,-6.7518454,0.11716213077306747,0.9380000233650208,0.7067999839782715
YIL109C,YOR003W,0,-6.7520895,0.11714749783277512,0.9380000233650208,0.7069000005722046
YPR162C,YPR054W,0,-6.7524843,0.11713286489248276,0.9380000233650208,0.7070000171661377
YJL214W,YDR359C,0,-6.752676,0.117118239402771,0.9380000233650208,0.707099974155426
YPL106C,YNL160W,0,-6.752781,0.11710362136363983,0.9380000233650208,0.7071999907493591
YNL242W,YOR068C,0,-6.7531433,0.11708900332450867,0.9380000233650208,0.7073000073432922
YPL094C,YGR212W,0,-6.7536216,0.1170743852853775,0.9380000233650208,0.7074000239372253
YPL015C,YDL201W,0,-6.75402,0.11705977469682693,0.9380000233650208,0.7074999809265137
YOR328W,YBL035C,0,-6.7545266,0.11704517155885696,0.9380000233650208,0.7075999975204468
YNL310C,YDR018C,0,-6.755066,0.117030568420887,0.9380000233650208,0.7077000141143799
YHR001W-A,YHR006W,0,-6.7552013,0.11701596528291702,0.9380000233650208,0.7077999711036682
YDL101C,YKL203C,0,-6.755335,0.11700136959552765,0.9380000233650208,0.7078999876976013
YBR082C,YGR048W,0,-6.7557592,0.11698678135871887,0.9380000233650208,0.7080000042915344
YNL164C,YOR084W,0,-6.7559166,0.1169721931219101,0.9380000233650208,0.7081000208854675
YOR204W,YBR260C,0,-6.756995,0.11695760488510132,0.9380000233650208,0.7081999778747559
YJR092W,YLR059C,0,-6.757224,0.11694302409887314,0.9380000233650208,0.708299994468689
YLR303W,YLR362W,0,-6.7576613,0.11692844331264496,0.9380000233650208,0.7084000110626221
YPL018W,YOR008C,0,-6.7577324,0.11691386997699738,0.9380000233650208,0.7085000276565552
YBR210W,YMR117C,0,-6.757766,0.11689930409193039,0.9380000233650208,0.7085999846458435
YHR102W,YGL106W,0,-6.7582293,0.1168847382068634,0.9380000233650208,0.7087000012397766
YNL166C,YDR131C,0,-6.7596626,0.11687017232179642,0.9380000233650208,0.7088000178337097
YGR256W,YLR292C,0,-6.759722,0.11685561388731003,0.9380000233650208,0.708899974822998
YDL008W,YPR074C,0,-6.7600803,0.11684105545282364,0.9380000233650208,0.7089999914169312
YAL033W,YNL294C,0,-6.760149,0.11682650446891785,0.9380000233650208,0.7091000080108643
YGL195W,YNL173C,0,-6.760222,0.11681195348501205,0.9380000233650208,0.7092000246047974
YOR198C,YJL089W,0,-6.760733,0.11679740995168686,0.9380000233650208,0.7092999815940857
YAL015C,YOL067C,0,-6.7607765,0.11678286641836166,0.9380000233650208,0.7093999981880188
YOR361C,YGR251W,0,-6.7607985,0.11676833033561707,0.9380000233650208,0.7095000147819519
YAR019C,YHR079C,0,-6.760901,0.11675379425287247,0.9380000233650208,0.7095999717712402
YKL213C,YOR338W,0,-6.761045,0.11673926562070847,0.9380000233650208,0.7096999883651733
YJR089W,YGR230W,0,-6.761119,0.11672473698854446,0.9380000233650208,0.7098000049591064
YDL154W,YJL035C,0,-6.7615976,0.11671021580696106,0.9380000233650208,0.7099000215530396
YIL154C,YNL293W,0,-6.761615,0.11669569462537766,0.9380000233650208,0.7099999785423279
YGL043W,YLR266C,0,-6.7617426,0.11668118089437485,0.9380000233650208,0.710099995136261
YDR302W,YMR322C,0,-6.761754,0.11666666716337204,0.9380000233650208,0.7102000117301941
YDR138W,YPR080W,1,-6.7626777,0.11677651852369308,0.9390000104904175,0.7102000117301941
YGL162W,YGR046W,0,-6.7632866,0.11676199734210968,0.9390000104904175,0.7103000283241272
YML102W,YHR138C,0,-6.763296,0.11674748361110687,0.9390000104904175,0.7103999853134155
YDR004W,YOR069W,0,-6.764794,0.11673296988010406,0.9390000104904175,0.7105000019073486
YDR335W,YKL193C,0,-6.76505,0.11671845614910126,0.9390000104904175,0.7106000185012817
YHR015W,YDR381W,1,-6.7652035,0.11682824045419693,0.9399999976158142,0.7106000185012817
YIL034C,YOL129W,0,-6.7652407,0.11681371927261353,0.9399999976158142,0.7106999754905701
YPL001W,YLL017W,0,-6.765608,0.11679920554161072,0.9399999976158142,0.7107999920845032
YML126C,YJL173C,0,-6.7657766,0.11678469181060791,0.9399999976158142,0.7109000086784363
YJL062W,YMR270C,0,-6.7661667,0.1167701855301857,0.9399999976158142,0.7110000252723694
YJL209W,YGL075C,0,-6.7664323,0.11675567924976349,0.9399999976158142,0.7110999822616577
YLR114C,YPL043W,0,-6.7665143,0.11674118041992188,0.9399999976158142,0.7111999988555908
YBR276C,YBR293W,0,-6.7668657,0.11672668904066086,0.9399999976158142,0.7113000154495239
YJL214W,YPR144C,0,-6.7669053,0.11671219021081924,0.9399999976158142,0.7113999724388123
YJL025W,YPL041C,0,-6.7679944,0.11669770628213882,0.9399999976158142,0.7114999890327454
YLR055C,YDL130W-A,0,-6.7681866,0.11668321490287781,0.9399999976158142,0.7116000056266785
YDR283C,YDL005C,0,-6.7683034,0.11666873842477798,0.9399999976158142,0.7117000222206116
YBL069W,YBR247C,0,-6.768978,0.11665425449609756,0.9399999976158142,0.7117999792098999
YEL027W,YER053C,0,-6.7692904,0.11663977801799774,0.9399999976158142,0.711899995803833
YGL195W,YGR048W,0,-6.7696733,0.11662530899047852,0.9399999976158142,0.7120000123977661
YKL143W,YFR034C,0,-6.7701006,0.11661083996295929,0.9399999976158142,0.7121000289916992
YKL059C,YDR285W,0,-6.770193,0.11659637838602066,0.9399999976158142,0.7121999859809875
YLR126C,YLR301W,0,-6.7704177,0.11658191680908203,0.9399999976158142,0.7123000025749207
YOR119C,YOR162C,0,-6.770504,0.116567462682724,0.9399999976158142,0.7124000191688538
YER179W,YML080W,0,-6.770959,0.11655300855636597,0.9399999976158142,0.7124999761581421
YDR479C,YJR009C,0,-6.771016,0.11653855443000793,0.9399999976158142,0.7125999927520752
YHR188C,YDR202C,0,-6.771721,0.1165241077542305,0.9399999976158142,0.7127000093460083
YLR102C,YLR186W,0,-6.7717395,0.11650966852903366,0.9399999976158142,0.7128000259399414
YKL220C,YJL191W,0,-6.772326,0.11649522930383682,0.9399999976158142,0.7128999829292297
YPL202C,YDL132W,0,-6.772336,0.11648079007863998,0.9399999976158142,0.7129999995231628
YPR019W,YGL181W,0,-6.7727795,0.11646635830402374,0.9399999976158142,0.713100016117096
YDR265W,YDR485C,0,-6.7732224,0.1164519339799881,0.9399999976158142,0.7131999731063843
YBL074C,YMR049C,0,-6.773276,0.11643750965595245,0.9399999976158142,0.7132999897003174
YPL129W,YDR369C,0,-6.7733912,0.11642308533191681,0.9399999976158142,0.7134000062942505
YDL113C,YEL057C,0,-6.7734375,0.11640866845846176,0.9399999976158142,0.7135000228881836
YNL297C,YCR102C,0,-6.773471,0.11639425158500671,0.9399999976158142,0.7135999798774719
YDR142C,YFR033C,0,-6.773512,0.11637984216213226,0.9399999976158142,0.713699996471405
YJR089W,YDR040C,0,-6.7737093,0.11636544018983841,0.9399999976158142,0.7138000130653381
YDL036C,YML041C,0,-6.773771,0.11635103076696396,0.9399999976158142,0.7139000296592712
YGR108W,YBR002C,0,-6.774377,0.1163366362452507,0.9399999976158142,0.7139999866485596
YGL181W,YJR026W,0,-6.7746406,0.11632223427295685,0.9399999976158142,0.7141000032424927
YNL169C,YKL015W,0,-6.775262,0.11630784720182419,0.9399999976158142,0.7142000198364258
YNR030W,YNL112W,0,-6.775299,0.11629345268011093,0.9399999976158142,0.7142999768257141
YBL042C,YBR021W,1,-6.7758703,0.116402767598629,0.9409999847412109,0.7142999768257141
YAL015C,YDR260C,0,-6.775872,0.11638837307691574,0.9409999847412109,0.7143999934196472
YJR121W,YHR164C,0,-6.776061,0.11637397855520248,0.9409999847412109,0.7145000100135803
YKL114C,YJR160C,0,-6.7766457,0.11635959148406982,0.9409999847412109,0.7146000266075134
YNL014W,YDR181C,0,-6.777072,0.11634520441293716,0.9409999847412109,0.7146999835968018
YPL171C,YKL025C,0,-6.7771277,0.1163308173418045,0.9409999847412109,0.7148000001907349
YER040W,YLR200W,0,-6.7772436,0.11631643772125244,0.9409999847412109,0.714900016784668
YHR175W,YJR104C,0,-6.7778935,0.11630206555128098,0.9409999847412109,0.7149999737739563
YPL181W,YOL110W,0,-6.777905,0.11628769338130951,0.9409999847412109,0.7150999903678894
YOL069W,YLR048W,0,-6.7786674,0.11627332121133804,0.9409999847412109,0.7152000069618225
YBR298C,YDR379W,0,-6.7788086,0.11625895649194717,0.9409999847412109,0.7153000235557556
YCR086W,YOR136W,0,-6.7790403,0.1162445917725563,0.9409999847412109,0.715399980545044
YPR021C,YEL024W,0,-6.780387,0.11623023450374603,0.9409999847412109,0.715499997138977
YJL021C,YPL101W,0,-6.780632,0.11621588468551636,0.9409999847412109,0.7156000137329102
YOR185C,YNL318C,0,-6.780856,0.11620153486728668,0.9409999847412109,0.7156999707221985
YPL155C,YGR285C,0,-6.7814536,0.116187185049057,0.9409999847412109,0.7157999873161316
YPL125W,YLR154C,0,-6.781549,0.11617284268140793,0.9409999847412109,0.7159000039100647
YNL042W,YGR122W,0,-6.7817345,0.11615850031375885,0.9409999847412109,0.7160000205039978
YBL017C,YHR039C-A,0,-6.781943,0.11614416539669037,0.9409999847412109,0.7160999774932861
YLL009C,YNL118C,0,-6.7821674,0.11612983047962189,0.9409999847412109,0.7161999940872192
YPL153C,YGL162W,0,-6.782219,0.1161154955625534,0.9409999847412109,0.7163000106811523
YLR266C,YOR332W,0,-6.7827835,0.11610117554664612,0.9409999847412109,0.7164000272750854
YPL049C,YGR028W,0,-6.7828865,0.11608684808015823,0.9409999847412109,0.7164999842643738
YKL059C,YBR103W,0,-6.7828913,0.11607252806425095,0.9409999847412109,0.7166000008583069
YLR264W,YCR072C,0,-6.782947,0.11605821549892426,0.9409999847412109,0.71670001745224
YEL032W,YJR035W,0,-6.783264,0.11604390293359756,0.9409999847412109,0.7167999744415283
YMR316W,YLR369W,0,-6.784281,0.11602959036827087,0.9409999847412109,0.7168999910354614
YBR201W,YPR188C,0,-6.784336,0.11601528525352478,0.9409999847412109,0.7170000076293945
YNL029C,YKR003W,0,-6.784817,0.11600098758935928,0.9409999847412109,0.7171000242233276
YJR052W,YER029C,0,-6.7852225,0.11598668992519379,0.9409999847412109,0.717199981212616
YDR005C,YIL016W,0,-6.7853193,0.11597239226102829,0.9409999847412109,0.7172999978065491
YOR377W,YDL080C,0,-6.7855806,0.11595810204744339,0.9409999847412109,0.7174000144004822
YOR207C,YPL011C,0,-6.7856665,0.11594381183385849,0.9409999847412109,0.7174999713897705
YHR119W,YBR152W,0,-6.785774,0.11592952907085419,0.9409999847412109,0.7175999879837036
YBR177C,YDR238C,0,-6.7859306,0.11591525375843048,0.9409999847412109,0.7177000045776367
YMR299C,YJR110W,0,-6.7866344,0.11590097099542618,0.9409999847412109,0.7178000211715698
YDR231C,YDR146C,0,-6.7869287,0.11588670313358307,0.9409999847412109,0.7178999781608582
YML107C,YPR080W,1,-6.7871695,0.11599556356668472,0.9419999718666077,0.7178999781608582
YJL076W,YGL229C,0,-6.7875147,0.11598128825426102,0.9419999718666077,0.7179999947547913
YIL035C,YJL116C,0,-6.7876163,0.11596700549125671,0.9419999718666077,0.7181000113487244
YDL142C,YHR060W,0,-6.7884254,0.11595273017883301,0.9419999718666077,0.7182000279426575
YEL063C,YHR011W,0,-6.7886195,0.1159384623169899,0.9419999718666077,0.7182999849319458
YHR150W,YJR027W,0,-6.789028,0.11592419445514679,0.9419999718666077,0.7184000015258789
YML057W,YGR033C,0,-6.7897854,0.11590992659330368,0.9419999718666077,0.718500018119812
YLR423C,YIL105C,0,-6.7899313,0.11589566618204117,0.9419999718666077,0.7185999751091003
YDR168W,YOR191W,0,-6.7907124,0.11588141322135925,0.9419999718666077,0.7186999917030334
YLR102C,YOR020C,0,-6.7907195,0.11586716026067734,0.9419999718666077,0.7188000082969666
YML107C,YOL072W,1,-6.792138,0.11597589403390884,0.9430000185966492,0.7188000082969666
YIR028W,YBR034C,1,-6.79232,0.11608460545539856,0.9440000057220459,0.7188000082969666
YBR132C,YBL033C,0,-6.7925463,0.11607033014297485,0.9440000057220459,0.7189000248908997
YCL027W,YOL001W,0,-6.792567,0.11605606228113174,0.9440000057220459,0.718999981880188
YGL068W,YDR166C,0,-6.792824,0.11604179441928864,0.9440000057220459,0.7190999984741211
YER062C,YDL200C,0,-6.7935934,0.11602753400802612,0.9440000057220459,0.7192000150680542
YBR217W,YHR074W,0,-6.794425,0.11601327359676361,0.9440000057220459,0.7192999720573425
YBR177C,YGR178C,0,-6.7948036,0.1159990206360817,0.9440000057220459,0.7193999886512756
YGL044C,YKL148C,0,-6.7950907,0.11598476767539978,0.9440000057220459,0.7195000052452087
YER030W,YDL128W,0,-6.7952566,0.11597051471471786,0.9440000057220459,0.7196000218391418
YMR073C,YPL041C,0,-6.7952642,0.11595626920461655,0.9440000057220459,0.7196999788284302
YER038C,YER075C,0,-6.796722,0.11594203114509583,0.9440000057220459,0.7197999954223633
YCR083W,YLR193C,0,-6.7974977,0.1159277930855751,0.9440000057220459,0.7199000120162964
YDR129C,YML055W,0,-6.7979364,0.11591355502605438,0.9440000057220459,0.7200000286102295
YEL050C,YLR010C,0,-6.797986,0.11589932441711426,0.9440000057220459,0.7200999855995178
YEL037C,YNL247W,0,-6.7983236,0.11588509380817413,0.9440000057220459,0.7202000021934509
YML067C,YOR132W,0,-6.7990875,0.1158708706498146,0.9440000057220459,0.720300018787384
YBR008C,YOR084W,0,-6.799206,0.11585665494203568,0.9440000057220459,0.7203999757766724
YKR083C,YDR470C,0,-6.799426,0.11584243178367615,0.9440000057220459,0.7204999923706055
YER073W,YIL019W,0,-6.799671,0.11582822352647781,0.9440000057220459,0.7206000089645386
YBR021W,YLR016C,1,-6.7997813,0.11593669652938843,0.9449999928474426,0.7206000089645386
YAL047C,YGR281W,0,-6.8004208,0.1159224733710289,0.9449999928474426,0.7207000255584717
YMR207C,YDR028C,0,-6.80144,0.11590825766324997,0.9449999928474426,0.72079998254776
YPR074C,YKL088W,0,-6.801958,0.11589404195547104,0.9449999928474426,0.7208999991416931
YNR046W,YGR042W,0,-6.8020144,0.11587982624769211,0.9449999928474426,0.7210000157356262
YNL278W,YIL085C,0,-6.802188,0.11586561799049377,0.9449999928474426,0.7210999727249146
YFR030W,YJL035C,0,-6.802346,0.11585141718387604,0.9449999928474426,0.7211999893188477
YIR005W,YNL139C,1,-6.802909,0.11595979332923889,0.9459999799728394,0.7211999893188477
YMR182C,YPR078C,0,-6.803653,0.11594558507204056,0.9459999799728394,0.7213000059127808
YLR215C,YFL002C,0,-6.8038363,0.11593136936426163,0.9459999799728394,0.7214000225067139
YCR057C,YMR051C,0,-6.8040795,0.11591716855764389,0.9459999799728394,0.7214999794960022
YCR077C,YMR201C,0,-6.804228,0.11590296775102615,0.9459999799728394,0.7215999960899353
YHR082C,YDL085W,0,-6.804569,0.11588876694440842,0.9459999799728394,0.7217000126838684
YLR397C,YDR016C,0,-6.8046303,0.11587457358837128,0.9459999799728394,0.7218000292778015
YBR043C,YLR135W,0,-6.804824,0.11586038023233414,0.9459999799728394,0.7218999862670898
YDL135C,YPL283C,0,-6.8049607,0.1158461943268776,0.9459999799728394,0.722000002861023
YOR237W,YNL093W,0,-6.8059635,0.11583200842142105,0.9459999799728394,0.722100019454956
YFL021W,YDR123C,0,-6.8060446,0.11581782251596451,0.9459999799728394,0.7221999764442444
YGR097W,YLR044C,0,-6.8061857,0.11580365151166916,0.9459999799728394,0.7222999930381775
YOR173W,YNL046W,0,-6.8068686,0.11578947305679321,0.9459999799728394,0.7224000096321106
YKL008C,YHR139C,0,-6.807029,0.11577530205249786,0.9459999799728394,0.7225000262260437
YBR207W,YBR294W,0,-6.8075857,0.11576113849878311,0.9459999799728394,0.722599983215332
YPL110C,YIL039W,0,-6.80794,0.11574697494506836,0.9459999799728394,0.7226999998092651
YKR054C,YCL026C-A,0,-6.8083014,0.11573281139135361,0.9459999799728394,0.7228000164031982
YHL047C,YPR119W,0,-6.808342,0.11571865528821945,0.9459999799728394,0.7228999733924866
YBR088C,YGL137W,0,-6.808749,0.1157044991850853,0.9459999799728394,0.7229999899864197
YJL219W,YNL334C,0,-6.8091106,0.11569035053253174,0.9459999799728394,0.7231000065803528
YOR047C,YML131W,0,-6.809161,0.11567620187997818,0.9459999799728394,0.7232000231742859
YAL015C,YCL031C,0,-6.809365,0.11566206067800522,0.9459999799728394,0.7232999801635742
YKR081C,YNL257C,0,-6.809987,0.11564791947603226,0.9459999799728394,0.7233999967575073
YBL045C,YER162C,0,-6.8102303,0.11563378572463989,0.9459999799728394,0.7235000133514404
YBR275C,YLR467W,0,-6.8104906,0.11561965197324753,0.9459999799728394,0.7235999703407288
YHR004C,YOR340C,0,-6.8105526,0.11560552567243576,0.9459999799728394,0.7236999869346619
YIL002C,YDR260C,0,-6.810733,0.11559139937162399,0.9459999799728394,0.723800003528595
YLR246W,YJL072C,0,-6.8107743,0.11557727307081223,0.9459999799728394,0.7239000201225281
YIL123W,YGR072W,0,-6.8114653,0.11556315422058105,0.9459999799728394,0.7239999771118164
YMR116C,YEL065W,0,-6.8121414,0.11554904282093048,0.9459999799728394,0.7240999937057495
YPL171C,YOL115W,0,-6.8122797,0.11553493142127991,0.9459999799728394,0.7242000102996826
YGR142W,YBR035C,0,-6.812355,0.11552082002162933,0.9459999799728394,0.7243000268936157
YKL013C,YPR054W,0,-6.812596,0.11550671607255936,0.9459999799728394,0.724399983882904
YPL259C,YGR142W,0,-6.8127728,0.11549261212348938,0.9459999799728394,0.7245000004768372
YDR207C,YIL077C,0,-6.8136477,0.115478515625,0.9459999799728394,0.7246000170707703
YGR276C,YHL028W,0,-6.814066,0.11546441912651062,0.9459999799728394,0.7246999740600586
YJL095W,YPR162C,0,-6.8142166,0.11545033007860184,0.9459999799728394,0.7247999906539917
YJL219W,YPL212C,0,-6.8142447,0.11543624103069305,0.9459999799728394,0.7249000072479248
YNL133C,YOR269W,0,-6.814307,0.11542215943336487,0.9459999799728394,0.7250000238418579
YNL042W,YKL025C,0,-6.8148518,0.11540807783603668,0.9459999799728394,0.7250999808311462
YDL198C,YIR005W,1,-6.8158426,0.11551597714424133,0.9470000267028809,0.7250999808311462
YHR053C,YBR231C,0,-6.8161974,0.11550188809633255,0.9470000267028809,0.7251999974250793
YLR433C,YPL098C,0,-6.8162923,0.11548780649900436,0.9470000267028809,0.7253000140190125
YBR258C,YCR042C,0,-6.816638,0.11547372490167618,0.9470000267028809,0.7253999710083008
YGL116W,YDR225W,0,-6.817556,0.11545964330434799,0.9470000267028809,0.7254999876022339
YOL104C,YPL012W,0,-6.818528,0.1154455691576004,0.9470000267028809,0.725600004196167
YPL021W,YKL026C,0,-6.8186383,0.11543149501085281,0.9470000267028809,0.7257000207901001
YHR158C,YNL007C,0,-6.8194046,0.11541742831468582,0.9470000267028809,0.7257999777793884
YPL046C,YPL231W,0,-6.8196707,0.11540336161851883,0.9470000267028809,0.7258999943733215
YBR034C,YIR005W,1,-6.8197403,0.11551114916801453,0.9480000138282776,0.7258999943733215
YNL210W,YPL176C,0,-6.8199444,0.11549707502126694,0.9480000138282776,0.7260000109672546
YBR201W,YGL061C,0,-6.820324,0.11548300832509995,0.9480000138282776,0.7261000275611877
YNR067C,YMR015C,0,-6.8212895,0.11546894162893295,0.9480000138282776,0.7261999845504761
YPR088C,YOR054C,0,-6.8213053,0.11545487493276596,0.9480000138282776,0.7263000011444092
YLR276C,YHR043C,0,-6.821704,0.11544081568717957,0.9480000138282776,0.7264000177383423
YDR416W,YGL039W,0,-6.822438,0.11542676389217377,0.9480000138282776,0.7264999747276306
YKL220C,YDR115W,0,-6.823063,0.11541271209716797,0.9480000138282776,0.7265999913215637
YKL060C,YHR027C,0,-6.8232393,0.11539866030216217,0.9480000138282776,0.7267000079154968
YPL192C,YBR231C,0,-6.823318,0.11538461595773697,0.9480000138282776,0.7268000245094299
YLR342W,YNL075W,0,-6.8235555,0.11537057161331177,0.9480000138282776,0.7268999814987183
YKL002W,YPL270W,0,-6.8235884,0.11535653471946716,0.9480000138282776,0.7269999980926514
YLL042C,YLR207W,0,-6.823635,0.11534249782562256,0.9480000138282776,0.7271000146865845
YGL136C,YDL007W,0,-6.8239717,0.11532846838235855,0.9480000138282776,0.7271999716758728
YCR063W,YOR204W,0,-6.8241825,0.11531443893909454,0.9480000138282776,0.7272999882698059
YER087C-B,YBR152W,0,-6.8245897,0.11530041694641113,0.9480000138282776,0.727400004863739
YDR078C,YKR001C,0,-6.82477,0.11528639495372772,0.9480000138282776,0.7275000214576721
YPR183W,YLR451W,0,-6.825175,0.11527237296104431,0.9480000138282776,0.7275999784469604
YIR010W,YNL036W,0,-6.8254795,0.1152583584189415,0.9480000138282776,0.7276999950408936
YJR108W,YOR250C,0,-6.8257327,0.11524434387683868,0.9480000138282776,0.7278000116348267
YLR102C,YKL101W,0,-6.8258677,0.11523033678531647,0.9480000138282776,0.7279000282287598
YEL015W,YPL060W,0,-6.8258877,0.11521633714437485,0.9480000138282776,0.7279999852180481
YAL053W,YDR296W,0,-6.8259783,0.11520233005285263,0.9480000138282776,0.7281000018119812
YOR173W,YBR196C,0,-6.8273883,0.11518833786249161,0.9480000138282776,0.7282000184059143
YDL195W,YBL102W,0,-6.827606,0.11517433822154999,0.9480000138282776,0.7282999753952026
YEL069C,YMR322C,0,-6.8276086,0.11516035348176956,0.9480000138282776,0.7283999919891357
YGL158W,YBL007C,0,-6.827617,0.11514636129140854,0.9480000138282776,0.7285000085830688
YHR170W,YDR126W,0,-6.827878,0.11513237655162811,0.9480000138282776,0.728600025177002
YLR442C,YNL045W,0,-6.828148,0.11511839926242828,0.9480000138282776,0.7286999821662903
YFR034C,YLR383W,0,-6.829006,0.11510442197322845,0.9480000138282776,0.7287999987602234
YPL269W,YOR275C,0,-6.8292427,0.11509044468402863,0.9480000138282776,0.7289000153541565
YLR453C,YCL010C,0,-6.8294487,0.1150764748454094,0.9480000138282776,0.7289999723434448
YAL024C,YLR055C,0,-6.82953,0.11506250500679016,0.9480000138282776,0.7290999889373779
YPR112C,YGL093W,0,-6.829879,0.11504854261875153,0.9480000138282776,0.729200005531311
YHR005C,YMR051C,0,-6.830762,0.11503458023071289,0.9480000138282776,0.7293000221252441
YML008C,YNL250W,0,-6.831106,0.11502062529325485,0.9480000138282776,0.7293999791145325
YGL116W,YDR255C,0,-6.8316126,0.11500667035579681,0.9480000138282776,0.7294999957084656
YLR259C,YPL087W,0,-6.8322477,0.11499272286891937,0.9480000138282776,0.7296000123023987
YHR043C,YGR220C,0,-6.832379,0.11497877538204193,0.9480000138282776,0.7297000288963318
YEL069C,YPL060W,0,-6.8325396,0.11496482789516449,0.9480000138282776,0.7297999858856201
YBL015W,YCR075C,0,-6.8329115,0.11495088785886765,0.9480000138282776,0.7299000024795532
YIL065C,YBR008C,0,-6.8329115,0.1149369552731514,0.9480000138282776,0.7300000190734863
YPL170W,YKR001C,0,-6.8329573,0.11492302268743515,0.9480000138282776,0.7300999760627747
YNL242W,YKL059C,0,-6.833228,0.1149090901017189,0.9480000138282776,0.7301999926567078
YFR021W,YGR113W,0,-6.8344927,0.11489516496658325,0.9480000138282776,0.7303000092506409
YJL165C,YOL066C,0,-6.8345933,0.1148812398314476,0.9480000138282776,0.730400025844574
YGL075C,YNL243W,0,-6.835246,0.11486732214689255,0.9480000138282776,0.7304999828338623
YEL069C,YDR082W,0,-6.8357534,0.1148534044623375,0.9480000138282776,0.7305999994277954
YDL019C,YPL122C,0,-6.835816,0.11483949422836304,0.9480000138282776,0.7307000160217285
YNR019W,YDL154W,0,-6.836848,0.11482558399438858,0.9480000138282776,0.7307999730110168
YLR284C,YBR244W,0,-6.8371344,0.11481167376041412,0.9480000138282776,0.73089998960495
YNL173C,YCR024C-A,0,-6.837844,0.11479777097702026,0.9480000138282776,0.7310000061988831
YJL173C,YIL105C,0,-6.8381224,0.114783875644207,0.9480000138282776,0.7311000227928162
YGL256W,YLR398C,0,-6.838254,0.11476997286081314,0.9480000138282776,0.7311999797821045
YNL073W,YDR363W-A,0,-6.8383217,0.11475608497858047,0.9480000138282776,0.7312999963760376
YIL117C,YBL033C,0,-6.8383875,0.11474218964576721,0.9480000138282776,0.7314000129699707
YNL159C,YOR140W,0,-6.8384624,0.11472830921411514,0.9480000138282776,0.7315000295639038
YDL200C,YPL041C,0,-6.839533,0.11471442133188248,0.9480000138282776,0.7315999865531921
YFR009W,YHL028W,0,-6.8404446,0.11470054090023041,0.9480000138282776,0.7317000031471252
YGL216W,YPL036W,0,-6.8404493,0.11468666791915894,0.9480000138282776,0.7318000197410583
YKL008C,YPR137W,0,-6.842184,0.11467279493808746,0.9480000138282776,0.7318999767303467
YHL019C,YDL201W,0,-6.8423285,0.11465892940759659,0.9480000138282776,0.7319999933242798
YHR133C,YJL166W,0,-6.842355,0.11464505642652512,0.9480000138282776,0.7321000099182129
YHR053C,YLR068W,0,-6.84245,0.11463119834661484,0.9480000138282776,0.732200026512146
YDR062W,YNL061W,0,-6.842712,0.11461734026670456,0.9480000138282776,0.7322999835014343
YGL191W,YAR007C,0,-6.844369,0.11460348218679428,0.9480000138282776,0.7324000000953674
YPR104C,YBR037C,0,-6.8444357,0.1145896315574646,0.9480000138282776,0.7325000166893005
YLR155C,YEL065W,0,-6.844543,0.11457578092813492,0.9480000138282776,0.7325999736785889
YPL154C,YLR357W,0,-6.845289,0.11456193029880524,0.9480000138282776,0.732699990272522
YBR066C,YLR176C,0,-6.8456917,0.11454809457063675,0.9480000138282776,0.7328000068664551
YJR013W,YLR190W,0,-6.8469944,0.11453425139188766,0.9480000138282776,0.7329000234603882
YHR107C,YNR060W,0,-6.847357,0.11452041566371918,0.9480000138282776,0.7329999804496765
YGR143W,YIL016W,0,-6.8473997,0.11450657993555069,0.9480000138282776,0.7330999970436096
YDL044C,YLR265C,0,-6.8481646,0.1144927516579628,0.9480000138282776,0.7332000136375427
YER143W,YOR351C,0,-6.8482957,0.1144789308309555,0.9480000138282776,0.733299970626831
YOR386W,YKR042W,0,-6.8485365,0.11446510255336761,0.9480000138282776,0.7333999872207642
YKR034W,YIR012W,0,-6.8487663,0.11445128917694092,0.9480000138282776,0.7335000038146973
YDR486C,YNL247W,0,-6.849029,0.11443746834993362,0.9480000138282776,0.7336000204086304
YNR043W,YMR234W,0,-6.8495407,0.11442365497350693,0.9480000138282776,0.7336999773979187
YGL209W,YNR064C,0,-6.8496704,0.11440984904766083,0.9480000138282776,0.7337999939918518
YDR343C,YPL157W,0,-6.84973,0.11439604312181473,0.9480000138282776,0.7339000105857849
YNL278W,YOR084W,0,-6.850406,0.11438223719596863,0.9480000138282776,0.734000027179718
YCL026C-A,YOL108C,0,-6.8504896,0.11436843872070312,0.9480000138282776,0.7340999841690063
YBL097W,YDR276C,0,-6.8505764,0.11435464769601822,0.9480000138282776,0.7342000007629395
YMR023C,YNL167C,0,-6.851561,0.11434084922075272,0.9480000138282776,0.7343000173568726
YDR272W,YML025C,0,-6.851586,0.11432706564664841,0.9480000138282776,0.7343999743461609
YGR157W,YGL171W,0,-6.851633,0.1143132746219635,0.9480000138282776,0.734499990940094
YPR104C,YMR127C,0,-6.8519197,0.11429949104785919,0.9480000138282776,0.7346000075340271
YHR171W,YPL177C,0,-6.852194,0.11428571492433548,0.9480000138282776,0.7347000241279602
YDL029W,YDL244W,0,-6.8523088,0.11427193880081177,0.9480000138282776,0.7347999811172485
YJL065C,YNL312W,0,-6.8527126,0.11425816267728806,0.9480000138282776,0.7348999977111816
YGL032C,YHR102W,0,-6.854098,0.11424439400434494,0.9480000138282776,0.7350000143051147
YNL039W,YER075C,0,-6.855055,0.11423063278198242,0.9480000138282776,0.7350999712944031
YHR015W,YGL122C,1,-6.8553886,0.11433734744787216,0.9490000009536743,0.7350999712944031
YPR065W,YJL138C,0,-6.8554955,0.11432357877492905,0.9490000009536743,0.7351999878883362
YGR108W,YFR034C,0,-6.8557034,0.11430980265140533,0.9490000009536743,0.7353000044822693
YMR044W,YGR099W,0,-6.8557115,0.11429603397846222,0.9490000009536743,0.7354000210762024
YER166W,YPR164W,0,-6.8559494,0.1142822727560997,0.9490000009536743,0.7354999780654907
YNL270C,YNL061W,0,-6.856002,0.11426851153373718,0.9490000009536743,0.7355999946594238
YGR188C,YCR027C,0,-6.8563337,0.11425475776195526,0.9490000009536743,0.7357000112533569
YER088C,YHR061C,0,-6.8565474,0.11424100399017334,0.9490000009536743,0.73580002784729
YIL115C,YCR073W-A,1,-6.8566637,0.11434761434793472,0.949999988079071,0.73580002784729
YGL037C,YKL042W,0,-6.856782,0.1143338531255722,0.949999988079071,0.7358999848365784
YNL325C,YOL125W,0,-6.8568487,0.11432009935379028,0.949999988079071,0.7360000014305115
YMR198W,YFL026W,0,-6.8569026,0.11430633813142776,0.949999988079071,0.7361000180244446
YPL101W,YJL166W,0,-6.8571196,0.11429259181022644,0.949999988079071,0.7361999750137329
YML098W,YBR273C,0,-6.857483,0.11427883803844452,0.949999988079071,0.736299991607666
YDR323C,YGR059W,0,-6.8577456,0.1142650917172432,0.949999988079071,0.7364000082015991
YIL037C,YER072W,0,-6.857811,0.11425135284662247,0.949999988079071,0.7365000247955322
YDR382W,YPL283C,0,-6.8578787,0.11423761397600174,0.949999988079071,0.7365999817848206
YLR207W,YEL053C,0,-6.858508,0.11422387510538101,0.949999988079071,0.7366999983787537
YPR057W,YGR133W,0,-6.8587036,0.11421014368534088,0.949999988079071,0.7368000149726868
YPL211W,YLR090W,0,-6.858743,0.11419641971588135,0.949999988079071,0.7368999719619751
YOR031W,YDL019C,0,-6.8587446,0.11418269574642181,0.949999988079071,0.7369999885559082
YFL021W,YLR048W,0,-6.859129,0.11416897177696228,0.949999988079071,0.7371000051498413
YGL219C,YAL011W,0,-6.859462,0.11415524780750275,0.949999988079071,0.7372000217437744
YGR178C,YGR141W,0,-6.8597317,0.1141415387392044,0.949999988079071,0.7372999787330627
YDR071C,YKL193C,0,-6.859858,0.11412782222032547,0.949999988079071,0.7373999953269958
YNL297C,YPR052C,0,-6.8599277,0.11411411315202713,0.949999988079071,0.737500011920929
YLL018C-A,YBR213W,0,-6.8602505,0.11410041153430939,0.949999988079071,0.7376000285148621
YBL078C,YKR003W,0,-6.8606544,0.11408670246601105,0.949999988079071,0.7376999855041504
YDR123C,YDR088C,0,-6.8610144,0.1140730082988739,0.949999988079071,0.7378000020980835
YOL088C,YGL025C,0,-6.8611927,0.11405931413173676,0.949999988079071,0.7379000186920166
YDR365C,YMR309C,0,-6.861197,0.11404561996459961,0.949999988079071,0.7379999756813049
YMR133W,YGR094W,0,-6.8616996,0.11403192579746246,0.949999988079071,0.738099992275238
YPL021W,YPL120W,0,-6.862583,0.11401824653148651,0.949999988079071,0.7382000088691711
YGR113W,YCR083W,0,-6.8629246,0.11400455981492996,0.949999988079071,0.7383000254631042
YDR517W,YBR199W,0,-6.8635488,0.11399088054895401,0.949999988079071,0.7383999824523926
YGL092W,YCR073W-A,1,-6.8648105,0.11409717798233032,0.9509999752044678,0.7383999824523926
YJR025C,YMR186W,0,-6.865409,0.11408349126577377,0.9509999752044678,0.7384999990463257
YDR416W,YBR273C,0,-6.8658276,0.11406981199979782,0.9509999752044678,0.7386000156402588
YML116W,YLR221C,0,-6.866034,0.11405612528324127,0.9509999752044678,0.7386999726295471
YGL027C,YOL043C,0,-6.8660583,0.11404245346784592,0.9509999752044678,0.7387999892234802
YAL007C,YJL219W,0,-6.866294,0.11402877420186996,0.9509999752044678,0.7389000058174133
YKL013C,YLL004W,0,-6.8665934,0.11401510238647461,0.9509999752044678,0.7390000224113464
YNR033W,YDR378C,0,-6.8670707,0.11400143802165985,0.9509999752044678,0.7390999794006348
YMR182C,YML028W,0,-6.8673153,0.11398777365684509,0.9509999752044678,0.7391999959945679
YBR109C,YGL175C,0,-6.8677483,0.11397411674261093,0.9509999752044678,0.739300012588501
YPL249C,YER074W-A,0,-6.8686934,0.11396045237779617,0.9509999752044678,0.7394000291824341
YKR052C,YDR260C,0,-6.868862,0.11394680291414261,0.9509999752044678,0.7394999861717224
YGL153W,YDL230W,0,-6.8694763,0.11393314599990845,0.9509999752044678,0.7396000027656555
YOL066C,YPR065W,0,-6.8718424,0.11391950398683548,0.9509999752044678,0.7397000193595886
YPL036W,YPL022W,0,-6.8721614,0.11390585452318192,0.9509999752044678,0.739799976348877
YGR254W,YHR027C,0,-6.872274,0.11389221251010895,0.9509999752044678,0.7398999929428101
YHR191C,YLR025W,0,-6.872283,0.11387857794761658,0.9509999752044678,0.7400000095367432
YER054C,YHR120W,0,-6.872557,0.1138649433851242,0.9509999752044678,0.7401000261306763
YLR167W,YBR284W,0,-6.8726788,0.11385130882263184,0.9509999752044678,0.7401999831199646
YIL077C,YJL114W,0,-6.8729496,0.11383768171072006,0.9509999752044678,0.7402999997138977
YLL008W,YDR285W,0,-6.8731585,0.11382405459880829,0.9509999752044678,0.7404000163078308
YHR023W,YJL052W,0,-6.873171,0.11381043493747711,0.9509999752044678,0.7404999732971191
YGR230W,YNL129W,0,-6.873275,0.11379681527614594,0.9509999752044678,0.7405999898910522
YCR040W,YKR101W,0,-6.8733788,0.11378320306539536,0.9509999752044678,0.7407000064849854
YBR265W,YCL020W,0,-6.87364,0.11376959085464478,0.9509999752044678,0.7408000230789185
YKL185W,YPL115C,0,-6.8741827,0.1137559786438942,0.9509999752044678,0.7408999800682068
YML008C,YAL032C,0,-6.8742275,0.11374237388372421,0.9509999752044678,0.7409999966621399
YMR069W,YDR023W,0,-6.8744397,0.11372877657413483,0.9509999752044678,0.741100013256073
YER015W,YMR050C,0,-6.874569,0.11371517181396484,0.9509999752044678,0.7411999702453613
YPL170W,YGR159C,0,-6.874742,0.11370157450437546,0.9509999752044678,0.7412999868392944
YOR198C,YNR056C,0,-6.8749475,0.11368798464536667,0.9509999752044678,0.7414000034332275
YGL183C,YOL105C,0,-6.875122,0.11367439478635788,0.9509999752044678,0.7415000200271606
YDR060W,YOL129W,0,-6.8754153,0.11366081237792969,0.9509999752044678,0.741599977016449
YAL042W,YDR005C,0,-6.8754377,0.1136472299695015,0.9509999752044678,0.7416999936103821
YER020W,YJR141W,0,-6.8755426,0.1136336475610733,0.9509999752044678,0.7418000102043152
YGL089C,YMR125W,0,-6.875583,0.11362007260322571,0.9509999752044678,0.7419000267982483
YDR335W,YKL126W,0,-6.8758516,0.11360649764537811,0.9509999752044678,0.7419999837875366
YJR070C,YHL028W,0,-6.8759546,0.11359293013811111,0.9509999752044678,0.7421000003814697
YDR075W,YOR313C,0,-6.8763776,0.11357936263084412,0.9509999752044678,0.7422000169754028
YIL122W,YJR110W,0,-6.8771505,0.11356580257415771,0.9509999752044678,0.7422999739646912
YJL121C,YLR092W,0,-6.8772426,0.11355224251747131,0.9509999752044678,0.7423999905586243
YLR216C,YFR005C,0,-6.8780513,0.11353868246078491,0.9509999752044678,0.7425000071525574
YDL227C,YJR077C,0,-6.878771,0.11352512985467911,0.9509999752044678,0.7426000237464905
YBR289W,YNL273W,0,-6.879388,0.1135115772485733,0.9509999752044678,0.7426999807357788
YDR040C,YBR006W,0,-6.879675,0.1134980320930481,0.9509999752044678,0.7427999973297119
YNR001C,YPL116W,0,-6.8798046,0.11348448693752289,0.9509999752044678,0.742900013923645
YKR054C,YNR060W,0,-6.880082,0.11347094923257828,0.9509999752044678,0.7429999709129333
YLR176C,YEL041W,0,-6.880307,0.11345741152763367,0.9509999752044678,0.7430999875068665
YLR102C,YDR517W,0,-6.880617,0.11344387382268906,0.9509999752044678,0.7432000041007996
YCR027C,YML041C,0,-6.880695,0.11343034356832504,0.9509999752044678,0.7433000206947327
YOL016C,YBR186W,0,-6.8808184,0.11341681331396103,0.9509999752044678,0.743399977684021
YER045C,YDL065C,0,-6.8811803,0.11340329051017761,0.9509999752044678,0.7434999942779541
YIL097W,YER100W,0,-6.881443,0.1133897677063942,0.9509999752044678,0.7436000108718872
YLR226W,YML051W,0,-6.881475,0.11337625235319138,0.9509999752044678,0.7437000274658203
YJR150C,YNR032C-A,0,-6.882035,0.11336273699998856,0.9509999752044678,0.7437999844551086
YPL255W,YNL061W,0,-6.8830404,0.11334922164678574,0.9509999752044678,0.7439000010490417
YGL084C,YLR298C,0,-6.883199,0.11333571374416351,0.9509999752044678,0.7440000176429749
YDL149W,YNL135C,0,-6.8833,0.11332221329212189,0.9509999752044678,0.7440999746322632
YBL051C,YGR180C,0,-6.883339,0.11330871284008026,0.9509999752044678,0.7441999912261963
YDR099W,YJL108C,0,-6.883437,0.11329521238803864,0.9509999752044678,0.7443000078201294
YBR132C,YOR191W,0,-6.8836136,0.11328171193599701,0.9509999752044678,0.7444000244140625
YBL003C,YNL317W,0,-6.883662,0.11326822638511658,0.9509999752044678,0.7444999814033508
YNL062C,YBR284W,0,-6.88391,0.11325473338365555,0.9509999752044678,0.7445999979972839
YDL147W,YOR261C,0,-6.8849635,0.11324124783277512,0.9509999752044678,0.744700014591217
YKR003W,YKR097W,0,-6.885441,0.11322776228189468,0.9509999752044678,0.7447999715805054
YBR196C,YDR143C,0,-6.8866935,0.11321428418159485,0.9509999752044678,0.7448999881744385
YER142C,YNL244C,0,-6.8874154,0.11320080608129501,0.9509999752044678,0.7450000047683716
YDL035C,YPR002W,0,-6.8874726,0.11318733543157578,0.9509999752044678,0.7451000213623047
YDR179C,YDR268W,0,-6.887638,0.11317386478185654,0.9509999752044678,0.745199978351593
YNR035C,YMR190C,0,-6.8877263,0.1131604015827179,0.9509999752044678,0.7452999949455261
YGL166W,YPL283C,0,-6.8881245,0.11314693838357925,0.9509999752044678,0.7454000115394592
YCR081W,YJL059W,0,-6.8881874,0.11313347518444061,0.9509999752044678,0.7455000281333923
YLR377C,YCL063W,0,-6.8882008,0.11312001943588257,0.9509999752044678,0.7455999851226807
YGR185C,YIL077C,0,-6.889748,0.11310656368732452,0.9509999752044678,0.7457000017166138
YPR179C,YHR034C,0,-6.8898773,0.11309311538934708,0.9509999752044678,0.7458000183105469
YBL005W,YKL051W,0,-6.8899374,0.11307966709136963,0.9509999752044678,0.7458999752998352
YGL175C,YGR144W,0,-6.8909974,0.11306622624397278,0.9509999752044678,0.7459999918937683
YCR040W,YOR334W,0,-6.8922434,0.11305278539657593,0.9509999752044678,0.7461000084877014
YER094C,YKL086W,0,-6.8923235,0.11303934454917908,0.9509999752044678,0.7462000250816345
YDL200C,YPR078C,0,-6.8924847,0.11302591115236282,0.9509999752044678,0.7462999820709229
YDL175C,YKR002W,1,-6.8931866,0.1131313145160675,0.9520000219345093,0.7462999820709229
YKL092C,YLR100W,0,-6.8948073,0.11311787366867065,0.9520000219345093,0.746399998664856
YNL051W,YLR006C,0,-6.895195,0.1131044328212738,0.9520000219345093,0.7465000152587891
YIL070C,YHL027W,0,-6.8953366,0.11309099197387695,0.9520000219345093,0.7465999722480774
YPL146C,YNL007C,0,-6.8959017,0.1130775660276413,0.9520000219345093,0.7466999888420105
YHR094C,YKL122C,0,-6.896074,0.11306413263082504,0.9520000219345093,0.7468000054359436
YLL027W,YGR253C,0,-6.8967648,0.11305070668458939,0.9520000219345093,0.7469000220298767
YOR001W,YPL163C,0,-6.8969345,0.11303728073835373,0.9520000219345093,0.746999979019165
YOR036W,YKR008W,0,-6.8969774,0.11302386224269867,0.9520000219345093,0.7470999956130981
YER073W,YPL118W,0,-6.897603,0.11301044374704361,0.9520000219345093,0.7472000122070312
YDL178W,YMR204C,0,-6.8981524,0.11299703270196915,0.9520000219345093,0.7473000288009644
YOL164W,YFR046C,0,-6.898896,0.11298362165689468,0.9520000219345093,0.7473999857902527
YBR298C,YDR145W,0,-6.899729,0.11297021806240082,0.9520000219345093,0.7475000023841858
YDR221W,YBR250W,0,-6.9001365,0.11295680701732635,0.9520000219345093,0.7476000189781189
YLR102C,YLR429W,0,-6.90068,0.11294341087341309,0.9520000219345093,0.7476999759674072
YBR245C,YDR369C,0,-6.9009457,0.11293001472949982,0.9520000219345093,0.7477999925613403
YLR350W,YPL163C,0,-6.901307,0.11291661858558655,0.9520000219345093,0.7479000091552734
YHR106W,YDL224C,0,-6.9015656,0.11290322244167328,0.9520000219345093,0.7480000257492065
YFR001W,YLR435W,0,-6.9047084,0.1128898411989212,0.9520000219345093,0.7480999827384949
YML126C,YDR325W,0,-6.9047413,0.11287645250558853,0.9520000219345093,0.748199999332428
YNL222W,YAL016W,0,-6.905106,0.11286307126283646,0.9520000219345093,0.7483000159263611
YOR145C,YIL017W,0,-6.9051943,0.11284969002008438,0.9520000219345093,0.7483999729156494
YHR092C,YLR191W,0,-6.9054174,0.1128363162279129,0.9520000219345093,0.7484999895095825
YJL134W,YDR195W,0,-6.9057693,0.11282294243574142,0.9520000219345093,0.7486000061035156
YAL026C,YLR284C,0,-6.906146,0.11280957609415054,0.9520000219345093,0.7487000226974487
YLL009C,YGL233W,0,-6.9066477,0.11279620975255966,0.9520000219345093,0.7487999796867371
YER022W,YPR133W-A,0,-6.906898,0.11278284341096878,0.9520000219345093,0.7488999962806702
YBR066C,YLR224W,0,-6.907066,0.1127694845199585,0.9520000219345093,0.7490000128746033
YJL187C,YIL077C,0,-6.9072814,0.11275612562894821,0.9520000219345093,0.7491000294685364
YGR171C,YBL025W,0,-6.907325,0.11274277418851852,0.9520000219345093,0.7491999864578247
YCR086W,YAL042W,0,-6.907573,0.11272942274808884,0.9520000219345093,0.7493000030517578
YKL059C,YDR359C,0,-6.907694,0.11271607875823975,0.9520000219345093,0.7494000196456909
YJL003W,YJR031C,0,-6.90863,0.11270273476839066,0.9520000219345093,0.7494999766349792
YDR214W,YPL174C,0,-6.9086604,0.11268939077854156,0.9520000219345093,0.7495999932289124
YPL224C,YPL232W,0,-6.9089713,0.11267605423927307,0.9520000219345093,0.7497000098228455
YDR386W,YDR443C,0,-6.909005,0.11266272515058517,0.9520000219345093,0.7498000264167786
YHR123W,YML034W,0,-6.909075,0.11264938861131668,0.9520000219345093,0.7498999834060669
YNR030W,YJR033C,0,-6.9101458,0.11263605952262878,0.9520000219345093,0.75
YJL102W,YPL253C,0,-6.9104404,0.11262273788452148,0.9520000219345093,0.7501000165939331
YBR092C,YML025C,0,-6.9105434,0.11260941624641418,0.9520000219345093,0.7501999735832214
YPL159C,YOL040C,0,-6.910802,0.11259609460830688,0.9520000219345093,0.7502999901771545
YFL036W,YOR083W,0,-6.911015,0.11258278042078018,0.9520000219345093,0.7504000067710876
YKL194C,YGL045W,0,-6.911606,0.11256946623325348,0.9520000219345093,0.7505000233650208
YBR273C,YLR396C,0,-6.9126654,0.11255615949630737,0.9520000219345093,0.7505999803543091
YDL006W,YLR369W,0,-6.912871,0.11254285275936127,0.9520000219345093,0.7506999969482422
YGR268C,YCL019W,0,-6.9136496,0.11252955347299576,0.9520000219345093,0.7508000135421753
YOL156W,YDR142C,0,-6.913949,0.11251625418663025,0.9520000219345093,0.7508999705314636
YIR019C,YDR030C,0,-6.9140496,0.11250295490026474,0.9520000219345093,0.7509999871253967
YNR057C,YJR120W,0,-6.9143286,0.11248966306447983,0.9520000219345093,0.7511000037193298
YIR008C,YKL193C,0,-6.915142,0.11247637122869492,0.9520000219345093,0.7512000203132629
YGL111W,YML013W,0,-6.9152207,0.1124630868434906,0.9520000219345093,0.7512999773025513
YDR016C,YKL026C,0,-6.915553,0.11244980245828629,0.9520000219345093,0.7513999938964844
YPL018W,YPL087W,0,-6.9156055,0.11243651807308197,0.9520000219345093,0.7515000104904175
YGL054C,YBR298C,0,-6.915656,0.11242324113845825,0.9520000219345093,0.7516000270843506
YBL075C,YOR229W,0,-6.9165225,0.11240996420383453,0.9520000219345093,0.7516999840736389
YBL033C,YLR130C,0,-6.9167604,0.11239669471979141,0.9520000219345093,0.751800000667572
YGL181W,YDR189W,0,-6.9170103,0.11238342523574829,0.9520000219345093,0.7519000172615051
YDR221W,YBR092C,0,-6.917927,0.11237016320228577,0.9520000219345093,0.7519999742507935
YOR317W,YLR130C,0,-6.9184175,0.11235690116882324,0.9520000219345093,0.7520999908447266
YGL166W,YLR192C,0,-6.918622,0.11234363913536072,0.9520000219345093,0.7522000074386597
YLR115W,YML048W,0,-6.9186697,0.11233038455247879,0.9520000219345093,0.7523000240325928
YMR092C,YNR011C,0,-6.9190407,0.11231712996959686,0.9520000219345093,0.7523999810218811
YPR183W,YBR213W,0,-6.919285,0.11230388283729553,0.9520000219345093,0.7524999976158142
YIL142W,YDL154W,0,-6.9194202,0.1122906357049942,0.9520000219345093,0.7526000142097473
YMR319C,YJR147W,0,-6.9196897,0.11227738857269287,0.9520000219345093,0.7526999711990356
YPL275W,YHR005C,0,-6.919804,0.11226414889097214,0.9520000219345093,0.7527999877929688
YHR175W,YBL100W-B,0,-6.9198823,0.112250916659832,0.9520000219345093,0.7529000043869019
YIL173W,YPR078C,0,-6.9198933,0.11223767697811127,0.9520000219345093,0.753000020980835
YDL111C,YHR006W,0,-6.920124,0.11222445219755173,0.9520000219345093,0.7530999779701233
YIL103W,YJL092W,0,-6.9205894,0.11221121996641159,0.9520000219345093,0.7531999945640564
YDL059C,YMR179W,0,-6.920848,0.11219799518585205,0.9520000219345093,0.7533000111579895
YLR264W,YDR532C,0,-6.9227104,0.11218477785587311,0.9520000219345093,0.7534000277519226
YLR427W,YKL040C,0,-6.9228806,0.11217155307531357,0.9520000219345093,0.7534999847412109
YBL097W,YDR343C,0,-6.923319,0.11215834319591522,0.9520000219345093,0.753600001335144
YPL231W,YLR148W,0,-6.92379,0.11214512586593628,0.9520000219345093,0.7537000179290771
YMR287C,YPL262W,0,-6.9240255,0.11213192343711853,0.9520000219345093,0.7537999749183655
YNL027W,YLR438C-A,0,-6.9243093,0.11211871355772018,0.9520000219345093,0.7538999915122986
YDL132W,YNL263C,0,-6.9245205,0.11210551112890244,0.9520000219345093,0.7540000081062317
YNL293W,YKL056C,0,-6.9249,0.11209230870008469,0.9520000219345093,0.7541000247001648
YPR075C,YOL011W,0,-6.9251437,0.11207911372184753,0.9520000219345093,0.7541999816894531
YDR448W,YDR076W,0,-6.9256086,0.11206591874361038,0.9520000219345093,0.7542999982833862
YGL045W,YDR025W,0,-6.9256234,0.11205273121595383,0.9520000219345093,0.7544000148773193
YMR184W,YDL060W,0,-6.925625,0.11203954368829727,0.9520000219345093,0.7544999718666077
YMR292W,YHR111W,0,-6.925767,0.11202635616064072,0.9520000219345093,0.7545999884605408
YDR294C,YCL063W,0,-6.926556,0.11201317608356476,0.9520000219345093,0.7547000050544739
YIL159W,YNL044W,0,-6.926793,0.1120000034570694,0.9520000219345093,0.754800021648407
YDR145W,YBR006W,0,-6.9269166,0.11198682337999344,0.9520000219345093,0.7548999786376953
YPR005C,YOR159C,0,-6.927558,0.11197365075349808,0.9520000219345093,0.7549999952316284
YHR094C,YMR127C,0,-6.928186,0.11196048557758331,0.9520000219345093,0.7551000118255615
YBL097W,YNR060W,0,-6.928296,0.11194732040166855,0.9520000219345093,0.7552000284194946
YOR233W,YPR078C,0,-6.928516,0.11193415522575378,0.9520000219345093,0.755299985408783
YNR067C,YOR060C,0,-6.9293013,0.11192099750041962,0.9520000219345093,0.7554000020027161
YIL033C,YJR092W,0,-6.9304447,0.11190783977508545,0.9520000219345093,0.7555000185966492
YDR168W,YOR229W,0,-6.930603,0.11189468950033188,0.9520000219345093,0.7555999755859375
YMR117C,YGR054W,0,-6.9315605,0.11188153922557831,0.9520000219345093,0.7556999921798706
YNL101W,YGR212W,0,-6.9319897,0.11186838895082474,0.9520000219345093,0.7558000087738037
YDR221W,YNL328C,0,-6.932128,0.11185524612665176,0.9520000219345093,0.7559000253677368
YIL048W,YOR380W,0,-6.932235,0.11184210330247879,0.9520000219345093,0.7559999823570251
YPR131C,YDR043C,0,-6.93264,0.11182896792888641,0.9520000219345093,0.7560999989509583
YEL063C,YDR478W,0,-6.9331803,0.11181583255529404,0.9520000219345093,0.7562000155448914
YJL214W,YDR092W,0,-6.934352,0.11180270463228226,0.9520000219345093,0.7562999725341797
YJR160C,YCR102C,0,-6.9343843,0.11178956925868988,0.9520000219345093,0.7563999891281128
YGR188C,YPR163C,0,-6.9344306,0.1117764487862587,0.9520000219345093,0.7565000057220459
YMR013C,YCR102C,0,-6.9350433,0.11176332831382751,0.9520000219345093,0.756600022315979
YOL076W,YLR266C,0,-6.9353766,0.11175020784139633,0.9520000219345093,0.7566999793052673
YGL241W,YML131W,0,-6.935483,0.11173708736896515,0.9520000219345093,0.7567999958992004
YPL015C,YCR026C,0,-6.9356565,0.11172397434711456,0.9520000219345093,0.7569000124931335
YNL318C,YPL188W,0,-6.936154,0.11171086877584457,0.9520000219345093,0.7570000290870667
YPR094W,YOR230W,0,-6.936313,0.11169775575399399,0.9520000219345093,0.757099986076355
YKR087C,YDR306C,0,-6.9364586,0.1116846576333046,0.9520000219345093,0.7572000026702881
YNR075W,YIL117C,0,-6.9367723,0.1116715520620346,0.9520000219345093,0.7573000192642212
YDR524C,YIL077C,0,-6.936892,0.11165845394134521,0.9520000219345093,0.7573999762535095
YMR208W,YBR179C,0,-6.93696,0.11164536327123642,0.9520000219345093,0.7574999928474426
YHR148W,YGR249W,0,-6.9380517,0.11163227260112762,0.9520000219345093,0.7576000094413757
YBL017C,YGL011C,0,-6.9385147,0.11161918193101883,0.9520000219345093,0.7577000260353088
YLR381W,YDR151C,0,-6.9413013,0.11160609871149063,0.9520000219345093,0.7577999830245972
YML069W,YDR004W,0,-6.94174,0.11159301549196243,0.9520000219345093,0.7578999996185303
YDR141C,YPR065W,0,-6.9425797,0.11157993227243423,0.9520000219345093,0.7580000162124634
YGR121C,YNL221C,0,-6.9428616,0.11156685650348663,0.9520000219345093,0.7580999732017517
YNR056C,YOR210W,0,-6.944108,0.11155378818511963,0.9520000219345093,0.7581999897956848
YHR082C,YKR087C,0,-6.9448395,0.11154071241617203,0.9520000219345093,0.7583000063896179
YGL180W,YHR039C-A,0,-6.945591,0.11152764409780502,0.9520000219345093,0.758400022983551
YBL042C,YLR016C,1,-6.945895,0.11163172125816345,0.953000009059906,0.758400022983551
YLR288C,YHR075C,0,-6.9460325,0.11161864548921585,0.953000009059906,0.7584999799728394
YBL097W,YCR057C,0,-6.946227,0.11160557717084885,0.953000009059906,0.7585999965667725
YLR431C,YBR207W,0,-6.946453,0.11159250885248184,0.953000009059906,0.7587000131607056
YJR108W,YCR020C,0,-6.9467487,0.11157944053411484,0.953000009059906,0.7588000297546387
YDR038C,YPL135W,0,-6.946761,0.11156637966632843,0.953000009059906,0.758899986743927
YDL101C,YPL210C,0,-6.9471416,0.11155331879854202,0.953000009059906,0.7590000033378601
YJR059W,YMR013C,0,-6.9477644,0.11154026538133621,0.953000009059906,0.7591000199317932
YHR165C,YHR214C-B,0,-6.948117,0.1115272119641304,0.953000009059906,0.7591999769210815
YPR135W,YBR006W,0,-6.948488,0.11151415854692459,0.953000009059906,0.7592999935150146
YML099C,YDR369C,0,-6.949751,0.11150111258029938,0.953000009059906,0.7594000101089478
YER030W,YLR132C,0,-6.949835,0.11148806661367416,0.953000009059906,0.7595000267028809
YLR109W,YAL011W,0,-6.9500203,0.11147502809762955,0.953000009059906,0.7595999836921692
YIL124W,YPR094W,0,-6.9500465,0.11146198958158493,0.953000009059906,0.7597000002861023
YNL042W,YMR212C,0,-6.9502172,0.11144895106554031,0.953000009059906,0.7598000168800354
YIR028W,YOR046C,1,-6.9503074,0.11155284941196442,0.9539999961853027,0.7598000168800354
YKR081C,YIR026C,0,-6.9507704,0.1115398108959198,0.9539999961853027,0.7598999738693237
YKL048C,YDR039C,0,-6.9509654,0.11152677237987518,0.9539999961853027,0.7599999904632568
YLR284C,YFL031W,0,-6.951543,0.11151373386383057,0.9539999961853027,0.7601000070571899
YMR250W,YDR322C-A,0,-6.9515605,0.11150070279836655,0.9539999961853027,0.760200023651123
YBR233W-A,YJL035C,0,-6.951785,0.11148767173290253,0.9539999961853027,0.7602999806404114
YNL048W,YOR328W,0,-6.951956,0.11147464066743851,0.9539999961853027,0.7603999972343445
YHL002W,YDR334W,0,-6.952486,0.11146161705255508,0.9539999961853027,0.7605000138282776
YPL177C,YHR012W,0,-6.9527645,0.11144860088825226,0.9539999961853027,0.7605999708175659
YOR213C,YGR042W,0,-6.9534783,0.11143557727336884,0.9539999961853027,0.760699987411499
YGL158W,YNR015W,0,-6.9535627,0.11142256110906601,0.9539999961853027,0.7608000040054321
YPL121C,YLR417W,0,-6.9541264,0.11140955239534378,0.9539999961853027,0.7609000205993652
YGL166W,YNL182C,0,-6.9546204,0.11139654368162155,0.9539999961853027,0.7609999775886536
YLR144C,YDR443C,0,-6.9547825,0.11138353496789932,0.9539999961853027,0.7610999941825867
YDL138W,YPL203W,0,-6.954813,0.11137053370475769,0.9539999961853027,0.7612000107765198
YLR207W,YOL110W,0,-6.955049,0.11135753244161606,0.9539999961853027,0.7613000273704529
YBR168W,YBR228W,0,-6.955598,0.11134453862905502,0.9539999961853027,0.7613999843597412
YPL053C,YDR353W,0,-6.9562173,0.11133154481649399,0.9539999961853027,0.7615000009536743
YMR013C,YMR101C,0,-6.9564137,0.11131855100393295,0.9539999961853027,0.7616000175476074
YJL053W,YOL143C,0,-6.9565296,0.11130556464195251,0.9539999961853027,0.7616999745368958
YLR216C,YBL105C,0,-6.9568434,0.11129257827997208,0.9539999961853027,0.7617999911308289
YIR028W,YIR005W,1,-6.9569397,0.11139624565839767,0.9549999833106995,0.7617999911308289
YDR284C,YDR343C,0,-6.957313,0.11138325184583664,0.9549999833106995,0.761900007724762
YER062C,YPR163C,0,-6.957595,0.1113702654838562,0.9549999833106995,0.7620000243186951
YGR284C,YDL208W,0,-6.9577436,0.11135727912187576,0.9549999833106995,0.7620999813079834
YDR494W,YLR135W,0,-6.9587502,0.11134429275989532,0.9549999833106995,0.7621999979019165
YPR120C,YBL088C,0,-6.9595003,0.11133131384849548,0.9549999833106995,0.7623000144958496
YJR140C,YDR515W,0,-6.959548,0.11131833493709564,0.9549999833106995,0.7623999714851379
YMR173W,YDL058W,0,-6.9601564,0.1113053634762764,0.9549999833106995,0.762499988079071
YGL033W,YDR324C,0,-6.9603167,0.11129239201545715,0.9549999833106995,0.7626000046730042
YDR285W,YCL020W,0,-6.960387,0.11127942055463791,0.9549999833106995,0.7627000212669373
YGL256W,YDR298C,0,-6.9607615,0.11126645654439926,0.9549999833106995,0.7627999782562256
YBL082C,YLR025W,0,-6.961383,0.11125349253416061,0.9549999833106995,0.7628999948501587
YER016W,YPR054W,0,-6.961792,0.11124053597450256,0.9549999833106995,0.7630000114440918
YHR001W-A,YGL058W,0,-6.9620757,0.11122757941484451,0.9549999833106995,0.7631000280380249
YOR267C,YLR369W,0,-6.962496,0.11121463030576706,0.9549999833106995,0.7631999850273132
YMR041C,YEL071W,0,-6.9625473,0.11120167374610901,0.9549999833106995,0.7633000016212463
YLR233C,YDR283C,0,-6.963616,0.11118873208761215,0.9549999833106995,0.7634000182151794
YMR022W,YPR163C,0,-6.9651356,0.1111757829785347,0.9549999833106995,0.7634999752044678
YDL035C,YOR049C,0,-6.965181,0.11116284132003784,0.9549999833106995,0.7635999917984009
YKR028W,YCR102C,0,-6.9656806,0.11114990711212158,0.9549999833106995,0.763700008392334
YJL099W,YJL121C,0,-6.966148,0.11113697290420532,0.9549999833106995,0.7638000249862671
YER127W,YPR078C,0,-6.9663477,0.11112403869628906,0.9549999833106995,0.7638999819755554
YPR054W,YLR212C,0,-6.966365,0.1111111119389534,0.9549999833106995,0.7639999985694885
YOL002C,YDR545W,0,-6.966439,0.11109818518161774,0.9549999833106995,0.7641000151634216
YNL242W,YDR495C,0,-6.9666996,0.11108526587486267,0.9549999833106995,0.76419997215271
YJR140C,YOR027W,0,-6.966903,0.11107233911752701,0.9549999833106995,0.7642999887466431
YGR230W,YMR218C,0,-6.967247,0.11105942726135254,0.9549999833106995,0.7644000053405762
YDR016C,YOR035C,0,-6.967349,0.11104650795459747,0.9549999833106995,0.7645000219345093
YDR515W,YIL143C,0,-6.9680777,0.1110336035490036,0.9549999833106995,0.7645999789237976
YDR231C,YLR427W,0,-6.968852,0.11102069169282913,0.9549999833106995,0.7646999955177307
YJL203W,YDR129C,0,-6.969839,0.11100778728723526,0.9549999833106995,0.7648000121116638
YGL047W,YER018C,0,-6.9704175,0.11099488288164139,0.9549999833106995,0.7649000287055969
YBR059C,YGR047C,0,-6.97112,0.11098198592662811,0.9549999833106995,0.7649999856948853
YDR407C,YEL012W,0,-6.9714794,0.11096908897161484,0.9549999833106995,0.7651000022888184
YMR177W,YKL188C,0,-6.971902,0.11095619946718216,0.9549999833106995,0.7652000188827515
YJL208C,YJL098W,0,-6.9722943,0.11094330996274948,0.9549999833106995,0.7652999758720398
YKL129C,YDR447C,0,-6.972395,0.1109304204583168,0.9549999833106995,0.7653999924659729
YOL013C,YGL253W,0,-6.97282,0.11091753840446472,0.9549999833106995,0.765500009059906
YGR119C,YCR073W-A,1,-6.973798,0.11102078855037689,0.9559999704360962,0.765500009059906
YGL226C-A,YHR030C,0,-6.9751854,0.11100789904594421,0.9559999704360962,0.7656000256538391
YNL127W,YDR137W,0,-6.9752975,0.11099500954151154,0.9559999704360962,0.7656999826431274
YDR298C,YLR007W,0,-6.9755564,0.11098212003707886,0.9559999704360962,0.7657999992370605
YGL222C,YER149C,0,-6.97562,0.11096923798322678,0.9559999704360962,0.7659000158309937
YDR256C,YPR186C,0,-6.97593,0.11095636337995529,0.9559999704360962,0.765999972820282
YGL003C,YNR038W,0,-6.9759746,0.11094348132610321,0.9559999704360962,0.7660999894142151
YEL071W,YDR150W,0,-6.9761915,0.11093060672283173,0.9559999704360962,0.7662000060081482
YBR188C,YGR209C,0,-6.976224,0.11091773957014084,0.9559999704360962,0.7663000226020813
YMR211W,YLL022C,0,-6.9770894,0.11090487241744995,0.9559999704360962,0.7663999795913696
YNL307C,YLR025W,0,-6.9773088,0.11089200526475906,0.9559999704360962,0.7664999961853027
YDR254W,YIL066C,0,-6.9773293,0.11087914556264877,0.9559999704360962,0.7666000127792358
YOL069W,YGR229C,0,-6.9774313,0.11086628586053848,0.9559999704360962,0.766700029373169
YKL092C,YFL058W,0,-6.977724,0.11085343360900879,0.9559999704360962,0.7667999863624573
YGL005C,YNL291C,0,-6.9778337,0.1108405813574791,0.9559999704360962,0.7669000029563904
YPL126W,YBR093C,0,-6.9781423,0.1108277291059494,0.9559999704360962,0.7670000195503235
YOL033W,YGL063W,0,-6.9781876,0.1108148843050003,0.9559999704360962,0.7670999765396118
YPL161C,YGR247W,0,-6.9782047,0.11080203950405121,0.9559999704360962,0.7671999931335449
YOR321W,YPR107C,0,-6.978279,0.11078920215368271,0.9559999704360962,0.767300009727478
YOL002C,YDR501W,0,-6.9789276,0.11077636480331421,0.9559999704360962,0.7674000263214111
YDR423C,YDR446W,0,-6.9789867,0.11076352745294571,0.9559999704360962,0.7674999833106995
YKL001C,YGL151W,0,-6.979454,0.1107506975531578,0.9559999704360962,0.7675999999046326
YPR186C,YNL186W,0,-6.9795294,0.1107378676533699,0.9559999704360962,0.7677000164985657
YBR066C,YLR092W,0,-6.979534,0.110725037753582,0.9559999704360962,0.767799973487854
YDR208W,YMR051C,0,-6.980403,0.1107122153043747,0.9559999704360962,0.7678999900817871
YGL038C,YPL031C,0,-6.9814577,0.11069940030574799,0.9559999704360962,0.7680000066757202
YDL069C,YMR190C,0,-6.9814577,0.11068657785654068,0.9559999704360962,0.7681000232696533
YMR285C,YIL123W,0,-6.9818087,0.11067377030849457,0.9559999704360962,0.7681999802589417
YJR137C,YML109W,0,-6.9820967,0.11066095530986786,0.9559999704360962,0.7682999968528748
YIR011C,YDL080C,0,-6.9825263,0.11064814776182175,0.9559999704360962,0.7684000134468079
YDL030W,YLR176C,0,-6.9831047,0.11063534021377563,0.9559999704360962,0.7684999704360962
YEL034W,YLR154C,0,-6.9831996,0.11062254011631012,0.9559999704360962,0.7685999870300293
YJR139C,YDR392W,0,-6.984168,0.1106097400188446,0.9559999704360962,0.7687000036239624
YGR252W,YIR017C,0,-6.984269,0.11059694737195969,0.9559999704360962,0.7688000202178955
YDR483W,YKL051W,0,-6.9844074,0.11058415472507477,0.9559999704360962,0.7688999772071838
YDR054C,YNL250W,0,-6.984625,0.11057136207818985,0.9559999704360962,0.7689999938011169
YIL044C,YER041W,0,-6.9847307,0.11055857688188553,0.9559999704360962,0.76910001039505
YPR131C,YOL110W,0,-6.985124,0.11054579168558121,0.9559999704360962,0.7692000269889832
YFR021W,YGR185C,0,-6.9853673,0.11053300648927689,0.9559999704360962,0.7692999839782715
YHR015W,YBR192W,1,-6.9855747,0.11063583940267563,0.9570000171661377,0.7692999839782715
YLR242C,YER028C,0,-6.9856653,0.11062304675579071,0.9570000171661377,0.7694000005722046
YFL009W,YBR161W,0,-6.985738,0.11061026155948639,0.9570000171661377,0.7695000171661377
YOR351C,YJL203W,0,-6.986125,0.11059748381376266,0.9570000171661377,0.769599974155426
YPR201W,YKR068C,0,-6.986207,0.11058469861745834,0.9570000171661377,0.7696999907493591
YBR121C,YIR011C,0,-6.9863753,0.11057192087173462,0.9570000171661377,0.7698000073432922
YGL116W,YCR014C,0,-6.986376,0.11055915057659149,0.9570000171661377,0.7699000239372253
YMR023C,YHR111W,0,-6.986655,0.11054638028144836,0.9570000171661377,0.7699999809265137
YIR028W,YGL100W,1,-6.9871197,0.11064910888671875,0.9580000042915344,0.7699999809265137
YLR450W,YER038C,0,-6.9873886,0.11063633114099503,0.9580000042915344,0.7700999975204468
YHL020C,YOR003W,0,-6.9880867,0.1106235533952713,0.9580000042915344,0.7702000141143799
YNL291C,YIL117C,0,-6.98878,0.11061078310012817,0.9580000042915344,0.7702999711036682
YIR006C,YDR065W,0,-6.9888983,0.11059801280498505,0.9580000042915344,0.7703999876976013
YDR440W,YGR145W,0,-6.989609,0.11058524996042252,0.9580000042915344,0.7705000042915344
YDR085C,YLR353W,0,-6.990543,0.11057248711585999,0.9580000042915344,0.7706000208854675
YHR204W,YBR289W,0,-6.991542,0.11055972427129745,0.9580000042915344,0.7706999778747559
YJL062W,YDR129C,0,-6.9923806,0.11054696142673492,0.9580000042915344,0.770799994468689
YDL236W,YDR436W,0,-6.9926357,0.11053421348333359,0.9580000042915344,0.7709000110626221
YDR507C,YIL121W,0,-6.992998,0.11052145808935165,0.9580000042915344,0.7710000276565552
YPL190C,YCL052C,0,-6.993228,0.11050871014595032,0.9580000042915344,0.7710999846458435
YER018C,YOL148C,0,-6.993835,0.11049596220254898,0.9580000042915344,0.7712000012397766
YGR245C,YDR126W,0,-6.994297,0.11048322170972824,0.9580000042915344,0.7713000178337097
YDR098C,YNL334C,0,-6.994623,0.1104704812169075,0.9580000042915344,0.771399974822998
YLR231C,YMR070W,0,-6.99503,0.11045774072408676,0.9580000042915344,0.7714999914169312
YLR459W,YKL070W,0,-6.9952807,0.11044500768184662,0.9580000042915344,0.7716000080108643
YNL314W,YKL119C,0,-6.9954042,0.11043227463960648,0.9580000042915344,0.7717000246047974
YDR214W,YIL131C,0,-6.995508,0.11041954904794693,0.9580000042915344,0.7717999815940857
YPR067W,YMR182C,0,-6.9957294,0.11040682345628738,0.9580000042915344,0.7718999981880188
YLR028C,YLR266C,0,-6.9962926,0.11039409786462784,0.9580000042915344,0.7720000147819519
YPR001W,YLR071C,0,-6.996682,0.11038137972354889,0.9580000042915344,0.7720999717712402
YNR017W,YNL279W,0,-6.9967966,0.11036866158246994,0.9580000042915344,0.7721999883651733
YNL110C,YML060W,0,-6.997188,0.11035595089197159,0.9580000042915344,0.7723000049591064
YHR023W,YBL035C,0,-6.9988356,0.11034324020147324,0.9580000042915344,0.7724000215530396
YHL019C,YPL055C,0,-6.999179,0.11033052951097488,0.9580000042915344,0.7724999785423279
YDR216W,YER017C,0,-6.999437,0.11031782627105713,0.9580000042915344,0.772599995136261
YOL017W,YPL156C,0,-6.9999094,0.11030512303113937,0.9580000042915344,0.7727000117301941
YBR065C,YHR161C,0,-7.000581,0.11029242724180222,0.9580000042915344,0.7728000283241272
YHR148W,YDR478W,0,-7.0012293,0.11027973145246506,0.9580000042915344,0.7728999853134155
YMR092C,YMR216C,0,-7.001823,0.1102670356631279,0.9580000042915344,0.7730000019073486
YNL192W,YHR091C,0,-7.002834,0.11025434732437134,0.9580000042915344,0.7731000185012817
YER044C-A,YPL020C,0,-7.0030217,0.11024165898561478,0.9580000042915344,0.7731999754905701
YDL132W,YCR106W,0,-7.003191,0.11022897064685822,0.9580000042915344,0.7732999920845032
YKR068C,YBL024W,0,-7.003207,0.11021628975868225,0.9580000042915344,0.7734000086784363
YAL031C,YDR456W,0,-7.0032477,0.11020360887050629,0.9580000042915344,0.7735000252723694
YLR100W,YGL158W,0,-7.0042334,0.11019093543291092,0.9580000042915344,0.7735999822616577
YKL185W,YNL121C,0,-7.004584,0.11017826199531555,0.9580000042915344,0.7736999988555908
YPL112C,YGL004C,0,-7.004645,0.11016559600830078,0.9580000042915344,0.7738000154495239
YOL008W,YPL253C,0,-7.0061913,0.11015293002128601,0.9580000042915344,0.7738999724388123
YCR002C,YMR267W,0,-7.006572,0.11014026403427124,0.9580000042915344,0.7739999890327454
YKL019W,YDR146C,0,-7.0075054,0.11012759804725647,0.9580000042915344,0.7741000056266785
YNL222W,YGR046W,0,-7.007947,0.1101149395108223,0.9580000042915344,0.7742000222206116
YIL117C,YJR052W,0,-7.008427,0.11010228842496872,0.9580000042915344,0.7742999792098999
YOL077W-A,YLR266C,0,-7.008716,0.11008963733911514,0.9580000042915344,0.774399995803833
YMR290C,YLR249W,0,-7.008838,0.11007698625326157,0.9580000042915344,0.7745000123977661
YER053C,YGL066W,0,-7.0089507,0.11006433516740799,0.9580000042915344,0.7746000289916992
YLR176C,YMR263W,0,-7.009302,0.11005169153213501,0.9580000042915344,0.7746999859809875
YOR120W,YBL017C,0,-7.0097055,0.11003905534744263,0.9580000042915344,0.7748000025749207
YHL002W,YLR197W,0,-7.010397,0.11002641916275024,0.9580000042915344,0.7749000191688538
YFR014C,YLR105C,0,-7.0107913,0.11001378297805786,0.9580000042915344,0.7749999761581421
YKL055C,YPR198W,0,-7.0107937,0.11000114679336548,0.9580000042915344,0.7750999927520752
YPR073C,YKL035W,0,-7.0109205,0.10998851805925369,0.9580000042915344,0.7752000093460083
YPL123C,YLR425W,0,-7.0112753,0.1099758893251419,0.9580000042915344,0.7753000259399414
YHR096C,YMR127C,0,-7.011626,0.10996326804161072,0.9580000042915344,0.7753999829292297
YML092C,YHR200W,0,-7.0116463,0.10995064675807953,0.9580000042915344,0.7754999995231628
YLR423C,YDR334W,0,-7.0127697,0.10993803292512894,0.9580000042915344,0.775600016117096
YGL171W,YNR006W,0,-7.0129223,0.10992541909217834,0.9580000042915344,0.7756999731063843
YOL045W,YLR165C,0,-7.013182,0.10991280525922775,0.9580000042915344,0.7757999897003174
YER149C,YIL117C,0,-7.0133257,0.10990019142627716,0.9580000042915344,0.7759000062942505
YBR020W,YIL068C,0,-7.013483,0.10988759249448776,0.9580000042915344,0.7760000228881836
YIR041W,YDL217C,0,-7.013956,0.10987498611211777,0.9580000042915344,0.7760999798774719
YGL208W,YGL022W,0,-7.0145507,0.10986238718032837,0.9580000042915344,0.776199996471405
YLR102C,YPL235W,0,-7.014718,0.10984978824853897,0.9580000042915344,0.7763000130653381
YML019W,YOR075W,0,-7.0151463,0.10983719676733017,0.9580000042915344,0.7764000296592712
YLR011W,YMR023C,0,-7.015726,0.10982460528612137,0.9580000042915344,0.7764999866485596
YOL135C,YDR238C,0,-7.0163393,0.10981201380491257,0.9580000042915344,0.7766000032424927
YKL114C,YKL188C,0,-7.0164466,0.10979942977428436,0.9580000042915344,0.7767000198364258
YLL060C,YBL006C,0,-7.0182977,0.10978684574365616,0.9580000042915344,0.7767999768257141
YMR260C,YNL093W,0,-7.018961,0.10977426171302795,0.9580000042915344,0.7768999934196472
YMR026C,YJR007W,0,-7.019794,0.10976168513298035,0.9580000042915344,0.7770000100135803
YGR060W,YNL117W,0,-7.019967,0.10974910855293274,0.9580000042915344,0.7771000266075134
YCR106W,YLR383W,0,-7.020261,0.10973653942346573,0.9580000042915344,0.7771999835968018
YAL007C,YPL126W,0,-7.0217705,0.10972397029399872,0.9580000042915344,0.7773000001907349
YDR021W,YGL205W,0,-7.0218983,0.1097114086151123,0.9580000042915344,0.777400016784668
YIR028W,YMR235C,1,-7.02216,0.10981335490942001,0.9589999914169312,0.777400016784668
YDR231C,YER019W,0,-7.024016,0.1098007783293724,0.9589999914169312,0.7774999737739563
YPL095C,YPR083W,0,-7.024972,0.1097882091999054,0.9589999914169312,0.7775999903678894
YJR160C,YDR246W,0,-7.0252705,0.10977564007043839,0.9589999914169312,0.7777000069618225
YCL025C,YOL135C,0,-7.0261116,0.10976307839155197,0.9589999914169312,0.7778000235557556
YLR381W,YIR006C,0,-7.0264683,0.10975051671266556,0.9589999914169312,0.777899980545044
YEL069C,YJL129C,0,-7.0265026,0.10973795503377914,0.9589999914169312,0.777999997138977
YFL048C,YCL034W,0,-7.0274067,0.10972540080547333,0.9589999914169312,0.7781000137329102
YMR056C,YML071C,0,-7.0277424,0.10971284657716751,0.9589999914169312,0.7781999707221985
YHL031C,YKL203C,0,-7.028078,0.10970029979944229,0.9589999914169312,0.7782999873161316
YGL008C,YLR430W,0,-7.029229,0.10968775302171707,0.9589999914169312,0.7784000039100647
YDL019C,YCR061W,0,-7.030243,0.10967520624399185,0.9589999914169312,0.7785000205039978
YJR052W,YCL005W-A,0,-7.030644,0.10966266691684723,0.9589999914169312,0.7785999774932861
YDL113C,YPL036W,0,-7.0312853,0.1096501275897026,0.9589999914169312,0.7786999940872192
YDR329C,YGR195W,0,-7.031554,0.10963758826255798,0.9589999914169312,0.7788000106811523
YHL040C,YDR171W,0,-7.0326166,0.10962505638599396,0.9589999914169312,0.7789000272750854
YPR124W,YGL028C,0,-7.0326986,0.10961252450942993,0.9589999914169312,0.7789999842643738
YDL006W,YNR064C,0,-7.033723,0.1096000000834465,0.9589999914169312,0.7791000008583069
YDR231C,YNL126W,0,-7.0339527,0.10958747565746307,0.9589999914169312,0.77920001745224
YOR237W,YAL043C,0,-7.033979,0.10957495123147964,0.9589999914169312,0.7792999744415283
YHR052W,YLR047C,0,-7.034926,0.10956243425607681,0.9589999914169312,0.7793999910354614
YGR254W,YOR229W,0,-7.0357122,0.10954991728067398,0.9589999914169312,0.7795000076293945
YPL083C,YPL124W,0,-7.035816,0.10953740775585175,0.9589999914169312,0.7796000242233276
YBL069W,YNL037C,0,-7.0358353,0.10952489823102951,0.9589999914169312,0.779699981212616
YGL094C,YGR048W,0,-7.035953,0.10951238870620728,0.9589999914169312,0.7797999978065491
YPR110C,YOR035C,0,-7.0363526,0.10949988663196564,0.9589999914169312,0.7799000144004822
YOR173W,YPL075W,0,-7.0369687,0.109487384557724,0.9589999914169312,0.7799999713897705
YOR074C,YER008C,0,-7.0369987,0.10947488248348236,0.9589999914169312,0.7800999879837036
YDR164C,YGR080W,0,-7.0380898,0.10946238785982132,0.9589999914169312,0.7802000045776367
YGR029W,YOL033W,0,-7.040101,0.10944990068674088,0.9589999914169312,0.7803000211715698
YNL123W,YNL202W,0,-7.0402412,0.10943740606307983,0.9589999914169312,0.7803999781608582
YOR031W,YBR179C,0,-7.040617,0.10942491888999939,0.9589999914169312,0.7804999947547913
YDR168W,YNR032W,0,-7.040785,0.10941243916749954,0.9589999914169312,0.7806000113487244
YPL217C,YOR233W,0,-7.0409966,0.1093999519944191,0.9589999914169312,0.7807000279426575
YKL101W,YKL019W,0,-7.041072,0.10938747227191925,0.9589999914169312,0.7807999849319458
YDL247W,YGL243W,0,-7.04195,0.109375,0.9589999914169312,0.7809000015258789
YAL033W,YBR294W,0,-7.042144,0.10936252772808075,0.9589999914169312,0.781000018119812
YCR098C,YPR133C,0,-7.0426216,0.1093500554561615,0.9589999914169312,0.7810999751091003
YHR143W,YKL182W,0,-7.0440416,0.10933759063482285,0.9589999914169312,0.7811999917030334
YLR397C,YLR210W,0,-7.045455,0.10932512581348419,0.9589999914169312,0.7813000082969666
YKL179C,YHR200W,0,-7.047203,0.10931266099214554,0.9589999914169312,0.7814000248908997
YGL119W,YBL019W,0,-7.0473776,0.10930020362138748,0.9589999914169312,0.781499981880188
YGL068W,YGR042W,0,-7.047656,0.10928774625062943,0.9589999914169312,0.7815999984741211
YLR165C,YDR212W,0,-7.0481105,0.10927529633045197,0.9589999914169312,0.7817000150680542
YJL170C,YDR265W,0,-7.048836,0.1092628464102745,0.9589999914169312,0.7817999720573425
YPL001W,YBR250W,0,-7.048871,0.10925039649009705,0.9589999914169312,0.7818999886512756
YLR390W-A,YER126C,0,-7.049004,0.10923795402050018,0.9589999914169312,0.7820000052452087
YNL136W,YGR229C,0,-7.0490875,0.10922551155090332,0.9589999914169312,0.7821000218391418
YDR025W,YNL304W,0,-7.0493155,0.10921307653188705,0.9589999914169312,0.7821999788284302
YLR116W,YKL197C,0,-7.049323,0.10920063406229019,0.9589999914169312,0.7822999954223633
YDR382W,YOL129W,0,-7.0494504,0.10918820649385452,0.9589999914169312,0.7824000120162964
YDR088C,YPL092W,0,-7.0494676,0.10917577147483826,0.9589999914169312,0.7825000286102295
YOR233W,YKL170W,0,-7.049537,0.10916334390640259,0.9589999914169312,0.7825999855995178
YGL256W,YPR193C,0,-7.049899,0.10915092378854752,0.9589999914169312,0.7827000021934509
YDL115C,YGR121C,0,-7.050378,0.10913850367069244,0.9589999914169312,0.782800018787384
YHR055C,YCR081W,0,-7.0519133,0.10912608355283737,0.9589999914169312,0.7828999757766724
YNL159C,YJR013W,0,-7.0520186,0.1091136634349823,0.9589999914169312,0.7829999923706055
YLR079W,YLR212C,0,-7.0521855,0.10910125076770782,0.9589999914169312,0.7831000089645386
YLR382C,YDR004W,0,-7.0521965,0.10908883810043335,0.9589999914169312,0.7832000255584717
YJR112W,YOR380W,0,-7.052243,0.10907643288373947,0.9589999914169312,0.78329998254776
YBR200W,YKR067W,0,-7.052469,0.1090640276670456,0.9589999914169312,0.7833999991416931
YBL097W,YOL028C,0,-7.053461,0.10905162245035172,0.9589999914169312,0.7835000157356262
YOL116W,YBR188C,0,-7.053813,0.10903922468423843,0.9589999914169312,0.7835999727249146
YPR119W,YGR195W,0,-7.0541353,0.10902682691812515,0.9589999914169312,0.7836999893188477
YKL020C,YER024W,0,-7.054264,0.10901443660259247,0.9589999914169312,0.7838000059127808
YHL007C,YMR093W,0,-7.0552626,0.10900204628705978,0.9589999914169312,0.7839000225067139
YKL182W,YOR267C,0,-7.0553417,0.1089896559715271,0.9589999914169312,0.7839999794960022
YFL018C,YBL050W,0,-7.05655,0.10897727310657501,0.9589999914169312,0.7840999960899353
YDR191W,YBR162C,0,-7.0566974,0.10896489024162292,0.9589999914169312,0.7842000126838684
YNL014W,YKL122C,0,-7.0570936,0.10895250737667084,0.9589999914169312,0.7843000292778015
YNL233W,YIL052C,0,-7.0574965,0.10894013196229935,0.9589999914169312,0.7843999862670898
YJR097W,YGR166W,0,-7.0579095,0.10892775654792786,0.9589999914169312,0.784500002861023
YNL133C,YKL176C,0,-7.058864,0.10891538858413696,0.9589999914169312,0.784600019454956
YLR035C,YER072W,0,-7.0592566,0.10890302062034607,0.9589999914169312,0.7846999764442444
YLR411W,YBR245C,0,-7.0593367,0.10889065265655518,0.9589999914169312,0.7847999930381775
YJL013C,YMR293C,0,-7.059535,0.10887829214334488,0.9589999914169312,0.7849000096321106
YIR019C,YDR165W,0,-7.059746,0.10886593163013458,0.9589999914169312,0.7850000262260437
YMR022W,YBL093C,0,-7.0598073,0.10885357856750488,0.9589999914169312,0.785099983215332
YER119C,YOR136W,0,-7.0603657,0.10884121805429459,0.9589999914169312,0.7851999998092651
YNR060W,YNL317W,0,-7.060689,0.10882887244224548,0.9589999914169312,0.7853000164031982
YDR411C,YGL209W,0,-7.0612054,0.10881651937961578,0.9589999914169312,0.7853999733924866
YGL021W,YBR040W,0,-7.0612297,0.10880417376756668,0.9589999914169312,0.7854999899864197
YLR102C,YOR260W,0,-7.061562,0.10879183560609818,0.9589999914169312,0.7856000065803528
YGR057C,YOR338W,0,-7.0618334,0.10877948999404907,0.9589999914169312,0.7857000231742859
YDR214W,YBR142W,0,-7.062184,0.10876715183258057,0.9589999914169312,0.7857999801635742
YMR311C,YER042W,0,-7.062337,0.10875482112169266,0.9589999914169312,0.7858999967575073
YKR002W,YML107C,1,-7.062664,0.10885588079690933,0.9599999785423279,0.7858999967575073
YMR201C,YCR035C,0,-7.0636086,0.10884353518486023,0.9599999785423279,0.7860000133514404
YCR002C,YPR083W,0,-7.064435,0.10883119702339172,0.9599999785423279,0.7860999703407288
YNL298W,YER054C,0,-7.066324,0.10881885886192322,0.9599999785423279,0.7861999869346619
YBL017C,YHR157W,0,-7.067388,0.10880652815103531,0.9599999785423279,0.786300003528595
YKL092C,YNL267W,0,-7.067609,0.1087941974401474,0.9599999785423279,0.7864000201225281
YDR251W,YIR012W,0,-7.068806,0.10878186672925949,0.9599999785423279,0.7864999771118164
YDR129C,YNL213C,0,-7.069315,0.10876954346895218,0.9599999785423279,0.7865999937057495
YKL001C,YDR235W,0,-7.069706,0.10875722020864487,0.9599999785423279,0.7867000102996826
YIL049W,YOL034W,0,-7.070323,0.10874490439891815,0.9599999785423279,0.7868000268936157
YLR350W,YGL008C,0,-7.071307,0.10873258858919144,0.9599999785423279,0.786899983882904
YAR033W,YLR191W,0,-7.0715246,0.10872027277946472,0.9599999785423279,0.7870000004768372
YER166W,YLR116W,0,-7.0715513,0.108707956969738,0.9599999785423279,0.7871000170707703
YOR377W,YEL024W,0,-7.0721846,0.10869564861059189,0.9599999785423279,0.7871999740600586
YMR247C,YGR213C,0,-7.0731487,0.10868334770202637,0.9599999785423279,0.7872999906539917
YJR119C,YOR085W,0,-7.0735784,0.10867104679346085,0.9599999785423279,0.7874000072479248
YKR038C,YPL154C,0,-7.0753207,0.10865874588489532,0.9599999785423279,0.7875000238418579
YHR116W,YKL150W,0,-7.0753274,0.1086464449763298,0.9599999785423279,0.7875999808311462
YDR122W,YDL077C,0,-7.0755997,0.10863415151834488,0.9599999785423279,0.7876999974250793
YPR120C,YFR024C-A,0,-7.0758276,0.10862185806035995,0.9599999785423279,0.7878000140190125
YKR061W,YDR389W,0,-7.076076,0.10860957205295563,0.9599999785423279,0.7878999710083008
YML065W,YJR126C,0,-7.076111,0.1085972860455513,0.9599999785423279,0.7879999876022339
YIL040W,YHR015W,1,-7.076254,0.10869811475276947,0.9610000252723694,0.7879999876022339
YDR404C,YJL052W,0,-7.076412,0.10868582129478455,0.9610000252723694,0.788100004196167
YOL104C,YBR168W,0,-7.0766497,0.10867352783679962,0.9610000252723694,0.7882000207901001
YOR321W,YPL083C,0,-7.0767426,0.1086612418293953,0.9610000252723694,0.7882999777793884
YKL032C,YKL035W,0,-7.076855,0.10864895582199097,0.9610000252723694,0.7883999943733215
YNL278W,YDR163W,0,-7.078512,0.10863666981458664,0.9610000252723694,0.7885000109672546
YAL026C,YLR238W,0,-7.0796537,0.10862439125776291,0.9610000252723694,0.7886000275611877
YNL001W,YOR032C,0,-7.0802646,0.10861211270093918,0.9610000252723694,0.7886999845504761
YGL180W,YDR200C,0,-7.0803127,0.10859984159469604,0.9610000252723694,0.7888000011444092
YKR003W,YNL302C,0,-7.0807223,0.10858757048845291,0.9610000252723694,0.7889000177383423
YLR360W,YGR111W,0,-7.0811806,0.10857529938220978,0.9610000252723694,0.7889999747276306
YOR126C,YMR030W,0,-7.081729,0.10856303572654724,0.9610000252723694,0.7890999913215637
YIL075C,YHR106W,0,-7.0817347,0.1085507720708847,0.9610000252723694,0.7892000079154968
YHR086W,YNL279W,0,-7.082207,0.10853851586580276,0.9610000252723694,0.7893000245094299
YBR066C,YPR054W,0,-7.0823474,0.10852625966072083,0.9610000252723694,0.7893999814987183
YDR163W,YMR140W,0,-7.0848227,0.10851400345563889,0.9610000252723694,0.7894999980926514
YJR078W,YKR053C,0,-7.084832,0.10850174725055695,0.9610000252723694,0.7896000146865845
YNL332W,YDR131C,0,-7.0848656,0.1084894984960556,0.9610000252723694,0.7896999716758728
YBR217W,YDR080W,0,-7.0854836,0.10847725719213486,0.9610000252723694,0.7897999882698059
YNL330C,YNL202W,0,-7.085663,0.10846500843763351,0.9610000252723694,0.789900004863739
YOR173W,YDL128W,0,-7.0857496,0.10845276713371277,0.9610000252723694,0.7900000214576721
YER094C,YLR383W,0,-7.0858507,0.10844053328037262,0.9610000252723694,0.7900999784469604
YGR225W,YOL069W,0,-7.086462,0.10842829942703247,0.9610000252723694,0.7901999950408936
YJL060W,YBR167C,0,-7.086486,0.10841606557369232,0.9610000252723694,0.7903000116348267
YNL314W,YDR369C,0,-7.0872087,0.10840383172035217,0.9610000252723694,0.7904000282287598
YDL031W,YLL041C,0,-7.0876484,0.10839160531759262,0.9610000252723694,0.7904999852180481
YCR038C,YMR197C,0,-7.0882797,0.10837938636541367,0.9610000252723694,0.7906000018119812
YGL032C,YNR057C,0,-7.088407,0.10836715996265411,0.9610000252723694,0.7907000184059143
YDR214W,YLR170C,0,-7.0884924,0.10835494101047516,0.9610000252723694,0.7907999753952026
YIL033C,YDR022C,0,-7.0892754,0.1083427295088768,0.9610000252723694,0.7908999919891357
YBR221C,YLR301W,0,-7.0899243,0.10833051800727844,0.9610000252723694,0.7910000085830688
YPL110C,YOR279C,0,-7.089958,0.10831830650568008,0.9610000252723694,0.791100025177002
YLR228C,YBL061C,0,-7.0900297,0.10830609500408173,0.9610000252723694,0.7911999821662903
YBR085W,YIR009W,0,-7.0906734,0.10829389095306396,0.9610000252723694,0.7912999987602234
YLR320W,YNL283C,0,-7.090765,0.1082816869020462,0.9610000252723694,0.7914000153541565
YNL242W,YMR029C,0,-7.0925655,0.10826949030160904,0.9610000252723694,0.7914999723434448
YGR010W,YML034W,0,-7.092639,0.10825729370117188,0.9610000252723694,0.7915999889373779
YBR213W,YGR013W,0,-7.093545,0.10824509710073471,0.9610000252723694,0.791700005531311
YMR255W,YBR192W,1,-7.093729,0.10834553092718124,0.9620000123977661,0.791700005531311
YBR160W,YKL055C,0,-7.0942674,0.10833333432674408,0.9620000123977661,0.7918000221252441
YGR006W,YDR030C,0,-7.094388,0.10832113772630692,0.9620000123977661,0.7918999791145325
YKR002W,YMR273C,1,-7.0952163,0.10842152684926987,0.9629999995231628,0.7918999791145325
YLR158C,YJR050W,0,-7.095546,0.1084093227982521,0.9629999995231628,0.7919999957084656
YDR297W,YGR048W,0,-7.0971155,0.10839711874723434,0.9629999995231628,0.7921000123023987
YBR247C,YHR061C,0,-7.0972214,0.10838491469621658,0.9629999995231628,0.7922000288963318
YBR188C,YOL054W,0,-7.0975246,0.10837271809577942,0.9629999995231628,0.7922999858856201
YDR065W,YNR064C,0,-7.0975275,0.10836052894592285,0.9629999995231628,0.7924000024795532
YKL048C,YPR164W,0,-7.0975666,0.10834833234548569,0.9629999995231628,0.7925000190734863
YIL044C,YOR120W,0,-7.0978904,0.10833614319562912,0.9629999995231628,0.7925999760627747
YLR134W,YNL213C,0,-7.098651,0.10832396149635315,0.9629999995231628,0.7926999926567078
YOL142W,YHR138C,0,-7.0988073,0.10831177234649658,0.9629999995231628,0.7928000092506409
YNR002C,YPL065W,0,-7.098998,0.10829959809780121,0.9629999995231628,0.792900025844574
YJR053W,YHR157W,0,-7.099083,0.10828741639852524,0.9629999995231628,0.7929999828338623
YBR293W,YMR210W,0,-7.099265,0.10827524214982986,0.9629999995231628,0.7930999994277954
YOR349W,YPR100W,0,-7.0997086,0.10826306790113449,0.9629999995231628,0.7932000160217285
YPR057W,YPL269W,0,-7.1003313,0.10825090110301971,0.9629999995231628,0.7932999730110168
YOR239W,YFR004W,0,-7.1004267,0.10823873430490494,0.9629999995231628,0.79339998960495
YPR138C,YGL175C,0,-7.1006727,0.10822656750679016,0.9629999995231628,0.7935000061988831
YGL190C,YOR295W,0,-7.1012993,0.10821440815925598,0.9629999995231628,0.7936000227928162
YNL153C,YPR024W,0,-7.1014767,0.1082022488117218,0.9629999995231628,0.7936999797821045
YDR151C,YDR416W,0,-7.1018004,0.10819008946418762,0.9629999995231628,0.7937999963760376
YGR041W,YDR503C,0,-7.1020346,0.10817793756723404,0.9629999995231628,0.7939000129699707
YDL105W,YDR398W,0,-7.1020927,0.10816578567028046,0.9629999995231628,0.7940000295639038
YIR028W,YKL214C,1,-7.103288,0.1082659512758255,0.9639999866485596,0.7940000295639038
YLR207W,YLR383W,0,-7.103471,0.10825379192829132,0.9639999866485596,0.7940999865531921
YGL048C,YDR330W,0,-7.1038074,0.10824163258075714,0.9639999866485596,0.7942000031471252
YEL036C,YLR097C,0,-7.1038666,0.10822948068380356,0.9639999866485596,0.7943000197410583
YCL035C,YBR088C,0,-7.104192,0.10821733623743057,0.9639999866485596,0.7943999767303467
YDL017W,YNL169C,0,-7.1043506,0.10820518434047699,0.9639999866485596,0.7944999933242798
YOR349W,YNL272C,0,-7.104377,0.108193039894104,0.9639999866485596,0.7946000099182129
YKL112W,YDR072C,0,-7.1047077,0.10818090289831161,0.9639999866485596,0.794700026512146
YNL219C,YEL004W,0,-7.104805,0.10816875845193863,0.9639999866485596,0.7947999835014343
YNL074C,YJR033C,0,-7.1050186,0.10815662145614624,0.9639999866485596,0.7949000000953674
YNL231C,YDR246W,0,-7.105054,0.10814449191093445,0.9639999866485596,0.7950000166893005
YML057W,YKL120W,0,-7.105498,0.10813236236572266,0.9639999866485596,0.7950999736785889
YDR358W,YGL090W,0,-7.106064,0.10812023282051086,0.9639999866485596,0.795199990272522
YLR176C,YLR181C,0,-7.1061153,0.10810811072587967,0.9639999866485596,0.7953000068664551
YOR142W,YDR393W,0,-7.106288,0.10809598863124847,0.9639999866485596,0.7954000234603882
YJL214W,YMR101C,0,-7.106327,0.10808386653661728,0.9639999866485596,0.7954999804496765
YOR377W,YML112W,0,-7.1070166,0.10807175189256668,0.9639999866485596,0.7955999970436096
YIR008C,YLR466W,0,-7.1073923,0.10805963724851608,0.9639999866485596,0.7957000136375427
YOR349W,YDR207C,0,-7.107733,0.10804752260446548,0.9639999866485596,0.795799970626831
YGR003W,YPL121C,0,-7.1080503,0.10803541541099548,0.9639999866485596,0.7958999872207642
YHR059W,YOR266W,0,-7.1080604,0.10802330821752548,0.9639999866485596,0.7960000038146973
YGL130W,YPL008W,0,-7.1088495,0.10801120102405548,0.9639999866485596,0.7961000204086304
YDL078C,YOR224C,0,-7.10894,0.10799910128116608,0.9639999866485596,0.7961999773979187
YPR052C,YOR035C,0,-7.109044,0.10798700898885727,0.9639999866485596,0.7962999939918518
YOR330C,YOR386W,0,-7.1100116,0.10797490924596786,0.9639999866485596,0.7964000105857849
YNR074C,YGR099W,0,-7.1101646,0.10796281695365906,0.9639999866485596,0.796500027179718
YDR025W,YPL138C,0,-7.1101656,0.10795072466135025,0.9639999866485596,0.7965999841690063
YGR098C,YDR247W,0,-7.110861,0.10793863981962204,0.9639999866485596,0.7967000007629395
YDR298C,YJL030W,0,-7.111597,0.10792655497789383,0.9639999866485596,0.7968000173568726
YGL016W,YPL206C,0,-7.1117263,0.10791447758674622,0.9639999866485596,0.7968999743461609
YPR081C,YDR108W,0,-7.1118,0.107902392745018,0.9639999866485596,0.796999990940094
YER168C,YPL224C,0,-7.111802,0.10789031535387039,0.9639999866485596,0.7971000075340271
YGR224W,YBR272C,0,-7.112528,0.10787824541330338,0.9639999866485596,0.7972000241279602
YGR059W,YMR104C,0,-7.113372,0.10786617547273636,0.9639999866485596,0.7972999811172485
YMR275C,YGL038C,0,-7.1136904,0.10785410553216934,0.9639999866485596,0.7973999977111816
YIL125W,YGL111W,0,-7.1142855,0.10784204304218292,0.9639999866485596,0.7975000143051147
YDL126C,YNL154C,0,-7.114982,0.1078299805521965,0.9639999866485596,0.7975999712944031
YDL047W,YBR082C,0,-7.115843,0.10781791806221008,0.9639999866485596,0.7976999878883362
YLR206W,YNL247W,0,-7.1162825,0.10780586302280426,0.9639999866485596,0.7978000044822693
YKL092C,YIL063C,0,-7.1174965,0.10779380798339844,0.9639999866485596,0.7979000210762024
YBR214W,YGL212W,0,-7.117731,0.10778175294399261,0.9639999866485596,0.7979999780654907
YJL085W,YPR103W,0,-7.117735,0.10776970535516739,0.9639999866485596,0.7980999946594238
YGR185C,YML131W,0,-7.118216,0.10775765776634216,0.9639999866485596,0.7982000112533569
YBL078C,YGL066W,0,-7.1182585,0.10774561017751694,0.9639999866485596,0.79830002784729
YDL093W,YPL087W,0,-7.1183386,0.10773357003927231,0.9639999866485596,0.7983999848365784
YHR115C,YPL163C,0,-7.118849,0.10772152990102768,0.9639999866485596,0.7985000014305115
YJR050W,YNR008W,0,-7.1190085,0.10770949721336365,0.9639999866485596,0.7986000180244446
YCL034W,YLR430W,0,-7.120697,0.10769746452569962,0.9639999866485596,0.7986999750137329
YNL325C,YDR189W,0,-7.120925,0.10768543183803558,0.9639999866485596,0.798799991607666
YGL166W,YNL297C,0,-7.121087,0.10767340660095215,0.9639999866485596,0.7989000082015991
YBR102C,YER103W,0,-7.1213717,0.10766138136386871,0.9639999866485596,0.7990000247955322
YDL060W,YLR020C,0,-7.1232777,0.10764935612678528,0.9639999866485596,0.7990999817848206
YBL082C,YDR283C,0,-7.123549,0.10763733834028244,0.9639999866485596,0.7991999983787537
YOR031W,YHR023W,0,-7.1238337,0.1076253205537796,0.9639999866485596,0.7993000149726868
YBL032W,YLR176C,0,-7.1239586,0.10761331021785736,0.9639999866485596,0.7993999719619751
YIL121W,YOL097C,0,-7.1239614,0.10760129243135452,0.9639999866485596,0.7994999885559082
YOL145C,YML027W,0,-7.1244555,0.10758928209543228,0.9639999866485596,0.7996000051498413
YJL122W,YLR353W,0,-7.125567,0.10757727921009064,0.9639999866485596,0.7997000217437744
YCR020W-B,YHR079C-A,0,-7.125652,0.10756527632474899,0.9639999866485596,0.7997999787330627
YGR142W,YGR008C,0,-7.125906,0.10755327343940735,0.9639999866485596,0.7998999953269958
YHL036W,YNL272C,0,-7.126521,0.1075412780046463,0.9639999866485596,0.800000011920929
YMR049C,YGL008C,0,-7.127254,0.10752928256988525,0.9639999866485596,0.8001000285148621
YGL029W,YHR170W,0,-7.1274223,0.1075172871351242,0.9639999866485596,0.8001999855041504
YOL165C,YDR308C,0,-7.1280594,0.10750529915094376,0.9639999866485596,0.8003000020980835
YMR054W,YOR045W,0,-7.129318,0.1074933111667633,0.9639999866485596,0.8004000186920166
YOR080W,YDR202C,0,-7.129637,0.10748132318258286,0.9639999866485596,0.8004999756813049
YNL014W,YDR265W,0,-7.1306295,0.107469342648983,0.9639999866485596,0.800599992275238
YJL121C,YGL095C,0,-7.1310964,0.10745736211538315,0.9639999866485596,0.8007000088691711
YDR059C,YNR064C,0,-7.131274,0.10744538903236389,0.9639999866485596,0.8008000254631042
YNL007C,YNL310C,0,-7.131295,0.10743340849876404,0.9639999866485596,0.8008999824523926
YKL120W,YKL099C,0,-7.1313014,0.10742144286632538,0.9639999866485596,0.8009999990463257
YOR094W,YJL092W,0,-7.1324396,0.10740946978330612,0.9639999866485596,0.8011000156402588
YKL195W,YLR190W,0,-7.1332026,0.10739750415086746,0.9639999866485596,0.8011999726295471
YDL245C,YOR142W,0,-7.13389,0.1073855385184288,0.9639999866485596,0.8012999892234802
YNL270C,YGL087C,0,-7.1341443,0.10737358033657074,0.9639999866485596,0.8014000058174133
YOR298C-A,YDL135C,0,-7.1344323,0.10736162215471268,0.9639999866485596,0.8015000224113464
YLR144C,YMR290C,0,-7.1350527,0.10734966397285461,0.9639999866485596,0.8015999794006348
YPL061W,YHR012W,0,-7.13568,0.10733771324157715,0.9639999866485596,0.8016999959945679
YKL129C,YMR089C,0,-7.1368055,0.10732576251029968,0.9639999866485596,0.801800012588501
YLR166C,YGR197C,0,-7.136881,0.10731381177902222,0.9639999866485596,0.8019000291824341
YDR231C,YGR212W,0,-7.138939,0.10730186849832535,0.9639999866485596,0.8019999861717224
YDL069C,YOL065C,0,-7.1390543,0.10728992521762848,0.9639999866485596,0.8021000027656555
YCL026C-A,YPL163C,0,-7.1399264,0.10727798938751221,0.9639999866485596,0.8022000193595886
YJR078W,YNL107W,0,-7.1402297,0.10726605355739594,0.9639999866485596,0.802299976348877
YNL167C,YDR200C,0,-7.140453,0.10725411772727966,0.9639999866485596,0.8023999929428101
YML042W,YGR123C,0,-7.1407094,0.10724218189716339,0.9639999866485596,0.8025000095367432
YKL185W,YKL059C,0,-7.140914,0.10723025351762772,0.9639999866485596,0.8026000261306763
YDL175C,YHR015W,1,-7.1410108,0.10732955485582352,0.9649999737739563,0.8026000261306763
YLR260W,YDL229W,0,-7.1411676,0.10731761902570724,0.9649999737739563,0.8026999831199646
YLR383W,YOR083W,0,-7.1412115,0.10730568319559097,0.9649999737739563,0.8027999997138977
YKL185W,YJL166W,0,-7.141508,0.1072937548160553,0.9649999737739563,0.8029000163078308
YLL042C,YJL026W,0,-7.1417723,0.10728182643651962,0.9649999737739563,0.8029999732971191
YBL047C,YMR023C,0,-7.1419845,0.10726989805698395,0.9649999737739563,0.8030999898910522
YPR104C,YLR134W,0,-7.142112,0.10725797712802887,0.9649999737739563,0.8032000064849854
YIL019W,YGR213C,0,-7.1439295,0.10724605619907379,0.9649999737739563,0.8033000230789185
YPL270W,YNL273W,0,-7.144087,0.10723413527011871,0.9649999737739563,0.8033999800682068
YDL220C,YHR115C,0,-7.144093,0.10722222179174423,0.9649999737739563,0.8034999966621399
YIR005W,YCR073W-A,1,-7.144248,0.10732141137123108,0.9660000205039978,0.8034999966621399
YDR156W,YJR086W,0,-7.1443853,0.107309490442276,0.9660000205039978,0.803600013256073
YGL166W,YDL138W,0,-7.144482,0.10729756951332092,0.9660000205039978,0.8036999702453613
YHR152W,YDR135C,0,-7.145157,0.10728564858436584,0.9660000205039978,0.8037999868392944
YNL314W,YKL038W,0,-7.1456766,0.10727373510599136,0.9660000205039978,0.8039000034332275
YNL317W,YPL020C,0,-7.145976,0.10726182907819748,0.9660000205039978,0.8040000200271606
YCL027W,YPR182W,0,-7.1492925,0.107249915599823,0.9660000205039978,0.804099977016449
YAL015C,YNL326C,0,-7.1493917,0.10723800957202911,0.9660000205039978,0.8041999936103821
YKL007W,YAL016W,0,-7.149498,0.10722610354423523,0.9660000205039978,0.8043000102043152
YPL126W,YNR047W,0,-7.1502686,0.10721420496702194,0.9660000205039978,0.8044000267982483
YFL045C,YAL016W,0,-7.150482,0.10720230638980865,0.9660000205039978,0.8044999837875366
YDL008W,YOR027W,0,-7.1507072,0.10719041526317596,0.9660000205039978,0.8046000003814697
YLR098C,YLR249W,0,-7.151356,0.10717851668596268,0.9660000205039978,0.8047000169754028
YDR146C,YCL033C,0,-7.1515675,0.10716663300991058,0.9660000205039978,0.8047999739646912
YAL032C,YDR077W,0,-7.152344,0.1071547418832779,0.9660000205039978,0.8048999905586243
YPR163C,YML028W,0,-7.1524544,0.1071428582072258,0.9660000205039978,0.8050000071525574
YLR342W,YNL304W,0,-7.1526933,0.1071309745311737,0.9660000205039978,0.8051000237464905
YER075C,YGR253C,0,-7.1529465,0.10711909830570221,0.9660000205039978,0.8051999807357788
YER106W,YGR186W,0,-7.1543217,0.10710721462965012,0.9660000205039978,0.8052999973297119
YDR516C,YJL114W,0,-7.154553,0.10709534585475922,0.9660000205039978,0.805400013923645
YMR119W,YOR083W,0,-7.155083,0.10708346962928772,0.9660000205039978,0.8054999709129333
YGR225W,YBR061C,0,-7.1551156,0.10707160085439682,0.9660000205039978,0.8055999875068665
YBR154C,YGL229C,0,-7.156624,0.10705973953008652,0.9660000205039978,0.8057000041007996
YDL079C,YOL061W,0,-7.1566687,0.10704787075519562,0.9660000205039978,0.8058000206947327
YBR103W,YDR293C,0,-7.157713,0.10703600943088531,0.9660000205039978,0.805899977684021
YPL256C,YDR069C,0,-7.1582966,0.10702415555715561,0.9660000205039978,0.8059999942779541
YCL040W,YMR109W,0,-7.1589584,0.1070122942328453,0.9660000205039978,0.8061000108718872
YKL073W,YLR007W,0,-7.1591144,0.1070004403591156,0.9660000205039978,0.8062000274658203
YHL020C,YDR146C,0,-7.159298,0.10698859393596649,0.9660000205039978,0.8062999844551086
YDR023W,YGR080W,0,-7.1595364,0.10697674751281738,0.9660000205039978,0.8064000010490417
YDR423C,YER019W,0,-7.159794,0.10696490108966827,0.9660000205039978,0.8065000176429749
YOR279C,YML076C,0,-7.1601825,0.10695305466651917,0.9660000205039978,0.8065999746322632
YPR032W,YHR006W,0,-7.1616836,0.10694121569395065,0.9660000205039978,0.8066999912261963
YDL149W,YOR224C,0,-7.1618137,0.10692937672138214,0.9660000205039978,0.8068000078201294
YPL200W,YLL061W,0,-7.161951,0.10691754519939423,0.9660000205039978,0.8069000244140625
YMR276W,YJR031C,0,-7.162792,0.10690571367740631,0.9660000205039978,0.8069999814033508
YDR298C,YCR102C,0,-7.162936,0.1068938821554184,0.9660000205039978,0.8070999979972839
YDL019C,YER149C,0,-7.1634293,0.10688205063343048,0.9660000205039978,0.807200014591217
YJR156C,YDR451C,0,-7.163441,0.10687022656202316,0.9660000205039978,0.8072999715805054
YPL259C,YOL126C,0,-7.163953,0.10685840994119644,0.9660000205039978,0.8073999881744385
YDR168W,YKR087C,0,-7.164174,0.10684658586978912,0.9660000205039978,0.8075000047683716
YIR017C,YDR243C,0,-7.1644855,0.1068347692489624,0.9660000205039978,0.8076000213623047
YGR121C,YGR047C,0,-7.164522,0.10682296007871628,0.9660000205039978,0.807699978351593
YNR056C,YOR159C,0,-7.164683,0.10681114345788956,0.9660000205039978,0.8077999949455261
YGL222C,YKR101W,0,-7.1649733,0.10679933428764343,0.9660000205039978,0.8079000115394592
YKL015W,YDR314C,0,-7.165479,0.1067875325679779,0.9660000205039978,0.8080000281333923
YMR065W,YNL244C,0,-7.165633,0.10677572339773178,0.9660000205039978,0.8080999851226807
YEL069C,YPR108W,0,-7.1656675,0.10676392912864685,0.9660000205039978,0.8082000017166138
YGR078C,YBL075C,0,-7.1662865,0.10675212740898132,0.9660000205039978,0.8083000183105469
YFR028C,YDR163W,0,-7.166375,0.10674033313989639,0.9660000205039978,0.8083999752998352
YMR198W,YOR049C,0,-7.1669316,0.10672853887081146,0.9660000205039978,0.8084999918937683
YMR255W,YPR080W,1,-7.1671267,0.10682722181081772,0.9670000076293945,0.8084999918937683
YCL055W,YPR075C,0,-7.1681023,0.10681542009115219,0.9670000076293945,0.8086000084877014
YNL214W,YGL227W,0,-7.1684656,0.10680362582206726,0.9670000076293945,0.8087000250816345
YHR069C,YGR048W,0,-7.1690755,0.10679182410240173,0.9670000076293945,0.8087999820709229
YML113W,YER127W,0,-7.169258,0.1067800372838974,0.9670000076293945,0.808899998664856
YDR515W,YGR042W,0,-7.169436,0.10676824301481247,0.9670000076293945,0.8090000152587891
YPR030W,YLR369W,0,-7.169857,0.10675645619630814,0.9670000076293945,0.8090999722480774
YER145C,YMR093W,0,-7.169921,0.1067446768283844,0.9670000076293945,0.8091999888420105
YKL006C-A,YPR095C,0,-7.1699233,0.10673289000988007,0.9670000076293945,0.8093000054359436
YBR093C,YOL148C,0,-7.1701226,0.10672111064195633,0.9670000076293945,0.8094000220298767
YEL003W,YBL050W,0,-7.1708,0.10670933872461319,0.9670000076293945,0.809499979019165
YDL029W,YGL063W,0,-7.170914,0.10669755935668945,0.9670000076293945,0.8095999956130981
YPL259C,YJL167W,0,-7.1725297,0.10668578743934631,0.9670000076293945,0.8097000122070312
YKL182W,YER054C,0,-7.1727858,0.10667402297258377,0.9670000076293945,0.8098000288009644
YIR025W,YPR181C,0,-7.1728773,0.10666225105524063,0.9670000076293945,0.8098999857902527
YDR277C,YDR080W,0,-7.1728964,0.10665049403905869,0.9670000076293945,0.8100000023841858
YML120C,YOL067C,0,-7.1731744,0.10663872957229614,0.9670000076293945,0.8101000189781189
YML016C,YKR101W,0,-7.173453,0.1066269725561142,0.9670000076293945,0.8101999759674072
YPR002W,YPL122C,0,-7.173476,0.10661521553993225,0.9670000076293945,0.8102999925613403
YDR054C,YBR097W,0,-7.1740036,0.1066034585237503,0.9670000076293945,0.8104000091552734
YJL122W,YMR146C,0,-7.175205,0.10659170895814896,0.9670000076293945,0.8105000257492065
YGR108W,YHL002W,0,-7.175227,0.10657995939254761,0.9670000076293945,0.8105999827384949
YPR110C,YMR229C,0,-7.1760893,0.10656821727752686,0.9670000076293945,0.810699999332428
YKL013C,YMR285C,0,-7.176331,0.1065564751625061,0.9670000076293945,0.8108000159263611
YGR121C,YJL059W,0,-7.177381,0.10654473304748535,0.9670000076293945,0.8108999729156494
YDR423C,YOR332W,0,-7.177788,0.1065329983830452,0.9670000076293945,0.8109999895095825
YDR346C,YJL187C,0,-7.1784945,0.10652126371860504,0.9670000076293945,0.8111000061035156
YER054C,YHR081W,0,-7.179312,0.10650952905416489,0.9670000076293945,0.8112000226974487
YBR020W,YNL117W,0,-7.179558,0.10649779438972473,0.9670000076293945,0.8112999796867371
YPL249C,YDR400W,0,-7.17982,0.10648606717586517,0.9670000076293945,0.8113999962806702
YLR431C,YAR018C,0,-7.1800833,0.10647434741258621,0.9670000076293945,0.8115000128746033
YFL023W,YNL210W,0,-7.180107,0.10646262019872665,0.9670000076293945,0.8116000294685364
YHR096C,YDR314C,0,-7.180943,0.10645090043544769,0.9670000076293945,0.8116999864578247
YDR446W,YIL138C,0,-7.1810784,0.10643918812274933,0.9670000076293945,0.8118000030517578
YOR113W,YPL060W,0,-7.1811466,0.10642746835947037,0.9670000076293945,0.8119000196456909
YOR198C,YBL106C,0,-7.181354,0.106415756046772,0.9670000076293945,0.8119999766349792
YCR024C-A,YOR275C,0,-7.181445,0.10640405118465424,0.9670000076293945,0.8120999932289124
YHR050W,YKL119C,0,-7.1817493,0.10639233887195587,0.9670000076293945,0.8122000098228455
YHR055C,YPL146C,0,-7.1819844,0.1063806414604187,0.9670000076293945,0.8123000264167786
YGL061C,YJL059W,0,-7.182078,0.10636893659830093,0.9670000076293945,0.8123999834060669
YDR108W,YHR030C,0,-7.1828146,0.10635723918676376,0.9670000076293945,0.8125
YKL129C,YKL082C,0,-7.1828556,0.10634554177522659,0.9670000076293945,0.8126000165939331
YFL018C,YCR061W,0,-7.1828723,0.10633384436368942,0.9670000076293945,0.8126999735832214
YEL029C,YPL171C,0,-7.183532,0.10632215440273285,0.9670000076293945,0.8127999901771545
YPR124W,YGL016W,0,-7.184529,0.10631046444177628,0.9670000076293945,0.8129000067710876
YPL256C,YJR150C,0,-7.184915,0.1062987819314003,0.9670000076293945,0.8130000233650208
YDL115C,YMR005W,0,-7.185293,0.10628709942102432,0.9670000076293945,0.8130999803543091
YGL013C,YGR141W,0,-7.185447,0.10627541691064835,0.9670000076293945,0.8131999969482422
YKL082C,YHR065C,0,-7.186754,0.10626373440027237,0.9670000076293945,0.8133000135421753
YKR081C,YKL193C,0,-7.1869354,0.10625205934047699,0.9670000076293945,0.8133999705314636
YHR160C,YFL058W,0,-7.187131,0.10624038428068161,0.9670000076293945,0.8134999871253967
YGL194C,YJL004C,0,-7.187189,0.10622871667146683,0.9670000076293945,0.8136000037193298
YGR183C,YFL036W,0,-7.187291,0.10621704906225204,0.9670000076293945,0.8137000203132629
YDR179C,YMR091C,0,-7.1873555,0.10620538145303726,0.9670000076293945,0.8137999773025513
YOR031W,YOR103C,0,-7.18783,0.10619372129440308,0.9670000076293945,0.8138999938964844
YJL094C,YOR373W,0,-7.1886654,0.10618206113576889,0.9670000076293945,0.8140000104904175
YOR334W,YNL202W,0,-7.1886673,0.1061704009771347,0.9670000076293945,0.8141000270843506
YNL202W,YGL212W,0,-7.188834,0.10615874081850052,0.9670000076293945,0.8141999840736389
YDR221W,YLR417W,0,-7.1889887,0.10614708811044693,0.9670000076293945,0.814300000667572
YNL074C,YCR060W,0,-7.189138,0.10613544285297394,0.9670000076293945,0.8144000172615051
YGR166W,YPL167C,0,-7.1905565,0.10612379014492035,0.9670000076293945,0.8144999742507935
YFR046C,YBR088C,0,-7.1906557,0.10611214488744736,0.9670000076293945,0.8145999908447266
YDL135C,YKL175W,0,-7.190797,0.10610050708055496,0.9670000076293945,0.8147000074386597
YBR207W,YER070W,0,-7.1931953,0.10608886182308197,0.9670000076293945,0.8148000240325928
YMR179W,YDL229W,0,-7.193364,0.10607722401618958,0.9670000076293945,0.8148999810218811
YOR363C,YDR382W,0,-7.193783,0.10606559365987778,0.9670000076293945,0.8149999976158142
YDR150W,YPL042C,0,-7.193945,0.10605395585298538,0.9670000076293945,0.8151000142097473
YKL188C,YOL148C,0,-7.1940136,0.10604232549667358,0.9670000076293945,0.8151999711990356
YFL013C,YJL108C,0,-7.1945767,0.10603070259094238,0.9670000076293945,0.8152999877929688
YJL020C,YKL172W,0,-7.1946654,0.10601907968521118,0.9670000076293945,0.8154000043869019
YOR067C,YGR224W,0,-7.1947737,0.10600745677947998,0.9670000076293945,0.815500020980835
YNL159C,YBL105C,0,-7.1950607,0.10599583387374878,0.9670000076293945,0.8155999779701233
YLL009C,YNL221C,0,-7.1953945,0.10598421841859818,0.9670000076293945,0.8156999945640564
YJR050W,YPR132W,0,-7.1955786,0.10597260296344757,0.9670000076293945,0.8158000111579895
YOR023C,YOL067C,0,-7.1956472,0.10596098750829697,0.9670000076293945,0.8159000277519226
YGR246C,YBR298C,0,-7.196873,0.10594937950372696,0.9670000076293945,0.8159999847412109
YGL053W,YOR254C,0,-7.19767,0.10593777149915695,0.9670000076293945,0.816100001335144
YPR193C,YGL096W,0,-7.198333,0.10592617094516754,0.9670000076293945,0.8162000179290771
YAR014C,YIL017W,0,-7.1993155,0.10591457039117813,0.9670000076293945,0.8162999749183655
YBL097W,YPL177C,0,-7.199442,0.10590296983718872,0.9670000076293945,0.8163999915122986
YDL008W,YPL124W,0,-7.199647,0.10589136928319931,0.9670000076293945,0.8165000081062317
YOR182C,YOR054C,0,-7.2000074,0.1058797761797905,0.9670000076293945,0.8166000247001648
YMR280C,YDR457W,0,-7.200201,0.10586818307638168,0.9670000076293945,0.8166999816894531
YOR250C,YHR059W,0,-7.2008677,0.10585659742355347,0.9670000076293945,0.8167999982833862
YLR081W,YDR343C,0,-7.2009163,0.10584501177072525,0.9670000076293945,0.8169000148773193
YPL015C,YHR118C,0,-7.20107,0.10583342611789703,0.9670000076293945,0.8169999718666077
YNR075W,YDL161W,0,-7.2012434,0.10582184046506882,0.9670000076293945,0.8170999884605408
YBR161W,YCR066W,0,-7.2013063,0.1058102622628212,0.9670000076293945,0.8172000050544739
YPL224C,YLR116W,0,-7.201687,0.10579868406057358,0.9670000076293945,0.817300021648407
YGL053W,YGL207W,0,-7.2022743,0.10578711330890656,0.9670000076293945,0.8173999786376953
YDR492W,YHR050W,0,-7.2023506,0.10577554255723953,0.9670000076293945,0.8174999952316284
YAL012W,YLR320W,0,-7.203122,0.10576397180557251,0.9670000076293945,0.8176000118255615
YOR351C,YLR240W,0,-7.2037115,0.10575240850448608,0.9670000076293945,0.8177000284194946
YER103W,YLR455W,0,-7.203833,0.10574084520339966,0.9670000076293945,0.817799985408783
YOR023C,YJR140C,0,-7.203845,0.10572928190231323,0.9670000076293945,0.8179000020027161
YIL124W,YGR142W,0,-7.2042713,0.1057177186012268,0.9670000076293945,0.8180000185966492
YLR207W,YKR060W,0,-7.20569,0.10570616275072098,0.9670000076293945,0.8180999755859375
YER094C,YPL087W,0,-7.206521,0.10569461435079575,0.9670000076293945,0.8181999921798706
YJR065C,YLR249W,0,-7.207205,0.10568305850028992,0.9670000076293945,0.8183000087738037
YJL167W,YNL332W,0,-7.2083874,0.10567151010036469,0.9670000076293945,0.8184000253677368
YKL148C,YGL213C,0,-7.2093363,0.10565996170043945,0.9670000076293945,0.8184999823570251
YOL003C,YCR067C,0,-7.2099857,0.10564842075109482,0.9670000076293945,0.8185999989509583
YDR446W,YBR091C,0,-7.2105207,0.10563687980175018,0.9670000076293945,0.8187000155448914
YIL066C,YLL003W,0,-7.2110987,0.10562533885240555,0.9670000076293945,0.8187999725341797
YGL029W,YLR284C,0,-7.2116065,0.10561380535364151,0.9670000076293945,0.8188999891281128
YEL024W,YIL063C,0,-7.212062,0.10560227185487747,0.9670000076293945,0.8190000057220459
YDL200C,YDL093W,0,-7.213274,0.10559073835611343,0.9670000076293945,0.819100022315979
YER061C,YPL200W,0,-7.2137165,0.10557921230792999,0.9670000076293945,0.8191999793052673
YLR424W,YBR293W,0,-7.2148147,0.10556768625974655,0.9670000076293945,0.8192999958992004
YGL047W,YML097C,0,-7.214949,0.10555616021156311,0.9670000076293945,0.8194000124931335
YFL055W,YCL016C,0,-7.215742,0.10554464161396027,0.9670000076293945,0.8195000290870667
YDR028C,YCR060W,0,-7.2160335,0.10553312301635742,0.9670000076293945,0.819599986076355
YNL297C,YHR157W,0,-7.2163105,0.10552160441875458,0.9670000076293945,0.8197000026702881
YER119C,YIL131C,0,-7.216486,0.10551009327173233,0.9670000076293945,0.8198000192642212
YHR150W,YLR165C,0,-7.216769,0.10549858212471008,0.9670000076293945,0.8198999762535095
YLR158C,YDR325W,0,-7.21682,0.10548707097768784,0.9670000076293945,0.8199999928474426
YDL029W,YFR050C,0,-7.217536,0.10547556728124619,0.9670000076293945,0.8201000094413757
YBL097W,YMR299C,0,-7.217559,0.10546406358480453,0.9670000076293945,0.8202000260353088
YPR018W,YDL130W-A,0,-7.218779,0.10545255988836288,0.9670000076293945,0.8202999830245972
YAL056W,YDR030C,0,-7.219109,0.10544106364250183,0.9670000076293945,0.8203999996185303
YGR256W,YDR146C,0,-7.219116,0.10542956739664078,0.9670000076293945,0.8205000162124634
YGR008C,YDL058W,0,-7.2192698,0.10541807115077972,0.9670000076293945,0.8205999732017517
YBR177C,YPR009W,0,-7.2196894,0.10540658235549927,0.9670000076293945,0.8206999897956848
YMR275C,YJR143C,0,-7.2199583,0.10539509356021881,0.9670000076293945,0.8208000063896179
YLR288C,YGR054W,0,-7.220335,0.10538361221551895,0.9670000076293945,0.820900022983551
YPR183W,YNL327W,0,-7.220457,0.1053721234202385,0.9670000076293945,0.8209999799728394
YBR256C,YBL055C,0,-7.220504,0.10536064207553864,0.9670000076293945,0.8210999965667725
YGR109C,YJL116C,0,-7.2212067,0.10534916818141937,0.9670000076293945,0.8212000131607056
YER166W,YCL055W,0,-7.2212324,0.10533769428730011,0.9670000076293945,0.8213000297546387
YCR091W,YIL016W,0,-7.2215853,0.10532622039318085,0.9670000076293945,0.821399986743927
YDR069C,YNL312W,0,-7.222235,0.10531474649906158,0.9670000076293945,0.8215000033378601
YEL061C,YDR009W,0,-7.2231555,0.10530328005552292,0.9670000076293945,0.8216000199317932
YIL040W,YIR028W,1,-7.2232037,0.1054006963968277,0.9679999947547913,0.8216000199317932
YMR068W,YKR034W,0,-7.223256,0.10538922250270844,0.9679999947547913,0.8216999769210815
YMR029C,YJR156C,0,-7.2233086,0.10537774860858917,0.9679999947547913,0.8217999935150146
YNL166C,YDR115W,0,-7.2240515,0.10536627471446991,0.9679999947547913,0.8219000101089478
YDR116C,YAL055W,0,-7.2243285,0.10535480827093124,0.9679999947547913,0.8220000267028809
YPR073C,YER190W,0,-7.224945,0.10534334182739258,0.9679999947547913,0.8220999836921692
YPR030W,YPR086W,0,-7.225628,0.10533188283443451,0.9679999947547913,0.8222000002861023
YDL126C,YAL034W-A,0,-7.2268634,0.10532042384147644,0.9679999947547913,0.8223000168800354
YMR041C,YML057W,0,-7.2269607,0.10530896484851837,0.9679999947547913,0.8223999738693237
YKR025W,YGR111W,0,-7.2290735,0.1052975058555603,0.9679999947547913,0.8224999904632568
YKL018W,YKL095W,0,-7.229267,0.10528605431318283,0.9679999947547913,0.8226000070571899
YHR096C,YBR093C,0,-7.2294645,0.10527460277080536,0.9679999947547913,0.822700023651123
YDR036C,YPL249C,0,-7.2295218,0.10526315867900848,0.9679999947547913,0.8227999806404114
YDL154W,YER053C,0,-7.2296505,0.10525171458721161,0.9679999947547913,0.8228999972343445
YPR186C,YDR527W,0,-7.230031,0.10524027049541473,0.9679999947547913,0.8230000138282776
YJL094C,YOL110W,0,-7.2308354,0.10522882640361786,0.9679999947547913,0.8230999708175659
YHR092C,YHR085W,0,-7.2311516,0.10521738976240158,0.9679999947547913,0.823199987411499
YGR241C,YLR132C,0,-7.2311563,0.1052059531211853,0.9679999947547913,0.8233000040054321
YEL069C,YFR040W,0,-7.2319784,0.10519452393054962,0.9679999947547913,0.8234000205993652
YER118C,YLR383W,0,-7.232373,0.10518309473991394,0.9679999947547913,0.8234999775886536
YDR085C,YOR281C,0,-7.232418,0.10517166554927826,0.9679999947547913,0.8235999941825867
YML057W,YDR140W,0,-7.2324934,0.10516023635864258,0.9679999947547913,0.8237000107765198
YPL115C,YHR164C,0,-7.2325563,0.1051488146185875,0.9679999947547913,0.8238000273704529
YGL090W,YJL173C,0,-7.2331004,0.10513739287853241,0.9679999947547913,0.8238999843597412
YGL222C,YCL055W,0,-7.2331915,0.10512597858905792,0.9679999947547913,0.8240000009536743
YLR231C,YDL235C,0,-7.233849,0.10511456429958344,0.9679999947547913,0.8241000175476074
YOR136W,YER072W,0,-7.2340903,0.10510315001010895,0.9679999947547913,0.8241999745368958
YOR113W,YDR414C,0,-7.2341647,0.10509173572063446,0.9679999947547913,0.8242999911308289
YIL117C,YML124C,0,-7.234214,0.10508032888174057,0.9679999947547913,0.824400007724762
YOR245C,YOL127W,0,-7.23588,0.10506892204284668,0.9679999947547913,0.8245000243186951
YBR158W,YLL026W,0,-7.236576,0.10505752265453339,0.9679999947547913,0.8245999813079834
YHR052W,YGR111W,0,-7.236653,0.10504612326622009,0.9679999947547913,0.8246999979019165
YJL099W,YOR211C,0,-7.2372756,0.1050347238779068,0.9679999947547913,0.8248000144958496
YDR318W,YBL035C,0,-7.2373405,0.1050233244895935,0.9679999947547913,0.8248999714851379
YDR171W,YGL049C,0,-7.238012,0.10501193255186081,0.9679999947547913,0.824999988079071
YJR137C,YGL171W,0,-7.2380443,0.10500054061412811,0.9679999947547913,0.8251000046730042
YDL230W,YGR081C,0,-7.2380896,0.10498915612697601,0.9679999947547913,0.8252000212669373
YBR210W,YMR044W,0,-7.2381563,0.10497777163982391,0.9679999947547913,0.8252999782562256
YDL046W,YOR049C,0,-7.238158,0.10496638715267181,0.9679999947547913,0.8253999948501587
YAL015C,YPR016C,0,-7.2382193,0.10495500266551971,0.9679999947547913,0.8255000114440918
YJR119C,YAR033W,0,-7.238587,0.10494362562894821,0.9679999947547913,0.8256000280380249
YGL013C,YKL122C,0,-7.238846,0.10493224859237671,0.9679999947547913,0.8256999850273132
YDR508C,YPL130W,0,-7.240087,0.1049208790063858,0.9679999947547913,0.8258000016212463
YCR010C,YAR007C,0,-7.240199,0.1049095019698143,0.9679999947547913,0.8259000182151794
YCR091W,YDL159W,0,-7.2402687,0.1048981323838234,0.9679999947547913,0.8259999752044678
YDR265W,YOL097C,0,-7.241069,0.10488677024841309,0.9679999947547913,0.8260999917984009
YDR270W,YDR162C,0,-7.241515,0.10487540811300278,0.9679999947547913,0.826200008392334
YGR028W,YGR072W,0,-7.2419353,0.10486404597759247,0.9679999947547913,0.8263000249862671
YOR113W,YLR340W,0,-7.2419496,0.10485268384218216,0.9679999947547913,0.8263999819755554
YMR288W,YIR011C,0,-7.242107,0.10484132915735245,0.9679999947547913,0.8264999985694885
YIL046W,YNL007C,0,-7.243124,0.10482997447252274,0.9679999947547913,0.8266000151634216
YJR055W,YMR231W,0,-7.2434754,0.10481862723827362,0.9679999947547913,0.82669997215271
YDR016C,YDR356W,0,-7.244541,0.10480727255344391,0.9679999947547913,0.8267999887466431
YDR171W,YLR126C,0,-7.244606,0.10479593276977539,0.9679999947547913,0.8269000053405762
YBR109C,YML013W,0,-7.244768,0.10478458553552628,0.9679999947547913,0.8270000219345093
YDL095W,YGR209C,0,-7.2459536,0.10477324575185776,0.9679999947547913,0.8270999789237976
YOR237W,YNL307C,0,-7.246006,0.10476190596818924,0.9679999947547913,0.8271999955177307
YGR010W,YOR272W,0,-7.2464666,0.10475056618452072,0.9679999947547913,0.8273000121116638
YBR024W,YLR055C,0,-7.2467804,0.1047392338514328,0.9679999947547913,0.8274000287055969
YJR031C,YAR009C,0,-7.247637,0.10472790151834488,0.9679999947547913,0.8274999856948853
YLR214W,YMR134W,0,-7.247707,0.10471657663583755,0.9679999947547913,0.8276000022888184
YCR075C,YCR057C,0,-7.2480593,0.10470524430274963,0.9679999947547913,0.8277000188827515
YLR192C,YNL015W,0,-7.2482734,0.10469391942024231,0.9679999947547913,0.8277999758720398
YKL139W,YEL017C-A,0,-7.2488384,0.10468260198831558,0.9679999947547913,0.8278999924659729
YIL026C,YLR328W,0,-7.2492657,0.10467127710580826,0.9679999947547913,0.828000009059906
YIL121W,YER041W,0,-7.249775,0.10465995967388153,0.9679999947547913,0.8281000256538391
YER020W,YMR204C,0,-7.249894,0.1046486496925354,0.9679999947547913,0.8281999826431274
YCR098C,YKR052C,0,-7.2508945,0.10463733971118927,0.9679999947547913,0.8282999992370605
YMR219W,YML058W-A,0,-7.2514205,0.10462602972984314,0.9679999947547913,0.8284000158309937
YBR026C,YAL031C,0,-7.2516274,0.10461471974849701,0.9679999947547913,0.828499972820282
YOR085W,YPL253C,0,-7.251784,0.10460341721773148,0.9679999947547913,0.8285999894142151
YPL262W,YNL241C,0,-7.251809,0.10459211468696594,0.9679999947547913,0.8287000060081482
YPR191W,YHR020W,0,-7.252555,0.10458081215620041,0.9679999947547913,0.8288000226020813
YPL093W,YMR134W,0,-7.2526565,0.10456951707601547,0.9679999947547913,0.8288999795913696
YMR299C,YKL178C,0,-7.2533503,0.10455822199583054,0.9679999947547913,0.8289999961853027
YGR224W,YKL073W,0,-7.253544,0.1045469269156456,0.9679999947547913,0.8291000127792358
YMR219W,YCL059C,0,-7.2537537,0.10453563928604126,0.9679999947547913,0.829200029373169
YLR206W,YNL323W,0,-7.25414,0.10452435165643692,0.9679999947547913,0.8292999863624573
YPL061W,YNL279W,0,-7.2541413,0.10451306402683258,0.9679999947547913,0.8294000029563904
YIL034C,YDL036C,0,-7.254302,0.10450178384780884,0.9679999947547913,0.8295000195503235
YNL182C,YKL014C,0,-7.254462,0.1044905036687851,0.9679999947547913,0.8295999765396118
YDR284C,YDR189W,0,-7.2546663,0.10447922348976135,0.9679999947547913,0.8296999931335449
YDL079C,YDR334W,0,-7.2557497,0.1044679507613182,0.9679999947547913,0.829800009727478
YGR209C,YML088W,0,-7.2557497,0.10445667058229446,0.9679999947547913,0.8299000263214111
YGR262C,YDR425W,0,-7.2565527,0.10444540530443192,0.9679999947547913,0.8299999833106995
YEL071W,YDL036C,0,-7.2567058,0.10443413257598877,0.9679999947547913,0.8300999999046326
YGL027C,YOL009C,0,-7.2573776,0.10442286729812622,0.9679999947547913,0.8302000164985657
YKL170W,YBL034C,0,-7.2595644,0.10441160947084427,0.9679999947547913,0.830299973487854
YOR180C,YIL013C,0,-7.2596602,0.10440034419298172,0.9679999947547913,0.8303999900817871
YMR220W,YNL026W,0,-7.259668,0.10438908636569977,0.9679999947547913,0.8305000066757202
YOR132W,YGL095C,0,-7.2598906,0.10437782853841782,0.9679999947547913,0.8306000232696533
YKL001C,YOL105C,0,-7.2602935,0.10436657816171646,0.9679999947547913,0.8306999802589417
YGR246C,YDR265W,0,-7.2603736,0.1043553277850151,0.9679999947547913,0.8307999968528748
YBR205W,YGR028W,0,-7.2605953,0.10434407740831375,0.9679999947547913,0.8309000134468079
YHR086W,YCR042C,0,-7.260607,0.1043328270316124,0.9679999947547913,0.8309999704360962
YKR024C,YKL125W,0,-7.2613087,0.10432158410549164,0.9679999947547913,0.8310999870300293
YBR110W,YDR076W,0,-7.26155,0.10431034117937088,0.9679999947547913,0.8312000036239624
YPR081C,YGR241C,0,-7.2629557,0.10429910570383072,0.9679999947547913,0.8313000202178955
YMR250W,YDR227W,0,-7.263612,0.10428787022829056,0.9679999947547913,0.8313999772071838
YMR292W,YJL128C,0,-7.263749,0.1042766347527504,0.9679999947547913,0.8314999938011169
YGR246C,YLR206W,0,-7.2640843,0.10426539927721024,0.9679999947547913,0.83160001039505
YKL051W,YIL147C,0,-7.2641983,0.10425417125225067,0.9679999947547913,0.8317000269889832
YDR277C,YBR253W,0,-7.264445,0.10424294322729111,0.9679999947547913,0.8317999839782715
YKL220C,YDR404C,0,-7.2646976,0.10423172265291214,0.9679999947547913,0.8319000005722046
YLR155C,YOL110W,0,-7.2658124,0.10422050207853317,0.9679999947547913,0.8320000171661377
YOL008W,YIL120W,0,-7.265838,0.1042092815041542,0.9679999947547913,0.832099974155426
YJR025C,YLR190W,0,-7.2658596,0.10419806092977524,0.9679999947547913,0.8321999907493591
YCR014C,YER018C,0,-7.2661715,0.10418684780597687,0.9679999947547913,0.8323000073432922
YGR108W,YJL128C,0,-7.2661943,0.1041756346821785,0.9679999947547913,0.8324000239372253
YFL050C,YDR212W,0,-7.266658,0.10416442155838013,0.9679999947547913,0.8324999809265137
YBR037C,YJL045W,0,-7.2669206,0.10415321588516235,0.9679999947547913,0.8325999975204468
YOL060C,YDR397C,0,-7.2669787,0.10414201021194458,0.9679999947547913,0.8327000141143799
YGR109C,YFR014C,0,-7.268097,0.1041308119893074,0.9679999947547913,0.8327999711036682
YBR201W,YGR145W,0,-7.2686963,0.10411960631608963,0.9679999947547913,0.8328999876976013
YDR179C,YOL027C,0,-7.268995,0.10410840809345245,0.9679999947547913,0.8330000042915344
YGR109C,YBL011W,0,-7.2691793,0.10409721732139587,0.9679999947547913,0.8331000208854675
YJR063W,YOR272W,0,-7.2693715,0.1040860190987587,0.9679999947547913,0.8331999778747559
YLL015W,YLR100W,0,-7.2694983,0.10407482832670212,0.9679999947547913,0.833299994468689
YBR002C,YJR063W,0,-7.26983,0.10406364500522614,0.9679999947547913,0.8334000110626221
YDR299W,YMR229C,0,-7.2722,0.10405245423316956,0.9679999947547913,0.8335000276565552
YKR082W,YCR073W-A,1,-7.2723293,0.1041487529873848,0.968999981880188,0.8335000276565552
YOL164W,YDL224C,0,-7.273407,0.10413756221532822,0.968999981880188,0.8335999846458435
YER179W,YKL082C,0,-7.273486,0.10412637144327164,0.968999981880188,0.8337000012397766
YKL004W,YEL026W,0,-7.2735214,0.10411518067121506,0.968999981880188,0.8338000178337097
YLL026W,YMR069W,0,-7.27397,0.10410399734973907,0.968999981880188,0.833899974822998
YDR518W,YDR075W,0,-7.2757177,0.10409281402826309,0.968999981880188,0.8339999914169312
YBL061C,YAL002W,0,-7.276206,0.10408163070678711,0.968999981880188,0.8341000080108643
YNL327W,YPL203W,0,-7.276474,0.10407045483589172,0.968999981880188,0.8342000246047974
YNR010W,YJL219W,0,-7.276539,0.10405927896499634,0.968999981880188,0.8342999815940857
YCR082W,YOL013C,0,-7.2775373,0.10404810309410095,0.968999981880188,0.8343999981880188
YDR512C,YLR197W,0,-7.2782183,0.10403693467378616,0.968999981880188,0.8345000147819519
YHR008C,YDR165W,0,-7.2789392,0.10402576625347137,0.968999981880188,0.8345999717712402
YLR158C,YLL060C,0,-7.2794147,0.10401459783315659,0.968999981880188,0.8346999883651733
YCR073W-A,YHR167W,1,-7.2801647,0.10411076247692108,0.9700000286102295,0.8346999883651733
YMR177W,YOL033W,0,-7.2823386,0.10409959405660629,0.9700000286102295,0.8348000049591064
YLR377C,YMR093W,0,-7.2828026,0.10408841818571091,0.9700000286102295,0.8349000215530396
YOL110W,YBR250W,0,-7.2838726,0.10407724976539612,0.9700000286102295,0.8349999785423279
YCL004W,YDR498C,0,-7.2846537,0.10406608879566193,0.9700000286102295,0.835099995136261
YDL008W,YBL088C,0,-7.2853365,0.10405492037534714,0.9700000286102295,0.8352000117301941
YPL270W,YLR301W,0,-7.2857866,0.10404375940561295,0.9700000286102295,0.8353000283241272
YIR021W,YLR266C,0,-7.2859035,0.10403260588645935,0.9700000286102295,0.8353999853134155
YDL208W,YAL015C,0,-7.2867494,0.10402144491672516,0.9700000286102295,0.8355000019073486
YMR303C,YOR136W,0,-7.287037,0.10401029139757156,0.9700000286102295,0.8356000185012817
YDL005C,YHR026W,0,-7.2875724,0.10399914532899857,0.9700000286102295,0.8356999754905701
YKL160W,YLR256W,0,-7.2885485,0.10398799180984497,0.9700000286102295,0.8357999920845032
YGR046W,YGL039W,0,-7.288719,0.10397684574127197,0.9700000286102295,0.8359000086784363
YMR270C,YIL077C,0,-7.2899017,0.10396569967269897,0.9700000286102295,0.8360000252723694
YOR126C,YER021W,0,-7.2901,0.10395456105470657,0.9700000286102295,0.8360999822616577
YBR034C,YLR016C,1,-7.290413,0.10405057668685913,0.9710000157356262,0.8360999822616577
YOL016C,YLR096W,0,-7.2904983,0.10403943061828613,0.9710000157356262,0.8361999988555908
YDL143W,YBR006W,0,-7.2906723,0.10402828454971313,0.9710000157356262,0.8363000154495239
YMR199W,YMR101C,0,-7.2908325,0.10401713848114014,0.9710000157356262,0.8363999724388123
YIL013C,YHR150W,0,-7.2909684,0.10400599986314774,0.9710000157356262,0.8364999890327454
YLR176C,YFL045C,0,-7.291225,0.10399486124515533,0.9710000157356262,0.8366000056266785
YAL053W,YLR135W,0,-7.292116,0.10398372262716293,0.9710000157356262,0.8367000222206116
YNL102W,YMR051C,0,-7.2923036,0.10397259145975113,0.9710000157356262,0.8367999792098999
YFL011W,YMR013C,0,-7.292663,0.10396145284175873,0.9710000157356262,0.836899995803833
YNR057C,YDR009W,0,-7.2928114,0.10395032912492752,0.9710000157356262,0.8370000123977661
YPL130W,YDL060W,0,-7.293451,0.10393919795751572,0.9710000157356262,0.8371000289916992
YBR177C,YFL002C,0,-7.2941732,0.10392807424068451,0.9710000157356262,0.8371999859809875
YMR250W,YPL224C,0,-7.294589,0.1039169505238533,0.9710000157356262,0.8373000025749207
YGR200C,YAL016W,0,-7.29459,0.10390583425760269,0.9710000157356262,0.8374000191688538
YKL007W,YML013W,0,-7.296046,0.10389471799135208,0.9710000157356262,0.8374999761581421
YML120C,YPL153C,0,-7.2971964,0.10388360172510147,0.9710000157356262,0.8375999927520752
YNL153C,YKL093W,0,-7.2973876,0.10387248545885086,0.9710000157356262,0.8377000093460083
YOR347C,YOR047C,0,-7.2976584,0.10386137664318085,0.9710000157356262,0.8378000259399414
YNL231C,YCL063W,0,-7.2978125,0.10385026782751083,0.9710000157356262,0.8378999829292297
YMR207C,YLL027W,0,-7.2990694,0.10383915901184082,0.9710000157356262,0.8379999995231628
YDR224C,YLR148W,0,-7.2992506,0.1038280576467514,0.9710000157356262,0.838100016117096
YOR159C,YCL033C,0,-7.3004885,0.10381695628166199,0.9710000157356262,0.8381999731063843
YKL093W,YCR026C,0,-7.3005943,0.10380585491657257,0.9710000157356262,0.8382999897003174
YPL217C,YML057W,0,-7.301177,0.10379476100206375,0.9710000157356262,0.8384000062942505
YDL035C,YJR112W,0,-7.302593,0.10378366708755493,0.9710000157356262,0.8385000228881836
YIL065C,YOR327C,0,-7.3028507,0.10377257317304611,0.9710000157356262,0.8385999798774719
YMR025W,YGL124C,0,-7.3032937,0.10376148670911789,0.9710000157356262,0.838699996471405
YNL210W,YNL169C,0,-7.304303,0.10375040024518967,0.9710000157356262,0.8388000130653381
YNL075W,YDR329C,0,-7.3045692,0.10373931378126144,0.9710000157356262,0.8389000296592712
YHR096C,YDL056W,0,-7.305028,0.10372823476791382,0.9710000157356262,0.8389999866485596
YOR204W,YGL158W,0,-7.3051453,0.10371715575456619,0.9710000157356262,0.8391000032424927
YKR037C,YGR046W,0,-7.30529,0.10370607674121857,0.9710000157356262,0.8392000198364258
YLR190W,YHR016C,0,-7.306049,0.10369500517845154,0.9710000157356262,0.8392999768257141
YGL124C,YML095C,0,-7.306266,0.10368392616510391,0.9710000157356262,0.8393999934196472
YDR498C,YHR006W,0,-7.307796,0.10367286205291748,0.9710000157356262,0.8395000100135803
YIL036W,YMR026C,0,-7.308096,0.10366179049015045,0.9710000157356262,0.8396000266075134
YJL116C,YBR162C,0,-7.3083324,0.10365072637796402,0.9710000157356262,0.8396999835968018
YLL008W,YOR185C,0,-7.308816,0.10363966226577759,0.9710000157356262,0.8398000001907349
YAL035W,YPL060W,0,-7.309369,0.10362860560417175,0.9710000157356262,0.839900016784668
YMR113W,YGR289C,0,-7.3094034,0.10361754149198532,0.9710000157356262,0.8399999737739563
YJR052W,YLR130C,0,-7.30947,0.10360648483037949,0.9710000157356262,0.8400999903678894
YBL082C,YJR063W,0,-7.3100843,0.10359543561935425,0.9710000157356262,0.8402000069618225
YPL101W,YNL239W,0,-7.3101244,0.10358437895774841,0.9710000157356262,0.8403000235557556
YOR026W,YAL015C,0,-7.310157,0.10357332974672318,0.9710000157356262,0.840399980545044
YHR096C,YMR140W,0,-7.3106723,0.10356228798627853,0.9710000157356262,0.840499997138977
YGL003C,YDR146C,0,-7.310807,0.1035512387752533,0.9710000157356262,0.8406000137329102
YGR014W,YBL100W-A,0,-7.311322,0.10354019701480865,0.9710000157356262,0.8406999707221985
YPL135W,YBR017C,0,-7.311345,0.10352916270494461,0.9710000157356262,0.8407999873161316
YLR102C,YJL108C,0,-7.312451,0.10351812094449997,0.9710000157356262,0.8409000039100647
YKR086W,YGR070W,0,-7.313372,0.10350708663463593,0.9710000157356262,0.8410000205039978
YPL202C,YJL186W,0,-7.31491,0.10349605977535248,0.9710000157356262,0.8410999774932861
YLR201C,YMR207C,0,-7.315213,0.10348502546548843,0.9710000157356262,0.8411999940872192
YBR026C,YLR105C,0,-7.316249,0.10347399860620499,0.9710000157356262,0.8413000106811523
YKR097W,YKL045W,0,-7.3176713,0.10346297174692154,0.9710000157356262,0.8414000272750854
YNR010W,YGR028W,0,-7.3178916,0.10345195233821869,0.9710000157356262,0.8414999842643738
YLR144C,YHL025W,0,-7.318329,0.10344092547893524,0.9710000157356262,0.8416000008583069
YCR086W,YBR179C,0,-7.318532,0.10342991352081299,0.9710000157356262,0.84170001745224
YCR005C,YHR039C-A,0,-7.3189955,0.10341889411211014,0.9710000157356262,0.8417999744415283
YGL251C,YOL060C,0,-7.3202806,0.10340788215398788,0.9710000157356262,0.8418999910354614
YIL125W,YFL058W,0,-7.3204746,0.10339687019586563,0.9710000157356262,0.8420000076293945
YPR132W,YDR425W,0,-7.321351,0.10338585823774338,0.9710000157356262,0.8421000242233276
YGR289C,YIL039W,0,-7.321451,0.10337485373020172,0.9710000157356262,0.842199981212616
YLR285W,YGR009C,0,-7.3215113,0.10336384922266006,0.9710000157356262,0.8422999978065491
YGL251C,YDR296W,0,-7.3220205,0.10335284471511841,0.9710000157356262,0.8424000144004822
YOR245C,YER070W,0,-7.3231096,0.10334184765815735,0.9710000157356262,0.8424999713897705
YDR479C,YDL098C,0,-7.3236012,0.10333085060119629,0.9710000157356262,0.8425999879837036
YGL078C,YOR321W,0,-7.323632,0.10331985354423523,0.9710000157356262,0.8427000045776367
YJR047C,YBL025W,0,-7.3238435,0.10330886393785477,0.9710000157356262,0.8428000211715698
YDR163W,YPL022W,0,-7.324023,0.1032978743314743,0.9710000157356262,0.8428999781608582
YHR164C,YMR293C,0,-7.3248096,0.10328688472509384,0.9710000157356262,0.8429999947547913
YBR177C,YPR067W,0,-7.325033,0.10327589511871338,0.9710000157356262,0.8431000113487244
YDL035C,YDR228C,0,-7.325157,0.10326491296291351,0.9710000157356262,0.8432000279426575
YHL036W,YOL011W,0,-7.326443,0.10325393080711365,0.9710000157356262,0.8432999849319458
YDR116C,YPR024W,0,-7.3281136,0.10324295610189438,0.9710000157356262,0.8434000015258789
YPL031C,YFL045C,0,-7.3287992,0.10323198139667511,0.9710000157356262,0.843500018119812
YLR102C,YOR003W,0,-7.328923,0.10322100669145584,0.9710000157356262,0.8435999751091003
YHR015W,YGL172W,1,-7.3293247,0.10331632941961288,0.972000002861023,0.8435999751091003
YGL073W,YFR031C,0,-7.329338,0.10330534726381302,0.972000002861023,0.8436999917030334
YCL034W,YLR071C,0,-7.3299475,0.10329436510801315,0.972000002861023,0.8438000082969666
YGR254W,YDR145W,0,-7.330854,0.10328339040279388,0.972000002861023,0.8439000248908997
YKL213C,YDL130W-A,0,-7.331155,0.10327241569757462,0.972000002861023,0.843999981880188
YOL040C,YJL187C,0,-7.3312235,0.10326144844293594,0.972000002861023,0.8440999984741211
YNL002C,YOR295W,0,-7.331629,0.10325048118829727,0.972000002861023,0.8442000150680542
YNR032W,YKL056C,0,-7.331997,0.1032395139336586,0.972000002861023,0.8442999720573425
YDR163W,YKL020C,0,-7.3320045,0.10322854667901993,0.972000002861023,0.8443999886512756
YKR101W,YEL065W,0,-7.332034,0.10321758687496185,0.972000002861023,0.8445000052452087
YGL124C,YCR027C,0,-7.332692,0.10320662707090378,0.972000002861023,0.8446000218391418
YNL242W,YKL055C,0,-7.3327465,0.1031956672668457,0.972000002861023,0.8446999788284302
YML057W,YGR008C,0,-7.3333507,0.10318471491336823,0.972000002861023,0.8447999954223633
YDR060W,YHR161C,0,-7.333627,0.10317376255989075,0.972000002861023,0.8449000120162964
YDR214W,YKL089W,0,-7.33375,0.10316281020641327,0.972000002861023,0.8450000286102295
YFL050C,YDR358W,0,-7.3345065,0.10315186530351639,0.972000002861023,0.8450999855995178
YGR060W,YLR092W,0,-7.334833,0.1031409204006195,0.972000002861023,0.8452000021934509
YJL060W,YBR060C,0,-7.335001,0.10312997549772263,0.972000002861023,0.845300018787384
YMR140W,YOL125W,0,-7.335357,0.10311903059482574,0.972000002861023,0.8453999757766724
YLR242C,YJL219W,0,-7.3353653,0.10310809314250946,0.972000002861023,0.8454999923706055
YPL174C,YDR436W,0,-7.336834,0.10309715569019318,0.972000002861023,0.8456000089645386
YPL116W,YEL012W,0,-7.3369474,0.10308622568845749,0.972000002861023,0.8457000255584717
YKL125W,YKL086W,0,-7.3376255,0.1030752882361412,0.972000002861023,0.84579998254776
YKL150W,YFR034C,0,-7.337887,0.10306436568498611,0.972000002861023,0.8458999991416931
YOR245C,YBR020W,0,-7.338496,0.10305343568325043,0.972000002861023,0.8460000157356262
YPL269W,YOL006C,0,-7.3388386,0.10304251313209534,0.972000002861023,0.8460999727249146
YIL034C,YMR314W,0,-7.3389335,0.10303159058094025,0.972000002861023,0.8461999893188477
YDR492W,YJR049C,0,-7.3400393,0.10302066802978516,0.972000002861023,0.8463000059127808
YHR052W,YDR075W,0,-7.340442,0.10300975292921066,0.972000002861023,0.8464000225067139
YLR231C,YGL003C,0,-7.3413243,0.10299883782863617,0.972000002861023,0.8464999794960022
YNL250W,YCR008W,0,-7.3414106,0.10298792272806168,0.972000002861023,0.8465999960899353
YDR299W,YGL194C,0,-7.341639,0.10297700762748718,0.972000002861023,0.8467000126838684
YML058W-A,YOL001W,0,-7.3417916,0.10296609997749329,0.972000002861023,0.8468000292778015
YOR039W,YGR256W,0,-7.3425474,0.10295519232749939,0.972000002861023,0.8468999862670898
YGL098W,YLR396C,0,-7.342925,0.10294429212808609,0.972000002861023,0.847000002861023
YFR033C,YKR001C,0,-7.34329,0.10293339192867279,0.972000002861023,0.847100019454956
YFL050C,YPR120C,0,-7.3434887,0.10292249172925949,0.972000002861023,0.8471999764442444
YDR507C,YCR061W,0,-7.3439827,0.10291159152984619,0.972000002861023,0.8472999930381775
YEL063C,YPR143W,0,-7.3441143,0.10290069878101349,0.972000002861023,0.8474000096321106
YDR256C,YBR162C,0,-7.3445625,0.10288980603218079,0.972000002861023,0.8475000262260437
YHR094C,YML021C,0,-7.3449636,0.10287891328334808,0.972000002861023,0.847599983215332
YGR028W,YJR132W,0,-7.3450756,0.10286802798509598,0.972000002861023,0.8476999998092651
YAL033W,YCR102C,0,-7.345519,0.10285714268684387,0.972000002861023,0.8478000164031982
YNR067C,YPL021W,0,-7.3456616,0.10284625738859177,0.972000002861023,0.8478999733924866
YKL049C,YOR087W,0,-7.345884,0.10283537954092026,0.972000002861023,0.8479999899864197
YDR076W,YLR150W,0,-7.3460884,0.10282450169324875,0.972000002861023,0.8481000065803528
YMR163C,YIL109C,0,-7.346404,0.10281362384557724,0.972000002861023,0.8482000231742859
YEL065W,YOL129W,0,-7.3468347,0.10280275344848633,0.972000002861023,0.8482999801635742
YLR109W,YBR060C,0,-7.346983,0.10279187560081482,0.972000002861023,0.8483999967575073
YGR109C,YDR324C,0,-7.347507,0.10278100520372391,0.972000002861023,0.8485000133514404
YNL192W,YGR171C,0,-7.3477225,0.10277014225721359,0.972000002861023,0.8485999703407288
YMR246W,YBL013W,0,-7.349145,0.10275927931070328,0.972000002861023,0.8486999869346619
YGL180W,YER093C,0,-7.350158,0.10274841636419296,0.972000002861023,0.848800003528595
YDR393W,YNL213C,0,-7.352097,0.10273755341768265,0.972000002861023,0.8489000201225281
YER002W,YOR081C,0,-7.352549,0.10272669792175293,0.972000002861023,0.8489999771118164
YOL059W,YHR066W,0,-7.352626,0.10271584242582321,0.972000002861023,0.8490999937057495
YGL247W,YIR028W,1,-7.352666,0.10281065106391907,0.9729999899864197,0.8490999937057495
YKL129C,YPL211W,0,-7.3532763,0.10279978811740875,0.9729999899864197,0.8492000102996826
YHR061C,YGR289C,0,-7.35477,0.10278892517089844,0.9729999899864197,0.8493000268936157
YJR031C,YER110C,0,-7.3563366,0.10277806967496872,0.9729999899864197,0.849399983882904
YPL106C,YOR359W,0,-7.3567038,0.102767214179039,0.9729999899864197,0.8495000004768372
YPL031C,YNL304W,0,-7.358172,0.10275636613368988,0.9729999899864197,0.8496000170707703
YDR487C,YLL034C,0,-7.359159,0.10274551063776016,0.9729999899864197,0.8496999740600586
YAL056W,YHR082C,0,-7.359191,0.10273466259241104,0.9729999899864197,0.8497999906539917
YEL066W,YFR040W,0,-7.359918,0.10272381454706192,0.9729999899864197,0.8499000072479248
YDL085W,YLR272C,0,-7.3604507,0.1027129739522934,0.9729999899864197,0.8500000238418579
YOR031W,YMR026C,0,-7.360853,0.10270213335752487,0.9729999899864197,0.8500999808311462
YML075C,YMR070W,0,-7.3622212,0.10269129276275635,0.9729999899864197,0.8501999974250793
YIR028W,YGL172W,1,-7.3627,0.10278598219156265,0.9739999771118164,0.8501999974250793
YPR021C,YOR354C,0,-7.3634663,0.10277514159679413,0.9739999771118164,0.8503000140190125
YMR201C,YOL129W,0,-7.3637238,0.10276429355144501,0.9739999771118164,0.8503999710083008
YML081C-A,YGR230W,0,-7.3646803,0.10275345295667648,0.9739999771118164,0.8504999876022339
YMR227C,YGL096W,0,-7.36512,0.10274261236190796,0.9739999771118164,0.850600004196167
YLR320W,YBL007C,0,-7.3665285,0.10273177921772003,0.9739999771118164,0.8507000207901001
YHR186C,YGR044C,0,-7.3665886,0.1027209460735321,0.9739999771118164,0.8507999777793884
YDR386W,YNL046W,0,-7.367676,0.10271011292934418,0.9739999771118164,0.8508999943733215
YMR025W,YPL123C,0,-7.367787,0.10269927978515625,0.9739999771118164,0.8510000109672546
YOR244W,YJL042W,0,-7.367841,0.10268845409154892,0.9739999771118164,0.8511000275611877
YGL194C,YGR091W,0,-7.368124,0.10267762839794159,0.9739999771118164,0.8511999845504761
YBR066C,YEL050C,0,-7.368489,0.10266681015491486,0.9739999771118164,0.8513000011444092
YHR124W,YGL011C,0,-7.3685465,0.10265598446130753,0.9739999771118164,0.8514000177383423
YDR298C,YKL188C,0,-7.3689113,0.10264516621828079,0.9739999771118164,0.8514999747276306
YHL031C,YBR294W,0,-7.3689303,0.10263435542583466,0.9739999771118164,0.8515999913215637
YNL166C,YHR008C,0,-7.368943,0.10262353718280792,0.9739999771118164,0.8517000079154968
YIL097W,YFR033C,0,-7.369545,0.10261272639036179,0.9739999771118164,0.8518000245094299
YIL039W,YOR084W,0,-7.369619,0.10260191559791565,0.9739999771118164,0.8518999814987183
YPL192C,YOR081C,0,-7.3717356,0.10259111225605011,0.9739999771118164,0.8519999980926514
YJR108W,YDR080W,0,-7.3723226,0.10258030891418457,0.9739999771118164,0.8521000146865845
YDL113C,YJR077C,0,-7.373089,0.10256950557231903,0.9739999771118164,0.8521999716758728
YMR008C,YHR016C,0,-7.3733444,0.10255870223045349,0.9739999771118164,0.8522999882698059
YDR085C,YFR013W,0,-7.373476,0.10254790633916855,0.9739999771118164,0.852400004863739
YPL196W,YHR075C,0,-7.373557,0.1025371104478836,0.9739999771118164,0.8525000214576721
YFL055W,YMR179W,0,-7.3739634,0.10252631455659866,0.9739999771118164,0.8525999784469604
YER020W,YDL098C,0,-7.374255,0.10251552611589432,0.9739999771118164,0.8526999950408936
YHR102W,YAL024C,0,-7.375005,0.10250473767518997,0.9739999771118164,0.8528000116348267
YMR004W,YNL160W,0,-7.375217,0.10249394923448563,0.9739999771118164,0.8529000282287598
YIL075C,YNL026W,0,-7.375282,0.10248316824436188,0.9739999771118164,0.8529999852180481
YOR112W,YCR073W-A,1,-7.3754435,0.1025775894522667,0.9750000238418579,0.8529999852180481
YEL063C,YNL064C,0,-7.3755484,0.10256680101156235,0.9750000238418579,0.8531000018119812
YLR390W-A,YNL164C,0,-7.37588,0.102556012570858,0.9750000238418579,0.8532000184059143
YJR065C,YOL149W,0,-7.3765903,0.10254522413015366,0.9750000238418579,0.8532999753952026
YDL220C,YHR160C,0,-7.3767633,0.10253444314002991,0.9750000238418579,0.8533999919891357
YMR056C,YJR084W,0,-7.377099,0.10252366214990616,0.9750000238418579,0.8535000085830688
YHR015W,YML103C,1,-7.377181,0.1026180237531662,0.9760000109672546,0.8535000085830688
YDR518W,YNL036W,0,-7.3778024,0.10260723531246185,0.9760000109672546,0.853600025177002
YBL026W,YIR041W,0,-7.3791704,0.10259644687175751,0.9760000109672546,0.8536999821662903
YJL014W,YKL188C,0,-7.379503,0.10258566588163376,0.9760000109672546,0.8537999987602234
YEL065W,YHR138C,0,-7.379636,0.10257488489151001,0.9760000109672546,0.8539000153541565
YFR030W,YDL109C,0,-7.3801517,0.10256410390138626,0.9760000109672546,0.8539999723434448
YOR120W,YPL155C,0,-7.3802433,0.10255332291126251,0.9760000109672546,0.8540999889373779
YMR280C,YOR279C,0,-7.381117,0.10254254937171936,0.9760000109672546,0.854200005531311
YFL034C-B,YLR254C,0,-7.3816223,0.10253177583217621,0.9760000109672546,0.8543000221252441
YFL018C,YGR046W,0,-7.3819904,0.10252100974321365,0.9760000109672546,0.8543999791145325
YER015W,YIR026C,0,-7.382592,0.1025102436542511,0.9760000109672546,0.8544999957084656
YCL025C,YDR447C,0,-7.383132,0.10249947756528854,0.9760000109672546,0.8546000123023987
YAL024C,YDR479C,0,-7.3833427,0.10248871147632599,0.9760000109672546,0.8547000288963318
YKL093W,YPR188C,0,-7.3836584,0.10247795283794403,0.9760000109672546,0.8547999858856201
YGL037C,YDR289C,0,-7.3837986,0.10246719419956207,0.9760000109672546,0.8549000024795532
YNL074C,YBR035C,0,-7.38414,0.10245643556118011,0.9760000109672546,0.8550000190734863
YGL200C,YPR164W,0,-7.3842354,0.10244568437337875,0.9760000109672546,0.8550999760627747
YLR433C,YPL156C,0,-7.384619,0.1024349257349968,0.9760000109672546,0.8551999926567078
YOL008W,YDR163W,0,-7.3848453,0.10242418199777603,0.9760000109672546,0.8553000092506409
YCL027W,YNR008W,0,-7.3851166,0.10241343080997467,0.9760000109672546,0.855400025844574
YNL015W,YER151C,0,-7.385175,0.1024026870727539,0.9760000109672546,0.8554999828338623
YDR461W,YIL095W,0,-7.3853335,0.10239194333553314,0.9760000109672546,0.8555999994277954
YGR108W,YLR260W,0,-7.385477,0.10238119959831238,0.9760000109672546,0.8557000160217285
YLR295C,YGR041W,0,-7.3856955,0.10237046331167221,0.9760000109672546,0.8557999730110168
YMR188C,YGR213C,0,-7.386079,0.10235972702503204,0.9760000109672546,0.85589998960495
YMR030W,YJR126C,0,-7.3862934,0.10234899073839188,0.9760000109672546,0.8560000061988831
YPR119W,YBR172C,0,-7.386791,0.1023382619023323,0.9760000109672546,0.8561000227928162
YOL059W,YLR382C,0,-7.3874936,0.10232753306627274,0.9760000109672546,0.8561999797821045
YDR254W,YPR179C,0,-7.3876133,0.10231680423021317,0.9760000109672546,0.8562999963760376
YDR106W,YKL089W,0,-7.387906,0.10230608284473419,0.9760000109672546,0.8564000129699707
YLR231C,YFL038C,0,-7.387919,0.10229535400867462,0.9760000109672546,0.8565000295639038
YNL027W,YBR123C,0,-7.388725,0.10228463262319565,0.9760000109672546,0.8565999865531921
YOR349W,YBR210W,0,-7.389077,0.10227391868829727,0.9760000109672546,0.8567000031471252
YKR042W,YCL033C,0,-7.3895245,0.1022632047533989,0.9760000109672546,0.8568000197410583
YDR343C,YKL178C,0,-7.390221,0.10225249081850052,0.9760000109672546,0.8568999767303467
YMR026C,YML025C,0,-7.390274,0.10224177688360214,0.9760000109672546,0.8569999933242798
YPR124W,YLL004W,0,-7.391819,0.10223107039928436,0.9760000109672546,0.8571000099182129
YFL017W-A,YGR197C,0,-7.3931856,0.10222036391496658,0.9760000109672546,0.857200026512146
YNL098C,YOR213C,0,-7.3931937,0.1022096574306488,0.9760000109672546,0.8572999835014343
YBR029C,YGR048W,0,-7.393564,0.10219895094633102,0.9760000109672546,0.8574000000953674
YML077W,YJR063W,0,-7.394436,0.10218825191259384,0.9760000109672546,0.8575000166893005
YBL085W,YGL124C,0,-7.3945227,0.10217755287885666,0.9760000109672546,0.8575999736785889
YLL042C,YHR043C,0,-7.395917,0.10216686129570007,0.9760000109672546,0.857699990272522
YCL025C,YOR119C,0,-7.396,0.10215616226196289,0.9760000109672546,0.8578000068664551
YLR314C,YOR036W,0,-7.396327,0.1021454706788063,0.9760000109672546,0.8579000234603882
YIR008C,YHR079C-A,0,-7.397167,0.10213478654623032,0.9760000109672546,0.8579999804496765
YER016W,YLR266C,0,-7.3980975,0.10212409496307373,0.9760000109672546,0.8580999970436096
YOR031W,YDR071C,0,-7.398223,0.10211341083049774,0.9760000109672546,0.8582000136375427
YPR002W,YML109W,0,-7.398246,0.10210272669792175,0.9760000109672546,0.858299970626831
YIR028W,YER107C,1,-7.398347,0.10219665616750717,0.9769999980926514,0.858299970626831
YDR498C,YPL203W,0,-7.398593,0.10218596458435059,0.9769999980926514,0.8583999872207642
YJL186W,YOR386W,0,-7.398814,0.1021752804517746,0.9769999980926514,0.8585000038146973
YFL025C,YER106W,0,-7.399623,0.10216459631919861,0.9769999980926514,0.8586000204086304
YDR461W,YMR267W,0,-7.400839,0.10215391218662262,0.9769999980926514,0.8586999773979187
YJL020C,YLR228C,0,-7.401065,0.10214322805404663,0.9769999980926514,0.8587999939918518
YNL007C,YDR425W,0,-7.402622,0.10213255137205124,0.9769999980926514,0.8589000105857849
YMR041C,YNL291C,0,-7.402938,0.10212187469005585,0.9769999980926514,0.859000027179718
YDR219C,YEL024W,0,-7.4029794,0.10211120545864105,0.9769999980926514,0.8590999841690063
YNL084C,YGR191W,0,-7.4040217,0.10210053622722626,0.9769999980926514,0.8592000007629395
YDR251W,YDR478W,0,-7.4049377,0.10208986699581146,0.9769999980926514,0.8593000173568726
YKL129C,YOL067C,0,-7.4050593,0.10207919776439667,0.9769999980926514,0.8593999743461609
YGL068W,YLR417W,0,-7.405136,0.10206853598356247,0.9769999980926514,0.859499990940094
YNL117W,YIL066C,0,-7.4069185,0.10205787420272827,0.9769999980926514,0.8596000075340271
YPL100W,YLR337C,0,-7.407451,0.10204721242189407,0.9769999980926514,0.8597000241279602
YPR030W,YGL016W,0,-7.4080315,0.10203655064105988,0.9769999980926514,0.8597999811172485
YOL013C,YBR093C,0,-7.408272,0.10202589631080627,0.9769999980926514,0.8598999977111816
YOR208W,YNL088W,0,-7.408314,0.10201524198055267,0.9769999980926514,0.8600000143051147
YGL251C,YKL188C,0,-7.40901,0.10200459510087967,0.9769999980926514,0.8600999712944031
YGL180W,YOL026C,0,-7.4102526,0.10199394822120667,0.9769999980926514,0.8601999878883362
YKL112W,YNR075W,0,-7.411348,0.10198330134153366,0.9769999980926514,0.8603000044822693
YER020W,YGL216W,0,-7.4116597,0.10197265446186066,0.9769999980926514,0.8604000210762024
YJL003W,YDR259C,0,-7.4138293,0.10196201503276825,0.9769999980926514,0.8604999780654907
YCL035C,YOR208W,0,-7.4138765,0.10195137560367584,0.9769999980926514,0.8605999946594238
YPL202C,YOR267C,0,-7.415265,0.10194073617458344,0.9769999980926514,0.8607000112533569
YNL129W,YBL011W,0,-7.4157667,0.10193009674549103,0.9769999980926514,0.86080002784729
YGR020C,YDR285W,0,-7.416604,0.10191946476697922,0.9769999980926514,0.8608999848365784
YHR068W,YKL026C,0,-7.4168286,0.10190883278846741,0.9769999980926514,0.8610000014305115
YLR068W,YHR074W,0,-7.4173784,0.1018982082605362,0.9769999980926514,0.8611000180244446
YOR113W,YPL138C,0,-7.4173985,0.10188757628202438,0.9769999980926514,0.8611999750137329
YPL125W,YPR007C,0,-7.417547,0.10187695175409317,0.9769999980926514,0.861299991607666
YHR082C,YDL083C,0,-7.4176006,0.10186633467674255,0.9769999980926514,0.8614000082015991
YJR137C,YMR032W,0,-7.4177237,0.10185571014881134,0.9769999980926514,0.8615000247955322
YDL040C,YKL079W,0,-7.4191084,0.10184509307146072,0.9769999980926514,0.8615999817848206
YBR065C,YDR171W,0,-7.4202566,0.1018344834446907,0.9769999980926514,0.8616999983787537
YMR299C,YJL036W,0,-7.4203315,0.10182386636734009,0.9769999980926514,0.8618000149726868
YLL027W,YDR078C,0,-7.4205666,0.10181325674057007,0.9769999980926514,0.8618999719619751
YJR050W,YBR168W,0,-7.4208703,0.10180264711380005,0.9769999980926514,0.8619999885559082
YJL183W,YCL033C,0,-7.4209785,0.10179203748703003,0.9769999980926514,0.8621000051498413
YKL048C,YOR003W,0,-7.421056,0.1017814353108406,0.9769999980926514,0.8622000217437744
YNL239W,YKL045W,0,-7.4217324,0.10177083313465118,0.9769999980926514,0.8622999787330627
YAL055W,YGR141W,0,-7.4224043,0.10176023095846176,0.9769999980926514,0.8623999953269958
YER013W,YOR347C,0,-7.42303,0.10174963623285294,0.9769999980926514,0.862500011920929
YNL173C,YKR037C,0,-7.4230757,0.10173904150724411,0.9769999980926514,0.8626000285148621
YIL118W,YMR051C,0,-7.4235725,0.10172844678163528,0.9769999980926514,0.8626999855041504
YNR017W,YMR004W,0,-7.4237714,0.10171785205602646,0.9769999980926514,0.8628000020980835
YHR082C,YMR077C,0,-7.423919,0.10170726478099823,0.9769999980926514,0.8629000186920166
YLR266C,YGL104C,0,-7.4254446,0.10169667750597,0.9769999980926514,0.8629999756813049
YCR005C,YKR060W,0,-7.426507,0.10168609768152237,0.9769999980926514,0.863099992275238
YLR216C,YDR302W,0,-7.4271293,0.10167551040649414,0.9769999980926514,0.8632000088691711
YPL021W,YNR032W,0,-7.427599,0.10166493058204651,0.9769999980926514,0.8633000254631042
YHR086W,YBR294W,0,-7.4280252,0.10165435075759888,0.9769999980926514,0.8633999824523926
YPR124W,YPL117C,0,-7.428884,0.10164377838373184,0.9769999980926514,0.8634999990463257
YHR150W,YMR008C,0,-7.428931,0.10163320600986481,0.9769999980926514,0.8636000156402588
YHR052W,YAL007C,0,-7.42937,0.10162263363599777,0.9769999980926514,0.8636999726295471
YDL132W,YOR068C,0,-7.431322,0.10161206126213074,0.9769999980926514,0.8637999892234802
YDR365C,YGL045W,0,-7.431743,0.1016014963388443,0.9769999980926514,0.8639000058174133
YOR313C,YMR125W,0,-7.4318523,0.10159093141555786,0.9769999980926514,0.8640000224113464
YPR093C,YOR243C,0,-7.4333825,0.10158036649227142,0.9769999980926514,0.8640999794006348
YGR225W,YBL102W,0,-7.43386,0.10156980901956558,0.9769999980926514,0.8641999959945679
YOL143C,YJR156C,0,-7.435495,0.10155925154685974,0.9769999980926514,0.864300012588501
YBR009C,YHR016C,0,-7.436329,0.1015486940741539,0.9769999980926514,0.8644000291824341
YDR460W,YNL213C,0,-7.4364867,0.10153814405202866,0.9769999980926514,0.8644999861717224
YDR163W,YER012W,0,-7.436741,0.10152758657932281,0.9769999980926514,0.8646000027656555
YCL014W,YPR107C,0,-7.437937,0.10151704400777817,0.9769999980926514,0.8647000193595886
YJL102W,YJR049C,0,-7.438277,0.10150649398565292,0.9769999980926514,0.864799976348877
YJL036W,YJR156C,0,-7.4383745,0.10149595141410828,0.9769999980926514,0.8648999929428101
YGL180W,YOL033W,0,-7.4391537,0.10148540884256363,0.9769999980926514,0.8650000095367432
YER001W,YLR197W,0,-7.439231,0.10147486627101898,0.9769999980926514,0.8651000261306763
YMR081C,YPL006W,0,-7.4392676,0.10146432369947433,0.9769999980926514,0.8651999831199646
YML067C,YMR044W,0,-7.4396014,0.10145378857851028,0.9769999980926514,0.8652999997138977
YBR021W,YKL068W,1,-7.4400334,0.10154708474874496,0.9779999852180481,0.8652999997138977
YHR061C,YOL143C,0,-7.440193,0.10153654217720032,0.9779999852180481,0.8654000163078308
YNR019W,YDR523C,0,-7.4403405,0.10152600705623627,0.9779999852180481,0.8654999732971191
YIL034C,YML069W,0,-7.440604,0.10151546448469162,0.9779999852180481,0.8655999898910522
YNL037C,YBR152W,0,-7.441499,0.10150492936372757,0.9779999852180481,0.8657000064849854
YMR255W,YKR002W,1,-7.44186,0.10159817337989807,0.9789999723434448,0.8657000064849854
YML112W,YKL101W,0,-7.4427943,0.10158763080835342,0.9789999723434448,0.8658000230789185
YMR207C,YNL250W,0,-7.4438543,0.10157708823680878,0.9789999723434448,0.8658999800682068
YOL011W,YPL011C,0,-7.4445868,0.10156655311584473,0.9789999723434448,0.8659999966621399
YPL046C,YER008C,0,-7.4450803,0.10155601799488068,0.9789999723434448,0.866100013256073
YDR294C,YGL063W,0,-7.4465184,0.10154548287391663,0.9789999723434448,0.8661999702453613
YKR067W,YMR197C,0,-7.447049,0.10153494775295258,0.9789999723434448,0.8662999868392944
YOL135C,YLR006C,0,-7.448138,0.10152442008256912,0.9789999723434448,0.8664000034332275
YDR038C,YGR165W,0,-7.4481897,0.10151389241218567,0.9789999723434448,0.8665000200271606
YMR311C,YDR058C,0,-7.4483314,0.10150337219238281,0.9789999723434448,0.866599977016449
YNL001W,YGR213C,0,-7.4485307,0.10149284452199936,0.9789999723434448,0.8666999936103821
YDR364C,YER053C,0,-7.448643,0.1014823243021965,0.9789999723434448,0.8668000102043152
YPL075W,YOR145C,0,-7.4488964,0.10147180408239365,0.9789999723434448,0.8669000267982483
YOR144C,YMR015C,0,-7.4491825,0.10146129131317139,0.9789999723434448,0.8669999837875366
YOR188W,YLL034C,0,-7.449353,0.10145077854394913,0.9789999723434448,0.8671000003814697
YBR103W,YGL022W,0,-7.451091,0.10144026577472687,0.9789999723434448,0.8672000169754028
YBR059C,YGL200C,0,-7.451129,0.10142975300550461,0.9789999723434448,0.8672999739646912
YMR301C,YOR206W,0,-7.453265,0.10141924768686295,0.9789999723434448,0.8673999905586243
YLR201C,YGR029W,0,-7.4538164,0.10140874236822128,0.9789999723434448,0.8675000071525574
YER015W,YER075C,0,-7.455308,0.10139823704957962,0.9789999723434448,0.8676000237464905
YDR043C,YNL231C,0,-7.4553113,0.10138773918151855,0.9789999723434448,0.8676999807357788
YJR108W,YDR073W,0,-7.4553866,0.10137724131345749,0.9789999723434448,0.8677999973297119
YCL004W,YBR165W,0,-7.4555054,0.10136674344539642,0.9789999723434448,0.867900013923645
YGR289C,YIL016W,0,-7.455548,0.10135624557733536,0.9789999723434448,0.8679999709129333
YLR155C,YHR171W,0,-7.4556375,0.10134575515985489,0.9789999723434448,0.8680999875068665
YHR092C,YJL187C,0,-7.4563894,0.10133526474237442,0.9789999723434448,0.8682000041007996
YDR512C,YOL054W,0,-7.4580936,0.10132477432489395,0.9789999723434448,0.8683000206947327
YOR275C,YER103W,0,-7.4592896,0.10131429135799408,0.9789999723434448,0.868399977684021
YIL150C,YKL038W,0,-7.460272,0.10130380839109421,0.9789999723434448,0.8684999942779541
YOL143C,YGR279C,0,-7.4603662,0.10129332542419434,0.9789999723434448,0.8686000108718872
YDR036C,YOR033C,0,-7.460476,0.10128284990787506,0.9789999723434448,0.8687000274658203
YPL049C,YJR031C,0,-7.4607973,0.10127236694097519,0.9789999723434448,0.8687999844551086
YKL006C-A,YGL212W,0,-7.463826,0.10126189142465591,0.9789999723434448,0.8689000010490417
YBR132C,YEL015W,0,-7.4638743,0.10125142335891724,0.9789999723434448,0.8690000176429749
YLR238W,YIL070C,0,-7.4641104,0.10124094784259796,0.9789999723434448,0.8690999746322632
YER056C,YHR167W,1,-7.4651775,0.10133388638496399,0.9800000190734863,0.8690999746322632
YPL098C,YDR162C,0,-7.466061,0.10132341086864471,0.9800000190734863,0.8691999912261963
YPL100W,YPL232W,0,-7.466309,0.10131293535232544,0.9800000190734863,0.8693000078201294
YFR033C,YJL026W,0,-7.4665146,0.10130245983600616,0.9800000190734863,0.8694000244140625
YFR046C,YLR396C,0,-7.467005,0.10129199177026749,0.9800000190734863,0.8694999814033508
YNL232W,YKL152C,0,-7.4675922,0.10128152370452881,0.9800000190734863,0.8695999979972839
YDR085C,YOR206W,0,-7.4682283,0.10127105563879013,0.9800000190734863,0.869700014591217
YER036C,YGR111W,0,-7.4690247,0.10126058757305145,0.9800000190734863,0.8697999715805054
YKR024C,YMR076C,0,-7.4690585,0.10125012695789337,0.9800000190734863,0.8698999881744385
YIL033C,YGL246C,0,-7.4694347,0.10123966634273529,0.9800000190734863,0.8700000047683716
YLR201C,YJR073C,0,-7.47084,0.1012292131781578,0.9800000190734863,0.8701000213623047
YGR256W,YDR075W,0,-7.4713497,0.10121876001358032,0.9800000190734863,0.870199978351593
YOR032C,YIR008C,0,-7.472763,0.10120830684900284,0.9800000190734863,0.8702999949455261
YFL014W,YDR265W,0,-7.4727697,0.10119785368442535,0.9800000190734863,0.8704000115394592
YGR109C,YJL184W,0,-7.4759035,0.10118740051984787,0.9800000190734863,0.8705000281333923
YOL026C,YPL002C,0,-7.4777265,0.10117695480585098,0.9800000190734863,0.8705999851226807
YBR177C,YBR024W,0,-7.4785585,0.1011665090918541,0.9800000190734863,0.8707000017166138
YFR014C,YER012W,0,-7.4790597,0.1011560708284378,0.9800000190734863,0.8708000183105469
YBL033C,YPL193W,0,-7.4791794,0.10114563256502151,0.9800000190734863,0.8708999752998352
YPR124W,YPL180W,0,-7.4798756,0.10113519430160522,0.9800000190734863,0.8709999918937683
YBR160W,YLR288C,0,-7.4808083,0.10112475603818893,0.9800000190734863,0.8711000084877014
YML091C,YBL050W,0,-7.480924,0.10111431777477264,0.9800000190734863,0.8712000250816345
YDR022C,YPR138C,0,-7.482655,0.10110388696193695,0.9800000190734863,0.8712999820709229
YGL008C,YBR257W,0,-7.483607,0.10109345614910126,0.9800000190734863,0.871399998664856
YMR092C,YIL142W,0,-7.4854307,0.10108303278684616,0.9800000190734863,0.8715000152587891
YJR145C,YLR132C,0,-7.485778,0.10107260942459106,0.9800000190734863,0.8715999722480774
YGL222C,YPL167C,0,-7.4867415,0.10106218606233597,0.9800000190734863,0.8716999888420105
YOR373W,YLR182W,0,-7.488572,0.10105176270008087,0.9800000190734863,0.8718000054359436
YGR037C,YBR237W,0,-7.4895487,0.10104134678840637,0.9800000190734863,0.8719000220298767
YHR129C,YHR160C,0,-7.490666,0.10103093087673187,0.9800000190734863,0.871999979019165
YOR020C,YNL293W,0,-7.4908996,0.10102051496505737,0.9800000190734863,0.8720999956130981
YHR079C-A,YNL093W,0,-7.490904,0.10101009905338287,0.9800000190734863,0.8722000122070312
YNL159C,YER106W,0,-7.4910126,0.10099969059228897,0.9800000190734863,0.8723000288009644
YPL126W,YOR003W,0,-7.4917383,0.10098928213119507,0.9800000190734863,0.8723999857902527
YBR214W,YHR039C-A,0,-7.492594,0.10097887367010117,0.9800000190734863,0.8725000023841858
YMR163C,YMR022W,0,-7.492819,0.10096847265958786,0.9800000190734863,0.8726000189781189
YBL033C,YAR008W,0,-7.49605,0.10095807164907455,0.9800000190734863,0.8726999759674072
YOR026W,YCR005C,0,-7.4982257,0.10094767063856125,0.9800000190734863,0.8727999925613403
YGL038C,YMR067C,0,-7.4984097,0.10093727707862854,0.9800000190734863,0.8729000091552734
YER015W,YCL010C,0,-7.498424,0.10092687606811523,0.9800000190734863,0.8730000257492065
YOL164W,YFR013W,0,-7.498512,0.10091648995876312,0.9800000190734863,0.8730999827384949
YPL170W,YLR354C,0,-7.4987545,0.10090609639883041,0.9800000190734863,0.873199999332428
YFR028C,YNL080C,0,-7.4988923,0.1008957102894783,0.9800000190734863,0.8733000159263611
YJR065C,YDR150W,0,-7.500536,0.1008853167295456,0.9800000190734863,0.8733999729156494
YGR104C,YNL093W,0,-7.5008307,0.10087493807077408,0.9800000190734863,0.8734999895095825
YML042W,YLR060W,0,-7.5023003,0.10086455196142197,0.9800000190734863,0.8736000061035156
YOR031W,YOR142W,0,-7.5035152,0.10085417330265045,0.9800000190734863,0.8737000226974487
YJL116C,YOR179C,0,-7.5042024,0.10084379464387894,0.9800000190734863,0.8737999796867371
YDL024C,YLR355C,0,-7.5050864,0.10083341598510742,0.9800000190734863,0.8738999962806702
YPL202C,YLR048W,0,-7.505396,0.1008230447769165,0.9800000190734863,0.8740000128746033
YKL206C,YLL056C,0,-7.5054207,0.10081267356872559,0.9800000190734863,0.8741000294685364
YDR342C,YPL123C,0,-7.5063267,0.10080230236053467,0.9800000190734863,0.8741999864578247
YPR144C,YPL092W,0,-7.5072117,0.10079193860292435,0.9800000190734863,0.8743000030517578
YOR109W,YNL072W,0,-7.5085964,0.10078157484531403,0.9800000190734863,0.8744000196456909
YCR089W,YLR167W,0,-7.5087366,0.1007712110877037,0.9800000190734863,0.8744999766349792
YGR157W,YNL286W,0,-7.5088825,0.10076084733009338,0.9800000190734863,0.8745999932289124
YJL003W,YDR030C,0,-7.509338,0.10075049102306366,0.9800000190734863,0.8747000098228455
YFR014C,YBR155W,0,-7.51013,0.10074013471603394,0.9800000190734863,0.8748000264167786
YMR068W,YDR388W,0,-7.51236,0.10072977840900421,0.9800000190734863,0.8748999834060669
YJR097W,YPR024W,0,-7.5127745,0.10071942210197449,0.9800000190734863,0.875
YPL170W,YIL131C,0,-7.5128665,0.10070907324552536,0.9800000190734863,0.8751000165939331
YIR028W,YMR047C,1,-7.5143185,0.100801482796669,0.9810000061988831,0.8751000165939331
YDL132W,YNL334C,0,-7.515069,0.10079112648963928,0.9810000061988831,0.8751999735832214
YPR021C,YOR027W,0,-7.515139,0.10078077018260956,0.9810000061988831,0.8752999901771545
YPL008W,YDR126W,0,-7.5173273,0.10077041387557983,0.9810000061988831,0.8754000067710876
YLR158C,YLR176C,0,-7.5182314,0.1007600650191307,0.9810000061988831,0.8755000233650208
YKR031C,YNL339C,0,-7.5190053,0.10074971616268158,0.9810000061988831,0.8755999803543091
YER106W,YLR320W,0,-7.520008,0.10073937475681305,0.9810000061988831,0.8756999969482422
YDR069C,YNL026W,0,-7.5200663,0.10072902590036392,0.9810000061988831,0.8758000135421753
YKL112W,YER044C,0,-7.521628,0.10071868449449539,0.9810000061988831,0.8758999705314636
YJL187C,YKL056C,0,-7.5224476,0.10070834308862686,0.9810000061988831,0.8759999871253967
YDL220C,YPL123C,0,-7.523876,0.10069800913333893,0.9810000061988831,0.8761000037193298
YLR397C,YBR142W,0,-7.5251923,0.100687675178051,0.9810000061988831,0.8762000203132629
YOL077W-A,YHR124W,0,-7.526231,0.10067734122276306,0.9810000061988831,0.8762999773025513
YMR240C,YCL044C,0,-7.5264907,0.10066700726747513,0.9810000061988831,0.8763999938964844
YBR280C,YNL272C,0,-7.5280266,0.10065668076276779,0.9810000061988831,0.8765000104904175
YPL202C,YKL025C,0,-7.5281873,0.10064635425806046,0.9810000061988831,0.8766000270843506
YER020W,YER087C-A,0,-7.528393,0.10063602775335312,0.9810000061988831,0.8766999840736389
YKL073W,YCR083W,0,-7.5284386,0.10062570869922638,0.9810000061988831,0.876800000667572
YPL193W,YGR144W,0,-7.52936,0.10061538219451904,0.9810000061988831,0.8769000172615051
YOR298C-A,YPL130W,0,-7.5299826,0.1006050631403923,0.9810000061988831,0.8769999742507935
YNL172W,YHR116W,0,-7.531273,0.10059475153684616,0.9810000061988831,0.8770999908447266
YIR023W,YJL116C,0,-7.531807,0.10058443248271942,0.9810000061988831,0.8772000074386597
YDR214W,YLR324W,0,-7.5331907,0.10057412087917328,0.9810000061988831,0.8773000240325928
YHL036W,YGR086C,0,-7.5344,0.10056381672620773,0.9810000061988831,0.8773999810218811
YDL029W,YPL253C,0,-7.5344048,0.10055350512266159,0.9810000061988831,0.8774999976158142
YML057W,YFL005W,0,-7.5348525,0.10054320096969604,0.9810000061988831,0.8776000142097473
YCL016C,YBL033C,0,-7.535796,0.1005328968167305,0.9810000061988831,0.8776999711990356
YLR109W,YDR079W,0,-7.536372,0.10052259266376495,0.9810000061988831,0.8777999877929688
YKL089W,YGR170W,0,-7.5364094,0.10051229596138,0.9810000061988831,0.8779000043869019
YNL293W,YBR228W,0,-7.5394983,0.10050199925899506,0.9810000061988831,0.878000020980835
YBR008C,YLR383W,0,-7.5395155,0.10049170255661011,0.9810000061988831,0.8780999779701233
YER073W,YDR043C,0,-7.539547,0.10048140585422516,0.9810000061988831,0.8781999945640564
YIL154C,YPL175W,0,-7.5416164,0.1004711166024208,0.9810000061988831,0.8783000111579895
YDR225W,YCR042C,0,-7.542187,0.10046082735061646,0.9810000061988831,0.8784000277519226
YDL198C,YHR015W,1,-7.5428896,0.10055293887853622,0.9819999933242798,0.8784000277519226
YNL279W,YMR197C,0,-7.543261,0.10054264217615128,0.9819999933242798,0.8784999847412109
YDL007W,YPR074C,0,-7.5432954,0.10053235292434692,0.9819999933242798,0.878600001335144
YNR019W,YGL104C,0,-7.5433507,0.10052205622196198,0.9819999933242798,0.8787000179290771
YJR047C,YER143W,0,-7.544167,0.10051177442073822,0.9819999933242798,0.8787999749183655
YCL011C,YKR002W,1,-7.546435,0.10060382634401321,0.9829999804496765,0.8787999749183655
YKL057C,YCR073W-A,1,-7.5474954,0.10069586336612701,0.984000027179718,0.8787999749183655
YIR019C,YFR052W,0,-7.5482187,0.10068555921316147,0.984000027179718,0.8788999915122986
YBL078C,YKL129C,0,-7.5487127,0.10067526251077652,0.984000027179718,0.8790000081062317
YGL246C,YNL002C,0,-7.549999,0.10066495835781097,0.984000027179718,0.8791000247001648
YER062C,YDR436W,0,-7.5506296,0.10065466165542603,0.984000027179718,0.8791999816894531
YMR128W,YDL115C,0,-7.553819,0.10064437240362167,0.984000027179718,0.8792999982833862
YJR073C,YKR008W,0,-7.5540905,0.10063407570123672,0.984000027179718,0.8794000148773193
YNL242W,YIR011C,0,-7.5551605,0.10062378644943237,0.984000027179718,0.8794999718666077
YLR324W,YMR117C,0,-7.555417,0.10061349719762802,0.984000027179718,0.8795999884605408
YKR066C,YKL191W,0,-7.557145,0.10060320794582367,0.984000027179718,0.8797000050544739
YKR097W,YER075C,0,-7.557399,0.10059292614459991,0.984000027179718,0.879800021648407
YDR122W,YER082C,0,-7.5586615,0.10058264434337616,0.984000027179718,0.8798999786376953
YLR103C,YER044C-A,0,-7.558757,0.1005723625421524,0.984000027179718,0.8799999952316284
YIR005W,YBL030C,1,-7.558921,0.10066428035497665,0.9850000143051147,0.8799999952316284
YMR068W,YBR205W,0,-7.559596,0.1006539985537529,0.9850000143051147,0.8801000118255615
YER119C,YNL072W,0,-7.5600953,0.10064370930194855,0.9850000143051147,0.8802000284194946
YNR033W,YOR113W,0,-7.560634,0.10063342750072479,0.9850000143051147,0.880299985408783
YKR083C,YIL023C,0,-7.561465,0.10062314569950104,0.9850000143051147,0.8804000020027161
YKL139W,YNL293W,0,-7.5617495,0.10061287134885788,0.9850000143051147,0.8805000185966492
YKL220C,YOR014W,0,-7.5635085,0.10060259699821472,0.9850000143051147,0.8805999755859375
YMR212C,YOL129W,0,-7.5637417,0.10059232264757156,0.9850000143051147,0.8806999921798706
YBL069W,YOL016C,0,-7.5639477,0.1005820482969284,0.9850000143051147,0.8808000087738037
YKL152C,YDR244W,0,-7.564954,0.10057178139686584,0.9850000143051147,0.8809000253677368
YDR122W,YPL120W,0,-7.5657225,0.10056151449680328,0.9850000143051147,0.8809999823570251
YLR047C,YHR001W-A,0,-7.5658092,0.10055124759674072,0.9850000143051147,0.8810999989509583
YHR061C,YKL178C,0,-7.56705,0.10054098069667816,0.9850000143051147,0.8812000155448914
YHR092C,YBR195C,0,-7.5671177,0.1005307212471962,0.9850000143051147,0.8812999725341797
YDL138W,YLR264W,0,-7.5672903,0.10052046179771423,0.9850000143051147,0.8813999891281128
YJR092W,YPL101W,0,-7.567356,0.10051020234823227,0.9850000143051147,0.8815000057220459
YPR100W,YNL250W,0,-7.567965,0.1004999503493309,0.9850000143051147,0.881600022315979
YNL293W,YCR027C,0,-7.568174,0.10048969835042953,0.9850000143051147,0.8816999793052673
YER107C,YHR015W,1,-7.5686336,0.10058145225048065,0.9860000014305115,0.8816999793052673
YGR163W,YIL026C,0,-7.5690246,0.10057119280099869,0.9860000014305115,0.8817999958992004
YLR228C,YDL051W,0,-7.569167,0.10056094080209732,0.9860000014305115,0.8819000124931335
YLR381W,YNL304W,0,-7.5697813,0.10055068135261536,0.9860000014305115,0.8820000290870667
YGR037C,YGR048W,0,-7.5700397,0.10054042935371399,0.9860000014305115,0.882099986076355
YBR121C,YCR102C,0,-7.5707693,0.10053017735481262,0.9860000014305115,0.8822000026702881
YDL031W,YLR377C,0,-7.571655,0.10051993280649185,0.9860000014305115,0.8823000192642212
YGL181W,YKL056C,0,-7.572009,0.10050968080759048,0.9860000014305115,0.8823999762535095
YNL127W,YDR058C,0,-7.572644,0.10049943625926971,0.9860000014305115,0.8824999928474426
YBR015C,YGL104C,0,-7.5732517,0.10048919916152954,0.9860000014305115,0.8826000094413757
YDR158W,YDR285W,0,-7.5746207,0.10047895461320877,0.9860000014305115,0.8827000260353088
YLR318W,YGL249W,0,-7.5755115,0.1004687175154686,0.9860000014305115,0.8827999830245972
YML049C,YKL178C,0,-7.5769386,0.10045848041772842,0.9860000014305115,0.8828999996185303
YLR034C,YKL041W,0,-7.5769434,0.10044825077056885,0.9860000014305115,0.8830000162124634
YJL060W,YMR142C,0,-7.5774455,0.10043801367282867,0.9860000014305115,0.8830999732017517
YDR191W,YOR321W,0,-7.5777264,0.1004277840256691,0.9860000014305115,0.8831999897956848
YER019C-A,YDR477W,0,-7.5777974,0.10041755437850952,0.9860000014305115,0.8833000063896179
YKL016C,YKL173W,0,-7.577978,0.10040733218193054,0.9860000014305115,0.883400022983551
YDR163W,YMR179W,0,-7.5791497,0.10039710998535156,0.9860000014305115,0.8834999799728394
YGL067W,YDL159W,0,-7.5793037,0.10038688778877258,0.9860000014305115,0.8835999965667725
YFL055W,YHR055C,0,-7.580441,0.1003766655921936,0.9860000014305115,0.8837000131607056
YPR070W,YHL036W,0,-7.580969,0.10036645084619522,0.9860000014305115,0.8838000297546387
YHR061C,YDR495C,0,-7.581052,0.10035623610019684,0.9860000014305115,0.883899986743927
YNL074C,YNL091W,0,-7.581456,0.10034602135419846,0.9860000014305115,0.8840000033378601
YDR409W,YGR080W,0,-7.5818124,0.10033580660820007,0.9860000014305115,0.8841000199317932
YML013W,YJL035C,0,-7.582732,0.10032559931278229,0.9860000014305115,0.8841999769210815
YMR225C,YLL041C,0,-7.5828514,0.1003153920173645,0.9860000014305115,0.8842999935150146
YDL138W,YOR340C,0,-7.582961,0.10030518472194672,0.9860000014305115,0.8844000101089478
YAL034W-A,YER024W,0,-7.583147,0.10029498487710953,0.9860000014305115,0.8845000267028809
YGL222C,YBR006W,0,-7.584246,0.10028478503227234,0.9860000014305115,0.8845999836921692
YIL124W,YOL125W,0,-7.584408,0.10027458518743515,0.9860000014305115,0.8847000002861023
YBR199W,YIL160C,0,-7.584679,0.10026438534259796,0.9860000014305115,0.8848000168800354
YPL021W,YOL088C,0,-7.586315,0.10025419294834137,0.9860000014305115,0.8848999738693237
YIL155C,YDR277C,0,-7.5863366,0.10024400055408478,0.9860000014305115,0.8849999904632568
YFL018C,YOR084W,0,-7.5865273,0.10023380815982819,0.9860000014305115,0.8851000070571899
YIL131C,YDR394W,0,-7.586812,0.10022362321615219,0.9860000014305115,0.885200023651123
YBR035C,YOR361C,0,-7.5870967,0.1002134382724762,0.9860000014305115,0.8852999806404114
YNL127W,YBR129C,0,-7.58741,0.1002032533288002,0.9860000014305115,0.8853999972343445
YOL156W,YPL060W,0,-7.587573,0.1001930683851242,0.9860000014305115,0.8855000138282776
YLR210W,YCR089W,0,-7.58867,0.10018289089202881,0.9860000014305115,0.8855999708175659
YMR056C,YNL274C,0,-7.588992,0.10017271339893341,0.9860000014305115,0.885699987411499
YDL085W,YJL166W,0,-7.590227,0.10016253590583801,0.9860000014305115,0.8858000040054321
YML057W,YBR066C,0,-7.5924263,0.10015235841274261,0.9860000014305115,0.8859000205993652
YCL026C-A,YLR200W,0,-7.592948,0.10014218837022781,0.9860000014305115,0.8859999775886536
YDR298C,YHR114W,0,-7.5932846,0.10013201832771301,0.9860000014305115,0.8860999941825867
YBR214W,YDL047W,0,-7.5941963,0.10012185573577881,0.9860000014305115,0.8862000107765198
YDR162C,YGR133W,0,-7.594594,0.10011168569326401,0.9860000014305115,0.8863000273704529
YMR213W,YDR425W,0,-7.5957556,0.1001015231013298,0.9860000014305115,0.8863999843597412
YPL224C,YDR073W,0,-7.5962086,0.1000913605093956,0.9860000014305115,0.8865000009536743
YKR022C,YDL059C,0,-7.596358,0.10008120536804199,0.9860000014305115,0.8866000175476074
YPL171C,YOR216C,0,-7.596651,0.10007104277610779,0.9860000014305115,0.8866999745368958
YOR120W,YBR237W,0,-7.597332,0.10006088763475418,0.9860000014305115,0.8867999911308289
YKL185W,YHR091C,0,-7.5977135,0.10005073249340057,0.9860000014305115,0.886900007724762
YOL110W,YKL122C,0,-7.599734,0.10004058480262756,0.9860000014305115,0.8870000243186951
YIL150C,YJL164C,0,-7.5999384,0.10003043711185455,0.9860000014305115,0.8870999813079834
YDL126C,YGR222W,0,-7.600179,0.10002028942108154,0.9860000014305115,0.8871999979019165
YIR009W,YBR280C,0,-7.6012616,0.10001014173030853,0.9860000014305115,0.8873000144958496
YDR436W,YBR275C,0,-7.6045537,0.10000000149011612,0.9860000014305115,0.8873999714851379
YLL011W,YNR047W,0,-7.6055884,0.0999898612499237,0.9860000014305115,0.887499988079071
YDR404C,YKR053C,0,-7.6060576,0.09997972100973129,0.9860000014305115,0.8876000046730042
YNL164C,YDR265W,0,-7.6068516,0.09996958076953888,0.9860000014305115,0.8877000212669373
YGL142C,YNL117W,0,-7.607202,0.09995944797992706,0.9860000014305115,0.8877999782562256
YDL145C,YEL012W,0,-7.6079035,0.09994931519031525,0.9860000014305115,0.8878999948501587
YER142C,YDR146C,0,-7.6080775,0.09993918240070343,0.9860000014305115,0.8880000114440918
YHR023W,YGR048W,0,-7.608239,0.09992905706167221,0.9860000014305115,0.8881000280380249
YPL156C,YDR486C,0,-7.6087976,0.09991893172264099,0.9860000014305115,0.8881999850273132
YOR260W,YBR024W,0,-7.609089,0.09990880638360977,0.9860000014305115,0.8883000016212463
YHR079C-A,YBL106C,0,-7.6099105,0.09989868104457855,0.9860000014305115,0.8884000182151794
YKL038W,YGL048C,0,-7.6105185,0.09988856315612793,0.9860000014305115,0.8884999752044678
YDR270W,YER061C,0,-7.611762,0.09987844526767731,0.9860000014305115,0.8885999917984009
YOL005C,YMR140W,0,-7.6118736,0.09986832737922668,0.9860000014305115,0.888700008392334
YPL043W,YGL175C,0,-7.614216,0.09985821694135666,0.9860000014305115,0.8888000249862671
YJR137C,YBR050C,0,-7.6149416,0.09984809905290604,0.9860000014305115,0.8888999819755554
YMR238W,YNL006W,0,-7.614957,0.09983798861503601,0.9860000014305115,0.8889999985694885
YNR002C,YDR300C,0,-7.615277,0.09982788562774658,0.9860000014305115,0.8891000151634216
YDR385W,YPR065W,0,-7.6153145,0.09981777518987656,0.9860000014305115,0.88919997215271
YLR011W,YDR285W,0,-7.618079,0.09980767220258713,0.9860000014305115,0.8892999887466431
YGL089C,YML060W,0,-7.6192904,0.0997975692152977,0.9860000014305115,0.8894000053405762
YPL170W,YML049C,0,-7.6202106,0.09978747367858887,0.9860000014305115,0.8895000219345093
YHR176W,YML029W,0,-7.620248,0.09977737069129944,0.9860000014305115,0.8895999789237976
YGL192W,YBR298C,0,-7.6209636,0.0997672751545906,0.9860000014305115,0.8896999955177307
YMR211W,YLL041C,0,-7.6222672,0.09975717961788177,0.9860000014305115,0.8898000121116638
YMR128W,YOR036W,0,-7.6222715,0.09974709153175354,0.9860000014305115,0.8899000287055969
YNL258C,YOL060C,0,-7.625092,0.0997370034456253,0.9860000014305115,0.8899999856948853
YLR190W,YBR105C,0,-7.6254034,0.09972691535949707,0.9860000014305115,0.8901000022888184
YIL154C,YKL154W,0,-7.625656,0.09971682727336884,0.9860000014305115,0.8902000188827515
YGL180W,YDR227W,0,-7.6257954,0.0997067466378212,0.9860000014305115,0.8902999758720398
YNL014W,YPL242C,0,-7.6261377,0.09969666600227356,0.9860000014305115,0.8903999924659729
YDR423C,YJL099W,0,-7.6261487,0.09968658536672592,0.9860000014305115,0.890500009059906
YKL012W,YML025C,0,-7.626666,0.09967650473117828,0.9860000014305115,0.8906000256538391
YDR264C,YKL026C,0,-7.626877,0.09966643154621124,0.9860000014305115,0.8906999826431274
YCR098C,YNL221C,0,-7.6269403,0.0996563583612442,0.9860000014305115,0.8907999992370605
YPL256C,YGR159C,0,-7.6269417,0.09964628517627716,0.9860000014305115,0.8909000158309937
YER042W,YGR048W,0,-7.6275663,0.09963621944189072,0.9860000014305115,0.890999972820282
YNL328C,YPR112C,0,-7.6279864,0.09962614625692368,0.9860000014305115,0.8910999894142151
YPL110C,YDL245C,0,-7.628827,0.09961608052253723,0.9860000014305115,0.8912000060081482
YPR002W,YPL112C,0,-7.6289554,0.09960602223873138,0.9860000014305115,0.8913000226020813
YEL053C,YCR102C,0,-7.6295223,0.09959595650434494,0.9860000014305115,0.8913999795913696
YMR030W,YOR143C,0,-7.631675,0.09958589822053909,0.9860000014305115,0.8914999961853027
YDL148C,YDR202C,0,-7.6321926,0.09957583993673325,0.9860000014305115,0.8916000127792358
YKR022C,YDR479C,0,-7.6326933,0.099565789103508,0.9860000014305115,0.891700029373169
YKR054C,YDL065C,0,-7.6339254,0.09955573827028275,0.9860000014305115,0.8917999863624573
YGL087C,YGL095C,0,-7.6343703,0.0995456874370575,0.9860000014305115,0.8919000029563904
YPR103W,YER093C,0,-7.6356535,0.09953563660383224,0.9860000014305115,0.8920000195503235
YJR070C,YKL148C,0,-7.6365047,0.099525585770607,0.9860000014305115,0.8920999765396118
YPR124W,YNL327W,0,-7.6373377,0.09951554238796234,0.9860000014305115,0.8921999931335449
YJL042W,YPL237W,0,-7.638116,0.09950549900531769,0.9860000014305115,0.892300009727478
YKL160W,YPR002W,0,-7.639249,0.09949545562267303,0.9860000014305115,0.8924000263214111
YIL142W,YMR140W,0,-7.641928,0.09948541969060898,0.9860000014305115,0.8924999833106995
YFR019W,YGR133W,0,-7.642788,0.09947538375854492,0.9860000014305115,0.8925999999046326
YMR202W,YKL051W,0,-7.6429167,0.09946534782648087,0.9860000014305115,0.8927000164985657
YLR109W,YPL157W,0,-7.643993,0.0994553193449974,0.9860000014305115,0.892799973487854
YML042W,YFL045C,0,-7.6446457,0.09944528341293335,0.9860000014305115,0.8928999900817871
YOR032C,YJL025W,0,-7.6462526,0.09943525493144989,0.9860000014305115,0.8930000066757202
YOL077W-A,YLR025W,0,-7.647035,0.09942522644996643,0.9860000014305115,0.8931000232696533
YLR223C,YPR191W,0,-7.6474004,0.09941520541906357,0.9860000014305115,0.8931999802589417
YEL030W,YLR059C,0,-7.6486354,0.0994051843881607,0.9860000014305115,0.8932999968528748
YLR028C,YGR140W,0,-7.648775,0.09939516335725784,0.9860000014305115,0.8934000134468079
YGL195W,YDR258C,0,-7.6496377,0.09938514232635498,0.9860000014305115,0.8934999704360962
YGL016W,YPR095C,0,-7.6509113,0.09937512874603271,0.9860000014305115,0.8935999870300293
YGL192W,YNL036W,0,-7.6510134,0.09936510771512985,0.9860000014305115,0.8937000036239624
YDR009W,YPL042C,0,-7.6518335,0.09935510158538818,0.9860000014305115,0.8938000202178955
YPL053C,YDR265W,0,-7.6525116,0.09934508800506592,0.9860000014305115,0.8938999772071838
YCR010C,YPR082C,0,-7.65337,0.09933508187532425,0.9860000014305115,0.8939999938011169
YGR171C,YMR097C,0,-7.653676,0.09932507574558258,0.9860000014305115,0.89410001039505
YOR074C,YDR030C,0,-7.653827,0.09931506961584091,0.9860000014305115,0.8942000269889832
YHR171W,YDR470C,0,-7.6545715,0.09930506348609924,0.9860000014305115,0.8942999839782715
YBR129C,YJL059W,0,-7.6548843,0.09929506480693817,0.9860000014305115,0.8944000005722046
YGR230W,YBR221C,0,-7.655294,0.0992850661277771,0.9860000014305115,0.8945000171661377
YDL029W,YLR150W,0,-7.6553783,0.09927506744861603,0.9860000014305115,0.894599974155426
YPL256C,YGL048C,0,-7.655559,0.09926507622003555,0.9860000014305115,0.8946999907493591
YIL097W,YDR191W,0,-7.655792,0.09925508499145508,0.9860000014305115,0.8948000073432922
YBR050C,YNL044W,0,-7.6558046,0.0992450937628746,0.9860000014305115,0.8949000239372253
YIL155C,YBL088C,0,-7.6561337,0.09923510253429413,0.9860000014305115,0.8949999809265137
YDR512C,YOL010W,0,-7.6562176,0.09922511875629425,0.9860000014305115,0.8950999975204468
YGR175C,YDR342C,0,-7.657441,0.09921513497829437,0.9860000014305115,0.8952000141143799
YJR033C,YER021W,0,-7.658166,0.0992051512002945,0.9860000014305115,0.8952999711036682
YBR105C,YMR210W,0,-7.659606,0.09919516742229462,0.9860000014305115,0.8953999876976013
YGL181W,YGR099W,0,-7.6598825,0.09918519109487534,0.9860000014305115,0.8955000042915344
YLL026W,YDR227W,0,-7.6606007,0.09917521476745605,0.9860000014305115,0.8956000208854675
YKR002W,YCR073W-A,1,-7.663913,0.09926581382751465,0.9869999885559082,0.8956000208854675
YLR381W,YKL193C,0,-7.664111,0.09925583004951477,0.9869999885559082,0.8956999778747559
YLR212C,YDR259C,0,-7.664149,0.09924585372209549,0.9869999885559082,0.895799994468689
YNL334C,YIL030C,0,-7.664195,0.09923587739467621,0.9869999885559082,0.8959000110626221
YDR106W,YPL008W,0,-7.664776,0.09922589361667633,0.9869999885559082,0.8960000276565552
YHR072W,YPL015C,0,-7.6656017,0.09921592473983765,0.9869999885559082,0.8960999846458435
YDR021W,YGR213C,0,-7.666226,0.09920594841241837,0.9869999885559082,0.8962000012397766
YKL026C,YLR113W,0,-7.6663666,0.09919597953557968,0.9869999885559082,0.8963000178337097
YGL180W,YLL009C,0,-7.667812,0.099186010658741,0.9869999885559082,0.896399974822998
YOR304W,YGL175C,0,-7.6701446,0.09917604178190231,0.9869999885559082,0.8964999914169312
YHR026W,YOR275C,0,-7.670645,0.09916608035564423,0.9869999885559082,0.8966000080108643
YGR218W,YPR080W,1,-7.6731834,0.09925658255815506,0.9879999756813049,0.8966000080108643
YLR210W,YJR073C,0,-7.673578,0.09924660623073578,0.9879999756813049,0.8967000246047974
YDL017W,YPL203W,0,-7.675409,0.09923664480447769,0.9879999756813049,0.8967999815940857
YDL045C,YJR059W,0,-7.6758265,0.09922667592763901,0.9879999756813049,0.8968999981880188
YMR299C,YDR122W,0,-7.676838,0.09921670705080032,0.9879999756813049,0.8970000147819519
YGL029W,YPR110C,0,-7.6778374,0.09920674562454224,0.9879999756813049,0.8970999717712402
YBR008C,YFR030W,0,-7.6780634,0.09919678419828415,0.9879999756813049,0.8971999883651733
YIL154C,YGR213C,0,-7.6782684,0.09918683022260666,0.9879999756813049,0.8973000049591064
YCR072C,YLR020C,0,-7.6784186,0.09917686879634857,0.9879999756813049,0.8974000215530396
YPL269W,YDL201W,0,-7.6801467,0.09916691482067108,0.9879999756813049,0.8974999785423279
YOL126C,YOL090W,0,-7.6804776,0.09915696829557419,0.9879999756813049,0.897599995136261
YDL046W,YOR045W,0,-7.681079,0.0991470143198967,0.9879999756813049,0.8977000117301941
YLR254C,YCL001W,0,-7.682395,0.0991370677947998,0.9879999756813049,0.8978000283241272
YBL097W,YLR270W,0,-7.6827254,0.09912712126970291,0.9879999756813049,0.8978999853134155
YIL040W,YIR005W,1,-7.683961,0.0992174968123436,0.9890000224113464,0.8978999853134155
YDL145C,YKR097W,0,-7.6840534,0.09920754283666611,0.9890000224113464,0.8980000019073486
YBL099W,YNL007C,0,-7.6867347,0.09919759631156921,0.9890000224113464,0.8981000185012817
YOR031W,YPL146C,0,-7.6877937,0.09918764233589172,0.9890000224113464,0.8981999754905701
YPL018W,YLR318W,0,-7.689227,0.09917769581079483,0.9890000224113464,0.8982999920845032
YAL051W,YML028W,0,-7.689475,0.09916774928569794,0.9890000224113464,0.8984000086784363
YPR030W,YMR212C,0,-7.689885,0.09915781021118164,0.9890000224113464,0.8985000252723694
YOL049W,YIR025W,0,-7.6900578,0.09914787113666534,0.9890000224113464,0.8985999822616577
YPR164W,YBL075C,0,-7.690075,0.09913793206214905,0.9890000224113464,0.8986999988555908
YFR005C,YJL164C,0,-7.6902914,0.09912799298763275,0.9890000224113464,0.8988000154495239
YCL052C,YJL053W,0,-7.690563,0.09911806136369705,0.9890000224113464,0.8988999724388123
YLR158C,YCR014C,0,-7.694178,0.09910812973976135,0.9890000224113464,0.8989999890327454
YHR053C,YGR082W,0,-7.69472,0.09909819811582565,0.9890000224113464,0.8991000056266785
YNL008C,YNL098C,0,-7.695631,0.09908826649188995,0.9890000224113464,0.8992000222206116
YNL098C,YHR027C,0,-7.6969805,0.09907834231853485,0.9890000224113464,0.8992999792098999
YGR108W,YPL126W,0,-7.697377,0.09906841814517975,0.9890000224113464,0.899399995803833
YPR112C,YGR245C,0,-7.6976533,0.09905849397182465,0.9890000224113464,0.8995000123977661
YNR044W,YCR072C,0,-7.7003365,0.09904856979846954,0.9890000224113464,0.8996000289916992
YNR038W,YMR030W,0,-7.700654,0.09903865307569504,0.9890000224113464,0.8996999859809875
YDL137W,YOR338W,0,-7.701677,0.09902873635292053,0.9890000224113464,0.8998000025749207
YDR289C,YMR203W,0,-7.7021723,0.09901881963014603,0.9890000224113464,0.8999000191688538
YOR094W,YML057W,0,-7.702813,0.09900891035795212,0.9890000224113464,0.8999999761581421
YMR201C,YDR255C,0,-7.7035904,0.09899900108575821,0.9890000224113464,0.9000999927520752
YFL031W,YLR132C,0,-7.703907,0.0989890918135643,0.9890000224113464,0.9002000093460083
YIL124W,YCL004W,0,-7.7057476,0.09897918254137039,0.9890000224113464,0.9003000259399414
YDR151C,YBL013W,0,-7.705911,0.09896928071975708,0.9890000224113464,0.9003999829292297
YNR010W,YDR258C,0,-7.706188,0.09895937889814377,0.9890000224113464,0.9004999995231628
YNL271C,YMR097C,0,-7.7064867,0.09894947707653046,0.9890000224113464,0.900600016117096
YBL013W,YOR089C,0,-7.7083364,0.09893957525491714,0.9890000224113464,0.9006999731063843
YMR198W,YDR116C,0,-7.708708,0.09892968088388443,0.9890000224113464,0.9007999897003174
YDL174C,YGR046W,0,-7.708784,0.09891978651285172,0.9890000224113464,0.9009000062942505
YLR431C,YKL139W,0,-7.7093225,0.098909892141819,0.9890000224113464,0.9010000228881836
YJL102W,YDL148C,0,-7.7094817,0.09889999777078629,0.9890000224113464,0.9010999798774719
YGR213C,YOR229W,0,-7.709486,0.09889011085033417,0.9890000224113464,0.901199996471405
YOL088C,YHR124W,0,-7.7101593,0.09888022392988205,0.9890000224113464,0.9013000130653381
YER065C,YLR066W,0,-7.7108216,0.09887033700942993,0.9890000224113464,0.9014000296592712
YHR160C,YLR354C,0,-7.7115607,0.09886045753955841,0.9890000224113464,0.9014999866485596
YLL008W,YPL043W,0,-7.7124157,0.09885057806968689,0.9890000224113464,0.9016000032424927
YBR195C,YIL117C,0,-7.7125106,0.09884069859981537,0.9890000224113464,0.9017000198364258
YMR041C,YDR176W,0,-7.71296,0.09883081912994385,0.9890000224113464,0.9017999768257141
YPR001W,YLR303W,0,-7.7146225,0.09882093966007233,0.9890000224113464,0.9018999934196472
YML042W,YHR079C,0,-7.714761,0.0988110676407814,0.9890000224113464,0.9020000100135803
YCR014C,YKL086W,0,-7.714773,0.09880119562149048,0.9890000224113464,0.9021000266075134
YGL216W,YAL024C,0,-7.7148085,0.09879133105278015,0.9890000224113464,0.9021999835968018
YJR073C,YDR259C,0,-7.7148848,0.09878145903348923,0.9890000224113464,0.9023000001907349
YCL025C,YDL014W,0,-7.715646,0.0987715944647789,0.9890000224113464,0.902400016784668
YNR057C,YGR083C,0,-7.7171392,0.09876172989606857,0.9890000224113464,0.9024999737739563
YJL091C,YDR079W,0,-7.717888,0.09875187277793884,0.9890000224113464,0.9025999903678894
YHL006C,YPL203W,0,-7.7181153,0.09874201565980911,0.9890000224113464,0.9027000069618225
YGL181W,YML069W,0,-7.7192364,0.09873215854167938,0.9890000224113464,0.9028000235557556
YDL113C,YDL006W,0,-7.7207394,0.09872230142354965,0.9890000224113464,0.902899980545044
YDL126C,YDR272W,0,-7.722271,0.09871244430541992,0.9890000224113464,0.902999997138977
YDR384C,YNL309W,0,-7.7224517,0.09870259463787079,0.9890000224113464,0.9031000137329102
YPL267W,YGR008C,0,-7.7226973,0.09869274497032166,0.9890000224113464,0.9031999707221985
YLR210W,YNL182C,0,-7.7229795,0.09868289530277252,0.9890000224113464,0.9032999873161316
YPL069C,YKL129C,0,-7.7235537,0.09867305308580399,0.9890000224113464,0.9034000039100647
YLR028C,YFR001W,0,-7.723894,0.09866321086883545,0.9890000224113464,0.9035000205039978
YIL117C,YDL109C,0,-7.724494,0.09865336865186691,0.9890000224113464,0.9035999774932861
YGR199W,YNL007C,0,-7.726444,0.09864352643489838,0.9890000224113464,0.9036999940872192
YPR093C,YPR143W,0,-7.727729,0.09863369166851044,0.9890000224113464,0.9038000106811523
YDR005C,YGL098W,0,-7.7285967,0.0986238569021225,0.9890000224113464,0.9039000272750854
YLR254C,YHL006C,0,-7.729066,0.09861402213573456,0.9890000224113464,0.9039999842643738
YNR043W,YJL045W,0,-7.731557,0.09860418736934662,0.9890000224113464,0.9041000008583069
YBL009W,YNR072W,0,-7.7328863,0.09859436005353928,0.9890000224113464,0.90420001745224
YOR037W,YBR043C,0,-7.734843,0.09858453273773193,0.9890000224113464,0.9042999744415283
YJL024C,YCL034W,0,-7.7350426,0.09857470542192459,0.9890000224113464,0.9043999910354614
YIL117C,YMR218C,0,-7.7353563,0.09856487810611725,0.9890000224113464,0.9045000076293945
YPL100W,YMR296C,0,-7.7354794,0.0985550582408905,0.9890000224113464,0.9046000242233276
YDR202C,YKL014C,0,-7.7374067,0.09854523837566376,0.9890000224113464,0.904699981212616
YLR206W,YIL026C,0,-7.737931,0.09853541851043701,0.9890000224113464,0.9047999978065491
YOR040W,YAL056W,0,-7.73885,0.09852560609579086,0.9890000224113464,0.9049000144004822
YMR212C,YMR022W,0,-7.73885,0.09851578623056412,0.9890000224113464,0.9049999713897705
YLR226W,YGR141W,0,-7.740267,0.09850597381591797,0.9890000224113464,0.9050999879837036
YCL008C,YAL016W,0,-7.7407513,0.09849616885185242,0.9890000224113464,0.9052000045776367
YHR053C,YER044C,0,-7.7411103,0.09848635643720627,0.9890000224113464,0.9053000211715698
YDL149W,YJL128C,0,-7.7412148,0.09847655147314072,0.9890000224113464,0.9053999781608582
YBR272C,YOL002C,0,-7.741363,0.09846674650907516,0.9890000224113464,0.9054999947547913
YPR030W,YJR160C,0,-7.744005,0.09845694154500961,0.9890000224113464,0.9056000113487244
YLR028C,YNL123W,0,-7.7441945,0.09844714403152466,0.9890000224113464,0.9057000279426575
YPL154C,YGL037C,0,-7.745057,0.0984373465180397,0.9890000224113464,0.9057999849319458
YER030W,YPR075C,0,-7.7452927,0.09842754900455475,0.9890000224113464,0.9059000015258789
YGL143C,YLL041C,0,-7.7456045,0.0984177514910698,0.9890000224113464,0.906000018119812
YIL036W,YIR021W,0,-7.7459373,0.09840796142816544,0.9890000224113464,0.9060999751091003
YEL060C,YBR294W,0,-7.7466025,0.09839817136526108,0.9890000224113464,0.9061999917030334
YKL085W,YGL053W,0,-7.7469854,0.09838838130235672,0.9890000224113464,0.9063000082969666
YOL013C,YCL055W,0,-7.748332,0.09837859123945236,0.9890000224113464,0.9064000248908997
YNL008C,YKL145W,0,-7.749983,0.0983688086271286,0.9890000224113464,0.906499981880188
YFL056C,YNL049C,0,-7.7501917,0.09835902601480484,0.9890000224113464,0.9065999984741211
YDR440W,YBR050C,0,-7.750558,0.09834924340248108,0.9890000224113464,0.9067000150680542
YKR034W,YMR177W,0,-7.7511497,0.09833946824073792,0.9890000224113464,0.9067999720573425
YJL024C,YPR185W,0,-7.7519245,0.09832968562841415,0.9890000224113464,0.9068999886512756
YIL026C,YNL098C,0,-7.7519617,0.09831991046667099,0.9890000224113464,0.9070000052452087
YBR084W,YJL036W,0,-7.7525644,0.09831014275550842,0.9890000224113464,0.9071000218391418
YDL101C,YAL002W,0,-7.7541714,0.09830036759376526,0.9890000224113464,0.9071999788284302
YHR091C,YGR253C,0,-7.754461,0.09829059988260269,0.9890000224113464,0.9072999954223633
YAL007C,YDR078C,0,-7.756131,0.09828083217144012,0.9890000224113464,0.9074000120162964
YPR200C,YLR172C,0,-7.7563553,0.09827106446027756,0.9890000224113464,0.9075000286102295
YLR182W,YJL059W,0,-7.7564545,0.09826130419969559,0.9890000224113464,0.9075999855995178
YNR033W,YDL135C,0,-7.7568183,0.09825153648853302,0.9890000224113464,0.9077000021934509
YFL011W,YGL011C,0,-7.7568927,0.09824178367853165,0.9890000224113464,0.907800018787384
YOL105C,YOR162C,0,-7.7574673,0.09823202341794968,0.9890000224113464,0.9078999757766724
YIR028W,YML107C,1,-7.758113,0.0983215793967247,0.9900000095367432,0.9078999757766724
YIL097W,YGR166W,0,-7.7588468,0.09831181913614273,0.9900000095367432,0.9079999923706055
YDR093W,YDL115C,0,-7.759594,0.09830205887556076,0.9900000095367432,0.9081000089645386
YJL036W,YDL080C,0,-7.7604027,0.09829229861497879,0.9900000095367432,0.9082000255584717
YLR206W,YKR086W,0,-7.7605333,0.09828253835439682,0.9900000095367432,0.90829998254776
YIL131C,YOL013C,0,-7.760845,0.09827277809381485,0.9900000095367432,0.9083999991416931
YLR435W,YCR102C,0,-7.761242,0.09826302528381348,0.9900000095367432,0.9085000157356262
YJR059W,YBL102W,0,-7.7644954,0.0982532724738121,0.9900000095367432,0.9085999727249146
YGL029W,YNL142W,0,-7.764778,0.09824352711439133,0.9900000095367432,0.9086999893188477
YMR097C,YDR082W,0,-7.7665277,0.09823377430438995,0.9900000095367432,0.9088000059127808
YIR019C,YHR075C,0,-7.767441,0.09822402894496918,0.9900000095367432,0.9089000225067139
YFR021W,YPR193C,0,-7.7679415,0.0982142835855484,0.9900000095367432,0.9089999794960022
YBR217W,YNL274C,0,-7.7682467,0.09820454567670822,0.9900000095367432,0.9090999960899353
YKR037C,YER041W,0,-7.768693,0.09819480031728745,0.9900000095367432,0.9092000126838684
YJR053W,YAR008W,0,-7.769249,0.09818506240844727,0.9900000095367432,0.9093000292778015
YOL089C,YPR065W,0,-7.7693605,0.09817532449960709,0.9900000095367432,0.9093999862670898
YLR284C,YPL131W,0,-7.7704225,0.0981655940413475,0.9900000095367432,0.909500002861023
YLR109W,YHR075C,0,-7.7706923,0.09815585613250732,0.9900000095367432,0.909600019454956
YJL184W,YNL160W,0,-7.7708693,0.09814612567424774,0.9900000095367432,0.9096999764442444
YPR100W,YDR329C,0,-7.771014,0.09813640266656876,0.9900000095367432,0.9097999930381775
YPL100W,YFR013W,0,-7.7711425,0.09812667220830917,0.9900000095367432,0.9099000096321106
YDR216W,YKL126W,0,-7.7715044,0.09811694920063019,0.9900000095367432,0.9100000262260437
YHR150W,YOR045W,0,-7.7717867,0.0981072261929512,0.9900000095367432,0.910099983215332
YER143W,YBL088C,0,-7.7721515,0.09809750318527222,0.9900000095367432,0.9101999998092651
YMR119W,YPL157W,0,-7.773284,0.09808778017759323,0.9900000095367432,0.9103000164031982
YNL274C,YKL125W,0,-7.774312,0.09807806462049484,0.9900000095367432,0.9103999733924866
YBL015W,YER068W,0,-7.775389,0.09806834906339645,0.9900000095367432,0.9104999899864197
YDR446W,YOR348C,0,-7.778267,0.09805863350629807,0.9900000095367432,0.9106000065803528
YDL138W,YHR152W,0,-7.779377,0.09804892539978027,0.9900000095367432,0.9107000231742859
YOR136W,YGL096W,0,-7.7795978,0.09803921729326248,0.9900000095367432,0.9107999801635742
YDL226C,YGL037C,0,-7.7805433,0.09802950918674469,0.9900000095367432,0.9108999967575073
YNL159C,YPL120W,0,-7.7806225,0.0980198010802269,0.9900000095367432,0.9110000133514404
YHR075C,YMR104C,0,-7.78178,0.0980101004242897,0.9900000095367432,0.9110999703407288
YHR013C,YPL006W,0,-7.7849064,0.09800039231777191,0.9900000095367432,0.9111999869346619
YBR186W,YDR059C,0,-7.785772,0.09799069911241531,0.9900000095367432,0.911300003528595
YPL262W,YPR107C,0,-7.7858424,0.09798099845647812,0.9900000095367432,0.9114000201225281
YNL041C,YDR318W,0,-7.7873898,0.09797129780054092,0.9900000095367432,0.9114999771118164
YOR204W,YNL045W,0,-7.7878294,0.09796160459518433,0.9900000095367432,0.9115999937057495
YJR147W,YML043C,0,-7.788282,0.09795191138982773,0.9900000095367432,0.9117000102996826
YIL142W,YHR106W,0,-7.788374,0.09794222563505173,0.9900000095367432,0.9118000268936157
YDL161W,YDR076W,0,-7.789858,0.09793253242969513,0.9900000095367432,0.911899983882904
YML008C,YNL317W,0,-7.791378,0.09792284667491913,0.9900000095367432,0.9120000004768372
YPL178W,YJL116C,0,-7.791514,0.09791316092014313,0.9900000095367432,0.9121000170707703
YLR452C,YJL138C,0,-7.791744,0.09790348261594772,0.9900000095367432,0.9121999740600586
YCL052C,YMR142C,0,-7.792368,0.09789379686117172,0.9900000095367432,0.9122999906539917
YDR005C,YPL122C,0,-7.792407,0.09788411855697632,0.9900000095367432,0.9124000072479248
YJR050W,YBL007C,0,-7.792694,0.09787444025278091,0.9900000095367432,0.9125000238418579
YPL069C,YKL085W,0,-7.793616,0.09786476939916611,0.9900000095367432,0.9125999808311462
YFL014W,YNL090W,0,-7.7936487,0.0978550985455513,0.9900000095367432,0.9126999974250793
YBR008C,YLR309C,0,-7.7954273,0.09784542769193649,0.9900000095367432,0.9128000140190125
YBL009W,YDR096W,0,-7.7965364,0.09783575683832169,0.9900000095367432,0.9128999710083008
YER094C,YGR070W,0,-7.7969832,0.09782608598470688,0.9900000095367432,0.9129999876022339
YDL069C,YLR259C,0,-7.797617,0.09781642258167267,0.9900000095367432,0.913100004196167
YLR459W,YNL334C,0,-7.798869,0.09780675917863846,0.9900000095367432,0.9132000207901001
YER044C-A,YGL208W,0,-7.7992897,0.09779709577560425,0.9900000095367432,0.9132999777793884
YKL220C,YLR450W,0,-7.8020024,0.09778743237257004,0.9900000095367432,0.9133999943733215
YPR193C,YLR328W,0,-7.8043995,0.09777777642011642,0.9900000095367432,0.9135000109672546
YPR083W,YBL075C,0,-7.8051386,0.09776812046766281,0.9900000095367432,0.9136000275611877
YKR024C,YIL103W,0,-7.8051615,0.0977584645152092,0.9900000095367432,0.9136999845504761
YMR025W,YLR382C,0,-7.805684,0.09774881601333618,0.9900000095367432,0.9138000011444092
YBR059C,YBL018C,0,-7.8065076,0.09773916751146317,0.9900000095367432,0.9139000177383423
YNL051W,YPL046C,0,-7.809766,0.09772951900959015,0.9900000095367432,0.9139999747276306
YOL145C,YEL012W,0,-7.810947,0.09771987050771713,0.9900000095367432,0.9140999913215637
YER143W,YER133W,0,-7.8113503,0.09771022200584412,0.9900000095367432,0.9142000079154968
YDL029W,YEL022W,0,-7.8120575,0.0977005809545517,0.9900000095367432,0.9143000245094299
YOL016C,YNL121C,0,-7.8142643,0.09769093990325928,0.9900000095367432,0.9143999814987183
YLL019C,YPR198W,0,-7.8149595,0.09768129885196686,0.9900000095367432,0.9144999980926514
YOL017W,YDR166C,0,-7.815976,0.09767166525125504,0.9900000095367432,0.9146000146865845
YIL131C,YOL001W,0,-7.817077,0.09766203165054321,0.9900000095367432,0.9146999716758728
YGL033W,YGL209W,0,-7.8195143,0.09765239804983139,0.9900000095367432,0.9147999882698059
YER044C,YJL036W,0,-7.822112,0.09764276444911957,0.9900000095367432,0.914900004863739
YFL025C,YDL115C,0,-7.8222637,0.09763313829898834,0.9900000095367432,0.9150000214576721
YDR302W,YNL007C,0,-7.8233476,0.09762351214885712,0.9900000095367432,0.9150999784469604
YIR015W,YBL106C,0,-7.8251495,0.09761388599872589,0.9900000095367432,0.9151999950408936
YDL045C,YBR250W,0,-7.8260155,0.09760425984859467,0.9900000095367432,0.9153000116348267
YPR005C,YPL157W,0,-7.8269243,0.09759463369846344,0.9900000095367432,0.9154000282287598
YPL249C,YBR162C,0,-7.8273325,0.09758501499891281,0.9900000095367432,0.9154999852180481
YDR093W,YMR032W,0,-7.8304067,0.09757539629936218,0.9900000095367432,0.9156000018119812
YNL232W,YGR245C,0,-7.8306723,0.09756578505039215,0.9900000095367432,0.9157000184059143
YDR265W,YML069W,0,-7.8306727,0.09755616635084152,0.9900000095367432,0.9157999753952026
YGL153W,YOR208W,0,-7.8315907,0.09754655510187149,0.9900000095367432,0.9158999919891357
YDR423C,YDR393W,0,-7.8320847,0.09753694385290146,0.9900000095367432,0.9160000085830688
YDL115C,YKL018W,0,-7.8321853,0.09752734005451202,0.9900000095367432,0.916100025177002
YOR067C,YDR523C,0,-7.8343306,0.09751772880554199,0.9900000095367432,0.9161999821662903
YNR043W,YOR328W,0,-7.8355083,0.09750812500715256,0.9900000095367432,0.9162999987602234
YFR014C,YKL012W,0,-7.836756,0.09749852120876312,0.9900000095367432,0.9164000153541565
YDR343C,YDR478W,0,-7.836784,0.09748892486095428,0.9900000095367432,0.9164999723434448
YJR010C-A,YCL033C,0,-7.837578,0.09747932106256485,0.9900000095367432,0.9165999889373779
YDL149W,YOR133W,0,-7.8381605,0.09746972471475601,0.9900000095367432,0.916700005531311
YBR298C,YEL002C,0,-7.838168,0.09746012836694717,0.9900000095367432,0.9168000221252441
YIL034C,YCR098C,0,-7.8398647,0.09745053946971893,0.9900000095367432,0.9168999791145325
YOL164W,YMR012W,0,-7.839925,0.0974409431219101,0.9900000095367432,0.9169999957084656
YMR208W,YOR347C,0,-7.840639,0.09743135422468185,0.9900000095367432,0.9171000123023987
YGL130W,YGL257C,0,-7.8412457,0.09742176532745361,0.9900000095367432,0.9172000288963318
YDR163W,YMR104C,0,-7.8426185,0.09741218388080597,0.9900000095367432,0.9172999858856201
YPL006W,YDR478W,0,-7.84364,0.09740259498357773,0.9900000095367432,0.9174000024795532
YJL060W,YHR118C,0,-7.8438253,0.09739301353693008,0.9900000095367432,0.9175000190734863
YDL065C,YBR280C,0,-7.844608,0.09738343209028244,0.9900000095367432,0.9175999760627747
YPL124W,YDR297W,0,-7.845377,0.0973738580942154,0.9900000095367432,0.9176999926567078
YLR423C,YKL025C,0,-7.8458343,0.09736427664756775,0.9900000095367432,0.9178000092506409
YFL025C,YOR028C,0,-7.8461514,0.0973547026515007,0.9900000095367432,0.917900025844574
YIL125W,YOR310C,0,-7.8473387,0.09734513610601425,0.9900000095367432,0.9179999828338623
YJL203W,YLR193C,0,-7.8491178,0.0973355621099472,0.9900000095367432,0.9180999994277954
YNL317W,YPL167C,0,-7.849129,0.09732599556446075,0.9900000095367432,0.9182000160217285
YDL014W,YNL202W,0,-7.849225,0.0973164290189743,0.9900000095367432,0.9182999730110168
YJR108W,YOR043W,0,-7.850566,0.09730686247348785,0.9900000095367432,0.91839998960495
YBR213W,YLR435W,0,-7.85104,0.0972972959280014,0.9900000095367432,0.9185000061988831
YNR019W,YLL008W,0,-7.851125,0.09728773683309555,0.9900000095367432,0.9186000227928162
YBR037C,YJL089W,0,-7.8522377,0.0972781777381897,0.9900000095367432,0.9186999797821045
YOL065C,YCR031C,0,-7.8525233,0.09726861864328384,0.9900000095367432,0.9187999963760376
YPL149W,YBL034C,0,-7.8539133,0.09725905954837799,0.9900000095367432,0.9189000129699707
YGR088W,YPL155C,0,-7.854314,0.09724950790405273,0.9900000095367432,0.9190000295639038
YER162C,YIL016W,0,-7.85484,0.09723995625972748,0.9900000095367432,0.9190999865531921
YLR453C,YOR162C,0,-7.856482,0.09723040461540222,0.9900000095367432,0.9192000031471252
YLR158C,YGR081C,0,-7.8581624,0.09722086042165756,0.9900000095367432,0.9193000197410583
YIR017C,YEL037C,0,-7.8590794,0.0972113087773323,0.9900000095367432,0.9193999767303467
YBR110W,YBL045C,0,-7.86087,0.09720176458358765,0.9900000095367432,0.9194999933242798
YNR010W,YHR200W,0,-7.8617926,0.09719222784042358,0.9900000095367432,0.9196000099182129
YHR171W,YOR129C,0,-7.8622723,0.09718268364667892,0.9900000095367432,0.919700026512146
YFL041W,YDR318W,0,-7.8623424,0.09717314690351486,0.9900000095367432,0.9197999835014343
YER088C,YML069W,0,-7.863653,0.0971636101603508,0.9900000095367432,0.9199000000953674
YOR031W,YMR277W,0,-7.8651037,0.09715407341718674,0.9900000095367432,0.9200000166893005
YKL143W,YGR209C,0,-7.866103,0.09714453667402267,0.9900000095367432,0.9200999736785889
YHR008C,YOR084W,0,-7.8665886,0.09713500738143921,0.9900000095367432,0.920199990272522
YPL053C,YPL123C,0,-7.8684425,0.09712547808885574,0.9900000095367432,0.9203000068664551
YDR268W,YKL055C,0,-7.8686647,0.09711594879627228,0.9900000095367432,0.9204000234603882
YBR109C,YPL133C,0,-7.871873,0.09710642695426941,0.9900000095367432,0.9204999804496765
YPL196W,YBL061C,0,-7.87194,0.09709689766168594,0.9900000095367432,0.9205999970436096
YDR507C,YDR247W,0,-7.8722305,0.09708737581968307,0.9900000095367432,0.9207000136375427
YNL117W,YNL123W,0,-7.873008,0.0970778614282608,0.9900000095367432,0.920799970626831
YFL056C,YDL040C,0,-7.874211,0.09706833958625793,0.9900000095367432,0.9208999872207642
YPR104C,YER009W,0,-7.8749037,0.09705882519483566,0.9900000095367432,0.9210000038146973
YPL006W,YKR025W,0,-7.874926,0.09704931080341339,0.9900000095367432,0.9211000204086304
YNL172W,YCL026C-A,0,-7.8772526,0.09703979641199112,0.9900000095367432,0.9211999773979187
YMR092C,YHR052W,0,-7.8784294,0.09703028202056885,0.9900000095367432,0.9212999939918518
YCR072C,YJR110W,0,-7.878965,0.09702077507972717,0.9900000095367432,0.9214000105857849
YFR037C,YJL164C,0,-7.8819532,0.0970112681388855,0.9900000095367432,0.921500027179718
YER112W,YML120C,0,-7.8842344,0.09700176119804382,0.9900000095367432,0.9215999841690063
YLR028C,YKL194C,0,-7.886315,0.09699226170778275,0.9900000095367432,0.9217000007629395
YBR214W,YMR077C,0,-7.886337,0.09698276221752167,0.9900000095367432,0.9218000173568726
YPL137C,YJL102W,0,-7.8870783,0.09697325527667999,0.9900000095367432,0.9218999743461609
YBL050W,YJL036W,0,-7.888901,0.09696376323699951,0.9900000095367432,0.921999990940094
YHR106W,YDR246W,0,-7.8891935,0.09695426374673843,0.9900000095367432,0.9221000075340271
YPL271W,YDR323C,0,-7.891884,0.09694477170705795,0.9900000095367432,0.9222000241279602
YDL099W,YML048W,0,-7.893281,0.09693527966737747,0.9900000095367432,0.9222999811172485
YBL034C,YOR054C,0,-7.8933053,0.09692578762769699,0.9900000095367432,0.9223999977111816
YNL003C,YPL188W,0,-7.894276,0.0969163030385971,0.9900000095367432,0.9225000143051147
YNL286W,YPL249C,0,-7.8948193,0.09690681099891663,0.9900000095367432,0.9225999712944031
YDL142C,YLR096W,0,-7.9005218,0.09689732640981674,0.9900000095367432,0.9226999878883362
YHR096C,YPL193W,0,-7.9012003,0.09688784182071686,0.9900000095367432,0.9228000044822693
YGR268C,YKR090W,0,-7.9024115,0.09687836468219757,0.9900000095367432,0.9229000210762024
YMR041C,YLL041C,0,-7.90268,0.09686888754367828,0.9900000095367432,0.9229999780654907
YDR283C,YLR135W,0,-7.902855,0.096859410405159,0.9900000095367432,0.9230999946594238
YNR057C,YLL019C,0,-7.904231,0.09684993326663971,0.9900000095367432,0.9232000112533569
YDR318W,YPR002W,0,-7.9042873,0.09684045612812042,0.9900000095367432,0.92330002784729
YBR275C,YJR104C,0,-7.905918,0.09683098644018173,0.9900000095367432,0.9233999848365784
YGR239C,YBR073W,0,-7.9076695,0.09682151675224304,0.9900000095367432,0.9235000014305115
YLR047C,YMR026C,0,-7.9090962,0.09681204706430435,0.9900000095367432,0.9236000180244446
YPR128C,YHR015W,1,-7.9098597,0.09690035879611969,0.9909999966621399,0.9236000180244446
YKL092C,YMR204C,0,-7.9098883,0.096890889108181,0.9909999966621399,0.9236999750137329
YLR102C,YDL015C,0,-7.909897,0.09688141196966171,0.9909999966621399,0.923799991607666
YIL034C,YIL098C,0,-7.910015,0.09687194228172302,0.9909999966621399,0.9239000082015991
YGR086C,YDR247W,0,-7.911375,0.09686248004436493,0.9909999966621399,0.9240000247955322
YMR092C,YNL042W,0,-7.912019,0.09685301035642624,0.9909999966621399,0.9240999817848206
YIR011C,YDL224C,0,-7.9138618,0.09684354811906815,0.9909999966621399,0.9241999983787537
YLR214W,YHR008C,0,-7.916264,0.09683408588171005,0.9909999966621399,0.9243000149726868
YDR004W,YNL070W,0,-7.9165325,0.09682462364435196,0.9909999966621399,0.9243999719619751
YLL009C,YFR031C,0,-7.9165506,0.09681516140699387,0.9909999966621399,0.9244999885559082
YDR022C,YGR220C,0,-7.9166083,0.09680570662021637,0.9909999966621399,0.9246000051498413
YMR030W,YDL060W,0,-7.916715,0.09679625183343887,0.9909999966621399,0.9247000217437744
YBR280C,YBL075C,0,-7.9183235,0.09678679704666138,0.9909999966621399,0.9247999787330627
YJR065C,YJL074C,0,-7.9184313,0.09677734225988388,0.9909999966621399,0.9248999953269958
YPR025C,YHR152W,0,-7.920682,0.09676789492368698,0.9909999966621399,0.925000011920929
YLR295C,YML057W,0,-7.9207263,0.09675844758749008,0.9909999966621399,0.9251000285148621
YPL202C,YBR091C,0,-7.921817,0.09674900025129318,0.9909999966621399,0.9251999855041504
YAL056W,YGL095C,0,-7.9218416,0.09673955291509628,0.9909999966621399,0.9253000020980835
YBR260C,YLR264W,0,-7.921913,0.09673011302947998,0.9909999966621399,0.9254000186920166
YPR030W,YDR392W,0,-7.922332,0.09672067314386368,0.9909999966621399,0.9254999756813049
YML042W,YPL208W,0,-7.922447,0.09671123325824738,0.9909999966621399,0.925599992275238
YPR005C,YGR144W,0,-7.922645,0.09670179337263107,0.9909999966621399,0.9257000088691711
YBR272C,YNL273W,0,-7.9240294,0.09669236093759537,0.9909999966621399,0.9258000254631042
YLR011W,YNR017W,0,-7.924362,0.09668292850255966,0.9909999966621399,0.9258999824523926
YCL033C,YHR020W,0,-7.9265985,0.09667349606752396,0.9909999966621399,0.9259999990463257
YDL045C,YGR033C,0,-7.9271164,0.09666406363248825,0.9909999966621399,0.9261000156402588
YMR270C,YDR247W,0,-7.9281797,0.09665463864803314,0.9909999966621399,0.9261999726295471
YLL041C,YDR312W,0,-7.9286604,0.09664521366357803,0.9909999966621399,0.9262999892234802
YJL095W,YPL224C,0,-7.929968,0.09663578867912292,0.9909999966621399,0.9264000058174133
YPL217C,YLR084C,0,-7.9302225,0.09662636369466782,0.9909999966621399,0.9265000224113464
YMR290C,YGR028W,0,-7.931056,0.0966169461607933,0.9909999966621399,0.9265999794006348
YPL100W,YOL129W,0,-7.9318113,0.09660752862691879,0.9909999966621399,0.9266999959945679
YOR120W,YJR112W,0,-7.9324884,0.09659811109304428,0.9909999966621399,0.926800012588501
YCL040W,YNL309W,0,-7.9327984,0.09658869355916977,0.9909999966621399,0.9269000291824341
YMR267W,YML091C,0,-7.933551,0.09657928347587585,0.9909999966621399,0.9269999861717224
YGR256W,YKL021C,0,-7.9337225,0.09656986594200134,0.9909999966621399,0.9271000027656555
YLR423C,YPL083C,0,-7.933842,0.09656046330928802,0.9909999966621399,0.9272000193595886
YOR237W,YGL219C,0,-7.9365416,0.09655105322599411,0.9909999966621399,0.927299976348877
YDR224C,YKL195W,0,-7.936611,0.0965416431427002,0.9909999966621399,0.9273999929428101
YIL026C,YPL206C,0,-7.936679,0.09653224050998688,0.9909999966621399,0.9275000095367432
YDR116C,YMR004W,0,-7.937398,0.09652283787727356,0.9909999966621399,0.9276000261306763
YLR309C,YPR007C,0,-7.9392424,0.09651344269514084,0.9909999966621399,0.9276999831199646
YAR033W,YOR047C,0,-7.9408092,0.09650404006242752,0.9909999966621399,0.9277999997138977
YDR416W,YGR141W,0,-7.9412456,0.0964946448802948,0.9909999966621399,0.9279000163078308
YLR423C,YPL196W,0,-7.9414463,0.09648524969816208,0.9909999966621399,0.9279999732971191
YKL213C,YPR031W,0,-7.9420195,0.09647585451602936,0.9909999966621399,0.9280999898910522
YNL331C,YCR106W,0,-7.942279,0.09646646678447723,0.9909999966621399,0.9282000064849854
YJR092W,YAR033W,0,-7.942885,0.09645707905292511,0.9909999966621399,0.9283000230789185
YOR026W,YEL012W,0,-7.9432535,0.09644769132137299,0.9909999966621399,0.9283999800682068
YNL039W,YGL219C,0,-7.943577,0.09643830358982086,0.9909999966621399,0.9284999966621399
YCR106W,YOR140W,0,-7.944412,0.09642891585826874,0.9909999966621399,0.928600013256073
YLR014C,YGL144C,0,-7.9446526,0.09641953557729721,0.9909999966621399,0.9286999702453613
YPL095C,YIL013C,0,-7.9464703,0.09641015529632568,0.9909999966621399,0.9287999868392944
YGL124C,YMR067C,0,-7.946932,0.09640077501535416,0.9909999966621399,0.9289000034332275
YKL029C,YOR272W,0,-7.9477906,0.09639140218496323,0.9909999966621399,0.9290000200271606
YGR245C,YGL255W,0,-7.9480333,0.0963820293545723,0.9909999966621399,0.929099977016449
YBR040W,YML121W,0,-7.949585,0.09637265652418137,0.9909999966621399,0.9291999936103821
YER062C,YIL121W,0,-7.950936,0.09636328369379044,0.9909999966621399,0.9293000102043152
YOL054W,YGL096W,0,-7.954117,0.0963539108633995,0.9909999966621399,0.9294000267982483
YDL174C,YDR259C,0,-7.9571886,0.09634454548358917,0.9909999966621399,0.9294999837875366
YDR296W,YGL208W,0,-7.9600925,0.09633518010377884,0.9909999966621399,0.9296000003814697
YMR080C,YDR479C,0,-7.9625235,0.0963258147239685,0.9909999966621399,0.9297000169754028
YOR191W,YKL035W,0,-7.9630804,0.09631645679473877,0.9909999966621399,0.9297999739646912
YCR038C,YDR393W,0,-7.9640856,0.09630709141492844,0.9909999966621399,0.9298999905586243
YNL233W,YML043C,0,-7.9657526,0.0962977334856987,0.9909999966621399,0.9300000071525574
YBR026C,YGL038C,0,-7.965769,0.09628838300704956,0.9909999966621399,0.9301000237464905
YPR010C,YGL227W,0,-7.9659166,0.09627902507781982,0.9909999966621399,0.9301999807357788
YGR225W,YGR197C,0,-7.9660053,0.09626967459917068,0.9909999966621399,0.9302999973297119
YDR168W,YJL065C,0,-7.9660587,0.09626032412052155,0.9909999966621399,0.930400013923645
YJR035W,YOR230W,0,-7.9678774,0.0962509736418724,0.9909999966621399,0.9304999709129333
YMR128W,YNL186W,0,-7.9681644,0.09624162316322327,0.9909999966621399,0.9305999875068665
YGL205W,YGR185C,0,-7.969515,0.09623228013515472,0.9909999966621399,0.9307000041007996
YBR214W,YDR227W,0,-7.9697084,0.09622293710708618,0.9909999966621399,0.9308000206947327
YNL172W,YPL123C,0,-7.969846,0.09621359407901764,0.9909999966621399,0.930899977684021
YGL151W,YHR001W-A,0,-7.9704213,0.0962042510509491,0.9909999966621399,0.9309999942779541
YLR431C,YEL066W,0,-7.9716415,0.09619491547346115,0.9909999966621399,0.9311000108718872
YLR355C,YGR159C,0,-7.9720984,0.0961855798959732,0.9909999966621399,0.9312000274658203
YJL053W,YOR295W,0,-7.9731426,0.09617624431848526,0.9909999966621399,0.9312999844551086
YOL122C,YDR285W,0,-7.974868,0.09616690874099731,0.9909999966621399,0.9314000010490417
YMR138W,YDR284C,0,-7.978466,0.09615758061408997,0.9909999966621399,0.9315000176429749
YER146W,YHR161C,0,-7.9789762,0.09614825248718262,0.9909999966621399,0.9315999746322632
YCR086W,YEL012W,0,-7.980485,0.09613892436027527,0.9909999966621399,0.9316999912261963
YKL007W,YIL034C,0,-7.980697,0.09612959623336792,0.9909999966621399,0.9318000078201294
YOR253W,YPL130W,0,-7.98246,0.09612026810646057,0.9909999966621399,0.9319000244140625
YIR033W,YNL007C,0,-7.982738,0.09611094743013382,0.9909999966621399,0.9319999814033508
YDR446W,YDR285W,0,-7.9836464,0.09610162675380707,0.9909999966621399,0.9320999979972839
YJL081C,YBR272C,0,-7.9838896,0.09609231352806091,0.9909999966621399,0.932200014591217
YKR101W,YCR061W,0,-7.986225,0.09608299285173416,0.9909999966621399,0.9322999715805054
YER053C,YML021C,0,-7.9862747,0.096073679625988,0.9909999966621399,0.9323999881744385
YPL256C,YLR154C,0,-7.986987,0.09606436640024185,0.9909999966621399,0.9325000047683716
YIL155C,YMR309C,0,-7.986989,0.0960550531744957,0.9909999966621399,0.9326000213623047
YMR056C,YOR288C,0,-7.9875317,0.09604574739933014,0.9909999966621399,0.932699978351593
YIL037C,YDR425W,0,-7.991774,0.09603643417358398,0.9909999966621399,0.9327999949455261
YNR075W,YKL051W,0,-7.9925766,0.09602712839841843,0.9909999966621399,0.9329000115394592
YPL110C,YIL120W,0,-7.9940257,0.09601783007383347,0.9909999966621399,0.9330000281333923
YBR041W,YER053C,0,-7.9941297,0.09600852429866791,0.9909999966621399,0.9330999851226807
YPL095C,YDR334W,0,-7.9955535,0.09599922597408295,0.9909999966621399,0.9332000017166138
YGR200C,YHR008C,0,-7.996952,0.09598992764949799,0.9909999966621399,0.9333000183105469
YGR170W,YHR016C,0,-7.997567,0.09598062932491302,0.9909999966621399,0.9333999752998352
YPR007C,YGR099W,0,-8.000672,0.09597133100032806,0.9909999966621399,0.9334999918937683
YEL036C,YJL036W,0,-8.000721,0.0959620401263237,0.9909999966621399,0.9336000084877014
YDR492W,YHR058C,0,-8.003909,0.09595274925231934,0.9909999966621399,0.9337000250816345
YDL143W,YNR001C,0,-8.003992,0.09594345837831497,0.9909999966621399,0.9337999820709229
YDR436W,YML095C,0,-8.00417,0.0959341749548912,0.9909999966621399,0.933899998664856
YBR008C,YML093W,0,-8.004834,0.09592488408088684,0.9909999966621399,0.9340000152587891
YER119C,YOR211C,0,-8.005305,0.09591560065746307,0.9909999966621399,0.9340999722480774
YDR515W,YDR285W,0,-8.006012,0.0959063172340393,0.9909999966621399,0.9341999888420105
YMR056C,YBL046W,0,-8.00669,0.09589704126119614,0.9909999966621399,0.9343000054359436
YMR140W,YNL107W,0,-8.007208,0.09588775783777237,0.9909999966621399,0.9344000220298767
YGR188C,YLR401C,0,-8.007552,0.0958784818649292,0.9909999966621399,0.934499979019165
YDR231C,YBR168W,0,-8.00814,0.09586920589208603,0.9909999966621399,0.9345999956130981
YPL049C,YDR382W,0,-8.009137,0.09585993736982346,0.9909999966621399,0.9347000122070312
YMR119W,YLR381W,0,-8.012562,0.09585066139698029,0.9909999966621399,0.9348000288009644
YBL030C,YLR016C,1,-8.013933,0.09593810141086578,0.9919999837875366,0.9348000288009644
YOR056C,YBR035C,0,-8.01523,0.09592882543802261,0.9919999837875366,0.9348999857902527
YLR450W,YMR004W,0,-8.015803,0.09591954946517944,0.9919999837875366,0.9350000023841858
YDL031W,YNL239W,0,-8.017451,0.09591028094291687,0.9919999837875366,0.9351000189781189
YDR456W,YPR018W,0,-8.017792,0.0959010049700737,0.9919999837875366,0.9351999759674072
YLR206W,YDL244W,0,-8.017841,0.09589173644781113,0.9919999837875366,0.9352999925613403
YIL121W,YOR254C,0,-8.020257,0.09588246792554855,0.9919999837875366,0.9354000091552734
YKL016C,YBL005W,0,-8.020301,0.09587319940328598,0.9919999837875366,0.9355000257492065
YKR034W,YMR277W,0,-8.021025,0.095863938331604,0.9919999837875366,0.9355999827384949
YIL123W,YBR253W,0,-8.021315,0.09585466980934143,0.9919999837875366,0.935699999332428
YNL327W,YDR516C,0,-8.022006,0.09584540873765945,0.9919999837875366,0.9358000159263611
YPR185W,YBR245C,0,-8.023856,0.09583614766597748,0.9919999837875366,0.9358999729156494
YDR009W,YNL299W,0,-8.024532,0.0958268940448761,0.9919999837875366,0.9359999895095825
YFR028C,YDR058C,0,-8.026057,0.09581764042377472,0.9919999837875366,0.9361000061035156
YDR013W,YDR255C,0,-8.026389,0.09580838680267334,0.9919999837875366,0.9362000226974487
YKL213C,YOR045W,0,-8.026783,0.09579913318157196,0.9919999837875366,0.9362999796867371
YHR157W,YKL203C,0,-8.027324,0.09578987956047058,0.9919999837875366,0.9363999962806702
YOR386W,YGR104C,0,-8.028514,0.0957806333899498,0.9919999837875366,0.9365000128746033
YBL061C,YHR016C,0,-8.029046,0.09577138721942902,0.9919999837875366,0.9366000294685364
YBR065C,YFR053C,0,-8.03009,0.09576214104890823,0.9919999837875366,0.9366999864578247
YKL148C,YHR030C,0,-8.033124,0.09575289487838745,0.9919999837875366,0.9368000030517578
YOR244W,YCL044C,0,-8.034313,0.09574365615844727,0.9919999837875366,0.9369000196456909
YLL015W,YGL061C,0,-8.034911,0.09573441743850708,0.9919999837875366,0.9369999766349792
YOR328W,YBR289W,0,-8.035785,0.0957251787185669,0.9919999837875366,0.9370999932289124
YHR129C,YPR182W,0,-8.036668,0.09571593999862671,0.9919999837875366,0.9372000098228455
YER166W,YGL053W,0,-8.038301,0.09570670872926712,0.9919999837875366,0.9373000264167786
YLL026W,YPL244C,0,-8.040518,0.09569747000932693,0.9919999837875366,0.9373999834060669
YBL030C,YML107C,1,-8.041473,0.09578470140695572,0.9929999709129333,0.9373999834060669
YFR024C-A,YPL171C,0,-8.044202,0.09577546268701553,0.9929999709129333,0.9375
YDL095W,YGR013W,0,-8.044675,0.09576622396707535,0.9929999709129333,0.9376000165939331
YGL027C,YER012W,0,-8.044788,0.09575699269771576,0.9929999709129333,0.9376999735832214
YGR109C,YML092C,0,-8.044994,0.09574776142835617,0.9929999709129333,0.9377999901771545
YDR518W,YDR289C,0,-8.045268,0.09573853015899658,0.9929999709129333,0.9379000067710876
YOR349W,YDR135C,0,-8.0471115,0.095729298889637,0.9929999709129333,0.9380000233650208
YDR022C,YDR507C,0,-8.047743,0.0957200676202774,0.9929999709129333,0.9380999803543091
YPL120W,YGR241C,0,-8.048244,0.09571084380149841,0.9929999709129333,0.9381999969482422
YNL130C,YDR314C,0,-8.048894,0.09570161998271942,0.9929999709129333,0.9383000135421753
YDL155W,YLR270W,0,-8.049665,0.09569239616394043,0.9929999709129333,0.9383999705314636
YFR053C,YNL246W,0,-8.050014,0.09568317234516144,0.9929999709129333,0.9384999871253967
YAL053W,YJL116C,0,-8.050039,0.09567395597696304,0.9929999709129333,0.9386000037193298
YPR200C,YER042W,0,-8.052927,0.09566473960876465,0.9929999709129333,0.9387000203132629
YPL212C,YLR197W,0,-8.053033,0.09565552324056625,0.9929999709129333,0.9387999773025513
YKR067W,YGL216W,0,-8.055393,0.09564631432294846,0.9929999709129333,0.9388999938964844
YOR349W,YLR240W,0,-8.057476,0.09563709795475006,0.9929999709129333,0.9390000104904175
YPL036W,YOR313C,0,-8.0600195,0.09562788903713226,0.9929999709129333,0.9391000270843506
YDR436W,YBL102W,0,-8.060105,0.09561868011951447,0.9929999709129333,0.9391999840736389
YGR142W,YPL093W,0,-8.061451,0.09560947120189667,0.9929999709129333,0.939300000667572
YOR120W,YGR121C,0,-8.061936,0.09560026973485947,0.9929999709129333,0.9394000172615051
YPL093W,YNL110C,0,-8.064145,0.09559106826782227,0.9929999709129333,0.9394999742507935
YOL063C,YPR191W,0,-8.064417,0.09558186680078506,0.9929999709129333,0.9395999908447266
YOR023C,YLR172C,0,-8.064422,0.09557266533374786,0.9929999709129333,0.9397000074386597
YEL041W,YNL160W,0,-8.065637,0.09556347131729126,0.9929999709129333,0.9398000240325928
YMR238W,YGR249W,0,-8.065856,0.09555426985025406,0.9929999709129333,0.9398999810218811
YHR171W,YBL023C,0,-8.066969,0.09554507583379745,0.9929999709129333,0.9399999976158142
YLL061W,YDR073W,0,-8.068539,0.09553588926792145,0.9929999709129333,0.9401000142097473
YPR075C,YDR479C,0,-8.070736,0.09552669525146484,0.9929999709129333,0.9401999711990356
YCR057C,YLL011W,0,-8.07183,0.09551750868558884,0.9929999709129333,0.9402999877929688
YJL203W,YOL110W,0,-8.0732155,0.09550832211971283,0.9929999709129333,0.9404000043869019
YIL036W,YNL003C,0,-8.073532,0.09549913555383682,0.9929999709129333,0.940500020980835
YDL213C,YBR183W,0,-8.074014,0.09548994898796082,0.9929999709129333,0.9405999779701233
YNL159C,YGL004C,0,-8.07402,0.0954807698726654,0.9929999709129333,0.9406999945640564
YJR078W,YLR377C,0,-8.075391,0.09547159075737,0.9929999709129333,0.9408000111579895
YCL044C,YDL093W,0,-8.076206,0.09546241164207458,0.9929999709129333,0.9409000277519226
YDL213C,YEL012W,0,-8.076731,0.09545323252677917,0.9929999709129333,0.9409999847412109
YGR037C,YGR070W,0,-8.077713,0.09544406086206436,0.9929999709129333,0.941100001335144
YJL184W,YGR014W,0,-8.07918,0.09543488919734955,0.9929999709129333,0.9412000179290771
YGL247W,YCR073W-A,1,-8.079547,0.09552181512117386,0.9940000176429749,0.9412000179290771
YDL243C,YPL055C,0,-8.080005,0.09551263600587845,0.9940000176429749,0.9412999749183655
YDR216W,YJR121W,0,-8.080888,0.09550345689058304,0.9940000176429749,0.9413999915122986
YLR095C,YHL025W,0,-8.081463,0.09549428522586823,0.9940000176429749,0.9415000081062317
YNL173C,YLR386W,0,-8.082565,0.09548511356115341,0.9940000176429749,0.9416000247001648
YNL278W,YJR140C,0,-8.082746,0.0954759418964386,0.9940000176429749,0.9416999816894531
YOL067C,YKR042W,0,-8.082933,0.09546677023172379,0.9940000176429749,0.9417999982833862
YMR280C,YDR071C,0,-8.083215,0.09545759856700897,0.9940000176429749,0.9419000148773193
YMR199W,YGL254W,0,-8.083919,0.09544843435287476,0.9940000176429749,0.9419999718666077
YGL038C,YPR143W,0,-8.0849285,0.09543927013874054,0.9940000176429749,0.9420999884605408
YGL181W,YKR031C,0,-8.085485,0.09543010592460632,0.9940000176429749,0.9422000050544739
YJR057W,YMR030W,0,-8.087037,0.0954209491610527,0.9940000176429749,0.942300021648407
YFL056C,YHR062C,0,-8.08717,0.09541178494691849,0.9940000176429749,0.9423999786376953
YML124C,YPL087W,0,-8.094122,0.09540262818336487,0.9940000176429749,0.9424999952316284
YOL149W,YKR067W,0,-8.098885,0.09539347141981125,0.9940000176429749,0.9426000118255615
YFL056C,YOR144C,0,-8.101026,0.09538432210683823,0.9940000176429749,0.9427000284194946
YPR185W,YHR085W,0,-8.101037,0.0953751653432846,0.9940000176429749,0.942799985408783
YOL016C,YHR102W,0,-8.101445,0.09536601603031158,0.9940000176429749,0.9429000020027161
YGL008C,YKL122C,0,-8.102445,0.09535686671733856,0.9940000176429749,0.9430000185966492
YGL033W,YIL026C,0,-8.102922,0.09534772485494614,0.9940000176429749,0.9430999755859375
YGL012W,YHL002W,0,-8.103714,0.09533857554197311,0.9940000176429749,0.9431999921798706
YFR001W,YGL255W,0,-8.103844,0.09532943367958069,0.9940000176429749,0.9433000087738037
YNL110C,YDR255C,0,-8.104141,0.09532029181718826,0.9940000176429749,0.9434000253677368
YIL037C,YPL124W,0,-8.105305,0.09531114995479584,0.9940000176429749,0.9434999823570251
YIL125W,YDL200C,0,-8.106095,0.09530201554298401,0.9940000176429749,0.9435999989509583
YPR081C,YLR011W,0,-8.109715,0.09529287368059158,0.9940000176429749,0.9437000155448914
YMR056C,YMR285C,0,-8.110102,0.09528373926877975,0.9940000176429749,0.9437999725341797
YLL035W,YKL201C,0,-8.111525,0.09527461230754852,0.9940000176429749,0.9438999891281128
YDR004W,YNL241C,0,-8.112103,0.0952654778957367,0.9940000176429749,0.9440000057220459
YML042W,YLR115W,0,-8.11335,0.09525635093450546,0.9940000176429749,0.944100022315979
YFL011W,YGL113W,0,-8.114357,0.09524722397327423,0.9940000176429749,0.9441999793052673
YBR008C,YHR157W,0,-8.115146,0.095238097012043,0.9940000176429749,0.9442999958992004
YOR347C,YNL294C,0,-8.116972,0.09522897005081177,0.9940000176429749,0.9444000124931335
YDR343C,YJR052W,0,-8.1174345,0.09521985054016113,0.9940000176429749,0.9445000290870667
YML098W,YKL035W,0,-8.11853,0.0952107310295105,0.9940000176429749,0.944599986076355
YDL079C,YBL061C,0,-8.118677,0.09520161151885986,0.9940000176429749,0.9447000026702881
YGL174W,YCR073W-A,1,-8.120989,0.09528826177120209,0.9950000047683716,0.9447000026702881
YNL233W,YHR096C,0,-8.121266,0.09527913480997086,0.9950000047683716,0.9448000192642212
YOR349W,YHR004C,0,-8.121432,0.09527000784873962,0.9950000047683716,0.9448999762535095
YML042W,YDR470C,0,-8.121712,0.09526088833808899,0.9950000047683716,0.9449999928474426
YIL154C,YIL026C,0,-8.121948,0.09525176882743835,0.9950000047683716,0.9451000094413757
YGR225W,YCL027W,0,-8.123273,0.09524265676736832,0.9950000047683716,0.9452000260353088
YGR166W,YPL123C,0,-8.123288,0.09523353725671768,0.9950000047683716,0.9452999830245972
YHR043C,YNL014W,0,-8.123406,0.09522442519664764,0.9950000047683716,0.9453999996185303
YBR272C,YDR392W,0,-8.123462,0.0952153131365776,0.9950000047683716,0.9455000162124634
YLR442C,YDR425W,0,-8.123994,0.09520620107650757,0.9950000047683716,0.9455999732017517
YPL224C,YBL106C,0,-8.124763,0.09519708901643753,0.9950000047683716,0.9456999897956848
YBR286W,YDR078C,0,-8.125326,0.09518798440694809,0.9950000047683716,0.9458000063896179
YGR003W,YKL170W,0,-8.126391,0.09517887979745865,0.9950000047683716,0.945900022983551
YOL110W,YNL243W,0,-8.127362,0.09516977518796921,0.9950000047683716,0.9459999799728394
YDR265W,YGR128C,0,-8.127656,0.09516067057847977,0.9950000047683716,0.9460999965667725
YDR258C,YMR247C,0,-8.127815,0.09515157341957092,0.9950000047683716,0.9462000131607056
YDL085W,YNL243W,0,-8.12874,0.09514247626066208,0.9950000047683716,0.9463000297546387
YDR294C,YMR104C,0,-8.129082,0.09513337910175323,0.9950000047683716,0.946399986743927
YOR317W,YOR216C,0,-8.130471,0.09512428194284439,0.9950000047683716,0.9465000033378601
YFR030W,YMR201C,0,-8.131954,0.09511519223451614,0.9950000047683716,0.9466000199317932
YIR028W,YML103C,1,-8.133104,0.09520167857408524,0.9959999918937683,0.9466000199317932
YNL110C,YOL110W,0,-8.133395,0.09519258141517639,0.9959999918937683,0.9466999769210815
YHR043C,YGR046W,0,-8.133636,0.09518348425626755,0.9959999918937683,0.9467999935150146
YDL247W,YDR176W,0,-8.134339,0.0951743945479393,0.9959999918937683,0.9469000101089478
YDR359C,YHR016C,0,-8.134682,0.09516529738903046,0.9959999918937683,0.9470000267028809
YOR334W,YBR256C,0,-8.134853,0.09515620768070221,0.9959999918937683,0.9470999836921692
YCL054W,YOR287C,0,-8.13652,0.09514711797237396,0.9959999918937683,0.9472000002861023
YHR148W,YJR002W,0,-8.137087,0.09513802826404572,0.9959999918937683,0.9473000168800354
YER030W,YJR033C,0,-8.138167,0.09512893855571747,0.9959999918937683,0.9473999738693237
YGL158W,YHL028W,0,-8.138313,0.09511985629796982,0.9959999918937683,0.9474999904632568
YPR001W,YJR126C,0,-8.138885,0.09511077404022217,0.9959999918937683,0.9476000070571899
YGR199W,YLR362W,0,-8.139552,0.09510169178247452,0.9959999918937683,0.947700023651123
YDR214W,YKL086W,0,-8.142633,0.09509260952472687,0.9959999918937683,0.9477999806404114
YBR177C,YOR087W,0,-8.145552,0.09508353471755981,0.9959999918937683,0.9478999972343445
YDL113C,YDR260C,0,-8.145614,0.09507445245981216,0.9959999918937683,0.9480000138282776
YOR347C,YNL107W,0,-8.146857,0.09506537765264511,0.9959999918937683,0.9480999708175659
YML008C,YHR200W,0,-8.148086,0.09505631029605865,0.9959999918937683,0.948199987411499
YEL012W,YML029W,0,-8.150049,0.0950472354888916,0.9959999918937683,0.9483000040054321
YLR214W,YBR298C,0,-8.151317,0.09503816813230515,0.9959999918937683,0.9484000205993652
YNR010W,YEL050C,0,-8.151931,0.09502910077571869,0.9959999918937683,0.9484999775886536
YCL027W,YJR009C,0,-8.1546,0.09502003341913223,0.9959999918937683,0.9485999941825867
YJL099W,YBL013W,0,-8.155308,0.09501097351312637,0.9959999918937683,0.9487000107765198
YDR298C,YGL093W,0,-8.156851,0.09500190615653992,0.9959999918937683,0.9488000273704529
YGR165W,YIL056W,0,-8.157273,0.09499284625053406,0.9959999918937683,0.9488999843597412
YMR199W,YHR106W,0,-8.160647,0.0949837863445282,0.9959999918937683,0.9490000009536743
YDR085C,YHR124W,0,-8.165202,0.09497473388910294,0.9959999918937683,0.9491000175476074
YER042W,YCR102C,0,-8.169224,0.09496567398309708,0.9959999918937683,0.9491999745368958
YNR067C,YLL060C,0,-8.169496,0.09495662152767181,0.9959999918937683,0.9492999911308289
YMR030W,YOR179C,0,-8.170202,0.09494756907224655,0.9959999918937683,0.949400007724762
YDL069C,YEL041W,0,-8.1708555,0.09493851661682129,0.9959999918937683,0.9495000243186951
YDL093W,YHR008C,0,-8.171769,0.09492947161197662,0.9959999918937683,0.9495999813079834
YJR035W,YNR006W,0,-8.172996,0.09492042660713196,0.9959999918937683,0.9496999979019165
YLL034C,YER118C,0,-8.173146,0.09491138160228729,0.9959999918937683,0.9498000144958496
YDL052C,YGL096W,0,-8.174265,0.09490233659744263,0.9959999918937683,0.9498999714851379
YGL001C,YPR107C,0,-8.176954,0.09489329159259796,0.9959999918937683,0.949999988079071
YMR119W,YBR231C,0,-8.178569,0.09488425403833389,0.9959999918937683,0.9501000046730042
YMR198W,YGR121C,0,-8.179646,0.09487521648406982,0.9959999918937683,0.9502000212669373
YOL063C,YDR076W,0,-8.179931,0.09486617892980576,0.9959999918937683,0.9502999782562256
YNR056C,YGR094W,0,-8.181279,0.09485714137554169,0.9959999918937683,0.9503999948501587
YOR120W,YNL297C,0,-8.181956,0.09484811127185822,0.9959999918937683,0.9505000114440918
YBR212W,YHR083W,0,-8.182976,0.09483908116817474,0.9959999918937683,0.9506000280380249
YHR015W,YCR073W-A,1,-8.189056,0.09492526203393936,0.996999979019165,0.9506000280380249
YGR249W,YDL059C,0,-8.189058,0.09491622447967529,0.996999979019165,0.9506999850273132
YER142C,YER149C,0,-8.189531,0.09490718692541122,0.996999979019165,0.9508000016212463
YJL208C,YLR324W,0,-8.191931,0.09489815682172775,0.996999979019165,0.9509000182151794
YFL014W,YJL187C,0,-8.192576,0.09488911926746368,0.996999979019165,0.9509999752044678
YFL041W,YER024W,0,-8.193807,0.09488008916378021,0.996999979019165,0.9510999917984009
YNL008C,YDR141C,0,-8.193837,0.09487106651067734,0.996999979019165,0.951200008392334
YML081C-A,YOL088C,0,-8.195269,0.09486203640699387,0.996999979019165,0.9513000249862671
YOL165C,YMR277W,0,-8.19595,0.09485301375389099,0.996999979019165,0.9513999819755554
YJR084W,YMR030W,0,-8.196718,0.09484399110078812,0.996999979019165,0.9514999985694885
YDR516C,YJR144W,0,-8.196736,0.09483496844768524,0.996999979019165,0.9516000151634216
YJR070C,YPL212C,0,-8.1971,0.09482594579458237,0.996999979019165,0.95169997215271
YPR188C,YPL036W,0,-8.198574,0.09481693059206009,0.996999979019165,0.9517999887466431
YPL262W,YAR007C,0,-8.199956,0.09480791538953781,0.996999979019165,0.9519000053405762
YGR145W,YKR097W,0,-8.200695,0.09479890018701553,0.996999979019165,0.9520000219345093
YDR106W,YBR152W,0,-8.205045,0.09478988498449326,0.996999979019165,0.9520999789237976
YPR067W,YJR097W,0,-8.207798,0.09478086978197098,0.996999979019165,0.9521999955177307
YIL155C,YNR053C,0,-8.210793,0.0947718620300293,0.996999979019165,0.9523000121116638
YPL267W,YDR281C,0,-8.212562,0.09476285427808762,0.996999979019165,0.9524000287055969
YBR050C,YOR035C,0,-8.212606,0.09475384652614594,0.996999979019165,0.9524999856948853
YOR386W,YKR053C,0,-8.21347,0.09474484622478485,0.996999979019165,0.9526000022888184
YDR039C,YKL026C,0,-8.214783,0.09473583847284317,0.996999979019165,0.9527000188827515
YMR068W,YNR001C,0,-8.214962,0.09472683817148209,0.996999979019165,0.9527999758720398
YGR230W,YPR002W,0,-8.2151785,0.094717837870121,0.996999979019165,0.9528999924659729
YKL149C,YLR284C,0,-8.216807,0.09470884501934052,0.996999979019165,0.953000009059906
YDR171W,YBR260C,0,-8.220561,0.09469984471797943,0.996999979019165,0.9531000256538391
YER143W,YOR330C,0,-8.222573,0.09469085186719894,0.996999979019165,0.9531999826431274
YNL085W,YCR083W,0,-8.222911,0.09468185901641846,0.996999979019165,0.9532999992370605
YNR035C,YJL214W,0,-8.227784,0.09467287361621857,0.996999979019165,0.9534000158309937
YBL084C,YBR272C,0,-8.2278185,0.09466388076543808,0.996999979019165,0.953499972820282
YKL004W,YMR311C,0,-8.229544,0.09465489536523819,0.996999979019165,0.9535999894142151
YPL130W,YBR183W,0,-8.230349,0.0946459099650383,0.996999979019165,0.9537000060081482
YLR411W,YPR067W,0,-8.230672,0.09463692456483841,0.996999979019165,0.9538000226020813
YNL210W,YLR265C,0,-8.236513,0.09462793916463852,0.996999979019165,0.9538999795913696
YMR319C,YGL033W,0,-8.236647,0.09461896121501923,0.996999979019165,0.9539999961853027
YBR072W,YKL122C,0,-8.239569,0.09460998326539993,0.996999979019165,0.9541000127792358
YGL180W,YBR082C,0,-8.239583,0.09460100531578064,0.996999979019165,0.954200029373169
YGR225W,YER142C,0,-8.241504,0.09459202736616135,0.996999979019165,0.9542999863624573
YBR298C,YAL051W,0,-8.241656,0.09458305686712265,0.996999979019165,0.9544000029563904
YDR516C,YMR146C,0,-8.242111,0.09457408636808395,0.996999979019165,0.9545000195503235
YBL090W,YGR008C,0,-8.242847,0.09456511586904526,0.996999979019165,0.9545999765396118
YOL013C,YJL030W,0,-8.243929,0.09455614537000656,0.996999979019165,0.9546999931335449
YOL016C,YKL089W,0,-8.247959,0.09454718232154846,0.996999979019165,0.954800009727478
YHR015W,YGL100W,1,-8.248411,0.09463303536176682,0.9980000257492065,0.954800009727478
YLR014C,YOL045W,0,-8.249446,0.09462406486272812,0.9980000257492065,0.9549000263214111
YDR375C,YJL089W,0,-8.255928,0.09461509436368942,0.9980000257492065,0.9549999833106995
YCR106W,YOL034W,0,-8.257036,0.09460612386465073,0.9980000257492065,0.9550999999046326
YKL201C,YLR328W,0,-8.257678,0.09459715336561203,0.9980000257492065,0.9552000164985657
YOR023C,YOR038C,0,-8.25775,0.09458819031715393,0.9980000257492065,0.955299973487854
YNR007C,YKL089W,0,-8.258165,0.09457922726869583,0.9980000257492065,0.9553999900817871
YKL213C,YIL039W,0,-8.259776,0.09457026422023773,0.9980000257492065,0.9555000066757202
YHR075C,YML095C,0,-8.259922,0.09456130117177963,0.9980000257492065,0.9556000232696533
YER143W,YEL002C,0,-8.260025,0.09455234557390213,0.9980000257492065,0.9556999802589417
YER044C-A,YOR007C,0,-8.260527,0.09454338997602463,0.9980000257492065,0.9557999968528748
YDR268W,YHR161C,0,-8.265678,0.09453443437814713,0.9980000257492065,0.9559000134468079
YMR041C,YIL051C,0,-8.26593,0.09452547878026962,0.9980000257492065,0.9559999704360962
YNL298W,YJL052W,0,-8.268619,0.09451652318239212,0.9980000257492065,0.9560999870300293
YDR043C,YER082C,0,-8.268743,0.09450757503509521,0.9980000257492065,0.9562000036239624
YJR158W,YNR017W,0,-8.270267,0.09449862688779831,0.9980000257492065,0.9563000202178955
YLR006C,YML098W,0,-8.271099,0.0944896787405014,0.9980000257492065,0.9563999772071838
YLR197W,YCR061W,0,-8.271604,0.0944807380437851,0.9980000257492065,0.9564999938011169
YCL010C,YGL093W,0,-8.272667,0.09447178989648819,0.9980000257492065,0.95660001039505
YOR386W,YPR191W,0,-8.274793,0.09446284919977188,0.9980000257492065,0.9567000269889832
YLR450W,YNL290W,0,-8.278285,0.09445390850305557,0.9980000257492065,0.9567999839782715
YER053C,YDL217C,0,-8.281731,0.09444496780633926,0.9980000257492065,0.9569000005722046
YOL054W,YBL056W,0,-8.284664,0.09443603456020355,0.9980000257492065,0.9570000171661377
YCR005C,YDR200C,0,-8.284691,0.09442710131406784,0.9980000257492065,0.957099974155426
YLL060C,YML027W,0,-8.287542,0.09441816806793213,0.9980000257492065,0.9571999907493591
YKL213C,YGR143W,0,-8.288425,0.09440923482179642,0.9980000257492065,0.9573000073432922
YGR157W,YKL040C,0,-8.291344,0.0944003015756607,0.9980000257492065,0.9574000239372253
YPL196W,YML123C,0,-8.29169,0.09439137578010559,0.9980000257492065,0.9574999809265137
YKL213C,YKL026C,0,-8.294691,0.09438244998455048,0.9980000257492065,0.9575999975204468
YLR215C,YGR268C,0,-8.29512,0.09437352418899536,0.9980000257492065,0.9577000141143799
YJL062W,YPL206C,0,-8.297351,0.09436459839344025,0.9980000257492065,0.9577999711036682
YNL159C,YDL247W,0,-8.297558,0.09435568004846573,0.9980000257492065,0.9578999876976013
YPL091W,YDR077W,0,-8.301296,0.09434675425291061,0.9980000257492065,0.9580000042915344
YMR213W,YER053C,0,-8.301602,0.0943378359079361,0.9980000257492065,0.9581000208854675
YGL257C,YPL196W,0,-8.302778,0.09432892501354218,0.9980000257492065,0.9581999778747559
YLR103C,YGR254W,0,-8.305371,0.09432000666856766,0.9980000257492065,0.958299994468689
YPR144C,YBR006W,0,-8.309109,0.09431109577417374,0.9980000257492065,0.9584000110626221
YLR148W,YJL164C,0,-8.309206,0.09430218487977982,0.9980000257492065,0.9585000276565552
YLR047C,YNR023W,0,-8.314269,0.0942932739853859,0.9980000257492065,0.9585999846458435
YDL117W,YDR258C,0,-8.3168335,0.09428436309099197,0.9980000257492065,0.9587000012397766
YDR384C,YLR193C,0,-8.317764,0.09427545964717865,0.9980000257492065,0.9588000178337097
YNL272C,YBR183W,0,-8.318687,0.09426655620336533,0.9980000257492065,0.958899974822998
YDR264C,YDR163W,0,-8.319429,0.094257652759552,0.9980000257492065,0.9589999914169312
YNR019W,YDR073W,0,-8.3221035,0.09424874931573868,0.9980000257492065,0.9591000080108643
YER053C,YDR463W,0,-8.323034,0.09423984587192535,0.9980000257492065,0.9592000246047974
YPL119C,YOL049W,0,-8.3238945,0.09423094987869263,0.9980000257492065,0.9592999815940857
YLL009C,YOL060C,0,-8.326611,0.0942220538854599,0.9980000257492065,0.9593999981880188
YNL327W,YGR014W,0,-8.3274145,0.09421315789222717,0.9980000257492065,0.9595000147819519
YMR311C,YGR268C,0,-8.328291,0.09420426934957504,0.9980000257492065,0.9595999717712402
YMR303C,YLR233C,0,-8.3295965,0.09419537335634232,0.9980000257492065,0.9596999883651733
YDL149W,YGL229C,0,-8.329704,0.09418648481369019,0.9980000257492065,0.9598000049591064
YOR008C,YDL077C,0,-8.32975,0.09417759627103806,0.9980000257492065,0.9599000215530396
YPL018W,YCL035C,0,-8.330475,0.09416870772838593,0.9980000257492065,0.9599999785423279
YFL036W,YEL012W,0,-8.332112,0.09415982663631439,0.9980000257492065,0.960099995136261
YDR479C,YPL179W,0,-8.332322,0.09415094554424286,0.9980000257492065,0.9602000117301941
YOR133W,YIL097W,0,-8.334907,0.09414206445217133,0.9980000257492065,0.9603000283241272
YER020W,YGL143C,0,-8.3364935,0.09413318336009979,0.9980000257492065,0.9603999853134155
YLR238W,YGL013C,0,-8.338965,0.09412430226802826,0.9980000257492065,0.9605000019073486
YDR130C,YBR257W,0,-8.340363,0.09411542862653732,0.9980000257492065,0.9606000185012817
YJL209W,YGR008C,0,-8.340881,0.09410655498504639,0.9980000257492065,0.9606999754905701
YPR030W,YOL076W,0,-8.341818,0.09409768134355545,0.9980000257492065,0.9607999920845032
YOR245C,YOR208W,0,-8.344587,0.09408880770206451,0.9980000257492065,0.9609000086784363
YLR397C,YPL043W,0,-8.344598,0.09407994151115417,0.9980000257492065,0.9610000252723694
YDL148C,YDR479C,0,-8.345065,0.09407107532024384,0.9980000257492065,0.9610999822616577
YGL205W,YOR069W,0,-8.346361,0.0940622091293335,0.9980000257492065,0.9611999988555908
YPR054W,YPL130W,0,-8.351656,0.09405334293842316,0.9980000257492065,0.9613000154495239
YDR479C,YER087C-B,0,-8.352865,0.09404447674751282,0.9980000257492065,0.9613999724388123
YHR171W,YBL102W,0,-8.355211,0.09403561800718307,0.9980000257492065,0.9614999890327454
YHR188C,YOR132W,0,-8.363352,0.09402675926685333,0.9980000257492065,0.9616000056266785
YDR098C,YGR268C,0,-8.363511,0.09401790052652359,0.9980000257492065,0.9617000222206116
YLR353W,YBR214W,0,-8.365626,0.09400904178619385,0.9980000257492065,0.9617999792098999
YHR188C,YMR004W,0,-8.367333,0.0940001904964447,0.9980000257492065,0.961899995803833
YDR268W,YHL020C,0,-8.369647,0.09399133175611496,0.9980000257492065,0.9620000123977661
YML034W,YKL178C,0,-8.37292,0.09398248791694641,0.9980000257492065,0.9621000289916992
YNR010W,YHR039C,0,-8.377283,0.09397363662719727,0.9980000257492065,0.9621999859809875
YNL159C,YGL210W,0,-8.381093,0.09396478533744812,0.9980000257492065,0.9623000025749207
YOR036W,YDL093W,0,-8.382169,0.09395594149827957,0.9980000257492065,0.9624000191688538
YBL078C,YGL090W,0,-8.382295,0.09394709765911102,0.9980000257492065,0.9624999761581421
YNL323W,YOR075W,0,-8.382364,0.09393825381994247,0.9980000257492065,0.9625999927520752
YBR200W,YDR492W,0,-8.382551,0.09392940998077393,0.9980000257492065,0.9627000093460083
YJR052W,YMR142C,0,-8.383635,0.09392057359218597,0.9980000257492065,0.9628000259399414
YHR106W,YML109W,0,-8.386766,0.09391173720359802,0.9980000257492065,0.9628999829292297
YNL075W,YJL042W,0,-8.395128,0.09390290081501007,0.9980000257492065,0.9629999995231628
YDR492W,YDR330W,0,-8.400239,0.09389406442642212,0.9980000257492065,0.963100016117096
YIL117C,YOR213C,0,-8.402044,0.09388522803783417,0.9980000257492065,0.9631999731063843
YOR317W,YOR354C,0,-8.402981,0.09387639909982681,0.9980000257492065,0.9632999897003174
YIR028W,YHR015W,1,-8.40403,0.09396162629127502,0.9990000128746033,0.9632999897003174
YKL145W,YHL006C,0,-8.40528,0.09395278990268707,0.9990000128746033,0.9634000062942505
YOR028C,YER018C,0,-8.405445,0.09394395351409912,0.9990000128746033,0.9635000228881836
YGR147C,YJL059W,0,-8.405472,0.09393511712551117,0.9990000128746033,0.9635999798774719
YOL122C,YGR008C,0,-8.405845,0.09392628818750381,0.9990000128746033,0.963699996471405
YOR266W,YNL334C,0,-8.407171,0.09391745924949646,0.9990000128746033,0.9638000130653381
YPL133C,YGL227W,0,-8.408337,0.0939086303114891,0.9990000128746033,0.9639000296592712
YBR043C,YBR214W,0,-8.408905,0.09389980137348175,0.9990000128746033,0.9639999866485596
YPL209C,YBR199W,0,-8.410345,0.09389097988605499,0.9990000128746033,0.9641000032424927
YDR166C,YML027W,0,-8.413409,0.09388215094804764,0.9990000128746033,0.9642000198364258
YDR270W,YHR133C,0,-8.413645,0.09387332946062088,0.9990000128746033,0.9642999768257141
YHR059W,YGR010W,0,-8.41624,0.09386451542377472,0.9990000128746033,0.9643999934196472
YJL003W,YPR124W,0,-8.41703,0.09385569393634796,0.9990000128746033,0.9645000100135803
YGR268C,YDR427W,0,-8.417412,0.0938468798995018,0.9990000128746033,0.9646000266075134
YDL045C,YEL034W,0,-8.42047,0.09383805841207504,0.9990000128746033,0.9646999835968018
YNL117W,YGL067W,0,-8.422526,0.09382924437522888,0.9990000128746033,0.9648000001907349
YGR225W,YIR021W,0,-8.423515,0.09382043778896332,0.9990000128746033,0.964900016784668
YOL080C,YKL099C,0,-8.424761,0.09381162375211716,0.9990000128746033,0.9649999737739563
YGR200C,YBR061C,0,-8.426362,0.09380281716585159,0.9990000128746033,0.9650999903678894
YCR020C,YLR340W,0,-8.426484,0.09379401057958603,0.9990000128746033,0.9652000069618225
YPL098C,YER024W,0,-8.426679,0.09378520399332047,0.9990000128746033,0.9653000235557556
YOR180C,YDL028C,0,-8.4312725,0.0937763974070549,0.9990000128746033,0.965399980545044
YPL135W,YNL279W,0,-8.431619,0.09376759827136993,0.9990000128746033,0.965499997138977
YKL201C,YPL106C,0,-8.432432,0.09375879913568497,0.9990000128746033,0.9656000137329102
YOR113W,YDR296W,0,-8.435336,0.09375,0.9990000128746033,0.9656999707221985
YOR136W,YKL141W,0,-8.435802,0.09374120086431503,0.9990000128746033,0.9657999873161316
YDR244W,YBR214W,0,-8.436554,0.09373240917921066,0.9990000128746033,0.9659000039100647
YNL274C,YKL081W,0,-8.438443,0.09372361749410629,0.9990000128746033,0.9660000205039978
YNL278W,YDR268W,0,-8.439222,0.09371481835842133,0.9990000128746033,0.9660999774932861
YFR053C,YFL036W,0,-8.444144,0.09370603412389755,0.9990000128746033,0.9661999940872192
YMR091C,YBL075C,0,-8.444748,0.09369724243879318,0.9990000128746033,0.9663000106811523
YDL046W,YHR111W,0,-8.445269,0.09368845820426941,0.9990000128746033,0.9664000272750854
YDR294C,YGL037C,0,-8.445875,0.09367966651916504,0.9990000128746033,0.9664999842643738
YGL005C,YDR077W,0,-8.447852,0.09367088973522186,0.9990000128746033,0.9666000008583069
YGR209C,YGR241C,0,-8.448431,0.09366210550069809,0.9990000128746033,0.96670001745224
YDL029W,YKL012W,0,-8.451112,0.09365332126617432,0.9990000128746033,0.9667999744415283
YLR212C,YNL160W,0,-8.451591,0.09364454448223114,0.9990000128746033,0.9668999910354614
YJR121W,YJR144W,0,-8.451901,0.09363576769828796,0.9990000128746033,0.9670000076293945
YEL018W,YKL188C,0,-8.453695,0.09362699091434479,0.9990000128746033,0.9671000242233276
YBR256C,YDR091C,0,-8.456402,0.09361821413040161,0.9990000128746033,0.967199981212616
YLR254C,YIL039W,0,-8.463063,0.09360944479703903,0.9990000128746033,0.9672999978065491
YPL012W,YGL208W,0,-8.46488,0.09360067546367645,0.9990000128746033,0.9674000144004822
YML057W,YKR054C,0,-8.46804,0.09359190613031387,0.9990000128746033,0.9674999713897705
YGR142W,YDR150W,0,-8.4735985,0.0935831367969513,0.9990000128746033,0.9675999879837036
YNL128W,YCR061W,0,-8.476355,0.09357437491416931,0.9990000128746033,0.9677000045776367
YMR220W,YEL041W,0,-8.4771595,0.09356560558080673,0.9990000128746033,0.9678000211715698
YDR021W,YNL093W,0,-8.479828,0.09355684369802475,0.9990000128746033,0.9678999781608582
YLR284C,YJL219W,0,-8.480343,0.09354808181524277,0.9990000128746033,0.9679999947547913
YDR214W,YPL193W,0,-8.480984,0.09353932738304138,0.9990000128746033,0.9681000113487244
YMR281W,YDR323C,0,-8.482472,0.0935305655002594,0.9990000128746033,0.9682000279426575
YDR171W,YKL020C,0,-8.49167,0.09352181106805801,0.9990000128746033,0.9682999849319458
YNL307C,YBR183W,0,-8.492273,0.09351305663585663,0.9990000128746033,0.9684000015258789
YPR030W,YPL243W,0,-8.493835,0.09350430220365524,0.9990000128746033,0.968500018119812
YDL247W,YOL129W,0,-8.494419,0.09349555522203445,0.9990000128746033,0.9685999751091003
YLR418C,YCL040W,0,-8.49682,0.09348680824041367,0.9990000128746033,0.9686999917030334
YLL060C,YPL097W,0,-8.49814,0.09347805380821228,0.9990000128746033,0.9688000082969666
YPR001W,YJL062W,0,-8.499065,0.09346931427717209,0.9990000128746033,0.9689000248908997
YPL196W,YCL054W,0,-8.499718,0.0934605672955513,0.9990000128746033,0.968999981880188
YMR250W,YGL098W,0,-8.500818,0.09345182776451111,0.9990000128746033,0.9690999984741211
YMR276W,YBR298C,0,-8.502034,0.09344308078289032,0.9990000128746033,0.9692000150680542
YMR056C,YER161C,0,-8.504011,0.09343434125185013,0.9990000128746033,0.9692999720573425
YBR260C,YBL106C,0,-8.504891,0.09342560917139053,0.9990000128746033,0.9693999886512756
YLR044C,YDR076W,0,-8.505883,0.09341686964035034,0.9990000128746033,0.9695000052452087
YLL026W,YCR035C,0,-8.509611,0.09340813755989075,0.9990000128746033,0.9696000218391418
YLR109W,YDR425W,0,-8.510441,0.09339939802885056,0.9990000128746033,0.9696999788284302
YDR171W,YHR099W,0,-8.510586,0.09339067339897156,0.9990000128746033,0.9697999954223633
YCL014W,YKL089W,0,-8.514992,0.09338194131851196,0.9990000128746033,0.9699000120162964
YNR019W,YOR027W,0,-8.516207,0.09337320923805237,0.9990000128746033,0.9700000286102295
YGL253W,YLR466W,0,-8.516438,0.09336448460817337,0.9990000128746033,0.9700999855995178
YPL100W,YDL188C,0,-8.522857,0.09335575997829437,0.9990000128746033,0.9702000021934509
YGR268C,YNL210W,0,-8.523943,0.09334703534841537,0.9990000128746033,0.970300018787384
YOR173W,YPL212C,0,-8.524543,0.09333831816911697,0.9990000128746033,0.9703999757766724
YEL029C,YKL026C,0,-8.528542,0.09332959353923798,0.9990000128746033,0.9704999923706055
YJR025C,YNL112W,0,-8.528619,0.09332087635993958,0.9990000128746033,0.9706000089645386
YKL001C,YKL059C,0,-8.5314665,0.09331215918064117,0.9990000128746033,0.9707000255584717
YDL230W,YMR190C,0,-8.533668,0.09330344945192337,0.9990000128746033,0.97079998254776
YBR072W,YKR022C,0,-8.535101,0.09329473227262497,0.9990000128746033,0.9708999991416931
YMR011W,YOL122C,0,-8.537266,0.09328602254390717,0.9990000128746033,0.9710000157356262
YNR019W,YPR179C,0,-8.545087,0.09327731281518936,0.9990000128746033,0.9710999727249146
YJL030W,YKL035W,0,-8.546856,0.09326860308647156,0.9990000128746033,0.9711999893188477
YOL164W,YBR043C,0,-8.547947,0.09325989335775375,0.9990000128746033,0.9713000059127808
YDR298C,YDR030C,0,-8.556044,0.09325119107961655,0.9990000128746033,0.9714000225067139
YPL087W,YGR251W,0,-8.557588,0.09324248880147934,0.9990000128746033,0.9714999794960022
YGL181W,YIL039W,0,-8.560709,0.09323378652334213,0.9990000128746033,0.9715999960899353
YGL166W,YNL307C,0,-8.560879,0.09322508424520493,0.9990000128746033,0.9717000126838684
YBR214W,YLR079W,0,-8.566487,0.09321638196706772,0.9990000128746033,0.9718000292778015
YJL013C,YDR260C,0,-8.573689,0.09320768713951111,0.9990000128746033,0.9718999862670898
YIL131C,YMR140W,0,-8.57402,0.0931989923119545,0.9990000128746033,0.972000002861023
YGL035C,YJL048C,0,-8.575033,0.09319029748439789,0.9990000128746033,0.972100019454956
YPL269W,YKL099C,0,-8.578531,0.09318160265684128,0.9990000128746033,0.9721999764442444
YGL047W,YCR086W,0,-8.578878,0.09317291527986526,0.9990000128746033,0.9722999930381775
YCL035C,YER068W,0,-8.5804825,0.09316422790288925,0.9990000128746033,0.9724000096321106
YOR206W,YGL208W,0,-8.5820675,0.09315554052591324,0.9990000128746033,0.9725000262260437
YNR007C,YPR024W,0,-8.58293,0.09314685314893723,0.9990000128746033,0.972599983215332
YPL249C,YER021W,0,-8.583225,0.09313816577196121,0.9990000128746033,0.9726999998092651
YPR100W,YER053C,0,-8.583377,0.0931294858455658,0.9990000128746033,0.9728000164031982
YLR276C,YCR061W,0,-8.58352,0.09312080591917038,0.9990000128746033,0.9728999733924866
YGR254W,YPR186C,0,-8.588287,0.09311212599277496,0.9990000128746033,0.9729999899864197
YCR091W,YMR267W,0,-8.588496,0.09310344606637955,0.9990000128746033,0.9731000065803528
YPL269W,YHR170W,0,-8.593191,0.09309477359056473,0.9990000128746033,0.9732000231742859
YCL040W,YBR276C,0,-8.593878,0.09308610111474991,0.9990000128746033,0.9732999801635742
YER119C,YNL151C,0,-8.59704,0.09307742118835449,0.9990000128746033,0.9733999967575073
YMR032W,YBR280C,0,-8.598658,0.09306875616312027,0.9990000128746033,0.9735000133514404
YNR019W,YGR013W,0,-8.600246,0.09306008368730545,0.9990000128746033,0.9735999703407288
YFR053C,YDR075W,0,-8.600406,0.09305141866207123,0.9990000128746033,0.9736999869346619
YPL018W,YAL034W-A,0,-8.601168,0.09304274618625641,0.9990000128746033,0.973800003528595
YGL068W,YKL178C,0,-8.612708,0.09303408116102219,0.9990000128746033,0.9739000201225281
YBR207W,YNL317W,0,-8.613541,0.09302542358636856,0.9990000128746033,0.9739999771118164
YBR029C,YCL040W,0,-8.62324,0.09301675856113434,0.9990000128746033,0.9740999937057495
YLR411W,YOL116W,0,-8.631443,0.09300810098648071,0.9990000128746033,0.9742000102996826
YDR085C,YPR030W,0,-8.638233,0.09299944341182709,0.9990000128746033,0.9743000268936157
YPR005C,YOR103C,0,-8.642725,0.09299078583717346,0.9990000128746033,0.974399983882904
YER053C,YMR190C,0,-8.6445675,0.09298212826251984,0.9990000128746033,0.9745000004768372
YNL331C,YGR280C,0,-8.646688,0.09297347813844681,0.9990000128746033,0.9746000170707703
YJR090C,YGL205W,0,-8.647289,0.09296482056379318,0.9990000128746033,0.9746999740600586
YAL056W,YKL035W,0,-8.647489,0.09295617043972015,0.9990000128746033,0.9747999906539917
YLR284C,YGR008C,0,-8.647527,0.09294752776622772,0.9990000128746033,0.9749000072479248
YDL099W,YEL060C,0,-8.649133,0.0929388776421547,0.9990000128746033,0.9750000238418579
YBR085W,YER083C,0,-8.649705,0.09293023496866226,0.9990000128746033,0.9750999808311462
YBL078C,YPR016C,0,-8.650565,0.09292159229516983,0.9990000128746033,0.9751999974250793
YKL026C,YBL061C,0,-8.65064,0.0929129496216774,0.9990000128746033,0.9753000140190125
YIL036W,YHR160C,0,-8.654054,0.09290430694818497,0.9990000128746033,0.9753999710083008
YGR188C,YMR179W,0,-8.656036,0.09289566427469254,0.9990000128746033,0.9754999876022339
YGL073W,YPR188C,0,-8.65866,0.0928870290517807,0.9990000128746033,0.975600004196167
YCR010C,YBR298C,0,-8.661749,0.09287839382886887,0.9990000128746033,0.9757000207901001
YGL001C,YOR136W,0,-8.6644945,0.09286975860595703,0.9990000128746033,0.9757999777793884
YPR065W,YNL070W,0,-8.666496,0.0928611233830452,0.9990000128746033,0.9758999943733215
YHR165C,YJL048C,0,-8.66959,0.09285249561071396,0.9990000128746033,0.9760000109672546
YDR359C,YOL128C,0,-8.671418,0.09284386783838272,0.9990000128746033,0.9761000275611877
YNL331C,YPL046C,0,-8.673216,0.09283524006605148,0.9990000128746033,0.9761999845504761
YOL126C,YDR162C,0,-8.673504,0.09282661229372025,0.9990000128746033,0.9763000011444092
YGR238C,YDR479C,0,-8.673622,0.09281798452138901,0.9990000128746033,0.9764000177383423
YBL078C,YLR007W,0,-8.674852,0.09280936419963837,0.9990000128746033,0.9764999747276306
YML008C,YHR161C,0,-8.675716,0.09280074387788773,0.9990000128746033,0.9765999913215637
YDL247W,YNL044W,0,-8.676084,0.09279212355613708,0.9990000128746033,0.9767000079154968
YML049C,YJR156C,0,-8.684561,0.09278350323438644,0.9990000128746033,0.9768000245094299
YDL142C,YBR179C,0,-8.685313,0.0927748903632164,0.9990000128746033,0.9768999814987183
YHR015W,YKR002W,1,-8.687044,0.09285913407802582,1.0,0.9768999814987183
YLR215C,YGR088W,0,-8.688282,0.09285051375627518,1.0,0.9769999980926514
YDL045C,YNL072W,0,-8.689592,0.09284189343452454,1.0,0.9771000146865845
YOL065C,YDR285W,0,-8.690704,0.0928332731127739,1.0,0.9771999716758728
YMR250W,YNL070W,0,-8.691118,0.09282465279102325,1.0,0.9772999882698059
YBR026C,YIL051C,0,-8.69194,0.09281603991985321,1.0,0.977400004863739
YGR133W,YOR162C,0,-8.696316,0.09280742704868317,1.0,0.9775000214576721
YNL133C,YHR016C,0,-8.696456,0.09279881417751312,1.0,0.9775999784469604
YGR008C,YCR084C,0,-8.69651,0.09279020130634308,1.0,0.9776999950408936
YHR075C,YKL196C,0,-8.701306,0.09278158843517303,1.0,0.9778000116348267
YBR072W,YPL031C,0,-8.702446,0.09277298301458359,1.0,0.9779000282287598
YMR041C,YCL031C,0,-8.702654,0.09276437759399414,1.0,0.9779999852180481
YNR001C,YPL119C,0,-8.706941,0.0927557721734047,1.0,0.9781000018119812
YPL100W,YDL085W,0,-8.710218,0.09274717420339584,1.0,0.9782000184059143
YFL014W,YHR102W,0,-8.721378,0.0927385687828064,1.0,0.9782999753952026
YMR173W,YJL065C,0,-8.72304,0.09272997081279755,1.0,0.9783999919891357
YPL117C,YOR347C,0,-8.724101,0.0927213728427887,1.0,0.9785000085830688
YBR109C,YOR348C,0,-8.72434,0.09271277487277985,1.0,0.978600025177002
YIL097W,YKL056C,0,-8.724541,0.09270418435335159,1.0,0.9786999821662903
YOR028C,YDR358W,0,-8.726042,0.09269558638334274,1.0,0.9787999987602234
YPL270W,YHR106W,0,-8.729704,0.09268699586391449,1.0,0.9789000153541565
YNR001C,YGL151W,0,-8.730971,0.09267840534448624,1.0,0.9789999723434448
YER073W,YGR213C,0,-8.736449,0.09266981482505798,1.0,0.9790999889373779
YDR358W,YNR023W,0,-8.736554,0.09266123175621033,1.0,0.979200005531311
YOR347C,YNL244C,0,-8.748083,0.09265264868736267,1.0,0.9793000221252441
YNL101W,YDR342C,0,-8.752749,0.09264405816793442,1.0,0.9793999791145325
YJR002W,YKL009W,0,-8.756579,0.09263548254966736,1.0,0.9794999957084656
YDL137W,YHR111W,0,-8.757406,0.0926268994808197,1.0,0.9796000123023987
YOR361C,YBR183W,0,-8.760717,0.09261831641197205,1.0,0.9797000288963318
YOL145C,YFL014W,0,-8.76644,0.09260974079370499,1.0,0.9797999858856201
YCR005C,YBR257W,0,-8.767645,0.09260116517543793,1.0,0.9799000024795532
YIL033C,YHR081W,0,-8.773224,0.09259258955717087,1.0,0.9800000190734863
YJL042W,YGR147C,0,-8.773746,0.0925840213894844,1.0,0.9800999760627747
YDL200C,YIL066C,0,-8.776047,0.09257544577121735,1.0,0.9801999926567078
YDL149W,YMR140W,0,-8.776513,0.09256687760353088,1.0,0.9803000092506409
YHR059W,YLR011W,0,-8.776762,0.09255830943584442,1.0,0.980400025844574
YNL159C,YHR061C,0,-8.779841,0.09254974871873856,1.0,0.9804999828338623
YJL062W,YKR053C,0,-8.780766,0.0925411805510521,1.0,0.9805999994277954
YLR148W,YBL034C,0,-8.782318,0.09253261983394623,1.0,0.9807000160217285
YDR258C,YGL208W,0,-8.78275,0.09252405911684036,1.0,0.9807999730110168
YHR072W,YGL096W,0,-8.783697,0.0925154983997345,1.0,0.98089998960495
YBL015W,YNL047C,0,-8.783977,0.09250693768262863,1.0,0.9810000061988831
YDR358W,YIL122W,0,-8.793213,0.09249838441610336,1.0,0.9811000227928162
YHR082C,YPR065W,0,-8.795795,0.0924898236989975,1.0,0.9811999797821045
YBR247C,YGR161C,0,-8.797324,0.09248127043247223,1.0,0.9812999963760376
YDR388W,YGR008C,0,-8.797367,0.09247271716594696,1.0,0.9814000129699707
YHR072W,YPL196W,0,-8.807847,0.09246417135000229,1.0,0.9815000295639038
YHL047C,YBR026C,0,-8.809256,0.09245561808347702,1.0,0.9815999865531921
YHR011W,YDR485C,0,-8.810036,0.09244707226753235,1.0,0.9817000031471252
YML080W,YGR161C,0,-8.813084,0.09243852645158768,1.0,0.9818000197410583
YDR258C,YMR188C,0,-8.82062,0.092429980635643,1.0,0.9818999767303467
YHR157W,YJL012C,0,-8.822047,0.09242144227027893,1.0,0.9819999933242798
YDR091C,YOR054C,0,-8.823381,0.09241290390491486,1.0,0.9821000099182129
YDR299W,YKR024C,0,-8.825165,0.09240435808897018,1.0,0.982200026512146
YDR300C,YJL048C,0,-8.829024,0.0923958271741867,1.0,0.9822999835014343
YKR067W,YBL034C,0,-8.830038,0.09238728880882263,1.0,0.9824000000953674
YBR244W,YJR143C,0,-8.836043,0.09237875044345856,1.0,0.9825000166893005
YDR423C,YBR002C,0,-8.8361025,0.09237021952867508,1.0,0.9825999736785889
YNL242W,YEL050C,0,-8.838279,0.0923616886138916,1.0,0.982699990272522
YDR423C,YGR047C,0,-8.839764,0.09235315769910812,1.0,0.9828000068664551
YHR170W,YOR386W,0,-8.84457,0.09234462678432465,1.0,0.9829000234603882
YBR132C,YER068W,0,-8.845503,0.09233610332012177,1.0,0.9829999804496765
YDL247W,YDR328C,0,-8.851515,0.09232757985591888,1.0,0.9830999970436096
YLR068W,YJR097W,0,-8.852891,0.092319056391716,1.0,0.9832000136375427
YOR241W,YBR280C,0,-8.854922,0.09231053292751312,1.0,0.983299970626831
YFR053C,YDR259C,0,-8.859873,0.09230200946331024,1.0,0.9833999872207642
YGR078C,YER053C,0,-8.867281,0.09229349344968796,1.0,0.9835000038146973
YLR397C,YMR309C,0,-8.870179,0.09228497743606567,1.0,0.9836000204086304
YKL092C,YKL204W,0,-8.872267,0.09227646142244339,1.0,0.9836999773979187
YGR256W,YMR314W,0,-8.872329,0.0922679454088211,1.0,0.9837999939918518
YGL205W,YML027W,0,-8.873531,0.09225943684577942,1.0,0.9839000105857849
YOR239W,YPL100W,0,-8.877084,0.09225092083215714,1.0,0.984000027179718
YNR001C,YHR164C,0,-8.878779,0.09224241226911545,1.0,0.9840999841690063
YDR097C,YGL208W,0,-8.881326,0.09223390370607376,1.0,0.9842000007629395
YKR085C,YMR140W,0,-8.884672,0.09222540259361267,1.0,0.9843000173568726
YDR358W,YBL004W,0,-8.887645,0.09221689403057098,1.0,0.9843999743461609
YML078W,YIL160C,0,-8.892479,0.0922083929181099,1.0,0.984499990940094
YFL018C,YDR436W,0,-8.898954,0.0921998918056488,1.0,0.9846000075340271
YKL026C,YHR034C,0,-8.901083,0.09219139069318771,1.0,0.9847000241279602
YFL014W,YJR097W,0,-8.90605,0.09218288958072662,1.0,0.9847999811172485
YJL214W,YPL097W,0,-8.908207,0.09217439591884613,1.0,0.9848999977111816
YDR009W,YDR481C,0,-8.91246,0.09216590225696564,1.0,0.9850000143051147
YDR518W,YDR358W,0,-8.917382,0.09215740114450455,1.0,0.9850999712944031
YLR228C,YGR028W,0,-8.918099,0.09214891493320465,1.0,0.9851999878883362
YIL019W,YLL035W,0,-8.920022,0.09214042127132416,1.0,0.9853000044822693
YDR162C,YLR354C,0,-8.920069,0.09213193506002426,1.0,0.9854000210762024
YPL015C,YLR166C,0,-8.93034,0.09212344884872437,1.0,0.9854999780654907
YGL073W,YOL026C,0,-8.932167,0.09211496263742447,1.0,0.9855999946594238
YDR171W,YOR213C,0,-8.945,0.09210647642612457,1.0,0.9857000112533569
YLR377C,YOR191W,0,-8.948608,0.09209799021482468,1.0,0.98580002784729
YDL243C,YDR365C,0,-8.949144,0.09208951145410538,1.0,0.9858999848365784
YMR092C,YHR081W,0,-8.956013,0.09208103269338608,1.0,0.9860000014305115
YER044C,YHR030C,0,-8.968466,0.09207255393266678,1.0,0.9861000180244446
YBR298C,YOR288C,0,-8.969102,0.09206407517194748,1.0,0.9861999750137329
YDR009W,YJL173C,0,-8.96974,0.09205560386180878,1.0,0.986299991607666
YPL204W,YGR161C,0,-8.973977,0.09204712510108948,1.0,0.9864000082015991
YMR041C,YHR062C,0,-8.9747715,0.09203865379095078,1.0,0.9865000247955322
YKL035W,YDR247W,0,-8.979315,0.09203018248081207,1.0,0.9865999817848206
YNL239W,YLR150W,0,-8.984484,0.09202171862125397,1.0,0.9866999983787537
YDR030C,YJL059W,0,-8.986665,0.09201324731111526,1.0,0.9868000149726868
YDL085W,YOR162C,0,-8.98965,0.09200478345155716,1.0,0.9868999719619751
YNL008C,YHR139C,0,-8.990011,0.09199631959199905,1.0,0.9869999885559082
YDR256C,YEL024W,0,-8.991854,0.09198785573244095,1.0,0.9871000051498413
YPL161C,YPR005C,0,-8.995987,0.09197939932346344,1.0,0.9872000217437744
YML080W,YPR144C,0,-9.004009,0.09197093546390533,1.0,0.9872999787330627
YHR092C,YPR162C,0,-9.00461,0.09196247905492783,1.0,0.9873999953269958
YHR164C,YPR107C,0,-9.006172,0.09195402264595032,1.0,0.987500011920929
YKL092C,YPR181C,0,-9.016737,0.09194556623697281,1.0,0.9876000285148621
YER009W,YER103W,0,-9.017454,0.0919371172785759,1.0,0.9876999855041504
YER054C,YCR067C,0,-9.018694,0.09192866086959839,1.0,0.9878000020980835
YPL078C,YOR120W,0,-9.023585,0.09192021191120148,1.0,0.9879000186920166
YKL026C,YPR046W,0,-9.024677,0.09191176295280457,1.0,0.9879999756813049
YBL015W,YKL126W,0,-9.030267,0.09190331399440765,1.0,0.988099992275238
YKL150W,YOR301W,0,-9.030867,0.09189487248659134,1.0,0.9882000088691711
YAL059W,YEL012W,0,-9.038874,0.09188643097877502,1.0,0.9883000254631042
YJR013W,YCL052C,0,-9.047302,0.09187798947095871,1.0,0.9883999824523926
YDR171W,YOR327C,0,-9.052928,0.0918695479631424,1.0,0.9884999990463257
YKL170W,YJL036W,0,-9.06864,0.09186110645532608,1.0,0.9886000156402588
YLR270W,YKL194C,0,-9.07709,0.09185266494750977,1.0,0.9886999726295471
YHR088W,YER082C,0,-9.077796,0.09184423089027405,1.0,0.9887999892234802
YMR041C,YKL014C,0,-9.085365,0.09183579683303833,1.0,0.9889000058174133
YER143W,YJR033C,0,-9.0861435,0.09182736277580261,1.0,0.9890000224113464
YDR072C,YDR515W,0,-9.0891075,0.09181893616914749,1.0,0.9890999794006348
YCR065W,YLL012W,0,-9.092027,0.09181050211191177,1.0,0.9891999959945679
YDR384C,YBR214W,0,-9.1048355,0.09180207550525665,1.0,0.989300012588501
YDL143W,YGR088W,0,-9.107752,0.09179364889860153,1.0,0.9894000291824341
YPR193C,YER021W,0,-9.117743,0.09178522229194641,1.0,0.9894999861717224
YGL155W,YDR516C,0,-9.128953,0.09177679568529129,1.0,0.9896000027656555
YDR179C,YER053C,0,-9.134607,0.09176837652921677,1.0,0.9897000193595886
YDL142C,YBL034C,0,-9.135855,0.09175995737314224,1.0,0.989799976348877
YHR074W,YER103W,0,-9.136073,0.09175153821706772,1.0,0.9898999929428101
YCL040W,YCR026C,0,-9.139238,0.0917431190609932,1.0,0.9900000095367432
YGL180W,YER012W,0,-9.141432,0.09173469990491867,1.0,0.9901000261306763
YOR173W,YAL032C,0,-9.148619,0.09172628819942474,1.0,0.9901999831199646
YDR037W,YPL123C,0,-9.157219,0.09171787649393082,1.0,0.9902999997138977
YGL001C,YJL089W,0,-9.159517,0.09170946478843689,1.0,0.9904000163078308
YNL210W,YGR179C,0,-9.164061,0.09170105308294296,1.0,0.9904999732971191
YMR250W,YGL255W,0,-9.171486,0.09169264882802963,1.0,0.9905999898910522
YHR086W,YDR515W,0,-9.188351,0.0916842371225357,1.0,0.9907000064849854
YPL078C,YPL087W,0,-9.188972,0.09167583286762238,1.0,0.9908000230789185
YIL142W,YJL036W,0,-9.19395,0.09166742861270905,1.0,0.9908999800682068
YGR289C,YGL096W,0,-9.203461,0.09165903180837631,1.0,0.9909999966621399
YML094W,YNL274C,0,-9.204014,0.09165062755346298,1.0,0.991100013256073
YGL089C,YML019W,0,-9.215329,0.09164223074913025,1.0,0.9911999702453613
YGL219C,YGL093W,0,-9.217775,0.09163383394479752,1.0,0.9912999868392944
YNL239W,YLR448W,0,-9.220656,0.09162543714046478,1.0,0.9914000034332275
YOR317W,YMR267W,0,-9.223483,0.09161704033613205,1.0,0.9915000200271606
YBR072W,YJL048C,0,-9.231812,0.09160865098237991,1.0,0.991599977016449
YIL155C,YLR011W,0,-9.242666,0.09160025417804718,1.0,0.9916999936103821
YPL177C,YJL116C,0,-9.252905,0.09159186482429504,1.0,0.9918000102043152
YLR438C-A,YGL013C,0,-9.252909,0.09158347547054291,1.0,0.9919000267982483
YDR256C,YGL227W,0,-9.257406,0.09157509356737137,1.0,0.9919999837875366
YKL026C,YHR079C,0,-9.279068,0.09156670421361923,1.0,0.9921000003814697
YBL047C,YFL014W,0,-9.284993,0.09155832231044769,1.0,0.9922000169754028
YFL056C,YLR215C,0,-9.289309,0.09154994040727615,1.0,0.9922999739646912
YOL065C,YOR230W,0,-9.295997,0.09154155850410461,1.0,0.9923999905586243
YPR193C,YJR104C,0,-9.318155,0.09153318405151367,1.0,0.9925000071525574
YOR347C,YDR202C,0,-9.323147,0.09152480214834213,1.0,0.9926000237464905
YDL149W,YBR035C,0,-9.329459,0.09151642769575119,1.0,0.9926999807357788
YKR024C,YDR479C,0,-9.33279,0.09150805324316025,1.0,0.9927999973297119
YMR303C,YJR052W,0,-9.350487,0.0914996787905693,1.0,0.992900013923645
YOR265W,YBR280C,0,-9.350612,0.09149131178855896,1.0,0.9929999709129333
YLR377C,YJR077C,0,-9.362777,0.09148293733596802,1.0,0.9930999875068665
YHR175W,YGL124C,0,-9.391722,0.09147457033395767,1.0,0.9932000041007996
YDR358W,YNL206C,0,-9.3948345,0.09146620333194733,1.0,0.9933000206947327
YLR216C,YKL150W,0,-9.396262,0.09145783632993698,1.0,0.993399977684021
YPL269W,YDL003W,0,-9.40494,0.09144947677850723,1.0,0.9934999942779541
YPL188W,YBR214W,0,-9.408472,0.09144110977649689,1.0,0.9936000108718872
YLR270W,YFL017W-A,0,-9.425434,0.09143275022506714,1.0,0.9937000274658203
YOR288C,YIL013C,0,-9.446344,0.09142439067363739,1.0,0.9937999844551086
YGR230W,YFR053C,0,-9.449211,0.09141603112220764,1.0,0.9939000010490417
YER035W,YNL026W,0,-9.468477,0.09140767902135849,1.0,0.9940000176429749
YOL089C,YBR183W,0,-9.473832,0.09139932692050934,1.0,0.9940999746322632
YMR011W,YML120C,0,-9.525158,0.09139096736907959,1.0,0.9941999912261963
YKR024C,YCR072C,0,-9.556322,0.09138262271881104,1.0,0.9943000078201294
YDR163W,YLR377C,0,-9.558918,0.09137427061796188,1.0,0.9944000244140625
YNL037C,YOL026C,0,-9.566089,0.09136591851711273,1.0,0.9944999814033508
YAL059W,YBR273C,0,-9.569494,0.09135757386684418,1.0,0.9945999979972839
YIL097W,YLR223C,0,-9.580371,0.09134922921657562,1.0,0.994700014591217
YJR132W,YPL123C,0,-9.586966,0.09134088456630707,1.0,0.9947999715805054
YGR088W,YML029W,0,-9.596533,0.09133253991603851,1.0,0.9948999881744385
YGR109C,YDL003W,0,-9.6074095,0.09132420271635056,1.0,0.9950000047683716
YML008C,YDR258C,0,-9.609865,0.091315858066082,1.0,0.9951000213623047
YIL019W,YLR068W,0,-9.622025,0.09130752086639404,1.0,0.995199978351593
YBL084C,YGL037C,0,-9.626234,0.09129919111728668,1.0,0.9952999949455261
YDR214W,YLL061W,0,-9.629658,0.09129085391759872,1.0,0.9954000115394592
YDL046W,YNL250W,0,-9.630392,0.09128251671791077,1.0,0.9955000281333923
YJR065C,YDR358W,0,-9.632659,0.0912741869688034,1.0,0.9955999851226807
YBR072W,YLL021W,0,-9.639149,0.09126585721969604,1.0,0.9957000017166138
YGL037C,YDR369C,0,-9.645144,0.09125752747058868,1.0,0.9958000183105469
YCL040W,YLL035W,0,-9.659247,0.09124920517206192,1.0,0.9958999752998352
YOR056C,YGL037C,0,-9.662159,0.09124087542295456,1.0,0.9959999918937683
YBL078C,YJR104C,0,-9.682211,0.0912325531244278,1.0,0.9961000084877014
YDR477W,YBR183W,0,-9.685352,0.09122423082590103,1.0,0.9962000250816345
YHR176W,YBR183W,0,-9.690756,0.09121590852737427,1.0,0.9962999820709229
YGR157W,YHR008C,0,-9.69182,0.0912075862288475,1.0,0.996399998664856
YJR073C,YJL089W,0,-9.729489,0.09119927138090134,1.0,0.9965000152587891
YGL181W,YIL155C,0,-9.735117,0.09119095653295517,1.0,0.9965999722480774
YJR119C,YER041W,0,-9.754952,0.091182641685009,1.0,0.9966999888420105
YMR011W,YPL135W,0,-9.78595,0.09117432683706284,1.0,0.9968000054359436
YMR309C,YJL164C,0,-9.871559,0.09116601198911667,1.0,0.9969000220298767
YDR358W,YDR443C,0,-9.88179,0.0911577045917511,1.0,0.996999979019165
YOR120W,YGL171W,0,-9.888767,0.09114939719438553,1.0,0.9970999956130981
YDR171W,YPL210C,0,-9.890581,0.09114108979701996,1.0,0.9972000122070312
YDR256C,YML120C,0,-9.927294,0.09113278239965439,1.0,0.9973000288009644
YLR284C,YGL205W,0,-9.932594,0.09112447500228882,1.0,0.9973999857902527
YGL119W,YIL155C,0,-9.93387,0.09111617505550385,1.0,0.9975000023841858
YBR085W,YDR297W,0,-9.936359,0.09110787510871887,1.0,0.9976000189781189
YER053C,YAR007C,0,-9.95509,0.0910995751619339,1.0,0.9976999759674072
YOL008W,YCR061W,0,-9.982203,0.09109127521514893,1.0,0.9977999925613403
YFL014W,YPR138C,0,-9.989771,0.09108297526836395,1.0,0.9979000091552734
YGR157W,YPR002W,0,-10.035267,0.09107468277215958,1.0,0.9980000257492065
YMR250W,YER049W,0,-10.075171,0.0910663902759552,1.0,0.9980999827384949
YDR258C,YLR435W,0,-10.092426,0.09105809777975082,1.0,0.998199999332428
YEL060C,YLR354C,0,-10.099488,0.09104980528354645,1.0,0.9983000159263611
YNL274C,YDL153C,0,-10.119041,0.09104151278734207,1.0,0.9983999729156494
YBR072W,YHR197W,0,-10.173872,0.09103322774171829,1.0,0.9984999895095825
YOR120W,YPR191W,0,-10.179406,0.09102494269609451,1.0,0.9986000061035156
YOR244W,YOR348C,0,-10.226114,0.09101665765047073,1.0,0.9987000226974487
YBL078C,YFL038C,0,-10.298405,0.09100837260484695,1.0,0.9987999796867371
YMR081C,YJR010C-A,0,-10.30193,0.09100008755922318,1.0,0.9988999962806702
YOL013C,YGL093W,0,-10.380005,0.09099180996417999,1.0,0.9990000128746033
YLR381W,YPL269W,0,-10.409504,0.09098353236913681,1.0,0.9991000294685364
YOL126C,YPL171C,0,-10.448023,0.09097525477409363,1.0,0.9991999864578247
YNL027W,YPR030W,0,-10.488733,0.09096697717905045,1.0,0.9993000030517578
YOR173W,YIL125W,0,-10.537909,0.09095870703458786,1.0,0.9994000196456909
YGL029W,YHR016C,0,-10.640372,0.09095042943954468,1.0,0.9994999766349792
YML075C,YDL085W,0,-10.666521,0.09094215929508209,1.0,0.9995999932289124
YKR034W,YNL210W,0,-10.667935,0.0909338891506195,1.0,0.9997000098228455
YPR030W,YKL085W,0,-10.856663,0.09092562645673752,1.0,0.9998000264167786
YBR244W,YEL060C,0,-11.0876255,0.09091735631227493,1.0,0.9998999834060669
YKL185W,YML048W,0,-11.59189,0.09090909361839294,1.0,1.0
