Gene A,Gene B,Label,Score,Precision,Recall,False Positive Rate
YDR184C,YPL012W,0,4.309824,0.0,0.0,0.00010006003867601976
YLR051C,YIL096C,0,4.2375107,0.0,0.0,0.00020012007735203952
YKR056W,YIL019W,0,4.0576434,0.0,0.0,0.00030018010875210166
YDR398W,YER127W,0,3.9806292,0.0,0.0,0.00040024015470407903
YGR280C,YLL008W,0,3.9393103,0.0,0.0,0.0005003002006560564
YIL096C,YDR184C,0,3.921024,0.0,0.0,0.0006003602175042033
YKR056W,YDL112W,1,3.7550402,0.1428571492433548,0.000994035741314292,0.0006003602175042033
YOL124C,YDR165W,1,3.7069879,0.25,0.001988071482628584,0.0006003602175042033
YMR049C,YIL091C,0,3.610333,0.2222222238779068,0.001988071482628584,0.0007004202343523502
YDR120C,YDL051W,1,3.597324,0.30000001192092896,0.0029821074567735195,0.0007004202343523502
YDR120C,YPL086C,1,3.5367558,0.3636363744735718,0.003976142965257168,0.0007004202343523502
YPL207W,YDR165W,1,3.4988332,0.4166666567325592,0.004970178939402103,0.0007004202343523502
YNL023C,YML080W,0,3.451755,0.38461539149284363,0.004970178939402103,0.0008004803094081581
YDR449C,YNL186W,0,3.3604367,0.3571428656578064,0.004970178939402103,0.000900540326256305
YBR061C,YJL125C,1,3.345666,0.4000000059604645,0.005964214913547039,0.000900540326256305
YOL125W,YJL125C,1,3.3302867,0.4375,0.006958250422030687,0.000900540326256305
YDR165W,YDL051W,1,3.3244271,0.47058823704719543,0.007952285930514336,0.000900540326256305
YDR120C,YJL125C,1,3.3140109,0.5,0.008946321904659271,0.000900540326256305
YDL051W,YML014W,1,3.3138254,0.5263158082962036,0.009940357878804207,0.000900540326256305
YHR062C,YDR165W,1,3.3061428,0.550000011920929,0.010934393852949142,0.000900540326256305
YFL001W,YJL125C,1,3.2916954,0.5714285969734192,0.011928429827094078,0.000900540326256305
YOL125W,YDR165W,1,3.2709796,0.5909090638160706,0.012922464869916439,0.000900540326256305
YJL125C,YNR015W,1,3.2708886,0.6086956262588501,0.013916500844061375,0.000900540326256305
YMR049C,YLR003C,0,3.2699583,0.5833333134651184,0.013916500844061375,0.0010006004013121128
YJL125C,YPL086C,1,3.2651653,0.6000000238418579,0.01491053681820631,0.0010006004013121128
YLR435W,YKR081C,0,3.256191,0.5769230723381042,0.01491053681820631,0.0011006604181602597
YKR056W,YPL086C,1,3.2305613,0.5925925970077515,0.01590457186102867,0.0011006604181602597
YOL124C,YML080W,1,3.2156441,0.6071428656578064,0.016898607835173607,0.0011006604181602597
YDR165W,YOR243C,1,3.1802354,0.6206896305084229,0.017892643809318542,0.0011006604181602597
YOL124C,YPL126W,0,3.1758797,0.6000000238418579,0.017892643809318542,0.0012007204350084066
YKR056W,YGR200C,1,3.167606,0.6129032373428345,0.018886679783463478,0.0012007204350084066
YPL239W,YER002W,0,3.1629648,0.59375,0.018886679783463478,0.0013007804518565536
YOR260W,YPL217C,0,3.1518428,0.5757575631141663,0.018886679783463478,0.0014008404687047005
YBR155W,YNL113W,0,3.145065,0.5588235259056091,0.018886679783463478,0.0015009004855528474
YDR120C,YDR165W,1,3.0911057,0.5714285969734192,0.019880715757608414,0.0015009004855528474
YOR001W,YDR120C,1,3.0867584,0.5833333134651184,0.02087475173175335,0.0015009004855528474
YKL009W,YPL126W,0,3.0639563,0.5675675868988037,0.02087475173175335,0.0016009606188163161
YDL112W,YGR200C,1,3.037598,0.5789473652839661,0.021868787705898285,0.0016009606188163161
YPL207W,YJL125C,1,3.0291615,0.5897436141967773,0.02286282368004322,0.0016009606188163161
YKL191W,YPL207W,0,3.0234032,0.574999988079071,0.02286282368004322,0.001701020635664463
YOR001W,YJL125C,1,3.001829,0.5853658318519592,0.023856859654188156,0.001701020635664463
YBR061C,YML080W,1,2.983025,0.5952380895614624,0.024850893765687943,0.001701020635664463
YNR024W,YDR110W,0,2.9797852,0.5813953280448914,0.024850893765687943,0.00180108065251261
YLR409C,YOR359W,0,2.9719794,0.5681818127632141,0.024850893765687943,0.0019011406693607569
YDL201W,YPL086C,1,2.9711196,0.5777778029441833,0.025844929739832878,0.0019011406693607569
YDR120C,YGR200C,1,2.9556916,0.5869565010070801,0.026838965713977814,0.0019011406693607569
YKR056W,YDL036C,1,2.939583,0.5957446694374084,0.02783300168812275,0.0019011406693607569
YDL201W,YNL062C,1,2.938381,0.6041666865348816,0.028827037662267685,0.0019011406693607569
YLR401C,YNL062C,1,2.9243898,0.6122449040412903,0.02982107363641262,0.0019011406693607569
YOL124C,YMR229C,0,2.9020646,0.6000000238418579,0.02982107363641262,0.0020012008026242256
YOR243C,YNR015W,1,2.9000397,0.6078431606292725,0.030815109610557556,0.0020012008026242256
YJL098W,YIL127C,0,2.8979623,0.5961538553237915,0.030815109610557556,0.0021012607030570507
YFL001W,YDL112W,1,2.8783553,0.6037735939025879,0.03180914372205734,0.0021012607030570507
YKL110C,YPL212C,1,2.8527238,0.6111111044883728,0.03280318155884743,0.0021012607030570507
YBR257W,YMR059W,1,2.844845,0.6181818246841431,0.033797215670347214,0.0021012607030570507
YOL093W,YGR030C,1,2.8429203,0.625,0.0347912535071373,0.0021012607030570507
YGL099W,YDR110W,0,2.8407118,0.6140350699424744,0.0347912535071373,0.0022013208363205194
YOL093W,YML014W,1,2.8397524,0.6206896305084229,0.035785287618637085,0.0022013208363205194
YNL182C,YGL016W,0,2.8388994,0.6101694703102112,0.035785287618637085,0.0023013807367533445
YPL086C,YOR243C,1,2.8317149,0.6166666746139526,0.03677932545542717,0.0023013807367533445
YKL078W,YPR187W,0,2.8047931,0.6065573692321777,0.03677932545542717,0.0024014408700168133
YNR015W,YPR143W,0,2.7822359,0.5967742204666138,0.03677932545542717,0.002501501003280282
YDR165W,YLR401C,1,2.7795265,0.60317462682724,0.037773359566926956,0.002501501003280282
YBL024W,YLR401C,1,2.7713888,0.609375,0.03876739740371704,0.002501501003280282
YLR405W,YNR046W,1,2.7693937,0.6153846383094788,0.03976143151521683,0.002501501003280282
YJL050W,YOL061W,0,2.764353,0.6060606241226196,0.03976143151521683,0.002601560903713107
YDR123C,YMR239C,0,2.7642782,0.5970149040222168,0.03976143151521683,0.002701621036976576
YML014W,YHR070W,1,2.7555847,0.6029411554336548,0.040755465626716614,0.002701621036976576
YDL201W,YDL112W,1,2.7544425,0.6086956262588501,0.0417495034635067,0.002701621036976576
YLR316C,YKR056W,1,2.7530193,0.6142857074737549,0.042743537575006485,0.002701621036976576
YNR046W,YHR070W,1,2.732134,0.6197183132171631,0.04373757541179657,0.002701621036976576
YOL125W,YDR120C,1,2.7227247,0.625,0.044731609523296356,0.002701621036976576
YBR061C,YDR165W,1,2.7098773,0.6301369667053223,0.04572564736008644,0.002701621036976576
YOL102C,YML080W,1,2.6913235,0.6351351141929626,0.04671968147158623,0.002701621036976576
YJL125C,YBL018C,1,2.6871724,0.6399999856948853,0.04771371930837631,0.002701621036976576
YBL028C,YLR129W,0,2.678569,0.6315789222717285,0.04771371930837631,0.002801680937409401
YBR061C,YGR078C,0,2.6778588,0.6233766078948975,0.04771371930837631,0.0029017410706728697
YDL201W,YNR046W,1,2.6733391,0.6282051205635071,0.0487077534198761,0.0029017410706728697
YDL112W,YML014W,1,2.6639926,0.6329113841056824,0.049701787531375885,0.0029017410706728697
YJL125C,YGL211W,1,2.6639667,0.637499988079071,0.05069582536816597,0.0029017410706728697
YOR001W,YPL212C,1,2.6571705,0.6419752836227417,0.051689859479665756,0.0029017410706728697
YBR060C,YOR145C,0,2.6527312,0.6341463327407837,0.051689859479665756,0.0030018009711056948
YJL011C,YLR009W,0,2.6527236,0.6265060305595398,0.051689859479665756,0.0031018611043691635
YOR001W,YDR165W,1,2.6289923,0.6309523582458496,0.05268389731645584,0.0031018611043691635
YKR056W,YPL101W,1,2.625689,0.6352941393852234,0.05367793142795563,0.0031018611043691635
YJL125C,YHR187W,1,2.6195216,0.6395348906517029,0.05467196926474571,0.0031018611043691635
YDR339C,YPR187W,0,2.611001,0.6321839094161987,0.05467196926474571,0.0032019212376326323
YKL205W,YDL112W,1,2.609513,0.6363636255264282,0.0556660033762455,0.0032019212376326323
YPL146C,YDR266C,0,2.6061604,0.6292135119438171,0.0556660033762455,0.0033019811380654573
YOL010W,YKR024C,0,2.5880058,0.6222222447395325,0.0556660033762455,0.003402041271328926
YOR001W,YKL110C,1,2.5874484,0.6263736486434937,0.056660041213035583,0.003402041271328926
YOL124C,YBL024W,1,2.5856214,0.6304348111152649,0.05765407532453537,0.003402041271328926
YOL093W,YDL051W,1,2.584038,0.6344085931777954,0.058648113161325455,0.003402041271328926
YBL024W,YNL062C,1,2.566875,0.6382978558540344,0.05964214727282524,0.003402041271328926
YLR405W,YBR061C,1,2.5648086,0.6421052813529968,0.06063618138432503,0.003402041271328926
YNR015W,YPL212C,1,2.5631428,0.6458333134651184,0.06163021922111511,0.003402041271328926
YFL001W,YPL086C,1,2.551274,0.6494845151901245,0.0626242533326149,0.003402041271328926
YBR061C,YJL069C,0,2.548169,0.6428571343421936,0.0626242533326149,0.003502101171761751
YOL124C,YGR200C,1,2.5471275,0.6464646458625793,0.06361828744411469,0.003502101171761751
YOL093W,YOR243C,1,2.5450797,0.6499999761581421,0.06461232900619507,0.003502101171761751
YFL001W,YDL201W,1,2.544093,0.6534653306007385,0.06560636311769485,0.003502101171761751
YLR405W,YNR015W,1,2.5349905,0.656862735748291,0.06660039722919464,0.003502101171761751
YGR145W,YNL164C,0,2.5245218,0.6504854559898376,0.06660039722919464,0.00360216130502522
YLR316C,YNL062C,1,2.5219474,0.6538461446762085,0.06759443134069443,0.00360216130502522
YAL033W,YFL001W,1,2.5124133,0.6571428775787354,0.06858847290277481,0.00360216130502522
YNL124W,YNL023C,0,2.505677,0.650943398475647,0.06858847290277481,0.0037022214382886887
YOL010W,YGL078C,0,2.4994943,0.644859790802002,0.06858847290277481,0.0038022813387215137
YLR316C,YLR401C,1,2.494705,0.6481481194496155,0.0695825070142746,0.0038022813387215137
YNL164C,YNL110C,0,2.4933312,0.642201840877533,0.0695825070142746,0.0039023414719849825
YFL001W,YKL110C,1,2.4927986,0.6454545259475708,0.07057654112577438,0.0039023414719849825
YLR405W,YPL212C,1,2.4700453,0.6486486196517944,0.07157057523727417,0.0039023414719849825
YHR062C,YPL207W,1,2.4620626,0.6517857313156128,0.07256460934877396,0.0039023414719849825
YOR274W,YDR120C,1,2.4561527,0.6548672318458557,0.07355865091085434,0.0039023414719849825
YKL082C,YHL026C,0,2.4545507,0.6491228342056274,0.07355865091085434,0.004002401605248451
YNL062C,YBL018C,1,2.4505093,0.6521739363670349,0.07455268502235413,0.004002401605248451
YDL201W,YDL051W,1,2.4489188,0.6551724076271057,0.07554671913385391,0.004002401605248451
YBR126C,YHL021C,0,2.4415348,0.6495726704597473,0.07554671913385391,0.004102461505681276
YDL051W,YPL030W,1,2.435881,0.6525423526763916,0.0765407532453537,0.004102461505681276
YGR078C,YNL023C,0,2.4223073,0.6470588445663452,0.0765407532453537,0.004202521406114101
YDR184C,YMR229C,0,2.4104059,0.6416666507720947,0.0765407532453537,0.004302581772208214
YOL125W,YDL201W,1,2.4072664,0.64462810754776,0.07753479480743408,0.004302581772208214
YLR316C,YOL125W,1,2.4009707,0.6475409865379333,0.07852882891893387,0.004302581772208214
YOR001W,YML014W,1,2.3968549,0.6504064798355103,0.07952286303043365,0.004302581772208214
YAL033W,YKR079C,1,2.3901074,0.6532257795333862,0.08051689714193344,0.004302581772208214
YGL234W,YLR009W,0,2.3892024,0.6480000019073486,0.08051689714193344,0.004402641672641039
YOL093W,YBR061C,1,2.3888357,0.6507936716079712,0.08151093125343323,0.004402641672641039
YDR120C,YPL030W,1,2.3872967,0.6535432934761047,0.08250497281551361,0.004402641672641039
YOR236W,YNR012W,0,2.3761415,0.6484375,0.08250497281551361,0.004502701573073864
YAL033W,YOL061W,0,2.373761,0.643410861492157,0.08250497281551361,0.004602761473506689
YLR384C,YPL207W,1,2.3668687,0.6461538672447205,0.0834990069270134,0.004602761473506689
YGR200C,YLR401C,1,2.3646448,0.6488549709320068,0.08449304103851318,0.004602761473506689
YER146W,YER112W,1,2.3531086,0.6515151262283325,0.08548707515001297,0.004602761473506689
YML080W,YNL292W,1,2.3516848,0.6541353464126587,0.08648111671209335,0.004602761473506689
YKR024C,YDL209C,0,2.3460042,0.6492537260055542,0.08648111671209335,0.0047028218396008015
YHR070W,YBL018C,1,2.344153,0.6518518328666687,0.08747515082359314,0.0047028218396008015
YDR165W,YOR335C,0,2.3349483,0.6470588445663452,0.08747515082359314,0.0048028817400336266
YKL205W,YDL051W,1,2.332468,0.6496350169181824,0.08846918493509293,0.0048028817400336266
YER049W,YOR287C,0,2.3299115,0.6449275612831116,0.08846918493509293,0.004902941640466452
YPL093W,YOL061W,0,2.3297691,0.6402877569198608,0.08846918493509293,0.005003002006560564
YBL024W,YGL211W,1,2.3236601,0.6428571343421936,0.08946321904659271,0.005003002006560564
YBL018C,YPL030W,1,2.321194,0.6453900933265686,0.0904572531580925,0.005003002006560564
YGR200C,YML080W,1,2.3186362,0.6478873491287231,0.09145129472017288,0.005003002006560564
YKL110C,YBL018C,1,2.3178108,0.6503496766090393,0.09244532883167267,0.005003002006560564
YKL144C,YOL061W,0,2.3099308,0.6458333134651184,0.09244532883167267,0.005103061906993389
YFL001W,YNR046W,1,2.3039334,0.6482758522033691,0.09343936294317245,0.005103061906993389
YMR091C,YPR143W,0,2.2955368,0.6438356041908264,0.09343936294317245,0.005203121807426214
YKL205W,YJL125C,1,2.2878208,0.646258533000946,0.09443339705467224,0.005203121807426214
YKL110C,YML014W,1,2.2843351,0.6486486196517944,0.09542743861675262,0.005203121807426214
YGL211W,YNR015W,1,2.2833998,0.6510066986083984,0.09642147272825241,0.005203121807426214
YPL207W,YPL101W,1,2.2817605,0.653333306312561,0.0974155068397522,0.005203121807426214
YJL069C,YGR081C,0,2.2802303,0.6490066051483154,0.0974155068397522,0.005303181707859039
YNL124W,YDR020C,0,2.274552,0.6447368264198303,0.0974155068397522,0.005403242073953152
YBL024W,YML014W,1,2.2704835,0.6470588445663452,0.09840954095125198,0.005403242073953152
YFL001W,YJL087C,1,2.2703736,0.649350643157959,0.09940357506275177,0.005403242073953152
YNL221C,YNR015W,1,2.2699163,0.6516128778457642,0.10039761662483215,0.005403242073953152
YNR046W,YNL221C,1,2.2695818,0.6538461446762085,0.10139165073633194,0.005403242073953152
YLR405W,YNL292W,1,2.2683384,0.656050980091095,0.10238568484783173,0.005403242073953152
YGL050W,YBR061C,1,2.2628543,0.6582278609275818,0.10337971895933151,0.005403242073953152
YLR405W,YDL201W,1,2.2579808,0.6603773832321167,0.1043737605214119,0.005403242073953152
YGL050W,YML080W,1,2.2557669,0.6625000238418579,0.10536779463291168,0.005403242073953152
YDL112W,YLR430W,1,2.2537947,0.6645962595939636,0.10636182874441147,0.005403242073953152
YDL051W,YLR401C,1,2.248076,0.6666666865348816,0.10735586285591125,0.005403242073953152
YDL201W,YPL101W,1,2.2465894,0.6687116622924805,0.10834989696741104,0.005403242073953152
YOL125W,YHR187W,1,2.2445395,0.6707317233085632,0.10934393852949142,0.005403242073953152
YBR257W,YKR079C,1,2.2408698,0.6727272868156433,0.11033797264099121,0.005403242073953152
YLR073C,YOR355W,0,2.2289064,0.6686747074127197,0.11033797264099121,0.005503301974385977
YFL001W,YKR079C,1,2.2241223,0.6706587076187134,0.111332006752491,0.005503301974385977
YER127W,YEL018W,0,2.2207735,0.6666666865348816,0.111332006752491,0.005603361874818802
YLR405W,YKL205W,1,2.2181432,0.668639063835144,0.11232604086399078,0.005603361874818802
YHR066W,YJR070C,0,2.214059,0.6647058725357056,0.11232604086399078,0.005703422240912914
YJL066C,YPR160W,0,2.2140458,0.6608186960220337,0.11232604086399078,0.005803482141345739
YGL211W,YBL018C,1,2.210355,0.6627907156944275,0.11332008242607117,0.005803482141345739
YDR120C,YGL211W,1,2.2054455,0.6647399067878723,0.11431411653757095,0.005803482141345739
YKR092C,YGR264C,0,2.2039745,0.6609195470809937,0.11431411653757095,0.0059035420417785645
YOL125W,YNL292W,1,2.192592,0.6628571152687073,0.11530815064907074,0.0059035420417785645
YOL124C,YPL212C,1,2.1914713,0.6647727489471436,0.11630218476057053,0.0059035420417785645
YPL101W,YPL086C,1,2.189777,0.6666666865348816,0.11729622632265091,0.0059035420417785645
YGR030C,YOL124C,1,2.1835082,0.6685393452644348,0.1182902604341507,0.0059035420417785645
YBR061C,YNR046W,1,2.1826007,0.6703910827636719,0.11928429454565048,0.0059035420417785645
YKR056W,YGL211W,1,2.1761897,0.6722221970558167,0.12027832865715027,0.0059035420417785645
YGR200C,YBL024W,1,2.1700246,0.6740331649780273,0.12127236276865005,0.0059035420417785645
YBR202W,YOR361C,0,2.168373,0.6703296899795532,0.12127236276865005,0.0060036019422113895
YJL011C,YDR097C,0,2.168245,0.6666666865348816,0.12127236276865005,0.006103662308305502
YBR155W,YIL158W,0,2.1659741,0.6630434989929199,0.12127236276865005,0.006203722208738327
YNL282W,YHR070W,1,2.1620452,0.6648648381233215,0.12226640433073044,0.006203722208738327
YLL008W,YOR274W,0,2.1598887,0.6612903475761414,0.12226640433073044,0.006303782109171152
YGL099W,YNL095C,0,2.1577764,0.6577540040016174,0.12226640433073044,0.0064038424752652645
YBR257W,YML005W,1,2.1576862,0.6595744490623474,0.12326043844223022,0.0064038424752652645
YML080W,YER112W,1,2.1547022,0.6613756418228149,0.12425447255373001,0.0064038424752652645
YOL115W,YML065W,0,2.134568,0.6578947305679321,0.12425447255373001,0.00650390237569809
YOR001W,YBL018C,1,2.1326385,0.6596858501434326,0.1252485066652298,0.00650390237569809
YGR030C,YDL201W,1,2.1321988,0.6614583134651184,0.12624254822731018,0.00650390237569809
YGR030C,YPL086C,1,2.1248083,0.6632124185562134,0.12723657488822937,0.00650390237569809
YBR061C,YOR310C,0,2.1246994,0.6597937941551208,0.12723657488822937,0.006603962276130915
YDL201W,YKR079C,1,2.1232963,0.6615384817123413,0.12823061645030975,0.006603962276130915
YMR312W,YDL201W,1,2.1212099,0.6632652878761292,0.12922465801239014,0.006603962276130915
YBR238C,YBL068W,0,2.1144571,0.6598984599113464,0.12922465801239014,0.006704022642225027
YKR079C,YPL086C,1,2.1141171,0.6616161465644836,0.13021868467330933,0.006704022642225027
YAL033W,YDR120C,1,2.1140187,0.6633166074752808,0.1312127262353897,0.006704022642225027
YGL211W,YNL292W,1,2.1033437,0.6650000214576721,0.1322067528963089,0.006704022642225027
YMR059W,YOR091W,0,2.0975354,0.6616915464401245,0.1322067528963089,0.006804082542657852
YBR257W,YNR015W,1,2.095256,0.6633663177490234,0.13320079445838928,0.006804082542657852
YGL050W,YHR187W,1,2.095186,0.6650246381759644,0.13419483602046967,0.006804082542657852
YLR316C,YDL051W,1,2.0884178,0.6666666865348816,0.13518886268138885,0.006804082542657852
YGR276C,YKR056W,1,2.08814,0.6682927012443542,0.13618290424346924,0.006804082542657852
YKR056W,YOL102C,1,2.0846522,0.6699029207229614,0.13717694580554962,0.006804082542657852
YOR004W,YNL050C,0,2.083675,0.6666666865348816,0.13717694580554962,0.006904142443090677
YOR115C,YGR033C,0,2.0800574,0.6634615659713745,0.13717694580554962,0.007004202343523502
YLR384C,YML014W,1,2.0778134,0.6650717854499817,0.1381709724664688,0.007004202343523502
YHR062C,YDL112W,1,2.0776002,0.6666666865348816,0.1391650140285492,0.007004202343523502
YPL212C,YDR361C,0,2.0762286,0.6635071039199829,0.1391650140285492,0.007104262709617615
YDL201W,YLR430W,1,2.0761783,0.6650943160057068,0.14015904068946838,0.007104262709617615
YAL033W,YDR378C,1,2.0756629,0.6666666865348816,0.14115308225154877,0.007104262709617615
YDL036C,YNL292W,1,2.0741189,0.6682242751121521,0.14214712381362915,0.007104262709617615
YKR056W,YGL050W,1,2.0733564,0.669767439365387,0.14314115047454834,0.007104262709617615
YOL093W,YPL212C,1,2.0684931,0.6712962985038757,0.14413519203662872,0.007104262709617615
YBR061C,YHR187W,1,2.0684845,0.6728110313415527,0.1451292186975479,0.007104262709617615
YOL125W,YHR062C,1,2.0682728,0.6743119359016418,0.1461232602596283,0.007104262709617615
YBR074W,YNL110C,0,2.06669,0.6712328791618347,0.1461232602596283,0.00720432261005044
YOL125W,YPL212C,1,2.0664103,0.6727272868156433,0.14711730182170868,0.00720432261005044
YOR319W,YJR055W,0,2.06302,0.6696832776069641,0.14711730182170868,0.007304382510483265
YOR216C,YKL099C,0,2.0620258,0.6666666865348816,0.14711730182170868,0.007404442876577377
YKR079C,YPL030W,1,2.05646,0.6681614518165588,0.14811132848262787,0.007404442876577377
YDL112W,YNL282W,1,2.0549765,0.6696428656578064,0.14910537004470825,0.007404442876577377
YGL243W,YHR187W,1,2.054825,0.6711111068725586,0.15009939670562744,0.007404442876577377
YDR165W,YKL110C,1,2.0521004,0.6725663542747498,0.15109343826770782,0.007404442876577377
YML080W,YJL035C,1,2.049604,0.6740087866783142,0.1520874798297882,0.007404442876577377
YGL255W,YOR145C,0,2.0482724,0.6710526347160339,0.1520874798297882,0.007504502777010202
YMR312W,YDL112W,1,2.047612,0.6724891066551208,0.1530815064907074,0.007504502777010202
YOL093W,YKR079C,1,2.0456567,0.6739130616188049,0.15407554805278778,0.007504502777010202
YLR316C,YNL221C,1,2.0385885,0.6753246784210205,0.15506958961486816,0.007504502777010202
YLR316C,YOR001W,1,2.022425,0.6767241358757019,0.15606361627578735,0.007504502777010202
YGR030C,YBR061C,1,2.0218265,0.6781116127967834,0.15705765783786774,0.007504502777010202
YJR042W,YEL055C,0,2.0204275,0.6752136945724487,0.15705765783786774,0.0076045626774430275
YOR078W,YBL052C,0,2.0067108,0.672340452671051,0.15705765783786774,0.007704622577875853
YHR062C,YBR061C,1,2.0053887,0.6737288236618042,0.15805168449878693,0.007704622577875853
YMR312W,YNL062C,1,2.0025036,0.6751055121421814,0.1590457260608673,0.007704622577875853
YER118C,YJL074C,0,2.0024407,0.6722689270973206,0.1590457260608673,0.007804682943969965
YHR070W,YPL030W,1,2.0017688,0.6736401915550232,0.1600397676229477,0.007804682943969965
YHR062C,YAR008W,1,1.9974023,0.675000011920929,0.16103379428386688,0.007804682943969965
YLR105C,YJL125C,1,1.9961063,0.6763485670089722,0.16202783584594727,0.007804682943969965
YLR068W,YDR266C,0,1.9932228,0.6735537052154541,0.16202783584594727,0.00790474284440279
YKR079C,YNL292W,1,1.9891325,0.6748971343040466,0.16302186250686646,0.00790474284440279
YOL093W,YLR430W,1,1.9881493,0.6762295365333557,0.16401590406894684,0.00790474284440279
YPL207W,YMR059W,1,1.9880224,0.6775510311126709,0.16500994563102722,0.00790474284440279
YDR120C,YLR430W,1,1.9877888,0.6788617968559265,0.1660039722919464,0.00790474284440279
YOL125W,YBL026W,1,1.9877611,0.6801619529724121,0.1669980138540268,0.00790474284440279
YOR274W,YDL051W,1,1.9844085,0.6814516186714172,0.16799204051494598,0.00790474284440279
YAL033W,YPL030W,1,1.9832255,0.6827309131622314,0.16898608207702637,0.00790474284440279
YGR276C,YGL243W,1,1.9816412,0.6840000152587891,0.16998012363910675,0.00790474284440279
YJL125C,YPL212C,1,1.9811364,0.6852589845657349,0.17097415030002594,0.00790474284440279
YKR056W,YER112W,1,1.979632,0.6865079402923584,0.17196819186210632,0.00790474284440279
YNL062C,YNL292W,1,1.9712802,0.687747061252594,0.1729622334241867,0.00790474284440279
YKR056W,YER168C,1,1.966108,0.6889764070510864,0.1739562600851059,0.00790474284440279
YHR062C,YPL030W,1,1.9646443,0.6901960968971252,0.17495030164718628,0.00790474284440279
YLR384C,YPL101W,1,1.9599277,0.69140625,0.17594432830810547,0.00790474284440279
YOL124C,YOL102C,1,1.9594835,0.6926069855690002,0.17693836987018585,0.00790474284440279
YOL093W,YBL026W,1,1.9567708,0.6937984228134155,0.17793241143226624,0.00790474284440279
YNL110C,YOL045W,0,1.9527279,0.6911196708679199,0.17793241143226624,0.008004803210496902
YAR008W,YDL051W,1,1.9512788,0.692307710647583,0.17892643809318542,0.008004803210496902
YDR513W,YBR183W,0,1.945944,0.6896551847457886,0.17892643809318542,0.00810486264526844
YJL122W,YGR074W,0,1.9379269,0.6870229244232178,0.17892643809318542,0.008204923011362553
YJL186W,YML080W,0,1.9371136,0.6844106316566467,0.17892643809318542,0.008304983377456665
YKR072C,YMR014W,0,1.9369127,0.6818181872367859,0.17892643809318542,0.008405042812228203
YOL093W,YER146W,1,1.935223,0.6830188632011414,0.1799204796552658,0.008405042812228203
YLR319C,YLR051C,0,1.9276346,0.6804511547088623,0.1799204796552658,0.008505103178322315
YOL125W,YML005W,1,1.9249755,0.6816479563713074,0.180914506316185,0.008505103178322315
YHR196W,YJL197W,0,1.9199498,0.6791045069694519,0.180914506316185,0.008605163544416428
YOR001W,YOR243C,1,1.9188129,0.6802973747253418,0.18190854787826538,0.008605163544416428
YPL050C,YPR144C,0,1.9109699,0.6777777671813965,0.18190854787826538,0.008705222979187965
YGR085C,YFR031C-A,0,1.91076,0.6752767562866211,0.18190854787826538,0.008805283345282078
YGR280C,YNL111C,0,1.9068753,0.6727941036224365,0.18190854787826538,0.008905342780053616
YBR061C,YKR079C,1,1.9046093,0.6739926934242249,0.18290258944034576,0.008905342780053616
YOL093W,YML005W,1,1.9036771,0.6751824617385864,0.18389661610126495,0.008905342780053616
YLR316C,YKL110C,1,1.8997636,0.6763636469841003,0.18489065766334534,0.008905342780053616
YHL026C,YGL122C,0,1.8967475,0.6739130616188049,0.18489065766334534,0.009005403146147728
YJL069C,YGL113W,0,1.893401,0.671480119228363,0.18489065766334534,0.00910546351224184
YJR031C,YLL004W,0,1.8930292,0.6690647602081299,0.18489065766334534,0.009205522947013378
YDR245W,YEL018W,0,1.8926958,0.6666666865348816,0.18489065766334534,0.00930558331310749
YKR079C,YDR378C,1,1.8918425,0.6678571701049805,0.18588469922542572,0.00930558331310749
YPL086C,YPL011C,0,1.891172,0.6654804348945618,0.18588469922542572,0.009405643679201603
YBR257W,YPL030W,1,1.8882178,0.6666666865348816,0.1868787258863449,0.009405643679201603
YDR395W,YMR288W,0,1.8851286,0.6643109321594238,0.1868787258863449,0.00950570311397314
YLR383W,YDL098C,0,1.8785132,0.6619718074798584,0.1868787258863449,0.009605763480067253
YKR056W,YNL282W,1,1.8754256,0.6631578803062439,0.1878727674484253,0.009605763480067253
YOR001W,YKR079C,1,1.8715886,0.6643356680870056,0.18886679410934448,0.009605763480067253
YGL211W,YHR187W,1,1.8699787,0.6655052304267883,0.18986083567142487,0.009605763480067253
YLR405W,YAR008W,1,1.8675429,0.6666666865348816,0.19085487723350525,0.009605763480067253
YDL121C,YDL042C,0,1.8659977,0.6643598675727844,0.19085487723350525,0.009705823846161366
YDL201W,YMR059W,1,1.8602892,0.665517270565033,0.19184890389442444,0.009705823846161366
YDR120C,YNL282W,1,1.8571378,0.6666666865348816,0.19284294545650482,0.009705823846161366
YKL205W,YNL062C,1,1.8551923,0.6678082346916199,0.193836972117424,0.009705823846161366
YNL282W,YKL110C,1,1.8492845,0.6689419746398926,0.1948310136795044,0.009705823846161366
YIL133C,YEL009C,0,1.8485512,0.6666666865348816,0.1948310136795044,0.009805883280932903
YKL205W,YKL110C,1,1.8422841,0.6677966117858887,0.19582505524158478,0.009805883280932903
YLR405W,YGL211W,1,1.8395869,0.6689189076423645,0.19681908190250397,0.009805883280932903
YKL205W,YBL026W,1,1.8378907,0.6700336933135986,0.19781312346458435,0.009805883280932903
YKL191W,YJR032W,0,1.8368177,0.6677852272987366,0.19781312346458435,0.009905943647027016
YOR243C,YBL026W,1,1.8345041,0.6688963174819946,0.19880715012550354,0.009905943647027016
YDR516C,YMR105C,0,1.8305206,0.6666666865348816,0.19880715012550354,0.010006004013121128
YOR101W,YBR104W,0,1.829198,0.6644518375396729,0.19880715012550354,0.010106063447892666
YPL101W,YKL110C,1,1.8285747,0.6655629277229309,0.19980119168758392,0.010106063447892666
YBR061C,YJL087C,1,1.8229455,0.6666666865348816,0.2007952332496643,0.010106063447892666
YBL018C,YML022W,0,1.8145719,0.6644737124443054,0.2007952332496643,0.010206123813986778
YDR172W,YMR301C,0,1.8124832,0.6622951030731201,0.2007952332496643,0.010306183248758316
YJL125C,YDR378C,1,1.8105794,0.6633986830711365,0.2017892599105835,0.010306183248758316
YOL125W,YKL205W,1,1.8099395,0.6644951105117798,0.20278330147266388,0.010306183248758316
YMR312W,YPL207W,1,1.8066282,0.6655844449996948,0.20377734303474426,0.010306183248758316
YOL125W,YOL141W,1,1.8048636,0.6666666865348816,0.20477136969566345,0.010306183248758316
YKL205W,YBR061C,1,1.8041221,0.6677419543266296,0.20576541125774384,0.010306183248758316
YMR146C,YLR215C,0,1.8010397,0.6655948758125305,0.20576541125774384,0.010406243614852428
YAR008W,YBL018C,1,1.7944771,0.6666666865348816,0.20675943791866302,0.010406243614852428
YOR274W,YNL062C,1,1.7939351,0.6677316427230835,0.2077534794807434,0.010406243614852428
YAR008W,YDL112W,1,1.791175,0.668789803981781,0.2087475210428238,0.010406243614852428
YBR257W,YPL101W,1,1.7910599,0.6698412895202637,0.20974154770374298,0.010406243614852428
YMR312W,YOL102C,1,1.7903808,0.6708860993385315,0.21073558926582336,0.010406243614852428
YDR414C,YLR319C,0,1.7899183,0.6687697172164917,0.21073558926582336,0.01050630398094654
YPL146C,YGL172W,0,1.7884573,0.6666666865348816,0.21073558926582336,0.010606363415718079
YOR274W,YOL124C,1,1.7855691,0.667711615562439,0.21172961592674255,0.010606363415718079
YOL093W,YGL092W,1,1.7832149,0.668749988079071,0.21272365748882294,0.010606363415718079
YBR061C,YBL026W,1,1.7797071,0.6697819232940674,0.21371769905090332,0.010606363415718079
YNL316C,YLR017W,0,1.7774388,0.6677018404006958,0.21371769905090332,0.010706423781812191
YGR200C,YPL212C,1,1.7773634,0.6687306761741638,0.2147117257118225,0.010706423781812191
YMR312W,YNR015W,1,1.7769806,0.6697530746459961,0.2157057672739029,0.010706423781812191
YGL243W,YGL211W,1,1.7755014,0.670769214630127,0.21669979393482208,0.010706423781812191
YOR243C,YPL212C,1,1.7720848,0.6717791557312012,0.21769383549690247,0.010706423781812191
YPL101W,YGR200C,1,1.7703156,0.6727828979492188,0.21868787705898285,0.010706423781812191
YML080W,YAL020C,1,1.7695651,0.6737805008888245,0.21968190371990204,0.010706423781812191
YPL101W,YHR070W,1,1.7676793,0.6747720241546631,0.22067594528198242,0.010706423781812191
YOL125W,YOL066C,1,1.7664193,0.6757575869560242,0.2216699868440628,0.010706423781812191
YPL254W,YOR145C,0,1.7648824,0.6737160086631775,0.2216699868440628,0.010806484147906303
YLL027W,YLL012W,0,1.757885,0.6716867685317993,0.2216699868440628,0.010906543582677841
YOL066C,YDL112W,1,1.7570323,0.672672688961029,0.222664013504982,0.010906543582677841
YBR061C,YNL282W,1,1.7553949,0.673652708530426,0.22365805506706238,0.010906543582677841
YAL033W,YOR001W,1,1.7543238,0.674626886844635,0.22465208172798157,0.010906543582677841
YOL093W,YKL205W,1,1.7533627,0.675595223903656,0.22564612329006195,0.010906543582677841
YKL069W,YOL093W,0,1.7513667,0.6735904812812805,0.22564612329006195,0.011006603948771954
YGR030C,YDL112W,1,1.7494934,0.6745561957359314,0.22664016485214233,0.011006603948771954
YOL102C,YMR059W,1,1.7436627,0.6755162477493286,0.22763419151306152,0.011006603948771954
YLR316C,YGL050W,1,1.7429124,0.6764705777168274,0.2286282330751419,0.011006603948771954
YKL191W,YGR003W,0,1.7416354,0.6744868159294128,0.2286282330751419,0.011106664314866066
YER146W,YHR070W,1,1.7398612,0.6754385828971863,0.2296222597360611,0.011106664314866066
YOR243C,YLL021W,0,1.7385331,0.6734693646430969,0.2296222597360611,0.011206723749637604
YPL211W,YPL254W,0,1.7371494,0.6715116500854492,0.2296222597360611,0.011306784115731716
YOL124C,YML005W,1,1.7344921,0.6724637746810913,0.23061630129814148,0.011306784115731716
YFL001W,YHR187W,1,1.7327646,0.6734104156494141,0.23161034286022186,0.011306784115731716
YGR109C,YNL110C,0,1.7306118,0.6714697480201721,0.23161034286022186,0.011406844481825829
YOR340C,YLR083C,0,1.7282286,0.6695402264595032,0.23161034286022186,0.011506903916597366
YDL201W,YBL026W,1,1.7278894,0.670487105846405,0.23260436952114105,0.011506903916597366
YOL125W,YNL282W,1,1.726029,0.6714285612106323,0.23359841108322144,0.011506903916597366
YER168C,YNR015W,1,1.7260035,0.6723646521568298,0.23459245264530182,0.011506903916597366
YGR200C,YHR187W,1,1.7258621,0.6732954382896423,0.235586479306221,0.011506903916597366
YKR079C,YNR015W,1,1.7209376,0.6742209792137146,0.2365805208683014,0.011506903916597366
YDL051W,YBL026W,1,1.7205622,0.6751412153244019,0.23757454752922058,0.011506903916597366
YOR271C,YPR175W,0,1.7164763,0.6732394099235535,0.23757454752922058,0.011606964282691479
YPL207W,YBL018C,1,1.7123952,0.6741573214530945,0.23856858909130096,0.011606964282691479
YKR079C,YGL211W,1,1.7123878,0.67507004737854,0.23956263065338135,0.011606964282691479
YGL029W,YOL145C,0,1.711464,0.673184335231781,0.23956263065338135,0.011707024648785591
YPL086C,YHR187W,1,1.7111673,0.6740947365760803,0.24055665731430054,0.011707024648785591
YBR254C,YOR253W,0,1.7098657,0.6722221970558167,0.24055665731430054,0.011807084083557129
YGL050W,YJL125C,1,1.7069857,0.673130214214325,0.24155069887638092,0.011807084083557129
YPL212C,YOL142W,0,1.7051163,0.6712707281112671,0.24155069887638092,0.011907144449651241
YFL001W,YNL282W,1,1.7031661,0.6721763014793396,0.2425447255373001,0.011907144449651241
YER171W,YPL210C,0,1.7016296,0.6703296899795532,0.2425447255373001,0.012007203884422779
YMR269W,YBR060C,0,1.6974341,0.6684931516647339,0.2425447255373001,0.012107264250516891
YOR086C,YNL243W,0,1.6973983,0.6666666865348816,0.2425447255373001,0.012207324616611004
YGR276C,YGL050W,1,1.6945829,0.667574942111969,0.2435387670993805,0.012207324616611004
YML065W,YER146W,0,1.6942798,0.66576087474823,0.2435387670993805,0.012307384051382542
YGR033C,YKR081C,0,1.6939443,0.6639566421508789,0.2435387670993805,0.012407444417476654
YOL066C,YDR378C,1,1.693097,0.6648648381233215,0.24453280866146088,0.012407444417476654
YKL205W,YMR059W,1,1.6903151,0.6657682061195374,0.24552683532238007,0.012407444417476654
YER112W,YNL292W,1,1.6898128,0.6666666865348816,0.24652087688446045,0.012407444417476654
YPL008W,YLR068W,0,1.688381,0.6648793816566467,0.24652087688446045,0.012507504783570766
YDR120C,YOL066C,1,1.6881934,0.6657754182815552,0.24751490354537964,0.012507504783570766
YDR120C,YDR378C,1,1.6876992,0.6666666865348816,0.24850894510746002,0.012507504783570766
YER151C,YML082W,0,1.6824011,0.664893627166748,0.24850894510746002,0.012607564218342304
YAR008W,YNL292W,1,1.6815383,0.6657825112342834,0.2495029866695404,0.012607564218342304
YMR059W,YML014W,1,1.6812073,0.6666666865348816,0.2504970133304596,0.012607564218342304
YKL026C,YKL150W,0,1.6780276,0.6649076342582703,0.2504970133304596,0.012707624584436417
YDL112W,YER146W,1,1.6766418,0.6657894849777222,0.2514910399913788,0.012707624584436417
YBR257W,YLR033W,0,1.6756086,0.6640419960021973,0.2514910399913788,0.012807684950530529
YHR170W,YNL085W,0,1.6732482,0.6623036861419678,0.2514910399913788,0.012907744385302067
YDL003W,YKL082C,0,1.6717411,0.6605744361877441,0.2514910399913788,0.01300780475139618
YOL021C,YDR144C,0,1.6708719,0.6588541865348816,0.2514910399913788,0.013107865117490292
YMR091C,YNL290W,0,1.6691896,0.6571428775787354,0.2514910399913788,0.01320792455226183
YBR257W,YER168C,1,1.6686349,0.6580311059951782,0.25248509645462036,0.01320792455226183
YMR312W,YPL101W,1,1.6656166,0.6589147448539734,0.25347912311553955,0.01320792455226183
YBR061C,YJL035C,1,1.6655354,0.6597937941551208,0.25447314977645874,0.01320792455226183
YMR312W,YBL024W,1,1.6618122,0.6606683731079102,0.2554672062397003,0.01320792455226183
YGR030C,YPL212C,1,1.6595148,0.6615384817123413,0.2564612329006195,0.01320792455226183
YLR384C,YBL018C,1,1.6579249,0.6624041199684143,0.2574552595615387,0.01320792455226183
YHR062C,YER168C,1,1.657525,0.6632652878761292,0.2584493160247803,0.01320792455226183
YDR473C,YNL050C,0,1.6544799,0.661577582359314,0.2584493160247803,0.013307984918355942
YLR384C,YOR001W,1,1.6498135,0.6624365448951721,0.25944334268569946,0.013307984918355942
YNL254C,YLR275W,0,1.6495214,0.6607595086097717,0.25944334268569946,0.013408045284450054
YOR207C,YGL050W,0,1.6444131,0.6590909361839294,0.25944334268569946,0.013508104719221592
YLR384C,YNL221C,1,1.6408492,0.6599496006965637,0.26043736934661865,0.013508104719221592
YLR316C,YKR079C,1,1.6406606,0.660804033279419,0.26143142580986023,0.013508104719221592
YCR034W,YOR016C,0,1.6401546,0.6591478586196899,0.26143142580986023,0.013608165085315704
YER168C,YNR046W,1,1.6393584,0.6600000262260437,0.2624254524707794,0.013608165085315704
YPL101W,YML014W,1,1.638156,0.6608479022979736,0.2634194791316986,0.013608165085315704
YGR276C,YDL201W,1,1.637675,0.6616915464401245,0.2644135057926178,0.013608165085315704
YLR405W,YHR187W,1,1.6322821,0.6625310182571411,0.2654075622558594,0.013608165085315704
YLR309C,YKL074C,0,1.6318587,0.6608911156654358,0.2654075622558594,0.013708224520087242
YOL093W,YNL282W,1,1.6316305,0.6617283821105957,0.26640158891677856,0.013708224520087242
YDL036C,YHR070W,1,1.6313097,0.6625615954399109,0.26739561557769775,0.013708224520087242
YBL009W,YPL012W,0,1.6291156,0.6609336733818054,0.26739561557769775,0.013808284886181355
YOL097C,YNL087W,0,1.6285353,0.6593137383460999,0.26739561557769775,0.013908345252275467
YDR178W,YFL014W,0,1.6259545,0.6577017307281494,0.26739561557769775,0.014008404687047005
YJL155C,YGR255C,0,1.6259181,0.6560975313186646,0.26739561557769775,0.014108465053141117
YDR398W,YNL233W,0,1.6244992,0.65450119972229,0.26739561557769775,0.01420852541923523
YGL211W,YLR401C,1,1.6226336,0.655339777469635,0.26838967204093933,0.01420852541923523
YMR059W,YDR165W,1,1.6088413,0.65617436170578,0.2693836987018585,0.01420852541923523
YIL019W,YPL244C,0,1.6082698,0.6545893549919128,0.2693836987018585,0.014308584854006767
YNR024W,YJL197W,0,1.6046506,0.6530120372772217,0.2693836987018585,0.01440864522010088
YJR063W,YIL094C,0,1.6035436,0.651442289352417,0.2693836987018585,0.014508705586194992
YOR274W,YOR243C,1,1.6015538,0.6522781848907471,0.2703777253627777,0.014508705586194992
YGL050W,YDR120C,1,1.6008188,0.6531100273132324,0.2713717818260193,0.014508705586194992
YOR106W,YGR275W,0,1.5994307,0.6515513062477112,0.2713717818260193,0.01460876502096653
YNL282W,YNL292W,1,1.5990659,0.6523809432983398,0.2723658084869385,0.01460876502096653
YGR072W,YBL004W,0,1.5934483,0.6508313417434692,0.2723658084869385,0.014708825387060642
YDL051W,YOL141W,1,1.5921515,0.6516587734222412,0.27335983514785767,0.014708825387060642
YKR079C,YPL212C,1,1.591875,0.652482271194458,0.27435389161109924,0.014708825387060642
YDL148C,YFL022C,0,1.5914639,0.650943398475647,0.27435389161109924,0.014808885753154755
YHR062C,YDL036C,1,1.5889392,0.6517646908760071,0.27534791827201843,0.014808885753154755
YLR002C,YNL222W,0,1.5881772,0.6502347588539124,0.27534791827201843,0.014908945187926292
YMR308C,YAL019W,0,1.583469,0.6487119197845459,0.27534791827201843,0.015009005554020405
YPL086C,YPL030W,1,1.5834035,0.6495327353477478,0.2763419449329376,0.015009005554020405
YGL050W,YPL086C,1,1.5791992,0.6503496766090393,0.2773359715938568,0.015009005554020405
YKR092C,YDR206W,0,1.5771681,0.6488372087478638,0.2773359715938568,0.015109064988791943
YAL033W,YGR200C,1,1.5764066,0.6496519446372986,0.2783300280570984,0.015109064988791943
YBR257W,YGL050W,1,1.5761276,0.6504629850387573,0.2793240547180176,0.015109064988791943
YOR262W,YLR138W,0,1.5742328,0.6489607095718384,0.2793240547180176,0.015209125354886055
YMR059W,YLR401C,1,1.5741,0.6497696042060852,0.28031808137893677,0.015209125354886055
YNR046W,YBL026W,1,1.5679468,0.6505746841430664,0.28131213784217834,0.015209125354886055
YML014W,YHR187W,1,1.5644306,0.6513761281967163,0.28230616450309753,0.015209125354886055
YPL101W,YLR401C,1,1.5616602,0.6521739363670349,0.2833001911640167,0.015209125354886055
YGL171W,YLR413W,0,1.5614787,0.6506849527359009,0.2833001911640167,0.015309185720980167
YGL186C,YBR104W,0,1.5608181,0.6492027044296265,0.2833001911640167,0.015409245155751705
YDR280W,YNL298W,0,1.5606229,0.6477272510528564,0.2833001911640167,0.015509305521845818
YNL062C,YGL063W,1,1.5602114,0.6485260725021362,0.2842942476272583,0.015509305521845818
YKL014C,YDL064W,0,1.5598567,0.6470588445663452,0.2842942476272583,0.01560936588793993
YOL124C,YLR430W,1,1.5593032,0.6478555202484131,0.2852882742881775,0.01560936588793993
YGL092W,YNR046W,1,1.5575567,0.6486486196517944,0.2862823009490967,0.01560936588793993
YOL102C,YKR079C,1,1.55742,0.649438202381134,0.28727632761001587,0.01560936588793993
YGL037C,YMR170C,0,1.5564897,0.6479820609092712,0.28727632761001587,0.015709426254034042
YDR104C,YNR024W,0,1.5562824,0.646532416343689,0.28727632761001587,0.01580948568880558
YDR280W,YBL031W,0,1.5560316,0.6450892686843872,0.28727632761001587,0.015909545123577118
YKL166C,YLR005W,0,1.5552474,0.6436525583267212,0.28727632761001587,0.016009606420993805
YER168C,YHR187W,1,1.555191,0.644444465637207,0.28827038407325745,0.016009606420993805
YAL033W,YOL124C,1,1.5547678,0.6452327966690063,0.28926441073417664,0.016009606420993805
YNL038W,YPL254W,0,1.5543565,0.6438053250312805,0.28926441073417664,0.016109665855765343
YLR384C,YJL035C,1,1.5524074,0.6445916295051575,0.2902584373950958,0.016109665855765343
YNL147W,YJL125C,1,1.5522044,0.6453744769096375,0.2912524938583374,0.016109665855765343
YGL050W,YOR274W,1,1.549807,0.6461538672447205,0.2922465205192566,0.016109665855765343
YGR030C,YBL026W,1,1.5485893,0.6469298005104065,0.2932405471801758,0.016109665855765343
YLR129W,YDR156W,0,1.5455924,0.6455142498016357,0.2932405471801758,0.01620972529053688
YOL102C,YKL110C,1,1.5455095,0.6462882161140442,0.29423460364341736,0.01620972529053688
YGL050W,YKR079C,1,1.544506,0.6470588445663452,0.29522863030433655,0.01620972529053688
YGL023C,YPL175W,0,1.5441419,0.645652174949646,0.29522863030433655,0.016309786587953568
YOR262W,YNL254C,0,1.5410835,0.6442516446113586,0.29522863030433655,0.016409846022725105
YHR065C,YDR408C,0,1.5383147,0.6428571343421936,0.29522863030433655,0.016509905457496643
YOL102C,YBR167C,1,1.5382372,0.6436285376548767,0.29622265696525574,0.016509905457496643
YGL092W,YNR015W,1,1.5374937,0.6443965435028076,0.2972167134284973,0.016509905457496643
YML005W,YKR079C,1,1.5357921,0.6451612710952759,0.2982107400894165,0.016509905457496643
YDR412W,YEL003W,0,1.5332886,0.6437768340110779,0.2982107400894165,0.01660996675491333
YOL125W,YER112W,1,1.5314116,0.6445395946502686,0.2992047667503357,0.01660996675491333
YKL139W,YIR010W,0,1.531332,0.6431623697280884,0.2992047667503357,0.016710026189684868
YML093W,YHR204W,0,1.5299572,0.641791045665741,0.2992047667503357,0.016810085624456406
YPL207W,YHR187W,1,1.529435,0.6425532102584839,0.3001987934112549,0.016810085624456406
YGR072W,YMR243C,0,1.5287207,0.6411889791488647,0.3001987934112549,0.016910146921873093
YFL001W,YPL030W,1,1.5251883,0.6419491767883301,0.30119284987449646,0.016910146921873093
YAR008W,YPL101W,1,1.5245802,0.6427061557769775,0.30218687653541565,0.016910146921873093
YPL086C,YNL282W,1,1.5242231,0.6434599161148071,0.30318090319633484,0.016910146921873093
YGR145W,YMR228W,0,1.5232494,0.6421052813529968,0.30318090319633484,0.01701020635664463
YER168C,YHR006W,1,1.5229503,0.6428571343421936,0.3041749596595764,0.01701020635664463
YDR143C,YDR211W,0,1.5220449,0.6415094137191772,0.3041749596595764,0.017110265791416168
YLR105C,YKL110C,1,1.521387,0.642259418964386,0.3051689863204956,0.017110265791416168
YPR018W,YML096W,0,1.5184411,0.6409185528755188,0.3051689863204956,0.017210327088832855
YNL062C,YLR430W,1,1.5156354,0.6416666507720947,0.3061630129814148,0.017210327088832855
YOR243C,YPL030W,1,1.5152806,0.6424116492271423,0.30715706944465637,0.017210327088832855
YLR409C,YMR019W,0,1.5142682,0.6410788297653198,0.30715706944465637,0.017310386523604393
YCR016W,YML010W,0,1.5124338,0.6397515535354614,0.30715706944465637,0.01741044595837593
YOR294W,YPL081W,0,1.5111952,0.6384297609329224,0.30715706944465637,0.01751050539314747
YDR087C,YNL275W,0,1.5103327,0.6371133923530579,0.30715706944465637,0.017610566690564156
YDL201W,YJL087C,1,1.5082275,0.6378600597381592,0.30815109610557556,0.017610566690564156
YOL093W,YGL232W,1,1.507842,0.638603687286377,0.30914512276649475,0.017610566690564156
YLR291C,YDR140W,0,1.5067426,0.6372950673103333,0.30914512276649475,0.017710626125335693
YKL205W,YOL102C,1,1.5036634,0.6380367875099182,0.31013917922973633,0.017710626125335693
YKL191W,YNL123W,0,1.503581,0.636734664440155,0.31013917922973633,0.01781068556010723
YML080W,YOL141W,1,1.5009342,0.637474536895752,0.3111332058906555,0.01781068556010723
YCR089W,YDL175C,0,1.5004369,0.6361788511276245,0.3111332058906555,0.017910746857523918
YAR008W,YPL030W,1,1.4997997,0.6369168162345886,0.3121272325515747,0.017910746857523918
YER168C,YBR061C,1,1.4962487,0.637651801109314,0.3131212592124939,0.017910746857523918
YDL112W,YGL211W,1,1.4932041,0.6383838653564453,0.3141153156757355,0.017910746857523918
YKR024C,YLR275W,0,1.4922565,0.6370967626571655,0.3141153156757355,0.018010806292295456
YJR144W,YKL082C,0,1.491861,0.635814905166626,0.3141153156757355,0.018110865727066994
YML005W,YNL292W,1,1.4906694,0.6365461945533752,0.31510934233665466,0.018110865727066994
YOR001W,YER146W,1,1.4887329,0.6372745633125305,0.31610336899757385,0.018110865727066994
YML014W,YMR283C,1,1.486753,0.6380000114440918,0.31709742546081543,0.018110865727066994
YEL041W,YDL072C,0,1.4861231,0.6367265582084656,0.31709742546081543,0.01821092702448368
YMR227C,YIR010W,0,1.4820276,0.6354581713676453,0.31709742546081543,0.01831098645925522
YOR243C,YJL035C,1,1.4814622,0.6361829042434692,0.3180914521217346,0.01831098645925522
YPL207W,YOL066C,1,1.4798954,0.636904776096344,0.3190854787826538,0.01831098645925522
YKL205W,YML005W,1,1.4795893,0.6376237869262695,0.3200795352458954,0.01831098645925522
YBR257W,YGL243W,1,1.4751529,0.6383399367332458,0.3210735619068146,0.01831098645925522
YGL162W,YHR148W,0,1.4749452,0.6370808482170105,0.3210735619068146,0.018411045894026756
YHL011C,YOR188W,0,1.4734346,0.6358267664909363,0.3210735619068146,0.018511107191443443
YML005W,YGL211W,1,1.473396,0.6365422606468201,0.32206758856773376,0.018511107191443443
YDL207W,YCL029C,0,1.4705737,0.6352941393852234,0.32206758856773376,0.01861116662621498
YJR084W,YOL135C,0,1.4653398,0.6340509057044983,0.32206758856773376,0.01871122606098652
YGR085C,YJR123W,0,1.4641365,0.6328125,0.32206758856773376,0.018811287358403206
YKL099C,YOR341W,0,1.4624852,0.6315789222717285,0.32206758856773376,0.018911346793174744
YLL004W,YOR094W,0,1.4584124,0.6303501725196838,0.32206758856773376,0.01901140622794628
YMR093W,YDR234W,0,1.4581382,0.6291261911392212,0.32206758856773376,0.01911146752536297
YNR046W,YGL063W,1,1.4573282,0.6298449635505676,0.32306164503097534,0.01911146752536297
YGR217W,YMR229C,0,1.4566759,0.6286267042160034,0.32306164503097534,0.019211526960134506
YNL062C,YAL020C,1,1.4550866,0.6293436288833618,0.32405567169189453,0.019211526960134506
YGL077C,YBR172C,0,1.454884,0.6281310319900513,0.32405567169189453,0.019311586394906044
YOL124C,YJL087C,1,1.4532108,0.6288461685180664,0.3250496983528137,0.019311586394906044
YLR316C,YGL043W,0,1.4526397,0.6276391744613647,0.3250496983528137,0.01941164769232273
YPR104C,YGL171W,0,1.4526106,0.6264367699623108,0.3250496983528137,0.01951170712709427
YER075C,YOR079C,0,1.4514402,0.6252390146255493,0.3250496983528137,0.019611766561865807
YNL286W,YHL025W,0,1.4482664,0.6240457892417908,0.3250496983528137,0.019711827859282494
YHR069C,YLR083C,0,1.4482512,0.6228571534156799,0.3250496983528137,0.01981188729405403
YOR274W,YFL001W,1,1.4435991,0.6235741376876831,0.3260437250137329,0.01981188729405403
YOR115C,YLR316C,0,1.4416858,0.622390866279602,0.3260437250137329,0.01991194672882557
YAR008W,YPL212C,1,1.4366027,0.623106062412262,0.3270377814769745,0.01991194672882557
YKL014C,YJL087C,0,1.4336501,0.6219281554222107,0.3270377814769745,0.020012008026242256
YBR257W,YKL205W,1,1.4306964,0.6226415038108826,0.3280318081378937,0.020012008026242256
YBR061C,YER146W,1,1.4296952,0.6233521699905396,0.32902583479881287,0.020012008026242256
YOL093W,YBR167C,1,1.4257568,0.6240601539611816,0.33001989126205444,0.020012008026242256
YOL066C,YGL232W,1,1.4235092,0.6247654557228088,0.33101391792297363,0.020012008026242256
YLR384C,YKL205W,1,1.4219886,0.6254681944847107,0.3320079445838928,0.020012008026242256
YDR165W,YDR378C,1,1.4215401,0.6261682510375977,0.3330020010471344,0.020012008026242256
YOR245C,YDR202C,0,1.4212502,0.625,0.3330020010471344,0.020112067461013794
YDR397C,YBR261C,0,1.4196619,0.623836100101471,0.3330020010471344,0.02021212689578533
YLR405W,YLR105C,1,1.4194309,0.624535322189331,0.3339960277080536,0.02021212689578533
YPL244C,YLR321C,0,1.4176928,0.6233766078948975,0.3339960277080536,0.02031218819320202
YOL102C,YOL066C,1,1.4156823,0.6240741014480591,0.3349900543689728,0.02031218819320202
YHR062C,YMR312W,1,1.4137496,0.6247689723968506,0.33598408102989197,0.02031218819320202
YOR243C,YOL141W,1,1.4108368,0.6254612803459167,0.33697813749313354,0.02031218819320202
YGL050W,YKL205W,1,1.4105371,0.6261510252952576,0.33797216415405273,0.02031218819320202
YLR003C,YLR052W,0,1.4102916,0.625,0.33797216415405273,0.020412247627973557
YBR034C,YIL016W,0,1.409809,0.6238532066345215,0.33797216415405273,0.020512307062745094
YEL009C,YGR283C,0,1.4097053,0.622710645198822,0.33797216415405273,0.020612366497516632
YOL066C,YHR187W,1,1.4052956,0.6234003901481628,0.3389661908149719,0.020612366497516632
YOR304C-A,YLR052W,0,1.4040252,0.6222627758979797,0.3389661908149719,0.02071242779493332
YBR002C,YKL125W,0,1.4027873,0.6211293339729309,0.3389661908149719,0.020812487229704857
YGR089W,YGR083C,0,1.4024926,0.6200000047683716,0.3389661908149719,0.020912546664476395
YDR075W,YMR260C,0,1.4020492,0.6188747882843018,0.3389661908149719,0.02101260796189308
YDR144C,YDL209C,0,1.4014082,0.6177536249160767,0.3389661908149719,0.02111266739666462
YLR405W,YOR251C,1,1.4001148,0.6184448599815369,0.3399602472782135,0.02111266739666462
YLR316C,YMR246W,0,1.399726,0.6173285245895386,0.3399602472782135,0.021212726831436157
YKL074C,YLR404W,0,1.3914627,0.616216242313385,0.3399602472782135,0.021312788128852844
YHR066W,YCR027C,0,1.3814509,0.6151078939437866,0.3399602472782135,0.021412847563624382
YML023C,YPL207W,0,1.3809406,0.614003598690033,0.3399602472782135,0.02151290699839592
YNL238W,YDL240W,0,1.3782724,0.6129032373428345,0.3399602472782135,0.021612968295812607
YIL047C,YOR241W,0,1.3781363,0.6118068099021912,0.3399602472782135,0.021713027730584145
YGR109C,YML038C,0,1.3770795,0.6107142567634583,0.3399602472782135,0.021813087165355682
YGR030C,YFL001W,1,1.3762914,0.6114081740379333,0.3409542739391327,0.021813087165355682
YHR060W,YJR056C,0,1.3760719,0.6103202700614929,0.3409542739391327,0.02191314846277237
YDR496C,YLR200W,0,1.3742396,0.6092362403869629,0.3409542739391327,0.022013207897543907
YGL092W,YML014W,1,1.3716606,0.609929084777832,0.3419483006000519,0.022013207897543907
YGR251W,YMR207C,0,1.3711361,0.6088495850563049,0.3419483006000519,0.022113267332315445
YPL105C,YDR464W,0,1.3697516,0.6077738404273987,0.3419483006000519,0.022213328629732132
YIL142W,YHL026C,0,1.3691748,0.6067019104957581,0.3419483006000519,0.02231338806450367
YNL147W,YDR378C,1,1.3687558,0.6073943376541138,0.34294235706329346,0.02231338806450367
YLR298C,YPR060C,0,1.368359,0.6063268780708313,0.34294235706329346,0.022413447499275208
YOL093W,YER112W,1,1.3680748,0.6070175170898438,0.34393638372421265,0.022413447499275208
YKR079C,YGL092W,1,1.3680562,0.6077057719230652,0.34493041038513184,0.022413447499275208
YNL267W,YGL029W,0,1.3679875,0.6066433787345886,0.34493041038513184,0.022513508796691895
YMR283C,YNL292W,1,1.3669045,0.6073298454284668,0.3459244668483734,0.022513508796691895
YPL082C,YLR244C,0,1.3658452,0.6062718033790588,0.3459244668483734,0.022613568231463432
YDR153C,YBR261C,0,1.3644111,0.6052173972129822,0.3459244668483734,0.02271362766623497
YMR076C,YDR144C,0,1.3642219,0.6041666865348816,0.3459244668483734,0.022813688963651657
YDR120C,YMR283C,1,1.3630036,0.6048526763916016,0.3469184935092926,0.022813688963651657
YDR195W,YDR091C,0,1.3624804,0.6038062572479248,0.3469184935092926,0.022913748398423195
YMR309C,YGL097W,0,1.3604949,0.6027634143829346,0.3469184935092926,0.023013807833194733
YKR056W,YMR047C,1,1.3590369,0.6034482717514038,0.3479125201702118,0.023013807833194733
YDL051W,YER112W,1,1.3590086,0.6041308045387268,0.348906546831131,0.023013807833194733
YIL130W,YNR003C,0,1.3588984,0.6030927896499634,0.348906546831131,0.02311386913061142
YKL205W,YDL226C,0,1.3578349,0.6020582914352417,0.348906546831131,0.023213928565382957
YJL125C,YOR251C,1,1.3576268,0.6027397513389587,0.34990060329437256,0.023213928565382957
YHR062C,YLR430W,1,1.3574833,0.6034188270568848,0.35089462995529175,0.023213928565382957
YLR336C,YER006W,0,1.3546988,0.6023890972137451,0.35089462995529175,0.023313988000154495
YBR046C,YDR059C,0,1.3546468,0.6013628840446472,0.35089462995529175,0.023414049297571182
YOR262W,YHR122W,0,1.3544228,0.6003401279449463,0.35089462995529175,0.02351410873234272
YGR112W,YGL181W,0,1.3534514,0.5993208885192871,0.35089462995529175,0.023614168167114258
YKR036C,YML059C,0,1.3503613,0.5983051061630249,0.35089462995529175,0.023714229464530945
YDL051W,YLR430W,1,1.3495331,0.5989847779273987,0.35188865661621094,0.023714229464530945
YHR003C,YCL016C,0,1.3492638,0.5979729890823364,0.35188865661621094,0.023814288899302483
YGR094W,YNL251C,0,1.3489823,0.5969645977020264,0.35188865661621094,0.02391434833407402
YOL125W,YLR105C,1,1.3489602,0.5976430773735046,0.3528827130794525,0.02391434833407402
YDR489W,YIR021W,0,1.3483471,0.5966386795043945,0.3528827130794525,0.024014407768845558
YML005W,YBL026W,1,1.3452924,0.5973154306411743,0.3538767397403717,0.024014407768845558
YHR058C,YKL113C,0,1.3452119,0.5963149070739746,0.3538767397403717,0.024114469066262245
YKL205W,YHR070W,1,1.3448514,0.5969899892807007,0.3548707664012909,0.024114469066262245
YKR028W,YKR095W,0,1.3431363,0.5959933400154114,0.3548707664012909,0.024214528501033783
YHL011C,YJL130C,0,1.3426613,0.5950000286102295,0.3548707664012909,0.02431458793580532
YML005W,YBL024W,1,1.3400131,0.5956738591194153,0.35586482286453247,0.02431458793580532
YFL001W,YOR251C,1,1.3396046,0.5963455438613892,0.35685884952545166,0.02431458793580532
YGR030C,YAR008W,1,1.339339,0.5970149040222168,0.35785287618637085,0.02431458793580532
YIL127C,YHR050W,0,1.3386096,0.5960264801979065,0.35785287618637085,0.024414649233222008
YER168C,YMR059W,1,1.3337916,0.5966942310333252,0.3588469326496124,0.024414649233222008
YLR105C,YDR165W,1,1.3250519,0.5973597168922424,0.3598409593105316,0.024414649233222008
YMR033W,YGR081C,0,1.3204098,0.5963756442070007,0.3598409593105316,0.024514708667993546
YOL066C,YJL035C,1,1.3193655,0.5970394611358643,0.3608349859714508,0.024514708667993546
YLR316C,YBL018C,1,1.3173743,0.5977011322975159,0.36182901263237,0.024514708667993546
YLR384C,YLR430W,1,1.3173643,0.5983606576919556,0.3628230690956116,0.024514708667993546
YMR312W,YNL292W,1,1.314484,0.5990179777145386,0.36381709575653076,0.024514708667993546
YMR270C,YMR005W,0,1.3131623,0.5980392098426819,0.36381709575653076,0.024614768102765083
YGL050W,YML005W,1,1.311279,0.598694920539856,0.36481112241744995,0.024614768102765083
YJL006C,YHR149C,0,1.3092083,0.5977198481559753,0.36481112241744995,0.02471482940018177
YOR144C,YNR018W,0,1.3063624,0.5967479944229126,0.36481112241744995,0.024814888834953308
YLR384C,YNL292W,1,1.3047138,0.5974025726318359,0.36580517888069153,0.024814888834953308
YGR195W,YNL024C,0,1.3038067,0.5964343547821045,0.36580517888069153,0.024914948269724846
YPL244C,YDR346C,0,1.3035749,0.5954692363739014,0.36580517888069153,0.025015009567141533
YLR117C,YJR049C,0,1.3024546,0.5945072770118713,0.36580517888069153,0.02511506900191307
YML023C,YBR034C,0,1.3012797,0.5935483574867249,0.36580517888069153,0.02521512843668461
YHR085W,YGR003W,0,1.3004252,0.5925925970077515,0.36580517888069153,0.025315189734101295
YNL023C,YGL174W,0,1.3003978,0.5916398763656616,0.36580517888069153,0.025415249168872833
YNL021W,YHR170W,0,1.3000044,0.5906901955604553,0.36580517888069153,0.02551530860364437
YDL006W,YDR120C,1,1.2959784,0.5913461446762085,0.3667992055416107,0.02551530860364437
YHR062C,YLR105C,1,1.2892483,0.5920000076293945,0.3677932322025299,0.02551530860364437
YLR055C,YGR109C,0,1.287537,0.5910543203353882,0.3677932322025299,0.025615369901061058
YBR061C,YNL221C,1,1.2861091,0.5917065143585205,0.3687872886657715,0.025615369901061058
YPL242C,YLR051C,0,1.2841997,0.5907643437385559,0.3687872886657715,0.025715429335832596
YAL033W,YNL221C,1,1.2839458,0.5914149284362793,0.3697813153266907,0.025715429335832596
YKL049C,YGR081C,0,1.2826307,0.5904762148857117,0.3697813153266907,0.025815488770604134
YNL299W,YMR214W,0,1.282596,0.589540421962738,0.3697813153266907,0.02591555006802082
YML061C,YHR205W,0,1.2807609,0.5886076092720032,0.3697813153266907,0.02601560950279236
YLR291C,YOL070C,0,1.2786891,0.5876777172088623,0.3697813153266907,0.026115668937563896
YDL042C,YDL227C,0,1.2765352,0.5867508053779602,0.3697813153266907,0.026215730234980583
YBR061C,YDR378C,1,1.276428,0.5874015688896179,0.37077534198760986,0.026215730234980583
YDR205W,YDR235W,0,1.2741777,0.5864779949188232,0.37077534198760986,0.02631578966975212
YNL126W,YGL092W,0,1.2725618,0.5855572819709778,0.37077534198760986,0.02641584910452366
YGR030C,YNL282W,1,1.269111,0.5862069129943848,0.37176939845085144,0.02641584910452366
YLR061W,YLR401C,0,1.2689443,0.5852895379066467,0.37176939845085144,0.026515910401940346
YOL052C,YOR026W,0,1.257518,0.5843750238418579,0.37176939845085144,0.026615969836711884
YGL092W,YOL066C,1,1.2572528,0.5850234031677246,0.37276342511177063,0.026615969836711884
YOR304C-A,YBR188C,0,1.255248,0.5841121673583984,0.37276342511177063,0.02671602927148342
YPL253C,YER049W,0,1.2551634,0.5832037329673767,0.37276342511177063,0.02681609056890011
YOL093W,YDR378C,1,1.2538291,0.5838509202003479,0.3737574517726898,0.02681609056890011
YPL011C,YOR056C,0,1.2526405,0.5829457640647888,0.3737574517726898,0.026916150003671646
YOR254C,YDR190C,0,1.247408,0.5820433497428894,0.3737574517726898,0.027016209438443184
YDR091C,YMR274C,0,1.2436112,0.5811437368392944,0.3737574517726898,0.02711626887321472
YLR105C,YOR243C,1,1.2433,0.5817901492118835,0.374751478433609,0.02711626887321472
YGR276C,YGL211W,1,1.2392601,0.5824345350265503,0.3757455348968506,0.02711626887321472
YGR169C,YDR378C,1,1.238156,0.5830768942832947,0.3767395615577698,0.02711626887321472
YKL180W,YJR070C,0,1.2380065,0.5821812748908997,0.3767395615577698,0.02721633017063141
YDL036C,YPL030W,1,1.236849,0.5828220844268799,0.37773358821868896,0.02721633017063141
YPL207W,YGL092W,1,1.2358737,0.5834609270095825,0.37872764468193054,0.02721633017063141
YLR405W,YJL035C,1,1.2352381,0.5840978622436523,0.37972167134284973,0.02721633017063141
YPR046W,YDR482C,0,1.2335769,0.5832061171531677,0.37972167134284973,0.027316389605402946
YAR008W,YJL035C,1,1.2329687,0.5838414430618286,0.3807156980037689,0.027316389605402946
YGL050W,YNL221C,1,1.2321371,0.5844748616218567,0.3817097544670105,0.027316389605402946
YAR008W,YLR105C,1,1.230113,0.585106372833252,0.3827037811279297,0.027316389605402946
YOR243C,YPL273W,0,1.2297825,0.5842185020446777,0.3827037811279297,0.027416449040174484
YLR316C,YJL087C,1,1.2290307,0.5848484635353088,0.3836978077888489,0.027416449040174484
YOR274W,YHR187W,1,1.2289175,0.5854765772819519,0.38469183444976807,0.027416449040174484
YLR340W,YOL039W,0,1.2285094,0.5845921635627747,0.38469183444976807,0.02751651033759117
YLR251W,YMR210W,0,1.2283694,0.5837104320526123,0.38469183444976807,0.02761656977236271
YMR312W,YJL087C,1,1.2278775,0.5843373537063599,0.38568589091300964,0.02761656977236271
YOR254C,YDR159W,0,1.2268373,0.583458662033081,0.38568589091300964,0.027716629207134247
YGL243W,YDR165W,1,1.2258433,0.5840840935707092,0.38667991757392883,0.027716629207134247
YDR120C,YMR047C,1,1.2258373,0.5847076177597046,0.387673944234848,0.027716629207134247
YHR205W,YNR003C,0,1.2241604,0.583832323551178,0.387673944234848,0.027816690504550934
YLR316C,YGL063W,1,1.2234153,0.5844544172286987,0.3886680006980896,0.027816690504550934
YMR105C,YDL181W,0,1.2220016,0.5835821032524109,0.3886680006980896,0.02791674993932247
YPR151C,YDR041W,0,1.2216471,0.5827123522758484,0.3886680006980896,0.02801680937409401
YCL001W,YDR415C,0,1.2214624,0.581845223903656,0.3886680006980896,0.028116870671510696
YGL172W,YPL212C,1,1.2180458,0.5824665427207947,0.3896620273590088,0.028116870671510696
YEL006W,YNL254C,0,1.217479,0.5816023945808411,0.3896620273590088,0.028216930106282234
YBR254C,YPL024W,0,1.2171482,0.580740749835968,0.3896620273590088,0.028316989541053772
YNL192W,YKL189W,0,1.2132403,0.5798816680908203,0.3896620273590088,0.02841705083847046
YOR304C-A,YJL110C,0,1.212238,0.5790250897407532,0.3896620273590088,0.028517110273241997
YOL093W,YGL063W,1,1.2120929,0.5796459913253784,0.390656054019928,0.028517110273241997
YOR251C,YBL018C,1,1.2115887,0.5802651047706604,0.39165011048316956,0.028517110273241997
YER146W,YHR187W,1,1.2087785,0.5808823704719543,0.39264413714408875,0.028517110273241997
YBR029C,YML093W,0,1.2074517,0.5800293684005737,0.39264413714408875,0.028617169708013535
YGL243W,YNL062C,1,1.205989,0.5806451439857483,0.39363816380500793,0.028617169708013535
YGL020C,YMR131C,0,1.2049358,0.5797950029373169,0.39363816380500793,0.02871723100543022
YGL050W,YPL030W,1,1.2041593,0.5804093480110168,0.3946322202682495,0.02871723100543022
YLR384C,YIR010W,0,1.2040952,0.5795620679855347,0.3946322202682495,0.02881729044020176
YLR314C,YJL173C,0,1.2026236,0.5787171721458435,0.3946322202682495,0.028917349874973297
YOL090W,YPR018W,0,1.201866,0.5778748393058777,0.3946322202682495,0.029017411172389984
YLR068W,YPR114W,0,1.2010684,0.5770348906517029,0.3946322202682495,0.029117470607161522
YPL221W,YOR208W,0,1.2008364,0.5761973857879639,0.3946322202682495,0.02921753004193306
YAL033W,YJL035C,1,1.2005796,0.5768116116523743,0.3956262469291687,0.02921753004193306
YKL009W,YBL079W,0,1.2003038,0.5759768486022949,0.3956262469291687,0.029317591339349747
YDR045C,YJL074C,0,1.1995718,0.5751445293426514,0.3956262469291687,0.029417650774121284
YGL232W,YDL051W,1,1.1982073,0.5757575631141663,0.3966202735900879,0.029417650774121284
YLR316C,YKL205W,1,1.1980513,0.5763688683509827,0.3976143002510071,0.029417650774121284
YMR153W,YBL067C,0,1.1973444,0.5755395889282227,0.3976143002510071,0.029517710208892822
YMR023C,YDR378C,1,1.1962991,0.5761494040489197,0.39860835671424866,0.029517710208892822
YBL024W,YGL063W,1,1.1951063,0.576757550239563,0.39960238337516785,0.029517710208892822
YNL133C,YLR363C,0,1.1949513,0.5759312510490417,0.39960238337516785,0.02961777150630951
YNR046W,YJL110C,0,1.1930176,0.5751072764396667,0.39960238337516785,0.029717830941081047
YFL001W,YER146W,1,1.1918863,0.5757142901420593,0.40059641003608704,0.029717830941081047
YDR245W,YLR175W,0,1.1906183,0.5748929977416992,0.40059641003608704,0.029817890375852585
YPL030W,YHR187W,1,1.1870464,0.5754985809326172,0.4015904664993286,0.029817890375852585
YDL052C,YMR205C,0,1.1859523,0.574679970741272,0.4015904664993286,0.029917951673269272
YLR316C,YOL102C,1,1.18492,0.5752840638160706,0.4025844931602478,0.029917951673269272
YHR062C,YBL026W,1,1.1847533,0.5758865475654602,0.403578519821167,0.029917951673269272
YNL240C,YNL172W,0,1.1846303,0.5750707983970642,0.403578519821167,0.03001801110804081
YIL008W,YOR295W,0,1.1842258,0.5742574334144592,0.403578519821167,0.030118070542812347
YOR038C,YIL158W,0,1.1836597,0.5734463334083557,0.403578519821167,0.030218129977583885
YNL273W,YNL113W,0,1.1809348,0.5726374983787537,0.403578519821167,0.030318191275000572
YKL078W,YHR204W,0,1.179573,0.5718309879302979,0.403578519821167,0.03041825070977211
YGR034W,YFR031C-A,0,1.1791794,0.5710267424583435,0.403578519821167,0.030518310144543648
YNR039C,YJR055W,0,1.1791428,0.5702247023582458,0.403578519821167,0.030618371441960335
YLR055C,YOL029C,0,1.1766051,0.5694249868392944,0.403578519821167,0.030718430876731873
YNL062C,YER112W,1,1.1764072,0.5700280070304871,0.40457257628440857,0.030718430876731873
YNL251C,YBL068W,0,1.1736387,0.5692307949066162,0.40457257628440857,0.03081849031150341
YDR075W,YGR099W,0,1.173431,0.5684357285499573,0.40457257628440857,0.030918551608920097
YLR384C,YOL102C,1,1.1728042,0.569037675857544,0.40556660294532776,0.030918551608920097
YKL110C,YCR034W,0,1.1721746,0.5682451128959656,0.40556660294532776,0.031018611043691635
YMR093W,YPL151C,0,1.1709275,0.5674548149108887,0.40556660294532776,0.031118670478463173
YDR513W,YML004C,0,1.170185,0.5666666626930237,0.40556660294532776,0.03121873177587986
YMR059W,YHR070W,1,1.1701528,0.567267656326294,0.40656062960624695,0.03121873177587986
YKL120W,YHR149C,0,1.1693364,0.5664820075035095,0.40656062960624695,0.0313187912106514
YDR083W,YMR305C,0,1.1686803,0.565698504447937,0.40656062960624695,0.031418852508068085
YER139C,YOR148C,0,1.1673061,0.5649171471595764,0.40656062960624695,0.03151891008019447
YDR097C,YOR196C,0,1.1670991,0.5641379356384277,0.40656062960624695,0.03161897137761116
YGL243W,YOR243C,1,1.1669668,0.5647382736206055,0.4075546860694885,0.03161897137761116
YMR227C,YLR321C,0,1.1656957,0.5639615058898926,0.4075546860694885,0.03171903267502785
YOL066C,YDL051W,1,1.1651489,0.5645604133605957,0.4085487127304077,0.03171903267502785
YHR084W,YMR268C,0,1.1650374,0.5637860298156738,0.4085487127304077,0.031819090247154236
YIL085C,YOR241W,0,1.1633908,0.5630136728286743,0.4085487127304077,0.03191915154457092
YBR074W,YOR236W,0,1.162441,0.5622435212135315,0.4085487127304077,0.03201921284198761
YER146W,YPL030W,1,1.1614559,0.562841534614563,0.4095427393913269,0.03201921284198761
YNR046W,YER146W,1,1.1610357,0.5634379386901855,0.4105367660522461,0.03201921284198761
YMR241W,YOL020W,0,1.1608385,0.5626702904701233,0.4105367660522461,0.032119270414114
YOR017W,YLL021W,0,1.160146,0.561904788017273,0.4105367660522461,0.032219331711530685
YHR062C,YGL211W,1,1.1601434,0.5625,0.41153082251548767,0.032219331711530685
YOL066C,YPL086C,1,1.160122,0.5630936026573181,0.41252484917640686,0.032219331711530685
YPL083C,YMR059W,1,1.1596396,0.5636856555938721,0.41351887583732605,0.032219331711530685
YAR008W,YDR378C,1,1.1593424,0.5642760396003723,0.4145129323005676,0.032219331711530685
YBR257W,YLR384C,1,1.1587088,0.5648648738861084,0.4155069589614868,0.032219331711530685
YDL112W,YDR378C,1,1.1578648,0.5654520988464355,0.416500985622406,0.032219331711530685
YPL101W,YJL035C,1,1.1572641,0.5660377144813538,0.4174950420856476,0.032219331711530685
YDR367W,YDR075W,0,1.1557602,0.5652759075164795,0.4174950420856476,0.03231939300894737
YOR073W,YMR241W,0,1.1545348,0.5645161271095276,0.4174950420856476,0.03241945058107376
YOL068C,YGR275W,0,1.154252,0.563758373260498,0.4174950420856476,0.03251951187849045
YDR196C,YHR191C,0,1.1531945,0.5630027055740356,0.4174950420856476,0.032619573175907135
YBR029C,YJR042W,0,1.1530083,0.5622490048408508,0.4174950420856476,0.032719630748033524
YDR191W,YNL326C,0,1.1519352,0.5614973306655884,0.4174950420856476,0.03281969204545021
YPR182W,YGL065C,0,1.1487396,0.5607476830482483,0.4174950420856476,0.0329197533428669
YHR062C,YLR438C-A,1,1.1484362,0.5613333582878113,0.4184890687465668,0.0329197533428669
YML005W,YBR061C,1,1.1475278,0.5619174242019653,0.41948309540748596,0.0329197533428669
YLR223C,YFL008W,0,1.1463275,0.561170220375061,0.41948309540748596,0.033019810914993286
YOR101W,YGR085C,0,1.1458826,0.5604249835014343,0.41948309540748596,0.03311987221240997
YMR215W,YOR095C,0,1.1437355,0.5596817135810852,0.41948309540748596,0.03321993350982666
YER146W,YAL020C,1,1.1422039,0.5602648854255676,0.42047715187072754,0.03321993350982666
YLR409C,YOR320C,0,1.141063,0.5595238208770752,0.42047715187072754,0.03331999108195305
YKR068C,YDL211C,0,1.1409498,0.5587846636772156,0.42047715187072754,0.033420052379369736
YBR078W,YML014W,0,1.1407415,0.5580474734306335,0.42047715187072754,0.03352011367678642
YOL124C,YDR463W,1,1.1407361,0.5586297512054443,0.42147117853164673,0.03352011367678642
YML076C,YLR368W,0,1.1396147,0.557894766330719,0.42147117853164673,0.03362017124891281
YML093W,YGL151W,0,1.138936,0.5571616291999817,0.42147117853164673,0.0337202325463295
YLL008W,YNL126W,0,1.1387657,0.556430459022522,0.42147117853164673,0.033820293843746185
YEL053C,YCR060W,0,1.1352094,0.5557011961936951,0.42147117853164673,0.033920351415872574
YLR105C,YDL051W,1,1.13506,0.5562826991081238,0.4224652051925659,0.033920351415872574
YJR002W,YKL092C,0,1.134214,0.5555555820465088,0.4224652051925659,0.03402041271328926
YHR201C,YKR081C,0,1.1327475,0.5548303127288818,0.4224652051925659,0.03412047401070595
YDR527W,YDR119W,0,1.1327146,0.5541068911552429,0.4224652051925659,0.034220531582832336
YDL006W,YMR023C,1,1.1306928,0.5546875,0.4234592318534851,0.034220531582832336
YOR294W,YLR310C,0,1.1305289,0.5539661645889282,0.4234592318534851,0.03432059288024902
YLL008W,YGL216W,0,1.1301689,0.5532467365264893,0.4234592318534851,0.03442065417766571
YHL013C,YLR182W,0,1.1289355,0.5525291562080383,0.4234592318534851,0.0345207117497921
YPL083C,YJL125C,1,1.1289278,0.553108811378479,0.4244532883167267,0.0345207117497921
YDL036C,YBL026W,1,1.1284741,0.5536869168281555,0.4254473149776459,0.0345207117497921
YNL273W,YMR288W,0,1.1260084,0.552971601486206,0.4254473149776459,0.034620773047208786
YEL042W,YHR203C,0,1.1239911,0.5522580742835999,0.4254473149776459,0.03472083434462547
YBR061C,YMR059W,1,1.1237366,0.5528350472450256,0.42644134163856506,0.03472083434462547
YOR245C,YEL030W,0,1.1229607,0.5521235466003418,0.42644134163856506,0.03482089191675186
YPL101W,YBR167C,1,1.1199478,0.5526992082595825,0.42743539810180664,0.03482089191675186
YLR384C,YAR008W,1,1.1197736,0.5532734394073486,0.42842942476272583,0.03482089191675186
YOR341W,YNL222W,0,1.1195272,0.5525640845298767,0.42842942476272583,0.03492095321416855
YJL208C,YBL034C,0,1.1192288,0.5518565773963928,0.42842942476272583,0.03502101078629494
YGL092W,YNL062C,1,1.117251,0.5524296760559082,0.429423451423645,0.03502101078629494
YOR279C,YDR020C,0,1.1170253,0.5517241358757019,0.429423451423645,0.035121072083711624
YNL202W,YBR230C,0,1.1141055,0.5510203838348389,0.429423451423645,0.03522113338112831
YER159C,YLR026C,0,1.1140963,0.5503184795379639,0.429423451423645,0.0353211909532547
YBR029C,YEL037C,0,1.114086,0.5496183037757874,0.429423451423645,0.03542125225067139
YDL036C,YER112W,1,1.1135899,0.5501905679702759,0.4304175078868866,0.03542125225067139
YNL123W,YBR141C,0,1.113193,0.549492359161377,0.4304175078868866,0.035521313548088074
YJR140C,YDR399W,0,1.1128496,0.5487959384918213,0.4304175078868866,0.03562137112021446
YOR360C,YNL182C,0,1.1124097,0.5481012463569641,0.4304175078868866,0.03572143241763115
YMR220W,YNR048W,0,1.1123127,0.5474083423614502,0.4304175078868866,0.035821493715047836
YLR438C-A,YML014W,1,1.1085552,0.5479797720909119,0.4314115345478058,0.035821493715047836
YOR141C,YDR416W,0,1.106419,0.5472887754440308,0.4314115345478058,0.035921551287174225
YGL050W,YOR243C,1,1.1057724,0.5478589534759521,0.432405561208725,0.035921551287174225
YIL044C,YML098W,0,1.1055368,0.5471698045730591,0.432405561208725,0.03602161258459091
YGL241W,YOL066C,0,1.1028533,0.5464823842048645,0.432405561208725,0.0361216738820076
YMR228W,YNL172W,0,1.0996369,0.5457967519760132,0.432405561208725,0.03622173145413399
YER176W,YLR068W,0,1.0995344,0.5451127886772156,0.432405561208725,0.036321792751550674
YJL036W,YGL153W,0,1.0980237,0.5444305539131165,0.432405561208725,0.03642185404896736
YER137C,YML109W,0,1.0957884,0.543749988079071,0.432405561208725,0.03652191162109375
YBR275C,YKL176C,0,1.0939039,0.5430711507797241,0.432405561208725,0.03662197291851044
YHR148W,YJL058C,0,1.0922991,0.5423940420150757,0.432405561208725,0.036722034215927124
YDR144C,YDL191W,0,1.092152,0.5417185425758362,0.432405561208725,0.03682209178805351
YGR276C,YNL062C,1,1.0916781,0.5422885417938232,0.43339958786964417,0.03682209178805351
YKL191W,YNL021W,0,1.0916681,0.5416148900985718,0.43339958786964417,0.0369221530854702
YBR098W,YGR081C,0,1.0908936,0.540942907333374,0.43339958786964417,0.03702221438288689
YAL019W,YNL236W,0,1.0906864,0.54027259349823,0.43339958786964417,0.037122271955013275
YGR200C,YJL035C,1,1.0903511,0.5408415794372559,0.43439364433288574,0.037122271955013275
YFR014C,YOL096C,0,1.0901362,0.5401730537414551,0.43439364433288574,0.03722233325242996
YER168C,YDL112W,1,1.0872899,0.5407407283782959,0.43538767099380493,0.03722233325242996
YML061C,YJL115W,0,1.0871986,0.5400739908218384,0.43538767099380493,0.03732239454984665
YHR148W,YJL130C,0,1.0871574,0.5394088625907898,0.43538767099380493,0.03742245212197304
YMR268C,YOR098C,0,1.0863119,0.5387454032897949,0.43538767099380493,0.037522513419389725
YGL063W,YML032C,0,1.0856968,0.538083553314209,0.43538767099380493,0.03762257471680641
YOR059C,YHR191C,0,1.0848975,0.537423312664032,0.43538767099380493,0.0377226322889328
YOL093W,YAL020C,1,1.0846487,0.5379902124404907,0.4363816976547241,0.0377226322889328
YGR098C,YML109W,0,1.0834694,0.5373317003250122,0.4363816976547241,0.03782269358634949
YKR025W,YNL085W,0,1.0829906,0.5366747975349426,0.4363816976547241,0.037922754883766174
YBR202W,YPL122C,0,1.0823587,0.5360195636749268,0.4363816976547241,0.03802281245589256
YFL025C,YGL151W,0,1.0807501,0.535365879535675,0.4363816976547241,0.03812287375330925
YAL033W,YDL036C,1,1.0805894,0.5359317660331726,0.4373757541179657,0.03812287375330925
YDR463W,YPL212C,1,1.0803671,0.5364963412284851,0.4383697807788849,0.03812287375330925
YDR473C,YPR086W,0,1.0784818,0.5358444452285767,0.4383697807788849,0.03822293505072594
YGR276C,YJL035C,1,1.0782329,0.5364077687263489,0.4393638074398041,0.03822293505072594
YDL040C,YPR110C,0,1.0776569,0.5357576012611389,0.4393638074398041,0.038322992622852325
YJL057C,YCR036W,0,1.0770699,0.5351089835166931,0.4393638074398041,0.03842305392026901
YDL092W,YLR435W,0,1.0769358,0.5344619154930115,0.4393638074398041,0.0385231152176857
YOR243C,YER146W,1,1.0760638,0.5350241661071777,0.44035786390304565,0.0385231152176857
YOR252W,YLR191W,0,1.0756465,0.5343787670135498,0.44035786390304565,0.03862317278981209
YLR061W,YJR112W,0,1.0742921,0.533734917640686,0.44035786390304565,0.038723234087228775
YNL075W,YLR293C,0,1.0742778,0.5330926775932312,0.44035786390304565,0.03882329538464546
YCL011C,YOR262W,0,1.0738752,0.5324519276618958,0.44035786390304565,0.03892335295677185
YCL024W,YMR239C,0,1.073598,0.5318127274513245,0.44035786390304565,0.03902341425418854
YGR276C,YGR030C,1,1.0732349,0.5323740839958191,0.44135189056396484,0.03902341425418854
YGL234W,YJL118W,0,1.0726653,0.5317365527153015,0.44135189056396484,0.039123475551605225
YLR316C,YGL172W,1,1.0710515,0.5322966575622559,0.44234591722488403,0.039123475551605225
YMR113W,YGL174W,0,1.0706598,0.5316606760025024,0.44234591722488403,0.03922353312373161
YDR137W,YGL171W,0,1.0693964,0.5310262441635132,0.44234591722488403,0.0393235944211483
YBR201W,YPL096W,0,1.0688719,0.5303933024406433,0.44234591722488403,0.03942365571856499
YDR037W,YIL016W,0,1.0684988,0.5297619104385376,0.44234591722488403,0.039523713290691376
YML121W,YIL040W,0,1.0675533,0.5291320085525513,0.44234591722488403,0.03962377458810806
YDR267C,YDR472W,0,1.0675403,0.5285035371780396,0.44234591722488403,0.03972383588552475
YAL033W,YBL018C,1,1.0661783,0.5290628671646118,0.4433399736881256,0.03972383588552475
YGL099W,YNL038W,0,1.0658201,0.528436005115509,0.4433399736881256,0.03982389345765114
YJL098W,YNR021W,0,1.0626342,0.5278106331825256,0.4433399736881256,0.039923954755067825
YDR500C,YMR014W,0,1.0615166,0.5271867513656616,0.4433399736881256,0.04002401605248451
YNL147W,YGL232W,1,1.0612453,0.5277450084686279,0.4443340003490448,0.04002401605248451
YGR013W,YPR060C,0,1.0609232,0.5271226167678833,0.4443340003490448,0.0401240736246109
YJL035C,YHR187W,1,1.0586303,0.5276796221733093,0.445328027009964,0.0401240736246109
YJR144W,YLR367W,0,1.0567251,0.5270588397979736,0.445328027009964,0.04022413492202759
YDR468C,YER115C,0,1.0554537,0.5264394879341125,0.445328027009964,0.040324196219444275
YJL045W,YOL060C,0,1.0547643,0.5258215665817261,0.445328027009964,0.04042425379157066
YKL110C,YHR187W,1,1.0541499,0.5263774991035461,0.4463220536708832,0.04042425379157066
YMR059W,YGL186C,0,1.0537748,0.5257611274719238,0.4463220536708832,0.04052431508898735
YGL189C,YKL216W,0,1.0512892,0.5251461863517761,0.4463220536708832,0.04062437638640404
YKL203C,YOR320C,0,1.0489788,0.5245327353477478,0.4463220536708832,0.040724433958530426
YDR104C,YMR277W,0,1.0481821,0.5239206552505493,0.4463220536708832,0.04082449525594711
YOL124C,YER112W,1,1.0473912,0.5244755148887634,0.44731611013412476,0.04082449525594711
YOL093W,YMR283C,1,1.0464919,0.5250291228294373,0.44831013679504395,0.04082449525594711
YAL060W,YIL157C,0,1.0462998,0.5244185924530029,0.44831013679504395,0.0409245565533638
YHR062C,YMR283C,1,1.046148,0.5249709486961365,0.44930416345596313,0.0409245565533638
YDR097C,YKL074C,0,1.0456918,0.5243619680404663,0.44930416345596313,0.04102461412549019
YLR316C,YMR047C,1,1.0454689,0.5249130725860596,0.4502982199192047,0.04102461412549019
YLR085C,YML059C,0,1.0453249,0.5243055820465088,0.4502982199192047,0.041124675422906876
YPR010C,YER016W,0,1.0452588,0.5236994028091431,0.4502982199192047,0.041224732995033264
YDR513W,YLR070C,0,1.0434076,0.5230947136878967,0.4502982199192047,0.04132479429244995
YOL093W,YMR059W,1,1.0433104,0.523644745349884,0.4512922465801239,0.04132479429244995
YOR253W,YPL081W,0,1.0430582,0.5230414867401123,0.4512922465801239,0.04142485558986664
YPR009W,YFR038W,0,1.0419233,0.5224395990371704,0.4512922465801239,0.04152491316199303
YGR125W,YPL115C,0,1.0395081,0.5218390822410583,0.4512922465801239,0.041624974459409714
YLR145W,YJL140W,0,1.0390252,0.5212399363517761,0.4512922465801239,0.0417250357568264
YPL241C,YDR190C,0,1.0372853,0.5206422209739685,0.4512922465801239,0.04182509332895279
YOR106W,YGL122C,0,1.0365963,0.520045816898346,0.4512922465801239,0.041925154626369476
YJR041C,YDR064W,0,1.0350513,0.5194507837295532,0.4512922465801239,0.04202521592378616
YKL006C-A,YJR070C,0,1.0344007,0.5188571214675903,0.4512922465801239,0.04212527349591255
YAL033W,YGL211W,1,1.0334605,0.5194063782691956,0.4522862732410431,0.04212527349591255
YER137C,YCL016C,0,1.03112,0.5188141465187073,0.4522862732410431,0.04222533479332924
YOL097C,YDR303C,0,1.0289334,0.518223226070404,0.4522862732410431,0.042325396090745926
YKL110C,YBL026W,1,1.0286961,0.5187713503837585,0.45328032970428467,0.042325396090745926
YML069W,YNL152W,0,1.0278978,0.5181818008422852,0.45328032970428467,0.042425453662872314
YLR316C,YAR008W,1,1.02781,0.5187287330627441,0.45427435636520386,0.042425453662872314
YLR228C,YPL176C,0,1.0261596,0.5181406140327454,0.45427435636520386,0.042525514960289
YPL065W,YMR283C,0,1.0255543,0.5175538063049316,0.45427435636520386,0.04262557625770569
YPL167C,YML121W,0,1.0242579,0.516968309879303,0.45427435636520386,0.04272563382983208
YOR094W,YDR472W,0,1.0205659,0.5163841843605042,0.45427435636520386,0.042825695127248764
YGL071W,YDR080W,0,1.018855,0.5158013701438904,0.45427435636520386,0.04292575642466545
YHR019C,YPR163C,0,1.017841,0.5152198672294617,0.45427435636520386,0.04302581399679184
YJR093C,YLR435W,0,1.0164438,0.5146396160125732,0.45427435636520386,0.04312587529420853
YGR225W,YGR044C,0,1.0157334,0.5140607357025146,0.45427435636520386,0.043225936591625214
YNL153C,YML102W,0,1.0153306,0.5134831666946411,0.45427435636520386,0.0433259941637516
YPL233W,YDL150W,0,1.0145553,0.5129068493843079,0.45427435636520386,0.04342605546116829
YDR163W,YCR027C,0,1.014522,0.5123318433761597,0.45427435636520386,0.043526116758584976
YDL201W,YDR378C,1,1.0133168,0.5128779411315918,0.45526838302612305,0.043526116758584976
YGR276C,YPL212C,1,1.0126354,0.5134228467941284,0.4562624394893646,0.043526116758584976
YHR154W,YKL134C,0,1.0121545,0.5128491520881653,0.4562624394893646,0.043626174330711365
YDR243C,YER073W,0,1.0119427,0.5122767686843872,0.4562624394893646,0.04372623562812805
YHR196W,YLR249W,0,1.011825,0.5117056965827942,0.4562624394893646,0.04382629692554474
YFR049W,YOL032W,0,1.0108621,0.5111358761787415,0.4562624394893646,0.04392635449767113
YBR257W,YGR276C,1,1.0104336,0.5116796493530273,0.4572564661502838,0.04392635449767113
YHR035W,YML121W,0,1.0100869,0.5111111402511597,0.4572564661502838,0.044026415795087814
YPL101W,YDR378C,1,1.0090601,0.51165372133255,0.458250492811203,0.044026415795087814
YKR024C,YKL112W,0,1.008089,0.5110864639282227,0.458250492811203,0.0441264770925045
YER168C,YPL030W,1,1.0070027,0.5116279125213623,0.4592445194721222,0.0441264770925045
YNR052C,YJR004C,0,1.0062736,0.51106196641922,0.4592445194721222,0.04422653466463089
YMR146C,YDR352W,0,1.0055586,0.5104972124099731,0.4592445194721222,0.04432659596204758
YDR268W,YLR382C,0,1.004969,0.5099337697029114,0.4592445194721222,0.044426657259464264
YGL236C,YNL292W,1,1.0033957,0.5104740858078003,0.46023857593536377,0.044426657259464264
YKL063C,YJR014W,0,1.0022699,0.5099118947982788,0.46023857593536377,0.04452671483159065
YER006W,YER168C,0,1.0014195,0.5093509554862976,0.46023857593536377,0.04462677612900734
YOL124C,YLR115W,0,1.0008587,0.5087912082672119,0.46023857593536377,0.044726837426424026
YOL097C,YGL030W,0,1.0001584,0.5082327127456665,0.46023857593536377,0.044826894998550415
YML014W,YER146W,1,0.9998181,0.5087719559669495,0.46123260259628296,0.044826894998550415
YLR401C,YGL236C,1,0.99952066,0.5093099474906921,0.46222662925720215,0.044826894998550415
YLL012W,YOR172W,0,0.997995,0.5087527632713318,0.46222662925720215,0.0449269562959671
YML026C,YLL034C,0,0.997604,0.5081967115402222,0.46222662925720215,0.04502701759338379
YIL061C,YGL078C,0,0.9967712,0.5076419115066528,0.46222662925720215,0.04512707516551018
YLR438C-A,YNL282W,1,0.990265,0.5081788301467896,0.4632206857204437,0.04512707516551018
YGL172W,YPL043W,0,0.9897839,0.5076252818107605,0.4632206857204437,0.045227136462926865
YLR016C,YJR063W,0,0.9894041,0.507072925567627,0.4632206857204437,0.04532719776034355
YLR105C,YMR059W,1,0.9891193,0.5076087117195129,0.4642147123813629,0.04532719776034355
YMR059W,YHR006W,1,0.9890778,0.5081433057785034,0.4652087390422821,0.04532719776034355
YDL112W,YGL243W,1,0.98850894,0.5086767673492432,0.4662027955055237,0.04532719776034355
YNL047C,YNL164C,0,0.98811185,0.5081256628036499,0.4662027955055237,0.04542725533246994
YBR167C,YHR070W,1,0.98784816,0.5086579918861389,0.46719682216644287,0.04542725533246994
YKR045C,YCL054W,0,0.9872277,0.5081080794334412,0.46719682216644287,0.04552731662988663
YHR066W,YLR406C,0,0.98713934,0.5075594186782837,0.46719682216644287,0.045627377927303314
YOR251C,YER146W,1,0.9868431,0.508090615272522,0.46819084882736206,0.045627377927303314
YBR121C,YDR500C,0,0.9866836,0.5075430870056152,0.46819084882736206,0.0457274354994297
YGL050W,YAL020C,1,0.9859575,0.5080732107162476,0.46918490529060364,0.0457274354994297
YLR320W,YGL220W,0,0.9850043,0.5075268745422363,0.46918490529060364,0.04582749679684639
YPL110C,YCR060W,0,0.9850007,0.5069817304611206,0.46918490529060364,0.04592755809426308
YDL040C,YIL020C,0,0.98385906,0.5064377784729004,0.46918490529060364,0.046027615666389465
YML019W,YFR001W,0,0.9836186,0.5058949589729309,0.46918490529060364,0.04612767696380615
YGR172C,YGL111W,0,0.9834691,0.5053533315658569,0.46918490529060364,0.04622773826122284
YDR005C,YLR093C,0,0.9833118,0.5048128366470337,0.46918490529060364,0.04632779583334923
YBR018C,YPL066W,0,0.9830712,0.504273533821106,0.46918490529060364,0.046427857130765915
YJR103W,YBR006W,0,0.9822166,0.5037353038787842,0.46918490529060364,0.0465279184281826
YLR132C,YMR170C,0,0.9788145,0.5031982660293579,0.46918490529060364,0.04662797600030899
YGL050W,YBR167C,1,0.97864664,0.503727376461029,0.4701789319515228,0.04662797600030899
YDR365C,YPL094C,0,0.97821224,0.5031914710998535,0.4701789319515228,0.04672803729772568
YFR049W,YIL097W,0,0.9781945,0.5026567578315735,0.4701789319515228,0.046828098595142365
YOL102C,YLR105C,1,0.9772912,0.5031847357749939,0.471172958612442,0.046828098595142365
YKL205W,YOR194C,0,0.97681737,0.5026510953903198,0.471172958612442,0.04692815616726875
YBR278W,YGR095C,0,0.97613335,0.5021186470985413,0.471172958612442,0.04702821746468544
YJL162C,YLR244C,0,0.97504413,0.5015873312950134,0.471172958612442,0.04712827876210213
YGL112C,YMR300C,0,0.9748765,0.5010570883750916,0.471172958612442,0.047228336334228516
YNL029C,YDR280W,0,0.97465074,0.5005279779434204,0.471172958612442,0.0473283976316452
YLR347C,YDR097C,0,0.9742528,0.5,0.471172958612442,0.04742845892906189
YPL030W,YGL236C,1,0.97320044,0.5005268454551697,0.4721669852733612,0.04742845892906189
YML041C,YJR082C,0,0.9731505,0.5,0.4721669852733612,0.04752851650118828
YPR107C,YIR011C,0,0.97310483,0.4994742274284363,0.4721669852733612,0.047628577798604965
YMR312W,YMR059W,1,0.97259223,0.5,0.4731610417366028,0.047628577798604965
YNL035C,YER074W,0,0.9708866,0.4994753301143646,0.4731610417366028,0.047728635370731354
YLR222C,YKR007W,0,0.9698944,0.49895179271698,0.4731610417366028,0.04782869666814804
YOR205C,YDR123C,0,0.96949875,0.4984293282032013,0.4731610417366028,0.04792875796556473
YOR336W,YER049W,0,0.9643533,0.49790793657302856,0.4731610417366028,0.048028815537691116
YOR272W,YMR283C,0,0.9629806,0.49738767743110657,0.4731610417366028,0.0481288768351078
YDR280W,YHR039C,0,0.96244025,0.49686846137046814,0.4731610417366028,0.04822893813252449
YDR170C,YOL102C,0,0.96236897,0.49635037779808044,0.4731610417366028,0.04832899570465088
YLR384C,YOR251C,1,0.96093476,0.49687498807907104,0.474155068397522,0.04832899570465088
YNL126W,YDR097C,0,0.9598856,0.4963579475879669,0.474155068397522,0.048429057002067566
YNL087W,YHR050W,0,0.95901275,0.49584200978279114,0.474155068397522,0.04852911829948425
YDL201W,YOR251C,1,0.9584367,0.4963655173778534,0.47514909505844116,0.04852911829948425
YJL200C,YNL294C,0,0.9583181,0.4958506226539612,0.47514909505844116,0.04862917587161064
YGR202C,YNL062C,0,0.95813537,0.4953368008136749,0.47514909505844116,0.04872923716902733
YPL207W,YNL147W,1,0.95808923,0.49585920572280884,0.47614315152168274,0.04872923716902733
YEL043W,YPL209C,0,0.9575254,0.49534642696380615,0.47614315152168274,0.048829298466444016
YGR278W,YNL107W,0,0.9554521,0.4948347210884094,0.47614315152168274,0.048929356038570404
YIL085C,YPL254W,0,0.95543444,0.49432405829429626,0.47614315152168274,0.04902941733598709
YFR036W,YOR283W,0,0.9545953,0.4938144385814667,0.47614315152168274,0.04912947863340378
YLR438C-A,YGL092W,1,0.9545897,0.49433574080467224,0.47713717818260193,0.04912947863340378
YOR324C,YNL182C,0,0.95398283,0.4938271641731262,0.47713717818260193,0.04922953620553017
YOR138C,YNR048W,0,0.9539788,0.49331963062286377,0.47713717818260193,0.049329597502946854
YPL101W,YLR430W,1,0.95288956,0.493839830160141,0.4781312048435211,0.049329597502946854
YPR086W,YDL002C,0,0.95140016,0.4933333396911621,0.4781312048435211,0.04942965880036354
YPL176C,YJR054W,0,0.9510535,0.4928278625011444,0.4781312048435211,0.04952971637248993
YOL066C,YBL018C,1,0.95061076,0.4933469891548157,0.4791252613067627,0.04952971637248993
YGL020C,YNL147W,0,0.94936955,0.49284252524375916,0.4791252613067627,0.049629777669906616
YOR251C,YNR015W,1,0.94925153,0.49336057901382446,0.4801192879676819,0.049629777669906616
YBR217W,YKL041W,0,0.9489665,0.4928571283817291,0.4801192879676819,0.0497298389673233
YDL003W,YOR207C,0,0.9483594,0.49235475063323975,0.4801192879676819,0.04982989653944969
YDR463W,YNR015W,1,0.94825506,0.4928717017173767,0.4811133146286011,0.04982989653944969
YHL017W,YBR235W,0,0.947677,0.4923703074455261,0.4811133146286011,0.04992995783686638
YMR283C,YDR113C,0,0.94707334,0.4918699264526367,0.4811133146286011,0.050030019134283066
YPL082C,YDL227C,0,0.94644916,0.4913705587387085,0.4811133146286011,0.050130076706409454
YDR310C,YOR279C,0,0.9463295,0.49087220430374146,0.4811133146286011,0.05023013800382614
YDR182W,YEL056W,0,0.9462358,0.4903748631477356,0.4811133146286011,0.05033019930124283
YPL001W,YNL103W,0,0.9462346,0.4898785352706909,0.4811133146286011,0.05043025687336922
YMR276W,YIL153W,0,0.94612753,0.4893832206726074,0.4811133146286011,0.050530318170785904
YKR083C,YDR365C,0,0.945649,0.4888888895511627,0.4811133146286011,0.05063037946820259
YIR031C,YKR022C,0,0.94540346,0.4883955717086792,0.4811133146286011,0.05073043704032898
YJR063W,YER093C,0,0.944543,0.4879032373428345,0.4811133146286011,0.050830498337745667
YNL221C,YGR030C,1,0.9436201,0.48841893672943115,0.48210734128952026,0.050830498337745667
YPL228W,YGR046W,0,0.94313776,0.48792755603790283,0.48210734128952026,0.050930559635162354
YDR463W,YBL018C,1,0.942806,0.48844221234321594,0.48310139775276184,0.050930559635162354
YDL036C,YJL035C,1,0.9402369,0.4889558255672455,0.48409542441368103,0.050930559635162354
YGR246C,YDR371W,0,0.94001865,0.48846539855003357,0.48409542441368103,0.05103061720728874
YNL250W,YKR081C,0,0.9397057,0.48797595500946045,0.48409542441368103,0.05113067850470543
YDR398W,YER032W,0,0.93953264,0.4874874949455261,0.48409542441368103,0.051230739802122116
YOR144C,YBR094W,0,0.93942547,0.4869999885559082,0.48409542441368103,0.051330797374248505
YFL017W-A,YGL171W,0,0.93808496,0.48651349544525146,0.48409542441368103,0.05143085867166519
YGR276C,YHR062C,1,0.9380454,0.4870259463787079,0.4850894510746002,0.05143085867166519
YLR270W,YLR151C,0,0.9378725,0.48654037714004517,0.4850894510746002,0.05153091996908188
YFL001W,YJL035C,1,0.93724644,0.487051784992218,0.4860835075378418,0.05153091996908188
YDR163W,YNL163C,0,0.9371325,0.4865671694278717,0.4860835075378418,0.05163097754120827
YDR488C,YLR129W,0,0.93690085,0.4860835075378418,0.4860835075378418,0.051731038838624954
YKL166C,YKR028W,0,0.9365363,0.4856007993221283,0.4860835075378418,0.05183110013604164
YPL212C,YGR129W,0,0.9334383,0.4851190447807312,0.4860835075378418,0.05193115770816803
YCR060W,YLR016C,0,0.93305266,0.4846382439136505,0.4860835075378418,0.05203121900558472
YER129W,YDR075W,0,0.931484,0.4841584265232086,0.4860835075378418,0.052131280303001404
YJL125C,YGL172W,1,0.93123925,0.48466864228248596,0.487077534198761,0.052131280303001404
YOR073W,YKL008C,0,0.9299344,0.4841897189617157,0.487077534198761,0.05223133787512779
YNL282W,YGR120C,0,0.92848575,0.48371174931526184,0.487077534198761,0.05233139917254448
YJL122W,YPR133C,0,0.9283036,0.483234703540802,0.487077534198761,0.052431460469961166
YJL186W,YOL061W,0,0.9281967,0.48275861144065857,0.487077534198761,0.052531518042087555
YIL133C,YEL055C,0,0.9281032,0.48228347301483154,0.487077534198761,0.05263157933950424
YGR030C,YOL141W,1,0.9264322,0.48279252648353577,0.4880715608596802,0.05263157933950424
YER146W,YNR015W,1,0.9264128,0.4833005964756012,0.48906561732292175,0.05263157933950424
YBR227C,YML016C,0,0.9263927,0.482826292514801,0.48906561732292175,0.05273164063692093
YGL257C,YNL262W,0,0.92524415,0.48235294222831726,0.48906561732292175,0.05283169820904732
YOR001W,YGL063W,1,0.9251744,0.48285993933677673,0.49005964398384094,0.05283169820904732
YER168C,YGL243W,1,0.92497504,0.4833659529685974,0.49105367064476013,0.05283169820904732
YOR272W,YJL118W,0,0.92364615,0.4828934371471405,0.49105367064476013,0.052931759506464005
YMR110C,YOR292C,0,0.92331374,0.482421875,0.49105367064476013,0.05303182080388069
YJL117W,YFL001W,0,0.92303723,0.48195120692253113,0.49105367064476013,0.05313187837600708
YER103W,YML130C,0,0.9227675,0.48148149251937866,0.49105367064476013,0.05323193967342377
YBR167C,YNL292W,1,0.9209331,0.4819863736629486,0.4920477271080017,0.05323193967342377
YMR312W,YMR283C,1,0.9205092,0.48249027132987976,0.4930417537689209,0.05323193967342377
YIL015W,YGL044C,0,0.9191233,0.48202139139175415,0.4930417537689209,0.053332000970840454
YOL125W,YAL020C,1,0.91910505,0.4825242757797241,0.4940357804298401,0.053332000970840454
YMR075W,YOR294W,0,0.91816026,0.48205626010894775,0.4940357804298401,0.05343205854296684
YGR065C,YGR251W,0,0.9176265,0.481589138507843,0.4940357804298401,0.05353211984038353
YML007W,YKL176C,0,0.9173899,0.4811229407787323,0.4940357804298401,0.05363218113780022
YOR189W,YGL174W,0,0.91624856,0.4806576371192932,0.4940357804298401,0.053732238709926605
YMR049C,YOR334W,0,0.9149544,0.48019322752952576,0.4940357804298401,0.05383230000734329
YBR121C,YJR105W,0,0.91479224,0.4797297418117523,0.4940357804298401,0.05393235757946968
YNL035C,YJR032W,0,0.9139259,0.4792671203613281,0.4940357804298401,0.05403241887688637
YLR061W,YNR038W,0,0.9100401,0.47880539298057556,0.4940357804298401,0.054132480174303055
YDL098C,YNL048W,0,0.90900046,0.47834455966949463,0.4940357804298401,0.05423253774642944
YJL173C,YPL266W,0,0.9087374,0.4778846204280853,0.4940357804298401,0.05433259904384613
YKR045C,YKR002W,0,0.90847003,0.47742554545402527,0.4940357804298401,0.05443266034126282
YPL043W,YAR003W,0,0.9083664,0.47696736454963684,0.4940357804298401,0.054532717913389206
YPR105C,YMR077C,0,0.90720516,0.47651007771492004,0.4940357804298401,0.05463277921080589
YOR001W,YPL083C,1,0.90639067,0.477011501789093,0.4950298070907593,0.05463277921080589
YIL137C,YGL131C,0,0.90626603,0.4765550196170807,0.4950298070907593,0.05473284050822258
YGL243W,YPL086C,1,0.9058176,0.47705546021461487,0.49602386355400085,0.05473284050822258
YPL101W,YOR251C,1,0.9048021,0.47755491733551025,0.49701789021492004,0.05473284050822258
YBL026W,YJL087C,1,0.9045189,0.47805342078208923,0.49801191687583923,0.05473284050822258
YMR270C,YJR090C,0,0.9037044,0.477597713470459,0.49801191687583923,0.05483289808034897
YPL083C,YNL292W,1,0.9032235,0.47809523344039917,0.4990059733390808,0.05483289808034897
YNL175C,YER151C,0,0.9018367,0.4776403307914734,0.4990059733390808,0.054932959377765656
YLL036C,YGR177C,0,0.9015374,0.47718632221221924,0.4990059733390808,0.05503302067518234
YBR103W,YIL130W,0,0.8984785,0.47673314809799194,0.4990059733390808,0.05513307824730873
YBL047C,YJR073C,0,0.89837456,0.4762808382511139,0.4990059733390808,0.05523313954472542
YOL051W,YLL067C,0,0.8982845,0.4758293926715851,0.4990059733390808,0.055333200842142105
YNL202W,YGR193C,0,0.8978494,0.47537878155708313,0.4990059733390808,0.055433258414268494
YKR060W,YOR089C,0,0.89643854,0.4749290347099304,0.4990059733390808,0.05553331971168518
YDL059C,YIL139C,0,0.89546144,0.47448015213012695,0.4990059733390808,0.05563338100910187
YKL069W,YMR220W,0,0.8940342,0.47403210401535034,0.4990059733390808,0.055733438581228256
YHR197W,YGR033C,0,0.8938589,0.473584920167923,0.4990059733390808,0.05583349987864494
YIR031C,YLR435W,0,0.8938563,0.4731385409832001,0.4990059733390808,0.05593356117606163
YPL101W,YGL236C,1,0.89105976,0.47363466024398804,0.5,0.05593356117606163
YDL149W,YLR345W,0,0.8904888,0.4731890857219696,0.5,0.05603361874818802
YGL122C,YOL135C,0,0.8897923,0.4727443754673004,0.5,0.056133680045604706
YLR438C-A,YNL062C,1,0.8895484,0.4732394218444824,0.5009940266609192,0.056133680045604706
YKL110C,YER146W,1,0.8887217,0.4737335741519928,0.5019880533218384,0.056133680045604706
YDR463W,YPR133C,0,0.88752764,0.4732896089553833,0.5019880533218384,0.05623374134302139
YDR463W,YHR187W,1,0.88642424,0.4737827777862549,0.5029820799827576,0.05623374134302139
YML036W,YOL102C,0,0.8856312,0.4733395576477051,0.5029820799827576,0.05633379891514778
YLR316C,YNL282W,1,0.8843919,0.47383177280426025,0.5039761662483215,0.05633379891514778
YBR234C,YKL093W,0,0.884326,0.4733893573284149,0.5039761662483215,0.05643386021256447
YGR030C,YLR430W,1,0.8842231,0.4738805890083313,0.5049701929092407,0.05643386021256447
YMR308C,YER019W,0,0.8834775,0.47343894839286804,0.5049701929092407,0.056533921509981155
YJR021C,YGL073W,0,0.88342756,0.47299814224243164,0.5049701929092407,0.056633979082107544
YMR047C,YML114C,0,0.8828409,0.4725581407546997,0.5049701929092407,0.05673404037952423
YDL006W,YDR165W,1,0.8827922,0.4730483293533325,0.5059642195701599,0.05673404037952423
YGL107C,YGR033C,0,0.8823104,0.47260910272598267,0.5059642195701599,0.05683410167694092
YNL147W,YNL292W,1,0.8798257,0.4730983376502991,0.5069582462310791,0.05683410167694092
YNL221C,YOR251C,1,0.87934864,0.47358664870262146,0.5079522728919983,0.05683410167694092
YGL023C,YNL116W,0,0.878829,0.4731481373310089,0.5079522728919983,0.056934159249067307
YDL006W,YNL062C,1,0.878598,0.4736355245113373,0.5089462995529175,0.056934159249067307
YKL055C,YGL016W,0,0.8780887,0.4731977880001068,0.5089462995529175,0.057034220546483994
YOR260W,YLR220W,0,0.8774017,0.4727608561515808,0.5089462995529175,0.05713428184390068
YJR031C,YLR033W,0,0.8770788,0.4723247289657593,0.5089462995529175,0.05723433941602707
YPR104C,YER127W,0,0.8763887,0.4718894064426422,0.5089462995529175,0.057334400713443756
YDL201W,YOL141W,1,0.875938,0.47237569093704224,0.5099403858184814,0.057334400713443756
YLR107W,YPL120W,0,0.8757309,0.47194111347198486,0.5099403858184814,0.05743446201086044
YKL203C,YAL019W,0,0.87445843,0.47150734066963196,0.5099403858184814,0.05753451958298683
YMR312W,YER112W,1,0.87421876,0.4719926416873932,0.5109344124794006,0.05753451958298683
YLL052C,YIR032C,0,0.87359524,0.47155964374542236,0.5109344124794006,0.05763458088040352
YOR089C,YNL147W,0,0.8727608,0.4711274206638336,0.5109344124794006,0.057734642177820206
YPL011C,YNL232W,0,0.87204635,0.47069597244262695,0.5109344124794006,0.057834699749946594
YER022W,YEL029C,0,0.87077445,0.47026532888412476,0.5109344124794006,0.05793476104736328
YAR014C,YNL172W,0,0.87018156,0.46983546018600464,0.5109344124794006,0.05803482234477997
YPL008W,YOR106W,0,0.86960906,0.469406396150589,0.5109344124794006,0.05813487991690636
YFR013W,YGL113W,0,0.8687754,0.4689781069755554,0.5109344124794006,0.058234941214323044
YLR011W,YPR094W,0,0.8684629,0.46855059266090393,0.5109344124794006,0.05833500251173973
YOR340C,YDL211C,0,0.86681455,0.4681238532066345,0.5109344124794006,0.05843506008386612
YKR068C,YDL077C,0,0.8639266,0.4676979184150696,0.5109344124794006,0.058535121381282806
YOL066C,YPL212C,1,0.86370265,0.4681818187236786,0.5119284391403198,0.058535121381282806
YLR440C,YOR206W,0,0.86319095,0.46775659918785095,0.5119284391403198,0.05863518267869949
YGR280C,YHL015W,0,0.8626612,0.467332124710083,0.5119284391403198,0.05873524025082588
YLR316C,YLR438C-A,1,0.8623175,0.4678150415420532,0.512922465801239,0.05873524025082588
YLR017W,YKR096W,0,0.8615977,0.46739131212234497,0.512922465801239,0.05883530154824257
YCR066W,YOR359W,0,0.8615148,0.4669683277606964,0.512922465801239,0.058935362845659256
YKL005C,YDL235C,0,0.86137736,0.46654611825942993,0.512922465801239,0.059035420417785645
YNL058C,YPL015C,0,0.86121273,0.46612465381622314,0.512922465801239,0.05913548171520233
YER175C,YPL230W,0,0.8612086,0.46570396423339844,0.512922465801239,0.05923554301261902
YDR485C,YEL022W,0,0.86081105,0.4652840495109558,0.512922465801239,0.05933560058474541
YDR309C,YDR165W,0,0.8603751,0.4648648500442505,0.512922465801239,0.059435661882162094
YGL050W,YGL236C,1,0.8589128,0.4653465449810028,0.5139164924621582,0.059435661882162094
YMR218C,YIL085C,0,0.85871845,0.4649280607700348,0.5139164924621582,0.05953572317957878
YOR264W,YMR168C,0,0.85758233,0.46451032161712646,0.5139164924621582,0.05963578075170517
YML005W,YDR378C,1,0.8569244,0.46499103307724,0.5149105191230774,0.05963578075170517
YKL114C,YPL086C,0,0.85589373,0.4645739793777466,0.5149105191230774,0.05973584204912186
YGL063W,YNL292W,1,0.85567707,0.4650537669658661,0.5159045457839966,0.05973584204912186
YLL021W,YGL236C,0,0.85438657,0.46463742852211,0.5159045457839966,0.059835903346538544
YDR285W,YOL145C,0,0.85395527,0.4642218351364136,0.5159045457839966,0.05993596091866493
YBR049C,YMR125W,0,0.85255235,0.46380695700645447,0.5159045457839966,0.06003602221608162
YGL172W,YNL292W,1,0.8523963,0.4642857015132904,0.5168986320495605,0.06003602221608162
YBL024W,YER146W,1,0.8519393,0.4647636115550995,0.5178926587104797,0.06003602221608162
YER074W,YMR269W,0,0.8517725,0.4643493890762329,0.5178926587104797,0.06013607978820801
YKL110C,YOL141W,1,0.85082,0.4648263454437256,0.5188866853713989,0.06013607978820801
YCL016C,YKL172W,0,0.8495352,0.4644128084182739,0.5188866853713989,0.060236141085624695
YPR182W,YCR035C,0,0.8491298,0.46399998664855957,0.5188866853713989,0.06033620238304138
YMR216C,YLR442C,0,0.8487684,0.4635879099369049,0.5188866853713989,0.06043625995516777
YCR036W,YIR007W,0,0.8477696,0.46317657828330994,0.5188866853713989,0.06053632125258446
YGL167C,YPL122C,0,0.84714997,0.46276596188545227,0.5188866853713989,0.060636382550001144
YDR087C,YGL144C,0,0.8468519,0.4623560607433319,0.5188866853713989,0.06073644012212753
YKR026C,YGR068C,0,0.84658813,0.46194690465927124,0.5188866853713989,0.06083650141954422
YGL189C,YKL099C,0,0.8461325,0.4615384638309479,0.5188866853713989,0.06093656271696091
YNL038W,YJL124C,0,0.84544945,0.4611307382583618,0.5188866853713989,0.061036620289087296
YML107C,YDR499W,0,0.8445113,0.46072372794151306,0.5188866853713989,0.06113668158650398
YJL149W,YBR077C,0,0.84339726,0.460317462682724,0.5188866853713989,0.06123674288392067
YKL069W,YNL076W,0,0.84328103,0.45991188287734985,0.5188866853713989,0.06133680045604706
YCL001W,YAR008W,0,0.8423625,0.4595070481300354,0.5188866853713989,0.061436861753463745
YMR131C,YBR043C,0,0.84232914,0.45910289883613586,0.5188866853713989,0.06153692305088043
YKR071C,YLR003C,0,0.8421925,0.45869946479797363,0.5188866853713989,0.06163698062300682
YKL205W,YLR105C,1,0.84188265,0.4591747224330902,0.5198807120323181,0.06163698062300682
YER168C,YOL102C,1,0.84184486,0.45964911580085754,0.5208747386932373,0.06163698062300682
YMR040W,YDR268W,0,0.84144026,0.45924627780914307,0.5208747386932373,0.06173704192042351
YDR204W,YJL151C,0,0.8412739,0.4588441252708435,0.5208747386932373,0.061837103217840195
YLR051C,YDR067C,0,0.8406141,0.45844268798828125,0.5208747386932373,0.06193716078996658
YLR405W,YDL033C,1,0.8399981,0.4589160978794098,0.5218687653541565,0.06193716078996658
YIL135C,YDL132W,0,0.83880204,0.4585152864456177,0.5218687653541565,0.06203722208738327
YLR324W,YBR026C,0,0.8385759,0.45811519026756287,0.5218687653541565,0.06213728338479996
YFR009W,YHR072W,0,0.83818626,0.457715779542923,0.5218687653541565,0.062237340956926346
YDL240W,YHR169W,0,0.8380825,0.4573170840740204,0.5218687653541565,0.06233740225434303
YNL238W,YMR229C,0,0.83678824,0.4569190740585327,0.5218687653541565,0.06243746355175972
YDR082W,YKL040C,0,0.83663034,0.45652174949645996,0.5218687653541565,0.06253752112388611
YGR048W,YHR006W,0,0.835729,0.4561251103878021,0.5218687653541565,0.0626375824213028
YMR023C,YBL026W,1,0.8353585,0.4565972089767456,0.5228628516197205,0.0626375824213028
YHR148W,YAL047C,0,0.83450437,0.4562012255191803,0.5228628516197205,0.06273764371871948
YGL250W,YOL129W,0,0.8343816,0.4558058977127075,0.5228628516197205,0.06283770501613617
YOR001W,YDL083C,0,0.8338168,0.45541125535964966,0.5228628516197205,0.06293776631355286
YGR245C,YPL180W,0,0.83368903,0.4550172984600067,0.5228628516197205,0.06303782016038895
YIL133C,YOR252W,0,0.8333583,0.4546240270137787,0.5228628516197205,0.06313788145780563
YPR200C,YHR154W,0,0.8333008,0.4542314410209656,0.5228628516197205,0.06323794275522232
YHR165C,YCL024W,0,0.8317501,0.453839510679245,0.5228628516197205,0.06333800405263901
YGR007W,YDR021W,0,0.82996535,0.45344826579093933,0.5228628516197205,0.0634380653500557
YER018C,YIL085C,0,0.82996035,0.4530577063560486,0.5228628516197205,0.06353811919689178
YPL217C,YJL124C,0,0.8289785,0.45266780257225037,0.5228628516197205,0.06363818049430847
YGR276C,YHR187W,1,0.82795626,0.45313844084739685,0.5238568782806396,0.06363818049430847
YLR051C,YKL055C,0,0.82696366,0.4527491331100464,0.5238568782806396,0.06373824179172516
YMR119W,YDR196C,0,0.8261851,0.45236051082611084,0.5238568782806396,0.06383830308914185
YFL025C,YCR057C,0,0.82593966,0.4519725441932678,0.5238568782806396,0.06393836438655853
YIL096C,YBR235W,0,0.82530546,0.4515852630138397,0.5238568782806396,0.06403842568397522
YMR032W,YBR257W,0,0.8249653,0.45119863748550415,0.5238568782806396,0.06413847953081131
YCL001W,YDR156W,0,0.82387495,0.4508126676082611,0.5238568782806396,0.064238540828228
YGL049C,YMR067C,0,0.82321167,0.4504273533821106,0.5238568782806396,0.06433860212564468
YKL101W,YJL197W,0,0.8231803,0.4500426948070526,0.5238568782806396,0.06443866342306137
YOR372C,YJR047C,0,0.822972,0.44965869188308716,0.5238568782806396,0.06453872472047806
YOR254C,YIL159W,0,0.82233334,0.4492753744125366,0.5238568782806396,0.06463878601789474
YPR026W,YNL117W,0,0.8218534,0.4488926827907562,0.5238568782806396,0.06473883986473083
YIL008W,YLR347C,0,0.82177955,0.44851064682006836,0.5238568782806396,0.06483890116214752
YJR088C,YEL029C,0,0.8213085,0.448129266500473,0.5238568782806396,0.06493896245956421
YAL051W,YOR132W,0,0.8197924,0.4477485120296478,0.5238568782806396,0.0650390237569809
YKR039W,YNL121C,0,0.819059,0.44736841320991516,0.5238568782806396,0.06513908505439758
YIL035C,YDL175C,0,0.81852555,0.446988970041275,0.5238568782806396,0.06523914635181427
YAL033W,YGR169C,1,0.8184998,0.4474576413631439,0.5248509049415588,0.06523914635181427
YBR257W,YDL036C,1,0.8184531,0.44792547821998596,0.525844931602478,0.06523914635181427
YMR305C,YOR204W,0,0.8180597,0.4475465416908264,0.525844931602478,0.06533920019865036
YPL212C,YPL020C,0,0.81798285,0.447168231010437,0.525844931602478,0.06543926149606705
YLR197W,YML102W,0,0.8175254,0.44679054617881775,0.525844931602478,0.06553932279348373
YNL009W,YJR099W,0,0.81745994,0.446413516998291,0.525844931602478,0.06563938409090042
YGL050W,YHR070W,1,0.8165629,0.4468802809715271,0.5268389582633972,0.06563938409090042
YNL282W,YJL035C,1,0.81626356,0.4473462402820587,0.5278329849243164,0.06563938409090042
YML071C,YML111W,0,0.81500244,0.4469696879386902,0.5278329849243164,0.06573944538831711
YJL125C,YAL020C,1,0.8142939,0.44743481278419495,0.5288270115852356,0.06573944538831711
YGL172W,YMR005W,0,0.8141708,0.4470588266849518,0.5288270115852356,0.0658395066857338
YGL092W,YNL292W,1,0.8139029,0.4475230872631073,0.5298210978507996,0.0658395066857338
YMR167W,YJR043C,0,0.8131499,0.4471476376056671,0.5298210978507996,0.06593956053256989
YHR077C,YPR161C,0,0.8131488,0.44677284359931946,0.5298210978507996,0.06603962182998657
YJL087C,YHR204W,0,0.80962217,0.44639864563941956,0.5298210978507996,0.06613968312740326
YNL124W,YHR165C,0,0.8096194,0.4460251033306122,0.5298210978507996,0.06623974442481995
YKL043W,YOR085W,0,0.8094533,0.44565218687057495,0.5298210978507996,0.06633980572223663
YDR120C,YPL083C,1,0.808437,0.44611528515815735,0.5308151245117188,0.06633980572223663
YBR257W,YAL033W,1,0.80795777,0.44657763838768005,0.5318091511726379,0.06633980572223663
YOR038C,YMR260C,0,0.8078891,0.44620516896247864,0.5318091511726379,0.06643986701965332
YJL212C,YNL307C,0,0.8071559,0.44583332538604736,0.5318091511726379,0.06653992086648941
YML014W,YMR047C,1,0.80712414,0.44629475474357605,0.5328031778335571,0.06653992086648941
YDR178W,YOL096C,0,0.8060122,0.44592344760894775,0.5328031778335571,0.0666399821639061
YDR489W,YOL045W,0,0.80551827,0.445552796125412,0.5328031778335571,0.06674004346132278
YHR034C,YHR143W-A,0,0.8046696,0.4451827108860016,0.5328031778335571,0.06684010475873947
YHR088W,YGL130W,0,0.8045756,0.4448132812976837,0.5328031778335571,0.06694016605615616
YJL162C,YEL037C,0,0.8043412,0.4444444477558136,0.5328031778335571,0.06704022735357285
YML005W,YNL282W,1,0.80366147,0.44490471482276917,0.5337972044944763,0.06704022735357285
YLR190W,YGR038W,0,0.80292106,0.444536417722702,0.5337972044944763,0.06714028120040894
YPL244C,YNL222W,0,0.8027779,0.44416874647140503,0.5337972044944763,0.06724034249782562
YKL002W,YDR416W,0,0.8015146,0.4438016414642334,0.5337972044944763,0.06734040379524231
YKR083C,YPR022C,0,0.79964423,0.4434351921081543,0.5337972044944763,0.067440465092659
YAL033W,YDR234W,0,0.7976637,0.44306930899620056,0.5337972044944763,0.06754052639007568
YBR074W,YMR179W,0,0.79701066,0.44270405173301697,0.5337972044944763,0.06764058768749237
YMR270C,YPL064C,0,0.79604995,0.44233936071395874,0.5337972044944763,0.06774064153432846
YEL043W,YIL020C,0,0.79589784,0.44197529554367065,0.5337972044944763,0.06784070283174515
YOR094W,YBL025W,0,0.79543495,0.4416118562221527,0.5337972044944763,0.06794076412916183
YMR005W,YER056C,0,0.7952446,0.44124898314476013,0.5337972044944763,0.06804082542657852
YNL221C,YGL063W,1,0.7950836,0.4417077302932739,0.5347912311553955,0.06804082542657852
YDR488C,YGR245C,0,0.7948101,0.44134536385536194,0.5347912311553955,0.06814088672399521
YKR075C,YER069W,0,0.79458714,0.4409835934638977,0.5347912311553955,0.0682409480214119
YFL002C,YNL068C,0,0.79369247,0.4406224489212036,0.5347912311553955,0.06834100186824799
YOL066C,YOR243C,1,0.79269564,0.4410801827907562,0.5357853174209595,0.06834100186824799
YGR098C,YBR188C,0,0.79254854,0.4407195448875427,0.5357853174209595,0.06844106316566467
YPL252C,YLR183C,0,0.79163694,0.4403594732284546,0.5357853174209595,0.06854112446308136
YAR008W,YBR022W,1,0.79113376,0.44081631302833557,0.5367793440818787,0.06854112446308136
YFL025C,YPL163C,0,0.7897914,0.4404567778110504,0.5367793440818787,0.06864118576049805
YDR188W,YLR003C,0,0.7887615,0.4400978088378906,0.5367793440818787,0.06874124705791473
YLR022C,YDR303C,0,0.78824544,0.4397394061088562,0.5367793440818787,0.06884130835533142
YPL217C,YLR275W,0,0.7881744,0.43938159942626953,0.5367793440818787,0.06894136220216751
YMR112C,YPR187W,0,0.7879777,0.4390243887901306,0.5367793440818787,0.0690414234995842
YDL170W,YML080W,0,0.7871997,0.43866774439811707,0.5367793440818787,0.06914148479700089
YDL121C,YML097C,0,0.78679127,0.43831169605255127,0.5367793440818787,0.06924154609441757
YHR187W,YMR234W,0,0.78619134,0.43795621395111084,0.5367793440818787,0.06934160739183426
YJL092W,YJR112W,0,0.7856114,0.4376012980937958,0.5367793440818787,0.06944166868925095
YLR316C,YPL083C,1,0.7851255,0.43805667757987976,0.5377733707427979,0.06944166868925095
YDR160W,YDL132W,0,0.78427505,0.4377022683620453,0.5377733707427979,0.06954172253608704
YMR146C,YOR231W,0,0.7828392,0.4373484253883362,0.5377733707427979,0.06964178383350372
YDL036C,YBR167C,1,0.78234994,0.43780291080474854,0.538767397403717,0.06964178383350372
YCR043C,YLR182W,0,0.78013,0.43744954466819763,0.538767397403717,0.06974184513092041
YLR440C,YBR091C,0,0.77997315,0.4370967745780945,0.538767397403717,0.0698419064283371
YDR378C,YPL030W,1,0.7793664,0.4375503659248352,0.5397614240646362,0.0698419064283371
YCL001W,YPR113W,0,0.7792038,0.43719807267189026,0.5397614240646362,0.06994196772575378
YLR384C,YMR283C,1,0.779179,0.4376508593559265,0.5407554507255554,0.06994196772575378
YBR046C,YJR161C,0,0.77904344,0.43729904294013977,0.5407554507255554,0.07004202157258987
YBR079C,YGL195W,0,0.778653,0.4369477927684784,0.5407554507255554,0.07014208287000656
YDL165W,YPR025C,0,0.777756,0.4365971088409424,0.5407554507255554,0.07024214416742325
YJL099W,YLR442C,0,0.7776688,0.43624699115753174,0.5407554507255554,0.07034220546483994
YDR389W,YOR262W,0,0.77713734,0.43589743971824646,0.5407554507255554,0.07044226676225662
YGL067W,YJR084W,0,0.77673876,0.43554842472076416,0.5407554507255554,0.07054232805967331
YOR353C,YLL008W,0,0.77643704,0.4352000057697296,0.5407554507255554,0.0706423819065094
YJL122W,YML021C,0,0.77623886,0.43485212326049805,0.5407554507255554,0.07074244320392609
YLR105C,YPL212C,1,0.77544266,0.4353035092353821,0.5417494773864746,0.07074244320392609
YKL015W,YOR252W,0,0.77527785,0.4349561035633087,0.5417494773864746,0.07084250450134277
YBR061C,YOL141W,1,0.7747773,0.4354066848754883,0.5427435636520386,0.07084250450134277
YDR444W,YDR498C,0,0.7744506,0.4350597560405731,0.5427435636520386,0.07094256579875946
YOR078W,YOR232W,0,0.7742288,0.43471336364746094,0.5427435636520386,0.07104262709617615
YHR009C,YOR230W,0,0.7736636,0.4343675374984741,0.5427435636520386,0.07114268839359283
YKR008W,YER093C,0,0.7735974,0.4340222477912903,0.5427435636520386,0.07124274224042892
YDR463W,YNL221C,1,0.7731084,0.43447181582450867,0.5437375903129578,0.07124274224042892
YJR022W,YBR167C,1,0.7729398,0.43492063879966736,0.544731616973877,0.07124274224042892
YKR020W,YMR262W,0,0.77292705,0.43457573652267456,0.544731616973877,0.07134280353784561
YJL123C,YGR091W,0,0.7724272,0.43423137068748474,0.544731616973877,0.0714428648352623
YGR227W,YOR095C,0,0.7721737,0.4338875710964203,0.544731616973877,0.07154292613267899
YKR013W,YNL232W,0,0.77201545,0.4335443079471588,0.544731616973877,0.07164298743009567
YNL261W,YDR300C,0,0.77147704,0.4332015812397003,0.544731616973877,0.07174304872751236
YHR042W,YGL064C,0,0.7709062,0.4328593909740448,0.544731616973877,0.07184310257434845
YMR033W,YKR085C,0,0.7705814,0.43251776695251465,0.544731616973877,0.07194316387176514
YKL063C,YHR201C,0,0.77036935,0.4321766495704651,0.544731616973877,0.07204322516918182
YHL009C,YOR241W,0,0.7699291,0.4318360984325409,0.544731616973877,0.07214328646659851
YER129W,YEL029C,0,0.76932764,0.4314960539340973,0.544731616973877,0.0722433477640152
YOR261C,YGR246C,0,0.76915514,0.43115657567977905,0.544731616973877,0.07234340906143188
YDR072C,YDR235W,0,0.76805365,0.4308176040649414,0.544731616973877,0.07244346290826797
YNR046W,YDR378C,1,0.76789963,0.431264728307724,0.5457256436347961,0.07244346290826797
YDL159W,YPL012W,0,0.76755667,0.43092620372772217,0.5457256436347961,0.07254352420568466
YGR169C,YML080W,1,0.76736826,0.4313725531101227,0.5467196702957153,0.07254352420568466
YJR021C,YDR328C,0,0.76672053,0.43103447556495667,0.5467196702957153,0.07264358550310135
YOR341W,YHR168W,0,0.76664937,0.43069693446159363,0.5467196702957153,0.07274364680051804
YGL232W,YJL087C,1,0.76472545,0.4311424195766449,0.5477136969566345,0.07274364680051804
YCL039W,YJR073C,0,0.76402867,0.4308053255081177,0.5477136969566345,0.07284370809793472
YMR059W,YER112W,1,0.7638421,0.4312500059604645,0.5487077832221985,0.07284370809793472
YDR081C,YFR009W,0,0.7633116,0.43091335892677307,0.5487077832221985,0.07294376939535141
YER159C,YIL143C,0,0.7623749,0.43057721853256226,0.5487077832221985,0.0730438232421875
YBL028C,YER117W,0,0.76175153,0.4302416145801544,0.5487077832221985,0.07314388453960419
YDR497C,YKL078W,0,0.7616098,0.42990654706954956,0.5487077832221985,0.07324394583702087
YOR266W,YPL254W,0,0.76086855,0.4295719861984253,0.5487077832221985,0.07334400713443756
YJL087C,YML075C,0,0.7608485,0.429237961769104,0.5487077832221985,0.07344406843185425
YML010W,YLL021W,0,0.7602581,0.4289044141769409,0.5487077832221985,0.07354412972927094
YBR133C,YDL077C,0,0.7590934,0.4285714328289032,0.5487077832221985,0.07364418357610703
YDL006W,YLR105C,1,0.758893,0.42901474237442017,0.5497018098831177,0.07364418357610703
YAL029C,YDL209C,0,0.75822884,0.4286821782588959,0.5497018098831177,0.07374424487352371
YKR020W,YJR130C,0,0.757346,0.4283501207828522,0.5497018098831177,0.0738443061709404
YGL195W,YLR138W,0,0.7572117,0.42801856994628906,0.5497018098831177,0.07394436746835709
YGL023C,YJR042W,0,0.7566299,0.42768755555152893,0.5497018098831177,0.07404442876577377
YDL006W,YHR006W,1,0.7556261,0.42812982201576233,0.5506958365440369,0.07404442876577377
YDR473C,YBL026W,0,0.7556091,0.4277992248535156,0.5506958365440369,0.07414449006319046
YAL033W,YGL243W,1,0.75524974,0.42824074625968933,0.551689863204956,0.07414449006319046
YGR089W,YML073C,0,0.7550855,0.42791056632995605,0.551689863204956,0.07424454391002655
YNL323W,YGR221C,0,0.75491935,0.42758089303970337,0.551689863204956,0.07434460520744324
YLR451W,YMR125W,0,0.7542951,0.4272517263889313,0.551689863204956,0.07444466650485992
YBR073W,YML081W,0,0.75418323,0.42692306637763977,0.551689863204956,0.07454472780227661
YNL090W,YIL031W,0,0.75260603,0.42659491300582886,0.551689863204956,0.0746447890996933
YML100W,YJR103W,0,0.7518927,0.42626726627349854,0.551689863204956,0.07474485039710999
YNL282W,YBL079W,0,0.7516954,0.4259401261806488,0.551689863204956,0.07484490424394608
YGL232W,YBL024W,1,0.75165033,0.42638036608695984,0.5526838898658752,0.07484490424394608
YLR405W,YBR167C,1,0.75160146,0.42681992053985596,0.5536779165267944,0.07484490424394608
YML111W,YOR115C,0,0.75159246,0.4264931082725525,0.5536779165267944,0.07494496554136276
YPL212C,YDR212W,0,0.75127804,0.4261668026447296,0.5536779165267944,0.07504502683877945
YMR180C,YGR033C,0,0.7512093,0.42584097385406494,0.5536779165267944,0.07514508813619614
YOR312C,YHR065C,0,0.75108945,0.42551565170288086,0.5536779165267944,0.07524514943361282
YMR059W,YHR050W,0,0.75073075,0.42519083619117737,0.5536779165267944,0.07534521073102951
YML046W,YPL178W,0,0.75056946,0.42486652731895447,0.5536779165267944,0.0754452645778656
YML005W,YAL020C,1,0.74930614,0.4253048896789551,0.5546719431877136,0.0754452645778656
YLR003C,YKL061W,0,0.7490055,0.4249809682369232,0.5546719431877136,0.07554532587528229
YLR131C,YHR107C,0,0.7470125,0.42465752363204956,0.5546719431877136,0.07564538717269897
YBR271W,YML008C,0,0.74679816,0.4243346154689789,0.5546719431877136,0.07574544847011566
YMR312W,YNL221C,1,0.74664825,0.4247720241546631,0.5556660294532776,0.07574544847011566
YOR327C,YCR052W,0,0.7465732,0.42444950342178345,0.5556660294532776,0.07584550976753235
YLR033W,YKL077W,0,0.7456942,0.424127459526062,0.5556660294532776,0.07594557106494904
YBR091C,YGL064C,0,0.7456864,0.42380592226982117,0.5556660294532776,0.07604562491178513
YNL225C,YLR105C,0,0.7452401,0.4234848618507385,0.5556660294532776,0.07614568620920181
YMR059W,YLR376C,0,0.7448969,0.4231642782688141,0.5556660294532776,0.0762457475066185
YDR403W,YDR079W,0,0.74452794,0.42284417152404785,0.5556660294532776,0.07634580880403519
YBR103W,YIL061C,0,0.74428535,0.4225245714187622,0.5556660294532776,0.07644587010145187
YLR105C,YDL112W,1,0.7441709,0.42296072840690613,0.5566600561141968,0.07644587010145187
YMR092C,YCL039W,0,0.7435405,0.4226415157318115,0.5566600561141968,0.07654592394828796
YLR240W,YOR059C,0,0.74287295,0.4223227798938751,0.5566600561141968,0.07664598524570465
YCL036W,YDL232W,0,0.74278194,0.4220045208930969,0.5566600561141968,0.07674604654312134
YAL033W,YNL282W,1,0.7426967,0.4224397540092468,0.557654082775116,0.07674604654312134
YPL138C,YHR166C,0,0.74260753,0.42212188243865967,0.557654082775116,0.07684610784053802
YDR498C,YOL094C,0,0.74200606,0.4218045175075531,0.557654082775116,0.07694616913795471
YDR120C,YMR023C,1,0.74169105,0.42223891615867615,0.5586481094360352,0.07694616913795471
YFR014C,YIL107C,0,0.7409917,0.42192190885543823,0.5586481094360352,0.0770462304353714
YCR043C,YKR092C,0,0.7402224,0.4216054081916809,0.5586481094360352,0.07714628428220749
YNL078W,YLL031C,0,0.7394439,0.4212893545627594,0.5586481094360352,0.07724634557962418
YOL066C,YLR401C,1,0.7384714,0.4217228591442108,0.5596421360969543,0.07724634557962418
YOR001W,YDR463W,1,0.73840106,0.4221556782722473,0.5606361627578735,0.07724634557962418
YOR284W,YGR133W,0,0.73807013,0.42183995246887207,0.5606361627578735,0.07734640687704086
YLR405W,YOL141W,1,0.7378874,0.42227205634117126,0.5616301894187927,0.07734640687704086
YNR038W,YJL117W,0,0.7371876,0.4219566881656647,0.5616301894187927,0.07744646817445755
YDR463W,YNL292W,1,0.7370938,0.4223880469799042,0.5626242756843567,0.07744646817445755
YJR147W,YJL051W,0,0.7369716,0.4220730662345886,0.5626242756843567,0.07754652947187424
YDR110W,YGL085W,0,0.73605984,0.4217585623264313,0.5626242756843567,0.07764659076929092
YML100W,YFR033C,0,0.73589265,0.42144453525543213,0.5626242756843567,0.07774664461612701
YBR202W,YGR186W,0,0.7355563,0.4211309552192688,0.5626242756843567,0.0778467059135437
YPR009W,YOR304W,0,0.7353244,0.42081785202026367,0.5626242756843567,0.07794676721096039
YGL020C,YGR109C,0,0.73516256,0.42050519585609436,0.5626242756843567,0.07804682850837708
YKR008W,YNR004W,0,0.7348105,0.42019301652908325,0.5626242756843567,0.07814688980579376
YNL062C,YBR167C,1,0.7346384,0.42062315344810486,0.5636183023452759,0.07814688980579376
YGR074W,YNL024C,0,0.73385227,0.4203113317489624,0.5636183023452759,0.07824695110321045
YOR020C,YKL137W,0,0.7330809,0.41999998688697815,0.5636183023452759,0.07834700495004654
YNL221C,YHR187W,1,0.73144466,0.4204293191432953,0.5646123290061951,0.07834700495004654
YDR235W,YBR282W,0,0.73144335,0.4201183319091797,0.5646123290061951,0.07844706624746323
YDR119W,YPL252C,0,0.73091555,0.4198078215122223,0.5646123290061951,0.07854712754487991
YOL066C,YMR059W,1,0.7294638,0.42023634910583496,0.5656063556671143,0.07854712754487991
YLR105C,YNL292W,1,0.7284351,0.4206642210483551,0.5666003823280334,0.07854712754487991
YDR545W,YEL032W,0,0.72715753,0.4203539788722992,0.5666003823280334,0.0786471888422966
YBR167C,YHR006W,1,0.7255541,0.42078113555908203,0.5675944089889526,0.0786471888422966
YBL035C,YJL134W,0,0.7245254,0.42047128081321716,0.5675944089889526,0.07874725013971329
YGL167C,YGL044C,0,0.72344255,0.4201618731021881,0.5675944089889526,0.07884731143712997
YGL029W,YCR033W,0,0.7233569,0.41985294222831726,0.5675944089889526,0.07894736528396606
YIL079C,YAL014C,0,0.72270924,0.4195444583892822,0.5675944089889526,0.07904742658138275
YDR045C,YKL046C,0,0.7226631,0.419236421585083,0.5675944089889526,0.07914748787879944
YOL017W,YIL131C,0,0.7222141,0.4189288318157196,0.5675944089889526,0.07924754917621613
YLR105C,YBL024W,1,0.721717,0.4193548262119293,0.5685884952545166,0.07924754917621613
YKL029C,YLL067C,0,0.7208408,0.41904762387275696,0.5685884952545166,0.07934761047363281
YKR008W,YKR045C,0,0.7204497,0.418740838766098,0.5685884952545166,0.0794476717710495
YAL059W,YPL001W,0,0.71977687,0.4184345304965973,0.5685884952545166,0.07954772561788559
YNL054W,YML038C,0,0.719769,0.4181286692619324,0.5685884952545166,0.07964778691530228
YOR336W,YGR170W,0,0.71954036,0.4178232252597809,0.5685884952545166,0.07974784821271896
YBR155W,YMR214W,0,0.71940005,0.4175182580947876,0.5685884952545166,0.07984790951013565
YHR066W,YLR333C,0,0.71928483,0.41721370816230774,0.5685884952545166,0.07994797080755234
YER144C,YDR235W,0,0.7185847,0.4169096350669861,0.5685884952545166,0.08004803210496902
YKR056W,YJR022W,1,0.71827984,0.41733431816101074,0.5695825219154358,0.08004803210496902
YDR365C,YJL203W,0,0.7182646,0.41703057289123535,0.5695825219154358,0.08014808595180511
YBL002W,YLR009W,0,0.7180643,0.4167272746562958,0.5695825219154358,0.0802481472492218
YPR047W,YER125W,1,0.7174903,0.41715115308761597,0.570576548576355,0.0802481472492218
YCL011C,YBR049C,0,0.71748936,0.41684821248054504,0.570576548576355,0.08034820854663849
YOL124C,YGL172W,1,0.7173966,0.4172714054584503,0.5715705752372742,0.08034820854663849
YPL208W,YDR190C,0,0.7163401,0.41696882247924805,0.5715705752372742,0.08044826984405518
YPL037C,YNR053C,0,0.71576494,0.4166666567325592,0.5715705752372742,0.08054833114147186
YGR275W,YDR168W,0,0.7155873,0.41636496782302856,0.5715705752372742,0.08064839243888855
YDR190C,YNL145W,0,0.7151408,0.41606366634368896,0.5715705752372742,0.08074844628572464
YDR037W,YLL021W,0,0.7140781,0.41576284170150757,0.5715705752372742,0.08084850758314133
YNL267W,YKL033W,0,0.714019,0.4154624342918396,0.5715705752372742,0.08094856888055801
YGR030C,YOR251C,1,0.7137293,0.41588446497917175,0.5725646018981934,0.08094856888055801
YKL039W,YJL066C,0,0.7137155,0.41558441519737244,0.5725646018981934,0.0810486301779747
YGR185C,YKL186C,0,0.7129762,0.41528478264808655,0.5725646018981934,0.08114869147539139
YGL243W,YBL026W,1,0.712451,0.4157060384750366,0.5735586285591125,0.08114869147539139
YGL030W,YDL084W,0,0.71228254,0.4154067635536194,0.5735586285591125,0.08124875277280807
YEL029C,YNL181W,0,0.71175253,0.4151079058647156,0.5735586285591125,0.08134880661964417
YKR046C,YML032C,0,0.7114706,0.4148094952106476,0.5735586285591125,0.08144886791706085
YEL048C,YNL222W,0,0.7110888,0.414511501789093,0.5735586285591125,0.08154892921447754
YLR068W,YIL031W,0,0.71076244,0.4142139256000519,0.5735586285591125,0.08164899051189423
YEL044W,YPL024W,0,0.7092304,0.41391679644584656,0.5735586285591125,0.08174905180931091
YER168C,YMR283C,1,0.7087571,0.4143369197845459,0.5745526552200317,0.08174905180931091
YMR231W,YAL019W,0,0.7082273,0.41404011845588684,0.5745526552200317,0.0818491131067276
YML107C,YAL048C,0,0.70807695,0.4137437343597412,0.5745526552200317,0.08194916695356369
YCR026C,YIL030C,0,0.70792156,0.4134477972984314,0.5745526552200317,0.08204922825098038
YNL154C,YKL112W,0,0.7074678,0.4131522476673126,0.5745526552200317,0.08214928954839706
YOR144C,YGL027C,0,0.70634365,0.41285714507102966,0.5745526552200317,0.08224935084581375
YBR171W,YJR070C,0,0.70624894,0.41256245970726013,0.5745526552200317,0.08234941214323044
YDR463W,YML014W,1,0.7047674,0.41298145055770874,0.5755467414855957,0.08234941214323044
YOR229W,YGL241W,0,0.70393884,0.4126870930194855,0.5755467414855957,0.08244946599006653
YKR002W,YDL098C,0,0.7039291,0.41239315271377563,0.5755467414855957,0.08254952728748322
YCL016C,YDL005C,0,0.7037127,0.4120996296405792,0.5755467414855957,0.0826495885848999
YDR488C,YDR414C,0,0.70367,0.41180655360221863,0.5755467414855957,0.08274964988231659
YHR069C,YBR098W,0,0.70297265,0.4115138649940491,0.5755467414855957,0.08284971117973328
YDR059C,YML118W,0,0.702283,0.41122159361839294,0.5755467414855957,0.08294977247714996
YKL110C,YGL063W,1,0.70179135,0.4116394519805908,0.5765407681465149,0.08294977247714996
YMR059W,YGR024C,1,0.70161283,0.41205674409866333,0.5775347948074341,0.08294977247714996
YMR288W,YOR141C,0,0.69897914,0.4117647111415863,0.5775347948074341,0.08304982632398605
YOL052C,YLR367W,0,0.6982584,0.4114730954170227,0.5775347948074341,0.08314988762140274
YHR187W,YDR331W,0,0.6977643,0.41118189692497253,0.5775347948074341,0.08324994891881943
YNL070W,YPR072W,0,0.6974352,0.4108910858631134,0.5775347948074341,0.08335001021623611
YOL124C,YJL058C,0,0.69595116,0.4106006920337677,0.5775347948074341,0.0834500715136528
YDR145W,YMR288W,0,0.69537973,0.4103107452392578,0.5775347948074341,0.08355013281106949
YCR008W,YHR120W,0,0.69444084,0.41002118587493896,0.5775347948074341,0.08365018665790558
YOL124C,YOR251C,1,0.69386417,0.4104372262954712,0.5785288214683533,0.08365018665790558
YDR394W,YFR045W,0,0.6932467,0.4101479947566986,0.5785288214683533,0.08375024795532227
YOR106W,YLR067C,0,0.69305515,0.40985915064811707,0.5785288214683533,0.08385030925273895
YLR107W,YGR278W,0,0.69268566,0.40957072377204895,0.5785288214683533,0.08395037055015564
YDL066W,YDR303C,0,0.69245136,0.40928271412849426,0.5785288214683533,0.08405043184757233
YOL021C,YEL006W,0,0.6906349,0.4089950919151306,0.5785288214683533,0.08415049314498901
YNL067W,YOL040C,0,0.69016,0.408707857131958,0.5785288214683533,0.0842505469918251
YCR026C,YIL103W,0,0.6882237,0.40842103958129883,0.5785288214683533,0.08435060828924179
YKR068C,YDR303C,0,0.686687,0.4081346392631531,0.5785288214683533,0.08445066958665848
YBR095C,YDR363W,0,0.68632466,0.40784862637519836,0.5785288214683533,0.08455073088407516
YGL232W,YNL221C,1,0.68624175,0.40826329588890076,0.5795228481292725,0.08455073088407516
YER179W,YDR204W,0,0.68574625,0.4079776108264923,0.5795228481292725,0.08465079218149185
YAL033W,YGR179C,0,0.685727,0.4076923131942749,0.5795228481292725,0.08475085347890854
YDR123C,YPR131C,0,0.6849269,0.40740740299224854,0.5795228481292725,0.08485090732574463
YPR125W,YMR214W,0,0.68468076,0.4071229100227356,0.5795228481292725,0.08495096862316132
YJL125C,YDL033C,1,0.6846377,0.4075366258621216,0.5805168747901917,0.08495096862316132
YGL073W,YLR324W,0,0.6839293,0.4072524309158325,0.5805168747901917,0.085051029920578
YJL176C,YLR071C,0,0.68339276,0.4069686532020569,0.5805168747901917,0.08515109121799469
YHR150W,YLR193C,0,0.6829166,0.4066852331161499,0.5805168747901917,0.08525115251541138
YPL242C,YOR258W,0,0.6824448,0.40640223026275635,0.5805168747901917,0.08535121381282806
YDR123C,YER056C,0,0.6823467,0.40611961483955383,0.5805168747901917,0.08545126765966415
YBR154C,YPL016W,0,0.6822709,0.40583738684654236,0.5805168747901917,0.08555132895708084
YBR029C,YPL256C,0,0.6815145,0.4055555462837219,0.5805168747901917,0.08565139025449753
YOL094C,YML059C,0,0.68123543,0.4052741229534149,0.5805168747901917,0.08575145155191422
YGL049C,YDR294C,0,0.6806017,0.40499305725097656,0.5805168747901917,0.0858515128493309
YIL030C,YJL035C,0,0.6796987,0.40471240878105164,0.5805168747901917,0.08595157414674759
YJL186W,YGL203C,0,0.6791452,0.40443214774131775,0.5805168747901917,0.08605162799358368
YJL091C,YBR239C,0,0.6790034,0.4041522443294525,0.5805168747901917,0.08615168929100037
YER104W,YPR128C,0,0.6788163,0.4038727581501007,0.5805168747901917,0.08625175058841705
YAL011W,YDL076C,0,0.6784489,0.40359362959861755,0.5805168747901917,0.08635181188583374
YER122C,YLR143W,0,0.6779802,0.4033149182796478,0.5805168747901917,0.08645187318325043
YHR003C,YER172C,0,0.6779229,0.40303656458854675,0.5805168747901917,0.08655193448066711
YDR384C,YJL204C,0,0.6773293,0.4027586281299591,0.5805168747901917,0.0866519883275032
YMR123W,YAR009C,0,0.6770301,0.4024810492992401,0.5805168747901917,0.08675204962491989
YKR089C,YOR252W,0,0.6768953,0.40220385789871216,0.5805168747901917,0.08685211092233658
YFR050C,YLR025W,0,0.67651445,0.40192705392837524,0.5805168747901917,0.08695217221975327
YMR113W,YBR223C,0,0.67584217,0.401650607585907,0.5805168747901917,0.08705223351716995
YNR063W,YBR153W,0,0.675775,0.40137457847595215,0.5805168747901917,0.08715229481458664
YHR003C,YER151C,0,0.67558914,0.40109890699386597,0.5805168747901917,0.08725234866142273
YBR167C,YOR243C,1,0.67532945,0.40150994062423706,0.5815109610557556,0.08725234866142273
YGL133W,YNL275W,0,0.67482346,0.40123456716537476,0.5815109610557556,0.08735240995883942
YOR208W,YGR070W,0,0.67472124,0.4009595513343811,0.5815109610557556,0.0874524712562561
YOR210W,YLR383W,0,0.67444754,0.4006849229335785,0.5815109610557556,0.08755253255367279
YNL071W,YDR477W,0,0.67442346,0.4004106819629669,0.5815109610557556,0.08765259385108948
YOR085W,YMR061W,0,0.6734966,0.400136798620224,0.5815109610557556,0.08775265514850616
YGR276C,YGR200C,1,0.6731974,0.4005468189716339,0.5825049877166748,0.08775265514850616
YKL006W,YNL232W,0,0.6729185,0.40027323365211487,0.5825049877166748,0.08785270899534225
YDR207C,YIL143C,0,0.67244774,0.4000000059604645,0.5825049877166748,0.08795277029275894
YMR213W,YLR363C,0,0.67240024,0.39972713589668274,0.5825049877166748,0.08805283159017563
YNL161W,YGL063W,0,0.67225796,0.39945468306541443,0.5825049877166748,0.08815289288759232
YER022W,YOR287C,0,0.67217207,0.3991825580596924,0.5825049877166748,0.088252954185009
YMR005W,YNL068C,0,0.67117405,0.3989108204841614,0.5825049877166748,0.08835301548242569
YNR046W,YGL172W,1,0.6708356,0.39931973814964294,0.583499014377594,0.08835301548242569
YBR211C,YLR323C,0,0.66936934,0.3990482687950134,0.583499014377594,0.08845306932926178
YLR319C,YMR179W,0,0.6690628,0.39877718687057495,0.583499014377594,0.08855313062667847
YDR449C,YHR039C,0,0.6687684,0.3985064625740051,0.583499014377594,0.08865319192409515
YOR260W,YHR111W,0,0.66844726,0.39823609590530396,0.583499014377594,0.08875325322151184
YGL050W,YDL033C,1,0.6678307,0.3986440598964691,0.5844930410385132,0.08875325322151184
YLR105C,YBR167C,1,0.6676169,0.3990514874458313,0.5854870676994324,0.08875325322151184
YDL113C,YBR016W,0,0.6674838,0.39878129959106445,0.5854870676994324,0.08885331451892853
YDR156W,YNL163C,0,0.6671768,0.39851149916648865,0.5854870676994324,0.08895336836576462
YPL233W,YKL113C,0,0.6669297,0.3982420563697815,0.5854870676994324,0.0890534296631813
YOR129C,YDR174W,0,0.66651815,0.397972971200943,0.5854870676994324,0.08915349096059799
YHL009C,YKL002W,0,0.6663728,0.39770424365997314,0.5854870676994324,0.08925355225801468
YOR129C,YHR168W,0,0.66578484,0.39743590354919434,0.5854870676994324,0.08935361355543137
YDL081C,YHR108W,0,0.66526866,0.3971678912639618,0.5854870676994324,0.08945367485284805
YBL076C,YNR046W,0,0.6649045,0.3969002664089203,0.5854870676994324,0.08955372869968414
YML071C,YPR046W,0,0.6637579,0.39663299918174744,0.5854870676994324,0.08965378999710083
YPL046C,YBR188C,0,0.66239893,0.39636608958244324,0.5854870676994324,0.08975385129451752
YLR132C,YNL305C,0,0.6622833,0.3960995376110077,0.5854870676994324,0.0898539125919342
YOL144W,YNL142W,0,0.66122085,0.3958333432674408,0.5854870676994324,0.08995397388935089
YMR308C,YKR086W,0,0.6606458,0.39556750655174255,0.5854870676994324,0.09005403518676758
YJL036W,YMR053C,0,0.65961105,0.39530202746391296,0.5854870676994324,0.09015408903360367
YPL211W,YKL209C,0,0.6595906,0.39503687620162964,0.5854870676994324,0.09025415033102036
YOL034W,YLR223C,0,0.659194,0.39477211236953735,0.5854870676994324,0.09035421162843704
YAL033W,YMR047C,1,0.6583209,0.3951774835586548,0.5864810943603516,0.09035421162843704
YER075C,YPR083W,0,0.65817696,0.394912987947464,0.5864810943603516,0.09045427292585373
YBL018C,YMR200W,0,0.65809864,0.39464882016181946,0.5864810943603516,0.09055433422327042
YKL134C,YIL096C,0,0.6577382,0.39438503980636597,0.5864810943603516,0.0906543955206871
YMR079W,YIL143C,0,0.6574751,0.39412158727645874,0.5864810943603516,0.0907544493675232
YDR043C,YAR027W,0,0.6574073,0.39385849237442017,0.5864810943603516,0.09085451066493988
YLR182W,YDR303C,0,0.6565819,0.39359572529792786,0.5864810943603516,0.09095457196235657
YMR243C,YGR208W,0,0.65633726,0.3933333456516266,0.5864810943603516,0.09105463325977325
YKL069W,YGR081C,0,0.65590143,0.3930712938308716,0.5864810943603516,0.09115469455718994
YOR084W,YLR009W,0,0.6554806,0.39280959963798523,0.5864810943603516,0.09125475585460663
YGL201C,YDL103C,0,0.65535355,0.39254823327064514,0.5864810943603516,0.09135480970144272
YGL111W,YJL134W,0,0.6546135,0.3922872245311737,0.5864810943603516,0.0914548709988594
YNL326C,YEL055C,0,0.6543343,0.3920265734195709,0.5864810943603516,0.09155493229627609
YGR169C,YML014W,1,0.65403163,0.39243027567863464,0.5874751210212708,0.09155493229627609
YBR149W,YOR329C,0,0.6539656,0.39216986298561096,0.5874751210212708,0.09165499359369278
YLR438C-A,YJL035C,1,0.653927,0.39257293939590454,0.5884692072868347,0.09165499359369278
YGR012W,YBR235W,0,0.6535444,0.39231279492378235,0.5884692072868347,0.09175505489110947
YDR389W,YGL167C,0,0.65304,0.3920529782772064,0.5884692072868347,0.09185511618852615
YLR055C,YDR076W,0,0.65182245,0.39179351925849915,0.5884692072868347,0.09195517003536224
YOL060C,YBR059C,0,0.65178823,0.39153438806533813,0.5884692072868347,0.09205523133277893
YCL001W,YLR183C,0,0.65135527,0.3912756145000458,0.5884692072868347,0.09215529263019562
YIL035C,YDR332W,0,0.65093994,0.3910171687602997,0.5884692072868347,0.0922553539276123
YKL012W,YNL163C,0,0.650873,0.39075908064842224,0.5884692072868347,0.09235541522502899
YMR218C,YNR038W,0,0.65077966,0.39050132036209106,0.5884692072868347,0.09245547652244568
YJR022W,YER112W,1,0.6507451,0.3909030854701996,0.5894632339477539,0.09245547652244568
YLR064W,YNL160W,0,0.6507285,0.3906455934047699,0.5894632339477539,0.09255553036928177
YHR133C,YNL222W,0,0.6502518,0.3903883993625641,0.5894632339477539,0.09265559166669846
YGL063W,YER151C,0,0.64988965,0.3901315927505493,0.5894632339477539,0.09275565296411514
YHR119W,YHR114W,0,0.64971673,0.3898750841617584,0.5894632339477539,0.09285571426153183
YLR150W,YNL087W,0,0.6497088,0.3896189332008362,0.5894632339477539,0.09295577555894852
YLR410W,YPL023C,0,0.64966005,0.3893631100654602,0.5894632339477539,0.0930558368563652
YMR049C,YFL009W,0,0.64923346,0.3891076147556305,0.5894632339477539,0.0931558907032013
YGL243W,YBL024W,1,0.6491143,0.3895081877708435,0.5904572606086731,0.0931558907032013
YGL094C,YPL047W,0,0.64896643,0.3892529606819153,0.5904572606086731,0.09325595200061798
YJR055W,YNL250W,0,0.64853907,0.38899803161621094,0.5904572606086731,0.09335601329803467
YDR172W,YDR227W,0,0.6468229,0.38874346017837524,0.5904572606086731,0.09345607459545135
YDL006W,YDL051W,1,0.6466478,0.3891432285308838,0.5914512872695923,0.09345607459545135
YOR274W,YGL092W,1,0.64657813,0.38954249024391174,0.5924453139305115,0.09345607459545135
YHR119W,YML038C,0,0.6464998,0.3892880380153656,0.5924453139305115,0.09355613589286804
YDR346C,YDR179C,0,0.64635074,0.3890339434146881,0.5924453139305115,0.09365619719028473
YKL205W,YGL236C,1,0.64531446,0.38943248987197876,0.5934393405914307,0.09365619719028473
YGR185C,YOR359W,0,0.6451318,0.389178603887558,0.5934393405914307,0.09375625103712082
YNR075W,YJL024C,0,0.645088,0.38892507553100586,0.5934393405914307,0.0938563123345375
YCR043C,YLR288C,0,0.6450721,0.388671875,0.5934393405914307,0.0939563736319542
YLR284C,YKR031C,0,0.6443964,0.3884190022945404,0.5934393405914307,0.09405643492937088
YHR154W,YFL021W,0,0.6438166,0.3881664574146271,0.5934393405914307,0.09415649622678757
YLR438C-A,YLR430W,1,0.64351475,0.38856399059295654,0.5944334268569946,0.09415649622678757
YGL063W,YMR283C,1,0.64349174,0.3889610469341278,0.5954274535179138,0.09415649622678757
YOR087W,YAL033W,0,0.64240026,0.38870862126350403,0.5954274535179138,0.09425655752420425
YGL257C,YLR361C,0,0.6420122,0.3884565532207489,0.5954274535179138,0.09435661137104034
YHR119W,YLR033W,0,0.6419971,0.38820478320121765,0.5954274535179138,0.09445667266845703
YGL144C,YLR103C,0,0.640431,0.38795337080955505,0.5954274535179138,0.09455673396587372
YOR232W,YNL181W,0,0.6399944,0.38770225644111633,0.5954274535179138,0.0946567952632904
YDR108W,YDL148C,0,0.63962436,0.38745149970054626,0.5954274535179138,0.09475685656070709
YMR220W,YLR404W,0,0.6393131,0.3872010409832001,0.5954274535179138,0.09485691785812378
YKL205W,YMR179W,0,0.639287,0.38695091009140015,0.5954274535179138,0.09495697170495987
YLR421C,YMR262W,0,0.6385916,0.3867011070251465,0.5954274535179138,0.09505703300237656
YDR372C,YKL022C,0,0.6375816,0.3864516019821167,0.5954274535179138,0.09515709429979324
YGL063W,YPL030W,1,0.63702244,0.38684719800949097,0.596421480178833,0.09515709429979324
YPR144C,YHR007C,0,0.63647634,0.3865979313850403,0.596421480178833,0.09525715559720993
YGR007W,YKR060W,0,0.6362434,0.38634899258613586,0.596421480178833,0.09535721689462662
YDR172W,YLR383W,0,0.6350963,0.3861003816127777,0.596421480178833,0.09545727074146271
YLR133W,YHR113W,0,0.6350325,0.3858520984649658,0.596421480178833,0.0955573320388794
YFL034C-A,YJL011C,0,0.6345457,0.3856041133403778,0.596421480178833,0.09565739333629608
YLR316C,YOL141W,1,0.6341469,0.3859987258911133,0.5974155068397522,0.09565739333629608
YGL050W,YGR169C,1,0.633407,0.3863928020000458,0.5984095335006714,0.09565739333629608
YOR073W,YML031W,0,0.6322919,0.3861449658870697,0.5984095335006714,0.09575745463371277
YLR069C,YDL179W,0,0.6320404,0.3858974277973175,0.5984095335006714,0.09585751593112946
YPL239W,YHL015W,0,0.63194954,0.3856502175331116,0.5984095335006714,0.09595757722854614
YGL092W,YPL212C,1,0.63142854,0.3860435485839844,0.5994035601615906,0.09595757722854614
YDR354W,YEL022W,0,0.63137615,0.38579654693603516,0.5994035601615906,0.09605763107538223
YJL206C,YJR125C,0,0.63131636,0.3855498731136322,0.5994035601615906,0.09615769237279892
YPL101W,YPL083C,1,0.6312523,0.3859424889087677,0.6003975868225098,0.09615769237279892
YMR075W,YCR060W,0,0.630868,0.38569605350494385,0.6003975868225098,0.0962577536702156
YHR164C,YNL047C,0,0.63081366,0.38544991612434387,0.6003975868225098,0.0963578149676323
YHR138C,YLR248W,0,0.6305922,0.3852040767669678,0.6003975868225098,0.09645787626504898
YDR454C,YHR072W,0,0.6304202,0.38495856523513794,0.6003975868225098,0.09655793756246567
YOL034W,YNL278W,0,0.63011813,0.38471338152885437,0.6003975868225098,0.09665799140930176
YHR211W,YPL063W,0,0.63005495,0.3844684958457947,0.6003975868225098,0.09675805270671844
YMR215W,YBR061C,0,0.6293826,0.38422390818595886,0.6003975868225098,0.09685811400413513
YBR049C,YJR064W,0,0.629134,0.3839796483516693,0.6003975868225098,0.09695817530155182
YJL087C,YLR105C,1,0.62851155,0.3843710422515869,0.6013916730880737,0.09695817530155182
YGR091W,YIL168W,0,0.6276634,0.3841269910335541,0.6013916730880737,0.0970582365989685
YJR005W,YKL139W,0,0.6274165,0.3838832378387451,0.6013916730880737,0.09715829789638519
YJL013C,YJR067C,0,0.6264625,0.3836398124694824,0.6013916730880737,0.09725835174322128
YIL079C,YER005W,0,0.6264062,0.383396714925766,0.6013916730880737,0.09735841304063797
YJL141C,YFL016C,0,0.62555707,0.38315388560295105,0.6013916730880737,0.09745847433805466
YOR207C,YLR367W,0,0.6251411,0.3829113841056824,0.6013916730880737,0.09755853563547134
YDR463W,YBR061C,1,0.62496465,0.383301705121994,0.6023856997489929,0.09755853563547134
YDR339C,YMR207C,0,0.6245406,0.38305941224098206,0.6023856997489929,0.09765859693288803
YHR209W,YOR303W,0,0.62391496,0.38281744718551636,0.6023856997489929,0.09775865823030472
YMR228W,YLR105C,0,0.6235974,0.38257575035095215,0.6023856997489929,0.09785871207714081
YPL011C,YKL006C-A,0,0.623048,0.3823343813419342,0.6023856997489929,0.0979587733745575
YHR066W,YNR056C,0,0.6210281,0.38209331035614014,0.6023856997489929,0.09805883467197418
YPL110C,YBR043C,0,0.62070864,0.38185253739356995,0.6023856997489929,0.09815889596939087
YFR055W,YKR024C,0,0.6202938,0.381612092256546,0.6023856997489929,0.09825895726680756
YER144C,YGR245C,0,0.61956614,0.38137194514274597,0.6023856997489929,0.09835901856422424
YJL183W,YJR093C,0,0.6190605,0.3811320662498474,0.6023856997489929,0.09845907241106033
YEL044W,YKR078W,0,0.61758816,0.3808925151824951,0.6023856997489929,0.09855913370847702
YKL087C,YDL002C,0,0.6174104,0.3806532621383667,0.6023856997489929,0.09865919500589371
YPL198W,YGL016W,0,0.6171721,0.38041430711746216,0.6023856997489929,0.0987592563033104
YOR001W,YBR031W,0,0.6163845,0.3801756501197815,0.6023856997489929,0.09885931760072708
YLR451W,YDL059C,0,0.61627173,0.3799372911453247,0.6023856997489929,0.09895937889814377
YGL100W,YJR014W,0,0.61327606,0.3796992599964142,0.6023856997489929,0.09905943274497986
YLR309C,YMR013C,0,0.6132381,0.37946149706840515,0.6023856997489929,0.09915949404239655
YJR034W,YOR227W,0,0.61305195,0.37922403216362,0.6023856997489929,0.09925955533981323
YDR246W,YMR234W,0,0.6126728,0.3789868652820587,0.6023856997489929,0.09935961663722992
YLR129W,YPL151C,0,0.6118809,0.3787499964237213,0.6023856997489929,0.0994596779346466
YOL113W,YDR167W,0,0.6110518,0.3785134255886078,0.6023856997489929,0.0995597392320633
YDL227C,YCR089W,0,0.6108457,0.37827715277671814,0.6023856997489929,0.09965979307889938
YMR195W,YDR435C,0,0.61058193,0.37804117798805237,0.6023856997489929,0.09975985437631607
YPL244C,YGR216C,0,0.61040586,0.3778054714202881,0.6023856997489929,0.09985991567373276
YGR030C,YGR003W,0,0.6098678,0.37757009267807007,0.6023856997489929,0.09995997697114944
YML071C,YML010W,0,0.6092876,0.37733498215675354,0.6023856997489929,0.10006003826856613
YGR202C,YKR007W,0,0.60871893,0.3771001994609833,0.6023856997489929,0.10016009956598282
YAL020C,YNL292W,1,0.60867083,0.37748757004737854,0.6033797264099121,0.10016009956598282
YDL202W,YDR412W,0,0.60742784,0.3772529661655426,0.6033797264099121,0.10026015341281891
YKL167C,YJL181W,0,0.6073581,0.37701863050460815,0.6033797264099121,0.1003602147102356
YKR072C,YLR466W,0,0.6063933,0.3767845928668976,0.6033797264099121,0.10046027600765228
YOR226C,YCL054W,0,0.6059848,0.3765508830547333,0.6033797264099121,0.10056033730506897
YLR438C-A,YKL110C,1,0.6058121,0.3769373893737793,0.6043737530708313,0.10056033730506897
YEL040W,YMR260C,0,0.605256,0.37670382857322693,0.6043737530708313,0.10066039860248566
YBR149W,YMR119W,0,0.6043105,0.3764705955982208,0.6043737530708313,0.10076045989990234
YLR051C,YPR162C,0,0.60421646,0.3762376308441162,0.6043737530708313,0.10086051374673843
YDR468C,YPL012W,0,0.6033146,0.3760049343109131,0.6043737530708313,0.10096057504415512
YOL004W,YJR117W,0,0.6030171,0.3757725656032562,0.6043737530708313,0.10106063634157181
YGL243W,YBR167C,1,0.6028521,0.37615811824798584,0.6053677797317505,0.10106063634157181
YBR098W,YDL058W,0,0.602781,0.3759259283542633,0.6053677797317505,0.1011606976389885
YML056C,YBR130C,0,0.6007016,0.37569400668144226,0.6053677797317505,0.10126075893640518
YPL105C,YNL153C,0,0.6005302,0.3754623830318451,0.6053677797317505,0.10136081278324127
YMR105C,YDL230W,0,0.5989868,0.3752310574054718,0.6053677797317505,0.10146087408065796
YGR276C,YDR463W,1,0.5986375,0.37561577558517456,0.6063618063926697,0.10146087408065796
YMR231W,YHR077C,0,0.5985104,0.3753846287727356,0.6063618063926697,0.10156093537807465
YPR180W,YDR412W,0,0.59824485,0.3751537501811981,0.6063618063926697,0.10166099667549133
YDR016C,YPR020W,0,0.59791374,0.3749231696128845,0.6063618063926697,0.10176105797290802
YLR223C,YMR074C,0,0.59783465,0.3746928870677948,0.6063618063926697,0.10186111927032471
YGL079W,YCL024W,0,0.5976051,0.37446287274360657,0.6063618063926697,0.1019611731171608
YNR015W,YLR404W,0,0.5970792,0.3742331266403198,0.6063618063926697,0.10206123441457748
YEL040W,YHR079C,0,0.5969613,0.37400367856025696,0.6063618063926697,0.10216129571199417
YMR021C,YBR239C,0,0.59640074,0.3737744987010956,0.6063618063926697,0.10226135700941086
YNL282W,YMR283C,1,0.5960185,0.37415799498558044,0.6073558926582336,0.10226135700941086
YMR063W,YPR086W,0,0.5958605,0.3739289939403534,0.6073558926582336,0.10236141830682755
YDR463W,YAL043C,1,0.59524703,0.3743119239807129,0.6083499193191528,0.10236141830682755
YIL087C,YHL034C,0,0.5950765,0.37408313155174255,0.6083499193191528,0.10246147960424423
YLR438C-A,YPL101W,1,0.59500176,0.3744654953479767,0.609343945980072,0.10246147960424423
YLR054C,YAR033W,0,0.5949968,0.3742368817329407,0.609343945980072,0.10256153345108032
YNL047C,YKR019C,0,0.59449035,0.37400853633880615,0.609343945980072,0.10266159474849701
YPL083C,YHR070W,1,0.5942764,0.37439024448394775,0.6103379726409912,0.10266159474849701
YPR169W,YBR253W,0,0.5941045,0.37416210770606995,0.6103379726409912,0.1027616560459137
YJL024C,YNL298W,0,0.5934237,0.37393423914909363,0.6103379726409912,0.10286171734333038
YAR014C,YOR094W,0,0.59317863,0.3737066388130188,0.6103379726409912,0.10296177864074707
YHR090C,YKR010C,0,0.5929293,0.37347930669784546,0.6103379726409912,0.10306183993816376
YGR186W,YDR017C,0,0.59276366,0.373252272605896,0.6103379726409912,0.10316189378499985
YDL150W,YJR138W,0,0.5925745,0.373025506734848,0.6103379726409912,0.10326195508241653
YDR137W,YOR256C,0,0.5920242,0.3727990388870239,0.6103379726409912,0.10336201637983322
YGR227W,YJL014W,0,0.5917301,0.37257280945777893,0.6103379726409912,0.10346207767724991
YPL046C,YJL204C,0,0.59104216,0.3723468780517578,0.6103379726409912,0.1035621389746666
YJR055W,YMR183C,0,0.5893819,0.3721212148666382,0.6103379726409912,0.10366220027208328
YNL286W,YKL061W,0,0.5888136,0.37189581990242004,0.6103379726409912,0.10376225411891937
YGL054C,YDR079W,0,0.5887802,0.3716706931591034,0.6103379726409912,0.10386231541633606
YHR062C,YMR047C,1,0.58850044,0.37205082178115845,0.6113319993019104,0.10386231541633606
YGR185C,YMR220W,0,0.58773685,0.3718258738517761,0.6113319993019104,0.10396237671375275
YGL063W,YBL018C,1,0.58713496,0.3722054362297058,0.6123260259628296,0.10396237671375275
YJL099W,YMR013C,0,0.5864377,0.3719806671142578,0.6123260259628296,0.10406243801116943
YNL130C,YDR364C,0,0.5861964,0.3717561960220337,0.6123260259628296,0.10416249930858612
YPL008W,YMR146C,0,0.58563304,0.37153196334838867,0.6123260259628296,0.10426256060600281
YCL026C-A,YAL019W,0,0.58548176,0.37130802869796753,0.6123260259628296,0.1043626144528389
YGL022W,YLR019W,0,0.58531934,0.3710843324661255,0.6123260259628296,0.10446267575025558
YNL080C,YJL112W,0,0.5843879,0.3708609342575073,0.6123260259628296,0.10456273704767227
YMR283C,YOR048C,0,0.58373445,0.37063777446746826,0.6123260259628296,0.10466279834508896
YOL043C,YPR067W,0,0.58361036,0.3704149127006531,0.6123260259628296,0.10476285964250565
YKL205W,YGL063W,1,0.5834078,0.37079328298568726,0.6133200526237488,0.10476285964250565
YOR327C,YGR129W,0,0.58286864,0.370570570230484,0.6133200526237488,0.10486292093992233
YBR271W,YMR015C,0,0.582776,0.37034812569618225,0.6133200526237488,0.10496297478675842
YHR062C,YER172C,0,0.5824188,0.37012597918510437,0.6133200526237488,0.10506303608417511
YPL241C,YCL014W,0,0.58217055,0.3699040710926056,0.6133200526237488,0.1051630973815918
YDR389W,YOR060C,0,0.5816017,0.3696824312210083,0.6133200526237488,0.10526315867900848
YNL282W,YGR024C,1,0.5814023,0.37005987763404846,0.6143141388893127,0.10526315867900848
YGL243W,YPL212C,1,0.57910895,0.3704368770122528,0.6153081655502319,0.10526315867900848
YER123W,YNL314W,0,0.57863367,0.3702152967453003,0.6153081655502319,0.10536321997642517
YGR038W,YGL016W,0,0.5774738,0.36999401450157166,0.6153081655502319,0.10546328127384186
YBR093C,YOR145C,0,0.5764942,0.3697730004787445,0.6153081655502319,0.10556333512067795
YDL207W,YOR038C,0,0.5761137,0.36955222487449646,0.6153081655502319,0.10566339641809464
YOL093W,YGR169C,1,0.57577926,0.36992838978767395,0.6163021922111511,0.10566339641809464
YIL005W,YKL205W,0,0.575558,0.3697078227996826,0.6163021922111511,0.10576345771551132
YDR441C,YMR268C,0,0.57536614,0.3694874942302704,0.6163021922111511,0.10586351901292801
YLR316C,YAL033W,1,0.57483643,0.36986300349235535,0.6172962188720703,0.10586351901292801
YER006W,YLR340W,0,0.57446766,0.36964285373687744,0.6172962188720703,0.1059635803103447
YOL102C,YGR198W,0,0.57436824,0.369422972202301,0.6172962188720703,0.10606364160776138
YDR496C,YPR071W,0,0.5737767,0.3692033290863037,0.6172962188720703,0.10616369545459747
YOL154W,YMR277W,0,0.5731826,0.3689839541912079,0.6172962188720703,0.10626375675201416
YGR177C,YBR094W,0,0.5731816,0.36876484751701355,0.6172962188720703,0.10636381804943085
YBR068C,YIL117C,0,0.5730077,0.3685459792613983,0.6172962188720703,0.10646387934684753
YLR316C,YDL033C,1,0.5719261,0.36892053484916687,0.6182902455329895,0.10646387934684753
YPL046C,YBR162W-A,0,0.5716379,0.36870184540748596,0.6182902455329895,0.10656394064426422
YBL008W,YLR085C,0,0.57080007,0.36848342418670654,0.6182902455329895,0.10666400194168091
YFR055W,YHR065C,0,0.5707989,0.3682652413845062,0.6182902455329895,0.106764055788517
YKL190W,YMR021C,0,0.56971186,0.3680473268032074,0.6182902455329895,0.10686411708593369
YPR121W,YPL168W,0,0.56967044,0.36782968044281006,0.6182902455329895,0.10696417838335037
YDR188W,YGR202C,0,0.56933033,0.3676123023033142,0.6182902455329895,0.10706423968076706
YOL145C,YBL063W,0,0.56928295,0.36739516258239746,0.6182902455329895,0.10716430097818375
YFL013C,YDL066W,0,0.56870437,0.3671782910823822,0.6182902455329895,0.10726436227560043
YGL172W,YGL236C,1,0.5682307,0.36755162477493286,0.6192842721939087,0.10726436227560043
YGR175C,YNR038W,0,0.5678257,0.36733490228652954,0.6192842721939087,0.10736441612243652
YPL050C,YOR079C,0,0.56755126,0.3671184480190277,0.6192842721939087,0.10746447741985321
YDR488C,YMR014W,0,0.5673853,0.366902232170105,0.6192842721939087,0.1075645387172699
YDR492W,YMR183C,0,0.5672185,0.36668628454208374,0.6192842721939087,0.10766460001468658
YBR179C,YDL031W,0,0.56680566,0.3664705753326416,0.6192842721939087,0.10776466131210327
YNL199C,YCL014W,0,0.566615,0.36625513434410095,0.6192842721939087,0.10786471515893936
YER075C,YMR293C,0,0.5662353,0.3660399615764618,0.6192842721939087,0.10796477645635605
YNL090W,YKR078W,0,0.56607366,0.36582502722740173,0.6192842721939087,0.10806483775377274
YEL036C,YBR238C,0,0.5660538,0.3656103312969208,0.6192842721939087,0.10816489905118942
YNL282W,YGL236C,1,0.566023,0.36598241329193115,0.6202783584594727,0.10816489905118942
YBR114W,YHR170W,0,0.56589246,0.36576786637306213,0.6202783584594727,0.10826496034860611
YKR072C,YFL050C,0,0.565592,0.365553617477417,0.6202783584594727,0.1083650216460228
YGR098C,YKR078W,0,0.56507504,0.36533957719802856,0.6202783584594727,0.10846507549285889
YNL088W,YMR227C,0,0.5645628,0.3651258051395416,0.6202783584594727,0.10856513679027557
YER137C,YJR035W,0,0.5640866,0.3649122714996338,0.6202783584594727,0.10866519808769226
YNR024W,YGL130W,0,0.5640235,0.36469900608062744,0.6202783584594727,0.10876525938510895
YER112W,YMR283C,1,0.56374514,0.365070104598999,0.6212723851203918,0.10876525938510895
YER007C-A,YLR085C,0,0.5635822,0.3648569881916046,0.6212723851203918,0.10886532068252563
YML100W,YAL001C,0,0.56352353,0.3646441102027893,0.6212723851203918,0.10896538197994232
YDR441C,YOL054W,0,0.5631169,0.3644315004348755,0.6212723851203918,0.10906543582677841
YCL010C,YOR060C,0,0.5629232,0.36421912908554077,0.6212723851203918,0.1091654971241951
YGR030C,YDR378C,1,0.5624572,0.3645893931388855,0.622266411781311,0.1091654971241951
YNR046W,YLR130C,0,0.5618676,0.3643771708011627,0.622266411781311,0.10926555842161179
YDL033C,YKL110C,1,0.56154597,0.36474695801734924,0.6232604384422302,0.10926555842161179
YBR302C,YJR102C,0,0.5602821,0.3645348846912384,0.6232604384422302,0.10936561971902847
YGL053W,YDR182W,0,0.55984783,0.36432307958602905,0.6232604384422302,0.10946568101644516
YOR264W,YOR293W,0,0.55920184,0.3641115128993988,0.6232604384422302,0.10956574231386185
YNR063W,YPR163C,0,0.5590631,0.36390018463134766,0.6232604384422302,0.10966579616069794
YJR147W,YLR051C,0,0.55861235,0.3636890947818756,0.6232604384422302,0.10976585745811462
YER168C,YLR105C,1,0.5581986,0.3640579581260681,0.6242544651031494,0.10976585745811462
YBR208C,YOR237W,0,0.5576507,0.3638470470905304,0.6242544651031494,0.10986591875553131
YNL323W,YCR048W,0,0.5569967,0.3636363744735718,0.6242544651031494,0.109965980052948
YPL105C,YPL133C,0,0.5568863,0.36342594027519226,0.6242544651031494,0.11006604135036469
YLR051C,YJR123W,0,0.555828,0.36321574449539185,0.6242544651031494,0.11016610264778137
YLR438C-A,YBL024W,1,0.55572635,0.3635838031768799,0.6252484917640686,0.11016610264778137
YNL271C,YDR382W,0,0.55510914,0.3633737862110138,0.6252484917640686,0.11026615649461746
YGL241W,YNR054C,0,0.5548074,0.3631639778614044,0.6252484917640686,0.11036621779203415
YCR008W,YIR026C,0,0.55470854,0.36295440793037415,0.6252484917640686,0.11046627908945084
YDR123C,YGL150C,0,0.5543328,0.36274510622024536,0.6252484917640686,0.11056634038686752
YPL001W,YIL002C,0,0.55430514,0.3625360131263733,0.6252484917640686,0.11066640168428421
YJL071W,YGR090W,0,0.5529465,0.3623271882534027,0.6252484917640686,0.1107664629817009
YOR301W,YNL116W,0,0.5524918,0.36211860179901123,0.6252484917640686,0.11086651682853699
YGR200C,YAL043C,1,0.5517269,0.3624856173992157,0.6262425184249878,0.11086651682853699
YHR146W,YLR409C,0,0.5516127,0.36227717995643616,0.6262425184249878,0.11096657812595367
YDL014W,YBL005W-B,0,0.55129504,0.36206895112991333,0.6262425184249878,0.11106663942337036
YGL079W,YCL054W,0,0.5512413,0.361860990524292,0.6262425184249878,0.11116670072078705
YLR405W,YGL232W,1,0.5507349,0.36222732067108154,0.6272366046905518,0.11116670072078705
YML013W,YEL030W,0,0.549784,0.36201950907707214,0.6272366046905518,0.11126676201820374
YOR205C,YDR389W,0,0.54960304,0.36181193590164185,0.6272366046905518,0.11136682331562042
YGR005C,YNL298W,0,0.5494596,0.36160457134246826,0.6272366046905518,0.11146687716245651
YHR069C,YNL271C,0,0.5492887,0.36139747500419617,0.6272366046905518,0.1115669384598732
YCR024C-A,YMR239C,0,0.54892606,0.3611906170845032,0.6272366046905518,0.11166699975728989
YPL083C,YDR378C,1,0.54883593,0.3615560531616211,0.628230631351471,0.11166699975728989
YDR159W,YMR231W,0,0.5480709,0.36134934425354004,0.628230631351471,0.11176706105470657
YER112W,YJL035C,1,0.5477047,0.36171427369117737,0.6292246580123901,0.11176706105470657
YOR099W,YMR319C,0,0.5473465,0.36150771379470825,0.6292246580123901,0.11186712235212326
YIR013C,YNR004W,0,0.5467385,0.36130136251449585,0.6292246580123901,0.11196718364953995
YDL149W,YCR024C,0,0.54636914,0.36109527945518494,0.6292246580123901,0.11206723749637604
YGL232W,YJL035C,1,0.54628295,0.36145952343940735,0.6302186846733093,0.11206723749637604
YKR078W,YNL030W,0,0.5452465,0.361253559589386,0.6302186846733093,0.11216729879379272
YPL045W,YAR003W,0,0.544983,0.3610478341579437,0.6302186846733093,0.11226736009120941
YKR068C,YNL316C,0,0.5449672,0.36084234714508057,0.6302186846733093,0.1123674213886261
YML076C,YLR055C,0,0.5449363,0.3606370985507965,0.6302186846733093,0.11246748268604279
YAL047C,YNL076W,0,0.5448103,0.36043205857276917,0.6302186846733093,0.11256754398345947
YGR074W,YGL153W,0,0.54467577,0.3602272868156433,0.6302186846733093,0.11266759783029556
YOL090W,YGL255W,0,0.54407513,0.36002272367477417,0.6302186846733093,0.11276765912771225
YGL027C,YLR068W,0,0.5440646,0.35981839895248413,0.6302186846733093,0.11286772042512894
YIL128W,YJL030W,0,0.54382485,0.3596142828464508,0.6302186846733093,0.11296778172254562
YDR098C,YLR197W,0,0.5434418,0.35941043496131897,0.6302186846733093,0.11306784301996231
YDR367W,YOL130W,0,0.5433481,0.35920679569244385,0.6302186846733093,0.113167904317379
YOR168W,YDL039C,0,0.54304194,0.3590033948421478,0.6302186846733093,0.11326795816421509
YOL102C,YAL043C,1,0.5424516,0.35936614871025085,0.6312127113342285,0.11326795816421509
YGR276C,YPL030W,1,0.5424068,0.35972851514816284,0.6322067379951477,0.11326795816421509
YEL044W,YFL002C,0,0.5422888,0.3595251441001892,0.6322067379951477,0.11336801946163177
YMR019W,YEL063C,0,0.54219055,0.35932204127311707,0.6322067379951477,0.11346808075904846
YHR077C,YER172C,0,0.5417554,0.35911914706230164,0.6322067379951477,0.11356814205646515
YOR058C,YLR242C,0,0.541368,0.3589164912700653,0.6322067379951477,0.11366820335388184
YDL033C,YPL086C,1,0.5402895,0.3592780530452728,0.6332008242607117,0.11366820335388184
YDL121C,YLL061W,0,0.54015326,0.35907554626464844,0.6332008242607117,0.11376826465129852
YDR138W,YJR064W,0,0.53958374,0.35887324810028076,0.6332008242607117,0.11386831849813461
YDL036C,YMR283C,1,0.53916115,0.3592342436313629,0.6341948509216309,0.11386831849813461
YGL172W,YLR430W,1,0.53913546,0.35959482192993164,0.63518887758255,0.11386831849813461
YGL172W,YGL211W,1,0.5384972,0.3599550127983093,0.6361829042434692,0.11386831849813461
YIL006W,YMR089C,0,0.53836894,0.35975268483161926,0.6361829042434692,0.1139683797955513
YPL001W,YDR240C,0,0.53807795,0.3595505654811859,0.6361829042434692,0.11406844109296799
YOL125W,YJR022W,1,0.5377967,0.35991016030311584,0.6371769309043884,0.11406844109296799
YML071C,YOL061W,0,0.5377681,0.35970818996429443,0.6371769309043884,0.11416850239038467
YJR093C,YOR025W,0,0.53745,0.3595064580440521,0.6371769309043884,0.11426856368780136
YDL153C,YPL023C,0,0.5371661,0.35930493474006653,0.6371769309043884,0.11436861753463745
YDL201W,YPL083C,1,0.53678113,0.35966387391090393,0.6381709575653076,0.11436861753463745
YNL154C,YGL236C,0,0.53596425,0.3594624996185303,0.6381709575653076,0.11446867883205414
YDR216W,YIL042C,0,0.53582805,0.35926133394241333,0.6381709575653076,0.11456874012947083
YLR020C,YPL023C,0,0.53579485,0.3590604066848755,0.6381709575653076,0.11466880142688751
YOR361C,YBL079W,0,0.5356968,0.35885968804359436,0.6381709575653076,0.1147688627243042
YER018C,YJR006W,0,0.53516465,0.35865920782089233,0.6381709575653076,0.11486892402172089
YPL099C,YOR060C,0,0.5336864,0.3584589660167694,0.6381709575653076,0.11496897786855698
YIL076W,YGR152C,0,0.53334206,0.3582589328289032,0.6381709575653076,0.11506903916597366
YKL168C,YKR065C,0,0.5333219,0.3580591082572937,0.6381709575653076,0.11516910046339035
YIL129C,YBR200W,0,0.53318346,0.3578595221042633,0.6381709575653076,0.11526916176080704
YBL101C,YGL010W,0,0.5329343,0.357660174369812,0.6381709575653076,0.11536922305822372
YLR360W,YDR410C,0,0.5316623,0.35746103525161743,0.6381709575653076,0.11546928435564041
YBR074W,YDR163W,0,0.53064126,0.35726210474967957,0.6381709575653076,0.1155693382024765
YML127W,YNL236W,0,0.5304905,0.3570634126663208,0.6381709575653076,0.11566939949989319
YOL090W,YGR227W,0,0.53023046,0.35686492919921875,0.6381709575653076,0.11576946079730988
YML132W,YCR069W,0,0.53018886,0.3566666543483734,0.6381709575653076,0.11586952209472656
YHR205W,YJL074C,0,0.52998525,0.3564686179161072,0.6381709575653076,0.11596958339214325
YJR007W,YKL203C,0,0.5294699,0.35627081990242004,0.6381709575653076,0.11606964468955994
YDR188W,YGR246C,0,0.5292535,0.35607320070266724,0.6381709575653076,0.11616969853639603
YDL042C,YDL168W,0,0.528996,0.35587581992149353,0.6381709575653076,0.11626975983381271
YJL071W,YIL143C,0,0.5289552,0.3556786775588989,0.6381709575653076,0.1163698211312294
YCL001W,YOR274W,0,0.5288198,0.35548171401023865,0.6381709575653076,0.11646988242864609
YPL020C,YBR261C,0,0.52816427,0.35528498888015747,0.6381709575653076,0.11656994372606277
YAL043C,YAL020C,1,0.5281187,0.35564160346984863,0.6391649842262268,0.11656994372606277
YDR382W,YDR234W,0,0.52811223,0.355444997549057,0.6391649842262268,0.11667000502347946
YDR434W,YMR239C,0,0.5280561,0.3552486300468445,0.6391649842262268,0.11677005887031555
YNL317W,YLR219W,0,0.5279782,0.35505247116088867,0.6391649842262268,0.11687012016773224
YLR438C-A,YAL020C,1,0.5278377,0.3554084002971649,0.6401590704917908,0.11687012016773224
YJL172W,YJR036C,0,0.52743554,0.35521236062049866,0.6401590704917908,0.11697018146514893
YML039W,YDR331W,0,0.52653414,0.3550165295600891,0.6401590704917908,0.11707024276256561
YNL182C,YMR319C,0,0.52631485,0.35482093691825867,0.6401590704917908,0.1171703040599823
YDL003W,YLR083C,0,0.5261044,0.35462555289268494,0.6401590704917908,0.11727036535739899
YBL036C,YJR014W,0,0.5251602,0.3544303774833679,0.6401590704917908,0.11737041920423508
YBR173C,YDR221W,0,0.5243054,0.3542354106903076,0.6401590704917908,0.11747048050165176
YGL061C,YDR489W,0,0.52348256,0.3540406823158264,0.6401590704917908,0.11757054179906845
YFL017W-A,YGL122C,0,0.5233305,0.35384616255760193,0.6401590704917908,0.11767060309648514
YOL004W,YNL236W,0,0.5233174,0.35365185141563416,0.6401590704917908,0.11777066439390182
YFR028C,YDR331W,0,0.5231466,0.3534577488899231,0.6401590704917908,0.11787072569131851
YJR125C,YKL211C,0,0.5223704,0.35326385498046875,0.6401590704917908,0.1179707795381546
YJR112W,YLR105C,0,0.522235,0.3530701696872711,0.6401590704917908,0.11807084083557129
YJL051W,YKR064W,0,0.5217009,0.3528767228126526,0.6401590704917908,0.11817090213298798
YLR438C-A,YER146W,1,0.5214387,0.3532311022281647,0.64115309715271,0.11817090213298798
YGL220W,YLR233C,0,0.52123326,0.3530377745628357,0.64115309715271,0.11827096343040466
YMR156C,YLR288C,0,0.52049863,0.35284462571144104,0.64115309715271,0.11837102472782135
YER176W,YMR321C,0,0.5202156,0.3526517152786255,0.64115309715271,0.11847108602523804
YHR042W,YDL208W,0,0.52016956,0.35245901346206665,0.64115309715271,0.11857113987207413
YBR271W,YDR457W,0,0.519288,0.3522665202617645,0.64115309715271,0.11867120116949081
YBR210W,YHR062C,0,0.5186435,0.3520742356777191,0.64115309715271,0.1187712624669075
YPL046C,YLR129W,0,0.5186399,0.3518821597099304,0.64115309715271,0.11887132376432419
YHR110W,YGR163W,0,0.51811427,0.35169029235839844,0.64115309715271,0.11897138506174088
YKR089C,YMR123W,0,0.5180895,0.35149863362312317,0.64115309715271,0.11907144635915756
YBR243C,YOR083W,0,0.5179018,0.3513071835041046,0.64115309715271,0.11917150020599365
YLR083C,YHR146W,0,0.51702464,0.3511159420013428,0.64115309715271,0.11927156150341034
YDR498C,YLR009W,0,0.5168079,0.35092490911483765,0.64115309715271,0.11937162280082703
YHL013C,YHR133C,0,0.5166157,0.35073408484458923,0.64115309715271,0.11947168409824371
YDL207W,YBL034C,0,0.51603997,0.35054346919059753,0.64115309715271,0.1195717453956604
YPL235W,YHR107C,0,0.51596457,0.35035306215286255,0.64115309715271,0.11967180669307709
YGL103W,YOL137W,0,0.5157443,0.3501628637313843,0.64115309715271,0.11977186053991318
YHL026C,YNL261W,0,0.5157006,0.3499728739261627,0.64115309715271,0.11987192183732986
YOL034W,YDR468C,0,0.5156146,0.3497830927371979,0.64115309715271,0.11997198313474655
YKR013W,YML098W,0,0.51482207,0.34959349036216736,0.64115309715271,0.12007204443216324
YOL088C,YLR319C,0,0.51452136,0.34940412640571594,0.64115309715271,0.12017210572957993
YGL073W,YGL086W,0,0.51410794,0.34921494126319885,0.64115309715271,0.12027215957641602
YPL037C,YJR147W,0,0.5140438,0.3490259647369385,0.64115309715271,0.1203722208738327
YOL052C,YGR216C,0,0.51350236,0.3488371968269348,0.64115309715271,0.12047228217124939
YAR050W,YIL020C,0,0.51331747,0.34864863753318787,0.64115309715271,0.12057234346866608
YGR083C,YBR279W,0,0.51305234,0.34846028685569763,0.64115309715271,0.12067240476608276
YLR333C,YLL021W,0,0.5129315,0.3482721447944641,0.64115309715271,0.12077246606349945
YGL126W,YIL154C,0,0.51271003,0.3480841815471649,0.64115309715271,0.12087251991033554
YDR186C,YNR015W,0,0.5126934,0.34789642691612244,0.64115309715271,0.12097258120775223
YHR069C,YKR028W,0,0.5122833,0.34770888090133667,0.64115309715271,0.12107264250516891
YBR112C,YHR094C,0,0.51218784,0.3475215435028076,0.64115309715271,0.1211727038025856
YDR007W,YLR348C,0,0.51175284,0.3473344147205353,0.64115309715271,0.12127276510000229
YKL110C,YHR006W,1,0.5115326,0.34768569469451904,0.6421471238136292,0.12127276510000229
YER008C,YNL236W,0,0.5112075,0.34749865531921387,0.6421471238136292,0.12137282639741898
YDL070W,YLR384C,0,0.5109768,0.3473118245601654,0.6421471238136292,0.12147288024425507
YDR245W,YML049C,0,0.5105561,0.34712520241737366,0.6421471238136292,0.12157294154167175
YBR037C,YHR176W,0,0.5102956,0.3469387888908386,0.6421471238136292,0.12167300283908844
YLR452C,YKR036C,0,0.51004857,0.3467525541782379,0.6421471238136292,0.12177306413650513
YGR082W,YIR010W,0,0.5100428,0.3465665280818939,0.6421471238136292,0.12187312543392181
YHR112C,YDR394W,0,0.5100207,0.34638071060180664,0.6421471238136292,0.1219731867313385
YMR173W,YBR006W,0,0.50995713,0.3461950719356537,0.6421471238136292,0.12207324057817459
YJL128C,YPL138C,0,0.5096724,0.34600964188575745,0.6421471238136292,0.12217330187559128
YDR492W,YJL145W,0,0.50956553,0.3458244204521179,0.6421471238136292,0.12227336317300797
YML112W,YOL119C,0,0.5094292,0.3456393778324127,0.6421471238136292,0.12237342447042465
YLL004W,YJL181W,0,0.508551,0.34545454382896423,0.6421471238136292,0.12247348576784134
YCL034W,YGL005C,0,0.50788516,0.34526991844177246,0.6421471238136292,0.12257354706525803
YLR401C,YAL020C,1,0.5075222,0.34561964869499207,0.6431411504745483,0.12257354706525803
YPR141C,YJR112W,0,0.50701666,0.34543514251708984,0.6431411504745483,0.12267360091209412
YKL184W,YDR409W,0,0.5068038,0.34525081515312195,0.6431411504745483,0.1227736622095108
YIL128W,YIL131C,0,0.50623614,0.3450666666030884,0.6431411504745483,0.12287372350692749
YDR518W,YER062C,0,0.5060119,0.3448827266693115,0.6431411504745483,0.12297378480434418
YCR033W,YGR091W,0,0.5060105,0.3446989953517914,0.6431411504745483,0.12307384610176086
YER144C,YGR003W,0,0.505545,0.34451544284820557,0.6431411504745483,0.12317390739917755
YOR129C,YGR099W,0,0.5052682,0.34433209896087646,0.6431411504745483,0.12327396124601364
YLL004W,YNR021W,0,0.5052049,0.3441489338874817,0.6431411504745483,0.12337402254343033
YBR254C,YOR098C,0,0.5049154,0.34396597743034363,0.6431411504745483,0.12347408384084702
YPL256C,YER018C,0,0.5047617,0.3437831997871399,0.6431411504745483,0.1235741451382637
YJL104W,YGL060W,0,0.5046887,0.34360063076019287,0.6431411504745483,0.12367420643568039
YIL014W,YER172C,0,0.50426996,0.34341827034950256,0.6431411504745483,0.12377426773309708
YMR284W,YMR158W,0,0.50383025,0.3432360887527466,0.6431411504745483,0.12387432157993317
YGL064C,YML099C,0,0.50370157,0.3430540859699249,0.6431411504745483,0.12397438287734985
YGL243W,YML014W,1,0.5032996,0.343402236700058,0.6441351771354675,0.12397438287734985
YML093W,YDR367W,0,0.5027216,0.3432203531265259,0.6441351771354675,0.12407444417476654
YDR463W,YJL134W,0,0.5025461,0.3430386483669281,0.6441351771354675,0.12417450547218323
YGR183C,YGR165W,0,0.5023807,0.34285715222358704,0.6441351771354675,0.12427456676959991
YGL244W,YPR173C,0,0.5023326,0.3426758348941803,0.6441351771354675,0.1243746280670166
YOR317W,YFR052W,0,0.5023193,0.3424947261810303,0.6441351771354675,0.12447468191385269
YKL189W,YKL008C,0,0.5022584,0.3423137962818146,0.6441351771354675,0.12457474321126938
YGR028W,YMR278W,0,0.501559,0.3421330451965332,0.6441351771354675,0.12467480450868607
YJL087C,YOL141W,1,0.5011656,0.34248021245002747,0.6451292037963867,0.12467480450868607
YPL012W,YHR178W,0,0.5006712,0.34229958057403564,0.6451292037963867,0.12477486580610275
YKL189W,YPL120W,0,0.5000824,0.34211912751197815,0.6451292037963867,0.12487492710351944
YPL217C,YNL290W,0,0.49954206,0.34193888306617737,0.6451292037963867,0.12497498840093613
YOR149C,YMR225C,0,0.49944144,0.3417588174343109,0.6451292037963867,0.12507504224777222
YCL054W,YDR222W,0,0.49915004,0.34157896041870117,0.6451292037963867,0.1251751035451889
YKR102W,YNL111C,0,0.49913406,0.34139925241470337,0.6451292037963867,0.1252751648426056
YDL112W,YER112W,1,0.49862105,0.341745525598526,0.6461232900619507,0.1252751648426056
YBR230C,YNL026W,0,0.49819762,0.34156593680381775,0.6461232900619507,0.12537522614002228
YBR238C,YLL031C,0,0.49720532,0.3413865566253662,0.6461232900619507,0.12547528743743896
YLR105C,YJL035C,1,0.4971769,0.34173229336738586,0.6471173167228699,0.12547528743743896
YMR118C,YCL039W,0,0.4968077,0.3415530025959015,0.6471173167228699,0.12557534873485565
YDL006W,YMR047C,1,0.49668467,0.34189826250076294,0.6481113433837891,0.12557534873485565
YJL209W,YIL040W,0,0.4965725,0.3417190909385681,0.6481113433837891,0.12567541003227234
YKL165C,YMR234W,0,0.49646795,0.34154006838798523,0.6481113433837891,0.12577547132968903
YNL071W,YMR183C,0,0.4963799,0.34136125445365906,0.6481113433837891,0.1258755326271057
YML032C,YGL130W,0,0.49631357,0.3411826193332672,0.6481113433837891,0.1259755790233612
YPR047W,YBR022W,1,0.49568713,0.34152719378471375,0.6491053700447083,0.1259755790233612
YHR123W,YNL102W,0,0.49523616,0.34134867787361145,0.6491053700447083,0.1260756403207779
YIL157C,YGR205W,0,0.49480057,0.3411703109741211,0.6491053700447083,0.12617570161819458
YMR137C,YNL317W,0,0.49463785,0.34099215269088745,0.6491053700447083,0.12627576291561127
YCR026C,YMR014W,0,0.49430192,0.3408142030239105,0.6491053700447083,0.12637582421302795
YKL082C,YPL032C,0,0.4941727,0.34063640236854553,0.6491053700447083,0.12647588551044464
YLR056W,YLR022C,0,0.49366862,0.34045881032943726,0.6491053700447083,0.12657594680786133
YIL085C,YBR288C,0,0.49303943,0.3402813971042633,0.6491053700447083,0.12667600810527802
YDR159W,YOL001W,0,0.49293947,0.3401041626930237,0.6491053700447083,0.1267760694026947
YHL006C,YPR198W,0,0.49238414,0.3399271070957184,0.6491053700447083,0.1268761307001114
YOL090W,YBR094W,0,0.4922635,0.3397502601146698,0.6491053700447083,0.12697619199752808
YLR384C,YNL147W,1,0.4922161,0.34009361267089844,0.6500993967056274,0.12697619199752808
YJL010C,YPR017C,0,0.49210227,0.33991682529449463,0.6500993967056274,0.12707623839378357
YOR251C,YMR283C,1,0.4920584,0.34025973081588745,0.6510934233665466,0.12707623839378357
YMR262W,YCR091W,0,0.49188763,0.3400830626487732,0.6510934233665466,0.12717629969120026
YFR016C,YFR051C,0,0.4907447,0.33990660309791565,0.6510934233665466,0.12727636098861694
YGR198W,YKL113C,0,0.49063593,0.33973029255867004,0.6510934233665466,0.12737642228603363
YHR124W,YML081W,0,0.49056125,0.33955416083335876,0.6510934233665466,0.12747648358345032
YMR213W,YJR040W,0,0.49054897,0.3393782377243042,0.6510934233665466,0.127576544880867
YAL043C,YGL243W,1,0.49049908,0.33972033858299255,0.6520874500274658,0.127576544880867
YCR065W,YIL103W,0,0.4888196,0.33954450488090515,0.6520874500274658,0.1276766061782837
YMR220W,YIR026C,0,0.48860914,0.3393688499927521,0.6520874500274658,0.12777666747570038
YGR169C,YDL033C,1,0.48860598,0.33971044421195984,0.6530815362930298,0.12777666747570038
YNL044W,YNL132W,0,0.48760986,0.3395348787307739,0.6530815362930298,0.12787672877311707
YBR061C,YAL020C,1,0.487172,0.3398760259151459,0.654075562953949,0.12787672877311707
YGL148W,YLR293C,0,0.4861992,0.3397005796432495,0.654075562953949,0.12797679007053375
YOR353C,YLR288C,0,0.4859228,0.3395252823829651,0.654075562953949,0.12807685136795044
YOR109W,YIL157C,0,0.48559862,0.3393501937389374,0.654075562953949,0.12817691266536713
YKR086W,YPR162C,0,0.48537213,0.3391752541065216,0.654075562953949,0.12827695906162262
YPL083C,YGL063W,1,0.48439175,0.33951571583747864,0.6550695896148682,0.12827695906162262
YDL036C,YGR024C,1,0.48436236,0.339855819940567,0.6560636162757874,0.12827695906162262
YBL016W,YMR283C,0,0.48326385,0.33968091011047363,0.6560636162757874,0.1283770203590393
YHR026W,YHR039C,0,0.48240036,0.3395061790943146,0.6560636162757874,0.128477081656456
YKL196C,YOR119C,0,0.48167557,0.33933162689208984,0.6560636162757874,0.12857714295387268
YOL141W,YGL236C,1,0.4814905,0.33967113494873047,0.6570576429367065,0.12857714295387268
YDR538W,YMR172W,0,0.48140502,0.3394966721534729,0.6570576429367065,0.12867720425128937
YAL029C,YGL112C,0,0.48104715,0.33932238817214966,0.6570576429367065,0.12877726554870605
YER146W,YGR024C,1,0.47950113,0.3396613597869873,0.6580516695976257,0.12877726554870605
YFR027W,YMR227C,0,0.47908527,0.3394871652126312,0.6580516695976257,0.12887732684612274
YER167W,YGL209W,0,0.47897553,0.33931317925453186,0.6580516695976257,0.12897738814353943
YOR212W,YJL112W,0,0.47835684,0.33913934230804443,0.6580516695976257,0.12907744944095612
YER072W,YOL041C,0,0.47822756,0.33896568417549133,0.6580516695976257,0.1291775107383728
YPL138C,YLR196W,0,0.4780076,0.33879223465919495,0.6580516695976257,0.1292775720357895
YAL043C,YLR430W,1,0.4776848,0.3391304314136505,0.6590456962585449,0.1292775720357895
YGL172W,YLR401C,1,0.47662216,0.3394683003425598,0.6600397825241089,0.1292775720357895
YHR119W,YNL246W,0,0.4760853,0.3392948508262634,0.6600397825241089,0.12937763333320618
YJL006C,YNR044W,0,0.47601497,0.339121550321579,0.6600397825241089,0.12947767972946167
YJL092W,YLR424W,0,0.47570425,0.33894842863082886,0.6600397825241089,0.12957774102687836
YPL128C,YLR309C,0,0.47565103,0.33877551555633545,0.6600397825241089,0.12967780232429504
YGR169C,YDR165W,1,0.47558922,0.33911269903182983,0.6610338091850281,0.12967780232429504
YOR274W,YBL091C,0,0.47539103,0.3389398455619812,0.6610338091850281,0.12977786362171173
YNL216W,YDR463W,0,0.4746588,0.3387672007083893,0.6610338091850281,0.12987792491912842
YDR480W,YBR110W,0,0.47444373,0.3385947048664093,0.6610338091850281,0.1299779862165451
YKR027W,YJL076W,0,0.47443783,0.33842238783836365,0.6610338091850281,0.1300780475139618
YPR104C,YGL083W,0,0.47441953,0.3382502496242523,0.6610338091850281,0.13017810881137848
YKR075C,YGR091W,0,0.47360516,0.3380782902240753,0.6610338091850281,0.13027817010879517
YDR287W,YGL231C,0,0.4734028,0.33790650963783264,0.6610338091850281,0.13037823140621185
YDL021W,YML120C,0,0.4732728,0.3377348780632019,0.6610338091850281,0.13047829270362854
YPL023C,YIL030C,0,0.47264224,0.3375634551048279,0.6610338091850281,0.13057835400104523
YNL038W,YLR361C,0,0.4725616,0.3373921811580658,0.6610338091850281,0.13067840039730072
YKL191W,YOL089C,0,0.4725173,0.33722108602523804,0.6610338091850281,0.1307784616947174
YBR281C,YGL151W,0,0.4723835,0.3370501697063446,0.6610338091850281,0.1308785229921341
YAR050W,YMR164C,0,0.47199118,0.3368794322013855,0.6610338091850281,0.13097858428955078
YNL279W,YFL002C,0,0.47157425,0.3367088735103607,0.6610338091850281,0.13107864558696747
YPR152C,YOR048C,0,0.47149944,0.3365384638309479,0.6610338091850281,0.13117870688438416
YBL089W,YLR409C,0,0.47095895,0.33636823296546936,0.6610338091850281,0.13127876818180084
YDR464W,YPL063W,0,0.47095865,0.33619818091392517,0.6610338091850281,0.13137882947921753
YOR259C,YBL028C,0,0.47013354,0.3360283076763153,0.6610338091850281,0.13147889077663422
YIL144W,YJL181W,0,0.46967244,0.3358585834503174,0.6610338091850281,0.1315789520740509
YJL087C,YLR430W,1,0.4688856,0.33619382977485657,0.6620278358459473,0.1315789520740509
YDR438W,YNL152W,0,0.46861064,0.3360242247581482,0.6620278358459473,0.1316790133714676
YML073C,YDR454C,0,0.46845067,0.33585476875305176,0.6620278358459473,0.13177907466888428
YAL030W,YDL113C,0,0.46829355,0.33568549156188965,0.6620278358459473,0.13187912106513977
YJR007W,YDL028C,0,0.46788538,0.3355163633823395,0.6620278358459473,0.13197918236255646
YIL023C,YER143W,0,0.46783984,0.335347443819046,0.6620278358459473,0.13207924365997314
YHR120W,YDR113C,0,0.46777177,0.3351786732673645,0.6620278358459473,0.13217930495738983
YML032C,YJL194W,0,0.46776205,0.3350100517272949,0.6620278358459473,0.13227936625480652
YGL172W,YML075C,0,0.467355,0.33484163880348206,0.6620278358459473,0.1323794275522232
YBR115C,YLR310C,0,0.46717405,0.33467337489128113,0.6620278358459473,0.1324794888496399
YLR291C,YBR279W,0,0.46662188,0.33450525999069214,0.6620278358459473,0.13257955014705658
YGL073W,YMR153W,0,0.4658153,0.33433735370635986,0.6620278358459473,0.13267961144447327
YLR362W,YIR004W,0,0.465392,0.3341695964336395,0.6620278358459473,0.13277967274188995
YOL122C,YKR100C,0,0.4652031,0.3340020179748535,0.6620278358459473,0.13287973403930664
YJR056C,YDL170W,0,0.46451735,0.33383458852767944,0.6620278358459473,0.13297978043556213
YNR018W,YJR105W,0,0.4643662,0.3336673378944397,0.6620278358459473,0.13307984173297882
YDL154W,YPL043W,0,0.46391088,0.3335002362728119,0.6620278358459473,0.1331799030303955
YNR046W,YMR047C,1,0.4638613,0.33383384346961975,0.6630218625068665,0.1331799030303955
YDR164C,YBL067C,0,0.46345812,0.3336668312549591,0.6630218625068665,0.1332799643278122
YML021C,YGR038W,0,0.46340048,0.3334999978542328,0.6630218625068665,0.13338002562522888
YNL197C,YJR063W,0,0.46314406,0.3333333432674408,0.6630218625068665,0.13348008692264557
YNL282W,YLR432W,0,0.46298033,0.33316683769226074,0.6630218625068665,0.13358014822006226
YKR086W,YNL066W,0,0.4628582,0.333000510931015,0.6630218625068665,0.13368020951747894
YLR027C,YEL043W,0,0.46268904,0.3328343331813812,0.6630218625068665,0.13378027081489563
YPL011C,YGR207C,0,0.46267676,0.33266833424568176,0.6630218625068665,0.13388033211231232
YJL069C,YPR071W,0,0.46235192,0.33250248432159424,0.6630218625068665,0.133980393409729
YDR150W,YOR340C,0,0.46220195,0.33233681321144104,0.6630218625068665,0.1340804547071457
YKL110C,YGL233W,0,0.46209824,0.33217132091522217,0.6630218625068665,0.13418050110340118
YBR155W,YPR164W,0,0.4616518,0.33200597763061523,0.6630218625068665,0.13428056240081787
YFL062W,YDR142C,0,0.46152568,0.33184078335762024,0.6630218625068665,0.13438062369823456
YNR023W,YEL063C,0,0.4614933,0.33167579770088196,0.6630218625068665,0.13448068499565125
YGL092W,YGL232W,1,0.4609548,0.3320079445838928,0.6640158891677856,0.13448068499565125
YCR097W,YEL039C,0,0.46005774,0.3318430185317993,0.6640158891677856,0.13458074629306793
YGL244W,YOR283W,0,0.45944977,0.33167824149131775,0.6640158891677856,0.13468080759048462
YJR021C,YPL015C,0,0.45925808,0.3315136432647705,0.6640158891677856,0.1347808688879013
YNL027W,YNL126W,0,0.45884216,0.3313491940498352,0.6640158891677856,0.134880930185318
YLL033W,YBL005W,0,0.4587958,0.33118492364883423,0.6640158891677856,0.13498099148273468
YMR143W,YPL254W,0,0.4578694,0.3310208022594452,0.6640158891677856,0.13508105278015137
YDR091C,YBL025W,0,0.45761532,0.3308568596839905,0.6640158891677856,0.13518111407756805
YMR275C,YGL207W,0,0.45716298,0.3306930661201477,0.6640158891677856,0.13528117537498474
YKR100C,YMR167W,0,0.4569944,0.33052945137023926,0.6640158891677856,0.13538122177124023
YBL066C,YPL024W,0,0.45561606,0.33036598563194275,0.6640158891677856,0.13548128306865692
YMR286W,YOR377W,0,0.45552897,0.3302026689052582,0.6640158891677856,0.1355813443660736
YPL020C,YLR347C,0,0.4548189,0.33003953099250793,0.6640158891677856,0.1356814056634903
YNR057C,YDR162C,0,0.45463014,0.32987654209136963,0.6640158891677856,0.13578146696090698
YNL259C,YJL124C,0,0.4546293,0.32971373200416565,0.6640158891677856,0.13588152825832367
YJL092W,YOR197W,0,0.4542541,0.3295510709285736,0.6640158891677856,0.13598158955574036
YFR014C,YBR282W,0,0.45359862,0.3293885588645935,0.6640158891677856,0.13608165085315704
YOR001W,YGR024C,1,0.45331055,0.32971906661987305,0.6650099158287048,0.13608165085315704
YDR463W,YOL102C,1,0.453305,0.3300492465496063,0.6660040020942688,0.13608165085315704
YGL167C,YDR351W,0,0.45330107,0.3298867642879486,0.6660040020942688,0.13618171215057373
YKR088C,YML081W,0,0.45275837,0.32972440123558044,0.6660040020942688,0.13628177344799042
YIL021W,YOR368W,0,0.45227545,0.3295622169971466,0.6660040020942688,0.1363818347454071
YPL242C,YMR234W,0,0.45227206,0.3294001817703247,0.6660040020942688,0.1364818960428238
YDR104C,YCR014C,0,0.45156497,0.32923832535743713,0.6660040020942688,0.13658194243907928
YOR363C,YMR087W,0,0.4513194,0.3290766179561615,0.6660040020942688,0.13668200373649597
YKL205W,YAL043C,1,0.45104086,0.3294059932231903,0.666998028755188,0.13668200373649597
YGL044C,YLR006C,0,0.45081407,0.32924434542655945,0.666998028755188,0.13678206503391266
YIL014W,YNL038W,0,0.45072967,0.3290828764438629,0.666998028755188,0.13688212633132935
YHR014W,YDR234W,0,0.4506145,0.3289215564727783,0.666998028755188,0.13698218762874603
YPL217C,YPL158C,0,0.45011735,0.32876041531562805,0.666998028755188,0.13708224892616272
YKL184W,YNL230C,0,0.4499694,0.3285994231700897,0.666998028755188,0.1371823102235794
YOR353C,YML065W,0,0.4498995,0.32843858003616333,0.666998028755188,0.1372823715209961
YER168C,YBL024W,1,0.4496572,0.3287671208381653,0.6679920554161072,0.1372823715209961
YLR023C,YDL230W,0,0.4494102,0.32860636711120605,0.6679920554161072,0.13738243281841278
YER007C-A,YML101C,0,0.44927156,0.32844576239585876,0.6679920554161072,0.13748249411582947
YMR065W,YIL064W,0,0.44788647,0.3282853066921234,0.6679920554161072,0.13758255541324615
YCR093W,YBL004W,0,0.447734,0.328125,0.6679920554161072,0.13768261671066284
YDR463W,YMR047C,1,0.44719064,0.3284529149532318,0.6689860820770264,0.13768261671066284
YHL003C,YNL083W,0,0.44708794,0.32829269766807556,0.6689860820770264,0.13778266310691833
YOL066C,YJR022W,1,0.4461313,0.32862019538879395,0.6699801087379456,0.13778266310691833
YLL033W,YOR202W,0,0.44406408,0.32846003770828247,0.6699801087379456,0.13788272440433502
YGL053W,YNR010W,0,0.4440359,0.3283000588417053,0.6699801087379456,0.1379827857017517
YGL211W,YOL141W,1,0.44396025,0.3286270797252655,0.6709741353988647,0.1379827857017517
YKL007W,YNL294C,0,0.44382036,0.32846716046333313,0.6709741353988647,0.1380828469991684
YMR059W,YPL232W,0,0.44379985,0.3283073902130127,0.6709741353988647,0.13818290829658508
YGL063W,YGR041W,0,0.4429804,0.3281477987766266,0.6709741353988647,0.13828296959400177
YOR293W,YHR120W,0,0.44284785,0.32798832654953003,0.6709741353988647,0.13838303089141846
YBR257W,YBR130C,0,0.44253093,0.3278290331363678,0.6709741353988647,0.13848309218883514
YHR084W,YGR199W,0,0.4422903,0.3276698887348175,0.6709741353988647,0.13858315348625183
YDR382W,YKL172W,0,0.44188523,0.32751092314720154,0.6709741353988647,0.13868321478366852
YOL034W,YDR409W,0,0.4415918,0.3273520767688751,0.6709741353988647,0.1387832760810852
YJL187C,YGL020C,0,0.44155598,0.32719340920448303,0.6709741353988647,0.1388833373785019
YOL049W,YGR078C,0,0.44127077,0.3270348906517029,0.6709741353988647,0.13898338377475739
YLR369W,YDL222C,0,0.44040763,0.32687652111053467,0.6709741353988647,0.13908344507217407
YGL054C,YJR112W,0,0.44024205,0.3267183005809784,0.6709741353988647,0.13918350636959076
YJL128C,YOR129C,0,0.44014066,0.32656022906303406,0.6709741353988647,0.13928356766700745
YDL006W,YML014W,1,0.44002342,0.3268858790397644,0.6719681620597839,0.13928356766700745
YOL108C,YOL009C,0,0.43944073,0.32672789692878723,0.6719681620597839,0.13938362896442413
YOR299W,YNR003C,0,0.43926108,0.3265700340270996,0.6719681620597839,0.13948369026184082
YAL043C,YMR023C,1,0.43900293,0.32689520716667175,0.6729622483253479,0.13948369026184082
YER130C,YHL002W,0,0.4385391,0.3267374634742737,0.6729622483253479,0.1395837515592575
YBL105C,YML049C,0,0.43832165,0.32657983899116516,0.6729622483253479,0.1396838128566742
YHR090C,YOL057W,0,0.43819004,0.3264223635196686,0.6729622483253479,0.13978387415409088
YLR264W,YIL030C,0,0.43777633,0.3262650668621063,0.6729622483253479,0.13988393545150757
YKL160W,YML014W,0,0.43755525,0.3261078894138336,0.6729622483253479,0.13998399674892426
YFR013W,YMR089C,0,0.4374866,0.32595089077949524,0.6729622483253479,0.14008404314517975
YKR044W,YDR153C,0,0.43711615,0.3257940411567688,0.6729622483253479,0.14018410444259644
YMR023C,YNR015W,1,0.4369883,0.3261183202266693,0.6739562749862671,0.14018410444259644
YDR292C,YOL108C,0,0.4368841,0.32596153020858765,0.6739562749862671,0.14028416574001312
YOR190W,YPL011C,0,0.43548614,0.3258048892021179,0.6739562749862671,0.1403842270374298
YNL070W,YJL128C,0,0.4352808,0.3256484270095825,0.6739562749862671,0.1404842883348465
YOR274W,YLR430W,1,0.43507177,0.32597216963768005,0.6749503016471863,0.1404842883348465
YKL220C,YFL002C,0,0.43410033,0.32581573724746704,0.6749503016471863,0.14058434963226318
YOR074C,YAL042W,0,0.43372095,0.32565948367118835,0.6749503016471863,0.14068441092967987
YKR079C,YOR251C,1,0.4333309,0.3259827494621277,0.6759443283081055,0.14068441092967987
YBL079W,YNR012W,0,0.43310177,0.3258265554904938,0.6759443283081055,0.14078447222709656
YDR394W,YGR268C,0,0.43307233,0.3256705105304718,0.6759443283081055,0.14088453352451324
YBR136W,YIL046W,0,0.43238533,0.32551461458206177,0.6759443283081055,0.14098459482192993
YDL061C,YMR268C,0,0.43202996,0.3253588378429413,0.6759443283081055,0.14108465611934662
YKL058W,YDR468C,0,0.43161863,0.3252032399177551,0.6759443283081055,0.1411847174167633
YJR078W,YCL057W,0,0.43158805,0.3250477910041809,0.6759443283081055,0.1412847638130188
YLR226W,YPL140C,0,0.43132085,0.32489249110221863,0.6759443283081055,0.14138482511043549
YBR278W,YDR091C,0,0.43127525,0.3247373402118683,0.6759443283081055,0.14148488640785217
YGR060W,YDR408C,0,0.4312387,0.3245823383331299,0.6759443283081055,0.14158494770526886
YDL003W,YGL130W,0,0.43123257,0.3244274854660034,0.6759443283081055,0.14168500900268555
YOR101W,YHR132C,0,0.42991346,0.3242727816104889,0.6759443283081055,0.14178507030010223
YDL213C,YHR039C,0,0.4294567,0.3241181969642639,0.6759443283081055,0.14188513159751892
YBR006W,YNL156C,0,0.42927825,0.32396379113197327,0.6759443283081055,0.1419851928949356
YKL063C,YDR097C,0,0.42923188,0.32380953431129456,0.6759443283081055,0.1420852541923523
YLR165C,YLR144C,0,0.42918384,0.3236553966999054,0.6759443283081055,0.14218531548976898
YER002W,YKR096W,0,0.42867917,0.32350143790245056,0.6759443283081055,0.14228537678718567
YPR180W,YPL259C,0,0.42830074,0.3233475983142853,0.6759443283081055,0.14238543808460236
YLR285W,YPL040C,0,0.42826653,0.32319390773773193,0.6759443283081055,0.14248548448085785
YIR018W,YPR072W,0,0.42807913,0.3230403661727905,0.6759443283081055,0.14258554577827454
YOR299W,YPL253C,0,0.4275391,0.32288700342178345,0.6759443283081055,0.14268560707569122
YKR086W,YDR081C,0,0.4274491,0.32273373007774353,0.6759443283081055,0.1427856683731079
YMR161W,YPR057W,0,0.4270209,0.32258063554763794,0.6759443283081055,0.1428857296705246
YOR334W,YGR134W,0,0.42692065,0.3224276900291443,0.6759443283081055,0.14298579096794128
YLR131C,YOR091W,0,0.4266339,0.3222748935222626,0.6759443283081055,0.14308585226535797
YBR153W,YLR088W,0,0.42587656,0.3221222162246704,0.6759443283081055,0.14318591356277466
YCR023C,YBR104W,0,0.42552447,0.3219696879386902,0.6759443283081055,0.14328597486019135
YGR276C,YNL221C,1,0.42523146,0.3222905695438385,0.6769383549690247,0.14328597486019135
YDR090C,YDL005C,0,0.42403817,0.32213813066482544,0.6769383549690247,0.14338603615760803
YAL060W,YCR088W,0,0.42386508,0.32198581099510193,0.6769383549690247,0.14348609745502472
YOR079C,YMR300C,0,0.423293,0.32183364033699036,0.6769383549690247,0.1435861587524414
YMR267W,YNL110C,0,0.4231729,0.3216816186904907,0.6769383549690247,0.1436862051486969
YPR055W,YIL091C,0,0.42311287,0.321529746055603,0.6769383549690247,0.1437862664461136
YLR228C,YFL002C,0,0.4226101,0.32137802243232727,0.6769383549690247,0.14388632774353027
YJL081C,YMR048W,0,0.42156678,0.32122641801834106,0.6769383549690247,0.14398638904094696
YML005W,YAL043C,1,0.42149603,0.32154643535614014,0.6779323816299438,0.14398638904094696
YDL033C,YOL141W,1,0.4213615,0.32186615467071533,0.6789264678955078,0.14398638904094696
YLR438C-A,YPL212C,1,0.4211828,0.32218557596206665,0.679920494556427,0.14398638904094696
YGR266W,YMR123W,0,0.42081857,0.32203391194343567,0.679920494556427,0.14408645033836365
YHR062C,YDR463W,1,0.42078292,0.32235294580459595,0.6809145212173462,0.14408645033836365
YGR280C,YNL116W,0,0.42069858,0.32220131158828735,0.6809145212173462,0.14418651163578033
YKR069W,YIL158W,0,0.42068988,0.3220498263835907,0.6809145212173462,0.14428657293319702
YGR169C,YBL018C,1,0.4206304,0.32236841320991516,0.6819085478782654,0.14428657293319702
YFL062W,YCR079W,0,0.4205591,0.32221701741218567,0.6819085478782654,0.1443866342306137
YJL180C,YOR002W,0,0.4205529,0.3220657408237457,0.6819085478782654,0.1444866955280304
YGR122W,YDR540C,0,0.4200248,0.32191458344459534,0.6819085478782654,0.14458675682544708
YGR113W,YDR499W,0,0.42001283,0.3217636048793793,0.6819085478782654,0.14468681812286377
YGR169C,YGR024C,1,0.41891778,0.3220815658569336,0.6829025745391846,0.14468681812286377
YGR172C,YPR163C,0,0.41872603,0.3219306468963623,0.6829025745391846,0.14478687942028046
YDL189W,YLR330W,0,0.41772342,0.32177984714508057,0.6829025745391846,0.14488692581653595
YNL223W,YNL304W,0,0.41749078,0.32162922620773315,0.6829025745391846,0.14498698711395264
YHR062C,YLR085C,0,0.41744125,0.3214786946773529,0.6829025745391846,0.14508704841136932
YBR109C,YKL157W,0,0.41743702,0.321328341960907,0.6829025745391846,0.145187109708786
YPL218W,YLR275W,0,0.41739994,0.3211781084537506,0.6829025745391846,0.1452871710062027
YCR093W,YGR038W,0,0.41722995,0.3210280239582062,0.6829025745391846,0.14538723230361938
YGR121C,YER019W,0,0.4167574,0.3208780884742737,0.6829025745391846,0.14548729360103607
YLR178C,YER094C,0,0.416537,0.3207283020019531,0.6829025745391846,0.14558735489845276
YDR235W,YGL127C,0,0.41653007,0.3205786347389221,0.6829025745391846,0.14568741619586945
YLR386W,YDR164C,0,0.41619825,0.32042911648750305,0.6829025745391846,0.14578747749328613
YGL050W,YMR087W,1,0.41610992,0.32074591517448425,0.6838966012001038,0.14578747749328613
YNL024C,YGL086W,0,0.41609687,0.32059645652770996,0.6838966012001038,0.14588753879070282
YLR197W,YMR194W,0,0.41577685,0.3204471468925476,0.6838966012001038,0.1459875851869583
YMR183C,YER157W,0,0.41575772,0.3202979564666748,0.6838966012001038,0.146087646484375
YKR085C,YGR283C,0,0.41574693,0.32014891505241394,0.6838966012001038,0.1461877077817917
YPL100W,YOR252W,0,0.4156142,0.3199999928474426,0.6838966012001038,0.14628776907920837
YNL282W,YJR092W,0,0.41542727,0.31985121965408325,0.6838966012001038,0.14638783037662506
YDL207W,YNL147W,0,0.4150625,0.3197025954723358,0.6838966012001038,0.14648789167404175
YDR148C,YLR070C,0,0.4139899,0.3195541203022003,0.6838966012001038,0.14658795297145844
YNR057C,YHR134W,0,0.413912,0.31940576434135437,0.6838966012001038,0.14668801426887512
YDL226C,YJR133W,0,0.41296196,0.319257527589798,0.6838966012001038,0.1467880755662918
YOL097C,YNL329C,0,0.41239303,0.3191094696521759,0.6838966012001038,0.1468881368637085
YHR059W,YGR207C,0,0.41213125,0.3189615309238434,0.6838966012001038,0.14698819816112518
YIL094C,YIL030C,0,0.411965,0.3188137114048004,0.6838966012001038,0.14708825945854187
YNL256W,YOR249C,0,0.41151273,0.3186660408973694,0.6838966012001038,0.14718830585479736
YLR262C,YGR033C,0,0.4112687,0.3185185194015503,0.6838966012001038,0.14728836715221405
YMR113W,YAL059W,0,0.41120845,0.31837111711502075,0.6838966012001038,0.14738842844963074
YNL147W,YLR105C,1,0.410784,0.3186863958835602,0.684890627861023,0.14738842844963074
YIL157C,YGL127C,0,0.4106564,0.3185390532016754,0.684890627861023,0.14748848974704742
YPL082C,YKL216W,0,0.4103015,0.3183918595314026,0.684890627861023,0.1475885510444641
YNL038W,YPR131C,0,0.40997243,0.3182448148727417,0.684890627861023,0.1476886123418808
YDR108W,YKR002W,0,0.409913,0.31809788942337036,0.684890627861023,0.14778867363929749
YKR028W,YPL108W,0,0.40980208,0.3179510831832886,0.684890627861023,0.14788873493671417
YPR030W,YFR045W,0,0.40959388,0.3178044259548187,0.684890627861023,0.14798879623413086
YOR274W,YAL020C,1,0.40945637,0.31811895966529846,0.6858847141265869,0.14798879623413086
YNR052C,YPL140C,0,0.4090985,0.3179723620414734,0.6858847141265869,0.14808885753154755
YGR074W,YGR271W,0,0.40897143,0.31782588362693787,0.6858847141265869,0.14818891882896423
YOR073W,YDR159W,0,0.40829515,0.3176795542240143,0.6858847141265869,0.14828898012638092
YER001W,YDL240W,0,0.40800256,0.31753337383270264,0.6858847141265869,0.1483890265226364
YPR190C,YGR082W,0,0.40777534,0.31738731265068054,0.6858847141265869,0.1484890878200531
YNL262W,YPL040C,0,0.40753818,0.317241370677948,0.6858847141265869,0.1485891491174698
YBR133C,YGL083W,0,0.407112,0.3170955777168274,0.6858847141265869,0.14868921041488647
YDR463W,YMR283C,1,0.40683818,0.3174092769622803,0.6868787407875061,0.14868921041488647
YDL010W,YIL127C,0,0.40611148,0.31726354360580444,0.6868787407875061,0.14878927171230316
YML099C,YDR499W,0,0.4060918,0.31711792945861816,0.6868787407875061,0.14888933300971985
YFL025C,YIR010W,0,0.40605563,0.3169724643230438,0.6868787407875061,0.14898939430713654
YOR354C,YNL021W,0,0.40605217,0.3168271481990814,0.6868787407875061,0.14908945560455322
YKR045C,YJL058C,0,0.4056977,0.31668195128440857,0.6868787407875061,0.1491895169019699
YDR254W,YDR381W,0,0.40464288,0.31653687357902527,0.6868787407875061,0.1492895781993866
YCR057C,YHR134W,0,0.40429896,0.3163919448852539,0.6868787407875061,0.14938963949680328
YGL097W,YNL312W,0,0.4036535,0.3162471354007721,0.6868787407875061,0.14948970079421997
YJL206C,YLR066W,0,0.4035684,0.3161024749279022,0.6868787407875061,0.14958974719047546
YMR119W,YJR102C,0,0.40344232,0.3159579336643219,0.6868787407875061,0.14968980848789215
YIL013C,YOR048C,0,0.4034205,0.3158135414123535,0.6868787407875061,0.14978986978530884
YBL024W,YGL172W,1,0.40334272,0.3161260783672333,0.6878727674484253,0.14978986978530884
YJR017C,YOR250C,0,0.40316653,0.31598174571990967,0.6878727674484253,0.14988993108272552
YGR206W,YBL025W,0,0.4030336,0.3158375024795532,0.6878727674484253,0.1499899923801422
YGR133W,YAR008W,0,0.4027052,0.3156934380531311,0.6878727674484253,0.1500900536775589
YER168C,YDR378C,1,0.40242064,0.3160054683685303,0.6888667941093445,0.1500900536775589
YJR119C,YDL139C,0,0.40208954,0.31586143374443054,0.6888667941093445,0.15019011497497559
YLR410W,YDR167W,0,0.40173227,0.31571754813194275,0.6888667941093445,0.15029017627239227
YJR107W,YKR096W,0,0.40159333,0.3155737817287445,0.6888667941093445,0.15039023756980896
YLR411W,YJR082C,0,0.4012394,0.3154301345348358,0.6888667941093445,0.15049029886722565
YNL323W,YPR161C,0,0.40119135,0.31528663635253906,0.6888667941093445,0.15059036016464233
YLR224W,YLR411W,0,0.40106046,0.31514325737953186,0.6888667941093445,0.15069042146205902
YOL034W,YOR321W,0,0.40099335,0.3149999976158142,0.6888667941093445,0.15079046785831451
YGL238W,YNL307C,0,0.40028375,0.3148568868637085,0.6888667941093445,0.1508905291557312
YAR008W,YMR023C,1,0.39983678,0.31516802310943604,0.6898608207702637,0.1508905291557312
YJR125C,YDL225W,0,0.39886165,0.3150249719619751,0.6898608207702637,0.1509905904531479
YBR126C,YML130C,0,0.3982175,0.3148820400238037,0.6898608207702637,0.15109065175056458
YLR332W,YJL058C,0,0.39765114,0.3147392272949219,0.6898608207702637,0.15119071304798126
YDR263C,YBR094W,0,0.3973279,0.314596563577652,0.6898608207702637,0.15129077434539795
YNL147W,YPL030W,1,0.3969708,0.31490710377693176,0.6908548474311829,0.15129077434539795
YKR055W,YDL208W,0,0.3960998,0.31476449966430664,0.6908548474311829,0.15139083564281464
YIL035C,YLR404W,0,0.39537537,0.31462201476097107,0.6908548474311829,0.15149089694023132
YCR060W,YPL255W,0,0.39514995,0.31447964906692505,0.6908548474311829,0.151590958237648
YER168C,YAL020C,1,0.39507174,0.31478968262672424,0.6918489336967468,0.151590958237648
YDL097C,YKL193C,0,0.39504105,0.314647376537323,0.6918489336967468,0.1516910195350647
YJR147W,YBR127C,0,0.394871,0.3145051896572113,0.6918489336967468,0.15179108083248138
YKR001C,YDR175C,0,0.39477634,0.31436315178871155,0.6918489336967468,0.15189114212989807
YDR398W,YER008C,0,0.393355,0.31422123312950134,0.6918489336967468,0.15199118852615356
YER168C,YPL083C,1,0.39312005,0.31453070044517517,0.692842960357666,0.15199118852615356
YGR084C,YFR013W,0,0.39273655,0.31438881158828735,0.692842960357666,0.15209124982357025
YGR132C,YBR302C,0,0.3926419,0.3142470717430115,0.692842960357666,0.15219131112098694
YDR085C,YLR128W,0,0.39184391,0.31410545110702515,0.692842960357666,0.15229137241840363
YAL054C,YEL012W,0,0.39074963,0.31396394968032837,0.692842960357666,0.1523914337158203
YPR056W,YOR368W,0,0.38938093,0.31382259726524353,0.692842960357666,0.152491495013237
YMR112C,YKL040C,0,0.38916868,0.31368136405944824,0.692842960357666,0.1525915563106537
YGL116W,YIL139C,0,0.38861173,0.3135402500629425,0.692842960357666,0.15269161760807037
YOR212W,YIL021W,0,0.388479,0.3133992850780487,0.692842960357666,0.15279167890548706
YNL008C,YER139C,0,0.38837773,0.31325843930244446,0.692842960357666,0.15289174020290375
YDR217C,YDL014W,0,0.38817304,0.31311771273612976,0.692842960357666,0.15299180150032043
YAL009W,YDR480W,0,0.3881144,0.3129771053791046,0.692842960357666,0.15309184789657593
YOR371C,YML109W,0,0.38779724,0.312836617231369,0.692842960357666,0.15319190919399261
YKL006W,YLR187W,0,0.38778114,0.31269627809524536,0.692842960357666,0.1532919704914093
YPL138C,YNR056C,0,0.38777012,0.31255605816841125,0.692842960357666,0.153392031788826
YGL013C,YPL055C,0,0.38758677,0.3124159574508667,0.692842960357666,0.15349209308624268
YNL075W,YDR484W,0,0.3875696,0.3122759759426117,0.692842960357666,0.15359215438365936
YPL065W,YBR120C,0,0.38674796,0.31213614344596863,0.692842960357666,0.15369221568107605
YMR099C,YOL116W,0,0.386212,0.3119964301586151,0.692842960357666,0.15379227697849274
YJL091C,YBR061C,0,0.38584405,0.31185683608055115,0.692842960357666,0.15389233827590942
YER015W,YBR154C,0,0.38565588,0.31171736121177673,0.692842960357666,0.1539923995733261
YGR074W,YJL173C,0,0.38564187,0.31157800555229187,0.692842960357666,0.1540924608707428
YPL253C,YLR274W,0,0.38507318,0.31143879890441895,0.692842960357666,0.15419252216815948
YOR016C,YGL043W,0,0.38503784,0.3112996816635132,0.692842960357666,0.15429256856441498
YMR215W,YMR044W,0,0.3842827,0.31116071343421936,0.692842960357666,0.15439262986183167
YPL009C,YGR003W,0,0.384152,0.3110218644142151,0.692842960357666,0.15449269115924835
YKR045C,YMR164C,0,0.38376957,0.31088313460350037,0.692842960357666,0.15459275245666504
YNL256W,YNL032W,0,0.38336545,0.3107445240020752,0.692842960357666,0.15469281375408173
YFL045C,YOR168W,0,0.38317883,0.31060606241226196,0.692842960357666,0.1547928750514984
YBR258C,YKL003C,0,0.38312554,0.3104677200317383,0.692842960357666,0.1548929363489151
YJR130C,YIL154C,0,0.38304973,0.31032946705818176,0.692842960357666,0.1549929976463318
YPL049C,YOR056C,0,0.38295722,0.3101913630962372,0.692842960357666,0.15509305894374847
YER038C,YDR067C,0,0.38289583,0.31005337834358215,0.692842960357666,0.15519312024116516
YOR158W,YOR008C,0,0.3828163,0.3099155128002167,0.692842960357666,0.15529318153858185
YCL034W,YLL010C,0,0.38278508,0.30977776646614075,0.692842960357666,0.15539324283599854
YJR004C,YBL026W,0,0.38234866,0.30964016914367676,0.692842960357666,0.15549328923225403
YHR150W,YKL125W,0,0.38196552,0.30950266122817993,0.692842960357666,0.15559335052967072
YFL038C,YOR362C,0,0.38118964,0.30936530232429504,0.692842960357666,0.1556934118270874
YPL225W,YDR202C,0,0.38080657,0.3092280328273773,0.692842960357666,0.1557934731245041
YBR202W,YPL198W,0,0.38001162,0.30909091234207153,0.692842960357666,0.15589353442192078
YGR195W,YNL307C,0,0.38000894,0.3089539110660553,0.692842960357666,0.15599359571933746
YER168C,YMR087W,1,0.3793472,0.3092600703239441,0.6938369870185852,0.15599359571933746
YDR110W,YNL133C,0,0.3792972,0.30912312865257263,0.6938369870185852,0.15609365701675415
YGR060W,YDR156W,0,0.3792011,0.30898627638816833,0.6938369870185852,0.15619371831417084
YGL144C,YMR200W,0,0.37912577,0.3088495433330536,0.6938369870185852,0.15629377961158752
YKL051W,YKL001C,0,0.37907487,0.3087129592895508,0.6938369870185852,0.1563938409090042
YDL247W,YBL047C,0,0.37841654,0.3085764944553375,0.6938369870185852,0.1564939022064209
YKL064W,YDR306C,0,0.37812555,0.30844011902809143,0.6938369870185852,0.15659396350383759
YKL209C,YHR128W,0,0.37801063,0.3083038926124573,0.6938369870185852,0.15669400990009308
YLR360W,YGR044C,0,0.3772267,0.3081677556037903,0.6938369870185852,0.15679407119750977
YDR191W,YBR021W,0,0.3765998,0.30803176760673523,0.6938369870185852,0.15689413249492645
YBR074W,YKL043W,0,0.3765627,0.3078958988189697,0.6938369870185852,0.15699419379234314
YOR301W,YDL031W,0,0.37628567,0.3077601492404938,0.6938369870185852,0.15709425508975983
YOL052C,YDL047W,0,0.3762797,0.3076245188713074,0.6938369870185852,0.1571943163871765
YBL014C,YER100W,0,0.3748988,0.30748897790908813,0.6938369870185852,0.1572943776845932
YBL091C,YKL127W,0,0.37477952,0.30735358595848083,0.6938369870185852,0.1573944389820099
YML071C,YLR432W,0,0.37445408,0.3072183132171631,0.6938369870185852,0.15749450027942657
YKL099C,YOL075C,0,0.37431222,0.3070831596851349,0.6938369870185852,0.15759456157684326
YBR029C,YJR064W,0,0.37426823,0.30694809556007385,0.6938369870185852,0.15769462287425995
YBR080C,YHR079C,0,0.37395734,0.30681318044662476,0.6938369870185852,0.15779468417167664
YGL002W,YBR170C,0,0.37375832,0.3066783845424652,0.6938369870185852,0.15789473056793213
YBL002W,YCR057C,0,0.37310594,0.3065437078475952,0.6938369870185852,0.15799479186534882
YBL084C,YNR056C,0,0.37275958,0.3064091205596924,0.6938369870185852,0.1580948531627655
YDR385W,YPL086C,0,0.3725193,0.3062746822834015,0.6938369870185852,0.1581949144601822
YJL066C,YDR406W,0,0.3712126,0.30614036321640015,0.6938369870185852,0.15829497575759888
YDR385W,YDR037W,0,0.36994976,0.30600613355636597,0.6938369870185852,0.15839503705501556
YOR239W,YMR283C,0,0.36953998,0.3058720529079437,0.6938369870185852,0.15849509835243225
YLR438C-A,YGL063W,1,0.36880642,0.306176096200943,0.6948310136795044,0.15849509835243225
YPR141C,YDR034C,0,0.36835837,0.30604204535484314,0.6948310136795044,0.15859515964984894
YER179W,YLR132C,0,0.36831343,0.30590808391571045,0.6948310136795044,0.15869522094726562
YBR239C,YBL004W,0,0.3681718,0.3057742714881897,0.6948310136795044,0.1587952822446823
YNR055C,YDL040C,0,0.3676077,0.3056405782699585,0.6948310136795044,0.158895343542099
YLR401C,YOL136C,0,0.36713964,0.30550700426101685,0.6948310136795044,0.1589953899383545
YCL043C,YAL039C,0,0.36653996,0.30537351965904236,0.6948310136795044,0.15909545123577118
YNL130C,YKL191W,0,0.3664459,0.3052401840686798,0.6948310136795044,0.15919551253318787
YBL100W-B,YIL127C,0,0.3663534,0.3051069378852844,0.6948310136795044,0.15929557383060455
YBL031W,YLL010C,0,0.36628604,0.3049738109111786,0.6948310136795044,0.15939563512802124
YMR215W,YIL157C,0,0.36608076,0.3048408329486847,0.6948310136795044,0.15949569642543793
YPL129W,YLR213C,0,0.36558437,0.30470794439315796,0.6948310136795044,0.15959575772285461
YKL205W,YOR251C,1,0.36549538,0.3050108850002289,0.6958250403404236,0.15959575772285461
YLR384C,YDL033C,1,0.36509246,0.3053135871887207,0.6968190670013428,0.15959575772285461
YOR172W,YOL098C,0,0.36475778,0.3051806688308716,0.6968190670013428,0.1596958190202713
YHL006C,YML006C,0,0.36465603,0.305047869682312,0.6968190670013428,0.159795880317688
YGR175C,YDR211W,0,0.36438316,0.304915189743042,0.6968190670013428,0.15989594161510468
YBR271W,YPL188W,0,0.3642941,0.30478259921073914,0.6968190670013428,0.15999600291252136
YPL233W,YLR260W,0,0.36398882,0.3046501576900482,0.6968190670013428,0.16009606420993805
YMR063W,YDR449C,0,0.36393726,0.30451780557632446,0.6968190670013428,0.16019611060619354
YKL132C,YDR460W,0,0.36363322,0.30438557267189026,0.6968190670013428,0.16029617190361023
YCR086W,YGR040W,0,0.36347902,0.3042534589767456,0.6968190670013428,0.16039623320102692
YDL112W,YBR167C,1,0.36313158,0.30455532670021057,0.697813093662262,0.16039623320102692
YLR298C,YDR349C,0,0.36268228,0.3044232428073883,0.697813093662262,0.1604962944984436
YIL017C,YIL073C,0,0.36244786,0.3042912781238556,0.697813093662262,0.1605963557958603
YLR293C,YKR095W,0,0.3623181,0.3041594326496124,0.697813093662262,0.16069641709327698
YDR395W,YDR473C,0,0.36221325,0.3040277063846588,0.697813093662262,0.16079647839069366
YBR275C,YJL124C,0,0.36130363,0.30389609932899475,0.697813093662262,0.16089653968811035
YGR125W,YBR060C,0,0.36061388,0.30376461148262024,0.697813093662262,0.16099660098552704
YKL132C,YMR146C,0,0.36039764,0.3036332130432129,0.697813093662262,0.16109666228294373
YLR337C,YPR030W,0,0.36000925,0.3035019338130951,0.697813093662262,0.1611967235803604
YPL212C,YGR024C,1,0.35971344,0.3038029372692108,0.6988071799278259,0.1611967235803604
YOR363C,YOL060C,0,0.35916156,0.3036717176437378,0.6988071799278259,0.1612967848777771
YDR026C,YDR392W,0,0.35898346,0.30354058742523193,0.6988071799278259,0.1613968312740326
YOR304C-A,YPR033C,0,0.358365,0.3034095764160156,0.6988071799278259,0.16149689257144928
YNL273W,YJL035C,0,0.35812736,0.30327868461608887,0.6988071799278259,0.16159695386886597
YOL066C,YMR047C,1,0.3580588,0.3035791218280792,0.6998012065887451,0.16159695386886597
YLR138W,YFR031C,0,0.35788453,0.30344828963279724,0.6998012065887451,0.16169701516628265
YFR016C,YHR201C,0,0.3578515,0.3033175468444824,0.6998012065887451,0.16179707646369934
YJL071W,YBR130C,0,0.35771602,0.30318689346313477,0.6998012065887451,0.16189713776111603
YNL183C,YJL085W,0,0.3575456,0.30305638909339905,0.6998012065887451,0.16199719905853271
YDR367W,YJR112W,0,0.35737294,0.3029260039329529,0.6998012065887451,0.1620972603559494
YDR406W,YOR255W,0,0.3573519,0.3027957081794739,0.6998012065887451,0.1621973216533661
YHR111W,YPL009C,0,0.35689896,0.3026655316352844,0.6998012065887451,0.16229738295078278
YLR384C,YGL236C,1,0.35656422,0.3029651939868927,0.7007952332496643,0.16229738295078278
YOR360C,YKL113C,0,0.35640574,0.30283504724502563,0.7007952332496643,0.16239744424819946
YCR105W,YML067C,0,0.35637456,0.3027050197124481,0.7007952332496643,0.16249750554561615
YPR071W,YGL246C,0,0.35626358,0.30257511138916016,0.7007952332496643,0.16259755194187164
YGL130W,YGL151W,0,0.3558926,0.30244529247283936,0.7007952332496643,0.16269761323928833
YLR234W,YKL033W,0,0.35568607,0.3023156225681305,0.7007952332496643,0.16279767453670502
YBR061C,YGR024C,1,0.35559028,0.30261465907096863,0.7017892599105835,0.16279767453670502
YJR144W,YNL245C,0,0.35535598,0.30248501896858215,0.7017892599105835,0.1628977358341217
YMR288W,YDR179C,0,0.3550241,0.30235546827316284,0.7017892599105835,0.1629977971315384
YOR054C,YCL039W,0,0.35483032,0.3022260367870331,0.7017892599105835,0.16309785842895508
YDR245W,YFL048C,0,0.3544135,0.3020966947078705,0.7017892599105835,0.16319791972637177
YOR311C,YLR135W,0,0.35437065,0.3019675016403198,0.7017892599105835,0.16329798102378845
YDR338C,YDR289C,0,0.3543163,0.30183839797973633,0.7017892599105835,0.16339804232120514
YKL009W,YIL035C,0,0.35417622,0.3017094135284424,0.7017892599105835,0.16349810361862183
YHR042W,YJL110C,0,0.35388398,0.3015805184841156,0.7017892599105835,0.1635981649160385
YPL053C,YKL113C,0,0.35367644,0.30145174264907837,0.7017892599105835,0.1636982262134552
YBR129C,YBR168W,0,0.35363442,0.3013230860233307,0.7017892599105835,0.1637982726097107
YNL223W,YER150W,0,0.3533948,0.30119454860687256,0.7017892599105835,0.16389833390712738
YKL045W,YGR099W,0,0.35327864,0.3010661005973816,0.7017892599105835,0.16399839520454407
YNL088W,YBR192W,0,0.35320687,0.3009377717971802,0.7017892599105835,0.16409845650196075
YML013W,YPR106W,0,0.35272914,0.3008095324039459,0.7017892599105835,0.16419851779937744
YGL049C,YMR013C,0,0.35211796,0.3006814420223236,0.7017892599105835,0.16429857909679413
YDL102W,YGR040W,0,0.35206723,0.30055344104766846,0.7017892599105835,0.16439864039421082
YIL062C,YJR149W,0,0.35187244,0.30042552947998047,0.7017892599105835,0.1644987016916275
YLR239C,YPL215W,0,0.35153055,0.30029773712158203,0.7017892599105835,0.1645987629890442
YMR156C,YLR128W,0,0.3513493,0.30017006397247314,0.7017892599105835,0.16469882428646088
YJR041C,YGR186W,0,0.3506899,0.3000425100326538,0.7017892599105835,0.16479888558387756
YJL004C,YNL263C,0,0.34949768,0.29991504549980164,0.7017892599105835,0.16489893198013306
YML061C,YEL022W,0,0.34922928,0.299787700176239,0.7017892599105835,0.16499899327754974
YDR498C,YBR215W,0,0.34915257,0.29966044425964355,0.7017892599105835,0.16509905457496643
YKL220C,YKL127W,0,0.3491432,0.29953330755233765,0.7017892599105835,0.16519911587238312
YKR098C,YFR010W,0,0.3484339,0.2994062900543213,0.7017892599105835,0.1652991771697998
YJL083W,YNL230C,0,0.34836972,0.2992793619632721,0.7017892599105835,0.1653992384672165
YFR025C,YIL122W,0,0.348239,0.29915255308151245,0.7017892599105835,0.16549929976463318
YDR497C,YBL113C,0,0.34812188,0.29902583360671997,0.7017892599105835,0.16559936106204987
YGL220W,YPL120W,0,0.34810722,0.29889923334121704,0.7017892599105835,0.16569942235946655
YDR205W,YDR306C,0,0.34786934,0.29877275228500366,0.7017892599105835,0.16579948365688324
YMR275C,YDR482C,0,0.3478642,0.29864636063575745,0.7017892599105835,0.16589954495429993
YFL009W,YJL179W,0,0.3478446,0.2985200881958008,0.7017892599105835,0.1659996062517166
YOL093W,YDL006W,1,0.34763288,0.2988165616989136,0.7027832865715027,0.1659996062517166
YOR205C,YNL284C,0,0.34692663,0.2986903190612793,0.7027832865715027,0.1660996526479721
YOL021C,YGL085W,0,0.34691256,0.29856419563293457,0.7027832865715027,0.1661997139453888
YMR087W,YNL062C,1,0.3464319,0.2988602817058563,0.7037773132324219,0.1661997139453888
YEL009C,YBR084C-A,0,0.34616572,0.298734188079834,0.7037773132324219,0.16629977524280548
YKR045C,YPL024W,0,0.34615552,0.2986081838607788,0.7037773132324219,0.16639983654022217
YJL103C,YIL075C,0,0.34583724,0.2984822988510132,0.7037773132324219,0.16649989783763885
YJL206C,YIL007C,0,0.34577847,0.2983565032482147,0.7037773132324219,0.16659995913505554
YGL234W,YHR041C,0,0.34565032,0.2982308268547058,0.7037773132324219,0.16670002043247223
YBL042C,YLR052W,0,0.34548318,0.29810526967048645,0.7037773132324219,0.16680008172988892
YOL154W,YIL158W,0,0.34542912,0.29797980189323425,0.7037773132324219,0.1669001430273056
YJR152W,YNL032W,0,0.3447253,0.2978544235229492,0.7037773132324219,0.1670002043247223
YDR463W,YNR046W,1,0.34460586,0.2981497049331665,0.7047713994979858,0.1670002043247223
YER127W,YCL032W,0,0.34385908,0.29802438616752625,0.7047713994979858,0.16710026562213898
YOR173W,YHR001W,0,0.3437813,0.29789915680885315,0.7047713994979858,0.16720032691955566
YGR030C,YAL020C,1,0.34361517,0.2981940507888794,0.705765426158905,0.16720032691955566
YNL139C,YKL001C,0,0.34340894,0.2980688512325287,0.705765426158905,0.16730037331581116
YER179W,YLR206W,0,0.3433172,0.29794377088546753,0.705765426158905,0.16740043461322784
YHR050W,YPR060C,0,0.34298247,0.29781877994537354,0.705765426158905,0.16750049591064453
YAL051W,YLR323C,0,0.34275758,0.2976939082145691,0.705765426158905,0.16760055720806122
YLR092W,YPR001W,0,0.34264147,0.2975691556930542,0.705765426158905,0.1677006185054779
YJR031C,YPL129W,0,0.34238112,0.29744449257850647,0.705765426158905,0.1678006798028946
YBR238C,YNL264C,0,0.34207708,0.2973199188709259,0.705765426158905,0.16790074110031128
YJL122W,YNL278W,0,0.34112912,0.2971954941749573,0.705765426158905,0.16800080239772797
YGR166W,YDR264C,0,0.340926,0.2970711290836334,0.705765426158905,0.16810086369514465
YDL154W,YHR094C,0,0.34081584,0.2969468832015991,0.705765426158905,0.16820092499256134
YBR002C,YLR220W,0,0.3405437,0.29682275652885437,0.705765426158905,0.16830098628997803
YMR118C,YNL274C,0,0.3401605,0.2966987192630768,0.705765426158905,0.16840104758739471
YOR190W,YAL042W,0,0.3401249,0.29657477140426636,0.705765426158905,0.1685010939836502
YDL105W,YPL122C,0,0.34004825,0.2964509427547455,0.705765426158905,0.1686011552810669
YDL006W,YNR046W,1,0.3398785,0.29674458503723145,0.7067594528198242,0.1686011552810669
YKL222C,YJL074C,0,0.33951247,0.29662078619003296,0.7067594528198242,0.16870121657848358
YNL092W,YHR139C,0,0.3391484,0.29649707674980164,0.7067594528198242,0.16880127787590027
YBR129C,YOL001W,0,0.33900744,0.29637348651885986,0.7067594528198242,0.16890133917331696
YDR082W,YBR170C,0,0.33853763,0.29624998569488525,0.7067594528198242,0.16900140047073364
YGR038W,YGR283C,0,0.3385051,0.2961266040802002,0.7067594528198242,0.16910146176815033
YDR429C,YKR078W,0,0.33810073,0.2960033416748047,0.7067594528198242,0.16920152306556702
YLR005W,YFL050C,0,0.33797055,0.29588013887405396,0.7067594528198242,0.1693015843629837
YKL082C,YNL094W,0,0.33778214,0.29575708508491516,0.7067594528198242,0.1694016456604004
YOR319W,YDR212W,0,0.3377002,0.29563409090042114,0.7067594528198242,0.16950170695781708
YHR090C,YKL206C,0,0.337377,0.2955112159252167,0.7067594528198242,0.16960176825523376
YBR045C,YMR214W,0,0.33619076,0.29538846015930176,0.7067594528198242,0.16970181465148926
YDR051C,YGL145W,0,0.33612722,0.295265793800354,0.7067594528198242,0.16980187594890594
YAR035W,YBR091C,0,0.33599812,0.2951432168483734,0.7067594528198242,0.16990193724632263
YPL225W,YOR125C,0,0.33557796,0.2950207591056824,0.7067594528198242,0.17000199854373932
YOL116W,YOR255W,0,0.33537126,0.2948983907699585,0.7067594528198242,0.170102059841156
YBR022W,YDL051W,1,0.3351999,0.2951907217502594,0.7077534794807434,0.170102059841156
YKL221W,YBL047C,0,0.335091,0.2950683832168579,0.7077534794807434,0.1702021211385727
YER112W,YPL212C,1,0.33495504,0.29536038637161255,0.7087475061416626,0.1702021211385727
YPL075W,YLL016W,0,0.3347357,0.29523810744285583,0.7087475061416626,0.17030218243598938
YNL084C,YLL034C,0,0.33469492,0.2951158881187439,0.7087475061416626,0.17040224373340607
YOR094W,YCR031C,0,0.334629,0.2949937880039215,0.7087475061416626,0.17050230503082275
YLR016C,YNL294C,0,0.3340516,0.29487180709838867,0.7087475061416626,0.17060236632823944
YOR237W,YPL030W,0,0.3335284,0.2947498857975006,0.7087475061416626,0.17070242762565613
YNL029C,YJL006C,0,0.33330446,0.2946281135082245,0.7087475061416626,0.17080248892307281
YFL003C,YMR104C,0,0.3332296,0.29450640082359314,0.7087475061416626,0.1709025353193283
YNL070W,YKL014C,0,0.33244407,0.29438480734825134,0.7087475061416626,0.171002596616745
YDR266C,YPL140C,0,0.3322088,0.2942633032798767,0.7087475061416626,0.17110265791416168
YOL010W,YLR092W,0,0.33214056,0.2941419184207916,0.7087475061416626,0.17120271921157837
YLR239C,YNL182C,0,0.33206713,0.2940206229686737,0.7087475061416626,0.17130278050899506
YGR276C,YBL026W,1,0.3319397,0.29431161284446716,0.7097415328025818,0.17130278050899506
YLR410W,YER008C,0,0.3318774,0.29419034719467163,0.7097415328025818,0.17140284180641174
YMR321C,YCR063W,0,0.33172172,0.29406920075416565,0.7097415328025818,0.17150290310382843
YPR001W,YNL214W,0,0.33131224,0.29394811391830444,0.7097415328025818,0.17160296440124512
YNL090W,YPR100W,0,0.3311211,0.2938271462917328,0.7097415328025818,0.1717030256986618
YJL098W,YKL073W,0,0.33110845,0.2937062978744507,0.7097415328025818,0.1718030869960785
YML061C,YPL227C,0,0.33054703,0.29358553886413574,0.7097415328025818,0.17190314829349518
YPR011C,YER019W,0,0.3302852,0.29346486926078796,0.7097415328025818,0.17200319468975067
YOR266W,YPR004C,0,0.32998335,0.29334428906440735,0.7097415328025818,0.17210325598716736
YDR365C,YNL225C,0,0.32968724,0.2932238280773163,0.7097415328025818,0.17220331728458405
YCR069W,YJL034W,0,0.32848692,0.2931034564971924,0.7097415328025818,0.17230337858200073
YNR018W,YFR038W,0,0.32783413,0.29298317432403564,0.7097415328025818,0.17240343987941742
YBR216C,YOR245C,0,0.32732213,0.29286301136016846,0.7097415328025818,0.1725035011768341
YPR034W,YLR144C,0,0.3264498,0.29274293780326843,0.7097415328025818,0.1726035624742508
YBR167C,YJL087C,1,0.3262028,0.29303279519081116,0.710735559463501,0.1726035624742508
YJL081C,YHL012W,0,0.32540292,0.2929127514362335,0.710735559463501,0.17270362377166748
YKL189W,YDR200C,0,0.32506502,0.29279279708862305,0.710735559463501,0.17280368506908417
YDR352W,YHR045W,0,0.3249405,0.29267293214797974,0.710735559463501,0.17290374636650085
YOR129C,YOR172W,0,0.32465482,0.292553186416626,0.710735559463501,0.17300380766391754
YPL110C,YPL138C,0,0.32406533,0.2924335300922394,0.710735559463501,0.17310386896133423
YEL044W,YMR032W,0,0.32398003,0.29231399297714233,0.710735559463501,0.17320391535758972
YOR250C,YGL131C,0,0.3239379,0.29219451546669006,0.710735559463501,0.1733039766550064
YDR446W,YHR091C,0,0.3234871,0.29207515716552734,0.710735559463501,0.1734040379524231
YPL088W,YGR244C,0,0.32313383,0.2919558882713318,0.710735559463501,0.17350409924983978
YOR232W,YDR017C,0,0.32284027,0.2918367385864258,0.710735559463501,0.17360416054725647
YMR154C,YLR037C,0,0.32282013,0.29171767830848694,0.710735559463501,0.17370422184467316
YGR198W,YGR096W,0,0.32278574,0.29159870743751526,0.710735559463501,0.17380428314208984
YMR059W,YGL211W,1,0.32265884,0.291887491941452,0.7117296457290649,0.17380428314208984
YMR059W,YJL035C,1,0.3226537,0.2921760380268097,0.7127236723899841,0.17380428314208984
YHR062C,YGR169C,1,0.32199126,0.29246434569358826,0.7137176990509033,0.17380428314208984
YBR046C,YKR065C,0,0.3219567,0.2923452854156494,0.7137176990509033,0.17390434443950653
YNR054C,YOR231W,0,0.32162344,0.29222628474235535,0.7137176990509033,0.17400440573692322
YJR056C,YDR264C,0,0.32161605,0.29210740327835083,0.7137176990509033,0.1741044670343399
YNR056C,YKR057W,0,0.32141644,0.2919886112213135,0.7137176990509033,0.1742045283317566
YMR168C,YPL055C,0,0.32115495,0.2918699085712433,0.7137176990509033,0.17430458962917328
YJL011C,YGL094C,0,0.32016522,0.29175132513046265,0.7137176990509033,0.17440463602542877
YKL129C,YHR132C,0,0.31983942,0.29163283109664917,0.7137176990509033,0.17450469732284546
YDR439W,YNL264C,0,0.31940675,0.29151442646980286,0.7137176990509033,0.17460475862026215
YBR167C,YGL211W,1,0.31918454,0.29180195927619934,0.7147117257118225,0.17460475862026215
YML091C,YGL236C,1,0.31894863,0.2920892536640167,0.7157057523727417,0.17460475862026215
YNR013C,YML062C,0,0.3184259,0.29197078943252563,0.7157057523727417,0.17470481991767883
YDL064W,YBR028C,0,0.3182994,0.2918524444103241,0.7157057523727417,0.17480488121509552
YBL113C,YJR112W,0,0.3178857,0.2917341887950897,0.7157057523727417,0.1749049425125122
YGR030C,YDL012C,0,0.31770247,0.2916160523891449,0.7157057523727417,0.1750050038099289
YJL083W,YPL170W,0,0.31763166,0.29149797558784485,0.7157057523727417,0.17510506510734558
YOL142W,YKL022C,0,0.31751913,0.29138001799583435,0.7157057523727417,0.17520512640476227
YOR118W,YOR253W,0,0.31748974,0.291262149810791,0.7157057523727417,0.17530518770217896
YJL127C,YLR026C,0,0.31701285,0.29114437103271484,0.7157057523727417,0.17540524899959564
YCR045C,YGL071W,0,0.3169645,0.29102668166160583,0.7157057523727417,0.17550531029701233
YNR044W,YOR004W,0,0.31686914,0.290909081697464,0.7157057523727417,0.17560535669326782
YDL154W,YDL213C,0,0.3153609,0.2907916009426117,0.7157057523727417,0.1757054179906845
YDR399W,YNL246W,0,0.31499147,0.29067420959472656,0.7157057523727417,0.1758054792881012
YLR460C,YBR238C,0,0.31491148,0.2905569076538086,0.7157057523727417,0.17590554058551788
YHR003C,YDL236W,0,0.31458628,0.2904396951198578,0.7157057523727417,0.17600560188293457
YNL113W,YLR166C,0,0.31435788,0.29032257199287415,0.7157057523727417,0.17610566318035126
YAL005C,YCR031C,0,0.3140058,0.29020556807518005,0.7157057523727417,0.17620572447776794
YCR045C,YIL114C,0,0.3137706,0.29008862376213074,0.7157057523727417,0.17630578577518463
YPL212C,YBR217W,0,0.31343484,0.28997179865837097,0.7157057523727417,0.17640584707260132
YGR169C,YNL292W,1,0.31292117,0.29025766253471375,0.7166997790336609,0.17640584707260132
YPL069C,YLR143W,0,0.31252867,0.290140837430954,0.7166997790336609,0.176505908370018
YGR276C,YBR167C,1,0.31213987,0.2904263734817505,0.7176938652992249,0.176505908370018
YML062C,YPR161C,0,0.31150544,0.2903096079826355,0.7176938652992249,0.1766059696674347
YFL034C-B,YKR044W,0,0.31099874,0.29019293189048767,0.7176938652992249,0.17670603096485138
YCR107W,YBL035C,0,0.3105393,0.290076345205307,0.7176938652992249,0.17680607736110687
YGR005C,YHR149C,0,0.31045914,0.2899598479270935,0.7176938652992249,0.17690613865852356
YGR193C,YPR149W,0,0.30977744,0.28984344005584717,0.7176938652992249,0.17700619995594025
YDR381W,YKL172W,0,0.30971432,0.289727121591568,0.7176938652992249,0.17710626125335693
YCL045C,YNL021W,0,0.30942655,0.28961092233657837,0.7176938652992249,0.17720632255077362
YDR482C,YDR026C,0,0.30866396,0.2894947826862335,0.7176938652992249,0.1773063838481903
YLL008W,YDL035C,0,0.30855703,0.2893787622451782,0.7176938652992249,0.177406445145607
YLR033W,YIR032C,0,0.3083784,0.2892628312110901,0.7176938652992249,0.17750650644302368
YGR178C,YLR088W,0,0.30832034,0.2891469895839691,0.7176938652992249,0.17760656774044037
YKR045C,YLR404W,0,0.3083024,0.2890312373638153,0.7176938652992249,0.17770662903785706
YPR104C,YLR378C,0,0.30828178,0.28891557455062866,0.7176938652992249,0.17780669033527374
YGR271W,YPL266W,0,0.3078974,0.2888000011444092,0.7176938652992249,0.17790673673152924
YDR113C,YNL147W,0,0.3078894,0.28868451714515686,0.7176938652992249,0.17800679802894592
YDL212W,YLR105C,0,0.30785215,0.2885691523551941,0.7176938652992249,0.1781068593263626
YML056C,YKR002W,0,0.3077715,0.2884538471698761,0.7176938652992249,0.1782069206237793
YKR083C,YMR216C,0,0.3074922,0.28833866119384766,0.7176938652992249,0.17830698192119598
YPL008W,YJL035C,0,0.30736077,0.2882235646247864,0.7176938652992249,0.17840704321861267
YGL172W,YOL141W,1,0.30730754,0.2885075807571411,0.718687891960144,0.17840704321861267
YER031C,YGL112C,0,0.3071109,0.2883925139904022,0.718687891960144,0.17850710451602936
YJR082C,YHR149C,0,0.30703884,0.2882775068283081,0.718687891960144,0.17860716581344604
YPL234C,YOR122C,0,0.3068319,0.28816261887550354,0.718687891960144,0.17870722711086273
YDR359C,YKL125W,0,0.30597973,0.28804782032966614,0.718687891960144,0.17880728840827942
YLR260W,YKL146W,0,0.3056032,0.2879330813884735,0.718687891960144,0.1789073497056961
YOR188W,YMR286W,0,0.3055563,0.28781846165657043,0.718687891960144,0.1790074110031128
YDR385W,YDR444W,0,0.3054942,0.2877039313316345,0.718687891960144,0.1791074573993683
YPL083C,YML080W,1,0.30502307,0.28798726201057434,0.7196819186210632,0.1791074573993683
YNL134C,YNL230C,0,0.30485135,0.2878727614879608,0.7196819186210632,0.17920751869678497
YNL221C,YER112W,1,0.30466223,0.28815579414367676,0.7206759452819824,0.17920751869678497
YBR014C,YKL165C,0,0.3045076,0.2880413234233856,0.7206759452819824,0.17930757999420166
YMR090W,YMR251W-A,0,0.30360854,0.28792691230773926,0.7206759452819824,0.17940764129161835
YLR384C,YAL043C,1,0.30337095,0.28820961713790894,0.7216699719429016,0.17940764129161835
YDL139C,YAR003W,0,0.30325294,0.28809523582458496,0.7216699719429016,0.17950770258903503
YGL144C,YPR198W,0,0.30317986,0.28798097372055054,0.7216699719429016,0.17960776388645172
YLR220W,YGL198W,0,0.30301487,0.2878667712211609,0.7216699719429016,0.1797078251838684
YJL168C,YAL019W,0,0.3027873,0.2877526879310608,0.7216699719429016,0.1798078864812851
YGR129W,YIL132C,0,0.30250728,0.28763866424560547,0.7216699719429016,0.17990794777870178
YOR118W,YIL132C,0,0.3023095,0.2875247597694397,0.7216699719429016,0.18000800907611847
YLR431C,YKL211C,0,0.30135798,0.2874109148979187,0.7216699719429016,0.18010807037353516
YER074W,YOR283W,0,0.3012631,0.28729718923568726,0.7216699719429016,0.18020813167095184
YKR077W,YOL057W,0,0.30114198,0.287183552980423,0.7216699719429016,0.18030817806720734
YKR077W,YGL151W,0,0.30085498,0.28706997632980347,0.7216699719429016,0.18040823936462402
YDL035C,YCR069W,0,0.3007077,0.2869565188884735,0.7216699719429016,0.1805083006620407
YGR112W,YKR049C,0,0.30052418,0.2868431508541107,0.7216699719429016,0.1806083619594574
YJR130C,YMR300C,0,0.3003558,0.2867298722267151,0.7216699719429016,0.18070842325687408
YAL022C,YNL110C,0,0.2999105,0.28661665320396423,0.7216699719429016,0.18080848455429077
YLR105C,YML014W,1,0.2995577,0.2868981957435608,0.7226639986038208,0.18080848455429077
YPL187W,YLR256W,0,0.29954356,0.2867850065231323,0.7226639986038208,0.18090854585170746
YBR201W,YPR199C,0,0.29949683,0.2866719365119934,0.7226639986038208,0.18100860714912415
YLL033W,YHR205W,0,0.2993304,0.28655892610549927,0.7226639986038208,0.18110866844654083
YGR007W,YOR207C,0,0.29914355,0.2864460349082947,0.7226639986038208,0.18120872974395752
YDL201W,YOR009W,0,0.29894823,0.28633320331573486,0.7226639986038208,0.1813087910413742
YLL053C,YHR085W,0,0.2989359,0.2862204611301422,0.7226639986038208,0.1814088523387909
YNL265C,YDR020C,0,0.2988953,0.2861078381538391,0.7226639986038208,0.1815088987350464
YGR185C,YKL015W,0,0.29884064,0.2859952747821808,0.7226639986038208,0.18160896003246307
YKL163W,YDL126C,0,0.2985254,0.2858828008174896,0.7226639986038208,0.18170902132987976
YER179W,YMR214W,0,0.29839814,0.285770446062088,0.7226639986038208,0.18180908262729645
YLL036C,YDR212W,0,0.29777473,0.2856581509113312,0.7226639986038208,0.18190914392471313
YDR316W,YDL179W,0,0.29771698,0.2855459451675415,0.7226639986038208,0.18200920522212982
YOR251C,YJL087C,1,0.29769903,0.2858264744281769,0.72365802526474,0.18200920522212982
YPL097W,YJL112W,0,0.29756415,0.2857142984867096,0.72365802526474,0.1821092665195465
YGR055W,YPL113C,0,0.29750186,0.2856021821498871,0.72365802526474,0.1822093278169632
YPL088W,YBR149W,0,0.29688603,0.2854901850223541,0.72365802526474,0.18230938911437988
YLL052C,YDR076W,0,0.29674852,0.28537827730178833,0.72365802526474,0.18240945041179657
YNL254C,YEL037C,0,0.29601413,0.2852664589881897,0.72365802526474,0.18250951170921326
YNL302C,YLR259C,0,0.29576463,0.2851547300815582,0.72365802526474,0.18260957300662994
YGL212W,YBR208C,0,0.2956134,0.28504306077957153,0.72365802526474,0.18270961940288544
YBR152W,YJL162C,0,0.29450864,0.2849315106868744,0.72365802526474,0.18280968070030212
YKR064W,YHR079C,0,0.29406667,0.284820020198822,0.72365802526474,0.1829097419977188
YMR173W,YGR281W,0,0.29399407,0.2847086489200592,0.72365802526474,0.1830098032951355
YAL038W,YGR027C,0,0.29387504,0.28459733724594116,0.72365802526474,0.18310986459255219
YJR119C,YBR179C,0,0.2937131,0.2844861149787903,0.72365802526474,0.18320992588996887
YBR114W,YDR196C,0,0.29347992,0.28437501192092896,0.72365802526474,0.18330998718738556
YPL100W,YDR108W,0,0.29331976,0.2842639684677124,0.72365802526474,0.18341004848480225
YJR022W,YLR105C,1,0.29270166,0.28454333543777466,0.724652111530304,0.18341004848480225
YBR070C,YKL144C,0,0.29226232,0.2844322919845581,0.724652111530304,0.18351010978221893
YOR267C,YER169W,0,0.29188776,0.2843213677406311,0.724652111530304,0.18361017107963562
YDR090C,YGL216W,0,0.2918387,0.28421053290367126,0.724652111530304,0.1837102323770523
YLR026C,YML007W,0,0.29179877,0.2840997576713562,0.724652111530304,0.1838102787733078
YHR121W,YJL186W,0,0.29177254,0.2839891016483307,0.724652111530304,0.1839103400707245
YGR221C,YER146W,0,0.291645,0.28387850522994995,0.724652111530304,0.18401040136814117
YDL155W,YLR362W,0,0.29110265,0.2837679982185364,0.724652111530304,0.18411046266555786
YDR281C,YLR075W,0,0.29056257,0.28365758061408997,0.724652111530304,0.18421052396297455
YDR261C,YHR111W,0,0.2905612,0.2835472524166107,0.724652111530304,0.18431058526039124
YIL014W,YOL043C,0,0.2903577,0.28343701362609863,0.724652111530304,0.18441064655780792
YOR060C,YNL172W,0,0.290097,0.2833268642425537,0.724652111530304,0.1845107078552246
YJL168C,YLR088W,0,0.28970575,0.28321677446365356,0.724652111530304,0.1846107691526413
YLR421C,YPL181W,0,0.2895186,0.28310680389404297,0.724652111530304,0.18471083045005798
YKR095W,YMR214W,0,0.289398,0.28299689292907715,0.724652111530304,0.18481089174747467
YKR087C,YOR094W,0,0.28807104,0.2828870713710785,0.724652111530304,0.18491095304489136
YGR261C,YLR298C,0,0.28798795,0.282777339220047,0.724652111530304,0.18501099944114685
YOR064C,YKL120W,0,0.2878909,0.28266769647598267,0.724652111530304,0.18511106073856354
YDR492W,YHR165C,0,0.2877177,0.2825581431388855,0.724652111530304,0.18521112203598022
YER169W,YDL213C,0,0.28768998,0.2824486494064331,0.724652111530304,0.1853111833333969
YBR073W,YDR208W,0,0.287624,0.28233927488327026,0.724652111530304,0.1854112446308136
YGR171C,YKL039W,0,0.28757948,0.2822299599647522,0.724652111530304,0.18551130592823029
YBR128C,YDR284C,0,0.28741628,0.2821207344532013,0.724652111530304,0.18561136722564697
YOR336W,YDR476C,0,0.2871946,0.28201159834861755,0.724652111530304,0.18571142852306366
YLR363C,YOR123C,0,0.2860502,0.281902551651001,0.724652111530304,0.18581148982048035
YER168C,YNL147W,1,0.28587335,0.28218013048171997,0.7256461381912231,0.18581148982048035
YNL258C,YPL012W,0,0.28561318,0.2820710837841034,0.7256461381912231,0.18591155111789703
YER118C,YJR057W,0,0.28539294,0.28196215629577637,0.7256461381912231,0.18601161241531372
YIL015W,YMR176W,0,0.2852689,0.2818532884120941,0.7256461381912231,0.1861116737127304
YDR308C,YNL265C,0,0.2849056,0.28174450993537903,0.7256461381912231,0.1862117201089859
YPL230W,YDL216C,0,0.28471965,0.2816357910633087,0.7256461381912231,0.1863117814064026
YER046W,YOR291W,0,0.28419274,0.28152719140052795,0.7256461381912231,0.18641184270381927
YDR317W,YML081W,0,0.2841136,0.28141865134239197,0.7256461381912231,0.18651190400123596
YNR055C,YBR042C,0,0.28409088,0.28131020069122314,0.7256461381912231,0.18661196529865265
YKL134C,YIL168W,0,0.28395402,0.2812018394470215,0.7256461381912231,0.18671202659606934
YOL066C,YDL033C,1,0.28393596,0.2814786434173584,0.7266401648521423,0.18671202659606934
YDR325W,YGR186W,0,0.28372687,0.28137028217315674,0.7266401648521423,0.18681208789348602
YMR272C,YJL192C,0,0.28368896,0.28126201033592224,0.7266401648521423,0.1869121491909027
YHR203C,YGR109C,0,0.28340697,0.2811538577079773,0.7266401648521423,0.1870122104883194
YAL043C,YKL110C,1,0.28306925,0.2814302146434784,0.7276341915130615,0.1870122104883194
YGR185C,YHR026W,0,0.28291833,0.28132206201553345,0.7276341915130615,0.18711227178573608
YDR045C,YBR167C,0,0.28273654,0.2812139689922333,0.7276341915130615,0.18721233308315277
YBL050W,YFR042W,0,0.28273576,0.28110599517822266,0.7276341915130615,0.18731239438056946
YNL254C,YNR013C,0,0.28269285,0.2809980809688568,0.7276341915130615,0.18741244077682495
YDR339C,YML073C,0,0.28259075,0.28089025616645813,0.7276341915130615,0.18751250207424164
YER018C,YDR021W,0,0.28244805,0.2807825207710266,0.7276341915130615,0.18761256337165833
YDL155W,YDR471W,0,0.282416,0.28067484498023987,0.7276341915130615,0.187712624669075
YAL014C,YDR317W,0,0.2822051,0.2805672585964203,0.7276341915130615,0.1878126859664917
YGR271W,YMR164C,0,0.28202474,0.28045976161956787,0.7276341915130615,0.1879127472639084
YHL034C,YDR028C,0,0.28198355,0.2803523540496826,0.7276341915130615,0.18801280856132507
YIL129C,YMR277W,0,0.281442,0.2802450358867645,0.7276341915130615,0.18811286985874176
YDR023W,YMR321C,0,0.28094977,0.2801377773284912,0.7276341915130615,0.18821293115615845
YBR210W,YGL010W,0,0.28074324,0.28003060817718506,0.7276341915130615,0.18831299245357513
YJL172W,YER175C,0,0.28059244,0.27992352843284607,0.7276341915130615,0.18841305375099182
YER058W,YJL060W,0,0.2802871,0.27981650829315186,0.7276341915130615,0.1885131150484085
YLR330W,YKR019C,0,0.28011912,0.2797095775604248,0.7276341915130615,0.188613161444664
YOR138C,YJL145W,0,0.28011352,0.2796027362346649,0.7276341915130615,0.1887132227420807
YDR256C,YOR193W,0,0.27989691,0.2794959843158722,0.7276341915130615,0.18881328403949738
YIL085C,YML001W,0,0.27977806,0.27938932180404663,0.7276341915130615,0.18891334533691406
YOR273C,YDL091C,0,0.2797271,0.27928271889686584,0.7276341915130615,0.18901340663433075
YJL082W,YHR190W,0,0.2794122,0.2791762053966522,0.7276341915130615,0.18911346793174744
YDR316W,YMR241W,0,0.27881962,0.27906978130340576,0.7276341915130615,0.18921352922916412
YOL008W,YDR162C,0,0.2782656,0.2789634168148041,0.7276341915130615,0.1893135905265808
YEL062W,YKL033W,0,0.27804548,0.27885714173316956,0.7276341915130615,0.1894136518239975
YDL121C,YBR229C,0,0.27682364,0.2787509560585022,0.7276341915130615,0.18951371312141418
YKR044W,YIL083C,0,0.27606314,0.2786448299884796,0.7276341915130615,0.18961377441883087
YDR497C,YMR272C,0,0.27605236,0.2785388231277466,0.7276341915130615,0.18971383571624756
YOL054W,YGR198W,0,0.27572197,0.2784328758716583,0.7276341915130615,0.18981388211250305
YGR013W,YLL036C,0,0.2754796,0.27832698822021484,0.7276341915130615,0.18991394340991974
YBR115C,YOR301W,0,0.27505934,0.2782212197780609,0.7276341915130615,0.19001400470733643
YJL026W,YJR113C,0,0.274881,0.27811551094055176,0.7276341915130615,0.1901140660047531
YER145C,YJL014W,0,0.2747538,0.2780098617076874,0.7276341915130615,0.1902141273021698
YDR083W,YJR057W,0,0.2747429,0.27790433168411255,0.7276341915130615,0.1903141885995865
YPR009W,YGL058W,0,0.2744146,0.2777988612651825,0.7276341915130615,0.19041424989700317
YMR312W,YDR463W,1,0.2742561,0.2780728340148926,0.7286282181739807,0.19041424989700317
YPL212C,YMR047C,1,0.27381706,0.27834659814834595,0.7296222448348999,0.19041424989700317
YBL024W,YER112W,1,0.2737887,0.2786201536655426,0.7306163311004639,0.19041424989700317
YNL083W,YPL043W,0,0.27370912,0.2785145938396454,0.7306163311004639,0.19051431119441986
YNL221C,YOL112W,0,0.27332836,0.27840909361839294,0.7306163311004639,0.19061437249183655
YPR182W,YJR055W,0,0.27289248,0.27830368280410767,0.7306163311004639,0.19071443378925323
YJL104W,YNL254C,0,0.27224386,0.27819833159446716,0.7306163311004639,0.19081449508666992
YDR171W,YIL170W,0,0.27199417,0.2780930697917938,0.7306163311004639,0.19091454148292542
YDL025C,YLR350W,0,0.27197975,0.27798789739608765,0.7306163311004639,0.1910146027803421
YOL001W,YKL211C,0,0.27156597,0.27788278460502625,0.7306163311004639,0.1911146640777588
YFL010W-A,YDR540C,0,0.2708546,0.2777777910232544,0.7306163311004639,0.19121472537517548
YGL148W,YML045W,0,0.2706616,0.27767282724380493,0.7306163311004639,0.19131478667259216
YER129W,YPL049C,0,0.2701131,0.277567982673645,0.7306163311004639,0.19141484797000885
YKR088C,YJR073C,0,0.26991224,0.2774631977081299,0.7306163311004639,0.19151490926742554
YJR041C,YIL139C,0,0.26949477,0.2773585021495819,0.7306163311004639,0.19161497056484222
YML076C,YLR359W,0,0.26928443,0.2772538661956787,0.7306163311004639,0.1917150318622589
YMR220W,YPR010C,0,0.26921517,0.2771493196487427,0.7306163311004639,0.1918150931596756
YOR074C,YIL139C,0,0.26920933,0.2770448625087738,0.7306163311004639,0.19191515445709229
YBR257W,YMR047C,1,0.2691136,0.27731725573539734,0.7316103577613831,0.19191515445709229
YNL121C,YER142C,0,0.26900417,0.27721279859542847,0.7316103577613831,0.19201521575450897
YBR079C,YGR034W,0,0.26889592,0.27710843086242676,0.7316103577613831,0.19211526215076447
YGR133W,YGL094C,0,0.2685858,0.2770041525363922,0.7316103577613831,0.19221532344818115
YBR037C,YMR097C,0,0.26808608,0.27689993381500244,0.7316103577613831,0.19231538474559784
YDR191W,YMR038C,0,0.26803535,0.27679577469825745,0.7316103577613831,0.19241544604301453
YGL032C,YNL273W,0,0.26774573,0.276691734790802,0.7316103577613831,0.1925155073404312
YOR153W,YOR335C,0,0.26629215,0.27658775448799133,0.7316103577613831,0.1926155686378479
YDR159W,YCL001W,0,0.26625234,0.27648383378982544,0.7316103577613831,0.1927156299352646
YPL158C,YKL052C,0,0.26575327,0.2763800323009491,0.7316103577613831,0.19281569123268127
YMR312W,YDL033C,1,0.265675,0.27665165066719055,0.7326043844223022,0.19281569123268127
YGL094C,YCL016C,0,0.26565605,0.2765478491783142,0.7326043844223022,0.19291575253009796
YGR129W,YGR033C,0,0.26540214,0.27644410729408264,0.7326043844223022,0.19301581382751465
YGL243W,YDL033C,1,0.2651577,0.27671539783477783,0.7335984110832214,0.19301581382751465
YGL027C,YOL012C,0,0.2649607,0.27661168575286865,0.7335984110832214,0.19311587512493134
YMR179W,YHR158C,0,0.2648378,0.27650806307792664,0.7335984110832214,0.19321593642234802
YDL103C,YGR277C,0,0.2646473,0.2764045000076294,0.7335984110832214,0.19331598281860352
YDR463W,YGL236C,1,0.26446837,0.27667540311813354,0.7345924377441406,0.19331598281860352
YKR003W,YIL075C,0,0.26357704,0.2765718698501587,0.7345924377441406,0.1934160441160202
YHR183W,YNL055C,0,0.26330203,0.2764683961868286,0.7345924377441406,0.1935161054134369
YEL036C,YJR119C,0,0.26281792,0.2763649821281433,0.7345924377441406,0.19361616671085358
YNL169C,YAL042W,0,0.26201713,0.27626168727874756,0.7345924377441406,0.19371622800827026
YOL129W,YOR162C,0,0.26176006,0.2761584520339966,0.7345924377441406,0.19381628930568695
YAR009C,YJL124C,0,0.26171708,0.2760552763938904,0.7345924377441406,0.19391635060310364
YKR020W,YKL039W,0,0.2617123,0.27595219016075134,0.7345924377441406,0.19401641190052032
YJL092W,YGR083C,0,0.2616009,0.27584919333457947,0.7345924377441406,0.194116473197937
YHR121W,YOL142W,0,0.26145655,0.27574625611305237,0.7345924377441406,0.1942165344953537
YBL045C,YLL040C,0,0.26143765,0.27564340829849243,0.7345924377441406,0.19431659579277039
YLL036C,YMR072W,0,0.26141316,0.27554064989089966,0.7345924377441406,0.19441665709018707
YDR367W,YOR191W,0,0.26094604,0.27543795108795166,0.7345924377441406,0.19451670348644257
YLR398C,YPL047W,0,0.2603765,0.27533531188964844,0.7345924377441406,0.19461676478385925
YHR073W,YGL144C,0,0.25998044,0.2752327620983124,0.7345924377441406,0.19471682608127594
YMR213W,YOL001W,0,0.25973493,0.2751303017139435,0.7345924377441406,0.19481688737869263
YPL200W,YOL049W,0,0.259498,0.27502790093421936,0.7345924377441406,0.19491694867610931
YGR246C,YJL035C,0,0.25909108,0.2749255895614624,0.7345924377441406,0.195017009973526
YNL038W,YPR037C,0,0.25880557,0.2748233675956726,0.7345924377441406,0.1951170712709427
YDL105W,YDR140W,0,0.25843602,0.2747211754322052,0.7345924377441406,0.19521713256835938
YNL202W,YER039C,0,0.25841117,0.27461910247802734,0.7345924377441406,0.19531719386577606
YGR280C,YBR043C,0,0.25836325,0.27451708912849426,0.7345924377441406,0.19541725516319275
YDR004W,YBR239C,0,0.25822914,0.27441516518592834,0.7345924377441406,0.19551731646060944
YER124C,YHL025W,0,0.2581029,0.2743133008480072,0.7345924377441406,0.19561737775802612
YIL144W,YHR120W,0,0.25725108,0.27421149611473083,0.7345924377441406,0.19571742415428162
YDR098C,YKR078W,0,0.25710887,0.27410978078842163,0.7345924377441406,0.1958174854516983
YMR123W,YJL085W,0,0.25697398,0.2740081548690796,0.7345924377441406,0.195917546749115
YPR056W,YLR305C,0,0.25628334,0.2739065885543823,0.7345924377441406,0.19601760804653168
YIL079C,YNL197C,0,0.2560503,0.2738051116466522,0.7345924377441406,0.19611766934394836
YGR027C,YJR043C,0,0.25545925,0.2737036943435669,0.7345924377441406,0.19621773064136505
YJL212C,YOL094C,0,0.25517917,0.27360236644744873,0.7345924377441406,0.19631779193878174
YOR138C,YNL236W,0,0.25514817,0.27350109815597534,0.7345924377441406,0.19641785323619843
YGR169C,YGL236C,1,0.255059,0.27376988530158997,0.7355864644050598,0.19641785323619843
YFL049W,YCL052C,0,0.25504494,0.27366864681243896,0.7355864644050598,0.1965179145336151
YOL033W,YER101C,0,0.2550298,0.27356746792793274,0.7355864644050598,0.1966179758310318
YDR058C,YDR423C,0,0.2548132,0.2734663784503937,0.7355864644050598,0.1967180371284485
YEL046C,YNL316C,0,0.25426596,0.2733653485774994,0.7355864644050598,0.19681808352470398
YKL054C,YDL211C,0,0.25418276,0.27326440811157227,0.7355864644050598,0.19691814482212067
YBR093C,YOR359W,0,0.25384974,0.2731635272502899,0.7355864644050598,0.19701820611953735
YBR022W,YNR015W,1,0.25290376,0.2734317481517792,0.736580491065979,0.19701820611953735
YOR077W,YPR163C,0,0.2526934,0.2733308672904968,0.736580491065979,0.19711826741695404
YBR109C,YNL270C,0,0.25212967,0.27323007583618164,0.736580491065979,0.19721832871437073
YKL095W,YIL040W,0,0.25180322,0.2731293737888336,0.736580491065979,0.19731839001178741
YAL031C,YBR139W,0,0.2515586,0.27302873134613037,0.736580491065979,0.1974184513092041
YDR120C,YGR024C,1,0.2515099,0.2732965052127838,0.737574577331543,0.1974184513092041
YBR130C,YNL251C,0,0.25126225,0.27319586277008057,0.737574577331543,0.1975185126066208
YKL015W,YBL004W,0,0.25122172,0.27309533953666687,0.737574577331543,0.19761857390403748
YDR108W,YDR273W,0,0.25121272,0.27299484610557556,0.737574577331543,0.19771863520145416
YCL064C,YKR081C,0,0.25116742,0.2728944420814514,0.737574577331543,0.19781869649887085
YLR336C,YLR406C,0,0.25101238,0.27279412746429443,0.737574577331543,0.19791875779628754
YGL019W,YLR277C,0,0.25049108,0.2726938724517822,0.737574577331543,0.19801880419254303
YBL041W,YEL039C,0,0.2501396,0.2725936770439148,0.737574577331543,0.19811886548995972
YMR060C,YPR111W,0,0.25010234,0.2724935710430145,0.737574577331543,0.1982189267873764
YHR115C,YLR336C,0,0.25005198,0.27239352464675903,0.737574577331543,0.1983189880847931
YKR028W,YNL281W,0,0.24988903,0.2722935676574707,0.737574577331543,0.19841904938220978
YLR023C,YBL014C,0,0.24970241,0.27219370007514954,0.737574577331543,0.19851911067962646
YJR093C,YJR103W,0,0.24962585,0.27209386229515076,0.737574577331543,0.19861917197704315
YPL110C,YJL191W,0,0.2491449,0.27199414372444153,0.737574577331543,0.19871923327445984
YJR149W,YPL024W,0,0.2482922,0.2718944549560547,0.737574577331543,0.19881929457187653
YLR305C,YDR384C,0,0.24824579,0.2717948853969574,0.737574577331543,0.1989193558692932
YGR258C,YHR065C,0,0.24789532,0.2716953456401825,0.737574577331543,0.1990194171667099
YLL041C,YLR345W,0,0.24770685,0.27159589529037476,0.737574577331543,0.1991194784641266
YOL043C,YDR080W,0,0.24768846,0.2714965343475342,0.737574577331543,0.19921952486038208
YJR041C,YOR123C,0,0.24753098,0.2713972330093384,0.737574577331543,0.19931958615779877
YPR080W,YDR412W,0,0.24747474,0.27129799127578735,0.737574577331543,0.19941964745521545
YIL079C,YIL134W,0,0.24739946,0.2711988389492035,0.737574577331543,0.19951970875263214
YBL105C,YLL012W,0,0.24738787,0.2710997462272644,0.737574577331543,0.19961977005004883
YAL051W,YNL329C,0,0.24644412,0.2710007429122925,0.737574577331543,0.19971983134746552
YJL145W,YMR200W,0,0.24613912,0.27090179920196533,0.737574577331543,0.1998198926448822
YKL137W,YGR255C,0,0.24609332,0.27080291509628296,0.737574577331543,0.1999199539422989
YGR185C,YER123W,0,0.24579878,0.27070412039756775,0.737574577331543,0.20002001523971558
YJL103C,YGR278W,0,0.2454579,0.2706053853034973,0.737574577331543,0.20012007653713226
YHR072W,YDL066W,0,0.24531333,0.27050673961639404,0.737574577331543,0.20022013783454895
YDL147W,YMR020W,0,0.24484436,0.27040815353393555,0.737574577331543,0.20032019913196564
YBR070C,YOL062C,0,0.24482332,0.2703096568584442,0.737574577331543,0.20042024552822113
YOR086C,YDR105C,0,0.24454029,0.27021121978759766,0.737574577331543,0.20052030682563782
YJR028W,YPL063W,0,0.24440105,0.2701128423213959,0.737574577331543,0.2006203681230545
YKL095W,YNL243W,0,0.2443759,0.27001455426216125,0.737574577331543,0.2007204294204712
YML121W,YIL044C,0,0.24429835,0.2699163258075714,0.737574577331543,0.20082049071788788
YJL127C,YIL066C,0,0.24405773,0.26981818675994873,0.737574577331543,0.20092055201530457
YBR293W,YHR083W,0,0.24378319,0.2697201073169708,0.737574577331543,0.20102061331272125
YNL147W,YGL172W,1,0.24374928,0.26998546719551086,0.7385686039924622,0.20102061331272125
YML080W,YJL059W,0,0.24347685,0.26988738775253296,0.7385686039924622,0.20112067461013794
YJR017C,YDR477W,0,0.24333908,0.2697893977165222,0.7385686039924622,0.20122073590755463
YDL134C,YKR049C,0,0.24297623,0.26969146728515625,0.7385686039924622,0.2013207972049713
YCL020W,YCL057W,0,0.24270897,0.26959362626075745,0.7385686039924622,0.201420858502388
YDR260C,YKL025C,0,0.24264227,0.26949581503868103,0.7385686039924622,0.2015209197998047
YPL217C,YCR023C,0,0.24235313,0.26939812302589417,0.7385686039924622,0.20162096619606018
YIL107C,YGL163C,0,0.24180628,0.2693004608154297,0.7385686039924622,0.20172102749347687
YOL008W,YLR164W,0,0.24153174,0.2692028880119324,0.7385686039924622,0.20182108879089355
YHR062C,YPL083C,1,0.24115826,0.2694675922393799,0.7395626306533813,0.20182108879089355
YPL104W,YCR088W,0,0.24104412,0.26937001943588257,0.7395626306533813,0.20192115008831024
YPL086C,YMR047C,1,0.24103017,0.2696344554424286,0.7405566573143005,0.20192115008831024
YDR490C,YDL139C,0,0.2408417,0.26953691244125366,0.7405566573143005,0.20202121138572693
YGR097W,YGR055W,0,0.24028216,0.2694394290447235,0.7405566573143005,0.20212127268314362
YDR508C,YPL162C,0,0.2400584,0.26934200525283813,0.7405566573143005,0.2022213339805603
YBR257W,YGL172W,1,0.23955737,0.2696060836315155,0.7415506839752197,0.2022213339805603
YOL016C,YGL237C,0,0.23947759,0.2695086598396301,0.7415506839752197,0.202321395277977
YDL103C,YFR036W,0,0.23880039,0.2694113254547119,0.7415506839752197,0.20242145657539368
YOR243C,YDR528W,0,0.23859794,0.26931408047676086,0.7415506839752197,0.20252151787281036
YKL166C,YGL151W,0,0.2384956,0.2692168951034546,0.7415506839752197,0.20262157917022705
YKR010C,YMR030W,0,0.23817979,0.2691197693347931,0.7415506839752197,0.20272162556648254
YAL039C,YCR003W,0,0.2379785,0.26902273297309875,0.7415506839752197,0.20282168686389923
YML098W,YPL032C,0,0.23783739,0.2689257264137268,0.7415506839752197,0.20292174816131592
YGR204W,YJR149W,0,0.23778082,0.2688288390636444,0.7415506839752197,0.2030218094587326
YHR059W,YMR243C,0,0.2375473,0.2687319815158844,0.7415506839752197,0.2031218707561493
YOL148C,YPL113C,0,0.23728527,0.26863521337509155,0.7415506839752197,0.20322193205356598
YIL048W,YDR075W,0,0.23719187,0.2685385048389435,0.7415506839752197,0.20332199335098267
YFR025C,YOL041C,0,0.23696367,0.2684418857097626,0.7415506839752197,0.20342205464839935
YHR178W,YGL142C,0,0.23671763,0.26834532618522644,0.7415506839752197,0.20352211594581604
YPL244C,YOL130W,0,0.23665072,0.2682488262653351,0.7415506839752197,0.20362217724323273
YOR141C,YPR046W,0,0.23635365,0.2681524157524109,0.7415506839752197,0.20372223854064941
YJL099W,YPL120W,0,0.2362624,0.26805606484413147,0.7415506839752197,0.2038222998380661
YJL168C,YKR081C,0,0.23614968,0.2679597735404968,0.7415506839752197,0.2039223462343216
YOL112W,YLR067C,0,0.23609586,0.26786354184150696,0.7415506839752197,0.20402240753173828
YOR197W,YIL144W,0,0.23586194,0.26776739954948425,0.7415506839752197,0.20412246882915497
YPR180W,YBR091C,0,0.23514698,0.2676713168621063,0.7415506839752197,0.20422253012657166
YOL135C,YOR222W,0,0.2351072,0.26757532358169556,0.7415506839752197,0.20432259142398834
YGL241W,YBR290W,0,0.2345155,0.26747938990592957,0.7415506839752197,0.20442265272140503
YGL195W,YMR274C,0,0.23444666,0.26738351583480835,0.7415506839752197,0.20452271401882172
YAL015C,YKR066C,0,0.23420505,0.2672877013683319,0.7415506839752197,0.2046227753162384
YLR138W,YBL025W,0,0.2341228,0.26719197630882263,0.7415506839752197,0.2047228366136551
YMR179W,YLR256W,0,0.23390086,0.26709631085395813,0.7415506839752197,0.20482289791107178
YKR069W,YDR457W,0,0.23389895,0.2670007050037384,0.7415506839752197,0.20492295920848846
YGR122W,YNL230C,0,0.23344286,0.26690518856048584,0.7415506839752197,0.20502302050590515
YJL216C,YPL055C,0,0.23299731,0.26680973172187805,0.7415506839752197,0.20512306690216064
YPL252C,YGR186W,0,0.23240896,0.26671433448791504,0.7415506839752197,0.20522312819957733
YOR320C,YGL186C,0,0.23238899,0.2666190266609192,0.7415506839752197,0.20532318949699402
YOR022C,YDR041W,0,0.23189892,0.2665237486362457,0.7415506839752197,0.2054232507944107
YER139C,YER019W,0,0.23179354,0.26642856001853943,0.7415506839752197,0.2055233120918274
YBR227C,YGL131C,0,0.23173817,0.2663334608078003,0.7415506839752197,0.20562337338924408
YER127W,YEL001C,0,0.23164286,0.26623839139938354,0.7415506839752197,0.20572343468666077
YLR297W,YLR345W,0,0.23160394,0.26614341139793396,0.7415506839752197,0.20582349598407745
YKL018W,YNL139C,0,0.23156814,0.26604849100112915,0.7415506839752197,0.20592355728149414
YER063W,YGR044C,0,0.2311156,0.2659536600112915,0.7415506839752197,0.20602361857891083
YOR149C,YDR034C,0,0.23021604,0.26585888862609863,0.7415506839752197,0.20612367987632751
YHR138C,YBR109C,0,0.22967573,0.26576414704322815,0.7415506839752197,0.2062237411737442
YPR052C,YPL209C,0,0.22952525,0.2656695246696472,0.7415506839752197,0.2063237875699997
YJL111W,YGR038W,0,0.22916253,0.26557493209838867,0.7415506839752197,0.20642384886741638
YPR159W,YDL047W,0,0.22864012,0.2654804289340973,0.7415506839752197,0.20652391016483307
YNL300W,YMR005W,0,0.22815664,0.2653859853744507,0.7415506839752197,0.20662397146224976
YGR166W,YHL020C,0,0.22781245,0.26529160141944885,0.7415506839752197,0.20672403275966644
YAL011W,YPL227C,0,0.22660984,0.2651973068714142,0.7415506839752197,0.20682409405708313
YGR030C,YGL172W,1,0.22641025,0.26545843482017517,0.7425447106361389,0.20682409405708313
YNL026W,YDR518W,0,0.22640957,0.2653641104698181,0.7425447106361389,0.20692415535449982
YEL031W,YEL022W,0,0.22640125,0.2652698755264282,0.7425447106361389,0.2070242166519165
YDL147W,YBR161W,0,0.22609027,0.2651757299900055,0.7425447106361389,0.2071242779493332
YGL071W,YPL129W,0,0.22584774,0.26508161425590515,0.7425447106361389,0.20722433924674988
YJR118C,YLR295C,0,0.22576089,0.264987587928772,0.7425447106361389,0.20732440054416656
YNL031C,YLR325C,0,0.22513177,0.26489362120628357,0.7425447106361389,0.20742446184158325
YLR105C,YGL236C,1,0.22492637,0.2651542127132416,0.7435387969017029,0.20742446184158325
YJL050W,YHL025W,0,0.22480635,0.2650602459907532,0.7435387969017029,0.20752450823783875
YJR055W,YOR059C,0,0.22400863,0.26496633887290955,0.7435387969017029,0.20762456953525543
YLR417W,YBL084C,0,0.22340165,0.2648725211620331,0.7435387969017029,0.20772463083267212
YDL107W,YCR083W,0,0.22336425,0.2647787630558014,0.7435387969017029,0.2078246921300888
YOR038C,YKL182W,0,0.22262372,0.2646850645542145,0.7435387969017029,0.2079247534275055
YIL147C,YLR404W,0,0.22231121,0.26459142565727234,0.7435387969017029,0.20802481472492218
YCR011C,YGR277C,0,0.22228254,0.26449787616729736,0.7435387969017029,0.20812487602233887
YDL154W,YOL094C,0,0.22143473,0.26440438628196716,0.7435387969017029,0.20822493731975555
YIL158W,YKL176C,0,0.22100817,0.26431095600128174,0.7435387969017029,0.20832499861717224
YPL005W,YLR398C,0,0.22045787,0.2642175853252411,0.7435387969017029,0.20842505991458893
YER033C,YDR530C,0,0.21975787,0.2641243040561676,0.7435387969017029,0.20852512121200562
YPL110C,YLR240W,0,0.2197002,0.2640310525894165,0.7435387969017029,0.2086251825094223
YDR397C,YPL055C,0,0.21938775,0.26393789052963257,0.7435387969017029,0.2087252289056778
YDL021W,YDR229W,0,0.21927334,0.2638447880744934,0.7435387969017029,0.20882529020309448
YEL071W,YKL127W,0,0.21885963,0.2637517750263214,0.7435387969017029,0.20892535150051117
YOR334W,YJR138W,0,0.21875705,0.2636587917804718,0.7435387969017029,0.20902541279792786
YDR245W,YBL100W-B,0,0.21826847,0.26356589794158936,0.7435387969017029,0.20912547409534454
YHL033C,YGL172W,0,0.21809424,0.2634730637073517,0.7435387969017029,0.20922553539276123
YJL036W,YDL123W,0,0.21745561,0.2633802890777588,0.7435387969017029,0.20932559669017792
YDR292C,YNL064C,0,0.21729694,0.26328757405281067,0.7435387969017029,0.2094256579875946
YNL153C,YHR118C,0,0.21692617,0.2631949186325073,0.7435387969017029,0.2095257192850113
YBR107C,YDR099W,0,0.21682759,0.26310235261917114,0.7435387969017029,0.20962578058242798
YER167W,YMR246W,0,0.21555836,0.26300984621047974,0.7435387969017029,0.20972584187984467
YIR025W,YKR064W,0,0.2151622,0.2629173994064331,0.7435387969017029,0.20982588827610016
YDL223C,YBR287W,0,0.2151585,0.26282501220703125,0.7435387969017029,0.20992594957351685
YKL166C,YGL079W,0,0.21507423,0.26273271441459656,0.7435387969017029,0.21002601087093353
YPL082C,YLL048C,0,0.21388958,0.26264044642448425,0.7435387969017029,0.21012607216835022
YNL257C,YCR088W,0,0.21381848,0.2625482678413391,0.7435387969017029,0.2102261334657669
YML010W,YOL141W,0,0.21372755,0.26245614886283875,0.7435387969017029,0.2103261947631836
YEL001C,YJL078C,0,0.2130173,0.26236408948898315,0.7435387969017029,0.21042625606060028
YNL035C,YLR398C,0,0.21288167,0.26227208971977234,0.7435387969017029,0.21052631735801697
YCL029C,YOR307C,0,0.212667,0.2621801495552063,0.7435387969017029,0.21062637865543365
YHR164C,YDR244W,0,0.21239065,0.2620882987976074,0.7435387969017029,0.21072643995285034
YHL025W,YLR175W,0,0.21228267,0.2619965076446533,0.7435387969017029,0.21082650125026703
YPR151C,YDL123W,0,0.21149816,0.261904776096344,0.7435387969017029,0.21092656254768372
YLR054C,YDR349C,0,0.21130966,0.26181310415267944,0.7435387969017029,0.2110266089439392
YOR299W,YLR007W,0,0.21129866,0.26172149181365967,0.7435387969017029,0.2111266702413559
YIL066C,YMR205C,0,0.21128,0.26162993907928467,0.7435387969017029,0.21122673153877258
YPL227C,YER048C,0,0.21094318,0.26153847575187683,0.7435387969017029,0.21132679283618927
YKL132C,YLR016C,0,0.21092369,0.2614470422267914,0.7435387969017029,0.21142685413360596
YLR020C,YLR034C,0,0.21083726,0.2613556981086731,0.7435387969017029,0.21152691543102264
YDR378C,YJL087C,1,0.21072681,0.2616136968135834,0.7445328235626221,0.21152691543102264
YPL066W,YHR149C,0,0.2102259,0.2615223526954651,0.7445328235626221,0.21162697672843933
YOR319W,YBL027W,0,0.2096272,0.2614310681819916,0.7445328235626221,0.21172703802585602
YOR284W,YBR120C,0,0.20955707,0.26133984327316284,0.7445328235626221,0.2118270993232727
YFR046C,YPL030W,0,0.209475,0.2612486779689789,0.7445328235626221,0.2119271606206894
YLR026C,YKR089C,0,0.20782979,0.2611576020717621,0.7445328235626221,0.21202722191810608
YOR264W,YBR084C-A,0,0.20746525,0.26106658577919006,0.7445328235626221,0.21212728321552277
YNL117W,YGL048C,0,0.20728023,0.26097559928894043,0.7445328235626221,0.21222732961177826
YBR060C,YHR132C,0,0.20687912,0.26088470220565796,0.7445328235626221,0.21232739090919495
YLR431C,YBR295W,0,0.20641614,0.26079386472702026,0.7445328235626221,0.21242745220661163
YPL083C,YJL035C,1,0.20632775,0.2610511779785156,0.7455268502235413,0.21242745220661163
YKR010C,YHR083W,0,0.20609586,0.26096034049987793,0.7455268502235413,0.21252751350402832
YIL133C,YDL150W,0,0.20588662,0.260869562625885,0.7455268502235413,0.212627574801445
YDR043C,YLR411W,0,0.20582683,0.26077887415885925,0.7455268502235413,0.2127276360988617
YIL139C,YDR039C,0,0.205059,0.2606882154941559,0.7455268502235413,0.21282769739627838
YNL094W,YKL208W,0,0.2048886,0.2605976462364197,0.7455268502235413,0.21292775869369507
YPL127C,YLR196W,0,0.20474182,0.26050710678100586,0.7455268502235413,0.21302781999111176
YDL105W,YDL122W,0,0.20432343,0.2604166567325592,0.7455268502235413,0.21312788128852844
YOL043C,YPL193W,0,0.20408829,0.2603262662887573,0.7455268502235413,0.21322794258594513
YAL068C,YBR031W,0,0.20396514,0.2602359354496002,0.7455268502235413,0.21332800388336182
YNL246W,YMR288W,0,0.20385028,0.2601456940174103,0.7455268502235413,0.2134280502796173
YHR032W,YJR132W,0,0.2037284,0.2600554823875427,0.7455268502235413,0.213528111577034
YDL010W,YDR284C,0,0.20370485,0.25996533036231995,0.7455268502235413,0.21362817287445068
YDR307W,YDR331W,0,0.20368342,0.25987526774406433,0.7455268502235413,0.21372823417186737
YOL076W,YLR229C,0,0.20344205,0.2597852349281311,0.7455268502235413,0.21382829546928406
YMR237W,YCR011C,0,0.20342697,0.25969529151916504,0.7455268502235413,0.21392835676670074
YBR136W,YLR362W,0,0.20304109,0.25960540771484375,0.7455268502235413,0.21402841806411743
YDR145W,YNL156C,0,0.20302303,0.25951558351516724,0.7455268502235413,0.21412847936153412
YCR052W,YGL186C,0,0.20288579,0.2594258189201355,0.7455268502235413,0.2142285406589508
YMR049C,YAL024C,0,0.20274337,0.25933611392974854,0.7455268502235413,0.2143286019563675
YDR244W,YGR113W,0,0.20257737,0.25924646854400635,0.7455268502235413,0.21442866325378418
YLR051C,YDL059C,0,0.2021585,0.25915688276290894,0.7455268502235413,0.21452872455120087
YEL036C,YBL034C,0,0.2020653,0.2590673565864563,0.7455268502235413,0.21462877094745636
YJR147W,YHR204W,0,0.20205565,0.25897789001464844,0.7455268502235413,0.21472883224487305
YNL082W,YLL043W,0,0.20113076,0.25888851284980774,0.7455268502235413,0.21482889354228973
YKL101W,YMR097C,0,0.20109095,0.25879916548728943,0.7455268502235413,0.21492895483970642
YPR151C,YMR322C,0,0.20107265,0.2587099075317383,0.7455268502235413,0.2150290161371231
YLL033W,YPR010C,0,0.20052876,0.2586206793785095,0.7455268502235413,0.2151290774345398
YDR383C,YNL092W,0,0.20027237,0.2585315406322479,0.7455268502235413,0.21522913873195648
YJL083W,YLR258W,0,0.20004134,0.2584424614906311,0.7455268502235413,0.21532920002937317
YML036W,YMR286W,0,0.19941835,0.25835344195365906,0.7455268502235413,0.21542926132678986
YAR050W,YGL171W,0,0.19917221,0.2582644522190094,0.7455268502235413,0.21552932262420654
YJR049C,YLR024C,0,0.19899563,0.2581755518913269,0.7455268502235413,0.21562938392162323
YHR084W,YBR125C,0,0.19824503,0.2580867111682892,0.7455268502235413,0.21572943031787872
YOR153W,YDR384C,0,0.19732918,0.25799793004989624,0.7455268502235413,0.2158294916152954
YKL090W,YDR519W,0,0.19691892,0.25790920853614807,0.7455268502235413,0.2159295529127121
YDR302W,YGR038W,0,0.19668277,0.2578205466270447,0.7455268502235413,0.21602961421012878
YGR240C,YER028C,0,0.19626857,0.25773194432258606,0.7455268502235413,0.21612967550754547
YIL041W,YKL137W,0,0.19609745,0.2576434314250946,0.7455268502235413,0.21622973680496216
YHR057C,YDR087C,0,0.19515036,0.25755494832992554,0.7455268502235413,0.21632979810237885
YER123W,YMR156C,0,0.19476478,0.25746652483940125,0.7455268502235413,0.21642985939979553
YMR023C,YMR283C,1,0.1947615,0.25772133469581604,0.7465208768844604,0.21642985939979553
YDR348C,YPL126W,0,0.19449694,0.25763294100761414,0.7465208768844604,0.21652992069721222
YIL020C,YMR313C,0,0.19402553,0.2575445771217346,0.7465208768844604,0.2166299819946289
YIL085C,YHR114W,0,0.19373731,0.25745630264282227,0.7465208768844604,0.2167300432920456
YMR137C,YDR156W,0,0.19326963,0.2573680579662323,0.7465208768844604,0.21683010458946228
YDR141C,YOR128C,0,0.19308408,0.2572799026966095,0.7465208768844604,0.21693015098571777
YNL035C,YOR297C,0,0.19281898,0.2571917772293091,0.7465208768844604,0.21703021228313446
YLR316C,YCL017C,1,0.19239487,0.2574460804462433,0.7475149035453796,0.21703021228313446
YER001W,YOR283W,0,0.19207712,0.25735798478126526,0.7475149035453796,0.21713027358055115
YGR258C,YDR246W,0,0.19183894,0.2572699189186096,0.7475149035453796,0.21723033487796783
YGL094C,YOL009C,0,0.1916589,0.25718194246292114,0.7475149035453796,0.21733039617538452
YEL062W,YCL033C,0,0.19116755,0.25709402561187744,0.7475149035453796,0.2174304574728012
YOR229W,YMR268C,0,0.19116177,0.25700613856315613,0.7475149035453796,0.2175305187702179
YLR431C,YDR067C,0,0.19105335,0.256918340921402,0.7475149035453796,0.21763058006763458
YNR039C,YKR022C,0,0.19059758,0.2568306028842926,0.7475149035453796,0.21773064136505127
YIL080W,YEL037C,0,0.19045849,0.256742924451828,0.7475149035453796,0.21783070266246796
YKR079C,YER028C,0,0.19014682,0.2566552758216858,0.7475149035453796,0.21793076395988464
YGL167C,YKL032C,0,0.18993141,0.25656771659851074,0.7475149035453796,0.21803082525730133
YLR051C,YBR179C,0,0.18953119,0.25648021697998047,0.7475149035453796,0.21813087165355682
YPL050C,YNL107W,0,0.18930183,0.25639277696609497,0.7475149035453796,0.2182309329509735
YIR004W,YOR119C,0,0.18908976,0.25630539655685425,0.7475149035453796,0.2183309942483902
YGL133W,YIL020C,0,0.18897028,0.2562180459499359,0.7475149035453796,0.21843105554580688
YJR091C,YGL179C,0,0.1884581,0.25613078474998474,0.7475149035453796,0.21853111684322357
YDL055C,YLR185W,0,0.18817906,0.25604358315467834,0.7475149035453796,0.21863117814064026
YNR063W,YKL081W,0,0.188132,0.2559564411640167,0.7475149035453796,0.21873123943805695
YOL028C,YNR039C,0,0.18793805,0.2558693289756775,0.7475149035453796,0.21883130073547363
YGR252W,YPL124W,0,0.18750645,0.2557823061943054,0.7475149035453796,0.21893136203289032
YJL208C,YOR377W,0,0.18719043,0.2556953430175781,0.7475149035453796,0.219031423330307
YOR304W,YGR179C,0,0.18687488,0.2556084394454956,0.7475149035453796,0.2191314846277237
YCL036W,YNL236W,0,0.18678504,0.2555215656757355,0.7475149035453796,0.21923154592514038
YDR027C,YER129W,0,0.18661267,0.2554347813129425,0.7475149035453796,0.21933159232139587
YGR057C,YIL049W,0,0.18649314,0.2553480565547943,0.7475149035453796,0.21943165361881256
YPL083C,YAL043C,1,0.18646501,0.25560081005096436,0.7485089302062988,0.21943165361881256
YOR058C,YGR027C,0,0.1862877,0.25551408529281616,0.7485089302062988,0.21953171491622925
YLR029C,YMR277W,0,0.18606366,0.25542742013931274,0.7485089302062988,0.21963177621364594
YGL027C,YDR476C,0,0.1857842,0.2553407847881317,0.7485089302062988,0.21973183751106262
YNL137C,YML052W,0,0.18549998,0.25525423884391785,0.7485089302062988,0.2198318988084793
YNR052C,YOR196C,0,0.18548499,0.25516775250434875,0.7485089302062988,0.219931960105896
YAR050W,YHR185C,0,0.18472476,0.25508129596710205,0.7485089302062988,0.22003202140331268
YJL087C,YGR096W,0,0.18434246,0.2549949288368225,0.7485089302062988,0.22013208270072937
YLR291C,YDR057W,0,0.18422212,0.25490859150886536,0.7485089302062988,0.22023214399814606
YAL033W,YAL020C,1,0.18381321,0.25516074895858765,0.749502956867218,0.22023214399814606
YOR113W,YLL040C,0,0.18343158,0.2550744116306305,0.749502956867218,0.22033220529556274
YKR020W,YLR345W,0,0.18339138,0.2549881637096405,0.749502956867218,0.22043226659297943
YKR056W,YMR087W,1,0.18328774,0.2552400231361389,0.750497043132782,0.22043226659297943
YKR042W,YML039W,0,0.18323877,0.2551537752151489,0.750497043132782,0.22053231298923492
YER142C,YGR235C,0,0.18315962,0.2550675570964813,0.750497043132782,0.2206323742866516
YGL243W,YBR022W,1,0.18313266,0.25531914830207825,0.7514910697937012,0.2206323742866516
YBR239C,YNL051W,0,0.18308087,0.25523295998573303,0.7514910697937012,0.2207324355840683
YLR004C,YHR119W,0,0.18281087,0.2551468014717102,0.7514910697937012,0.22083249688148499
YDR191W,YJL194W,0,0.18237136,0.25506073236465454,0.7514910697937012,0.22093255817890167
YDR325W,YDR351W,0,0.18225165,0.25497469305992126,0.7514910697937012,0.22103261947631836
YHR039C-A,YBR189W,0,0.1822475,0.25488874316215515,0.7514910697937012,0.22113268077373505
YOL061W,YJL113W,0,0.18217185,0.2548028230667114,0.7514910697937012,0.22123274207115173
YAL031C,YGL189C,0,0.18209319,0.25471699237823486,0.7514910697937012,0.22133280336856842
YLR442C,YNL283C,0,0.1818391,0.2546311914920807,0.7514910697937012,0.2214328646659851
YHR003C,YDL156W,0,0.18170205,0.2545454502105713,0.7514910697937012,0.2215329259634018
YPL057C,YPR110C,0,0.18117438,0.25445976853370667,0.7514910697937012,0.2216329723596573
YPR083W,YDR179C,0,0.18111783,0.2543741464614868,0.7514910697937012,0.22173303365707397
YGR084C,YLR141W,0,0.18087654,0.25428858399391174,0.7514910697937012,0.22183309495449066
YGR169C,YER146W,1,0.18087073,0.2545393407344818,0.7524850964546204,0.22183309495449066
YNL259C,YPL120W,0,0.18086296,0.25445377826690674,0.7524850964546204,0.22193315625190735
YCR097W,YKL117W,0,0.18086164,0.25436827540397644,0.7524850964546204,0.22203321754932404
YLR166C,YPR097W,0,0.18056232,0.2542828321456909,0.7524850964546204,0.22213327884674072
YFL031W,YBR067C,0,0.1805167,0.25419744849205017,0.7524850964546204,0.2222333401441574
YGR152C,YKL175W,0,0.18042,0.2541121244430542,0.7524850964546204,0.2223334014415741
YLR438C-A,YNL221C,1,0.17998667,0.25436240434646606,0.7534791231155396,0.2223334014415741
YNL072W,YLR277C,0,0.17994067,0.2542770802974701,0.7534791231155396,0.22243346273899078
YGL020C,YPL007C,0,0.17977165,0.2541918158531189,0.7534791231155396,0.22253352403640747
YDR104C,YDR354W,0,0.17971703,0.2541066110134125,0.7534791231155396,0.22263358533382416
YPL140C,YLR411W,0,0.17943388,0.25402143597602844,0.7534791231155396,0.22273364663124084
YMR048W,YGL237C,0,0.17888953,0.2539363503456116,0.7534791231155396,0.22283369302749634
YLL002W,YPL055C,0,0.17866637,0.2538512945175171,0.7534791231155396,0.22293375432491302
YOL124C,YLR431C,0,0.17863938,0.25376632809638977,0.7534791231155396,0.2230338156223297
YDR129C,YNR032W,0,0.17778401,0.25368139147758484,0.7534791231155396,0.2231338769197464
YDR267C,YAL056W,0,0.17770691,0.2535965144634247,0.7534791231155396,0.22323393821716309
YDR064W,YLR143W,0,0.17707235,0.2535116970539093,0.7534791231155396,0.22333399951457977
YPR120C,YHL050C,0,0.1767895,0.2534269392490387,0.7534791231155396,0.22343406081199646
YMR272C,YJR073C,0,0.17665985,0.25334224104881287,0.7534791231155396,0.22353412210941315
YAL043C,YHR006W,1,0.17623432,0.25359171628952026,0.7544731497764587,0.22353412210941315
YKR096W,YOL119C,0,0.17601685,0.25350701808929443,0.7544731497764587,0.22363418340682983
YER001W,YBL063W,0,0.17587535,0.2534223794937134,0.7544731497764587,0.22373424470424652
YOR141C,YDR164C,0,0.1757661,0.2533377707004547,0.7544731497764587,0.2238343060016632
YLR004C,YHR041C,0,0.17576112,0.2532532513141632,0.7544731497764587,0.2239343672990799
YBR022W,YML080W,1,0.17568363,0.25350233912467957,0.7554671764373779,0.2239343672990799
YPR001W,YJR043C,0,0.17553084,0.25341781973838806,0.7554671764373779,0.2240344136953354
YNL258C,YIL067C,0,0.17552112,0.25333333015441895,0.7554671764373779,0.22413447499275208
YNL183C,YIL075C,0,0.1754294,0.253248929977417,0.7554671764373779,0.22423453629016876
YMR176W,YLR165C,0,0.17527631,0.2531645596027374,0.7554671764373779,0.22433459758758545
YOR202W,YBR067C,0,0.17495498,0.25308024883270264,0.7554671764373779,0.22443465888500214
YLR044C,YJL214W,0,0.17453314,0.2529959976673126,0.7554671764373779,0.22453472018241882
YLR223C,YGR221C,0,0.17445679,0.2529118061065674,0.7554671764373779,0.2246347814798355
YLL002W,YNL107W,0,0.17436454,0.2528276741504669,0.7554671764373779,0.2247348427772522
YBR208C,YDR119W,0,0.17392223,0.25274360179901123,0.7554671764373779,0.22483490407466888
YBR244W,YNL314W,0,0.17202467,0.2526595890522003,0.7554671764373779,0.22493496537208557
YOR368W,YIL120W,0,0.17158808,0.2525756061077118,0.7554671764373779,0.22503502666950226
YOR205C,YJL002C,0,0.1715803,0.25249168276786804,0.7554671764373779,0.22513508796691895
YGR231C,YKR055W,0,0.17098324,0.25240784883499146,0.7554671764373779,0.22523513436317444
YPR171W,YLR022C,0,0.1708187,0.25232404470443726,0.7554671764373779,0.22533519566059113
YDR108W,YGL100W,0,0.16995509,0.25224030017852783,0.7554671764373779,0.2254352569580078
YFR013W,YDR198C,0,0.1697147,0.2521566152572632,0.7554671764373779,0.2255353182554245
YML076C,YIL073C,0,0.1696973,0.2520729601383209,0.7554671764373779,0.2256353795528412
YHL038C,YIL159W,0,0.16953988,0.2519893944263458,0.7554671764373779,0.22573544085025787
YKL205W,YPL189W,0,0.16937102,0.2519058585166931,0.7554671764373779,0.22583550214767456
YPR002W,YER046W,0,0.16924709,0.25182241201400757,0.7554671764373779,0.22593556344509125
YPL249C-A,YDR414C,0,0.1688241,0.2517389953136444,0.7554671764373779,0.22603562474250793
YPL176C,YHR061C,0,0.16833393,0.251655638217926,0.7554671764373779,0.22613568603992462
YNR053C,YDR386W,0,0.16827406,0.2515723407268524,0.7554671764373779,0.2262357473373413
YDR438W,YCL024W,0,0.16820985,0.2514890730381012,0.7554671764373779,0.226335808634758
YBR167C,YOL141W,1,0.16818574,0.25173667073249817,0.7564612030982971,0.226335808634758
YDR403W,YGL196W,0,0.1679551,0.25165343284606934,0.7564612030982971,0.2264358550310135
YDR513W,YOL110W,0,0.16788219,0.2515702545642853,0.7564612030982971,0.22653591632843018
YDR293C,YMR105C,0,0.16744067,0.2514871060848236,0.7564612030982971,0.22663597762584686
YLL039C,YOR193W,0,0.16668302,0.2514040172100067,0.7564612030982971,0.22673603892326355
YBR073W,YPR017C,0,0.16635783,0.251321017742157,0.7564612030982971,0.22683610022068024
YER035W,YML120C,0,0.16633588,0.25123801827430725,0.7564612030982971,0.22693616151809692
YNL147W,YBL018C,1,0.16604944,0.251485139131546,0.7574552893638611,0.22693616151809692
YGL162W,YLR404W,0,0.16576104,0.2514021694660187,0.7574552893638611,0.2270362228155136
YJL058C,YDR131C,0,0.1656622,0.2513192594051361,0.7574552893638611,0.2271362841129303
YHR188C,YIL120W,0,0.16542257,0.2512364089488983,0.7574552893638611,0.22723634541034698
YGL189C,YOL045W,0,0.16499384,0.2511535882949829,0.7574552893638611,0.22733640670776367
YHR193C,YKL060C,0,0.16494627,0.2510708272457123,0.7574552893638611,0.22743646800518036
YAL031C,YNR017W,0,0.16487117,0.2509881556034088,0.7574552893638611,0.22753652930259705
YDR485C,YGR215W,0,0.16458562,0.25090548396110535,0.7574552893638611,0.22763657569885254
YLR384C,YMR023C,1,0.16382356,0.25115206837654114,0.7584493160247803,0.22763657569885254
YKR103W,YGL063W,0,0.163301,0.25106942653656006,0.7584493160247803,0.22773663699626923
YMR075W,YCR093W,0,0.1630793,0.25098684430122375,0.7584493160247803,0.2278366982936859
YOL148C,YLR105C,0,0.16259854,0.2509043216705322,0.7584493160247803,0.2279367595911026
YOR274W,YDL033C,1,0.1625481,0.25115054845809937,0.7594433426856995,0.2279367595911026
YKL189W,YNL297C,0,0.16204889,0.25106802582740784,0.7594433426856995,0.2280368208885193
YDR078C,YGR003W,0,0.16198494,0.2509855329990387,0.7594433426856995,0.22813688218593597
YFL005W,YKL045W,0,0.16179048,0.2509031295776367,0.7594433426856995,0.22823694348335266
YOR362C,YEL037C,0,0.16171394,0.25082075595855713,0.7594433426856995,0.22833700478076935
YBL105C,YJL081C,0,0.16139033,0.2507384419441223,0.7594433426856995,0.22843706607818604
YFL021W,YJR019C,0,0.16131231,0.2506561577320099,0.7594433426856995,0.22853712737560272
YGR132C,YDR146C,0,0.16109216,0.2505739629268646,0.7594433426856995,0.2286371886730194
YBR228W,YGL028C,0,0.16041948,0.25049179792404175,0.7594433426856995,0.2287372350692749
YJL050W,YGR277C,0,0.15972383,0.25040969252586365,0.7594433426856995,0.2288372963666916
YLR345W,YGL045W,0,0.15971082,0.2503276467323303,0.7594433426856995,0.22893735766410828
YGL240W,YPL055C,0,0.15934655,0.2502456605434418,0.7594433426856995,0.22903741896152496
YJL125C,YHR006W,1,0.15931575,0.2504911720752716,0.7604373693466187,0.22903741896152496
YFR031C-A,YGL050W,0,0.15926836,0.25040915608406067,0.7604373693466187,0.22913748025894165
YKL090W,YKR003W,0,0.15920132,0.2503272294998169,0.7604373693466187,0.22923754155635834
YHL028W,YGR169C,0,0.15893206,0.2502453327178955,0.7604373693466187,0.22933760285377502
YCR024C-A,YGL014W,0,0.15888093,0.2501634955406189,0.7604373693466187,0.2294376641511917
YPL100W,YLR244C,0,0.15861435,0.25008171796798706,0.7604373693466187,0.2295377254486084
YML107C,YLR389C,0,0.15834408,0.25,0.7604373693466187,0.22963778674602509
YOL054W,YHR132C,0,0.15814175,0.24991832673549652,0.7604373693466187,0.22973784804344177
YCR068W,YJR096W,0,0.15773787,0.24983671307563782,0.7604373693466187,0.22983790934085846
YKL160W,YLR411W,0,0.15745166,0.2497551441192627,0.7604373693466187,0.22993795573711395
YOL124C,YPR086W,0,0.15742241,0.24967363476753235,0.7604373693466187,0.23003801703453064
YIL083C,YGL245W,0,0.15721922,0.24959217011928558,0.7604373693466187,0.23013807833194733
YMR075W,YEL005C,0,0.15636048,0.2495107650756836,0.7604373693466187,0.230238139629364
YLR107W,YBR223C,0,0.15621237,0.24942940473556519,0.7604373693466187,0.2303382009267807
YER008C,YGL083W,0,0.15600981,0.24934810400009155,0.7604373693466187,0.2304382622241974
YLR133W,YKL127W,0,0.15588023,0.2492668628692627,0.7604373693466187,0.23053832352161407
YDR325W,YGR109C,0,0.15533479,0.24918566644191742,0.7604373693466187,0.23063838481903076
YGR247W,YPR106W,0,0.15499063,0.24910452961921692,0.7604373693466187,0.23073844611644745
YER167W,YHR059W,0,0.1549471,0.2490234375,0.7604373693466187,0.23083850741386414
YKR088C,YKR101W,0,0.1547983,0.24894240498542786,0.7604373693466187,0.23093856871128082
YER072W,YKL006C-A,0,0.15407266,0.2488614171743393,0.7604373693466187,0.2310386300086975
YKL112W,YJL078C,0,0.15368967,0.2487804889678955,0.7604373693466187,0.231138676404953
YGR125W,YMR273C,0,0.15336998,0.2486996054649353,0.7604373693466187,0.2312387377023697
YKL095W,YBR179C,0,0.15326448,0.24861878156661987,0.7604373693466187,0.23133879899978638
YNL122C,YPL252C,0,0.15305892,0.24853801727294922,0.7604373693466187,0.23143886029720306
YLR395C,YHL028W,0,0.15305187,0.24845729768276215,0.7604373693466187,0.23153892159461975
YBR049C,YJL204C,0,0.153008,0.24837662279605865,0.7604373693466187,0.23163898289203644
YNL273W,YPL115C,0,0.15284006,0.24829600751399994,0.7604373693466187,0.23173904418945312
YER125W,YGL014W,0,0.15281667,0.248215451836586,0.7604373693466187,0.2318391054868698
YGL028C,YCL051W,0,0.15226172,0.24813494086265564,0.7604373693466187,0.2319391667842865
YMR274C,YLR244C,0,0.15205063,0.24805447459220886,0.7604373693466187,0.23203922808170319
YPL110C,YIL177C,0,0.15149117,0.24797406792640686,0.7604373693466187,0.23213928937911987
YOR064C,YBR187W,0,0.15114893,0.24789372086524963,0.7604373693466187,0.23223935067653656
YJL001W,YDL165W,0,0.15082358,0.247813418507576,0.7604373693466187,0.23233939707279205
YNR023W,YPL030W,0,0.15072073,0.24773316085338593,0.7604373693466187,0.23243945837020874
YEL006W,YBR002C,0,0.15032454,0.24765296280384064,0.7604373693466187,0.23253951966762543
YOR304C-A,YBL003C,0,0.15014808,0.24757280945777893,0.7604373693466187,0.23263958096504211
YKR100C,YOR079C,0,0.1491542,0.247492715716362,0.7604373693466187,0.2327396422624588
YJL099W,YHL035C,0,0.14842585,0.24741268157958984,0.7604373693466187,0.2328397035598755
YKL110C,YER109C,0,0.14831509,0.24733269214630127,0.7604373693466187,0.23293976485729218
YGR169C,YCL017C,1,0.14775331,0.24757595360279083,0.7614313960075378,0.23293976485729218
YBR180W,YML112W,0,0.14743544,0.24749596416950226,0.7614313960075378,0.23303982615470886
YKL093W,YLR190W,0,0.14727363,0.24741601943969727,0.7614313960075378,0.23313988745212555
YIL021W,YDR207C,0,0.14696959,0.24733613431453705,0.7614313960075378,0.23323994874954224
YDR257C,YDL206W,0,0.14655034,0.2472562938928604,0.7614313960075378,0.23334001004695892
YGR249W,YBR132C,0,0.1465094,0.24717651307582855,0.7614313960075378,0.2334400713443756
YCL024W,YPL169C,0,0.14628185,0.24709677696228027,0.7614313960075378,0.2335401177406311
YLR289W,YCR105W,0,0.14581148,0.24701708555221558,0.7614313960075378,0.2336401790380478
YLR438C-A,YDR378C,1,0.14547707,0.24725982546806335,0.762425422668457,0.2336401790380478
YGR084C,YEL004W,0,0.1452489,0.24718014895915985,0.762425422668457,0.23374024033546448
YHR083W,YIL088C,0,0.14498961,0.24710051715373993,0.762425422668457,0.23384030163288116
YDL201W,YGR024C,1,0.14464587,0.24734298884868622,0.763419508934021,0.23384030163288116
YEL062W,YOR368W,0,0.14436702,0.2472633570432663,0.763419508934021,0.23394036293029785
YML066C,YGR296W,0,0.14424495,0.24718378484249115,0.763419508934021,0.23404042422771454
YGR204W,YHR032W,0,0.14391035,0.2471042424440384,0.763419508934021,0.23414048552513123
YIR033W,YDR076W,0,0.14370833,0.2470247596502304,0.763419508934021,0.2342405468225479
YBR109C,YDR303C,0,0.14335676,0.2469453364610672,0.763419508934021,0.2343406081199646
YDR337W,YDR506C,0,0.14323922,0.24686595797538757,0.763419508934021,0.2344406694173813
YMR112C,YKL211C,0,0.14306311,0.24678663909435272,0.763419508934021,0.23454073071479797
YDL215C,YHR074W,0,0.14279787,0.24670735001564026,0.763419508934021,0.23464077711105347
YDR194C,YNL225C,0,0.14274468,0.24662813544273376,0.763419508934021,0.23474083840847015
YMR312W,YAL020C,1,0.1426258,0.2468699812889099,0.7644135355949402,0.23474083840847015
YOL090W,YOR038C,0,0.14225362,0.24679075181484222,0.7644135355949402,0.23484089970588684
YOR180C,YNR035C,0,0.14221342,0.2467115819454193,0.7644135355949402,0.23494096100330353
YBR188C,YKR092C,0,0.14214632,0.24663245677947998,0.7644135355949402,0.23504102230072021
YGR257C,YHL034C,0,0.14176516,0.24655337631702423,0.7644135355949402,0.2351410835981369
YHL020C,YBL072C,0,0.14118592,0.24647435545921326,0.7644135355949402,0.2352411448955536
YIL063C,YCR066W,0,0.14108175,0.24639537930488586,0.7644135355949402,0.23534120619297028
YMR065W,YBR107C,0,0.14087887,0.24631646275520325,0.7644135355949402,0.23544126749038696
YER019C-A,YHR039C,0,0.14062135,0.2462375909090042,0.7644135355949402,0.23554132878780365
YPR120C,YDL128W,0,0.13981195,0.24615876376628876,0.7644135355949402,0.23564139008522034
YGR077C,YJR105W,0,0.13969162,0.24607999622821808,0.7644135355949402,0.23574145138263702
YHR006W,YKR008W,0,0.13954014,0.24600127339363098,0.7644135355949402,0.23584149777889252
YCL043C,YDL194W,0,0.13930728,0.24592261016368866,0.7644135355949402,0.2359415590763092
YGL163C,YGL130W,0,0.13929823,0.24584399163722992,0.7644135355949402,0.2360416203737259
YPL249C-A,YNL050C,0,0.13898762,0.24576541781425476,0.7644135355949402,0.23614168167114258
YNR032C-A,YNL123W,0,0.13870768,0.24568690359592438,0.7644135355949402,0.23624174296855927
YPL183C,YCR020W-B,0,0.13839287,0.24560843408107758,0.7644135355949402,0.23634180426597595
YFR009W,YJL012C,0,0.13814904,0.24553000926971436,0.7644135355949402,0.23644186556339264
YNL121C,YJR004C,0,0.13738357,0.2454516440629959,0.7644135355949402,0.23654192686080933
YML005W,YGR024C,1,0.1372959,0.2456924021244049,0.7654075622558594,0.23654192686080933
YLR426W,YOR016C,0,0.13673541,0.24561403691768646,0.7654075622558594,0.236641988158226
YPR091C,YER142C,0,0.13654047,0.2455357164144516,0.7654075622558594,0.2367420494556427
YBR293W,YFR013W,0,0.13633658,0.24545744061470032,0.7654075622558594,0.2368421107530594
YML029W,YDR423C,0,0.13632436,0.2453792244195938,0.7654075622558594,0.23694217205047607
YKR079C,YMR023C,1,0.13621852,0.24561962485313416,0.7664015889167786,0.23694217205047607
YAL043C,YGL063W,1,0.13610934,0.24585987627506256,0.7673956155776978,0.23694217205047607
YLL036C,YKL155C,0,0.13604338,0.24578160047531128,0.7673956155776978,0.23704221844673157
YBL034C,YPR097W,0,0.13573234,0.24570336937904358,0.7673956155776978,0.23714227974414825
YOR140W,YNR044W,0,0.13572039,0.24562519788742065,0.7673956155776978,0.23724234104156494
YKR077W,YDR163W,0,0.13571317,0.2455470710992813,0.7673956155776978,0.23734240233898163
YPL024W,YNL335W,0,0.13563317,0.24546900391578674,0.7673956155776978,0.23744246363639832
YBR210W,YCR083W,0,0.13543114,0.24539096653461456,0.7673956155776978,0.237542524933815
YGL022W,YGR278W,0,0.13535982,0.24531300365924835,0.7673956155776978,0.2376425862312317
YPR091C,YER104W,0,0.13524744,0.24523507058620453,0.7673956155776978,0.23774264752864838
YGL019W,YNL275W,0,0.1351713,0.24515719711780548,0.7673956155776978,0.23784270882606506
YLR073C,YJR046W,0,0.1351544,0.24507936835289001,0.7673956155776978,0.23794277012348175
YLR117C,YLR378C,0,0.13505688,0.24500158429145813,0.7673956155776978,0.23804283142089844
YKR080W,YNL326C,0,0.13494375,0.24492385983467102,0.7673956155776978,0.23814289271831512
YBR278W,YGL092W,0,0.1347509,0.2448461800813675,0.7673956155776978,0.23824293911457062
YPL006W,YHL038C,0,0.13472785,0.24476854503154755,0.7673956155776978,0.2383430004119873
YKR003W,YDL059C,0,0.13439326,0.24469096958637238,0.7673956155776978,0.238443061709404
YIR025W,YGR033C,0,0.13405888,0.2446134388446808,0.7673956155776978,0.23854312300682068
YOR256C,YPL193W,0,0.1339903,0.24453595280647278,0.7673956155776978,0.23864318430423737
YJR131W,YIL023C,0,0.13358934,0.24445851147174835,0.7673956155776978,0.23874324560165405
YBL041W,YNR033W,0,0.13292848,0.2443811297416687,0.7673956155776978,0.23884330689907074
YGL018C,YML004C,0,0.13284175,0.24430379271507263,0.7673956155776978,0.23894336819648743
YOR251C,YKL048C,0,0.13270085,0.24422651529312134,0.7673956155776978,0.2390434294939041
YOR353C,YGR222W,0,0.13268046,0.24414926767349243,0.7673956155776978,0.2391434907913208
YLR119W,YOR382W,0,0.13260835,0.2440720796585083,0.7673956155776978,0.2392435520887375
YDL076C,YGL011C,0,0.13259219,0.24399493634700775,0.7673956155776978,0.23934361338615417
YEL019C,YNL107W,0,0.13164388,0.24391785264015198,0.7673956155776978,0.23944365978240967
YBR016W,YHR030C,0,0.13102351,0.24384081363677979,0.7673956155776978,0.23954372107982635
YNL241C,YGL094C,0,0.13083397,0.24376381933689117,0.7673956155776978,0.23964378237724304
YJL024C,YOR083W,0,0.13078655,0.24368686974048615,0.7673956155776978,0.23974384367465973
YBL099W,YJR123W,0,0.1305497,0.2436099648475647,0.7673956155776978,0.23984390497207642
YML051W,YHL027W,0,0.13054831,0.24353311955928802,0.7673956155776978,0.2399439662694931
YOR297C,YNL259C,0,0.13020839,0.24345631897449493,0.7673956155776978,0.2400440275669098
YHR083W,YKL022C,0,0.13003616,0.24337957799434662,0.7673956155776978,0.24014408886432648
YIR028W,YHR152W,0,0.12976949,0.2433028668165207,0.7673956155776978,0.24024415016174316
YJL078C,YHR091C,0,0.12969913,0.24322621524333954,0.7673956155776978,0.24034421145915985
YDR208W,YGR040W,0,0.1295901,0.24314960837364197,0.7673956155776978,0.24044427275657654
YBR146W,YMR072W,0,0.12953688,0.24307304620742798,0.7673956155776978,0.24054431915283203
YKL043W,YMR149W,0,0.12936606,0.24299654364585876,0.7673956155776978,0.24064438045024872
YDR439W,YMR033W,0,0.12934096,0.24292007088661194,0.7673956155776978,0.2407444417476654
YHR164C,YBR154C,0,0.12916513,0.2428436577320099,0.7673956155776978,0.2408445030450821
YGL019W,YEL030W,0,0.12915911,0.24276728928089142,0.7673956155776978,0.24094456434249878
YEL026W,YHR060W,0,0.12904274,0.24269098043441772,0.7673956155776978,0.24104462563991547
YDR260C,YER013W,0,0.12885346,0.24261470139026642,0.7673956155776978,0.24114468693733215
YPL006W,YCL039W,0,0.12844498,0.2425384819507599,0.7673956155776978,0.24124474823474884
YOL129W,YHR080C,0,0.12799406,0.24246230721473694,0.7673956155776978,0.24134480953216553
YNL084C,YPR006C,0,0.1278746,0.24238619208335876,0.7673956155776978,0.24144487082958221
YGR145W,YOR255W,0,0.12769903,0.24231010675430298,0.7673956155776978,0.2415449321269989
YHR115C,YJL035C,0,0.12747155,0.24223408102989197,0.7673956155776978,0.2416449934244156
YNL219C,YKR055W,0,0.12721418,0.24215810000896454,0.7673956155776978,0.24174503982067108
YOR316C,YDL230W,0,0.12686029,0.2420821636915207,0.7673956155776978,0.24184510111808777
YPR094W,YMR125W,0,0.1267599,0.24200627207756042,0.7673956155776978,0.24194516241550446
YBR056W,YDR131C,0,0.1267442,0.24193042516708374,0.7673956155776978,0.24204522371292114
YLR438C-A,YLR105C,1,0.12673236,0.24216791987419128,0.7683896422386169,0.24204522371292114
YJR132W,YCR020W-B,0,0.12659594,0.2420920729637146,0.7683896422386169,0.24214528501033783
YOL049W,YBR268W,0,0.12657695,0.2420162856578827,0.7683896422386169,0.24224534630775452
YBR114W,YIL063C,0,0.12626942,0.24194052815437317,0.7683896422386169,0.2423454076051712
YHR041C,YJR082C,0,0.1259904,0.24186483025550842,0.7683896422386169,0.2424454689025879
YCR105W,YPL236C,0,0.12597801,0.24178917706012726,0.7683896422386169,0.24254553020000458
YJR119C,YBR167C,0,0.1258709,0.24171356856822968,0.7683896422386169,0.24264559149742126
YLR406C,YGL158W,0,0.12571068,0.24163800477981567,0.7683896422386169,0.24274565279483795
YOL039W,YFR034C,0,0.12559463,0.24156250059604645,0.7683896422386169,0.24284571409225464
YNL183C,YKR055W,0,0.12548535,0.2414870411157608,0.7683896422386169,0.24294576048851013
YLR368W,YNL094W,0,0.12546563,0.24141161143779755,0.7683896422386169,0.24304582178592682
YJR027W,YGR261C,0,0.12539501,0.24133624136447906,0.7683896422386169,0.2431458830833435
YER159C,YOL154W,0,0.12471302,0.24126093089580536,0.7683896422386169,0.2432459443807602
YMR118C,YNL317W,0,0.12450425,0.24118565022945404,0.7683896422386169,0.24334600567817688
YMR048W,YKR034W,0,0.123757824,0.2411104142665863,0.7683896422386169,0.24344606697559357
YGL145W,YOL057W,0,0.123558715,0.24103523790836334,0.7683896422386169,0.24354612827301025
YLR145W,YJL115W,0,0.12339765,0.24096010625362396,0.7683896422386169,0.24364618957042694
YMR309C,YLR013W,0,0.12294491,0.24088500440120697,0.7683896422386169,0.24374625086784363
YGR217W,YNL056W,0,0.1227763,0.24080996215343475,0.7683896422386169,0.24384631216526031
YIL135C,YLR196W,0,0.122606054,0.2407349795103073,0.7683896422386169,0.243946373462677
YKL069W,YMR117C,0,0.12238173,0.24066002666950226,0.7683896422386169,0.2440464347600937
YLL005C,YPL133C,0,0.12232025,0.2405851185321808,0.7683896422386169,0.24414648115634918
YBR139W,YER039C,0,0.12231076,0.2405102699995041,0.7683896422386169,0.24424654245376587
YPR182W,YNL264C,0,0.12183918,0.24043546617031097,0.7683896422386169,0.24434660375118256
YPL088W,YDR285W,0,0.12142627,0.24036069214344025,0.7683896422386169,0.24444666504859924
YOR210W,YPL001W,0,0.12105107,0.2402859777212143,0.7683896422386169,0.24454672634601593
YDL033C,YJL035C,1,0.12096782,0.24052205681800842,0.7693836688995361,0.24454672634601593
YJL167W,YOR081C,0,0.12022911,0.24044734239578247,0.7693836688995361,0.24464678764343262
YGR244C,YGL180W,0,0.11975312,0.2403726726770401,0.7693836688995361,0.2447468489408493
YOR260W,YMR293C,0,0.11963488,0.2402980476617813,0.7693836688995361,0.244846910238266
YDL024C,YKL093W,0,0.11947219,0.2402234673500061,0.7693836688995361,0.24494697153568268
YAL005C,YKL201C,0,0.11944765,0.24014893174171448,0.7693836688995361,0.24504703283309937
YER023W,YLL040C,0,0.11928442,0.24007444083690643,0.7693836688995361,0.24514709413051605
YNL258C,YCR028C-A,0,0.119213,0.23999999463558197,0.7693836688995361,0.24524715542793274
YGL087C,YGL180W,0,0.118355125,0.23992560803890228,0.7693836688995361,0.24534720182418823
YJL196C,YLR310C,0,0.11816086,0.23985125124454498,0.7693836688995361,0.24544726312160492
YDR365C,YPL016W,0,0.117481396,0.23977695405483246,0.7693836688995361,0.2455473244190216
YLR225C,YBL005W-A,0,0.11729132,0.23970270156860352,0.7693836688995361,0.2456473857164383
YFR014C,YNL020C,0,0.116922736,0.23962847888469696,0.7693836688995361,0.24574744701385498
YGR007W,YLR175W,0,0.11686669,0.23955431580543518,0.7693836688995361,0.24584750831127167
YPL008W,YLR025W,0,0.11684413,0.23948019742965698,0.7693836688995361,0.24594756960868835
YDL178W,YML067C,0,0.116606936,0.23940612375736237,0.7693836688995361,0.24604763090610504
YDR079W,YML062C,0,0.1163788,0.23933209478855133,0.7693836688995361,0.24614769220352173
YDR173C,YBR171W,0,0.115960374,0.23925811052322388,0.7693836688995361,0.24624775350093842
YML021C,YDL128W,0,0.115762874,0.23918417096138,0.7693836688995361,0.2463478147983551
YBR130C,YIL064W,0,0.11558001,0.2391102910041809,0.7693836688995361,0.2464478760957718
YHR016C,YER094C,0,0.115391284,0.2390364408493042,0.7693836688995361,0.24654792249202728
YBL026W,YHR006W,1,0.11536728,0.2392713874578476,0.7703777551651001,0.24654792249202728
YKL092C,YNL225C,0,0.114779845,0.2391975373029709,0.7703777551651001,0.24664798378944397
YPL083C,YLR430W,1,0.114707276,0.23943227529525757,0.7713717818260193,0.24664798378944397
YKR083C,YIL082W-A,0,0.11459154,0.23935842514038086,0.7713717818260193,0.24674804508686066
YMR079W,YBL003C,0,0.114463925,0.23928461968898773,0.7713717818260193,0.24684810638427734
YDR409W,YIL091C,0,0.113905475,0.239210844039917,0.7713717818260193,0.24694816768169403
YGR169C,YDL036C,1,0.113656506,0.239445298910141,0.7723658084869385,0.24694816768169403
YBR191W,YPL167C,0,0.11321567,0.23937153816223145,0.7723658084869385,0.24704822897911072
YNR055C,YER162C,0,0.11253743,0.2392978072166443,0.7723658084869385,0.2471482902765274
YKL222C,YLR059C,0,0.1124527,0.2392241358757019,0.7723658084869385,0.2472483515739441
YIL105C,YNL097C,0,0.11222984,0.2391505092382431,0.7723658084869385,0.24734841287136078
YGL028C,YJR131W,0,0.112003595,0.23907692730426788,0.7723658084869385,0.24744847416877747
YKR071C,YMR029C,0,0.11185534,0.23900339007377625,0.7723658084869385,0.24754853546619415
YGR204W,YDL171C,0,0.111558095,0.238929882645607,0.7723658084869385,0.24764858186244965
YPL246C,YGL179C,0,0.11111517,0.23885643482208252,0.7723658084869385,0.24774864315986633
YHR004C,YKL002W,0,0.11084141,0.23878303170204163,0.7723658084869385,0.24784870445728302
YBR070C,YDR508C,0,0.11062656,0.23870967328548431,0.7723658084869385,0.2479487657546997
YDR143C,YOR048C,0,0.110538244,0.23863635957241058,0.7723658084869385,0.2480488270521164
YDR291W,YPL047W,0,0.11013532,0.23856309056282043,0.7723658084869385,0.24814888834953308
YKR069W,YBL052C,0,0.110125825,0.23848986625671387,0.7723658084869385,0.24824894964694977
YDR159W,YIL047C,0,0.10999182,0.23841668665409088,0.7723658084869385,0.24834901094436646
YKR049C,YGL183C,0,0.10997002,0.23834355175495148,0.7723658084869385,0.24844907224178314
YBR069C,YNL153C,0,0.10990931,0.23827047646045685,0.7723658084869385,0.24854913353919983
YMR262W,YMR200W,0,0.1097493,0.2381974309682846,0.7723658084869385,0.24864919483661652
YIL088C,YGL158W,0,0.10950711,0.23812443017959595,0.7723658084869385,0.2487492561340332
YLR263W,YPR022C,0,0.10886137,0.23805147409439087,0.7723658084869385,0.2488493025302887
YKL165C,YJL074C,0,0.108824536,0.23797856271266937,0.7723658084869385,0.24894936382770538
YOR349W,YOR003W,0,0.10863815,0.23790569603443146,0.7723658084869385,0.24904942512512207
YGR144W,YML057W,0,0.10826446,0.23783287405967712,0.7723658084869385,0.24914948642253876
YLR295C,YBR128C,0,0.10814728,0.23776009678840637,0.7723658084869385,0.24924954771995544
YPL061W,YLR132C,0,0.107892126,0.2376873642206192,0.7723658084869385,0.24934960901737213
YDL036C,YOR251C,1,0.10779157,0.23792049288749695,0.7733598351478577,0.24934960901737213
YBR268W,YNL164C,0,0.107744515,0.23784776031970978,0.7733598351478577,0.24944967031478882
YIL008W,YDL049C,0,0.10765745,0.237775057554245,0.7733598351478577,0.2495497316122055
YNL245C,YLR194C,0,0.10747714,0.237702414393425,0.7733598351478577,0.2496497929096222
YDR480W,YJL060W,0,0.10714823,0.23762981593608856,0.7733598351478577,0.24974985420703888
YPL256C,YIL052C,0,0.10694368,0.23755724728107452,0.7733598351478577,0.24984991550445557
YNL270C,YGR203W,0,0.105934694,0.23748473823070526,0.7733598351478577,0.24994997680187225
YPL183C,YKR019C,0,0.1058283,0.23741227388381958,0.7733598351478577,0.25005003809928894
YIL062C,YOR003W,0,0.10580255,0.2373398393392563,0.7733598351478577,0.25015008449554443
YLR268W,YJL203W,0,0.105548084,0.23726746439933777,0.7733598351478577,0.2502501606941223
YGL019W,YPR068C,0,0.10539262,0.23719511926174164,0.7733598351478577,0.2503502070903778
YOR311C,YPR121W,0,0.10525705,0.23712283372879028,0.7733598351478577,0.2504502832889557
YPL083C,YHR187W,1,0.10503419,0.2373552769422531,0.7743538618087769,0.2504502832889557
YOR180C,YDR041W,0,0.10500829,0.23728297650814056,0.7743538618087769,0.2505503296852112
YKR053C,YML082W,0,0.10453802,0.2372107207775116,0.7743538618087769,0.2506503760814667
YBL005W-A,YBR060C,0,0.10452981,0.2371385097503662,0.7743538618087769,0.25075045228004456
YBR021W,YGL256W,0,0.10444778,0.2370663434267044,0.7743538618087769,0.25085049867630005
YEL034W,YHL007C,0,0.10418971,0.23699422180652618,0.7743538618087769,0.25095057487487793
YLR369W,YNL164C,0,0.10418336,0.23692214488983154,0.7743538618087769,0.2510506212711334
YNL323W,YDL061C,0,0.10417004,0.23685011267662048,0.7743538618087769,0.2511506974697113
YMR160W,YLR102C,0,0.1038333,0.2367781102657318,0.7743538618087769,0.2512507438659668
YOL125W,YBR022W,1,0.10356073,0.23701003193855286,0.775347888469696,0.2512507438659668
YAL020C,YGL236C,1,0.103553176,0.23724180459976196,0.77634197473526,0.2512507438659668
YGL043W,YLR011W,0,0.10334884,0.2371697574853897,0.77634197473526,0.2513508200645447
YOL101C,YIL167W,0,0.10320018,0.23709775507450104,0.77634197473526,0.25145086646080017
YOR074C,YLR148W,0,0.103123575,0.23702579736709595,0.77634197473526,0.25155094265937805
YBR239C,YPR004C,0,0.10291341,0.23695388436317444,0.77634197473526,0.25165098905563354
YDL055C,YOR129C,0,0.10271607,0.2368820160627365,0.77634197473526,0.2517510652542114
YNL123W,YLR075W,0,0.10263716,0.23681019246578217,0.77634197473526,0.2518511116504669
YNL239W,YGR096W,0,0.1017814,0.2367383986711502,0.77634197473526,0.2519511580467224
YGR125W,YIL083C,0,0.10085492,0.23666666448116302,0.77634197473526,0.2520512342453003
YHR066W,YER130C,0,0.100846484,0.23659497499465942,0.77634197473526,0.2521512806415558
YMR083W,YGR128C,0,0.10054432,0.2365233153104782,0.77634197473526,0.25225135684013367
YKR080W,YBR136W,0,0.09982525,0.23645171523094177,0.77634197473526,0.25235140323638916
YNL082W,YLR263W,0,0.09978388,0.23638014495372772,0.77634197473526,0.25245147943496704
YCL039W,YGR032W,0,0.09925017,0.23630861937999725,0.77634197473526,0.25255152583122253
YJR027W,YLR224W,0,0.099226296,0.23623713850975037,0.77634197473526,0.2526516020298004
YMR087W,YPL212C,1,0.09920739,0.2364680916070938,0.7773360013961792,0.2526516020298004
YOR230W,YLR165C,0,0.09872697,0.23639661073684692,0.7773360013961792,0.2527516484260559
YPR138C,YLR145W,0,0.09838916,0.23632517457008362,0.7773360013961792,0.2528517246246338
YGL183C,YKL093W,0,0.097755745,0.2362537831068039,0.7773360013961792,0.2529517710208893
YNL154C,YOR065W,0,0.097661644,0.23618242144584656,0.7773360013961792,0.2530518174171448
YCR014C,YNL302C,0,0.0976042,0.2361111044883728,0.7773360013961792,0.25315189361572266
YMR058W,YPL145C,0,0.097233176,0.23603984713554382,0.7773360013961792,0.25325194001197815
YOR378W,YOR232W,0,0.09705956,0.23596861958503723,0.7773360013961792,0.25335201621055603
YIL162W,YDL015C,0,0.096885875,0.23589743673801422,0.7773360013961792,0.2534520626068115
YPR091C,YER003C,0,0.096807435,0.2358262985944748,0.7773360013961792,0.2535521388053894
YKL217W,YLR369W,0,0.0963728,0.23575520515441895,0.7773360013961792,0.2536521852016449
YOR106W,YLR344W,0,0.09617625,0.23568414151668549,0.7773360013961792,0.2537522614002228
YPL192C,YHR041C,0,0.096151754,0.2356131374835968,0.7773360013961792,0.25385230779647827
YGR065C,YPL276W,0,0.095979095,0.2355421632528305,0.7773360013961792,0.25395238399505615
YOL016C,YDR476C,0,0.09575024,0.23547124862670898,0.7773360013961792,0.25405243039131165
YPL099C,YLR260W,0,0.095508546,0.23540036380290985,0.7773360013961792,0.25415247678756714
YLR105C,YBR223C,0,0.09548779,0.2353295236825943,0.7773360013961792,0.254252552986145
YER018C,YGL216W,0,0.09501624,0.23525872826576233,0.7773360013961792,0.2543525993824005
YBR228W,YJR019C,0,0.094689146,0.23518796265125275,0.7773360013961792,0.2544526755809784
YJR055W,YNL178W,0,0.094253644,0.23511725664138794,0.7773360013961792,0.2545527219772339
YFR025C,YPR029C,0,0.09412001,0.2350465953350067,0.7773360013961792,0.25465279817581177
YPL228W,YLR323C,0,0.09399249,0.23497596383094788,0.7773360013961792,0.25475284457206726
YBR112C,YOL061W,0,0.09384367,0.23490537703037262,0.7773360013961792,0.25485292077064514
YFR009W,YNL032W,0,0.09372771,0.23483483493328094,0.7773360013961792,0.25495296716690063
YPL112C,YLR333C,0,0.093403,0.23476433753967285,0.7773360013961792,0.2550530433654785
YLR426W,YIL170W,0,0.09324695,0.23469388484954834,0.7773360013961792,0.255153089761734
YBR022W,YLR401C,1,0.09323491,0.23492349684238434,0.7783300280570984,0.255153089761734
YEL043W,YDR123C,0,0.09323104,0.23485302925109863,0.7783300280570984,0.2552531659603119
YCL043C,YPL088W,0,0.09316327,0.2347826063632965,0.7783300280570984,0.2553532123565674
YCL024W,YGL144C,0,0.09301297,0.23471222817897797,0.7783300280570984,0.2554532587528229
YAL022C,YGL027C,0,0.092946574,0.234641894698143,0.7783300280570984,0.25555333495140076
YNL044W,YPL283C,0,0.092770055,0.23457160592079163,0.7783300280570984,0.25565338134765625
YKR100C,YOR336W,0,0.09249261,0.23450134694576263,0.7783300280570984,0.25575345754623413
YGR120C,YDL039C,0,0.09246595,0.23443113267421722,0.7783300280570984,0.2558535039424896
YDR144C,YNL068C,0,0.09163593,0.2343609631061554,0.7783300280570984,0.2559535801410675
YNR036C,YMR315W,0,0.091200605,0.23429083824157715,0.7783300280570984,0.256053626537323
YOL001W,YDR196C,0,0.091159835,0.23422075808048248,0.7783300280570984,0.2561537027359009
YKL126W,YKL168C,0,0.09115788,0.2341507226228714,0.7783300280570984,0.25625374913215637
YLL018C,YOR130C,0,0.0911389,0.2340807169675827,0.7783300280570984,0.25635382533073425
YGL105W,YKL069W,0,0.09113105,0.2340107560157776,0.7783300280570984,0.25645387172698975
YKL194C,YOL078W,0,0.0910732,0.23394083976745605,0.7783300280570984,0.25655391812324524
YGR231C,YOR275C,0,0.09090245,0.2338709682226181,0.7783300280570984,0.2566539943218231
YER055C,YOR253W,0,0.09083393,0.23380114138126373,0.7783300280570984,0.2567540407180786
YDR227W,YLR193C,0,0.090697244,0.23373134434223175,0.7783300280570984,0.2568541169166565
YOR022C,YKL091C,0,0.090615705,0.23366159200668335,0.7783300280570984,0.256954163312912
YGR257C,YDR186C,0,0.090414196,0.23359188437461853,0.7783300280570984,0.25705423951148987
YGR266W,YNR028W,0,0.08989219,0.2335222214460373,0.7783300280570984,0.25715428590774536
YAL043C,YOR243C,1,0.08954787,0.23375074565410614,0.7793240547180176,0.25715428590774536
YLR431C,YMR013C,0,0.08954543,0.2336810678243637,0.7793240547180176,0.25725436210632324
YHR157W,YLR413W,0,0.08934675,0.23361144959926605,0.7793240547180176,0.25735440850257874
YNR037C,YBR243C,0,0.0890062,0.2335418462753296,0.7793240547180176,0.2574544847011566
YMR296C,YNL008C,0,0.08883631,0.2334723025560379,0.7793240547180176,0.2575545310974121
YER015W,YMR276W,0,0.088523865,0.2334028035402298,0.7793240547180176,0.25765460729599
YGL093W,YDR210W,0,0.08828871,0.23333333432674408,0.7793240547180176,0.2577546536922455
YOL093W,YAL043C,1,0.08820219,0.2335614413022995,0.7803180813789368,0.2577546536922455
YMR213W,YDR237W,0,0.0882017,0.23349197208881378,0.7803180813789368,0.257854700088501
YDR196C,YHR080C,0,0.08815752,0.23342253267765045,0.7803180813789368,0.25795477628707886
YBL008W,YIL020C,0,0.08807483,0.2333531528711319,0.7803180813789368,0.25805482268333435
YDR146C,YNR053C,0,0.08781457,0.23328380286693573,0.7803180813789368,0.25815489888191223
YOR141C,YNL111C,0,0.08743496,0.23321449756622314,0.7803180813789368,0.2582549452781677
YDR135C,YBR215W,0,0.08712153,0.23314523696899414,0.7803180813789368,0.2583550214767456
YKL092C,YDR281C,0,0.08705349,0.23307600617408752,0.7803180813789368,0.2584550678730011
YOR035C,YMR180C,0,0.08679964,0.2330068200826645,0.7803180813789368,0.258555144071579
YOR274W,YAL014C,0,0.08667265,0.23293767869472504,0.7803180813789368,0.2586551904678345
YKR089C,YBL058W,0,0.08665548,0.23286858201026917,0.7803180813789368,0.25875526666641235
YNL323W,YGR186W,0,0.086609825,0.23279953002929688,0.7803180813789368,0.25885531306266785
YPL099C,YGL048C,0,0.08648364,0.23273050785064697,0.7803180813789368,0.25895535945892334
YIL011W,YLR330W,0,0.08624609,0.23266153037548065,0.7803180813789368,0.2590554356575012
YDR468C,YOR377W,0,0.08608168,0.2325925976037979,0.7803180813789368,0.2591554820537567
YOR005C,YGL112C,0,0.08577676,0.23252369463443756,0.7803180813789368,0.2592555582523346
YMR286W,YNL030W,0,0.08573827,0.2324548363685608,0.7803180813789368,0.2593556046485901
YJR036C,YBL085W,0,0.085410714,0.2323860228061676,0.7803180813789368,0.25945568084716797
YGR202C,YNL153C,0,0.08529092,0.232317253947258,0.7803180813789368,0.25955572724342346
YIL114C,YFL024C,0,0.085190505,0.23224851489067078,0.7803180813789368,0.25965580344200134
YNL090W,YHR201C,0,0.085089535,0.23217983543872833,0.7803180813789368,0.25975584983825684
YBR161W,YJL042W,0,0.0848773,0.23211117088794708,0.7803180813789368,0.2598559260368347
YMR244C-A,YCR088W,0,0.084682986,0.2320425659418106,0.7803180813789368,0.2599559724330902
YFR004W,YDL194W,0,0.08448379,0.23197399079799652,0.7803180813789368,0.2600560188293457
YFR027W,YJR095W,0,0.084371656,0.23190546035766602,0.7803180813789368,0.2601560950279236
YER144C,YGL085W,0,0.08414298,0.2318369746208191,0.7803180813789368,0.2602561414241791
YNL154C,YML096W,0,0.08399899,0.23176853358745575,0.7803180813789368,0.26035621762275696
YJL004C,YOR303W,0,0.08399753,0.2317001223564148,0.7803180813789368,0.26045626401901245
YGR074W,YOR271C,0,0.083695814,0.23163175582885742,0.7803180813789368,0.26055634021759033
YBR271W,YGL226C-A,0,0.08348198,0.23156341910362244,0.7803180813789368,0.2606563866138458
YJR050W,YPL010W,0,0.08334054,0.23149512708187103,0.7803180813789368,0.2607564628124237
YHR205W,YDR367W,0,0.08299352,0.2314268797636032,0.7803180813789368,0.2608565092086792
YIR019C,YJL005W,0,0.08281037,0.23135867714881897,0.7803180813789368,0.2609565854072571
YGL148W,YLR024C,0,0.082727894,0.2312905192375183,0.7803180813789368,0.2610566318035126
YGR074W,YNL290W,0,0.082691565,0.23122239112854004,0.7803180813789368,0.26115670800209045
YGR206W,YNL247W,0,0.08256668,0.23115429282188416,0.7803180813789368,0.26125675439834595
YDR178W,YML118W,0,0.08246596,0.23108625411987305,0.7803180813789368,0.26135680079460144
YHR128W,YER060W-A,0,0.08221774,0.23101824522018433,0.7803180813789368,0.2614568769931793
YGR169C,YER168C,1,0.0821017,0.23124448955059052,0.781312108039856,0.2614568769931793
YPR199C,YPL161C,0,0.081958085,0.2311764657497406,0.781312108039856,0.2615569233894348
YDL105W,YKL055C,0,0.08098708,0.23110850155353546,0.781312108039856,0.2616569995880127
YOL075C,YKR075C,0,0.08083825,0.2310405671596527,0.781312108039856,0.2617570459842682
YJL063C,YLR308W,0,0.0805317,0.23097267746925354,0.781312108039856,0.26185712218284607
YOR030W,YNL147W,0,0.08042844,0.23090481758117676,0.781312108039856,0.26195716857910156
YOL034W,YCR024C-A,0,0.080297425,0.23083700239658356,0.781312108039856,0.26205724477767944
YDR043C,YML052W,0,0.08016609,0.23076923191547394,0.781312108039856,0.26215729117393494
YDR255C,YGL208W,0,0.080152884,0.2307014912366867,0.781312108039856,0.2622573673725128
YML058W,YLR314C,0,0.080103666,0.23063381016254425,0.781312108039856,0.2623574137687683
YLR004C,YEL018W,0,0.079794094,0.230566143989563,0.781312108039856,0.2624574601650238
YNL082W,YPR107C,0,0.0797015,0.2304985374212265,0.781312108039856,0.2625575363636017
YJL059W,YER069W,0,0.07953678,0.2304309606552124,0.781312108039856,0.2626575827598572
YDL105W,YOL027C,0,0.078947976,0.23036342859268188,0.781312108039856,0.26275765895843506
YPL234C,YFL050C,0,0.078408256,0.23029592633247375,0.781312108039856,0.26285770535469055
YOL148C,YGL256W,0,0.0783225,0.2302284687757492,0.781312108039856,0.26295778155326843
YKL120W,YNR028W,0,0.07772036,0.23016105592250824,0.781312108039856,0.2630578279495239
YPR029C,YGL085W,0,0.07762858,0.23009367287158966,0.781312108039856,0.2631579041481018
YKR103W,YFR021W,0,0.07752089,0.23002633452415466,0.781312108039856,0.2632579505443573
YBL041W,YMR060C,0,0.07736269,0.22995904088020325,0.781312108039856,0.2633580267429352
YLR369W,YMR300C,0,0.07717635,0.22989177703857422,0.781312108039856,0.2634580731391907
YLR425W,YPR171W,0,0.07717554,0.22982455790042877,0.781312108039856,0.26355814933776855
YML052W,YFL021W,0,0.07704009,0.2297573834657669,0.781312108039856,0.26365819573402405
YGR023W,YML057W,0,0.07685827,0.22969023883342743,0.781312108039856,0.26375824213027954
YDR170C,YER155C,0,0.07612383,0.22962313890457153,0.781312108039856,0.2638583183288574
YBL040C,YLR132C,0,0.076098666,0.22955606877803802,0.781312108039856,0.2639583647251129
YPL112C,YOR328W,0,0.07545151,0.2294890582561493,0.781312108039856,0.2640584409236908
YML051W,YPR101W,0,0.07518585,0.22942206263542175,0.781312108039856,0.2641584873199463
YMR193W,YOR195W,0,0.07471828,0.229355126619339,0.781312108039856,0.26425856351852417
YPL030W,YDL066W,0,0.07458474,0.2292882204055786,0.781312108039856,0.26435860991477966
YAL011W,YLR034C,0,0.074517205,0.22922134399414062,0.781312108039856,0.26445868611335754
YIL083C,YDR363W,0,0.0744552,0.22915451228618622,0.781312108039856,0.26455873250961304
YFR025C,YJL087C,0,0.07440694,0.2290877252817154,0.781312108039856,0.2646588087081909
YCL026C-A,YBR004C,0,0.07440387,0.22902098298072815,0.781312108039856,0.2647588551044464
YLL017W,YNL273W,0,0.07419391,0.2289542704820633,0.781312108039856,0.2648589015007019
YML096W,YJR052W,0,0.07376717,0.22888758778572083,0.781312108039856,0.2649589776992798
YEL040W,YLR382C,0,0.07363589,0.22882096469402313,0.781312108039856,0.2650590240955353
YDR143C,YLR135W,0,0.073210314,0.22875437140464783,0.781312108039856,0.26515910029411316
YKR072C,YJL209W,0,0.07320748,0.2286878079175949,0.781312108039856,0.26525914669036865
YGR276C,YOR138C,0,0.07312806,0.22862128913402557,0.781312108039856,0.26535922288894653
YMR238W,YBR065C,0,0.07295483,0.22855481505393982,0.781312108039856,0.265459269285202
YGR128C,YER071C,0,0.07252139,0.22848837077617645,0.781312108039856,0.2655593454837799
YLL045C,YBL084C,0,0.07250832,0.22842197120189667,0.781312108039856,0.2656593918800354
YEL048C,YDR451C,0,0.07233544,0.22835560142993927,0.781312108039856,0.2657594680786133
YGL134W,YGR261C,0,0.0721056,0.22828927636146545,0.781312108039856,0.2658595144748688
YMR193W,YBR020W,0,0.072102115,0.22822299599647522,0.781312108039856,0.26595956087112427
YMR156C,YER075C,0,0.07202284,0.22815674543380737,0.781312108039856,0.26605963706970215
YFL005W,YER042W,0,0.07195471,0.2280905395746231,0.781312108039856,0.26615968346595764
YNL199C,YIL177C,0,0.07188301,0.22802436351776123,0.781312108039856,0.2662597596645355
YER138C,YLL051C,0,0.07188241,0.22795823216438293,0.781312108039856,0.266359806060791
YDR324C,YDL247W,0,0.07175408,0.22789214551448822,0.781312108039856,0.2664598822593689
YJR017C,YNL297C,0,0.07174836,0.2278260886669159,0.781312108039856,0.2665599286556244
YGL029W,YGL115W,0,0.071638286,0.22776007652282715,0.781312108039856,0.26666000485420227
YGR181W,YBR229C,0,0.071376756,0.2276940941810608,0.781312108039856,0.26676005125045776
YIL142W,YER017C,0,0.07132399,0.22762815654277802,0.781312108039856,0.26686012744903564
YBR095C,YLR005W,0,0.071156025,0.22756224870681763,0.781312108039856,0.26696017384529114
YNL273W,YMR177W,0,0.071054876,0.22749638557434082,0.781312108039856,0.267060250043869
YDR004W,YHR063C,0,0.07103805,0.2274305522441864,0.781312108039856,0.2671602964401245
YJR027W,YCR035C,0,0.070831284,0.22736476361751556,0.781312108039856,0.26726034283638
YDR310C,YPL024W,0,0.070681006,0.2272990196943283,0.781312108039856,0.2673604190349579
YML091C,YMR283C,1,0.070677176,0.22752240300178528,0.7823061347007751,0.2673604190349579
YNL053W,YNL044W,0,0.07042205,0.22745664417743683,0.7823061347007751,0.2674604654312134
YOL010W,YDL220C,0,0.070417985,0.22739093005657196,0.7823061347007751,0.26756054162979126
YDR221W,YDR384C,0,0.07028963,0.22732524573802948,0.7823061347007751,0.26766058802604675
YMR170C,YCR030C,0,0.07019967,0.22725960612297058,0.7823061347007751,0.26776066422462463
YPR034W,YOR030W,0,0.07005696,0.22719399631023407,0.7823061347007751,0.2678607106208801
YGL087C,YNL103W,0,0.07004781,0.22712843120098114,0.7823061347007751,0.267960786819458
YIL002C,YFR045W,0,0.06995511,0.2270628958940506,0.7823061347007751,0.2680608332157135
YGR060W,YNR019W,0,0.06929846,0.22699740529060364,0.7823061347007751,0.2681609094142914
YNL328C,YLR263W,0,0.06908922,0.22693194448947906,0.7823061347007751,0.2682609558105469
YEL031W,YLR242C,0,0.0690818,0.22686652839183807,0.7823061347007751,0.26836100220680237
YBL091C,YMR272C,0,0.06890054,0.22680115699768066,0.7823061347007751,0.26846107840538025
YNL029C,YGL238W,0,0.06856862,0.22673581540584564,0.7823061347007751,0.26856112480163574
YGR144W,YOR355W,0,0.06828064,0.226670503616333,0.7823061347007751,0.2686612010002136
YLR118C,YAL002W,0,0.0682767,0.22660523653030396,0.7823061347007751,0.2687612473964691
YKR079C,YMR047C,1,0.06811023,0.22682785987854004,0.7833002209663391,0.2687612473964691
YIR033W,YHR111W,0,0.067989126,0.226762592792511,0.7833002209663391,0.268861323595047
YHR034C,YDL100C,0,0.06745255,0.22669735550880432,0.7833002209663391,0.2689613699913025
YJL091C,YOL021C,0,0.06744866,0.22663214802742004,0.7833002209663391,0.26906144618988037
YJR022W,YDR378C,1,0.06741901,0.22685451805591583,0.7842942476272583,0.26906144618988037
YMR058W,YER032W,0,0.06736612,0.22678931057453156,0.7842942476272583,0.26916149258613586
YJL225C,YOR279C,0,0.0671877,0.22672413289546967,0.7842942476272583,0.26926156878471375
YBR278W,YNL054W,0,0.0671054,0.22665899991989136,0.7842942476272583,0.26936161518096924
YBR221C,YDR294C,0,0.06695309,0.22659391164779663,0.7842942476272583,0.2694616913795471
YBR106W,YGR278W,0,0.06656961,0.2265288531780243,0.7842942476272583,0.2695617377758026
YJL168C,YKL062W,0,0.06640448,0.22646383941173553,0.7842942476272583,0.2696617841720581
YLR226W,YER129W,0,0.06605668,0.22639885544776917,0.7842942476272583,0.269761860370636
YGR281W,YPL227C,0,0.06564431,0.22633390128612518,0.7842942476272583,0.2698619067668915
YIL014W,YMR101C,0,0.06512348,0.22626899182796478,0.7842942476272583,0.26996198296546936
YGL060W,YNL008C,0,0.06499775,0.22620412707328796,0.7842942476272583,0.27006202936172485
YGL244W,YDR410C,0,0.06474562,0.22613929212093353,0.7842942476272583,0.27016210556030273
YKR053C,YER093C,0,0.064610064,0.22607450187206268,0.7842942476272583,0.2702621519565582
YLL027W,YLR145W,0,0.063775405,0.22600974142551422,0.7842942476272583,0.2703622281551361
YER018C,YDR211W,0,0.06357506,0.22594501078128815,0.7842942476272583,0.2704622745513916
YLR376C,YOR056C,0,0.063433066,0.22588032484054565,0.7842942476272583,0.2705623507499695
YDR463W,YJL035C,1,0.063222155,0.22610189020633698,0.7852882742881775,0.2705623507499695
YPL005W,YNR015W,0,0.062475458,0.2260371893644333,0.7852882742881775,0.270662397146225
YPL049C,YNL197C,0,0.062350795,0.22597253322601318,0.7852882742881775,0.27076244354248047
YDR058C,YDL024C,0,0.06231381,0.22590792179107666,0.7852882742881775,0.27086251974105835
YKL139W,YJL012C,0,0.061405614,0.22584334015846252,0.7852882742881775,0.27096256613731384
YGR249W,YOR132W,0,0.061233632,0.22577878832817078,0.7852882742881775,0.2710626423358917
YHR194W,YOR232W,0,0.061134174,0.2257142812013626,0.7852882742881775,0.2711626887321472
YBR167C,YBL018C,1,0.06087616,0.2259354442358017,0.7862823009490967,0.2711626887321472
YNL065W,YBL097W,0,0.060870647,0.22587093710899353,0.7862823009490967,0.2712627649307251
YKL087C,YER143W,0,0.06080021,0.22580644488334656,0.7862823009490967,0.2713628113269806
YCR097W,YER139C,0,0.060667343,0.22574201226234436,0.7862823009490967,0.27146288752555847
YLR026C,YLR157C,0,0.06025009,0.22567760944366455,0.7862823009490967,0.27156293392181396
YPL083C,YBL042C,0,0.060131714,0.22561323642730713,0.7862823009490967,0.27166301012039185
YLL031C,YNL164C,0,0.060122952,0.2255489081144333,0.7862823009490967,0.27176305651664734
YMR200W,YJL134W,0,0.059603438,0.22548460960388184,0.7862823009490967,0.2718631327152252
YDR165W,YHR006W,1,0.05958529,0.2257053256034851,0.7872763276100159,0.2718631327152252
YDR438W,YMR014W,0,0.059490725,0.22564102709293365,0.7872763276100159,0.2719631791114807
YOR190W,YIL038C,0,0.059314743,0.2255767583847046,0.7872763276100159,0.2720632255077362
YGR060W,YPL275W,0,0.059293516,0.2255125343799591,0.7872763276100159,0.2721633017063141
YNL318C,YDR351W,0,0.059175536,0.225448340177536,0.7872763276100159,0.2722633481025696
YJL002C,YBR104W,0,0.058931336,0.2253841757774353,0.7872763276100159,0.27236342430114746
YFL023W,YJR101W,0,0.058628425,0.22532005608081818,0.7872763276100159,0.27246347069740295
YKL161C,YKL055C,0,0.058625586,0.22525596618652344,0.7872763276100159,0.27256354689598083
YOR159C,YLR229C,0,0.05849904,0.22519192099571228,0.7872763276100159,0.27266359329223633
YOR059C,YCL057W,0,0.05844128,0.2251279205083847,0.7872763276100159,0.2727636694908142
YLR216C,YNL117W,0,0.058256328,0.22506393492221832,0.7872763276100159,0.2728637158870697
YJL024C,YLR307W,0,0.0581806,0.22499999403953552,0.7872763276100159,0.2729637920856476
YER052C,YIL046W,0,0.058096215,0.2249360978603363,0.7872763276100159,0.2730638384819031
YNR030W,YGL231C,0,0.05790335,0.22487223148345947,0.7872763276100159,0.27316388487815857
YNL035C,YAL026C,0,0.057770282,0.22480839490890503,0.7872763276100159,0.27326396107673645
YGR024C,YLR367W,0,0.057761908,0.22474460303783417,0.7872763276100159,0.27336400747299194
YKL205W,YMR023C,1,0.057756916,0.22496454417705536,0.7882703542709351,0.27336400747299194
YJL208C,YBR083W,0,0.0574203,0.2249007374048233,0.7882703542709351,0.2734640836715698
YDR051C,YLR103C,0,0.05741313,0.22483697533607483,0.7882703542709351,0.2735641300678253
YOR142W,YER042W,0,0.057131514,0.22477324306964874,0.7882703542709351,0.2736642062664032
YGR034W,YIL130W,0,0.056247056,0.22470955550670624,0.7882703542709351,0.2737642526626587
YER151C,YPL040C,0,0.05621794,0.22464589774608612,0.7882703542709351,0.2738643288612366
YMR008C,YDL106C,0,0.056177378,0.2245822697877884,0.7882703542709351,0.27396437525749207
YJL066C,YDR131C,0,0.056131154,0.22451868653297424,0.7882703542709351,0.27406445145606995
YNL035C,YPR131C,0,0.055923983,0.22445513308048248,0.7882703542709351,0.27416449785232544
YLR277C,YLR382C,0,0.05560512,0.2243916243314743,0.7882703542709351,0.27426454424858093
YNL236W,YPR112C,0,0.05560325,0.2243281453847885,0.7882703542709351,0.2743646204471588
YKR102W,YDR499W,0,0.05554858,0.2242647111415863,0.7882703542709351,0.2744646668434143
YGL073W,YMR288W,0,0.05544503,0.22420130670070648,0.7882703542709351,0.2745647430419922
YOR110W,YMR203W,0,0.055195436,0.22413793206214905,0.7882703542709351,0.2746647894382477
YGL175C,YDR352W,0,0.05508352,0.2240746021270752,0.7882703542709351,0.27476486563682556
YLR431C,YKL015W,0,0.05502434,0.22401130199432373,0.7882703542709351,0.27486491203308105
YBR010W,YLR182W,0,0.054467782,0.22394803166389465,0.7882703542709351,0.27496498823165894
YBL087C,YOR371C,0,0.054315463,0.22388480603694916,0.7882703542709351,0.27506503462791443
YLR447C,YPL203W,0,0.05427964,0.22382162511348724,0.7882703542709351,0.2751651108264923
YCR023C,YLR052W,0,0.054255426,0.22375845909118652,0.7882703542709351,0.2752651572227478
YBR133C,YJL054W,0,0.053860888,0.22369535267353058,0.7882703542709351,0.2753652334213257
YBR276C,YGR032W,0,0.05366294,0.22363226115703583,0.7882703542709351,0.2754652798175812
YGL162W,YKR045C,0,0.053622216,0.22356921434402466,0.7882703542709351,0.27556532621383667
YDR260C,YPR106W,0,0.053457752,0.22350619733333588,0.7882703542709351,0.27566540241241455
YKR002W,YPR133C,0,0.053407088,0.22344322502613068,0.7882703542709351,0.27576544880867004
YBR153W,YMR134W,0,0.053324685,0.22338028252124786,0.7882703542709351,0.2758655250072479
YJL060W,YGR167W,0,0.05330579,0.22331736981868744,0.7882703542709351,0.2759655714035034
YGR060W,YOR145C,0,0.053122565,0.2232545018196106,0.7882703542709351,0.2760656476020813
YMR113W,YPR171W,0,0.05285354,0.22319166362285614,0.7882703542709351,0.2761656939983368
YNR017W,YLR007W,0,0.05268289,0.22312887012958527,0.7882703542709351,0.2762657701969147
YLR359W,YER157W,0,0.052653387,0.22306610643863678,0.7882703542709351,0.27636581659317017
YIL062C,YDR131C,0,0.05239457,0.22300337255001068,0.7882703542709351,0.27646589279174805
YML098W,YLR348C,0,0.052159347,0.22294068336486816,0.7882703542709351,0.27656593918800354
YDR389W,YLR165C,0,0.05211673,0.22287802398204803,0.7882703542709351,0.27666598558425903
YPR180W,YDR211W,0,0.051479563,0.2228153944015503,0.7882703542709351,0.2767660617828369
YLL041C,YDL142C,0,0.05144541,0.22275280952453613,0.7882703542709351,0.2768661081790924
YGL070C,YNL190W,0,0.05106785,0.22269025444984436,0.7882703542709351,0.2769661843776703
YIR031C,YKL041W,0,0.050382167,0.22262774407863617,0.7882703542709351,0.2770662307739258
YPL192C,YIL018W,0,0.050163314,0.22256524860858917,0.7882703542709351,0.27716630697250366
YDR016C,YOL029C,0,0.04929787,0.22250281274318695,0.7882703542709351,0.27726635336875916
YMR038C,YBR195C,0,0.048983775,0.22244039177894592,0.7882703542709351,0.27736642956733704
YIL053W,YMR227C,0,0.048854217,0.22237801551818848,0.7882703542709351,0.27746647596359253
YJL092W,YPL213W,0,0.048492596,0.22231566905975342,0.7882703542709351,0.2775665521621704
YGR096W,YJR109C,0,0.048478402,0.22225336730480194,0.7882703542709351,0.2776665985584259
YIR015W,YHR006W,1,0.048264876,0.22247128188610077,0.789264440536499,0.2776665985584259
YOR106W,YDR497C,0,0.048147343,0.2224089652299881,0.789264440536499,0.2777666747570038
YKL174C,YBR180W,0,0.048141986,0.22234667837619781,0.789264440536499,0.2778667211532593
YOR272W,YJL030W,0,0.048083022,0.2222844362258911,0.789264440536499,0.27796676754951477
YMR193W,YDR026C,0,0.04802257,0.2222222238779068,0.789264440536499,0.27806684374809265
YMR288W,YNL270C,0,0.048012972,0.22216004133224487,0.789264440536499,0.27816689014434814
YLR376C,YDR184C,0,0.047895804,0.22209790349006653,0.789264440536499,0.278266966342926
YDR446W,YPL183C,0,0.047817513,0.22203579545021057,0.789264440536499,0.2783670127391815
YPR066W,YDR364C,0,0.04777728,0.221973717212677,0.789264440536499,0.2784670889377594
YIL144W,YMR192W,0,0.04764691,0.22191168367862701,0.789264440536499,0.2785671353340149
YOL144W,YBR078W,0,0.047585614,0.22184967994689941,0.789264440536499,0.2786672115325928
YHR026W,YGR251W,0,0.047470078,0.2217877060174942,0.789264440536499,0.27876725792884827
YDR468C,YJL012C,0,0.046643883,0.22172577679157257,0.789264440536499,0.27886733412742615
YBL018C,YCL017C,1,0.04625447,0.22194305062294006,0.7902584671974182,0.27886733412742615
YHR004C,YNR032W,0,0.04608225,0.22188110649585724,0.7902584671974182,0.27896738052368164
YAL032C,YJL050W,0,0.04604931,0.2218191921710968,0.7902584671974182,0.27906742691993713
YBR293W,YEL046C,0,0.045805722,0.22175732254981995,0.7902584671974182,0.279167503118515
YER081W,YLR102C,0,0.045412198,0.22169548273086548,0.7902584671974182,0.2792675495147705
YNL271C,YML102W,0,0.044950493,0.2216336727142334,0.7902584671974182,0.2793676257133484
YPL088W,YPL087W,0,0.044573903,0.2215719074010849,0.7902584671974182,0.2794676721096039
YEL006W,YJL112W,0,0.044148162,0.2215101718902588,0.7902584671974182,0.27956774830818176
YML032C,YGL062W,0,0.044035897,0.22144846618175507,0.7902584671974182,0.27966779470443726
YDR452W,YGR070W,0,0.043594718,0.22138680517673492,0.7902584671974182,0.27976787090301514
YGR169C,YGL211W,1,0.043423012,0.22160355746746063,0.7912524938583374,0.27976787090301514
YGL231C,YHR170W,0,0.04339677,0.2215418815612793,0.7912524938583374,0.27986791729927063
YNL261W,YPL058C,0,0.043348446,0.22148025035858154,0.7912524938583374,0.2799679934978485
YKR083C,YDR381W,0,0.043265715,0.22141863405704498,0.7912524938583374,0.280068039894104
YGL115W,YKR055W,0,0.043258384,0.221357062458992,0.7912524938583374,0.2801680862903595
YNL067W,YER052C,0,0.043253615,0.2212955206632614,0.7912524938583374,0.2802681624889374
YPL030W,YDR437W,0,0.042910494,0.2212340235710144,0.7912524938583374,0.28036820888519287
YNL256W,YKL046C,0,0.042792685,0.2211725413799286,0.7912524938583374,0.28046828508377075
YDR200C,YER115C,0,0.042753123,0.22111110389232635,0.7912524938583374,0.28056833148002625
YKL020C,YIL061C,0,0.042752817,0.2210497111082077,0.7912524938583374,0.2806684076786041
YHR002W,YDR352W,0,0.042553008,0.22098833322525024,0.7912524938583374,0.2807684540748596
YNL259C,YMR227C,0,0.042300805,0.22092700004577637,0.7912524938583374,0.2808685302734375
YBL112C,YOR371C,0,0.042194314,0.22086571156978607,0.7912524938583374,0.280968576669693
YDR111C,YLR305C,0,0.04165876,0.22080443799495697,0.7912524938583374,0.2810686528682709
YJL206C,YDR430C,0,0.041276857,0.22074320912361145,0.7912524938583374,0.28116869926452637
YGL184C,YLR352W,0,0.04119073,0.22068201005458832,0.7912524938583374,0.28126877546310425
YNL172W,YLR210W,0,0.04048875,0.22062084078788757,0.7912524938583374,0.28136882185935974
YMR065W,YLL029W,0,0.040450737,0.2205597162246704,0.7912524938583374,0.28146886825561523
YFL052W,YDR371W,0,0.04037513,0.22049862146377563,0.7912524938583374,0.2815689444541931
YLR194C,YDR323C,0,0.040350363,0.22043755650520325,0.7912524938583374,0.2816689908504486
YGL065C,YKL155C,0,0.040301055,0.22037652134895325,0.7912524938583374,0.2817690670490265
YPR199C,YNL270C,0,0.040272146,0.22031553089618683,0.7912524938583374,0.281869113445282
YBL009W,YIR021W,0,0.040046707,0.2202545702457428,0.7912524938583374,0.28196918964385986
YNL071W,YJR019C,0,0.03921677,0.22019363939762115,0.7912524938583374,0.28206923604011536
YAL022C,YDL039C,0,0.03908813,0.2201327383518219,0.7912524938583374,0.28216931223869324
YGR296W,YLR424W,0,0.038601935,0.22007188200950623,0.7912524938583374,0.28226935863494873
YOR271C,YHR132C,0,0.03795837,0.22001105546951294,0.7912524938583374,0.2823694348335266
YBL038W,YCL051W,0,0.03755737,0.21995025873184204,0.7912524938583374,0.2824694812297821
YPL209C,YDL012C,0,0.037366137,0.21988950669765472,0.7912524938583374,0.2825695276260376
YLR024C,YOL089C,0,0.037079625,0.2198287695646286,0.7912524938583374,0.2826696038246155
YKR045C,YDR422C,0,0.036802053,0.21976807713508606,0.7912524938583374,0.28276965022087097
YPL242C,YGL019W,0,0.036693655,0.2197074294090271,0.7912524938583374,0.28286972641944885
YMR121C,YHR088W,0,0.036464676,0.21964679658412933,0.7912524938583374,0.28296977281570435
YOR086C,YDR545W,0,0.036460333,0.21958620846271515,0.7912524938583374,0.2830698490142822
YDR004W,YDR497C,0,0.036450103,0.21952565014362335,0.7912524938583374,0.2831698954105377
YOL151W,YGL011C,0,0.035816364,0.21946512162685394,0.7912524938583374,0.2832699716091156
YHL013C,YDR254W,0,0.03570722,0.21940463781356812,0.7912524938583374,0.2833700180053711
YCL010C,YLR278C,0,0.035416916,0.21934416890144348,0.7912524938583374,0.283470094203949
YCR008W,YPR121W,0,0.034986213,0.21928374469280243,0.7912524938583374,0.28357014060020447
YGL030W,YGL226C-A,0,0.034712568,0.21922335028648376,0.7912524938583374,0.28367021679878235
YGL190C,YHR216W,0,0.03470911,0.21916300058364868,0.7912524938583374,0.28377026319503784
YNL116W,YGR081C,0,0.034619957,0.2191026657819748,0.7912524938583374,0.28387030959129333
YLR417W,YHL006C,0,0.034269504,0.21904237568378448,0.7912524938583374,0.2839703857898712
YPL001W,YDR020C,0,0.034217842,0.21898211538791656,0.7912524938583374,0.2840704321861267
YNL121C,YGR289C,0,0.033563197,0.21892188489437103,0.7912524938583374,0.2841705083847046
YOL093W,YGR024C,1,0.033351988,0.21913665533065796,0.7922465205192566,0.2841705083847046
YLL027W,YGL032C,0,0.03322968,0.21907640993595123,0.7922465205192566,0.2842705547809601
YOR198C,YJR019C,0,0.033025697,0.2190162092447281,0.7922465205192566,0.28437063097953796
YPL207W,YMR087W,1,0.03281109,0.2192307710647583,0.7932405471801758,0.28437063097953796
YMR076C,YOL130W,0,0.03245811,0.21917055547237396,0.7932405471801758,0.28447067737579346
YDL197C,YNL037C,0,0.032267466,0.2191103845834732,0.7932405471801758,0.28457075357437134
YGL098W,YIL049W,0,0.031969413,0.21905022859573364,0.7932405471801758,0.28467079997062683
YNL192W,YBR236C,0,0.031865537,0.21899011731147766,0.7932405471801758,0.2847708761692047
YLR380W,YJR109C,0,0.031677984,0.21893003582954407,0.7932405471801758,0.2848709225654602
YDR309C,YAL040C,0,0.03167537,0.21886999905109406,0.7932405471801758,0.2849709689617157
YEL040W,YPL023C,0,0.031530038,0.21880997717380524,0.7932405471801758,0.2850710451602936
YOR363C,YNL130C,0,0.03111288,0.21875,0.7932405471801758,0.2851710915565491
YOL090W,YCR052W,0,0.030733347,0.21869005262851715,0.7932405471801758,0.28527116775512695
YLR260W,YLL034C,0,0.03028883,0.2186301350593567,0.7932405471801758,0.28537121415138245
YDR409W,YNR033W,0,0.030197449,0.21857024729251862,0.7932405471801758,0.2854712903499603
YHR060W,YHR014W,0,0.029912233,0.21851040422916412,0.7932405471801758,0.2855713367462158
YNL088W,YDL161W,0,0.029545322,0.21845059096813202,0.7932405471801758,0.2856714129447937
YOR115C,YHR073W,0,0.02936852,0.2183908075094223,0.7932405471801758,0.2857714593410492
YLR438C-A,YGL232W,1,0.029363357,0.2186046540737152,0.794234573841095,0.2857714593410492
YDR476C,YPR107C,0,0.029301077,0.2185448557138443,0.794234573841095,0.2858715355396271
YJL225C,YLR390W-A,0,0.029297158,0.21848510205745697,0.794234573841095,0.28597158193588257
YDR083W,YPR138C,0,0.029178426,0.21842536330223083,0.794234573841095,0.28607162833213806
YGR057C,YJL060W,0,0.02892588,0.21836566925048828,0.794234573841095,0.28617170453071594
YJL006C,YEL043W,0,0.028612413,0.21830600500106812,0.794234573841095,0.28627175092697144
YGL134W,YLR064W,0,0.028508589,0.21824638545513153,0.794234573841095,0.2863718271255493
YIL062C,YDL012C,0,0.028505296,0.21818678081035614,0.794234573841095,0.2864718735218048
YNL172W,YEL019C,0,0.028467283,0.21812722086906433,0.794234573841095,0.2865719497203827
YDR323C,YNL099C,0,0.028345771,0.2180676907300949,0.794234573841095,0.2866719961166382
YJR027W,YPR125W,0,0.027919695,0.21800819039344788,0.794234573841095,0.28677207231521606
YDR301W,YDR410C,0,0.027916431,0.21794871985912323,0.794234573841095,0.28687211871147156
YHR104W,YOL116W,0,0.027716115,0.21788927912712097,0.794234573841095,0.28697219491004944
YER115C,YCR020W-B,0,0.027438179,0.2178298830986023,0.794234573841095,0.28707224130630493
YER159C,YGL255W,0,0.027350336,0.217770516872406,0.794234573841095,0.2871723175048828
YMR218C,YLR449W,0,0.027033687,0.2177111655473709,0.794234573841095,0.2872723639011383
YHR183W,YDL077C,0,0.026617303,0.2176518589258194,0.794234573841095,0.2873724102973938
YIR026C,YDR030C,0,0.026416421,0.21759259700775146,0.794234573841095,0.2874724864959717
YOR321W,YDR528W,0,0.026383147,0.21753334999084473,0.794234573841095,0.2875725328922272
YCL011C,YCL001W,0,0.026307419,0.21747414767742157,0.794234573841095,0.28767260909080505
YDR137W,YKL029C,0,0.02564691,0.2174149602651596,0.794234573841095,0.28777265548706055
YIL002C,YPL016W,0,0.02549629,0.21735581755638123,0.794234573841095,0.2878727316856384
YOL093W,YOL017W,0,0.025453284,0.21729670464992523,0.794234573841095,0.2879727780818939
YBR257W,YDR261C,0,0.025320694,0.21723763644695282,0.794234573841095,0.2880728542804718
YMR237W,YNR035C,0,0.025175482,0.2171785831451416,0.794234573841095,0.2881729006767273
YML114C,YKL146W,0,0.025043368,0.21711955964565277,0.794234573841095,0.2882729768753052
YJL187C,YLL052C,0,0.024922282,0.21706058084964752,0.794234573841095,0.28837302327156067
YOL090W,YPR162C,0,0.024584472,0.21700163185596466,0.794234573841095,0.28847306966781616
YPL211W,YFL045C,0,0.02439563,0.2169427126646042,0.794234573841095,0.28857314586639404
YPR095C,YLR425W,0,0.024187922,0.2168838232755661,0.794234573841095,0.28867319226264954
YDL003W,YDR080W,0,0.02380436,0.2168249636888504,0.794234573841095,0.2887732684612274
YDL081C,YNR028W,0,0.023587063,0.2167661488056183,0.794234573841095,0.2888733148574829
YGL246C,YDR303C,0,0.023512036,0.21670734882354736,0.794234573841095,0.2889733910560608
YPL224C,YDL193W,0,0.023472846,0.21664859354496002,0.794234573841095,0.2890734374523163
YKR078W,YER023W,0,0.02299194,0.21658986806869507,0.794234573841095,0.28917351365089417
YOR189W,YOL154W,0,0.02272328,0.2165311723947525,0.794234573841095,0.28927356004714966
YPR075C,YCL004W,0,0.022683226,0.21647250652313232,0.794234573841095,0.28937363624572754
YOR032C,YJR044C,0,0.022561602,0.21641387045383453,0.794234573841095,0.28947368264198303
YOR363C,YBL052C,0,0.022382185,0.21635526418685913,0.794234573841095,0.2895737588405609
YDR135C,YOL060C,0,0.022111058,0.2162967026233673,0.794234573841095,0.2896738052368164
YLR384C,YDL006W,1,0.021806791,0.21650879085063934,0.7952286005020142,0.2896738052368164
YBR130C,YBL006C,0,0.021800831,0.21645021438598633,0.7952286005020142,0.2897738516330719
YDL102W,YMR319C,0,0.021372251,0.2163916677236557,0.7952286005020142,0.2898739278316498
YOR190W,YGL104C,0,0.021285802,0.21633315086364746,0.7952286005020142,0.2899739742279053
YIL037C,YJL054W,0,0.02110026,0.2162746638059616,0.7952286005020142,0.29007405042648315
YOR141C,YLR145W,0,0.020698622,0.21621622145175934,0.7952286005020142,0.29017409682273865
YGL023C,YNL138W,0,0.020670608,0.21615779399871826,0.7952286005020142,0.29027417302131653
YDR314C,YER008C,0,0.020408325,0.21609941124916077,0.7952286005020142,0.290374219417572
YDL189W,YDL103C,0,0.020321332,0.21604104340076447,0.7952286005020142,0.2904742956161499
YGL019W,YKL061W,0,0.020185858,0.21598272025585175,0.7952286005020142,0.2905743420124054
YER144C,YPR144C,0,0.019446246,0.2159244269132614,0.7952286005020142,0.2906744182109833
YGR296W,YGL207W,0,0.01943849,0.21586616337299347,0.7952286005020142,0.29077446460723877
YML005W,YDL033C,1,0.019344114,0.21607768535614014,0.7962226867675781,0.29077446460723877
YDR258C,YDR127W,0,0.019128248,0.2160194218158722,0.7962226867675781,0.29087451100349426
YPL137C,YOR196C,0,0.018752038,0.21596117317676544,0.7962226867675781,0.29097458720207214
YGL190C,YJL117W,0,0.018707,0.21590296924114227,0.7962226867675781,0.29107463359832764
YDR469W,YDR371W,0,0.018647805,0.2158447802066803,0.7962226867675781,0.2911747097969055
YOR284W,YDR191W,0,0.018562257,0.2157866358757019,0.7962226867675781,0.291274756193161
YLR324W,YPL161C,0,0.018440552,0.2157285213470459,0.7962226867675781,0.2913748323917389
YGR229C,YHL009C,0,0.018068627,0.21567043662071228,0.7962226867675781,0.2914748787879944
YIR033W,YPL140C,0,0.01794555,0.21561238169670105,0.7962226867675781,0.29157495498657227
YLR429W,YJL094C,0,0.017686293,0.2155543565750122,0.7962226867675781,0.29167500138282776
YAL055W,YLR135W,0,0.017669812,0.21549636125564575,0.7962226867675781,0.29177507758140564
YDR464W,YNL220W,0,0.017427593,0.21543841063976288,0.7962226867675781,0.29187512397766113
YLR084C,YNL048W,0,0.017389506,0.2153804749250412,0.7962226867675781,0.2919751703739166
YGL073W,YOR010C,0,0.01726143,0.2153225839138031,0.7962226867675781,0.2920752465724945
YHR098C,YDL209C,0,0.017238304,0.2152647078037262,0.7962226867675781,0.29217529296875
YOR380W,YLR059C,0,0.017146498,0.21520687639713287,0.7962226867675781,0.2922753691673279
YBR070C,YLR386W,0,0.017026924,0.21514907479286194,0.7962226867675781,0.2923754155635834
YLR105C,YER125W,1,0.016906291,0.21535982191562653,0.7972167134284973,0.2923754155635834
YOL141W,YAL020C,1,0.016803794,0.21557046473026276,0.7982107400894165,0.2923754155635834
YOL066C,YAL043C,1,0.016755402,0.21578100323677063,0.7992047667503357,0.2923754155635834
YLR264W,YJL200C,0,0.016614035,0.21572309732437134,0.7992047667503357,0.29247549176216125
YLR333C,YBR067C,0,0.01661186,0.21566523611545563,0.7992047667503357,0.29257553815841675
YJL178C,YOL006C,0,0.016016126,0.2156074047088623,0.7992047667503357,0.29267561435699463
YPL181W,YJR093C,0,0.015834667,0.21554960310459137,0.7992047667503357,0.2927756607532501
YHR108W,YKL127W,0,0.01578752,0.21549183130264282,0.7992047667503357,0.292875736951828
YKR022C,YDR206W,0,0.015782781,0.21543408930301666,0.7992047667503357,0.2929757833480835
YGL232W,YGL236C,1,0.015667424,0.2156442552804947,0.8001987934112549,0.2929757833480835
YER032W,YBL036C,0,0.015621871,0.21558649837970734,0.8001987934112549,0.2930758595466614
YNL328C,YCR069W,0,0.015131772,0.21552878618240356,0.8001987934112549,0.29317590594291687
YDR409W,YEL077C,0,0.014876753,0.215471088886261,0.8001987934112549,0.29327595233917236
YOR209C,YOL058W,0,0.014740974,0.215413436293602,0.8001987934112549,0.29337602853775024
YDL070W,YGL017W,0,0.014676794,0.2153557986021042,0.8001987934112549,0.29347607493400574
YGR125W,YCL039W,0,0.014523432,0.21529820561408997,0.8001987934112549,0.2935761511325836
YFL034C-A,YDR137W,0,0.014473572,0.21524064242839813,0.8001987934112549,0.2936761975288391
YGR169C,YNL282W,1,0.0144618,0.21545042097568512,0.8011928200721741,0.2936761975288391
YPL072W,YLR059C,0,0.014421046,0.2153928428888321,0.8011928200721741,0.293776273727417
YJR002W,YNL259C,0,0.014221579,0.21533529460430145,0.8011928200721741,0.2938763201236725
YDR262W,YMR133W,0,0.014155738,0.2152777761220932,0.8011928200721741,0.29397639632225037
YGL092W,YMR047C,1,0.013527371,0.2154873162508011,0.802186906337738,0.29397639632225037
YIL080W,YJL029C,0,0.013261922,0.21542979776859283,0.802186906337738,0.29407644271850586
YER072W,YJR118C,0,0.012754366,0.21537229418754578,0.802186906337738,0.29417651891708374
YPL262W,YIL069C,0,0.01259394,0.2153148353099823,0.802186906337738,0.29427656531333923
YBR279W,YLR105C,0,0.012560517,0.2152574062347412,0.802186906337738,0.2943766117095947
YDR382W,YMR319C,0,0.012553893,0.2152000069618225,0.802186906337738,0.2944766879081726
YIL162W,YDR099W,0,0.012136236,0.215142622590065,0.802186906337738,0.2945767343044281
YJL104W,YNL009W,0,0.0121290535,0.21508528292179108,0.802186906337738,0.294676810503006
YDR189W,YDR392W,0,0.011763021,0.21502797305583954,0.802186906337738,0.2947768568992615
YBL011W,YPL096W,0,0.011669368,0.2149706929922104,0.802186906337738,0.29487693309783936
YOL128C,YDR210W,0,0.0115751475,0.21491344273090363,0.802186906337738,0.29497697949409485
YDL084W,YNL021W,0,0.011562765,0.21485623717308044,0.802186906337738,0.29507705569267273
YDR222W,YPR061C,0,0.011309952,0.21479904651641846,0.802186906337738,0.2951771020889282
YPL020C,YGR207C,0,0.01110144,0.21474188566207886,0.802186906337738,0.2952771782875061
YNL182C,YOR388C,0,0.010998741,0.21468475461006165,0.802186906337738,0.2953772246837616
YCR038C,YHL027W,0,0.010868914,0.21462765336036682,0.802186906337738,0.2954773008823395
YBR115C,YDL104C,0,0.01082547,0.21457059681415558,0.802186906337738,0.29557734727859497
YOL116W,YDR176W,0,0.010667443,0.21451355516910553,0.802186906337738,0.29567739367485046
YKR079C,YDL033C,1,0.010624811,0.21472229063510895,0.8031809329986572,0.29567739367485046
YGR239C,YNR072W,0,0.010124654,0.2146652489900589,0.8031809329986572,0.29577746987342834
YDR348C,YGR082W,0,0.010021836,0.21460823714733124,0.8031809329986572,0.29587751626968384
YNR046W,YMR023C,1,0.009902582,0.21481677889823914,0.8041749596595764,0.29587751626968384
YCR063W,YBR223C,0,0.009485021,0.21475975215435028,0.8041749596595764,0.2959775924682617
YER122C,YNR028W,0,0.009459317,0.2147027552127838,0.8041749596595764,0.2960776388645172
YBR022W,YKL110C,1,0.009125441,0.21491111814975739,0.8051689863204956,0.2960776388645172
YNL241C,YKL096W,0,0.009060375,0.21485410630702972,0.8051689863204956,0.2961777150630951
YPR101W,YBL052C,0,0.008992314,0.21479713916778564,0.8051689863204956,0.2962777614593506
YLR028C,YBR222C,0,0.008976877,0.21474018692970276,0.8051689863204956,0.29637783765792847
YHR106W,YNL063W,0,0.008360609,0.21468327939510345,0.8051689863204956,0.29647788405418396
YGR177C,YLR138W,0,0.008306876,0.21462638676166534,0.8051689863204956,0.29657796025276184
YOR002W,YMR009W,0,0.008209333,0.21456953883171082,0.8051689863204956,0.29667800664901733
YLR056W,YDL220C,0,0.008205846,0.21451270580291748,0.8051689863204956,0.2967780530452728
YPL072W,YOR249C,0,0.008149669,0.21445591747760773,0.8051689863204956,0.2968781292438507
YDR196C,YCR073C,0,0.008106738,0.21439915895462036,0.8051689863204956,0.2969781756401062
YGL145W,YJR070C,0,0.008005798,0.2143424153327942,0.8051689863204956,0.2970782518386841
YCR060W,YEL004W,0,0.0077287257,0.2142857164144516,0.8051689863204956,0.2971782982349396
YDR092W,YBR188C,0,0.007654026,0.2142290472984314,0.8051689863204956,0.29727837443351746
YAL009W,YPR161C,0,0.0076483563,0.2141723930835724,0.8051689863204956,0.29737842082977295
YMR060C,YMR272C,0,0.0074515343,0.21411578357219696,0.8051689863204956,0.29747849702835083
YNL309W,YNL080C,0,0.0072477013,0.21405920386314392,0.8051689863204956,0.2975785434246063
YPR025C,YDR349C,0,0.0072312355,0.21400263905525208,0.8051689863204956,0.2976786196231842
YLR107W,YDR528W,0,0.00686951,0.2139461189508438,0.8051689863204956,0.2977786660194397
YHR205W,YMR238W,0,0.0068000704,0.21388962864875793,0.8051689863204956,0.2978787124156952
YBR115C,YOR191W,0,0.006620094,0.21383315324783325,0.8051689863204956,0.29797878861427307
YPL124W,YLR401C,0,0.006479338,0.21377672255039215,0.8051689863204956,0.29807883501052856
YGL189C,YGR003W,0,0.006101325,0.21372032165527344,0.8051689863204956,0.29817891120910645
YGL134W,YLR129W,0,0.0059432834,0.21366393566131592,0.8051689863204956,0.29827895760536194
YKR100C,YDR245W,0,0.0059259087,0.21360759437084198,0.8051689863204956,0.2983790338039398
YDR463W,YDL033C,1,0.0059174597,0.21381492912769318,0.8061630129814148,0.2983790338039398
YJL179W,YPR106W,0,0.0058583766,0.21375857293605804,0.8061630129814148,0.2984790802001953
YDR109C,YPL066W,0,0.0058408678,0.2137022465467453,0.8061630129814148,0.2985791563987732
YER071C,YHR205W,0,0.005809054,0.21364594995975494,0.8061630129814148,0.2986792027950287
YJR088C,YHR119W,0,0.0056445748,0.21358968317508698,0.8061630129814148,0.29877927899360657
YGR024C,YNL292W,1,0.0055271536,0.2137967348098755,0.807157039642334,0.29877927899360657
YPR183W,YPR114W,0,0.005521469,0.21374045312404633,0.807157039642334,0.29887932538986206
YDL022W,YLR205C,0,0.005404949,0.21368421614170074,0.807157039642334,0.29897940158843994
YOR087W,YNL230C,0,0.00538823,0.21362799406051636,0.807157039642334,0.29907944798469543
YGR056W,YJR006W,0,0.005058259,0.21357180178165436,0.807157039642334,0.2991794943809509
YPL175W,YOL116W,0,0.0049838424,0.21351563930511475,0.807157039642334,0.2992795705795288
YMR220W,YOR380W,0,0.004696682,0.21345952153205872,0.807157039642334,0.2993796169757843
YPL010W,YBL068W,0,0.004411496,0.21340341866016388,0.807157039642334,0.2994796931743622
YOL112W,YOL154W,0,0.004241094,0.21334734559059143,0.807157039642334,0.2995797395706177
YML039W,YJL181W,0,0.004208371,0.21329130232334137,0.807157039642334,0.29967981576919556
YGR132C,YBR281C,0,0.0037079006,0.2132352888584137,0.807157039642334,0.29977986216545105
YJL186W,YPL115C,0,0.0036823899,0.2131793051958084,0.807157039642334,0.29987993836402893
YFR027W,YNL284C,0,0.0034553707,0.2131233662366867,0.807157039642334,0.2999799847602844
YDR150W,YNL153C,0,0.0034160912,0.2130674421787262,0.807157039642334,0.3000800609588623
YNL220W,YMR229C,0,0.0033183545,0.21301154792308807,0.807157039642334,0.3001801073551178
YLR408C,YNL055C,0,0.003259182,0.21295568346977234,0.807157039642334,0.3002801537513733
YOL102C,YGL005C,0,0.002954267,0.212899848818779,0.807157039642334,0.30038022994995117
YDR293C,YDL097C,0,0.0027941614,0.21284404397010803,0.807157039642334,0.30048027634620667
YLR336C,YPL100W,0,0.002381727,0.21278825402259827,0.807157039642334,0.30058035254478455
YFL049W,YLR256W,0,0.0022169948,0.21273250877857208,0.807157039642334,0.30068039894104004
YER162C,YMR276W,0,0.0021622926,0.2126767933368683,0.807157039642334,0.3007804751396179
YJL069C,YKR020W,0,0.002153486,0.21262110769748688,0.807157039642334,0.3008805215358734
YLR330W,YOR128C,0,0.0020427853,0.21256545186042786,0.807157039642334,0.3009805977344513
YHR216W,YNL032W,0,0.0019438267,0.21250981092453003,0.807157039642334,0.3010806441307068
YGL058W,YBR279W,0,0.0019165128,0.21245421469211578,0.807157039642334,0.30118072032928467
YAL054C,YER169W,0,0.001636982,0.21239863336086273,0.807157039642334,0.30128076672554016
YKR027W,YAL056W,0,0.0015692264,0.21234309673309326,0.807157039642334,0.30138084292411804
YDR067C,YDR084C,0,0.0012518615,0.21228757500648499,0.807157039642334,0.30148088932037354
YBR290W,YCR030C,0,0.0012144819,0.2122320979833603,0.807157039642334,0.30158093571662903
YLR285W,YBR039W,0,0.0011962727,0.2121766358613968,0.807157039642334,0.3016810119152069
YDR430C,YNR002C,0,0.0011016577,0.21212121844291687,0.807157039642334,0.3017810583114624
YNR044W,YIR019C,0,0.0010318458,0.21206581592559814,0.807157039642334,0.3018811345100403
YPL164C,YPL027W,0,0.001007162,0.2120104432106018,0.807157039642334,0.3019811809062958
YCR023C,YOR028C,0,0.0004234314,0.21195510029792786,0.807157039642334,0.30208125710487366
YLR128W,YJL137C,0,-5.2683055e-05,0.2118997871875763,0.807157039642334,0.30218130350112915
YIL120W,YDL216C,0,-6.8083405e-05,0.21184450387954712,0.807157039642334,0.30228137969970703
YPR003C,YIL167W,0,-0.0002777353,0.21178925037384033,0.807157039642334,0.3023814260959625
YBR275C,YGL225W,0,-0.00063533336,0.21173402667045593,0.807157039642334,0.3024815022945404
YKR027W,YKR071C,0,-0.00074519217,0.21167883276939392,0.807157039642334,0.3025815486907959
YLR220W,YJR084W,0,-0.0009781271,0.2116236686706543,0.807157039642334,0.3026815950870514
YIL127C,YDR381W,0,-0.0011276528,0.21156851947307587,0.807157039642334,0.3027816712856293
YPR165W,YER157W,0,-0.0015781894,0.21151341497898102,0.807157039642334,0.30288171768188477
YLR107W,YJL197W,0,-0.0022158176,0.21145834028720856,0.807157039642334,0.30298179388046265
YER060W,YPR167C,0,-0.0023396611,0.2114032804965973,0.807157039642334,0.30308184027671814
YPL192C,YPL209C,0,-0.002445735,0.2113482505083084,0.807157039642334,0.303181916475296
YJL168C,YJL117W,0,-0.002524659,0.2112932652235031,0.807157039642334,0.3032819628715515
YLR138W,YAR003W,0,-0.002639398,0.211238294839859,0.807157039642334,0.3033820390701294
YOR187W,YIL170W,0,-0.0032405034,0.2111833542585373,0.807157039642334,0.3034820854663849
YML086C,YDR100W,0,-0.003421083,0.21112844347953796,0.807157039642334,0.30358216166496277
YMR318C,YGR055W,0,-0.00393115,0.21107356250286102,0.807157039642334,0.30368220806121826
YOR009W,YLR050C,0,-0.0040267333,0.21101871132850647,0.807157039642334,0.30378228425979614
YOL158C,YBR192W,0,-0.0042306036,0.2109638899564743,0.807157039642334,0.30388233065605164
YDR397C,YMR167W,0,-0.0044521242,0.21090908348560333,0.807157039642334,0.30398237705230713
YNL070W,YPL254W,0,-0.0045693666,0.21085432171821594,0.807157039642334,0.304082453250885
YBR162W-A,YNL066W,0,-0.0047929585,0.21079958975315094,0.807157039642334,0.3041824996471405
YDR324C,YLR066W,0,-0.004997611,0.21074487268924713,0.807157039642334,0.3042825758457184
YGL171W,YDL012C,0,-0.005255826,0.2106901854276657,0.807157039642334,0.3043826222419739
YML075C,YLR196W,0,-0.0053057075,0.21063554286956787,0.807157039642334,0.30448269844055176
YJL183W,YGL148W,0,-0.005406067,0.21058091521263123,0.807157039642334,0.30458274483680725
YGR180C,YOR321W,0,-0.0054827854,0.21052631735801697,0.807157039642334,0.30468282103538513
YHR176W,YDR303C,0,-0.005533755,0.2104717493057251,0.807157039642334,0.3047828674316406
YKL090W,YPR125W,0,-0.005614929,0.21041721105575562,0.807157039642334,0.3048829436302185
YPR148C,YJR073C,0,-0.0059970766,0.21036268770694733,0.807157039642334,0.304982990026474
YLL028W,YPL241C,0,-0.0064171404,0.21030820906162262,0.807157039642334,0.3050830364227295
YPL253C,YER056C,0,-0.0064482987,0.2102537602186203,0.807157039642334,0.3051831126213074
YCL020W,YMR136W,0,-0.0069788247,0.21019932627677917,0.807157039642334,0.30528315901756287
YDL135C,YIL118W,0,-0.00704515,0.21014492213726044,0.807157039642334,0.30538323521614075
YIR025W,YDL147W,0,-0.007333204,0.21009056270122528,0.807157039642334,0.30548328161239624
YPL198W,YGL245W,0,-0.007871166,0.21003621816635132,0.807157039642334,0.3055833578109741
YKL087C,YJL051W,0,-0.008136041,0.20998190343379974,0.807157039642334,0.3056834042072296
YBR129C,YOL070C,0,-0.0082131475,0.20992761850357056,0.807157039642334,0.3057834804058075
YDR473C,YHR045W,0,-0.008586243,0.20987334847450256,0.807157039642334,0.305883526802063
YDL194W,YOR227W,0,-0.008613661,0.20981912314891815,0.807157039642334,0.30598360300064087
YOR020C,YMR315W,0,-0.009240761,0.20976491272449493,0.807157039642334,0.30608364939689636
YOR204W,YKR055W,0,-0.009621099,0.2097107470035553,0.807157039642334,0.30618369579315186
YGR143W,YLR442C,0,-0.009621896,0.20965659618377686,0.807157039642334,0.30628377199172974
YDR182W,YDR415C,0,-0.009749703,0.2096024751663208,0.807157039642334,0.30638381838798523
YCL045C,YDR140W,0,-0.0098109245,0.20954838395118713,0.807157039642334,0.3064838945865631
YGR134W,YGL226C-A,0,-0.009867862,0.20949432253837585,0.807157039642334,0.3065839409828186
YJL047C,YDL126C,0,-0.010168772,0.20944029092788696,0.807157039642334,0.3066840171813965
YEL053C,YHR030C,0,-0.010267064,0.20938627421855927,0.807157039642334,0.306784063577652
YKR027W,YHR042W,0,-0.010591455,0.20933230221271515,0.807157039642334,0.30688413977622986
YNL092W,YIL170W,0,-0.010844812,0.20927834510803223,0.807157039642334,0.30698418617248535
YGR204W,YDR188W,0,-0.010999143,0.20922443270683289,0.807157039642334,0.30708426237106323
YLR181C,YML066C,0,-0.011258885,0.20917053520679474,0.807157039642334,0.3071843087673187
YPL105C,YLR208W,0,-0.011604585,0.20911666750907898,0.807157039642334,0.3072843849658966
YGL184C,YPL276W,0,-0.011658177,0.20906281471252441,0.807157039642334,0.3073844313621521
YJL151C,YHL002W,0,-0.011782691,0.20900900661945343,0.807157039642334,0.3074844777584076
YDR399W,YOR297C,0,-0.012018964,0.20895522832870483,0.807157039642334,0.3075845539569855
YLL054C,YNL065W,0,-0.012089103,0.20890146493911743,0.807157039642334,0.30768460035324097
YBR015C,YJR119C,0,-0.012804747,0.20884773135185242,0.807157039642334,0.30778467655181885
YML039W,YIL002C,0,-0.013006359,0.2087940275669098,0.807157039642334,0.30788472294807434
YLR138W,YMR296C,0,-0.013151705,0.20874035358428955,0.807157039642334,0.3079847991466522
YDL245C,YOR009W,0,-0.013190888,0.2086867094039917,0.807157039642334,0.3080848455429077
YKL092C,YDL191W,0,-0.013781764,0.20863309502601624,0.807157039642334,0.3081849217414856
YDR429C,YMR078C,0,-0.013857327,0.20857949554920197,0.807157039642334,0.3082849681377411
YLR284C,YOL009C,0,-0.014028579,0.20852594077587128,0.807157039642334,0.30838504433631897
YDR027C,YER141W,0,-0.014091909,0.20847240090370178,0.807157039642334,0.30848509073257446
YDR462W,YGR287C,0,-0.014354676,0.20841889083385468,0.807157039642334,0.30858513712882996
YKL015W,YOL057W,0,-0.014398754,0.20836541056632996,0.807157039642334,0.30868521332740784
YFR016C,YCR003W,0,-0.014428839,0.20831196010112762,0.807157039642334,0.30878525972366333
YDR397C,YNL023C,0,-0.0145891905,0.2082585245370865,0.807157039642334,0.3088853359222412
YGL054C,YKR002W,0,-0.015062422,0.20820513367652893,0.807157039642334,0.3089853823184967
YGL107C,YJL030W,0,-0.015145317,0.20815175771713257,0.807157039642334,0.3090854585170746
YER129W,YLR144C,0,-0.015350819,0.2080984115600586,0.807157039642334,0.3091855049133301
YPL246C,YNR031C,0,-0.015459582,0.208045095205307,0.807157039642334,0.30928558111190796
YPL224C,YPR094W,0,-0.01590947,0.2079918086528778,0.807157039642334,0.30938562750816345
YGR085C,YAR009C,0,-0.01646389,0.2079385370016098,0.807157039642334,0.30948570370674133
YDL159W,YGL058W,0,-0.016705185,0.20788531005382538,0.807157039642334,0.3095857501029968
YBR191W,YMR203W,0,-0.017051563,0.20783209800720215,0.807157039642334,0.3096858263015747
YEL001C,YOL145C,0,-0.017609492,0.2077789157629013,0.807157039642334,0.3097858726978302
YOR197W,YMR260C,0,-0.017683025,0.20772576332092285,0.807157039642334,0.3098859190940857
YPR131C,YIL110W,0,-0.017775163,0.20767264068126678,0.807157039642334,0.3099859952926636
YEL052W,YML127W,0,-0.017977104,0.2076195329427719,0.807157039642334,0.31008604168891907
YBR020W,YMR194W,0,-0.018127337,0.20756645500659943,0.807157039642334,0.31018611788749695
YHR154W,YIL148W,0,-0.018783882,0.20751342177391052,0.807157039642334,0.31028616428375244
YNR017W,YIL148W,0,-0.01891236,0.2074604034423828,0.807157039642334,0.3103862404823303
YBR258C,YDR494W,0,-0.01904821,0.2074074000120163,0.807157039642334,0.3104862868785858
YLR020C,YOR261C,0,-0.019328728,0.20735444128513336,0.807157039642334,0.3105863630771637
YMR315W,YKL086W,0,-0.019398347,0.20730151236057281,0.807157039642334,0.3106864094734192
YER144C,YNL216W,0,-0.01948854,0.20724859833717346,0.807157039642334,0.31078648567199707
YPL036W,YNL066W,0,-0.01956015,0.2071957141160965,0.807157039642334,0.31088653206825256
YGL209W,YER171W,0,-0.019585542,0.20714285969734192,0.807157039642334,0.31098657846450806
YDR025W,YLR383W,0,-0.019749805,0.20709003508090973,0.807157039642334,0.31108665466308594
YNR010W,YLR442C,0,-0.019842621,0.20703722536563873,0.807157039642334,0.31118670105934143
YMR232W,YKR034W,0,-0.0199088,0.20698444545269012,0.807157039642334,0.3112867772579193
YDR237W,YKR095W,0,-0.020008445,0.2069316953420639,0.807157039642334,0.3113868236541748
YDR179C,YER101C,0,-0.020459034,0.20687897503376007,0.807157039642334,0.3114868998527527
YLR226W,YBR236C,0,-0.020474926,0.20682628452777863,0.807157039642334,0.3115869462490082
YHL020C,YJL187C,0,-0.020497307,0.20677362382411957,0.807157039642334,0.31168702244758606
YDR383C,YGR089W,0,-0.020525798,0.2067209780216217,0.807157039642334,0.31178706884384155
YOR251C,YGL236C,1,-0.020550951,0.20692287385463715,0.8081510663032532,0.31178706884384155
YFL066C,YHR214C-B,0,-0.020758152,0.20687022805213928,0.8081510663032532,0.31188714504241943
YER022W,YOR110W,0,-0.020760998,0.2068175971508026,0.8081510663032532,0.3119871914386749
YKL020C,YLR406C,0,-0.020862922,0.20676501095294952,0.8081510663032532,0.3120872378349304
YPR043W,YGL122C,0,-0.020874217,0.20671243965625763,0.8081510663032532,0.3121873140335083
YLR284C,YIL117C,0,-0.020910274,0.20665988326072693,0.8081510663032532,0.3122873604297638
YJL071W,YPR017C,0,-0.021190666,0.2066073715686798,0.8081510663032532,0.3123874366283417
YMR046C,YGL001C,0,-0.021237753,0.20655487477779388,0.8081510663032532,0.31248748302459717
YBR236C,YGL174W,0,-0.021525905,0.20650240778923035,0.8081510663032532,0.31258755922317505
YHR083W,YGL144C,0,-0.021544099,0.2064499706029892,0.8081510663032532,0.31268760561943054
YLR394W,YJL212C,0,-0.022273928,0.20639756321907043,0.8081510663032532,0.3127876818180084
YBR015C,YDR260C,0,-0.023473442,0.20634517073631287,0.8081510663032532,0.3128877282142639
YBR022W,YNL292W,1,-0.023516014,0.20654655992984772,0.8091451525688171,0.3128877282142639
YBR080C,YOR194C,0,-0.023929283,0.20649416744709015,0.8091451525688171,0.3129878044128418
YNL131W,YGR082W,0,-0.024176583,0.20644178986549377,0.8091451525688171,0.3130878508090973
YCR105W,YMR061W,0,-0.024226442,0.20638945698738098,0.8091451525688171,0.31318792700767517
YMR112C,YNL172W,0,-0.02434282,0.20633713901042938,0.8091451525688171,0.31328797340393066
YAL016W,YML118W,0,-0.024725392,0.20628485083580017,0.8091451525688171,0.31338801980018616
YKL013C,YIL067C,0,-0.02472955,0.20623257756233215,0.8091451525688171,0.31348809599876404
YBR106W,YPL129W,0,-0.024780318,0.20618034899234772,0.8091451525688171,0.31358814239501953
YHR096C,YKL171W,0,-0.024807163,0.20612813532352448,0.8091451525688171,0.3136882185935974
YDR411C,YGR282C,0,-0.025218412,0.20607595145702362,0.8091451525688171,0.3137882649898529
YER144C,YHR102W,0,-0.025285795,0.20602379739284515,0.8091451525688171,0.3138883411884308
YDR023W,YLR166C,0,-0.02542017,0.20597165822982788,0.8091451525688171,0.3139883875846863
YIL137C,YGL111W,0,-0.025441512,0.205919548869133,0.8091451525688171,0.31408846378326416
YBR227C,YLR144C,0,-0.025758177,0.2058674693107605,0.8091451525688171,0.31418851017951965
YDL222C,YIL056W,0,-0.02646248,0.2058154195547104,0.8091451525688171,0.31428858637809753
YDR004W,YKR089C,0,-0.026463807,0.20576339960098267,0.8091451525688171,0.314388632774353
YDR430C,YLR223C,0,-0.02656141,0.20571139454841614,0.8091451525688171,0.3144886791706085
YLR054C,YCR073C,0,-0.02712034,0.205659419298172,0.8091451525688171,0.3145887553691864
YDR263C,YDR129C,0,-0.027130201,0.20560747385025024,0.8091451525688171,0.3146888017654419
YMR283C,YMR047C,1,-0.027223364,0.20580808818340302,0.8101391792297363,0.3146888017654419
YPL003W,YLR157C,0,-0.027270727,0.20575612783432007,0.8101391792297363,0.3147888779640198
YNL294C,YKL084W,0,-0.02741985,0.20570418238639832,0.8101391792297363,0.31488892436027527
YOR147W,YKL222C,0,-0.027486615,0.20565228164196014,0.8101391792297363,0.31498900055885315
YJL057C,YER021W,0,-0.027613193,0.20560041069984436,0.8101391792297363,0.31508904695510864
YDR225W,YLR413W,0,-0.027685478,0.20554855465888977,0.8101391792297363,0.3151891231536865
YER168C,YHL002W,0,-0.027872905,0.20549672842025757,0.8101391792297363,0.315289169549942
YNL257C,YDR273W,0,-0.0278977,0.20544491708278656,0.8101391792297363,0.3153892457485199
YGR046W,YMR052W,0,-0.028089564,0.20539315044879913,0.8101391792297363,0.3154892921447754
YGL073W,YGR206W,0,-0.028825983,0.2053413987159729,0.8101391792297363,0.31558936834335327
YPR188C,YNL126W,0,-0.029043071,0.20528967678546906,0.8101391792297363,0.31568941473960876
YPL192C,YMR019W,0,-0.029102005,0.2052379697561264,0.8101391792297363,0.31578946113586426
YML046W,YHR050W,0,-0.029335096,0.20518630743026733,0.8101391792297363,0.31588953733444214
YGL032C,YOL136C,0,-0.029603362,0.20513466000556946,0.8101391792297363,0.31598958373069763
YOR128C,YMR135C,0,-0.03029032,0.20508304238319397,0.8101391792297363,0.3160896599292755
YFL049W,YFL053W,0,-0.030316979,0.20503143966197968,0.8101391792297363,0.316189706325531
YNR054C,YIR022W,0,-0.03096231,0.20497988164424896,0.8101391792297363,0.3162897825241089
YML005W,YGL063W,1,-0.031685278,0.20517978072166443,0.8111332058906555,0.3162897825241089
YGL181W,YLR194C,0,-0.031690598,0.20512820780277252,0.8111332058906555,0.3163898289203644
YLR390W,YKL022C,0,-0.03181885,0.2050766497850418,0.8111332058906555,0.31648990511894226
YJR002W,YNR056C,0,-0.0318767,0.20502512156963348,0.8111332058906555,0.31658995151519775
YDR403W,YLR298C,0,-0.03190635,0.20497362315654755,0.8111332058906555,0.31669002771377563
YIR025W,YJR090C,0,-0.03199959,0.204922154545784,0.8111332058906555,0.31679007411003113
YDR009W,YOR078W,0,-0.032047138,0.20487070083618164,0.8111332058906555,0.3168901205062866
YFL005W,YNR013C,0,-0.03210011,0.20481927692890167,0.8111332058906555,0.3169901967048645
YHR200W,YGL004C,0,-0.032111317,0.2047678828239441,0.8111332058906555,0.31709024310112
YMR020W,YJL054W,0,-0.03237705,0.2047165036201477,0.8111332058906555,0.3171903192996979
YMR040W,YBL005W,0,-0.032797143,0.2046651691198349,0.8111332058906555,0.31729036569595337
YIL020C,YJR101W,0,-0.033134714,0.2046138346195221,0.8111332058906555,0.31739044189453125
YHR051W,YJR047C,0,-0.033334687,0.20456254482269287,0.8111332058906555,0.31749048829078674
YOL016C,YPR068C,0,-0.033438064,0.20451128482818604,0.8111332058906555,0.3175905644893646
YMR167W,YOR256C,0,-0.03344713,0.2044600397348404,0.8111332058906555,0.3176906108856201
YOR219C,YFR044C,0,-0.033490717,0.20440882444381714,0.8111332058906555,0.317790687084198
YPR121W,YAL051W,0,-0.033777498,0.20435762405395508,0.8111332058906555,0.3178907334804535
YCL068C,YNR015W,0,-0.03391485,0.2043064534664154,0.8111332058906555,0.317990779876709
YCR008W,YGR284C,0,-0.033936188,0.20425531268119812,0.8111332058906555,0.31809085607528687
YJL074C,YDL216C,0,-0.034110293,0.20420420169830322,0.8111332058906555,0.31819090247154236
YNR055C,YDL113C,0,-0.034164272,0.2041531205177307,0.8111332058906555,0.31829097867012024
YFR030W,YHR176W,0,-0.034418583,0.2041020542383194,0.8111332058906555,0.31839102506637573
YIL131C,YMR077C,0,-0.034797862,0.20405101776123047,0.8111332058906555,0.3184911012649536
YMR315W,YJL113W,0,-0.03524384,0.20399999618530273,0.8111332058906555,0.3185911476612091
YLR293C,YHR158C,0,-0.03527893,0.20394901931285858,0.8111332058906555,0.318691223859787
YML064C,YGL116W,0,-0.03536976,0.20389805734157562,0.8111332058906555,0.3187912702560425
YOR363C,YGL212W,0,-0.035597593,0.20384711027145386,0.8111332058906555,0.31889134645462036
YKL067W,YKL137W,0,-0.035606317,0.20379620790481567,0.8111332058906555,0.31899139285087585
YOR311C,YDR186C,0,-0.035798,0.20374532043933868,0.8111332058906555,0.31909146904945374
YDR473C,YAL015C,0,-0.03580013,0.20369446277618408,0.8111332058906555,0.31919151544570923
YBL087C,YPR046W,0,-0.035906658,0.20364362001419067,0.8111332058906555,0.3192915618419647
YHR090C,YCR038C,0,-0.03596142,0.20359280705451965,0.8111332058906555,0.3193916380405426
YGR113W,YMR190C,0,-0.036050126,0.20354202389717102,0.8111332058906555,0.3194916844367981
YKL120W,YKL060C,0,-0.036112294,0.20349127054214478,0.8111332058906555,0.319591760635376
YDL033C,YGL172W,1,-0.036492027,0.20368985831737518,0.8121272325515747,0.319591760635376
YBR281C,YLR333C,0,-0.036657676,0.20363909006118774,0.8121272325515747,0.31969180703163147
YJL092W,YML032C,0,-0.03667535,0.2035883367061615,0.8121272325515747,0.31979188323020935
YEL012W,YDR218C,0,-0.036898702,0.20353761315345764,0.8121272325515747,0.31989192962646484
YML126C,YBR301W,0,-0.036934152,0.20348691940307617,0.8121272325515747,0.3199920058250427
YHR202W,YHR178W,0,-0.037113443,0.2034362554550171,0.8121272325515747,0.3200920522212982
YGL133W,YGR264C,0,-0.037617072,0.2033856064081192,0.8121272325515747,0.3201921284198761
YGL060W,YER007C-A,0,-0.03764551,0.2033349871635437,0.8121272325515747,0.3202921748161316
YOR304C-A,YEL056W,0,-0.037672892,0.2032843977212906,0.8121272325515747,0.3203922212123871
YHR164C,YJL095W,0,-0.03771095,0.20323383808135986,0.8121272325515747,0.32049229741096497
YPL049C,YOR206W,0,-0.037734747,0.20318329334259033,0.8121272325515747,0.32059234380722046
YBR037C,YIL170W,0,-0.03775838,0.203132763504982,0.8121272325515747,0.32069242000579834
YNR039C,YIL049W,0,-0.037892118,0.20308227837085724,0.8121272325515747,0.32079246640205383
YML026C,YGR082W,0,-0.037901238,0.20303180813789368,0.8121272325515747,0.3208925426006317
YAL028W,YJR084W,0,-0.038116507,0.2029813677072525,0.8121272325515747,0.3209925889968872
YNL286W,YML107C,0,-0.03846146,0.20293094217777252,0.8121272325515747,0.3210926651954651
YOR367W,YLL015W,0,-0.038660094,0.20288056135177612,0.8121272325515747,0.3211927115917206
YMR058W,YIL159W,0,-0.0389504,0.20283019542694092,0.8121272325515747,0.32129278779029846
YJR084W,YOR388C,0,-0.039094836,0.2027798444032669,0.8121272325515747,0.32139283418655396
YFL050C,YBR119W,0,-0.03958024,0.20272952318191528,0.8121272325515747,0.32149291038513184
YJL004C,YKL049C,0,-0.039631754,0.20267923176288605,0.8121272325515747,0.32159295678138733
YOR292C,YGL127C,0,-0.039957657,0.2026289701461792,0.8121272325515747,0.3216930031776428
YOR371C,YKR007W,0,-0.040253934,0.20257872343063354,0.8121272325515747,0.3217930793762207
YDR430C,YGL189C,0,-0.04076378,0.20252850651741028,0.8121272325515747,0.3218931257724762
YDR294C,YGR208W,0,-0.04083626,0.2024783194065094,0.8121272325515747,0.3219932019710541
YJL196C,YPL227C,0,-0.04090871,0.20242814719676971,0.8121272325515747,0.32209324836730957
YGR169C,YGL243W,1,-0.04113622,0.20262570679187775,0.8131212592124939,0.32209324836730957
YJR093C,YFR010W,0,-0.0415352,0.20257553458213806,0.8131212592124939,0.32219332456588745
YMR231W,YKL032C,0,-0.041567616,0.20252537727355957,0.8131212592124939,0.32229337096214294
YML049C,YIL140W,0,-0.041686334,0.20247524976730347,0.8131212592124939,0.3223934471607208
YFL034C-B,YOR017W,0,-0.041710414,0.20242513716220856,0.8131212592124939,0.3224934935569763
YDR427W,YOR328W,0,-0.04178886,0.20237506926059723,0.8131212592124939,0.3225935697555542
YKL160W,YOR250C,0,-0.04189501,0.2023250013589859,0.8131212592124939,0.3226936161518097
YOR178C,YDR302W,0,-0.04193221,0.20227497816085815,0.8131212592124939,0.3227936625480652
YEL005C,YDR482C,0,-0.042098552,0.2022249698638916,0.8131212592124939,0.32289373874664307
YOR162C,YMR019W,0,-0.04243332,0.20217499136924744,0.8131212592124939,0.32299378514289856
YAR014C,YEL046C,0,-0.04249733,0.20212502777576447,0.8131212592124939,0.32309386134147644
YKR035W-A,YDR373W,0,-0.04260417,0.20207509398460388,0.8131212592124939,0.32319390773773193
YOL148C,YLR144C,0,-0.042649433,0.20202518999576569,0.8131212592124939,0.3232939839363098
YHR096C,YMR035W,0,-0.042793497,0.20197531580924988,0.8131212592124939,0.3233940303325653
YKR013W,YBL084C,0,-0.042800233,0.20192545652389526,0.8131212592124939,0.3234941065311432
YMR059W,YDR084C,0,-0.042891607,0.20187561213970184,0.8131212592124939,0.3235941529273987
YMR183C,YBR104W,0,-0.043290034,0.201825812458992,0.8131212592124939,0.32369422912597656
YJL206C,YGR038W,0,-0.04358197,0.20177602767944336,0.8131212592124939,0.32379427552223206
YER075C,YCR031C,0,-0.044031247,0.2017262578010559,0.8131212592124939,0.32389432191848755
YER031C,YGL187C,0,-0.0443355,0.20167653262615204,0.8131212592124939,0.32399439811706543
YGL175C,YOL004W,0,-0.044520825,0.20162682235240936,0.8131212592124939,0.3240944445133209
YDR020C,YPL047W,0,-0.044723168,0.20157712697982788,0.8131212592124939,0.3241945207118988
YER021W,YDL106C,0,-0.044805467,0.20152747631072998,0.8131212592124939,0.3242945671081543
YJL183W,YOR204W,0,-0.0450622,0.20147782564163208,0.8131212592124939,0.3243946433067322
YEL044W,YJL099W,0,-0.045188993,0.20142821967601776,0.8131212592124939,0.32449468970298767
YOR267C,YJR047C,0,-0.045250826,0.20137862861156464,0.8131212592124939,0.32459476590156555
YML056C,YNL139C,0,-0.045263365,0.2013290673494339,0.8131212592124939,0.32469481229782104
YJR028W,YMR260C,0,-0.04555936,0.20127952098846436,0.8131212592124939,0.3247948884963989
YOR173W,YJR151C,0,-0.045606732,0.2012300193309784,0.8131212592124939,0.3248949348926544
YHL009C,YHR190W,0,-0.04605356,0.20118051767349243,0.8131212592124939,0.3249950110912323
YPL075W,YEL037C,0,-0.047085635,0.20113106071949005,0.8131212592124939,0.3250950574874878
YFL034C-B,YKL002W,0,-0.047152385,0.20108161866664886,0.8131212592124939,0.3251951038837433
YLR136C,YHR059W,0,-0.047387615,0.20103219151496887,0.8131212592124939,0.32529518008232117
YDR171W,YBR067C,0,-0.048209,0.20098279416561127,0.8131212592124939,0.32539522647857666
YPR131C,YBL006C,0,-0.048217565,0.20093342661857605,0.8131212592124939,0.32549530267715454
YOR159C,YLR189C,0,-0.04853882,0.20088408887386322,0.8131212592124939,0.32559534907341003
YKL046C,YPL093W,0,-0.049237117,0.20083476603031158,0.8131212592124939,0.3256954252719879
YFL024C,YKL119C,0,-0.049276367,0.20078547298908234,0.8131212592124939,0.3257954716682434
YDL247W,YOL155C,0,-0.049372803,0.20073619484901428,0.8131212592124939,0.3258955478668213
YLR274W,YPR198W,0,-0.0494674,0.20068694651126862,0.8131212592124939,0.3259955942630768
YKR078W,YLR389C,0,-0.049738433,0.20063772797584534,0.8131212592124939,0.32609567046165466
YOL095C,YOR060C,0,-0.049754344,0.20058852434158325,0.8131212592124939,0.32619571685791016
YMR023C,YOR251C,1,-0.04982008,0.20078450441360474,0.8141152858734131,0.32619571685791016
YMR220W,YBR102C,0,-0.049895197,0.20073530077934265,0.8141152858734131,0.32629576325416565
YER075C,YMR183C,0,-0.05009137,0.20068611204624176,0.8141152858734131,0.32639583945274353
YNR018W,YNL238W,0,-0.05076264,0.20063693821430206,0.8141152858734131,0.326495885848999
YDR039C,YGL004C,0,-0.05142778,0.20058780908584595,0.8141152858734131,0.3265959620475769
YER060W,YLR013W,0,-0.051479474,0.20053869485855103,0.8141152858734131,0.3266960084438324
YMR052W,YOL066C,0,-0.0516302,0.2004895955324173,0.8141152858734131,0.3267960846424103
YIL020C,YGL207W,0,-0.052103125,0.20044052600860596,0.8141152858734131,0.32689613103866577
YNL318C,YGR251W,0,-0.052255705,0.200391486287117,0.8141152858734131,0.32699620723724365
YDR122W,YOL062C,0,-0.052427396,0.20034246146678925,0.8141152858734131,0.32709625363349915
YPL178W,YLR185W,0,-0.052765653,0.20029346644878387,0.8141152858734131,0.327196329832077
YBL026W,YGL236C,1,-0.05277069,0.20048899948596954,0.815109372138977,0.327196329832077
YLR362W,YNL056W,0,-0.052832365,0.20043998956680298,0.815109372138977,0.3272963762283325
YBR115C,YIL073C,0,-0.052920282,0.2003910094499588,0.815109372138977,0.3273964524269104
YLR095C,YGR283C,0,-0.05312848,0.20034204423427582,0.815109372138977,0.3274964988231659
YDR409W,YPL105C,0,-0.053201683,0.20029310882091522,0.815109372138977,0.3275965452194214
YOR341W,YOL070C,0,-0.053209603,0.20024420320987701,0.815109372138977,0.32769662141799927
YLR405W,YMR047C,1,-0.05332011,0.200439453125,0.8161033987998962,0.32769662141799927
YHR113W,YMR168C,0,-0.05340314,0.2003905326128006,0.8161033987998962,0.32779666781425476
YFR019W,YKL065C,0,-0.0535023,0.2003416270017624,0.8161033987998962,0.32789674401283264
YCR023C,YOR232W,0,-0.053797595,0.20029275119304657,0.8161033987998962,0.32799679040908813
YOR026W,YGL025C,0,-0.053850457,0.20024390518665314,0.8161033987998962,0.328096866607666
YNR052C,YJR150C,0,-0.054307327,0.2001950740814209,0.8161033987998962,0.3281969130039215
YDR497C,YLR089C,0,-0.054456577,0.20014627277851105,0.8161033987998962,0.3282969892024994
YHR002W,YOR147W,0,-0.05447176,0.2000974863767624,0.8161033987998962,0.3283970355987549
YER018C,YCR066W,0,-0.05452685,0.20004872977733612,0.8161033987998962,0.32849711179733276
YJR041C,YJR119C,0,-0.054662153,0.20000000298023224,0.8161033987998962,0.32859715819358826
YDR138W,YKL134C,0,-0.0547219,0.19995129108428955,0.8161033987998962,0.32869720458984375
YPR169W,YGL073W,0,-0.054845586,0.19990260899066925,0.8161033987998962,0.32879728078842163
YPL097W,YEL069C,0,-0.05484669,0.19985394179821014,0.8161033987998962,0.3288973271846771
YLR452C,YKL061W,0,-0.05516456,0.19980530440807343,0.8161033987998962,0.328997403383255
YFR019W,YGR143W,0,-0.055394992,0.1997566968202591,0.8161033987998962,0.3290974497795105
YKL206C,YMR251W-A,0,-0.055493474,0.19970810413360596,0.8161033987998962,0.3291975259780884
YDR255C,YJR108W,0,-0.055497177,0.199659526348114,0.8161033987998962,0.32929757237434387
YLL017W,YDL149W,0,-0.05562965,0.19961099326610565,0.8161033987998962,0.32939764857292175
YPL189W,YER071C,0,-0.055810064,0.19956247508525848,0.8161033987998962,0.32949769496917725
YFR046C,YPL276W,0,-0.055858277,0.1995139718055725,0.8161033987998962,0.3295977711677551
YBR153W,YPR133C,0,-0.05587075,0.19946549832820892,0.8161033987998962,0.3296978175640106
YPR162C,YDR386W,0,-0.055888638,0.19941705465316772,0.8161033987998962,0.3297978639602661
YHR115C,YGR275W,0,-0.056238726,0.19936862587928772,0.8161033987998962,0.329897940158844
YGL032C,YMR226C,0,-0.056577876,0.1993202269077301,0.8161033987998962,0.3299979865550995
YHR084W,YOR077W,0,-0.05678454,0.19927184283733368,0.8161033987998962,0.33009806275367737
YPL259C,YGL058W,0,-0.056908652,0.19922348856925964,0.8161033987998962,0.33019810914993286
YPL018W,YOR206W,0,-0.05695772,0.199175164103508,0.8161033987998962,0.33029818534851074
YNL169C,YBR021W,0,-0.057072744,0.19912685453891754,0.8161033987998962,0.33039823174476624
YER046W,YPR196W,0,-0.057204053,0.19907855987548828,0.8161033987998962,0.3304983079433441
YCL001W,YBR161W,0,-0.057304844,0.1990303099155426,0.8161033987998962,0.3305983543395996
YMR118C,YPR060C,0,-0.057371795,0.19898205995559692,0.8161033987998962,0.3306984305381775
YGL032C,YFL061W,0,-0.05761551,0.19893385469913483,0.8161033987998962,0.330798476934433
YGR167W,YPL023C,0,-0.057919845,0.19888566434383392,0.8161033987998962,0.33089855313301086
YAL001C,YIL173W,0,-0.05795303,0.1988374888896942,0.8161033987998962,0.33099859952926636
YDL059C,YLR193C,0,-0.058233563,0.1987893432378769,0.8161033987998962,0.33109864592552185
YBR008C,YDL175C,0,-0.058802746,0.19874122738838196,0.8161033987998962,0.33119872212409973
YLL048C,YDR332W,0,-0.05900696,0.19869312644004822,0.8161033987998962,0.3312987685203552
YER167W,YNL048W,0,-0.059013054,0.19864505529403687,0.8161033987998962,0.3313988447189331
YDL247W,YJR063W,0,-0.059038594,0.1985969990491867,0.8161033987998962,0.3314988911151886
YHR113W,YBR107C,0,-0.059326097,0.19854897260665894,0.8161033987998962,0.3315989673137665
YNL282W,YLR293C,0,-0.05982542,0.19850096106529236,0.8161033987998962,0.331699013710022
YPL100W,YJR151C,0,-0.0599015,0.19845297932624817,0.8161033987998962,0.33179908990859985
YBR112C,YER005W,0,-0.059974875,0.19840502738952637,0.8161033987998962,0.33189913630485535
YBR173C,YER185W,0,-0.060505748,0.19835709035396576,0.8161033987998962,0.3319992125034332
YHR057C,YML014W,0,-0.060842454,0.19830918312072754,0.8161033987998962,0.3320992588996887
YKR034W,YHR042W,0,-0.061459824,0.1982612907886505,0.8161033987998962,0.3321993052959442
YPL083C,YOR251C,1,-0.06161555,0.1984548568725586,0.8170974254608154,0.3321993052959442
YLR453C,YPL113C,0,-0.061794266,0.19840694963932037,0.8170974254608154,0.3322993814945221
YKL124W,YGR255C,0,-0.06183411,0.19835907220840454,0.8170974254608154,0.3323994278907776
YLR367W,YJL184W,0,-0.061999843,0.1983112245798111,0.8170974254608154,0.33249950408935547
YOR256C,YNL041C,0,-0.06220703,0.19826339185237885,0.8170974254608154,0.33259955048561096
YNL315C,YDR294C,0,-0.06241432,0.1982155740261078,0.8170974254608154,0.33269962668418884
YAL028W,YOR010C,0,-0.0625703,0.19816778600215912,0.8170974254608154,0.33279967308044434
YHR112C,YKR013W,0,-0.062599406,0.19812002778053284,0.8170974254608154,0.3328997492790222
YNL290W,YBL025W,0,-0.06325334,0.19807228446006775,0.8170974254608154,0.3329997956752777
YOR086C,YOR002W,0,-0.06330131,0.19802457094192505,0.8170974254608154,0.3330998718738556
YKL184W,YGL245W,0,-0.063380405,0.19797687232494354,0.8170974254608154,0.3331999182701111
YLR077W,YML059C,0,-0.06362119,0.19792920351028442,0.8170974254608154,0.33329999446868896
YLR372W,YMR225C,0,-0.06384425,0.1978815644979477,0.8170974254608154,0.33340004086494446
YBL076C,YNL088W,0,-0.06403949,0.19783394038677216,0.8170974254608154,0.33350008726119995
YLR272C,YDL239C,0,-0.06408662,0.1977863311767578,0.8170974254608154,0.33360016345977783
YOR317W,YMR072W,0,-0.06411566,0.19773875176906586,0.8170974254608154,0.3337002098560333
YOL055C,YER177W,0,-0.064450264,0.1976912021636963,0.8170974254608154,0.3338002860546112
YDL128W,YCR030C,0,-0.06459369,0.19764366745948792,0.8170974254608154,0.3339003324508667
YKR100C,YPR097W,0,-0.064869925,0.19759614765644073,0.8170974254608154,0.3340004086494446
YNL326C,YBR067C,0,-0.065737545,0.19754867255687714,0.8170974254608154,0.3341004550457001
YDL052C,YGL111W,0,-0.06581889,0.19750119745731354,0.8170974254608154,0.33420053124427795
YDR337W,YLL032C,0,-0.065864526,0.19745375216007233,0.8170974254608154,0.33430057764053345
YPL213W,YIL037C,0,-0.06598126,0.1974063366651535,0.8170974254608154,0.33440065383911133
YDL105W,YOL075C,0,-0.06683934,0.19735895097255707,0.8170974254608154,0.3345007002353668
YNL071W,YGL208W,0,-0.067052215,0.19731156527996063,0.8170974254608154,0.3346007466316223
YLR216C,YMR237W,0,-0.067103654,0.19726422429084778,0.8170974254608154,0.3347008228302002
YBR133C,YMR194W,0,-0.067226075,0.19721688330173492,0.8170974254608154,0.3348008692264557
YCR087C-A,YLR145W,0,-0.06725852,0.19716958701610565,0.8170974254608154,0.33490094542503357
YAL011W,YDR039C,0,-0.06735273,0.19712230563163757,0.8170974254608154,0.33500099182128906
YNL290W,YNR013C,0,-0.06807518,0.1970750391483307,0.8170974254608154,0.33510106801986694
YDR407C,YIR032C,0,-0.068338506,0.1970278024673462,0.8170974254608154,0.33520111441612244
YOR101W,YML126C,0,-0.06836869,0.19698059558868408,0.8170974254608154,0.3353011906147003
YGL028C,YDR427W,0,-0.06845729,0.19693340361118317,0.8170974254608154,0.3354012370109558
YMR243C,YKL096W-A,0,-0.068681434,0.19688622653484344,0.8170974254608154,0.3355013132095337
YDL079C,YLR206W,0,-0.06878154,0.1968390792608261,0.8170974254608154,0.3356013596057892
YOR323C,YBR276C,0,-0.06896931,0.19679196178913116,0.8170974254608154,0.3357014060020447
YCR048W,YBR083W,0,-0.06907885,0.1967448592185974,0.8170974254608154,0.33580148220062256
YGR074W,YMR293C,0,-0.06913565,0.19669777154922485,0.8170974254608154,0.33590152859687805
YCL039W,YDR235W,0,-0.06949283,0.19665071368217468,0.8170974254608154,0.33600160479545593
YBR222C,YKL148C,0,-0.06993807,0.1966036856174469,0.8170974254608154,0.3361016511917114
YDR123C,YGL067W,0,-0.07000199,0.1965566724538803,0.8170974254608154,0.3362017273902893
YIL014W,YBL098W,0,-0.07051031,0.1965096890926361,0.8170974254608154,0.3363017737865448
YEL046C,YGL201C,0,-0.07052368,0.1964627206325531,0.8170974254608154,0.3364018499851227
YBL113C,YHR174W,0,-0.070611194,0.1964157670736313,0.8170974254608154,0.3365018963813782
YDR079W,YPR086W,0,-0.07089953,0.19636884331703186,0.8170974254608154,0.33660197257995605
YER054C,YMR192W,0,-0.07113312,0.19632194936275482,0.8170974254608154,0.33670201897621155
YGL096W,YDR041W,0,-0.071445465,0.19627507030963898,0.8170974254608154,0.33680209517478943
YJL111W,YGR148C,0,-0.0714647,0.19622822105884552,0.8170974254608154,0.3369021415710449
YLR056W,YBL026W,0,-0.07184288,0.19618138670921326,0.8170974254608154,0.3370021879673004
YBL018C,YJL113W,0,-0.07219221,0.1961345672607422,0.8170974254608154,0.3371022641658783
YDR498C,YOR355W,0,-0.07227293,0.1960877925157547,0.8170974254608154,0.3372023105621338
YBR188C,YBR204C,0,-0.072392,0.1960410177707672,0.8170974254608154,0.33730238676071167
YPR037C,YHR143W-A,0,-0.07266543,0.1959942728281021,0.8170974254608154,0.33740243315696716
YHR214W,YKL003C,0,-0.07279327,0.1959475576877594,0.8170974254608154,0.33750250935554504
YER017C,YKL176C,0,-0.07290293,0.19590085744857788,0.8170974254608154,0.33760255575180054
YOL040C,YHR073W,0,-0.07320326,0.19585418701171875,0.8170974254608154,0.3377026319503784
YDL206W,YOL052C-A,0,-0.073472604,0.1958075314760208,0.8170974254608154,0.3378026783466339
YIL098C,YGL112C,0,-0.073722705,0.19576089084148407,0.8170974254608154,0.3379027545452118
YKL124W,YOL009C,0,-0.07382103,0.19571428000926971,0.8170974254608154,0.3380028009414673
YOR267C,YJR073C,0,-0.073988855,0.19566769897937775,0.8170974254608154,0.3381028473377228
YOR349W,YOR148C,0,-0.07463516,0.19562113285064697,0.8170974254608154,0.33820292353630066
YIL063C,YER087W,0,-0.074649766,0.1955745965242386,0.8170974254608154,0.33830296993255615
YDR348C,YHL050C,0,-0.07472948,0.1955280750989914,0.8170974254608154,0.33840304613113403
YKR089C,YGR103W,0,-0.07492919,0.1954815685749054,0.8170974254608154,0.3385030925273895
YJR125C,YMR231W,0,-0.075025775,0.19543509185314178,0.8170974254608154,0.3386031687259674
YDR492W,YGR040W,0,-0.07502892,0.19538864493370056,0.8170974254608154,0.3387032151222229
YJR118C,YNL307C,0,-0.07510497,0.19534219801425934,0.8170974254608154,0.3388032913208008
YKR013W,YOR148C,0,-0.07521492,0.1952957957983017,0.8170974254608154,0.3389033377170563
YHR060W,YOL112W,0,-0.075242296,0.19524940848350525,0.8170974254608154,0.33900341391563416
YPL139C,YOR018W,0,-0.07524321,0.19520303606987,0.8170974254608154,0.33910346031188965
YKR031C,YLR151C,0,-0.07545598,0.19515669345855713,0.8170974254608154,0.33920353651046753
YAL022C,YER169W,0,-0.0757435,0.19511036574840546,0.8170974254608154,0.339303582906723
YAL033W,YHR006W,1,-0.076112464,0.1953013837337494,0.8180914521217346,0.339303582906723
YBR208C,YPR006C,0,-0.07619627,0.19525504112243652,0.8180914521217346,0.3394036293029785
YGR055W,YLR363C,0,-0.07629603,0.19520872831344604,0.8180914521217346,0.3395037055015564
YOL008W,YNL326C,0,-0.07645887,0.19516243040561676,0.8180914521217346,0.3396037518978119
YDR476C,YHR143W-A,0,-0.076567486,0.19511616230010986,0.8180914521217346,0.33970382809638977
YER018C,YDR179C,0,-0.07707366,0.19506992399692535,0.8180914521217346,0.33980387449264526
YIL041W,YOR048C,0,-0.077430904,0.19502370059490204,0.8180914521217346,0.33990395069122314
YCR036W,YDR263C,0,-0.07745437,0.19497749209403992,0.8180914521217346,0.34000399708747864
YBR169C,YDL135C,0,-0.077497706,0.19493131339550018,0.8180914521217346,0.3401040732860565
YLR167W,YGL020C,0,-0.07753618,0.19488514959812164,0.8180914521217346,0.340204119682312
YCR014C,YER100W,0,-0.07762678,0.1948390156030655,0.8180914521217346,0.3403041958808899
YGL187C,YJR077C,0,-0.07763837,0.19479289650917053,0.8180914521217346,0.3404042422771454
YIR013C,YLR229C,0,-0.07791151,0.19474680721759796,0.8180914521217346,0.3405042886734009
YKL099C,YJR149W,0,-0.077917114,0.19470073282718658,0.8180914521217346,0.34060436487197876
YKR086W,YKR007W,0,-0.078141734,0.1946546882390976,0.8180914521217346,0.34070441126823425
YBL041W,YOR191W,0,-0.07882516,0.1946086585521698,0.8180914521217346,0.34080448746681213
YHR024C,YNL278W,0,-0.0790534,0.1945626437664032,0.8180914521217346,0.3409045338630676
YGL005C,YLR009W,0,-0.079361364,0.19451665878295898,0.8180914521217346,0.3410046100616455
YPL152W,YGR044C,0,-0.079450116,0.19447070360183716,0.8180914521217346,0.341104656457901
YMR097C,YGL100W,0,-0.07945511,0.19442476332187653,0.8180914521217346,0.3412047326564789
YBL112C,YNR017W,0,-0.079768576,0.1943788379430771,0.8180914521217346,0.3413047790527344
YHR106W,YAL015C,0,-0.07986672,0.19433294236660004,0.8180914521217346,0.34140485525131226
YKL220C,YGR169C,0,-0.079888955,0.19428706169128418,0.8180914521217346,0.34150490164756775
YFR010W,YJR057W,0,-0.08000581,0.1942412108182907,0.8180914521217346,0.34160497784614563
YOR338W,YLR417W,0,-0.08046669,0.19419537484645844,0.8180914521217346,0.3417050242424011
YNL221C,YHR006W,1,-0.08081104,0.19438546895980835,0.8190854787826538,0.3417050242424011
YDR276C,YOR109W,0,-0.08086735,0.19433961808681488,0.8190854787826538,0.3418050706386566
YHR194W,YDR367W,0,-0.08103645,0.1942937970161438,0.8190854787826538,0.3419051468372345
YLR240W,YIR005W,0,-0.081119016,0.1942479908466339,0.8190854787826538,0.34200519323349
YLR417W,YLR215C,0,-0.0812753,0.1942022144794464,0.8190854787826538,0.34210526943206787
YKR060W,YER185W,0,-0.08139068,0.1941564530134201,0.8190854787826538,0.34220531582832336
YBR189W,YBR203W,0,-0.08140336,0.1941107213497162,0.8190854787826538,0.34230539202690125
YMR273C,YOR287C,0,-0.081483886,0.19406500458717346,0.8190854787826538,0.34240543842315674
YGL053W,YNL079C,0,-0.08155374,0.19401930272579193,0.8190854787826538,0.3425055146217346
YJL196C,YDL015C,0,-0.08158995,0.1939736306667328,0.8190854787826538,0.3426055610179901
YPL266W,YGL166W,0,-0.081874415,0.19392798840999603,0.8190854787826538,0.342705637216568
YLR310C,YDR080W,0,-0.08191258,0.19388234615325928,0.8190854787826538,0.3428056836128235
YGL113W,YGR068C,0,-0.082163185,0.1938367486000061,0.8190854787826538,0.342905730009079
YLR263W,YOR141C,0,-0.08220355,0.19379115104675293,0.8190854787826538,0.34300580620765686
YBR086C,YBL072C,0,-0.082310185,0.19374559819698334,0.8190854787826538,0.34310585260391235
YOR338W,YHR094C,0,-0.08242221,0.19370004534721375,0.8190854787826538,0.34320592880249023
YBR132C,YGL163C,0,-0.08246221,0.19365452229976654,0.8190854787826538,0.3433059751987457
YKL058W,YBR248C,0,-0.08262622,0.19360902905464172,0.8190854787826538,0.3434060513973236
YML026C,YJL024C,0,-0.08289871,0.1935635358095169,0.8190854787826538,0.3435060977935791
YDR051C,YML126C,0,-0.083272144,0.19351808726787567,0.8190854787826538,0.343606173992157
YER021W,YIL167W,0,-0.083471775,0.19347263872623444,0.8190854787826538,0.3437062203884125
YNR018W,YKL209C,0,-0.083722845,0.19342723488807678,0.8190854787826538,0.34380629658699036
YMR023C,YGL236C,1,-0.08385519,0.19361652433872223,0.820079505443573,0.34380629658699036
YNL175C,YIL119C,0,-0.083921954,0.1935710906982422,0.820079505443573,0.34390634298324585
YHR019C,YPR060C,0,-0.08403142,0.19352568686008453,0.820079505443573,0.34400638937950134
YAR002C-A,YOL111C,0,-0.084096864,0.19348029792308807,0.820079505443573,0.3441064655780792
YLR107W,YHR080C,0,-0.084276766,0.193434938788414,0.820079505443573,0.3442065119743347
YBR038W,YJL179W,0,-0.08469792,0.19338959455490112,0.820079505443573,0.3443065881729126
YBR114W,YNL071W,0,-0.08472793,0.19334426522254944,0.820079505443573,0.3444066345691681
YDR141C,YJR036C,0,-0.08507568,0.19329896569252014,0.820079505443573,0.34450671076774597
YHR121W,YAR071W,0,-0.08521351,0.19325369596481323,0.820079505443573,0.34460675716400146
YDR354W,YBR295W,0,-0.08574745,0.19320842623710632,0.820079505443573,0.34470683336257935
YOR129C,YDL049C,0,-0.08606042,0.1931631863117218,0.820079505443573,0.34480687975883484
YGR048W,YLR386W,0,-0.086168945,0.19311797618865967,0.820079505443573,0.3449069559574127
YJR107W,YGL010W,0,-0.08637376,0.19307278096675873,0.820079505443573,0.3450070023536682
YBL014C,YER139C,0,-0.08644901,0.19302761554718018,0.820079505443573,0.3451070785522461
YNL232W,YCR031C,0,-0.086557254,0.19298245012760162,0.820079505443573,0.3452071249485016
YBL041W,YDL029W,0,-0.08686962,0.19293732941150665,0.820079505443573,0.3453071713447571
YEL036C,YDR211W,0,-0.08699612,0.19289220869541168,0.820079505443573,0.34540724754333496
YER123W,YJR040W,0,-0.08700937,0.1928471177816391,0.820079505443573,0.34550729393959045
YIL062C,YNL284C,0,-0.087410465,0.1928020566701889,0.820079505443573,0.34560737013816833
YMR053C,YJR019C,0,-0.08769351,0.1927570104598999,0.820079505443573,0.34570741653442383
YOL095C,YLR320W,0,-0.08770725,0.1927119791507721,0.820079505443573,0.3458074927330017
YPL127C,YOR162C,0,-0.08822857,0.19266697764396667,0.820079505443573,0.3459075391292572
YPL274W,YHR132C,0,-0.08843155,0.19262199103832245,0.820079505443573,0.3460076153278351
YFL025C,YPL063W,0,-0.08868976,0.1925770342350006,0.820079505443573,0.3461076617240906
YOL095C,YKL127W,0,-0.088881746,0.19253209233283997,0.820079505443573,0.34620773792266846
YBR018C,YOL042W,0,-0.08901642,0.19248716533184052,0.820079505443573,0.34630778431892395
YIL049W,YKL012W,0,-0.089763686,0.19244226813316345,0.820079505443573,0.34640783071517944
YIL132C,YDR519W,0,-0.08980049,0.19239738583564758,0.820079505443573,0.3465079069137573
YGL181W,YJL114W,0,-0.09003477,0.1923525333404541,0.820079505443573,0.3466079533100128
YPL066W,YDR381W,0,-0.09039523,0.19230769574642181,0.820079505443573,0.3467080295085907
YGR276C,YHR200W,0,-0.090440094,0.19226287305355072,0.820079505443573,0.3468080759048462
YMR063W,YJL128C,0,-0.09046884,0.19221808016300201,0.820079505443573,0.3469081521034241
YKL132C,YBR258C,0,-0.090719834,0.1921733021736145,0.820079505443573,0.34700819849967957
YGL071W,YNL088W,0,-0.09074481,0.19212855398654938,0.820079505443573,0.34710827469825745
YPL242C,YOR249C,0,-0.090901524,0.19208382070064545,0.820079505443573,0.34720832109451294
YKL013C,YDR140W,0,-0.09097437,0.1920391023159027,0.820079505443573,0.3473083972930908
YIL142W,YBR073W,0,-0.091049045,0.19199441373348236,0.820079505443573,0.3474084436893463
YDR354W,YNL250W,0,-0.09121586,0.1919497400522232,0.820079505443573,0.3475085198879242
YOR190W,YML026C,0,-0.09142147,0.19190509617328644,0.820079505443573,0.3476085662841797
YER060W-A,YLR013W,0,-0.091478385,0.19186046719551086,0.820079505443573,0.3477086126804352
YNR031C,YPL232W,0,-0.09156525,0.19181585311889648,0.820079505443573,0.34780868887901306
YLR138W,YIL037C,0,-0.09173085,0.1917712688446045,0.820079505443573,0.34790873527526855
YLR189C,YMR227C,0,-0.09201126,0.1917266994714737,0.820079505443573,0.34800881147384644
YDR127W,YFL055W,0,-0.09217718,0.19168215990066528,0.820079505443573,0.34810885787010193
YDR172W,YDR256C,0,-0.092330545,0.19163763523101807,0.820079505443573,0.3482089340686798
YIL062C,YNL054W,0,-0.09247473,0.19159312546253204,0.820079505443573,0.3483089804649353
YIL154C,YMR044W,0,-0.09284432,0.1915486454963684,0.820079505443573,0.3484090566635132
YDR180W,YDR528W,0,-0.09287399,0.19150418043136597,0.820079505443573,0.3485091030597687
YOL090W,YGR048W,0,-0.09287724,0.19145973026752472,0.820079505443573,0.34860917925834656
YKR077W,YPR022C,0,-0.09314857,0.19141530990600586,0.820079505443573,0.34870922565460205
YDL135C,YLR337C,0,-0.093165785,0.1913709044456482,0.820079505443573,0.34880927205085754
YHR124W,YOR095C,0,-0.0932553,0.19132652878761292,0.820079505443573,0.3489093482494354
YGL079W,YNL167C,0,-0.09332274,0.19128216803073883,0.820079505443573,0.3490093946456909
YPL167C,YDR081C,0,-0.093444064,0.19123783707618713,0.820079505443573,0.3491094708442688
YDR422C,YIL017C,0,-0.09354809,0.19119350612163544,0.820079505443573,0.3492095172405243
YKL205W,YER159C,0,-0.093962386,0.19114920496940613,0.820079505443573,0.3493095934391022
YIL052C,YNL053W,0,-0.09421614,0.1911049336194992,0.820079505443573,0.34940963983535767
YNL014W,YDL126C,0,-0.09426619,0.19106067717075348,0.820079505443573,0.34950971603393555
YIL068C,YAL016W,0,-0.09442648,0.19101643562316895,0.820079505443573,0.34960976243019104
YKR080W,YIR034C,0,-0.094563305,0.1909722238779068,0.820079505443573,0.3497098386287689
YOL141W,YHR006W,1,-0.09464956,0.1911594569683075,0.8210735321044922,0.3497098386287689
YBL007C,YDL240W,0,-0.09469269,0.19111523032188416,0.8210735321044922,0.3498098850250244
YPL141C,YLR016C,0,-0.094834715,0.191071018576622,0.8210735321044922,0.3499099314212799
YBR162W-A,YDL002C,0,-0.094840646,0.19102682173252106,0.8210735321044922,0.3500100076198578
YGL002W,YFL009W,0,-0.094908535,0.1909826546907425,0.8210735321044922,0.3501100540161133
YDR452W,YMR313C,0,-0.09506906,0.19093851745128632,0.8210735321044922,0.35021013021469116
YPL187W,YKL055C,0,-0.0951062,0.19089438021183014,0.8210735321044922,0.35031017661094666
YPR148C,YIL067C,0,-0.095302075,0.19085027277469635,0.8210735321044922,0.35041025280952454
YKL032C,YFL016C,0,-0.09542306,0.19080619513988495,0.8210735321044922,0.35051029920578003
YBR045C,YPL151C,0,-0.09546539,0.19076211750507355,0.8210735321044922,0.3506103754043579
YML036W,YMR065W,0,-0.09553967,0.19071808457374573,0.8210735321044922,0.3507104218006134
YBR130C,YJR084W,0,-0.09569733,0.1906740516424179,0.8210735321044922,0.3508104979991913
YOR001W,YDL202W,0,-0.09585555,0.19063004851341248,0.8210735321044922,0.3509105443954468
YNL309W,YBL113C,0,-0.09605585,0.19058606028556824,0.8210735321044922,0.35101062059402466
YLL054C,YLR143W,0,-0.096407875,0.1905421018600464,0.8210735321044922,0.35111066699028015
YNL054W,YLR034C,0,-0.096422486,0.19049815833568573,0.8210735321044922,0.35121071338653564
YLR285W,YDL018C,0,-0.09650562,0.19045422971248627,0.8210735321044922,0.3513107895851135
YDL024C,YJR086W,0,-0.09658058,0.1904103308916092,0.8210735321044922,0.351410835981369
YBL011W,YDR540C,0,-0.09664069,0.1903664469718933,0.8210735321044922,0.3515109121799469
YDR406W,YML082W,0,-0.0967132,0.19032257795333862,0.8210735321044922,0.3516109585762024
YNL121C,YIL107C,0,-0.097690985,0.19027873873710632,0.8210735321044922,0.3517110347747803
YOR363C,YBR177C,0,-0.0980013,0.19023491442203522,0.8210735321044922,0.35181108117103577
YNL267W,YFL011W,0,-0.09802052,0.1901911050081253,0.8210735321044922,0.35191115736961365
YPR079W,YPL175W,0,-0.098437205,0.19014732539653778,0.8210735321044922,0.35201120376586914
YMR059W,YDL033C,1,-0.098461986,0.19033372402191162,0.8220676183700562,0.35201120376586914
YOL028C,YEL036C,0,-0.09848471,0.1902899146080017,0.8220676183700562,0.352111279964447
YDR267C,YBR065C,0,-0.09858684,0.19024614989757538,0.8220676183700562,0.3522113263607025
YLR347C,YKL210W,0,-0.098715834,0.19020238518714905,0.8220676183700562,0.352311372756958
YBR003W,YLR225C,0,-0.09872936,0.1901586502790451,0.8220676183700562,0.3524114489555359
YGR122W,YDL153C,0,-0.09873617,0.19011494517326355,0.8220676183700562,0.3525114953517914
YDR372C,YOR098C,0,-0.09890579,0.1900712549686432,0.8220676183700562,0.35261157155036926
YOR328W,YNL163C,0,-0.09896812,0.19002757966518402,0.8220676183700562,0.35271161794662476
YPR152C,YHR123W,0,-0.09905563,0.18998391926288605,0.8220676183700562,0.35281169414520264
YDR285W,YDR100W,0,-0.09933405,0.18994028866291046,0.8220676183700562,0.35291174054145813
YCR023C,YER172C,0,-0.09962059,0.18989667296409607,0.8220676183700562,0.353011816740036
YML072C,YHR143W-A,0,-0.09981449,0.18985307216644287,0.8220676183700562,0.3531118631362915
YOR372C,YGR144W,0,-0.100250736,0.18980950117111206,0.8220676183700562,0.3532119393348694
YCR088W,YKR066C,0,-0.100722685,0.18976594507694244,0.8220676183700562,0.3533119857311249
YMR091C,YKL222C,0,-0.10092239,0.18972241878509521,0.8220676183700562,0.35341206192970276
YHR175W,YML096W,0,-0.10114821,0.18967889249324799,0.8220676183700562,0.35351210832595825
YDR405W,YGR225W,0,-0.10117073,0.18963541090488434,0.8220676183700562,0.35361215472221375
YAL031C,YJL057C,0,-0.10140292,0.1895919293165207,0.8220676183700562,0.3537122309207916
YJL096W,YOR304W,0,-0.10143918,0.18954847753047943,0.8220676183700562,0.3538122773170471
YDR350C,YBR104W,0,-0.10159747,0.18950504064559937,0.8220676183700562,0.353912353515625
YML114C,YKL061W,0,-0.10203977,0.1894616335630417,0.8220676183700562,0.3540123999118805
YMR079W,YNL068C,0,-0.102126524,0.189418226480484,0.8220676183700562,0.3541124761104584
YHR146W,YHL025W,0,-0.10215464,0.1893748641014099,0.8220676183700562,0.35421252250671387
YML091C,YOL093W,1,-0.10228385,0.1895604431629181,0.8230616450309753,0.35421252250671387
YNL245C,YMR039C,0,-0.10252114,0.1895170509815216,0.8230616450309753,0.35431259870529175
YNL208W,YGR205W,0,-0.10286608,0.1894736886024475,0.8230616450309753,0.35441264510154724
YPL137C,YLR196W,0,-0.10306747,0.1894303411245346,0.8230616450309753,0.3545127213001251
YKR045C,YEL069C,0,-0.10308783,0.1893870085477829,0.8230616450309753,0.3546127676963806
YNL083W,YLR417W,0,-0.103101164,0.18934370577335358,0.8230616450309753,0.3547128140926361
YNL192W,YNR073C,0,-0.10330383,0.18930041790008545,0.8230616450309753,0.354812890291214
YGR023W,YOR368W,0,-0.1034645,0.18925714492797852,0.8230616450309753,0.3549129366874695
YHL006C,YOR361C,0,-0.10365318,0.18921388685703278,0.8230616450309753,0.35501301288604736
YIL137C,YJL179W,0,-0.10410463,0.18917065858840942,0.8230616450309753,0.35511305928230286
YOR349W,YPR017C,0,-0.104164906,0.18912746012210846,0.8230616450309753,0.35521313548088074
YNL083W,YAL060W,0,-0.10433367,0.1890842616558075,0.8230616450309753,0.35531318187713623
YAL014C,YDR307W,0,-0.10446267,0.18904109299182892,0.8230616450309753,0.3554132580757141
YNL083W,YPL241C,0,-0.10452747,0.18899793922901154,0.8230616450309753,0.3555133044719696
YOR212W,YPR131C,0,-0.10482329,0.18895481526851654,0.8230616450309753,0.3556133806705475
YER042W,YHR072W,0,-0.10509661,0.18891170620918274,0.8230616450309753,0.355713427066803
YHR057C,YFL021W,0,-0.10519141,0.18886861205101013,0.8230616450309753,0.35581347346305847
YBL009W,YDR301W,0,-0.1058581,0.1888255476951599,0.8230616450309753,0.35591354966163635
YPL005W,YFL017W-A,0,-0.106197834,0.1887824833393097,0.8230616450309753,0.35601359605789185
YPR162C,YER139C,0,-0.10667436,0.18873946368694305,0.8230616450309753,0.3561136722564697
YLR181C,YPR072W,0,-0.10788866,0.18869644403457642,0.8230616450309753,0.3562137186527252
YBR281C,YFL038C,0,-0.10821353,0.18865345418453217,0.8230616450309753,0.3563137948513031
YLR165C,YLR085C,0,-0.10821816,0.1886104792356491,0.8230616450309753,0.3564138412475586
YJL123C,YEL051W,0,-0.10844267,0.18856751918792725,0.8230616450309753,0.3565139174461365
YLR369W,YPR124W,0,-0.10850231,0.18852458894252777,0.8230616450309753,0.35661396384239197
YHR079C-A,YLR310C,0,-0.10877009,0.1884816735982895,0.8230616450309753,0.35671404004096985
YLR359W,YKR031C,0,-0.10878231,0.1884387731552124,0.8230616450309753,0.35681408643722534
YPL057C,YOL130W,0,-0.10897885,0.1883959025144577,0.8230616450309753,0.3569141626358032
YBR293W,YHR058C,0,-0.10908456,0.1883530467748642,0.8230616450309753,0.3570142090320587
YAL030W,YKR085C,0,-0.10919124,0.18831020593643188,0.8230616450309753,0.3571142554283142
YMR286W,YBR258C,0,-0.10920161,0.18826739490032196,0.8230616450309753,0.3572143316268921
YLR460C,YPR163C,0,-0.10940547,0.18822459876537323,0.8230616450309753,0.3573143780231476
YMR167W,YIL120W,0,-0.10947186,0.1881818175315857,0.8230616450309753,0.35741445422172546
YDL132W,YOR236W,0,-0.10983989,0.18813906610012054,0.8230616450309753,0.35751450061798096
YDR373W,YIL043C,0,-0.10985558,0.1880963146686554,0.8230616450309753,0.35761457681655884
YNL070W,YPL076W,0,-0.10991098,0.18805359303951263,0.8230616450309753,0.35771462321281433
YLR284C,YLL003W,0,-0.11003147,0.18801090121269226,0.8230616450309753,0.3578146994113922
YJL079C,YDL202W,0,-0.11011268,0.18796822428703308,0.8230616450309753,0.3579147458076477
YBR103W,YNL005C,0,-0.11016627,0.1879255622625351,0.8230616450309753,0.3580148220062256
YGL171W,YOL004W,0,-0.11076222,0.1878829151391983,0.8230616450309753,0.3581148684024811
YCL017C,YDR030C,0,-0.11100745,0.1878402978181839,0.8230616450309753,0.3582149147987366
YPR030W,YCL035C,0,-0.111033276,0.1877976804971695,0.8230616450309753,0.35831499099731445
YFL003C,YDR392W,0,-0.111563586,0.18775510787963867,0.8230616450309753,0.35841503739356995
YGR278W,YOR002W,0,-0.1116074,0.18771253526210785,0.8230616450309753,0.3585151135921478
YLR426W,YNR003C,0,-0.11177401,0.18766999244689941,0.8230616450309753,0.3586151599884033
YMR288W,YDR261C,0,-0.112115435,0.18762746453285217,0.8230616450309753,0.3587152361869812
YNL059C,YGL022W,0,-0.11231699,0.18758495151996613,0.8230616450309753,0.3588152825832367
YPR159W,YNR063W,0,-0.11283074,0.18754246830940247,0.8230616450309753,0.3589153587818146
YLR092W,YKL006C-A,0,-0.11288118,0.1875,0.8230616450309753,0.35901540517807007
YLR002C,YBR279W,0,-0.11293699,0.18745754659175873,0.8230616450309753,0.35911548137664795
YBR272C,YGR072W,0,-0.11300642,0.18741512298583984,0.8230616450309753,0.35921552777290344
YJL225C,YCR035C,0,-0.113145396,0.18737271428108215,0.8230616450309753,0.3593156039714813
YGR074W,YOL112W,0,-0.113261744,0.18733032047748566,0.8230616450309753,0.3594156503677368
YGR142W,YGL044C,0,-0.11357358,0.18728794157505035,0.8230616450309753,0.3595156967639923
YPL192C,YJL030W,0,-0.11370994,0.18724559247493744,0.8230616450309753,0.3596157729625702
YKL069W,YLR187W,0,-0.11389204,0.18720325827598572,0.8230616450309753,0.3597158193588257
YER115C,YML052W,0,-0.11436333,0.1871609389781952,0.8230616450309753,0.35981589555740356
YJR027W,YDR213W,0,-0.11445367,0.18711864948272705,0.8230616450309753,0.35991594195365906
YPL040C,YBL085W,0,-0.11465675,0.1870763599872589,0.8230616450309753,0.36001601815223694
YPR127W,YIR028W,0,-0.115172416,0.18703411519527435,0.8230616450309753,0.36011606454849243
YOR180C,YPR083W,0,-0.11521563,0.1869918704032898,0.8230616450309753,0.3602161407470703
YPR056W,YER055C,0,-0.115345836,0.18694965541362762,0.8230616450309753,0.3603161871433258
YOR078W,YKL165C,0,-0.11535344,0.18690745532512665,0.8230616450309753,0.3604162633419037
YGL063W,YOR178C,0,-0.11535685,0.18686527013778687,0.8230616450309753,0.3605163097381592
YDR171W,YIR038C,0,-0.115375444,0.18682309985160828,0.8230616450309753,0.3606163561344147
YLR222C,YGL158W,0,-0.115999,0.18678095936775208,0.8230616450309753,0.36071643233299255
YPL175W,YKL081W,0,-0.11616664,0.18673883378505707,0.8230616450309753,0.36081647872924805
YDL070W,YLR039C,0,-0.11626877,0.18669672310352325,0.8230616450309753,0.3609165549278259
YGR276C,YOL141W,1,-0.116410986,0.18688006699085236,0.8240556716918945,0.3609165549278259
YKL043W,YPL227C,0,-0.11673358,0.18683795630931854,0.8240556716918945,0.3610166013240814
YPL181W,YIL147C,0,-0.11674245,0.18679586052894592,0.8240556716918945,0.3611166775226593
YBR221C,YER178W,0,-0.116789535,0.1867537796497345,0.8240556716918945,0.3612167239189148
YIL148W,YDL104C,0,-0.11687951,0.18671171367168427,0.8240556716918945,0.3613168001174927
YLR248W,YPR198W,0,-0.116981134,0.18666966259479523,0.8240556716918945,0.36141684651374817
YLR247C,YKL127W,0,-0.11698647,0.18662764132022858,0.8240556716918945,0.36151692271232605
YDR002W,YGR157W,0,-0.11707847,0.18658563494682312,0.8240556716918945,0.36161696910858154
YNL137C,YCL018W,0,-0.11717011,0.18654365837574005,0.8240556716918945,0.36171701550483704
YDR170C,YMR074C,0,-0.11721161,0.18650168180465698,0.8240556716918945,0.3618170917034149
YBR069C,YNL152W,0,-0.11737066,0.1864597350358963,0.8240556716918945,0.3619171380996704
YOL125W,YGR169C,1,-0.117809325,0.18664267659187317,0.8250496983528137,0.3619171380996704
YML056C,YHR165C,0,-0.11785339,0.1866007149219513,0.8250496983528137,0.3620172142982483
YDL044C,YKL222C,0,-0.11801871,0.1865587830543518,0.8250496983528137,0.3621172606945038
YGL195W,YDR210W,0,-0.11874132,0.18651685118675232,0.8250496983528137,0.36221733689308167
YIR035C,YHL002W,0,-0.11886497,0.18647494912147522,0.8250496983528137,0.36231738328933716
YPL248C,YPL023C,0,-0.119248524,0.18643306195735931,0.8250496983528137,0.36241745948791504
YMR046C,YOR132W,0,-0.11931197,0.1863911896944046,0.8250496983528137,0.36251750588417053
YGR211W,YPL192C,0,-0.11931578,0.18634934723377228,0.8250496983528137,0.3626175820827484
YHL027W,YJR035W,0,-0.11956829,0.18630751967430115,0.8250496983528137,0.3627176284790039
YCR038C,YNL047C,0,-0.1196135,0.1862657070159912,0.8250496983528137,0.3628177046775818
YGR280C,YLR027C,0,-0.11972836,0.18622392416000366,0.8250496983528137,0.3629177510738373
YOR086C,YLR004C,0,-0.11975853,0.1861821413040161,0.8250496983528137,0.3630177974700928
YBR021W,YHR103W,0,-0.11984812,0.18614038825035095,0.8250496983528137,0.36311787366867065
YJL104W,YBR162W-A,0,-0.119858414,0.18609865009784698,0.8250496983528137,0.36321792006492615
YNR006W,YJR119C,0,-0.11991874,0.1860569417476654,0.8250496983528137,0.36331799626350403
YBR254C,YHR118C,0,-0.11994174,0.18601523339748383,0.8250496983528137,0.3634180426597595
YKR046C,YEL020C,0,-0.120082155,0.18597355484962463,0.8250496983528137,0.3635181188583374
YMR075W,YNL270C,0,-0.12016077,0.18593190610408783,0.8250496983528137,0.3636181652545929
YGL050W,YCL017C,1,-0.12024471,0.18611422181129456,0.8260437250137329,0.3636181652545929
YMR046C,YOL057W,0,-0.12040475,0.18607254326343536,0.8260437250137329,0.3637182414531708
YNL279W,YPR145W,0,-0.12042016,0.18603089451789856,0.8260437250137329,0.36381828784942627
YOL017W,YPR124W,0,-0.12046103,0.18598926067352295,0.8260437250137329,0.36391836404800415
YAR033W,YJR014W,0,-0.120473295,0.18594764173030853,0.8260437250137329,0.36401841044425964
YOL115W,YMR029C,0,-0.12071115,0.1859060376882553,0.8260437250137329,0.36411845684051514
YAL031C,YPR152C,0,-0.12092103,0.18586446344852448,0.8260437250137329,0.364218533039093
YHR012W,YJL180C,0,-0.1209645,0.18582290410995483,0.8260437250137329,0.3643185794353485
YLR209C,YAL033W,0,-0.121190295,0.1857813596725464,0.8260437250137329,0.3644186556339264
YPL241C,YDR004W,0,-0.12124093,0.18573983013629913,0.8260437250137329,0.3645187020301819
YLR119W,YIL031W,0,-0.121445134,0.18569833040237427,0.8260437250137329,0.36461877822875977
YBR239C,YJR053W,0,-0.12158474,0.1856568306684494,0.8260437250137329,0.36471882462501526
YPL120W,YLL040C,0,-0.12183015,0.18561536073684692,0.8260437250137329,0.36481890082359314
YLR089C,YBL052C,0,-0.122027025,0.18557392060756683,0.8260437250137329,0.36491894721984863
YDR415C,YBR162C,0,-0.1221949,0.18553248047828674,0.8260437250137329,0.3650190234184265
YBR221C,YGL133W,0,-0.12255313,0.18549107015132904,0.8260437250137329,0.365119069814682
YML107C,YIL049W,0,-0.12331349,0.18544967472553253,0.8260437250137329,0.3652191460132599
YDL207W,YLR220W,0,-0.12337888,0.18540829420089722,0.8260437250137329,0.3653191924095154
YPL119C,YDR515W,0,-0.12345345,0.1853669434785843,0.8260437250137329,0.3654192388057709
YBL011W,YDR141C,0,-0.123502105,0.18532560765743256,0.8260437250137329,0.36551931500434875
YOR117W,YGR166W,0,-0.123675734,0.18528428673744202,0.8260437250137329,0.36561936140060425
YCR043C,YKL120W,0,-0.12415348,0.18524298071861267,0.8260437250137329,0.36571943759918213
YCR026C,YER001W,0,-0.12416801,0.18520168960094452,0.8260437250137329,0.3658194839954376
YGR094W,YMR227C,0,-0.124226645,0.18516042828559875,0.8260437250137329,0.3659195601940155
YLR226W,YHR030C,0,-0.12441808,0.18511918187141418,0.8260437250137329,0.366019606590271
YPL006W,YNL082W,0,-0.12469202,0.1850779503583908,0.8260437250137329,0.3661196827888489
YDR498C,YHR134W,0,-0.124813765,0.18503673374652863,0.8260437250137329,0.36621972918510437
YIL013C,YGL200C,0,-0.12483354,0.18499554693698883,0.8260437250137329,0.36631980538368225
YDR446W,YJR093C,0,-0.124950826,0.18495437502861023,0.8260437250137329,0.36641985177993774
YLR324W,YNL236W,0,-0.1250032,0.18491321802139282,0.8260437250137329,0.36651989817619324
YLR452C,YLR024C,0,-0.1251629,0.1848720759153366,0.8260437250137329,0.3666199743747711
YPL212C,YCL017C,1,-0.12533718,0.18505337834358215,0.8270377516746521,0.3666199743747711
YML091C,YPL212C,1,-0.125351,0.18523460626602173,0.8280318379402161,0.3666199743747711
YDL132W,YKL155C,0,-0.1255507,0.18519341945648193,0.8280318379402161,0.3667200207710266
YMR177W,YBR192W,0,-0.1258486,0.18515226244926453,0.8280318379402161,0.3668200969696045
YGL002W,YMR300C,0,-0.12597339,0.18511110544204712,0.8280318379402161,0.36692014336586
YML098W,YCL051W,0,-0.12601943,0.1850699782371521,0.8280318379402161,0.36702021956443787
YOL095C,YOL069W,0,-0.12617904,0.18502888083457947,0.8280318379402161,0.36712026596069336
YDR039C,YER149C,0,-0.1261885,0.18498778343200684,0.8280318379402161,0.36722034215927124
YBR098W,YGL061C,0,-0.12625374,0.1849467158317566,0.8280318379402161,0.36732038855552673
YNL279W,YDL226C,0,-0.12654427,0.18490566313266754,0.8280318379402161,0.3674204647541046
YAL014C,YLR329W,0,-0.12676062,0.18486462533473969,0.8280318379402161,0.3675205111503601
YOL145C,YPR105C,0,-0.12676732,0.18482360243797302,0.8280318379402161,0.3676205575466156
YIL168W,YJL054W,0,-0.12701157,0.18478260934352875,0.8280318379402161,0.3677206337451935
YLR425W,YKL063C,0,-0.12705365,0.18474163115024567,0.8280318379402161,0.367820680141449
YNL147W,YGL063W,1,-0.1273701,0.18492239713668823,0.8290258646011353,0.367820680141449
YMR308C,YKR034W,0,-0.12740402,0.18488140404224396,0.8290258646011353,0.36792075634002686
YGL093W,YDL170W,0,-0.12744932,0.18484042584896088,0.8290258646011353,0.36802080273628235
YLL042C,YBL102W,0,-0.12765399,0.184799462556839,0.8290258646011353,0.36812087893486023
YPR191W,YKL163W,0,-0.12774187,0.1847585290670395,0.8290258646011353,0.3682209253311157
YLR431C,YKL022C,0,-0.12775886,0.18471761047840118,0.8290258646011353,0.3683210015296936
YDR164C,YCR102C,0,-0.12777518,0.18467670679092407,0.8290258646011353,0.3684210479259491
YDL160C,YCR042C,0,-0.12808992,0.18463581800460815,0.8290258646011353,0.368521124124527
YKL149C,YGL170C,0,-0.12810862,0.18459495902061462,0.8290258646011353,0.36862117052078247
YBR217W,YMR030W,0,-0.12927938,0.1845541000366211,0.8290258646011353,0.36872124671936035
YIL135C,YJR054W,0,-0.12989391,0.18451327085494995,0.8290258646011353,0.36882129311561584
YLR208W,YDR338C,0,-0.12989771,0.18447245657444,0.8290258646011353,0.36892133951187134
YEL005C,YER150W,0,-0.1299063,0.18443167209625244,0.8290258646011353,0.3690214157104492
YKR054C,YLR130C,0,-0.12992425,0.18439088761806488,0.8290258646011353,0.3691214621067047
YMR067C,YJL128C,0,-0.13015872,0.1843501329421997,0.8290258646011353,0.3692215383052826
YIR004W,YFR040W,0,-0.13046488,0.18430939316749573,0.8290258646011353,0.3693215847015381
YLL053C,YLR138W,0,-0.13080208,0.18426866829395294,0.8290258646011353,0.36942166090011597
YIL123W,YGR003W,0,-0.13105856,0.18422795832157135,0.8290258646011353,0.36952170729637146
YHR004C,YML127W,0,-0.13171507,0.18418727815151215,0.8290258646011353,0.36962178349494934
YDR105C,YOL115W,0,-0.13198858,0.18414661288261414,0.8290258646011353,0.36972182989120483
YKL186C,YPL081W,0,-0.13235234,0.18410596251487732,0.8290258646011353,0.3698219060897827
YDR285W,YDR462W,0,-0.13275972,0.1840653270483017,0.8290258646011353,0.3699219524860382
YBL040C,YER119C,0,-0.13276562,0.18402470648288727,0.8290258646011353,0.3700219988822937
YER168C,YBR236C,0,-0.13310722,0.18398411571979523,0.8290258646011353,0.3701220750808716
YBR022W,YNL062C,1,-0.13315307,0.18416409194469452,0.8300198912620544,0.3701220750808716
YHR006W,YJL035C,1,-0.1332966,0.18434399366378784,0.8310139179229736,0.3701220750808716
YOR237W,YOR349W,0,-0.13330933,0.18430335819721222,0.8310139179229736,0.3702221214771271
YNL302C,YJR095W,0,-0.13333748,0.1842627227306366,0.8310139179229736,0.37032219767570496
YOR189W,YFL014W,0,-0.13352023,0.18422211706638336,0.8310139179229736,0.37042224407196045
YGL033W,YJL209W,0,-0.13373564,0.18418154120445251,0.8310139179229736,0.37052232027053833
YKL103C,YGR222W,0,-0.13415565,0.18414096534252167,0.8310139179229736,0.3706223666667938
YOR190W,YJR117W,0,-0.13453397,0.1841004192829132,0.8310139179229736,0.3707224428653717
YML107C,YJR129C,0,-0.13467276,0.18405988812446594,0.8310139179229736,0.3708224892616272
YBR191W,YGL020C,0,-0.1347958,0.18401937186717987,0.8310139179229736,0.3709225654602051
YGR282C,YGL186C,0,-0.13524637,0.183978870511055,0.8310139179229736,0.37102261185646057
YDL156W,YER042W,0,-0.13557823,0.1839383989572525,0.8310139179229736,0.37112268805503845
YDR090C,YOL132W,0,-0.13564314,0.18389792740345,0.8310139179229736,0.37122273445129395
YLR017W,YCR020W-B,0,-0.13581568,0.1838574856519699,0.8310139179229736,0.37132278084754944
YPL006W,YOL119C,0,-0.13584149,0.183817058801651,0.8310139179229736,0.3714228570461273
YOL039W,YMR149W,0,-0.13664167,0.1837766468524933,0.8310139179229736,0.3715229034423828
YAL039C,YKR055W,0,-0.13674337,0.18373626470565796,0.8310139179229736,0.3716229796409607
YHR211W,YNL329C,0,-0.13675517,0.18369589745998383,0.8310139179229736,0.3717230260372162
YPL087W,YOR008C,0,-0.13681166,0.1836555302143097,0.8310139179229736,0.37182310223579407
YLR058C,YLR406C,0,-0.13702077,0.18361519277095795,0.8310139179229736,0.37192314863204956
YIL091C,YOR222W,0,-0.13706507,0.1835748851299286,0.8310139179229736,0.37202322483062744
YDR323C,YOR018W,0,-0.13744672,0.18353457748889923,0.8310139179229736,0.37212327122688293
YGR133W,YFR018C,0,-0.13757917,0.18349429965019226,0.8310139179229736,0.3722233474254608
YPL233W,YJL002C,0,-0.13779654,0.1834540218114853,0.8310139179229736,0.3723233938217163
YGL033W,YGR186W,0,-0.13783081,0.1834137737751007,0.8310139179229736,0.3724234402179718
YBR254C,YOR083W,0,-0.1379975,0.18337354063987732,0.8310139179229736,0.3725235164165497
YOR138C,YBR288C,0,-0.13800673,0.18333333730697632,0.8310139179229736,0.3726235628128052
YOR336W,YCR069W,0,-0.13868333,0.18329313397407532,0.8310139179229736,0.37272363901138306
YIL079C,YDL084W,0,-0.13891248,0.1832529604434967,0.8310139179229736,0.37282368540763855
YOR030W,YDR034C,0,-0.13928716,0.18321280181407928,0.8310139179229736,0.37292376160621643
YOL043C,YLR160C,0,-0.13954869,0.18317265808582306,0.8310139179229736,0.3730238080024719
YDR414C,YJR054W,0,-0.13957107,0.18313252925872803,0.8310139179229736,0.3731238842010498
YBR161W,YIL153W,0,-0.13989346,0.1830924153327942,0.8310139179229736,0.3732239305973053
YOR239W,YBR096W,0,-0.14015968,0.18305233120918274,0.8310139179229736,0.3733240067958832
YMR059W,YAL043C,1,-0.14029963,0.1832311749458313,0.8320079445838928,0.3733240067958832
YPL002C,YGL142C,0,-0.14030379,0.18319107592105865,0.8320079445838928,0.37342405319213867
YDL106C,YGR044C,0,-0.14034018,0.1831509917974472,0.8320079445838928,0.37352409958839417
YDR394W,YDL128W,0,-0.14034764,0.18311092257499695,0.8320079445838928,0.37362417578697205
YPL110C,YNL118C,0,-0.1407252,0.18307086825370789,0.8320079445838928,0.37372422218322754
YGL209W,YML006C,0,-0.14113973,0.18303082883358002,0.8320079445838928,0.3738242983818054
YHR043C,YGR122W,0,-0.14166544,0.18299081921577454,0.8320079445838928,0.3739243447780609
YLR305C,YBL031W,0,-0.1421996,0.18295082449913025,0.8320079445838928,0.3740244209766388
YOR073W,YDR345C,0,-0.14229476,0.18291084468364716,0.8320079445838928,0.3741244673728943
YBR294W,YDR153C,0,-0.14235877,0.18287087976932526,0.8320079445838928,0.37422454357147217
YHR142W,YOR231W,0,-0.14272411,0.18283092975616455,0.8320079445838928,0.37432458996772766
YJL130C,YGR246C,0,-0.14281972,0.18279100954532623,0.8320079445838928,0.37442466616630554
YML049C,YLR308W,0,-0.14291203,0.18275108933448792,0.8320079445838928,0.37452471256256104
YMR008C,YGR036C,0,-0.14321773,0.18271119892597198,0.8320079445838928,0.3746247887611389
YHR033W,YOL141W,0,-0.14336556,0.18267132341861725,0.8320079445838928,0.3747248351573944
YPL056C,YAL047C,0,-0.14340104,0.1826314628124237,0.8320079445838928,0.3748248815536499
YLR330W,YEL060C,0,-0.14362048,0.18259161710739136,0.8320079445838928,0.3749249577522278
YLR453C,YER176W,0,-0.14363159,0.1825518012046814,0.8320079445838928,0.3750250041484833
YDR191W,YHR146W,0,-0.1436994,0.18251200020313263,0.8320079445838928,0.37512508034706116
YAL022C,YDL227C,0,-0.1442507,0.18247219920158386,0.8320079445838928,0.37522512674331665
YJR140C,YNL139C,0,-0.14451255,0.18243242800235748,0.8320079445838928,0.37532520294189453
YNR036C,YAR003W,0,-0.14459932,0.1823926717042923,0.8320079445838928,0.37542524933815
YOR274W,YBR022W,1,-0.14529476,0.18257080018520355,0.833001971244812,0.37542524933815
YPL053C,YGL172W,0,-0.14535621,0.18253104388713837,0.833001971244812,0.3755253255367279
YMR052W,YPR071W,0,-0.14536843,0.18249128758907318,0.833001971244812,0.3756253719329834
YER060W,YLR047C,0,-0.14538239,0.18245156109333038,0.833001971244812,0.3757254481315613
YHL017W,YEL060C,0,-0.1459541,0.18241183459758759,0.833001971244812,0.3758254945278168
YDL081C,YHR120W,0,-0.14596784,0.18237213790416718,0.833001971244812,0.37592554092407227
YML025C,YHL015W,0,-0.1463787,0.18233245611190796,0.833001971244812,0.37602561712265015
YER018C,YLL066C,0,-0.14699669,0.18229280412197113,0.833001971244812,0.37612566351890564
YLR332W,YKL119C,0,-0.14717422,0.1822531521320343,0.833001971244812,0.3762257397174835
YGL209W,YDR519W,0,-0.1471915,0.18221352994441986,0.833001971244812,0.376325786113739
YDL084W,YHL028W,0,-0.14734855,0.18217390775680542,0.833001971244812,0.3764258623123169
YLR084C,YLR425W,0,-0.14736623,0.18213431537151337,0.833001971244812,0.3765259087085724
YDR170C,YMR079W,0,-0.14753544,0.1820947378873825,0.833001971244812,0.37662598490715027
YJR149W,YOL012C,0,-0.14798237,0.18205517530441284,0.833001971244812,0.37672603130340576
YNL254C,YHR007C,0,-0.14817795,0.18201564252376556,0.833001971244812,0.37682610750198364
YOR074C,YKL134C,0,-0.14841236,0.1819761097431183,0.833001971244812,0.37692615389823914
YDR405W,YBR258C,0,-0.14843003,0.1819366067647934,0.833001971244812,0.377026230096817
YFL033C,YOR351C,0,-0.14848098,0.1818971186876297,0.833001971244812,0.3771262764930725
YGR209C,YFR010W,0,-0.14856207,0.1818576455116272,0.833001971244812,0.377226322889328
YER049W,YKL165C,0,-0.1487075,0.1818181872367859,0.833001971244812,0.3773263990879059
YEL029C,YFL045C,0,-0.14878479,0.18177874386310577,0.833001971244812,0.3774264454841614
YER042W,YOL012C,0,-0.14880212,0.18173931539058685,0.833001971244812,0.37752652168273926
YMR115W,YNL107W,0,-0.14886926,0.18169991672039032,0.833001971244812,0.37762656807899475
YCR065W,YPR144C,0,-0.14894043,0.1816605180501938,0.833001971244812,0.37772664427757263
YJR054W,YNR032W,0,-0.14910862,0.18162114918231964,0.833001971244812,0.3778266906738281
YPL018W,YML013W,0,-0.1497016,0.1815817952156067,0.833001971244812,0.377926766872406
YJR131W,YOL038W,0,-0.14983973,0.18154245615005493,0.833001971244812,0.3780268132686615
YOR086C,YCL044C,0,-0.14986287,0.18150314688682556,0.833001971244812,0.3781268894672394
YDR062W,YLL010C,0,-0.15004504,0.1814638376235962,0.833001971244812,0.3782269358634949
YOR087W,YPR143W,0,-0.15016426,0.1814245581626892,0.833001971244812,0.37832698225975037
YOL090W,YDR392W,0,-0.15023036,0.18138527870178223,0.833001971244812,0.37842705845832825
YKL189W,YNR031C,0,-0.15034765,0.18134602904319763,0.833001971244812,0.37852710485458374
YNL003C,YMR090W,0,-0.15069905,0.18130679428577423,0.833001971244812,0.3786271810531616
YER168C,YBR022W,1,-0.1509064,0.18148387968540192,0.8339959979057312,0.3786271810531616
YGR030C,YDR256C,0,-0.15104069,0.18144463002681732,0.8339959979057312,0.3787272274494171
YKL145W,YCL051W,0,-0.15109727,0.18140541017055511,0.8339959979057312,0.378827303647995
YFL002C,YKL079W,0,-0.15112568,0.1813661903142929,0.8339959979057312,0.3789273500442505
YDR174W,YGR283C,0,-0.15117414,0.1813270002603531,0.8339959979057312,0.37902742624282837
YDL113C,YGL166W,0,-0.15121464,0.18128781020641327,0.8339959979057312,0.37912747263908386
YFR055W,YOL004W,0,-0.15126038,0.18124864995479584,0.8339959979057312,0.37922754883766174
YBR128C,YPL140C,0,-0.15130685,0.1812095046043396,0.8339959979057312,0.37932759523391724
YLR314C,YBR077C,0,-0.15161978,0.18117037415504456,0.8339959979057312,0.3794276714324951
YLR020C,YPR124W,0,-0.1518534,0.1811312586069107,0.8339959979057312,0.3795277178287506
YPR149W,YMR081C,0,-0.15196061,0.18109215795993805,0.8339959979057312,0.3796277642250061
YLR047C,YOL089C,0,-0.15201016,0.18105308711528778,0.8339959979057312,0.379727840423584
YOL001W,YHR132C,0,-0.15215567,0.1810140311717987,0.8339959979057312,0.3798278868198395
YMR115W,YPR135W,0,-0.15227006,0.18097497522830963,0.8339959979057312,0.37992796301841736
YOR324C,YPL179W,0,-0.15229459,0.18093594908714294,0.8339959979057312,0.38002800941467285
YDL049C,YOL070C,0,-0.15240632,0.18089693784713745,0.8339959979057312,0.38012808561325073
YFL048C,YDR404C,0,-0.15256296,0.18085794150829315,0.8339959979057312,0.3802281320095062
YAL001C,YJR067C,0,-0.15260991,0.18081896007061005,0.8339959979057312,0.3803282082080841
YDR406W,YJR109C,0,-0.15283197,0.18078000843524933,0.8339959979057312,0.3804282546043396
YNR003C,YDR175C,0,-0.15284781,0.1807410567998886,0.8339959979057312,0.3805283308029175
YDR378C,YAL020C,1,-0.15300424,0.18091751635074615,0.8349900841712952,0.3805283308029175
YKL205W,YHR051W,0,-0.15310721,0.18087854981422424,0.8349900841712952,0.380628377199173
YLR070C,YLR376C,0,-0.1531956,0.18083961308002472,0.8349900841712952,0.38072842359542847
YML045W,YLR390W,0,-0.1533103,0.1808006912469864,0.8349900841712952,0.38082849979400635
YOR011W,YBL013W,0,-0.15331869,0.18076178431510925,0.8349900841712952,0.38092854619026184
YGR202C,YLR352W,0,-0.15348686,0.1807228922843933,0.8349900841712952,0.3810286223888397
YBL002W,YLR141W,0,-0.1535211,0.18068401515483856,0.8349900841712952,0.3811286687850952
YCL044C,YGR091W,0,-0.15365086,0.1806451678276062,0.8349900841712952,0.3812287449836731
YML045W,YGL004C,0,-0.15368347,0.18060632050037384,0.8349900841712952,0.3813287913799286
YDL147W,YAL061W,0,-0.15378009,0.18056750297546387,0.8349900841712952,0.38142886757850647
YBR057C,YOL078W,0,-0.15393052,0.1805286854505539,0.8349900841712952,0.38152891397476196
YBR182C,YKR044W,0,-0.15396246,0.1804898977279663,0.8349900841712952,0.38162899017333984
YJL093C,YOR172W,0,-0.15396333,0.18045112490653992,0.8349900841712952,0.38172903656959534
YPL036W,YDL202W,0,-0.1540635,0.18041236698627472,0.8349900841712952,0.38182908296585083
YHR185C,YEL031W,0,-0.15433428,0.18037362396717072,0.8349900841712952,0.3819291591644287
YDL247W,YPR030W,0,-0.1546135,0.1803349107503891,0.8349900841712952,0.3820292055606842
YMR123W,YMR149W,0,-0.15497345,0.18029619753360748,0.8349900841712952,0.3821292817592621
YJL117W,YOL020W,0,-0.15500844,0.18025751411914825,0.8349900841712952,0.3822293281555176
YDR017C,YGR163W,0,-0.15516946,0.18021883070468903,0.8349900841712952,0.38232940435409546
YMR202W,YML127W,0,-0.15520863,0.18018017709255219,0.8349900841712952,0.38242945075035095
YML082W,YLR037C,0,-0.15548714,0.18014153838157654,0.8349900841712952,0.38252952694892883
YIL177C,YGR121C,0,-0.15587774,0.18010291457176208,0.8349900841712952,0.3826295733451843
YOR144C,YPL268W,0,-0.15629415,0.18006430566310883,0.8349900841712952,0.3827296495437622
YCL020W,YBR189W,0,-0.15631606,0.18002571165561676,0.8349900841712952,0.3828296959400177
YNL281W,YPL283C,0,-0.15685992,0.17998714745044708,0.8349900841712952,0.3829297721385956
YDL119C,YGL166W,0,-0.15695979,0.1799485832452774,0.8349900841712952,0.3830298185348511
YIL105C,YER102W,0,-0.15710734,0.17991004884243011,0.8349900841712952,0.38312986493110657
YPL135W,YFR034C,0,-0.15711448,0.17987151443958282,0.8349900841712952,0.38322994112968445
YHR035W,YDR490C,0,-0.15720335,0.17983300983905792,0.8349900841712952,0.38332998752593994
YKL001C,YDR386W,0,-0.15720695,0.1797945201396942,0.8349900841712952,0.3834300637245178
YIR015W,YLR401C,1,-0.15724836,0.17997004091739655,0.8359841108322144,0.3834300637245178
YGR166W,YLR352W,0,-0.15731518,0.17993153631687164,0.8359841108322144,0.3835301101207733
YAL002W,YKR049C,0,-0.15735169,0.17989304661750793,0.8359841108322144,0.3836301863193512
YNL219C,YPL244C,0,-0.15764791,0.17985457181930542,0.8359841108322144,0.3837302327156067
YJL209W,YOR034C,0,-0.15769155,0.1798161268234253,0.8359841108322144,0.38383030891418457
YPL129W,YPL188W,0,-0.15776558,0.17977768182754517,0.8359841108322144,0.38393035531044006
YDR076W,YNL329C,0,-0.15783,0.17973926663398743,0.8359841108322144,0.38403043150901794
YER093C,YOR329C,0,-0.15784232,0.1797008514404297,0.8359841108322144,0.38413047790527344
YFR029W,YPR183W,0,-0.15789011,0.17966246604919434,0.8359841108322144,0.38423052430152893
YBR239C,YKL161C,0,-0.1579131,0.17962409555912018,0.8359841108322144,0.3843306005001068
YER129W,YHL020C,0,-0.15805689,0.17958573997020721,0.8359841108322144,0.3844306468963623
YMR232W,YLR166C,0,-0.15862931,0.17954739928245544,0.8359841108322144,0.3845307230949402
YJR028W,YDR499W,0,-0.15866263,0.17950907349586487,0.8359841108322144,0.3846307694911957
YGR200C,YMR023C,1,-0.1588655,0.17968416213989258,0.8369781374931335,0.3846307694911957
YOL112W,YNL133C,0,-0.15893047,0.1796458214521408,0.8369781374931335,0.38473084568977356
YKL006W,YOR083W,0,-0.1590048,0.17960751056671143,0.8369781374931335,0.38483089208602905
YEL004W,YJL130C,0,-0.15902463,0.17956919968128204,0.8369781374931335,0.38493096828460693
YER137C,YER028C,0,-0.15925446,0.17953091859817505,0.8369781374931335,0.3850310146808624
YPL268W,YDR411C,0,-0.15926917,0.17949265241622925,0.8369781374931335,0.3851310908794403
YMR275C,YDR437W,0,-0.15930173,0.17945438623428345,0.8369781374931335,0.3852311372756958
YJL005W,YPR061C,0,-0.15942258,0.17941614985466003,0.8369781374931335,0.3853312134742737
YLR117C,YBL013W,0,-0.15953673,0.17937792837619781,0.8369781374931335,0.3854312598705292
YDR105C,YOR251C,0,-0.1596326,0.1793397217988968,0.8369781374931335,0.38553130626678467
YIR015W,YGL243W,1,-0.1596827,0.17951448261737823,0.8379721641540527,0.38553130626678467
YMR270C,YNL006W,0,-0.15972428,0.17947626113891602,0.8379721641540527,0.38563138246536255
YCR043C,YKR034W,0,-0.159831,0.179438054561615,0.8379721641540527,0.38573142886161804
YBR019C,YBL091C,0,-0.1599527,0.17939987778663635,0.8379721641540527,0.3858315050601959
YOR157C,YOR033C,0,-0.16019014,0.17936170101165771,0.8379721641540527,0.3859315514564514
YHL009C,YKL043W,0,-0.1604074,0.17932355403900146,0.8379721641540527,0.3860316276550293
YHL031C,YNL238W,0,-0.16059892,0.17928540706634521,0.8379721641540527,0.3861316740512848
YLR350W,YIL170W,0,-0.16090566,0.17924728989601135,0.8379721641540527,0.38623175024986267
YOR380W,YER062C,0,-0.16098316,0.17920918762683868,0.8379721641540527,0.38633179664611816
YHR033W,YGR083C,0,-0.16114752,0.1791711002588272,0.8379721641540527,0.38643187284469604
YOR074C,YGL200C,0,-0.16133589,0.17913302779197693,0.8379721641540527,0.38653191924095154
YGR118W,YIL095W,0,-0.16136318,0.17909497022628784,0.8379721641540527,0.38663196563720703
YNL317W,YLR256W,0,-0.16160657,0.17905692756175995,0.8379721641540527,0.3867320418357849
YLL018C,YHL027W,0,-0.16173448,0.17901889979839325,0.8379721641540527,0.3868320882320404
YDR397C,YLL017W,0,-0.16174623,0.17898088693618774,0.8379721641540527,0.3869321644306183
YOR377W,YJR049C,0,-0.1617557,0.17894290387630463,0.8379721641540527,0.3870322108268738
YLR116W,YGR260W,0,-0.16176811,0.1789049208164215,0.8379721641540527,0.38713228702545166
YGR134W,YJR152W,0,-0.16180272,0.17886696755886078,0.8379721641540527,0.38723233342170715
YML014W,YCL017C,1,-0.16187173,0.17904114723205566,0.8389661908149719,0.38723233342170715
YGL232W,YMR047C,1,-0.16194734,0.17921526730060577,0.8399602174758911,0.38723233342170715
YIR022W,YPL116W,0,-0.16196075,0.17917726933956146,0.8399602174758911,0.38733240962028503
YPR066W,YGL256W,0,-0.16212377,0.17913928627967834,0.8399602174758911,0.3874324560165405
YIR011C,YNL102W,0,-0.16252889,0.17910131812095642,0.8399602174758911,0.3875325322151184
YDR144C,YKR022C,0,-0.16262877,0.1790633648633957,0.8399602174758911,0.3876325786113739
YGL122C,YLR191W,0,-0.1627114,0.17902542650699615,0.8399602174758911,0.3877326250076294
YPL207W,YBR022W,1,-0.16304691,0.17919932305812836,0.8409543037414551,0.3877326250076294
YLR328W,YCR089W,0,-0.1631095,0.17916136980056763,0.8409543037414551,0.3878327012062073
YLR369W,YFL053W,0,-0.1631414,0.1791234314441681,0.8409543037414551,0.38793274760246277
YDL107W,YDL098C,0,-0.16329728,0.17908552289009094,0.8409543037414551,0.38803282380104065
YIL127C,YPL234C,0,-0.16334398,0.1790476143360138,0.8409543037414551,0.38813287019729614
YJR027W,YJL127C,0,-0.16378435,0.17900973558425903,0.8409543037414551,0.388232946395874
YOR011W,YER160C,0,-0.1638655,0.17897185683250427,0.8409543037414551,0.3883329927921295
YHR084W,YBR004C,0,-0.16436587,0.1789340078830719,0.8409543037414551,0.3884330689907074
YNL006W,YBL035C,0,-0.16441284,0.17889617383480072,0.8409543037414551,0.3885331153869629
YAR050W,YBR023C,0,-0.16479246,0.17885835468769073,0.8409543037414551,0.38863319158554077
YKR095W,YPL084W,0,-0.16479617,0.17882055044174194,0.8409543037414551,0.38873323798179626
YIL047C,YDR332W,0,-0.16489434,0.17878276109695435,0.8409543037414551,0.38883331418037415
YOL148C,YNL315C,0,-0.16489467,0.17874498665332794,0.8409543037414551,0.38893336057662964
YJR117W,YOR132W,0,-0.16500282,0.17870722711086273,0.8409543037414551,0.38903340697288513
YPL275W,YJR010W,0,-0.16501434,0.17866948246955872,0.8409543037414551,0.389133483171463
YPL200W,YGL093W,0,-0.16515695,0.1786317527294159,0.8409543037414551,0.3892335295677185
YOR060C,YIL017C,0,-0.16545948,0.17859405279159546,0.8409543037414551,0.3893336057662964
YOL148C,YOR118W,0,-0.1658165,0.17855635285377502,0.8409543037414551,0.3894336521625519
YLL051C,YCR106W,0,-0.16583684,0.17851866781711578,0.8409543037414551,0.38953372836112976
YMR232W,YLR383W,0,-0.1658555,0.17848101258277893,0.8409543037414551,0.38963377475738525
YBL031W,YLR052W,0,-0.16643266,0.17844337224960327,0.8409543037414551,0.38973385095596313
YHR057C,YHR043C,0,-0.16650207,0.1784057319164276,0.8409543037414551,0.38983389735221863
YLR376C,YOL082W,0,-0.16652215,0.17836812138557434,0.8409543037414551,0.3899339735507965
YPR066W,YPL047W,0,-0.16663717,0.17833052575588226,0.8409543037414551,0.390034019947052
YGR238C,YLR102C,0,-0.16688558,0.17829294502735138,0.8409543037414551,0.3901340663433075
YIL021W,YIL037C,0,-0.16702297,0.1782553791999817,0.8409543037414551,0.3902341425418854
YJL144W,YCR083W,0,-0.16709782,0.1782178282737732,0.8409543037414551,0.39033418893814087
YOR001W,YLR189C,0,-0.16741733,0.1781802922487259,0.8409543037414551,0.39043426513671875
YJR120W,YGL171W,0,-0.16765235,0.17814277112483978,0.8409543037414551,0.39053431153297424
YBR074W,YPL118W,0,-0.16765651,0.17810526490211487,0.8409543037414551,0.3906343877315521
YIL095W,YAL047C,0,-0.16810673,0.17806777358055115,0.8409543037414551,0.3907344341278076
YOL148C,YJR103W,0,-0.16817921,0.17803029716014862,0.8409543037414551,0.3908345103263855
YLR102C,YER146W,0,-0.16818486,0.17799285054206848,0.8409543037414551,0.390934556722641
YGR277C,YNR028W,0,-0.16832533,0.17795540392398834,0.8409543037414551,0.39103463292121887
YDR137W,YDR407C,0,-0.16850331,0.1779179871082306,0.8409543037414551,0.39113467931747437
YJR050W,YJR026W,0,-0.16879897,0.17788057029247284,0.8409543037414551,0.39123475551605225
YCR002C,YGL250W,0,-0.16890115,0.17784318327903748,0.8409543037414551,0.39133480191230774
YKR102W,YMR077C,0,-0.1690289,0.1778057962656021,0.8409543037414551,0.39143484830856323
YOL055C,YBL063W,0,-0.16974494,0.17776843905448914,0.8409543037414551,0.3915349245071411
YDR009W,YPR105C,0,-0.16985963,0.17773109674453735,0.8409543037414551,0.3916349709033966
YDL054C,YDL236W,0,-0.16989191,0.17769375443458557,0.8409543037414551,0.3917350471019745
YLR026C,YDR262W,0,-0.1699283,0.17765644192695618,0.8409543037414551,0.39183509349823
YLR315W,YDR254W,0,-0.17014137,0.17761914432048798,0.8409543037414551,0.39193516969680786
YML071C,YDL083C,0,-0.17016038,0.17758186161518097,0.8409543037414551,0.39203521609306335
YJL203W,YBL027W,0,-0.17106584,0.17754459381103516,0.8409543037414551,0.39213529229164124
YOR147W,YOR168W,0,-0.17139798,0.17750734090805054,0.8409543037414551,0.39223533868789673
YDR205W,YMR123W,0,-0.17160085,0.1774701029062271,0.8409543037414551,0.3923354148864746
YLR390W-A,YFL055W,0,-0.17198235,0.17743287980556488,0.8409543037414551,0.3924354612827301
YNL286W,YPR152C,0,-0.17243,0.17739568650722504,0.8409543037414551,0.3925355076789856
YGR180C,YGL187C,0,-0.17246902,0.1773584932088852,0.8409543037414551,0.3926355838775635
YNL097C,YDR429C,0,-0.17260332,0.17732131481170654,0.8409543037414551,0.39273563027381897
YLR361C,YLR442C,0,-0.17261063,0.1772841513156891,0.8409543037414551,0.39283570647239685
YLR353W,YKR001C,0,-0.17276771,0.17724701762199402,0.8409543037414551,0.39293575286865234
YEL046C,YJR132W,0,-0.17284366,0.17720988392829895,0.8409543037414551,0.3930358290672302
YDR309C,YDR307W,0,-0.17294535,0.17717278003692627,0.8409543037414551,0.3931358754634857
YPR151C,YNL147W,0,-0.17317857,0.1771356761455536,0.8409543037414551,0.3932359516620636
YOR267C,YMR097C,0,-0.17353433,0.1770986020565033,0.8409543037414551,0.3933359980583191
YHR002W,YDL148C,0,-0.17353557,0.177061527967453,0.8409543037414551,0.393436074256897
YDL055C,YFL050C,0,-0.17359708,0.1770244836807251,0.8409543037414551,0.39353612065315247
YPL110C,YGR072W,0,-0.17370754,0.1769874542951584,0.8409543037414551,0.39363616704940796
YPR201W,YNL094W,0,-0.17384578,0.17695042490959167,0.8409543037414551,0.39373624324798584
YNL336W,YDL126C,0,-0.17391732,0.17691342532634735,0.8409543037414551,0.39383628964424133
YCR005C,YHR029C,0,-0.17395392,0.17687644064426422,0.8409543037414551,0.3939363658428192
YIL095W,YEL004W,0,-0.17401208,0.17683947086334229,0.8409543037414551,0.3940364122390747
YPR121W,YOR295W,0,-0.17414705,0.17680250108242035,0.8409543037414551,0.3941364884376526
YNL221C,YBR022W,1,-0.17417672,0.17697450518608093,0.8419483304023743,0.3941364884376526
YEL034W,YNL055C,0,-0.1744024,0.176937535405159,0.8419483304023743,0.3942365348339081
YOR363C,YMR323W,0,-0.17454852,0.17690058052539825,0.8419483304023743,0.39433661103248596
YLR380W,YDR338C,0,-0.17463328,0.1768636405467987,0.8419483304023743,0.39443665742874146
YKL005C,YHR020W,0,-0.17472823,0.17682671546936035,0.8419483304023743,0.39453673362731934
YNL078W,YNL294C,0,-0.17476584,0.17678982019424438,0.8419483304023743,0.39463678002357483
YMR097C,YHR114W,0,-0.17478485,0.17675292491912842,0.8419483304023743,0.3947368562221527
YDL042C,YGL153W,0,-0.1750081,0.17671604454517365,0.8419483304023743,0.3948369026184082
YBL101C,YGR094W,0,-0.17502339,0.17667917907238007,0.8419483304023743,0.3949369490146637
YLR316C,YML091C,1,-0.17502728,0.17685088515281677,0.8429423570632935,0.3949369490146637
YMR078C,YGL151W,0,-0.17627794,0.176814004778862,0.8429423570632935,0.3950370252132416
YNR044W,YHR158C,0,-0.1764094,0.17677715420722961,0.8429423570632935,0.39513707160949707
YLR309C,YMR046C,0,-0.17646223,0.17674030363559723,0.8429423570632935,0.39523714780807495
YPR165W,YDL212W,0,-0.17647772,0.17670348286628723,0.8429423570632935,0.39533719420433044
YJL053W,YGL203C,0,-0.17669776,0.17666666209697723,0.8429423570632935,0.3954372704029083
YIL076W,YLR067C,0,-0.17679474,0.17662987112998962,0.8429423570632935,0.3955373167991638
YJL128C,YBR268W,0,-0.17680547,0.17659308016300201,0.8429423570632935,0.3956373929977417
YNL016W,YJL024C,0,-0.17682102,0.1765563189983368,0.8429423570632935,0.3957374393939972
YLR051C,YBR193C,0,-0.176937,0.17651957273483276,0.8429423570632935,0.3958375155925751
YCR043C,YLR128W,0,-0.1774756,0.17648282647132874,0.8429423570632935,0.39593756198883057
YEL053C,YNL281W,0,-0.17793663,0.1764461100101471,0.8429423570632935,0.39603760838508606
YDL226C,YMR296C,0,-0.17812157,0.17640940845012665,0.8429423570632935,0.39613768458366394
YDR201W,YOR002W,0,-0.17851087,0.1763727068901062,0.8429423570632935,0.39623773097991943
YMR087W,YAL043C,1,-0.17863415,0.1765439808368683,0.8439363837242126,0.39623773097991943
YDL247W,YKL077W,0,-0.17874408,0.17650727927684784,0.8439363837242126,0.3963378071784973
YNL161W,YER060W,0,-0.17878975,0.1764705926179886,0.8439363837242126,0.3964378535747528
YLL027W,YIL069C,0,-0.17917329,0.17643392086029053,0.8439363837242126,0.3965379297733307
YDR172W,YEL020C,0,-0.17936061,0.17639726400375366,0.8439363837242126,0.3966379761695862
YGR030C,YLR105C,1,-0.17937563,0.17656834423542023,0.8449304103851318,0.3966379761695862
YDL197C,YNL177C,0,-0.1794068,0.17653167247772217,0.8449304103851318,0.39673805236816406
YOR003W,YMR251W-A,0,-0.17964923,0.1764950156211853,0.8449304103851318,0.39683809876441956
YMR058W,YPL069C,0,-0.17973304,0.17645837366580963,0.8449304103851318,0.39693817496299744
YBR118W,YPL096W,0,-0.1800578,0.17642174661159515,0.8449304103851318,0.39703822135925293
YLL036C,YLR362W,0,-0.18011816,0.17638514935970306,0.8449304103851318,0.3971382975578308
YPL016W,YOR130C,0,-0.18028466,0.17634855210781097,0.8449304103851318,0.3972383439540863
YLR136C,YLR150W,0,-0.18073502,0.17631196975708008,0.8449304103851318,0.3973383903503418
YMR153W,YPR131C,0,-0.18078806,0.17627540230751038,0.8449304103851318,0.3974384665489197
YDR188W,YKL216W,0,-0.18084405,0.17623884975910187,0.8449304103851318,0.39753851294517517
YOR149C,YOL155C,0,-0.18097585,0.17620232701301575,0.8449304103851318,0.39763858914375305
YDL247W,YIR004W,0,-0.18106541,0.17616580426692963,0.8449304103851318,0.39773863554000854
YDR359C,YNL216W,0,-0.18126588,0.1761292964220047,0.8449304103851318,0.3978387117385864
YIL123W,YDR345C,0,-0.18159969,0.17609281837940216,0.8449304103851318,0.3979387581348419
YAL068C,YLR372W,0,-0.18195502,0.17605634033679962,0.8449304103851318,0.3980388343334198
YPL004C,YPL259C,0,-0.18226129,0.17601987719535828,0.8449304103851318,0.3981388807296753
YKL018W,YCL051W,0,-0.18229564,0.17598344385623932,0.8449304103851318,0.3982389569282532
YML086C,YBL005W,0,-0.18253784,0.17594701051712036,0.8449304103851318,0.39833900332450867
YBR215W,YNR033W,0,-0.18287323,0.1759105920791626,0.8449304103851318,0.39843904972076416
YHR080C,YPR128C,0,-0.18316858,0.17587420344352722,0.8449304103851318,0.39853912591934204
YPL244C,YHR168W,0,-0.18345551,0.17583781480789185,0.8449304103851318,0.39863917231559753
YJL002C,YMR089C,0,-0.18347444,0.17580144107341766,0.8449304103851318,0.3987392485141754
YHR004C,YOR329C,0,-0.18348771,0.17576509714126587,0.8449304103851318,0.3988392949104309
YMR137C,YHR152W,0,-0.18367103,0.17572875320911407,0.8449304103851318,0.3989393711090088
YPL181W,YDL236W,0,-0.18379319,0.17569243907928467,0.8449304103851318,0.3990394175052643
YDR378C,YMR047C,1,-0.18382707,0.17586277425289154,0.845924437046051,0.3990394175052643
YGR212W,YDL021W,0,-0.18403873,0.17582644522190094,0.845924437046051,0.39913949370384216
YPL115C,YLR244C,0,-0.18420824,0.17579013109207153,0.845924437046051,0.39923954010009766
YJL116C,YPL193W,0,-0.18421634,0.17575381696224213,0.845924437046051,0.39933961629867554
YFR055W,YOR198C,0,-0.18426943,0.1757175326347351,0.845924437046051,0.39943966269493103
YER125W,YMR047C,1,-0.18449254,0.17588768899440765,0.8469184637069702,0.39943966269493103
YMR049C,YPL023C,0,-0.18451463,0.17585138976573944,0.8469184637069702,0.3995397090911865
YIL023C,YDR162C,0,-0.18479814,0.17581510543823242,0.8469184637069702,0.3996397852897644
YDR226W,YGL050W,0,-0.18494561,0.1757788360118866,0.8469184637069702,0.3997398316860199
YIL009W,YKR001C,0,-0.18515635,0.17574258148670197,0.8469184637069702,0.3998399078845978
YGR118W,YKR006C,0,-0.18516134,0.17570632696151733,0.8469184637069702,0.39993995428085327
YEL046C,YLR310C,0,-0.18549229,0.1756701022386551,0.8469184637069702,0.40004003047943115
YNL016W,YJR132W,0,-0.18554881,0.17563389241695404,0.8469184637069702,0.40014007687568665
YDR092W,YNR039C,0,-0.18555209,0.17559769749641418,0.8469184637069702,0.4002401530742645
YNL035C,YML047C,0,-0.18555735,0.17556150257587433,0.8469184637069702,0.40034019947052
YGR113W,YNR035C,0,-0.18565941,0.17552533745765686,0.8469184637069702,0.4004402756690979
YBR200W,YPL274W,0,-0.18569133,0.17548918724060059,0.8469184637069702,0.4005403220653534
YOL001W,YGR012W,0,-0.18614346,0.1754530519247055,0.8469184637069702,0.4006403982639313
YGR084C,YHR074W,0,-0.18616629,0.17541691660881042,0.8469184637069702,0.40074044466018677
YLR411W,YDR540C,0,-0.18622711,0.17538081109523773,0.8469184637069702,0.40084049105644226
YNL127W,YOL029C,0,-0.18636423,0.17534472048282623,0.8469184637069702,0.40094056725502014
YJL071W,YOR260W,0,-0.18651077,0.17530864477157593,0.8469184637069702,0.40104061365127563
YDR397C,YNL169C,0,-0.18666422,0.17527258396148682,0.8469184637069702,0.4011406898498535
YJL111W,YNL030W,0,-0.18692093,0.1752365231513977,0.8469184637069702,0.401240736246109
YDL036C,YAL020C,1,-0.18743935,0.17540612816810608,0.8479125499725342,0.401240736246109
YGL038C,YBR112C,0,-0.18784757,0.17537006735801697,0.8479125499725342,0.4013408124446869
YHR014W,YCR024C-A,0,-0.18791191,0.17533402144908905,0.8479125499725342,0.4014408588409424
YLR410W,YBR091C,0,-0.18798278,0.17529799044132233,0.8479125499725342,0.40154093503952026
YBL076C,YBL063W,0,-0.18805087,0.1752619743347168,0.8479125499725342,0.40164098143577576
YKL138C,YNL304W,0,-0.18844387,0.17522595822811127,0.8479125499725342,0.40174105763435364
YDR273W,YPR171W,0,-0.18856134,0.17518997192382812,0.8479125499725342,0.40184110403060913
YMR176W,YOL062C,0,-0.1885787,0.17515400052070618,0.8479125499725342,0.4019411504268646
YOL038W,YMR035W,0,-0.18862575,0.17511804401874542,0.8479125499725342,0.4020412266254425
YGL001C,YML127W,0,-0.18862589,0.17508210241794586,0.8479125499725342,0.402141273021698
YPL021W,YER062C,0,-0.18863158,0.1750461757183075,0.8479125499725342,0.4022413492202759
YIL023C,YCL001W,0,-0.18907903,0.17501026391983032,0.8479125499725342,0.40234139561653137
YOR375C,YDL020C,0,-0.18913265,0.17497435212135315,0.8479125499725342,0.40244147181510925
YFL023W,YBL097W,0,-0.18916482,0.17493847012519836,0.8479125499725342,0.40254151821136475
YMR275C,YHR200W,0,-0.18938172,0.17490260303020477,0.8479125499725342,0.4026415944099426
YHR072W,YLR352W,0,-0.18952337,0.17486675083637238,0.8479125499725342,0.4027416408061981
YML126C,YPL147W,0,-0.18971725,0.17483091354370117,0.8479125499725342,0.402841717004776
YDR092W,YHR109W,0,-0.18988113,0.17479507625102997,0.8479125499725342,0.4029417634010315
YOR171C,YGL256W,0,-0.19008099,0.17475926876068115,0.8479125499725342,0.4030418395996094
YFL017W-A,YML016C,0,-0.1905209,0.17472347617149353,0.8479125499725342,0.40314188599586487
YPL207W,YDR208W,0,-0.19074968,0.1746876984834671,0.8479125499725342,0.40324193239212036
YHR124W,YFL048C,0,-0.19115907,0.17465192079544067,0.8479125499725342,0.40334200859069824
YNR024W,YKL201C,0,-0.19152166,0.17461617290973663,0.8479125499725342,0.40344205498695374
YBL066C,YLR359W,0,-0.19152191,0.1745804399251938,0.8479125499725342,0.4035421311855316
YEL034W,YFR031C,0,-0.19163762,0.17454470694065094,0.8479125499725342,0.4036421775817871
YBR201W,YLR219W,0,-0.1916608,0.17450900375843048,0.8479125499725342,0.403742253780365
YGR195W,YKL206C,0,-0.1919663,0.17447330057621002,0.8479125499725342,0.4038423001766205
YOR126C,YMR053C,0,-0.19197991,0.17443762719631195,0.8479125499725342,0.40394237637519836
YPL083C,YHR006W,1,-0.19216038,0.17460641264915466,0.8489065766334534,0.40394237637519836
YMR054W,YJR103W,0,-0.19236623,0.1745707243680954,0.8489065766334534,0.40404242277145386
YCL017C,YDL044C,0,-0.19261207,0.17453505098819733,0.8489065766334534,0.40414249897003174
YCR063W,YJR036C,0,-0.19283639,0.17449939250946045,0.8489065766334534,0.40424254536628723
YLR352W,YIR003W,0,-0.19287486,0.17446373403072357,0.8489065766334534,0.4043425917625427
YMR074C,YCR020W-B,0,-0.19311954,0.17442810535430908,0.8489065766334534,0.4044426679611206
YBR029C,YBR136W,0,-0.19318572,0.1743924915790558,0.8489065766334534,0.4045427143573761
YPL189W,YOR136W,0,-0.1932483,0.1743568778038025,0.8489065766334534,0.404642790555954
YBR222C,YIL040W,0,-0.1933198,0.17432129383087158,0.8489065766334534,0.4047428369522095
YDL105W,YDL064W,0,-0.19339412,0.17428570985794067,0.8489065766334534,0.40484291315078735
YLR438C-A,YDL033C,1,-0.1935383,0.1744541972875595,0.8499006032943726,0.40484291315078735
YHL009C,YML013W,0,-0.19359866,0.1744185984134674,0.8499006032943726,0.40494295954704285
YMR105C,YKL145W,0,-0.19393024,0.1743830293416977,0.8499006032943726,0.4050430357456207
YMR063W,YDL191W,0,-0.19440477,0.17434747517108917,0.8499006032943726,0.4051430821418762
YKL053C-A,YMR072W,0,-0.19442661,0.17431192100048065,0.8499006032943726,0.4052431583404541
YIL064W,YLR394W,0,-0.1946276,0.17427639663219452,0.8499006032943726,0.4053432047367096
YOR354C,YPL032C,0,-0.19463493,0.17424088716506958,0.8499006032943726,0.4054432511329651
YOL059W,YPL055C,0,-0.19481586,0.17420537769794464,0.8499006032943726,0.40554332733154297
YDR268W,YHR200W,0,-0.19488478,0.1741698980331421,0.8499006032943726,0.40564337372779846
YJR107W,YIL134W,0,-0.19524811,0.17413441836833954,0.8499006032943726,0.40574344992637634
YLR247C,YOR019W,0,-0.19554067,0.17409896850585938,0.8499006032943726,0.40584349632263184
YOR339C,YGL186C,0,-0.1955431,0.1740635186433792,0.8499006032943726,0.4059435725212097
YGR249W,YJR152W,0,-0.1956028,0.17402808368206024,0.8499006032943726,0.4060436189174652
YMR113W,YGL097W,0,-0.1959858,0.17399267852306366,0.8499006032943726,0.4061436951160431
YFR027W,YDR499W,0,-0.19706403,0.17395727336406708,0.8499006032943726,0.4062437415122986
YLR163C,YML096W,0,-0.19726805,0.1739218831062317,0.8499006032943726,0.40634381771087646
YHR006W,YMR047C,1,-0.19750334,0.17408989369869232,0.8508946299552917,0.40634381771087646
YMR195W,YKL138C,0,-0.19769454,0.17405448853969574,0.8508946299552917,0.40644386410713196
YER006W,YLR039C,0,-0.19785,0.17401911318302155,0.8508946299552917,0.40654394030570984
YOR239W,YOR083W,0,-0.19791178,0.17398373782634735,0.8508946299552917,0.40664398670196533
YPL275W,YPR101W,0,-0.19821921,0.17394837737083435,0.8508946299552917,0.4067440330982208
YCR028C-A,YDR030C,0,-0.19825102,0.17391304671764374,0.8508946299552917,0.4068441092967987
YBR069C,YEL043W,0,-0.19887936,0.17387771606445312,0.8508946299552917,0.4069441556930542
YDL061C,YER093C,0,-0.19941515,0.1738424003124237,0.8508946299552917,0.4070442318916321
YOR103C,YPR105C,0,-0.19945158,0.17380709946155548,0.8508946299552917,0.4071442782878876
YMR228W,YER062C,0,-0.19956218,0.17377182841300964,0.8508946299552917,0.40724435448646545
YPL124W,YDR472W,0,-0.19969884,0.1737365573644638,0.8508946299552917,0.40734440088272095
YNL059C,YEL020C,0,-0.19987014,0.17370130121707916,0.8508946299552917,0.40744447708129883
YHR154W,YDL230W,0,-0.19988446,0.1736660599708557,0.8508946299552917,0.4075445234775543
YOR011W,YNL044W,0,-0.19991803,0.17363083362579346,0.8508946299552917,0.4076445996761322
YIL177C,YLR052W,0,-0.19999918,0.1735956221818924,0.8508946299552917,0.4077446460723877
YPL009C,YJR086W,0,-0.20012766,0.17356042563915253,0.8508946299552917,0.4078446924686432
YMR087W,YBR109C,0,-0.20061792,0.17352524399757385,0.8508946299552917,0.40794476866722107
YJL047C,YJR091C,0,-0.20072186,0.17349006235599518,0.8508946299552917,0.40804481506347656
YLR117C,YJR083C,0,-0.2008907,0.1734549105167389,0.8508946299552917,0.40814489126205444
YOR117W,YMR059W,0,-0.20097339,0.1734197735786438,0.8508946299552917,0.40824493765830994
YPL097W,YLL023C,0,-0.20128642,0.1733846515417099,0.8508946299552917,0.4083450138568878
YPL167C,YNL278W,0,-0.20133339,0.173349529504776,0.8508946299552917,0.4084450602531433
YKR056W,YDR451C,0,-0.2014647,0.1733144372701645,0.8508946299552917,0.4085451364517212
YGR089W,YLR209C,0,-0.20172839,0.17327934503555298,0.8508946299552917,0.4086451828479767
YPL082C,YKL084W,0,-0.20174803,0.17324428260326385,0.8508946299552917,0.40874525904655457
YDR446W,YCL039W,0,-0.20182009,0.17320922017097473,0.8508946299552917,0.40884530544281006
YHR073W,YLR075W,0,-0.20191614,0.173174187541008,0.8508946299552917,0.40894538164138794
YMR145C,YGL216W,0,-0.2023417,0.17313915491104126,0.8508946299552917,0.40904542803764343
YKL144C,YGR199W,0,-0.20237403,0.1731041520833969,0.8508946299552917,0.4091454744338989
YHR024C,YBR042C,0,-0.20255995,0.17306914925575256,0.8508946299552917,0.4092455506324768
YAL060W,YBR016W,0,-0.20258172,0.1730341613292694,0.8508946299552917,0.4093455970287323
YHR135C,YBR091C,0,-0.20289107,0.17299918830394745,0.8508946299552917,0.4094456732273102
YLR285W,YGL198W,0,-0.20290692,0.17296423017978668,0.8508946299552917,0.4095457196235657
YER041W,YCR046C,0,-0.20299871,0.1729292869567871,0.8508946299552917,0.40964579582214355
YGR212W,YDR180W,0,-0.20300859,0.17289435863494873,0.8508946299552917,0.40974584221839905
YMR309C,YOR255W,0,-0.20328896,0.17285944521427155,0.8508946299552917,0.40984591841697693
YGR143W,YIR032C,0,-0.20364738,0.17282454669475555,0.8508946299552917,0.4099459648132324
YFR055W,YCR023C,0,-0.20429143,0.17278966307640076,0.8508946299552917,0.4100460410118103
YHR035W,YDR435C,0,-0.20439135,0.17275479435920715,0.8508946299552917,0.4101460874080658
YOR157C,YIL103W,0,-0.20467685,0.17271994054317474,0.8508946299552917,0.4102461338043213
YPR190C,YFL026W,0,-0.20494485,0.17268508672714233,0.8508946299552917,0.41034621000289917
YJR090C,YDR164C,0,-0.20514247,0.1726502627134323,0.8508946299552917,0.41044625639915466
YDR143C,YMR237W,0,-0.20528579,0.17261545360088348,0.8508946299552917,0.41054633259773254
YKL073W,YBR279W,0,-0.20565213,0.17258064448833466,0.8508946299552917,0.41064637899398804
YDL079C,YDR303C,0,-0.20659612,0.17254585027694702,0.8508946299552917,0.4107464551925659
YOR232W,YBR102C,0,-0.20662066,0.17251108586788177,0.8508946299552917,0.4108465015888214
YDR170C,YGL245W,0,-0.20677634,0.17247632145881653,0.8508946299552917,0.4109465777873993
YNL259C,YFL026W,0,-0.20688613,0.17244157195091248,0.8508946299552917,0.4110466241836548
YAL068C,YNL232W,0,-0.20697798,0.1724068522453308,0.8508946299552917,0.41114670038223267
YBL098W,YJL047C,0,-0.2070756,0.17237213253974915,0.8508946299552917,0.41124674677848816
YGL255W,YLR037C,0,-0.20709075,0.17233742773532867,0.8508946299552917,0.41134682297706604
YGL063W,YHR006W,1,-0.20715658,0.1725040227174759,0.8518886566162109,0.41134682297706604
YJR092W,YOR156C,0,-0.20721644,0.17246930301189423,0.8518886566162109,0.41144686937332153
YDR260C,YOR292C,0,-0.20746236,0.17243461310863495,0.8518886566162109,0.411546915769577
YDR085C,YMR238W,0,-0.20772114,0.17239992320537567,0.8518886566162109,0.4116469919681549
YGR028W,YDR308C,0,-0.20805784,0.1723652482032776,0.8518886566162109,0.4117470383644104
YGL071W,YHR214W,0,-0.20872724,0.1723305881023407,0.8518886566162109,0.4118471145629883
YDR337W,YBR223C,0,-0.20905042,0.172295942902565,0.8518886566162109,0.4119471609592438
YKL152C,YNL081C,0,-0.20937248,0.1722613126039505,0.8518886566162109,0.41204723715782166
YMR091C,YPL140C,0,-0.20957266,0.172226682305336,0.8518886566162109,0.41214728355407715
YDR484W,YPL266W,0,-0.209733,0.17219208180904388,0.8518886566162109,0.41224735975265503
YGL049C,YOL129W,0,-0.20993702,0.17215749621391296,0.8518886566162109,0.4123474061489105
YGL013C,YNL290W,0,-0.20996809,0.17212291061878204,0.8518886566162109,0.4124474823474884
YOR090C,YDL188C,0,-0.21000214,0.1720883548259735,0.8518886566162109,0.4125475287437439
YOR266W,YLR029C,0,-0.2102329,0.17205379903316498,0.8518886566162109,0.4126475751399994
YNL309W,YER172C,0,-0.21024813,0.17201927304267883,0.8518886566162109,0.41274765133857727
YPR047W,YBR167C,1,-0.21046947,0.17218543589115143,0.8528826832771301,0.41274765133857727
YOR129C,YPR067W,0,-0.21048681,0.1721508800983429,0.8528826832771301,0.41284769773483276
YER028C,YLR411W,0,-0.21053533,0.17211635410785675,0.8528826832771301,0.41294777393341064
YOR311C,YCL020W,0,-0.21066009,0.1720818281173706,0.8528826832771301,0.41304782032966614
YDR412W,YCR017C,0,-0.21070218,0.17204731702804565,0.8528826832771301,0.413147896528244
YIL016W,YDR028C,0,-0.21075423,0.1720128357410431,0.8528826832771301,0.4132479429244995
YDL223C,YOR358W,0,-0.21078081,0.17197835445404053,0.8528826832771301,0.4133480191230774
YNL125C,YOR193W,0,-0.21106048,0.17194388806819916,0.8528826832771301,0.4134480655193329
YML061C,YNL021W,0,-0.2112111,0.17190943658351898,0.8528826832771301,0.41354814171791077
YLL051C,YER166W,0,-0.21126254,0.171875,0.8528826832771301,0.41364818811416626
YPL242C,YBR119W,0,-0.21143503,0.1718405783176422,0.8528826832771301,0.41374823451042175
YML051W,YLR067C,0,-0.21147342,0.17180617153644562,0.8528826832771301,0.41384831070899963
YER138C,YNL329C,0,-0.2118623,0.17177176475524902,0.8528826832771301,0.4139483571052551
YOR142W,YKL190W,0,-0.21272208,0.17173738777637482,0.8528826832771301,0.414048433303833
YDL223C,YLR350W,0,-0.21272644,0.1717030256986618,0.8528826832771301,0.4141484797000885
YIL170W,YMR192W,0,-0.21289593,0.1716686636209488,0.8528826832771301,0.4142485558986664
YJR119C,YIL016W,0,-0.21292284,0.17163433134555817,0.8528826832771301,0.4143486022949219
YHR062C,YLR424W,0,-0.21292631,0.17159999907016754,0.8528826832771301,0.41444867849349976
YHR102W,YKL180W,0,-0.21304394,0.1715656816959381,0.8528826832771301,0.41454872488975525
YAR050W,YDR349C,0,-0.21326299,0.17153139412403107,0.8528826832771301,0.41464880108833313
YKR068C,YMR262W,0,-0.2138177,0.17149710655212402,0.8528826832771301,0.4147488474845886
YHR154W,YJL005W,0,-0.21383066,0.17146283388137817,0.8528826832771301,0.4148489236831665
YGR140W,YDR377W,0,-0.2141499,0.17142857611179352,0.8528826832771301,0.414948970079422
YPR067W,YPR103W,0,-0.21436545,0.17139433324337006,0.8528826832771301,0.4150490164756775
YGR067C,YGL171W,0,-0.21439615,0.1713600903749466,0.8528826832771301,0.41514909267425537
YEL006W,YHL018W,0,-0.21445368,0.17132587730884552,0.8528826832771301,0.41524913907051086
YMR008C,YJL160C,0,-0.21505576,0.17129167914390564,0.8528826832771301,0.41534921526908875
YDL227C,YOL044W,0,-0.21506388,0.17125748097896576,0.8528826832771301,0.41544926166534424
YDR307W,YOR231W,0,-0.21506819,0.17122331261634827,0.8528826832771301,0.4155493378639221
YLL005C,YML102W,0,-0.21516883,0.17118914425373077,0.8528826832771301,0.4156493842601776
YGL194C,YPL063W,0,-0.21517502,0.17115499079227448,0.8528826832771301,0.4157494604587555
YLR425W,YJL115W,0,-0.21520598,0.17112086713314056,0.8528826832771301,0.415849506855011
YDL179W,YOL004W,0,-0.21525674,0.17108674347400665,0.8528826832771301,0.41594958305358887
YGL195W,YBL063W,0,-0.21552838,0.17105263471603394,0.8528826832771301,0.41604962944984436
YHR156C,YCL033C,0,-0.21560098,0.1710185408592224,0.8528826832771301,0.41614967584609985
YOR250C,YGR038W,0,-0.21573764,0.17098446190357208,0.8528826832771301,0.41624975204467773
YGR133W,YOR060C,0,-0.21591942,0.17095038294792175,0.8528826832771301,0.4163497984409332
YKL220C,YPR171W,0,-0.21604802,0.1709163337945938,0.8528826832771301,0.4164498746395111
YER138C,YIR010W,0,-0.21622252,0.17088229954242706,0.8528826832771301,0.4165499210357666
YDR259C,YNL024C,0,-0.21626996,0.17084826529026031,0.8528826832771301,0.4166499972343445
YLR260W,YBL052C,0,-0.21636057,0.17081426084041595,0.8528826832771301,0.4167500436306
YOR264W,YHL015W,0,-0.2167434,0.1707802563905716,0.8528826832771301,0.41685011982917786
YNL172W,YMR021C,0,-0.21678916,0.17074626684188843,0.8528826832771301,0.41695016622543335
YHR034C,YDR090C,0,-0.21708156,0.17071229219436646,0.8528826832771301,0.41705024242401123
YOR344C,YNL283C,0,-0.21713552,0.17067833244800568,0.8528826832771301,0.4171502888202667
YPR024W,YOR018W,0,-0.21719286,0.1706443876028061,0.8528826832771301,0.4172503650188446
YDR082W,YKR002W,0,-0.21744864,0.1706104576587677,0.8528826832771301,0.4173504114151001
YKL090W,YPL266W,0,-0.217479,0.1705765426158905,0.8528826832771301,0.4174504578113556
YPL163C,YKL175W,0,-0.2177338,0.1705426424741745,0.8528826832771301,0.41755053400993347
YDR255C,YKR039W,0,-0.21825585,0.1705087423324585,0.8528826832771301,0.41765058040618896
YPR003C,YPL043W,0,-0.21829696,0.17047487199306488,0.8528826832771301,0.41775065660476685
YKR100C,YIL158W,0,-0.21830054,0.17044100165367126,0.8528826832771301,0.41785070300102234
YGR181W,YGL241W,0,-0.21834637,0.17040714621543884,0.8528826832771301,0.4179507791996002
YNL267W,YLR377C,0,-0.21854874,0.17037330567836761,0.8528826832771301,0.4180508255958557
YMR038C,YPR017C,0,-0.21855384,0.17033949494361877,0.8528826832771301,0.4181509017944336
YMR050C,YDL165W,0,-0.21864517,0.17030568420886993,0.8528826832771301,0.4182509481906891
YCL001W,YJR117W,0,-0.21866487,0.1702718734741211,0.8528826832771301,0.41835102438926697
YJL011C,YBL100W-A,0,-0.21867429,0.17023809254169464,0.8528826832771301,0.41845107078552246
YDR439W,YFR004W,0,-0.2187783,0.17020432651042938,0.8528826832771301,0.41855111718177795
YNR057C,YPR034W,0,-0.21913503,0.17017056047916412,0.8528826832771301,0.41865119338035583
YMR176W,YNL180C,0,-0.21920253,0.17013682425022125,0.8528826832771301,0.41875123977661133
YDR195W,YBR243C,0,-0.21940844,0.17010308802127838,0.8528826832771301,0.4188513159751892
YIL079C,YGR017W,0,-0.2197556,0.1700693815946579,0.8528826832771301,0.4189513623714447
YLR309C,YPR008W,0,-0.22018768,0.17003567516803741,0.8528826832771301,0.4190514385700226
YOR110W,YMR266W,0,-0.22029983,0.17000198364257812,0.8528826832771301,0.4191514849662781
YEL044W,YKR100C,0,-0.22070907,0.16996830701828003,0.8528826832771301,0.41925156116485596
YDL061C,YPL009C,0,-0.22086535,0.16993464529514313,0.8528826832771301,0.41935160756111145
YER004W,YMR125W,0,-0.2214862,0.16990098357200623,0.8528826832771301,0.41945168375968933
YDR254W,YOR329C,0,-0.22163042,0.1698673516511917,0.8528826832771301,0.4195517301559448
YIL011W,YHR152W,0,-0.22178201,0.1698337346315384,0.8528826832771301,0.4196517765522003
YNL137C,YPL042C,0,-0.22186327,0.16980011761188507,0.8528826832771301,0.4197518527507782
YDR432W,YBL025W,0,-0.22195154,0.16976651549339294,0.8528826832771301,0.4198518991470337
YHR154W,YLL018C,0,-0.22206585,0.1697329431772232,0.8528826832771301,0.4199519753456116
YOR187W,YGL231C,0,-0.22243617,0.16969937086105347,0.8528826832771301,0.42005202174186707
YJR090C,YKR002W,0,-0.22260489,0.16966581344604492,0.8528826832771301,0.42015209794044495
YHL031C,YDR494W,0,-0.22263862,0.16963227093219757,0.8528826832771301,0.42025214433670044
YMR220W,YML029W,0,-0.22276284,0.16959872841835022,0.8528826832771301,0.4203522205352783
YAL005C,YDR213W,0,-0.22341943,0.16956521570682526,0.8528826832771301,0.4204522669315338
YGL190C,YLL018C,0,-0.22341968,0.1695317178964615,0.8528826832771301,0.4205523431301117
YDR214W,YOR362C,0,-0.2235457,0.16949822008609772,0.8528826832771301,0.4206523895263672
YNL006W,YDR498C,0,-0.22360556,0.16946473717689514,0.8528826832771301,0.42075246572494507
YIL147C,YCL008C,0,-0.22406058,0.16943128407001495,0.8528826832771301,0.42085251212120056
YPL170W,YHR187W,0,-0.22410335,0.16939783096313477,0.8528826832771301,0.42095255851745605
YER125W,YHR070W,1,-0.2241482,0.16956178843975067,0.8538767099380493,0.42095255851745605
YBL005W-A,YCR067C,0,-0.224449,0.1695283204317093,0.8538767099380493,0.42105263471603394
YBR244W,YNL113W,0,-0.22474073,0.1694948673248291,0.8538767099380493,0.42115268111228943
YOR209C,YDR404C,0,-0.2247853,0.1694614291191101,0.8538767099380493,0.4212527573108673
YDL247W,YKL022C,0,-0.22478619,0.1694280058145523,0.8538767099380493,0.4213528037071228
YLR383W,YGL131C,0,-0.2248015,0.1693945974111557,0.8538767099380493,0.4214528799057007
YDR325W,YBR180W,0,-0.22493576,0.1693612039089203,0.8538767099380493,0.4215529263019562
YNL054W,YPL116W,0,-0.22493927,0.16932781040668488,0.8538767099380493,0.42165300250053406
YNL131W,YDL165W,0,-0.22515921,0.16929444670677185,0.8538767099380493,0.42175304889678955
YGR204W,YGL085W,0,-0.22552203,0.16926108300685883,0.8538767099380493,0.42185312509536743
YLR028C,YHR103W,0,-0.22561167,0.169227734208107,0.8538767099380493,0.4219531714916229
YNL273W,YGL131C,0,-0.22569753,0.16919440031051636,0.8538767099380493,0.4220532178878784
YPL105C,YOR388C,0,-0.22573836,0.16916108131408691,0.8538767099380493,0.4221532940864563
YMR087W,YDL006W,1,-0.22596635,0.16932466626167297,0.8548707962036133,0.4221532940864563
YDL206W,YMR164C,0,-0.22600424,0.16929133236408234,0.8548707962036133,0.4222533404827118
YGL085W,YIL042C,0,-0.22601156,0.1692580133676529,0.8548707962036133,0.4223534166812897
YOL075C,YJR140C,0,-0.22614479,0.16922470927238464,0.8548707962036133,0.42245346307754517
YPR075C,YNL145W,0,-0.22623457,0.1691914200782776,0.8548707962036133,0.42255353927612305
YBR133C,YLL006W,0,-0.22682686,0.16915814578533173,0.8548707962036133,0.42265358567237854
YLR070C,YFL052W,0,-0.22692166,0.16912487149238586,0.8548707962036133,0.4227536618709564
YIL085C,YOR378W,0,-0.22697027,0.1690916270017624,0.8548707962036133,0.4228537082672119
YLR119W,YLR233C,0,-0.22742786,0.16905838251113892,0.8548707962036133,0.4229537844657898
YLR438C-A,YCL017C,1,-0.22746627,0.1692216992378235,0.8558648228645325,0.4229537844657898
YOL008W,YOR274W,0,-0.22787094,0.16918843984603882,0.8558648228645325,0.4230538308620453
YLR006C,YHL028W,0,-0.22827478,0.16915521025657654,0.8558648228645325,0.42315390706062317
YKR087C,YGR138C,0,-0.22854353,0.16912198066711426,0.8558648228645325,0.42325395345687866
YNR023W,YNL263C,0,-0.22868831,0.16908876597881317,0.8558648228645325,0.42335399985313416
YIR015W,YNL062C,1,-0.2288261,0.1692519187927246,0.8568588495254517,0.42335399985313416
YPR204W,YPL069C,0,-0.22884394,0.16921868920326233,0.8568588495254517,0.42345407605171204
YPL176C,YBL080C,0,-0.22941023,0.16918547451496124,0.8568588495254517,0.42355412244796753
YDR304C,YNL224C,0,-0.22952658,0.16915227472782135,0.8568588495254517,0.4236541986465454
YMR230W,YNL272C,0,-0.22990038,0.16911908984184265,0.8568588495254517,0.4237542450428009
YOR147W,YOR307C,0,-0.2299493,0.16908591985702515,0.8568588495254517,0.4238543212413788
YBR200W,YBR278W,0,-0.23035623,0.16905274987220764,0.8568588495254517,0.4239543676376343
YHR214C-B,YFL026W,0,-0.23040119,0.16901960968971252,0.8568588495254517,0.42405444383621216
YKL138C,YPL104W,0,-0.23101503,0.1689864695072174,0.8568588495254517,0.42415449023246765
YIL167W,YBL004W,0,-0.23114495,0.16895334422588348,0.8568588495254517,0.42425456643104553
YCR038C,YDR470C,0,-0.23125115,0.16892024874687195,0.8568588495254517,0.424354612827301
YLR328W,YLR413W,0,-0.23149887,0.1688871532678604,0.8568588495254517,0.4244546592235565
YDL006W,YLR401C,1,-0.23172192,0.1690499484539032,0.8578528761863708,0.4244546592235565
YOR117W,YMR164C,0,-0.23177111,0.16901683807373047,0.8578528761863708,0.4245547354221344
YEL052W,YMR170C,0,-0.2322594,0.16898374259471893,0.8578528761863708,0.4246547818183899
YLR372W,YER155C,0,-0.23260787,0.1689506620168686,0.8578528761863708,0.4247548580169678
YKL053C-A,YOL012C,0,-0.23266025,0.16891759634017944,0.8578528761863708,0.42485490441322327
YBR022W,YLR430W,1,-0.23271109,0.1690802276134491,0.85884690284729,0.42485490441322327
YCR008W,YBR243C,0,-0.23271912,0.16904714703559875,0.85884690284729,0.42495498061180115
YDR384C,YJR120W,0,-0.2327763,0.1690140813589096,0.85884690284729,0.42505502700805664
YGR225W,YDR151C,0,-0.23306505,0.16898103058338165,0.85884690284729,0.4251551032066345
YAL028W,YNR017W,0,-0.2332493,0.1689479798078537,0.85884690284729,0.42525514960289
YDR144C,YGL019W,0,-0.23335099,0.16891495883464813,0.85884690284729,0.4253552258014679
YPL163C,YDR457W,0,-0.23336408,0.16888193786144257,0.85884690284729,0.4254552721977234
YOL097C,YDR186C,0,-0.23349951,0.1688489317893982,0.85884690284729,0.4255553185939789
YFR029W,YDR201W,0,-0.23374227,0.16881594061851501,0.85884690284729,0.42565539479255676
YPL064C,YOL011W,0,-0.23411028,0.16878296434879303,0.85884690284729,0.42575544118881226
YCL001W,YPR072W,0,-0.23428297,0.16875000298023224,0.85884690284729,0.42585551738739014
YDR310C,YML067C,0,-0.23428883,0.16871704161167145,0.85884690284729,0.42595556378364563
YDR146C,YGR012W,0,-0.23430902,0.16868411004543304,0.85884690284729,0.4260556399822235
YML047C,YHR058C,0,-0.23432568,0.16865117847919464,0.85884690284729,0.426155686378479
YDR306C,YJR047C,0,-0.23454444,0.16861826181411743,0.85884690284729,0.4262557625770569
YGR261C,YNR060W,0,-0.2346583,0.16858536005020142,0.85884690284729,0.4263558089733124
YMR192W,YGR068C,0,-0.23498766,0.1685524731874466,0.85884690284729,0.42645588517189026
YDR084C,YJR101W,0,-0.23513208,0.16851960122585297,0.85884690284729,0.42655593156814575
YHR164C,YCR027C,0,-0.23514402,0.16848674416542053,0.85884690284729,0.42665600776672363
YDR385W,YDR528W,0,-0.23529862,0.1684538871049881,0.85884690284729,0.4267560541629791
YOL113W,YER139C,0,-0.23560132,0.16842105984687805,0.85884690284729,0.4268561005592346
YMR295C,YJL001W,0,-0.23581456,0.168388232588768,0.85884690284729,0.4269561767578125
YNL252C,YMR288W,0,-0.23596767,0.16835542023181915,0.85884690284729,0.427056223154068
YMR137C,YDR375C,0,-0.23620369,0.1683226227760315,0.85884690284729,0.4271562993526459
YPL079W,YML006C,0,-0.23625492,0.16828982532024384,0.85884690284729,0.42725634574890137
YGL156W,YDR202C,0,-0.23627757,0.16825705766677856,0.85884690284729,0.42735642194747925
YDL154W,YHR058C,0,-0.23642479,0.1682243049144745,0.85884690284729,0.42745646834373474
YBR042C,YKL112W,0,-0.23674598,0.1681915521621704,0.85884690284729,0.4275565445423126
YHL009C,YIL140W,0,-0.23677231,0.16815881431102753,0.85884690284729,0.4276565909385681
YFR036W,YPR103W,0,-0.23694156,0.16812609136104584,0.85884690284729,0.427756667137146
YMR218C,YKR057W,0,-0.23704901,0.16809338331222534,0.85884690284729,0.4278567135334015
YNR036C,YLR240W,0,-0.23710571,0.16806069016456604,0.85884690284729,0.427956759929657
YJR118C,YKL022C,0,-0.2371309,0.16802801191806793,0.85884690284729,0.42805683612823486
YBR153W,YMR203W,0,-0.23728104,0.16799533367156982,0.85884690284729,0.42815688252449036
YOL158C,YIL036W,0,-0.23740278,0.1679626703262329,0.85884690284729,0.42825695872306824
YNL327W,YML097C,0,-0.23752227,0.1679300218820572,0.85884690284729,0.42835700511932373
YDR259C,YBR095C,0,-0.23763764,0.16789740324020386,0.85884690284729,0.4284570813179016
YBL026W,YDR506C,0,-0.23790316,0.16786476969718933,0.85884690284729,0.4285571277141571
YMR116C,YER022W,0,-0.23821054,0.1678321659564972,0.85884690284729,0.428657203912735
YDR006C,YNL265C,0,-0.23826145,0.16779957711696625,0.85884690284729,0.4287572503089905
YNL147W,YDL033C,1,-0.23826368,0.16796116530895233,0.8598409295082092,0.4287572503089905
YNL084C,YGL043W,0,-0.238304,0.1679285615682602,0.8598409295082092,0.42885732650756836
YNL175C,YHR074W,0,-0.23831709,0.16789595782756805,0.8598409295082092,0.42895737290382385
YGL085W,YDR291W,0,-0.2383531,0.1678633838891983,0.8598409295082092,0.42905744910240173
YLR372W,YDR332W,0,-0.2389491,0.16783080995082855,0.8598409295082092,0.4291574954986572
YJL042W,YNR072W,0,-0.23902476,0.16779825091362,0.8598409295082092,0.4292575418949127
YML045W,YLR432W,0,-0.2393248,0.16776570677757263,0.8598409295082092,0.4293576180934906
YLR342W,YJL140W,0,-0.23964942,0.16773317754268646,0.8598409295082092,0.4294576644897461
YNR055C,YBL034C,0,-0.2396737,0.1677006632089615,0.8598409295082092,0.429557740688324
YBR294W,YKL061W,0,-0.23978284,0.1676681488752365,0.8598409295082092,0.42965778708457947
YOR084W,YER177W,0,-0.24074766,0.16763566434383392,0.8598409295082092,0.42975786328315735
YOL142W,YGR192C,0,-0.24117789,0.16760317981243134,0.8598409295082092,0.42985790967941284
YHR080C,YPL115C,0,-0.24142207,0.16757071018218994,0.8598409295082092,0.4299579858779907
YMR097C,YJR109C,0,-0.24158426,0.16753825545310974,0.8598409295082092,0.4300580322742462
YBR083W,YJR028W,0,-0.24229899,0.16750581562519073,0.8598409295082092,0.4301581084728241
YPL078C,YJL117W,0,-0.24256544,0.16747337579727173,0.8598409295082092,0.4302581548690796
YGR048W,YLR144C,0,-0.2425739,0.1674409657716751,0.8598409295082092,0.4303582012653351
YDR072C,YHR061C,0,-0.24292624,0.1674085557460785,0.8598409295082092,0.43045827746391296
YBR139W,YJR107W,0,-0.24310319,0.16737616062164307,0.8598409295082092,0.43055832386016846
YFR004W,YIL147C,0,-0.24327274,0.16734378039836884,0.8598409295082092,0.43065840005874634
YKL080W,YHR083W,0,-0.24370074,0.1673114150762558,0.8598409295082092,0.43075844645500183
YKL040C,YPR198W,0,-0.24379815,0.16727904975414276,0.8598409295082092,0.4308585226535797
YFR024C-A,YMR074C,0,-0.24390478,0.1672467142343521,0.8598409295082092,0.4309585690498352
YCR030C,YDR415C,0,-0.24437125,0.16721437871456146,0.8598409295082092,0.4310586452484131
YMR173W,YDR462W,0,-0.24452053,0.167182058095932,0.8598409295082092,0.4311586916446686
YOL027C,YKR096W,0,-0.2446032,0.16714975237846375,0.8598409295082092,0.43125876784324646
YOR089C,YOR358W,0,-0.24482778,0.16711746156215668,0.8598409295082092,0.43135881423950195
YDL083C,YDR167W,0,-0.24519897,0.1670851856470108,0.8598409295082092,0.43145886063575745
YLL045C,YNL030W,0,-0.24522641,0.16705290973186493,0.8598409295082092,0.4315589368343353
YIR013C,YHR138C,0,-0.24534704,0.16702066361904144,0.8598409295082092,0.4316589832305908
YPL156C,YDR416W,0,-0.24545865,0.16698841750621796,0.8598409295082092,0.4317590594291687
YDR470C,YBL027W,0,-0.2459959,0.16695618629455566,0.8598409295082092,0.4318591058254242
YHR165C,YBR235W,0,-0.2460185,0.16692396998405457,0.8598409295082092,0.4319591820240021
YDR480W,YBR078W,0,-0.24616466,0.16689176857471466,0.8598409295082092,0.43205922842025757
YOR026W,YLL015W,0,-0.24618077,0.16685956716537476,0.8598409295082092,0.43215930461883545
YCR023C,YOR252W,0,-0.2465121,0.16682738065719604,0.8598409295082092,0.43225935101509094
YKR086W,YOR303W,0,-0.24652562,0.16679522395133972,0.8598409295082092,0.4323594272136688
YGR239C,YCR024C-A,0,-0.2466616,0.1667630672454834,0.8598409295082092,0.4324594736099243
YHR203C,YGR283C,0,-0.24693449,0.16673091053962708,0.8598409295082092,0.4325595498085022
YOR275C,YIL103W,0,-0.24702756,0.16669878363609314,0.8598409295082092,0.4326595962047577
YNR032C-A,YKL079W,0,-0.24737422,0.1666666716337204,0.8598409295082092,0.4327596426010132
YPL097W,YMR053C,0,-0.24747477,0.16663455963134766,0.8598409295082092,0.43285971879959106
YDR144C,YGR199W,0,-0.24773635,0.1666024625301361,0.8598409295082092,0.43295976519584656
YDL076C,YJR052W,0,-0.24792244,0.16657038033008575,0.8598409295082092,0.43305984139442444
YLR274W,YNL026W,0,-0.24794504,0.1665383130311966,0.8598409295082092,0.43315988779067993
YHR164C,YGR264C,0,-0.2482784,0.16650626063346863,0.8598409295082092,0.4332599639892578
YGL231C,YLR210W,0,-0.24841549,0.16647420823574066,0.8598409295082092,0.4333600103855133
YPL065W,YKL130C,0,-0.24856968,0.1664421707391739,0.8598409295082092,0.4334600865840912
YPR079W,YOR272W,0,-0.24870598,0.1664101630449295,0.8598409295082092,0.4335601329803467
YHR134W,YDL145C,0,-0.2489401,0.16637815535068512,0.8598409295082092,0.43366020917892456
YNL154C,YLR325C,0,-0.2490017,0.16634614765644073,0.8598409295082092,0.43376025557518005
YER155C,YMR077C,0,-0.24933743,0.16631416976451874,0.8598409295082092,0.43386030197143555
YJR123W,YLR191W,0,-0.24934255,0.16628219187259674,0.8598409295082092,0.4339603781700134
YIL062C,YHR202W,0,-0.24939471,0.16625024378299713,0.8598409295082092,0.4340604245662689
YPL170W,YJR117W,0,-0.24997456,0.16621829569339752,0.8598409295082092,0.4341605007648468
YNL131W,YOR234C,0,-0.25009727,0.1661863625049591,0.8598409295082092,0.4342605471611023
YNL307C,YLR222C,0,-0.25014746,0.16615444421768188,0.8598409295082092,0.4343606233596802
YKL126W,YDR040C,0,-0.25047964,0.16612252593040466,0.8598409295082092,0.43446066975593567
YHR209W,YKR085C,0,-0.25074577,0.16609062254428864,0.8598409295082092,0.43456074595451355
YPR091C,YHR185C,0,-0.250857,0.166058748960495,0.8598409295082092,0.43466079235076904
YBR201W,YFR036W,0,-0.2509485,0.16602687537670135,0.8598409295082092,0.4347608685493469
YNL328C,YMR288W,0,-0.25099128,0.1659950166940689,0.8598409295082092,0.4348609149456024
YNL240C,YDR484W,0,-0.25099272,0.16596315801143646,0.8598409295082092,0.4349609911441803
YDL070W,YGL060W,0,-0.25110906,0.1659313291311264,0.8598409295082092,0.4350610375404358
YLR144C,YOR291W,0,-0.2511726,0.16589950025081635,0.8598409295082092,0.4351610839366913
YML011C,YLR229C,0,-0.25126475,0.16586768627166748,0.8598409295082092,0.43526116013526917
YPL158C,YHR008C,0,-0.2517264,0.1658358871936798,0.8598409295082092,0.43536120653152466
YKR085C,YDR338C,0,-0.25189936,0.16580410301685333,0.8598409295082092,0.43546128273010254
YLR240W,YLR151C,0,-0.25238988,0.16577233374118805,0.8598409295082092,0.43556132912635803
YDR343C,YDR530C,0,-0.2527066,0.16574056446552277,0.8598409295082092,0.4356614053249359
YBR195C,YEL056W,0,-0.253098,0.16570881009101868,0.8598409295082092,0.4357614517211914
YBL038W,YDR087C,0,-0.2533946,0.16567707061767578,0.8598409295082092,0.4358615279197693
YLR027C,YCR091W,0,-0.2534979,0.16564534604549408,0.8598409295082092,0.4359615743160248
YGL008C,YDL031W,0,-0.25351262,0.16561363637447357,0.8598409295082092,0.43606165051460266
YBR150C,YKL119C,0,-0.2538603,0.16558192670345306,0.8598409295082092,0.43616169691085815
YNL029C,YOR324C,0,-0.25400513,0.16555023193359375,0.8598409295082092,0.43626174330711365
YMR119W,YHL022C,0,-0.25426364,0.16551856696605682,0.8598409295082092,0.43636181950569153
YNR006W,YLR157C,0,-0.25428122,0.1654869019985199,0.8598409295082092,0.436461865901947
YPL084W,YGR003W,0,-0.25466675,0.16545523703098297,0.8598409295082092,0.4365619421005249
YGL234W,YNL279W,0,-0.25468928,0.16542360186576843,0.8598409295082092,0.4366619884967804
YOR197W,YBR084C-A,0,-0.2551623,0.1653919667005539,0.8598409295082092,0.4367620646953583
YIR013C,YPL151C,0,-0.25521845,0.16536034643650055,0.8598409295082092,0.43686211109161377
YFL034C-A,YGL255W,0,-0.2552296,0.1653287410736084,0.8598409295082092,0.43696218729019165
YMR231W,YPL137C,0,-0.25528023,0.16529715061187744,0.8598409295082092,0.43706223368644714
YLR224W,YHR183W,0,-0.25585777,0.16526557505130768,0.8598409295082092,0.437162309885025
YDR007W,YBL063W,0,-0.25594968,0.16523399949073792,0.8598409295082092,0.4372623562812805
YIL177C,YOR307C,0,-0.25616086,0.16520243883132935,0.8598409295082092,0.437362402677536
YBR162W-A,YGR032W,0,-0.25624365,0.16517089307308197,0.8598409295082092,0.4374624788761139
YER078C,YMR234W,0,-0.25629354,0.1651393622159958,0.8598409295082092,0.4375625252723694
YKR060W,YJR117W,0,-0.2563762,0.1651078462600708,0.8598409295082092,0.43766260147094727
YPL151C,YGR138C,0,-0.25654233,0.1650763303041458,0.8598409295082092,0.43776264786720276
YIR015W,YBL024W,1,-0.25657427,0.16523563861846924,0.8608350157737732,0.43776264786720276
YLR035C,YGR099W,0,-0.25681725,0.16520412266254425,0.8608350157737732,0.43786272406578064
YHR069C,YDR519W,0,-0.25713813,0.16517260670661926,0.8608350157737732,0.43796277046203613
YNL321W,YMR013C,0,-0.25723368,0.16514112055301666,0.8608350157737732,0.438062846660614
YKL090W,YMR246W,0,-0.25727654,0.16510963439941406,0.8608350157737732,0.4381628930568695
YGL105W,YLR208W,0,-0.25731888,0.16507814824581146,0.8608350157737732,0.4382629692554474
YDR227W,YOR068C,0,-0.25738996,0.16504669189453125,0.8608350157737732,0.4383630156517029
YLR361C,YJL012C,0,-0.25756013,0.16501525044441223,0.8608350157737732,0.43846309185028076
YML132W,YEL001C,0,-0.25760135,0.1649838089942932,0.8608350157737732,0.43856313824653625
YIL157C,YJL100W,0,-0.25766253,0.1649523824453354,0.8608350157737732,0.43866318464279175
YAR027W,YBR102C,0,-0.25852004,0.16492097079753876,0.8608350157737732,0.43876326084136963
YNL118C,YCL067C,0,-0.25884527,0.16488955914974213,0.8608350157737732,0.4388633072376251
YDR463W,YGR010W,0,-0.25914782,0.16485817730426788,0.8608350157737732,0.438963383436203
YNL047C,YER042W,0,-0.25921732,0.16482679545879364,0.8608350157737732,0.4390634298324585
YDR041W,YNL138W,0,-0.25923222,0.1647954285144806,0.8608350157737732,0.4391635060310364
YNL054W,YFR040W,0,-0.25959387,0.16476407647132874,0.8608350157737732,0.43926355242729187
YOR133W,YJR153W,0,-0.25977296,0.16473273932933807,0.8608350157737732,0.43936362862586975
YDR191W,YJR027W,0,-0.26003134,0.1647014021873474,0.8608350157737732,0.43946367502212524
YER075C,YBR290W,0,-0.26021993,0.16467009484767914,0.8608350157737732,0.4395637512207031
YFR050C,YMR113W,0,-0.26040113,0.16463878750801086,0.8608350157737732,0.4396637976169586
YLR216C,YHR111W,0,-0.26061532,0.16460749506950378,0.8608350157737732,0.4397638440132141
YLR092W,YOR033C,0,-0.26063305,0.1645762026309967,0.8608350157737732,0.439863920211792
YOR153W,YDR138W,0,-0.2607864,0.164544939994812,0.8608350157737732,0.4399639666080475
YGL028C,YNL010W,0,-0.26148367,0.16451367735862732,0.8608350157737732,0.44006404280662537
YKL058W,YBL113C,0,-0.26152468,0.16448242962360382,0.8608350157737732,0.44016408920288086
YEL052W,YLR210W,0,-0.261609,0.16445119678974152,0.8608350157737732,0.44026416540145874
YBL087C,YOR136W,0,-0.26163688,0.1644199788570404,0.8608350157737732,0.44036421179771423
YER145C,YGR040W,0,-0.26198965,0.1643887609243393,0.8608350157737732,0.4404642879962921
YAL015C,YNR004W,0,-0.2621653,0.16435755789279938,0.8608350157737732,0.4405643343925476
YBR149W,YIL067C,0,-0.2622059,0.16432636976242065,0.8608350157737732,0.4406644105911255
YGL002W,YBR215W,0,-0.26276004,0.16429519653320312,0.8608350157737732,0.440764456987381
YLL031C,YHR188C,0,-0.2629004,0.1642640382051468,0.8608350157737732,0.44086453318595886
YBR057C,YJR118C,0,-0.26305404,0.16423287987709045,0.8608350157737732,0.44096457958221436
YIL042C,YJR109C,0,-0.26308873,0.1642017513513565,0.8608350157737732,0.44106462597846985
YKL132C,YOR198C,0,-0.26310074,0.16417062282562256,0.8608350157737732,0.44116470217704773
YMR067C,YHR158C,0,-0.2631975,0.1641394942998886,0.8608350157737732,0.4412647485733032
YOR022C,YNL163C,0,-0.2636101,0.16410839557647705,0.8608350157737732,0.4413648247718811
YGR266W,YPL129W,0,-0.26408607,0.1640772968530655,0.8608350157737732,0.4414648711681366
YOL017W,YJR120W,0,-0.26436043,0.16404622793197632,0.8608350157737732,0.4415649473667145
YJL155C,YPR025C,0,-0.26456243,0.16401514410972595,0.8608350157737732,0.44166499376296997
YGL017W,YPR105C,0,-0.26480505,0.16398409008979797,0.8608350157737732,0.44176506996154785
YCR026C,YGR113W,0,-0.26481694,0.1639530509710312,0.8608350157737732,0.44186511635780334
YDR064W,YKL209C,0,-0.26483393,0.1639220118522644,0.8608350157737732,0.4419651925563812
YBR037C,YGL219C,0,-0.2649948,0.1638909876346588,0.8608350157737732,0.4420652389526367
YKL217W,YOL121C,0,-0.26535022,0.16385997831821442,0.8608350157737732,0.4421652853488922
YOR354C,YDL083C,0,-0.2654065,0.1638289839029312,0.8608350157737732,0.4422653615474701
YER151C,YKL209C,0,-0.26550263,0.163797989487648,0.8608350157737732,0.4423654079437256
YBR278W,YPL083C,0,-0.26577783,0.1637670248746872,0.8608350157737732,0.44246548414230347
YDL052C,YIL031W,0,-0.26611853,0.16373606026172638,0.8608350157737732,0.44256553053855896
YJR002W,YAR033W,0,-0.26639837,0.16370511054992676,0.8608350157737732,0.44266560673713684
YHR084W,YHL027W,0,-0.26648116,0.16367416083812714,0.8608350157737732,0.44276565313339233
YKR085C,YIL073C,0,-0.26657754,0.1636432409286499,0.8608350157737732,0.4428657293319702
YAR002C-A,YNL103W,0,-0.26661128,0.16361232101917267,0.8608350157737732,0.4429657757282257
YLR316C,YMR087W,1,-0.26669526,0.16377030313014984,0.8618290424346924,0.4429657757282257
YDR461W,YNL076W,0,-0.26681903,0.1637393832206726,0.8618290424346924,0.4430658519268036
YDR092W,YKL092C,0,-0.26695317,0.16370846331119537,0.8618290424346924,0.4431658983230591
YER169W,YDR515W,0,-0.2669776,0.16367755830287933,0.8618290424346924,0.4432659447193146
YJL083W,YER011W,0,-0.2670238,0.1636466532945633,0.8618290424346924,0.44336602091789246
YLR166C,YPL188W,0,-0.267052,0.16361577808856964,0.8618290424346924,0.44346606731414795
YLR148W,YMR216C,0,-0.26705587,0.163584902882576,0.8618290424346924,0.44356614351272583
YMR134W,YDR540C,0,-0.26712444,0.16355404257774353,0.8618290424346924,0.4436661899089813
YBR083W,YDL188C,0,-0.26719102,0.16352319717407227,0.8618290424346924,0.4437662661075592
YDR378C,YKL175W,0,-0.26728576,0.1634923666715622,0.8618290424346924,0.4438663125038147
YPR167C,YOR028C,0,-0.26767635,0.16346153616905212,0.8618290424346924,0.4439663887023926
YOL033W,YLR355C,0,-0.26878306,0.16343072056770325,0.8618290424346924,0.44406643509864807
YHL012W,YMR234W,0,-0.2688495,0.16339991986751556,0.8618290424346924,0.44416651129722595
YCR091W,YIL159W,0,-0.2688536,0.16336913406848907,0.8618290424346924,0.44426655769348145
YPR135W,YEL004W,0,-0.26885745,0.16333836317062378,0.8618290424346924,0.4443666338920593
YBL092W,YNL076W,0,-0.26926905,0.16330759227275848,0.8618290424346924,0.4444666802883148
YOR122C,YGR052W,0,-0.26938522,0.16327683627605438,0.8618290424346924,0.4445667266845703
YGL013C,YBR172C,0,-0.2694934,0.16324609518051147,0.8618290424346924,0.4446668028831482
YLR324W,YDR082W,0,-0.2697099,0.16321535408496857,0.8618290424346924,0.4447668492794037
YOR229W,YBR282W,0,-0.2697504,0.16318464279174805,0.8618290424346924,0.44486692547798157
YIL147C,YML021C,0,-0.26993665,0.16315393149852753,0.8618290424346924,0.44496697187423706
YGR252W,YIL002C,0,-0.26995128,0.1631232351064682,0.8618290424346924,0.44506704807281494
YER072W,YKR055W,0,-0.27001935,0.16309255361557007,0.8618290424346924,0.44516709446907043
YDR016C,YOR320C,0,-0.2700511,0.16306187212467194,0.8618290424346924,0.4452671706676483
YNL278W,YNR026C,0,-0.27008316,0.1630312204360962,0.8618290424346924,0.4453672170639038
YPL046C,YER058W,0,-0.27025563,0.16300056874752045,0.8618290424346924,0.4454672932624817
YKR042W,YGR161C,0,-0.2702806,0.1629699319601059,0.8618290424346924,0.4455673396587372
YDR092W,YNL160W,0,-0.2705151,0.16293929517269135,0.8618290424346924,0.4456673860549927
YLR300W,YJR026W,0,-0.27053475,0.16290868818759918,0.8618290424346924,0.44576746225357056
YKL025C,YML055W,0,-0.27053893,0.16287808120250702,0.8618290424346924,0.44586750864982605
YLR084C,YGR005C,0,-0.27077365,0.16284748911857605,0.8618290424346924,0.44596758484840393
YPR194C,YNL066W,0,-0.27081478,0.16281689703464508,0.8618290424346924,0.4460676312446594
YOR295W,YLL018C,0,-0.27083832,0.1627863347530365,0.8618290424346924,0.4461677074432373
YPL135W,YDL098C,0,-0.270948,0.16275577247142792,0.8618290424346924,0.4462677538394928
YPL066W,YAL040C,0,-0.27103359,0.16272522509098053,0.8618290424346924,0.4463678300380707
YIL066C,YIR034C,0,-0.27116716,0.16269469261169434,0.8618290424346924,0.44646787643432617
YMR115W,YBR271W,0,-0.27130985,0.16266416013240814,0.8618290424346924,0.44656795263290405
YKL039W,YML059C,0,-0.27136678,0.16263365745544434,0.8618290424346924,0.44666799902915955
YFR019W,YOL084W,0,-0.2717334,0.16260315477848053,0.8618290424346924,0.4467680752277374
YGL175C,YJL213W,0,-0.27182478,0.16257266700267792,0.8618290424346924,0.4468681216239929
YDR470C,YMR260C,0,-0.2719376,0.1625421792268753,0.8618290424346924,0.4469681680202484
YPL187W,YAR014C,0,-0.2720706,0.16251172125339508,0.8618290424346924,0.4470682442188263
YLR233C,YPR163C,0,-0.2721244,0.16248126327991486,0.8618290424346924,0.4471682906150818
YPL118W,YDL113C,0,-0.27226692,0.16245082020759583,0.8618290424346924,0.44726836681365967
YPL249C,YNL037C,0,-0.27234697,0.1624203771352768,0.8618290424346924,0.44736841320991516
YPL130W,YJR105W,0,-0.27263814,0.16238996386528015,0.8618290424346924,0.44746848940849304
YMR039C,YBR135W,0,-0.27277464,0.1623595505952835,0.8618290424346924,0.44756853580474854
YPL130W,YBR195C,0,-0.27354467,0.16232915222644806,0.8618290424346924,0.4476686120033264
YDL047W,YGL045W,0,-0.27379775,0.1622987687587738,0.8618290424346924,0.4477686583995819
YER063W,YBR072W,0,-0.27382705,0.16226838529109955,0.8618290424346924,0.4478687345981598
YGL027C,YNL068C,0,-0.2739422,0.1622380167245865,0.8618290424346924,0.4479687809944153
YLR314C,YER026C,0,-0.27426487,0.1622076779603958,0.8618290424346924,0.4480688273906708
YPL104W,YDR528W,0,-0.27467626,0.16217732429504395,0.8618290424346924,0.44816890358924866
YBR191W,YCR086W,0,-0.2748456,0.16214700043201447,0.8618290424346924,0.44826894998550415
YJL006C,YMR167W,0,-0.27492133,0.16211667656898499,0.8618290424346924,0.44836902618408203
YCL048W,YMR269W,0,-0.27492926,0.1620863676071167,0.8618290424346924,0.4484690725803375
YAL054C,YDR235W,0,-0.27499014,0.1620560735464096,0.8618290424346924,0.4485691487789154
YJR131W,YGR183C,0,-0.27517238,0.1620257943868637,0.8618290424346924,0.4486691951751709
YPL032C,YML112W,0,-0.27529383,0.1619955152273178,0.8618290424346924,0.4487692713737488
YLR389C,YEL063C,0,-0.27530205,0.1619652509689331,0.8618290424346924,0.4488693177700043
YDR411C,YJL063C,0,-0.27541912,0.1619350016117096,0.8618290424346924,0.44896939396858215
YDL178W,YGL100W,0,-0.27577484,0.16190476715564728,0.8618290424346924,0.44906944036483765
YIL009W,YBR065C,0,-0.27583343,0.16187453269958496,0.8618290424346924,0.4491695165634155
YJL024C,YKR001C,0,-0.27593762,0.16184431314468384,0.8618290424346924,0.449269562959671
YOR367W,YLR324W,0,-0.27620205,0.1618141084909439,0.8618290424346924,0.4493696093559265
YGR175C,YPR164W,0,-0.27643028,0.16178391873836517,0.8618290424346924,0.4494696855545044
YPR119W,YLR234W,0,-0.27684832,0.16175372898578644,0.8618290424346924,0.4495697319507599
YGR171C,YML092C,0,-0.2768678,0.1617235541343689,0.8618290424346924,0.44966980814933777
YML016C,YKL170W,0,-0.27708834,0.16169339418411255,0.8618290424346924,0.44976985454559326
YOR285W,YGR287C,0,-0.27740687,0.1616632491350174,0.8618290424346924,0.44986993074417114
YBR061C,YJR022W,1,-0.27747118,0.16181953251361847,0.8628230690956116,0.44986993074417114
YMR038C,YJR086W,0,-0.27748668,0.16178937256336212,0.8628230690956116,0.44996997714042664
YCR066W,YDR261C,0,-0.27763265,0.16175922751426697,0.8628230690956116,0.4500700533390045
YKL126W,YDL202W,0,-0.27768594,0.16172908246517181,0.8628230690956116,0.45017009973526
YKL041W,YMR135C,0,-0.27774376,0.16169895231723785,0.8628230690956116,0.4502701759338379
YMR047C,YCR035C,0,-0.27777338,0.1616688370704651,0.8628230690956116,0.4503702223300934
YDL117W,YNL125C,0,-0.2777741,0.16163873672485352,0.8628230690956116,0.4504702687263489
YKR042W,YLL036C,0,-0.27777562,0.16160863637924194,0.8628230690956116,0.45057034492492676
YKR087C,YDL212W,0,-0.27782285,0.16157855093479156,0.8628230690956116,0.45067039132118225
YLR289W,YNR035C,0,-0.27782303,0.16154848039150238,0.8628230690956116,0.45077046751976013
YJL076W,YCL030C,0,-0.27796137,0.1615184247493744,0.8628230690956116,0.4508705139160156
YMR262W,YLR037C,0,-0.278252,0.1614883691072464,0.8628230690956116,0.4509705901145935
YDR159W,YFR019W,0,-0.27840012,0.1614583283662796,0.8628230690956116,0.451070636510849
YDR446W,YGL175C,0,-0.27859056,0.161428302526474,0.8628230690956116,0.4511707127094269
YKL189W,YDR119W,0,-0.27916372,0.1613982915878296,0.8628230690956116,0.4512707591056824
YHR194W,YBR212W,0,-0.27928895,0.16136828064918518,0.8628230690956116,0.45137083530426025
YGR060W,YDR264C,0,-0.27947062,0.16133828461170197,0.8628230690956116,0.45147088170051575
YKR100C,YBR056W,0,-0.2795274,0.16130830347537994,0.8628230690956116,0.45157092809677124
YJL092W,YEL047C,0,-0.27982324,0.16127833724021912,0.8628230690956116,0.4516710042953491
YBR014C,YGL166W,0,-0.2799443,0.1612483710050583,0.8628230690956116,0.4517710506916046
YBL005W-A,YOR153W,0,-0.28046,0.16121841967105865,0.8628230690956116,0.4518711268901825
YDR439W,YDL245C,0,-0.28052092,0.16118848323822021,0.8628230690956116,0.451971173286438
YLR368W,YCL014W,0,-0.28060204,0.16115856170654297,0.8628230690956116,0.45207124948501587
YJL225C,YPL018W,0,-0.28070325,0.16112864017486572,0.8628230690956116,0.45217129588127136
YCL034W,YPL254W,0,-0.28097138,0.16109873354434967,0.8628230690956116,0.45227137207984924
YBR084C-A,YMR177W,0,-0.28104445,0.1610688418149948,0.8628230690956116,0.45237141847610474
YPL007C,YLR059C,0,-0.28110448,0.16103896498680115,0.8628230690956116,0.4524714946746826
YGR212W,YOL012C,0,-0.2812209,0.16100908815860748,0.8628230690956116,0.4525715410709381
YOR339C,YDL133C-A,0,-0.28127357,0.160979226231575,0.8628230690956116,0.452671617269516
YLR355C,YPR004C,0,-0.28154558,0.16094937920570374,0.8628230690956116,0.4527716636657715
YLR332W,YJL179W,0,-0.28168797,0.16091954708099365,0.8628230690956116,0.452871710062027
YAL054C,YHR014W,0,-0.28169733,0.16088971495628357,0.8628230690956116,0.45297178626060486
YOL057W,YKR066C,0,-0.2818311,0.16085989773273468,0.8628230690956116,0.45307183265686035
YBL005W-A,YML023C,0,-0.28191212,0.16083009541034698,0.8628230690956116,0.45317190885543823
YOL069W,YKL064W,0,-0.2821498,0.1608002930879593,0.8628230690956116,0.4532719552516937
YPL110C,YLR309C,0,-0.28217375,0.1607705056667328,0.8628230690956116,0.4533720314502716
YLR084C,YOL023W,0,-0.28230327,0.16074074804782867,0.8628230690956116,0.4534720778465271
YOR205C,YBR279W,0,-0.28255665,0.16071097552776337,0.8628230690956116,0.453572154045105
YHR024C,YOR129C,0,-0.28262573,0.16068123281002045,0.8628230690956116,0.4536722004413605
YOL102C,YHR006W,1,-0.28268236,0.1608365774154663,0.8638170957565308,0.4536722004413605
YDR170C,YCL039W,0,-0.282683,0.160806804895401,0.8638170957565308,0.45377227663993835
YJL203W,YDL015C,0,-0.28270054,0.16077706217765808,0.8638170957565308,0.45387232303619385
YER170W,YJL115W,0,-0.28272265,0.16074731945991516,0.8638170957565308,0.45397236943244934
YHR014W,YPR161C,0,-0.28285968,0.16071759164333344,0.8638170957565308,0.4540724456310272
YHR063C,YGL083W,0,-0.2828997,0.1606878638267517,0.8638170957565308,0.4541724920272827
YGL037C,YEL052W,0,-0.28381765,0.16065816581249237,0.8638170957565308,0.4542725682258606
YOR027W,YDL220C,0,-0.28395528,0.16062846779823303,0.8638170957565308,0.4543726146221161
YKR096W,YGL045W,0,-0.2840582,0.1605987846851349,0.8638170957565308,0.45447269082069397
YJL171C,YER169W,0,-0.28413296,0.16056910157203674,0.8638170957565308,0.45457273721694946
YPR037C,YNL050C,0,-0.28413942,0.160539448261261,0.8638170957565308,0.45467281341552734
YPR026W,YFR042W,0,-0.28428167,0.16050979495048523,0.8638170957565308,0.45477285981178284
YPR056W,YOR261C,0,-0.2846007,0.16048014163970947,0.8638170957565308,0.4548729360103607
YLR429W,YFL048C,0,-0.28543156,0.1604505181312561,0.8638170957565308,0.4549729824066162
YOR336W,YPL150W,0,-0.28554463,0.16042089462280273,0.8638170957565308,0.4550730586051941
YNL016W,YIL085C,0,-0.2858764,0.16039128601551056,0.8638170957565308,0.4551731050014496
YGL005C,YDL240W,0,-0.28596362,0.16036169230937958,0.8638170957565308,0.4552731513977051
YDR304C,YLR342W,0,-0.2860242,0.1603320986032486,0.8638170957565308,0.45537322759628296
YBR217W,YKR007W,0,-0.2861203,0.1603025197982788,0.8638170957565308,0.45547327399253845
YMR110C,YOR110W,0,-0.28656137,0.16027295589447021,0.8638170957565308,0.45557335019111633
YGL017W,YKL008C,0,-0.28693444,0.16024340689182281,0.8638170957565308,0.4556733965873718
YDR092W,YML021C,0,-0.28699392,0.16021385788917542,0.8638170957565308,0.4557734727859497
YLR432W,YGR099W,0,-0.28706837,0.1601843386888504,0.8638170957565308,0.4558735191822052
YFR033C,YPL108W,0,-0.28713882,0.1601548045873642,0.8638170957565308,0.4559735953807831
YLR372W,YPL162C,0,-0.28732437,0.16012530028820038,0.8638170957565308,0.4560736417770386
YKL194C,YNL241C,0,-0.28733337,0.16009579598903656,0.8638170957565308,0.45617371797561646
YBR068C,YNL284C,0,-0.28733623,0.16006630659103394,0.8638170957565308,0.45627376437187195
YDR111C,YFR031C-A,0,-0.2873608,0.1600368320941925,0.8638170957565308,0.45637381076812744
YIR005W,YPL196W,0,-0.2875263,0.16000737249851227,0.8638170957565308,0.4564738869667053
YPR095C,YPL002C,0,-0.2875294,0.15997791290283203,0.8638170957565308,0.4565739333629608
YNL010W,YLR081W,0,-0.28765142,0.159948468208313,0.8638170957565308,0.4566740095615387
YOR194C,YMR238W,0,-0.28771615,0.15991902351379395,0.8638170957565308,0.4567740559577942
YDL246C,YBR204C,0,-0.2879262,0.1598896086215973,0.8638170957565308,0.45687413215637207
YML005W,YGL172W,1,-0.28796107,0.16004414856433868,0.86481112241745,0.45687413215637207
YLR389C,YMR226C,0,-0.28811517,0.16001471877098083,0.86481112241745,0.45697417855262756
YBR181C,YDL168W,0,-0.2881779,0.15998528897762299,0.86481112241745,0.45707425475120544
YLR292C,YLR103C,0,-0.28836927,0.15995587408542633,0.86481112241745,0.45717430114746094
YJR027W,YLR399C,0,-0.2885419,0.15992647409439087,0.86481112241745,0.4572743773460388
YDR324C,YKL213C,0,-0.2886032,0.1598970741033554,0.86481112241745,0.4573744237422943
YIL062C,YKL148C,0,-0.28932852,0.15986768901348114,0.86481112241745,0.4574744701385498
YOR375C,YDL155W,0,-0.28941107,0.15983831882476807,0.86481112241745,0.4575745463371277
YBL113C,YJR119C,0,-0.2894925,0.1598089635372162,0.86481112241745,0.4576745927333832
YDR254W,YOR393W,0,-0.28962234,0.1597796082496643,0.86481112241745,0.45777466893196106
YNL084C,YLR435W,0,-0.2902494,0.15975028276443481,0.86481112241745,0.45787471532821655
YGR175C,YFR009W,0,-0.29033124,0.15972094237804413,0.86481112241745,0.45797479152679443
YML086C,YJL035C,0,-0.29054838,0.15969163179397583,0.86481112241745,0.4580748379230499
YJL144W,YPL124W,0,-0.290999,0.15966232120990753,0.86481112241745,0.4581749141216278
YML036W,YLR050C,0,-0.29102647,0.15963302552700043,0.86481112241745,0.4582749605178833
YBR257W,YCL017C,1,-0.29105282,0.15978719294071198,0.8658051490783691,0.4582749605178833
YDR492W,YBL102W,0,-0.29112792,0.15975788235664368,0.8658051490783691,0.4583750367164612
YEL044W,YGL113W,0,-0.29127276,0.15972858667373657,0.8658051490783691,0.4584750831127167
YKL210W,YPL173W,0,-0.2914487,0.15969930589199066,0.8658051490783691,0.45857515931129456
YFR019W,YDR202C,0,-0.2914773,0.15967002511024475,0.8658051490783691,0.45867520570755005
YDL160C,YPL126W,0,-0.29157948,0.15964075922966003,0.8658051490783691,0.45877525210380554
YLL042C,YGR067C,0,-0.2916463,0.1596115082502365,0.8658051490783691,0.4588753283023834
YNL062C,YCL017C,1,-0.29168934,0.15976548194885254,0.8667991757392883,0.4588753283023834
YDR462W,YJL145W,0,-0.2919116,0.15973621606826782,0.8667991757392883,0.4589753746986389
YIL018W,YAL056W,0,-0.29193243,0.1597069650888443,0.8667991757392883,0.4590754508972168
YOR159C,YNL264C,0,-0.29193813,0.15967771410942078,0.8667991757392883,0.4591754972934723
YOR215C,YIL035C,0,-0.29200846,0.15964847803115845,0.8667991757392883,0.45927557349205017
YOR304C-A,YNL240C,0,-0.2921841,0.1596192568540573,0.8667991757392883,0.45937561988830566
YMR068W,YLR222C,0,-0.2922079,0.15959005057811737,0.8667991757392883,0.45947569608688354
YLR153C,YPL138C,0,-0.29235154,0.15956084430217743,0.8667991757392883,0.45957574248313904
YJL225C,YDL031W,0,-0.29246494,0.15953165292739868,0.8667991757392883,0.4596758186817169
YJR034W,YBL013W,0,-0.29263872,0.15950247645378113,0.8667991757392883,0.4597758650779724
YDR229W,YDR338C,0,-0.29304767,0.15947329998016357,0.8667991757392883,0.4598759114742279
YDR345C,YDR179C,0,-0.2933147,0.15944413840770721,0.8667991757392883,0.4599759876728058
YGR108W,YDR292C,0,-0.29371822,0.15941499173641205,0.8667991757392883,0.4600760340690613
YJL208C,YBL006C,0,-0.29389322,0.15938585996627808,0.8667991757392883,0.46017611026763916
YOR195W,YDR041W,0,-0.29393065,0.1593567281961441,0.8667991757392883,0.46027615666389465
YPR091C,YGR038W,0,-0.29415527,0.15932761132717133,0.8667991757392883,0.46037623286247253
YDL014W,YEL001C,0,-0.29415724,0.15929850935935974,0.8667991757392883,0.460476279258728
YGR208W,YNL297C,0,-0.29418206,0.15926940739154816,0.8667991757392883,0.4605763554573059
YER122C,YBR295W,0,-0.294235,0.15924032032489777,0.8667991757392883,0.4606764018535614
YPL064C,YPL274W,0,-0.2943437,0.15921124815940857,0.8667991757392883,0.4607764780521393
YHR106W,YKR053C,0,-0.29442942,0.15918217599391937,0.8667991757392883,0.4608765244483948
YGR134W,YLR115W,0,-0.2946903,0.15915313363075256,0.8667991757392883,0.46097660064697266
YLR208W,YNL111C,0,-0.29483077,0.15912409126758575,0.8667991757392883,0.46107664704322815
YIR013C,YLR210W,0,-0.29524302,0.15909504890441895,0.8667991757392883,0.46117669343948364
YJL089W,YNL032W,0,-0.29550686,0.15906603634357452,0.8667991757392883,0.4612767696380615
YGR175C,YNL142W,0,-0.29570925,0.1590370237827301,0.8667991757392883,0.461376816034317
YHR037W,YNL284C,0,-0.29630202,0.15900802612304688,0.8667991757392883,0.4614768922328949
YLR406C,YER160C,0,-0.2964214,0.15897902846336365,0.8667991757392883,0.4615769386291504
YPR191W,YKR066C,0,-0.29699203,0.1589500606060028,0.8667991757392883,0.46167701482772827
YGR280C,YPL130W,0,-0.2971114,0.15892109274864197,0.8667991757392883,0.46177706122398376
YGL139W,YJR153W,0,-0.29728124,0.15889212489128113,0.8667991757392883,0.46187713742256165
YOL115W,YDR371W,0,-0.29762048,0.15886318683624268,0.8667991757392883,0.46197718381881714
YMR087W,YPL101W,1,-0.29775447,0.15901640057563782,0.8677932620048523,0.46197718381881714
YMR040W,YNL147W,0,-0.29780573,0.15898743271827698,0.8677932620048523,0.462077260017395
YOR214C,YJL020C,0,-0.29849812,0.15895847976207733,0.8677932620048523,0.4621773064136505
YKR027W,YMR114C,0,-0.2985778,0.15892954170703888,0.8677932620048523,0.462277352809906
YLR027C,YGR171C,0,-0.29865605,0.15890061855316162,0.8677932620048523,0.4623774290084839
YOR294W,YNL026W,0,-0.2986889,0.15887169539928436,0.8677932620048523,0.4624774754047394
YOL148C,YMR276W,0,-0.2989822,0.1588428020477295,0.8677932620048523,0.46257755160331726
YFL010W-A,YDL225W,0,-0.2989848,0.15881389379501343,0.8677932620048523,0.46267759799957275
YDR004W,YCL034W,0,-0.29918575,0.15878501534461975,0.8677932620048523,0.46277767419815063
YER039C,YER040W,0,-0.29951686,0.15875613689422607,0.8677932620048523,0.46287772059440613
YKR077W,YGR144W,0,-0.2995857,0.1587272733449936,0.8677932620048523,0.462977796792984
YDR217C,YNL053W,0,-0.29960293,0.1586984246969223,0.8677932620048523,0.4630778431892395
YPL189W,YPL001W,0,-0.29969728,0.158669576048851,0.8677932620048523,0.4631779193878174
YHR202W,YNL099C,0,-0.2999801,0.15864074230194092,0.8677932620048523,0.4632779657840729
YOR117W,YIL085C,0,-0.3000117,0.15861192345619202,0.8677932620048523,0.46337801218032837
YLR185W,YKL171W,0,-0.30021328,0.15858310461044312,0.8677932620048523,0.46347808837890625
YDR337W,YKL018W,0,-0.30030644,0.1585543006658554,0.8677932620048523,0.46357813477516174
YJL149W,YOR136W,0,-0.3004884,0.1585255116224289,0.8677932620048523,0.4636782109737396
YJL011C,YDR168W,0,-0.30067486,0.15849673748016357,0.8677932620048523,0.4637782573699951
YCL067C,YBL097W,0,-0.30086935,0.15846796333789825,0.8677932620048523,0.463878333568573
YOL069W,YLR023C,0,-0.30108833,0.15843920409679413,0.8677932620048523,0.4639783799648285
YDR170C,YLR011W,0,-0.3017146,0.15841044485569,0.8677932620048523,0.46407845616340637
YML091C,YOL124C,1,-0.30211115,0.15856313705444336,0.8687872886657715,0.46407845616340637
YLR050C,YGL058W,0,-0.30229187,0.15853437781333923,0.8687872886657715,0.46417850255966187
YBR021W,YKR078W,0,-0.3026064,0.1585056185722351,0.8687872886657715,0.46427857875823975
YGR065C,YDL077C,0,-0.30261683,0.15847687423229218,0.8687872886657715,0.46437862515449524
YIL135C,YGL180W,0,-0.30307937,0.15844814479351044,0.8687872886657715,0.4644787013530731
YLR153C,YIL147C,0,-0.303109,0.1584194302558899,0.8687872886657715,0.4645787477493286
YGL005C,YOR359W,0,-0.30312422,0.15839071571826935,0.8687872886657715,0.4646787941455841
YNL054W,YHL002W,0,-0.30333892,0.15836201608181,0.8687872886657715,0.464778870344162
YGL077C,YDR406W,0,-0.30335006,0.15833333134651184,0.8687872886657715,0.4648789167404175
YDR457W,YGL100W,0,-0.3033759,0.15830466151237488,0.8687872886657715,0.46497899293899536
YER124C,YNR039C,0,-0.30343497,0.15827599167823792,0.8687872886657715,0.46507903933525085
YDR218C,YFR034C,0,-0.3036723,0.15824733674526215,0.8687872886657715,0.46517911553382874
YPR056W,YJL225C,0,-0.3039487,0.15821868181228638,0.8687872886657715,0.46527916193008423
YKR075C,YFL038C,0,-0.3039819,0.1581900417804718,0.8687872886657715,0.4653792381286621
YJL176C,YLR165C,0,-0.30410534,0.15816141664981842,0.8687872886657715,0.4654792845249176
YJR007W,YNL224C,0,-0.30415213,0.15813280642032623,0.8687872886657715,0.4655793607234955
YNL092W,YLR016C,0,-0.30417496,0.15810419619083405,0.8687872886657715,0.465679407119751
YCL067C,YGL219C,0,-0.30434087,0.15807560086250305,0.8687872886657715,0.46577945351600647
YLR055C,YMR135C,0,-0.30442044,0.15804702043533325,0.8687872886657715,0.46587952971458435
YNL245C,YDR289C,0,-0.3047166,0.15801844000816345,0.8687872886657715,0.46597957611083984
YLR451W,YML045W,0,-0.30487725,0.15798987448215485,0.8687872886657715,0.4660796523094177
YOR383C,YGL071W,0,-0.30511326,0.15796132385730743,0.8687872886657715,0.4661796987056732
YBR243C,YIL134W,0,-0.3051169,0.15793277323246002,0.8687872886657715,0.4662797749042511
YKL149C,YDL100C,0,-0.30536216,0.157904252409935,0.8687872886657715,0.4663798213005066
YDL035C,YPR185W,0,-0.30548817,0.15787571668624878,0.8687872886657715,0.4664798974990845
YGL005C,YOR045W,0,-0.30548936,0.15784721076488495,0.8687872886657715,0.46657994389533997
YJR027W,YPL076W,0,-0.30555022,0.15781870484352112,0.8687872886657715,0.46668002009391785
YJR027W,YOL141W,0,-0.30560446,0.15779021382331848,0.8687872886657715,0.46678006649017334
YOR188W,YML041C,0,-0.3064341,0.15776173770427704,0.8687872886657715,0.4668801426887512
YNL318C,YOR335C,0,-0.30711728,0.1577332615852356,0.8687872886657715,0.4669801890850067
YCR071C,YML032C,0,-0.30714142,0.15770480036735535,0.8687872886657715,0.4670802354812622
YNL139C,YMR077C,0,-0.3077042,0.1576763540506363,0.8687872886657715,0.4671803116798401
YPL131W,YDR189W,0,-0.30771697,0.15764790773391724,0.8687872886657715,0.4672803580760956
YKL201C,YBR248C,0,-0.3079701,0.15761947631835938,0.8687872886657715,0.46738043427467346
YBL013W,YLR059C,0,-0.307974,0.1575910598039627,0.8687872886657715,0.46748048067092896
YOL017W,YHR050W,0,-0.30807528,0.15756264328956604,0.8687872886657715,0.46758055686950684
YOR313C,YML014W,0,-0.30815673,0.15753424167633057,0.8687872886657715,0.46768060326576233
YFR050C,YPL137C,0,-0.3081763,0.1575058549642563,0.8687872886657715,0.4677806794643402
YAL043C,YBL026W,1,-0.3084305,0.157657653093338,0.8697813153266907,0.4677806794643402
YJR125C,YLR390W,0,-0.30879813,0.15762925148010254,0.8697813153266907,0.4678807258605957
YGR060W,YKL137W,0,-0.3088414,0.15760086476802826,0.8697813153266907,0.4679808020591736
YKL190W,YLR009W,0,-0.3088684,0.15757247805595398,0.8697813153266907,0.4680808484554291
YJL112W,YBL097W,0,-0.3089885,0.1575441062450409,0.8697813153266907,0.46818089485168457
YKL048C,YPL064C,0,-0.3091032,0.157515749335289,0.8697813153266907,0.46828097105026245
YFR018C,YER119C,0,-0.30916733,0.1574874073266983,0.8697813153266907,0.46838101744651794
YDL105W,YPL058C,0,-0.3095039,0.1574590653181076,0.8697813153266907,0.4684810936450958
YOR226C,YBR112C,0,-0.3095765,0.1574307233095169,0.8697813153266907,0.4685811400413513
YLR382C,YOR128C,0,-0.30970645,0.1574024111032486,0.8697813153266907,0.4686812162399292
YHL033C,YEL077C,0,-0.30973834,0.15737409889698029,0.8697813153266907,0.4687812626361847
YEL052W,YOL009C,0,-0.30975944,0.15734580159187317,0.8697813153266907,0.4688813388347626
YLR401C,YGR024C,1,-0.3099423,0.15749730169773102,0.8707753419876099,0.4688813388347626
YPL253C,YMR136W,0,-0.30997503,0.1574689894914627,0.8707753419876099,0.46898138523101807
YDL202W,YER093C,0,-0.30999312,0.1574406921863556,0.8707753419876099,0.46908146142959595
YOL068C,YMR168C,0,-0.3104532,0.15741239488124847,0.8707753419876099,0.46918150782585144
YCL057W,YBR135W,0,-0.31045425,0.15738411247730255,0.8707753419876099,0.46928155422210693
YDR204W,YHR108W,0,-0.3105073,0.15735584497451782,0.8707753419876099,0.4693816304206848
YER123W,YLR004C,0,-0.31054056,0.1573275923728943,0.8707753419876099,0.4694816768169403
YML019W,YGL226C-A,0,-0.31074148,0.15729933977127075,0.8707753419876099,0.4695817530155182
YOR195W,YPL218W,0,-0.31077963,0.1572711020708084,0.8707753419876099,0.4696817994117737
YML058W,YDL117W,0,-0.3112135,0.15724286437034607,0.8707753419876099,0.46978187561035156
YDR078C,YDR262W,0,-0.3112327,0.15721464157104492,0.8707753419876099,0.46988192200660706
YPL120W,YPL069C,0,-0.31125128,0.15718643367290497,0.8707753419876099,0.46998199820518494
YFL024C,YNL251C,0,-0.31137067,0.1571582406759262,0.8707753419876099,0.47008204460144043
YBR257W,YPR080W,0,-0.31147844,0.15713004767894745,0.8707753419876099,0.4701821208000183
YLR247C,YLL067C,0,-0.3115837,0.15710186958312988,0.8707753419876099,0.4702821671962738
YHR002W,YKL172W,0,-0.3117295,0.15707369148731232,0.8707753419876099,0.4703822433948517
YML076C,YOR334W,0,-0.31174642,0.15704554319381714,0.8707753419876099,0.4704822897911072
YMR156C,YGL127C,0,-0.31201822,0.15701737999916077,0.8707753419876099,0.47058233618736267
YBR288C,YNR032W,0,-0.31203663,0.15698924660682678,0.8707753419876099,0.47068241238594055
YCL064C,YPL273W,0,-0.31210542,0.1569611132144928,0.8707753419876099,0.47078245878219604
YKL026C,YBR067C,0,-0.3121528,0.15693299472332,0.8707753419876099,0.4708825349807739
YDR191W,YBR271W,0,-0.31249446,0.1569048911333084,0.8707753419876099,0.4709825813770294
YBR098W,YLR067C,0,-0.31316465,0.15687678754329681,0.8707753419876099,0.4710826575756073
YNL327W,YKR081C,0,-0.31338745,0.1568486988544464,0.8707753419876099,0.4711827039718628
YDR072C,YDR522C,0,-0.313578,0.1568206250667572,0.8707753419876099,0.4712827801704407
YPL135W,YIL118W,0,-0.31387353,0.156792551279068,0.8707753419876099,0.47138282656669617
YOL126C,YNL036W,0,-0.3139521,0.15676449239253998,0.8707753419876099,0.47148290276527405
YKL087C,YAR066W,0,-0.31413597,0.15673644840717316,0.8707753419876099,0.47158294916152954
YGR231C,YAR027W,0,-0.31456816,0.15670840442180634,0.8707753419876099,0.47168299555778503
YIL036W,YNR004W,0,-0.31456858,0.1566803753376007,0.8707753419876099,0.4717830717563629
YJL114W,YMR134W,0,-0.3146338,0.15665236115455627,0.8707753419876099,0.4718831181526184
YLR340W,YFR044C,0,-0.31483585,0.15662434697151184,0.8707753419876099,0.4719831943511963
YNR057C,YFL021W,0,-0.31494725,0.1565963476896286,0.8707753419876099,0.4720832407474518
YBR216C,YGR276C,0,-0.31496096,0.15656836330890656,0.8707753419876099,0.47218331694602966
YGL098W,YPL119C,0,-0.31507218,0.1565403789281845,0.8707753419876099,0.47228336334228516
YHR024C,YMR293C,0,-0.31524736,0.15651242434978485,0.8707753419876099,0.47238343954086304
YJL095W,YGL030W,0,-0.31525767,0.156484454870224,0.8707753419876099,0.47248348593711853
YFR049W,YLR194C,0,-0.3153593,0.15645651519298553,0.8707753419876099,0.4725835621356964
YDL035C,YDL235C,0,-0.31543887,0.15642857551574707,0.8707753419876099,0.4726836085319519
YDL246C,YHL007C,0,-0.31557077,0.1564006358385086,0.8707753419876099,0.4727836847305298
YOL142W,YNR032W,0,-0.31578982,0.15637272596359253,0.8707753419876099,0.4728837311267853
YBR199W,YLR299W,0,-0.31588233,0.15634481608867645,0.8707753419876099,0.47298377752304077
YDR162C,YIR003W,0,-0.316073,0.15631692111492157,0.8707753419876099,0.47308385372161865
YMR244C-A,YPR167C,0,-0.3162979,0.1562890261411667,0.8707753419876099,0.47318390011787415
YDR198C,YPL132W,0,-0.31633395,0.156261146068573,0.8707753419876099,0.473283976316452
YMR193W,YER118C,0,-0.31633455,0.1562332808971405,0.8707753419876099,0.4733840227127075
YLR408C,YKL176C,0,-0.31633514,0.156205415725708,0.8707753419876099,0.4734840989112854
YGR060W,YJL145W,0,-0.31646013,0.1561775654554367,0.8707753419876099,0.4735841453075409
YER154W,YNL016W,0,-0.31656188,0.1561497300863266,0.8707753419876099,0.4736842215061188
YMR034C,YNR032C-A,0,-0.31680483,0.15612190961837769,0.8707753419876099,0.47378426790237427
YNL067W,YNL307C,0,-0.316822,0.15609408915042877,0.8707753419876099,0.47388434410095215
YGR203W,YLR191W,0,-0.3170609,0.15606626868247986,0.8707753419876099,0.47398439049720764
YGR288W,YOR048C,0,-0.31709546,0.15603847801685333,0.8707753419876099,0.47408443689346313
YPL200W,YDR444W,0,-0.31727672,0.1560106873512268,0.8707753419876099,0.474184513092041
YBR118W,YEL047C,0,-0.31760454,0.15598291158676147,0.8707753419876099,0.4742845594882965
YGL224C,YBR179C,0,-0.31796545,0.15595513582229614,0.8707753419876099,0.4743846356868744
YHR115C,YPR181C,0,-0.31806403,0.155927374958992,0.8707753419876099,0.4744846820831299
YLR451W,YDR246W,0,-0.31824517,0.15589962899684906,0.8707753419876099,0.47458475828170776
YOR239W,YKL185W,0,-0.31831878,0.15587188303470612,0.8707753419876099,0.47468480467796326
YMR173W,YIL036W,0,-0.31833988,0.15584415197372437,0.8707753419876099,0.47478488087654114
YEL077C,YJL085W,0,-0.3183537,0.1558164358139038,0.8707753419876099,0.47488492727279663
YPR120C,YDR168W,0,-0.31859595,0.15578871965408325,0.8707753419876099,0.4749850034713745
YHR115C,YPR052C,0,-0.31873012,0.1557610183954239,0.8707753419876099,0.47508504986763
YPL086C,YOR068C,0,-0.31916672,0.15573333203792572,0.8707753419876099,0.4751850962638855
YKL203C,YGL012W,0,-0.31919104,0.15570564568042755,0.8707753419876099,0.4752851724624634
YML091C,YJR022W,1,-0.31947803,0.1558557003736496,0.871769368648529,0.4752851724624634
YPL181W,YBR059C,0,-0.31948906,0.15582799911499023,0.871769368648529,0.47538521885871887
YIL144W,YAL040C,0,-0.3197019,0.15580031275749207,0.871769368648529,0.47548529505729675
YIL011W,YKL045W,0,-0.3197161,0.1557726413011551,0.871769368648529,0.47558534145355225
YPR145W,YGR038W,0,-0.31993097,0.1557449847459793,0.871769368648529,0.4756854176521301
YER125W,YGL063W,1,-0.32040197,0.15589489042758942,0.8727633953094482,0.4756854176521301
YHR002W,YAL047C,0,-0.32040435,0.15586720407009125,0.8727633953094482,0.4757854640483856
YML055W,YNL005C,0,-0.32080108,0.15583954751491547,0.8727633953094482,0.4758855402469635
YGR174C,YOR367W,0,-0.32137978,0.15581189095973969,0.8727633953094482,0.475985586643219
YGL190C,YLR307W,0,-0.3213951,0.1557842493057251,0.8727633953094482,0.4760856628417969
YER065C,YDR415C,0,-0.32170355,0.1557566076517105,0.8727633953094482,0.47618570923805237
YDL024C,YJR042W,0,-0.32203197,0.15572898089885712,0.8727633953094482,0.47628578543663025
YBR169C,YOL116W,0,-0.32203484,0.15570136904716492,0.8727633953094482,0.47638583183288574
YMR087W,YDR463W,1,-0.32215154,0.1558510661125183,0.8737574815750122,0.47638583183288574
YDR090C,YPR002W,0,-0.3221975,0.15582343935966492,0.8737574815750122,0.47648587822914124
YDR498C,YJR151C,0,-0.32227755,0.15579581260681152,0.8737574815750122,0.4765859544277191
YGR055W,YBL013W,0,-0.3222944,0.15576821565628052,0.8737574815750122,0.4766860008239746
YDR463W,YBR008C,0,-0.32230216,0.15574060380458832,0.8737574815750122,0.4767860770225525
YMR244C-A,YBR298C,0,-0.32230526,0.1557130217552185,0.8737574815750122,0.476886123418808
YML045W,YIL156W,0,-0.3223601,0.1556854397058487,0.8737574815750122,0.47698619961738586
YMR023C,YJL035C,1,-0.32243204,0.15583495795726776,0.8747515082359314,0.47698619961738586
YJL035C,YMR047C,1,-0.32286465,0.15598441660404205,0.8757455348968506,0.47698619961738586
YNL084C,YHL034C,0,-0.3229438,0.15595680475234985,0.8757455348968506,0.47708624601364136
YDR043C,YDR229W,0,-0.32295138,0.15592920780181885,0.8757455348968506,0.47718632221221924
YJL013C,YMR005W,0,-0.3229727,0.15590161085128784,0.8757455348968506,0.47728636860847473
YOR371C,YNR013C,0,-0.32303113,0.15587402880191803,0.8757455348968506,0.4773864448070526
YOR259C,YIL013C,0,-0.32336503,0.15584644675254822,0.8757455348968506,0.4774864912033081
YGR118W,YDL047W,0,-0.32407075,0.1558188945055008,0.8757455348968506,0.4775865375995636
YLR190W,YPL188W,0,-0.32412398,0.15579134225845337,0.8757455348968506,0.4776866137981415
YOR251C,YLR191W,0,-0.3241977,0.15576379001140594,0.8757455348968506,0.477786660194397
YOL122C,YER101C,0,-0.32439578,0.15573625266551971,0.8757455348968506,0.47788673639297485
YOL052C,YCL064C,0,-0.3243996,0.15570873022079468,0.8757455348968506,0.47798678278923035
YDR079W,YDR476C,0,-0.32468086,0.15568122267723083,0.8757455348968506,0.4780868589878082
YLR460C,YOR207C,0,-0.3247593,0.155653715133667,0.8757455348968506,0.4781869053840637
YLR228C,YNL009W,0,-0.3247825,0.15562620759010315,0.8757455348968506,0.4782869815826416
YML133C,YDR267C,0,-0.32478797,0.1555987298488617,0.8757455348968506,0.4783870279788971
YOR068C,YHR065C,0,-0.32512057,0.15557125210762024,0.8757455348968506,0.478487104177475
YIL007C,YOL006C,0,-0.32524657,0.15554378926753998,0.8757455348968506,0.47858715057373047
YOR058C,YNL281W,0,-0.325257,0.15551632642745972,0.8757455348968506,0.47868722677230835
YDL070W,YLR089C,0,-0.32542026,0.15548887848854065,0.8757455348968506,0.47878727316856384
YPL030W,YJR084W,0,-0.32564664,0.15546144545078278,0.8757455348968506,0.47888731956481934
YPL187W,YCL064C,0,-0.3260743,0.1554340124130249,0.8757455348968506,0.4789873957633972
YOR262W,YOR193W,0,-0.32608706,0.15540659427642822,0.8757455348968506,0.4790874421596527
YDR073W,YHR204W,0,-0.32617158,0.15537919104099274,0.8757455348968506,0.4791875183582306
YPL225W,YBL067C,0,-0.32617402,0.15535178780555725,0.8757455348968506,0.4792875647544861
YMR215W,YPL027W,0,-0.32623184,0.15532439947128296,0.8757455348968506,0.47938764095306396
YML025C,YKL093W,0,-0.32646954,0.15529702603816986,0.8757455348968506,0.47948768734931946
YDL155W,YJR137C,0,-0.32656288,0.15526965260505676,0.8757455348968506,0.47958776354789734
YBR002C,YLR229C,0,-0.3266853,0.15524229407310486,0.8757455348968506,0.47968780994415283
YHR026W,YGR205W,0,-0.32681555,0.15521493554115295,0.8757455348968506,0.4797878861427307
YHR112C,YDR264C,0,-0.3268476,0.15518759191036224,0.8757455348968506,0.4798879325389862
YER104W,YDL036C,0,-0.32699728,0.15516026318073273,0.8757455348968506,0.4799879789352417
YDR213W,YML047C,0,-0.3272943,0.1551329493522644,0.8757455348968506,0.4800880551338196
YLR288C,YJL138C,0,-0.3273216,0.15510563552379608,0.8757455348968506,0.4801881015300751
YBR069C,YOR239W,0,-0.32732475,0.15507833659648895,0.8757455348968506,0.48028817772865295
YFL054C,YLR039C,0,-0.3274024,0.15505103766918182,0.8757455348968506,0.48038822412490845
YDR255C,YHR035W,0,-0.32750285,0.1550237536430359,0.8757455348968506,0.48048830032348633
YEL040W,YHR210C,0,-0.32756776,0.15499648451805115,0.8757455348968506,0.4805883467197418
YGR118W,YLR368W,0,-0.32769758,0.1549692153930664,0.8757455348968506,0.4806884229183197
YHR106W,YJL118W,0,-0.3277431,0.15494196116924286,0.8757455348968506,0.4807884693145752
YPL270W,YGR198W,0,-0.32784635,0.1549147218465805,0.8757455348968506,0.4808885455131531
YGR030C,YBL100W-A,0,-0.32796812,0.15488748252391815,0.8757455348968506,0.48098859190940857
YOR084W,YJR052W,0,-0.3282395,0.154860258102417,0.8757455348968506,0.48108863830566406
YPR091C,YDL175C,0,-0.32840568,0.15483303368091583,0.8757455348968506,0.48118871450424194
YNR006W,YLR404W,0,-0.32844335,0.15480583906173706,0.8757455348968506,0.48128876090049744
YFL003C,YBR037C,0,-0.32848078,0.1547786295413971,0.8757455348968506,0.4813888370990753
YGL051W,YDL225W,0,-0.32866925,0.15475144982337952,0.8757455348968506,0.4814888834953308
YCR107W,YLR314C,0,-0.32869136,0.15472427010536194,0.8757455348968506,0.4815889596939087
YOR126C,YCR016W,0,-0.32877648,0.15469710528850555,0.8757455348968506,0.4816890060901642
YGL065C,YPL276W,0,-0.3292032,0.15466994047164917,0.8757455348968506,0.48178908228874207
YNL224C,YDR453C,0,-0.32933915,0.15464279055595398,0.8757455348968506,0.48188912868499756
YBR238C,YJR057W,0,-0.32994533,0.15461565554141998,0.8757455348968506,0.48198920488357544
YDR441C,YPL169C,0,-0.33010924,0.154588520526886,0.8757455348968506,0.48208925127983093
YGR046W,YLR272C,0,-0.33035994,0.15456140041351318,0.8757455348968506,0.4821893274784088
YGR266W,YGR121C,0,-0.3304367,0.15453429520130157,0.8757455348968506,0.4822893738746643
YPR003C,YOR297C,0,-0.330463,0.15450718998908997,0.8757455348968506,0.4823894202709198
YFL034C-A,YDR151C,0,-0.331082,0.15448009967803955,0.8757455348968506,0.4824894964694977
YGR048W,YJL095W,0,-0.3316412,0.15445300936698914,0.8757455348968506,0.4825895428657532
YJL183W,YDR304C,0,-0.33188528,0.1544259488582611,0.8757455348968506,0.48268961906433105
YJR131W,YEL020C,0,-0.33204287,0.1543988734483719,0.8757455348968506,0.48278966546058655
YGL244W,YDR480W,0,-0.33206713,0.15437182784080505,0.8757455348968506,0.48288974165916443
YIL053W,YMR055C,0,-0.33209568,0.15434478223323822,0.8757455348968506,0.4829897880554199
YOR079C,YPL097W,0,-0.33217865,0.1543177366256714,0.8757455348968506,0.4830898642539978
YKL189W,YDR194C,0,-0.33267462,0.15429072082042694,0.8757455348968506,0.4831899106502533
YMR195W,YGL047W,0,-0.3331976,0.1542637050151825,0.8757455348968506,0.4832899868488312
YLR405W,YLR081W,0,-0.33342946,0.15423668920993805,0.8757455348968506,0.48339003324508667
YPL005W,YNR069C,0,-0.33344626,0.154209703207016,0.8757455348968506,0.48349007964134216
YPL150W,YMR114C,0,-0.33350307,0.15418270230293274,0.8757455348968506,0.48359015583992004
YDL239C,YMR236W,0,-0.3339743,0.15415573120117188,0.8757455348968506,0.48369020223617554
YPR075C,YLR001C,0,-0.33408087,0.154128760099411,0.8757455348968506,0.4837902784347534
YLR368W,YDL149W,0,-0.3345291,0.15410180389881134,0.8757455348968506,0.4838903248310089
YDL100C,YJR117W,0,-0.33457392,0.15407484769821167,0.8757455348968506,0.4839904010295868
YKL093W,YHL028W,0,-0.33469486,0.1540479063987732,0.8757455348968506,0.4840904474258423
YBR182C,YDR378C,0,-0.3348387,0.1540209800004959,0.8757455348968506,0.48419052362442017
YER144C,YDR027C,0,-0.3350339,0.15399405360221863,0.8757455348968506,0.48429057002067566
YMR193W,YER008C,0,-0.3350941,0.15396714210510254,0.8757455348968506,0.48439064621925354
YOR226C,YLR089C,0,-0.33533323,0.15394024550914764,0.8757455348968506,0.48449069261550903
YAR031W,YNR010W,0,-0.33566725,0.15391334891319275,0.8757455348968506,0.4845907688140869
YFR001W,YPL116W,0,-0.3357299,0.15388646721839905,0.8757455348968506,0.4846908152103424
YJR022W,YNL221C,1,-0.3360659,0.15403422713279724,0.8767395615577698,0.4846908152103424
YDR259C,YLR165C,0,-0.33610463,0.15400733053684235,0.8767395615577698,0.4847908616065979
YPR162C,YOR034C,0,-0.33653337,0.15398044884204865,0.8767395615577698,0.4848909378051758
YLR197W,YLR307W,0,-0.33655316,0.15395356714725494,0.8767395615577698,0.4849909842014313
YLR389C,YKL163W,0,-0.3365761,0.15392670035362244,0.8767395615577698,0.48509106040000916
YDR016C,YHR073W,0,-0.33690196,0.15389984846115112,0.8767395615577698,0.48519110679626465
YCL011C,YKL145W,0,-0.33690298,0.1538729965686798,0.8767395615577698,0.48529118299484253
YNL169C,YHR134W,0,-0.33695894,0.1538461595773697,0.8767395615577698,0.485391229391098
YKR045C,YGL233W,0,-0.33700663,0.15381932258605957,0.8767395615577698,0.4854913055896759
YMR072W,YDR129C,0,-0.33712435,0.15379250049591064,0.8767395615577698,0.4855913519859314
YPL086C,YMR023C,1,-0.3371982,0.15394002199172974,0.877733588218689,0.4855913519859314
YDL100C,YHR085W,0,-0.33724457,0.1539131999015808,0.877733588218689,0.4856914281845093
YNL175C,YKL090W,0,-0.3374542,0.15388637781143188,0.877733588218689,0.48579147458076477
YPL200W,YKL114C,0,-0.33747435,0.15385955572128296,0.877733588218689,0.48589152097702026
YJR095W,YOL108C,0,-0.337735,0.15383274853229523,0.877733588218689,0.48599159717559814
YMR078C,YCR073C,0,-0.3377658,0.1538059562444687,0.877733588218689,0.48609164357185364
YJL154C,YLR284C,0,-0.337932,0.15377916395664215,0.877733588218689,0.4861917197704315
YCR016W,YDL247W,0,-0.33794272,0.153752401471138,0.877733588218689,0.486291766166687
YDR311W,YDL100C,0,-0.33827013,0.15372562408447266,0.877733588218689,0.4863918423652649
YER004W,YGR268C,0,-0.338422,0.1536988615989685,0.877733588218689,0.4864918887615204
YDR385W,YPL040C,0,-0.33842605,0.15367211401462555,0.877733588218689,0.48659196496009827
YNR013C,YBR109C,0,-0.33864307,0.1536453813314438,0.877733588218689,0.48669201135635376
YLR028C,YOR109W,0,-0.3386783,0.15361864864826202,0.877733588218689,0.48679208755493164
YGL245W,YLR013W,0,-0.33880877,0.15359193086624146,0.877733588218689,0.48689213395118713
YLR006C,YNL225C,0,-0.33934653,0.1535652130842209,0.877733588218689,0.486992210149765
YJR131W,YGR036C,0,-0.33938336,0.1535385102033615,0.877733588218689,0.4870922565460205
YDL040C,YBR049C,0,-0.33950084,0.15351182222366333,0.877733588218689,0.487192302942276
YMR312W,YLR105C,1,-0.33961648,0.15365895628929138,0.8787276148796082,0.487192302942276
YHR082C,YBR203W,0,-0.33967596,0.153632253408432,0.8787276148796082,0.4872923791408539
YFR030W,YIL061C,0,-0.33969647,0.15360556542873383,0.8787276148796082,0.4873924255371094
YPL246C,YPL227C,0,-0.33974677,0.15357887744903564,0.8787276148796082,0.48749250173568726
YFR013W,YIL056W,0,-0.340006,0.15355220437049866,0.8787276148796082,0.48759254813194275
YMR039C,YLR190W,0,-0.3400364,0.15352553129196167,0.8787276148796082,0.48769262433052063
YLL014W,YAL040C,0,-0.34014952,0.15349887311458588,0.8787276148796082,0.4877926707267761
YPL020C,YGR227W,0,-0.34025562,0.15347221493721008,0.8787276148796082,0.487892746925354
YHL050C,YML006C,0,-0.34055793,0.15344558656215668,0.8787276148796082,0.4879927933216095
YGR204W,YKR103W,0,-0.340591,0.15341895818710327,0.8787276148796082,0.4880928695201874
YNL304W,YGL012W,0,-0.34113145,0.15339232981204987,0.8787276148796082,0.48819291591644287
YJL071W,YBR153W,0,-0.34131867,0.15336571633815765,0.8787276148796082,0.48829296231269836
YPL234C,YPL096W,0,-0.341582,0.15333911776542664,0.8787276148796082,0.48839303851127625
YBL008W,YDR406W,0,-0.3415833,0.15331251919269562,0.8787276148796082,0.48849308490753174
YAL051W,YER101C,0,-0.34169155,0.1532859355211258,0.8787276148796082,0.4885931611061096
YGL167C,YPR011C,0,-0.3418892,0.15325936675071716,0.8787276148796082,0.4886932075023651
YHR062C,YKL170W,0,-0.34193432,0.15323279798030853,0.8787276148796082,0.488793283700943
YPR056W,YOR113W,0,-0.3421921,0.1532062441110611,0.8787276148796082,0.4888933300971985
YKL217W,YIL046W,0,-0.34252566,0.15317969024181366,0.8787276148796082,0.48899340629577637
YLL048C,YIL168W,0,-0.34276527,0.15315315127372742,0.8787276148796082,0.48909345269203186
YDR276C,YDL022W,0,-0.34289753,0.15312662720680237,0.8787276148796082,0.48919352889060974
YGL013C,YNR017W,0,-0.3429765,0.15310010313987732,0.8787276148796082,0.48929357528686523
YDR090C,YNL010W,0,-0.34307128,0.15307359397411346,0.8787276148796082,0.4893936216831207
YMR273C,YNR053C,0,-0.34323406,0.1530470848083496,0.8787276148796082,0.4894936978816986
YOR086C,YDR146C,0,-0.34345138,0.15302060544490814,0.8787276148796082,0.4895937442779541
YOR005C,YAR003W,0,-0.34356278,0.15299411118030548,0.8787276148796082,0.489693820476532
YCR079W,YDL209C,0,-0.34368896,0.1529676467180252,0.8787276148796082,0.4897938668727875
YCL033C,YDL035C,0,-0.34375137,0.15294118225574493,0.8787276148796082,0.48989394307136536
YDR178W,YGR193C,0,-0.34381253,0.15291471779346466,0.8787276148796082,0.48999398946762085
YDR310C,YCR088W,0,-0.3441198,0.15288826823234558,0.8787276148796082,0.49009406566619873
YBR221C,YLR262C,0,-0.34419787,0.1528618335723877,0.8787276148796082,0.4901941120624542
YLR089C,YMR038C,0,-0.3443557,0.152835413813591,0.8787276148796082,0.4902941882610321
YER075C,YPR140W,0,-0.34447265,0.1528089940547943,0.8787276148796082,0.4903942346572876
YHR124W,YCR086W,0,-0.3445574,0.15278257429599762,0.8787276148796082,0.4904943108558655
YPL175W,YIL022W,0,-0.34486932,0.15275618433952332,0.8787276148796082,0.49059435725212097
YPL029W,YJR093C,0,-0.34491938,0.15272977948188782,0.8787276148796082,0.49069440364837646
YDR143C,YGL068W,0,-0.34507757,0.1527034044265747,0.8787276148796082,0.49079447984695435
YML072C,YMR266W,0,-0.3452711,0.1526770293712616,0.8787276148796082,0.49089452624320984
YPR079W,YIL063C,0,-0.34533018,0.15265066921710968,0.8787276148796082,0.4909946024417877
YEL077C,YPR187W,0,-0.34549743,0.15262430906295776,0.8787276148796082,0.4910946488380432
YBR295W,YLR191W,0,-0.34601027,0.15259796380996704,0.8787276148796082,0.4911947250366211
YLR054C,YLR034C,0,-0.34622002,0.15257161855697632,0.8787276148796082,0.4912947714328766
YMR087W,YPL063W,0,-0.3463977,0.15254530310630798,0.8787276148796082,0.49139484763145447
YHR156C,YNL288W,0,-0.3464566,0.15251897275447845,0.8787276148796082,0.49149489402770996
YNL326C,YDR189W,0,-0.3466161,0.1524926722049713,0.8787276148796082,0.49159497022628784
YKL053C-A,YIL120W,0,-0.3469932,0.15246637165546417,0.8787276148796082,0.49169501662254333
YKL013C,YCR003W,0,-0.34700328,0.15244007110595703,0.8787276148796082,0.49179506301879883
YLR291C,YNL106C,0,-0.34730148,0.15241380035877228,0.8787276148796082,0.4918951392173767
YLR341W,YDL179W,0,-0.34732485,0.15238751471042633,0.8787276148796082,0.4919951856136322
YNR056C,YOR320C,0,-0.34734744,0.15236125886440277,0.8787276148796082,0.4920952618122101
YMR216C,YLR037C,0,-0.34759188,0.1523350030183792,0.8787276148796082,0.4921953082084656
YGL033W,YDL029W,0,-0.34766835,0.15230874717235565,0.8787276148796082,0.49229538440704346
YOR298W,YLL003W,0,-0.34780812,0.15228252112865448,0.8787276148796082,0.49239543080329895
YPL241C,YLR165C,0,-0.34837872,0.15225628018379211,0.8787276148796082,0.49249550700187683
YDR289C,YBL025W,0,-0.3486094,0.15223006904125214,0.8787276148796082,0.4925955533981323
YOR188W,YKL064W,0,-0.3489145,0.15220385789871216,0.8787276148796082,0.4926956295967102
YPR188C,YGL129C,0,-0.34905332,0.15217766165733337,0.8787276148796082,0.4927956759929657
YHR157W,YIL065C,0,-0.34908253,0.1521514654159546,0.8787276148796082,0.4928957521915436
YPR024W,YER023W,0,-0.3492515,0.152125284075737,0.8787276148796082,0.4929957985877991
YBR070C,YGR206W,0,-0.34938926,0.1520991027355194,0.8787276148796082,0.49309584498405457
YKL027W,YKL137W,0,-0.34940696,0.152072936296463,0.8787276148796082,0.49319592118263245
YGR144W,YDL029W,0,-0.3495481,0.1520467847585678,0.8787276148796082,0.49329596757888794
YLR058C,YMR167W,0,-0.34961253,0.1520206332206726,0.8787276148796082,0.4933960437774658
YGL212W,YCR042C,0,-0.3498487,0.1519944965839386,0.8787276148796082,0.4934960901737213
YOR090C,YNL020C,0,-0.3498751,0.15196837484836578,0.8787276148796082,0.4935961663722992
YPL066W,YJR053W,0,-0.3500228,0.15194225311279297,0.8787276148796082,0.4936962127685547
YIR018W,YPR128C,0,-0.3501554,0.15191613137722015,0.8787276148796082,0.49379628896713257
YLR035C,YOL110W,0,-0.3501985,0.15189003944396973,0.8787276148796082,0.49389633536338806
YNL026W,YBR238C,0,-0.35032248,0.1518639475107193,0.8787276148796082,0.49399641156196594
YBL005W-A,YJL151C,0,-0.35065258,0.15183785557746887,0.8787276148796082,0.49409645795822144
YKR035W-A,YIL021W,0,-0.3509624,0.15181177854537964,0.8787276148796082,0.49419650435447693
YGL094C,YNL305C,0,-0.35108793,0.1517857164144516,0.8787276148796082,0.4942965805530548
YNL147W,YML038C,0,-0.35113418,0.15175965428352356,0.8787276148796082,0.4943966269493103
YOL165C,YHL002W,0,-0.3512057,0.1517336070537567,0.8787276148796082,0.4944967031478882
YGR258C,YGR040W,0,-0.3512075,0.15170757472515106,0.8787276148796082,0.4945967495441437
YMR065W,YLR310C,0,-0.3514772,0.1516815423965454,0.8787276148796082,0.49469682574272156
YHR002W,YDR190C,0,-0.35166013,0.15165551006793976,0.8787276148796082,0.49479687213897705
YDL223C,YMR050C,0,-0.3517081,0.1516295075416565,0.8787276148796082,0.49489694833755493
YDL100C,YGR087C,0,-0.35218483,0.15160350501537323,0.8787276148796082,0.4949969947338104
YGR012W,YNL209W,0,-0.35225284,0.15157750248908997,0.8787276148796082,0.4950970709323883
YPL076W,YKR029C,0,-0.3525262,0.1515515148639679,0.8787276148796082,0.4951971173286438
YNL160W,YPL021W,0,-0.35255957,0.15152554214000702,0.8787276148796082,0.4952971637248993
YLR368W,YDR369C,0,-0.35278416,0.15149956941604614,0.8787276148796082,0.4953972399234772
YHR033W,YGL183C,0,-0.35290277,0.15147361159324646,0.8787276148796082,0.49549728631973267
YPL069C,YPL021W,0,-0.35295898,0.15144766867160797,0.8787276148796082,0.49559736251831055
YIL047C,YLR313C,0,-0.3529933,0.15142172574996948,0.8787276148796082,0.49569740891456604
YFR025C,YNL273W,0,-0.3531463,0.151395782828331,0.8787276148796082,0.4957974851131439
YDR468C,YGR174C,0,-0.35316068,0.1513698697090149,0.8787276148796082,0.4958975315093994
YMR005W,YDR381W,0,-0.35327673,0.1513439416885376,0.8787276148796082,0.4959976077079773
YPL151C,YNL236W,0,-0.35379744,0.1513180434703827,0.8787276148796082,0.4960976541042328
YDL147W,YGR281W,0,-0.353826,0.15129214525222778,0.8787276148796082,0.49619773030281067
YNL286W,YDL028C,0,-0.35397667,0.15126626193523407,0.8787276148796082,0.49629777669906616
YIR013C,YPR105C,0,-0.35415405,0.15124037861824036,0.8787276148796082,0.49639785289764404
YER142C,YNR004W,0,-0.35420215,0.15121451020240784,0.8787276148796082,0.49649789929389954
YGL067W,YGL079W,0,-0.35428613,0.15118864178657532,0.8787276148796082,0.49659794569015503
YMR291W,YOR339C,0,-0.35432476,0.151162788271904,0.8787276148796082,0.4966980218887329
YMR092C,YJL116C,0,-0.35448676,0.15113694965839386,0.8787276148796082,0.4967980682849884
YDR159W,YHR157W,0,-0.3545286,0.15111111104488373,0.8787276148796082,0.4968981444835663
YPL180W,YBR301W,0,-0.35472655,0.1510852873325348,0.8787276148796082,0.4969981908798218
YDL077C,YPR161C,0,-0.35527742,0.15105946362018585,0.8787276148796082,0.49709826707839966
YGL027C,YML126C,0,-0.35534567,0.1510336548089981,0.8787276148796082,0.49719831347465515
YPL078C,YGR004W,0,-0.35540378,0.15100786089897156,0.8787276148796082,0.49729838967323303
YJR027W,YOL062C,0,-0.35540444,0.150982066988945,0.8787276148796082,0.4973984360694885
YKR029C,YNL014W,0,-0.35543585,0.15095628798007965,0.8787276148796082,0.4974985122680664
YDR173C,YBR068C,0,-0.35543865,0.1509305089712143,0.8787276148796082,0.4975985586643219
YJR108W,YMR182C,0,-0.3558042,0.15090474486351013,0.8787276148796082,0.4976986050605774
YMR075W,YHR082C,0,-0.35583824,0.15087899565696716,0.8787276148796082,0.4977986812591553
YLR016C,YDR528W,0,-0.35586017,0.1508532464504242,0.8787276148796082,0.49789872765541077
YDL021W,YJL096W,0,-0.35613447,0.15082749724388123,0.8787276148796082,0.49799880385398865
YDL246C,YGL148W,0,-0.35617203,0.15080177783966064,0.8787276148796082,0.49809885025024414
YOR340C,YML072C,0,-0.35618943,0.15077605843544006,0.8787276148796082,0.498198926448822
YER035W,YCR017C,0,-0.35650998,0.15075033903121948,0.8787276148796082,0.4982989728450775
YKL220C,YBR037C,0,-0.3568203,0.1507246345281601,0.8787276148796082,0.4983990490436554
YJR102C,YKL113C,0,-0.3569715,0.1506989449262619,0.8787276148796082,0.4984990954399109
YKL039W,YJL087C,0,-0.3569888,0.1506732553243637,0.8787276148796082,0.49859917163848877
YIR015W,YDL112W,1,-0.35700512,0.15081799030303955,0.8797216415405273,0.49859917163848877
YNL097C,YDR028C,0,-0.357324,0.15079230070114136,0.8797216415405273,0.49869921803474426
YDL174C,YHR111W,0,-0.35749865,0.15076661109924316,0.8797216415405273,0.49879929423332214
YGL029W,YER143W,0,-0.35756004,0.15074093639850616,0.8797216415405273,0.49889934062957764
YDR497C,YIL156W,0,-0.35763627,0.15071526169776917,0.8797216415405273,0.49899938702583313
YMR087W,YHR187W,1,-0.35825014,0.15085986256599426,0.8807157278060913,0.49899938702583313
YJR054W,YGR288W,0,-0.35839146,0.15083418786525726,0.8807157278060913,0.499099463224411
YDR226W,YML109W,0,-0.35880464,0.15080851316452026,0.8807157278060913,0.4991995096206665
YMR176W,YCL039W,0,-0.35929668,0.15078283846378326,0.8807157278060913,0.4992995858192444
YMR154C,YML019W,0,-0.35931826,0.15075719356536865,0.8807157278060913,0.4993996322154999
YKL092C,YER139C,0,-0.35961187,0.15073154866695404,0.8807157278060913,0.49949970841407776
YIL038C,YBR086C,0,-0.35963982,0.15070590376853943,0.8807157278060913,0.49959975481033325
YKL084W,YEL063C,0,-0.35968208,0.150680273771286,0.8807157278060913,0.49969983100891113
YOR189W,YJR078W,0,-0.35973835,0.1506546437740326,0.8807157278060913,0.4997998774051666
YLR081W,YOR283W,0,-0.359814,0.15062904357910156,0.8807157278060913,0.4998999536037445
YGL257C,YGL200C,0,-0.36008614,0.15060342848300934,0.8807157278060913,0.5
YNL024C,YCR020W-B,0,-0.36012232,0.1505778431892395,0.8807157278060913,0.5001000761985779
YOR068C,YLR035C,0,-0.36013377,0.15055225789546967,0.8807157278060913,0.500200092792511
YDR485C,YOR380W,0,-0.3603087,0.15052667260169983,0.8807157278060913,0.5003001689910889
YER129W,YNL072W,0,-0.36035287,0.1505011022090912,0.8807157278060913,0.5004002451896667
YBR019C,YPL009C,0,-0.3604079,0.15047554671764374,0.8807157278060913,0.5005003213882446
YNL328C,YHR041C,0,-0.36042434,0.1504499912261963,0.8807157278060913,0.5006003379821777
YJL178C,YFL021W,0,-0.36043924,0.15042445063591003,0.8807157278060913,0.5007004141807556
YMR046C,YJR119C,0,-0.36077136,0.15039891004562378,0.8807157278060913,0.5008004903793335
YHR057C,YPR125W,0,-0.3619148,0.15037338435649872,0.8807157278060913,0.5009005665779114
YDR373W,YCL029C,0,-0.36217666,0.15034787356853485,0.8807157278060913,0.5010005831718445
YGL126W,YPL227C,0,-0.36235303,0.15032236278057098,0.8807157278060913,0.5011006593704224
YMR136W,YPL180W,0,-0.3626789,0.1502968668937683,0.8807157278060913,0.5012007355690002
YCR107W,YCL030C,0,-0.36281246,0.15027137100696564,0.8807157278060913,0.5013007521629333
YIL095W,YER166W,0,-0.36295444,0.15024589002132416,0.8807157278060913,0.5014008283615112
YKR068C,YCR083W,0,-0.36348855,0.15022040903568268,0.8807157278060913,0.5015009045600891
YDR287W,YNL270C,0,-0.36385405,0.1501949429512024,0.8807157278060913,0.501600980758667
YDR140W,YOR393W,0,-0.36392736,0.1501694917678833,0.8807157278060913,0.5017009973526001
YCR033W,YDR108W,0,-0.36399865,0.1501440405845642,0.8807157278060913,0.501801073551178
YIL068C,YLR042C,0,-0.3641855,0.1501186043024063,0.8807157278060913,0.5019011497497559
YML045W,YDR434W,0,-0.3642612,0.1500931680202484,0.8807157278060913,0.5020012259483337
YIL123W,YGL124C,0,-0.36431277,0.1500677466392517,0.8807157278060913,0.5021012425422668
YDR026C,YGL254W,0,-0.36442268,0.1500423401594162,0.8807157278060913,0.5022013187408447
YDR410C,YDR028C,0,-0.36447847,0.1500169336795807,0.8807157278060913,0.5023013949394226
YMR232W,YGR275W,0,-0.36451375,0.14999154210090637,0.8807157278060913,0.5024014115333557
YJL092W,YER090W,0,-0.36476022,0.14996615052223206,0.8807157278060913,0.5025014877319336
YDR488C,YOR194C,0,-0.3648669,0.14994077384471893,0.8807157278060913,0.5026015639305115
YHR209W,YMR225C,0,-0.3650934,0.1499153971672058,0.8807157278060913,0.5027016401290894
YBL105C,YER001W,0,-0.36518556,0.14989003539085388,0.8807157278060913,0.5028016567230225
YJR093C,YML052W,0,-0.365219,0.14986468851566315,0.8807157278060913,0.5029017329216003
YDR449C,YGL012W,0,-0.36525995,0.1498393416404724,0.8807157278060913,0.5030018091201782
YNR055C,YPL057C,0,-0.3656153,0.14981399476528168,0.8807157278060913,0.5031018853187561
YPL127C,YPR162C,0,-0.36623943,0.14978867769241333,0.8807157278060913,0.5032019019126892
YLL031C,YLR151C,0,-0.3663627,0.14976336061954498,0.8807157278060913,0.5033019781112671
YPL021W,YNL275W,0,-0.36637336,0.14973804354667664,0.8807157278060913,0.503402054309845
YNL286W,YGL087C,0,-0.3664387,0.14971274137496948,0.8807157278060913,0.5035021305084229
YBR216C,YCL010C,0,-0.36657113,0.14968745410442352,0.8807157278060913,0.503602147102356
YGR103W,YHR202W,0,-0.36659688,0.14966216683387756,0.8807157278060913,0.5037022233009338
YPR167C,YKL166C,0,-0.3666336,0.1496368795633316,0.8807157278060913,0.5038022994995117
YNR071C,YNL315C,0,-0.36693448,0.14961162209510803,0.8807157278060913,0.5039023160934448
YDR092W,YKL126W,0,-0.36707175,0.14958636462688446,0.8807157278060913,0.5040023922920227
YMR193W,YDR489W,0,-0.36709547,0.1495611071586609,0.8807157278060913,0.5041024684906006
YJL141C,YGL124C,0,-0.3672369,0.1495358645915985,0.8807157278060913,0.5042025446891785
YBL009W,YMR021C,0,-0.36759412,0.14951063692569733,0.8807157278060913,0.5043025612831116
YML123C,YOR028C,0,-0.36781758,0.14948540925979614,0.8807157278060913,0.5044026374816895
YMR293C,YIL030C,0,-0.36802393,0.14946018159389496,0.8807157278060913,0.5045027136802673
YLR054C,YHR204W,0,-0.36833358,0.14943498373031616,0.8807157278060913,0.5046027898788452
YKL012W,YIL159W,0,-0.3685906,0.14940978586673737,0.8807157278060913,0.5047028064727783
YJL128C,YDL220C,0,-0.36859685,0.14938458800315857,0.8807157278060913,0.5048028826713562
YAL055W,YCR073C,0,-0.36872435,0.14935940504074097,0.8807157278060913,0.5049029588699341
YGR211W,YMR044W,0,-0.3688346,0.14933423697948456,0.8807157278060913,0.5050029754638672
YDR243C,YHR214W,0,-0.36895669,0.14930906891822815,0.8807157278060913,0.5051030516624451
YDR111C,YBL036C,0,-0.36921978,0.14928391575813293,0.8807157278060913,0.505203127861023
YDR170C,YLR277C,0,-0.36937815,0.14925876259803772,0.8807157278060913,0.5053032040596008
YLR054C,YGL022W,0,-0.36969995,0.1492336243391037,0.8807157278060913,0.5054032206535339
YPL187W,YGL151W,0,-0.3704062,0.14920848608016968,0.8807157278060913,0.5055032968521118
YMR291W,YBL092W,0,-0.3707435,0.14918336272239685,0.8807157278060913,0.5056033730506897
YHR108W,YDL212W,0,-0.37103862,0.14915825426578522,0.8807157278060913,0.5057034492492676
YLR107W,YLR205C,0,-0.3711381,0.14913314580917358,0.8807157278060913,0.5058034658432007
YBR046C,YJR053W,0,-0.37117952,0.14910803735256195,0.8807157278060913,0.5059035420417786
YPL049C,YHR133C,0,-0.37163985,0.1490829586982727,0.8807157278060913,0.5060036182403564
YKR039W,YML007W,0,-0.37187904,0.14905788004398346,0.8807157278060913,0.5061036348342896
YBR120C,YGL086W,0,-0.37199843,0.1490328013896942,0.8807157278060913,0.5062037110328674
YMR167W,YOL006C,0,-0.3720882,0.14900773763656616,0.8807157278060913,0.5063037872314453
YPL183C,YGR169C,0,-0.3721075,0.1489826738834381,0.8807157278060913,0.5064038634300232
YML025C,YDL208W,0,-0.37218416,0.14895763993263245,0.8807157278060913,0.5065038800239563
YGR060W,YOR077W,0,-0.37250954,0.1489325910806656,0.8807157278060913,0.5066039562225342
YOR162C,YOR173W,0,-0.37262565,0.14890755712985992,0.8807157278060913,0.5067040324211121
YDR137W,YOR007C,0,-0.37268794,0.14888253808021545,0.8807157278060913,0.5068041086196899
YML058W,YGL079W,0,-0.37274247,0.14885753393173218,0.8807157278060913,0.506904125213623
YGR281W,YHL022C,0,-0.37281632,0.1488325148820877,0.8807157278060913,0.5070042014122009
YNL063W,YBR073W,0,-0.372824,0.14880752563476562,0.8807157278060913,0.5071042776107788
YMR011W,YOR253W,0,-0.37304783,0.14878253638744354,0.8807157278060913,0.5072042942047119
YNR057C,YIL105C,0,-0.3735022,0.14875756204128265,0.8807157278060913,0.5073043704032898
YHR016C,YDL160C,0,-0.37370604,0.14873258769512177,0.8807157278060913,0.5074044466018677
YJL026W,YDR528W,0,-0.37396407,0.14870761334896088,0.8807157278060913,0.5075045228004456
YBR293W,YHR037W,0,-0.37407112,0.14868266880512238,0.8807157278060913,0.5076045393943787
YCR068W,YDL140C,0,-0.37435466,0.14865772426128387,0.8807157278060913,0.5077046155929565
YDR411C,YNL048W,0,-0.37477386,0.14863277971744537,0.8807157278060913,0.5078046917915344
YBL024W,YHR006W,1,-0.3747779,0.14877557754516602,0.8817097544670105,0.5078046917915344
YMR244C-A,YJL166W,0,-0.3754037,0.14875063300132751,0.8817097544670105,0.5079047679901123
YLR359W,YGL008C,0,-0.37544107,0.148725688457489,0.8817097544670105,0.5080047845840454
YDR468C,YER035W,0,-0.37589365,0.1487007588148117,0.8817097544670105,0.5081048607826233
YLR148W,YGL195W,0,-0.37592095,0.1486758291721344,0.8817097544670105,0.5082049369812012
YAR033W,YCL051W,0,-0.37592733,0.1486509144306183,0.8817097544670105,0.5083049535751343
YDR430C,YJL002C,0,-0.37594157,0.14862599968910217,0.8817097544670105,0.5084050297737122
YOR192C,YJL124C,0,-0.37617844,0.14860109984874725,0.8817097544670105,0.50850510597229
YNL328C,YBR168W,0,-0.37619025,0.14857621490955353,0.8817097544670105,0.5086051821708679
YLR359W,YGL133W,0,-0.37646502,0.1485513299703598,0.8817097544670105,0.508705198764801
YGR253C,YDR484W,0,-0.37649554,0.14852645993232727,0.8817097544670105,0.5088052749633789
YLR061W,YGL116W,0,-0.3765099,0.14850158989429474,0.8817097544670105,0.5089053511619568
YER087W,YLR388W,0,-0.37668514,0.1484767347574234,0.8817097544670105,0.5090054273605347
YOR226C,YMR176W,0,-0.37675607,0.14845187962055206,0.8817097544670105,0.5091054439544678
YGR013W,YDR108W,0,-0.37681168,0.14842703938484192,0.8817097544670105,0.5092055201530457
YML066C,YBL005W-B,0,-0.37682337,0.14840221405029297,0.8817097544670105,0.5093055963516235
YOR147W,YLR300W,0,-0.3769048,0.14837738871574402,0.8817097544670105,0.5094056725502014
YML112W,YDR332W,0,-0.3769126,0.14835256338119507,0.8817097544670105,0.5095056891441345
YER112W,YHR006W,1,-0.3769626,0.14849498867988586,0.8827037811279297,0.5095056891441345
YLR060W,YKR069W,0,-0.37732518,0.14847014844417572,0.8827037811279297,0.5096057653427124
YLR185W,YNR012W,0,-0.3773508,0.14844533801078796,0.8827037811279297,0.5097058415412903
YCL068C,YNL182C,0,-0.37737513,0.1484205275774002,0.8827037811279297,0.5098058581352234
YNR060W,YIR018W,0,-0.37743533,0.14839571714401245,0.8827037811279297,0.5099059343338013
YDL058W,YCL068C,0,-0.37760353,0.1483709216117859,0.8827037811279297,0.5100060105323792
YGR261C,YNL051W,0,-0.37788343,0.14834614098072052,0.8827037811279297,0.510106086730957
YDR111C,YLR117C,0,-0.37800038,0.14832136034965515,0.8827037811279297,0.5102061033248901
YIL085C,YKL134C,0,-0.3785147,0.14829659461975098,0.8827037811279297,0.510306179523468
YGR118W,YHR210C,0,-0.3786344,0.1482718288898468,0.8827037811279297,0.5104062557220459
YDR198C,YDL039C,0,-0.37880474,0.14824707806110382,0.8827037811279297,0.5105063319206238
YDL126C,YOL044W,0,-0.37908018,0.14822232723236084,0.8827037811279297,0.5106063485145569
YCR045C,YOR368W,0,-0.3792236,0.14819759130477905,0.8827037811279297,0.5107064247131348
YMR002W,YIL154C,0,-0.3792246,0.14817287027835846,0.8827037811279297,0.5108065009117126
YBL051C,YDR423C,0,-0.3792299,0.14814814925193787,0.8827037811279297,0.5109065175056458
YDL024C,YGR205W,0,-0.37931812,0.14812344312667847,0.8827037811279297,0.5110065937042236
YKL201C,YGL180W,0,-0.38014853,0.14809873700141907,0.8827037811279297,0.5111066699028015
YMR154C,YAL011W,0,-0.3803048,0.14807403087615967,0.8827037811279297,0.5112067461013794
YCL008C,YHR169W,0,-0.38046032,0.14804935455322266,0.8827037811279297,0.5113067626953125
YIR015W,YNL221C,1,-0.38053596,0.14819136261940002,0.8836978077888489,0.5113067626953125
YNL111C,YBR279W,0,-0.38099277,0.14816667139530182,0.8836978077888489,0.5114068388938904
YJL103C,YAL059W,0,-0.38112307,0.1481419801712036,0.8836978077888489,0.5115069150924683
YHR024C,YOL108C,0,-0.3817255,0.1481172889471054,0.8836978077888489,0.5116069912910461
YJL036W,YGR096W,0,-0.38188738,0.1480926275253296,0.8836978077888489,0.5117070078849792
YNR075W,YHR142W,0,-0.3824544,0.14806795120239258,0.8836978077888489,0.5118070840835571
YBR258C,YFR040W,0,-0.382522,0.14804330468177795,0.8836978077888489,0.511907160282135
YIL154C,YDR261C,0,-0.38271844,0.14801864326000214,0.8836978077888489,0.5120071768760681
YBR129C,YKL168C,0,-0.3828054,0.1479940116405487,0.8836978077888489,0.512107253074646
YMR173W,YIL098C,0,-0.38287395,0.14796938002109528,0.8836978077888489,0.5122073292732239
YLR213C,YPR058W,0,-0.38329756,0.14794474840164185,0.8836978077888489,0.5123074054718018
YNL161W,YOR008C,0,-0.383469,0.1479201316833496,0.8836978077888489,0.5124074220657349
YOL124C,YHR005C-A,0,-0.38353783,0.14789552986621857,0.8836978077888489,0.5125074982643127
YHR057C,YIL096C,0,-0.38364565,0.14787092804908752,0.8836978077888489,0.5126075744628906
YGL038C,YMR104C,0,-0.38374323,0.14784632623195648,0.8836978077888489,0.5127076506614685
YJR102C,YER069W,0,-0.38382554,0.14782175421714783,0.8836978077888489,0.5128076672554016
YMR146C,YEL056W,0,-0.3838662,0.14779716730117798,0.8836978077888489,0.5129077434539795
YGL190C,YIL006W,0,-0.38411516,0.14777261018753052,0.8836978077888489,0.5130078196525574
YPL212C,YLR262C,0,-0.3843652,0.14774805307388306,0.8836978077888489,0.5131078362464905
YMR268C,YLR382C,0,-0.3843699,0.1477234959602356,0.8836978077888489,0.5132079124450684
YMR076C,YDR072C,0,-0.3846209,0.14769895374774933,0.8836978077888489,0.5133079886436462
YPR125W,YOR335C,0,-0.3846246,0.14767441153526306,0.8836978077888489,0.5134080648422241
YCL017C,YDL222C,0,-0.3847565,0.14764989912509918,0.8836978077888489,0.5135080814361572
YMR078C,YIL154C,0,-0.38491958,0.1476253718137741,0.8836978077888489,0.5136081576347351
YJL045W,YLL048C,0,-0.38517588,0.14760085940361023,0.8836978077888489,0.513708233833313
YHR033W,YBL067C,0,-0.38522953,0.14757636189460754,0.8836978077888489,0.5138083100318909
YDR137W,YHR113W,0,-0.38532,0.14755186438560486,0.8836978077888489,0.513908326625824
YCL064C,YOR133W,0,-0.38562924,0.14752738177776337,0.8836978077888489,0.5140084028244019
YHR042W,YJR032W,0,-0.38585943,0.14750289916992188,0.8836978077888489,0.5141084790229797
YBR057C,YBL068W,0,-0.38594574,0.14747843146324158,0.8836978077888489,0.5142084956169128
YDL021W,YOR156C,0,-0.3861239,0.14745397865772247,0.8836978077888489,0.5143085718154907
YOR354C,YLR361C,0,-0.386885,0.14742952585220337,0.8836978077888489,0.5144086480140686
YAL011W,YPR020W,0,-0.38695377,0.14740507304668427,0.8836978077888489,0.5145087242126465
YPL275W,YDR284C,0,-0.3869741,0.14738063514232635,0.8836978077888489,0.5146087408065796
YGR087C,YER019W,0,-0.38698715,0.14735621213912964,0.8836978077888489,0.5147088170051575
YOR130C,YPR189W,0,-0.38714707,0.14733178913593292,0.8836978077888489,0.5148088932037354
YHR164C,YBR005W,0,-0.38727474,0.1473073810338974,0.8836978077888489,0.5149089694023132
YNR073C,YJR138W,0,-0.38736582,0.14728297293186188,0.8836978077888489,0.5150089859962463
YDL245C,YIR028W,0,-0.38742667,0.14725856482982635,0.8836978077888489,0.5151090621948242
YFL031W,YHR134W,0,-0.3874808,0.14723418653011322,0.8836978077888489,0.5152091383934021
YPL002C,YIL153W,0,-0.38760734,0.14720980823040009,0.8836978077888489,0.51530921459198
YOR079C,YDR453C,0,-0.3877223,0.14718542993068695,0.8836978077888489,0.5154092311859131
YPL255W,YPL283C,0,-0.387823,0.147161066532135,0.8836978077888489,0.515509307384491
YBR180W,YIL143C,0,-0.38806194,0.14713670313358307,0.8836978077888489,0.5156093835830688
YBR243C,YOR341W,0,-0.38819444,0.14711235463619232,0.8836978077888489,0.515709400177002
YOR197W,YGR215W,0,-0.38825917,0.14708802103996277,0.8836978077888489,0.5158094763755798
YER100W,YGR052W,0,-0.38868725,0.14706368744373322,0.8836978077888489,0.5159095525741577
YGR046W,YMR229C,0,-0.38897496,0.14703936874866486,0.8836978077888489,0.5160096287727356
YOL132W,YBR281C,0,-0.3891737,0.1470150500535965,0.8836978077888489,0.5161096453666687
YIR035C,YCR102C,0,-0.38939017,0.14699074625968933,0.8836978077888489,0.5162097215652466
YBR258C,YNL238W,0,-0.3896405,0.14696644246578217,0.8836978077888489,0.5163097977638245
YDR142C,YER171W,0,-0.3896439,0.1469421535730362,0.8836978077888489,0.5164098739624023
YJL001W,YOR371C,0,-0.39009768,0.14691786468029022,0.8836978077888489,0.5165098905563354
YHR193C,YLR103C,0,-0.3902675,0.14689359068870544,0.8836978077888489,0.5166099667549133
YJL196C,YMR280C,0,-0.39047688,0.14686931669712067,0.8836978077888489,0.5167100429534912
YOR045W,YDL145C,0,-0.39072376,0.14684505760669708,0.8836978077888489,0.5168100595474243
YDR151C,YDR354W,0,-0.39075625,0.1468208134174347,0.8836978077888489,0.5169101357460022
YGL053W,YBR218C,0,-0.39097595,0.1467965692281723,0.8836978077888489,0.5170102119445801
YOR292C,YGR235C,0,-0.39101356,0.1467723250389099,0.8836978077888489,0.517110288143158
YDL035C,YGR278W,0,-0.39103556,0.14674809575080872,0.8836978077888489,0.5172103047370911
YCR028C-A,YPR171W,0,-0.39123845,0.1467238813638687,0.8836978077888489,0.517310380935669
YOR103C,YCR046C,0,-0.39146686,0.1466996669769287,0.8836978077888489,0.5174104571342468
YGL027C,YMR280C,0,-0.39184642,0.1466754674911499,0.8836978077888489,0.5175105333328247
YEL027W,YKL110C,0,-0.39187294,0.1466512680053711,0.8836978077888489,0.5176105499267578
YBR029C,YBR043C,0,-0.39192402,0.14662708342075348,0.8836978077888489,0.5177106261253357
YDR105C,YIL042C,0,-0.39199048,0.14660289883613586,0.8836978077888489,0.5178107023239136
YIL062C,YGR282C,0,-0.39209545,0.14657872915267944,0.8836978077888489,0.5179107189178467
YNL058C,YML061C,0,-0.39247358,0.14655455946922302,0.8836978077888489,0.5180107951164246
YKR020W,YDR472W,0,-0.39255166,0.1465304046869278,0.8836978077888489,0.5181108713150024
YDR019C,YGR012W,0,-0.39262074,0.14650626480579376,0.8836978077888489,0.5182109475135803
YOL013C,YBR180W,0,-0.3926214,0.14648212492465973,0.8836978077888489,0.5183109641075134
YLR001C,YDR235W,0,-0.39290267,0.1464579850435257,0.8836978077888489,0.5184110403060913
YNL118C,YHR128W,0,-0.39306444,0.14643386006355286,0.8836978077888489,0.5185111165046692
YGL048C,YBR089C-A,0,-0.3932932,0.1464097499847412,0.8836978077888489,0.5186111927032471
YLR330W,YGL166W,0,-0.39382303,0.14638563990592957,0.8836978077888489,0.5187112092971802
YNL134C,YER159C,0,-0.39397013,0.1463615447282791,0.8836978077888489,0.5188112854957581
YDL070W,YBR229C,0,-0.39406526,0.14633744955062866,0.8836978077888489,0.5189113616943359
YNL082W,YOL038W,0,-0.3941546,0.1463133692741394,0.8836978077888489,0.519011378288269
YBR161W,YCR021C,0,-0.3941998,0.14628928899765015,0.8836978077888489,0.5191114544868469
YLR377C,YGL017W,0,-0.3949443,0.14626522362232208,0.8836978077888489,0.5192115306854248
YFR021W,YLL018C-A,0,-0.3952744,0.14624115824699402,0.8836978077888489,0.5193116068840027
YOR313C,YER103W,0,-0.39550412,0.14621710777282715,0.8836978077888489,0.5194116234779358
YHL006C,YJL154C,0,-0.39599645,0.14619305729866028,0.8836978077888489,0.5195116996765137
YFR050C,YGR287C,0,-0.3968854,0.1461690217256546,0.8836978077888489,0.5196117758750916
YNL035C,YIL121W,0,-0.39714348,0.14614500105381012,0.8836978077888489,0.5197118520736694
YDR280W,YNL125C,0,-0.3971982,0.14612098038196564,0.8836978077888489,0.5198118686676025
YNL327W,YDR260C,0,-0.39735508,0.14609695971012115,0.8836978077888489,0.5199119448661804
YNL194C,YLR205C,0,-0.39748996,0.14607295393943787,0.8836978077888489,0.5200120210647583
YBR077C,YNL254C,0,-0.39793134,0.14604896306991577,0.8836978077888489,0.5201120376586914
YOR101W,YDR438W,0,-0.39807642,0.14602497220039368,0.8836978077888489,0.5202121138572693
YBL050W,YNR069C,0,-0.3980899,0.14600098133087158,0.8836978077888489,0.5203121900558472
YML110C,YNR030W,0,-0.3982293,0.14597700536251068,0.8836978077888489,0.520412266254425
YJR010W,YOR003W,0,-0.3984177,0.14595304429531097,0.8836978077888489,0.5205122828483582
YHR026W,YMR286W,0,-0.39853978,0.14592908322811127,0.8836978077888489,0.520612359046936
YPL087W,YER170W,0,-0.3988381,0.14590513706207275,0.8836978077888489,0.5207124352455139
YGR266W,YHR187W,0,-0.39890957,0.14588119089603424,0.8836978077888489,0.5208125114440918
YKL092C,YPL147W,0,-0.39896518,0.14585725963115692,0.8836978077888489,0.5209125280380249
YGR204W,YER007C-A,0,-0.3990044,0.1458333283662796,0.8836978077888489,0.5210126042366028
YML019W,YEL052W,0,-0.39936775,0.14580941200256348,0.8836978077888489,0.5211126804351807
YNL216W,YLR165C,0,-0.39943212,0.14578551054000854,0.8836978077888489,0.5212127566337585
YIR008C,YBL102W,0,-0.3997584,0.14576159417629242,0.8836978077888489,0.5213127732276917
YJR017C,YGL018C,0,-0.40003622,0.14573770761489868,0.8836978077888489,0.5214128494262695
YDR541C,YPR187W,0,-0.40023834,0.14571382105350494,0.8836978077888489,0.5215129256248474
YBR188C,YCL025C,0,-0.40043402,0.1456899344921112,0.8836978077888489,0.5216129422187805
YGR028W,YNL264C,0,-0.40044284,0.14566606283187866,0.8836978077888489,0.5217130184173584
YPL181W,YDR463W,0,-0.40088618,0.1456422060728073,0.8836978077888489,0.5218130946159363
YBR096W,YDR202C,0,-0.40100163,0.14561834931373596,0.8836978077888489,0.5219131708145142
YBR069C,YOR010C,0,-0.4010687,0.1455944925546646,0.8836978077888489,0.5220131874084473
YML058W,YKL071W,0,-0.40135407,0.14557065069675446,0.8836978077888489,0.5221132636070251
YFR025C,YER048C,0,-0.40173995,0.1455468237400055,0.8836978077888489,0.522213339805603
YJL210W,YKL077W,0,-0.40181005,0.14552299678325653,0.8836978077888489,0.5223134160041809
YOL069W,YIL008W,0,-0.40213072,0.14549918472766876,0.8836978077888489,0.522413432598114
YKR093W,YCR060W,0,-0.40234572,0.145475372672081,0.8836978077888489,0.5225135087966919
YHR037W,YML029W,0,-0.40242934,0.14545157551765442,0.8836978077888489,0.5226135849952698
YKL190W,YDR213W,0,-0.40272754,0.14542777836322784,0.8836978077888489,0.5227136015892029
YPL169C,YMR225C,0,-0.40281314,0.14540399610996246,0.8836978077888489,0.5228136777877808
YAR002C-A,YDR422C,0,-0.4030161,0.14538021385669708,0.8836978077888489,0.5229137539863586
YCR028C-A,YKR002W,0,-0.4031164,0.1453564465045929,0.8836978077888489,0.5230138301849365
YGR090W,YKL185W,0,-0.40397793,0.1453326791524887,0.8836978077888489,0.5231138467788696
YOL084W,YPR025C,0,-0.40409714,0.14530892670154572,0.8836978077888489,0.5232139229774475
YAL029C,YER109C,0,-0.4041891,0.14528517425060272,0.8836978077888489,0.5233139991760254
YBR265W,YNL071W,0,-0.40454417,0.14526143670082092,0.8836978077888489,0.5234140753746033
YJL145W,YPR006C,0,-0.40503722,0.14523769915103912,0.8836978077888489,0.5235140919685364
YJR131W,YEL030W,0,-0.4052319,0.14521397650241852,0.8836978077888489,0.5236141681671143
YLL005C,YBR279W,0,-0.40535587,0.1451902687549591,0.8836978077888489,0.5237142443656921
YGR048W,YPR143W,0,-0.4055103,0.1451665610074997,0.8836978077888489,0.5238142609596252
YCR106W,YGR087C,0,-0.40568018,0.14514285326004028,0.8836978077888489,0.5239143371582031
YJL138C,YDR026C,0,-0.40572768,0.14511916041374207,0.8836978077888489,0.524014413356781
YCR057C,YOR388C,0,-0.40574515,0.14509548246860504,0.8836978077888489,0.5241144895553589
YBR068C,YOL091W,0,-0.4057579,0.14507180452346802,0.8836978077888489,0.524214506149292
YDR160W,YGR185C,0,-0.40604818,0.145048126578331,0.8836978077888489,0.5243145823478699
YMR323W,YER183C,0,-0.40606546,0.14502446353435516,0.8836978077888489,0.5244146585464478
YPL208W,YOL141W,0,-0.40609258,0.14500081539154053,0.8836978077888489,0.5245147347450256
YJR044C,YHR114W,0,-0.40651834,0.1449771672487259,0.8836978077888489,0.5246147513389587
YNL267W,YMR067C,0,-0.4065768,0.14495353400707245,0.8836978077888489,0.5247148275375366
YOL054W,YDR264C,0,-0.4065798,0.144929900765419,0.8836978077888489,0.5248149037361145
YKR022C,YKR007W,0,-0.406789,0.14490628242492676,0.8836978077888489,0.5249149203300476
YBR098W,YNL287W,0,-0.40701872,0.1448826640844345,0.8836978077888489,0.5250149965286255
YCR068W,YDR294C,0,-0.40749234,0.14485904574394226,0.8836978077888489,0.5251150727272034
YDR498C,YJR053W,0,-0.40750998,0.1448354572057724,0.8836978077888489,0.5252151489257812
YDR496C,YGR289C,0,-0.4076684,0.14481185376644135,0.8836978077888489,0.5253151655197144
YGL029W,YKL003C,0,-0.40774328,0.14478828012943268,0.8836978077888489,0.5254152417182922
YGR285C,YNL239W,0,-0.4078743,0.14476469159126282,0.8836978077888489,0.5255153179168701
YNL197C,YNL081C,0,-0.4079945,0.14474113285541534,0.8836978077888489,0.525615394115448
YJL122W,YJL174W,0,-0.40799654,0.14471755921840668,0.8836978077888489,0.5257154107093811
YPL131W,YNR039C,0,-0.40809196,0.1446940153837204,0.8836978077888489,0.525815486907959
YNL148C,YLL057C,0,-0.40846288,0.14467045664787292,0.8836978077888489,0.5259155631065369
YBR162W-A,YLR369W,0,-0.40846592,0.14464692771434784,0.8836978077888489,0.52601557970047
YLR345W,YAR009C,0,-0.40870357,0.14462339878082275,0.8836978077888489,0.5261156558990479
YGR253C,YPL117C,0,-0.4087327,0.14459986984729767,0.8836978077888489,0.5262157320976257
YPL171C,YDR226W,0,-0.40874517,0.14457635581493378,0.8836978077888489,0.5263158082962036
YLR330W,YDR317W,0,-0.4088812,0.14455284178256989,0.8836978077888489,0.5264158248901367
YIL139C,YMR143W,0,-0.40894789,0.1445293426513672,0.8836978077888489,0.5265159010887146
YJL154C,YDR138W,0,-0.40945625,0.14450585842132568,0.8836978077888489,0.5266159772872925
YPL004C,YMR117C,0,-0.40992242,0.14448235929012299,0.8836978077888489,0.5267160534858704
YBL016W,YGR074W,0,-0.41071123,0.14445888996124268,0.8836978077888489,0.5268160700798035
YBR228W,YER178W,0,-0.4107228,0.14443542063236237,0.8836978077888489,0.5269161462783813
YBL101C,YDR291W,0,-0.41088283,0.14441195130348206,0.8836978077888489,0.5270162224769592
YGR157W,YDL239C,0,-0.41105896,0.14438849687576294,0.8836978077888489,0.5271162986755371
YBL112C,YFR010W,0,-0.41120178,0.14436505734920502,0.8836978077888489,0.5272163152694702
YGR017W,YBL019W,0,-0.4112432,0.1443416178226471,0.8836978077888489,0.5273163914680481
YER138C,YPL040C,0,-0.41139776,0.14431817829608917,0.8836978077888489,0.527416467666626
YGL162W,YFR014C,0,-0.41142327,0.14429475367069244,0.8836978077888489,0.5275164842605591
YJR051W,YFL055W,0,-0.41156995,0.1442713439464569,0.8836978077888489,0.527616560459137
YLR352W,YPR124W,0,-0.41172796,0.14424793422222137,0.8836978077888489,0.5277166366577148
YDR339C,YDR506C,0,-0.41191965,0.14422452449798584,0.8836978077888489,0.5278167128562927
YDL214C,YOR256C,0,-0.41204476,0.1442011296749115,0.8836978077888489,0.5279167294502258
YFL033C,YNL102W,0,-0.4121468,0.14417774975299835,0.8836978077888489,0.5280168056488037
YOL148C,YOR215C,0,-0.41235155,0.1441543698310852,0.8836978077888489,0.5281168818473816
YAL002W,YBR172C,0,-0.41302264,0.14413100481033325,0.8836978077888489,0.5282169580459595
YKL210W,YKR085C,0,-0.4132427,0.1441076397895813,0.8836978077888489,0.5283169746398926
YJL104W,YGR144W,0,-0.4132474,0.14408427476882935,0.8836978077888489,0.5284170508384705
YJL123C,YKL209C,0,-0.41335088,0.1440609246492386,0.8836978077888489,0.5285171270370483
YNR057C,YNL070W,0,-0.41345447,0.14403758943080902,0.8836978077888489,0.5286171436309814
YOL126C,YNR004W,0,-0.41359472,0.14401425421237946,0.8836978077888489,0.5287172198295593
YMR323W,YDR214W,0,-0.41362423,0.14399093389511108,0.8836978077888489,0.5288172960281372
YPL173W,YLR352W,0,-0.41364485,0.1439676135778427,0.8836978077888489,0.5289173722267151
YPL018W,YNL126W,0,-0.41409445,0.14394429326057434,0.8836978077888489,0.5290173888206482
YDR173C,YMR052W,0,-0.414473,0.14392100274562836,0.8836978077888489,0.5291174650192261
YGR007W,YBR248C,0,-0.4146995,0.14389769732952118,0.8836978077888489,0.529217541217804
YPR120C,YDL135C,0,-0.4148715,0.1438744068145752,0.8836978077888489,0.5293176174163818
YBR272C,YDR343C,0,-0.4149273,0.1438511312007904,0.8836978077888489,0.5294176340103149
YOR158W,YEL022W,0,-0.41516572,0.14382785558700562,0.8836978077888489,0.5295177102088928
YEL070W,YBR268W,0,-0.41540205,0.14380459487438202,0.8836978077888489,0.5296177864074707
YMR213W,YPR119W,0,-0.4157263,0.14378133416175842,0.8836978077888489,0.5297178030014038
YDR110W,YBR170C,0,-0.4164055,0.14375808835029602,0.8836978077888489,0.5298178791999817
YLR141W,YNL156C,0,-0.4164514,0.14373484253883362,0.8836978077888489,0.5299179553985596
YFR021W,YOR145C,0,-0.41662383,0.1437116116285324,0.8836978077888489,0.5300180315971375
YKL132C,YJL159W,0,-0.41682577,0.1436883807182312,0.8836978077888489,0.5301180481910706
YLR341W,YER130C,0,-0.41704077,0.1436651647090912,0.8836978077888489,0.5302181243896484
YDL015C,YML016C,0,-0.41712755,0.14364194869995117,0.8836978077888489,0.5303182005882263
YLR447C,YER075C,0,-0.4171378,0.14361873269081116,0.8836978077888489,0.5304182767868042
YLR240W,YJL176C,0,-0.4171887,0.14359554648399353,0.8836978077888489,0.5305182933807373
YOL148C,YMR079W,0,-0.41740048,0.1435723453760147,0.8836978077888489,0.5306183695793152
YML066C,YDR184C,0,-0.41741627,0.14354917407035828,0.8836978077888489,0.5307184457778931
YHR026W,YKR034W,0,-0.41742432,0.14352598786354065,0.8836978077888489,0.5308184623718262
YBR085W,YNR074C,0,-0.41781032,0.1435028314590454,0.8836978077888489,0.530918538570404
YDR470C,YLR219W,0,-0.4178157,0.14347966015338898,0.8836978077888489,0.5310186147689819
YDR110W,YML032C,0,-0.41805637,0.14345651865005493,0.8836978077888489,0.5311186909675598
YDL217C,YOR034C,0,-0.418081,0.1434333622455597,0.8836978077888489,0.5312187075614929
YOL124C,YER143W,0,-0.41814953,0.14341022074222565,0.8836978077888489,0.5313187837600708
YER124C,YAL030W,0,-0.41825342,0.1433870941400528,0.8836978077888489,0.5314188599586487
YMR038C,YLR348C,0,-0.4184119,0.14336396753787994,0.8836978077888489,0.5315189361572266
YIR021W,YOR156C,0,-0.41853833,0.1433408558368683,0.8836978077888489,0.5316189527511597
YOR158W,YDR021W,0,-0.41859996,0.14331774413585663,0.8836978077888489,0.5317190289497375
YPL232W,YNR002C,0,-0.4187125,0.14329464733600616,0.8836978077888489,0.5318191051483154
YGL048C,YDL045W-A,0,-0.41877967,0.1432715505361557,0.8836978077888489,0.5319191217422485
YGL045W,YML028W,0,-0.41903162,0.14324846863746643,0.8836978077888489,0.5320191979408264
YJL001W,YLR342W,0,-0.41924042,0.14322538673877716,0.8836978077888489,0.5321192741394043
YGL037C,YML130C,0,-0.41970962,0.14320231974124908,0.8836978077888489,0.5322193503379822
YFL045C,YGL139W,0,-0.41972333,0.143179252743721,0.8836978077888489,0.5323193669319153
YER038C,YNL116W,0,-0.41987908,0.14315620064735413,0.8836978077888489,0.5324194431304932
YBR211C,YLR264W,0,-0.4199021,0.14313314855098724,0.8836978077888489,0.532519519329071
YGR133W,YNL048W,0,-0.41994148,0.14311011135578156,0.8836978077888489,0.5326195955276489
YIL064W,YIL121W,0,-0.42062402,0.14308707416057587,0.8836978077888489,0.532719612121582
YKL085W,YIL119C,0,-0.42088342,0.14306405186653137,0.8836978077888489,0.5328196883201599
YML039W,YHR158C,0,-0.42102134,0.14304102957248688,0.8836978077888489,0.5329197645187378
YOR026W,YHR108W,0,-0.42116666,0.14301802217960358,0.8836978077888489,0.5330198407173157
YNR036C,YNL300W,0,-0.42118704,0.14299501478672028,0.8836978077888489,0.5331198573112488
YMR175W,YKR064W,0,-0.421309,0.14297202229499817,0.8836978077888489,0.5332199335098267
YHR196W,YPL002C,0,-0.42141205,0.14294902980327606,0.8836978077888489,0.5333200097084045
YMR136W,YNL085W,0,-0.42169636,0.14292605221271515,0.8836978077888489,0.5334200263023376
YOR064C,YMR117C,0,-0.42169946,0.14290307462215424,0.8836978077888489,0.5335201025009155
YDR410C,YGL142C,0,-0.42185527,0.14288009703159332,0.8836978077888489,0.5336201786994934
YDR346C,YIR011C,0,-0.4219129,0.1428571492433548,0.8836978077888489,0.5337202548980713
YLR193C,YGR247W,0,-0.4222743,0.14283418655395508,0.8836978077888489,0.5338202714920044
YLR417W,YHR008C,0,-0.42232054,0.14281123876571655,0.8836978077888489,0.5339203476905823
YGL096W,YNL032W,0,-0.4224276,0.14278830587863922,0.8836978077888489,0.5340204238891602
YDR261C,YJR120W,0,-0.42247432,0.1427653729915619,0.8836978077888489,0.534120500087738
YCL025C,YKL074C,0,-0.42266768,0.14274245500564575,0.8836978077888489,0.5342205166816711
YLR185W,YOR128C,0,-0.42271787,0.14271953701972961,0.8836978077888489,0.534320592880249
YDL160C,YNR004W,0,-0.42279255,0.14269663393497467,0.8836978077888489,0.5344206690788269
YFL025C,YOR313C,0,-0.42288107,0.14267373085021973,0.8836978077888489,0.53452068567276
YHL035C,YPR061C,0,-0.42289525,0.14265082776546478,0.8836978077888489,0.5346207618713379
YNR067C,YPL171C,0,-0.4229535,0.14262795448303223,0.8836978077888489,0.5347208380699158
YJR137C,YMR049C,0,-0.42303652,0.14260506629943848,0.8836978077888489,0.5348209142684937
YKL196C,YNL118C,0,-0.42324364,0.14258219301700592,0.8836978077888489,0.5349209308624268
YBR014C,YLR194C,0,-0.42341644,0.14255933463573456,0.8836978077888489,0.5350210070610046
YDR188W,YJR019C,0,-0.42364144,0.1425364762544632,0.8836978077888489,0.5351210832595825
YFR050C,YMR239C,0,-0.42397267,0.14251363277435303,0.8836978077888489,0.5352211594581604
YER042W,YLR011W,0,-0.42408186,0.14249078929424286,0.8836978077888489,0.5353211760520935
YDL025C,YKL012W,0,-0.42409062,0.1424679458141327,0.8836978077888489,0.5354212522506714
YOR383C,YDR266C,0,-0.42421347,0.14244511723518372,0.8836978077888489,0.5355213284492493
YJL045W,YBR278W,0,-0.42439735,0.14242230355739594,0.8836978077888489,0.5356213450431824
YPR174C,YGR004W,0,-0.42488915,0.14239948987960815,0.8836978077888489,0.5357214212417603
YMR001C,YIR022W,0,-0.42503762,0.14237667620182037,0.8836978077888489,0.5358214974403381
YJL186W,YIL162W,0,-0.4251873,0.1423538774251938,0.8836978077888489,0.535921573638916
YPR161C,YDL168W,0,-0.42555457,0.1423310935497284,0.8836978077888489,0.5360215902328491
YML112W,YDR386W,0,-0.42564452,0.142308309674263,0.8836978077888489,0.536121666431427
YDR309C,YDL106C,0,-0.42572212,0.1422855257987976,0.8836978077888489,0.5362217426300049
YLL019C,YHL022C,0,-0.4257313,0.1422627568244934,0.8836978077888489,0.5363218188285828
YIL118W,YNL009W,0,-0.4257375,0.1422400027513504,0.8836978077888489,0.5364218354225159
YDR111C,YPL002C,0,-0.42575288,0.1422172486782074,0.8836978077888489,0.5365219116210938
YDL035C,YDR484W,0,-0.42599994,0.1421944946050644,0.8836978077888489,0.5366219878196716
YPL167C,YPL255W,0,-0.42642015,0.14217175543308258,0.8836978077888489,0.5367220044136047
YNL093W,YAL016W,0,-0.4264655,0.14214903116226196,0.8836978077888489,0.5368220806121826
YER138C,YIL043C,0,-0.42661124,0.14212629199028015,0.8836978077888489,0.5369221568107605
YNL121C,YGL026C,0,-0.42667055,0.14210358262062073,0.8836978077888489,0.5370222330093384
YGR046W,YDR164C,0,-0.42667776,0.1420808732509613,0.8836978077888489,0.5371222496032715
YDR394W,YDL046W,0,-0.42670935,0.14205816388130188,0.8836978077888489,0.5372223258018494
YJL162C,YPR196W,0,-0.4272312,0.14203546941280365,0.8836978077888489,0.5373224020004272
YFL005W,YAL001C,0,-0.4273339,0.14201277494430542,0.8836978077888489,0.5374224781990051
YKR072C,YNL131W,0,-0.42740953,0.14199009537696838,0.8836978077888489,0.5375224947929382
YIL049W,YOR194C,0,-0.42752314,0.14196741580963135,0.8836978077888489,0.5376225709915161
YGR091W,YLR307W,0,-0.42778957,0.1419447511434555,0.8836978077888489,0.537722647190094
YNR028W,YDR100W,0,-0.42789197,0.14192210137844086,0.8836978077888489,0.5378227233886719
YFR052W,YDL128W,0,-0.4279005,0.14189943671226501,0.8836978077888489,0.537922739982605
YCR097W,YER078C,0,-0.42805016,0.14187680184841156,0.8836978077888489,0.5380228161811829
YDR470C,YMR072W,0,-0.42836642,0.1418541520833969,0.8836978077888489,0.5381228923797607
YNL117W,YLR277C,0,-0.4285487,0.14183153212070465,0.8836978077888489,0.5382229089736938
YLR425W,YNL177C,0,-0.42866915,0.1418088972568512,0.8836978077888489,0.5383229851722717
YPR167C,YNL148C,0,-0.42887682,0.14178627729415894,0.8836978077888489,0.5384230613708496
YOR086C,YGL172W,0,-0.4295094,0.14176367223262787,0.8836978077888489,0.5385231375694275
YBR189W,YML062C,0,-0.4295538,0.1417410671710968,0.8836978077888489,0.5386231541633606
YOL066C,YHR006W,1,-0.42956227,0.1418778896331787,0.8846918344497681,0.5386231541633606
YJL162C,YIL036W,0,-0.42966634,0.14185526967048645,0.8846918344497681,0.5387232303619385
YHR083W,YOR008C,0,-0.42977077,0.14183266460895538,0.8846918344497681,0.5388233065605164
YJL005W,YER190W,0,-0.42979908,0.1418100744485855,0.8846918344497681,0.5389233827590942
YDR259C,YGL216W,0,-0.42985964,0.14178748428821564,0.8846918344497681,0.5390233993530273
YDR446W,YIL144W,0,-0.4301985,0.14176489412784576,0.8846918344497681,0.5391234755516052
YGR157W,YAL009W,0,-0.4304921,0.14174231886863708,0.8846918344497681,0.5392235517501831
YCL074W,YOR237W,0,-0.4307809,0.1417197436094284,0.8846918344497681,0.5393235683441162
YBR162W-A,YCR065W,0,-0.4308405,0.14169718325138092,0.8846918344497681,0.5394236445426941
YBR218C,YJR123W,0,-0.43093777,0.14167462289333344,0.8846918344497681,0.539523720741272
YGR185C,YHL027W,0,-0.43094862,0.14165207743644714,0.8846918344497681,0.5396237969398499
YBR275C,YBR229C,0,-0.431006,0.14162953197956085,0.8846918344497681,0.539723813533783
YGL085W,YCR079W,0,-0.43101245,0.14160700142383575,0.8846918344497681,0.5398238897323608
YNL005C,YHL022C,0,-0.4314741,0.14158447086811066,0.8846918344497681,0.5399239659309387
YOR180C,YJR051W,0,-0.4315179,0.14156195521354675,0.8846918344497681,0.5400240421295166
YJR103W,YIL063C,0,-0.43154883,0.14153943955898285,0.8846918344497681,0.5401240587234497
YHR183W,YER050C,0,-0.43162066,0.14151693880558014,0.8846918344497681,0.5402241349220276
YGR276C,YBR022W,1,-0.4317783,0.1416534185409546,0.8856858611106873,0.5402241349220276
YNR023W,YDL140C,0,-0.43188608,0.14163090288639069,0.8856858611106873,0.5403242111206055
YPL099C,YOR298W,0,-0.43200582,0.14160838723182678,0.8856858611106873,0.5404242277145386
YPL242C,YHL017W,0,-0.43241394,0.14158588647842407,0.8856858611106873,0.5405243039131165
YJR099W,YJL074C,0,-0.43285,0.14156340062618256,0.8856858611106873,0.5406243801116943
YCL034W,YEL004W,0,-0.43298948,0.14154089987277985,0.8856858611106873,0.5407244563102722
YMR268C,YLR395C,0,-0.43331957,0.14151842892169952,0.8856858611106873,0.5408244729042053
YBL045C,YLR352W,0,-0.43340445,0.141495943069458,0.8856858611106873,0.5409245491027832
YDL198C,YBR135W,0,-0.43343467,0.14147348701953888,0.8856858611106873,0.5410246253013611
YIR015W,YGL236C,1,-0.43409425,0.1416097730398178,0.8866799473762512,0.5410246253013611
YER018C,YCR035C,0,-0.4342574,0.1415873020887375,0.8866799473762512,0.541124701499939
YMR315W,YOR138C,0,-0.4343899,0.14156483113765717,0.8866799473762512,0.5412247180938721
YDR150W,YHR194W,0,-0.43461072,0.14154236018657684,0.8866799473762512,0.54132479429245
YGR122W,YER175C,0,-0.4346676,0.14151990413665771,0.8866799473762512,0.5414248704910278
YDR255C,YMR244C-A,0,-0.43475544,0.14149746298789978,0.8866799473762512,0.5415248870849609
YJL057C,YLR037C,0,-0.43482864,0.14147502183914185,0.8866799473762512,0.5416249632835388
YGR202C,YNL044W,0,-0.43486595,0.1414525806903839,0.8866799473762512,0.5417250394821167
YJL004C,YLL019C,0,-0.43491083,0.14143015444278717,0.8866799473762512,0.5418251156806946
YOR005C,YBL091C,0,-0.4355392,0.14140774309635162,0.8866799473762512,0.5419251322746277
YLL051C,YIL041W,0,-0.43557614,0.14138531684875488,0.8866799473762512,0.5420252084732056
YBL058W,YDR156W,0,-0.43593097,0.14136292040348053,0.8866799473762512,0.5421252846717834
YHL017W,YOL119C,0,-0.4360996,0.14134052395820618,0.8866799473762512,0.5422253608703613
YGR296W,YPR111W,0,-0.43612045,0.14131812751293182,0.8866799473762512,0.5423253774642944
YMR118C,YPL047W,0,-0.43702215,0.14129574596881866,0.8866799473762512,0.5424254536628723
YKL188C,YDR518W,0,-0.43709707,0.1412733644247055,0.8866799473762512,0.5425255298614502
YKR039W,YLR138W,0,-0.43747765,0.14125098288059235,0.8866799473762512,0.5426255464553833
YOL004W,YDR222W,0,-0.4374777,0.14122863113880157,0.8866799473762512,0.5427256226539612
YJR159W,YNL290W,0,-0.43795186,0.1412062644958496,0.8866799473762512,0.5428256988525391
YPL056C,YLR431C,0,-0.43797618,0.14118391275405884,0.8866799473762512,0.5429257750511169
YJL104W,YFL056C,0,-0.438308,0.14116157591342926,0.8866799473762512,0.54302579164505
YER052C,YBR008C,0,-0.43844038,0.14113923907279968,0.8866799473762512,0.5431258678436279
YGL245W,YDL161W,0,-0.43851715,0.1411169171333313,0.8866799473762512,0.5432259440422058
YJR088C,YDR281C,0,-0.4385512,0.14109459519386292,0.8866799473762512,0.5433260202407837
YOR260W,YDR142C,0,-0.4386639,0.14107227325439453,0.8866799473762512,0.5434260368347168
YGR024C,YML109W,0,-0.43887204,0.14104996621608734,0.8866799473762512,0.5435261130332947
YBR195C,YOL155C,0,-0.4390949,0.14102767407894135,0.8866799473762512,0.5436261892318726
YGL019W,YOR128C,0,-0.43913007,0.14100538194179535,0.8866799473762512,0.5437262654304504
YML067C,YOR133W,0,-0.43922406,0.14098308980464935,0.8866799473762512,0.5438262820243835
YOL011W,YDL154W,0,-0.43926132,0.14096081256866455,0.8866799473762512,0.5439263582229614
YJR002W,YBR173C,0,-0.43949574,0.14093853533267975,0.8866799473762512,0.5440264344215393
YKR056W,YCL017C,1,-0.43992317,0.1410742551088333,0.8876739740371704,0.5440264344215393
YOR307C,YDR039C,0,-0.43994963,0.14105196297168732,0.8876739740371704,0.5441264510154724
YLR028C,YPL053C,0,-0.44031125,0.14102968573570251,0.8876739740371704,0.5442265272140503
YBL040C,YDR406W,0,-0.44053674,0.1410074234008789,0.8876739740371704,0.5443266034126282
YIL087C,YNL294C,0,-0.4406793,0.1409851610660553,0.8876739740371704,0.544426679611206
YHR211W,YPL147W,0,-0.44098914,0.1409628987312317,0.8876739740371704,0.5445266962051392
YML097C,YLR080W,0,-0.44124377,0.14094065129756927,0.8876739740371704,0.544626772403717
YIL133C,YLR081W,0,-0.44171292,0.14091841876506805,0.8876739740371704,0.5447268486022949
YDR019C,YBL085W,0,-0.44187874,0.14089618623256683,0.8876739740371704,0.5448269248008728
YCL043C,YLR417W,0,-0.4418831,0.1408739537000656,0.8876739740371704,0.5449269413948059
YKR031C,YPL170W,0,-0.4419878,0.14085173606872559,0.8876739740371704,0.5450270175933838
YDR016C,YKR022C,0,-0.44282508,0.14082951843738556,0.8876739740371704,0.5451270937919617
YKL124W,YLR013W,0,-0.44285637,0.14080731570720673,0.8876739740371704,0.5452271103858948
YOR019W,YCL039W,0,-0.44350827,0.1407851129770279,0.8876739740371704,0.5453271865844727
YCR091W,YFR051C,0,-0.44366318,0.14076292514801025,0.8876739740371704,0.5454272627830505
YJR044C,YML130C,0,-0.44383967,0.14074073731899261,0.8876739740371704,0.5455273389816284
YPL156C,YBR060C,0,-0.44384235,0.14071856439113617,0.8876739740371704,0.5456273555755615
YLR421C,YBR109C,0,-0.44397187,0.14069639146327972,0.8876739740371704,0.5457274317741394
YNL224C,YDR179C,0,-0.44404393,0.14067423343658447,0.8876739740371704,0.5458275079727173
YOL148C,YOR231W,0,-0.44437927,0.14065207540988922,0.8876739740371704,0.5459275841712952
YMR304W,YPL055C,0,-0.44445878,0.14062991738319397,0.8876739740371704,0.5460276007652283
YNL020C,YNL154C,0,-0.44453776,0.1406077742576599,0.8876739740371704,0.5461276769638062
YNL006W,YER042W,0,-0.44473916,0.14058564603328705,0.8876739740371704,0.546227753162384
YMR276W,YER050C,0,-0.44473946,0.14056351780891418,0.8876739740371704,0.5463277697563171
YBL058W,YOR027W,0,-0.444924,0.14054138958454132,0.8876739740371704,0.546427845954895
YGL241W,YDL154W,0,-0.4450255,0.14051927626132965,0.8876739740371704,0.5465279221534729
YDR354W,YMR117C,0,-0.4451475,0.14049716293811798,0.8876739740371704,0.5466279983520508
YER125W,YBL026W,1,-0.44544768,0.14063237607479095,0.8886680006980896,0.5466279983520508
YOL107W,YBR196C,0,-0.44551063,0.1406102478504181,0.8886680006980896,0.5467280149459839
YDR009W,YLR344W,0,-0.44559592,0.14058814942836761,0.8886680006980896,0.5468280911445618
YBR132C,YDR350C,0,-0.445646,0.14056603610515594,0.8886680006980896,0.5469281673431396
YPL270W,YFL009W,0,-0.44582987,0.14054393768310547,0.8886680006980896,0.5470282435417175
YER011W,YOR016C,0,-0.44607407,0.1405218541622162,0.8886680006980896,0.5471282601356506
YBR068C,YDR435C,0,-0.44617128,0.1404997706413269,0.8886680006980896,0.5472283363342285
YOR363C,YBL013W,0,-0.44625324,0.14047768712043762,0.8886680006980896,0.5473284125328064
YBL051C,YKL045W,0,-0.4462803,0.14045561850070953,0.8886680006980896,0.5474284291267395
YJL089W,YDR407C,0,-0.44649035,0.14043354988098145,0.8886680006980896,0.5475285053253174
YKR035W-A,YHR051W,0,-0.44665003,0.14041149616241455,0.8886680006980896,0.5476285815238953
YDR406W,YGR247W,0,-0.44672728,0.14038944244384766,0.8886680006980896,0.5477286577224731
YBR038W,YLR050C,0,-0.44678885,0.14036740362644196,0.8886680006980896,0.5478286743164062
YLR067C,YKR066C,0,-0.4468087,0.14034536480903625,0.8886680006980896,0.5479287505149841
YFL001W,YER125W,1,-0.44727176,0.14048029482364655,0.8896620273590088,0.5479287505149841
YLR328W,YLR088W,0,-0.4473862,0.14045825600624084,0.8896620273590088,0.548028826713562
YDR009W,YMR117C,0,-0.44739795,0.14043621718883514,0.8896620273590088,0.5481289029121399
YBR095C,YMR182C,0,-0.4475497,0.14041417837142944,0.8896620273590088,0.548228919506073
YBR043C,YGL153W,0,-0.44766814,0.14039215445518494,0.8896620273590088,0.5483289957046509
YPR011C,YNL335W,0,-0.4480043,0.14037014544010162,0.8896620273590088,0.5484290719032288
YER041W,YGL170C,0,-0.44817978,0.14034812152385712,0.8896620273590088,0.5485290884971619
YOR371C,YLR183C,0,-0.4485067,0.140326127409935,0.8896620273590088,0.5486291646957397
YLR323C,YOL136C,0,-0.4489019,0.14030411839485168,0.8896620273590088,0.5487292408943176
YHR057C,YDR218C,0,-0.44939876,0.14028212428092957,0.8896620273590088,0.5488293170928955
YPL072W,YGR003W,0,-0.4494642,0.14026014506816864,0.8896620273590088,0.5489293336868286
YNL231C,YGL158W,0,-0.44949257,0.14023816585540771,0.8896620273590088,0.5490294098854065
YIR038C,YOL009C,0,-0.4495154,0.14021620154380798,0.8896620273590088,0.5491294860839844
YER026C,YDR184C,0,-0.44954062,0.14019423723220825,0.8896620273590088,0.5492295622825623
YBR107C,YMR241W,0,-0.44958085,0.14017227292060852,0.8896620273590088,0.5493295788764954
YLR006C,YIL103W,0,-0.44968045,0.14015032351016998,0.8896620273590088,0.5494296550750732
YBR244W,YNL050C,0,-0.4497298,0.14012838900089264,0.8896620273590088,0.5495297312736511
YNL318C,YGR283C,0,-0.45002043,0.1401064544916153,0.8896620273590088,0.549629807472229
YKL217W,YLR386W,0,-0.45006758,0.14008451998233795,0.8896620273590088,0.5497298240661621
YPL225W,YGL065C,0,-0.45046228,0.1400626003742218,0.8896620273590088,0.54982990026474
YMR205C,YBL068W,0,-0.45065743,0.14004068076610565,0.8896620273590088,0.5499299764633179
YGL001C,YGR163W,0,-0.45066023,0.1400187760591507,0.8896620273590088,0.550029993057251
YMR228W,YDL119C,0,-0.451142,0.13999687135219574,0.8896620273590088,0.5501300692558289
YAL039C,YDL046W,0,-0.45136738,0.13997498154640198,0.8896620273590088,0.5502301454544067
YJR159W,YHR050W,0,-0.45156074,0.13995309174060822,0.8896620273590088,0.5503302216529846
YDR325W,YIL132C,0,-0.4516387,0.13993120193481445,0.8896620273590088,0.5504302382469177
YBR182C,YLR024C,0,-0.45267648,0.13990932703018188,0.8896620273590088,0.5505303144454956
YDR541C,YOR058C,0,-0.4530095,0.1398874670267105,0.8896620273590088,0.5506303906440735
YBR149W,YAL016W,0,-0.45305377,0.13986560702323914,0.8896620273590088,0.5507304668426514
YPL249C,YDL052C,0,-0.45371813,0.13984374701976776,0.8896620273590088,0.5508304834365845
YKL186C,YPL130W,0,-0.45384306,0.13982190191745758,0.8896620273590088,0.5509305596351624
YER040W,YOR232W,0,-0.45402622,0.1398000568151474,0.8896620273590088,0.5510306358337402
YOL021C,YJL114W,0,-0.4541024,0.1397782266139984,0.8896620273590088,0.5511306524276733
YJR119C,YNL138W,0,-0.45411593,0.13975639641284943,0.8896620273590088,0.5512307286262512
YFL048C,YJR064W,0,-0.4542594,0.13973458111286163,0.8896620273590088,0.5513308048248291
YJL216C,YJR034W,0,-0.45426202,0.13971276581287384,0.8896620273590088,0.551430881023407
YHR102W,YNL032W,0,-0.4543202,0.13969096541404724,0.8896620273590088,0.5515308976173401
YMR186W,YML098W,0,-0.4543882,0.13966916501522064,0.8896620273590088,0.551630973815918
YFL003C,YDL247W,0,-0.45440435,0.13964736461639404,0.8896620273590088,0.5517310500144958
YPR138C,YKL033W,0,-0.45446074,0.13962557911872864,0.8896620273590088,0.5518311262130737
YDR205W,YGR052W,0,-0.45567584,0.13960380852222443,0.8896620273590088,0.5519311428070068
YJL079C,YKL003C,0,-0.45571375,0.13958203792572021,0.8896620273590088,0.5520312190055847
YOR126C,YMR176W,0,-0.45589763,0.139560267329216,0.8896620273590088,0.5521312952041626
YOR214C,YNL126W,0,-0.45602912,0.13953851163387299,0.8896620273590088,0.5522313117980957
YDL194W,YGL256W,0,-0.45658064,0.13951675593852997,0.8896620273590088,0.5523313879966736
YBR196C,YNR072W,0,-0.4568165,0.13949501514434814,0.8896620273590088,0.5524314641952515
YJR091C,YPL236C,0,-0.45686036,0.13947327435016632,0.8896620273590088,0.5525315403938293
YGL047W,YGR163W,0,-0.4569046,0.1394515484571457,0.8896620273590088,0.5526315569877625
YCL074W,YMR143W,0,-0.45691252,0.13942982256412506,0.8896620273590088,0.5527316331863403
YLR165C,YKL071W,0,-0.45691556,0.13940809667110443,0.8896620273590088,0.5528317093849182
YBR101C,YBR229C,0,-0.4569245,0.139386385679245,0.8896620273590088,0.5529317855834961
YML016C,YIR021W,0,-0.45700234,0.13936468958854675,0.8896620273590088,0.5530318021774292
YJR048W,YNL131W,0,-0.45708436,0.1393429934978485,0.8896620273590088,0.5531318783760071
YLR340W,YMR288W,0,-0.4572819,0.13932129740715027,0.8896620273590088,0.553231954574585
YEL046C,YLR205C,0,-0.4573694,0.13929961621761322,0.8896620273590088,0.5533319711685181
YGL092W,YHR006W,1,-0.4573903,0.13943354785442352,0.890656054019928,0.5533319711685181
YGR017W,YNL257C,0,-0.4575801,0.13941185176372528,0.890656054019928,0.553432047367096
YOR377W,YBR006W,0,-0.45807308,0.13939017057418823,0.890656054019928,0.5535321235656738
YJL181W,YBR131W,0,-0.45816523,0.13936848938465118,0.890656054019928,0.5536321997642517
YJR017C,YER149C,0,-0.45826286,0.13934680819511414,0.890656054019928,0.5537322163581848
YFL054C,YOL004W,0,-0.4586684,0.13932514190673828,0.890656054019928,0.5538322925567627
YCR017C,YMR030W,0,-0.4588229,0.13930347561836243,0.890656054019928,0.5539323687553406
YHR210C,YCR042C,0,-0.45905566,0.13928182423114777,0.890656054019928,0.5540324449539185
YOR007C,YPL161C,0,-0.4591995,0.1392601728439331,0.890656054019928,0.5541324615478516
YNR059W,YJL110C,0,-0.4592437,0.13923853635787964,0.890656054019928,0.5542325377464294
YBL011W,YJL138C,0,-0.45930803,0.13921689987182617,0.890656054019928,0.5543326139450073
YCR014C,YDR423C,0,-0.45938975,0.1391952782869339,0.890656054019928,0.5544326305389404
YOR359W,YHR030C,0,-0.45942116,0.13917365670204163,0.890656054019928,0.5545327067375183
YPR164W,YFR031C-A,0,-0.45964593,0.13915203511714935,0.890656054019928,0.5546327829360962
YLR016C,YBR089C-A,0,-0.46003175,0.13913042843341827,0.890656054019928,0.5547328591346741
YNL005C,YIL006W,0,-0.46011657,0.1391088366508484,0.890656054019928,0.5548328757286072
YMR137C,YLL066C,0,-0.46056128,0.1390872448682785,0.890656054019928,0.5549329519271851
YLR360W,YPL227C,0,-0.4605689,0.13906565308570862,0.890656054019928,0.5550330281257629
YKL120W,YOR349W,0,-0.46064526,0.13904407620429993,0.890656054019928,0.5551331043243408
YLR390W,YKL071W,0,-0.4609325,0.13902249932289124,0.890656054019928,0.5552331209182739
YEL020C,YDR300C,0,-0.46096742,0.13900093734264374,0.890656054019928,0.5553331971168518
YGL241W,YDR512C,0,-0.4612779,0.13897937536239624,0.890656054019928,0.5554332733154297
YLR077W,YHR149C,0,-0.4615388,0.13895781338214874,0.890656054019928,0.5555333495140076
YDR304C,YJR091C,0,-0.46169716,0.13893626630306244,0.890656054019928,0.5556333661079407
YCR107W,YGL195W,0,-0.46182138,0.13891473412513733,0.890656054019928,0.5557334423065186
YKR042W,YGR005C,0,-0.46210414,0.13889320194721222,0.890656054019928,0.5558335185050964
YGR140W,YGL175C,0,-0.4622441,0.1388716697692871,0.890656054019928,0.5559335350990295
YIL162W,YMR260C,0,-0.4622563,0.1388501524925232,0.890656054019928,0.5560336112976074
YGR227W,YGR180C,0,-0.46231097,0.13882863521575928,0.890656054019928,0.5561336874961853
YOL028C,YPR173C,0,-0.46240556,0.13880713284015656,0.890656054019928,0.5562337636947632
YLR209C,YDR349C,0,-0.4627099,0.13878563046455383,0.890656054019928,0.5563337802886963
YGR012W,YIL075C,0,-0.46286047,0.1387641280889511,0.890656054019928,0.5564338564872742
YML066C,YNR053C,0,-0.46371537,0.13874264061450958,0.890656054019928,0.556533932685852
YJR123W,YHR201C,0,-0.46377504,0.13872116804122925,0.890656054019928,0.5566340088844299
YKR003W,YER168C,0,-0.4637999,0.1386996954679489,0.890656054019928,0.556734025478363
YML110C,YKL188C,0,-0.46404022,0.13867822289466858,0.890656054019928,0.5568341016769409
YDR104C,YCR046C,0,-0.46407562,0.13865676522254944,0.890656054019928,0.5569341778755188
YOR330C,YKL211C,0,-0.46418297,0.1386353075504303,0.890656054019928,0.5570341944694519
YDR073W,YMR207C,0,-0.46459204,0.13861386477947235,0.890656054019928,0.5571342706680298
YOL104C,YGR155W,0,-0.4646471,0.1385924220085144,0.890656054019928,0.5572343468666077
YKL080W,YCR024C-A,0,-0.46470183,0.13857099413871765,0.890656054019928,0.5573344230651855
YGL167C,YPR185W,0,-0.4647451,0.1385495662689209,0.890656054019928,0.5574344396591187
YPR047W,YGR024C,1,-0.46481723,0.1386827528476715,0.8916500806808472,0.5574344396591187
YLR006C,YGL062W,0,-0.46493953,0.13866131007671356,0.8916500806808472,0.5575345158576965
YKL155C,YMR170C,0,-0.46497703,0.1386398822069168,0.8916500806808472,0.5576345920562744
YNL271C,YLL024C,0,-0.46498662,0.13861845433712006,0.8916500806808472,0.5577346682548523
YLR233C,YBL036C,0,-0.46512645,0.1385970264673233,0.8916500806808472,0.5578346848487854
YFL049W,YDR500C,0,-0.46538126,0.13857562839984894,0.8916500806808472,0.5579347610473633
YLR047C,YDL093W,0,-0.4655885,0.13855421543121338,0.8916500806808472,0.5580348372459412
YPL208W,YOR344C,0,-0.465679,0.138532817363739,0.8916500806808472,0.5581348538398743
YNL137C,YLR352W,0,-0.46609813,0.13851143419742584,0.8916500806808472,0.5582349300384521
YLR390W,YFR040W,0,-0.4661265,0.13849003612995148,0.8916500806808472,0.55833500623703
YGL004C,YER098W,0,-0.46629256,0.1384686678647995,0.8916500806808472,0.5584350824356079
YJL168C,YBR168W,0,-0.4665032,0.13844728469848633,0.8916500806808472,0.558535099029541
YOR026W,YIL022W,0,-0.4665153,0.13842593133449554,0.8916500806808472,0.5586351752281189
YMR156C,YFL055W,0,-0.46686494,0.13840456306934357,0.8916500806808472,0.5587352514266968
YOR214C,YGR004W,0,-0.46686846,0.13838320970535278,0.8916500806808472,0.5588353276252747
YPL137C,YGR216C,0,-0.46740764,0.1383618712425232,0.8916500806808472,0.5589353442192078
YHR135C,YDR142C,0,-0.46748763,0.1383405327796936,0.8916500806808472,0.5590354204177856
YOR003W,YOR388C,0,-0.46752876,0.138319194316864,0.8916500806808472,0.5591354966163635
YOL142W,YDR490C,0,-0.46757454,0.13829787075519562,0.8916500806808472,0.5592355132102966
YGR266W,YHL018W,0,-0.46870434,0.13827654719352722,0.8916500806808472,0.5593355894088745
YDL025C,YNL278W,0,-0.46910697,0.13825523853302002,0.8916500806808472,0.5594356656074524
YLR138W,YPL013C,0,-0.46944594,0.13823392987251282,0.8916500806808472,0.5595357418060303
YDR138W,YFL031W,0,-0.4694485,0.1382126361131668,0.8916500806808472,0.5596357583999634
YGR192C,YKR002W,0,-0.46965593,0.1381913423538208,0.8916500806808472,0.5597358345985413
YDR243C,YHR123W,0,-0.4701292,0.1381700485944748,0.8916500806808472,0.5598359107971191
YKL167C,YEL063C,0,-0.4702528,0.13814876973628998,0.8916500806808472,0.559935986995697
YDR522C,YDR506C,0,-0.4704829,0.13812750577926636,0.8916500806808472,0.5600360035896301
YDL022W,YBL097W,0,-0.4708814,0.13810624182224274,0.8916500806808472,0.560136079788208
YGR225W,YBR260C,0,-0.47124457,0.13808497786521912,0.8916500806808472,0.5602361559867859
YDR429C,YLR034C,0,-0.47144085,0.1380637288093567,0.8916500806808472,0.560336172580719
YJL140W,YHR074W,0,-0.4714474,0.13804247975349426,0.8916500806808472,0.5604362487792969
YJL063C,YOR250C,0,-0.47186315,0.13802123069763184,0.8916500806808472,0.5605363249778748
YLR092W,YJL066C,0,-0.47196698,0.1379999965429306,0.8916500806808472,0.5606364011764526
YBR182C,YIL120W,0,-0.4719876,0.13797877728939056,0.8916500806808472,0.5607364177703857
YNR052C,YNL258C,0,-0.47212481,0.13795755803585052,0.8916500806808472,0.5608364939689636
YFL024C,YER178W,0,-0.4721594,0.13793633878231049,0.8916500806808472,0.5609365701675415
YKL041W,YML128C,0,-0.4722889,0.13791513442993164,0.8916500806808472,0.5610366463661194
YDR389W,YDR284C,0,-0.47231013,0.1378939300775528,0.8916500806808472,0.5611366629600525
YML029W,YGR215W,0,-0.47273213,0.13787272572517395,0.8916500806808472,0.5612367391586304
YKR086W,YMR087W,0,-0.47295552,0.1378515511751175,0.8916500806808472,0.5613368153572083
YBR221C,YHL006C,0,-0.47318286,0.13783036172389984,0.8916500806808472,0.5614368915557861
YDR395W,YJL005W,0,-0.47319382,0.13780918717384338,0.8916500806808472,0.5615369081497192
YLR297W,YPR006C,0,-0.4732046,0.13778801262378693,0.8916500806808472,0.5616369843482971
YOR272W,YCL045C,0,-0.47327083,0.13776685297489166,0.8916500806808472,0.561737060546875
YBR180W,YPR111W,0,-0.4733153,0.1377456933259964,0.8916500806808472,0.5618370771408081
YOR375C,YPR137W,0,-0.47331905,0.13772454857826233,0.8916500806808472,0.561937153339386
YIL049W,YLR205C,0,-0.47356224,0.13770340383052826,0.8916500806808472,0.5620372295379639
YHR203C,YDR084C,0,-0.47371024,0.13768227398395538,0.8916500806808472,0.5621373057365417
YDR494W,YPL133C,0,-0.47372514,0.1376611441373825,0.8916500806808472,0.5622373223304749
YMR273C,YNR072W,0,-0.47377574,0.13764001429080963,0.8916500806808472,0.5623373985290527
YHR084W,YOR162C,0,-0.47382247,0.13761889934539795,0.8916500806808472,0.5624374747276306
YGR266W,YDR184C,0,-0.47396785,0.13759778439998627,0.8916500806808472,0.5625375509262085
YKR071C,YFR031C,0,-0.4743743,0.13757668435573578,0.8916500806808472,0.5626375675201416
YOR002W,YKL216W,0,-0.4744643,0.1375555843114853,0.8916500806808472,0.5627376437187195
YNL106C,YNL056W,0,-0.4745224,0.137534499168396,0.8916500806808472,0.5628377199172974
YER123W,YDL211C,0,-0.4747051,0.1375134140253067,0.8916500806808472,0.5629377365112305
YKL041W,YEL030W,0,-0.47483122,0.1374923288822174,0.8916500806808472,0.5630378127098083
YOL008W,YDL015C,0,-0.47512168,0.1374712586402893,0.8916500806808472,0.5631378889083862
YKL038W,YNL072W,0,-0.47527367,0.1374502032995224,0.8916500806808472,0.5632379651069641
YDR111C,YGR193C,0,-0.4752975,0.1374291330575943,0.8916500806808472,0.5633379817008972
YGR231C,YGL219C,0,-0.47530127,0.1374080926179886,0.8916500806808472,0.5634380578994751
YKL020C,YLR390W-A,0,-0.47541565,0.13738703727722168,0.8916500806808472,0.563538134098053
YDR190C,YER026C,0,-0.4756714,0.13736599683761597,0.8916500806808472,0.5636382102966309
YGR080W,YAR042W,0,-0.47569805,0.13734497129917145,0.8916500806808472,0.563738226890564
YDR462W,YLR002C,0,-0.47576654,0.13732394576072693,0.8916500806808472,0.5638383030891418
YGL203C,YFL052W,0,-0.47578162,0.1373029202222824,0.8916500806808472,0.5639383792877197
YJL162C,YKL071W,0,-0.47592098,0.13728190958499908,0.8916500806808472,0.5640383958816528
YBR271W,YLR189C,0,-0.47600144,0.13726089894771576,0.8916500806808472,0.5641384720802307
YHR123W,YGR148C,0,-0.4762993,0.13723990321159363,0.8916500806808472,0.5642385482788086
YJR022W,YLR430W,1,-0.47640765,0.13737188279628754,0.8926441073417664,0.5642385482788086
YJR118C,YPR107C,0,-0.4766575,0.1373508721590042,0.8926441073417664,0.5643386244773865
YHR179W,YML055W,0,-0.47672164,0.1373298615217209,0.8926441073417664,0.5644386410713196
YKL091C,YOL004W,0,-0.47680515,0.13730886578559875,0.8926441073417664,0.5645387172698975
YHR203C,YLR093C,0,-0.4768368,0.13728787004947662,0.8926441073417664,0.5646387934684753
YBR010W,YBR288C,0,-0.4770046,0.13726688921451569,0.8926441073417664,0.5647388696670532
YMR065W,YBL091C,0,-0.47701734,0.13724590837955475,0.8926441073417664,0.5648388862609863
YOR274W,YDL066W,0,-0.47711074,0.137224942445755,0.8926441073417664,0.5649389624595642
YIL062C,YKL001C,0,-0.47747225,0.13720397651195526,0.8926441073417664,0.5650390386581421
YOR009W,YJR084W,0,-0.47759038,0.13718301057815552,0.8926441073417664,0.5651390552520752
YJR118C,YDL058W,0,-0.47767878,0.13716205954551697,0.8926441073417664,0.5652391314506531
YHL015W,YDR076W,0,-0.47779614,0.13714110851287842,0.8926441073417664,0.565339207649231
YNL160W,YDR175C,0,-0.47804683,0.13712017238140106,0.8926441073417664,0.5654392838478088
YML091C,YAL020C,1,-0.47834724,0.13725191354751587,0.8936381936073303,0.5654392838478088
YDR373W,YDR453C,0,-0.47851706,0.13723096251487732,0.8936381936073303,0.5655393004417419
YPR189W,YPL021W,0,-0.47873223,0.13721001148223877,0.8936381936073303,0.5656393766403198
YOR126C,YPL213W,0,-0.47883314,0.1371890753507614,0.8936381936073303,0.5657394528388977
YDR213W,YIL154C,0,-0.47883487,0.13716813921928406,0.8936381936073303,0.5658395290374756
YHR185C,YKL124W,0,-0.4792102,0.1371472179889679,0.8936381936073303,0.5659395456314087
YKR069W,YJR073C,0,-0.47940373,0.13712629675865173,0.8936381936073303,0.5660396218299866
YOR361C,YGL231C,0,-0.47940737,0.13710539042949677,0.8936381936073303,0.5661396980285645
YBR146W,YDR162C,0,-0.4794746,0.1370844841003418,0.8936381936073303,0.5662397146224976
YDL070W,YDR030C,0,-0.47949314,0.13706357777118683,0.8936381936073303,0.5663397908210754
YHL021C,YGL062W,0,-0.47955954,0.13704268634319305,0.8936381936073303,0.5664398670196533
YGR266W,YBR037C,0,-0.47994852,0.13702179491519928,0.8936381936073303,0.5665399432182312
YCR079W,YML099C,0,-0.48021346,0.1370009183883667,0.8936381936073303,0.5666399598121643
YIL063C,YNL066W,0,-0.4805981,0.13698004186153412,0.8936381936073303,0.5667400360107422
YBL101C,YDR292C,0,-0.4806531,0.13695916533470154,0.8936381936073303,0.5668401122093201
YPL128C,YNL258C,0,-0.4806738,0.13693830370903015,0.8936381936073303,0.566940188407898
YHL033C,YPL232W,0,-0.4809096,0.13691745698451996,0.8936381936073303,0.567040205001831
YDL078C,YDR302W,0,-0.48109126,0.13689661026000977,0.8936381936073303,0.5671402812004089
YMR076C,YBL063W,0,-0.48127347,0.13687576353549957,0.8936381936073303,0.5672403573989868
YOR118W,YMR161W,0,-0.48143238,0.13685493171215057,0.8936381936073303,0.5673404335975647
YBR281C,YFL010W-A,0,-0.48184025,0.13683409988880157,0.8936381936073303,0.5674404501914978
YBR056W,YDL220C,0,-0.4820366,0.13681326806545258,0.8936381936073303,0.5675405263900757
YKL062W,YDL133C-A,0,-0.48234147,0.13679245114326477,0.8936381936073303,0.5676406025886536
YIL033C,YML098W,0,-0.4824199,0.13677163422107697,0.8936381936073303,0.5677406191825867
YIL122W,YDR337W,0,-0.48246557,0.13675083220005035,0.8936381936073303,0.5678406953811646
YCL010C,YNR056C,0,-0.4824924,0.13673004508018494,0.8936381936073303,0.5679407715797424
YJL140W,YBR223C,0,-0.48252434,0.13670924305915833,0.8936381936073303,0.5680408477783203
YDL015C,YJL085W,0,-0.48253268,0.1366884559392929,0.8936381936073303,0.5681408643722534
YLR001C,YHR043C,0,-0.48284626,0.13666768372058868,0.8936381936073303,0.5682409405708313
YHR069C,YOR208W,0,-0.48293346,0.13664691150188446,0.8936381936073303,0.5683410167694092
YER063W,YHL001W,0,-0.48300707,0.13662613928318024,0.8936381936073303,0.5684410929679871
YDR085C,YHR175W,0,-0.48310125,0.1366053819656372,0.8936381936073303,0.5685411095619202
YPR200C,YPL010W,0,-0.48311025,0.13658462464809418,0.8936381936073303,0.568641185760498
YBR093C,YLR005W,0,-0.48313713,0.13656388223171234,0.8936381936073303,0.5687412619590759
YDL207W,YAR035W,0,-0.48331237,0.1365431398153305,0.8936381936073303,0.568841278553009
YLR136C,YOR320C,0,-0.48333597,0.13652239739894867,0.8936381936073303,0.5689413547515869
YLR447C,YAL047C,0,-0.48336804,0.13650166988372803,0.8936381936073303,0.5690414309501648
YJL083W,YCR046C,0,-0.48352957,0.13648094236850739,0.8936381936073303,0.5691415071487427
YIR008C,YOL040C,0,-0.48367763,0.13646022975444794,0.8936381936073303,0.5692415237426758
YPR047W,YML014W,1,-0.48400372,0.13659128546714783,0.8946322202682495,0.5692415237426758
YDL159W,YBL047C,0,-0.48412824,0.13657055795192719,0.8946322202682495,0.5693415999412537
YBL100W-A,YIR034C,0,-0.48428237,0.13654984533786774,0.8946322202682495,0.5694416761398315
YJR022W,YCL017C,1,-0.48434484,0.13668082654476166,0.8956262469291687,0.5694416761398315
YDR092W,YGL058W,0,-0.48444486,0.13666009902954102,0.8956262469291687,0.5695417523384094
YML058W-A,YDR371W,0,-0.4848268,0.13663937151432037,0.8956262469291687,0.5696417689323425
YCR105W,YBR141C,0,-0.48493016,0.13661864399909973,0.8956262469291687,0.5697418451309204
YOR245C,YDL220C,0,-0.48506707,0.13659793138504028,0.8956262469291687,0.5698419213294983
YKL182W,YER141W,0,-0.4851045,0.13657723367214203,0.8956262469291687,0.5699419379234314
YBR210W,YOL096C,0,-0.48510867,0.13655653595924377,0.8956262469291687,0.5700420141220093
YPR113W,YBR089C-A,0,-0.48519868,0.13653583824634552,0.8956262469291687,0.5701420903205872
YBR290W,YJL078C,0,-0.48521435,0.13651515543460846,0.8956262469291687,0.570242166519165
YLR360W,YGR268C,0,-0.48531824,0.1364944726228714,0.8956262469291687,0.5703421831130981
YOR321W,YGR283C,0,-0.48591334,0.13647378981113434,0.8956262469291687,0.570442259311676
YDR016C,YKL055C,0,-0.4864201,0.13645312190055847,0.8956262469291687,0.5705423355102539
YPL072W,YLR102C,0,-0.48643184,0.1364324688911438,0.8956262469291687,0.5706424117088318
YKR046C,YPL009C,0,-0.48682475,0.13641181588172913,0.8956262469291687,0.5707424283027649
YOR189W,YLR382C,0,-0.48688352,0.13639116287231445,0.8956262469291687,0.5708425045013428
YIL137C,YML109W,0,-0.48688972,0.13637050986289978,0.8956262469291687,0.5709425806999207
YNL239W,YER166W,0,-0.48698968,0.1363498717546463,0.8956262469291687,0.5710425972938538
YPL037C,YGR087C,0,-0.48710233,0.13632924854755402,0.8956262469291687,0.5711426734924316
YKL029C,YDR427W,0,-0.48715317,0.13630862534046173,0.8956262469291687,0.5712427496910095
YLR203C,YJR153W,0,-0.48788577,0.13628800213336945,0.8956262469291687,0.5713428258895874
YDL150W,YPR008W,0,-0.48822576,0.13626739382743835,0.8956262469291687,0.5714428424835205
YBL101C,YKR081C,0,-0.48828346,0.13624678552150726,0.8956262469291687,0.5715429186820984
YAL017W,YBR248C,0,-0.48831308,0.13622619211673737,0.8956262469291687,0.5716429948806763
YKL149C,YOR382W,0,-0.4884311,0.13620559871196747,0.8956262469291687,0.5717430710792542
YJR118C,YDR221W,0,-0.4884737,0.13618500530719757,0.8956262469291687,0.5718430876731873
YJR007W,YDR446W,0,-0.4885165,0.13616442680358887,0.8956262469291687,0.5719431638717651
YGL126W,YLR314C,0,-0.4885558,0.13614384829998016,0.8956262469291687,0.572043240070343
YKR088C,YOR138C,0,-0.48883379,0.13612328469753265,0.8956262469291687,0.5721432566642761
YLR148W,YMR038C,0,-0.48903215,0.13610272109508514,0.8956262469291687,0.572243332862854
YDR225W,YER157W,0,-0.48909354,0.13608215749263763,0.8956262469291687,0.5723434090614319
YIL065C,YBR066C,0,-0.48909783,0.13606160879135132,0.8956262469291687,0.5724434852600098
YDR354W,YER016W,0,-0.4892245,0.1360410749912262,0.8956262469291687,0.5725435018539429
YJL214W,YOR144C,0,-0.4892323,0.13602052628993988,0.8956262469291687,0.5726435780525208
YNL315C,YDL208W,0,-0.4892689,0.13600000739097595,0.8956262469291687,0.5727436542510986
YIR015W,YMR047C,1,-0.48945892,0.13613039255142212,0.8966202735900879,0.5727436542510986
YGR097W,YOL039W,0,-0.4895206,0.136109858751297,0.8966202735900879,0.5728437304496765
YDR389W,YHR056C,0,-0.48957634,0.13608932495117188,0.8966202735900879,0.5729437470436096
YGL196W,YPR060C,0,-0.4896536,0.13606879115104675,0.8966202735900879,0.5730438232421875
YPL235W,YCR031C,0,-0.48965603,0.13604827225208282,0.8966202735900879,0.5731438994407654
YBR118W,YLR408C,0,-0.48967767,0.1360277533531189,0.8966202735900879,0.5732439756393433
YDL201W,YOL110W,0,-0.48995107,0.13600723445415497,0.8966202735900879,0.5733439922332764
YDR359C,YJR082C,0,-0.489963,0.13598673045635223,0.8966202735900879,0.5734440684318542
YOR077W,YMR300C,0,-0.49002868,0.1359662413597107,0.8966202735900879,0.5735441446304321
YJR044C,YOL146W,0,-0.49015176,0.13594573736190796,0.8966202735900879,0.5736441612243652
YPR113W,YCR042C,0,-0.49025625,0.1359252631664276,0.8966202735900879,0.5737442374229431
YPL050C,YEL051W,0,-0.49027026,0.13590477406978607,0.8966202735900879,0.573844313621521
YJL171C,YOR313C,0,-0.49027705,0.13588429987430573,0.8966202735900879,0.5739443898200989
YPL152W,YPL027W,0,-0.49032074,0.13586384057998657,0.8966202735900879,0.574044406414032
YMR041C,YJL192C,0,-0.4906885,0.13584336638450623,0.8966202735900879,0.5741444826126099
YBR120C,YFR042W,0,-0.49098152,0.13582292199134827,0.8966202735900879,0.5742445588111877
YLR409C,YOR275C,0,-0.4912541,0.1358024626970291,0.8966202735900879,0.5743446350097656
YIR011C,YJL020C,0,-0.49151784,0.13578203320503235,0.8966202735900879,0.5744446516036987
YLR081W,YEL019C,0,-0.4915495,0.1357615888118744,0.8966202735900879,0.5745447278022766
YLR242C,YBR006W,0,-0.49177456,0.13574115931987762,0.8966202735900879,0.5746448040008545
YGR027C,YGL122C,0,-0.4917845,0.13572072982788086,0.8966202735900879,0.5747448205947876
YPR003C,YLR043C,0,-0.49182922,0.1357003152370453,0.8966202735900879,0.5748448967933655
YDR438W,YGR183C,0,-0.49188393,0.13567990064620972,0.8966202735900879,0.5749449729919434
YOL068C,YPL276W,0,-0.4919603,0.13565950095653534,0.8966202735900879,0.5750450491905212
YBR196C,YLR352W,0,-0.49200475,0.13563910126686096,0.8966202735900879,0.5751450657844543
YMR220W,YAL007C,0,-0.49211007,0.13561870157718658,0.8966202735900879,0.5752451419830322
YDR257C,YFR030W,0,-0.49281037,0.1355983167886734,0.8966202735900879,0.5753452181816101
YOL061W,YLR348C,0,-0.49297148,0.13557793200016022,0.8966202735900879,0.575445294380188
YBL005W,YER094C,0,-0.49324453,0.13555756211280823,0.8966202735900879,0.5755453109741211
YLR360W,YDL117W,0,-0.49364161,0.13553719222545624,0.8966202735900879,0.575645387172699
YER052C,YGL004C,0,-0.49378133,0.13551682233810425,0.8966202735900879,0.5757454633712769
YNR037C,YJR067C,0,-0.49394405,0.13549646735191345,0.8966202735900879,0.57584547996521
YNL075W,YDL193W,0,-0.49404818,0.13547611236572266,0.8966202735900879,0.5759455561637878
YGL063W,YGR024C,1,-0.49420726,0.13560594618320465,0.8976143002510071,0.5759455561637878
YGR032W,YDR284C,0,-0.49432498,0.13558559119701385,0.8976143002510071,0.5760456323623657
YOR142W,YGR059W,0,-0.49453437,0.13556523621082306,0.8976143002510071,0.5761457085609436
YLR213C,YER130C,0,-0.49479246,0.13554488122463226,0.8976143002510071,0.5762457251548767
YJR083C,YNL236W,0,-0.4948445,0.13552454113960266,0.8976143002510071,0.5763458013534546
YGR067C,YIL159W,0,-0.49512428,0.13550420105457306,0.8976143002510071,0.5764458775520325
YLR023C,YGR235C,0,-0.49541658,0.13548387587070465,0.8976143002510071,0.5765459537506104
YHR096C,YDR345C,0,-0.49562633,0.13546355068683624,0.8976143002510071,0.5766459703445435
YMR172W,YHR178W,0,-0.4957744,0.13544322550296783,0.8976143002510071,0.5767460465431213
YIR031C,YKR100C,0,-0.4960236,0.13542291522026062,0.8976143002510071,0.5768461227416992
YDR389W,YNR067C,0,-0.49614012,0.1354026049375534,0.8976143002510071,0.5769461393356323
YJL216C,YLR215C,0,-0.496149,0.13538230955600739,0.8976143002510071,0.5770462155342102
YCL001W,YLR187W,0,-0.49617678,0.13536201417446136,0.8976143002510071,0.5771462917327881
YAL016W,YHR210C,0,-0.4963836,0.13534173369407654,0.8976143002510071,0.577246367931366
YAR027W,YBR278W,0,-0.49646902,0.13532143831253052,0.8976143002510071,0.5773463845252991
YKL166C,YEL047C,0,-0.49649262,0.13530117273330688,0.8976143002510071,0.577446460723877
YPL076W,YML058W-A,0,-0.49658877,0.13528089225292206,0.8976143002510071,0.5775465369224548
YJR090C,YPL024W,0,-0.49662125,0.13526064157485962,0.8976143002510071,0.5776466131210327
YDL197C,YDR482C,0,-0.49701244,0.135240375995636,0.8976143002510071,0.5777466297149658
YBR101C,YFL013C,0,-0.49702895,0.13522012531757355,0.8976143002510071,0.5778467059135437
YBR042C,YFL031W,0,-0.4971426,0.1351998746395111,0.8976143002510071,0.5779467821121216
YLR001C,YDL077C,0,-0.4974391,0.13517963886260986,0.8976143002510071,0.5780467987060547
YPL228W,YER102W,0,-0.49746484,0.13515940308570862,0.8976143002510071,0.5781468749046326
YPL006W,YGL063W,0,-0.49777073,0.13513918220996857,0.8976143002510071,0.5782469511032104
YJL214W,YMR250W,0,-0.49803352,0.13511896133422852,0.8976143002510071,0.5783470273017883
YDR446W,YFR028C,0,-0.49826652,0.13509874045848846,0.8976143002510071,0.5784470438957214
YNL219C,YDR081C,0,-0.49852705,0.1350785344839096,0.8976143002510071,0.5785471200942993
YPR120C,YGR247W,0,-0.49861145,0.13505832850933075,0.8976143002510071,0.5786471962928772
YDR430C,YMR044W,0,-0.49868476,0.13503813743591309,0.8976143002510071,0.5787472724914551
YOR028C,YOL091W,0,-0.49877346,0.13501794636249542,0.8976143002510071,0.5788472890853882
YCR052W,YNL312W,0,-0.49878895,0.13499775528907776,0.8976143002510071,0.5789473652839661
YLR344W,YDL066W,0,-0.49883604,0.1349775791168213,0.8976143002510071,0.579047441482544
YDR470C,YPL273W,0,-0.49912715,0.13495740294456482,0.8976143002510071,0.5791475176811218
YGL257C,YOR344C,0,-0.4992454,0.13493724167346954,0.8976143002510071,0.5792475342750549
YLR222C,YGR092W,0,-0.49935603,0.13491708040237427,0.8976143002510071,0.5793476104736328
YNL137C,YPL248C,0,-0.49962598,0.134896919131279,0.8976143002510071,0.5794476866722107
YLR228C,YDR214W,0,-0.49973345,0.1348767727613449,0.8976143002510071,0.5795477032661438
YPL120W,YNR048W,0,-0.50009924,0.13485662639141083,0.8976143002510071,0.5796477794647217
YGL115W,YOL068C,0,-0.50014865,0.13483649492263794,0.8976143002510071,0.5797478556632996
YGL013C,YLR330W,0,-0.5002106,0.13481636345386505,0.8976143002510071,0.5798479318618774
YML039W,YFL005W,0,-0.5002669,0.13479623198509216,0.8976143002510071,0.5799479484558105
YCR065W,YLR160C,0,-0.5003444,0.13477611541748047,0.8976143002510071,0.5800480246543884
YHR209W,YHR122W,0,-0.50048655,0.13475601375102997,0.8976143002510071,0.5801481008529663
YGR225W,YGR052W,0,-0.50051564,0.13473589718341827,0.8976143002510071,0.5802481770515442
YLR185W,YER171W,0,-0.50081515,0.13471579551696777,0.8976143002510071,0.5803481936454773
YBL024W,YMR023C,1,-0.500867,0.13484486937522888,0.8986083269119263,0.5803481936454773
YJL225C,YNL014W,0,-0.5009616,0.1348247528076172,0.8986083269119263,0.5804482698440552
YJL216C,YDL005C,0,-0.50111246,0.1348046511411667,0.8986083269119263,0.5805483460426331
YNL130C,YBR002C,0,-0.5013848,0.1347845494747162,0.8986083269119263,0.5806483626365662
YNL336W,YNL264C,0,-0.5014197,0.13476446270942688,0.8986083269119263,0.580748438835144
YGR284C,YBR196C,0,-0.50146586,0.13474437594413757,0.8986083269119263,0.5808485150337219
YGL093W,YPR105C,0,-0.5015429,0.13472428917884827,0.8986083269119263,0.5809485912322998
YIL122W,YEL019C,0,-0.50175047,0.13470421731472015,0.8986083269119263,0.5810486078262329
YER073W,YIL043C,0,-0.5019212,0.13468414545059204,0.8986083269119263,0.5811486840248108
YHR183W,YMR081C,0,-0.50202334,0.13466408848762512,0.8986083269119263,0.5812487602233887
YKL087C,YNL118C,0,-0.5020304,0.1346440315246582,0.8986083269119263,0.5813488364219666
YJR028W,YKL141W,0,-0.50243056,0.13462397456169128,0.8986083269119263,0.5814488530158997
YMR149W,YHR007C,0,-0.5026127,0.13460393249988556,0.8986083269119263,0.5815489292144775
YAR050W,YML045W,0,-0.5028069,0.13458389043807983,0.8986083269119263,0.5816490054130554
YLR256W,YMR207C,0,-0.50280774,0.1345638632774353,0.8986083269119263,0.5817490220069885
YJR010W,YGR163W,0,-0.50285125,0.13454383611679077,0.8986083269119263,0.5818490982055664
YAL039C,YML082W,0,-0.5032919,0.13452380895614624,0.8986083269119263,0.5819491744041443
YNR075W,YOR362C,0,-0.503647,0.1345037966966629,0.8986083269119263,0.5820492506027222
YDR527W,YLR213C,0,-0.5039454,0.13448378443717957,0.8986083269119263,0.5821492671966553
YHR197W,YBR110W,0,-0.5039583,0.13446378707885742,0.8986083269119263,0.5822493433952332
YJL214W,YMR237W,0,-0.50405043,0.13444378972053528,0.8986083269119263,0.582349419593811
YOR187W,YLR061W,0,-0.5041548,0.13442379236221313,0.8986083269119263,0.5824494957923889
YGL115W,YLL067C,0,-0.5043477,0.13440380990505219,0.8986083269119263,0.582549512386322
YLL051C,YNL072W,0,-0.50456154,0.13438382744789124,0.8986083269119263,0.5826495885848999
YKR098C,YKR064W,0,-0.5047125,0.13436385989189148,0.8986083269119263,0.5827496647834778
YDR422C,YKL193C,0,-0.5047288,0.13434387743473053,0.8986083269119263,0.5828496813774109
YPL217C,YPL164C,0,-0.5048334,0.13432392477989197,0.8986083269119263,0.5829497575759888
YLR110C,YPL139C,0,-0.50490445,0.1343039721250534,0.8986083269119263,0.5830498337745667
YOR330C,YOR316C,0,-0.5049558,0.13428401947021484,0.8986083269119263,0.5831499099731445
YOR261C,YML071C,0,-0.5049726,0.13426406681537628,0.8986083269119263,0.5832499265670776
YOL076W,YBR243C,0,-0.50608456,0.1342441290616989,0.8986083269119263,0.5833500027656555
YPL138C,YGL200C,0,-0.506122,0.13422420620918274,0.8986083269119263,0.5834500789642334
YDR386W,YGR003W,0,-0.50636446,0.13420426845550537,0.8986083269119263,0.5835501551628113
YNR073C,YMR305C,0,-0.50641364,0.1341843605041504,0.8986083269119263,0.5836501717567444
YDR452W,YIR010W,0,-0.50666344,0.13416443765163422,0.8986083269119263,0.5837502479553223
YOR099W,YDL214C,0,-0.5069048,0.13414452970027924,0.8986083269119263,0.5838503241539001
YOL033W,YHR077C,0,-0.5071619,0.13412462174892426,0.8986083269119263,0.5839503407478333
YDR383C,YKL086W,0,-0.5072188,0.13410472869873047,0.8986083269119263,0.5840504169464111
YFR052W,YJR010W,0,-0.50722766,0.13408483564853668,0.8986083269119263,0.584150493144989
YJL092W,YGR289C,0,-0.5074616,0.1340649574995041,0.8986083269119263,0.5842505693435669
YIL066C,YJL181W,0,-0.50751686,0.1340450793504715,0.8986083269119263,0.5843505859375
YJR120W,YPL079W,0,-0.5077064,0.1340252012014389,0.8986083269119263,0.5844506621360779
YER117W,YOL057W,0,-0.50773585,0.1340053379535675,0.8986083269119263,0.5845507383346558
YBR008C,YBR119W,0,-0.508102,0.1339854747056961,0.8986083269119263,0.5846508145332336
YAL031C,YOR202W,0,-0.50859994,0.1339656263589859,0.8986083269119263,0.5847508311271667
YPL211W,YER011W,0,-0.5088666,0.1339457631111145,0.8986083269119263,0.5848509073257446
YDR004W,YIL056W,0,-0.5090336,0.1339259296655655,0.8986083269119263,0.5849509835243225
YNL082W,YGR206W,0,-0.5094413,0.13390608131885529,0.8986083269119263,0.5850510597229004
YHR115C,YER098W,0,-0.5102195,0.13388626277446747,0.8986083269119263,0.5851510763168335
YMR118C,YGR040W,0,-0.5103552,0.13386642932891846,0.8986083269119263,0.5852511525154114
YLR429W,YPR010C,0,-0.5103677,0.13384661078453064,0.8986083269119263,0.5853512287139893
YKR055W,YDR081C,0,-0.5103685,0.13382679224014282,0.8986083269119263,0.5854512453079224
YPL192C,YLR424W,0,-0.51039624,0.1338069885969162,0.8986083269119263,0.5855513215065002
YOL122C,YEL031W,0,-0.51040125,0.13378718495368958,0.8986083269119263,0.5856513977050781
YDR289C,YPL162C,0,-0.51044524,0.13376738131046295,0.8986083269119263,0.585751473903656
YMR218C,YEL052W,0,-0.51046336,0.13374759256839752,0.8986083269119263,0.5858514904975891
YER154W,YNL153C,0,-0.5108102,0.1337278038263321,0.8986083269119263,0.585951566696167
YPL275W,YLR384C,0,-0.51084435,0.13370802998542786,0.8986083269119263,0.5860516428947449
YOR382W,YGL014W,0,-0.51092803,0.13368825614452362,0.8986083269119263,0.5861517190933228
YNL169C,YNL139C,0,-0.5112482,0.13366849720478058,0.8986083269119263,0.5862517356872559
YCR016W,YLR144C,0,-0.51155114,0.13364872336387634,0.8986083269119263,0.5863518118858337
YDR201W,YBR083W,0,-0.5117485,0.1336289793252945,0.8986083269119263,0.5864518880844116
YKR022C,YKL146W,0,-0.5118275,0.13360922038555145,0.8986083269119263,0.5865519046783447
YOL110W,YGL012W,0,-0.51209134,0.1335894763469696,0.8986083269119263,0.5866519808769226
YAL016W,YDR180W,0,-0.51230466,0.13356974720954895,0.8986083269119263,0.5867520570755005
YJL004C,YMR202W,0,-0.5123285,0.1335500031709671,0.8986083269119263,0.5868521332740784
YAR066W,YGR121C,0,-0.51338285,0.13353027403354645,0.8986083269119263,0.5869521498680115
YOR219C,YJR073C,0,-0.513433,0.133510559797287,0.8986083269119263,0.5870522260665894
YBR080C,YGL100W,0,-0.51363677,0.13349084556102753,0.8986083269119263,0.5871523022651672
YMR038C,YGR198W,0,-0.51368517,0.13347113132476807,0.8986083269119263,0.5872523784637451
YNR044W,YKL063C,0,-0.5137177,0.1334514319896698,0.8986083269119263,0.5873523950576782
YOL115W,YDL020C,0,-0.5140945,0.13343173265457153,0.8986083269119263,0.5874524712562561
YLR028C,YIL080W,0,-0.5141083,0.13341204822063446,0.8986083269119263,0.587552547454834
YOR291W,YIL143C,0,-0.51415443,0.1333923637866974,0.8986083269119263,0.5876525640487671
YBR086C,YCL030C,0,-0.51429504,0.13337267935276031,0.8986083269119263,0.587752640247345
YNR035C,YMR210W,0,-0.51434904,0.13335299491882324,0.8986083269119263,0.5878527164459229
YLR424W,YMR250W,0,-0.5143504,0.13333334028720856,0.8986083269119263,0.5879527926445007
YJR022W,YDL033C,1,-0.51438195,0.1334611475467682,0.8996024131774902,0.5879527926445007
YPL190C,YKL150W,0,-0.5144598,0.13344146311283112,0.8996024131774902,0.5880528092384338
YOR323C,YJL091C,0,-0.51480985,0.13342179358005524,0.8996024131774902,0.5881528854370117
YEL055C,YPR198W,0,-0.51492774,0.13340212404727936,0.8996024131774902,0.5882529616355896
YOR030W,YPL173W,0,-0.5153162,0.13338245451450348,0.8996024131774902,0.5883530378341675
YHR060W,YKR077W,0,-0.515388,0.1333627998828888,0.8996024131774902,0.5884530544281006
YOR266W,YPL094C,0,-0.51563483,0.1333431601524353,0.8996024131774902,0.5885531306266785
YOL062C,YEL037C,0,-0.5156457,0.13332350552082062,0.8996024131774902,0.5886532068252563
YPR101W,YMR194W,0,-0.51579046,0.13330388069152832,0.8996024131774902,0.5887532234191895
YCR017C,YKL077W,0,-0.51641375,0.13328424096107483,0.8996024131774902,0.5888532996177673
YOR026W,YBR083W,0,-0.5164939,0.13326461613178253,0.8996024131774902,0.5889533758163452
YER003C,YER165W,0,-0.51676065,0.13324499130249023,0.8996024131774902,0.5890534520149231
YGL049C,YLR200W,0,-0.51681083,0.13322538137435913,0.8996024131774902,0.5891534686088562
YER039C,YLR435W,0,-0.51687574,0.13320577144622803,0.8996024131774902,0.5892535448074341
YJR107W,YNL194C,0,-0.5169406,0.13318616151809692,0.8996024131774902,0.589353621006012
YGL047W,YGL002W,0,-0.51712346,0.13316656649112701,0.8996024131774902,0.5894536972045898
YBR228W,YIL153W,0,-0.5172368,0.1331469714641571,0.8996024131774902,0.589553713798523
YMR275C,YNL041C,0,-0.51775867,0.1331273913383484,0.8996024131774902,0.5896537899971008
YML133C,YNL264C,0,-0.51834196,0.13310781121253967,0.8996024131774902,0.5897538661956787
YJR133W,YOR018W,0,-0.5183879,0.13308823108673096,0.8996024131774902,0.5898538827896118
YOR140W,YNR060W,0,-0.51844746,0.13306866586208344,0.8996024131774902,0.5899539589881897
YPL075W,YGR038W,0,-0.5188817,0.1330491006374359,0.8996024131774902,0.5900540351867676
YDR216W,YOR377W,0,-0.5188969,0.13302955031394958,0.8996024131774902,0.5901541113853455
YPL057C,YCL018W,0,-0.51905,0.13300999999046326,0.8996024131774902,0.5902541279792786
YNR069C,YFL021W,0,-0.5192788,0.13299044966697693,0.8996024131774902,0.5903542041778564
YOR020C,YDR337W,0,-0.519328,0.1329709142446518,0.8996024131774902,0.5904542803764343
YNL256W,YDR016C,0,-0.5194047,0.13295137882232666,0.8996024131774902,0.5905543565750122
YKL189W,YGR216C,0,-0.5195455,0.13293184340000153,0.8996024131774902,0.5906543731689453
YIL099W,YPL129W,0,-0.51958585,0.13291232287883759,0.8996024131774902,0.5907544493675232
YBR146W,YMR263W,0,-0.5196677,0.13289280235767365,0.8996024131774902,0.5908545255661011
YDR492W,YKL090W,0,-0.52018726,0.1328732967376709,0.8996024131774902,0.590954601764679
YLR315W,YLR264W,0,-0.52036285,0.13285379111766815,0.8996024131774902,0.5910546183586121
YMR025W,YGL038C,0,-0.52063286,0.1328342854976654,0.8996024131774902,0.5911546945571899
YMR216C,YAR009C,0,-0.5209295,0.13281479477882385,0.8996024131774902,0.5912547707557678
YOL066C,YGR287C,0,-0.5210605,0.1327953040599823,0.8996024131774902,0.5913547873497009
YDR361C,YGR203W,0,-0.5211126,0.13277582824230194,0.8996024131774902,0.5914548635482788
YPL235W,YNL024C,0,-0.52121115,0.1327563375234604,0.8996024131774902,0.5915549397468567
YNL190W,YER157W,0,-0.52169055,0.13273687660694122,0.8996024131774902,0.5916550159454346
YPL118W,YOR250C,0,-0.52191347,0.13271740078926086,0.8996024131774902,0.5917550325393677
YKR035W-A,YDL134C,0,-0.521963,0.1326979398727417,0.8996024131774902,0.5918551087379456
YER041W,YMR263W,0,-0.52206093,0.13267849385738373,0.8996024131774902,0.5919551849365234
YOR267C,YDR067C,0,-0.52241486,0.13265904784202576,0.8996024131774902,0.5920552611351013
YPL246C,YPR094W,0,-0.5226484,0.13263960182666779,0.8996024131774902,0.5921552777290344
YDR522C,YBR243C,0,-0.52269465,0.132620170712471,0.8996024131774902,0.5922553539276123
YOR032C,YGL020C,0,-0.52282554,0.13260073959827423,0.8996024131774902,0.5923554301261902
YKL067W,YGR169C,0,-0.52295476,0.13258130848407745,0.8996024131774902,0.5924554467201233
YGR268C,YBR239C,0,-0.5230357,0.13256189227104187,0.8996024131774902,0.5925555229187012
YNL003C,YMR059W,0,-0.5232918,0.1325424760580063,0.8996024131774902,0.592655599117279
YMR097C,YGL237C,0,-0.52329415,0.1325230598449707,0.8996024131774902,0.5927556753158569
YER138C,YLR189C,0,-0.5237824,0.1325036585330963,0.8996024131774902,0.59285569190979
YPL253C,YER119C,0,-0.52384055,0.13248425722122192,0.8996024131774902,0.5929557681083679
YHR006W,YMR137C,0,-0.5240028,0.13246487081050873,0.8996024131774902,0.5930558443069458
YML023C,YOR388C,0,-0.52403057,0.13244548439979553,0.8996024131774902,0.5931559205055237
YLL017W,YKL148C,0,-0.5241031,0.13242609798908234,0.8996024131774902,0.5932559370994568
YPL087W,YLL019C,0,-0.5242219,0.13240672647953033,0.8996024131774902,0.5933560132980347
YAL039C,YOR378W,0,-0.5242384,0.13238735496997833,0.8996024131774902,0.5934560894966125
YLR220W,YOL141W,0,-0.52428526,0.13236799836158752,0.8996024131774902,0.5935561060905457
YNL063W,YKL188C,0,-0.5245917,0.13234864175319672,0.8996024131774902,0.5936561822891235
YJR021C,YOR001W,0,-0.524671,0.1323292851448059,0.8996024131774902,0.5937562584877014
YPL254W,YCR018C,0,-0.52474964,0.1323099434375763,0.8996024131774902,0.5938563346862793
YCL068C,YDR267C,0,-0.52476376,0.13229060173034668,0.8996024131774902,0.5939563512802124
YPL176C,YOR016C,0,-0.52496815,0.13227126002311707,0.8996024131774902,0.5940564274787903
YMR047C,YIR034C,0,-0.5256482,0.13225193321704865,0.8996024131774902,0.5941565036773682
YIL023C,YPL045W,0,-0.52566826,0.13223260641098022,0.8996024131774902,0.594256579875946
YNL326C,YDR218C,0,-0.5259994,0.132213294506073,0.8996024131774902,0.5943565964698792
YEL024W,YER019C-A,0,-0.5270081,0.13219398260116577,0.8996024131774902,0.594456672668457
YCL018W,YMR125W,0,-0.5272129,0.13217467069625854,0.8996024131774902,0.5945567488670349
YIL114C,YGR040W,0,-0.52733195,0.1321553736925125,0.8996024131774902,0.594656765460968
YIL008W,YGR178C,0,-0.52759796,0.13213607668876648,0.8996024131774902,0.5947568416595459
YKL080W,YER019W,0,-0.5279565,0.13211679458618164,0.8996024131774902,0.5948569178581238
YGL047W,YLR298C,0,-0.52801955,0.1320974975824356,0.8996024131774902,0.5949569940567017
YGL028C,YMR099C,0,-0.52804613,0.13207823038101196,0.8996024131774902,0.5950570106506348
YAL014C,YCL035C,0,-0.52807134,0.13205894827842712,0.8996024131774902,0.5951570868492126
YNL037C,YDR040C,0,-0.5281299,0.13203968107700348,0.8996024131774902,0.5952571630477905
YMR034C,YPL057C,0,-0.5282831,0.13202042877674103,0.8996024131774902,0.5953572392463684
YNL154C,YNL059C,0,-0.52854306,0.13200116157531738,0.8996024131774902,0.5954572558403015
YGL116W,YFR042W,0,-0.5285437,0.13198190927505493,0.8996024131774902,0.5955573320388794
YNL009W,YKR001C,0,-0.52867573,0.13196267187595367,0.8996024131774902,0.5956574082374573
YOR035C,YNL076W,0,-0.52869904,0.13194343447685242,0.8996024131774902,0.5957574248313904
YGR277C,YLR080W,0,-0.5287947,0.13192419707775116,0.8996024131774902,0.5958575010299683
YJR113C,YER172C,0,-0.5288557,0.1319049745798111,0.8996024131774902,0.5959575772285461
YKL163W,YDR040C,0,-0.52897185,0.13188575208187103,0.8996024131774902,0.596057653427124
YDR017C,YIL075C,0,-0.5300641,0.13186652958393097,0.8996024131774902,0.5961576700210571
YHR026W,YGL064C,0,-0.5301043,0.1318473219871521,0.8996024131774902,0.596257746219635
YLR216C,YJL159W,0,-0.5301222,0.13182811439037323,0.8996024131774902,0.5963578224182129
YPL235W,YMR072W,0,-0.530257,0.13180890679359436,0.8996024131774902,0.5964578986167908
YJL140W,YDR423C,0,-0.5305536,0.13178971409797668,0.8996024131774902,0.5965579152107239
YDL033C,YER112W,1,-0.5306314,0.1319161355495453,0.9005964398384094,0.5965579152107239
YBL113C,YDL214C,0,-0.5311172,0.13189692795276642,0.9005964398384094,0.5966579914093018
YOR136W,YDR131C,0,-0.53129536,0.13187773525714874,0.9005964398384094,0.5967580676078796
YDR287W,YOR283W,0,-0.53142303,0.13185854256153107,0.9005964398384094,0.5968581438064575
YKL138C,YDR127W,0,-0.5316572,0.1318393498659134,0.9005964398384094,0.5969581604003906
YNL202W,YHR005C,0,-0.53181785,0.1318201720714569,0.9005964398384094,0.5970582365989685
YEL062W,YBL045C,0,-0.531934,0.13180099427700043,0.9005964398384094,0.5971583127975464
YOL033W,YBR196C,0,-0.53200793,0.13178181648254395,0.9005964398384094,0.5972583293914795
YEL069C,YLR037C,0,-0.5322311,0.13176265358924866,0.9005964398384094,0.5973584055900574
YDR213W,YLR203C,0,-0.53241444,0.13174349069595337,0.9005964398384094,0.5974584817886353
YMR176W,YJL160C,0,-0.5325767,0.13172434270381927,0.9005964398384094,0.5975585579872131
YGL115W,YGL209W,0,-0.5326183,0.13170519471168518,0.9005964398384094,0.5976585745811462
YKL013C,YKR064W,0,-0.532893,0.1316860467195511,0.9005964398384094,0.5977586507797241
YDR109C,YEL001C,0,-0.5329343,0.13166691362857819,0.9005964398384094,0.597858726978302
YOR231W,YPR106W,0,-0.5329375,0.13164778053760529,0.9005964398384094,0.5979588031768799
YMR172W,YHR039C,0,-0.53298354,0.13162864744663239,0.9005964398384094,0.598058819770813
YPL119C,YMR300C,0,-0.5329963,0.13160952925682068,0.9005964398384094,0.5981588959693909
YLR353W,YDR363W,0,-0.53301597,0.13159041106700897,0.9005964398384094,0.5982589721679688
YEL006W,YPR066W,0,-0.5330745,0.13157130777835846,0.9005964398384094,0.5983589887619019
YJR077C,YGL246C,0,-0.5333465,0.13155220448970795,0.9005964398384094,0.5984590649604797
YBL058W,YOR283W,0,-0.5334152,0.13153310120105743,0.9005964398384094,0.5985591411590576
YLR329W,YJL194W,0,-0.53350186,0.13151401281356812,0.9005964398384094,0.5986592173576355
YOR149C,YER074W,0,-0.53357154,0.1314949244260788,0.9005964398384094,0.5987592339515686
YDL240W,YMR238W,0,-0.53380597,0.13147583603858948,0.9005964398384094,0.5988593101501465
YBR150C,YAL030W,0,-0.5340114,0.13145676255226135,0.9005964398384094,0.5989593863487244
YHL012W,YML069W,0,-0.5342337,0.13143768906593323,0.9005964398384094,0.5990594625473022
YGL062W,YLR363C,0,-0.53430444,0.1314186304807663,0.9005964398384094,0.5991594791412354
YGR261C,YDR294C,0,-0.5343054,0.13139957189559937,0.9005964398384094,0.5992595553398132
YBR182C,YIL053W,0,-0.5343196,0.13138051331043243,0.9005964398384094,0.5993596315383911
YGR125W,YKR077W,0,-0.5344122,0.1313614547252655,0.9005964398384094,0.5994596481323242
YEL046C,YDR515W,0,-0.53486043,0.13134241104125977,0.9005964398384094,0.5995597243309021
YDR108W,YPL218W,0,-0.535099,0.13132338225841522,0.9005964398384094,0.59965980052948
YDR407C,YNL224C,0,-0.53523934,0.13130435347557068,0.9005964398384094,0.5997598767280579
YDL045W-A,YBR059C,0,-0.53555804,0.13128532469272614,0.9005964398384094,0.599859893321991
YOR032C,YDR300C,0,-0.5357132,0.1312662959098816,0.9005964398384094,0.5999599695205688
YLR069C,YMR296C,0,-0.53591794,0.13124728202819824,0.9005964398384094,0.6000600457191467
YGL163C,YDL208W,0,-0.5360655,0.1312282681465149,0.9005964398384094,0.6001601219177246
YBR070C,YLR341W,0,-0.53626233,0.13120926916599274,0.9005964398384094,0.6002601385116577
YPL064C,YKL038W,0,-0.5363416,0.13119027018547058,0.9005964398384094,0.6003602147102356
YGL145W,YBL027W,0,-0.5364418,0.13117127120494843,0.9005964398384094,0.6004602909088135
YOL165C,YHR007C,0,-0.5366297,0.13115228712558746,0.9005964398384094,0.6005603075027466
YGL241W,YOR018W,0,-0.5368002,0.1311333030462265,0.9005964398384094,0.6006603837013245
YKR080W,YMR156C,0,-0.53689575,0.13111433386802673,0.9005964398384094,0.6007604598999023
YHR110W,YML130C,0,-0.5370686,0.13109534978866577,0.9005964398384094,0.6008605360984802
YPL173W,YFR021W,0,-0.5371869,0.1310763955116272,0.9005964398384094,0.6009605526924133
YOR208W,YML112W,0,-0.53735334,0.13105742633342743,0.9005964398384094,0.6010606288909912
YLR194C,YBL046W,0,-0.5376084,0.13103847205638885,0.9005964398384094,0.6011607050895691
YPL208W,YDR369C,0,-0.53778744,0.13101951777935028,0.9005964398384094,0.601260781288147
YML039W,YHR091C,0,-0.5379859,0.1310005784034729,0.9005964398384094,0.6013607978820801
YPL262W,YHR204W,0,-0.53814214,0.13098163902759552,0.9005964398384094,0.601460874080658
YMR160W,YNL047C,0,-0.5381765,0.13096269965171814,0.9005964398384094,0.6015609502792358
YGR249W,YGL060W,0,-0.5383176,0.13094377517700195,0.9005964398384094,0.601660966873169
YNL070W,YLL005C,0,-0.5384832,0.13092485070228577,0.9005964398384094,0.6017610430717468
YJR123W,YKL062W,0,-0.5384836,0.13090594112873077,0.9005964398384094,0.6018611192703247
YKR034W,YBR282W,0,-0.5389734,0.13088703155517578,0.9005964398384094,0.6019611954689026
YHL034C,YGL200C,0,-0.53927875,0.1308681219816208,0.9005964398384094,0.6020612120628357
YDR244W,YGL078C,0,-0.53942823,0.130849227309227,0.9005964398384094,0.6021612882614136
YKL129C,YDR006C,0,-0.53971887,0.130830317735672,0.9005964398384094,0.6022613644599915
YOL075C,YBR258C,0,-0.5401229,0.1308114379644394,0.9005964398384094,0.6023614406585693
YJR078W,YOR136W,0,-0.540143,0.1307925581932068,0.9005964398384094,0.6024614572525024
YPL078C,YBL006C,0,-0.54040647,0.13077367842197418,0.9005964398384094,0.6025615334510803
YIL119C,YMR300C,0,-0.5404734,0.13075479865074158,0.9005964398384094,0.6026616096496582
YOR016C,YPL116W,0,-0.54070216,0.13073593378067017,0.9005964398384094,0.6027616858482361
YKR103W,YIL143C,0,-0.5407586,0.13071706891059875,0.9005964398384094,0.6028617024421692
YPL037C,YNL172W,0,-0.5411618,0.13069820404052734,0.9005964398384094,0.6029617786407471
YML107C,YNR037C,0,-0.5412113,0.13067935407161713,0.9005964398384094,0.603061854839325
YNL093W,YOL068C,0,-0.54137313,0.1306605190038681,0.9005964398384094,0.6031618714332581
YLR332W,YEL001C,0,-0.54146636,0.13064166903495789,0.9005964398384094,0.6032619476318359
YKR034W,YPL236C,0,-0.541646,0.13062283396720886,0.9005964398384094,0.6033620238304138
YLL027W,YKL006C-A,0,-0.5417007,0.13060401380062103,0.9005964398384094,0.6034621000289917
YPL241C,YER087C-B,0,-0.54186124,0.130585178732872,0.9005964398384094,0.6035621166229248
YGR094W,YBL003C,0,-0.5419738,0.13056635856628418,0.9005964398384094,0.6036621928215027
YOR317W,YDR348C,0,-0.5421608,0.13054755330085754,0.9005964398384094,0.6037622690200806
YOR241W,YMR101C,0,-0.5424758,0.1305287480354309,0.9005964398384094,0.6038623452186584
YJL216C,YMR304W,0,-0.54260236,0.13050994277000427,0.9005964398384094,0.6039623618125916
YGL145W,YGR163W,0,-0.54287744,0.13049113750457764,0.9005964398384094,0.6040624380111694
YMR087W,YDR378C,1,-0.54289204,0.13061636686325073,0.9015904664993286,0.6040624380111694
YIL088C,YEL003W,0,-0.54294294,0.1305975466966629,0.9015904664993286,0.6041625142097473
YHR104W,YIL002C,0,-0.5431091,0.13057875633239746,0.9015904664993286,0.6042625308036804
YHL022C,YBR135W,0,-0.5431782,0.13055995106697083,0.9015904664993286,0.6043626070022583
YMR318C,YGL255W,0,-0.5432281,0.13054116070270538,0.9015904664993286,0.6044626832008362
YGL220W,YNR074C,0,-0.5433244,0.13052237033843994,0.9015904664993286,0.6045627593994141
YPL118W,YER166W,0,-0.543397,0.1305035948753357,0.9015904664993286,0.6046627759933472
YLR341W,YBR223C,0,-0.54351,0.13048481941223145,0.9015904664993286,0.604762852191925
YMR074C,YNL264C,0,-0.54374874,0.1304660588502884,0.9015904664993286,0.6048629283905029
YJL053W,YBR059C,0,-0.5438435,0.13044728338718414,0.9015904664993286,0.6049630045890808
YOR085W,YIR032C,0,-0.5438996,0.13042853772640228,0.9015904664993286,0.6050630211830139
YNR059W,YGR078C,0,-0.5439281,0.13040977716445923,0.9015904664993286,0.6051630973815918
YCL010C,YLR143W,0,-0.5445155,0.13039103150367737,0.9015904664993286,0.6052631735801697
YNL258C,YNL312W,0,-0.5445715,0.1303722858428955,0.9015904664993286,0.6053631901741028
YAR009C,YNL138W,0,-0.5446101,0.13035355508327484,0.9015904664993286,0.6054632663726807
YLR166C,YER109C,0,-0.54463214,0.13033482432365417,0.9015904664993286,0.6055633425712585
YDR519W,YOL070C,0,-0.54473853,0.1303160935640335,0.9015904664993286,0.6056634187698364
YHR118C,YJR086W,0,-0.54491836,0.13029737770557404,0.9015904664993286,0.6057634353637695
YCL020W,YHR194W,0,-0.5450083,0.13027866184711456,0.9015904664993286,0.6058635115623474
YDL081C,YFR009W,0,-0.5450481,0.1302599459886551,0.9015904664993286,0.6059635877609253
YCR002C,YLR309C,0,-0.5452673,0.1302412450313568,0.9015904664993286,0.6060636639595032
YBR167C,YAL020C,1,-0.5452767,0.13036611676216125,0.9025844931602478,0.6060636639595032
YGR065C,YHR111W,0,-0.54533255,0.13034740090370178,0.9025844931602478,0.6061636805534363
YML097C,YBR066C,0,-0.54539466,0.1303286850452423,0.9025844931602478,0.6062637567520142
YKL025C,YFR014C,0,-0.5454605,0.13030998408794403,0.9025844931602478,0.606363832950592
YGR258C,YDR367W,0,-0.54576796,0.13029128313064575,0.9025844931602478,0.6064638495445251
YFL038C,YMR035W,0,-0.54582596,0.13027259707450867,0.9025844931602478,0.606563925743103
YDR429C,YPL150W,0,-0.5458927,0.13025391101837158,0.9025844931602478,0.6066640019416809
YOR239W,YPL132W,0,-0.5461677,0.1302352249622345,0.9025844931602478,0.6067640781402588
YHR039C-A,YPL147W,0,-0.54634905,0.1302165538072586,0.9025844931602478,0.6068640947341919
YPR047W,YGR200C,1,-0.54663026,0.13034126162528992,0.903578519821167,0.6068640947341919
YER138C,YGL131C,0,-0.546832,0.13032257556915283,0.903578519821167,0.6069641709327698
YGR172C,YLL018C,0,-0.547179,0.13030390441417694,0.903578519821167,0.6070642471313477
YGR133W,YDR214W,0,-0.54757446,0.13028521835803986,0.903578519821167,0.6071643233299255
YKL063C,YJL002C,0,-0.5478062,0.13026654720306396,0.903578519821167,0.6072643399238586
YLR133W,YDR325W,0,-0.5478372,0.13024789094924927,0.903578519821167,0.6073644161224365
YPL211W,YOR316C,0,-0.5478793,0.13022921979427338,0.903578519821167,0.6074644923210144
YKR098C,YDL232W,0,-0.5479108,0.13021057844161987,0.903578519821167,0.6075645685195923
YOR382W,YBR171W,0,-0.54810846,0.13019192218780518,0.903578519821167,0.6076645851135254
YPR029C,YIL036W,0,-0.5481248,0.13017328083515167,0.903578519821167,0.6077646613121033
YDR450W,YGR049W,0,-0.5482601,0.13015463948249817,0.903578519821167,0.6078647375106812
YNL047C,YDL113C,0,-0.54833996,0.13013601303100586,0.903578519821167,0.6079647541046143
YKL192C,YPL055C,0,-0.5484229,0.13011737167835236,0.903578519821167,0.6080648303031921
YCR002C,YDL132W,0,-0.5484891,0.13009876012802124,0.903578519821167,0.60816490650177
YOR032C,YML098W,0,-0.5485082,0.13008013367652893,0.903578519821167,0.6082649827003479
YIL087C,YDR369C,0,-0.5487326,0.13006152212619781,0.903578519821167,0.608364999294281
YPL005W,YML030W,0,-0.5489221,0.1300429254770279,0.903578519821167,0.6084650754928589
YJL225C,YGL032C,0,-0.54913557,0.13002431392669678,0.903578519821167,0.6085651516914368
YMR268C,YLR308W,0,-0.54914325,0.13000571727752686,0.903578519821167,0.6086652278900146
YDR098C,YLL054C,0,-0.5491656,0.12998713552951813,0.903578519821167,0.6087652444839478
YLR077W,YDR276C,0,-0.5492617,0.1299685388803482,0.903578519821167,0.6088653206825256
YLR324W,YKL086W,0,-0.54927623,0.12994995713233948,0.903578519821167,0.6089653968811035
YDR040C,YPL047W,0,-0.54928017,0.12993139028549194,0.903578519821167,0.6090654134750366
YDR098C,YER166W,0,-0.549492,0.1299128234386444,0.903578519821167,0.6091654896736145
YLR118C,YLR319C,0,-0.549859,0.12989425659179688,0.903578519821167,0.6092655658721924
YGR155W,YOR126C,0,-0.549889,0.12987568974494934,0.903578519821167,0.6093656420707703
YMR162C,YOL096C,0,-0.549946,0.129857137799263,0.903578519821167,0.6094656586647034
YPR167C,YFR021W,0,-0.54998904,0.12983860075473785,0.903578519821167,0.6095657348632812
YML064C,YBR049C,0,-0.5500368,0.1298200488090515,0.903578519821167,0.6096658110618591
YPL249C-A,YNL326C,0,-0.55004054,0.12980151176452637,0.903578519821167,0.609765887260437
YPL093W,YFL031W,0,-0.5503228,0.12978297472000122,0.903578519821167,0.6098659038543701
YOL052C,YJL167W,0,-0.5503702,0.12976445257663727,0.903578519821167,0.609965980052948
YJR112W,YPL134C,0,-0.5505742,0.12974593043327332,0.903578519821167,0.6100660562515259
YOL011W,YJL078C,0,-0.55066997,0.12972740828990936,0.903578519821167,0.610166072845459
YHR024C,YDR129C,0,-0.5508741,0.1297089010477066,0.903578519821167,0.6102661490440369
YGL107C,YJL114W,0,-0.550895,0.12969039380550385,0.903578519821167,0.6103662252426147
YDR363W,YMR024W,0,-0.55090284,0.12967190146446228,0.903578519821167,0.6104663014411926
YPL170W,YAL001C,0,-0.55092466,0.12965340912342072,0.903578519821167,0.6105663180351257
YDR009W,YPR125W,0,-0.55110216,0.12963491678237915,0.903578519821167,0.6106663942337036
YJL137C,YNL088W,0,-0.5511522,0.12961642444133759,0.903578519821167,0.6107664704322815
YHR090C,YLR213C,0,-0.5511684,0.12959794700145721,0.903578519821167,0.6108665466308594
YEL071W,YNL243W,0,-0.55122393,0.12957946956157684,0.903578519821167,0.6109665632247925
YLL026W,YGR040W,0,-0.55124724,0.12956100702285767,0.903578519821167,0.6110666394233704
YPL049C,YDR097C,0,-0.55126894,0.1295425444841385,0.903578519821167,0.6111667156219482
YKR069W,YKL094W,0,-0.55128866,0.1295240819454193,0.903578519821167,0.6112667322158813
YHL015W,YER109C,0,-0.5514668,0.12950563430786133,0.903578519821167,0.6113668084144592
YBR227C,YPR185W,0,-0.55188745,0.12948718667030334,0.903578519821167,0.6114668846130371
YHR014W,YLR299W,0,-0.5519703,0.12946873903274536,0.903578519821167,0.611566960811615
YPL145C,YPR007C,0,-0.5520118,0.12945030629634857,0.903578519821167,0.6116669774055481
YPR180W,YGL097W,0,-0.5520827,0.12943187355995178,0.903578519821167,0.611767053604126
YGR285C,YPL096W,0,-0.5521519,0.129413440823555,0.903578519821167,0.6118671298027039
YLL053C,YDL047W,0,-0.55251294,0.1293950229883194,0.903578519821167,0.6119672060012817
YML004C,YFL056C,0,-0.55288917,0.1293766051530838,0.903578519821167,0.6120672225952148
YPL078C,YOR330C,0,-0.55308664,0.1293581873178482,0.903578519821167,0.6121672987937927
YGL220W,YBR282W,0,-0.553281,0.1293397843837738,0.903578519821167,0.6122673749923706
YJR140C,YMR197C,0,-0.5533895,0.1293213814496994,0.903578519821167,0.6123673915863037
YDR437W,YMR101C,0,-0.5535825,0.1293029934167862,0.903578519821167,0.6124674677848816
YMR078C,YMR238W,0,-0.55359405,0.1292845904827118,0.903578519821167,0.6125675439834595
YBR102C,YNL036W,0,-0.55367464,0.12926621735095978,0.903578519821167,0.6126676201820374
YER138C,YGR175C,0,-0.553777,0.12924782931804657,0.903578519821167,0.6127676367759705
YOR019W,YCL024W,0,-0.5538217,0.12922945618629456,0.903578519821167,0.6128677129745483
YER138C,YPR046W,0,-0.5538703,0.12921108305454254,0.903578519821167,0.6129677891731262
YDR437W,YPR143W,0,-0.553943,0.12919272482395172,0.903578519821167,0.6130678653717041
YGL093W,YLR027C,0,-0.5540114,0.1291743665933609,0.903578519821167,0.6131678819656372
YHR001W-A,YLR210W,0,-0.55426043,0.12915600836277008,0.903578519821167,0.6132679581642151
YOR205C,YLR206W,0,-0.5543491,0.12913766503334045,0.903578519821167,0.613368034362793
YIL118W,YGR282C,0,-0.5544848,0.12911932170391083,0.903578519821167,0.6134681105613708
YBR096W,YAR009C,0,-0.5545363,0.1291009783744812,0.903578519821167,0.613568127155304
YMR284W,YNL312W,0,-0.55478776,0.12908264994621277,0.903578519821167,0.6136682033538818
YLR341W,YMR229C,0,-0.5548654,0.12906432151794434,0.903578519821167,0.6137682795524597
YHR183W,YGR113W,0,-0.5550806,0.1290459930896759,0.903578519821167,0.6138682961463928
YDR004W,YMR167W,0,-0.55539554,0.12902767956256866,0.903578519821167,0.6139683723449707
YOR353C,YPR080W,0,-0.5554039,0.12900936603546143,0.903578519821167,0.6140684485435486
YPL018W,YBR034C,0,-0.5556862,0.12899106740951538,0.903578519821167,0.6141685247421265
YIL020C,YML047C,0,-0.5557174,0.12897275388240814,0.903578519821167,0.6142685413360596
YNL124W,YLR247C,0,-0.5557873,0.1289544552564621,0.903578519821167,0.6143686175346375
YDL035C,YOR358W,0,-0.5560406,0.12893617153167725,0.903578519821167,0.6144686937332153
YAR066W,YBR193C,0,-0.55616224,0.1289178878068924,0.903578519821167,0.6145687699317932
YPR034W,YCL033C,0,-0.5562603,0.12889960408210754,0.903578519821167,0.6146687865257263
YER171W,YPL236C,0,-0.5562664,0.1288813203573227,0.903578519821167,0.6147688627243042
YCR087C-A,YNL031C,0,-0.5563365,0.12886305153369904,0.903578519821167,0.6148689389228821
YJR027W,YNL274C,0,-0.55636823,0.12884479761123657,0.903578519821167,0.6149689555168152
YKL006W,YJR093C,0,-0.5566773,0.12882652878761292,0.903578519821167,0.6150690317153931
YIL047C,YJR099W,0,-0.5566799,0.12880827486515045,0.903578519821167,0.615169107913971
YOL060C,YGL127C,0,-0.557097,0.128790020942688,0.903578519821167,0.6152691841125488
YFL056C,YJR014W,0,-0.5572935,0.12877178192138672,0.903578519821167,0.6153692007064819
YMR068W,YIL120W,0,-0.5578182,0.12875354290008545,0.903578519821167,0.6154692769050598
YCR069W,YOR098C,0,-0.5579551,0.12873530387878418,0.903578519821167,0.6155693531036377
YDR240C,YGL158W,0,-0.55803126,0.1287170797586441,0.903578519821167,0.6156694293022156
YCR071C,YER055C,0,-0.5582906,0.12869885563850403,0.903578519821167,0.6157694458961487
YKR044W,YDR476C,0,-0.5583316,0.12868063151836395,0.903578519821167,0.6158695220947266
YGL030W,YOR316C,0,-0.55867827,0.12866242229938507,0.903578519821167,0.6159695982933044
YFL002C,YGL045W,0,-0.55895317,0.1286442130804062,0.903578519821167,0.6160696148872375
YLR380W,YBL013W,0,-0.55902725,0.1286260038614273,0.903578519821167,0.6161696910858154
YDR292C,YPR134W,0,-0.5592167,0.12860780954360962,0.903578519821167,0.6162697672843933
YCR005C,YLR092W,0,-0.55940235,0.12858961522579193,0.903578519821167,0.6163698434829712
YPR183W,YBR016W,0,-0.5594411,0.12857143580913544,0.903578519821167,0.6164698600769043
YDR210W,YOR128C,0,-0.55950135,0.12855324149131775,0.903578519821167,0.6165699362754822
YEL047C,YDL216C,0,-0.5595463,0.12853506207466125,0.903578519821167,0.6166700124740601
YNL038W,YLR203C,0,-0.5596493,0.12851689755916595,0.903578519821167,0.6167700886726379
YPR152C,YBL087C,0,-0.5596652,0.12849873304367065,0.903578519821167,0.616870105266571
YDL112W,YER125W,1,-0.5600701,0.128621906042099,0.9045725464820862,0.616870105266571
YMR295C,YLR033W,0,-0.5602964,0.1286037266254425,0.9045725464820862,0.6169701814651489
YDL035C,YJL082W,0,-0.56039554,0.1285855621099472,0.9045725464820862,0.6170702576637268
YHR005C-A,YGR202C,0,-0.5605998,0.1285673975944519,0.9045725464820862,0.6171702742576599
YPL224C,YOR393W,0,-0.56064266,0.1285492330789566,0.9045725464820862,0.6172703504562378
YFL034C-B,YKL193C,0,-0.56066304,0.1285310685634613,0.9045725464820862,0.6173704266548157
YIR031C,YDL028C,0,-0.5606877,0.1285129189491272,0.9045725464820862,0.6174705028533936
YGL234W,YGL145W,0,-0.5609036,0.1284947693347931,0.9045725464820862,0.6175705194473267
YJR113C,YLR135W,0,-0.5609352,0.12847663462162018,0.9045725464820862,0.6176705956459045
YLR055C,YGL219C,0,-0.5609554,0.12845849990844727,0.9045725464820862,0.6177706718444824
YOR336W,YLL039C,0,-0.561257,0.12844036519527435,0.9045725464820862,0.6178707480430603
YDL079C,YNL317W,0,-0.56128687,0.12842224538326263,0.9045725464820862,0.6179707646369934
YGR080W,YNL272C,0,-0.5612907,0.12840412557125092,0.9045725464820862,0.6180708408355713
YHR062C,YMR087W,1,-0.5613242,0.12852708995342255,0.9055665731430054,0.6180708408355713
YJR117W,YPL183W-A,0,-0.56133425,0.12850895524024963,0.9055665731430054,0.6181709170341492
YKR020W,YMR280C,0,-0.5614895,0.12849083542823792,0.9055665731430054,0.6182709336280823
YPR037C,YCR030C,0,-0.5615569,0.1284727156162262,0.9055665731430054,0.6183710098266602
YAL016W,YKL165C,0,-0.5616962,0.12845459580421448,0.9055665731430054,0.618471086025238
YFR036W,YMR200W,0,-0.56180733,0.12843649089336395,0.9055665731430054,0.6185711622238159
YDR057W,YPL164C,0,-0.5618328,0.12841838598251343,0.9055665731430054,0.618671178817749
YBR130C,YER190W,0,-0.56193614,0.1284002810716629,0.9055665731430054,0.6187712550163269
YER100W,YHR041C,0,-0.56193936,0.12838219106197357,0.9055665731430054,0.6188713312149048
YOL121C,YML031W,0,-0.56206745,0.12836410105228424,0.9055665731430054,0.6189714074134827
YIR015W,YGL172W,1,-0.56214,0.12848690152168274,0.9065606594085693,0.6189714074134827
YJL138C,YKR019C,0,-0.56214964,0.12846879661083221,0.9065606594085693,0.6190714240074158
YOL075C,YFL056C,0,-0.5622282,0.12845070660114288,0.9065606594085693,0.6191715002059937
YNL003C,YPL192C,0,-0.562236,0.12843261659145355,0.9065606594085693,0.6192715764045715
YDR476C,YBL042C,0,-0.5623125,0.12841452658176422,0.9065606594085693,0.6193716526031494
YER138C,YNL078W,0,-0.5623257,0.12839645147323608,0.9065606594085693,0.6194716691970825
YHR050W,YBR236C,0,-0.5624971,0.12837837636470795,0.9065606594085693,0.6195717453956604
YBR022W,YCL017C,1,-0.5627372,0.1285010576248169,0.9075546860694885,0.6195717453956604
YKL192C,YHR132C,0,-0.5628632,0.12848296761512756,0.9075546860694885,0.6196718215942383
YJL144W,YDR406W,0,-0.56305325,0.12846489250659943,0.9075546860694885,0.6197718381881714
YJR127C,YNL156C,0,-0.56317526,0.1284468173980713,0.9075546860694885,0.6198719143867493
YDR490C,YPR017C,0,-0.5632817,0.12842875719070435,0.9075546860694885,0.6199719905853271
YBR026C,YGL166W,0,-0.56335026,0.1284106820821762,0.9075546860694885,0.620072066783905
YDR191W,YGL219C,0,-0.5633875,0.12839263677597046,0.9075546860694885,0.6201720833778381
YIL098C,YLR037C,0,-0.5635097,0.12837457656860352,0.9075546860694885,0.620272159576416
YOR247W,YIL173W,0,-0.5635458,0.12835653126239777,0.9075546860694885,0.6203722357749939
YJL206C,YMR267W,0,-0.563584,0.12833848595619202,0.9075546860694885,0.6204723119735718
YGL038C,YCL067C,0,-0.56389517,0.12832045555114746,0.9075546860694885,0.6205723285675049
YIL076W,YBR018C,0,-0.56396806,0.1283024102449417,0.9075546860694885,0.6206724047660828
YGL049C,YDR365C,0,-0.56397134,0.12828439474105835,0.9075546860694885,0.6207724809646606
YKR072C,YLR102C,0,-0.564791,0.1282663643360138,0.9075546860694885,0.6208724975585938
YJL066C,YER028C,0,-0.5649343,0.12824834883213043,0.9075546860694885,0.6209725737571716
YBR177C,YLR390W-A,0,-0.5649451,0.12823033332824707,0.9075546860694885,0.6210726499557495
YHR002W,YPR018W,0,-0.5649537,0.1282123327255249,0.9075546860694885,0.6211727261543274
YKR078W,YNR060W,0,-0.5650152,0.12819433212280273,0.9075546860694885,0.6212727427482605
YOL032W,YIR034C,0,-0.5651824,0.12817633152008057,0.9075546860694885,0.6213728189468384
YGR048W,YML109W,0,-0.56532526,0.1281583309173584,0.9075546860694885,0.6214728951454163
YJL210W,YMR158W,0,-0.56538796,0.12814034521579742,0.9075546860694885,0.6215729713439941
YPL200W,YOR153W,0,-0.56550086,0.12812237441539764,0.9075546860694885,0.6216729879379272
YKL096W-A,YIL157C,0,-0.56574,0.12810438871383667,0.9075546860694885,0.6217730641365051
YER004W,YDR423C,0,-0.5660179,0.1280864179134369,0.9075546860694885,0.621873140335083
YLR399C,YCR079W,0,-0.5662593,0.1280684471130371,0.9075546860694885,0.6219731569290161
YML120C,YJL114W,0,-0.5663063,0.12805049121379852,0.9075546860694885,0.622073233127594
YLR314C,YOL020W,0,-0.56660837,0.12803253531455994,0.9075546860694885,0.6221733093261719
YER055C,YHR005C,0,-0.5666136,0.12801457941532135,0.9075546860694885,0.6222733855247498
YPR002W,YBR146W,0,-0.56669044,0.12799663841724396,0.9075546860694885,0.6223734021186829
YOR262W,YDL216C,0,-0.5667089,0.12797869741916656,0.9075546860694885,0.6224734783172607
YDR516C,YLR203C,0,-0.5668562,0.12796075642108917,0.9075546860694885,0.6225735545158386
YKR103W,YLR002C,0,-0.56698996,0.12794283032417297,0.9075546860694885,0.6226736307144165
YKL039W,YLR300W,0,-0.5670381,0.12792490422725677,0.9075546860694885,0.6227736473083496
YER015W,YBL050W,0,-0.5670494,0.12790697813034058,0.9075546860694885,0.6228737235069275
YPR017C,YDL216C,0,-0.5671697,0.12788906693458557,0.9075546860694885,0.6229737997055054
YMR309C,YJR130C,0,-0.56729966,0.12787115573883057,0.9075546860694885,0.6230738162994385
YMR087W,YBL018C,1,-0.5673953,0.12799328565597534,0.9085487127304077,0.6230738162994385
YNL328C,YBR183W,0,-0.5677463,0.12797535955905914,0.9085487127304077,0.6231738924980164
YDR159W,YHR209W,0,-0.5678474,0.12795743346214294,0.9085487127304077,0.6232739686965942
YER044C-A,YDL168W,0,-0.5678496,0.12793952226638794,0.9085487127304077,0.6233740448951721
YPL037C,YBR008C,0,-0.5680444,0.12792162597179413,0.9085487127304077,0.6234740614891052
YGR024C,YGL236C,1,-0.5680463,0.12804366648197174,0.9095427393913269,0.6234740614891052
YDR146C,YLL017W,0,-0.5691041,0.12802574038505554,0.9095427393913269,0.6235741376876831
YNL271C,YIL098C,0,-0.56934774,0.12800782918930054,0.9095427393913269,0.623674213886261
YEL020W-A,YBL005W-B,0,-0.5693721,0.12798993289470673,0.9095427393913269,0.6237742900848389
YOR153W,YPL083C,0,-0.5694068,0.12797202169895172,0.9095427393913269,0.623874306678772
YGL125W,YGL184C,0,-0.56942654,0.1279541254043579,0.9095427393913269,0.6239743828773499
YPL064C,YDR508C,0,-0.5697205,0.1279362440109253,0.9095427393913269,0.6240744590759277
YFL034C-A,YJL078C,0,-0.56984407,0.12791836261749268,0.9095427393913269,0.6241744756698608
YPL145C,YJL029C,0,-0.57006824,0.12790048122406006,0.9095427393913269,0.6242745518684387
YLR300W,YOL155C,0,-0.5700879,0.12788259983062744,0.9095427393913269,0.6243746280670166
YKR052C,YLL052C,0,-0.5701041,0.12786473333835602,0.9095427393913269,0.6244747042655945
YCL045C,YBR261C,0,-0.5702552,0.1278468668460846,0.9095427393913269,0.6245747208595276
YAL026C,YGL254W,0,-0.5703319,0.12782900035381317,0.9095427393913269,0.6246747970581055
YPR056W,YOL110W,0,-0.5704896,0.12781114876270294,0.9095427393913269,0.6247748732566833
YMR059W,YER125W,1,-0.5708761,0.12793296575546265,0.9105367660522461,0.6247748732566833
YBR208C,YLR308W,0,-0.5714193,0.12791509926319122,0.9105367660522461,0.6248749494552612
YMR260C,YDL220C,0,-0.57169366,0.1278972327709198,0.9105367660522461,0.6249749660491943
YGL030W,YJL213W,0,-0.5719275,0.12787938117980957,0.9105367660522461,0.6250750422477722
YML081W,YOR083W,0,-0.57237405,0.12786152958869934,0.9105367660522461,0.6251751184463501
YHR174W,YJL029C,0,-0.5726206,0.1278436779975891,0.9105367660522461,0.625275194644928
YMR293C,YLR307W,0,-0.5727326,0.12782584130764008,0.9105367660522461,0.6253752112388611
YBR275C,YML101C,0,-0.5727792,0.12780800461769104,0.9105367660522461,0.625475287437439
YLR315W,YOR261C,0,-0.572921,0.1277901828289032,0.9105367660522461,0.6255753636360168
YPL053C,YLR330W,0,-0.5729359,0.12777234613895416,0.9105367660522461,0.62567538022995
YGR067C,YHR088W,0,-0.5729891,0.12775453925132751,0.9105367660522461,0.6257754564285278
YHR121W,YMR083W,0,-0.573061,0.12773671746253967,0.9105367660522461,0.6258755326271057
YGR034W,YNL127W,0,-0.5731354,0.12771891057491302,0.9105367660522461,0.6259756088256836
YOL055C,YFR018C,0,-0.573153,0.12770110368728638,0.9105367660522461,0.6260756254196167
YOL112W,YML057W,0,-0.57320046,0.12768329679965973,0.9105367660522461,0.6261757016181946
YCL017C,YMR047C,1,-0.5732373,0.12780487537384033,0.9115307927131653,0.6261757016181946
YOR324C,YKL002W,0,-0.57339525,0.12778706848621368,0.9115307927131653,0.6262757778167725
YGL243W,YGR024C,1,-0.5734558,0.1279086023569107,0.9125248789787292,0.6262757778167725
YMR146C,YLR024C,0,-0.5736444,0.12789078056812286,0.9125248789787292,0.6263758540153503
YMR203W,YPR187W,0,-0.5736649,0.12787295877933502,0.9125248789787292,0.6264758706092834
YPR180W,YMR114C,0,-0.57383597,0.12785515189170837,0.9125248789787292,0.6265759468078613
YDR162C,YPR100W,0,-0.5740384,0.12783734500408173,0.9125248789787292,0.6266760230064392
YLR406C,YNL294C,0,-0.57408506,0.12781955301761627,0.9125248789787292,0.6267760396003723
YCL044C,YPL215W,0,-0.57420915,0.12780176103115082,0.9125248789787292,0.6268761157989502
YIR019C,YJL054W,0,-0.57423645,0.12778396904468536,0.9125248789787292,0.6269761919975281
YJL154C,YER065C,0,-0.57446676,0.1277661770582199,0.9125248789787292,0.627076268196106
YDL122W,YGL203C,0,-0.5753114,0.12774839997291565,0.9125248789787292,0.6271762847900391
YPL187W,YBR034C,0,-0.57533216,0.1277306228876114,0.9125248789787292,0.6272763609886169
YGL160W,YNL110C,0,-0.575347,0.12771286070346832,0.9125248789787292,0.6273764371871948
YNR036C,YPR046W,0,-0.5754735,0.12769508361816406,0.9125248789787292,0.6274765133857727
YNL121C,YLR066W,0,-0.57577336,0.1276773363351822,0.9125248789787292,0.6275765299797058
YJR034W,YAR003W,0,-0.57577336,0.12765957415103912,0.9125248789787292,0.6276766061782837
YFL005W,YIL030C,0,-0.5760511,0.12764182686805725,0.9125248789787292,0.6277766823768616
YOL062C,YBR094W,0,-0.576591,0.12762407958507538,0.9125248789787292,0.6278766989707947
YCR088W,YNR026C,0,-0.57673836,0.1276063323020935,0.9125248789787292,0.6279767751693726
YHR079C-A,YIL122W,0,-0.57685137,0.12758859992027283,0.9125248789787292,0.6280768513679504
YJL123C,YDR302W,0,-0.57685626,0.12757086753845215,0.9125248789787292,0.6281769275665283
YBR244W,YOL098C,0,-0.5768743,0.12755315005779266,0.9125248789787292,0.6282769441604614
YBR096W,YMR161W,0,-0.57730013,0.12753543257713318,0.9125248789787292,0.6283770203590393
YBR201W,YPR191W,0,-0.5775163,0.1275177150964737,0.9125248789787292,0.6284770965576172
YBR294W,YOR344C,0,-0.57766527,0.1274999976158142,0.9125248789787292,0.6285771727561951
YCR005C,YLR466W,0,-0.578068,0.12748229503631592,0.9125248789787292,0.6286771893501282
YCR048W,YMR225C,0,-0.57809883,0.12746459245681763,0.9125248789787292,0.628777265548706
YDR062W,YCR079W,0,-0.57825965,0.12744688987731934,0.9125248789787292,0.6288773417472839
YBR046C,YOR109W,0,-0.5783031,0.12742920219898224,0.9125248789787292,0.628977358341217
YAR033W,YPL004C,0,-0.57843137,0.12741151452064514,0.9125248789787292,0.6290774345397949
YCR033W,YPR103W,0,-0.57881856,0.12739384174346924,0.9125248789787292,0.6291775107383728
YOR382W,YER169W,0,-0.5788324,0.12737616896629333,0.9125248789787292,0.6292775869369507
YFL018C,YJL114W,0,-0.57961726,0.12735849618911743,0.9125248789787292,0.6293776035308838
YNR019W,YDR407C,0,-0.5797572,0.12734082341194153,0.9125248789787292,0.6294776797294617
YBR154C,YFL055W,0,-0.58012605,0.12732316553592682,0.9125248789787292,0.6295777559280396
YHR178W,YIL173W,0,-0.58035636,0.1273055076599121,0.9125248789787292,0.6296778321266174
YKL138C,YCL019W,0,-0.5804921,0.1272878497838974,0.9125248789787292,0.6297778487205505
YDR468C,YEL042W,0,-0.580626,0.12727020680904388,0.9125248789787292,0.6298779249191284
YAL048C,YOR298W,0,-0.5810193,0.12725256383419037,0.9125248789787292,0.6299780011177063
YFL053W,YOR156C,0,-0.58127177,0.12723492085933685,0.9125248789787292,0.6300780177116394
YHR002W,YER019W,0,-0.58144915,0.12721729278564453,0.9125248789787292,0.6301780939102173
YCL048W,YBR065C,0,-0.5814856,0.1271996647119522,0.9125248789787292,0.6302781701087952
YDR460W,YGR055W,0,-0.58152235,0.12718205153942108,0.9125248789787292,0.630378246307373
YGL212W,YIL031W,0,-0.5818265,0.12716442346572876,0.9125248789787292,0.6304782629013062
YGR144W,YLR105C,0,-0.58190453,0.12714681029319763,0.9125248789787292,0.630578339099884
YHR042W,YMR189W,0,-0.58190703,0.1271292120218277,0.9125248789787292,0.6306784152984619
YER042W,YJL029C,0,-0.58197725,0.12711159884929657,0.9125248789787292,0.6307784914970398
YHR141C,YPR011C,0,-0.58210516,0.12709400057792664,0.9125248789787292,0.6308785080909729
YOR191W,YMR278W,0,-0.58242,0.1270764172077179,0.9125248789787292,0.6309785842895508
YGR235C,YGL131C,0,-0.58245933,0.12705881893634796,0.9125248789787292,0.6310786604881287
YDR322C-A,YER139C,0,-0.58254325,0.12704123556613922,0.9125248789787292,0.6311787366867065
YCR023C,YIL069C,0,-0.58258235,0.12702366709709167,0.9125248789787292,0.6312787532806396
YJR095W,YGR275W,0,-0.5827532,0.12700608372688293,0.9125248789787292,0.6313788294792175
YDR085C,YLR205C,0,-0.5832268,0.1269885152578354,0.9125248789787292,0.6314789056777954
YCL026C-A,YDR058C,0,-0.58323044,0.12697096168994904,0.9125248789787292,0.6315789222717285
YPL181W,YDR353W,0,-0.5832648,0.1269533932209015,0.9125248789787292,0.6316789984703064
YPR107C,YPL093W,0,-0.5838772,0.12693583965301514,0.9125248789787292,0.6317790746688843
YDL010W,YLR313C,0,-0.5840984,0.12691828608512878,0.9125248789787292,0.6318791508674622
YER154W,YGL124C,0,-0.5841731,0.12690074741840363,0.9125248789787292,0.6319791674613953
YIR035C,YDL047W,0,-0.58461547,0.12688320875167847,0.9125248789787292,0.6320792436599731
YLR316C,YPR047W,1,-0.5847536,0.12700386345386505,0.9135189056396484,0.6320792436599731
YCR052W,YDR530C,0,-0.584992,0.1269863247871399,0.9135189056396484,0.632179319858551
YAL007C,YKL015W,0,-0.5854845,0.12696877121925354,0.9135189056396484,0.6322793960571289
YFR016C,YMR049C,0,-0.5858286,0.12695123255252838,0.9135189056396484,0.632379412651062
YHR139C,YNL111C,0,-0.58594954,0.12693370878696442,0.9135189056396484,0.6324794888496399
YDR266C,YPL276W,0,-0.5859773,0.12691617012023926,0.9135189056396484,0.6325795650482178
YPR052C,YKR096W,0,-0.5860715,0.1268986463546753,0.9135189056396484,0.6326795816421509
YBR210W,YDR099W,0,-0.58608055,0.12688112258911133,0.9135189056396484,0.6327796578407288
YKR034W,YNL145W,0,-0.5861102,0.12686361372470856,0.9135189056396484,0.6328797340393066
YLR216C,YDR072C,0,-0.58615667,0.1268461048603058,0.9135189056396484,0.6329798102378845
YML107C,YOR083W,0,-0.5861666,0.12682859599590302,0.9135189056396484,0.6330798268318176
YJL082W,YIL140W,0,-0.58625036,0.12681108713150024,0.9135189056396484,0.6331799030303955
YBR177C,YDL113C,0,-0.5862667,0.12679359316825867,0.9135189056396484,0.6332799792289734
YDR155C,YOL011W,0,-0.58664775,0.12677611410617828,0.9135189056396484,0.6333800554275513
YNL117W,YLR442C,0,-0.5869371,0.1267586201429367,0.9135189056396484,0.6334800720214844
YMR025W,YNR026C,0,-0.5872338,0.12674114108085632,0.9135189056396484,0.6335801482200623
YPR080W,YKR096W,0,-0.5874535,0.12672366201877594,0.9135189056396484,0.6336802244186401
YJL002C,YPL232W,0,-0.5875044,0.12670619785785675,0.9135189056396484,0.6337802410125732
YMR237W,YCR048W,0,-0.5884509,0.12668871879577637,0.9135189056396484,0.6338803172111511
YHR001W-A,YJL028W,0,-0.58857524,0.12667125463485718,0.9135189056396484,0.633980393409729
YKR071C,YBL050W,0,-0.5886793,0.12665380537509918,0.9135189056396484,0.6340804696083069
YAL039C,YGR065C,0,-0.5887143,0.1266363561153412,0.9135189056396484,0.63418048620224
YOR261C,YBL045C,0,-0.5887722,0.1266189068555832,0.9135189056396484,0.6342805624008179
YPR026W,YCL018W,0,-0.5888299,0.1266014575958252,0.9135189056396484,0.6343806385993958
YMR193W,YMR266W,0,-0.5889816,0.1265840232372284,0.9135189056396484,0.6344807147979736
YLR004C,YDR237W,0,-0.5891407,0.1265665888786316,0.9135189056396484,0.6345807313919067
YPR133W-A,YDL175C,0,-0.58924305,0.1265491545200348,0.9135189056396484,0.6346808075904846
YKR001C,YDR006C,0,-0.5893104,0.12653173506259918,0.9135189056396484,0.6347808837890625
YLR189C,YDR451C,0,-0.5894552,0.12651431560516357,0.9135189056396484,0.6348809003829956
YGR155W,YOL101C,0,-0.5896429,0.12649689614772797,0.9135189056396484,0.6349809765815735
YMR205C,YLR075W,0,-0.59044,0.12647949159145355,0.9135189056396484,0.6350810527801514
YMR318C,YBR235W,0,-0.59061116,0.12646208703517914,0.9135189056396484,0.6351811289787292
YGL043W,YDL123W,0,-0.5908836,0.12644468247890472,0.9135189056396484,0.6352811455726624
YHR103W,YCR042C,0,-0.59107304,0.1264272928237915,0.9135189056396484,0.6353812217712402
YGL243W,YBL071W-A,1,-0.59144545,0.1265474557876587,0.9145129323005676,0.6353812217712402
YIL085C,YDL097C,0,-0.59164155,0.12653005123138428,0.9145129323005676,0.6354812979698181
YGR083C,YOR132W,0,-0.59165305,0.12651264667510986,0.9145129323005676,0.635581374168396
YHR026W,YDR026C,0,-0.59174657,0.12649525701999664,0.9145129323005676,0.6356813907623291
YDR359C,YDR287W,0,-0.591752,0.12647786736488342,0.9145129323005676,0.635781466960907
YIL035C,YOR158W,0,-0.59221494,0.1264604777097702,0.9145129323005676,0.6358815431594849
YPL187W,YDR500C,0,-0.5923023,0.12644310295581818,0.9145129323005676,0.635981559753418
YDR098C,YIL002C,0,-0.592489,0.12642572820186615,0.9145129323005676,0.6360816359519958
YIL167W,YML028W,0,-0.5927383,0.12640835344791412,0.9145129323005676,0.6361817121505737
YBR121C,YKL052C,0,-0.5927497,0.1263909935951233,0.9145129323005676,0.6362817883491516
YFR055W,YFL062W,0,-0.5927693,0.12637363374233246,0.9145129323005676,0.6363818049430847
YCR038C,YPR025C,0,-0.5928234,0.12635627388954163,0.9145129323005676,0.6364818811416626
YMR304W,YNL054W,0,-0.59297067,0.1263389140367508,0.9145129323005676,0.6365819573402405
YDL064W,YGL237C,0,-0.5929754,0.12632156908512115,0.9145129323005676,0.6366820335388184
YMR214W,YJR150C,0,-0.592986,0.12630422413349152,0.9145129323005676,0.6367820501327515
YLR325C,YPR145W,0,-0.5932519,0.12628689408302307,0.9145129323005676,0.6368821263313293
YIL122W,YJL082W,0,-0.5933969,0.12626956403255463,0.9145129323005676,0.6369822025299072
YPL175W,YGL104C,0,-0.59367263,0.12625223398208618,0.9145129323005676,0.6370822787284851
YNL003C,YMR146C,0,-0.5937155,0.12623490393161774,0.9145129323005676,0.6371822953224182
YPL110C,YNR037C,0,-0.59419614,0.12621758878231049,0.9145129323005676,0.6372823715209961
YLR228C,YHR005C,0,-0.59420013,0.12620027363300323,0.9145129323005676,0.637382447719574
YJR083C,YLR002C,0,-0.5944202,0.12618295848369598,0.9145129323005676,0.6374824643135071
YMR210W,YBR060C,0,-0.5944485,0.12616565823554993,0.9145129323005676,0.637582540512085
YCR087C-A,YCL068C,0,-0.594518,0.12614835798740387,0.9145129323005676,0.6376826167106628
YBR049C,YMR135C,0,-0.59456235,0.126131072640419,0.9145129323005676,0.6377826929092407
YKR039W,YBR077C,0,-0.5946559,0.12611377239227295,0.9145129323005676,0.6378827095031738
YJL099W,YFR033C,0,-0.5949646,0.12609648704528809,0.9145129323005676,0.6379827857017517
YER183C,YPR148C,0,-0.5950535,0.12607921659946442,0.9145129323005676,0.6380828619003296
YLR193C,YGL142C,0,-0.59522855,0.12606193125247955,0.9145129323005676,0.6381829380989075
YDR051C,YPR198W,0,-0.59533596,0.12604466080665588,0.9145129323005676,0.6382829546928406
YDR464W,YPR004C,0,-0.59535956,0.12602739036083221,0.9145129323005676,0.6383830308914185
YMR237W,YGL111W,0,-0.59565955,0.12601013481616974,0.9145129323005676,0.6384831070899963
YDL236W,YIL157C,0,-0.59576315,0.12599287927150726,0.9145129323005676,0.6385831236839294
YHL038C,YER169W,0,-0.59592193,0.1259756237268448,0.9145129323005676,0.6386831998825073
YEL070W,YNR049C,0,-0.5962948,0.1259583830833435,0.9145129323005676,0.6387832760810852
YIR033W,YKL137W,0,-0.59638304,0.12594114243984222,0.9145129323005676,0.6388833522796631
YKL155C,YEL032W,0,-0.59641725,0.12592390179634094,0.9145129323005676,0.6389833688735962
YDR496C,YNL071W,0,-0.5968281,0.12590666115283966,0.9145129323005676,0.6390834450721741
YFR042W,YBR094W,0,-0.5968509,0.12588943541049957,0.9145129323005676,0.639183521270752
YCL043C,YJL166W,0,-0.5969348,0.12587220966815948,0.9145129323005676,0.6392835974693298
YDR484W,YKL086W,0,-0.59702015,0.1258549988269806,0.9145129323005676,0.6393836140632629
YGR133W,YPL183C,0,-0.5977125,0.1258377730846405,0.9145129323005676,0.6394836902618408
YKR003W,YHL050C,0,-0.59778994,0.1258205622434616,0.9145129323005676,0.6395837664604187
YDL148C,YER104W,0,-0.5977968,0.1258033663034439,0.9145129323005676,0.6396837830543518
YBR086C,YML028W,0,-0.5979091,0.1257861703634262,0.9145129323005676,0.6397838592529297
YIR015W,YMR023C,1,-0.59803915,0.12590567767620087,0.9155069589614868,0.6397838592529297
YBR180W,YHR072W-A,0,-0.5982346,0.12588846683502197,0.9155069589614868,0.6398839354515076
YNL075W,YKL016C,0,-0.59857273,0.12587125599384308,0.9155069589614868,0.6399840116500854
YJL183W,YDR262W,0,-0.59872854,0.12585406005382538,0.9155069589614868,0.6400840282440186
YCL016C,YLR413W,0,-0.5988185,0.12583686411380768,0.9155069589614868,0.6401841044425964
YPR127W,YDR186C,0,-0.59893066,0.12581966817378998,0.9155069589614868,0.6402841806411743
YGL054C,YDR422C,0,-0.5989809,0.12580248713493347,0.9155069589614868,0.6403842568397522
YPR164W,YGL254W,0,-0.59932023,0.12578530609607697,0.9155069589614868,0.6404842734336853
YJL079C,YMR179W,0,-0.59975064,0.12576812505722046,0.9155069589614868,0.6405843496322632
YJL045W,YNL080C,0,-0.5997732,0.12575095891952515,0.9155069589614868,0.6406844258308411
YHR124W,YMR172W,0,-0.5998043,0.12573379278182983,0.9155069589614868,0.6407844424247742
YCR043C,YFL038C,0,-0.5998352,0.12571662664413452,0.9155069589614868,0.640884518623352
YPL228W,YLR410W,0,-0.599982,0.1256994605064392,0.9155069589614868,0.6409845948219299
YDR062W,YCL025C,0,-0.6000293,0.1256823092699051,0.9155069589614868,0.6410846710205078
YOL107W,YLL018C,0,-0.6000846,0.12566517293453217,0.9155069589614868,0.6411846876144409
YBR038W,YLR143W,0,-0.60013723,0.12564802169799805,0.9155069589614868,0.6412847638130188
YDL055C,YML096W,0,-0.6002003,0.12563088536262512,0.9155069589614868,0.6413848400115967
YOR274W,YLR213C,0,-0.6003397,0.1256137490272522,0.9155069589614868,0.6414849162101746
YKR102W,YNR074C,0,-0.6003404,0.12559661269187927,0.9155069589614868,0.6415849328041077
YPL118W,YNL031C,0,-0.6006156,0.12557949125766754,0.9155069589614868,0.6416850090026855
YCL019W,YNL142W,0,-0.600703,0.1255623698234558,0.9155069589614868,0.6417850852012634
YLR116W,YDL093W,0,-0.6007483,0.12554526329040527,0.9155069589614868,0.6418851017951965
YCR087C-A,YNL118C,0,-0.6008266,0.12552814185619354,0.9155069589614868,0.6419851779937744
YDR382W,YBR131W,0,-0.60091805,0.125511035323143,0.9155069589614868,0.6420852541923523
YGL187C,YJR019C,0,-0.60113275,0.12549394369125366,0.9155069589614868,0.6421853303909302
YLR070C,YDL002C,0,-0.6013484,0.12547683715820312,0.9155069589614868,0.6422853469848633
YAL068C,YEL051W,0,-0.6015267,0.12545974552631378,0.9155069589614868,0.6423854231834412
YJR086W,YDR517W,0,-0.6017282,0.12544265389442444,0.9155069589614868,0.642485499382019
YKL013C,YJL051W,0,-0.6017291,0.1254255771636963,0.9155069589614868,0.6425855755805969
YDR473C,YFL056C,0,-0.60175085,0.12540850043296814,0.9155069589614868,0.64268559217453
YHR047C,YML065W,0,-0.60180426,0.12539142370224,0.9155069589614868,0.6427856683731079
YOR153W,YDL024C,0,-0.60185546,0.12537434697151184,0.9155069589614868,0.6428857445716858
YDR259C,YDR098C-A,0,-0.60189307,0.12535728514194489,0.9155069589614868,0.6429858207702637
YHR029C,YLR295C,0,-0.60209113,0.12534022331237793,0.9155069589614868,0.6430858373641968
YHR047C,YPL030W,0,-0.6023166,0.12532317638397217,0.9155069589614868,0.6431859135627747
YOR245C,YMR274C,0,-0.6023663,0.1253061294555664,0.9155069589614868,0.6432859897613525
YPR075C,YKL192C,0,-0.60248184,0.12528908252716064,0.9155069589614868,0.6433860063552856
YOR079C,YPR061C,0,-0.603046,0.12527203559875488,0.9155069589614868,0.6434860825538635
YKL163W,YBR119W,0,-0.6031157,0.12525500357151031,0.9155069589614868,0.6435861587524414
YDL147W,YEL006W,0,-0.60323644,0.12523797154426575,0.9155069589614868,0.6436862349510193
YLR384C,YBL071W-A,1,-0.603241,0.12535689771175385,0.916500985622406,0.6436862349510193
YMR058W,YDR346C,0,-0.603253,0.12533986568450928,0.916500985622406,0.6437862515449524
YML016C,YJR096W,0,-0.60332656,0.12532281875610352,0.916500985622406,0.6438863277435303
YIL023C,YGR105W,0,-0.6035176,0.12530578672885895,0.916500985622406,0.6439864039421082
YDL247W,YDR469W,0,-0.60354555,0.12528875470161438,0.916500985622406,0.644086480140686
YPR075C,YIL094C,0,-0.6036805,0.125271737575531,0.916500985622406,0.6441864967346191
YGL002W,YBR179C,0,-0.60389566,0.12525472044944763,0.916500985622406,0.644286572933197
YPL096W,YGL192W,0,-0.6043533,0.12523770332336426,0.916500985622406,0.6443866491317749
YBL046W,YDR182W,0,-0.6043977,0.12522070109844208,0.916500985622406,0.644486665725708
YIL020C,YKL096W-A,0,-0.60450876,0.1252036988735199,0.916500985622406,0.6445867419242859
YHR072W,YAL056W,0,-0.60451686,0.12518669664859772,0.916500985622406,0.6446868181228638
YOL130W,YDR289C,0,-0.6045437,0.12516969442367554,0.916500985622406,0.6447868943214417
YKL029C,YCL038C,0,-0.6046306,0.12515270709991455,0.916500985622406,0.6448869109153748
YMR228W,YJR150C,0,-0.6048653,0.12513571977615356,0.916500985622406,0.6449869871139526
YCR008W,YMR232W,0,-0.6051411,0.12511874735355377,0.916500985622406,0.6450870633125305
YOR338W,YOL045W,0,-0.60516226,0.12510176002979279,0.916500985622406,0.6451871395111084
YLR128W,YHR008C,0,-0.6051675,0.125084787607193,0.916500985622406,0.6452871561050415
YHL017W,YOR250C,0,-0.60536397,0.1250678300857544,0.916500985622406,0.6453872323036194
YDL140C,YLR130C,0,-0.6056809,0.1250508576631546,0.916500985622406,0.6454873085021973
YIL123W,YPL156C,0,-0.6057287,0.125033900141716,0.916500985622406,0.6455873250961304
YHR033W,YIL167W,0,-0.6060494,0.1250169426202774,0.916500985622406,0.6456874012947083
YDR170C,YDL091C,0,-0.60640013,0.125,0.916500985622406,0.6457874774932861
YBR093C,YPL013C,0,-0.6067955,0.1249830573797226,0.916500985622406,0.645887553691864
YOR140W,YDR471W,0,-0.6069236,0.12496611475944519,0.916500985622406,0.6459875702857971
YKL073W,YPL262W,0,-0.6069295,0.12494917958974838,0.916500985622406,0.646087646484375
YOL158C,YNR002C,0,-0.6070107,0.12493225187063217,0.916500985622406,0.6461877226829529
YDL123W,YAR071W,0,-0.6070296,0.12491532415151596,0.916500985622406,0.6462877988815308
YLL016W,YPL133C,0,-0.60729605,0.12489840388298035,0.916500985622406,0.6463878154754639
YER090W,YDR454C,0,-0.60770255,0.12488148361444473,0.916500985622406,0.6464878916740417
YIL050W,YBR276C,0,-0.6078688,0.12486457079648972,0.916500985622406,0.6465879678726196
YDR516C,YCL026C-A,0,-0.6079385,0.1248476654291153,0.916500985622406,0.6466879844665527
YDR407C,YHR128W,0,-0.60801584,0.12483076006174088,0.916500985622406,0.6467880606651306
YBR233W-A,YJR090C,0,-0.60802543,0.12481386214494705,0.916500985622406,0.6468881368637085
YPL141C,YDR131C,0,-0.60810095,0.12479697167873383,0.916500985622406,0.6469882130622864
YHR185C,YHR001W,0,-0.6084637,0.1247800812125206,0.916500985622406,0.6470882296562195
YPL124W,YPL134C,0,-0.6086523,0.12476319074630737,0.916500985622406,0.6471883058547974
YDR078C,YLR377C,0,-0.6089067,0.12474631518125534,0.916500985622406,0.6472883820533752
YFL026W,YDR307W,0,-0.6092594,0.12472943961620331,0.916500985622406,0.6473884582519531
YLL028W,YLR417W,0,-0.60956323,0.12471256405115128,0.916500985622406,0.6474884748458862
YNL125C,YBR059C,0,-0.6096492,0.12469569593667984,0.916500985622406,0.6475885510444641
YDR213W,YKL001C,0,-0.60990417,0.124678835272789,0.916500985622406,0.647688627243042
YLR336C,YPR068C,0,-0.6099376,0.12466198205947876,0.916500985622406,0.6477886438369751
YJL013C,YPL016W,0,-0.6102397,0.12464512884616852,0.916500985622406,0.647888720035553
YGL026C,YPR106W,0,-0.61034584,0.12462827563285828,0.916500985622406,0.6479887962341309
YLR451W,YJR073C,0,-0.6104004,0.12461143732070923,0.916500985622406,0.6480888724327087
YDR268W,YEL018W,0,-0.610594,0.12459459155797958,0.916500985622406,0.6481888890266418
YDR260C,YBR132C,0,-0.61063135,0.12457776069641113,0.916500985622406,0.6482889652252197
YLR329W,YPL040C,0,-0.61075175,0.12456092983484268,0.916500985622406,0.6483890414237976
YJR120W,YPL254W,0,-0.6108853,0.12454410642385483,0.916500985622406,0.6484891176223755
YDR105C,YDL039C,0,-0.6110356,0.12452728301286697,0.916500985622406,0.6485891342163086
YBR169C,YHR047C,0,-0.611103,0.12451046705245972,0.916500985622406,0.6486892104148865
YNR074C,YLR135W,0,-0.6112243,0.12449365109205246,0.916500985622406,0.6487892866134644
YDL122W,YOR377W,0,-0.61147964,0.1244768425822258,0.916500985622406,0.6488893628120422
YPR033C,YNL230C,0,-0.6115087,0.12446004152297974,0.916500985622406,0.6489893794059753
YGR140W,YER078C,0,-0.6118072,0.12444324791431427,0.916500985622406,0.6490894556045532
YLR449W,YKL051W,0,-0.6120168,0.1244264543056488,0.916500985622406,0.6491895318031311
YBR233W-A,YGR070W,0,-0.6120515,0.12440966069698334,0.916500985622406,0.6492895483970642
YNL063W,YOL151W,0,-0.6123015,0.12439287453889847,0.916500985622406,0.6493896245956421
YDR009W,YKR031C,0,-0.61232847,0.1243760958313942,0.916500985622406,0.64948970079422
YHR209W,YOL051W,0,-0.612484,0.12435931712388992,0.916500985622406,0.6495897769927979
YOL129W,YOL043C,0,-0.6129567,0.12434254586696625,0.916500985622406,0.649689793586731
YOR086C,YER160C,0,-0.6133876,0.12432578206062317,0.916500985622406,0.6497898697853088
YDR176W,YKL188C,0,-0.6134536,0.12430901825428009,0.916500985622406,0.6498899459838867
YPR133W-A,YGL043W,0,-0.61357903,0.12429226189851761,0.916500985622406,0.6499900221824646
YMR284W,YBR068C,0,-0.61371374,0.12427550554275513,0.916500985622406,0.6500900387763977
YGR056W,YNL064C,0,-0.6137701,0.12425875663757324,0.916500985622406,0.6501901149749756
YHR084W,YDR276C,0,-0.6138978,0.12424201518297195,0.916500985622406,0.6502901911735535
YNL299W,YJR150C,0,-0.6141059,0.12422527372837067,0.916500985622406,0.6503902077674866
YPR175W,YLR278C,0,-0.61420727,0.12420853972434998,0.916500985622406,0.6504902839660645
YLR360W,YMR203W,0,-0.6144949,0.12419181317090988,0.916500985622406,0.6505903601646423
YML101C,YIL018W,0,-0.6146519,0.12417508661746979,0.916500985622406,0.6506904363632202
YPL163C,YOR098C,0,-0.6147754,0.1241583600640297,0.916500985622406,0.6507904529571533
YJL004C,YBR006W,0,-0.61549675,0.1241416484117508,0.916500985622406,0.6508905291557312
YDR255C,YOR019W,0,-0.6157314,0.1241249293088913,0.916500985622406,0.6509906053543091
YMR276W,YGL226C-A,0,-0.61633587,0.124108225107193,0.916500985622406,0.651090681552887
YBR103W,YMR203W,0,-0.6164321,0.12409152090549469,0.916500985622406,0.6511906981468201
YGR049W,YKL026C,0,-0.61654854,0.12407482415437698,0.916500985622406,0.651290774345398
YEL053C,YGL104C,0,-0.61660373,0.12405812740325928,0.916500985622406,0.6513908505439758
YLR077W,YLR264W,0,-0.6167969,0.12404143810272217,0.916500985622406,0.6514908671379089
YPL097W,YNL066W,0,-0.6173713,0.12402474880218506,0.916500985622406,0.6515909433364868
YER142C,YEL039C,0,-0.6174378,0.12400806695222855,0.916500985622406,0.6516910195350647
YDR076W,YNL126W,0,-0.6175253,0.12399139255285263,0.916500985622406,0.6517910957336426
YJL071W,YLR209C,0,-0.6176961,0.12397471815347672,0.916500985622406,0.6518911123275757
YNL202W,YLR043C,0,-0.6176971,0.1239580512046814,0.916500985622406,0.6519911885261536
YOR149C,YLR160C,0,-0.6177723,0.12394139170646667,0.916500985622406,0.6520912647247314
YLR431C,YGL122C,0,-0.61828876,0.12392473220825195,0.916500985622406,0.6521913409233093
YDL006W,YLR430W,1,-0.6182947,0.12404246628284454,0.9174950122833252,0.6521913409233093
YDR405W,YLR307W,0,-0.6183508,0.12402579933404922,0.9174950122833252,0.6522913575172424
YOR007C,YPL130W,0,-0.618526,0.1240091323852539,0.9174950122833252,0.6523914337158203
YBR118W,YCL018W,0,-0.61889505,0.12399248033761978,0.9174950122833252,0.6524915099143982
YLL031C,YCL019W,0,-0.61923116,0.12397582083940506,0.9174950122833252,0.6525915265083313
YIR015W,YJR022W,1,-0.6196145,0.12409347295761108,0.9184890389442444,0.6525915265083313
YML091C,YHR070W,1,-0.6196536,0.12421109527349472,0.9194831252098083,0.6525915265083313
YOR382W,YNL125C,0,-0.61966205,0.12419441342353821,0.9194831252098083,0.6526916027069092
YNL021W,YBR196C,0,-0.61977255,0.12417773902416229,0.9194831252098083,0.6527916789054871
YJL186W,YKR098C,0,-0.6198747,0.12416107207536697,0.9194831252098083,0.6528917551040649
YBL007C,YJR064W,0,-0.61991066,0.12414441257715225,0.9194831252098083,0.652991771697998
YLL006W,YPL254W,0,-0.6199375,0.12412775307893753,0.9194831252098083,0.6530918478965759
YOR077W,YGR235C,0,-0.62004495,0.12411109358072281,0.9194831252098083,0.6531919240951538
YKL134C,YJR151C,0,-0.62013435,0.12409444898366928,0.9194831252098083,0.6532920002937317
YGL189C,YGL183C,0,-0.6201703,0.12407779693603516,0.9194831252098083,0.6533920168876648
YOR273C,YKL139W,0,-0.62028736,0.12406115978956223,0.9194831252098083,0.6534920930862427
YFR030W,YBR154C,0,-0.6204937,0.1240445226430893,0.9194831252098083,0.6535921692848206
YDL124W,YMR083W,0,-0.62057006,0.12402789294719696,0.9194831252098083,0.6536921858787537
YER123W,YNL069C,0,-0.6206796,0.12401126325130463,0.9194831252098083,0.6537922620773315
YOR274W,YBL071W-A,1,-0.62084967,0.12412868440151215,0.9204771518707275,0.6537922620773315
YPR181C,YKL129C,0,-0.6210474,0.12411204725503922,0.9204771518707275,0.6538923382759094
YHR006W,YBL071W-A,1,-0.6210736,0.12422943115234375,0.9214711785316467,0.6538923382759094
YKL220C,YLR259C,0,-0.6210885,0.12421278655529022,0.9214711785316467,0.6539924144744873
YER175C,YDR351W,0,-0.62125576,0.1241961419582367,0.9214711785316467,0.6540924310684204
YBL002W,YBL046W,0,-0.62142265,0.12417950481176376,0.9214711785316467,0.6541925072669983
YLR089C,YJL212C,0,-0.6215418,0.12416287511587143,0.9214711785316467,0.6542925834655762
YER022W,YOR133W,0,-0.62169886,0.1241462454199791,0.9214711785316467,0.654392659664154
YFL003C,YGR276C,0,-0.6218749,0.12412962317466736,0.9214711785316467,0.6544926762580872
YDL036C,YBL071W-A,1,-0.62202126,0.12424688786268234,0.9224652051925659,0.6544926762580872
YEL019C,YDL072C,0,-0.62202483,0.12423025071620941,0.9224652051925659,0.654592752456665
YLR073C,YGL192W,0,-0.62229055,0.12421362847089767,0.9224652051925659,0.6546928286552429
YPR026W,YOR330C,0,-0.62233067,0.12419699877500534,0.9224652051925659,0.6547929048538208
YDR002W,YGL033W,0,-0.6224306,0.1241803839802742,0.9224652051925659,0.6548929214477539
YKR013W,YLR274W,0,-0.62247396,0.12416376918554306,0.9224652051925659,0.6549929976463318
YOR367W,YGL116W,0,-0.6225041,0.12414715439081192,0.9224652051925659,0.6550930738449097
YGL180W,YHR019C,0,-0.6225981,0.12413055449724197,0.9224652051925659,0.6551930904388428
YPL270W,YOR129C,0,-0.62260747,0.12411394715309143,0.9224652051925659,0.6552931666374207
YMR230W,YJL214W,0,-0.6226393,0.12409735471010208,0.9224652051925659,0.6553932428359985
YPL183C,YGL026C,0,-0.62271714,0.12408076226711273,0.9224652051925659,0.6554933190345764
YBL099W,YGL043W,0,-0.6227328,0.12406416982412338,0.9224652051925659,0.6555933356285095
YMR047C,YNL056W,0,-0.62277913,0.12404758483171463,0.9224652051925659,0.6556934118270874
YGR217W,YDR262W,0,-0.622792,0.12403100728988647,0.9224652051925659,0.6557934880256653
YJL181W,YNL116W,0,-0.62290084,0.12401442974805832,0.9224652051925659,0.6558935642242432
YDR287W,YML058W-A,0,-0.62326205,0.12399785965681076,0.9224652051925659,0.6559935808181763
YDR452W,YDR508C,0,-0.6236108,0.1239812970161438,0.9224652051925659,0.6560936570167542
YKL130C,YGR121C,0,-0.6236341,0.12396473437547684,0.9224652051925659,0.656193733215332
YLR423C,YNL297C,0,-0.62390924,0.12394817918539047,0.9224652051925659,0.6562937498092651
YMR034C,YOR138C,0,-0.62396646,0.12393162399530411,0.9224652051925659,0.656393826007843
YBR023C,YKL210W,0,-0.62398803,0.12391507625579834,0.9224652051925659,0.6564939022064209
YHR082C,YDL225W,0,-0.62403136,0.12389852851629257,0.9224652051925659,0.6565939784049988
YBR061C,YBL071W-A,1,-0.624182,0.12401548773050308,0.9234592318534851,0.6565939784049988
YOR147W,YFR031C,0,-0.62428015,0.12399893254041672,0.9234592318534851,0.6566939949989319
YIL091C,YJL160C,0,-0.6244039,0.12398238480091095,0.9234592318534851,0.6567940711975098
YIR008C,YLR399C,0,-0.6247275,0.12396583706140518,0.9234592318534851,0.6568941473960876
YOR176W,YNL230C,0,-0.62480855,0.12394929677248001,0.9234592318534851,0.6569942235946655
YOR275C,YMR039C,0,-0.6249104,0.12393276393413544,0.9234592318534851,0.6570942401885986
YLR384C,YER125W,1,-0.6249519,0.12404961884021759,0.9244532585144043,0.6570942401885986
YBR187W,YKL155C,0,-0.6250028,0.12403307855129242,0.9244532585144043,0.6571943163871765
YGR211W,YPL127C,0,-0.6253483,0.12401653826236725,0.9244532585144043,0.6572943925857544
YGL060W,YCL068C,0,-0.62537396,0.12399999797344208,0.9244532585144043,0.6573944091796875
YFL011W,YPR033C,0,-0.62547433,0.1239834725856781,0.9244532585144043,0.6574944853782654
YHR154W,YIR018W,0,-0.62587327,0.12396693974733353,0.9244532585144043,0.6575945615768433
YDL135C,YLR409C,0,-0.62588894,0.12395042181015015,0.9244532585144043,0.6576946377754211
YOR086C,YNL113W,0,-0.62624586,0.12393390387296677,0.9244532585144043,0.6577946543693542
YDR403W,YKR096W,0,-0.6263163,0.12391738593578339,0.9244532585144043,0.6578947305679321
YOR156C,YLR310C,0,-0.62705237,0.1239008828997612,0.9244532585144043,0.65799480676651
YBR287W,YAL024C,0,-0.62724864,0.12388437241315842,0.9244532585144043,0.6580948829650879
YCR012W,YKL093W,0,-0.6274268,0.12386787682771683,0.9244532585144043,0.658194899559021
YBR083W,YLL057C,0,-0.6275271,0.12385138124227524,0.9244532585144043,0.6582949757575989
YLR248W,YKL146W,0,-0.62775373,0.12383488565683365,0.9244532585144043,0.6583950519561768
YDR383C,YNL131W,0,-0.62783897,0.12381839752197266,0.9244532585144043,0.6584950685501099
YNR055C,YPR106W,0,-0.6278457,0.12380191683769226,0.9244532585144043,0.6585951447486877
YIL048W,YMR116C,0,-0.6278788,0.12378543615341187,0.9244532585144043,0.6586952209472656
YKL160W,YML049C,0,-0.62799275,0.12376896291971207,0.9244532585144043,0.6587952971458435
YLR110C,YNL270C,0,-0.62811154,0.12375249713659286,0.9244532585144043,0.6588953137397766
YIR015W,YOR251C,1,-0.62813413,0.12386907637119293,0.9254473447799683,0.6588953137397766
YAL022C,YFR019W,0,-0.6281706,0.12385260313749313,0.9254473447799683,0.6589953899383545
YHR090C,YDR304C,0,-0.6282162,0.12383612990379333,0.9254473447799683,0.6590954661369324
YBR069C,YLR011W,0,-0.62832564,0.12381965667009354,0.9254473447799683,0.6591955423355103
YLR260W,YDL122W,0,-0.6283262,0.12380319088697433,0.9254473447799683,0.6592955589294434
YMR318C,YLR268W,0,-0.628432,0.12378673255443573,0.9254473447799683,0.6593956351280212
YPR158W-A,YKR057W,0,-0.6285341,0.12377027422189713,0.9254473447799683,0.6594957113265991
YOR360C,YOR372C,0,-0.6286548,0.12375382333993912,0.9254473447799683,0.6595957279205322
YCL054W,YJL005W,0,-0.62867856,0.12373737245798111,0.9254473447799683,0.6596958041191101
YMR060C,YNL037C,0,-0.628966,0.1237209290266037,0.9254473447799683,0.659795880317688
YMR308C,YGR284C,0,-0.62901676,0.12370449304580688,0.9254473447799683,0.6598959565162659
YBR102C,YDL084W,0,-0.6291077,0.12368805706501007,0.9254473447799683,0.659995973110199
YMR154C,YER093C,0,-0.62925065,0.12367162853479385,0.9254473447799683,0.6600960493087769
YNL097C,YER162C,0,-0.62932783,0.12365520000457764,0.9254473447799683,0.6601961255073547
YLR023C,YDL165W,0,-0.62982273,0.12363877892494202,0.9254473447799683,0.6602962017059326
YHR057C,YPL168W,0,-0.62990904,0.1236223578453064,0.9254473447799683,0.6603962182998657
YGR049W,YHL009W-A,0,-0.63002884,0.12360595166683197,0.9254473447799683,0.6604962944984436
YML025C,YHL012W,0,-0.63005865,0.12358953803777695,0.9254473447799683,0.6605963706970215
YHR033W,YHR197W,0,-0.6300856,0.12357313185930252,0.9254473447799683,0.6606964468955994
YMR038C,YGL246C,0,-0.63010234,0.12355673313140869,0.9254473447799683,0.6607964634895325
YEL056W,YNL298W,0,-0.63019985,0.12354034185409546,0.9254473447799683,0.6608965396881104
YCR045C,YMR134W,0,-0.6302073,0.12352395057678223,0.9254473447799683,0.6609966158866882
YAR008W,YJL114W,0,-0.6303288,0.123507559299469,0.9254473447799683,0.6610966324806213
YML016C,YMR133W,0,-0.6304648,0.12349118292331696,0.9254473447799683,0.6611967086791992
YCR008W,YDR513W,0,-0.63048273,0.12347479909658432,0.9254473447799683,0.6612967848777771
YKL054C,YLR344W,0,-0.6305407,0.12345843017101288,0.9254473447799683,0.661396861076355
YBR233W-A,YNR069C,0,-0.63084775,0.12344206124544144,0.9254473447799683,0.6614968776702881
YER087W,YNL275W,0,-0.6308519,0.12342569231987,0.9254473447799683,0.661596953868866
YOR126C,YFR051C,0,-0.63089967,0.12340933084487915,0.9254473447799683,0.6616970300674438
YNL190W,YDR079C-A,0,-0.63090855,0.1233929768204689,0.9254473447799683,0.6617971062660217
YHR014W,YPR072W,0,-0.63092273,0.12337662279605865,0.9254473447799683,0.6618971228599548
YBR003W,YHR102W,0,-0.63116056,0.123360276222229,0.9254473447799683,0.6619971990585327
YNL241C,YLR148W,0,-0.63126194,0.12334392964839935,0.9254473447799683,0.6620972752571106
YDR285W,YKL163W,0,-0.6323053,0.1233275905251503,0.9254473447799683,0.6621972918510437
YNL063W,YLR431C,0,-0.6334908,0.12331125885248184,0.9254473447799683,0.6622973680496216
YDL064W,YNL243W,0,-0.6336311,0.12329492717981339,0.9254473447799683,0.6623974442481995
YDR353W,YEL063C,0,-0.6336701,0.12327860295772552,0.9254473447799683,0.6624975204467773
YPL119C,YLR115W,0,-0.6336996,0.12326227873563766,0.9254473447799683,0.6625975370407104
YBR098W,YJR044C,0,-0.63374305,0.1232459619641304,0.9254473447799683,0.6626976132392883
YIL079C,YLR064W,0,-0.6340105,0.12322965264320374,0.9254473447799683,0.6627976894378662
YHR193C,YBR066C,0,-0.63460827,0.12321334332227707,0.9254473447799683,0.6628977656364441
YMR228W,YKL210W,0,-0.63469493,0.1231970340013504,0.9254473447799683,0.6629977822303772
YDR461W,YDR422C,0,-0.63475406,0.12318073213100433,0.9254473447799683,0.6630978584289551
YER063W,YKL016C,0,-0.63497716,0.12316443771123886,0.9254473447799683,0.663197934627533
YNL286W,YGR281W,0,-0.63510543,0.12314815074205399,0.9254473447799683,0.6632979512214661
YGL012W,YNL107W,0,-0.6351135,0.12313186377286911,0.9254473447799683,0.663398027420044
YIL015W,YOR214C,0,-0.6353095,0.12311557680368423,0.9254473447799683,0.6634981036186218
YOR297C,YGL010W,0,-0.6354555,0.12309929728507996,0.9254473447799683,0.6635981798171997
YGR049W,YDR477W,0,-0.6357493,0.12308302521705627,0.9254473447799683,0.6636981964111328
YJL117W,YDL193W,0,-0.6364847,0.12306675314903259,0.9254473447799683,0.6637982726097107
YNL219C,YJL213W,0,-0.63686144,0.12305048853158951,0.9254473447799683,0.6638983488082886
YDR023W,YFR018C,0,-0.6372657,0.12303422391414642,0.9254473447799683,0.6639984250068665
YPR167C,YER028C,0,-0.6372846,0.12301796674728394,0.9254473447799683,0.6640984416007996
YJL004C,YKL093W,0,-0.63731426,0.12300171703100204,0.9254473447799683,0.6641985177993774
YDR395W,YNR033W,0,-0.6374628,0.12298546731472015,0.9254473447799683,0.6642985939979553
YIL002C,YKL055C,0,-0.6374696,0.12296922504901886,0.9254473447799683,0.6643986105918884
YHR005C-A,YKR054C,0,-0.637642,0.12295298278331757,0.9254473447799683,0.6644986867904663
YGL073W,YOR027W,0,-0.6377963,0.12293674796819687,0.9254473447799683,0.6645987629890442
YDL059C,YOR045W,0,-0.638088,0.12292052060365677,0.9254473447799683,0.6646988391876221
YFR018C,YDR353W,0,-0.63816726,0.12290429323911667,0.9254473447799683,0.6647988557815552
YOR262W,YJL160C,0,-0.6387425,0.12288806587457657,0.9254473447799683,0.6648989319801331
YNR071C,YPL138C,0,-0.63884735,0.12287184596061707,0.9254473447799683,0.6649990081787109
YDR083W,YCR012W,0,-0.6389162,0.12285563349723816,0.9254473447799683,0.6650990843772888
YJL087C,YBL071W-A,1,-0.63894165,0.12297137081623077,0.9264413714408875,0.6650990843772888
YCR073C,YEL004W,0,-0.6393821,0.12295514345169067,0.9264413714408875,0.6651991009712219
YNR044W,YLL005C,0,-0.63981986,0.12293892353773117,0.9264413714408875,0.6652991771697998
YPR047W,YJL087C,1,-0.64068455,0.12305460125207901,0.9274353981018066,0.6652991771697998
YGR240C,YBR120C,0,-0.6406946,0.12303837388753891,0.9274353981018066,0.6653992533683777
YJR112W,YPR067W,0,-0.6407181,0.1230221539735794,0.9274353981018066,0.6654992699623108
YBR233W-A,YBR081C,0,-0.6411929,0.1230059340596199,0.9274353981018066,0.6655993461608887
YMR063W,YGL160W,0,-0.6413344,0.122989721596241,0.9274353981018066,0.6656994223594666
YGR134W,YDL193W,0,-0.64136595,0.12297350913286209,0.9274353981018066,0.6657994985580444
YPR080W,YGR202C,0,-0.6414057,0.12295730412006378,0.9274353981018066,0.6658995151519775
YDR151C,YKL157W,0,-0.64140815,0.12294109910726547,0.9274353981018066,0.6659995913505554
YIL157C,YBR141C,0,-0.6422116,0.12292490154504776,0.9274353981018066,0.6660996675491333
YPR065W,YMR322C,0,-0.6424062,0.12290870398283005,0.9274353981018066,0.6661997437477112
YJL071W,YNR067C,0,-0.64241874,0.12289252132177353,0.9274353981018066,0.6662997603416443
YKR053C,YDR002W,0,-0.6424431,0.12287633121013641,0.9274353981018066,0.6663998365402222
YOL060C,YDR235W,0,-0.6428405,0.12286015599966049,0.9274353981018066,0.6664999127388
YNL147W,YMR047C,1,-0.6433592,0.12297563999891281,0.9284294247627258,0.6664999127388
YGL233W,YDR079C-A,0,-0.6437513,0.1229594498872757,0.9284294247627258,0.6665999889373779
YGL050W,YBL071W-A,1,-0.6438281,0.12307489663362503,0.929423451423645,0.6665999889373779
YHR042W,YBL029C-A,0,-0.643937,0.12305869907140732,0.929423451423645,0.666700005531311
YHR170W,YKL016C,0,-0.6440218,0.1230425089597702,0.929423451423645,0.6668000817298889
YPL008W,YAR071W,0,-0.64419824,0.12302631884813309,0.929423451423645,0.6669001579284668
YCL068C,YBL042C,0,-0.64421785,0.12301012873649597,0.929423451423645,0.6670001745223999
YGL116W,YPR140W,0,-0.6444062,0.12299394607543945,0.929423451423645,0.6671002507209778
YOL069W,YHR018C,0,-0.64467573,0.12297777086496353,0.929423451423645,0.6672003269195557
YGL038C,YHL035C,0,-0.6451219,0.12296159565448761,0.929423451423645,0.6673004031181335
YPR200C,YPR061C,0,-0.6451433,0.12294542789459229,0.929423451423645,0.6674004197120667
YCL033C,YMR168C,0,-0.6451738,0.12292926758527756,0.929423451423645,0.6675004959106445
YOL104C,YHR042W,0,-0.6453364,0.12291310727596283,0.929423451423645,0.6676005721092224
YOL082W,YHR114W,0,-0.6454057,0.1228969469666481,0.929423451423645,0.6677006483078003
YML011C,YKL096W-A,0,-0.6454682,0.12288080155849457,0.929423451423645,0.6678006649017334
YDR404C,YLR345W,0,-0.64569664,0.12286464869976044,0.929423451423645,0.6679007411003113
YLL045C,YJR046W,0,-0.6460739,0.1228485107421875,0.929423451423645,0.6680008172988892
YLR117C,YDR059C,0,-0.6462338,0.12283237278461456,0.929423451423645,0.6681008338928223
YJR017C,YER150W,0,-0.64648604,0.12281623482704163,0.929423451423645,0.6682009100914001
YIL038C,YHR191C,0,-0.6464883,0.12280010432004929,0.929423451423645,0.668300986289978
YNL122C,YOR153W,0,-0.6465288,0.12278398126363754,0.929423451423645,0.6684010624885559
YNL318C,YMR276W,0,-0.64686084,0.1227678582072258,0.929423451423645,0.668501079082489
YOR313C,YHR133C,0,-0.64718646,0.12275174260139465,0.929423451423645,0.6686011552810669
YDR382W,YKR006C,0,-0.64737266,0.12273562699556351,0.929423451423645,0.6687012314796448
YOR187W,YPL119C,0,-0.6475516,0.12271951884031296,0.929423451423645,0.6688013076782227
YHR106W,YJR127C,0,-0.6476876,0.12270341068506241,0.929423451423645,0.6689013242721558
YOR380W,YPR138C,0,-0.6477115,0.12268730998039246,0.929423451423645,0.6690014004707336
YDR040C,YGL207W,0,-0.64778143,0.1226712167263031,0.929423451423645,0.6691014766693115
YER033C,YMR133W,0,-0.6477951,0.12265512347221375,0.929423451423645,0.6692014932632446
YKL163W,YGR205W,0,-0.6478024,0.12263903766870499,0.929423451423645,0.6693015694618225
YPL213W,YDR314C,0,-0.64801794,0.12262295186519623,0.929423451423645,0.6694016456604004
YPL050C,YHR080C,0,-0.6482033,0.12260687351226807,0.929423451423645,0.6695017218589783
YGR296W,YPR131C,0,-0.64857394,0.1225907951593399,0.929423451423645,0.6696017384529114
YMR175W,YBR203W,0,-0.6487231,0.12257472425699234,0.929423451423645,0.6697018146514893
YDR137W,YKL148C,0,-0.64873576,0.12255866080522537,0.929423451423645,0.6698018908500671
YDR259C,YPL036W,0,-0.6487565,0.1225425973534584,0.929423451423645,0.669901967048645
YER100W,YER166W,0,-0.64877284,0.12252653390169144,0.929423451423645,0.6700019836425781
YBR186W,YJL035C,0,-0.6488242,0.12251048535108566,0.929423451423645,0.670102059841156
YGR024C,YEL020W-A,0,-0.6490242,0.12249442934989929,0.929423451423645,0.6702021360397339
YDR306C,YLR151C,0,-0.6491145,0.12247838824987411,0.929423451423645,0.670302152633667
YDR470C,YLL008W,0,-0.6491436,0.12246234714984894,0.929423451423645,0.6704022288322449
YCR057C,YIL098C,0,-0.6491463,0.12244630604982376,0.929423451423645,0.6705023050308228
YBR227C,YLR220W,0,-0.6493925,0.12243027240037918,0.929423451423645,0.6706023812294006
YMR295C,YGR261C,0,-0.6494452,0.1224142462015152,0.929423451423645,0.6707023978233337
YBL005W,YKL055C,0,-0.64953804,0.12239822000265121,0.929423451423645,0.6708024740219116
YNL267W,YMR160W,0,-0.64956087,0.12238220125436783,0.929423451423645,0.6709025502204895
YMR087W,YBL026W,1,-0.64979243,0.12249705195426941,0.9304174780845642,0.6709025502204895
YEL041W,YPL151C,0,-0.650161,0.12248102575540543,0.9304174780845642,0.6710026264190674
YPR199C,YNL073W,0,-0.650164,0.12246499955654144,0.9304174780845642,0.6711026430130005
YCL034W,YPR030W,0,-0.6502898,0.12244898080825806,0.9304174780845642,0.6712027192115784
YJR031C,YCR017C,0,-0.6503677,0.12243296205997467,0.9304174780845642,0.6713027954101562
YLR001C,YGR186W,0,-0.6504068,0.12241695076227188,0.9304174780845642,0.6714028120040894
YMR087W,YBL071W-A,1,-0.6506512,0.1225317120552063,0.9314115047454834,0.6714028120040894
YOR090C,YOL077W-A,0,-0.65071905,0.12251569330692291,0.9314115047454834,0.6715028882026672
YKR098C,YDR354W,0,-0.65077925,0.12249967455863953,0.9314115047454834,0.6716029644012451
YHR018C,YJR119C,0,-0.6508773,0.12248366326093674,0.9314115047454834,0.671703040599823
YOR192C,YBR179C,0,-0.6510868,0.12246765196323395,0.9314115047454834,0.6718030571937561
YDL074C,YJR099W,0,-0.65130705,0.12245164811611176,0.9314115047454834,0.671903133392334
YNL063W,YGL194C,0,-0.6513269,0.12243564426898956,0.9314115047454834,0.6720032095909119
YCL026C-B,YBR106W,0,-0.651352,0.12241964787244797,0.9314115047454834,0.6721032857894897
YNL180C,YBR044C,0,-0.6517844,0.12240365892648697,0.9314115047454834,0.6722033023834229
YFL054C,YDR461W,0,-0.65202624,0.12238766998052597,0.9314115047454834,0.6723033785820007
YHR018C,YIL075C,0,-0.65210366,0.12237168848514557,0.9314115047454834,0.6724034547805786
YGL107C,YML004C,0,-0.65218043,0.12235570698976517,0.9314115047454834,0.6725035309791565
YGL212W,YMR019W,0,-0.65247476,0.12233973294496536,0.9314115047454834,0.6726035475730896
YDR072C,YJL186W,0,-0.65260124,0.12232375890016556,0.9314115047454834,0.6727036237716675
YDR218C,YCL019W,0,-0.6527521,0.12230779230594635,0.9314115047454834,0.6728036999702454
YDR233C,YOR018W,0,-0.6528516,0.12229183316230774,0.9314115047454834,0.6729037165641785
YBR118W,YGL058W,0,-0.6529755,0.12227587401866913,0.9314115047454834,0.6730037927627563
YOR142W-A,YER117W,0,-0.65325546,0.12225991487503052,0.9314115047454834,0.6731038689613342
YGL002W,YGR208W,0,-0.6535196,0.1222439631819725,0.9314115047454834,0.6732039451599121
YKL032C,YGR255C,0,-0.653524,0.12222801893949509,0.9314115047454834,0.6733039617538452
YPL235W,YCR068W,0,-0.65365696,0.12221207469701767,0.9314115047454834,0.6734040379524231
YGL037C,YDR175C,0,-0.6536971,0.12219613790512085,0.9314115047454834,0.673504114151001
YEL070W,YER155C,0,-0.6537465,0.12218020856380463,0.9314115047454834,0.6736041903495789
YHR114W,YLR219W,0,-0.65385246,0.1221642792224884,0.9314115047454834,0.673704206943512
YPL235W,YIL043C,0,-0.6540675,0.12214834988117218,0.9314115047454834,0.6738042831420898
YHL020C,YLR144C,0,-0.654107,0.12213242799043655,0.9314115047454834,0.6739043593406677
YHR072W-A,YNL044W,0,-0.65422726,0.12211651355028152,0.9314115047454834,0.6740043759346008
YHL012W,YOR279C,0,-0.65432346,0.1221005991101265,0.9314115047454834,0.6741044521331787
YPR083W,YLR157C,0,-0.65463567,0.12208469212055206,0.9314115047454834,0.6742045283317566
YCL057W,YML099C,0,-0.6547237,0.12206878513097763,0.9314115047454834,0.6743046045303345
YLR165C,YHR072W-A,0,-0.65487146,0.1220528855919838,0.9314115047454834,0.6744046211242676
YER023W,YPL179W,0,-0.6548951,0.12203698605298996,0.9314115047454834,0.6745046973228455
YER087W,YJR064W,0,-0.65525156,0.12202109396457672,0.9314115047454834,0.6746047735214233
YAL063C,YHR039C,0,-0.655304,0.12200520932674408,0.9314115047454834,0.6747048497200012
YDR020C,YJL100W,0,-0.6553527,0.12198932468891144,0.9314115047454834,0.6748048663139343
YFL038C,YGR044C,0,-0.6557247,0.1219734475016594,0.9314115047454834,0.6749049425125122
YOR230W,YNL238W,0,-0.6558372,0.12195757031440735,0.9314115047454834,0.6750050187110901
YLR329W,YPL180W,0,-0.6558409,0.1219417005777359,0.9314115047454834,0.6751050353050232
YHR029C,YOR298C-A,0,-0.6558756,0.12192583084106445,0.9314115047454834,0.6752051115036011
YGL053W,YBR104W,0,-0.65602976,0.1219099685549736,0.9314115047454834,0.675305187702179
YDR104C,YDL134C,0,-0.65614927,0.12189410626888275,0.9314115047454834,0.6754052639007568
YAR027W,YER069W,0,-0.6563322,0.1218782514333725,0.9314115047454834,0.6755052804946899
YBR233W-A,YMR041C,0,-0.6563486,0.12186240404844284,0.9314115047454834,0.6756053566932678
YKL112W,YPL027W,0,-0.6566238,0.12184655666351318,0.9314115047454834,0.6757054328918457
YNL137C,YDR079C-A,0,-0.6567503,0.12183070927858353,0.9314115047454834,0.6758055090904236
YER081W,YDR141C,0,-0.6569997,0.12181486934423447,0.9314115047454834,0.6759055256843567
YGL189C,YDR411C,0,-0.65705466,0.121799036860466,0.9314115047454834,0.6760056018829346
YKL166C,YBR203W,0,-0.6575002,0.12178320437669754,0.9314115047454834,0.6761056780815125
YOL112W,YGL142C,0,-0.6576432,0.12176737934350967,0.9314115047454834,0.6762056946754456
YMR047C,YNL257C,0,-0.65784407,0.1217515617609024,0.9314115047454834,0.6763057708740234
YBR120C,YER117W,0,-0.6581921,0.12173574417829514,0.9314115047454834,0.6764058470726013
YPR035W,YBR210W,0,-0.65822923,0.12171992659568787,0.9314115047454834,0.6765059232711792
YJL141C,YOL043C,0,-0.6584313,0.1217041164636612,0.9314115047454834,0.6766059398651123
YIL005W,YDR381C-A,0,-0.65856266,0.12168831378221512,0.9314115047454834,0.6767060160636902
YML091C,YGR276C,1,-0.6586957,0.12180235981941223,0.9324055910110474,0.6767060160636902
YKR053C,YAR002C-A,0,-0.65870047,0.12178654968738556,0.9324055910110474,0.6768060922622681
YGR059W,YKL005C,0,-0.658851,0.12177073955535889,0.9324055910110474,0.676906168460846
YIL049W,YLR085C,0,-0.6588895,0.12175492942333221,0.9324055910110474,0.677006185054779
YNL181W,YMR266W,0,-0.65893674,0.12173912674188614,0.9324055910110474,0.6771062612533569
YLR329W,YDL148C,0,-0.65900695,0.12172333151102066,0.9324055910110474,0.6772063374519348
YER074W-A,YBR294W,0,-0.65931046,0.12170753628015518,0.9324055910110474,0.6773063540458679
YFL018C,YGR090W,0,-0.65944576,0.1216917484998703,0.9324055910110474,0.6774064302444458
YMR323W,YLR408C,0,-0.65960824,0.12167596071958542,0.9324055910110474,0.6775065064430237
YNL321W,YDL029W,0,-0.6597793,0.12166018038988113,0.9324055910110474,0.6776065826416016
YKL099C,YDL216C,0,-0.6599409,0.12164440751075745,0.9324055910110474,0.6777065992355347
YPR171W,YGL026C,0,-0.6600503,0.12162862718105316,0.9324055910110474,0.6778066754341125
YJR006W,YOL004W,0,-0.6600628,0.12161286175251007,0.9324055910110474,0.6779067516326904
YDR079C-A,YDL153C,0,-0.66007054,0.12159709632396698,0.9324055910110474,0.6780068278312683
YIR035C,YBR258C,0,-0.66073203,0.12158133834600449,0.9324055910110474,0.6781068444252014
YMR288W,YDL049C,0,-0.6612617,0.12156558036804199,0.9324055910110474,0.6782069206237793
YCR024C,YBL025W,0,-0.6614021,0.1215498223900795,0.9324055910110474,0.6783069968223572
YPR107C,YDR453C,0,-0.6614851,0.1215340793132782,0.9324055910110474,0.6784070730209351
YHR139C,YDL133C-A,0,-0.66203445,0.1215183287858963,0.9324055910110474,0.6785070896148682
YLR028C,YJR153W,0,-0.66214305,0.1215025931596756,0.9324055910110474,0.678607165813446
YGR216C,YER098W,0,-0.66220045,0.1214868575334549,0.9324055910110474,0.6787072420120239
YDL223C,YDR260C,0,-0.6624006,0.12147112190723419,0.9324055910110474,0.678807258605957
YJL078C,YJR086W,0,-0.6625604,0.12145539373159409,0.9324055910110474,0.6789073348045349
YBR258C,YLR344W,0,-0.66261125,0.12143966555595398,0.9324055910110474,0.6790074110031128
YFL026W,YOR255W,0,-0.662694,0.12142394483089447,0.9324055910110474,0.6791074872016907
YJL123C,YBL029C-A,0,-0.66269666,0.12140823155641556,0.9324055910110474,0.6792075037956238
YLR313C,YDR461W,0,-0.66282815,0.12139251828193665,0.9324055910110474,0.6793075799942017
YJR022W,YBL071W-A,1,-0.6631695,0.1215062141418457,0.9333996176719666,0.6793075799942017
YFR014C,YOR194C,0,-0.6631988,0.1214904934167862,0.9333996176719666,0.6794076561927795
YJL021C,YJL020C,0,-0.66330206,0.12147477269172668,0.9333996176719666,0.6795077323913574
YMR047C,YJR040W,0,-0.6633905,0.12145905941724777,0.9333996176719666,0.6796077489852905
YPL212C,YDR268W,0,-0.66359156,0.12144335359334946,0.9333996176719666,0.6797078251838684
YBR107C,YJR040W,0,-0.6636015,0.12142764776945114,0.9333996176719666,0.6798079013824463
YPR137C-A,YPL081W,0,-0.66372144,0.12141194939613342,0.9333996176719666,0.6799079179763794
YOR251C,YDR289C,0,-0.6637691,0.1213962510228157,0.9333996176719666,0.6800079941749573
YLR107W,YNL142W,0,-0.66378415,0.12138056010007858,0.9333996176719666,0.6801080703735352
YER112W,YBL071W-A,1,-0.66383594,0.1214941218495369,0.9343936443328857,0.6801080703735352
YJR095W,YDR233C,0,-0.663973,0.12147841602563858,0.9343936443328857,0.680208146572113
YDR079C-A,YMR030W,0,-0.66422147,0.12146271765232086,0.9343936443328857,0.6803081631660461
YPL050C,YBR128C,0,-0.66422325,0.12144702672958374,0.9343936443328857,0.680408239364624
YBR149W,YJR095W,0,-0.6644597,0.12143134325742722,0.9343936443328857,0.6805083155632019
YMR246W,YPR106W,0,-0.66456544,0.1214156523346901,0.9343936443328857,0.6806083917617798
YER074W-A,YMR162C,0,-0.66532356,0.12139997631311417,0.9343936443328857,0.6807084083557129
YDR365W-A,YGL005C,0,-0.6653864,0.12138430029153824,0.9343936443328857,0.6808084845542908
YGL048C,YNL021W,0,-0.66553456,0.12136862426996231,0.9343936443328857,0.6809085607528687
YNR069C,YOR148C,0,-0.66558987,0.12135295569896698,0.9343936443328857,0.6810085773468018
YBL029C-A,YJL003W,0,-0.66564846,0.12133729457855225,0.9343936443328857,0.6811086535453796
YKL190W,YBL056W,0,-0.6656701,0.12132163345813751,0.9343936443328857,0.6812087297439575
YLR410W,YFR033C,0,-0.6659001,0.12130597233772278,0.9343936443328857,0.6813088059425354
YKL090W,YBR162C,0,-0.6660577,0.12129032611846924,0.9343936443328857,0.6814088225364685
YGL172W,YCL017C,1,-0.666302,0.12140368670225143,0.9353876709938049,0.6814088225364685
YPL100W,YLR384C,0,-0.6663765,0.1213880255818367,0.9353876709938049,0.6815088987350464
YNL026W,YAL019W,0,-0.6666389,0.12137237191200256,0.9353876709938049,0.6816089749336243
YMR308C,YOR178C,0,-0.66669977,0.12135671824216843,0.9353876709938049,0.6817090511322021
YMR308C,YPL027W,0,-0.6668256,0.12134107202291489,0.9353876709938049,0.6818090677261353
YGL220W,YLL029W,0,-0.6669285,0.12132542580366135,0.9353876709938049,0.6819091439247131
YKL205W,YLR289W,0,-0.66708446,0.1213097870349884,0.9353876709938049,0.682009220123291
YDR446W,YNL263C,0,-0.6678008,0.12129414826631546,0.9353876709938049,0.6821092367172241
YAL054C,YJR112W,0,-0.66788316,0.12127851694822311,0.9353876709938049,0.682209312915802
YNR002C,YNL314W,0,-0.66796154,0.12126288563013077,0.9353876709938049,0.6823093891143799
YDR255C,YDR325W,0,-0.6679764,0.12124726176261902,0.9353876709938049,0.6824094653129578
YML071C,YKL067W,0,-0.6680993,0.12123163789510727,0.9353876709938049,0.6825094819068909
YOR054C,YOL026C,0,-0.668164,0.12121602147817612,0.9353876709938049,0.6826095581054688
YLL051C,YNR035C,0,-0.668253,0.12120041251182556,0.9353876709938049,0.6827096343040466
YER081W,YBR229C,0,-0.6685419,0.121184803545475,0.9353876709938049,0.6828097105026245
YDL247W,YKL013C,0,-0.6686586,0.12116920202970505,0.9353876709938049,0.6829097270965576
YDR310C,YIL170W,0,-0.6690599,0.12115360051393509,0.9353876709938049,0.6830098032951355
YDR480W,YKL163W,0,-0.66957545,0.12113799899816513,0.9353876709938049,0.6831098794937134
YCR005C,YBR109C,0,-0.66982436,0.12112241238355637,0.9353876709938049,0.6832099556922913
YCR069W,YLR011W,0,-0.669845,0.121106818318367,0.9353876709938049,0.6833099722862244
YKR035W-A,YER040W,0,-0.6699363,0.12109123915433884,0.9353876709938049,0.6834100484848022
YER122C,YOR022C,0,-0.6700053,0.12107565253973007,0.9353876709938049,0.6835101246833801
YOL027C,YDR306C,0,-0.67003644,0.1210600808262825,0.9353876709938049,0.6836101412773132
YBL011W,YLR117C,0,-0.67013097,0.12104450911283493,0.9353876709938049,0.6837102174758911
YDL246C,YBR081C,0,-0.67013204,0.12102893739938736,0.9353876709938049,0.683810293674469
YML013W,YGL129C,0,-0.6701507,0.12101337313652039,0.9353876709938049,0.6839103698730469
YPL275W,YKR065C,0,-0.67055875,0.12099781632423401,0.9353876709938049,0.68401038646698
YGR257C,YDR021W,0,-0.67072165,0.12098225951194763,0.9353876709938049,0.6841104626655579
YGL187C,YLR191W,0,-0.670828,0.12096670269966125,0.9353876709938049,0.6842105388641357
YMR215W,YGL096W,0,-0.6708975,0.12095115333795547,0.9353876709938049,0.6843106150627136
YGR129W,YBR052C,0,-0.67100227,0.12093561142683029,0.9353876709938049,0.6844106316566467
YKL038W,YOR258W,0,-0.6710243,0.12092006951570511,0.9353876709938049,0.6845107078552246
YGR013W,YDR009W,0,-0.6711478,0.12090453505516052,0.9353876709938049,0.6846107840538025
YDL121C,YLL066C,0,-0.6712247,0.12088900059461594,0.9353876709938049,0.6847108006477356
YPR018W,YMR149W,0,-0.67127514,0.12087347358465195,0.9353876709938049,0.6848108768463135
YJL013C,YOL137W,0,-0.67176014,0.12085794657468796,0.9353876709938049,0.6849109530448914
YDL155W,YNR059W,0,-0.67176056,0.12084242701530457,0.9353876709938049,0.6850110292434692
YLR315W,YDR037W,0,-0.67199534,0.12082691490650177,0.9353876709938049,0.6851110458374023
YBL071W-A,YLR037C,0,-0.67226636,0.12081140279769897,0.9353876709938049,0.6852111220359802
YPL239W,YHR188C,0,-0.6729158,0.12079589068889618,0.9353876709938049,0.6853111982345581
YOL049W,YDR261C-D,0,-0.6729928,0.12078038603067398,0.9353876709938049,0.685411274433136
YDR378C,YBL071W-A,1,-0.67306995,0.12089322507381439,0.9363816976547241,0.685411274433136
YMR113W,YMR092C,0,-0.67314196,0.1208777129650116,0.9363816976547241,0.6855112910270691
YKL046C,YPL113C,0,-0.6732365,0.1208622008562088,0.9363816976547241,0.685611367225647
YDL122W,YGR144W,0,-0.67325336,0.1208466961979866,0.9363816976547241,0.6857114434242249
YMR046C,YMR283C,0,-0.6733389,0.120831198990345,0.9363816976547241,0.685811460018158
YMR040W,YPL117C,0,-0.67335624,0.1208157017827034,0.9363816976547241,0.6859115362167358
YOR204W,YIL167W,0,-0.67388827,0.1208002045750618,0.9363816976547241,0.6860116124153137
YJR125C,YPR060C,0,-0.67409235,0.1207847148180008,0.9363816976547241,0.6861116886138916
YLR248W,YHR065C,0,-0.67423856,0.12076923251152039,0.9363816976547241,0.6862117052078247
YBL099W,YNL075W,0,-0.6745851,0.12075375020503998,0.9363816976547241,0.6863117814064026
YOR059C,YJL063C,0,-0.6746328,0.12073827534914017,0.9363816976547241,0.6864118576049805
YML014W,YBL071W-A,1,-0.6746873,0.12085095793008804,0.9373757243156433,0.6864118576049805
YER015W,YPR155C,0,-0.67490053,0.12083546817302704,0.9373757243156433,0.6865119338035583
YGR118W,YBR119W,0,-0.6749909,0.12081998586654663,0.9373757243156433,0.6866119503974915
YDR098C,YIL134W,0,-0.6750003,0.12080451101064682,0.9373757243156433,0.6867120265960693
YBR118W,YML004C,0,-0.6751539,0.12078903615474701,0.9373757243156433,0.6868121027946472
YIL137C,YDR353W,0,-0.67518073,0.1207735687494278,0.9373757243156433,0.6869121193885803
YDR073W,YNL064C,0,-0.67531466,0.12075810134410858,0.9373757243156433,0.6870121955871582
YGL096W,YCR060W,0,-0.6753769,0.12074263393878937,0.9373757243156433,0.6871122717857361
YHR045W,YGR038C-A,0,-0.67545855,0.12072718143463135,0.9373757243156433,0.687212347984314
YOR157C,YNR038W,0,-0.67583716,0.12071172893047333,0.9373757243156433,0.6873123645782471
YGL038C,YHL001W,0,-0.67602766,0.12069627642631531,0.9373757243156433,0.687412440776825
YNL263C,YMR280C,0,-0.6763926,0.12068083137273788,0.9373757243156433,0.6875125169754028
YGR125W,YCL026C-B,0,-0.67660034,0.12066538631916046,0.9373757243156433,0.6876125931739807
YHR098C,YNL273W,0,-0.6766365,0.12064994871616364,0.9373757243156433,0.6877126097679138
YLR057W,YPL162C,0,-0.6768448,0.12063451111316681,0.9373757243156433,0.6878126859664917
YAR027W,YLL012W,0,-0.6768752,0.12061908096075058,0.9373757243156433,0.6879127621650696
YCL016C,YLL023C,0,-0.6769044,0.12060365825891495,0.9373757243156433,0.6880127787590027
YKL201C,YNL118C,0,-0.6772167,0.12058823555707932,0.9373757243156433,0.6881128549575806
YPL097W,YDR079C-A,0,-0.6775431,0.12057282030582428,0.9373757243156433,0.6882129311561584
YNL137C,YHR113W,0,-0.6776697,0.12055740505456924,0.9373757243156433,0.6883130073547363
YDL225W,YPL183W-A,0,-0.6777602,0.12054198980331421,0.9373757243156433,0.6884130239486694
YJR048W,YKL040C,0,-0.67797893,0.12052658200263977,0.9373757243156433,0.6885131001472473
YIL076W,YOR230W,0,-0.67813313,0.12051118165254593,0.9373757243156433,0.6886131763458252
YGR133W,YBR204C,0,-0.6782875,0.12049578130245209,0.9373757243156433,0.6887132525444031
YPL181W,YBR096W,0,-0.6786587,0.12048038840293884,0.9373757243156433,0.6888132691383362
YDR191W,YHR072W-A,0,-0.67874557,0.1204649955034256,0.9373757243156433,0.6889133453369141
YBR003W,YDL010W,0,-0.6788239,0.12044961005449295,0.9373757243156433,0.6890134215354919
YOR095C,YDR350C,0,-0.67893994,0.1204342246055603,0.9373757243156433,0.6891134977340698
YOL010W,YHR072W-A,0,-0.6789687,0.12041884660720825,0.9373757243156433,0.6892135143280029
YNL037C,YOL012C,0,-0.6792771,0.1204034760594368,0.9373757243156433,0.6893135905265808
YLR256W-A,YMR123W,0,-0.6794829,0.12038809806108475,0.9373757243156433,0.6894136667251587
YLR205C,YMR135C,0,-0.679576,0.12037273496389389,0.9373757243156433,0.6895136833190918
YBL058W,YAR008W,0,-0.68014336,0.12035737186670303,0.9373757243156433,0.6896137595176697
YLR293C,YFL008W,0,-0.6801471,0.12034200876951218,0.9373757243156433,0.6897138357162476
YIL035C,YMR197C,0,-0.6808755,0.12032665312290192,0.9373757243156433,0.6898139119148254
YLL055W,YJL187C,0,-0.68110543,0.12031130492687225,0.9373757243156433,0.6899139285087585
YNL321W,YML062C,0,-0.6812269,0.12029595673084259,0.9373757243156433,0.6900140047073364
YNL300W,YKL079W,0,-0.6813545,0.12028060853481293,0.9373757243156433,0.6901140809059143
YLR274W,YPL003W,0,-0.68142384,0.12026527523994446,0.9373757243156433,0.6902141571044922
YOR382W,YGL068W,0,-0.68159527,0.12024993449449539,0.9373757243156433,0.6903141736984253
YDR473C,YPL283C,0,-0.6816634,0.12023460119962692,0.9373757243156433,0.6904142498970032
YHR111W,YNL230C,0,-0.6820307,0.12021927535533905,0.9373757243156433,0.690514326095581
YDR150W,YNL265C,0,-0.68219274,0.12020394951105118,0.9373757243156433,0.6906143426895142
YOR316C,YNL312W,0,-0.6823267,0.1201886311173439,0.9373757243156433,0.690714418888092
YOL148C,YGR121C,0,-0.6825317,0.12017331272363663,0.9373757243156433,0.6908144950866699
YGR276C,YBL071W-A,1,-0.68285,0.12028542160987854,0.9383698105812073,0.6908144950866699
YLR295C,YOL077W-A,0,-0.683013,0.12027009576559067,0.9383698105812073,0.6909145712852478
YOR212W,YLR035C,0,-0.68318594,0.12025477737188339,0.9383698105812073,0.6910145878791809
YHL003C,YNL231C,0,-0.6832831,0.12023945897817612,0.9383698105812073,0.6911146640777588
YDR381C-A,YER050C,0,-0.68346035,0.12022414803504944,0.9383698105812073,0.6912147402763367
YLL029W,YBR171W,0,-0.6837295,0.12020883709192276,0.9383698105812073,0.6913148164749146
YER143W,YDR392W,0,-0.6837551,0.12019353359937668,0.9383698105812073,0.6914148330688477
YKL043W,YBR179C,0,-0.6839594,0.1201782301068306,0.9383698105812073,0.6915149092674255
YGL085W,YML052W,0,-0.6840536,0.12016293406486511,0.9383698105812073,0.6916149854660034
YDR430C,YER090W,0,-0.68418854,0.12014763802289963,0.9383698105812073,0.6917150020599365
YJL076W,YDL243C,0,-0.6846255,0.12013234943151474,0.9383698105812073,0.6918150782585144
YDR411C,YPR112C,0,-0.6847873,0.12011706084012985,0.9383698105812073,0.6919151544570923
YNL279W,YDR287W,0,-0.6850971,0.12010177969932556,0.9383698105812073,0.6920152306556702
YML066C,YPR151C,0,-0.6851286,0.12008650600910187,0.9383698105812073,0.6921152472496033
YER039C,YML099C,0,-0.68519187,0.12007123231887817,0.9383698105812073,0.6922153234481812
YDR144C,YLR069C,0,-0.685278,0.12005595862865448,0.9383698105812073,0.692315399646759
YJL216C,YHR002W,0,-0.68583494,0.12004069238901138,0.9383698105812073,0.6924154758453369
YOR301W,YNR074C,0,-0.6859397,0.12002542614936829,0.9383698105812073,0.69251549243927
YOR177C,YIL110W,0,-0.6860632,0.12001016736030579,0.9383698105812073,0.6926155686378479
YOR103C,YIL153W,0,-0.6862236,0.11999491602182388,0.9383698105812073,0.6927156448364258
YOL055C,YJR049C,0,-0.68623567,0.11997966468334198,0.9383698105812073,0.6928156614303589
YOL132W,YDR151C,0,-0.68654054,0.11996442079544067,0.9383698105812073,0.6929157376289368
YOR301W,YCR024C,0,-0.68666357,0.11994917690753937,0.9383698105812073,0.6930158138275146
YOR219C,YNL261W,0,-0.68678963,0.11993393301963806,0.9383698105812073,0.6931158900260925
YLL033W,YHR037W,0,-0.6868119,0.11991869658231735,0.9383698105812073,0.6932159066200256
YMR091C,YCR067C,0,-0.6868254,0.11990346759557724,0.9383698105812073,0.6933159828186035
YLR359W,YMR161W,0,-0.6870188,0.11988823860883713,0.9383698105812073,0.6934160590171814
YKR065C,YDR206W,0,-0.68734205,0.11987301707267761,0.9383698105812073,0.6935161352157593
YPL053C,YGL245W,0,-0.68745446,0.1198577955365181,0.9383698105812073,0.6936161518096924
YBR233W-A,YIL144W,0,-0.68765676,0.11984258145093918,0.9383698105812073,0.6937162280082703
YML039W,YBR152W,0,-0.68815464,0.11982736736536026,0.9383698105812073,0.6938163042068481
YAL054C,YER008C,0,-0.68850213,0.11981216073036194,0.9383698105812073,0.6939163208007812
YKL099C,YFR033C,0,-0.68876237,0.11979695409536362,0.9383698105812073,0.6940163969993591
YKL025C,YHR001W-A,0,-0.6889061,0.11978175491094589,0.9383698105812073,0.694116473197937
YLR319C,YDR435C,0,-0.68917054,0.11976655572652817,0.9383698105812073,0.6942165493965149
YOR005C,YER055C,0,-0.689203,0.11975136399269104,0.9383698105812073,0.694316565990448
YMR261C,YDR079C-A,0,-0.68939066,0.11973617225885391,0.9383698105812073,0.6944166421890259
YCL044C,YGL233W,0,-0.6896896,0.11972098797559738,0.9383698105812073,0.6945167183876038
YNL073W,YHR149C,0,-0.68973005,0.11970581114292145,0.9383698105812073,0.6946167945861816
YPL061W,YML096W,0,-0.6897844,0.11969062685966492,0.9383698105812073,0.6947168111801147
YKL210W,YMR014W,0,-0.6897947,0.11967545747756958,0.9383698105812073,0.6948168873786926
YKR022C,YGR038C-A,0,-0.69030374,0.11966028809547424,0.9383698105812073,0.6949169635772705
YHR035W,YGR161W-B,0,-0.6905352,0.1196451187133789,0.9383698105812073,0.6950170397758484
YML091C,YMR023C,1,-0.6906359,0.11975668370723724,0.9393638372421265,0.6950170397758484
YHR057C,YNL238W,0,-0.6908453,0.11974150687456131,0.9393638372421265,0.6951170563697815
YPR002W,YOR088W,0,-0.69085085,0.11972633749246597,0.9393638372421265,0.6952171325683594
YDR039C,YKL130C,0,-0.69088113,0.11971117556095123,0.9393638372421265,0.6953172087669373
YNL005C,YKL074C,0,-0.6909691,0.11969601362943649,0.9393638372421265,0.6954172253608704
YJL010C,YDR530C,0,-0.69105667,0.11968085169792175,0.9393638372421265,0.6955173015594482
YHR026W,YDL133C-A,0,-0.6910914,0.11966569721698761,0.9393638372421265,0.6956173777580261
YDR178W,YPR148C,0,-0.6911711,0.11965054273605347,0.9393638372421265,0.695717453956604
YDR025W,YPR001W,0,-0.691252,0.11963539570569992,0.9393638372421265,0.6958174705505371
YIL047C,YIL073C,0,-0.6914496,0.11962025612592697,0.9393638372421265,0.695917546749115
YML076C,YMR002W,0,-0.6918621,0.11960511654615402,0.9393638372421265,0.6960176229476929
YCL064C,YLR301W,0,-0.6922282,0.11958997696638107,0.9393638372421265,0.6961176991462708
YDR194C,YMR251W-A,0,-0.6923078,0.11957484483718872,0.9393638372421265,0.6962177157402039
YFL003C,YNR031C,0,-0.6924386,0.11955972015857697,0.9393638372421265,0.6963177919387817
YJR130C,YGR183C,0,-0.6925131,0.11954459547996521,0.9393638372421265,0.6964178681373596
YOL038W,YLL014W,0,-0.69294053,0.11952947080135345,0.9393638372421265,0.6965178847312927
YMR032W,YDR434W,0,-0.6929712,0.1195143535733223,0.9393638372421265,0.6966179609298706
YPL156C,YDR314C,0,-0.69313234,0.11949924379587173,0.9393638372421265,0.6967180371284485
YML062C,YIL006W,0,-0.69314665,0.11948413401842117,0.9393638372421265,0.6968181133270264
YJL151C,YNL281W,0,-0.6937442,0.11946902424097061,0.9393638372421265,0.6969181299209595
YOR035C,YOL145C,0,-0.6938323,0.11945392191410065,0.9393638372421265,0.6970182061195374
YCR097W,YEL037C,0,-0.69393015,0.11943882703781128,0.9393638372421265,0.6971182823181152
YDR072C,YPL198W,0,-0.6939693,0.11942373216152191,0.9393638372421265,0.6972183585166931
YMR046C,YPL047W,0,-0.69411963,0.11940864473581314,0.9393638372421265,0.6973183751106262
YDR454C,YFL016C,0,-0.6942719,0.11939355731010437,0.9393638372421265,0.6974184513092041
YDL178W,YPR010C,0,-0.69438624,0.1193784773349762,0.9393638372421265,0.697518527507782
YDR348C,YOR293W,0,-0.6944787,0.11936339735984802,0.9393638372421265,0.6976185441017151
YER087C-B,YDR522C,0,-0.6945396,0.11934831738471985,0.9393638372421265,0.697718620300293
YFR030W,YDR082W,0,-0.6945636,0.11933325231075287,0.9393638372421265,0.6978186964988708
YDR141C,YNL052W,0,-0.69513553,0.11931817978620529,0.9393638372421265,0.6979187726974487
YPR001W,YOR191W,0,-0.6954807,0.11930311471223831,0.9393638372421265,0.6980187892913818
YNL079C,YER185W,0,-0.69554836,0.11928805708885193,0.9393638372421265,0.6981188654899597
YIR015W,YGL211W,1,-0.6956718,0.11939921975135803,0.9403578639030457,0.6981188654899597
YPL249C-A,YIL050W,0,-0.69595325,0.11938414722681046,0.9403578639030457,0.6982189416885376
YGL079W,YML120C,0,-0.6960336,0.11936908215284348,0.9403578639030457,0.6983190178871155
YML005W,YBL071W-A,1,-0.696079,0.1194801926612854,0.9413518905639648,0.6983190178871155
YDL235C,YFR045W,0,-0.6961999,0.11946512013673782,0.9413518905639648,0.6984190344810486
YBR183W,YGL233W,0,-0.69630295,0.11945004761219025,0.9413518905639648,0.6985191106796265
YHL013C,YKL062W,0,-0.69632953,0.11943498253822327,0.9413518905639648,0.6986191868782043
YPL217C,YDR381C-A,0,-0.69652843,0.11941992491483688,0.9413518905639648,0.6987192034721375
YBR067C,YNL132W,0,-0.6965462,0.1194048672914505,0.9413518905639648,0.6988192796707153
YOR020C,YHR009C,0,-0.6968406,0.11938981711864471,0.9413518905639648,0.6989193558692932
YNL284C-B,YJL024C,0,-0.6970733,0.11937476694583893,0.9413518905639648,0.6990194320678711
YNL010W,YNL177C,0,-0.69741356,0.11935971677303314,0.9413518905639648,0.6991194486618042
YJL021C,YER157W,0,-0.697554,0.11934467405080795,0.9413518905639648,0.6992195248603821
YNL047C,YNL052W,0,-0.697626,0.11932963877916336,0.9413518905639648,0.69931960105896
YGR083C,YHR001W,0,-0.69763714,0.11931460350751877,0.9413518905639648,0.6994196772575378
YDL049C,YJL174W,0,-0.6977004,0.11929956823587418,0.9413518905639648,0.699519693851471
YJR147W,YJR084W,0,-0.69773155,0.11928454786539078,0.9413518905639648,0.6996197700500488
YGL048C,YLR222C,0,-0.698756,0.11926952004432678,0.9413518905639648,0.6997198462486267
YBR057C,YIL043C,0,-0.6988232,0.11925449967384338,0.9413518905639648,0.6998198628425598
YPL124W,YOR227W,0,-0.69897306,0.11923948675394058,0.9413518905639648,0.6999199390411377
YDR002W,YDR262W,0,-0.6989924,0.11922447383403778,0.9413518905639648,0.7000200152397156
YDR476C,YOL130W,0,-0.6992699,0.11920946836471558,0.9413518905639648,0.7001200914382935
YDR516C,YPL040C,0,-0.6997259,0.11919446289539337,0.9413518905639648,0.7002201080322266
YDR173C,YLL057C,0,-0.69992954,0.11917946487665176,0.9413518905639648,0.7003201842308044
YLR227W-A,YER074W,0,-0.7001309,0.11916446685791016,0.9413518905639648,0.7004202604293823
YIL007C,YIL103W,0,-0.70029485,0.11914946883916855,0.9413518905639648,0.7005203366279602
YLR293C,YLR404W,0,-0.7004428,0.11913448572158813,0.9413518905639648,0.7006203532218933
YMR244C-A,YPR086W,0,-0.70084405,0.11911949515342712,0.9413518905639648,0.7007204294204712
YKL184W,YFR045W,0,-0.70085007,0.11910451203584671,0.9413518905639648,0.7008205056190491
YNR024W,YDR381C-A,0,-0.7009702,0.1190895363688469,0.9413518905639648,0.700920581817627
YGR034W,YCR080W,0,-0.70105475,0.11907456070184708,0.9413518905639648,0.7010205984115601
YGL038C,YPR162C,0,-0.7011268,0.11905959248542786,0.9413518905639648,0.7011206746101379
YOR226C,YBL029C-A,0,-0.7013581,0.11904462426900864,0.9413518905639648,0.7012207508087158
YEL024W,YKL006W,0,-0.7015009,0.11902966350317001,0.9413518905639648,0.7013207674026489
YDL117W,YDL126C,0,-0.7016702,0.11901470273733139,0.9413518905639648,0.7014208436012268
YGR178C,YNL055C,0,-0.7019038,0.11899974942207336,0.9413518905639648,0.7015209197998047
YMR312W,YIR015W,1,-0.7019423,0.11911044269800186,0.942345917224884,0.7015209197998047
YDL174C,YBL042C,0,-0.70221096,0.11909547448158264,0.942345917224884,0.7016209959983826
YKL080W,YDL123W,0,-0.7022391,0.11908052116632462,0.942345917224884,0.7017210125923157
YIL137C,YPL237W,0,-0.70270526,0.11906556040048599,0.942345917224884,0.7018210887908936
YPR091C,YDL117W,0,-0.70306504,0.11905060708522797,0.942345917224884,0.7019211649894714
YMR251W-A,YLR299W,0,-0.7031721,0.11903566122055054,0.942345917224884,0.7020212411880493
YML091C,YOL141W,1,-0.7032331,0.11914626508951187,0.9433399438858032,0.7020212411880493
YPR158W-A,YOR196C,0,-0.70323825,0.11913131177425385,0.9433399438858032,0.7021212577819824
YPR201W,YNL072W,0,-0.70340055,0.11911635845899582,0.9433399438858032,0.7022213339805603
YIL110W,YKL096W-A,0,-0.7038225,0.11910140514373779,0.9433399438858032,0.7023214101791382
YNL214W,YHR134W,0,-0.7040286,0.11908645927906036,0.9433399438858032,0.7024214267730713
YLR209C,YGR216C,0,-0.7041391,0.11907152086496353,0.9433399438858032,0.7025215029716492
YDR244W,YCR106W,0,-0.7042504,0.1190565824508667,0.9433399438858032,0.702621579170227
YBR015C,YBR132C,0,-0.7042684,0.11904164403676987,0.9433399438858032,0.7027216553688049
YJL168C,YBR018C,0,-0.70430166,0.11902671307325363,0.9433399438858032,0.702821671962738
YDR216W,YKL176C,0,-0.7043022,0.119011789560318,0.9433399438858032,0.7029217481613159
YHR079C-B,YNL225C,0,-0.7043258,0.11899686604738235,0.9433399438858032,0.7030218243598938
YBL052C,YGR038C-A,0,-0.70439506,0.11898194253444672,0.9433399438858032,0.7031219005584717
YMR160W,YGR099W,0,-0.704545,0.11896703392267227,0.9433399438858032,0.7032219171524048
YPR011C,YGR264C,0,-0.7046687,0.11895211786031723,0.9433399438858032,0.7033219933509827
YCL012W,YPL096W,0,-0.7047769,0.11893720924854279,0.9433399438858032,0.7034220695495605
YLL019C,YKL112W,0,-0.70498073,0.11892230808734894,0.9433399438858032,0.7035220861434937
YOL122C,YOR153W,0,-0.705323,0.11890740692615509,0.9433399438858032,0.7036221623420715
YML022W,YEL005C,0,-0.70540774,0.11889250576496124,0.9433399438858032,0.7037222385406494
YOR215C,YDL209C,0,-0.70579314,0.11887761205434799,0.9433399438858032,0.7038223147392273
YDL107W,YIL147C,0,-0.7060038,0.11886272579431534,0.9433399438858032,0.7039223313331604
YBR061C,YER125W,1,-0.70604414,0.11897307634353638,0.9443339705467224,0.7039223313331604
YER041W,YPR104C,0,-0.7063564,0.11895817518234253,0.9443339705467224,0.7040224075317383
YDR519W,YOR335C,0,-0.70640194,0.11894328147172928,0.9443339705467224,0.7041224837303162
YNL278W,YOR045W,0,-0.7064751,0.11892839521169662,0.9443339705467224,0.704222559928894
YDR108W,YDR381C-A,0,-0.7069425,0.11891350895166397,0.9443339705467224,0.7043225765228271
YEL030W,YML069W,0,-0.70694816,0.11889862269163132,0.9443339705467224,0.704422652721405
YDL052C,YBR016W,0,-0.70700604,0.11888374388217926,0.9443339705467224,0.7045227289199829
YBR044C,YBR295W,0,-0.7071186,0.1188688725233078,0.9443339705467224,0.704622745513916
YKL096W,YER013W,0,-0.70723367,0.11885399371385574,0.9443339705467224,0.7047228217124939
YOL128C,YDR229W,0,-0.7074639,0.11883912980556488,0.9443339705467224,0.7048228979110718
YGL013C,YDR306C,0,-0.7075038,0.11882426589727402,0.9443339705467224,0.7049229741096497
YER044C-A,YBR287W,0,-0.707677,0.11880940198898315,0.9443339705467224,0.7050229907035828
YBR271W,YER094C,0,-0.70788383,0.11879454553127289,0.9443339705467224,0.7051230669021606
YIL022W,YEL071W,0,-0.70822513,0.11877969652414322,0.9443339705467224,0.7052231431007385
YIL114C,YJR117W,0,-0.7084008,0.11876484751701355,0.9443339705467224,0.7053232192993164
YLR047C,YGL224C,0,-0.70851356,0.11874999850988388,0.9443339705467224,0.7054232358932495
YPL249C,YLR165C,0,-0.7090266,0.11873515695333481,0.9443339705467224,0.7055233120918274
YOL011W,YLR069C,0,-0.70939124,0.11872032284736633,0.9443339705467224,0.7056233882904053
YIL068C,YKL067W,0,-0.7097445,0.11870548874139786,0.9443339705467224,0.7057234048843384
YOR142W-A,YJL059W,0,-0.70981914,0.11869065463542938,0.9443339705467224,0.7058234810829163
YJR132W,YNL081C,0,-0.71020377,0.1186758279800415,0.9443339705467224,0.7059235572814941
YML132W,YDR237W,0,-0.7103493,0.11866100132465363,0.9443339705467224,0.706023633480072
YJL127C,YBR127C,0,-0.71057,0.11864618211984634,0.9443339705467224,0.7061236500740051
YFL002C,YCR080W,0,-0.7108414,0.11863137036561966,0.9443339705467224,0.706223726272583
YML091C,YGR169C,1,-0.71099067,0.11874141544103622,0.9453280568122864,0.706223726272583
YIL053W,YGR105W,0,-0.7112942,0.11872658878564835,0.9453280568122864,0.7063238024711609
YDR310C,YDR284C,0,-0.71137255,0.11871176958084106,0.9453280568122864,0.7064238786697388
YCL039W,YLR449W,0,-0.71150106,0.11869695782661438,0.9453280568122864,0.7065238952636719
YOR245C,YHR041C,0,-0.71159154,0.1186821386218071,0.9453280568122864,0.7066239714622498
YHR079C-A,YGL038C,0,-0.7116159,0.11866733431816101,0.9453280568122864,0.7067240476608276
YOL058W,YPR011C,0,-0.7117797,0.11865253001451492,0.9453280568122864,0.7068241238594055
YDR145W,YMR173W,0,-0.71190274,0.11863772571086884,0.9453280568122864,0.7069241404533386
YDL021W,YDR127W,0,-0.71202224,0.11862292885780334,0.9453280568122864,0.7070242166519165
YPR151C,YPL042C,0,-0.7120416,0.11860813200473785,0.9453280568122864,0.7071242928504944
YGL237C,YDL211C,0,-0.7121507,0.11859334260225296,0.9453280568122864,0.7072243094444275
YMR052W,YGR202C,0,-0.7122698,0.11857855319976807,0.9453280568122864,0.7073243856430054
YBR177C,YDR075W,0,-0.71227884,0.11856377124786377,0.9453280568122864,0.7074244618415833
YDL105W,YFR024C,0,-0.712317,0.11854898929595947,0.9453280568122864,0.7075245380401611
YBR118W,YGR180C,0,-0.7123678,0.11853421479463577,0.9453280568122864,0.7076245546340942
YDR293C,YER117W,0,-0.71249235,0.11851944029331207,0.9453280568122864,0.7077246308326721
YOR319W,YLR042C,0,-0.7129547,0.11850467324256897,0.9453280568122864,0.70782470703125
YOR299W,YLR157C,0,-0.7133025,0.11848990619182587,0.9453280568122864,0.7079247832298279
YHR104W,YDR434W,0,-0.71351415,0.11847514659166336,0.9453280568122864,0.708024799823761
YKR080W,YLR160C,0,-0.71356,0.11846038699150085,0.9453280568122864,0.7081248760223389
YAL028W,YOL094C,0,-0.7136912,0.11844563484191895,0.9453280568122864,0.7082249522209167
YNL178W,YDR349C,0,-0.7138343,0.11843088269233704,0.9453280568122864,0.7083249688148499
YFR042W,YGL078C,0,-0.7140366,0.11841613799333572,0.9453280568122864,0.7084250450134277
YJL104W,YDR309C,0,-0.7142087,0.11840139329433441,0.9453280568122864,0.7085251212120056
YNL054W,YGL170C,0,-0.7142334,0.1183866560459137,0.9453280568122864,0.7086251974105835
YOR329C,YML109W,0,-0.7146081,0.11837191879749298,0.9453280568122864,0.7087252140045166
YDL126C,YPL069C,0,-0.7147492,0.11835718899965286,0.9453280568122864,0.7088252902030945
YJL021C,YLR249W,0,-0.71487355,0.11834245920181274,0.9453280568122864,0.7089253664016724
YER146W,YBL071W-A,1,-0.7148881,0.11845216155052185,0.9463220834732056,0.7089253664016724
YMR087W,YER112W,1,-0.71506715,0.11856183409690857,0.9473161101341248,0.7089253664016724
YER055C,YHR201C,0,-0.71518004,0.11854708194732666,0.9473161101341248,0.7090254426002502
YHR119W,YHR210C,0,-0.71554834,0.11853233724832535,0.9473161101341248,0.7091254591941833
YGR125W,YBR037C,0,-0.7155838,0.11851759999990463,0.9473161101341248,0.7092255353927612
YGL038C,YKL145W,0,-0.71571565,0.11850286275148392,0.9473161101341248,0.7093256115913391
YNL225C,YHR056C,0,-0.71591306,0.1184881255030632,0.9473161101341248,0.7094256281852722
YDR105C,YDR040C,0,-0.71600723,0.11847339570522308,0.9473161101341248,0.7095257043838501
YBL040C,YDR268W,0,-0.7161058,0.11845867335796356,0.9473161101341248,0.709625780582428
YOR122C,YOR250C,0,-0.71614873,0.11844395101070404,0.9473161101341248,0.7097258567810059
YMR322C,YOR008C,0,-0.71641594,0.11842922866344452,0.9473161101341248,0.709825873374939
YOR284W,YDL128W,0,-0.7165103,0.1184145137667656,0.9473161101341248,0.7099259495735168
YAR031W,YGL027C,0,-0.71688753,0.11839979887008667,0.9473161101341248,0.7100260257720947
YGR084C,YOL068C,0,-0.7173356,0.11838509142398834,0.9473161101341248,0.7101261019706726
YNL003C,YBR298C,0,-0.7174954,0.11837039142847061,0.9473161101341248,0.7102261185646057
YLR260W,YHR158C,0,-0.7175844,0.11835569143295288,0.9473161101341248,0.7103261947631836
YKL167C,YPL010W,0,-0.7176095,0.11834099143743515,0.9473161101341248,0.7104262709617615
YEL026W,YER038C,0,-0.71762437,0.11832629889249802,0.9473161101341248,0.7105262875556946
YDR205W,YDR041W,0,-0.7177408,0.11831160634756088,0.9473161101341248,0.7106263637542725
YPR055W,YER165W,0,-0.71777415,0.11829692125320435,0.9473161101341248,0.7107264399528503
YLR297W,YGR046W,0,-0.7177841,0.11828223615884781,0.9473161101341248,0.7108265161514282
YKL203C,YOR125C,0,-0.71795595,0.11826755851507187,0.9473161101341248,0.7109265327453613
YGR034W,YCR058C,0,-0.7180144,0.11825288832187653,0.9473161101341248,0.7110266089439392
YPL158C,YMR251W-A,0,-0.718173,0.11823821067810059,0.9473161101341248,0.7111266851425171
YCL033C,YML059C,0,-0.7183862,0.11822354793548584,0.9473161101341248,0.711226761341095
YNR018W,YOL044W,0,-0.718399,0.1182088777422905,0.9473161101341248,0.7113267779350281
YLR136C,YHR006W,0,-0.7188801,0.11819422245025635,0.9473161101341248,0.711426854133606
YPR113W,YOR255W,0,-0.71913195,0.1181795671582222,0.9473161101341248,0.7115269303321838
YDR210C-C,YBR253W,0,-0.7196249,0.11816491186618805,0.9473161101341248,0.7116269469261169
YDL074C,YDR210C-C,0,-0.72012806,0.1181502640247345,0.9473161101341248,0.7117270231246948
YGL187C,YJL021C,0,-0.72017956,0.11813561618328094,0.9473161101341248,0.7118270993232727
YIL048W,YKL006C-A,0,-0.7202498,0.11812096834182739,0.9473161101341248,0.7119271755218506
YDR513W,YOL077W-A,0,-0.7204896,0.11810633540153503,0.9473161101341248,0.7120271921157837
YAL005C,YDL189W,0,-0.7205671,0.11809169501066208,0.9473161101341248,0.7121272683143616
YCL043C,YOR377W,0,-0.7205883,0.11807706952095032,0.9473161101341248,0.7122273445129395
YCL062W,YHR026W,0,-0.7206556,0.11806243658065796,0.9473161101341248,0.7123274207115173
YPL187W,YGR161C-D,0,-0.7209137,0.1180478110909462,0.9473161101341248,0.7124274373054504
YNL045W,YHR111W,0,-0.7209141,0.11803319305181503,0.9473161101341248,0.7125275135040283
YDR191W,YOR187W,0,-0.72097373,0.11801857501268387,0.9473161101341248,0.7126275897026062
YDR281C,YDR371W,0,-0.7210604,0.1180039644241333,0.9473161101341248,0.7127276659011841
YMR295C,YNL154C,0,-0.7211818,0.11798935383558273,0.9473161101341248,0.7128276824951172
YNL071W,YGR251W,0,-0.7214155,0.11797474324703217,0.9473161101341248,0.7129277586936951
YGL170C,YDL077C,0,-0.72145474,0.1179601401090622,0.9473161101341248,0.713027834892273
YNL336W,YIL041W,0,-0.7214785,0.11794554442167282,0.9473161101341248,0.713127851486206
YDR129C,YML058W-A,0,-0.7216603,0.11793094873428345,0.9473161101341248,0.7132279276847839
YDR384C,YOR088W,0,-0.72178024,0.11791636049747467,0.9473161101341248,0.7133280038833618
YIL134W,YKR095W,0,-0.72209996,0.1179017722606659,0.9473161101341248,0.7134280800819397
YJR149W,YER108C,0,-0.72219414,0.11788718402385712,0.9473161101341248,0.7135280966758728
YIL061C,YGR282C,0,-0.72275925,0.11787260323762894,0.9473161101341248,0.7136281728744507
YLR070C,YBR288C,0,-0.7228723,0.11785802990198135,0.9473161101341248,0.7137282490730286
YER167W,YBR075W,0,-0.7230277,0.11784344911575317,0.9473161101341248,0.7138283252716064
YEL052W,YLR278C,0,-0.7230998,0.11782888323068619,0.9473161101341248,0.7139283418655396
YCR070W,YFR009W,0,-0.72317755,0.1178143173456192,0.9473161101341248,0.7140284180641174
YDL201W,YGL142C,0,-0.7235759,0.11779975146055222,0.9473161101341248,0.7141284942626953
YGR246C,YDL091C,0,-0.72378033,0.11778519302606583,0.9473161101341248,0.7142285108566284
YOR026W,YMR267W,0,-0.72390115,0.11777063459157944,0.9473161101341248,0.7143285870552063
YML052W,YKL001C,0,-0.72404534,0.11775608360767365,0.9473161101341248,0.7144286632537842
YJL018W,YOR222W,0,-0.72426784,0.11774154007434845,0.9473161101341248,0.7145287394523621
YNL145W,YDL225W,0,-0.72443134,0.11772698909044266,0.9473161101341248,0.7146287560462952
YCL074W,YKR101W,0,-0.72449946,0.11771245300769806,0.9473161101341248,0.714728832244873
YLR095C,YPR068C,0,-0.72488976,0.11769790947437286,0.9473161101341248,0.7148289084434509
YNR010W,YBL029C-A,0,-0.72495157,0.11768338084220886,0.9473161101341248,0.7149289846420288
YMR087W,YER125W,1,-0.7252375,0.11779232323169708,0.948310136795044,0.7149289846420288
YGL087C,YDR073W,0,-0.72535956,0.11777777969837189,0.948310136795044,0.7150290012359619
YIL017W,YBR104W,0,-0.7253649,0.11776323616504669,0.948310136795044,0.7151290774345398
YHR072W-A,YPL183W-A,0,-0.7254267,0.11774870753288269,0.948310136795044,0.7152291536331177
YPL086C,YKL200C,0,-0.7256809,0.11773417145013809,0.948310136795044,0.7153291702270508
YLR264W,YPL180W,0,-0.72588927,0.11771964281797409,0.948310136795044,0.7154292464256287
YLL048C,YDL061C,0,-0.7262233,0.11770512163639069,0.948310136795044,0.7155293226242065
YCL012W,YKR045C,0,-0.72628146,0.11769060045480728,0.948310136795044,0.7156293988227844
YDR473C,YHR214C-C,0,-0.7263783,0.11767607927322388,0.948310136795044,0.7157294154167175
YHR196W,YGL180W,0,-0.726429,0.11766156554222107,0.948310136795044,0.7158294916152954
YNL284C-A,YLR043C,0,-0.7264726,0.11764705926179886,0.948310136795044,0.7159295678138733
YLR305C,YMR238W,0,-0.72666836,0.11763255298137665,0.948310136795044,0.7160296440124512
YHL018W,YDL018C,0,-0.726783,0.11761804670095444,0.948310136795044,0.7161296606063843
YMR083W,YIL021W,0,-0.72681725,0.11760354787111282,0.948310136795044,0.7162297368049622
YCL017C,YGL098W,0,-0.72683716,0.1175890564918518,0.948310136795044,0.71632981300354
YNL037C,YKL084W,0,-0.7268529,0.11757456511259079,0.948310136795044,0.7164298295974731
YHR004C,YCR020W-B,0,-0.7270088,0.11756007373332977,0.948310136795044,0.716529905796051
YGR254W,YHR214C-C,0,-0.72740424,0.11754558980464935,0.948310136795044,0.7166299819946289
YDR092W,YDR404C,0,-0.727456,0.11753110587596893,0.948310136795044,0.7167300581932068
YCR080W,YIL040W,0,-0.727584,0.11751662939786911,0.948310136795044,0.7168300747871399
YNR044W,YBL056W,0,-0.7277384,0.11750215291976929,0.948310136795044,0.7169301509857178
YJL013C,YAL048C,0,-0.7279208,0.11748768389225006,0.948310136795044,0.7170302271842957
YDR365W-B,YOR295W,0,-0.7279876,0.11747321486473083,0.948310136795044,0.7171303033828735
YFR016C,YPL099C,0,-0.7284689,0.1174587532877922,0.948310136795044,0.7172303199768066
YBR039W,YFR024C,0,-0.728824,0.11744429171085358,0.948310136795044,0.7173303961753845
YLR026C,YGR038C-A,0,-0.7290842,0.11742983758449554,0.948310136795044,0.7174304723739624
YBR114W,YCL003W,0,-0.729136,0.11741538345813751,0.948310136795044,0.7175304889678955
YCL062W,YBR045C,0,-0.7291813,0.11740093678236008,0.948310136795044,0.7176305651664734
YDL040C,YLR259C,0,-0.7296061,0.11738649010658264,0.948310136795044,0.7177306413650513
YPR164W,YPL140C,0,-0.7296573,0.1173720508813858,0.948310136795044,0.7178307175636292
YDR373W,YHR079C-B,0,-0.7296989,0.11735761165618896,0.948310136795044,0.7179307341575623
YMR040W,YDL211C,0,-0.7298861,0.11734317243099213,0.948310136795044,0.7180308103561401
YOL088C,YDL220C,0,-0.72998047,0.11732874065637589,0.948310136795044,0.718130886554718
YML091C,YML005W,1,-0.7300512,0.11743728816509247,0.9493041634559631,0.718130886554718
YCL012W,YMR168C,0,-0.73007625,0.11742284148931503,0.9493041634559631,0.7182309627532959
YGL032C,YBR302C,0,-0.730116,0.11740840971469879,0.9493041634559631,0.718330979347229
YER054C,YHR132C,0,-0.73032653,0.11739397794008255,0.9493041634559631,0.7184310555458069
YDR092W,YNR074C,0,-0.7303816,0.11737954616546631,0.9493041634559631,0.7185311317443848
YPL137C,YNL314W,0,-0.7304708,0.11736512184143066,0.9493041634559631,0.7186312079429626
YER108C,YMR241W,0,-0.7305237,0.11735069751739502,0.9493041634559631,0.7187312245368958
YDL240W,YKL200C,0,-0.7308029,0.11733628064393997,0.9493041634559631,0.7188313007354736
YLR347C,YBR075W,0,-0.7308227,0.11732186377048492,0.9493041634559631,0.7189313769340515
YCR016W,YCL012W,0,-0.73115414,0.11730745434761047,0.9493041634559631,0.7190313935279846
YKR018C,YAR042W,0,-0.73127806,0.11729304492473602,0.9493041634559631,0.7191314697265625
YPL013C,YDL230W,0,-0.7315721,0.11727864295244217,0.9493041634559631,0.7192315459251404
YEL046C,YKL046C,0,-0.7316233,0.11726424098014832,0.9493041634559631,0.7193316221237183
YOL059W,YML024W,0,-0.73172116,0.11724984645843506,0.9493041634559631,0.7194316387176514
YIL153W,YCR058C,0,-0.73184884,0.1172354519367218,0.9493041634559631,0.7195317149162292
YPL217C,YCR058C,0,-0.7318778,0.11722106486558914,0.9493041634559631,0.7196317911148071
YLR359W,YCR058C,0,-0.7319732,0.11720667779445648,0.9493041634559631,0.719731867313385
YPR167C,YKL005C,0,-0.7320795,0.11719229072332382,0.9493041634559631,0.7198318839073181
YJR091C,YOR130C,0,-0.732098,0.11717791110277176,0.9493041634559631,0.719931960105896
YGR282C,YCL032W,0,-0.7321229,0.11716353893280029,0.9493041634559631,0.7200320363044739
YAR002C-A,YNR037C,0,-0.73213756,0.11714916676282883,0.9493041634559631,0.720132052898407
YDL246C,YKL110C,0,-0.73223644,0.11713479459285736,0.9493041634559631,0.7202321290969849
YIL147C,YCR079W,0,-0.7322874,0.11712042987346649,0.9493041634559631,0.7203322052955627
YMR240C,YGL010W,0,-0.73233676,0.11710607260465622,0.9493041634559631,0.7204322814941406
YKR055W,YNL054W-A,0,-0.7324655,0.11709171533584595,0.9493041634559631,0.7205322980880737
YPL207W,YER125W,1,-0.7328204,0.11719994992017746,0.9502981901168823,0.7205322980880737
YEL071W,YGL127C,0,-0.7328951,0.11718558520078659,0.9502981901168823,0.7206323742866516
YMR093W,YCR058C,0,-0.73303145,0.11717122048139572,0.9502981901168823,0.7207324504852295
YLR391W,YJR150C,0,-0.73311913,0.11715686321258545,0.9502981901168823,0.7208325266838074
YHR193C,YPR111W,0,-0.73326385,0.11714250594377518,0.9502981901168823,0.7209325432777405
YLR044C,YDR266C,0,-0.73328364,0.1171281561255455,0.9502981901168823,0.7210326194763184
YER015W,YPR026W,0,-0.73333675,0.11711380630731583,0.9502981901168823,0.7211326956748962
YGR157W,YBR090C-A,0,-0.7335103,0.11709946393966675,0.9502981901168823,0.7212327122688293
YHR079C-A,YGL001C,0,-0.73356307,0.11708512157201767,0.9502981901168823,0.7213327884674072
YER087C-B,YPR155C,0,-0.73362446,0.11707077920436859,0.9502981901168823,0.7214328646659851
YMR244C-A,YIL158W,0,-0.73396766,0.11705644428730011,0.9502981901168823,0.721532940864563
YNR060W,YER108C,0,-0.7340462,0.11704211682081223,0.9502981901168823,0.7216329574584961
YCL012W,YPR023C,0,-0.7341356,0.11702778935432434,0.9502981901168823,0.721733033657074
YMR193W,YER035W,0,-0.7341922,0.11701346188783646,0.9502981901168823,0.7218331098556519
YDR198C,YER108C,0,-0.73421055,0.11699914187192917,0.9502981901168823,0.7219331860542297
YER074W-A,YJR152W,0,-0.73455834,0.11698482930660248,0.9502981901168823,0.7220332026481628
YOR222W,YCL003W,0,-0.734752,0.11697050929069519,0.9502981901168823,0.7221332788467407
YMR202W,YDL066W,0,-0.7348096,0.1169562041759491,0.9502981901168823,0.7222333550453186
YLL004W,YMR041C,0,-0.7349723,0.116941899061203,0.9502981901168823,0.7223333716392517
YCL012W,YNL254C,0,-0.7350011,0.11692759394645691,0.9502981901168823,0.7224334478378296
YOL076W,YFR024C,0,-0.7351241,0.11691329628229141,0.9502981901168823,0.7225335240364075
YBR172C,YCL060C,0,-0.7351835,0.11689899861812592,0.9502981901168823,0.7226336002349854
YAL005C,YLR059C,0,-0.7354776,0.11688470840454102,0.9502981901168823,0.7227336168289185
YDL226C,YGR038C-A,0,-0.7354945,0.11687041819095612,0.9502981901168823,0.7228336930274963
YOR087W,YFR031C-A,0,-0.7355216,0.11685612797737122,0.9502981901168823,0.7229337692260742
YER137C,YMR280C,0,-0.7356162,0.11684184521436691,0.9502981901168823,0.7230338454246521
YKR098C,YER108C,0,-0.7359615,0.1168275699019432,0.9502981901168823,0.7231338620185852
YML064C,YER031C,0,-0.7360279,0.1168132945895195,0.9502981901168823,0.7232339382171631
YCL012W,YBR044C,0,-0.73605555,0.1167990192770958,0.9502981901168823,0.723334014415741
YDR407C,YOR133W,0,-0.73622084,0.11678475141525269,0.9502981901168823,0.7234340310096741
YNL002C,YDR365W-B,0,-0.73636234,0.11677049100399017,0.9502981901168823,0.723534107208252
YLL033W,YBR090C-A,0,-0.7364681,0.11675623059272766,0.9502981901168823,0.7236341834068298
YGL170C,YLR157C-B,0,-0.7364798,0.11674197018146515,0.9502981901168823,0.7237342596054077
YDR309C,YKL063C,0,-0.73661834,0.11672771722078323,0.9502981901168823,0.7238342761993408
YNL003C,YLR395C,0,-0.7368129,0.11671346426010132,0.9502981901168823,0.7239343523979187
YKL097W-A,YBR066C,0,-0.73685575,0.11669921875,0.9502981901168823,0.7240344285964966
YNL257C,YFL035C,0,-0.73686713,0.11668497323989868,0.9502981901168823,0.7241345047950745
YBR230C,YPL168W,0,-0.7372414,0.11667073518037796,0.9502981901168823,0.7242345213890076
YPR194C,YBR100W,0,-0.7373932,0.11665649712085724,0.9502981901168823,0.7243345975875854
YFL038C,YLR376C,0,-0.73741335,0.11664226651191711,0.9502981901168823,0.7244346737861633
YCR097WB,YDR415C,0,-0.73750895,0.11662803590297699,0.9502981901168823,0.7245347499847412
YPL140C,YJR082C,0,-0.73762983,0.11661380529403687,0.9502981901168823,0.7246347665786743
YER103W,YNL225C,0,-0.7378633,0.11659958213567734,0.9502981901168823,0.7247348427772522
YGR161C-D,YGL068W,0,-0.7379394,0.11658536642789841,0.9502981901168823,0.7248349189758301
YOR022C,YHR169W,0,-0.7380507,0.11657115072011948,0.9502981901168823,0.7249349355697632
YCL043C,YDL139C,0,-0.7382012,0.11655693501234055,0.9502981901168823,0.7250350117683411
YCL062W,YGL079W,0,-0.7383206,0.11654272675514221,0.9502981901168823,0.725135087966919
YGR161C-C,YPR004C,0,-0.73875105,0.11652852594852448,0.9502981901168823,0.7252351641654968
YCL012W,YPR190C,0,-0.73875827,0.11651431769132614,0.9502981901168823,0.7253351807594299
YJL018W,YNL312W,0,-0.7390172,0.116500124335289,0.9502981901168823,0.7254352569580078
YOR343W-B,YOR227W,0,-0.73902184,0.11648592352867126,0.9502981901168823,0.7255353331565857
YLR359W,YPR158W-A,0,-0.73912317,0.11647173762321472,0.9502981901168823,0.7256354093551636
YNL256W,YCR068W,0,-0.7391387,0.11645754426717758,0.9502981901168823,0.7257354259490967
YBL019W,YLL010C,0,-0.73916507,0.11644335836172104,0.9502981901168823,0.7258355021476746
YAL068C,YMR078C,0,-0.739208,0.11642917990684509,0.9502981901168823,0.7259355783462524
YLR144C,YPR114W,0,-0.7392081,0.11641500145196915,0.9502981901168823,0.7260355949401855
YGR027W-A,YJL010C,0,-0.7392198,0.1164008304476738,0.9502981901168823,0.7261356711387634
YDR145W,YER108C,0,-0.73929346,0.11638665944337845,0.9502981901168823,0.7262357473373413
YOR020C,YFL035C,0,-0.73929936,0.1163724884390831,0.9502981901168823,0.7263358235359192
YJL021C,YHR001W,0,-0.7393441,0.11635832488536835,0.9502981901168823,0.7264358401298523
YBR075W,YOR316C,0,-0.73941743,0.1163441613316536,0.9502981901168823,0.7265359163284302
YLL006W,YHR133C,0,-0.739419,0.11633000522851944,0.9502981901168823,0.7266359925270081
YHR051W,YCR080W,0,-0.73956525,0.11631585657596588,0.9502981901168823,0.7267360687255859
YMR231W,YML033W,0,-0.7395849,0.11630170047283173,0.9502981901168823,0.726836085319519
YLR061W,YIL053W,0,-0.73959005,0.11628755927085876,0.9502981901168823,0.7269361615180969
YCR058C,YGR208W,0,-0.73960644,0.1162734106183052,0.9502981901168823,0.7270362377166748
YIR033W,YER104W,0,-0.739623,0.11625926941633224,0.9502981901168823,0.7271362543106079
YAR035W,YFL056C,0,-0.7397049,0.11624513566493988,0.9502981901168823,0.7272363305091858
YOR142W-B,YFL053W,0,-0.7397634,0.11623100191354752,0.9502981901168823,0.7273364067077637
YFR042W,YGR038C-A,0,-0.7398448,0.11621687561273575,0.9502981901168823,0.7274364829063416
YGR024C,YCL060C,0,-0.7398576,0.11620274931192398,0.9502981901168823,0.7275364995002747
YEL034W,YCL003W,0,-0.7399599,0.11618862301111221,0.9502981901168823,0.7276365756988525
YNL031C,YOR088W,0,-0.7400346,0.11617450416088104,0.9502981901168823,0.7277366518974304
YBR271W,YKL208W,0,-0.74008995,0.11616038531064987,0.9502981901168823,0.7278367280960083
YHR006W,YPL084W,0,-0.74009037,0.1161462739109993,0.9502981901168823,0.7279367446899414
YCR080W,YNR015W,0,-0.74017143,0.11613216996192932,0.9502981901168823,0.7280368208885193
YMR215W,YJL100W,0,-0.74018604,0.11611805856227875,0.9502981901168823,0.7281368970870972
YLR256W-A,YBR212W,0,-0.7401867,0.11610396206378937,0.9502981901168823,0.7282369136810303
YNR067C,YDL206W,0,-0.7402182,0.11608985811471939,0.9502981901168823,0.7283369898796082
YIL167W,YCR080W,0,-0.7402496,0.11607576161623001,0.9502981901168823,0.728437066078186
YNL058C,YKR056W,0,-0.74038935,0.11606167256832123,0.9502981901168823,0.7285371422767639
YCR097WB,YKR031C,0,-0.7404536,0.11604758352041245,0.9502981901168823,0.728637158870697
YDR322C-A,YIL173W,0,-0.740454,0.11603350192308426,0.9502981901168823,0.7287372350692749
YJL021C,YDL208W,0,-0.74048805,0.11601942032575607,0.9502981901168823,0.7288373112678528
YNL127W,YLR022C,0,-0.74050033,0.11600533872842789,0.9502981901168823,0.7289373874664307
YJL018W,YNL164C,0,-0.74053067,0.1159912645816803,0.9502981901168823,0.7290374040603638
YDL014W,YGR031C-A,0,-0.740545,0.11597719043493271,0.9502981901168823,0.7291374802589417
YMR164C,YLR154W-C,0,-0.740545,0.11596312373876572,0.9502981901168823,0.7292375564575195
YKR053C,YDR210W-D,0,-0.740545,0.11594905704259872,0.9502981901168823,0.7293375730514526
YHR002W,YGR031C-A,0,-0.740545,0.11593499779701233,0.9502981901168823,0.7294376492500305
YOL053C-A,YDR210W-D,0,-0.740545,0.11592093855142593,0.9502981901168823,0.7295377254486084
YCR046C,YOL086W-A,0,-0.740545,0.11590688675642014,0.9502981901168823,0.7296378016471863
YGR083C,YOL053C-A,0,-0.740545,0.11589283496141434,0.9502981901168823,0.7297378182411194
YNL326C,YFL011W-A,0,-0.740545,0.11587879061698914,0.9502981901168823,0.7298378944396973
YJL012C-A,YIL096C,0,-0.740545,0.11586474627256393,0.9502981901168823,0.7299379706382751
YHR102W,YDR524C-B,0,-0.740545,0.11585070192813873,0.9502981901168823,0.730038046836853
YCL005W-A,YKL079W,0,-0.740545,0.11583666503429413,0.9502981901168823,0.7301380634307861
YMR131C,YJL012C-A,0,-0.740545,0.11582262814044952,0.9502981901168823,0.730238139629364
YOR343C-B,YHR080C,0,-0.740545,0.11580859869718552,0.9502981901168823,0.7303382158279419
YJL012C-A,YNL081C,0,-0.740545,0.1157945767045021,0.9502981901168823,0.7304382920265198
YMR271C,YOL053C-A,0,-0.740545,0.1157805472612381,0.9502981901168823,0.7305383086204529
YGL210W-A,YOL124C,1,-0.740545,0.11588762700557709,0.9512922167778015,0.7305383086204529
YGR192C,YDL134C-A,0,-0.740545,0.11587359011173248,0.9512922167778015,0.7306383848190308
YDR524C-B,YIL098C,0,-0.740545,0.11585956066846848,0.9512922167778015,0.7307384610176086
YER087C-B,YDR261C-C,0,-0.740545,0.11584553867578506,0.9512922167778015,0.7308384776115417
YDR014W-A,YGL125W,0,-0.740545,0.11583151668310165,0.9512922167778015,0.7309385538101196
YDR057W,YDR210W-D,0,-0.740545,0.11581750214099884,0.9512922167778015,0.7310386300086975
YOR375C,YNL024C-A,0,-0.740545,0.11580348759889603,0.9512922167778015,0.7311387062072754
YDR462W,YFL018W-A,0,-0.740545,0.11578947305679321,0.9512922167778015,0.7312387228012085
YBR200W,YDR524C-B,0,-0.740545,0.115775465965271,0.9512922167778015,0.7313387989997864
YOL010W,YLR391W-A,0,-0.740545,0.11576145887374878,0.9512922167778015,0.7314388751983643
YOL121C,YFL011W-A,0,-0.740545,0.11574745923280716,0.9512922167778015,0.7315389513969421
YBL008W-A,YGR105W,0,-0.740545,0.11573345959186554,0.9512922167778015,0.7316389679908752
YBR200W-A,YDL154W,0,-0.740545,0.11571946740150452,0.9512922167778015,0.7317390441894531
YJL004C,YCL005W-A,0,-0.740545,0.1157054752111435,0.9512922167778015,0.731839120388031
YOR343C-A,YCL044C,0,-0.740545,0.11569149047136307,0.9512922167778015,0.7319391369819641
YLR154W-A,YHR072W-A,0,-0.740545,0.11567750573158264,0.9512922167778015,0.732039213180542
YFL035C-A,YMR229C,0,-0.740545,0.11566352099180222,0.9512922167778015,0.7321392893791199
YDR210W-C,YKR057W,0,-0.740545,0.11564954370260239,0.9512922167778015,0.7322393655776978
YGL210W-A,YMR283C,1,-0.740545,0.11575640738010406,0.9522863030433655,0.7322393655776978
YPL217C,YLR154W-C,0,-0.740545,0.11574241518974304,0.9522863030433655,0.7323393821716309
YPL175W,YGL210W-A,0,-0.740545,0.11572843790054321,0.9522863030433655,0.7324394583702087
YDR524C-B,YPL075W,0,-0.740545,0.11571446061134338,0.9522863030433655,0.7325395345687866
YLR391W-A,YDR386W,0,-0.740545,0.11570048332214355,0.9522863030433655,0.7326396107673645
YCL005W-A,YJR064W,0,-0.740545,0.11568651348352432,0.9522863030433655,0.7327396273612976
YOL086W-A,YNL272C,0,-0.740545,0.11567254364490509,0.9522863030433655,0.7328397035598755
YOR343C-B,YDR082W,0,-0.740545,0.11565858125686646,0.9522863030433655,0.7329397797584534
YGL047W,YBR200W-A,0,-0.740545,0.11564461886882782,0.9522863030433655,0.7330397963523865
YOR142W-B,YDR381C-A,0,-0.740545,0.11563065648078918,0.9522863030433655,0.7331398725509644
YDR170C,YLR154W-A,0,-0.740545,0.11561670154333115,0.9522863030433655,0.7332399487495422
YNL180C,YER053C-A,0,-0.740545,0.1156027540564537,0.9522863030433655,0.7333400249481201
YJR127C,YNL138W-A,0,-0.740545,0.11558880656957626,0.9522863030433655,0.7334400415420532
YOR343C-A,YJL001W,0,-0.740545,0.11557485908269882,0.9522863030433655,0.7335401177406311
YOL148C,YNL024C-A,0,-0.740545,0.11556091904640198,0.9522863030433655,0.733640193939209
YJL133C-A,YJR063W,0,-0.740545,0.11554697901010513,0.9522863030433655,0.7337402701377869
YNL005C,YJL133C-A,0,-0.740545,0.11553304642438889,0.9522863030433655,0.73384028673172
YJL133C-A,YNL278W,0,-0.740545,0.11551911383867264,0.9522863030433655,0.7339403629302979
YIR019C,YER053C-A,0,-0.740545,0.11550518125295639,0.9522863030433655,0.7340404391288757
YIL005W,YFL035C-A,0,-0.740545,0.11549125611782074,0.9522863030433655,0.7341404557228088
YBR111W-A,YLR150W,0,-0.740545,0.11547733843326569,0.9522863030433655,0.7342405319213867
YHR107C,YDR210W-D,0,-0.740545,0.11546342074871063,0.9522863030433655,0.7343406081199646
YDR261W-A,YCR055C,0,-0.740545,0.11544950306415558,0.9522863030433655,0.7344406843185425
YIL005W,YOL086W-A,0,-0.740545,0.11543559283018112,0.9522863030433655,0.7345407009124756
YDR210W-D,YPL183W-A,0,-0.740545,0.11542169004678726,0.9522863030433655,0.7346407771110535
YLR154W-C,YER141W,0,-0.740545,0.1154077798128128,0.9522863030433655,0.7347408533096313
YJL133C-A,YKL091C,0,-0.740545,0.11539388447999954,0.9522863030433655,0.7348409295082092
YER053C-A,YHR197W,0,-0.740545,0.11537998169660568,0.9522863030433655,0.7349409461021423
YLR391W-A,YLR143W,0,-0.740545,0.11536608636379242,0.9522863030433655,0.7350410223007202
YLR209C,YGR031C-A,0,-0.740545,0.11535219848155975,0.9522863030433655,0.7351410984992981
YFL035C-A,YER170W,0,-0.740545,0.11533831059932709,0.9522863030433655,0.7352411150932312
YOR359W,YLR154W-A,0,-0.740545,0.11532442271709442,0.9522863030433655,0.7353411912918091
YCL005W-A,YBR141C,0,-0.740545,0.11531054228544235,0.9522863030433655,0.735441267490387
YFL018W-A,YNL148C,0,-0.740545,0.11529666930437088,0.9522863030433655,0.7355413436889648
YOL086W-A,YOR158W,0,-0.740545,0.11528278887271881,0.9522863030433655,0.735641360282898
YBR100W,YAL056W,0,-0.740545,0.11526892334222794,0.9522863030433655,0.7357414364814758
YGR171C,YOL086W-A,0,-0.740545,0.11525505036115646,0.9522863030433655,0.7358415126800537
YPL212C,YBR075W,0,-0.740545,0.11524118483066559,0.9522863030433655,0.7359415888786316
YLR391W-A,YGR215W,0,-0.740545,0.11522732675075531,0.9522863030433655,0.7360416054725647
YOR343C-A,YOL060C,0,-0.740545,0.11521346867084503,0.9522863030433655,0.7361416816711426
YHR124W,YMR268W-A,0,-0.740545,0.11519961804151535,0.9522863030433655,0.7362417578697205
YOR317W,YBR200W-A,0,-0.740545,0.11518576741218567,0.9522863030433655,0.7363418340682983
YJR108W,YKR099C-A,0,-0.740545,0.11517191678285599,0.9522863030433655,0.7364418506622314
YNL024C-A,YKL094W,0,-0.740545,0.1151580736041069,0.9522863030433655,0.7365419268608093
YBR111W-A,YIL131C,0,-0.740545,0.11514423042535782,0.9522863030433655,0.7366420030593872
YAL030W,YOL053C-A,0,-0.740545,0.11513039469718933,0.9522863030433655,0.7367420196533203
YKR095W-A,YLR300W,0,-0.740545,0.11511655896902084,0.9522863030433655,0.7368420958518982
YGL210W-A,YGL243W,1,-0.740545,0.11522287875413895,0.9532803297042847,0.7368420958518982
YBR111W-A,YOR236W,0,-0.740545,0.11520903557538986,0.9532803297042847,0.7369421720504761
YER087C-B,YHR079C-B,0,-0.740545,0.11519519239664078,0.9532803297042847,0.737042248249054
YBR111W-A,YJL078C,0,-0.740545,0.11518135666847229,0.9532803297042847,0.7371422648429871
YER053C-A,YMR239C,0,-0.740545,0.1151675283908844,0.9532803297042847,0.7372423410415649
YBR111W-A,YHR019C,0,-0.740545,0.11515370011329651,0.9532803297042847,0.7373424172401428
YJL060W,YDR210W-D,0,-0.740545,0.11513987183570862,0.9532803297042847,0.7374424934387207
YAL055W,YJL012C-A,0,-0.740545,0.11512605100870132,0.9532803297042847,0.7375425100326538
YNR036C,YDR210W-D,0,-0.740545,0.11511223018169403,0.9532803297042847,0.7376425862312317
YBR090C-A,YIL065C,0,-0.740545,0.11509841680526733,0.9532803297042847,0.7377426624298096
YKL221W,YJL012C-A,0,-0.740545,0.11508460342884064,0.9532803297042847,0.7378426790237427
YPL122C,YOL053C-A,0,-0.740545,0.11507079750299454,0.9532803297042847,0.7379427552223206
YNL024C-A,YGL238W,0,-0.740545,0.11505699157714844,0.9532803297042847,0.7380428314208984
YGL210W-A,YLR438C-A,1,-0.740545,0.11516314744949341,0.9542743563652039,0.7380428314208984
YMR268W-A,YLR390W,0,-0.740545,0.11514933407306671,0.9542743563652039,0.7381429076194763
YDL140C,YOL053C-A,0,-0.740545,0.11513552069664001,0.9542743563652039,0.7382429242134094
YCL012W,YPR052C,0,-0.740545,0.11512171477079391,0.9542743563652039,0.7383430004119873
YDR262W,YDR210W-C,0,-0.740545,0.11510791629552841,0.9542743563652039,0.7384430766105652
YPL126W,YKL138C-A,0,-0.740545,0.11509411036968231,0.9542743563652039,0.7385431528091431
YDL217C,YKR099C-A,0,-0.740545,0.1150803193449974,0.9542743563652039,0.7386431694030762
YNR067C,YDR210W-D,0,-0.740545,0.1150665208697319,0.9542743563652039,0.738743245601654
YNL024C-A,YNL044W,0,-0.740545,0.115052729845047,0.9542743563652039,0.7388433218002319
YAL017W,YLR154W-C,0,-0.740545,0.11503894627094269,0.9542743563652039,0.738943338394165
YJL051W,YFL011W-A,0,-0.740545,0.11502516269683838,0.9542743563652039,0.7390434145927429
YGR118W,YJL133C-A,0,-0.740545,0.11501137912273407,0.9542743563652039,0.7391434907913208
YMR038C,YFL035C-B,0,-0.740545,0.11499760299921036,0.9542743563652039,0.7392435669898987
YJL133C-A,YOR241W,0,-0.740545,0.11498382687568665,0.9542743563652039,0.7393435835838318
YBR029C,YJL012C-A,0,-0.740545,0.11497005820274353,0.9542743563652039,0.7394436597824097
YBR111W-A,YDL097C,0,-0.740545,0.11495628952980042,0.9542743563652039,0.7395437359809875
YOL086W-A,YEL047C,0,-0.740545,0.1149425283074379,0.9542743563652039,0.7396438121795654
YPL124W,YKL138C-A,0,-0.740545,0.11492876708507538,0.9542743563652039,0.7397438287734985
YGL210W-A,YML014W,1,-0.740545,0.11503471434116364,0.955268383026123,0.7397438287734985
YIL135C,YLR391W-A,0,-0.740545,0.11502094566822052,0.955268383026123,0.7398439049720764
YER122C,YFL035C-B,0,-0.740545,0.1150071769952774,0.955268383026123,0.7399439811706543
YJR093C,YLR154W-A,0,-0.740545,0.11499341577291489,0.955268383026123,0.7400439977645874
YMR291W,YKR099C-A,0,-0.740545,0.11497966200113297,0.955268383026123,0.7401440739631653
YGR109W-A,YCR080W,0,-0.740545,0.11496590822935104,0.955268383026123,0.7402441501617432
YGR132C,YJL133C-A,0,-0.740545,0.11495215445756912,0.955268383026123,0.740344226360321
YMR268W-A,YNR018W,0,-0.740545,0.1149384081363678,0.955268383026123,0.7404442429542542
YLR154W-A,YKL161C,0,-0.740545,0.11492466181516647,0.955268383026123,0.740544319152832
YER054C,YCL060C,0,-0.740545,0.11491091549396515,0.955268383026123,0.7406443953514099
YLR391W-A,YOR101W,0,-0.740545,0.11489717662334442,0.955268383026123,0.7407444715499878
YJL133C-A,YOR123C,0,-0.740545,0.11488344520330429,0.955268383026123,0.7408444881439209
YJL012C-A,YKL180W,0,-0.740545,0.11486971378326416,0.955268383026123,0.7409445643424988
YGL210W-A,YGL172W,1,-0.740545,0.11497549712657928,0.9562624096870422,0.7409445643424988
YMR032W,YBL008W-A,0,-0.740545,0.11496175825595856,0.9562624096870422,0.7410446405410767
YGL210W-A,YLR430W,1,-0.740545,0.1150675117969513,0.9572564363479614,0.7410446405410767
YCL027C-A,YOL059W,0,-0.740545,0.11505376547574997,0.9572564363479614,0.7411446571350098
YBR257W,YGL210W-A,1,-0.740545,0.11515948176383972,0.9582505226135254,0.7411446571350098
YFL035C-B,YER155C,0,-0.740545,0.1151457205414772,0.9582505226135254,0.7412447333335876
YOL113W,YJL012C-A,0,-0.740545,0.11513197422027588,0.9582505226135254,0.7413448095321655
YCL027C-A,YGL086W,0,-0.740545,0.11511822044849396,0.9582505226135254,0.7414448857307434
YOR343C-B,YKR064W,0,-0.740545,0.11510447412729263,0.9582505226135254,0.7415449023246765
YCL005W-A,YPL113C,0,-0.740545,0.1150907352566719,0.9582505226135254,0.7416449785232544
YLR154W-A,YKR018C,0,-0.740545,0.11507699638605118,0.9582505226135254,0.7417450547218323
YKR095W-A,YJL145W,0,-0.740545,0.11506325751543045,0.9582505226135254,0.7418451309204102
YGL210W-A,YDR378C,1,-0.740545,0.11516887694597244,0.9592445492744446,0.7418451309204102
YHR051W,YDR210W-D,0,-0.740545,0.11515513062477112,0.9592445492744446,0.7419451475143433
YGL051W,YJL012C-A,0,-0.740545,0.11514139175415039,0.9592445492744446,0.7420452237129211
YDR014W-A,YGR246C,0,-0.740545,0.11512765288352966,0.9592445492744446,0.742145299911499
YCL027C-A,YHR063C,0,-0.740545,0.11511392146348953,0.9592445492744446,0.7422453761100769
YLR223C,YLR154W-C,0,-0.740545,0.1151001900434494,0.9592445492744446,0.74234539270401
YJL018W,YLL018C,0,-0.740545,0.11508646607398987,0.9592445492744446,0.7424454689025879
YDR172W,YDL134C-A,0,-0.740545,0.11507274210453033,0.9592445492744446,0.7425455451011658
YCL026C-B,YDR316W-B,0,-0.740545,0.1150590181350708,0.9592445492744446,0.7426455616950989
YJL133C-A,YGL071W,0,-0.740545,0.11504530161619186,0.9592445492744446,0.7427456378936768
YBR211C,YNL138W-A,0,-0.740545,0.11503159254789352,0.9592445492744446,0.7428457140922546
YOR343C-A,YLL017W,0,-0.740545,0.11501787602901459,0.9592445492744446,0.7429457902908325
YER053C-A,YMR125W,0,-0.740545,0.11500417441129684,0.9592445492744446,0.7430458068847656
YGL210W-A,YLR401C,1,-0.740545,0.1151096299290657,0.9602385759353638,0.7430458068847656
YNL024C-A,YDR082W,0,-0.740545,0.11509591341018677,0.9602385759353638,0.7431458830833435
YDR014W-A,YDL245C,0,-0.740545,0.11508220434188843,0.9602385759353638,0.7432459592819214
YJL212C,YLR154W-A,0,-0.740545,0.11506849527359009,0.9602385759353638,0.7433460354804993
YPR052C,YKL138C-A,0,-0.740545,0.11505478620529175,0.9602385759353638,0.7434460520744324
YOR311C,YOL086W-A,0,-0.740545,0.115041084587574,0.9602385759353638,0.7435461282730103
YGL122C,YDR210W-D,0,-0.740545,0.11502739042043686,0.9602385759353638,0.7436462044715881
YCL027C-A,YNL275W,0,-0.740545,0.11501368880271912,0.9602385759353638,0.7437462210655212
YJR129C,YDR210W-C,0,-0.740545,0.11500000208616257,0.9602385759353638,0.7438462972640991
YGL210W-A,YPL101W,1,-0.740545,0.11510534584522247,0.961232602596283,0.7438462972640991
YBR079C,YKL138C-A,0,-0.740545,0.11509164422750473,0.961232602596283,0.743946373462677
YCL027C-A,YDR432W,0,-0.740545,0.11507795006036758,0.961232602596283,0.7440464496612549
YOR205C,YFL035C-B,0,-0.740545,0.11506425589323044,0.961232602596283,0.744146466255188
YHL031C,YNL138W-A,0,-0.740545,0.11505056172609329,0.961232602596283,0.7442465424537659
YPL097W,YOL086W-A,0,-0.740545,0.11503687500953674,0.961232602596283,0.7443466186523438
YLR391W,YGR296W,0,-0.740545,0.11502319574356079,0.961232602596283,0.7444466948509216
YFL011W-A,YAL019W,0,-0.740545,0.11500951647758484,0.961232602596283,0.7445467114448547
YBR200W-A,YHR063C,0,-0.740545,0.11499583721160889,0.961232602596283,0.7446467876434326
YFL018W-A,YLR413W,0,-0.740545,0.11498216539621353,0.961232602596283,0.7447468638420105
YKL009W,YJL012C-A,0,-0.740545,0.11496849358081818,0.961232602596283,0.7448468804359436
YHR085W,YNL138W-A,0,-0.740545,0.11495482921600342,0.961232602596283,0.7449469566345215
YJL083W,YDL134C-A,0,-0.740545,0.11494116485118866,0.961232602596283,0.7450470328330994
YKL176C,YKL138C-A,0,-0.740545,0.1149275004863739,0.961232602596283,0.7451471090316772
YDR135C,YBR075W,0,-0.740545,0.11491384357213974,0.961232602596283,0.7452471256256104
YDL159W,YOL086W-A,0,-0.740545,0.11490018665790558,0.961232602596283,0.7453472018241882
YDL079C,YNL138W-A,0,-0.740545,0.11488653719425201,0.961232602596283,0.7454472780227661
YLR391W-A,YOR237W,0,-0.740545,0.11487288773059845,0.961232602596283,0.745547354221344
YDL052C,YJL012C-A,0,-0.740545,0.11485924571752548,0.961232602596283,0.7456473708152771
YKL200C,YIL017C,0,-0.740545,0.11484560370445251,0.961232602596283,0.745747447013855
YGL181W,YFL035C-B,0,-0.740545,0.11483196914196014,0.961232602596283,0.7458475232124329
YPR200C,YCL027C-A,0,-0.740545,0.11481833457946777,0.961232602596283,0.745947539806366
YOR313C,YOL086W-A,0,-0.740545,0.1148047000169754,0.961232602596283,0.7460476160049438
YBR233W-A,YKL200C,0,-0.740545,0.11479107290506363,0.961232602596283,0.7461476922035217
YGL210W-A,YOR001W,1,-0.740545,0.11489614099264145,0.9622266292572021,0.7461476922035217
YCL005W-A,YGR038W,0,-0.740545,0.11488250643014908,0.9622266292572021,0.7462477684020996
YFL018W-A,YCL054W,0,-0.740545,0.11486887186765671,0.9622266292572021,0.7463477849960327
YGL053W,YDR210W-C,0,-0.740545,0.11485524475574493,0.9622266292572021,0.7464478611946106
YJL093C,YNL138W-A,0,-0.740545,0.11484161764383316,0.9622266292572021,0.7465479373931885
YKR095W-A,YCR069W,0,-0.740545,0.11482799798250198,0.9622266292572021,0.7466480135917664
YFL011W-A,YLL039C,0,-0.740545,0.1148143783211708,0.9622266292572021,0.7467480301856995
YGL210W-A,YOR243C,1,-0.740545,0.11491935700178146,0.9632206559181213,0.7467480301856995
YKR095W-A,YGR251W,0,-0.740545,0.11490572988986969,0.9632206559181213,0.7468481063842773
YJL001W,YFL018W-A,0,-0.740545,0.11489210277795792,0.9632206559181213,0.7469481825828552
YDR339C,YDR210W-C,0,-0.740545,0.11487848311662674,0.9632206559181213,0.7470481991767883
YGL210W-A,YGL236C,1,-0.740545,0.11498340219259262,0.9642146825790405,0.7470481991767883
YIL035C,YKL138C-A,0,-0.740545,0.11496977508068085,0.9642146825790405,0.7471482753753662
YOL086W-A,YMR143W,0,-0.740545,0.11495614796876907,0.9642146825790405,0.7472483515739441
YDR014W-A,YLL053C,0,-0.740545,0.1149425283074379,0.9642146825790405,0.747348427772522
YOR295W,YLR154W-C,0,-0.740545,0.11492890864610672,0.9642146825790405,0.7474484443664551
YFL062W,YDR210W-D,0,-0.740545,0.11491529643535614,0.9642146825790405,0.747548520565033
YDR014W-A,YFL017W-A,0,-0.740545,0.11490168422460556,0.9642146825790405,0.7476485967636108
YJL012C-A,YGL254W,0,-0.740545,0.11488807201385498,0.9642146825790405,0.7477486729621887
YOL086W-A,YDL153C,0,-0.740545,0.114874467253685,0.9642146825790405,0.7478486895561218
YJL207C,YDL134C-A,0,-0.740545,0.11486086249351501,0.9642146825790405,0.7479487657546997
YCL005W-A,YOR192C,0,-0.740545,0.11484726518392563,0.9642146825790405,0.7480488419532776
YCL062W,YIL064W,0,-0.74061865,0.11483366787433624,0.9642146825790405,0.7481489181518555
YLR391W,YGL022W,0,-0.74072623,0.11482007801532745,0.9642146825790405,0.7482489347457886
YNL177C,YKL001C,0,-0.74074304,0.11480648815631866,0.9642146825790405,0.7483490109443665
YCR070W,YNR059W,0,-0.74080217,0.11479289829730988,0.9642146825790405,0.7484490871429443
YNL258C,YCL060C,0,-0.74087715,0.11477931588888168,0.9642146825790405,0.7485491037368774
YDR122W,YCR058C,0,-0.7408846,0.11476573348045349,0.9642146825790405,0.7486491799354553
YHR079C-B,YGL011C,0,-0.7409501,0.1147521585226059,0.9642146825790405,0.7487492561340332
YJR130C,YBR075W,0,-0.74099064,0.1147385835647583,0.9642146825790405,0.7488493323326111
YCR097WB,YBR031W,0,-0.7411388,0.1147250160574913,0.9642146825790405,0.7489493489265442
YCR070W,YBL006C,0,-0.74127066,0.1147114485502243,0.9642146825790405,0.7490494251251221
YGL046W,YMR149W,0,-0.74154824,0.1146978810429573,0.9642146825790405,0.7491495013237
YOL077W-A,YIR007W,0,-0.74159765,0.1146843209862709,0.9642146825790405,0.7492495775222778
YDR217C,YML013W,0,-0.74162936,0.1146707683801651,0.9642146825790405,0.7493495941162109
YGR030C,YML033W,0,-0.7416391,0.1146572083234787,0.9642146825790405,0.7494496703147888
YLR320W,YCL062W,0,-0.74171984,0.1146436557173729,0.9642146825790405,0.7495497465133667
YKR010C,YHR037W,0,-0.7417505,0.11463011056184769,0.9642146825790405,0.7496497631072998
YDR216W,YBR090C-A,0,-0.7419058,0.11461656540632248,0.9642146825790405,0.7497498393058777
YNR021W,YHR080C,0,-0.74201393,0.11460302770137787,0.9642146825790405,0.7498499155044556
YGR165W,YMR313C,0,-0.7420218,0.11458948254585266,0.9642146825790405,0.7499499917030334
YCL036W,YOR030W,0,-0.74208534,0.11457595229148865,0.9642146825790405,0.7500500082969666
YDR163W,YBR075W,0,-0.7422734,0.11456242203712463,0.9642146825790405,0.7501500844955444
YMR179W,YGL231C,0,-0.7424913,0.11454889178276062,0.9642146825790405,0.7502501606941223
YGR109W-A,YMR168C,0,-0.7426889,0.1145353615283966,0.9642146825790405,0.7503502368927002
YKL015W,YBR075W,0,-0.7427397,0.11452183872461319,0.9642146825790405,0.7504502534866333
YDR462W,YPR110C,0,-0.7427561,0.11450832337141037,0.9642146825790405,0.7505503296852112
YDR377W,YOR088W,0,-0.742778,0.11449480801820755,0.9642146825790405,0.7506504058837891
YKL097W-A,YML098W,0,-0.7427914,0.11448129266500473,0.9642146825790405,0.7507504224777222
YOL124C,YCL003W,0,-0.7427943,0.11446778476238251,0.9642146825790405,0.7508504986763
YDR195W,YCL012W,0,-0.7427962,0.11445427685976028,0.9642146825790405,0.7509505748748779
YBR018C,YBR090C-A,0,-0.74279624,0.11444077640771866,0.9642146825790405,0.7510506510734558
YDL061C,YML033W,0,-0.7428081,0.11442727595567703,0.9642146825790405,0.7511506676673889
YBR221C,YCR080W,0,-0.7428104,0.1144137755036354,0.9642146825790405,0.7512507438659668
YBR217W,YOR088W,0,-0.7428186,0.11440028250217438,0.9642146825790405,0.7513508200645447
YBR075W,YOL098C,0,-0.74283487,0.11438678950071335,0.9642146825790405,0.7514508962631226
YDL247W,YIL017W,0,-0.74283624,0.11437330394983292,0.9642146825790405,0.7515509128570557
YJL018W,YOR195W,0,-0.74284196,0.11435981839895248,0.9642146825790405,0.7516509890556335
YBL056W,YOR230W,0,-0.74284196,0.11434634029865265,0.9642146825790405,0.7517510652542114
YLR043C,YFR024C,0,-0.74285084,0.11433286219835281,0.9642146825790405,0.7518510818481445
YFL049W,YOR088W,0,-0.74295354,0.11431938409805298,0.9642146825790405,0.7519511580467224
YGL033W,YCR058C,0,-0.7430128,0.11430591344833374,0.9642146825790405,0.7520512342453003
YCL060C,YPL169C,0,-0.7430514,0.1142924502491951,0.9642146825790405,0.7521513104438782
YCL062W,YNL125C,0,-0.74323606,0.11427897959947586,0.9642146825790405,0.7522513270378113
YCR080W,YOR008C,0,-0.74325335,0.11426551640033722,0.9642146825790405,0.7523514032363892
YCR048W,YML033W,0,-0.74336505,0.11425206065177917,0.9642146825790405,0.752451479434967
YLR391W,YOL021C,0,-0.74337065,0.11423860490322113,0.9642146825790405,0.7525515556335449
YLR391W,YBR002C,0,-0.7435284,0.11422515660524368,0.9642146825790405,0.752651572227478
YCR055C,YGR163W,0,-0.7436199,0.11421170085668564,0.9642146825790405,0.7527516484260559
YGR094W,YBR171W,0,-0.7436433,0.11419826000928879,0.9642146825790405,0.7528517246246338
YBR191W,YBR180W,0,-0.7436664,0.11418481171131134,0.9642146825790405,0.7529518008232117
YFL009W,YCL060C,0,-0.7436717,0.11417137831449509,0.9642146825790405,0.7530518174171448
YPR143W,YCL003W,0,-0.7437244,0.11415793746709824,0.9642146825790405,0.7531518936157227
YCR080W,YHR074W,0,-0.74377984,0.11414450407028198,0.9642146825790405,0.7532519698143005
YCR055C,YIL121W,0,-0.7438136,0.11413107067346573,0.9642146825790405,0.7533519864082336
YPR188C,YIL173W,0,-0.74395967,0.11411764472723007,0.9642146825790405,0.7534520626068115
YPL126W,YJL114W,0,-0.7439773,0.11410422623157501,0.9642146825790405,0.7535521388053894
YOR079C,YHR001W-A,0,-0.7441836,0.11409080028533936,0.9642146825790405,0.7536522150039673
YHL018W,YIL017C,0,-0.7442217,0.1140773817896843,0.9642146825790405,0.7537522315979004
YLR128W,YFR024C,0,-0.74475557,0.11406397074460983,0.9642146825790405,0.7538523077964783
YIR015W,YDR378C,1,-0.7448089,0.11416813731193542,0.9652087688446045,0.7538523077964783
YDR261C,YPL021W,0,-0.74489236,0.11415471136569977,0.9652087688446045,0.7539523839950562
YGL231C,YCL003W,0,-0.74505556,0.11414129287004471,0.9652087688446045,0.754052460193634
YGR161C-C,YBR199W,0,-0.7450932,0.11412788182497025,0.9652087688446045,0.7541524767875671
YOL115W,YML092C,0,-0.74509406,0.11411446332931519,0.9652087688446045,0.754252552986145
YPR158W-A,YFR051C,0,-0.74520695,0.11410105973482132,0.9652087688446045,0.7543526291847229
YOL094C,YCL003W,0,-0.7452264,0.11408764868974686,0.9652087688446045,0.754452645778656
YLR023C,YFL038C,0,-0.74525774,0.11407424509525299,0.9652087688446045,0.7545527219772339
YKL120W,YDR210W-A,0,-0.7454174,0.11406084895133972,0.9652087688446045,0.7546527981758118
YCL062W,YLR298C,0,-0.74551255,0.11404745280742645,0.9652087688446045,0.7547528743743896
YPR169W,YNL297C,0,-0.7455188,0.11403405666351318,0.9652087688446045,0.7548528909683228
YLR164W,YNL254C,0,-0.7455389,0.11402066797018051,0.9652087688446045,0.7549529671669006
YOR129C,YBR075W,0,-0.74563384,0.11400727927684784,0.9652087688446045,0.7550530433654785
YBR162C,YBR223C,0,-0.7457018,0.11399389803409576,0.9652087688446045,0.7551531195640564
YLL033W,YLR219W,0,-0.7457922,0.11398051679134369,0.9652087688446045,0.7552531361579895
YPR158C-C,YIL120W,0,-0.745836,0.11396713554859161,0.9652087688446045,0.7553532123565674
YIR031C,YNL265C,0,-0.74588895,0.11395376175642014,0.9652087688446045,0.7554532885551453
YPR137C-A,YOR008C,0,-0.74593455,0.11394038796424866,0.9652087688446045,0.7555533051490784
YBL040C,YLR181C,0,-0.74599266,0.11392702162265778,0.9652087688446045,0.7556533813476562
YDR385W,YML114C,0,-0.74604034,0.1139136552810669,0.9652087688446045,0.7557534575462341
YCL008C,YNR051C,0,-0.7462164,0.11390029639005661,0.9652087688446045,0.755853533744812
YNR067C,YOR173W,0,-0.7462965,0.11388693749904633,0.9652087688446045,0.7559535503387451
YNL152W,YCR058C,0,-0.74639946,0.11387357860803604,0.9652087688446045,0.756053626537323
YLR070C,YIL139C,0,-0.7465288,0.11386022716760635,0.9652087688446045,0.7561537027359009
YKL049C,YDR234W,0,-0.7470117,0.11384687572717667,0.9652087688446045,0.7562537789344788
YDL147W,YKR001C,0,-0.7470808,0.11383353173732758,0.9652087688446045,0.7563537955284119
YPL018W,YJL002C,0,-0.7470909,0.11382018774747849,0.9652087688446045,0.7564538717269897
YHR002W,YOR142W-A,0,-0.74717563,0.1138068437576294,0.9652087688446045,0.7565539479255676
YOL052C,YHR113W,0,-0.74721396,0.1137935072183609,0.9652087688446045,0.7566539645195007
YNR059W,YDR017C,0,-0.7472316,0.11378017067909241,0.9652087688446045,0.7567540407180786
YML064C,YHR001W,0,-0.74724203,0.11376684159040451,0.9652087688446045,0.7568541169166565
YDR079W,YDR291W,0,-0.747244,0.11375351250171661,0.9652087688446045,0.7569541931152344
YML092C,YMR161W,0,-0.74741495,0.11374019086360931,0.9652087688446045,0.7570542097091675
YER108C,YNL283C,0,-0.7474221,0.11372686922550201,0.9652087688446045,0.7571542859077454
YNL181W,YNL037C,0,-0.74743617,0.11371354758739471,0.9652087688446045,0.7572543621063232
YHL031C,YDL209C,0,-0.74748015,0.11370023339986801,0.9652087688446045,0.7573544383049011
YMR113W,YOR128C,0,-0.7475548,0.11368691921234131,0.9652087688446045,0.7574544548988342
YGL070C,YFL021W,0,-0.7476889,0.1136736124753952,0.9652087688446045,0.7575545310974121
YJL111W,YPL257W-B,0,-0.74801373,0.1136603057384491,0.9652087688446045,0.75765460729599
YJR006W,YCR058C,0,-0.74801546,0.11364700645208359,0.9652087688446045,0.7577546238899231
YKL071W,YNL023C,0,-0.74804854,0.11363370716571808,0.9652087688446045,0.757854700088501
YNL154C,YIL017W,0,-0.74805474,0.11362040787935257,0.9652087688446045,0.7579547762870789
YCR097WB,YDR186C,0,-0.74808,0.11360711604356766,0.9652087688446045,0.7580548524856567
YGL046W,YHR166C,0,-0.74820286,0.11359382420778275,0.9652087688446045,0.7581548690795898
YNL097C,YCL019W,0,-0.7485957,0.11358053237199783,0.9652087688446045,0.7582549452781677
YNL068C,YMR210W,0,-0.7486688,0.11356724798679352,0.9652087688446045,0.7583550214767456
YMR159C,YFR024C,0,-0.74872947,0.1135539710521698,0.9652087688446045,0.7584550976753235
YGR205W,YML033W,0,-0.7487328,0.11354069411754608,0.9652087688446045,0.7585551142692566
YGR109W-B,YOR236W,0,-0.74891543,0.11352741718292236,0.9652087688446045,0.7586551904678345
YNL075W,YCL003W,0,-0.74904585,0.11351414769887924,0.9652087688446045,0.7587552666664124
YLR256W-A,YMR239C,0,-0.7491373,0.11350087821483612,0.9652087688446045,0.7588553428649902
YOR323C,YPL113C,0,-0.7492233,0.113487608730793,0.9652087688446045,0.7589553594589233
YMR318C,YGR038C-A,0,-0.749303,0.11347434669733047,0.9652087688446045,0.7590554356575012
YMR039C,YFL053W,0,-0.7493504,0.11346109211444855,0.9652087688446045,0.7591555118560791
YLR070C,YPR162C,0,-0.74939597,0.11344783008098602,0.9652087688446045,0.7592555284500122
YHR216W,YGR010W,0,-0.7494248,0.11343458294868469,0.9652087688446045,0.7593556046485901
YLL032C,YPL058C,0,-0.7495875,0.11342132836580276,0.9652087688446045,0.759455680847168
YML067C,YOR010C,0,-0.74960446,0.11340808123350143,0.9652087688446045,0.7595557570457458
YDR294C,YOR048C,0,-0.7496351,0.1133948415517807,0.9652087688446045,0.759655773639679
YJL018W,YBR026C,0,-0.74984264,0.11338159441947937,0.9652087688446045,0.7597558498382568
YPL137C,YKL006C-A,0,-0.7499565,0.11336836218833923,0.9652087688446045,0.7598559260368347
YAR031W,YIL021W,0,-0.7502926,0.1133551225066185,0.9652087688446045,0.7599560022354126
YGL139W,YFL010W-A,0,-0.7503489,0.11334189027547836,0.9652087688446045,0.7600560188293457
YER003C,YDR515W,0,-0.7505593,0.11332866549491882,0.9652087688446045,0.7601560950279236
YNL284C-A,YML112W,0,-0.7505667,0.11331544071435928,0.9652087688446045,0.7602561712265015
YOL052C-A,YNL225C,0,-0.7505908,0.11330221593379974,0.9652087688446045,0.7603561878204346
YMR246W,YBR196C,0,-0.7508927,0.1132889986038208,0.9652087688446045,0.7604562640190125
YBL101C,YJL004C,0,-0.75105023,0.11327578127384186,0.9652087688446045,0.7605563402175903
YIL066C,YDL165W,0,-0.7514954,0.11326257139444351,0.9652087688446045,0.7606564164161682
YHR211W,YMR044W,0,-0.7517277,0.11324936151504517,0.9652087688446045,0.7607564330101013
YOR157C,YOR085W,0,-0.7521149,0.11323615163564682,0.9652087688446045,0.7608565092086792
YKR010C,YBR248C,0,-0.75217515,0.11322294920682907,0.9652087688446045,0.7609565854072571
YBL080C,YKL185W,0,-0.75224715,0.11320974677801132,0.9652087688446045,0.761056661605835
YLR430W,YHR006W,1,-0.7523542,0.11331312358379364,0.9662027955055237,0.761056661605835
YDR409W,YPL257W-B,0,-0.752554,0.11329992115497589,0.9662027955055237,0.7611566781997681
YGR161C-C,YLR145W,0,-0.7526154,0.11328671127557755,0.9662027955055237,0.761256754398346
YGL046W,YPR067W,0,-0.75271785,0.1132735088467598,0.9662027955055237,0.7613568305969238
YGR013W,YOR019W,0,-0.75305784,0.11326031386852264,0.9662027955055237,0.7614568471908569
YMR305C,YJL166W,0,-0.7533968,0.11324711889028549,0.9662027955055237,0.7615569233894348
YHR157W,YIL156W,0,-0.75371385,0.11323392391204834,0.9662027955055237,0.7616569995880127
YBR107C,YBR072W,0,-0.7542858,0.11322073638439178,0.9662027955055237,0.7617570757865906
YOR360C,YOR255W,0,-0.7543818,0.11320754885673523,0.9662027955055237,0.7618570923805237
YNR023W,YPR106W,0,-0.75473756,0.11319436132907867,0.9662027955055237,0.7619571685791016
YPL211W,YDR040C,0,-0.75520885,0.11318118125200272,0.9662027955055237,0.7620572447776794
YGL139W,YGR183C,0,-0.7554768,0.11316800862550735,0.9662027955055237,0.7621573209762573
YKR028W,YDR098C-A,0,-0.7555009,0.1131548285484314,0.9662027955055237,0.7622573375701904
YGR109W-B,YGL254W,0,-0.7555305,0.11314166337251663,0.9662027955055237,0.7623574137687683
YHR090C,YIL017W,0,-0.755667,0.11312849074602127,0.9662027955055237,0.7624574899673462
YJL018W,YOL020W,0,-0.75569,0.1131153255701065,0.9662027955055237,0.7625575065612793
YML033W,YIL042C,0,-0.75583875,0.11310216784477234,0.9662027955055237,0.7626575827598572
YER075C,YDL012C,0,-0.7559111,0.11308900266885757,0.9662027955055237,0.7627576589584351
YMR029C,YLR210W,0,-0.7564118,0.113075852394104,0.9662027955055237,0.7628577351570129
YDR261W-A,YGR010W,0,-0.7564458,0.11306269466876984,0.9662027955055237,0.762957751750946
YDR488C,YML092C,0,-0.756463,0.11304954439401627,0.9662027955055237,0.7630578279495239
YLR391W,YFL026W,0,-0.7565711,0.11303640156984329,0.9662027955055237,0.7631579041481018
YAL068C,YOR358W,0,-0.75680274,0.11302325874567032,0.9662027955055237,0.7632579803466797
YBR228W,YHR030C,0,-0.7569158,0.11301011592149734,0.9662027955055237,0.7633579969406128
YBR254C,YBR090C-A,0,-0.7569304,0.11299698054790497,0.9662027955055237,0.7634580731391907
YGL167C,YLL019C,0,-0.75696707,0.11298384517431259,0.9662027955055237,0.7635581493377686
YGR171C,YNL241C,0,-0.7570979,0.11297070980072021,0.9662027955055237,0.7636581659317017
YFR013W,YOR142W-A,0,-0.75712144,0.11295758187770844,0.9662027955055237,0.7637582421302795
YDR261W-A,YHL009W-A,0,-0.757344,0.11294445395469666,0.9662027955055237,0.7638583183288574
YDR098C-B,YLR432W,0,-0.7575454,0.11293133348226547,0.9662027955055237,0.7639583945274353
YDR098C-B,YGR206W,0,-0.7575488,0.11291821300983429,0.9662027955055237,0.7640584111213684
YOR142W-B,YDR373W,0,-0.75769675,0.1129050999879837,0.9662027955055237,0.7641584873199463
YDR508C,YMR033W,0,-0.7581004,0.11289198696613312,0.9662027955055237,0.7642585635185242
YEL034W,YAR066W,0,-0.7583679,0.11287887394428253,0.9662027955055237,0.764358639717102
YKL220C,YIL017W,0,-0.75839674,0.11286576837301254,0.9662027955055237,0.7644586563110352
YLR421C,YDL208W,0,-0.7586474,0.11285266280174255,0.9662027955055237,0.764558732509613
YOL129W,YJL116C,0,-0.75913346,0.11283956468105316,0.9662027955055237,0.7646588087081909
YIL133C,YAL001C,0,-0.75959754,0.11282646656036377,0.9662027955055237,0.7647588849067688
YIL148W,YGL026C,0,-0.75963414,0.11281336843967438,0.9662027955055237,0.7648589015007019
YBR106W,YJL151C,0,-0.75969833,0.11280027776956558,0.9662027955055237,0.7649589776992798
YLR206W,YKL008C,0,-0.75981367,0.11278718709945679,0.9662027955055237,0.7650590538978577
YOL121C,YJR054W,0,-0.7599386,0.11277410387992859,0.9662027955055237,0.7651590704917908
YDR216W,YNR053C,0,-0.7603817,0.11276102066040039,0.9662027955055237,0.7652591466903687
YNR036C,YML049C,0,-0.7606407,0.11274793744087219,0.9662027955055237,0.7653592228889465
YDL245C,YDL045W-A,0,-0.7608948,0.11273486167192459,0.9662027955055237,0.7654592990875244
YDR261C-C,YIL041W,0,-0.7609112,0.11272179335355759,0.9662027955055237,0.7655593156814575
YKL152C,YCR021C,0,-0.7610533,0.11270871758460999,0.9662027955055237,0.7656593918800354
YFL034C-A,YDR261C-C,0,-0.7611338,0.11269564926624298,0.9662027955055237,0.7657594680786133
YLL033W,YBR223C,0,-0.7612083,0.11268258839845657,0.9662027955055237,0.7658595442771912
YLR398C,YOR142W-B,0,-0.7613746,0.11266952753067017,0.9662027955055237,0.7659595608711243
YNL173C,YAR003W,0,-0.76157874,0.11265646666288376,0.9662027955055237,0.7660596370697021
YJL155C,YNR031C,0,-0.76165384,0.11264341324567795,0.9662027955055237,0.76615971326828
YJL005W,YOR222W,0,-0.76186883,0.11263035982847214,0.9662027955055237,0.7662597298622131
YNL147W,YCL017C,1,-0.76187927,0.11273317039012909,0.9671968221664429,0.7662597298622131
YJR137C,YGR167W,0,-0.7619091,0.11272010952234268,0.9671968221664429,0.766359806060791
YKL201C,YGL133W,0,-0.7622947,0.11270705610513687,0.9671968221664429,0.7664598822593689
YOR236W,YML058W-A,0,-0.7626821,0.11269400268793106,0.9671968221664429,0.7665599584579468
YBR155W,YML101C,0,-0.7627341,0.11268094927072525,0.9671968221664429,0.7666599750518799
YPL187W,YFR053C,0,-0.76305664,0.11266790330410004,0.9671968221664429,0.7667600512504578
YKL217W,YML033W,0,-0.76326174,0.11265485733747482,0.9671968221664429,0.7668601274490356
YNR075W,YMR136W,0,-0.76350534,0.1126418188214302,0.9671968221664429,0.7669602036476135
YKR002W,YER098W,0,-0.7635088,0.11262877285480499,0.9671968221664429,0.7670602202415466
YPR158W-A,YOR027W,0,-0.76360893,0.11261574178934097,0.9671968221664429,0.7671602964401245
YDR202C,YNL064C,0,-0.7637646,0.11260271072387695,0.9671968221664429,0.7672603726387024
YBR126C,YIR033W,0,-0.76408434,0.11258967965841293,0.9671968221664429,0.7673603892326355
YDL004W,YNL102W,0,-0.7641201,0.11257664859294891,0.9671968221664429,0.7674604654312134
YNL087W,YNR004W,0,-0.76431644,0.11256362497806549,0.9671968221664429,0.7675605416297913
YLR263W,YGR027W-A,0,-0.7643744,0.11255060881376266,0.9671968221664429,0.7676606178283691
YGR202C,YJL021C,0,-0.7644173,0.11253759264945984,0.9671968221664429,0.7677606344223022
YDL117W,YDR314C,0,-0.764606,0.11252457648515701,0.9671968221664429,0.7678607106208801
YMR121C,YLR256W-A,0,-0.76477635,0.11251156032085419,0.9671968221664429,0.767960786819458
YPR003C,YDR206W,0,-0.7648063,0.11249855160713196,0.9671968221664429,0.7680608630180359
YLR187W,YGL085W,0,-0.76494557,0.11248555034399033,0.9671968221664429,0.768160879611969
YDR382W,YOR343W-B,0,-0.76495254,0.1124725490808487,0.9671968221664429,0.7682609558105469
YKR034W,YDL140C,0,-0.7654222,0.11245954781770706,0.9671968221664429,0.7683610320091248
YMR093W,YER101C,0,-0.7657414,0.11244655400514603,0.9671968221664429,0.7684610486030579
YGR017W,YGL002W,0,-0.76576424,0.11243356019258499,0.9671968221664429,0.7685611248016357
YLR391W,YER046W,0,-0.7658732,0.11242056638002396,0.9671968221664429,0.7686612010002136
YGR060W,YLR011W,0,-0.76595306,0.11240758001804352,0.9671968221664429,0.7687612771987915
YDR261C-D,YOR351C,0,-0.76598334,0.11239459365606308,0.9671968221664429,0.7688612937927246
YGR007W,YMR313C,0,-0.7662451,0.11238161474466324,0.9671968221664429,0.7689613699913025
YMR118C,YLR157C-B,0,-0.7663972,0.1123686358332634,0.9671968221664429,0.7690614461898804
YIR015W,YPL086C,1,-0.7664278,0.11247113347053528,0.9681908488273621,0.7690614461898804
YLR227W-A,YKL093W,0,-0.76657945,0.11245814710855484,0.9681908488273621,0.7691615223884583
YOL151W,YDR165W,0,-0.7666088,0.1124451607465744,0.9681908488273621,0.7692615389823914
YLL051C,YBR298C,0,-0.76695085,0.11243218183517456,0.9681908488273621,0.7693616151809692
YGL169W,YDL140C,0,-0.7670108,0.11241920292377472,0.9681908488273621,0.7694616913795471
YOR153W,YKR066C,0,-0.7670119,0.11240623146295547,0.9681908488273621,0.7695617079734802
YCR091W,YPR161C,0,-0.76745975,0.11239326000213623,0.9681908488273621,0.7696617841720581
YDR034C,YOR018W,0,-0.7675294,0.11238029599189758,0.9681908488273621,0.769761860370636
YGR112W,YLR410W-B,0,-0.76778316,0.11236732453107834,0.9681908488273621,0.7698619365692139
YJL063C,YOL054W,0,-0.7683358,0.11235436797142029,0.9681908488273621,0.769961953163147
YMR186W,YML081W,0,-0.7687342,0.11234140396118164,0.9681908488273621,0.7700620293617249
YNL006W,YLR425W,0,-0.7688215,0.11232845485210419,0.9681908488273621,0.7701621055603027
YNR063W,YPL259C,0,-0.7688445,0.11231549829244614,0.9681908488273621,0.7702621817588806
YOR343W-B,YER001W,0,-0.7688628,0.11230254918336868,0.9681908488273621,0.7703621983528137
YPR047W,YMR059W,1,-0.7690905,0.11240489035844803,0.9691848754882812,0.7703621983528137
YGL226W,YNL053W,0,-0.7695421,0.11239193379878998,0.9691848754882812,0.7704622745513916
YMR048W,YCR068W,0,-0.7696121,0.11237897723913193,0.9691848754882812,0.7705623507499695
YML026C,YDL194W,0,-0.7697753,0.11236602813005447,0.9691848754882812,0.7706624269485474
YOR064C,YNL148C,0,-0.77032316,0.11235307902097702,0.9691848754882812,0.7707624435424805
YJR091C,YMR267W,0,-0.7704861,0.11234012991189957,0.9691848754882812,0.7708625197410583
YDR365W-A,YJL087C,0,-0.77048767,0.11232718825340271,0.9691848754882812,0.7709625959396362
YOR142W-A,YKR065C,0,-0.7705997,0.11231424659490585,0.9691848754882812,0.7710626125335693
YPL064C,YOR142W-B,0,-0.7707889,0.1123013123869896,0.9691848754882812,0.7711626887321472
YBR044C,YDR210C-C,0,-0.7710418,0.11228837817907333,0.9691848754882812,0.7712627649307251
YLR227W-A,YBR114W,0,-0.7711882,0.11227545142173767,0.9691848754882812,0.771362841129303
YIL118W,YJL021C,0,-0.77176213,0.11226252466440201,0.9691848754882812,0.7714628577232361
YDL215C,YOR136W,0,-0.77180815,0.11224959790706635,0.9691848754882812,0.771562933921814
YDR261C-C,YCR083W,0,-0.77194405,0.11223667860031128,0.9691848754882812,0.7716630101203918
YIL079C,YDR304C,0,-0.77209896,0.11222375929355621,0.9691848754882812,0.7717630863189697
YHR157W,YHR190W,0,-0.7721706,0.11221083998680115,0.9691848754882812,0.7718631029129028
YCL062W,YAL048C,0,-0.7721897,0.11219792813062668,0.9691848754882812,0.7719631791114807
YDR098C-B,YPL002C,0,-0.7722454,0.11218501627445221,0.9691848754882812,0.7720632553100586
YPR137C-A,YJR086W,0,-0.77233154,0.11217211186885834,0.9691848754882812,0.7721632719039917
YMR161W,YOR341W,0,-0.7724421,0.11215920746326447,0.9691848754882812,0.7722633481025696
YPL224C,YPR158C-C,0,-0.77256083,0.11214631050825119,0.9691848754882812,0.7723634243011475
YDR007W,YBL097W,0,-0.7726948,0.11213341355323792,0.9691848754882812,0.7724635004997253
YNL315C,YAL019W,0,-0.77277035,0.11212051659822464,0.9691848754882812,0.7725635170936584
YPL060C-A,YDR415C,0,-0.77277756,0.11210761964321136,0.9691848754882812,0.7726635932922363
YHR098C,YJL176C,0,-0.7728893,0.11209473758935928,0.9691848754882812,0.7727636694908142
YDR308C,YLL039C,0,-0.7730526,0.1120818480849266,0.9691848754882812,0.7728637456893921
YER065C,YGR038C-A,0,-0.7733047,0.11206896603107452,0.9691848754882812,0.7729637622833252
YGL046W,YDL193W,0,-0.7734419,0.11205608397722244,0.9691848754882812,0.7730638384819031
YOR383C,YHR120W,0,-0.7738668,0.11204320937395096,0.9691848754882812,0.773163914680481
YIL162W,YAL047C,0,-0.77391344,0.11203033477067947,0.9691848754882812,0.7732639312744141
YER049W,YPL113C,0,-0.77398056,0.11201746016740799,0.9691848754882812,0.7733640074729919
YDR470C,YMR034C,0,-0.77423644,0.1120045930147171,0.9691848754882812,0.7734640836715698
YOR101W,YGL212W,0,-0.774266,0.11199173331260681,0.9691848754882812,0.7735641598701477
YKL048C,YDL076C,0,-0.7743083,0.11197886615991592,0.9691848754882812,0.7736641764640808
YGR161C-C,YFR031C-A,0,-0.77435184,0.11196600645780563,0.9691848754882812,0.7737642526626587
YER177W,YGL004C,0,-0.7744687,0.11195315420627594,0.9691848754882812,0.7738643288612366
YJL069C,YPR133W-A,0,-0.7745055,0.11194030195474625,0.9691848754882812,0.7739644050598145
YPR201W,YHR066W,0,-0.77453107,0.11192744970321655,0.9691848754882812,0.7740644216537476
YPL181W,YOR343W-B,0,-0.7746171,0.11191459745168686,0.9691848754882812,0.7741644978523254
YOR261C,YOL103W-A,0,-0.7747005,0.11190175265073776,0.9691848754882812,0.7742645740509033
YLR187W,YBR110W,0,-0.77484685,0.11188891530036926,0.9691848754882812,0.7743645906448364
YDR365W-A,YFR040W,0,-0.77520674,0.11187607795000076,0.9691848754882812,0.7744646668434143
YOL016C,YDR034C-D,0,-0.7752565,0.11186324059963226,0.9691848754882812,0.7745647430419922
YBR244W,YFL021W,0,-0.77525896,0.11185041069984436,0.9691848754882812,0.7746648192405701
YOL103W-B,YBR162W-A,0,-0.7753964,0.11183758080005646,0.9691848754882812,0.7747648358345032
YOL075C,YBR119W,0,-0.7755091,0.11182475090026855,0.9691848754882812,0.774864912033081
YKL053C-A,YOR142W-A,0,-0.77570266,0.11181192845106125,0.9691848754882812,0.7749649882316589
YNL154C,YPR111W,0,-0.7759884,0.11179910600185394,0.9691848754882812,0.7750650644302368
YLL055W,YER087C-B,0,-0.77602005,0.11178629100322723,0.9691848754882812,0.7751650810241699
YDR039C,YBR067C,0,-0.77605,0.11177347600460052,0.9691848754882812,0.7752651572227478
YNL256W,YKR034W,0,-0.77609396,0.11176066100597382,0.9691848754882812,0.7753652334213257
YDR403W,YDR171W,0,-0.7763176,0.1117478534579277,0.9691848754882812,0.7754652500152588
YAL024C,YPL248C,0,-0.77636415,0.11173504590988159,0.9691848754882812,0.7755653262138367
YHR124W,YLR249W,0,-0.7764406,0.11172223836183548,0.9691848754882812,0.7756654024124146
YDR191W,YPR114W,0,-0.77645296,0.11170943826436996,0.9691848754882812,0.7757654786109924
YMR002W,YML078W,0,-0.7765473,0.11169664561748505,0.9691848754882812,0.7758654952049255
YER072W,YML058W-A,0,-0.77659774,0.11168384552001953,0.9691848754882812,0.7759655714035034
YDR541C,YDR234W,0,-0.7767123,0.11167106032371521,0.9691848754882812,0.7760656476020813
YKR079C,YGR161W-A,0,-0.7768227,0.11165826767683029,0.9691848754882812,0.7761657238006592
YAL060W,YNL125C,0,-0.7768531,0.11164548248052597,0.9691848754882812,0.7762657403945923
YBR221C,YLR157C,0,-0.77693397,0.11163269728422165,0.9691848754882812,0.7763658165931702
YDL198C,YPL027W,0,-0.7773104,0.11161991953849792,0.9691848754882812,0.776465892791748
YLR216C,YPL162C,0,-0.7777393,0.1116071417927742,0.9691848754882812,0.7765659689903259
YMR002W,YMR182C,0,-0.7780726,0.11159437149763107,0.9691848754882812,0.776665985584259
YPR091C,YER078C,0,-0.7781001,0.11158160120248795,0.9691848754882812,0.7767660617828369
YBR275C,YDR435C,0,-0.778121,0.11156883090734482,0.9691848754882812,0.7768661379814148
YDR541C,YDR381W,0,-0.7781931,0.11155606061220169,0.9691848754882812,0.7769661545753479
YDL217C,YNL058C,0,-0.7782549,0.11154330521821976,0.9691848754882812,0.7770662307739258
YOR339C,YMR203W,0,-0.77849567,0.11153054237365723,0.9691848754882812,0.7771663069725037
YGL038C,YCR017C,0,-0.7784959,0.11151778697967529,0.9691848754882812,0.7772663831710815
YKL085W,YHR216W,0,-0.77849895,0.11150503158569336,0.9691848754882812,0.7773663997650146
YNL026W,YKL077W,0,-0.77857465,0.11149228364229202,0.9691848754882812,0.7774664759635925
YHR057C,YPL066W,0,-0.7789942,0.11147953569889069,0.9691848754882812,0.7775665521621704
YDL031W,YGL142C,0,-0.77925175,0.11146678775548935,0.9691848754882812,0.7776666283607483
YAR035W,YOR343W-B,0,-0.7798148,0.11145404726266861,0.9691848754882812,0.7777666449546814
YNL229C,YOR264W,0,-0.7799303,0.11144130676984787,0.9691848754882812,0.7778667211532593
YNL126W,YPR066W,0,-0.7802503,0.11142857372760773,0.9691848754882812,0.7779667973518372
YOR259C,YPL122C,0,-0.78037655,0.11141584068536758,0.9691848754882812,0.7780668139457703
YPR133W-A,YMR189W,0,-0.7804118,0.11140310764312744,0.9691848754882812,0.7781668901443481
YMR112C,YJL042W,0,-0.78046954,0.1113903820514679,0.9691848754882812,0.778266966342926
YDR148C,YAL022C,0,-0.7805422,0.11137765645980835,0.9691848754882812,0.7783670425415039
YGR109W-B,YLR307W,0,-0.7806541,0.1113649308681488,0.9691848754882812,0.778467059135437
YDR403W,YLR449W,0,-0.78075814,0.11135221272706985,0.9691848754882812,0.7785671353340149
YNL278W,YAL007C,0,-0.78083366,0.1113395020365715,0.9691848754882812,0.7786672115325928
YLR227W-B,YBR162C,0,-0.78084975,0.11132678389549255,0.9691848754882812,0.7787672877311707
YOR378W,YLR293C,0,-0.78085923,0.1113140806555748,0.9691848754882812,0.7788673043251038
YNL092W,YIL121W,0,-0.7809457,0.11130136996507645,0.9691848754882812,0.7789673805236816
YER179W,YGR271W,0,-0.78112924,0.11128866672515869,0.9691848754882812,0.7790674567222595
YPL069C,YHL035C,0,-0.7811314,0.11127596348524094,0.9691848754882812,0.7791674733161926
YBR128C,YGR161W-A,0,-0.7811791,0.11126326769590378,0.9691848754882812,0.7792675495147705
YPL256C,YDR304C,0,-0.78122985,0.11125057190656662,0.9691848754882812,0.7793676257133484
YML029W,YOR110W,0,-0.7813608,0.11123787611722946,0.9691848754882812,0.7794677019119263
YDR210C-C,YJL020C,0,-0.7819669,0.1112251877784729,0.9691848754882812,0.7795677185058594
YGR028W,YDR098C-B,0,-0.78202677,0.11121249943971634,0.9691848754882812,0.7796677947044373
YML045W-A,YHR158C,0,-0.7820687,0.11119981855154037,0.9691848754882812,0.7797678709030151
YIL083C,YGR161C-C,0,-0.7821227,0.11118713766336441,0.9691848754882812,0.779867947101593
YOL017W,YKL203C,0,-0.78246975,0.11117445677518845,0.9691848754882812,0.7799679636955261
YPR143W,YMR226C,0,-0.7826445,0.11116178333759308,0.9691848754882812,0.780068039894104
YGL192W,YPL133C,0,-0.782653,0.11114910989999771,0.9691848754882812,0.7801681160926819
YBL011W,YPL223C,0,-0.78272,0.11113644391298294,0.9691848754882812,0.780268132686615
YGR038C-B,YIR034C,0,-0.7828536,0.11112377792596817,0.9691848754882812,0.7803682088851929
YLR227W-B,YMR214W,0,-0.7829678,0.1111111119389534,0.9691848754882812,0.7804682850837708
YGR099W,YAR003W,0,-0.78304946,0.11109845340251923,0.9691848754882812,0.7805683612823486
YMR216C,YDR207C,0,-0.78349364,0.11108579486608505,0.9691848754882812,0.7806683778762817
YIL066C,YDL083C,0,-0.78356946,0.11107313632965088,0.9691848754882812,0.7807684540748596
YHL009W-A,YDR530C,0,-0.78360564,0.1110604852437973,0.9691848754882812,0.7808685302734375
YLR227W-B,YGL203C,0,-0.7837866,0.11104783415794373,0.9691848754882812,0.7809686064720154
YHR135C,YLR256W-A,0,-0.783949,0.11103519052267075,0.9691848754882812,0.7810686230659485
YGR212W,YGR068C,0,-0.7840433,0.11102254688739777,0.9691848754882812,0.7811686992645264
YIL133C,YPL257W-B,0,-0.7844116,0.11100990325212479,0.9691848754882812,0.7812687754631042
YMR271C,YPR072W,0,-0.78446686,0.1109972670674324,0.9691848754882812,0.7813687920570374
YDR444W,YPR155C,0,-0.7845268,0.11098463088274002,0.9691848754882812,0.7814688682556152
YPR114W,YBR302C,0,-0.78480726,0.11097200214862823,0.9691848754882812,0.7815689444541931
YJL187C,YLR259C,0,-0.7849674,0.11095937341451645,0.9691848754882812,0.781669020652771
YMR136W,YFL002W-B,0,-0.7852171,0.11094674468040466,0.9691848754882812,0.7817690372467041
YOR117W,YGL032C,0,-0.7852831,0.11093412339687347,0.9691848754882812,0.781869113445282
YAL017W,YOL070C,0,-0.7853024,0.11092150211334229,0.9691848754882812,0.7819691896438599
YHR005C-A,YMR200W,0,-0.78551733,0.1109088808298111,0.9691848754882812,0.7820692658424377
YPR154W,YPR137C-A,0,-0.7858734,0.1108962669968605,0.9691848754882812,0.7821692824363708
YDR325W,YPR160W,0,-0.78587914,0.11088366061449051,0.9691848754882812,0.7822693586349487
YOL041C,YOR351C,0,-0.78594756,0.11087104678153992,0.9691848754882812,0.7823694348335266
YJL180C,YDR034C-D,0,-0.7859598,0.11085844039916992,0.9691848754882812,0.7824695110321045
YPL268W,YDL045W-A,0,-0.7859705,0.11084584146738052,0.9691848754882812,0.7825695276260376
YGL121C,YPR124W,0,-0.7859833,0.11083323508501053,0.9691848754882812,0.7826696038246155
YMR047C,YBR173C,0,-0.7864101,0.11082064360380173,0.9691848754882812,0.7827696800231934
YCR060W,YJR083C,0,-0.78644466,0.11080804467201233,0.9691848754882812,0.7828696966171265
YML045W-A,YGL133W,0,-0.7864874,0.11079545319080353,0.9691848754882812,0.7829697728157043
YDR430C,YKL049C,0,-0.78655744,0.11078286916017532,0.9691848754882812,0.7830698490142822
YDR137W,YIL022W,0,-0.7868535,0.11077027767896652,0.9691848754882812,0.7831699252128601
YDL079C,YMR134W,0,-0.78697956,0.11075769364833832,0.9691848754882812,0.7832699418067932
YDR462W,YDR233C,0,-0.7869915,0.11074511706829071,0.9691848754882812,0.7833700180053711
YBR080C,YGR165W,0,-0.787108,0.1107325404882431,0.9691848754882812,0.783470094203949
YGR240C,YIL143C,0,-0.7873544,0.1107199639081955,0.9691848754882812,0.7835701704025269
YPL200W,YDR210W-A,0,-0.7876567,0.11070739477872849,0.9691848754882812,0.78367018699646
YKL095W,YDR098C-A,0,-0.7877328,0.11069482564926147,0.9691848754882812,0.7837702631950378
YJL051W,YIL044C,0,-0.78794473,0.11068225651979446,0.9691848754882812,0.7838703393936157
YDR262W,YLR272C,0,-0.7880054,0.11066969484090805,0.9691848754882812,0.7839703559875488
YLR138W,YOR343W-B,0,-0.7880497,0.11065713316202164,0.9691848754882812,0.7840704321861267
YOR380W,YGR170W,0,-0.7880807,0.11064457893371582,0.9691848754882812,0.7841705083847046
YLR160C,YNL275W,0,-0.78838915,0.1106320172548294,0.9691848754882812,0.7842705845832825
YLR240W,YLL054C,0,-0.7884711,0.11061947047710419,0.9691848754882812,0.7843706011772156
YKL126W,YDL005C,0,-0.78851134,0.11060692369937897,0.9691848754882812,0.7844706773757935
YER013W,YNL054W-A,0,-0.78854764,0.11059437692165375,0.9691848754882812,0.7845707535743713
YCR107W,YDR201W,0,-0.7887223,0.11058183014392853,0.9691848754882812,0.7846708297729492
YPL049C,YNL054W-A,0,-0.7888298,0.1105692908167839,0.9691848754882812,0.7847708463668823
YDR135C,YBL005W,0,-0.7895469,0.11055675148963928,0.9691848754882812,0.7848709225654602
YGR174C,YIR019C,0,-0.7897954,0.11054421961307526,0.9691848754882812,0.7849709987640381
YLR163C,YER149C,0,-0.7898561,0.11053168773651123,0.9691848754882812,0.7850710153579712
YBL098W,YNL099C,0,-0.79012966,0.1105191558599472,0.9691848754882812,0.7851710915565491
YIL148W,YGR238C,0,-0.7902274,0.11050663143396378,0.9691848754882812,0.785271167755127
YLR361C,YNR072W,0,-0.79052365,0.11049410700798035,0.9691848754882812,0.7853712439537048
YGL208W,YOR258W,0,-0.79053795,0.11048159003257751,0.9691848754882812,0.7854712605476379
YBR042C,YHL018W,0,-0.79079664,0.11046906560659409,0.9691848754882812,0.7855713367462158
YFR024C,YIL159W,0,-0.7910549,0.11045655608177185,0.9691848754882812,0.7856714129447937
YOL102C,YDR098C-A,0,-0.79107547,0.11044403910636902,0.9691848754882812,0.7857714891433716
YBR234C,YDR098C-A,0,-0.79130393,0.11043152958154678,0.9691848754882812,0.7858715057373047
YDR261W-A,YPR011C,0,-0.7914162,0.11041902750730515,0.9691848754882812,0.7859715819358826
YHR001W-A,YDL236W,0,-0.7914351,0.11040652543306351,0.9691848754882812,0.7860716581344604
YGR132C,YJR086W,0,-0.79188466,0.11039402335882187,0.9691848754882812,0.7861716747283936
YBR279W,YDR098C-A,0,-0.7920313,0.11038152128458023,0.9691848754882812,0.7862717509269714
YMR059W,YGR010W,0,-0.79227924,0.11036902666091919,0.9691848754882812,0.7863718271255493
YDR538W,YBL013W,0,-0.79228544,0.11035653948783875,0.9691848754882812,0.7864719033241272
YPL257W-B,YDR411C,0,-0.79244304,0.1103440448641777,0.9691848754882812,0.7865719199180603
YEL052W,YGR003W,0,-0.7929542,0.11033155769109726,0.9691848754882812,0.7866719961166382
YJL103C,YKR045C,0,-0.7931508,0.11031907796859741,0.9691848754882812,0.7867720723152161
YLR289W,YOL039W,0,-0.79333526,0.11030659824609756,0.9691848754882812,0.786872148513794
YBR180W,YBL067C,0,-0.79348314,0.11029411852359772,0.9691848754882812,0.786972165107727
YDR072C,YGL043W,0,-0.79384196,0.11028163880109787,0.9691848754882812,0.7870722413063049
YJL176C,YEL069C,0,-0.7939495,0.11026916652917862,0.9691848754882812,0.7871723175048828
YKR075C,YLL066C,0,-0.7942487,0.11025670170783997,0.9691848754882812,0.7872723340988159
YDL010W,YGL226C-A,0,-0.79425097,0.11024423688650131,0.9691848754882812,0.7873724102973938
YOL103W-B,YGR046W,0,-0.79439116,0.11023177206516266,0.9691848754882812,0.7874724864959717
YCL048W,YER165W,0,-0.79446,0.110219307243824,0.9691848754882812,0.7875725626945496
YBR005W,YKR025W,0,-0.7945819,0.11020684987306595,0.9691848754882812,0.7876725792884827
YMR318C,YKL090W,0,-0.79468066,0.11019439250230789,0.9691848754882812,0.7877726554870605
YNR036C,YDR384C,0,-0.79482603,0.11018194258213043,0.9691848754882812,0.7878727316856384
YKR013W,YGL067W,0,-0.79488003,0.11016949266195297,0.9691848754882812,0.7879728078842163
YPR065W,YNL284C-A,0,-0.794927,0.11015704274177551,0.9691848754882812,0.7880728244781494
YPL170W,YDL240W,0,-0.79511654,0.11014460027217865,0.9691848754882812,0.7881729006767273
YER039C,YGR134W,0,-0.79545903,0.11013215780258179,0.9691848754882812,0.7882729768753052
YDL198C,YNL177C,0,-0.79563475,0.11011972278356552,0.9691848754882812,0.7883730530738831
YJR090C,YJL155C,0,-0.7957615,0.11010728031396866,0.9691848754882812,0.7884730696678162
YHR214C-B,YKL150W,0,-0.7957988,0.11009485274553299,0.9691848754882812,0.788573145866394
YOR133W,YPL140C,0,-0.79582226,0.11008241772651672,0.9691848754882812,0.7886732220649719
YER060W,YDR229W,0,-0.79612696,0.11006999015808105,0.9691848754882812,0.788773238658905
YOL095C,YAL068C,0,-0.7961629,0.11005757004022598,0.9691848754882812,0.7888733148574829
YLR347C,YIL041W,0,-0.7961813,0.11004514992237091,0.9691848754882812,0.7889733910560608
YHR187W,YHL028W,0,-0.79623556,0.11003272980451584,0.9691848754882812,0.7890734672546387
YBR161W,YGL170C,0,-0.7963555,0.11002030968666077,0.9691848754882812,0.7891734838485718
YLL018C-A,YNL139C,0,-0.7964096,0.11000789701938629,0.9691848754882812,0.7892735600471497
YGR109W-A,YDL139C,0,-0.79643905,0.10999548435211182,0.9691848754882812,0.7893736362457275
YBR229C,YHR191C,0,-0.7968397,0.10998307913541794,0.9691848754882812,0.7894737124443054
YMR304W,YKR055W,0,-0.79723114,0.10997067391872406,0.9691848754882812,0.7895737290382385
YOR010C,YHR214C-C,0,-0.7972979,0.10995826870203018,0.9691848754882812,0.7896738052368164
YOR178C,YPR158W-B,0,-0.79751676,0.1099458709359169,0.9691848754882812,0.7897738814353943
YIL007C,YLR316C,0,-0.7976489,0.10993347316980362,0.9691848754882812,0.7898738980293274
YKR049C,YFL002W-B,0,-0.7977317,0.10992108285427094,0.9691848754882812,0.7899739742279053
YJL112W,YGR161W-B,0,-0.79807067,0.10990869253873825,0.9691848754882812,0.7900740504264832
YPL060C-A,YJR053W,0,-0.79812664,0.10989630222320557,0.9691848754882812,0.790174126625061
YIL013C,YBR187W,0,-0.79840755,0.10988391935825348,0.9691848754882812,0.7902741432189941
YLR077W,YLR119W,0,-0.7984879,0.10987153649330139,0.9691848754882812,0.790374219417572
YLR336C,YDR100W,0,-0.7985124,0.1098591536283493,0.9691848754882812,0.7904742956161499
YBR238C,YNR035C,0,-0.7989034,0.10984677821397781,0.9691848754882812,0.7905743718147278
YPR046W,YNR033W,0,-0.79911065,0.10983440279960632,0.9691848754882812,0.7906743884086609
YOL075C,YIL043C,0,-0.7992811,0.10982203483581543,0.9691848754882812,0.7907744646072388
YMR161W,YDR098C-A,0,-0.7994368,0.10980966687202454,0.9691848754882812,0.7908745408058167
YGR161C-C,YMR135C,0,-0.79948294,0.10979729890823364,0.9691848754882812,0.7909745573997498
YPL178W,YGR193C,0,-0.7995657,0.10978493094444275,0.9691848754882812,0.7910746335983276
YKR089C,YPL230W,0,-0.7995913,0.10977257043123245,0.9691848754882812,0.7911747097969055
YOR142W-A,YKL157W,0,-0.7996156,0.10976021736860275,0.9691848754882812,0.7912747859954834
YGR133W,YDL140C,0,-0.79974437,0.10974786430597305,0.9691848754882812,0.7913748025894165
YMR052W,YPR030W,0,-0.7998123,0.10973551124334335,0.9691848754882812,0.7914748787879944
YGL038C,YPR158W-A,0,-0.8001809,0.10972315818071365,0.9691848754882812,0.7915749549865723
YLR155C,YPL252C,0,-0.8003076,0.10971081256866455,0.9691848754882812,0.7916750311851501
YOR005C,YJR150C,0,-0.80049086,0.10969846695661545,0.9691848754882812,0.7917750477790833
YMR087W,YLR438C-A,1,-0.8009449,0.1097986251115799,0.9701789021492004,0.7917750477790833
YOR330C,YKL148C,0,-0.80099696,0.10978627949953079,0.9701789021492004,0.7918751239776611
YOR142W-A,YHR120W,0,-0.8011279,0.10977392643690109,0.9701789021492004,0.791975200176239
YKL150W,YDL239C,0,-0.80126154,0.10976158082485199,0.9701789021492004,0.7920752167701721
YFL045C,YNL145W,0,-0.80134404,0.10974924266338348,0.9701789021492004,0.79217529296875
YNL229C,YGL038C,0,-0.8018857,0.10973690450191498,0.9701789021492004,0.7922753691673279
YBR020W,YKR093W,0,-0.8019619,0.10972456634044647,0.9701789021492004,0.7923754453659058
YAL055W,YKR001C,0,-0.80198884,0.10971222817897797,0.9701789021492004,0.7924754619598389
YNR036C,YOR171C,0,-0.8020278,0.10969989746809006,0.9701789021492004,0.7925755381584167
YOR267C,YHR168W,0,-0.8021126,0.10968756675720215,0.9701789021492004,0.7926756143569946
YDL214C,YPR017C,0,-0.80218995,0.10967524349689484,0.9701789021492004,0.7927756905555725
YLR209C,YKL022C,0,-0.8024282,0.10966292023658752,0.9701789021492004,0.7928757071495056
YIL085C,YJL196C,0,-0.8024678,0.10965060442686081,0.9701789021492004,0.7929757833480835
YPL249C-A,YBL038W,0,-0.80279887,0.1096382811665535,0.9701789021492004,0.7930758595466614
YOR260W,YER026C,0,-0.8028345,0.10962596535682678,0.9701789021492004,0.7931758761405945
YOR019W,YLR227W-B,0,-0.8029206,0.10961365699768066,0.9701789021492004,0.7932759523391724
YNL075W,YOR343W-B,0,-0.8029795,0.10960134863853455,0.9701789021492004,0.7933760285377502
YAL002W,YNL290W,0,-0.8031398,0.10958904027938843,0.9701789021492004,0.7934761047363281
YOR207C,YLR227W-B,0,-0.80329037,0.1095767393708229,0.9701789021492004,0.7935761213302612
YJL060W,YDR408C,0,-0.80376214,0.10956443846225739,0.9701789021492004,0.7936761975288391
YGL126W,YCL011C,0,-0.80402386,0.10955213755369186,0.9701789021492004,0.793776273727417
YNL263C,YKL170W,0,-0.8040553,0.10953984409570694,0.9701789021492004,0.7938763499259949
YPL270W,YGR282C,0,-0.8046822,0.10952755063772202,0.9701789021492004,0.793976366519928
YOR142W-B,YNL076W,0,-0.8048332,0.10951525717973709,0.9701789021492004,0.7940764427185059
YGR027W-A,YOR122C,0,-0.80532914,0.10950297117233276,0.9701789021492004,0.7941765189170837
YLR453C,YOR176W,0,-0.80540407,0.10949068516492844,0.9701789021492004,0.7942765951156616
YJR137C,YMR136W,0,-0.8054554,0.1094784066081047,0.9701789021492004,0.7943766117095947
YDR261C-C,YPR033C,0,-0.80559105,0.10946612805128098,0.9701789021492004,0.7944766879081726
YJL053W,YDR519W,0,-0.80625397,0.10945384949445724,0.9701789021492004,0.7945767641067505
YLR047C,YHR001W-A,0,-0.8066532,0.10944157838821411,0.9701789021492004,0.7946767807006836
YPL099C,YLR138W,0,-0.80665994,0.10942930728197098,0.9701789021492004,0.7947768568992615
YEL009C,YPL120W,0,-0.8066872,0.10941704362630844,0.9701789021492004,0.7948769330978394
YEL060C,YGL192W,0,-0.8067128,0.10940477252006531,0.9701789021492004,0.7949770092964172
YBL091C-A,YDR210W,0,-0.80697745,0.10939251631498337,0.9701789021492004,0.7950770258903503
YGL032C,YPR161C,0,-0.80710655,0.10938025265932083,0.9701789021492004,0.7951771020889282
YIR035C,YGR288W,0,-0.80711806,0.10936799645423889,0.9701789021492004,0.7952771782875061
YOL103W-B,YGR033C,0,-0.8071879,0.10935574024915695,0.9701789021492004,0.795377254486084
YGR257C,YBR119W,0,-0.8072407,0.10934349149465561,0.9701789021492004,0.7954772710800171
YOR367W,YBL031W,0,-0.8072612,0.10933124274015427,0.9701789021492004,0.795577347278595
YJL196C,YNL054W-A,0,-0.80741745,0.10931899398565292,0.9701789021492004,0.7956774234771729
YBL099W,YBR298C,0,-0.80757713,0.10930675268173218,0.9701789021492004,0.795777440071106
YKL096W-A,YGL043W,0,-0.8076278,0.10929451137781143,0.9701789021492004,0.7958775162696838
YOR298W,YDL049C,0,-0.8077742,0.10928227752447128,0.9701789021492004,0.7959775924682617
YPL158C,YDR432W,0,-0.8077891,0.10927004367113113,0.9701789021492004,0.7960776686668396
YNL263C,YJL012C,0,-0.80802506,0.10925780981779099,0.9701789021492004,0.7961776852607727
YGR239C,YKL094W,0,-0.80835843,0.10924557596445084,0.9701789021492004,0.7962777614593506
YOL051W,YDR261C-C,0,-0.80838764,0.10923334956169128,0.9701789021492004,0.7963778376579285
YJR120W,YGL240W,0,-0.80844325,0.10922113060951233,0.9701789021492004,0.7964779138565063
YDR143C,YIR004W,0,-0.8084949,0.10920890420675278,0.9701789021492004,0.7965779304504395
YNL220W,YGR161W-A,0,-0.8086277,0.10919668525457382,0.9701789021492004,0.7966780066490173
YOL103W-B,YKR064W,0,-0.8087084,0.10918447375297546,0.9701789021492004,0.7967780828475952
YPL037C,YDR273W,0,-0.80877006,0.1091722622513771,0.9701789021492004,0.7968780994415283
YGL025C,YGR099W,0,-0.8089614,0.10916005074977875,0.9701789021492004,0.7969781756401062
YHR183W,YIL061C,0,-0.8090507,0.10914783924818039,0.9701789021492004,0.7970782518386841
YDR429C,YPR066W,0,-0.8094059,0.10913563519716263,0.9701789021492004,0.797178328037262
YIL162W,YNL298W,0,-0.80943036,0.10912343114614487,0.9701789021492004,0.7972783446311951
YJL166W,YPR196W,0,-0.80958176,0.1091112345457077,0.9701789021492004,0.797378420829773
YDR359C,YOL016C,0,-0.8096608,0.10909903794527054,0.9701789021492004,0.7974784970283508
YPR188C,YDR411C,0,-0.8098115,0.10908684134483337,0.9701789021492004,0.7975785732269287
YEL077C,YNL304W,0,-0.8098509,0.1090746521949768,0.9701789021492004,0.7976785898208618
YJR144W,YGL180W,0,-0.81013155,0.10906246304512024,0.9701789021492004,0.7977786660194397
YIL110W,YKL170W,0,-0.81019026,0.10905028134584427,0.9701789021492004,0.7978787422180176
YPL265W,YPR141C,0,-0.8104204,0.1090380996465683,0.9701789021492004,0.7979787588119507
YIR015W,YOL102C,1,-0.8106476,0.109137624502182,0.9711729884147644,0.7979787588119507
YGR128C,YJR083C,0,-0.8107846,0.10912543535232544,0.9711729884147644,0.7980788350105286
YMR318C,YNR055C,0,-0.8108067,0.10911324620246887,0.9711729884147644,0.7981789112091064
YDL178W,YDR453C,0,-0.8108132,0.1091010645031929,0.9711729884147644,0.7982789874076843
YLR107W,YDL014W,0,-0.8111595,0.10908887535333633,0.9711729884147644,0.7983790040016174
YMR105C,YPL027W,0,-0.81129664,0.10907670110464096,0.9711729884147644,0.7984790802001953
YHR169W,YKL161C,0,-0.8115437,0.10906452685594559,0.9711729884147644,0.7985791563987732
YPR137C-A,YIL066C,0,-0.81162786,0.10905235260725021,0.9711729884147644,0.7986792325973511
YHR108W,YDR264C,0,-0.8118403,0.10904017835855484,0.9711729884147644,0.7987792491912842
YGR013W,YBR183W,0,-0.8122753,0.10902801156044006,0.9711729884147644,0.7988793253898621
YDL202W,YGR271W,0,-0.8122756,0.10901584476232529,0.9711729884147644,0.7989794015884399
YIL135C,YLR037C,0,-0.81256425,0.10900368541479111,0.9711729884147644,0.799079418182373
YFR019W,YBR281C,0,-0.8126068,0.10899151861667633,0.9711729884147644,0.7991794943809509
YER072W,YPR171W,0,-0.8130444,0.10897936671972275,0.9711729884147644,0.7992795705795288
YFL045C,YDL044C,0,-0.8130686,0.10896720737218857,0.9711729884147644,0.7993796467781067
YDL113C,YBR039W,0,-0.8134272,0.10895505547523499,0.9711729884147644,0.7994796633720398
YOL091W,YDR168W,0,-0.81354666,0.108942911028862,0.9711729884147644,0.7995797395706177
YBL040C,YGL078C,0,-0.81365967,0.10893075913190842,0.9711729884147644,0.7996798157691956
YPL257W-B,YLR413W,0,-0.81371003,0.10891861468553543,0.9711729884147644,0.7997798919677734
YLL055W,YOR113W,0,-0.8138157,0.10890647768974304,0.9711729884147644,0.7998799085617065
YDR261W-A,YGR083C,0,-0.81386,0.10889434069395065,0.9711729884147644,0.7999799847602844
YGL061C,YPL225W,0,-0.8138643,0.10888220369815826,0.9711729884147644,0.8000800609588623
YDR438W,YGR161W-B,0,-0.81388044,0.10887006670236588,0.9711729884147644,0.8001801371574402
YPR158W-B,YLR085C,0,-0.8139614,0.10885793715715408,0.9711729884147644,0.8002801537513733
YER044C-A,YGR205W,0,-0.8142804,0.10884580761194229,0.9711729884147644,0.8003802299499512
YNL284C-A,YDL214C,0,-0.81449425,0.1088336855173111,0.9711729884147644,0.800480306148529
YDL245C,YNL233W,0,-0.81450135,0.1088215634226799,0.9711729884147644,0.8005803227424622
YGL209W,YFL002W-B,0,-0.81506705,0.1088094413280487,0.9711729884147644,0.80068039894104
YGR122W,YGR138C,0,-0.8150766,0.10879732668399811,0.9711729884147644,0.8007804751396179
YBR010W,YKR069W,0,-0.8150787,0.10878521203994751,0.9711729884147644,0.8008805513381958
YGR033C,YLR157C-A,0,-0.8150881,0.10877310484647751,0.9711729884147644,0.8009805679321289
YDR261W-A,YBL079W,0,-0.8153151,0.10876099020242691,0.9711729884147644,0.8010806441307068
YCL039W,YOR343W-B,0,-0.8154548,0.1087488904595375,0.9711729884147644,0.8011807203292847
YNL133C,YML078W,0,-0.81551886,0.1087367832660675,0.9711729884147644,0.8012807965278625
YOR028C,YOR085W,0,-0.81621313,0.1087246835231781,0.9711729884147644,0.8013808131217957
YNR075W,YLR066W,0,-0.8164032,0.1087125837802887,0.9711729884147644,0.8014808893203735
YML045W,YDL170W,0,-0.8174996,0.10870049148797989,0.9711729884147644,0.8015809655189514
YDR119W,YJL116C,0,-0.8175554,0.10868839919567108,0.9711729884147644,0.8016809821128845
YGR284C,YLR329W,0,-0.81773597,0.10867630690336227,0.9711729884147644,0.8017810583114624
YCL010C,YOR132W,0,-0.81776226,0.10866422206163406,0.9711729884147644,0.8018811345100403
YBR196C,YKR096W,0,-0.81818,0.10865213721990585,0.9711729884147644,0.8019812107086182
YDR365W-B,YKL157W,0,-0.8186345,0.10864005237817764,0.9711729884147644,0.8020812273025513
YMR048W,YLR006C,0,-0.81871074,0.10862797498703003,0.9711729884147644,0.8021813035011292
YNR044W,YOR100C,0,-0.8187565,0.10861589759588242,0.9711729884147644,0.802281379699707
YPL257W-B,YMR099C,0,-0.8191291,0.1086038202047348,0.9711729884147644,0.8023814558982849
YNL073W,YIL120W,0,-0.8191515,0.10859175026416779,0.9711729884147644,0.802481472492218
YLR347C,YHR214C-C,0,-0.81925356,0.10857968777418137,0.9711729884147644,0.8025815486907959
YPR066W,YJR150C,0,-0.8199338,0.10856761783361435,0.9711729884147644,0.8026816248893738
YER075C,YMR322C,0,-0.8200309,0.10855555534362793,0.9711729884147644,0.8027816414833069
YKR001C,YML057W,0,-0.8202929,0.10854349285364151,0.9711729884147644,0.8028817176818848
YOR162C,YMR283C,0,-0.8203738,0.10853143781423569,0.9711729884147644,0.8029817938804626
YML045W-A,YER005W,0,-0.8203941,0.10851938277482986,0.9711729884147644,0.8030818700790405
YBR149W,YBL085W,0,-0.8204565,0.10850732773542404,0.9711729884147644,0.8031818866729736
YGR038C-B,YNL005C,0,-0.8209095,0.10849528014659882,0.9711729884147644,0.8032819628715515
YLR263W,YDL045W-A,0,-0.82125807,0.10848323255777359,0.9711729884147644,0.8033820390701294
YPR180W,YMR046C,0,-0.82140446,0.10847119241952896,0.9711729884147644,0.8034821152687073
YGL196W,YJR082C,0,-0.8220147,0.10845914483070374,0.9711729884147644,0.8035821318626404
YEL077C,YBR056W,0,-0.8220638,0.1084471121430397,0.9711729884147644,0.8036822080612183
YOR020C,YJR044C,0,-0.82211477,0.10843507200479507,0.9711729884147644,0.8037822842597961
YKL038W,YDR415C,0,-0.82224727,0.10842303931713104,0.9711729884147644,0.8038823008537292
YLR297W,YBL052C,0,-0.82254016,0.10841100662946701,0.9711729884147644,0.8039823770523071
YMR156C,YGL208W,0,-0.8225612,0.10839898139238358,0.9711729884147644,0.804082453250885
YBR029C,YPR002W,0,-0.8227007,0.10838695615530014,0.9711729884147644,0.8041825294494629
YFL045C,YNR048W,0,-0.82280755,0.1083749309182167,0.9711729884147644,0.804282546043396
YIL123W,YJL093C,0,-0.8228095,0.10836291313171387,0.9711729884147644,0.8043826222419739
YKR067W,YLR363C,0,-0.82292444,0.10835089534521103,0.9711729884147644,0.8044826984405518
YNL083W,YBR021W,0,-0.82298267,0.10833887755870819,0.9711729884147644,0.8045827746391296
YDR172W,YPL257W-B,0,-0.82298326,0.10832686722278595,0.9711729884147644,0.8046827912330627
YOR226C,YIL080W,0,-0.8231399,0.10831485688686371,0.9711729884147644,0.8047828674316406
YBR101C,YGL169W,0,-0.8232145,0.10830284655094147,0.9711729884147644,0.8048829436302185
YGR132C,YBL028C,0,-0.82334924,0.10829084366559982,0.9711729884147644,0.8049829602241516
YGR161C-D,YPR114W,0,-0.8235998,0.10827884078025818,0.9711729884147644,0.8050830364227295
YLL023C,YJR014W,0,-0.8236097,0.10826684534549713,0.9711729884147644,0.8051831126213074
YOL058W,YJL151C,0,-0.82361394,0.10825484991073608,0.9711729884147644,0.8052831888198853
YMR068W,YKL180W,0,-0.82401365,0.10824285447597504,0.9711729884147644,0.8053832054138184
YPL257W-B,YKL096W,0,-0.8242659,0.10823086649179459,0.9711729884147644,0.8054832816123962
YDR261C-D,YDR386W,0,-0.82430303,0.10821887105703354,0.9711729884147644,0.8055833578109741
YNL029C,YMR025W,0,-0.82487094,0.10820689052343369,0.9711729884147644,0.805683434009552
YOR299W,YGR161W-B,0,-0.82502484,0.10819490253925323,0.9711729884147644,0.8057834506034851
YCR024C,YPL213W,0,-0.8250686,0.10818292200565338,0.9711729884147644,0.805883526802063
YGR109W-B,YOR084W,0,-0.82591105,0.10817094892263412,0.9711729884147644,0.8059836030006409
YOL061W,YHL034C,0,-0.82604045,0.10815897583961487,0.9711729884147644,0.8060836791992188
YBR120C,YNL297C,0,-0.8260957,0.10814700275659561,0.9711729884147644,0.8061836957931519
YJR108W,YGR296W,0,-0.8261793,0.10813502967357635,0.9711729884147644,0.8062837719917297
YKR071C,YDL193W,0,-0.82645094,0.1081230640411377,0.9711729884147644,0.8063838481903076
YNL134C,YOR017W,0,-0.8267914,0.10811109840869904,0.9711729884147644,0.8064838647842407
YER054C,YIL153W,0,-0.82680285,0.10809914022684097,0.9711729884147644,0.8065839409828186
YDL122W,YEL020C,0,-0.82689065,0.10808717459440231,0.9711729884147644,0.8066840171813965
YDL245C,YMR199W,0,-0.82710856,0.10807522386312485,0.9711729884147644,0.8067840933799744
YEL051W,YMR280C,0,-0.827361,0.10806326568126678,0.9711729884147644,0.8068841099739075
YGR055W,YJL138C,0,-0.8274245,0.10805131494998932,0.9711729884147644,0.8069841861724854
YNL284C-B,YOR192C,0,-0.82753646,0.10803936421871185,0.9711729884147644,0.8070842623710632
YOR130C,YDR210C-D,0,-0.82764745,0.10802742093801498,0.9711729884147644,0.8071843385696411
YBL091C-A,YPR158W-B,0,-0.8276713,0.10801547765731812,0.9711729884147644,0.8072843551635742
YKR045C,YMR143W,0,-0.8276832,0.10800353437662125,0.9711729884147644,0.8073844313621521
YGL151W,YDR040C,0,-0.82781285,0.10799159854650497,0.9711729884147644,0.80748450756073
YDR122W,YLR263W,0,-0.82792664,0.1079796627163887,0.9711729884147644,0.8075845241546631
YPL036W,YEL036C,0,-0.8281809,0.10796773433685303,0.9711729884147644,0.807684600353241
YLR227W-A,YJL167W,0,-0.82820904,0.10795579850673676,0.9711729884147644,0.8077846765518188
YGR161C-D,YNL026W,0,-0.8283323,0.10794387012720108,0.9711729884147644,0.8078847527503967
YIL017C,YGR020C,0,-0.82848185,0.107931949198246,0.9711729884147644,0.8079847693443298
YKR044W,YGL208W,0,-0.8286824,0.10792002826929092,0.9711729884147644,0.8080848455429077
YKL221W,YLR348C,0,-0.8288803,0.10790810734033585,0.9711729884147644,0.8081849217414856
YHR012W,YPR155C,0,-0.82890826,0.10789618641138077,0.9711729884147644,0.8082849979400635
YPL060C-A,YLR017W,0,-0.82908785,0.10788427293300629,0.9711729884147644,0.8083850145339966
YPL057C,YDR131C,0,-0.82915115,0.1078723669052124,0.9711729884147644,0.8084850907325745
YOR226C,YLL057C,0,-0.82929313,0.10786045342683792,0.9711729884147644,0.8085851669311523
YNL130C,YNL118C,0,-0.82953745,0.10784854739904404,0.9711729884147644,0.8086851835250854
YER146W,YCL017C,1,-0.8296409,0.10794702172279358,0.9721670150756836,0.8086851835250854
YEL069C,YNL064C,0,-0.8297361,0.1079351082444191,0.9721670150756836,0.8087852597236633
YDL142C,YDL066W,0,-0.8298153,0.10792319476604462,0.9721670150756836,0.8088853359222412
YNR052C,YNL030W,0,-0.8300152,0.10791128873825073,0.9721670150756836,0.8089854121208191
YLR451W,YLL041C,0,-0.83039045,0.10789938271045685,0.9721670150756836,0.8090854287147522
YKR018C,YER069W,0,-0.8304096,0.10788747668266296,0.9721670150756836,0.8091855049133301
YML023C,YPL061W,0,-0.83075225,0.10787557810544968,0.9721670150756836,0.809285581111908
YKR039W,YPR173C,0,-0.83107644,0.10786367952823639,0.9721670150756836,0.8093856573104858
YDR072C,YDR328C,0,-0.83122826,0.1078517884016037,0.9721670150756836,0.809485673904419
YDR405W,YMR133W,0,-0.8312823,0.10783989727497101,0.9721670150756836,0.8095857501029968
YGR109W-B,YDR266C,0,-0.8313006,0.10782800614833832,0.9721670150756836,0.8096858263015747
YEL026W,YHR123W,0,-0.83145106,0.10781611502170563,0.9721670150756836,0.8097858428955078
YHR115C,YHR174W,0,-0.8316021,0.10780423134565353,0.9721670150756836,0.8098859190940857
YOR142W-A,YNL107W,0,-0.83166915,0.10779234766960144,0.9721670150756836,0.8099859952926636
YLR107W,YGR161W-A,0,-0.831703,0.10778047144412994,0.9721670150756836,0.8100860714912415
YOR032C,YDR316W-B,0,-0.8317964,0.10776859521865845,0.9721670150756836,0.8101860880851746
YMR121C,YGR161W-A,0,-0.83180904,0.10775671899318695,0.9721670150756836,0.8102861642837524
YGR103W,YPR001W,0,-0.8321045,0.10774485021829605,0.9721670150756836,0.8103862404823303
YKR044W,YFL056C,0,-0.8322114,0.10773298144340515,0.9721670150756836,0.8104863166809082
YOR064C,YMR058W,0,-0.83227175,0.10772111266851425,0.9721670150756836,0.8105863332748413
YNL029C,YBR260C,0,-0.8324511,0.10770925134420395,0.9721670150756836,0.8106864094734192
YKL160W,YPL223C,0,-0.83246565,0.10769739001989365,0.9721670150756836,0.8107864856719971
YOR215C,YDL227C,0,-0.83265454,0.10768552869558334,0.9721670150756836,0.8108865022659302
YLR145W,YER137C-A,0,-0.8327946,0.10767367482185364,0.9721670150756836,0.8109865784645081
YCL074W,YHR202W,0,-0.83289254,0.10766182094812393,0.9721670150756836,0.8110866546630859
YOR323C,YGL087C,0,-0.8328998,0.10764997452497482,0.9721670150756836,0.8111867308616638
YJL139C,YJL035C,0,-0.83291435,0.10763812810182571,0.9721670150756836,0.8112867474555969
YDR208W,YPL215W,0,-0.8329588,0.1076262816786766,0.9721670150756836,0.8113868236541748
YKR052C,YMR072W,0,-0.8330782,0.1076144352555275,0.9721670150756836,0.8114868998527527
YKL080W,YKL045W,0,-0.83309674,0.10760259628295898,0.9721670150756836,0.8115869760513306
YHR174W,YLR129W,0,-0.83311045,0.10759075731039047,0.9721670150756836,0.8116869926452637
YLR157C-B,YEL018W,0,-0.8331767,0.10757892578840256,0.9721670150756836,0.8117870688438416
YHR033W,YER146W,0,-0.83361757,0.10756709426641464,0.9721670150756836,0.8118871450424194
YHR157W,YML032C,0,-0.83362556,0.10755526274442673,0.9721670150756836,0.8119872212409973
YKL039W,YKL176C,0,-0.83367455,0.10754343867301941,0.9721670150756836,0.8120872378349304
YOR375C,YMR175W,0,-0.83377916,0.1075316071510315,0.9721670150756836,0.8121873140335083
YOL090W,YER054C,0,-0.833811,0.10751979053020477,0.9721670150756836,0.8122873902320862
YOR298W,YDR207C,0,-0.8338232,0.10750796645879745,0.9721670150756836,0.8123874068260193
YER038C,YML029W,0,-0.83396316,0.10749614983797073,0.9721670150756836,0.8124874830245972
YNR013C,YNL335W,0,-0.83425903,0.10748434066772461,0.9721670150756836,0.812587559223175
YLR256W-A,YOR011W,0,-0.8345091,0.10747252404689789,0.9721670150756836,0.8126876354217529
YDR359C,YJR090C,0,-0.83462155,0.10746072232723236,0.9721670150756836,0.812787652015686
YLR298C,YLL018C-A,0,-0.8350222,0.10744891315698624,0.9721670150756836,0.8128877282142639
YKL171W,YDR472W,0,-0.8352339,0.10743711143732071,0.9721670150756836,0.8129878044128418
YDR460W,YER165W,0,-0.83534837,0.10742530971765518,0.9721670150756836,0.8130878806114197
YEL048C,YLR157C-A,0,-0.8360282,0.10741350799798965,0.9721670150756836,0.8131878972053528
YDR469W,YDR432W,0,-0.83609617,0.10740171372890472,0.9721670150756836,0.8132879734039307
YBR086C,YKL007W,0,-0.83642924,0.1073899194598198,0.9721670150756836,0.8133880496025085
YDR178W,YHR051W,0,-0.83657795,0.10737813264131546,0.9721670150756836,0.8134880661964417
YPR035W,YPL007C,0,-0.83681774,0.10736633837223053,0.9721670150756836,0.8135881423950195
YMR015C,YPR145W,0,-0.8370304,0.1073545590043068,0.9721670150756836,0.8136882185935974
YNL038W,YJL042W,0,-0.8370514,0.10734277218580246,0.9721670150756836,0.8137882947921753
YLR410W-A,YGL220W,0,-0.83751196,0.10733099281787872,0.9721670150756836,0.8138883113861084
YHR209W,YER127W,0,-0.83766633,0.10731921344995499,0.9721670150756836,0.8139883875846863
YDL083C,YGR288W,0,-0.8377681,0.10730744153261185,0.9721670150756836,0.8140884637832642
YDR051C,YPR067W,0,-0.837932,0.10729566961526871,0.9721670150756836,0.814188539981842
YHR164C,YNL241C,0,-0.837994,0.10728389769792557,0.9721670150756836,0.8142885565757751
YFL062W,YOL009C,0,-0.83814085,0.10727212578058243,0.9721670150756836,0.814388632774353
YML041C,YFL033C,0,-0.838148,0.10726036131381989,0.9721670150756836,0.8144887089729309
YKL119C,YIL159W,0,-0.83853626,0.10724860429763794,0.9721670150756836,0.814588725566864
YBR257W,YKL086W,0,-0.83878464,0.1072368398308754,0.9721670150756836,0.8146888017654419
YDR254W,YGL240W,0,-0.83880365,0.10722508281469345,0.9721670150756836,0.8147888779640198
YER125W,YGL169W,0,-0.8390514,0.1072133332490921,0.9721670150756836,0.8148889541625977
YPR018W,YIR028W,0,-0.8390679,0.10720157623291016,0.9721670150756836,0.8149889707565308
YJL082W,YGL050W,0,-0.8391326,0.10718982666730881,0.9721670150756836,0.8150890469551086
YNL055C,YDR210W-A,0,-0.8393297,0.10717808455228806,0.9721670150756836,0.8151891231536865
YIL014W,YGR052W,0,-0.83982825,0.1071663349866867,0.9721670150756836,0.8152891993522644
YGL053W,YLR035C,0,-0.8399492,0.10715459287166595,0.9721670150756836,0.8153892159461975
YOR008C,YLR157C-A,0,-0.840014,0.1071428582072258,0.9721670150756836,0.8154892921447754
YDR294C,YGL219C,0,-0.8400173,0.10713112354278564,0.9721670150756836,0.8155893683433533
YHR108W,YAL009W,0,-0.84012413,0.10711938887834549,0.9721670150756836,0.8156893849372864
YER011W,YDR020C,0,-0.84014547,0.10710765421390533,0.9721670150756836,0.8157894611358643
YJL171C,YCR046C,0,-0.840425,0.10709592700004578,0.9721670150756836,0.8158895373344421
YHR006W,YEL037C,0,-0.84075487,0.10708419978618622,0.9721670150756836,0.81598961353302
YPL131W,YGR108W,0,-0.8410297,0.10707248002290726,0.9721670150756836,0.8160896301269531
YGL196W,YBR131W,0,-0.84112257,0.1070607528090477,0.9721670150756836,0.816189706325531
YLR224W,YNL131W,0,-0.8412218,0.10704904049634933,0.9721670150756836,0.8162897825241089
YGL002W,YOR343W-B,0,-0.84134114,0.10703732073307037,0.9721670150756836,0.8163898587226868
YAL032C,YPL076W,0,-0.8414575,0.10702560842037201,0.9721670150756836,0.8164898753166199
YBL014C,YKL141W,0,-0.84277165,0.10701389610767365,0.9721670150756836,0.8165899515151978
YDL079C,YLR064W,0,-0.84301955,0.10700219124555588,0.9721670150756836,0.8166900277137756
YFL057C,YGR070W,0,-0.84332365,0.10699047893285751,0.9721670150756836,0.8167900443077087
YPR161C,YKL157W,0,-0.8437004,0.10697878152132034,0.9721670150756836,0.8168901205062866
YPL280W,YLR435W,0,-0.8437805,0.10696707665920258,0.9721670150756836,0.8169901967048645
YPL120W,YPR189W,0,-0.84405434,0.1069553792476654,0.9721670150756836,0.8170902729034424
YFL002W-B,YOL136C,0,-0.84435457,0.10694368183612823,0.9721670150756836,0.8171902894973755
YHR200W,YMR081C,0,-0.84450924,0.10693199187517166,0.9721670150756836,0.8172903656959534
YER178W,YOR255W,0,-0.8445568,0.10692030191421509,0.9721670150756836,0.8173904418945312
YDR280W,YGL198W,0,-0.844671,0.10690861195325851,0.9721670150756836,0.8174905180931091
YOR073W,YGR109W-B,0,-0.8451896,0.10689692944288254,0.9721670150756836,0.8175905346870422
YPR047W,YOR001W,1,-0.8452008,0.10699453204870224,0.9731610417366028,0.8175905346870422
YPL083C,YNL125C,0,-0.8452025,0.10698284208774567,0.9731610417366028,0.8176906108856201
YLR069C,YPR145W,0,-0.84559244,0.10697115212678909,0.9731610417366028,0.817790687084198
YIL099W,YDR194C,0,-0.8465027,0.10695946961641312,0.9731610417366028,0.8178907632827759
YFR046C,YKL193C,0,-0.84657085,0.10694777965545654,0.9731610417366028,0.817990779876709
YIL005W,YLR157C-B,0,-0.84670734,0.10693609714508057,0.9731610417366028,0.8180908560752869
YLR136C,YNL125C,0,-0.8470738,0.10692442208528519,0.9731610417366028,0.8181909322738647
YER017C,YEL069C,0,-0.8472129,0.10691274702548981,0.9731610417366028,0.8182909488677979
YPR023C,YLR157C-A,0,-0.84724796,0.10690107196569443,0.9731610417366028,0.8183910250663757
YHR102W,YFL016C,0,-0.8472705,0.10688939690589905,0.9731610417366028,0.8184911012649536
YGL085W,YPL196W,0,-0.8476275,0.10687772929668427,0.9731610417366028,0.8185911774635315
YMR160W,YLR208W,0,-0.8476943,0.10686606168746948,0.9731610417366028,0.8186911940574646
YPR075C,YOR002W,0,-0.84783345,0.1068544015288353,0.9731610417366028,0.8187912702560425
YMR242C,YMR067C,0,-0.84784734,0.10684273391962051,0.9731610417366028,0.8188913464546204
YIL087C,YER100W,0,-0.84842455,0.10683108121156693,0.9731610417366028,0.8189914226531982
YER159C,YDR522C,0,-0.8484883,0.10681942105293274,0.9731610417366028,0.8190914392471313
YMR076C,YNL079C,0,-0.84898996,0.10680776834487915,0.9731610417366028,0.8191915154457092
YPL208W,YGR034W,0,-0.8491374,0.10679611563682556,0.9731610417366028,0.8192915916442871
YER033C,YIR010W,0,-0.8491587,0.10678447037935257,0.9731610417366028,0.8193916082382202
YFL024C,YDL194W,0,-0.8499758,0.10677282512187958,0.9731610417366028,0.8194916844367981
YER087W,YNL054W-A,0,-0.8499857,0.10676117986440659,0.9731610417366028,0.819591760635376
YER118C,YLR408C,0,-0.8503925,0.1067495346069336,0.9731610417366028,0.8196918368339539
YNL284C-A,YKL176C,0,-0.8504026,0.1067378968000412,0.9731610417366028,0.819791853427887
YOR065W,YLR037C,0,-0.8504756,0.1067262589931488,0.9731610417366028,0.8198919296264648
YDR528W,YBL085W,0,-0.8506529,0.106714628636837,0.9731610417366028,0.8199920058250427
YLR055C,YML120C,0,-0.850762,0.10670299828052521,0.9731610417366028,0.8200920820236206
YIL177C,YBR196C,0,-0.850893,0.10669136792421341,0.9731610417366028,0.8201920986175537
YJR127C,YPR165W,0,-0.8509396,0.10667974501848221,0.9731610417366028,0.8202921748161316
YAL029C,YPR158W-B,0,-0.85119116,0.10666812211275101,0.9731610417366028,0.8203922510147095
YNL328C,YDR365W-B,0,-0.85181046,0.1066564992070198,0.9731610417366028,0.8204922676086426
YLR423C,YPR128C,0,-0.8518761,0.1066448837518692,0.9731610417366028,0.8205923438072205
YNR057C,YML101C,0,-0.8519747,0.106633260846138,0.9731610417366028,0.8206924200057983
YLR042C,YNL274C,0,-0.8522083,0.106621652841568,0.9731610417366028,0.8207924962043762
YHR154W,YGR165W,0,-0.85235614,0.10661003738641739,0.9731610417366028,0.8208925127983093
YMR058W,YIL170W,0,-0.85247475,0.10659842938184738,0.9731610417366028,0.8209925889968872
YOR106W,YJR077C,0,-0.85266757,0.10658682882785797,0.9731610417366028,0.8210926651954651
YPL262W,YER137C-A,0,-0.8527868,0.10657522082328796,0.9731610417366028,0.821192741394043
YHR083W,YJR151C,0,-0.8533758,0.10656362026929855,0.9731610417366028,0.8212927579879761
YHL034C,YKL061W,0,-0.8534006,0.10655202716588974,0.9731610417366028,0.821392834186554
YNL137C,YOR196C,0,-0.85341716,0.10654042661190033,0.9731610417366028,0.8214929103851318
YPR107C,YJL042W,0,-0.8534525,0.10652883350849152,0.9731610417366028,0.8215929269790649
YKR049C,YHR214C-B,0,-0.8534996,0.1065172478556633,0.9731610417366028,0.8216930031776428
YEL012W,YGL022W,0,-0.85368294,0.10650565475225449,0.9731610417366028,0.8217930793762207
YLR423C,YMR060C,0,-0.85388386,0.10649406909942627,0.9731610417366028,0.8218931555747986
YJR108W,YKR096W,0,-0.8539741,0.10648249089717865,0.9731610417366028,0.8219931721687317
YDR195W,YGR260W,0,-0.85411394,0.10647090524435043,0.9731610417366028,0.8220932483673096
YIR013C,YMR278W,0,-0.85422236,0.10645932704210281,0.9731610417366028,0.8221933245658875
YOR274W,YER125W,1,-0.8542502,0.1065564826130867,0.974155068397522,0.8221933245658875
YPR110C,YDR040C,0,-0.8542915,0.10654490441083908,0.974155068397522,0.8222934007644653
YKL073W,YMR032W,0,-0.8543831,0.10653331875801086,0.974155068397522,0.8223934173583984
YDR261C-D,YPL047W,0,-0.8545212,0.10652174055576324,0.974155068397522,0.8224934935569763
YOR383C,YFR033C,0,-0.854598,0.10651016235351562,0.974155068397522,0.8225935697555542
YFL025C,YOR010C,0,-0.85472804,0.106498584151268,0.974155068397522,0.8226936459541321
YLR227W-B,YDL181W,0,-0.8549266,0.10648701339960098,0.974155068397522,0.8227936625480652
YNL095C,YER048C,0,-0.85504085,0.10647544264793396,0.974155068397522,0.8228937387466431
YGR161W-B,YDR363W,0,-0.855062,0.10646387934684753,0.974155068397522,0.822993814945221
YOR216C,YDR210C-C,0,-0.8553858,0.10645231604576111,0.974155068397522,0.823093831539154
YNR059W,YOR145C,0,-0.8556507,0.10644075274467468,0.974155068397522,0.8231939077377319
YOR027W,YJL194W,0,-0.8556956,0.10642918944358826,0.974155068397522,0.8232939839363098
YER038C,YMR168C,0,-0.8557986,0.10641763359308243,0.974155068397522,0.8233940601348877
YNL079C,YML075C,0,-0.8558184,0.1064060777425766,0.974155068397522,0.8234940767288208
YJR129C,YHR202W,0,-0.85597163,0.10639452934265137,0.974155068397522,0.8235941529273987
YJL099W,YKL191W,0,-0.8560072,0.10638298094272614,0.974155068397522,0.8236942291259766
YCL011C,YNR037C,0,-0.8563068,0.1063714325428009,0.974155068397522,0.8237943053245544
YMR269W,YPR103W,0,-0.85639215,0.10635988414287567,0.974155068397522,0.8238943219184875
YNL097C,YGR282C,0,-0.856407,0.10634834319353104,0.974155068397522,0.8239943981170654
YAL039C,YOR222W,0,-0.8565191,0.1063368022441864,0.974155068397522,0.8240944743156433
YDL174C,YFL023W,0,-0.8567095,0.10632526874542236,0.974155068397522,0.8241944909095764
YBL105C,YGL166W,0,-0.85682297,0.10631373524665833,0.974155068397522,0.8242945671081543
YBR211C,YIR038C,0,-0.85722315,0.10630220174789429,0.974155068397522,0.8243946433067322
YIL002C,YLL045C,0,-0.8573102,0.10629067569971085,0.974155068397522,0.8244947195053101
YBR294W,YGL078C,0,-0.8573278,0.10627914220094681,0.974155068397522,0.8245947360992432
YDL227C,YPL225W,0,-0.8575349,0.10626762360334396,0.974155068397522,0.824694812297821
YJL225C,YGR038C-A,0,-0.85757077,0.10625609755516052,0.974155068397522,0.8247948884963989
YLR355C,YIR004W,0,-0.85764205,0.10624457895755768,0.974155068397522,0.8248949646949768
YPR047W,YHR187W,1,-0.858196,0.10634146630764008,0.9751490950584412,0.8248949646949768
YNL232W,YPL147W,0,-0.8584163,0.10632994025945663,0.9751490950584412,0.8249949812889099
YJL026W,YBL097W,0,-0.8589886,0.1063184142112732,0.9751490950584412,0.8250950574874878
YOR375C,YAR009C,0,-0.85931194,0.10630689561367035,0.9751490950584412,0.8251951336860657
YDR098C-B,YNL008C,0,-0.8594372,0.10629536956548691,0.9751490950584412,0.8252951502799988
YPL156C,YDR099W,0,-0.8595308,0.10628385841846466,0.9751490950584412,0.8253952264785767
YPL257W-B,YPL049C,0,-0.85975313,0.10627233982086182,0.9751490950584412,0.8254953026771545
YNL118C,YLR075W,0,-0.8602195,0.10626082867383957,0.9751490950584412,0.8255953788757324
YNL137C,YGR285C,0,-0.8616114,0.10624932497739792,0.9751490950584412,0.8256953954696655
YDR399W,YPL164C,0,-0.8616861,0.10623781383037567,0.9751490950584412,0.8257954716682434
YDL021W,YJR048W,0,-0.86204827,0.10622631013393402,0.9751490950584412,0.8258955478668213
YOL126C,YKL139W,0,-0.86310375,0.10621481388807297,0.9751490950584412,0.8259956240653992
YHR193C,YER139C,0,-0.86326826,0.10620331019163132,0.9751490950584412,0.8260956406593323
YPL005W,YOR230W,0,-0.8632839,0.10619181394577026,0.9751490950584412,0.8261957168579102
YIL153W,YHR077C,0,-0.86333996,0.10618032515048981,0.9751490950584412,0.826295793056488
YOR251C,YPR106W,0,-0.8633478,0.10616882890462875,0.9751490950584412,0.8263958096504211
YPR121W,YFL018C,0,-0.863438,0.1061573401093483,0.9751490950584412,0.826495885848999
YOL028C,YFL056C,0,-0.86370397,0.10614585876464844,0.9751490950584412,0.8265959620475769
YOR299W,YHR123W,0,-0.86423445,0.10613436996936798,0.9751490950584412,0.8266960382461548
YGR109W-A,YIL020C,0,-0.8646692,0.10612288862466812,0.9751490950584412,0.8267960548400879
YHR002W,YGR068C,0,-0.8650261,0.10611141473054886,0.9751490950584412,0.8268961310386658
YOL090W,YGR027C,0,-0.8651012,0.106099933385849,0.9751490950584412,0.8269962072372437
YIL050W,YOR334W,0,-0.8651159,0.10608845949172974,0.9751490950584412,0.8270962834358215
YKL073W,YPL066W,0,-0.8651584,0.10607699304819107,0.9751490950584412,0.8271963000297546
YGL055W,YBR260C,0,-0.86529374,0.10606551915407181,0.9751490950584412,0.8272963762283325
YJR022W,YGL172W,1,-0.86546826,0.1061621606349945,0.9761431217193604,0.8272963762283325
YJL045W,YLR052W,0,-0.86583084,0.10615068674087524,0.9761431217193604,0.8273964524269104
YGR166W,YHR202W,0,-0.8661748,0.10613921284675598,0.9761431217193604,0.8274964690208435
YLR270W,YLR117C,0,-0.86628777,0.10612773895263672,0.9761431217193604,0.8275965452194214
YJL042W,YGR287C,0,-0.86631465,0.10611627250909805,0.9761431217193604,0.8276966214179993
YGR192C,YPL171C,0,-0.8664342,0.10610480606555939,0.9761431217193604,0.8277966976165771
YBR118W,YIL037C,0,-0.8665838,0.10609334707260132,0.9761431217193604,0.8278967142105103
YBR018C,YJL118W,0,-0.86674994,0.10608188062906265,0.9761431217193604,0.8279967904090881
YOR204W,YLR395C,0,-0.8667781,0.10607042908668518,0.9761431217193604,0.828096866607666
YBR145W,YLR064W,0,-0.8668374,0.10605897009372711,0.9761431217193604,0.8281969428062439
YOL090W,YDR202C,0,-0.8670808,0.10604751855134964,0.9761431217193604,0.828296959400177
YMR186W,YNL230C,0,-0.86709285,0.10603606700897217,0.9761431217193604,0.8283970355987549
YPL152W,YER006W,0,-0.8671299,0.1060246154665947,0.9761431217193604,0.8284971117973328
YLR399C,YDL133C-A,0,-0.8672678,0.10601317137479782,0.9761431217193604,0.8285971879959106
YBL091C-A,YGL032C,0,-0.8675679,0.10600172728300095,0.9761431217193604,0.8286972045898438
YLR314C,YOR192C,0,-0.86757576,0.10599028319120407,0.9761431217193604,0.8287972807884216
YKL101W,YHR074W,0,-0.8676114,0.10597884654998779,0.9761431217193604,0.8288973569869995
YNL252C,YBR006W,0,-0.86789024,0.10596740990877151,0.9761431217193604,0.8289973735809326
YOR319W,YOR344C,0,-0.8681092,0.10595598071813583,0.9761431217193604,0.8290974497795105
YLR216C,YOR142W-B,0,-0.86837137,0.10594454407691956,0.9761431217193604,0.8291975259780884
YCL043C,YGL183C,0,-0.86887395,0.10593311488628387,0.9761431217193604,0.8292976021766663
YDL227C,YGR144W,0,-0.86904263,0.10592169314622879,0.9761431217193604,0.8293976187705994
YLR340W,YMR267W,0,-0.8692644,0.10591026395559311,0.9761431217193604,0.8294976949691772
YNL154C,YAR071W,0,-0.86936545,0.10589884966611862,0.9761431217193604,0.8295977711677551
YGR155W,YDR438W,0,-0.8694752,0.10588742792606354,0.9761431217193604,0.829697847366333
YML010W,YGR077C,0,-0.8706652,0.10587601363658905,0.9761431217193604,0.8297978639602661
YMR244C-A,YDR153C,0,-0.8708168,0.10586459934711456,0.9761431217193604,0.829897940158844
YNL272C,YOL086C,0,-0.8708396,0.10585318505764008,0.9761431217193604,0.8299980163574219
YCL011C,YBR290W,0,-0.8708841,0.10584177821874619,0.9761431217193604,0.830098032951355
YHR113W,YBR081C,0,-0.87107825,0.1058303713798523,0.9761431217193604,0.8301981091499329
YAR050W,YOR125C,0,-0.8711028,0.1058189645409584,0.9761431217193604,0.8302981853485107
YML045W-A,YLR130C,0,-0.87130773,0.10580756515264511,0.9761431217193604,0.8303982615470886
YDR477W,YDR323C,0,-0.87154466,0.10579616576433182,0.9761431217193604,0.8304982781410217
YGR044C,YLL067C,0,-0.8715589,0.10578476637601852,0.9761431217193604,0.8305983543395996
YKL087C,YBR191W,0,-0.8717475,0.10577337443828583,0.9761431217193604,0.8306984305381775
YHR098C,YKL061W,0,-0.8719567,0.10576198250055313,0.9761431217193604,0.8307985067367554
YHL009W-A,YJL100W,0,-0.8719912,0.10575059056282043,0.9761431217193604,0.8308985233306885
YAL043C,YER125W,1,-0.87218845,0.10584688186645508,0.9771371483802795,0.8308985233306885
YLR047C,YJL173C,0,-0.872404,0.10583548992872238,0.9771371483802795,0.8309985995292664
YPR037C,YLR191W,0,-0.8726594,0.10582409054040909,0.9771371483802795,0.8310986757278442
YPL253C,YAL009W,0,-0.87277067,0.10581269860267639,0.9771371483802795,0.8311986923217773
YLR089C,YJR152W,0,-0.8729112,0.10580131411552429,0.9771371483802795,0.8312987685203552
YGR284C,YKL134C,0,-0.8729795,0.10578992962837219,0.9771371483802795,0.8313988447189331
YOR272W,YGR238C,0,-0.8731219,0.10577854514122009,0.9771371483802795,0.831498920917511
YKR098C,YNL068C,0,-0.87348515,0.105767160654068,0.9771371483802795,0.8315989375114441
YJR048W,YKL129C,0,-0.87395227,0.10575578361749649,0.9771371483802795,0.831699013710022
YBR126C,YDL077C,0,-0.87423706,0.10574440658092499,0.9771371483802795,0.8317990899085999
YPL156C,YPR145W,0,-0.8746095,0.10573302954435349,0.9771371483802795,0.8318991661071777
YHR112C,YBR188C,0,-0.8747865,0.10572165995836258,0.9771371483802795,0.8319991827011108
YOR122C,YMR014W,0,-0.8750038,0.10571029037237167,0.9771371483802795,0.8320992588996887
YPL042C,YMR250W,0,-0.8755509,0.10569892823696136,0.9771371483802795,0.8321993350982666
YNL118C,YPL156C,0,-0.8757535,0.10568755865097046,0.9771371483802795,0.8322993516921997
YOR084W,YKL221W,0,-0.8758359,0.10567619651556015,0.9771371483802795,0.8323994278907776
YBR018C,YIL006W,0,-0.87615526,0.10566484183073044,0.9771371483802795,0.8324995040893555
YCR033W,YPR138C,0,-0.876429,0.10565347969532013,0.9771371483802795,0.8325995802879333
YDR419W,YHR008C,0,-0.8765758,0.10564212501049042,0.9771371483802795,0.8326995968818665
YNL161W,YJL154C,0,-0.8766984,0.1056307777762413,0.9771371483802795,0.8327996730804443
YMR220W,YHL035C,0,-0.8768947,0.10561942309141159,0.9771371483802795,0.8328997492790222
YOR241W,YCL018W,0,-0.8769374,0.10560807585716248,0.9771371483802795,0.8329998254776001
YCL036W,YBR086C,0,-0.8770056,0.10559673607349396,0.9771371483802795,0.8330998420715332
YGL180W,YLR410W-B,0,-0.87716997,0.10558538883924484,0.9771371483802795,0.8331999182701111
YLR110C,YLR034C,0,-0.8773446,0.10557404905557632,0.9771371483802795,0.833299994468689
YNL219C,YGL006W,0,-0.87747526,0.1055627167224884,0.9771371483802795,0.8334000110626221
YFL002W-B,YDR006C,0,-0.87757474,0.10555137693881989,0.9771371483802795,0.8335000872612
YLR138W,YGR148C,0,-0.8781675,0.10554004460573196,0.9771371483802795,0.8336001634597778
YBR248C,YIL119C,0,-0.878264,0.10552871972322464,0.9771371483802795,0.8337002396583557
YKL101W,YDL188C,0,-0.87870294,0.10551738739013672,0.9771371483802795,0.8338002562522888
YBR114W,YGL038C,0,-0.8790289,0.1055060625076294,0.9771371483802795,0.8339003324508667
YPL088W,YPL235W,0,-0.87925583,0.10549474507570267,0.9771371483802795,0.8340004086494446
YDR359C,YOR054C,0,-0.87929213,0.10548342019319534,0.9771371483802795,0.8341004848480225
YBR106W,YMR192W,0,-0.87934864,0.10547210276126862,0.9771371483802795,0.8342005014419556
YLR028C,YLR336C,0,-0.8793627,0.10546078532934189,0.9771371483802795,0.8343005776405334
YGR284C,YMR266W,0,-0.8796346,0.10544947534799576,0.9771371483802795,0.8344006538391113
YKL174C,YOR084W,0,-0.8796964,0.10543816536664963,0.9771371483802795,0.8345007300376892
YBR152W,YMR197C,0,-0.87976503,0.1054268553853035,0.9771371483802795,0.8346007466316223
YHR004C,YGR199W,0,-0.8802253,0.10541555285453796,0.9771371483802795,0.8347008228302002
YBL056W,YOL094C,0,-0.88045603,0.10540424287319183,0.9771371483802795,0.8348008990287781
YOR264W,YHR205W,0,-0.88058597,0.1053929477930069,0.9771371483802795,0.8349009156227112
YGR056W,YML057W,0,-0.8806227,0.10538164526224136,0.9771371483802795,0.8350009918212891
YPL168W,YBR162C,0,-0.88078046,0.10537035018205643,0.9771371483802795,0.8351010680198669
YEL048C,YCL052C,0,-0.88117474,0.10535905510187149,0.9771371483802795,0.8352011442184448
YLL026W,YDR259C,0,-0.8813329,0.10534776747226715,0.9771371483802795,0.8353011608123779
YLR329W,YBR125C,0,-0.8817528,0.10533647984266281,0.9771371483802795,0.8354012370109558
YGR256W,YOL078W,0,-0.88185674,0.10532519221305847,0.9771371483802795,0.8355013132095337
YNR019W,YHR216W,0,-0.88193774,0.10531390458345413,0.9771371483802795,0.8356013894081116
YPL060C-A,YDR476C,0,-0.88203007,0.10530262440443039,0.9771371483802795,0.8357014060020447
YCR068W,YKR075C,0,-0.88216466,0.10529134422540665,0.9771371483802795,0.8358014822006226
YGL175C,YGL019W,0,-0.8821966,0.1052800714969635,0.9771371483802795,0.8359015583992004
YJR050W,YPR187W,0,-0.88230443,0.10526879131793976,0.9771371483802795,0.8360015749931335
YKL082C,YML101C,0,-0.88250947,0.10525751858949661,0.9771371483802795,0.8361016511917114
YNL054W,YDR175C,0,-0.88253975,0.10524625331163406,0.9771371483802795,0.8362017273902893
YNL279W,YBL068W,0,-0.8827448,0.10523498803377151,0.9771371483802795,0.8363018035888672
YOR192C,YHR008C,0,-0.8830031,0.10522372275590897,0.9771371483802795,0.8364018201828003
YIR033W,YEL012W,0,-0.88310504,0.10521245747804642,0.9771371483802795,0.8365018963813782
YNR036C,YFL045C,0,-0.8831933,0.10520119965076447,0.9771371483802795,0.836601972579956
YDL160C,YGR109W-A,0,-0.8833862,0.10518994182348251,0.9771371483802795,0.8367020487785339
YOR054C,YAL063C,0,-0.8834897,0.10517868399620056,0.9771371483802795,0.836802065372467
YDR023W,YKL002W,0,-0.88368547,0.1051674336194992,0.9771371483802795,0.8369021415710449
YCR003W,YHL009W-A,0,-0.8837124,0.10515618324279785,0.9771371483802795,0.8370022177696228
YOL104C,YLR340W,0,-0.8838124,0.1051449328660965,0.9771371483802795,0.8371022343635559
YPR002W,YJL167W,0,-0.8841083,0.10513368993997574,0.9771371483802795,0.8372023105621338
YBR136W,YGR161W-B,0,-0.88429177,0.10512244701385498,0.9771371483802795,0.8373023867607117
YGR209C,YJL030W,0,-0.88460046,0.10511120408773422,0.9771371483802795,0.8374024629592896
YFR019W,YBR154C,0,-0.8848523,0.10509996861219406,0.9771371483802795,0.8375024795532227
YPL234C,YOL060C,0,-0.88492864,0.1050887331366539,0.9771371483802795,0.8376025557518005
YPL257W-B,YOR033C,0,-0.884966,0.10507749766111374,0.9771371483802795,0.8377026319503784
YCR043C,YOR176W,0,-0.8852335,0.10506626963615417,0.9771371483802795,0.8378027081489563
YPL253C,YEL030W,0,-0.8854612,0.10505504161119461,0.9771371483802795,0.8379027247428894
YLR429W,YLR410W-B,0,-0.88555145,0.10504381358623505,0.9771371483802795,0.8380028009414673
YMR119W,YCR042C,0,-0.885682,0.10503258556127548,0.9771371483802795,0.8381028771400452
YPR065W,YLR389C,0,-0.8858867,0.10502136498689651,0.9771371483802795,0.8382028937339783
YDR508C,YLR132C,0,-0.88590014,0.10501015186309814,0.9771371483802795,0.8383029699325562
YOL054W,YHR109W,0,-0.88597983,0.10499893128871918,0.9771371483802795,0.838403046131134
YHR047C,YLR067C,0,-0.8867157,0.1049877181649208,0.9771371483802795,0.8385031223297119
YBR086C,YIL033C,0,-0.88679194,0.10497650504112244,0.9771371483802795,0.838603138923645
YLR178C,YOR231W,0,-0.88733685,0.10496529936790466,0.9771371483802795,0.8387032151222229
YOR156C,YMR114C,0,-0.88761926,0.10495408624410629,0.9771371483802795,0.8388032913208008
YCR008W,YOR142W-B,0,-0.88762105,0.10494288802146912,0.9771371483802795,0.8389033675193787
YLR085C,YMR053C,0,-0.88802737,0.10493168234825134,0.9771371483802795,0.8390033841133118
YOR210W,YMR115W,0,-0.8881347,0.10492048412561417,0.9771371483802795,0.8391034603118896
YML091C,YER168C,1,-0.8882762,0.10501600801944733,0.9781312346458435,0.8391034603118896
YGL216W,YLL005C,0,-0.88839513,0.10500480234622955,0.9781312346458435,0.8392035365104675
YLR256W-A,YPR204W,0,-0.88852936,0.10499359667301178,0.9781312346458435,0.8393035531044006
YGR072W,YBR298C,0,-0.88862395,0.1049823984503746,0.9781312346458435,0.8394036293029785
YEL020W-A,YLR292C,0,-0.8888305,0.10497120022773743,0.9781312346458435,0.8395037055015564
YML039W,YKR049C,0,-0.8888989,0.10496000200510025,0.9781312346458435,0.8396037817001343
YLL042C,YBR086C,0,-0.8890753,0.10494880378246307,0.9781312346458435,0.8397037982940674
YLR227W-A,YPL254W,0,-0.88918996,0.1049376130104065,0.9781312346458435,0.8398038744926453
YLR314C,YMR271C,0,-0.8892959,0.10492642223834991,0.9781312346458435,0.8399039506912231
YOL151W,YEL071W,0,-0.88961726,0.10491523891687393,0.9781312346458435,0.840004026889801
YLR157C-B,YJL012C,0,-0.88965464,0.10490404814481735,0.9781312346458435,0.8401040434837341
YHL002W,YNL048W,0,-0.88971716,0.10489287227392197,0.9781312346458435,0.840204119682312
YDL197C,YBR162C,0,-0.88993704,0.10488168895244598,0.9781312346458435,0.8403041958808899
YLR417W,YKL060C,0,-0.89031065,0.1048705130815506,0.9781312346458435,0.8404042720794678
YAL016W,YGL170C,0,-0.890761,0.10485933721065521,0.9781312346458435,0.8405042886734009
YER049W,YKR018C,0,-0.8908347,0.10484816133975983,0.9781312346458435,0.8406043648719788
YDL010W,YLL023C,0,-0.890952,0.10483699291944504,0.9781312346458435,0.8407044410705566
YDL055C,YIR033W,0,-0.8910507,0.10482582449913025,0.9781312346458435,0.8408044576644897
YLR429W,YMR053C,0,-0.8912256,0.10481465607881546,0.9781312346458435,0.8409045338630676
YCR046C,YAL015C,0,-0.89134145,0.10480349510908127,0.9781312346458435,0.8410046100616455
YJR118C,YGL017W,0,-0.8914833,0.10479233413934708,0.9781312346458435,0.8411046862602234
YOR194C,YIL120W,0,-0.8914991,0.10478117316961288,0.9781312346458435,0.8412047028541565
YEL051W,YPL079W,0,-0.8915153,0.10477001965045929,0.9781312346458435,0.8413047790527344
YFR010W,YMR246W,0,-0.89225745,0.1047588661313057,0.9781312346458435,0.8414048552513123
YLR320W,YPR001W,0,-0.89230245,0.1047477126121521,0.9781312346458435,0.8415049314498901
YMR112C,YJR048W,0,-0.8923629,0.1047365590929985,0.9781312346458435,0.8416049480438232
YKR003W,YEL022W,0,-0.893167,0.1047254130244255,0.9781312346458435,0.8417050242424011
YMR078C,YBR083W,0,-0.89317554,0.10471426695585251,0.9781312346458435,0.841805100440979
YER038C,YBL045C,0,-0.8931814,0.10470312833786011,0.9781312346458435,0.8419051170349121
YPL060C-A,YBL087C,0,-0.89325136,0.1046919897198677,0.9781312346458435,0.84200519323349
YDR399W,YHR188C,0,-0.89336187,0.1046808511018753,0.9781312346458435,0.8421052694320679
YIR039C,YPR097W,0,-0.8935415,0.1046697124838829,0.9781312346458435,0.8422053456306458
YMR055C,YHL035C,0,-0.89405406,0.1046585813164711,0.9781312346458435,0.8423053622245789
YJL091C,YHR083W,0,-0.89435303,0.1046474501490593,0.9781312346458435,0.8424054384231567
YNL284C-A,YGR161W-B,0,-0.8943798,0.10463632643222809,0.9781312346458435,0.8425055146217346
YJR140C,YDR261C-D,0,-0.8946055,0.10462520271539688,0.9781312346458435,0.8426055908203125
YLL005C,YCL035C,0,-0.89496696,0.10461407899856567,0.9781312346458435,0.8427056074142456
YDR243C,YBR298C,0,-0.8950094,0.10460295528173447,0.9781312346458435,0.8428056836128235
YOR219C,YLR330W,0,-0.89540815,0.10459183901548386,0.9781312346458435,0.8429057598114014
YHL026C,YDL097C,0,-0.89571744,0.10458072274923325,0.9781312346458435,0.8430057764053345
YNL122C,YKL065C,0,-0.8960342,0.10456960648298264,0.9781312346458435,0.8431058526039124
YKL144C,YDR040C,0,-0.89695364,0.10455849766731262,0.9781312346458435,0.8432059288024902
YMR232W,YBR235W,0,-0.8972825,0.10454738885164261,0.9781312346458435,0.8433060050010681
YGR240C,YGL001C,0,-0.8974836,0.1045362800359726,0.9781312346458435,0.8434060215950012
YMR172W,YJR151C,0,-0.89749014,0.10452517867088318,0.9781312346458435,0.8435060977935791
YDL159W,YMR280C,0,-0.8975917,0.10451406985521317,0.9781312346458435,0.843606173992157
YNL126W,YFR010W,0,-0.8976688,0.10450297594070435,0.9781312346458435,0.8437062501907349
YCL074W,YDL079C,0,-0.89795625,0.10449187457561493,0.9781312346458435,0.843806266784668
YLR144C,YER155C,0,-0.898164,0.10448078066110611,0.9781312346458435,0.8439063429832458
YNL194C,YBR167C,0,-0.8986154,0.10446968674659729,0.9781312346458435,0.8440064191818237
YCR002C,YER119C,0,-0.89911085,0.10445860028266907,0.9781312346458435,0.8441064357757568
YLR148W,YLR117C,0,-0.89927566,0.10444751381874084,0.9781312346458435,0.8442065119743347
YGR109W-A,YBR110W,0,-0.8999028,0.10443642735481262,0.9781312346458435,0.8443065881729126
YNL251C,YML130C,0,-0.9000896,0.1044253408908844,0.9781312346458435,0.8444066643714905
YHR079C-A,YML102W,0,-0.90019715,0.10441426187753677,0.9781312346458435,0.8445066809654236
YNR026C,YPL183W-A,0,-0.9008204,0.10440318286418915,0.9781312346458435,0.8446067571640015
YIL011W,YDR240C,0,-0.9008719,0.10439210385084152,0.9781312346458435,0.8447068333625793
YNL134C,YPL190C,0,-0.9009536,0.1043810322880745,0.9781312346458435,0.8448069095611572
YKL145W,YKL001C,0,-0.90135586,0.10436996072530746,0.9781312346458435,0.8449069261550903
YDL206W,YBL068W,0,-0.9016081,0.10435888916254044,0.9781312346458435,0.8450070023536682
YOL142W,YML101C,0,-0.9022167,0.104347825050354,0.9781312346458435,0.8451070785522461
YPR140W,YML130C,0,-0.902356,0.10433676093816757,0.9781312346458435,0.8452070951461792
YFR014C,YML051W,0,-0.902547,0.10432569682598114,0.9781312346458435,0.8453071713447571
YFR019W,YIR026C,0,-0.9027871,0.1043146401643753,0.9781312346458435,0.845407247543335
YEL024W,YNL053W,0,-0.9032669,0.10430358350276947,0.9781312346458435,0.8455073237419128
YKR099W,YHL009W-A,0,-0.90368164,0.10429252684116364,0.9781312346458435,0.845607340335846
YOR336W,YDR034C-D,0,-0.9040468,0.1042814776301384,0.9781312346458435,0.8457074165344238
YPL015C,YEL036C,0,-0.9044305,0.10427042841911316,0.9781312346458435,0.8458074927330017
YDR473C,YDL029W,0,-0.9046236,0.10425937920808792,0.9781312346458435,0.8459075689315796
YIR033W,YOR100C,0,-0.9046509,0.10424832999706268,0.9781312346458435,0.8460075855255127
YDR218C,YMR117C,0,-0.90556395,0.10423728823661804,0.9781312346458435,0.8461076617240906
YHR106W,YER127W,0,-0.9058099,0.1042262464761734,0.9781312346458435,0.8462077379226685
YER022W,YOR192C,0,-0.90589166,0.10421521216630936,0.9781312346458435,0.8463078141212463
YGR175C,YBR228W,0,-0.9064943,0.10420417040586472,0.9781312346458435,0.8464078307151794
YNL133C,YIL088C,0,-0.90656257,0.10419313609600067,0.9781312346458435,0.8465079069137573
YBR248C,YDR001C,0,-0.90664756,0.10418210923671722,0.9781312346458435,0.8466079831123352
YPL249C,YLR143W,0,-0.90724975,0.10417107492685318,0.9781312346458435,0.8467079997062683
YER112W,YCL017C,1,-0.90731406,0.10426590591669083,0.9791252613067627,0.8467079997062683
YFR010W,YMR227C,0,-0.90760976,0.10425487160682678,0.9791252613067627,0.8468080759048462
YCL030C,YOL111C,0,-0.9080192,0.10424383729696274,0.9791252613067627,0.8469081521034241
YDR159W,YDR316W-B,0,-0.9083749,0.1042328029870987,0.9791252613067627,0.847008228302002
YOL066C,YCL017C,1,-0.9084149,0.10432758182287216,0.9801192879676819,0.847008228302002
YCR005C,YER171W,0,-0.9084727,0.10431654751300812,0.9801192879676819,0.8471082448959351
YAL068C,YDR314C,0,-0.90848565,0.10430551320314407,0.9801192879676819,0.8472083210945129
YOL144W,YHR214C-C,0,-0.9085966,0.10429447889328003,0.9801192879676819,0.8473083972930908
YIL135C,YMR293C,0,-0.90875125,0.10428344458341599,0.9801192879676819,0.8474084734916687
YIL142W,YOR255W,0,-0.9093087,0.10427241772413254,0.9801192879676819,0.8475084900856018
YML132W,YLR075W,0,-0.91045153,0.10426139086484909,0.9801192879676819,0.8476085662841797
YDL055C,YNL041C,0,-0.91052675,0.10425037145614624,0.9801192879676819,0.8477086424827576
YOL066C,YER125W,1,-0.9105855,0.10434506833553314,0.9811133146286011,0.8477086424827576
YHR108W,YPR022C,0,-0.9107951,0.1043340414762497,0.9811133146286011,0.8478086590766907
YBR003W,YOR298C-A,0,-0.9121909,0.10432300716638565,0.9811133146286011,0.8479087352752686
YKL091C,YHL009W-A,0,-0.9122971,0.1043119877576828,0.9811133146286011,0.8480088114738464
YML126C,YPL151C,0,-0.91241646,0.10430096089839935,0.9811133146286011,0.8481088876724243
YBL035C,YLR160C,0,-0.91242456,0.1042899414896965,0.9811133146286011,0.8482089042663574
YJR088C,YGR172C,0,-0.91303074,0.10427892208099365,0.9811133146286011,0.8483089804649353
YPR152C,YDL243C,0,-0.91306853,0.1042679026722908,0.9811133146286011,0.8484090566635132
YBL089W,YMR008C,0,-0.9132552,0.10425689071416855,0.9811133146286011,0.8485091328620911
YPR169W,YIL007C,0,-0.91337496,0.1042458787560463,0.9811133146286011,0.8486091494560242
YKL129C,YDR206W,0,-0.91378355,0.10423487424850464,0.9811133146286011,0.848709225654602
YEL034W,YDR386W,0,-0.91417396,0.10422386229038239,0.9811133146286011,0.8488093018531799
YMR173W,YIR034C,0,-0.9141964,0.10421285778284073,0.9811133146286011,0.848909318447113
YDR432W,YNR074C,0,-0.91441107,0.10420186072587967,0.9811133146286011,0.8490093946456909
YPR034W,YMR074C,0,-0.9146025,0.10419085621833801,0.9811133146286011,0.8491094708442688
YMR244C-A,YEL020C,0,-0.914873,0.10417985916137695,0.9811133146286011,0.8492095470428467
YBR191W,YDR084C,0,-0.91509545,0.1041688621044159,0.9811133146286011,0.8493095636367798
YDL113C,YJL012C,0,-0.91513526,0.10415787249803543,0.9811133146286011,0.8494096398353577
YML126C,YMR273C,0,-0.9153515,0.10414688289165497,0.9811133146286011,0.8495097160339355
YBR083W,YLR085C,0,-0.9155004,0.1041358932852745,0.9811133146286011,0.8496097922325134
YFL045C,YDL239C,0,-0.9155576,0.10412491112947464,0.9811133146286011,0.8497098088264465
YML058W,YBR110W,0,-0.91573703,0.10411392152309418,0.9811133146286011,0.8498098850250244
YLR136C,YPL262W,0,-0.9158014,0.10410293936729431,0.9811133146286011,0.8499099612236023
YDR345C,YBR020W,0,-0.91584367,0.10409196466207504,0.9811133146286011,0.8500099778175354
YDR462W,YDR473C,0,-0.91591483,0.10408098995685577,0.9811133146286011,0.8501100540161133
YGL083W,YNL297C,0,-0.915921,0.1040700152516365,0.9811133146286011,0.8502101302146912
YKL126W,YNR074C,0,-0.9159739,0.10405904054641724,0.9811133146286011,0.850310206413269
YFL011W,YKL005C,0,-0.91604084,0.10404807329177856,0.9811133146286011,0.8504102230072021
YGR268C,YGR198W,0,-0.9166657,0.10403710603713989,0.9811133146286011,0.85051029920578
YGR174C,YLR174W,0,-0.91682076,0.10402613878250122,0.9811133146286011,0.8506103754043579
YDL103C,YHR174W,0,-0.91684437,0.10401517897844315,0.9811133146286011,0.8507104516029358
YAL032C,YHR216W,0,-0.91694707,0.10400421172380447,0.9811133146286011,0.8508104681968689
YEL026W,YDR296W,0,-0.917385,0.103993259370327,0.9811133146286011,0.8509105443954468
YBR162W-A,YFR030W,0,-0.91749257,0.10398229956626892,0.9811133146286011,0.8510106205940247
YOR153W,YGL001C,0,-0.917755,0.10397134721279144,0.9811133146286011,0.8511106371879578
YKL060C,YOL098C,0,-0.9178134,0.10396039485931396,0.9811133146286011,0.8512107133865356
YJL083W,YDR163W,0,-0.9178281,0.10394944995641708,0.9811133146286011,0.8513107895851135
YKR088C,YCL040W,0,-0.91910064,0.1039384976029396,0.9811133146286011,0.8514108657836914
YNR019W,YNR026C,0,-0.9195787,0.10392755270004272,0.9811133146286011,0.8515108823776245
YHR001W-A,YML021C,0,-0.9199259,0.10391661524772644,0.9811133146286011,0.8516109585762024
YKR034W,YNR039C,0,-0.9202441,0.10390567779541016,0.9811133146286011,0.8517110347747803
YEL011W,YPL040C,0,-0.9208915,0.10389474034309387,0.9811133146286011,0.8518111109733582
YDR280W,YER011W,0,-0.92177254,0.10388380289077759,0.9811133146286011,0.8519111275672913
YAL009W,YNL054W-A,0,-0.9227299,0.1038728654384613,0.9811133146286011,0.8520112037658691
YKL053C-A,YHR056C,0,-0.9227997,0.10386193543672562,0.9811133146286011,0.852111279964447
YDR043C,YLR095C,0,-0.9229868,0.10385101288557053,0.9811133146286011,0.8522113561630249
YNL069C,YNL220W,0,-0.9231241,0.10384008288383484,0.9811133146286011,0.852311372756958
YHR079C-A,YBR126C,0,-0.92346525,0.10382916033267975,0.9811133146286011,0.8524114489555359
YDR002W,YKL134C,0,-0.9235505,0.10381823778152466,0.9811133146286011,0.8525115251541138
YAL024C,YOR219C,0,-0.92355895,0.10380732268095016,0.9811133146286011,0.8526115417480469
YKL205W,YGR010W,0,-0.9236804,0.10379640012979507,0.9811133146286011,0.8527116179466248
YBR244W,YLR380W,0,-0.924436,0.10378549247980118,0.9811133146286011,0.8528116941452026
YLR064W,YER069W,0,-0.9247673,0.10377457737922668,0.9811133146286011,0.8529117703437805
YDL132W,YOR049C,0,-0.9251699,0.10376366972923279,0.9811133146286011,0.8530117869377136
YHR111W,YLR325C,0,-0.92521113,0.10375276207923889,0.9811133146286011,0.8531118631362915
YPR201W,YMR280C,0,-0.92578804,0.103741854429245,0.9811133146286011,0.8532119393348694
YGL170C,YLL029W,0,-0.9259417,0.1037309542298317,0.9811133146286011,0.8533120155334473
YDR441C,YPL015C,0,-0.9260678,0.1037200540304184,0.9811133146286011,0.8534120321273804
YPL249C-A,YPR145W,0,-0.92608863,0.1037091538310051,0.9811133146286011,0.8535121083259583
YHR113W,YIL020C,0,-0.92650396,0.1036982536315918,0.9811133146286011,0.8536121845245361
YCL074W,YLR193C,0,-0.9267957,0.1036873608827591,0.9811133146286011,0.8537122011184692
YMR243C,YPR023C,0,-0.9270706,0.10367646813392639,0.9811133146286011,0.8538122773170471
YCR003W,YJL177W,0,-0.92770565,0.10366558283567429,0.9811133146286011,0.853912353515625
YJR034W,YKL182W,0,-0.92775273,0.10365469753742218,0.9811133146286011,0.8540124297142029
YGL087C,YDR354W,0,-0.9278147,0.10364381223917007,0.9811133146286011,0.854112446308136
YJL144W,YER160C,0,-0.9280006,0.10363292694091797,0.9811133146286011,0.8542125225067139
YOR335C,YLR157C-A,0,-0.928024,0.10362204909324646,0.9811133146286011,0.8543125987052917
YGR174C,YKL130C,0,-0.9283643,0.10361117124557495,0.9811133146286011,0.8544126749038696
YLR050C,YCR102C,0,-0.9286129,0.10360029339790344,0.9811133146286011,0.8545126914978027
YJL144W,YKR078W,0,-0.92874855,0.10358942300081253,0.9811133146286011,0.8546127676963806
YER179W,YOR349W,0,-0.92899096,0.10357855260372162,0.9811133146286011,0.8547128438949585
YJL137C,YOR168W,0,-0.92905456,0.1035676822066307,0.9811133146286011,0.8548128604888916
YBR182C,YLL018C-A,0,-0.92947596,0.1035568118095398,0.9811133146286011,0.8549129366874695
YPR164W,YDR489W,0,-0.9295849,0.10354594886302948,0.9811133146286011,0.8550130128860474
YMR058W,YPL007C,0,-0.9296204,0.10353508591651917,0.9811133146286011,0.8551130890846252
YAR008W,YIR015W,1,-0.92986196,0.10362911969423294,0.9821073412895203,0.8551130890846252
YGL208W,YDR457W,0,-0.930143,0.10361824929714203,0.9821073412895203,0.8552131056785583
YGR284C,YGL065C,0,-0.9301977,0.10360737890005112,0.9821073412895203,0.8553131818771362
YML101C,YGL256W,0,-0.9302776,0.1035965159535408,0.9821073412895203,0.8554132580757141
YGR074W,YDL215C,0,-0.9303237,0.10358566045761108,0.9821073412895203,0.855513334274292
YPL049C,YKL163W,0,-0.93056554,0.10357479751110077,0.9821073412895203,0.8556133508682251
YGR185C,YMR323W,0,-0.9309882,0.10356394201517105,0.9821073412895203,0.855713427066803
YER125W,YJL035C,1,-0.9310734,0.10365789383649826,0.9831013679504395,0.855713427066803
YPR189W,YBR170C,0,-0.9312613,0.10364703088998795,0.9831013679504395,0.8558135032653809
YAL017W,YHR201C,0,-0.93180734,0.10363617539405823,0.9831013679504395,0.855913519859314
YKR088C,YKL079W,0,-0.9319711,0.10362531244754791,0.9831013679504395,0.8560135960578918
YLR081W,YPR086W,0,-0.9324334,0.1036144569516182,0.9831013679504395,0.8561136722564697
YGR077C,YOL052C-A,0,-0.93366796,0.10360360145568848,0.9831013679504395,0.8562137484550476
YGR090W,YDR221W,0,-0.93397,0.10359275341033936,0.9831013679504395,0.8563137650489807
YBR287W,YBR146W,0,-0.9342618,0.10358190536499023,0.9831013679504395,0.8564138412475586
YNL145W,YLR390W-A,0,-0.93453515,0.10357105731964111,0.9831013679504395,0.8565139174461365
YDR092W,YER055C,0,-0.93479574,0.10356020927429199,0.9831013679504395,0.8566139936447144
YJR077C,YDR499W,0,-0.9348638,0.10354936867952347,0.9831013679504395,0.8567140102386475
YGR028W,YNL307C,0,-0.93501633,0.10353852808475494,0.9831013679504395,0.8568140864372253
YEL071W,YGR157W,0,-0.9350572,0.10352768748998642,0.9831013679504395,0.8569141626358032
YPR068C,YLR410W-B,0,-0.9350631,0.10351685434579849,0.9831013679504395,0.8570141792297363
YBL099W,YGL257C,0,-0.93591857,0.10350602120161057,0.9831013679504395,0.8571142554283142
YPL189W,YKL026C,0,-0.93657213,0.10349518805742264,0.9831013679504395,0.8572143316268921
YMR230W,YKR101W,0,-0.93659866,0.10348435491323471,0.9831013679504395,0.85731440782547
YDR255C,YKL052C,0,-0.93662286,0.10347352921962738,0.9831013679504395,0.8574144244194031
YDR397C,YAL014C,0,-0.93695414,0.10346270352602005,0.9831013679504395,0.857514500617981
YDR322C-A,YPR002W,0,-0.93711054,0.10345188528299332,0.9831013679504395,0.8576145768165588
YOR216C,YOR215C,0,-0.93712234,0.10344105958938599,0.9831013679504395,0.8577146530151367
YER060W,YMR115W,0,-0.937341,0.10343024134635925,0.9831013679504395,0.8578146696090698
YCR017C,YLR442C,0,-0.9376249,0.10341943055391312,0.9831013679504395,0.8579147458076477
YDR287W,YKL033W,0,-0.937811,0.10340861231088638,0.9831013679504395,0.8580148220062256
YMR149W,YGR167W,0,-0.9378114,0.10339780151844025,0.9831013679504395,0.8581148982048035
YPL141C,YIL036W,0,-0.9382532,0.10338699817657471,0.9831013679504395,0.8582149147987366
YLR047C,YOR038C,0,-0.9386473,0.10337618738412857,0.9831013679504395,0.8583149909973145
YOR313C,YBR135W,0,-0.9387195,0.10336538404226303,0.9831013679504395,0.8584150671958923
YIL130W,YIL041W,0,-0.9387578,0.10335458070039749,0.9831013679504395,0.8585150837898254
YLR205C,YMR246W,0,-0.93937135,0.10334378480911255,0.9831013679504395,0.8586151599884033
YGR225W,YLR298C,0,-0.9393921,0.10333298146724701,0.9831013679504395,0.8587152361869812
YNL021W,YMR170C,0,-0.9394884,0.10332219302654266,0.9831013679504395,0.8588153123855591
YLR305C,YPR167C,0,-0.93972886,0.10331139713525772,0.9831013679504395,0.8589153289794922
YJL001W,YDR332W,0,-0.9402319,0.10330060869455338,0.9831013679504395,0.8590154051780701
YMR019W,YCR030C,0,-0.9402928,0.10328982025384903,0.9831013679504395,0.859115481376648
YGR161C,YMR089C,0,-0.94080806,0.10327903181314468,0.9831013679504395,0.8592155575752258
YER185W,YGL097W,0,-0.94089884,0.10326824337244034,0.9831013679504395,0.8593155741691589
YLR362W,YJL100W,0,-0.9418606,0.10325746238231659,0.9831013679504395,0.8594156503677368
YOR284W,YLR249W,0,-0.94246286,0.10324668884277344,0.9831013679504395,0.8595157265663147
YJL149W,YIL038C,0,-0.94247544,0.10323590785264969,0.9831013679504395,0.8596157431602478
YNR052C,YLR205C,0,-0.94266963,0.10322513431310654,0.9831013679504395,0.8597158193588257
YAL039C,YIL168W,0,-0.9438071,0.10321436077356339,0.9831013679504395,0.8598158955574036
YNL006W,YDR001C,0,-0.9447744,0.10320358723402023,0.9831013679504395,0.8599159717559814
YDR188W,YLR163C,0,-0.9447859,0.10319282114505768,0.9831013679504395,0.8600159883499146
YLR197W,YIL042C,0,-0.9450299,0.10318205505609512,0.9831013679504395,0.8601160645484924
YMR271C,YGL008C,0,-0.94514954,0.10317128896713257,0.9831013679504395,0.8602161407470703
YNL262W,YDL133C-A,0,-0.94527185,0.10316053032875061,0.9831013679504395,0.8603162169456482
YNL271C,YPR006C,0,-0.9453097,0.10314977169036865,0.9831013679504395,0.8604162335395813
YOL051W,YDR216W,0,-0.94562805,0.1031390130519867,0.9831013679504395,0.8605163097381592
YPR002W,YKL067W,0,-0.94572043,0.10312826186418533,0.9831013679504395,0.8606163859367371
YOL017W,YLR205C,0,-0.945747,0.10311750322580338,0.9831013679504395,0.8607164025306702
YER003C,YJL029C,0,-0.9460187,0.10310675203800201,0.9831013679504395,0.860816478729248
YER125W,YOR251C,1,-0.9461534,0.10320024937391281,0.9840954542160034,0.860816478729248
YPR133W-A,YPL189W,0,-0.94633675,0.10318949073553085,0.9840954542160034,0.8609165549278259
YEL071W,YPR114W,0,-0.94652915,0.10317873954772949,0.9840954542160034,0.8610166311264038
YLR270W,YER137C-A,0,-0.94666994,0.10316798835992813,0.9840954542160034,0.8611166477203369
YPL189W,YPL232W,0,-0.9474479,0.10315723717212677,0.9840954542160034,0.8612167239189148
YMR101C,YER048C,0,-0.947518,0.10314648598432541,0.9840954542160034,0.8613168001174927
YDL202W,YOL086C,0,-0.9475415,0.10313574224710464,0.9840954542160034,0.8614168763160706
YLR089C,YNL055C,0,-0.9478809,0.10312499850988388,0.9840954542160034,0.8615168929100037
YPR143W,YDL216C,0,-0.9480414,0.10311426222324371,0.9840954542160034,0.8616169691085815
YBR161W,YMR125W,0,-0.94824225,0.10310351848602295,0.9840954542160034,0.8617170453071594
YBL011W,YHR142W,0,-0.94905794,0.10309278219938278,0.9840954542160034,0.8618170619010925
YDL054C,YBR152W,0,-0.94930506,0.10308204591274261,0.9840954542160034,0.8619171380996704
YJL001W,YLR333C,0,-0.94952047,0.10307131707668304,0.9840954542160034,0.8620172142982483
YPL171C,YLR005W,0,-0.9504981,0.10306058824062347,0.9840954542160034,0.8621172904968262
YFL017W-A,YDR226W,0,-0.95068336,0.1030498594045639,0.9840954542160034,0.8622173070907593
YNR038W,YGR282C,0,-0.950779,0.10303913056850433,0.9840954542160034,0.8623173832893372
YML024W,YDR034C,0,-0.95113254,0.10302840918302536,0.9840954542160034,0.862417459487915
YGR113W,YLR344W,0,-0.95153964,0.10301768779754639,0.9840954542160034,0.8625175356864929
YDR186C,YHL001W,0,-0.9516146,0.10300697386264801,0.9840954542160034,0.862617552280426
YOL059W,YOL061W,0,-0.9533159,0.10299625247716904,0.9840954542160034,0.8627176284790039
YOR173W,YER014W,0,-0.9534813,0.10298553854227066,0.9840954542160034,0.8628177046775818
YNL067W,YPR103W,0,-0.9535471,0.10297483205795288,0.9840954542160034,0.8629177212715149
YNR060W,YJL003W,0,-0.9542723,0.1029641181230545,0.9840954542160034,0.8630177974700928
YER038C,YMR008C,0,-0.954352,0.10295341163873672,0.9840954542160034,0.8631178736686707
YNL219C,YBR046C,0,-0.9543573,0.10294270515441895,0.9840954542160034,0.8632179498672485
YNL214W,YJL130C,0,-0.95443684,0.10293200612068176,0.9840954542160034,0.8633179664611816
YER138C,YLR256W-A,0,-0.95453227,0.10292129963636398,0.9840954542160034,0.8634180426597595
YER049W,YPR165W,0,-0.954936,0.1029106006026268,0.9840954542160034,0.8635181188583374
YDR352W,YDR512C,0,-0.95543957,0.10289990901947021,0.9840954542160034,0.8636181950569153
YIL011W,YOR298C-A,0,-0.95579755,0.10288920998573303,0.9840954542160034,0.8637182116508484
YGR252W,YMR251W-A,0,-0.95642924,0.10287851840257645,0.9840954542160034,0.8638182878494263
YJR027W,YBR127C,0,-0.956712,0.10286782681941986,0.9840954542160034,0.8639183640480042
YPL087W,YGL190C,0,-0.95697415,0.10285714268684387,0.9840954542160034,0.864018440246582
YDR027C,YHR001W-A,0,-0.9573604,0.10284645855426788,0.9840954542160034,0.8641184568405151
YKL192C,YHR077C,0,-0.9575656,0.1028357744216919,0.9840954542160034,0.864218533039093
YDL133C-A,YBR253W,0,-0.95783216,0.1028250902891159,0.9840954542160034,0.8643186092376709
YDR516C,YMR134W,0,-0.9578842,0.10281441360712051,0.9840954542160034,0.864418625831604
YER124C,YLR337C,0,-0.9578916,0.10280373692512512,0.9840954542160034,0.8645187020301819
YIR035C,YNL160W,0,-0.95834416,0.10279306769371033,0.9840954542160034,0.8646187782287598
YPL096W,YNL139C,0,-0.95841664,0.10278239101171494,0.9840954542160034,0.8647188544273376
YHR024C,YDR171W,0,-0.9586958,0.10277172178030014,0.9840954542160034,0.8648188710212708
YMR113W,YLL024C,0,-0.9591149,0.10276105254888535,0.9840954542160034,0.8649189472198486
YER072W,YPR185W,0,-0.9591412,0.10275039076805115,0.9840954542160034,0.8650190234184265
YDL121C,YGR167W,0,-0.9592699,0.10273972898721695,0.9840954542160034,0.8651190996170044
YGR092W,YDR515W,0,-0.95971495,0.10272906720638275,0.9840954542160034,0.8652191162109375
YPL008W,YGL104C,0,-0.9603534,0.10271840542554855,0.9840954542160034,0.8653191924095154
YJL057C,YER011W,0,-0.9606663,0.10270775109529495,0.9840954542160034,0.8654192686080933
YPR037C,YDL072C,0,-0.960736,0.10269709676504135,0.9840954542160034,0.8655192852020264
YMR243C,YGR180C,0,-0.9608835,0.10268644243478775,0.9840954542160034,0.8656193614006042
YDR064W,YKL221W,0,-0.9615119,0.10267579555511475,0.9840954542160034,0.8657194375991821
YBL067C,YGR282C,0,-0.96179557,0.10266514867544174,0.9840954542160034,0.86581951379776
YGR070W,YLR395C,0,-0.9618063,0.10265450179576874,0.9840954542160034,0.8659195303916931
YDR311W,YLR337C,0,-0.9619444,0.10264385491609573,0.9840954542160034,0.866019606590271
YLR360W,YLL041C,0,-0.9621788,0.10263321548700333,0.9840954542160034,0.8661196827888489
YGR256W,YJL054W,0,-0.96245354,0.10262257605791092,0.9840954542160034,0.8662197589874268
YDR490C,YKL081W,0,-0.9625222,0.10261193662881851,0.9840954542160034,0.8663197755813599
YNL093W,YER127W,0,-0.9625731,0.1026013046503067,0.9840954542160034,0.8664198517799377
YBR275C,YJL212C,0,-0.96260023,0.10259067267179489,0.9840954542160034,0.8665199279785156
YHR069C,YLR297W,0,-0.96356595,0.10258004069328308,0.9840954542160034,0.8666199445724487
YER087W,YBR127C,0,-0.96358657,0.10256941616535187,0.9840954542160034,0.8667200207710266
YJR031C,YAL030W,0,-0.964064,0.10255879163742065,0.9840954542160034,0.8668200969696045
YPL224C,YOL121C,0,-0.96426356,0.10254816710948944,0.9840954542160034,0.8669201731681824
YPR191W,YJR095W,0,-0.9642825,0.10253754258155823,0.9840954542160034,0.8670201897621155
YNL082W,YOL082W,0,-0.964517,0.10252692550420761,0.9840954542160034,0.8671202659606934
YNL027W,YNL265C,0,-0.9649506,0.102516308426857,0.9840954542160034,0.8672203421592712
YDL070W,YGL208W,0,-0.96499926,0.10250569134950638,0.9840954542160034,0.8673204183578491
YJR026W,YHR050W,0,-0.96546376,0.10249508172273636,0.9840954542160034,0.8674204349517822
YOR113W,YJL029C,0,-0.96555585,0.10248447209596634,0.9840954542160034,0.8675205111503601
YKL184W,YBR081C,0,-0.96586937,0.10247386246919632,0.9840954542160034,0.867620587348938
YKL003C,YHL035C,0,-0.96590495,0.1024632602930069,0.9840954542160034,0.8677206039428711
YDR026C,YER137C-A,0,-0.96646374,0.10245265811681747,0.9840954542160034,0.867820680141449
YOR301W,YJL141C,0,-0.9665179,0.10244205594062805,0.9840954542160034,0.8679207563400269
YBR208C,YOR357C,0,-0.9669281,0.10243145376443863,0.9840954542160034,0.8680208325386047
YLR128W,YNL142W,0,-0.96712863,0.1024208590388298,0.9840954542160034,0.8681208491325378
YKR086W,YGR023W,0,-0.9674043,0.10241026431322098,0.9840954542160034,0.8682209253311157
YDR359C,YMR315W,0,-0.9683385,0.10239966958761215,0.9840954542160034,0.8683210015296936
YGL037C,YCL019W,0,-0.96843076,0.10238907486200333,0.9840954542160034,0.8684210777282715
YDR072C,YBR136W,0,-0.9684901,0.1023784875869751,0.9840954542160034,0.8685210943222046
YDR353W,YJR067C,0,-0.96852183,0.10236790776252747,0.9840954542160034,0.8686211705207825
YBR130C,YJL144W,0,-0.9685836,0.10235732048749924,0.9840954542160034,0.8687212467193604
YCR060W,YEL039C,0,-0.9696102,0.1023467406630516,0.9840954542160034,0.8688212633132935
YHR103W,YPR024W,0,-0.9698551,0.10233616083860397,0.9840954542160034,0.8689213395118713
YLR384C,YPR185W,0,-0.9704009,0.10232558101415634,0.9840954542160034,0.8690214157104492
YMR048W,YOR178C,0,-0.9705404,0.1023150086402893,0.9840954542160034,0.8691214919090271
YLR285W,YCR097W,0,-0.97128475,0.10230443626642227,0.9840954542160034,0.8692215085029602
YIL053W,YLR382C,0,-0.9714138,0.10229386389255524,0.9840954542160034,0.8693215847015381
YPR200C,YLL018C-A,0,-0.97161615,0.1022832915186882,0.9840954542160034,0.869421660900116
YMR250W,YPL116W,0,-0.9717269,0.10227272659540176,0.9840954542160034,0.8695217370986938
YOR237W,YOR319W,0,-0.9717729,0.10226216167211533,0.9840954542160034,0.869621753692627
YCL043C,YEL043W,0,-0.9720244,0.10225160419940948,0.9840954542160034,0.8697218298912048
YNL079C,YLR393W,0,-0.97211504,0.10224103927612305,0.9840954542160034,0.8698219060897827
YLR410W-A,YKR067W,0,-0.9727422,0.1022304818034172,0.9840954542160034,0.8699219822883606
YHL034C,YLR388W,0,-0.9727584,0.10221992433071136,0.9840954542160034,0.8700219988822937
YLR029C,YBR109C,0,-0.97341824,0.10220937430858612,0.9840954542160034,0.8701220750808716
YOL055C,YOR033C,0,-0.97354704,0.10219882428646088,0.9840954542160034,0.8702221512794495
YLR157C-B,YCR020W-B,0,-0.9747958,0.10218827426433563,0.9840954542160034,0.8703221678733826
YPR047W,YPL212C,1,-0.9750956,0.10228093713521957,0.9850894808769226,0.8703221678733826
YLR372W,YJL139C,0,-0.9751904,0.10227037966251373,0.9850894808769226,0.8704222440719604
YBL019W,YJL204C,0,-0.9752632,0.10225982964038849,0.9850894808769226,0.8705223202705383
YDR441C,YOR344C,0,-0.9753092,0.10224927961826324,0.9850894808769226,0.8706223964691162
YEL062W,YKL182W,0,-0.9753128,0.102238729596138,0.9850894808769226,0.8707224130630493
YDL117W,YGL226C-A,0,-0.9754085,0.10222817957401276,0.9850894808769226,0.8708224892616272
YHR122W,YNL160W,0,-0.9756373,0.10221763700246811,0.9850894808769226,0.8709225654602051
YMR113W,YPR133W-A,0,-0.97605324,0.10220709443092346,0.9850894808769226,0.871022641658783
YBL002W,YOR034C,0,-0.9767076,0.10219655930995941,0.9850894808769226,0.8711226582527161
YFR033C,YEL001C,0,-0.97672975,0.10218601673841476,0.9850894808769226,0.871222734451294
YJL128C,YLR075W,0,-0.9769357,0.10217548161745071,0.9850894808769226,0.8713228106498718
YEL012W,YDL044C,0,-0.9771042,0.10216494649648666,0.9850894808769226,0.8714228272438049
YLL016W,YER104W,0,-0.9773694,0.10215441882610321,0.9850894808769226,0.8715229034423828
YNL097C,YLL054C,0,-0.9774833,0.10214389115571976,0.9850894808769226,0.8716229796409607
YBR132C,YOL020W,0,-0.9777049,0.1021333634853363,0.9850894808769226,0.8717230558395386
YOL115W,YDR276C,0,-0.9777105,0.10212283581495285,0.9850894808769226,0.8718230724334717
YLR185W,YFL008W,0,-0.97771525,0.10211231559515,0.9850894808769226,0.8719231486320496
YFL003C,YPR140W,0,-0.9777486,0.10210179537534714,0.9850894808769226,0.8720232248306274
YBL098W,YLR395C,0,-0.9779097,0.10209127515554428,0.9850894808769226,0.8721233010292053
YHL033C,YJR152W,0,-0.97828394,0.10208075493574142,0.9850894808769226,0.8722233176231384
YKR001C,YGL256W,0,-0.9783556,0.10207024216651917,0.9850894808769226,0.8723233938217163
YDR225W,YEL036C,0,-0.97882885,0.1020597293972969,0.9850894808769226,0.8724234700202942
YBR019C,YHR214W,0,-0.9790027,0.10204922407865524,0.9850894808769226,0.8725234866142273
YBR183W,YCR020W-B,0,-0.9790231,0.10203871130943298,0.9850894808769226,0.8726235628128052
YPL270W,YLR378C,0,-0.97907746,0.10202820599079132,0.9850894808769226,0.8727236390113831
YOR140W,YBR132C,0,-0.979282,0.10201770812273026,0.9850894808769226,0.8728237152099609
YOR260W,YPR199C,0,-0.9792986,0.10200720280408859,0.9850894808769226,0.872923731803894
YMR052W,YMR205C,0,-0.9793083,0.10199670493602753,0.9850894808769226,0.8730238080024719
YBL098W,YKR089C,0,-0.9794027,0.10198620706796646,0.9850894808769226,0.8731238842010498
YKL145W,YKR057W,0,-0.9794923,0.10197571665048599,0.9850894808769226,0.8732239603996277
YDR155C,YHR146W,0,-0.98026973,0.10196522623300552,0.9850894808769226,0.8733239769935608
YKL167C,YGL187C,0,-0.9803102,0.10195473581552505,0.9850894808769226,0.8734240531921387
YLR117C,YGL198W,0,-0.9807724,0.10194424539804459,0.9850894808769226,0.8735241293907166
YOR372C,YPR103W,0,-0.9809861,0.10193375498056412,0.9850894808769226,0.8736241459846497
YIL005W,YPR030W,0,-0.98100144,0.10192327201366425,0.9850894808769226,0.8737242221832275
YMR034C,YPR008W,0,-0.98115885,0.10191279649734497,0.9850894808769226,0.8738242983818054
YLL041C,YPL083C,0,-0.9813141,0.1019023135304451,0.9850894808769226,0.8739243745803833
YJR147W,YGR247W,0,-0.98166746,0.10189183801412582,0.9850894808769226,0.8740243911743164
YDL092W,YKL065C,0,-0.98273605,0.10188136249780655,0.9850894808769226,0.8741244673728943
YBR169C,YHR200W,0,-0.98375404,0.10187088698148727,0.9850894808769226,0.8742245435714722
YLR197W,YMR210W,0,-0.9837599,0.1018604189157486,0.9850894808769226,0.87432461977005
YJL180C,YIL020C,0,-0.9837678,0.10184995085000992,0.9850894808769226,0.8744246363639832
YPL008W,YJR108W,0,-0.9841362,0.10183948278427124,0.9850894808769226,0.874524712562561
YIL106W,YDL091C,0,-0.9848912,0.10182901471853256,0.9850894808769226,0.8746247887611389
YLR213C,YPR103W,0,-0.9855293,0.10181855410337448,0.9850894808769226,0.874724805355072
YPR033C,YDR246W,0,-0.9856187,0.1018080934882164,0.9850894808769226,0.8748248815536499
YJR147W,YGR249W,0,-0.9859811,0.10179764032363892,0.9850894808769226,0.8749249577522278
YMR195W,YGL243W,0,-0.98614705,0.10178717970848083,0.9850894808769226,0.8750250339508057
YOR198C,YNL274C,0,-0.9861571,0.10177672654390335,0.9850894808769226,0.8751250505447388
YNL192W,YNL309W,0,-0.9863605,0.10176627337932587,0.9850894808769226,0.8752251267433167
YLR380W,YMR030W,0,-0.98641574,0.10175582766532898,0.9850894808769226,0.8753252029418945
YBR230C,YOL137W,0,-0.9864199,0.10174538195133209,0.9850894808769226,0.8754252791404724
YOR010C,YDR246W,0,-0.9864788,0.1017349362373352,0.9850894808769226,0.8755252957344055
YOL078W,YNR074C,0,-0.98666215,0.10172449052333832,0.9850894808769226,0.8756253719329834
YHR006W,YOR168W,0,-0.98676765,0.10171405225992203,0.9850894808769226,0.8757254481315613
YGR030C,YIR015W,1,-0.98703706,0.10180623829364777,0.9860835075378418,0.8757254481315613
YER093C,YOR176W,0,-0.9873581,0.10179579257965088,0.9860835075378418,0.8758255243301392
YDL021W,YBR186W,0,-0.98802555,0.10178534686565399,0.9860835075378418,0.8759255409240723
YDL207W,YGR282C,0,-0.98809516,0.1017749086022377,0.9860835075378418,0.8760256171226501
YKR099W,YDL126C,0,-0.9895982,0.10176446288824081,0.9860835075378418,0.876125693321228
YCR069W,YJL085W,0,-0.9903201,0.10175402462482452,0.9860835075378418,0.8762257099151611
YBR272C,YJL096W,0,-0.9903469,0.10174358636140823,0.9860835075378418,0.876325786113739
YER125W,YJL076W,0,-0.9905389,0.10173315554857254,0.9860835075378418,0.8764258623123169
YNL067W,YMR136W,0,-0.99064976,0.10172272473573685,0.9860835075378418,0.8765259385108948
YER039C,YKL062W,0,-0.9906831,0.10171229392290115,0.9860835075378418,0.8766259551048279
YDR325W,YKL062W,0,-0.9910694,0.10170186311006546,0.9860835075378418,0.8767260313034058
YGR085C,YCL068C,0,-0.99115086,0.10169143974781036,0.9860835075378418,0.8768261075019836
YGL070C,YKL152C,0,-0.99151313,0.10168101638555527,0.9860835075378418,0.8769261837005615
YOR256C,YNL055C,0,-0.9916971,0.10167059302330017,0.9860835075378418,0.8770262002944946
YDR092W,YFR033C,0,-0.9921383,0.10166017711162567,0.9860835075378418,0.8771262764930725
YGR007W,YFL016C,0,-0.99252653,0.10164976119995117,0.9860835075378418,0.8772263526916504
YGR094W,YOL096C,0,-0.9926224,0.10163934528827667,0.9860835075378418,0.8773263692855835
YHR026W,YFR051C,0,-0.99265593,0.10162892937660217,0.9860835075378418,0.8774264454841614
YHR032W,YNL009W,0,-0.9927764,0.10161852091550827,0.9860835075378418,0.8775265216827393
YER129W,YPL223C,0,-0.9927882,0.10160811245441437,0.9860835075378418,0.8776265978813171
YEL012W,YLL031C,0,-0.9928103,0.10159770399332047,0.9860835075378418,0.8777266144752502
YML065W,YNL055C,0,-0.9937243,0.10158730298280716,0.9860835075378418,0.8778266906738281
YLL036C,YPR196W,0,-0.99375486,0.10157690197229385,0.9860835075378418,0.877926766872406
YOR064C,YPR008W,0,-0.9940431,0.10156650096178055,0.9860835075378418,0.8780268430709839
YOR159C,YKR067W,0,-0.9940741,0.10155609995126724,0.9860835075378418,0.878126859664917
YLR240W,YNL005C,0,-0.9941474,0.10154570639133453,0.9860835075378418,0.8782269358634949
YHR008C,YDL128W,0,-0.99431884,0.10153531283140182,0.9860835075378418,0.8783270120620728
YJR130C,YDR151C,0,-0.99435973,0.10152491927146912,0.9860835075378418,0.8784270286560059
YGR239C,YJL128C,0,-0.99502707,0.101514533162117,0.9860835075378418,0.8785271048545837
YPR204W,YDR246W,0,-0.995059,0.10150414705276489,0.9860835075378418,0.8786271810531616
YOR317W,YOL121C,0,-0.99564564,0.10149376094341278,0.9860835075378418,0.8787272572517395
YAL015C,YBR067C,0,-0.99584764,0.10148337483406067,0.9860835075378418,0.8788272738456726
YCR005C,YHR149C,0,-0.9962296,0.10147299617528915,0.9860835075378418,0.8789273500442505
YER178W,YLR132C,0,-0.99639225,0.10146261751651764,0.9860835075378418,0.8790274262428284
YDL197C,YGL192W,0,-0.99715394,0.10145223885774612,0.9860835075378418,0.8791275024414062
YMR173W,YOL089C,0,-0.9972956,0.1014418676495552,0.9860835075378418,0.8792275190353394
YBR218C,YAR027W,0,-0.9978838,0.10143149644136429,0.9860835075378418,0.8793275952339172
YLR447C,YKR071C,0,-0.9979817,0.10142112523317337,0.9860835075378418,0.8794276714324951
YNR059W,YPR080W,0,-0.9983213,0.10141075402498245,0.9860835075378418,0.8795276880264282
YLR291C,YLL018C-A,0,-0.9986505,0.10140039026737213,0.9860835075378418,0.8796277642250061
YEL026W,YOR002W,0,-0.9987132,0.10139002650976181,0.9860835075378418,0.879727840423584
YPR080W,YDR369C,0,-0.9987246,0.10137966275215149,0.9860835075378418,0.8798279166221619
YHR111W,YGR167W,0,-0.9990219,0.10136930644512177,0.9860835075378418,0.879927933216095
YBR069C,YCR105W,0,-0.9990915,0.10135894268751144,0.9860835075378418,0.8800280094146729
YNL031C,YMR226C,0,-0.9992281,0.10134859383106232,0.9860835075378418,0.8801280856132507
YBL091C-A,YIL035C,0,-0.99935925,0.10133823752403259,0.9860835075378418,0.8802281618118286
YDL135C,YNR023W,0,-0.99953187,0.10132788866758347,0.9860835075378418,0.8803281784057617
YPR095C,YOR010C,0,-0.99987876,0.10131753981113434,0.9860835075378418,0.8804282546043396
YER143W,YGR059W,0,-0.9999389,0.10130719095468521,0.9860835075378418,0.8805283308029175
YNL318C,YLR313C,0,-1.0000829,0.10129684209823608,0.9860835075378418,0.8806283473968506
YMR321C,YOL008W,0,-1.0003804,0.10128650069236755,0.9860835075378418,0.8807284235954285
YER146W,YHR006W,1,-1.0021677,0.10137825459241867,0.987077534198761,0.8807284235954285
YPR190C,YJR083C,0,-1.0024123,0.10136790573596954,0.987077534198761,0.8808284997940063
YBL080C,YER094C,0,-1.0028341,0.10135755687952042,0.987077534198761,0.8809285759925842
YLR089C,YHR174W,0,-1.0029662,0.10134721547365189,0.987077534198761,0.8810285925865173
YKR018C,YIL091C,0,-1.002988,0.10133687406778336,0.987077534198761,0.8811286687850952
YML091C,YPL207W,1,-1.0032376,0.1014285683631897,0.9880715608596802,0.8811286687850952
YDR461W,YGR167W,0,-1.004437,0.10141821950674057,0.9880715608596802,0.8812287449836731
YNL282W,YNL156C,0,-1.0046546,0.10140787810087204,0.9880715608596802,0.881328821182251
YIL107C,YJL117W,0,-1.0053124,0.10139752924442291,0.9880715608596802,0.8814288377761841
YEL077C,YMR278W,0,-1.005453,0.10138718783855438,0.9880715608596802,0.881528913974762
YDR317W,YDR263C,0,-1.0055716,0.10137684643268585,0.9880715608596802,0.8816289901733398
YPL131W,YKR067W,0,-1.005932,0.10136651247739792,0.9880715608596802,0.8817290663719177
YPR095C,YPL270W,0,-1.0060558,0.10135617107152939,0.9880715608596802,0.8818290829658508
YGR211W,YPL098C,0,-1.0060737,0.10134583711624146,0.9880715608596802,0.8819291591644287
YML126C,YLR080W,0,-1.0060788,0.10133551061153412,0.9880715608596802,0.8820292353630066
YGL037C,YPL215W,0,-1.0065134,0.10132517665624619,0.9880715608596802,0.8821292519569397
YNR059W,YIL069C,0,-1.0071057,0.10131485015153885,0.9880715608596802,0.8822293281555176
YLL032C,YHR001W,0,-1.0071151,0.10130452364683151,0.9880715608596802,0.8823294043540955
YGL055W,YKL137W,0,-1.0073037,0.10129420459270477,0.9880715608596802,0.8824294805526733
YLR061W,YCR020W-B,0,-1.0077624,0.10128387808799744,0.9880715608596802,0.8825294971466064
YDR226W,YOR132W,0,-1.0087897,0.1012735590338707,0.9880715608596802,0.8826295733451843
YPL163C,YDR202C,0,-1.0088366,0.10126323997974396,0.9880715608596802,0.8827296495437622
YBR101C,YHR083W,0,-1.009125,0.10125292837619781,0.9880715608596802,0.8828297257423401
YOR254C,YPL171C,0,-1.0091946,0.10124261677265167,0.9880715608596802,0.8829297423362732
YKL015W,YDL181W,0,-1.0092466,0.10123230516910553,0.9880715608596802,0.8830298185348511
YKR071C,YER155C,0,-1.0093855,0.10122199356555939,0.9880715608596802,0.883129894733429
YPL224C,YJL225C,0,-1.0100882,0.10121168941259384,0.9880715608596802,0.8832299113273621
YGL212W,YDR354W,0,-1.010718,0.1012013852596283,0.9880715608596802,0.8833299875259399
YNL261W,YCR031C,0,-1.0112984,0.10119108110666275,0.9880715608596802,0.8834300637245178
YDL040C,YER137C-A,0,-1.01149,0.1011807844042778,0.9880715608596802,0.8835301399230957
YMR104C,YIL159W,0,-1.0116585,0.10117048025131226,0.9880715608596802,0.8836301565170288
YJL216C,YHR059W,0,-1.0116624,0.10116018354892731,0.9880715608596802,0.8837302327156067
YDL003W,YLR350W,0,-1.0118624,0.10114989429712296,0.9880715608596802,0.8838303089141846
YHR112C,YPR164W,0,-1.011866,0.101139597594738,0.9880715608596802,0.8839303851127625
YCR087C-A,YIL119C,0,-1.0122204,0.10112930834293365,0.9880715608596802,0.8840304017066956
YJR090C,YLR075W,0,-1.012271,0.1011190265417099,0.9880715608596802,0.8841304779052734
YKR055W,YDR354W,0,-1.0123473,0.10110873728990555,0.9880715608596802,0.8842305541038513
YCR023C,YDR484W,0,-1.0126181,0.1010984554886818,0.9880715608596802,0.8843305706977844
YBR061C,YHR039C-A,0,-1.012923,0.10108817368745804,0.9880715608596802,0.8844306468963623
YDR041W,YFL031W,0,-1.0133348,0.10107789188623428,0.9880715608596802,0.8845307230949402
YBR196C,YPL283C,0,-1.013666,0.10106761753559113,0.9880715608596802,0.8846307992935181
YDR383C,YJL167W,0,-1.0141206,0.10105734318494797,0.9880715608596802,0.8847308158874512
YER117W,YNL294C,0,-1.014467,0.10104706883430481,0.9880715608596802,0.884830892086029
YFR014C,YGR038W,0,-1.0144979,0.10103679448366165,0.9880715608596802,0.8849309682846069
YNL326C,YMR054W,0,-1.0145004,0.10102652758359909,0.9880715608596802,0.8850310444831848
YHR108W,YNL190W,0,-1.0145115,0.10101626068353653,0.9880715608596802,0.8851310610771179
YDR155C,YLR056W,0,-1.014546,0.10100599378347397,0.9880715608596802,0.8852311372756958
YDR385W,YDR178W,0,-1.0147235,0.100995734333992,0.9880715608596802,0.8853312134742737
YML100W,YDR179C,0,-1.0148535,0.10098547488451004,0.9880715608596802,0.8854312300682068
YGR049W,YGL121C,0,-1.0151832,0.10097521543502808,0.9880715608596802,0.8855313062667847
YOR285W,YDR261C-D,0,-1.0154036,0.10096495598554611,0.9880715608596802,0.8856313824653625
YLR228C,YBL009W,0,-1.0157422,0.10095470398664474,0.9880715608596802,0.8857314586639404
YNL026W,YER178W,0,-1.0158741,0.10094445198774338,0.9880715608596802,0.8858314752578735
YCR024C,YLR175W,0,-1.0159086,0.10093419998884201,0.9880715608596802,0.8859315514564514
YIL114C,YDR175C,0,-1.0163863,0.10092394798994064,0.9880715608596802,0.8860316276550293
YGL196W,YDR080W,0,-1.0165046,0.10091370344161987,0.9880715608596802,0.8861317038536072
YLR110C,YDR407C,0,-1.0172492,0.1009034588932991,0.9880715608596802,0.8862317204475403
YJL079C,YAL029C,0,-1.0173401,0.10089322179555893,0.9880715608596802,0.8863317966461182
YKL145W,YLR272C,0,-1.0176435,0.10088297724723816,0.9880715608596802,0.886431872844696
YBR139W,YML031W,0,-1.0177863,0.10087274014949799,0.9880715608596802,0.8865318894386292
YAL038W,YBR014C,0,-1.0180173,0.10086250305175781,0.9880715608596802,0.886631965637207
YPL163C,YDR237W,0,-1.0181147,0.10085227340459824,0.9880715608596802,0.8867320418357849
YHR002W,YML026C,0,-1.0181482,0.10084204375743866,0.9880715608596802,0.8868321180343628
YDR268W,YKL081W,0,-1.0186393,0.10083181411027908,0.9880715608596802,0.8869321346282959
YOR168W,YHR188C,0,-1.0190098,0.1008215844631195,0.9880715608596802,0.8870322108268738
YOR113W,YGR083C,0,-1.0194414,0.10081136226654053,0.9880715608596802,0.8871322870254517
YIL148W,YOR291W,0,-1.0200573,0.10080113261938095,0.9880715608596802,0.8872323632240295
YFL023W,YLR206W,0,-1.0201496,0.10079091787338257,0.9880715608596802,0.8873323798179626
YPL145C,YGL104C,0,-1.0202997,0.10078069567680359,0.9880715608596802,0.8874324560165405
YLR216C,YDR454C,0,-1.020318,0.1007704809308052,0.9880715608596802,0.8875325322151184
YDL054C,YDR498C,0,-1.0214847,0.10076026618480682,0.9880715608596802,0.8876326084136963
YCR068W,YBR031W,0,-1.0215367,0.10075005143880844,0.9880715608596802,0.8877326250076294
YGR028W,YDR285W,0,-1.0217897,0.10073983669281006,0.9880715608596802,0.8878327012062073
YLR355C,YGL198W,0,-1.0223198,0.10072962939739227,0.9880715608596802,0.8879327774047852
YPL217C,YDR041W,0,-1.022329,0.10071942210197449,0.9880715608596802,0.8880327939987183
YAL055W,YDL039C,0,-1.0223377,0.1007092222571373,0.9880715608596802,0.8881328701972961
YHR108W,YMR168C,0,-1.022413,0.10069901496171951,0.9880715608596802,0.888232946395874
YMR195W,YPL208W,0,-1.0227294,0.10068881511688232,0.9880715608596802,0.8883330225944519
YEL026W,YGL198W,0,-1.0228182,0.10067861527204514,0.9880715608596802,0.888433039188385
YPR026W,YMR272C,0,-1.023008,0.10066842287778854,0.9880715608596802,0.8885331153869629
YJL089W,YDL165W,0,-1.0237298,0.10065823048353195,0.9880715608596802,0.8886331915855408
YMR304W,YGR207C,0,-1.024009,0.10064803808927536,0.9880715608596802,0.8887332677841187
YPR104C,YER178W,0,-1.0241026,0.10063784569501877,0.9880715608596802,0.8888332843780518
YGL002W,YFL016C,0,-1.0242394,0.10062766075134277,0.9880715608596802,0.8889333605766296
YPL043W,YBL013W,0,-1.0249211,0.10061746835708618,0.9880715608596802,0.8890334367752075
YBR010W,YHR045W,0,-1.0249838,0.10060729086399078,0.9880715608596802,0.8891334533691406
YFR050C,YML047C,0,-1.0250789,0.10059710592031479,0.9880715608596802,0.8892335295677185
YLR325C,YDR099W,0,-1.0254415,0.10058692842721939,0.9880715608596802,0.8893336057662964
YPL235W,YIR032C,0,-1.0256578,0.10057675093412399,0.9880715608596802,0.8894336819648743
YLR157C-B,YGR198W,0,-1.025707,0.1005665734410286,0.9880715608596802,0.8895336985588074
YLL051C,YGL098W,0,-1.0262076,0.1005563959479332,0.9880715608596802,0.8896337747573853
YOL097C,YPL183W-A,0,-1.026756,0.1005462259054184,0.9880715608596802,0.8897338509559631
YBR177C,YKR085C,0,-1.0271803,0.1005360558629036,0.9880715608596802,0.889833927154541
YKL060C,YDR482C,0,-1.0273212,0.10052589327096939,0.9880715608596802,0.8899339437484741
YDR513W,YAL048C,0,-1.0277185,0.10051572322845459,0.9880715608596802,0.890034019947052
YBR005W,YHR063C,0,-1.0281357,0.10050556063652039,0.9880715608596802,0.8901340961456299
YBR096W,YFL016C,0,-1.0283344,0.10049539804458618,0.9880715608596802,0.890234112739563
YHL003C,YJR010W,0,-1.0286965,0.10048524290323257,0.9880715608596802,0.8903341889381409
YML097C,YDR276C,0,-1.029702,0.10047508031129837,0.9880715608596802,0.8904342651367188
YHR019C,YIL006W,0,-1.0306951,0.10046492516994476,0.9880715608596802,0.8905343413352966
YPL274W,YPL170W,0,-1.0309566,0.10045477747917175,0.9880715608596802,0.8906343579292297
YLR350W,YJR050W,0,-1.031131,0.10044462233781815,0.9880715608596802,0.8907344341278076
YFL003C,YGR253C,0,-1.0313656,0.10043447464704514,0.9880715608596802,0.8908345103263855
YCR008W,YBR294W,0,-1.0315105,0.10042432695627213,0.9880715608596802,0.8909345865249634
YLR164W,YDL232W,0,-1.031754,0.10041418671607971,0.9880715608596802,0.8910346031188965
YDR143C,YMR097C,0,-1.0322797,0.1004040390253067,0.9880715608596802,0.8911346793174744
YLR110C,YBR222C,0,-1.0328134,0.10039389878511429,0.9880715608596802,0.8912347555160522
YGR244C,YGR087C,0,-1.0332707,0.10038375854492188,0.9880715608596802,0.8913347721099854
YJR161C,YKL222C,0,-1.0335358,0.10037362575531006,0.9880715608596802,0.8914348483085632
YNL279W,YMR029C,0,-1.0339444,0.10036349296569824,0.9880715608596802,0.8915349245071411
YKL217W,YMR234W,0,-1.0345246,0.10035336017608643,0.9880715608596802,0.891635000705719
YMR156C,YJR073C,0,-1.0347073,0.10034322738647461,0.9880715608596802,0.8917350172996521
YCR024C,YNL225C,0,-1.0354,0.10033309459686279,0.9880715608596802,0.89183509349823
YGR060W,YDR221W,0,-1.035856,0.10032296925783157,0.9880715608596802,0.8919351696968079
YHR096C,YBL005W-B,0,-1.0361948,0.10031284391880035,0.9880715608596802,0.8920352458953857
YGR108W,YCR102C,0,-1.0363724,0.10030272603034973,0.9880715608596802,0.8921352624893188
YHR079C-A,YBL004W,0,-1.0364441,0.10029260069131851,0.9880715608596802,0.8922353386878967
YKR035W-A,YHR096C,0,-1.0370241,0.10028248280286789,0.9880715608596802,0.8923354148864746
YLR216C,YBR253W,0,-1.0372398,0.10027237236499786,0.9880715608596802,0.8924354314804077
YDR216W,YMR241W,0,-1.0381823,0.10026225447654724,0.9880715608596802,0.8925355076789856
YIR011C,YAL061W,0,-1.0383662,0.10025214403867722,0.9880715608596802,0.8926355838775635
YML110C,YPR067W,0,-1.0384291,0.10024203360080719,0.9880715608596802,0.8927356600761414
YLL028W,YNR032C-A,0,-1.0384603,0.10023192316293716,0.9880715608596802,0.8928356766700745
YEL034W,YPL173W,0,-1.0386555,0.10022182017564774,0.9880715608596802,0.8929357528686523
YLR006C,YLR043C,0,-1.0389254,0.1002117171883583,0.9880715608596802,0.8930358290672302
YOR323C,YLR164W,0,-1.039075,0.10020161420106888,0.9880715608596802,0.8931359052658081
YER033C,YNL052W,0,-1.0391569,0.10019151121377945,0.9880715608596802,0.8932359218597412
YBR106W,YLR390W-A,0,-1.039486,0.10018141567707062,0.9880715608596802,0.8933359980583191
YOR334W,YMR274C,0,-1.039514,0.10017132014036179,0.9880715608596802,0.893436074256897
YBR038W,YKL013C,0,-1.0395373,0.10016122460365295,0.9880715608596802,0.8935361504554749
YNL035C,YGL219C,0,-1.0399463,0.10015113651752472,0.9880715608596802,0.893636167049408
YPL280W,YBR019C,0,-1.0403308,0.10014104098081589,0.9880715608596802,0.8937362432479858
YKL197C,YLR183C,0,-1.0403872,0.10013095289468765,0.9880715608596802,0.8938363194465637
YOR303W,YBR268W,0,-1.0404882,0.10012087225914001,0.9880715608596802,0.8939363360404968
YML071C,YNL055C,0,-1.0409461,0.10011078417301178,0.9880715608596802,0.8940364122390747
YCL029C,YMR104C,0,-1.0414021,0.10010070353746414,0.9880715608596802,0.8941364884376526
YBR066C,YBR078W,0,-1.0419507,0.1000906229019165,0.9880715608596802,0.8942365646362305
YML058W,YKR088C,0,-1.0419637,0.10008054971694946,0.9880715608596802,0.8943365812301636
YPL249C-A,YIL065C,0,-1.041987,0.10007046908140182,0.9880715608596802,0.8944366574287415
YDL171C,YNL294C,0,-1.0420543,0.10006039589643478,0.9880715608596802,0.8945367336273193
YDR144C,YGL179C,0,-1.0434904,0.10005033016204834,0.9880715608596802,0.8946368098258972
YDL004W,YDR343C,0,-1.0436418,0.1000402569770813,0.9880715608596802,0.8947368264198303
YOL038W,YGR065C,0,-1.0436839,0.10003019124269485,0.9880715608596802,0.8948369026184082
YNL250W,YGR020C,0,-1.0442544,0.10002012550830841,0.9880715608596802,0.8949369788169861
YNL130C,YFR010W,0,-1.0443176,0.10001005977392197,0.9880715608596802,0.8950369954109192
YBR154C,YLL018C-A,0,-1.0448269,0.10000000149011612,0.9880715608596802,0.8951370716094971
YML091C,YJL125C,1,-1.0450481,0.10009053349494934,0.9890655875205994,0.8951370716094971
YJL196C,YDL111C,0,-1.0452764,0.1000804677605629,0.9890655875205994,0.895237147808075
YOL076W,YJR151C,0,-1.0454181,0.10007040202617645,0.9890655875205994,0.8953372240066528
YJR153W,YMR266W,0,-1.0461571,0.10006033629179001,0.9890655875205994,0.8954372406005859
YDR002W,YGL073W,0,-1.0464085,0.10005027800798416,0.9890655875205994,0.8955373167991638
YLR284C,YLR344W,0,-1.0466838,0.10004021972417831,0.9890655875205994,0.8956373929977417
YGR209C,YLL045C,0,-1.0473957,0.10003016144037247,0.9890655875205994,0.8957374691963196
YBL113C,YLR093C,0,-1.0476485,0.10002010315656662,0.9890655875205994,0.8958374857902527
YLL028W,YBR029C,0,-1.0476822,0.10001005232334137,0.9890655875205994,0.8959375619888306
YBR093C,YJL094C,0,-1.0477659,0.10000000149011612,0.9890655875205994,0.8960376381874084
YOR303W,YJR048W,0,-1.0483547,0.09998995065689087,0.9890655875205994,0.8961376547813416
YLR367W,YBR295W,0,-1.0489668,0.09997989982366562,0.9890655875205994,0.8962377309799194
YDL077C,YNL160W,0,-1.0491,0.09996985644102097,0.9890655875205994,0.8963378071784973
YML025C,YNL156C,0,-1.0496169,0.09995981305837631,0.9890655875205994,0.8964378833770752
YIL076W,YJL063C,0,-1.0501783,0.09994977712631226,0.9890655875205994,0.8965378999710083
YNL309W,YLR229C,0,-1.0503026,0.0999397337436676,0.9890655875205994,0.8966379761695862
YMR034C,YCL030C,0,-1.0505667,0.09992969781160355,0.9890655875205994,0.8967380523681641
YLR056W,YNL048W,0,-1.050667,0.09991966187953949,0.9890655875205994,0.8968381285667419
YBR162W-A,YGR288W,0,-1.0509156,0.09990962594747543,0.9890655875205994,0.896938145160675
YNL328C,YOR173W,0,-1.0514483,0.09989959746599197,0.9890655875205994,0.8970382213592529
YNL309W,YJR047C,0,-1.0520847,0.09988956898450851,0.9890655875205994,0.8971382975578308
YFL010W-A,YPL227C,0,-1.0525382,0.09987954050302505,0.9890655875205994,0.8972383141517639
YHL003C,YJR091C,0,-1.0528392,0.09986951947212219,0.9890655875205994,0.8973383903503418
YFL002C,YLR350W,0,-1.0528716,0.09985949099063873,0.9890655875205994,0.8974384665489197
YPL163C,YJL078C,0,-1.053501,0.09984946995973587,0.9890655875205994,0.8975385427474976
YHL021C,YPL218W,0,-1.0536267,0.0998394563794136,0.9890655875205994,0.8976385593414307
YLL029W,YNL148C,0,-1.0545751,0.09982943534851074,0.9890655875205994,0.8977386355400085
YPR110C,YBR298C,0,-1.0547223,0.09981942176818848,0.9890655875205994,0.8978387117385864
YHR121W,YNL044W,0,-1.0553882,0.09980940818786621,0.9890655875205994,0.8979387879371643
YOR033C,YDR512C,0,-1.0559107,0.09979939460754395,0.9890655875205994,0.8980388045310974
YDR461W,YGR165W,0,-1.0561255,0.09978938847780228,0.9890655875205994,0.8981388807296753
YPR180W,YLR043C,0,-1.0562049,0.09977938234806061,0.9890655875205994,0.8982389569282532
YBR046C,YOR380W,0,-1.0563654,0.09976937621831894,0.9890655875205994,0.898339033126831
YLR229C,YOL086C,0,-1.0564262,0.09975937753915787,0.9890655875205994,0.8984390497207642
YIL006W,YPR112C,0,-1.0564687,0.0997493714094162,0.9890655875205994,0.898539125919342
YFR038W,YDR350C,0,-1.0570891,0.09973937273025513,0.9890655875205994,0.8986392021179199
YNL029C,YDL161W,0,-1.0572414,0.09972937405109406,0.9890655875205994,0.898739218711853
YKL085W,YER016W,0,-1.0573498,0.09971938282251358,0.9890655875205994,0.8988392949104309
YLR023C,YOL009C,0,-1.0575668,0.0997093915939331,0.9890655875205994,0.8989393711090088
YBR114W,YOR098C,0,-1.0577846,0.09969940036535263,0.9890655875205994,0.8990394473075867
YBL002W,YJR082C,0,-1.058922,0.09968940913677216,0.9890655875205994,0.8991394639015198
YJL060W,YGL050W,0,-1.0592408,0.09967942535877228,0.9890655875205994,0.8992395401000977
YBR150C,YMR269W,0,-1.0593421,0.0996694415807724,0.9890655875205994,0.8993396162986755
YOR058C,YIL098C,0,-1.0596104,0.09965945780277252,0.9890655875205994,0.8994396924972534
YDR488C,YDL045W-A,0,-1.0603745,0.09964947402477264,0.9890655875205994,0.8995397090911865
YDR452W,YGR177C,0,-1.061196,0.09963949769735336,0.9890655875205994,0.8996397852897644
YDR476C,YOL057W,0,-1.0613374,0.09962952136993408,0.9890655875205994,0.8997398614883423
YDR138W,YML058W-A,0,-1.0618452,0.0996195450425148,0.9890655875205994,0.8998398780822754
YKL067W,YNL030W,0,-1.0620794,0.09960956871509552,0.9890655875205994,0.8999399542808533
YOL055C,YDR489W,0,-1.0622116,0.09959959983825684,0.9890655875205994,0.9000400304794312
YAR002C-A,YFR040W,0,-1.0622333,0.09958963096141815,0.9890655875205994,0.900140106678009
YLR353W,YDR002W,0,-1.0624791,0.09957966208457947,0.9890655875205994,0.9002401232719421
YLR003C,YER081W,0,-1.062599,0.09956970065832138,0.9890655875205994,0.90034019947052
YFR014C,YNL075W,0,-1.0628737,0.0995597392320633,0.9890655875205994,0.9004402756690979
YPL228W,YBR112C,0,-1.0630102,0.0995497778058052,0.9890655875205994,0.9005403518676758
YGL220W,YIL097W,0,-1.0630897,0.09953981637954712,0.9890655875205994,0.9006403684616089
YOL041C,YKL141W,0,-1.0633428,0.09952986240386963,0.9890655875205994,0.9007404446601868
YLR432W,YGL045W,0,-1.0633607,0.09951990097761154,0.9890655875205994,0.9008405208587646
YGR166W,YIL033C,0,-1.0634024,0.09950995445251465,0.9890655875205994,0.9009405374526978
YDL100C,YNL270C,0,-1.0647892,0.09950000047683716,0.9890655875205994,0.9010406136512756
YDR339C,YJR048W,0,-1.064946,0.09949005395174026,0.9890655875205994,0.9011406898498535
YHR156C,YJL137C,0,-1.0650489,0.09948010742664337,0.9890655875205994,0.9012407660484314
YPR080W,YGL131C,0,-1.0654262,0.09947016090154648,0.9890655875205994,0.9013407826423645
YCL033C,YLR019W,0,-1.065708,0.09946021437644958,0.9890655875205994,0.9014408588409424
YDL092W,YKL163W,0,-1.0659016,0.09945027530193329,0.9890655875205994,0.9015409350395203
YDR150W,YML120C,0,-1.0664438,0.09944033622741699,0.9890655875205994,0.9016410112380981
YKL087C,YJL178C,0,-1.067033,0.0994303971529007,0.9890655875205994,0.9017410278320312
YBR015C,YDR178W,0,-1.0672768,0.099420465528965,0.9890655875205994,0.9018411040306091
YOR087W,YIL122W,0,-1.0674782,0.0994105339050293,0.9890655875205994,0.901941180229187
YOR339C,YDR240C,0,-1.0677987,0.0994006022810936,0.9890655875205994,0.9020411968231201
YMR244C-A,YBR081C,0,-1.0680677,0.0993906706571579,0.9890655875205994,0.902141273021698
YOL011W,YKL150W,0,-1.0683762,0.0993807464838028,0.9890655875205994,0.9022413492202759
YMR034C,YGR170W,0,-1.0687164,0.0993708148598671,0.9890655875205994,0.9023414254188538
YOR209C,YOR002W,0,-1.0687945,0.09936089813709259,0.9890655875205994,0.9024414420127869
YER023W,YDR034C,0,-1.069297,0.09935097396373749,0.9890655875205994,0.9025415182113647
YBR281C,YPL203W,0,-1.0698949,0.09934105724096298,0.9890655875205994,0.9026415944099426
YGL055W,YOL043C,0,-1.0703547,0.09933114051818848,0.9890655875205994,0.9027416706085205
YNL088W,YBR223C,0,-1.0704036,0.09932122379541397,0.9890655875205994,0.9028416872024536
YJL082W,YIL094C,0,-1.0705273,0.09931130707263947,0.9890655875205994,0.9029417634010315
YML004C,YLL024C,0,-1.07073,0.09930139780044556,0.9890655875205994,0.9030418395996094
YDR144C,YFR010W,0,-1.0708599,0.09929148852825165,0.9890655875205994,0.9031418561935425
YMR197C,YGL086W,0,-1.0710448,0.09928157925605774,0.9890655875205994,0.9032419323921204
YHR139C,YBL063W,0,-1.0712119,0.09927167743444443,0.9890655875205994,0.9033420085906982
YKL168C,YBR288C,0,-1.0712546,0.09926176816225052,0.9890655875205994,0.9034420847892761
YDR383C,YDR234W,0,-1.0721856,0.0992518737912178,0.9890655875205994,0.9035421013832092
YFL016C,YPL150W,0,-1.0722948,0.09924197196960449,0.9890655875205994,0.9036421775817871
YML023C,YLR205C,0,-1.0727777,0.09923207014799118,0.9890655875205994,0.903742253780365
YFR027W,YNL131W,0,-1.0728747,0.09922217577695847,0.9890655875205994,0.9038423299789429
YDR346C,YMR189W,0,-1.0728837,0.09921228140592575,0.9890655875205994,0.903942346572876
YBL006C,YDR471W,0,-1.072972,0.09920239448547363,0.9890655875205994,0.9040424227714539
YNR015W,YDL133C-A,0,-1.0731777,0.09919250011444092,0.9890655875205994,0.9041424989700317
YHR008C,YHR211W,0,-1.0743936,0.0991826131939888,0.9890655875205994,0.9042425751686096
YJL002C,YBR162C,0,-1.0744996,0.09917272627353668,0.9890655875205994,0.9043425917625427
YMR175W,YJR112W,0,-1.0746042,0.09916284680366516,0.9890655875205994,0.9044426679611206
YMR270C,YGR080W,0,-1.0748426,0.09915296733379364,0.9890655875205994,0.9045427441596985
YBL038W,YGL256W,0,-1.0767248,0.09914308786392212,0.9890655875205994,0.9046427607536316
YOR210W,YJL151C,0,-1.0770713,0.0991332083940506,0.9890655875205994,0.9047428369522095
YBR088C,YCR042C,0,-1.0778639,0.09912332892417908,0.9890655875205994,0.9048429131507874
YBR274W,YKL171W,0,-1.0789347,0.09911345690488815,0.9890655875205994,0.9049429893493652
YGR253C,YML028W,0,-1.0790118,0.09910358488559723,0.9890655875205994,0.9050430059432983
YOR383C,YPR033C,0,-1.0791646,0.0990937128663063,0.9890655875205994,0.9051430821418762
YMR301C,YGR260W,0,-1.0792154,0.09908384829759598,0.9890655875205994,0.9052431583404541
YOR019W,YHR168W,0,-1.0792967,0.09907398372888565,0.9890655875205994,0.905343234539032
YPR181C,YML024W,0,-1.0794913,0.09906411916017532,0.9890655875205994,0.9054432511329651
YMR284W,YDL207W,0,-1.0797024,0.099054254591465,0.9890655875205994,0.905543327331543
YGL250W,YDL102W,0,-1.0799047,0.09904439747333527,0.9890655875205994,0.9056434035301208
YNL133C,YHR216W,0,-1.080009,0.09903454035520554,0.9890655875205994,0.905743420124054
YLR406C,YPR155C,0,-1.0804728,0.0990246832370758,0.9890655875205994,0.9058434963226318
YLR131C,YMR114C,0,-1.0822476,0.09901482611894608,0.9890655875205994,0.9059435725212097
YMR052W,YCR034W,0,-1.0824937,0.09900497645139694,0.9890655875205994,0.9060436487197876
YDR452W,YDR211W,0,-1.0832567,0.09899512678384781,0.9890655875205994,0.9061436653137207
YOL095C,YDR129C,0,-1.084537,0.09898527711629868,0.9890655875205994,0.9062437415122986
YDR441C,YBR212W,0,-1.0845736,0.09897542744874954,0.9890655875205994,0.9063438177108765
YHR113W,YBR179C,0,-1.0850106,0.098965585231781,0.9890655875205994,0.9064438939094543
YLR092W,YFR053C,0,-1.0851066,0.09895574301481247,0.9890655875205994,0.9065439105033875
YFL003C,YLR017W,0,-1.0851158,0.09894590079784393,0.9890655875205994,0.9066439867019653
YLR341W,YPL259C,0,-1.085119,0.098936066031456,0.9890655875205994,0.9067440629005432
YLR070C,YNR032C-A,0,-1.0853995,0.09892623126506805,0.9890655875205994,0.9068440794944763
YPR128C,YDR294C,0,-1.0854596,0.09891639649868011,0.9890655875205994,0.9069441556930542
YCR093W,YKR075C,0,-1.0856102,0.09890656173229218,0.9890655875205994,0.9070442318916321
YJR083C,YML016C,0,-1.0856864,0.09889672696590424,0.9890655875205994,0.90714430809021
YOR226C,YPL134C,0,-1.0863267,0.0988868996500969,0.9890655875205994,0.9072443246841431
YML091C,YLR401C,1,-1.0867982,0.09897644817829132,0.9900596141815186,0.9072443246841431
YNR021W,YBR059C,0,-1.0869166,0.09896661341190338,0.9900596141815186,0.907344400882721
YGR034W,YMR065W,0,-1.0870525,0.09895677864551544,0.9900596141815186,0.9074444770812988
YKL065C,YOR156C,0,-1.0873333,0.0989469513297081,0.9900596141815186,0.9075445532798767
YDR004W,YKL060C,0,-1.0893221,0.09893712401390076,0.9900596141815186,0.9076445698738098
YGR072W,YJL166W,0,-1.0895163,0.09892729669809341,0.9900596141815186,0.9077446460723877
YNL072W,YBR127C,0,-1.0898544,0.09891746938228607,0.9900596141815186,0.9078447222709656
YBR268W,YDR306C,0,-1.0904349,0.09890764951705933,0.9900596141815186,0.9079447388648987
YBR169C,YIL142W,0,-1.0906526,0.09889782220125198,0.9900596141815186,0.9080448150634766
YLR092W,YNR039C,0,-1.0907304,0.09888800978660583,0.9900596141815186,0.9081448912620544
YDR188W,YIL087C,0,-1.0913289,0.09887818992137909,0.9900596141815186,0.9082449674606323
YOR173W,YEL063C,0,-1.0917569,0.09886837750673294,0.9900596141815186,0.9083449840545654
YHR047C,YOR273C,0,-1.0923135,0.0988585576415062,0.9900596141815186,0.9084450602531433
YIL015W,YCL040W,0,-1.0927633,0.09884875267744064,0.9900596141815186,0.9085451364517212
YHR175W,YCL068C,0,-1.0934759,0.0988389402627945,0.9900596141815186,0.9086452126502991
YER125W,YNR015W,1,-1.0934945,0.09892836213111877,0.9910537004470825,0.9086452126502991
YDR083W,YGR087C,0,-1.0972338,0.09891854226589203,0.9910537004470825,0.9087452292442322
YDR110W,YCR091W,0,-1.0979472,0.09890872985124588,0.9910537004470825,0.9088453054428101
YER031C,YPL230W,0,-1.0983775,0.09889891743659973,0.9910537004470825,0.9089453816413879
YDR176W,YJR036C,0,-1.0985085,0.09888911247253418,0.9910537004470825,0.909045398235321
YIL083C,YBR127C,0,-1.0994045,0.09887930005788803,0.9910537004470825,0.9091454744338989
YMR286W,YGR287C,0,-1.0996007,0.09886949509382248,0.9910537004470825,0.9092455506324768
YOR219C,YDL235C,0,-1.1002933,0.09885969012975693,0.9910537004470825,0.9093456268310547
YDR311W,YIL033C,0,-1.1004386,0.09884989261627197,0.9910537004470825,0.9094456434249878
YKR010C,YOR298C-A,0,-1.1004683,0.09884008765220642,0.9910537004470825,0.9095457196235657
YOR032C,YPL178W,0,-1.1007383,0.09883029013872147,0.9910537004470825,0.9096457958221436
YML058W,YMR110C,0,-1.1018016,0.09882050007581711,0.9910537004470825,0.9097458720207214
YPR046W,YJL060W,0,-1.1019307,0.09881070256233215,0.9910537004470825,0.9098458886146545
YMR030W,YBR094W,0,-1.1027157,0.0988009124994278,0.9910537004470825,0.9099459648132324
YOR219C,YDL002C,0,-1.1028551,0.09879112243652344,0.9910537004470825,0.9100460410118103
YJL172W,YLR262C,0,-1.1028669,0.09878133237361908,0.9910537004470825,0.9101461172103882
YEL044W,YPR127W,0,-1.103144,0.09877154976129532,0.9910537004470825,0.9102461338043213
YPR154W,YPL120W,0,-1.1031752,0.09876175969839096,0.9910537004470825,0.9103462100028992
YOR206W,YER098W,0,-1.103639,0.0987519845366478,0.9910537004470825,0.910446286201477
YGL055W,YOR162C,0,-1.1037952,0.09874220192432404,0.9910537004470825,0.9105463027954102
YMR301C,YLR206W,0,-1.1039491,0.09873241931200027,0.9910537004470825,0.910646378993988
YNL124W,YOR136W,0,-1.1047474,0.09872264415025711,0.9910537004470825,0.9107464551925659
YDR488C,YDL181W,0,-1.1049658,0.09871286898851395,0.9910537004470825,0.9108465313911438
YKL192C,YBR031W,0,-1.1051463,0.09870310127735138,0.9910537004470825,0.9109465479850769
YGR231C,YOR237W,0,-1.1063393,0.09869332611560822,0.9910537004470825,0.9110466241836548
YCR043C,YJL144W,0,-1.1070579,0.09868355840444565,0.9910537004470825,0.9111467003822327
YFL023W,YCR030C,0,-1.1073009,0.09867379069328308,0.9910537004470825,0.9112467765808105
YGR192C,YOR382W,0,-1.1080183,0.09866403043270111,0.9910537004470825,0.9113467931747437
YEL044W,YBR006W,0,-1.108663,0.09865426272153854,0.9910537004470825,0.9114468693733215
YKL093W,YJR077C,0,-1.1086696,0.09864450246095657,0.9910537004470825,0.9115469455718994
YLL034C,YLR093C,0,-1.1087817,0.0986347422003746,0.9910537004470825,0.9116469621658325
YNL335W,YMR229C,0,-1.1088071,0.09862498939037323,0.9910537004470825,0.9117470383644104
YML008C,YGL010W,0,-1.1088941,0.09861522912979126,0.9910537004470825,0.9118471145629883
YER033C,YNL163C,0,-1.1091954,0.09860547631978989,0.9910537004470825,0.9119471907615662
YDR361C,YBR120C,0,-1.1095648,0.09859573096036911,0.9910537004470825,0.9120472073554993
YDR513W,YBR060C,0,-1.1095966,0.09858597815036774,0.9910537004470825,0.9121472835540771
YJL005W,YOR048C,0,-1.1096078,0.09857623279094696,0.9910537004470825,0.912247359752655
YLR089C,YPL236C,0,-1.109918,0.09856648743152618,0.9910537004470825,0.9123474359512329
YER004W,YNR059W,0,-1.1102575,0.09855674207210541,0.9910537004470825,0.912447452545166
YDL014W,YPL120W,0,-1.1109397,0.09854699671268463,0.9910537004470825,0.9125475287437439
YJL176C,YIL154C,0,-1.1109788,0.09853725880384445,0.9910537004470825,0.9126476049423218
YFR055W,YDR051C,0,-1.1110549,0.09852752089500427,0.9910537004470825,0.9127476215362549
YHR216W,YLR088W,0,-1.111498,0.09851778298616409,0.9910537004470825,0.9128476977348328
YDR398W,YJR019C,0,-1.1118039,0.09850805252790451,0.9910537004470825,0.9129477739334106
YIL050W,YCR063W,0,-1.1122516,0.09849832206964493,0.9910537004470825,0.9130478501319885
YJL141C,YML102W,0,-1.1123079,0.09848859161138535,0.9910537004470825,0.9131478667259216
YIL038C,YGL196W,0,-1.1123141,0.09847886115312576,0.9910537004470825,0.9132479429244995
YGR169C,YER125W,1,-1.1125623,0.0985679030418396,0.9920477271080017,0.9132479429244995
YKL196C,YPL057C,0,-1.1127696,0.09855816513299942,0.9920477271080017,0.9133480191230774
YOL040C,YFL048C,0,-1.1128935,0.09854843467473984,0.9920477271080017,0.9134480953216553
YOR340C,YPR067W,0,-1.1132101,0.09853870421648026,0.9920477271080017,0.9135481119155884
YBR200W,YMR117C,0,-1.1139479,0.09852897375822067,0.9920477271080017,0.9136481881141663
YPR080W,YPR185W,0,-1.1141622,0.09851925075054169,0.9920477271080017,0.9137482643127441
YLR069C,YDR461W,0,-1.1142358,0.0985095277428627,0.9920477271080017,0.9138482809066772
YMR284W,YNL176C,0,-1.1156436,0.09849980473518372,0.9920477271080017,0.9139483571052551
YPR033C,YPR103W,0,-1.115963,0.09849008172750473,0.9920477271080017,0.914048433303833
YGL022W,YKL193C,0,-1.1160382,0.09848036617040634,0.9920477271080017,0.9141485095024109
YGR132C,YMR123W,0,-1.1161218,0.09847064316272736,0.9920477271080017,0.914248526096344
YPL249C,YOL010W,0,-1.1161331,0.09846093505620956,0.9920477271080017,0.9143486022949219
YDR432W,YOR357C,0,-1.1162361,0.09845121949911118,0.9920477271080017,0.9144486784934998
YDL029W,YMR117C,0,-1.1170748,0.09844150394201279,0.9920477271080017,0.9145487546920776
YDR276C,YDR316W,0,-1.1177408,0.098431795835495,0.9920477271080017,0.9146487712860107
YNL221C,YOR321W,0,-1.1182067,0.0984220877289772,0.9920477271080017,0.9147488474845886
YOR142W-A,YPR158W-A,0,-1.1190512,0.09841238707304001,0.9920477271080017,0.9148489236831665
YDR225W,YGR133W,0,-1.119216,0.09840267896652222,0.9920477271080017,0.9149489402770996
YJL024C,YDR375C,0,-1.1192299,0.09839297831058502,0.9920477271080017,0.9150490164756775
YDR122W,YEL001C,0,-1.1198095,0.09838327765464783,0.9920477271080017,0.9151490926742554
YLL041C,YHR073W,0,-1.1206907,0.09837358444929123,0.9920477271080017,0.9152491688728333
YBR294W,YJL117W,0,-1.1208819,0.09836388379335403,0.9920477271080017,0.9153491854667664
YHR016C,YGR068C,0,-1.1213101,0.09835419058799744,0.9920477271080017,0.9154492616653442
YMR169C,YMR059W,0,-1.1214904,0.09834450483322144,0.9920477271080017,0.9155493378639221
YHR096C,YGL050W,0,-1.1218992,0.09833481162786484,0.9920477271080017,0.9156494140625
YOL126C,YPL131W,0,-1.122039,0.09832512587308884,0.9920477271080017,0.9157494306564331
YHR121W,YNL178W,0,-1.1227931,0.09831544011831284,0.9920477271080017,0.915849506855011
YOR320C,YLR278C,0,-1.1230744,0.09830575436353683,0.9920477271080017,0.9159495830535889
YAL005C,YGL100W,0,-1.123985,0.09829606860876083,0.9920477271080017,0.9160496592521667
YLR344W,YKL040C,0,-1.1247756,0.09828639030456543,0.9920477271080017,0.9161496758460999
YNL122C,YBR086C,0,-1.1248362,0.09827671200037003,0.9920477271080017,0.9162497520446777
YLR297W,YJR077C,0,-1.1271845,0.09826703369617462,0.9920477271080017,0.9163498282432556
YNL323W,YBR059C,0,-1.1272693,0.09825736284255981,0.9920477271080017,0.9164498448371887
YOR285W,YBL052C,0,-1.128167,0.09824768453836441,0.9920477271080017,0.9165499210357666
YOR382W,YBR005W,0,-1.1281749,0.0982380136847496,0.9920477271080017,0.9166499972343445
YGL054C,YBL113C,0,-1.128858,0.0982283428311348,0.9920477271080017,0.9167500734329224
YLR163C,YER074W,0,-1.1294956,0.09821867942810059,0.9920477271080017,0.9168500900268555
YPL015C,YLL051C,0,-1.129709,0.09820901602506638,0.9920477271080017,0.9169501662254333
YJR137C,YLR298C,0,-1.1301752,0.09819935262203217,0.9920477271080017,0.9170502424240112
YBR093C,YBR119W,0,-1.1308815,0.09818968921899796,0.9920477271080017,0.9171503186225891
YPR029C,YMR104C,0,-1.1316608,0.09818002581596375,0.9920477271080017,0.9172503352165222
YNR074C,YGR148C,0,-1.1318724,0.09817036986351013,0.9920477271080017,0.9173504114151001
YGR072W,YPL240C,0,-1.1319205,0.09816071391105652,0.9920477271080017,0.917450487613678
YNL302C,YIL154C,0,-1.1324977,0.0981510654091835,0.9920477271080017,0.9175505042076111
YER017C,YDR471W,0,-1.1326979,0.09814140945672989,0.9920477271080017,0.917650580406189
YOL122C,YIL117C,0,-1.1329255,0.09813176095485687,0.9920477271080017,0.9177506566047668
YOL093W,YGL010W,0,-1.1329864,0.09812211245298386,0.9920477271080017,0.9178507328033447
YDR079W,YHR045W,0,-1.1339219,0.09811246395111084,0.9920477271080017,0.9179507493972778
YDR322C-A,YER130C,0,-1.1339538,0.09810282289981842,0.9920477271080017,0.9180508255958557
YOR382W,YBR065C,0,-1.1343571,0.098093181848526,0.9920477271080017,0.9181509017944336
YMR112C,YDR406W,0,-1.1345241,0.09808354079723358,0.9920477271080017,0.9182509779930115
YDR122W,YPR052C,0,-1.134925,0.09807389974594116,0.9920477271080017,0.9183509945869446
YDR314C,YML118W,0,-1.1354192,0.09806426614522934,0.9920477271080017,0.9184510707855225
YAL060W,YHR058C,0,-1.1357925,0.09805462509393692,0.9920477271080017,0.9185511469841003
YPR047W,YFL001W,1,-1.1358511,0.09814323484897614,0.9930417537689209,0.9185511469841003
YJL092W,YOL119C,0,-1.1359822,0.09813359379768372,0.9930417537689209,0.9186511635780334
YKL145W,YLR043C,0,-1.1366026,0.0981239527463913,0.9930417537689209,0.9187512397766113
YAR033W,YOR383C,0,-1.1371881,0.09811431914567947,0.9930417537689209,0.9188513159751892
YFR049W,YLR325C,0,-1.1372305,0.09810468554496765,0.9930417537689209,0.9189513921737671
YNL130C,YGR144W,0,-1.1377085,0.09809505194425583,0.9930417537689209,0.9190514087677002
YDL025C,YER115C,0,-1.1377101,0.098085418343544,0.9930417537689209,0.9191514849662781
YDR492W,YDL045W-A,0,-1.1386999,0.09807579219341278,0.9930417537689209,0.919251561164856
YIR005W,YJR105W,0,-1.1388831,0.09806616604328156,0.9930417537689209,0.9193516373634338
YKL032C,YGL192W,0,-1.1389416,0.09805653989315033,0.9930417537689209,0.9194516539573669
YGL020C,YCR030C,0,-1.1389487,0.0980469137430191,0.9930417537689209,0.9195517301559448
YLR410W,YPR003C,0,-1.1395353,0.09803729504346848,0.9930417537689209,0.9196518063545227
YBL045C,YLR117C,0,-1.1401953,0.09802766889333725,0.9930417537689209,0.9197518229484558
YPL023C,YNL305C,0,-1.1405677,0.09801805019378662,0.9930417537689209,0.9198518991470337
YDR287W,YFR030W,0,-1.1405867,0.09800843894481659,0.9930417537689209,0.9199519753456116
YGL156W,YJL130C,0,-1.1407964,0.09799882024526596,0.9930417537689209,0.9200520515441895
YDR462W,YMR161W,0,-1.1408188,0.09798920899629593,0.9930417537689209,0.9201520681381226
YDL223C,YJL208C,0,-1.1410543,0.0979795977473259,0.9930417537689209,0.9202521443367004
YIL088C,YGR208W,0,-1.1414868,0.09796999394893646,0.9930417537689209,0.9203522205352783
YKL053C-A,YGL241W,0,-1.1416236,0.09796038269996643,0.9930417537689209,0.9204522967338562
YPR091C,YBR085W,0,-1.142032,0.097950778901577,0.9930417537689209,0.9205523133277893
YDL113C,YDL002C,0,-1.142124,0.09794117510318756,0.9930417537689209,0.9206523895263672
YDL147W,YJL012C,0,-1.1424054,0.09793157875537872,0.9930417537689209,0.9207524657249451
YOR049C,YNL032W,0,-1.14293,0.09792197495698929,0.9930417537689209,0.9208524823188782
YAL038W,YER101C,0,-1.1435245,0.09791237860918045,0.9930417537689209,0.920952558517456
YHR004C,YIL040W,0,-1.1437695,0.09790278226137161,0.9930417537689209,0.9210526347160339
YER125W,YER146W,1,-1.1440145,0.09799118340015411,0.9940357804298401,0.9210526347160339
YPL164C,YKL152C,0,-1.1444045,0.09798157960176468,0.9940357804298401,0.9211527109146118
YER150W,YLR037C,0,-1.1449255,0.09797198325395584,0.9940357804298401,0.9212527275085449
YNL183C,YDL081C,0,-1.1454713,0.0979623794555664,0.9940357804298401,0.9213528037071228
YLR044C,YPR097W,0,-1.1455445,0.09795278310775757,0.9940357804298401,0.9214528799057007
YOR071C,YLR157C,0,-1.1471394,0.09794319421052933,0.9940357804298401,0.9215529561042786
YFR014C,YOL054W,0,-1.1474437,0.09793359786272049,0.9940357804298401,0.9216529726982117
YDR045C,YLR163C,0,-1.1477246,0.09792400896549225,0.9940357804298401,0.9217530488967896
YMR145C,YNL315C,0,-1.147962,0.09791442006826401,0.9940357804298401,0.9218531250953674
YLR216C,YLR314C,0,-1.1482105,0.09790483862161636,0.9940357804298401,0.9219532012939453
YCR069W,YJR112W,0,-1.1482162,0.09789524972438812,0.9940357804298401,0.9220532178878784
YKR049C,YBL036C,0,-1.1495814,0.09788566827774048,0.9940357804298401,0.9221532940864563
YLR224W,YOL151W,0,-1.1496555,0.09787608683109283,0.9940357804298401,0.9222533702850342
YGR211W,YER008C,0,-1.1500201,0.09786651283502579,0.9940357804298401,0.9223533868789673
YBL050W,YOR222W,0,-1.150205,0.09785693138837814,0.9940357804298401,0.9224534630775452
YBL099W,YIL154C,0,-1.1504536,0.0978473573923111,0.9940357804298401,0.922553539276123
YGR080W,YGR179C,0,-1.1517578,0.09783778339624405,0.9940357804298401,0.9226536154747009
YJL066C,YEL019C,0,-1.1525563,0.0978282168507576,0.9940357804298401,0.922753632068634
YLR070C,YOL142W,0,-1.1525606,0.09781864285469055,0.9940357804298401,0.9228537082672119
YLR056W,YBR253W,0,-1.152807,0.0978090763092041,0.9940357804298401,0.9229537844657898
YFR031C,YNL173C,0,-1.1541439,0.09779950976371765,0.9940357804298401,0.9230538606643677
YKL168C,YDR280W,0,-1.1542746,0.0977899506688118,0.9940357804298401,0.9231538772583008
YBR054W,YDL042C,0,-1.1545663,0.09778038412332535,0.9940357804298401,0.9232539534568787
YMR020W,YGL200C,0,-1.1551043,0.0977708250284195,0.9940357804298401,0.9233540296554565
YPL100W,YGL020C,0,-1.1564832,0.09776126593351364,0.9940357804298401,0.9234540462493896
YKL091C,YLR300W,0,-1.1565317,0.09775171428918839,0.9940357804298401,0.9235541224479675
YLR312W-A,YMR190C,0,-1.1565642,0.09774215519428253,0.9940357804298401,0.9236541986465454
YHR037W,YFL022C,0,-1.1570593,0.09773260354995728,0.9940357804298401,0.9237542748451233
YOR338W,YOR028C,0,-1.1571103,0.09772305190563202,0.9940357804298401,0.9238542914390564
YDR461W,YDR294C,0,-1.1574403,0.09771350771188736,0.9940357804298401,0.9239543676376343
YNL093W,YLR264W,0,-1.1574548,0.0977039560675621,0.9940357804298401,0.9240544438362122
YDR412W,YDL126C,0,-1.1578125,0.09769441187381744,0.9940357804298401,0.92415452003479
YEL006W,YKL007W,0,-1.1578937,0.09768486768007278,0.9940357804298401,0.9242545366287231
YGR244C,YKR029C,0,-1.158305,0.09767533093690872,0.9940357804298401,0.924354612827301
YHR061C,YPL203W,0,-1.1586202,0.09766578674316406,0.9940357804298401,0.9244546890258789
YLR270W,YGL243W,0,-1.1588174,0.09765625,0.9940357804298401,0.924554705619812
YNL251C,YPR106W,0,-1.1593183,0.09764671325683594,0.9940357804298401,0.9246547818183899
YDR119W,YGR205W,0,-1.1601142,0.09763717651367188,0.9940357804298401,0.9247548580169678
YLL026W,YAL056W,0,-1.160301,0.09762764722108841,0.9940357804298401,0.9248549342155457
YEL011W,YNL225C,0,-1.1604761,0.09761811792850494,0.9940357804298401,0.9249549508094788
YDL076C,YJL177W,0,-1.160479,0.09760858863592148,0.9940357804298401,0.9250550270080566
YPR155C,YER011W,0,-1.1613415,0.09759905934333801,0.9940357804298401,0.9251551032066345
YGR216C,YMR135C,0,-1.1613892,0.09758953750133514,0.9940357804298401,0.9252551794052124
YPL087W,YHR051W,0,-1.1622665,0.09758001565933228,0.9940357804298401,0.9253551959991455
YPL072W,YKL189W,0,-1.1623913,0.0975704938173294,0.9940357804298401,0.9254552721977234
YDL207W,YER117W,0,-1.1629468,0.09756097197532654,0.9940357804298401,0.9255553483963013
YDL054C,YJL110C,0,-1.1630877,0.09755145758390427,0.9940357804298401,0.9256553649902344
YBR072W,YLR085C,0,-1.1635425,0.097541943192482,0.9940357804298401,0.9257554411888123
YGL054C,YKL094W,0,-1.1638817,0.09753242880105972,0.9940357804298401,0.9258555173873901
YDL227C,YGR215W,0,-1.1642269,0.09752291440963745,0.9940357804298401,0.925955593585968
YNL093W,YMR194W,0,-1.1642781,0.09751340746879578,0.9940357804298401,0.9260556101799011
YGR129W,YNL176C,0,-1.1645737,0.0975039005279541,0.9940357804298401,0.926155686378479
YIL143C,YDL181W,0,-1.1656741,0.09749439358711243,0.9940357804298401,0.9262557625770569
YIL011W,YBR065C,0,-1.1660839,0.09748488664627075,0.9940357804298401,0.9263558387756348
YPL100W,YHR165C,0,-1.1670042,0.09747538715600967,0.9940357804298401,0.9264558553695679
YDR361C,YIL107C,0,-1.1672038,0.0974658876657486,0.9940357804298401,0.9265559315681458
YNL093W,YDL111C,0,-1.1672075,0.09745638817548752,0.9940357804298401,0.9266560077667236
YHL020C,YER035W,0,-1.1672312,0.09744688868522644,0.9940357804298401,0.9267560243606567
YOR162C,YHR133C,0,-1.1674234,0.09743739664554596,0.9940357804298401,0.9268561005592346
YGR296W,YDL181W,0,-1.1680409,0.09742790460586548,0.9940357804298401,0.9269561767578125
YLR061W,YGL198W,0,-1.1681756,0.097418412566185,0.9940357804298401,0.9270562529563904
YNL122C,YBL091C,0,-1.1687244,0.09740892052650452,0.9940357804298401,0.9271562695503235
YOR247W,YJL151C,0,-1.1697859,0.09739943593740463,0.9940357804298401,0.9272563457489014
YPR104C,YIR007W,0,-1.1716821,0.09738995134830475,0.9940357804298401,0.9273564219474792
YOR087W,YHR029C,0,-1.1725193,0.09738046675920486,0.9940357804298401,0.9274564981460571
YOR178C,YPR133C,0,-1.1736848,0.09737098217010498,0.9940357804298401,0.9275565147399902
YMR008C,YOL029C,0,-1.1743072,0.0973615050315857,0.9940357804298401,0.9276565909385681
YJL094C,YBR127C,0,-1.1744223,0.0973520278930664,0.9940357804298401,0.927756667137146
YPR010C,YOR275C,0,-1.1745529,0.09734255075454712,0.9940357804298401,0.9278567433357239
YAL017W,YER026C,0,-1.1751944,0.09733307361602783,0.9940357804298401,0.927956759929657
YMR284W,YFL024C,0,-1.177329,0.09732360392808914,0.9940357804298401,0.9280568361282349
YJL172W,YGR020C,0,-1.1775507,0.09731412678956985,0.9940357804298401,0.9281569123268127
YLR055C,YJR161C,0,-1.1776443,0.09730466455221176,0.9940357804298401,0.9282569289207458
YBL007C,YGL169W,0,-1.1781896,0.09729519486427307,0.9940357804298401,0.9283570051193237
YDR498C,YJR049C,0,-1.178346,0.09728572517633438,0.9940357804298401,0.9284570813179016
YIL133C,YMR276W,0,-1.1795179,0.09727626293897629,0.9940357804298401,0.9285571575164795
YAR002C-A,YLR389C,0,-1.1799544,0.0972668007016182,0.9940357804298401,0.9286571741104126
YLR378C,YIL065C,0,-1.1809019,0.0972573459148407,0.9940357804298401,0.9287572503089905
YLR350W,YNL290W,0,-1.181239,0.0972478836774826,0.9940357804298401,0.9288573265075684
YOL076W,YNL231C,0,-1.1813134,0.09723842889070511,0.9940357804298401,0.9289574027061462
YHR058C,YDR343C,0,-1.1813856,0.09722897410392761,0.9940357804298401,0.9290574193000793
YGL051W,YOR025W,0,-1.1815907,0.09721951931715012,0.9940357804298401,0.9291574954986572
YBR114W,YGL032C,0,-1.1820782,0.09721007198095322,0.9940357804298401,0.9292575716972351
YML073C,YDL161W,0,-1.1825408,0.09720062464475632,0.9940357804298401,0.9293575882911682
YPL156C,YDR471W,0,-1.1829456,0.09719117730855942,0.9940357804298401,0.9294576644897461
YBR161W,YHR019C,0,-1.1829951,0.09718172997236252,0.9940357804298401,0.929557740688324
YIL062C,YJR161C,0,-1.1834029,0.09717229008674622,0.9940357804298401,0.9296578168869019
YGL183C,YDR434W,0,-1.1835719,0.09716284275054932,0.9940357804298401,0.929757833480835
YPL240C,YDR429C,0,-1.1841525,0.09715340286493301,0.9940357804298401,0.9298579096794128
YER006W,YIL088C,0,-1.1846443,0.09714397042989731,0.9940357804298401,0.9299579858779907
YLR350W,YOR038C,0,-1.1849722,0.097134530544281,0.9940357804298401,0.9300580620765686
YNL278W,YOR132W,0,-1.185294,0.0971250981092453,0.9940357804298401,0.9301580786705017
YDR076W,YKL182W,0,-1.1855108,0.0971156656742096,0.9940357804298401,0.9302581548690796
YLR447C,YDR059C,0,-1.1857293,0.09710623323917389,0.9940357804298401,0.9303582310676575
YPR165W,YDL225W,0,-1.1859554,0.09709680825471878,0.9940357804298401,0.9304582476615906
YJR041C,YLR360W,0,-1.1866189,0.09708737581968307,0.9940357804298401,0.9305583238601685
YDL024C,YER146W,0,-1.1867443,0.09707795083522797,0.9940357804298401,0.9306584000587463
YOR303W,YNL156C,0,-1.1879655,0.09706853330135345,0.9940357804298401,0.9307584762573242
YFL011W,YDR500C,0,-1.1887994,0.09705910831689835,0.9940357804298401,0.9308584928512573
YPR120C,YKL152C,0,-1.1892864,0.09704969078302383,0.9940357804298401,0.9309585690498352
YGL116W,YOL084W,0,-1.1893958,0.09704027324914932,0.9940357804298401,0.9310586452484131
YAL032C,YLR300W,0,-1.1918002,0.09703085571527481,0.9940357804298401,0.931158721446991
YMR076C,YOR298C-A,0,-1.1920104,0.0970214381814003,0.9940357804298401,0.9312587380409241
YOR251C,YGR255C,0,-1.1923877,0.09701202809810638,0.9940357804298401,0.931358814239502
YEL040W,YBL038W,0,-1.192569,0.09700261801481247,0.9940357804298401,0.9314588904380798
YGL051W,YOL086C,0,-1.1928703,0.09699320793151855,0.9940357804298401,0.9315589070320129
YJL144W,YLR426W,0,-1.1929941,0.09698380529880524,0.9940357804298401,0.9316589832305908
YPL078C,YOL004W,0,-1.1930197,0.09697439521551132,0.9940357804298401,0.9317590594291687
YMR301C,YBR204C,0,-1.193923,0.096964992582798,0.9940357804298401,0.9318591356277466
YPL094C,YMR251W-A,0,-1.1944487,0.09695559740066528,0.9940357804298401,0.9319591522216797
YPL224C,YLR187W,0,-1.1950961,0.09694619476795197,0.9940357804298401,0.9320592284202576
YMR323W,YGL030W,0,-1.1951015,0.09693679958581924,0.9940357804298401,0.9321593046188354
YDR148C,YGL111W,0,-1.1967393,0.09692740440368652,0.9940357804298401,0.9322593808174133
YHR197W,YKL062W,0,-1.1973983,0.0969180092215538,0.9940357804298401,0.9323593974113464
YDR309C,YLR043C,0,-1.1975665,0.09690861403942108,0.9940357804298401,0.9324594736099243
YCR011C,YDR091C,0,-1.1976111,0.09689922630786896,0.9940357804298401,0.9325595498085022
YOR298C-A,YGL026C,0,-1.197629,0.09688983857631683,0.9940357804298401,0.9326595664024353
YKL107W,YHR133C,0,-1.1978076,0.09688045084476471,0.9940357804298401,0.9327596426010132
YDL159W,YDL245C,0,-1.1979288,0.09687106311321259,0.9940357804298401,0.9328597187995911
YLR001C,YML111W,0,-1.198164,0.09686168283224106,0.9940357804298401,0.932959794998169
YLR421C,YHR039C-A,0,-1.1985852,0.09685230255126953,0.9940357804298401,0.933059811592102
YOL040C,YGL065C,0,-1.1991793,0.096842922270298,0.9940357804298401,0.9331598877906799
YLR028C,YAR050W,0,-1.1995419,0.09683354198932648,0.9940357804298401,0.9332599639892578
YMR284W,YDR432W,0,-1.1999403,0.09682416915893555,0.9940357804298401,0.9333600401878357
YBL091C,YLL018C-A,0,-1.2002693,0.09681479632854462,0.9940357804298401,0.9334600567817688
YAL017W,YIL158W,0,-1.2010688,0.09680542349815369,0.9940357804298401,0.9335601329803467
YDR453C,YJR046W,0,-1.2014375,0.09679605066776276,0.9940357804298401,0.9336602091789246
YPL086C,YBL007C,0,-1.2016289,0.09678668528795242,0.9940357804298401,0.9337602853775024
YGR198W,YNR028W,0,-1.2023412,0.09677731245756149,0.9940357804298401,0.9338603019714355
YOL144W,YKL141W,0,-1.2024395,0.09676794707775116,0.9940357804298401,0.9339603781700134
YER055C,YDL161W,0,-1.2031955,0.09675858914852142,0.9940357804298401,0.9340604543685913
YBR287W,YGR221C,0,-1.2035123,0.09674922376871109,0.9940357804298401,0.9341604709625244
YDR085C,YJR046W,0,-1.2036611,0.09673986583948135,0.9940357804298401,0.9342605471611023
YNL323W,YOR261C,0,-1.2047375,0.09673050791025162,0.9940357804298401,0.9343606233596802
YLR361C,YHR001W,0,-1.2050964,0.09672114998102188,0.9940357804298401,0.9344606995582581
YPL086C,YGR205W,0,-1.2051655,0.09671179950237274,0.9940357804298401,0.9345607161521912
YGR092W,YMR210W,0,-1.2053038,0.0967024490237236,0.9940357804298401,0.934660792350769
YCR002C,YLR206W,0,-1.2063618,0.09669309854507446,0.9940357804298401,0.9347608685493469
YGL099W,YOR178C,0,-1.2073916,0.09668374806642532,0.9940357804298401,0.9348609447479248
YLR398C,YCL034W,0,-1.2074853,0.09667439758777618,0.9940357804298401,0.9349609613418579
YGR280C,YGR023W,0,-1.2075253,0.09666505455970764,0.9940357804298401,0.9350610375404358
YLR333C,YJL082W,0,-1.2084969,0.0966557115316391,0.9940357804298401,0.9351611137390137
YOR298C-A,YPR137W,0,-1.2085576,0.09664636850357056,0.9940357804298401,0.9352611303329468
YBR101C,YHR209W,0,-1.208606,0.09663703292608261,0.9940357804298401,0.9353612065315247
YBR139W,YLR272C,0,-1.2094219,0.09662768989801407,0.9940357804298401,0.9354612827301025
YNL121C,YGL156W,0,-1.2099648,0.09661835432052612,0.9940357804298401,0.9355613589286804
YJL047C,YOR230W,0,-1.2099949,0.09660902619361877,0.9940357804298401,0.9356613755226135
YJR021C,YLR160C,0,-1.2100543,0.09659969061613083,0.9940357804298401,0.9357614517211914
YPR065W,YJL029C,0,-1.2102628,0.09659036248922348,0.9940357804298401,0.9358615279197693
YGL013C,YJL181W,0,-1.2107513,0.09658103436231613,0.9940357804298401,0.9359616041183472
YDR174W,YBR043C,0,-1.2107867,0.09657170623540878,0.9940357804298401,0.9360616207122803
YLL028W,YGR163W,0,-1.211374,0.09656237810850143,0.9940357804298401,0.9361616969108582
YFR010W,YDR206W,0,-1.2135953,0.09655305743217468,0.9940357804298401,0.936261773109436
YGR206W,YML120C,0,-1.2139493,0.09654373675584793,0.9940357804298401,0.9363617897033691
YBR044C,YJR086W,0,-1.2163166,0.09653441607952118,0.9940357804298401,0.936461865901947
YDR043C,YGR276C,0,-1.2164217,0.09652509540319443,0.9940357804298401,0.9365619421005249
YBR272C,YDL121C,0,-1.2172519,0.09651578217744827,0.9940357804298401,0.9366620182991028
YDR142C,YJR150C,0,-1.2174973,0.09650646895170212,0.9940357804298401,0.9367620348930359
YBL002W,YFR045W,0,-1.2185868,0.09649715572595596,0.9940357804298401,0.9368621110916138
YDL078C,YDR040C,0,-1.2190353,0.09648784250020981,0.9940357804298401,0.9369621872901917
YNL124W,YPR154W,0,-1.220127,0.09647853672504425,0.9940357804298401,0.9370622634887695
YGR177C,YCR083W,0,-1.22041,0.0964692234992981,0.9940357804298401,0.9371622800827026
YAR031W,YGL043W,0,-1.2206918,0.09645991772413254,0.9940357804298401,0.9372623562812805
YMR199W,YFR045W,0,-1.220834,0.09645061939954758,0.9940357804298401,0.9373624324798584
YLR284C,YPR163C,0,-1.2210041,0.09644131362438202,0.9940357804298401,0.9374624490737915
YLR029C,YKL188C,0,-1.2223865,0.09643201529979706,0.9940357804298401,0.9375625252723694
YMR293C,YOL119C,0,-1.2228001,0.0964227169752121,0.9940357804298401,0.9376626014709473
YNL208W,YGL112C,0,-1.222811,0.09641341865062714,0.9940357804298401,0.9377626776695251
YKL025C,YLR264W,0,-1.2242728,0.09640412777662277,0.9940357804298401,0.9378626942634583
YML026C,YLR164W,0,-1.2257502,0.09639483690261841,0.9940357804298401,0.9379627704620361
YKL065C,YFL057C,0,-1.2258424,0.09638553857803345,0.9940357804298401,0.938062846660614
YGR192C,YBR280C,0,-1.2258791,0.09637625515460968,0.9940357804298401,0.9381629228591919
YLR220W,YOR133W,0,-1.2262871,0.09636696428060532,0.9940357804298401,0.938262939453125
YDL107W,YMR137C,0,-1.2265757,0.09635768085718155,0.9940357804298401,0.9383630156517029
YGL019W,YJL100W,0,-1.2269416,0.09634839743375778,0.9940357804298401,0.9384630918502808
YDR432W,YJL060W,0,-1.2277157,0.09633911401033401,0.9940357804298401,0.9385631084442139
YLR325C,YDR517W,0,-1.2280339,0.09632983058691025,0.9940357804298401,0.9386631846427917
YHR154W,YLR128W,0,-1.2280813,0.09632055461406708,0.9940357804298401,0.9387632608413696
YNR017W,YKL189W,0,-1.2285978,0.09631127864122391,0.9940357804298401,0.9388633370399475
YMR175W,YMR300C,0,-1.2288493,0.09630200266838074,0.9940357804298401,0.9389633536338806
YGL181W,YNL236W,0,-1.2304896,0.09629272669553757,0.9940357804298401,0.9390634298324585
YML091C,YAL043C,1,-1.2316337,0.09637974202632904,0.9950298070907593,0.9390634298324585
YBR145W,YAR027W,0,-1.2316695,0.09637046605348587,0.9950298070907593,0.9391635060310364
YMR321C,YBL058W,0,-1.2326504,0.0963611826300621,0.9950298070907593,0.9392635822296143
YNR075W,YDR163W,0,-1.2329063,0.09635191410779953,0.9950298070907593,0.9393635988235474
YLR200W,YDL188C,0,-1.2334449,0.09634263813495636,0.9950298070907593,0.9394636750221252
YHR057C,YMR182C,0,-1.2341348,0.09633336216211319,0.9950298070907593,0.9395637512207031
YGR046W,YER074W,0,-1.2343498,0.09632409363985062,0.9950298070907593,0.939663827419281
YKR098C,YPR112C,0,-1.2350672,0.09631482511758804,0.9950298070907593,0.9397638440132141
YLR141W,YBR179C,0,-1.2358404,0.09630556404590607,0.9950298070907593,0.939863920211792
YGL160W,YDR210W,0,-1.2365855,0.0962962955236435,0.9950298070907593,0.9399639964103699
YNL190W,YDL072C,0,-1.2376472,0.09628703445196152,0.9950298070907593,0.940064013004303
YCR088W,YER007C-A,0,-1.2386858,0.09627777338027954,0.9950298070907593,0.9401640892028809
YER145C,YDR530C,0,-1.239265,0.09626851230859756,0.9950298070907593,0.9402641654014587
YOL066C,YNL156C,0,-1.240167,0.09625925868749619,0.9950298070907593,0.9403642416000366
YKL093W,YIR010W,0,-1.2411944,0.09624999761581421,0.9950298070907593,0.9404642581939697
YMR076C,YNL265C,0,-1.2418438,0.09624074399471283,0.9950298070907593,0.9405643343925476
YBR234C,YKL175W,0,-1.2420992,0.09623149037361145,0.9950298070907593,0.9406644105911255
YDR082W,YGR260W,0,-1.244219,0.09622224420309067,0.9950298070907593,0.9407644867897034
YDR441C,YBR128C,0,-1.244471,0.09621299803256989,0.9950298070907593,0.9408645033836365
YBL004W,YKR066C,0,-1.2447333,0.0962037518620491,0.9950298070907593,0.9409645795822144
YNL309W,YGL259W,0,-1.2448838,0.09619450569152832,0.9950298070907593,0.9410646557807922
YPL274W,YOR132W,0,-1.2449158,0.09618525952100754,0.9950298070907593,0.9411646723747253
YHR164C,YDR345C,0,-1.2451477,0.09617602080106735,0.9950298070907593,0.9412647485733032
YMR020W,YGL012W,0,-1.2461909,0.09616678208112717,0.9950298070907593,0.9413648247718811
YOL158C,YPR107C,0,-1.2462832,0.09615754336118698,0.9950298070907593,0.941464900970459
YDL223C,YOR188W,0,-1.2469805,0.0961483046412468,0.9950298070907593,0.9415649175643921
YOL144W,YDR512C,0,-1.2470233,0.09613907337188721,0.9950298070907593,0.94166499376297
YDR059C,YOR071C,0,-1.2472534,0.09612983465194702,0.9950298070907593,0.9417650699615479
YHR018C,YNL300W,0,-1.247443,0.09612060338258743,0.9950298070907593,0.9418651461601257
YGL156W,YPR175W,0,-1.248189,0.09611137956380844,0.9950298070907593,0.9419651627540588
YFR050C,YAL017W,0,-1.2483261,0.09610214829444885,0.9950298070907593,0.9420652389526367
YDR064W,YOR321W,0,-1.2488357,0.09609292447566986,0.9950298070907593,0.9421653151512146
YJR091C,YDR395W,0,-1.2491578,0.09608370065689087,0.9950298070907593,0.9422653317451477
YCR002C,YOL126C,0,-1.249675,0.09607447683811188,0.9950298070907593,0.9423654079437256
YPR154W,YHR203C,0,-1.2503434,0.09606526046991348,0.9950298070907593,0.9424654841423035
YJL173C,YML029W,0,-1.2504541,0.09605604410171509,0.9950298070907593,0.9425655603408813
YML073C,YPL099C,0,-1.2515497,0.0960468277335167,0.9950298070907593,0.9426655769348145
YMR275C,YOR010C,0,-1.2518654,0.0960376113653183,0.9950298070907593,0.9427656531333923
YPR052C,YLR219W,0,-1.2519606,0.0960283949971199,0.9950298070907593,0.9428657293319702
YLR155C,YDL004W,0,-1.2522498,0.0960191860795021,0.9950298070907593,0.9429658055305481
YEL020C,YNL336W,0,-1.2537152,0.09600997716188431,0.9950298070907593,0.9430658221244812
YHR088W,YCL052C,0,-1.2545431,0.09600076824426651,0.9950298070907593,0.9431658983230591
YML025C,YAL063C,0,-1.2546473,0.09599155932664871,0.9950298070907593,0.943265974521637
YMR105C,YHR134W,0,-1.2546831,0.09598235785961151,0.9950298070907593,0.9433659911155701
YOL069W,YBR126C,0,-1.255273,0.09597315639257431,0.9950298070907593,0.943466067314148
YOR138C,YPL236C,0,-1.2554531,0.09596395492553711,0.9950298070907593,0.9435661435127258
YER144C,YKL060C,0,-1.2555181,0.09595475345849991,0.9950298070907593,0.9436662197113037
YJR048W,YLL024C,0,-1.2563962,0.0959455594420433,0.9950298070907593,0.9437662363052368
YPL176C,YOL086C,0,-1.2566775,0.0959363654255867,0.9950298070907593,0.9438663125038147
YEL026W,YCR005C,0,-1.2567018,0.0959271714091301,0.9950298070907593,0.9439663887023926
YEL042W,YKR020W,0,-1.2571808,0.09591797739267349,0.9950298070907593,0.9440664649009705
YFL025C,YOR020C,0,-1.2580687,0.09590878337621689,0.9950298070907593,0.9441664814949036
YGL187C,YJL213W,0,-1.2593524,0.09589959681034088,0.9950298070907593,0.9442665576934814
YPL117C,YNL055C,0,-1.2595237,0.09589041024446487,0.9950298070907593,0.9443666338920593
YBR043C,YNL037C,0,-1.2595433,0.09588122367858887,0.9950298070907593,0.9444666504859924
YCR005C,YML120C,0,-1.2596067,0.09587204456329346,0.9950298070907593,0.9445667266845703
YMR040W,YGR068C,0,-1.2608198,0.09586285799741745,0.9950298070907593,0.9446668028831482
YPL223C,YNL314W,0,-1.2623941,0.09585367888212204,0.9950298070907593,0.9447668790817261
YJL154C,YDR471W,0,-1.2629174,0.09584450721740723,0.9950298070907593,0.9448668956756592
YPL239W,YPR103W,0,-1.2633735,0.09583532810211182,0.9950298070907593,0.9449669718742371
YBR004C,YDR001C,0,-1.2634661,0.095826156437397,0.9950298070907593,0.9450670480728149
YMR113W,YHR216W,0,-1.2638792,0.09581697732210159,0.9950298070907593,0.9451671242713928
YLR026C,YOR002W,0,-1.2641708,0.09580781310796738,0.9950298070907593,0.9452671408653259
YJR108W,YPR204W,0,-1.2646083,0.09579864144325256,0.9950298070907593,0.9453672170639038
YJR078W,YMR202W,0,-1.264716,0.09578947722911835,0.9950298070907593,0.9454672932624817
YBL047C,YJR112W,0,-1.2648963,0.09578030556440353,0.9950298070907593,0.9455673694610596
YOR245C,YGR096W,0,-1.2649134,0.09577114135026932,0.9950298070907593,0.9456673860549927
YPR182W,YDR258C,0,-1.2651836,0.0957619845867157,0.9950298070907593,0.9457674622535706
YDR034C,YPL003W,0,-1.2661078,0.09575282037258148,0.9950298070907593,0.9458675384521484
YNL259C,YFR045W,0,-1.2675059,0.09574366360902786,0.9950298070907593,0.9459675550460815
YPL020C,YGR260W,0,-1.2680702,0.09573450684547424,0.9950298070907593,0.9460676312446594
YCR068W,YDR190C,0,-1.2710782,0.09572535008192062,0.9950298070907593,0.9461677074432373
YOR064C,YOR219C,0,-1.2712718,0.0957162007689476,0.9950298070907593,0.9462677836418152
YFR050C,YOL078W,0,-1.2719423,0.09570704400539398,0.9950298070907593,0.9463678002357483
YLR394W,YMR251W-A,0,-1.2737709,0.09569789469242096,0.9950298070907593,0.9464678764343262
YOR231W,YIL088C,0,-1.2743527,0.09568874537944794,0.9950298070907593,0.946567952632904
YLR313C,YLR043C,0,-1.2749101,0.09567960351705551,0.9950298070907593,0.9466680288314819
YLR451W,YCL057W,0,-1.2752689,0.09567045420408249,0.9950298070907593,0.946768045425415
YCL068C,YEL001C,0,-1.275747,0.09566131234169006,0.9950298070907593,0.9468681216239929
YCR024C-A,YML032C,0,-1.276177,0.09565217047929764,0.9950298070907593,0.9469681978225708
YOR382W,YOR176W,0,-1.276517,0.09564303606748581,0.9950298070907593,0.9470682144165039
YPL259C,YMR143W,0,-1.2765931,0.09563389420509338,0.9950298070907593,0.9471682906150818
YBR139W,YIL114C,0,-1.2768918,0.09562475979328156,0.9950298070907593,0.9472683668136597
YIL148W,YIL067C,0,-1.2768997,0.09561562538146973,0.9950298070907593,0.9473684430122375
YPR107C,YCR046C,0,-1.2771243,0.0956064984202385,0.9950298070907593,0.9474684596061707
YPR056W,YLL024C,0,-1.2786705,0.09559736400842667,0.9950298070907593,0.9475685358047485
YIL096C,YNL055C,0,-1.2786874,0.09558823704719543,0.9950298070907593,0.9476686120033264
YIL099W,YCR035C,0,-1.2788043,0.0955791100859642,0.9950298070907593,0.9477686882019043
YNR032C-A,YGR032W,0,-1.2811633,0.09556998312473297,0.9950298070907593,0.9478687047958374
YLR452C,YML120C,0,-1.281237,0.09556085616350174,0.9950298070907593,0.9479687809944153
YGR023W,YBR187W,0,-1.2813188,0.0955517366528511,0.9950298070907593,0.9480688571929932
YJL212C,YMR251W-A,0,-1.2816284,0.09554261714220047,0.9950298070907593,0.9481688737869263
YBR215W,YDR353W,0,-1.2821535,0.09553349763154984,0.9950298070907593,0.9482689499855042
YDR427W,YOR222W,0,-1.2823267,0.0955243855714798,0.9950298070907593,0.948369026184082
YFR031C-A,YML118W,0,-1.2825086,0.09551526606082916,0.9950298070907593,0.9484691023826599
YPR200C,YMR116C,0,-1.2833532,0.09550615400075912,0.9950298070907593,0.948569118976593
YIL154C,YLR449W,0,-1.2833766,0.09549704194068909,0.9950298070907593,0.9486691951751709
YGR209C,YML112W,0,-1.2835305,0.09548792988061905,0.9950298070907593,0.9487692713737488
YKR020W,YAL029C,0,-1.284073,0.09547882527112961,0.9950298070907593,0.9488693475723267
YBR167C,YNL160W,0,-1.2845708,0.09546972066164017,0.9950298070907593,0.9489693641662598
YDL201W,YPL224C,0,-1.2854015,0.09546061605215073,0.9950298070907593,0.9490694403648376
YDR508C,YMR020W,0,-1.2861409,0.09545151144266129,0.9950298070907593,0.9491695165634155
YGL008C,YJR096W,0,-1.2862669,0.09544240683317184,0.9950298070907593,0.9492695331573486
YCL038C,YKR099W,0,-1.286279,0.095433309674263,0.9950298070907593,0.9493696093559265
YPR188C,YIL056W,0,-1.2864519,0.09542421251535416,0.9950298070907593,0.9494696855545044
YOR157C,YDL191W,0,-1.2866491,0.09541511535644531,0.9950298070907593,0.9495697617530823
YKL053C-A,YAL063C,0,-1.2872646,0.09540602564811707,0.9950298070907593,0.9496697783470154
YOR005C,YKL081W,0,-1.2872807,0.09539692848920822,0.9950298070907593,0.9497698545455933
YOL107W,YMR061W,0,-1.2887497,0.09538783878087997,0.9950298070907593,0.9498699307441711
YEL040W,YJL083W,0,-1.288766,0.09537874907255173,0.9950298070907593,0.949970006942749
YER151C,YEL039C,0,-1.291057,0.09536966681480408,0.9950298070907593,0.9500700235366821
YJL083W,YPR143W,0,-1.2929057,0.09536057710647583,0.9950298070907593,0.95017009973526
YMR261C,YJL035C,0,-1.2930788,0.09535149484872818,0.9950298070907593,0.9502701759338379
YDR165W,YLR259C,0,-1.2939318,0.09534241259098053,0.9950298070907593,0.950370192527771
YMR116C,YNL336W,0,-1.2939888,0.09533333033323288,0.9950298070907593,0.9504702687263489
YGL151W,YLR043C,0,-1.2949152,0.09532425552606583,0.9950298070907593,0.9505703449249268
YJL171C,YGL016W,0,-1.2953496,0.09531518071889877,0.9950298070907593,0.9506704211235046
YDR041W,YFR031C-A,0,-1.2961494,0.09530610591173172,0.9950298070907593,0.9507704377174377
YMR038C,YBR152W,0,-1.2969286,0.09529703110456467,0.9950298070907593,0.9508705139160156
YLR223C,YOR142W,0,-1.2970215,0.09528795629739761,0.9950298070907593,0.9509705901145935
YDR064W,YKL171W,0,-1.2974344,0.09527888894081116,0.9950298070907593,0.9510706663131714
YDR518W,YPR094W,0,-1.2985827,0.0952698215842247,0.9950298070907593,0.9511706829071045
YNL286W,YDR216W,0,-1.2991925,0.09526075422763824,0.9950298070907593,0.9512707591056824
YBR187W,YMR020W,0,-1.2999139,0.09525168687105179,0.9950298070907593,0.9513708353042603
YCR086W,YCL030C,0,-1.2999246,0.09524262696504593,0.9950298070907593,0.9514709115028381
YPR056W,YDL123W,0,-1.2999437,0.09523356705904007,0.9950298070907593,0.9515709280967712
YDL223C,YMR032W,0,-1.3003508,0.09522450715303421,0.9950298070907593,0.9516710042953491
YMR105C,YPL069C,0,-1.3004197,0.09521544724702835,0.9950298070907593,0.951771080493927
YBL003C,YOR034C,0,-1.3016365,0.09520639479160309,0.9950298070907593,0.9518710970878601
YDL134C,YGL001C,0,-1.3017184,0.09519733488559723,0.9950298070907593,0.951971173286438
YKL217W,YGR113W,0,-1.3031682,0.09518828243017197,0.9950298070907593,0.9520712494850159
YER019C-A,YBR204C,0,-1.3032329,0.0951792299747467,0.9950298070907593,0.9521713256835938
YNR054C,YNL239W,0,-1.303525,0.09517018496990204,0.9950298070907593,0.9522713422775269
YGL001C,YMR135C,0,-1.3044955,0.09516113996505737,0.9950298070907593,0.9523714184761047
YGR171C,YER103W,0,-1.3065761,0.09515209496021271,0.9950298070907593,0.9524714946746826
YEL048C,YDL216C,0,-1.30854,0.09514304995536804,0.9950298070907593,0.9525715708732605
YPR200C,YEL056W,0,-1.3090758,0.09513400495052338,0.9950298070907593,0.9526715874671936
YPR188C,YBR127C,0,-1.3095609,0.09512496739625931,0.9950298070907593,0.9527716636657715
YNL315C,YOR208W,0,-1.3095931,0.09511592239141464,0.9950298070907593,0.9528717398643494
YDR002W,YBR132C,0,-1.3106786,0.09510688483715057,0.9950298070907593,0.9529717564582825
YJR113C,YNR049C,0,-1.3110071,0.0950978547334671,0.9950298070907593,0.9530718326568604
YER137C,YGL208W,0,-1.3137071,0.09508881717920303,0.9950298070907593,0.9531719088554382
YMR099C,YLL032C,0,-1.3144814,0.09507978707551956,0.9950298070907593,0.9532719850540161
YML026C,YDL103C,0,-1.3163011,0.09507075697183609,0.9950298070907593,0.9533720016479492
YMR193W,YLR174W,0,-1.3167133,0.09506172686815262,0.9950298070907593,0.9534720778465271
YDR165W,YNL025C,0,-1.3170153,0.09505270421504974,0.9950298070907593,0.953572154045105
YMR169C,YCL025C,0,-1.3175632,0.09504367411136627,0.9950298070907593,0.9536722302436829
YBR227C,YNL092W,0,-1.3189582,0.0950346514582634,0.9950298070907593,0.953772246837616
YAL005C,YEL031W,0,-1.31911,0.09502562880516052,0.9950298070907593,0.9538723230361938
YBL101C,YPR113W,0,-1.3191545,0.09501661360263824,0.9950298070907593,0.9539723992347717
YNL082W,YGL051W,0,-1.3193539,0.09500759094953537,0.9950298070907593,0.9540724158287048
YBR127C,YOL136C,0,-1.3202583,0.09499857574701309,0.9950298070907593,0.9541724920272827
YPL274W,YBL102W,0,-1.3209088,0.09498956054449081,0.9950298070907593,0.9542725682258606
YMR078C,YJR161C,0,-1.3215123,0.09498054534196854,0.9950298070907593,0.9543726444244385
YIR022W,YOR027W,0,-1.3220601,0.09497153759002686,0.9950298070907593,0.9544726610183716
YKL043W,YDL161W,0,-1.3230268,0.09496252983808517,0.9950298070907593,0.9545727372169495
YNL209W,YHR188C,0,-1.3247705,0.0949535220861435,0.9950298070907593,0.9546728134155273
YMR099C,YLL052C,0,-1.3252026,0.09494451433420181,0.9950298070907593,0.9547728896141052
YJL149W,YGR264C,0,-1.3254131,0.09493550658226013,0.9950298070907593,0.9548729062080383
YDR397C,YOR267C,0,-1.3256019,0.09492650628089905,0.9950298070907593,0.9549729824066162
YNL030W,YIL017C,0,-1.3257543,0.09491750597953796,0.9950298070907593,0.9550730586051941
YLL053C,YDR171W,0,-1.3275101,0.09490850567817688,0.9950298070907593,0.9551730751991272
YPL082C,YMR053C,0,-1.3295959,0.0948995053768158,0.9950298070907593,0.9552731513977051
YGR125W,YMR205C,0,-1.3301343,0.09489051252603531,0.9950298070907593,0.955373227596283
YGR023W,YJL177W,0,-1.3307254,0.09488151967525482,0.9950298070907593,0.9554733037948608
YIL148W,YNL142W,0,-1.3309017,0.09487252682447433,0.9950298070907593,0.955573320388794
YOL055C,YJR117W,0,-1.3317959,0.09486353397369385,0.9950298070907593,0.9556733965873718
YIL064W,YOR125C,0,-1.3321806,0.09485454112291336,0.9950298070907593,0.9557734727859497
YBR189W,YLR160C,0,-1.3343858,0.09484555572271347,0.9950298070907593,0.9558735489845276
YDL126C,YHR045W,0,-1.3355935,0.09483657032251358,0.9950298070907593,0.9559735655784607
YFL062W,YMR213W,0,-1.3366245,0.09482758492231369,0.9950298070907593,0.9560736417770386
YHR069C,YIL010W,0,-1.3386859,0.0948186069726944,0.9950298070907593,0.9561737179756165
YPR189W,YLR219W,0,-1.3389511,0.0948096215724945,0.9950298070907593,0.9562737345695496
YBR217W,YPR160W,0,-1.3403411,0.09480064362287521,0.9950298070907593,0.9563738107681274
YBR023C,YKL117W,0,-1.341011,0.09479166567325592,0.9950298070907593,0.9564738869667053
YOR020C,YOR310C,0,-1.341398,0.09478268772363663,0.9950298070907593,0.9565739631652832
YBR101C,YPL138C,0,-1.3420831,0.09477371722459793,0.9950298070907593,0.9566739797592163
YEL027W,YOR162C,0,-1.3434424,0.09476474672555923,0.9950298070907593,0.9567740559577942
YHR134W,YNL305C,0,-1.3438228,0.09475577622652054,0.9950298070907593,0.9568741321563721
YIL108W,YGL068W,0,-1.3445007,0.09474680572748184,0.9950298070907593,0.95697420835495
YPL113C,YDR222W,0,-1.3445221,0.09473783522844315,0.9950298070907593,0.9570742249488831
YJL149W,YLR061W,0,-1.3456106,0.09472887217998505,0.9950298070907593,0.9571743011474609
YLR344W,YNL051W,0,-1.3457516,0.09471990913152695,0.9950298070907593,0.9572743773460388
YNL093W,YMR269W,0,-1.3470916,0.09471094608306885,0.9950298070907593,0.9573744535446167
YNL045W,YLR068W,0,-1.3472209,0.09470198303461075,0.9950298070907593,0.9574744701385498
YEL043W,YBR132C,0,-1.3474675,0.09469302743673325,0.9950298070907593,0.9575745463371277
YGL134W,YIL107C,0,-1.3486619,0.09468407183885574,0.9950298070907593,0.9576746225357056
YLR185W,YDL168W,0,-1.3491131,0.09467511624097824,0.9950298070907593,0.9577746391296387
YDR227W,YNL160W,0,-1.3514593,0.09466616064310074,0.9950298070907593,0.9578747153282166
YER141W,YDR020C,0,-1.3517094,0.09465721249580383,0.9950298070907593,0.9579747915267944
YLR068W,YLR393W,0,-1.352689,0.09464825689792633,0.9950298070907593,0.9580748677253723
YBR179C,YMR114C,0,-1.3533292,0.09463930875062943,0.9950298070907593,0.9581748843193054
YAR033W,YLR409C,0,-1.354775,0.09463036805391312,0.9950298070907593,0.9582749605178833
YJL128C,YIL148W,0,-1.3553654,0.09462141990661621,0.9950298070907593,0.9583750367164612
YOR304W,YER033C,0,-1.355862,0.0946124792098999,0.9950298070907593,0.9584751129150391
YHR148W,YPL003W,0,-1.3560747,0.094603531062603,0.9950298070907593,0.9585751295089722
YLR263W,YCL035C,0,-1.3563316,0.09459459781646729,0.9950298070907593,0.95867520570755
YDR148C,YBR275C,0,-1.3568841,0.09458565711975098,0.9950298070907593,0.9587752819061279
YPR155C,YOL041C,0,-1.3573341,0.09457671642303467,0.9950298070907593,0.958875298500061
YGL231C,YMR296C,0,-1.359013,0.09456778317689896,0.9950298070907593,0.9589753746986389
YEL026W,YPL002C,0,-1.3596298,0.09455884993076324,0.9950298070907593,0.9590754508972168
YKL026C,YBR181C,0,-1.3597714,0.09454991668462753,0.9950298070907593,0.9591755270957947
YHR026W,YPL156C,0,-1.3613896,0.09454099088907242,0.9950298070907593,0.9592755436897278
YPR080W,YMR044W,0,-1.3626527,0.0945320650935173,0.9950298070907593,0.9593756198883057
YLL041C,YGR296W,0,-1.3640696,0.09452313184738159,0.9950298070907593,0.9594756960868835
YOR317W,YPR105C,0,-1.3649721,0.09451421350240707,0.9950298070907593,0.9595757722854614
YIR039C,YDR331W,0,-1.3651905,0.09450528770685196,0.9950298070907593,0.9596757888793945
YLR233C,YMR104C,0,-1.3656573,0.09449636191129684,0.9950298070907593,0.9597758650779724
YBR227C,YBL045C,0,-1.3681473,0.09448744356632233,0.9950298070907593,0.9598759412765503
YOR251C,YCL017C,1,-1.3689699,0.09457290917634964,0.9960238337516785,0.9598759412765503
YGR257C,YKL130C,0,-1.3691912,0.09456398338079453,0.9960238337516785,0.9599759578704834
YGR028W,YKL060C,0,-1.3703812,0.09455506503582001,0.9960238337516785,0.9600760340690613
YEL009C,YPR020W,0,-1.3717699,0.09454613924026489,0.9960238337516785,0.9601761102676392
YLL028W,YOR241W,0,-1.3727185,0.09453722089529037,0.9960238337516785,0.960276186466217
YOR304W,YGR070W,0,-1.3744305,0.09452830255031586,0.9960238337516785,0.9603762030601501
YPL141C,YGL219C,0,-1.3745877,0.09451938420534134,0.9960238337516785,0.960476279258728
YJR118C,YHR043C,0,-1.3765002,0.09451047331094742,0.9960238337516785,0.9605763554573059
YDR155C,YOR261C,0,-1.378072,0.0945015549659729,0.9960238337516785,0.9606764316558838
YLR384C,YPR047W,1,-1.3785646,0.09458694607019424,0.9970179200172424,0.9606764316558838
YJR031C,YPL240C,0,-1.3792857,0.09457802772521973,0.9970179200172424,0.9607764482498169
YKL114C,YGR027C,0,-1.3812424,0.09456910938024521,0.9970179200172424,0.9608765244483948
YLL055W,YML024W,0,-1.3829881,0.09456019848585129,0.9970179200172424,0.9609766006469727
YGL029W,YBR223C,0,-1.3832268,0.09455128014087677,0.9970179200172424,0.9610766172409058
YJL063C,YBL006C,0,-1.3848618,0.09454236924648285,0.9970179200172424,0.9611766934394836
YDR212W,YML128C,0,-1.3856821,0.09453345835208893,0.9970179200172424,0.9612767696380615
YPL045W,YML120C,0,-1.3858086,0.09452454745769501,0.9970179200172424,0.9613768458366394
YDR002W,YBR016W,0,-1.3860804,0.09451564401388168,0.9970179200172424,0.9614768624305725
YML132W,YNL329C,0,-1.3860844,0.09450674057006836,0.9970179200172424,0.9615769386291504
YNL225C,YKL157W,0,-1.3863504,0.09449782967567444,0.9970179200172424,0.9616770148277283
YPL211W,YDL078C,0,-1.386629,0.09448893368244171,0.9970179200172424,0.9617770910263062
YGL121C,YDR365C,0,-1.3882264,0.09448003023862839,0.9970179200172424,0.9618771076202393
YGR253C,YOR310C,0,-1.3888245,0.09447113424539566,0.9970179200172424,0.9619771838188171
YOR142W,YOR231W,0,-1.3894542,0.09446223080158234,0.9970179200172424,0.962077260017395
YGR180C,YOR094W,0,-1.3909065,0.09445333480834961,0.9970179200172424,0.9621772766113281
YDR196C,YLR185W,0,-1.3926775,0.09444444626569748,0.9970179200172424,0.962277352809906
YMR227C,YDR423C,0,-1.3937353,0.09443555027246475,0.9970179200172424,0.9623774290084839
YOR178C,YOL009C,0,-1.3944066,0.09442666172981262,0.9970179200172424,0.9624775052070618
YNL202W,YHR169W,0,-1.3949827,0.09441777318716049,0.9970179200172424,0.9625775218009949
YAL060W,YPL283C,0,-1.3956804,0.09440888464450836,0.9970179200172424,0.9626775979995728
YNL055C,YPL266W,0,-1.398287,0.09440000355243683,0.9970179200172424,0.9627776741981506
YLR060W,YOR208W,0,-1.3996948,0.0943911150097847,0.9970179200172424,0.9628777503967285
YHR096C,YGL220W,0,-1.3999091,0.09438223391771317,0.9970179200172424,0.9629777669906616
YGL189C,YBR080C,0,-1.4001355,0.09437335282564163,0.9970179200172424,0.9630778431892395
YPR047W,YBL024W,1,-1.4015635,0.09445855766534805,0.9980119466781616,0.9630778431892395
YGR080W,YLR130C,0,-1.4039731,0.09444966912269592,0.9980119466781616,0.9631779193878174
YGR143W,YPL126W,0,-1.4040053,0.09444078803062439,0.9980119466781616,0.9632779955863953
YFR025C,YBL099W,0,-1.4043063,0.09443190693855286,0.9980119466781616,0.9633780121803284
YKL071W,YDR281C,0,-1.405562,0.09442302584648132,0.9980119466781616,0.9634780883789062
YJR161C,YNL048W,0,-1.4055935,0.09441414475440979,0.9980119466781616,0.9635781645774841
YOL151W,YKR081C,0,-1.4064087,0.09440526366233826,0.9980119466781616,0.9636781811714172
YGR240C,YPL223C,0,-1.4069936,0.09439639002084732,0.9980119466781616,0.9637782573699951
YPL161C,YKL152C,0,-1.4077263,0.09438751637935638,0.9980119466781616,0.963878333568573
YDL132W,YML101C,0,-1.4121736,0.09437864273786545,0.9980119466781616,0.9639784097671509
YGR209C,YPL274W,0,-1.4130154,0.09436976909637451,0.9980119466781616,0.964078426361084
YLR258W,YGL225W,0,-1.4136705,0.09436090290546417,0.9980119466781616,0.9641785025596619
YPR043W,YJL100W,0,-1.4137303,0.09435203671455383,0.9980119466781616,0.9642785787582397
YFR055W,YKL087C,0,-1.4148623,0.0943431705236435,0.9980119466781616,0.9643786549568176
YKL006W,YHR175W,0,-1.4157497,0.09433430433273315,0.9980119466781616,0.9644786715507507
YNR019W,YER118C,0,-1.4161553,0.09432543814182281,0.9980119466781616,0.9645787477493286
YKL032C,YKL079W,0,-1.4163425,0.09431657940149307,0.9980119466781616,0.9646788239479065
YGR080W,YNR038W,0,-1.4191096,0.09430772066116333,0.9980119466781616,0.9647788405418396
YDR204W,YNL123W,0,-1.4199625,0.09429886192083359,0.9980119466781616,0.9648789167404175
YKR042W,YDR268W,0,-1.4222013,0.09429001063108444,0.9980119466781616,0.9649789929389954
YLR390W-A,YKR085C,0,-1.4227959,0.0942811518907547,0.9980119466781616,0.9650790691375732
YGR090W,YGR284C,0,-1.4237121,0.09427230060100555,0.9980119466781616,0.9651790857315063
YNL252C,YHR139C,0,-1.4240217,0.09426344931125641,0.9980119466781616,0.9652791619300842
YHR032W,YGR209C,0,-1.4248686,0.09425459802150726,0.9980119466781616,0.9653792381286621
YPR035W,YPR046W,0,-1.4269671,0.09424575418233871,0.9980119466781616,0.96547931432724
YMR025W,YJR004C,0,-1.4278721,0.09423690289258957,0.9980119466781616,0.9655793309211731
YBR054W,YMR229C,0,-1.4281532,0.09422805905342102,0.9980119466781616,0.965679407119751
YFR044C,YGR216C,0,-1.428463,0.09421922266483307,0.9980119466781616,0.9657794833183289
YAL017W,YML051W,0,-1.4307662,0.09421037882566452,0.9980119466781616,0.965879499912262
YMR210W,YLR143W,0,-1.4311996,0.09420154243707657,0.9980119466781616,0.9659795761108398
YER055C,YCR069W,0,-1.4313971,0.09419269859790802,0.9980119466781616,0.9660796523094177
YKL099C,YKL026C,0,-1.4328673,0.09418386220932007,0.9980119466781616,0.9661797285079956
YER177W,YBR131W,0,-1.4340626,0.09417503327131271,0.9980119466781616,0.9662797451019287
YOR239W,YJL089W,0,-1.4356096,0.09416619688272476,0.9980119466781616,0.9663798213005066
YLR216C,YFL045C,0,-1.4362516,0.09415736794471741,0.9980119466781616,0.9664798974990845
YBR132C,YNL008C,0,-1.4362799,0.09414853900671005,0.9980119466781616,0.9665799736976624
YNL133C,YKL085W,0,-1.4365501,0.0941397100687027,0.9980119466781616,0.9666799902915955
YPL145C,YPR165W,0,-1.4366688,0.09413088113069534,0.9980119466781616,0.9667800664901733
YDL014W,YNL117W,0,-1.437341,0.09412205964326859,0.9980119466781616,0.9668801426887512
YLR460C,YML123C,0,-1.4378515,0.09411323815584183,0.9980119466781616,0.9669801592826843
YMR271C,YKR099W,0,-1.4381449,0.09410441666841507,0.9980119466781616,0.9670802354812622
YLR264W,YGL179C,0,-1.4393979,0.09409559518098831,0.9980119466781616,0.9671803116798401
YEL046C,YGL259W,0,-1.4403375,0.09408677369356155,0.9980119466781616,0.967280387878418
YOR019W,YNL097C,0,-1.440502,0.0940779596567154,0.9980119466781616,0.9673804044723511
YNL286W,YBR183W,0,-1.4429041,0.09406914561986923,0.9980119466781616,0.967480480670929
YNL026W,YER073W,0,-1.4430915,0.09406033158302307,0.9980119466781616,0.9675805568695068
YOR304W,YNL160W,0,-1.4436957,0.09405152499675751,0.9980119466781616,0.9676806330680847
YKL087C,YNL064C,0,-1.4437402,0.09404271095991135,0.9980119466781616,0.9677806496620178
YBR031W,YDR392W,0,-1.4449722,0.09403390437364578,0.9980119466781616,0.9678807258605957
YBR234C,YNL066W,0,-1.4454015,0.09402509778738022,0.9980119466781616,0.9679808020591736
YOR079C,YER063W,0,-1.4467484,0.09401629120111465,0.9980119466781616,0.9680808782577515
YDR513W,YLL053C,0,-1.4484857,0.09400749206542969,0.9980119466781616,0.9681808948516846
YLR249W,YNL265C,0,-1.4491372,0.09399869292974472,0.9980119466781616,0.9682809710502625
YJL196C,YPR110C,0,-1.4522995,0.09398988634347916,0.9980119466781616,0.9683810472488403
YML046W,YPR103W,0,-1.452396,0.09398109465837479,0.9980119466781616,0.9684810638427734
YJL144W,YGR283C,0,-1.4535565,0.09397229552268982,0.9980119466781616,0.9685811400413513
YMR119W,YHR216W,0,-1.45441,0.09396350383758545,0.9980119466781616,0.9686812162399292
YJL144W,YPR138C,0,-1.4547273,0.09395470470190048,0.9980119466781616,0.9687812924385071
YMR110C,YNL246W,0,-1.4563184,0.09394591301679611,0.9980119466781616,0.9688813090324402
YGR013W,YER087W,0,-1.4568461,0.09393712878227234,0.9980119466781616,0.9689813852310181
YML093W,YGL156W,0,-1.4572892,0.09392833709716797,0.9980119466781616,0.969081461429596
YJL209W,YOR173W,0,-1.4573169,0.0939195528626442,0.9980119466781616,0.9691815376281738
YBR054W,YJL187C,0,-1.4585484,0.09391076862812042,0.9980119466781616,0.9692815542221069
YMR215W,YLR011W,0,-1.4599322,0.09390198439359665,0.9980119466781616,0.9693816304206848
YPR180W,YPR030W,0,-1.4600224,0.09389320015907288,0.9980119466781616,0.9694817066192627
YER142C,YAL059W,0,-1.464202,0.0938844233751297,0.9980119466781616,0.9695817232131958
YMR173W,YPR131C,0,-1.4646944,0.09387563914060593,0.9980119466781616,0.9696817994117737
YLR187W,YBR199W,0,-1.4646955,0.09386686980724335,0.9980119466781616,0.9697818756103516
YGR249W,YMR260C,0,-1.4649345,0.09385809302330017,0.9980119466781616,0.9698819518089294
YMR041C,YMR205C,0,-1.4658343,0.093849316239357,0.9980119466781616,0.9699819684028625
YFR014C,YPL183C,0,-1.4669207,0.09384054690599442,0.9980119466781616,0.9700820446014404
YOR216C,YLR337C,0,-1.4680952,0.09383177757263184,0.9980119466781616,0.9701821208000183
YBR139W,YNL323W,0,-1.468119,0.09382300823926926,0.9980119466781616,0.9702821969985962
YCL036W,YMR135C,0,-1.4699136,0.09381423890590668,0.9980119466781616,0.9703822135925293
YLL026W,YHR201C,0,-1.4703444,0.0938054770231247,0.9980119466781616,0.9704822897911072
YIL123W,YCR036W,0,-1.4704784,0.09379671514034271,0.9980119466781616,0.9705823659896851
YGL099W,YDR343C,0,-1.4728261,0.09378795325756073,0.9980119466781616,0.9706823825836182
YER046W,YDL123W,0,-1.4732642,0.09377919137477875,0.9980119466781616,0.970782458782196
YCL011C,YNL305C,0,-1.4744076,0.09377042949199677,0.9980119466781616,0.9708825349807739
YBR136W,YOR382W,0,-1.4755925,0.09376167505979538,0.9980119466781616,0.9709826111793518
YDL223C,YPR104C,0,-1.481008,0.093752920627594,0.9980119466781616,0.9710826277732849
YCR005C,YKL078W,0,-1.4811071,0.09374416619539261,0.9980119466781616,0.9711827039718628
YPL096W,YNL209W,0,-1.4813484,0.09373541176319122,0.9980119466781616,0.9712827801704407
YNL194C,YDR384C,0,-1.4815563,0.09372666478157043,0.9980119466781616,0.9713828563690186
YHL007C,YMR081C,0,-1.4828724,0.09371791034936905,0.9980119466781616,0.9714828729629517
YJR103W,YMR093W,0,-1.484264,0.09370916336774826,0.9980119466781616,0.9715829491615295
YJR099W,YLR249W,0,-1.4907743,0.09370041638612747,0.9980119466781616,0.9716830253601074
YLR164W,YHR039C,0,-1.4940497,0.09369167685508728,0.9980119466781616,0.9717830419540405
YJL051W,YEL011W,0,-1.4950048,0.09368293732404709,0.9980119466781616,0.9718831181526184
YLR440C,YMR053C,0,-1.4953932,0.0936741903424263,0.9980119466781616,0.9719831943511963
YJR127C,YEL071W,0,-1.4983026,0.09366545081138611,0.9980119466781616,0.9720832705497742
YPL087W,YHR062C,0,-1.4994322,0.09365671873092651,0.9980119466781616,0.9721832871437073
YER103W,YOL020W,0,-1.5040467,0.09364797919988632,0.9980119466781616,0.9722833633422852
YLL018C,YKL040C,0,-1.5050439,0.09363924711942673,0.9980119466781616,0.972383439540863
YNR055C,YNL160W,0,-1.5051869,0.09363051503896713,0.9980119466781616,0.9724835157394409
YOR001W,YML028W,0,-1.5068876,0.09362178295850754,0.9980119466781616,0.972583532333374
YLR001C,YLR372W,0,-1.507483,0.09361305087804794,0.9980119466781616,0.9726836085319519
YCR083W,YKR026C,0,-1.5091165,0.09360432624816895,0.9980119466781616,0.9727836847305298
YMR278W,YOR320C,0,-1.5091623,0.09359560161828995,0.9980119466781616,0.9728837013244629
YDR471W,YDR369C,0,-1.5095935,0.09358687698841095,0.9980119466781616,0.9729837775230408
YBL099W,YDR361C,0,-1.510122,0.09357815235853195,0.9980119466781616,0.9730838537216187
YEL070W,YKL085W,0,-1.5102825,0.09356943517923355,0.9980119466781616,0.9731839299201965
YOR239W,YDL124W,0,-1.5128626,0.09356071054935455,0.9980119466781616,0.9732839465141296
YLR083C,YDL078C,0,-1.5156295,0.09355199337005615,0.9980119466781616,0.9733840227127075
YBR221C,YOL113W,0,-1.5181408,0.09354327619075775,0.9980119466781616,0.9734840989112854
YOL154W,YOL052C-A,0,-1.519442,0.09353456646203995,0.9980119466781616,0.9735841751098633
YKL110C,YDL142C,0,-1.520166,0.09352584928274155,0.9980119466781616,0.9736841917037964
YPR164W,YLR350W,0,-1.524012,0.09351713955402374,0.9980119466781616,0.9737842679023743
YOR251C,YPR127W,0,-1.5267754,0.09350842982530594,0.9980119466781616,0.9738843441009521
YMR262W,YGL257C,0,-1.5268275,0.09349972009658813,0.9980119466781616,0.97398442029953
YDR441C,YNL202W,0,-1.5291047,0.09349101036787033,0.9980119466781616,0.9740844368934631
YLR164W,YML010W,0,-1.5299747,0.09348230808973312,0.9980119466781616,0.974184513092041
YFL045C,YPR134W,0,-1.5302941,0.09347360581159592,0.9980119466781616,0.9742845892906189
YFR053C,YGR148C,0,-1.5309609,0.09346490353345871,0.9980119466781616,0.974384605884552
YOL122C,YOR064C,0,-1.5367664,0.0934562012553215,0.9980119466781616,0.9744846820831299
YJL191W,YPR134W,0,-1.54016,0.09344750642776489,0.9980119466781616,0.9745847582817078
YHR138C,YDR234W,0,-1.540605,0.09343881160020828,0.9980119466781616,0.9746848344802856
YJL082W,YDR300C,0,-1.5415499,0.09343011677265167,0.9980119466781616,0.9747848510742188
YPL241C,YHR190W,0,-1.5422124,0.09342142194509506,0.9980119466781616,0.9748849272727966
YIL062C,YBR104W,0,-1.5438143,0.09341272711753845,0.9980119466781616,0.9749850034713745
YER125W,YEL036C,0,-1.5458195,0.09340403974056244,0.9980119466781616,0.9750850796699524
YJL186W,YOR049C,0,-1.5465952,0.09339535236358643,0.9980119466781616,0.9751850962638855
YFL054C,YPR110C,0,-1.5474148,0.09338666498661041,0.9980119466781616,0.9752851724624634
YNR059W,YOR249C,0,-1.5485209,0.0933779776096344,0.9980119466781616,0.9753852486610413
YPL249C-A,YDL215C,0,-1.5506382,0.09336929023265839,0.9980119466781616,0.9754852652549744
YMR197C,YER074W,0,-1.550643,0.09336061030626297,0.9980119466781616,0.9755853414535522
YDR108W,YMR205C,0,-1.5511051,0.09335193037986755,0.9980119466781616,0.9756854176521301
YIL154C,YJR063W,0,-1.5515417,0.09334325045347214,0.9980119466781616,0.975785493850708
YJL060W,YBR162C,0,-1.552877,0.09333457052707672,0.9980119466781616,0.9758855104446411
YHR113W,YLR432W,0,-1.5566,0.0933258980512619,0.9980119466781616,0.975985586643219
YGR256W,YPL108W,0,-1.5567862,0.09331722557544708,0.9980119466781616,0.9760856628417969
YFL062W,YOR048C,0,-1.5578965,0.09330855309963226,0.9980119466781616,0.9761857390403748
YPR003C,YPL079W,0,-1.5589844,0.09329988062381744,0.9980119466781616,0.9762857556343079
YLR133W,YIL158W,0,-1.5597851,0.09329120814800262,0.9980119466781616,0.9763858318328857
YDR204W,YLR277C,0,-1.5614163,0.0932825431227684,0.9980119466781616,0.9764859080314636
YIL019W,YCR083W,0,-1.5628808,0.09327387809753418,0.9980119466781616,0.9765859246253967
YDR204W,YOR271C,0,-1.5630757,0.09326521307229996,0.9980119466781616,0.9766860008239746
YPL178W,YNL125C,0,-1.5631331,0.09325654804706573,0.9980119466781616,0.9767860770225525
YLR395C,YKL148C,0,-1.563316,0.09324789047241211,0.9980119466781616,0.9768861532211304
YIR019C,YMR011W,0,-1.5635483,0.09323922544717789,0.9980119466781616,0.9769861698150635
YJR031C,YOL032W,0,-1.5697929,0.09323056787252426,0.9980119466781616,0.9770862460136414
YOL052C,YKR046C,0,-1.5704454,0.09322191029787064,0.9980119466781616,0.9771863222122192
YLR110C,YHL021C,0,-1.5706486,0.09321326017379761,0.9980119466781616,0.9772863984107971
YLR044C,YDR191W,0,-1.5707762,0.09320460259914398,0.9980119466781616,0.9773864150047302
YCR069W,YGL092W,0,-1.5714539,0.09319595247507095,0.9980119466781616,0.9774864912033081
YMR105C,YLL043W,0,-1.5731832,0.09318730235099792,0.9980119466781616,0.977586567401886
YKL099C,YLL023C,0,-1.5743185,0.0931786522269249,0.9980119466781616,0.9776865839958191
YJL141C,YPL133C,0,-1.5755101,0.09317000955343246,0.9980119466781616,0.977786660194397
YPR154W,YBR235W,0,-1.5774801,0.09316135942935944,0.9980119466781616,0.9778867363929749
YBR145W,YOR129C,0,-1.5805064,0.093152716755867,0.9980119466781616,0.9779868125915527
YBR054W,YPR058W,0,-1.5837362,0.09314407408237457,0.9980119466781616,0.9780868291854858
YGR030C,YGL156W,0,-1.5837854,0.09313543885946274,0.9980119466781616,0.9781869053840637
YMR271C,YNL087W,0,-1.5853782,0.0931267961859703,0.9980119466781616,0.9782869815826416
YLR056W,YBR046C,0,-1.585965,0.09311816096305847,0.9980119466781616,0.9783870577812195
YLR216C,YDL213C,0,-1.5866399,0.09310952574014664,0.9980119466781616,0.9784870743751526
YKL006W,YDR129C,0,-1.5871316,0.0931008905172348,0.9980119466781616,0.9785871505737305
YHR175W,YBL072C,0,-1.5883914,0.09309225529432297,0.9980119466781616,0.9786872267723083
YBR222C,YIL018W,0,-1.5903705,0.09308362752199173,0.9980119466781616,0.9787872433662415
YDR513W,YLR319C,0,-1.5909401,0.09307499974966049,0.9980119466781616,0.9788873195648193
YLR372W,YLL029W,0,-1.5910572,0.09306637197732925,0.9980119466781616,0.9789873957633972
YPR160W,YGL174W,0,-1.5922683,0.09305774420499802,0.9980119466781616,0.9790874719619751
YOR245C,YPR110C,0,-1.5947336,0.09304911643266678,0.9980119466781616,0.9791874885559082
YAL017W,YER074W,0,-1.5950669,0.09304049611091614,0.9980119466781616,0.9792875647544861
YCR048W,YPL004C,0,-1.595696,0.0930318757891655,0.9980119466781616,0.979387640953064
YMR261C,YDL153C,0,-1.595735,0.09302325546741486,0.9980119466781616,0.9794877171516418
YKL026C,YLL067C,0,-1.5965911,0.09301463514566422,0.9980119466781616,0.979587733745575
YDR353W,YPR058W,0,-1.5993395,0.09300602227449417,0.9980119466781616,0.9796878099441528
YDR310C,YKL026C,0,-1.6026205,0.09299740940332413,0.9980119466781616,0.9797878861427307
YLR409C,YNL055C,0,-1.6034222,0.09298879653215408,0.9980119466781616,0.9798879623413086
YHR016C,YIR010W,0,-1.6034523,0.09298018366098404,0.9980119466781616,0.9799879789352417
YBR101C,YJL192C,0,-1.6067698,0.092971570789814,0.9980119466781616,0.9800880551338196
YER103W,YGR099W,0,-1.6073414,0.09296296536922455,0.9980119466781616,0.9801881313323975
YHR119W,YER175C,0,-1.6110884,0.0929543524980545,0.9980119466781616,0.9802881479263306
YNL035C,YML128C,0,-1.6122185,0.09294574707746506,0.9980119466781616,0.9803882241249084
YLL028W,YIR022W,0,-1.6149374,0.09293714910745621,0.9980119466781616,0.9804883003234863
YIR019C,YDR245W,0,-1.6167697,0.09292854368686676,0.9980119466781616,0.9805883765220642
YJR088C,YLR089C,0,-1.6186413,0.09291994571685791,0.9980119466781616,0.9806883931159973
YOR019W,YBL045C,0,-1.6243025,0.09291134774684906,0.9980119466781616,0.9807884693145752
YOL142W,YGL259W,0,-1.6249145,0.09290274977684021,0.9980119466781616,0.9808885455131531
YEL044W,YBR132C,0,-1.6257006,0.09289415180683136,0.9980119466781616,0.980988621711731
YPR200C,YBR046C,0,-1.6274232,0.0928855612874031,0.9980119466781616,0.9810886383056641
YLR345W,YOR320C,0,-1.6301122,0.09287696331739426,0.9980119466781616,0.9811887145042419
YKR071C,YFR053C,0,-1.6303681,0.092868372797966,0.9980119466781616,0.9812887907028198
YPR080W,YPL196W,0,-1.6321183,0.09285978227853775,0.9980119466781616,0.9813888072967529
YLR345W,YJR063W,0,-1.6331123,0.0928511992096901,0.9980119466781616,0.9814888834953308
YER035W,YPL198W,0,-1.6358651,0.09284260869026184,0.9980119466781616,0.9815889596939087
YPR024W,YPR033C,0,-1.636031,0.09283402562141418,0.9980119466781616,0.9816890358924866
YHR039C,YCR102C,0,-1.6361223,0.09282544255256653,0.9980119466781616,0.9817890524864197
YLR405W,YMR175W,0,-1.6391574,0.09281685948371887,0.9980119466781616,0.9818891286849976
YPR167C,YNL209W,0,-1.642712,0.09280828386545181,0.9980119466781616,0.9819892048835754
YHR019C,YMR020W,0,-1.6429988,0.09279970079660416,0.9980119466781616,0.9820892810821533
YML091C,YOR251C,1,-1.6454033,0.09288354963064194,0.9990059733390808,0.9820892810821533
YBR132C,YPL108W,0,-1.6468238,0.09287496656179428,0.9990059733390808,0.9821892976760864
YDL022W,YKL209C,0,-1.6479982,0.09286638349294662,0.9990059733390808,0.9822893738746643
YOR212W,YCR021C,0,-1.6496633,0.09285780042409897,0.9990059733390808,0.9823894500732422
YMR262W,YMR061W,0,-1.6499108,0.09284922480583191,0.9990059733390808,0.9824894666671753
YBR149W,YDL212W,0,-1.650091,0.09284064918756485,0.9990059733390808,0.9825895428657532
YNR003C,YOL082W,0,-1.6516569,0.09283207356929779,0.9990059733390808,0.982689619064331
YDL003W,YGR256W,0,-1.6528333,0.09282349795103073,0.9990059733390808,0.9827896952629089
YMR173W,YBR043C,0,-1.65408,0.09281492233276367,0.9990059733390808,0.982889711856842
YPL004C,YLL067C,0,-1.655956,0.09280635416507721,0.9990059733390808,0.9829897880554199
YNL002C,YLL040C,0,-1.6561507,0.09279778599739075,0.9990059733390808,0.9830898642539978
YBL050W,YOR249C,0,-1.6606594,0.09278921782970428,0.9990059733390808,0.9831899404525757
YOL097C,YDR129C,0,-1.6614294,0.09278064966201782,0.9990059733390808,0.9832899570465088
YBL050W,YOR355W,0,-1.6622969,0.09277208894491196,0.9990059733390808,0.9833900332450867
YFR053C,YGL043W,0,-1.6647924,0.0927635207772255,0.9990059733390808,0.9834901094436646
YLL041C,YHR133C,0,-1.6710476,0.09275496006011963,0.9990059733390808,0.9835901260375977
YEL026W,YMR054W,0,-1.6753916,0.09274639934301376,0.9990059733390808,0.9836902022361755
YKL039W,YNR053C,0,-1.6771175,0.0927378460764885,0.9990059733390808,0.9837902784347534
YGR142W,YOR118W,0,-1.6774184,0.09272928535938263,0.9990059733390808,0.9838903546333313
YNL223W,YLR367W,0,-1.6782095,0.09272073209285736,0.9990059733390808,0.9839903712272644
YHR104W,YHR119W,0,-1.6814281,0.09271217882633209,0.9990059733390808,0.9840904474258423
YKL124W,YGR208W,0,-1.6845002,0.09270362555980682,0.9990059733390808,0.9841905236244202
YJR041C,YGR044C,0,-1.6897999,0.09269507229328156,0.9990059733390808,0.984290599822998
YLR297W,YER093C,0,-1.6902056,0.09268652647733688,0.9990059733390808,0.9843906164169312
YGL257C,YNL037C,0,-1.6918501,0.09267798066139221,0.9990059733390808,0.984490692615509
YLR167W,YPR134W,0,-1.6924126,0.09266943484544754,0.9990059733390808,0.9845907688140869
YBL027W,YPR061C,0,-1.6928326,0.09266088902950287,0.9990059733390808,0.98469078540802
YPL030W,YCL057W,0,-1.701426,0.0926523432135582,0.9990059733390808,0.9847908616065979
YMR173W,YDR147W,0,-1.7024919,0.09264380484819412,0.9990059733390808,0.9848909378051758
YDR163W,YKL062W,0,-1.7029139,0.09263526648283005,0.9990059733390808,0.9849910140037537
YHR082C,YNL030W,0,-1.7086619,0.09262672811746597,0.9990059733390808,0.9850910305976868
YIL133C,YPL006W,0,-1.7155515,0.0926181897521019,0.9990059733390808,0.9851911067962646
YFR049W,YHR042W,0,-1.7180499,0.09260965883731842,0.9990059733390808,0.9852911829948425
YML026C,YKR018C,0,-1.7192295,0.09260112047195435,0.9990059733390808,0.9853912591934204
YOR328W,YLL045C,0,-1.7266381,0.09259258955717087,0.9990059733390808,0.9854912757873535
YBL098W,YLR367W,0,-1.7280341,0.09258406609296799,0.9990059733390808,0.9855913519859314
YLR029C,YDR284C,0,-1.7285863,0.09257553517818451,0.9990059733390808,0.9856914281845093
YPR047W,YPL030W,1,-1.731772,0.0926591157913208,1.0,0.9856914281845093
YJL151C,YPL140C,0,-1.7323562,0.09265057742595673,1.0,0.9857915043830872
YBR149W,YNL027W,0,-1.7369798,0.09264204651117325,1.0,0.9858915209770203
YDR155C,YPL093W,0,-1.7403828,0.09263351559638977,1.0,0.9859915971755981
YDL181W,YKL084W,0,-1.7438833,0.09262499213218689,1.0,0.986091673374176
YPL057C,YJL100W,0,-1.7443796,0.09261646121740341,1.0,0.9861916899681091
YNL009W,YPL132W,0,-1.7450799,0.09260793775320053,1.0,0.986291766166687
YLR345W,YPR189W,0,-1.7451864,0.09259941428899765,1.0,0.9863918423652649
YLR421C,YMR116C,0,-1.748983,0.09259089082479477,1.0,0.9864919185638428
YHR113W,YPL043W,0,-1.7569345,0.09258236736059189,1.0,0.9865919351577759
YDL124W,YPL145C,0,-1.7587965,0.09257384389638901,1.0,0.9866920113563538
YMR020W,YNL142W,0,-1.7591797,0.09256532788276672,1.0,0.9867920875549316
YJL057C,YMR308C,0,-1.7601086,0.09255681186914444,1.0,0.9868921637535095
YGL060W,YKL103C,0,-1.7615587,0.09254829585552216,1.0,0.9869921803474426
YGL121C,YNR015W,0,-1.7772956,0.09253978729248047,1.0,0.9870922565460205
YPR200C,YKR067W,0,-1.7832953,0.09253127127885818,1.0,0.9871923327445984
YHR039C,YDL072C,0,-1.7835569,0.0925227627158165,1.0,0.9872923493385315
YMR271C,YPR187W,0,-1.7852831,0.09251425415277481,1.0,0.9873924255371094
YLR409C,YLR390W-A,0,-1.7855077,0.09250574558973312,1.0,0.9874925017356873
YOL041C,YJR096W,0,-1.7871503,0.09249724447727203,1.0,0.9875925779342651
YPL061W,YBR104W,0,-1.7905457,0.09248873591423035,1.0,0.9876925945281982
YML022W,YER175C,0,-1.7907263,0.09248023480176926,1.0,0.9877926707267761
YMR291W,YHR077C,0,-1.7929981,0.09247173368930817,1.0,0.987892746925354
YPL082C,YNL305C,0,-1.7945186,0.09246323257684708,1.0,0.9879928231239319
YNL216W,YGR161C,0,-1.7990419,0.09245473891496658,1.0,0.988092839717865
YDR419W,YKL152C,0,-1.799314,0.0924462378025055,1.0,0.9881929159164429
YPL198W,YOL032W,0,-1.8010366,0.092437744140625,1.0,0.9882929921150208
YBR177C,YPL273W,0,-1.8017133,0.0924292504787445,1.0,0.9883930087089539
YOR236W,YDR129C,0,-1.802273,0.09242076426744461,1.0,0.9884930849075317
YNL251C,YKL093W,0,-1.8059604,0.09241227060556412,1.0,0.9885931611061096
YER058W,YGL255W,0,-1.807495,0.09240378439426422,1.0,0.9886932373046875
YNL045W,YCR016W,0,-1.8100682,0.09239529818296432,1.0,0.9887932538986206
YGR048W,YNL209W,0,-1.8102084,0.09238681197166443,1.0,0.9888933300971985
YNL178W,YNL305C,0,-1.8176289,0.09237832576036453,1.0,0.9889934062957764
YDR043C,YHL001W,0,-1.8220701,0.09236984699964523,1.0,0.9890934824943542
YJL144W,YNL186W,0,-1.8226994,0.09236136823892593,1.0,0.9891934990882874
YCL068C,YGR215W,0,-1.8258625,0.09235288947820663,1.0,0.9892935752868652
YPR149W,YPL134C,0,-1.8295504,0.09234441071748734,1.0,0.9893936514854431
YKL032C,YKL007W,0,-1.8326551,0.09233593195676804,1.0,0.9894936680793762
YMR143W,YLL023C,0,-1.8362287,0.09232746064662933,1.0,0.9895937442779541
YER103W,YPR114W,0,-1.8392293,0.09231898933649063,1.0,0.989693820476532
YJL057C,YKR079C,0,-1.8433663,0.09231051802635193,1.0,0.9897938966751099
YER049W,YDL072C,0,-1.8470885,0.09230204671621323,1.0,0.989893913269043
YER033C,YLR222C,0,-1.8472722,0.09229357540607452,1.0,0.9899939894676208
YKL065C,YLR222C,0,-1.8473529,0.09228511154651642,1.0,0.9900940656661987
YDL021W,YAL059W,0,-1.8477992,0.09227664768695831,1.0,0.9901941418647766
YGR209C,YJR070C,0,-1.8506222,0.09226818382740021,1.0,0.9902941584587097
YFR001W,YJR103W,0,-1.8516649,0.0922597199678421,1.0,0.9903942346572876
YBR072W,YBR094W,0,-1.8522892,0.0922512635588646,1.0,0.9904943108558655
YLR044C,YML127W,0,-1.8541551,0.09224279969930649,1.0,0.9905943274497986
YIL007C,YBR162C,0,-1.8663336,0.09223434329032898,1.0,0.9906944036483765
YPL230W,YAR071W,0,-1.8712747,0.09222588688135147,1.0,0.9907944798469543
YPL088W,YNL069C,0,-1.8758942,0.09221743792295456,1.0,0.9908945560455322
YMR173W,YHR058C,0,-1.8786924,0.09220898151397705,1.0,0.9909945726394653
YDR427W,YLR185W,0,-1.8855485,0.09220053255558014,1.0,0.9910946488380432
YMR197C,YKR081C,0,-1.8886234,0.09219208359718323,1.0,0.9911947250366211
YHR096C,YMR246W,0,-1.8936548,0.09218363463878632,1.0,0.991294801235199
YMR243C,YCL033C,0,-1.897982,0.0921751856803894,1.0,0.9913948178291321
YOL121C,YPL004C,0,-1.8994037,0.09216674417257309,1.0,0.99149489402771
YDR204W,YBR162C,0,-1.9001395,0.09215830266475677,1.0,0.9915949702262878
YCR034W,YBR006W,0,-1.9002521,0.09214986115694046,1.0,0.9916950464248657
YER054C,YJL010C,0,-1.9078586,0.09214141964912415,1.0,0.9917950630187988
YGL096W,YPL061W,0,-1.9189337,0.09213297814130783,1.0,0.9918951392173767
YKL035W,YJR070C,0,-1.9226817,0.09212454408407211,1.0,0.9919952154159546
YML100W,YOR341W,0,-1.9227955,0.0921161100268364,1.0,0.9920952320098877
YLR432W,YPL230W,0,-1.9234191,0.09210767596960068,1.0,0.9921953082084656
YBR054W,YDR361C,0,-1.9259635,0.09209924191236496,1.0,0.9922953844070435
YGR030C,YBR006W,0,-1.9278537,0.09209080785512924,1.0,0.9923954606056213
YIL047C,YJR073C,0,-1.9280934,0.09208238124847412,1.0,0.9924954771995544
YOR204W,YJL060W,0,-1.9309489,0.092073954641819,1.0,0.9925955533981323
YLR336C,YJL066C,0,-1.941101,0.09206552803516388,1.0,0.9926956295967102
YLL026W,YOR241W,0,-1.9458536,0.09205710142850876,1.0,0.9927957057952881
YDR001C,YLR005W,0,-1.9612663,0.09204867482185364,1.0,0.9928957223892212
YBR183W,YIL052C,0,-1.9617733,0.09204025566577911,1.0,0.9929957985877991
YPL087W,YBR271W,0,-1.9646937,0.09203183650970459,1.0,0.993095874786377
YDR258C,YGL103W,0,-1.9709383,0.09202341735363007,1.0,0.9931958913803101
YDR339C,YOL082W,0,-1.9731153,0.09201499819755554,1.0,0.9932959675788879
YHR112C,YER055C,0,-1.9734484,0.09200658649206161,1.0,0.9933960437774658
YMR301C,YOR273C,0,-1.9795969,0.09199816733598709,1.0,0.9934961199760437
YDR075W,YOL084W,0,-1.9854883,0.09198975563049316,1.0,0.9935961365699768
YML019W,YHR016C,0,-1.9910824,0.09198135137557983,1.0,0.9936962127685547
YDR339C,YJL141C,0,-1.9918648,0.09197293967008591,1.0,0.9937962889671326
YDR414C,YDR258C,0,-1.9925742,0.09196452796459198,1.0,0.9938963651657104
YBR172C,YOL052C-A,0,-1.9962097,0.09195612370967865,1.0,0.9939963817596436
YOR262W,YER141W,0,-2.00372,0.09194771945476532,1.0,0.9940964579582214
YOR253W,YER150W,0,-2.0038834,0.09193931519985199,1.0,0.9941965341567993
YDR304C,YBR031W,0,-2.0046785,0.09193091839551926,1.0,0.9942965507507324
YDL021W,YEL055C,0,-2.0065713,0.09192251414060593,1.0,0.9943966269493103
YFR055W,YBR183W,0,-2.0219753,0.0919141173362732,1.0,0.9944967031478882
YLR340W,YBR072W,0,-2.02408,0.09190572053194046,1.0,0.9945967793464661
YIL010W,YLR340W,0,-2.0261927,0.09189732372760773,1.0,0.9946967959403992
YBR031W,YOR292C,0,-2.029185,0.091888926923275,1.0,0.994796872138977
YGL030W,YBR290W,0,-2.0343087,0.09188053756952286,1.0,0.9948969483375549
YKL110C,YGR209C,0,-2.0359764,0.09187214821577072,1.0,0.9949970245361328
YDL171C,YBR280C,0,-2.0407395,0.09186375886201859,1.0,0.9950970411300659
YDR508C,YMR250W,0,-2.0498424,0.09185536950826645,1.0,0.9951971173286438
YMR105C,YFL008W,0,-2.0643692,0.09184698015451431,1.0,0.9952971935272217
YKL103C,YPL252C,0,-2.065571,0.09183859825134277,1.0,0.9953972101211548
YHR090C,YCL040W,0,-2.065831,0.09183021634817123,1.0,0.9954972863197327
YOR243C,YEL012W,0,-2.0686445,0.0918218344449997,1.0,0.9955973625183105
YLR060W,YKL026C,0,-2.0794137,0.09181345254182816,1.0,0.9956974387168884
YHR043C,YGL171W,0,-2.0872307,0.09180507063865662,1.0,0.9957974553108215
YER060W,YER150W,0,-2.090936,0.09179669618606567,1.0,0.9958975315093994
YBR254C,YDL022W,0,-2.0918705,0.09178832173347473,1.0,0.9959976077079773
YPR107C,YDR471W,0,-2.114537,0.09177994728088379,1.0,0.9960976839065552
YOR262W,YKL103C,0,-2.1197047,0.09177157282829285,1.0,0.9961977005004883
YPR154W,YIL008W,0,-2.1249542,0.0917632058262825,1.0,0.9962977766990662
YBR191W,YMR041C,0,-2.131089,0.09175483137369156,1.0,0.996397852897644
YBL099W,YBR119W,0,-2.1404188,0.09174646437168121,1.0,0.9964978694915771
YBR155W,YPL004C,0,-2.1485362,0.09173809736967087,1.0,0.996597945690155
YIL052C,YML004C,0,-2.1725256,0.09172973781824112,1.0,0.9966980218887329
YML131W,YGR251W,0,-2.1754575,0.09172137081623077,1.0,0.9967980980873108
YBR005W,YLR367W,0,-2.176444,0.09171301126480103,1.0,0.9968981146812439
YIL133C,YFR004W,0,-2.212658,0.09170465171337128,1.0,0.9969981908798218
YKL082C,YAL061W,0,-2.2167742,0.09169629216194153,1.0,0.9970982670783997
YJR044C,YOR133W,0,-2.2207127,0.09168793261051178,1.0,0.9971983432769775
YBL076C,YKL091C,0,-2.221485,0.09167958050966263,1.0,0.9972983598709106
YPL217C,YKR066C,0,-2.2829978,0.09167122095823288,1.0,0.9973984360694885
YMR301C,YJL141C,0,-2.309954,0.09166286885738373,1.0,0.9974985122680664
YHL001W,YNL274C,0,-2.317138,0.09165451675653458,1.0,0.9975985884666443
YBR080C,YLR061W,0,-2.3543887,0.09164617210626602,1.0,0.9976986050605774
YDL124W,YOR359W,0,-2.4074967,0.09163782000541687,1.0,0.9977986812591553
YDR204W,YDL153C,0,-2.4086037,0.09162947535514832,1.0,0.9978987574577332
YML131W,YNR038W,0,-2.4113827,0.09162113070487976,1.0,0.9979987740516663
YGL037C,YNL232W,0,-2.418362,0.0916127860546112,1.0,0.9980988502502441
YMR309C,YPR127W,0,-2.4184587,0.09160444140434265,1.0,0.998198926448822
YNL075W,YOR173W,0,-2.435391,0.0915961042046547,1.0,0.9982990026473999
YGL148W,YHL021C,0,-2.4515224,0.09158776700496674,1.0,0.998399019241333
YOR173W,YNR012W,0,-2.4526083,0.09157942980527878,1.0,0.9984990954399109
YLR029C,YDL072C,0,-2.4660895,0.09157109260559082,1.0,0.9985991716384888
YDR492W,YDR171W,0,-2.472335,0.09156275540590286,1.0,0.9986992478370667
YBR126C,YLR344W,0,-2.477158,0.0915544256567955,1.0,0.9987992644309998
YLL039C,YDL083C,0,-2.5289505,0.09154608845710754,1.0,0.9988993406295776
YHR016C,YKL191W,0,-2.5607564,0.09153775870800018,1.0,0.9989994168281555
YGL037C,YMR061W,0,-2.5719554,0.09152943640947342,1.0,0.9990994334220886
YML056C,YLL039C,0,-2.574764,0.09152110666036606,1.0,0.9991995096206665
YDR516C,YKL110C,0,-2.587898,0.0915127843618393,1.0,0.9992995858192444
YGL121C,YER145C,0,-2.5949683,0.09150445461273193,1.0,0.9993996620178223
YNL232W,YML128C,0,-2.595036,0.09149613231420517,1.0,0.9994996786117554
YMR173W,YLR435W,0,-2.6611292,0.091487817466259,1.0,0.9995997548103333
YBR126C,YBR121C,0,-2.6719344,0.09147949516773224,1.0,0.9996998310089111
YDR492W,YHR016C,0,-2.727411,0.09147117286920547,1.0,0.999799907207489
YEL040W,YER103W,0,-2.9351947,0.09146285802125931,1.0,0.9998999238014221
YHR104W,YAR071W,0,-2.9907286,0.09145454317331314,1.0,1.0
