Gene A,Gene B,Label,Score,Precision,Recall,False Positive Rate
YPL257W-B,YHR214C-B,1,5.698313,1.0,0.0009920635493472219,0.0
YDR316W-B,YPL257W-B,1,5.6465435,1.0,0.0019841270986944437,0.0
YML039W,YPL257W-B,1,5.583679,1.0,0.0029761905316263437,0.0
YGR038C-B,YFL002W-A,1,5.464963,1.0,0.003968254197388887,0.0
YLR157C-B,YOL103W-B,1,5.4020996,1.0,0.004960317630320787,0.0
YLR410W-B,YDR261W-B,1,5.363335,1.0,0.0059523810632526875,0.0
YPR158W-B,YML045W,1,5.3472476,1.0,0.0069444444961845875,0.0
YMR050C,YPR158W-B,1,5.2963557,1.0,0.007936508394777775,0.0
YNL284C-B,YLR035C-A,1,5.2882705,1.0,0.008928571827709675,0.0
YDR316W-B,YGR027W-B,1,5.281524,1.0,0.009920635260641575,0.0
YPR158W-B,YBL100W-B,1,5.254664,1.0,0.010912698693573475,0.0
YMR050C,YLR157C-B,1,5.2209835,1.0,0.011904762126505375,0.0
YMR050C,YGR027W-B,1,5.188587,1.0,0.012896825559437275,0.0
YGR038C-B,YER160C,1,5.1661167,1.0,0.013888888992369175,0.0
YAR009C,YOL103W-B,1,5.123848,1.0,0.014880952425301075,0.0
YFL002W-A,YDR316W-B,1,5.1016545,1.0,0.01587301678955555,0.0
YOR142W-B,YPL257W-B,1,5.098039,1.0,0.01686508022248745,0.0
YLR157C-B,YJR029W,1,5.0862575,1.0,0.01785714365541935,0.0
YNL284C-B,YML045W,1,5.0634437,1.0,0.01884920708835125,0.0
YNL284C-B,YOR192C-B,1,5.0551157,1.0,0.01984127052128315,0.0
YLR157C-B,YML045W,1,4.9927125,1.0,0.02083333395421505,0.0
YDR365W-B,YPL257W-B,1,4.9767337,1.0,0.02182539738714695,0.0
YDR365W-B,YDR261W-B,1,4.95412,1.0,0.02281746082007885,0.0
YMR050C,YOR142W-B,1,4.951467,1.0,0.02380952425301075,0.0
YPL257W-B,YOR192C-B,1,4.939498,1.0,0.02480158768594265,0.0
YLR035C-A,YBL005W-B,1,4.9160867,1.0,0.02579365111887455,0.0
YLR157C-B,YDR365W-B,1,4.8961596,1.0,0.02678571455180645,0.0
YGR161W-B,YER160C,1,4.890122,1.0,0.02777777798473835,0.0
YLR035C-A,YGR027W-B,1,4.854403,1.0,0.02876984141767025,0.0
YOR343W-B,YER160C,1,4.8067794,1.0,0.02976190485060215,0.0
YPR137C-B,YAR009C,1,4.7886214,1.0,0.03075396828353405,0.0
YPR158W-B,YDR261W-B,1,4.7879925,1.0,0.0317460335791111,0.0
YOR343W-B,YGR027W-B,1,4.7812486,1.0,0.032738097012043,0.0
YLR410W-B,YDR316W-B,1,4.7690077,1.0,0.0337301604449749,0.0
YOR343W-B,YLR035C-A,1,4.7629657,1.0,0.0347222238779068,0.0
YJR029W,YLR035C-A,1,4.7516465,1.0,0.0357142873108387,0.0
YER160C,YNL054W-B,1,4.7101026,1.0,0.0367063507437706,0.0
YLR410W-B,YLR035C-A,1,4.693912,1.0,0.0376984141767025,0.0
YER138C,YLR410W-B,1,4.6873755,1.0,0.0386904776096344,0.0
YDR098C-B,YGR027W-B,1,4.6728377,1.0,0.0396825410425663,0.0
YNL054W-B,YBL005W-B,1,4.653144,1.0,0.0406746044754982,0.0
YML039W,YLR410W-B,1,4.65078,1.0,0.0416666679084301,0.0
YNL284C-B,YDR261W-B,1,4.6490264,1.0,0.042658731341362,0.0
YGR038C-B,YML045W,1,4.64796,1.0,0.0436507947742939,0.0
YOR343W-B,YAR009C,1,4.620911,1.0,0.0446428582072258,0.0
YLR157C-B,YLR227W-B,1,4.5502467,1.0,0.0456349216401577,0.0
YGR161W-B,YAR009C,1,4.5272565,1.0,0.0466269850730896,0.0
YDR098C-B,YML045W,1,4.489945,1.0,0.0476190485060215,0.0
YGR161W-B,YJR027W,1,4.457375,1.0,0.0486111119389534,0.0
YMR050C,YLR035C-A,1,4.4487767,1.0,0.0496031753718853,0.0
YDR316W-B,YCL019W,1,4.4257274,1.0,0.0505952388048172,0.0
YKR063C,YAR008W,1,4.2797046,1.0,0.0515873022377491,0.0
YJR029W,YLR227W-B,1,4.2018094,1.0,0.052579365670681,0.0
YAR009C,YBL100W-B,1,4.157029,1.0,0.0535714291036129,0.0
YJR029W,YBL100W-B,1,4.0835295,1.0,0.0545634925365448,0.0
YDR034C-D,YDR261C-D,1,4.038972,1.0,0.0555555559694767,0.0
YGR038C-B,YDR210W-B,1,3.8522365,1.0,0.0565476194024086,0.0
YDR210W-B,YBL005W-B,1,3.8217232,1.0,0.0575396828353405,0.0
YGR161C-D,YMR045C,1,3.8052185,1.0,0.0585317462682724,0.0
YGR161C-D,YPR158C-D,1,3.7659967,1.0,0.0595238097012043,0.0
YDR034C-D,YOR192C-B,1,3.7325356,1.0,0.0605158731341362,0.0
YNL284C-B,YPR158C-D,1,3.7069361,1.0,0.0615079365670681,0.0
YPR158C-D,YBL005W-B,1,3.6898782,1.0,0.0625,0.0
YDR210W-B,YLR035C-A,1,3.6896853,1.0,0.0634920671582222,0.0
YML039W,YDR210W-B,1,3.6737134,1.0,0.0644841268658638,0.0
YOR142W-B,YDR261C-D,1,3.6672194,1.0,0.065476194024086,0.0
YPR158C-D,YML045W,1,3.6631963,1.0,0.0664682537317276,0.0
YDR034C-D,YFL002W-A,1,3.642052,1.0,0.0674603208899498,0.0
YDR261C-D,YGR027W-B,1,3.6344154,1.0,0.0684523805975914,0.0
YGR161C-D,YDR034C-D,1,3.5541923,1.0,0.0694444477558136,0.0
YDR034C-D,YMR045C,1,3.5469315,1.0,0.0704365074634552,0.0
YPR158C-D,YDR261W-B,1,3.5444257,1.0,0.0714285746216774,0.0
YDR210W-B,YCL019W,1,3.5196216,1.0,0.072420634329319,0.0
YDR034C-D,YOL103W-B,1,3.488282,1.0,0.0734127014875412,0.0
YDR210C-D,YLR227W-B,1,3.4673083,1.0,0.0744047611951828,0.0
YKR099W,YDL201W,0,3.4569573,0.9868420958518982,0.0744047611951828,0.00010008006211137399
YGL246C,YMR239C,1,3.4507966,0.9870129823684692,0.075396828353405,0.00010008006211137399
YDR034C-D,YHR214C-B,1,3.377045,0.9871794581413269,0.0763888880610466,0.00010008006211137399
YMR059W,YOR001W,1,3.3666186,0.9873417615890503,0.0773809552192688,0.00010008006211137399
YMR050C,YCL019W,1,3.3190346,0.987500011920929,0.0783730149269104,0.00010008006211137399
YFL001W,YNL282W,0,3.2618864,0.9753086566925049,0.0783730149269104,0.00020016012422274798
YDR263C,YLR157C-B,1,3.1957982,0.9756097793579102,0.0793650820851326,0.00020016012422274798
YML038C,YPL257W-B,0,3.1395967,0.9638554453849792,0.0793650820851326,0.00030024017905816436
YDL102W,YLR105C,1,3.071361,0.9642857313156128,0.0803571417927742,0.00030024017905816436
YER171W,YPL146C,0,3.0683658,0.9529411792755127,0.0803571417927742,0.00040032024844549596
YDL209C,YGL171W,0,3.0549223,0.9418604373931885,0.0803571417927742,0.0005004003178328276
YNL284C-B,YJL113W,1,3.0498664,0.9425287246704102,0.0813492089509964,0.0005004003178328276
YDR279W,YKL114C,1,3.0426395,0.9431818127632141,0.082341268658638,0.0005004003178328276
YOR033C,YDR098C-B,1,3.021674,0.9438202381134033,0.0833333358168602,0.0005004003178328276
YLR410W-B,YDL093W,0,2.9841793,0.9333333373069763,0.0833333358168602,0.0006004803581163287
YLR157C-B,YJL113W,1,2.950148,0.9340659379959106,0.0843253955245018,0.0006004803581163287
YBR135W,YMR051C,0,2.927719,0.9239130616188049,0.0843253955245018,0.0007005604566074908
YJL087C,YMR239C,1,2.9255557,0.9247311949729919,0.085317462682724,0.0007005604566074908
YDR263C,YNL054W-B,1,2.9023101,0.9255319237709045,0.0863095223903656,0.0007005604566074908
YAR009C,YJL087C,1,2.896661,0.9263157844543457,0.0873015895485878,0.0007005604566074908
YLR074C,YNL021W,0,2.8942342,0.9166666865348816,0.0873015895485878,0.0008006404968909919
YNL072W,YER159C-A,0,2.8839428,0.907216489315033,0.0873015895485878,0.000900720595382154
YAR009C,YJL113W,1,2.883238,0.9081632494926453,0.0882936492562294,0.000900720595382154
YGR027W-B,YJL113W,1,2.876124,0.9090909361839294,0.0892857164144516,0.000900720595382154
YDR087C,YNL314W,0,2.858206,0.8999999761581421,0.0892857164144516,0.0010008006356656551
YOL080C,YPL146C,0,2.8552244,0.8910890817642212,0.0892857164144516,0.0011008806759491563
YJL194W,YNL119W,0,2.844115,0.8823529481887817,0.0892857164144516,0.0012009607162326574
YLR107W,YHL009W-B,1,2.8392398,0.8834951519966125,0.0902777761220932,0.0012009607162326574
YDR316W-B,YIL082W-A,1,2.8111818,0.8846153616905212,0.0912698432803154,0.0012009607162326574
YPL241C,YER159C-A,0,2.8094227,0.8761904835700989,0.0912698432803154,0.0013010408729314804
YFL001W,YMR005W,0,2.8086882,0.8679245114326477,0.0912698432803154,0.0014011209132149816
YGR121C,YPL257W-B,0,2.8041217,0.8598130941390991,0.0912698432803154,0.0015012009534984827
YDR365W-B,YJL113W,1,2.7929027,0.8611111044883728,0.092261902987957,0.0015012009534984827
YOR001W,YAR008W,1,2.7570782,0.8623853325843811,0.0932539701461792,0.0015012009534984827
YPL060C-A,YML095C,1,2.7557256,0.8636363744735718,0.0942460298538208,0.0015012009534984827
YOL103W-B,YIL082W-A,1,2.755686,0.8648648858070374,0.095238097012043,0.0015012009534984827
YNL282W,YDR279W,1,2.7541733,0.8660714030265808,0.0962301567196846,0.0015012009534984827
YMR059W,YDR412W,1,2.7490616,0.8672566413879395,0.0972222238779068,0.0015012009534984827
YHR081W,YDL201W,0,2.7362168,0.859649121761322,0.0972222238779068,0.0016012809937819839
YGL246C,YAR008W,1,2.7290378,0.8608695864677429,0.0982142835855484,0.0016012809937819839
YDR339C,YDR121W,1,2.72696,0.8620689511299133,0.0992063507437706,0.0016012809937819839
YLR276C,YKL154W,0,2.7021158,0.8547008633613586,0.0992063507437706,0.001701361034065485
YPL123C,YHL009W-B,1,2.6976182,0.8559321761131287,0.1001984104514122,0.001701361034065485
YFL002W-A,YJL113W,1,2.6924555,0.8571428656578064,0.1011904776096344,0.001701361034065485
YJR061W,YOR192C-B,0,2.6834042,0.8500000238418579,0.1011904776096344,0.001801441190764308
YGL073W,YER159C-A,0,2.6766346,0.8429751992225647,0.1011904776096344,0.0019015212310478091
YLR035C-A,YNL262W,1,2.6714742,0.8442623019218445,0.102182537317276,0.0019015212310478091
YBR235W,YOR192C-B,0,2.6657255,0.8373983502388,0.102182537317276,0.0020016012713313103
YLR157C-B,YNL262W,1,2.6639621,0.8387096524238586,0.1031746044754982,0.0020016012713313103
YPR175W,YPL257W-B,0,2.6586497,0.8320000171661377,0.1031746044754982,0.0021016814280301332
YNL188W,YOR001W,0,2.6546679,0.8253968358039856,0.1031746044754982,0.0022017613518983126
YOR001W,YDR121W,1,2.6535642,0.8267716765403748,0.1041666641831398,0.0022017613518983126
YNL284C-B,YNL262W,1,2.6527588,0.828125,0.105158731341362,0.0022017613518983126
YGR040W,YDR365W-B,0,2.6417642,0.8217054009437561,0.105158731341362,0.0023018415085971355
YOL080C,YDR478W,1,2.6376765,0.8230769038200378,0.1061507910490036,0.0023018415085971355
YAR009C,YKR079C,1,2.6306727,0.8244274854660034,0.1071428582072258,0.0023018415085971355
YDR312W,YOR026W,0,2.6284866,0.8181818127632141,0.1071428582072258,0.002401921432465315
YFL024C,YER159C-A,0,2.6276324,0.8120300769805908,0.1071428582072258,0.002502001589164138
YMR211W,YLL011W,0,2.6247892,0.8059701323509216,0.1071428582072258,0.002602081745862961
YLR410W-B,YDL020C,0,2.6236787,0.800000011920929,0.1071428582072258,0.00270216166973114
YPL257W-B,YJL093C,0,2.5992005,0.7941176295280457,0.1071428582072258,0.002802241826429963
YDR110W,YOR295W,0,2.598901,0.7883211970329285,0.1071428582072258,0.0029023217502981424
YNR020C,YMR051C,0,2.594414,0.782608687877655,0.1071428582072258,0.0030024019069969654
YPR139C,YKL014C,0,2.584534,0.7769784331321716,0.1071428582072258,0.0031024820636957884
YAL064W-B,YFR030W,0,2.58228,0.7714285850524902,0.1071428582072258,0.0032025619875639677
YNL085W,YGR109W-B,1,2.5821173,0.7730496525764465,0.1081349179148674,0.0032025619875639677
YGR161W-B,YJL208C,1,2.5799544,0.7746478915214539,0.1091269850730896,0.0032025619875639677
YLR410W-B,YDR539W,0,2.5751107,0.7692307829856873,0.1091269850730896,0.0033026421442627907
YDL216C,YPL257W-B,0,2.5612113,0.7638888955116272,0.1091269850730896,0.00340272206813097
YDR261W-B,YJL153C,0,2.5496995,0.7586206793785095,0.1091269850730896,0.003502802224829793
YLR080W,YOR192C-B,0,2.5487025,0.7534246444702148,0.1091269850730896,0.003602882381528616
YLR410W-B,YPL241C,0,2.5453403,0.7482993006706238,0.1091269850730896,0.0037029623053967953
YKL033W-A,YNL278W,0,2.541592,0.7432432174682617,0.1091269850730896,0.0038030424620956182
YMR050C,YDR279W,1,2.5379078,0.744966447353363,0.1101190447807312,0.0038030424620956182
YOR343W-B,YBR223C,1,2.5374296,0.746666669845581,0.1111111119389534,0.0038030424620956182
YGR109W-B,YDR121W,1,2.5305378,0.748344361782074,0.112103171646595,0.0038030424620956182
YJR043C,YLR410W-B,1,2.516464,0.75,0.1130952388048172,0.0038030424620956182
YPL060C-A,YJR027W,1,2.5152278,0.7516340017318726,0.1140872985124588,0.0038030424620956182
YGR251W,YGR140W,0,2.513297,0.7467532753944397,0.1140872985124588,0.0039031223859637976
YHR023W,YML077W,0,2.5090356,0.7419354915618896,0.1140872985124588,0.0040032025426626205
YOR343W-B,YJL208C,1,2.5077114,0.7435897588729858,0.115079365670681,0.0040032025426626205
YLR157C-B,YBR163W,1,2.4990427,0.7452229261398315,0.1160714253783226,0.0040032025426626205
YBR163W,YOL103W-B,1,2.4989676,0.746835470199585,0.1170634925365448,0.0040032025426626205
YLR410W-B,YLR381W,0,2.4900644,0.7421383857727051,0.1170634925365448,0.0041032824665308
YOL080C,YMR224C,1,2.4881718,0.7437499761581421,0.1180555522441864,0.0041032824665308
YPL266W,YOL137W,0,2.4828413,0.739130437374115,0.1180555522441864,0.0042033628560602665
YDR261C-C,YJL076W,0,2.479939,0.7345678806304932,0.1180555522441864,0.004303442779928446
YLR410W-B,YKL114C,1,2.4670231,0.7361963391304016,0.1190476194024086,0.004303442779928446
YKL114C,YGR027W-B,1,2.4620264,0.7378048896789551,0.1200396791100502,0.004303442779928446
YAR009C,YLR154C,1,2.4551904,0.739393949508667,0.1210317462682724,0.004303442779928446
YBR154C,YDR524C,0,2.4540489,0.7349397540092468,0.1210317462682724,0.004403522703796625
YEL062W,YGR109W-B,0,2.450244,0.7305389046669006,0.1210317462682724,0.004503603093326092
YDR261C-C,YHR179W,0,2.448502,0.726190447807312,0.1210317462682724,0.004603683017194271
YNL160W,YER159C-A,0,2.44322,0.7218934893608093,0.1210317462682724,0.00470376294106245
YDR210C-D,YBR163W,1,2.4425557,0.7235293984413147,0.122023805975914,0.00470376294106245
YDR210C-D,YDR370C,1,2.4415643,0.7251461744308472,0.1230158731341362,0.00470376294106245
YER111C,YGR109W-B,0,2.4404857,0.7209302186965942,0.1230158731341362,0.00480384286493063
YGR109W-B,YOR368W,1,2.4396026,0.7225433588027954,0.1240079328417778,0.00480384286493063
YDR098C-B,YBR163W,1,2.4319344,0.7241379022598267,0.125,0.00480384286493063
YDR261W-B,YPR167C,0,2.4300768,0.7200000286102295,0.125,0.004903923254460096
YOL080C,YBR100W,1,2.4291258,0.7215909361839294,0.1259920597076416,0.004903923254460096
YCL067C,YGR109W-B,0,2.4289668,0.7175140976905823,0.1259920597076416,0.005004003178328276
YNL282W,YBR163W,1,2.4288294,0.7191011309623718,0.1269841343164444,0.005004003178328276
YNR076W,YDR261W-B,0,2.4288206,0.7150837779045105,0.1269841343164444,0.005104083102196455
YHR081W,YNR027W,0,2.424973,0.7111111283302307,0.1269841343164444,0.005204163491725922
YMR010W,YDR261C-C,0,2.422248,0.7071823477745056,0.1269841343164444,0.005304243415594101
YMR209C,YEL040W,0,2.4222348,0.7032967209815979,0.1269841343164444,0.00540432333946228
YDR093W,YAR066W,0,2.4213178,0.6994535326957703,0.1269841343164444,0.005504403728991747
YFL002W-A,YGR109W-B,1,2.415863,0.7010869383811951,0.127976194024086,0.005504403728991747
YHR164C,YAR009C,1,2.4113777,0.7027027010917664,0.1289682537317276,0.005504403728991747
YMR050C,YGL175C,1,2.4112298,0.7043010592460632,0.1299603134393692,0.005504403728991747
YLR381W,YOR192C-B,0,2.410862,0.7005347609519958,0.1299603134393692,0.005604483652859926
YPL231W,YGL204C,0,2.4082906,0.6968085169792175,0.1299603134393692,0.0057045635767281055
YOR343W-B,YPL060C-A,1,2.401806,0.6984127163887024,0.130952388048172,0.0057045635767281055
YDR478W,YDR261C-D,1,2.3995144,0.699999988079071,0.1319444477558136,0.0057045635767281055
YGR031W,YLR223C,0,2.398424,0.6963350772857666,0.1319444477558136,0.005804643500596285
YGR038C-A,YFL038C,0,2.3966806,0.6927083134651184,0.1319444477558136,0.0059047238901257515
YJR006W,YOR142W-B,1,2.3946261,0.6943005323410034,0.1329365074634552,0.0059047238901257515
YJR043C,YHR214C-B,1,2.39338,0.6958763003349304,0.1339285671710968,0.0059047238901257515
YGR134W,YOR192C-B,0,2.3924963,0.692307710647583,0.1339285671710968,0.006004803813993931
YPL123C,YLR227W-B,1,2.3919373,0.6938775777816772,0.1349206417798996,0.006004803813993931
YGR109W-B,YJL076W,0,2.3876553,0.6903553009033203,0.1349206417798996,0.00610488373786211
YOR295W,YPL146C,0,2.3847063,0.6868686676025391,0.1349206417798996,0.006204964127391577
YOR048C,YBR012W-B,1,2.3845043,0.6884422302246094,0.1359127014875412,0.006204964127391577
YLR157C-B,YKL114C,1,2.380737,0.6899999976158142,0.1369047611951828,0.006204964127391577
YDR261C-C,YLR174W,0,2.3800766,0.6865671873092651,0.1369047611951828,0.006305044051259756
YMR050C,YCR026C,1,2.3792784,0.6881188154220581,0.1378968209028244,0.006305044051259756
YLR035C-A,YDR453C,0,2.3783998,0.6847290396690369,0.1378968209028244,0.006405123975127935
YHR079C,YPL257W-B,1,2.37807,0.686274528503418,0.1388888955116272,0.006405123975127935
YDR295C,YER159C-A,0,2.3762634,0.6829268336296082,0.1388888955116272,0.006505204364657402
YKL052C,YDR261C-C,0,2.3752925,0.6796116232872009,0.1388888955116272,0.006605284288525581
YOR343W-B,YBR163W,1,2.3708577,0.6811594367027283,0.1398809552192688,0.006605284288525581
YGR038C-A,YNR006W,0,2.367783,0.6778846383094788,0.1398809552192688,0.006705364212393761
YER160C,YJR027W,1,2.367097,0.679425835609436,0.1408730149269104,0.006705364212393761
YOR295W,YKR025W,0,2.36707,0.6761904954910278,0.1408730149269104,0.00680544413626194
YGR245C,YMR005W,0,2.3652356,0.6729857921600342,0.1408730149269104,0.006905524525791407
YHR065C,YDR489W,0,2.363419,0.6698113083839417,0.1408730149269104,0.007005604449659586
YGR161W-B,YJR006W,1,2.3607657,0.67136150598526,0.141865074634552,0.007005604449659586
YOR343W-B,YML091C,1,2.3569815,0.672897219657898,0.1428571492433548,0.007005604449659586
YIR021W,YPL257W-B,1,2.3545277,0.6744186282157898,0.1438492089509964,0.007005604449659586
YGL047W,YER159C-A,0,2.3512075,0.6712962985038757,0.1438492089509964,0.007105684373527765
YLR410W-B,YBR037C,0,2.348872,0.6682027578353882,0.1438492089509964,0.007205764763057232
YMR287C,YDR034C-D,1,2.348367,0.6697247624397278,0.144841268658638,0.007205764763057232
YGL085W,YGR109W-B,1,2.3475869,0.6712328791618347,0.1458333283662796,0.007205764763057232
YGR038C-B,YGR109W-B,1,2.347214,0.6727272868156433,0.1468254029750824,0.007205764763057232
YIL126W,YJR097W,0,2.346027,0.6696832776069641,0.1468254029750824,0.007305844686925411
YDL020C,YDR261C-C,0,2.343538,0.6666666865348816,0.1468254029750824,0.0074059246107935905
YNL282W,YJL208C,1,2.3432345,0.6681614518165588,0.147817462682724,0.0074059246107935905
YPL060C-A,YCL019W,1,2.343108,0.6696428656578064,0.1488095223903656,0.0074059246107935905
YGR038C-A,YLR450W,0,2.3421533,0.6666666865348816,0.1488095223903656,0.007506005000323057
YJL209W,YPL257W-B,0,2.338887,0.6637167930603027,0.1488095223903656,0.0076060849241912365
YGL246C,YLR035C-A,1,2.3388026,0.6651982665061951,0.1498015820980072,0.0076060849241912365
YDR339C,YLR105C,1,2.338512,0.6666666865348816,0.15079365670681,0.0076060849241912365
YLR019W,YGR038C-A,0,2.3379443,0.663755476474762,0.15079365670681,0.007706164848059416
YGL106W,YKL014C,0,2.3359075,0.6608695387840271,0.15079365670681,0.007806244771927595
YGR161W-B,YPL060C-A,1,2.3355224,0.6623376607894897,0.1517857164144516,0.007806244771927595
YNL284C-B,YJR006W,1,2.3347561,0.6637930870056152,0.1527777761220932,0.007806244771927595
YER138C,YPL060C-A,1,2.3321831,0.6652360558509827,0.1537698358297348,0.007806244771927595
YBR227C,YHR081W,0,2.3309052,0.6623931527137756,0.1537698358297348,0.007906325161457062
YDL209C,YOL137W,0,2.3296635,0.6595744490623474,0.1537698358297348,0.008006405085325241
YLR107W,YLR157C-B,1,2.3294103,0.6610169410705566,0.1547619104385376,0.008006405085325241
YOR295W,YHR066W,0,2.325278,0.6582278609275818,0.1547619104385376,0.00810648500919342
YKR056W,YNL221C,1,2.3249047,0.6596638560295105,0.1557539701461792,0.00810648500919342
YPL257W-B,YML091C,1,2.3244948,0.6610878705978394,0.1567460298538208,0.00810648500919342
YLR226W,YPL275W,0,2.3197777,0.6583333611488342,0.1567460298538208,0.0082065649330616
YLR154C,YOL103W-B,1,2.3181627,0.6597510576248169,0.1577380895614624,0.0082065649330616
YKL149C,YLR074C,0,2.3171089,0.6570248007774353,0.1577380895614624,0.008306644856929779
YOR001W,YGR027W-B,1,2.3143704,0.6584362387657166,0.1587301641702652,0.008306644856929779
YPL230W,YLR035C-A,0,2.3138392,0.6557376980781555,0.1587301641702652,0.008406725712120533
YNL021W,YLR288C,0,2.3124635,0.6530612111091614,0.1587301641702652,0.008506805635988712
YDR346C,YOR192C-B,0,2.3057067,0.6504064798355103,0.1587301641702652,0.008606885559856892
YBR098W,YHL009W-B,1,2.2984555,0.6518218517303467,0.1597222238779068,0.008606885559856892
YOL021C,YGR030C,1,2.2984295,0.6532257795333862,0.1607142835855484,0.008606885559856892
YKL032C,YKL078W,0,2.296083,0.650602400302887,0.1607142835855484,0.008706965483725071
YKL124W,YPL257W-B,0,2.295385,0.6480000019073486,0.1607142835855484,0.00880704540759325
YOR048C,YDR261W-B,1,2.2932103,0.649402379989624,0.16170634329319,0.00880704540759325
YHR111W,YLR035C-A,0,2.2912974,0.64682537317276,0.16170634329319,0.00890712533146143
YKL200C,YKL195W,0,2.2907488,0.6442687511444092,0.16170634329319,0.009007206186652184
YLR154C,YPL257W-B,1,2.2905705,0.6456692814826965,0.1626984179019928,0.009007206186652184
YDR263C,YDR210C-D,1,2.290458,0.6470588445663452,0.1636904776096344,0.009007206186652184
YJL087C,YKR079C,1,2.2902882,0.6484375,0.164682537317276,0.009007206186652184
YGR031W,YCL045C,0,2.2875643,0.6459143757820129,0.164682537317276,0.009107286110520363
YKL113C,YJR029W,1,2.2871182,0.6472868323326111,0.1656745970249176,0.009107286110520363
YOR274W,YJR097W,0,2.2866893,0.6447876691818237,0.1656745970249176,0.009207366034388542
YKL006C-A,YCL027C-A,0,2.2865853,0.642307698726654,0.1656745970249176,0.009307445958256721
YMR234W,YOR056C,1,2.2827704,0.6436781883239746,0.1666666716337204,0.009307445958256721
YPL160W,YER159C-A,0,2.2827673,0.6412213444709778,0.1666666716337204,0.0094075258821249
YDR365W-B,YLR270W,0,2.2818253,0.6387832760810852,0.1666666716337204,0.00950760580599308
YEL020C,YAR066W,0,2.2803712,0.6363636255264282,0.1666666716337204,0.00960768572986126
YKL113C,YLR157C-B,1,2.2793539,0.6377358436584473,0.167658731341362,0.00960768572986126
YEL016C,YGR027W-B,1,2.2791238,0.6390977501869202,0.1686507910490036,0.00960768572986126
YLR035C-A,YKL210W,0,2.277386,0.63670414686203,0.1686507910490036,0.009707766585052013
YGR109W-B,YBL005W-B,1,2.274675,0.638059675693512,0.1696428507566452,0.009707766585052013
YJR043C,YMR045C,1,2.2727177,0.6394051909446716,0.170634925365448,0.009707766585052013
YGR161W-B,YBR257W,1,2.2726796,0.6407407522201538,0.1716269850730896,0.009707766585052013
YPR158W-B,YJL208C,1,2.2713654,0.6420664191246033,0.1726190447807312,0.009707766585052013
YDR210C-D,YOR056C,1,2.269132,0.6433823704719543,0.1736111044883728,0.009707766585052013
YGR272C,YDL022W,0,2.2683063,0.6410256624221802,0.1736111044883728,0.009807846508920193
YBL005W-B,YIL082W-A,1,2.2678216,0.6423357725143433,0.1746031790971756,0.009807846508920193
YDR478W,YDR210C-D,1,2.2676947,0.6436363458633423,0.1755952388048172,0.009807846508920193
YPR158C-D,YBL055C,1,2.266423,0.6449275612831116,0.1765872985124588,0.009807846508920193
YLR035C-A,YDR216W,0,2.2661664,0.6425992846488953,0.1765872985124588,0.009907926432788372
YPR110C,YAR066W,0,2.2659338,0.6402877569198608,0.1765872985124588,0.010008006356656551
YBR247C,YOR236W,0,2.2643626,0.6379928588867188,0.1765872985124588,0.01010808628052473
YDR293C,YGR272C,0,2.2639616,0.6357142925262451,0.1765872985124588,0.01020816620439291
YAL033W,YAR009C,1,2.2632964,0.6370106935501099,0.1775793582201004,0.01020816620439291
YPL060C-A,YDR261C-D,1,2.262917,0.6382978558540344,0.1785714328289032,0.01020816620439291
YKR056W,YLR210W,0,2.2623532,0.6360424160957336,0.1785714328289032,0.010308247059583664
YGR038C-A,YLR270W,0,2.2622592,0.6338028311729431,0.1785714328289032,0.010408326983451843
YDR018C,YER159C-A,0,2.2612653,0.6315789222717285,0.1785714328289032,0.010508406907320023
YGR038C-A,YJR006W,0,2.2607033,0.6293706297874451,0.1785714328289032,0.010608486831188202
YDR210C-D,YNL221C,1,2.2581081,0.6306620240211487,0.1795634925365448,0.010608486831188202
YDR121W,YAR008W,1,2.258025,0.6319444179534912,0.1805555522441864,0.010608486831188202
YML118W,YLR227W-B,1,2.2553794,0.633217990398407,0.181547611951828,0.010608486831188202
YOL080C,YLL035W,0,2.2539647,0.6310344934463501,0.181547611951828,0.010708566755056381
YHL009W-B,YDR261W-B,1,2.2529843,0.6323024034500122,0.1825396865606308,0.010708566755056381
YOR298C-A,YCR058C,0,2.2525332,0.6301369667053223,0.1825396865606308,0.01080864667892456
YER160C,YHL009W-B,1,2.249913,0.6313993334770203,0.1835317462682724,0.01080864667892456
YDL031W,YDR485C,0,2.2489557,0.6292517185211182,0.1835317462682724,0.01090872660279274
YIR021W,YPR158W-B,1,2.248405,0.6305084824562073,0.184523805975914,0.01090872660279274
YGR161W-B,YOR001W,1,2.2481947,0.6317567825317383,0.1855158656835556,0.01090872660279274
YOR258W,YDR210C-D,1,2.2474926,0.6329966187477112,0.1865079402923584,0.01090872660279274
YDR261C-D,YLR277C,1,2.2471278,0.6342281699180603,0.1875,0.01090872660279274
YOR048C,YLR410W-B,1,2.247091,0.6354514956474304,0.1884920597076416,0.01090872660279274
YAR002W,YPR137W,0,2.2451046,0.6333333253860474,0.1884920597076416,0.011008807457983494
YNL282W,YDR365W-B,1,2.2443542,0.634551465511322,0.1894841343164444,0.011008807457983494
YDR034C-D,YLR277C,1,2.2437215,0.6357616186141968,0.190476194024086,0.011008807457983494
YDR194C,YLR035C-A,0,2.2434218,0.6336633563041687,0.190476194024086,0.011108887381851673
YNL207W,YMR211W,0,2.2411766,0.6315789222717285,0.190476194024086,0.011208967305719852
YDR261C-C,YIL042C,0,2.2394714,0.6295081973075867,0.190476194024086,0.011309047229588032
YAL033W,YBL005W-B,1,2.2371237,0.6307189464569092,0.1914682537317276,0.011309047229588032
YDR365W-B,YGR133W,0,2.235294,0.628664493560791,0.1914682537317276,0.011409127153456211
YOR258W,YLR227W-B,1,2.2352169,0.6298701167106628,0.1924603134393692,0.011409127153456211
YOL021C,YCL019W,1,2.2333565,0.6310679316520691,0.193452388048172,0.011409127153456211
YPR158C-D,YIL082W-A,1,2.232945,0.6322580575942993,0.1944444477558136,0.011409127153456211
YGR038C-B,YLR154C,1,2.231942,0.6334404945373535,0.1954365074634552,0.011409127153456211
YFL002W-A,YNL221C,1,2.2275255,0.6346153616905212,0.1964285671710968,0.011409127153456211
YDR034C-D,YDL102W,1,2.224214,0.6357827186584473,0.1974206417798996,0.011409127153456211
YKL033W,YPR009W,0,2.2180076,0.6337579488754272,0.1974206417798996,0.01150920707732439
YKL200C,YLR447C,0,2.2160966,0.6317460536956787,0.1974206417798996,0.01160928700119257
YDL150W,YJL162C,0,2.21396,0.6297468543052673,0.1974206417798996,0.011709367856383324
YPR097W,YAR066W,0,2.2136598,0.6277602314949036,0.1974206417798996,0.011809447780251503
YGL166W,YDR261W-B,0,2.2100563,0.6257861852645874,0.1974206417798996,0.011909527704119682
YPR137C-B,YLR154C,1,2.2071664,0.6269592642784119,0.1984127014875412,0.011909527704119682
YGR284C,YOR192C-B,0,2.2071521,0.625,0.1984127014875412,0.012009607627987862
YGR161W-B,YKL149C,1,2.2070541,0.6261682510375977,0.1994047611951828,0.012009607627987862
YNR040W,YPL257W-B,0,2.2035878,0.6242235898971558,0.1994047611951828,0.012109687551856041
YDR293C,YDR261W-B,1,2.2030675,0.6253870129585266,0.2003968209028244,0.012109687551856041
YLR276C,YGL171W,0,2.2030323,0.6234567761421204,0.2003968209028244,0.01220976747572422
YCR026C,YOR142W-B,1,2.2025158,0.6246153712272644,0.2013888955116272,0.01220976747572422
YMR050C,YOR166C,1,2.2022808,0.6257668733596802,0.2023809552192688,0.01220976747572422
YDR386W,YDR261W-B,1,2.2015421,0.6269113421440125,0.2033730149269104,0.01220976747572422
YGL085W,YFL002W-A,1,2.2015169,0.6280487775802612,0.204365074634552,0.01220976747572422
YDR210C-D,YMR239C,1,2.201154,0.6291793584823608,0.2053571492433548,0.01220976747572422
YPR143W,YDR485C,0,2.2005668,0.6272727251052856,0.2053571492433548,0.012309848330914974
YOR033C,YIL082W-A,1,2.200164,0.6283987760543823,0.2063492089509964,0.012309848330914974
YGL079W,YDR474C,0,2.1993327,0.6265060305595398,0.2063492089509964,0.012409928254783154
YGR161C-D,YGR030C,1,2.1949577,0.6276276111602783,0.207341268658638,0.012409928254783154
YDR386W,YLR410W-B,1,2.1930778,0.628742516040802,0.2083333283662796,0.012409928254783154
YLR410W-B,YLR154C,1,2.1928887,0.6298507452011108,0.2093254029750824,0.012409928254783154
YOL163W,YGR038C-A,0,2.191394,0.6279761791229248,0.2093254029750824,0.012510008178651333
YER176W,YPL012W,0,2.1909754,0.6261127591133118,0.2093254029750824,0.012610088102519512
YER078C,YOR020W-A,0,2.1904209,0.6242603659629822,0.2093254029750824,0.012710168026387691
YBL039W-A,YMR142C,0,2.1884906,0.6224188804626465,0.2093254029750824,0.01281024795025587
YLR157C-B,YDR293C,1,2.18841,0.6235294342041016,0.210317462682724,0.01281024795025587
YBR106W,YER159C-A,0,2.1872978,0.6217008829116821,0.210317462682724,0.01291032787412405
YDL113C,YHR079C-B,0,2.1872182,0.6198830604553223,0.210317462682724,0.013010408729314804
YLR105C,YOL103W-B,1,2.1871383,0.6209912300109863,0.2113095223903656,0.013010408729314804
YJL200C,YBL014C,0,2.1861293,0.6191860437393188,0.2113095223903656,0.013110488653182983
YGR161C-D,YEL016C,1,2.1858785,0.6202898621559143,0.2123015820980072,0.013110488653182983
YDR279W,YOR192C-B,1,2.184135,0.6213873028755188,0.21329365670681,0.013110488653182983
YKL078W,YMR285C,0,2.1838512,0.619596540927887,0.21329365670681,0.013210568577051163
YDR478W,YGR027W-B,1,2.1819255,0.6206896305084229,0.2142857164144516,0.013210568577051163
YML015C,YLR017W,0,2.1810935,0.6189111471176147,0.2142857164144516,0.013310648500919342
YDR034C-D,YDR279W,1,2.1804855,0.6200000047683716,0.2152777761220932,0.013310648500919342
YML118W,YPR158W-B,1,2.1798747,0.621082603931427,0.2162698358297348,0.013310648500919342
YKL114C,YBL100W-B,1,2.1789334,0.6221590638160706,0.2172619104385376,0.013310648500919342
YGR038C-A,YIR035C,0,2.1783752,0.620396614074707,0.2172619104385376,0.013410728424787521
YOR258W,YNL054W-B,1,2.1778724,0.6214689016342163,0.2182539701461792,0.013410728424787521
YMR262W,YGR161W-B,1,2.173806,0.622535228729248,0.2192460298538208,0.013410728424787521
YML028W,YGR109W-B,0,2.1721137,0.6207864880561829,0.2192460298538208,0.0135108083486557
YHR100C,YLR035C-A,0,2.1713989,0.6190476417541504,0.2192460298538208,0.01361088827252388
YML118W,YDR210W-B,1,2.1709745,0.6201117038726807,0.2202380895614624,0.01361088827252388
YBR255W,YDR261W-B,0,2.1695986,0.6183844208717346,0.2202380895614624,0.013710969127714634
YOR258W,YLR410W-B,1,2.1690881,0.6194444298744202,0.2212301641702652,0.013710969127714634
YER171W,YPL257W-B,0,2.1689866,0.6177285313606262,0.2212301641702652,0.013811049051582813
YGL085W,YNL054W-B,1,2.1689322,0.6187845468521118,0.2222222238779068,0.013811049051582813
YPL123C,YGR109W-B,1,2.1679182,0.6198347210884094,0.2232142835855484,0.013811049051582813
YGL085W,YOR142W-B,1,2.1675866,0.6208791136741638,0.22420634329319,0.013811049051582813
YDR261W-B,YOR363C,0,2.1666076,0.619178056716919,0.22420634329319,0.013911128975450993
YJR043C,YDR210C-D,1,2.1642718,0.6202185750007629,0.2251984179019928,0.013911128975450993
YMR262W,YLR227W-B,1,2.1621478,0.6212534308433533,0.2261904776096344,0.013911128975450993
YHL009W-B,YCL075W,1,2.1616144,0.6222826242446899,0.227182537317276,0.013911128975450993
YDL225W,YPL257W-B,0,2.1613266,0.6205962300300598,0.227182537317276,0.014011208899319172
YDR293C,YOR142W-B,1,2.1611757,0.6216216087341309,0.2281745970249176,0.014011208899319172
YNL072W,YAR066W,0,2.159543,0.6199460625648499,0.2281745970249176,0.014111288823187351
YLR145W,YDR261W-B,0,2.1590097,0.6182795763015747,0.2281745970249176,0.01421136874705553
YOR020W-A,YGR288W,0,2.1586637,0.6166219711303711,0.2281745970249176,0.014311449602246284
YOR142W-B,YAL021C,1,2.1581986,0.6176470518112183,0.2291666716337204,0.014311449602246284
YKL143W,YAR066W,0,2.1555371,0.6159999966621399,0.2291666716337204,0.014411529526114464
YEL032W,YER159C-A,0,2.1536849,0.6143617033958435,0.2291666716337204,0.014511609449982643
YMR059W,YDR210C-D,1,2.1536038,0.6153846383094788,0.230158731341362,0.014511609449982643
YDR478W,YGR161W-B,1,2.153506,0.6164020895957947,0.2311507910490036,0.014511609449982643
YGR161C-D,YOR056C,1,2.1523347,0.6174142360687256,0.2321428507566452,0.014511609449982643
YOL086W-A,YPL029W,0,2.150562,0.6157894730567932,0.2321428507566452,0.014611689373850822
YPL060C-A,YOR330C,1,2.1473782,0.616797924041748,0.233134925365448,0.014611689373850822
YNL221C,YDR261C-D,1,2.1467342,0.6178010702133179,0.2341269850730896,0.014611689373850822
YGR161C-D,YHR164C,1,2.146615,0.6187989711761475,0.2351190447807312,0.014611689373850822
YOR369C,YKR099W,0,2.1464818,0.6171875,0.2351190447807312,0.014711769297719002
YNL242W,YOR020W-A,0,2.145247,0.6155844330787659,0.2351190447807312,0.014811849221587181
YDR261C-C,YER069W,0,2.1447406,0.6139896512031555,0.2351190447807312,0.01491192914545536
YDR474C,YHL015W,0,2.144543,0.6124030947685242,0.2351190447807312,0.015012010000646114
YGL039W,YJL113W,0,2.143008,0.6108247637748718,0.2351190447807312,0.015112089924514294
YPR061C,YMR194C-B,0,2.1404235,0.6092544794082642,0.2351190447807312,0.015212169848382473
YDR365W-B,YDR421W,0,2.1399891,0.607692301273346,0.2351190447807312,0.015312249772250652
YLR312C-B,YLR017W,0,2.1397483,0.6061381101608276,0.2351190447807312,0.015412329696118832
YMR046C,YDR390C,0,2.1386962,0.6045918464660645,0.2351190447807312,0.015512409619987011
YDR261C-C,YPL252C,0,2.1384795,0.6030534505844116,0.2351190447807312,0.01561248954385519
YHL008C,YER159C-A,0,2.1376553,0.6015228629112244,0.2351190447807312,0.015712570399045944
YPR135W,YDR407C,0,2.1371033,0.6000000238418579,0.2351190447807312,0.015812650322914124
YLR035C-A,YAL042W,0,2.1366253,0.5984848737716675,0.2351190447807312,0.015912730246782303
YOL067C,YPL257W-B,0,2.135961,0.5969773530960083,0.2351190447807312,0.016012810170650482
YDR261C-D,YAR008W,1,2.1315703,0.5979899764060974,0.2361111044883728,0.016012810170650482
YLL003W,YBR154C,0,2.1311781,0.5964912176132202,0.2361111044883728,0.01611289009451866
YNL284C-B,YBR257W,1,2.1286294,0.5975000262260437,0.2371031790971756,0.01611289009451866
YGR088W,YOR020W-A,0,2.1282809,0.5960099697113037,0.2371031790971756,0.01621297001838684
YHR079C,YML045W,1,2.1261482,0.5970149040222168,0.2380952388048172,0.01621297001838684
YDR121W,YNL001W,1,2.1255152,0.5980148911476135,0.2390872985124588,0.01621297001838684
YMR137C,YFL002W-A,1,2.124295,0.5990098714828491,0.2400793582201004,0.01621297001838684
YDR014W-A,YBR014C,0,2.1218114,0.5975308418273926,0.2400793582201004,0.01631304994225502
YGR276C,YDR316W-B,1,2.121158,0.5985221862792969,0.2410714328289032,0.01631304994225502
YGR080W,YLR035C-A,0,2.1209612,0.5970516204833984,0.2410714328289032,0.0164131298661232
YNL232W,YLR035C-A,0,2.1209564,0.595588207244873,0.2410714328289032,0.01651320978999138
YKL067W,YDR261C-C,0,2.119968,0.5941320061683655,0.2410714328289032,0.016613289713859558
YAL033W,YML045W,1,2.1195471,0.5951219797134399,0.2420634925365448,0.016613289713859558
YER018C,YCL027C-A,0,2.118712,0.5936739444732666,0.2420634925365448,0.016713371500372887
YDR293C,YPL257W-B,1,2.118485,0.594660222530365,0.2430555522441864,0.016713371500372887
YDR087C,YCL063W,0,2.1178968,0.5932203531265259,0.2430555522441864,0.016813451424241066
YHL009W-B,YMR024W,1,2.115784,0.5942028760910034,0.244047611951828,0.016813451424241066
YPL183W-A,YLR337W,0,2.1147532,0.5927711129188538,0.244047611951828,0.016913531348109245
YOR020W-A,YIL101C,0,2.114694,0.5913461446762085,0.244047611951828,0.017013611271977425
YNL282W,YAR008W,1,2.1126788,0.5923261642456055,0.2450396865606308,0.017013611271977425
YPL123C,YLR035C-A,1,2.112522,0.5933014154434204,0.2460317462682724,0.017013611271977425
YBR227C,YLR410W-B,0,2.1118224,0.5918854475021362,0.2460317462682724,0.017113691195845604
YMR050C,YGR276C,1,2.1111448,0.5928571224212646,0.247023805975914,0.017113691195845604
YLR099W-A,YML056C,0,2.1089413,0.5914489030838013,0.247023805975914,0.017213771119713783
YBL008W-A,YPR020W,0,2.1080148,0.5900474190711975,0.247023805975914,0.017313851043581963
YKL004W,YCR029C-A,0,2.1068451,0.588652491569519,0.247023805975914,0.017413930967450142
YHR081W,YEL015W,0,2.1064408,0.5872641801834106,0.247023805975914,0.01751401089131832
YOR357C,YBR196C-A,0,2.1059487,0.5858823657035828,0.247023805975914,0.0176140908151865
YDR365W-B,YAL021C,1,2.1044219,0.5868544578552246,0.2480158656835556,0.0176140908151865
YOR001W,YPL257W-B,1,2.1032412,0.5878220200538635,0.2490079402923584,0.0176140908151865
YBL084C,YOR020W-A,0,2.1022222,0.586448609828949,0.2490079402923584,0.01771417073905468
YDR261C-C,YHR139C,0,2.1016095,0.5850815773010254,0.2490079402923584,0.01781425066292286
YMR059W,YDR034C-D,1,2.1016076,0.5860465168952942,0.25,0.01781425066292286
YDR261C-D,YML091C,1,2.1001437,0.5870069861412048,0.2509920597076416,0.01781425066292286
YDL245C,YLR337W,0,2.099281,0.5856481194496155,0.2509920597076416,0.01791433058679104
YPR137C-B,YCR026C,1,2.0984702,0.5866050720214844,0.2519841194152832,0.01791433058679104
YDR093W,YLR035C-A,0,2.0974793,0.5852534770965576,0.2519841194152832,0.018014412373304367
YDL126C,YJL127C-A,0,2.0955272,0.5839080214500427,0.2519841194152832,0.018114492297172546
YOL010W,YDR210C-D,1,2.0954492,0.5848624110221863,0.2529761791229248,0.018114492297172546
YBR098W,YPR158W-B,1,2.0947497,0.5858123302459717,0.2539682686328888,0.018114492297172546
YGL173C,YDR261W-B,1,2.094556,0.586758017539978,0.2549603283405304,0.018114492297172546
YOR368W,YOR192C-B,1,2.0937304,0.587699294090271,0.255952388048172,0.018114492297172546
YGR032W,YDR261C-C,0,2.0934212,0.5863636136054993,0.255952388048172,0.018214572221040726
YOR124C,YBR196C-A,0,2.0933177,0.5850340127944946,0.255952388048172,0.018314652144908905
YKL090W,YDR261C-D,1,2.0917525,0.5859728455543518,0.2569444477558136,0.018314652144908905
YGR276C,YOR192C-B,1,2.090849,0.5869074463844299,0.2579365074634552,0.018314652144908905
YEL016C,YPR158W-B,1,2.0906096,0.587837815284729,0.2589285671710968,0.018314652144908905
YCL027C-A,YBL075C,0,2.089285,0.5865168571472168,0.2589285671710968,0.018414732068777084
YKR087C,YJL127C-A,0,2.0887208,0.5852017998695374,0.2589285671710968,0.018514811992645264
YAL034W-A,YLR288C,0,2.087847,0.5838926434516907,0.2589285671710968,0.018614891916513443
YMR045C,YKR056W,1,2.08546,0.5848214030265808,0.2599206268787384,0.018614891916513443
YDR014W-A,YJL093C,0,2.083409,0.583518922328949,0.2599206268787384,0.018714971840381622
YBR094W,YGR109W-B,0,2.0822513,0.5822222232818604,0.2599206268787384,0.0188150517642498
YNL221C,YDR121W,1,2.080997,0.5831485390663147,0.26091268658638,0.0188150517642498
YOL021C,YPL060C-A,1,2.080105,0.5840708017349243,0.261904776096344,0.0188150517642498
YBR100W,YBL030C,0,2.0798154,0.5827814340591431,0.261904776096344,0.01891513168811798
YMR122W-A,YOL096C,0,2.0786417,0.5814977884292603,0.261904776096344,0.01901521161198616
YDR478W,YOL103W-B,1,2.0785525,0.5824176073074341,0.2628968358039856,0.01901521161198616
YJL065C,YDR261C-C,0,2.0784717,0.5811403393745422,0.2628968358039856,0.01911529153585434
YML058W,YBR196C-A,0,2.0783165,0.579868733882904,0.2628968358039856,0.01921537145972252
YLL003W,YDR365W-B,0,2.0770519,0.5786026120185852,0.2628968358039856,0.019315453246235847
YFR047C,YER159C-A,0,2.07665,0.5773420333862305,0.2628968358039856,0.019415533170104027
YPL123C,YDR034C-D,1,2.0760486,0.5782608985900879,0.2638888955116272,0.019415533170104027
YGR276C,YNL054W-B,1,2.0759416,0.5791757106781006,0.2648809552192688,0.019415533170104027
YDL102W,YOR166C,1,2.0747778,0.5800865888595581,0.2658730149269104,0.019415533170104027
YNL282W,YPL257W-B,1,2.0742707,0.5809935331344604,0.266865074634552,0.019415533170104027
YGR276C,YDR098C-B,1,2.0740418,0.5818965435028076,0.2678571343421936,0.019415533170104027
YLR226W,YKL143W,0,2.0737488,0.5806451439857483,0.2678571343421936,0.019515613093972206
YLR099W-A,YMR083W,0,2.0732224,0.5793991684913635,0.2678571343421936,0.019615693017840385
YEL016C,YNL054W-B,1,2.0731695,0.5802997946739197,0.2688491940498352,0.019615693017840385
YGR109W-B,YDL247W,0,2.0727234,0.5790598392486572,0.2688491940498352,0.019715772941708565
YNL299W,YKL149C,0,2.071168,0.5778251886367798,0.2688491940498352,0.019815852865576744
YBL008W-A,YDL192W,0,2.0707922,0.5765957236289978,0.2688491940498352,0.019915932789444923
YAL059W,YPR137W,0,2.0699983,0.5753715634346008,0.2688491940498352,0.020016012713313103
YOR142W-B,YDR279W,1,2.0686324,0.5762711763381958,0.2698412835597992,0.020016012713313103
YGR038C-B,YOR368W,1,2.0667136,0.5771670341491699,0.2708333432674408,0.020016012713313103
YMR190C,YJL127C-A,0,2.064963,0.5759493708610535,0.2708333432674408,0.020116092637181282
YHR046C,YHR214W,0,2.0646164,0.5747368335723877,0.2708333432674408,0.02021617256104946
YER093C,YBL039W-A,0,2.0642748,0.5735294222831726,0.2708333432674408,0.02031625248491764
YGR161W-B,YDR370C,1,2.0640786,0.5744234919548035,0.2718254029750824,0.02031625248491764
YDR347W,YBL039W-A,0,2.0638428,0.573221743106842,0.2718254029750824,0.02041633240878582
YDR478W,YOR368W,1,2.0638368,0.5741127133369446,0.272817462682724,0.02041633240878582
YHR151C,YJL127C-A,0,2.0635197,0.5729166865348816,0.272817462682724,0.020516412332654
YCR034W,YPL257W-B,0,2.062776,0.5717255473136902,0.272817462682724,0.020616494119167328
YOR258W,YDR365W-B,1,2.0623522,0.5726141333580017,0.2738095223903656,0.020616494119167328
YGR161C-D,YDR279W,1,2.0619795,0.5734989643096924,0.2748015820980072,0.020616494119167328
YGR030C,YBL005W-B,1,2.061067,0.5743801593780518,0.2757936418056488,0.020616494119167328
YOL033W,YBL039W-A,0,2.0604346,0.5731958746910095,0.2757936418056488,0.020716574043035507
YDL108W,YPR027C,0,2.060144,0.5720164775848389,0.2757936418056488,0.020816653966903687
YOR001W,YBL100W-B,1,2.0601423,0.5728952884674072,0.2767857015132904,0.020816653966903687
YDR179C,YEL061C,0,2.0592813,0.5717213153839111,0.2767857015132904,0.020916733890771866
YNL282W,YPR158W-B,1,2.0590684,0.5725971460342407,0.2777777910232544,0.020916733890771866
YBR135W,YJL127C-A,0,2.058947,0.5714285969734192,0.2777777910232544,0.021016813814640045
YHR085W,YDR312W,0,2.057954,0.5702647566795349,0.2777777910232544,0.021116893738508224
YHR064C,YDR261C-C,0,2.056884,0.5691056847572327,0.2777777910232544,0.021216973662376404
YMR239C,YOL103W-B,1,2.0538125,0.569979727268219,0.278769850730896,0.021216973662376404
YKL011C,YOR056C,1,2.0538118,0.5708501935005188,0.2797619104385376,0.021216973662376404
YPL257W-B,YAR008W,1,2.0530493,0.5717171430587769,0.2807539701461792,0.021216973662376404
YOR368W,YLR410W-B,1,2.0516398,0.5725806355476379,0.2817460298538208,0.021216973662376404
YJL065C,YJL127C-A,0,2.0498664,0.5714285969734192,0.2817460298538208,0.021317053586244583
YML015C,YOR095C,0,2.0497248,0.5702811479568481,0.2817460298538208,0.021417133510112762
YBL008W-A,YMR267W,0,2.048894,0.5691382884979248,0.2817460298538208,0.021517213433980942
YNL282W,YDR261C-D,1,2.0478537,0.5699999928474426,0.2827380895614624,0.021517213433980942
YGR161C-D,YML095C,1,2.047761,0.5708582997322083,0.283730149269104,0.021517213433980942
YGR038C-A,YHR001W,0,2.045165,0.5697211027145386,0.283730149269104,0.02161729335784912
YOL086W-A,YOR201C,0,2.0449867,0.5685884952545166,0.283730149269104,0.0217173732817173
YBL008W-A,YDR225W,0,2.043919,0.567460298538208,0.283730149269104,0.02181745320558548
YDR316W-B,YGL094C,1,2.0431898,0.5683168172836304,0.2847222089767456,0.02181745320558548
YKL113C,YHR214C-B,1,2.0410633,0.5691699385643005,0.2857142984867096,0.02181745320558548
YDL117W,YMR194C-B,0,2.040261,0.5680473446846008,0.2857142984867096,0.02191753312945366
YGR198W,YBL039W-A,0,2.0397484,0.5669291615486145,0.2857142984867096,0.022017614915966988
YOR261C,YNL236W,0,2.0389915,0.5658153295516968,0.2857142984867096,0.022117694839835167
YDR365W-B,YJL020C,0,2.038801,0.5647059082984924,0.2857142984867096,0.022217774763703346
YOL021C,YKR056W,1,2.0379539,0.5655577182769775,0.2867063581943512,0.022217774763703346
YML039W,YJR043C,1,2.0375605,0.56640625,0.2876984179019928,0.022217774763703346
YLR099W-A,YGL195W,0,2.0372207,0.5653021335601807,0.2876984179019928,0.022317854687571526
YNL087W,YBL039W-A,0,2.0366516,0.5642023086547852,0.2876984179019928,0.022417934611439705
YKL119C,YJL127C-A,0,2.0363634,0.5631067752838135,0.2876984179019928,0.022518014535307884
YKL074C,YPL257W-B,0,2.0355837,0.5620155334472656,0.2876984179019928,0.022618094459176064
YOL021C,YPR158W-B,1,2.0352855,0.5628626942634583,0.2886904776096344,0.022618094459176064
YGL168W,YLR035C-A,0,2.0349948,0.5617760419845581,0.2886904776096344,0.022718174383044243
YPL160W,YLR275W,0,2.034559,0.560693621635437,0.2886904776096344,0.022818254306912422
YJL127C-A,YAL043C,0,2.033328,0.5596153736114502,0.2886904776096344,0.0229183342307806
YDR210C-D,YKR079C,1,2.0325477,0.56046062707901,0.289682537317276,0.0229183342307806
YJR124C,YGR140W,0,2.0321882,0.5593869686126709,0.289682537317276,0.02301841415464878
YOL010W,YBR100W,1,2.030234,0.5602294206619263,0.2906745970249176,0.02301841415464878
YDR170C,YCL027C-A,0,2.0300944,0.5591602921485901,0.2906745970249176,0.02311849407851696
YOR192C-B,YDR338C,0,2.0294855,0.5580952167510986,0.2906745970249176,0.02321857400238514
YHL009W-B,YLR312W-A,1,2.027283,0.5589353442192078,0.2916666567325592,0.02321857400238514
YGL173C,YFL002W-A,1,2.0267897,0.5597723126411438,0.2926587164402008,0.02321857400238514
YLR014C,YDR524C,0,2.026556,0.5587121248245239,0.2926587164402008,0.023318655788898468
YPL141C,YBR196C-A,0,2.0262733,0.557655930519104,0.2926587164402008,0.023418735712766647
YOL080C,YHL009W-B,1,2.0255814,0.5584905743598938,0.2936508059501648,0.023418735712766647
YOR214C,YOR332W,0,2.0255187,0.5574387907981873,0.2936508059501648,0.023518815636634827
YGL173C,YLR035C-A,1,2.0254483,0.5582706928253174,0.2946428656578064,0.023518815636634827
YLR099W-A,YPR016C,0,2.0253682,0.5572232604026794,0.2946428656578064,0.023618895560503006
YDR261C-C,YOL148C,0,2.0243936,0.5561797618865967,0.2946428656578064,0.023718975484371185
YLR073C,YGL204C,0,2.023294,0.5551401972770691,0.2946428656578064,0.023819055408239365
YMR194C-B,YNR052C,0,2.0232754,0.5541045069694519,0.2946428656578064,0.023919135332107544
YDR014W-A,YBR229C,0,2.0229695,0.5530726313591003,0.2946428656578064,0.024019215255975723
YBR012W-B,YBR163W,1,2.0216613,0.553903341293335,0.295634925365448,0.024019215255975723
YDR370C,YNL054W-B,1,2.0206547,0.554731011390686,0.2966269850730896,0.024019215255975723
YMR262W,YDR365W-B,1,2.0203831,0.5555555820465088,0.2976190447807312,0.024019215255975723
YPL022W,YEL061C,0,2.0203474,0.5545286536216736,0.2976190447807312,0.024119295179843903
YPL078C,YDR014W-A,0,2.0198343,0.553505539894104,0.2976190447807312,0.024219375103712082
YNL284C-B,YGL175C,1,2.019729,0.5543277859687805,0.2986111044883728,0.024219375103712082
YGL079W,YPR137W,0,2.0181348,0.5533088445663452,0.2986111044883728,0.02431945502758026
YBR196C-A,YMR210W,0,2.0181346,0.552293598651886,0.2986111044883728,0.02441953495144844
YAR009C,YER041W,1,2.0176668,0.553113579750061,0.2996031641960144,0.02441953495144844
YGR109W-B,YGR288W,0,2.0167425,0.5521023869514465,0.2996031641960144,0.02451961487531662
YDR478W,YMR239C,1,2.0161119,0.5529196858406067,0.300595223903656,0.02451961487531662
YJL087C,YPR170W-B,1,2.0160553,0.5537340641021729,0.30158731341362,0.02451961487531662
YOL086W-A,YMR157C,0,2.0158632,0.5527272820472717,0.30158731341362,0.02461969666182995
YJL200C,YNL232W,0,2.015655,0.5517241358757019,0.30158731341362,0.024719776585698128
YOL042W,YDR034C-D,1,2.0154684,0.5525362491607666,0.3025793731212616,0.024719776585698128
YLR054C,YJL127C-A,0,2.0141587,0.5515370965003967,0.3025793731212616,0.024819856509566307
YCR026C,YPL257W-B,1,2.0139556,0.5523465871810913,0.3035714328289032,0.024819856509566307
YDR236C,YDR014W-A,0,2.013632,0.5513513684272766,0.3035714328289032,0.024919936433434486
YPR158C-D,YBR098W,1,2.013436,0.5521582961082458,0.3045634925365448,0.024919936433434486
YHR115C,YAR066W,0,2.013213,0.5511669516563416,0.3045634925365448,0.025020016357302666
YIR015W,YBL100W-B,1,2.0125368,0.5519713163375854,0.3055555522441864,0.025020016357302666
YDL227C,YOR192C-B,1,2.012409,0.5527728199958801,0.306547611951828,0.025020016357302666
YDR261C-C,YOL096C,0,2.0121377,0.5517857074737549,0.306547611951828,0.025120096281170845
YDR339C,YGR109W-B,1,2.0116231,0.5525846481323242,0.3075396716594696,0.025120096281170845
YCL001W-B,YOR223W,0,2.0111184,0.5516014099121094,0.3075396716594696,0.025220176205039024
YNL281W,YBR200W-A,0,2.0081155,0.5506216883659363,0.3075396716594696,0.025320256128907204
YGR276C,YGR038C-B,1,2.0080404,0.5514184236526489,0.3085317313671112,0.025320256128907204
YMR074C,YDR261C-C,0,2.0071447,0.5504424571990967,0.3085317313671112,0.025420336052775383
YLR312C-B,YCL018W,0,2.0068312,0.5494699478149414,0.3085317313671112,0.025520415976643562
YPL083C,YPR170W-B,1,2.0068016,0.5502645373344421,0.3095238208770752,0.025520415976643562
YDR098C-B,YCR026C,1,2.0062735,0.5510563254356384,0.3105158805847168,0.025520415976643562
YAL064W-B,YBR196C-A,0,2.0049808,0.5500878691673279,0.3105158805847168,0.02562049590051174
YLR080W,YBR196C-A,0,2.0044115,0.5491228103637695,0.3105158805847168,0.02572057582437992
YGR102C,YCR058C,0,2.003633,0.5481611490249634,0.3105158805847168,0.0258206557482481
YKL033W-A,YIL119C,0,2.0029476,0.5472028255462646,0.3105158805847168,0.02592073567211628
YBL008W-A,YCR044C,0,2.0020769,0.5462478399276733,0.3105158805847168,0.026020817458629608
YNL299W,YHR066W,0,2.00177,0.5452961921691895,0.3105158805847168,0.026120897382497787
YGR038C-B,YDL227C,1,2.0006433,0.5460869669914246,0.3115079402923584,0.026120897382497787
YFL002W-A,YCR026C,1,2.0005672,0.546875,0.3125,0.026120897382497787
YGL038C,YPR167C,0,1.9987196,0.5459272265434265,0.3125,0.026220977306365967
YHR085W,YOL066C,0,1.9986866,0.5449826717376709,0.3125,0.026321057230234146
YDL102W,YKR079C,1,1.9978838,0.5457685589790344,0.3134920597076416,0.026321057230234146
YBR200W-A,YGR047C,0,1.9976319,0.5448275804519653,0.3134920597076416,0.026421137154102325
YLR052W,YHR046C,0,1.9974107,0.5438898205757141,0.3134920597076416,0.026521217077970505
YLR419W,YMR005W,0,1.9966259,0.5429553389549255,0.3134920597076416,0.026621297001838684
YGR109W-B,YPL129W,0,1.9964806,0.5420240163803101,0.3134920597076416,0.026721376925706863
YGR161C-D,YHR062C,1,1.9959564,0.5428082346916199,0.3144841194152832,0.026721376925706863
YCL016C,YPL257W-B,0,1.9953618,0.5418803691864014,0.3144841194152832,0.026821456849575043
YBR200W-A,YPL124W,0,1.9947681,0.5409556031227112,0.3144841194152832,0.026921536773443222
YDR261C-C,YER094C,0,1.9945257,0.5400340557098389,0.3144841194152832,0.0270216166973114
YDR538W,YBR196C-A,0,1.9939983,0.5391156673431396,0.3144841194152832,0.02712169662117958
YBR200W-A,YGR120C,0,1.9915891,0.538200318813324,0.3144841194152832,0.02722177654504776
YNL085W,YAR009C,1,1.9908082,0.5389830470085144,0.3154761791229248,0.02722177654504776
YOR158W,YER159C-A,0,1.989774,0.5380710363388062,0.3154761791229248,0.02732185833156109
YBL039W-A,YPR002W,0,1.9892595,0.537162184715271,0.3154761791229248,0.027421938255429268
YBR200W-A,YBR014C,0,1.9883113,0.5362563133239746,0.3154761791229248,0.027522018179297447
YGR161C-D,YGL175C,1,1.9871467,0.5370370149612427,0.3164682686328888,0.027522018179297447
YER154W,YKL200C,0,1.9866226,0.5361344814300537,0.3164682686328888,0.027622098103165627
YOR033C,YKR063C,1,1.9863604,0.536912739276886,0.3174603283405304,0.027622098103165627
YLL024C,YCL001W-B,0,1.985685,0.5360134243965149,0.3174603283405304,0.027722178027033806
YJL194W,YLR385C,0,1.985297,0.5351170301437378,0.3174603283405304,0.027822257950901985
YKL006C-A,YIL009W,0,1.985173,0.534223735332489,0.3174603283405304,0.027922337874770164
YJR054W,YBR196C-A,0,1.9848042,0.5333333611488342,0.3174603283405304,0.028022417798638344
YEL059C-A,YAR066W,0,1.984552,0.5324459075927734,0.3174603283405304,0.028122497722506523
YBR196C-A,YLR035C-A,0,1.984288,0.5315614342689514,0.3174603283405304,0.028222577646374702
YLR099W-A,YMR194C-B,0,1.9842228,0.5306799411773682,0.3174603283405304,0.028322657570242882
YBR200W-A,YMR212C,0,1.9841808,0.5298013091087341,0.3174603283405304,0.02842273749411106
YBR200W-A,YMR244W,0,1.983855,0.5289255976676941,0.3174603283405304,0.02852281741797924
YDL227C,YPL257W-B,1,1.9838369,0.5297029614448547,0.318452388048172,0.02852281741797924
YDR261C-C,YLL048C,0,1.9831586,0.5288302898406982,0.318452388048172,0.02862289920449257
YOL010W,YPL060C-A,1,1.9829664,0.5296052694320679,0.3194444477558136,0.02862289920449257
YLR105C,YGR109W-B,1,1.9827574,0.5303776860237122,0.3204365074634552,0.02862289920449257
YOR124C,YCR058C,0,1.982683,0.5295081734657288,0.3204365074634552,0.02872297912836075
YBL008W-A,YER174C,0,1.9826605,0.5286415815353394,0.3204365074634552,0.028823059052228928
YDR228C,YJR124C,0,1.9825213,0.5277777910232544,0.3204365074634552,0.028923138976097107
YMR067C,YBR012W-B,0,1.981714,0.5269168019294739,0.3204365074634552,0.029023218899965286
YGL106W,YHR005C,0,1.9816134,0.5260586142539978,0.3204365074634552,0.029123298823833466
YHR089C,YLR242C,0,1.9815075,0.5252032279968262,0.3204365074634552,0.029223378747701645
YML039W,YJL208C,1,1.9801286,0.5259740352630615,0.3214285671710968,0.029223378747701645
YOL010W,YHR214C-B,1,1.979761,0.5267422795295715,0.3224206268787384,0.029223378747701645
YER041W,YNL054W-B,1,1.9792914,0.5275080800056458,0.32341268658638,0.029223378747701645
YJR140C,YPL124W,0,1.9786103,0.526655912399292,0.32341268658638,0.029323458671569824
YDL019C,YMR194C-B,0,1.9781336,0.5258064270019531,0.32341268658638,0.029423538595438004
YDL227C,YLR410W-B,1,1.9778848,0.5265700221061707,0.324404776096344,0.029423538595438004
YAL033W,YPR170W-B,1,1.9774187,0.5273311734199524,0.3253968358039856,0.029423538595438004
YMR262W,YGR038C-B,1,1.9773917,0.5280898809432983,0.3263888955116272,0.029423538595438004
YGR161W-B,YAR008W,1,1.9769717,0.5288461446762085,0.3273809552192688,0.029423538595438004
YPL156C,YGR109W-B,0,1.9768817,0.527999997138977,0.3273809552192688,0.029523618519306183
YDR087C,YDL056W,0,1.9766159,0.5271565318107605,0.3273809552192688,0.029623698443174362
YDR253C,YOR214C,0,1.97541,0.5263158082962036,0.3273809552192688,0.02972377836704254
YPR137C-B,YDL227C,1,1.97469,0.5270700454711914,0.3283730149269104,0.02972377836704254
YNL010W,YBL101W-B,0,1.9736825,0.526232123374939,0.3283730149269104,0.02982385829091072
YLR421C,YBL101W-B,0,1.973635,0.5253968238830566,0.3283730149269104,0.02992394007742405
YBL101W-B,YNL001W,1,1.9734852,0.5261489748954773,0.329365074634552,0.02992394007742405
YBL101W-A,YLR425W,0,1.9734685,0.5253164768218994,0.329365074634552,0.03002402000129223
YGL246C,YBL101W-B,1,1.9734291,0.5260663628578186,0.3303571343421936,0.03002402000129223
YOR258W,YBL101W-B,1,1.9734232,0.5268138647079468,0.3313491940498352,0.03002402000129223
YLR251W,YDR365W-B,0,1.9733187,0.5259842276573181,0.3313491940498352,0.030124099925160408
YER163C,YOR020W-A,0,1.9728818,0.5251572132110596,0.3313491940498352,0.030224179849028587
YBL101W-B,YAL038W,0,1.9728255,0.5243328213691711,0.3313491940498352,0.030324259772896767
YBL101W-B,YGR124W,0,1.9727705,0.5235109925270081,0.3313491940498352,0.030424339696764946
YLL035W,YAR066W,0,1.9720886,0.5226917266845703,0.3313491940498352,0.030524419620633125
YBR200W-A,YHL034C,0,1.9718707,0.5218750238418579,0.3313491940498352,0.030624499544501305
YLR059C,YGR109W-B,1,1.9716733,0.5226209163665771,0.3323412835597992,0.030624499544501305
YFL002W-A,YDR279W,1,1.9714975,0.5233644843101501,0.3333333432674408,0.030624499544501305
YLR277C,YOL103W-B,1,1.971176,0.5241057276725769,0.3343254029750824,0.030624499544501305
YFL052W,YLR337W,0,1.9703205,0.5232919454574585,0.3343254029750824,0.030724579468369484
YBR046C,YBL101W-B,0,1.9702854,0.5224806070327759,0.3343254029750824,0.030824659392237663
YKL090W,YDR098C-B,1,1.9700618,0.5232198238372803,0.335317462682724,0.030824659392237663
YOR145C,YGR120C,0,1.9690182,0.5224111080169678,0.335317462682724,0.030924739316105843
YIL122W,YLR035C-A,0,1.9689969,0.5216049551963806,0.335317462682724,0.031024819239974022
YOL010W,YDR210W-B,1,1.9689926,0.5223420858383179,0.3363095223903656,0.031024819239974022
YBL101W-A,YBR067C,0,1.9688027,0.5215384364128113,0.3363095223903656,0.0311248991638422
YNL282W,YOR343W-B,1,1.9685371,0.5222734212875366,0.3373015820980072,0.0311248991638422
YBL008W-A,YER122C,0,1.9675808,0.5214723944664001,0.3373015820980072,0.03122497908771038
YJL001W,YBL101W-B,0,1.9673984,0.5206738114356995,0.3373015820980072,0.03132506087422371
YGR161C-D,YOL042W,1,1.9668725,0.5214067101478577,0.3382936418056488,0.03132506087422371
YLR157C-B,YLR135W,1,1.9668131,0.5221374034881592,0.3392857015132904,0.03132506087422371
YBL101W-B,YOL061W,0,1.9665587,0.5213414430618286,0.3392857015132904,0.03142514079809189
YMR010W,YKL200C,0,1.9665296,0.5205479264259338,0.3392857015132904,0.03152522072196007
YJL087C,YLR227W-B,1,1.9663432,0.521276593208313,0.3402777910232544,0.03152522072196007
YJL018W,YEL020C,0,1.9663174,0.5204855799674988,0.3402777910232544,0.03162530064582825
YDR056C,YPL257W-B,0,1.9660039,0.5196969509124756,0.3402777910232544,0.031725380569696426
YBR098W,YGR027W-B,1,1.9656692,0.5204235911369324,0.341269850730896,0.031725380569696426
YNL282W,YPL060C-A,1,1.9652162,0.5211480259895325,0.3422619104385376,0.031725380569696426
YDR109C,YJL018W,0,1.96498,0.5203620195388794,0.3422619104385376,0.031825460493564606
YBR200W-A,YMR293C,0,1.9646001,0.5195783376693726,0.3422619104385376,0.031925540417432785
YBR200W-A,YPL169C,0,1.9644846,0.518796980381012,0.3422619104385376,0.032025620341300964
YGL064C,YCL001W-B,0,1.9639584,0.5180180072784424,0.3422619104385376,0.032125700265169144
YBL101W-B,YNR031C,0,1.9635257,0.517241358757019,0.3422619104385376,0.03222578018903732
YNR052C,YDR210W-D,1,1.9635257,0.5179640650749207,0.3432539701461792,0.03222578018903732
YOR033C,YDR210W-D,1,1.9635257,0.5186846256256104,0.3442460298538208,0.03222578018903732
YKR087C,YDR210W-D,0,1.9635257,0.5179104208946228,0.3442460298538208,0.0323258601129055
YLR135W,YDR210W-D,1,1.9635257,0.5186288952827454,0.3452380895614624,0.0323258601129055
YMR109W,YDR210W-D,0,1.9635257,0.5178571343421936,0.3452380895614624,0.03242594003677368
YDR478W,YDR210W-D,1,1.9635257,0.518573522567749,0.346230149269104,0.03242594003677368
YAR009C,YBL101W-B,1,1.9635257,0.5192878246307373,0.3472222089767456,0.03242594003677368
YAL033W,YDR210W-D,1,1.9635257,0.5199999809265137,0.3482142984867096,0.03242594003677368
YOR343C-B,YBR163W,1,1.9635257,0.5207100510597229,0.3492063581943512,0.03242594003677368
YBL074C,YDR210W-D,0,1.9635257,0.5199409127235413,0.3492063581943512,0.03252601996064186
YOR343C-B,YLR157C-B,1,1.9635257,0.5206489562988281,0.3501984179019928,0.03252601996064186
YOR261C,YDR210W-D,0,1.9635257,0.5198822021484375,0.3501984179019928,0.03262609988451004
YCL075W,YDR210W-D,1,1.9635257,0.520588219165802,0.3511904776096344,0.03262609988451004
YLR157C-B,YDR210W-D,1,1.9635257,0.5212922096252441,0.352182537317276,0.03262609988451004
YBR100W,YHL009W-B,1,1.9635257,0.5219941139221191,0.3531745970249176,0.03262609988451004
YLR312W-A,YBL101W-B,1,1.9635257,0.5226939916610718,0.3541666567325592,0.03262609988451004
YOR343C-B,YAL033W,1,1.9635257,0.5233917832374573,0.3551587164402008,0.03262609988451004
YOR258W,YDR210W-D,1,1.9635257,0.5240876078605652,0.3561508059501648,0.03262609988451004
YOR343C-B,YKL011C,1,1.9635257,0.524781346321106,0.3571428656578064,0.03262609988451004
YOR343C-B,YKR056W,1,1.9635257,0.5254730582237244,0.358134925365448,0.03262609988451004
YDR370C,YDR210W-D,1,1.9635257,0.5261628031730652,0.3591269850730896,0.03262609988451004
YDR210W-D,YLR073C,0,1.9635257,0.5253991484642029,0.3591269850730896,0.03272617980837822
YJR043C,YDR210W-D,1,1.9635257,0.5260869860649109,0.3601190447807312,0.03272617980837822
YOR343C-B,YDR365W-B,1,1.9635257,0.5267727971076965,0.3611111044883728,0.03272617980837822
YOR343C-B,YOL021C,1,1.9635257,0.5274566411972046,0.3621031641960144,0.03272617980837822
YOR343C-B,YDR076W,1,1.9635257,0.5281385183334351,0.363095223903656,0.03272617980837822
YDR210W-D,YGR272C,0,1.9635257,0.5273775458335876,0.363095223903656,0.0328262597322464
YOR343C-B,YKL149C,1,1.9635257,0.5280575752258301,0.36408731341362,0.0328262597322464
YBR012W-B,YDR210W-D,1,1.9635257,0.5287356376647949,0.3650793731212616,0.0328262597322464
YLR227W-B,YBL101W-B,1,1.9635257,0.529411792755127,0.3660714328289032,0.0328262597322464
YBL101W-B,YJL113W,1,1.9635257,0.5300859808921814,0.3670634925365448,0.0328262597322464
YDR210W-D,YOR373W,0,1.9635257,0.5293276309967041,0.3670634925365448,0.03292633965611458
YDR210W-D,YDL031W,0,1.9635257,0.5285714268684387,0.3670634925365448,0.03302641957998276
YOR343C-B,YNL262W,1,1.9635257,0.5292439460754395,0.3680555522441864,0.03302641957998276
YMR224C,YDR210W-D,1,1.9635257,0.5299145579338074,0.369047611951828,0.03302641957998276
YDR484W,YDR210W-D,0,1.9635257,0.529160737991333,0.369047611951828,0.03312649950385094
YMR234W,YDR210W-D,1,1.9635257,0.5298295617103577,0.3700396716594696,0.03312649950385094
YOR343C-B,YKL090W,1,1.9635257,0.5304964780807495,0.3710317313671112,0.03312649950385094
YBL101W-B,YNL262W,1,1.9635257,0.5311614871025085,0.3720238208770752,0.03312649950385094
YOR145C,YDR210W-D,0,1.9635257,0.5304101705551147,0.3720238208770752,0.033226579427719116
YOR343C-B,YDR261C-D,1,1.9635257,0.5310734510421753,0.3730158805847168,0.033226579427719116
YML095C,YDR210W-D,1,1.9635257,0.531734824180603,0.3740079402923584,0.033226579427719116
YJR027W,YJL127C-A,0,1.9635257,0.5309858918190002,0.3740079402923584,0.033326663076877594
YBL018C,YDR210W-D,1,1.9635257,0.5316455960273743,0.375,0.033326663076877594
YBL039W-A,YDL119C,0,1.9635257,0.5308988690376282,0.375,0.03342674300074577
YMR050C,YBR100W,1,1.9635257,0.5315567851066589,0.3759920597076416,0.03342674300074577
YOR343C-B,YMR224C,1,1.9635257,0.5322129130363464,0.3769841194152832,0.03342674300074577
YOR343C-B,YML091C,1,1.9635257,0.5328671336174011,0.3779761791229248,0.03342674300074577
YDR210W-D,YHR043C,0,1.9635257,0.5321229100227356,0.3779761791229248,0.03352682292461395
YOR192C-B,YBL101W-B,1,1.9635257,0.5327754616737366,0.3789682686328888,0.03352682292461395
YER158C,YCR029C-A,0,1.9635257,0.5320334434509277,0.3789682686328888,0.03362690284848213
YCR023C,YJL127C-A,0,1.9635257,0.5312934517860413,0.3789682686328888,0.03372698277235031
YOR033C,YOR343C-B,1,1.9635257,0.5319444537162781,0.3799603283405304,0.03372698277235031
YGR161C-D,YBL101W-B,1,1.9635257,0.5325936079025269,0.380952388048172,0.03372698277235031
YHL016C,YBR200W-A,0,1.9618918,0.5318559408187866,0.380952388048172,0.03382706269621849
YNR008W,YBL101W-A,0,1.9616749,0.5311203598976135,0.380952388048172,0.03392714262008667
YGR161W-B,YLR059C,1,1.9615793,0.5317679643630981,0.3819444477558136,0.03392714262008667
YCL074W,YPL257W-B,1,1.9615359,0.5324137806892395,0.3829365074634552,0.03392714262008667
YFL008W,YBL101W-B,0,1.9607449,0.5316804647445679,0.3829365074634552,0.03402722254395485
YOR343W-B,YOL010W,1,1.9607234,0.5323246121406555,0.3839285671710968,0.03402722254395485
YBL008W-A,YHR178W,0,1.960699,0.531593382358551,0.3839285671710968,0.03412730246782303
YJL127C-A,YKL005C,0,1.9604297,0.5308641791343689,0.3839285671710968,0.03422738239169121
YOR163W,YDR034C-D,1,1.9595017,0.5315068364143372,0.3849206268787384,0.03422738239169121
YLR099W-A,YGR058W,0,1.9593117,0.5307797789573669,0.3849206268787384,0.03432746231555939
YDR293C,YML003W,0,1.9592776,0.5300546288490295,0.3849206268787384,0.034427542239427567
YGR030C,YBL101W-B,1,1.9574809,0.5306957960128784,0.38591268658638,0.034427542239427567
YGR027W-B,YNL001W,1,1.9572543,0.531335175037384,0.386904776096344,0.034427542239427567
YOR142W-B,YMR239C,1,1.9572507,0.5319727659225464,0.3878968358039856,0.034427542239427567
YMR024W,YDR261W-B,1,1.9570816,0.532608687877655,0.3888888955116272,0.034427542239427567
YMR237W,YMR194C-B,0,1.9558609,0.5318860411643982,0.3888888955116272,0.034527622163295746
YMR296C,YJL127C-A,0,1.9549402,0.5311653017997742,0.3888888955116272,0.034627702087163925
YJL018W,YMR124W,0,1.9539092,0.5304465293884277,0.3888888955116272,0.034727782011032104
YDR312W,YOL057W,0,1.9538765,0.5297297239303589,0.3888888955116272,0.034827861934900284
YKL011C,YDR210C-D,1,1.9536104,0.5303643941879272,0.3898809552192688,0.034827861934900284
YBR200W-A,YDR014W-A,0,1.952959,0.5296496152877808,0.3898809552192688,0.03492794185876846
YGR038C-A,YGL090W,0,1.9529028,0.5289367437362671,0.3898809552192688,0.03502802178263664
YNL010W,YGR272C,0,1.9528855,0.5282257795333862,0.3898809552192688,0.03512810170650482
YMR002W,YOL086W-A,0,1.9523414,0.527516782283783,0.3898809552192688,0.035228181630373
YBL039W-A,YDR532C,0,1.952223,0.5268096327781677,0.3898809552192688,0.03532826155424118
YIL070C,YBL101W-B,0,1.9519775,0.5261043906211853,0.3898809552192688,0.03542834147810936
YMR321C,YBR100W,0,1.9518032,0.5254010558128357,0.3898809552192688,0.03552842140197754
YBR094W,YDR014W-A,0,1.9513953,0.5246996283531189,0.3898809552192688,0.03562850132584572
YDL051W,YHR023W,0,1.9500533,0.5239999890327454,0.3898809552192688,0.0357285812497139
YOL086W-A,YJL052W,0,1.950029,0.5233022570610046,0.3898809552192688,0.03582866117358208
YMR267W,YCR029C-A,0,1.9496162,0.522606372833252,0.3898809552192688,0.035928744822740555
YHR032W,YBL101W-B,0,1.9495146,0.5219123363494873,0.3898809552192688,0.036028824746608734
YJL018W,YOR223W,0,1.9490283,0.5212201476097107,0.3898809552192688,0.03612890467047691
YDR266C,YNL278W,0,1.9484496,0.5205298066139221,0.3898809552192688,0.03622898459434509
YDR163W,YOR026W,0,1.9480853,0.5198412537574768,0.3898809552192688,0.03632906451821327
YJL087C,YDR261C-D,1,1.9479961,0.5204755663871765,0.3908730149269104,0.03632906451821327
YHR173C,YJL018W,0,1.9472532,0.519788920879364,0.3908730149269104,0.03642914444208145
YDR320C,YBR196C-A,0,1.9467427,0.5191040635108948,0.3908730149269104,0.03652922436594963
YBR200W-A,YLR450W,0,1.945609,0.5184210538864136,0.3908730149269104,0.03662930428981781
YNL010W,YJL018W,0,1.9452882,0.5177398324012756,0.3908730149269104,0.03672938421368599
YFR031C,YPL082C,0,1.9446225,0.5170603394508362,0.3908730149269104,0.03682946413755417
YER041W,YBL101W-B,1,1.9444124,0.5176933407783508,0.391865074634552,0.03682946413755417
YGR134W,YBL101W-A,0,1.944233,0.5170156955718994,0.391865074634552,0.03692954406142235
YKR056W,YJL208C,1,1.9441841,0.5176470875740051,0.3928571343421936,0.03692954406142235
YGR197C,YMR069W,0,1.9437407,0.5169712901115417,0.3928571343421936,0.03702962398529053
YBL008W-A,YLR425W,0,1.9437186,0.5162972807884216,0.3928571343421936,0.03712970390915871
YMR050C,YBR257W,1,1.9414759,0.5169270634651184,0.3938491940498352,0.03712970390915871
YNL054W-B,YGL175C,1,1.9403613,0.5175552368164062,0.3948412835597992,0.03712970390915871
YOR148C,YML060W,0,1.9388471,0.516883134841919,0.3948412835597992,0.037229783833026886
YJL200C,YBR100W,0,1.9364381,0.5162127017974854,0.3948412835597992,0.037329863756895065
YMR059W,YBL101W-B,1,1.9354265,0.5168393850326538,0.3958333432674408,0.037329863756895065
YLR319C,YPR056W,0,1.935175,0.5161707401275635,0.3958333432674408,0.037429943680763245
YJL062W,YMR194C-B,0,1.9338449,0.5155038833618164,0.3958333432674408,0.037530023604631424
YJL127C-A,YPL098C,0,1.9334428,0.514838695526123,0.3958333432674408,0.0376301035284996
YBL101W-A,YLL041C,0,1.9334189,0.5141752362251282,0.3958333432674408,0.03773018345236778
YJR014W,YMR268C,0,1.9333842,0.5135135054588318,0.3958333432674408,0.03783026337623596
YCR007C,YLR197W,0,1.9328532,0.5128534436225891,0.3958333432674408,0.03793034330010414
YGR161C-D,YKL011C,1,1.9328523,0.5134788155555725,0.3968254029750824,0.03793034330010414
YJL200C,YER171W,0,1.9320116,0.5128205418586731,0.3968254029750824,0.03803042322397232
YDR486C,YBR196C-A,0,1.9319932,0.5121638774871826,0.3968254029750824,0.0381305031478405
YOR020W-A,YGL048C,0,1.9316299,0.5115089416503906,0.3968254029750824,0.03823058307170868
YKL149C,YDR014W-A,0,1.9309886,0.5108556747436523,0.3968254029750824,0.03833066299557686
YBR126W-A,YBL030C,0,1.9293443,0.5102040767669678,0.3968254029750824,0.03843074291944504
YPL060W,YBL101W-A,0,1.9293367,0.5095541477203369,0.3968254029750824,0.03853082284331322
YBR200W-A,YOR378W,0,1.9291699,0.508905827999115,0.3968254029750824,0.038630906492471695
YMR194C-B,YPR167C,0,1.9288673,0.5082592368125916,0.3968254029750824,0.038730986416339874
YAL014C,YBL101W-B,0,1.928402,0.5076141953468323,0.3968254029750824,0.038831066340208054
YER138C,YOR001W,1,1.9277422,0.5082382559776306,0.397817462682724,0.038831066340208054
YPL083C,YDR210W-B,1,1.9266481,0.5088607668876648,0.3988095223903656,0.038831066340208054
YBR227C,YDR365W-B,0,1.9263828,0.508217453956604,0.3988095223903656,0.03893114626407623
YBR200W-A,YDR180W,0,1.92581,0.5075757503509521,0.3988095223903656,0.03903122618794441
YBR200W-A,YIL165C,0,1.9257371,0.506935715675354,0.3988095223903656,0.03913130611181259
YGR029W,YJL127C-A,0,1.9257169,0.50629723072052,0.3988095223903656,0.03923138603568077
YLR227W-B,YBL019W,1,1.9251063,0.5069182515144348,0.3998015820980072,0.03923138603568077
YKL090W,YGR109W-B,1,1.9238803,0.5075376629829407,0.4007936418056488,0.03923138603568077
YEL068C,YJL196C,0,1.9234725,0.5069009065628052,0.4007936418056488,0.03933146595954895
YIR013C,YLR035C-A,0,1.9231215,0.5062656402587891,0.4007936418056488,0.03943154588341713
YHR046C,YOR274W,0,1.9229476,0.5056320428848267,0.4007936418056488,0.03953162580728531
YOR163W,YFL002W-A,1,1.9229175,0.5062500238418579,0.4017857015132904,0.03953162580728531
YKL014C,YPL082C,0,1.9223149,0.5056179761886597,0.4017857015132904,0.03963170573115349
YER006W,YPL199C,0,1.9223076,0.5049875378608704,0.4017857015132904,0.03973178565502167
YIR013C,YEL068C,0,1.9222063,0.5043586492538452,0.4017857015132904,0.03983186557888985
YML015C,YJL018W,0,1.9218279,0.503731369972229,0.4017857015132904,0.039931945502758026
YEL016C,YOR192C-B,1,1.9205639,0.5043478012084961,0.4027777910232544,0.039931945502758026
YBR200W-A,YDR312W,0,1.9201636,0.503722071647644,0.4027777910232544,0.040032025426626205
YGR116W,YCL027C-A,0,1.9196253,0.5030978918075562,0.4027777910232544,0.040132105350494385
YMR287C,YMR045C,1,1.9196253,0.5037128925323486,0.403769850730896,0.040132105350494385
YCL001W-B,YER159C-A,0,1.9195254,0.5030902624130249,0.403769850730896,0.040232185274362564
YEL052W,YMR194C-B,0,1.9184303,0.5024691224098206,0.403769850730896,0.04033226519823074
YOR083W,YOL057W,0,1.9179165,0.5018495917320251,0.403769850730896,0.04043234512209892
YBR200W-A,YKL187C,0,1.9165299,0.5012315511703491,0.403769850730896,0.0405324250459671
YBR200W-A,YGL114W,0,1.915503,0.5006150007247925,0.403769850730896,0.04063250496983528
YPR009W,YPR137W,0,1.9149886,0.5,0.403769850730896,0.04073258489370346
YHR079C-B,YMR046C,0,1.9149776,0.4993864893913269,0.403769850730896,0.04083266481757164
YDR014W-A,YMR080C,0,1.9149274,0.4987744987010956,0.403769850730896,0.04093274474143982
YMR059W,YGR161W-B,1,1.9135776,0.4993880093097687,0.4047619104385376,0.04093274474143982
YOR020W-A,YGR029W,0,1.9133924,0.49877750873565674,0.4047619104385376,0.041032824665308
YML033W,YBL039W-A,0,1.9130305,0.4981684982776642,0.4047619104385376,0.04113290458917618
YJL198W,YGR109W-B,0,1.9127475,0.497560977935791,0.4047619104385376,0.041232988238334656
YAR009C,YEL016C,1,1.9117305,0.49817296862602234,0.4057539701461792,0.041232988238334656
YKR025W,YOR189W,0,1.9117079,0.49756690859794617,0.4057539701461792,0.041333068162202835
YBR100W,YLR451W,0,1.9111896,0.4969623386859894,0.4057539701461792,0.041433148086071014
YLR035C-A,YDR121W,1,1.9095678,0.49757280945777893,0.4067460298538208,0.041433148086071014
YKR099W,YER159C-A,0,1.9095144,0.49696969985961914,0.4067460298538208,0.041533228009939194
YBR200W-A,YDR267C,0,1.9094226,0.49636805057525635,0.4067460298538208,0.04163330793380737
YLR099W-A,YLL001W,0,1.9088862,0.49576783180236816,0.4067460298538208,0.04173338785767555
YJL127C-A,YJL192C,0,1.9082646,0.495169073343277,0.4067460298538208,0.04183346778154373
YOL130W,YLR035C-A,0,1.908097,0.4945717751979828,0.4067460298538208,0.04193354770541191
YPL219W,YCL074W,0,1.9078088,0.4939759075641632,0.4067460298538208,0.04203362762928009
YML033W,YGR149W,0,1.9076679,0.49338147044181824,0.4067460298538208,0.04213370755314827
YLR073C,YMR274C,0,1.9068153,0.4927884638309479,0.4067460298538208,0.04223378747701645
YJR002W,YGL092W,0,1.9064324,0.4921968877315521,0.4067460298538208,0.04233386740088463
YKL011C,YDR261C-D,1,1.9062777,0.49280574917793274,0.4077380895614624,0.04233386740088463
YMR262W,YLR035C-A,1,1.905625,0.49341318011283875,0.408730149269104,0.04233386740088463
YAR009C,YPR170W-B,1,1.9051139,0.49401915073394775,0.4097222089767456,0.04233386740088463
YPL052W,YKL143W,0,1.9047117,0.49342891573905945,0.4097222089767456,0.04243394732475281
YNL273W,YKL135C,0,1.9039522,0.49284008145332336,0.4097222089767456,0.04253402724862099
YDR407C,YER159C-A,0,1.9038258,0.4922526776790619,0.4097222089767456,0.042634107172489166
YDR014W-A,YLR054C,0,1.903728,0.49166667461395264,0.4097222089767456,0.042734187096357346
YMR285C,YGR030C,1,1.9029592,0.4922710955142975,0.4107142984867096,0.042734187096357346
YOL080C,YLR157C-B,1,1.9026989,0.4928741157054901,0.4117063581943512,0.042734187096357346
YBR196C-A,YDR524C,0,1.9021285,0.4922894537448883,0.4117063581943512,0.042834267020225525
YMR194C-B,YPL146C,0,1.901943,0.49170616269111633,0.4117063581943512,0.042934346944093704
YMR194C-B,YDR225W,0,1.9009608,0.4911242723464966,0.4117063581943512,0.043034426867961884
YOL080C,YPL207W,0,1.9005616,0.4905437231063843,0.4117063581943512,0.04313450679183006
YLR099W-A,YOR192C-B,0,1.9002154,0.4899645745754242,0.4117063581943512,0.04323458671569824
YGR189C,YER159C-A,0,1.8998342,0.48938679695129395,0.4117063581943512,0.04333466663956642
YMR239C,YCL019W,1,1.8995543,0.48998820781707764,0.4126984179019928,0.04333466663956642
YMR285C,YBR196C-A,0,1.8990209,0.48941177129745483,0.4126984179019928,0.0434347465634346
YCR042C,YJL127C-A,0,1.898818,0.4888366758823395,0.4126984179019928,0.04353482648730278
YIR015W,YML039W,1,1.898735,0.48943662643432617,0.4136904776096344,0.04353482648730278
YPL259C,YOR001W,0,1.8977984,0.4888628423213959,0.4136904776096344,0.04363490641117096
YIR015W,YDR261W-B,1,1.8972933,0.48946136236190796,0.414682537317276,0.04363490641117096
YCL025C,YJL127C-A,0,1.8972714,0.4888888895511627,0.414682537317276,0.04373498633503914
YCL074W,YJR029W,1,1.8971967,0.4894859790802002,0.4156745970249176,0.04373498633503914
YKL171W,YPR157W,0,1.8969088,0.48891481757164,0.4156745970249176,0.04383506625890732
YNL055C,YJL127C-A,0,1.8968476,0.4883449971675873,0.4156745970249176,0.043935149908065796
YHR064C,YBR012W-B,0,1.8958695,0.4877764880657196,0.4156745970249176,0.044035229831933975
YGR109W-B,YBR188C,0,1.895556,0.487209290266037,0.4156745970249176,0.044135309755802155
YKL071W,YDR474C,0,1.8951379,0.4866434335708618,0.4156745970249176,0.044235389679670334
YBR196C-A,YPL029W,0,1.8946686,0.4860788881778717,0.4156745970249176,0.04433546960353851
YGR203W,YCL075W,0,1.8945763,0.48551565408706665,0.4156745970249176,0.04443554952740669
YKL006C-A,YOL069W,0,1.8940657,0.48495370149612427,0.4156745970249176,0.04453562945127487
YCL001W-B,YKR056W,0,1.8938664,0.48439306020736694,0.4156745970249176,0.04463570937514305
YDR293C,YDR210C-D,1,1.8928246,0.4849884510040283,0.4166666567325592,0.04463570937514305
YGR038C-B,YOR166C,1,1.8927041,0.48558247089385986,0.4176587164402008,0.04463570937514305
YBL008W-A,YCR008W,0,1.892581,0.48502305150032043,0.4176587164402008,0.04473578929901123
YBR200W-A,YKR099W,0,1.8917465,0.4844649136066437,0.4176587164402008,0.04483586922287941
YPL082C,YOR192C-B,0,1.8916272,0.4839080572128296,0.4176587164402008,0.04493594914674759
YNR021W,YPL257W-B,0,1.891448,0.4833524823188782,0.4176587164402008,0.04503602907061577
YPR158C-D,YPR170W-B,1,1.8900387,0.48394495248794556,0.4186508059501648,0.04503602907061577
YJR029W,YBL018C,1,1.8895793,0.4845360815525055,0.4196428656578064,0.04503602907061577
YBL101C,YOR192C-B,0,1.8890886,0.4839816987514496,0.4196428656578064,0.04513610899448395
YBR094W,YMR244W,0,1.8880558,0.48342856764793396,0.4196428656578064,0.04523618891835213
YDR316W-B,YBL019W,1,1.8878688,0.4840182662010193,0.420634925365448,0.04523618891835213
YNL284C-B,YPR170W-B,1,1.8874136,0.48460662364959717,0.4216269850730896,0.04523618891835213
YIR026C,YLR166C,0,1.8870559,0.48405465483665466,0.4216269850730896,0.045336268842220306
YGL246C,YGR030C,1,1.8868855,0.4846416413784027,0.4226190447807312,0.045336268842220306
YLR099W-A,YOR016C,0,1.8865232,0.4840908944606781,0.4226190447807312,0.045436348766088486
YLR105C,YOR056C,1,1.8861609,0.4846765100955963,0.4236111044883728,0.045436348766088486
YOR048C,YDR412W,1,1.8856107,0.4852607846260071,0.4246031641960144,0.045436348766088486
YDL209C,YMR046C,0,1.8850615,0.4847111999988556,0.4246031641960144,0.045536428689956665
YHR005C,YJL127C-A,0,1.8848993,0.4841628968715668,0.4246031641960144,0.045636508613824844
YNL188W,YDR163W,0,1.8847793,0.48361581563949585,0.4246031641960144,0.045736588537693024
YBR126W-A,YOR255W,0,1.8832055,0.4830699861049652,0.4246031641960144,0.0458366684615612
YMR050C,YBL018C,1,1.8829118,0.4836527705192566,0.425595223903656,0.0458366684615612
YHR079C-B,YNL055C,0,1.8826602,0.4831081032752991,0.425595223903656,0.04593674838542938
YML118W,YPR170W-B,1,1.8794714,0.483689546585083,0.42658731341362,0.04593674838542938
YOL051W,YLR099W-A,0,1.879041,0.483146071434021,0.42658731341362,0.04603682830929756
YGR180C,YMR122W-A,0,1.8777131,0.4826038181781769,0.42658731341362,0.04613690823316574
YBL008W-A,YDR392W,0,1.8771348,0.48206278681755066,0.42658731341362,0.04623698815703392
YBL039W-A,YCR044C,0,1.8766698,0.48152294754981995,0.42658731341362,0.0463370680809021
YGR109W-B,YAL021C,1,1.8762722,0.4821029007434845,0.4275793731212616,0.0463370680809021
YPR097W,YMR094W,0,1.8760228,0.4815642535686493,0.4275793731212616,0.04643714800477028
YGR258C,YBL100W-B,1,1.8758472,0.4821428656578064,0.4285714328289032,0.04643714800477028
YPR065W,YPR157W,0,1.8750222,0.4816053509712219,0.4285714328289032,0.04653722792863846
YNL078W,YEL077C,0,1.8748045,0.48106902837753296,0.4285714328289032,0.046637311577796936
YLR178C,YJL018W,0,1.8737922,0.4805339276790619,0.4285714328289032,0.046737391501665115
YML039W,YGL175C,1,1.873585,0.4811111092567444,0.4295634925365448,0.046737391501665115
YDL227C,YGR109W-B,1,1.8734767,0.4816870093345642,0.4305555522441864,0.046737391501665115
YNL078W,YJL127C-A,0,1.8730245,0.4811529815196991,0.4305555522441864,0.046837471425533295
YNL284C-B,YBL019W,1,1.8727026,0.48172757029533386,0.431547611951828,0.046837471425533295
YOL080C,YPR158W-B,1,1.8711873,0.48230087757110596,0.4325396716594696,0.046837471425533295
YGR109W-B,YOR001W,1,1.8710957,0.48287293314933777,0.4335317313671112,0.046837471425533295
YDR474C,YBR235W,0,1.8710779,0.4823399484157562,0.4335317313671112,0.046937551349401474
YOL010W,YBL005W-B,1,1.8710451,0.482910692691803,0.4345238208770752,0.046937551349401474
YML064C,YKR056W,0,1.8674452,0.48237884044647217,0.4345238208770752,0.04703763127326965
YLR099W-A,YKR035W-A,0,1.867355,0.48184818029403687,0.4345238208770752,0.04713771119713783
YMR239C,YKR079C,1,1.8661408,0.48241758346557617,0.4355158805847168,0.04713771119713783
YBL101W-A,YMR232W,0,1.8639933,0.4818880259990692,0.4355158805847168,0.04723779112100601
YGR161W-B,YMR024W,1,1.8629508,0.48245614767074585,0.4365079402923584,0.04723779112100601
YGR272C,YDL035C,0,1.8625634,0.4819277226924896,0.4365079402923584,0.04733787104487419
YOR020W-A,YGL010W,0,1.8622708,0.48140043020248413,0.4365079402923584,0.04743795096874237
YBL005W-B,YGL175C,1,1.8622522,0.4819672107696533,0.4375,0.04743795096874237
YGR120C,YER159C-A,0,1.8620074,0.48144105076789856,0.4375,0.04753803089261055
YML015C,YOL086W-A,0,1.8612417,0.48091602325439453,0.4375,0.04763811081647873
YNR052C,YPR158C-D,1,1.8608747,0.48148149251937866,0.4384920597076416,0.04763811081647873
YBL008W-A,YNR020C,0,1.8595119,0.480957567691803,0.4384920597076416,0.04773819074034691
YOR020W-A,YNL061W,0,1.8593514,0.480434775352478,0.4384920597076416,0.04783827066421509
YDR365W-B,YMR239C,1,1.8592116,0.4809989035129547,0.4394841194152832,0.04783827066421509
YLR160C,YKL200C,0,1.8577069,0.4804772138595581,0.4394841194152832,0.04793835058808327
YNL221C,YCL019W,1,1.85673,0.4810400903224945,0.4404761791229248,0.04793835058808327
YMR209C,YPR009W,0,1.8558534,0.48051947355270386,0.4404761791229248,0.04803843051195145
YJL018W,YHR032W,0,1.8553554,0.47999998927116394,0.4404761791229248,0.048138510435819626
YLR019W,YLR410W-B,0,1.8549328,0.47948163747787476,0.4404761791229248,0.048238590359687805
YMR045C,YLR154C,1,1.8544497,0.4800431430339813,0.4414682686328888,0.048238590359687805
YJL200C,YDR299W,0,1.8543617,0.4795258641242981,0.4414682686328888,0.048338670283555984
YLR099W-A,YGL005C,0,1.853138,0.4790096879005432,0.4414682686328888,0.048438750207424164
YDR412W,YKR079C,1,1.853085,0.4795698821544647,0.4424603283405304,0.048438750207424164
YGR245C,YOL080C,0,1.8510274,0.4790547788143158,0.4424603283405304,0.04853883013129234
YIR013C,YBR126W-A,0,1.8509685,0.4785407781600952,0.4424603283405304,0.04863891005516052
YNL284C-B,YCL075W,1,1.8507688,0.47909969091415405,0.443452388048172,0.04863891005516052
YDR314C,YOR192C-B,0,1.8495953,0.47858673334121704,0.443452388048172,0.0487389899790287
YMR137C,YLR035C-A,1,1.8494176,0.4791443943977356,0.4444444477558136,0.0487389899790287
YPR158C-D,YKL011C,1,1.8482533,0.47970086336135864,0.4454365074634552,0.0487389899790287
YKR063C,YGR109W-B,1,1.8457329,0.4802561402320862,0.4464285671710968,0.0487389899790287
YER172C,YGR272C,0,1.8453041,0.4797441363334656,0.4464285671710968,0.04883906990289688
YDR164C,YBR196C-A,0,1.8452435,0.4792332351207733,0.4464285671710968,0.04893914982676506
YBR100W,YPR102C,0,1.8451372,0.478723406791687,0.4464285671710968,0.04903922975063324
YBL039W-A,YMR251W-A,0,1.8450589,0.47821465134620667,0.4464285671710968,0.04913930967450142
YOR192C-B,YPR170W-B,1,1.8442678,0.47876858711242676,0.4474206268787384,0.04913930967450142
YBL008W-A,YBL098W,0,1.8437388,0.47826087474823,0.4474206268787384,0.0492393933236599
YAL064W-B,YFL017C,0,1.8433731,0.47775423526763916,0.4474206268787384,0.049339473247528076
YGR038C-B,YKL011C,1,1.8431554,0.4783068895339966,0.44841268658638,0.049339473247528076
YBL008W-A,YGL145W,0,1.8427427,0.47780126333236694,0.44841268658638,0.049439553171396255
YMR268C,YGR074W,0,1.8416086,0.47729673981666565,0.44841268658638,0.049539633095264435
YKR034W,YAR066W,0,1.8415806,0.4767932593822479,0.44841268658638,0.049639713019132614
YBR223C,YHR214C-B,1,1.8412995,0.4773445725440979,0.449404776096344,0.049639713019132614
YNL067W,YBR196C-A,0,1.8412385,0.47684210538864136,0.449404776096344,0.04973979294300079
YPR022C,YGL171W,0,1.8411291,0.4763406813144684,0.449404776096344,0.04983987286686897
YGR134W,YOR026W,0,1.8400748,0.47584033012390137,0.449404776096344,0.04993995279073715
YBR106W,YMR046C,0,1.8400389,0.4753410220146179,0.449404776096344,0.05004003271460533
YDR365W-B,YPR192W,0,1.8395488,0.47484275698661804,0.449404776096344,0.05014011263847351
YKL113C,YJL087C,1,1.8373859,0.4753926694393158,0.4503968358039856,0.05014011263847351
YOR343W-B,YER041W,1,1.8362771,0.47594141960144043,0.4513888955116272,0.05014011263847351
YHL031C,YDR261C-C,0,1.8354747,0.47544410824775696,0.4513888955116272,0.05024019256234169
YER111C,YNL119W,0,1.8353126,0.47494781017303467,0.4513888955116272,0.05034027248620987
YOR129C,YLR099W-A,0,1.8347061,0.47445255517959595,0.4513888955116272,0.05044035241007805
YJR029W,YOR330C,1,1.8339193,0.4749999940395355,0.4523809552192688,0.05044035241007805
YMR122W-A,YFL036W,0,1.8333093,0.4745057225227356,0.4523809552192688,0.05054043233394623
YDL153C,YJL074C,0,1.8331352,0.47401246428489685,0.4523809552192688,0.05064051225781441
YKL011C,YPR170W-B,1,1.8316119,0.47455868124961853,0.4533730149269104,0.05064051225781441
YLR154C,YKL149C,1,1.8312223,0.4751037359237671,0.454365074634552,0.05064051225781441
YBR100W,YFL062W,0,1.8311265,0.47461140155792236,0.454365074634552,0.05074059218168259
YNL107W,YAR066W,0,1.8303757,0.4741200804710388,0.454365074634552,0.050840672105550766
YER163C,YBR012W-B,0,1.8296951,0.47362977266311646,0.454365074634552,0.050940752029418945
YMR287C,YBL100W-B,1,1.8295491,0.47417354583740234,0.4553571343421936,0.050940752029418945
YNL284C-B,YBL018C,1,1.8294444,0.4747162163257599,0.4563491940498352,0.050940752029418945
YKL200C,YKL057C,0,1.8291769,0.47422680258750916,0.4563491940498352,0.051040831953287125
YOL080C,YPL082C,0,1.8266494,0.4737384021282196,0.4563491940498352,0.051140911877155304
YDR363W,YDR014W-A,0,1.8251158,0.47325101494789124,0.4563491940498352,0.05124099180102348
YDL051W,YLR035C-A,0,1.8251109,0.47276464104652405,0.4563491940498352,0.05134107172489166
YKL006C-A,YJL127C-A,0,1.8249726,0.47227925062179565,0.4563491940498352,0.05144115164875984
YHR214W,YKL092C,0,1.8249496,0.47179487347602844,0.4563491940498352,0.05154123157262802
YOR295W,YJL127C-A,0,1.8249068,0.4713114798069,0.4563491940498352,0.0516413114964962
YBR261C,YBL039W-A,0,1.8239871,0.4708290696144104,0.4563491940498352,0.05174139142036438
YAL064W-B,YBR235W,0,1.8239703,0.47034764289855957,0.4563491940498352,0.05184147134423256
YOR343W-B,YHR062C,1,1.8237755,0.4708886742591858,0.4573412835597992,0.05184147134423256
YKL014C,YDL201W,0,1.8215587,0.470408171415329,0.4573412835597992,0.05194155499339104
YMR122W-A,YGR121C,0,1.8195677,0.46992865204811096,0.4573412835597992,0.052041634917259216
YBL074C,YBR012W-B,0,1.8195641,0.46945011615753174,0.4573412835597992,0.052141714841127396
YOL130W,YJL127C-A,0,1.8192651,0.4689725339412689,0.4573412835597992,0.052241794764995575
YBL008W-A,YDR175C,0,1.8186522,0.4684959352016449,0.4573412835597992,0.052341874688863754
YCL074W,YBL005W-B,1,1.8179357,0.4690355360507965,0.4583333432674408,0.052341874688863754
YKL113C,YLR227W-B,1,1.8167541,0.4695740342140198,0.4593254029750824,0.052341874688863754
YER118C,YHR058C,0,1.8166023,0.4690982699394226,0.4593254029750824,0.052441954612731934
YDR014W-A,YJR124C,0,1.8163607,0.46862348914146423,0.4593254029750824,0.05254203453660011
YDR014W-A,YJR041C,0,1.8152521,0.4681496322154999,0.4593254029750824,0.05264211446046829
YLR157C,YPL041C,0,1.814578,0.4676767587661743,0.4593254029750824,0.05274219438433647
YPR173C,YNR020C,0,1.8111742,0.46720483899116516,0.4593254029750824,0.05284227430820465
YLR223C,YLL003W,0,1.8103671,0.4667338728904724,0.4593254029750824,0.05294235423207283
YGR184C,YCL027C-A,0,1.8101236,0.46626386046409607,0.4593254029750824,0.05304243415594101
YOL094C,YOR192C-B,0,1.8097283,0.46579477190971375,0.4593254029750824,0.05314251407980919
YDL150W,YNL027W,0,1.8096061,0.4653266370296478,0.4593254029750824,0.05324259400367737
YMR122W-A,YER171W,0,1.8093076,0.4648594260215759,0.4593254029750824,0.05334267392754555
YIL061C,YBR196C-A,0,1.8082504,0.46439316868782043,0.4593254029750824,0.05344275385141373
YER087C-B,YMR124W,0,1.8058331,0.46392786502838135,0.4593254029750824,0.053542833775281906
YAL064W-B,YLR176C,0,1.8053343,0.4634634554386139,0.4593254029750824,0.053642913699150085
YHR142W,YGR109W-B,0,1.8048486,0.46299999952316284,0.4593254029750824,0.053742993623018265
YBR180W,YER159C-A,0,1.8044399,0.4625374674797058,0.4593254029750824,0.053843073546886444
YGR120C,YPR137W,0,1.8044034,0.4620758593082428,0.4593254029750824,0.05394315347075462
YAR071W,YLR253W,0,1.8043914,0.4616151452064514,0.4593254029750824,0.0540432333946228
YER163C,YKL071W,0,1.8040717,0.46115538477897644,0.4593254029750824,0.05414331331849098
YIL070C,YCR029C-A,0,1.8034048,0.4606965184211731,0.4593254029750824,0.05424339324235916
YHR079C-B,YKL004W,0,1.8015684,0.46023857593536377,0.4593254029750824,0.05434347316622734
YIL168W,YDR365W-B,0,1.8006763,0.4597815275192261,0.4593254029750824,0.05444355309009552
YNL166C,YMR094W,0,1.8003905,0.4593254029750824,0.4593254029750824,0.054543636739254
YFL002W-A,YKR079C,1,1.7988364,0.45986124873161316,0.460317462682724,0.054543636739254
YOL042W,YDR210W-B,1,1.7986076,0.46039605140686035,0.4613095223903656,0.054543636739254
YMR234W,YKR063C,1,1.7985945,0.4609297811985016,0.4623015820980072,0.054543636739254
YDR538W,YOL086W-A,0,1.798177,0.46047431230545044,0.4623015820980072,0.05464371666312218
YNL221C,YGL175C,1,1.7979887,0.46100690960884094,0.4632936418056488,0.05464371666312218
YLR466W,YPR175W,0,1.7977815,0.46055227518081665,0.4632936418056488,0.054743796586990356
YKL011C,YLR227W-B,1,1.7962422,0.4610837399959564,0.4642857015132904,0.054743796586990356
YKL032C,YLR410W-B,0,1.7952024,0.4606299102306366,0.4642857015132904,0.054843876510858536
YML039W,YDR478W,1,1.794629,0.461160272359848,0.4652777910232544,0.054843876510858536
YHR079C-B,YGR101W,0,1.7943041,0.46070727705955505,0.4652777910232544,0.054943956434726715
YGL106W,YOR066W,0,1.7942986,0.46025514602661133,0.4652777910232544,0.055044036358594894
YAL033W,YPL022W,1,1.7922212,0.46078431606292725,0.466269850730896,0.055044036358594894
YPL266W,YNR038W,0,1.7892679,0.4603330194950104,0.466269850730896,0.055144116282463074
YJR002W,YLR287C-A,0,1.7873337,0.45988258719444275,0.466269850730896,0.05524419620633125
YIL072W,YMR087W,0,1.7861276,0.45943304896354675,0.466269850730896,0.05534427613019943
YOL094C,YLR452C,0,1.7842155,0.458984375,0.466269850730896,0.05544435605406761
YJL127C-A,YOL143C,0,1.7841401,0.4585365951061249,0.466269850730896,0.05554443597793579
YNR021W,YBR196C-A,0,1.7834868,0.458089679479599,0.466269850730896,0.05564451590180397
YCL074W,YIL082W-A,1,1.7833863,0.45861732959747314,0.4672619104385376,0.05564451590180397
YHR177W,YLR179C,0,1.7821114,0.45817121863365173,0.4672619104385376,0.05574459582567215
YOR020W-A,YMR259C,0,1.7813702,0.4577259421348572,0.4672619104385376,0.05584467574954033
YMR050C,YNR052C,1,1.7795585,0.4582524299621582,0.4682539701461792,0.05584467574954033
YDL031W,YNL059C,0,1.7771971,0.4578079581260681,0.4682539701461792,0.05594475567340851
YOR095C,YPR009W,0,1.7763128,0.45736435055732727,0.4682539701461792,0.05604483559727669
YOR192C-B,YGR098C,0,1.7751777,0.4569215774536133,0.4682539701461792,0.05614491552114487
YOL130W,YHR177W,0,1.7747087,0.4564796984195709,0.4682539701461792,0.056244995445013046
YOL080C,YHR039C-A,0,1.7743268,0.4560386538505554,0.4682539701461792,0.056345075368881226
YGL064C,YDR179C,0,1.7742909,0.4555984437465668,0.4682539701461792,0.056445155292749405
YOR274W,YGR006W,0,1.7732563,0.45515912771224976,0.4682539701461792,0.056545235216617584
YKR063C,YBL055C,1,1.7714927,0.45568400621414185,0.4692460298538208,0.056545235216617584
YHR085W,YDR004W,0,1.7708576,0.4552454352378845,0.4692460298538208,0.056645315140485764
YIR021W,YAL064W-B,0,1.7706214,0.45480769872665405,0.4692460298538208,0.05674539506435394
YDR014W-A,YKR044W,0,1.770588,0.45437079668045044,0.4692460298538208,0.05684547498822212
YGR038C-B,YKR079C,1,1.769179,0.45489442348480225,0.4702380895614624,0.05684547498822212
YLR099W-A,YER093C,0,1.7689801,0.4544582962989807,0.4702380895614624,0.0569455549120903
YKR001C,YBL039W-A,0,1.7668719,0.45402297377586365,0.4702380895614624,0.05704563483595848
YDR266C,YGR288W,0,1.765166,0.4535885155200958,0.4702380895614624,0.05714571475982666
YOR145C,YBR196C-A,0,1.7644017,0.45315486192703247,0.4702380895614624,0.05724579840898514
YDL103C,YPL146C,0,1.7643666,0.45272207260131836,0.4702380895614624,0.05734587833285332
YGR251W,YPR175W,0,1.7639585,0.4522900879383087,0.4702380895614624,0.0574459582567215
YLR410W-B,YGL077C,0,1.7629852,0.45185890793800354,0.4702380895614624,0.057546038180589676
YNL282W,YLR312W-A,1,1.762902,0.4523809552192688,0.471230149269104,0.057546038180589676
YGR109W-B,YCL075W,1,1.7629012,0.4529019892215729,0.4722222089767456,0.057546038180589676
YLR035C-A,YPL022W,1,1.7621344,0.45342203974723816,0.4732142984867096,0.057546038180589676
YEL056W,YPL257W-B,0,1.7619452,0.45299145579338074,0.4732142984867096,0.057646118104457855
YLR410W-B,YML070W,0,1.7616446,0.4525616765022278,0.4732142984867096,0.057746198028326035
YNL221C,YAR008W,1,1.7607374,0.45308056473731995,0.4742063581943512,0.057746198028326035
YDL102W,YAR008W,1,1.7602673,0.4535984992980957,0.4751984179019928,0.057746198028326035
YHR156C,YMR301C,0,1.7580993,0.4531693458557129,0.4751984179019928,0.057846277952194214
YOR142W-B,YLR132C,1,1.7575527,0.4536862075328827,0.4761904776096344,0.057846277952194214
YDR118W,YMR277W,0,1.755907,0.45325779914855957,0.4761904776096344,0.05794635787606239
YKR085C,YAR066W,0,1.7552781,0.4528301954269409,0.4761904776096344,0.05804643779993057
YGR038C-B,YOR056C,1,1.7550458,0.4533458948135376,0.477182537317276,0.05804643779993057
YJR032W,YCL016C,0,1.7543085,0.45291900634765625,0.477182537317276,0.05814651772379875
YBR196C-A,YKR044W,0,1.7538047,0.45249295234680176,0.477182537317276,0.05824659764766693
YPR175W,YGR081C,0,1.7513819,0.45206767320632935,0.477182537317276,0.05834667757153511
YOR378W,YHR139C,0,1.7507414,0.4516431987285614,0.477182537317276,0.05844675749540329
YGL059W,YLR337W,0,1.7505043,0.45121949911117554,0.477182537317276,0.05854683741927147
YBL039W-A,YNL230C,0,1.7498838,0.45079663395881653,0.477182537317276,0.05864691734313965
YMR137C,YLR227W-B,1,1.7491407,0.4513108730316162,0.4781745970249176,0.05864691734313965
YOL094C,YGR074W,0,1.748919,0.4508886933326721,0.4781745970249176,0.05874699726700783
YHR079C-B,YHR070W,0,1.7481434,0.4504672884941101,0.4781745970249176,0.05884707719087601
YOR214C,YAL005C,0,1.7480042,0.45004668831825256,0.4781745970249176,0.058947157114744186
YOL080C,YGR161W-B,1,1.747787,0.45055970549583435,0.4791666567325592,0.058947157114744186
YDL075W,YOR274W,0,1.7475548,0.4501397907733917,0.4791666567325592,0.059047237038612366
YOR064C,YDR228C,0,1.7469256,0.44972068071365356,0.4791666567325592,0.059147316962480545
YNL221C,YJR027W,1,1.7459362,0.4502325654029846,0.4801587164402008,0.059147316962480545
YLR021W,YGR109W-B,0,1.7455819,0.4498141407966614,0.4801587164402008,0.059247396886348724
YGR123C,YPR137W,0,1.7440498,0.4493964612483978,0.4801587164402008,0.059347476810216904
YFL002W-A,YLR059C,1,1.7417588,0.44990724325180054,0.4811508059501648,0.059347476810216904
YKL154W,YOR192C-B,0,1.7382615,0.4494902789592743,0.4811508059501648,0.05944755673408508
YHR081W,YNL149C,0,1.7361782,0.44907405972480774,0.4811508059501648,0.05954763665795326
YLR356W,YDR506C,0,1.7359889,0.44865864515304565,0.4811508059501648,0.05964771658182144
YAL059W,YCR027C,0,1.7355689,0.44824400544166565,0.4811508059501648,0.05974779650568962
YNL249C,YBL039W-A,0,1.734642,0.44783011078834534,0.4811508059501648,0.0598478801548481
YOL073C,YOR192C-B,0,1.7335399,0.4474169611930847,0.4811508059501648,0.05994796007871628
YGR109W-B,YIL132C,0,1.7331339,0.44700461626052856,0.4811508059501648,0.06004804000258446
YLR157C-B,YLR132C,1,1.7317191,0.4475138187408447,0.4821428656578064,0.06004804000258446
YDR299W,YOL057W,0,1.7313697,0.4471021294593811,0.4821428656578064,0.06014811992645264
YML039W,YGL173C,1,1.7308754,0.4476102888584137,0.483134925365448,0.06014811992645264
YER160C,YNL221C,1,1.7302116,0.44811752438545227,0.4841269850730896,0.06014811992645264
YCR058C,YDR041W,0,1.7301688,0.4477064311504364,0.4841269850730896,0.060248199850320816
YDR034C-D,YLR312W-A,1,1.7279155,0.4482126533985138,0.4851190447807312,0.060248199850320816
YLR059C,YPR158W-B,1,1.7268028,0.44871795177459717,0.4861111044883728,0.060248199850320816
YNL284C-B,YKR056W,1,1.7263279,0.4492223262786865,0.4871031641960144,0.060248199850320816
YMR050C,YMR239C,1,1.7256913,0.44972577691078186,0.488095223903656,0.060248199850320816
YKL219W,YBL039W-A,0,1.7246253,0.44931507110595703,0.488095223903656,0.060348279774188995
YKR026C,YKL078W,0,1.7234762,0.4489051103591919,0.488095223903656,0.060448359698057175
YMR059W,YNL072W,1,1.7231653,0.4494074881076813,0.48908731341362,0.060448359698057175
YMR137C,YDR210W-B,1,1.7193437,0.44990891218185425,0.4900793731212616,0.060448359698057175
YLR107W,YJL113W,1,1.718073,0.450409471988678,0.4910714328289032,0.060448359698057175
YMR016C,YDR412W,0,1.7172348,0.44999998807907104,0.4910714328289032,0.060548439621925354
YIR033W,YLR337W,0,1.7161689,0.4495912790298462,0.4910714328289032,0.06064851954579353
YML039W,YAR008W,1,1.7152346,0.4500907361507416,0.4920634925365448,0.06064851954579353
YKL006C-A,YDR261W-B,0,1.7150116,0.44968268275260925,0.4920634925365448,0.06074859946966171
YDR261C-C,YGR124W,0,1.7117016,0.4492753744125366,0.4920634925365448,0.06084867939352989
YMR224C,YJR029W,1,1.711251,0.44977375864982605,0.4930555522441864,0.06084867939352989
YIR021W,YBR012W-B,1,1.7110617,0.45027124881744385,0.494047611951828,0.06084867939352989
YDR365W-B,YKL005C,0,1.7105069,0.4498645067214966,0.494047611951828,0.06094875931739807
YER171W,YER006W,0,1.7091839,0.4494584798812866,0.494047611951828,0.06104883924126625
YGR203W,YHR102W,0,1.7087184,0.44905319809913635,0.494047611951828,0.06114891916513443
YJR045C,YOL086W-A,0,1.7084031,0.4486486613750458,0.494047611951828,0.06124899908900261
YBR278W,YOR192C-B,1,1.7080863,0.4491448998451233,0.4950396716594696,0.06124899908900261
YNL188W,YLR073C,0,1.707627,0.44874101877212524,0.4950396716594696,0.06134907901287079
YBR278W,YDR210W-B,1,1.7073433,0.44923630356788635,0.4960317313671112,0.06134907901287079
YKL033W-A,YLR005W,0,1.7067358,0.44883304834365845,0.4960317313671112,0.06144915893673897
YIL132C,YCL016C,0,1.7066985,0.44843047857284546,0.4960317313671112,0.06154923886060715
YDR261C-C,YNL188W,0,1.7062801,0.44802868366241455,0.4960317313671112,0.06164931878447533
YOR020W-A,YNL072W,0,1.7055018,0.44762757420539856,0.4960317313671112,0.061749398708343506
YDL138W,YKL033W-A,0,1.7053281,0.4472271800041199,0.4960317313671112,0.061849478632211685
YNL027W,YBR192W,0,1.7048563,0.4468275308609009,0.4960317313671112,0.061949558556079865
YKL033W,YNL232W,0,1.7025088,0.4464285671710968,0.4960317313671112,0.062049638479948044
YOR009W,YCL075W,0,1.7019005,0.44603031873703003,0.4960317313671112,0.06214971840381622
YHR062C,YHR214C-B,1,1.6979837,0.446524053812027,0.4970238208770752,0.06214971840381622
YDL227C,YBR071W,0,1.6961548,0.44612646102905273,0.4970238208770752,0.0622497983276844
YDR339C,YDR210W-B,1,1.6959057,0.4466192126274109,0.4980158805847168,0.0622497983276844
YGL145W,YPL001W,0,1.6953934,0.4462222158908844,0.4980158805847168,0.06234987825155258
YBR100W,YLR056W,0,1.6948082,0.4458259344100952,0.4980158805847168,0.06244995817542076
YLR157C-B,YER041W,1,1.6945286,0.4463176429271698,0.4990079402923584,0.06244995817542076
YKL011C,YPR158W-B,1,1.6943188,0.44680851697921753,0.5,0.06244995817542076
YDR412W,YHR107C,0,1.6929549,0.44641274213790894,0.5,0.06255003809928894
YAR002W,YEL003W,0,1.6914424,0.44601771235466003,0.5,0.06265012174844742
YGR120C,YMR244W,0,1.6895328,0.44562333822250366,0.5,0.0627501979470253
YGR038C-A,YPR102C,0,1.6878769,0.4452296793460846,0.5,0.06285028159618378
YEL059C-A,YDR014W-A,0,1.68765,0.44483670592308044,0.5,0.06295035779476166
YDR185C,YPR183W,0,1.6860487,0.4444444477558136,0.5,0.06305044144392014
YLR419W,YOL022C,0,1.681659,0.44405287504196167,0.5,0.06315051764249802
YAL064W-B,YNL027W,0,1.6808243,0.44366195797920227,0.5,0.0632506012916565
YOR357C,YDR474C,0,1.6807704,0.4432717561721802,0.5,0.06335067749023438
YDR121W,YDR261W-B,1,1.68062,0.4437609910964966,0.5009920597076416,0.06335067749023438
YPR201W,YJL185C,0,1.6799788,0.44337138533592224,0.5009920597076416,0.06345076113939285
YLR032W,YOR192C-B,0,1.6791974,0.4429824650287628,0.5009920597076416,0.06355083733797073
YDR038C,YOL086W-A,0,1.6789978,0.4425942301750183,0.5009920597076416,0.06365092098712921
YNL284C-B,YMR059W,1,1.6780657,0.4430823028087616,0.5019841194152832,0.06365092098712921
YKL033W-A,YMR247C,0,1.676825,0.44269466400146484,0.5019841194152832,0.06375099718570709
YOR214C,YPR043W,0,1.6766346,0.4423076808452606,0.5019841194152832,0.06385108083486557
YLR211C,YKR081C,0,1.6741838,0.4419213831424713,0.5019841194152832,0.06395116448402405
YGR038C-A,YDR304C,0,1.673887,0.4415357708930969,0.5019841194152832,0.06405124068260193
YDR121W,YOL103W-B,1,1.6736726,0.4420226812362671,0.5029761791229248,0.06405124068260193
YML033W,YOR236W,0,1.6733987,0.44163763523101807,0.5029761791229248,0.0641513243317604
YPR135W,YJR002W,0,1.6716135,0.44125327467918396,0.5029761791229248,0.06425140053033829
YLR242C,YDR267C,0,1.6692083,0.4408695697784424,0.5029761791229248,0.06435148417949677
YHR032W,YLR378C,0,1.6688894,0.44048652052879333,0.5029761791229248,0.06445156037807465
YKL210W,YER159C-A,0,1.6685923,0.4401041567325592,0.5029761791229248,0.06455164402723312
YBR265W,YKL200C,0,1.6685346,0.4397224485874176,0.5029761791229248,0.064651720225811
YBR247C,YGR074W,0,1.666907,0.4393414258956909,0.5029761791229248,0.06475180387496948
YPR103W,YBR126W-A,0,1.6664106,0.4389610290527344,0.5029761791229248,0.06485188007354736
YGR252W,YKL200C,0,1.6663382,0.43858131766319275,0.5029761791229248,0.06495196372270584
YLR345W,YLR318W,0,1.6662401,0.43820226192474365,0.5029761791229248,0.06505203992128372
YML033W,YGL097W,0,1.6659912,0.4378238320350647,0.5029761791229248,0.0651521235704422
YLR312C-B,YCL031C,0,1.6659166,0.43744608759880066,0.5029761791229248,0.06525219976902008
YHR214C-B,YKR079C,1,1.6659064,0.43793103098869324,0.5039682388305664,0.06525219976902008
YDR240C,YKL120W,0,1.6652162,0.4375538229942322,0.5039682388305664,0.06535228341817856
YKL149C,YBL014C,0,1.6649324,0.43717727065086365,0.5039682388305664,0.06545235961675644
YDR365W-B,YPR105C,0,1.6647367,0.43680137395858765,0.5039682388305664,0.06555244326591492
YOL080C,YNL262W,1,1.6639413,0.4372852146625519,0.504960298538208,0.06555244326591492
YDR478W,YBR100W,1,1.6639197,0.43776825070381165,0.5059523582458496,0.06555244326591492
YGL025C,YHR065C,0,1.6633413,0.43739280104637146,0.5059523582458496,0.0656525194644928
YMR285C,YLR078C,0,1.6626922,0.4370180070400238,0.5059523582458496,0.06575260311365128
YOR166C,YLR277C,1,1.6613057,0.4375,0.5069444179534912,0.06575260311365128
YDR478W,YJR029W,1,1.6606078,0.43798118829727173,0.5079365372657776,0.06575260311365128
YJR002W,YCR029C-A,0,1.660593,0.4376068413257599,0.5079365372657776,0.06585267931222916
YMR023C,YNL188W,0,1.659733,0.4372331202030182,0.5079365372657776,0.06595276296138763
YJR002W,YOL080C,0,1.659506,0.436860054731369,0.5079365372657776,0.06605283915996552
YGR038C-B,YMR059W,1,1.6584668,0.4373401403427124,0.5089285969734192,0.06605283915996552
YJL018W,YML077W,0,1.6575282,0.4369676411151886,0.5089285969734192,0.06615292280912399
YMR059W,YDR316W-B,1,1.6568999,0.43744680285453796,0.5099206566810608,0.06615292280912399
YJL153C,YCL075W,0,1.6551622,0.43707484006881714,0.5099206566810608,0.06625299900770187
YLR451W,YKL200C,0,1.6549526,0.43670347332954407,0.5099206566810608,0.06635308265686035
YOR315W,YLR352W,0,1.6541787,0.4363327622413635,0.5099206566810608,0.06645315885543823
YLR276C,YHR066W,0,1.6521138,0.4359626770019531,0.5099206566810608,0.06655324250459671
YMR059W,YKL149C,1,1.6501621,0.43644067645072937,0.5109127163887024,0.06655324250459671
YCL074W,YDL185W,1,1.6501033,0.43691787123680115,0.511904776096344,0.06655324250459671
YOR142W-B,YOR330C,1,1.6491649,0.43739426136016846,0.5128968358039856,0.06655324250459671
YOL010W,YJL208C,1,1.6489949,0.4378698170185089,0.5138888955116272,0.06655324250459671
YGR010W,YDR261C-C,0,1.6488572,0.4375,0.5138888955116272,0.06665332615375519
YBR100W,YLR135W,1,1.6474671,0.4379746913909912,0.5148809552192688,0.06665332615375519
YJL001W,YPL257W-B,0,1.6473424,0.4376054108142853,0.5148809552192688,0.06675340235233307
YGR161C-D,YOR330C,1,1.6472042,0.43807917833328247,0.5158730149269104,0.06675340235233307
YGR241C,YEL077C,0,1.644906,0.4377104341983795,0.5158730149269104,0.06685348600149155
YPR018W,YDR524C,0,1.6442968,0.4373423159122467,0.5158730149269104,0.06695356220006943
YGR038C-A,YHR066W,0,1.6433496,0.43697479367256165,0.5158730149269104,0.0670536458492279
YAL064W-B,YMR054W,0,1.6415186,0.43660789728164673,0.5158730149269104,0.06715372204780579
YJL146W,YLR035C-A,0,1.6397977,0.43624159693717957,0.5158730149269104,0.06725380569696426
YMR050C,YOR368W,1,1.639754,0.43671417236328125,0.516865074634552,0.06725380569696426
YJR002W,YER006W,0,1.6391718,0.43634840846061707,0.516865074634552,0.06735388189554214
YGL025C,YPL169C,0,1.6386977,0.435983270406723,0.516865074634552,0.06745396554470062
YOL089C,YGR272C,0,1.6375222,0.43561872839927673,0.516865074634552,0.0675540417432785
YPL082C,YGR191W,0,1.6352911,0.4352548122406006,0.516865074634552,0.06765412539243698
YLR312C-B,YGR227W,0,1.6349411,0.4348914921283722,0.516865074634552,0.06775420159101486
YHR122W,YMR046C,0,1.6323304,0.43452876806259155,0.516865074634552,0.06785428524017334
YNL065W,YOR192C-B,0,1.6321654,0.43416666984558105,0.516865074634552,0.06795436143875122
YBR237W,YOR192C-B,0,1.6299913,0.4338051676750183,0.516865074634552,0.0680544450879097
YJL065C,YAR066W,0,1.6291611,0.4334442615509033,0.516865074634552,0.06815452128648758
YOR033C,YLR135W,1,1.6288434,0.4339151978492737,0.5178571343421936,0.06815452128648758
YHR177W,YDL051W,0,1.6282568,0.43355482816696167,0.5178571343421936,0.06825460493564606
YLR337W,YIL087C,0,1.6271195,0.433195024728775,0.5178571343421936,0.06835468113422394
YBR100W,YHR062C,1,1.6250985,0.433665007352829,0.5188491940498352,0.06835468113422394
YMR321C,YIL009W,0,1.6239607,0.4333057105541229,0.5188491940498352,0.06845476478338242
YJR061W,YPL041C,0,1.6239247,0.4329470098018646,0.5188491940498352,0.0685548409819603
YLR074C,YMR080C,0,1.6236368,0.4325889050960541,0.5188491940498352,0.06865492463111877
YFL038C,YPR027C,0,1.6222456,0.4322313964366913,0.5188491940498352,0.06875500082969666
YPR175W,YDR524C,0,1.6221161,0.43187448382377625,0.5188491940498352,0.06885508447885513
YOL086W-A,YER026C,0,1.6210089,0.4315181374549866,0.5188491940498352,0.06895516067743301
YDR474C,YAL043C,0,1.6198356,0.43116241693496704,0.5188491940498352,0.06905524432659149
YML028W,YPR027C,0,1.619137,0.4308072626590729,0.5188491940498352,0.06915532797574997
YPL029W,YBR278W,1,1.6184511,0.43127572536468506,0.5198412537574768,0.06915532797574997
YHR079C-B,YMR294W,0,1.6172919,0.4309210479259491,0.5198412537574768,0.06925540417432785
YER178W,YBR090C-A,0,1.6172638,0.4305669665336609,0.5198412537574768,0.06935548782348633
YBR278W,YKR056W,1,1.616998,0.43103447556495667,0.5208333134651184,0.06935548782348633
YHR070W,YPL199C,0,1.6136223,0.43068090081214905,0.5208333134651184,0.06945556402206421
YGR276C,YKR056W,1,1.6135476,0.4311475455760956,0.52182537317276,0.06945556402206421
YDR365W-B,YDR506C,0,1.6123683,0.4307944178581238,0.52182537317276,0.06955564767122269
YPR192W,YBR012W-B,0,1.6120288,0.43044188618659973,0.52182537317276,0.06965572386980057
YNL166C,YBR002C,0,1.6110024,0.43008995056152344,0.52182537317276,0.06975580751895905
YMR069W,YKL047W,0,1.6099519,0.4297385513782501,0.52182537317276,0.06985588371753693
YLL036C,YLR320W,0,1.6094975,0.42938774824142456,0.52182537317276,0.0699559673666954
YFL002W-A,YCL075W,1,1.6092991,0.4298531711101532,0.5228174328804016,0.0699559673666954
YKL113C,YNL072W,1,1.60795,0.43031784892082214,0.523809552192688,0.0699559673666954
YKR048C,YDR110W,0,1.6076202,0.4299674332141876,0.523809552192688,0.07005604356527328
YKR099W,YLR276C,0,1.6057619,0.42961758375167847,0.523809552192688,0.07015612721443176
YPL141C,YGL095C,0,1.6049879,0.4292683005332947,0.523809552192688,0.07025620341300964
YIL173W,YAR066W,0,1.6035178,0.42891958355903625,0.523809552192688,0.07035628706216812
YBR012W-B,YGL175C,1,1.6030254,0.42938312888145447,0.5248016119003296,0.07035628706216812
YOL098C,YJL038C,0,1.601706,0.42903488874435425,0.5248016119003296,0.070456363260746
YOL080C,YBR071W,0,1.6003566,0.428687185049057,0.5248016119003296,0.07055644690990448
YML039W,YGL246C,1,1.5996306,0.4291498064994812,0.5257936716079712,0.07055644690990448
YGR245C,YLR288C,0,1.5992482,0.42880257964134216,0.5257936716079712,0.07065652310848236
YHR065C,YER006W,0,1.595028,0.4284559488296509,0.5257936716079712,0.07075660675764084
YPR018W,YOR001W,0,1.5935733,0.4281098544597626,0.5257936716079712,0.07085668295621872
YDR261C-C,YNL049C,0,1.5931451,0.42776432633399963,0.5257936716079712,0.0709567666053772
YOL080C,YBR034C,0,1.5930457,0.42741936445236206,0.5257936716079712,0.07105684280395508
YGR245C,YDR320C,0,1.5929307,0.42707493901252747,0.5257936716079712,0.07115692645311356
YML031W,YGL171W,0,1.5918281,0.42673107981681824,0.5257936716079712,0.07125700265169144
YBR016W,YER087C-B,0,1.5902898,0.426387757062912,0.5257936716079712,0.07135708630084991
YOR142W-B,YLR312W-A,1,1.5899242,0.4268488883972168,0.5267857313156128,0.07135708630084991
YER141W,YAR066W,0,1.5893927,0.42650601267814636,0.5267857313156128,0.0714571624994278
YDR261W-B,YOR047C,0,1.5872817,0.4261637330055237,0.5267857313156128,0.07155724614858627
YDR261C-D,YLR312W-A,1,1.5869277,0.4266239106655121,0.5277777910232544,0.07155724614858627
YMR211W,YDL116W,0,1.5868443,0.42628204822540283,0.5277777910232544,0.07165732234716415
YPR139C,YGR152C,0,1.5842664,0.42594075202941895,0.5277777910232544,0.07175740599632263
YBR261C,YMR005W,0,1.5842276,0.42559999227523804,0.5277777910232544,0.07185748964548111
YCR065W,YPL257W-B,0,1.5842216,0.4252597987651825,0.5277777910232544,0.07195756584405899
YPR073C,YAR066W,0,1.5812399,0.42492014169692993,0.5277777910232544,0.07205764949321747
YAL059W,YDR412W,0,1.5811641,0.42458099126815796,0.5277777910232544,0.07215772569179535
YML039W,YER041W,1,1.5799959,0.4250398576259613,0.528769850730896,0.07215772569179535
YDR004W,YLR337W,0,1.5796462,0.42470118403434753,0.528769850730896,0.07225780934095383
YPR056W,YBR162W-A,0,1.5780684,0.42436304688453674,0.528769850730896,0.07235788553953171
YGR029W,YKR025W,0,1.5756061,0.42402544617652893,0.528769850730896,0.07245796918869019
YJR043C,YGR030C,1,1.5741272,0.4244832992553711,0.5297619104385376,0.07245796918869019
YGR116W,YBR012W-B,0,1.5737516,0.4241461455821991,0.5297619104385376,0.07255804538726807
YIL118W,YGR002C,0,1.5736549,0.4238095283508301,0.5297619104385376,0.07265812903642654
YIL098C,YJL113W,0,1.5722558,0.42347344756126404,0.5297619104385376,0.07275820523500443
YBR228W,YOR056C,1,1.5712721,0.42393025755882263,0.5307539701461792,0.07275820523500443
YGR140W,YJR097W,0,1.5710659,0.4235946238040924,0.5307539701461792,0.0728582888841629
YGR183C,YKL200C,0,1.5690658,0.4232594966888428,0.5307539701461792,0.07295836508274078
YML072C,YLR035C-A,0,1.5685612,0.4229249060153961,0.5307539701461792,0.07305844873189926
YGR161C-D,YDR412W,1,1.5683284,0.4233807325363159,0.5317460298538208,0.07305844873189926
YAL033W,YDR365W-B,1,1.5673649,0.4238358438014984,0.5327380895614624,0.07305844873189926
YBR167C,YDR478W,1,1.5669029,0.4242902100086212,0.533730149269104,0.07305844873189926
YLR178C,YJL113W,0,1.5654057,0.42395585775375366,0.533730149269104,0.07315852493047714
YLR345W,YHR023W,0,1.5630524,0.4236220419406891,0.533730149269104,0.07325860857963562
YAR009C,YBL055C,1,1.5616243,0.42407554388046265,0.5347222089767456,0.07325860857963562
YPR139C,YLR276C,0,1.5614166,0.4237421452999115,0.5347222089767456,0.0733586847782135
YGL173C,YIL082W-A,1,1.5613542,0.4241948127746582,0.5357142686843872,0.0733586847782135
YNL284C-B,YDR339C,1,1.559338,0.42464679479599,0.5367063283920288,0.0733586847782135
YLR074C,YDR524C,0,1.55872,0.4243137240409851,0.5367063283920288,0.07345876842737198
YDR261C-C,YBL014C,0,1.5585889,0.4239811897277832,0.5367063283920288,0.07355884462594986
YOL080C,YDL103C,0,1.5576708,0.4236491918563843,0.5367063283920288,0.07365892827510834
YJL055W,YLR410W-B,0,1.5569828,0.42331767082214355,0.5367063283920288,0.07375900447368622
YPR157W,YGR191W,0,1.5559709,0.4229867160320282,0.5367063283920288,0.0738590881228447
YGR040W,YPR143W,0,1.5554926,0.42265623807907104,0.5367063283920288,0.07395916432142258
YPL083C,YDR478W,1,1.5554502,0.42310693860054016,0.5376983880996704,0.07395916432142258
YMR045C,YER041W,1,1.5549812,0.42355695366859436,0.538690447807312,0.07395916432142258
YGR047C,YKL011C,0,1.5547736,0.42322680354118347,0.538690447807312,0.07405924797058105
YGR102C,YOR373W,0,1.5535345,0.42289718985557556,0.538690447807312,0.07415932416915894
YPL007C,YEL061C,0,1.5531931,0.42256808280944824,0.538690447807312,0.07425940781831741
YBL005W-B,YAL021C,1,1.5524933,0.42301711440086365,0.5396825671195984,0.07425940781831741
YFL002W-A,YLR312W-A,1,1.551225,0.42346543073654175,0.54067462682724,0.07425940781831741
YLL036C,YDL216C,0,1.550855,0.4231366515159607,0.54067462682724,0.0743594840168953
YMR287C,YKR056W,1,1.5502572,0.4235841631889343,0.5416666865348816,0.0743594840168953
YGR203W,YMR040W,0,1.5497699,0.4232558012008667,0.5416666865348816,0.07445956766605377
YBR071W,YDL031W,0,1.5494545,0.42292797565460205,0.5416666865348816,0.07455965131521225
YBR126W-A,YDR282C,0,1.5460286,0.4226006269454956,0.5416666865348816,0.07465972751379013
YPR135W,YGR152C,0,1.5421672,0.42227378487586975,0.5416666865348816,0.07475981116294861
YKR063C,YOR330C,1,1.5416802,0.4227202534675598,0.5426587462425232,0.07475981116294861
YPR137C-B,YAL033W,1,1.5415857,0.42316603660583496,0.5436508059501648,0.07475981116294861
YDR076W,YOL103W-B,1,1.5413752,0.4236111044883728,0.5446428656578064,0.07475981116294861
YAL064W-B,YDL185W,0,1.5406177,0.42328450083732605,0.5446428656578064,0.07485988736152649
YLR312C-B,YPL029W,0,1.5403979,0.4229584038257599,0.5446428656578064,0.07495997101068497
YDR261W-B,YCR065W,0,1.5389982,0.42263278365135193,0.5446428656578064,0.07506004720926285
YBR261C,YOR026W,0,1.5385967,0.42230769991874695,0.5446428656578064,0.07516013085842133
YBR294W,YMR046C,0,1.5379095,0.42198309302330017,0.5446428656578064,0.0752602070569992
YAL064W-B,YOL127W,0,1.5378187,0.421658992767334,0.5446428656578064,0.07536029070615768
YDR365W-B,YKR056W,1,1.5373222,0.42210283875465393,0.545634925365448,0.07536029070615768
YMR010W,YNL172W,0,1.5347515,0.42177915573120117,0.545634925365448,0.07546036690473557
YCR002C,YMR244W,0,1.5308532,0.4214559495449066,0.545634925365448,0.07556045055389404
YLR160C,YHR070W,0,1.5292511,0.42113322019577026,0.545634925365448,0.07566052675247192
YOR279C,YDL201W,0,1.5290169,0.4208110272884369,0.545634925365448,0.0757606104016304
YGL005C,YPL146C,0,1.5279953,0.4204893112182617,0.545634925365448,0.07586068660020828
YPR065W,YLL011W,0,1.5277636,0.42016807198524475,0.545634925365448,0.07596077024936676
YCL074W,YCL019W,1,1.5271225,0.4206106960773468,0.5466269850730896,0.07596077024936676
YJR010C-A,YHR184W,0,1.5269301,0.4202898442745209,0.5466269850730896,0.07606084644794464
YBR012W-B,YMR239C,1,1.5266317,0.42073169350624084,0.5476190447807312,0.07606084644794464
YCL074W,YLR107W,1,1.5255997,0.4211728870868683,0.5486111044883728,0.07606084644794464
YGL156W,YMR122W-A,0,1.5251406,0.4208523631095886,0.5486111044883728,0.07616093009710312
YOL094C,YDR118W,0,1.5250838,0.42053231596946716,0.5486111044883728,0.076261006295681
YIL133C,YLL011W,0,1.5225179,0.4202127754688263,0.5486111044883728,0.07636108994483948
YNL080C,YLR224W,0,1.5217102,0.41989371180534363,0.5486111044883728,0.07646116614341736
YCR031C,YLR318W,0,1.5216104,0.41957512497901917,0.5486111044883728,0.07656124979257584
YLR466W,YAR002W,0,1.5214021,0.4192570149898529,0.5486111044883728,0.07666132599115372
YGR029W,YHR066W,0,1.5212588,0.41893938183784485,0.5486111044883728,0.0767614096403122
YPR038W,YPR102C,0,1.5206553,0.4186222553253174,0.5486111044883728,0.07686148583889008
YKL090W,YMR239C,1,1.5204115,0.4190620183944702,0.5496031641960144,0.07686148583889008
YOL080C,YOR368W,1,1.5203937,0.4195011258125305,0.550595223903656,0.07686148583889008
YBR012W-B,YJL035C,0,1.519531,0.41918429732322693,0.550595223903656,0.07696156948804855
YEL077C,YOR026W,0,1.517301,0.41886791586875916,0.550595223903656,0.07706164568662643
YLR451W,YDR163W,0,1.5153979,0.418552041053772,0.550595223903656,0.07716172933578491
YOR033C,YDR279W,1,1.5151819,0.41899019479751587,0.5515872836112976,0.07716172933578491
YIL062C,YPR027C,0,1.5150118,0.4186747074127197,0.5515872836112976,0.07726181298494339
YBR071W,YDL049C,0,1.5131385,0.4183596670627594,0.5515872836112976,0.07736188918352127
YJR136C,YOR026W,0,1.5126393,0.4180451035499573,0.5515872836112976,0.07746197283267975
YMR074C,YKL004W,0,1.5124526,0.41773101687431335,0.5515872836112976,0.07756204903125763
YOR261C,YJR002W,0,1.5121033,0.41741740703582764,0.5515872836112976,0.07766213268041611
YKL004W,YGR168C,0,1.5117285,0.4171042740345001,0.5515872836112976,0.07776220887899399
YPL141C,YAL034W-A,0,1.5112897,0.4167916178703308,0.5515872836112976,0.07786229252815247
YOL094C,YMR285C,0,1.5109601,0.4164794087409973,0.5515872836112976,0.07796236872673035
YAR002W,YBR126W-A,0,1.5092094,0.416167676448822,0.5515872836112976,0.07806245237588882
YOL062C,YDR474C,0,1.5082645,0.41585639119148254,0.5515872836112976,0.0781625285744667
YNL289W,YHR079C-B,0,1.5078969,0.41554558277130127,0.5515872836112976,0.07826261222362518
YLR277C,YNL001W,1,1.5057718,0.41598206758499146,0.5525793433189392,0.07826261222362518
YAR009C,YML095C,1,1.5043745,0.4164178967475891,0.5535714030265808,0.07826261222362518
YPR135W,YNL092W,0,1.5039946,0.4161073863506317,0.5535714030265808,0.07836268842220306
YOR133W,YCL063W,0,1.5036434,0.41579732298851013,0.5535714030265808,0.07846277207136154
YBR162W-A,YIL079C,0,1.5034721,0.41548770666122437,0.5535714030265808,0.07856284826993942
YDR064W,YGR272C,0,1.5030382,0.4151785671710968,0.5535714030265808,0.0786629319190979
YLR014C,YLR166C,0,1.5021499,0.41486987471580505,0.5535714030265808,0.07876300811767578
YPL129W,YLR337W,0,1.501777,0.4145616590976715,0.5535714030265808,0.07886309176683426
YOL080C,YKL090W,1,1.5010828,0.41499629616737366,0.5545634627342224,0.07886309176683426
YPL016W,YBR012W-B,0,1.5000843,0.41468843817710876,0.5545634627342224,0.07896316796541214
YGL085W,YOL010W,1,1.5000174,0.41512230038642883,0.5555555820465088,0.07896316796541214
YMR122W-A,YBR221C,0,1.4995706,0.4148148000240326,0.5555555820465088,0.07906325161457062
YLR179C,YMR094W,0,1.4989929,0.41450777649879456,0.5555555820465088,0.0791633278131485
YMR122W-A,YNL074C,0,1.4976616,0.41420117020606995,0.5555555820465088,0.07926341146230698
YMR234W,YNL221C,1,1.4957746,0.4146341383457184,0.5565476417541504,0.07926341146230698
YMR247C,YGR122W,0,1.4948955,0.4143279194831848,0.5565476417541504,0.07936348766088486
YER163C,YIL162W,0,1.4941808,0.41402214765548706,0.5565476417541504,0.07946357131004333
YOR156C,YCL027C-A,0,1.4933313,0.4137168228626251,0.5565476417541504,0.07956364750862122
YNL282W,YHL009W-B,1,1.4930165,0.41414886713027954,0.557539701461792,0.07956364750862122
YCR042C,YKR099W,0,1.4927678,0.41384389996528625,0.557539701461792,0.0796637311577797
YJR061W,YJL113W,0,1.4919928,0.4135393798351288,0.557539701461792,0.07976380735635757
YMR300C,YEL077C,0,1.4904015,0.41323530673980713,0.557539701461792,0.07986389100551605
YJR014W,YBR012W-B,0,1.4897151,0.4129316806793213,0.557539701461792,0.07996397465467453
YAL033W,YBR167C,1,1.4894402,0.4133627116680145,0.5585317611694336,0.07996397465467453
YBR204C,YLR337W,0,1.4891963,0.41305941343307495,0.5585317611694336,0.08006405085325241
YIR013C,YER087C-A,0,1.488581,0.4127565920352936,0.5585317611694336,0.08016413450241089
YBR258C,YDR474C,0,1.4884033,0.412454217672348,0.5585317611694336,0.08026421070098877
YHR173C,YJL131C,0,1.4869237,0.4121522605419159,0.5585317611694336,0.08036429435014725
YIR024C,YDL150W,0,1.4852722,0.41185078024864197,0.5585317611694336,0.08046437054872513
YDR363W,YKL095W,0,1.4849236,0.41154971718788147,0.5585317611694336,0.0805644541978836
YPL207W,YNL075W,0,1.4844577,0.4112491011619568,0.5585317611694336,0.08066453039646149
YPL097W,YLR312C-B,0,1.4843512,0.41094890236854553,0.5585317611694336,0.08076461404561996
YNL092W,YHR117W,0,1.4842901,0.4106491506099701,0.5585317611694336,0.08086469024419785
YBR098W,YDL102W,1,1.4840751,0.41107872128486633,0.5595238208770752,0.08086469024419785
YLR337W,YBR221C,0,1.4840353,0.41077932715415955,0.5595238208770752,0.08096477389335632
YMR122W-A,YDR315C,0,1.4835584,0.4104803502559662,0.5595238208770752,0.0810648500919342
YKR056W,YDL056W,0,1.4831791,0.41018182039260864,0.5595238208770752,0.08116493374109268
YCR058C,YOR255W,0,1.4827582,0.4098837077617645,0.5595238208770752,0.08126500993967056
YEL030W,YPR097W,0,1.4825888,0.4095860421657562,0.5595238208770752,0.08136509358882904
YER094C,YPL141C,0,1.48174,0.40928882360458374,0.5595238208770752,0.08146516978740692
YDR194C,YDL056W,0,1.4812018,0.4089920222759247,0.5595238208770752,0.0815652534365654
YFL052W,YAL043C,0,1.4802237,0.40869563817977905,0.5595238208770752,0.08166532963514328
YHR177W,YKL047W,0,1.4790845,0.40839970111846924,0.5595238208770752,0.08176541328430176
YBR247C,YJL074C,0,1.4790792,0.40810421109199524,0.5595238208770752,0.08186548948287964
YJR027W,YPL082C,0,1.4786214,0.4078091084957123,0.5595238208770752,0.08196557313203812
YNL290W,YGR276C,0,1.4774896,0.40751445293426514,0.5595238208770752,0.082065649330616
YPL048W,YOR378W,0,1.4765809,0.4072202146053314,0.5595238208770752,0.08216573297977448
YNL284C-B,YAL033W,1,1.4753668,0.40764790773391724,0.5605158805847168,0.08216573297977448
YBR228W,YOR033C,1,1.4745818,0.4080749750137329,0.5615079402923584,0.08216573297977448
YJL087C,YPL029W,1,1.4735281,0.40850144624710083,0.5625,0.08216573297977448
YMR046C,YHR058C,0,1.4718897,0.40820735692977905,0.5625,0.08226580917835236
YBL058W,YFL052W,0,1.4688034,0.4079136550426483,0.5625,0.08236589282751083
YML058W,YDR261W-B,0,1.4678853,0.4076204299926758,0.5625,0.08246597647666931
YOR064C,YPL266W,0,1.4676031,0.4073275923728943,0.5625,0.08256605267524719
YCR089W,YBR090C-A,0,1.4673584,0.4070351719856262,0.5625,0.08266613632440567
YGR031W,YGL106W,0,1.4663529,0.40674319863319397,0.5625,0.08276621252298355
YPL141C,YPL250C,0,1.4662228,0.40645161271095276,0.5625,0.08286629617214203
YLR227C,YDR030C,0,1.4661644,0.406160444021225,0.5625,0.08296637237071991
YNL249C,YIR026C,0,1.4656341,0.405869722366333,0.5625,0.08306645601987839
YCR058C,YOR110W,0,1.4638815,0.4055793881416321,0.5625,0.08316653221845627
YLR421C,YJL113W,0,1.4638453,0.40528950095176697,0.5625,0.08326661586761475
YGR252W,YMR046C,0,1.4638427,0.4050000011920929,0.5625,0.08336669206619263
YHR079C-B,YOR368W,0,1.4635949,0.40471091866493225,0.5625,0.0834667757153511
YER138C,YML091C,1,1.4631947,0.40513551235198975,0.5634920597076416,0.0834667757153511
YER174C,YBR258C,0,1.4624445,0.40484675765037537,0.5634920597076416,0.08356685191392899
YDR339C,YML045W,1,1.4623771,0.40527066588401794,0.5644841194152832,0.08356685191392899
YJL187C,YGR187C,0,1.4620954,0.40498220920562744,0.5644841194152832,0.08366693556308746
YDL113C,YLR337W,0,1.4620812,0.40469416975975037,0.5644841194152832,0.08376701176166534
YEL032W,YGR272C,0,1.4618028,0.4044065475463867,0.5644841194152832,0.08386709541082382
YGR123C,YKL032C,0,1.4617442,0.4041193127632141,0.5644841194152832,0.0839671716094017
YDR210W-B,YOR330C,1,1.4613211,0.4045422375202179,0.5654761791229248,0.0839671716094017
YMR308C,YOL137W,0,1.4612591,0.40425533056259155,0.5654761791229248,0.08406725525856018
YBR012W-B,YJL090C,0,1.4608912,0.40396881103515625,0.5654761791229248,0.08416733145713806
YNR008W,YGL171W,0,1.4601116,0.4036827087402344,0.5654761791229248,0.08426741510629654
YHR209W,YKR044W,0,1.4597204,0.4033970236778259,0.5654761791229248,0.08436749130487442
YGL073W,YAR066W,0,1.4588977,0.4031117260456085,0.5654761791229248,0.0844675749540329
YJL018W,YAL038W,0,1.458852,0.40282684564590454,0.5654761791229248,0.08456765115261078
YFL008W,YMR005W,0,1.4582283,0.402542382478714,0.5654761791229248,0.08466773480176926
YER160C,YGR258C,1,1.4576106,0.4029639959335327,0.5664682388305664,0.08466773480176926
YHR139C,YNL122C,0,1.4566472,0.40267983078956604,0.5664682388305664,0.08476781100034714
YAL056W,YPR056W,0,1.4562991,0.4023960530757904,0.5664682388305664,0.08486789464950562
YKL187C,YMR186W,0,1.4552197,0.4021126627922058,0.5664682388305664,0.0849679708480835
YMR227C,YGR098C,0,1.4547503,0.40182968974113464,0.5664682388305664,0.08506805449724197
YHR089C,YMR285C,0,1.4545373,0.4015471041202545,0.5664682388305664,0.08516813814640045
YPL121C,YBR012W-B,0,1.4530859,0.4012649357318878,0.5664682388305664,0.08526821434497833
YGR169C,YGR272C,0,1.4506276,0.40098315477371216,0.5664682388305664,0.08536829799413681
YJL198W,YFR002W,0,1.4501345,0.40070176124572754,0.5664682388305664,0.08546837419271469
YBR012W-B,YBL039C,0,1.4485396,0.40042075514793396,0.5664682388305664,0.08556845784187317
YMR122W-A,YNL290W,0,1.4480906,0.4001401662826538,0.5664682388305664,0.08566853404045105
YPL119C,YAL064W-B,0,1.4478512,0.3998599350452423,0.5664682388305664,0.08576861768960953
YDR365W-B,YOR330C,1,1.4473404,0.4002799093723297,0.567460298538208,0.08576861768960953
YJR002W,YBL046W,0,1.4463272,0.4000000059604645,0.567460298538208,0.08586869388818741
YMR321C,YER056C,0,1.4461598,0.3997204899787903,0.567460298538208,0.08596877753734589
YCL045C,YER033C,0,1.44554,0.39944133162498474,0.567460298538208,0.08606885373592377
YPL134C,YPL166W,0,1.445251,0.3991625905036926,0.567460298538208,0.08616893738508224
YMR287C,YNL001W,1,1.4443085,0.39958158135414124,0.5684523582458496,0.08616893738508224
YGL249W,YGR272C,0,1.4440448,0.399303138256073,0.5684523582458496,0.08626901358366013
YPR065W,YLR287C-A,0,1.443975,0.3990250825881958,0.5684523582458496,0.0863690972328186
YLL003W,YKL074C,0,1.4439011,0.39874738454818726,0.5684523582458496,0.08646917343139648
YDR087C,YLR079W,0,1.4426494,0.39847010374069214,0.5684523582458496,0.08656925708055496
YAL059W,YNL282W,0,1.4417413,0.3981931805610657,0.5684523582458496,0.08666933327913284
YJR032W,YDL108W,0,1.4415097,0.39791667461395264,0.5684523582458496,0.08676941692829132
YNL016W,YDR110W,0,1.4408978,0.39764052629470825,0.5684523582458496,0.0868694931268692
YGR276C,YMR059W,1,1.4404262,0.3980582654476166,0.5694444179534912,0.0868694931268692
YER163C,YMR122W-A,0,1.439393,0.3977823853492737,0.5694444179534912,0.08696957677602768
YJL083W,YCR058C,0,1.4383597,0.3975069224834442,0.5694444179534912,0.08706965297460556
YMR122W-A,YER026C,0,1.4372945,0.3972318470478058,0.5694444179534912,0.08716973662376404
YBR100W,YDL185W,1,1.436801,0.3976486921310425,0.5704365372657776,0.08716973662376404
YMR024W,YCL019W,1,1.4357312,0.3980649709701538,0.5714285969734192,0.08716973662376404
YLR145W,YNL273W,0,1.4356964,0.3977900445461273,0.5714285969734192,0.08726981282234192
YKR081C,YCL063W,0,1.4347942,0.39751553535461426,0.5714285969734192,0.0873698964715004
YOL130W,YOL137W,0,1.4347153,0.39724138379096985,0.5714285969734192,0.08746997267007828
YHR032W,YBR038W,0,1.434402,0.3969676196575165,0.5714285969734192,0.08757005631923676
YKL149C,YGR091W,0,1.4335145,0.39669421315193176,0.5714285969734192,0.08767013251781464
YNL072W,YKL114C,1,1.4332572,0.39710941910743713,0.5724206566810608,0.08767013251781464
YKL078W,YJR054W,0,1.4312454,0.3968363106250763,0.5724206566810608,0.08777021616697311
YIL013C,YKR051W,0,1.4295948,0.3965635597705841,0.5724206566810608,0.08787029981613159
YHR085W,YLR014C,0,1.4292297,0.39629119634628296,0.5724206566810608,0.08797037601470947
YBR126W-A,YPL170W,0,1.4283806,0.39601922035217285,0.5724206566810608,0.08807045966386795
YOL163W,YMR033W,0,1.4281116,0.3957476019859314,0.5724206566810608,0.08817053586244583
YNR021W,YPL146C,0,1.426436,0.3954763412475586,0.5724206566810608,0.08827061951160431
YLR419W,YOR298C-A,0,1.4261458,0.39520546793937683,0.5724206566810608,0.08837069571018219
YLR223C,YOL010W,0,1.4259481,0.3949349820613861,0.5724206566810608,0.08847077935934067
YHR089C,YGR074W,0,1.4258682,0.39466485381126404,0.5724206566810608,0.08857085555791855
YPR173C,YKR085C,0,1.4249372,0.3943950831890106,0.5724206566810608,0.08867093920707703
YDR501W,YML081W,0,1.4248601,0.39412567019462585,0.5724206566810608,0.08877101540565491
YOL094C,YGR098C,0,1.4243813,0.39385664463043213,0.5724206566810608,0.08887109905481339
YOL148C,YEL077C,0,1.4241856,0.39358800649642944,0.5724206566810608,0.08897117525339127
YOL042W,YDR365W-B,1,1.4239224,0.3940013647079468,0.5734127163887024,0.08897117525339127
YDL031W,YMR051C,0,1.4237087,0.3937329649925232,0.5734127163887024,0.08907125890254974
YML059C,YLR073C,0,1.4232204,0.39346495270729065,0.5734127163887024,0.08917133510112762
YGR152C,YLR318W,0,1.423214,0.39319726824760437,0.5734127163887024,0.0892714187502861
YML015C,YML033W,0,1.4230239,0.39292997121810913,0.5734127163887024,0.08937149494886398
YMR212C,YDR474C,0,1.4230146,0.39266303181648254,0.5734127163887024,0.08947157859802246
YKL021C,YNL297C,0,1.4224201,0.392396479845047,0.5734127163887024,0.08957165479660034
YJR002W,YFL038C,0,1.4219579,0.3921302556991577,0.5734127163887024,0.08967173844575882
YLR021W,YJL090C,0,1.4212508,0.3918644189834595,0.5734127163887024,0.0897718146443367
YAR009C,YOR056C,1,1.4206893,0.39227643609046936,0.574404776096344,0.0897718146443367
YCL074W,YMR287C,1,1.4206413,0.3926878869533539,0.5753968358039856,0.0897718146443367
YGR060W,YER158C,0,1.4206271,0.3924221992492676,0.5753968358039856,0.08987189829349518
YER138C,YLR135W,1,1.4204253,0.39283299446105957,0.5763888955116272,0.08987189829349518
YOL094C,YHR006W,0,1.4190477,0.39256757497787476,0.5763888955116272,0.08997197449207306
YDL192W,YPL275W,0,1.4190438,0.3923025131225586,0.5763888955116272,0.09007205814123154
YPR201W,YOL022C,0,1.4189422,0.3920377790927887,0.5763888955116272,0.09017213433980942
YLR052W,YLR210W,0,1.4182711,0.39177343249320984,0.5763888955116272,0.0902722179889679
YOR358W,YPR027C,0,1.4176354,0.39150944352149963,0.5763888955116272,0.09037229418754578
YGL254W,YEL061C,0,1.4176073,0.3912457823753357,0.5763888955116272,0.09047237783670425
YDR539W,YDL045W-A,0,1.4169248,0.3909825086593628,0.5763888955116272,0.09057246148586273
YHR214W,YLR214W,0,1.4165103,0.39071956276893616,0.5763888955116272,0.09067253768444061
YDR370C,YAL021C,1,1.4160156,0.3911290466785431,0.5773809552192688,0.09067253768444061
YBR227C,YKL021C,0,1.4156132,0.39086633920669556,0.5773809552192688,0.09077262133359909
YDL201W,YMR051C,0,1.4139626,0.39060401916503906,0.5773809552192688,0.09087269753217697
YMR137C,YBR278W,1,1.4136709,0.3910127580165863,0.5783730149269104,0.09087269753217697
YNR027W,YPR080W,0,1.4135872,0.3907506763935089,0.5783730149269104,0.09097278118133545
YHR079C,YER160C,1,1.4106467,0.39115872979164124,0.579365074634552,0.09097278118133545
YGR074W,YOR192C-B,0,1.4106452,0.39089691638946533,0.579365074634552,0.09107285737991333
YLR320W,YKL143W,0,1.4101899,0.3906354606151581,0.579365074634552,0.09117294102907181
YGR236C,YKL047W,0,1.409937,0.3903743326663971,0.579365074634552,0.09127301722764969
YOR234C,YPL257W-B,0,1.409498,0.39011356234550476,0.579365074634552,0.09137310087680817
YMR122W-A,YNL049C,0,1.4079052,0.3898531496524811,0.579365074634552,0.09147317707538605
YDR179C,YGL038C,0,1.4074705,0.38959306478500366,0.579365074634552,0.09157326072454453
YDR304C,YIL079C,0,1.407129,0.3893333375453949,0.579365074634552,0.0916733369231224
YBR261C,YMR069W,0,1.4070272,0.3890739381313324,0.579365074634552,0.09177342057228088
YPR201W,YJL131C,0,1.4063232,0.38881492614746094,0.579365074634552,0.09187349677085876
YIL035C,YKR025W,0,1.405968,0.38855621218681335,0.579365074634552,0.09197358042001724
YBR126W-A,YBR135W,0,1.4057937,0.3882978856563568,0.579365074634552,0.09207365661859512
YNL080C,YKR017C,0,1.4048305,0.38803985714912415,0.579365074634552,0.0921737402677536
YER172C,YPL082C,0,1.4024276,0.3877822160720825,0.579365074634552,0.09227381646633148
YKR063C,YLR410W-B,1,1.4008998,0.3881884515285492,0.5803571343421936,0.09227381646633148
YEL062W,YPL082C,0,1.400662,0.38793104887008667,0.5803571343421936,0.09237390011548996
YHR156C,YJL076W,0,1.4004072,0.387673944234848,0.5803571343421936,0.09247397631406784
YNR052C,YNL282W,1,1.3996042,0.3880794644355774,0.5813491940498352,0.09247397631406784
YHR081W,YGR002C,0,1.3994768,0.38782262802124023,0.5813491940498352,0.09257405996322632
YCL074W,YCL075W,1,1.3994105,0.38822752237319946,0.5823412537574768,0.09257405996322632
YOR214C,YDR377W,0,1.3984159,0.3879709243774414,0.5823412537574768,0.0926741361618042
YCR023C,YOR083W,0,1.3983924,0.3877146542072296,0.5823412537574768,0.09277421981096268
YIR023W,YMR268C,0,1.3983408,0.3874587416648865,0.5823412537574768,0.09287429600954056
YGL025C,YDL201W,0,1.3972999,0.3872031569480896,0.5823412537574768,0.09297437965869904
YIR026C,YPL100W,0,1.3964045,0.3869479298591614,0.5823412537574768,0.09307445585727692
YMR244W,YHL008C,0,1.3960896,0.3866930305957794,0.5823412537574768,0.0931745395064354
YKL006C-A,YAL043C,0,1.3911874,0.3864384591579437,0.5823412537574768,0.09327462315559387
YPR157W,YPR001W,0,1.3909574,0.3861842155456543,0.5823412537574768,0.09337469935417175
YMR259C,YLL041C,0,1.3909526,0.38593029975891113,0.5823412537574768,0.09347478300333023
YDR002W,YJL113W,0,1.3895012,0.3856767416000366,0.5823412537574768,0.09357485920190811
YBR294W,YDR185C,0,1.3893596,0.3854235112667084,0.5823412537574768,0.09367494285106659
YJR027W,YCL074W,1,1.3886329,0.3858267664909363,0.5833333134651184,0.09367494285106659
YPR175W,YBR235W,0,1.3885376,0.38557377457618713,0.5833333134651184,0.09377501904964447
YDR386W,YOR330C,1,1.3884529,0.3859764039516449,0.58432537317276,0.09377501904964447
YMR224C,YGL094C,1,1.3883721,0.38637852668762207,0.5853174328804016,0.09377501904964447
YDL075W,YKR027W,0,1.3879131,0.3861256539821625,0.5853174328804016,0.09387510269880295
YIL016W,YLR314C,0,1.3855898,0.38587310910224915,0.5853174328804016,0.09397517889738083
YMR122W-A,YJL117W,0,1.384443,0.38562092185020447,0.5853174328804016,0.0940752625465393
YIL138C,YCR045C,0,1.3838172,0.38536903262138367,0.5853174328804016,0.09417533874511719
YPL155C,YLR466W,0,1.3833243,0.3851175010204315,0.5853174328804016,0.09427542239427567
YIL165C,YHR032W,0,1.381624,0.38486626744270325,0.5853174328804016,0.09437549859285355
YOL104C,YDR338C,0,1.3795025,0.38461539149284363,0.5853174328804016,0.09447558224201202
YIL016W,YCL074W,0,1.3791782,0.3843648135662079,0.5853174328804016,0.0945756584405899
YJR006W,YDR121W,1,1.3778182,0.384765625,0.586309552192688,0.0945756584405899
YLR312C-B,YIL118W,0,1.3773777,0.38451528549194336,0.586309552192688,0.09467574208974838
YJR043C,YOR258W,1,1.3771045,0.38491547107696533,0.5873016119003296,0.09467574208974838
YOR349W,YAR066W,0,1.3742317,0.3846653699874878,0.5873016119003296,0.09477581828832626
YCL045C,YJL103C,0,1.374042,0.3844155967235565,0.5873016119003296,0.09487590193748474
YBR100W,YFL038C,0,1.3736141,0.3841661214828491,0.5873016119003296,0.09497597813606262
YCL074W,YJL113W,1,1.3724627,0.3845655024051666,0.5882936716079712,0.09497597813606262
YBL055C,YDR279W,1,1.371139,0.38496434688568115,0.5892857313156128,0.09497597813606262
YLR145W,YDL167C,0,1.3702338,0.3847150206565857,0.5892857313156128,0.0950760617852211
YAL064W-B,YIL070C,0,1.3700104,0.3844660222530365,0.5892857313156128,0.09517613798379898
YJR043C,YBR012W-B,1,1.3696861,0.3848641514778137,0.5902777910232544,0.09517613798379898
YHR173C,YEL032W,0,1.3695086,0.38461539149284363,0.5902777910232544,0.09527622163295746
YLR066W,YDR110W,0,1.369447,0.3843669295310974,0.5902777910232544,0.09537629783153534
YGR026W,YDL171C,0,1.3683348,0.38411879539489746,0.5902777910232544,0.09547638148069382
YHR085W,YNL314W,0,1.3675288,0.3838709592819214,0.5902777910232544,0.0955764576792717
YDR110W,YOL062C,0,1.3673601,0.38362348079681396,0.5902777910232544,0.09567654132843018
YKR071C,YMR244W,0,1.3656564,0.3833763003349304,0.5902777910232544,0.09577662497758865
YML060W,YPL012W,0,1.3647462,0.38312941789627075,0.5902777910232544,0.09587670117616653
YHR070W,YLR014C,0,1.3635803,0.38288289308547974,0.5902777910232544,0.09597678482532501
YPL163C,YPR027C,0,1.362788,0.3826366662979126,0.5902777910232544,0.0960768610239029
YJR029W,YKR056W,1,1.3625965,0.38303342461586,0.591269850730896,0.0960768610239029
YFL024C,YMR282C,0,1.361917,0.38278740644454956,0.591269850730896,0.09617694467306137
YAL038W,YAR066W,0,1.3602667,0.3825417160987854,0.591269850730896,0.09627702087163925
YLR017W,YKL074C,0,1.360196,0.3822963535785675,0.591269850730896,0.09637710452079773
YKL014C,YOL069W,0,1.3600669,0.3820512890815735,0.591269850730896,0.09647718071937561
YCL045C,YKR056W,0,1.3596244,0.38180652260780334,0.591269850730896,0.09657726436853409
YKL197C,YML112W,0,1.35881,0.38156211376190186,0.591269850730896,0.09667734056711197
YML015C,YJL187C,0,1.3584099,0.38131797313690186,0.591269850730896,0.09677742421627045
YMR051C,YBL039C,0,1.3575709,0.3810741603374481,0.591269850730896,0.09687750041484833
YHR122W,YNL314W,0,1.3571255,0.38083067536354065,0.591269850730896,0.0969775840640068
YNL182C,YOR361C,0,1.356853,0.38058748841285706,0.591269850730896,0.09707766026258469
YCL027C-A,YJL090C,0,1.3566356,0.38034459948539734,0.591269850730896,0.09717774391174316
YGL175C,YBL100W-B,1,1.3554673,0.38073980808258057,0.5922619104385376,0.09717774391174316
YLR275W,YDL225W,0,1.3553517,0.38049712777137756,0.5922619104385376,0.09727782011032104
YPL141C,YHR058C,0,1.3547959,0.3802547752857208,0.5922619104385376,0.09737790375947952
YBR100W,YMR033W,0,1.3531858,0.38001272082328796,0.5922619104385376,0.0974779799580574
YML003W,YBR175W,0,1.3529243,0.37977099418640137,0.5922619104385376,0.09757806360721588
YLR107W,YMR045C,1,1.3518604,0.3801652789115906,0.5932539701461792,0.09757806360721588
YPR056W,YBL039C,0,1.3513579,0.3799237608909607,0.5932539701461792,0.09767813980579376
YPL269W,YHR066W,0,1.3506864,0.3796825408935547,0.5932539701461792,0.09777822345495224
YPR110C,YHR074W,0,1.3506169,0.37944161891937256,0.5932539701461792,0.09787829965353012
YLR227W-B,YDR121W,1,1.3499889,0.3798351287841797,0.5942460298538208,0.09787829965353012
YJR005W,YDR489W,0,1.3479925,0.3795944154262543,0.5942460298538208,0.0979783833026886
YAR009C,YDR412W,1,1.3479776,0.37998732924461365,0.5952380895614624,0.0979783833026886
YDR432W,YBR012W-B,0,1.3477323,0.37974682450294495,0.5952380895614624,0.09807845950126648
YGL079W,YPL052W,0,1.3464962,0.3795066475868225,0.5952380895614624,0.09817854315042496
YBR154C,YFL034C-B,0,1.3459114,0.37926673889160156,0.5952380895614624,0.09827861934900284
YHR062C,YNL262W,1,1.3453004,0.37965887784957886,0.596230149269104,0.09827861934900284
YAR002W,YHR032W,0,1.3447427,0.3794191777706146,0.596230149269104,0.09837870299816132
YJR061W,YOR064C,0,1.3441242,0.37917980551719666,0.596230149269104,0.0984787866473198
YMR059W,YLR107W,1,1.3441203,0.37957125902175903,0.5972222089767456,0.0984787866473198
YMR224C,YER160C,1,1.343846,0.3799622058868408,0.5982142686843872,0.0984787866473198
YBR278W,YLR227W-B,1,1.3435163,0.380352646112442,0.5992063283920288,0.0984787866473198
YJR002W,YMR300C,0,1.3432788,0.38011327385902405,0.5992063283920288,0.09857886284589767
YPL269W,YLR035C-A,0,1.3426671,0.37987419962882996,0.5992063283920288,0.09867894649505615
YBR126W-A,YDL056W,0,1.3423852,0.37963545322418213,0.5992063283920288,0.09877902269363403
YJL044C,YNL021W,0,1.3423263,0.3793969750404358,0.5992063283920288,0.09887910634279251
YLR227C,YNL061W,0,1.3412933,0.3791588246822357,0.5992063283920288,0.09897918254137039
YGL039W,YAL064W-B,0,1.3408026,0.37892094254493713,0.5992063283920288,0.09907926619052887
YBR100W,YMR094W,0,1.3406872,0.3786833882331848,0.5992063283920288,0.09917934238910675
YDR339C,YAR009C,1,1.3406243,0.3790726959705353,0.6001983880996704,0.09917934238910675
YDR523C,YPL001W,0,1.3400929,0.3788353204727173,0.6001983880996704,0.09927942603826523
YER071C,YAL064W-B,0,1.3399544,0.37859824299812317,0.6001983880996704,0.09937950223684311
YOR298C-A,YGR102C,0,1.3399513,0.37836146354675293,0.6001983880996704,0.09947958588600159
YMR234W,YBL005W-B,1,1.3389294,0.3787499964237213,0.601190447807312,0.09947958588600159
YML003W,YGR007W,0,1.338895,0.3785134255886078,0.601190447807312,0.09957966208457947
YKL114C,YOR330C,1,1.3387688,0.3789013624191284,0.6021825671195984,0.09957966208457947
YDL174C,YML003W,0,1.338621,0.3786650002002716,0.6021825671195984,0.09967974573373795
YJR006W,YKL149C,1,1.3373735,0.37905237078666687,0.60317462682724,0.09967974573373795
YNL194C,YJL038C,0,1.3364915,0.3788161873817444,0.60317462682724,0.09977982193231583
YPR027C,YOL057W,0,1.3356879,0.37858033180236816,0.60317462682724,0.0998799055814743
YFR013W,YLR337W,0,1.3351347,0.37834474444389343,0.60317462682724,0.09997998178005219
YCL074W,YOR067C,0,1.3341277,0.3781094551086426,0.60317462682724,0.10008006542921066
YJL200C,YLR385C,0,1.3340273,0.3778744637966156,0.60317462682724,0.10018014162778854
YOL107W,YAR071W,0,1.3339458,0.3776397407054901,0.60317462682724,0.10028022527694702
YGL085W,YDL227C,1,1.332742,0.3780260682106018,0.6041666865348816,0.10028022527694702
YCL045C,YBR045C,0,1.3322885,0.37779155373573303,0.6041666865348816,0.1003803014755249
YOR151C,YDR474C,0,1.3322668,0.37755733728408813,0.6041666865348816,0.10048038512468338
YMR308C,YJL162C,0,1.3316205,0.3773234188556671,0.6041666865348816,0.10058046132326126
YGR048W,YKL200C,0,1.331572,0.3770897686481476,0.6041666865348816,0.10068054497241974
YKR087C,YKL033W,0,1.3309684,0.3768564462661743,0.6041666865348816,0.10078062117099762
YBR071W,YPL146C,0,1.3308877,0.37662336230278015,0.6041666865348816,0.1008807048201561
YLR419W,YPL131W,0,1.3308663,0.37639060616493225,0.6041666865348816,0.10098078101873398
YCL069W,YGR026W,0,1.3306801,0.37615811824798584,0.6041666865348816,0.10108086466789246
YFR036W,YDL201W,0,1.3298267,0.3759259283542633,0.6041666865348816,0.10118094831705093
YBR204C,YBR126W-A,0,1.3294295,0.37569400668144226,0.6041666865348816,0.10128102451562881
YGR116W,YEL032W,0,1.3291154,0.3754623830318451,0.6041666865348816,0.10138110816478729
YLR014C,YJL187C,0,1.3287052,0.3752310574054718,0.6041666865348816,0.10148118436336517
YKL021C,YLR314C,0,1.3279967,0.375,0.6041666865348816,0.10158126801252365
YDR412W,YGR030C,1,1.326038,0.3753846287727356,0.6051587462425232,0.10158126801252365
YOR315W,YGL247W,0,1.325671,0.3751537501811981,0.6051587462425232,0.10168134421110153
YKL033W-A,YOR348C,0,1.3256103,0.3749231696128845,0.6051587462425232,0.10178142786026001
YMR059W,YHL009W-B,1,1.3250649,0.3753071129322052,0.6061508059501648,0.10178142786026001
YML033W,YMR069W,0,1.3244274,0.3750767409801483,0.6061508059501648,0.10188150405883789
YDR478W,YNL001W,1,1.3243359,0.37546011805534363,0.6071428656578064,0.10188150405883789
YIL079C,YLR314C,0,1.3239589,0.37522992491722107,0.6071428656578064,0.10198158770799637
YNL188W,YGR276C,0,1.3235449,0.375,0.6071428656578064,0.10208166390657425
YMR074C,YDR540C,0,1.3235089,0.3747703731060028,0.6071428656578064,0.10218174755573273
YMR234W,YBR100W,1,1.3207784,0.3751530051231384,0.608134925365448,0.10218174755573273
YDL102W,YML095C,1,1.3204901,0.37553516030311584,0.6091269850730896,0.10218174755573273
YKR063C,YPR158W-B,1,1.3202296,0.37591686844825745,0.6101190447807312,0.10218174755573273
YLR452C,YIL079C,0,1.3190484,0.37568724155426025,0.6101190447807312,0.10228182375431061
YKR063C,YBR257W,1,1.3174915,0.3760683834552765,0.6111111044883728,0.10228182375431061
YDR478W,YKL011C,1,1.317404,0.3764490485191345,0.6121031641960144,0.10228182375431061
YLR312C-B,YDR279W,0,1.3173008,0.3762195110321045,0.6121031641960144,0.10238190740346909
YER087C-A,YFL062W,0,1.3155432,0.37599024176597595,0.6121031641960144,0.10248198360204697
YOR048C,YKR079C,1,1.3154895,0.37637028098106384,0.613095223903656,0.10248198360204697
YOL010W,YKR056W,1,1.3153589,0.37674984335899353,0.6140872836112976,0.10248198360204697
YJR032W,YOR171C,0,1.315306,0.37652069330215454,0.6140872836112976,0.10258206725120544
YKL011C,YLR277C,1,1.314751,0.37689968943595886,0.6150793433189392,0.10258206725120544
YPR042C,YPR027C,0,1.3141434,0.3766707181930542,0.6150793433189392,0.10268214344978333
YBR100W,YDL017W,0,1.3127515,0.376442015171051,0.6150793433189392,0.1027822270989418
YCR058C,YMR251W-A,0,1.3123436,0.37621358036994934,0.6150793433189392,0.10288230329751968
YKL011C,YCL019W,1,1.3115966,0.37659186124801636,0.6160714030265808,0.10288230329751968
YHR082C,YNL182C,0,1.3102477,0.3763636350631714,0.6160714030265808,0.10298238694667816
YBR148W,YNL232W,0,1.3101946,0.3761356770992279,0.6160714030265808,0.10308246314525604
YER111C,YKL033W-A,0,1.3097347,0.3759079873561859,0.6160714030265808,0.10318254679441452
YDL209C,YOR148C,0,1.3092055,0.3756805956363678,0.6160714030265808,0.1032826229929924
YGL064C,YIL016W,0,1.3081622,0.3754534423351288,0.6160714030265808,0.10338270664215088
YIL044C,YGR058W,0,1.3080438,0.37522658705711365,0.6160714030265808,0.10348278284072876
YER094C,YDR194C,0,1.30773,0.375,0.6160714030265808,0.10358286648988724
YGR109W-B,YBR002C,0,1.3062019,0.37477368116378784,0.6160714030265808,0.10368294268846512
YMR321C,YDL245C,0,1.30473,0.37454766035079956,0.6160714030265808,0.1037830263376236
YKR063C,YJR029W,1,1.3047159,0.3749246597290039,0.6170634627342224,0.1037830263376236
YML076C,YKL047W,0,1.3024601,0.37469878792762756,0.6170634627342224,0.10388310998678207
YPR137C-B,YPL029W,1,1.3011312,0.37507525086402893,0.6180555820465088,0.10388310998678207
YER012W,YHR066W,0,1.3002813,0.3748495876789093,0.6180555820465088,0.10398318618535995
YHR011W,YMR294W,0,1.2998201,0.3746241629123688,0.6180555820465088,0.10408326983451843
YCL074W,YOR110W,0,1.2987176,0.3743990361690521,0.6180555820465088,0.10418334603309631
YDL209C,YMR179W,0,1.2985275,0.37417417764663696,0.6180555820465088,0.10428342968225479
YJR027W,YLL011W,0,1.298482,0.3739495873451233,0.6180555820465088,0.10438350588083267
YGR038C-B,YMR285C,1,1.2978113,0.37432512640953064,0.6190476417541504,0.10438350588083267
YPR022C,YJR006W,0,1.2977947,0.3741007149219513,0.6190476417541504,0.10448358952999115
YOL022C,YCR045C,0,1.2968515,0.37387657165527344,0.6190476417541504,0.10458366572856903
YDL209C,YGL204C,0,1.2964844,0.37365269660949707,0.6190476417541504,0.10468374937772751
YOR295W,YOL128C,0,1.2963548,0.3734290897846222,0.6190476417541504,0.10478382557630539
YGR251W,YBR258C,0,1.2947932,0.3732057511806488,0.6190476417541504,0.10488390922546387
YHR115C,YJR010C-A,0,1.2946053,0.3729826509952545,0.6190476417541504,0.10498398542404175
YGR007W,YGR091W,0,1.2942733,0.3727598488330841,0.6190476417541504,0.10508406907320023
YOR033C,YNL262W,1,1.2938136,0.3731343150138855,0.620039701461792,0.10508406907320023
YBR100W,YPL022W,1,1.2920895,0.37350836396217346,0.6210317611694336,0.10508406907320023
YKL113C,YNL001W,1,1.2918024,0.3738819360733032,0.6220238208770752,0.10508406907320023
YKL143W,YCL074W,0,1.2916789,0.3736591041088104,0.6220238208770752,0.1051841452717781
YHR032W,YLR260W,0,1.2915399,0.3734365701675415,0.6220238208770752,0.10528422892093658
YKL173W,YNL290W,0,1.2897983,0.3732142746448517,0.6220238208770752,0.10538430511951447
YBR255W,YLR073C,0,1.2897397,0.37299227714538574,0.6220238208770752,0.10548438876867294
YBR247C,YER007W,0,1.2891581,0.3727705180644989,0.6220238208770752,0.10558446496725082
YJL170C,YJR002W,0,1.2886083,0.37254902720451355,0.6220238208770752,0.1056845486164093
YOR258W,YMR287C,1,1.2883717,0.3729216158390045,0.6230158805847168,0.1056845486164093
YOR371C,YHR012W,0,1.2871692,0.3727003037929535,0.6230158805847168,0.10578462481498718
YPL016W,YML077W,0,1.2863779,0.37247923016548157,0.6230158805847168,0.10588470846414566
YDL153C,YAR066W,0,1.2860163,0.3722584545612335,0.6230158805847168,0.10598478466272354
YLR073C,YCR071C,0,1.2853711,0.3720379173755646,0.6230158805847168,0.10608486831188202
YHR058C,YIL018W,0,1.2850894,0.3718176484107971,0.6230158805847168,0.1061849445104599
YGL106W,YOR148C,0,1.2839124,0.37159764766693115,0.6230158805847168,0.10628502815961838
YJL087C,YJL113W,1,1.2833209,0.3719692528247833,0.6240079402923584,0.10628502815961838
YGR047C,YKR025W,0,1.2827301,0.3717494010925293,0.6240079402923584,0.10638511180877686
YDR064W,YIL079C,0,1.2822417,0.37152981758117676,0.6240079402923584,0.10648518800735474
YLR303W,YCR029C-A,0,1.2811244,0.3713105022907257,0.6240079402923584,0.10658527165651321
YOL022C,YOR373W,0,1.2803915,0.37109145522117615,0.6240079402923584,0.1066853478550911
YNL282W,YJL035C,0,1.2803413,0.3708726465702057,0.6240079402923584,0.10678543150424957
YML033W,YJL041W,0,1.279412,0.3706541061401367,0.6240079402923584,0.10688550770282745
YJL001W,YMR244W,0,1.2783202,0.37043580412864685,0.6240079402923584,0.10698559135198593
YIR023W,YJL194W,0,1.2782122,0.37021777033805847,0.6240079402923584,0.10708566755056381
YML033W,YPL250C,0,1.277994,0.3700000047683716,0.6240079402923584,0.10718575119972229
YOR258W,YJR029W,1,1.2768531,0.37037035822868347,0.625,0.10718575119972229
YLR328W,YCR029C-A,0,1.2768024,0.3701527714729309,0.625,0.10728582739830017
YLR410W-B,YDR412W,1,1.2766051,0.3705226182937622,0.6259920597076416,0.10728582739830017
YPR184W,YMR046C,0,1.2761799,0.3703051507472992,0.6259920597076416,0.10738591104745865
YBR100W,YMR292W,0,1.2754385,0.37008798122406006,0.6259920597076416,0.10748598724603653
YJR005W,YJL018W,0,1.2751344,0.3698710501194,0.6259920597076416,0.10758607089519501
YAL034W-A,YDR056C,0,1.2750249,0.3696543574333191,0.6259920597076416,0.10768614709377289
YMR224C,YOR330C,1,1.2741821,0.3700234293937683,0.6269841194152832,0.10768614709377289
YMR122W-A,YFL038C,0,1.2737824,0.3698069155216217,0.6269841194152832,0.10778623074293137
YLR059C,YOR001W,1,1.2736679,0.37017545104026794,0.6279761791229248,0.10778623074293137
YER122C,YPL146C,0,1.2733009,0.3699590861797333,0.6279761791229248,0.10788630694150925
YEL018W,YLR318W,0,1.2722208,0.3697429895401001,0.6279761791229248,0.10798639059066772
YNL049C,YBR126W-A,0,1.2719542,0.369527131319046,0.6279761791229248,0.1080864667892456
YHR123W,YGR272C,0,1.2716783,0.36931154131889343,0.6279761791229248,0.10818655043840408
YDR194C,YFL052W,0,1.2701204,0.36909621953964233,0.6279761791229248,0.10828662663698196
YGL175C,YAL021C,1,1.269942,0.36946386098861694,0.6289682388305664,0.10828662663698196
YPL112C,YOR368W,0,1.2697605,0.3692486882209778,0.6289682388305664,0.10838671028614044
YKL090W,YNL282W,1,1.2683727,0.3696158230304718,0.629960298538208,0.10838671028614044
YGL246C,YJR027W,1,1.2682656,0.3699825406074524,0.6309523582458496,0.10838671028614044
YHR085W,YHR111W,0,1.2681029,0.369767427444458,0.6309523582458496,0.10848678648471832
YPL041C,YFL052W,0,1.2679241,0.3695525825023651,0.6309523582458496,0.1085868701338768
YBR279W,YDR532C,0,1.2676104,0.3693379759788513,0.6309523582458496,0.10868694633245468
YNL166C,YCL074W,0,1.2670128,0.3691236078739166,0.6309523582458496,0.10878702998161316
YKL154W,YMR028W,0,1.2664975,0.3689095079898834,0.6309523582458496,0.10888710618019104
YNL278W,YPL041C,0,1.2658828,0.3686956465244293,0.6309523582458496,0.10898718982934952
YHR173C,YDR485C,0,1.2651,0.3684820532798767,0.6309523582458496,0.109087273478508
YMR247C,YDR485C,0,1.2649901,0.3682686686515808,0.6309523582458496,0.10918734967708588
YMR259C,YDL047W,0,1.2648008,0.3680555522441864,0.6309523582458496,0.10928743332624435
YAL059W,YGR227W,0,1.2638078,0.3678426742553711,0.6309523582458496,0.10938750952482224
YBR100W,YKL057C,0,1.2632596,0.3676300644874573,0.6309523582458496,0.10948759317398071
YNL290W,YDR030C,0,1.2595794,0.36741766333580017,0.6309523582458496,0.1095876693725586
YNL230C,YGL171W,0,1.2593879,0.36720553040504456,0.6309523582458496,0.10968775302171707
YEL077C,YNL122C,0,1.2583561,0.36699366569519043,0.6309523582458496,0.10978782922029495
YNL072W,YKL149C,1,1.2577728,0.3673587143421173,0.6319444179534912,0.10978782922029495
YER138C,YCL074W,1,1.2574081,0.36772334575653076,0.6329365372657776,0.10978782922029495
YIL044C,YLL003W,0,1.2573078,0.367511510848999,0.6329365372657776,0.10988791286945343
YNL282W,YPR073C,0,1.2565483,0.3672999441623688,0.6329365372657776,0.10998798906803131
YOL080C,YCR045C,0,1.2549717,0.3670886158943176,0.6329365372657776,0.11008807271718979
YJL113W,YAL005C,0,1.2547125,0.3668775260448456,0.6329365372657776,0.11018814891576767
YDL113C,YML003W,0,1.2537104,0.36666667461395264,0.6329365372657776,0.11028823256492615
YOR236W,YLL035W,0,1.2529001,0.3664560616016388,0.6329365372657776,0.11038830876350403
YBR012W-B,YDR248C,0,1.2521682,0.36624568700790405,0.6329365372657776,0.1104883924126625
YGR123C,YOR174W,0,1.251966,0.3660355806350708,0.6329365372657776,0.11058846861124039
YOL163W,YGR152C,0,1.250912,0.36582568287849426,0.6329365372657776,0.11068855226039886
YIL134W,YMR046C,0,1.2509089,0.3656160533428192,0.6329365372657776,0.11078862845897675
YKR056W,YML045W,1,1.2507977,0.3659793734550476,0.6339285969734192,0.11078862845897675
YLR008C,YDL153C,0,1.2504404,0.3657698929309845,0.6339285969734192,0.11088871210813522
YML033W,YER094C,0,1.2496355,0.3655606508255005,0.6339285969734192,0.1109887883067131
YLR227C,YCL016C,0,1.2489762,0.3653516173362732,0.6339285969734192,0.11108887195587158
YPL029W,YCR045C,0,1.2487543,0.3651428520679474,0.6339285969734192,0.11118894815444946
YGR040W,YMR069W,0,1.2478881,0.3649343252182007,0.6339285969734192,0.11128903180360794
YNR052C,YAL033W,1,1.2472024,0.3652968108654022,0.6349206566810608,0.11128903180360794
YGR251W,YNR006W,0,1.2471783,0.36508843302726746,0.6349206566810608,0.11138910800218582
YEL018W,YGR163W,0,1.2466828,0.3648802638053894,0.6349206566810608,0.1114891916513443
YKR069W,YLR312C-B,0,1.2460775,0.36467236280441284,0.6349206566810608,0.11158926784992218
YNL166C,YHR065C,0,1.2459562,0.3644647002220154,0.6349206566810608,0.11168935149908066
YCL075W,YML095C,1,1.244803,0.36482641100883484,0.6359127163887024,0.11168935149908066
YJL189W,YLL035W,0,1.2438684,0.3646188974380493,0.6359127163887024,0.11178943514823914
YKL154W,YDL056W,0,1.2427609,0.3644115924835205,0.6359127163887024,0.11188951134681702
YHR085W,YKL195W,0,1.2426805,0.3642045557498932,0.6359127163887024,0.1119895949959755
YBR204C,YKR056W,0,1.2423909,0.3639977276325226,0.6359127163887024,0.11208967119455338
YDL138W,YNR021W,0,1.2423699,0.3637911379337311,0.6359127163887024,0.11218975484371185
YKR071C,YCR058C,0,1.2409629,0.3635847866535187,0.6359127163887024,0.11228983104228973
YEL016C,YMR045C,1,1.2371817,0.3639455735683441,0.636904776096344,0.11228983104228973
YDR365W-B,YDL047W,0,1.2367117,0.36373937129974365,0.636904776096344,0.11238991469144821
YDR130C,YMR268C,0,1.236579,0.3635334074497223,0.636904776096344,0.11248999089002609
YER087C-A,YDL047W,0,1.2365763,0.36332768201828003,0.636904776096344,0.11259007453918457
YKL033W-A,YLR080W,0,1.2363012,0.3631221652030945,0.636904776096344,0.11269015073776245
YPR022C,YIL005W,0,1.2354364,0.3629169166088104,0.636904776096344,0.11279023438692093
YPR157W,YLR216C,0,1.2354012,0.3627118766307831,0.636904776096344,0.11289031058549881
YCR058C,YPL183W-A,0,1.2351733,0.36250704526901245,0.636904776096344,0.11299039423465729
YML045W,YLR312W-A,1,1.2351289,0.3628668189048767,0.6378968358039856,0.11299039423465729
YIL036W,YEL077C,0,1.2341604,0.3626621663570404,0.6378968358039856,0.11309047043323517
YFR045W,YLR056W,0,1.2335918,0.3624577224254608,0.6378968358039856,0.11319055408239365
YPR027C,YAL008W,0,1.2333742,0.3622535169124603,0.6378968358039856,0.11329063028097153
YAL064W-B,YHR096C,0,1.2331214,0.36204954981803894,0.6378968358039856,0.11339071393013
YDR194C,YKR025W,0,1.2329415,0.36184582114219666,0.6378968358039856,0.11349079012870789
YJR002W,YNL258C,0,1.2326076,0.3616423010826111,0.6378968358039856,0.11359087377786636
YLR052W,YKL154W,0,1.2323852,0.3614390194416046,0.6378968358039856,0.11369094997644424
YJL113W,YLR450W,0,1.2322856,0.36123594641685486,0.6378968358039856,0.11379103362560272
YKL090W,YAR008W,1,1.2322041,0.36159461736679077,0.6388888955116272,0.11379103362560272
YDL083C,YNL021W,0,1.2302997,0.36139169335365295,0.6388888955116272,0.1138911098241806
YOR064C,YDR248C,0,1.2296664,0.36118900775909424,0.6388888955116272,0.11399119347333908
YDR400W,YOR214C,0,1.228518,0.3609865605831146,0.6388888955116272,0.11409126967191696
YLL049W,YPL146C,0,1.2277999,0.3607843220233917,0.6388888955116272,0.11419135332107544
YJL059W,YLR318W,0,1.2259047,0.36058229207992554,0.6388888955116272,0.11429142951965332
YCR026C,YJR027W,1,1.2256899,0.3609401285648346,0.6398809552192688,0.11429142951965332
YPL083C,YJR029W,1,1.2255471,0.3612975478172302,0.6408730149269104,0.11429142951965332
YLR017W,YCR045C,0,1.2253838,0.3610955774784088,0.6408730149269104,0.1143915131688118
YLR276C,YHR184W,0,1.2251501,0.3608938455581665,0.6408730149269104,0.11449159681797028
YOL080C,YER041W,1,1.2247982,0.36125069856643677,0.641865074634552,0.11449159681797028
YPL083C,YKR063C,1,1.2240235,0.3616071343421936,0.6428571343421936,0.11449159681797028
YLR312C-B,YOL137W,0,1.2226229,0.36140546202659607,0.6428571343421936,0.11459167301654816
YDR235W,YMR282C,0,1.2220768,0.36120402812957764,0.6428571343421936,0.11469175666570663
YPL133C,YJL041W,0,1.220583,0.36100277304649353,0.6428571343421936,0.11479183286428452
YPL022W,YIL082W-A,1,1.2201097,0.3613585829734802,0.6438491940498352,0.11479183286428452
YGR187C,YBL061C,0,1.2198653,0.36115747690200806,0.6438491940498352,0.114891916513443
YGR031W,YGL080W,0,1.2198508,0.360956609249115,0.6438491940498352,0.11499199271202087
YOR332W,YGR270W,0,1.2189012,0.360755980014801,0.6438491940498352,0.11509207636117935
YHR122W,YLR160C,0,1.2188249,0.3605555593967438,0.6438491940498352,0.11519215255975723
YKR079C,YGL175C,1,1.2176987,0.3609105944633484,0.6448412537574768,0.11519215255975723
YOR371C,YDR261W-B,0,1.2174404,0.3607103228569031,0.6448412537574768,0.11529223620891571
YMR074C,YDL117W,0,1.2148702,0.3605102598667145,0.6448412537574768,0.11539231240749359
YCL074W,YLR105C,1,1.2146677,0.3608647584915161,0.6458333134651184,0.11539231240749359
YMR237W,YBR090C-A,0,1.2145879,0.36066481471061707,0.6458333134651184,0.11549239605665207
YJR027W,YKR044W,0,1.2144365,0.3604651093482971,0.6458333134651184,0.11559247225522995
YJL041W,YNL059C,0,1.2133014,0.3602656424045563,0.6458333134651184,0.11569255590438843
YKR099W,YER122C,0,1.2124583,0.36006638407707214,0.6458333134651184,0.11579263210296631
YKL032C,YGL171W,0,1.2118831,0.3598673343658447,0.6458333134651184,0.11589271575212479
YDR317W,YBR090C-A,0,1.2096288,0.3596685230731964,0.6458333134651184,0.11599279195070267
YOR071C,YGL204C,0,1.2087522,0.3594699203968048,0.6458333134651184,0.11609287559986115
YBR126W-A,YPL250C,0,1.2082196,0.3592715263366699,0.6458333134651184,0.11619295179843903
YML015C,YNL021W,0,1.2079625,0.35907337069511414,0.6458333134651184,0.1162930354475975
YER175C,YCL074W,0,1.2076069,0.35887542366981506,0.6458333134651184,0.11639311164617538
YJR027W,YGR152C,0,1.2075479,0.3586776852607727,0.6458333134651184,0.11649319529533386
YOR093C,YLR223C,0,1.206861,0.35848018527030945,0.6458333134651184,0.11659327149391174
YDR076W,YNL221C,1,1.2067595,0.3588332533836365,0.64682537317276,0.11659327149391174
YER111C,YBR002C,0,1.206407,0.35863587260246277,0.64682537317276,0.11669335514307022
YHR062C,YKR079C,1,1.2050183,0.3589884638786316,0.6478174328804016,0.11669335514307022
YCR045C,YBL061C,0,1.203924,0.35879120230674744,0.6478174328804016,0.1167934313416481
YGL192W,YBR139W,0,1.2027326,0.3585941791534424,0.6478174328804016,0.11689351499080658
YLR223C,YDL099W,0,1.202053,0.35839736461639404,0.6478174328804016,0.11699359118938446
YLR242C,YBL039C,0,1.2009826,0.3582007586956024,0.6478174328804016,0.11709367483854294
YOR095C,YDR495C,0,1.2000611,0.3580043911933899,0.6478174328804016,0.11719375848770142
YPL100W,YPL275W,0,1.1997632,0.3578082323074341,0.6478174328804016,0.1172938346862793
YOR048C,YML095C,1,1.1990165,0.3581598997116089,0.648809552192688,0.1172938346862793
YCR007C,YOL112W,0,1.1975994,0.357963889837265,0.648809552192688,0.11739391833543777
YOR261C,YKL033W-A,0,1.197276,0.35776805877685547,0.648809552192688,0.11749399453401566
YBR100W,YFL001W,0,1.1971726,0.35757243633270264,0.648809552192688,0.11759407818317413
YJR140C,YIL168W,0,1.1963283,0.3573770523071289,0.648809552192688,0.11769415438175201
YMR277W,YKR044W,0,1.1954917,0.3571818768978119,0.648809552192688,0.11779423803091049
YJR032W,YGR058W,0,1.1950374,0.3569869101047516,0.648809552192688,0.11789431422948837
YCL074W,YNL282W,1,1.1932338,0.35733768343925476,0.6498016119003296,0.11789431422948837
YCR007C,YPL183W-A,0,1.1925919,0.3571428656578064,0.6498016119003296,0.11799439787864685
YBR258C,YEL077C,0,1.1924983,0.35694822669029236,0.6498016119003296,0.11809447407722473
YDR478W,YPL022W,1,1.1923797,0.35729846358299255,0.6507936716079712,0.11809447407722473
YDL075W,YGR081C,0,1.192365,0.35710397362709045,0.6507936716079712,0.11819455772638321
YGR277C,YIL173W,0,1.1918293,0.35690969228744507,0.6507936716079712,0.11829463392496109
YHR085W,YGR175C,0,1.1908786,0.3567156195640564,0.6507936716079712,0.11839471757411957
YGR098C,YLR197W,0,1.1904296,0.35652172565460205,0.6507936716079712,0.11849479377269745
YNL072W,YDL227C,1,1.1902709,0.35687127709388733,0.6517857313156128,0.11849479377269745
YOL069W,YOR234C,0,1.1899245,0.3566775321960449,0.6517857313156128,0.11859487742185593
YGR203W,YBL098W,0,1.1889722,0.35648399591445923,0.6517857313156128,0.11869495362043381
YCL074W,YIR021W,1,1.1884398,0.35683298110961914,0.6527777910232544,0.11869495362043381
YLR312C-B,YDL167C,0,1.1879643,0.356639564037323,0.6527777910232544,0.11879503726959229
YCR058C,YER183C,0,1.1879299,0.35644638538360596,0.6527777910232544,0.11889511346817017
YER052C,YCL045C,0,1.1856971,0.35625338554382324,0.6527777910232544,0.11899519711732864
YOR048C,YOR001W,1,1.1854233,0.356601744890213,0.653769850730896,0.11899519711732864
YGR134W,YMR179W,0,1.185286,0.35640886425971985,0.653769850730896,0.11909527331590652
YNL268W,YKL071W,0,1.1849067,0.3562162220478058,0.653769850730896,0.119195356965065
YBR100W,YHR107C,0,1.1848192,0.35602375864982605,0.653769850730896,0.11929543316364288
YHR173C,YDR223W,0,1.1836648,0.3558315336704254,0.653769850730896,0.11939551681280136
YJR136C,YNL021W,0,1.183571,0.3556395173072815,0.653769850730896,0.11949559301137924
YJR029W,YLR059C,1,1.1831076,0.3559870421886444,0.6547619104385376,0.11949559301137924
YMR122W-A,YDR034C,0,1.1830807,0.35579514503479004,0.6547619104385376,0.11959567666053772
YHR070W,YPR073C,0,1.182428,0.3556034564971924,0.6547619104385376,0.1196957603096962
YKL113C,YGR258C,1,1.1822357,0.3559504449367523,0.6557539701461792,0.1196957603096962
YDR055W,YPR022C,0,1.180718,0.3557588756084442,0.6557539701461792,0.11979583650827408
YLR021W,YGR058W,0,1.1806117,0.3555675148963928,0.6557539701461792,0.11989592015743256
YLR439W,YML077W,0,1.1800725,0.35537633299827576,0.6557539701461792,0.11999599635601044
YGL090W,YFL009W,0,1.1796446,0.3551853895187378,0.6557539701461792,0.12009608000516891
YHR107C,YDR235W,0,1.1794156,0.35499462485313416,0.6557539701461792,0.1201961562037468
YOR063W,YKL047W,0,1.1786823,0.35480406880378723,0.6557539701461792,0.12029623985290527
YOR172W,YIL133C,0,1.178618,0.354613721370697,0.6557539701461792,0.12039631605148315
YDL153C,YLR253W,0,1.178577,0.3544235825538635,0.6557539701461792,0.12049639970064163
YDR087C,YLR381W,0,1.1784737,0.35423365235328674,0.6557539701461792,0.12059647589921951
YKL073W,YHR214W,0,1.1783559,0.3540439307689667,0.6557539701461792,0.12069655954837799
YNL149C,YEL003W,0,1.1780447,0.35385438799858093,0.6557539701461792,0.12079663574695587
YGL145W,YAL036C,0,1.1762946,0.3536650538444519,0.6557539701461792,0.12089671939611435
YLR059C,YKR079C,1,1.1753312,0.3540107011795044,0.6567460298538208,0.12089671939611435
YMR050C,YPL029W,1,1.1739559,0.35435596108436584,0.6577380895614624,0.12089671939611435
YPL166W,YER158C,0,1.1726955,0.3541666567325592,0.6577380895614624,0.12099679559469223
YKR026C,YPR157W,0,1.172246,0.35397759079933167,0.6577380895614624,0.12109687924385071
YOR214C,YAL034W-A,0,1.1719596,0.35378867387771606,0.6577380895614624,0.12119695544242859
YHR112C,YCR045C,0,1.1715136,0.35359999537467957,0.6577380895614624,0.12129703909158707
YKL033W-A,YDL193W,0,1.171416,0.3534115254878998,0.6577380895614624,0.12139711529016495
YDR412W,YGR098C,0,1.1713606,0.3532232344150543,0.6577380895614624,0.12149719893932343
YNL119W,YNL061W,0,1.1708574,0.3530351519584656,0.6577380895614624,0.1215972751379013
YMR074C,YPR139C,0,1.1708045,0.35284724831581116,0.6577380895614624,0.12169735878705978
YIL072W,YLR337W,0,1.1691918,0.35265958309173584,0.6577380895614624,0.12179743498563766
YGL106W,YLR253W,0,1.1676723,0.35247209668159485,0.6577380895614624,0.12189751863479614
YCL075W,YOR230W,0,1.167415,0.3522847890853882,0.6577380895614624,0.12199759483337402
YNL085W,YBL005W-B,1,1.1667602,0.35262879729270935,0.658730149269104,0.12199759483337402
YKL171W,YJR041C,0,1.1660349,0.35244160890579224,0.658730149269104,0.1220976784825325
YGR272C,YOR110W,0,1.1652322,0.35225462913513184,0.658730149269104,0.12219775468111038
YJL018W,YOR124C,0,1.1652085,0.35206785798072815,0.658730149269104,0.12229783833026886
YOR368W,YGR030C,1,1.1649376,0.3524112403392792,0.6597222089767456,0.12229783833026886
YDR478W,YMR224C,1,1.164644,0.35275423526763916,0.6607142686843872,0.12229783833026886
YIL044C,YMR301C,0,1.1642299,0.35256749391555786,0.6607142686843872,0.12239792197942734
YGR187C,YBR013C,0,1.1641932,0.3523809611797333,0.6607142686843872,0.12249799817800522
YOL163W,YFR045W,0,1.1641617,0.352194607257843,0.6607142686843872,0.1225980818271637
YER174C,YPR175W,0,1.1634667,0.3520084619522095,0.6607142686843872,0.12269815802574158
YGR007W,YGR081C,0,1.1625812,0.35182249546051025,0.6607142686843872,0.12279824167490005
YNL236W,YDR279W,0,1.1615376,0.35163673758506775,0.6607142686843872,0.12289831787347794
YGR123C,YGL145W,0,1.1609778,0.35145118832588196,0.6607142686843872,0.12299840152263641
YNL207W,YFR025C,0,1.1590282,0.3512658178806305,0.6607142686843872,0.1230984777212143
YNL284C-B,YPL029W,1,1.158394,0.3516077995300293,0.6617063283920288,0.1230984777212143
YNL207W,YER056C,0,1.1583247,0.3514225482940674,0.6617063283920288,0.12319856137037277
YHR046C,YKR081C,0,1.1570175,0.3512375056743622,0.6617063283920288,0.12329863756895065
YAR071W,YDR185C,0,1.1569762,0.3510526418685913,0.6617063283920288,0.12339872121810913
YOL073C,YIL162W,0,1.1565409,0.35086795687675476,0.6617063283920288,0.12349879741668701
YBR255W,YOR295W,0,1.1564636,0.3506834805011749,0.6617063283920288,0.12359888106584549
YDL031W,YOR349W,0,1.1564511,0.3504992127418518,0.6617063283920288,0.12369895726442337
YGR058W,YDR485C,0,1.1558712,0.350315123796463,0.6617063283920288,0.12379904091358185
YNR040W,YJL056C,0,1.1553733,0.35013124346733093,0.6617063283920288,0.12389911711215973
YHR164C,YMR287C,1,1.1552312,0.35047218203544617,0.6626983880996704,0.12389911711215973
YOL069W,YGR262C,0,1.1547834,0.35028842091560364,0.6626983880996704,0.1239992007613182
YKL171W,YEL077C,0,1.1540564,0.35010480880737305,0.6626983880996704,0.12409927695989609
YDR130C,YDR412W,0,1.1537063,0.34992143511772156,0.6626983880996704,0.12419936060905457
YPL153C,YPR080W,0,1.1507386,0.349738210439682,0.6626983880996704,0.12429943680763245
YMR023C,YJR124C,0,1.1500896,0.34955519437789917,0.6626983880996704,0.12439952045679092
YJL113W,YBR014C,0,1.1482754,0.34937238693237305,0.6626983880996704,0.1244995966553688
YML112W,YCL027C-A,0,1.1482751,0.34918975830078125,0.6626983880996704,0.12459968030452728
YKL143W,YMR258C,0,1.1475474,0.3490073084831238,0.6626983880996704,0.12469975650310516
YHR079C-B,YML118W,0,1.1471927,0.348825067281723,0.6626983880996704,0.12479984015226364
YLL003W,YPL012W,0,1.147113,0.3486430048942566,0.6626983880996704,0.12489991635084152
YMR059W,YDR386W,1,1.1467798,0.3489827811717987,0.663690447807312,0.12489991635084152
YDL167C,YOR047C,0,1.146681,0.3488008379936218,0.663690447807312,0.125
YLR433C,YBR261C,0,1.1459191,0.3486190736293793,0.663690447807312,0.12510007619857788
YCL074W,YDL227C,1,1.1452171,0.3489583432674408,0.6646825671195984,0.12510007619857788
YER111C,YPR110C,0,1.1450083,0.3487766683101654,0.6646825671195984,0.12520016729831696
YOR083W,YPR175W,0,1.1449661,0.34859520196914673,0.6646825671195984,0.12530024349689484
YKL133C,YFL011W,0,1.1445017,0.34841394424438477,0.6646825671195984,0.12540031969547272
YGL166W,YKL047W,0,1.1437309,0.34823283553123474,0.6646825671195984,0.1255003958940506
YMR227C,YFR013W,0,1.1436496,0.34805193543434143,0.6646825671195984,0.12560048699378967
YDR261W-B,YMR210W,0,1.1436298,0.34787124395370483,0.6646825671195984,0.12570056319236755
YER041W,YAR008W,1,1.1435889,0.3482096493244171,0.66567462682724,0.12570056319236755
YCR026C,YBL018C,1,1.1433403,0.34854772686958313,0.6666666865348816,0.12570056319236755
YLR223C,YOR124C,0,1.1430604,0.34836703538894653,0.6666666865348816,0.12580063939094543
YDR412W,YPR080W,0,1.1430271,0.34818652272224426,0.6666666865348816,0.12590071558952332
YDR279W,YLR277C,1,1.1425765,0.3485240936279297,0.6676587462425232,0.12590071558952332
YGR276C,YKR079C,1,1.1407683,0.3488612771034241,0.6686508059501648,0.12590071558952332
YHR079C-B,YKL149C,0,1.1399941,0.3486807942390442,0.6686508059501648,0.1260008066892624
YBR171W,YOL128C,0,1.1396501,0.348500519990921,0.6686508059501648,0.12610088288784027
YDL227C,YOL073C,0,1.1393797,0.3483204245567322,0.6686508059501648,0.12620095908641815
YER087C-A,YLR056W,0,1.1382422,0.34814050793647766,0.6686508059501648,0.12630103528499603
YMR195W,YGL079W,0,1.1381925,0.34796077013015747,0.6686508059501648,0.1264011263847351
YDL167C,YPL146C,0,1.1381816,0.3477812111377716,0.6686508059501648,0.126501202583313
YIL165C,YCL075W,0,1.1374528,0.34760186076164246,0.6686508059501648,0.12660127878189087
YKR062W,YDR179C,0,1.1370265,0.34742268919944763,0.6686508059501648,0.12670135498046875
YHR079C-B,YBL014C,0,1.1368009,0.34724369645118713,0.6686508059501648,0.12680144608020782
YKL032C,YIL016W,0,1.1363469,0.34706488251686096,0.6686508059501648,0.1269015222787857
YIL044C,YNL075W,0,1.136346,0.3468862473964691,0.6686508059501648,0.1270015984773636
YGR091W,YAL029C,0,1.1363044,0.346707820892334,0.6686508059501648,0.12710167467594147
YGR184C,YCL031C,0,1.1352065,0.3465295732021332,0.6686508059501648,0.12720176577568054
YEL040W,YLR419W,0,1.1350771,0.3463515043258667,0.6686508059501648,0.12730184197425842
YLR419W,YCL031C,0,1.1342747,0.34617361426353455,0.6686508059501648,0.1274019181728363
YKL173W,YNL080C,0,1.1338533,0.3459959030151367,0.6686508059501648,0.12750199437141418
YHR173C,YCR042C,0,1.1329215,0.3458183705806732,0.6686508059501648,0.12760208547115326
YHR115C,YNL092W,0,1.1327448,0.34564101696014404,0.6686508059501648,0.12770216166973114
YKL004W,YIL027C,0,1.1321456,0.3454638719558716,0.6686508059501648,0.12780223786830902
YDR185C,YML023C,0,1.1321305,0.34528687596321106,0.6686508059501648,0.1279023289680481
YLR447C,YDR474C,0,1.1318867,0.34511008858680725,0.6686508059501648,0.12800240516662598
YNL049C,YLR337W,0,1.1316094,0.34493348002433777,0.6686508059501648,0.12810248136520386
YOL010W,YDL227C,1,1.1314877,0.3452685475349426,0.6696428656578064,0.12810248136520386
YHR079C-B,YLR054C,0,1.130975,0.3450920283794403,0.6696428656578064,0.12820255756378174
YIL095W,YFL059W,0,1.1303382,0.3449156880378723,0.6696428656578064,0.1283026486635208
YML081W,YNL182C,0,1.1301923,0.34473952651023865,0.6696428656578064,0.1284027248620987
YHR089C,YKL171W,0,1.1298034,0.3445635437965393,0.6696428656578064,0.12850280106067657
YBR091C,YHR184W,0,1.1295693,0.3443877696990967,0.6696428656578064,0.12860287725925446
YKR090W,YMR244W,0,1.1286509,0.344212144613266,0.6696428656578064,0.12870296835899353
YOL080C,YLR132C,1,1.12793,0.344546377658844,0.670634925365448,0.12870296835899353
YHR039C-A,YBR071W,0,1.1276903,0.34437087178230286,0.670634925365448,0.1288030445575714
YDR228C,YIL126W,0,1.1275979,0.34419551491737366,0.670634925365448,0.1289031207561493
YER138C,YMR285C,1,1.1269376,0.34452927112579346,0.6716269850730896,0.1289031207561493
YLR452C,YCR045C,0,1.1265669,0.3443540036678314,0.6716269850730896,0.12900319695472717
YKL073W,YOR378W,0,1.1259696,0.3441789448261261,0.6716269850730896,0.12910328805446625
YGR152C,YDR474C,0,1.1253128,0.3440040647983551,0.6716269850730896,0.12920336425304413
YIL044C,YGR272C,0,1.1247485,0.34382936358451843,0.6716269850730896,0.129303440451622
YHR079C-B,YCR089W,0,1.1246195,0.3436548113822937,0.6716269850730896,0.1294035166501999
YOR147W,YDL031W,0,1.1242024,0.3434804677963257,0.6716269850730896,0.12950360774993896
YDR210W,YDL216C,0,1.1239882,0.3433062732219696,0.6716269850730896,0.12960368394851685
YOL163W,YLR005W,0,1.1233743,0.34313228726387024,0.6716269850730896,0.12970376014709473
YBR126W-A,YER176W,0,1.1229695,0.3429584503173828,0.6716269850730896,0.1298038363456726
YLR014C,YOR189W,0,1.122885,0.3427848219871521,0.6716269850730896,0.12990392744541168
YBR012W-B,YKR079C,1,1.122674,0.3431174159049988,0.6726190447807312,0.12990392744541168
YOL087C,YPR137W,0,1.1217988,0.34294384717941284,0.6726190447807312,0.13000400364398956
YJL209W,YBR002C,0,1.1205889,0.3427704870700836,0.6726190447807312,0.13010407984256744
YHR079C-B,YLR176C,0,1.1204772,0.34259727597236633,0.6726190447807312,0.13020415604114532
YMR259C,YGR120C,0,1.1199757,0.3424242436885834,0.6726190447807312,0.1303042471408844
YHR079C-B,YDL193W,0,1.1187118,0.34225139021873474,0.6726190447807312,0.13040432333946228
YPL148C,YML121W,0,1.1184819,0.34207871556282043,0.6726190447807312,0.13050439953804016
YHR164C,YOR056C,1,1.1173537,0.34241047501564026,0.6736111044883728,0.13050439953804016
YGR245C,YOR145C,0,1.1171486,0.3422378897666931,0.6736111044883728,0.13060449063777924
YPL097W,YPL275W,0,1.1153646,0.3420654833316803,0.6736111044883728,0.13070456683635712
YNL129W,YBL014C,0,1.1153233,0.3418932557106018,0.6736111044883728,0.130804643034935
YNL299W,YHR032W,0,1.114393,0.34172117710113525,0.6736111044883728,0.13090471923351288
YGR031W,YDR501W,0,1.11338,0.3415493071079254,0.6736111044883728,0.13100481033325195
YLR242C,YHR070W,0,1.1131524,0.3413775861263275,0.6736111044883728,0.13110488653182983
YIL016W,YEL018W,0,1.1119673,0.34120604395866394,0.6736111044883728,0.13120496273040771
YDL164C,YLR160C,0,1.1118743,0.3410346508026123,0.6736111044883728,0.1313050389289856
YNL236W,YDR524C,0,1.111868,0.3408634662628174,0.6736111044883728,0.13140513002872467
YPR167C,YOR251C,0,1.111542,0.3406924307346344,0.6736111044883728,0.13150520622730255
YGR007W,YMR028W,0,1.1109043,0.34052157402038574,0.6736111044883728,0.13160528242588043
YJR054W,YPR137W,0,1.109454,0.340350866317749,0.6736111044883728,0.1317053586244583
YOL069W,YLR014C,0,1.1092051,0.340180367231369,0.6736111044883728,0.1318054497241974
YBR100W,YOL008W,0,1.1089311,0.34001001715660095,0.6736111044883728,0.13190552592277527
YKL014C,YDR501W,0,1.1087677,0.3398398458957672,0.6736111044883728,0.13200560212135315
YAR002W,YKL033W,0,1.1068289,0.3396698236465454,0.6736111044883728,0.13210567831993103
YBR091C,YDR202C,0,1.1065145,0.3395000100135803,0.6736111044883728,0.1322057694196701
YLR223C,YIR035C,0,1.1061713,0.3393303453922272,0.6736111044883728,0.13230584561824799
YNL246W,YPL146C,0,1.1059647,0.33916082978248596,0.6736111044883728,0.13240592181682587
YJR029W,YJR006W,1,1.1058003,0.33949077129364014,0.6746031641960144,0.13240592181682587
YOL069W,YCR027C,0,1.1047535,0.3393213450908661,0.6746031641960144,0.13250599801540375
YLR403W,YLR227C,0,1.1020479,0.33915212750434875,0.6746031641960144,0.13260608911514282
YBR002C,YDR312W,0,1.1015115,0.33898305892944336,0.6746031641960144,0.1327061653137207
YDR266C,YMR211W,0,1.1014069,0.3388141393661499,0.6746031641960144,0.13280624151229858
YHR214W,YNL172W,0,1.1005532,0.33864542841911316,0.6746031641960144,0.13290631771087646
YDR073W,YOR001W,0,1.0998924,0.33847686648368835,0.6746031641960144,0.13300640881061554
YOR236W,YBR258C,0,1.0997359,0.3383084535598755,0.6746031641960144,0.13310648500919342
YMR016C,YDL017W,0,1.0996284,0.33814021944999695,0.6746031641960144,0.1332065612077713
YEL059C-A,YBR100W,0,1.0993404,0.33797216415405273,0.6746031641960144,0.13330665230751038
YKR017C,YOR278W,0,1.0987957,0.33780425786972046,0.6746031641960144,0.13340672850608826
YIR021W,YDR121W,1,1.097616,0.3381330668926239,0.675595223903656,0.13340672850608826
YDR090C,YAL064W-B,0,1.0973814,0.3379652500152588,0.675595223903656,0.13350680470466614
YIR026C,YIR023W,0,1.0970336,0.337797611951828,0.675595223903656,0.13360688090324402
YKR063C,YDR370C,1,1.0968602,0.33812594413757324,0.6765872836112976,0.13360688090324402
YKL173W,YDR162C,0,1.0962378,0.33795836567878723,0.6765872836112976,0.1337069720029831
YGR169C,YML060W,0,1.0958695,0.33779099583625793,0.6765872836112976,0.13380704820156097
YHR177W,YOR001W,0,1.0958394,0.3376237750053406,0.6765872836112976,0.13390712440013885
YKL090W,YNL221C,1,1.0953583,0.33795151114463806,0.6775793433189392,0.13390712440013885
YNL336W,YOL089C,0,1.0948099,0.33778437972068787,0.6775793433189392,0.13400720059871674
YJL200C,YHR177W,0,1.0947447,0.3376173973083496,0.6775793433189392,0.1341072916984558
YNL278W,YHR032W,0,1.0945339,0.3374505937099457,0.6775793433189392,0.1342073678970337
YFL034C-B,YOL128C,0,1.0944586,0.3372839391231537,0.6775793433189392,0.13430744409561157
YIL132C,YKL135C,0,1.094418,0.337117463350296,0.6775793433189392,0.13440752029418945
YNL001W,YNL262W,1,1.0940514,0.3374445140361786,0.6785714030265808,0.13440752029418945
YKL187C,YJR076C,0,1.0938858,0.3372780978679657,0.6785714030265808,0.13450761139392853
YKL006C-A,YPR157W,0,1.0930235,0.3371118903160095,0.6785714030265808,0.1346076875925064
YDR109C,YKR025W,0,1.0913968,0.3369458019733429,0.6785714030265808,0.1347077637910843
YCL044C,YJL018W,0,1.0908843,0.336779922246933,0.6785714030265808,0.13480783998966217
YKL200C,YOL010W,0,1.0907482,0.3366141617298126,0.6785714030265808,0.13490793108940125
YPR016C,YNR038W,0,1.0901406,0.336448609828949,0.6785714030265808,0.13500800728797913
YPL133C,YER183C,0,1.0901098,0.3362831771373749,0.6785714030265808,0.135108083486557
YIL118W,YPR017C,0,1.0898587,0.3361179232597351,0.6785714030265808,0.1352081596851349
YKL021C,YER093C,0,1.0894846,0.33595284819602966,0.6785714030265808,0.13530825078487396
YKL090W,YKR056W,1,1.0893863,0.33627885580062866,0.6795634627342224,0.13530825078487396
YDR004W,YLR385C,0,1.0882804,0.336113840341568,0.6795634627342224,0.13540832698345184
YGR031W,YMR282C,0,1.0882711,0.33594900369644165,0.6795634627342224,0.13550840318202972
YGR284C,YFL052W,0,1.087671,0.33578431606292725,0.6795634627342224,0.1356084793806076
YOL032W,YDR110W,0,1.087557,0.33561980724334717,0.6795634627342224,0.13570857048034668
YGR241C,YOR001W,0,1.0869887,0.33545544743537903,0.6795634627342224,0.13580864667892456
YCR034W,YDR179C,0,1.0851872,0.3352912366390228,0.6795634627342224,0.13590872287750244
YJL131C,YNL182C,0,1.0851347,0.33512720465660095,0.6795634627342224,0.13600881397724152
YBR163W,YGL175C,1,1.0843868,0.3354523181915283,0.6805555820465088,0.13600881397724152
YGL039W,YGL249W,0,1.083842,0.3352883756160736,0.6805555820465088,0.1361088901758194
YMR237W,YMR046C,0,1.0836543,0.33512458205223083,0.6805555820465088,0.13620896637439728
YGR155W,YKL071W,0,1.0820398,0.3349609375,0.6805555820465088,0.13630904257297516
YPR013C,YHR089C,0,1.0817138,0.3347974717617035,0.6805555820465088,0.13640913367271423
YLR312C-B,YOR034C,0,1.080004,0.3346341550350189,0.6805555820465088,0.13650920987129211
YHR058C,YBL014C,0,1.0795982,0.3344709873199463,0.6805555820465088,0.13660928606987
YBR227C,YAL036C,0,1.0787385,0.334307998418808,0.6805555820465088,0.13670936226844788
YDR288W,YDL036C,0,1.0782403,0.3341451585292816,0.6805555820465088,0.13680945336818695
YKR001C,YOR378W,0,1.0781331,0.3339824676513672,0.6805555820465088,0.13690952956676483
YDR295C,YKL120W,0,1.0778885,0.3338199555873871,0.6805555820465088,0.1370096057653427
YFL001W,YMR212C,0,1.0774964,0.3336575925350189,0.6805555820465088,0.1371096819639206
YKL171W,YLL011W,0,1.0770946,0.3334953784942627,0.6805555820465088,0.13720977306365967
YJR029W,YLR132C,1,1.076776,0.3338192403316498,0.6815476417541504,0.13720977306365967
YLR318W,YGL204C,0,1.0760708,0.3336571156978607,0.6815476417541504,0.13730984926223755
YCL074W,YGR227W,0,1.0758194,0.3334951400756836,0.6815476417541504,0.13740992546081543
YMR122W-A,YGR204W,0,1.0757539,0.3333333432674408,0.6815476417541504,0.1375100016593933
YNL282W,YNL262W,1,1.0741417,0.3336566388607025,0.682539701461792,0.1375100016593933
YPR175W,YDL099W,0,1.073201,0.3334949016571045,0.682539701461792,0.13761009275913239
YEL068C,YHR096C,0,1.0730855,0.3333333432674408,0.682539701461792,0.13771016895771027
YOL163W,YJL162C,0,1.072817,0.33317190408706665,0.682539701461792,0.13781024515628815
YDR118W,YMR294W,0,1.0725243,0.33301064372062683,0.682539701461792,0.13791032135486603
YHR079C,YBL018C,1,1.0720861,0.3333333432674408,0.6835317611694336,0.13791032135486603
YKL155C,YHR023W,0,1.0720435,0.33317214250564575,0.6835317611694336,0.1380104124546051
YLR073C,YOR255W,0,1.0719333,0.33301112055778503,0.6835317611694336,0.13811048865318298
YGL079W,YGR109W-B,0,1.0719119,0.33285024762153625,0.6835317611694336,0.13821056485176086
YCL074W,YCR031C,0,1.0717643,0.3326895236968994,0.6835317611694336,0.13831065595149994
YMR209C,YDR073W,0,1.0715287,0.3325289487838745,0.6835317611694336,0.13841073215007782
YML075C,YMR069W,0,1.0714401,0.33236855268478394,0.6835317611694336,0.1385108083486557
YOR274W,YJR010C-A,0,1.0703503,0.3322083055973053,0.6835317611694336,0.13861088454723358
YLL012W,YPR022C,0,1.0691457,0.3320482075214386,0.6835317611694336,0.13871097564697266
YOR371C,YGR252W,0,1.0674717,0.33188825845718384,0.6835317611694336,0.13881105184555054
YDR110W,YKL120W,0,1.0659647,0.331728458404541,0.6835317611694336,0.13891112804412842
YLR119W,YGR123C,0,1.064881,0.33156880736351013,0.6835317611694336,0.1390112042427063
YDR037W,YMR259C,0,1.0648022,0.3314093351364136,0.6835317611694336,0.13911129534244537
YDR256C,YBR013C,0,1.064068,0.33125001192092896,0.6835317611694336,0.13921137154102325
YJR078W,YPR157W,0,1.0638012,0.3310908079147339,0.6835317611694336,0.13931144773960114
YDR523C,YGL171W,0,1.0633302,0.33093178272247314,0.6835317611694336,0.13941152393817902
YIL061C,YOL089C,0,1.0615637,0.33077293634414673,0.6835317611694336,0.1395116150379181
YDR312W,YDR485C,0,1.061177,0.33061420917510986,0.6835317611694336,0.13961169123649597
YHR005C,YLR385C,0,1.0602412,0.33045563101768494,0.6835317611694336,0.13971176743507385
YML064C,YLR287C-A,0,1.059877,0.33029723167419434,0.6835317611694336,0.13981184363365173
YML023C,YOR295W,0,1.0586576,0.3301389515399933,0.6835317611694336,0.1399119347333908
YDL206W,YNL084C,0,1.0581721,0.32998085021972656,0.6835317611694336,0.1400120109319687
YLR385C,YJL076W,0,1.0577738,0.3298228681087494,0.6835317611694336,0.14011208713054657
YBL084C,YIL134W,0,1.057507,0.32966506481170654,0.6835317611694336,0.14021216332912445
YBR180W,YML033W,0,1.0571233,0.32950741052627563,0.6835317611694336,0.14031225442886353
YPL269W,YKL120W,0,1.0566968,0.32934990525245667,0.6835317611694336,0.1404123306274414
YMR268C,YGR006W,0,1.0560277,0.32919254899024963,0.6835317611694336,0.1405124068260193
YJR124C,YHR100C,0,1.055467,0.32903534173965454,0.6835317611694336,0.14061248302459717
YHR079C,YKL114C,1,1.0554624,0.3293555974960327,0.6845238208770752,0.14061248302459717
YGR152C,YMR080C,0,1.0553392,0.3291984796524048,0.6845238208770752,0.14071257412433624
YPR027C,YPL170W,0,1.0551522,0.3290414810180664,0.6845238208770752,0.14081265032291412
YDL201W,YKR101W,0,1.0549619,0.32888466119766235,0.6845238208770752,0.140912726521492
YGL047W,YMR051C,0,1.0540314,0.32872796058654785,0.6845238208770752,0.14101281762123108
YKR026C,YAL043C,0,1.0535016,0.3285714387893677,0.6845238208770752,0.14111289381980896
YJR043C,YKR079C,1,1.0533165,0.32889100909233093,0.6855158805847168,0.14111289381980896
YER026C,YDR338C,0,1.0531237,0.32873454689979553,0.6855158805847168,0.14121297001838684
YDR320C,YKL052C,0,1.0530796,0.32857823371887207,0.6855158805847168,0.14131304621696472
YKR017C,YDR407C,0,1.0520301,0.32842203974723816,0.6855158805847168,0.1414131373167038
YDL246C,YER163C,0,1.0515468,0.3282660245895386,0.6855158805847168,0.14151321351528168
YKR063C,YGL175C,1,1.051522,0.3285849988460541,0.6865079402923584,0.14151321351528168
YER160C,YJR006W,1,1.0513684,0.3289036452770233,0.6875,0.14151321351528168
YDL227C,YML076C,0,1.050378,0.32874763011932373,0.6875,0.14161328971385956
YMR059W,YJR029W,1,1.0500786,0.3290659189224243,0.6884920597076416,0.14161328971385956
YDL017W,YDL036C,0,1.0497482,0.3289099633693695,0.6884920597076416,0.14171336591243744
YGR152C,YNL061W,0,1.0497319,0.32875415682792664,0.6884920597076416,0.1418134570121765
YPR027C,YOR062C,0,1.0483718,0.3285984992980957,0.6884920597076416,0.1419135332107544
YKR081C,YIL087C,0,1.048195,0.3284429609775543,0.6884920597076416,0.14201360940933228
YKL014C,YDR066C,0,1.0477782,0.32828760147094727,0.6884920597076416,0.14211368560791016
YGR284C,YMR046C,0,1.0470412,0.32813239097595215,0.6884920597076416,0.14221377670764923
YKL133C,YEL062W,0,1.0468087,0.32797732949256897,0.6884920597076416,0.1423138529062271
YAL034W-A,YDR279W,0,1.0461739,0.32782238721847534,0.6884920597076416,0.142413929104805
YDR339C,YOR368W,1,1.0449204,0.3281397521495819,0.6894841194152832,0.142413929104805
YMR244W,YPL188W,0,1.0448655,0.32798489928245544,0.6894841194152832,0.14251400530338287
YDR093W,YER172C,0,1.0441512,0.3278301954269409,0.6894841194152832,0.14261409640312195
YDR386W,YBR126W-A,0,1.043935,0.32767561078071594,0.6894841194152832,0.14271417260169983
YBL014C,YIL079C,0,1.0438548,0.3275212049484253,0.6894841194152832,0.1428142488002777
YJL178C,YDL209C,0,1.0417051,0.3273669481277466,0.6894841194152832,0.1429143249988556
YKL052C,YAL034W-A,0,1.0408915,0.3272128105163574,0.6894841194152832,0.14301441609859467
YKL090W,YBR257W,1,1.0407338,0.3275294005870819,0.6904761791229248,0.14301441609859467
YDR058C,YIL132C,0,1.040729,0.3273753523826599,0.6904761791229248,0.14311449229717255
YDL227C,YDR370C,1,1.0402793,0.32769158482551575,0.6914682388305664,0.14311449229717255
YKR093W,YPR157W,0,1.0401202,0.3275375962257385,0.6914682388305664,0.14321456849575043
YIR024C,YHR066W,0,1.0384759,0.32738375663757324,0.6914682388305664,0.1433146446943283
YOR223W,YGL171W,0,1.03843,0.3272300362586975,0.6914682388305664,0.14341473579406738
YLL003W,YMR212C,0,1.0376204,0.3270764946937561,0.6914682388305664,0.14351481199264526
YLR345W,YPL141C,0,1.037439,0.32692307233810425,0.6914682388305664,0.14361488819122314
YLR164W,YDR501W,0,1.0363541,0.32676979899406433,0.6914682388305664,0.14371497929096222
YBR233W-A,YPR038W,0,1.0363288,0.32661667466163635,0.6914682388305664,0.1438150554895401
YNL236W,YGR272C,0,1.034818,0.3264636993408203,0.6914682388305664,0.14391513168811798
YNL046W,YGR223C,0,1.0347778,0.3263108730316162,0.6914682388305664,0.14401520788669586
YKL149C,YPL207W,0,1.0339987,0.32615816593170166,0.6914682388305664,0.14411529898643494
YPL082C,YGR100W,0,1.0331335,0.32600560784339905,0.6914682388305664,0.14421537518501282
YHR206W,YJL107C,0,1.0326424,0.3258531987667084,0.6914682388305664,0.1443154513835907
YDR109C,YDL227C,0,1.0322255,0.32570093870162964,0.6914682388305664,0.14441552758216858
YHR150W,YMR046C,0,1.0316758,0.32554879784584045,0.6914682388305664,0.14451561868190765
YOL069W,YPR027C,0,1.0309106,0.3253968358039856,0.6914682388305664,0.14461569488048553
YPR009W,YGL247W,0,1.030868,0.3252449929714203,0.6914682388305664,0.14471577107906342
YAL029C,YNL232W,0,1.0305347,0.32509326934814453,0.6914682388305664,0.1448158472776413
YJR027W,YLR378C,0,1.0305314,0.3249417245388031,0.6914682388305664,0.14491593837738037
YHR122W,YOR087W,0,1.0301781,0.3247902989387512,0.6914682388305664,0.14501601457595825
YOR140W,YMR244W,0,1.0301348,0.3246390223503113,0.6914682388305664,0.14511609077453613
YLR404W,YDR474C,0,1.0300529,0.3244878947734833,0.6914682388305664,0.145216166973114
YER012W,YML060W,0,1.0286765,0.3243368864059448,0.6914682388305664,0.1453162580728531
YML003W,YPR102C,0,1.028479,0.3241860568523407,0.6914682388305664,0.14541633427143097
YLR312C-B,YDR317W,0,1.027065,0.3240353465080261,0.6914682388305664,0.14551641047000885
YDL167C,YCL058C,0,1.0253824,0.3238847553730011,0.6914682388305664,0.14561648666858673
YJR076C,YCR029C-A,0,1.024493,0.323734313249588,0.6914682388305664,0.1457165777683258
YNR020C,YMR277W,0,1.0239882,0.32358402013778687,0.6914682388305664,0.1458166539669037
YEL059C-A,YDR338C,0,1.0232081,0.32343387603759766,0.6914682388305664,0.14591673016548157
YHR122W,YKL211C,0,1.0230107,0.323283851146698,0.6914682388305664,0.14601680636405945
YKR048C,YDR180W,0,1.0225096,0.3231339752674103,0.6914682388305664,0.14611689746379852
YPL146C,YGR227W,0,1.0220639,0.3229842483997345,0.6914682388305664,0.1462169736623764
YJR140C,YDR253C,0,1.0216061,0.32283464074134827,0.6914682388305664,0.14631704986095428
YHR156C,YMR277W,0,1.0213772,0.322685182094574,0.6914682388305664,0.14641714096069336
YBL055C,YOR166C,1,1.0209931,0.32299861311912537,0.692460298538208,0.14641714096069336
YPL196W,YIL072W,0,1.01947,0.32284921407699585,0.692460298538208,0.14651721715927124
YNL027W,YNL021W,0,1.0192274,0.32269996404647827,0.692460298538208,0.14661729335784912
YOR214C,YNL236W,0,1.0188913,0.32255083322525024,0.692460298538208,0.146717369556427
YDR016C,YGR099W,0,1.0188785,0.32240185141563416,0.692460298538208,0.14681746065616608
YKR001C,YNL273W,0,1.0187769,0.3222529888153076,0.692460298538208,0.14691753685474396
YLR017W,YOL057W,0,1.0181478,0.3221043050289154,0.692460298538208,0.14701761305332184
YPR139C,YFR013W,0,1.0170159,0.32195571064949036,0.692460298538208,0.14711768925189972
YBR171W,YOL057W,0,1.0169767,0.32180729508399963,0.692460298538208,0.1472177803516388
YNL027W,YGR058W,0,1.0165557,0.32165899872779846,0.692460298538208,0.14731785655021667
YGR031W,YJR054W,0,1.0160924,0.32151082158088684,0.692460298538208,0.14741793274879456
YJL142C,YIL157C,0,1.0160869,0.32136279344558716,0.692460298538208,0.14751800894737244
YJL200C,YNR021W,0,1.0154405,0.3212149143218994,0.692460298538208,0.1476181000471115
YGR187C,YHR107C,0,1.0151864,0.3210671544075012,0.692460298538208,0.1477181762456894
YKL056C,YCL045C,0,1.0149628,0.32091954350471497,0.692460298538208,0.14781825244426727
YJR032W,YGR074W,0,1.0138323,0.32077205181121826,0.692460298538208,0.14791832864284515
YFL034C-B,YHR006W,0,1.0134059,0.3206247091293335,0.692460298538208,0.14801841974258423
YOL163W,YGR180C,0,1.0132871,0.32047751545906067,0.692460298538208,0.1481184959411621
YHR079C-B,YDL153C,0,1.0132324,0.3203304409980774,0.692460298538208,0.14821857213974
YMR010W,YKL104C,0,1.013202,0.32018348574638367,0.692460298538208,0.14831864833831787
YCR026C,YHR062C,1,1.0129483,0.3204951882362366,0.6934523582458496,0.14831864833831787
YBR247C,YFL008W,0,1.0119437,0.3203482925891876,0.6934523582458496,0.14841873943805695
YBR098W,YOR330C,1,1.0114018,0.3206596374511719,0.6944444179534912,0.14841873943805695
YNL221C,YNL262W,1,1.0108494,0.32097068428993225,0.6954365372657776,0.14841873943805695
YJL187C,YHR032W,0,1.0098175,0.3208237886428833,0.6954365372657776,0.14851881563663483
YDR320C,YLR073C,0,1.0078642,0.3206770420074463,0.6954365372657776,0.1486188918352127
YMR119W,YCR045C,0,1.0077243,0.32053041458129883,0.6954365372657776,0.1487189680337906
YKL078W,YMR080C,0,1.0073867,0.3203839063644409,0.6954365372657776,0.14881905913352966
YPR097W,YGR191W,0,1.0073645,0.32023754715919495,0.6954365372657776,0.14891913533210754
YMR224C,YDR121W,1,1.0073394,0.3205479383468628,0.6964285969734192,0.14891913533210754
YDR339C,YMR045C,1,1.0063056,0.32085806131362915,0.6974206566810608,0.14891913533210754
YEL018W,YDL216C,0,1.0052878,0.3207116723060608,0.6974206566810608,0.14901921153068542
YPL207W,YCR023C,0,1.0041462,0.32056543231010437,0.6974206566810608,0.1491193026304245
YOR368W,YBL005W-B,1,1.0036551,0.3208751082420349,0.6984127163887024,0.1491193026304245
YPL112C,YKL120W,0,1.0036387,0.32072892785072327,0.6984127163887024,0.14921937882900238
YLR276C,YLR160C,0,1.0026973,0.32058286666870117,0.6984127163887024,0.14931945502758026
YNL092W,YMR083W,0,1.002661,0.320436954498291,0.6984127163887024,0.14941953122615814
YJL018W,YLR005W,0,1.0024784,0.3202911615371704,0.6984127163887024,0.14951962232589722
YJL194W,YDR524C,0,1.0022938,0.32014551758766174,0.6984127163887024,0.1496196985244751
YHR206W,YML033W,0,1.0021698,0.3199999928474426,0.6984127163887024,0.14971977472305298
YPR157W,YAL054C,0,1.0019606,0.31985461711883545,0.6984127163887024,0.14981985092163086
YGL079W,YDL209C,0,1.0016584,0.3197093605995178,0.6984127163887024,0.14991994202136993
YHR177W,YHR021C,0,1.0015843,0.31956422328948975,0.6984127163887024,0.15002001821994781
YOR298C-A,YDL075W,0,1.0011734,0.3194192349910736,0.6984127163887024,0.1501200944185257
YBR094W,YHR005C,0,1.0007304,0.319274365901947,0.6984127163887024,0.15022017061710358
YHR164C,YDR386W,1,1.0006399,0.3195829689502716,0.699404776096344,0.15022017061710358
YNL282W,YML003W,0,1.0002052,0.3194381594657898,0.699404776096344,0.15032026171684265
YOL107W,YPL230W,0,0.9993656,0.31929346919059753,0.699404776096344,0.15042033791542053
YPR022C,YHR098C,0,0.99879223,0.3191489279270172,0.699404776096344,0.1505204141139984
YDR194C,YKL071W,0,0.9976266,0.31900453567504883,0.699404776096344,0.1506204903125763
YMR137C,YOR001W,1,0.9968918,0.31931254267692566,0.7003968358039856,0.1506204903125763
YGL025C,YGR198W,0,0.99682313,0.31916818022727966,0.7003968358039856,0.15072058141231537
YLR352W,YFL054C,0,0.9960713,0.3190239369869232,0.7003968358039856,0.15082065761089325
YNL309W,YNL061W,0,0.9958026,0.3188798427581787,0.7003968358039856,0.15092073380947113
YDR471W,YNL232W,0,0.99503595,0.31873589754104614,0.7003968358039856,0.151020810008049
YPL219W,YKL200C,0,0.99494654,0.3185920715332031,0.7003968358039856,0.15112090110778809
YGL246C,YCR026C,1,0.99352384,0.3188994228839874,0.7013888955116272,0.15112090110778809
YML033W,YKL135C,0,0.99351376,0.3187556266784668,0.7013888955116272,0.15122097730636597
YHL025W,YKL078W,0,0.9928388,0.3186119794845581,0.7013888955116272,0.15132105350494385
YIR024C,YBR091C,0,0.99159414,0.31846848130226135,0.7013888955116272,0.15142112970352173
YHL031C,YPL082C,0,0.9908497,0.31832507252693176,0.7013888955116272,0.1515212208032608
YBL058W,YOR214C,0,0.9896629,0.3181818127632141,0.7013888955116272,0.15162129700183868
YNR040W,YKR051W,0,0.9893506,0.318038672208786,0.7013888955116272,0.15172137320041656
YML112W,YDL077C,0,0.989046,0.31789568066596985,0.7013888955116272,0.15182146430015564
YIR015W,YOR258W,1,0.9881084,0.31820225715637207,0.7023809552192688,0.15182146430015564
YJL144W,YGR225W,0,0.98786145,0.3180592954158783,0.7023809552192688,0.15192154049873352
YHR173C,YIR033W,0,0.98629093,0.31791648268699646,0.7023809552192688,0.1520216166973114
YLR275W,YCR029C-A,0,0.98612016,0.3177737891674042,0.7023809552192688,0.15212169289588928
YMR074C,YLR276C,0,0.9846949,0.31763121485710144,0.7023809552192688,0.15222178399562836
YOR048C,YLR059C,1,0.98395276,0.3179372251033783,0.7033730149269104,0.15222178399562836
YHR173C,YOR251C,0,0.98252684,0.31779471039772034,0.7033730149269104,0.15232186019420624
YHL016C,YGL254W,0,0.9813051,0.31765231490135193,0.7033730149269104,0.15242193639278412
YBR154C,YDR532C,0,0.98118013,0.31751006841659546,0.7033730149269104,0.152522012591362
YPL078C,YLR210W,0,0.9810318,0.31736794114112854,0.7033730149269104,0.15262210369110107
YOL010W,YLR154C,1,0.9803335,0.31767338514328003,0.704365074634552,0.15262210369110107
YHR079C-B,YOR064C,0,0.9790537,0.3175313174724579,0.704365074634552,0.15272217988967896
YBR182C,YOR034C,0,0.9789118,0.3173893690109253,0.704365074634552,0.15282225608825684
YIL061C,YDL047W,0,0.9789106,0.31724753975868225,0.704365074634552,0.15292233228683472
YIL165C,YHR021C,0,0.97876114,0.31710585951805115,0.704365074634552,0.1530224233865738
YPL275W,YDL119C,0,0.9786617,0.3169642984867096,0.704365074634552,0.15312249958515167
YBL098W,YPL199C,0,0.97812855,0.3168228566646576,0.704365074634552,0.15322257578372955
YLR164W,YDR032C,0,0.9769953,0.31668153405189514,0.704365074634552,0.15332265198230743
YDR122W,YKL033W-A,0,0.9766945,0.31654036045074463,0.704365074634552,0.1534227430820465
YMR051C,YMR080C,0,0.9766268,0.3163992762565613,0.704365074634552,0.1535228192806244
YJR006W,YGR030C,1,0.97626346,0.31670379638671875,0.7053571343421936,0.1535228192806244
YML038C,YJR041C,0,0.9760444,0.3165627717971802,0.7053571343421936,0.15362289547920227
YBR135W,YOR251C,0,0.9756884,0.31642189621925354,0.7053571343421936,0.15372297167778015
YDR065W,YJL162C,0,0.9753313,0.31628113985061646,0.7053571343421936,0.15382306277751923
YMR067C,YFL001W,0,0.9748156,0.3161405026912689,0.7053571343421936,0.1539231389760971
YER098W,YJL074C,0,0.9743224,0.3160000145435333,0.7053571343421936,0.154023215174675
YPL155C,YDR279W,0,0.9743188,0.3158596158027649,0.7053571343421936,0.15412329137325287
YDR370C,YDR121W,1,0.9738428,0.31616342067718506,0.7063491940498352,0.15412329137325287
YJR099W,YLR318W,0,0.973766,0.3160230815410614,0.7063491940498352,0.15422338247299194
YLR176C,YPR022C,0,0.9734747,0.3158828616142273,0.7063491940498352,0.15432345867156982
YPR061C,YGR251W,0,0.9726928,0.3157427906990051,0.7063491940498352,0.1544235348701477
YMR321C,YML003W,0,0.9722461,0.3156028389930725,0.7063491940498352,0.15452362596988678
YMR119W,YPR157W,0,0.9717209,0.31546300649642944,0.7063491940498352,0.15462370216846466
YMR224C,YDR279W,1,0.9716229,0.3157661557197571,0.7073412537574768,0.15462370216846466
YJR002W,YGL010W,0,0.971307,0.3156263828277588,0.7073412537574768,0.15472377836704254
YCR002C,YMR268C,0,0.9705413,0.31548672914505005,0.7073412537574768,0.15482385456562042
YPR016C,YIL016W,0,0.97052646,0.31534719467163086,0.7073412537574768,0.1549239456653595
YPL141C,YBL098W,0,0.96998376,0.3152077794075012,0.7073412537574768,0.15502402186393738
YLR052W,YCR034W,0,0.9698972,0.31506848335266113,0.7073412537574768,0.15512409806251526
YGR010W,YKL200C,0,0.9695831,0.314929336309433,0.7073412537574768,0.15522417426109314
YDL113C,YGL005C,0,0.9694857,0.314790278673172,0.7073412537574768,0.15532426536083221
YMR137C,YAR008W,1,0.9694639,0.31509268283843994,0.7083333134651184,0.15532426536083221
YJL144W,YPR201W,0,0.9692285,0.31495368480682373,0.7083333134651184,0.1554243415594101
YNL242W,YGL073W,0,0.9689443,0.31481480598449707,0.7083333134651184,0.15552441775798798
YOR093C,YJL117W,0,0.9686516,0.31467607617378235,0.7083333134651184,0.15562449395656586
YJR061W,YGR189C,0,0.96864325,0.3145374357700348,0.7083333134651184,0.15572458505630493
YML064C,YBR014C,0,0.9679995,0.31439894437789917,0.7083333134651184,0.1558246612548828
YEL077C,YGL195W,0,0.9672635,0.3142605721950531,0.7083333134651184,0.1559247374534607
YNL085W,YDR121W,1,0.9665414,0.31456226110458374,0.70932537317276,0.1559247374534607
YLR275W,YLR032W,0,0.9662654,0.31442391872406006,0.70932537317276,0.15602481365203857
YMR074C,YJL170C,0,0.9660019,0.3142857253551483,0.70932537317276,0.15612490475177765
YLR356W,YDR430C,0,0.96545506,0.31414762139320374,0.70932537317276,0.15622498095035553
YPL029W,YBL061C,0,0.9646231,0.3140096664428711,0.70932537317276,0.1563250571489334
YDR110W,YLR452C,0,0.9643424,0.313871830701828,0.70932537317276,0.1564251333475113
YLR242C,YPL082C,0,0.9639285,0.3137340843677521,0.70932537317276,0.15652522444725037
YDR180W,YDR098C,0,0.96238756,0.3135964870452881,0.70932537317276,0.15662530064582825
YPR157W,YDL056W,0,0.96175176,0.31345900893211365,0.70932537317276,0.15672537684440613
YIL126W,YJL187C,0,0.959945,0.31332165002822876,0.70932537317276,0.156825453042984
YLR452C,YGR006W,0,0.9598862,0.3131844103336334,0.70932537317276,0.15692554414272308
YEL003W,YOR189W,0,0.9597433,0.31304728984832764,0.70932537317276,0.15702562034130096
YGR251W,YDR347W,0,0.95944804,0.3129102885723114,0.70932537317276,0.15712569653987885
YML003W,YHR001W,0,0.95858043,0.3127734065055847,0.70932537317276,0.15722578763961792
YER087C-A,YMR244W,0,0.95830697,0.3126366436481476,0.70932537317276,0.1573258638381958
YHR005C,YDL056W,0,0.9579718,0.3125,0.70932537317276,0.15742594003677368
YMR224C,YPL029W,1,0.95781446,0.3128003478050232,0.7103174328804016,0.15742594003677368
YDR334W,YOR378W,0,0.95773536,0.3126637637615204,0.7103174328804016,0.15752601623535156
YBR264C,YDR474C,0,0.9575743,0.31252726912498474,0.7103174328804016,0.15762610733509064
YGR080W,YOR001W,0,0.95717704,0.31239092350006104,0.7103174328804016,0.15772618353366852
YMR302C,YCR045C,0,0.9569226,0.3122546970844269,0.7103174328804016,0.1578262597322464
YNL290W,YOL066C,0,0.95660406,0.3121185600757599,0.7103174328804016,0.15792633593082428
YNL290W,YLR032W,0,0.9565231,0.31198257207870483,0.7103174328804016,0.15802642703056335
YEL020C,YBR067C,0,0.9563791,0.31184670329093933,0.7103174328804016,0.15812650322914124
YMR308C,YOR378W,0,0.9526557,0.311710923910141,0.7103174328804016,0.15822657942771912
YLR078C,YML077W,0,0.95255584,0.3115752935409546,0.7103174328804016,0.158326655626297
YCL004W,YEL077C,0,0.9524444,0.31143975257873535,0.7103174328804016,0.15842674672603607
YHR039C-A,YNL314W,0,0.95243293,0.31130436062812805,0.7103174328804016,0.15852682292461395
YML056C,YPL121C,0,0.9520837,0.3111690580844879,0.7103174328804016,0.15862689912319183
YPL148C,YLR073C,0,0.95191735,0.31103387475013733,0.7103174328804016,0.15872697532176971
YLR404W,YKL057C,0,0.9510872,0.3108988404273987,0.7103174328804016,0.1588270664215088
YHR115C,YJR041C,0,0.9504103,0.3107638955116272,0.7103174328804016,0.15892714262008667
YDR339C,YLR135W,1,0.94896847,0.31106290221214294,0.711309552192688,0.15892714262008667
YNL289W,YDR485C,0,0.9470319,0.31092801690101624,0.711309552192688,0.15902721881866455
YOR368W,YKL149C,1,0.9453556,0.3112266957759857,0.7123016119003296,0.15902721881866455
YHR032W,YMR210W,0,0.94523627,0.3110918402671814,0.7123016119003296,0.15912729501724243
YOR033C,YBR278W,1,0.94242066,0.311390221118927,0.7132936716079712,0.15912729501724243
YMR051C,YOL096C,0,0.94136864,0.31125542521476746,0.7132936716079712,0.1592273861169815
YPL231W,YFR036W,0,0.94063026,0.3111207187175751,0.7132936716079712,0.1593274623155594
YOL051W,YJL038C,0,0.9404257,0.31098616123199463,0.7132936716079712,0.15942753851413727
YIR015W,YLR105C,1,0.94021076,0.31128403544425964,0.7142857313156128,0.15942753851413727
YDR471W,YEL061C,0,0.9400889,0.311149537563324,0.7142857313156128,0.15952761471271515
YHR214W,YJR010C-A,0,0.9397076,0.31101512908935547,0.7142857313156128,0.15962770581245422
YJL113W,YBR038W,0,0.9394692,0.3108808398246765,0.7142857313156128,0.1597277820110321
YHR206W,YGL171W,0,0.9390101,0.3107466697692871,0.7142857313156128,0.15982785820960999
YDR484W,YPR056W,0,0.938474,0.31061258912086487,0.7142857313156128,0.15992794930934906
YGL080W,YKL047W,0,0.9382154,0.31047865748405457,0.7142857313156128,0.16002802550792694
YKR026C,YDR288W,0,0.9376914,0.3103448152542114,0.7142857313156128,0.16012810170650482
YNL282W,YOL130W,0,0.936781,0.3102111220359802,0.7142857313156128,0.1602281779050827
YLR014C,YDR098C,0,0.9363817,0.3100775182247162,0.7142857313156128,0.16032826900482178
YBR098W,YIR021W,1,0.9356555,0.31037452816963196,0.7152777910232544,0.16032826900482178
YKL143W,YDR338C,0,0.9347052,0.3102409541606903,0.7152777910232544,0.16042834520339966
YOL021C,YNL072W,1,0.933563,0.3105376362800598,0.716269850730896,0.16042834520339966
YHR107C,YOR212W,0,0.9332997,0.31040412187576294,0.716269850730896,0.16052842140197754
YBR139W,YNL327W,0,0.93300235,0.3102707266807556,0.716269850730896,0.16062849760055542
YBR235W,YKR044W,0,0.93122894,0.31013745069503784,0.716269850730896,0.1607285887002945
YIR015W,YJL113W,1,0.9309185,0.31043365597724915,0.7172619104385376,0.1607285887002945
YGR245C,YBR094W,0,0.93073916,0.31030043959617615,0.7172619104385376,0.16082866489887238
YMR010W,YJR032W,0,0.93048424,0.3101673126220703,0.7172619104385376,0.16092874109745026
YEL068C,YPL186C,0,0.93025315,0.31003430485725403,0.7172619104385376,0.16102881729602814
YKR034W,YNL200C,0,0.92998445,0.3099014163017273,0.7172619104385376,0.1611289083957672
YKL171W,YGR155W,0,0.92981905,0.3097686469554901,0.7172619104385376,0.1612289845943451
YDR288W,YGR227W,0,0.92969424,0.3096359670162201,0.7172619104385376,0.16132906079292297
YNL048W,YDR524C,0,0.92957085,0.309503436088562,0.7172619104385376,0.16142913699150085
YLR247C,YDR334W,0,0.92860323,0.3093709945678711,0.7172619104385376,0.16152922809123993
YJL200C,YDL031W,0,0.9281729,0.3092386722564697,0.7172619104385376,0.1616293042898178
YCL016C,YJL090C,0,0.92584026,0.3091064691543579,0.7172619104385376,0.1617293804883957
YNL282W,YLR116W,0,0.92444956,0.30897435545921326,0.7172619104385376,0.16182945668697357
YMR010W,YLR457C,0,0.9231571,0.30884236097335815,0.7172619104385376,0.16192954778671265
YPR080W,YOR361C,0,0.9228057,0.308710515499115,0.7172619104385376,0.16202962398529053
YDL116W,YGR091W,0,0.9228012,0.308578759431839,0.7172619104385376,0.1621297001838684
YOR161C,YKL200C,0,0.9214036,0.30844709277153015,0.7172619104385376,0.1622297763824463
YPL163C,YHR214W,0,0.92095053,0.30831557512283325,0.7172619104385376,0.16232986748218536
YPR056W,YJL076W,0,0.9207897,0.3081841468811035,0.7172619104385376,0.16242994368076324
YER006W,YCL063W,0,0.9202138,0.30805283784866333,0.7172619104385376,0.16253001987934113
YBR227C,YPR017C,0,0.9200511,0.3079216480255127,0.7172619104385376,0.1626301109790802
YGL156W,YPR201W,0,0.9198966,0.3077905476093292,0.7172619104385376,0.16273018717765808
YKR062W,YPR135W,0,0.91932124,0.3076595664024353,0.7172619104385376,0.16283026337623596
YJL131C,YER091C,0,0.9188182,0.30752870440483093,0.7172619104385376,0.16293033957481384
YOL021C,YCL075W,1,0.91881555,0.307823121547699,0.7182539701461792,0.16293033957481384
YLL001W,YMR244W,0,0.9187978,0.3076923191547394,0.7182539701461792,0.16303043067455292
YJR027W,YBL101C,0,0.91872585,0.30756160616874695,0.7182539701461792,0.1631305068731308
YGR272C,YOR158W,0,0.91864073,0.30743101239204407,0.7182539701461792,0.16323058307170868
YDL083C,YPL199C,0,0.9181395,0.30730050802230835,0.7182539701461792,0.16333065927028656
YAL059W,YAL047C,0,0.91796124,0.3071701228618622,0.7182539701461792,0.16343075037002563
YJR027W,YOR251C,0,0.9168852,0.30703985691070557,0.7182539701461792,0.16353082656860352
YDR253C,YPL121C,0,0.916823,0.3069097101688385,0.7182539701461792,0.1636309027671814
YGR175C,YDR240C,0,0.9167897,0.3067796528339386,0.7182539701461792,0.16373097896575928
YOL163W,YNL182C,0,0.916728,0.30664971470832825,0.7182539701461792,0.16383107006549835
YDR293C,YDR338C,0,0.9165198,0.30651989579200745,0.7182539701461792,0.16393114626407623
YPR017C,YJR006W,0,0.91588324,0.3063901960849762,0.7182539701461792,0.1640312224626541
YNL085W,YMR059W,1,0.91552407,0.30668359994888306,0.7192460298538208,0.1640312224626541
YLR276C,YNL314W,0,0.9145605,0.3065539002418518,0.7192460298538208,0.164131298661232
YLR105C,YLR135W,1,0.91268134,0.3068470060825348,0.7202380895614624,0.164131298661232
YNL278W,YBR090C-A,0,0.91258806,0.3067173659801483,0.7202380895614624,0.16423138976097107
YGL079W,YJL189W,0,0.91133493,0.3065878450870514,0.7202380895614624,0.16433146595954895
YLR017W,YNL172W,0,0.9104995,0.30645841360092163,0.7202380895614624,0.16443154215812683
YNL284C,YKL033W,0,0.910283,0.3063291013240814,0.7202380895614624,0.1645316183567047
YKR048C,YHL025W,0,0.91027474,0.30619990825653076,0.7202380895614624,0.1646317094564438
YDR540C,YOR005C,0,0.91018075,0.30607083439826965,0.7202380895614624,0.16473178565502167
YDR279W,YJR101W,0,0.90860516,0.3059418499469757,0.7202380895614624,0.16483186185359955
YAL056W,YDR110W,0,0.9085359,0.3058129847049713,0.7202380895614624,0.16493195295333862
YMR259C,YOR062C,0,0.9082513,0.3056842088699341,0.7202380895614624,0.1650320291519165
YFL008W,YLR385C,0,0.90689623,0.3055555522441864,0.7202380895614624,0.16513210535049438
YKL052C,YMR179W,0,0.9058755,0.30542701482772827,0.7202380895614624,0.16523218154907227
YDR493W,YDL234C,0,0.9057371,0.3052985668182373,0.7202380895614624,0.16533227264881134
YBR046C,YFL052W,0,0.90535456,0.3051702380180359,0.7202380895614624,0.16543234884738922
YER071C,YIL118W,0,0.90496224,0.305042028427124,0.7202380895614624,0.1655324250459671
YOL057W,YGL126W,0,0.90480316,0.3049139082431793,0.7202380895614624,0.16563250124454498
YHR151C,YNL016W,0,0.9041376,0.30478590726852417,0.7202380895614624,0.16573259234428406
YPL141C,YER006W,0,0.9039182,0.3046579957008362,0.7202380895614624,0.16583266854286194
YKL011C,YBR182C,0,0.90377206,0.30453020334243774,0.7202380895614624,0.16593274474143982
YBR180W,YOR378W,0,0.9031457,0.30440253019332886,0.7202380895614624,0.1660328209400177
YNL075W,YKL005C,0,0.90269846,0.30427494645118713,0.7202380895614624,0.16613291203975677
YBR090C-A,YJL038C,0,0.90157014,0.3041474521160126,0.7202380895614624,0.16623298823833466
YLR052W,YDR363W,0,0.90153974,0.30402010679244995,0.7202380895614624,0.16633306443691254
YBR098W,YHR062C,1,0.90147835,0.3043114244937897,0.721230149269104,0.16633306443691254
YHR173C,YLR390W,0,0.9006065,0.30418410897254944,0.721230149269104,0.16643314063549042
YKL155C,YKL143W,0,0.9001856,0.30405688285827637,0.721230149269104,0.1665332317352295
YLR210W,YLR314C,0,0.9000435,0.30392977595329285,0.721230149269104,0.16663330793380737
YOR156C,YKL071W,0,0.8998699,0.3038027584552765,0.721230149269104,0.16673338413238525
YMR285C,YEL003W,0,0.89938027,0.3036758601665497,0.721230149269104,0.16683346033096313
YDL202W,YOL148C,0,0.89790916,0.30354905128479004,0.721230149269104,0.1669335514307022
YOL107W,YIL132C,0,0.897507,0.30342236161231995,0.721230149269104,0.1670336276292801
YAL059W,YNR052C,0,0.89741,0.3032957911491394,0.721230149269104,0.16713370382785797
YPL231W,YOL151W,0,0.89660496,0.303169310092926,0.721230149269104,0.16723378002643585
YDR185C,YPL026C,0,0.8956333,0.3030429482460022,0.721230149269104,0.16733387112617493
YGR187C,YIL079C,0,0.89554924,0.30291667580604553,0.721230149269104,0.1674339473247528
YKL171W,YNR040W,0,0.8950773,0.30279049277305603,0.721230149269104,0.1675340235233307
YOR368W,YJL208C,1,0.8949831,0.3030807673931122,0.7222222089767456,0.1675340235233307
YPR022C,YHR066W,0,0.8949757,0.30295464396476746,0.7222222089767456,0.16763411462306976
YJR002W,YOR349W,0,0.8949061,0.3028286099433899,0.7222222089767456,0.16773419082164764
YLR242C,YLR457C,0,0.8948025,0.3027026951313019,0.7222222089767456,0.16783426702022552
YKL033W-A,YDR248C,0,0.89476365,0.3025768995285034,0.7222222089767456,0.1679343432188034
YNL074C,YMR244W,0,0.8947192,0.3024511933326721,0.7222222089767456,0.16803443431854248
YJR032W,YKR085C,0,0.8946553,0.302325576543808,0.7222222089767456,0.16813451051712036
YNL087W,YKR056W,0,0.89452285,0.3022000789642334,0.7222222089767456,0.16823458671569824
YPL141C,YGL204C,0,0.89447093,0.30207470059394836,0.7222222089767456,0.16833466291427612
YFR036W,YGL095C,0,0.8938549,0.3019494116306305,0.7222222089767456,0.1684347540140152
YBL074C,YBR236C,0,0.8938107,0.3018242120742798,0.7222222089767456,0.16853483021259308
YBR258C,YGL173C,0,0.89367086,0.30169913172721863,0.7222222089767456,0.16863490641117096
YDL209C,YCR058C,0,0.8931403,0.30157414078712463,0.7222222089767456,0.16873498260974884
YBR247C,YNL129W,0,0.8930623,0.3014492690563202,0.7222222089767456,0.16883507370948792
YKL033W-A,YGL181W,0,0.89166075,0.3013245165348053,0.7222222089767456,0.1689351499080658
YPL166W,YMR051C,0,0.89156204,0.3011998236179352,0.7222222089767456,0.16903522610664368
YMR033W,YNR052C,0,0.8910405,0.301075279712677,0.7222222089767456,0.16913530230522156
YBR247C,YFR002W,0,0.8909853,0.3009507954120636,0.7222222089767456,0.16923539340496063
YNL295W,YHL015W,0,0.8908187,0.30082646012306213,0.7222222089767456,0.1693354696035385
YHR043C,YDR338C,0,0.89034647,0.30070218443870544,0.7222222089767456,0.1694355458021164
YFR014C,YNL236W,0,0.8899614,0.3005780279636383,0.7222222089767456,0.16953562200069427
YCL069W,YDR214W,0,0.8893303,0.3004539906978607,0.7222222089767456,0.16963571310043335
YHR089C,YKR090W,0,0.8888208,0.3003300428390503,0.7222222089767456,0.16973578929901123
YKR017C,YBR182C,0,0.88832676,0.30020618438720703,0.7222222089767456,0.1698358654975891
YDR400W,YCR058C,0,0.8882423,0.3000824451446533,0.7222222089767456,0.169935941696167
YLR433C,YMR033W,0,0.88768834,0.2999587953090668,0.7222222089767456,0.17003603279590607
YGR007W,YAL047C,0,0.8869713,0.2998352646827698,0.7222222089767456,0.17013610899448395
YGR091W,YLR005W,0,0.88685346,0.29971182346343994,0.7222222089767456,0.17023618519306183
YGL156W,YJR054W,0,0.88627124,0.29958847165107727,0.7222222089767456,0.1703362762928009
YCL069W,YKR035W-A,0,0.8857405,0.29946523904800415,0.7222222089767456,0.17043635249137878
YOL104C,YKR081C,0,0.88556343,0.2993420958518982,0.7222222089767456,0.17053642868995667
YBR016W,YNL309W,0,0.8855117,0.2992190718650818,0.7222222089767456,0.17063650488853455
YPL163C,YKL033W-A,0,0.8846924,0.29909613728523254,0.7222222089767456,0.17073659598827362
YHR173C,YBR084W,0,0.88461834,0.29897329211235046,0.7222222089767456,0.1708366721868515
YLR211C,YDL247W,0,0.884338,0.29885056614875793,0.7222222089767456,0.17093674838542938
YOR095C,YLR073C,0,0.8832267,0.29872792959213257,0.7222222089767456,0.17103682458400726
YKL200C,YGR170W,0,0.883215,0.29860541224479675,0.7222222089767456,0.17113691568374634
YJL099W,YML112W,0,0.8823275,0.2984829843044281,0.7222222089767456,0.17123699188232422
YOR016C,YPL146C,0,0.88222104,0.2983606457710266,0.7222222089767456,0.1713370680809021
YMR106C,YNL177C,0,0.88174176,0.2982384264469147,0.7222222089767456,0.17143714427947998
YGL010W,YDL049C,0,0.8816219,0.2981162965297699,0.7222222089767456,0.17153723537921906
YLR014C,YDR288W,0,0.88142055,0.2979942560195923,0.7222222089767456,0.17163731157779694
YML056C,YGR122W,0,0.880379,0.2978723347187042,0.7222222089767456,0.17173738777637482
YLR419W,YKL201C,0,0.8803208,0.2977505028247833,0.7222222089767456,0.1718374639749527
YDR037W,YIL165C,0,0.88026917,0.297628790140152,0.7222222089767456,0.17193755507469177
YHR177W,YMR210W,0,0.8797148,0.2975071370601654,0.7222222089767456,0.17203763127326965
YLR160C,YPR175W,0,0.87901723,0.29738563299179077,0.7222222089767456,0.17213770747184753
YPL196W,YMR051C,0,0.8789166,0.2972641885280609,0.7222222089767456,0.17223778367042542
YDL153C,YNR038W,0,0.87875074,0.2971428632736206,0.7222222089767456,0.1723378747701645
YDL085W,YJL113W,0,0.87808037,0.29702162742614746,0.7222222089767456,0.17243795096874237
YJL209W,YIL138C,0,0.87787545,0.2969004809856415,0.7222222089767456,0.17253802716732025
YJL144W,YDL045W-A,0,0.8773998,0.29677945375442505,0.7222222089767456,0.17263810336589813
YNL284C,YMR076C,0,0.8767101,0.2966585159301758,0.7222222089767456,0.1727381944656372
YGR088W,YFL052W,0,0.8758355,0.2965376675128937,0.7222222089767456,0.1728382706642151
YPL160W,YLR017W,0,0.87551194,0.2964169383049011,0.7222222089767456,0.17293834686279297
YCL069W,YOR095C,0,0.87454253,0.29629629850387573,0.7222222089767456,0.17303843796253204
YKR056W,YIL087C,0,0.8733155,0.2961757481098175,0.7222222089767456,0.17313851416110992
YOR358W,YOL069W,0,0.87290365,0.29605531692504883,0.7222222089767456,0.1732385903596878
YMR262W,YMR045C,1,0.8721516,0.2963414490222931,0.7232142686843872,0.1732385903596878
YGL246C,YAL021C,1,0.87203395,0.29662737250328064,0.7242063283920288,0.1732385903596878
YNL282W,YLR154C,1,0.87189835,0.2969130873680115,0.7251983880996704,0.1732385903596878
YPR110C,YCR065W,0,0.87176126,0.29679253697395325,0.7251983880996704,0.17333866655826569
YDR004W,YPL129W,0,0.87151915,0.2966720759868622,0.7251983880996704,0.17343875765800476
YER025W,YHR184W,0,0.8713245,0.29655173420906067,0.7251983880996704,0.17353883385658264
YPL123C,YDR248C,0,0.8712283,0.2964314818382263,0.7251983880996704,0.17363891005516052
YER045C,YJL041W,0,0.8706268,0.29631131887435913,0.7251983880996704,0.1737389862537384
YMR287C,YOR330C,1,0.8706093,0.2965964376926422,0.726190447807312,0.1737389862537384
YOL130W,YLR320W,0,0.8704049,0.2964763045310974,0.726190447807312,0.17383907735347748
YGR252W,YKL120W,0,0.87016374,0.2963562607765198,0.726190447807312,0.17393915355205536
YPL153C,YOL137W,0,0.869324,0.2962363362312317,0.726190447807312,0.17403922975063324
YDR320C,YCR027C,0,0.86919665,0.29611650109291077,0.726190447807312,0.17413930594921112
YLR275W,YLR021W,0,0.86884874,0.295996755361557,0.726190447807312,0.1742393970489502
YML033W,YKL124W,0,0.8685958,0.2958771288394928,0.726190447807312,0.17433947324752808
YJL102W,YKL047W,0,0.8679779,0.29575756192207336,0.726190447807312,0.17443954944610596
YIR026C,YLR452C,0,0.86796194,0.2956381142139435,0.726190447807312,0.17453962564468384
YJR061W,YPR027C,0,0.86754906,0.29551878571510315,0.726190447807312,0.1746397167444229
YHR173C,YHR023W,0,0.8674539,0.2953995168209076,0.726190447807312,0.1747397929430008
YKL071W,YKL210W,0,0.86741585,0.2952803671360016,0.726190447807312,0.17483986914157867
YGL039W,YLR008C,0,0.8671998,0.29516127705574036,0.726190447807312,0.17493994534015656
YLR021W,YAL043C,0,0.86674684,0.29504233598709106,0.726190447807312,0.17504003643989563
YAL029C,YDR489W,0,0.8666895,0.29492345452308655,0.726190447807312,0.1751401126384735
YHR111W,YPL001W,0,0.8666691,0.2948046624660492,0.726190447807312,0.1752401888370514
YJL041W,YBR014C,0,0.8644002,0.2946859896183014,0.726190447807312,0.17534026503562927
YML075C,YLR029C,0,0.8642201,0.29456740617752075,0.726190447807312,0.17544035613536835
YGR184C,YDR338C,0,0.8635757,0.2944489121437073,0.726190447807312,0.17554043233394623
YLR345W,YDR118W,0,0.8629351,0.29433050751686096,0.726190447807312,0.1756405085325241
YDR386W,YGR183C,0,0.8618771,0.2942122220993042,0.726190447807312,0.17574059963226318
YPR102C,YDR485C,0,0.8609917,0.2940940260887146,0.726190447807312,0.17584067583084106
YBR261C,YLL012W,0,0.86090535,0.2939758896827698,0.726190447807312,0.17594075202941895
YOR368W,YKL005C,0,0.8604822,0.2938579022884369,0.726190447807312,0.17604082822799683
YMR234W,YKL113C,1,0.86012244,0.2941412627696991,0.7271825671195984,0.17604082822799683
YPL266W,YML060W,0,0.85910714,0.2940232753753662,0.7271825671195984,0.1761409193277359
YNR040W,YLR452C,0,0.858477,0.2939053773880005,0.7271825671195984,0.17624099552631378
YGL106W,YMR094W,0,0.85757935,0.29378756880760193,0.7271825671195984,0.17634107172489166
YCL074W,YGR030C,1,0.85725784,0.2940705120563507,0.72817462682724,0.17634107172489166
YGR276C,YBL018C,1,0.8561233,0.2943532168865204,0.7291666865348816,0.17634107172489166
YBR126W-A,YPR183W,0,0.85600823,0.29423537850379944,0.7291666865348816,0.17644114792346954
YKL056C,YLR210W,0,0.85519975,0.29411765933036804,0.7291666865348816,0.17654123902320862
YLR403W,YGL254W,0,0.85463965,0.2939999997615814,0.7291666865348816,0.1766413152217865
YGR048W,YPR018W,0,0.854303,0.29388245940208435,0.7291666865348816,0.17674139142036438
YOR236W,YPL129W,0,0.85414165,0.29376497864723206,0.7291666865348816,0.17684146761894226
YDL083C,YDR524C,0,0.85386086,0.2936476171016693,0.7291666865348816,0.17694155871868134
YDR339C,YBL055C,1,0.853838,0.29392972588539124,0.7301587462425232,0.17694155871868134
YLR223C,YLR008C,0,0.8532662,0.2938123643398285,0.7301587462425232,0.17704163491725922
YGL064C,YAL043C,0,0.8529119,0.2936951220035553,0.7301587462425232,0.1771417111158371
YPR097W,YDR235W,0,0.85287666,0.29357796907424927,0.7301587462425232,0.17724178731441498
YIR024C,YPR097W,0,0.8519457,0.2934609353542328,0.7301587462425232,0.17734187841415405
YNR052C,YBR098W,1,0.851572,0.2937425374984741,0.7311508059501648,0.17734187841415405
YOR064C,YOL057W,0,0.8509025,0.29362550377845764,0.7311508059501648,0.17744195461273193
YEL030W,YCR045C,0,0.8508852,0.2935085594654083,0.7311508059501648,0.17754203081130981
YJL200C,YDL116W,0,0.85067403,0.29339173436164856,0.7311508059501648,0.1776421070098877
YER138C,YGL085W,1,0.85054225,0.2936728894710541,0.7321428656578064,0.1776421070098877
YJL035C,YFL009W,0,0.850271,0.2935560941696167,0.7321428656578064,0.17774219810962677
YGR276C,YNL059C,0,0.8493418,0.2934393584728241,0.7321428656578064,0.17784227430820465
YJR073C,YKR017C,0,0.8492397,0.29332274198532104,0.7321428656578064,0.17794235050678253
YKR027W,YGL171W,0,0.8487321,0.29320618510246277,0.7321428656578064,0.1780424267053604
YHR086W,YJL185C,0,0.8485729,0.29308974742889404,0.7321428656578064,0.1781425178050995
YPL007C,YKL006C-A,0,0.8484611,0.2929733991622925,0.7321428656578064,0.17824259400367737
YPL153C,YOR361C,0,0.84835786,0.2928571403026581,0.7321428656578064,0.17834267020225525
YCR002C,YHR122W,0,0.84775835,0.29274097084999084,0.7321428656578064,0.17844276130199432
YCR007C,YLR074C,0,0.84701866,0.29262489080429077,0.7321428656578064,0.1785428375005722
YOR371C,YLR210W,0,0.8469985,0.29250892996788025,0.7321428656578064,0.17864291369915009
YMR321C,YNL107W,0,0.84693545,0.2923930287361145,0.7321428656578064,0.17874298989772797
YER117W,YOR001W,0,0.84661,0.2922772169113159,0.7321428656578064,0.17884308099746704
YNL001W,YAL021C,1,0.845887,0.29255738854408264,0.733134925365448,0.17884308099746704
YDR299W,YGR187C,0,0.8452507,0.29244163632392883,0.733134925365448,0.17894315719604492
YOR315W,YJL035C,0,0.84512705,0.2923259437084198,0.733134925365448,0.1790432333946228
YDL206W,YKL071W,0,0.84428877,0.2922103703022003,0.733134925365448,0.17914330959320068
YEL068C,YPL230W,0,0.8439724,0.2920948565006256,0.733134925365448,0.17924340069293976
YGL171W,YBL106C,0,0.84343094,0.29197946190834045,0.733134925365448,0.17934347689151764
YNL249C,YDL201W,0,0.8434266,0.2918641269207001,0.733134925365448,0.17944355309009552
YMR074C,YPL207W,0,0.8431328,0.29174891114234924,0.733134925365448,0.1795436292886734
YHR062C,YNL221C,1,0.84227264,0.29202842712402344,0.7341269850730896,0.1795436292886734
YNL078W,YDL031W,0,0.8421562,0.2919132113456726,0.7341269850730896,0.17964372038841248
YAR002W,YPR175W,0,0.84211785,0.29179811477661133,0.7341269850730896,0.17974379658699036
YOR172W,YBR247C,0,0.84209234,0.2916830778121948,0.7341269850730896,0.17984387278556824
YDR412W,YCR045C,0,0.8399976,0.29156816005706787,0.7341269850730896,0.17994394898414612
YER071C,YDR314C,0,0.8398599,0.2914533317089081,0.7341269850730896,0.1800440400838852
YGR276C,YBR163W,1,0.8392923,0.2917322814464569,0.7351190447807312,0.1800440400838852
YMR282C,YKL124W,0,0.8388071,0.2916174829006195,0.7351190447807312,0.18014411628246307
YMR069W,YHR117W,0,0.83746773,0.2915027439594269,0.7351190447807312,0.18024419248104095
YMR067C,YMR247C,0,0.83734816,0.2913881242275238,0.7351190447807312,0.18034426867961884
YMR300C,YMR227C,0,0.8369149,0.2912735939025879,0.7351190447807312,0.1804443597793579
YLR403W,YIL138C,0,0.8361042,0.29115912318229675,0.7351190447807312,0.1805444359779358
YNR076W,YPL275W,0,0.83499813,0.29104477167129517,0.7351190447807312,0.18064451217651367
YDR073W,YDR110W,0,0.8345634,0.29093050956726074,0.7351190447807312,0.18074458837509155
YJR067C,YKL200C,0,0.83380353,0.2908163368701935,0.7351190447807312,0.18084467947483063
YDR064W,YGL010W,0,0.83296317,0.290702223777771,0.7351190447807312,0.1809447556734085
YJR017C,YJR006W,0,0.8326365,0.29058822989463806,0.7351190447807312,0.1810448318719864
YML011C,YGR272C,0,0.83252853,0.2904743254184723,0.7351190447807312,0.18114492297172546
YOL051W,YLL011W,0,0.83251363,0.2903605103492737,0.7351190447807312,0.18124499917030334
YLR356W,YLR214W,0,0.8323526,0.29024675488471985,0.7351190447807312,0.18134507536888123
YNL281W,YOL163W,0,0.83074236,0.29013311862945557,0.7351190447807312,0.1814451515674591
YER052C,YPL121C,0,0.8303874,0.29001957178115845,0.7351190447807312,0.18154524266719818
YOR261C,YGR081C,0,0.8292553,0.2899061143398285,0.7351190447807312,0.18164531886577606
YBR246W,YIR035C,0,0.82916665,0.2897927165031433,0.7351190447807312,0.18174539506435394
YDR004W,YNL236W,0,0.82912403,0.2896794378757477,0.7351190447807312,0.18184547126293182
YNL230C,YPL012W,0,0.82839006,0.2895662486553192,0.7351190447807312,0.1819455623626709
YIR024C,YKL124W,0,0.82838225,0.2894531190395355,0.7351190447807312,0.18204563856124878
YER111C,YOR295W,0,0.8276042,0.2893401086330414,0.7351190447807312,0.18214571475982666
YGR123C,YML003W,0,0.8270289,0.289227157831192,0.7351190447807312,0.18224579095840454
YIR023W,YHR081W,0,0.82669693,0.2891143262386322,0.7351190447807312,0.18234588205814362
YEL068C,YDL031W,0,0.82655793,0.28900155425071716,0.7351190447807312,0.1824459582567215
YML033W,YMR227C,0,0.8256422,0.2888889014720917,0.7351190447807312,0.18254603445529938
YIL168W,YBR287W,0,0.8256058,0.28877630829811096,0.7351190447807312,0.18264611065387726
YIL109C,YPR022C,0,0.82527024,0.2886638045310974,0.7351190447807312,0.18274620175361633
YGR029W,YGL145W,0,0.8250539,0.288551390171051,0.7351190447807312,0.1828462779521942
YOR315W,YMR277W,0,0.82483304,0.2884390950202942,0.7351190447807312,0.1829463541507721
YOR315W,YDL031W,0,0.823523,0.28832685947418213,0.7351190447807312,0.18304643034934998
YLR019W,YNL021W,0,0.822512,0.28821471333503723,0.7351190447807312,0.18314652144908905
YJR061W,YIL126W,0,0.82201093,0.2881026566028595,0.7351190447807312,0.18324659764766693
YMR285C,YCL075W,1,0.82198447,0.2883793115615845,0.7361111044883728,0.18324659764766693
YJL041W,YDL056W,0,0.82171816,0.2882672846317291,0.7361111044883728,0.1833466738462448
YDR210W,YLL035W,0,0.82149714,0.28815534710884094,0.7361111044883728,0.1834467500448227
YOL130W,YMR094W,0,0.82135606,0.28804346919059753,0.7361111044883728,0.18354684114456177
YDR038C,YCL069W,0,0.8200337,0.2879317104816437,0.7361111044883728,0.18364691734313965
YGR276C,YNL129W,0,0.8198766,0.2878200113773346,0.7361111044883728,0.18374699354171753
YHR074W,YPR027C,0,0.8195767,0.2877084016799927,0.7361111044883728,0.1838470846414566
YLR345W,YPR183W,0,0.81889755,0.2875969111919403,0.7361111044883728,0.18394716084003448
YOR279C,YKL047W,0,0.81873554,0.2874854803085327,0.7361111044883728,0.18404723703861237
YEL030W,YDR248C,0,0.818454,0.2873741388320923,0.7361111044883728,0.18414731323719025
YOR234C,YLR318W,0,0.8182611,0.287262886762619,0.7361111044883728,0.18424740433692932
YER176W,YKL154W,0,0.8181459,0.2871516942977905,0.7361111044883728,0.1843474805355072
YOR261C,YLR014C,0,0.81765,0.2870406210422516,0.7361111044883728,0.18444755673408508
YER111C,YML068W,0,0.81633025,0.2869296073913574,0.7361111044883728,0.18454763293266296
YLR174W,YMR244W,0,0.8158545,0.2868187129497528,0.7361111044883728,0.18464772403240204
YMR059W,YMR024W,1,0.8157285,0.2870942950248718,0.7371031641960144,0.18464772403240204
YPL266W,YBL019W,0,0.81484455,0.2869834005832672,0.7371031641960144,0.18474780023097992
YML039W,YLR132C,1,0.81438833,0.28725868463516235,0.738095223903656,0.18474780023097992
YPR135W,YHR173C,0,0.8141667,0.2871478199958801,0.738095223903656,0.1848478764295578
YLR119W,YLR164W,0,0.8134996,0.28703704476356506,0.738095223903656,0.18494795262813568
YPL161C,YNL075W,0,0.8130691,0.2869263291358948,0.738095223903656,0.18504804372787476
YHR039C-A,YNL046W,0,0.81213593,0.28681573271751404,0.738095223903656,0.18514811992645264
YMR010W,YPL271W,0,0.8120194,0.2867051959037781,0.738095223903656,0.18524819612503052
YML023C,YLR197W,0,0.81197196,0.2865947484970093,0.738095223903656,0.1853482723236084
YNL273W,YBL030C,0,0.8107157,0.28648439049720764,0.738095223903656,0.18544836342334747
YHR122W,YHR158C,0,0.80958897,0.28637412190437317,0.738095223903656,0.18554843962192535
YML112W,YPL026C,0,0.80905026,0.28626394271850586,0.738095223903656,0.18564851582050323
YOL130W,YML003W,0,0.80900866,0.2861538529396057,0.738095223903656,0.18574859201908112
YDL036C,YBL039C,0,0.8087773,0.28604382276535034,0.738095223903656,0.1858486831188202
YDR090C,YKL211C,0,0.80854845,0.2859339118003845,0.738095223903656,0.18594875931739807
YOR151C,YMR087W,0,0.8083369,0.2858240604400635,0.738095223903656,0.18604883551597595
YJL209W,YDL117W,0,0.8082103,0.2857142984867096,0.738095223903656,0.18614891171455383
YMR308C,YPR027C,0,0.80816233,0.2856045961380005,0.738095223903656,0.1862490028142929
YOR151C,YHL002W,0,0.80741626,0.28549501299858093,0.738095223903656,0.1863490790128708
YML121W,YPL269W,0,0.8068425,0.28538548946380615,0.738095223903656,0.18644915521144867
YFR045W,YJL038C,0,0.8065436,0.2852760851383209,0.738095223903656,0.18654924631118774
YOL104C,YBR013C,0,0.80570525,0.28516674041748047,0.738095223903656,0.18664932250976562
YGR102C,YJR097W,0,0.80490726,0.2850574851036072,0.738095223903656,0.1867493987083435
YMR124W,YCL031C,0,0.8043178,0.28494828939437866,0.738095223903656,0.1868494749069214
YIR013C,YGR184C,0,0.80423635,0.2848392128944397,0.738095223903656,0.18694956600666046
YMR244W,YPR002W,0,0.8041071,0.2847301959991455,0.738095223903656,0.18704964220523834
YMR285C,YJL113W,1,0.8038008,0.28500381112098694,0.7390872836112976,0.18704964220523834
YML068W,YGR140W,0,0.8033746,0.28489482402801514,0.7390872836112976,0.18714971840381622
YLR328W,YMR069W,0,0.8032362,0.2847859263420105,0.7390872836112976,0.1872497946023941
YNL021W,YJL192C,0,0.8026442,0.284677118062973,0.7390872836112976,0.18734988570213318
YOR368W,YKL154W,0,0.8020767,0.2845683693885803,0.7390872836112976,0.18744996190071106
YPR157W,YFR030W,0,0.80197453,0.2844597101211548,0.7390872836112976,0.18755003809928894
YCR007C,YGR191W,0,0.80162615,0.2843511402606964,0.7390872836112976,0.18765011429786682
YGR252W,YIL087C,0,0.80136114,0.2842426598072052,0.7390872836112976,0.1877502053976059
YGR203W,YCR023C,0,0.80102867,0.28413423895835876,0.7390872836112976,0.18785028159618378
YHR082C,YER118C,0,0.8002476,0.2840259373188019,0.7390872836112976,0.18795035779476166
YKL200C,YLR079W,0,0.8002004,0.28391769528388977,0.7390872836112976,0.18805043399333954
YCL067C,YGR100W,0,0.80009925,0.28380951285362244,0.7390872836112976,0.1881505250930786
YLL012W,YHL015W,0,0.79995006,0.28370144963264465,0.7390872836112976,0.1882506012916565
YGR102C,YNL286W,0,0.7995228,0.28359344601631165,0.7390872836112976,0.18835067749023438
YML076C,YOR201C,0,0.7990301,0.2834855318069458,0.7390872836112976,0.18845075368881226
YOR005C,YAR066W,0,0.7954895,0.2833777070045471,0.7390872836112976,0.18855084478855133
YIL035C,YML077W,0,0.7954853,0.2832699716091156,0.7390872836112976,0.1886509209871292
YMR157C,YPR115W,0,0.79514235,0.28316229581832886,0.7390872836112976,0.1887509971857071
YLR224W,YJR101W,0,0.7951412,0.2830547094345093,0.7390872836112976,0.18885108828544617
YER183C,YJL102W,0,0.7944527,0.28294721245765686,0.7390872836112976,0.18895116448402405
YPR157W,YJL196C,0,0.79444516,0.2828397750854492,0.7390872836112976,0.18905124068260193
YNR052C,YDR121W,1,0.79416585,0.28311195969581604,0.7400793433189392,0.18905124068260193
YBR071W,YPL275W,0,0.7939942,0.2830045521259308,0.7400793433189392,0.1891513168811798
YHR214W,YMR292W,0,0.7937631,0.2828972339630127,0.7400793433189392,0.18925140798091888
YEL068C,YGR058W,0,0.7936813,0.28279000520706177,0.7400793433189392,0.18935148417949677
YLR008C,YBR246W,0,0.793591,0.2826828360557556,0.7400793433189392,0.18945156037807465
YBR167C,YNL054W-B,1,0.7925052,0.28295454382896423,0.7410714030265808,0.18945156037807465
YDR164C,YOL112W,0,0.7922844,0.28284740447998047,0.7410714030265808,0.18955163657665253
YDR484W,YBR258C,0,0.792159,0.28274035453796387,0.7410714030265808,0.1896517276763916
YOR234C,YKL200C,0,0.7920632,0.28263336420059204,0.7410714030265808,0.18975180387496948
YOR368W,YKL195W,0,0.7919522,0.2825264632701874,0.7410714030265808,0.18985188007354736
YMR209C,YNR027W,0,0.7913778,0.2824196517467499,0.7410714030265808,0.18995195627212524
YKL033W,YHR001W,0,0.7911692,0.28231292963027954,0.7410714030265808,0.19005204737186432
YDR342C,YNL194C,0,0.7902326,0.282206267118454,0.7410714030265808,0.1901521235704422
YGR102C,YNL075W,0,0.7900899,0.2820996940135956,0.7410714030265808,0.19025219976902008
YDL031W,YPL121C,0,0.7884485,0.28199321031570435,0.7410714030265808,0.19035227596759796
YBR156C,YDL167C,0,0.7883156,0.2818867862224579,0.7410714030265808,0.19045236706733704
YDL246C,YIL036W,0,0.7879505,0.2817804515361786,0.7410714030265808,0.19055244326591492
YBR162W-A,YDR489W,0,0.787424,0.28167420625686646,0.7410714030265808,0.1906525194644928
YPR201W,YGR100W,0,0.78725266,0.2815680503845215,0.7410714030265808,0.19075259566307068
YJL087C,YCR026C,1,0.7870591,0.2818387448787689,0.7420634627342224,0.19075259566307068
YFR031C,YPR137W,0,0.7870254,0.28173258900642395,0.7420634627342224,0.19085268676280975
YDR339C,YBR278W,1,0.78681904,0.2820030152797699,0.7430555820465088,0.19085268676280975
YOL163W,YLR176C,0,0.7864869,0.2818968892097473,0.7430555820465088,0.19095276296138763
YMR234W,YKL149C,1,0.7860109,0.2821670472621918,0.7440476417541504,0.19095276296138763
YDR392W,YJL038C,0,0.78596014,0.2820609211921692,0.7440476417541504,0.19105283915996552
YBR062C,YDR523C,0,0.785863,0.28195488452911377,0.7440476417541504,0.1911529153585434
YHR178W,YKL071W,0,0.78550726,0.2818489372730255,0.7440476417541504,0.19125300645828247
YNL309W,YDR288W,0,0.7850891,0.28174304962158203,0.7440476417541504,0.19135308265686035
YOR315W,YKL143W,0,0.78367704,0.2816372513771057,0.7440476417541504,0.19145315885543823
YPL155C,YHR039C-A,0,0.7834427,0.28153154253959656,0.7440476417541504,0.1915532499551773
YKR051W,YDL171C,0,0.7829251,0.2814258933067322,0.7440476417541504,0.1916533261537552
YER078C,YLR318W,0,0.78275466,0.28132033348083496,0.7440476417541504,0.19175340235233307
YML076C,YDR235W,0,0.7826449,0.2812148332595825,0.7440476417541504,0.19185347855091095
YBL074C,YPL022W,0,0.78261954,0.28110945224761963,0.7440476417541504,0.19195356965065002
YJR061W,YPR009W,0,0.7824119,0.2810041308403015,0.7440476417541504,0.1920536458492279
YGR251W,YNL219C,0,0.78138596,0.2808988690376282,0.7440476417541504,0.1921537220478058
YDR037W,YEL018W,0,0.78102577,0.280793696641922,0.7440476417541504,0.19225379824638367
YBR258C,YDR041W,0,0.78035325,0.280688613653183,0.7440476417541504,0.19235388934612274
YER007W,YMR277W,0,0.7803477,0.28058362007141113,0.7440476417541504,0.19245396554470062
YGR277C,YGR140W,0,0.7797557,0.28047868609428406,0.7440476417541504,0.1925540417432785
YCL067C,YEL015W,0,0.778891,0.28037384152412415,0.7440476417541504,0.19265411794185638
YMR051C,YKL211C,0,0.7783555,0.280269056558609,0.7440476417541504,0.19275420904159546
YBR094W,YGR099W,0,0.7777917,0.28016436100006104,0.7440476417541504,0.19285428524017334
YEL040W,YGR168C,0,0.77761614,0.2800597548484802,0.7440476417541504,0.19295436143875122
YKL154W,YDR421W,0,0.7767672,0.2799552083015442,0.7440476417541504,0.1930544376373291
YNL010W,YFR015C,0,0.77675587,0.2798507511615753,0.7440476417541504,0.19315452873706818
YPL097W,YMR179W,0,0.7764484,0.2797463536262512,0.7440476417541504,0.19325460493564606
YNR052C,YBR257W,1,0.7763033,0.28001490235328674,0.745039701461792,0.19325460493564606
YJL046W,YPR017C,0,0.7756542,0.27991053462028503,0.745039701461792,0.19335468113422394
YKR051W,YLR314C,0,0.7755037,0.2798062562942505,0.745039701461792,0.19345475733280182
YBR247C,YOR278W,0,0.7752529,0.2797020375728607,0.745039701461792,0.1935548484325409
YMR321C,YDR298C,0,0.77503586,0.2795979082584381,0.745039701461792,0.19365492463111877
YNL092W,YHR001W,0,0.7750053,0.27949386835098267,0.745039701461792,0.19375500082969666
YKR099W,YER098W,0,0.7745696,0.279389888048172,0.745039701461792,0.19385507702827454
YHR023W,YNR049C,0,0.7743775,0.2792859673500061,0.745039701461792,0.1939551681280136
YIR013C,YCL074W,0,0.7743511,0.27918216586112976,0.745039701461792,0.1940552443265915
YOL011W,YLR419W,0,0.77431566,0.2790784239768982,0.745039701461792,0.19415532052516937
YDR228C,YJL162C,0,0.77339786,0.2789747416973114,0.745039701461792,0.19425541162490845
YGR102C,YGL115W,0,0.77334434,0.2788711488246918,0.745039701461792,0.19435548782348633
YGR277C,YIL009W,0,0.7728469,0.2787676453590393,0.745039701461792,0.1944555640220642
YDR248C,YGL077C,0,0.77268535,0.2786642014980316,0.745039701461792,0.1945556402206421
YDL031W,YBL019W,0,0.772334,0.2785608172416687,0.745039701461792,0.19465573132038116
YOR064C,YNL300W,0,0.7714926,0.27845755219459534,0.745039701461792,0.19475580751895905
YCL067C,YGL077C,0,0.7710972,0.27835434675216675,0.745039701461792,0.19485588371753693
YER183C,YNR038W,0,0.7709319,0.27825120091438293,0.745039701461792,0.1949559599161148
YLR105C,YKR079C,1,0.77068573,0.27851852774620056,0.7460317611694336,0.1949559599161148
YLR419W,YAL047C,0,0.77050614,0.27841541171073914,0.7460317611694336,0.19505605101585388
YPR016C,YEL003W,0,0.7700173,0.2783123552799225,0.7460317611694336,0.19515612721443176
YBR278W,YLR135W,1,0.7696957,0.27857935428619385,0.7470238208770752,0.19515612721443176
YMR262W,YJL185C,0,0.76959366,0.2784763276576996,0.7470238208770752,0.19525620341300964
YLR253W,YLR074C,0,0.76955396,0.2783733904361725,0.7470238208770752,0.19535627961158752
YJL198W,YBL014C,0,0.76940095,0.27827051281929016,0.7470238208770752,0.1954563707113266
YDR147W,YBL061C,0,0.7690168,0.278167724609375,0.7470238208770752,0.19555644690990448
YLR425W,YDR267C,0,0.76871127,0.2780649960041046,0.7470238208770752,0.19565652310848236
YCR007C,YNL021W,0,0.7679703,0.2779623568058014,0.7470238208770752,0.19575659930706024
YDR539W,YCL074W,0,0.767874,0.27785977721214294,0.7470238208770752,0.19585669040679932
YGR187C,YDR295C,0,0.7677662,0.27775728702545166,0.7470238208770752,0.1959567666053772
YPR017C,YOR201C,0,0.76759076,0.27765485644340515,0.7470238208770752,0.19605684280395508
YJR136C,YOR295W,0,0.7664663,0.2775525152683258,0.7470238208770752,0.19615691900253296
YGL039W,YGL192W,0,0.76610875,0.2774502635002136,0.7470238208770752,0.19625701010227203
YDR016C,YLR385C,0,0.76564914,0.2773480713367462,0.7470238208770752,0.19635708630084991
YJR041C,YEL004W,0,0.7653973,0.2772459387779236,0.7470238208770752,0.1964571624994278
YDR004W,YNL177C,0,0.76496595,0.2771438956260681,0.7470238208770752,0.19655723869800568
YOR001W,YJL113W,1,0.7648987,0.2774098515510559,0.7480158805847168,0.19655723869800568
YPR110C,YNR027W,0,0.76416487,0.2773078382015228,0.7480158805847168,0.19665732979774475
YLR404W,YGR168C,0,0.76411885,0.2772058844566345,0.7480158805847168,0.19675740599632263
YFL011W,YOR016C,0,0.7640541,0.2771040201187134,0.7480158805847168,0.1968574821949005
YPR056W,YKL135C,0,0.76383096,0.277002215385437,0.7480158805847168,0.1969575732946396
YHR173C,YDR044W,0,0.7635403,0.2769004702568054,0.7480158805847168,0.19705764949321747
YLR017W,YOR372C,0,0.7630003,0.276798814535141,0.7480158805847168,0.19715772569179535
YER138C,YDR412W,1,0.7629388,0.2770642340183258,0.7490079402923584,0.19715772569179535
YBR180W,YHR005C,0,0.76253706,0.2769625782966614,0.7490079402923584,0.19725780189037323
YKR099W,YGL115W,0,0.7622962,0.2768610119819641,0.7490079402923584,0.1973578929901123
YCR048W,YGR168C,0,0.7621588,0.276759535074234,0.7490079402923584,0.19745796918869019
YPL041C,YDR338C,0,0.7619286,0.2766581177711487,0.7490079402923584,0.19755804538726807
YER138C,YDL185W,1,0.76182365,0.2769230902194977,0.75,0.19755804538726807
YOL094C,YFL017C,0,0.7618039,0.27682167291641235,0.75,0.19765812158584595
YBR264C,YLR253W,0,0.76157665,0.2767203450202942,0.75,0.19775821268558502
YMR106C,YPL199C,0,0.7615131,0.2766191065311432,0.75,0.1978582888841629
YEL061C,YAL043C,0,0.76133436,0.27651792764663696,0.75,0.19795836508274078
YGR245C,YGR122W,0,0.7612069,0.2764168083667755,0.75,0.19805844128131866
YKL200C,YPR017C,0,0.76112694,0.2763157784938812,0.75,0.19815853238105774
YNL166C,YDR407C,0,0.7610881,0.2762148380279541,0.75,0.19825860857963562
YMR209C,YNL188W,0,0.7607452,0.27611395716667175,0.75,0.1983586847782135
YBR227C,YIL138C,0,0.7606274,0.2760131359100342,0.75,0.19845876097679138
YDL051W,YPR017C,0,0.7602039,0.27591240406036377,0.75,0.19855885207653046
YHR177W,YGL005C,0,0.75997096,0.2758117616176605,0.75,0.19865892827510834
YLR312C-B,YIL111W,0,0.7593489,0.27571114897727966,0.75,0.19875900447368622
YMR300C,YKL135C,0,0.75851446,0.27561065554618835,0.75,0.1988590806722641
YKR069W,YHR214W,0,0.75849813,0.27551019191741943,0.75,0.19895917177200317
YGR074W,YNL149C,0,0.7579921,0.27540984749794006,0.75,0.19905924797058105
YML038C,YDR495C,0,0.7574268,0.2753095328807831,0.75,0.19915932416915894
YLL041C,YNL122C,0,0.7570402,0.27520930767059326,0.75,0.19925940036773682
YER007W,YLR404W,0,0.75639004,0.2751091718673706,0.75,0.1993594914674759
YDR109C,YDR312W,0,0.75638777,0.2750090956687927,0.75,0.19945956766605377
YHR150W,YLR319C,0,0.756195,0.2749090790748596,0.75,0.19955964386463165
YJR027W,YAL034W-A,0,0.7552667,0.2748091518878937,0.75,0.19965973496437073
YHR122W,YDL209C,0,0.7549878,0.2747093141078949,0.75,0.1997598111629486
YLR276C,YGR262C,0,0.75388134,0.2746095061302185,0.75,0.1998598873615265
YLR059C,YHR214C-B,1,0.75338393,0.27487289905548096,0.7509920597076416,0.1998598873615265
YKL014C,YJR006W,0,0.75330836,0.27477315068244934,0.7509920597076416,0.19995996356010437
YIL132C,YMR214W,0,0.75292116,0.2746734321117401,0.7509920597076416,0.20006005465984344
YJR091C,YHR100C,0,0.7529021,0.27457380294799805,0.7509920597076416,0.20016013085842133
YDR096W,YNL122C,0,0.75272435,0.27447426319122314,0.7509920597076416,0.2002602070569992
YOR371C,YLR021W,0,0.75265807,0.274374783039093,0.7509920597076416,0.2003602832555771
YOR274W,YDR407C,0,0.75262207,0.27427536249160767,0.7509920597076416,0.20046037435531616
YMR087W,YPL012W,0,0.7517893,0.2741760313510895,0.7509920597076416,0.20056045055389404
YDR118W,YMR094W,0,0.75108385,0.27407675981521606,0.7509920597076416,0.20066052675247192
YLR133W,YGL005C,0,0.7509773,0.2739775478839874,0.7509920597076416,0.2007606029510498
YEL061C,YLR176C,0,0.750928,0.27387842535972595,0.7509920597076416,0.20086069405078888
YGR251W,YDR524C,0,0.7507368,0.27377939224243164,0.7509920597076416,0.20096077024936676
YMR106C,YOR026W,0,0.75025725,0.2736804187297821,0.7509920597076416,0.20106084644794464
YIL044C,YGL092W,0,0.74985886,0.27358150482177734,0.7509920597076416,0.20116092264652252
YKL133C,YLL011W,0,0.7494522,0.27348265051841736,0.7509920597076416,0.2012610137462616
YLL054C,YKL052C,0,0.7493357,0.27338388562202454,0.7509920597076416,0.20136108994483948
YBR094W,YDL077C,0,0.74836355,0.2732852101325989,0.7509920597076416,0.20146116614341736
YOL163W,YER117W,0,0.7478972,0.2731865644454956,0.7509920597076416,0.20156124234199524
YDR432W,YEL020C,0,0.74780387,0.2730880379676819,0.7509920597076416,0.20166133344173431
YLL003W,YMR293C,0,0.7477601,0.27298954129219055,0.7509920597076416,0.2017614096403122
YER006W,YCL031C,0,0.7470533,0.2728911340236664,0.7509920597076416,0.20186148583889008
YIL109C,YGR102C,0,0.74704766,0.272792786359787,0.7509920597076416,0.20196156203746796
YER071C,YPR097W,0,0.74684125,0.27269452810287476,0.7509920597076416,0.20206165313720703
YOR359W,YMR259C,0,0.74671215,0.2725963294506073,0.7509920597076416,0.2021617293357849
YMR300C,YNL072W,0,0.7467062,0.2724981904029846,0.7509920597076416,0.2022618055343628
YDR386W,YBL018C,1,0.74561185,0.27275997400283813,0.7519841194152832,0.2022618055343628
YPL160W,YPR173C,0,0.7456015,0.27266186475753784,0.7519841194152832,0.20236189663410187
YLR253W,YMR046C,0,0.7450139,0.2725638151168823,0.7519841194152832,0.20246197283267975
YIL126W,YKR007W,0,0.74488395,0.27246585488319397,0.7519841194152832,0.20256204903125763
YOL067C,YNL286W,0,0.74397373,0.2723679542541504,0.7519841194152832,0.2026621252298355
YDR282C,YKR025W,0,0.7438944,0.2722701132297516,0.7519841194152832,0.20276221632957458
YKR081C,YDL036C,0,0.7437164,0.27217236161231995,0.7519841194152832,0.20286229252815247
YPR080W,YOL137W,0,0.7437076,0.2720746695995331,0.7519841194152832,0.20296236872673035
YGR152C,YKL057C,0,0.74353343,0.271977037191391,0.7519841194152832,0.20306244492530823
YDR266C,YDR501W,0,0.7423485,0.27187949419021606,0.7519841194152832,0.2031625360250473
YLL036C,YDL225W,0,0.7419892,0.2717820107936859,0.7519841194152832,0.20326261222362518
YJR054W,YOR212W,0,0.74143153,0.27168458700180054,0.7519841194152832,0.20336268842220306
YDR091C,YOR279C,0,0.7414307,0.2715872526168823,0.7519841194152832,0.20346276462078094
YKR081C,YDL056W,0,0.7408634,0.2714899778366089,0.7519841194152832,0.20356285572052002
YFR045W,YPR089W,0,0.7407873,0.2713927626609802,0.7519841194152832,0.2036629319190979
YGR133W,YJL185C,0,0.7374595,0.2712956368923187,0.7519841194152832,0.20376300811767578
YNR020C,YJR124C,0,0.73741084,0.271198570728302,0.7519841194152832,0.20386308431625366
YBR201W,YCL063W,0,0.7373584,0.27110156416893005,0.7519841194152832,0.20396317541599274
YOR124C,YFL020C,0,0.7373391,0.27100464701652527,0.7519841194152832,0.20406325161457062
YHR005C,YMR232W,0,0.7373138,0.27090778946876526,0.7519841194152832,0.2041633278131485
YNL249C,YJL189W,0,0.7364823,0.27081099152565,0.7519841194152832,0.20426340401172638
YMR010W,YGR183C,0,0.7360509,0.27071428298950195,0.7519841194152832,0.20436349511146545
YEL068C,YBR126C,0,0.7355691,0.27061763405799866,0.7519841194152832,0.20446357131004333
YPR137W,YJL076W,0,0.7351724,0.27052104473114014,0.7519841194152832,0.20456364750862122
YKL090W,YMR059W,1,0.735064,0.2707813084125519,0.7529761791229248,0.20456364750862122
YBR090C-A,YNL067W,0,0.7342753,0.27068474888801575,0.7529761791229248,0.2046637237071991
YLR337C,YOL057W,0,0.7342237,0.2705882489681244,0.7529761791229248,0.20476381480693817
YLR403W,YPR173C,0,0.7334783,0.2704918086528778,0.7529761791229248,0.20486389100551605
YIL138C,YEL003W,0,0.7333699,0.270395427942276,0.7529761791229248,0.20496396720409393
YDR506C,YOR189W,0,0.73285013,0.27029913663864136,0.7529761791229248,0.205064058303833
YJL144W,YHR010W,0,0.73162687,0.2702029049396515,0.7529761791229248,0.2051641345024109
YDR363W,YNL090W,0,0.73151034,0.2701067626476288,0.7529761791229248,0.20526421070098877
YEL061C,YJL113W,0,0.7314507,0.27001067996025085,0.7529761791229248,0.20536428689956665
YNR027W,YLR210W,0,0.72987914,0.2699146568775177,0.7529761791229248,0.20546437799930573
YDR540C,YDR315C,0,0.7295317,0.2698186933994293,0.7529761791229248,0.2055644541978836
YFL052W,YJL146W,0,0.7293005,0.2697228193283081,0.7529761791229248,0.2056645303964615
YAL033W,YPL029W,1,0.72896653,0.269982248544693,0.7539682388305664,0.2056645303964615
YNL027W,YOR133W,0,0.7288229,0.2698863744735718,0.7539682388305664,0.20576460659503937
YMR104C,YJL113W,0,0.7287751,0.26979056000709534,0.7539682388305664,0.20586469769477844
YMR119W,YKL071W,0,0.7285012,0.26969480514526367,0.7539682388305664,0.20596477389335632
YDR002W,YPL012W,0,0.7283192,0.26959913969039917,0.7539682388305664,0.2060648500919342
YHR122W,YEL068C,0,0.728285,0.26950353384017944,0.7539682388305664,0.20616492629051208
YLR145W,YBR100W,0,0.72820204,0.2694080173969269,0.7539682388305664,0.20626501739025116
YNL270C,YLR303W,0,0.72813773,0.2693125307559967,0.7539682388305664,0.20636509358882904
YNL059C,YDR532C,0,0.7279629,0.2692171335220337,0.7539682388305664,0.20646516978740692
YGR277C,YGR091W,0,0.7277388,0.26912182569503784,0.7539682388305664,0.2065652459859848
YPL041C,YOR133W,0,0.72756505,0.2690265476703644,0.7539682388305664,0.20666533708572388
YHR010W,YJL113W,0,0.72739017,0.2689313590526581,0.7539682388305664,0.20676541328430176
YGR040W,YPL052W,0,0.7273882,0.26883623003959656,0.7539682388305664,0.20686548948287964
YLL036C,YDR506C,0,0.7270362,0.2687411606311798,0.7539682388305664,0.20696556568145752
YKL187C,YOR363C,0,0.72673434,0.26864615082740784,0.7539682388305664,0.2070656567811966
YNL242W,YNR020C,0,0.72670656,0.268551230430603,0.7539682388305664,0.20716573297977448
YKR017C,YMR294W,0,0.7265824,0.268456369638443,0.7539682388305664,0.20726580917835236
YIL016W,YFL052W,0,0.7262966,0.26836156845092773,0.7539682388305664,0.20736588537693024
YIL095W,YFL017C,0,0.7261755,0.26826685667037964,0.7539682388305664,0.2074659764766693
YGR088W,YMR259C,0,0.72581357,0.2681722044944763,0.7539682388305664,0.2075660526752472
YOR369C,YDR312W,0,0.72530496,0.2680776119232178,0.7539682388305664,0.20766612887382507
YEL040W,YOR133W,0,0.7253037,0.267983078956604,0.7539682388305664,0.20776621997356415
YPR018W,YNL258C,0,0.72508526,0.267888605594635,0.7539682388305664,0.20786629617214203
YOL008W,YDR377W,0,0.72507143,0.2677942216396332,0.7539682388305664,0.2079663723707199
YBR167C,YLR227W-B,1,0.7250116,0.2680521309375763,0.754960298538208,0.2079663723707199
YOR020C,YBL014C,0,0.7249535,0.26795774698257446,0.754960298538208,0.2080664485692978
YPL112C,YJL018W,0,0.7248562,0.2678634226322174,0.754960298538208,0.20816653966903687
YDL167C,YLR381W,0,0.72465163,0.2677691876888275,0.754960298538208,0.20826661586761475
YKR044W,YML077W,0,0.7244467,0.26767498254776,0.754960298538208,0.20836669206619263
YJR002W,YKL004W,0,0.7242214,0.26758086681365967,0.754960298538208,0.2084667682647705
YML081W,YFR015C,0,0.72340155,0.2674868106842041,0.754960298538208,0.20856685936450958
YPR137W,YGR026W,0,0.7233048,0.2673928439617157,0.754960298538208,0.20866693556308746
YDL117W,YJL185C,0,0.72266835,0.2672989070415497,0.754960298538208,0.20876701176166534
YMR285C,YOL062C,0,0.7221435,0.26720505952835083,0.754960298538208,0.20886708796024323
YOR315W,YKR001C,0,0.72185844,0.26711127161979675,0.754960298538208,0.2089671790599823
YLR099C,YNL092W,0,0.7216987,0.26701754331588745,0.754960298538208,0.20906725525856018
YDR266C,YKL006C-A,0,0.72119695,0.2669238746166229,0.754960298538208,0.20916733145713806
YFL052W,YBL002W,0,0.7211882,0.26683029532432556,0.754960298538208,0.20926740765571594
YNL273W,YAL002W,0,0.7210669,0.266736775636673,0.754960298538208,0.20936749875545502
YKL095W,YGR168C,0,0.72097504,0.26664331555366516,0.754960298538208,0.2094675749540329
YBL084C,YIL095W,0,0.71932244,0.2665499150753021,0.754960298538208,0.20956765115261078
YNL284C,YDR030C,0,0.719319,0.26645657420158386,0.754960298538208,0.20966772735118866
YCL075W,YDR121W,1,0.7184431,0.26671332120895386,0.7559523582458496,0.20966772735118866
YKL187C,YBR214W,0,0.71781784,0.266620010137558,0.7559523582458496,0.20976781845092773
YLR119W,YBR002C,0,0.7173082,0.2665267586708069,0.7559523582458496,0.20986789464950562
YJR027W,YKL149C,1,0.7170962,0.266783207654953,0.7569444179534912,0.20986789464950562
YDR390C,YBR192W,0,0.7166814,0.2666899561882019,0.7569444179534912,0.2099679708480835
YGR140W,YJL103C,0,0.71621996,0.26659679412841797,0.7569444179534912,0.21006804704666138
YPR139C,YER172C,0,0.71582633,0.2665036618709564,0.7569444179534912,0.21016813814640045
YLL061W,YPL041C,0,0.715779,0.26641061902046204,0.7569444179534912,0.21026821434497833
YDL150W,YDR202C,0,0.7157169,0.2663176357746124,0.7569444179534912,0.2103682905435562
YMR302C,YHR058C,0,0.715458,0.2662247121334076,0.7569444179534912,0.2104683816432953
YJL209W,YPL129W,0,0.71514696,0.26613184809684753,0.7569444179534912,0.21056845784187317
YKL004W,YDL017W,0,0.7150735,0.26603904366493225,0.7569444179534912,0.21066853404045105
YLR457C,YNL084C,0,0.71490216,0.26594632863998413,0.7569444179534912,0.21076861023902893
YBR258C,YBL106C,0,0.71373844,0.2658536732196808,0.7569444179534912,0.210868701338768
YPL083C,YLR154C,1,0.7129109,0.2661093771457672,0.7579365372657776,0.210868701338768
YPR080W,YCR045C,0,0.71285105,0.26601672172546387,0.7579365372657776,0.2109687775373459
YLR144C,YHR066W,0,0.7123687,0.2659241259098053,0.7579365372657776,0.21106885373592377
YDR118W,YBR182C,0,0.7113126,0.2658315896987915,0.7579365372657776,0.21116892993450165
YOL080C,YPR027C,0,0.71108925,0.2657391428947449,0.7579365372657776,0.21126902103424072
YBL046W,YOR083W,0,0.7109913,0.26564672589302063,0.7579365372657776,0.2113690972328186
YNL065W,YDL153C,0,0.7109727,0.26555439829826355,0.7579365372657776,0.21146917343139648
YEL061C,YPR105C,0,0.71063226,0.26546213030815125,0.7579365372657776,0.21156924962997437
YLR056W,YLR224W,0,0.71009797,0.2653699219226837,0.7579365372657776,0.21166934072971344
YML068W,YGL114W,0,0.7095731,0.26527777314186096,0.7579365372657776,0.21176941692829132
YBL018C,YLR135W,1,0.7077432,0.26553279161453247,0.7589285969734192,0.21176941692829132
YLR132C,YKR056W,1,0.7070604,0.26578766107559204,0.7599206566810608,0.21176941692829132
YFR030W,YDR474C,0,0.70693,0.2656954526901245,0.7599206566810608,0.2118694931268692
YNL092W,YLL041C,0,0.7068907,0.26560333371162415,0.7599206566810608,0.21196956932544708
YBR233W-A,YBR148W,0,0.70622736,0.26551127433776855,0.7599206566810608,0.21206966042518616
YDL225W,YDR312W,0,0.70580703,0.26541927456855774,0.7599206566810608,0.21216973662376404
YKL187C,YPL271W,0,0.70494676,0.2653273344039917,0.7599206566810608,0.21226981282234192
YGR252W,YKR044W,0,0.7046528,0.26523545384407043,0.7599206566810608,0.2123698890209198
YGL039W,YLR432W,0,0.7037309,0.26514366269111633,0.7599206566810608,0.21246998012065887
YOL163W,YIL133C,0,0.70363384,0.2650519013404846,0.7599206566810608,0.21257005631923676
YGL095C,YAL047C,0,0.702985,0.26496022939682007,0.7599206566810608,0.21267013251781464
YLR319C,YKL095W,0,0.70168966,0.2648686170578003,0.7599206566810608,0.2127702236175537
YKL090W,YGL175C,1,0.70013064,0.2651227116584778,0.7609127163887024,0.2127702236175537
YMR224C,YOR368W,1,0.7000743,0.26537662744522095,0.761904776096344,0.2127702236175537
YLR223C,YBL014C,0,0.7000664,0.2652849853038788,0.761904776096344,0.2128702998161316
YGL090W,YGR187C,0,0.6996924,0.265193372964859,0.761904776096344,0.21297037601470947
YPL053C,YMR227C,0,0.6994048,0.265101820230484,0.761904776096344,0.21307045221328735
YGL085W,YAR008W,1,0.69928104,0.2653554081916809,0.7628968358039856,0.21307045221328735
YML118W,YDR121W,1,0.6991226,0.2656088173389435,0.7638888955116272,0.21307045221328735
YML060W,YLR425W,0,0.6989965,0.2655172348022461,0.7638888955116272,0.21317054331302643
YJR099W,YJL187C,0,0.6984053,0.2654257118701935,0.7638888955116272,0.2132706195116043
YLR160C,YER183C,0,0.6980434,0.26533424854278564,0.7638888955116272,0.2133706957101822
YLL061W,YGR006W,0,0.6979698,0.2652428448200226,0.7638888955116272,0.21347077190876007
YOL051W,YMR301C,0,0.6977184,0.2651515007019043,0.7638888955116272,0.21357086300849915
YOR274W,YPL131W,0,0.6973857,0.2650602459907532,0.7638888955116272,0.21367093920707703
YNL263C,YCR045C,0,0.69715565,0.26496902108192444,0.7638888955116272,0.2137710154056549
YGL237C,YGR099W,0,0.69702053,0.26487788558006287,0.7638888955116272,0.2138710916042328
YBL084C,YPR017C,0,0.6969364,0.26478680968284607,0.7638888955116272,0.21397118270397186
YMR259C,YOL061W,0,0.6966341,0.26469576358795166,0.7638888955116272,0.21407125890254974
YPL139C,YPL207W,0,0.6964028,0.2646048069000244,0.7638888955116272,0.21417133510112762
YDR432W,YPR002W,0,0.6961572,0.26451390981674194,0.7638888955116272,0.2142714112997055
YHR115C,YLR226W,0,0.69554883,0.26442307233810425,0.7638888955116272,0.21437150239944458
YDR034C,YEL077C,0,0.6946017,0.26433229446411133,0.7638888955116272,0.21447157859802246
YFL055W,YDR185C,0,0.69431806,0.26424160599708557,0.7638888955116272,0.21457165479660034
YER071C,YMR005W,0,0.6941516,0.2641509473323822,0.7638888955116272,0.21467173099517822
YLR242C,YGR169C,0,0.6937618,0.2640603482723236,0.7638888955116272,0.2147718220949173
YJL187C,YOR001W,0,0.6926299,0.2639698386192322,0.7638888955116272,0.21487189829349518
YLR066W,YOR279C,0,0.69253486,0.26387935876846313,0.7638888955116272,0.21497197449207306
YJR027W,YGL126W,0,0.6920559,0.26378896832466125,0.7638888955116272,0.21507205069065094
YCR007C,YPR115W,0,0.6910474,0.26369863748550415,0.7638888955116272,0.21517214179039001
YHR089C,YDL093W,0,0.690064,0.2636083662509918,0.7638888955116272,0.2152722179889679
YDR493W,YMR033W,0,0.6897218,0.2635181248188019,0.7638888955116272,0.21537229418754578
YOR349W,YDR338C,0,0.6894943,0.2634279727935791,0.7638888955116272,0.21547238528728485
YBL074C,YJR010C-A,0,0.6894658,0.2633378803730011,0.7638888955116272,0.21557246148586273
YKL047W,YKL120W,0,0.689451,0.26324787735939026,0.7638888955116272,0.2156725376844406
YDL246C,YDR018C,0,0.688564,0.2631579041481018,0.7638888955116272,0.2157726138830185
YNL072W,YKL011C,1,0.6881617,0.26340964436531067,0.7648809552192688,0.2157726138830185
YOR174W,YPR137W,0,0.68807596,0.2633196711540222,0.7648809552192688,0.21587270498275757
YMR087W,YBL061C,0,0.6878075,0.26322975754737854,0.7648809552192688,0.21597278118133545
YOR298C-A,YJL142C,0,0.6872179,0.263139933347702,0.7648809552192688,0.21607285737991333
YDR359C,YHR117W,0,0.6870783,0.2630501389503479,0.7648809552192688,0.2161729335784912
YMR124W,YNL209W,0,0.68645805,0.26296043395996094,0.7648809552192688,0.21627302467823029
YOR064C,YPR110C,0,0.6859237,0.26287078857421875,0.7648809552192688,0.21637310087680817
YJL209W,YNL172W,0,0.68583816,0.26278117299079895,0.7648809552192688,0.21647317707538605
YHR081W,YDR346C,0,0.68559426,0.2626916468143463,0.7648809552192688,0.21657325327396393
YNL046W,YGR098C,0,0.6841456,0.26260218024253845,0.7648809552192688,0.216673344373703
YJR043C,YML091C,1,0.6831204,0.2628532648086548,0.7658730149269104,0.216673344373703
YMR023C,YDL036C,0,0.68305045,0.2627637982368469,0.7658730149269104,0.21677342057228088
YJR099W,YJL113W,0,0.683049,0.26267439126968384,0.7658730149269104,0.21687349677085876
YKL074C,YLR197W,0,0.68257684,0.2625850439071655,0.7658730149269104,0.21697357296943665
YKL155C,YMR247C,0,0.68197453,0.262495756149292,0.7658730149269104,0.21707366406917572
YGL092W,YML121W,0,0.6819549,0.26240652799606323,0.7658730149269104,0.2171737402677536
YDR334W,YJL162C,0,0.6817251,0.26231735944747925,0.7658730149269104,0.21727381646633148
YLR214W,YIL087C,0,0.6804235,0.26222825050354004,0.7658730149269104,0.21737389266490936
YER163C,YPR145W,0,0.680361,0.262139230966568,0.7658730149269104,0.21747398376464844
YBR247C,YOL130W,0,0.68027943,0.26205024123191833,0.7658730149269104,0.21757405996322632
YPL161C,YJL194W,0,0.6798106,0.26196131110191345,0.7658730149269104,0.2176741361618042
YML118W,YBR278W,1,0.67978173,0.2622116804122925,0.766865074634552,0.2176741361618042
YLR276C,YLR080W,0,0.6794863,0.2621227502822876,0.766865074634552,0.21777421236038208
YDR225W,YKR025W,0,0.67911,0.2620339095592499,0.766865074634552,0.21787430346012115
YCL069W,YMR069W,0,0.6789962,0.26194509863853455,0.766865074634552,0.21797437965869904
YHR178W,YKL187C,0,0.67895645,0.2618563771247864,0.766865074634552,0.21807445585727692
YPR157W,YNL092W,0,0.67880666,0.2617676854133606,0.766865074634552,0.218174546957016
YHL031C,YMR016C,0,0.6780713,0.261679083108902,0.766865074634552,0.21827462315559387
YDR162C,YKL143W,0,0.67777264,0.26159051060676575,0.766865074634552,0.21837469935417175
YGL085W,YML045W,1,0.6774019,0.2618403136730194,0.7678571343421936,0.21837469935417175
YBR062C,YPR157W,0,0.6758582,0.26175177097320557,0.7678571343421936,0.21847477555274963
YNL282W,YLR457C,0,0.6755428,0.2616632878780365,0.7678571343421936,0.2185748666524887
YIR013C,YLR320W,0,0.675112,0.2615748643875122,0.7678571343421936,0.2186749428510666
YOR348C,YPL166W,0,0.67505723,0.2614865005016327,0.7678571343421936,0.21877501904964447
YPL163C,YGR203W,0,0.6747991,0.26139816641807556,0.7678571343421936,0.21887509524822235
YML033W,YOR171C,0,0.67428017,0.2613099217414856,0.7678571343421936,0.21897518634796143
YGL085W,YKL114C,1,0.6740738,0.26155921816825867,0.7688491940498352,0.21897518634796143
YNL166C,YLR005W,0,0.6731625,0.2614709734916687,0.7688491940498352,0.2190752625465393
YER071C,YMR033W,0,0.67312545,0.2613827884197235,0.7688491940498352,0.2191753387451172
YHR032W,YJL048C,0,0.67306,0.2612946629524231,0.7688491940498352,0.21927541494369507
YNL046W,YHR158C,0,0.67279017,0.26120659708976746,0.7688491940498352,0.21937550604343414
YPR143W,YBR235W,0,0.67262506,0.2611185908317566,0.7688491940498352,0.21947558224201202
YBR162W-A,YLR056W,0,0.67156166,0.2610306441783905,0.7688491940498352,0.2195756584405899
YBR246W,YKL096W,0,0.67134184,0.2609427571296692,0.7688491940498352,0.21967573463916779
YGL092W,YDL047W,0,0.6709409,0.26085492968559265,0.7688491940498352,0.21977582573890686
YKR048C,YML112W,0,0.67047626,0.2607671618461609,0.7688491940498352,0.21987590193748474
YPL155C,YPR175W,0,0.66998357,0.2606794536113739,0.7688491940498352,0.21997597813606262
YKL006C-A,YPR143W,0,0.6697661,0.2605918049812317,0.7688491940498352,0.2200760543346405
YDR400W,YDL031W,0,0.6688676,0.26050421595573425,0.7688491940498352,0.22017614543437958
YLR303W,YDL119C,0,0.6685565,0.2604166567325592,0.7688491940498352,0.22027622163295746
YDR037W,YMR069W,0,0.6683929,0.2603291869163513,0.7688491940498352,0.22037629783153534
YKL200C,YOL112W,0,0.66821104,0.2602417767047882,0.7688491940498352,0.22047637403011322
YER172C,YDR390C,0,0.6672079,0.2601544260978699,0.7688491940498352,0.2205764651298523
YLR466W,YMR259C,0,0.66708404,0.2600671052932739,0.7688491940498352,0.22067654132843018
YPL153C,YGR169C,0,0.66704696,0.25997987389564514,0.7688491940498352,0.22077661752700806
YPR018W,YPL269W,0,0.6661193,0.25989270210266113,0.7688491940498352,0.22087670862674713
YGR102C,YPR009W,0,0.6655629,0.2598055601119995,0.7688491940498352,0.220976784825325
YOR145C,YMR267W,0,0.66534317,0.25971850752830505,0.7688491940498352,0.2210768610239029
YDR471W,YFL017C,0,0.6652748,0.259631484746933,0.7688491940498352,0.22117693722248077
YGL064C,YKR071C,0,0.6644414,0.2595445513725281,0.7688491940498352,0.22127702832221985
YHR002W,YHR100C,0,0.6636557,0.25945764780044556,0.7688491940498352,0.22137710452079773
YOR145C,YAL028W,0,0.6631358,0.2593708038330078,0.7688491940498352,0.2214771807193756
YCL069W,YBR148W,0,0.66294754,0.25928404927253723,0.7688491940498352,0.2215772569179535
YDR087C,YOR095C,0,0.6629202,0.25919732451438904,0.7688491940498352,0.22167734801769257
YLR174W,YGL204C,0,0.66210175,0.2591106593608856,0.7688491940498352,0.22177742421627045
YCR106W,YBR191W,0,0.66184723,0.259024053812027,0.7688491940498352,0.22187750041484833
YNR021W,YLR211C,0,0.6617994,0.2589375078678131,0.7688491940498352,0.2219775766134262
YKL046C,YFR031C,0,0.66174704,0.258851021528244,0.7688491940498352,0.22207766771316528
YKL073W,YKL005C,0,0.66155016,0.2587645947933197,0.7688491940498352,0.22217774391174316
YKR001C,YCR029C-A,0,0.66128635,0.25867822766304016,0.7688491940498352,0.22227782011032104
YOR009W,YBR158W,0,0.66088706,0.2585919201374054,0.7688491940498352,0.22237789630889893
YDL202W,YER093C,0,0.6607503,0.2585056722164154,0.7688491940498352,0.222477987408638
YIR024C,YHR058C,0,0.6606159,0.2584194839000702,0.7688491940498352,0.22257806360721588
YPR097W,YMR261C,0,0.66021484,0.25833332538604736,0.7688491940498352,0.22267813980579376
YJR061W,YJL056C,0,0.6600591,0.2582472562789917,0.7688491940498352,0.22277821600437164
YJR010C-A,YPR089W,0,0.6600164,0.2581612169742584,0.7688491940498352,0.22287830710411072
YNL200C,YLR318W,0,0.6593961,0.2580752670764923,0.7688491940498352,0.2229783833026886
YDR109C,YMR142C,0,0.6593475,0.2579893469810486,0.7688491940498352,0.22307845950126648
YPL041C,YOR361C,0,0.6582103,0.25790348649024963,0.7688491940498352,0.22317853569984436
YIL119C,YNR038W,0,0.6580698,0.25781768560409546,0.7688491940498352,0.22327862679958344
YCR106W,YER158C,0,0.65695447,0.25773194432258606,0.7688491940498352,0.22337870299816132
YDR194C,YER172C,0,0.656662,0.25764626264572144,0.7688491940498352,0.2234787791967392
YGR278W,YIL061C,0,0.6563327,0.2575606405735016,0.7688491940498352,0.22357887029647827
YIL044C,YLR314C,0,0.65585726,0.2574750781059265,0.7688491940498352,0.22367894649505615
YNL249C,YKL187C,0,0.65577334,0.2573895752429962,0.7688491940498352,0.22377902269363403
YCR026C,YKL149C,1,0.655716,0.2576361298561096,0.7698412537574768,0.22377902269363403
YNR021W,YOR095C,0,0.65543765,0.2575506269931793,0.7698412537574768,0.22387909889221191
YDL202W,YAL034W-A,0,0.6550599,0.2574651539325714,0.7698412537574768,0.223979189991951
YNL092W,YNL230C,0,0.6550595,0.25737977027893066,0.7698412537574768,0.22407926619052887
YHR173C,YDR538W,0,0.6548287,0.2572944164276123,0.7698412537574768,0.22417934238910675
YNL207W,YCR003W,0,0.6546601,0.2572091519832611,0.7698412537574768,0.22427941858768463
YCL074W,YAR009C,1,0.6546087,0.2574552595615387,0.7708333134651184,0.22427941858768463
YLR247C,YNL236W,0,0.6542398,0.2573699951171875,0.7708333134651184,0.2243795096874237
YBL019W,YKL047W,0,0.6531505,0.2572847604751587,0.7708333134651184,0.2244795858860016
YOR095C,YDR279W,0,0.6530772,0.25719961524009705,0.7708333134651184,0.22457966208457947
YGR092W,YOR251C,0,0.65306544,0.2571144998073578,0.7708333134651184,0.22467973828315735
YMR074C,YDL036C,0,0.6525964,0.2570294439792633,0.7708333134651184,0.22477982938289642
YGR149W,YGR183C,0,0.6524289,0.2569444477558136,0.7708333134651184,0.2248799055814743
YDR240C,YGR100W,0,0.6522867,0.25685951113700867,0.7708333134651184,0.22497998178005219
YLR466W,YFR015C,0,0.65214527,0.2567746341228485,0.7708333134651184,0.22508005797863007
YEL018W,YNL067W,0,0.65195787,0.25668978691101074,0.7708333134651184,0.22518014907836914
YOL080C,YLR312W-A,1,0.6516792,0.2569352686405182,0.77182537317276,0.22518014907836914
YDR363W,YDR225W,0,0.6516517,0.2568504512310028,0.77182537317276,0.22528022527694702
YOL127W,YPR143W,0,0.65158004,0.2567656636238098,0.77182537317276,0.2253803014755249
YCL045C,YBR221C,0,0.65090466,0.256680965423584,0.77182537317276,0.22548037767410278
YGR203W,YIL013C,0,0.6508997,0.25659629702568054,0.77182537317276,0.22558046877384186
YFR031C,YJL117W,0,0.6499797,0.25651171803474426,0.77182537317276,0.22568054497241974
YOR315W,YKR034W,0,0.649302,0.25642716884613037,0.77182537317276,0.22578062117099762
YIL168W,YMR214W,0,0.64866036,0.25634267926216125,0.77182537317276,0.2258806973695755
YKL014C,YLR270W,0,0.6480847,0.2562582492828369,0.77182537317276,0.22598078846931458
YLR287C-A,YNL236W,0,0.648001,0.25617384910583496,0.77182537317276,0.22608086466789246
YJL090C,YNL334C,0,0.64776677,0.25608953833580017,0.77182537317276,0.22618094086647034
YDL103C,YEL077C,0,0.6477439,0.25600525736808777,0.77182537317276,0.2262810319662094
YBL084C,YCR027C,0,0.64771545,0.25592106580734253,0.77182537317276,0.2263811081647873
YPL207W,YGR258C,0,0.6468844,0.2558369040489197,0.77182537317276,0.22648118436336517
YLL041C,YPL012W,0,0.6467788,0.2557528018951416,0.77182537317276,0.22658126056194305
YIL061C,YIL036W,0,0.6459877,0.2556687593460083,0.77182537317276,0.22668135166168213
YGR031W,YKL095W,0,0.645912,0.2555847465991974,0.77182537317276,0.22678142786026
YHR086W,YDR018C,0,0.6455278,0.25550082325935364,0.77182537317276,0.2268815040588379
YOR369C,YIR023W,0,0.6454463,0.2554169297218323,0.77182537317276,0.22698158025741577
YLL003W,YGL145W,0,0.6453816,0.2553331255912781,0.77182537317276,0.22708167135715485
YMR285C,YDR474C,0,0.6448836,0.25524935126304626,0.77182537317276,0.22718174755573273
YOL067C,YML023C,0,0.64485323,0.25516563653945923,0.77182537317276,0.2272818237543106
YJL187C,YEL018W,0,0.6446264,0.25508198142051697,0.77182537317276,0.2273818999528885
YMR262W,YLR059C,1,0.64436466,0.25532612204551697,0.7728174328804016,0.2273818999528885
YCR042C,YDR092W,0,0.6441653,0.2552424669265747,0.7728174328804016,0.22748199105262756
YBR098W,YML095C,1,0.64404804,0.255486398935318,0.773809552192688,0.22748199105262756
YIL095W,YOR236W,0,0.64376205,0.25540274381637573,0.773809552192688,0.22758206725120544
YEL030W,YCR071C,0,0.6436583,0.25531914830207825,0.773809552192688,0.22768214344978333
YHR012W,YDR180W,0,0.6431781,0.25523561239242554,0.773809552192688,0.2277822196483612
YOL127W,YMR268C,0,0.6428544,0.2551521062850952,0.773809552192688,0.22788231074810028
YGR278W,YOR001W,0,0.64284915,0.25506865978240967,0.773809552192688,0.22798238694667816
YGR198W,YBL061C,0,0.6424546,0.2549853026866913,0.773809552192688,0.22808246314525604
YLR107W,YKL011C,1,0.6423133,0.25522875785827637,0.7748016119003296,0.22808246314525604
YKR017C,YDR524C,0,0.6423029,0.2551453709602356,0.7748016119003296,0.22818253934383392
YKR017C,YBR148W,0,0.641149,0.2550620436668396,0.7748016119003296,0.228282630443573
YPL241C,YNL258C,0,0.6407697,0.2549787759780884,0.7748016119003296,0.22838270664215088
YNR020C,YGR272C,0,0.64069724,0.25489556789398193,0.7748016119003296,0.22848278284072876
YDR471W,YER007W,0,0.6405039,0.2548123896121979,0.7748016119003296,0.22858285903930664
YJR027W,YGL181W,0,0.6395206,0.254729300737381,0.7748016119003296,0.22868295013904572
YOR140W,YBR241C,0,0.6392678,0.2546462416648865,0.7748016119003296,0.2287830263376236
YDR228C,YGR170W,0,0.6391193,0.25456324219703674,0.7748016119003296,0.22888310253620148
YJR061W,YLR466W,0,0.6379588,0.2544802725315094,0.7748016119003296,0.22898319363594055
YPR038W,YPR173C,0,0.6378907,0.2543973922729492,0.7748016119003296,0.22908326983451843
YLR105C,YNL221C,1,0.63780147,0.2546401917934418,0.7757936716079712,0.22908326983451843
YJR054W,YLR447C,0,0.6366332,0.2545572817325592,0.7757936716079712,0.2291833460330963
YPR013C,YLL040C,0,0.63645464,0.2544744610786438,0.7757936716079712,0.2292834222316742
YBR156C,YPL148C,0,0.6355697,0.2543916702270508,0.7757936716079712,0.22938351333141327
YIR024C,YPL112C,0,0.63540983,0.25430893898010254,0.7757936716079712,0.22948358952999115
YPR009W,YDR248C,0,0.6342922,0.2542262673377991,0.7757936716079712,0.22958366572856903
YDR090C,YDL119C,0,0.6338125,0.2541436553001404,0.7757936716079712,0.2296837419271469
YBR135W,YPR143W,0,0.63360804,0.2540610730648041,0.7757936716079712,0.229783833026886
YMR243C,YNL258C,0,0.63326234,0.25397855043411255,0.7757936716079712,0.22988390922546387
YDL202W,YKR101W,0,0.6324809,0.2538961172103882,0.7757936716079712,0.22998398542404175
YPL082C,YFR015C,0,0.6319695,0.2538136839866638,0.7757936716079712,0.23008406162261963
YOL008W,YJL026W,0,0.6317417,0.2537313401699066,0.7757936716079712,0.2301841527223587
YBR261C,YLR099C,0,0.62993985,0.2536490559577942,0.7757936716079712,0.23028422892093658
YMR227C,YPR080W,0,0.6285885,0.25356680154800415,0.7757936716079712,0.23038430511951447
YMR033W,YDL077C,0,0.6285389,0.2534846067428589,0.7757936716079712,0.23048438131809235
YIR015W,YKL114C,1,0.6265537,0.2537265121936798,0.7767857313156128,0.23048438131809235
YDL230W,YLL011W,0,0.6262997,0.25364431738853455,0.7767857313156128,0.23058447241783142
YEL032W,YAL047C,0,0.6258455,0.25356218218803406,0.7767857313156128,0.2306845486164093
YBL084C,YGR168C,0,0.6256464,0.25348007678985596,0.7767857313156128,0.23078462481498718
YPR073C,YLL035W,0,0.62555724,0.253398060798645,0.7767857313156128,0.23088470101356506
YML011C,YKR035W-A,0,0.62524575,0.25331607460975647,0.7767857313156128,0.23098479211330414
YNL188W,YNL037C,0,0.6248051,0.2532341480255127,0.7767857313156128,0.23108486831188202
YLR133W,YKL033W-A,0,0.6247106,0.2531522810459137,0.7767857313156128,0.2311849445104599
YGR134W,YGR270W,0,0.6238093,0.2530704736709595,0.7767857313156128,0.23128502070903778
YHR005C,YKR035W-A,0,0.6237665,0.25298869609832764,0.7767857313156128,0.23138511180877686
YER090W,YBR182C,0,0.6233944,0.2529069781303406,0.7767857313156128,0.23148518800735474
YNR020C,YLR385C,0,0.6228399,0.2528253197669983,0.7767857313156128,0.23158526420593262
YLR178C,YMR069W,0,0.622781,0.2527436912059784,0.7767857313156128,0.2316853553056717
YEL068C,YJL056C,0,0.6226077,0.25266215205192566,0.7767857313156128,0.23178543150424957
YFL024C,YDR334W,0,0.6221457,0.2525806427001953,0.7767857313156128,0.23188550770282745
YKR027W,YGR122W,0,0.6218754,0.25249919295310974,0.7767857313156128,0.23198558390140533
YEL032W,YJL046W,0,0.621574,0.25241780281066895,0.7767857313156128,0.2320856750011444
YOR174W,YLR275W,0,0.6211582,0.25233644247055054,0.7767857313156128,0.2321857511997223
YHR111W,YLR210W,0,0.6210796,0.2522551417350769,0.7767857313156128,0.23228582739830017
YKL217W,YGR006W,0,0.6207493,0.25217390060424805,0.7767857313156128,0.23238590359687805
YDR506C,YKL092C,0,0.6207388,0.25209271907806396,0.7767857313156128,0.23248599469661713
YLR160C,YGR102C,0,0.62022966,0.25201159715652466,0.7767857313156128,0.232586070895195
YJR061W,YIL047C,0,0.62008697,0.25193050503730774,0.7767857313156128,0.2326861470937729
YAL047C,YLR029C,0,0.6200209,0.2518494725227356,0.7767857313156128,0.23278622329235077
YAL043C,YLR024C,0,0.6198514,0.2517684996128082,0.7767857313156128,0.23288631439208984
YGL039W,YLR005W,0,0.619417,0.25168755650520325,0.7767857313156128,0.23298639059066772
YHR173C,YBR230C,0,0.61940825,0.25160667300224304,0.7767857313156128,0.2330864667892456
YBR255W,YER171W,0,0.619228,0.2515258491039276,0.7767857313156128,0.2331865429878235
YDL237W,YJR124C,0,0.619142,0.25144508481025696,0.7767857313156128,0.23328663408756256
YPR139C,YBR180W,0,0.6188033,0.2513643801212311,0.7767857313156128,0.23338671028614044
YHR115C,YML059C,0,0.618344,0.2512837052345276,0.7767857313156128,0.23348678648471832
YDL206W,YPR002W,0,0.61818945,0.25120308995246887,0.7767857313156128,0.2335868626832962
YGR116W,YDR073W,0,0.6177737,0.25112250447273254,0.7767857313156128,0.23368695378303528
YER071C,YBR148W,0,0.6174571,0.2510420083999634,0.7767857313156128,0.23378702998161316
YGL156W,YHR177W,0,0.6173893,0.2509615421295166,0.7767857313156128,0.23388710618019104
YIR013C,YJL062W,0,0.61688024,0.2508811354637146,0.7767857313156128,0.23398718237876892
YHR079C-B,YAL034W-A,0,0.6165812,0.250800758600235,0.7767857313156128,0.234087273478508
YOL087C,YLR452C,0,0.6164019,0.25072047114372253,0.7767857313156128,0.23418734967708588
YDR501W,YLR074C,0,0.6160058,0.25064021348953247,0.7767857313156128,0.23428742587566376
YDL192W,YGR177C,0,0.6152589,0.2505599856376648,0.7767857313156128,0.23438751697540283
YPL148C,YMR282C,0,0.61521214,0.2504798471927643,0.7767857313156128,0.2344875931739807
YJR014W,YDR056C,0,0.6151585,0.25039973855018616,0.7767857313156128,0.2345876693725586
YBR227C,YHL034C,0,0.6146795,0.2503196895122528,0.7767857313156128,0.23468774557113647
YGL250W,YJR054W,0,0.61438507,0.25023970007896423,0.7767857313156128,0.23478783667087555
YPL166W,YMR277W,0,0.6142187,0.25015974044799805,0.7767857313156128,0.23488791286945343
YBL030C,YBR012W-B,0,0.6135072,0.25007984042167664,0.7767857313156128,0.2349879890680313
YGL079W,YDR267C,0,0.6129319,0.25,0.7767857313156128,0.2350880652666092
YJL107C,YOR062C,0,0.6128462,0.24992020428180695,0.7767857313156128,0.23518815636634827
YNL009W,YDR056C,0,0.6127263,0.24984045326709747,0.7767857313156128,0.23528823256492615
YOL107W,YJL052W,0,0.6125658,0.24976076185703278,0.7767857313156128,0.23538830876350403
YDR091C,YBR204C,0,0.61231405,0.24968111515045166,0.7767857313156128,0.2354883849620819
YHR070W,YJL090C,0,0.6118114,0.24960152804851532,0.7767857313156128,0.23558847606182098
YDR493W,YDL036C,0,0.6117348,0.24952198565006256,0.7767857313156128,0.23568855226039886
YOL067C,YAL034W-A,0,0.6113469,0.24944250285625458,0.7767857313156128,0.23578862845897675
YDR210W,YNL177C,0,0.61113125,0.24936306476593018,0.7767857313156128,0.23588870465755463
YDR484W,YGR007W,0,0.611119,0.24928367137908936,0.7767857313156128,0.2359887957572937
YOR234C,YJL113W,0,0.6109877,0.24920432269573212,0.7767857313156128,0.23608887195587158
YBR223C,YMR239C,1,0.61091125,0.2494432032108307,0.7777777910232544,0.23608887195587158
YGL004C,YOL010W,0,0.6109015,0.24936386942863464,0.7777777910232544,0.23618894815444946
YDR002W,YER158C,0,0.61049753,0.24928458034992218,0.7777777910232544,0.23628902435302734
YFR045W,YFL052W,0,0.61012024,0.2492053359746933,0.7777777910232544,0.23638911545276642
YDL237W,YMR292W,0,0.60891175,0.2491261512041092,0.7777777910232544,0.2364891916513443
YOL163W,YOL022C,0,0.60868543,0.24904701113700867,0.7777777910232544,0.23658926784992218
YMR124W,YPR105C,0,0.60819185,0.24896793067455292,0.7777777910232544,0.23668934404850006
YDR339C,YJR027W,1,0.6080443,0.24920634925365448,0.778769850730896,0.23668934404850006
YJR006W,YJL087C,1,0.6076,0.2494446188211441,0.7797619104385376,0.23668934404850006
YOL080C,YHR079C,1,0.6075226,0.2496827393770218,0.7807539701461792,0.23668934404850006
YCR007C,YBL014C,0,0.60747015,0.24960355460643768,0.7807539701461792,0.23678943514823914
YLR421C,YNL194C,0,0.6074676,0.24952441453933716,0.7807539701461792,0.23688951134681702
YOL069W,YJL020C,0,0.6063648,0.24944531917572021,0.7807539701461792,0.2369895875453949
YKL014C,YPL166W,0,0.605967,0.24936628341674805,0.7807539701461792,0.23708967864513397
YBR258C,YPL275W,0,0.6059624,0.24928729236125946,0.7807539701461792,0.23718975484371185
YDR266C,YCL004W,0,0.6053844,0.24920836091041565,0.7807539701461792,0.23728983104228973
YLR466W,YJL153C,0,0.6050357,0.24912947416305542,0.7807539701461792,0.23738990724086761
YJR061W,YDR421W,0,0.6046679,0.24905063211917877,0.7807539701461792,0.2374899983406067
YBR257W,YGR030C,1,0.60420984,0.24928820133209229,0.7817460298538208,0.2374899983406067
YDR288W,YJL131C,0,0.6040386,0.24920935928821564,0.7817460298538208,0.23759007453918457
YOR001W,YPL022W,1,0.6035936,0.24944673478603363,0.7827380895614624,0.23759007453918457
YMR070W,YKR101W,0,0.60297745,0.24936789274215698,0.7827380895614624,0.23769015073776245
YMR033W,YPR105C,0,0.6023199,0.24928909540176392,0.7827380895614624,0.23779022693634033
YCR106W,YEL077C,0,0.60082394,0.24921035766601562,0.7827380895614624,0.2378903180360794
YOR368W,YKR056W,1,0.6007056,0.24944742023944855,0.783730149269104,0.2378903180360794
YLR247C,YPR022C,0,0.6006906,0.24936868250370026,0.783730149269104,0.2379903942346573
YOL010W,YKR079C,1,0.60038763,0.24960555136203766,0.7847222089767456,0.2379903942346573
YBR167C,YLR154C,1,0.6002322,0.24984227120876312,0.7857142686843872,0.2379903942346573
YLL054C,YKL077W,0,0.5992797,0.24976348876953125,0.7857142686843872,0.23809047043323517
YGR048W,YPR097W,0,0.59853995,0.24968473613262177,0.7857142686843872,0.23819054663181305
YJR061W,YLL061W,0,0.59829235,0.24960605800151825,0.7857142686843872,0.23829063773155212
YGL047W,YMR277W,0,0.5979007,0.24952740967273712,0.7857142686843872,0.23839071393013
YKR017C,YMR214W,0,0.597292,0.24944882094860077,0.7857142686843872,0.23849079012870789
YGR152C,YKR081C,0,0.59688514,0.249370276927948,0.7857142686843872,0.23859086632728577
YPL155C,YAL047C,0,0.5966628,0.2492917776107788,0.7857142686843872,0.23869095742702484
YNR052C,YOR330C,1,0.5962811,0.24952800571918488,0.7867063283920288,0.23869095742702484
YLR133W,YNL046W,0,0.59554714,0.24944950640201569,0.7867063283920288,0.23879103362560272
YPL153C,YLR179C,0,0.5950707,0.24937106668949127,0.7867063283920288,0.2388911098241806
YLR005W,YNL021W,0,0.5950512,0.24929267168045044,0.7867063283920288,0.23899118602275848
YOL033W,YGR026W,0,0.5947446,0.24921433627605438,0.7867063283920288,0.23909127712249756
YDR299W,YDL119C,0,0.59411865,0.2491360306739807,0.7867063283920288,0.23919135332107544
YFR013W,YDL234C,0,0.594071,0.24905778467655182,0.7867063283920288,0.23929142951965332
YOR236W,YLR288C,0,0.594068,0.2489795982837677,0.7867063283920288,0.2393915206193924
YFR030W,YGR168C,0,0.5938203,0.24890144169330597,0.7867063283920288,0.23949159681797028
YJL209W,YNR040W,0,0.5937855,0.248823344707489,0.7867063283920288,0.23959167301654816
YMR262W,YCL075W,1,0.59364516,0.24905897676944733,0.7876983880996704,0.23959167301654816
YOR066W,YBL039C,0,0.593561,0.24898086488246918,0.7876983880996704,0.23969174921512604
YFL028C,YKR056W,0,0.59339684,0.248902827501297,0.7876983880996704,0.2397918403148651
YBR261C,YKL052C,0,0.59321034,0.2488248199224472,0.7876983880996704,0.239891916513443
YHR112C,YLR116W,0,0.59318495,0.2487468719482422,0.7876983880996704,0.23999199271202087
YGR225W,YKL071W,0,0.592386,0.24866896867752075,0.7876983880996704,0.24009206891059875
YPL029W,YHR214C-B,1,0.59193224,0.24890419840812683,0.788690447807312,0.24009206891059875
YNL249C,YDR493W,0,0.5903695,0.2488262951374054,0.788690447807312,0.24019216001033783
YPL266W,YDR254W,0,0.59031254,0.24874843657016754,0.788690447807312,0.2402922362089157
YAL034W-A,YBR148W,0,0.5901857,0.24867062270641327,0.788690447807312,0.2403923124074936
YNL182C,YCR065W,0,0.590107,0.24859286844730377,0.788690447807312,0.24049238860607147
YOL094C,YDL017W,0,0.5894425,0.24851515889167786,0.788690447807312,0.24059247970581055
YER093C,YML077W,0,0.5892962,0.24843749403953552,0.788690447807312,0.24069255590438843
YHR070W,YDR118W,0,0.5892204,0.24835988879203796,0.788690447807312,0.2407926321029663
YML038C,YIL118W,0,0.5891606,0.248282328248024,0.788690447807312,0.2408927083015442
YML003W,YMR258C,0,0.58906835,0.2482048124074936,0.788690447807312,0.24099279940128326
YLR160C,YCL031C,0,0.5888388,0.24812734127044678,0.788690447807312,0.24109287559986115
YHR079C-B,YGL011C,0,0.5881768,0.24804991483688354,0.788690447807312,0.24119295179843903
YDR386W,YMR024W,1,0.58804816,0.2482844740152359,0.7896825671195984,0.24119295179843903
YHR151C,YNL282W,0,0.5880222,0.24820704758167267,0.7896825671195984,0.2412930279970169
YOR001W,YER041W,1,0.5876011,0.2484413981437683,0.79067462682724,0.2412930279970169
YHR178W,YKR035W-A,0,0.5874265,0.24836397171020508,0.79067462682724,0.24139311909675598
YHR102W,YMR294W,0,0.5873478,0.24828660488128662,0.79067462682724,0.24149319529533386
YGR277C,YMR080C,0,0.5871988,0.24820928275585175,0.79067462682724,0.24159327149391174
YOL008W,YFR045W,0,0.58604515,0.24813200533390045,0.79067462682724,0.24169334769248962
YOL051W,YJL198W,0,0.5854619,0.24805477261543274,0.79067462682724,0.2417934387922287
YOR145C,YDL099W,0,0.58537847,0.2479775995016098,0.79067462682724,0.24189351499080658
YHR086W,YOL022C,0,0.58478785,0.24790047109127045,0.79067462682724,0.24199359118938446
YJL210W,YBR016W,0,0.58420765,0.24782338738441467,0.79067462682724,0.24209368228912354
YER111C,YHR010W,0,0.5840406,0.24774634838104248,0.79067462682724,0.24219375848770142
YKL119C,YLR164W,0,0.58399904,0.24766935408115387,0.79067462682724,0.2422938346862793
YNL107W,YDR363W,0,0.5838675,0.24759241938591003,0.79067462682724,0.24239391088485718
YMR076C,YKL047W,0,0.5834469,0.24751552939414978,0.79067462682724,0.24249400198459625
YBR016W,YOR167C,0,0.5831868,0.2474386841058731,0.79067462682724,0.24259407818317413
YGR047C,YIL062C,0,0.58295816,0.24736188352108002,0.79067462682724,0.24269415438175201
YHL008C,YLR056W,0,0.58169144,0.2472851425409317,0.79067462682724,0.2427942305803299
YDR386W,YFL034C-B,0,0.5811578,0.24720843136310577,0.79067462682724,0.24289432168006897
YKL171W,YDR225W,0,0.58115524,0.24713177978992462,0.79067462682724,0.24299439787864685
YGL106W,YKR084C,0,0.58089346,0.24705517292022705,0.79067462682724,0.24309447407722473
YER071C,YPL246C,0,0.58030516,0.24697861075401306,0.79067462682724,0.2431945502758026
YMR169C,YBR016W,0,0.58021957,0.24690210819244385,0.79067462682724,0.2432946413755417
YGL095C,YMR179W,0,0.58014446,0.24682563543319702,0.79067462682724,0.24339471757411957
YLR211C,YBL002W,0,0.58014256,0.24674922227859497,0.79067462682724,0.24349479377269745
YHR100C,YOL010W,0,0.5799535,0.2466728538274765,0.79067462682724,0.24359486997127533
YHR085W,YIL097W,0,0.579925,0.2465965300798416,0.79067462682724,0.2436949610710144
YNL166C,YJR054W,0,0.5795185,0.2465202659368515,0.79067462682724,0.24379503726959229
YNL194C,YFR025C,0,0.5795143,0.24644403159618378,0.79067462682724,0.24389511346817017
YBR091C,YDL017W,0,0.5793339,0.24636785686016083,0.79067462682724,0.24399518966674805
YHR173C,YLR079W,0,0.579207,0.24629171192646027,0.79067462682724,0.24409528076648712
YNL327W,YDR056C,0,0.5786055,0.24621562659740448,0.79067462682724,0.244195356965065
YMR046C,YMR040W,0,0.5785522,0.24613958597183228,0.79067462682724,0.24429543316364288
YBR279W,YER176W,0,0.5780111,0.24606360495090485,0.79067462682724,0.24439550936222076
YML121W,YGR241C,0,0.5777021,0.2459876537322998,0.79067462682724,0.24449560046195984
YJL170C,YBL039C,0,0.5775835,0.24591176211833954,0.79067462682724,0.24459567666053772
YPL266W,YBR191W,0,0.57747257,0.24583590030670166,0.79067462682724,0.2446957528591156
YJR032W,YNR006W,0,0.5773172,0.24576009809970856,0.79067462682724,0.24479584395885468
YML003W,YKR007W,0,0.5768624,0.24568434059619904,0.79067462682724,0.24489592015743256
YPR016C,YNL336W,0,0.57675993,0.2456086277961731,0.79067462682724,0.24499599635601044
YGR251W,YOR230W,0,0.57616466,0.24553295969963074,0.79067462682724,0.24509607255458832
YGL005C,YLR425W,0,0.576124,0.24545735120773315,0.79067462682724,0.2451961636543274
YMR111C,YGR241C,0,0.5760335,0.24538177251815796,0.79067462682724,0.24529623985290527
YDR339C,YDR370C,1,0.57573277,0.24561403691768646,0.7916666865348816,0.24529623985290527
YBR154C,YGL073W,0,0.57561654,0.24553845822811127,0.7916666865348816,0.24539631605148315
YIL095W,YOR145C,0,0.57523847,0.24546293914318085,0.7916666865348816,0.24549639225006104
YKL187C,YER178W,0,0.57516354,0.24538744986057281,0.7916666865348816,0.2455964833498001
YKR001C,YHR081W,0,0.5739166,0.24531202018260956,0.7916666865348816,0.245696559548378
YBR227C,YDL216C,0,0.5738968,0.24523663520812988,0.7916666865348816,0.24579663574695587
YDR228C,YFL017C,0,0.573548,0.2451612949371338,0.7916666865348816,0.24589671194553375
YFL038C,YGL171W,0,0.5732117,0.24508599936962128,0.7916666865348816,0.24599680304527283
YDR122W,YER087C-A,0,0.5727335,0.24501074850559235,0.7916666865348816,0.2460968792438507
YPL148C,YGR006W,0,0.5726275,0.244935542345047,0.7916666865348816,0.2461969554424286
YPR097W,YBR148W,0,0.5723827,0.24486038088798523,0.7916666865348816,0.24629703164100647
YML015C,YDR202C,0,0.5723479,0.24478527903556824,0.7916666865348816,0.24639712274074554
YDR314C,YPR027C,0,0.572275,0.24471020698547363,0.7916666865348816,0.24649719893932343
YBR290W,YOR026W,0,0.5722325,0.2446351945400238,0.7916666865348816,0.2465972751379013
YJL062W,YHR177W,0,0.5721087,0.24456022679805756,0.7916666865348816,0.2466973513364792
YLR160C,YGR227W,0,0.5713705,0.2444852888584137,0.7916666865348816,0.24679744243621826
YHR173C,YCR031C,0,0.5713547,0.2444104105234146,0.7916666865348816,0.24689751863479614
YGR031W,YOL148C,0,0.5711163,0.2443355768918991,0.7916666865348816,0.24699759483337402
YHR012W,YFL024C,0,0.5710688,0.2442607879638672,0.7916666865348816,0.2470976710319519
YJR067C,YOL112W,0,0.57047474,0.24418604373931885,0.7916666865348816,0.24719776213169098
YGR116W,YCR065W,0,0.57020503,0.2441113442182541,0.7916666865348816,0.24729783833026886
YOR378W,YGR122W,0,0.570067,0.2440367043018341,0.7916666865348816,0.24739791452884674
YGL025C,YDR539W,0,0.57005346,0.2439620941877365,0.7916666865348816,0.24749800562858582
YDR312W,YCL058C,0,0.567684,0.2438875287771225,0.7916666865348816,0.2475980818271637
YKL173W,YOL067C,0,0.5674912,0.24381302297115326,0.7916666865348816,0.24769815802574158
YER111C,YGR184C,0,0.5674362,0.2437385469675064,0.7916666865348816,0.24779823422431946
YNL265C,YPR097W,0,0.5663906,0.24366411566734314,0.7916666865348816,0.24789832532405853
YMR190C,YFL036W,0,0.5663155,0.24358974397182465,0.7916666865348816,0.2479984015226364
YHR115C,YMR109W,0,0.56585616,0.24351541697978973,0.7916666865348816,0.2480984777212143
YLR253W,YER122C,0,0.5657546,0.2434411197900772,0.7916666865348816,0.24819855391979218
YNR021W,YOR062C,0,0.5656561,0.24336688220500946,0.7916666865348816,0.24829864501953125
YKR017C,YJR006W,0,0.5654757,0.2432926893234253,0.7916666865348816,0.24839872121810913
YHR158C,YBR162W-A,0,0.56430334,0.2432185262441635,0.7916666865348816,0.248498797416687
YLL006W,YMR046C,0,0.56356394,0.2431444227695465,0.7916666865348816,0.2485988736152649
YGL134W,YOR026W,0,0.5632042,0.24307036399841309,0.7916666865348816,0.24869896471500397
YKL004W,YKL074C,0,0.56220466,0.24299634993076324,0.7916666865348816,0.24879904091358185
YLR168C,YHR156C,0,0.5619039,0.24292238056659698,0.7916666865348816,0.24889911711215973
YLR145W,YDR130C,0,0.56184053,0.2428484410047531,0.7916666865348816,0.2489991933107376
YHR079C-B,YEL004W,0,0.56110054,0.24277456104755402,0.7916666865348816,0.24909928441047668
YOR023C,YML023C,0,0.56076056,0.2427007257938385,0.7916666865348816,0.24919936060905457
YDL093W,YMR087W,0,0.5606773,0.24262693524360657,0.7916666865348816,0.24929943680763245
YCL058C,YFL054C,0,0.5602811,0.24255318939685822,0.7916666865348816,0.24939951300621033
YHR158C,YLR176C,0,0.56020945,0.24247948825359344,0.7916666865348816,0.2494996041059494
YNL282W,YMR258C,0,0.56008255,0.24240583181381226,0.7916666865348816,0.24959968030452728
YPL029W,YJL208C,1,0.559974,0.24263589084148407,0.7926587462425232,0.24959968030452728
YNL299W,YMR109W,0,0.55962723,0.24256223440170288,0.7926587462425232,0.24969975650310516
YKR069W,YNR040W,0,0.55934745,0.24248862266540527,0.7926587462425232,0.24979983270168304
YCR007C,YML127W,0,0.5590065,0.24241505563259125,0.7926587462425232,0.24989992380142212
YJL018W,YCR065W,0,0.5585412,0.2423415184020996,0.7926587462425232,0.25
YDR421W,YCR029C-A,0,0.5584251,0.24226804077625275,0.7926587462425232,0.2501000761985779
YGL173C,YJR043C,1,0.5582441,0.24249772727489471,0.7936508059501648,0.2501000761985779
YGR048W,YAR002W,0,0.5577932,0.24242424964904785,0.7936508059501648,0.25020015239715576
YKR062W,YNL194C,0,0.55743843,0.24235080182552338,0.7936508059501648,0.25030022859573364
YNL331C,YGR187C,0,0.5573866,0.24227741360664368,0.7936508059501648,0.2504003345966339
YFR045W,YMR251W-A,0,0.55710065,0.24220405519008636,0.7936508059501648,0.2505004107952118
YCL069W,YDL093W,0,0.55691326,0.24213075637817383,0.7936508059501648,0.2506004869937897
YML092C,YHR214W,0,0.5569039,0.24205748736858368,0.7936508059501648,0.25070056319236755
YLR021W,YMR190C,0,0.5567431,0.2419842779636383,0.7936508059501648,0.25080063939094543
YDR304C,YDR248C,0,0.5565007,0.24191109836101532,0.7936508059501648,0.2509007155895233
YER163C,YKL201C,0,0.55641145,0.24183796346187592,0.7936508059501648,0.2510007917881012
YML118W,YDR338C,0,0.5562097,0.2417648881673813,0.7936508059501648,0.2511008679866791
YOR256C,YLL011W,0,0.5562075,0.24169184267520905,0.7936508059501648,0.25120097398757935
YOL137W,YIR033W,0,0.5558099,0.24161884188652039,0.7936508059501648,0.2513010501861572
YDR064W,YOL128C,0,0.55580205,0.2415459007024765,0.7936508059501648,0.2514011263847351
YCR008W,YML112W,0,0.5556542,0.241472989320755,0.7936508059501648,0.251501202583313
YNL188W,YLR079W,0,0.5555503,0.2414001226425171,0.7936508059501648,0.25160127878189087
YLR135W,YBR163W,1,0.5555001,0.241628959774971,0.7946428656578064,0.25160127878189087
YNL249C,YGL247W,0,0.55494016,0.2415560930967331,0.7946428656578064,0.25170135498046875
YOR066W,YNL236W,0,0.55441624,0.24148327112197876,0.7946428656578064,0.25180143117904663
YGL090W,YDR539W,0,0.55383575,0.241410493850708,0.7946428656578064,0.2519015073776245
YMR268C,YLR029C,0,0.55371934,0.24133774638175964,0.7946428656578064,0.2520016133785248
YLL012W,YBR034C,0,0.552834,0.24126505851745605,0.7946428656578064,0.25210168957710266
YPL241C,YNL090W,0,0.55280143,0.24119241535663605,0.7946428656578064,0.25220176577568054
YOR274W,YBL061C,0,0.55228657,0.24111980199813843,0.7946428656578064,0.2523018419742584
YBR247C,YPL275W,0,0.55227643,0.24104724824428558,0.7946428656578064,0.2524019181728363
YNL282W,YLR197W,0,0.552104,0.24097472429275513,0.7946428656578064,0.2525019943714142
YGR171C,YNR008W,0,0.5515448,0.24090225994586945,0.7946428656578064,0.25260207056999207
YHR151C,YBL039C,0,0.5514476,0.24082982540130615,0.7946428656578064,0.25270217657089233
YMR169C,YMR308C,0,0.5511072,0.24075743556022644,0.7946428656578064,0.2528022527694702
YPL266W,YIL005W,0,0.5509826,0.2406850904226303,0.7946428656578064,0.2529023289680481
YER071C,YJL046W,0,0.55092496,0.24061278998851776,0.7946428656578064,0.253002405166626
YOR251C,YKR101W,0,0.5502823,0.2405405342578888,0.7946428656578064,0.25310248136520386
YMR094W,YOR223W,0,0.54966587,0.2404683232307434,0.7946428656578064,0.25320255756378174
YDR002W,YMR282C,0,0.54887444,0.2403961569070816,0.7946428656578064,0.2533026337623596
YGR091W,YML023C,0,0.54844636,0.24032403528690338,0.7946428656578064,0.2534027099609375
YKL032C,YGR140W,0,0.5484415,0.24025194346904755,0.7946428656578064,0.25350281596183777
YOL073C,YJR017C,0,0.54759085,0.2401799112558365,0.7946428656578064,0.25360289216041565
YJL018W,YLR247C,0,0.54737943,0.24010790884494781,0.7946428656578064,0.25370296835899353
YKR027W,YGR276C,0,0.547343,0.24003596603870392,0.7946428656578064,0.2538030445575714
YNR008W,YAL047C,0,0.54701656,0.2399640530347824,0.7946428656578064,0.2539031207561493
YLR164W,YPR073C,0,0.5469295,0.23989218473434448,0.7946428656578064,0.2540031969547272
YPR139C,YDL017W,0,0.54658484,0.23982036113739014,0.7946428656578064,0.25410327315330505
YLR014C,YGL249W,0,0.5460743,0.23974858224391937,0.7946428656578064,0.25420334935188293
YLR352W,YNL061W,0,0.54607326,0.239676833152771,0.7946428656578064,0.2543034553527832
YKL173W,YPL159C,0,0.5459335,0.2396051436662674,0.7946428656578064,0.2544035315513611
YGL025C,YHR005C,0,0.5455035,0.23953349888324738,0.7946428656578064,0.25450360774993896
YMR209C,YJR041C,0,0.5442576,0.23946188390254974,0.7946428656578064,0.25460368394851685
YPR097W,YJL102W,0,0.54374933,0.2393903136253357,0.7946428656578064,0.2547037601470947
YDL171C,YGR006W,0,0.5435889,0.23931878805160522,0.7946428656578064,0.2548038363456726
YHR117W,YLR385C,0,0.5434115,0.23924730718135834,0.7946428656578064,0.2549039125442505
YMR285C,YBL100W-B,1,0.54319096,0.23947447538375854,0.795634925365448,0.2549039125442505
YLR216C,YDR018C,0,0.5431567,0.23940297961235046,0.795634925365448,0.25500398874282837
YML033W,YBR290W,0,0.54304993,0.23933154344558716,0.795634925365448,0.25510409474372864
YBR038W,YDL119C,0,0.5428323,0.23926013708114624,0.795634925365448,0.2552041709423065
YOL163W,YOL051W,0,0.5412853,0.2391887903213501,0.795634925365448,0.2553042471408844
YAL059W,YBL002W,0,0.54113597,0.23911747336387634,0.795634925365448,0.2554043233394623
YHR199C,YEL068C,0,0.5411116,0.23904620110988617,0.795634925365448,0.25550439953804016
YOR129C,YER171W,0,0.54082453,0.23897497355937958,0.795634925365448,0.25560447573661804
YGL038C,YMR259C,0,0.5406413,0.23890377581119537,0.795634925365448,0.2557045519351959
YBR228W,YAR009C,1,0.53983974,0.239130437374115,0.7966269850730896,0.2557045519351959
YPR135W,YPR065W,0,0.5396614,0.2390592396259308,0.7966269850730896,0.2558046579360962
YLR174W,YOR368W,0,0.53965944,0.23898810148239136,0.7966269850730896,0.2559047341346741
YEL018W,YBR236C,0,0.53950226,0.23891699314117432,0.7966269850730896,0.25600481033325195
YGL051W,YPL271W,0,0.53948003,0.23884592950344086,0.7966269850730896,0.25610488653182983
YDL047W,YOL137W,0,0.5394368,0.23877491056919098,0.7966269850730896,0.2562049627304077
YPL196W,YGR140W,0,0.53936166,0.2387039214372635,0.7966269850730896,0.2563050389289856
YPR145W,YMR259C,0,0.5390896,0.23863299190998077,0.7966269850730896,0.2564051151275635
YMR024W,YIL082W-A,1,0.5390464,0.2388591766357422,0.7976190447807312,0.2564051151275635
YPL129W,YDL064W,0,0.5388966,0.23878823220729828,0.7976190447807312,0.25650519132614136
YLR052W,YOR378W,0,0.5388818,0.23871733248233795,0.7976190447807312,0.2566052973270416
YNL010W,YLR275W,0,0.53878313,0.2386464774608612,0.7976190447807312,0.2567053735256195
YOR357C,YJL192C,0,0.5381384,0.23857566714286804,0.7976190447807312,0.2568054497241974
YML015C,YCL075W,0,0.5380602,0.23850490152835846,0.7976190447807312,0.25690552592277527
YJR002W,YDR282C,0,0.53776217,0.23843416571617126,0.7976190447807312,0.25700560212135315
YKL119C,YNL107W,0,0.5377248,0.23836347460746765,0.7976190447807312,0.25710567831993103
YIL168W,YKL124W,0,0.5374928,0.23829282820224762,0.7976190447807312,0.2572057545185089
YOR129C,YLR288C,0,0.5373964,0.23822222650051117,0.7976190447807312,0.2573058307170868
YER111C,YOL148C,0,0.5370139,0.2381516546010971,0.7976190447807312,0.25740593671798706
YPL048W,YLR385C,0,0.53691673,0.23808114230632782,0.7976190447807312,0.25750601291656494
YJL055W,YOR156C,0,0.5366103,0.23801065981388092,0.7976190447807312,0.2576060891151428
YOR110W,YDL064W,0,0.53612614,0.2379402220249176,0.7976190447807312,0.2577061653137207
YLL012W,YDR338C,0,0.53567916,0.23786982893943787,0.7976190447807312,0.2578062415122986
YJR140C,YKL120W,0,0.5352147,0.23779946565628052,0.7976190447807312,0.25790631771087646
YNL290W,YDL234C,0,0.53520566,0.23772914707660675,0.7976190447807312,0.25800639390945435
YGL025C,YNL107W,0,0.53519267,0.23765888810157776,0.7976190447807312,0.2581064999103546
YHR070W,YLR029C,0,0.5349632,0.23758865892887115,0.7976190447807312,0.2582065761089325
YOL032W,YER007W,0,0.5347753,0.23751845955848694,0.7976190447807312,0.2583066523075104
YML092C,YMR069W,0,0.53448385,0.2374483197927475,0.7976190447807312,0.25840672850608826
YAL059W,YGL173C,0,0.5344836,0.23737820982933044,0.7976190447807312,0.25850680470466614
YLL003W,YIL173W,0,0.53447104,0.23730814456939697,0.7976190447807312,0.258606880903244
YJR005W,YGL254W,0,0.53409183,0.23723812401294708,0.7976190447807312,0.2587069571018219
YLR276C,YNR040W,0,0.5339552,0.23716814815998077,0.7976190447807312,0.2588070333003998
YDR162C,YDR312W,0,0.53375244,0.23709820210933685,0.7976190447807312,0.25890713930130005
YER007W,YGR060W,0,0.53342175,0.2370283007621765,0.7976190447807312,0.25900721549987793
YNL107W,YCL045C,0,0.532534,0.23695844411849976,0.7976190447807312,0.2591072916984558
YLR276C,YLR024C,0,0.53140897,0.23688863217830658,0.7976190447807312,0.2592073678970337
YIL035C,YPL159C,0,0.53009224,0.2368188500404358,0.7976190447807312,0.2593074440956116
YOL067C,YKL133C,0,0.52990884,0.23674911260604858,0.7976190447807312,0.25940752029418945
YGL106W,YPL199C,0,0.52957475,0.23667941987514496,0.7976190447807312,0.25950759649276733
YPR022C,YFR015C,0,0.5282581,0.23660977184772491,0.7976190447807312,0.2596076726913452
YGR241C,YDR485C,0,0.52777565,0.23654015362262726,0.7976190447807312,0.2597077786922455
YLR247C,YER183C,0,0.5276957,0.23647059500217438,0.7976190447807312,0.25980785489082336
YDR096W,YPR018W,0,0.5269343,0.2364010512828827,0.7976190447807312,0.25990793108940125
YNL072W,YPL029W,1,0.5263377,0.23662550747394562,0.7986111044883728,0.25990793108940125
YDR109C,YJR014W,0,0.5247916,0.23655597865581512,0.7986111044883728,0.2600080072879791
YBR180W,YDL036C,0,0.5247741,0.23648647964000702,0.7986111044883728,0.260108083486557
YGL249W,YIL138C,0,0.52457726,0.2364170402288437,0.7986111044883728,0.2602081596851349
YDL206W,YKR081C,0,0.5243111,0.23634761571884155,0.7986111044883728,0.26030823588371277
YCL069W,YFL038C,0,0.52235186,0.2362782508134842,0.7986111044883728,0.26040831208229065
YHR178W,YDL209C,0,0.5221243,0.23620891571044922,0.7986111044883728,0.2605084180831909
YGR187C,YFR013W,0,0.5214451,0.23613962531089783,0.7986111044883728,0.2606084942817688
YHR156C,YDL047W,0,0.52120155,0.23607037961483002,0.7986111044883728,0.2607085704803467
YGL115W,YOL098C,0,0.5207639,0.2360011786222458,0.7986111044883728,0.26080864667892456
YDR162C,YHR214W,0,0.52017355,0.23593200743198395,0.7986111044883728,0.26090872287750244
YJL142C,YJL038C,0,0.52011573,0.2358628809452057,0.7986111044883728,0.2610087990760803
YNL282W,YHR006W,0,0.5200438,0.23579378426074982,0.7986111044883728,0.2611088752746582
YHR070W,YMR094W,0,0.5200002,0.23572474718093872,0.7986111044883728,0.26120898127555847
YKL149C,YLR287C-A,0,0.51930326,0.23565573990345,0.7986111044883728,0.26130905747413635
YNL299W,YJL117W,0,0.51892376,0.23558677732944489,0.7986111044883728,0.26140913367271423
YMR243C,YBR062C,0,0.51869565,0.23551784455776215,0.7986111044883728,0.2615092098712921
YDL117W,YOL057W,0,0.51859045,0.235448956489563,0.7986111044883728,0.26160928606987
YDR109C,YNL129W,0,0.5180071,0.2353801131248474,0.7986111044883728,0.2617093622684479
YGL085W,YOR330C,1,0.51733077,0.23560363054275513,0.7996031641960144,0.2617093622684479
YMR287C,YLR154C,1,0.5167905,0.2358269989490509,0.800595223903656,0.2617093622684479
YLR451W,YKL155C,0,0.5166328,0.23575811088085175,0.800595223903656,0.26180943846702576
YOR261C,YNL249C,0,0.5165796,0.23568925261497498,0.800595223903656,0.26190951466560364
YLR176C,YDR407C,0,0.5159902,0.2356204390525818,0.800595223903656,0.2620096206665039
YDR312W,YOR189W,0,0.51584566,0.23555167019367218,0.800595223903656,0.2621096968650818
YJL131C,YDL036C,0,0.5155075,0.23548293113708496,0.800595223903656,0.26220977306365967
YHR150W,YDR267C,0,0.5150342,0.23541423678398132,0.800595223903656,0.26230984926223755
YMR300C,YJL189W,0,0.5148549,0.23534558713436127,0.800595223903656,0.26240992546081543
YNR040W,YAL047C,0,0.51468605,0.2352769672870636,0.800595223903656,0.2625100016593933
YIR024C,YJL209W,0,0.51440924,0.2352083921432495,0.800595223903656,0.2626100778579712
YER078C,YLR293C,0,0.51314217,0.235139861702919,0.800595223903656,0.2627101540565491
YMR285C,YNL084C,0,0.51248866,0.2350713610649109,0.800595223903656,0.26281026005744934
YOL011W,YJR097W,0,0.51146185,0.23500290513038635,0.800595223903656,0.2629103362560272
YMR285C,YCL058C,0,0.5108362,0.2349344938993454,0.800595223903656,0.2630104124546051
YPL207W,YOL098C,0,0.50993294,0.23486612737178802,0.800595223903656,0.263110488653183
YHL034C,YKR025W,0,0.5094259,0.23479779064655304,0.800595223903656,0.26321056485176086
YLL024C,YNL122C,0,0.50940394,0.23472949862480164,0.800595223903656,0.26331064105033875
YOL073C,YIL070C,0,0.5092467,0.23466123640537262,0.800595223903656,0.2634107172489166
YHR011W,YEL068C,0,0.5077174,0.23459301888942719,0.800595223903656,0.2635108232498169
YML060W,YDR098C,0,0.507458,0.23452484607696533,0.800595223903656,0.2636108994483948
YBR071W,YPR009W,0,0.5064762,0.23445671796798706,0.800595223903656,0.26371097564697266
YLR005W,YDR254W,0,0.50629914,0.23438861966133118,0.800595223903656,0.26381105184555054
YJR010C-A,YDR338C,0,0.5062352,0.23432055115699768,0.800595223903656,0.2639111280441284
YOR236W,YKL120W,0,0.5060965,0.23425254225730896,0.800595223903656,0.2640112042427063
YPR009W,YOR223W,0,0.505947,0.23418456315994263,0.800595223903656,0.2641112804412842
YLR164W,YOR066W,0,0.50567853,0.23411662876605988,0.800595223903656,0.26421135663986206
YBR156C,YMR087W,0,0.5054472,0.2340487241744995,0.800595223903656,0.26431146264076233
YPL083C,YJL113W,1,0.50510705,0.23427079617977142,0.8015872836112976,0.26431146264076233
YGL064C,YDR004W,0,0.503876,0.23420289158821106,0.8015872836112976,0.2644115388393402
YOR163W,YBR100W,1,0.503471,0.23442479968070984,0.8025793433189392,0.2644115388393402
YKL033W-A,YCR004C,0,0.5033125,0.23435689508914948,0.8025793433189392,0.2645116150379181
YGL106W,YFR013W,0,0.50317866,0.2342890202999115,0.8025793433189392,0.26461169123649597
YOR147W,YDR363W,0,0.5031737,0.2342211902141571,0.8025793433189392,0.26471176743507385
YHR206W,YDR377W,0,0.5030664,0.2341534048318863,0.8025793433189392,0.26481184363365173
YNL289W,YNR008W,0,0.50251955,0.23408564925193787,0.8025793433189392,0.2649119198322296
YPR061C,YHR178W,0,0.5024847,0.23401793837547302,0.8025793433189392,0.2650119960308075
YLR457C,YBR175W,0,0.50179636,0.23395025730133057,0.8025793433189392,0.26511210203170776
YDR347W,YBR013C,0,0.50159734,0.2338826209306717,0.8025793433189392,0.26521217823028564
YOL111C,YHR214W,0,0.5014776,0.2338150292634964,0.8025793433189392,0.2653122544288635
YOR163W,YJR029W,1,0.50112814,0.2340364009141922,0.8035714030265808,0.2653122544288635
YMR046C,YBL002W,0,0.5006041,0.2339688092470169,0.8035714030265808,0.2654123306274414
YGR270W,YDL064W,0,0.5005976,0.233901247382164,0.8035714030265808,0.2655124068260193
YDR087C,YCR071C,0,0.5005195,0.23383371531963348,0.8035714030265808,0.26561248302459717
YHR076W,YDL119C,0,0.500159,0.23376622796058655,0.8035714030265808,0.26571255922317505
YLR227C,YBL106C,0,0.49993318,0.2336987853050232,0.8035714030265808,0.26581263542175293
YHL015W,YMR258C,0,0.49947438,0.23363138735294342,0.8035714030265808,0.2659127414226532
YKL033W,YPL269W,0,0.4993629,0.23356401920318604,0.8035714030265808,0.2660128176212311
YGR047C,YOR148C,0,0.4993375,0.23349668085575104,0.8035714030265808,0.26611289381980896
YNL278W,YER183C,0,0.49929395,0.23342940211296082,0.8035714030265808,0.26621297001838684
YGL254W,YKL120W,0,0.4989042,0.2333621382713318,0.8035714030265808,0.2663130462169647
YKL155C,YPL012W,0,0.4988234,0.23329493403434753,0.8035714030265808,0.2664131224155426
YHR053C,YOL089C,0,0.49873158,0.23322775959968567,0.8035714030265808,0.2665131986141205
YBR045C,YBL061C,0,0.4985719,0.2331606149673462,0.8035714030265808,0.26661330461502075
YHR112C,YNL290W,0,0.4985002,0.2330935299396515,0.8035714030265808,0.26671338081359863
YJL144W,YML060W,0,0.49837628,0.23302645981311798,0.8035714030265808,0.2668134570121765
YDR073W,YMR070W,0,0.4975232,0.23295944929122925,0.8035714030265808,0.2669135332107544
YLR164W,YOR009W,0,0.4968448,0.2328924685716629,0.8035714030265808,0.2670136094093323
YOL067C,YGR028W,0,0.49509412,0.23282551765441895,0.8035714030265808,0.26711368560791016
YPR022C,YGR002C,0,0.49459115,0.23275862634181976,0.8035714030265808,0.26721376180648804
YIL044C,YFL009W,0,0.49424833,0.23269174993038177,0.8035714030265808,0.2673138380050659
YPR139C,YPR173C,0,0.49362418,0.23262493312358856,0.8035714030265808,0.2674139440059662
YFL011W,YMR267W,0,0.49333182,0.23255814611911774,0.8035714030265808,0.26751402020454407
YBR084W,YFR002W,0,0.49308547,0.2324913889169693,0.8035714030265808,0.26761409640312195
YGR047C,YFR031C,0,0.49260393,0.23242467641830444,0.8035714030265808,0.26771417260169983
YOR071C,YGL005C,0,0.49254805,0.23235800862312317,0.8035714030265808,0.2678142488002777
YDR295C,YNR006W,0,0.4923894,0.23229137063026428,0.8035714030265808,0.2679143249988556
YDR481C,YOR223W,0,0.4920918,0.23222477734088898,0.8035714030265808,0.26801440119743347
YPL106C,YGR058W,0,0.491726,0.23215821385383606,0.8035714030265808,0.26811447739601135
YEL016C,YMR024W,1,0.4904151,0.23237822949886322,0.8045634627342224,0.26811447739601135
YIR026C,YML091C,0,0.49036953,0.2323116511106491,0.8045634627342224,0.2682145833969116
YCR048W,YGR122W,0,0.49030393,0.23224513232707977,0.8045634627342224,0.2683146595954895
YIR015W,YML091C,1,0.490041,0.23246492445468903,0.8055555820465088,0.2683146595954895
YFL020C,YDR185C,0,0.4898325,0.2323983907699585,0.8055555820465088,0.2684147357940674
YHR082C,YBR002C,0,0.4898177,0.23233190178871155,0.8055555820465088,0.26851481199264526
YMR308C,YHR066W,0,0.48970446,0.232265442609787,0.8055555820465088,0.26861488819122314
YMR074C,YNL059C,0,0.48946378,0.232199028134346,0.8055555820465088,0.268714964389801
YLR157C,YDR279W,0,0.4888929,0.23213264346122742,0.8055555820465088,0.2688150405883789
YPR175W,YOL057W,0,0.48829326,0.2320663034915924,0.8055555820465088,0.2689151465892792
YNL010W,YJR124C,0,0.48823622,0.23199999332427979,0.8055555820465088,0.26901522278785706
YPL029W,YJL192C,0,0.4880623,0.23193372786045074,0.8055555820465088,0.26911529898643494
YMR224C,YBL055C,1,0.48722714,0.232153058052063,0.8065476417541504,0.26911529898643494
YLR226W,YPL060W,0,0.48718473,0.23208677768707275,0.8065476417541504,0.2692153751850128
YGR134W,YGR058W,0,0.4871001,0.2320205420255661,0.8065476417541504,0.2693154513835907
YOR083W,YPR089W,0,0.48689836,0.23195435106754303,0.8065476417541504,0.2694155275821686
YGR134W,YOL098C,0,0.48678598,0.23188818991184235,0.8065476417541504,0.26951560378074646
YLR211C,YDL093W,0,0.48668155,0.23182207345962524,0.8065476417541504,0.26961567997932434
YPL259C,YJL194W,0,0.486634,0.23175598680973053,0.8065476417541504,0.2697157859802246
YNL080C,YNL021W,0,0.48661315,0.2316899448633194,0.8065476417541504,0.2698158621788025
YLR021W,YDR202C,0,0.48634797,0.23162393271923065,0.8065476417541504,0.26991593837738037
YOL067C,YOR148C,0,0.48605546,0.2315579652786255,0.8065476417541504,0.27001601457595825
YNL282W,YAL008W,0,0.48586175,0.2314920276403427,0.8065476417541504,0.27011609077453613
YGL085W,YOR166C,1,0.48568138,0.2317107915878296,0.807539701461792,0.27011609077453613
YLR385C,YLR029C,0,0.48558205,0.23164485394954681,0.807539701461792,0.270216166973114
YML068W,YGL095C,0,0.48549753,0.23157894611358643,0.807539701461792,0.2703162431716919
YPL163C,YLR073C,0,0.48481545,0.23151308298110962,0.807539701461792,0.2704163193702698
YPL155C,YGR007W,0,0.48399234,0.2314472496509552,0.807539701461792,0.27051642537117004
YNL197C,YJR014W,0,0.48356256,0.23138146102428436,0.807539701461792,0.2706165015697479
YHR065C,YLR024C,0,0.48350278,0.2313157171010971,0.807539701461792,0.2707165777683258
YLL003W,YLR385C,0,0.48342764,0.23125000298023224,0.807539701461792,0.2708166539669037
YDR371W,YMR033W,0,0.48247284,0.23118431866168976,0.807539701461792,0.27091673016548157
YHR065C,YAL029C,0,0.48186705,0.23111867904663086,0.807539701461792,0.27101680636405945
YKL078W,YOR332W,0,0.48038575,0.23105308413505554,0.807539701461792,0.27111688256263733
YDR266C,YGR175C,0,0.4802412,0.2309875190258026,0.807539701461792,0.2712169587612152
YFL055W,YCR044C,0,0.4798938,0.23092198371887207,0.807539701461792,0.2713170647621155
YGR047C,YKL004W,0,0.4792252,0.2308564931154251,0.807539701461792,0.27141714096069336
YLR118C,YGL249W,0,0.47898862,0.23079104721546173,0.807539701461792,0.27151721715927124
YGR081C,YDL234C,0,0.4782597,0.23072561621665955,0.807539701461792,0.2716172933578491
YOL080C,YHL002W,0,0.47762072,0.23066024482250214,0.807539701461792,0.271717369556427
YHR002W,YOR083W,0,0.47756645,0.23059490323066711,0.807539701461792,0.2718174457550049
YJR067C,YDR407C,0,0.47754115,0.23052959144115448,0.807539701461792,0.27191752195358276
YGL092W,YGL171W,0,0.47737157,0.23046432435512543,0.807539701461792,0.27201762795448303
YOL022C,YBR162W-A,0,0.47707668,0.23039908707141876,0.807539701461792,0.2721177041530609
YBR167C,YGR027W-B,1,0.4765253,0.23061686754226685,0.8085317611694336,0.2721177041530609
YPR135W,YIL122W,0,0.4764144,0.23055163025856018,0.8085317611694336,0.2722177803516388
YDR056C,YNL334C,0,0.47632897,0.2304864227771759,0.8085317611694336,0.2723178565502167
YOL130W,YGL090W,0,0.47617933,0.2304212599992752,0.8085317611694336,0.27241793274879456
YBL018C,YOR330C,1,0.4760923,0.2306387722492218,0.8095238208770752,0.27241793274879456
YKL006C-A,YER098W,0,0.4758107,0.2305736094713211,0.8095238208770752,0.27251800894737244
YHL016C,YJL131C,0,0.47504547,0.2305084764957428,0.8095238208770752,0.2726180851459503
YEL062W,YMR294W,0,0.47469848,0.23044337332248688,0.8095238208770752,0.2727181613445282
YGL085W,YOR001W,1,0.47439638,0.23066064715385437,0.8105158805847168,0.2727181613445282
YGL005C,YOR062C,0,0.47410828,0.23059554398059845,0.8105158805847168,0.27281826734542847
YNL092W,YFL054C,0,0.47391775,0.23053047060966492,0.8105158805847168,0.27291834354400635
YHR112C,YPR157W,0,0.47364965,0.23046544194221497,0.8105158805847168,0.27301841974258423
YNL009W,YDR240C,0,0.47349787,0.2304004579782486,0.8105158805847168,0.2731184959411621
YJL102W,YPL275W,0,0.47294128,0.23033548891544342,0.8105158805847168,0.27321857213974
YOL033W,YLR287C-A,0,0.47245267,0.23027057945728302,0.8105158805847168,0.27331864833831787
YOL163W,YER174C,0,0.47224632,0.2302056849002838,0.8105158805847168,0.27341872453689575
YOL011W,YGR058W,0,0.47224092,0.23014084994792938,0.8105158805847168,0.27351880073547363
YDL185W,YOR251C,0,0.4721314,0.23007602989673615,0.8105158805847168,0.2736189067363739
YKR048C,YNL087W,0,0.47169182,0.2300112545490265,0.8105158805847168,0.2737189829349518
YJL200C,YDR162C,0,0.47147468,0.22994652390480042,0.8105158805847168,0.27381905913352966
YLR135W,YJL208C,1,0.4709501,0.23016320168972015,0.8115079402923584,0.27381905913352966
YBR100W,YJL076W,0,0.47081736,0.23009845614433289,0.8115079402923584,0.27391913533210754
YEL030W,YHL008C,0,0.47001454,0.230033740401268,0.8115079402923584,0.2740192115306854
YLR356W,YOR295W,0,0.46971133,0.2299690693616867,0.8115079402923584,0.2741192877292633
YDR540C,YML081W,0,0.46952164,0.229904443025589,0.8115079402923584,0.2742193639278412
YDR347W,YER158C,0,0.4693524,0.22983984649181366,0.8115079402923584,0.27431946992874146
YDR076W,YHR062C,1,0.46893114,0.23005618155002594,0.8125,0.27431946992874146
YOR067C,YOR001W,0,0.46884736,0.22999157011508942,0.8125,0.27441954612731934
YPL106C,YPL241C,0,0.46847808,0.22992700338363647,0.8125,0.2745196223258972
YGL173C,YER012W,0,0.46821216,0.22986248135566711,0.8125,0.2746196985244751
YIR024C,YMR267W,0,0.4680615,0.22979797422885895,0.8125,0.274719774723053
YKR051W,YDR407C,0,0.46791795,0.22973352670669556,0.8125,0.27481985092163086
YPR135W,YDR314C,0,0.46786317,0.22966909408569336,0.8125,0.27491992712020874
YJL196C,YMR124W,0,0.46782973,0.22960470616817474,0.8125,0.2750200033187866
YDR016C,YMR277W,0,0.46767464,0.2295403629541397,0.8125,0.2751201093196869
YDR288W,YBR154C,0,0.4674042,0.22947604954242706,0.8125,0.27522018551826477
YML064C,YPR175W,0,0.46697524,0.2294117659330368,0.8125,0.27532026171684265
YDR027C,YKL078W,0,0.46638903,0.22934752702713013,0.8125,0.27542033791542053
YKL173W,YBR201W,0,0.46635464,0.22928331792354584,0.8125,0.2755204141139984
YKL211C,YDR338C,0,0.46605542,0.22921913862228394,0.8125,0.2756204903125763
YMR087W,YDR267C,0,0.46543387,0.22915500402450562,0.8125,0.2757205665111542
YLR253W,YIL027C,0,0.46446234,0.22909091413021088,0.8125,0.27582064270973206
YDR110W,YGR060W,0,0.46440244,0.22902683913707733,0.8125,0.2759207487106323
YKR093W,YJL018W,0,0.46419224,0.22896282374858856,0.8125,0.2760208249092102
YGL249W,YDR004W,0,0.4629333,0.228898823261261,0.8125,0.2761209011077881
YMR285C,YHR006W,0,0.4628777,0.228834867477417,0.8125,0.27622097730636597
YCR031C,YDR489W,0,0.46276942,0.22877095639705658,0.8125,0.27632105350494385
YER174C,YIL009W,0,0.4624842,0.22870706021785736,0.8125,0.27642112970352173
YLL054C,YLR356W,0,0.46234572,0.22864320874214172,0.8125,0.2765212059020996
YDL167C,YAL002W,0,0.46230426,0.22857940196990967,0.8125,0.2766213119029999
YDL206W,YNL092W,0,0.4622139,0.228515625,0.8125,0.27672138810157776
YOR093C,YDR093W,0,0.46206978,0.22845187783241272,0.8125,0.27682146430015564
YOR171C,YBR182C,0,0.46191877,0.22838817536830902,0.8125,0.2769215404987335
YOL008W,YOR251C,0,0.46190196,0.2283245027065277,0.8125,0.2770216166973114
YKL143W,YGR255C,0,0.46177754,0.22826087474822998,0.8125,0.2771216928958893
YGR031W,YKL189W,0,0.46163905,0.22819727659225464,0.8125,0.27722176909446716
YPR038W,YOR083W,0,0.46135193,0.22813370823860168,0.8125,0.27732184529304504
YNL282W,YDL206W,0,0.46132496,0.22807016968727112,0.8125,0.2774219512939453
YJL107C,YOR378W,0,0.46128324,0.22800667583942413,0.8125,0.2775220274925232
YCL074W,YMR094W,0,0.46119592,0.22794322669506073,0.8125,0.2776221036911011
YER163C,YDR194C,0,0.46064192,0.22787979245185852,0.8125,0.27772217988967896
YDR493W,YBR182C,0,0.46057203,0.2278164178133011,0.8125,0.27782225608825684
YBR261C,YIR030C,0,0.4603903,0.22775305807590485,0.8125,0.2779223322868347
YDR147W,YGR006W,0,0.45980373,0.2276897430419922,0.8125,0.2780224084854126
YMR137C,YJL087C,1,0.45958093,0.22790439426898956,0.8134920597076416,0.2780224084854126
YML081W,YER091C,0,0.4584725,0.2278410643339157,0.8134920597076416,0.2781224846839905
YNL046W,YMR002W,0,0.45842686,0.22777777910232544,0.8134920597076416,0.27822259068489075
YBR264C,YIL126W,0,0.45839372,0.22771452367305756,0.8134920597076416,0.27832266688346863
YJR054W,YNL090W,0,0.45835268,0.22765129804611206,0.8134920597076416,0.2784227430820465
YDL085W,YDR065W,0,0.45810273,0.22758811712265015,0.8134920597076416,0.2785228192806244
YHR112C,YKL187C,0,0.45754313,0.22752496600151062,0.8134920597076416,0.27862289547920227
YLR345W,YDR210W,0,0.45753184,0.22746185958385468,0.8134920597076416,0.27872297167778015
YDR223W,YKL077W,0,0.45751587,0.22739878296852112,0.8134920597076416,0.27882304787635803
YHR002W,YKL104C,0,0.45730558,0.22733573615550995,0.8134920597076416,0.2789231240749359
YGL064C,YPL007C,0,0.45676824,0.22727273404598236,0.8134920597076416,0.2790232300758362
YNL309W,YOR378W,0,0.45643902,0.22720974683761597,0.8134920597076416,0.27912330627441406
YOR145C,YBL106C,0,0.45615992,0.22714681923389435,0.8134920597076416,0.27922338247299194
YBR228W,YER160C,1,0.45593336,0.22736084461212158,0.8144841194152832,0.27922338247299194
YDR346C,YLR197W,0,0.45587477,0.22729790210723877,0.8144841194152832,0.2793234586715698
YAR002W,YGR262C,0,0.45578173,0.22723498940467834,0.8144841194152832,0.2794235348701477
YER007W,YML023C,0,0.4557689,0.2271721065044403,0.8144841194152832,0.2795236110687256
YOL033W,YGR029W,0,0.45573446,0.22710926830768585,0.8144841194152832,0.27962368726730347
YLR164W,YKL120W,0,0.45540354,0.22704645991325378,0.8144841194152832,0.27972379326820374
YBR228W,YOL042W,1,0.4553574,0.22726015746593475,0.8154761791229248,0.27972379326820374
YGR236C,YPL123C,0,0.45528004,0.22719734907150269,0.8154761791229248,0.2798238694667816
YOR232W,YDR421W,0,0.45515057,0.227134570479393,0.8154761791229248,0.2799239456653595
YER078C,YOL069W,0,0.45502463,0.2270718216896057,0.8154761791229248,0.2800240218639374
YPL170W,YDR338C,0,0.45452031,0.227009117603302,0.8154761791229248,0.28012409806251526
YFL024C,YDR458C,0,0.45444235,0.22694644331932068,0.8154761791229248,0.28022417426109314
YHR039C-A,YKR084C,0,0.45422634,0.22688379883766174,0.8154761791229248,0.280324250459671
YHR156C,YKR044W,0,0.45403728,0.2268211990594864,0.8154761791229248,0.2804243266582489
YHR086W,YOR001W,0,0.45375124,0.22675861418247223,0.8154761791229248,0.28052443265914917
YGR026W,YOR087W,0,0.45362145,0.22669608891010284,0.8154761791229248,0.28062450885772705
YHR151C,YHR177W,0,0.4530888,0.22663357853889465,0.8154761791229248,0.28072458505630493
YER118C,YML011C,0,0.45304862,0.22657111287117004,0.8154761791229248,0.2808246612548828
YGR203W,YHR001W,0,0.45275536,0.22650867700576782,0.8154761791229248,0.2809247374534607
YFL052W,YMR274C,0,0.45260552,0.22644628584384918,0.8154761791229248,0.2810248136520386
YNL263C,YDR185C,0,0.45156902,0.22638390958309174,0.8154761791229248,0.28112488985061646
YOL051W,YPR089W,0,0.45126393,0.22632159292697906,0.8154761791229248,0.28122496604919434
YLR052W,YJL107C,0,0.45076662,0.2262592911720276,0.8154761791229248,0.2813250720500946
YIL036W,YLR214W,0,0.45069695,0.2261970341205597,0.8154761791229248,0.2814251482486725
YKL052C,YNL072W,0,0.4501781,0.22613480687141418,0.8154761791229248,0.28152522444725037
YPL148C,YIL122W,0,0.4501521,0.22607260942459106,0.8154761791229248,0.28162530064582825
YGR047C,YNR020C,0,0.4494275,0.22601044178009033,0.8154761791229248,0.28172537684440613
YOR167C,YPR089W,0,0.4483982,0.22594831883907318,0.8154761791229248,0.281825453042984
YDR210W,YLR078C,0,0.4483265,0.22588622570037842,0.8154761791229248,0.2819255292415619
YDR370C,YJL208C,1,0.4481419,0.226098895072937,0.8164682388305664,0.2819255292415619
YKL014C,YHR173C,0,0.44813308,0.22603680193424225,0.8164682388305664,0.28202563524246216
YKL090W,YNL262W,1,0.44795734,0.2262493073940277,0.817460298538208,0.28202563524246216
YDR038C,YLR160C,0,0.44785467,0.22618721425533295,0.817460298538208,0.28212571144104004
YPL022W,YDR019C,0,0.44778803,0.22612513601779938,0.817460298538208,0.2822257876396179
YDR175C,YMR259C,0,0.4475437,0.2260631024837494,0.817460298538208,0.2823258638381958
YOR151C,YJR014W,0,0.44727147,0.2260010987520218,0.817460298538208,0.2824259400367737
YDL126C,YMR111C,0,0.44712272,0.22593912482261658,0.817460298538208,0.28252601623535156
YOR261C,YBR156C,0,0.44711545,0.22587719559669495,0.817460298538208,0.28262609243392944
YLR352W,YKR035W-A,0,0.44657794,0.2258152961730957,0.817460298538208,0.2827261686325073
YGR245C,YLR253W,0,0.44641045,0.22575342655181885,0.817460298538208,0.2828262746334076
YOL163W,YPR115W,0,0.44622016,0.22569158673286438,0.817460298538208,0.2829263508319855
YHR043C,YMR040W,0,0.44592813,0.2256297916173935,0.817460298538208,0.28302642703056335
YLR466W,YGR120C,0,0.44539437,0.225568026304245,0.817460298538208,0.28312650322914124
YOR236W,YAL029C,0,0.44528624,0.22550629079341888,0.817460298538208,0.2832265794277191
YDR179C,YOR278W,0,0.44462642,0.22544459998607635,0.817460298538208,0.283326655626297
YLL035W,YGR170W,0,0.44440684,0.2253829389810562,0.817460298538208,0.2834267318248749
YMR023C,YDR495C,0,0.4441058,0.22532130777835846,0.817460298538208,0.28352680802345276
YCR065W,YPL012W,0,0.44322482,0.2252597063779831,0.817460298538208,0.283626914024353
YBR087W,YOR148C,0,0.44313923,0.22519813477993011,0.817460298538208,0.2837269902229309
YMR259C,YJL020C,0,0.44251788,0.22513660788536072,0.817460298538208,0.2838270664215088
YMR211W,YPR080W,0,0.44227606,0.2250751107931137,0.817460298538208,0.28392714262008667
YIL070C,YLL035W,0,0.44197875,0.22501365840435028,0.817460298538208,0.28402721881866455
YJL209W,YJR076C,0,0.44182324,0.22495222091674805,0.817460298538208,0.28412729501724243
YJL055W,YHR081W,0,0.441072,0.2248908281326294,0.817460298538208,0.2842273712158203
YNR021W,YCL004W,0,0.44088012,0.22482946515083313,0.817460298538208,0.2843274474143982
YKL187C,YCR106W,0,0.43994927,0.22476814687252045,0.817460298538208,0.28442755341529846
YBR062C,YML085C,0,0.43936655,0.22470684349536896,0.817460298538208,0.28452762961387634
YML075C,YDL116W,0,0.43901864,0.22464558482170105,0.817460298538208,0.2846277058124542
YDL227C,YGL175C,1,0.43896887,0.2248569130897522,0.8184523582458496,0.2846277058124542
YPR157W,YDR498C,0,0.43896592,0.2247956395149231,0.8184523582458496,0.2847277820110321
YBL074C,YPL146C,0,0.4388637,0.22473441064357758,0.8184523582458496,0.28482785820961
YOR066W,YKL071W,0,0.4386299,0.22467319667339325,0.8184523582458496,0.28492793440818787
YHR115C,YNL273W,0,0.4383597,0.2246120274066925,0.8184523582458496,0.28502801060676575
YJL144W,YKL021C,0,0.4381896,0.22455090284347534,0.8184523582458496,0.285128116607666
YNL010W,YPL275W,0,0.43786445,0.22448979318141937,0.8184523582458496,0.2852281928062439
YDL202W,YLR314C,0,0.43774953,0.22442872822284698,0.8184523582458496,0.2853282690048218
YKL187C,YGR288W,0,0.43759868,0.22436769306659698,0.8184523582458496,0.28542834520339966
YJR136C,YER007W,0,0.43756518,0.22430668771266937,0.8184523582458496,0.28552842140197754
YHR032W,YGR191W,0,0.437304,0.22424571216106415,0.8184523582458496,0.2856284976005554
YLR421C,YMR111C,0,0.43715087,0.2241847813129425,0.8184523582458496,0.2857285737991333
YNL281W,YGR116W,0,0.43657908,0.22412388026714325,0.8184523582458496,0.2858286499977112
YER007W,YCL075W,0,0.43653914,0.22406300902366638,0.8184523582458496,0.28592875599861145
YDR315C,YBR034C,0,0.43637398,0.2240021675825119,0.8184523582458496,0.28602883219718933
YPR173C,YDR390C,0,0.43551984,0.223941370844841,0.8184523582458496,0.2861289083957672
YLR352W,YKL201C,0,0.43550214,0.2238806039094925,0.8184523582458496,0.2862289845943451
YMR209C,YNL016W,0,0.4353864,0.22381985187530518,0.8184523582458496,0.286329060792923
YJL107C,YHR184W,0,0.4353202,0.22375915944576263,0.8184523582458496,0.28642913699150085
YDR223W,YGL095C,0,0.4353021,0.2236984819173813,0.8184523582458496,0.28652921319007874
YAL059W,YLR032W,0,0.43512964,0.22363784909248352,0.8184523582458496,0.2866292893886566
YGR277C,YDR253C,0,0.4343916,0.22357723116874695,0.8184523582458496,0.2867293953895569
YOR274W,YJL131C,0,0.4340708,0.22351665794849396,0.8184523582458496,0.28682947158813477
YJL185C,YKL201C,0,0.43400273,0.22345611453056335,0.8184523582458496,0.28692954778671265
YOR372C,YMR285C,0,0.4339346,0.22339561581611633,0.8184523582458496,0.2870296239852905
YER078C,YPL271W,0,0.433183,0.2233351320028305,0.8184523582458496,0.2871297001838684
YDR540C,YDL167C,0,0.43295267,0.22327469289302826,0.8184523582458496,0.2872297763824463
YAL021C,YJL113W,1,0.43294922,0.2234848439693451,0.8194444179534912,0.2872297763824463
YJR124C,YIR030C,0,0.43263873,0.22342440485954285,0.8194444179534912,0.28732985258102417
YLR275W,YMR106C,0,0.43194494,0.2233639806509018,0.8194444179534912,0.28742995858192444
YPL231W,YPL029W,0,0.43166658,0.22330360114574432,0.8194444179534912,0.2875300347805023
YNL001W,YGL175C,1,0.43146876,0.22351351380348206,0.8204365372657776,0.2875300347805023
YDR279W,YMR292W,0,0.4311798,0.2234531193971634,0.8204365372657776,0.2876301109790802
YLR251W,YEL068C,0,0.43056947,0.22339275479316711,0.8204365372657776,0.2877301871776581
YOR298C-A,YDL237W,0,0.4302304,0.22333243489265442,0.8204365372657776,0.28783026337623596
YMR104C,YBR090C-A,0,0.43013635,0.2232721447944641,0.8204365372657776,0.28793033957481384
YNL107W,YKL074C,0,0.4299328,0.223211869597435,0.8204365372657776,0.2880304157733917
YOL137W,YDR474C,0,0.42986444,0.22315163910388947,0.8204365372657776,0.2881304919719696
YKL187C,YPL098C,0,0.4295303,0.22309145331382751,0.8204365372657776,0.2882305979728699
YGL249W,YDL193W,0,0.42936414,0.22303128242492676,0.8204365372657776,0.28833067417144775
YLR223C,YPL141C,0,0.4291596,0.22297115623950958,0.8204365372657776,0.28843075037002563
YFL052W,YOL062C,0,0.42891625,0.2229110449552536,0.8204365372657776,0.2885308265686035
YNL290W,YML121W,0,0.4288551,0.2228509783744812,0.8204365372657776,0.2886309027671814
YER141W,YKL143W,0,0.42880532,0.2227909415960312,0.8204365372657776,0.2887309789657593
YBR233W-A,YOR016C,0,0.428636,0.22273094952106476,0.8204365372657776,0.28883105516433716
YGR241C,YOR232W,0,0.42799592,0.22267097234725952,0.8204365372657776,0.28893113136291504
YPR038W,YPL121C,0,0.4275966,0.22261103987693787,0.8204365372657776,0.2890312373638153
YMR321C,YCR048W,0,0.4274265,0.2225511372089386,0.8204365372657776,0.2891313135623932
YMR296C,YPR080W,0,0.4271722,0.22249124944210052,0.8204365372657776,0.28923138976097107
YGR081C,YDR044W,0,0.42699492,0.22243142127990723,0.8204365372657776,0.28933146595954895
YOL067C,YML068W,0,0.42686132,0.22237160801887512,0.8204365372657776,0.28943154215812683
YOR172W,YJR014W,0,0.4268097,0.2223118245601654,0.8204365372657776,0.2895316183567047
YLR116W,YDL192W,0,0.42626238,0.22225208580493927,0.8204365372657776,0.2896316945552826
YDR038C,YLR345W,0,0.4256863,0.22219237685203552,0.8204365372657776,0.2897317707538605
YLR052W,YDR064W,0,0.42541316,0.22213268280029297,0.8204365372657776,0.28983187675476074
YNL207W,YMR169C,0,0.42531285,0.222073033452034,0.8204365372657776,0.2899319529533386
YBR100W,YNL107W,0,0.4250795,0.2220134288072586,0.8204365372657776,0.2900320291519165
YNL016W,YOR236W,0,0.42416552,0.2219538390636444,0.8204365372657776,0.2901321053504944
YGR047C,YCL069W,0,0.42402387,0.2218942791223526,0.8204365372657776,0.29023218154907227
YPR038W,YFL036W,0,0.42316815,0.22183476388454437,0.8204365372657776,0.29033225774765015
YML003W,YGR177C,0,0.42306346,0.22177527844905853,0.8204365372657776,0.290432333946228
YGR251W,YJL062W,0,0.4226193,0.22171582281589508,0.8204365372657776,0.2905324399471283
YOR368W,YBR045C,0,0.4225288,0.22165639698505402,0.8204365372657776,0.2906325161457062
YKR062W,YDR299W,0,0.42235813,0.22159700095653534,0.8204365372657776,0.29073259234428406
YPR018W,YKL077W,0,0.42209712,0.22153763473033905,0.8204365372657776,0.29083266854286194
YDR462W,YDR320C,0,0.4219786,0.22147831320762634,0.8204365372657776,0.2909327447414398
YMR227C,YJL041W,0,0.421823,0.22141900658607483,0.8204365372657776,0.2910328209400177
YKL081W,YPR013C,0,0.42151085,0.2213597446680069,0.8204365372657776,0.2911328971385956
YNL119W,YOR295W,0,0.42145804,0.22130051255226135,0.8204365372657776,0.29123297333717346
YBR241C,YKL211C,0,0.42135596,0.2212413102388382,0.8204365372657776,0.29133307933807373
YKL173W,YHR082C,0,0.42058745,0.22118213772773743,0.8204365372657776,0.2914331555366516
YGL085W,YDL102W,1,0.42054263,0.22139038145542145,0.8214285969734192,0.2914331555366516
YML092C,YNL194C,0,0.4202733,0.22133119404315948,0.8214285969734192,0.2915332317352295
YDL167C,YDL234C,0,0.41993818,0.2212720513343811,0.8214285969734192,0.2916333079338074
YPR013C,YML058W,0,0.41983965,0.22121292352676392,0.8214285969734192,0.29173338413238525
YLR132C,YMR024W,1,0.41973022,0.22142094373703003,0.8224206566810608,0.29173338413238525
YDR004W,YLR078C,0,0.41959444,0.22136181592941284,0.8224206566810608,0.29183346033096313
YOR093C,YBR019C,0,0.4189088,0.22130271792411804,0.8224206566810608,0.291933536529541
YCR026C,YCL075W,1,0.41882488,0.22151054441928864,0.8234127163887024,0.291933536529541
YMR190C,YIL148W,0,0.41853115,0.22145144641399384,0.8234127163887024,0.2920336127281189
YIL168W,YOR234C,0,0.41818944,0.22139237821102142,0.8234127163887024,0.29213371872901917
YGL025C,YBR135W,0,0.4179843,0.2213333398103714,0.8234127163887024,0.29223379492759705
YOL010W,YOR373W,0,0.4178973,0.22127433121204376,0.8234127163887024,0.2923338711261749
YDR034C,YBR241C,0,0.41781887,0.2212153524160385,0.8234127163887024,0.2924339473247528
YLL036C,YMR308C,0,0.41724318,0.22115640342235565,0.8234127163887024,0.2925340235233307
YDR109C,YDL167C,0,0.41683334,0.22109749913215637,0.8234127163887024,0.29263409972190857
YGR251W,YKL168C,0,0.4163503,0.2210386097431183,0.8234127163887024,0.29273417592048645
YNL172W,YBL014C,0,0.41625264,0.22097976505756378,0.8234127163887024,0.2928342819213867
YPR145W,YNL295W,0,0.41589326,0.22092095017433167,0.8234127163887024,0.2929343581199646
YDR386W,YDR293C,1,0.41556126,0.22112825512886047,0.824404776096344,0.2929343581199646
YML015C,YER163C,0,0.4153709,0.22106944024562836,0.824404776096344,0.2930344343185425
YKL052C,YJL041W,0,0.41506618,0.22101064026355743,0.824404776096344,0.29313451051712036
YNL092W,YKL135C,0,0.41459352,0.2209518700838089,0.824404776096344,0.29323458671569824
YLR119W,YML068W,0,0.41415936,0.22089314460754395,0.824404776096344,0.2933346629142761
YMR277W,YJR101W,0,0.41413787,0.22083443403244019,0.824404776096344,0.293434739112854
YGL039W,YKL197C,0,0.41404283,0.22077576816082,0.824404776096344,0.2935348153114319
YDR288W,YGL204C,0,0.41270044,0.22071713209152222,0.824404776096344,0.29363492131233215
YGR277C,YDL201W,0,0.41248268,0.22065852582454681,0.824404776096344,0.29373499751091003
YLR174W,YDL103C,0,0.41222498,0.2205999493598938,0.824404776096344,0.2938350737094879
YCL004W,YPR017C,0,0.4119157,0.22054140269756317,0.824404776096344,0.2939351499080658
YOR255W,YKL195W,0,0.4113225,0.22048288583755493,0.824404776096344,0.2940352261066437
YJR002W,YEL004W,0,0.41033423,0.22042439877986908,0.824404776096344,0.29413530230522156
YML118W,YNL001W,1,0.41012093,0.22063113749027252,0.8253968358039856,0.29413530230522156
YIR028W,YGR183C,0,0.40852642,0.22057263553142548,0.8253968358039856,0.29423537850379944
YKR027W,YCL031C,0,0.40850016,0.220514178276062,0.8253968358039856,0.2943354547023773
YJR124C,YPL089C,0,0.4081327,0.22045575082302094,0.8253968358039856,0.2944355607032776
YOL147C,YDR312W,0,0.4077618,0.22039735317230225,0.8253968358039856,0.29453563690185547
YPR167C,YLL035W,0,0.40688607,0.22033898532390594,0.8253968358039856,0.29463571310043335
YCL058C,YMR274C,0,0.4061189,0.22028064727783203,0.8253968358039856,0.29473578929901123
YJL087C,YOR368W,1,0.40591586,0.22048702836036682,0.8263888955116272,0.29473578929901123
YFL028C,YPR038W,0,0.4057117,0.2204286903142929,0.8263888955116272,0.2948358654975891
YKL006C-A,YGL126W,0,0.405391,0.2203703671693802,0.8263888955116272,0.294935941696167
YMR033W,YBR045C,0,0.40509722,0.22031208872795105,0.8263888955116272,0.2950360178947449
YGL073W,YJL113W,0,0.40421388,0.2202538400888443,0.8263888955116272,0.29513609409332275
YIL035C,YKL168C,0,0.40339682,0.22019560635089874,0.8263888955116272,0.295236200094223
YOR167C,YDR030C,0,0.40332913,0.22013741731643677,0.8263888955116272,0.2953362762928009
YOR023C,YPR073C,0,0.40314904,0.22007925808429718,0.8263888955116272,0.2954363524913788
YMR067C,YFL017C,0,0.40314218,0.22002112865447998,0.8263888955116272,0.29553642868995667
YOL087C,YJL103C,0,0.40303358,0.21996302902698517,0.8263888955116272,0.29563650488853455
YDR334W,YNR008W,0,0.4018673,0.21990495920181274,0.8263888955116272,0.2957365810871124
YPL121C,YMR142C,0,0.40180472,0.2198469191789627,0.8263888955116272,0.2958366572856903
YDL047W,YBR235W,0,0.40141752,0.21978892385959625,0.8263888955116272,0.2959367632865906
YOR354C,YGR122W,0,0.4013659,0.219730943441391,0.8263888955116272,0.29603683948516846
YMR016C,YIL079C,0,0.4013427,0.21967299282550812,0.8263888955116272,0.29613691568374634
YMR074C,YOR279C,0,0.4012215,0.21961508691310883,0.8263888955116272,0.2962369918823242
YJR005W,YGL011C,0,0.40119898,0.21955719590187073,0.8263888955116272,0.2963370680809021
YJL113W,YOR255W,0,0.40116233,0.21949933469295502,0.8263888955116272,0.29643714427948
YLR019W,YML077W,0,0.4005578,0.2194415181875229,0.8263888955116272,0.29653722047805786
YLR223C,YDR254W,0,0.4004166,0.21938371658325195,0.8263888955116272,0.29663729667663574
YIR015W,YGR030C,1,0.4001768,0.2195892632007599,0.8273809552192688,0.29663729667663574
YOL111C,YKL171W,0,0.40014777,0.21953146159648895,0.8273809552192688,0.296737402677536
YPL206C,YCR044C,0,0.39997125,0.2194736897945404,0.8273809552192688,0.2968374788761139
YNL072W,YDR098C,0,0.39984664,0.21941594779491425,0.8273809552192688,0.2969375550746918
YOR124C,YPL131W,0,0.39975497,0.21935823559761047,0.8273809552192688,0.29703763127326965
YJL001W,YJL131C,0,0.39946026,0.2193005532026291,0.8273809552192688,0.29713770747184753
YGL085W,YER160C,1,0.3993635,0.21950578689575195,0.8283730149269104,0.29713770747184753
YOL148C,YJL103C,0,0.399359,0.21944808959960938,0.8283730149269104,0.2972377836704254
YFL017C,YGR122W,0,0.39865443,0.21939043700695038,0.8283730149269104,0.2973378598690033
YNL282W,YHR001W,0,0.39824516,0.21933281421661377,0.8283730149269104,0.2974379360675812
YJL099W,YDR474C,0,0.3979487,0.21927520632743835,0.8283730149269104,0.29753804206848145
YOR172W,YIL118W,0,0.39791295,0.21921764314174652,0.8283730149269104,0.2976381182670593
YBL007C,YLR385C,0,0.397738,0.21916010975837708,0.8283730149269104,0.2977381944656372
YDL150W,YDR288W,0,0.3976051,0.21910259127616882,0.8283730149269104,0.2978382706642151
YPL133C,YKL077W,0,0.39708933,0.21904511749744415,0.8283730149269104,0.29793834686279297
YGR198W,YDL045W-A,0,0.39708877,0.21898767352104187,0.8283730149269104,0.29803842306137085
YDR056C,YNL209W,0,0.39706898,0.21893025934696198,0.8283730149269104,0.29813849925994873
YHR085W,YOL147C,0,0.39653462,0.21887287497520447,0.8283730149269104,0.298238605260849
YML015C,YNL197C,0,0.39637545,0.21881552040576935,0.8283730149269104,0.2983386814594269
YDR432W,YKR007W,0,0.39635834,0.21875818073749542,0.8283730149269104,0.29843875765800476
YIL095W,YDL202W,0,0.39630827,0.21870088577270508,0.8283730149269104,0.29853883385658264
YMR109W,YJL107C,0,0.3962589,0.21864362061023712,0.8283730149269104,0.2986389100551605
YDR363W,YDL036C,0,0.39607576,0.21858638525009155,0.8283730149269104,0.2987389862537384
YER007W,YIR030C,0,0.3948944,0.21852917969226837,0.8283730149269104,0.2988390624523163
YGR180C,YLR419W,0,0.3943279,0.21847200393676758,0.8283730149269104,0.29893913865089417
YHR209W,YNL188W,0,0.39412037,0.21841485798358917,0.8283730149269104,0.29903924465179443
YLL054C,YLR224W,0,0.39405492,0.21835774183273315,0.8283730149269104,0.2991393208503723
YNR040W,YBL030C,0,0.39402092,0.21830065548419952,0.8283730149269104,0.2992393970489502
YKL021C,YGL173C,0,0.39398548,0.21824359893798828,0.8283730149269104,0.2993394732475281
YDR359C,YIL005W,0,0.393848,0.21818657219409943,0.8283730149269104,0.29943954944610596
YDL164C,YCL016C,0,0.39339924,0.21812957525253296,0.8283730149269104,0.29953962564468384
YBR171W,YOR256C,0,0.3931347,0.21807260811328888,0.8283730149269104,0.2996397018432617
YHR085W,YLR056W,0,0.39280626,0.2180156707763672,0.8283730149269104,0.2997397780418396
YBR077C,YIL061C,0,0.39252898,0.21795876324176788,0.8283730149269104,0.29983988404273987
YKL197C,YJR006W,0,0.3925036,0.21790188550949097,0.8283730149269104,0.29993996024131775
YBL058W,YPL029W,0,0.3924588,0.21784502267837524,0.8283730149269104,0.30004003643989563
YCL004W,YJL131C,0,0.3922239,0.2177882045507431,0.8283730149269104,0.3001401126384735
YML059C,YDR030C,0,0.3922051,0.21773141622543335,0.8283730149269104,0.3002401888370514
YHR039C-A,YGR099W,0,0.3919041,0.21767465770244598,0.8283730149269104,0.3003402650356293
YLR352W,YAL034W-A,0,0.39183828,0.217617928981781,0.8283730149269104,0.30044034123420715
YLR433C,YLR166C,0,0.3917321,0.21756123006343842,0.8283730149269104,0.3005404472351074
YER171W,YJL178C,0,0.3913429,0.2175045609474182,0.8283730149269104,0.3006405234336853
YDR073W,YCR034W,0,0.39118147,0.2174479216337204,0.8283730149269104,0.3007405996322632
YCL058C,YDR410C,0,0.3910656,0.21739129722118378,0.8283730149269104,0.30084067583084106
YKL171W,YOL096C,0,0.39053562,0.21733471751213074,0.8283730149269104,0.30094075202941895
YCR007C,YEL032W,0,0.39040598,0.21727816760540009,0.8283730149269104,0.3010408282279968
YNL309W,YGR184C,0,0.39023155,0.21722164750099182,0.8283730149269104,0.3011409044265747
YIL061C,YGR152C,0,0.38913053,0.21716514229774475,0.8283730149269104,0.3012409806251526
YMR105C,YDR210W,0,0.38828376,0.21710868179798126,0.8283730149269104,0.30134108662605286
YOL163W,YPL219W,0,0.38765916,0.21705225110054016,0.8283730149269104,0.30144116282463074
YDR256C,YBR188C,0,0.38750264,0.21699583530426025,0.8283730149269104,0.3015412390232086
YDR055W,YDL119C,0,0.38748106,0.21693946421146393,0.8283730149269104,0.3016413152217865
YIL122W,YDL035C,0,0.38737115,0.21688312292099,0.8283730149269104,0.3017413914203644
YEL032W,YPR009W,0,0.38650566,0.21682679653167725,0.8283730149269104,0.30184146761894226
YKL133C,YNL282W,0,0.38562983,0.21677051484584808,0.8283730149269104,0.30194154381752014
YGR276C,YLR135W,1,0.38502595,0.21697378158569336,0.829365074634552,0.30194154381752014
YML118W,YNL072W,1,0.3844496,0.21717695891857147,0.8303571343421936,0.30194154381752014
YDR087C,YIL072W,0,0.38430926,0.21712061762809753,0.8303571343421936,0.302041620016098
YOR048C,YBR163W,1,0.38262862,0.2173236459493637,0.8313491940498352,0.302041620016098
YDR164C,YNL334C,0,0.3825235,0.21726730465888977,0.8313491940498352,0.3021417260169983
YHR039C-A,YML064C,0,0.3823654,0.21721099317073822,0.8313491940498352,0.30224180221557617
YNL295W,YBR084W,0,0.38193536,0.21715469658374786,0.8313491940498352,0.30234187841415405
YDR019C,YJR041C,0,0.38176945,0.2170984447002411,0.8313491940498352,0.30244195461273193
YGR155W,YDR474C,0,0.3815231,0.2170422226190567,0.8313491940498352,0.3025420308113098
YBR241C,YGR124W,0,0.38146102,0.2169860154390335,0.8313491940498352,0.3026421070098877
YMR227C,YFL029C,0,0.38145676,0.2169298529624939,0.8313491940498352,0.3027421832084656
YGR133W,YFR002W,0,0.3812041,0.21687370538711548,0.8313491940498352,0.30284225940704346
YDL051W,YKR084C,0,0.38078448,0.21681758761405945,0.8313491940498352,0.3029423654079437
YDR064W,YPR115W,0,0.3806868,0.216761514544487,0.8313491940498352,0.3030424416065216
YDL245C,YLL061W,0,0.38064495,0.21670545637607574,0.8313491940498352,0.3031425178050995
YHR089C,YGL079W,0,0.3799264,0.21664942800998688,0.8313491940498352,0.30324259400367737
YGL166W,YPL275W,0,0.3799197,0.2165934294462204,0.8313491940498352,0.30334267020225525
YML004C,YEL032W,0,0.37953126,0.2165374606847763,0.8313491940498352,0.30344274640083313
YNL182C,YDR453C,0,0.37851945,0.2164815366268158,0.8313491940498352,0.303542822599411
YOR063W,YOR093C,0,0.37815282,0.21642561256885529,0.8313491940498352,0.3036429286003113
YDR016C,YHR081W,0,0.37772742,0.21636973321437836,0.8313491940498352,0.30374300479888916
YJL194W,YNL297C,0,0.37765646,0.21631388366222382,0.8313491940498352,0.30384308099746704
YML121W,YMR285C,0,0.37752438,0.21625806391239166,0.8313491940498352,0.3039431571960449
YOR255W,YIR033W,0,0.37731603,0.2162022739648819,0.8313491940498352,0.3040432333946228
YOR151C,YDL056W,0,0.37726304,0.21614649891853333,0.8313491940498352,0.3041433095932007
YGR184C,YGL010W,0,0.37715977,0.21609076857566833,0.8313491940498352,0.30424338579177856
YKL011C,YDR256C,0,0.37641695,0.21603505313396454,0.8313491940498352,0.30434346199035645
YIL035C,YPL041C,0,0.3763276,0.21597938239574432,0.8313491940498352,0.3044435679912567
YER007W,YGL080W,0,0.3760587,0.2159237265586853,0.8313491940498352,0.3045436441898346
YLR385C,YMR142C,0,0.37588686,0.21586811542510986,0.8313491940498352,0.3046437203884125
YMR023C,YNR027W,0,0.37563926,0.21581251919269562,0.8313491940498352,0.30474379658699036
YML092C,YHR100C,0,0.37547424,0.21575695276260376,0.8313491940498352,0.30484387278556824
YPL007C,YGL047W,0,0.37526783,0.2157014161348343,0.8313491940498352,0.3049439489841461
YGR031W,YHR184W,0,0.37494844,0.2156459093093872,0.8313491940498352,0.305044025182724
YLR224W,YNR049C,0,0.37458453,0.2155904322862625,0.8313491940498352,0.3051441013813019
YOR151C,YGL092W,0,0.3742812,0.2155349850654602,0.8313491940498352,0.30524420738220215
YDR299W,YCL004W,0,0.37412208,0.2154795527458191,0.8313491940498352,0.30534428358078003
YPL155C,YDR288W,0,0.37395692,0.21542416512966156,0.8313491940498352,0.3054443597793579
YCR011C,YNL119W,0,0.37388852,0.21536879241466522,0.8313491940498352,0.3055444359779358
YLR017W,YGR170W,0,0.37384823,0.21531346440315247,0.8313491940498352,0.30564451217651367
YJR061W,YBR236C,0,0.37253067,0.2152581512928009,0.8313491940498352,0.30574458837509155
YOR261C,YBR236C,0,0.37224826,0.21520288288593292,0.8313491940498352,0.30584466457366943
YBR182C,YCL016C,0,0.37197307,0.21514762938022614,0.8313491940498352,0.3059447705745697
YCL069W,YKL057C,0,0.37196335,0.21509240567684174,0.8313491940498352,0.3060448467731476
YOR066W,YIL132C,0,0.37165913,0.21503721177577972,0.8313491940498352,0.30614492297172546
YGR031W,YFL038C,0,0.37163168,0.2149820476770401,0.8313491940498352,0.30624499917030334
YPL112C,YDR240C,0,0.3713461,0.21492689847946167,0.8313491940498352,0.3063450753688812
YOL067C,YPR065W,0,0.3708289,0.21487179398536682,0.8313491940498352,0.3064451515674591
YHR100C,YPL129W,0,0.37079892,0.21481671929359436,0.8313491940498352,0.306545227766037
YHR214W,YMR009W,0,0.3704979,0.2147616595029831,0.8313491940498352,0.30664530396461487
YDL246C,YIL062C,0,0.36928836,0.2147066295146942,0.8313491940498352,0.30674540996551514
YKL011C,YKL114C,1,0.3691503,0.21490778028964996,0.8323412537574768,0.30674540996551514
YNL300W,YOR110W,0,0.36895633,0.21485275030136108,0.8323412537574768,0.306845486164093
YGR102C,YBL098W,0,0.3687441,0.2147977501153946,0.8323412537574768,0.3069455623626709
YIL165C,YPR001W,0,0.3680708,0.2147427648305893,0.8323412537574768,0.3070456385612488
YDL245C,YMR023C,0,0.36777687,0.21468782424926758,0.8323412537574768,0.30714571475982666
YDR495C,YML060W,0,0.3675221,0.21463289856910706,0.8323412537574768,0.30724579095840454
YLR242C,YHR158C,0,0.3670489,0.21457800269126892,0.8323412537574768,0.3073458671569824
YKL090W,YPL022W,1,0.36663726,0.2147788256406784,0.8333333134651184,0.3073458671569824
YDR363W,YEL020C,0,0.36643425,0.21472392976284027,0.8333333134651184,0.3074459433555603
YJR045C,YKL011C,0,0.3662609,0.21466904878616333,0.8333333134651184,0.30754604935646057
YPL029W,YGL094C,1,0.36594087,0.2148696929216385,0.83432537317276,0.30754604935646057
YJR032W,YOL057W,0,0.36465505,0.21481481194496155,0.83432537317276,0.30764612555503845
YPL163C,YPR056W,0,0.3643553,0.214759960770607,0.83432537317276,0.30774620175361633
YDR002W,YLL011W,0,0.36403486,0.21470512449741364,0.83432537317276,0.3078462779521942
YLR320W,YJL189W,0,0.36371434,0.21465033292770386,0.83432537317276,0.3079463541507721
YLR466W,YLR253W,0,0.36362866,0.21459555625915527,0.83432537317276,0.30804643034935
YMR268C,YGL204C,0,0.36359867,0.21454080939292908,0.83432537317276,0.30814650654792786
YMR301C,YGR006W,0,0.3635585,0.21448610723018646,0.83432537317276,0.30824658274650574
YJL178C,YEL015W,0,0.3632043,0.21443141996860504,0.83432537317276,0.308346688747406
YOL130W,YOL010W,0,0.3619996,0.21437674760818481,0.83432537317276,0.3084467649459839
YBR087W,YGL204C,0,0.36177143,0.21432211995124817,0.83432537317276,0.30854684114456177
YDR130C,YNL087W,0,0.36175442,0.2142675220966339,0.83432537317276,0.30864691734313965
YOR301W,YCR023C,0,0.36157677,0.21421293914318085,0.83432537317276,0.30874699354171753
YPL022W,YBL106C,0,0.36142486,0.21415838599205017,0.83432537317276,0.3088470697402954
YGL106W,YDL103C,0,0.36141917,0.21410386264324188,0.83432537317276,0.3089471459388733
YGR074W,YPR017C,0,0.36123565,0.21404936909675598,0.83432537317276,0.30904725193977356
YDR495C,YKR084C,0,0.36033365,0.21399490535259247,0.83432537317276,0.30914732813835144
YKR081C,YOR201C,0,0.35961524,0.21394047141075134,0.83432537317276,0.3092474043369293
YPL133C,YBL046W,0,0.35904148,0.2138860672712326,0.83432537317276,0.3093474805355072
YGR133W,YDR430C,0,0.35857967,0.21383167803287506,0.83432537317276,0.3094475567340851
YJR005W,YFL038C,0,0.35855538,0.2137773185968399,0.83432537317276,0.30954763293266296
YNL085W,YLR059C,1,0.35816666,0.2139771282672882,0.8353174328804016,0.30954763293266296
YBR279W,YOR274W,0,0.35800606,0.21392276883125305,0.8353174328804016,0.30964770913124084
YOR371C,YCR007C,0,0.35791332,0.2138684242963791,0.8353174328804016,0.3097477853298187
YMR023C,YML031W,0,0.35736975,0.2138141244649887,0.8353174328804016,0.309847891330719
YDR248C,YAL008W,0,0.35709134,0.21375983953475952,0.8353174328804016,0.3099479675292969
YOR368W,YGR091W,0,0.35628584,0.21370558440685272,0.8353174328804016,0.31004804372787476
YFR036W,YMR214W,0,0.35540494,0.2136513590812683,0.8353174328804016,0.31014811992645264
YLR247C,YDR267C,0,0.35396278,0.2135971635580063,0.8353174328804016,0.3102481961250305
YFL001W,YDR142C,0,0.35360137,0.21354298293590546,0.8353174328804016,0.3103482723236084
YKL073W,YGR098C,0,0.35347703,0.2134888470172882,0.8353174328804016,0.3104483485221863
YIL072W,YMR285C,0,0.35329923,0.21343472599983215,0.8353174328804016,0.31054842472076416
YHR184W,YOL066C,0,0.35285702,0.2133806347846985,0.8353174328804016,0.31064853072166443
YNL282W,YNL314W,0,0.35248882,0.2133265733718872,0.8353174328804016,0.3107486069202423
YBL075C,YLR224W,0,0.35244176,0.21327254176139832,0.8353174328804016,0.3108486831188202
YBR062C,YPL129W,0,0.35243422,0.2132185399532318,0.8353174328804016,0.31094875931739807
YBR246W,YNL268W,0,0.3520207,0.2131645530462265,0.8353174328804016,0.31104883551597595
YDL193W,YNR038W,0,0.3516352,0.21311061084270477,0.8353174328804016,0.31114891171455383
YHL016C,YNR040W,0,0.35136458,0.21305668354034424,0.8353174328804016,0.3112489879131317
YDR014W,YER006W,0,0.35130504,0.2130027860403061,0.8353174328804016,0.311349093914032
YPL124W,YMR070W,0,0.3512259,0.21294891834259033,0.8353174328804016,0.31144917011260986
YIL047C,YDR495C,0,0.35097492,0.21289506554603577,0.8353174328804016,0.31154924631118774
YOR063W,YDR228C,0,0.3505036,0.21284125745296478,0.8353174328804016,0.3116493225097656
YIL168W,YNL268W,0,0.34963593,0.212787464261055,0.8353174328804016,0.3117493987083435
YPR056W,YGL073W,0,0.34960586,0.2127337008714676,0.8353174328804016,0.3118494749069214
YHR012W,YNL009W,0,0.34960493,0.21267996728420258,0.8353174328804016,0.31194955110549927
YDR253C,YPL082C,0,0.3493293,0.21262626349925995,0.8353174328804016,0.31204962730407715
YNL249C,YER006W,0,0.34927568,0.2125725895166397,0.8353174328804016,0.3121497333049774
YNL273W,YOL096C,0,0.3488943,0.21251893043518066,0.8353174328804016,0.3122498095035553
YDR109C,YHL034C,0,0.3487433,0.212465301156044,0.8353174328804016,0.3123498857021332
YLR116W,YMR179W,0,0.3485802,0.21241170167922974,0.8353174328804016,0.31244996190071106
YDR210W,YLR168C,0,0.34783822,0.21235813200473785,0.8353174328804016,0.31255003809928894
YNL061W,YLR024C,0,0.34741896,0.21230459213256836,0.8353174328804016,0.3126501142978668
YDR454C,YBR235W,0,0.34649327,0.21225106716156006,0.8353174328804016,0.3127501904964447
YKL073W,YGR152C,0,0.3462074,0.21219758689403534,0.8353174328804016,0.3128502666950226
YDR194C,YJL102W,0,0.34617957,0.21214412152767181,0.8353174328804016,0.31295037269592285
YGR080W,YOR251C,0,0.34570906,0.21209068596363068,0.8353174328804016,0.31305044889450073
YDL138W,YDR295C,0,0.34567654,0.21203726530075073,0.8353174328804016,0.3131505250930786
YIR013C,YPL141C,0,0.34519845,0.21198388934135437,0.8353174328804016,0.3132506012916565
YBR002C,YDR485C,0,0.34511134,0.2119305282831192,0.8353174328804016,0.3133506774902344
YGL064C,YFR002W,0,0.34508172,0.21187719702720642,0.8353174328804016,0.31345075368881226
YOL098C,YKL047W,0,0.34497976,0.21182389557361603,0.8353174328804016,0.31355082988739014
YGR252W,YGR191W,0,0.3448446,0.21177062392234802,0.8353174328804016,0.313650906085968
YOR129C,YJL018W,0,0.34466726,0.2117173820734024,0.8353174328804016,0.3137510120868683
YER041W,YOR056C,1,0.3438462,0.2119155377149582,0.836309552192688,0.3137510120868683
YLR116W,YER183C,0,0.34271136,0.21186228096485138,0.836309552192688,0.31385108828544617
YIR024C,YLR439W,0,0.34271008,0.21180903911590576,0.836309552192688,0.31395116448402405
YMR119W,YOL069W,0,0.3426592,0.21175584197044373,0.836309552192688,0.31405124068260193
YHR081W,YHR021C,0,0.34207842,0.21170265972614288,0.836309552192688,0.3141513168811798
YPL029W,YDR076W,1,0.34181136,0.21190057694911957,0.8373016119003296,0.3141513168811798
YGL192W,YJR124C,0,0.34178144,0.21184739470481873,0.8373016119003296,0.3142513930797577
YPL139C,YLR287C-A,0,0.34175473,0.21179422736167908,0.8373016119003296,0.31435146927833557
YKL126W,YAL002W,0,0.34113008,0.21174108982086182,0.8373016119003296,0.31445157527923584
YBR246W,YLL040C,0,0.34076142,0.21168798208236694,0.8373016119003296,0.3145516514778137
YCR034W,YDR019C,0,0.3405803,0.21163490414619446,0.8373016119003296,0.3146517276763916
YDR493W,YBR084W,0,0.3402456,0.21158185601234436,0.8373016119003296,0.3147518038749695
YGR278W,YOL010W,0,0.33969447,0.21152882277965546,0.8373016119003296,0.31485188007354736
YPR001W,YGR140W,0,0.3396704,0.21147581934928894,0.8373016119003296,0.31495195627212524
YGL173C,YBR257W,1,0.3391696,0.21167334914207458,0.8382936716079712,0.31495195627212524
YNR040W,YDL231C,0,0.3390775,0.21162033081054688,0.8382936716079712,0.3150520324707031
YML095C,YOR330C,1,0.33789277,0.21181772649288177,0.8392857313156128,0.3150520324707031
YOL107W,YBR139W,0,0.33785954,0.21176470816135406,0.8392857313156128,0.315152108669281
YKL087C,YKL143W,0,0.3375111,0.21171170473098755,0.8392857313156128,0.3152522146701813
YGL064C,YDR501W,0,0.3360363,0.21165874600410461,0.8392857313156128,0.31535229086875916
YPL119C,YOR212W,0,0.33592507,0.21160580217838287,0.8392857313156128,0.31545236706733704
YBR067C,YMR258C,0,0.33553615,0.21155288815498352,0.8392857313156128,0.3155524432659149
YOR357C,YAL029C,0,0.33530322,0.21150000393390656,0.8392857313156128,0.3156525194644928
YMR016C,YBR135W,0,0.3349208,0.21144713461399078,0.8392857313156128,0.3157525956630707
YDR118W,YHR139C,0,0.33455062,0.2113943099975586,0.8392857313156128,0.31585267186164856
YKL011C,YHR021C,0,0.33397958,0.2113415002822876,0.8392857313156128,0.31595274806022644
YDR386W,YML112W,0,0.3339646,0.2112887054681778,0.8392857313156128,0.3160528540611267
YOR151C,YLR320W,0,0.3337451,0.21123595535755157,0.8392857313156128,0.3161529302597046
YIL061C,YFL038C,0,0.33361676,0.21118322014808655,0.8392857313156128,0.31625300645828247
YPL231W,YOL067C,0,0.33356735,0.2111305147409439,0.8392857313156128,0.31635308265686035
YNL027W,YLR024C,0,0.33355728,0.21107783913612366,0.8392857313156128,0.31645315885543823
YOR034C,YKR025W,0,0.33350506,0.2110251933336258,0.8392857313156128,0.3165532350540161
YHR100C,YFL052W,0,0.33326206,0.21097256243228912,0.8392857313156128,0.316653311252594
YKL057C,YKR084C,0,0.33288485,0.21091997623443604,0.8392857313156128,0.31675341725349426
YLR145W,YFL036W,0,0.33262593,0.21086740493774414,0.8392857313156128,0.31685349345207214
YEL015W,YAL008W,0,0.3320246,0.21081484854221344,0.8392857313156128,0.31695356965065
YMR211W,YOR189W,0,0.3315257,0.21076233685016632,0.8392857313156128,0.3170536458492279
YKL113C,YAL021C,1,0.33087483,0.21095889806747437,0.8402777910232544,0.3170536458492279
YBR094W,YPR143W,0,0.33033702,0.21090637147426605,0.8402777910232544,0.3171537220478058
YDR175C,YOR378W,0,0.32951787,0.21085387468338013,0.8402777910232544,0.31725379824638367
YDR506C,YBR126C,0,0.3293117,0.2108013927936554,0.8402777910232544,0.31735387444496155
YBR094W,YMR293C,0,0.32922933,0.21074894070625305,0.8402777910232544,0.31745395064353943
YNL107W,YNL194C,0,0.32920745,0.2106965184211731,0.8402777910232544,0.3175540566444397
YER019C-A,YHR005C,0,0.32891652,0.21064411103725433,0.8402777910232544,0.3176541328430176
YML068W,YKR051W,0,0.32860664,0.21059174835681915,0.8402777910232544,0.31775420904159546
YIL098C,YPR018W,0,0.32803437,0.21053940057754517,0.8402777910232544,0.31785428524017334
YJR067C,YKL047W,0,0.3274952,0.21048708260059357,0.8402777910232544,0.3179543614387512
YJR009C,YFR031C,0,0.3270744,0.21043477952480316,0.8402777910232544,0.3180544376373291
YHR039C-A,YBR188C,0,0.32616162,0.21038250625133514,0.8402777910232544,0.318154513835907
YDR295C,YIL118W,0,0.32598707,0.2103302776813507,0.8402777910232544,0.31825459003448486
YNL258C,YNR038W,0,0.32591966,0.21027804911136627,0.8402777910232544,0.31835469603538513
YLR452C,YDL077C,0,0.32565963,0.21022586524486542,0.8402777910232544,0.318454772233963
YDL150W,YGL047W,0,0.32565615,0.21017369627952576,0.8402777910232544,0.3185548484325409
YOL022C,YGR227W,0,0.3256489,0.21012155711650848,0.8402777910232544,0.3186549246311188
YHR043C,YGR258C,0,0.32530043,0.2100694477558136,0.8402777910232544,0.31875500082969666
YHR115C,YPL022W,0,0.3250568,0.2100173532962799,0.8402777910232544,0.31885507702827454
YNL115C,YJR041C,0,0.32445112,0.2099652886390686,0.8402777910232544,0.3189551532268524
YPR135W,YDR377W,0,0.3237707,0.2099132537841797,0.8402777910232544,0.3190552294254303
YGL079W,YHR142W,0,0.32324,0.20986124873161316,0.8402777910232544,0.31915533542633057
YGL192W,YER018C,0,0.3226081,0.20980925858020782,0.8402777910232544,0.31925541162490845
YDR179C,YCL004W,0,0.32245067,0.20975729823112488,0.8402777910232544,0.31935548782348633
YGR029W,YNL236W,0,0.32231626,0.20970536768436432,0.8402777910232544,0.3194555640220642
YGL079W,YDL052C,0,0.32225743,0.20965346693992615,0.8402777910232544,0.3195556402206421
YMR105C,YDR018C,0,0.32003734,0.20960158109664917,0.8402777910232544,0.31965571641921997
YKR026C,YFR002W,0,0.3198324,0.20954972505569458,0.8402777910232544,0.31975579261779785
YDR130C,YIL072W,0,0.31957844,0.20949789881706238,0.8402777910232544,0.3198558986186981
YNL021W,YBR188C,0,0.31904504,0.20944608747959137,0.8402777910232544,0.319955974817276
YDR279W,YDL077C,0,0.3185641,0.20939432084560394,0.8402777910232544,0.3200560510158539
YOL011W,YDR474C,0,0.31846696,0.20934255421161652,0.8402777910232544,0.32015612721443176
YCL067C,YOL107W,0,0.31794512,0.20929083228111267,0.8402777910232544,0.32025620341300964
YDR110W,YCL058C,0,0.317803,0.20923912525177002,0.8402777910232544,0.3203562796115875
YNL273W,YGR276C,0,0.31748,0.20918744802474976,0.8402777910232544,0.3204563558101654
YOR132W,YDL153C,0,0.31729987,0.20913580060005188,0.8402777910232544,0.3205564320087433
YPR009W,YKL154W,0,0.31696254,0.2090841829776764,0.8402777910232544,0.32065653800964355
YDR390C,YEL003W,0,0.31689993,0.2090325802564621,0.8402777910232544,0.32075661420822144
YDR522C,YNL300W,0,0.31677344,0.2089810073375702,0.8402777910232544,0.3208566904067993
YDR027C,YBR091C,0,0.3166933,0.20892944931983948,0.8402777910232544,0.3209567666053772
YNL085W,YDR478W,1,0.31652245,0.20912453532218933,0.841269850730896,0.3209567666053772
YGR170W,YLR224W,0,0.3159486,0.20907297730445862,0.841269850730896,0.3210568428039551
YPR061C,YDL045W-A,0,0.31548932,0.2090214490890503,0.841269850730896,0.32115691900253296
YHL016C,YKL057C,0,0.31493536,0.20896993577480316,0.841269850730896,0.32125699520111084
YKR062W,YHR046C,0,0.31459168,0.20891845226287842,0.841269850730896,0.3213570713996887
YGR116W,YDR038C,0,0.31421554,0.20886699855327606,0.841269850730896,0.321457177400589
YBR106W,YJR097W,0,0.31401074,0.2088155597448349,0.841269850730896,0.32155725359916687
YJL065C,YOR372C,0,0.31380102,0.20876415073871613,0.841269850730896,0.32165732979774475
YDR180W,YLR288C,0,0.31345513,0.20871277153491974,0.841269850730896,0.32175740599632263
YDR058C,YLR381W,0,0.31307858,0.20866142213344574,0.841269850730896,0.3218574821949005
YOL107W,YDR498C,0,0.31241083,0.20861008763313293,0.841269850730896,0.3219575583934784
YKL081W,YOL057W,0,0.31217036,0.20855878293514252,0.841269850730896,0.3220576345920563
YBR279W,YBL014C,0,0.31214038,0.2085074931383133,0.841269850730896,0.32215774059295654
YER025W,YDR412W,0,0.31134823,0.20845624804496765,0.841269850730896,0.3222578167915344
YJL187C,YOL127W,0,0.31115335,0.2084050178527832,0.841269850730896,0.3223578929901123
YIL168W,YDR359C,0,0.3109344,0.20835380256175995,0.841269850730896,0.3224579691886902
YFL001W,YGR223C,0,0.31009603,0.20830263197422028,0.841269850730896,0.32255804538726807
YLR052W,YDR377W,0,0.30982605,0.2082514762878418,0.841269850730896,0.32265812158584595
YKL011C,YJL117W,0,0.30949387,0.2082003504037857,0.841269850730896,0.32275819778442383
YBR229C,YDR185C,0,0.30946627,0.2081492394208908,0.841269850730896,0.3228582739830017
YMR023C,YMR211W,0,0.30930355,0.2080981582403183,0.841269850730896,0.322958379983902
YLR345W,YCR031C,0,0.30870005,0.20804710686206818,0.841269850730896,0.32305845618247986
YDL209C,YMR293C,0,0.30838385,0.20799607038497925,0.841269850730896,0.32315853238105774
YFL028C,YPL041C,0,0.30777314,0.2079450637102127,0.841269850730896,0.3232586085796356
YJR002W,YMR195W,0,0.30771497,0.20789408683776855,0.841269850730896,0.3233586847782135
YLR270W,YBR013C,0,0.3076472,0.2078431397676468,0.841269850730896,0.3234587609767914
YBR087W,YKL033W-A,0,0.30746773,0.20779220759868622,0.841269850730896,0.32355883717536926
YOR372C,YOL112W,0,0.30711147,0.20774130523204803,0.841269850730896,0.32365891337394714
YGR203W,YDL209C,0,0.30706644,0.20769041776657104,0.841269850730896,0.3237590193748474
YKL032C,YHR010W,0,0.30691615,0.20763957500457764,0.841269850730896,0.3238590955734253
YPL141C,YKL210W,0,0.30633304,0.20758873224258423,0.841269850730896,0.3239591717720032
YNL282W,YBR223C,1,0.3061432,0.20778267085552216,0.8422619104385376,0.3239591717720032
YGL092W,YCR058C,0,0.3060768,0.20773182809352875,0.8422619104385376,0.32405924797058105
YDL227C,YCR004C,0,0.30562586,0.20768101513385773,0.8422619104385376,0.32415932416915894
YOR063W,YIL087C,0,0.30548328,0.2076302319765091,0.8422619104385376,0.3242594003677368
YIL126W,YPL100W,0,0.3054364,0.20757946372032166,0.8422619104385376,0.3243594765663147
YHR122W,YLR381W,0,0.30519933,0.2075287252664566,0.8422619104385376,0.3244595527648926
YER056C,YDR044W,0,0.30513874,0.20747800171375275,0.8422619104385376,0.32455965876579285
YJL055W,YPR022C,0,0.3043041,0.20742730796337128,0.8422619104385376,0.3246597349643707
YOL033W,YMR179W,0,0.30397055,0.2073766440153122,0.8422619104385376,0.3247598111629486
YGR040W,YJL189W,0,0.3039166,0.2073260098695755,0.8422619104385376,0.3248598873615265
YJR140C,YLR404W,0,0.30379543,0.207275390625,0.8422619104385376,0.32495996356010437
YKL187C,YNL075W,0,0.30374032,0.2072248011827469,0.8422619104385376,0.32506003975868225
YIL173W,YNL286W,0,0.30357876,0.20717422664165497,0.8422619104385376,0.32516011595726013
YJL018W,YNR027W,0,0.30354396,0.20712368190288544,0.8422619104385376,0.3252602219581604
YDR295C,YKL057C,0,0.3034196,0.2070731669664383,0.8422619104385376,0.3253602981567383
YNR020C,YDR235W,0,0.30291927,0.20702268183231354,0.8422619104385376,0.32546037435531616
YHR011W,YOL022C,0,0.3029103,0.20697221159934998,0.8422619104385376,0.32556045055389404
YPR137W,YJR101W,0,0.3026568,0.2069217711687088,0.8422619104385376,0.3256605267524719
YHR082C,YNL246W,0,0.3023943,0.20687134563922882,0.8422619104385376,0.3257606029510498
YLR433C,YDR532C,0,0.30212617,0.20682094991207123,0.8422619104385376,0.3258606791496277
YDL206W,YPR080W,0,0.3019278,0.20677058398723602,0.8422619104385376,0.32596075534820557
YPR110C,YLR017W,0,0.30127737,0.206720232963562,0.8422619104385376,0.32606086134910583
YGR175C,YDR495C,0,0.30105403,0.2066699117422104,0.8422619104385376,0.3261609375476837
YCL058C,YDR421W,0,0.30088052,0.20661962032318115,0.8422619104385376,0.3262610137462616
YBR201W,YPL159C,0,0.3000796,0.2065693438053131,0.8422619104385376,0.3263610899448395
YPL083C,YPL022W,1,0.3000412,0.20676234364509583,0.8432539701461792,0.3263610899448395
YDR109C,YOR236W,0,0.29936162,0.20671206712722778,0.8432539701461792,0.32646116614341736
YOL032W,YKL047W,0,0.29934165,0.20666180551052094,0.8432539701461792,0.32656124234199524
YLR421C,YPL118W,0,0.29934123,0.20661157369613647,0.8432539701461792,0.3266613185405731
YHL034C,YMR210W,0,0.2987488,0.2065613567829132,0.8432539701461792,0.326761394739151
YDR320C,YKR101W,0,0.29867962,0.20651116967201233,0.8432539701461792,0.32686150074005127
YOR033C,YLR132C,1,0.2986012,0.20670391619205475,0.8442460298538208,0.32686150074005127
YMR301C,YDR254W,0,0.29860106,0.20665371417999268,0.8442460298538208,0.32696157693862915
YDR501W,YOR212W,0,0.29802522,0.206603541970253,0.8442460298538208,0.32706165313720703
YGL005C,YGL247W,0,0.29726976,0.2065533995628357,0.8442460298538208,0.3271617293357849
YDL171C,YDR489W,0,0.29708096,0.2065032720565796,0.8442460298538208,0.3272618055343628
YHR151C,YDR034C,0,0.29655832,0.20645317435264587,0.8442460298538208,0.3273618817329407
YDL227C,YOR330C,1,0.2963286,0.2066456526517868,0.8452380895614624,0.3273618817329407
YNL299W,YGR241C,0,0.2955327,0.2065955400466919,0.8452380895614624,0.32746195793151855
YHR206W,YIL098C,0,0.29516745,0.20654545724391937,0.8452380895614624,0.3275620639324188
YBR071W,YPL141C,0,0.29477507,0.20649538934230804,0.8452380895614624,0.3276621401309967
YGR029W,YPR001W,0,0.29475075,0.2064453661441803,0.8452380895614624,0.3277622163295746
YGL011C,YMR106C,0,0.29425728,0.20639534294605255,0.8452380895614624,0.32786229252815247
YIL126W,YPL041C,0,0.29424837,0.2063453644514084,0.8452380895614624,0.32796236872673035
YNL278W,YKR101W,0,0.29416004,0.20629540085792542,0.8452380895614624,0.3280624449253082
YNL178W,YNL295W,0,0.29378855,0.20624546706676483,0.8452380895614624,0.3281625211238861
YJL099W,YPR018W,0,0.2936703,0.20619554817676544,0.8452380895614624,0.328262597322464
YPR135W,YDL119C,0,0.29318094,0.20614565908908844,0.8452380895614624,0.32836270332336426
YCL004W,YJL107C,0,0.29283845,0.20609578490257263,0.8452380895614624,0.32846277952194214
YDR506C,YIL063C,0,0.29283354,0.2060459554195404,0.8452380895614624,0.32856285572052
YBR261C,YDL019C,0,0.29256994,0.20599612593650818,0.8452380895614624,0.3286629319190979
YJR124C,YGR100W,0,0.2922593,0.20594634115695953,0.8452380895614624,0.3287630081176758
YHR206W,YJL198W,0,0.29220003,0.20589657127857208,0.8452380895614624,0.32886308431625366
YGR170W,YDL064W,0,0.29182473,0.20584681630134583,0.8452380895614624,0.32896316051483154
YOL010W,YGL094C,1,0.29149428,0.20603865385055542,0.846230149269104,0.32896316051483154
YEL068C,YNL300W,0,0.2914451,0.20598889887332916,0.846230149269104,0.3290632367134094
YDR090C,YPL188W,0,0.29128537,0.2059391587972641,0.846230149269104,0.3291633427143097
YNL046W,YER141W,0,0.29110774,0.20588944852352142,0.846230149269104,0.3292634189128876
YFL059W,YNL314W,0,0.29090068,0.20583976805210114,0.846230149269104,0.32936349511146545
YMR308C,YOR189W,0,0.29073817,0.20579010248184204,0.846230149269104,0.32946357131004333
YHR085W,YLR174W,0,0.2902104,0.20574046671390533,0.846230149269104,0.3295636475086212
YKL011C,YLR404W,0,0.29018122,0.20569086074829102,0.846230149269104,0.3296637237071991
YKL032C,YLR008C,0,0.28999922,0.2056412696838379,0.846230149269104,0.329763799905777
YEL030W,YPR184W,0,0.2895811,0.20559170842170715,0.846230149269104,0.32986390590667725
YNL290W,YDR240C,0,0.2891586,0.2055421620607376,0.846230149269104,0.3299639821052551
YDR263C,YOR163W,1,0.28859508,0.2057335525751114,0.8472222089767456,0.3299639821052551
YDR016C,YMR186W,0,0.28825697,0.20568400621414185,0.8472222089767456,0.330064058303833
YOR348C,YFL062W,0,0.28817537,0.2056344747543335,0.8472222089767456,0.3301641345024109
YMR308C,YGR252W,0,0.28809488,0.20558497309684753,0.8472222089767456,0.33026421070098877
YJL144W,YGL192W,0,0.28797442,0.20553550124168396,0.8472222089767456,0.33036428689956665
YHR184W,YOR373W,0,0.2868342,0.20548604428768158,0.8472222089767456,0.33046436309814453
YPL207W,YDR092W,0,0.2863634,0.2054366171360016,0.8472222089767456,0.3305644392967224
YDR299W,YKL006C-A,0,0.28635174,0.2053872048854828,0.8472222089767456,0.3306645452976227
YPR013C,YLL006W,0,0.2862972,0.20533782243728638,0.8472222089767456,0.33076462149620056
YKR048C,YMR076C,0,0.2862118,0.20528845489025116,0.8472222089767456,0.33086469769477844
YPR065W,YPR102C,0,0.28589234,0.20523913204669952,0.8472222089767456,0.3309647738933563
YGL173C,YNL262W,1,0.28580883,0.2054300755262375,0.8482142686843872,0.3309647738933563
YLL061W,YDL202W,0,0.2857761,0.20538073778152466,0.8482142686843872,0.3310648500919342
YBR182C,YBL033C,0,0.2853314,0.20533141493797302,0.8482142686843872,0.3311649262905121
YNL072W,YLR320W,0,0.28514376,0.20528210699558258,0.8482142686843872,0.33126500248908997
YPR018W,YGR006W,0,0.2848302,0.20523284375667572,0.8482142686843872,0.33136507868766785
YJR014W,YNR031C,0,0.28453332,0.20518358051776886,0.8482142686843872,0.3314651846885681
YKL168C,YLR287C-A,0,0.28446323,0.20513436198234558,0.8482142686843872,0.331565260887146
YBR154C,YIL005W,0,0.284071,0.2050851583480835,0.8482142686843872,0.3316653370857239
YMR087W,YOR087W,0,0.28397045,0.2050359696149826,0.8482142686843872,0.33176541328430176
YLR021W,YNL072W,0,0.2839405,0.2049868106842041,0.8482142686843872,0.33186548948287964
YDR202C,YDR180W,0,0.2827236,0.20493768155574799,0.8482142686843872,0.3319655656814575
YKL067W,YKL143W,0,0.28270116,0.20488856732845306,0.8482142686843872,0.3320656418800354
YPL119C,YER158C,0,0.28268838,0.20483948290348053,0.8482142686843872,0.3321657180786133
YJL059W,YIR033W,0,0.28255114,0.2047904133796692,0.8482142686843872,0.33226582407951355
YLR119W,YKL138C,0,0.28252715,0.20474137365818024,0.8482142686843872,0.33236590027809143
YMR023C,YOR172W,0,0.2822592,0.20469236373901367,0.8482142686843872,0.3324659764766693
YLR160C,YIL148W,0,0.2820978,0.2046433687210083,0.8482142686843872,0.3325660526752472
YGL156W,YKR044W,0,0.28180704,0.20459440350532532,0.8482142686843872,0.3326661288738251
YJR136C,YOR373W,0,0.28137442,0.20454545319080353,0.8482142686843872,0.33276620507240295
YKL171W,YDR180W,0,0.28122422,0.20449653267860413,0.8482142686843872,0.33286628127098083
YGR276C,YPL029W,1,0.28111607,0.2046867460012436,0.8492063283920288,0.33286628127098083
YBR071W,YKL211C,0,0.28109068,0.2046378254890442,0.8492063283920288,0.3329663872718811
YBR182C,YMR069W,0,0.2810407,0.2045889049768448,0.8492063283920288,0.333066463470459
YIL098C,YLL003W,0,0.2809857,0.20454002916812897,0.8492063283920288,0.33316653966903687
YBR077C,YPL259C,0,0.2804924,0.20449116826057434,0.8492063283920288,0.33326661586761475
YOR034C,YLR179C,0,0.2803043,0.2044423222541809,0.8492063283920288,0.3333666920661926
YOL067C,YLR160C,0,0.28020182,0.20439350605010986,0.8492063283920288,0.3334667682647705
YFL028C,YLR288C,0,0.2799636,0.2043447196483612,0.8492063283920288,0.3335668444633484
YGL254W,YGR276C,0,0.27979302,0.20429594814777374,0.8492063283920288,0.33366692066192627
YOR063W,YBL061C,0,0.27942538,0.20424719154834747,0.8492063283920288,0.33376702666282654
YIL117C,YGL204C,0,0.2793429,0.20419847965240479,0.8492063283920288,0.3338671028614044
YDR084C,YLR179C,0,0.27923557,0.2041497677564621,0.8492063283920288,0.3339671790599823
YBR100W,YDL093W,0,0.2786358,0.204101100564003,0.8492063283920288,0.3340672552585602
YML121W,YDL167C,0,0.27828625,0.20405244827270508,0.8492063283920288,0.33416733145713806
YBR279W,YDR194C,0,0.27808696,0.20400381088256836,0.8492063283920288,0.33426740765571594
YGR092W,YAR071W,0,0.27796212,0.20395520329475403,0.8492063283920288,0.3343674838542938
YLR116W,YDR295C,0,0.27775943,0.20390662550926208,0.8492063283920288,0.3344675600528717
YDR142C,YPL153C,0,0.27770066,0.20385806262493134,0.8492063283920288,0.334567666053772
YCL069W,YML060W,0,0.27757272,0.20380952954292297,0.8492063283920288,0.33466774225234985
YDR087C,YDR044W,0,0.2772532,0.2037610113620758,0.8492063283920288,0.33476781845092773
YNR052C,YML060W,0,0.27597696,0.20371252298355103,0.8492063283920288,0.3348678946495056
YLL003W,YFL008W,0,0.2755819,0.20366404950618744,0.8492063283920288,0.3349679708480835
YDR018C,YLL011W,0,0.27420428,0.20361560583114624,0.8492063283920288,0.3350680470466614
YPR042C,YAR071W,0,0.27363065,0.20356717705726624,0.8492063283920288,0.33516812324523926
YMR268C,YFL029C,0,0.2732612,0.20351877808570862,0.8492063283920288,0.3352682292461395
YMR267W,YGR099W,0,0.2730988,0.2034704089164734,0.8492063283920288,0.3353683054447174
YOR171C,YOL096C,0,0.2726755,0.20342205464839935,0.8492063283920288,0.3354683816432953
YLR211C,YBR221C,0,0.27221194,0.2033737301826477,0.8492063283920288,0.33556845784187317
YDL113C,YNL207W,0,0.271803,0.20332542061805725,0.8492063283920288,0.33566853404045105
YDR016C,YIL009W,0,0.27167785,0.203277125954628,0.8492063283920288,0.33576861023902893
YJR140C,YHL008C,0,0.2711384,0.2032288759946823,0.8492063283920288,0.3358686864376068
YDR266C,YML058W,0,0.27091217,0.20318062603473663,0.8492063283920288,0.3359687626361847
YDR266C,YEL068C,0,0.2708311,0.20313242077827454,0.8492063283920288,0.33606886863708496
YDR506C,YBL106C,0,0.27014545,0.20308423042297363,0.8492063283920288,0.33616894483566284
YDR299W,YDR371W,0,0.27010193,0.20303605496883392,0.8492063283920288,0.3362690210342407
YJL162C,YOR223W,0,0.27004313,0.2029879093170166,0.8492063283920288,0.3363690972328186
YNL265C,YKL005C,0,0.27002287,0.20293977856636047,0.8492063283920288,0.3364691734313965
YDR087C,YLR203C,0,0.26979098,0.20289167761802673,0.8492063283920288,0.33656924962997437
YIL016W,YPR073C,0,0.26933432,0.20284360647201538,0.8492063283920288,0.33666932582855225
YOL073C,YPR089W,0,0.2686184,0.20279555022716522,0.8492063283920288,0.3367694020271301
YGL237C,YMR214W,0,0.2677251,0.20274750888347626,0.8492063283920288,0.3368695080280304
YHL002W,YPR018W,0,0.26758173,0.20269949734210968,0.8492063283920288,0.3369695842266083
YDR347W,YDL216C,0,0.26734802,0.2026515156030655,0.8492063283920288,0.33706966042518616
YKL171W,YJR017C,0,0.26650965,0.2026035487651825,0.8492063283920288,0.33716973662376404
YIL016W,YMR282C,0,0.26574418,0.2025556117296219,0.8492063283920288,0.3372698128223419
YMR119W,YML060W,0,0.26544467,0.20250768959522247,0.8492063283920288,0.3373698890209198
YPR038W,YJL056C,0,0.2654174,0.20245979726314545,0.8492063283920288,0.3374699652194977
YPL207W,YPL029W,0,0.2652181,0.20241191983222961,0.8492063283920288,0.33757004141807556
YLR452C,YDL119C,0,0.26480895,0.20236407220363617,0.8492063283920288,0.33767014741897583
YGL173C,YLR074C,0,0.26445615,0.20231623947620392,0.8492063283920288,0.3377702236175537
YML112W,YOR062C,0,0.26425612,0.20226843655109406,0.8492063283920288,0.3378702998161316
YNL336W,YOL057W,0,0.26405454,0.20222064852714539,0.8492063283920288,0.3379703760147095
YDR058C,YDR430C,0,0.26397592,0.2021728903055191,0.8492063283920288,0.33807045221328735
YJR140C,YER062C,0,0.26391986,0.20212514698505402,0.8492063283920288,0.33817052841186523
YDR122W,YIL016W,0,0.26309684,0.20207743346691132,0.8492063283920288,0.3382706046104431
YLR211C,YBL033C,0,0.2629967,0.2020297348499298,0.8492063283920288,0.3383707106113434
YDR390C,YCR029C-A,0,0.26281628,0.2019820660352707,0.8492063283920288,0.33847078680992126
YGL097W,YNL273W,0,0.26260716,0.20193441212177277,0.8492063283920288,0.33857086300849915
YHR206W,YJL035C,0,0.26255044,0.20188678801059723,0.8492063283920288,0.338670939207077
YOR255W,YOR378W,0,0.26250434,0.20183919370174408,0.8492063283920288,0.3387710154056549
YNL207W,YER019C-A,0,0.2624983,0.20179161429405212,0.8492063283920288,0.3388710916042328
YDR037W,YPL269W,0,0.26135534,0.20174404978752136,0.8492063283920288,0.33897116780281067
YKL113C,YLR312W-A,1,0.26102003,0.2019321322441101,0.8501983880996704,0.33897116780281067
YER122C,YBR192W,0,0.26093507,0.20188456773757935,0.8501983880996704,0.33907124400138855
YIL044C,YGL005C,0,0.26087067,0.20183701813220978,0.8501983880996704,0.3391713500022888
YER071C,YDR536W,0,0.26066822,0.2017894983291626,0.8501983880996704,0.3392714262008667
YMR005W,YGR191W,0,0.26063186,0.2017419934272766,0.8501983880996704,0.3393715023994446
YLR226W,YNL046W,0,0.26057762,0.201694518327713,0.8501983880996704,0.33947157859802246
YMR024W,YLR277C,1,0.26034868,0.20188234746456146,0.851190447807312,0.33947157859802246
YIL044C,YIL047C,0,0.2600745,0.20183485746383667,0.851190447807312,0.33957165479660034
YMR067C,YPL153C,0,0.25993454,0.20178739726543427,0.851190447807312,0.3396717309951782
YGL192W,YML118W,0,0.25985157,0.20173995196819305,0.851190447807312,0.3397718071937561
YMR016C,YAR002W,0,0.25984526,0.20169252157211304,0.851190447807312,0.339871883392334
YDR168W,YKR101W,0,0.25965112,0.2016451209783554,0.851190447807312,0.33997198939323425
YKR001C,YBR241C,0,0.2593349,0.20159775018692017,0.851190447807312,0.34007206559181213
YER087C-A,YDL119C,0,0.25873277,0.20155039429664612,0.851190447807312,0.34017214179039
YCR042C,YEL056W,0,0.25868183,0.20150305330753326,0.851190447807312,0.3402722179889679
YDR478W,YLR132C,1,0.2583613,0.20169053971767426,0.8521825671195984,0.3402722179889679
YPR135W,YKL095W,0,0.25809816,0.2016431987285614,0.8521825671195984,0.3403722941875458
YDR474C,YNL059C,0,0.25769347,0.20159587264060974,0.8521825671195984,0.34047237038612366
YJR017C,YGR223C,0,0.2576455,0.20154856145381927,0.8521825671195984,0.34057244658470154
YOR110W,YKR044W,0,0.257582,0.2015012949705124,0.8521825671195984,0.3406725525856018
YDR523C,YOR007C,0,0.2575054,0.2014540284872055,0.8521825671195984,0.3407726287841797
YPR201W,YGR171C,0,0.25720015,0.2014068067073822,0.8521825671195984,0.34087270498275757
YCR007C,YGR091W,0,0.2571307,0.2013595849275589,0.8521825671195984,0.34097278118133545
YIL118W,YIL087C,0,0.25651026,0.20131239295005798,0.8521825671195984,0.34107285737991333
YDL237W,YBL075C,0,0.25552222,0.20126523077487946,0.8521825671195984,0.3411729335784912
YNL289W,YGR081C,0,0.2548238,0.20121808350086212,0.8521825671195984,0.3412730097770691
YIL117C,YNL049C,0,0.25481528,0.20117096602916718,0.8521825671195984,0.341373085975647
YPR018W,YLR260W,0,0.25481197,0.20112386345863342,0.8521825671195984,0.34147319197654724
YLR157C,YJL074C,0,0.25445318,0.20107677578926086,0.8521825671195984,0.3415732681751251
YDR506C,YIL132C,0,0.2540958,0.2010297179222107,0.8521825671195984,0.341673344373703
YGR047C,YDR495C,0,0.25390372,0.2009826898574829,0.8521825671195984,0.3417734205722809
YOR005C,YCL016C,0,0.25271377,0.20093567669391632,0.8521825671195984,0.34187349677085876
YLL012W,YLR005W,0,0.25196332,0.20088867843151093,0.8521825671195984,0.34197357296943665
YER087C-B,YDR532C,0,0.25160044,0.20084170997142792,0.8521825671195984,0.3420736491680145
YLR328W,YOR145C,0,0.25137317,0.2007947713136673,0.8521825671195984,0.3421737253665924
YOL067C,YNL273W,0,0.25086543,0.20074783265590668,0.8521825671195984,0.3422738313674927
YNR040W,YGR149W,0,0.25082967,0.20070093870162964,0.8521825671195984,0.34237390756607056
YJL131C,YMR186W,0,0.25071466,0.2006540596485138,0.8521825671195984,0.34247398376464844
YOL022C,YBR241C,0,0.25068507,0.20060719549655914,0.8521825671195984,0.3425740599632263
YGL181W,YDR334W,0,0.25066298,0.20056036114692688,0.8521825671195984,0.3426741361618042
YLR319C,YAR071W,0,0.2502364,0.2005135416984558,0.8521825671195984,0.3427742123603821
YLL061W,YGL249W,0,0.25019148,0.20046673715114594,0.8521825671195984,0.34287428855895996
YJR054W,YNL059C,0,0.24989292,0.20041997730731964,0.8521825671195984,0.34297436475753784
YDR122W,YOL163W,0,0.24945341,0.20037321746349335,0.8521825671195984,0.3430744707584381
YML092C,YEL077C,0,0.24913704,0.20032648742198944,0.8521825671195984,0.343174546957016
YPR013C,YIL157C,0,0.2489947,0.20027978718280792,0.8521825671195984,0.34327462315559387
YLR432W,YPR115W,0,0.24864522,0.2002331018447876,0.8521825671195984,0.34337469935417175
YHR053C,YKL077W,0,0.24855061,0.20018643140792847,0.8521825671195984,0.34347477555274963
YGL175C,YGL094C,1,0.248491,0.20037278532981873,0.85317462682724,0.34347477555274963
YLR328W,YDL036C,0,0.24833608,0.2003261148929596,0.85317462682724,0.3435748517513275
YBR077C,YGR092W,0,0.24824117,0.20027945935726166,0.85317462682724,0.3436749279499054
YOR354C,YNL092W,0,0.24761932,0.2002328336238861,0.85317462682724,0.34377503395080566
YHR173C,YIL036W,0,0.24758415,0.20018622279167175,0.85317462682724,0.34387511014938354
YKL173W,YNL010W,0,0.24709304,0.2001396268606186,0.85317462682724,0.3439751863479614
YJL020C,YPL041C,0,0.2468976,0.20009306073188782,0.85317462682724,0.3440752625465393
YDL085W,YDR019C,0,0.24617927,0.20004652440547943,0.85317462682724,0.3441753387451172
YDR432W,YMR268C,0,0.24600269,0.20000000298023224,0.85317462682724,0.34427541494369507
YAL055W,YLR024C,0,0.24592204,0.19995349645614624,0.85317462682724,0.34437549114227295
YPR201W,YER069W,0,0.24578674,0.19990701973438263,0.85317462682724,0.34447556734085083
YBR167C,YEL016C,1,0.24566068,0.20009295642375946,0.8541666865348816,0.34447556734085083
YJL107C,YDR267C,0,0.24533637,0.20004646480083466,0.8541666865348816,0.3445756733417511
YMR211W,YBR013C,0,0.24486448,0.20000000298023224,0.8541666865348816,0.344675749540329
YDL113C,YNL334C,0,0.24476384,0.19995355606079102,0.8541666865348816,0.34477582573890686
YGR203W,YDR304C,0,0.2439651,0.199907124042511,0.8541666865348816,0.34487590193748474
YIL044C,YKL149C,0,0.24119934,0.19986072182655334,0.8541666865348816,0.3449759781360626
YNL075W,YDR282C,0,0.2408847,0.1998143494129181,0.8541666865348816,0.3450760543346405
YLR019W,YJR005W,0,0.24075936,0.19976797699928284,0.8541666865348816,0.3451761305332184
YOR063W,YEL077C,0,0.23987108,0.19972164928913116,0.8541666865348816,0.34527620673179626
YJR017C,YGL073W,0,0.2395074,0.1996753215789795,0.8541666865348816,0.34537631273269653
YLR099C,YOR372C,0,0.23853657,0.1996290236711502,0.8541666865348816,0.3454763889312744
YBR037C,YDL126C,0,0.23821841,0.1995827555656433,0.8541666865348816,0.3455764651298523
YCR028C-A,YLL049W,0,0.23814565,0.1995365023612976,0.8541666865348816,0.3456765413284302
YLR164W,YPR184W,0,0.238052,0.1994902640581131,0.8541666865348816,0.34577661752700806
YEL030W,YFR015C,0,0.23795621,0.19944405555725098,0.8541666865348816,0.34587669372558594
YLR116W,YOR274W,0,0.23793305,0.19939786195755005,0.8541666865348816,0.3459767699241638
YGR251W,YGL080W,0,0.2376422,0.1993516981601715,0.8541666865348816,0.3460768759250641
YJL200C,YJL209W,0,0.2376079,0.19930554926395416,0.8541666865348816,0.34617695212364197
YBR290W,YJL074C,0,0.23734464,0.1992594301700592,0.8541666865348816,0.34627702832221985
YML068W,YIL010W,0,0.23600702,0.19921332597732544,0.8541666865348816,0.34637710452079773
YKL081W,YIL117C,0,0.2357186,0.19916725158691406,0.8541666865348816,0.3464771807193756
YDR523C,YGR120C,0,0.23520774,0.19912117719650269,0.8541666865348816,0.3465772569179535
YER118C,YDL216C,0,0.23517849,0.1990751475095749,0.8541666865348816,0.34667733311653137
YGR092W,YPR018W,0,0.23469855,0.1990291327238083,0.8541666865348816,0.34677740931510925
YPR065W,YNR038W,0,0.23431914,0.19898313283920288,0.8541666865348816,0.3468775153160095
YDL174C,YGL204C,0,0.23431456,0.19893714785575867,0.8541666865348816,0.3469775915145874
YOR371C,YJL162C,0,0.2342887,0.19889119267463684,0.8541666865348816,0.3470776677131653
YGL173C,YJL035C,0,0.23411945,0.1988452672958374,0.8541666865348816,0.34717774391174316
YDR164C,YDL216C,0,0.23408182,0.19879935681819916,0.8541666865348816,0.34727782011032104
YBR148W,YKL195W,0,0.23397495,0.1987534612417221,0.8541666865348816,0.3473778963088989
YGR169C,YPL029W,0,0.23308408,0.19870759546756744,0.8541666865348816,0.3474779725074768
YIL173W,YPR017C,0,0.2329892,0.19866174459457397,0.8541666865348816,0.3475780487060547
YJR002W,YPR167C,0,0.2324685,0.1986159235239029,0.8541666865348816,0.34767815470695496
YDL113C,YNL230C,0,0.23234576,0.198570117354393,0.8541666865348816,0.34777823090553284
YIR013C,YKL120W,0,0.23231918,0.1985243260860443,0.8541666865348816,0.3478783071041107
YPL139C,YLR381W,0,0.23218144,0.198478564620018,0.8541666865348816,0.3479783833026886
YNL055C,YMR210W,0,0.23160963,0.1984328180551529,0.8541666865348816,0.3480784595012665
YIL035C,YDR282C,0,0.23145626,0.19838710129261017,0.8541666865348816,0.34817853569984436
YPR135W,YPR023C,0,0.23075001,0.19834139943122864,0.8541666865348816,0.34827861189842224
YPL224C,YHR032W,0,0.2304646,0.1982957124710083,0.8541666865348816,0.3483786880970001
YEL018W,YOR363C,0,0.22993965,0.19825005531311035,0.8541666865348816,0.3484787940979004
YIL168W,YJL162C,0,0.2298444,0.1982044130563736,0.8541666865348816,0.34857887029647827
YKL197C,YOL148C,0,0.22957492,0.19815880060195923,0.8541666865348816,0.34867894649505615
YIL132C,YMR157C,0,0.2292474,0.19811320304870605,0.8541666865348816,0.34877902269363403
YKR081C,YJL046W,0,0.22919728,0.19806763529777527,0.8541666865348816,0.3488790988922119
YBR214W,YPR183W,0,0.22890233,0.19802208244800568,0.8541666865348816,0.3489791750907898
YDL237W,YHR184W,0,0.2285027,0.19797654449939728,0.8541666865348816,0.3490792512893677
YBR154C,YJR054W,0,0.22846897,0.19793103635311127,0.8541666865348816,0.34917935729026794
YLR451W,YJR054W,0,0.22838984,0.19788554310798645,0.8541666865348816,0.3492794334888458
YNL010W,YDR248C,0,0.22835128,0.19784007966518402,0.8541666865348816,0.3493795096874237
YKL032C,YLR226W,0,0.22811605,0.19779463112354279,0.8541666865348816,0.3494795858860016
YMR209C,YDL230W,0,0.22796601,0.19774919748306274,0.8541666865348816,0.34957966208457947
YML118W,YGL246C,1,0.22786261,0.1979334056377411,0.8551587462425232,0.34957966208457947
YPL133C,YMR232W,0,0.22749114,0.19788797199726105,0.8551587462425232,0.34967973828315735
YGL254W,YDR225W,0,0.22707438,0.1978425532579422,0.8551587462425232,0.34977981448173523
YML076C,YLR260W,0,0.22704814,0.19779714941978455,0.8551587462425232,0.3498798906803131
YIL165C,YNL334C,0,0.22691968,0.19775177538394928,0.8551587462425232,0.3499799966812134
YDR293C,YDR370C,1,0.22665678,0.1979357749223709,0.8561508059501648,0.3499799966812134
YER071C,YOR201C,0,0.22648166,0.19789038598537445,0.8561508059501648,0.35008007287979126
YNL115C,YBR247C,0,0.22642575,0.19784502685070038,0.8561508059501648,0.35018014907836914
YIL133C,YAL034W-A,0,0.22624074,0.1977996826171875,0.8561508059501648,0.350280225276947
YOR034C,YER158C,0,0.22617929,0.19775435328483582,0.8561508059501648,0.3503803014755249
YIR024C,YNL059C,0,0.22591396,0.19770905375480652,0.8561508059501648,0.3504803776741028
YNL166C,YJL059W,0,0.22579618,0.19766376912593842,0.8561508059501648,0.35058045387268066
YMR321C,YOL003C,0,0.22579128,0.1976184993982315,0.8561508059501648,0.35068053007125854
YOR174W,YER098W,0,0.22567923,0.19757325947284698,0.8561508059501648,0.3507806360721588
YBR261C,YLR029C,0,0.22535895,0.19752803444862366,0.8561508059501648,0.3508807122707367
YDR266C,YLR166C,0,0.22522166,0.19748283922672272,0.8561508059501648,0.3509807884693146
YKR081C,YLR029C,0,0.22496311,0.19743765890598297,0.8561508059501648,0.35108086466789246
YPL166W,YGR122W,0,0.22475342,0.19739249348640442,0.8561508059501648,0.35118094086647034
YMR074C,YFR015C,0,0.22419201,0.19734735786914825,0.8561508059501648,0.3512810170650482
YEL030W,YLR270W,0,0.22404797,0.19730223715305328,0.8561508059501648,0.3513810932636261
YDR179C,YDR295C,0,0.22395174,0.1972571462392807,0.8561508059501648,0.35148119926452637
YBR261C,YNR031C,0,0.22370884,0.1972120702266693,0.8561508059501648,0.35158127546310425
YFL059W,YLL012W,0,0.22368014,0.19716700911521912,0.8561508059501648,0.35168135166168213
YER111C,YJL162C,0,0.22347133,0.1971219778060913,0.8561508059501648,0.35178142786026
YJR014W,YKL138C,0,0.22326882,0.1970769613981247,0.8561508059501648,0.3518815040588379
YKL090W,YCR026C,1,0.22241063,0.1972602754831314,0.8571428656578064,0.3518815040588379
YER163C,YJL185C,0,0.22228697,0.1972152441740036,0.8571428656578064,0.35198158025741577
YKL081W,YDL031W,0,0.22218446,0.19717024266719818,0.8571428656578064,0.35208165645599365
YPR201W,YDR130C,0,0.22196586,0.19712525606155396,0.8571428656578064,0.35218173265457153
YDR334W,YMR094W,0,0.2219469,0.19708029925823212,0.8571428656578064,0.3522818386554718
YNL336W,YDR524C,0,0.22193892,0.19703534245491028,0.8571428656578064,0.3523819148540497
YFL059W,YNL242W,0,0.22138979,0.19699043035507202,0.8571428656578064,0.35248199105262756
YOR129C,YKL195W,0,0.2207595,0.19694551825523376,0.8571428656578064,0.35258206725120544
YMR067C,YIL168W,0,0.2205189,0.1969006359577179,0.8571428656578064,0.3526821434497833
YNR027W,YOR167C,0,0.22033025,0.19685576856136322,0.8571428656578064,0.3527822196483612
YMR300C,YIL087C,0,0.21980809,0.19681093096733093,0.8571428656578064,0.3528822958469391
YGR102C,YDR018C,0,0.21959414,0.19676610827445984,0.8571428656578064,0.35298237204551697
YJR005W,YER122C,0,0.21883772,0.19672131538391113,0.8571428656578064,0.35308247804641724
YDR506C,YJL041W,0,0.21868496,0.19667653739452362,0.8571428656578064,0.3531825542449951
YIL165C,YIL119C,0,0.21857943,0.1966317743062973,0.8571428656578064,0.353282630443573
YJL107C,YFL017C,0,0.21854958,0.19658702611923218,0.8571428656578064,0.3533827066421509
YOR234C,YGR276C,0,0.21798818,0.19654230773448944,0.8571428656578064,0.35348278284072876
YIR021W,YGR091W,0,0.2178853,0.1964976191520691,0.8571428656578064,0.35358285903930664
YKL077W,YOR212W,0,0.21732225,0.19645293056964874,0.8571428656578064,0.3536829352378845
YGL254W,YLR288C,0,0.21721049,0.19640827178955078,0.8571428656578064,0.3537830412387848
YMR002W,YBR182C,0,0.21622218,0.1963636428117752,0.8571428656578064,0.35388311743736267
YGL079W,YDR295C,0,0.21580413,0.19631901383399963,0.8571428656578064,0.35398319363594055
YLR021W,YPR017C,0,0.21546198,0.19627441465854645,0.8571428656578064,0.35408326983451843
YPL016W,YFR013W,0,0.21534927,0.19622984528541565,0.8571428656578064,0.3541833460330963
YHR002W,YOR378W,0,0.21517843,0.19618529081344604,0.8571428656578064,0.3542834222316742
YGL166W,YJR006W,0,0.21508083,0.19614075124263763,0.8571428656578064,0.3543834984302521
YEL039C,YKR056W,0,0.21495663,0.19609622657299042,0.8571428656578064,0.35448357462882996
YPR192W,YJR073C,0,0.21406613,0.1960517317056656,0.8571428656578064,0.3545836806297302
YJR140C,YAL036C,0,0.21399729,0.19600726664066315,0.8571428656578064,0.3546837568283081
YPR139C,YKR048C,0,0.21398611,0.1959628015756607,0.8571428656578064,0.354783833026886
YPR013C,YHL031C,0,0.2137766,0.19591836631298065,0.8571428656578064,0.35488390922546387
YJL113W,YOR034C,0,0.2137423,0.1958739459514618,0.8571428656578064,0.35498398542404175
YML038C,YDR018C,0,0.21355061,0.19582955539226532,0.8571428656578064,0.35508406162261963
YPR061C,YIR013C,0,0.21321817,0.19578517973423004,0.8571428656578064,0.3551841378211975
YIL126W,YDR248C,0,0.21299373,0.19574081897735596,0.8571428656578064,0.3552842140197754
YJR027W,YMR160W,0,0.2129064,0.19569648802280426,0.8571428656578064,0.35538432002067566
YNL016W,YDR037W,0,0.21220128,0.19565217196941376,0.8571428656578064,0.35548439621925354
YGR277C,YNL278W,0,0.2120922,0.19560788571834564,0.8571428656578064,0.3555844724178314
YKR007W,YKL135C,0,0.21177468,0.19556359946727753,0.8571428656578064,0.3556845486164093
YGR236C,YKL187C,0,0.21163224,0.1955193430185318,0.8571428656578064,0.3557846248149872
YFL011W,YDR225W,0,0.21094064,0.19547511637210846,0.8571428656578064,0.35588470101356506
YBR279W,YAR002W,0,0.21083805,0.1954309046268463,0.8571428656578064,0.35598477721214294
YOR071C,YLR054C,0,0.21056315,0.19538670778274536,0.8571428656578064,0.3560848534107208
YKL014C,YNL297C,0,0.21047829,0.1953425258398056,0.8571428656578064,0.3561849594116211
YBL046W,YJL162C,0,0.2101321,0.19529837369918823,0.8571428656578064,0.356285035610199
YPL022W,YDR485C,0,0.20912354,0.19525423645973206,0.8571428656578064,0.35638511180877686
YOR167C,YMR094W,0,0.20903794,0.19521012902259827,0.8571428656578064,0.35648518800735474
YHR079C,YML095C,1,0.20803724,0.19539190828800201,0.858134925365448,0.35648518800735474
YKL014C,YPL121C,0,0.20776111,0.19534778594970703,0.858134925365448,0.3565852642059326
YOR234C,YOL137W,0,0.20744662,0.19530367851257324,0.858134925365448,0.3566853404045105
YBR062C,YCL063W,0,0.2074401,0.19525960087776184,0.858134925365448,0.3567854166030884
YJL153C,YMR259C,0,0.2073689,0.19521552324295044,0.858134925365448,0.35688552260398865
YOR329C,YMR294W,0,0.20718078,0.19517147541046143,0.858134925365448,0.35698559880256653
YOR258W,YLR059C,1,0.20703731,0.19535303115844727,0.8591269850730896,0.35698559880256653
YDR065W,YBR214W,0,0.207015,0.19530898332595825,0.8591269850730896,0.3570856750011444
YNR040W,YLR021W,0,0.2063163,0.19526493549346924,0.8591269850730896,0.3571857511997223
YNL078W,YLR224W,0,0.20628454,0.1952209174633026,0.8591269850730896,0.35728582739830017
YBR171W,YDR540C,0,0.20628165,0.19517691433429718,0.8591269850730896,0.35738590359687805
YPL053C,YGR099W,0,0.20589982,0.19513294100761414,0.8591269850730896,0.35748597979545593
YGL079W,YLR450W,0,0.20572731,0.19508898258209229,0.8591269850730896,0.3575860559940338
YGL168W,YMR258C,0,0.20560327,0.19504503905773163,0.8591269850730896,0.3576861619949341
YPL089C,YEL003W,0,0.20529795,0.19500112533569336,0.8591269850730896,0.35778623819351196
YJL044C,YGL247W,0,0.20518659,0.19495722651481628,0.8591269850730896,0.35788631439208984
YHR012W,YGR241C,0,0.20440774,0.1949133425951004,0.8591269850730896,0.3579863905906677
YKL073W,YJL162C,0,0.20426671,0.1948694884777069,0.8591269850730896,0.3580864667892456
YDL020C,YJL142C,0,0.20417295,0.1948256492614746,0.8591269850730896,0.3581865429878235
YPL275W,YNL200C,0,0.20400523,0.1947818249464035,0.8591269850730896,0.35828661918640137
YLR457C,YDR474C,0,0.20349163,0.19473803043365479,0.8591269850730896,0.35838669538497925
YMR074C,YPR080W,0,0.20320204,0.19469425082206726,0.8591269850730896,0.3584868013858795
YLR457C,YLR166C,0,0.20305319,0.19465048611164093,0.8591269850730896,0.3585868775844574
YDR266C,YNL048W,0,0.20267598,0.1946067363023758,0.8591269850730896,0.3586869537830353
YOR371C,YDR056C,0,0.20264678,0.19456301629543304,0.8591269850730896,0.35878702998161316
YGR245C,YLR080W,0,0.20222758,0.1945193111896515,0.8591269850730896,0.35888710618019104
YBR002C,YMR060C,0,0.20221153,0.19447563588619232,0.8591269850730896,0.3589871823787689
YFL028C,YDL167C,0,0.20183651,0.19443197548389435,0.8591269850730896,0.3590872585773468
YOL011W,YPL170W,0,0.20147856,0.19438832998275757,0.8591269850730896,0.35918736457824707
YGR194C,YPL112C,0,0.20142548,0.19434469938278198,0.8591269850730896,0.35928744077682495
YLR014C,YLR447C,0,0.2006057,0.19430109858512878,0.8591269850730896,0.35938751697540283
YLR390W,YCR065W,0,0.20040427,0.19425751268863678,0.8591269850730896,0.3594875931739807
YML064C,YOL057W,0,0.20040192,0.19421395659446716,0.8591269850730896,0.3595876693725586
YGL025C,YBR106W,0,0.19973432,0.19417040050029755,0.8591269850730896,0.3596877455711365
YHR058C,YER166W,0,0.19853313,0.19412687420845032,0.8591269850730896,0.35978782176971436
YOR329C,YNL119W,0,0.19841155,0.19408337771892548,0.8591269850730896,0.35988789796829224
YHR005C,YNL230C,0,0.19740167,0.19403988122940063,0.8591269850730896,0.3599880039691925
YER087C-A,YIL097W,0,0.19736172,0.19399641454219818,0.8591269850730896,0.3600880801677704
YBR175W,YNL258C,0,0.19715945,0.19395296275615692,0.8591269850730896,0.36018815636634827
YDL019C,YDL209C,0,0.19712676,0.19390954077243805,0.8591269850730896,0.36028823256492615
YDR506C,YIL036W,0,0.19704542,0.19386613368988037,0.8591269850730896,0.36038830876350403
YOR261C,YOR236W,0,0.1963463,0.1938227415084839,0.8591269850730896,0.3604883849620819
YGL173C,YLR277C,1,0.19632286,0.1940031349658966,0.8601190447807312,0.3604883849620819
YJL102W,YMR124W,0,0.19620255,0.19395972788333893,0.8601190447807312,0.3605884611606598
YDR495C,YAL047C,0,0.19583581,0.19391635060310364,0.8601190447807312,0.36068853735923767
YGR197C,YKR025W,0,0.19471373,0.19387298822402954,0.8601190447807312,0.36078864336013794
YNL080C,YEL061C,0,0.19440632,0.19382964074611664,0.8601190447807312,0.3608887195587158
YML068W,YDL150W,0,0.19432919,0.19378632307052612,0.8601190447807312,0.3609887957572937
YDR162C,YPL016W,0,0.19414237,0.1937430202960968,0.8601190447807312,0.3610888719558716
YML076C,YMR268C,0,0.19351543,0.19369973242282867,0.8601190447807312,0.36118894815444946
YER052C,YGL204C,0,0.19347098,0.19365645945072174,0.8601190447807312,0.36128902435302734
YNR021W,YLR403W,0,0.19340016,0.1936132162809372,0.8601190447807312,0.3613891005516052
YOR034C,YDR248C,0,0.19325157,0.19356998801231384,0.8601190447807312,0.3614891767501831
YKL173W,YDR016C,0,0.19320033,0.19352678954601288,0.8601190447807312,0.3615892827510834
YNL289W,YAL029C,0,0.1931005,0.19348359107971191,0.8601190447807312,0.36168935894966125
YPL041C,YLR166C,0,0.1929819,0.19344042241573334,0.8601190447807312,0.36178943514823914
YPL266W,YOR099W,0,0.19269593,0.19339728355407715,0.8601190447807312,0.361889511346817
YDR076W,YLR132C,1,0.19251983,0.19357717037200928,0.8611111044883728,0.361889511346817
YDR386W,YJL020C,0,0.19199157,0.1935340017080307,0.8611111044883728,0.3619895875453949
YDR432W,YMR094W,0,0.1918001,0.1934908628463745,0.8611111044883728,0.3620896637439728
YMR268C,YLR079W,0,0.19168839,0.19344773888587952,0.8611111044883728,0.36218973994255066
YDR056C,YNL232W,0,0.19136007,0.19340462982654572,0.8611111044883728,0.3622898459434509
YLR160C,YML081W,0,0.19123249,0.1933615505695343,0.8611111044883728,0.3623899221420288
YDL237W,YBR038W,0,0.19119015,0.19331848621368408,0.8611111044883728,0.3624899983406067
YJL153C,YGR006W,0,0.19082865,0.19327543675899506,0.8611111044883728,0.36259007453918457
YGL114W,YDL083C,0,0.19051203,0.19323241710662842,0.8611111044883728,0.36269015073776245
YEL020C,YNL067W,0,0.1903948,0.19318941235542297,0.8611111044883728,0.36279022693634033
YJL200C,YNL309W,0,0.19015925,0.19314642250537872,0.8611111044883728,0.3628903031349182
YNR021W,YBR037C,0,0.1897225,0.19310344755649567,0.8611111044883728,0.3629903793334961
YLR145W,YLR079W,0,0.18948807,0.193060502409935,0.8611111044883728,0.36309048533439636
YLR134W,YGR122W,0,0.18932809,0.19301757216453552,0.8611111044883728,0.36319056153297424
YGR091W,YNL230C,0,0.18906252,0.19297465682029724,0.8611111044883728,0.3632906377315521
YOL003C,YIL061C,0,0.18863022,0.19293175637722015,0.8611111044883728,0.36339071393013
YJL055W,YGR140W,0,0.18846165,0.19288888573646545,0.8611111044883728,0.3634907901287079
YPR013C,YAL005C,0,0.1882356,0.19284602999687195,0.8611111044883728,0.36359086632728577
YLR099C,YEL046C,0,0.18789564,0.19280320405960083,0.8611111044883728,0.36369094252586365
YCR027C,YOR378W,0,0.18784663,0.1927603781223297,0.8611111044883728,0.36379101872444153
YOR368W,YPL022W,1,0.18764968,0.1929396092891693,0.8621031641960144,0.36379101872444153
YDR162C,YLR008C,0,0.1873772,0.1928967833518982,0.8621031641960144,0.3638911247253418
YGL039W,YKR048C,0,0.18721043,0.19285397231578827,0.8621031641960144,0.3639912009239197
YGR241C,YML077W,0,0.1866457,0.19281117618083954,0.8621031641960144,0.36409127712249756
YJR002W,YDR065W,0,0.18662474,0.1927684098482132,0.8621031641960144,0.36419135332107544
YCL045C,YGR120C,0,0.18655922,0.19272565841674805,0.8621031641960144,0.3642914295196533
YNL149C,YNL084C,0,0.18644921,0.1926829218864441,0.8621031641960144,0.3643915057182312
YOR023C,YPR089W,0,0.1860074,0.19264021515846252,0.8621031641960144,0.3644915819168091
YER025W,YCL058C,0,0.18585055,0.19259752333164215,0.8621031641960144,0.36459168791770935
YMR243C,YIR035C,0,0.18583302,0.19255484640598297,0.8621031641960144,0.36469176411628723
YNL107W,YMR069W,0,0.18583038,0.19251218438148499,0.8621031641960144,0.3647918403148651
YHR085W,YML056C,0,0.18580191,0.1924695521593094,0.8621031641960144,0.364891916513443
YLR204W,YJL198W,0,0.18531497,0.1924269199371338,0.8621031641960144,0.3649919927120209
YOR174W,YOR095C,0,0.18508169,0.19238433241844177,0.8621031641960144,0.36509206891059875
YPR038W,YHR214W,0,0.18504886,0.19234174489974976,0.8621031641960144,0.36519214510917664
YNL309W,YJR017C,0,0.18501388,0.19229918718338013,0.8621031641960144,0.3652922213077545
YNL197C,YPL266W,0,0.18440525,0.1922566443681717,0.8621031641960144,0.3653923273086548
YDR462W,YGR252W,0,0.18419184,0.19221411645412445,0.8621031641960144,0.36549240350723267
YDR501W,YDR098C,0,0.18411912,0.1921716034412384,0.8621031641960144,0.36559247970581055
YDR506C,YKL201C,0,0.18384773,0.19212912023067474,0.8621031641960144,0.3656925559043884
YBR084W,YBR014C,0,0.18369336,0.19208665192127228,0.8621031641960144,0.3657926321029663
YNL295W,YKR007W,0,0.18358697,0.192044198513031,0.8621031641960144,0.3658927083015442
YPL166W,YPR017C,0,0.18316503,0.19200177490711212,0.8621031641960144,0.36599278450012207
YLR211C,YJL041W,0,0.1831386,0.19195935130119324,0.8621031641960144,0.36609286069869995
YNL299W,YLR203C,0,0.18304074,0.19191695749759674,0.8621031641960144,0.3661929666996002
YOL112W,YLR385C,0,0.18296243,0.19187457859516144,0.8621031641960144,0.3662930428981781
YHR082C,YLR179C,0,0.18283631,0.19183222949504852,0.8621031641960144,0.366393119096756
YGR074W,YOR349W,0,0.18248919,0.1917898952960968,0.8621031641960144,0.36649319529533386
YEL077C,YOL143C,0,0.18197031,0.19174757599830627,0.8621031641960144,0.36659327149391174
YGR048W,YJL102W,0,0.18176003,0.19170527160167694,0.8621031641960144,0.3666933476924896
YER087C-A,YBL014C,0,0.18154506,0.19166299700737,0.8621031641960144,0.3667934238910675
YIR035C,YGL247W,0,0.180326,0.19162072241306305,0.8621031641960144,0.3668935000896454
YLL025W,YIL168W,0,0.18030103,0.1915784776210785,0.8621031641960144,0.36699360609054565
YDR034C,YFL029C,0,0.18029858,0.19153626263141632,0.8621031641960144,0.36709368228912354
YGL129C,YMR076C,0,0.18012226,0.19149404764175415,0.8621031641960144,0.3671937584877014
YIR026C,YOR149C,0,0.17869307,0.19145186245441437,0.8621031641960144,0.3672938346862793
YFR051C,YJL038C,0,0.17842245,0.19140969216823578,0.8621031641960144,0.3673939108848572
YNL273W,YHR139C,0,0.17817189,0.19136753678321838,0.8621031641960144,0.36749398708343506
YOR023C,YLR014C,0,0.17768873,0.19132541120052338,0.8621031641960144,0.36759406328201294
YDR170C,YER117W,0,0.17747049,0.19128328561782837,0.8621031641960144,0.3676941692829132
YHR065C,YIR035C,0,0.17745204,0.19124118983745575,0.8621031641960144,0.3677942454814911
YOR234C,YER098W,0,0.177351,0.19119912385940552,0.8621031641960144,0.36789432168006897
YCR027C,YNL122C,0,0.17677759,0.19115705788135529,0.8621031641960144,0.36799439787864685
YKL173W,YJL018W,0,0.17672494,0.19111502170562744,0.8621031641960144,0.36809447407722473
YDR312W,YOR047C,0,0.17644702,0.1910730004310608,0.8621031641960144,0.3681945502758026
YCR011C,YDR523C,0,0.17606527,0.19103099405765533,0.8621031641960144,0.3682946264743805
YCR008W,YNL236W,0,0.17587666,0.19098901748657227,0.8621031641960144,0.3683947026729584
YNL309W,YEL061C,0,0.17571242,0.1909470409154892,0.8621031641960144,0.36849480867385864
YDL206W,YLR432W,0,0.17502321,0.19090509414672852,0.8621031641960144,0.3685948848724365
YBR278W,YBL055C,1,0.17485535,0.19108280539512634,0.863095223903656,0.3685948848724365
YMR111C,YDR412W,0,0.1745659,0.19104084372520447,0.863095223903656,0.3686949610710144
YLR457C,YDL056W,0,0.1744466,0.1909988969564438,0.863095223903656,0.3687950372695923
YOL163W,YOR378W,0,0.17425394,0.1909569799900055,0.863095223903656,0.36889511346817017
YJL178C,YDR506C,0,0.17410332,0.1909150779247284,0.863095223903656,0.36899518966674805
YCL025C,YMR094W,0,0.17347936,0.1908731907606125,0.863095223903656,0.3690952658653259
YFL001W,YDR041W,0,0.1730182,0.19083131849765778,0.863095223903656,0.3691953420639038
YDL245C,YGL156W,0,0.17114554,0.19078947603702545,0.863095223903656,0.3692954480648041
YJL001W,YER045C,0,0.171081,0.19074764847755432,0.863095223903656,0.36939552426338196
YDR266C,YGR227W,0,0.17093787,0.19070583581924438,0.863095223903656,0.36949560046195984
YHR111W,YJL099W,0,0.16970669,0.19066403806209564,0.863095223903656,0.3695956766605377
YBR016W,YJR010C-A,0,0.16891378,0.1906222552061081,0.863095223903656,0.3696957528591156
YNL281W,YJL090C,0,0.16837843,0.19058050215244293,0.863095223903656,0.3697958290576935
YGR029W,YNR006W,0,0.16752067,0.19053876399993896,0.863095223903656,0.36989590525627136
YOR023C,YDR236C,0,0.1674423,0.1904970407485962,0.863095223903656,0.36999601125717163
YJR045C,YER183C,0,0.16732286,0.1904553472995758,0.863095223903656,0.3700960874557495
YPR042C,YOR234C,0,0.16720751,0.19041365385055542,0.863095223903656,0.3701961636543274
YBR229C,YJL185C,0,0.16704504,0.19037199020385742,0.863095223903656,0.3702962398529053
YPL052W,YDL230W,0,0.1669561,0.19033034145832062,0.863095223903656,0.37039631605148315
YJL107C,YPL089C,0,0.16681556,0.190288707613945,0.863095223903656,0.37049639225006104
YCR042C,YKR101W,0,0.16667596,0.19024710357189178,0.863095223903656,0.3705964684486389
YPR102C,YLL011W,0,0.16618274,0.19020551443099976,0.863095223903656,0.3706965446472168
YNL107W,YDR489W,0,0.16569091,0.19016394019126892,0.863095223903656,0.37079665064811707
YHR122W,YJR006W,0,0.1654816,0.19012238085269928,0.863095223903656,0.37089672684669495
YDR299W,YPL166W,0,0.16443695,0.19008083641529083,0.863095223903656,0.3709968030452728
YML081W,YKR007W,0,0.16436124,0.19003932178020477,0.863095223903656,0.3710968792438507
YDR065W,YJL056C,0,0.16420846,0.1899978220462799,0.863095223903656,0.3711969554424286
YKL155C,YFL034C-B,0,0.1641836,0.18995633721351624,0.863095223903656,0.37129703164100647
YGR255C,YKL124W,0,0.1638738,0.18991486728191376,0.863095223903656,0.37139710783958435
YDR334W,YPL001W,0,0.16371106,0.18987341225147247,0.863095223903656,0.37149718403816223
YJR067C,YJL062W,0,0.163597,0.18983198702335358,0.863095223903656,0.3715972900390625
YGR252W,YER166W,0,0.16350392,0.18979057669639587,0.863095223903656,0.3716973662376404
YGR251W,YDR142C,0,0.16294809,0.18974918127059937,0.863095223903656,0.37179744243621826
YOR372C,YIL079C,0,0.16269721,0.18970780074596405,0.863095223903656,0.37189751863479614
YMR209C,YKL011C,0,0.16243331,0.18966645002365112,0.863095223903656,0.371997594833374
YOR033C,YLR154C,1,0.1616961,0.1898430734872818,0.8640872836112976,0.371997594833374
YML015C,YLR166C,0,0.1613643,0.18980169296264648,0.8640872836112976,0.3720976710319519
YKL090W,YMR137C,1,0.16119388,0.1899782121181488,0.8650793433189392,0.3720976710319519
YKL173W,YGL195W,0,0.16083242,0.1899368315935135,0.8650793433189392,0.3721977472305298
YAL056W,YDR524C,0,0.16028038,0.18989546597003937,0.8650793433189392,0.37229782342910767
YBR261C,YCL058C,0,0.1602736,0.18985413014888763,0.8650793433189392,0.37239792943000793
YDR056C,YPR183W,0,0.15930414,0.1898127943277359,0.8650793433189392,0.3724980056285858
YOR093C,YOL022C,0,0.15876652,0.18977148830890656,0.8650793433189392,0.3725980818271637
YPR016C,YFR013W,0,0.15812479,0.1897301971912384,0.8650793433189392,0.3726981580257416
YGR288W,YDR225W,0,0.15809475,0.18968892097473145,0.8650793433189392,0.37279823422431946
YAL056W,YFL036W,0,0.15778095,0.18964767456054688,0.8650793433189392,0.37289831042289734
YMR282C,YIR033W,0,0.15730941,0.1896064430475235,0.8650793433189392,0.3729983866214752
YPL134C,YDR540C,0,0.15720733,0.18956521153450012,0.8650793433189392,0.3730984926223755
YPR038W,YDR377W,0,0.15713225,0.18952400982379913,0.8650793433189392,0.37319856882095337
YMR268C,YBR236C,0,0.1568934,0.18948283791542053,0.8650793433189392,0.37329864501953125
YKL071W,YFL062W,0,0.15686429,0.18944166600704193,0.8650793433189392,0.37339872121810913
YGR245C,YEL020C,0,0.15670781,0.18940052390098572,0.8650793433189392,0.373498797416687
YGL114W,YCR023C,0,0.15582897,0.1893593966960907,0.8650793433189392,0.3735988736152649
YBL046W,YDR018C,0,0.15582848,0.18931828439235687,0.8650793433189392,0.3736989498138428
YIR021W,YJR014W,0,0.15582703,0.18927718698978424,0.8650793433189392,0.37379902601242065
YOR156C,YML059C,0,0.15522628,0.1892361044883728,0.8650793433189392,0.3738991320133209
YLR319C,YPL007C,0,0.15500318,0.18919505178928375,0.8650793433189392,0.3739992082118988
YOR359W,YOR368W,0,0.15457194,0.1891540139913559,0.8650793433189392,0.3740992844104767
YNL188W,YPR023C,0,0.15451945,0.18911299109458923,0.8650793433189392,0.37419936060905457
YMR301C,YKL135C,0,0.15433304,0.18907198309898376,0.8650793433189392,0.37429943680763245
YIL072W,YIL042C,0,0.15391587,0.18903100490570068,0.8650793433189392,0.3743995130062103
YIR013C,YCR048W,0,0.15322119,0.1889900267124176,0.8650793433189392,0.3744995892047882
YDR407C,YLR024C,0,0.15306573,0.1889490783214569,0.8650793433189392,0.3745996654033661
YOR093C,YKL052C,0,0.15226214,0.1889081448316574,0.8650793433189392,0.37469977140426636
YJR067C,YDL075W,0,0.15225348,0.1888672262430191,0.8650793433189392,0.37479984760284424
YPL119C,YER098W,0,0.15149955,0.18882633745670319,0.8650793433189392,0.3748999238014221
YHR012W,YBR002C,0,0.15121537,0.18878544867038727,0.8650793433189392,0.375
YLR320W,YOL061W,0,0.15092967,0.18874458968639374,0.8650793433189392,0.3751000761985779
YNL010W,YDR093W,0,0.15066406,0.1887037456035614,0.8650793433189392,0.37520015239715576
YML091C,YGR140W,0,0.15050597,0.18866291642189026,0.8650793433189392,0.37530022859573364
YPR056W,YHR184W,0,0.15046152,0.1886221021413803,0.8650793433189392,0.3754003345966339
YKL056C,YML059C,0,0.1503808,0.18858131766319275,0.8650793433189392,0.3755004107952118
YDL153C,YOR373W,0,0.1501968,0.1885405331850052,0.8650793433189392,0.3756004869937897
YNL010W,YDR320C,0,0.15002996,0.18849977850914001,0.8650793433189392,0.37570056319236755
YEL030W,YGR098C,0,0.1498271,0.18845903873443604,0.8650793433189392,0.37580063939094543
YPR045C,YGL095C,0,0.14954318,0.18841832876205444,0.8650793433189392,0.3759007155895233
YKL011C,YNL021W,0,0.14897026,0.18837761878967285,0.8650793433189392,0.3760007917881012
YLR320W,YGR122W,0,0.14894196,0.18833693861961365,0.8650793433189392,0.3761008679866791
YKR026C,YOL022C,0,0.1487668,0.18829625844955444,0.8650793433189392,0.37620097398757935
YKL006C-A,YCR028C-A,0,0.14858226,0.18825560808181763,0.8650793433189392,0.3763010501861572
YER094C,YBR241C,0,0.14857663,0.188214972615242,0.8650793433189392,0.3764011263847351
YGR203W,YDR162C,0,0.1482716,0.18817436695098877,0.8650793433189392,0.376501202583313
YHR150W,YBR135W,0,0.14826298,0.18813376128673553,0.8650793433189392,0.37660127878189087
YCL058C,YKL211C,0,0.14824687,0.1880931854248047,0.8650793433189392,0.37670135498046875
YAL036C,YOR110W,0,0.1482365,0.18805262446403503,0.8650793433189392,0.37680143117904663
YML081W,YML085C,0,0.14802718,0.18801207840442657,0.8650793433189392,0.3769015073776245
YOR171C,YCL063W,0,0.14762376,0.1879715472459793,0.8650793433189392,0.3770016133785248
YNL078W,YDR202C,0,0.14752927,0.18793103098869324,0.8650793433189392,0.37710168957710266
YIL016W,YNR021W,0,0.14720644,0.18789054453372955,0.8650793433189392,0.37720176577568054
YGR194C,YDR501W,0,0.14709416,0.18785005807876587,0.8650793433189392,0.3773018419742584
YIL138C,YLR425W,0,0.14692478,0.18780960142612457,0.8650793433189392,0.3774019181728363
YMR209C,YGL090W,0,0.146408,0.18776915967464447,0.8650793433189392,0.3775019943714142
YPR056W,YMR094W,0,0.14625984,0.18772874772548676,0.8650793433189392,0.37760207056999207
YHR011W,YPL153C,0,0.1455489,0.18768833577632904,0.8650793433189392,0.37770217657089233
YGR040W,YIL036W,0,0.14538106,0.18764793872833252,0.8650793433189392,0.3778022527694702
YGR040W,YDR240C,0,0.14489803,0.1876075714826584,0.8650793433189392,0.3779023289680481
YPR038W,YJR076C,0,0.14486848,0.18756721913814545,0.8650793433189392,0.378002405166626
YDR109C,YHR150W,0,0.14455234,0.1875268816947937,0.8650793433189392,0.37810248136520386
YPR013C,YBL033C,0,0.14440343,0.18748655915260315,0.8650793433189392,0.37820255756378174
YOR174W,YKL217W,0,0.14411378,0.18744626641273499,0.8650793433189392,0.3783026337623596
YBR264C,YOR368W,0,0.14348756,0.18740597367286682,0.8650793433189392,0.3784027099609375
YGL059W,YMR195W,0,0.14281313,0.18736571073532104,0.8650793433189392,0.37850281596183777
YLR352W,YLR074C,0,0.14241584,0.18732546269893646,0.8650793433189392,0.37860289216041565
YAL029C,YOL112W,0,0.14241222,0.18728522956371307,0.8650793433189392,0.37870296835899353
YER025W,YOR359W,0,0.14240499,0.18724501132965088,0.8650793433189392,0.3788030445575714
YGL156W,YER163C,0,0.1417983,0.18720480799674988,0.8650793433189392,0.3789031207561493
YGL039W,YHR065C,0,0.14165185,0.18716463446617126,0.8650793433189392,0.3790031969547272
YAL062W,YGR006W,0,0.14151093,0.18712446093559265,0.8650793433189392,0.37910327315330505
YAR002W,YML076C,0,0.14146458,0.18708431720733643,0.8650793433189392,0.37920334935188293
YIR015W,YLR107W,1,0.14119343,0.18725869059562683,0.8660714030265808,0.37920334935188293
YMR076C,YAL002W,0,0.14072566,0.1872185319662094,0.8660714030265808,0.3793034553527832
YIL133C,YPL001W,0,0.14060564,0.18717838823795319,0.8660714030265808,0.3794035315513611
YOL089C,YGL126W,0,0.14044489,0.18713825941085815,0.8660714030265808,0.37950360774993896
YKL071W,YGR168C,0,0.14012991,0.1870981603860855,0.8660714030265808,0.37960368394851685
YGR040W,YNL314W,0,0.14008838,0.18705806136131287,0.8660714030265808,0.3797037601470947
YHR012W,YML023C,0,0.1399863,0.1870179921388626,0.8660714030265808,0.3798038363456726
YGR198W,YGR223C,0,0.13985807,0.18697793781757355,0.8660714030265808,0.3799039125442505
YOL032W,YHR177W,0,0.13950334,0.18693789839744568,0.8660714030265808,0.38000398874282837
YJL151C,YHR122W,0,0.13876107,0.186897873878479,0.8660714030265808,0.38010409474372864
YHR117W,YPR183W,0,0.13872986,0.18685787916183472,0.8660714030265808,0.3802041709423065
YLR419W,YGL090W,0,0.13864177,0.18681788444519043,0.8660714030265808,0.3803042471408844
YER087C-A,YBR192W,0,0.13864127,0.18677791953086853,0.8660714030265808,0.3804043233394623
YPL219W,YDR235W,0,0.13780567,0.18673796951770782,0.8660714030265808,0.38050439953804016
YMR262W,YJL107C,0,0.13767086,0.1866980344057083,0.8660714030265808,0.38060447573661804
YOR357C,YHR100C,0,0.1372211,0.18665811419487,0.8660714030265808,0.3807045519351959
YNR020C,YGR100W,0,0.13721305,0.18661820888519287,0.8660714030265808,0.3808046579360962
YDL227C,YML023C,0,0.13714465,0.18657833337783813,0.8660714030265808,0.3809047341346741
YHR082C,YNL295W,0,0.13680257,0.1865384578704834,0.8660714030265808,0.38100481033325195
YER056C,YDR018C,0,0.13673668,0.18649861216545105,0.8660714030265808,0.38110488653182983
YNL188W,YIL119C,0,0.13661505,0.1864587813615799,0.8660714030265808,0.3812049627304077
YNL197C,YGR152C,0,0.13529576,0.18641896545886993,0.8660714030265808,0.3813050389289856
YDR091C,YNL182C,0,0.13511734,0.18637916445732117,0.8660714030265808,0.3814051151275635
YLL035W,YML060W,0,0.1342672,0.1863393783569336,0.8660714030265808,0.38150519132614136
YGR278W,YNL278W,0,0.1337069,0.1862996220588684,0.8660714030265808,0.3816052973270416
YDR096W,YLR160C,0,0.13348213,0.18625986576080322,0.8660714030265808,0.3817053735256195
YMR010W,YBR247C,0,0.13336019,0.18622013926506042,0.8660714030265808,0.3818054497241974
YCR026C,YDR076W,1,0.13323057,0.18639369308948517,0.8670634627342224,0.3818054497241974
YDR501W,YLR352W,0,0.13321015,0.18635395169258118,0.8670634627342224,0.38190552592277527
YOR151C,YGL171W,0,0.13285379,0.18631422519683838,0.8670634627342224,0.38200560212135315
YBR019C,YGL247W,0,0.132741,0.18627451360225677,0.8670634627342224,0.38210567831993103
YMR109W,YNR027W,0,0.1322984,0.18623481690883636,0.8670634627342224,0.3822057545185089
YGR031W,YIL157C,0,0.13215515,0.18619515001773834,0.8670634627342224,0.3823058307170868
YHR115C,YBR290W,0,0.13179421,0.18615548312664032,0.8670634627342224,0.38240593671798706
YER062C,YOR223W,0,0.13158236,0.18611584603786469,0.8670634627342224,0.38250601291656494
YNR052C,YCR026C,1,0.13140173,0.18628911674022675,0.8680555820465088,0.38250601291656494
YPL001W,YGR140W,0,0.13116889,0.18624946475028992,0.8680555820465088,0.3826060891151428
YGR191W,YJL038C,0,0.13034295,0.18620982766151428,0.8680555820465088,0.3827061653137207
YDR266C,YAL055W,0,0.12999904,0.18617020547389984,0.8680555820465088,0.3828062415122986
YDR320C,YKR035W-A,0,0.12992851,0.1861306130886078,0.8680555820465088,0.38290631771087646
YDR142C,YJL076W,0,0.12976788,0.18609102070331573,0.8680555820465088,0.38300639390945435
YOL107W,YMR111C,0,0.12944803,0.18605145812034607,0.8680555820465088,0.3831064999103546
YER071C,YLR451W,0,0.1290408,0.1860119104385376,0.8680555820465088,0.3832065761089325
YLR356W,YIL063C,0,0.12904029,0.18597236275672913,0.8680555820465088,0.3833066523075104
YPR009W,YOR295W,0,0.12868659,0.18593284487724304,0.8680555820465088,0.38340672850608826
YJL200C,YDR320C,0,0.12854506,0.18589335680007935,0.8680555820465088,0.38350680470466614
YNL078W,YML077W,0,0.12827419,0.18585386872291565,0.8680555820465088,0.383606880903244
YLR439W,YGR152C,0,0.12790264,0.18581439554691315,0.8680555820465088,0.3837069571018219
YOR172W,YDR228C,0,0.12763545,0.18577495217323303,0.8680555820465088,0.3838070333003998
YDR293C,YER183C,0,0.12711582,0.18573550879955292,0.8680555820465088,0.38390713930130005
YGR048W,YGL237C,0,0.12646978,0.1856960952281952,0.8680555820465088,0.38400721549987793
YPL148C,YEL004W,0,0.12643786,0.18565669655799866,0.8680555820465088,0.3841072916984558
YEL015W,YMR258C,0,0.12635848,0.18561731278896332,0.8680555820465088,0.3842073678970337
YDR122W,YKL033W,0,0.12573926,0.18557794392108917,0.8680555820465088,0.3843074440956116
YCR034W,YOR378W,0,0.12526737,0.18553858995437622,0.8680555820465088,0.38440752029418945
YGL039W,YGR152C,0,0.12505527,0.18549925088882446,0.8680555820465088,0.38450759649276733
YML058W,YDL077C,0,0.12492716,0.1854599416255951,0.8680555820465088,0.3846076726913452
YJL099W,YNL075W,0,0.12435201,0.18542064726352692,0.8680555820465088,0.3847077786922455
YKL081W,YFL054C,0,0.12397353,0.18538135290145874,0.8680555820465088,0.38480785489082336
YHR102W,YLR385C,0,0.123970896,0.18534208834171295,0.8680555820465088,0.38490793108940125
YKR099W,YOL143C,0,0.12391384,0.18530283868312836,0.8680555820465088,0.3850080072879791
YGR120C,YMR070W,0,0.12313411,0.18526360392570496,0.8680555820465088,0.385108083486557
YDL117W,YJL198W,0,0.12288733,0.18522438406944275,0.8680555820465088,0.3852081596851349
YGL090W,YOL057W,0,0.12236638,0.18518517911434174,0.8680555820465088,0.38530823588371277
YHR039C-A,YER098W,0,0.12224907,0.1851460039615631,0.8680555820465088,0.38540831208229065
YAL059W,YMR160W,0,0.12222095,0.18510682880878448,0.8680555820465088,0.3855084180831909
YHR111W,YKR099W,0,0.12201366,0.18506768345832825,0.8680555820465088,0.3856084942817688
YNL197C,YPL007C,0,0.121728465,0.1850285530090332,0.8680555820465088,0.3857085704803467
YHR064C,YDR359C,0,0.12149137,0.18498942255973816,0.8680555820465088,0.38580864667892456
YDR253C,YPR167C,0,0.12105225,0.1849503219127655,0.8680555820465088,0.38590872287750244
YML004C,YBR241C,0,0.120386556,0.18491123616695404,0.8680555820465088,0.3860087990760803
YGR189C,YLL035W,0,0.12030248,0.18487218022346497,0.8680555820465088,0.3861088752746582
YIR024C,YDL103C,0,0.12024219,0.1848331242799759,0.8680555820465088,0.38620898127555847
YDL117W,YGL173C,0,0.11984742,0.184794083237648,0.8680555820465088,0.38630905747413635
YPL097W,YDL113C,0,0.119711205,0.18475507199764252,0.8680555820465088,0.38640913367271423
YNL299W,YDR256C,0,0.1191908,0.18471606075763702,0.8680555820465088,0.3865092098712921
YLR421C,YNL273W,0,0.11912313,0.18467707931995392,0.8680555820465088,0.38660928606987
YCR008W,YPL016W,0,0.11900745,0.184638112783432,0.8680555820465088,0.3867093622684479
YDR185C,YGR099W,0,0.11831497,0.1845991611480713,0.8680555820465088,0.38680943846702576
YLR275W,YNR040W,0,0.11828354,0.18456022441387177,0.8680555820465088,0.38690951466560364
YCR009C,YGR100W,0,0.11767773,0.18452130258083344,0.8680555820465088,0.3870096206665039
YER071C,YBR279W,0,0.11754778,0.1844823956489563,0.8680555820465088,0.3871096968650818
YFL001W,YPR192W,0,0.117525175,0.18444350361824036,0.8680555820465088,0.38720977306365967
YGR169C,YDR524C,0,0.11710632,0.1844046413898468,0.8680555820465088,0.38730984926223755
YGR047C,YPL252C,0,0.1162339,0.18436577916145325,0.8680555820465088,0.38740992546081543
YGR026W,YBL061C,0,0.11615762,0.18432694673538208,0.8680555820465088,0.3875100016593933
YGL173C,YOR001W,1,0.115742415,0.18449874222278595,0.8690476417541504,0.3875100016593933
YPL266W,YHR074W,0,0.11564317,0.1844598799943924,0.8690476417541504,0.3876100778579712
YDR478W,YPL123C,1,0.11535214,0.1846315860748291,0.870039701461792,0.3876100778579712
YDR295C,YDR523C,0,0.11533041,0.18459272384643555,0.870039701461792,0.3877101540565491
YIL117C,YNR031C,0,0.11511591,0.18455387651920319,0.870039701461792,0.38781026005744934
YMR016C,YKR001C,0,0.11488472,0.18451504409313202,0.870039701461792,0.3879103362560272
YBR201W,YOL066C,0,0.11485922,0.18447622656822205,0.870039701461792,0.3880104124546051
YOR005C,YNL286W,0,0.11422311,0.18443743884563446,0.870039701461792,0.388110488653183
YGR236C,YIL087C,0,0.11421631,0.18439865112304688,0.870039701461792,0.38821056485176086
YLR253W,YKL138C,0,0.11403082,0.18435989320278168,0.870039701461792,0.38831064105033875
YJL099W,YLR404W,0,0.113409474,0.18432115018367767,0.870039701461792,0.3884107172489166
YER154W,YMR106C,0,0.11333583,0.18428240716457367,0.870039701461792,0.3885108232498169
YMR282C,YKL005C,0,0.113248795,0.18424369394779205,0.870039701461792,0.3886108994483948
YJL185C,YFL062W,0,0.11312865,0.18420499563217163,0.870039701461792,0.38871097564697266
YHR064C,YGL080W,0,0.11276527,0.1841663122177124,0.870039701461792,0.38881105184555054
YHL034C,YIL111W,0,0.112703964,0.18412764370441437,0.870039701461792,0.3889111280441284
YMR243C,YLR419W,0,0.11257866,0.18408900499343872,0.870039701461792,0.3890112042427063
YPR080W,YMR087W,0,0.112044424,0.18405036628246307,0.870039701461792,0.3891112804412842
YOR066W,YGR234W,0,0.11201346,0.18401174247264862,0.870039701461792,0.38921135663986206
YFR014C,YAL002W,0,0.11188133,0.18397314846515656,0.870039701461792,0.38931146264076233
YDR522C,YBR258C,0,0.11159985,0.18393456935882568,0.870039701461792,0.3894115388393402
YMR016C,YMR109W,0,0.11143099,0.1838959902524948,0.870039701461792,0.3895116150379181
YNL289W,YKL154W,0,0.11131255,0.18385744094848633,0.870039701461792,0.38961169123649597
YPL118W,YLR227C,0,0.111264035,0.18381890654563904,0.870039701461792,0.38971176743507385
YGL173C,YOR166C,1,0.111197904,0.18398994207382202,0.8710317611694336,0.38971176743507385
YGL254W,YIL063C,0,0.11079143,0.18395139276981354,0.8710317611694336,0.38981184363365173
YGL090W,YDL116W,0,0.110489815,0.18391285836696625,0.8710317611694336,0.3899119198322296
YHR076W,YOR295W,0,0.1101065,0.18387433886528015,0.8710317611694336,0.3900119960308075
YJL087C,YPL022W,1,0.109999046,0.1840452253818512,0.8720238208770752,0.3900119960308075
YNL207W,YDR493W,0,0.109834164,0.1840067058801651,0.8720238208770752,0.39011210203170776
YKL046C,YLR078C,0,0.10971202,0.183968186378479,0.8720238208770752,0.39021217823028564
YCR011C,YGL171W,0,0.108649,0.1839296966791153,0.8720238208770752,0.3903122544288635
YOR371C,YMR211W,0,0.108621344,0.1838912069797516,0.8720238208770752,0.3904123306274414
YOL080C,YPL123C,1,0.108342275,0.1840619146823883,0.8730158805847168,0.3904123306274414
YOL069W,YMR069W,0,0.10714276,0.1840234249830246,0.8730158805847168,0.3905124068260193
YPL016W,YGL073W,0,0.10687499,0.18398495018482208,0.8730158805847168,0.39061248302459717
YBR171W,YDR056C,0,0.106270805,0.18394649028778076,0.8730158805847168,0.39071255922317505
YGL097W,YGR122W,0,0.10617252,0.18390804529190063,0.8730158805847168,0.39081263542175293
YGL025C,YOR124C,0,0.10581979,0.1838696151971817,0.8730158805847168,0.3909127414226532
YDR523C,YJR006W,0,0.10564895,0.18383121490478516,0.8730158805847168,0.3910128176212311
YML076C,YAL047C,0,0.105399266,0.1837928146123886,0.8730158805847168,0.39111289381980896
YHL025W,YJL162C,0,0.10430238,0.18375444412231445,0.8730158805847168,0.39121297001838684
YPL169C,YMR080C,0,0.10411458,0.1837160736322403,0.8730158805847168,0.3913130462169647
YNL258C,YGR177C,0,0.103535786,0.18367773294448853,0.8730158805847168,0.3914131224155426
YHR142W,YBR038W,0,0.10324742,0.18363939225673676,0.8730158805847168,0.3915131986141205
YFR004W,YNL009W,0,0.103082776,0.18360108137130737,0.8730158805847168,0.39161330461502075
YFR030W,YGR288W,0,0.10305725,0.18356278538703918,0.8730158805847168,0.39171338081359863
YDR225W,YOR149C,0,0.10232861,0.1835245043039322,0.8730158805847168,0.3918134570121765
YDR090C,YNL197C,0,0.10232009,0.1834862381219864,0.8730158805847168,0.3919135332107544
YLR166C,YDL077C,0,0.102244794,0.18344798684120178,0.8730158805847168,0.3920136094093323
YML081W,YCL004W,0,0.10221541,0.18340975046157837,0.8730158805847168,0.39211368560791016
YML028W,YPL230W,0,0.10189302,0.18337152898311615,0.8730158805847168,0.39221376180648804
YNL194C,YGL126W,0,0.1012813,0.18333333730697632,0.8730158805847168,0.3923138380050659
YOL130W,YKR051W,0,0.10049002,0.1832951456308365,0.8730158805847168,0.3924139440059662
YOR172W,YFL001W,0,0.100255236,0.18325696885585785,0.8730158805847168,0.39251402020454407
YHR111W,YDL077C,0,0.09957774,0.1832188218832016,0.8730158805847168,0.39261409640312195
YER062C,YDR018C,0,0.09916033,0.18318068981170654,0.8730158805847168,0.39271417260169983
YPL259C,YGR223C,0,0.09902899,0.1831425577402115,0.8730158805847168,0.3928142488002777
YHR177W,YLR134W,0,0.09871708,0.18310445547103882,0.8730158805847168,0.3929143249988556
YEL015W,YPR089W,0,0.09768619,0.18306636810302734,0.8730158805847168,0.39301440119743347
YFR030W,YBR201W,0,0.09742832,0.18302828073501587,0.8730158805847168,0.39311447739601135
YAR071W,YBR002C,0,0.09721248,0.18299022316932678,0.8730158805847168,0.3932145833969116
YIL117C,YLL011W,0,0.097122535,0.1829521805047989,0.8730158805847168,0.3933146595954895
YHR070W,YMR076C,0,0.095586345,0.1829141527414322,0.8730158805847168,0.3934147357940674
YLR211C,YGL145W,0,0.09558381,0.18287613987922668,0.8730158805847168,0.39351481199264526
YIL122W,YFL052W,0,0.09533337,0.18283814191818237,0.8730158805847168,0.39361488819122314
YEL068C,YHR006W,0,0.09522645,0.18280015885829926,0.8730158805847168,0.393714964389801
YGR204W,YBR045C,0,0.09510121,0.18276220560073853,0.8730158805847168,0.3938150405883789
YLL036C,YOR251C,0,0.09448083,0.1827242523431778,0.8730158805847168,0.3939151465892792
YML011C,YEL020C,0,0.094389305,0.18268631398677826,0.8730158805847168,0.39401522278785706
YDL135C,YKL154W,0,0.094381794,0.1826484054327011,0.8730158805847168,0.39411529898643494
YBR258C,YHR074W,0,0.093953416,0.18261049687862396,0.8730158805847168,0.3942153751850128
YKR069W,YKR085C,0,0.09391941,0.1825726181268692,0.8730158805847168,0.3943154513835907
YDL150W,YGL004C,0,0.09374429,0.18253473937511444,0.8730158805847168,0.3944155275821686
YGR278W,YNR049C,0,0.09331851,0.18249689042568207,0.8730158805847168,0.39451560378074646
YKL133C,YBR002C,0,0.09321943,0.1824590563774109,0.8730158805847168,0.39461567997932434
YLL006W,YOL137W,0,0.09258734,0.1824212223291397,0.8730158805847168,0.3947157859802246
YDR315C,YNL172W,0,0.09197469,0.18238341808319092,0.8730158805847168,0.3948158621788025
YHR102W,YLR032W,0,0.09180106,0.18234562873840332,0.8730158805847168,0.39491593837738037
YMR243C,YDL036C,0,0.09173398,0.18230785429477692,0.8730158805847168,0.39501601457595825
YEL020C,YPL146C,0,0.091612145,0.1822700947523117,0.8730158805847168,0.39511609077453613
YMR169C,YJL194W,0,0.090971604,0.1822323501110077,0.8730158805847168,0.395216166973114
YER071C,YDR363W,0,0.09085645,0.18219462037086487,0.8730158805847168,0.3953162431716919
YBR229C,YKR051W,0,0.09079367,0.18215690553188324,0.8730158805847168,0.3954163193702698
YOR020C,YNR031C,0,0.09062217,0.1821192055940628,0.8730158805847168,0.39551642537117004
YIL009W,YDL036C,0,0.0901653,0.18208152055740356,0.8730158805847168,0.3956165015697479
YPL029W,YFL029C,0,0.08972132,0.18204385042190552,0.8730158805847168,0.3957165777683258
YHR076W,YER172C,0,0.089676216,0.18200621008872986,0.8730158805847168,0.3958166539669037
YDR506C,YBR246W,0,0.08932714,0.1819685697555542,0.8730158805847168,0.39591673016548157
YBR258C,YNL074C,0,0.08919202,0.18193094432353973,0.8730158805847168,0.39601680636405945
YHR062C,YDR370C,1,0.08913885,0.18210004270076752,0.8740079402923584,0.39601680636405945
YKR069W,YIL098C,0,0.08906333,0.18206240236759186,0.8740079402923584,0.39611688256263733
YKR099W,YLL012W,0,0.088646576,0.1820247918367386,0.8740079402923584,0.3962169587612152
YLR203C,YFL054C,0,0.08852734,0.1819871962070465,0.8740079402923584,0.3963170647621155
YMR293C,YLR452C,0,0.08841582,0.18194960057735443,0.8740079402923584,0.39641714096069336
YNL289W,YAL034W-A,0,0.08761409,0.18191203474998474,0.8740079402923584,0.39651721715927124
YGR116W,YIL062C,0,0.08753742,0.18187448382377625,0.8740079402923584,0.3966172933578491
YEL061C,YOR087W,0,0.08724284,0.18183694779872894,0.8740079402923584,0.396717369556427
YBR171W,YNL200C,0,0.086921364,0.18179942667484283,0.8740079402923584,0.3968174457550049
YCR008W,YJR005W,0,0.08664848,0.18176192045211792,0.8740079402923584,0.39691752195358276
YDR147W,YDL077C,0,0.08493698,0.1817244291305542,0.8740079402923584,0.39701762795448303
YIL027C,YNL149C,0,0.08460276,0.18168695271015167,0.8740079402923584,0.3971177041530609
YLR132C,YML095C,1,0.08450411,0.18185566365718842,0.875,0.3971177041530609
YJR006W,YNL221C,1,0.08447114,0.18202432990074158,0.8759920597076416,0.3971177041530609
YGR203W,YER098W,0,0.08443186,0.18198680877685547,0.8759920597076416,0.3972177803516388
YJL162C,YOL096C,0,0.084158555,0.18194930255413055,0.8759920597076416,0.3973178565502167
YBL075C,YEL077C,0,0.083816126,0.18191182613372803,0.8759920597076416,0.39741793274879456
YDL150W,YNR031C,0,0.08357555,0.1818743497133255,0.8759920597076416,0.39751800894737244
YGL115W,YNL061W,0,0.08352375,0.18183690309524536,0.8759920597076416,0.3976180851459503
YDR263C,YAL033W,1,0.083271906,0.18200534582138062,0.8769841194152832,0.3976180851459503
YHR150W,YFL008W,0,0.08255786,0.18196788430213928,0.8769841194152832,0.3977181613445282
YGL085W,YKR063C,1,0.08249818,0.18213623762130737,0.8779761791229248,0.3977181613445282
YOR174W,YOR110W,0,0.08236112,0.18209876120090485,0.8779761791229248,0.39781826734542847
YCR009C,YEL018W,0,0.081919745,0.1820612996816635,0.8779761791229248,0.39791834354400635
YDL049C,YDR532C,0,0.08141267,0.18202385306358337,0.8779761791229248,0.39801841974258423
YFR031C,YOL022C,0,0.080408335,0.18198642134666443,0.8779761791229248,0.3981184959411621
YKR026C,YML011C,0,0.079049155,0.18194901943206787,0.8779761791229248,0.39821857213974
YLR056W,YCL031C,0,0.07874338,0.1819116175174713,0.8779761791229248,0.39831864833831787
YLR211C,YNL246W,0,0.078563645,0.18187423050403595,0.8779761791229248,0.39841872453689575
YOR261C,YPL155C,0,0.07849197,0.18183685839176178,0.8779761791229248,0.39851880073547363
YDR118W,YKR017C,0,0.078463495,0.1817995011806488,0.8779761791229248,0.3986189067363739
YDL138W,YDL126C,0,0.07836516,0.18176217377185822,0.8779761791229248,0.3987189829349518
YGR031W,YMR054W,0,0.078023925,0.18172484636306763,0.8779761791229248,0.39881905913352966
YCR044C,YLR024C,0,0.07777552,0.18168753385543823,0.8779761791229248,0.39891913533210754
YMR060C,YLL040C,0,0.077659115,0.18165025115013123,0.8779761791229248,0.3990192115306854
YJL189W,YER183C,0,0.077071935,0.18161296844482422,0.8779761791229248,0.3991192877292633
YLR439W,YOR332W,0,0.07702376,0.1815757006406784,0.8779761791229248,0.3992193639278412
YLL001W,YDR334W,0,0.076937586,0.18153846263885498,0.8779761791229248,0.39931946992874146
YOL042W,YER041W,1,0.076486304,0.18170630931854248,0.8789682388305664,0.39931946992874146
YLR019W,YNL046W,0,0.0758739,0.18166905641555786,0.8789682388305664,0.39941954612731934
YKL149C,YCL031C,0,0.07585958,0.18163181841373444,0.8789682388305664,0.3995196223258972
YIL072W,YPL022W,0,0.075235754,0.1815945953130722,0.8789682388305664,0.3996196985244751
YOL042W,YDL102W,1,0.074913606,0.18176229298114777,0.879960298538208,0.3996196985244751
YIL168W,YKL195W,0,0.07477023,0.18172505497932434,0.879960298538208,0.399719774723053
YLR134W,YNL122C,0,0.07399608,0.1816878318786621,0.879960298538208,0.39981985092163086
YIL168W,YOR212W,0,0.07358824,0.18165062367916107,0.879960298538208,0.39991992712020874
YOR172W,YDR539W,0,0.07320054,0.18161343038082123,0.879960298538208,0.4000200033187866
YOL073C,YAL002W,0,0.07319997,0.18157625198364258,0.879960298538208,0.4001201093196869
YDR312W,YBR290W,0,0.0731471,0.18153908848762512,0.879960298538208,0.40022018551826477
YBL055C,YGL094C,1,0.072592795,0.18170656263828278,0.8809523582458496,0.40022018551826477
YPL148C,YPL169C,0,0.071971014,0.18166939914226532,0.8809523582458496,0.40032026171684265
YPR192W,YGL249W,0,0.071884766,0.18163223564624786,0.8809523582458496,0.40042033791542053
YIL134W,YDL099W,0,0.07187179,0.1815950870513916,0.8809523582458496,0.4005204141139984
YDR320C,YMR087W,0,0.071832165,0.18155796825885773,0.8809523582458496,0.4006204903125763
YDR110W,YDR018C,0,0.071720585,0.18152084946632385,0.8809523582458496,0.4007205665111542
YHR046C,YFL034C-B,0,0.07149647,0.18148374557495117,0.8809523582458496,0.40082064270973206
YGL079W,YLR219W,0,0.07116918,0.18144667148590088,0.8809523582458496,0.4009207487106323
YDR263C,YLR154C,1,0.07078026,0.18161389231681824,0.8819444179534912,0.4009207487106323
YKR035W-A,YNL297C,0,0.07075575,0.18157680332660675,0.8819444179534912,0.4010208249092102
YLL036C,YPL026C,0,0.07072733,0.18153971433639526,0.8819444179534912,0.4011209011077881
YHR089C,YEL046C,0,0.07054202,0.18150265514850616,0.8819444179534912,0.40122097730636597
YOR023C,YDL167C,0,0.07008581,0.18146561086177826,0.8819444179534912,0.40132105350494385
YJL041W,YGR270W,0,0.06986347,0.18142856657505035,0.8819444179534912,0.40142112970352173
YBL106C,YFR015C,0,0.06976907,0.18139155209064484,0.8819444179534912,0.4015212059020996
YOR368W,YCR028C-A,0,0.06936477,0.1813545525074005,0.8819444179534912,0.4016213119029999
YFR045W,YDR359C,0,0.06931093,0.18131756782531738,0.8819444179534912,0.40172138810157776
YNL299W,YER069W,0,0.06924303,0.18128058314323425,0.8819444179534912,0.40182146430015564
YDR293C,YPL121C,0,0.069050744,0.1812436282634735,0.8819444179534912,0.4019215404987335
YMR212C,YOR232W,0,0.06893872,0.18120668828487396,0.8819444179534912,0.4020216166973114
YHR046C,YOR062C,0,0.06872623,0.1811697632074356,0.8819444179534912,0.4021216928958893
YML118W,YOR368W,1,0.06855647,0.18133659660816193,0.8829365372657776,0.4021216928958893
YCR002C,YLR314C,0,0.06839597,0.18129965662956238,0.8829365372657776,0.40222176909446716
YGR284C,YJL131C,0,0.068312526,0.18126273155212402,0.8829365372657776,0.40232184529304504
YIL072W,YBR086C,0,0.06830017,0.18122582137584686,0.8829365372657776,0.4024219512939453
YPR110C,YGR026W,0,0.06771377,0.1811889261007309,0.8829365372657776,0.4025220274925232
YNR002C,YOL098C,0,0.06734024,0.18115204572677612,0.8829365372657776,0.4026221036911011
YPL089C,YIL079C,0,0.06732641,0.18111518025398254,0.8829365372657776,0.40272217988967896
YBR156C,YDL056W,0,0.066819966,0.18107832968235016,0.8829365372657776,0.40282225608825684
YIL072W,YDR456W,0,0.06650211,0.18104149401187897,0.8829365372657776,0.4029223322868347
YDL051W,YIL005W,0,0.06615542,0.18100467324256897,0.8829365372657776,0.4030224084854126
YBR264C,YLL061W,0,0.06597412,0.18096786737442017,0.8829365372657776,0.4031224846839905
YBR062C,YBR086C,0,0.06514995,0.18093107640743256,0.8829365372657776,0.40322259068489075
YIR030C,YGL126W,0,0.06493883,0.18089431524276733,0.8829365372657776,0.40332266688346863
YBL019W,YML091C,1,0.06454329,0.1810607612133026,0.8839285969734192,0.40332266688346863
YMR293C,YOL087C,0,0.06436439,0.181023970246315,0.8839285969734192,0.4034227430820465
YOR148C,YGR099W,0,0.064052984,0.18098720908164978,0.8839285969734192,0.4035228192806244
YOL148C,YNR052C,0,0.063660845,0.18095044791698456,0.8839285969734192,0.40362289547920227
YLR145W,YDL237W,0,0.06360538,0.18091370165348053,0.8839285969734192,0.40372297167778015
YML004C,YNL273W,0,0.06353696,0.1808769851922989,0.8839285969734192,0.40382304787635803
YJR067C,YKL077W,0,0.06252849,0.18084026873111725,0.8839285969734192,0.4039231240749359
YNR021W,YAL034W-A,0,0.06250174,0.1808035671710968,0.8839285969734192,0.4040232300758362
YGL004C,YLR021W,0,0.062493157,0.18076689541339874,0.8839285969734192,0.40412330627441406
YOR329C,YGL204C,0,0.062468592,0.18073022365570068,0.8839285969734192,0.40422338247299194
YMR234W,YJL113W,1,0.062278178,0.18089637160301208,0.8849206566810608,0.40422338247299194
YNL314W,YGR124W,0,0.061510783,0.18085968494415283,0.8849206566810608,0.4043234586715698
YPL160W,YFR050C,0,0.061216254,0.18082302808761597,0.8849206566810608,0.4044235348701477
YOR129C,YPL001W,0,0.061054613,0.1807863861322403,0.8849206566810608,0.4045236110687256
YLR032W,YJL162C,0,0.060998295,0.18074974417686462,0.8849206566810608,0.40462368726730347
YKR035W-A,YDR014W,0,0.060952317,0.18071313202381134,0.8849206566810608,0.40472379326820374
YDL021W,YEL056W,0,0.06089924,0.18067651987075806,0.8849206566810608,0.4048238694667816
YAL034W-A,YKL211C,0,0.060656797,0.18063993752002716,0.8849206566810608,0.4049239456653595
YOL051W,YDL225W,0,0.060280222,0.18060335516929626,0.8849206566810608,0.4050240218639374
YOR279C,YJL189W,0,0.06019808,0.18056680262088776,0.8849206566810608,0.40512409806251526
YDL246C,YBR221C,0,0.06011674,0.18053025007247925,0.8849206566810608,0.40522417426109314
YEL024W,YDR363W,0,0.05994464,0.18049372732639313,0.8849206566810608,0.405324250459671
YFL028C,YNL119W,0,0.05990092,0.1804572194814682,0.8849206566810608,0.4054243266582489
YHR002W,YLL006W,0,0.059449162,0.18042071163654327,0.8849206566810608,0.40552443265914917
YPR042C,YKR001C,0,0.0592771,0.18038423359394073,0.8849206566810608,0.40562450885772705
YJL026W,YLR210W,0,0.059097137,0.1803477555513382,0.8849206566810608,0.40572458505630493
YPR173C,YDL216C,0,0.058376472,0.18031129240989685,0.8849206566810608,0.4058246612548828
YJR067C,YLR242C,0,0.057685804,0.1802748590707779,0.8849206566810608,0.4059247374534607
YJR136C,YMR060C,0,0.05765764,0.18023842573165894,0.8849206566810608,0.4060248136520386
YGL064C,YMR037C,0,0.05728351,0.18020202219486237,0.8849206566810608,0.40612488985061646
YDL056W,YKR044W,0,0.056933966,0.1801656186580658,0.8849206566810608,0.40622496604919434
YKL219W,YHL015W,0,0.056808125,0.1801292449235916,0.8849206566810608,0.4063250720500946
YDR371W,YLR078C,0,0.05654381,0.18009287118911743,0.8849206566810608,0.4064251482486725
YIL133C,YKL073W,0,0.056286585,0.18005652725696564,0.8849206566810608,0.40652522444725037
YJL094C,YPR137W,0,0.055201214,0.18002018332481384,0.8849206566810608,0.40662530064582825
YER118C,YDR030C,0,0.054758262,0.17998385429382324,0.8849206566810608,0.40672537684440613
YGR092W,YDR002W,0,0.05455209,0.17994755506515503,0.8849206566810608,0.406825453042984
YMR104C,YHR001W,0,0.05445854,0.17991125583648682,0.8849206566810608,0.4069255292415619
YNL207W,YGL134W,0,0.054115396,0.1798749715089798,0.8849206566810608,0.40702563524246216
YIL062C,YDR453C,0,0.054105323,0.17983871698379517,0.8849206566810608,0.40712571144104004
YML068W,YHR001W,0,0.05393539,0.17980246245861053,0.8849206566810608,0.4072257876396179
YER171W,YIL119C,0,0.053291272,0.1797662228345871,0.8849206566810608,0.4073258638381958
YGL064C,YHL015W,0,0.05313539,0.17972999811172485,0.8849206566810608,0.4074259400367737
YIL095W,YPL129W,0,0.05298474,0.1796937882900238,0.8849206566810608,0.40752601623535156
YPL121C,YBR158W,0,0.052752387,0.17965760827064514,0.8849206566810608,0.40762609243392944
YOL032W,YGR029W,0,0.05269335,0.17962142825126648,0.8849206566810608,0.4077261686325073
YJL107C,YMR080C,0,0.052604314,0.179585263133049,0.8849206566810608,0.4078262746334076
YGL079W,YLL018C,0,0.05234501,0.17954911291599274,0.8849206566810608,0.4079263508319855
YKL078W,YKR084C,0,0.05137072,0.17951297760009766,0.8849206566810608,0.40802642703056335
YGR116W,YDR485C,0,0.05108774,0.17947685718536377,0.8849206566810608,0.40812650322914124
YAL059W,YLR174W,0,0.050967503,0.17944075167179108,0.8849206566810608,0.4082265794277191
YJL131C,YGL195W,0,0.050846074,0.17940466105937958,0.8849206566810608,0.408326655626297
YJR140C,YOL089C,0,0.050815653,0.17936858534812927,0.8849206566810608,0.4084267318248749
YMR074C,YEL032W,0,0.050678175,0.17933252453804016,0.8849206566810608,0.40852680802345276
YIR021W,YGL095C,0,0.05064368,0.17929647862911224,0.8849206566810608,0.408626914024353
YBL098W,YDR489W,0,0.050584,0.17926044762134552,0.8849206566810608,0.4087269902229309
YNL314W,YOL087C,0,0.050578427,0.17922443151474,0.8849206566810608,0.4088270664215088
YFL008W,YGL097W,0,0.049506377,0.17918843030929565,0.8849206566810608,0.40892714262008667
YMR074C,YKL095W,0,0.04947714,0.1791524440050125,0.8849206566810608,0.40902721881866455
YEL030W,YDR055W,0,0.049418632,0.17911647260189056,0.8849206566810608,0.40912729501724243
YOR063W,YPR016C,0,0.049356263,0.17908050119876862,0.8849206566810608,0.4092273712158203
YBL039C,YFR015C,0,0.048930984,0.17904455959796906,0.8849206566810608,0.4093274474143982
YLR032W,YOR110W,0,0.048688393,0.1790086328983307,0.8849206566810608,0.40942755341529846
YDR202C,YPR115W,0,0.048429918,0.17897270619869232,0.8849206566810608,0.40952762961387634
YDR109C,YFL055W,0,0.048136752,0.17893680930137634,0.8849206566810608,0.4096277058124542
YKL046C,YDR386W,0,0.048110392,0.17890092730522156,0.8849206566810608,0.4097277820110321
YBL046W,YOR232W,0,0.047928642,0.17886504530906677,0.8849206566810608,0.40982785820961
YAL062W,YMR211W,0,0.047663737,0.17882919311523438,0.8849206566810608,0.40992793440818787
YGR198W,YGR048W,0,0.047497477,0.17879334092140198,0.8849206566810608,0.41002801060676575
YJL209W,YFR051C,0,0.0469086,0.17875751852989197,0.8849206566810608,0.410128116607666
YGL090W,YPR017C,0,0.04643674,0.17872169613838196,0.8849206566810608,0.4102281928062439
YER025W,YJR002W,0,0.045700114,0.17868590354919434,0.8849206566810608,0.4103282690048218
YGL192W,YGR058W,0,0.04555052,0.1786501109600067,0.8849206566810608,0.41042834520339966
YDL227C,YER041W,1,0.04548039,0.1788145750761032,0.8859127163887024,0.41042834520339966
YFR045W,YML031W,0,0.045420613,0.1787787824869156,0.8859127163887024,0.41052842140197754
YHR164C,YPL022W,1,0.045356464,0.17894315719604492,0.886904776096344,0.41052842140197754
YLR116W,YER087C-B,0,0.045355927,0.1789073497056961,0.886904776096344,0.4106284976005554
YOR125C,YDR018C,0,0.045350324,0.1788715422153473,0.886904776096344,0.4107285737991333
YDL209C,YKR085C,0,0.045153406,0.17883576452732086,0.886904776096344,0.4108286499977112
YOL022C,YDL103C,0,0.044308234,0.17880000174045563,0.886904776096344,0.41092875599861145
YOR357C,YMR124W,0,0.044186395,0.1787642538547516,0.886904776096344,0.41102883219718933
YIR028W,YHR058C,0,0.044106316,0.17872850596904755,0.886904776096344,0.4111289083957672
YKR071C,YNL200C,0,0.043966766,0.1786927878856659,0.886904776096344,0.4112289845943451
YJR005W,YLR288C,0,0.043509822,0.17865706980228424,0.886904776096344,0.411329060792923
YCR058C,YAL036C,0,0.042930063,0.17862138152122498,0.886904776096344,0.41142913699150085
YOL008W,YGR276C,0,0.042852145,0.1785856932401657,0.886904776096344,0.41152921319007874
YKL119C,YLR260W,0,0.04242299,0.17855003476142883,0.886904776096344,0.4116292893886566
YGL038C,YPR073C,0,0.041676532,0.17851437628269196,0.886904776096344,0.4117293953895569
YPL161C,YFL024C,0,0.041489,0.17847873270511627,0.886904776096344,0.41182947158813477
YOR172W,YDR489W,0,0.041392047,0.17844311892986298,0.886904776096344,0.41192954778671265
YGR116W,YDR056C,0,0.040832918,0.17840750515460968,0.886904776096344,0.4120296239852905
YMR277W,YGR006W,0,0.04023676,0.17837190628051758,0.886904776096344,0.4121297001838684
YHR012W,YDR486C,0,0.039345447,0.17833632230758667,0.886904776096344,0.4122297763824463
YGR171C,YFR025C,0,0.039276805,0.17830075323581696,0.886904776096344,0.41232985258102417
YDR130C,YNL080C,0,0.03821395,0.17826519906520844,0.886904776096344,0.41242995858192444
YLL054C,YJL210W,0,0.038185325,0.1782296597957611,0.886904776096344,0.4125300347805023
YJR045C,YNR031C,0,0.0380976,0.17819413542747498,0.886904776096344,0.4126301109790802
YJR009C,YDR179C,0,0.037924867,0.17815862596035004,0.886904776096344,0.4127301871776581
YDL019C,YPL121C,0,0.037666824,0.1781231313943863,0.886904776096344,0.41283026337623596
YKL189W,YIL018W,0,0.03707589,0.17808765172958374,0.886904776096344,0.41293033957481384
YLR227C,YDR092W,0,0.036510985,0.17805218696594238,0.886904776096344,0.4130304157733917
YFL055W,YPR173C,0,0.035294514,0.17801672220230103,0.886904776096344,0.4131304919719696
YFL011W,YKR056W,0,0.035234373,0.17798128724098206,0.886904776096344,0.4132305979728699
YBR077C,YOR083W,0,0.035200518,0.17794586718082428,0.886904776096344,0.41333067417144775
YML081W,YGR133W,0,0.034655225,0.1779104471206665,0.886904776096344,0.41343075037002563
YBR062C,YMR060C,0,0.034532096,0.17787505686283112,0.886904776096344,0.4135308265686035
YMR111C,YLR210W,0,0.034421925,0.17783966660499573,0.886904776096344,0.4136309027671814
YHR002W,YOL066C,0,0.03428712,0.17780429124832153,0.886904776096344,0.4137309789657593
YIL165C,YPR017C,0,0.033839386,0.17776894569396973,0.886904776096344,0.41383105516433716
YNL249C,YLR157C,0,0.03341264,0.17773360013961792,0.886904776096344,0.41393113136291504
YKR085C,YGR002C,0,0.03277805,0.1776982694864273,0.886904776096344,0.4140312373638153
YBR237W,YGR276C,0,0.032477845,0.1776629537343979,0.886904776096344,0.4141313135623932
YNL309W,YMR247C,0,0.032005172,0.17762765288352966,0.886904776096344,0.41423138976097107
YDL246C,YPL186C,0,0.03148405,0.17759236693382263,0.886904776096344,0.41433146595954895
YDR175C,YDL045W-A,0,0.031167995,0.1775570958852768,0.886904776096344,0.41443154215812683
YMR104C,YLR024C,0,0.031035196,0.17752183973789215,0.886904776096344,0.4145316183567047
YMR209C,YOR348C,0,0.030520063,0.1774865984916687,0.886904776096344,0.4146316945552826
YOR167C,YLR005W,0,0.030406993,0.17745137214660645,0.886904776096344,0.4147317707538605
YKL081W,YOR095C,0,0.028617155,0.17741616070270538,0.886904776096344,0.41483187675476074
YDR168W,YER183C,0,0.028428804,0.17738094925880432,0.886904776096344,0.4149319529533386
YPL133C,YDL231C,0,0.028397214,0.17734576761722565,0.886904776096344,0.4150320291519165
YNL282W,YNL219C,0,0.028240096,0.17731058597564697,0.886904776096344,0.4151321053504944
YMR284W,YHR139C,0,0.027561646,0.17727543413639069,0.886904776096344,0.41523218154907227
YOR093C,YLR352W,0,0.027331691,0.1772402822971344,0.886904776096344,0.41533225774765015
YKL113C,YBR223C,1,0.027240675,0.17740337550640106,0.8878968358039856,0.41533225774765015
YOR020C,YLR253W,0,0.026685726,0.17736820876598358,0.8878968358039856,0.415432333946228
YKL155C,YGR121C,0,0.026588183,0.1773330718278885,0.8878968358039856,0.4155324399471283
YLR425W,YLR024C,0,0.026075985,0.1772979348897934,0.8878968358039856,0.4156325161457062
YBR156C,YGL097W,0,0.025987249,0.1772628277540207,0.8878968358039856,0.41573259234428406
YML038C,YBR258C,0,0.02589443,0.17722772061824799,0.8878968358039856,0.41583266854286194
YOL147C,YDR240C,0,0.025691804,0.17719262838363647,0.8878968358039856,0.4159327447414398
YLR092W,YDR202C,0,0.025593456,0.17715756595134735,0.8878968358039856,0.4160328209400177
YBR094W,YBR037C,0,0.024908047,0.17712250351905823,0.8878968358039856,0.4161328971385956
YPR080W,YDR495C,0,0.02452315,0.1770874559879303,0.8878968358039856,0.41623297333717346
YPR038W,YBR192W,0,0.023818787,0.17705242335796356,0.8878968358039856,0.41633307933807373
YLR021W,YLR404W,0,0.023626905,0.17701740562915802,0.8878968358039856,0.4164331555366516
YMR106C,YEL004W,0,0.023541804,0.17698240280151367,0.8878968358039856,0.4165332317352295
YPR103W,YEL056W,0,0.02344982,0.17694741487503052,0.8878968358039856,0.4166333079338074
YBR139W,YKR071C,0,0.02300511,0.17691242694854736,0.8878968358039856,0.41673338413238525
YPL123C,YLR352W,0,0.022781368,0.1768774688243866,0.8878968358039856,0.41683346033096313
YHR085W,YFL059W,0,0.0226929,0.17684252560138702,0.8878968358039856,0.416933536529541
YPL016W,YDR225W,0,0.021992918,0.17680758237838745,0.8878968358039856,0.4170336127281189
YOL003C,YKL005C,0,0.02155428,0.17677266895771027,0.8878968358039856,0.41713371872901917
YGR081C,YGL195W,0,0.021454226,0.17673775553703308,0.8878968358039856,0.41723379492759705
YLR223C,YDR430C,0,0.02132779,0.1767028570175171,0.8878968358039856,0.4173338711261749
YNL249C,YEL046C,0,0.020698395,0.1766679883003235,0.8878968358039856,0.4174339473247528
YKR085C,YPR002W,0,0.020591479,0.17663311958312988,0.8878968358039856,0.4175340235233307
YPR097W,YML085C,0,0.020172205,0.17659826576709747,0.8878968358039856,0.41763409972190857
YMR243C,YHR209W,0,0.019199234,0.17656342685222626,0.8878968358039856,0.41773417592048645
YJR124C,YNL219C,0,0.019120943,0.17652860283851624,0.8878968358039856,0.4178342819213867
YML011C,YPL022W,0,0.018831681,0.1764937937259674,0.8878968358039856,0.4179343581199646
YOL033W,YPL052W,0,0.018755909,0.17645898461341858,0.8878968358039856,0.4180344343185425
YOR368W,YAL021C,1,0.018684339,0.17662133276462555,0.8888888955116272,0.4180344343185425
YDL245C,YJL210W,0,0.018494133,0.17658652365207672,0.8888888955116272,0.41813451051712036
YIL095W,YPR143W,0,0.018422198,0.1765517294406891,0.8888888955116272,0.41823458671569824
YMR237W,YOL057W,0,0.01837061,0.17651693522930145,0.8888888955116272,0.4183346629142761
YDL093W,YOR278W,0,0.018091258,0.1764821708202362,0.8888888955116272,0.418434739112854
YCR048W,YIL087C,0,0.01742502,0.17644742131233215,0.8888888955116272,0.4185348153114319
YDR484W,YNR006W,0,0.017178517,0.1764126867055893,0.8888888955116272,0.41863492131233215
YJR136C,YPR173C,0,0.016911063,0.17637795209884644,0.8888888955116272,0.41873499751091003
YGL025C,YER090W,0,0.01687726,0.17634323239326477,0.8888888955116272,0.4188350737094879
YLR345W,YMR046C,0,0.016870681,0.1763085424900055,0.8888888955116272,0.4189351499080658
YGL025C,YGL011C,0,0.016812425,0.17627385258674622,0.8888888955116272,0.4190352261066437
YDR090C,YMR274C,0,0.016583044,0.17623917758464813,0.8888888955116272,0.41913530230522156
YNL290W,YML064C,0,0.015157592,0.17620451748371124,0.8888888955116272,0.41923537850379944
YER012W,YJL090C,0,0.0141330175,0.17616987228393555,0.8888888955116272,0.4193354547023773
YLR216C,YNR038W,0,0.014099132,0.17613524198532104,0.8888888955116272,0.4194355607032776
YDR034C,YDR014W,0,0.0139895715,0.17610062658786774,0.8888888955116272,0.41953563690185547
YJL144W,YGR284C,0,0.013940912,0.17606602609157562,0.8888888955116272,0.41963571310043335
YBR037C,YGR223C,0,0.013480168,0.1760314404964447,0.8888888955116272,0.41973578929901123
YNL010W,YHR122W,0,0.013315957,0.17599685490131378,0.8888888955116272,0.4198358654975891
YPL022W,YHR006W,0,0.01320545,0.17596229910850525,0.8888888955116272,0.419935941696167
YNR027W,YLR166C,0,0.012218412,0.17592774331569672,0.8888888955116272,0.4200360178947449
YOL033W,YMR214W,0,0.012003522,0.17589320242404938,0.8888888955116272,0.42013609409332275
YOR110W,YLR224W,0,0.011912432,0.17585869133472443,0.8888888955116272,0.420236200094223
YCR023C,YPL129W,0,0.011619817,0.17582418024539948,0.8888888955116272,0.4203362762928009
YMR169C,YLR227C,0,0.0113199465,0.17578968405723572,0.8888888955116272,0.4204363524913788
YPL188W,YDR485C,0,0.011193883,0.17575520277023315,0.8888888955116272,0.42053642868995667
YCR011C,YKR044W,0,0.010585021,0.17572073638439178,0.8888888955116272,0.42063650488853455
YHR156C,YMR157C,0,0.009910103,0.17568626999855042,0.8888888955116272,0.4207365810871124
YKL133C,YNL188W,0,0.009760004,0.17565183341503143,0.8888888955116272,0.4208366572856903
YFL028C,YAL056W,0,0.008749183,0.17561741173267365,0.8888888955116272,0.4209367632865906
YKL073W,YKL154W,0,0.008738007,0.17558299005031586,0.8888888955116272,0.42103683948516846
YPR097W,YER069W,0,0.0087325685,0.17554858326911926,0.8888888955116272,0.42113691568374634
YDR317W,YMR070W,0,0.00867131,0.17551420629024506,0.8888888955116272,0.4212369918823242
YDR122W,YDL103C,0,0.008488219,0.17547982931137085,0.8888888955116272,0.4213370680809021
YJL178C,YPR167C,0,0.008300226,0.17544546723365784,0.8888888955116272,0.42143714427948
YIR024C,YPL230W,0,0.008143019,0.17541112005710602,0.8888888955116272,0.42153722047805786
YGL166W,YCR008W,0,0.008128386,0.1753767877817154,0.8888888955116272,0.42163729667663574
YDR162C,YDL116W,0,0.007744845,0.17534247040748596,0.8888888955116272,0.421737402677536
YPL022W,YGL094C,1,0.007655274,0.17550382018089294,0.8898809552192688,0.421737402677536
YPL259C,YDL075W,0,0.0076249056,0.17546948790550232,0.8898809552192688,0.4218374788761139
YJR017C,YBR241C,0,0.007340815,0.1754351705312729,0.8898809552192688,0.4219375550746918
YDR091C,YKL149C,0,0.00727408,0.17540085315704346,0.8898809552192688,0.42203763127326965
YPL053C,YGR029W,0,0.007123869,0.1753665655851364,0.8898809552192688,0.42213770747184753
YOL069W,YHR043C,0,0.007062372,0.17533229291439056,0.8898809552192688,0.4222377836704254
YDL227C,YOR001W,1,0.007027041,0.17549344897270203,0.8908730149269104,0.4222377836704254
YHL016C,YDR130C,0,0.0069059543,0.17545916140079498,0.8908730149269104,0.4223378598690033
YDR142C,YPR115W,0,0.006847676,0.17542488873004913,0.8908730149269104,0.4224379360675812
YDR236C,YDL119C,0,0.0067778938,0.17539063096046448,0.8908730149269104,0.42253804206848145
YKL067W,YBR180W,0,0.00611512,0.17535637319087982,0.8908730149269104,0.4226381182670593
YGL039W,YMR067C,0,0.005482327,0.17532214522361755,0.8908730149269104,0.4227381944656372
YHR053C,YOR087W,0,0.0052302293,0.17528791725635529,0.8908730149269104,0.4228382706642151
YLR276C,YOR149C,0,0.004782621,0.1752537041902542,0.8908730149269104,0.42293834686279297
YDR539W,YNL172W,0,0.0047232024,0.17521950602531433,0.8908730149269104,0.42303842306137085
YJL107C,YBR045C,0,0.004546117,0.17518532276153564,0.8908730149269104,0.42313849925994873
YLR211C,YPR056W,0,0.004482966,0.17515115439891815,0.8908730149269104,0.423238605260849
YOL003C,YIR024C,0,0.00429919,0.17511700093746185,0.8908730149269104,0.4233386814594269
YLL012W,YOR363C,0,0.004270535,0.17508286237716675,0.8908730149269104,0.42343875765800476
YKR062W,YDR456W,0,0.004078325,0.17504873871803284,0.8908730149269104,0.42353883385658264
YDL174C,YNL072W,0,0.0036514215,0.17501461505889893,0.8908730149269104,0.4236389100551605
YIR021W,YML075C,0,0.003511127,0.1749805212020874,0.8908730149269104,0.4237389862537384
YPL231W,YCL069W,0,0.003274899,0.17494642734527588,0.8908730149269104,0.4238390624523163
YMR227C,YGR100W,0,0.003192734,0.17491234838962555,0.8908730149269104,0.42393913865089417
YIR013C,YML011C,0,0.0031532608,0.1748782843351364,0.8908730149269104,0.42403924465179443
YDR320C,YOR354C,0,0.003060203,0.17484423518180847,0.8908730149269104,0.4241393208503723
YOL130W,YGL073W,0,0.0025739484,0.17481020092964172,0.8908730149269104,0.4242393970489502
YNL115C,YLR419W,0,0.0022665374,0.17477618157863617,0.8908730149269104,0.4243394732475281
YCL067C,YBR237W,0,0.0019455217,0.17474216222763062,0.8908730149269104,0.42443954944610596
YDR263C,YLR135W,1,0.0014613084,0.17490272223949432,0.891865074634552,0.42443954944610596
YJL209W,YBR188C,0,0.0012877993,0.17486870288848877,0.891865074634552,0.42453962564468384
YGL254W,YNL072W,0,0.0011134557,0.1748346984386444,0.891865074634552,0.4246397018432617
YPL161C,YJL185C,0,0.0011128001,0.17480069398880005,0.891865074634552,0.4247397780418396
YNL295W,YAL038W,0,0.00096495077,0.17476671934127808,0.891865074634552,0.42483988404273987
YNL085W,YHR164C,1,0.0008848123,0.17492711544036865,0.8928571343421936,0.42483988404273987
YJL001W,YML060W,0,0.0007405244,0.17489312589168549,0.8928571343421936,0.42493996024131775
YMR070W,YHR139C,0,0.000598602,0.17485913634300232,0.8928571343421936,0.42504003643989563
YEL059C-A,YER117W,0,2.7853996e-05,0.17482517659664154,0.8928571343421936,0.4251401126384735
YIL016W,YLR247C,0,-0.00036825612,0.17479121685028076,0.8928571343421936,0.4252401888370514
YDR194C,YMR293C,0,-0.00074974075,0.17475728690624237,0.8928571343421936,0.4253402650356293
YER094C,YDR256C,0,-0.0014323369,0.17472335696220398,0.8928571343421936,0.42544034123420715
YMR074C,YBR236C,0,-0.0014933832,0.17468944191932678,0.8928571343421936,0.4255404472351074
YMR169C,YGR006W,0,-0.0025648363,0.17465554177761078,0.8928571343421936,0.4256405234336853
YJL144W,YLL036C,0,-0.0030182488,0.17462165653705597,0.8928571343421936,0.4257405996322632
YEL059C-A,YJL209W,0,-0.0030490644,0.17458778619766235,0.8928571343421936,0.42584067583084106
YDR027C,YER183C,0,-0.003552828,0.17455391585826874,0.8928571343421936,0.42594075202941895
YKL032C,YOR110W,0,-0.0038092919,0.1745200753211975,0.8928571343421936,0.4260408282279968
YER118C,YOL148C,0,-0.004041601,0.17448623478412628,0.8928571343421936,0.4261409044265747
YFL055W,YGR169C,0,-0.004119102,0.17445240914821625,0.8928571343421936,0.4262409806251526
YBR247C,YNL334C,0,-0.0044838376,0.1744185984134674,0.8928571343421936,0.42634108662605286
YDR109C,YNL242W,0,-0.004622463,0.17438480257987976,0.8928571343421936,0.42644116282463074
YJL178C,YPL252C,0,-0.005189318,0.1743510216474533,0.8928571343421936,0.4265412390232086
YKL189W,YPL199C,0,-0.0053273626,0.17431725561618805,0.8928571343421936,0.4266413152217865
YIL044C,YAL043C,0,-0.005595047,0.17428350448608398,0.8928571343421936,0.4267413914203644
YGR047C,YMR285C,0,-0.00568657,0.17424975335597992,0.8928571343421936,0.42684146761894226
YNL289W,YPR105C,0,-0.0057919957,0.17421603202819824,0.8928571343421936,0.42694154381752014
YIL173W,YER012W,0,-0.005916942,0.17418231070041656,0.8928571343421936,0.427041620016098
YER019C-A,YKR016W,0,-0.0061817057,0.17414860427379608,0.8928571343421936,0.4271417260169983
YKL187C,YPL001W,0,-0.0062256344,0.1741149127483368,0.8928571343421936,0.42724180221557617
YNR052C,YPL022W,1,-0.0062672086,0.17427466809749603,0.8938491940498352,0.42724180221557617
YEL039C,YLR166C,0,-0.0073181726,0.17424096167087555,0.8938491940498352,0.42734187841415405
YDR073W,YER090W,0,-0.007452924,0.17420727014541626,0.8938491940498352,0.42744195461273193
YER166W,YLR425W,0,-0.007585205,0.17417359352111816,0.8938491940498352,0.4275420308113098
YOR001W,YGR191W,0,-0.008181531,0.17413993179798126,0.8938491940498352,0.4276421070098877
YOL107W,YMR267W,0,-0.008536506,0.17410628497600555,0.8938491940498352,0.4277421832084656
YEL061C,YIL122W,0,-0.008686695,0.17407263815402985,0.8938491940498352,0.42784225940704346
YHR053C,YHR158C,0,-0.009073276,0.17403902113437653,0.8938491940498352,0.4279423654079437
YDL113C,YJL187C,0,-0.009075385,0.1740054041147232,0.8938491940498352,0.4280424416065216
YDR320C,YDR295C,0,-0.009420071,0.17397180199623108,0.8938491940498352,0.4281425178050995
YER078C,YCL004W,0,-0.009452973,0.17393822968006134,0.8938491940498352,0.42824259400367737
YJR032W,YOR067C,0,-0.009775255,0.1739046573638916,0.8938491940498352,0.42834267020225525
YOR174W,YDL047W,0,-0.010135252,0.17387108504772186,0.8938491940498352,0.42844274640083313
YNL009W,YJR054W,0,-0.010138635,0.1738375425338745,0.8938491940498352,0.428542822599411
YLR226W,YCR106W,0,-0.010256458,0.17380401492118835,0.8938491940498352,0.4286429286003113
YLR133W,YKR025W,0,-0.010643709,0.1737704873085022,0.8938491940498352,0.42874300479888916
YBR094W,YBR261C,0,-0.010689367,0.17373698949813843,0.8938491940498352,0.42884308099746704
YDL113C,YOR125C,0,-0.0117468275,0.17370349168777466,0.8938491940498352,0.4289431571960449
YNL278W,YDR371W,0,-0.0122602545,0.17367000877857208,0.8938491940498352,0.4290432333946228
YMR190C,YOL128C,0,-0.012509052,0.1736365407705307,0.8938491940498352,0.4291433095932007
YDL245C,YDL201W,0,-0.013017643,0.1736030876636505,0.8938491940498352,0.42924338579177856
YFR030W,YIL010W,0,-0.014188621,0.17356963455677032,0.8938491940498352,0.42934346199035645
YER183C,YER122C,0,-0.015034918,0.17353621125221252,0.8938491940498352,0.4294435679912567
YPR192W,YOL094C,0,-0.015223432,0.17350278794765472,0.8938491940498352,0.4295436441898346
YMR212C,YHR100C,0,-0.01546796,0.1734693944454193,0.8938491940498352,0.4296437203884125
YBR180W,YNR038W,0,-0.015608747,0.1734360009431839,0.8938491940498352,0.42974379658699036
YML059C,YPR115W,0,-0.01577742,0.17340262234210968,0.8938491940498352,0.42984387278556824
YIL044C,YDR295C,0,-0.016187925,0.17336925864219666,0.8938491940498352,0.4299439489841461
YNL290W,YNL219C,0,-0.016257856,0.17333589494228363,0.8938491940498352,0.430044025182724
YEL032W,YBR260C,0,-0.016609546,0.173302561044693,0.8938491940498352,0.4301441013813019
YDR240C,YKL074C,0,-0.016633678,0.17326922714710236,0.8938491940498352,0.43024420738220215
YER111C,YIL018W,0,-0.016639877,0.1732359230518341,0.8938491940498352,0.43034428358078003
YFL011W,YDL209C,0,-0.016741548,0.17320261895656586,0.8938491940498352,0.4304443597793579
YKR081C,YOR110W,0,-0.016743828,0.1731693297624588,0.8938491940498352,0.4305444359779358
YER062C,YMR080C,0,-0.01711968,0.17313605546951294,0.8938491940498352,0.43064451217651367
YCR065W,YNL286W,0,-0.017278869,0.17310278117656708,0.8938491940498352,0.43074458837509155
YNR031C,YCR029C-A,0,-0.018176872,0.1730695366859436,0.8938491940498352,0.43084466457366943
YDR055W,YGR140W,0,-0.018297222,0.17303629219532013,0.8938491940498352,0.4309447705745697
YHR122W,YDR495C,0,-0.018474419,0.17300307750701904,0.8938491940498352,0.4310448467731476
YBR237W,YGL077C,0,-0.018654991,0.17296986281871796,0.8938491940498352,0.43114492297172546
YCL045C,YDR392W,0,-0.019308764,0.17293666303157806,0.8938491940498352,0.43124499917030334
YNL258C,YBR168W,0,-0.019581769,0.17290347814559937,0.8938491940498352,0.4313450753688812
YOR095C,YDL045W-A,0,-0.019651849,0.17287029325962067,0.8938491940498352,0.4314451515674591
YLR133W,YNL334C,0,-0.020680327,0.17283713817596436,0.8938491940498352,0.431545227766037
YJR014W,YKR027W,0,-0.021028642,0.17280398309230804,0.8938491940498352,0.43164530396461487
YPR020W,YPR175W,0,-0.022111896,0.17277085781097412,0.8938491940498352,0.43174540996551514
YOL069W,YMR258C,0,-0.022402246,0.1727377325296402,0.8938491940498352,0.431845486164093
YPL118W,YER098W,0,-0.022488225,0.17270462214946747,0.8938491940498352,0.4319455623626709
YDR392W,YKR101W,0,-0.022863302,0.17267152667045593,0.8938491940498352,0.4320456385612488
YLR320W,YLR203C,0,-0.023044128,0.1726384311914444,0.8938491940498352,0.43214571475982666
YLR211C,YNL021W,0,-0.024012927,0.17260536551475525,0.8938491940498352,0.43224579095840454
YER111C,YDR130C,0,-0.024532426,0.1725722998380661,0.8938491940498352,0.4323458671569824
YMR262W,YDR456W,0,-0.02493367,0.17253926396369934,0.8938491940498352,0.4324459433555603
YNL119W,YBR045C,0,-0.025081147,0.17250622808933258,0.8938491940498352,0.43254604935646057
YLR275W,YPL219W,0,-0.025097001,0.17247320711612701,0.8938491940498352,0.43264612555503845
YHR177W,YDL049C,0,-0.025230724,0.17244018614292145,0.8938491940498352,0.43274620175361633
YKL033W,YPR105C,0,-0.025496293,0.17240719497203827,0.8938491940498352,0.4328462779521942
YMR293C,YPL041C,0,-0.025802065,0.1723742038011551,0.8938491940498352,0.4329463541507721
YGR203W,YML031W,0,-0.026503239,0.1723412424325943,0.8938491940498352,0.43304643034935
YMR074C,YDR092W,0,-0.02652571,0.1723082810640335,0.8938491940498352,0.43314650654792786
YNL046W,YLR118C,0,-0.026797134,0.1722753345966339,0.8938491940498352,0.43324658274650574
YKR062W,YBR062C,0,-0.026997108,0.1722424030303955,0.8938491940498352,0.433346688747406
YHR156C,YFL029C,0,-0.027204577,0.1722094863653183,0.8938491940498352,0.4334467649459839
YFL055W,YKL126W,0,-0.027878497,0.1721765697002411,0.8938491940498352,0.43354684114456177
YPL118W,YDL035C,0,-0.028536666,0.17214368283748627,0.8938491940498352,0.43364691734313965
YEL030W,YER026C,0,-0.028606761,0.17211079597473145,0.8938491940498352,0.43374699354171753
YEL018W,YJL038C,0,-0.028684277,0.17207792401313782,0.8938491940498352,0.4338470697402954
YDR363W,YMR106C,0,-0.028695095,0.17204506695270538,0.8938491940498352,0.4339471459388733
YHR096C,YDL077C,0,-0.02914675,0.17201222479343414,0.8938491940498352,0.43404725193977356
YGR088W,YCR089W,0,-0.029696468,0.1719793826341629,0.8938491940498352,0.43414732813835144
YJL144W,YLR019W,0,-0.029716704,0.17194657027721405,0.8938491940498352,0.4342474043369293
YNL010W,YLR356W,0,-0.029988844,0.1719137579202652,0.8938491940498352,0.4343474805355072
YKL171W,YOR047C,0,-0.030089427,0.17188096046447754,0.8938491940498352,0.4344475567340851
YMR190C,YGL247W,0,-0.030092526,0.17184817790985107,0.8938491940498352,0.43454763293266296
YOL061W,YOR189W,0,-0.030506749,0.1718154102563858,0.8938491940498352,0.43464770913124084
YNL194C,YPL266W,0,-0.030689795,0.17178265750408173,0.8938491940498352,0.4347477853298187
YOR315W,YKL056C,0,-0.030935604,0.17174990475177765,0.8938491940498352,0.434847891330719
YPR157W,YGR189C,0,-0.030974764,0.17171716690063477,0.8938491940498352,0.4349479675292969
YFL059W,YIL138C,0,-0.031283665,0.17168444395065308,0.8938491940498352,0.43504804372787476
YNL080C,YKR090W,0,-0.031689648,0.17165173590183258,0.8938491940498352,0.43514811992645264
YPL048W,YDL216C,0,-0.032313097,0.17161904275417328,0.8938491940498352,0.4352481961250305
YGL004C,YPL266W,0,-0.032466132,0.17158636450767517,0.8938491940498352,0.4353482723236084
YJR032W,YFL055W,0,-0.032585252,0.17155370116233826,0.8938491940498352,0.4354483485221863
YHL016C,YBR084W,0,-0.03261197,0.17152103781700134,0.8938491940498352,0.43554842472076416
YOR298C-A,YGL090W,0,-0.033101726,0.17148838937282562,0.8938491940498352,0.43564853072166443
YBR233W-A,YHR123W,0,-0.033455182,0.1714557558298111,0.8938491940498352,0.4357486069202423
YDR019C,YKL217W,0,-0.033749927,0.17142313718795776,0.8938491940498352,0.4358486831188202
YBL074C,YDR065W,0,-0.0338005,0.17139053344726562,0.8938491940498352,0.43594875931739807
YIR021W,YDL246C,0,-0.033921625,0.1713579297065735,0.8938491940498352,0.43604883551597595
YOL137W,YLR378C,0,-0.03417022,0.17132534086704254,0.8938491940498352,0.43614891171455383
YBR180W,YLR168C,0,-0.034406412,0.17129278182983398,0.8938491940498352,0.4362489879131317
YGR225W,YOL061W,0,-0.03445955,0.17126022279262543,0.8938491940498352,0.436349093914032
YMR282C,YCR036W,0,-0.034615267,0.17122766375541687,0.8938491940498352,0.43644917011260986
YPL163C,YKL077W,0,-0.03501274,0.1711951345205307,0.8938491940498352,0.43654924631118774
YFL059W,YJL196C,0,-0.03515749,0.17116262018680573,0.8938491940498352,0.4366493225097656
YGR152C,YOL061W,0,-0.035568852,0.17113010585308075,0.8938491940498352,0.4367493987083435
YAL056W,YLR005W,0,-0.035873342,0.17109760642051697,0.8938491940498352,0.4368494749069214
YKL081W,YGL254W,0,-0.036008317,0.17106512188911438,0.8938491940498352,0.43694955110549927
YBL084C,YJL076W,0,-0.036759194,0.17103265225887299,0.8938491940498352,0.43704962730407715
YHL034C,YNL238W,0,-0.036801893,0.1710001826286316,0.8938491940498352,0.4371497333049774
YDR471W,YER087C-A,0,-0.03686941,0.17096774280071259,0.8938491940498352,0.4372498095035553
YPL156C,YOL098C,0,-0.037130598,0.17093530297279358,0.8938491940498352,0.4373498857021332
YDR142C,YHR156C,0,-0.037305493,0.17090287804603577,0.8938491940498352,0.43744996190071106
YNL249C,YPL060W,0,-0.03742038,0.17087046802043915,0.8938491940498352,0.43755003809928894
YJR032W,YIR033W,0,-0.03773087,0.17083807289600372,0.8938491940498352,0.4376501142978668
YDL231C,YCL063W,0,-0.037871365,0.1708056926727295,0.8938491940498352,0.4377501904964447
YOL032W,YMR211W,0,-0.038790736,0.17077331244945526,0.8938491940498352,0.4378502666950226
YOR329C,YDL085W,0,-0.038983334,0.17074094712734222,0.8938491940498352,0.43795037269592285
YER117W,YKL078W,0,-0.039351005,0.17070859670639038,0.8938491940498352,0.43805044889450073
YEL062W,YDL103C,0,-0.039891776,0.17067626118659973,0.8938491940498352,0.4381505250930786
YCR004C,YLR073C,0,-0.03989775,0.17064394056797028,0.8938491940498352,0.4382506012916565
YOR369C,YLR032W,0,-0.039958794,0.17061161994934082,0.8938491940498352,0.4383506774902344
YGL010W,YDR098C,0,-0.040234033,0.17057932913303375,0.8938491940498352,0.43845075368881226
YML039W,YOR163W,1,-0.04031006,0.17073632776737213,0.8948412537574768,0.43845075368881226
YCR065W,YBR013C,0,-0.040678773,0.17070400714874268,0.8948412537574768,0.43855082988739014
YPL169C,YGL047W,0,-0.040702198,0.1706717163324356,0.8948412537574768,0.438650906085968
YPR056W,YLR029C,0,-0.040741045,0.17063942551612854,0.8948412537574768,0.4387510120868683
YGR092W,YKL154W,0,-0.0408908,0.17060714960098267,0.8948412537574768,0.43885108828544617
YFL001W,YNL236W,0,-0.041866023,0.17057488858699799,0.8948412537574768,0.43895116448402405
YBR228W,YKL011C,1,-0.04205225,0.17073170840740204,0.8958333134651184,0.43895116448402405
YHR011W,YDR320C,0,-0.04241054,0.17069943249225616,0.8958333134651184,0.43905124068260193
YMR292W,YPR017C,0,-0.042664904,0.17066717147827148,0.8958333134651184,0.4391513168811798
YHR199C,YLR356W,0,-0.042765263,0.170634925365448,0.8958333134651184,0.4392513930797577
YLR211C,YNL268W,0,-0.043566693,0.1706026792526245,0.8958333134651184,0.43935146927833557
YDL083C,YGR175C,0,-0.04396825,0.1705704629421234,0.8958333134651184,0.43945157527923584
YGR236C,YIL018W,0,-0.04427727,0.17053824663162231,0.8958333134651184,0.4395516514778137
YNL009W,YBR071W,0,-0.04435407,0.1705060452222824,0.8958333134651184,0.4396517276763916
YPL083C,YMR137C,1,-0.04445802,0.17066264152526855,0.89682537317276,0.4396517276763916
YIL044C,YAL029C,0,-0.044717375,0.17063042521476746,0.89682537317276,0.4397518038749695
YER071C,YML091C,0,-0.045307923,0.17059822380542755,0.89682537317276,0.43985188007354736
YGR252W,YHR158C,0,-0.0454184,0.17056603729724884,0.89682537317276,0.43995195627212524
YFR045W,YDR390C,0,-0.045780797,0.17053386569023132,0.89682537317276,0.4400520324707031
YIL118W,YGR258C,0,-0.046042193,0.1705016940832138,0.89682537317276,0.440152108669281
YKR027W,YIL122W,0,-0.04615717,0.17046955227851868,0.89682537317276,0.4402522146701813
YMR282C,YOR251C,0,-0.04637182,0.17043741047382355,0.89682537317276,0.44035229086875916
YCL058C,YGR270W,0,-0.046608526,0.1704052835702896,0.89682537317276,0.44045236706733704
YMR060C,YLR425W,0,-0.046796266,0.17037315666675568,0.89682537317276,0.4405524432659149
YOR063W,YNL084C,0,-0.046955798,0.17034105956554413,0.89682537317276,0.4406525194644928
YML011C,YOL089C,0,-0.04700147,0.17030896246433258,0.89682537317276,0.4407525956630707
YCR029C-A,YGL190C,0,-0.04718213,0.17027689516544342,0.89682537317276,0.44085267186164856
YGR198W,YGR163W,0,-0.047371063,0.17024482786655426,0.89682537317276,0.44095274806022644
YNL249C,YDL047W,0,-0.04740425,0.1702127605676651,0.89682537317276,0.4410528540611267
YEL046C,YDR538W,0,-0.04878931,0.17018072307109833,0.89682537317276,0.4411529302597046
YJL107C,YKL096W,0,-0.049333174,0.17014868557453156,0.89682537317276,0.44125300645828247
YNL273W,YDR453C,0,-0.04944134,0.17011667788028717,0.89682537317276,0.44135308265686035
YLL001W,YFR002W,0,-0.049617324,0.17008467018604279,0.89682537317276,0.44145315885543823
YGR149W,YDR180W,0,-0.050085295,0.1700526773929596,0.89682537317276,0.4415532350540161
YPL156C,YPR080W,0,-0.050182376,0.1700206845998764,0.89682537317276,0.441653311252594
YDR065W,YBL002W,0,-0.05064111,0.1699887216091156,0.89682537317276,0.44175341725349426
YDL174C,YLR032W,0,-0.05074354,0.1699567586183548,0.89682537317276,0.44185349345207214
YGL134W,YJL194W,0,-0.050970364,0.1699248105287552,0.89682537317276,0.44195356965065
YBR246W,YKR007W,0,-0.050975267,0.16989287734031677,0.89682537317276,0.4420536458492279
YKL011C,YMR210W,0,-0.051086325,0.16986095905303955,0.89682537317276,0.4421537220478058
YDL135C,YLR385C,0,-0.051095996,0.16982904076576233,0.89682537317276,0.44225379824638367
YPL123C,YEL016C,1,-0.05115642,0.16998496651649475,0.8978174328804016,0.44225379824638367
YKL114C,YBL019W,1,-0.05122448,0.1701408475637436,0.898809552192688,0.44225379824638367
YDR090C,YOR083W,0,-0.05129202,0.17010889947414398,0.898809552192688,0.44235387444496155
YGL250W,YML121W,0,-0.05130362,0.17007696628570557,0.898809552192688,0.44245395064353943
YCL067C,YDL227C,0,-0.052078966,0.17004504799842834,0.898809552192688,0.4425540566444397
YFR004W,YPL207W,0,-0.052159745,0.17001312971115112,0.898809552192688,0.4426541328430176
YGL079W,YDL031W,0,-0.052489813,0.1699812412261963,0.898809552192688,0.44275420904159546
YPL156C,YLR457C,0,-0.05255756,0.16994935274124146,0.898809552192688,0.44285428524017334
YHR010W,YOR251C,0,-0.05291419,0.16991747915744781,0.898809552192688,0.4429543614387512
YOL111C,YDR018C,0,-0.052918997,0.16988562047481537,0.898809552192688,0.4430544376373291
YNR052C,YBR034C,0,-0.053214703,0.16985376179218292,0.898809552192688,0.443154513835907
YBR071W,YMR274C,0,-0.05332792,0.16982193291187286,0.898809552192688,0.44325459003448486
YOR295W,YKR084C,0,-0.05356135,0.1697901040315628,0.898809552192688,0.44335469603538513
YLR019W,YKL143W,0,-0.053611327,0.16975829005241394,0.898809552192688,0.443454772233963
YPL060W,YDR312W,0,-0.05396985,0.16972649097442627,0.898809552192688,0.4435548484325409
YGR276C,YPL123C,1,-0.053978194,0.16988199949264526,0.8998016119003296,0.4435548484325409
YNL197C,YLL011W,0,-0.05403616,0.1698501855134964,0.8998016119003296,0.4436549246311188
YML118W,YPL029W,1,-0.054090638,0.17000561952590942,0.9007936716079712,0.4436549246311188
YGR187C,YDR044W,0,-0.05417346,0.16997379064559937,0.9007936716079712,0.44375500082969666
YKL081W,YEL018W,0,-0.054187674,0.1699419766664505,0.9007936716079712,0.44385507702827454
YPR009W,YLR303W,0,-0.054422457,0.16991017758846283,0.9007936716079712,0.4439551532268524
YGR277C,YPR184W,0,-0.054714102,0.16987839341163635,0.9007936716079712,0.4440552294254303
YFL059W,YNL238W,0,-0.05484465,0.16984660923480988,0.9007936716079712,0.44415533542633057
YCR011C,YOR083W,0,-0.054893915,0.1698148548603058,0.9007936716079712,0.44425541162490845
YMR016C,YLR288C,0,-0.055387963,0.1697831004858017,0.9007936716079712,0.44435548782348633
YPL163C,YOR358W,0,-0.055790264,0.1697513610124588,0.9007936716079712,0.4444555640220642
YDR037W,YOR147W,0,-0.05582208,0.1697196215391159,0.9007936716079712,0.4445556402206421
YBR156C,YOR083W,0,-0.055908684,0.1696879118680954,0.9007936716079712,0.44465571641921997
YNL238W,YFL054C,0,-0.056185145,0.1696562021970749,0.9007936716079712,0.44475579261779785
YFR051C,YHR184W,0,-0.05621918,0.16962450742721558,0.9007936716079712,0.4448558986186981
YGR245C,YBR016W,0,-0.056270916,0.16959282755851746,0.9007936716079712,0.444955974817276
YOR005C,YKL047W,0,-0.05627415,0.16956116259098053,0.9007936716079712,0.4450560510158539
YBR255W,YBR002C,0,-0.056394268,0.1695294976234436,0.9007936716079712,0.44515612721443176
YBR241C,YDR532C,0,-0.056556422,0.16949784755706787,0.9007936716079712,0.44525620341300964
YJL131C,YMR258C,0,-0.05662187,0.16946621239185333,0.9007936716079712,0.4453562796115875
YDL138W,YLR176C,0,-0.056698155,0.1694345921278,0.9007936716079712,0.4454563558101654
YDL209C,YIL173W,0,-0.056768123,0.16940298676490784,0.9007936716079712,0.4455564320087433
YLR164W,YEL018W,0,-0.05708431,0.16937138140201569,0.9007936716079712,0.44565653800964355
YPL188W,YDR282C,0,-0.057110403,0.16933980584144592,0.9007936716079712,0.44575661420822144
YER174C,YCL016C,0,-0.05713657,0.16930823028087616,0.9007936716079712,0.4458566904067993
YPL123C,YHR028C,0,-0.057231683,0.1692766547203064,0.9007936716079712,0.4459567666053772
YPR056W,YOL089C,0,-0.057234604,0.16924510896205902,0.9007936716079712,0.4460568428039551
YDR071C,YER045C,0,-0.057456274,0.16921356320381165,0.9007936716079712,0.44615691900253296
YOR358W,YJR101W,0,-0.057716627,0.16918203234672546,0.9007936716079712,0.44625699520111084
YER178W,YGR140W,0,-0.058060814,0.16915051639080048,0.9007936716079712,0.4463570713996887
YGR169C,YNL087W,0,-0.058123473,0.16911901533603668,0.9007936716079712,0.446457177400589
YNL309W,YML031W,0,-0.05841275,0.16908752918243408,0.9007936716079712,0.44655725359916687
YHR177W,YKR016W,0,-0.058550883,0.16905604302883148,0.9007936716079712,0.44665732979774475
YLR052W,YDR538W,0,-0.058993388,0.16902457177639008,0.9007936716079712,0.44675740599632263
YHR064C,YER174C,0,-0.05921142,0.16899311542510986,0.9007936716079712,0.4468574821949005
YKL187C,YKL135C,0,-0.05926496,0.16896167397499084,0.9007936716079712,0.4469575583934784
YCR023C,YLR303W,0,-0.059766743,0.16893023252487183,0.9007936716079712,0.4470576345920563
YGL038C,YEL020C,0,-0.060320575,0.168898805975914,0.9007936716079712,0.44715774059295654
YML011C,YDR458C,0,-0.06038038,0.16886739432811737,0.9007936716079712,0.4472578167915344
YPL207W,YNL334C,0,-0.060380537,0.16883599758148193,0.9007936716079712,0.4473578929901123
YPL121C,YBL106C,0,-0.06046315,0.1688046157360077,0.9007936716079712,0.4474579691886902
YCL004W,YIL005W,0,-0.0604796,0.16877323389053345,0.9007936716079712,0.44755804538726807
YKL087C,YBL033C,0,-0.060803372,0.1687418669462204,0.9007936716079712,0.44765812158584595
YGL192W,YIL098C,0,-0.060804475,0.16871051490306854,0.9007936716079712,0.44775819778442383
YBR148W,YBL046W,0,-0.060849387,0.16867917776107788,0.9007936716079712,0.4478582739830017
YOR223W,YCR003W,0,-0.060882363,0.16864784061908722,0.9007936716079712,0.447958379983902
YMR067C,YOL003C,0,-0.061092857,0.16861653327941895,0.9007936716079712,0.44805845618247986
YLL024C,YPR089W,0,-0.061472554,0.16858522593975067,0.9007936716079712,0.44815853238105774
YLR466W,YLL041C,0,-0.06213643,0.1685539335012436,0.9007936716079712,0.4482586085796356
YBR077C,YLR345W,0,-0.062191207,0.1685226410627365,0.9007936716079712,0.4483586847782135
YCL069W,YBR230C,0,-0.06219892,0.16849137842655182,0.9007936716079712,0.4484587609767914
YML081W,YNL314W,0,-0.062287863,0.16846011579036713,0.9007936716079712,0.44855883717536926
YLR052W,YBR237W,0,-0.062634066,0.16842886805534363,0.9007936716079712,0.44865891337394714
YNL281W,YFL009W,0,-0.06269717,0.16839762032032013,0.9007936716079712,0.4487590193748474
YGR040W,YNL009W,0,-0.06368016,0.16836640238761902,0.9007936716079712,0.4488590955734253
YOL163W,YOR171C,0,-0.063770846,0.1683351844549179,0.9007936716079712,0.4489591717720032
YBL084C,YDR002W,0,-0.06422058,0.168303981423378,0.9007936716079712,0.44905924797058105
YJL102W,YDR225W,0,-0.0644439,0.16827279329299927,0.9007936716079712,0.44915932416915894
YBR255W,YMR282C,0,-0.06452021,0.16824162006378174,0.9007936716079712,0.4492594003677368
YHR065C,YGR168C,0,-0.06465764,0.1682104468345642,0.9007936716079712,0.4493594765663147
YML118W,YLR154C,1,-0.06473224,0.1683645099401474,0.9017857313156128,0.4493594765663147
YCL025C,YDR282C,0,-0.06487712,0.16833333671092987,0.9017857313156128,0.4494595527648926
YPL207W,YDR338C,0,-0.06492819,0.16830216348171234,0.9017857313156128,0.44955965876579285
YML059C,YOR201C,0,-0.06496464,0.168271005153656,0.9017857313156128,0.4496597349643707
YBR180W,YDR523C,0,-0.06623979,0.16823986172676086,0.9017857313156128,0.4497598111629486
YDR363W,YER093C,0,-0.066850275,0.16820873320102692,0.9017857313156128,0.4498598873615265
YDR058C,YNL122C,0,-0.06695375,0.16817761957645416,0.9017857313156128,0.44995996356010437
YHR085W,YMR284W,0,-0.06712122,0.1681465059518814,0.9017857313156128,0.45006003975868225
YFL020C,YDR315C,0,-0.06712149,0.16811540722846985,0.9017857313156128,0.45016011595726013
YOR145C,YOL061W,0,-0.067178205,0.16808432340621948,0.9017857313156128,0.4502602219581604
YGR098C,YJL038C,0,-0.067464486,0.16805323958396912,0.9017857313156128,0.4503602981567383
YDR522C,YFL055W,0,-0.06764133,0.16802218556404114,0.9017857313156128,0.45046037435531616
YLR133W,YBR037C,0,-0.06771822,0.16799113154411316,0.9017857313156128,0.45056045055389404
YBR261C,YIL138C,0,-0.06807692,0.16796009242534637,0.9017857313156128,0.4506605267524719
YHL025W,YOR171C,0,-0.06809573,0.1679290533065796,0.9017857313156128,0.4507606029510498
YKL126W,YPR045C,0,-0.06811853,0.1678980439901352,0.9017857313156128,0.4508606791496277
YGL064C,YJL146W,0,-0.0682524,0.1678670346736908,0.9017857313156128,0.45096075534820557
YMR302C,YDL064W,0,-0.068477795,0.1678360402584076,0.9017857313156128,0.45106086134910583
YML068W,YPR173C,0,-0.06859453,0.16780506074428558,0.9017857313156128,0.4511609375476837
YPL124W,YPR023C,0,-0.06872521,0.16777408123016357,0.9017857313156128,0.4512610137462616
YKL005C,YDR410C,0,-0.06894457,0.16774313151836395,0.9017857313156128,0.4513610899448395
YBR162W-A,YDL045W-A,0,-0.06898227,0.16771218180656433,0.9017857313156128,0.45146116614341736
YOR001W,YDL247W,0,-0.069118336,0.1676812469959259,0.9017857313156128,0.45156124234199524
YOL008W,YDR223W,0,-0.069205016,0.16765031218528748,0.9017857313156128,0.4516613185405731
YKL187C,YDR254W,0,-0.069711626,0.16761939227581024,0.9017857313156128,0.451761394739151
YOR255W,YPR102C,0,-0.07024433,0.1675885021686554,0.9017857313156128,0.45186150074005127
YML038C,YNR008W,0,-0.07069974,0.16755759716033936,0.9017857313156128,0.45196157693862915
YAL055W,YGL171W,0,-0.07072939,0.1675267219543457,0.9017857313156128,0.45206165313720703
YGR278W,YKL120W,0,-0.07130571,0.16749584674835205,0.9017857313156128,0.4521617293357849
YER087C-A,YGR227W,0,-0.07142024,0.1674650013446808,0.9017857313156128,0.4522618055343628
YPL022W,YPL241C,0,-0.071648285,0.16743415594100952,0.9017857313156128,0.4523618817329407
YER019C-A,YLR242C,0,-0.071743086,0.16740331053733826,0.9017857313156128,0.45246195793151855
YNL119W,YNL336W,0,-0.07174651,0.16737249493598938,0.9017857313156128,0.4525620639324188
YCR065W,YGL126W,0,-0.071829125,0.1673416793346405,0.9017857313156128,0.4526621401309967
YJR136C,YJR076C,0,-0.07214442,0.16731087863445282,0.9017857313156128,0.4527622163295746
YBR223C,YLR132C,1,-0.07234134,0.16746412217617035,0.9027777910232544,0.4527622163295746
YJR140C,YGR028W,0,-0.072855845,0.16743330657482147,0.9027777910232544,0.45286229252815247
YGR047C,YOR373W,0,-0.072911814,0.1674025058746338,0.9027777910232544,0.45296236872673035
YNL249C,YKL087C,0,-0.07309429,0.1673717051744461,0.9027777910232544,0.4530624449253082
YGR277C,YIL044C,0,-0.07346448,0.1673409342765808,0.9027777910232544,0.4531625211238861
YKL077W,YLR054C,0,-0.07364479,0.16731016337871552,0.9027777910232544,0.453262597322464
YDR256C,YBR236C,0,-0.073655084,0.1672794073820114,0.9027777910232544,0.45336270332336426
YML118W,YGL175C,1,-0.07387118,0.16743245720863342,0.903769850730896,0.45336270332336426
YML077W,YGL204C,0,-0.074132696,0.16740168631076813,0.903769850730896,0.45346277952194214
YGL090W,YKL077W,0,-0.07429634,0.16737093031406403,0.903769850730896,0.45356285572052
YKL077W,YOL089C,0,-0.07436319,0.16734018921852112,0.903769850730896,0.4536629319190979
YJL198W,YLR054C,0,-0.074417785,0.1673094630241394,0.903769850730896,0.4537630081176758
YMR243C,YFL024C,0,-0.07515518,0.1672787368297577,0.903769850730896,0.45386308431625366
YNL107W,YBR246W,0,-0.075551,0.16724802553653717,0.903769850730896,0.45396316051483154
YJL178C,YPL129W,0,-0.075586006,0.16721732914447784,0.903769850730896,0.4540632367134094
YDR180W,YMR160W,0,-0.07584073,0.16718663275241852,0.903769850730896,0.4541633427143097
YLR119W,YGR122W,0,-0.076005995,0.16715596616268158,0.903769850730896,0.4542634189128876
YNL284C,YLR247C,0,-0.07624115,0.16712529957294464,0.903769850730896,0.45436349511146545
YOR295W,YMR160W,0,-0.07641412,0.1670946478843689,0.903769850730896,0.45446357131004333
YIR013C,YML059C,0,-0.07667984,0.16706399619579315,0.903769850730896,0.4545636475086212
YDR109C,YFL034C-B,0,-0.07715711,0.1670333743095398,0.903769850730896,0.4546637237071991
YDR400W,YBL039C,0,-0.077275336,0.16700275242328644,0.903769850730896,0.454763799905777
YJR099W,YLR179C,0,-0.07740773,0.16697214543819427,0.903769850730896,0.45486390590667725
YFR004W,YNL122C,0,-0.07797319,0.1669415384531021,0.903769850730896,0.4549639821052551
YHR012W,YIR035C,0,-0.078358695,0.16691096127033234,0.903769850730896,0.455064058303833
YOR371C,YMR069W,0,-0.07869093,0.16688038408756256,0.903769850730896,0.4551641345024109
YDR320C,YKR084C,0,-0.07869269,0.16684982180595398,0.903769850730896,0.45526421070098877
YNL249C,YLR214W,0,-0.079174936,0.1668192595243454,0.903769850730896,0.45536428689956665
YNR031C,YPL089C,0,-0.079272136,0.1667887270450592,0.903769850730896,0.45546436309814453
YGR177C,YOR349W,0,-0.07934339,0.166758194565773,0.903769850730896,0.4555644392967224
YAL059W,YGR197C,0,-0.079376355,0.166727676987648,0.903769850730896,0.4556645452976227
YKL133C,YLR118C,0,-0.08034007,0.166697159409523,0.903769850730896,0.45576462149620056
YFL034C-B,YGR163W,0,-0.08046831,0.1666666716337204,0.903769850730896,0.45586469769477844
YNR040W,YOR357C,0,-0.080724046,0.16663618385791779,0.903769850730896,0.4559647738933563
YDR471W,YHL008C,0,-0.08114685,0.16660571098327637,0.903769850730896,0.4560648500919342
YLR404W,YLR197W,0,-0.08222099,0.16657523810863495,0.903769850730896,0.4561649262905121
YBR258C,YLR203C,0,-0.08249208,0.16654479503631592,0.903769850730896,0.45626500248908997
YPL133C,YCR045C,0,-0.08412199,0.1665143519639969,0.903769850730896,0.45636507868766785
YJL041W,YBR168W,0,-0.08413009,0.16648392379283905,0.903769850730896,0.4564651846885681
YDL192W,YGL005C,0,-0.08462848,0.1664534956216812,0.903769850730896,0.456565260887146
YMR302C,YLR179C,0,-0.08498071,0.16642309725284576,0.903769850730896,0.4566653370857239
YKL011C,YFR030W,0,-0.0850863,0.16639269888401031,0.903769850730896,0.45676541328430176
YCR048W,YOR026W,0,-0.08544488,0.16636231541633606,0.903769850730896,0.45686548948287964
YNL336W,YOR001W,0,-0.085501775,0.1663319319486618,0.903769850730896,0.4569655656814575
YBR087W,YCL058C,0,-0.08557953,0.16630156338214874,0.903769850730896,0.4570656418800354
YIL098C,YDR390C,0,-0.0861973,0.16627122461795807,0.903769850730896,0.4571657180786133
YPR001W,YKL005C,0,-0.086891815,0.1662408709526062,0.903769850730896,0.45726582407951355
YDR034C,YFL017C,0,-0.08701922,0.16621054708957672,0.903769850730896,0.45736590027809143
YJR078W,YDR109C,0,-0.087058425,0.16618022322654724,0.903769850730896,0.4574659764766693
YBR002C,YAL036C,0,-0.08724253,0.16614991426467896,0.903769850730896,0.4575660526752472
YOL011W,YDR371W,0,-0.08738582,0.16611962020397186,0.903769850730896,0.4576661288738251
YLR466W,YKL033W,0,-0.08792795,0.16608934104442596,0.903769850730896,0.45776620507240295
YOL104C,YML072C,0,-0.08816424,0.16605906188488007,0.903769850730896,0.45786628127098083
YGR284C,YEL077C,0,-0.08879469,0.16602879762649536,0.903769850730896,0.4579663872718811
YDR091C,YPL241C,0,-0.08891721,0.16599854826927185,0.903769850730896,0.458066463470459
YDL075W,YPR056W,0,-0.089349285,0.16596829891204834,0.903769850730896,0.45816653966903687
YER062C,YIL148W,0,-0.08954249,0.16593806445598602,0.903769850730896,0.45826661586761475
YDL085W,YMR211W,0,-0.0895502,0.1659078449010849,0.903769850730896,0.4583666920661926
YDL093W,YMR083W,0,-0.09084898,0.16587764024734497,0.903769850730896,0.4584667682647705
YLR145W,YML076C,0,-0.09131695,0.16584743559360504,0.903769850730896,0.4585668444633484
YDR293C,YMR033W,0,-0.09134267,0.1658172607421875,0.903769850730896,0.45866692066192627
YPL112C,YOR255W,0,-0.091354206,0.16578708589076996,0.903769850730896,0.45876702666282654
YIL047C,YOR062C,0,-0.09150915,0.16575691103935242,0.903769850730896,0.4588671028614044
YPL156C,YBR154C,0,-0.091580614,0.16572676599025726,0.903769850730896,0.4589671790599823
YDR175C,YOL104C,0,-0.09163053,0.1656966209411621,0.903769850730896,0.4590672552585602
YLR174W,YPR022C,0,-0.09172244,0.16566649079322815,0.903769850730896,0.45916733145713806
YML064C,YGR170W,0,-0.0917861,0.1656363606452942,0.903769850730896,0.45926740765571594
YJL144W,YPL246C,0,-0.09200652,0.16560626029968262,0.903769850730896,0.4593674838542938
YCL067C,YER045C,0,-0.092324495,0.16557615995407104,0.903769850730896,0.4594675600528717
YER166W,YMR094W,0,-0.09261724,0.16554605960845947,0.903769850730896,0.459567666053772
YKL032C,YDR044W,0,-0.09301068,0.1655159890651703,0.903769850730896,0.45966774225234985
YMR087W,YJL185C,0,-0.093082815,0.1654859185218811,0.903769850730896,0.45976781845092773
YGR197C,YDR338C,0,-0.09313318,0.1654558628797531,0.903769850730896,0.4598678946495056
YOL008W,YML085C,0,-0.093162835,0.16542582213878632,0.903769850730896,0.4599679708480835
YJR005W,YDR454C,0,-0.0932332,0.16539578139781952,0.903769850730896,0.4600680470466614
YBR077C,YDR539W,0,-0.09357481,0.1653657704591751,0.903769850730896,0.46016812324523926
YKR027W,YGL190C,0,-0.09376089,0.1653357595205307,0.903769850730896,0.4602682292461395
YJR043C,YAL021C,1,-0.093869135,0.16548720002174377,0.9047619104385376,0.4602682292461395
YLR052W,YAL002W,0,-0.09399697,0.16545718908309937,0.9047619104385376,0.4603683054447174
YHR112C,YER178W,0,-0.09419082,0.16542717814445496,0.9047619104385376,0.4604683816432953
YOL003C,YLR319C,0,-0.09421848,0.16539716720581055,0.9047619104385376,0.46056845784187317
YLR176C,YLL041C,0,-0.09426062,0.16536718606948853,0.9047619104385376,0.46066853404045105
YIL044C,YGR092W,0,-0.09441979,0.1653372049331665,0.9047619104385376,0.46076861023902893
YJR076C,YFR013W,0,-0.09501684,0.16530723869800568,0.9047619104385376,0.4608686864376068
YOR329C,YBL061C,0,-0.09513809,0.16527727246284485,0.9047619104385376,0.4609687626361847
YER019C-A,YMR080C,0,-0.09522857,0.16524732112884521,0.9047619104385376,0.46106886863708496
YHR065C,YKL138C,0,-0.09564783,0.16521738469600677,0.9047619104385376,0.46116894483566284
YBR087W,YDR540C,0,-0.09572987,0.16518746316432953,0.9047619104385376,0.4612690210342407
YOR301W,YHR023W,0,-0.09593354,0.16515755653381348,0.9047619104385376,0.4613690972328186
YOL130W,YMR274C,0,-0.0965302,0.16512764990329742,0.9047619104385376,0.4614691734313965
YNR021W,YLR079W,0,-0.09654167,0.16509775817394257,0.9047619104385376,0.46156924962997437
YDR315C,YAL054C,0,-0.09659019,0.1650678664445877,0.9047619104385376,0.46166932582855225
YHR039C-A,YLL040C,0,-0.09673078,0.16503800451755524,0.9047619104385376,0.4617694020271301
YDR506C,YGR081C,0,-0.09674306,0.16500814259052277,0.9047619104385376,0.4618695080280304
YDR076W,YML091C,1,-0.09692645,0.1651591956615448,0.9057539701461792,0.4618695080280304
YCL044C,YHR158C,0,-0.0970335,0.16512931883335114,0.9057539701461792,0.4619695842266083
YBR019C,YNL061W,0,-0.0976982,0.16509945690631866,0.9057539701461792,0.46206966042518616
YHR209W,YML076C,0,-0.099000975,0.1650696098804474,0.9057539701461792,0.46216973662376404
YLR404W,YGR270W,0,-0.09917721,0.1650397628545761,0.9057539701461792,0.4622698128223419
YNL197C,YIL119C,0,-0.099240735,0.16500994563102722,0.9057539701461792,0.4623698890209198
YBR265W,YIL118W,0,-0.09930833,0.16498012840747833,0.9057539701461792,0.4624699652194977
YBR019C,YJR101W,0,-0.09972145,0.16495031118392944,0.9057539701461792,0.46257004141807556
YML056C,YKL021C,0,-0.099781945,0.16492052376270294,0.9057539701461792,0.46267014741897583
YIR033W,YIL111W,0,-0.09980987,0.16489073634147644,0.9057539701461792,0.4627702236175537
YLR337C,YGR101W,0,-0.100473955,0.16486096382141113,0.9057539701461792,0.4628702998161316
YGL010W,YLR024C,0,-0.10055806,0.16483119130134583,0.9057539701461792,0.4629703760147095
YGL092W,YGL249W,0,-0.10088463,0.1648014485836029,0.9057539701461792,0.46307045221328735
YPL207W,YLR176C,0,-0.10124479,0.16477170586585999,0.9057539701461792,0.46317052841186523
YHR046C,YLR164W,0,-0.1014739,0.16474196314811707,0.9057539701461792,0.4632706046104431
YPR013C,YOR062C,0,-0.10166755,0.16471225023269653,0.9057539701461792,0.4633707106113434
YML059C,YFR025C,0,-0.102067664,0.164682537317276,0.9057539701461792,0.46347078680992126
YDL153C,YOL089C,0,-0.10219349,0.16465283930301666,0.9057539701461792,0.46357086300849915
YKR001C,YDL049C,0,-0.10266574,0.16462315618991852,0.9057539701461792,0.463670939207077
YOL051W,YKR087C,0,-0.102822915,0.16459347307682037,0.9057539701461792,0.4637710154056549
YER006W,YPR043W,0,-0.10312559,0.16456380486488342,0.9057539701461792,0.4638710916042328
YOL069W,YDL054C,0,-0.103240594,0.16453415155410767,0.9057539701461792,0.46397116780281067
YMR227C,YAL054C,0,-0.103494674,0.1645044982433319,0.9057539701461792,0.46407124400138855
YKL143W,YOR133W,0,-0.10494311,0.16447487473487854,0.9057539701461792,0.4641713500022888
YPL156C,YJL035C,0,-0.104984924,0.16444525122642517,0.9057539701461792,0.4642714262008667
YOR329C,YDR267C,0,-0.10530685,0.1644156277179718,0.9057539701461792,0.4643715023994446
YAL059W,YOR062C,0,-0.105308846,0.16438603401184082,0.9057539701461792,0.46447157859802246
YPR167C,YMR028W,0,-0.10543394,0.16435644030570984,0.9057539701461792,0.46457165479660034
YMR137C,YDR076W,1,-0.10571678,0.16450683772563934,0.9067460298538208,0.46457165479660034
YPR038W,YKL138C,0,-0.10577524,0.16447722911834717,0.9067460298538208,0.4646717309951782
YMR210W,YBR214W,0,-0.10581876,0.16444765031337738,0.9067460298538208,0.4647718071937561
YOR071C,YFL029C,0,-0.10583709,0.1644180566072464,0.9067460298538208,0.464871883392334
YHR064C,YML059C,0,-0.10656057,0.1643884927034378,0.9067460298538208,0.46497198939323425
YPL121C,YJL102W,0,-0.10673571,0.1643589287996292,0.9067460298538208,0.46507206559181213
YFR004W,YNR052C,0,-0.10696411,0.1643293797969818,0.9067460298538208,0.46517214179039
YDR016C,YNL129W,0,-0.1070932,0.1642998307943344,0.9067460298538208,0.4652722179889679
YDL185W,YOR171C,0,-0.10802457,0.1642703115940094,0.9067460298538208,0.4653722941875458
YPL118W,YNL119W,0,-0.108097985,0.1642407923936844,0.9067460298538208,0.46547237038612366
YIL070C,YMR069W,0,-0.10830684,0.16421128809452057,0.9067460298538208,0.46557244658470154
YMR016C,YLL049W,0,-0.10837361,0.16418178379535675,0.9067460298538208,0.4656725525856018
YLR433C,YDR210W,0,-0.10852809,0.16415229439735413,0.9067460298538208,0.4657726287841797
YGR040W,YCL063W,0,-0.10916455,0.1641228199005127,0.9067460298538208,0.46587270498275757
YLL024C,YJL142C,0,-0.10963768,0.16409336030483246,0.9067460298538208,0.46597278118133545
YOR359W,YIL036W,0,-0.109736934,0.16406390070915222,0.9067460298538208,0.46607285737991333
YFL011W,YDL017W,0,-0.10978989,0.16403445601463318,0.9067460298538208,0.4661729335784912
YCR009C,YFR013W,0,-0.10989457,0.16400502622127533,0.9067460298538208,0.4662730097770691
YFR014C,YMR302C,0,-0.110124126,0.16397559642791748,0.9067460298538208,0.466373085975647
YMR074C,YHR117W,0,-0.110145524,0.16394618153572083,0.9067460298538208,0.46647319197654724
YOL067C,YKL006C-A,0,-0.110340774,0.16391678154468536,0.9067460298538208,0.4665732681751251
YER111C,YKL211C,0,-0.11105767,0.1638873964548111,0.9067460298538208,0.466673344373703
YML112W,YDR014W,0,-0.11122769,0.16385801136493683,0.9067460298538208,0.4667734205722809
YHR164C,YLR135W,1,-0.11138752,0.16400788724422455,0.9077380895614624,0.4667734205722809
YHR011W,YMR016C,0,-0.112069726,0.1639784872531891,0.9077380895614624,0.46687349677085876
YMR195W,YDR056C,0,-0.11221491,0.163949117064476,0.9077380895614624,0.46697357296943665
YOR147W,YBL007C,0,-0.11229698,0.16391974687576294,0.9077380895614624,0.4670736491680145
YMR224C,YDL227C,1,-0.11297242,0.1640695035457611,0.908730149269104,0.4670736491680145
YOR361C,YDR282C,0,-0.11335231,0.16404011845588684,0.908730149269104,0.4671737253665924
YOR354C,YLR210W,0,-0.11344932,0.16401074826717377,0.908730149269104,0.4672738313674927
YLR223C,YKL133C,0,-0.11358537,0.1639813780784607,0.908730149269104,0.46737390756607056
YOR354C,YMR160W,0,-0.11360644,0.16395203769207,0.908730149269104,0.46747398376464844
YEL015W,YKL211C,0,-0.11402427,0.16392269730567932,0.908730149269104,0.4675740599632263
YHR064C,YLR052W,0,-0.11423011,0.16389335691928864,0.908730149269104,0.4676741361618042
YGL051W,YNL200C,0,-0.114465326,0.16386404633522034,0.908730149269104,0.4677742123603821
YER087C-A,YMR080C,0,-0.1148514,0.16383473575115204,0.908730149269104,0.46787428855895996
YGR152C,YPL188W,0,-0.11486848,0.16380544006824493,0.908730149269104,0.46797436475753784
YPR017C,YEL015W,0,-0.11500491,0.16377614438533783,0.908730149269104,0.4680744707584381
YLR328W,YDR118W,0,-0.115088284,0.1637468785047531,0.908730149269104,0.468174546957016
YOL033W,YIL097W,0,-0.11514284,0.1637175977230072,0.908730149269104,0.46827462315559387
YGL048C,YPR089W,0,-0.11530234,0.16368834674358368,0.908730149269104,0.46837469935417175
YPR018W,YCL018W,0,-0.11544649,0.16365909576416016,0.908730149269104,0.46847477555274963
YJR076C,YBR191W,0,-0.11580108,0.16362987458705902,0.908730149269104,0.4685748517513275
YGR080W,YFL024C,0,-0.1159489,0.1636006385087967,0.908730149269104,0.4686749279499054
YOR274W,YOR223W,0,-0.116637066,0.16357143223285675,0.908730149269104,0.46877503395080566
YJR140C,YGR276C,0,-0.11679776,0.1635422259569168,0.908730149269104,0.46887511014938354
YMR106C,YDL185W,0,-0.1171695,0.16351303458213806,0.908730149269104,0.4689751863479614
YHR046C,YOR009W,0,-0.117296085,0.16348384320735931,0.908730149269104,0.4690752625465393
YDL135C,YKL006C-A,0,-0.11769788,0.16345468163490295,0.908730149269104,0.4691753387451172
YPL231W,YIL072W,0,-0.11780648,0.1634255200624466,0.908730149269104,0.46927541494369507
YGL039W,YPL170W,0,-0.11826746,0.16339635848999023,0.908730149269104,0.46937549114227295
YML056C,YGR060W,0,-0.11844392,0.16336722671985626,0.908730149269104,0.46947556734085083
YHR053C,YKL197C,0,-0.11847477,0.1633380949497223,0.908730149269104,0.4695756733417511
YDR175C,YNL278W,0,-0.11887936,0.16330896317958832,0.908730149269104,0.469675749540329
YGL166W,YNR008W,0,-0.11947738,0.16327986121177673,0.908730149269104,0.46977582573890686
YLL036C,YGR169C,0,-0.12050751,0.16325075924396515,0.908730149269104,0.46987590193748474
YOR212W,YIL148W,0,-0.12054041,0.16322167217731476,0.908730149269104,0.4699759781360626
YPL188W,YDR532C,0,-0.120979056,0.16319258511066437,0.908730149269104,0.4700760543346405
YPL118W,YGR288W,0,-0.12130083,0.16316351294517517,0.908730149269104,0.4701761305332184
YMR074C,YDL193W,0,-0.12147571,0.16313445568084717,0.908730149269104,0.47027620673179626
YDL126C,YFR045W,0,-0.12165655,0.16310541331768036,0.908730149269104,0.47037631273269653
YIL138C,YMR294W,0,-0.12198086,0.16307637095451355,0.908730149269104,0.4704763889312744
YBL084C,YJL094C,0,-0.12214716,0.16304734349250793,0.908730149269104,0.4705764651298523
YNL080C,YPL098C,0,-0.12214951,0.1630183309316635,0.908730149269104,0.4706765413284302
YIL101C,YML127W,0,-0.122225896,0.1629893183708191,0.908730149269104,0.47077661752700806
YOR158W,YKL211C,0,-0.12303789,0.16296032071113586,0.908730149269104,0.47087669372558594
YNL107W,YBR013C,0,-0.12306759,0.16293133795261383,0.908730149269104,0.4709767699241638
YNR008W,YNL129W,0,-0.1232131,0.162902370095253,0.908730149269104,0.4710768759250641
YIL173W,YOL062C,0,-0.12336312,0.16287340223789215,0.908730149269104,0.47117695212364197
YHR173C,YDL103C,0,-0.123491034,0.1628444492816925,0.908730149269104,0.47127702832221985
YJL146W,YLR288C,0,-0.12354699,0.16281549632549286,0.908730149269104,0.47137710452079773
YJL153C,YPR167C,0,-0.12357177,0.1627865582704544,0.908730149269104,0.4714771807193756
YPL148C,YOL137W,0,-0.1236953,0.16275763511657715,0.908730149269104,0.4715772569179535
YOR354C,YBL046W,0,-0.12373072,0.16272872686386108,0.908730149269104,0.47167733311653137
YOR151C,YDL119C,0,-0.12374826,0.16269981861114502,0.908730149269104,0.47177740931510925
YNL072W,YJL046W,0,-0.12379973,0.16267092525959015,0.908730149269104,0.4718775153160095
YMR300C,YJL187C,0,-0.124004826,0.16264204680919647,0.908730149269104,0.4719775915145874
YBR247C,YGL011C,0,-0.124130145,0.1626131683588028,0.908730149269104,0.4720776677131653
YCL067C,YAL029C,0,-0.12443276,0.1625843048095703,0.908730149269104,0.47217774391174316
YBR071W,YBL019W,0,-0.12541993,0.16255545616149902,0.908730149269104,0.47227782011032104
YBR261C,YIL063C,0,-0.12542512,0.16252660751342773,0.908730149269104,0.4723778963088989
YPR002W,YAL042W,0,-0.12543102,0.16249778866767883,0.908730149269104,0.4724779725074768
YPL231W,YBR156C,0,-0.12565823,0.16246895492076874,0.908730149269104,0.4725780487060547
YCR007C,YDR539W,0,-0.12591808,0.16244015097618103,0.908730149269104,0.47267815470695496
YML059C,YPL241C,0,-0.12640165,0.16241134703159332,0.908730149269104,0.47277823090553284
YCR008W,YGL115W,0,-0.12682259,0.1623825579881668,0.908730149269104,0.4728783071041107
YMR284W,YGR168C,0,-0.127176,0.1623537689447403,0.908730149269104,0.4729783833026886
YHR085W,YJL153C,0,-0.12750454,0.16232500970363617,0.908730149269104,0.4730784595012665
YHR098C,YFR015C,0,-0.1279679,0.16229625046253204,0.908730149269104,0.47317853569984436
YBR227C,YHL008C,0,-0.12798971,0.16226749122142792,0.908730149269104,0.47327861189842224
YPR135W,YPL053C,0,-0.12841275,0.16223874688148499,0.908730149269104,0.4733786880970001
YKL171W,YDR532C,0,-0.12845647,0.16221001744270325,0.908730149269104,0.4734787940979004
YHR115C,YGR080W,0,-0.1284841,0.1621813029050827,0.908730149269104,0.47357887029647827
YDR458C,YCL063W,0,-0.12868911,0.16215258836746216,0.908730149269104,0.47367894649505615
YGR278W,YPR183W,0,-0.12883544,0.1621238887310028,0.908730149269104,0.47377902269363403
YJL187C,YML085C,0,-0.12893005,0.16209520399570465,0.908730149269104,0.4738790988922119
YKL219W,YEL004W,0,-0.12923306,0.1620665192604065,0.908730149269104,0.4739791750907898
YGR010W,YPL121C,0,-0.12930013,0.16203784942626953,0.908730149269104,0.4740792512893677
YDR386W,YJL035C,0,-0.12954766,0.16200919449329376,0.908730149269104,0.47417935729026794
YDL019C,YLR224W,0,-0.12964757,0.1619805544614792,0.908730149269104,0.4742794334888458
YPL230W,YGL126W,0,-0.12975284,0.1619519144296646,0.908730149269104,0.4743795096874237
YHL016C,YOL066C,0,-0.12996006,0.16192327439785004,0.908730149269104,0.4744795858860016
YBR037C,YJL056C,0,-0.12998702,0.16189466416835785,0.908730149269104,0.47457966208457947
YJL170C,YKL149C,0,-0.13004793,0.16186605393886566,0.908730149269104,0.47467973828315735
YGR047C,YAL059W,0,-0.13008852,0.16183745861053467,0.908730149269104,0.47477981448173523
YIL117C,YLR054C,0,-0.13024375,0.16180886328220367,0.908730149269104,0.4748798906803131
YDL019C,YKR044W,0,-0.13026685,0.16178028285503387,0.908730149269104,0.4749799966812134
YFR045W,YOR363C,0,-0.13050179,0.16175171732902527,0.908730149269104,0.47508007287979126
YDR064W,YOL112W,0,-0.13050865,0.16172316670417786,0.908730149269104,0.47518014907836914
YGL073W,YMR070W,0,-0.13061175,0.16169461607933044,0.908730149269104,0.475280225276947
YDR484W,YJR051W,0,-0.13065098,0.16166608035564423,0.908730149269104,0.4753803014755249
YPL029W,YNL061W,0,-0.13073744,0.161637544631958,0.908730149269104,0.4754803776741028
YLR276C,YPR167C,0,-0.13084461,0.16160903871059418,0.908730149269104,0.47558045387268066
YER094C,YPR192W,0,-0.13085657,0.16158053278923035,0.908730149269104,0.47568053007125854
YOR023C,YMR016C,0,-0.1309342,0.16155202686786652,0.908730149269104,0.4757806360721588
YMR087W,YML072C,0,-0.13093527,0.16152353584766388,0.908730149269104,0.4758807122707367
YOR357C,YBR162W-A,0,-0.13116197,0.16149505972862244,0.908730149269104,0.4759807884693146
YAL002W,YFL017C,0,-0.13147964,0.1614665985107422,0.908730149269104,0.47608086466789246
YCL044C,YKL021C,0,-0.13156123,0.16143813729286194,0.908730149269104,0.47618094086647034
YNR008W,YMR094W,0,-0.13173781,0.16140969097614288,0.908730149269104,0.4762810170650482
YFR036W,YMR282C,0,-0.13201432,0.16138125956058502,0.908730149269104,0.4763810932636261
YDR481C,YKL006C-A,0,-0.13225712,0.16135282814502716,0.908730149269104,0.47648119926452637
YKL032C,YGR058W,0,-0.13239808,0.1613244116306305,0.908730149269104,0.47658127546310425
YOR315W,YKR084C,0,-0.13381065,0.16129601001739502,0.908730149269104,0.47668135166168213
YPR184W,YDR523C,0,-0.13429381,0.16126760840415955,0.908730149269104,0.47678142786026
YOR172W,YHR005C,0,-0.13443533,0.16123922169208527,0.908730149269104,0.4768815040588379
YER166W,YBR235W,0,-0.13472039,0.161210834980011,0.908730149269104,0.47698158025741577
YGL039W,YJR078W,0,-0.13511984,0.1611824780702591,0.908730149269104,0.47708165645599365
YDR055W,YIL148W,0,-0.13517012,0.1611541211605072,0.908730149269104,0.47718173265457153
YLL025W,YDR314C,0,-0.13517773,0.1611257642507553,0.908730149269104,0.4772818386554718
YIR013C,YDR493W,0,-0.1358005,0.1610974371433258,0.908730149269104,0.4773819148540497
YHR178W,YLR214W,0,-0.13593619,0.1610691100358963,0.908730149269104,0.47748199105262756
YGR277C,YML068W,0,-0.13604198,0.1610407829284668,0.908730149269104,0.47758206725120544
YLR211C,YJR054W,0,-0.13637923,0.16101248562335968,0.908730149269104,0.4776821434497833
YDR390C,YHR006W,0,-0.13649371,0.16098418831825256,0.908730149269104,0.4777822196483612
YNL249C,YJL074C,0,-0.13655062,0.16095589101314545,0.908730149269104,0.4778822958469391
YJR002W,YGR223C,0,-0.13678278,0.16092762351036072,0.908730149269104,0.47798237204551697
YNL249C,YKR099W,0,-0.13684747,0.160899356007576,0.908730149269104,0.47808247804641724
YOL128C,YGR098C,0,-0.13702835,0.16087108850479126,0.908730149269104,0.4781825542449951
YBR139W,YDR014W,0,-0.1372866,0.16084285080432892,0.908730149269104,0.478282630443573
YCL067C,YOL066C,0,-0.13736157,0.16081461310386658,0.908730149269104,0.4783827066421509
YIL132C,YGL247W,0,-0.13794912,0.16078637540340424,0.908730149269104,0.47848278284072876
YER098W,YNL092W,0,-0.1381646,0.16075816750526428,0.908730149269104,0.47858285903930664
YER183C,YOR361C,0,-0.13824509,0.16072995960712433,0.908730149269104,0.4786829352378845
YLR204W,YML060W,0,-0.13876036,0.16070175170898438,0.908730149269104,0.4787830412387848
YHR012W,YDL164C,0,-0.13908815,0.16067355871200562,0.908730149269104,0.47888311743736267
YOL067C,YGL047W,0,-0.13929729,0.16064538061618805,0.908730149269104,0.47898319363594055
YKL143W,YKL211C,0,-0.13956039,0.16061721742153168,0.908730149269104,0.47908326983451843
YNL065W,YPL207W,0,-0.13961102,0.1605890542268753,0.908730149269104,0.4791833460330963
YDL021W,YLR318W,0,-0.13966967,0.16056090593338013,0.908730149269104,0.4792834222316742
YBL084C,YDR267C,0,-0.13987082,0.16053277254104614,0.908730149269104,0.4793834984302521
YJL107C,YNL200C,0,-0.14035328,0.16050463914871216,0.908730149269104,0.47948357462882996
YMR227C,YKL168C,0,-0.14087538,0.16047652065753937,0.908730149269104,0.4795836806297302
YKL057C,YDR421W,0,-0.14128484,0.16044841706752777,0.908730149269104,0.4796837568283081
YOR048C,YDR076W,1,-0.141811,0.16059544682502747,0.9097222089767456,0.4796837568283081
YLR021W,YNL129W,0,-0.14252801,0.16056732833385468,0.9097222089767456,0.479783833026886
YNL284C,YPR115W,0,-0.14303532,0.16053920984268188,0.9097222089767456,0.47988390922546387
YDR236C,YLR014C,0,-0.14306895,0.16051112115383148,0.9097222089767456,0.47998398542404175
YDR064W,YGR262C,0,-0.14318395,0.16048301756381989,0.9097222089767456,0.48008406162261963
YMR274C,YMR294W,0,-0.14407595,0.16045494377613068,0.9097222089767456,0.4801841378211975
YIR030C,YFL029C,0,-0.14440615,0.16042686998844147,0.9097222089767456,0.4802842140197754
YGR091W,YAL008W,0,-0.14475156,0.16039881110191345,0.9097222089767456,0.48038432002067566
YHR064C,YOR066W,0,-0.14531101,0.16037075221538544,0.9097222089767456,0.48048439621925354
YKL197C,YGL048C,0,-0.1455199,0.1603427231311798,0.9097222089767456,0.4805844724178314
YBR067C,YML060W,0,-0.14582671,0.160314679145813,0.9097222089767456,0.4806845486164093
YKL197C,YJL076W,0,-0.14592524,0.16028666496276855,0.9097222089767456,0.4807846248149872
YJL153C,YAL043C,0,-0.14657702,0.16025865077972412,0.9097222089767456,0.48088470101356506
YOL003C,YJR076C,0,-0.1466228,0.16023065149784088,0.9097222089767456,0.48098477721214294
YPL224C,YPL275W,0,-0.14669257,0.16020265221595764,0.9097222089767456,0.4810848534107208
YOR171C,YFL009W,0,-0.14695986,0.1601746678352356,0.9097222089767456,0.4811849594116211
YBR071W,YJL102W,0,-0.14722987,0.16014669835567474,0.9097222089767456,0.481285035610199
YKR056W,YDL231C,0,-0.14738187,0.1601187288761139,0.9097222089767456,0.48138511180877686
YJL018W,YNL080C,0,-0.14777102,0.16009078919887543,0.9097222089767456,0.48148518800735474
YLR019W,YLR014C,0,-0.14785062,0.16006283462047577,0.9097222089767456,0.4815852642059326
YPR016C,YBR279W,0,-0.14786385,0.1600349098443985,0.9097222089767456,0.4816853404045105
YOR110W,YMR157C,0,-0.14798474,0.16000698506832123,0.9097222089767456,0.4817854166030884
YEL030W,YGR010W,0,-0.14825024,0.15997906029224396,0.9097222089767456,0.48188552260398865
YGL094C,YGR258C,1,-0.14840454,0.16012558341026306,0.9107142686843872,0.48188552260398865
YLR164W,YIL070C,0,-0.14845651,0.1600976586341858,0.9107142686843872,0.48198559880256653
YLR005W,YDR248C,0,-0.14851333,0.16006974875926971,0.9107142686843872,0.4820856750011444
YLR293C,YDR495C,0,-0.1488583,0.16004183888435364,0.9107142686843872,0.4821857511997223
YBR228W,YOR163W,1,-0.14912887,0.16018825769424438,0.9117063283920288,0.4821857511997223
YOR023C,YNL314W,0,-0.14913389,0.16016033291816711,0.9117063283920288,0.48228582739830017
YOR368W,YER122C,0,-0.14992024,0.16013242304325104,0.9117063283920288,0.48238590359687805
YML015C,YER175C,0,-0.15006055,0.16010452806949615,0.9117063283920288,0.48248597979545593
YDR363W,YNL080C,0,-0.15022245,0.16007664799690247,0.9117063283920288,0.4825860559940338
YHR011W,YMR040W,0,-0.15044312,0.16004876792430878,0.9117063283920288,0.4826861619949341
YHR089C,YMR016C,0,-0.15059759,0.1600208878517151,0.9117063283920288,0.48278623819351196
YGR047C,YNL122C,0,-0.1507716,0.1599930375814438,0.9117063283920288,0.48288631439208984
YOL051W,YDR142C,0,-0.15133317,0.15996518731117249,0.9117063283920288,0.4829863905906677
YOR315W,YPR017C,0,-0.15198803,0.15993735194206238,0.9117063283920288,0.4830864667892456
YPL155C,YOR083W,0,-0.15236412,0.15990951657295227,0.9117063283920288,0.4831865429878235
YOR147W,YMR227C,0,-0.15249641,0.15988169610500336,0.9117063283920288,0.48328661918640137
YFR045W,YBL002W,0,-0.15266313,0.15985389053821564,0.9117063283920288,0.48338669538497925
YAL028W,YHR179W,0,-0.1527365,0.15982608497142792,0.9117063283920288,0.4834868013858795
YBR294W,YOR255W,0,-0.15317304,0.1597982943058014,0.9117063283920288,0.4835868775844574
YOL011W,YKL052C,0,-0.15355207,0.15977051854133606,0.9117063283920288,0.4836869537830353
YPL153C,YDR304C,0,-0.15367675,0.15974274277687073,0.9117063283920288,0.48378702998161316
YMR169C,YKR084C,0,-0.15379362,0.1597149819135666,0.9117063283920288,0.48388710618019104
YMR033W,YER166W,0,-0.1539786,0.15968722105026245,0.9117063283920288,0.4839871823787689
YOL089C,YPL026C,0,-0.15425502,0.1596594899892807,0.9117063283920288,0.4840872585773468
YER094C,YDR430C,0,-0.15430911,0.15963175892829895,0.9117063283920288,0.48418736457824707
YIR026C,YEL052W,0,-0.15447314,0.1596040278673172,0.9117063283920288,0.48428744077682495
YJR067C,YER012W,0,-0.15490024,0.15957631170749664,0.9117063283920288,0.48438751697540283
YOR255W,YDR532C,0,-0.15495317,0.15954861044883728,0.9117063283920288,0.4844875931739807
YOL003C,YDR338C,0,-0.15591557,0.15952090919017792,0.9117063283920288,0.4845876693725586
YBL074C,YMR054W,0,-0.15650575,0.15949323773384094,0.9117063283920288,0.4846877455711365
YHR064C,YNL200C,0,-0.1571203,0.15946555137634277,0.9117063283920288,0.48478782176971436
YPL052W,YKL201C,0,-0.15763275,0.159437894821167,0.9117063283920288,0.48488789796829224
YPL161C,YBR290W,0,-0.1578031,0.1594102382659912,0.9117063283920288,0.4849880039691925
YDL202W,YIL087C,0,-0.1578037,0.15938258171081543,0.9117063283920288,0.4850880801677704
YMR010W,YMR195W,0,-0.15781851,0.15935495495796204,0.9117063283920288,0.48518815636634827
YGR152C,YGL047W,0,-0.15791243,0.15932732820510864,0.9117063283920288,0.48528823256492615
YOL130W,YIR030C,0,-0.15830629,0.15929970145225525,0.9117063283920288,0.48538830876350403
YDR386W,YNL200C,0,-0.15848313,0.15927210450172424,0.9117063283920288,0.4854883849620819
YLL054C,YFL009W,0,-0.15875298,0.15924449265003204,0.9117063283920288,0.4855884611606598
YDL185W,YJL194W,0,-0.15994528,0.15921691060066223,0.9117063283920288,0.48568853735923767
YLL003W,YBL030C,0,-0.16004081,0.15918932855129242,0.9117063283920288,0.48578864336013794
YKR017C,YNL236W,0,-0.16064939,0.1591617614030838,0.9117063283920288,0.4858887195587158
YGR204W,YDL056W,0,-0.1606794,0.15913419425487518,0.9117063283920288,0.4859887957572937
YPL112C,YBR135W,0,-0.16090722,0.15910664200782776,0.9117063283920288,0.4860888719558716
YOR095C,YOR189W,0,-0.16091342,0.15907910466194153,0.9117063283920288,0.48618894815444946
YBL018C,YLR312W-A,1,-0.16162218,0.15922464430332184,0.9126983880996704,0.48618894815444946
YDL246C,YJL142C,0,-0.16175146,0.15919709205627441,0.9126983880996704,0.48628902435302734
YDR175C,YER163C,0,-0.16215794,0.15916955471038818,0.9126983880996704,0.4863891005516052
YGL090W,YLR404W,0,-0.16218695,0.15914201736450195,0.9126983880996704,0.4864891767501831
YFL038C,YNR006W,0,-0.16267519,0.15911449491977692,0.9126983880996704,0.4865892827510834
YDR400W,YIL133C,0,-0.16267617,0.15908697247505188,0.9126983880996704,0.48668935894966125
YFL008W,YKR090W,0,-0.16300869,0.15905947983264923,0.9126983880996704,0.48678943514823914
YOR023C,YPR023C,0,-0.16301061,0.1590319722890854,0.9126983880996704,0.486889511346817
YGL085W,YHR062C,1,-0.16302139,0.15917731821537018,0.913690447807312,0.486889511346817
YKL197C,YGL204C,0,-0.16303028,0.15914982557296753,0.913690447807312,0.4869895875453949
YMR169C,YOL137W,0,-0.16306128,0.1591223180294037,0.913690447807312,0.4870896637439728
YBR246W,YAL038W,0,-0.16330265,0.15909484028816223,0.913690447807312,0.48718973994255066
YMR109W,YER045C,0,-0.16339055,0.15906736254692078,0.913690447807312,0.4872898459434509
YNR020C,YMR179W,0,-0.16443491,0.15903988480567932,0.913690447807312,0.4873899221420288
YJL196C,YPR137W,0,-0.16444479,0.15901243686676025,0.913690447807312,0.4874899983406067
YPL053C,YNL149C,0,-0.16456237,0.1589849889278412,0.913690447807312,0.48759007453918457
YDR044W,YBL039C,0,-0.1648811,0.15895754098892212,0.913690447807312,0.48769015073776245
YIL061C,YJR051W,0,-0.1650296,0.15893010795116425,0.913690447807312,0.48779022693634033
YGR124W,YMR028W,0,-0.16527854,0.15890268981456757,0.913690447807312,0.4878903031349182
YPL183W-A,YGR058W,0,-0.16558635,0.15887528657913208,0.913690447807312,0.4879903793334961
YDR168W,YNL072W,0,-0.16576175,0.1588478833436966,0.913690447807312,0.48809048533439636
YIL122W,YCL016C,0,-0.1659114,0.1588204801082611,0.913690447807312,0.48819056153297424
YPR061C,YCR003W,0,-0.16625677,0.158793106675148,0.913690447807312,0.4882906377315521
YJL200C,YBR014C,0,-0.16647555,0.1587657332420349,0.913690447807312,0.48839071393013
YBR175W,YBL039C,0,-0.16679914,0.15873835980892181,0.913690447807312,0.4884907901287079
YMR209C,YMR054W,0,-0.16703112,0.1587110161781311,0.913690447807312,0.48859086632728577
YDL227C,YBL019W,1,-0.1671422,0.15885595977306366,0.9146825671195984,0.48859086632728577
YMR010W,YDR319C,0,-0.16720392,0.15882860124111176,0.9146825671195984,0.48869094252586365
YFL017C,YOR189W,0,-0.1673619,0.15880124270915985,0.9146825671195984,0.48879101872444153
YBR094W,YJR010C-A,0,-0.16767529,0.15877389907836914,0.9146825671195984,0.4888911247253418
YNL080C,YOR278W,0,-0.1676812,0.15874655544757843,0.9146825671195984,0.4889912009239197
YDL201W,YKR084C,0,-0.16783996,0.1587192267179489,0.9146825671195984,0.48909127712249756
YLR119W,YDR319C,0,-0.1679862,0.1586919128894806,0.9146825671195984,0.48919135332107544
YDL245C,YFL038C,0,-0.1681024,0.15866459906101227,0.9146825671195984,0.4892914295196533
YJR045C,YDL201W,0,-0.16843437,0.15863730013370514,0.9146825671195984,0.4893915057182312
YDR412W,YLL049W,0,-0.16865306,0.1586100161075592,0.9146825671195984,0.4894915819168091
YPR065W,YMR247C,0,-0.16867779,0.15858273208141327,0.9146825671195984,0.48959168791770935
YDL113C,YJR054W,0,-0.1688077,0.15855546295642853,0.9146825671195984,0.48969176411628723
YGL166W,YCL067C,0,-0.16889726,0.1585281938314438,0.9146825671195984,0.4897918403148651
YKL090W,YMR285C,1,-0.16925146,0.15867285430431366,0.91567462682724,0.4897918403148651
YGL166W,YHL025W,0,-0.16928628,0.15864558517932892,0.91567462682724,0.489891916513443
YBR182C,YLR227C,0,-0.1694024,0.15861831605434418,0.91567462682724,0.4899919927120209
YMR308C,YNL172W,0,-0.16947044,0.15859106183052063,0.91567462682724,0.49009206891059875
YNL067W,YLR005W,0,-0.16950098,0.15856382250785828,0.91567462682724,0.49019214510917664
YOR369C,YKR001C,0,-0.17068423,0.15853658318519592,0.91567462682724,0.4902922213077545
YLR432W,YLR054C,0,-0.17165597,0.15850935876369476,0.91567462682724,0.4903923273086548
YLR178C,YHR102W,0,-0.1719834,0.1584821492433548,0.91567462682724,0.49049240350723267
YBR087W,YDR253C,0,-0.17259671,0.15845493972301483,0.91567462682724,0.49059247970581055
YOR064C,YOR140W,0,-0.17328869,0.15842774510383606,0.91567462682724,0.4906925559043884
YLR253W,YOR171C,0,-0.1733424,0.1584005504846573,0.91567462682724,0.4907926321029663
YIL042C,YHL008C,0,-0.17343314,0.1583733707666397,0.91567462682724,0.4908927083015442
YGL064C,YKR093W,0,-0.17347346,0.15834620594978333,0.91567462682724,0.49099278450012207
YDL245C,YDR179C,0,-0.17348292,0.15831904113292694,0.91567462682724,0.49109286069869995
YOR158W,YLR381W,0,-0.1736133,0.15829189121723175,0.91567462682724,0.4911929666996002
YPL139C,YDR162C,0,-0.17366631,0.15826474130153656,0.91567462682724,0.4912930428981781
YDR532C,YFR015C,0,-0.17422733,0.15823760628700256,0.91567462682724,0.491393119096756
YGL249W,YCR071C,0,-0.17440316,0.15821048617362976,0.91567462682724,0.49149319529533386
YHR039C-A,YGL092W,0,-0.17459978,0.15818338096141815,0.91567462682724,0.49159327149391174
YDR478W,YDR076W,1,-0.17477433,0.1583276242017746,0.9166666865348816,0.49159327149391174
YEL068C,YKL211C,0,-0.1747766,0.1583005040884018,0.9166666865348816,0.4916933476924896
YGR007W,YHR001W,0,-0.17491595,0.158273383975029,0.9166666865348816,0.4917934238910675
YKR062W,YGR270W,0,-0.1750831,0.15824627876281738,0.9166666865348816,0.4918935000896454
YLR352W,YDR412W,0,-0.17557003,0.15821917355060577,0.9166666865348816,0.49199360609054565
YER174C,YDL075W,0,-0.1755882,0.15819208323955536,0.9166666865348816,0.49209368228912354
YPL001W,YPR105C,0,-0.17559448,0.15816500782966614,0.9166666865348816,0.4921937584877014
YHR100C,YHR117W,0,-0.1757224,0.1581379473209381,0.9166666865348816,0.4922938346862793
YDL230W,YDR312W,0,-0.17581071,0.15811088681221008,0.9166666865348816,0.4923939108848572
YPL053C,YLR439W,0,-0.17594707,0.15808382630348206,0.9166666865348816,0.49249398708343506
YHR111W,YPL131W,0,-0.17643856,0.15805679559707642,0.9166666865348816,0.49259406328201294
YDR392W,YDL045W-A,0,-0.17664875,0.15802976489067078,0.9166666865348816,0.4926941692829132
YCR023C,YOR034C,0,-0.17689559,0.15800273418426514,0.9166666865348816,0.4927942454814911
YPL155C,YPR009W,0,-0.17703842,0.1579757183790207,0.9166666865348816,0.49289432168006897
YFL038C,YNL075W,0,-0.17729016,0.15794871747493744,0.9166666865348816,0.49299439787864685
YNR008W,YGR255C,0,-0.17737941,0.1579217165708542,0.9166666865348816,0.49309447407722473
YPR073C,YNL149C,0,-0.17741917,0.15789473056793213,0.9166666865348816,0.4931945502758026
YGR040W,YLR157C,0,-0.17769124,0.15786775946617126,0.9166666865348816,0.4932946264743805
YLR356W,YLR168C,0,-0.17837903,0.1578407883644104,0.9166666865348816,0.4933947026729584
YER056C,YOL089C,0,-0.17874315,0.15781383216381073,0.9166666865348816,0.49349480867385864
YPL016W,YDL193W,0,-0.17912446,0.15778689086437225,0.9166666865348816,0.4935948848724365
YDL185W,YBR188C,0,-0.17920813,0.15775994956493378,0.9166666865348816,0.4936949610710144
YEL056W,YDL119C,0,-0.17928897,0.1577330082654953,0.9166666865348816,0.4937950372695923
YNL188W,YJL185C,0,-0.17929558,0.1577060967683792,0.9166666865348816,0.49389511346817017
YDR091C,YPR115W,0,-0.1793055,0.15767918527126312,0.9166666865348816,0.49399518966674805
YGL166W,YDR256C,0,-0.17999521,0.15765227377414703,0.9166666865348816,0.4940952658653259
YDL246C,YGR170W,0,-0.18011005,0.15762537717819214,0.9166666865348816,0.4941953420639038
YFR004W,YHR058C,0,-0.180139,0.15759849548339844,0.9166666865348816,0.4942954480648041
YLL001W,YJL162C,0,-0.18016075,0.15757162868976593,0.9166666865348816,0.49439552426338196
YPL160W,YIL165C,0,-0.1802598,0.15754476189613342,0.9166666865348816,0.49449560046195984
YOR129C,YBR175W,0,-0.18042506,0.15751789510250092,0.9166666865348816,0.4945956766605377
YOR258W,YBL018C,1,-0.18062383,0.15766149759292603,0.9176587462425232,0.4945956766605377
YNR021W,YHL034C,0,-0.18068044,0.15763463079929352,0.9176587462425232,0.4946957528591156
YDL093W,YFL020C,0,-0.18121514,0.157607764005661,0.9176587462425232,0.4947958290576935
YBR237W,YLR385C,0,-0.18122493,0.1575809270143509,0.9176587462425232,0.49489590525627136
YOR371C,YOL111C,0,-0.18135081,0.15755407512187958,0.9176587462425232,0.49499601125717163
YNL197C,YLR457C,0,-0.18147309,0.15752725303173065,0.9176587462425232,0.4950960874557495
YNL281W,YDL103C,0,-0.18176882,0.15750043094158173,0.9176587462425232,0.4951961636543274
YOL069W,YKL065C,0,-0.18177925,0.1574736088514328,0.9176587462425232,0.4952962398529053
YOR066W,YEL015W,0,-0.18179591,0.15744680166244507,0.9176587462425232,0.49539631605148315
YGL059W,YIL132C,0,-0.18218166,0.15742000937461853,0.9176587462425232,0.49549639225006104
YLL003W,YDR142C,0,-0.18251416,0.15739323198795319,0.9176587462425232,0.4955964684486389
YKL006C-A,YLL040C,0,-0.18274562,0.15736645460128784,0.9176587462425232,0.4956965446472168
YIL109C,YGR133W,0,-0.18305083,0.1573396772146225,0.9176587462425232,0.49579665064811707
YBL058W,YJR005W,0,-0.18312037,0.15731292963027954,0.9176587462425232,0.49589672684669495
YOR145C,YCL004W,0,-0.18314588,0.15728618204593658,0.9176587462425232,0.4959968030452728
YMR211W,YNR008W,0,-0.18339856,0.15725943446159363,0.9176587462425232,0.4960968792438507
YML091C,YMR210W,0,-0.18348978,0.15723270177841187,0.9176587462425232,0.4961969554424286
YLR054C,YLR005W,0,-0.18369518,0.1572059839963913,0.9176587462425232,0.49629703164100647
YGR058W,YDL234C,0,-0.1837442,0.15717926621437073,0.9176587462425232,0.49639710783958435
YPL155C,YNL129W,0,-0.18375182,0.15715256333351135,0.9176587462425232,0.49649718403816223
YKL197C,YLR214W,0,-0.18388613,0.15712587535381317,0.9176587462425232,0.4965972900390625
YLR176C,YDR014W,0,-0.1845002,0.157099187374115,0.9176587462425232,0.4966973662376404
YKL201C,YOL143C,0,-0.1846738,0.157072514295578,0.9176587462425232,0.49679744243621826
YML085C,YPL029W,0,-0.18470411,0.15704584121704102,0.9176587462425232,0.49689751863479614
YBR167C,YML045W,1,-0.1850988,0.15718893706798553,0.9186508059501648,0.49689751863479614
YHR011W,YDR027C,0,-0.1851096,0.15716224908828735,0.9186508059501648,0.496997594833374
YIL165C,YLL061W,0,-0.1851556,0.15713559091091156,0.9186508059501648,0.4970976710319519
YPL001W,YGR262C,0,-0.1852731,0.15710891783237457,0.9186508059501648,0.4971977472305298
YGR149W,YNL067W,0,-0.18534274,0.15708227455615997,0.9186508059501648,0.49729782342910767
YDL117W,YOR201C,0,-0.18559133,0.15705563127994537,0.9186508059501648,0.49739792943000793
YGL025C,YJL153C,0,-0.18562841,0.15702900290489197,0.9186508059501648,0.4974980056285858
YPL052W,YJL038C,0,-0.18636177,0.15700237452983856,0.9186508059501648,0.4975980818271637
YNL265C,YGR028W,0,-0.1864991,0.15697576105594635,0.9186508059501648,0.4976981580257416
YDR345C,YFR025C,0,-0.18650652,0.15694914758205414,0.9186508059501648,0.49779823422431946
YGR225W,YDR359C,0,-0.18679161,0.15692254900932312,0.9186508059501648,0.49789831042289734
YER163C,YDL230W,0,-0.18682005,0.1568959653377533,0.9186508059501648,0.4979983866214752
YKL197C,YFL024C,0,-0.18695487,0.15686938166618347,0.9186508059501648,0.4980984926223755
YHR139C,YGR006W,0,-0.18707785,0.15684281289577484,0.9186508059501648,0.49819856882095337
YMR023C,YDR288W,0,-0.18715662,0.1568162590265274,0.9186508059501648,0.49829864501953125
YML068W,YBR071W,0,-0.18733719,0.15678970515727997,0.9186508059501648,0.49839872121810913
YKR093W,YBR175W,0,-0.18735237,0.15676316618919373,0.9186508059501648,0.498498797416687
YHL008C,YBR192W,0,-0.18738228,0.15673662722110748,0.9186508059501648,0.4985988736152649
YMR308C,YDL064W,0,-0.1874245,0.15671010315418243,0.9186508059501648,0.4986989498138428
YIR023W,YFL024C,0,-0.1875927,0.15668359398841858,0.9186508059501648,0.49879902601242065
YNL242W,YGL047W,0,-0.1880133,0.15665708482265472,0.9186508059501648,0.4988991320133209
YFL054C,YDR524C,0,-0.18834205,0.15663057565689087,0.9186508059501648,0.4989992082118988
YKL155C,YHR006W,0,-0.188854,0.1566040962934494,0.9186508059501648,0.4990992844104767
YBL084C,YNL009W,0,-0.18980877,0.15657761693000793,0.9186508059501648,0.49919936060905457
YDR266C,YLR216C,0,-0.18984075,0.15655113756656647,0.9186508059501648,0.49929943680763245
YOL051W,YOR251C,0,-0.18994038,0.1565246731042862,0.9186508059501648,0.4993995130062103
YOR033C,YMR024W,1,-0.19004282,0.15666723251342773,0.9196428656578064,0.4993995130062103
YDR293C,YMR239C,1,-0.19036134,0.1568097323179245,0.920634925365448,0.4993995130062103
YGL247W,YAL008W,0,-0.19095182,0.15678323805332184,0.920634925365448,0.4994995892047882
YGL173C,YDR370C,1,-0.19114494,0.15692567825317383,0.9216269850730896,0.4994995892047882
YCR026C,YMR285C,1,-0.19159643,0.15706805884838104,0.9226190447807312,0.4994995892047882
YIL098C,YDR458C,0,-0.19170849,0.157041534781456,0.9226190447807312,0.4995996654033661
YPL016W,YOL148C,0,-0.19230647,0.15701502561569214,0.9226190447807312,0.49969977140426636
YDL138W,YPR073C,0,-0.19301729,0.15698851644992828,0.9226190447807312,0.49979984760284424
YBL058W,YKL021C,0,-0.1931191,0.15696202218532562,0.9226190447807312,0.4998999238014221
YFL001W,YCR009C,0,-0.19335595,0.15693554282188416,0.9226190447807312,0.5
YHL015W,YNL334C,0,-0.19356662,0.1569090634584427,0.9226190447807312,0.5001000761985779
YPR135W,YFR025C,0,-0.19384821,0.15688258409500122,0.9226190447807312,0.5002001523971558
YOR315W,YPL100W,0,-0.19446214,0.15685613453388214,0.9226190447807312,0.5003002285957336
YOL130W,YDR386W,0,-0.19456345,0.15682968497276306,0.9226190447807312,0.5004003047943115
YJL208C,YML091C,1,-0.19498481,0.15697184205055237,0.9236111044883728,0.5004003047943115
YMR010W,YCR031C,0,-0.19500653,0.1569453775882721,0.9236111044883728,0.5005003809928894
YBR084W,YDR018C,0,-0.1954325,0.15691892802715302,0.9236111044883728,0.5006004571914673
YML028W,YDR096W,0,-0.19545586,0.15689247846603394,0.9236111044883728,0.5007005333900452
YPR018W,YPL250C,0,-0.19575673,0.15686604380607605,0.9236111044883728,0.5008006691932678
YDL113C,YGR080W,0,-0.1958964,0.15683962404727936,0.9236111044883728,0.5009007453918457
YNR040W,YKL138C,0,-0.196191,0.15681320428848267,0.9236111044883728,0.5010008215904236
YDR027C,YIL122W,0,-0.19689374,0.15678679943084717,0.9236111044883728,0.5011008977890015
YNL072W,YML085C,0,-0.197229,0.15676039457321167,0.9236111044883728,0.5012009739875793
YDR016C,YNL172W,0,-0.1972522,0.15673400461673737,0.9236111044883728,0.5013010501861572
YLR021W,YKR071C,0,-0.19774026,0.15670762956142426,0.9236111044883728,0.5014011263847351
YPL078C,YPL016W,0,-0.1978309,0.15668125450611115,0.9236111044883728,0.501501202583313
YEL015W,YOL057W,0,-0.19812088,0.15665489435195923,0.9236111044883728,0.5016012787818909
YML068W,YFL038C,0,-0.1982703,0.1566285341978073,0.9236111044883728,0.5017013549804688
YLR251W,YLL055W,0,-0.198334,0.1566021889448166,0.9236111044883728,0.5018014311790466
YML056C,YPL029W,0,-0.19874988,0.15657584369182587,0.9236111044883728,0.5019015073776245
YMR308C,YOR062C,0,-0.19876264,0.15654951333999634,0.9236111044883728,0.5020015835762024
YBR171W,YDL234C,0,-0.19940703,0.156523197889328,0.9236111044883728,0.5021016597747803
YLR320W,YPL159C,0,-0.20054342,0.15649689733982086,0.9236111044883728,0.5022017359733582
YPL241C,YOR278W,0,-0.20072658,0.15647058188915253,0.9236111044883728,0.502301812171936
YPL148C,YAR071W,0,-0.20130749,0.15644429624080658,0.9236111044883728,0.5024019479751587
YNL273W,YML031W,0,-0.20146973,0.15641801059246063,0.9236111044883728,0.5025020241737366
YDR162C,YBR182C,0,-0.20162062,0.15639173984527588,0.9236111044883728,0.5026021003723145
YOR016C,YFR045W,0,-0.20212181,0.15636546909809113,0.9236111044883728,0.5027021765708923
YKL155C,YPL100W,0,-0.20225064,0.15633921325206757,0.9236111044883728,0.5028022527694702
YEL040W,YIL061C,0,-0.20232724,0.156312957406044,0.9236111044883728,0.5029023289680481
YOR161C,YDR185C,0,-0.20295621,0.15628671646118164,0.9236111044883728,0.503002405166626
YGR171C,YDL099W,0,-0.2029878,0.15626049041748047,0.9236111044883728,0.5031024813652039
YDR109C,YPL041C,0,-0.20312436,0.1562342643737793,0.9236111044883728,0.5032025575637817
YGL145W,YNL295W,0,-0.20314465,0.15620805323123932,0.9236111044883728,0.5033026337623596
YMR010W,YIL111W,0,-0.20331143,0.15618184208869934,0.9236111044883728,0.5034027099609375
YOR174W,YIL035C,0,-0.2035773,0.15615564584732056,0.9236111044883728,0.5035027861595154
YKL034W,YIL132C,0,-0.20360778,0.15612946450710297,0.9236111044883728,0.5036028623580933
YOL147C,YPR173C,0,-0.20404597,0.15610328316688538,0.9236111044883728,0.5037029385566711
YKL078W,YPL250C,0,-0.20475687,0.15607711672782898,0.9236111044883728,0.503803014755249
YLR352W,YDR056C,0,-0.20484634,0.15605095028877258,0.9236111044883728,0.5039031505584717
YCR034W,YLR024C,0,-0.20490475,0.15602479875087738,0.9236111044883728,0.5040032267570496
YGL064C,YBR241C,0,-0.20528139,0.15599866211414337,0.9236111044883728,0.5041033029556274
YLR160C,YDR004W,0,-0.20535554,0.15597252547740936,0.9236111044883728,0.5042033791542053
YOR298C-A,YOR133W,0,-0.20542158,0.15594640374183655,0.9236111044883728,0.5043034553527832
YBR237W,YNL334C,0,-0.20608293,0.15592028200626373,0.9236111044883728,0.5044035315513611
YBR098W,YER041W,1,-0.20620431,0.15606161952018738,0.9246031641960144,0.5044035315513611
YJL046W,YDR319C,0,-0.20625468,0.15603549778461456,0.9246031641960144,0.504503607749939
YGR270W,YNL334C,0,-0.20648833,0.15600937604904175,0.9246031641960144,0.5046036839485168
YIR013C,YMR294W,0,-0.20680712,0.15598326921463013,0.9246031641960144,0.5047037601470947
YML059C,YHR096C,0,-0.20726313,0.1559571623802185,0.9246031641960144,0.5048038363456726
YIL013C,YDR214W,0,-0.20727064,0.15593107044696808,0.9246031641960144,0.5049039125442505
YNL281W,YNL289W,0,-0.20753814,0.15590497851371765,0.9246031641960144,0.5050039887428284
YGR177C,YOL128C,0,-0.20793207,0.1558789163827896,0.9246031641960144,0.5051040649414062
YGL114W,YDR018C,0,-0.20813356,0.15585283935070038,0.9246031641960144,0.5052041411399841
YEL061C,YJR101W,0,-0.2081411,0.15582679212093353,0.9246031641960144,0.505304217338562
YMR067C,YER093C,0,-0.20868622,0.1558007299900055,0.9246031641960144,0.5054043531417847
YPL231W,YJL041W,0,-0.20889951,0.15577469766139984,0.9246031641960144,0.5055044293403625
YBR261C,YNL300W,0,-0.20909514,0.1557486653327942,0.9246031641960144,0.5056045055389404
YPR135W,YHR028C,0,-0.20944096,0.15572263300418854,0.9246031641960144,0.5057045817375183
YDR320C,YLR242C,0,-0.20970221,0.15569663047790527,0.9246031641960144,0.5058046579360962
YJL059W,YJL198W,0,-0.21015994,0.15567061305046082,0.9246031641960144,0.5059047341346741
YNL197C,YLR008C,0,-0.21028848,0.15564462542533875,0.9246031641960144,0.506004810333252
YDL206W,YKL138C,0,-0.21070118,0.15561863780021667,0.9246031641960144,0.5061048865318298
YMR262W,YOR071C,0,-0.21097143,0.1555926501750946,0.9246031641960144,0.5062049627304077
YJL210W,YLR014C,0,-0.21119975,0.15556667745113373,0.9246031641960144,0.5063050389289856
YIL095W,YCR071C,0,-0.21184336,0.15554071962833405,0.9246031641960144,0.5064051151275635
YGL192W,YDL150W,0,-0.21196909,0.15551476180553436,0.9246031641960144,0.5065051913261414
YGR116W,YLR253W,0,-0.21221669,0.15548881888389587,0.9246031641960144,0.5066052675247192
YCR027C,YJL038C,0,-0.21234365,0.15546289086341858,0.9246031641960144,0.5067053437232971
YDR018C,YKL120W,0,-0.21272166,0.15543696284294128,0.9246031641960144,0.506805419921875
YPR167C,YPR143W,0,-0.21278293,0.155411034822464,0.9246031641960144,0.5069054961204529
YKL171W,YBR046C,0,-0.21325888,0.1553851217031479,0.9246031641960144,0.5070056319236755
YDR458C,YMR094W,0,-0.21332921,0.15535922348499298,0.9246031641960144,0.5071057081222534
YDL164C,YDL231C,0,-0.21352471,0.15533334016799927,0.9246031641960144,0.5072057843208313
YJL099W,YGL126W,0,-0.21366282,0.15530744194984436,0.9246031641960144,0.5073058605194092
YFR004W,YIL157C,0,-0.2139465,0.15528157353401184,0.9246031641960144,0.5074059367179871
YKR044W,YDL035C,0,-0.21440674,0.15525570511817932,0.9246031641960144,0.5075060129165649
YHR112C,YGR124W,0,-0.2144178,0.155229851603508,0.9246031641960144,0.5076060891151428
YDL202W,YJL046W,0,-0.21463872,0.15520399808883667,0.9246031641960144,0.5077061653137207
YLR356W,YNR052C,0,-0.21503998,0.15517815947532654,0.9246031641960144,0.5078062415122986
YMR308C,YPL188W,0,-0.21518283,0.1551523208618164,0.9246031641960144,0.5079063177108765
YOL022C,YFL038C,0,-0.21556251,0.15512649714946747,0.9246031641960144,0.5080063939094543
YIL117C,YPR110C,0,-0.21559428,0.15510068833827972,0.9246031641960144,0.5081064701080322
YPL121C,YPR001W,0,-0.21576588,0.15507487952709198,0.9246031641960144,0.5082065463066101
YHR065C,YBL007C,0,-0.21616544,0.15504907071590424,0.9246031641960144,0.508306622505188
YDR295C,YNL087W,0,-0.21661289,0.15502329170703888,0.9246031641960144,0.5084066987037659
YGL249W,YPL029W,0,-0.21682192,0.15499751269817352,0.9246031641960144,0.5085068345069885
YCL038C,YGR026W,0,-0.21687423,0.15497173368930817,0.9246031641960144,0.5086069107055664
YJL200C,YBL074C,0,-0.21694751,0.154945969581604,0.9246031641960144,0.5087069869041443
YGL064C,YDR432W,0,-0.21695288,0.15492020547389984,0.9246031641960144,0.5088070631027222
YPL106C,YKR027W,0,-0.21707757,0.15489447116851807,0.9246031641960144,0.5089071393013
YHR021C,YNR006W,0,-0.21723886,0.1548687219619751,0.9246031641960144,0.5090072154998779
YDL245C,YIL070C,0,-0.21742655,0.15484300255775452,0.9246031641960144,0.5091072916984558
YKL090W,YER041W,1,-0.21748658,0.15498338639736176,0.925595223903656,0.5091072916984558
YPR175W,YOR110W,0,-0.21785234,0.15495765209197998,0.925595223903656,0.5092073678970337
YOR093C,YOR274W,0,-0.21888907,0.1549319177865982,0.925595223903656,0.5093074440956116
YBR241C,YPL199C,0,-0.21914996,0.15490619838237762,0.925595223903656,0.5094075202941895
YKL171W,YMR210W,0,-0.21916188,0.15488047897815704,0.925595223903656,0.5095075964927673
YMR109W,YFR050C,0,-0.21917267,0.15485477447509766,0.925595223903656,0.5096076726913452
YHL016C,YOR133W,0,-0.21947713,0.15482906997203827,0.925595223903656,0.5097077488899231
YGR047C,YIL042C,0,-0.21970047,0.15480338037014008,0.925595223903656,0.509807825088501
YOR034C,YDR390C,0,-0.22014846,0.15477770566940308,0.925595223903656,0.5099079012870789
YDR002W,YCL004W,0,-0.22017877,0.15475203096866608,0.925595223903656,0.5100079774856567
YPR135W,YGL126W,0,-0.22034298,0.15472637116909027,0.925595223903656,0.5101081132888794
YPR201W,YNL284C,0,-0.22061957,0.15470071136951447,0.925595223903656,0.5102081894874573
YKR017C,YGR074W,0,-0.22062398,0.15467506647109985,0.925595223903656,0.5103082656860352
YCL016C,YPL131W,0,-0.22062545,0.15464942157268524,0.925595223903656,0.510408341884613
YOL008W,YDR044W,0,-0.22063665,0.15462379157543182,0.925595223903656,0.5105084180831909
YER007W,YDR371W,0,-0.22116722,0.1545981764793396,0.925595223903656,0.5106084942817688
YPR135W,YAL028W,0,-0.2212499,0.15457256138324738,0.925595223903656,0.5107085704803467
YGL254W,YDL171C,0,-0.22152849,0.15454696118831635,0.925595223903656,0.5108086466789246
YDR130C,YFL017C,0,-0.22154604,0.15452136099338531,0.925595223903656,0.5109087228775024
YBR148W,YBR014C,0,-0.22159131,0.15449577569961548,0.925595223903656,0.5110087990760803
YDR506C,YNL021W,0,-0.22183295,0.15447020530700684,0.925595223903656,0.5111088752746582
YPL139C,YLR466W,0,-0.2219099,0.1544446349143982,0.925595223903656,0.5112089514732361
YDR540C,YDR363W,0,-0.22193791,0.15441906452178955,0.925595223903656,0.511309027671814
YCL045C,YPL129W,0,-0.22197191,0.1543935090303421,0.925595223903656,0.5114091038703918
YPL007C,YJL035C,0,-0.22273721,0.15436796844005585,0.925595223903656,0.5115091800689697
YMR010W,YDR282C,0,-0.22333606,0.1543424278497696,0.925595223903656,0.5116093158721924
YNL084C,YGR258C,0,-0.2233385,0.15431690216064453,0.925595223903656,0.5117093920707703
YDR407C,YLL041C,0,-0.2236679,0.15429139137268066,0.925595223903656,0.5118094682693481
YPR139C,YPL118W,0,-0.22394048,0.1542658656835556,0.925595223903656,0.511909544467926
YFR025C,YMR232W,0,-0.2239473,0.15424036979675293,0.925595223903656,0.5120096206665039
YDR293C,YJR006W,1,-0.22471128,0.1543801724910736,0.9265872836112976,0.5120096206665039
YOR125C,YKR101W,0,-0.22487141,0.15435464680194855,0.9265872836112976,0.5121096968650818
YGL181W,YOR026W,0,-0.22526865,0.15432915091514587,0.9265872836112976,0.5122097730636597
YLL012W,YFL054C,0,-0.22536446,0.1543036550283432,0.9265872836112976,0.5123098492622375
YKL011C,YOR330C,1,-0.226146,0.15444333851337433,0.9275793433189392,0.5123098492622375
YDL135C,YHR046C,0,-0.22686328,0.15441784262657166,0.9275793433189392,0.5124099254608154
YBR227C,YOR358W,0,-0.22696592,0.1543923318386078,0.9275793433189392,0.5125100016593933
YLR066W,YKL073W,0,-0.22757016,0.1543668508529663,0.9275793433189392,0.5126100778579712
YHR043C,YGL006W,0,-0.22843994,0.15434136986732483,0.9275793433189392,0.5127101540565491
YPR192W,YKL021C,0,-0.22857247,0.15431588888168335,0.9275793433189392,0.512810230255127
YIL165C,YDR410C,0,-0.2292722,0.15429042279720306,0.9275793433189392,0.5129103064537048
YGR194C,YAL029C,0,-0.23014684,0.15426497161388397,0.9275793433189392,0.5130103826522827
YMR119W,YCR065W,0,-0.23182811,0.15423952043056488,0.9275793433189392,0.5131104588508606
YPL016W,YMR160W,0,-0.23216207,0.15421408414840698,0.9275793433189392,0.5132105946540833
YNL314W,YOR349W,0,-0.23238696,0.15418864786624908,0.9275793433189392,0.5133106708526611
YDR501W,YIL173W,0,-0.23254524,0.15416322648525238,0.9275793433189392,0.513410747051239
YMR227C,YBR204C,0,-0.23258434,0.15413782000541687,0.9275793433189392,0.5135108232498169
YAR002W,YDR298C,0,-0.23261143,0.15411241352558136,0.9275793433189392,0.5136108994483948
YML121W,YML076C,0,-0.23298581,0.15408700704574585,0.9275793433189392,0.5137109756469727
YPL082C,YDR044W,0,-0.23463781,0.15406163036823273,0.9275793433189392,0.5138110518455505
YBR247C,YOR067C,0,-0.23493244,0.1540362387895584,0.9275793433189392,0.5139111280441284
YIL133C,YLR056W,0,-0.23520915,0.15401087701320648,0.9275793433189392,0.5140112042427063
YPR201W,YNL027W,0,-0.23597153,0.15398550033569336,0.9275793433189392,0.5141112804412842
YNL249C,YGR171C,0,-0.23617615,0.15396015346050262,0.9275793433189392,0.5142113566398621
YOR005C,YCR031C,0,-0.2361771,0.1539348065853119,0.9275793433189392,0.5143114328384399
YGL114W,YDR202C,0,-0.23618682,0.15390945971012115,0.9275793433189392,0.5144115090370178
YPL231W,YDR432W,0,-0.23654117,0.1538841277360916,0.9275793433189392,0.5145115852355957
YEL059C-A,YJL178C,0,-0.2367218,0.15385881066322327,0.9275793433189392,0.5146116614341736
YER078C,YMR259C,0,-0.23760028,0.15383349359035492,0.9275793433189392,0.5147117972373962
YGL173C,YOR258W,1,-0.2376896,0.15397270023822784,0.9285714030265808,0.5147117972373962
YHR139C,YMR251W-A,0,-0.23900028,0.1539473682641983,0.9285714030265808,0.5148118734359741
YPR192W,YDR485C,0,-0.23920266,0.15392205119132996,0.9285714030265808,0.514911949634552
YGL192W,YBR135W,0,-0.2394454,0.1538967490196228,0.9285714030265808,0.5150120258331299
YHR115C,YJL001W,0,-0.23956977,0.15387144684791565,0.9285714030265808,0.5151121020317078
YHR150W,YMR069W,0,-0.2397664,0.1538461595773697,0.9285714030265808,0.5152121782302856
YCL067C,YBR264C,0,-0.2403724,0.15382087230682373,0.9285714030265808,0.5153122544288635
YGR183C,YKR025W,0,-0.24039336,0.15379559993743896,0.9285714030265808,0.5154123306274414
YOR016C,YER090W,0,-0.24043341,0.1537703275680542,0.9285714030265808,0.5155124068260193
YGR102C,YBR162W-A,0,-0.24072231,0.15374507009983063,0.9285714030265808,0.5156124830245972
YDL225W,YBR175W,0,-0.24129398,0.15371982753276825,0.9285714030265808,0.515712559223175
YFR047C,YBR126C,0,-0.24140857,0.15369458496570587,0.9285714030265808,0.5158126354217529
YPR042C,YHR076W,0,-0.24150623,0.1536693423986435,0.9285714030265808,0.5159127116203308
YDR495C,YJL185C,0,-0.24187444,0.1536441296339035,0.9285714030265808,0.5160127878189087
YDR202C,YJL038C,0,-0.2419496,0.15361890196800232,0.9285714030265808,0.5161128640174866
YBL075C,YLR216C,0,-0.24216773,0.15359370410442352,0.9285714030265808,0.5162129998207092
YML118W,YBR167C,1,-0.24264975,0.153732568025589,0.9295634627342224,0.5162129998207092
YNL289W,YGR074W,0,-0.24289976,0.153707355260849,0.9295634627342224,0.5163130760192871
YHR206W,YNL048W,0,-0.24299006,0.153682142496109,0.9295634627342224,0.516413152217865
YPL134C,YLL036C,0,-0.24312593,0.15365692973136902,0.9295634627342224,0.5165132284164429
YMR302C,YER166W,0,-0.24346252,0.15363174676895142,0.9295634627342224,0.5166133046150208
YER093C,YDR254W,0,-0.24346255,0.1536065638065338,0.9295634627342224,0.5167133808135986
YMR016C,YJR045C,0,-0.243567,0.1535813808441162,0.9295634627342224,0.5168134570121765
YPL119C,YFL034C-B,0,-0.24381928,0.1535562127828598,0.9295634627342224,0.5169135332107544
YHR206W,YMR301C,0,-0.24420686,0.1535310447216034,0.9295634627342224,0.5170136094093323
YNL295W,YGL006W,0,-0.2445998,0.15350589156150818,0.9295634627342224,0.5171136856079102
YMR308C,YOR149C,0,-0.24483146,0.15348075330257416,0.9295634627342224,0.517213761806488
YIL070C,YNL236W,0,-0.24496831,0.15345561504364014,0.9295634627342224,0.5173138380050659
YJR017C,YHR006W,0,-0.24517132,0.1534304916858673,0.9295634627342224,0.5174139142036438
YEL020C,YOR034C,0,-0.24551855,0.15340536832809448,0.9295634627342224,0.5175139904022217
YNL078W,YNL027W,0,-0.24562334,0.15338025987148285,0.9295634627342224,0.5176140666007996
YIR035C,YPR089W,0,-0.24563248,0.15335515141487122,0.9295634627342224,0.5177141427993774
YLR059C,YLR132C,1,-0.24592866,0.1534937024116516,0.9305555820465088,0.5177141427993774
YNL178W,YIL165C,0,-0.24593772,0.15346857905387878,0.9305555820465088,0.5178142786026001
YNL046W,YOR372C,0,-0.24602564,0.15344348549842834,0.9305555820465088,0.517914354801178
YPR065W,YDR185C,0,-0.24606813,0.1534183770418167,0.9305555820465088,0.5180144309997559
YHR123W,YDR338C,0,-0.24628137,0.15339329838752747,0.9305555820465088,0.5181145071983337
YOL098C,YOR149C,0,-0.24641703,0.15336821973323822,0.9305555820465088,0.5182145833969116
YPR073C,YJL107C,0,-0.24676327,0.15334314107894897,0.9305555820465088,0.5183146595954895
YPL052W,YBR038W,0,-0.24746929,0.15331807732582092,0.9305555820465088,0.5184147357940674
YPR110C,YMR301C,0,-0.24764337,0.15329302847385406,0.9305555820465088,0.5185148119926453
YPL153C,YGR175C,0,-0.24817558,0.1532679796218872,0.9305555820465088,0.5186148881912231
YDL108W,YOR373W,0,-0.24844386,0.15324293076992035,0.9305555820465088,0.518714964389801
YKL052C,YEL020C,0,-0.2484716,0.15321789681911469,0.9305555820465088,0.5188150405883789
YGR245C,YDL020C,0,-0.24876125,0.15319287776947021,0.9305555820465088,0.5189151167869568
YNL080C,YOR007C,0,-0.24882491,0.15316785871982574,0.9305555820465088,0.5190151929855347
YDR090C,YGL195W,0,-0.24890517,0.15314285457134247,0.9305555820465088,0.5191152691841125
YOR166C,YGR258C,1,-0.24892868,0.1532810926437378,0.9315476417541504,0.5191152691841125
YGL173C,YDR279W,1,-0.24929233,0.15341928601264954,0.932539701461792,0.5191152691841125
YLR118C,YJL020C,0,-0.25001386,0.15339425206184387,0.932539701461792,0.5192153453826904
YEL030W,YML121W,0,-0.2500255,0.1533692330121994,0.932539701461792,0.5193154811859131
YML112W,YPL100W,0,-0.2500607,0.15334421396255493,0.932539701461792,0.519415557384491
YDR225W,YGL195W,0,-0.25059965,0.15331919491291046,0.932539701461792,0.5195156335830688
YJL142C,YPR022C,0,-0.25063458,0.15329419076442719,0.932539701461792,0.5196157097816467
YER078C,YKL074C,0,-0.2507412,0.1532692015171051,0.932539701461792,0.5197157859802246
YOL010W,YIR021W,1,-0.25080615,0.1534072309732437,0.9335317611694336,0.5197157859802246
YNL166C,YCR089W,0,-0.25126058,0.15338222682476044,0.9335317611694336,0.5198158621788025
YLR390W,YOR368W,0,-0.25156012,0.15335723757743835,0.9335317611694336,0.5199159383773804
YBR087W,YLL061W,0,-0.2516017,0.15333224833011627,0.9335317611694336,0.5200160145759583
YMR054W,YPR045C,0,-0.25199488,0.1533072590827942,0.9335317611694336,0.5201160907745361
YOR009W,YHR058C,0,-0.25199786,0.1532822996377945,0.9335317611694336,0.520216166973114
YNL074C,YGR140W,0,-0.25231063,0.1532573252916336,0.9335317611694336,0.5203162431716919
YDR240C,YMR292W,0,-0.25250992,0.1532323658466339,0.9335317611694336,0.5204163193702698
YKL011C,YBR236C,0,-0.2525116,0.1532074213027954,0.9335317611694336,0.5205163955688477
YOL011W,YGL106W,0,-0.25262782,0.1531824767589569,0.9335317611694336,0.5206164717674255
YDR119W,YJL046W,0,-0.25269026,0.1531575471162796,0.9335317611694336,0.5207165479660034
YJL146W,YMR124W,0,-0.25275925,0.1531326323747635,0.9335317611694336,0.5208166241645813
YNL281W,YNR008W,0,-0.25297865,0.15310771763324738,0.9335317611694336,0.520916759967804
YFL034C-B,YOR062C,0,-0.25314754,0.15308280289173126,0.9335317611694336,0.5210168361663818
YDR432W,YIL148W,0,-0.2532029,0.15305790305137634,0.9335317611694336,0.5211169123649597
YMR195W,YBR148W,0,-0.25323364,0.15303301811218262,0.9335317611694336,0.5212169885635376
YNL115C,YNL289W,0,-0.25336465,0.1530081331729889,0.9335317611694336,0.5213170647621155
YJL209W,YBR158W,0,-0.25342306,0.15298324823379517,0.9335317611694336,0.5214171409606934
YAL034W-A,YMR179W,0,-0.25368878,0.15295839309692383,0.9335317611694336,0.5215172171592712
YLL012W,YDL049C,0,-0.25378588,0.1529335230588913,0.9335317611694336,0.5216172933578491
YML112W,YAL029C,0,-0.25591466,0.15290868282318115,0.9335317611694336,0.521717369556427
YJL102W,YBR188C,0,-0.25604323,0.15288382768630981,0.9335317611694336,0.5218174457550049
YDR228C,YLL061W,0,-0.25629404,0.15285900235176086,0.9335317611694336,0.5219175219535828
YLR168C,YHR117W,0,-0.25636727,0.15283417701721191,0.9335317611694336,0.5220175981521606
YNL166C,YIL134W,0,-0.25651267,0.15280935168266296,0.9335317611694336,0.5221176743507385
YLR275W,YDL103C,0,-0.25651345,0.1527845412492752,0.9335317611694336,0.5222177505493164
YDR170C,YKR090W,0,-0.25748637,0.15275974571704865,0.9335317611694336,0.5223178267478943
YIL117C,YDR030C,0,-0.2584843,0.15273495018482208,0.9335317611694336,0.5224179625511169
YGR116W,YLL025W,0,-0.25856063,0.15271015465259552,0.9335317611694336,0.5225180387496948
YCR071C,YOR373W,0,-0.25896278,0.15268537402153015,0.9335317611694336,0.5226181149482727
YBR294W,YBR168W,0,-0.25916803,0.15266060829162598,0.9335317611694336,0.5227181911468506
YLR270W,YPL199C,0,-0.25934324,0.1526358425617218,0.9335317611694336,0.5228182673454285
YPR080W,YLR216C,0,-0.25955293,0.15261109173297882,0.9335317611694336,0.5229183435440063
YGR198W,YGL038C,0,-0.25978285,0.15258634090423584,0.9335317611694336,0.5230184197425842
YGL129C,YKL092C,0,-0.25984654,0.15256160497665405,0.9335317611694336,0.5231184959411621
YGR047C,YOR174W,0,-0.25994512,0.15253688395023346,0.9335317611694336,0.52321857213974
YMR040W,YDL045W-A,0,-0.26019064,0.15251216292381287,0.9335317611694336,0.5233186483383179
YML011C,YPL133C,0,-0.26064494,0.15248744189739227,0.9335317611694336,0.5234187245368958
YPL133C,YLR404W,0,-0.26141837,0.15246273577213287,0.9335317611694336,0.5235188007354736
YDR122W,YJL209W,0,-0.2619961,0.15243802964687347,0.9335317611694336,0.5236188769340515
YLR145W,YNL080C,0,-0.26220202,0.15241335332393646,0.9335317611694336,0.5237189531326294
YER071C,YPR073C,0,-0.26246998,0.15238866209983826,0.9335317611694336,0.5238190293312073
YAL028W,YMR282C,0,-0.26275492,0.15236398577690125,0.9335317611694336,0.5239191055297852
YLR066W,YOR066W,0,-0.2629089,0.15233932435512543,0.9335317611694336,0.5240192413330078
YBL084C,YBR154C,0,-0.26348576,0.1523146629333496,0.9335317611694336,0.5241193175315857
YLR403W,YJL076W,0,-0.26398012,0.15229001641273499,0.9335317611694336,0.5242193937301636
YJR076C,YIL063C,0,-0.26432937,0.15226536989212036,0.9335317611694336,0.5243194699287415
YJL144W,YDR109C,0,-0.26468912,0.15224073827266693,0.9335317611694336,0.5244195461273193
YNR008W,YIL122W,0,-0.26488608,0.1522161066532135,0.9335317611694336,0.5245196223258972
YOR354C,YFR050C,0,-0.26503858,0.15219148993492126,0.9335317611694336,0.5246196985244751
YKR087C,YLR432W,0,-0.26579204,0.15216688811779022,0.9335317611694336,0.524719774723053
YOL033W,YLR425W,0,-0.2657927,0.15214228630065918,0.9335317611694336,0.5248198509216309
YGR007W,YDL116W,0,-0.26600212,0.15211768448352814,0.9335317611694336,0.5249199271202087
YOL042W,YNL262W,1,-0.26608557,0.15225473046302795,0.9345238208770752,0.5249199271202087
YMR067C,YOL127W,0,-0.2662563,0.1522301286458969,0.9345238208770752,0.5250200033187866
YNL263C,YNL027W,0,-0.2664088,0.15220552682876587,0.9345238208770752,0.5251200795173645
YPL124W,YOL143C,0,-0.2671117,0.15218093991279602,0.9345238208770752,0.5252201557159424
YMR262W,YDL192W,0,-0.26735106,0.15215635299682617,0.9345238208770752,0.5253202319145203
YGL115W,YGR026W,0,-0.26738262,0.15213178098201752,0.9345238208770752,0.5254203081130981
YOL067C,YAL055W,0,-0.26763284,0.15210722386837006,0.9345238208770752,0.5255204439163208
YLR403W,YFR050C,0,-0.26784042,0.1520826667547226,0.9345238208770752,0.5256205201148987
YOR369C,YOR278W,0,-0.26810253,0.15205810964107513,0.9345238208770752,0.5257205963134766
YPL134C,YLR014C,0,-0.26848862,0.15203356742858887,0.9345238208770752,0.5258206725120544
YFR030W,YFR025C,0,-0.26869753,0.1520090401172638,0.9345238208770752,0.5259207487106323
YDR317W,YIL072W,0,-0.2687268,0.15198451280593872,0.9345238208770752,0.5260208249092102
YIL168W,YKL210W,0,-0.2692156,0.15196000039577484,0.9345238208770752,0.5261209011077881
YOR363C,YPL029W,0,-0.2694901,0.15193548798561096,0.9345238208770752,0.526220977306366
YOR174W,YOR005C,0,-0.26970088,0.15191097557544708,0.9345238208770752,0.5263210535049438
YMR169C,YJR045C,0,-0.2700108,0.1518864929676056,0.9345238208770752,0.5264211297035217
YGL025C,YOR348C,0,-0.27019393,0.1518619954586029,0.9345238208770752,0.5265212059020996
YBR279W,YMR259C,0,-0.27057722,0.1518375277519226,0.9345238208770752,0.5266212821006775
YPL118W,YGL090W,0,-0.27062634,0.1518130600452423,0.9345238208770752,0.5267213582992554
YBR087W,YNL297C,0,-0.27073425,0.151788592338562,0.9345238208770752,0.5268214344978333
YKL046C,YJR017C,0,-0.27078852,0.1517641395330429,0.9345238208770752,0.5269215106964111
YOR023C,YGR099W,0,-0.27124235,0.1517396867275238,0.9345238208770752,0.5270216464996338
YNL107W,YMR087W,0,-0.27156124,0.1517152488231659,0.9345238208770752,0.5271217226982117
YJR054W,YMR274C,0,-0.2718139,0.15169082581996918,0.9345238208770752,0.5272217988967896
YDR109C,YMR268C,0,-0.27182785,0.15166640281677246,0.9345238208770752,0.5273218750953674
YER163C,YDR162C,0,-0.27219996,0.15164197981357574,0.9345238208770752,0.5274219512939453
YNL197C,YFR031C,0,-0.27220502,0.15161757171154022,0.9345238208770752,0.5275220274925232
YJL144W,YDR027C,0,-0.27232382,0.1515931785106659,0.9345238208770752,0.5276221036911011
YLR403W,YLL048C,0,-0.27291062,0.15156878530979156,0.9345238208770752,0.527722179889679
YMR186W,YGR026W,0,-0.27292436,0.15154440701007843,0.9345238208770752,0.5278222560882568
YBR241C,YGR258C,0,-0.2731849,0.1515200287103653,0.9345238208770752,0.5279223322868347
YNL037C,YHR184W,0,-0.27385607,0.15149565041065216,0.9345238208770752,0.5280224084854126
YIR026C,YGL097W,0,-0.27415082,0.1514713019132614,0.9345238208770752,0.5281224846839905
YLR337C,YMR284W,0,-0.27448893,0.15144693851470947,0.9345238208770752,0.5282225608825684
YNL207W,YDL193W,0,-0.2745645,0.15142260491847992,0.9345238208770752,0.5283226370811462
YEL059C-A,YGR120C,0,-0.2747377,0.15139827132225037,0.9345238208770752,0.5284227132797241
YGR121C,YOR373W,0,-0.274853,0.1513739377260208,0.9345238208770752,0.528522789478302
YLR251W,YBR145W,0,-0.27512908,0.15134961903095245,0.9345238208770752,0.5286229252815247
YDR539W,YOR361C,0,-0.27527073,0.1513253003358841,0.9345238208770752,0.5287230014801025
YCR008W,YDR058C,0,-0.27556184,0.15130099654197693,0.9345238208770752,0.5288230776786804
YLR345W,YCL018W,0,-0.27578053,0.15127669274806976,0.9345238208770752,0.5289231538772583
YGL047W,YPR175W,0,-0.2765282,0.1512524038553238,0.9345238208770752,0.5290232300758362
YLL025W,YDR538W,0,-0.2768196,0.151228129863739,0.9345238208770752,0.5291233062744141
YNL087W,YLR288C,0,-0.27716067,0.15120385587215424,0.9345238208770752,0.5292233824729919
YBR084W,YNL055C,0,-0.27719444,0.15117958188056946,0.9345238208770752,0.5293234586715698
YJL102W,YDR240C,0,-0.27734724,0.15115532279014587,0.9345238208770752,0.5294235348701477
YNL016W,YDR371W,0,-0.27752975,0.15113107860088348,0.9345238208770752,0.5295236110687256
YGR029W,YKL155C,0,-0.27785826,0.1511068344116211,0.9345238208770752,0.5296236872673035
YLR432W,YBL039C,0,-0.27790037,0.1510826051235199,0.9345238208770752,0.5297237634658813
YDL202W,YER087C-B,0,-0.2779033,0.1510583758354187,0.9345238208770752,0.5298238396644592
YMR284W,YGR241C,0,-0.27805945,0.1510341465473175,0.9345238208770752,0.5299239158630371
YKR071C,YHR158C,0,-0.2788169,0.1510099321603775,0.9345238208770752,0.530023992061615
YNL265C,YLR385C,0,-0.27885643,0.1509857326745987,0.9345238208770752,0.5301241278648376
YGR262C,YOL087C,0,-0.27928802,0.15096153318881989,0.9345238208770752,0.5302242040634155
YOR095C,YNL297C,0,-0.27934846,0.15093734860420227,0.9345238208770752,0.5303242802619934
YDR109C,YNL048W,0,-0.27952167,0.15091316401958466,0.9345238208770752,0.5304243564605713
YLR439W,YOR148C,0,-0.27975127,0.15088899433612823,0.9345238208770752,0.5305244326591492
YKR007W,YOL128C,0,-0.27999142,0.15086482465267181,0.9345238208770752,0.530624508857727
YMR274C,YBL014C,0,-0.28024703,0.1508406698703766,0.9345238208770752,0.5307245850563049
YOL148C,YDL099W,0,-0.28026548,0.15081652998924255,0.9345238208770752,0.5308246612548828
YDR110W,YLR054C,0,-0.28085715,0.15079237520694733,0.9345238208770752,0.5309247374534607
YPR175W,YGL190C,0,-0.28154373,0.1507682502269745,0.9345238208770752,0.5310248136520386
YGL047W,YDR041W,0,-0.28160456,0.15074412524700165,0.9345238208770752,0.5311248898506165
YJL170C,YER171W,0,-0.28216138,0.1507200002670288,0.9345238208770752,0.5312249660491943
YPR173C,YFR025C,0,-0.282298,0.15069589018821716,0.9345238208770752,0.5313250422477722
YNL200C,YHR006W,0,-0.28232226,0.15067178010940552,0.9345238208770752,0.5314251184463501
YPL106C,YJL187C,0,-0.28252926,0.15064768493175507,0.9345238208770752,0.531525194644928
YPL016W,YNL200C,0,-0.28270945,0.1506236046552658,0.9345238208770752,0.5316252708435059
YBR261C,YHR183W,0,-0.28289947,0.15059952437877655,0.9345238208770752,0.5317254066467285
YOL087C,YPL026C,0,-0.28297943,0.1505754441022873,0.9345238208770752,0.5318254828453064
YMR209C,YNL295W,0,-0.2832933,0.15055137872695923,0.9345238208770752,0.5319255590438843
YGL025C,YBR241C,0,-0.28352886,0.15052732825279236,0.9345238208770752,0.5320256352424622
YNL331C,YMR211W,0,-0.28405127,0.1505032777786255,0.9345238208770752,0.53212571144104
YML059C,YGR288W,0,-0.28417,0.15047922730445862,0.9345238208770752,0.5322257876396179
YDL036C,YOL087C,0,-0.2846397,0.15045519173145294,0.9345238208770752,0.5323258638381958
YMR302C,YNL084C,0,-0.28631303,0.15043117105960846,0.9345238208770752,0.5324259400367737
YHR151C,YMR284W,0,-0.28640908,0.15040715038776398,0.9345238208770752,0.5325260162353516
YKL126W,YOR255W,0,-0.28688687,0.1503831446170807,0.9345238208770752,0.5326260924339294
YGL092W,YKR027W,0,-0.28714335,0.1503591388463974,0.9345238208770752,0.5327261686325073
YBR158W,YOR349W,0,-0.28752065,0.1503351479768753,0.9345238208770752,0.5328262448310852
YJR076C,YCR089W,0,-0.2878962,0.1503111571073532,0.9345238208770752,0.5329263210296631
YKL197C,YLR017W,0,-0.28818733,0.15028716623783112,0.9345238208770752,0.533026397228241
YDR122W,YPL119C,0,-0.28819603,0.1502632051706314,0.9345238208770752,0.5331264734268188
YGL059W,YBL074C,0,-0.28871343,0.1502392292022705,0.9345238208770752,0.5332266092300415
YDR071C,YBR188C,0,-0.28883722,0.150215283036232,0.9345238208770752,0.5333266854286194
YEL020C,YHR117W,0,-0.2890282,0.1501913219690323,0.9345238208770752,0.5334267616271973
YKL171W,YOR363C,0,-0.28958663,0.15016739070415497,0.9345238208770752,0.5335268378257751
YBR233W-A,YDL103C,0,-0.29043397,0.15014344453811646,0.9345238208770752,0.533626914024353
YGR134W,YLL048C,0,-0.2905318,0.15011952817440033,0.9345238208770752,0.5337269902229309
YIL134W,YKL201C,0,-0.29111722,0.150095596909523,0.9345238208770752,0.5338270664215088
YMR033W,YHR139C,0,-0.2915546,0.15007169544696808,0.9345238208770752,0.5339271426200867
YGR088W,YIL013C,0,-0.2916828,0.15004777908325195,0.9345238208770752,0.5340272188186646
YMR209C,YAL008W,0,-0.2923376,0.15002389252185822,0.9345238208770752,0.5341272950172424
YMR308C,YCR027C,0,-0.29237962,0.15000000596046448,0.9345238208770752,0.5342273712158203
YOL148C,YPL129W,0,-0.2923973,0.14997611939907074,0.9345238208770752,0.5343274474143982
YKL073W,YOR124C,0,-0.2927894,0.1499522477388382,0.9345238208770752,0.5344275236129761
YBR233W-A,YML072C,0,-0.293256,0.14992837607860565,0.9345238208770752,0.534527599811554
YLR247C,YOR066W,0,-0.29337102,0.1499045193195343,0.9345238208770752,0.5346276760101318
YBR204C,YKR007W,0,-0.29379445,0.14988066256046295,0.9345238208770752,0.5347278118133545
YHR005C,YKL201C,0,-0.2942797,0.1498568207025528,0.9345238208770752,0.5348278880119324
YDR538W,YLR074C,0,-0.29476178,0.14983299374580383,0.9345238208770752,0.5349279642105103
YBL033C,YPL029W,0,-0.2947795,0.14980916678905487,0.9345238208770752,0.5350280404090881
YLR074C,YDL052C,0,-0.2948201,0.1497853398323059,0.9345238208770752,0.535128116607666
YJL094C,YFR013W,0,-0.29541677,0.14976152777671814,0.9345238208770752,0.5352281928062439
YDL075W,YIL132C,0,-0.29548204,0.14973771572113037,0.9345238208770752,0.5353282690048218
YBR034C,YPR183W,0,-0.2956626,0.1497139185667038,0.9345238208770752,0.5354283452033997
YNL331C,YMR282C,0,-0.29591814,0.14969013631343842,0.9345238208770752,0.5355284214019775
YJL099W,YPR038W,0,-0.29659957,0.14966635406017303,0.9345238208770752,0.5356284976005554
YNL078W,YNL336W,0,-0.29686064,0.14964257180690765,0.9345238208770752,0.5357285737991333
YDR058C,YNL232W,0,-0.2968756,0.14961880445480347,0.9345238208770752,0.5358286499977112
YOL107W,YDR319C,0,-0.29694068,0.14959505200386047,0.9345238208770752,0.5359287261962891
YLL054C,YNL230C,0,-0.29759422,0.14957129955291748,0.9345238208770752,0.5360288023948669
YKR069W,YIR026C,0,-0.29772744,0.1495475471019745,0.9345238208770752,0.5361288785934448
YMR211W,YDL171C,0,-0.29812977,0.1495238095521927,0.9345238208770752,0.5362289547920227
YJL107C,YDL231C,0,-0.29842228,0.1495000720024109,0.9345238208770752,0.5363290905952454
YKR048C,YHL002W,0,-0.29856372,0.14947634935379028,0.9345238208770752,0.5364291667938232
YNL207W,YNL078W,0,-0.2995465,0.14945264160633087,0.9345238208770752,0.5365292429924011
YML118W,YGR152C,0,-0.3004044,0.14942893385887146,0.9345238208770752,0.536629319190979
YFR025C,YIL111W,0,-0.30059782,0.14940524101257324,0.9345238208770752,0.5367293953895569
YDR109C,YDR279W,0,-0.30094525,0.14938154816627502,0.9345238208770752,0.5368294715881348
YKR001C,YDL247W,0,-0.30111358,0.1493578553199768,0.9345238208770752,0.5369295477867126
YPL007C,YKR099W,0,-0.30125386,0.14933417737483978,0.9345238208770752,0.5370296239852905
YDR462W,YHR184W,0,-0.30154395,0.14931051433086395,0.9345238208770752,0.5371297001838684
YER071C,YGL059W,0,-0.30183944,0.14928685128688812,0.9345238208770752,0.5372297763824463
YIL119C,YKR027W,0,-0.3018884,0.1492631882429123,0.9345238208770752,0.5373298525810242
YJL083W,YDR489W,0,-0.30190465,0.14923954010009766,0.9345238208770752,0.537429928779602
YFR031C,YDR056C,0,-0.30247864,0.1492159068584442,0.9345238208770752,0.5375300049781799
YDR096W,YPL139C,0,-0.30304125,0.14919227361679077,0.9345238208770752,0.5376300811767578
YDR214W,YDR495C,0,-0.30326942,0.14916864037513733,0.9345238208770752,0.5377301573753357
YOL112W,YLR260W,0,-0.30369174,0.14914502203464508,0.9345238208770752,0.5378302931785583
YKL004W,YJL189W,0,-0.30389485,0.14912141859531403,0.9345238208770752,0.5379303693771362
YMR262W,YBR106W,0,-0.30405104,0.14909781515598297,0.9345238208770752,0.5380304455757141
YDR090C,YNL194C,0,-0.3040803,0.1490742266178131,0.9345238208770752,0.538130521774292
YPL097W,YLR210W,0,-0.3041495,0.14905063807964325,0.9345238208770752,0.5382305979728699
YOR371C,YLR242C,0,-0.30439013,0.1490270495414734,0.9345238208770752,0.5383306741714478
YHR096C,YDR044W,0,-0.30449948,0.14900347590446472,0.9345238208770752,0.5384307503700256
YGR278W,YJR032W,0,-0.30472445,0.14897991716861725,0.9345238208770752,0.5385308265686035
YLL012W,YOR372C,0,-0.30481318,0.14895635843276978,0.9345238208770752,0.5386309027671814
YKL032C,YIR033W,0,-0.30485713,0.1489327996969223,0.9345238208770752,0.5387309789657593
YPR167C,YDR495C,0,-0.3053419,0.14890927076339722,0.9345238208770752,0.5388310551643372
YLR439W,YKR035W-A,0,-0.30569842,0.14888572692871094,0.9345238208770752,0.538931131362915
YBL033C,YHR139C,0,-0.306018,0.14886219799518585,0.9345238208770752,0.5390312075614929
YMR262W,YGL094C,1,-0.30604205,0.14899668097496033,0.9355158805847168,0.5390312075614929
YIL122W,YGR124W,0,-0.30645803,0.14897313714027405,0.9355158805847168,0.5391312837600708
YDL051W,YKL168C,0,-0.30665967,0.14894960820674896,0.9355158805847168,0.5392313599586487
YGL250W,YDL193W,0,-0.30681872,0.14892609417438507,0.9355158805847168,0.5393314361572266
YLR404W,YMR232W,0,-0.3068278,0.14890258014202118,0.9355158805847168,0.5394315719604492
YDR266C,YDL202W,0,-0.30684313,0.1488790661096573,0.9355158805847168,0.5395316481590271
YGR236C,YHR096C,0,-0.30698285,0.1488555669784546,0.9355158805847168,0.539631724357605
YPL231W,YGL168W,0,-0.30742922,0.1488320678472519,0.9355158805847168,0.5397318005561829
YDR334W,YJL117W,0,-0.3075235,0.1488085836172104,0.9355158805847168,0.5398318767547607
YLR247C,YOR212W,0,-0.30754712,0.14878509938716888,0.9355158805847168,0.5399319529533386
YLR080W,YDR523C,0,-0.30772373,0.14876163005828857,0.9355158805847168,0.5400320291519165
YDR055W,YDR386W,0,-0.3080404,0.14873817563056946,0.9355158805847168,0.5401321053504944
YDL113C,YDL045W-A,0,-0.30857134,0.14871472120285034,0.9355158805847168,0.5402321815490723
YDL135C,YIR033W,0,-0.3096696,0.14869126677513123,0.9355158805847168,0.5403322577476501
YML059C,YER087C-A,0,-0.30986324,0.1486678272485733,0.9355158805847168,0.540432333946228
YJL192C,YLR288C,0,-0.31006604,0.14864438772201538,0.9355158805847168,0.5405324101448059
YFL008W,YLR079W,0,-0.31019777,0.14862096309661865,0.9355158805847168,0.5406324863433838
YHL034C,YDR235W,0,-0.31021333,0.14859753847122192,0.9355158805847168,0.5407325625419617
YNL270C,YKR034W,0,-0.31126934,0.1485741287469864,0.9355158805847168,0.5408326387405396
YDR523C,YNL236W,0,-0.3115898,0.14855071902275085,0.9355158805847168,0.5409327745437622
YLR211C,YNL037C,0,-0.31164375,0.1485273241996765,0.9355158805847168,0.5410328507423401
YBL058W,YBR037C,0,-0.31187275,0.14850394427776337,0.9355158805847168,0.541132926940918
YGL156W,YER078C,0,-0.3120467,0.14848054945468903,0.9355158805847168,0.5412330031394958
YNL309W,YMR157C,0,-0.31223255,0.14845718443393707,0.9355158805847168,0.5413330793380737
YGL095C,YDL247W,0,-0.31255385,0.14843380451202393,0.9355158805847168,0.5414331555366516
YEL059C-A,YGR177C,0,-0.31289357,0.14841045439243317,0.9355158805847168,0.5415332317352295
YJL059W,YPL123C,0,-0.3129038,0.1483870893716812,0.9355158805847168,0.5416333079338074
YNL065W,YJL001W,0,-0.31301817,0.14836375415325165,0.9355158805847168,0.5417333841323853
YFR031C,YGR227W,0,-0.3130442,0.14834041893482208,0.9355158805847168,0.5418334603309631
YBR241C,YCR003W,0,-0.31304452,0.14831708371639252,0.9355158805847168,0.541933536529541
YML118W,YDR430C,0,-0.31306556,0.14829376339912415,0.9355158805847168,0.5420336127281189
YMR243C,YNR052C,0,-0.31316718,0.14827044308185577,0.9355158805847168,0.5421336889266968
YPL231W,YAR002W,0,-0.31377563,0.1482471376657486,0.9355158805847168,0.5422337651252747
YOR093C,YOR099W,0,-0.31434572,0.14822383224964142,0.9355158805847168,0.5423338413238525
YLR204W,YHR156C,0,-0.31526437,0.14820054173469543,0.9355158805847168,0.5424339175224304
YLR021W,YMR258C,0,-0.3159756,0.14817725121974945,0.9355158805847168,0.5425340533256531
YPL078C,YML031W,0,-0.31600472,0.14815396070480347,0.9355158805847168,0.542634129524231
YPL266W,YGL077C,0,-0.31627572,0.14813069999217987,0.9355158805847168,0.5427342057228088
YBL101C,YPL199C,0,-0.3163505,0.14810742437839508,0.9355158805847168,0.5428342819213867
YPL121C,YPR073C,0,-0.31686926,0.14808416366577148,0.9355158805847168,0.5429343581199646
YIL117C,YFL009W,0,-0.31735322,0.14806091785430908,0.9355158805847168,0.5430344343185425
YGL129C,YGR006W,0,-0.3175541,0.14803767204284668,0.9355158805847168,0.5431345105171204
YMR209C,YLR219W,0,-0.31765282,0.14801444113254547,0.9355158805847168,0.5432345867156982
YDR263C,YBR098W,1,-0.31767333,0.14814814925193787,0.9365079402923584,0.5432345867156982
YLR337C,YJL044C,0,-0.31804222,0.14812490344047546,0.9365079402923584,0.5433346629142761
YBR156C,YHR122W,0,-0.31814727,0.14810165762901306,0.9365079402923584,0.543434739112854
YNL115C,YPL100W,0,-0.31822902,0.14807842671871185,0.9365079402923584,0.5435348153114319
YHR122W,YGR074W,0,-0.31909397,0.14805521070957184,0.9365079402923584,0.5436348915100098
YGL048C,YKL211C,0,-0.31950554,0.14803199470043182,0.9365079402923584,0.5437349677085876
YPL053C,YIL122W,0,-0.3198845,0.1480087786912918,0.9365079402923584,0.5438350439071655
YLR439W,YDL119C,0,-0.32029983,0.147985577583313,0.9365079402923584,0.5439351201057434
YNL067W,YDR092W,0,-0.3206021,0.14796237647533417,0.9365079402923584,0.5440352559089661
YKL011C,YKR034W,0,-0.32076904,0.14793919026851654,0.9365079402923584,0.544135332107544
YHR002W,YPL121C,0,-0.32098082,0.1479160189628601,0.9365079402923584,0.5442354083061218
YNR027W,YOR223W,0,-0.3211611,0.14789284765720367,0.9365079402923584,0.5443354845046997
YMR284W,YLL049W,0,-0.32141817,0.14786967635154724,0.9365079402923584,0.5444355607032776
YER094C,YGR169C,0,-0.32239115,0.147846519947052,0.9365079402923584,0.5445356369018555
YOR009W,YCR089W,0,-0.32248718,0.14782336354255676,0.9365079402923584,0.5446357131004333
YIL016W,YBR139W,0,-0.3228093,0.14780022203922272,0.9365079402923584,0.5447357892990112
YLR008C,YFL009W,0,-0.32290685,0.14777708053588867,0.9365079402923584,0.5448358654975891
YER062C,YNL230C,0,-0.3233406,0.14775395393371582,0.9365079402923584,0.544935941696167
YBR247C,YLR204W,0,-0.32341743,0.14773082733154297,0.9365079402923584,0.5450360178947449
YDR055W,YER033C,0,-0.323636,0.1477077156305313,0.9365079402923584,0.5451360940933228
YOL107W,YMR212C,0,-0.32402906,0.14768460392951965,0.9365079402923584,0.5452361702919006
YER087C-B,YBR014C,0,-0.32482174,0.1476615071296692,0.9365079402923584,0.5453362464904785
YPR045C,YMR028W,0,-0.3256066,0.14763841032981873,0.9365079402923584,0.5454363226890564
YML059C,YHR156C,0,-0.32620487,0.14761532843112946,0.9365079402923584,0.545536458492279
YJL196C,YFL054C,0,-0.32632574,0.14759224653244019,0.9365079402923584,0.5456365346908569
YLR092W,YBL019W,0,-0.3269247,0.1475691795349121,0.9365079402923584,0.5457366108894348
YIL013C,YBR154C,0,-0.32703874,0.14754611253738403,0.9365079402923584,0.5458366870880127
YKR087C,YOR234C,0,-0.32713902,0.14752304553985596,0.9365079402923584,0.5459367632865906
YKR001C,YPL183W-A,0,-0.32719418,0.14749999344348907,0.9365079402923584,0.5460368394851685
YBR191W,YDR338C,0,-0.32760864,0.1474769562482834,0.9365079402923584,0.5461369156837463
YPL266W,YFR050C,0,-0.32760945,0.1474539190530777,0.9365079402923584,0.5462369918823242
YHR151C,YML011C,0,-0.3278864,0.1474308967590332,0.9365079402923584,0.5463370680809021
YPL186C,YGR168C,0,-0.327984,0.1474078744649887,0.9365079402923584,0.54643714427948
YKL052C,YKL011C,0,-0.32858327,0.1473848521709442,0.9365079402923584,0.5465372204780579
YOL130W,YNL177C,0,-0.32879403,0.1473618447780609,0.9365079402923584,0.5466372966766357
YPR167C,YBR221C,0,-0.32908756,0.1473388522863388,0.9365079402923584,0.5467373728752136
YER117W,YDR334W,0,-0.32911283,0.1473158597946167,0.9365079402923584,0.5468374490737915
YMR119W,YJR010W,0,-0.32977378,0.1472928673028946,0.9365079402923584,0.5469375252723694
YLR432W,YAL043C,0,-0.3299592,0.14726988971233368,0.9365079402923584,0.5470376014709473
YNL049C,YOL073C,0,-0.33009985,0.14724691212177277,0.9365079402923584,0.5471377372741699
YEL059C-A,YER183C,0,-0.33067846,0.14722394943237305,0.9365079402923584,0.5472378134727478
YEL059C-A,YHR046C,0,-0.3308339,0.14720100164413452,0.9365079402923584,0.5473378896713257
YBR071W,YPR105C,0,-0.3313628,0.147178053855896,0.9365079402923584,0.5474379658699036
YMR190C,YBR145W,0,-0.3313755,0.14715510606765747,0.9365079402923584,0.5475380420684814
YER078C,YDR002W,0,-0.33147267,0.14713217318058014,0.9365079402923584,0.5476381182670593
YMR243C,YER111C,0,-0.3317622,0.1471092402935028,0.9365079402923584,0.5477381944656372
YCR007C,YGL126W,0,-0.33182028,0.14708632230758667,0.9365079402923584,0.5478382706642151
YGL064C,YAL028W,0,-0.3319025,0.14706340432167053,0.9365079402923584,0.547938346862793
YDL246C,YNL309W,0,-0.33192116,0.1470405012369156,0.9365079402923584,0.5480384230613708
YMR104C,YJR005W,0,-0.33198306,0.14701759815216064,0.9365079402923584,0.5481384992599487
YKR071C,YGR163W,0,-0.33199456,0.1469947099685669,0.9365079402923584,0.5482385754585266
YOR251C,YOL151W,0,-0.33230394,0.14697182178497314,0.9365079402923584,0.5483386516571045
YIR021W,YOR110W,0,-0.3323065,0.1469489485025406,0.9365079402923584,0.5484387278556824
YBR227C,YMR210W,0,-0.33234587,0.14692607522010803,0.9365079402923584,0.5485388040542603
YNL080C,YOR083W,0,-0.33269337,0.14690320193767548,0.9365079402923584,0.5486389398574829
YOL163W,YHR002W,0,-0.3328936,0.1468803435564041,0.9365079402923584,0.5487390160560608
YJL210W,YDR055W,0,-0.33326533,0.14685750007629395,0.9365079402923584,0.5488390922546387
YOR174W,YMR302C,0,-0.33370483,0.14683465659618378,0.9365079402923584,0.5489391684532166
YDR540C,YPR009W,0,-0.33371678,0.1468118131160736,0.9365079402923584,0.5490392446517944
YNL115C,YNL067W,0,-0.3338901,0.14678898453712463,0.9365079402923584,0.5491393208503723
YKL149C,YLR432W,0,-0.33393505,0.14676617085933685,0.9365079402923584,0.5492393970489502
YOR147W,YPR167C,0,-0.33393708,0.14674335718154907,0.9365079402923584,0.5493394732475281
YLR242C,YJR010W,0,-0.33407113,0.1467205435037613,0.9365079402923584,0.549439549446106
YJL185C,YNR052C,0,-0.3342878,0.1466977447271347,0.9365079402923584,0.5495396256446838
YFR004W,YNR027W,0,-0.33466023,0.14667494595050812,0.9365079402923584,0.5496397018432617
YJR033C,YKL006C-A,0,-0.33478805,0.14665216207504272,0.9365079402923584,0.5497397780418396
YOR066W,YKL038W,0,-0.33486786,0.14662939310073853,0.9365079402923584,0.5498398542404175
YDL117W,YJR017C,0,-0.33489618,0.14660660922527313,0.9365079402923584,0.5499399304389954
YHR064C,YML075C,0,-0.33506182,0.14658385515213013,0.9365079402923584,0.5500400066375732
YLR275W,YBR148W,0,-0.33522227,0.14656108617782593,0.9365079402923584,0.5501400828361511
YNR031C,YHR058C,0,-0.3355319,0.14653834700584412,0.9365079402923584,0.5502402186393738
YER154W,YOR007C,0,-0.3355506,0.1465155929327011,0.9365079402923584,0.5503402948379517
YMR262W,YJR043C,1,-0.3355812,0.14664804935455322,0.9375,0.5503402948379517
YDR266C,YMR033W,0,-0.3356462,0.14662529528141022,0.9375,0.5504403710365295
YCR034W,YKR099W,0,-0.33566388,0.1466025412082672,0.9375,0.5505404472351074
YNL289W,YDR119W,0,-0.33569407,0.1465798020362854,0.9375,0.5506405234336853
YDR523C,YGL237C,0,-0.33626327,0.14655707776546478,0.9375,0.5507405996322632
YCL025C,YPR089W,0,-0.33689347,0.14653435349464417,0.9375,0.5508406758308411
YKR001C,YLR452C,0,-0.33695838,0.14651162922382355,0.9375,0.550940752029419
YMR157C,YPL170W,0,-0.3372596,0.14648891985416412,0.9375,0.5510408282279968
YIL044C,YGR170W,0,-0.33760658,0.1464662104845047,0.9375,0.5511409044265747
YGR088W,YOL094C,0,-0.3389623,0.14644351601600647,0.9375,0.5512409806251526
YMR010W,YDR471W,0,-0.33913884,0.14642082154750824,0.9375,0.5513410568237305
YJR014W,YJR010W,0,-0.33941674,0.1463981419801712,0.9375,0.5514411330223083
YER018C,YMR190C,0,-0.33943158,0.14637546241283417,0.9375,0.5515412092208862
YOR151C,YHR039C-A,0,-0.3397027,0.14635279774665833,0.9375,0.5516412854194641
YOR329C,YAL059W,0,-0.34007287,0.14633013308048248,0.9375,0.5517414212226868
YBL058W,YMR214W,0,-0.3401475,0.14630748331546783,0.9375,0.5518414974212646
YDR118W,YGR177C,0,-0.34029698,0.14628483355045319,0.9375,0.5519415736198425
YHR178W,YPL098C,0,-0.3403271,0.14626218378543854,0.9375,0.5520416498184204
YKL173W,YFR051C,0,-0.34068373,0.14623954892158508,0.9375,0.5521417260169983
YBL084C,YKL056C,0,-0.34082833,0.14621692895889282,0.9375,0.5522418022155762
YBR139W,YPR043W,0,-0.34087613,0.14619430899620056,0.9375,0.552341878414154
YDL245C,YMR284W,0,-0.3409241,0.1461716890335083,0.9375,0.5524419546127319
YHR028C,YGL171W,0,-0.3412489,0.14614908397197723,0.9375,0.5525420308113098
YOL148C,YGR262C,0,-0.34182364,0.14612649381160736,0.9375,0.5526421070098877
YLR216C,YMR142C,0,-0.34192967,0.1461038887500763,0.9375,0.5527421832084656
YKL189W,YOR255W,0,-0.34256768,0.14608131349086761,0.9375,0.5528422594070435
YER176W,YBL046W,0,-0.34273174,0.14605873823165894,0.9375,0.5529423356056213
YHR209W,YLR005W,0,-0.34275645,0.14603616297245026,0.9375,0.5530424118041992
YOL087C,YLL049W,0,-0.34284356,0.14601360261440277,0.9375,0.5531424880027771
YBR180W,YKR087C,0,-0.34285823,0.14599104225635529,0.9375,0.5532426238059998
YLR293C,YGR227W,0,-0.34318256,0.1459684818983078,0.9375,0.5533427000045776
YDR400W,YKL074C,0,-0.3432034,0.1459459513425827,0.9375,0.5534427762031555
YGR123C,YEL046C,0,-0.34335038,0.1459234058856964,0.9375,0.5535428524017334
YBL058W,YPL052W,0,-0.34360018,0.1459008753299713,0.9375,0.5536429286003113
YML075C,YDR390C,0,-0.3439841,0.1458783596754074,0.9375,0.5537430047988892
YLR320W,YBR221C,0,-0.34426126,0.1458558440208435,0.9375,0.553843080997467
YNR076W,YDR118W,0,-0.34428087,0.1458333283662796,0.9375,0.5539431571960449
YPL083C,YMR287C,1,-0.344422,0.14596512913703918,0.9384920597076416,0.5539431571960449
YIL095W,YGL181W,0,-0.34467688,0.14594261348247528,0.9384920597076416,0.5540432333946228
YEL016C,YBR163W,1,-0.3451209,0.1460743546485901,0.9394841194152832,0.5540432333946228
YBR261C,YHL002W,0,-0.34523943,0.146051824092865,0.9394841194152832,0.5541433095932007
YDL047W,YKR084C,0,-0.34544107,0.1460292935371399,0.9394841194152832,0.5542433857917786
YLR251W,YMR282C,0,-0.34544334,0.146006777882576,0.9394841194152832,0.5543434619903564
YMR284W,YDL230W,0,-0.34545293,0.14598427712917328,0.9394841194152832,0.5544435381889343
YNL107W,YOR236W,0,-0.34592953,0.14596177637577057,0.9394841194152832,0.5545436143875122
YEL062W,YOR234C,0,-0.3460938,0.14593927562236786,0.9394841194152832,0.5546436905860901
YKR069W,YOR279C,0,-0.3464878,0.14591678977012634,0.9394841194152832,0.554743766784668
YPL026C,YPL146C,0,-0.34656885,0.14589431881904602,0.9394841194152832,0.5548439025878906
YHR100C,YPL188W,0,-0.3473843,0.1458718478679657,0.9394841194152832,0.5549439787864685
YBR002C,YCL018W,0,-0.34752318,0.14584937691688538,0.9394841194152832,0.5550440549850464
YJL094C,YIL134W,0,-0.34760323,0.14582692086696625,0.9394841194152832,0.5551441311836243
YNL177C,YGR099W,0,-0.3476781,0.14580446481704712,0.9394841194152832,0.5552442073822021
YPL134C,YNL236W,0,-0.34795955,0.14578202366828918,0.9394841194152832,0.55534428358078
YML127W,YCL063W,0,-0.34796867,0.14575958251953125,0.9394841194152832,0.5554443597793579
YPL078C,YOR255W,0,-0.3487172,0.1457371562719345,0.9394841194152832,0.5555444359779358
YBR016W,YMR308C,0,-0.3489028,0.14571473002433777,0.9394841194152832,0.5556445121765137
YKL052C,YAL028W,0,-0.34994093,0.14569230377674103,0.9394841194152832,0.5557445883750916
YJL144W,YJR005W,0,-0.350866,0.14566989243030548,0.9394841194152832,0.5558446645736694
YOL073C,YGR074W,0,-0.35087088,0.14564749598503113,0.9394841194152832,0.5559447407722473
YNL067W,YOL010W,0,-0.35106263,0.14562509953975677,0.9394841194152832,0.5560448169708252
YDR386W,YKL011C,1,-0.35121402,0.14575645327568054,0.9404761791229248,0.5560448169708252
YHR100C,YNL055C,0,-0.35138717,0.1457340568304062,0.9404761791229248,0.5561448931694031
YDL245C,YML127W,0,-0.35169527,0.14571164548397064,0.9404761791229248,0.556244969367981
YDR235W,YOR332W,0,-0.3518642,0.14568926393985748,0.9404761791229248,0.5563451051712036
YMR169C,YKL065C,0,-0.3525463,0.14566686749458313,0.9404761791229248,0.5564451813697815
YEL068C,YGL047W,0,-0.35271618,0.14564448595046997,0.9404761791229248,0.5565452575683594
YEL020C,YDR390C,0,-0.35277852,0.145622119307518,0.9404761791229248,0.5566453337669373
YDR522C,YJL102W,0,-0.35314193,0.14559975266456604,0.9404761791229248,0.5567454099655151
YHR112C,YLR260W,0,-0.3534045,0.14557740092277527,0.9404761791229248,0.556845486164093
YBR221C,YCL031C,0,-0.35358116,0.1455550491809845,0.9404761791229248,0.5569455623626709
YJR009C,YOL022C,0,-0.35370335,0.14553269743919373,0.9404761791229248,0.5570456385612488
YGR234W,YBR168W,0,-0.3545312,0.14551036059856415,0.9404761791229248,0.5571457147598267
YBL084C,YPR045C,0,-0.3545315,0.14548802375793457,0.9404761791229248,0.5572457909584045
YPR173C,YLL041C,0,-0.3546566,0.1454657018184662,0.9404761791229248,0.5573458671569824
YBR062C,YOL066C,0,-0.35481015,0.145443394780159,0.9404761791229248,0.5574459433555603
YLL001W,YIL009W,0,-0.35498506,0.1454210728406906,0.9404761791229248,0.5575460195541382
YOR261C,YLR116W,0,-0.35519964,0.14539876580238342,0.9404761791229248,0.5576460957527161
YJL170C,YOR354C,0,-0.35540912,0.14537647366523743,0.9404761791229248,0.557746171951294
YJL196C,YDL045W-A,0,-0.35541922,0.14535418152809143,0.9404761791229248,0.5578462481498718
YOR368W,YDR092W,0,-0.35568866,0.14533190429210663,0.9404761791229248,0.5579463839530945
YPL123C,YLR154C,1,-0.35585856,0.14546290040016174,0.9414682388305664,0.5579463839530945
YNL289W,YKL149C,0,-0.35592595,0.14544060826301575,0.9414682388305664,0.5580464601516724
YDL054C,YOR255W,0,-0.356073,0.14541833102703094,0.9414682388305664,0.5581465363502502
YNL197C,YEL015W,0,-0.35662693,0.14539605379104614,0.9414682388305664,0.5582466125488281
YNL055C,YAL043C,0,-0.35712546,0.14537377655506134,0.9414682388305664,0.558346688747406
YDL225W,YDR018C,0,-0.35731438,0.14535151422023773,0.9414682388305664,0.5584467649459839
YJR078W,YGR102C,0,-0.35732058,0.14532925188541412,0.9414682388305664,0.5585468411445618
YOR363C,YIL173W,0,-0.35824984,0.1453070044517517,0.9414682388305664,0.5586469173431396
YNR035C,YGR270W,0,-0.35825363,0.1452847570180893,0.9414682388305664,0.5587469935417175
YDR064W,YDR484W,0,-0.35891345,0.14526250958442688,0.9414682388305664,0.5588470697402954
YAR002W,YOR110W,0,-0.35897303,0.14524027705192566,0.9414682388305664,0.5589471459388733
YBR265W,YAL002W,0,-0.35933152,0.14521805942058563,0.9414682388305664,0.5590472221374512
YPR020W,YMR179W,0,-0.35934088,0.1451958417892456,0.9414682388305664,0.559147298336029
YER041W,YNL262W,1,-0.35977,0.14532659947872162,0.942460298538208,0.559147298336029
YPL169C,YPR110C,0,-0.36007318,0.1453043818473816,0.942460298538208,0.5592473745346069
YGR092W,YPL012W,0,-0.3601899,0.14528214931488037,0.942460298538208,0.5593474507331848
YMR259C,YLR166C,0,-0.36095175,0.14525993168354034,0.942460298538208,0.5594475865364075
YGR047C,YLR014C,0,-0.36095697,0.1452377289533615,0.942460298538208,0.5595476627349854
YKR027W,YOL061W,0,-0.36098367,0.14521552622318268,0.942460298538208,0.5596477389335632
YNL238W,YLR447C,0,-0.361797,0.14519333839416504,0.942460298538208,0.5597478151321411
YBR149W,YDR110W,0,-0.36284763,0.1451711505651474,0.942460298538208,0.559847891330719
YAR071W,YBR148W,0,-0.36309847,0.14514896273612976,0.942460298538208,0.5599479675292969
YAL034W-A,YBL098W,0,-0.3632036,0.14512678980827332,0.942460298538208,0.5600480437278748
YEL059C-A,YPR080W,0,-0.36357626,0.14510463178157806,0.942460298538208,0.5601481199264526
YFR045W,YGR124W,0,-0.36363032,0.1450824737548828,0.942460298538208,0.5602481961250305
YOR274W,YBR019C,0,-0.36440185,0.14506031572818756,0.942460298538208,0.5603482723236084
YJL170C,YIL036W,0,-0.36474365,0.1450381726026535,0.942460298538208,0.5604483485221863
YNL314W,YPR115W,0,-0.36561456,0.14501602947711945,0.942460298538208,0.5605484247207642
YDR536W,YLR227C,0,-0.36570922,0.14499390125274658,0.942460298538208,0.560648500919342
YDR093W,YDR018C,0,-0.3657235,0.14497177302837372,0.942460298538208,0.5607485771179199
YMR300C,YAL028W,0,-0.36588743,0.14494964480400085,0.942460298538208,0.5608486533164978
YOR005C,YDR312W,0,-0.3659806,0.14492753148078918,0.942460298538208,0.5609487295150757
YHR011W,YCL058C,0,-0.36650902,0.1449054330587387,0.942460298538208,0.5610488653182983
YLR251W,YER087C-B,0,-0.367018,0.14488333463668823,0.942460298538208,0.5611489415168762
YNL085W,YPL022W,1,-0.36706296,0.1450137197971344,0.9434523582458496,0.5611489415168762
YOL096C,YGL190C,0,-0.36746356,0.14499162137508392,0.9434523582458496,0.5612490177154541
YER033C,YOL143C,0,-0.36751017,0.14496950805187225,0.9434523582458496,0.561349093914032
YPL123C,YML081W,0,-0.36794326,0.14494740962982178,0.9434523582458496,0.5614491701126099
YOR354C,YNL084C,0,-0.36810243,0.1449253261089325,0.9434523582458496,0.5615492463111877
YBL084C,YJR017C,0,-0.3681173,0.1449032425880432,0.9434523582458496,0.5616493225097656
YDR254W,YPL199C,0,-0.36825946,0.14488117396831512,0.9434523582458496,0.5617493987083435
YLL048C,YGR227W,0,-0.36866882,0.14485910534858704,0.9434523582458496,0.5618494749069214
YPL163C,YDL185W,0,-0.36927134,0.14483703672885895,0.9434523582458496,0.5619495511054993
YDR091C,YAL055W,0,-0.36952195,0.14481498301029205,0.9434523582458496,0.5620496273040771
YKL119C,YNL084C,0,-0.3697456,0.14479292929172516,0.9434523582458496,0.562149703502655
YPL231W,YHL025W,0,-0.37021628,0.14477089047431946,0.9434523582458496,0.5622497797012329
YNR020C,YNL334C,0,-0.3703301,0.14474885165691376,0.9434523582458496,0.5623498558998108
YLR178C,YDR338C,0,-0.3710561,0.14472682774066925,0.9434523582458496,0.5624499320983887
YDR266C,YPL259C,0,-0.37151557,0.14470480382442474,0.9434523582458496,0.5625500679016113
YGR048W,YJL198W,0,-0.3715236,0.14468279480934143,0.9434523582458496,0.5626501441001892
YDR096W,YDR334W,0,-0.37197807,0.14466078579425812,0.9434523582458496,0.5627502202987671
YDR223W,YBR204C,0,-0.3724273,0.1446387767791748,0.9434523582458496,0.562850296497345
YLR356W,YBL007C,0,-0.37252232,0.14461678266525269,0.9434523582458496,0.5629503726959229
YHR085W,YAL062W,0,-0.37299547,0.14459480345249176,0.9434523582458496,0.5630504488945007
YGR204W,YKR044W,0,-0.37309787,0.14457282423973083,0.9434523582458496,0.5631505250930786
YCR089W,YDR454C,0,-0.37333706,0.1445508450269699,0.9434523582458496,0.5632506012916565
YNL021W,YDR298C,0,-0.3734816,0.14452888071537018,0.9434523582458496,0.5633506774902344
YMR169C,YIL119C,0,-0.373683,0.14450691640377045,0.9434523582458496,0.5634507536888123
YOR372C,YAL042W,0,-0.37383258,0.14448495209217072,0.9434523582458496,0.5635508298873901
YGL079W,YDR392W,0,-0.3740494,0.14446301758289337,0.9434523582458496,0.563650906085968
YMR074C,YMR160W,0,-0.37408397,0.14444106817245483,0.9434523582458496,0.5637509822845459
YBR180W,YJL117W,0,-0.374091,0.1444191336631775,0.9434523582458496,0.5638510584831238
YPL139C,YKL168C,0,-0.37460008,0.14439719915390015,0.9434523582458496,0.5639511346817017
YLL054C,YPL196W,0,-0.3746898,0.144375279545784,0.9434523582458496,0.5640512704849243
YOR329C,YLL001W,0,-0.3747085,0.14435337483882904,0.9434523582458496,0.5641513466835022
YNL289W,YJL117W,0,-0.37472063,0.1443314552307129,0.9434523582458496,0.5642514228820801
YDL150W,YGR100W,0,-0.37487015,0.14430956542491913,0.9434523582458496,0.564351499080658
YHR142W,YMR124W,0,-0.37509733,0.14428766071796417,0.9434523582458496,0.5644515752792358
YNL281W,YBL075C,0,-0.3751258,0.1442657709121704,0.9434523582458496,0.5645516514778137
YDR458C,YGL126W,0,-0.37534666,0.14424389600753784,0.9434523582458496,0.5646517276763916
YHR074W,YOL098C,0,-0.37536559,0.14422202110290527,0.9434523582458496,0.5647518038749695
YOR363C,YMR060C,0,-0.37583655,0.1442001461982727,0.9434523582458496,0.5648518800735474
YGR010W,YDR185C,0,-0.3759798,0.14417828619480133,0.9434523582458496,0.5649519562721252
YIL044C,YBR241C,0,-0.37607273,0.14415644109249115,0.9434523582458496,0.5650520324707031
YDR400W,YJR005W,0,-0.37625054,0.14413458108901978,0.9434523582458496,0.565152108669281
YFR036W,YLR203C,0,-0.37639648,0.1441127508878708,0.9434523582458496,0.5652521848678589
YOR329C,YLR144C,0,-0.37644652,0.1440909057855606,0.9434523582458496,0.5653522610664368
YPR020W,YDL049C,0,-0.37646836,0.14406907558441162,0.9434523582458496,0.5654523372650146
YDR027C,YDR498C,0,-0.37758428,0.14404726028442383,0.9434523582458496,0.5655524134635925
YER163C,YIL087C,0,-0.37764445,0.14402544498443604,0.9434523582458496,0.5656525492668152
YOR064C,YMR060C,0,-0.37775558,0.14400362968444824,0.9434523582458496,0.5657526254653931
YOL137W,YIL173W,0,-0.37782356,0.14398182928562164,0.9434523582458496,0.565852701663971
YDL135C,YGR169C,0,-0.37860885,0.14396002888679504,0.9434523582458496,0.5659527778625488
YAL055W,YJL102W,0,-0.378948,0.14393824338912964,0.9434523582458496,0.5660528540611267
YPL097W,YHR111W,0,-0.37910736,0.14391645789146423,0.9434523582458496,0.5661529302597046
YGR276C,YBR038W,0,-0.379396,0.14389468729496002,0.9434523582458496,0.5662530064582825
YGL025C,YMR109W,0,-0.37975496,0.1438729166984558,0.9434523582458496,0.5663530826568604
YKL168C,YNR006W,0,-0.3800875,0.1438511610031128,0.9434523582458496,0.5664531588554382
YER078C,YJR010W,0,-0.38015145,0.14382940530776978,0.9434523582458496,0.5665532350540161
YOL042W,YOL010W,1,-0.3804669,0.14395886659622192,0.9444444179534912,0.5665532350540161
YLR119W,YCR002C,0,-0.3805643,0.1439370959997177,0.9444444179534912,0.566653311252594
YKR101W,YIL005W,0,-0.38060495,0.1439153403043747,0.9444444179534912,0.5667533874511719
YFR030W,YDL049C,0,-0.38076565,0.14389358460903168,0.9444444179534912,0.5668534636497498
YLR223C,YKL201C,0,-0.3812786,0.14387184381484985,0.9444444179534912,0.5669535398483276
YOL151W,YJL038C,0,-0.38170972,0.14385010302066803,0.9444444179534912,0.5670536160469055
YBL064C,YMR106C,0,-0.38175455,0.1438283771276474,0.9444444179534912,0.5671537518501282
YPR201W,YBL007C,0,-0.38180164,0.14380665123462677,0.9444444179534912,0.567253828048706
YDR034C,YOL098C,0,-0.38246143,0.14378492534160614,0.9444444179534912,0.5673539042472839
YDL202W,YHR139C,0,-0.38260037,0.1437632143497467,0.9444444179534912,0.5674539804458618
YMR259C,YOR140W,0,-0.3826467,0.14374150335788727,0.9444444179534912,0.5675540566444397
YDL126C,YGL115W,0,-0.38337192,0.14371980726718903,0.9444444179534912,0.5676541328430176
YKR034W,YMR076C,0,-0.3833852,0.14369811117649078,0.9444444179534912,0.5677542090415955
YMR237W,YLR224W,0,-0.38381845,0.14367642998695374,0.9444444179534912,0.5678542852401733
YDR019C,YBR162W-A,0,-0.38397834,0.1436547487974167,0.9444444179534912,0.5679543614387512
YEL039C,YKR081C,0,-0.38406804,0.14363306760787964,0.9444444179534912,0.5680544376373291
YGR010W,YER183C,0,-0.38407275,0.14361140131950378,0.9444444179534912,0.568154513835907
YPL188W,YIL018W,0,-0.38430312,0.14358974993228912,0.9444444179534912,0.5682545900344849
YBL007C,YGR026W,0,-0.38431606,0.14356808364391327,0.9444444179534912,0.5683546662330627
YNR008W,YDL099W,0,-0.38465637,0.1435464471578598,0.9444444179534912,0.5684547424316406
YNL177C,YAL029C,0,-0.38479403,0.14352479577064514,0.9444444179534912,0.5685548186302185
YBR100W,YAL047C,0,-0.38501742,0.14350315928459167,0.9444444179534912,0.5686548948287964
YJR005W,YMR190C,0,-0.3851138,0.1434815376996994,0.9444444179534912,0.568755030632019
YML092C,YML077W,0,-0.38525754,0.14345991611480713,0.9444444179534912,0.5688551068305969
YDR314C,YNL236W,0,-0.38550824,0.14343829452991486,0.9444444179534912,0.5689551830291748
YOR172W,YFR031C,0,-0.3856749,0.14341668784618378,0.9444444179534912,0.5690552592277527
YJR014W,YBR175W,0,-0.38573393,0.1433950960636139,0.9444444179534912,0.5691553354263306
YOR071C,YKR101W,0,-0.38616568,0.1433734893798828,0.9444444179534912,0.5692554116249084
YLR223C,YJL062W,0,-0.38666156,0.14335189759731293,0.9444444179534912,0.5693554878234863
YDL083C,YEL015W,0,-0.38672942,0.14333032071590424,0.9444444179534912,0.5694555640220642
YDL174C,YKL133C,0,-0.38688758,0.14330874383449554,0.9444444179534912,0.5695556402206421
YGR184C,YDL234C,0,-0.38693732,0.14328718185424805,0.9444444179534912,0.56965571641922
YFR051C,YER117W,0,-0.38717514,0.14326561987400055,0.9444444179534912,0.5697557926177979
YHR070W,YAL042W,0,-0.38775828,0.14324405789375305,0.9444444179534912,0.5698558688163757
YHR046C,YGR169C,0,-0.38786155,0.14322251081466675,0.9444444179534912,0.5699559450149536
YHR112C,YDR130C,0,-0.3883899,0.14320096373558044,0.9444444179534912,0.5700560212135315
YKL135C,YCR065W,0,-0.38871273,0.14317943155765533,0.9444444179534912,0.5701560974121094
YOR093C,YJL142C,0,-0.38884073,0.14315789937973022,0.9444444179534912,0.570256233215332
YPR061C,YLR032W,0,-0.38909402,0.14313636720180511,0.9444444179534912,0.5703563094139099
YIL063C,YDR147W,0,-0.39012983,0.1431148499250412,0.9444444179534912,0.5704563856124878
YOR156C,YDR298C,0,-0.3903462,0.14309334754943848,0.9444444179534912,0.5705564618110657
YOR329C,YOR201C,0,-0.39036325,0.14307183027267456,0.9444444179534912,0.5706565380096436
YPR145W,YMR023C,0,-0.3905893,0.14305034279823303,0.9444444179534912,0.5707566142082214
YJL170C,YOR064C,0,-0.39095733,0.1430288404226303,0.9444444179534912,0.5708566904067993
YOR372C,YDR018C,0,-0.3911942,0.14300736784934998,0.9444444179534912,0.5709567666053772
YPL129W,YKL210W,0,-0.39150357,0.14298588037490845,0.9444444179534912,0.5710568428039551
YBR233W-A,YBL061C,0,-0.3916069,0.1429644078016281,0.9444444179534912,0.571156919002533
YNL246W,YPL026C,0,-0.39184302,0.14294295012950897,0.9444444179534912,0.5712569952011108
YEL059C-A,YPL169C,0,-0.39250812,0.14292147755622864,0.9444444179534912,0.5713570713996887
YGR252W,YJL046W,0,-0.39264396,0.1429000347852707,0.9444444179534912,0.5714571475982666
YOL130W,YHL008C,0,-0.39361838,0.14287857711315155,0.9444444179534912,0.5715572237968445
YLR178C,YOL098C,0,-0.39368042,0.1428571492433548,0.9444444179534912,0.5716572999954224
YDR147W,YOL113W,0,-0.3939052,0.14283570647239685,0.9444444179534912,0.5717573761940002
YKL113C,YML091C,1,-0.39444816,0.14296430349349976,0.9454365372657776,0.5717573761940002
YIL168W,YER118C,0,-0.3944876,0.14294284582138062,0.9454365372657776,0.5718575119972229
YKR069W,YHR111W,0,-0.3945005,0.14292141795158386,0.9454365372657776,0.5719575881958008
YNR020C,YIL111W,0,-0.39496577,0.1428999900817871,0.9454365372657776,0.5720576643943787
YIL072W,YLR079W,0,-0.39514172,0.14287856221199036,0.9454365372657776,0.5721577405929565
YER183C,YOR158W,0,-0.39527628,0.1428571492433548,0.9454365372657776,0.5722578167915344
YPL155C,YER117W,0,-0.3956041,0.14283573627471924,0.9454365372657776,0.5723578929901123
YNL265C,YGR081C,0,-0.39573172,0.14281432330608368,0.9454365372657776,0.5724579691886902
YDL164C,YDR377W,0,-0.39647523,0.14279292523860931,0.9454365372657776,0.5725580453872681
YNL107W,YIL165C,0,-0.3965004,0.14277154207229614,0.9454365372657776,0.572658121585846
YDR119W,YDR147W,0,-0.39663163,0.14275014400482178,0.9454365372657776,0.5727581977844238
YKL077W,YHL008C,0,-0.39681265,0.1427287757396698,0.9454365372657776,0.5728582739830017
YDL021W,YOR255W,0,-0.3968404,0.14270739257335663,0.9454365372657776,0.5729583501815796
YKL046C,YKL078W,0,-0.39690432,0.14268602430820465,0.9454365372657776,0.5730584263801575
YBR037C,YOR372C,0,-0.39696595,0.14266467094421387,0.9454365372657776,0.5731585025787354
YEL004W,YNL090W,0,-0.39758512,0.14264331758022308,0.9454365372657776,0.5732585787773132
YPR184W,YJR006W,0,-0.39777806,0.1426219642162323,0.9454365372657776,0.5733587145805359
YMR060C,YGR081C,0,-0.397951,0.1426006257534027,0.9454365372657776,0.5734587907791138
YJL142C,YCL063W,0,-0.398,0.14257928729057312,0.9454365372657776,0.5735588669776917
YER172C,YER069W,0,-0.39867246,0.14255796372890472,0.9454365372657776,0.5736589431762695
YFL055W,YLR144C,0,-0.39882603,0.14253664016723633,0.9454365372657776,0.5737590193748474
YLR352W,YDL119C,0,-0.39903292,0.14251533150672913,0.9454365372657776,0.5738590955734253
YJL200C,YNL249C,0,-0.3992152,0.14249402284622192,0.9454365372657776,0.5739591717720032
YGR028W,YDR317W,0,-0.39925635,0.14247271418571472,0.9454365372657776,0.574059247970581
YOL067C,YBR158W,0,-0.3995736,0.1424514204263687,0.9454365372657776,0.5741593241691589
YBL046W,YGR170W,0,-0.39966074,0.1424301266670227,0.9454365372657776,0.5742594003677368
YDL246C,YDR392W,0,-0.39984187,0.1424088478088379,0.9454365372657776,0.5743594765663147
YOL107W,YAL005C,0,-0.39985612,0.14238756895065308,0.9454365372657776,0.5744595527648926
YDR334W,YDR279W,0,-0.39998838,0.14236630499362946,0.9454365372657776,0.5745596289634705
YIR023W,YML076C,0,-0.40001637,0.14234504103660583,0.9454365372657776,0.5746597051620483
YMR227C,YML085C,0,-0.400347,0.14232377707958221,0.9454365372657776,0.5747597813606262
YNR020C,YNL230C,0,-0.40084723,0.1423025280237198,0.9454365372657776,0.5748599171638489
YDL201W,YDL185W,0,-0.4013259,0.14228127896785736,0.9454365372657776,0.5749599933624268
YOL051W,YHR107C,0,-0.4013493,0.14226004481315613,0.9454365372657776,0.5750600695610046
YDL031W,YGL126W,0,-0.4014376,0.1422388106584549,0.9454365372657776,0.5751601457595825
YHR178W,YJL189W,0,-0.40185487,0.14221757650375366,0.9454365372657776,0.5752602219581604
YLL001W,YOR062C,0,-0.40187532,0.14219635725021362,0.9454365372657776,0.5753602981567383
YGR048W,YML059C,0,-0.40193152,0.14217515289783478,0.9454365372657776,0.5754603743553162
YDL192W,YMR215W,0,-0.4019401,0.14215393364429474,0.9454365372657776,0.575560450553894
YPL097W,YDL064W,0,-0.40313113,0.1421327441930771,0.9454365372657776,0.5756605267524719
YDL113C,YJL107C,0,-0.40321466,0.14211153984069824,0.9454365372657776,0.5757606029510498
YOR066W,YOR349W,0,-0.4032202,0.1420903503894806,0.9454365372657776,0.5758606791496277
YMR054W,YMR076C,0,-0.40339985,0.14206917583942413,0.9454365372657776,0.5759607553482056
YDR315C,YNL334C,0,-0.40375778,0.14204800128936768,0.9454365372657776,0.5760608315467834
YDL113C,YPL161C,0,-0.40382922,0.14202682673931122,0.9454365372657776,0.5761609077453613
YGL073W,YKL057C,0,-0.40413895,0.14200566709041595,0.9454365372657776,0.5762609839439392
YNL177C,YNL075W,0,-0.40462705,0.1419845074415207,0.9454365372657776,0.5763610601425171
YMR262W,YPL097W,0,-0.40466896,0.14196334779262543,0.9454365372657776,0.5764611959457397
YHR209W,YML060W,0,-0.404779,0.14194220304489136,0.9454365372657776,0.5765612721443176
YBR264C,YML075C,0,-0.4057285,0.14192107319831848,0.9454365372657776,0.5766613483428955
YLR419W,YGR197C,0,-0.4058838,0.1418999433517456,0.9454365372657776,0.5767614245414734
YGR198W,YLR054C,0,-0.40589508,0.14187881350517273,0.9454365372657776,0.5768615007400513
YGR184C,YMR142C,0,-0.40617672,0.14185769855976105,0.9454365372657776,0.5769615769386292
YLR247C,YDR315C,0,-0.40620896,0.14183658361434937,0.9454365372657776,0.577061653137207
YPL160W,YOR167C,0,-0.4064441,0.14181548357009888,0.9454365372657776,0.5771617293357849
YBR045C,YLR197W,0,-0.4065718,0.1417943686246872,0.9454365372657776,0.5772618055343628
YFL011W,YLR421C,0,-0.40663704,0.1417732834815979,0.9454365372657776,0.5773618817329407
YGR010W,YHR058C,0,-0.40676367,0.1417521983385086,0.9454365372657776,0.5774619579315186
YJL170C,YDL193W,0,-0.4074342,0.1417311131954193,0.9454365372657776,0.5775620341300964
YDR484W,YCL004W,0,-0.40778047,0.1417100429534912,0.9454365372657776,0.5776621103286743
YGR187C,YHR021C,0,-0.40804276,0.1416889727115631,0.9454365372657776,0.5777621865272522
YAL034W-A,YMR157C,0,-0.40823856,0.141667902469635,0.9454365372657776,0.5778622627258301
YKR007W,YBR201W,0,-0.40838662,0.1416468471288681,0.9454365372657776,0.5779623985290527
YOR023C,YOR132W,0,-0.40849885,0.1416257917881012,0.9454365372657776,0.5780624747276306
YMR076C,YDL231C,0,-0.408975,0.14160475134849548,0.9454365372657776,0.5781625509262085
YMR284W,YOL143C,0,-0.40901342,0.14158371090888977,0.9454365372657776,0.5782626271247864
YNL087W,YIL111W,0,-0.4092019,0.14156268537044525,0.9454365372657776,0.5783627033233643
YCR036W,YPR115W,0,-0.41035783,0.14154165983200073,0.9454365372657776,0.5784627795219421
YER033C,YLR074C,0,-0.41049805,0.1415206342935562,0.9454365372657776,0.57856285572052
YDL117W,YJL153C,0,-0.4105648,0.1414996236562729,0.9454365372657776,0.5786629319190979
YLR168C,YOL112W,0,-0.4106311,0.14147862792015076,0.9454365372657776,0.5787630081176758
YOR234C,YGR191W,0,-0.41064647,0.14145761728286743,0.9454365372657776,0.5788630843162537
YDR076W,YMR024W,1,-0.41088757,0.14158503711223602,0.9464285969734192,0.5788630843162537
YOR125C,YLR247C,0,-0.4110321,0.1415640264749527,0.9464285969734192,0.5789631605148315
YJL062W,YAL047C,0,-0.411557,0.14154303073883057,0.9464285969734192,0.5790632367134094
YIL109C,YNL119W,0,-0.41162133,0.14152203500270844,0.9464285969734192,0.5791633129119873
YHR002W,YOR274W,0,-0.41169792,0.1415010392665863,0.9464285969734192,0.5792633891105652
YPR020W,YFR013W,0,-0.41188458,0.14148005843162537,0.9464285969734192,0.5793634653091431
YMR186W,YPR045C,0,-0.41199622,0.14145907759666443,0.9464285969734192,0.579463541507721
YLR253W,YMR277W,0,-0.41211256,0.1414380967617035,0.9464285969734192,0.5795636773109436
YHR002W,YLR176C,0,-0.4122109,0.14141713082790375,0.9464285969734192,0.5796637535095215
YMR237W,YOR171C,0,-0.41225016,0.1413961797952652,0.9464285969734192,0.5797638297080994
YER019C-A,YDR092W,0,-0.4123392,0.14137522876262665,0.9464285969734192,0.5798639059066772
YKL038W,YPR183W,0,-0.41251585,0.1413542777299881,0.9464285969734192,0.5799639821052551
YNL049C,YHR058C,0,-0.41282666,0.14133332669734955,0.9464285969734192,0.580064058303833
YDR110W,YBR038W,0,-0.4129124,0.1413124054670334,0.9464285969734192,0.5801641345024109
YBR037C,YKR027W,0,-0.412973,0.14129146933555603,0.9464285969734192,0.5802642107009888
YER176W,YOL098C,0,-0.4129857,0.14127054810523987,0.9464285969734192,0.5803642868995667
YJR067C,YIL109C,0,-0.41334823,0.1412496268749237,0.9464285969734192,0.5804643630981445
YER175C,YMR070W,0,-0.41342625,0.14122872054576874,0.9464285969734192,0.5805644392967224
YOR161C,YJR051W,0,-0.41349396,0.14120781421661377,0.9464285969734192,0.5806645154953003
YGL173C,YAL029C,0,-0.41363588,0.14118692278862,0.9464285969734192,0.5807645916938782
YLR421C,YOL148C,0,-0.41372168,0.14116603136062622,0.9464285969734192,0.580864667892456
YNL258C,YGR223C,0,-0.41455564,0.14114513993263245,0.9464285969734192,0.5809647440910339
YPL163C,YJL185C,0,-0.4148309,0.14112426340579987,0.9464285969734192,0.5810648798942566
YOL094C,YJR045C,0,-0.41490188,0.14110338687896729,0.9464285969734192,0.5811649560928345
YOR063W,YJL065C,0,-0.415135,0.1410825252532959,0.9464285969734192,0.5812650322914124
YBR294W,YLR080W,0,-0.41533092,0.1410616636276245,0.9464285969734192,0.5813651084899902
YDR014W,YOR201C,0,-0.4153602,0.14104080200195312,0.9464285969734192,0.5814651846885681
YOL033W,YDL126C,0,-0.41572246,0.14101995527744293,0.9464285969734192,0.581565260887146
YOR023C,YOR189W,0,-0.41585523,0.14099910855293274,0.9464285969734192,0.5816653370857239
YER090W,YGR191W,0,-0.41588154,0.14097827672958374,0.9464285969734192,0.5817654132843018
YDR142C,YKR090W,0,-0.41598007,0.14095744490623474,0.9464285969734192,0.5818654894828796
YDR164C,YLR176C,0,-0.4161103,0.14093662798404694,0.9464285969734192,0.5819655656814575
YFL055W,YIL157C,0,-0.4161779,0.14091581106185913,0.9464285969734192,0.5820656418800354
YNL281W,YDL167C,0,-0.41640344,0.14089499413967133,0.9464285969734192,0.5821657180786133
YDL019C,YPL199C,0,-0.41652647,0.14087419211864471,0.9464285969734192,0.5822657942771912
YDR319C,YOR223W,0,-0.41662997,0.1408533900976181,0.9464285969734192,0.582365870475769
YLR303W,YGR258C,0,-0.41665512,0.1408325880765915,0.9464285969734192,0.5824659466743469
YFR051C,YOR026W,0,-0.4167706,0.14081180095672607,0.9464285969734192,0.5825660824775696
YDR293C,YDR314C,0,-0.41745389,0.14079102873802185,0.9464285969734192,0.5826661586761475
YBR260C,YPL029W,0,-0.4177586,0.14077025651931763,0.9464285969734192,0.5827662348747253
YGR177C,YLL048C,0,-0.41781008,0.1407494843006134,0.9464285969734192,0.5828663110733032
YDL108W,YPR001W,0,-0.41873863,0.14072872698307037,0.9464285969734192,0.5829663872718811
YLR328W,YGR074W,0,-0.41877127,0.14070796966552734,0.9464285969734192,0.583066463470459
YER018C,YOR256C,0,-0.41878432,0.14068721234798431,0.9464285969734192,0.5831665396690369
YGL129C,YBR188C,0,-0.41882512,0.14066646993160248,0.9464285969734192,0.5832666158676147
YNL049C,YIL173W,0,-0.41892156,0.14064572751522064,0.9464285969734192,0.5833666920661926
YOL111C,YKL052C,0,-0.4189844,0.140625,0.9464285969734192,0.5834667682647705
YPR139C,YER093C,0,-0.41902727,0.14060427248477936,0.9464285969734192,0.5835668444633484
YDR119W,YBR135W,0,-0.41918337,0.1405835598707199,0.9464285969734192,0.5836669206619263
YDL230W,YMR179W,0,-0.41925088,0.14056284725666046,0.9464285969734192,0.5837669968605042
YDR312W,YBL019W,0,-0.4192849,0.140542134642601,0.9464285969734192,0.583867073059082
YOR132W,YDL047W,0,-0.4195809,0.14052143692970276,0.9464285969734192,0.5839671492576599
YHL002W,YAL029C,0,-0.41990063,0.1405007392168045,0.9464285969734192,0.5840672254562378
YKL126W,YDR495C,0,-0.41990882,0.14048004150390625,0.9464285969734192,0.5841673612594604
YOR329C,YER071C,0,-0.42004356,0.1404593586921692,0.9464285969734192,0.5842674374580383
YJL055W,YML112W,0,-0.42004368,0.14043869078159332,0.9464285969734192,0.5843675136566162
YKL219W,YOR212W,0,-0.4202055,0.14041802287101746,0.9464285969734192,0.5844675898551941
YMR274C,YDR489W,0,-0.42029345,0.1403973549604416,0.9464285969734192,0.584567666053772
YOR372C,YHR098C,0,-0.42094058,0.14037668704986572,0.9464285969734192,0.5846677422523499
YKR084C,YBR168W,0,-0.42098337,0.14035603404045105,0.9464285969734192,0.5847678184509277
YML058W,YBR279W,0,-0.42098555,0.14033539593219757,0.9464285969734192,0.5848678946495056
YJR041C,YGR100W,0,-0.42132664,0.1403147578239441,0.9464285969734192,0.5849679708480835
YLL003W,YDL185W,0,-0.4213772,0.1402941197156906,0.9464285969734192,0.5850680470466614
YGL192W,YBR034C,0,-0.42180064,0.14027349650859833,0.9464285969734192,0.5851681232452393
YPL259C,YBL007C,0,-0.4218493,0.14025287330150604,0.9464285969734192,0.5852681994438171
YPL048W,YCR027C,0,-0.42210904,0.14023225009441376,0.9464285969734192,0.585368275642395
YML038C,YDL064W,0,-0.42251042,0.14021164178848267,0.9464285969734192,0.5854683518409729
YDR279W,YER158C,0,-0.4227091,0.14019103348255157,0.9464285969734192,0.5855684280395508
YDR038C,YOR171C,0,-0.42276034,0.14017044007778168,0.9464285969734192,0.5856685638427734
YLR133W,YER019C-A,0,-0.42277122,0.14014984667301178,0.9464285969734192,0.5857686400413513
YDR295C,YOR278W,0,-0.42289147,0.14012925326824188,0.9464285969734192,0.5858687162399292
YDL085W,YPL166W,0,-0.42293844,0.14010867476463318,0.9464285969734192,0.5859687924385071
YGL004C,YDR430C,0,-0.42381766,0.14008811116218567,0.9464285969734192,0.586068868637085
YKL046C,YKL011C,0,-0.42401755,0.14006753265857697,0.9464285969734192,0.5861689448356628
YDR288W,YOR361C,0,-0.42408502,0.14004696905612946,0.9464285969734192,0.5862690210342407
YPL078C,YGL247W,0,-0.42491627,0.14002642035484314,0.9464285969734192,0.5863690972328186
YNL314W,YLR166C,0,-0.4250596,0.14000587165355682,0.9464285969734192,0.5864691734313965
YPL060W,YLR293C,0,-0.42586082,0.1399853229522705,0.9464285969734192,0.5865692496299744
YOL067C,YHR074W,0,-0.42629728,0.13996478915214539,0.9464285969734192,0.5866693258285522
YHR076W,YDR002W,0,-0.4264713,0.13994425535202026,0.9464285969734192,0.5867694020271301
YOR261C,YIR013C,0,-0.42733416,0.13992373645305634,0.9464285969734192,0.586869478225708
YOR172W,YDR185C,0,-0.42757002,0.1399032175540924,0.9464285969734192,0.5869695544242859
YGL025C,YER087C-A,0,-0.42773008,0.13988269865512848,0.9464285969734192,0.5870696306228638
YNR021W,YGL129C,0,-0.4279256,0.13986219465732574,0.9464285969734192,0.5871697068214417
YIL062C,YDR202C,0,-0.4279414,0.139841690659523,0.9464285969734192,0.5872698426246643
YNL281W,YNL297C,0,-0.42795834,0.13982118666172028,0.9464285969734192,0.5873699188232422
YPL156C,YCR028C-A,0,-0.4281859,0.13980069756507874,0.9464285969734192,0.5874699950218201
YLR160C,YPR002W,0,-0.4286781,0.1397802233695984,0.9464285969734192,0.587570071220398
YJR033C,YDR314C,0,-0.4287209,0.13975974917411804,0.9464285969734192,0.5876701474189758
YLR319C,YOR298C-A,0,-0.42892665,0.1397392749786377,0.9464285969734192,0.5877702236175537
YMR109W,YGR288W,0,-0.4295366,0.13971880078315735,0.9464285969734192,0.5878702998161316
YHR206W,YCR002C,0,-0.42964235,0.1396983414888382,0.9464285969734192,0.5879703760147095
YER154W,YGR225W,0,-0.42981035,0.13967789709568024,0.9464285969734192,0.5880704522132874
YGL005C,YLR216C,0,-0.43013373,0.13965743780136108,0.9464285969734192,0.5881705284118652
YHR102W,YLR452C,0,-0.43042052,0.13963700830936432,0.9464285969734192,0.5882706046104431
YNL278W,YOR167C,0,-0.43172064,0.13961656391620636,0.9464285969734192,0.588370680809021
YLR099C,YMR179W,0,-0.43215615,0.1395961344242096,0.9464285969734192,0.5884707570075989
YMR262W,YDL102W,1,-0.43216786,0.13972201943397522,0.9474206566810608,0.5884707570075989
YMR296C,YGR081C,0,-0.43247494,0.13970157504081726,0.9474206566810608,0.5885708332061768
YLR421C,YMR214W,0,-0.43252367,0.1396811455488205,0.9474206566810608,0.5886709094047546
YKR016W,YML070W,0,-0.43366784,0.13966071605682373,0.9474206566810608,0.5887710452079773
YJL170C,YNL219C,0,-0.43367556,0.13964030146598816,0.9474206566810608,0.5888711214065552
YML059C,YOL087C,0,-0.4337987,0.1396198868751526,0.9474206566810608,0.5889711976051331
YKR093W,YNL314W,0,-0.43473116,0.13959947228431702,0.9474206566810608,0.5890712738037109
YPL089C,YLR404W,0,-0.4349517,0.13957907259464264,0.9474206566810608,0.5891713500022888
YNL297C,YBR013C,0,-0.43506238,0.13955867290496826,0.9474206566810608,0.5892714262008667
YOR301W,YPL131W,0,-0.4357076,0.13953828811645508,0.9474206566810608,0.5893715023994446
YDL075W,YNL037C,0,-0.43572316,0.1395179033279419,0.9474206566810608,0.5894715785980225
YGR080W,YOR295W,0,-0.43594784,0.1394975185394287,0.9474206566810608,0.5895716547966003
YMR070W,YAL043C,0,-0.43597567,0.13947714865207672,0.9474206566810608,0.5896717309951782
YML076C,YLR381W,0,-0.43648726,0.13945677876472473,0.9474206566810608,0.5897718071937561
YGL181W,YDR214W,0,-0.43720582,0.13943640887737274,0.9474206566810608,0.589871883392334
YGR026W,YMR215W,0,-0.4374182,0.13941605389118195,0.9474206566810608,0.5899719595909119
YKL046C,YIL013C,0,-0.43743327,0.13939571380615234,0.9474206566810608,0.5900720357894897
YDR164C,YLR214W,0,-0.4381119,0.13937535881996155,0.9474206566810608,0.5901721119880676
YER154W,YBR071W,0,-0.43818855,0.13935503363609314,0.9474206566810608,0.5902721881866455
YCR008W,YPL131W,0,-0.43819714,0.13933469355106354,0.9474206566810608,0.5903723239898682
YNL048W,YMR282C,0,-0.43856466,0.13931436836719513,0.9474206566810608,0.590472400188446
YFL036W,YGL173C,0,-0.43875942,0.13929404318332672,0.9474206566810608,0.5905724763870239
YOL003C,YJR006W,0,-0.43973488,0.1392737329006195,0.9474206566810608,0.5906725525856018
YCL025C,YPL250C,0,-0.43999794,0.1392534226179123,0.9474206566810608,0.5907726287841797
YPL219W,YNL087W,0,-0.44018358,0.13923312723636627,0.9474206566810608,0.5908727049827576
YDR314C,YGR099W,0,-0.44050488,0.13921283185482025,0.9474206566810608,0.5909727811813354
YDL020C,YPL266W,0,-0.4408227,0.13919253647327423,0.9474206566810608,0.5910728573799133
YOR329C,YMR284W,0,-0.44087332,0.1391722559928894,0.9474206566810608,0.5911729335784912
YAR008W,YML091C,1,-0.44094917,0.13929767906665802,0.9484127163887024,0.5911729335784912
YBR294W,YDR194C,0,-0.44184867,0.139277383685112,0.9484127163887024,0.5912730097770691
YLL024C,YDL192W,0,-0.44199803,0.13925710320472717,0.9484127163887024,0.591373085975647
YGL129C,YKR034W,0,-0.44201133,0.13923682272434235,0.9484127163887024,0.5914731621742249
YGR203W,YPL153C,0,-0.4421256,0.13921654224395752,0.9484127163887024,0.5915732383728027
YBR139W,YHR184W,0,-0.44239324,0.1391962766647339,0.9484127163887024,0.5916733145713806
YBR234C,YHR066W,0,-0.44258088,0.13917601108551025,0.9484127163887024,0.5917733907699585
YGR198W,YJL059W,0,-0.44264174,0.13915574550628662,0.9484127163887024,0.5918735265731812
YOR358W,YFL009W,0,-0.44280875,0.13913549482822418,0.9484127163887024,0.591973602771759
YDR293C,YGR187C,0,-0.4428652,0.13911524415016174,0.9484127163887024,0.5920736789703369
YFL011W,YAL055W,0,-0.44290605,0.1390950083732605,0.9484127163887024,0.5921737551689148
YER163C,YPR020W,0,-0.44393113,0.13907477259635925,0.9484127163887024,0.5922738313674927
YLR293C,YGL005C,0,-0.44393831,0.1390545517206192,0.9484127163887024,0.5923739075660706
YLR439W,YGR258C,0,-0.44402507,0.13903431594371796,0.9484127163887024,0.5924739837646484
YFL028C,YNL061W,0,-0.44404945,0.1390141099691391,0.9484127163887024,0.5925740599632263
YFR045W,YGR258C,0,-0.44438288,0.13899388909339905,0.9484127163887024,0.5926741361618042
YIL095W,YIL013C,0,-0.44441533,0.1389736831188202,0.9484127163887024,0.5927742123603821
YLR145W,YGR155W,0,-0.4444299,0.13895349204540253,0.9484127163887024,0.59287428855896
YBR062C,YKR084C,0,-0.44487742,0.13893330097198486,0.9484127163887024,0.5929743647575378
YNL107W,YER091C,0,-0.44493362,0.1389131098985672,0.9484127163887024,0.5930744409561157
YOL080C,YDR298C,0,-0.44511747,0.13889291882514954,0.9484127163887024,0.5931745171546936
YLL019C,YOR026W,0,-0.4453629,0.13887274265289307,0.9484127163887024,0.5932745933532715
YFL011W,YBL061C,0,-0.44536588,0.1388525813817978,0.9484127163887024,0.5933747291564941
YIR023W,YNL209W,0,-0.44550648,0.13883242011070251,0.9484127163887024,0.593474805355072
YDR109C,YLL040C,0,-0.44557568,0.13881225883960724,0.9484127163887024,0.5935748815536499
YER007W,YMR160W,0,-0.4458815,0.13879209756851196,0.9484127163887024,0.5936749577522278
YOL127W,YOR279C,0,-0.44620904,0.13877195119857788,0.9484127163887024,0.5937750339508057
YDR164C,YGR100W,0,-0.44644442,0.138751819729805,0.9484127163887024,0.5938751101493835
YHR115C,YBL002W,0,-0.44659522,0.1387316733598709,0.9484127163887024,0.5939751863479614
YHR112C,YDL206W,0,-0.44716442,0.13871155679225922,0.9484127163887024,0.5940752625465393
YNR052C,YIR021W,1,-0.44729692,0.13883650302886963,0.949404776096344,0.5940752625465393
YHR032W,YDR194C,0,-0.44749463,0.13881635665893555,0.949404776096344,0.5941753387451172
YPL048W,YCR044C,0,-0.44823578,0.13879622519016266,0.949404776096344,0.5942754149436951
YPL016W,YDL085W,0,-0.44835183,0.13877610862255096,0.949404776096344,0.594375491142273
YOR124C,YDL185W,0,-0.44836557,0.13875597715377808,0.949404776096344,0.5944755673408508
YGL173C,YKR101W,0,-0.44840375,0.13873586058616638,0.949404776096344,0.5945756435394287
YLR204W,YML011C,0,-0.4484956,0.13871575891971588,0.949404776096344,0.5946757197380066
YDR342C,YKL038W,0,-0.4488723,0.13869565725326538,0.949404776096344,0.5947757959365845
YDL113C,YEL030W,0,-0.44887975,0.13867555558681488,0.949404776096344,0.5948758721351624
YHR150W,YBR126C,0,-0.4494526,0.13865546882152557,0.949404776096344,0.594976007938385
YEL046C,YGL010W,0,-0.4495471,0.13863538205623627,0.949404776096344,0.5950760841369629
YDR162C,YFR014C,0,-0.4496791,0.13861529529094696,0.949404776096344,0.5951761603355408
YOR172W,YKL133C,0,-0.44980755,0.13859522342681885,0.949404776096344,0.5952762365341187
YGR092W,YGL173C,0,-0.45038286,0.13857515156269073,0.949404776096344,0.5953763127326965
YLR216C,YNL075W,0,-0.45050964,0.13855509459972382,0.949404776096344,0.5954763889312744
YHR010W,YMR037C,0,-0.45079085,0.1385350376367569,0.949404776096344,0.5955764651298523
YJR033C,YFL011W,0,-0.45079628,0.13851498067378998,0.949404776096344,0.5956765413284302
YOR174W,YLR005W,0,-0.45090374,0.13849493861198425,0.949404776096344,0.5957766175270081
YOR156C,YHR043C,0,-0.45107374,0.13847489655017853,0.949404776096344,0.5958766937255859
YGL192W,YFR015C,0,-0.45113876,0.1384548544883728,0.949404776096344,0.5959767699241638
YGL114W,YLR224W,0,-0.4512386,0.13843482732772827,0.949404776096344,0.5960768461227417
YNL107W,YDR064W,0,-0.45124903,0.13841481506824493,0.949404776096344,0.5961769223213196
YOR124C,YHR058C,0,-0.45141688,0.1383947879076004,0.949404776096344,0.5962769985198975
YIL047C,YPL271W,0,-0.45175543,0.13837479054927826,0.949404776096344,0.5963770747184753
YDL138W,YDR538W,0,-0.4523485,0.13835477828979492,0.949404776096344,0.596477210521698
YKL096W,YAL042W,0,-0.45238933,0.13833478093147278,0.949404776096344,0.5965772867202759
YIR021W,YLR132C,1,-0.45247725,0.13845930993556976,0.9503968358039856,0.5965772867202759
YKL149C,YBR106W,0,-0.4527667,0.13843931257724762,0.9503968358039856,0.5966773629188538
YLL055W,YGL204C,0,-0.4531714,0.13841930031776428,0.9503968358039856,0.5967774391174316
YLR052W,YHR117W,0,-0.45398763,0.13839930295944214,0.9503968358039856,0.5968775153160095
YNL107W,YKR071C,0,-0.45407042,0.1383793205022812,0.9503968358039856,0.5969775915145874
YGL047W,YKL154W,0,-0.45453343,0.13835932314395905,0.9503968358039856,0.5970776677131653
YLL003W,YGR060W,0,-0.4545397,0.1383393555879593,0.9503968358039856,0.5971777439117432
YJR067C,YKL138C,0,-0.45505163,0.13831937313079834,0.9503968358039856,0.597277820110321
YML068W,YOL073C,0,-0.45509914,0.13829940557479858,0.9503968358039856,0.5973778963088989
YNL258C,YPL159C,0,-0.45636836,0.13827945291996002,0.9503968358039856,0.5974779725074768
YHR039C-A,YGR080W,0,-0.45656273,0.13825948536396027,0.9503968358039856,0.5975780487060547
YJL117W,YLL011W,0,-0.45658252,0.1382395327091217,0.9503968358039856,0.5976781249046326
YDR038C,YOR016C,0,-0.45660827,0.13821959495544434,0.9503968358039856,0.5977782011032104
YMR067C,YKL120W,0,-0.45718476,0.13819965720176697,0.9503968358039856,0.5978782773017883
YBR246W,YGL097W,0,-0.45738253,0.1381797194480896,0.9503968358039856,0.5979783535003662
YOL130W,YDR223W,0,-0.45766637,0.13815979659557343,0.9503968358039856,0.5980784893035889
YPR173C,YLR203C,0,-0.45770642,0.13813987374305725,0.9503968358039856,0.5981785655021667
YHR064C,YIL132C,0,-0.45802197,0.13811995089054108,0.9503968358039856,0.5982786417007446
YDR038C,YKR034W,0,-0.4582993,0.1381000429391861,0.9503968358039856,0.5983787178993225
YBL058W,YNL284C,0,-0.45858225,0.13808013498783112,0.9503968358039856,0.5984787940979004
YJL209W,YPR043W,0,-0.45865294,0.13806024193763733,0.9503968358039856,0.5985788702964783
YBR264C,YGL237C,0,-0.45895115,0.13804034888744354,0.9503968358039856,0.5986789464950562
YIR013C,YPR089W,0,-0.45903447,0.13802045583724976,0.9503968358039856,0.598779022693634
YKL133C,YMR210W,0,-0.45964935,0.13800057768821716,0.9503968358039856,0.5988790988922119
YIR013C,YPL266W,0,-0.45984134,0.13798069953918457,0.9503968358039856,0.5989791750907898
YPL053C,YJL090C,0,-0.45984855,0.13796083629131317,0.9503968358039856,0.5990792512893677
YNL072W,YOR158W,0,-0.4599901,0.13794095814228058,0.9503968358039856,0.5991793274879456
YML112W,YPL098C,0,-0.46080777,0.13792110979557037,0.9503968358039856,0.5992794036865234
YLL003W,YMR054W,0,-0.46138075,0.13790124654769897,0.9503968358039856,0.5993794798851013
YPL206C,YDR359C,0,-0.46194354,0.13788139820098877,0.9503968358039856,0.5994795560836792
YEL052W,YPR045C,0,-0.46194836,0.13786156475543976,0.9503968358039856,0.5995796918869019
YPL231W,YML031W,0,-0.4620358,0.13784173130989075,0.9503968358039856,0.5996797680854797
YBR234C,YOL057W,0,-0.4620876,0.13782189786434174,0.9503968358039856,0.5997798442840576
YDL227C,YPL124W,0,-0.4622008,0.13780206441879272,0.9503968358039856,0.5998799204826355
YER122C,YGR223C,0,-0.46285638,0.1377822458744049,0.9503968358039856,0.5999799966812134
YCL069W,YER176W,0,-0.4628645,0.13776244223117828,0.9503968358039856,0.6000800728797913
YPL112C,YOR354C,0,-0.4628968,0.13774263858795166,0.9503968358039856,0.6001801490783691
YML118W,YHR021C,0,-0.46309504,0.13772283494472504,0.9503968358039856,0.600280225276947
YDR293C,YKR056W,1,-0.4634486,0.13784676790237427,0.9513888955116272,0.600280225276947
YDL103C,YGR002C,0,-0.46354178,0.13782696425914764,0.9513888955116272,0.6003803014755249
YIR026C,YOR256C,0,-0.4636093,0.13780716061592102,0.9513888955116272,0.6004803776741028
YAL056W,YGL090W,0,-0.4637604,0.1377873569726944,0.9513888955116272,0.6005804538726807
YGR277C,YPR002W,0,-0.4643769,0.13776756823062897,0.9513888955116272,0.6006805300712585
YLR352W,YKL138C,0,-0.46495852,0.13774777948856354,0.9513888955116272,0.6007806062698364
YCR048W,YLL035W,0,-0.4651933,0.1377279907464981,0.9513888955116272,0.6008806824684143
YDL246C,YIL173W,0,-0.46561316,0.13770821690559387,0.9513888955116272,0.6009807586669922
YNL078W,YOR140W,0,-0.46587005,0.13768844306468964,0.9513888955116272,0.6010808944702148
YML056C,YNL230C,0,-0.46631858,0.1376686692237854,0.9513888955116272,0.6011809706687927
YBR094W,YML070W,0,-0.46674034,0.13764891028404236,0.9513888955116272,0.6012810468673706
YGL134W,YER006W,0,-0.46739587,0.1376291662454605,0.9513888955116272,0.6013811230659485
YPL026C,YBL014C,0,-0.46762988,0.13760940730571747,0.9513888955116272,0.6014811992645264
YFR051C,YGR091W,0,-0.46793875,0.13758966326713562,0.9513888955116272,0.6015812754631042
YER090W,YIL079C,0,-0.46799037,0.13756993412971497,0.9513888955116272,0.6016813516616821
YHR112C,YBR145W,0,-0.46851823,0.1375502049922943,0.9513888955116272,0.60178142786026
YDL216C,YDR254W,0,-0.46854922,0.13753047585487366,0.9513888955116272,0.6018815040588379
YDR392W,YGR191W,0,-0.4685538,0.1375107616186142,0.9513888955116272,0.6019815802574158
YKL052C,YOL098C,0,-0.469335,0.13749103248119354,0.9513888955116272,0.6020816564559937
YMR119W,YGR058W,0,-0.4693685,0.13747133314609528,0.9513888955116272,0.6021817326545715
YGR101W,YPL188W,0,-0.4696928,0.137451633810997,0.9513888955116272,0.6022818088531494
YML091C,YDR164C,0,-0.46984717,0.13743193447589874,0.9513888955116272,0.6023818850517273
YLR328W,YDR407C,0,-0.47022596,0.13741223514080048,0.9513888955116272,0.6024819612503052
YHR012W,YDR304C,0,-0.47029898,0.1373925507068634,0.9513888955116272,0.6025820374488831
YKL189W,YJL044C,0,-0.47049168,0.13737286627292633,0.9513888955116272,0.6026821732521057
YPL196W,YGL095C,0,-0.47059545,0.13735319674015045,0.9513888955116272,0.6027822494506836
YDR073W,YGL192W,0,-0.4707316,0.13733352720737457,0.9513888955116272,0.6028823256492615
YGR180C,YGL168W,0,-0.47096452,0.1373138576745987,0.9513888955116272,0.6029824018478394
YJR033C,YCR002C,0,-0.4710233,0.137294203042984,0.9513888955116272,0.6030824780464172
YDR454C,YGL051W,0,-0.4711999,0.13727454841136932,0.9513888955116272,0.6031825542449951
YAL028W,YLR024C,0,-0.47182998,0.13725490868091583,0.9513888955116272,0.603282630443573
YIR033W,YER012W,0,-0.4718419,0.13723525404930115,0.9513888955116272,0.6033827066421509
YKL078W,YHR028C,0,-0.47193858,0.13721562922000885,0.9513888955116272,0.6034827828407288
YHR082C,YDL192W,0,-0.47193977,0.13719598948955536,0.9513888955116272,0.6035828590393066
YNL009W,YER093C,0,-0.4724969,0.13717636466026306,0.9513888955116272,0.6036829352378845
YJL083W,YDR407C,0,-0.47257242,0.13715675473213196,0.9513888955116272,0.6037830114364624
YKL046C,YDR540C,0,-0.4726111,0.13713712990283966,0.9513888955116272,0.6038830876350403
YOR329C,YDL099W,0,-0.47265926,0.13711753487586975,0.9513888955116272,0.6039831638336182
YOR007C,YOL066C,0,-0.47284028,0.13709792494773865,0.9513888955116272,0.604083240032196
YNL309W,YGR074W,0,-0.47286436,0.13707832992076874,0.9513888955116272,0.6041833758354187
YJR033C,YIL010W,0,-0.47301736,0.13705873489379883,0.9513888955116272,0.6042834520339966
YER019C-A,YMR282C,0,-0.47334835,0.1370391547679901,0.9513888955116272,0.6043835282325745
YPR192W,YKR044W,0,-0.47384098,0.1370195746421814,0.9513888955116272,0.6044836044311523
YOL137W,YNL200C,0,-0.47386935,0.13699999451637268,0.9513888955116272,0.6045836806297302
YPR042C,YOR278W,0,-0.47390017,0.13698042929172516,0.9513888955116272,0.6046837568283081
YOR124C,YGR026W,0,-0.47407022,0.13696086406707764,0.9513888955116272,0.604783833026886
YHR158C,YKR034W,0,-0.4741082,0.1369413137435913,0.9513888955116272,0.6048839092254639
YEL059C-A,YGR198W,0,-0.47412762,0.13692176342010498,0.9513888955116272,0.6049839854240417
YML004C,YIL101C,0,-0.4742523,0.13690221309661865,0.9513888955116272,0.6050840616226196
YLR052W,YKR071C,0,-0.47434196,0.13688267767429352,0.9513888955116272,0.6051841378211975
YPR103W,YPL124W,0,-0.4744855,0.13686314225196838,0.9513888955116272,0.6052842140197754
YER117W,YER062C,0,-0.4754034,0.13684360682964325,0.9513888955116272,0.6053842902183533
YKL201C,YKL217W,0,-0.47540495,0.1368240863084793,0.9513888955116272,0.6054843664169312
YNR031C,YGR234W,0,-0.47544476,0.13680456578731537,0.9513888955116272,0.605584442615509
YIR013C,YNL268W,0,-0.47578654,0.13678504526615143,0.9513888955116272,0.6056845188140869
YDR055W,YGR060W,0,-0.47583959,0.13676553964614868,0.9513888955116272,0.6057846546173096
YBR287W,YBR168W,0,-0.4762474,0.13674604892730713,0.9513888955116272,0.6058847308158875
YOR147W,YOL096C,0,-0.4762716,0.13672654330730438,0.9513888955116272,0.6059848070144653
YBR258C,YBL098W,0,-0.47639087,0.13670705258846283,0.9513888955116272,0.6060848832130432
YMR109W,YFR031C,0,-0.47640023,0.13668757677078247,0.9513888955116272,0.6061849594116211
YGR048W,YMR070W,0,-0.4765047,0.13666808605194092,0.9513888955116272,0.606285035610199
YOR255W,YER166W,0,-0.47684988,0.13664862513542175,0.9513888955116272,0.6063851118087769
YDR522C,YNL188W,0,-0.4771224,0.1366291493177414,0.9513888955116272,0.6064851880073547
YBR077C,YNL258C,0,-0.47750232,0.13660968840122223,0.9513888955116272,0.6065852642059326
YLR219W,YLR210W,0,-0.47772583,0.13659022748470306,0.9513888955116272,0.6066853404045105
YFR047C,YPR056W,0,-0.47773048,0.1365707814693451,0.9513888955116272,0.6067854166030884
YPR089W,YDL022W,0,-0.4780152,0.13655133545398712,0.9513888955116272,0.6068854928016663
YDR071C,YDR540C,0,-0.4782366,0.13653188943862915,0.9513888955116272,0.6069855690002441
YMR321C,YMR302C,0,-0.47845355,0.13651245832443237,0.9513888955116272,0.607085645198822
YNR021W,YPL196W,0,-0.47847548,0.1364930272102356,0.9513888955116272,0.6071857213973999
YGL168W,YBL039C,0,-0.4785858,0.13647359609603882,0.9513888955116272,0.6072858572006226
YNL037C,YKL092C,0,-0.47870323,0.13645417988300323,0.9513888955116272,0.6073859333992004
YLR099C,YKL057C,0,-0.47878596,0.13643476366996765,0.9513888955116272,0.6074860095977783
YML056C,YDL021W,0,-0.47892383,0.13641536235809326,0.9513888955116272,0.6075860857963562
YHR053C,YNL078W,0,-0.47900185,0.13639596104621887,0.9513888955116272,0.6076861619949341
YNL331C,YDR194C,0,-0.4790552,0.13637655973434448,0.9513888955116272,0.607786238193512
YDR235W,YGR191W,0,-0.47916982,0.1363571733236313,0.9513888955116272,0.6078863143920898
YGL168W,YIL162W,0,-0.4791989,0.1363377869129181,0.9513888955116272,0.6079863905906677
YHR209W,YOR132W,0,-0.47938344,0.1363184154033661,0.9513888955116272,0.6080864667892456
YKR081C,YDR377W,0,-0.4796206,0.1362990289926529,0.9513888955116272,0.6081865429878235
YEL059C-A,YBL039C,0,-0.47970715,0.1362796574831009,0.9513888955116272,0.6082866191864014
YFL055W,YPL052W,0,-0.4798608,0.13626030087471008,0.9513888955116272,0.6083866953849792
YHL008C,YAL043C,0,-0.47987232,0.13624094426631927,0.9513888955116272,0.6084867715835571
YMR300C,YJL026W,0,-0.4799449,0.13622158765792847,0.9513888955116272,0.608586847782135
YOR358W,YKL124W,0,-0.48014387,0.13620224595069885,0.9513888955116272,0.6086869239807129
YER175C,YFL008W,0,-0.4806163,0.13618290424346924,0.9513888955116272,0.6087870001792908
YER078C,YML081W,0,-0.48105404,0.13616356253623962,0.9513888955116272,0.6088871359825134
YOR332W,YDR524C,0,-0.4818518,0.1361442357301712,0.9513888955116272,0.6089872121810913
YMR087W,YKR084C,0,-0.48218623,0.13612490892410278,0.9513888955116272,0.6090872883796692
YJL020C,YHR117W,0,-0.48238036,0.13610559701919556,0.9513888955116272,0.6091873645782471
YIR024C,YFL009W,0,-0.48270264,0.13608628511428833,0.9513888955116272,0.609287440776825
YHR053C,YCR071C,0,-0.4828038,0.1360669732093811,0.9513888955116272,0.6093875169754028
YDR304C,YLL011W,0,-0.48369792,0.13604766130447388,0.9513888955116272,0.6094875931739807
YKR062W,YPL163C,0,-0.4839308,0.13602836430072784,0.9513888955116272,0.6095876693725586
YHR064C,YOR007C,0,-0.48406765,0.136009082198143,0.9513888955116272,0.6096877455711365
YGR048W,YMR214W,0,-0.4841945,0.13598978519439697,0.9513888955116272,0.6097878217697144
YKR071C,YGR133W,0,-0.48457828,0.13597050309181213,0.9513888955116272,0.6098878979682922
YOR301W,YMR227C,0,-0.48463956,0.1359512358903885,0.9513888955116272,0.6099879741668701
YHR002W,YDL230W,0,-0.48468217,0.13593196868896484,0.9513888955116272,0.610088050365448
YNL075W,YDR298C,0,-0.48508248,0.1359127014875412,0.9513888955116272,0.6101881265640259
YBR087W,YPL118W,0,-0.48513094,0.13589343428611755,0.9513888955116272,0.6102882027626038
YLR059C,YMR285C,1,-0.48525217,0.1360158622264862,0.9523809552192688,0.6102882027626038
YPL060W,YLR211C,0,-0.4862012,0.13599659502506256,0.9523809552192688,0.6103883385658264
YMR215W,YOL010W,0,-0.486482,0.1359773427248001,0.9523809552192688,0.6104884147644043
YDL019C,YIR035C,0,-0.48658207,0.13595807552337646,0.9523809552192688,0.6105884909629822
YIL044C,YKL074C,0,-0.48719242,0.135938823223114,0.9523809552192688,0.6106885671615601
YLL006W,YAL036C,0,-0.48720732,0.13591958582401276,0.9523809552192688,0.6107886433601379
YKR016W,YGR288W,0,-0.48826608,0.1359003335237503,0.9523809552192688,0.6108887195587158
YLR328W,YPL052W,0,-0.48836097,0.13588111102581024,0.9523809552192688,0.6109887957572937
YCR042C,YPL016W,0,-0.48846743,0.13586187362670898,0.9523809552192688,0.6110888719558716
YOR156C,YER069W,0,-0.48888716,0.13584265112876892,0.9523809552192688,0.6111889481544495
YGR122W,YJL090C,0,-0.48901764,0.13582342863082886,0.9523809552192688,0.6112890243530273
YIR013C,YFR050C,0,-0.48942944,0.13580422103405,0.9523809552192688,0.6113891005516052
YGL079W,YPL246C,0,-0.489737,0.13578501343727112,0.9523809552192688,0.6114891767501831
YKL138C,YJR010W,0,-0.4900461,0.13576580584049225,0.9523809552192688,0.611589252948761
YKL133C,YOR110W,0,-0.49052212,0.13574661314487457,0.9523809552192688,0.6116893291473389
YDL245C,YDL167C,0,-0.4905556,0.1357274204492569,0.9523809552192688,0.6117894053459167
YIR035C,YMR070W,0,-0.4907187,0.13570822775363922,0.9523809552192688,0.6118895411491394
YKL154W,YKL211C,0,-0.49090812,0.13568904995918274,0.9523809552192688,0.6119896173477173
YPL163C,YNL182C,0,-0.49111602,0.13566987216472626,0.9523809552192688,0.6120896935462952
YLL006W,YPL001W,0,-0.491424,0.13565069437026978,0.9523809552192688,0.612189769744873
YHR046C,YOR158W,0,-0.49187014,0.1356315314769745,0.9523809552192688,0.6122898459434509
YGR278W,YHR010W,0,-0.4919426,0.1356123685836792,0.9523809552192688,0.6123899221420288
YGR152C,YLR293C,0,-0.4921278,0.1355932205915451,0.9523809552192688,0.6124899983406067
YJL046W,YOL098C,0,-0.4923431,0.135574072599411,0.9523809552192688,0.6125900745391846
YLL040C,YAL054C,0,-0.49250624,0.13555492460727692,0.9523809552192688,0.6126901507377625
YGL048C,YKR034W,0,-0.49265108,0.13553579151630402,0.9523809552192688,0.6127902269363403
YIL138C,YJL035C,0,-0.4927226,0.13551665842533112,0.9523809552192688,0.6128903031349182
YML031W,YKL096W,0,-0.49375793,0.13549752533435822,0.9523809552192688,0.6129903793334961
YIL122W,YMR274C,0,-0.4937975,0.1354784071445465,0.9523809552192688,0.613090455532074
YIR028W,YOR148C,0,-0.49406227,0.1354592889547348,0.9523809552192688,0.6131905317306519
YIL070C,YNL084C,0,-0.49501517,0.1354401856660843,0.9523809552192688,0.6132906079292297
YOR023C,YBR182C,0,-0.49548838,0.13542106747627258,0.9523809552192688,0.6133906841278076
YDR090C,YAL056W,0,-0.4956766,0.13540197908878326,0.9523809552192688,0.6134908199310303
YLR466W,YER090W,0,-0.4958553,0.13538287580013275,0.9523809552192688,0.6135908961296082
YEL061C,YDR319C,0,-0.49680296,0.13536378741264343,0.9523809552192688,0.613690972328186
YNL085W,YGL085W,1,-0.49715933,0.1354856938123703,0.9533730149269104,0.613690972328186
YEL030W,YAL059W,0,-0.49730143,0.1354665905237198,0.9533730149269104,0.6137910485267639
YGL051W,YGR227W,0,-0.49740466,0.13544750213623047,0.9533730149269104,0.6138911247253418
YMR296C,YML076C,0,-0.49746868,0.13542841374874115,0.9533730149269104,0.6139912009239197
YOL032W,YGL145W,0,-0.4977692,0.13540932536125183,0.9533730149269104,0.6140912771224976
YLR066W,YNR027W,0,-0.49799535,0.1353902518749237,0.9533730149269104,0.6141913533210754
YDL017W,YPR089W,0,-0.49817488,0.13537117838859558,0.9533730149269104,0.6142914295196533
YOR151C,YBR241C,0,-0.49842694,0.13535211980342865,0.9533730149269104,0.6143915057182312
YBR247C,YBR236C,0,-0.4995841,0.13533304631710052,0.9533730149269104,0.6144915819168091
YDR064W,YGL092W,0,-0.49961808,0.1353140026330948,0.9533730149269104,0.614591658115387
YJL209W,YKL073W,0,-0.49974665,0.13529494404792786,0.9533730149269104,0.6146917343139648
YIR013C,YPL219W,0,-0.49980125,0.13527590036392212,0.9533730149269104,0.6147918105125427
YPL123C,YDR407C,0,-0.49981055,0.13525685667991638,0.9533730149269104,0.6148918867111206
YHL031C,YBR171W,0,-0.49998608,0.13523782789707184,0.9533730149269104,0.6149920225143433
YGL064C,YOL113W,0,-0.500629,0.1352187991142273,0.9533730149269104,0.6150920987129211
YDL085W,YHR179W,0,-0.50089216,0.13519977033138275,0.9533730149269104,0.615192174911499
YDR210W,YBR260C,0,-0.50137365,0.1351807564496994,0.9533730149269104,0.6152922511100769
YMR087W,YBL098W,0,-0.5017055,0.13516174256801605,0.9533730149269104,0.6153923273086548
YPR020W,YNL286W,0,-0.5022401,0.1351427435874939,0.9533730149269104,0.6154924035072327
YLL025W,YOL087C,0,-0.50245714,0.13512372970581055,0.9533730149269104,0.6155924797058105
YER087C-A,YDR498C,0,-0.50255513,0.1351047307252884,0.9533730149269104,0.6156925559043884
YLR133W,YPL207W,0,-0.50266004,0.13508574664592743,0.9533730149269104,0.6157926321029663
YOR234C,YCR027C,0,-0.50286716,0.13506676256656647,0.9533730149269104,0.6158927083015442
YOL098C,YKL065C,0,-0.5028868,0.1350477784872055,0.9533730149269104,0.6159927845001221
YDR304C,YPL131W,0,-0.5031248,0.13502880930900574,0.9533730149269104,0.6160928606987
YPR201W,YNL090W,0,-0.5031684,0.13500984013080597,0.9533730149269104,0.6161929368972778
YNL072W,YKR079C,1,-0.50329393,0.1351313441991806,0.954365074634552,0.6161929368972778
YPL156C,YGL073W,0,-0.50334865,0.13511236011981964,0.954365074634552,0.6162930130958557
YPL112C,YHR010W,0,-0.503478,0.13509339094161987,0.954365074634552,0.6163930892944336
YJR009C,YPL170W,0,-0.5036213,0.1350744217634201,0.954365074634552,0.6164931654930115
YBR156C,YNL197C,0,-0.50433,0.13505545258522034,0.954365074634552,0.6165933012962341
YJL046W,YOR278W,0,-0.5046267,0.13503649830818176,0.954365074634552,0.616693377494812
YOR315W,YOR295W,0,-0.5051047,0.1350175440311432,0.954365074634552,0.6167934536933899
YDR315C,YJL076W,0,-0.505392,0.13499858975410461,0.954365074634552,0.6168935298919678
YER094C,YGL237C,0,-0.5060773,0.13497965037822723,0.954365074634552,0.6169936060905457
YKL173W,YDR536W,0,-0.50662714,0.13496071100234985,0.954365074634552,0.6170936822891235
YNL080C,YOR171C,0,-0.5067481,0.13494178652763367,0.954365074634552,0.6171937584877014
YPR192W,YOR026W,0,-0.5068905,0.13492286205291748,0.954365074634552,0.6172938346862793
YDR319C,YBR168W,0,-0.5070102,0.1349039375782013,0.954365074634552,0.6173939108848572
YBL098W,YPL029W,0,-0.50726044,0.1348850280046463,0.954365074634552,0.6174939870834351
YMR215W,YGR098C,0,-0.50749546,0.1348661184310913,0.954365074634552,0.6175940632820129
YPL119C,YDR539W,0,-0.5077332,0.13484720885753632,0.954365074634552,0.6176941394805908
YFL028C,YOR016C,0,-0.5078637,0.13482831418514252,0.954365074634552,0.6177942156791687
YMR296C,YEL068C,0,-0.50793916,0.13480941951274872,0.954365074634552,0.6178942918777466
YDR216W,YDR489W,0,-0.507977,0.13479052484035492,0.954365074634552,0.6179943680763245
YGL254W,YBR162W-A,0,-0.50911885,0.13477164506912231,0.954365074634552,0.6180945038795471
YPL129W,YBR013C,0,-0.50916475,0.1347527652978897,0.954365074634552,0.618194580078125
YGL106W,YOR279C,0,-0.50918156,0.1347339004278183,0.954365074634552,0.6182946562767029
YPL052W,YBR192W,0,-0.50955135,0.1347150206565857,0.954365074634552,0.6183947324752808
YGR278W,YER025W,0,-0.5096415,0.13469617068767548,0.954365074634552,0.6184948086738586
YLR242C,YOR354C,0,-0.50979763,0.13467730581760406,0.954365074634552,0.6185948848724365
YHR156C,YPL098C,0,-0.50986546,0.13465845584869385,0.954365074634552,0.6186949610710144
YDR109C,YCL038C,0,-0.50999576,0.13463960587978363,0.954365074634552,0.6187950372695923
YKL168C,YFL038C,0,-0.5100684,0.1346207708120346,0.954365074634552,0.6188951134681702
YDR471W,YER069W,0,-0.51065934,0.13460193574428558,0.954365074634552,0.618995189666748
YPR061C,YKL120W,0,-0.5107879,0.13458310067653656,0.954365074634552,0.6190952658653259
YJL041W,YMR232W,0,-0.5113502,0.13456428050994873,0.954365074634552,0.6191953420639038
YMR284W,YMR111C,0,-0.51156193,0.1345454603433609,0.954365074634552,0.6192954182624817
YNL249C,YOL051W,0,-0.5116136,0.13452664017677307,0.954365074634552,0.6193954944610596
YDL138W,YJL117W,0,-0.5117201,0.13450783491134644,0.954365074634552,0.6194955706596375
YDR168W,YCL018W,0,-0.51281285,0.1344890296459198,0.954365074634552,0.6195956468582153
YMR016C,YLR318W,0,-0.51304144,0.13447022438049316,0.954365074634552,0.619695782661438
YHR209W,YPR017C,0,-0.5131519,0.13445143401622772,0.954365074634552,0.6197958588600159
YOR156C,YCR028C-A,0,-0.51316917,0.13443264365196228,0.954365074634552,0.6198959350585938
YER056C,YDL075W,0,-0.51347595,0.13441385328769684,0.954365074634552,0.6199960112571716
YMR010W,YLR390W,0,-0.51428133,0.1343950778245926,0.954365074634552,0.6200960874557495
YNL297C,YBR192W,0,-0.5143366,0.13437630236148834,0.954365074634552,0.6201961636543274
YBR156C,YNL178W,0,-0.51471764,0.1343575417995453,0.954365074634552,0.6202962398529053
YJL020C,YOR140W,0,-0.51518923,0.13433878123760223,0.954365074634552,0.6203963160514832
YER025W,YNR052C,0,-0.5157668,0.13432002067565918,0.954365074634552,0.620496392250061
YHR112C,YJL151C,0,-0.51597446,0.13430127501487732,0.954365074634552,0.6205964684486389
YPR023C,YBR038W,0,-0.51608086,0.13428252935409546,0.954365074634552,0.6206965446472168
YML070W,YMR160W,0,-0.516672,0.1342637836933136,0.954365074634552,0.6207966208457947
YIL013C,YNL149C,0,-0.51726437,0.13424505293369293,0.954365074634552,0.6208966970443726
YJR045C,YCR065W,0,-0.5173054,0.13422632217407227,0.954365074634552,0.6209967732429504
YGL106W,YKL038W,0,-0.5174177,0.1342075914144516,0.954365074634552,0.6210968494415283
YDR122W,YNL336W,0,-0.5175665,0.13418887555599213,0.954365074634552,0.621196985244751
YOR234C,YHR156C,0,-0.5180817,0.13417015969753265,0.954365074634552,0.6212970614433289
YPL196W,YDL103C,0,-0.51822513,0.13415144383907318,0.954365074634552,0.6213971376419067
YDR096W,YMR277W,0,-0.5183965,0.1341327428817749,0.954365074634552,0.6214972138404846
YLR247C,YPL089C,0,-0.51869106,0.13411404192447662,0.954365074634552,0.6215972900390625
YGR088W,YEL056W,0,-0.51877826,0.13409534096717834,0.954365074634552,0.6216973662376404
YBR261C,YBL101C,0,-0.5188902,0.13407665491104126,0.954365074634552,0.6217974424362183
YBR071W,YNL258C,0,-0.5189714,0.13405796885490417,0.954365074634552,0.6218975186347961
YCL025C,YDL036C,0,-0.5190353,0.13403929769992828,0.954365074634552,0.621997594833374
YOL111C,YMR284W,0,-0.5197384,0.1340206116437912,0.954365074634552,0.6220976710319519
YPL259C,YHR179W,0,-0.5199938,0.1340019553899765,0.954365074634552,0.6221977472305298
YMR037C,YKR101W,0,-0.52005416,0.1339832842350006,0.954365074634552,0.6222978234291077
YMR190C,YIL062C,0,-0.5200672,0.1339646279811859,0.954365074634552,0.6223978996276855
YMR109W,YLR017W,0,-0.5201751,0.13394597172737122,0.954365074634552,0.6224979758262634
YGL250W,YCR027C,0,-0.5204583,0.1339273303747177,0.954365074634552,0.6225980520248413
YLR287C-A,YPR183W,0,-0.5207228,0.1339086890220642,0.954365074634552,0.622698187828064
YGR031W,YLR178C,0,-0.5208349,0.1338900476694107,0.954365074634552,0.6227982640266418
YMR262W,YBL019W,1,-0.52106476,0.13401058316230774,0.9553571343421936,0.6227982640266418
YDR458C,YCR031C,0,-0.52114105,0.13399192690849304,0.9553571343421936,0.6228983402252197
YKR026C,YOL003C,0,-0.52128035,0.13397328555583954,0.9553571343421936,0.6229984164237976
YBR171W,YCL045C,0,-0.5214308,0.13395465910434723,0.9553571343421936,0.6230984926223755
YOR132W,YGL237C,0,-0.52155817,0.13393601775169373,0.9553571343421936,0.6231985688209534
YDL019C,YNR052C,0,-0.52177393,0.13391739130020142,0.9553571343421936,0.6232986450195312
YIL009W,YER090W,0,-0.5234608,0.1338987797498703,0.9553571343421936,0.6233987212181091
YDL167C,YLR378C,0,-0.52363825,0.13388016819953918,0.9553571343421936,0.623498797416687
YHL034C,YIL053W,0,-0.5237573,0.13386155664920807,0.9553571343421936,0.6235988736152649
YJR009C,YKL073W,0,-0.52415437,0.13384294509887695,0.9553571343421936,0.6236989498138428
YPR020W,YEL046C,0,-0.52448326,0.13382434844970703,0.9553571343421936,0.6237990260124207
YDL117W,YLR079W,0,-0.5245774,0.1338057518005371,0.9553571343421936,0.6238991022109985
YFR014C,YPL170W,0,-0.5245777,0.13378717005252838,0.9553571343421936,0.6239991784095764
YDR288W,YOR223W,0,-0.52473277,0.13376857340335846,0.9553571343421936,0.6240992546081543
YJL189W,YMR285C,0,-0.52505267,0.13375000655651093,0.9553571343421936,0.6241993308067322
YLR079W,YLR216C,0,-0.52510846,0.1337314248085022,0.9553571343421936,0.6242994666099548
YHR151C,YPR023C,0,-0.5254403,0.13371285796165466,0.9553571343421936,0.6243995428085327
YML121W,YPR002W,0,-0.5255922,0.13369429111480713,0.9553571343421936,0.6244996190071106
YER163C,YBR237W,0,-0.5256726,0.1336757391691208,0.9553571343421936,0.6245996952056885
YDL150W,YJL103C,0,-0.5257243,0.13365718722343445,0.9553571343421936,0.6246997714042664
YBR230C,YHR074W,0,-0.5258815,0.1336386352777481,0.9553571343421936,0.6247998476028442
YKR066C,YML023C,0,-0.5259445,0.13362009823322296,0.9553571343421936,0.6248999238014221
YPR173C,YIL010W,0,-0.52594537,0.13360156118869781,0.9553571343421936,0.625
YNL009W,YNL282W,0,-0.5267038,0.13358302414417267,0.9553571343421936,0.6251000761985779
YHR142W,YBR154C,0,-0.5275143,0.13356448709964752,0.9553571343421936,0.6252001523971558
YJL083W,YKL120W,0,-0.5280215,0.13354596495628357,0.9553571343421936,0.6253002285957336
YHL002W,YMR268C,0,-0.5280684,0.1335274577140808,0.9553571343421936,0.6254003047943115
YPL052W,YKL138C,0,-0.5284508,0.13350893557071686,0.9553571343421936,0.6255003809928894
YML085C,YIR035C,0,-0.5284633,0.1334904283285141,0.9553571343421936,0.6256004571914673
YEL024W,YNL334C,0,-0.5284794,0.13347193598747253,0.9553571343421936,0.6257005333900452
YAL021C,YNL262W,1,-0.52849835,0.13359202444553375,0.9563491940498352,0.6257005333900452
YBR094W,YOR256C,0,-0.5287089,0.1335735023021698,0.9563491940498352,0.6258006691932678
YGL129C,YPL252C,0,-0.52878994,0.13355499505996704,0.9563491940498352,0.6259007453918457
YDR228C,YJL142C,0,-0.5287926,0.13353650271892548,0.9563491940498352,0.6260008215904236
YCR007C,YHR074W,0,-0.529159,0.1335180103778839,0.9563491940498352,0.6261008977890015
YJL094C,YCR028C-A,0,-0.52977926,0.13349951803684235,0.9563491940498352,0.6262009739875793
YPL123C,YLR078C,0,-0.5298657,0.13348102569580078,0.9563491940498352,0.6263010501861572
YEL020C,YOL151W,0,-0.52986974,0.1334625482559204,0.9563491940498352,0.6264011263847351
YFR014C,YEL020C,0,-0.53013104,0.13344407081604004,0.9563491940498352,0.626501202583313
YMR119W,YGR028W,0,-0.5303147,0.13342560827732086,0.9563491940498352,0.6266012787818909
YBR204C,YLR404W,0,-0.5303931,0.13340714573860168,0.9563491940498352,0.6267013549804688
YDR175C,YLR166C,0,-0.5304219,0.1333886831998825,0.9563491940498352,0.6268014311790466
YDL049C,YPL098C,0,-0.530431,0.13337022066116333,0.9563491940498352,0.6269015073776245
YNL085W,YGL094C,1,-0.53101045,0.13349011540412903,0.9573412537574768,0.6269015073776245
YPL119C,YPR045C,0,-0.5313432,0.13347165286540985,0.9573412537574768,0.6270015835762024
YAL014C,YHR039C-A,0,-0.5323773,0.13345319032669067,0.9573412537574768,0.6271016597747803
YFR045W,YNL048W,0,-0.53266054,0.1334347277879715,0.9573412537574768,0.6272017359733582
YLL006W,YJL187C,0,-0.53270334,0.1334162801504135,0.9573412537574768,0.627301812171936
YER045C,YBR191W,0,-0.53273505,0.13339784741401672,0.9573412537574768,0.6274019479751587
YDL167C,YBR106W,0,-0.53279877,0.13337939977645874,0.9573412537574768,0.6275020241737366
YEL062W,YGL237C,0,-0.5329319,0.13336096704006195,0.9573412537574768,0.6276021003723145
YLR119W,YPL121C,0,-0.53295624,0.13334254920482635,0.9573412537574768,0.6277021765708923
YOR301W,YDR315C,0,-0.53314084,0.13332411646842957,0.9573412537574768,0.6278022527694702
YKR062W,YML085C,0,-0.53340626,0.13330569863319397,0.9573412537574768,0.6279023289680481
YKL033W-A,YKL126W,0,-0.5338916,0.13328729569911957,0.9573412537574768,0.628002405166626
YIL148W,YDL035C,0,-0.5341057,0.13326889276504517,0.9573412537574768,0.6281024813652039
YMR169C,YIL101C,0,-0.53465086,0.13325048983097076,0.9573412537574768,0.6282025575637817
YGL090W,YOR062C,0,-0.53467304,0.13323208689689636,0.9573412537574768,0.6283026337623596
YGL173C,YBL106C,0,-0.53476685,0.13321369886398315,0.9573412537574768,0.6284027099609375
YLR118C,YJR010W,0,-0.53482187,0.13319531083106995,0.9573412537574768,0.6285027861595154
YMR124W,YML070W,0,-0.5350121,0.13317692279815674,0.9573412537574768,0.6286028623580933
YLR219W,YLR024C,0,-0.5354827,0.13315854966640472,0.9573412537574768,0.6287029385566711
YLR251W,YJL062W,0,-0.53604275,0.1331401765346527,0.9573412537574768,0.628803014755249
YKL081W,YMR016C,0,-0.5365031,0.1331218034029007,0.9573412537574768,0.6289031505584717
YER111C,YJR010C-A,0,-0.53653103,0.13310344517230988,0.9573412537574768,0.6290032267570496
YHR012W,YDR538W,0,-0.5366333,0.13308508694171906,0.9573412537574768,0.6291033029556274
YKL119C,YJL099W,0,-0.53679734,0.13306674361228943,0.9573412537574768,0.6292033791542053
YOR171C,YDR202C,0,-0.53689,0.1330484002828598,0.9573412537574768,0.6293034553527832
YIL044C,YER012W,0,-0.53724545,0.13303005695343018,0.9573412537574768,0.6294035315513611
YOR020C,YHR178W,0,-0.5381817,0.13301171362400055,0.9573412537574768,0.629503607749939
YJL062W,YGR149W,0,-0.5389332,0.13299338519573212,0.9573412537574768,0.6296036839485168
YML075C,YBL046W,0,-0.53952,0.13297505676746368,0.9573412537574768,0.6297037601470947
YLL036C,YIL097W,0,-0.5395587,0.13295674324035645,0.9573412537574768,0.6298038363456726
YDR071C,YNL289W,0,-0.5396138,0.132938414812088,0.9573412537574768,0.6299039125442505
YGR183C,YMR259C,0,-0.5396869,0.13292011618614197,0.9573412537574768,0.6300039887428284
YCR071C,YOL128C,0,-0.54004425,0.13290180265903473,0.9573412537574768,0.6301040649414062
YDR041W,YKR084C,0,-0.54064715,0.13288350403308868,0.9573412537574768,0.6302041411399841
YGL004C,YOL066C,0,-0.5408557,0.13286520540714264,0.9573412537574768,0.630304217338562
YHR021C,YKL104C,0,-0.5409152,0.1328469216823578,0.9573412537574768,0.6304043531417847
YLR381W,YFR025C,0,-0.5411193,0.13282862305641174,0.9573412537574768,0.6305044293403625
YIR026C,YHR086W,0,-0.54121464,0.13281035423278809,0.9573412537574768,0.6306045055389404
YMR010W,YIL157C,0,-0.54133713,0.13279207050800323,0.9573412537574768,0.6307045817375183
YDL093W,YJL044C,0,-0.5416937,0.13277380168437958,0.9573412537574768,0.6308046579360962
YGL250W,YJR101W,0,-0.541979,0.13275553286075592,0.9573412537574768,0.6309047341346741
YPR065W,YDL056W,0,-0.5419969,0.13273727893829346,0.9573412537574768,0.631004810333252
YER090W,YDL171C,0,-0.5420945,0.132719025015831,0.9573412537574768,0.6311048865318298
YNL046W,YOL143C,0,-0.54218644,0.13270077109336853,0.9573412537574768,0.6312049627304077
YDL202W,YMR215W,0,-0.54260474,0.13268251717090607,0.9573412537574768,0.6313050389289856
YMR179W,YPL029W,0,-0.5428564,0.1326642781496048,0.9573412537574768,0.6314051151275635
YDR055W,YGL171W,0,-0.5428775,0.13264605402946472,0.9573412537574768,0.6315051913261414
YGL173C,YCR026C,1,-0.54292506,0.1327652484178543,0.9583333134651184,0.6315051913261414
YDL093W,YBL046W,0,-0.54296577,0.13274700939655304,0.9583333134651184,0.6316052675247192
YJL094C,YKL155C,0,-0.5433086,0.13272877037525177,0.9583333134651184,0.6317053437232971
YKL171W,YBR016W,0,-0.5436425,0.1327105313539505,0.9583333134651184,0.631805419921875
YDL225W,YBR045C,0,-0.54381543,0.13269230723381042,0.9583333134651184,0.6319054961204529
YMR105C,YLR303W,0,-0.5441097,0.13267408311367035,0.9583333134651184,0.6320056319236755
YML118W,YPL170W,0,-0.5443463,0.13265585899353027,0.9583333134651184,0.6321057081222534
YJR051W,YKR025W,0,-0.5443941,0.1326376497745514,0.9583333134651184,0.6322057843208313
YGL090W,YMR157C,0,-0.5454068,0.1326194405555725,0.9583333134651184,0.6323058605194092
YBR255W,YGL126W,0,-0.5467094,0.13260123133659363,0.9583333134651184,0.6324059367179871
YML011C,YHR139C,0,-0.5468857,0.13258303701877594,0.9583333134651184,0.6325060129165649
YDL108W,YNR049C,0,-0.5471638,0.13256484270095825,0.9583333134651184,0.6326060891151428
YFL001W,YML127W,0,-0.5472912,0.13254664838314056,0.9583333134651184,0.6327061653137207
YGR189C,YDR256C,0,-0.54756486,0.13252846896648407,0.9583333134651184,0.6328062415122986
YOR315W,YKR087C,0,-0.54790163,0.13251028954982758,0.9583333134651184,0.6329063177108765
YIL119C,YDR377W,0,-0.5493795,0.13249211013317108,0.9583333134651184,0.6330063939094543
YLR439W,YLL006W,0,-0.5497035,0.13247394561767578,0.9583333134651184,0.6331064701080322
YNL268W,YDL056W,0,-0.5498896,0.13245578110218048,0.9583333134651184,0.6332065463066101
YDR462W,YDR456W,0,-0.54994965,0.13243761658668518,0.9583333134651184,0.633306622505188
YML064C,YHR100C,0,-0.5501235,0.13241946697235107,0.9583333134651184,0.6334066987037659
YDL201W,YJL192C,0,-0.5507847,0.13240131735801697,0.9583333134651184,0.6335068345069885
YEL020C,YLR029C,0,-0.5518035,0.13238316774368286,0.9583333134651184,0.6336069107055664
YPR201W,YJL020C,0,-0.55192477,0.13236503303050995,0.9583333134651184,0.6337069869041443
YCL067C,YER166W,0,-0.5523743,0.13234689831733704,0.9583333134651184,0.6338070631027222
YLL055W,YGR121C,0,-0.552573,0.13232876360416412,0.9583333134651184,0.6339071393013
YGL064C,YDR538W,0,-0.55269486,0.1323106437921524,0.9583333134651184,0.6340072154998779
YML068W,YMR037C,0,-0.55301106,0.13229252398014069,0.9583333134651184,0.6341072916984558
YJL056C,YOL066C,0,-0.5531687,0.13227440416812897,0.9583333134651184,0.6342073678970337
YPR201W,YGR184C,0,-0.5532212,0.13225629925727844,0.9583333134651184,0.6343074440956116
YGR236C,YLR223C,0,-0.5532804,0.13223819434642792,0.9583333134651184,0.6344075202941895
YKL149C,YKL211C,0,-0.5537483,0.1322200894355774,0.9583333134651184,0.6345075964927673
YPR002W,YDL022W,0,-0.55428725,0.13220199942588806,0.9583333134651184,0.6346076726913452
YDR462W,YAR002W,0,-0.554743,0.13218390941619873,0.9583333134651184,0.6347077488899231
YKR101W,YPR115W,0,-0.55512434,0.1321658194065094,0.9583333134651184,0.634807825088501
YMR293C,YBR013C,0,-0.5552386,0.13214774429798126,0.9583333134651184,0.6349079012870789
YDL174C,YMR106C,0,-0.5552753,0.13212966918945312,0.9583333134651184,0.6350079774856567
YLR457C,YLL049W,0,-0.5552829,0.132111594080925,0.9583333134651184,0.6351081132888794
YGR241C,YAL029C,0,-0.5553492,0.13209353387355804,0.9583333134651184,0.6352081894874573
YLR451W,YFR015C,0,-0.5555207,0.1320754736661911,0.9583333134651184,0.6353082656860352
YLR168C,YNL300W,0,-0.5558347,0.13205741345882416,0.9583333134651184,0.635408341884613
YOL051W,YDR486C,0,-0.5558639,0.1320393681526184,0.9583333134651184,0.6355084180831909
YLR133W,YPL199C,0,-0.5562386,0.13202132284641266,0.9583333134651184,0.6356084942817688
YNL078W,YDL230W,0,-0.55705297,0.1320032775402069,0.9583333134651184,0.6357085704803467
YHR070W,YFL020C,0,-0.55709463,0.13198524713516235,0.9583333134651184,0.6358086466789246
YOR125C,YDR298C,0,-0.55730873,0.1319672167301178,0.9583333134651184,0.6359087228775024
YGR183C,YDL231C,0,-0.5575357,0.13194918632507324,0.9583333134651184,0.6360087990760803
YPL078C,YNL166C,0,-0.5580548,0.13193117082118988,0.9583333134651184,0.6361088752746582
YPL161C,YLR079W,0,-0.55837363,0.13191315531730652,0.9583333134651184,0.6362089514732361
YDL117W,YOR066W,0,-0.5583747,0.13189513981342316,0.9583333134651184,0.636309027671814
YKL197C,YCL018W,0,-0.5586627,0.131877139210701,0.9583333134651184,0.6364091038703918
YNL107W,YNL295W,0,-0.55870146,0.13185913860797882,0.9583333134651184,0.6365091800689697
YLR320W,YNL238W,0,-0.5590076,0.13184113800525665,0.9583333134651184,0.6366093158721924
YOR256C,YKL033W,0,-0.55904824,0.13182313740253448,0.9583333134651184,0.6367093920707703
YAL029C,YLR425W,0,-0.5591478,0.1318051517009735,0.9583333134651184,0.6368094682693481
YER171W,YOR099W,0,-0.5593279,0.13178718090057373,0.9583333134651184,0.636909544467926
YNL321W,YIR033W,0,-0.55944705,0.13176919519901276,0.9583333134651184,0.6370096206665039
YOL067C,YNL087W,0,-0.55954665,0.13175122439861298,0.9583333134651184,0.6371096968650818
YBR234C,YLR381W,0,-0.56023854,0.1317332535982132,0.9583333134651184,0.6372097730636597
YDL247W,YDR267C,0,-0.5610871,0.1317152976989746,0.9583333134651184,0.6373098492622375
YPL271W,YML031W,0,-0.5612632,0.13169734179973602,0.9583333134651184,0.6374099254608154
YPL159C,YDR254W,0,-0.56190187,0.13167938590049744,0.9583333134651184,0.6375100016593933
YPR184W,YLR210W,0,-0.56202585,0.13166144490242004,0.9583333134651184,0.6376100778579712
YPL078C,YOR140W,0,-0.5621675,0.13164350390434265,0.9583333134651184,0.6377101540565491
YIL109C,YEL018W,0,-0.562303,0.13162556290626526,0.9583333134651184,0.637810230255127
YFL024C,YOR274W,0,-0.5623514,0.13160763680934906,0.9583333134651184,0.6379103064537048
YMR067C,YHR001W,0,-0.5625351,0.13158969581127167,0.9583333134651184,0.6380103826522827
YOL096C,YOL010W,0,-0.56265694,0.13157178461551666,0.9583333134651184,0.6381104588508606
YOR274W,YDR314C,0,-0.5630535,0.13155385851860046,0.9583333134651184,0.6382105946540833
YPL106C,YDL064W,0,-0.5632923,0.13153594732284546,0.9583333134651184,0.6383106708526611
YBR233W-A,YGR100W,0,-0.5642198,0.13151803612709045,0.9583333134651184,0.638410747051239
YPL169C,YNL074C,0,-0.56422037,0.13150013983249664,0.9583333134651184,0.6385108232498169
YCR106W,YJL041W,0,-0.5644929,0.13148224353790283,0.9583333134651184,0.6386108994483948
YHR011W,YDR498C,0,-0.564976,0.13146434724330902,0.9583333134651184,0.6387109756469727
YJR014W,YDR498C,0,-0.5656404,0.1314464509487152,0.9583333134651184,0.6388110518455505
YDL021W,YBR221C,0,-0.5657231,0.1314285695552826,0.9583333134651184,0.6389111280441284
YGR102C,YNL027W,0,-0.56664157,0.13141068816184998,0.9583333134651184,0.6390112042427063
YMR247C,YBL075C,0,-0.5671392,0.13139282166957855,0.9583333134651184,0.6391112804412842
YHR209W,YHR150W,0,-0.5671643,0.13137495517730713,0.9583333134651184,0.6392113566398621
YIL095W,YPL269W,0,-0.56744456,0.1313570886850357,0.9583333134651184,0.6393114328384399
YPL148C,YNL309W,0,-0.5677588,0.13133922219276428,0.9583333134651184,0.6394115090370178
YIL118W,YMR210W,0,-0.5677726,0.13132137060165405,0.9583333134651184,0.6395115852355957
YGR197C,YOR047C,0,-0.568078,0.13130351901054382,0.9583333134651184,0.6396116614341736
YPL112C,YNL297C,0,-0.56829786,0.1312856823205948,0.9583333134651184,0.6397117972373962
YNR027W,YOR062C,0,-0.56885767,0.13126783072948456,0.9583333134651184,0.6398118734359741
YDR168W,YKR007W,0,-0.5695444,0.13124999403953552,0.9583333134651184,0.639911949634552
YPL169C,YOR251C,0,-0.56971395,0.13123217225074768,0.9583333134651184,0.6400120258331299
YMR002W,YNL300W,0,-0.57014316,0.13121435046195984,0.9583333134651184,0.6401121020317078
YHR086W,YFL024C,0,-0.57016504,0.131196528673172,0.9583333134651184,0.6402121782302856
YJL102W,YKL201C,0,-0.5701793,0.13117870688438416,0.9583333134651184,0.6403122544288635
YGL166W,YLR337C,0,-0.5705382,0.1311608999967575,0.9583333134651184,0.6404123306274414
YOR034C,YNL061W,0,-0.5706515,0.13114309310913086,0.9583333134651184,0.6405124068260193
YPL119C,YNL072W,0,-0.57079333,0.1311252862215042,0.9583333134651184,0.6406124830245972
YLR132C,YGL094C,1,-0.570839,0.13124321401119232,0.95932537317276,0.6406124830245972
YKR001C,YNR076W,0,-0.5710191,0.13122540712356567,0.95932537317276,0.640712559223175
YLR119W,YPL060W,0,-0.5711099,0.13120760023593903,0.95932537317276,0.6408126354217529
YKR071C,YDR493W,0,-0.5713194,0.13118979334831238,0.95932537317276,0.6409127116203308
YDL150W,YFL036W,0,-0.57145923,0.13117200136184692,0.95932537317276,0.6410127878189087
YGR047C,YHR123W,0,-0.5715179,0.13115420937538147,0.95932537317276,0.6411128640174866
YPR173C,YGR255C,0,-0.5716009,0.1311364322900772,0.95932537317276,0.6412129998207092
YLR210W,YCR044C,0,-0.5719095,0.13111864030361176,0.95932537317276,0.6413130760192871
YMR040W,YJR101W,0,-0.572615,0.1311008632183075,0.95932537317276,0.641413152217865
YIL044C,YNL049C,0,-0.57297105,0.13108310103416443,0.95932537317276,0.6415132284164429
YBR077C,YBL046W,0,-0.57340837,0.13106532394886017,0.95932537317276,0.6416133046150208
YGR092W,YDR056C,0,-0.57344,0.1310475617647171,0.95932537317276,0.6417133808135986
YIL010W,YMR258C,0,-0.5735889,0.13102981448173523,0.95932537317276,0.6418134570121765
YLR211C,YJR006W,0,-0.57373327,0.13101205229759216,0.95932537317276,0.6419135332107544
YOR174W,YOR087W,0,-0.5744226,0.1309943050146103,0.95932537317276,0.6420136094093323
YMR060C,YOR361C,0,-0.57527584,0.1309765726327896,0.95932537317276,0.6421136856079102
YMR067C,YEL052W,0,-0.5758502,0.13095882534980774,0.95932537317276,0.642213761806488
YDR179C,YBR046C,0,-0.5760431,0.13094109296798706,0.95932537317276,0.6423138380050659
YGR277C,YLR099C,0,-0.5760558,0.13092337548732758,0.95932537317276,0.6424139142036438
YDR371W,YBR290W,0,-0.57616085,0.1309056431055069,0.95932537317276,0.6425139904022217
YNL048W,YBR013C,0,-0.57674396,0.1308879256248474,0.95932537317276,0.6426140666007996
YHR102W,YOL096C,0,-0.5767589,0.13087020814418793,0.95932537317276,0.6427141427993774
YHR209W,YGR134W,0,-0.57677984,0.13085250556468964,0.95932537317276,0.6428142786026001
YKL032C,YDL185W,0,-0.5769991,0.13083480298519135,0.95932537317276,0.642914354801178
YNR027W,YGL195W,0,-0.57772106,0.13081710040569305,0.95932537317276,0.6430144309997559
YKL021C,YGL077C,0,-0.5777572,0.13079939782619476,0.95932537317276,0.6431145071983337
YGR124W,YLR166C,0,-0.57793194,0.13078171014785767,0.95932537317276,0.6432145833969116
YDL247W,YBL106C,0,-0.578221,0.13076402246952057,0.95932537317276,0.6433146595954895
YIL027C,YNL258C,0,-0.57837033,0.13074634969234467,0.95932537317276,0.6434147357940674
YDL245C,YGR225W,0,-0.5784054,0.13072867691516876,0.95932537317276,0.6435148119926453
YIL098C,YGR122W,0,-0.57856196,0.13071100413799286,0.95932537317276,0.6436148881912231
YDL174C,YGR241C,0,-0.57860214,0.13069333136081696,0.95932537317276,0.643714964389801
YBR002C,YGL038C,0,-0.57911235,0.13067567348480225,0.95932537317276,0.6438150405883789
YHR089C,YJL198W,0,-0.5793892,0.13065801560878754,0.95932537317276,0.6439151167869568
YER025W,YDR056C,0,-0.5794448,0.13064037263393402,0.95932537317276,0.6440151929855347
YOR298C-A,YGR175C,0,-0.5799673,0.1306227147579193,0.95932537317276,0.6441152691841125
YER069W,YHL015W,0,-0.58033013,0.1306050717830658,0.95932537317276,0.6442153453826904
YHR111W,YIR028W,0,-0.58050865,0.13058744370937347,0.95932537317276,0.6443154811859131
YHL002W,YGL010W,0,-0.58097476,0.13056981563568115,0.95932537317276,0.644415557384491
YNL314W,YJR051W,0,-0.5811538,0.13055218756198883,0.95932537317276,0.6445156335830688
YCR002C,YNL046W,0,-0.58135414,0.1305345594882965,0.95932537317276,0.6446157097816467
YOR009W,YCR031C,0,-0.5815211,0.1305169314146042,0.95932537317276,0.6447157859802246
YNR021W,YBR106W,0,-0.58217734,0.13049931824207306,0.95932537317276,0.6448158621788025
YGR288W,YDR377W,0,-0.58253163,0.13048171997070312,0.95932537317276,0.6449159383773804
YLR005W,YFL062W,0,-0.5827689,0.130464106798172,0.95932537317276,0.6450160145759583
YDR093W,YMR211W,0,-0.58298254,0.13044650852680206,0.95932537317276,0.6451160907745361
YJL048C,YOR026W,0,-0.58353144,0.13042892515659332,0.95932537317276,0.645216166973114
YLR390W,YLL011W,0,-0.5837789,0.1304113268852234,0.95932537317276,0.6453162431716919
YPR023C,YDL047W,0,-0.584387,0.13039374351501465,0.95932537317276,0.6454163193702698
YLR320W,YPL271W,0,-0.5844392,0.1303761601448059,0.95932537317276,0.6455163955688477
YIL070C,YER122C,0,-0.5848605,0.13035859167575836,0.95932537317276,0.6456164717674255
YGL254W,YBR014C,0,-0.5850633,0.13034102320671082,0.95932537317276,0.6457165479660034
YGR170W,YPL230W,0,-0.58518225,0.13032345473766327,0.95932537317276,0.6458166241645813
YPL250C,YLL035W,0,-0.58565825,0.13030588626861572,0.95932537317276,0.645916759967804
YML059C,YER090W,0,-0.5858156,0.13028833270072937,0.95932537317276,0.6460168361663818
YGR010W,YFR045W,0,-0.5858457,0.13027077913284302,0.95932537317276,0.6461169123649597
YML072C,YDL103C,0,-0.5859632,0.13025322556495667,0.95932537317276,0.6462169885635376
YNL290W,YBR126C,0,-0.58617145,0.1302356868982315,0.95932537317276,0.6463170647621155
YJR076C,YPL022W,0,-0.58660126,0.13021814823150635,0.95932537317276,0.6464171409606934
YKL138C,YNL090W,0,-0.58661395,0.13020062446594238,0.95932537317276,0.6465172171592712
YDR194C,YLR216C,0,-0.5866961,0.13018308579921722,0.95932537317276,0.6466172933578491
YCL004W,YPL001W,0,-0.5871255,0.13016556203365326,0.95932537317276,0.646717369556427
YGR277C,YEL015W,0,-0.5872671,0.1301480531692505,0.95932537317276,0.6468174457550049
YDR253C,YHR184W,0,-0.5873026,0.13013052940368652,0.95932537317276,0.6469175219535828
YKL034W,YMR247C,0,-0.5874555,0.13011302053928375,0.95932537317276,0.6470175981521606
YCL025C,YMR190C,0,-0.5874683,0.13009552657604218,0.95932537317276,0.6471176743507385
YDR539W,YKR085C,0,-0.5875613,0.1300780177116394,0.95932537317276,0.6472177505493164
YNL067W,YLR216C,0,-0.58773655,0.13006052374839783,0.95932537317276,0.6473178267478943
YFR047C,YLR008C,0,-0.5878149,0.13004302978515625,0.95932537317276,0.6474179625511169
YFL059W,YBR264C,0,-0.58782953,0.13002555072307587,0.95932537317276,0.6475180387496948
YCR011C,YGR149W,0,-0.5879222,0.13000807166099548,0.95932537317276,0.6476181149482727
YNL177C,YPR105C,0,-0.5882413,0.1299905925989151,0.95932537317276,0.6477181911468506
YJL117W,YPR089W,0,-0.5884653,0.12997311353683472,0.95932537317276,0.6478182673454285
YNL049C,YAL008W,0,-0.5888086,0.12995564937591553,0.95932537317276,0.6479183435440063
YML091C,YDR254W,0,-0.5889356,0.12993818521499634,0.95932537317276,0.6480184197425842
YDR453C,YKL211C,0,-0.58912975,0.12992073595523834,0.95932537317276,0.6481184959411621
YNL309W,YPL170W,0,-0.58962786,0.12990327179431915,0.95932537317276,0.64821857213974
YKL004W,YPR103W,0,-0.5897242,0.12988582253456116,0.95932537317276,0.6483186483383179
YLR356W,YBL075C,0,-0.58994263,0.12986838817596436,0.95932537317276,0.6484187245368958
YBR037C,YLR080W,0,-0.5905089,0.12985095381736755,0.95932537317276,0.6485188007354736
YDR122W,YER172C,0,-0.59157205,0.12983351945877075,0.95932537317276,0.6486188769340515
YDR214W,YGR120C,0,-0.5919214,0.12981608510017395,0.95932537317276,0.6487189531326294
YBR294W,YMR179W,0,-0.5919573,0.12979865074157715,0.95932537317276,0.6488190293312073
YDR109C,YER166W,0,-0.59197795,0.12978123128414154,0.95932537317276,0.6489191055297852
YNL299W,YDR342C,0,-0.5927753,0.12976382672786713,0.95932537317276,0.6490192413330078
YGR225W,YGR091W,0,-0.59307325,0.12974640727043152,0.95932537317276,0.6491193175315857
YNL299W,YIL097W,0,-0.5930874,0.1297290027141571,0.95932537317276,0.6492193937301636
YKL087C,YGR175C,0,-0.5931825,0.1297115981578827,0.95932537317276,0.6493194699287415
YGR116W,YDR065W,0,-0.59398234,0.12969420850276947,0.95932537317276,0.6494195461273193
YDR501W,YDL035C,0,-0.5948292,0.12967681884765625,0.95932537317276,0.6495196223258972
YGR278W,YGL079W,0,-0.595446,0.12965942919254303,0.95932537317276,0.6496196985244751
YLL061W,YDR295C,0,-0.59553516,0.1296420395374298,0.95932537317276,0.649719774723053
YGR026W,YGL204C,0,-0.59627044,0.12962466478347778,0.95932537317276,0.6498198509216309
YMR037C,YPR043W,0,-0.59712714,0.12960729002952576,0.95932537317276,0.6499199271202087
YBR227C,YIL053W,0,-0.59770775,0.12958991527557373,0.95932537317276,0.6500200033187866
YDL113C,YDR295C,0,-0.59778804,0.1295725554227829,0.95932537317276,0.6501200795173645
YMR186W,YNR006W,0,-0.59956175,0.12955519556999207,0.95932537317276,0.6502201557159424
YLR017W,YKR085C,0,-0.59986675,0.12953785061836243,0.95932537317276,0.6503202319145203
YER018C,YPR022C,0,-0.6001419,0.1295204907655716,0.95932537317276,0.6504203081130981
YDR073W,YLL055W,0,-0.60016793,0.12950314581394196,0.95932537317276,0.6505204439163208
YHR089C,YOR151C,0,-0.6002508,0.12948580086231232,0.95932537317276,0.6506205201148987
YKL014C,YOR373W,0,-0.60029024,0.12946847081184387,0.95932537317276,0.6507205963134766
YGR030C,YLR312W-A,1,-0.60030466,0.12958501279354095,0.9603174328804016,0.6507205963134766
YBR182C,YLR385C,0,-0.60043186,0.12956766784191132,0.9603174328804016,0.6508206725120544
YPR201W,YBR019C,0,-0.60162264,0.12955032289028168,0.9603174328804016,0.6509207487106323
YDL019C,YML085C,0,-0.60165554,0.12953299283981323,0.9603174328804016,0.6510208249092102
YER094C,YNL080C,0,-0.6024266,0.1295156478881836,0.9603174328804016,0.6511209011077881
YER007W,YAL055W,0,-0.6028438,0.12949833273887634,0.9603174328804016,0.651220977306366
YIL133C,YGR175C,0,-0.6029857,0.1294810026884079,0.9603174328804016,0.6513210535049438
YNR027W,YDL185W,0,-0.6030219,0.12946368753910065,0.9603174328804016,0.6514211297035217
YPR042C,YKL057C,0,-0.60308284,0.1294463723897934,0.9603174328804016,0.6515212059020996
YJL035C,YDL022W,0,-0.6030998,0.12942907214164734,0.9603174328804016,0.6516212821006775
YGR252W,YLR079W,0,-0.6031213,0.12941177189350128,0.9603174328804016,0.6517213582992554
YJR009C,YLR079W,0,-0.6032217,0.12939447164535522,0.9603174328804016,0.6518214344978333
YOL011W,YOR359W,0,-0.60345125,0.12937717139720917,0.9603174328804016,0.6519215106964111
YFL055W,YBR229C,0,-0.60423183,0.1293598860502243,0.9603174328804016,0.6520216464996338
YMR293C,YJL162C,0,-0.6046048,0.12934260070323944,0.9603174328804016,0.6521217226982117
YML068W,YOR151C,0,-0.60493296,0.12932531535625458,0.9603174328804016,0.6522217988967896
YPL118W,YGR026W,0,-0.605042,0.1293080449104309,0.9603174328804016,0.6523218750953674
YLR219W,YLR227C,0,-0.6056376,0.12929077446460724,0.9603174328804016,0.6524219512939453
YDR253C,YKL217W,0,-0.6057523,0.12927350401878357,0.9603174328804016,0.6525220274925232
YNL010W,YDR142C,0,-0.6057544,0.1292562484741211,0.9603174328804016,0.6526221036911011
YGL106W,YHL002W,0,-0.60602725,0.12923897802829742,0.9603174328804016,0.652722179889679
YML058W,YOR236W,0,-0.6070611,0.12922173738479614,0.9603174328804016,0.6528222560882568
YBL101C,YMR277W,0,-0.6079329,0.12920448184013367,0.9603174328804016,0.6529223322868347
YPL241C,YOL062C,0,-0.60839087,0.12918724119663239,0.9603174328804016,0.6530224084854126
YPL163C,YCL067C,0,-0.6086447,0.1291700005531311,0.9603174328804016,0.6531224846839905
YGR175C,YNL200C,0,-0.60877645,0.12915277481079102,0.9603174328804016,0.6532225608825684
YML091C,YPL153C,0,-0.6090801,0.12913553416728973,0.9603174328804016,0.6533226370811462
YBL075C,YPR175W,0,-0.60909146,0.12911830842494965,0.9603174328804016,0.6534227132797241
YHR064C,YOR329C,0,-0.6092633,0.12910109758377075,0.9603174328804016,0.653522789478302
YIL027C,YOR223W,0,-0.6093524,0.12908387184143066,0.9603174328804016,0.6536229252815247
YBR148W,YIL162W,0,-0.6095225,0.12906666100025177,0.9603174328804016,0.6537230014801025
YLR166C,YDR485C,0,-0.6097589,0.12904946506023407,0.9603174328804016,0.6538230776786804
YPR056W,YMR002W,0,-0.6100094,0.12903225421905518,0.9603174328804016,0.6539231538772583
YHR123W,YNL087W,0,-0.61010784,0.12901505827903748,0.9603174328804016,0.6540232300758362
YLL003W,YHR100C,0,-0.6101216,0.12899786233901978,0.9603174328804016,0.6541233062744141
YMR169C,YPR018W,0,-0.61024183,0.12898068130016327,0.9603174328804016,0.6542233824729919
YOR140W,YNL246W,0,-0.6103544,0.12896350026130676,0.9603174328804016,0.6543234586715698
YLR164W,YOR132W,0,-0.6110687,0.12894631922245026,0.9603174328804016,0.6544235348701477
YGL129C,YGL080W,0,-0.61108714,0.12892913818359375,0.9603174328804016,0.6545236110687256
YEL039C,YGL173C,0,-0.61297,0.12891197204589844,0.9603174328804016,0.6546236872673035
YJL170C,YFR004W,0,-0.61327046,0.12889480590820312,0.9603174328804016,0.6547237634658813
YGL079W,YJL196C,0,-0.6133916,0.1288776397705078,0.9603174328804016,0.6548238396644592
YGR101W,YDL216C,0,-0.6137125,0.1288604885339737,0.9603174328804016,0.6549239158630371
YER091C,YBL033C,0,-0.6139564,0.12884333729743958,0.9603174328804016,0.655023992061615
YNL290W,YAL008W,0,-0.6139929,0.12882618606090546,0.9603174328804016,0.6551241278648376
YMR292W,YIR030C,0,-0.61436206,0.12880904972553253,0.9603174328804016,0.6552242040634155
YLR118C,YDR279W,0,-0.61524504,0.1287919133901596,0.9603174328804016,0.6553242802619934
YDL047W,YML127W,0,-0.61556494,0.12877477705478668,0.9603174328804016,0.6554243564605713
YPL153C,YHR098C,0,-0.6155892,0.12875765562057495,0.9603174328804016,0.6555244326591492
YCR106W,YAL028W,0,-0.61576784,0.12874051928520203,0.9603174328804016,0.655624508857727
YIL095W,YLR005W,0,-0.616956,0.1287233978509903,0.9603174328804016,0.6557245850563049
YBR204C,YPR023C,0,-0.61712635,0.12870629131793976,0.9603174328804016,0.6558246612548828
YPL106C,YIL157C,0,-0.6173801,0.12868918478488922,0.9603174328804016,0.6559247374534607
YHL031C,YDR484W,0,-0.6174705,0.12867207825183868,0.9603174328804016,0.6560248136520386
YKL032C,YNL334C,0,-0.617732,0.12865497171878815,0.9603174328804016,0.6561248898506165
YDR066C,YOL113W,0,-0.6186395,0.1286378800868988,0.9603174328804016,0.6562249660491943
YKL046C,YMR109W,0,-0.6188186,0.12862078845500946,0.9603174328804016,0.6563250422477722
YCR089W,YFL020C,0,-0.6189498,0.12860369682312012,0.9603174328804016,0.6564251184463501
YMR195W,YGR060W,0,-0.6192367,0.12858660519123077,0.9603174328804016,0.656525194644928
YAR002W,YML031W,0,-0.6192549,0.12856952846050262,0.9603174328804016,0.6566252708435059
YLR293C,YKL138C,0,-0.61943984,0.12855245172977448,0.9603174328804016,0.6567254066467285
YPL100W,YDR282C,0,-0.61946,0.12853538990020752,0.9603174328804016,0.6568254828453064
YDL126C,YDR030C,0,-0.62003773,0.12851832807064056,0.9603174328804016,0.6569255590438843
YIL047C,YLR345W,0,-0.62025774,0.1285012662410736,0.9603174328804016,0.6570256352424622
YHL031C,YDR109C,0,-0.62047637,0.12848420441150665,0.9603174328804016,0.65712571144104
YIL134W,YOL062C,0,-0.6206683,0.1284671574831009,0.9603174328804016,0.6572257876396179
YPL148C,YOR189W,0,-0.6207096,0.12845011055469513,0.9603174328804016,0.6573258638381958
YOR332W,YAL038W,0,-0.62179816,0.12843306362628937,0.9603174328804016,0.6574259400367737
YDR110W,YLR378C,0,-0.6220073,0.1284160315990448,0.9603174328804016,0.6575260162353516
YPL026C,YOR110W,0,-0.62221503,0.12839898467063904,0.9603174328804016,0.6576260924339294
YPL155C,YDR236C,0,-0.62222797,0.12838196754455566,0.9603174328804016,0.6577261686325073
YNL149C,YHR006W,0,-0.6223338,0.1283649355173111,0.9603174328804016,0.6578262448310852
YOR110W,YBR221C,0,-0.6227471,0.12834791839122772,0.9603174328804016,0.6579263210296631
YGR028W,YKR035W-A,0,-0.62276536,0.12833090126514435,0.9603174328804016,0.658026397228241
YEL030W,YIR013C,0,-0.62301546,0.12831389904022217,0.9603174328804016,0.6581264734268188
YGL249W,YDL201W,0,-0.6231207,0.1282968819141388,0.9603174328804016,0.6582266092300415
YBR167C,YBR223C,1,-0.62323743,0.1284124106168747,0.961309552192688,0.6582266092300415
YHL031C,YER166W,0,-0.6232983,0.12839539349079132,0.961309552192688,0.6583266854286194
YOL011W,YLR029C,0,-0.6242775,0.12837837636470795,0.961309552192688,0.6584267616271973
YGR101W,YLR116W,0,-0.6244927,0.12836137413978577,0.961309552192688,0.6585268378257751
YDR304C,YDR235W,0,-0.62467974,0.1283443719148636,0.961309552192688,0.658626914024353
YDR390C,YMR160W,0,-0.624742,0.1283273696899414,0.961309552192688,0.6587269902229309
YOL003C,YAL055W,0,-0.62504345,0.12831038236618042,0.961309552192688,0.6588270664215088
YGL085W,YPL029W,1,-0.6252474,0.12842579185962677,0.9623016119003296,0.6588270664215088
YGL254W,YKR051W,0,-0.62541276,0.1284087896347046,0.9623016119003296,0.6589271426200867
YGL005C,YOR167C,0,-0.62599343,0.1283917874097824,0.9623016119003296,0.6590272188186646
YIR021W,YOL148C,0,-0.62613916,0.12837480008602142,0.9623016119003296,0.6591272950172424
YLR032W,YNL268W,0,-0.62619156,0.12835781276226044,0.9623016119003296,0.6592273712158203
YKR101W,YMR009W,0,-0.6264991,0.12834082543849945,0.9623016119003296,0.6593274474143982
YCR048W,YHR005C,0,-0.62673765,0.12832385301589966,0.9623016119003296,0.6594275236129761
YER183C,YAL008W,0,-0.6269923,0.12830688059329987,0.9623016119003296,0.659527599811554
YOR161C,YMR094W,0,-0.6275174,0.12828990817070007,0.9623016119003296,0.6596276760101318
YGL038C,YDR279W,0,-0.62820673,0.12827295064926147,0.9623016119003296,0.6597278118133545
YDR312W,YBR214W,0,-0.62845296,0.12825597822666168,0.9623016119003296,0.6598278880119324
YML058W,YNL284C,0,-0.6289963,0.12823902070522308,0.9623016119003296,0.6599279642105103
YPR042C,YEL039C,0,-0.62988126,0.12822207808494568,0.9623016119003296,0.6600280404090881
YLR319C,YDR216W,0,-0.6301561,0.12820513546466827,0.9623016119003296,0.660128116607666
YNL270C,YBR168W,0,-0.63093156,0.12818819284439087,0.9623016119003296,0.6602281928062439
YBR230C,YER026C,0,-0.630939,0.12817125022411346,0.9623016119003296,0.6603282690048218
YBR258C,YPL170W,0,-0.6309859,0.12815430760383606,0.9623016119003296,0.6604283452033997
YDR481C,YPL007C,0,-0.6311275,0.12813737988471985,0.9623016119003296,0.6605284214019775
YGR241C,YOR332W,0,-0.6311316,0.12812046706676483,0.9623016119003296,0.6606284976005554
YPR135W,YMR002W,0,-0.6312754,0.12810353934764862,0.9623016119003296,0.6607285737991333
YOR329C,YOR145C,0,-0.63148254,0.1280866265296936,0.9623016119003296,0.6608286499977112
YLR078C,YKR084C,0,-0.6317997,0.1280697137117386,0.9623016119003296,0.6609287261962891
YPL169C,YKL155C,0,-0.6318869,0.12805280089378357,0.9623016119003296,0.6610288023948669
YGL064C,YML127W,0,-0.63204104,0.12803590297698975,0.9623016119003296,0.6611288785934448
YJL055W,YBR237W,0,-0.6320782,0.12801900506019592,0.9623016119003296,0.6612289547920227
YDR058C,YNL297C,0,-0.6335351,0.1280021071434021,0.9623016119003296,0.6613290905952454
YKR048C,YFR014C,0,-0.6339923,0.12798522412776947,0.9623016119003296,0.6614291667938232
YKL119C,YPL026C,0,-0.63413346,0.12796834111213684,0.9623016119003296,0.6615292429924011
YDR538W,YFL017C,0,-0.6341427,0.1279514580965042,0.9623016119003296,0.661629319190979
YPL246C,YLL040C,0,-0.6341939,0.12793457508087158,0.9623016119003296,0.6617293953895569
YDR037W,YKL201C,0,-0.6343559,0.12791770696640015,0.9623016119003296,0.6618294715881348
YLR019W,YBR135W,0,-0.63460326,0.1279008388519287,0.9623016119003296,0.6619295477867126
YDL119C,YLR197W,0,-0.63503456,0.12788398563861847,0.9623016119003296,0.6620296239852905
YGL073W,YGR183C,0,-0.63509333,0.12786711752414703,0.9623016119003296,0.6621297001838684
YPL231W,YER175C,0,-0.63524276,0.1278502643108368,0.9623016119003296,0.6622297763824463
YPR016C,YKL126W,0,-0.63530564,0.12783342599868774,0.9623016119003296,0.6623298525810242
YOR298C-A,YDL171C,0,-0.6357892,0.1278165727853775,0.9623016119003296,0.662429928779602
YHR206W,YJL065C,0,-0.6357896,0.12779973447322845,0.9623016119003296,0.6625300049781799
YMR284W,YIR035C,0,-0.6358468,0.1277828961610794,0.9623016119003296,0.6626300811767578
YIR021W,YDR142C,0,-0.63587576,0.12776607275009155,0.9623016119003296,0.6627301573753357
YOR171C,YKR007W,0,-0.63598454,0.1277492493391037,0.9623016119003296,0.6628302931785583
YLR019W,YDR168W,0,-0.6362267,0.12773242592811584,0.9623016119003296,0.6629303693771362
YMR262W,YGL204C,0,-0.6363324,0.127715602517128,0.9623016119003296,0.6630304455757141
YHR150W,YDR018C,0,-0.63635236,0.12769879400730133,0.9623016119003296,0.663130521774292
YOR315W,YMR232W,0,-0.63660085,0.12768198549747467,0.9623016119003296,0.6632305979728699
YDR236C,YDL056W,0,-0.63718843,0.127665176987648,0.9623016119003296,0.6633306741714478
YAL055W,YGR241C,0,-0.6374727,0.12764836847782135,0.9623016119003296,0.6634307503700256
YOR034C,YPL170W,0,-0.6377735,0.12763157486915588,0.9623016119003296,0.6635308265686035
YDR096W,YGR101W,0,-0.63833034,0.12761478126049042,0.9623016119003296,0.6636309027671814
YPR018W,YGR100W,0,-0.6383813,0.12759800255298615,0.9623016119003296,0.6637309789657593
YPL016W,YMR232W,0,-0.6384495,0.12758122384548187,0.9623016119003296,0.6638310551643372
YJL142C,YGR098C,0,-0.63855296,0.1275644451379776,0.9623016119003296,0.663931131362915
YPR017C,YNR006W,0,-0.6386598,0.12754766643047333,0.9623016119003296,0.6640312075614929
YMR033W,YIR035C,0,-0.6387362,0.12753090262413025,0.9623016119003296,0.6641312837600708
YGL171W,YIL111W,0,-0.63876146,0.12751413881778717,0.9623016119003296,0.6642313599586487
YMR067C,YDR536W,0,-0.639108,0.1274973750114441,0.9623016119003296,0.6643314361572266
YFR025C,YJL192C,0,-0.6391644,0.127480611205101,0.9623016119003296,0.6644315719604492
YBR264C,YNR035C,0,-0.63925016,0.12746386229991913,0.9623016119003296,0.6645316481590271
YGR120C,YIL173W,0,-0.6397199,0.12744711339473724,0.9623016119003296,0.664631724357605
YHR089C,YLL040C,0,-0.6398844,0.12743037939071655,0.9623016119003296,0.6647318005561829
YGR277C,YBL106C,0,-0.64027435,0.12741363048553467,0.9623016119003296,0.6648318767547607
YPL148C,YMR186W,0,-0.64027727,0.12739689648151398,0.9623016119003296,0.6649319529533386
YBR237W,YMR040W,0,-0.6406129,0.12738017737865448,0.9623016119003296,0.6650320291519165
YML068W,YAL036C,0,-0.6408327,0.1273634433746338,0.9623016119003296,0.6651321053504944
YER176W,YJL056C,0,-0.6408694,0.1273467242717743,0.9623016119003296,0.6652321815490723
YFL055W,YOR373W,0,-0.6414568,0.1273300051689148,0.9623016119003296,0.6653322577476501
YNL284C,YHR001W,0,-0.6415767,0.1273133009672165,0.9623016119003296,0.665432333946228
YPR061C,YHR199C,0,-0.64159983,0.127296581864357,0.9623016119003296,0.6655324101448059
YHR011W,YLR174W,0,-0.64196503,0.1272798776626587,0.9623016119003296,0.6656324863433838
YDR214W,YER166W,0,-0.6424379,0.12726318836212158,0.9623016119003296,0.6657325625419617
YAL047C,YBR126C,0,-0.643162,0.12724648416042328,0.9623016119003296,0.6658326387405396
YBL039C,YKL104C,0,-0.64342034,0.12722979485988617,0.9623016119003296,0.6659327745437622
YPL060W,YIL047C,0,-0.643492,0.12721312046051025,0.9623016119003296,0.6660328507423401
YFR036W,YGR276C,0,-0.6440788,0.12719643115997314,0.9623016119003296,0.666132926940918
YGL114W,YCR036W,0,-0.6449745,0.12717975676059723,0.9623016119003296,0.6662330031394958
YPR175W,YDR216W,0,-0.6454703,0.1271630823612213,0.9623016119003296,0.6663330793380737
YGL079W,YIL027C,0,-0.64624816,0.1271464079618454,0.9623016119003296,0.6664331555366516
YPL259C,YKL211C,0,-0.6463683,0.12712974846363068,0.9623016119003296,0.6665332317352295
YIR021W,YDL227C,1,-0.64673644,0.12724412977695465,0.9632936716079712,0.6665332317352295
YLL061W,YJL052W,0,-0.646806,0.12722747027873993,0.9632936716079712,0.6666333079338074
YER174C,YIL134W,0,-0.6474731,0.127210795879364,0.9632936716079712,0.6667333841323853
YNL080C,YCR003W,0,-0.6476292,0.1271941363811493,0.9632936716079712,0.6668334603309631
YPR065W,YDL017W,0,-0.6477686,0.12717747688293457,0.9632936716079712,0.666933536529541
YPL252C,YDR314C,0,-0.6489223,0.12716081738471985,0.9632936716079712,0.6670336127281189
YOR166C,YLR312W-A,1,-0.64911693,0.12727510929107666,0.9642857313156128,0.6670336127281189
YLR214W,YHR021C,0,-0.64969796,0.12725844979286194,0.9642857313156128,0.6671336889266968
YHR012W,YKL087C,0,-0.64970773,0.12724179029464722,0.9642857313156128,0.6672337651252747
YGR040W,YLR029C,0,-0.64976436,0.1272251307964325,0.9642857313156128,0.6673338413238525
YHR183W,YDR532C,0,-0.6502822,0.12720848619937897,0.9642857313156128,0.6674339175224304
YKL014C,YOR354C,0,-0.6506817,0.12719184160232544,0.9642857313156128,0.6675340533256531
YPL007C,YBL064C,0,-0.6509657,0.1271751970052719,0.9642857313156128,0.667634129524231
YAR071W,YGR270W,0,-0.65128833,0.12715855240821838,0.9642857313156128,0.6677342057228088
YPR192W,YGR134W,0,-0.6512959,0.12714192271232605,0.9642857313156128,0.6678342819213867
YMR109W,YEL046C,0,-0.6514471,0.12712529301643372,0.9642857313156128,0.6679343581199646
YIL009W,YNL072W,0,-0.6514545,0.12710866332054138,0.9642857313156128,0.6680344343185425
YPL166W,YBR260C,0,-0.6519199,0.12709204852581024,0.9642857313156128,0.6681345105171204
YGR277C,YDR359C,0,-0.6519549,0.1270754337310791,0.9642857313156128,0.6682345867156982
YJL059W,YHR006W,0,-0.6520297,0.12705881893634796,0.9642857313156128,0.6683346629142761
YNL115C,YCR065W,0,-0.6521949,0.12704221904277802,0.9642857313156128,0.668434739112854
YOR174W,YOR132W,0,-0.65232307,0.12702561914920807,0.9642857313156128,0.6685348153114319
YMR119W,YOR256C,0,-0.65257174,0.12700901925563812,0.9642857313156128,0.6686348915100098
YER056C,YGL092W,0,-0.6528484,0.12699241936206818,0.9642857313156128,0.6687349677085876
YNL278W,YDR044W,0,-0.6531244,0.12697583436965942,0.9642857313156128,0.6688350439071655
YGR236C,YMR293C,0,-0.653418,0.12695924937725067,0.9642857313156128,0.6689351201057434
YKR081C,YLR179C,0,-0.6537631,0.12694266438484192,0.9642857313156128,0.6690352559089661
YLR247C,YNR049C,0,-0.6539342,0.12692609429359436,0.9642857313156128,0.669135332107544
YOL073C,YBR014C,0,-0.6541605,0.1269095242023468,0.9642857313156128,0.6692354083061218
YDR254W,YHL008C,0,-0.6542146,0.12689295411109924,0.9642857313156128,0.6693354845046997
YCR008W,YLL001W,0,-0.6543464,0.12687638401985168,0.9642857313156128,0.6694355607032776
YCL067C,YKL217W,0,-0.65448374,0.12685982882976532,0.9642857313156128,0.6695356369018555
YCL067C,YBR290W,0,-0.6552512,0.12684327363967896,0.9642857313156128,0.6696357131004333
YLR092W,YJL107C,0,-0.65563315,0.1268267184495926,0.9642857313156128,0.6697357892990112
YLR381W,YDR524C,0,-0.65573865,0.12681017816066742,0.9642857313156128,0.6698358654975891
YKL073W,YIL097W,0,-0.6559344,0.12679363787174225,0.9642857313156128,0.669935941696167
YEL032W,YLR005W,0,-0.65622246,0.12677709758281708,0.9642857313156128,0.6700360178947449
YBR154C,YKR085C,0,-0.6562975,0.1267605572938919,0.9642857313156128,0.6701360940933228
YOR372C,YGL173C,0,-0.6566193,0.12674403190612793,0.9642857313156128,0.6702361702919006
YDR400W,YDR018C,0,-0.65667206,0.12672750651836395,0.9642857313156128,0.6703362464904785
YKL138C,YPL269W,0,-0.6568984,0.12671099603176117,0.9642857313156128,0.6704363226890564
YNL297C,YKL065C,0,-0.6572965,0.1266944706439972,0.9642857313156128,0.670536458492279
YLR119W,YBL007C,0,-0.6573748,0.1266779601573944,0.9642857313156128,0.6706365346908569
YHR115C,YOL130W,0,-0.6575343,0.12666144967079163,0.9642857313156128,0.6707366108894348
YKR062W,YDR073W,0,-0.6583126,0.12664495408535004,0.9642857313156128,0.6708366870880127
YLR276C,YCR004C,0,-0.65849245,0.12662845849990845,0.9642857313156128,0.6709367632865906
YCR004C,YOR373W,0,-0.65855235,0.12661196291446686,0.9642857313156128,0.6710368394851685
YOR357C,YLL048C,0,-0.65861154,0.12659546732902527,0.9642857313156128,0.6711369156837463
YLR328W,YLR303W,0,-0.65890175,0.12657898664474487,0.9642857313156128,0.6712369918823242
YIR021W,YGR099W,0,-0.6589355,0.12656250596046448,0.9642857313156128,0.6713370680809021
YNL009W,YNL010W,0,-0.659345,0.12654602527618408,0.9642857313156128,0.67143714427948
YNL246W,YPR115W,0,-0.6597213,0.1265295445919037,0.9642857313156128,0.6715372204780579
YHR053C,YPL206C,0,-0.66016215,0.12651307880878448,0.9642857313156128,0.6716372966766357
YIR024C,YKL126W,0,-0.66029,0.12649661302566528,0.9642857313156128,0.6717373728752136
YDL174C,YOL137W,0,-0.6604319,0.12648016214370728,0.9642857313156128,0.6718374490737915
YIL098C,YKL092C,0,-0.6605473,0.12646369636058807,0.9642857313156128,0.6719375252723694
YOR016C,YLR204W,0,-0.6609442,0.12644724547863007,0.9642857313156128,0.6720376014709473
YKL034W,YDR087C,0,-0.6610069,0.12643079459667206,0.9642857313156128,0.6721377372741699
YPR183W,YLR197W,0,-0.6615176,0.12641435861587524,0.9642857313156128,0.6722378134727478
YOL051W,YOR174W,0,-0.66178733,0.12639792263507843,0.9642857313156128,0.6723378896713257
YJL035C,YAL008W,0,-0.6619143,0.12638148665428162,0.9642857313156128,0.6724379658699036
YKR034W,YER033C,0,-0.66235024,0.1263650506734848,0.9642857313156128,0.6725380420684814
YGR171C,YGL145W,0,-0.66258013,0.12634862959384918,0.9642857313156128,0.6726381182670593
YKR035W-A,YLL041C,0,-0.6627751,0.12633220851421356,0.9642857313156128,0.6727381944656372
YFL024C,YDR030C,0,-0.6627872,0.12631578743457794,0.9642857313156128,0.6728382706642151
YCR004C,YDL216C,0,-0.6628007,0.12629938125610352,0.9642857313156128,0.672938346862793
YOR172W,YOR232W,0,-0.6631655,0.1262829601764679,0.9642857313156128,0.6730384230613708
YBR016W,YIL035C,0,-0.6634689,0.12626656889915466,0.9642857313156128,0.6731384992599487
YOL003C,YPR002W,0,-0.6637626,0.12625016272068024,0.9642857313156128,0.6732385754585266
YGL011C,YOL148C,0,-0.6638179,0.126233771443367,0.9642857313156128,0.6733386516571045
YIL138C,YMR179W,0,-0.66406065,0.12621738016605377,0.9642857313156128,0.6734387278556824
YOL147C,YLR197W,0,-0.6647052,0.12620098888874054,0.9642857313156128,0.6735388040542603
YEL015W,YLR381W,0,-0.66525525,0.1261845976114273,0.9642857313156128,0.6736389398574829
YKR051W,YLL049W,0,-0.6652573,0.12616822123527527,0.9642857313156128,0.6737390160560608
YJL001W,YLR210W,0,-0.6654952,0.12615184485912323,0.9642857313156128,0.6738390922546387
YNL027W,YCR036W,0,-0.66561115,0.12613548338413239,0.9642857313156128,0.6739391684532166
YOR095C,YAL002W,0,-0.6657327,0.12611910700798035,0.9642857313156128,0.6740392446517944
YDR004W,YAL036C,0,-0.66574687,0.1261027455329895,0.9642857313156128,0.6741393208503723
YLL018C,YDL150W,0,-0.66594744,0.12608639895915985,0.9642857313156128,0.6742393970489502
YNL016W,YMR076C,0,-0.6663565,0.126070037484169,0.9642857313156128,0.6743394732475281
YKL197C,YBR106W,0,-0.66636014,0.12605369091033936,0.9642857313156128,0.674439549446106
YMR232W,YJL093C,0,-0.666585,0.1260373443365097,0.9642857313156128,0.6745396256446838
YOR234C,YMR179W,0,-0.6669016,0.12602099776268005,0.9642857313156128,0.6746397018432617
YHL031C,YHL008C,0,-0.66704226,0.1260046660900116,0.9642857313156128,0.6747397780418396
YPL026C,YDR489W,0,-0.6670746,0.12598833441734314,0.9642857313156128,0.6748398542404175
YHR082C,YFR045W,0,-0.667103,0.12597200274467468,0.9642857313156128,0.6749399304389954
YDR319C,YOR373W,0,-0.6674822,0.12595568597316742,0.9642857313156128,0.6750400066375732
YPL266W,YGR100W,0,-0.66749537,0.12593936920166016,0.9642857313156128,0.6751400828361511
YOL003C,YJL099W,0,-0.6676428,0.1259230524301529,0.9642857313156128,0.6752402186393738
YBR246W,YDR295C,0,-0.6677604,0.12590673565864563,0.9642857313156128,0.6753402948379517
YCR009C,YPR073C,0,-0.66804653,0.12589043378829956,0.9642857313156128,0.6754403710365295
YDR118W,YKL219W,0,-0.6687973,0.1258741319179535,0.9642857313156128,0.6755404472351074
YPL106C,YPR073C,0,-0.66886145,0.12585783004760742,0.9642857313156128,0.6756405234336853
YGR047C,YLR197W,0,-0.66886204,0.12584152817726135,0.9642857313156128,0.6757405996322632
YLR178C,YGR276C,0,-0.6695518,0.12582524120807648,0.9642857313156128,0.6758406758308411
YNL327W,YDR453C,0,-0.66964346,0.1258089542388916,0.9642857313156128,0.675940752029419
YLR352W,YGR197C,0,-0.6699042,0.12579268217086792,0.9642857313156128,0.6760408282279968
YOR329C,YGL048C,0,-0.6699685,0.12577639520168304,0.9642857313156128,0.6761409044265747
YNL115C,YGL095C,0,-0.67016363,0.12576012313365936,0.9642857313156128,0.6762409806251526
YDL108W,YDR338C,0,-0.67056334,0.12574385106563568,0.9642857313156128,0.6763410568237305
YLR242C,YPL219W,0,-0.6705984,0.1257275938987732,0.9642857313156128,0.6764411330223083
YLR204W,YDL019C,0,-0.67066985,0.1257113367319107,0.9642857313156128,0.6765412092208862
YLR164W,YLR450W,0,-0.67100006,0.12569507956504822,0.9642857313156128,0.6766412854194641
YPL078C,YMR104C,0,-0.67132896,0.12567882239818573,0.9642857313156128,0.6767414212226868
YOR009W,YER175C,0,-0.6714341,0.12566258013248444,0.9642857313156128,0.6768414974212646
YOL051W,YPL118W,0,-0.671869,0.12564632296562195,0.9642857313156128,0.6769415736198425
YDR236C,YLR214W,0,-0.67208356,0.12563009560108185,0.9642857313156128,0.6770416498184204
YBR279W,YHR117W,0,-0.6723338,0.12561385333538055,0.9642857313156128,0.6771417260169983
YPL161C,YBL019W,0,-0.6724176,0.12559762597084045,0.9642857313156128,0.6772418022155762
YDR317W,YMR302C,0,-0.6726714,0.12558139860630035,0.9642857313156128,0.677341878414154
YLR119W,YBL033C,0,-0.67274284,0.12556517124176025,0.9642857313156128,0.6774419546127319
YNL087W,YHR006W,0,-0.6733376,0.12554895877838135,0.9642857313156128,0.6775420308113098
YNL129W,YNL059C,0,-0.6733741,0.12553274631500244,0.9642857313156128,0.6776421070098877
YNR076W,YGR170W,0,-0.6734002,0.12551653385162354,0.9642857313156128,0.6777421832084656
YLR466W,YHR139C,0,-0.67354095,0.12550032138824463,0.9642857313156128,0.6778422594070435
YGR180C,YEL004W,0,-0.67368025,0.12548412382602692,0.9642857313156128,0.6779423356056213
YLR328W,YER007W,0,-0.6742428,0.1254679262638092,0.9642857313156128,0.6780424118041992
YDR540C,YGL145W,0,-0.67450005,0.1254517287015915,0.9642857313156128,0.6781424880027771
YGL168W,YDR304C,0,-0.6749773,0.12543554604053497,0.9642857313156128,0.6782426238059998
YOL148C,YIL070C,0,-0.6751731,0.12541934847831726,0.9642857313156128,0.6783427000045776
YOR315W,YMR016C,0,-0.67559856,0.12540318071842194,0.9642857313156128,0.6784427762031555
YIL036W,YPR023C,0,-0.67577064,0.12538699805736542,0.9642857313156128,0.6785428524017334
YCL025C,YGR187C,0,-0.6761127,0.1253708302974701,0.9642857313156128,0.6786429286003113
YDR304C,YDR377W,0,-0.67696875,0.12535466253757477,0.9642857313156128,0.6787430047988892
YOR129C,YKL004W,0,-0.6773502,0.12533849477767944,0.9642857313156128,0.678843080997467
YNR008W,YLR288C,0,-0.6778555,0.12532232701778412,0.9642857313156128,0.6789431571960449
YDR019C,YCL031C,0,-0.6782946,0.12530617415905,0.9642857313156128,0.6790432333946228
YNL299W,YCL038C,0,-0.6785913,0.12529002130031586,0.9642857313156128,0.6791433095932007
YDR147W,YPR023C,0,-0.6786563,0.12527386844158173,0.9642857313156128,0.6792433857917786
YKR071C,YOR167C,0,-0.6787477,0.1252577304840088,0.9642857313156128,0.6793434619903564
YOR071C,YBR045C,0,-0.6791942,0.12524159252643585,0.9642857313156128,0.6794435381889343
YDL185W,YAL005C,0,-0.6798254,0.12522545456886292,0.9642857313156128,0.6795436143875122
YIL035C,YGL006W,0,-0.68133634,0.12520933151245117,0.9642857313156128,0.6796436905860901
YPR145W,YLL061W,0,-0.681651,0.12519319355487823,0.9642857313156128,0.679743766784668
YKR016W,YJR124C,0,-0.68179804,0.1251770704984665,0.9642857313156128,0.6798439025878906
YNL290W,YMR284W,0,-0.68194604,0.12516096234321594,0.9642857313156128,0.6799439787864685
YDL192W,YOR256C,0,-0.6829426,0.1251448392868042,0.9642857313156128,0.6800440549850464
YML058W,YMR060C,0,-0.683373,0.12512873113155365,0.9642857313156128,0.6801441311836243
YOR064C,YPL089C,0,-0.6834726,0.1251126229763031,0.9642857313156128,0.6802442073822021
YPL097W,YDL047W,0,-0.68384224,0.12509652972221375,0.9642857313156128,0.68034428358078
YIL148W,YDL171C,0,-0.6843443,0.1250804215669632,0.9642857313156128,0.6804443597793579
YOR129C,YGR175C,0,-0.68436676,0.12506432831287384,0.9642857313156128,0.6805444359779358
YDR522C,YHL016C,0,-0.68523866,0.12504824995994568,0.9642857313156128,0.6806445121765137
YIL109C,YKR101W,0,-0.68586916,0.12503215670585632,0.9642857313156128,0.6807445883750916
YDR317W,YPR183W,0,-0.68598646,0.12501607835292816,0.9642857313156128,0.6808446645736694
YGR032W,YPL053C,0,-0.6862107,0.125,0.9642857313156128,0.6809447407722473
YNL249C,YBL101C,0,-0.68660754,0.12498392909765244,0.9642857313156128,0.6810448169708252
YKL056C,YBR180W,0,-0.6870348,0.12496785819530487,0.9642857313156128,0.6811448931694031
YGL156W,YPR183W,0,-0.6871375,0.1249517947435379,0.9642857313156128,0.681244969367981
YGR184C,YIL018W,0,-0.6872763,0.12493573129177094,0.9642857313156128,0.6813451051712036
YER025W,YGR002C,0,-0.68766326,0.12491967529058456,0.9642857313156128,0.6814451813697815
YPL139C,YDR430C,0,-0.6882148,0.12490362673997879,0.9642857313156128,0.6815452575683594
YLR144C,YGR007W,0,-0.6887279,0.12488757818937302,0.9642857313156128,0.6816453337669373
YOL032W,YNL027W,0,-0.6889991,0.12487152963876724,0.9642857313156128,0.6817454099655151
YNL258C,YGR234W,0,-0.68910986,0.12485548853874207,0.9642857313156128,0.681845486164093
YNL284C,YMR232W,0,-0.68946207,0.12483945488929749,0.9642857313156128,0.6819455623626709
YNL061W,YGR100W,0,-0.68970007,0.1248234212398529,0.9642857313156128,0.6820456385612488
YGL114W,YKL011C,0,-0.68979794,0.12480739504098892,0.9642857313156128,0.6821457147598267
YHR112C,YBR148W,0,-0.68990034,0.12479136884212494,0.9642857313156128,0.6822457909584045
YPR167C,YIR033W,0,-0.6900453,0.12477535009384155,0.9642857313156128,0.6823458671569824
YOR023C,YOR372C,0,-0.6906979,0.12475933879613876,0.9642857313156128,0.6824459433555603
YDL135C,YLR204W,0,-0.6907536,0.12474332749843597,0.9642857313156128,0.6825460195541382
YJR136C,YDR363W,0,-0.6909506,0.12472731620073318,0.9642857313156128,0.6826460957527161
YER176W,YDL185W,0,-0.6911974,0.12471131980419159,0.9642857313156128,0.682746171951294
YFR051C,YGR058W,0,-0.69129103,0.1246953159570694,0.9642857313156128,0.6828462481498718
YJL062W,YGR099W,0,-0.6919175,0.1246793195605278,0.9642857313156128,0.6829463839530945
YKL135C,YMR160W,0,-0.6920063,0.1246633306145668,0.9642857313156128,0.6830464601516724
YJL056C,YGR258C,0,-0.69224423,0.1246473491191864,0.9642857313156128,0.6831465363502502
YAL054C,YDR129C,0,-0.6926543,0.1246313601732254,0.9642857313156128,0.6832466125488281
YJL131C,YNL122C,0,-0.69269747,0.1246153861284256,0.9642857313156128,0.683346688747406
YBR126C,YDR359C,0,-0.6927076,0.1245994120836258,0.9642857313156128,0.6834467649459839
YJL146W,YLR318W,0,-0.69283015,0.12458343803882599,0.9642857313156128,0.6835468411445618
YNL078W,YGR007W,0,-0.6935035,0.12456747144460678,0.9642857313156128,0.6836469173431396
YBR135W,YIL122W,0,-0.69422394,0.12455151230096817,0.9642857313156128,0.6837469935417175
YBR233W-A,YHR199C,0,-0.6949307,0.12453555315732956,0.9642857313156128,0.6838470697402954
YPL052W,YFL062W,0,-0.69536585,0.12451960146427155,0.9642857313156128,0.6839471459388733
YOR034C,YNR038W,0,-0.6954589,0.12450364977121353,0.9642857313156128,0.6840472221374512
YLR133W,YCL063W,0,-0.69572705,0.12448770552873611,0.9642857313156128,0.684147298336029
YLR005W,YDR410C,0,-0.69600594,0.1244717612862587,0.9642857313156128,0.6842473745346069
YOL096C,YML077W,0,-0.69652814,0.12445582449436188,0.9642857313156128,0.6843474507331848
YPL163C,YML076C,0,-0.69671506,0.12443989515304565,0.9642857313156128,0.6844475865364075
YOR315W,YBR188C,0,-0.69736284,0.12442396581172943,0.9642857313156128,0.6845476627349854
YKR034W,YMR274C,0,-0.6974353,0.12440803647041321,0.9642857313156128,0.6846477389335632
YHR150W,YDR004W,0,-0.69745606,0.12439211457967758,0.9642857313156128,0.6847478151321411
YDR019C,YNL129W,0,-0.69756305,0.12437620013952255,0.9642857313156128,0.684847891330719
YJL196C,YDR014W,0,-0.6989338,0.12436028569936752,0.9642857313156128,0.6849479675292969
YHR209W,YGR010W,0,-0.698939,0.12434437870979309,0.9642857313156128,0.6850480437278748
YHR107C,YOL098C,0,-0.699042,0.12432847172021866,0.9642857313156128,0.6851481199264526
YDR501W,YOR147W,0,-0.699143,0.12431257218122482,0.9642857313156128,0.6852481961250305
YGR198W,YMR232W,0,-0.6993589,0.12429667264223099,0.9642857313156128,0.6853482723236084
YLR132C,YDR279W,1,-0.69951123,0.12440863996744156,0.9652777910232544,0.6853482723236084
YGL064C,YKL077W,0,-0.69959265,0.12439274042844772,0.9652777910232544,0.6854483485221863
YLR319C,YIL013C,0,-0.699866,0.12437684088945389,0.9652777910232544,0.6855484247207642
YDR037W,YDR162C,0,-0.7001452,0.12436094135046005,0.9652777910232544,0.685648500919342
YKL073W,YKR027W,0,-0.7002766,0.12434504926204681,0.9652777910232544,0.6857485771179199
YHR089C,YER087C-B,0,-0.70032364,0.12432915717363358,0.9652777910232544,0.6858486533164978
YGR010W,YGL005C,0,-0.70035934,0.12431327253580093,0.9652777910232544,0.6859487295150757
YOR156C,YPL121C,0,-0.7006625,0.12429739534854889,0.9652777910232544,0.6860488653182983
YIR026C,YBR221C,0,-0.70069283,0.12428151816129684,0.9652777910232544,0.6861489415168762
YLR119W,YBR094W,0,-0.70072,0.1242656484246254,0.9652777910232544,0.6862490177154541
YLR328W,YLR452C,0,-0.7018665,0.12424977868795395,0.9652777910232544,0.686349093914032
YDR093W,YNL061W,0,-0.7022622,0.1242339089512825,0.9652777910232544,0.6864491701126099
YNL115C,YPL001W,0,-0.70326406,0.12421805411577225,0.9652777910232544,0.6865492463111877
YFR047C,YDR312W,0,-0.7033382,0.124202199280262,0.9652777910232544,0.6866493225097656
YCR009C,YOL127W,0,-0.70339036,0.12418634444475174,0.9652777910232544,0.6867493987083435
YPR022C,YBR182C,0,-0.7034767,0.12417049705982208,0.9652777910232544,0.6868494749069214
YLR099C,YNL200C,0,-0.7040028,0.12415464967489243,0.9652777910232544,0.6869495511054993
YGR236C,YMR215W,0,-0.70417476,0.12413880974054337,0.9652777910232544,0.6870496273040771
YKL056C,YER176W,0,-0.704362,0.1241229772567749,0.9652777910232544,0.687149703502655
YPL119C,YML072C,0,-0.7045156,0.12410714477300644,0.9652777910232544,0.6872497797012329
YKL168C,YMR028W,0,-0.7045359,0.12409131228923798,0.9652777910232544,0.6873498558998108
YBR154C,YOR354C,0,-0.70480794,0.12407548725605011,0.9652777910232544,0.6874499320983887
YJR009C,YOL096C,0,-0.7050502,0.12405966967344284,0.9652777910232544,0.6875500679016113
YDL135C,YLR005W,0,-0.705489,0.12404385209083557,0.9652777910232544,0.6876501441001892
YKL104C,YDR524C,0,-0.705954,0.1240280419588089,0.9652777910232544,0.6877502202987671
YHR199C,YNL230C,0,-0.70608974,0.12401223182678223,0.9652777910232544,0.687850296497345
YLR403W,YGR191W,0,-0.7061153,0.12399642914533615,0.9652777910232544,0.6879503726959229
YDR312W,YGR255C,0,-0.70675796,0.12398063391447067,0.9652777910232544,0.6880504488945007
YBR171W,YBR290W,0,-0.70689416,0.1239648386836052,0.9652777910232544,0.6881505250930786
YOL147C,YDR314C,0,-0.7070708,0.12394904345273972,0.9652777910232544,0.6882506012916565
YGR197C,YER122C,0,-0.7075887,0.12393325567245483,0.9652777910232544,0.6883506774902344
YLR178C,YNR002C,0,-0.70799,0.12391747534275055,0.9652777910232544,0.6884507536888123
YMR074C,YBR237W,0,-0.70802295,0.12390169501304626,0.9652777910232544,0.6885508298873901
YDR175C,YOL008W,0,-0.70804197,0.12388591468334198,0.9652777910232544,0.688650906085968
YHR085W,YGL192W,0,-0.70885885,0.12387014925479889,0.9652777910232544,0.6887509822845459
YLL025W,YBR287W,0,-0.70897967,0.1238543763756752,0.9652777910232544,0.6888510584831238
YNL258C,YGL051W,0,-0.70919317,0.12383861839771271,0.9652777910232544,0.6889511346817017
YNL160W,YCR106W,0,-0.709567,0.12382285296916962,0.9652777910232544,0.6890512704849243
YGL090W,YIL027C,0,-0.7097143,0.12380710244178772,0.9652777910232544,0.6891513466835022
YHR005C,YBR191W,0,-0.7098159,0.12379135191440582,0.9652777910232544,0.6892514228820801
YAL028W,YML112W,0,-0.70984834,0.12377560138702393,0.9652777910232544,0.689351499080658
YHR082C,YDR004W,0,-0.710209,0.12375985831022263,0.9652777910232544,0.6894515752792358
YHR076W,YNL080C,0,-0.71051663,0.12374411523342133,0.9652777910232544,0.6895516514778137
YLR452C,YIL005W,0,-0.7106493,0.12372837960720062,0.9652777910232544,0.6896517276763916
YBL007C,YDL064W,0,-0.71088797,0.12371265143156052,0.9652777910232544,0.6897518038749695
YER052C,YMR308C,0,-0.71133465,0.12369692325592041,0.9652777910232544,0.6898518800735474
YDR168W,YOR125C,0,-0.71172327,0.1236812025308609,0.9652777910232544,0.6899519562721252
YGR123C,YHL031C,0,-0.7118601,0.12366548180580139,0.9652777910232544,0.6900520324707031
YGR080W,YDR210W,0,-0.7121025,0.12364976853132248,0.9652777910232544,0.690152108669281
YKR099W,YPL026C,0,-0.7123714,0.12363405525684357,0.9652777910232544,0.6902521848678589
YML068W,YGR184C,0,-0.71256465,0.12361834943294525,0.9652777910232544,0.6903522610664368
YMR262W,YNL010W,0,-0.71284515,0.12360264360904694,0.9652777910232544,0.6904523372650146
YPL112C,YER178W,0,-0.712944,0.12358694523572922,0.9652777910232544,0.6905524134635925
YNR021W,YDR064W,0,-0.7134715,0.1235712468624115,0.9652777910232544,0.6906525492668152
YDR002W,YOR278W,0,-0.71367073,0.12355555593967438,0.9652777910232544,0.6907526254653931
YIL117C,YPL169C,0,-0.71399444,0.12353986501693726,0.9652777910232544,0.690852701663971
YDL209C,YDR536W,0,-0.7141124,0.12352418154478073,0.9652777910232544,0.6909527778625488
YPL169C,YGL173C,0,-0.71427464,0.1235085055232048,0.9652777910232544,0.6910528540611267
YJR136C,YOR255W,0,-0.7143828,0.12349282950162888,0.9652777910232544,0.6911529302597046
YDL164C,YMR157C,0,-0.714449,0.12347716093063354,0.9652777910232544,0.6912530064582825
YCL044C,YBR067C,0,-0.7145721,0.12346149235963821,0.9652777910232544,0.6913530826568604
YOL089C,YNL061W,0,-0.714678,0.12344582378864288,0.9652777910232544,0.6914531588554382
YHR209W,YDR093W,0,-0.7161018,0.12343016266822815,0.9652777910232544,0.6915532350540161
YHR074W,YDR163W,0,-0.7167925,0.12341450899839401,0.9652777910232544,0.691653311252594
YFR047C,YDR523C,0,-0.7168837,0.12339885532855988,0.9652777910232544,0.6917533874511719
YIR024C,YDR371W,0,-0.7172792,0.12338320910930634,0.9652777910232544,0.6918534636497498
YMR210W,YDL099W,0,-0.7172814,0.12336757034063339,0.9652777910232544,0.6919535398483276
YLR219W,YEL068C,0,-0.71777105,0.12335192412137985,0.9652777910232544,0.6920536160469055
YLR164W,YGR262C,0,-0.7181412,0.1233362928032875,0.9652777910232544,0.6921537518501282
YPR042C,YDR130C,0,-0.71838796,0.12332066148519516,0.9652777910232544,0.692253828048706
YKR016W,YOR007C,0,-0.7187905,0.12330503016710281,0.9652777910232544,0.6923539042472839
YAR071W,YPL166W,0,-0.7188105,0.12328940629959106,0.9652777910232544,0.6924539804458618
YMR087W,YMR070W,0,-0.7188311,0.12327378988265991,0.9652777910232544,0.6925540566444397
YGR101W,YML127W,0,-0.7191749,0.12325817346572876,0.9652777910232544,0.6926541328430176
YOR047C,YGR258C,0,-0.71936375,0.12324255704879761,0.9652777910232544,0.6927542090415955
YPL159C,YGR006W,0,-0.719499,0.12322694808244705,0.9652777910232544,0.6928542852401733
YLR133W,YDR481C,0,-0.72049934,0.1232113465666771,0.9652777910232544,0.6929543614387512
YBR135W,YOR368W,0,-0.72058743,0.12319574505090714,0.9652777910232544,0.6930544376373291
YCR004C,YLR381W,0,-0.72083104,0.12318015098571777,0.9652777910232544,0.693154513835907
YHR096C,YLR005W,0,-0.7213081,0.12316455692052841,0.9652777910232544,0.6932545900344849
YDR037W,YLR260W,0,-0.7216867,0.12314897030591965,0.9652777910232544,0.6933546662330627
YNL178W,YPL246C,0,-0.7219645,0.12313338369131088,0.9652777910232544,0.6934547424316406
YDR523C,YDL035C,0,-0.72234637,0.12311780452728271,0.9652777910232544,0.6935548186302185
YOR071C,YDR018C,0,-0.7224193,0.12310222536325455,0.9652777910232544,0.6936548948287964
YEL061C,YGL077C,0,-0.7228123,0.12308665364980698,0.9652777910232544,0.693755030632019
YBR149W,YOL107W,0,-0.7229673,0.1230710819363594,0.9652777910232544,0.6938551068305969
YPL053C,YDR334W,0,-0.7236355,0.12305551767349243,0.9652777910232544,0.6939551830291748
YNL281W,YLR433C,0,-0.72443897,0.12303996086120605,0.9652777910232544,0.6940552592277527
YDL126C,YMR005W,0,-0.7245332,0.12302440404891968,0.9652777910232544,0.6941553354263306
YDR400W,YKL154W,0,-0.7246103,0.1230088472366333,0.9652777910232544,0.6942554116249084
YML118W,YGL173C,1,-0.7249402,0.12311970442533493,0.966269850730896,0.6942554116249084
YDR486C,YKR101W,0,-0.7260691,0.12310414761304855,0.966269850730896,0.6943554878234863
YIL097W,YBR158W,0,-0.72676104,0.12308859080076218,0.966269850730896,0.6944555640220642
YER154W,YDR056C,0,-0.72682893,0.1230730339884758,0.966269850730896,0.6945556402206421
YHR183W,YLR219W,0,-0.7268936,0.12305748462677002,0.966269850730896,0.69465571641922
YLL018C,YDL117W,0,-0.727065,0.12304194271564484,0.966269850730896,0.6947557926177979
YDR109C,YNR049C,0,-0.72715193,0.12302640080451965,0.966269850730896,0.6948558688163757
YAL054C,YCR065W,0,-0.72726816,0.12301085889339447,0.966269850730896,0.6949559450149536
YMR119W,YOR110W,0,-0.72812873,0.12299532443284988,0.966269850730896,0.6950560212135315
YGR194C,YMR070W,0,-0.72881097,0.1229797974228859,0.966269850730896,0.6951560974121094
YGR155W,YDR523C,0,-0.7290254,0.1229642704129219,0.966269850730896,0.695256233215332
YEL059C-A,YLR247C,0,-0.7293082,0.12294875085353851,0.966269850730896,0.6953563094139099
YOR099W,YDL119C,0,-0.7295015,0.12293323129415512,0.966269850730896,0.6954563856124878
YOR147W,YLR176C,0,-0.72963274,0.12291771918535233,0.966269850730896,0.6955564618110657
YHR206W,YJL090C,0,-0.72978973,0.12290220707654953,0.966269850730896,0.6956565380096436
YGL092W,YOR234C,0,-0.7302394,0.12288670241832733,0.966269850730896,0.6957566142082214
YLL024C,YOR001W,0,-0.7303396,0.12287119776010513,0.966269850730896,0.6958566904067993
YHR206W,YDL230W,0,-0.7310215,0.12285570055246353,0.966269850730896,0.6959567666053772
YHR158C,YAL005C,0,-0.7311963,0.12284020334482193,0.966269850730896,0.6960568428039551
YOR009W,YFR031C,0,-0.7314972,0.12282471358776093,0.966269850730896,0.696156919002533
YLL001W,YHR184W,0,-0.7317192,0.12280923128128052,0.966269850730896,0.6962569952011108
YBR149W,YGL204C,0,-0.73181254,0.12279374897480011,0.966269850730896,0.6963570713996887
YOR125C,YJL076W,0,-0.7318343,0.1227782666683197,0.966269850730896,0.6964571475982666
YPL052W,YDR056C,0,-0.73200446,0.12276279181241989,0.966269850730896,0.6965572237968445
YDR471W,YPL252C,0,-0.73269325,0.12274732440710068,0.966269850730896,0.6966572999954224
YLL018C,YDR314C,0,-0.7327267,0.12273185700178146,0.966269850730896,0.6967573761940002
YER111C,YHR183W,0,-0.7329921,0.12271638959646225,0.966269850730896,0.6968575119972229
YNL178W,YGR002C,0,-0.7330363,0.12270092964172363,0.966269850730896,0.6969575881958008
YNR052C,YFR025C,0,-0.7337688,0.12268547713756561,0.966269850730896,0.6970576643943787
YOL003C,YMR009W,0,-0.73453563,0.12267002463340759,0.966269850730896,0.6971577405929565
YOR062C,YPR183W,0,-0.7349935,0.12265457957983017,0.966269850730896,0.6972578167915344
YOL032W,YJL059W,0,-0.7350175,0.12263913452625275,0.966269850730896,0.6973578929901123
YOR125C,YER019C-A,0,-0.73509413,0.12262369692325592,0.966269850730896,0.6974579691886902
YBR062C,YJL020C,0,-0.7351188,0.1226082593202591,0.966269850730896,0.6975580453872681
YGR040W,YLR005W,0,-0.7351586,0.12259282916784286,0.966269850730896,0.697658121585846
YDR254W,YFR015C,0,-0.7355909,0.12257739901542664,0.966269850730896,0.6977581977844238
YPL148C,YNR031C,0,-0.7356158,0.122561976313591,0.966269850730896,0.6978582739830017
YER122C,YNL300W,0,-0.73561853,0.12254655361175537,0.966269850730896,0.6979583501815796
YDL103C,YHL008C,0,-0.73562855,0.12253113836050034,0.966269850730896,0.6980584263801575
YGR189C,YMR292W,0,-0.7357141,0.1225157231092453,0.966269850730896,0.6981585025787354
YOR161C,YDR235W,0,-0.7362615,0.12250031530857086,0.966269850730896,0.6982585787773132
YGR194C,YBR062C,0,-0.7362636,0.12248490750789642,0.966269850730896,0.6983587145805359
YDR170C,YJL044C,0,-0.736643,0.12246950715780258,0.966269850730896,0.6984587907791138
YOR020C,YDR002W,0,-0.73667735,0.12245411425828934,0.966269850730896,0.6985588669776917
YKR026C,YFL038C,0,-0.7369096,0.12243872135877609,0.966269850730896,0.6986589431762695
YNL238W,YHR179W,0,-0.7370054,0.12242332845926285,0.966269850730896,0.6987590193748474
YJR091C,YOR368W,0,-0.7372937,0.1224079430103302,0.966269850730896,0.6988590955734253
YPL161C,YLR390W,0,-0.7375631,0.12239255756139755,0.966269850730896,0.6989591717720032
YHR043C,YKR101W,0,-0.7380348,0.1223771795630455,0.966269850730896,0.699059247970581
YGR278W,YNL055C,0,-0.7383038,0.12236180901527405,0.966269850730896,0.6991593241691589
YAL014C,YHR010W,0,-0.73854446,0.1223464384675026,0.966269850730896,0.6992594003677368
YLR168C,YGR026W,0,-0.738682,0.12233107537031174,0.966269850730896,0.6993594765663147
YHR081W,YOL151W,0,-0.73913395,0.12231571227312088,0.966269850730896,0.6994595527648926
YKL138C,YDL035C,0,-0.73975265,0.12230034917593002,0.966269850730896,0.6995596289634705
YOR005C,YPR009W,0,-0.73982614,0.12228499352931976,0.966269850730896,0.6996597051620483
YML011C,YBR175W,0,-0.7399482,0.1222696453332901,0.966269850730896,0.6997597813606262
YNR035C,YFL029C,0,-0.7404024,0.12225429713726044,0.966269850730896,0.6998599171638489
YPL052W,YNL027W,0,-0.740804,0.12223895639181137,0.966269850730896,0.6999599933624268
YDR522C,YJR078W,0,-0.7408253,0.1222236156463623,0.966269850730896,0.7000600695610046
YDR454C,YBL039C,0,-0.74192905,0.12220828235149384,0.966269850730896,0.7001601457595825
YLR014C,YGR234W,0,-0.7429321,0.12219294905662537,0.966269850730896,0.7002602219581604
YDR540C,YJL052W,0,-0.7444307,0.1221776232123375,0.966269850730896,0.7003602981567383
YJR091C,YLL036C,0,-0.7446104,0.12216229736804962,0.966269850730896,0.7004603743553162
YDR522C,YNL197C,0,-0.7446509,0.12214697897434235,0.966269850730896,0.700560450553894
YIL095W,YDR540C,0,-0.7447637,0.12213166058063507,0.966269850730896,0.7006605267524719
YDR371W,YHR102W,0,-0.7448639,0.12211634963750839,0.966269850730896,0.7007606029510498
YBR247C,YFL020C,0,-0.7457016,0.12210103869438171,0.966269850730896,0.7008606791496277
YOL107W,YCL016C,0,-0.745937,0.12208573520183563,0.966269850730896,0.7009607553482056
YOR236W,YDR314C,0,-0.7465422,0.12207043170928955,0.966269850730896,0.7010608315467834
YIL117C,YDR493W,0,-0.7467752,0.12205513566732407,0.966269850730896,0.7011609077453613
YOR001W,YDL185W,1,-0.747124,0.12216514348983765,0.9672619104385376,0.7011609077453613
YOL089C,YNR049C,0,-0.7472444,0.12214983999729156,0.9672619104385376,0.7012609839439392
YHR209W,YAL056W,0,-0.7476464,0.12213453650474548,0.9672619104385376,0.7013610601425171
YLR451W,YDL171C,0,-0.7477101,0.12211924046278,0.9672619104385376,0.7014611959457397
YAL043C,YOR373W,0,-0.7479996,0.12210394442081451,0.9672619104385376,0.7015612721443176
YPR009W,YOL112W,0,-0.7480826,0.12208865582942963,0.9672619104385376,0.7016613483428955
YBR191W,YNL246W,0,-0.748138,0.12207336723804474,0.9672619104385376,0.7017614245414734
YOR301W,YBR086C,0,-0.7482535,0.12205808609724045,0.9672619104385376,0.7018615007400513
YDR194C,YKL195W,0,-0.7487343,0.12204281240701675,0.9672619104385376,0.7019615769386292
YOR063W,YPL259C,0,-0.7489253,0.12202753126621246,0.9672619104385376,0.702061653137207
YNL242W,YBR229C,0,-0.7494388,0.12201226502656937,0.9672619104385376,0.7021617293357849
YKR056W,YGR255C,0,-0.7502689,0.12199699878692627,0.9672619104385376,0.7022618055343628
YNL321W,YER117W,0,-0.7504564,0.12198173254728317,0.9672619104385376,0.7023618817329407
YNL207W,YGL190C,0,-0.75097007,0.12196647375822067,0.9672619104385376,0.7024619579315186
YMR282C,YOR349W,0,-0.75164783,0.12195122241973877,0.9672619104385376,0.7025620341300964
YDR236C,YKR016W,0,-0.751716,0.12193597108125687,0.9672619104385376,0.7026621103286743
YJL055W,YBR235W,0,-0.75181127,0.12192071974277496,0.9672619104385376,0.7027621865272522
YDR170C,YJR101W,0,-0.75184566,0.12190547585487366,0.9672619104385376,0.7028622627258301
YNL270C,YLR203C,0,-0.75187004,0.12189023941755295,0.9672619104385376,0.7029623985290527
YEL024W,YER062C,0,-0.752097,0.12187500298023224,0.9672619104385376,0.7030624747276306
YDL083C,YML060W,0,-0.7521374,0.12185976654291153,0.9672619104385376,0.7031625509262085
YGL192W,YGR252W,0,-0.7521644,0.12184453755617142,0.9672619104385376,0.7032626271247864
YJR091C,YOL148C,0,-0.75255984,0.1218293160200119,0.9672619104385376,0.7033627033233643
YLR242C,YNR008W,0,-0.7526455,0.12181409448385239,0.9672619104385376,0.7034627795219421
YOL104C,YHR039C-A,0,-0.7528936,0.12179887294769287,0.9672619104385376,0.70356285572052
YBL061C,YDR129C,0,-0.7532753,0.12178365886211395,0.9672619104385376,0.7036629319190979
YGL004C,YDR377W,0,-0.75357366,0.12176845222711563,0.9672619104385376,0.7037630081176758
YLL012W,YIL097W,0,-0.7551577,0.12175324559211731,0.9672619104385376,0.7038630843162537
YPR103W,YBR188C,0,-0.7560783,0.12173804640769958,0.9672619104385376,0.7039631605148315
YGL129C,YAL043C,0,-0.7560995,0.12172284722328186,0.9672619104385376,0.7040632367134094
YHR028C,YPL026C,0,-0.7563043,0.12170765548944473,0.9672619104385376,0.7041633129119873
YEL046C,YFL029C,0,-0.75699955,0.1216924637556076,0.9672619104385376,0.7042633891105652
YOL003C,YJL048C,0,-0.7571828,0.12167727202177048,0.9672619104385376,0.7043634653091431
YDL138W,YKR044W,0,-0.7572351,0.12166208773851395,0.9672619104385376,0.704463541507721
YBR062C,YCR011C,0,-0.7579816,0.12164691090583801,0.9672619104385376,0.7045636773109436
YNL238W,YKL219W,0,-0.75836855,0.12163173407316208,0.9672619104385376,0.7046637535095215
YHR123W,YGL190C,0,-0.7584643,0.12161656469106674,0.9672619104385376,0.7047638297080994
YIL070C,YDR334W,0,-0.7586008,0.1216013953089714,0.9672619104385376,0.7048639059066772
YFL008W,YOR373W,0,-0.759188,0.12158623337745667,0.9672619104385376,0.7049639821052551
YGL106W,YGL080W,0,-0.75940746,0.12157107144594193,0.9672619104385376,0.705064058303833
YPL078C,YPL119C,0,-0.7594589,0.12155591696500778,0.9672619104385376,0.7051641345024109
YDR363W,YPL026C,0,-0.7599662,0.12154076248407364,0.9672619104385376,0.7052642107009888
YFL059W,YEL056W,0,-0.75997585,0.12152561545372009,0.9672619104385376,0.7053642868995667
YNL160W,YDR228C,0,-0.760418,0.12151046842336655,0.9672619104385376,0.7054643630981445
YFR051C,YPL153C,0,-0.76049787,0.1214953288435936,0.9672619104385376,0.7055644392967224
YGL134W,YCR031C,0,-0.76066136,0.12148018926382065,0.9672619104385376,0.7056645154953003
YLR251W,YNL149C,0,-0.7607798,0.1214650571346283,0.9672619104385376,0.7057645916938782
YOR071C,YMR302C,0,-0.7608762,0.12144992500543594,0.9672619104385376,0.705864667892456
YER026C,YDL119C,0,-0.7610231,0.12143480032682419,0.9672619104385376,0.7059647440910339
YML075C,YHR096C,0,-0.76165193,0.12141967564821243,0.9672619104385376,0.7060648798942566
YDR481C,YLR320W,0,-0.76201195,0.12140455842018127,0.9672619104385376,0.7061649560928345
YLR133W,YPL026C,0,-0.7622357,0.12138944119215012,0.9672619104385376,0.7062650322914124
YPL053C,YOR062C,0,-0.76313275,0.12137433141469955,0.9672619104385376,0.7063651084899902
YBR087W,YBR236C,0,-0.76345545,0.12135922163724899,0.9672619104385376,0.7064651846885681
YBR191W,YER091C,0,-0.7634808,0.12134411931037903,0.9672619104385376,0.706565260887146
YBR156C,YDR253C,0,-0.76370406,0.12132901698350906,0.9672619104385376,0.7066653370857239
YKL067W,YJL055W,0,-0.76405317,0.1213139221072197,0.9672619104385376,0.7067654132843018
YOR359W,YGR225W,0,-0.76412743,0.12129882723093033,0.9672619104385376,0.7068654894828796
YNL087W,YLR260W,0,-0.7641366,0.12128373980522156,0.9672619104385376,0.7069655656814575
YGR236C,YOL061W,0,-0.7644065,0.12126865983009338,0.9672619104385376,0.7070656418800354
YNL281W,YJR045C,0,-0.7647677,0.12125357240438461,0.9672619104385376,0.7071657180786133
YML118W,YEL015W,0,-0.76551974,0.12123849987983704,0.9672619104385376,0.7072657942771912
YCL025C,YDR014W,0,-0.76678437,0.12122342735528946,0.9672619104385376,0.707365870475769
YAL055W,YKR084C,0,-0.7669336,0.12120835483074188,0.9672619104385376,0.7074659466743469
YLR059C,YOR368W,1,-0.7669608,0.12131758779287338,0.9682539701461792,0.7074659466743469
YDR210W,YPL118W,0,-0.76760167,0.12130250781774521,0.9682539701461792,0.7075660824775696
YIL138C,YDR202C,0,-0.76798093,0.12128743529319763,0.9682539701461792,0.7076661586761475
YOR129C,YPL246C,0,-0.768465,0.12127236276865005,0.9682539701461792,0.7077662348747253
YNL049C,YKL033W,0,-0.76890194,0.12125729769468307,0.9682539701461792,0.7078663110733032
YAL062W,YKR051W,0,-0.76892644,0.1212422326207161,0.9682539701461792,0.7079663872718811
YPL097W,YDR338C,0,-0.76901156,0.12122717499732971,0.9682539701461792,0.708066463470459
YKL032C,YLR116W,0,-0.76932293,0.12121212482452393,0.9682539701461792,0.7081665396690369
YPL124W,YML072C,0,-0.7694326,0.12119706720113754,0.9682539701461792,0.7082666158676147
YBR241C,YNL090W,0,-0.76944256,0.12118202447891235,0.9682539701461792,0.7083666920661926
YNR076W,YPL266W,0,-0.76982784,0.12116697430610657,0.9682539701461792,0.7084667682647705
YOR348C,YGL173C,0,-0.77023554,0.12115193903446198,0.9682539701461792,0.7085668444633484
YHL016C,YMR190C,0,-0.77035385,0.12113689631223679,0.9682539701461792,0.7086669206619263
YKL155C,YBL101C,0,-0.7703958,0.12112186849117279,0.9682539701461792,0.7087669968605042
YIL013C,YDL230W,0,-0.7706371,0.1211068406701088,0.9682539701461792,0.708867073059082
YNL085W,YBR098W,1,-0.77083045,0.12121587991714478,0.9692460298538208,0.708867073059082
YCL044C,YPL166W,0,-0.77092636,0.12120084464550018,0.9692460298538208,0.7089671492576599
YOL089C,YKR084C,0,-0.7711162,0.12118580937385559,0.9692460298538208,0.7090672254562378
YBR223C,YGR258C,1,-0.77133584,0.12129480391740799,0.9702380895614624,0.7090672254562378
YGR133W,YBR145W,0,-0.7714635,0.1212797611951828,0.9702380895614624,0.7091673612594604
YBR014C,YNL059C,0,-0.7719442,0.12126472592353821,0.9702380895614624,0.7092674374580383
YNL284C,YIL132C,0,-0.7720501,0.12124969065189362,0.9702380895614624,0.7093675136566162
YLR178C,YDR453C,0,-0.7720983,0.12123466283082962,0.9702380895614624,0.7094675898551941
YOR095C,YBR260C,0,-0.7722568,0.12121963500976562,0.9702380895614624,0.709567666053772
YDL164C,YDR256C,0,-0.7724653,0.12120460718870163,0.9702380895614624,0.7096677422523499
YPR103W,YMR094W,0,-0.7728989,0.12118959426879883,0.9702380895614624,0.7097678184509277
YMR119W,YBL075C,0,-0.7732639,0.12117457389831543,0.9702380895614624,0.7098678946495056
YMR002W,YDR421W,0,-0.77361894,0.12115956097841263,0.9702380895614624,0.7099679708480835
YHR043C,YMR294W,0,-0.7737192,0.12114455550909042,0.9702380895614624,0.7100680470466614
YPL133C,YER117W,0,-0.77372396,0.12112955003976822,0.9702380895614624,0.7101681232452393
YOR232W,YPL026C,0,-0.7744083,0.12111455202102661,0.9702380895614624,0.7102681994438171
YOR372C,YNL268W,0,-0.77478665,0.121099554002285,0.9702380895614624,0.710368275642395
YLR032W,YMR292W,0,-0.7750674,0.12108456343412399,0.9702380895614624,0.7104683518409729
YMR169C,YLL049W,0,-0.77526885,0.12106957286596298,0.9702380895614624,0.7105684280395508
YML011C,YKL195W,0,-0.77594846,0.12105458229780197,0.9702380895614624,0.7106685638427734
YOR363C,YOR171C,0,-0.776095,0.12103960663080215,0.9702380895614624,0.7107686400413513
YOL003C,YBR126C,0,-0.77637506,0.12102462351322174,0.9702380895614624,0.7108687162399292
YEL030W,YDR071C,0,-0.7765499,0.12100964784622192,0.9702380895614624,0.7109687924385071
YOR315W,YOL003C,0,-0.7766297,0.1209946796298027,0.9702380895614624,0.711068868637085
YHR150W,YJR010C-A,0,-0.7770372,0.12097971141338348,0.9702380895614624,0.7111689448356628
YJR140C,YOR373W,0,-0.77739364,0.12096475064754486,0.9702380895614624,0.7112690210342407
YEL062W,YCR065W,0,-0.77745515,0.12094978988170624,0.9702380895614624,0.7113690972328186
YER056C,YCR071C,0,-0.7779172,0.12093483656644821,0.9702380895614624,0.7114691734313965
YER098W,YMR274C,0,-0.77819157,0.12091988325119019,0.9702380895614624,0.7115692496299744
YGL073W,YNL149C,0,-0.77822095,0.12090492993593216,0.9702380895614624,0.7116693258285522
YOR301W,YDL047W,0,-0.7783643,0.12088998407125473,0.9702380895614624,0.7117694020271301
YGR124W,YGL171W,0,-0.7784291,0.1208750456571579,0.9702380895614624,0.711869478225708
YPL186C,YOR373W,0,-0.77861315,0.12086010724306107,0.9702380895614624,0.7119695544242859
YOL008W,YGL006W,0,-0.77892,0.12084517627954483,0.9702380895614624,0.7120696306228638
YIL044C,YPL241C,0,-0.7789307,0.1208302453160286,0.9702380895614624,0.7121697068214417
YBR175W,YDL234C,0,-0.7789466,0.12081532180309296,0.9702380895614624,0.7122698426246643
YGL047W,YGR002C,0,-0.77914363,0.12080039829015732,0.9702380895614624,0.7123699188232422
YMR169C,YDR216W,0,-0.7795624,0.12078547477722168,0.9702380895614624,0.7124699950218201
YLR118C,YKR101W,0,-0.7796327,0.12077055871486664,0.9702380895614624,0.712570071220398
YDR175C,YBR034C,0,-0.7797813,0.1207556501030922,0.9702380895614624,0.7126701474189758
YEL052W,YPL186C,0,-0.78016484,0.12074074149131775,0.9702380895614624,0.7127702236175537
YLR164W,YLL048C,0,-0.7802822,0.1207258328795433,0.9702380895614624,0.7128702998161316
YBR191W,YNL230C,0,-0.78034025,0.12071093916893005,0.9702380895614624,0.7129703760147095
YLL001W,YBR234C,0,-0.78100663,0.1206960380077362,0.9702380895614624,0.7130704522132874
YLR005W,YNL090W,0,-0.7816434,0.12068114429712296,0.9702380895614624,0.7131705284118652
YJR078W,YGR198W,0,-0.78164995,0.1206662580370903,0.9702380895614624,0.7132706046104431
YAR071W,YCL016C,0,-0.78220505,0.12065137177705765,0.9702380895614624,0.713370680809021
YJR078W,YBR002C,0,-0.78254503,0.120636485517025,0.9702380895614624,0.7134707570075989
YKL081W,YLR247C,0,-0.78267676,0.12062160670757294,0.9702380895614624,0.7135708332061768
YJR005W,YHR074W,0,-0.7834811,0.12060673534870148,0.9702380895614624,0.7136709094047546
YIL036W,YIL087C,0,-0.78367287,0.12059186398983002,0.9702380895614624,0.7137710452079773
YIL098C,YGR288W,0,-0.7841993,0.12057699263095856,0.9702380895614624,0.7138711214065552
YBL058W,YPR009W,0,-0.7844092,0.1205621287226677,0.9702380895614624,0.7139711976051331
YNL065W,YPR045C,0,-0.784464,0.12054727226495743,0.9702380895614624,0.7140712738037109
YDL164C,YGR124W,0,-0.7846557,0.12053241580724716,0.9702380895614624,0.7141713500022888
YDL017W,YGR223C,0,-0.7847461,0.1205175593495369,0.9702380895614624,0.7142714262008667
YER111C,YDR538W,0,-0.7848573,0.12050271034240723,0.9702380895614624,0.7143715023994446
YDL164C,YDR347W,0,-0.78498703,0.12048786133527756,0.9702380895614624,0.7144715785980225
YMR285C,YBR223C,1,-0.7854251,0.12059620767831802,0.971230149269104,0.7144715785980225
YGL126W,YPR002W,0,-0.78549784,0.12058135122060776,0.971230149269104,0.7145716547966003
YPL106C,YIL061C,0,-0.7864843,0.12056650221347809,0.971230149269104,0.7146717309951782
YNL284C,YAL008W,0,-0.7865292,0.12055165320634842,0.971230149269104,0.7147718071937561
YGL166W,YPR110C,0,-0.7867858,0.12053681164979935,0.971230149269104,0.714871883392334
YLR328W,YLR439W,0,-0.78698975,0.12052197754383087,0.971230149269104,0.7149719595909119
YFL036W,YLR079W,0,-0.7870864,0.1205071359872818,0.971230149269104,0.7150720357894897
YJR091C,YOR372C,0,-0.7872046,0.12049230933189392,0.971230149269104,0.7151721119880676
YFL036W,YNL300W,0,-0.78745365,0.12047748267650604,0.971230149269104,0.7152721881866455
YNR020C,YEL056W,0,-0.7876041,0.12046265602111816,0.971230149269104,0.7153723239898682
YKR048C,YHL034C,0,-0.7877808,0.12044783681631088,0.971230149269104,0.715472400188446
YPL246C,YBR182C,0,-0.7878722,0.1204330176115036,0.971230149269104,0.7155724763870239
YJL062W,YOR201C,0,-0.78795666,0.12041820585727692,0.971230149269104,0.7156725525856018
YLR178C,YOR062C,0,-0.7884632,0.12040339410305023,0.971230149269104,0.7157726287841797
YOR149C,YNL129W,0,-0.78854936,0.12038858979940414,0.971230149269104,0.7158727049827576
YPR103W,YNL232W,0,-0.78856486,0.12037378549575806,0.971230149269104,0.7159727811813354
YKR035W-A,YBL007C,0,-0.7891289,0.12035898864269257,0.971230149269104,0.7160728573799133
YPR103W,YGL090W,0,-0.78961736,0.12034419178962708,0.971230149269104,0.7161729335784912
YNL258C,YIL087C,0,-0.7898038,0.12032940238714218,0.971230149269104,0.7162730097770691
YJR078W,YAL008W,0,-0.79009855,0.12031461298465729,0.971230149269104,0.716373085975647
YNL209W,YOR373W,0,-0.79038686,0.12029983103275299,0.971230149269104,0.7164731621742249
YIR028W,YOL061W,0,-0.7905889,0.1202850490808487,0.971230149269104,0.7165732383728027
YPR038W,YDR293C,0,-0.79099447,0.1202702671289444,0.971230149269104,0.7166733145713806
YFR004W,YBR287W,0,-0.79168016,0.1202555000782013,0.971230149269104,0.7167733907699585
YER071C,YDR540C,0,-0.792051,0.1202407255768776,0.971230149269104,0.7168735265731812
YCR004C,YGR168C,0,-0.7921492,0.12022595852613449,0.971230149269104,0.716973602771759
YOR147W,YLR320W,0,-0.7927194,0.12021119892597198,0.971230149269104,0.7170736789703369
YPL100W,YGR122W,0,-0.79337645,0.12019643932580948,0.971230149269104,0.7171737551689148
YHR076W,YLR457C,0,-0.7935024,0.12018168717622757,0.971230149269104,0.7172738313674927
YPL231W,YCL018W,0,-0.7936622,0.12016693502664566,0.971230149269104,0.7173739075660706
YCR034W,YKL087C,0,-0.79373485,0.12015218287706375,0.971230149269104,0.7174739837646484
YDR091C,YMR009W,0,-0.7940085,0.12013743817806244,0.971230149269104,0.7175740599632263
YPL169C,YNL037C,0,-0.7942314,0.12012270092964172,0.971230149269104,0.7176741361618042
YJL153C,YGR223C,0,-0.79500633,0.12010796368122101,0.971230149269104,0.7177742123603821
YCR011C,YIL070C,0,-0.79510087,0.12009322643280029,0.971230149269104,0.71787428855896
YCL044C,YER019C-A,0,-0.79534775,0.12007849663496017,0.971230149269104,0.7179743647575378
YDL209C,YGR124W,0,-0.7955803,0.12006377428770065,0.971230149269104,0.7180744409561157
YGL168W,YPR043W,0,-0.79594785,0.12004905194044113,0.971230149269104,0.7181745171546936
YPL123C,YLR452C,0,-0.7960437,0.12003432959318161,0.971230149269104,0.7182745933532715
YHR112C,YER141W,0,-0.79613066,0.12001961469650269,0.971230149269104,0.7183747291564941
YBL014C,YHL008C,0,-0.7962218,0.12000489979982376,0.971230149269104,0.718474805355072
YER098W,YLR024C,0,-0.79623365,0.11999019235372543,0.971230149269104,0.7185748815536499
YHR039C-A,YDR371W,0,-0.79668087,0.1199754923582077,0.971230149269104,0.7186749577522278
YDR299W,YOR062C,0,-0.7967008,0.11996079236268997,0.971230149269104,0.7187750339508057
YDR345C,YIL126W,0,-0.79689527,0.11994609236717224,0.971230149269104,0.7188751101493835
YLR251W,YDR248C,0,-0.7972467,0.11993139982223511,0.971230149269104,0.7189751863479614
YMR109W,YLR320W,0,-0.797713,0.11991670727729797,0.971230149269104,0.7190752625465393
YPL196W,YDR304C,0,-0.7978514,0.11990202218294144,0.971230149269104,0.7191753387451172
YIR028W,YER118C,0,-0.79805094,0.1198873370885849,0.971230149269104,0.7192754149436951
YOR151C,YAR002W,0,-0.7985856,0.11987265944480896,0.971230149269104,0.719375491142273
YNL065W,YNL286W,0,-0.79863715,0.11985798180103302,0.971230149269104,0.7194755673408508
YHR179W,YDR030C,0,-0.7993247,0.11984331160783768,0.971230149269104,0.7195756435394287
YDR304C,YNL059C,0,-0.799714,0.11982864141464233,0.971230149269104,0.7196757197380066
YDR180W,YAL042W,0,-0.7998329,0.11981397867202759,0.971230149269104,0.7197757959365845
YFR014C,YHL008C,0,-0.80058193,0.11979931592941284,0.971230149269104,0.7198758721351624
YNL282W,YDR032C,0,-0.8008351,0.1197846531867981,0.971230149269104,0.719976007938385
YGR152C,YLR214W,0,-0.8011045,0.11977000534534454,0.971230149269104,0.7200760841369629
YER078C,YPL007C,0,-0.8011771,0.1197553500533104,0.971230149269104,0.7201761603355408
YKL189W,YPR080W,0,-0.80158144,0.11974070221185684,0.971230149269104,0.7202762365341187
YLR275W,YLR270W,0,-0.8018131,0.11972606182098389,0.971230149269104,0.7203763127326965
YKL197C,YFR045W,0,-0.80255455,0.11971142143011093,0.971230149269104,0.7204763889312744
YLR247C,YDR254W,0,-0.8027804,0.11969678103923798,0.971230149269104,0.7205764651298523
YPL007C,YML056C,0,-0.8029203,0.11968214809894562,0.971230149269104,0.7206765413284302
YGL025C,YPL206C,0,-0.8033578,0.11966752260923386,0.971230149269104,0.7207766175270081
YDR319C,YPR183W,0,-0.8034878,0.1196528971195221,0.971230149269104,0.7208766937255859
YHR111W,YDR486C,0,-0.8035498,0.11963827162981033,0.971230149269104,0.7209767699241638
YKL021C,YML072C,0,-0.80422235,0.11962365359067917,0.971230149269104,0.7210768461227417
YDL201W,YJL117W,0,-0.8042645,0.1196090430021286,0.971230149269104,0.7211769223213196
YKR066C,YNL172W,0,-0.80429333,0.11959443241357803,0.971230149269104,0.7212769985198975
YDL126C,YBR148W,0,-0.80429983,0.11957982182502747,0.971230149269104,0.7213770747184753
YDL135C,YPR020W,0,-0.80442446,0.1195652186870575,0.971230149269104,0.721477210521698
YOR348C,YIL101C,0,-0.8044428,0.11955061554908752,0.971230149269104,0.7215772867202759
YBR229C,YBR034C,0,-0.8048005,0.11953601986169815,0.971230149269104,0.7216773629188538
YHR021C,YFR015C,0,-0.80493623,0.11952142417430878,0.971230149269104,0.7217774391174316
YDL135C,YHR053C,0,-0.80506724,0.1195068359375,0.971230149269104,0.7218775153160095
YNL010W,YKR048C,0,-0.80518967,0.11949224770069122,0.971230149269104,0.7219775915145874
YMR105C,YBR258C,0,-0.8053574,0.11947766691446304,0.971230149269104,0.7220776677131653
YGR080W,YBR034C,0,-0.805457,0.11946308612823486,0.971230149269104,0.7221777439117432
YNL061W,YBL002W,0,-0.80559874,0.11944851279258728,0.971230149269104,0.722277820110321
YMR321C,YKR016W,0,-0.8056488,0.1194339394569397,0.971230149269104,0.7223778963088989
YGR241C,YJL035C,0,-0.8060532,0.11941937357187271,0.971230149269104,0.7224779725074768
YNL080C,YDR202C,0,-0.806318,0.11940480768680573,0.971230149269104,0.7225780487060547
YBL075C,YLL041C,0,-0.8065997,0.11939024180173874,0.971230149269104,0.7226781249046326
YDR538W,YJL192C,0,-0.8066613,0.11937568336725235,0.971230149269104,0.7227782011032104
YHR183W,YOL094C,0,-0.80672306,0.11936113238334656,0.971230149269104,0.7228782773017883
YML011C,YPL048W,0,-0.807142,0.11934658139944077,0.971230149269104,0.7229783535003662
YGR175C,YNL129W,0,-0.8076977,0.11933203041553497,0.971230149269104,0.7230784893035889
YMR293C,YGR276C,0,-0.80849564,0.11931748688220978,0.971230149269104,0.7231785655021667
YGL129C,YPL219W,0,-0.80898696,0.11930295079946518,0.971230149269104,0.7232786417007446
YNL016W,YEL062W,0,-0.8092464,0.11928841471672058,0.971230149269104,0.7233787178993225
YDL174C,YKR081C,0,-0.80962735,0.11927387863397598,0.971230149269104,0.7234787940979004
YGL039W,YJL052W,0,-0.8099145,0.11925935000181198,0.971230149269104,0.7235788702964783
YNL197C,YNL037C,0,-0.81033975,0.11924482136964798,0.971230149269104,0.7236789464950562
YPL207W,YDR236C,0,-0.8104619,0.11923030018806458,0.971230149269104,0.723779022693634
YOL069W,YDR345C,0,-0.8104945,0.11921577900648117,0.971230149269104,0.7238790988922119
YLR079W,YGR191W,0,-0.8105396,0.11920126527547836,0.971230149269104,0.7239791750907898
YER052C,YOL089C,0,-0.81055623,0.11918675154447556,0.971230149269104,0.7240792512893677
YBR255W,YDR163W,0,-0.8108141,0.11917224526405334,0.971230149269104,0.7241793274879456
YGL025C,YGL095C,0,-0.8108364,0.11915773898363113,0.971230149269104,0.7242794036865234
YPL118W,YJR073C,0,-0.8110156,0.11914324015378952,0.971230149269104,0.7243794798851013
YJR099W,YDR065W,0,-0.81104356,0.1191287413239479,0.971230149269104,0.7244795560836792
YKL133C,YGL092W,0,-0.81110954,0.11911424994468689,0.971230149269104,0.7245796918869019
YMR169C,YPL271W,0,-0.8119421,0.11909975856542587,0.971230149269104,0.7246797680854797
YPL186C,YMR070W,0,-0.81250006,0.11908526718616486,0.971230149269104,0.7247798442840576
YJR033C,YPR143W,0,-0.81345046,0.11907078325748444,0.971230149269104,0.7248799204826355
YKL004W,YDL247W,0,-0.81376654,0.11905630677938461,0.971230149269104,0.7249799966812134
YPL052W,YGR189C,0,-0.8140195,0.11904183030128479,0.971230149269104,0.7250800728797913
YOR298C-A,YGR098C,0,-0.8143996,0.11902735382318497,0.971230149269104,0.7251801490783691
YOR174W,YBR038W,0,-0.81473607,0.11901288479566574,0.971230149269104,0.725280225276947
YGL166W,YDL245C,0,-0.81496435,0.11899842321872711,0.971230149269104,0.7253803014755249
YDR175C,YKL210W,0,-0.81499994,0.11898395419120789,0.971230149269104,0.7254803776741028
YGR116W,YNR049C,0,-0.8154685,0.11896950006484985,0.971230149269104,0.7255804538726807
YKR081C,YLL019C,0,-0.8156281,0.11895504593849182,0.971230149269104,0.7256805300712585
YJL185C,YDL035C,0,-0.81600595,0.11894059181213379,0.971230149269104,0.7257806062698364
YKL014C,YJL102W,0,-0.8165759,0.11892614513635635,0.971230149269104,0.7258806824684143
YBR158W,YOR332W,0,-0.8171161,0.11891169846057892,0.971230149269104,0.7259807586669922
YNL331C,YML077W,0,-0.81713223,0.11889725178480148,0.971230149269104,0.7260808944702148
YMR292W,YKL057C,0,-0.8173197,0.11888282001018524,0.971230149269104,0.7261809706687927
YGL156W,YLL001W,0,-0.8174642,0.1188683807849884,0.971230149269104,0.7262810468673706
YFL011W,YBR229C,0,-0.8176536,0.11885394901037216,0.971230149269104,0.7263811230659485
YDL036C,YNL336W,0,-0.81789297,0.11883952468633652,0.971230149269104,0.7264811992645264
YNR035C,YIL063C,0,-0.81789917,0.11882510036230087,0.971230149269104,0.7265812754631042
YHL016C,YPL161C,0,-0.8180534,0.11881067603826523,0.971230149269104,0.7266813516616821
YPR020W,YDL185W,0,-0.8180681,0.11879625916481018,0.971230149269104,0.72678142786026
YGR152C,YJR073C,0,-0.8185318,0.11878184974193573,0.971230149269104,0.7268815040588379
YBR087W,YHR086W,0,-0.8188997,0.11876744031906128,0.971230149269104,0.7269815802574158
YER007W,YKL217W,0,-0.8189134,0.11875303089618683,0.971230149269104,0.7270816564559937
YHR028C,YJL041W,0,-0.8189735,0.11873862892389297,0.971230149269104,0.7271817326545715
YPL007C,YPR183W,0,-0.81938416,0.11872422695159912,0.971230149269104,0.7272818088531494
YHR089C,YFR030W,0,-0.81954426,0.11870983242988586,0.971230149269104,0.7273818850517273
YLL054C,YBR255W,0,-0.81959385,0.11869543790817261,0.971230149269104,0.7274819612503052
YKR085C,YDR430C,0,-0.8198758,0.11868105083703995,0.971230149269104,0.7275820374488831
YGL064C,YDR027C,0,-0.820239,0.11866666376590729,0.971230149269104,0.7276821732521057
YER056C,YOR167C,0,-0.82030207,0.11865228414535522,0.971230149269104,0.7277822494506836
YNL327W,YNL334C,0,-0.8208019,0.11863790452480316,0.971230149269104,0.7278823256492615
YJL048C,YIL132C,0,-0.821004,0.1186235323548317,0.971230149269104,0.7279824018478394
YEL015W,YBR221C,0,-0.82202536,0.11860916018486023,0.971230149269104,0.7280824780464172
YIL044C,YDL171C,0,-0.82222193,0.11859478801488876,0.971230149269104,0.7281825542449951
YBL030C,YPR143W,0,-0.8223962,0.1185804232954979,0.971230149269104,0.728282630443573
YDR471W,YJL059W,0,-0.8224597,0.11856606602668762,0.971230149269104,0.7283827066421509
YKL201C,YLR288C,0,-0.82271105,0.11855170875787735,0.971230149269104,0.7284827828407288
YAL062W,YOR133W,0,-0.82279557,0.11853735148906708,0.971230149269104,0.7285828590393066
YOR147W,YDL083C,0,-0.82308334,0.1185230016708374,0.971230149269104,0.7286829352378845
YLR390W,YBR290W,0,-0.82311314,0.11850865185260773,0.971230149269104,0.7287830114364624
YER007W,YBL098W,0,-0.8232018,0.11849430948495865,0.971230149269104,0.7288830876350403
YKL087C,YBR264C,0,-0.8232848,0.11847997456789017,0.971230149269104,0.7289831638336182
YIL042C,YBL061C,0,-0.82346696,0.11846563220024109,0.971230149269104,0.729083240032196
YOR161C,YDR407C,0,-0.8235832,0.11845129728317261,0.971230149269104,0.7291833758354187
YOL032W,YHR082C,0,-0.82416683,0.11843696981668472,0.971230149269104,0.7292834520339966
YLR447C,YKL005C,0,-0.82417923,0.11842264235019684,0.971230149269104,0.7293835282325745
YOR148C,YGL173C,0,-0.82452565,0.11840832233428955,0.971230149269104,0.7294836044311523
YKR066C,YNL232W,0,-0.82519597,0.11839400231838226,0.971230149269104,0.7295836806297302
YFR014C,YEL056W,0,-0.8253368,0.11837968230247498,0.971230149269104,0.7296837568283081
YLL001W,YLR116W,0,-0.82560676,0.11836536973714828,0.971230149269104,0.729783833026886
YMR302C,YPR001W,0,-0.82613486,0.11835106462240219,0.971230149269104,0.7298839092254639
YGR277C,YGR223C,0,-0.82713944,0.1183367595076561,0.971230149269104,0.7299839854240417
YPL169C,YDR347W,0,-0.82727545,0.11832245439291,0.971230149269104,0.7300840616226196
YBR045C,YOR110W,0,-0.82734054,0.1183081567287445,0.971230149269104,0.7301841378211975
YBR091C,YHR179W,0,-0.8275514,0.11829385906457901,0.971230149269104,0.7302842140197754
YLR293C,YJL056C,0,-0.82772076,0.11827956885099411,0.971230149269104,0.7303842902183533
YML127W,YNL090W,0,-0.828151,0.11826527863740921,0.971230149269104,0.7304843664169312
YMR186W,YLR425W,0,-0.82832855,0.11825099587440491,0.971230149269104,0.730584442615509
YPL123C,YOL066C,0,-0.82965523,0.1182367131114006,0.971230149269104,0.7306845188140869
YGR074W,YPL098C,0,-0.8301144,0.1182224377989769,0.971230149269104,0.7307846546173096
YMR119W,YHR179W,0,-0.8302292,0.11820816248655319,0.971230149269104,0.7308847308158875
YBR228W,YDL185W,1,-0.8303773,0.11831462383270264,0.9722222089767456,0.7308847308158875
YKL138C,YGL171W,0,-0.8303886,0.11830034106969833,0.9722222089767456,0.7309848070144653
YGR194C,YER176W,0,-0.83111525,0.11828605830669403,0.9722222089767456,0.7310848832130432
YER176W,YDL045W-A,0,-0.8321361,0.11827178299427032,0.9722222089767456,0.7311849594116211
YOR369C,YDR288W,0,-0.83222824,0.11825751513242722,0.9722222089767456,0.731285035610199
YBR016W,YGR170W,0,-0.8323618,0.11824323982000351,0.9722222089767456,0.7313851118087769
YNR020C,YMR232W,0,-0.83268154,0.118228979408741,0.9722222089767456,0.7314851880073547
YIL117C,YMR215W,0,-0.83275837,0.11821471899747849,0.9722222089767456,0.7315852642059326
YIL013C,YBR236C,0,-0.8332116,0.11820045858621597,0.9722222089767456,0.7316853404045105
YML118W,YOR166C,1,-0.8340803,0.11830680072307587,0.9732142686843872,0.7316853404045105
YML004C,YLL061W,0,-0.8345513,0.11829253286123276,0.9732142686843872,0.7317854166030884
YHR164C,YPL123C,1,-0.8346782,0.11839884519577026,0.9742063283920288,0.7317854166030884
YMR251W-A,YCR044C,0,-0.83469516,0.11838456988334656,0.9742063283920288,0.7318854928016663
YHR199C,YDR320C,0,-0.8347927,0.11837030202150345,0.9742063283920288,0.7319855690002441
YFR013W,YLR118C,0,-0.8353632,0.11835603415966034,0.9742063283920288,0.732085645198822
YPL007C,YEL046C,0,-0.8354327,0.11834176629781723,0.9742063283920288,0.7321857213973999
YPL148C,YBR191W,0,-0.8354959,0.11832750588655472,0.9742063283920288,0.7322858572006226
YDR147W,YGR163W,0,-0.83563507,0.1183132529258728,0.9742063283920288,0.7323859333992004
YLR251W,YOL061W,0,-0.8364972,0.11829899996519089,0.9742063283920288,0.7324860095977783
YPL060W,YLR005W,0,-0.83673614,0.11828474700450897,0.9742063283920288,0.7325860857963562
YPR110C,YDL021W,0,-0.8367489,0.11827050149440765,0.9742063283920288,0.7326861619949341
YDR235W,YBR158W,0,-0.83676535,0.11825626343488693,0.9742063283920288,0.732786238193512
YNL046W,YKL154W,0,-0.8385284,0.11824202537536621,0.9742063283920288,0.7328863143920898
YNL238W,YJR101W,0,-0.8390173,0.11822778731584549,0.9742063283920288,0.7329863905906677
YKR069W,YDR410C,0,-0.8395556,0.11821355670690536,0.9742063283920288,0.7330864667892456
YJL198W,YPR167C,0,-0.83978456,0.11819932609796524,0.9742063283920288,0.7331865429878235
YML038C,YDR002W,0,-0.8398822,0.11818510293960571,0.9742063283920288,0.7332866191864014
YMR119W,YOR372C,0,-0.83997554,0.11817087978124619,0.9742063283920288,0.7333866953849792
YDR347W,YDR014W,0,-0.8405568,0.11815665662288666,0.9742063283920288,0.7334867715835571
YER069W,YJL103C,0,-0.840646,0.11814244836568832,0.9742063283920288,0.733586847782135
YMR261C,YLR385C,0,-0.8413926,0.1181282326579094,0.9742063283920288,0.7336869239807129
YDR066C,YGL090W,0,-0.8414051,0.11811402440071106,0.9742063283920288,0.7337870001792908
YER018C,YEL062W,0,-0.84155625,0.11809981614351273,0.9742063283920288,0.7338871359825134
YCL004W,YLR168C,0,-0.8434998,0.11808561533689499,0.9742063283920288,0.7339872121810913
YHL031C,YJL103C,0,-0.8435057,0.11807142198085785,0.9742063283920288,0.7340872883796692
YER178W,YOR332W,0,-0.8435964,0.11805722862482071,0.9742063283920288,0.7341873645782471
YPL160W,YNL336W,0,-0.84417146,0.11804303526878357,0.9742063283920288,0.734287440776825
YBR014C,YDL119C,0,-0.84443456,0.11802884936332703,0.9742063283920288,0.7343875169754028
YNR076W,YBR287W,0,-0.84491813,0.11801466345787048,0.9742063283920288,0.7344875931739807
YHR151C,YPR184W,0,-0.8449834,0.11800047755241394,0.9742063283920288,0.7345876693725586
YGR288W,YIL157C,0,-0.84519476,0.11798630654811859,0.9742063283920288,0.7346877455711365
YHR183W,YLR314C,0,-0.8459609,0.11797212809324265,0.9742063283920288,0.7347878217697144
YIL117C,YAL008W,0,-0.8467125,0.1179579570889473,0.9742063283920288,0.7348878979682922
YML058W,YGL247W,0,-0.8467354,0.11794379353523254,0.9742063283920288,0.7349879741668701
YHR086W,YBR182C,0,-0.8475887,0.11792962998151779,0.9742063283920288,0.735088050365448
YJL001W,YDR030C,0,-0.84793526,0.11791546642780304,0.9742063283920288,0.7351881265640259
YDR279W,YDR216W,0,-0.848165,0.11790131032466888,0.9742063283920288,0.7352882027626038
YHR115C,YGR010W,0,-0.8482132,0.11788715422153473,0.9742063283920288,0.7353883385658264
YNR031C,YIL132C,0,-0.84844387,0.11787300556898117,0.9742063283920288,0.7354884147644043
YNL336W,YCL063W,0,-0.8484866,0.11785885691642761,0.9742063283920288,0.7355884909629822
YHR070W,YNL270C,0,-0.8490074,0.11784471571445465,0.9742063283920288,0.7356885671615601
YDL083C,YLR176C,0,-0.8494335,0.11783057451248169,0.9742063283920288,0.7357886433601379
YLR092W,YCL031C,0,-0.8495212,0.11781643331050873,0.9742063283920288,0.7358887195587158
YPL007C,YIL101C,0,-0.84978586,0.11780229955911636,0.9742063283920288,0.7359887957572937
YKR071C,YLR432W,0,-0.8498791,0.1177881732583046,0.9742063283920288,0.7360888719558716
YHR156C,YNL230C,0,-0.85103273,0.11777404695749283,0.9742063283920288,0.7361889481544495
YNL299W,YLL061W,0,-0.8514557,0.11775992065668106,0.9742063283920288,0.7362890243530273
YNL200C,YBR188C,0,-0.85180014,0.11774580180644989,0.9742063283920288,0.7363891005516052
YLR019W,YIL117C,0,-0.8519159,0.11773169040679932,0.9742063283920288,0.7364891767501831
YMR087W,YGR270W,0,-0.8519725,0.11771757155656815,0.9742063283920288,0.736589252948761
YOL089C,YDL022W,0,-0.85248256,0.11770346760749817,0.9742063283920288,0.7366893291473389
YKL119C,YDL075W,0,-0.8535808,0.1176893562078476,0.9742063283920288,0.7367894053459167
YLR287C-A,YGR124W,0,-0.8537752,0.11767525225877762,0.9742063283920288,0.7368895411491394
YDR019C,YMR060C,0,-0.8538666,0.11766115576028824,0.9742063283920288,0.7369896173477173
YDR170C,YAL056W,0,-0.85416394,0.11764705926179886,0.9742063283920288,0.7370896935462952
YPL252C,YML085C,0,-0.85417765,0.11763296276330948,0.9742063283920288,0.737189769744873
YOR125C,YNL027W,0,-0.8542955,0.1176188737154007,0.9742063283920288,0.7372898459434509
YHR010W,YNL286W,0,-0.8543336,0.11760479211807251,0.9742063283920288,0.7373899221420288
YDL135C,YPL001W,0,-0.8543805,0.11759071052074432,0.9742063283920288,0.7374899983406067
YBL058W,YOR363C,0,-0.85459024,0.11757662892341614,0.9742063283920288,0.7375900745391846
YMR002W,YBR168W,0,-0.8547351,0.11756255477666855,0.9742063283920288,0.7376901507377625
YAL055W,YLR056W,0,-0.8548237,0.11754848062992096,0.9742063283920288,0.7377902269363403
YNL166C,YML070W,0,-0.85492903,0.11753441393375397,0.9742063283920288,0.7378903031349182
YNL074C,YGL077C,0,-0.8551254,0.11752034723758698,0.9742063283920288,0.7379903793334961
YDR539W,YAL047C,0,-0.8552509,0.11750628054141998,0.9742063283920288,0.738090455532074
YPR061C,YIL119C,0,-0.85536504,0.11749222129583359,0.9742063283920288,0.7381905317306519
YNL281W,YEL003W,0,-0.85554093,0.11747816950082779,0.9742063283920288,0.7382906079292297
YBR265W,YOL003C,0,-0.85646003,0.11746411770582199,0.9742063283920288,0.7383906841278076
YGR225W,YOL147C,0,-0.85649306,0.11745006591081619,0.9742063283920288,0.7384908199310303
YHR086W,YOL112W,0,-0.8565285,0.11743602156639099,0.9742063283920288,0.7385908961296082
YMR106C,YCR028C-A,0,-0.85662335,0.11742197722196579,0.9742063283920288,0.738690972328186
YNL270C,YKR084C,0,-0.857173,0.11740794032812119,0.9742063283920288,0.7387910485267639
YDR312W,YNL268W,0,-0.8572508,0.11739390343427658,0.9742063283920288,0.7388911247253418
YCR011C,YAL047C,0,-0.85733587,0.11737987399101257,0.9742063283920288,0.7389912009239197
YFR004W,YBR261C,0,-0.8575534,0.11736584454774857,0.9742063283920288,0.7390912771224976
YGL011C,YGL195W,0,-0.857722,0.11735181510448456,0.9742063283920288,0.7391913533210754
YMR190C,YMR232W,0,-0.85778683,0.11733779311180115,0.9742063283920288,0.7392914295196533
YHR183W,YBR086C,0,-0.85846806,0.11732377856969833,0.9742063283920288,0.7393915057182312
YIR033W,YBR221C,0,-0.8587802,0.11730975657701492,0.9742063283920288,0.7394915819168091
YDR522C,YMR215W,0,-0.8591679,0.1172957494854927,0.9742063283920288,0.739591658115387
YOR172W,YCR007C,0,-0.86021566,0.11728174239397049,0.9742063283920288,0.7396917343139648
YLR247C,YML085C,0,-0.86058515,0.11726773530244827,0.9742063283920288,0.7397918105125427
YHR082C,YER154W,0,-0.86065084,0.11725372821092606,0.9742063283920288,0.7398918867111206
YDL075W,YOR201C,0,-0.86117476,0.11723973602056503,0.9742063283920288,0.7399920225143433
YFL011W,YER172C,0,-0.861633,0.11722573637962341,0.9742063283920288,0.7400920987129211
YHR039C-A,YER069W,0,-0.86195034,0.11721174418926239,0.9742063283920288,0.740192174911499
YDR073W,YEL020C,0,-0.8626238,0.11719775944948196,0.9742063283920288,0.7402922511100769
YPL134C,YKL005C,0,-0.8627383,0.11718376725912094,0.9742063283920288,0.7403923273086548
YJL170C,YDR170C,0,-0.86314076,0.11716978996992111,0.9742063283920288,0.7404924035072327
YGL114W,YOL087C,0,-0.86351174,0.11715581268072128,0.9742063283920288,0.7405924797058105
YPR105C,YLR029C,0,-0.8640789,0.11714183539152145,0.9742063283920288,0.7406925559043884
YJL083W,YJL048C,0,-0.86432487,0.11712786555290222,0.9742063283920288,0.7407926321029663
YOR261C,YPR001W,0,-0.8644183,0.11711389571428299,0.9742063283920288,0.7408927083015442
YOL089C,YNL067W,0,-0.8645008,0.11709992587566376,0.9742063283920288,0.7409927845001221
YER090W,YFL009W,0,-0.8647234,0.11708596348762512,0.9742063283920288,0.7410928606987
YML004C,YHR021C,0,-0.8647624,0.11707200855016708,0.9742063283920288,0.7411929368972778
YNL197C,YOL096C,0,-0.86515754,0.11705805361270905,0.9742063283920288,0.7412930130958557
YPL001W,YAL002W,0,-0.86538094,0.11704409867525101,0.9742063283920288,0.7413930892944336
YCR004C,YOR034C,0,-0.86609524,0.11703015118837357,0.9742063283920288,0.7414931654930115
YDL085W,YGL005C,0,-0.8661689,0.11701620370149612,0.9742063283920288,0.7415933012962341
YPL148C,YJL192C,0,-0.8662899,0.11700226366519928,0.9742063283920288,0.741693377494812
YDR253C,YEL039C,0,-0.8666343,0.11698832362890244,0.9742063283920288,0.7417934536933899
YJL209W,YDR093W,0,-0.8668053,0.11697439104318619,0.9742063283920288,0.7418935298919678
YDR002W,YMR284W,0,-0.86698556,0.11696045845746994,0.9742063283920288,0.7419936060905457
YOR358W,YGR171C,0,-0.8678264,0.11694652587175369,0.9742063283920288,0.7420936822891235
YLL024C,YDL049C,0,-0.8680836,0.11693260073661804,0.9742063283920288,0.7421937584877014
YIL035C,YBR246W,0,-0.8682251,0.11691868305206299,0.9742063283920288,0.7422938346862793
YKR035W-A,YBR287W,0,-0.8689862,0.11690476536750793,0.9742063283920288,0.7423939108848572
YOR016C,YPL207W,0,-0.86997336,0.11689084768295288,0.9742063283920288,0.7424939870834351
YPL231W,YKL217W,0,-0.87009996,0.11687693744897842,0.9742063283920288,0.7425940632820129
YDR462W,YOR147W,0,-0.8702215,0.11686302721500397,0.9742063283920288,0.7426941394805908
YLL003W,YBR221C,0,-0.8704934,0.11684911698102951,0.9742063283920288,0.7427942156791687
YPL129W,YKL104C,0,-0.87050027,0.11683521419763565,0.9742063283920288,0.7428942918777466
YNL297C,YMR040W,0,-0.8706497,0.11682131886482239,0.9742063283920288,0.7429943680763245
YLR337C,YHR010W,0,-0.87097436,0.11680742353200912,0.9742063283920288,0.7430945038795471
YLR066W,YDR453C,0,-0.87123233,0.11679352819919586,0.9742063283920288,0.743194580078125
YJL046W,YGR255C,0,-0.8712621,0.1167796403169632,0.9742063283920288,0.7432946562767029
YNL263C,YPL001W,0,-0.8712891,0.11676575243473053,0.9742063283920288,0.7433947324752808
YOR129C,YLR293C,0,-0.8713793,0.11675187200307846,0.9742063283920288,0.7434948086738586
YIL101C,YKR025W,0,-0.8714017,0.11673799157142639,0.9742063283920288,0.7435948848724365
YDR456W,YEL003W,0,-0.8714806,0.11672411859035492,0.9742063283920288,0.7436949610710144
YGR133W,YAL054C,0,-0.87164336,0.11671024560928345,0.9742063283920288,0.7437950372695923
YPL124W,YBR230C,0,-0.87179536,0.11669637262821198,0.9742063283920288,0.7438951134681702
YOL094C,YDR539W,0,-0.87187093,0.1166825070977211,0.9742063283920288,0.743995189666748
YHR115C,YLR439W,0,-0.8720869,0.11666864901781082,0.9742063283920288,0.7440952658653259
YGR278W,YMR284W,0,-0.87229604,0.11665479093790054,0.9742063283920288,0.7441953420639038
YML058W,YJR136C,0,-0.8724088,0.11664093285799026,0.9742063283920288,0.7442954182624817
YOR230W,YFR002W,0,-0.87246984,0.11662707477807999,0.9742063283920288,0.7443954944610596
YHL034C,YGR029W,0,-0.87262756,0.1166132315993309,0.9742063283920288,0.7444955706596375
YGL059W,YLL006W,0,-0.8727331,0.11659938097000122,0.9742063283920288,0.7445956468582153
YDR130C,YHR139C,0,-0.8727489,0.11658553779125214,0.9742063283920288,0.744695782661438
YIR028W,YDR532C,0,-0.8729327,0.11657170206308365,0.9742063283920288,0.7447958588600159
YAL033W,YOR163W,1,-0.8735565,0.11667656153440475,0.9751983880996704,0.7447958588600159
YGR092W,YMR009W,0,-0.8745617,0.11666271090507507,0.9751983880996704,0.7448959350585938
YMR284W,YDR334W,0,-0.8745921,0.11664886772632599,0.9751983880996704,0.7449960112571716
YNL242W,YNL027W,0,-0.8750307,0.1166350245475769,0.9751983880996704,0.7450960874557495
YLL006W,YLR032W,0,-0.87507766,0.11662118881940842,0.9751983880996704,0.7451961636543274
YGR155W,YLR118C,0,-0.87608564,0.11660735309123993,0.9751983880996704,0.7452962398529053
YER171W,YJR045C,0,-0.876326,0.11659352481365204,0.9751983880996704,0.7453963160514832
YHR064C,YML064C,0,-0.87634224,0.11657969653606415,0.9751983880996704,0.745496392250061
YJL170C,YCR044C,0,-0.87723625,0.11656587570905685,0.9751983880996704,0.7455964684486389
YIL063C,YKL195W,0,-0.8773286,0.11655205488204956,0.9751983880996704,0.7456965446472168
YBR294W,YPR023C,0,-0.8773714,0.11653823405504227,0.9751983880996704,0.7457966208457947
YIL044C,YPR184W,0,-0.8773811,0.11652442067861557,0.9751983880996704,0.7458966970443726
YHR199C,YIL126W,0,-0.8779236,0.11651060730218887,0.9751983880996704,0.7459967732429504
YPL231W,YOR124C,0,-0.878001,0.11649680137634277,0.9751983880996704,0.7460968494415283
YNL149C,YMR009W,0,-0.8782527,0.11648299545049667,0.9751983880996704,0.746196985244751
YPL252C,YNR027W,0,-0.87834466,0.11646919697523117,0.9751983880996704,0.7462970614433289
YBR149W,YBR139W,0,-0.87904966,0.11645539849996567,0.9751983880996704,0.7463971376419067
YER154W,YDL234C,0,-0.87969965,0.11644160002470016,0.9751983880996704,0.7464972138404846
YDL171C,YDR498C,0,-0.8797619,0.11642780900001526,0.9751983880996704,0.7465972900390625
YDR432W,YMR212C,0,-0.88014233,0.11641402542591095,0.9751983880996704,0.7466973662376404
YLL055W,YKL065C,0,-0.88023955,0.11640023440122604,0.9751983880996704,0.7467974424362183
YDL231C,YBL106C,0,-0.8803438,0.11638645827770233,0.9751983880996704,0.7468975186347961
YDR295C,YPL188W,0,-0.88074404,0.11637267470359802,0.9751983880996704,0.746997594833374
YPR042C,YGR262C,0,-0.88099843,0.11635889858007431,0.9751983880996704,0.7470976710319519
YLR008C,YCR031C,0,-0.8812321,0.1163451299071312,0.9751983880996704,0.7471977472305298
YLR203C,YER183C,0,-0.88194865,0.11633136123418808,0.9751983880996704,0.7472978234291077
YGR184C,YGL073W,0,-0.88200366,0.11631759256124496,0.9751983880996704,0.7473978996276855
YOR125C,YMR267W,0,-0.8822338,0.11630383133888245,0.9751983880996704,0.7474979758262634
YBR204C,YKL011C,0,-0.8825468,0.11629007756710052,0.9751983880996704,0.7475980520248413
YIL013C,YDR194C,0,-0.8827745,0.116276316344738,0.9751983880996704,0.747698187828064
YML023C,YOL096C,0,-0.88282406,0.11626257002353668,0.9751983880996704,0.7477982640266418
YOR371C,YMR040W,0,-0.8837855,0.11624881625175476,0.9751983880996704,0.7478983402252197
YEL039C,YOR279C,0,-0.8839224,0.11623506993055344,0.9751983880996704,0.7479984164237976
YKL119C,YCL025C,0,-0.8839582,0.11622133105993271,0.9751983880996704,0.7480984926223755
YDR122W,YLR385C,0,-0.8839644,0.11620759218931198,0.9751983880996704,0.7481985688209534
YLR134W,YKL219W,0,-0.8841165,0.11619385331869125,0.9751983880996704,0.7482986450195312
YMR054W,YIR033W,0,-0.88530713,0.11618012189865112,0.9751983880996704,0.7483987212181091
YNL065W,YGL129C,0,-0.88535625,0.11616639047861099,0.9751983880996704,0.748498797416687
YHL002W,YDR129C,0,-0.8857306,0.11615266650915146,0.9751983880996704,0.7485988736152649
YPL060W,YKL096W,0,-0.8864046,0.11613894253969193,0.9751983880996704,0.7486989498138428
YLR203C,YHR005C,0,-0.88704526,0.11612521857023239,0.9751983880996704,0.7487990260124207
YDR055W,YDR489W,0,-0.8870526,0.11611150205135345,0.9751983880996704,0.7488991022109985
YKL201C,YBL106C,0,-0.8870743,0.11609779298305511,0.9751983880996704,0.7489991784095764
YGR236C,YGR252W,0,-0.8871358,0.11608408391475677,0.9751983880996704,0.7490992546081543
YLL054C,YIL044C,0,-0.8871804,0.11607037484645844,0.9751983880996704,0.7491993308067322
YDR314C,YKL038W,0,-0.8872574,0.11605667322874069,0.9751983880996704,0.7492994666099548
YLR092W,YOR223W,0,-0.88729775,0.11604297161102295,0.9751983880996704,0.7493995428085327
YGL080W,YBR188C,0,-0.8877933,0.1160292699933052,0.9751983880996704,0.7494996190071106
YMR302C,YER033C,0,-0.8883664,0.11601557582616806,0.9751983880996704,0.7495996952056885
YER090W,YDL202W,0,-0.8883865,0.11600188910961151,0.9751983880996704,0.7496997714042664
YGL011C,YGR177C,0,-0.88848144,0.11598820239305496,0.9751983880996704,0.7497998476028442
YHR070W,YHR179W,0,-0.8889025,0.11597451567649841,0.9751983880996704,0.7498999238014221
YNL009W,YKL171W,0,-0.88892,0.11596083641052246,0.9751983880996704,0.75
YFR036W,YML092C,0,-0.88927674,0.11594715714454651,0.9751983880996704,0.7501000761985779
YDR119W,YOR062C,0,-0.8899096,0.11593348532915115,0.9751983880996704,0.7502001523971558
YKL133C,YBR037C,0,-0.8900605,0.1159198135137558,0.9751983880996704,0.7503002285957336
YMR321C,YJL041W,0,-0.8906277,0.11590614169836044,0.9751983880996704,0.7504003047943115
YDL231C,YBL002W,0,-0.8906567,0.11589247733354568,0.9751983880996704,0.7505003809928894
YOR009W,YAL008W,0,-0.8908875,0.11587881296873093,0.9751983880996704,0.7506004571914673
YLR439W,YOR087W,0,-0.8911086,0.11586515605449677,0.9751983880996704,0.7507005333900452
YBR279W,YDR214W,0,-0.8913498,0.1158514991402626,0.9751983880996704,0.7508006691932678
YPL156C,YMR227C,0,-0.89173734,0.11583784967660904,0.9751983880996704,0.7509007453918457
YOL104C,YDR236C,0,-0.8926663,0.11582420021295547,0.9751983880996704,0.7510008215904236
YML028W,YGL090W,0,-0.8931842,0.11581055819988251,0.9751983880996704,0.7511008977890015
YDL135C,YER056C,0,-0.89383453,0.11579691618680954,0.9751983880996704,0.7512009739875793
YKL219W,YGR006W,0,-0.8940997,0.11578327417373657,0.9751983880996704,0.7513010501861572
YEL039C,YPL186C,0,-0.8941209,0.1157696396112442,0.9751983880996704,0.7514011263847351
YOL010W,YDR076W,1,-0.8956834,0.11587376147508621,0.976190447807312,0.7514011263847351
YMR237W,YML127W,0,-0.895709,0.11586011946201324,0.976190447807312,0.751501202583313
YBR014C,YOR067C,0,-0.8957774,0.11584647744894028,0.976190447807312,0.7516012787818909
YOR358W,YEL046C,0,-0.89581364,0.1158328428864479,0.976190447807312,0.7517013549804688
YML092C,YKR044W,0,-0.8962861,0.11581920832395554,0.976190447807312,0.7518014311790466
YJR136C,YLR118C,0,-0.8965988,0.11580558121204376,0.976190447807312,0.7519015073776245
YDL020C,YMR285C,0,-0.8966301,0.11579195410013199,0.976190447807312,0.7520015835762024
YBR019C,YDL049C,0,-0.8979601,0.11577832698822021,0.976190447807312,0.7521016597747803
YER175C,YNL336W,0,-0.8980797,0.11576470732688904,0.976190447807312,0.7522017359733582
YLR119W,YJL170C,0,-0.89904356,0.11575108766555786,0.976190447807312,0.752301812171936
YPR001W,YFR025C,0,-0.89949954,0.11573747545480728,0.976190447807312,0.7524019479751587
YOR151C,YHR028C,0,-0.90017605,0.1157238632440567,0.976190447807312,0.7525020241737366
YHR053C,YJL153C,0,-0.9003818,0.11571025103330612,0.976190447807312,0.7526021003723145
YDR295C,YPR023C,0,-0.90104836,0.11569664627313614,0.976190447807312,0.7527021765708923
YCL018W,YNL075W,0,-0.90108806,0.11568304896354675,0.976190447807312,0.7528022527694702
YGL038C,YIL018W,0,-0.9014147,0.11566945165395737,0.976190447807312,0.7529023289680481
YMR067C,YBR038W,0,-0.90155303,0.11565585434436798,0.976190447807312,0.753002405166626
YDL225W,YIL062C,0,-0.9019528,0.11564226448535919,0.976190447807312,0.7531024813652039
YLR176C,YFR025C,0,-0.9021203,0.1156286746263504,0.976190447807312,0.7532025575637817
YLR253W,YJL107C,0,-0.90251404,0.11561508476734161,0.976190447807312,0.7533026337623596
YJR136C,YPR023C,0,-0.9028795,0.11560150235891342,0.976190447807312,0.7534027099609375
YKR087C,YKL217W,0,-0.9029723,0.11558792740106583,0.976190447807312,0.7535027861595154
YMR137C,YBR223C,1,-0.9032674,0.11569180339574814,0.9771825671195984,0.7535027861595154
YLL006W,YDL056W,0,-0.9035014,0.11567821353673935,0.9771825671195984,0.7536028623580933
YPR103W,YNL297C,0,-0.9036619,0.11566463112831116,0.9771825671195984,0.7537029385566711
YDR037W,YER069W,0,-0.9040179,0.11565104871988297,0.9771825671195984,0.753803014755249
YHR183W,YGR270W,0,-0.90403146,0.11563747376203537,0.9771825671195984,0.7539031505584717
YOR161C,YLR276C,0,-0.9044408,0.11562389880418777,0.9771825671195984,0.7540032267570496
YLR439W,YNL059C,0,-0.90468603,0.11561033129692078,0.9771825671195984,0.7541033029556274
YPR184W,YPL016W,0,-0.90506977,0.11559676378965378,0.9771825671195984,0.7542033791542053
YML068W,YLR251W,0,-0.9054769,0.11558319628238678,0.9771825671195984,0.7543034553527832
YOR371C,YHR142W,0,-0.90737975,0.11556963622570038,0.9771825671195984,0.7544035315513611
YJL065C,YAL002W,0,-0.9085112,0.11555607616901398,0.9771825671195984,0.754503607749939
YNL321W,YMR083W,0,-0.9085262,0.11554252356290817,0.9771825671195984,0.7546036839485168
YJL210W,YNL078W,0,-0.90876347,0.11552897095680237,0.9771825671195984,0.7547037601470947
YDR179C,YLR216C,0,-0.90948135,0.11551541835069656,0.9771825671195984,0.7548038363456726
YLR118C,YBR192W,0,-0.9097646,0.11550187319517136,0.9771825671195984,0.7549039125442505
YMR267W,YDL171C,0,-0.90981144,0.11548833549022675,0.9771825671195984,0.7550039887428284
YDR019C,YPL129W,0,-0.9099936,0.11547479778528214,0.9771825671195984,0.7551040649414062
YHR012W,YPL048W,0,-0.91022104,0.11546126008033752,0.9771825671195984,0.7552041411399841
YOR298C-A,YGR204W,0,-0.9103403,0.11544772982597351,0.9771825671195984,0.755304217338562
YKL113C,YPL123C,1,-0.91039616,0.11555138975381851,0.97817462682724,0.755304217338562
YML004C,YMR009W,0,-0.9103964,0.1155378520488739,0.97817462682724,0.7554043531417847
YNL207W,YDR345C,0,-0.9113848,0.11552431434392929,0.97817462682724,0.7555044293403625
YPL269W,YDR421W,0,-0.9116681,0.11551077663898468,0.97817462682724,0.7556045055389404
YOR063W,YDR314C,0,-0.91176504,0.11549724638462067,0.97817462682724,0.7557045817375183
YHR151C,YBR234C,0,-0.91216207,0.11548371613025665,0.97817462682724,0.7558046579360962
YGL006W,YJL074C,0,-0.9127372,0.11547019332647324,0.97817462682724,0.7559047341346741
YML118W,YJL056C,0,-0.91333354,0.11545667797327042,0.97817462682724,0.756004810333252
YER019C-A,YLR247C,0,-0.91359246,0.115443155169487,0.97817462682724,0.7561048865318298
YPR073C,YGR234W,0,-0.9136506,0.11542963981628418,0.97817462682724,0.7562049627304077
YDR014W,YAL038W,0,-0.9145292,0.11541613191366196,0.97817462682724,0.7563050389289856
YER026C,YPL199C,0,-0.9146971,0.11540262401103973,0.97817462682724,0.7564051151275635
YOR020C,YER171W,0,-0.91484123,0.11538911610841751,0.97817462682724,0.7565051913261414
YOR124C,YGL126W,0,-0.9149057,0.11537561565637589,0.97817462682724,0.7566052675247192
YDL245C,YEL052W,0,-0.91491884,0.11536211520433426,0.97817462682724,0.7567053437232971
YGR236C,YMR282C,0,-0.91505545,0.11534862220287323,0.97817462682724,0.756805419921875
YLR092W,YNL021W,0,-0.9152208,0.1153351292014122,0.97817462682724,0.7569054961204529
YGR155W,YJR014W,0,-0.91552144,0.11532163619995117,0.97817462682724,0.7570056319236755
YPL119C,YNL300W,0,-0.91642916,0.11530815064907074,0.97817462682724,0.7571057081222534
YCR036W,YOR087W,0,-0.9165709,0.11529466509819031,0.97817462682724,0.7572057843208313
YHR058C,YDR498C,0,-0.91728634,0.11528118699789047,0.97817462682724,0.7573058605194092
YFL038C,YKL057C,0,-0.91739345,0.11526770889759064,0.97817462682724,0.7574059367179871
YNL268W,YGR074W,0,-0.91762227,0.1152542382478714,0.97817462682724,0.7575060129165649
YOL011W,YDL077C,0,-0.9184789,0.11524076759815216,0.97817462682724,0.7576060891151428
YJL020C,YDR032C,0,-0.919443,0.11522729694843292,0.97817462682724,0.7577061653137207
YHR086W,YGR100W,0,-0.92026436,0.11521383374929428,0.97817462682724,0.7578062415122986
YGR171C,YNL238W,0,-0.9202866,0.11520037055015564,0.97817462682724,0.7579063177108765
YNL299W,YGR236C,0,-0.9207278,0.1151869148015976,0.97817462682724,0.7580063939094543
YGR183C,YPR089W,0,-0.92079526,0.11517345905303955,0.97817462682724,0.7581064701080322
YOR371C,YJL099W,0,-0.9214174,0.1151600107550621,0.97817462682724,0.7582065463066101
YLR247C,YPL183W-A,0,-0.9216248,0.11514656245708466,0.97817462682724,0.758306622505188
YNL265C,YGR191W,0,-0.92167896,0.11513311415910721,0.97817462682724,0.7584066987037659
YDL209C,YDR129C,0,-0.92184097,0.11511967331171036,0.97817462682724,0.7585068345069885
YBR045C,YMR292W,0,-0.9219096,0.11510623246431351,0.97817462682724,0.7586069107055664
YLR080W,YOL137W,0,-0.9220714,0.11509279906749725,0.97817462682724,0.7587069869041443
YKL095W,YDR421W,0,-0.9228455,0.115079365670681,0.97817462682724,0.7588070631027222
YJL035C,YCR065W,0,-0.92299217,0.11506593227386475,0.97817462682724,0.7589071393013
YDR147W,YIL162W,0,-0.9233889,0.11505250632762909,0.97817462682724,0.7590072154998779
YAL055W,YNL149C,0,-0.92348075,0.11503908783197403,0.97817462682724,0.7591072916984558
YHR028C,YAL005C,0,-0.9242345,0.11502566188573837,0.97817462682724,0.7592073678970337
YNL249C,YIL036W,0,-0.9245466,0.11501225084066391,0.97817462682724,0.7593074440956116
YGL039W,YIL042C,0,-0.92509943,0.11499883234500885,0.97817462682724,0.7594075202941895
YGL254W,YKL104C,0,-0.925435,0.11498542129993439,0.97817462682724,0.7595075964927673
YDR223W,YPL026C,0,-0.92549133,0.11497201770544052,0.97817462682724,0.7596076726913452
YLL055W,YMR060C,0,-0.9263562,0.11495860666036606,0.97817462682724,0.7597077488899231
YAL047C,YAL042W,0,-0.92650265,0.11494521051645279,0.97817462682724,0.759807825088501
YOR016C,YGR169C,0,-0.9265768,0.11493180692195892,0.97817462682724,0.7599079012870789
YKL067W,YDR093W,0,-0.92693794,0.11491841822862625,0.97817462682724,0.7600079774856567
YNL087W,YMR157C,0,-0.9270042,0.11490502208471298,0.97817462682724,0.7601081132888794
YLR168C,YIL097W,0,-0.9276048,0.11489163339138031,0.97817462682724,0.7602081894874573
YOR301W,YNR031C,0,-0.9278908,0.11487824469804764,0.97817462682724,0.7603082656860352
YLR337C,YBR221C,0,-0.9295006,0.11486486345529556,0.97817462682724,0.760408341884613
YER178W,YJR017C,0,-0.9295792,0.11485148221254349,0.97817462682724,0.7605084180831909
YDL108W,YGL048C,0,-0.9303276,0.11483810842037201,0.97817462682724,0.7606084942817688
YOR261C,YPR017C,0,-0.9304184,0.11482473462820053,0.97817462682724,0.7607085704803467
YPL252C,YDR390C,0,-0.9304575,0.11481136828660965,0.97817462682724,0.7608086466789246
YHR082C,YGR099W,0,-0.930688,0.11479799449443817,0.97817462682724,0.7609087228775024
YFR047C,YLR056W,0,-0.9311443,0.11478463560342789,0.97817462682724,0.7610087990760803
YIL095W,YOR363C,0,-0.9311717,0.114771269261837,0.97817462682724,0.7611088752746582
YPL231W,YLL041C,0,-0.9320249,0.11475791782140732,0.97817462682724,0.7612089514732361
YJR033C,YPL183W-A,0,-0.932467,0.11474455893039703,0.97817462682724,0.761309027671814
YGR236C,YLR452C,0,-0.9324903,0.11473120748996735,0.97817462682724,0.7614091038703918
YNL290W,YDR298C,0,-0.93261415,0.11471785604953766,0.97817462682724,0.7615091800689697
YHR151C,YHR111W,0,-0.9327858,0.11470451205968857,0.97817462682724,0.7616093158721924
YMR195W,YCL004W,0,-0.93278867,0.11469116806983948,0.97817462682724,0.7617093920707703
YML038C,YDR096W,0,-0.9333696,0.11467783153057098,0.97817462682724,0.7618094682693481
YNL085W,YDR076W,1,-0.93425304,0.11478079110383987,0.9791666865348816,0.7618094682693481
YCR009C,YDR407C,0,-0.93430537,0.11476743966341019,0.9791666865348816,0.761909544467926
YGR180C,YDR223W,0,-0.9343127,0.1147540956735611,0.9791666865348816,0.7620096206665039
YML118W,YPL022W,1,-0.9343707,0.1148570105433464,0.9801587462425232,0.7620096206665039
YHR123W,YGR026W,0,-0.9346467,0.11484365910291672,0.9801587462425232,0.7621096968650818
YOR064C,YOR007C,0,-0.9347982,0.11483031511306763,0.9801587462425232,0.7622097730636597
YGR155W,YPL160W,0,-0.935193,0.11481696367263794,0.9801587462425232,0.7623098492622375
YLL055W,YMR232W,0,-0.935409,0.11480362713336945,0.9801587462425232,0.7624099254608154
YER141W,YLL041C,0,-0.93542737,0.11479029059410095,0.9801587462425232,0.7625100016593933
YIL035C,YDL054C,0,-0.9358969,0.11477695405483246,0.9801587462425232,0.7626100778579712
YNL160W,YMR040W,0,-0.9359042,0.11476361751556396,0.9801587462425232,0.7627101540565491
YDR225W,YCL031C,0,-0.93596476,0.11475028842687607,0.9801587462425232,0.762810230255127
YOL042W,YIR021W,1,-0.9366177,0.11485309153795242,0.9811508059501648,0.762810230255127
YBR247C,YCR036W,0,-0.9368437,0.11483975499868393,0.9811508059501648,0.7629103064537048
YDL049C,YKL195W,0,-0.93693507,0.11482642590999603,0.9811508059501648,0.7630103826522827
YNL289W,YNR035C,0,-0.937424,0.11481309682130814,0.9811508059501648,0.7631104588508606
YER122C,YDR216W,0,-0.93746567,0.11479976773262024,0.9811508059501648,0.7632105946540833
YDL135C,YGL195W,0,-0.9384343,0.11478644609451294,0.9811508059501648,0.7633106708526611
YOR358W,YHL002W,0,-0.9384588,0.11477312445640564,0.9811508059501648,0.763410747051239
YDR484W,YDL116W,0,-0.9384929,0.11475980281829834,0.9811508059501648,0.7635108232498169
YGR278W,YGR088W,0,-0.93920356,0.11474648863077164,0.9811508059501648,0.7636108994483948
YJL210W,YDR066C,0,-0.93941826,0.11473318189382553,0.9811508059501648,0.7637109756469727
YPL207W,YOL151W,0,-0.9398175,0.11471986770629883,0.9811508059501648,0.7638110518455505
YOR298C-A,YKL210W,0,-0.9402197,0.11470656096935272,0.9811508059501648,0.7639111280441284
YLR166C,YFR015C,0,-0.9420955,0.11469326168298721,0.9811508059501648,0.7640112042427063
YGL247W,YMR214W,0,-0.94237137,0.1146799623966217,0.9811508059501648,0.7641112804412842
YLR164W,YJL107C,0,-0.94268006,0.1146666631102562,0.9811508059501648,0.7642113566398621
YJL200C,YDL185W,0,-0.94276875,0.11465337127447128,0.9811508059501648,0.7643114328384399
YIL157C,YNL129W,0,-0.9437091,0.11464008688926697,0.9811508059501648,0.7644115090370178
YML023C,YGL126W,0,-0.94375634,0.11462679505348206,0.9811508059501648,0.7645115852355957
YHR150W,YIL126W,0,-0.94383603,0.11461351066827774,0.9811508059501648,0.7646116614341736
YKR026C,YHR002W,0,-0.9439377,0.11460023373365402,0.9811508059501648,0.7647117972373962
YDR456W,YNL172W,0,-0.9442052,0.1145869567990303,0.9811508059501648,0.7648118734359741
YDL117W,YBL101C,0,-0.9443278,0.11457367986440659,0.9811508059501648,0.764911949634552
YPL252C,YBR045C,0,-0.9443429,0.11456041038036346,0.9811508059501648,0.7650120258331299
YDR345C,YDL045W-A,0,-0.9445271,0.11454714089632034,0.9811508059501648,0.7651121020317078
YDR471W,YPL106C,0,-0.94458044,0.11453387141227722,0.9811508059501648,0.7652121782302856
YOR151C,YER154W,0,-0.94472593,0.1145206093788147,0.9811508059501648,0.7653122544288635
YGR241C,YHR001W,0,-0.9457702,0.11450735479593277,0.9811508059501648,0.7654123306274414
YLL040C,YBR236C,0,-0.94692594,0.11449409276247025,0.9811508059501648,0.7655124068260193
YGR092W,YDR347W,0,-0.9470629,0.11448084563016891,0.9811508059501648,0.7656124830245972
YML092C,YIL072W,0,-0.94727993,0.11446759104728699,0.9811508059501648,0.765712559223175
YIL095W,YMR274C,0,-0.94821876,0.11445434391498566,0.9811508059501648,0.7658126354217529
YDR091C,YDR130C,0,-0.948332,0.11444110423326492,0.9811508059501648,0.7659127116203308
YMR308C,YDR458C,0,-0.94853246,0.11442785710096359,0.9811508059501648,0.7660127878189087
YDR462W,YKL004W,0,-0.9486024,0.11441462486982346,0.9811508059501648,0.7661128640174866
YJR099W,YMR083W,0,-0.9488622,0.11440138518810272,0.9811508059501648,0.7662129998207092
YFL011W,YDR458C,0,-0.9493997,0.11438815295696259,0.9811508059501648,0.7663130760192871
YER087C-A,YLR029C,0,-0.95014113,0.11437492817640305,0.9811508059501648,0.766413152217865
YMR009W,YKR084C,0,-0.9503601,0.1143617033958435,0.9811508059501648,0.7665132284164429
YPR065W,YER171W,0,-0.95047444,0.11434847861528397,0.9811508059501648,0.7666133046150208
YNL327W,YPR167C,0,-0.9511897,0.11433526128530502,0.9811508059501648,0.7667133808135986
YHR070W,YDR041W,0,-0.9514665,0.11432204395532608,0.9811508059501648,0.7668134570121765
YOL051W,YKR007W,0,-0.951518,0.11430882662534714,0.9811508059501648,0.7669135332107544
YDR400W,YBR279W,0,-0.95259017,0.11429561674594879,0.9811508059501648,0.7670136094093323
YPL022W,YNL177C,0,-0.95283824,0.11428241431713104,0.9811508059501648,0.7671136856079102
YOL042W,YBL019W,1,-0.9530634,0.11438474804162979,0.9821428656578064,0.7671136856079102
YGL250W,YDR293C,0,-0.9532239,0.11437153071165085,0.9821428656578064,0.767213761806488
YJL020C,YIL173W,0,-0.95328504,0.1143583208322525,0.9821428656578064,0.7673138380050659
YDL085W,YDR371W,0,-0.95356125,0.11434511095285416,0.9821428656578064,0.7674139142036438
YGR155W,YIR030C,0,-0.95361084,0.11433190852403641,0.9821428656578064,0.7675139904022217
YOR167C,YJR101W,0,-0.9537576,0.11431870609521866,0.9821428656578064,0.7676140666007996
YHR123W,YML085C,0,-0.9549343,0.1143055111169815,0.9821428656578064,0.7677141427993774
YDR038C,YLR029C,0,-0.95521253,0.11429230868816376,0.9821428656578064,0.7678142786026001
YHR178W,YDR147W,0,-0.95523995,0.1142791211605072,0.9821428656578064,0.767914354801178
YPL123C,YIL138C,0,-0.9556983,0.11426592618227005,0.9821428656578064,0.7680144309997559
YJR017C,YMR251W-A,0,-0.9559763,0.1142527386546135,0.9821428656578064,0.7681145071983337
YLL054C,YDL019C,0,-0.9562811,0.11423955857753754,0.9821428656578064,0.7682145833969116
YBR223C,YDR279W,1,-0.9564033,0.11434175819158554,0.983134925365448,0.7682145833969116
YBR077C,YKR087C,0,-0.9564975,0.11432856321334839,0.983134925365448,0.7683146595954895
YOR063W,YDR214W,0,-0.95683235,0.11431537568569183,0.983134925365448,0.7684147357940674
YNR076W,YBR045C,0,-0.95714015,0.11430218815803528,0.983134925365448,0.7685148119926453
YGR284C,YGR006W,0,-0.9574799,0.11428900808095932,0.983134925365448,0.7686148881912231
YGL080W,YDR314C,0,-0.9576219,0.11427582800388336,0.983134925365448,0.768714964389801
YPL124W,YBL002W,0,-0.9580501,0.114262655377388,0.983134925365448,0.7688150405883789
YPL259C,YER098W,0,-0.9581627,0.11424948275089264,0.983134925365448,0.7689151167869568
YGL166W,YIL005W,0,-0.95822805,0.11423631012439728,0.983134925365448,0.7690151929855347
YPL161C,YOR363C,0,-0.95835847,0.11422314494848251,0.983134925365448,0.7691152691841125
YLR328W,YOR278W,0,-0.95874065,0.11420997977256775,0.983134925365448,0.7692153453826904
YOR171C,YGR255C,0,-0.95876795,0.11419682204723358,0.983134925365448,0.7693154811859131
YNL074C,YGR177C,0,-0.9587701,0.11418366432189941,0.983134925365448,0.769415557384491
YPR145W,YOR132W,0,-0.95909566,0.11417050659656525,0.983134925365448,0.7695156335830688
YAR071W,YGR091W,0,-0.95941836,0.11415735632181168,0.983134925365448,0.7696157097816467
YDR363W,YDR538W,0,-0.95996577,0.1141442060470581,0.983134925365448,0.7697157859802246
YKL077W,YGL006W,0,-0.96092623,0.11413106322288513,0.983134925365448,0.7698158621788025
YGR180C,YNL246W,0,-0.9613034,0.11411792039871216,0.983134925365448,0.7699159383773804
YJL026W,YOL089C,0,-0.9616156,0.11410477757453918,0.983134925365448,0.7700160145759583
YOL130W,YER033C,0,-0.962966,0.11409164220094681,0.983134925365448,0.7701160907745361
YIL134W,YBR236C,0,-0.9635871,0.11407850682735443,0.983134925365448,0.770216166973114
YPL160W,YER178W,0,-0.96360546,0.11406537890434265,0.983134925365448,0.7703162431716919
YNL314W,YNL300W,0,-0.96447796,0.11405225098133087,0.983134925365448,0.7704163193702698
YOL096C,YAL038W,0,-0.964755,0.11403912305831909,0.983134925365448,0.7705163955688477
YEL062W,YLR024C,0,-0.96479625,0.11402600258588791,0.983134925365448,0.7706164717674255
YJR091C,YJR073C,0,-0.96491987,0.11401288211345673,0.983134925365448,0.7707165479660034
YLR116W,YER098W,0,-0.96494704,0.11399976909160614,0.983134925365448,0.7708166241645813
YDR175C,YJL103C,0,-0.9650628,0.11398665606975555,0.983134925365448,0.770916759967804
YBR002C,YNL336W,0,-0.96537596,0.11397355049848557,0.983134925365448,0.7710168361663818
YJR033C,YKL056C,0,-0.96552247,0.11396044492721558,0.983134925365448,0.7711169123649597
YBL058W,YFR014C,0,-0.96553344,0.11394733935594559,0.983134925365448,0.7712169885635376
YGR180C,YAL043C,0,-0.96563846,0.1139342412352562,0.983134925365448,0.7713170647621155
YKL056C,YCR003W,0,-0.96619934,0.1139211431145668,0.983134925365448,0.7714171409606934
YNR052C,YIL010W,0,-0.9662153,0.11390804499387741,0.983134925365448,0.7715172171592712
YPL118W,YDR359C,0,-0.96622914,0.11389495432376862,0.983134925365448,0.7716172933578491
YIL009W,YJL103C,0,-0.966402,0.11388186365365982,0.983134925365448,0.771717369556427
YDR346C,YFR013W,0,-0.96644515,0.11386878043413162,0.983134925365448,0.7718174457550049
YDL171C,YLR378C,0,-0.9668421,0.11385569721460342,0.983134925365448,0.7719175219535828
YDR084C,YDL185W,0,-0.9671522,0.11384262144565582,0.983134925365448,0.7720175981521606
YFR014C,YHR065C,0,-0.96734303,0.11382954567670822,0.983134925365448,0.7721176743507385
YCR048W,YHR123W,0,-0.9676735,0.11381646990776062,0.983134925365448,0.7722177505493164
YDL230W,YCL016C,0,-0.96768504,0.11380340158939362,0.983134925365448,0.7723178267478943
YOR062C,YHL015W,0,-0.967889,0.11379033327102661,0.983134925365448,0.7724179625511169
YIR021W,YMR024W,1,-0.9681495,0.1138920783996582,0.9841269850730896,0.7724179625511169
YLR337C,YBR086C,0,-0.96848696,0.1138790026307106,0.9841269850730896,0.7725180387496948
YER141W,YDR110W,0,-0.9684976,0.1138659343123436,0.9841269850730896,0.7726181149482727
YDR084C,YOR230W,0,-0.9687361,0.11385286599397659,0.9841269850730896,0.7727181911468506
YPL161C,YLR092W,0,-0.96952385,0.11383979767560959,0.9841269850730896,0.7728182673454285
YPL224C,YOR201C,0,-0.9697167,0.11382673680782318,0.9841269850730896,0.7729183435440063
YLR433C,YDR119W,0,-0.9698283,0.11381367594003677,0.9841269850730896,0.7730184197425842
YKL201C,YAL054C,0,-0.9699268,0.11380062252283096,0.9841269850730896,0.7731184959411621
YER019C-A,YNL219C,0,-0.97048527,0.11378756910562515,0.9841269850730896,0.77321857213974
YGR189C,YDR098C,0,-0.97057337,0.11377451568841934,0.9841269850730896,0.7733186483383179
YDL167C,YOL143C,0,-0.97116345,0.11376146972179413,0.9841269850730896,0.7734187245368958
YCL067C,YLR099C,0,-0.97119147,0.11374842375516891,0.9841269850730896,0.7735188007354736
YDR538W,YBL019W,0,-0.97134465,0.1137353852391243,0.9841269850730896,0.7736188769340515
YKL034W,YLR074C,0,-0.9713673,0.11372234672307968,0.9841269850730896,0.7737189531326294
YML072C,YPR115W,0,-0.9723169,0.11370930820703506,0.9841269850730896,0.7738190293312073
YNL263C,YGR187C,0,-0.9725465,0.11369627714157104,0.9841269850730896,0.7739191055297852
YDR110W,YAL054C,0,-0.9729275,0.11368324607610703,0.9841269850730896,0.7740192413330078
YBR204C,YNL200C,0,-0.97339326,0.1136702224612236,0.9841269850730896,0.7741193175315857
YPL089C,YBR038W,0,-0.9738031,0.11365719884634018,0.9841269850730896,0.7742193937301636
YCR009C,YJL153C,0,-0.9742666,0.11364417523145676,0.9841269850730896,0.7743194699287415
YIL044C,YHR001W,0,-0.97452325,0.11363115906715393,0.9841269850730896,0.7744195461273193
YMR037C,YOL127W,0,-0.9745309,0.1136181429028511,0.9841269850730896,0.7745196223258972
YCR089W,YJL083W,0,-0.9750474,0.11360513418912888,0.9841269850730896,0.7746196985244751
YGR029W,YOR140W,0,-0.97506076,0.11359212547540665,0.9841269850730896,0.774719774723053
YOR279C,YLL019C,0,-0.9753764,0.11357911676168442,0.9841269850730896,0.7748198509216309
YLL001W,YIL036W,0,-0.97548646,0.11356611549854279,0.9841269850730896,0.7749199271202087
YKR066C,YPR105C,0,-0.9759185,0.11355311423540115,0.9841269850730896,0.7750200033187866
YCL044C,YKR044W,0,-0.9759249,0.11354012042284012,0.9841269850730896,0.7751200795173645
YLR403W,YJL196C,0,-0.97598726,0.11352712661027908,0.9841269850730896,0.7752201557159424
YDR522C,YBR214W,0,-0.97666425,0.11351413279771805,0.9841269850730896,0.7753202319145203
YCR106W,YNL238W,0,-0.97740966,0.11350114643573761,0.9841269850730896,0.7754203081130981
YGR120C,YDR044W,0,-0.9775799,0.11348816007375717,0.9841269850730896,0.7755204439163208
YOR329C,YIL070C,0,-0.9778268,0.11347517371177673,0.9841269850730896,0.7756205201148987
YOL033W,YOR062C,0,-0.9782731,0.11346219480037689,0.9841269850730896,0.7757205963134766
YHR102W,YNL230C,0,-0.9783544,0.11344922333955765,0.9841269850730896,0.7758206725120544
YFR004W,YML023C,0,-0.97843057,0.1134362518787384,0.9841269850730896,0.7759207487106323
YGR194C,YDR032C,0,-0.9786462,0.11342328041791916,0.9841269850730896,0.7760208249092102
YBR019C,YGL115W,0,-0.9789172,0.11341030895709991,0.9841269850730896,0.7761209011077881
YGR102C,YJL093C,0,-0.97895354,0.11339734494686127,0.9841269850730896,0.776220977306366
YGR277C,YDL052C,0,-0.9791762,0.11338438838720322,0.9841269850730896,0.7763210535049438
YDR090C,YKR007W,0,-0.97940093,0.11337143182754517,0.9841269850730896,0.7764211297035217
YDR064W,YMR186W,0,-0.979521,0.11335847526788712,0.9841269850730896,0.7765212059020996
YLR345W,YGR163W,0,-0.97959965,0.11334551870822906,0.9841269850730896,0.7766212821006775
YPL100W,YKL201C,0,-0.9796199,0.11333256959915161,0.9841269850730896,0.7767213582992554
YJR078W,YOR005C,0,-0.9797116,0.11331962794065475,0.9841269850730896,0.7768214344978333
YER045C,YNR002C,0,-0.9799275,0.1133066788315773,0.9841269850730896,0.7769215106964111
YGR278W,YLL019C,0,-0.97998255,0.11329374462366104,0.9841269850730896,0.7770216464996338
YGL006W,YIR033W,0,-0.98021525,0.11328080296516418,0.9841269850730896,0.7771217226982117
YHR156C,YIL101C,0,-0.98025864,0.11326786875724792,0.9841269850730896,0.7772217988967896
YDR456W,YGR098C,0,-0.98043114,0.11325493454933167,0.9841269850730896,0.7773218750953674
YDL247W,YJL103C,0,-0.9805301,0.113242007791996,0.9841269850730896,0.7774219512939453
YDR202C,YIL111W,0,-0.9806952,0.11322908103466034,0.9841269850730896,0.7775220274925232
YBR227C,YCR036W,0,-0.981258,0.11321616172790527,0.9841269850730896,0.7776221036911011
YDR210W,YGR091W,0,-0.98147076,0.11320324242115021,0.9841269850730896,0.777722179889679
YGL097W,YMR106C,0,-0.9814742,0.11319032311439514,0.9841269850730896,0.7778222560882568
YEL046C,YFL054C,0,-0.9815659,0.11317741125822067,0.9841269850730896,0.7779223322868347
YLR174W,YMR282C,0,-0.9824366,0.1131644994020462,0.9841269850730896,0.7780224084854126
YGL006W,YIL087C,0,-0.98268455,0.11315158754587173,0.9841269850730896,0.7781224846839905
YOR125C,YMR028W,0,-0.98279303,0.11313868314027786,0.9841269850730896,0.7782225608825684
YNR035C,YOL066C,0,-0.9836852,0.11312578618526459,0.9841269850730896,0.7783226370811462
YDR493W,YBR162W-A,0,-0.9840043,0.11311288177967072,0.9841269850730896,0.7784227132797241
YMR067C,YOL151W,0,-0.98409826,0.11309999227523804,0.9841269850730896,0.778522789478302
YDR056C,YGR270W,0,-0.98453695,0.11308709532022476,0.9841269850730896,0.7786229252815247
YJR099W,YLR432W,0,-0.9849002,0.11307420581579208,0.9841269850730896,0.7787230014801025
YHL034C,YNL300W,0,-0.9853831,0.1130613163113594,0.9841269850730896,0.7788230776786804
YMR237W,YDR453C,0,-0.98567754,0.11304843425750732,0.9841269850730896,0.7789231538772583
YKR001C,YCL004W,0,-0.98594993,0.11303555220365524,0.9841269850730896,0.7790232300758362
YHL002W,YDL230W,0,-0.9862345,0.11302267014980316,0.9841269850730896,0.7791233062744141
YIL061C,YNL055C,0,-0.98708385,0.11300979554653168,0.9841269850730896,0.7792233824729919
YML011C,YBL075C,0,-0.9878964,0.11299692094326019,0.9841269850730896,0.7793234586715698
YAL055W,YDR498C,0,-0.9879411,0.1129840537905693,0.9841269850730896,0.7794235348701477
YKR016W,YDR147W,0,-0.988362,0.11297118663787842,0.9841269850730896,0.7795236110687256
YER062C,YLR029C,0,-0.98860496,0.11295832693576813,0.9841269850730896,0.7796236872673035
YLR204W,YPL219W,0,-0.9887306,0.11294545978307724,0.9841269850730896,0.7797237634658813
YPR061C,YDL064W,0,-0.9887485,0.11293260753154755,0.9841269850730896,0.7798238396644592
YHL034C,YBR260C,0,-0.98883647,0.11291974782943726,0.9841269850730896,0.7799239158630371
YGL039W,YOL096C,0,-0.9890825,0.11290689557790756,0.9841269850730896,0.780023992061615
YGR197C,YDR223W,0,-0.98914427,0.11289405077695847,0.9841269850730896,0.7801241278648376
YDR142C,YMR258C,0,-0.98961705,0.11288119852542877,0.9841269850730896,0.7802242040634155
YDR202C,YLR260W,0,-0.9899799,0.11286836117506027,0.9841269850730896,0.7803242802619934
YOR033C,YGR276C,1,-0.9902758,0.1129692867398262,0.9851190447807312,0.7803242802619934
YCR011C,YDR014W,0,-0.99031013,0.11295643448829651,0.9851190447807312,0.7804243564605713
YGL173C,YKL038W,0,-0.9920245,0.11294358223676682,0.9851190447807312,0.7805244326591492
YAR071W,YBR229C,0,-0.9929332,0.11293073743581772,0.9851190447807312,0.780624508857727
YKR035W-A,YBR086C,0,-0.99295634,0.11291790008544922,0.9851190447807312,0.7807245850563049
YGR197C,YNL119W,0,-0.9930306,0.11290506273508072,0.9851190447807312,0.7808246612548828
YGR116W,YBR019C,0,-0.9930503,0.11289222538471222,0.9851190447807312,0.7809247374534607
YHR079C,YPL123C,1,-0.99332064,0.11299306899309158,0.9861111044883728,0.7809247374534607
YJR099W,YKL124W,0,-0.99349767,0.11298022419214249,0.9861111044883728,0.7810248136520386
YIL087C,YJL093C,0,-0.99475545,0.11296737939119339,0.9861111044883728,0.7811248898506165
YJL210W,YKL095W,0,-0.9950778,0.11295454204082489,0.9861111044883728,0.7812249660491943
YMR060C,YGR060W,0,-0.9952238,0.11294171214103699,0.9861111044883728,0.7813250422477722
YDL153C,YNL219C,0,-0.9956729,0.11292888224124908,0.9861111044883728,0.7814251184463501
YCL025C,YIL013C,0,-0.99576515,0.11291605234146118,0.9861111044883728,0.781525194644928
YFL055W,YOR149C,0,-0.99608535,0.11290322244167328,0.9861111044883728,0.7816252708435059
YGR270W,YPL199C,0,-0.99649996,0.11289039999246597,0.9861111044883728,0.7817254066467285
YBR077C,YER178W,0,-0.9965789,0.11287758499383926,0.9861111044883728,0.7818254828453064
YOR026W,YDL022W,0,-0.99863964,0.11286476999521255,0.9861111044883728,0.7819255590438843
YOL010W,YJL093C,0,-0.99907106,0.11285195499658585,0.9861111044883728,0.7820256352424622
YOL032W,YER175C,0,-0.9992183,0.11283913999795914,0.9861111044883728,0.78212571144104
YDR236C,YDL153C,0,-0.9996684,0.11282633244991302,0.9861111044883728,0.7822257876396179
YNR076W,YGR081C,0,-0.9998302,0.11281352490186691,0.9861111044883728,0.7823258638381958
YLL006W,YNR006W,0,-0.99989,0.1128007248044014,0.9861111044883728,0.7824259400367737
YMR261C,YDL056W,0,-1.0009937,0.11278792470693588,0.9861111044883728,0.7825260162353516
YHL031C,YCR044C,0,-1.0010438,0.11277513206005096,0.9861111044883728,0.7826260924339294
YNL107W,YMR157C,0,-1.001138,0.11276233941316605,0.9861111044883728,0.7827261686325073
YOR348C,YER094C,0,-1.0013394,0.11274954676628113,0.9861111044883728,0.7828262448310852
YGL250W,YMR054W,0,-1.0015235,0.1127367615699768,0.9861111044883728,0.7829263210296631
YPR135W,YLR447C,0,-1.0016648,0.11272397637367249,0.9861111044883728,0.783026397228241
YGL073W,YOR361C,0,-1.0020194,0.11271119117736816,0.9861111044883728,0.7831264734268188
YFL028C,YHR117W,0,-1.0020297,0.11269841343164444,0.9861111044883728,0.7832266092300415
YML075C,YLR176C,0,-1.002177,0.11268563568592072,0.9861111044883728,0.7833266854286194
YLR178C,YDR346C,0,-1.0023934,0.11267286539077759,0.9861111044883728,0.7834267616271973
YOR363C,YGR234W,0,-1.0024343,0.11266009509563446,0.9861111044883728,0.7835268378257751
YIL013C,YDR456W,0,-1.0026929,0.11264732480049133,0.9861111044883728,0.783626914024353
YKR093W,YNL037C,0,-1.0032971,0.1126345619559288,0.9861111044883728,0.7837269902229309
YJR009C,YKL197C,0,-1.0034642,0.11262179911136627,0.9861111044883728,0.7838270664215088
YGR276C,YIL111W,0,-1.0039747,0.11260904371738434,0.9861111044883728,0.7839271426200867
YOR358W,YAL042W,0,-1.0040681,0.11259628087282181,0.9861111044883728,0.7840272188186646
YJR002W,YGR204W,0,-1.0043136,0.11258353292942047,0.9861111044883728,0.7841272950172424
YLR178C,YDR456W,0,-1.0045706,0.11257078498601913,0.9861111044883728,0.7842273712158203
YER122C,YMR261C,0,-1.004672,0.1125580370426178,0.9861111044883728,0.7843274474143982
YNL327W,YHR179W,0,-1.0048034,0.11254528909921646,0.9861111044883728,0.7844275236129761
YPL156C,YBL002W,0,-1.005023,0.11253254860639572,0.9861111044883728,0.784527599811554
YCR106W,YPL170W,0,-1.0053381,0.11251980811357498,0.9861111044883728,0.7846276760101318
YJL059W,YDR486C,0,-1.005444,0.11250707507133484,0.9861111044883728,0.7847278118133545
YPL156C,YHR064C,0,-1.0055307,0.1124943420290947,0.9861111044883728,0.7848278880119324
YPL053C,YOR147W,0,-1.0066386,0.11248160898685455,0.9861111044883728,0.7849279642105103
YMR282C,YGL051W,0,-1.0071803,0.11246888339519501,0.9861111044883728,0.7850280404090881
YMR237W,YDR421W,0,-1.0072951,0.11245615780353546,0.9861111044883728,0.785128116607666
YBR149W,YLR275W,0,-1.007912,0.11244343966245651,0.9861111044883728,0.7852281928062439
YDR522C,YAL055W,0,-1.0080172,0.11243072152137756,0.9861111044883728,0.7853282690048218
YBR247C,YPR001W,0,-1.0086397,0.11241800338029861,0.9861111044883728,0.7854283452033997
YMR243C,YIL132C,0,-1.0088332,0.11240529268980026,0.9861111044883728,0.7855284214019775
YHR039C-A,YBL075C,0,-1.0091032,0.11239258199930191,0.9861111044883728,0.7856284976005554
YJL094C,YDR162C,0,-1.0092071,0.11237987875938416,0.9861111044883728,0.7857285737991333
YGR080W,YLL040C,0,-1.009964,0.1123671680688858,0.9861111044883728,0.7858286499977112
YMR301C,YML031W,0,-1.0099765,0.11235447227954865,0.9861111044883728,0.7859287261962891
YDL209C,YBR287W,0,-1.0100522,0.11234176903963089,0.9861111044883728,0.7860288023948669
YPL246C,YFL038C,0,-1.0101748,0.11232907325029373,0.9861111044883728,0.7861288785934448
YCL025C,YEL032W,0,-1.0101833,0.11231638491153717,0.9861111044883728,0.7862289547920227
YDR320C,YLR270W,0,-1.0106909,0.11230369657278061,0.9861111044883728,0.7863290905952454
YGR092W,YNL122C,0,-1.011117,0.11229100823402405,0.9861111044883728,0.7864291667938232
YKL138C,YNL232W,0,-1.0111386,0.11227832734584808,0.9861111044883728,0.7865292429924011
YHR053C,YER019C-A,0,-1.0111585,0.11226563900709152,0.9861111044883728,0.786629319190979
YML118W,YNR052C,1,-1.0119342,0.11236589401960373,0.9871031641960144,0.786629319190979
YOR023C,YPL052W,0,-1.0121748,0.11235320568084717,0.9871031641960144,0.7867293953895569
YGR180C,YDR359C,0,-1.0123721,0.1123405247926712,0.9871031641960144,0.7868294715881348
YDR016C,YLR450W,0,-1.0124406,0.11232783645391464,0.9871031641960144,0.7869295477867126
YFR030W,YGL115W,0,-1.0133109,0.11231516301631927,0.9871031641960144,0.7870296239852905
YLR219W,YDR014W,0,-1.0134164,0.11230248212814331,0.9871031641960144,0.7871297001838684
YML112W,YLR005W,0,-1.0134585,0.11228980869054794,0.9871031641960144,0.7872297763824463
YDL164C,YML085C,0,-1.0146713,0.11227713525295258,0.9871031641960144,0.7873298525810242
YDL246C,YOR149C,0,-1.0146999,0.1122644692659378,0.9871031641960144,0.787429928779602
YMR070W,YKL124W,0,-1.0150958,0.11225180327892303,0.9871031641960144,0.7875300049781799
YJR045C,YPL186C,0,-1.0156064,0.11223914474248886,0.9871031641960144,0.7876300811767578
YPL163C,YPR115W,0,-1.0161028,0.11222648620605469,0.9871031641960144,0.7877301573753357
YPL139C,YBR214W,0,-1.0163193,0.11221382766962051,0.9871031641960144,0.7878302931785583
YGL237C,YER012W,0,-1.0164782,0.11220116913318634,0.9871031641960144,0.7879303693771362
YCR065W,YHR117W,0,-1.0169458,0.11218852549791336,0.9871031641960144,0.7880304455757141
YLR066W,YDR168W,0,-1.0170383,0.11217587441205978,0.9871031641960144,0.788130521774292
YLR450W,YDR041W,0,-1.0173216,0.1121632307767868,0.9871031641960144,0.7882305979728699
YJL062W,YNL177C,0,-1.0177253,0.11215058714151382,0.9871031641960144,0.7883306741714478
YNL249C,YDR030C,0,-1.0177965,0.11213794350624084,0.9871031641960144,0.7884307503700256
YKR093W,YDR267C,0,-1.018106,0.11212530732154846,0.9871031641960144,0.7885308265686035
YDR055W,YDR538W,0,-1.0192387,0.11211267858743668,0.9871031641960144,0.7886309027671814
YCR034W,YER154W,0,-1.0198338,0.1121000424027443,0.9871031641960144,0.7887309789657593
YIL095W,YML092C,0,-1.0202173,0.11208741366863251,0.9871031641960144,0.7888310551643372
YHR150W,YDL052C,0,-1.0205951,0.11207479238510132,0.9871031641960144,0.788931131362915
YHR199C,YHR006W,0,-1.0206261,0.11206217110157013,0.9871031641960144,0.7890312075614929
YHR183W,YIL138C,0,-1.0208956,0.11204954981803894,0.9871031641960144,0.7891312837600708
YOR315W,YGL077C,0,-1.0210736,0.11203693598508835,0.9871031641960144,0.7892313599586487
YPL133C,YHR043C,0,-1.0214028,0.11202432215213776,0.9871031641960144,0.7893314361572266
YDL116W,YDR377W,0,-1.0222312,0.11201170831918716,0.9871031641960144,0.7894315719604492
YPL241C,YCR031C,0,-1.0222563,0.11199910193681717,0.9871031641960144,0.7895316481590271
YDL119C,YNR049C,0,-1.0224847,0.11198649555444717,0.9871031641960144,0.789631724357605
YDR293C,YGL048C,0,-1.0226054,0.11197388917207718,0.9871031641960144,0.7897318005561829
YMR105C,YHR158C,0,-1.0244639,0.11196129024028778,0.9871031641960144,0.7898318767547607
YKL138C,YNL067W,0,-1.0244874,0.11194869130849838,0.9871031641960144,0.7899319529533386
YPL169C,YBR230C,0,-1.0250031,0.11193609982728958,0.9871031641960144,0.7900320291519165
YKL087C,YCR003W,0,-1.025695,0.11192350834608078,0.9871031641960144,0.7901321053504944
YIR021W,YDR430C,0,-1.026052,0.11191092431545258,0.9871031641960144,0.7902321815490723
YOR129C,YBL019W,0,-1.0260668,0.11189833283424377,0.9871031641960144,0.7903322577476501
YDR400W,YNL149C,0,-1.0260888,0.11188575625419617,0.9871031641960144,0.790432333946228
YOL032W,YER012W,0,-1.0265377,0.11187317222356796,0.9871031641960144,0.7905324101448059
YGR204W,YFL034C-B,0,-1.0266086,0.11186059564352036,0.9871031641960144,0.7906324863433838
YHL002W,YGR223C,0,-1.0273504,0.11184801906347275,0.9871031641960144,0.7907325625419617
YPL124W,YBR287W,0,-1.0274603,0.11183544993400574,0.9871031641960144,0.7908326387405396
YDL019C,YFL009W,0,-1.0276333,0.11182288080453873,0.9871031641960144,0.7909327745437622
YPL112C,YBL007C,0,-1.0277698,0.11181031912565231,0.9871031641960144,0.7910328507423401
YOR372C,YMR028W,0,-1.0279404,0.1117977499961853,0.9871031641960144,0.791132926940918
YPL139C,YIR028W,0,-1.0283465,0.11178519576787949,0.9871031641960144,0.7912330031394958
YOR369C,YLR303W,0,-1.0289041,0.11177263408899307,0.9871031641960144,0.7913330793380737
YML121W,YGR175C,0,-1.0289785,0.11176007986068726,0.9871031641960144,0.7914331555366516
YGL039W,YKR084C,0,-1.0298114,0.11174752563238144,0.9871031641960144,0.7915332317352295
YPL206C,YLR381W,0,-1.0299461,0.11173497885465622,0.9871031641960144,0.7916333079338074
YHR011W,YNL268W,0,-1.030555,0.111722432076931,0.9871031641960144,0.7917333841323853
YJL153C,YIL036W,0,-1.0310452,0.11170989274978638,0.9871031641960144,0.7918334603309631
YKL067W,YGR100W,0,-1.0313706,0.11169735342264175,0.9871031641960144,0.791933536529541
YFL028C,YNL238W,0,-1.0325159,0.11168481409549713,0.9871031641960144,0.7920336127281189
YBR091C,YAL042W,0,-1.0337238,0.11167227476835251,0.9871031641960144,0.7921336889266968
YAL062W,YPR023C,0,-1.0337749,0.11165974289178848,0.9871031641960144,0.7922337651252747
YML064C,YNR002C,0,-1.0347555,0.11164721846580505,0.9871031641960144,0.7923338413238525
YKL210W,YKL120W,0,-1.0350312,0.11163469403982162,0.9871031641960144,0.7924339175224304
YER025W,YML031W,0,-1.035452,0.1116221696138382,0.9871031641960144,0.7925340533256531
YJR017C,YBR214W,0,-1.0354784,0.11160964518785477,0.9871031641960144,0.792634129524231
YGL092W,YBR019C,0,-1.0356348,0.11159712821245193,0.9871031641960144,0.7927342057228088
YJL094C,YJR051W,0,-1.0361854,0.1115846112370491,0.9871031641960144,0.7928342819213867
YLR452C,YJR051W,0,-1.0361993,0.11157210171222687,0.9871031641960144,0.7929343581199646
YER033C,YJR101W,0,-1.0365331,0.11155959218740463,0.9871031641960144,0.7930344343185425
YHR115C,YMR301C,0,-1.0366181,0.1115470826625824,0.9871031641960144,0.7931345105171204
YIL044C,YIR028W,0,-1.0366709,0.11153458058834076,0.9871031641960144,0.7932345867156982
YDR091C,YFL055W,0,-1.0367775,0.11152207851409912,0.9871031641960144,0.7933346629142761
YPL123C,YAL056W,0,-1.0384232,0.11150958389043808,0.9871031641960144,0.793434739112854
YML118W,YPR002W,0,-1.0385225,0.11149708926677704,0.9871031641960144,0.7935348153114319
YBR191W,YBR287W,0,-1.0386653,0.111484594643116,0.9871031641960144,0.7936348915100098
YDR092W,YOL062C,0,-1.0389594,0.11147210747003555,0.9871031641960144,0.7937349677085876
YDR386W,YER141W,0,-1.0391372,0.11145962029695511,0.9871031641960144,0.7938350439071655
YPR016C,YER098W,0,-1.0396442,0.11144713312387466,0.9871031641960144,0.7939351201057434
YMR109W,YGR007W,0,-1.03982,0.11143465340137482,0.9871031641960144,0.7940352559089661
YEL061C,YOL151W,0,-1.0399803,0.11142217367887497,0.9871031641960144,0.794135332107544
YLR052W,YMR104C,0,-1.0404552,0.11140969395637512,0.9871031641960144,0.7942354083061218
YLR116W,YOL087C,0,-1.040942,0.11139722168445587,0.9871031641960144,0.7943354845046997
YCR071C,YOR232W,0,-1.0410616,0.11138475686311722,0.9871031641960144,0.7944355607032776
YKL135C,YCR031C,0,-1.041183,0.11137228459119797,0.9871031641960144,0.7945356369018555
YML077W,YOR087W,0,-1.0416071,0.11135981976985931,0.9871031641960144,0.7946357131004333
YIL013C,YGR133W,0,-1.0419984,0.11134736239910126,0.9871031641960144,0.7947357892990112
YOR329C,YOR110W,0,-1.0427312,0.1113348975777626,0.9871031641960144,0.7948358654975891
YML011C,YLL040C,0,-1.0430696,0.11132244020700455,0.9871031641960144,0.794935941696167
YHR046C,YOL062C,0,-1.043149,0.11130999028682709,0.9871031641960144,0.7950360178947449
YHR043C,YKL077W,0,-1.0433913,0.11129754036664963,0.9871031641960144,0.7951360940933228
YLR021W,YGR183C,0,-1.0439453,0.11128509044647217,0.9871031641960144,0.7952361702919006
YDL230W,YBR162W-A,0,-1.045481,0.1112726479768753,0.9871031641960144,0.7953362464904785
YGR175C,YLR214W,0,-1.0455498,0.11126020550727844,0.9871031641960144,0.7954363226890564
YGL166W,YDR481C,0,-1.046144,0.11124776303768158,0.9871031641960144,0.795536458492279
YER175C,YOR372C,0,-1.0462098,0.11123532801866531,0.9871031641960144,0.7956365346908569
YJL046W,YNL236W,0,-1.0463718,0.11122289299964905,0.9871031641960144,0.7957366108894348
YLR092W,YGL190C,0,-1.0464109,0.11121045798063278,0.9871031641960144,0.7958366870880127
YPL089C,YBL033C,0,-1.0466521,0.11119803041219711,0.9871031641960144,0.7959367632865906
YBR265W,YLR032W,0,-1.0471115,0.11118561029434204,0.9871031641960144,0.7960368394851685
YKL067W,YOR132W,0,-1.0471519,0.11117318272590637,0.9871031641960144,0.7961369156837463
YDL021W,YOR372C,0,-1.0473249,0.1111607626080513,0.9871031641960144,0.7962369918823242
YMR054W,YOR232W,0,-1.0473773,0.11114834994077682,0.9871031641960144,0.7963370680809021
YER183C,YKL211C,0,-1.0480151,0.11113592982292175,0.9871031641960144,0.79643714427948
YHL002W,YHR021C,0,-1.0482569,0.11112351715564728,0.9871031641960144,0.7965372204780579
YIL162W,YCL038C,0,-1.0484514,0.1111111119389534,0.9871031641960144,0.7966372966766357
YER117W,YNL268W,0,-1.0484856,0.11109870672225952,0.9871031641960144,0.7967373728752136
YMR119W,YFR002W,0,-1.0488604,0.11108630150556564,0.9871031641960144,0.7968374490737915
YFL029C,YNL061W,0,-1.049187,0.11107390373945236,0.9871031641960144,0.7969375252723694
YPL060W,YMR302C,0,-1.0492281,0.11106150597333908,0.9871031641960144,0.7970376014709473
YLR133W,YIL027C,0,-1.0499986,0.1110491082072258,0.9871031641960144,0.7971377372741699
YLR099C,YER006W,0,-1.050847,0.11103671789169312,0.9871031641960144,0.7972378134727478
YJL103C,YDR410C,0,-1.051446,0.11102432757616043,0.9871031641960144,0.7973378896713257
YPR065W,YBR013C,0,-1.0516177,0.11101193726062775,0.9871031641960144,0.7974379658699036
YIL063C,YNL059C,0,-1.0518049,0.11099955439567566,0.9871031641960144,0.7975380420684814
YEL046C,YAL056W,0,-1.0518761,0.11098717153072357,0.9871031641960144,0.7976381182670593
YNL265C,YPR002W,0,-1.05269,0.11097479611635208,0.9871031641960144,0.7977381944656372
YGR187C,YLR214W,0,-1.0528069,0.11096242070198059,0.9871031641960144,0.7978382706642151
YPR145W,YIL126W,0,-1.0534636,0.1109500452876091,0.9871031641960144,0.797938346862793
YOR298C-A,YBR279W,0,-1.053962,0.1109376773238182,0.9871031641960144,0.7980384230613708
YDR236C,YDR430C,0,-1.0541393,0.11092530936002731,0.9871031641960144,0.7981384992599487
YGR177C,YER012W,0,-1.0543249,0.11091294139623642,0.9871031641960144,0.7982385754585266
YBR071W,YPL170W,0,-1.0543607,0.11090058088302612,0.9871031641960144,0.7983386516571045
YHR183W,YER172C,0,-1.0545634,0.11088822036981583,0.9871031641960144,0.7984387278556824
YLL025W,YOR189W,0,-1.0562497,0.11087586730718613,0.9871031641960144,0.7985388040542603
YLR066W,YHL015W,0,-1.0571868,0.11086350679397583,0.9871031641960144,0.7986389398574829
YIL132C,YNL219C,0,-1.0573045,0.11085116118192673,0.9871031641960144,0.7987390160560608
YOR016C,YDR484W,0,-1.0578208,0.11083880811929703,0.9871031641960144,0.7988390922546387
YIL109C,YMR067C,0,-1.0586901,0.11082646250724792,0.9871031641960144,0.7989391684532166
YKL056C,YPL170W,0,-1.0588977,0.11081412434577942,0.9871031641960144,0.7990392446517944
YCR004C,YOL148C,0,-1.0591273,0.11080177873373032,0.9871031641960144,0.7991393208503723
YKL034W,YGR122W,0,-1.0596597,0.11078944802284241,0.9871031641960144,0.7992393970489502
YPL106C,YLR318W,0,-1.0598595,0.1107771098613739,0.9871031641960144,0.7993394732475281
YEL040W,YOR256C,0,-1.0601791,0.11076477915048599,0.9871031641960144,0.799439549446106
YMR169C,YMR002W,0,-1.060225,0.11075244843959808,0.9871031641960144,0.7995396256446838
YCR028C-A,YLR005W,0,-1.060412,0.11074012517929077,0.9871031641960144,0.7996397018432617
YGR048W,YDR254W,0,-1.0615108,0.11072780191898346,0.9871031641960144,0.7997397780418396
YAL028W,YHR001W,0,-1.0615239,0.11071547865867615,0.9871031641960144,0.7998398542404175
YFR051C,YGR197C,0,-1.0621041,0.11070316284894943,0.9871031641960144,0.7999399304389954
YOL094C,YHR139C,0,-1.0623177,0.11069084703922272,0.9871031641960144,0.8000400066375732
YLR223C,YBL033C,0,-1.0623385,0.110678531229496,0.9871031641960144,0.8001400828361511
YBR237W,YHR098C,0,-1.0631894,0.11066622287034988,0.9871031641960144,0.8002402186393738
YNR035C,YJL056C,0,-1.0633388,0.11065391451120377,0.9871031641960144,0.8003402948379517
YNL074C,YAL054C,0,-1.0633612,0.11064161360263824,0.9871031641960144,0.8004403710365295
YBR149W,YDR453C,0,-1.0635359,0.11062930524349213,0.9871031641960144,0.8005404472351074
YDR055W,YDR235W,0,-1.0637876,0.1106170117855072,0.9871031641960144,0.8006405234336853
YBR260C,YDR319C,0,-1.0639131,0.11060471087694168,0.9871031641960144,0.8007405996322632
YOR274W,YBR145W,0,-1.0646104,0.11059241741895676,0.9871031641960144,0.8008406758308411
YPL252C,YDL047W,0,-1.0646363,0.11058013141155243,0.9871031641960144,0.800940752029419
YER026C,YNL230C,0,-1.0647383,0.1105678379535675,0.9871031641960144,0.8010408282279968
YDR223W,YDR216W,0,-1.0647469,0.11055555194616318,0.9871031641960144,0.8011409044265747
YLR247C,YGR191W,0,-1.0647588,0.11054327338933945,0.9871031641960144,0.8012409806251526
YHL016C,YGL195W,0,-1.0650119,0.11053099483251572,0.9871031641960144,0.8013410568237305
YJR140C,YMR105C,0,-1.065138,0.11051871627569199,0.9871031641960144,0.8014411330223083
YJL099W,YPL123C,0,-1.0652623,0.11050644516944885,0.9871031641960144,0.8015412092208862
YKL119C,YDR256C,0,-1.0657495,0.11049416661262512,0.9871031641960144,0.8016412854194641
YPL133C,YLR017W,0,-1.0659599,0.11048190295696259,0.9871031641960144,0.8017414212226868
YFL055W,YPL131W,0,-1.0663681,0.11046963185071945,0.9871031641960144,0.8018414974212646
YOR129C,YER098W,0,-1.0670887,0.11045736819505692,0.9871031641960144,0.8019415736198425
YBL046W,YCR031C,0,-1.067663,0.11044511198997498,0.9871031641960144,0.8020416498184204
YOL128C,YGR227W,0,-1.0679696,0.11043285578489304,0.9871031641960144,0.8021417260169983
YJL062W,YOL147C,0,-1.0686978,0.1104205995798111,0.9871031641960144,0.8022418022155762
YNL107W,YML056C,0,-1.0687537,0.11040834337472916,0.9871031641960144,0.802341878414154
YBR180W,YDR179C,0,-1.0688742,0.11039609462022781,0.9871031641960144,0.8024419546127319
YLR251W,YLR078C,0,-1.0690137,0.11038384586572647,0.9871031641960144,0.8025420308113098
YDR486C,YLR029C,0,-1.069837,0.11037160456180573,0.9871031641960144,0.8026421070098877
YEL052W,YDL021W,0,-1.0698605,0.11035936325788498,0.9871031641960144,0.8027421832084656
YLL055W,YKR025W,0,-1.0703754,0.11034712195396423,0.9871031641960144,0.8028422594070435
YBL098W,YMR028W,0,-1.0712054,0.11033488810062408,0.9871031641960144,0.8029423356056213
YDL237W,YGR255C,0,-1.0712599,0.11032265424728394,0.9871031641960144,0.8030424118041992
YJR078W,YMR227C,0,-1.0713216,0.11031042039394379,0.9871031641960144,0.8031424880027771
YOR371C,YJL192C,0,-1.0714209,0.11029819399118423,0.9871031641960144,0.8032426238059998
YOR369C,YHR209W,0,-1.0720689,0.11028596758842468,0.9871031641960144,0.8033427000045776
YCL004W,YPR192W,0,-1.0722874,0.11027374118566513,0.9871031641960144,0.8034427762031555
YML028W,YDR320C,0,-1.0725608,0.11026152223348618,0.9871031641960144,0.8035428524017334
YLR390W,YER033C,0,-1.0732441,0.11024931073188782,0.9871031641960144,0.8036429286003113
YKL126W,YML060W,0,-1.073513,0.11023709177970886,0.9871031641960144,0.8037430047988892
YKL217W,YCR003W,0,-1.0738795,0.1102248802781105,0.9871031641960144,0.803843080997467
YIL133C,YER122C,0,-1.0745755,0.11021266877651215,0.9871031641960144,0.8039431571960449
YDR064W,YDL085W,0,-1.0747588,0.11020046472549438,0.9871031641960144,0.8040432333946228
YOR172W,YNL246W,0,-1.0756047,0.11018826067447662,0.9871031641960144,0.8041433095932007
YJL001W,YOR368W,0,-1.075678,0.11017605662345886,0.9871031641960144,0.8042433857917786
YOL051W,YDL231C,0,-1.0761436,0.1101638600230217,0.9871031641960144,0.8043434619903564
YGR241C,YNL300W,0,-1.0763175,0.11015166342258453,0.9871031641960144,0.8044435381889343
YOR095C,YLR447C,0,-1.0763988,0.11013947427272797,0.9871031641960144,0.8045436143875122
YDR162C,YNL037C,0,-1.0764737,0.1101272851228714,0.9871031641960144,0.8046436905860901
YNL321W,YLR099C,0,-1.0773253,0.11011509597301483,0.9871031641960144,0.804743766784668
YEL024W,YBR236C,0,-1.0779784,0.11010290682315826,0.9871031641960144,0.8048439025878906
YOR301W,YBR260C,0,-1.078069,0.1100907251238823,0.9871031641960144,0.8049439787864685
YMR109W,YOR140W,0,-1.078129,0.11007855087518692,0.9871031641960144,0.8050440549850464
YOR132W,YNL268W,0,-1.0790842,0.11006636917591095,0.9871031641960144,0.8051441311836243
YMR296C,YPL100W,0,-1.079344,0.11005419492721558,0.9871031641960144,0.8052442073822021
YBR234C,YBR145W,0,-1.0803839,0.1100420281291008,0.9871031641960144,0.80534428358078
YDL056W,YDR282C,0,-1.0803978,0.11002985388040543,0.9871031641960144,0.8054443597793579
YDR540C,YER091C,0,-1.0805101,0.11001769453287125,0.9871031641960144,0.8055444359779358
YMR105C,YKR001C,0,-1.0814074,0.11000552773475647,0.9871031641960144,0.8056445121765137
YBR214W,YDR254W,0,-1.0814078,0.10999336838722229,0.9871031641960144,0.8057445883750916
YGL025C,YGR236C,0,-1.0817927,0.10998120903968811,0.9871031641960144,0.8058446645736694
YML059C,YKL211C,0,-1.0818565,0.10996905714273453,0.9871031641960144,0.8059447407722473
YJR091C,YNR052C,0,-1.0823107,0.10995689779520035,0.9871031641960144,0.8060448169708252
YFR051C,YDR119W,0,-1.0825226,0.10994475334882736,0.9871031641960144,0.8061448931694031
YGR123C,YGR223C,0,-1.083458,0.10993260145187378,0.9871031641960144,0.806244969367981
YDR019C,YJL020C,0,-1.0837069,0.1099204570055008,0.9871031641960144,0.8063451051712036
YDR175C,YOL130W,0,-1.0848558,0.1099083200097084,0.9871031641960144,0.8064451813697815
YJL099W,YLR390W,0,-1.0848957,0.10989617556333542,0.9871031641960144,0.8065452575683594
YMR261C,YPR102C,0,-1.0849469,0.10988403856754303,0.9871031641960144,0.8066453337669373
YJL210W,YMR308C,0,-1.0852393,0.10987190902233124,0.9871031641960144,0.8067454099655151
YDR214W,YBR067C,0,-1.0855217,0.10985977947711945,0.9871031641960144,0.806845486164093
YIR023W,YHR098C,0,-1.0860667,0.10984764993190765,0.9871031641960144,0.8069455623626709
YGR124W,YDL099W,0,-1.0861672,0.10983552038669586,0.9871031641960144,0.8070456385612488
YHR011W,YDR236C,0,-1.0869133,0.10982339829206467,0.9871031641960144,0.8071457147598267
YMR300C,YJL093C,0,-1.0870608,0.10981127619743347,0.9871031641960144,0.8072457909584045
YKL096W,YDL035C,0,-1.0872295,0.10979916155338287,0.9871031641960144,0.8073458671569824
YHR028C,YPL183W-A,0,-1.0877177,0.10978704690933228,0.9871031641960144,0.8074459433555603
YDR536W,YGR100W,0,-1.0881679,0.10977493226528168,0.9871031641960144,0.8075460195541382
YHR209W,YGR152C,0,-1.0883844,0.10976282507181168,0.9871031641960144,0.8076460957527161
YER062C,YPL230W,0,-1.0888357,0.10975071787834167,0.9871031641960144,0.807746171951294
YER093C,YDR018C,0,-1.089473,0.10973861068487167,0.9871031641960144,0.8078462481498718
YCL044C,YLR425W,0,-1.0897764,0.10972651094198227,0.9871031641960144,0.8079463839530945
YLR118C,YGR099W,0,-1.0902395,0.10971441119909286,0.9871031641960144,0.8080464601516724
YLR328W,YJL099W,0,-1.0902556,0.10970231890678406,0.9871031641960144,0.8081465363502502
YDR412W,YHR028C,0,-1.0908251,0.10969021916389465,0.9871031641960144,0.8082466125488281
YDR486C,YIL027C,0,-1.0910045,0.10967812687158585,0.9871031641960144,0.808346688747406
YHR053C,YNL282W,0,-1.0913405,0.10966604202985764,0.9871031641960144,0.8084467649459839
YDR064W,YMR054W,0,-1.0915948,0.10965395718812943,0.9871031641960144,0.8085468411445618
YPR145W,YML064C,0,-1.0916485,0.10964187234640121,0.9871031641960144,0.8086469173431396
YFR051C,YDL171C,0,-1.0916862,0.1096297949552536,0.9871031641960144,0.8087469935417175
YBL074C,YPL250C,0,-1.0917114,0.10961771756410599,0.9871031641960144,0.8088470697402954
YDR293C,YGR030C,1,-1.0919745,0.10971579700708389,0.988095223903656,0.8088470697402954
YJL065C,YLR134W,0,-1.0920854,0.10970371216535568,0.988095223903656,0.8089471459388733
YML015C,YGR236C,0,-1.0925369,0.10969162732362747,0.988095223903656,0.8090472221374512
YPL119C,YLR385C,0,-1.0926018,0.10967954993247986,0.988095223903656,0.809147298336029
YBR264C,YAL008W,0,-1.0931525,0.10966747254133224,0.988095223903656,0.8092473745346069
YDR320C,YJL192C,0,-1.0932934,0.10965540260076523,0.988095223903656,0.8093474507331848
YDL230W,YLR253W,0,-1.0934105,0.10964332520961761,0.988095223903656,0.8094475865364075
YOR156C,YOL062C,0,-1.0941045,0.1096312627196312,0.988095223903656,0.8095476627349854
YER163C,YDL192W,0,-1.0950325,0.10961919277906418,0.988095223903656,0.8096477389335632
YKL067W,YBR258C,0,-1.0950735,0.10960713028907776,0.988095223903656,0.8097478151321411
YLR227C,YBL002W,0,-1.0957923,0.10959506779909134,0.988095223903656,0.809847891330719
YIL122W,YLR134W,0,-1.096189,0.10958301275968552,0.988095223903656,0.8099479675292969
YOR201C,YPL170W,0,-1.0966712,0.1095709577202797,0.988095223903656,0.8100480437278748
YDR066C,YLR203C,0,-1.0977244,0.10955890268087387,0.988095223903656,0.8101481199264526
YIL062C,YGR262C,0,-1.0979826,0.10954685509204865,0.988095223903656,0.8102481961250305
YLR054C,YNR006W,0,-1.0984815,0.10953480750322342,0.988095223903656,0.8103482723236084
YIR013C,YNL236W,0,-1.0991167,0.1095227599143982,0.988095223903656,0.8104483485221863
YPL112C,YGL047W,0,-1.1002063,0.10951071977615356,0.988095223903656,0.8105484247207642
YHR082C,YOR071C,0,-1.1006649,0.10949867963790894,0.988095223903656,0.810648500919342
YGR116W,YGR204W,0,-1.100982,0.1094866469502449,0.988095223903656,0.8107485771179199
YBR094W,YAL055W,0,-1.1011405,0.10947460681200027,0.988095223903656,0.8108486533164978
YJR009C,YHR002W,0,-1.1014758,0.10946258157491684,0.988095223903656,0.8109487295150757
YDR471W,YBR038W,0,-1.1016977,0.10945054888725281,0.988095223903656,0.8110488653182983
YIL016W,YOR298C-A,0,-1.1018169,0.10943852365016937,0.988095223903656,0.8111489415168762
YGL168W,YMR070W,0,-1.1021321,0.10942649841308594,0.988095223903656,0.8112490177154541
YPL196W,YNL084C,0,-1.1021631,0.1094144806265831,0.988095223903656,0.811349093914032
YOL151W,YNL021W,0,-1.102206,0.10940246284008026,0.988095223903656,0.8114491701126099
YKL056C,YER087C-A,0,-1.1045275,0.10939044505357742,0.988095223903656,0.8115492463111877
YPL241C,YML070W,0,-1.1049633,0.10937843471765518,0.988095223903656,0.8116493225097656
YJL059W,YAL005C,0,-1.1051614,0.10936642438173294,0.988095223903656,0.8117493987083435
YPL106C,YML075C,0,-1.1052436,0.1093544140458107,0.988095223903656,0.8118494749069214
YML085C,YAL034W-A,0,-1.1052705,0.10934241116046906,0.988095223903656,0.8119495511054993
YDR522C,YGR241C,0,-1.1053228,0.10933040827512741,0.988095223903656,0.8120496273040771
YHR089C,YER091C,0,-1.1056386,0.10931840538978577,0.988095223903656,0.812149703502655
YIR026C,YLR056W,0,-1.1056935,0.10930640995502472,0.988095223903656,0.8122497797012329
YIL063C,YBR158W,0,-1.1059974,0.10929441452026367,0.988095223903656,0.8123498558998108
YHR151C,YOL003C,0,-1.106485,0.10928241908550262,0.988095223903656,0.8124499320983887
YER111C,YGL051W,0,-1.1066257,0.10927043110132217,0.988095223903656,0.8125500679016113
YPL123C,YIR021W,1,-1.1067836,0.10936814546585083,0.9890872836112976,0.8125500679016113
YMR243C,YDR377W,0,-1.1080781,0.10935615003108978,0.9890872836112976,0.8126501441001892
YMR002W,YPR002W,0,-1.1083694,0.10934415459632874,0.9890872836112976,0.8127502202987671
YHR206W,YBR229C,0,-1.1085889,0.10933216661214828,0.9890872836112976,0.812850296497345
YDR462W,YPL106C,0,-1.1088023,0.10932017862796783,0.9890872836112976,0.8129503726959229
YGR028W,YHR102W,0,-1.1095121,0.10930819064378738,0.9890872836112976,0.8130504488945007
YJL055W,YLR345W,0,-1.1098007,0.10929621011018753,0.9890872836112976,0.8131505250930786
YGR080W,YML076C,0,-1.1100267,0.10928422957658768,0.9890872836112976,0.8132506012916565
YIL109C,YLR345W,0,-1.1102607,0.10927224904298782,0.9890872836112976,0.8133506774902344
YMR268C,YLR450W,0,-1.1102808,0.10926027595996857,0.9890872836112976,0.8134507536888123
YKR087C,YOL127W,0,-1.1116023,0.10924830287694931,0.9890872836112976,0.8135508298873901
YMR284W,YLL048C,0,-1.1121277,0.10923632979393005,0.9890872836112976,0.813650906085968
YHR012W,YIL109C,0,-1.112257,0.1092243641614914,0.9890872836112976,0.8137509822845459
YGR168C,YOR223W,0,-1.1124792,0.10921239852905273,0.9890872836112976,0.8138510584831238
YGL005C,YGR191W,0,-1.1131394,0.10920044034719467,0.9890872836112976,0.8139511346817017
YLR270W,YGR288W,0,-1.1132741,0.10918848216533661,0.9890872836112976,0.8140512704849243
YPL078C,YNL049C,0,-1.1133263,0.10917652398347855,0.9890872836112976,0.8141513466835022
YLL061W,YPL246C,0,-1.1133296,0.10916456580162048,0.9890872836112976,0.8142514228820801
YDR055W,YNR020C,0,-1.1137971,0.10915261507034302,0.9890872836112976,0.814351499080658
YOR148C,YDL234C,0,-1.1139665,0.10914066433906555,0.9890872836112976,0.8144515752792358
YJR101W,YJL093C,0,-1.1140884,0.10912872105836868,0.9890872836112976,0.8145516514778137
YIL109C,YBR191W,0,-1.1150962,0.10911677777767181,0.9890872836112976,0.8146517276763916
YNL055C,YGR168C,0,-1.1151351,0.10910483449697495,0.9890872836112976,0.8147518038749695
YEL059C-A,YPL160W,0,-1.1153592,0.10909289866685867,0.9890872836112976,0.8148518800735474
YLR390W,YAL029C,0,-1.1156889,0.1090809628367424,0.9890872836112976,0.8149519562721252
YDL019C,YDR458C,0,-1.1169941,0.10906902700662613,0.9890872836112976,0.8150520324707031
YDR320C,YML085C,0,-1.1169997,0.10905709862709045,0.9890872836112976,0.815152108669281
YHR178W,YDR129C,0,-1.1170657,0.10904517024755478,0.9890872836112976,0.8152521848678589
YHR086W,YCR071C,0,-1.1171927,0.1090332493185997,0.9890872836112976,0.8153522610664368
YGL156W,YDL085W,0,-1.1174412,0.10902132093906403,0.9890872836112976,0.8154523372650146
YCR004C,YGR255C,0,-1.1174854,0.10900940001010895,0.9890872836112976,0.8155524134635925
YPL123C,YMR190C,0,-1.1178044,0.10899748653173447,0.9890872836112976,0.8156525492668152
YGR124W,YAL043C,0,-1.11786,0.10898557305335999,0.9890872836112976,0.8157526254653931
YMR190C,YIL005W,0,-1.1182272,0.1089736595749855,0.9890872836112976,0.815852701663971
YDR392W,YGR255C,0,-1.1185495,0.10896174609661102,0.9890872836112976,0.8159527778625488
YLL061W,YGR121C,0,-1.1187344,0.10894984006881714,0.9890872836112976,0.8160528540611267
YOR298C-A,YFL038C,0,-1.1190629,0.10893793404102325,0.9890872836112976,0.8161529302597046
YJL210W,YEL056W,0,-1.1195147,0.10892603546380997,0.9890872836112976,0.8162530064582825
YOR016C,YPL133C,0,-1.1195594,0.10891413688659668,0.9890872836112976,0.8163530826568604
YDL138W,YOR373W,0,-1.1196663,0.10890223830938339,0.9890872836112976,0.8164531588554382
YBL098W,YNL048W,0,-1.11976,0.1088903471827507,0.9890872836112976,0.8165532350540161
YGL237C,YIL010W,0,-1.120578,0.10887845605611801,0.9890872836112976,0.816653311252594
YJL210W,YLL055W,0,-1.1212744,0.10886656492948532,0.9890872836112976,0.8167533874511719
YPL159C,YOR373W,0,-1.1217568,0.10885468125343323,0.9890872836112976,0.8168534636497498
YPR184W,YDL193W,0,-1.1218572,0.10884279757738113,0.9890872836112976,0.8169535398483276
YBR149W,YDR304C,0,-1.1219792,0.10883091390132904,0.9890872836112976,0.8170536160469055
YHR053C,YGR204W,0,-1.1225584,0.10881903767585754,0.9890872836112976,0.8171537518501282
YML092C,YGL195W,0,-1.1231391,0.10880716145038605,0.9890872836112976,0.817253828048706
YCR009C,YKL038W,0,-1.123718,0.10879528522491455,0.9890872836112976,0.8173539042472839
YML028W,YJR017C,0,-1.1242445,0.10878341645002365,0.9890872836112976,0.8174539804458618
YJR091C,YDR295C,0,-1.1242876,0.10877154767513275,0.9890872836112976,0.8175540566444397
YFR051C,YER183C,0,-1.1258337,0.10875967890024185,0.9890872836112976,0.8176541328430176
YLR293C,YJL146W,0,-1.1259247,0.10874781757593155,0.9890872836112976,0.8177542090415955
YHR150W,YDL185W,0,-1.1261699,0.10873595625162125,0.9890872836112976,0.8178542852401733
YDL126C,YOR332W,0,-1.1261811,0.10872410237789154,0.9890872836112976,0.8179543614387512
YPL161C,YMR040W,0,-1.126365,0.10871224850416183,0.9890872836112976,0.8180544376373291
YNL149C,YDL171C,0,-1.126637,0.10870039463043213,0.9890872836112976,0.818154513835907
YGR032W,YDL045W-A,0,-1.127894,0.10868854075670242,0.9890872836112976,0.8182545900344849
YDR371W,YBR067C,0,-1.1279894,0.10867669433355331,0.9890872836112976,0.8183546662330627
YNL048W,YDL171C,0,-1.1283205,0.1086648479104042,0.9890872836112976,0.8184547424316406
YPR080W,YCR003W,0,-1.1285887,0.1086530089378357,0.9890872836112976,0.8185548186302185
YDL231C,YKL211C,0,-1.1286328,0.10864116996526718,0.9890872836112976,0.8186548948287964
YPL224C,YGR258C,0,-1.1294308,0.10862933099269867,0.9890872836112976,0.818755030632019
YBL030C,YPL271W,0,-1.1294672,0.10861749947071075,0.9890872836112976,0.8188551068305969
YBR261C,YIL157C,0,-1.1300119,0.10860566794872284,0.9890872836112976,0.8189551830291748
YNL281W,YEL040W,0,-1.1314776,0.10859383642673492,0.9890872836112976,0.8190552592277527
YER045C,YBR192W,0,-1.1314993,0.10858200490474701,0.9890872836112976,0.8191553354263306
YAL014C,YOR234C,0,-1.1316216,0.10857018083333969,0.9890872836112976,0.8192554116249084
YBR162W-A,YPL230W,0,-1.13198,0.10855836421251297,0.9890872836112976,0.8193554878234863
YHR046C,YDL230W,0,-1.1324041,0.10854654014110565,0.9890872836112976,0.8194555640220642
YFR013W,YJL196C,0,-1.1324939,0.10853472352027893,0.9890872836112976,0.8195556402206421
YJL062W,YOL096C,0,-1.1326315,0.1085229143500328,0.9890872836112976,0.81965571641922
YER166W,YFL062W,0,-1.1330793,0.10851109772920609,0.9890872836112976,0.8197557926177979
YMR237W,YLR242C,0,-1.1337274,0.10849929600954056,0.9890872836112976,0.8198558688163757
YIR028W,YIL111W,0,-1.1341395,0.10848748683929443,0.9890872836112976,0.8199559450149536
YJR078W,YDR430C,0,-1.134201,0.1084756851196289,0.9890872836112976,0.8200560212135315
YML064C,YPL159C,0,-1.1346276,0.10846388339996338,0.9890872836112976,0.8201560974121094
YDR540C,YGR204W,0,-1.1350827,0.10845208168029785,0.9890872836112976,0.820256233215332
YGL134W,YLR390W,0,-1.1352503,0.10844028741121292,0.9890872836112976,0.8203563094139099
YHR209W,YIL097W,0,-1.1352825,0.10842849314212799,0.9890872836112976,0.8204563856124878
YHR076W,YNL270C,0,-1.1353841,0.10841670632362366,0.9890872836112976,0.8205564618110657
YNL314W,YCR044C,0,-1.13559,0.10840491205453873,0.9890872836112976,0.8206565380096436
YMR321C,YGR149W,0,-1.1357522,0.1083931252360344,0.9890872836112976,0.8207566142082214
YDR175C,YGL059W,0,-1.136742,0.10838134586811066,0.9890872836112976,0.8208566904067993
YER025W,YPR192W,0,-1.1371235,0.10836956650018692,0.9890872836112976,0.8209567666053772
YDR170C,YER019C-A,0,-1.1372093,0.10835778713226318,0.9890872836112976,0.8210568428039551
YCL004W,YNL059C,0,-1.137295,0.10834601521492004,0.9890872836112976,0.821156919002533
YOR236W,YJL083W,0,-1.1373296,0.10833423584699631,0.9890872836112976,0.8212569952011108
YHR053C,YLR390W,0,-1.1376221,0.10832247138023376,0.9890872836112976,0.8213570713996887
YLR160C,YLL041C,0,-1.1376743,0.10831069946289062,0.9890872836112976,0.8214571475982666
YGL168W,YKL197C,0,-1.1382502,0.10829893499612808,0.9890872836112976,0.8215572237968445
YGL051W,YJL035C,0,-1.1388029,0.10828717052936554,0.9890872836112976,0.8216572999954224
YER052C,YDL150W,0,-1.1391284,0.1082754135131836,0.9890872836112976,0.8217573761940002
YDR538W,YMR028W,0,-1.1391613,0.10826365649700165,0.9890872836112976,0.8218575119972229
YKR026C,YNL010W,0,-1.1399323,0.1082518994808197,0.9890872836112976,0.8219575881958008
YGR184C,YPR001W,0,-1.1401526,0.10824014991521835,0.9890872836112976,0.8220576643943787
YLR287C-A,YNL067W,0,-1.1421763,0.108228400349617,0.9890872836112976,0.8221577405929565
YBR204C,YJL107C,0,-1.1421847,0.10821665078401566,0.9890872836112976,0.8222578167915344
YHR062C,YDL185W,1,-1.1426028,0.1083134338259697,0.9900793433189392,0.8222578167915344
YKL173W,YHR123W,0,-1.1426066,0.10830168426036835,0.9900793433189392,0.8223578929901123
YNL107W,YGL038C,0,-1.1427953,0.1082899272441864,0.9900793433189392,0.8224579691886902
YLR303W,YOR099W,0,-1.1437848,0.10827818512916565,0.9900793433189392,0.8225580453872681
YML004C,YAR071W,0,-1.1439434,0.1082664355635643,0.9900793433189392,0.822658121585846
YOR148C,YNL200C,0,-1.1441854,0.10825469344854355,0.9900793433189392,0.8227581977844238
YKR087C,YDL085W,0,-1.1444525,0.1082429513335228,0.9900793433189392,0.8228582739830017
YOR147W,YLR134W,0,-1.144702,0.10823120921850204,0.9900793433189392,0.8229583501815796
YDR058C,YNL059C,0,-1.1448066,0.10821947455406189,0.9900793433189392,0.8230584263801575
YDR168W,YBL033C,0,-1.1454978,0.10820773988962173,0.9900793433189392,0.8231585025787354
YNL281W,YCL044C,0,-1.1455357,0.10819601267576218,0.9900793433189392,0.8232585787773132
YKL067W,YHR043C,0,-1.1459489,0.10818428546190262,0.9900793433189392,0.8233587145805359
YNL246W,YBR126C,0,-1.1459918,0.10817255824804306,0.9900793433189392,0.8234587907791138
YML004C,YDR462W,0,-1.146155,0.1081608310341835,0.9900793433189392,0.8235588669776917
YJL162C,YMR251W-A,0,-1.1485331,0.10814911127090454,0.9900793433189392,0.8236589431762695
YBL064C,YER183C,0,-1.1487863,0.10813739150762558,0.9900793433189392,0.8237590193748474
YIL148W,YDL099W,0,-1.1493944,0.10812567919492722,0.9900793433189392,0.8238590955734253
YDL113C,YLR288C,0,-1.149654,0.10811396688222885,0.9900793433189392,0.8239591717720032
YDR019C,YCL018W,0,-1.1496971,0.10810225456953049,0.9900793433189392,0.824059247970581
YNL268W,YMR292W,0,-1.1497957,0.10809054225683212,0.9900793433189392,0.8241593241691589
YHR076W,YIR028W,0,-1.1508017,0.10807883739471436,0.9900793433189392,0.8242594003677368
YGR032W,YOR026W,0,-1.150841,0.10806713253259659,0.9900793433189392,0.8243594765663147
YKL133C,YDR453C,0,-1.1509379,0.10805543512105942,0.9900793433189392,0.8244595527648926
YHR002W,YOL089C,0,-1.1515118,0.10804373770952225,0.9900793433189392,0.8245596289634705
YGL039W,YGR026W,0,-1.1524448,0.10803204029798508,0.9900793433189392,0.8246597051620483
YHR139C,YJR101W,0,-1.1527255,0.1080203503370285,0.9900793433189392,0.8247597813606262
YDR119W,YER178W,0,-1.1530905,0.10800866037607193,0.9900793433189392,0.8248599171638489
YLR119W,YDR055W,0,-1.1541221,0.10799697041511536,0.9900793433189392,0.8249599933624268
YJR009C,YDR032C,0,-1.1541425,0.10798528790473938,0.9900793433189392,0.8250600695610046
YBR154C,YNL177C,0,-1.1546535,0.1079735979437828,0.9900793433189392,0.8251601457595825
YBR135W,YNL090W,0,-1.1547484,0.10796192288398743,0.9900793433189392,0.8252602219581604
YER087C-B,YNL286W,0,-1.1549883,0.10795024037361145,0.9900793433189392,0.8253602981567383
YOR071C,YOR132W,0,-1.1554105,0.10793856531381607,0.9900793433189392,0.8254603743553162
YJL001W,YBR188C,0,-1.1556585,0.10792689770460129,0.9900793433189392,0.825560450553894
YGR169C,YLR378C,0,-1.1558887,0.10791522264480591,0.9900793433189392,0.8256605267524719
YDL126C,YCL016C,0,-1.1559567,0.10790355503559113,0.9900793433189392,0.8257606029510498
YBL064C,YLR168C,0,-1.15616,0.10789189487695694,0.9900793433189392,0.8258606791496277
YNR006W,YIL087C,0,-1.1564164,0.10788022726774216,0.9900793433189392,0.8259607553482056
YOL130W,YDR092W,0,-1.1565397,0.10786856710910797,0.9900793433189392,0.8260608315467834
YOR359W,YDL021W,0,-1.156571,0.10785691440105438,0.9900793433189392,0.8261609077453613
YGL115W,YKL138C,0,-1.1573172,0.1078452542424202,0.9900793433189392,0.8262609839439392
YKL155C,YNL327W,0,-1.1578531,0.10783360153436661,0.9900793433189392,0.8263610601425171
YPL156C,YPL166W,0,-1.1580435,0.10782195627689362,0.9900793433189392,0.8264611959457397
YOR369C,YKR071C,0,-1.1583556,0.10781030356884003,0.9900793433189392,0.8265612721443176
YOR261C,YPL100W,0,-1.1590489,0.10779865831136703,0.9900793433189392,0.8266613483428955
YLR320W,YGR189C,0,-1.1597539,0.10778702050447464,0.9900793433189392,0.8267614245414734
YCR023C,YMR261C,0,-1.1601824,0.10777537524700165,0.9900793433189392,0.8268615007400513
YMR224C,YDR293C,1,-1.1601903,0.10787171870470047,0.9910714030265808,0.8268615007400513
YMR104C,YJL094C,0,-1.1615674,0.10786007344722748,0.9910714030265808,0.8269615769386292
YPL246C,YMR060C,0,-1.161863,0.10784842818975449,0.9910714030265808,0.827061653137207
YCR004C,YMR227C,0,-1.1621425,0.10783679038286209,0.9910714030265808,0.8271617293357849
YJR091C,YDR347W,0,-1.1622043,0.1078251451253891,0.9910714030265808,0.8272618055343628
YNL009W,YDR304C,0,-1.1623335,0.1078135147690773,0.9910714030265808,0.8273618817329407
YEL032W,YOR149C,0,-1.1624452,0.1078018769621849,0.9910714030265808,0.8274619579315186
YKL081W,YHR074W,0,-1.1631913,0.10779024660587311,0.9910714030265808,0.8275620341300964
YBL007C,YGL190C,0,-1.1647748,0.10777861624956131,0.9910714030265808,0.8276621103286743
YLR133W,YMR076C,0,-1.1648211,0.10776699334383011,0.9910714030265808,0.8277621865272522
YBR237W,YKR027W,0,-1.1659149,0.10775536298751831,0.9910714030265808,0.8278622627258301
YOL066C,YDL022W,0,-1.1661487,0.1077437475323677,0.9910714030265808,0.8279623985290527
YGL047W,YEL004W,0,-1.1662743,0.1077321246266365,0.9910714030265808,0.8280624747276306
YER178W,YPL048W,0,-1.1666679,0.1077205091714859,0.9910714030265808,0.8281625509262085
YOR172W,YLR203C,0,-1.1668164,0.1077088937163353,0.9910714030265808,0.8282626271247864
YGR092W,YNL021W,0,-1.1671866,0.10769728571176529,0.9910714030265808,0.8283627033233643
YDR130C,YDL083C,0,-1.1675603,0.10768567770719528,0.9910714030265808,0.8284627795219421
YKL032C,YKR093W,0,-1.1691151,0.10767406970262527,0.9910714030265808,0.82856285572052
YHR111W,YMR186W,0,-1.1695006,0.10766246169805527,0.9910714030265808,0.8286629319190979
YNL078W,YGR288W,0,-1.1697733,0.10765086114406586,0.9910714030265808,0.8287630081176758
YNL219C,YLR381W,0,-1.1698047,0.10763926059007645,0.9910714030265808,0.8288630843162537
YNL166C,YFR045W,0,-1.1701766,0.10762766748666763,0.9910714030265808,0.8289631605148315
YKL067W,YER007W,0,-1.1705469,0.10761607438325882,0.9910714030265808,0.8290632367134094
YLR118C,YHR156C,0,-1.1709793,0.10760448127985,0.9910714030265808,0.8291633129119873
YOR016C,YNL055C,0,-1.1713045,0.10759288817644119,0.9910714030265808,0.8292633891105652
YNL265C,YIL126W,0,-1.1713625,0.10758130252361298,0.9910714030265808,0.8293634653091431
YBR087W,YDL054C,0,-1.1714114,0.10756972432136536,0.9910714030265808,0.829463541507721
YGL025C,YJL026W,0,-1.1718642,0.10755813866853714,0.9910714030265808,0.8295636773109436
YOR371C,YPR192W,0,-1.1721495,0.10754656046628952,0.9910714030265808,0.8296637535095215
YNL149C,YDR129C,0,-1.1722463,0.1075349822640419,0.9910714030265808,0.8297638297080994
YPL161C,YPR105C,0,-1.1722836,0.10752341151237488,0.9910714030265808,0.8298639059066772
YPR065W,YER141W,0,-1.1723293,0.10751184076070786,0.9910714030265808,0.8299639821052551
YGR029W,YDL085W,0,-1.1728762,0.10750027000904083,0.9910714030265808,0.830064058303833
YOR125C,YNR031C,0,-1.1729208,0.10748869925737381,0.9910714030265808,0.8301641345024109
YKR016W,YNL061W,0,-1.1747599,0.10747713595628738,0.9910714030265808,0.8302642107009888
YOR315W,YHR183W,0,-1.1751952,0.10746558010578156,0.9910714030265808,0.8303642868995667
YDR096W,YOR151C,0,-1.175813,0.10745401680469513,0.9910714030265808,0.8304643630981445
YKL081W,YPL196W,0,-1.1765594,0.1074424609541893,0.9910714030265808,0.8305644392967224
YGL168W,YGR124W,0,-1.1767842,0.10743090510368347,0.9910714030265808,0.8306645154953003
YGR278W,YJL020C,0,-1.1768608,0.10741935670375824,0.9910714030265808,0.8307645916938782
YDL020C,YGR258C,0,-1.1774557,0.10740780830383301,0.9910714030265808,0.830864667892456
YKL065C,YBR126C,0,-1.1778567,0.10739625990390778,0.9910714030265808,0.8309647440910339
YIL042C,YDL022W,0,-1.1781485,0.10738471150398254,0.9910714030265808,0.8310648798942566
YDR342C,YNL334C,0,-1.1781801,0.10737317055463791,0.9910714030265808,0.8311649560928345
YOL113W,YPR043W,0,-1.1784472,0.10736163705587387,0.9910714030265808,0.8312650322914124
YDR038C,YDR453C,0,-1.1784873,0.10735009610652924,0.9910714030265808,0.8313651084899902
YOR132W,YKL104C,0,-1.1791244,0.1073385626077652,0.9910714030265808,0.8314651846885681
YIL095W,YGL059W,0,-1.1791854,0.10732702910900116,0.9910714030265808,0.831565260887146
YML121W,YFR030W,0,-1.1791865,0.10731550306081772,0.9910714030265808,0.8316653370857239
YGL095C,YDR298C,0,-1.1792904,0.10730397701263428,0.9910714030265808,0.8317654132843018
YER025W,YJL099W,0,-1.179526,0.10729245096445084,0.9910714030265808,0.8318654894828796
YKR093W,YHR028C,0,-1.1796831,0.1072809249162674,0.9910714030265808,0.8319655656814575
YDR522C,YPL026C,0,-1.1803659,0.10726940631866455,0.9910714030265808,0.8320656418800354
YNL207W,YKL065C,0,-1.181815,0.1072578877210617,0.9910714030265808,0.8321657180786133
YKL046C,YLR176C,0,-1.182369,0.10724637657403946,0.9910714030265808,0.8322657942771912
YPL106C,YHR178W,0,-1.1823789,0.10723486542701721,0.9910714030265808,0.832365870475769
YLR066W,YBR016W,0,-1.1824837,0.10722335427999496,0.9910714030265808,0.8324659466743469
YBL055C,YBR223C,1,-1.1824906,0.1073191687464714,0.9920634627342224,0.8324659466743469
YKL056C,YBR158W,0,-1.1827617,0.10730765014886856,0.9920634627342224,0.8325660824775696
YKR087C,YNL200C,0,-1.1827722,0.10729613900184631,0.9920634627342224,0.8326661586761475
YNL321W,YHR184W,0,-1.1836971,0.10728462785482407,0.9920634627342224,0.8327662348747253
YDR071C,YBL058W,0,-1.1838067,0.10727311670780182,0.9920634627342224,0.8328663110733032
YLR328W,YJL102W,0,-1.1842484,0.10726161301136017,0.9920634627342224,0.8329663872718811
YPL026C,YDR421W,0,-1.1845531,0.10725010931491852,0.9920634627342224,0.833066463470459
YOL033W,YML118W,0,-1.1858993,0.10723860561847687,0.9920634627342224,0.8331665396690369
YPL134C,YKL095W,0,-1.1860669,0.10722710937261581,0.9920634627342224,0.8332666158676147
YPR009W,YFR015C,0,-1.186556,0.10721561312675476,0.9920634627342224,0.8333666920661926
YGL064C,YDR410C,0,-1.1879076,0.10720411688089371,0.9920634627342224,0.8334667682647705
YJR017C,YBR168W,0,-1.1879662,0.10719262808561325,0.9920634627342224,0.8335668444633484
YNL270C,YOR099W,0,-1.1882141,0.1071811392903328,0.9920634627342224,0.8336669206619263
YKR051W,YLR260W,0,-1.1888254,0.10716965049505234,0.9920634627342224,0.8337669968605042
YHR199C,YMR267W,0,-1.1889517,0.10715816915035248,0.9920634627342224,0.833867073059082
YEL030W,YMR251W-A,0,-1.1890866,0.10714668035507202,0.9920634627342224,0.8339671492576599
YEL046C,YFR013W,0,-1.18988,0.10713520646095276,0.9920634627342224,0.8340672254562378
YGR236C,YPR137W,0,-1.190146,0.1071237251162529,0.9920634627342224,0.8341673612594604
YPL133C,YPR192W,0,-1.1902837,0.10711225122213364,0.9920634627342224,0.8342674374580383
YDR484W,YGL097W,0,-1.1912321,0.10710078477859497,0.9920634627342224,0.8343675136566162
YDR347W,YLR166C,0,-1.1912628,0.10708931088447571,0.9920634627342224,0.8344675898551941
YGR101W,YBL007C,0,-1.1924868,0.10707784444093704,0.9920634627342224,0.834567666053772
YEL052W,YNR038W,0,-1.1927528,0.10706637799739838,0.9920634627342224,0.8346677422523499
YNL078W,YMR251W-A,0,-1.1928905,0.10705491900444031,0.9920634627342224,0.8347678184509277
YHR086W,YJL103C,0,-1.1931751,0.10704346001148224,0.9920634627342224,0.8348678946495056
YMR109W,YGR177C,0,-1.193892,0.10703200101852417,0.9920634627342224,0.8349679708480835
YHR209W,YDR130C,0,-1.1939389,0.1070205494761467,0.9920634627342224,0.8350680470466614
YGL059W,YHR039C-A,0,-1.1942326,0.10700909793376923,0.9920634627342224,0.8351681232452393
YMR105C,YER141W,0,-1.1946895,0.10699764639139175,0.9920634627342224,0.8352681994438171
YOR129C,YMR302C,0,-1.1950872,0.10698620229959488,0.9920634627342224,0.835368275642395
YJR078W,YOR174W,0,-1.1969326,0.10697475075721741,0.9920634627342224,0.8354683518409729
YDR312W,YKL211C,0,-1.197541,0.10696331411600113,0.9920634627342224,0.8355684280395508
YNR008W,YJR101W,0,-1.1991518,0.10695187002420425,0.9920634627342224,0.8356685638427734
YOR023C,YKL201C,0,-1.1992437,0.10694043338298798,0.9920634627342224,0.8357686400413513
YML038C,YBR260C,0,-1.1993475,0.1069289967417717,0.9920634627342224,0.8358687162399292
YDL108W,YPL089C,0,-1.1993685,0.10691756755113602,0.9920634627342224,0.8359687924385071
YNL065W,YLL040C,0,-1.1999259,0.10690613836050034,0.9920634627342224,0.836068868637085
YLL055W,YAL054C,0,-1.2002236,0.10689470916986465,0.9920634627342224,0.8361689448356628
YEL030W,YGR124W,0,-1.2004292,0.10688327997922897,0.9920634627342224,0.8362690210342407
YOR124C,YNL049C,0,-1.2010379,0.10687185823917389,0.9920634627342224,0.8363690972328186
YKL065C,YFR025C,0,-1.2012765,0.1068604439496994,0.9920634627342224,0.8364691734313965
YOR357C,YGR197C,0,-1.2015357,0.10684902220964432,0.9920634627342224,0.8365692496299744
YDR071C,YLR337C,0,-1.2019737,0.10683760792016983,0.9920634627342224,0.8366693258285522
YPL078C,YDR019C,0,-1.2025142,0.10682619363069534,0.9920634627342224,0.8367694020271301
YPR184W,YDL150W,0,-1.2029996,0.10681478679180145,0.9920634627342224,0.836869478225708
YER025W,YML028W,0,-1.2031648,0.10680337250232697,0.9920634627342224,0.8369695544242859
YNL197C,YER175C,0,-1.203328,0.10679196566343307,0.9920634627342224,0.8370696306228638
YPL271W,YDL099W,0,-1.2036371,0.10678056627511978,0.9920634627342224,0.8371697068214417
YMR105C,YGL077C,0,-1.203759,0.10676916688680649,0.9920634627342224,0.8372698426246643
YDR037W,YMR214W,0,-1.2038056,0.1067577674984932,0.9920634627342224,0.8373699188232422
YNL009W,YDR481C,0,-1.2040523,0.1067463681101799,0.9920634627342224,0.8374699950218201
YLR019W,YNL300W,0,-1.204152,0.1067349761724472,0.9920634627342224,0.837570071220398
YMR195W,YAL038W,0,-1.2044519,0.10672358423471451,0.9920634627342224,0.8376701474189758
YBR237W,YKL124W,0,-1.2049437,0.10671219974756241,0.9920634627342224,0.8377702236175537
YBR077C,YPR103W,0,-1.2064201,0.10670080780982971,0.9920634627342224,0.8378702998161316
YBR087W,YOL143C,0,-1.2067168,0.10668943077325821,0.9920634627342224,0.8379703760147095
YMR302C,YDR390C,0,-1.2074833,0.10667804628610611,0.9920634627342224,0.8380704522132874
YNL219C,YJL146W,0,-1.2084606,0.1066666692495346,0.9920634627342224,0.8381705284118652
YLR066W,YER087C-A,0,-1.208534,0.1066552922129631,0.9920634627342224,0.8382706046104431
YOR095C,YPL250C,0,-1.2085674,0.1066439151763916,0.9920634627342224,0.838370680809021
YPL259C,YER175C,0,-1.2094736,0.1066325455904007,0.9920634627342224,0.8384707570075989
YPL097W,YER117W,0,-1.2097584,0.10662117600440979,0.9920634627342224,0.8385708332061768
YDR223W,YOL113W,0,-1.2098497,0.10660980641841888,0.9920634627342224,0.8386709094047546
YIL070C,YER012W,0,-1.2099817,0.10659844428300858,0.9920634627342224,0.8387710452079773
YDR073W,YOL113W,0,-1.210895,0.10658708214759827,0.9920634627342224,0.8388711214065552
YBR191W,YER166W,0,-1.2111626,0.10657572001218796,0.9920634627342224,0.8389711976051331
YAR071W,YPR045C,0,-1.2121103,0.10656436532735825,0.9920634627342224,0.8390712738037109
YGL166W,YOR298C-A,0,-1.2126994,0.10655301064252853,0.9920634627342224,0.8391713500022888
YML004C,YNL149C,0,-1.2134086,0.10654165595769882,0.9920634627342224,0.8392714262008667
YER117W,YBR126C,0,-1.2138702,0.10653030872344971,0.9920634627342224,0.8393715023994446
YDL138W,YGR191W,0,-1.2139363,0.10651896148920059,0.9920634627342224,0.8394715785980225
YML068W,YDR032C,0,-1.2141304,0.10650761425495148,0.9920634627342224,0.8395716547966003
YIL072W,YBR038W,0,-1.2142398,0.10649627447128296,0.9920634627342224,0.8396717309951782
YEL030W,YDL049C,0,-1.2149343,0.10648493468761444,0.9920634627342224,0.8397718071937561
YIL044C,YJR078W,0,-1.2154721,0.10647359490394592,0.9920634627342224,0.839871883392334
YPL118W,YIL070C,0,-1.2159272,0.106462262570858,0.9920634627342224,0.8399719595909119
YAL062W,YGR171C,0,-1.2165803,0.10645092278718948,0.9920634627342224,0.8400720357894897
YGR168C,YMR009W,0,-1.2169235,0.10643959790468216,0.9920634627342224,0.8401721119880676
YPL022W,YGR175C,0,-1.2171646,0.10642826557159424,0.9920634627342224,0.8402721881866455
YDR371W,YDR248C,0,-1.217343,0.10641694068908691,0.9920634627342224,0.8403723239898682
YDL234C,YOR189W,0,-1.2177491,0.10640561580657959,0.9920634627342224,0.840472400188446
YIL061C,YGR191W,0,-1.217988,0.10639429837465286,0.9920634627342224,0.8405724763870239
YKL135C,YMR210W,0,-1.2181425,0.10638298094272614,0.9920634627342224,0.8406725525856018
YGR236C,YGR227W,0,-1.2195529,0.10637166351079941,0.9920634627342224,0.8407726287841797
YDR016C,YMR302C,0,-1.2199936,0.10636034607887268,0.9920634627342224,0.8408727049827576
YMR023C,YER078C,0,-1.2200952,0.10634903609752655,0.9920634627342224,0.8409727811813354
YIL109C,YNL230C,0,-1.2201667,0.10633772611618042,0.9920634627342224,0.8410728573799133
YIL042C,YDR334W,0,-1.2201763,0.10632642358541489,0.9920634627342224,0.8411729335784912
YFR047C,YNL246W,0,-1.2203913,0.10631512105464935,0.9920634627342224,0.8412730097770691
YGR123C,YPL271W,0,-1.2208122,0.10630381852388382,0.9920634627342224,0.841373085975647
YMR119W,YAL034W-A,0,-1.2210968,0.10629251599311829,0.9920634627342224,0.8414731621742249
YNL246W,YLL049W,0,-1.2214301,0.10628122091293335,0.9920634627342224,0.8415732383728027
YOL061W,YBR126C,0,-1.221491,0.10626992583274841,0.9920634627342224,0.8416733145713806
YJR009C,YMR033W,0,-1.2217067,0.10625863075256348,0.9920634627342224,0.8417733907699585
YDR334W,YBL101C,0,-1.221789,0.10624734312295914,0.9920634627342224,0.8418735265731812
YER019C-A,YBR126C,0,-1.2221471,0.1062360554933548,0.9920634627342224,0.841973602771759
YOR009W,YGL077C,0,-1.2223189,0.10622477531433105,0.9920634627342224,0.8420736789703369
YNL107W,YGR183C,0,-1.2231343,0.10621348768472672,0.9920634627342224,0.8421737551689148
YNL263C,YEL020C,0,-1.2232783,0.10620220750570297,0.9920634627342224,0.8422738313674927
YGL059W,YER026C,0,-1.2232952,0.10619093477725983,0.9920634627342224,0.8423739075660706
YOR349W,YMR215W,0,-1.2238445,0.10617965459823608,0.9920634627342224,0.8424739837646484
YPL026C,YER069W,0,-1.224534,0.10616838186979294,0.9920634627342224,0.8425740599632263
YKL155C,YMR009W,0,-1.2248875,0.10615710914134979,0.9920634627342224,0.8426741361618042
YDR130C,YJL117W,0,-1.224894,0.10614584386348724,0.9920634627342224,0.8427742123603821
YGL048C,YGL006W,0,-1.2249128,0.1061345785856247,0.9920634627342224,0.84287428855896
YLL049W,YIL018W,0,-1.2249889,0.10612331330776215,0.9920634627342224,0.8429743647575378
YNL327W,YBR158W,0,-1.225383,0.1061120554804802,0.9920634627342224,0.8430744409561157
YNL049C,YOR189W,0,-1.2264132,0.10610079765319824,0.9920634627342224,0.8431745171546936
YNL197C,YDR430C,0,-1.2264975,0.10608953982591629,0.9920634627342224,0.8432745933532715
YHR076W,YJL093C,0,-1.2265577,0.10607828944921494,0.9920634627342224,0.8433747291564941
YPL219W,YLR404W,0,-1.2268736,0.10606703162193298,0.9920634627342224,0.843474805355072
YPL119C,YOR148C,0,-1.2274578,0.10605578869581223,0.9920634627342224,0.8435748815536499
YAR071W,YDR498C,0,-1.2275472,0.10604453831911087,0.9920634627342224,0.8436749577522278
YDR064W,YGL195W,0,-1.228508,0.10603329539299011,0.9920634627342224,0.8437750339508057
YOR156C,YDL019C,0,-1.2286663,0.10602205246686935,0.9920634627342224,0.8438751101493835
YGR194C,YPL163C,0,-1.2291908,0.1060108095407486,0.9920634627342224,0.8439751863479614
YBL084C,YPR184W,0,-1.2294381,0.10599957406520844,0.9920634627342224,0.8440752625465393
YMR104C,YAL062W,0,-1.2295368,0.10598833858966827,0.9920634627342224,0.8441753387451172
YGL006W,YGR227W,0,-1.2297552,0.10597711056470871,0.9920634627342224,0.8442754149436951
YDR044W,YDR532C,0,-1.2298429,0.10596588253974915,0.9920634627342224,0.844375491142273
YHR028C,YNL236W,0,-1.2299292,0.10595465451478958,0.9920634627342224,0.8444755673408508
YMR016C,YGR197C,0,-1.2303989,0.10594342648983002,0.9920634627342224,0.8445756435394287
YJL151C,YOL143C,0,-1.2304198,0.10593220591545105,0.9920634627342224,0.8446757197380066
YER171W,YEL024W,0,-1.2309952,0.10592098534107208,0.9920634627342224,0.8447757959365845
YNR035C,YLL048C,0,-1.2310154,0.10590976476669312,0.9920634627342224,0.8448758721351624
YMR195W,YNL027W,0,-1.2320304,0.10589855164289474,0.9920634627342224,0.844976007938385
YGL254W,YJL153C,0,-1.2325311,0.10588733851909637,0.9920634627342224,0.8450760841369629
YOR156C,YHR179W,0,-1.2329092,0.105876125395298,0.9920634627342224,0.8451761603355408
YGR155W,YPL048W,0,-1.2336771,0.10586491972208023,0.9920634627342224,0.8452762365341187
YBR264C,YGR121C,0,-1.2342412,0.10585370659828186,0.9920634627342224,0.8453763127326965
YBR237W,YBR191W,0,-1.2343161,0.10584250837564468,0.9920634627342224,0.8454763889312744
YNL290W,YIL053W,0,-1.2344627,0.10583130270242691,0.9920634627342224,0.8455764651298523
YKL005C,YJL192C,0,-1.2344912,0.10582010447978973,0.9920634627342224,0.8456765413284302
YKL034W,YMR308C,0,-1.234956,0.10580890625715256,0.9920634627342224,0.8457766175270081
YKL074C,YPL271W,0,-1.2350113,0.10579771548509598,0.9920634627342224,0.8458766937255859
YKL046C,YNL236W,0,-1.2351687,0.1057865247130394,0.9920634627342224,0.8459767699241638
YOR023C,YOR348C,0,-1.2354352,0.10577533394098282,0.9920634627342224,0.8460768461227417
YPL246C,YOR066W,0,-1.2356793,0.10576414316892624,0.9920634627342224,0.8461769223213196
YML072C,YER069W,0,-1.2368572,0.10575295984745026,0.9920634627342224,0.8462769985198975
YKL217W,YDR129C,0,-1.2368656,0.10574177652597427,0.9920634627342224,0.8463770747184753
YDR109C,YMR087W,0,-1.2370403,0.10573060065507889,0.9920634627342224,0.846477210521698
YJL099W,YPL196W,0,-1.2370851,0.1057194173336029,0.9920634627342224,0.8465772867202759
YGR155W,YMR284W,0,-1.2374107,0.10570824891328812,0.9920634627342224,0.8466773629188538
YHR102W,YCR044C,0,-1.2385235,0.10569707304239273,0.9920634627342224,0.8467774391174316
YHR082C,YOR064C,0,-1.2392702,0.10568590462207794,0.9920634627342224,0.8468775153160095
YDL150W,YJL048C,0,-1.2408817,0.10567473620176315,0.9920634627342224,0.8469775915145874
YER045C,YPL098C,0,-1.2408869,0.10566356778144836,0.9920634627342224,0.8470776677131653
YOL011W,YMR157C,0,-1.2409112,0.10565240681171417,0.9920634627342224,0.8471777439117432
YJR073C,YMR070W,0,-1.241279,0.10564124584197998,0.9920634627342224,0.847277820110321
YJL001W,YLR116W,0,-1.241343,0.10563008487224579,0.9920634627342224,0.8473778963088989
YML118W,YNL262W,1,-1.2415273,0.10572454333305359,0.9930555820465088,0.8473778963088989
YBR106W,YKL219W,0,-1.2415922,0.1057133823633194,0.9930555820465088,0.8474779725074768
YPL271W,YJL103C,0,-1.2416464,0.10570221394300461,0.9930555820465088,0.8475780487060547
YNL037C,YOR087W,0,-1.2428873,0.10569106042385101,0.9930555820465088,0.8476781249046326
YKR026C,YBL101C,0,-1.243076,0.10567989945411682,0.9930555820465088,0.8477782011032104
YMR105C,YIR028W,0,-1.2436881,0.10566874593496323,0.9930555820465088,0.8478782773017883
YMR237W,YDR223W,0,-1.2444438,0.10565759241580963,0.9930555820465088,0.8479783535003662
YOR357C,YML072C,0,-1.2446852,0.10564643889665604,0.9930555820465088,0.8480784893035889
YDR044W,YJL093C,0,-1.2453821,0.10563529282808304,0.9930555820465088,0.8481785655021667
YPR184W,YLL055W,0,-1.2459173,0.10562413930892944,0.9930555820465088,0.8482786417007446
YHR064C,YLR390W,0,-1.2462854,0.10561300069093704,0.9930555820465088,0.8483787178993225
YGL025C,YEL046C,0,-1.2466909,0.10560185462236404,0.9930555820465088,0.8484787940979004
YBL007C,YLR166C,0,-1.2467283,0.10559071600437164,0.9930555820465088,0.8485788702964783
YDR170C,YDR298C,0,-1.2474799,0.10557957738637924,0.9930555820465088,0.8486789464950562
YGR124W,YDR421W,0,-1.2476132,0.10556844621896744,0.9930555820465088,0.848779022693634
YHR043C,YHR021C,0,-1.2489305,0.10555731505155563,0.9930555820465088,0.8488790988922119
YLR320W,YHR098C,0,-1.2505698,0.10554618388414383,0.9930555820465088,0.8489791750907898
YDR223W,YPL012W,0,-1.2514639,0.10553505271673203,0.9930555820465088,0.8490792512893677
YDL020C,YMR076C,0,-1.2520511,0.10552392899990082,0.9930555820465088,0.8491793274879456
YIL095W,YIL070C,0,-1.2530255,0.10551280528306961,0.9930555820465088,0.8492794036865234
YKL074C,YBR221C,0,-1.253715,0.105501689016819,0.9930555820465088,0.8493794798851013
YOR009W,YMR293C,0,-1.2537768,0.10549056529998779,0.9930555820465088,0.8494795560836792
YDR539W,YHR043C,0,-1.2545886,0.10547944903373718,0.9930555820465088,0.8495796918869019
YER166W,YDR216W,0,-1.2547902,0.10546834021806717,0.9930555820465088,0.8496797680854797
YOR161C,YGR255C,0,-1.2548935,0.10545722395181656,0.9930555820465088,0.8497798442840576
YOL051W,YDL126C,0,-1.2552063,0.10544611513614655,0.9930555820465088,0.8498799204826355
YOR359W,YOR149C,0,-1.2553235,0.10543501377105713,0.9930555820465088,0.8499799966812134
YIL044C,YLL041C,0,-1.2564704,0.10542390495538712,0.9930555820465088,0.8500800728797913
YJR010W,YNL059C,0,-1.257516,0.1054128035902977,0.9930555820465088,0.8501801490783691
YJR073C,YDR485C,0,-1.2575828,0.10540170222520828,0.9930555820465088,0.850280225276947
YKR062W,YGR191W,0,-1.2590735,0.10539060831069946,0.9930555820465088,0.8503803014755249
YNL197C,YLR260W,0,-1.259305,0.10537951439619064,0.9930555820465088,0.8504803776741028
YGR092W,YPL206C,0,-1.2597089,0.10536842048168182,0.9930555820465088,0.8505804538726807
YPR110C,YGR124W,0,-1.2598118,0.1053573340177536,0.9930555820465088,0.8506805300712585
YGR134W,YGR255C,0,-1.2612683,0.10534624010324478,0.9930555820465088,0.8507806062698364
YNL107W,YDR304C,0,-1.2617254,0.10533515363931656,0.9930555820465088,0.8508806824684143
YOR124C,YNL055C,0,-1.2619418,0.10532407462596893,0.9930555820465088,0.8509807586669922
YER175C,YDL126C,0,-1.2620351,0.10531299561262131,0.9930555820465088,0.8510808944702148
YMR119W,YBR188C,0,-1.2621593,0.10530191659927368,0.9930555820465088,0.8511809706687927
YPR043W,YAL038W,0,-1.2621622,0.10529083758592606,0.9930555820465088,0.8512810468673706
YDL020C,YER087C-B,0,-1.2623725,0.10527976602315903,0.9930555820465088,0.8513811230659485
YIL053W,YNR049C,0,-1.2629411,0.105268694460392,0.9930555820465088,0.8514811992645264
YHR111W,YLL061W,0,-1.2635884,0.10525762289762497,0.9930555820465088,0.8515812754631042
YNL321W,YJL026W,0,-1.2637415,0.10524655878543854,0.9930555820465088,0.8516813516616821
YGR032W,YPR043W,0,-1.2637993,0.1052354946732521,0.9930555820465088,0.85178142786026
YIL061C,YHR028C,0,-1.2644341,0.10522443056106567,0.9930555820465088,0.8518815040588379
YMR237W,YGR258C,0,-1.2647748,0.10521336644887924,0.9930555820465088,0.8519815802574158
YKR066C,YJL196C,0,-1.2652581,0.10520230978727341,0.9930555820465088,0.8520816564559937
YOR147W,YDR346C,0,-1.2656059,0.10519125312566757,0.9930555820465088,0.8521817326545715
YGR092W,YHR082C,0,-1.2657619,0.10518020391464233,0.9930555820465088,0.8522818088531494
YNL074C,YPR009W,0,-1.2663054,0.1051691547036171,0.9930555820465088,0.8523818850517273
YGR010W,YPR103W,0,-1.2664168,0.10515810549259186,0.9930555820465088,0.8524819612503052
YGL073W,YHR043C,0,-1.2665175,0.10514705628156662,0.9930555820465088,0.8525820374488831
YMR037C,YGL190C,0,-1.2665527,0.10513601452112198,0.9930555820465088,0.8526821732521057
YIR028W,YBR192W,0,-1.2671188,0.10512497276067734,0.9930555820465088,0.8527822494506836
YOL080C,YDR216W,0,-1.2675285,0.1051139310002327,0.9930555820465088,0.8528823256492615
YBR016W,YOR212W,0,-1.2675517,0.10510289669036865,0.9930555820465088,0.8529824018478394
YDR004W,YPL230W,0,-1.2684193,0.10509186238050461,0.9930555820465088,0.8530824780464172
YGR048W,YBR014C,0,-1.2691686,0.10508082807064056,0.9930555820465088,0.8531825542449951
YJL117W,YDL247W,0,-1.2692056,0.10506980121135712,0.9930555820465088,0.853282630443573
YDR004W,YCR044C,0,-1.2696563,0.10505877435207367,0.9930555820465088,0.8533827066421509
YGR234W,YCL031C,0,-1.2702371,0.10504774749279022,0.9930555820465088,0.8534827828407288
YOR234C,YJL102W,0,-1.2715011,0.10503672808408737,0.9930555820465088,0.8535828590393066
YGR225W,YOL010W,0,-1.2715193,0.10502570867538452,0.9930555820465088,0.8536829352378845
YLL001W,YIL042C,0,-1.2716367,0.10501468926668167,0.9930555820465088,0.8537830114364624
YJR045C,YLL019C,0,-1.2731099,0.10500366985797882,0.9930555820465088,0.8538830876350403
YJR014W,YBL075C,0,-1.2731369,0.10499265789985657,0.9930555820465088,0.8539831638336182
YIL162W,YEL004W,0,-1.2733483,0.10498164594173431,0.9930555820465088,0.854083240032196
YLR203C,YLR056W,0,-1.2739556,0.10497063398361206,0.9930555820465088,0.8541833758354187
YER090W,YBL002W,0,-1.2747755,0.1049596294760704,0.9930555820465088,0.8542834520339966
YJL151C,YIL010W,0,-1.2761194,0.10494862496852875,0.9930555820465088,0.8543835282325745
YBR045C,YOR149C,0,-1.277199,0.10493762791156769,0.9930555820465088,0.8544836044311523
YOR063W,YLR168C,0,-1.2772778,0.10492662340402603,0.9930555820465088,0.8545836806297302
YOR301W,YPR061C,0,-1.2774731,0.10491562634706497,0.9930555820465088,0.8546837568283081
YER175C,YGR223C,0,-1.2777123,0.10490462929010391,0.9930555820465088,0.854783833026886
YBR265W,YBR135W,0,-1.2780879,0.10489363968372345,0.9930555820465088,0.8548839092254639
YPL119C,YBR106W,0,-1.278107,0.10488265007734299,0.9930555820465088,0.8549839854240417
YFL055W,YKR085C,0,-1.2781235,0.10487166047096252,0.9930555820465088,0.8550840616226196
YGR163W,YHR139C,0,-1.2783453,0.10486067831516266,0.9930555820465088,0.8551841378211975
YPL106C,YGR234W,0,-1.2801054,0.1048496887087822,0.9930555820465088,0.8552842140197754
YKL078W,YMR215W,0,-1.2809206,0.10483870655298233,0.9930555820465088,0.8553842902183533
YCR048W,YNL258C,0,-1.2811854,0.10482773184776306,0.9930555820465088,0.8554843664169312
YHR111W,YGR121C,0,-1.2811898,0.10481675714254379,0.9930555820465088,0.855584442615509
YER141W,YPL269W,0,-1.281568,0.10480578243732452,0.9930555820465088,0.8556845188140869
YBL064C,YMR124W,0,-1.2817476,0.10479480773210526,0.9930555820465088,0.8557846546173096
YPL100W,YHR139C,0,-1.2818452,0.10478384047746658,0.9930555820465088,0.8558847308158875
YKR066C,YIL111W,0,-1.2845447,0.10477287322282791,0.9930555820465088,0.8559848070144653
YFR004W,YLL048C,0,-1.2846572,0.10476190596818924,0.9930555820465088,0.8560848832130432
YIL101C,YAL042W,0,-1.2852784,0.10475093871355057,0.9930555820465088,0.8561849594116211
YKL120W,YDR410C,0,-1.2853501,0.10473997890949249,0.9930555820465088,0.856285035610199
YML056C,YPR137W,0,-1.2854453,0.10472901910543442,0.9930555820465088,0.8563851118087769
YLR168C,YDL022W,0,-1.2858272,0.10471806675195694,0.9930555820465088,0.8564851880073547
YJL117W,YDL234C,0,-1.2861072,0.10470711439847946,0.9930555820465088,0.8565852642059326
YBR247C,YJL142C,0,-1.2862862,0.10469616204500198,0.9930555820465088,0.8566853404045105
YGR092W,YHR179W,0,-1.2870218,0.1046852096915245,0.9930555820465088,0.8567854166030884
YCL044C,YDR282C,0,-1.2879746,0.10467426478862762,0.9930555820465088,0.8568854928016663
YGR101W,YNL258C,0,-1.2882135,0.10466331988573074,0.9930555820465088,0.8569855690002441
YGR225W,YGL247W,0,-1.2886177,0.10465237498283386,0.9930555820465088,0.857085645198822
YOR329C,YGR189C,0,-1.2895036,0.10464143753051758,0.9930555820465088,0.8571857213973999
YHR206W,YBR287W,0,-1.290175,0.1046305000782013,0.9930555820465088,0.8572858572006226
YNL209W,YMR214W,0,-1.2910619,0.10461956262588501,0.9930555820465088,0.8573859333992004
YML004C,YDR320C,0,-1.2915341,0.10460863262414932,0.9930555820465088,0.8574860095977783
YPL131W,YDR410C,0,-1.2920313,0.10459770262241364,0.9930555820465088,0.8575860857963562
YHR076W,YIR033W,0,-1.2927289,0.10458677262067795,0.9930555820465088,0.8576861619949341
YGL173C,YDR298C,0,-1.2930565,0.10457584261894226,0.9930555820465088,0.857786238193512
YOR020C,YAL062W,0,-1.2934772,0.10456492006778717,0.9930555820465088,0.8578863143920898
YPL161C,YBR168W,0,-1.2936893,0.10455399751663208,0.9930555820465088,0.8579863905906677
YML028W,YGR048W,0,-1.2937042,0.10454308241605759,0.9930555820465088,0.8580864667892456
YML004C,YML059C,0,-1.2942057,0.1045321673154831,0.9930555820465088,0.8581865429878235
YPL001W,YAL008W,0,-1.2944994,0.1045212522149086,0.9930555820465088,0.8582866191864014
YHR206W,YKL124W,0,-1.294543,0.1045103371143341,0.9930555820465088,0.8583866953849792
YDR056C,YBR287W,0,-1.2946167,0.10449942946434021,0.9930555820465088,0.8584867715835571
YPL123C,YML075C,0,-1.2948079,0.10448851436376572,0.9930555820465088,0.858586847782135
YDR038C,YIL018W,0,-1.2951827,0.10447761416435242,0.9930555820465088,0.8586869239807129
YLR223C,YKR016W,0,-1.2954092,0.10446670651435852,0.9930555820465088,0.8587870001792908
YER052C,YLR008C,0,-1.2956119,0.10445580631494522,0.9930555820465088,0.8588871359825134
YBR255W,YHR002W,0,-1.2957611,0.10444490611553192,0.9930555820465088,0.8589872121810913
YNL065W,YMR282C,0,-1.296278,0.10443401336669922,0.9930555820465088,0.8590872883796692
YGL064C,YCR031C,0,-1.2963027,0.10442312061786652,0.9930555820465088,0.8591873645782471
YEL059C-A,YPR192W,0,-1.2965735,0.10441222786903381,0.9930555820465088,0.859287440776825
YNL065W,YGR101W,0,-1.2979426,0.10440133512020111,0.9930555820465088,0.8593875169754028
YMR023C,YPL219W,0,-1.2982028,0.104390449821949,0.9930555820465088,0.8594875931739807
YDL054C,YGR099W,0,-1.2990286,0.1043795645236969,0.9930555820465088,0.8595876693725586
YDR038C,YER172C,0,-1.2990457,0.1043686792254448,0.9930555820465088,0.8596877455711365
YJR078W,YLR176C,0,-1.29917,0.10435780137777328,0.9930555820465088,0.8597878217697144
YHR111W,YER069W,0,-1.299315,0.10434691607952118,0.9930555820465088,0.8598878979682922
YML127W,YMR157C,0,-1.299802,0.10433604568243027,0.9930555820465088,0.8599879741668701
YHL016C,YDR098C,0,-1.3018522,0.10432516783475876,0.9930555820465088,0.860088050365448
YCR009C,YPL269W,0,-1.3018644,0.10431429743766785,0.9930555820465088,0.8601881265640259
YML092C,YAL034W-A,0,-1.3020352,0.10430342704057693,0.9930555820465088,0.8602882027626038
YJL099W,YER094C,0,-1.3021165,0.10429256409406662,0.9930555820465088,0.8603883385658264
YKR026C,YPL230W,0,-1.3028659,0.10428169369697571,0.9930555820465088,0.8604884147644043
YAR002W,YMR054W,0,-1.3032213,0.1042708307504654,0.9930555820465088,0.8605884909629822
YNL085W,YPL123C,1,-1.3046758,0.10436412692070007,0.9940476417541504,0.8605884909629822
YIL042C,YOR332W,0,-1.3058988,0.10435325652360916,0.9940476417541504,0.8606885671615601
YPL148C,YBR139W,0,-1.3059136,0.10434239357709885,0.9940476417541504,0.8607886433601379
YOR023C,YLR432W,0,-1.3062837,0.10433153063058853,0.9940476417541504,0.8608887195587158
YMR119W,YGL006W,0,-1.307516,0.10432066768407822,0.9940476417541504,0.8609887957572937
YLR079W,YDR216W,0,-1.3076849,0.1043098047375679,0.9940476417541504,0.8610888719558716
YHR010W,YPL271W,0,-1.3077353,0.10429894924163818,0.9940476417541504,0.8611889481544495
YPL161C,YGL077C,0,-1.3080082,0.10428809374570847,0.9940476417541504,0.8612890243530273
YBR086C,YDR319C,0,-1.3080597,0.10427723824977875,0.9940476417541504,0.8613891005516052
YKL065C,YKL005C,0,-1.3082359,0.10426639020442963,0.9940476417541504,0.8614891767501831
YJL094C,YKL081W,0,-1.3085932,0.1042555421590805,0.9940476417541504,0.861589252948761
YER141W,YHR117W,0,-1.3095872,0.10424469411373138,0.9940476417541504,0.8616893291473389
YOL111C,YDR400W,0,-1.3096819,0.10423385351896286,0.9940476417541504,0.8617894053459167
YPL252C,YML112W,0,-1.3097963,0.10422300547361374,0.9940476417541504,0.8618895411491394
YOR047C,YHR006W,0,-1.3118083,0.10421216487884521,0.9940476417541504,0.8619896173477173
YJL083W,YDR214W,0,-1.3127989,0.10420133173465729,0.9940476417541504,0.8620896935462952
YKL189W,YLR337C,0,-1.3128794,0.10419049859046936,0.9940476417541504,0.862189769744873
YGR123C,YGR183C,0,-1.3129818,0.10417966544628143,0.9940476417541504,0.8622898459434509
YDR058C,YHR098C,0,-1.314564,0.1041688323020935,0.9940476417541504,0.8623899221420288
YLL012W,YGL048C,0,-1.3146803,0.10415800660848618,0.9940476417541504,0.8624899983406067
YCR009C,YOL148C,0,-1.3147652,0.10414718091487885,0.9940476417541504,0.8625900745391846
YBR294W,YBR158W,0,-1.3149023,0.10413635522127151,0.9940476417541504,0.8626901507377625
YOR295W,YBL002W,0,-1.3151858,0.10412552952766418,0.9940476417541504,0.8627902269363403
YDL021W,YBR192W,0,-1.3153267,0.10411471128463745,0.9940476417541504,0.8628903031349182
YDL020C,YER154W,0,-1.315878,0.10410389304161072,0.9940476417541504,0.8629903793334961
YGR183C,YMR212C,0,-1.3163091,0.10409308224916458,0.9940476417541504,0.863090455532074
YOR261C,YPL252C,0,-1.3164785,0.10408227145671844,0.9940476417541504,0.8631905317306519
YDR493W,YPR043W,0,-1.3165176,0.10407146066427231,0.9940476417541504,0.8632906079292297
YML038C,YJL035C,0,-1.3169321,0.10406064987182617,0.9940476417541504,0.8633906841278076
YOR095C,YDL047W,0,-1.3170972,0.10404984652996063,0.9940476417541504,0.8634908199310303
YGL190C,YGR191W,0,-1.3173958,0.10403904318809509,0.9940476417541504,0.8635908961296082
YNL281W,YPL219W,0,-1.3175023,0.10402823984622955,0.9940476417541504,0.863690972328186
YGR028W,YNL090W,0,-1.3180401,0.10401743650436401,0.9940476417541504,0.8637910485267639
YIL098C,YDL119C,0,-1.3181825,0.10400664061307907,0.9940476417541504,0.8638911247253418
YOR234C,YGR255C,0,-1.318347,0.10399585217237473,0.9940476417541504,0.8639912009239197
YML072C,YIL010W,0,-1.3221068,0.10398505628108978,0.9940476417541504,0.8640912771224976
YJL083W,YGR098C,0,-1.3221147,0.10397426784038544,0.9940476417541504,0.8641913533210754
YGR032W,YMR009W,0,-1.3240935,0.10396347939968109,0.9940476417541504,0.8642914295196533
YDL153C,YER026C,0,-1.3242733,0.10395269095897675,0.9940476417541504,0.8643915057182312
YBL064C,YDL064W,0,-1.3244758,0.103941909968853,0.9940476417541504,0.8644915819168091
YLR080W,YGR223C,0,-1.3245656,0.10393112897872925,0.9940476417541504,0.864591658115387
YEL062W,YDR253C,0,-1.3252356,0.1039203479886055,0.9940476417541504,0.8646917343139648
YBL058W,YMR157C,0,-1.3253291,0.10390957444906235,0.9940476417541504,0.8647918105125427
YER012W,YDL099W,0,-1.3255514,0.1038987934589386,0.9940476417541504,0.8648918867111206
YDL150W,YER141W,0,-1.3258123,0.10388802736997604,0.9940476417541504,0.8649920225143433
YPR065W,YDR098C,0,-1.3259039,0.10387725383043289,0.9940476417541504,0.8650920987129211
YPL053C,YKR007W,0,-1.3260949,0.10386648774147034,0.9940476417541504,0.865192174911499
YFL038C,YBR126C,0,-1.3263298,0.10385572165250778,0.9940476417541504,0.8652922511100769
YLR168C,YGR124W,0,-1.3270665,0.10384495556354523,0.9940476417541504,0.8653923273086548
YJL001W,YDR202C,0,-1.3272548,0.10383419692516327,0.9940476417541504,0.8654924035072327
YER018C,YKR084C,0,-1.3273689,0.10382343828678131,0.9940476417541504,0.8655924797058105
YGR277C,YOR132W,0,-1.3274851,0.10381267964839935,0.9940476417541504,0.8656925559043884
YPR080W,YHR096C,0,-1.3282484,0.10380192846059799,0.9940476417541504,0.8657926321029663
YDR432W,YIL097W,0,-1.3284004,0.10379117727279663,0.9940476417541504,0.8658927083015442
YDR298C,YIL018W,0,-1.3286843,0.10378042608499527,0.9940476417541504,0.8659927845001221
YJL059W,YIL053W,0,-1.3293338,0.10376967489719391,0.9940476417541504,0.8660928606987
YIL095W,YDR456W,0,-1.3295895,0.10375893115997314,0.9940476417541504,0.8661929368972778
YGR040W,YGR010W,0,-1.3298495,0.10374818742275238,0.9940476417541504,0.8662930130958557
YGL073W,YKL210W,0,-1.3300276,0.10373744368553162,0.9940476417541504,0.8663930892944336
YDL083C,YOR232W,0,-1.3301321,0.10372670739889145,0.9940476417541504,0.8664931654930115
YLR219W,YDR312W,0,-1.3303846,0.10371597111225128,0.9940476417541504,0.8665933012962341
YBL058W,YKL104C,0,-1.3309212,0.10370523482561111,0.9940476417541504,0.866693377494812
YOR348C,YNL219C,0,-1.3314457,0.10369450598955154,0.9940476417541504,0.8667934536933899
YPL118W,YBR126C,0,-1.3315669,0.10368377715349197,0.9940476417541504,0.8668935298919678
YHR142W,YOR110W,0,-1.3320296,0.1036730483174324,0.9940476417541504,0.8669936060905457
YBL075C,YHR179W,0,-1.332598,0.10366231948137283,0.9940476417541504,0.8670936822891235
YKL168C,YKL057C,0,-1.3329382,0.10365159809589386,0.9940476417541504,0.8671937584877014
YML075C,YAL008W,0,-1.3331513,0.10364087671041489,0.9940476417541504,0.8672938346862793
YPR135W,YMR186W,0,-1.3332882,0.10363015532493591,0.9940476417541504,0.8673939108848572
YKL067W,YEL018W,0,-1.3334417,0.10361944139003754,0.9940476417541504,0.8674939870834351
YFR013W,YDR044W,0,-1.3344505,0.10360872745513916,0.9940476417541504,0.8675940632820129
YNL160W,YMR070W,0,-1.3345588,0.10359801352024078,0.9940476417541504,0.8676941394805908
YLR080W,YNR027W,0,-1.3345804,0.103587307035923,0.9940476417541504,0.8677942156791687
YMR186W,YBR168W,0,-1.334896,0.10357660055160522,0.9940476417541504,0.8678942918777466
YDR096W,YHR005C,0,-1.3355093,0.10356589406728745,0.9940476417541504,0.8679943680763245
YMR109W,YLL019C,0,-1.3355906,0.10355518758296967,0.9940476417541504,0.8680945038795471
YFR036W,YBR038W,0,-1.3357098,0.10354448854923248,0.9940476417541504,0.868194580078125
YGR225W,YFR030W,0,-1.3359458,0.1035337895154953,0.9940476417541504,0.8682946562767029
YNL049C,YJL090C,0,-1.3368475,0.10352309048175812,0.9940476417541504,0.8683947324752808
YIL157C,YLR054C,0,-1.3368696,0.10351239889860153,0.9940476417541504,0.8684948086738586
YBR279W,YGR225W,0,-1.3388176,0.10350170731544495,0.9940476417541504,0.8685948848724365
YOL089C,YGR270W,0,-1.3389995,0.10349101573228836,0.9940476417541504,0.8686949610710144
YMR054W,YDL064W,0,-1.3392138,0.10348032414913177,0.9940476417541504,0.8687950372695923
YGR032W,YKR048C,0,-1.3394164,0.10346964001655579,0.9940476417541504,0.8688951134681702
YOL147C,YGR270W,0,-1.3399591,0.1034589558839798,0.9940476417541504,0.868995189666748
YDR037W,YDR214W,0,-1.3408127,0.1034482792019844,0.9940476417541504,0.8690952658653259
YGL038C,YGR074W,0,-1.3409431,0.10343759506940842,0.9940476417541504,0.8691953420639038
YPL246C,YOR354C,0,-1.3439002,0.10342691838741302,0.9940476417541504,0.8692954182624817
YJL210W,YOL112W,0,-1.3439255,0.10341624170541763,0.9940476417541504,0.8693954944610596
YFR051C,YAL042W,0,-1.3439592,0.10340557247400284,0.9940476417541504,0.8694955706596375
YOL032W,YJL093C,0,-1.3439996,0.10339490324258804,0.9940476417541504,0.8695956468582153
YKL034W,YER018C,0,-1.3440989,0.10338423401117325,0.9940476417541504,0.869695782661438
YJR091C,YMR261C,0,-1.3444542,0.10337357223033905,0.9940476417541504,0.8697958588600159
YIR021W,YOR301W,0,-1.3461552,0.10336290299892426,0.9940476417541504,0.8698959350585938
YBR204C,YDL017W,0,-1.3461685,0.10335224121809006,0.9940476417541504,0.8699960112571716
YMR274C,YKL005C,0,-1.3463303,0.10334158688783646,0.9940476417541504,0.8700960874557495
YNR006W,YDL022W,0,-1.3465263,0.10333092510700226,0.9940476417541504,0.8701961636543274
YOR354C,YNL219C,0,-1.3467368,0.10332027077674866,0.9940476417541504,0.8702962398529053
YNL238W,YJL103C,0,-1.3468585,0.10330961644649506,0.9940476417541504,0.8703963160514832
YHR082C,YLL025W,0,-1.3468665,0.10329896956682205,0.9940476417541504,0.870496392250061
YMR211W,YJL142C,0,-1.3474361,0.10328832268714905,0.9940476417541504,0.8705964684486389
YMR237W,YKL149C,0,-1.3483897,0.10327767580747604,0.9940476417541504,0.8706965446472168
YLR432W,YBR290W,0,-1.3484998,0.10326702892780304,0.9940476417541504,0.8707966208457947
YJR009C,YHR011W,0,-1.3487747,0.10325638949871063,0.9940476417541504,0.8708966970443726
YDL230W,YDL017W,0,-1.3488505,0.10324575006961823,0.9940476417541504,0.8709967732429504
YER033C,YEL015W,0,-1.3491459,0.10323511064052582,0.9940476417541504,0.8710968494415283
YLR260W,YOL143C,0,-1.3498377,0.10322447866201401,0.9940476417541504,0.871196985244751
YPL134C,YGR081C,0,-1.3499947,0.1032138466835022,0.9940476417541504,0.8712970614433289
YHR150W,YLR303W,0,-1.350024,0.10320321470499039,0.9940476417541504,0.8713971376419067
YNL321W,YGR124W,0,-1.3501906,0.10319258272647858,0.9940476417541504,0.8714972138404846
YKL173W,YLR450W,0,-1.3510789,0.10318195819854736,0.9940476417541504,0.8715972900390625
YPL169C,YPL048W,0,-1.3511798,0.10317133367061615,0.9940476417541504,0.8716973662376404
YDL054C,YNL087W,0,-1.3519374,0.10316070914268494,0.9940476417541504,0.8717974424362183
YHL031C,YPL250C,0,-1.3526521,0.10315009206533432,0.9940476417541504,0.8718975186347961
YHR065C,YBR106W,0,-1.3527174,0.1031394749879837,0.9940476417541504,0.871997594833374
YJL048C,YEL061C,0,-1.3529216,0.10312885791063309,0.9940476417541504,0.8720976710319519
YDR312W,YPL170W,0,-1.3537285,0.10311824828386307,0.9940476417541504,0.8721977472305298
YNL249C,YJL046W,0,-1.354013,0.10310763865709305,0.9940476417541504,0.8722978234291077
YHR123W,YLR251W,0,-1.3541652,0.10309702903032303,0.9940476417541504,0.8723978996276855
YOR161C,YGR047C,0,-1.3542755,0.10308641940355301,0.9940476417541504,0.8724979758262634
YJL209W,YJL056C,0,-1.3549197,0.10307581722736359,0.9940476417541504,0.8725980520248413
YGR010W,YDR058C,0,-1.3570246,0.10306521505117416,0.9940476417541504,0.872698187828064
YML004C,YMR274C,0,-1.3572831,0.10305461287498474,0.9940476417541504,0.8727982640266418
YDR347W,YJL076W,0,-1.3579178,0.10304401814937592,0.9940476417541504,0.8728983402252197
YDR493W,YMR251W-A,0,-1.3583965,0.10303341597318649,0.9940476417541504,0.8729984164237976
YDR400W,YOR361C,0,-1.35908,0.10302282869815826,0.9940476417541504,0.8730984926223755
YPR110C,YDR538W,0,-1.3592134,0.10301223397254944,0.9940476417541504,0.8731985688209534
YDL019C,YDL049C,0,-1.3602792,0.10300164669752121,0.9940476417541504,0.8732986450195312
YDR064W,YFR030W,0,-1.3603735,0.10299105942249298,0.9940476417541504,0.8733987212181091
YER154W,YOL151W,0,-1.3605933,0.10298047214746475,0.9940476417541504,0.873498797416687
YDR481C,YBR255W,0,-1.3609791,0.10296989232301712,0.9940476417541504,0.8735988736152649
YMR243C,YLR433C,0,-1.361067,0.10295931249856949,0.9940476417541504,0.8736989498138428
YLL061W,YOL066C,0,-1.3611276,0.10294873267412186,0.9940476417541504,0.8737990260124207
YDR162C,YJL093C,0,-1.3617787,0.10293815284967422,0.9940476417541504,0.8738991022109985
YMR186W,YDR523C,0,-1.3618586,0.10292758047580719,0.9940476417541504,0.8739991784095764
YBL064C,YOR361C,0,-1.3624444,0.10291700810194016,0.9940476417541504,0.8740992546081543
YDR064W,YMR261C,0,-1.3628689,0.10290643572807312,0.9940476417541504,0.8741993308067322
YLL025W,YLL055W,0,-1.3630409,0.10289587080478668,0.9940476417541504,0.8742994666099548
YOR174W,YDR345C,0,-1.3633757,0.10288530588150024,0.9940476417541504,0.8743995428085327
YGR088W,YBR234C,0,-1.3641181,0.1028747409582138,0.9940476417541504,0.8744996190071106
YDL247W,YCR036W,0,-1.3643684,0.10286418348550797,0.9940476417541504,0.8745996952056885
YPL112C,YMR274C,0,-1.3644078,0.10285362601280212,0.9940476417541504,0.8746997714042664
YNR035C,YKL217W,0,-1.3646188,0.10284306854009628,0.9940476417541504,0.8747998476028442
YLR328W,YGL090W,0,-1.3649035,0.10283251106739044,0.9940476417541504,0.8748999238014221
YGR032W,YKL211C,0,-1.3649287,0.1028219610452652,0.9940476417541504,0.875
YLR260W,YDR498C,0,-1.3654263,0.10281141102313995,0.9940476417541504,0.8751000761985779
YJL209W,YPL219W,0,-1.3667816,0.10280086100101471,0.9940476417541504,0.8752001523971558
YNL197C,YGR177C,0,-1.366854,0.10279031842947006,0.9940476417541504,0.8753002285957336
YLR303W,YLR447C,0,-1.3671442,0.10277977585792542,0.9940476417541504,0.8754003047943115
YBR287W,YOR110W,0,-1.3674579,0.10276923328638077,0.9940476417541504,0.8755003809928894
YMR300C,YNL074C,0,-1.3678335,0.10275869071483612,0.9940476417541504,0.8756004571914673
YML028W,YJL093C,0,-1.367929,0.10274815559387207,0.9940476417541504,0.8757005333900452
YJL083W,YLR005W,0,-1.3690672,0.10273762047290802,0.9940476417541504,0.8758006691932678
YHR098C,YKL005C,0,-1.36975,0.10272708535194397,0.9940476417541504,0.8759007453918457
YDR522C,YKR016W,0,-1.372082,0.10271655768156052,0.9940476417541504,0.8760008215904236
YGR180C,YGR010W,0,-1.3722172,0.10270603001117706,0.9940476417541504,0.8761008977890015
YFR047C,YMR142C,0,-1.3724594,0.10269550234079361,0.9940476417541504,0.8762009739875793
YOR332W,YPL230W,0,-1.3741285,0.10268497467041016,0.9940476417541504,0.8763010501861572
YBL064C,YOL128C,0,-1.3754182,0.1026744544506073,0.9940476417541504,0.8764011263847351
YOL003C,YLR092W,0,-1.3756577,0.10266393423080444,0.9940476417541504,0.876501202583313
YJL210W,YPL048W,0,-1.3762524,0.10265341401100159,0.9940476417541504,0.8766012787818909
YLR303W,YMR142C,0,-1.3789922,0.10264290124177933,0.9940476417541504,0.8767013549804688
YDR002W,YML085C,0,-1.3790784,0.10263238847255707,0.9940476417541504,0.8768014311790466
YBR135W,YML127W,0,-1.3796177,0.10262187570333481,0.9940476417541504,0.8769015073776245
YIL101C,YPR183W,0,-1.3800138,0.10261137038469315,0.9940476417541504,0.8770015835762024
YKL067W,YCR011C,0,-1.3804142,0.10260085761547089,0.9940476417541504,0.8771016597747803
YBR038W,YMR028W,0,-1.3807173,0.10259035229682922,0.9940476417541504,0.8772017359733582
YPL078C,YIL063C,0,-1.380949,0.10257985442876816,0.9940476417541504,0.877301812171936
YCR042C,YGR177C,0,-1.3810525,0.1025693491101265,0.9940476417541504,0.8774019479751587
YGL134W,YPR192W,0,-1.3811414,0.10255885124206543,0.9940476417541504,0.8775020241737366
YKL149C,YBR019C,0,-1.3815552,0.10254836082458496,0.9940476417541504,0.8776021003723145
YLR403W,YBR214W,0,-1.381571,0.1025378629565239,0.9940476417541504,0.8777021765708923
YLR328W,YDL035C,0,-1.3823171,0.10252737253904343,0.9940476417541504,0.8778022527694702
YHR076W,YBL075C,0,-1.3835195,0.10251688212156296,0.9940476417541504,0.8779023289680481
YIR028W,YCR011C,0,-1.3841461,0.10250639170408249,0.9940476417541504,0.878002405166626
YDR481C,YJL198W,0,-1.3846695,0.10249590873718262,0.9940476417541504,0.8781024813652039
YKR066C,YKL149C,0,-1.3847744,0.10248542577028275,0.9940476417541504,0.8782025575637817
YGL166W,YOR359W,0,-1.3849318,0.10247494280338287,0.9940476417541504,0.8783026337623596
YOL111C,YPR184W,0,-1.3850634,0.1024644672870636,0.9940476417541504,0.8784027099609375
YDR064W,YGR234W,0,-1.3856242,0.10245398432016373,0.9940476417541504,0.8785027861595154
YMR274C,YAL054C,0,-1.3863835,0.10244351625442505,0.9940476417541504,0.8786028623580933
YHR082C,YFR014C,0,-1.3870523,0.10243304073810577,0.9940476417541504,0.8787029385566711
YDL126C,YLL003W,0,-1.3884971,0.1024225726723671,0.9940476417541504,0.878803014755249
YDR090C,YFL036W,0,-1.3890674,0.10241210460662842,0.9940476417541504,0.8789031505584717
YOR301W,YJL178C,0,-1.3890709,0.10240163654088974,0.9940476417541504,0.8790032267570496
YKL065C,YIL005W,0,-1.3903399,0.10239116847515106,0.9940476417541504,0.8791033029556274
YHR076W,YGL095C,0,-1.3905303,0.10238070785999298,0.9940476417541504,0.8792033791542053
YDR293C,YHL015W,0,-1.3908967,0.1023702472448349,0.9940476417541504,0.8793034553527832
YIL013C,YMR227C,0,-1.3933268,0.10235979408025742,0.9940476417541504,0.8794035315513611
YOR372C,YGL051W,0,-1.3938057,0.10234933346509933,0.9940476417541504,0.879503607749939
YBR002C,YLR216C,0,-1.3944097,0.10233888030052185,0.9940476417541504,0.8796036839485168
YDR093W,YMR080C,0,-1.3947115,0.10232843458652496,0.9940476417541504,0.8797037601470947
YDR016C,YLL006W,0,-1.3951985,0.10231798142194748,0.9940476417541504,0.8798038363456726
YDL237W,YGL095C,0,-1.3968062,0.10230753570795059,0.9940476417541504,0.8799039125442505
YOR369C,YFR004W,0,-1.397805,0.1022970899939537,0.9940476417541504,0.8800039887428284
YLR080W,YPL246C,0,-1.3979411,0.10228664427995682,0.9940476417541504,0.8801040649414062
YML091C,YIL062C,0,-1.3985287,0.10227620601654053,0.9940476417541504,0.8802041411399841
YNL177C,YER006W,0,-1.3999262,0.10226576775312424,0.9940476417541504,0.880304217338562
YGL005C,YER026C,0,-1.4001464,0.10225532948970795,0.9940476417541504,0.8804043531417847
YOR369C,YGR101W,0,-1.4004967,0.10224489867687225,0.9940476417541504,0.8805044293403625
YNR076W,YDL049C,0,-1.4007792,0.10223446786403656,0.9940476417541504,0.8806045055389404
YDR038C,YLR242C,0,-1.4008718,0.10222403705120087,0.9940476417541504,0.8807045817375183
YPL097W,YNR076W,0,-1.4018824,0.10221360623836517,0.9940476417541504,0.8808046579360962
YDR071C,YDL185W,0,-1.402049,0.10220318287611008,0.9940476417541504,0.8809047341346741
YNL107W,YER062C,0,-1.4033942,0.10219275951385498,0.9940476417541504,0.881004810333252
YDL138W,YJL048C,0,-1.4035923,0.10218233615159988,0.9940476417541504,0.8811048865318298
YDL019C,YGR270W,0,-1.4036856,0.10217192023992538,0.9940476417541504,0.8812049627304077
YPL139C,YOR125C,0,-1.4038312,0.10216150432825089,0.9940476417541504,0.8813050389289856
YGR092W,YGL051W,0,-1.4042022,0.10215108841657639,0.9940476417541504,0.8814051151275635
YPR023C,YNL177C,0,-1.4042046,0.10214067250490189,0.9940476417541504,0.8815051913261414
YIL162W,YKR084C,0,-1.4046731,0.10213026404380798,0.9940476417541504,0.8816052675247192
YOR095C,YLR450W,0,-1.4047527,0.10211985558271408,0.9940476417541504,0.8817053437232971
YML059C,YDL126C,0,-1.4050478,0.10210944712162018,0.9940476417541504,0.881805419921875
YHL031C,YJR076C,0,-1.405612,0.10209903866052628,0.9940476417541504,0.8819054961204529
YML028W,YDR163W,0,-1.4058585,0.10208863765001297,0.9940476417541504,0.8820056319236755
YNL263C,YKL073W,0,-1.4079188,0.10207823663949966,0.9940476417541504,0.8821057081222534
YAL062W,YDR346C,0,-1.4081901,0.10206784307956696,0.9940476417541504,0.8822057843208313
YAL055W,YLR447C,0,-1.408325,0.10205744206905365,0.9940476417541504,0.8823058605194092
YLR144C,YGL073W,0,-1.4083397,0.10204704850912094,0.9940476417541504,0.8824059367179871
YJL065C,YOL127W,0,-1.4087617,0.10203666239976883,0.9940476417541504,0.8825060129165649
YAL056W,YGR189C,0,-1.4088564,0.10202626883983612,0.9940476417541504,0.8826060891151428
YGR225W,YCR071C,0,-1.4098144,0.10201588273048401,0.9940476417541504,0.8827061653137207
YLR019W,YEL052W,0,-1.409878,0.1020054966211319,0.9940476417541504,0.8828062415122986
YMR080C,YDL171C,0,-1.4101624,0.10199511051177979,0.9940476417541504,0.8829063177108765
YNL065W,YKL201C,0,-1.4102666,0.10198473185300827,0.9940476417541504,0.8830063939094543
YJL094C,YGR080W,0,-1.4109607,0.10197435319423676,0.9940476417541504,0.8831064701080322
YMR105C,YDR256C,0,-1.4109623,0.10196397453546524,0.9940476417541504,0.8832065463066101
YCR036W,YOR189W,0,-1.4110109,0.10195360332727432,0.9940476417541504,0.883306622505188
YGR197C,YIL162W,0,-1.4116762,0.1019432321190834,0.9940476417541504,0.8834066987037659
YJR091C,YMR023C,0,-1.4120251,0.10193286091089249,0.9940476417541504,0.8835068345069885
YJL198W,YLR247C,0,-1.4127688,0.10192248970270157,0.9940476417541504,0.8836069107055664
YDL054C,YDR185C,0,-1.4128652,0.10191212594509125,0.9940476417541504,0.8837069869041443
YDR371W,YJR073C,0,-1.4133399,0.10190176218748093,0.9940476417541504,0.8838070631027222
YPR103W,YBR192W,0,-1.4136614,0.1018913984298706,0.9940476417541504,0.8839071393013
YML028W,YIL061C,0,-1.413964,0.10188103467226028,0.9940476417541504,0.8840072154998779
YOR161C,YGL173C,0,-1.4141934,0.10187067836523056,0.9940476417541504,0.8841072916984558
YIL109C,YDR254W,0,-1.4147182,0.10186032205820084,0.9940476417541504,0.8842073678970337
YHR053C,YKL005C,0,-1.4149195,0.10184997320175171,0.9940476417541504,0.8843074440956116
YMR016C,YNL238W,0,-1.4159212,0.10183961689472198,0.9940476417541504,0.8844075202941895
YDR462W,YNL284C,0,-1.4160194,0.10182926803827286,0.9940476417541504,0.8845075964927673
YDR454C,YBR221C,0,-1.4173717,0.10181891918182373,0.9940476417541504,0.8846076726913452
YNL263C,YPL219W,0,-1.41766,0.1018085777759552,0.9940476417541504,0.8847077488899231
YBL058W,YOR071C,0,-1.4176803,0.10179822891950607,0.9940476417541504,0.884807825088501
YHR183W,YLL055W,0,-1.4177686,0.10178788751363754,0.9940476417541504,0.8849079012870789
YPL123C,YIL042C,0,-1.4187341,0.10177755355834961,0.9940476417541504,0.8850079774856567
YDL126C,YPL170W,0,-1.4188397,0.10176721215248108,0.9940476417541504,0.8851081132888794
YKR085C,YCL038C,0,-1.4195515,0.10175687819719315,0.9940476417541504,0.8852081894874573
YBR038W,YPR002W,0,-1.4196744,0.10174654424190521,0.9940476417541504,0.8853082656860352
YIL047C,YOR149C,0,-1.4198964,0.10173621773719788,0.9940476417541504,0.885408341884613
YPL246C,YMR258C,0,-1.4209073,0.10172589123249054,0.9940476417541504,0.8855084180831909
YDL246C,YJL026W,0,-1.4212844,0.1017155647277832,0.9940476417541504,0.8856084942817688
YOR329C,YDR377W,0,-1.4222026,0.10170523822307587,0.9940476417541504,0.8857085704803467
YLR433C,YPL159C,0,-1.422662,0.10169491171836853,0.9940476417541504,0.8858086466789246
YGR074W,YBR214W,0,-1.423187,0.10168459266424179,0.9940476417541504,0.8859087228775024
YJL026W,YGR270W,0,-1.4238486,0.10167427361011505,0.9940476417541504,0.8860087990760803
YCR048W,YNL327W,0,-1.4249477,0.10166396200656891,0.9940476417541504,0.8861088752746582
YGL025C,YGR191W,0,-1.4255638,0.10165365040302277,0.9940476417541504,0.8862089514732361
YER052C,YBL058W,0,-1.4260916,0.10164333879947662,0.9940476417541504,0.886309027671814
YPL078C,YDL045W-A,0,-1.426363,0.10163302719593048,0.9940476417541504,0.8864091038703918
YNL178W,YGR120C,0,-1.4264913,0.10162271559238434,0.9940476417541504,0.8865091800689697
YDR462W,YMR186W,0,-1.4268345,0.10161241143941879,0.9940476417541504,0.8866093158721924
YHR123W,YCR071C,0,-1.4282783,0.10160210728645325,0.9940476417541504,0.8867093920707703
YGR194C,YEL052W,0,-1.428365,0.1015918105840683,0.9940476417541504,0.8868094682693481
YKL168C,YOL089C,0,-1.4291145,0.10158150643110275,0.9940476417541504,0.886909544467926
YMR024W,YLR312W-A,1,-1.4292834,0.10167258232831955,0.995039701461792,0.886909544467926
YMR105C,YMR060C,0,-1.4294779,0.101662278175354,0.995039701461792,0.8870096206665039
YCR009C,YKR016W,0,-1.4300684,0.10165197402238846,0.995039701461792,0.8871096968650818
YEL046C,YAL029C,0,-1.4313633,0.10164166986942291,0.995039701461792,0.8872097730636597
YOR071C,YGL173C,0,-1.4325737,0.10163137316703796,0.995039701461792,0.8873098492622375
YBR038W,YPL188W,0,-1.433637,0.10162107646465302,0.995039701461792,0.8874099254608154
YDL085W,YEL004W,0,-1.4337163,0.10161077976226807,0.995039701461792,0.8875100016593933
YNL289W,YER026C,0,-1.4337194,0.10160048305988312,0.995039701461792,0.8876100778579712
YMR292W,YOL062C,0,-1.4338576,0.10159019380807877,0.995039701461792,0.8877101540565491
YOR149C,YPR002W,0,-1.4344344,0.10157990455627441,0.995039701461792,0.887810230255127
YBR180W,YCR048W,0,-1.4371499,0.10156962275505066,0.995039701461792,0.8879103064537048
YLR203C,YCR044C,0,-1.4372021,0.10155933350324631,0.995039701461792,0.8880103826522827
YDR122W,YLR450W,0,-1.437479,0.10154905170202255,0.995039701461792,0.8881104588508606
YJR078W,YHR107C,0,-1.4375023,0.1015387699007988,0.995039701461792,0.8882105946540833
YML092C,YKL210W,0,-1.4383543,0.10152849555015564,0.995039701461792,0.8883106708526611
YJR091C,YGR198W,0,-1.4384532,0.10151822119951248,0.995039701461792,0.888410747051239
YHL025W,YMR251W-A,0,-1.4389596,0.10150794684886932,0.995039701461792,0.8885108232498169
YDR345C,YJL178C,0,-1.4389913,0.10149767249822617,0.995039701461792,0.8886108994483948
YPL097W,YLR303W,0,-1.43929,0.1014874055981636,0.995039701461792,0.8887109756469727
YDR064W,YOL127W,0,-1.4392931,0.10147713124752045,0.995039701461792,0.8888110518455505
YER025W,YDR129C,0,-1.4395976,0.10146687179803848,0.995039701461792,0.8889111280441284
YNL107W,YDL234C,0,-1.4396746,0.10145660489797592,0.995039701461792,0.8890112042427063
YDR266C,YBR234C,0,-1.4398239,0.10144634544849396,0.995039701461792,0.8891112804412842
YGR074W,YOR158W,0,-1.439854,0.101436085999012,0.995039701461792,0.8892113566398621
YGR134W,YIR033W,0,-1.4404073,0.10142582654953003,0.995039701461792,0.8893114328384399
YAR002W,YDL185W,0,-1.4405575,0.10141557455062866,0.995039701461792,0.8894115090370178
YBR149W,YBR204C,0,-1.440727,0.1014053151011467,0.995039701461792,0.8895115852355957
YKL067W,YNL246W,0,-1.4419262,0.10139506310224533,0.995039701461792,0.8896116614341736
YCR034W,YDR084C,0,-1.4422811,0.10138481855392456,0.995039701461792,0.8897117972373962
YOR125C,YDR202C,0,-1.4422944,0.10137457400560379,0.995039701461792,0.8898118734359741
YDL047W,YPR043W,0,-1.4440434,0.10136432200670242,0.995039701461792,0.889911949634552
YGL237C,YDR216W,0,-1.4445677,0.10135408490896225,0.995039701461792,0.8900120258331299
YIR028W,YMR076C,0,-1.4446884,0.10134384036064148,0.995039701461792,0.8901121020317078
YML028W,YIL063C,0,-1.445123,0.1013336032629013,0.995039701461792,0.8902121782302856
YDR110W,YOL151W,0,-1.4455563,0.10132336616516113,0.995039701461792,0.8903122544288635
YHR199C,YBR034C,0,-1.4455792,0.10131312906742096,0.995039701461792,0.8904123306274414
YCR034W,YGR048W,0,-1.4457035,0.10130289942026138,0.995039701461792,0.8905124068260193
YDR093W,YJL093C,0,-1.4464788,0.1012926697731018,0.995039701461792,0.8906124830245972
YML058W,YOL127W,0,-1.4467559,0.10128244012594223,0.995039701461792,0.890712559223175
YNL268W,YBR084W,0,-1.4470346,0.10127221047878265,0.995039701461792,0.8908126354217529
YCL025C,YNL055C,0,-1.447615,0.10126198828220367,0.995039701461792,0.8909127116203308
YDL126C,YOR201C,0,-1.4486313,0.1012517660856247,0.995039701461792,0.8910127878189087
YKL067W,YOR349W,0,-1.4487365,0.10124154388904572,0.995039701461792,0.8911128640174866
YBR106W,YOR332W,0,-1.4499769,0.10123132914304733,0.995039701461792,0.8912129998207092
YGR183C,YLR378C,0,-1.4511074,0.10122111439704895,0.995039701461792,0.8913130760192871
YDR037W,YMR282C,0,-1.4514394,0.10121089965105057,0.995039701461792,0.891413152217865
YIL027C,YCR031C,0,-1.4520373,0.10120068490505219,0.995039701461792,0.8915132284164429
YKR048C,YHR179W,0,-1.4520657,0.1011904776096344,0.995039701461792,0.8916133046150208
YBR002C,YMR054W,0,-1.4525003,0.10118027031421661,0.995039701461792,0.8917133808135986
YDL052C,YMR028W,0,-1.4528275,0.10117006301879883,0.995039701461792,0.8918134570121765
YBR154C,YNL270C,0,-1.4532897,0.10115985572338104,0.995039701461792,0.8919135332107544
YBR139W,YJL093C,0,-1.4535987,0.10114965587854385,0.995039701461792,0.8920136094093323
YBR106W,YML060W,0,-1.453826,0.10113945603370667,0.995039701461792,0.8921136856079102
YGR175C,YDR392W,0,-1.4549311,0.10112926363945007,0.995039701461792,0.892213761806488
YDL019C,YJL093C,0,-1.4557966,0.10111906379461288,0.995039701461792,0.8923138380050659
YKL004W,YML070W,0,-1.4562807,0.10110887140035629,0.995039701461792,0.8924139142036438
YGL092W,YKL104C,0,-1.4575387,0.1010986790060997,0.995039701461792,0.8925139904022217
YNL331C,YKR016W,0,-1.4583255,0.10108848661184311,0.995039701461792,0.8926140666007996
YDR019C,YMR157C,0,-1.458781,0.10107830166816711,0.995039701461792,0.8927141427993774
YHR107C,YKL217W,0,-1.4587961,0.10106811672449112,0.995039701461792,0.8928142786026001
YOL011W,YNL160W,0,-1.459099,0.10105793178081512,0.995039701461792,0.892914354801178
YJL099W,YJL178C,0,-1.4592447,0.10104775428771973,0.995039701461792,0.8930144309997559
YEL040W,YBR230C,0,-1.4592705,0.10103757679462433,0.995039701461792,0.8931145071983337
YHR086W,YDL099W,0,-1.4604647,0.10102739930152893,0.995039701461792,0.8932145833969116
YPL134C,YDR014W,0,-1.4605851,0.10101722180843353,0.995039701461792,0.8933146595954895
YBL030C,YFR025C,0,-1.4614679,0.10100705176591873,0.995039701461792,0.8934147357940674
YHL034C,YMR002W,0,-1.462239,0.10099688172340393,0.995039701461792,0.8935148119926453
YHR086W,YER012W,0,-1.4624307,0.10098671168088913,0.995039701461792,0.8936148881912231
YPL053C,YFR030W,0,-1.4636362,0.10097654163837433,0.995039701461792,0.893714964389801
YOL113W,YKL092C,0,-1.4643557,0.10096637904644012,0.995039701461792,0.8938150405883789
YGR116W,YML028W,0,-1.464367,0.10095621645450592,0.995039701461792,0.8939151167869568
YIL109C,YIL072W,0,-1.4653729,0.10094605386257172,0.995039701461792,0.8940151929855347
YGR047C,YAL054C,0,-1.4668204,0.10093589872121811,0.995039701461792,0.8941152691841125
YKL056C,YHR089C,0,-1.466826,0.1009257361292839,0.995039701461792,0.8942153453826904
YNL327W,YIL053W,0,-1.4675636,0.1009155884385109,0.995039701461792,0.8943154811859131
YHR002W,YBR287W,0,-1.467627,0.10090543329715729,0.995039701461792,0.894415557384491
YLR328W,YMR157C,0,-1.4681098,0.10089528560638428,0.995039701461792,0.8945156335830688
YJL020C,YBL098W,0,-1.4684541,0.10088513046503067,0.995039701461792,0.8946157097816467
YLL025W,YIR030C,0,-1.468701,0.10087499022483826,0.995039701461792,0.8947157859802246
YGR155W,YBR191W,0,-1.4687297,0.10086484253406525,0.995039701461792,0.8948158621788025
YML092C,YEL052W,0,-1.4690524,0.10085470229387283,0.995039701461792,0.8949159383773804
YFL001W,YNL074C,0,-1.4691887,0.10084456205368042,0.995039701461792,0.8950160145759583
YDR163W,YAL005C,0,-1.4693867,0.100834421813488,0.995039701461792,0.8951160907745361
YMR037C,YDR256C,0,-1.4699751,0.10082428902387619,0.995039701461792,0.895216166973114
YFR051C,YNL284C,0,-1.4701146,0.10081414878368378,0.995039701461792,0.8953162431716919
YDL075W,YMR157C,0,-1.4704778,0.10080402344465256,0.995039701461792,0.8954163193702698
YCL025C,YKR090W,0,-1.4711378,0.10079389065504074,0.995039701461792,0.8955163955688477
YOR124C,YDR371W,0,-1.4730729,0.10078376531600952,0.995039701461792,0.8956164717674255
YOR161C,YGR163W,0,-1.4732885,0.1007736325263977,0.995039701461792,0.8957165479660034
YER090W,YNL075W,0,-1.473488,0.10076351463794708,0.995039701461792,0.8958166241645813
YNL249C,YJL094C,0,-1.4741578,0.10075338929891586,0.995039701461792,0.895916759967804
YDR202C,YPL131W,0,-1.4750514,0.10074327141046524,0.995039701461792,0.8960168361663818
YJL153C,YHR139C,0,-1.476428,0.10073315352201462,0.995039701461792,0.8961169123649597
YOR329C,YCL044C,0,-1.4769044,0.100723035633564,0.995039701461792,0.8962169885635376
YPL231W,YDR456W,0,-1.4771961,0.10071292519569397,0.995039701461792,0.8963170647621155
YGL097W,YLR216C,0,-1.4797088,0.10070281475782394,0.995039701461792,0.8964171409606934
YNL331C,YDR236C,0,-1.479946,0.10069270431995392,0.995039701461792,0.8965172171592712
YDL075W,YJR099W,0,-1.4811956,0.10068259388208389,0.995039701461792,0.8966172933578491
YNL178W,YGL047W,0,-1.482207,0.10067249089479446,0.995039701461792,0.896717369556427
YOR361C,YKL211C,0,-1.4831756,0.10066238790750504,0.995039701461792,0.8968174457550049
YGR225W,YBR237W,0,-1.4834154,0.1006522849202156,0.995039701461792,0.8969175219535828
YJR099W,YDR377W,0,-1.4834194,0.10064218193292618,0.995039701461792,0.8970175981521606
YOL087C,YIR035C,0,-1.4841491,0.10063208639621735,0.995039701461792,0.8971176743507385
YKL033W,YHR139C,0,-1.485175,0.10062199085950851,0.995039701461792,0.8972177505493164
YHR064C,YML092C,0,-1.4858139,0.10061189532279968,0.995039701461792,0.8973178267478943
YLR119W,YHR096C,0,-1.486412,0.10060180723667145,0.995039701461792,0.8974179625511169
YKR085C,YBR086C,0,-1.486831,0.10059171915054321,0.995039701461792,0.8975180387496948
YDR065W,YMR160W,0,-1.4877868,0.10058163106441498,0.995039701461792,0.8976181149482727
YGL173C,YDR293C,1,-1.4881194,0.10067181289196014,0.9960317611694336,0.8976181149482727
YFL001W,YLR450W,0,-1.4886816,0.10066171735525131,0.9960317611694336,0.8977181911468506
YPL022W,YHR098C,0,-1.4888644,0.10065162926912308,0.9960317611694336,0.8978182673454285
YBR230C,YER166W,0,-1.489248,0.10064154118299484,0.9960317611694336,0.8979183435440063
YIL101C,YDL185W,0,-1.4895029,0.10063145309686661,0.9960317611694336,0.8980184197425842
YBR077C,YNR035C,0,-1.4898156,0.10062136501073837,0.9960317611694336,0.8981184959411621
YFR047C,YGR121C,0,-1.4901699,0.10061128437519073,0.9960317611694336,0.89821857213974
YBL064C,YNL177C,0,-1.4902204,0.1006012037396431,0.9960317611694336,0.8983186483383179
YER019C-A,YLR447C,0,-1.4909936,0.10059112310409546,0.9960317611694336,0.8984187245368958
YAL062W,YGL181W,0,-1.4916184,0.10058104246854782,0.9960317611694336,0.8985188007354736
YKL126W,YCR036W,0,-1.493618,0.10057096928358078,0.9960317611694336,0.8986188769340515
YMR119W,YBR201W,0,-1.4939473,0.10056089609861374,0.9960317611694336,0.8987189531326294
YCL038C,YNL334C,0,-1.4942517,0.1005508229136467,0.9960317611694336,0.8988190293312073
YPR043W,YKL219W,0,-1.4948294,0.10054075717926025,0.9960317611694336,0.8989191055297852
YDL230W,YBR126C,0,-1.495213,0.10053069144487381,0.9960317611694336,0.8990192413330078
YBL098W,YGR270W,0,-1.4952464,0.10052062571048737,0.9960317611694336,0.8991193175315857
YJR002W,YKR093W,0,-1.4953705,0.10051055997610092,0.9960317611694336,0.8992193937301636
YOL127W,YAL002W,0,-1.4955722,0.10050050169229507,0.9960317611694336,0.8993194699287415
YMR157C,YPR183W,0,-1.4970741,0.10049044340848923,0.9960317611694336,0.8994195461273193
YJL001W,YKL065C,0,-1.4976842,0.10048038512468338,0.9960317611694336,0.8995196223258972
YKL189W,YML085C,0,-1.4977638,0.10047032684087753,0.9960317611694336,0.8996196985244751
YOR063W,YGR010W,0,-1.4981372,0.10046027600765228,0.9960317611694336,0.899719774723053
YER175C,YBR214W,0,-1.4985164,0.10045022517442703,0.9960317611694336,0.8998198509216309
YJL099W,YPL159C,0,-1.4987347,0.10044017434120178,0.9960317611694336,0.8999199271202087
YOR332W,YBR214W,0,-1.4988617,0.10043013095855713,0.9960317611694336,0.9000200033187866
YMR261C,YLR029C,0,-1.4990089,0.10042008757591248,0.9960317611694336,0.9001200795173645
YGR180C,YLR288C,0,-1.499479,0.10041004419326782,0.9960317611694336,0.9002201557159424
YDL185W,YML091C,1,-1.4997262,0.10050000250339508,0.9970238208770752,0.9002201557159424
YPR073C,YJL093C,0,-1.5003026,0.10048995167016983,0.9970238208770752,0.9003202319145203
YGL129C,YML070W,0,-1.5041338,0.10047990083694458,0.9970238208770752,0.9004203081130981
YMR296C,YGR169C,0,-1.504537,0.10046985745429993,0.9970238208770752,0.9005204439163208
YLR019W,YBR204C,0,-1.5057526,0.10045981407165527,0.9970238208770752,0.9006205201148987
YAL029C,YDL022W,0,-1.5065358,0.10044977813959122,0.9970238208770752,0.9007205963134766
YPL224C,YKR027W,0,-1.506712,0.10043973475694656,0.9970238208770752,0.9008206725120544
YKR087C,YBR106W,0,-1.5073501,0.10042969882488251,0.9970238208770752,0.9009207487106323
YBR135W,YCR036W,0,-1.5083075,0.10041966289281845,0.9970238208770752,0.9010208249092102
YJL189W,YMR040W,0,-1.5099039,0.10040963441133499,0.9970238208770752,0.9011209011077881
YNL219C,YPL012W,0,-1.5104477,0.10039959847927094,0.9970238208770752,0.901220977306366
YIL157C,YDR407C,0,-1.5106392,0.10038956999778748,0.9970238208770752,0.9013210535049438
YHR139C,YMR142C,0,-1.5107199,0.10037954151630402,0.9970238208770752,0.9014211297035217
YOR357C,YOR232W,0,-1.5121192,0.10036952048540115,0.9970238208770752,0.9015212059020996
YDR293C,YML031W,0,-1.5130974,0.10035949945449829,0.9970238208770752,0.9016212821006775
YOR071C,YGL051W,0,-1.513766,0.10034947842359543,0.9970238208770752,0.9017213582992554
YGR204W,YMR247C,0,-1.5176015,0.10033945739269257,0.9970238208770752,0.9018214344978333
YGL073W,YBL101C,0,-1.51819,0.1003294363617897,0.9970238208770752,0.9019215106964111
YFR030W,YOR373W,0,-1.5182871,0.10031942278146744,0.9970238208770752,0.9020216464996338
YJL048C,YGR133W,0,-1.5188277,0.10030940920114517,0.9970238208770752,0.9021217226982117
YLL001W,YML070W,0,-1.5188406,0.1002994030714035,0.9970238208770752,0.9022217988967896
YDR536W,YGR169C,0,-1.5192996,0.10028938949108124,0.9970238208770752,0.9023218750953674
YDL019C,YBL002W,0,-1.5199685,0.10027938336133957,0.9970238208770752,0.9024219512939453
YPL206C,YDR228C,0,-1.5203555,0.1002693772315979,0.9970238208770752,0.9025220274925232
YGL011C,YMR076C,0,-1.5209591,0.10025937855243683,0.9970238208770752,0.9026221036911011
YHR002W,YBL075C,0,-1.5210222,0.10024937987327576,0.9970238208770752,0.902722179889679
YDL227C,YDR058C,0,-1.5211302,0.10023938119411469,0.9970238208770752,0.9028222560882568
YCR002C,YLR219W,0,-1.521395,0.10022938251495361,0.9970238208770752,0.9029223322868347
YLR178C,YML068W,0,-1.5219206,0.10021938383579254,0.9970238208770752,0.9030224084854126
YML091C,YPR183W,0,-1.5231925,0.10020939260721207,0.9970238208770752,0.9031224846839905
YIL109C,YNL048W,0,-1.523293,0.10019940137863159,0.9970238208770752,0.9032225608825684
YOR361C,YGL190C,0,-1.5237987,0.10018941015005112,0.9970238208770752,0.9033226370811462
YLR174W,YLR288C,0,-1.5243032,0.10017942637205124,0.9970238208770752,0.9034227132797241
YOR161C,YJL187C,0,-1.5243804,0.10016944259405136,0.9970238208770752,0.903522789478302
YOL033W,YBL075C,0,-1.5244597,0.10015945881605148,0.9970238208770752,0.9036229252815247
YPL224C,YFR015C,0,-1.5246571,0.1001494750380516,0.9970238208770752,0.9037230014801025
YPL196W,YDR267C,0,-1.524709,0.10013949871063232,0.9970238208770752,0.9038230776786804
YMR274C,YPL271W,0,-1.5249472,0.10012952238321304,0.9970238208770752,0.9039231538772583
YIL044C,YNL246W,0,-1.525147,0.10011954605579376,0.9970238208770752,0.9040232300758362
YER178W,YML056C,0,-1.5252035,0.10010956972837448,0.9970238208770752,0.9041233062744141
YDR454C,YJL102W,0,-1.5253122,0.1000996008515358,0.9970238208770752,0.9042233824729919
YAL055W,YOR062C,0,-1.5261207,0.10008963197469711,0.9970238208770752,0.9043234586715698
YGR198W,YHR096C,0,-1.5265875,0.10007966309785843,0.9970238208770752,0.9044235348701477
YML085C,YAL054C,0,-1.5275897,0.10006970167160034,0.9970238208770752,0.9045236110687256
YPL016W,YJL048C,0,-1.5281435,0.10005974024534225,0.9970238208770752,0.9046236872673035
YGR121C,YGR191W,0,-1.5283176,0.10004977881908417,0.9970238208770752,0.9047237634658813
YGL038C,YDR347W,0,-1.5284625,0.10003981739282608,0.9970238208770752,0.9048238396644592
YER052C,YPR065W,0,-1.5285773,0.100029855966568,0.9970238208770752,0.9049239158630371
YDL192W,YDR410C,0,-1.5286353,0.1000199019908905,0.9970238208770752,0.905023992061615
YGL156W,YKL210W,0,-1.5291201,0.10000994801521301,0.9970238208770752,0.9051241278648376
YDR319C,YEL056W,0,-1.529342,0.10000000149011612,0.9970238208770752,0.9052242040634155
YPL224C,YDL193W,0,-1.529368,0.09999004751443863,0.9970238208770752,0.9053242802619934
YGL039W,YKR016W,0,-1.5295539,0.09998010098934174,0.9970238208770752,0.9054243564605713
YIL109C,YDL077C,0,-1.5304619,0.09997015446424484,0.9970238208770752,0.9055244326591492
YNL107W,YOL147C,0,-1.5305594,0.09996021538972855,0.9970238208770752,0.905624508857727
YOR349W,YMR009W,0,-1.5306745,0.09995027631521225,0.9970238208770752,0.9057245850563049
YML011C,YPR115W,0,-1.5307572,0.09994033724069595,0.9970238208770752,0.9058246612548828
YDR122W,YKL119C,0,-1.5309833,0.09993039816617966,0.9970238208770752,0.9059247374534607
YKL081W,YAL036C,0,-1.5315235,0.09992045909166336,0.9970238208770752,0.9060248136520386
YNL078W,YDR319C,0,-1.5319233,0.09991052746772766,0.9970238208770752,0.9061248898506165
YPR073C,YMR157C,0,-1.5321382,0.09990059584379196,0.9970238208770752,0.9062249660491943
YOL147C,YKR027W,0,-1.5337579,0.09989066421985626,0.9970238208770752,0.9063250422477722
YJR045C,YNL286W,0,-1.5345228,0.09988074004650116,0.9970238208770752,0.9064251184463501
YDR540C,YDR486C,0,-1.5349131,0.09987081587314606,0.9970238208770752,0.906525194644928
YFL001W,YGL006W,0,-1.535178,0.09986089169979095,0.9970238208770752,0.9066252708435059
YPL078C,YDR129C,0,-1.5357709,0.09985096752643585,0.9970238208770752,0.9067254066467285
YER056C,YMR293C,0,-1.5371466,0.09984105080366135,0.9970238208770752,0.9068254828453064
YGL166W,YER012W,0,-1.5376372,0.09983113408088684,0.9970238208770752,0.9069255590438843
YDL164C,YOR230W,0,-1.5381399,0.09982121735811234,0.9970238208770752,0.9070256352424622
YCR089W,YIL005W,0,-1.5382193,0.09981130063533783,0.9970238208770752,0.90712571144104
YGR080W,YDR092W,0,-1.5386707,0.09980139136314392,0.9970238208770752,0.9072257876396179
YML015C,YLR216C,0,-1.5397168,0.09979148209095001,0.9970238208770752,0.9073258638381958
YJR045C,YNL268W,0,-1.5403454,0.0997815728187561,0.9970238208770752,0.9074259400367737
YJR067C,YOR161C,0,-1.540905,0.0997716635465622,0.9970238208770752,0.9075260162353516
YMR104C,YHR089C,0,-1.5410632,0.09976176172494888,0.9970238208770752,0.9076260924339294
YFR047C,YDR129C,0,-1.5413918,0.09975185990333557,0.9970238208770752,0.9077261686325073
YDL017W,YGL080W,0,-1.542235,0.09974195808172226,0.9970238208770752,0.9078262448310852
YMR119W,YDR084C,0,-1.5435634,0.09973206371068954,0.9970238208770752,0.9079263210296631
YOL087C,YDL119C,0,-1.5445673,0.09972216933965683,0.9970238208770752,0.908026397228241
YMR285C,YKL038W,0,-1.5468763,0.09971227496862411,0.9970238208770752,0.9081264734268188
YOR369C,YBR214W,0,-1.5478758,0.0997023805975914,0.9970238208770752,0.9082266092300415
YKL189W,YKR016W,0,-1.5487856,0.09969249367713928,0.9970238208770752,0.9083266854286194
YJL146W,YAL054C,0,-1.5492961,0.09968259930610657,0.9970238208770752,0.9084267616271973
YOL111C,YMR293C,0,-1.5498645,0.09967271983623505,0.9970238208770752,0.9085268378257751
YLR204W,YBR162W-A,0,-1.5505769,0.09966283291578293,0.9970238208770752,0.908626914024353
YOR023C,YAL055W,0,-1.5510923,0.09965295344591141,0.9970238208770752,0.9087269902229309
YDR346C,YJL142C,0,-1.5512294,0.09964306652545929,0.9970238208770752,0.9088270664215088
YDL185W,YBR221C,0,-1.5512358,0.09963319450616837,0.9970238208770752,0.9089271426200867
YOR063W,YCL038C,0,-1.5517855,0.09962331503629684,0.9970238208770752,0.9090272188186646
YOR236W,YLR219W,0,-1.5533968,0.09961344301700592,0.9970238208770752,0.9091272950172424
YOR148C,YJL142C,0,-1.5543687,0.099603570997715,0.9970238208770752,0.9092273712158203
YKR087C,YMR186W,0,-1.554916,0.09959369897842407,0.9970238208770752,0.9093274474143982
YLL025W,YBR260C,0,-1.5560669,0.09958382695913315,0.9970238208770752,0.9094275236129761
YNL321W,YGR002C,0,-1.5568707,0.09957396239042282,0.9970238208770752,0.909527599811554
YLR080W,YFL024C,0,-1.5571206,0.0995640978217125,0.9970238208770752,0.9096276760101318
YNL049C,YKL038W,0,-1.5572861,0.09955423325300217,0.9970238208770752,0.9097278118133545
YGR032W,YOR167C,0,-1.5581303,0.09954437613487244,0.9970238208770752,0.9098278880119324
YNL160W,YPL123C,0,-1.5589037,0.09953451156616211,0.9970238208770752,0.9099279642105103
YKR066C,YPR065W,0,-1.559757,0.09952466189861298,0.9970238208770752,0.9100280404090881
YAL062W,YOL151W,0,-1.560215,0.09951480478048325,0.9970238208770752,0.910128116607666
YJL048C,YHR028C,0,-1.5612154,0.09950494766235352,0.9970238208770752,0.9102281928062439
YOR369C,YMR284W,0,-1.5614114,0.09949509799480438,0.9970238208770752,0.9103282690048218
YMR054W,YNL067W,0,-1.5617785,0.09948524832725525,0.9970238208770752,0.9104283452033997
YDR027C,YGR170W,0,-1.5618149,0.09947540611028671,0.9970238208770752,0.9105284214019775
YML072C,YLR214W,0,-1.5618505,0.09946555644273758,0.9970238208770752,0.9106284976005554
YCR034W,YLR270W,0,-1.562861,0.09945571422576904,0.9970238208770752,0.9107285737991333
YDL192W,YBR230C,0,-1.5634873,0.0994458720088005,0.9970238208770752,0.9108286499977112
YPL097W,YDR216W,0,-1.5640211,0.09943603724241257,0.9970238208770752,0.9109287261962891
YAL014C,YLL040C,0,-1.5640386,0.09942619502544403,0.9970238208770752,0.9110288023948669
YML068W,YJL052W,0,-1.5644859,0.09941636025905609,0.9970238208770752,0.9111288785934448
YOR034C,YMR070W,0,-1.5649254,0.09940652549266815,0.9970238208770752,0.9112289547920227
YPL139C,YIL148W,0,-1.5649866,0.09939669817686081,0.9970238208770752,0.9113290905952454
YOR156C,YDR038C,0,-1.5653733,0.09938686341047287,0.9970238208770752,0.9114291667938232
YHR012W,YHR096C,0,-1.5668006,0.09937703609466553,0.9970238208770752,0.9115292429924011
YPL170W,YLR378C,0,-1.5695229,0.09936721622943878,0.9970238208770752,0.911629319190979
YDL075W,YPL230W,0,-1.5708873,0.09935738891363144,0.9970238208770752,0.9117293953895569
YKL189W,YAL055W,0,-1.5719787,0.0993475690484047,0.9970238208770752,0.9118294715881348
YBL064C,YDR256C,0,-1.5725847,0.09933774918317795,0.9970238208770752,0.9119295477867126
YLR099C,YBR148W,0,-1.5731666,0.0993279293179512,0.9970238208770752,0.9120296239852905
YJL151C,YEL018W,0,-1.5732057,0.09931811690330505,0.9970238208770752,0.9121297001838684
YGR032W,YKL038W,0,-1.5732557,0.09930829703807831,0.9970238208770752,0.9122297763824463
YOR171C,YLR179C,0,-1.573457,0.09929848462343216,0.9970238208770752,0.9123298525810242
YIL101C,YMR215W,0,-1.5738074,0.09928867965936661,0.9970238208770752,0.912429928779602
YDR236C,YDR392W,0,-1.5740587,0.09927886724472046,0.9970238208770752,0.9125300049781799
YMR274C,YDL052C,0,-1.574181,0.09926906228065491,0.9970238208770752,0.9126300811767578
YER118C,YLR450W,0,-1.5743548,0.09925925731658936,0.9970238208770752,0.9127301573753357
YBR265W,YOL062C,0,-1.5744072,0.0992494598031044,0.9970238208770752,0.9128302931785583
YDR175C,YMR002W,0,-1.5747018,0.09923965483903885,0.9970238208770752,0.9129303693771362
YML056C,YOR149C,0,-1.5754106,0.0992298573255539,0.9970238208770752,0.9130304455757141
YLR303W,YGL247W,0,-1.576382,0.09922005981206894,0.9970238208770752,0.913130521774292
YPL001W,YOL151W,0,-1.5767009,0.09921026974916458,0.9970238208770752,0.9132305979728699
YFR051C,YKR085C,0,-1.5780784,0.09920047223567963,0.9970238208770752,0.9133306741714478
YNL160W,YKL074C,0,-1.578475,0.09919068217277527,0.9970238208770752,0.9134307503700256
YHR089C,YCR011C,0,-1.5786991,0.09918089210987091,0.9970238208770752,0.9135308265686035
YMR261C,YER012W,0,-1.5788128,0.09917110949754715,0.9970238208770752,0.9136309027671814
YDR293C,YNL037C,0,-1.5789204,0.09916131943464279,0.9970238208770752,0.9137309789657593
YHR043C,YHR139C,0,-1.5800424,0.09915153682231903,0.9970238208770752,0.9138310551643372
YNL055C,YLL048C,0,-1.5806227,0.09914175420999527,0.9970238208770752,0.913931131362915
YJL151C,YGL126W,0,-1.5819709,0.0991319790482521,0.9970238208770752,0.9140312075614929
YJL102W,YBR067C,0,-1.5820776,0.09912220388650894,0.9970238208770752,0.9141312837600708
YKR001C,YLR134W,0,-1.5821038,0.09911242872476578,0.9970238208770752,0.9142313599586487
YBR037C,YKL095W,0,-1.5825211,0.09910265356302261,0.9970238208770752,0.9143314361572266
YLL025W,YDL056W,0,-1.5826509,0.09909287840127945,0.9970238208770752,0.9144315719604492
YGL181W,YGR255C,0,-1.5829449,0.09908311069011688,0.9970238208770752,0.9145316481590271
YOR348C,YJR014W,0,-1.5830762,0.09907334297895432,0.9970238208770752,0.914631724357605
YGR088W,YKR016W,0,-1.5837116,0.09906357526779175,0.9970238208770752,0.9147318005561829
YML075C,YLR303W,0,-1.5840886,0.09905381500720978,0.9970238208770752,0.9148318767547607
YER052C,YGR255C,0,-1.5842364,0.09904405474662781,0.9970238208770752,0.9149319529533386
YGR236C,YOL112W,0,-1.5842556,0.09903429448604584,0.9970238208770752,0.9150320291519165
YLL025W,YHR142W,0,-1.5845013,0.09902453422546387,0.9970238208770752,0.9151321053504944
YDR346C,YGL080W,0,-1.5851407,0.0990147814154625,0.9970238208770752,0.9152321815490723
YOR274W,YNL327W,0,-1.585964,0.09900502115488052,0.9970238208770752,0.9153322577476501
YDL019C,YIL097W,0,-1.5862128,0.09899526834487915,0.9970238208770752,0.915432333946228
YMR080C,YGL126W,0,-1.5863578,0.09898552298545837,0.9970238208770752,0.9155324101448059
YJL210W,YHR206W,0,-1.5864155,0.098975770175457,0.9970238208770752,0.9156324863433838
YGL095C,YBL002W,0,-1.5868379,0.09896602481603622,0.9970238208770752,0.9157325625419617
YBR237W,YDL052C,0,-1.5875784,0.09895627945661545,0.9970238208770752,0.9158326387405396
YGR088W,YDR390C,0,-1.5898263,0.09894654154777527,0.9970238208770752,0.9159327745437622
YDL017W,YML085C,0,-1.5903177,0.09893679618835449,0.9970238208770752,0.9160328507423401
YOR020C,YOR151C,0,-1.5918032,0.09892705827951431,0.9970238208770752,0.916132926940918
YGL059W,YDL225W,0,-1.5940739,0.09891732037067413,0.9970238208770752,0.9162330031394958
YDR064W,YJL189W,0,-1.5944004,0.09890758991241455,0.9970238208770752,0.9163330793380737
YGL166W,YPL183W-A,0,-1.5953987,0.09889785200357437,0.9970238208770752,0.9164331555366516
YNL321W,YOR125C,0,-1.5954347,0.09888812154531479,0.9970238208770752,0.9165332317352295
YOL127W,YBR126C,0,-1.5960706,0.0988783910870552,0.9970238208770752,0.9166333079338074
YDL085W,YDR223W,0,-1.5960728,0.09886866807937622,0.9970238208770752,0.9167333841323853
YPL053C,YBR234C,0,-1.5967543,0.09885894507169724,0.9970238208770752,0.9168334603309631
YGL156W,YNL037C,0,-1.5975077,0.09884921461343765,0.9970238208770752,0.916933536529541
YML127W,YJL052W,0,-1.5982795,0.09883949905633926,0.9970238208770752,0.9170336127281189
YKR085C,YBR158W,0,-1.5989568,0.09882977604866028,0.9970238208770752,0.9171336889266968
YML004C,YGL011C,0,-1.5992395,0.09882006049156189,0.9970238208770752,0.9172337651252747
YHR082C,YGR101W,0,-1.5997815,0.0988103449344635,0.9970238208770752,0.9173338413238525
YGL048C,YDR319C,0,-1.5999343,0.09880062937736511,0.9970238208770752,0.9174339175224304
YDL085W,YER006W,0,-1.6000702,0.09879091382026672,0.9970238208770752,0.9175340533256531
YOR301W,YPL160W,0,-1.6001816,0.09878120571374893,0.9970238208770752,0.917634129524231
YDR019C,YOR099W,0,-1.6002823,0.09877149760723114,0.9970238208770752,0.9177342057228088
YEL039C,YLR168C,0,-1.6003935,0.09876178950071335,0.9970238208770752,0.9178342819213867
YLR447C,YBR236C,0,-1.6014636,0.09875208884477615,0.9970238208770752,0.9179343581199646
YOL111C,YBR180W,0,-1.602317,0.09874238818883896,0.9970238208770752,0.9180344343185425
YIL047C,YBR287W,0,-1.6026441,0.09873268753290176,0.9970238208770752,0.9181345105171204
YBL075C,YDL052C,0,-1.6044499,0.09872298687696457,0.9970238208770752,0.9182345867156982
YKL081W,YDL020C,0,-1.6047871,0.09871328622102737,0.9970238208770752,0.9183346629142761
YGR236C,YOR361C,0,-1.6074651,0.09870359301567078,0.9970238208770752,0.918434739112854
YLR133W,YHL015W,0,-1.6077275,0.09869389981031418,0.9970238208770752,0.9185348153114319
YGL011C,YGL059W,0,-1.6081288,0.09868421405553818,0.9970238208770752,0.9186348915100098
YEL032W,YHR086W,0,-1.6088548,0.09867452085018158,0.9970238208770752,0.9187349677085876
YOL011W,YJL048C,0,-1.609113,0.09866483509540558,0.9970238208770752,0.9188350439071655
YMR237W,YMR195W,0,-1.6092877,0.09865514934062958,0.9970238208770752,0.9189351201057434
YGL048C,YJL026W,0,-1.6096317,0.09864546358585358,0.9970238208770752,0.9190352559089661
YHR142W,YNR008W,0,-1.6097732,0.09863578528165817,0.9970238208770752,0.919135332107544
YHR002W,YAL055W,0,-1.6109475,0.09862610697746277,0.9970238208770752,0.9192354083061218
YEL039C,YDR041W,0,-1.6109564,0.09861642867326736,0.9970238208770752,0.9193354845046997
YDR236C,YGR255C,0,-1.61291,0.09860675036907196,0.9970238208770752,0.9194355607032776
YIL013C,YJL052W,0,-1.6132071,0.09859707951545715,0.9970238208770752,0.9195356369018555
YDR471W,YIL013C,0,-1.6133721,0.09858740121126175,0.9970238208770752,0.9196357131004333
YJR073C,YKL038W,0,-1.6146584,0.09857773780822754,0.9970238208770752,0.9197357892990112
YPR103W,YPL123C,0,-1.6153581,0.09856806695461273,0.9970238208770752,0.9198358654975891
YCR002C,YER091C,0,-1.6155016,0.09855839610099792,0.9970238208770752,0.919935941696167
YML075C,YMR186W,0,-1.616089,0.09854873269796371,0.9970238208770752,0.9200360178947449
YMR054W,YLR404W,0,-1.6171781,0.0985390692949295,0.9970238208770752,0.9201360940933228
YNL263C,YMR119W,0,-1.6176836,0.09852941334247589,0.9970238208770752,0.9202361702919006
YFR030W,YIL111W,0,-1.6178957,0.09851974993944168,0.9970238208770752,0.9203362464904785
YJR009C,YDR098C,0,-1.6183183,0.09851009398698807,0.9970238208770752,0.9204363226890564
YBL064C,YIL122W,0,-1.6186514,0.09850043803453445,0.9970238208770752,0.920536458492279
YNL055C,YMR060C,0,-1.6189092,0.09849078953266144,0.9970238208770752,0.9206365346908569
YCL067C,YER062C,0,-1.6194948,0.09848113358020782,0.9970238208770752,0.9207366108894348
YAL014C,YML127W,0,-1.6195686,0.09847148507833481,0.9970238208770752,0.9208366870880127
YGR032W,YDL083C,0,-1.6200614,0.09846183657646179,0.9970238208770752,0.9209367632865906
YOR301W,YGL048C,0,-1.6201992,0.09845219552516937,0.9970238208770752,0.9210368394851685
YCR009C,YER062C,0,-1.6205292,0.09844254702329636,0.9970238208770752,0.9211369156837463
YNL197C,YOR099W,0,-1.6217952,0.09843290597200394,0.9970238208770752,0.9212369918823242
YHR021C,YMR232W,0,-1.6220165,0.09842327237129211,0.9970238208770752,0.9213370680809021
YDR456W,YER093C,0,-1.6229447,0.0984136313199997,0.9970238208770752,0.92143714427948
YOR234C,YKL195W,0,-1.6233498,0.09840399771928787,0.9970238208770752,0.9215372204780579
YJR076C,YFL029C,0,-1.6249099,0.09839436411857605,0.9970238208770752,0.9216372966766357
YBR260C,YHR139C,0,-1.625253,0.09838473051786423,0.9970238208770752,0.9217373728752136
YMR308C,YLR219W,0,-1.625325,0.0983750969171524,0.9970238208770752,0.9218374490737915
YEL040W,YGL006W,0,-1.6258752,0.09836547076702118,0.9970238208770752,0.9219375252723694
YPL246C,YOL128C,0,-1.6261058,0.09835584461688995,0.9970238208770752,0.9220376014709473
YJL099W,YLR432W,0,-1.6279504,0.09834621846675873,0.9970238208770752,0.9221377372741699
YPL106C,YML060W,0,-1.6280236,0.0983365923166275,0.9970238208770752,0.9222378134727478
YDL185W,YGR227W,0,-1.6304758,0.09832697361707687,0.9970238208770752,0.9223378896713257
YMR277W,YMR215W,0,-1.6306386,0.09831735491752625,0.9970238208770752,0.9224379658699036
YPR167C,YFR002W,0,-1.6310301,0.09830773621797562,0.9970238208770752,0.9225380420684814
YDR071C,YGR189C,0,-1.6311643,0.09829812496900558,0.9970238208770752,0.9226381182670593
YML121W,YKL211C,0,-1.6330254,0.09828850626945496,0.9970238208770752,0.9227381944656372
YKR066C,YKL032C,0,-1.6351516,0.09827889502048492,0.9970238208770752,0.9228382706642151
YHR142W,YGL038C,0,-1.6357825,0.09826928377151489,0.9970238208770752,0.922938346862793
YPL206C,YBR158W,0,-1.6360273,0.09825967997312546,0.9970238208770752,0.9230384230613708
YHR012W,YER062C,0,-1.6392956,0.09825007617473602,0.9970238208770752,0.9231384992599487
YOR161C,YPR009W,0,-1.6393085,0.09824047237634659,0.9970238208770752,0.9232385754585266
YGR236C,YPL146C,0,-1.6393957,0.09823086857795715,0.9970238208770752,0.9233386516571045
YIL009W,YER026C,0,-1.6394738,0.09822126477956772,0.9970238208770752,0.9234387278556824
YIL036W,YDL052C,0,-1.6399868,0.09821166843175888,0.9970238208770752,0.9235388040542603
YGR088W,YPL022W,0,-1.6413369,0.09820207208395004,0.9970238208770752,0.9236389398574829
YGR028W,YCR028C-A,0,-1.641642,0.0981924757361412,0.9970238208770752,0.9237390160560608
YGR040W,YNL263C,0,-1.6417195,0.09818288683891296,0.9970238208770752,0.9238390922546387
YNL263C,YPL106C,0,-1.6418538,0.09817329049110413,0.9970238208770752,0.9239391684532166
YJL026W,YML070W,0,-1.6429049,0.09816370159387589,0.9970238208770752,0.9240392446517944
YIL042C,YKL095W,0,-1.643047,0.09815412014722824,0.9970238208770752,0.9241393208503723
YOR020C,YJR136C,0,-1.6435812,0.09814453125,0.9970238208770752,0.9242393970489502
YGR101W,YDR430C,0,-1.6447926,0.09813494980335236,0.9970238208770752,0.9243394732475281
YDR175C,YMR142C,0,-1.6453657,0.09812536835670471,0.9970238208770752,0.924439549446106
YPL148C,YDR236C,0,-1.645617,0.09811578691005707,0.9970238208770752,0.9245396256446838
YAL036C,YMR157C,0,-1.6457443,0.09810620546340942,0.9970238208770752,0.9246397018432617
YDR481C,YOL003C,0,-1.6471815,0.09809663146734238,0.9970238208770752,0.9247397780418396
YDR235W,YBR145W,0,-1.6475816,0.09808705747127533,0.9970238208770752,0.9248398542404175
YDL020C,YDR092W,0,-1.6487315,0.09807748347520828,0.9970238208770752,0.9249399304389954
YPL224C,YAL034W-A,0,-1.6495683,0.09806791692972183,0.9970238208770752,0.9250400066375732
YPL224C,YGL237C,0,-1.6496253,0.09805835038423538,0.9970238208770752,0.9251400828361511
YKR066C,YBR171W,0,-1.6499095,0.09804878383874893,0.9970238208770752,0.9252402186393738
YKR016W,YMR212C,0,-1.6508739,0.09803921729326248,0.9970238208770752,0.9253402948379517
YLR174W,YAL038W,0,-1.6512724,0.09802965074777603,0.9970238208770752,0.9254403710365295
YGL134W,YNL200C,0,-1.6520401,0.09802009165287018,0.9970238208770752,0.9255404472351074
YNL273W,YJL052W,0,-1.652202,0.09801053255796432,0.9970238208770752,0.9256405234336853
YPL156C,YLL012W,0,-1.6522455,0.09800097346305847,0.9970238208770752,0.9257405996322632
YDR058C,YBR145W,0,-1.652247,0.09799142181873322,0.9970238208770752,0.9258406758308411
YBR094W,YLL055W,0,-1.6529227,0.09798186272382736,0.9970238208770752,0.925940752029419
YHR151C,YKL168C,0,-1.6540143,0.0979723110795021,0.9970238208770752,0.9260408282279968
YBR037C,YOR095C,0,-1.6540997,0.09796276688575745,0.9970238208770752,0.9261409044265747
YPL156C,YLR260W,0,-1.6543082,0.09795321524143219,0.9970238208770752,0.9262409806251526
YJL083W,YGR124W,0,-1.6548811,0.09794367104768753,0.9970238208770752,0.9263410568237305
YJR078W,YDL202W,0,-1.6556779,0.09793412685394287,0.9970238208770752,0.9264411330223083
YPL029W,YMR024W,1,-1.6567769,0.09802202135324478,0.9980158805847168,0.9264411330223083
YOR016C,YBR234C,0,-1.6579885,0.09801246970891953,0.9980158805847168,0.9265412092208862
YOR161C,YER012W,0,-1.658835,0.09800292551517487,0.9980158805847168,0.9266412854194641
YGL080W,YBR086C,0,-1.6594882,0.09799337387084961,0.9980158805847168,0.9267414212226868
YMR243C,YCR011C,0,-1.6600132,0.09798382967710495,0.9980158805847168,0.9268414974212646
YEL059C-A,YPR145W,0,-1.6605743,0.09797428548336029,0.9980158805847168,0.9269415736198425
YIL070C,YOL151W,0,-1.6612695,0.09796474874019623,0.9980158805847168,0.9270416498184204
YGL048C,YBL007C,0,-1.6614621,0.09795521199703217,0.9980158805847168,0.9271417260169983
YLR219W,YML076C,0,-1.6614828,0.0979456752538681,0.9980158805847168,0.9272418022155762
YKL033W,YJL052W,0,-1.661932,0.09793613851070404,0.9980158805847168,0.927341878414154
YHR199C,YNL055C,0,-1.6626889,0.09792660176753998,0.9980158805847168,0.9274419546127319
YHR183W,YPL246C,0,-1.6630921,0.09791707247495651,0.9980158805847168,0.9275420308113098
YOR354C,YMR215W,0,-1.6634067,0.09790754318237305,0.9980158805847168,0.9276421070098877
YGR080W,YDR236C,0,-1.6652651,0.09789801388978958,0.9980158805847168,0.9277421832084656
YDL019C,YHR065C,0,-1.6658838,0.09788849204778671,0.9980158805847168,0.9278422594070435
YHR115C,YLR378C,0,-1.6664845,0.09787896275520325,0.9980158805847168,0.9279423356056213
YPR184W,YHR001W,0,-1.6694715,0.09786944091320038,0.9980158805847168,0.9280424118041992
YBR265W,YMR105C,0,-1.6701671,0.09785991907119751,0.9980158805847168,0.9281424880027771
YPL106C,YGL126W,0,-1.6705077,0.09785040467977524,0.9980158805847168,0.9282426238059998
YNL263C,YML028W,0,-1.6705302,0.09784089028835297,0.9980158805847168,0.9283427000045776
YMR243C,YIR021W,0,-1.6710162,0.0978313684463501,0.9980158805847168,0.9284427762031555
YBL046W,YMR083W,0,-1.6721511,0.09782186150550842,0.9980158805847168,0.9285428524017334
YDL185W,YDR098C,0,-1.6730726,0.09781234711408615,0.9980158805847168,0.9286429286003113
YMR292W,YBR014C,0,-1.6732796,0.09780284017324448,0.9980158805847168,0.9287430047988892
YNL249C,YAL038W,0,-1.6733459,0.0977933332324028,0.9980158805847168,0.928843080997467
YPR145W,YDR030C,0,-1.6748114,0.09778382629156113,0.9980158805847168,0.9289431571960449
YGR028W,YNL037C,0,-1.6769197,0.09777431935071945,0.9980158805847168,0.9290432333946228
YDR317W,YLR116W,0,-1.6770049,0.09776481986045837,0.9980158805847168,0.9291433095932007
YGR124W,YDR041W,0,-1.677619,0.0977553203701973,0.9980158805847168,0.9292433857917786
YML028W,YOR372C,0,-1.6782213,0.09774582087993622,0.9980158805847168,0.9293434619903564
YLR390W,YCR028C-A,0,-1.6782986,0.09773632884025574,0.9980158805847168,0.9294435381889343
YDR538W,YLR303W,0,-1.6796303,0.09772682934999466,0.9980158805847168,0.9295436143875122
YOR301W,YHR043C,0,-1.6810642,0.09771733731031418,0.9980158805847168,0.9296436905860901
YPL246C,YPL026C,0,-1.6827431,0.0977078452706337,0.9980158805847168,0.929743766784668
YPR017C,YDR032C,0,-1.683286,0.09769836068153381,0.9980158805847168,0.9298439025878906
YHR096C,YBL075C,0,-1.6834161,0.09768886864185333,0.9980158805847168,0.9299439787864685
YKL087C,YOR099W,0,-1.6836896,0.09767938405275345,0.9980158805847168,0.9300440549850464
YIL101C,YAL008W,0,-1.6844463,0.09766989946365356,0.9980158805847168,0.9301441311836243
YDR400W,YGR171C,0,-1.6844954,0.09766042232513428,0.9980158805847168,0.9302442073822021
YPL134C,YJR017C,0,-1.6845466,0.09765094518661499,0.9980158805847168,0.93034428358078
YHR043C,YER176W,0,-1.6847218,0.0976414605975151,0.9980158805847168,0.9304443597793579
YER056C,YIL157C,0,-1.6860003,0.09763199090957642,0.9980158805847168,0.9305444359779358
YDR293C,YBR084W,0,-1.6863558,0.09762251377105713,0.9980158805847168,0.9306445121765137
YOR099W,YGR170W,0,-1.6873462,0.09761304408311844,0.9980158805847168,0.9307445883750916
YDL247W,YAL042W,0,-1.6873578,0.09760356694459915,0.9980158805847168,0.9308446645736694
YJL048C,YGR124W,0,-1.6876974,0.09759410470724106,0.9980158805847168,0.9309447407722473
YNL219C,YJL090C,0,-1.6883343,0.09758463501930237,0.9980158805847168,0.9310448169708252
YDR058C,YNL048W,0,-1.6885499,0.09757517278194427,0.9980158805847168,0.9311448931694031
YOR261C,YDR481C,0,-1.6887696,0.09756570309400558,0.9980158805847168,0.931244969367981
YOL104C,YDL022W,0,-1.690182,0.09755624830722809,0.9980158805847168,0.9313451051712036
YNL263C,YLR432W,0,-1.6904263,0.09754678606987,0.9980158805847168,0.9314451813697815
YFL028C,YMR237W,0,-1.6946926,0.0975373312830925,0.9980158805847168,0.9315452575683594
YBL064C,YML091C,0,-1.6948062,0.0975278690457344,0.9980158805847168,0.9316453337669373
YLR247C,YJL146W,0,-1.695121,0.0975184217095375,0.9980158805847168,0.9317454099655151
YLR174W,YBR221C,0,-1.6960653,0.09750896692276001,0.9980158805847168,0.931845486164093
YLR204W,YNL209W,0,-1.6960905,0.09749951213598251,0.9980158805847168,0.9319455623626709
YLR432W,YDL231C,0,-1.6968156,0.09749006479978561,0.9980158805847168,0.9320456385612488
YHL002W,YOR149C,0,-1.6976246,0.09748061746358871,0.9980158805847168,0.9321457147598267
YPR065W,YNL219C,0,-1.6980789,0.09747117757797241,0.9980158805847168,0.9322457909584045
YDR119W,YLR450W,0,-1.6983634,0.09746173024177551,0.9980158805847168,0.9323458671569824
YBL030C,YGL095C,0,-1.6996837,0.09745229035615921,0.9980158805847168,0.9324459433555603
YDR064W,YKL195W,0,-1.7001436,0.09744285047054291,0.9980158805847168,0.9325460195541382
YGL005C,YMR292W,0,-1.7008997,0.0974334105849266,0.9980158805847168,0.9326460957527161
YDR345C,YEL056W,0,-1.7010424,0.0974239781498909,0.9980158805847168,0.932746171951294
YMR243C,YPL134C,0,-1.7013582,0.0974145457148552,0.9980158805847168,0.9328462481498718
YDR019C,YDR282C,0,-1.7028867,0.09740511327981949,0.9980158805847168,0.9329463839530945
YDR084C,YLR166C,0,-1.7029178,0.09739568084478378,0.9980158805847168,0.9330464601516724
YNL149C,YGR124W,0,-1.7029755,0.09738625586032867,0.9980158805847168,0.9331465363502502
YCR106W,YPR105C,0,-1.7036902,0.09737682342529297,0.9980158805847168,0.9332466125488281
YOR230W,YGR191W,0,-1.7037609,0.09736740589141846,0.9980158805847168,0.933346688747406
YPR184W,YNL278W,0,-1.7045798,0.09735798090696335,0.9980158805847168,0.9334467649459839
YKR071C,YFL062W,0,-1.705224,0.09734855592250824,0.9980158805847168,0.9335468411445618
YML056C,YHR139C,0,-1.7062902,0.09733913838863373,0.9980158805847168,0.9336469173431396
YNL178W,YKL155C,0,-1.7064662,0.09732972085475922,0.9980158805847168,0.9337469935417175
YKL119C,YDR084C,0,-1.7082536,0.0973203033208847,0.9980158805847168,0.9338470697402954
YLR014C,YMR186W,0,-1.7084858,0.09731089323759079,0.9980158805847168,0.9339471459388733
YOR372C,YCR036W,0,-1.7084899,0.09730148315429688,0.9980158805847168,0.9340472221374512
YOL003C,YHR183W,0,-1.709933,0.09729207307100296,0.9980158805847168,0.934147298336029
YNR076W,YJL001W,0,-1.7099859,0.09728266298770905,0.9980158805847168,0.9342473745346069
YDR055W,YHR142W,0,-1.7115169,0.09727325290441513,0.9980158805847168,0.9343474507331848
YDL019C,YDL231C,0,-1.7118046,0.09726385027170181,0.9980158805847168,0.9344475865364075
YGR194C,YOR161C,0,-1.7120434,0.0972544476389885,0.9980158805847168,0.9345476627349854
YER171W,YNR035C,0,-1.7125533,0.09724504500627518,0.9980158805847168,0.9346477389335632
YLR066W,YHR021C,0,-1.7129107,0.09723564982414246,0.9980158805847168,0.9347478151321411
YKL217W,YDR453C,0,-1.7130805,0.09722624719142914,0.9980158805847168,0.934847891330719
YDR041W,YPL271W,0,-1.7134343,0.09721685200929642,0.9980158805847168,0.9349479675292969
YGL005C,YER062C,0,-1.7140772,0.0972074568271637,0.9980158805847168,0.9350480437278748
YOR129C,YGR088W,0,-1.7153798,0.09719806909561157,0.9980158805847168,0.9351481199264526
YGL059W,YER166W,0,-1.7160366,0.09718867391347885,0.9980158805847168,0.9352481961250305
YNL331C,YDL185W,0,-1.7162704,0.09717928618192673,0.9980158805847168,0.9353482723236084
YKL034W,YDR407C,0,-1.7166011,0.0971699059009552,0.9980158805847168,0.9354483485221863
YGR255C,YOR278W,0,-1.7168064,0.09716051816940308,0.9980158805847168,0.9355484247207642
YDR202C,YMR040W,0,-1.7181671,0.09715113788843155,0.9980158805847168,0.935648500919342
YNL263C,YBR237W,0,-1.7189736,0.09714175015687943,0.9980158805847168,0.9357485771179199
YLR247C,YKL096W,0,-1.7196882,0.0971323773264885,0.9980158805847168,0.9358486533164978
YGR191W,YFR015C,0,-1.7197053,0.09712299704551697,0.9980158805847168,0.9359487295150757
YOR357C,YKL065C,0,-1.7197156,0.09711362421512604,0.9980158805847168,0.9360488653182983
YHR011W,YNL067W,0,-1.7197229,0.09710424393415451,0.9980158805847168,0.9361489415168762
YDR096W,YDR410C,0,-1.7198377,0.09709487855434418,0.9980158805847168,0.9362490177154541
YNL177C,YML070W,0,-1.7226713,0.09708550572395325,0.9980158805847168,0.936349093914032
YCR011C,YNL090W,0,-1.7232423,0.09707613289356232,0.9980158805847168,0.9364491701126099
YDL202W,YKL038W,0,-1.7244899,0.09706676751375198,0.9980158805847168,0.9365492463111877
YKL046C,YHR179W,0,-1.7248743,0.09705740213394165,0.9980158805847168,0.9366493225097656
YLR251W,YJL146W,0,-1.7252667,0.09704804420471191,0.9980158805847168,0.9367493987083435
YKL168C,YOR133W,0,-1.7256064,0.09703867882490158,0.9980158805847168,0.9368494749069214
YEL062W,YIL042C,0,-1.726702,0.09702932089567184,0.9980158805847168,0.9369495511054993
YDR493W,YLR203C,0,-1.7271403,0.09701996296644211,0.9980158805847168,0.9370496273040771
YPL100W,YKL217W,0,-1.7301939,0.09701060503721237,0.9980158805847168,0.937149703502655
YDR119W,YML076C,0,-1.7303553,0.09700125455856323,0.9980158805847168,0.9372497797012329
YHR209W,YDL225W,0,-1.7312825,0.09699190407991409,0.9980158805847168,0.9373498558998108
YIL138C,YBR067C,0,-1.7323165,0.09698255360126495,0.9980158805847168,0.9374499320983887
YER117W,YGR255C,0,-1.7323842,0.09697320312261581,0.9980158805847168,0.9375500679016113
YGR101W,YPL098C,0,-1.7324469,0.09696385264396667,0.9980158805847168,0.9376501441001892
YML092C,YER069W,0,-1.7325392,0.09695450961589813,0.9980158805847168,0.9377502202987671
YDL135C,YEL052W,0,-1.7342116,0.09694516658782959,0.9980158805847168,0.937850296497345
YEL024W,YGR204W,0,-1.7354023,0.09693582355976105,0.9980158805847168,0.9379503726959229
YPL123C,YDR092W,0,-1.7364973,0.0969264879822731,0.9980158805847168,0.9380504488945007
YLR328W,YOR201C,0,-1.7378604,0.09691714495420456,0.9980158805847168,0.9381505250930786
YLL048C,YOL143C,0,-1.7387514,0.09690780937671661,0.9980158805847168,0.9382506012916565
YJR017C,YGR175C,0,-1.7388256,0.09689848124980927,0.9980158805847168,0.9383506774902344
YNL178W,YLL006W,0,-1.7389486,0.09688914567232132,0.9980158805847168,0.9384507536888123
YNL284C,YPR080W,0,-1.7392449,0.09687981754541397,0.9980158805847168,0.9385508298873901
YER178W,YJL090C,0,-1.7393876,0.09687048941850662,0.9980158805847168,0.938650906085968
YGR180C,YIL016W,0,-1.7396275,0.09686116129159927,0.9980158805847168,0.9387509822845459
YEL046C,YML072C,0,-1.740027,0.09685183316469193,0.9980158805847168,0.9388510584831238
YMR119W,YDR432W,0,-1.7414176,0.09684251248836517,0.9980158805847168,0.9389511346817017
YBR265W,YJL210W,0,-1.7453644,0.09683319181203842,0.9980158805847168,0.9390512704849243
YLR174W,YGL237C,0,-1.7468591,0.09682387113571167,0.9980158805847168,0.9391513466835022
YOR124C,YBR260C,0,-1.7469797,0.09681455045938492,0.9980158805847168,0.9392514228820801
YLL025W,YHR123W,0,-1.7470983,0.09680523723363876,0.9980158805847168,0.939351499080658
YPR184W,YGR262C,0,-1.7480344,0.09679592400789261,0.9980158805847168,0.9394515752792358
YGL195W,YNL209W,0,-1.7490271,0.09678661078214645,0.9980158805847168,0.9395516514778137
YGR255C,YPL131W,0,-1.7492663,0.0967772975564003,0.9980158805847168,0.9396517276763916
YDR293C,YKL195W,0,-1.7495,0.09676798433065414,0.9980158805847168,0.9397518038749695
YML058W,YDR236C,0,-1.751796,0.09675867855548859,0.9980158805847168,0.9398518800735474
YIR021W,YLR216C,0,-1.7520107,0.09674937278032303,0.9980158805847168,0.9399519562721252
YKL038W,YLR260W,0,-1.7526505,0.09674007445573807,0.9980158805847168,0.9400520324707031
YOL032W,YNL263C,0,-1.7532556,0.09673076868057251,0.9980158805847168,0.940152108669281
YDL174C,YLR204W,0,-1.7536883,0.09672147035598755,0.9980158805847168,0.9402521848678589
YJR051W,YOR087W,0,-1.7541285,0.09671217203140259,0.9980158805847168,0.9403522610664368
YHR183W,YCR089W,0,-1.7564155,0.09670287370681763,0.9980158805847168,0.9404523372650146
YFR030W,YFL009W,0,-1.7580607,0.09669358283281326,0.9980158805847168,0.9405524134635925
YCR009C,YER033C,0,-1.7596592,0.0966842845082283,0.9980158805847168,0.9406525492668152
YGL166W,YKL046C,0,-1.7605433,0.09667499363422394,0.9980158805847168,0.9407526254653931
YNL278W,YPR001W,0,-1.7605712,0.09666570276021957,0.9980158805847168,0.940852701663971
YML028W,YIL109C,0,-1.7608614,0.0966564193367958,0.9980158805847168,0.9409527778625488
YBL101C,YBL039C,0,-1.7642946,0.09664713591337204,0.9980158805847168,0.9410528540611267
YPL252C,YKR016W,0,-1.7643244,0.09663784503936768,0.9980158805847168,0.9411529302597046
YDL083C,YMR261C,0,-1.7644534,0.0966285690665245,0.9980158805847168,0.9412530064582825
YJL210W,YGR262C,0,-1.7646458,0.09661928564310074,0.9980158805847168,0.9413530826568604
YGR197C,YKR084C,0,-1.7675289,0.09661000967025757,0.9980158805847168,0.9414531588554382
YHR199C,YNL300W,0,-1.7684547,0.0966007262468338,0.9980158805847168,0.9415532350540161
YER056C,YDR421W,0,-1.7684922,0.09659145772457123,0.9980158805847168,0.941653311252594
YMR002W,YOR278W,0,-1.7689399,0.09658218175172806,0.9980158805847168,0.9417533874511719
YML072C,YLR216C,0,-1.7690765,0.09657291322946548,0.9980158805847168,0.9418534636497498
YER174C,YOR298C-A,0,-1.7706555,0.09656363725662231,0.9980158805847168,0.9419535398483276
YEL040W,YDL085W,0,-1.77124,0.09655436873435974,0.9980158805847168,0.9420536160469055
YHR096C,YJL192C,0,-1.7713633,0.09654510766267776,0.9980158805847168,0.9421537518501282
YBR106W,YLL041C,0,-1.7721457,0.09653583914041519,0.9980158805847168,0.942253828048706
YJL044C,YIR030C,0,-1.7732515,0.09652657806873322,0.9980158805847168,0.9423539042472839
YMR195W,YCR071C,0,-1.773355,0.09651731699705124,0.9980158805847168,0.9424539804458618
YGL181W,YGL134W,0,-1.773412,0.09650805592536926,0.9980158805847168,0.9425540566444397
YEL046C,YKL138C,0,-1.7742074,0.09649880230426788,0.9980158805847168,0.9426541328430176
YBR016W,YER012W,0,-1.7758528,0.0964895486831665,0.9980158805847168,0.9427542090415955
YKR016W,YDR225W,0,-1.7765907,0.09648029506206512,0.9980158805847168,0.9428542852401733
YEL059C-A,YDR315C,0,-1.7769186,0.09647104144096375,0.9980158805847168,0.9429543614387512
YPL231W,YNR035C,0,-1.7771597,0.09646178781986237,0.9980158805847168,0.9430544376373291
YMR119W,YLL024C,0,-1.7774223,0.09645254164934158,0.9980158805847168,0.943154513835907
YDR345C,YMR293C,0,-1.7789876,0.0964432954788208,0.9980158805847168,0.9432545900344849
YER045C,YBR230C,0,-1.7795147,0.09643404930830002,0.9980158805847168,0.9433546662330627
YOR369C,YOL127W,0,-1.7797302,0.09642480313777924,0.9980158805847168,0.9434547424316406
YDL054C,YGR270W,0,-1.781523,0.09641556441783905,0.9980158805847168,0.9435548186302185
YJR073C,YJL090C,0,-1.7816406,0.09640632569789886,0.9980158805847168,0.9436548948287964
YDR096W,YDR071C,0,-1.782011,0.09639708697795868,0.9980158805847168,0.943755030632019
YPL119C,YOL151W,0,-1.7832025,0.0963878482580185,0.9980158805847168,0.9438551068305969
YNL160W,YBR255W,0,-1.7837069,0.0963786169886589,0.9980158805847168,0.9439551830291748
YOL111C,YNL258C,0,-1.7847495,0.09636938571929932,0.9980158805847168,0.9440552592277527
YPR042C,YHR096C,0,-1.7867565,0.09636015444993973,0.9980158805847168,0.9441553354263306
YJL062W,YNL327W,0,-1.7868207,0.09635092318058014,0.9980158805847168,0.9442554116249084
YKL135C,YBR145W,0,-1.787973,0.09634169936180115,0.9980158805847168,0.9443554878234863
YML118W,YER062C,0,-1.7879786,0.09633246809244156,0.9980158805847168,0.9444555640220642
YPR145W,YPL134C,0,-1.7879984,0.09632324427366257,0.9980158805847168,0.9445556402206421
YMR261C,YHR001W,0,-1.7881424,0.09631402790546417,0.9980158805847168,0.94465571641922
YNL009W,YHR139C,0,-1.7901099,0.09630480408668518,0.9980158805847168,0.9447557926177979
YNL321W,YCR065W,0,-1.7907393,0.09629558771848679,0.9980158805847168,0.9448558688163757
YNL321W,YKR071C,0,-1.791348,0.09628637135028839,0.9980158805847168,0.9449559450149536
YPL134C,YCR028C-A,0,-1.7936105,0.09627715498209,0.9980158805847168,0.9450560212135315
YPL026C,YHR001W,0,-1.7939025,0.0962679460644722,0.9980158805847168,0.9451560974121094
YER175C,YBR158W,0,-1.7956117,0.0962587296962738,0.9980158805847168,0.945256233215332
YLL055W,YLR425W,0,-1.7964091,0.096249520778656,0.9980158805847168,0.9453563094139099
YDR175C,YDR019C,0,-1.7968346,0.09624031186103821,0.9980158805847168,0.9454563856124878
YLL018C,YGL077C,0,-1.7971383,0.09623111039400101,0.9980158805847168,0.9455564618110657
YJL210W,YHR156C,0,-1.8018045,0.09622190147638321,0.9980158805847168,0.9456565380096436
YER117W,YBR046C,0,-1.8018699,0.09621270000934601,0.9980158805847168,0.9457566142082214
YDR462W,YOR161C,0,-1.8023643,0.09620349854230881,0.9980158805847168,0.9458566904067993
YHR043C,YDR098C,0,-1.802478,0.0961943045258522,0.9980158805847168,0.9459567666053772
YKL087C,YLR450W,0,-1.8025169,0.096185103058815,0.9980158805847168,0.9460568428039551
YMR076C,YOR349W,0,-1.8038558,0.0961759090423584,0.9980158805847168,0.946156919002533
YNL331C,YJL196C,0,-1.8039575,0.0961667150259018,0.9980158805847168,0.9462569952011108
YIL061C,YNL327W,0,-1.8039633,0.09615752100944519,0.9980158805847168,0.9463570713996887
YEL052W,YIL157C,0,-1.8041666,0.09614833444356918,0.9980158805847168,0.9464571475982666
YDR481C,YDR194C,0,-1.8056455,0.09613914042711258,0.9980158805847168,0.9465572237968445
YPR061C,YKL138C,0,-1.8064706,0.09612995386123657,0.9980158805847168,0.9466572999954224
YNL149C,YBL101C,0,-1.806979,0.09612077474594116,0.9980158805847168,0.9467573761940002
YLR447C,YPL098C,0,-1.8071206,0.09611158818006516,0.9980158805847168,0.9468575119972229
YGL090W,YDR032C,0,-1.8073704,0.09610240906476974,0.9980158805847168,0.9469575881958008
YGR194C,YOL143C,0,-1.8081288,0.09609322994947433,0.9980158805847168,0.9470576643943787
YIL126W,YDR319C,0,-1.8094009,0.09608405083417892,0.9980158805847168,0.9471577405929565
YNL087W,YHR096C,0,-1.8103719,0.09607487171888351,0.9980158805847168,0.9472578167915344
YPR080W,YLR203C,0,-1.8113501,0.0960657000541687,0.9980158805847168,0.9473578929901123
YDR168W,YPL250C,0,-1.812092,0.09605652838945389,0.9980158805847168,0.9474579691886902
YBR246W,YNL087W,0,-1.8124516,0.09604735672473907,0.9980158805847168,0.9475580453872681
YOR067C,YDR129C,0,-1.8144586,0.09603818506002426,0.9980158805847168,0.947658121585846
YDR540C,YNL049C,0,-1.8152759,0.09602902084589005,0.9980158805847168,0.9477581977844238
YMR083W,YDR430C,0,-1.8153373,0.09601985663175583,0.9980158805847168,0.9478582739830017
YPL148C,YDR092W,0,-1.8178141,0.09601069241762161,0.9980158805847168,0.9479583501815796
YFR051C,YKR016W,0,-1.8188365,0.0960015282034874,0.9980158805847168,0.9480584263801575
YOR369C,YBR234C,0,-1.8193661,0.09599236398935318,0.9980158805847168,0.9481585025787354
YDR347W,YMR157C,0,-1.8200715,0.09598320722579956,0.9980158805847168,0.9482585787773132
YBR260C,YLR288C,0,-1.8202001,0.09597405046224594,0.9980158805847168,0.9483587145805359
YDL021W,YNL037C,0,-1.8211867,0.09596489369869232,0.9980158805847168,0.9484587907791138
YLR328W,YIL036W,0,-1.8221622,0.0959557443857193,0.9980158805847168,0.9485588669776917
YHR046C,YBR175W,0,-1.8233947,0.09594658762216568,0.9980158805847168,0.9486589431762695
YER141W,YNL238W,0,-1.8234963,0.09593743830919266,0.9980158805847168,0.9487590193748474
YGR123C,YNL037C,0,-1.8245397,0.09592828899621964,0.9980158805847168,0.9488590955734253
YDL093W,YBR135W,0,-1.8258855,0.09591914713382721,0.9980158805847168,0.9489591717720032
YDR342C,YIL109C,0,-1.8265734,0.09590999782085419,0.9980158805847168,0.949059247970581
YOR174W,YLR378C,0,-1.8274925,0.09590085595846176,0.9980158805847168,0.9491593241691589
YGR088W,YBR106W,0,-1.8278041,0.09589171409606934,0.9980158805847168,0.9492594003677368
YER175C,YDR163W,0,-1.8282204,0.09588257968425751,0.9980158805847168,0.9493594765663147
YGR028W,YJL062W,0,-1.8284198,0.09587343782186508,0.9980158805847168,0.9494595527648926
YMR169C,YDL020C,0,-1.8285878,0.09586430341005325,0.9980158805847168,0.9495596289634705
YIL157C,YOR189W,0,-1.8286872,0.09585516899824142,0.9980158805847168,0.9496597051620483
YLR203C,YOR067C,0,-1.8307185,0.0958460345864296,0.9980158805847168,0.9497597813606262
YJL210W,YBR255W,0,-1.8307188,0.09583690762519836,0.9980158805847168,0.9498599171638489
YER062C,YEL056W,0,-1.8314593,0.09582777321338654,0.9980158805847168,0.9499599933624268
YDL093W,YOR087W,0,-1.8352716,0.0958186462521553,0.9980158805847168,0.9500600695610046
YAL038W,YDR485C,0,-1.8362982,0.09580952674150467,0.9980158805847168,0.9501601457595825
YPR061C,YNL327W,0,-1.8376706,0.09580039978027344,0.9980158805847168,0.9502602219581604
YGL073W,YJL048C,0,-1.8412328,0.0957912802696228,0.9980158805847168,0.9503602981567383
YOR232W,YIL148W,0,-1.8425684,0.09578216075897217,0.9980158805847168,0.9504603743553162
YER178W,YLR247C,0,-1.8439083,0.09577304124832153,0.9980158805847168,0.950560450553894
YNL236W,YOR230W,0,-1.8445514,0.0957639217376709,0.9980158805847168,0.9506605267524719
YHR151C,YNL055C,0,-1.8446453,0.09575480967760086,0.9980158805847168,0.9507606029510498
YHL031C,YFL062W,0,-1.8449837,0.09574569016695023,0.9980158805847168,0.9508606791496277
YDR432W,YDR536W,0,-1.8459097,0.09573657810688019,0.9980158805847168,0.9509607553482056
YLR242C,YDR453C,0,-1.8477081,0.09572747349739075,0.9980158805847168,0.9510608315467834
YFL028C,YKL138C,0,-1.8480054,0.09571836143732071,0.9980158805847168,0.9511609077453613
YDR019C,YKL065C,0,-1.848476,0.09570925682783127,0.9980158805847168,0.9512609839439392
YJR099W,YPR043W,0,-1.8491573,0.09570015221834183,0.9980158805847168,0.9513610601425171
YEL052W,YJL035C,0,-1.8499641,0.09569104760885239,0.9980158805847168,0.9514611959457397
YER025W,YOL033W,0,-1.8525262,0.09568195044994354,0.9980158805847168,0.9515612721443176
YKL077W,YNL055C,0,-1.8530526,0.0956728458404541,0.9980158805847168,0.9516613483428955
YNL263C,YLR378C,0,-1.8562698,0.09566374868154526,0.9980158805847168,0.9517614245414734
YKR093W,YDL045W-A,0,-1.8563266,0.09565465152263641,0.9980158805847168,0.9518615007400513
YPR145W,YDL174C,0,-1.8565371,0.09564556181430817,0.9980158805847168,0.9519615769386292
YHR183W,YCR036W,0,-1.857812,0.09563646465539932,0.9980158805847168,0.952061653137207
YBL007C,YDR044W,0,-1.8584797,0.09562737494707108,0.9980158805847168,0.9521617293357849
YGL004C,YBR191W,0,-1.858541,0.09561828523874283,0.9980158805847168,0.9522618055343628
YMR237W,YLR288C,0,-1.8592643,0.09560920298099518,0.9980158805847168,0.9523618817329407
YPL112C,YDR538W,0,-1.8595006,0.09560011327266693,0.9980158805847168,0.9524619579315186
YDR454C,YLR214W,0,-1.8634044,0.09559103101491928,0.9980158805847168,0.9525620341300964
YML004C,YJL146W,0,-1.8636265,0.09558194875717163,0.9980158805847168,0.9526621103286743
YAL062W,YNR006W,0,-1.8645978,0.09557286649942398,0.9980158805847168,0.9527621865272522
YGL250W,YLL019C,0,-1.8647091,0.09556379169225693,0.9980158805847168,0.9528622627258301
YIL157C,YOR099W,0,-1.8648425,0.09555470943450928,0.9980158805847168,0.9529623985290527
YJR099W,YNL055C,0,-1.8653169,0.09554563462734222,0.9980158805847168,0.9530624747276306
YOR348C,YAL056W,0,-1.8669496,0.09553655982017517,0.9980158805847168,0.9531625509262085
YJR091C,YPR023C,0,-1.8682489,0.09552749246358871,0.9980158805847168,0.9532626271247864
YDL083C,YJL048C,0,-1.8689246,0.09551841765642166,0.9980158805847168,0.9533627033233643
YGR198W,YMR083W,0,-1.8692442,0.0955093502998352,0.9980158805847168,0.9534627795219421
YMR243C,YLR390W,0,-1.8704243,0.09550028294324875,0.9980158805847168,0.95356285572052
YBL075C,YOR099W,0,-1.8718396,0.09549122303724289,0.9980158805847168,0.9536629319190979
YOR149C,YML070W,0,-1.8719332,0.09548215568065643,0.9980158805847168,0.9537630081176758
YGR032W,YMR285C,0,-1.876086,0.09547309577465057,0.9980158805847168,0.9538630843162537
YOR329C,YDL171C,0,-1.876579,0.09546403586864471,0.9980158805847168,0.9539631605148315
YOR147W,YJR073C,0,-1.8770742,0.09545497596263885,0.9980158805847168,0.9540632367134094
YIL157C,YKL096W,0,-1.8780211,0.09544592350721359,0.9980158805847168,0.9541633129119873
YGR241C,YJL196C,0,-1.8786597,0.09543686360120773,0.9980158805847168,0.9542633891105652
YOL011W,YDR093W,0,-1.8797551,0.09542781114578247,0.9980158805847168,0.9543634653091431
YHR112C,YGL095C,0,-1.8805702,0.09541875869035721,0.9980158805847168,0.954463541507721
YML064C,YNL055C,0,-1.8810179,0.09540971368551254,0.9980158805847168,0.9545636773109436
YLL001W,YPL026C,0,-1.8822722,0.09540066123008728,0.9980158805847168,0.9546637535095215
YMR296C,YCR011C,0,-1.8830414,0.09539161622524261,0.9980158805847168,0.9547638297080994
YGR155W,YER175C,0,-1.883711,0.09538257122039795,0.9980158805847168,0.9548639059066772
YLR019W,YMR251W-A,0,-1.8847775,0.09537353366613388,0.9980158805847168,0.9549639821052551
YHR158C,YAL038W,0,-1.8848678,0.09536448866128922,0.9980158805847168,0.955064058303833
YDR317W,YGR184C,0,-1.8884797,0.09535545110702515,0.9980158805847168,0.9551641345024109
YJR091C,YGR121C,0,-1.8893524,0.09534641355276108,0.9980158805847168,0.9552642107009888
YGR007W,YIL062C,0,-1.8918176,0.09533737599849701,0.9980158805847168,0.9553642868995667
YLR293C,YNL177C,0,-1.892246,0.09532834589481354,0.9980158805847168,0.9554643630981445
YEL056W,YBL106C,0,-1.8943132,0.09531930834054947,0.9980158805847168,0.9555644392967224
YDL246C,YGR175C,0,-1.8949124,0.095310278236866,0.9980158805847168,0.9556645154953003
YDR084C,YNL331C,0,-1.8952026,0.09530124813318253,0.9980158805847168,0.9557645916938782
YOR007C,YGR234W,0,-1.8956554,0.09529222548007965,0.9980158805847168,0.955864667892456
YDR536W,YFR050C,0,-1.8956857,0.09528319537639618,0.9980158805847168,0.9559647440910339
YGL134W,YLR203C,0,-1.8957746,0.0952741727232933,0.9980158805847168,0.9560648798942566
YPL271W,YCR003W,0,-1.8960199,0.09526515007019043,0.9980158805847168,0.9561649560928345
YBR046C,YDR421W,0,-1.8961041,0.09525612741708755,0.9980158805847168,0.9562650322914124
YIL053W,YIL005W,0,-1.8972013,0.09524711221456528,0.9980158805847168,0.9563651084899902
YDR093W,YML121W,0,-1.8985171,0.095238097012043,0.9980158805847168,0.9564651846885681
YDR347W,YLR056W,0,-1.9012048,0.09522908180952072,0.9980158805847168,0.956565260887146
YMR267W,YNR035C,0,-1.9021564,0.09522006660699844,0.9980158805847168,0.9566653370857239
YKL004W,YAL054C,0,-1.9027467,0.09521105140447617,0.9980158805847168,0.9567654132843018
YNL236W,YDL052C,0,-1.9030777,0.09520204365253448,0.9980158805847168,0.9568654894828796
YMR054W,YIL027C,0,-1.9064927,0.0951930359005928,0.9980158805847168,0.9569655656814575
YIR030C,YMR040W,0,-1.907286,0.09518402814865112,0.9980158805847168,0.9570656418800354
YML004C,YBR229C,0,-1.9094313,0.09517502039670944,0.9980158805847168,0.9571657180786133
YOR234C,YNL268W,0,-1.9110365,0.09516602009534836,0.9980158805847168,0.9572657942771912
YGL254W,YDL054C,0,-1.9110727,0.09515701979398727,0.9980158805847168,0.957365870475769
YPL129W,YBR287W,0,-1.9117963,0.09514801949262619,0.9980158805847168,0.9574659466743469
YPR102C,YDR453C,0,-1.911922,0.0951390191912651,0.9980158805847168,0.9575660824775696
YLL025W,YFR047C,0,-1.9120448,0.09513002634048462,0.9980158805847168,0.9576661586761475
YLL018C,YMR054W,0,-1.9143648,0.09512102603912354,0.9980158805847168,0.9577662348747253
YNL087W,YAL038W,0,-1.9162316,0.09511203318834305,0.9980158805847168,0.9578663110733032
YDR235W,YNL336W,0,-1.9187965,0.09510304033756256,0.9980158805847168,0.9579663872718811
YHR012W,YMR274C,0,-1.9196701,0.09509405493736267,0.9980158805847168,0.958066463470459
YCR009C,YDR347W,0,-1.9202375,0.09508506953716278,0.9980158805847168,0.9581665396690369
YJR091C,YKL104C,0,-1.9209464,0.0950760766863823,0.9980158805847168,0.9582666158676147
YFL020C,YDR004W,0,-1.9210639,0.095067098736763,0.9980158805847168,0.9583666920661926
YBR135W,YER026C,0,-1.921216,0.09505811333656311,0.9980158805847168,0.9584667682647705
YDL085W,YNL209W,0,-1.9214773,0.09504912793636322,0.9980158805847168,0.9585668444633484
YEL024W,YNL268W,0,-1.9223503,0.09504014998674393,0.9980158805847168,0.9586669206619263
YMR195W,YBR192W,0,-1.923431,0.09503117203712463,0.9980158805847168,0.9587669968605042
YCL025C,YNR076W,0,-1.9242016,0.09502219408750534,0.9980158805847168,0.958867073059082
YDL017W,YBL030C,0,-1.9250877,0.09501322358846664,0.9980158805847168,0.9589671492576599
YML028W,YLR293C,0,-1.9261123,0.09500425308942795,0.9980158805847168,0.9590672254562378
YFR004W,YDR019C,0,-1.9264686,0.09499527513980865,0.9980158805847168,0.9591673612594604
YDR342C,YDR359C,0,-1.9266224,0.09498631209135056,0.9980158805847168,0.9592674374580383
YCL044C,YMR040W,0,-1.9275901,0.09497734159231186,0.9980158805847168,0.9593675136566162
YFR050C,YBR145W,0,-1.9276344,0.09496837854385376,0.9980158805847168,0.9594675898551941
YPL163C,YMR119W,0,-1.9287643,0.09495940804481506,0.9980158805847168,0.959567666053772
YBR135W,YBR234C,0,-1.929656,0.09495044499635696,0.9980158805847168,0.9596677422523499
YDR345C,YGR223C,0,-1.9306469,0.09494148939847946,0.9980158805847168,0.9597678184509277
YLL025W,YBL046W,0,-1.9310743,0.09493252635002136,0.9980158805847168,0.9598678946495056
YDR122W,YGR060W,0,-1.933173,0.09492357075214386,0.9980158805847168,0.9599679708480835
YMR243C,YLL055W,0,-1.9333794,0.09491461515426636,0.9980158805847168,0.9600680470466614
YJL052W,YAL008W,0,-1.9337088,0.09490565955638885,0.9980158805847168,0.9601681232452393
YMR083W,YJL192C,0,-1.9361941,0.09489671140909195,0.9980158805847168,0.9602681994438171
YBL064C,YNL286W,0,-1.9377568,0.09488775581121445,0.9980158805847168,0.960368275642395
YER175C,YPL271W,0,-1.9391537,0.09487880766391754,0.9980158805847168,0.9604683518409729
YDR058C,YLL018C,0,-1.9403384,0.09486985951662064,0.9980158805847168,0.9605684280395508
YJL151C,YGL077C,0,-1.9403795,0.09486091136932373,0.9980158805847168,0.9606685638427734
YMR274C,YBL101C,0,-1.941033,0.09485197067260742,0.9980158805847168,0.9607686400413513
YBR260C,YFL062W,0,-1.9413153,0.09484302997589111,0.9980158805847168,0.9608687162399292
YIL157C,YJR101W,0,-1.942304,0.0948340892791748,0.9980158805847168,0.9609687924385071
YKL038W,YKL065C,0,-1.9433622,0.0948251485824585,0.9980158805847168,0.961068868637085
YLL025W,YKL135C,0,-1.9433764,0.09481620788574219,0.9980158805847168,0.9611689448356628
YDR034C,YAL054C,0,-1.9457972,0.09480727463960648,0.9980158805847168,0.9612690210342407
YOR020C,YNL263C,0,-1.946751,0.09479834139347076,0.9980158805847168,0.9613690972328186
YEL018W,YJL052W,0,-1.9476507,0.09478940814733505,0.9980158805847168,0.9614691734313965
YLL041C,YOR133W,0,-1.94856,0.09478047490119934,0.9980158805847168,0.9615692496299744
YHR079C,YML091C,1,-1.9489934,0.09486575424671173,0.9990079402923584,0.9615692496299744
YDL225W,YBR260C,0,-1.9511194,0.09485682100057602,0.9990079402923584,0.9616693258285522
YOR125C,YGR121C,0,-1.9536259,0.09484788775444031,0.9990079402923584,0.9617694020271301
YPL048W,YLR056W,0,-1.954376,0.0948389545083046,0.9990079402923584,0.961869478225708
YPR184W,YDR004W,0,-1.9544609,0.09483002126216888,0.9990079402923584,0.9619695544242859
YGR133W,YBR106W,0,-1.9554756,0.09482109546661377,0.9990079402923584,0.9620696306228638
YLL019C,YBR192W,0,-1.9559529,0.09481216222047806,0.9990079402923584,0.9621697068214417
YML058W,YKR087C,0,-1.9566648,0.09480323642492294,0.9990079402923584,0.9622698426246643
YDR299W,YAL038W,0,-1.957802,0.09479431062936783,0.9990079402923584,0.9623699188232422
YCR004C,YIL148W,0,-1.9599271,0.09478539228439331,0.9990079402923584,0.9624699950218201
YLR133W,YLR432W,0,-1.9618771,0.09477647393941879,0.9990079402923584,0.962570071220398
YDL085W,YDR041W,0,-1.9626582,0.09476754814386368,0.9990079402923584,0.9626701474189758
YPL133C,YPR102C,0,-1.9632556,0.09475863724946976,0.9990079402923584,0.9627702236175537
YIR026C,YBR145W,0,-1.9638083,0.09474971890449524,0.9990079402923584,0.9628702998161316
YEL046C,YPL118W,0,-1.964349,0.09474080055952072,0.9990079402923584,0.9629703760147095
YPL163C,YHR139C,0,-1.9653513,0.0947318896651268,0.9990079402923584,0.9630704522132874
YDR096W,YHR142W,0,-1.9660513,0.09472297877073288,0.9990079402923584,0.9631705284118652
YHR064C,YDR498C,0,-1.9662983,0.09471406787633896,0.9990079402923584,0.9632706046104431
YML038C,YMR009W,0,-1.9680307,0.09470516443252563,0.9990079402923584,0.963370680809021
YER141W,YLR203C,0,-1.9700456,0.09469626098871231,0.9990079402923584,0.9634707570075989
YKL067W,YMR274C,0,-1.9736238,0.09468735009431839,0.9990079402923584,0.9635708332061768
YJR078W,YGL077C,0,-1.9741607,0.09467845410108566,0.9990079402923584,0.9636709094047546
YGL156W,YGR227W,0,-1.9754224,0.09466955065727234,0.9990079402923584,0.9637710452079773
YJR014W,YBL101C,0,-1.9761331,0.09466064721345901,0.9990079402923584,0.9638711214065552
YNL160W,YER062C,0,-1.9776957,0.09465175122022629,0.9990079402923584,0.9639711976051331
YPL156C,YGR134W,0,-1.9796426,0.09464285522699356,0.9990079402923584,0.9640712738037109
YDR536W,YPR001W,0,-1.9814563,0.09463396668434143,0.9990079402923584,0.9641713500022888
YKR093W,YKR048C,0,-1.9823346,0.0946250706911087,0.9990079402923584,0.9642714262008667
YOR158W,YPL131W,0,-1.9830217,0.09461618214845657,0.9990079402923584,0.9643715023994446
YBR139W,YNR049C,0,-1.985688,0.09460729360580444,0.9990079402923584,0.9644715785980225
YER052C,YDR256C,0,-1.9857605,0.09459840506315231,0.9990079402923584,0.9645716547966003
YPR016C,YPL048W,0,-1.9877551,0.09458951652050018,0.9990079402923584,0.9646717309951782
YEL039C,YDR163W,0,-1.9884393,0.09458063542842865,0.9990079402923584,0.9647718071937561
YOR023C,YNL037C,0,-1.9889312,0.09457174688577652,0.9990079402923584,0.964871883392334
YPL119C,YIL097W,0,-1.9895496,0.09456287324428558,0.9990079402923584,0.9649719595909119
YJR009C,YGR170W,0,-1.9909365,0.09455399215221405,0.9990079402923584,0.9650720357894897
YGL156W,YOR348C,0,-1.9916675,0.09454511106014252,0.9990079402923584,0.9651721119880676
YJL048C,YER062C,0,-1.992135,0.09453623741865158,0.9990079402923584,0.9652721881866455
YLR021W,YDR032C,0,-1.9937971,0.09452736377716064,0.9990079402923584,0.9653723239898682
YJL196C,YLR056W,0,-1.9987588,0.09451849013566971,0.9990079402923584,0.965472400188446
YKL189W,YHR142W,0,-1.998868,0.09450961649417877,0.9990079402923584,0.9655724763870239
YML118W,YHR079C,1,-1.999892,0.09459459781646729,1.0,0.9655724763870239
YLR079W,YJL117W,0,-2.0028145,0.09458571672439575,1.0,0.9656725525856018
YOR369C,YGR124W,0,-2.006045,0.09457684308290482,1.0,0.9657726287841797
YKL067W,YGR002C,0,-2.0061178,0.09456796944141388,1.0,0.9658727049827576
YML091C,YDR216W,0,-2.006888,0.09455909579992294,1.0,0.9659727811813354
YML031W,YGL126W,0,-2.0076916,0.0945502296090126,1.0,0.9660728573799133
YMR054W,YGR276C,0,-2.0088673,0.09454136341810226,1.0,0.9661729335784912
YPR103W,YML085C,0,-2.0121598,0.09453249722719193,1.0,0.9662730097770691
YBL064C,YDR538W,0,-2.0136898,0.09452363103628159,1.0,0.966373085975647
YKL126W,YBR158W,0,-2.0174124,0.09451476484537125,1.0,0.9664731621742249
YML056C,YBL030C,0,-2.0211036,0.0945059061050415,1.0,0.9665732383728027
YKL004W,YLR303W,0,-2.0211532,0.09449704736471176,1.0,0.9666733145713806
YLR080W,YBL002W,0,-2.0227408,0.09448818862438202,1.0,0.9667733907699585
YLR275W,YJL048C,0,-2.0228496,0.09447932988405228,1.0,0.9668735265731812
YOR234C,YMR054W,0,-2.0290778,0.09447047859430313,1.0,0.966973602771759
YBL098W,YPL250C,0,-2.0300398,0.09446162730455399,1.0,0.9670736789703369
YLR216C,YCR065W,0,-2.0300784,0.09445277601480484,1.0,0.9671737551689148
YGR171C,YJL196C,0,-2.030464,0.0944439247250557,1.0,0.9672738313674927
YIL162W,YBR260C,0,-2.031214,0.09443507343530655,1.0,0.9673739075660706
YOR358W,YFR015C,0,-2.0317595,0.094426229596138,1.0,0.9674739837646484
YMR243C,YJL094C,0,-2.0331128,0.09441738575696945,1.0,0.9675740599632263
YOR009W,YDL064W,0,-2.033192,0.0944085419178009,1.0,0.9676741361618042
YCL025C,YLL048C,0,-2.033346,0.09439969807863235,1.0,0.9677742123603821
YDR345C,YER026C,0,-2.03467,0.0943908616900444,1.0,0.96787428855896
YDL135C,YMR251W-A,0,-2.0353253,0.09438202530145645,1.0,0.9679743647575378
YKL067W,YGL106W,0,-2.035855,0.0943731889128685,1.0,0.9680744409561157
YEL004W,YDR453C,0,-2.035995,0.09436435252428055,1.0,0.9681745171546936
YOL011W,YLR378C,0,-2.0377095,0.0943555161356926,1.0,0.9682745933532715
YLR219W,YNL177C,0,-2.0378222,0.09434668719768524,1.0,0.9683747291564941
YHR183W,YER176W,0,-2.038042,0.09433785825967789,1.0,0.968474805355072
YGR120C,YDR032C,0,-2.038442,0.09432902932167053,1.0,0.9685748815536499
YLR134W,YHR001W,0,-2.0394812,0.09432020038366318,1.0,0.9686749577522278
YMR104C,YER117W,0,-2.039545,0.09431137889623642,1.0,0.9687750339508057
YDR538W,YGR007W,0,-2.040197,0.09430255740880966,1.0,0.9688751101493835
YHR076W,YBR145W,0,-2.0408418,0.0942937359213829,1.0,0.9689751863479614
YOR151C,YKL038W,0,-2.0433042,0.09428491443395615,1.0,0.9690752625465393
YOR172W,YLR378C,0,-2.0457847,0.09427609294652939,1.0,0.9691753387451172
YNR020C,YIL162W,0,-2.0474308,0.09426727890968323,1.0,0.9692754149436951
YPL207W,YBR106W,0,-2.0480778,0.09425846487283707,1.0,0.969375491142273
YGL106W,YKL065C,0,-2.0498679,0.0942496508359909,1.0,0.9694755673408508
YDR345C,YBR086C,0,-2.0500395,0.09424083679914474,1.0,0.9695756435394287
YNL321W,YER183C,0,-2.0541797,0.09423203021287918,1.0,0.9696757197380066
YIL101C,YDR390C,0,-2.055,0.09422321617603302,1.0,0.9697757959365845
YLR203C,YBR126C,0,-2.05524,0.09421440958976746,1.0,0.9698758721351624
YDL138W,YMR215W,0,-2.0561585,0.09420561045408249,1.0,0.969976007938385
YPL224C,YJR101W,0,-2.0562503,0.09419680386781693,1.0,0.9700760841369629
YMR302C,YOR067C,0,-2.0564725,0.09418800473213196,1.0,0.9701761603355408
YPL207W,YMR215W,0,-2.061094,0.09417920559644699,1.0,0.9702762365341187
YDR093W,YNR035C,0,-2.061697,0.09417040646076202,1.0,0.9703763127326965
YKL104C,YIL010W,0,-2.0621812,0.09416160732507706,1.0,0.9704763889312744
YOR149C,YNR006W,0,-2.0661666,0.09415280818939209,1.0,0.9705764651298523
YDR481C,YLR005W,0,-2.0701222,0.09414401650428772,1.0,0.9706765413284302
YGR155W,YDR064W,0,-2.0742717,0.09413522481918335,1.0,0.9707766175270081
YPR016C,YFR030W,0,-2.0748825,0.09412643313407898,1.0,0.9708766937255859
YNL160W,YJL065C,0,-2.07688,0.0941176488995552,1.0,0.9709767699241638
YGR101W,YDR041W,0,-2.0777972,0.09410885721445084,1.0,0.9710768461227417
YOR172W,YIL109C,0,-2.0781438,0.09410007297992706,1.0,0.9711769223213196
YHR183W,YDR454C,0,-2.0792224,0.09409128874540329,1.0,0.9712769985198975
YCL044C,YLR178C,0,-2.0810952,0.09408251196146011,1.0,0.9713770747184753
YHR096C,YOR158W,0,-2.08271,0.09407372772693634,1.0,0.971477210521698
YNL321W,YBL019W,0,-2.0853677,0.09406495094299316,1.0,0.9715772867202759
YFR004W,YFR014C,0,-2.085838,0.09405617415904999,1.0,0.9716773629188538
YGL011C,YGL077C,0,-2.0868053,0.09404739737510681,1.0,0.9717774391174316
YPL112C,YMR054W,0,-2.087153,0.09403862059116364,1.0,0.9718775153160095
YER178W,YOR256C,0,-2.0899632,0.09402985125780106,1.0,0.9719775915145874
YDR162C,YBL101C,0,-2.0901515,0.09402108192443848,1.0,0.9720776677131653
YDR400W,YGR032W,0,-2.0908902,0.0940123125910759,1.0,0.9721777439117432
YNL263C,YOL061W,0,-2.093383,0.09400354325771332,1.0,0.972277820110321
YNL281W,YMR251W-A,0,-2.0951688,0.09399478137493134,1.0,0.9723778963088989
YDL117W,YJL052W,0,-2.1014051,0.09398601204156876,1.0,0.9724779725074768
YEL024W,YNR052C,0,-2.1049473,0.09397725015878677,1.0,0.9725780487060547
YEL039C,YGR189C,0,-2.1057673,0.09396848827600479,1.0,0.9726781249046326
YGL134W,YDL234C,0,-2.1060908,0.0939597338438034,1.0,0.9727782011032104
YDL047W,YMR251W-A,0,-2.1123378,0.09395097196102142,1.0,0.9728782773017883
YOR372C,YBL030C,0,-2.1124167,0.09394221752882004,1.0,0.9729783535003662
YAL062W,YOR348C,0,-2.1165679,0.09393346309661865,1.0,0.9730784893035889
YNL009W,YDR091C,0,-2.1175365,0.09392470866441727,1.0,0.9731785655021667
YLL025W,YDR267C,0,-2.1218088,0.09391596168279648,1.0,0.9732786417007446
YMR302C,YAL054C,0,-2.1261432,0.09390720725059509,1.0,0.9733787178993225
YNL309W,YFR015C,0,-2.1266522,0.0938984602689743,1.0,0.9734787940979004
YPL022W,YBR230C,0,-2.128477,0.09388971328735352,1.0,0.9735788702964783
YOL127W,YIL101C,0,-2.1289604,0.09388097375631332,1.0,0.9736789464950562
YDR064W,YDR377W,0,-2.1314876,0.09387222677469254,1.0,0.973779022693634
YMR142C,YDR298C,0,-2.139447,0.09386348724365234,1.0,0.9738790988922119
YMR237W,YER176W,0,-2.139938,0.09385474771261215,1.0,0.9739791750907898
YEL059C-A,YPL206C,0,-2.140601,0.09384600818157196,1.0,0.9740792512893677
YDL085W,YDL036C,0,-2.1408079,0.09383727610111237,1.0,0.9741793274879456
YLR080W,YNL059C,0,-2.1414697,0.09382853657007217,1.0,0.9742794036865234
YKL189W,YDL021W,0,-2.1422274,0.09381980448961258,1.0,0.9743794798851013
YDL126C,YJL001W,0,-2.1453958,0.09381107240915298,1.0,0.9744795560836792
YML056C,YHL015W,0,-2.1455424,0.09380234777927399,1.0,0.9745796918869019
YMR105C,YGR092W,0,-2.1456637,0.09379361569881439,1.0,0.9746797680854797
YMR083W,YAL054C,0,-2.145722,0.0937848910689354,1.0,0.9747798442840576
YHR028C,YFR015C,0,-2.1458035,0.0937761664390564,1.0,0.9748799204826355
YNL331C,YIL013C,0,-2.1489115,0.0937674418091774,1.0,0.9749799966812134
YOR148C,YLL019C,0,-2.1495638,0.0937587171792984,1.0,0.9750800728797913
YIL117C,YBR046C,0,-2.1519988,0.09375,1.0,0.9751801490783691
YBR192W,YBL002W,0,-2.1527617,0.0937412828207016,1.0,0.975280225276947
YDR481C,YHR002W,0,-2.1527824,0.0937325656414032,1.0,0.9753803014755249
YCR009C,YBL030C,0,-2.1541417,0.0937238484621048,1.0,0.9754803776741028
YLR452C,YMR251W-A,0,-2.1546595,0.093715138733387,1.0,0.9755804538726807
YCL038C,YLR378C,0,-2.1549582,0.09370642155408859,1.0,0.9756805300712585
YAL014C,YDL049C,0,-2.1579752,0.09369771182537079,1.0,0.9757806062698364
YDR481C,YEL039C,0,-2.1581342,0.09368900209665298,1.0,0.9758806824684143
YPL016W,YLL055W,0,-2.1594298,0.09368029981851578,1.0,0.9759807586669922
YGR284C,YFL038C,0,-2.1595953,0.09367159008979797,1.0,0.9760808944702148
YLL006W,YCR028C-A,0,-2.1599643,0.09366288781166077,1.0,0.9761809706687927
YKR066C,YKL038W,0,-2.1602488,0.09365418553352356,1.0,0.9762810468673706
YDR096W,YDR453C,0,-2.1607678,0.09364548325538635,1.0,0.9763811230659485
YNL263C,YNL037C,0,-2.1618624,0.09363678842782974,1.0,0.9764811992645264
YGR284C,YNL067W,0,-2.1639936,0.09362808614969254,1.0,0.9765812754631042
YLR328W,YFR015C,0,-2.1766765,0.09361939132213593,1.0,0.9766813516616821
YJR099W,YBR067C,0,-2.177702,0.09361069649457932,1.0,0.97678142786026
YER118C,YPL206C,0,-2.1788712,0.0936020091176033,1.0,0.9768815040588379
YNL263C,YBR230C,0,-2.1840746,0.09359331429004669,1.0,0.9769815802574158
YKL067W,YKL135C,0,-2.1846864,0.09358462691307068,1.0,0.9770816564559937
YPL133C,YBR145W,0,-2.1849997,0.09357593953609467,1.0,0.9771817326545715
YOR161C,YLL025W,0,-2.1876814,0.09356725215911865,1.0,0.9772818088531494
YGR074W,YBR046C,0,-2.1877291,0.09355856478214264,1.0,0.9773818850517273
YAL014C,YHR117W,0,-2.1890185,0.09354988485574722,1.0,0.9774819612503052
YBR191W,YER033C,0,-2.1937354,0.0935412049293518,1.0,0.9775820374488831
YLR390W,YJR101W,0,-2.193965,0.09353252500295639,1.0,0.9776821732521057
YHR082C,YER033C,0,-2.1974902,0.09352384507656097,1.0,0.9777822494506836
YOR063W,YHR123W,0,-2.1991615,0.09351516515016556,1.0,0.9778823256492615
YLR021W,YDR129C,0,-2.2004592,0.09350649267435074,1.0,0.9779824018478394
YML056C,YGL077C,0,-2.2030914,0.09349782019853592,1.0,0.9780824780464172
YDR317W,YPL250C,0,-2.204623,0.0934891477227211,1.0,0.9781825542449951
YGR032W,YOR087W,0,-2.20626,0.09348047524690628,1.0,0.978282630443573
YDR432W,YGL195W,0,-2.2127812,0.09347181022167206,1.0,0.9783827066421509
YJR078W,YOL062C,0,-2.213301,0.09346314519643784,1.0,0.9784827828407288
YHL002W,YOR099W,0,-2.2152097,0.09345448017120361,1.0,0.9785828590393066
YDR538W,YKR085C,0,-2.2173967,0.09344581514596939,1.0,0.9786829352378845
YER056C,YMR261C,0,-2.2194753,0.09343715012073517,1.0,0.9787830114364624
YNL321W,YIL097W,0,-2.2195835,0.09342849254608154,1.0,0.9788830876350403
YLR078C,YAL038W,0,-2.2219589,0.09341983497142792,1.0,0.9789831638336182
YHR010W,YJL142C,0,-2.224816,0.09341117739677429,1.0,0.979083240032196
YOR261C,YAL054C,0,-2.2254212,0.09340251982212067,1.0,0.9791833758354187
YBR084W,YHR179W,0,-2.22587,0.09339386969804764,1.0,0.9792834520339966
YPL206C,YOL112W,0,-2.2269547,0.09338521212339401,1.0,0.9793835282325745
YHL016C,YOR110W,0,-2.2326648,0.09337656199932098,1.0,0.9794836044311523
YLL001W,YNL055C,0,-2.233868,0.09336791187524796,1.0,0.9795836806297302
YLR021W,YOR230W,0,-2.2342896,0.09335926920175552,1.0,0.9796837568283081
YNR002C,YCL031C,0,-2.2349753,0.0933506190776825,1.0,0.979783833026886
YNL331C,YGR191W,0,-2.2397246,0.09334197640419006,1.0,0.9798839092254639
YBL033C,YMR292W,0,-2.2397392,0.09333333373069763,1.0,0.9799839854240417
YLR133W,YLR197W,0,-2.2407267,0.0933246910572052,1.0,0.9800840616226196
YHR082C,YOR149C,0,-2.243411,0.09331605583429337,1.0,0.9801841378211975
YKR066C,YOR071C,0,-2.2435338,0.09330741316080093,1.0,0.9802842140197754
YHR183W,YFL009W,0,-2.2460444,0.0932987779378891,1.0,0.9803842902183533
YGR101W,YLR021W,0,-2.2495704,0.09329014271497726,1.0,0.9804843664169312
YIL098C,YER141W,0,-2.2514484,0.09328150749206543,1.0,0.980584442615509
YPL252C,YIL010W,0,-2.252062,0.09327287971973419,1.0,0.9806845188140869
YDR096W,YNL149C,0,-2.260702,0.09326425194740295,1.0,0.9807846546173096
YBL058W,YDR214W,0,-2.2613108,0.09325561672449112,1.0,0.9808847308158875
YNL331C,YDL021W,0,-2.2629087,0.09324699640274048,1.0,0.9809848070144653
YER141W,YKL074C,0,-2.263852,0.09323836863040924,1.0,0.9810848832130432
YOL003C,YBR145W,0,-2.2651627,0.0932297483086586,1.0,0.9811849594116211
YLR133W,YDR091C,0,-2.2677627,0.09322112053632736,1.0,0.981285035610199
YCL044C,YOL062C,0,-2.276146,0.09321250021457672,1.0,0.9813851118087769
YNL268W,YOR149C,0,-2.2769175,0.09320387989282608,1.0,0.9814851880073547
YNR002C,YOR062C,0,-2.2790825,0.09319526702165604,1.0,0.9815852642059326
YGR010W,YFL036W,0,-2.2812078,0.09318665415048599,1.0,0.9816853404045105
YDR168W,YBL064C,0,-2.2812505,0.09317803382873535,1.0,0.9817854166030884
YDL054C,YMR293C,0,-2.2818027,0.09316942095756531,1.0,0.9818854928016663
YHL016C,YGR010W,0,-2.2820556,0.09316081553697586,1.0,0.9819855690002441
YDR293C,YGR175C,0,-2.284316,0.09315220266580582,1.0,0.982085645198822
YHL016C,YGL190C,0,-2.285451,0.09314359724521637,1.0,0.9821857213973999
YCR048W,YEL052W,0,-2.2871678,0.09313499182462692,1.0,0.9822858572006226
YMR002W,YLR056W,0,-2.2889822,0.09312638640403748,1.0,0.9823859333992004
YLR080W,YPL159C,0,-2.2910335,0.09311778098344803,1.0,0.9824860095977783
YEL024W,YCR028C-A,0,-2.2942743,0.09310918301343918,1.0,0.9825860857963562
YER141W,YBL007C,0,-2.294844,0.09310058504343033,1.0,0.9826861619949341
YNL160W,YGL073W,0,-2.2997775,0.09309198707342148,1.0,0.982786238193512
YMR104C,YNL300W,0,-2.3004334,0.09308338910341263,1.0,0.9828863143920898
YBR149W,YML058W,0,-2.301988,0.09307479113340378,1.0,0.9829863905906677
YHR178W,YBR106W,0,-2.3065672,0.09306620061397552,1.0,0.9830864667892456
YDR091C,YMR037C,0,-2.3066854,0.09305761009454727,1.0,0.9831865429878235
YNR052C,YFL062W,0,-2.30925,0.09304901957511902,1.0,0.9832866191864014
YBR201W,YOR230W,0,-2.3106759,0.09304042905569077,1.0,0.9833866953849792
YML075C,YPL271W,0,-2.3151085,0.09303183853626251,1.0,0.9834867715835571
YLR203C,YOR133W,0,-2.316529,0.09302325546741486,1.0,0.983586847782135
YGL250W,YLR219W,0,-2.3224204,0.0930146723985672,1.0,0.9836869239807129
YOL147C,YML127W,0,-2.3285618,0.09300608932971954,1.0,0.9837870001792908
YDL225W,YBR234C,0,-2.328846,0.09299750626087189,1.0,0.9838871359825134
YCR031C,YMR142C,0,-2.3296294,0.09298893064260483,1.0,0.9839872121810913
YMR292W,YKL124W,0,-2.3313854,0.09298035502433777,1.0,0.9840872883796692
YKL087C,YML075C,0,-2.335312,0.09297177940607071,1.0,0.9841873645782471
YNL331C,YLL040C,0,-2.3364005,0.09296320378780365,1.0,0.984287440776825
YJR078W,YNL327W,0,-2.3393128,0.09295462816953659,1.0,0.9843875169754028
YBR171W,YBR234C,0,-2.3411996,0.09294606000185013,1.0,0.9844875931739807
YOL127W,YCR036W,0,-2.3419354,0.09293749183416367,1.0,0.9845876693725586
YDR342C,YGR121C,0,-2.3428442,0.0929289236664772,1.0,0.9846877455711365
YDR486C,YDR298C,0,-2.3442988,0.09292035549879074,1.0,0.9847878217697144
YPL022W,YML070W,0,-2.344447,0.09291178733110428,1.0,0.9848878979682922
YMR002W,YBR191W,0,-2.3482537,0.09290322661399841,1.0,0.9849879741668701
YJL210W,YGL195W,0,-2.3495975,0.09289466589689255,1.0,0.985088050365448
YKR071C,YFR015C,0,-2.353267,0.09288610517978668,1.0,0.9851881265640259
YLR219W,YNR002C,0,-2.3536289,0.09287754446268082,1.0,0.9852882027626038
YPL246C,YKL201C,0,-2.354743,0.09286899119615555,1.0,0.9853883385658264
YLR066W,YOR232W,0,-2.3608336,0.09286043047904968,1.0,0.9854884147644043
YPL183W-A,YGL077C,0,-2.36293,0.09285187721252441,1.0,0.9855884909629822
YPL170W,YDR298C,0,-2.3638203,0.09284332394599915,1.0,0.9856885671615601
YDR536W,YBR260C,0,-2.3645022,0.09283477813005447,1.0,0.9857886433601379
YGL166W,YNL321W,0,-2.3671677,0.0928262248635292,1.0,0.9858887195587158
YGR032W,YLL055W,0,-2.368915,0.09281767904758453,1.0,0.9859887957572937
YKL034W,YPR023C,0,-2.3697631,0.09280913323163986,1.0,0.9860888719558716
YOL147C,YOR124C,0,-2.370149,0.09280058741569519,1.0,0.9861889481544495
YKR016W,YHR096C,0,-2.3714004,0.09279204905033112,1.0,0.9862890243530273
YIL027C,YNR002C,0,-2.372095,0.09278350323438644,1.0,0.9863891005516052
YGR262C,YMR251W-A,0,-2.380361,0.09277496486902237,1.0,0.9864891767501831
YNL055C,YDL171C,0,-2.380801,0.0927664265036583,1.0,0.986589252948761
YGR088W,YKL210W,0,-2.3830059,0.09275788813829422,1.0,0.9866893291473389
YDR454C,YIL070C,0,-2.3836207,0.09274935722351074,1.0,0.9867894053459167
YML056C,YGL097W,0,-2.3858573,0.09274081885814667,1.0,0.9868895411491394
YOR329C,YPR184W,0,-2.3901455,0.09273228794336319,1.0,0.9869896173477173
YBR214W,YOR189W,0,-2.3925629,0.09272375702857971,1.0,0.9870896935462952
YGR032W,YBL064C,0,-2.3934996,0.09271523356437683,1.0,0.987189769744873
YHR028C,YNL219C,0,-2.393613,0.09270670264959335,1.0,0.9872898459434509
YBL064C,YMR037C,0,-2.3948119,0.09269817918539047,1.0,0.9873899221420288
YDL093W,YIL157C,0,-2.3977826,0.09268965572118759,1.0,0.9874899983406067
YGR171C,YLR432W,0,-2.4076948,0.09268113225698471,1.0,0.9875900745391846
YJL210W,YBL058W,0,-2.409414,0.09267260879278183,1.0,0.9876901507377625
YPL183W-A,YMR040W,0,-2.410665,0.09266409277915955,1.0,0.9877902269363403
YOR063W,YNL178W,0,-2.4124978,0.09265557676553726,1.0,0.9878903031349182
YGR284C,YNL059C,0,-2.4129252,0.09264706075191498,1.0,0.9879903793334961
YJL052W,YBR192W,0,-2.4158843,0.0926385447382927,1.0,0.988090455532074
YKL034W,YLR216C,0,-2.420286,0.09263002872467041,1.0,0.9881905317306519
YBR260C,YFL029C,0,-2.4213035,0.09262152016162872,1.0,0.9882906079292297
YHR142W,YPL166W,0,-2.424976,0.09261301159858704,1.0,0.9883906841278076
YNL258C,YBL033C,0,-2.4283912,0.09260450303554535,1.0,0.9884908199310303
YNL160W,YPR065W,0,-2.433688,0.09259599447250366,1.0,0.9885908961296082
YGR032W,YML011C,0,-2.435969,0.09258749336004257,1.0,0.988690972328186
YKR066C,YCR002C,0,-2.437298,0.09257898479700089,1.0,0.9887910485267639
YNL160W,YDR315C,0,-2.438114,0.0925704836845398,1.0,0.9888911247253418
YHL025W,YBR287W,0,-2.439603,0.0925619825720787,1.0,0.9889912009239197
YGR284C,YNL230C,0,-2.44096,0.09255348145961761,1.0,0.9890912771224976
YMR105C,YNL286W,0,-2.4441116,0.09254498779773712,1.0,0.9891913533210754
YDL185W,YJL052W,0,-2.4441125,0.09253649413585663,1.0,0.9892914295196533
YDR456W,YMR070W,0,-2.4552367,0.09252800047397614,1.0,0.9893915057182312
YNR002C,YIL053W,0,-2.459708,0.09251950681209564,1.0,0.9894915819168091
YMR142C,YDR498C,0,-2.461745,0.09251101315021515,1.0,0.989591658115387
YGL048C,YBR214W,0,-2.4618676,0.09250252693891525,1.0,0.9896917343139648
YJL094C,YER033C,0,-2.4644468,0.09249403327703476,1.0,0.9897918105125427
YMR105C,YGR080W,0,-2.4690363,0.09248554706573486,1.0,0.9898918867111206
YDR168W,YNL336W,0,-2.4701378,0.09247706085443497,1.0,0.9899920225143433
YMR054W,YDR041W,0,-2.473213,0.09246858209371567,1.0,0.9900920987129211
YPL224C,YNL246W,0,-2.474184,0.09246009588241577,1.0,0.990192174911499
YMR119W,YAL038W,0,-2.4779775,0.09245161712169647,1.0,0.9902922511100769
YPL134C,YIL117C,0,-2.4862697,0.09244313836097717,1.0,0.9903923273086548
YNL178W,YIL070C,0,-2.4917767,0.09243465960025787,1.0,0.9904924035072327
YPR145W,YBR145W,0,-2.4945774,0.09242618829011917,1.0,0.9905924797058105
YPR023C,YDR298C,0,-2.4949725,0.09241771697998047,1.0,0.9906925559043884
YOL151W,YDL052C,0,-2.497917,0.09240923821926117,1.0,0.9907926321029663
YDR092W,YOL151W,0,-2.5054076,0.09240076690912247,1.0,0.9908927083015442
YHR064C,YKL056C,0,-2.5146098,0.09239230304956436,1.0,0.9909927845001221
YMR195W,YPL219W,0,-2.5152922,0.09238383173942566,1.0,0.9910928606987
YKL006C-A,YJL048C,0,-2.5194223,0.09237536787986755,1.0,0.9911929368972778
YGR010W,YMR274C,0,-2.521198,0.09236690402030945,1.0,0.9912930130958557
YHR010W,YJL048C,0,-2.524165,0.09235844016075134,1.0,0.9913930892944336
YKL119C,YJL052W,0,-2.529855,0.09234997630119324,1.0,0.9914931654930115
YDR293C,YMR083W,0,-2.5330172,0.09234151989221573,1.0,0.9915933012962341
YER141W,YLR390W,0,-2.5340016,0.09233305603265762,1.0,0.991693377494812
YNL160W,YFL036W,0,-2.5361333,0.09232459962368011,1.0,0.9917934536933899
YKR087C,YPL186C,0,-2.5385876,0.0923161432147026,1.0,0.9918935298919678
YDR175C,YGL077C,0,-2.543082,0.0923076942563057,1.0,0.9919936060905457
YKL056C,YDL083C,0,-2.5455773,0.09229923784732819,1.0,0.9920936822891235
YKL119C,YJL062W,0,-2.547578,0.09229078888893127,1.0,0.9921937584877014
YOR007C,YDR032C,0,-2.5476003,0.09228233993053436,1.0,0.9922938346862793
YER175C,YMR215W,0,-2.5507343,0.09227389097213745,1.0,0.9923939108848572
YKL067W,YLR216C,0,-2.552892,0.09226544946432114,1.0,0.9924939870834351
YOL032W,YJL062W,0,-2.5600476,0.09225700050592422,1.0,0.9925940632820129
YPR065W,YOR149C,0,-2.5604227,0.09224855899810791,1.0,0.9926941394805908
YBR046C,YLR452C,0,-2.5607884,0.0922401174902916,1.0,0.9927942156791687
YLR251W,YBR014C,0,-2.5649993,0.09223167598247528,1.0,0.9928942918777466
YBL033C,YGR124W,0,-2.5664093,0.09222324192523956,1.0,0.9929943680763245
YJL048C,YJL153C,0,-2.569215,0.09221480041742325,1.0,0.9930945038795471
YDL174C,YOR034C,0,-2.5692813,0.09220636636018753,1.0,0.993194580078125
YPR020W,YCR003W,0,-2.5784585,0.09219793230295181,1.0,0.9932946562767029
YJL210W,YOR140W,0,-2.5786984,0.0921894982457161,1.0,0.9933947324752808
YHR002W,YFR015C,0,-2.5789292,0.09218107163906097,1.0,0.9934948086738586
YCL025C,YNL238W,0,-2.5805018,0.09217263758182526,1.0,0.9935948848724365
YDR462W,YNL067W,0,-2.5892956,0.09216421097517014,1.0,0.9936949610710144
YAL062W,YBR014C,0,-2.592428,0.09215578436851501,1.0,0.9937950372695923
YHR021C,YGL077C,0,-2.5972497,0.09214736521244049,1.0,0.9938951134681702
YLL001W,YHR010W,0,-2.598729,0.09213893860578537,1.0,0.993995189666748
YHR082C,YPL219W,0,-2.6060362,0.09213051944971085,1.0,0.9940952658653259
YCR004C,YLR056W,0,-2.6167912,0.09212210029363632,1.0,0.9941953420639038
YKR066C,YLR078C,0,-2.6239064,0.0921136811375618,1.0,0.9942954182624817
YGL011C,YMR251W-A,0,-2.6358786,0.09210526198148727,1.0,0.9943954944610596
YHR178W,YGR177C,0,-2.639666,0.09209685027599335,1.0,0.9944955706596375
YHR096C,YDL047W,0,-2.6529758,0.09208843111991882,1.0,0.9945956468582153
YEL040W,YGR189C,0,-2.6537902,0.0920800194144249,1.0,0.994695782661438
YPL156C,YJL103C,0,-2.659341,0.09207160770893097,1.0,0.9947958588600159
YKL046C,YGR121C,0,-2.666451,0.09206320345401764,1.0,0.9948959350585938
YDL020C,YJL103C,0,-2.6738808,0.09205479174852371,1.0,0.9949960112571716
YDL174C,YER056C,0,-2.685226,0.09204638749361038,1.0,0.9950960874557495
YPL097W,YLR378C,0,-2.6924663,0.09203798323869705,1.0,0.9951961636543274
YLL001W,YNL209W,0,-2.6977615,0.09202957898378372,1.0,0.9952962398529053
YOR354C,YGR124W,0,-2.7004468,0.09202118217945099,1.0,0.9953963160514832
YLR390W,YKL210W,0,-2.7023108,0.09201277792453766,1.0,0.995496392250061
YPL148C,YEL052W,0,-2.7182884,0.09200438112020493,1.0,0.9955964684486389
YNL160W,YPL188W,0,-2.720572,0.09199598431587219,1.0,0.9956965446472168
YNL263C,YDL052C,0,-2.7320447,0.09198758751153946,1.0,0.9957966208457947
YPR103W,YLR421C,0,-2.7363303,0.09197919815778732,1.0,0.9958966970443726
YHR002W,YPL219W,0,-2.7422886,0.09197080135345459,1.0,0.9959967732429504
YER141W,YDR092W,0,-2.750389,0.09196241199970245,1.0,0.9960968494415283
YLL055W,YJL076W,0,-2.7576203,0.09195402264595032,1.0,0.996196985244751
YCL044C,YDL093W,0,-2.7604492,0.09194563329219818,1.0,0.9962970614433289
YDR236C,YJL035C,0,-2.7621238,0.09193725138902664,1.0,0.9963971376419067
YNL009W,YGR032W,0,-2.7760332,0.0919288620352745,1.0,0.9964972138404846
YLL001W,YBR230C,0,-2.7779205,0.09192048013210297,1.0,0.9965972900390625
YLL019C,YBL101C,0,-2.7913253,0.09191209822893143,1.0,0.9966973662376404
YDR456W,YLL048C,0,-2.7917595,0.09190371632575989,1.0,0.9967974424362183
YNL027W,YOR230W,0,-2.7929523,0.09189534187316895,1.0,0.9968975186347961
YHR183W,YMR212C,0,-2.798049,0.091886967420578,1.0,0.996997594833374
YKL038W,YLR197W,0,-2.7985957,0.09187858551740646,1.0,0.9970976710319519
YPL206C,YKL104C,0,-2.8092797,0.09187021851539612,1.0,0.9971977472305298
YJL052W,YDR421W,0,-2.8094318,0.09186184406280518,1.0,0.9972978234291077
YKL168C,YGL006W,0,-2.827559,0.09185346961021423,1.0,0.9973978996276855
YIL053W,YKL217W,0,-2.8454244,0.09184510260820389,1.0,0.9974979758262634
YLR174W,YJL026W,0,-2.8545902,0.09183673560619354,1.0,0.9975980520248413
YLR328W,YNL055C,0,-2.8648298,0.0918283686041832,1.0,0.997698187828064
YKL067W,YLL001W,0,-2.8836539,0.09182000160217285,1.0,0.9977982640266418
YPL224C,YNL048W,0,-2.9119422,0.0918116420507431,1.0,0.9978983402252197
YAL014C,YDR536W,0,-2.9165494,0.09180327504873276,1.0,0.9979984164237976
YNR002C,YGR262C,0,-2.9400027,0.09179491549730301,1.0,0.9980984926223755
YDR119W,YDR214W,0,-2.9535387,0.09178656339645386,1.0,0.9981985688209534
YLR432W,YKL038W,0,-2.9597821,0.09177820384502411,1.0,0.9982986450195312
YOR099W,YPR023C,0,-2.9776347,0.09176984429359436,1.0,0.9983987212181091
YBL030C,YKL124W,0,-2.9883454,0.09176149219274521,1.0,0.998498797416687
YMR002W,YOR099W,0,-3.0038946,0.09175314009189606,1.0,0.9985988736152649
YPL252C,YNR035C,0,-3.0408776,0.0917447879910469,1.0,0.9986989498138428
YHR096C,YGL237C,0,-3.0571666,0.09173644334077835,1.0,0.9987990260124207
YJL210W,YKL210W,0,-3.0969684,0.0917280912399292,1.0,0.9988991022109985
YBR046C,YGR234W,0,-3.1832118,0.09171974658966064,1.0,0.9989991784095764
YFL062W,YOR189W,0,-3.1833622,0.09171140193939209,1.0,0.9990992546081543
YGR032W,YKL168C,0,-3.1929862,0.09170305728912354,1.0,0.9991993308067322
YIL036W,YLL019C,0,-3.269079,0.09169471263885498,1.0,0.9992994666099548
YDR004W,YDL052C,0,-3.2731645,0.09168637543916702,1.0,0.9993995428085327
YGR010W,YLL019C,0,-3.3544745,0.09167803823947906,1.0,0.9994996190071106
YPR061C,YOR230W,0,-3.4114075,0.09166970103979111,1.0,0.9995996952056885
YGL115W,YPR043W,0,-3.4430473,0.09166136384010315,1.0,0.9996997714042664
YNL263C,YPL250C,0,-3.505884,0.09165302664041519,1.0,0.9997998476028442
YOR348C,YPL224C,0,-3.5820906,0.09164469689130783,1.0,0.9998999238014221
YAL014C,YBR234C,0,-3.680142,0.09163636714220047,1.0,1.0
