Gene A,Gene B,Label,Score,Precision,Recall,False Positive Rate
YLL002W,YBR081C,0,0.2050523,0.0,0.0,0.00024630542611703277
YMR078C,YPR141C,1,-0.32913572,0.5,0.002463054144755006,0.00024630542611703277
YHR166C,YPR141C,1,-0.34549862,0.6666666865348816,0.004926108289510012,0.00024630542611703277
YHR166C,YOR073W,1,-0.4106236,0.75,0.007389162667095661,0.00024630542611703277
YHR166C,YIL132C,1,-0.42790657,0.800000011920929,0.009852216579020023,0.00024630542611703277
YKL022C,YPR141C,1,-0.65542096,0.8333333134651184,0.012315270490944386,0.00024630542611703277
YMR078C,YFL008W,1,-0.70127827,0.8571428656578064,0.014778325334191322,0.00024630542611703277
YDR118W,YOR249C,1,-0.90339786,0.875,0.017241379246115685,0.00024630542611703277
YKL108W,YLR234W,0,-0.90745324,0.7777777910232544,0.017241379246115685,0.0004926108522340655
YOR249C,YIL144W,1,-1.0672036,0.800000011920929,0.019704433158040047,0.0004926108522340655
YNL262W,YLR183C,0,-1.1469307,0.7272727489471436,0.019704433158040047,0.0007389162783510983
YHR166C,YFL008W,1,-1.1941124,0.75,0.02216748706996441,0.0007389162783510983
YLR329W,YPL016W,0,-1.2539681,0.692307710647583,0.02216748706996441,0.000985221704468131
YNL292W,YOR195W,0,-1.331254,0.6428571343421936,0.02216748706996441,0.001231527072377503
YOR249C,YPR141C,1,-1.4737023,0.6666666865348816,0.02463054098188877,0.001231527072377503
YOR249C,YHR166C,1,-1.5051067,0.6875,0.027093596756458282,0.001231527072377503
YPL127C,YJL156C,0,-1.5059797,0.6470588445663452,0.027093596756458282,0.0014778325567021966
YDR118W,YOR073W,1,-1.5479251,0.6666666865348816,0.029556650668382645,0.0014778325567021966
YDL209C,YMR137C,0,-1.5557655,0.6315789222717285,0.029556650668382645,0.0017241379246115685
YIL132C,YMR078C,1,-1.5733206,0.6499999761581421,0.03201970458030701,0.0017241379246115685
YDR118W,YOR156C,1,-1.5857455,0.6666666865348816,0.03448275849223137,0.0017241379246115685
YDR118W,YPR141C,1,-1.5881523,0.6818181872367859,0.03694581240415573,0.0017241379246115685
YMR078C,YBR107C,1,-1.5882179,0.695652186870575,0.03940886631608009,0.0017241379246115685
YDR118W,YIL144W,1,-1.6062281,0.7083333134651184,0.041871920228004456,0.0017241379246115685
YPR141C,YDR439W,1,-1.6159745,0.7200000286102295,0.04433497413992882,0.0017241379246115685
YIL132C,YLR321C,1,-1.6183623,0.7307692170143127,0.04679802805185318,0.0017241379246115685
YFL008W,YIL144W,1,-1.6194034,0.7407407164573669,0.04926108196377754,0.0017241379246115685
YIL132C,YOR073W,1,-1.6279124,0.75,0.0517241396009922,0.0017241379246115685
YIL132C,YPR141C,1,-1.6563596,0.7586206793785095,0.054187193512916565,0.0017241379246115685
YIL132C,YHR014W,1,-1.6650282,0.7666666507720947,0.05665024742484093,0.0017241379246115685
YOL123W,YLR313C,0,-1.7232789,0.7419354915618896,0.05665024742484093,0.001970443408936262
YDR118W,YFL008W,1,-1.7766248,0.75,0.05911330133676529,0.001970443408936262
YGL240W,YPR141C,1,-1.7860554,0.7575757503509521,0.06157635524868965,0.001970443408936262
YIL132C,YJL019W,1,-1.8031509,0.7647058963775635,0.06403940916061401,0.001970443408936262
YIL132C,YFL008W,1,-1.8107069,0.7714285850524902,0.06650245934724808,0.001970443408936262
YHR166C,YDR180W,1,-1.8134956,0.7777777910232544,0.06896551698446274,0.001970443408936262
YGL086W,YDR159W,0,-1.8154322,0.7567567825317383,0.06896551698446274,0.002216748660430312
YDR147W,YOR372C,0,-1.925641,0.7368420958518982,0.06896551698446274,0.002463054144755006
YGL240W,YOR073W,1,-1.9600452,0.7435897588729858,0.0714285746216774,0.002463054144755006
YFR036W,YDR180W,1,-1.9610962,0.75,0.07389162480831146,0.002463054144755006
YBL063W,YLR234W,0,-1.9723393,0.7317073345184326,0.07389162480831146,0.0027093596290796995
YHR031C,YMR016C,0,-2.0148277,0.7142857313156128,0.07389162480831146,0.002955665113404393
YML011C,YPL007C,0,-2.1193886,0.6976743936538696,0.07389162480831146,0.0032019703648984432
YKL022C,YBR156C,1,-2.12121,0.7045454382896423,0.07635468244552612,0.0032019703648984432
YLR127C,YPR141C,1,-2.1402373,0.7111111283302307,0.07881773263216019,0.0032019703648984432
YIL132C,YDR180W,1,-2.1475525,0.717391312122345,0.08128079026937485,0.0032019703648984432
YPR141C,YIL144W,1,-2.148695,0.7234042286872864,0.08374384045600891,0.0032019703648984432
YJR043C,YHR154W,0,-2.148934,0.7083333134651184,0.08374384045600891,0.003448275849223137
YPR141C,YBR156C,1,-2.1914053,0.7142857313156128,0.08620689809322357,0.003448275849223137
YLR263W,YOR212W,0,-2.1944568,0.699999988079071,0.08620689809322357,0.0036945813335478306
YKL022C,YFL008W,1,-2.230442,0.7058823704719543,0.08866994827985764,0.0036945813335478306
YLR127C,YDR180W,1,-2.2577903,0.7115384340286255,0.0911330059170723,0.0036945813335478306
YDR118W,YDR180W,1,-2.2594264,0.7169811129570007,0.09359605610370636,0.0036945813335478306
YDR118W,YKL022C,1,-2.2629128,0.7222222089767456,0.09605911374092102,0.0036945813335478306
YMR078C,YOR073W,1,-2.2845817,0.7272727489471436,0.09852216392755508,0.0036945813335478306
YOR073W,YHR014W,1,-2.328062,0.7321428656578064,0.10098522156476974,0.0036945813335478306
YHR166C,YBR156C,1,-2.3412108,0.7368420958518982,0.1034482792019844,0.0036945813335478306
YHR166C,YGR275W,1,-2.3418272,0.7413793206214905,0.10591132938861847,0.0036945813335478306
YDR180W,YIL144W,1,-2.3427534,0.7457627058029175,0.10837438702583313,0.0036945813335478306
YHR166C,YBR087W,1,-2.3682077,0.75,0.1108374372124672,0.0036945813335478306
YCR093W,YNR031C,0,-2.4072201,0.7377049326896667,0.1108374372124672,0.003940886817872524
YOR308C,YOR212W,0,-2.4149475,0.725806474685669,0.1108374372124672,0.004187192302197218
YMR167W,YDR201W,0,-2.4402337,0.7142857313156128,0.1108374372124672,0.004433497320860624
YGL240W,YIL144W,1,-2.4446158,0.71875,0.11330049484968185,0.004433497320860624
YDR118W,YBR156C,1,-2.4701025,0.7230769395828247,0.11576354503631592,0.004433497320860624
YBR211C,YPR141C,1,-2.48413,0.7272727489471436,0.11822660267353058,0.004433497320860624
YOR025W,YBL063W,0,-2.4911294,0.7164179086685181,0.11822660267353058,0.004679802805185318
YOR174W,YLR067C,0,-2.496221,0.7058823704719543,0.11822660267353058,0.004926108289510012
YKR019C,YKL108W,0,-2.5123966,0.695652186870575,0.11822660267353058,0.005172413773834705
YDL209C,YOR005C,0,-2.5392818,0.6857143044471741,0.11822660267353058,0.005418719258159399
YER051W,YJL156C,0,-2.5467634,0.6760563254356384,0.11822660267353058,0.005665024742484093
YML010W,YPR036W,0,-2.553586,0.6666666865348816,0.11822660267353058,0.005911330226808786
YDR170C,YHL009C,0,-2.5829263,0.6575342416763306,0.11822660267353058,0.006157635245472193
YBR107C,YPR141C,1,-2.5901542,0.662162184715271,0.12068965286016464,0.006157635245472193
YMR078C,YDR439W,1,-2.596471,0.6666666865348816,0.1231527104973793,0.006157635245472193
YMR078C,YJL019W,1,-2.600989,0.6710526347160339,0.12561576068401337,0.006157635245472193
YGL240W,YFL037W,1,-2.636487,0.6753246784210205,0.12807881832122803,0.006157635245472193
YDL166C,YMR106C,0,-2.6392384,0.6666666865348816,0.12807881832122803,0.0064039407297968864
YPR111W,YER123W,0,-2.6434295,0.6582278609275818,0.12807881832122803,0.00665024621412158
YGL086W,YLL002W,0,-2.6619163,0.6499999761581421,0.12807881832122803,0.006896551698446274
YMR078C,YGR275W,1,-2.6640582,0.654321014881134,0.1305418759584427,0.006896551698446274
YDR499W,YOR212W,0,-2.6746168,0.6463414430618286,0.1305418759584427,0.0071428571827709675
YMR172W,YER051W,0,-2.6750438,0.6385542154312134,0.1305418759584427,0.007389162667095661
YGR089W,YGR275W,1,-2.689094,0.6428571343421936,0.13300491869449615,0.007389162667095661
YDL225W,YDR213W,0,-2.726563,0.6352941393852234,0.13300491869449615,0.007635468151420355
YDR118W,YHR166C,1,-2.7311926,0.6395348906517029,0.13546797633171082,0.007635468151420355
YMR283C,YDR320C,0,-2.7438245,0.6321839094161987,0.13546797633171082,0.007881773635745049
YER147C,YIL144W,1,-2.7513304,0.6363636255264282,0.13793103396892548,0.007881773635745049
YBL063W,YJL127C,0,-2.7588122,0.6292135119438171,0.13793103396892548,0.008128078654408455
YJR083C,YGR221C,0,-2.76436,0.6222222447395325,0.13793103396892548,0.008374384604394436
YJL019W,YDR180W,1,-2.7658954,0.6263736486434937,0.14039409160614014,0.008374384604394436
YNR031C,YPL029W,0,-2.7702057,0.6195651888847351,0.14039409160614014,0.008620689623057842
YJL194W,YPL132W,0,-2.781079,0.6129032373428345,0.14039409160614014,0.008866994641721249
YMR112C,YER111C,0,-2.7851152,0.6063829660415649,0.14039409160614014,0.00911330059170723
YHR031C,YOR290C,0,-2.8008285,0.6000000238418579,0.14039409160614014,0.009359605610370636
YML074C,YOR064C,0,-2.8067882,0.59375,0.14039409160614014,0.009605911560356617
YDR439W,YFL008W,1,-2.8136194,0.5979381203651428,0.1428571492433548,0.009605911560356617
YMR078C,YGR089W,1,-2.8161235,0.6020408272743225,0.14532019197940826,0.009605911560356617
YGR092W,YOR308C,0,-2.8242824,0.5959596037864685,0.14532019197940826,0.009852216579020023
YLR127C,YOR249C,1,-2.8263435,0.6000000238418579,0.14778324961662292,0.009852216579020023
YDR180W,YFL008W,1,-2.8354897,0.603960394859314,0.15024630725383759,0.009852216579020023
YLR131C,YMR214W,0,-2.8764334,0.5980392098426819,0.15024630725383759,0.010098522529006004
YDR153C,YLR183C,0,-2.8788812,0.5922330021858215,0.15024630725383759,0.01034482754766941
YDR052C,YDR147W,0,-2.8817773,0.5865384340286255,0.15024630725383759,0.010591132566332817
YOR308C,YDR362C,0,-2.9022658,0.5809524059295654,0.15024630725383759,0.010837438516318798
YFL024C,YNL218W,0,-2.9060645,0.5754716992378235,0.15024630725383759,0.011083743534982204
YPR034W,YOR064C,0,-2.9159894,0.5700934529304504,0.15024630725383759,0.011330049484968185
YJL146W,YBL052C,0,-2.917864,0.5648148059844971,0.15024630725383759,0.011576354503631592
YLR368W,YOR195W,0,-2.9294171,0.5596330165863037,0.15024630725383759,0.011822660453617573
YLR127C,YIL144W,1,-2.9488993,0.5636363625526428,0.15270936489105225,0.011822660453617573
YPL227C,YNL225C,0,-2.9560964,0.5585585832595825,0.15270936489105225,0.01206896547228098
YIL140W,YMR052W,0,-2.9579961,0.5535714030265808,0.15270936489105225,0.012315270490944386
YNL262W,YFR003C,0,-2.9635408,0.5486725568771362,0.15270936489105225,0.012561576440930367
YBR087W,YHR014W,1,-2.968356,0.5526315569877625,0.1551724076271057,0.012561576440930367
YLR127C,YHR166C,1,-2.9721637,0.5565217137336731,0.15763546526432037,0.012561576440930367
YKL022C,YOR073W,1,-2.9828591,0.5603448152542114,0.16009852290153503,0.012561576440930367
YLR141W,YPL007C,0,-2.9860616,0.5555555820465088,0.16009852290153503,0.012807881459593773
YCR092C,YML005W,0,-2.996102,0.5508474707603455,0.16009852290153503,0.013054187409579754
YOR381W,YJR153W,0,-2.996357,0.5462185144424438,0.16009852290153503,0.01330049242824316
YOR249C,YMR078C,1,-3.0195928,0.550000011920929,0.1625615805387497,0.01330049242824316
YKL108W,YNR031C,0,-3.025166,0.5454545617103577,0.1625615805387497,0.013546798378229141
YBR098W,YOR290C,0,-3.0276093,0.5409836173057556,0.1625615805387497,0.013793103396892548
YLR127C,YFL008W,1,-3.0307908,0.5447154641151428,0.16502462327480316,0.013793103396892548
YHR166C,YIL144W,1,-3.0364017,0.5483871102333069,0.16748768091201782,0.013793103396892548
YDR118W,YIL132C,1,-3.04718,0.5519999861717224,0.16995073854923248,0.013793103396892548
YGL240W,YBR156C,1,-3.0527816,0.5555555820465088,0.17241379618644714,0.013793103396892548
YDL197C,YLR361C,0,-3.0553088,0.5511810779571533,0.17241379618644714,0.014039408415555954
YGR040W,YKR029C,0,-3.0635765,0.546875,0.17241379618644714,0.014285714365541935
YBR211C,YBR156C,1,-3.0636456,0.5503876209259033,0.1748768538236618,0.014285714365541935
YKL022C,YDR180W,1,-3.0815203,0.5538461804389954,0.17733989655971527,0.014285714365541935
YOR249C,YDR180W,1,-3.1020193,0.5572519302368164,0.17980295419692993,0.014285714365541935
YOR156C,YFL037W,1,-3.1143758,0.560606062412262,0.1822660118341446,0.014285714365541935
YPR034W,YMR106C,0,-3.11601,0.5563910007476807,0.1822660118341446,0.014532019384205341
YER172C,YDR052C,0,-3.126388,0.5522388219833374,0.1822660118341446,0.014778325334191322
YIL132C,YGL240W,1,-3.1264057,0.5555555820465088,0.18472906947135925,0.014778325334191322
YDR439W,YER147C,1,-3.1351619,0.5588235259056091,0.18719211220741272,0.014778325334191322
YGL240W,YJL019W,1,-3.136452,0.5620437860488892,0.18965516984462738,0.014778325334191322
YLR127C,YOR073W,1,-3.1548147,0.5652173757553101,0.19211822748184204,0.014778325334191322
YBR107C,YFL008W,1,-3.1593313,0.568345308303833,0.1945812851190567,0.014778325334191322
YGL019W,YDR057W,0,-3.1617255,0.5642856955528259,0.1945812851190567,0.015024630352854729
YER032W,YMR061W,0,-3.1660948,0.5602836608886719,0.1945812851190567,0.01527093630284071
YEL019C,YMR106C,0,-3.1661704,0.5563380122184753,0.1945812851190567,0.015517241321504116
YOR025W,YLR263W,0,-3.1739244,0.5524475574493408,0.1945812851190567,0.015763547271490097
YDR439W,YDR180W,1,-3.1776752,0.5555555820465088,0.19704432785511017,0.015763547271490097
YOL133W,YOR372C,0,-3.1844273,0.5517241358757019,0.19704432785511017,0.016009852290153503
YOR249C,YOR073W,1,-3.1935868,0.5547945499420166,0.19950738549232483,0.016009852290153503
YDR118W,YFL037W,1,-3.2152145,0.557823121547699,0.2019704431295395,0.016009852290153503
YNL223W,YOR308C,0,-3.2154222,0.5540540814399719,0.2019704431295395,0.01625615730881691
YDL102W,YDR017C,0,-3.2250214,0.5503355860710144,0.2019704431295395,0.016502462327480316
YDR363W,YGR040W,0,-3.2269907,0.54666668176651,0.2019704431295395,0.016748769208788872
YMR078C,YLR321C,1,-3.2307405,0.5496688485145569,0.20443350076675415,0.016748769208788872
YIL132C,YIL144W,1,-3.2389843,0.5526315569877625,0.2068965584039688,0.016748769208788872
YGR075C,YGR172C,0,-3.2491279,0.5490196347236633,0.2068965584039688,0.016995074227452278
YOL044W,YKL108W,0,-3.249258,0.5454545617103577,0.2068965584039688,0.017241379246115685
YJL106W,YML032C,0,-3.2622056,0.5419355034828186,0.2068965584039688,0.01748768426477909
YMR078C,YIL144W,1,-3.2655525,0.5448718070983887,0.20935960114002228,0.01748768426477909
YMR232W,YML104C,0,-3.2691352,0.5414012670516968,0.20935960114002228,0.017733989283442497
YPL047W,YNL311C,0,-3.2802355,0.5379746556282043,0.20935960114002228,0.017980296164751053
YHR031C,YPL029W,0,-3.280973,0.5345911979675293,0.20935960114002228,0.01822660118341446
YCR094W,YIL073C,0,-3.2817824,0.53125,0.20935960114002228,0.018472906202077866
YML104C,YEL062W,0,-3.2879372,0.5279502868652344,0.20935960114002228,0.018719211220741272
YKL022C,YIL132C,1,-3.2937026,0.5308641791343689,0.21182265877723694,0.018719211220741272
YDL102W,YKR050W,0,-3.2948112,0.5276073813438416,0.21182265877723694,0.018965518102049828
YLR039C,YDR201W,0,-3.3052835,0.5243902206420898,0.21182265877723694,0.019211823120713234
YPR134W,YOR195W,0,-3.3080127,0.521212100982666,0.21182265877723694,0.01945812813937664
YNL020C,YOR308C,0,-3.318932,0.5180723071098328,0.21182265877723694,0.019704433158040047
YLR321C,YFL008W,1,-3.3227053,0.5209580659866333,0.2142857164144516,0.019704433158040047
YOL021C,YML061C,0,-3.3282354,0.5178571343421936,0.2142857164144516,0.019950738176703453
YPR141C,YOR156C,1,-3.3327746,0.5207100510597229,0.21674877405166626,0.019950738176703453
YFL033C,YMR106C,0,-3.3345323,0.5176470875740051,0.21674877405166626,0.02019704505801201
YPL059W,YJL145W,0,-3.3446279,0.5146198868751526,0.21674877405166626,0.020443350076675415
YGR275W,YOR073W,1,-3.3464077,0.5174418687820435,0.21921181678771973,0.020443350076675415
YBR211C,YFL008W,1,-3.3602695,0.5202311873435974,0.2216748744249344,0.020443350076675415
YDR180W,YOR073W,1,-3.3641944,0.522988498210907,0.22413793206214905,0.020443350076675415
YDR490C,YHL022C,0,-3.3672757,0.5199999809265137,0.22413793206214905,0.02068965509533882
YIL132C,YBR156C,1,-3.390761,0.5227272510528564,0.2266009896993637,0.02068965509533882
YDR363W,YLR039C,0,-3.4078698,0.5197740197181702,0.2266009896993637,0.020935960114002228
YDR118W,YMR078C,1,-3.412572,0.5224719047546387,0.22906403243541718,0.020935960114002228
YNL262W,YJR102C,0,-3.4152446,0.5195530652999878,0.22906403243541718,0.021182265132665634
YIL149C,YLR183C,0,-3.4153795,0.5166666507720947,0.22906403243541718,0.02142857201397419
YBR274W,YOR368W,0,-3.416948,0.5138121843338013,0.22906403243541718,0.021674877032637596
YBL080C,YNL025C,0,-3.4172652,0.5109890103340149,0.22906403243541718,0.021921182051301003
YKL134C,YKR020W,0,-3.4175878,0.5081967115402222,0.22906403243541718,0.02216748706996441
YER183C,YKL134C,0,-3.4182549,0.5054348111152649,0.22906403243541718,0.022413793951272964
YPR141C,YFL008W,1,-3.4270754,0.5081080794334412,0.23152709007263184,0.022413793951272964
YBR274W,YOR172W,0,-3.4396517,0.5053763389587402,0.23152709007263184,0.02266009896993637
YER051W,YLR045C,0,-3.4415925,0.5026738047599792,0.23152709007263184,0.022906403988599777
YOR249C,YOR156C,1,-3.4421134,0.5053191781044006,0.2339901477098465,0.022906403988599777
YHR166C,YLR321C,1,-3.4443898,0.5079365372657776,0.23645320534706116,0.022906403988599777
YGR120C,YIR004W,0,-3.4452882,0.5052631497383118,0.23645320534706116,0.023152709007263184
YLR316C,YMR106C,0,-3.452385,0.5026177763938904,0.23645320534706116,0.02339901402592659
YJL145W,YDL120W,0,-3.4548068,0.5,0.23645320534706116,0.023645320907235146
YLR384C,YNL262W,0,-3.4577374,0.49740931391716003,0.23645320534706116,0.023891625925898552
YDL108W,YDR183W,0,-3.4625027,0.49484536051750183,0.23645320534706116,0.02413793094456196
YDR118W,YHR014W,1,-3.465456,0.49743589758872986,0.23891626298427582,0.02413793094456196
YMR052W,YPR121W,0,-3.46575,0.4948979616165161,0.23891626298427582,0.024384235963225365
YDR118W,YGR089W,1,-3.471081,0.4974619150161743,0.24137930572032928,0.024384235963225365
YJL058C,YML036W,0,-3.4725966,0.49494948983192444,0.24137930572032928,0.02463054098188877
YOR073W,YIL144W,1,-3.4831138,0.4974874258041382,0.24384236335754395,0.02463054098188877
YJL019W,YLR321C,1,-3.4878137,0.5,0.2463054209947586,0.02463054098188877
YGL240W,YOR156C,1,-3.498577,0.5024875402450562,0.24876847863197327,0.02463054098188877
YMR078C,YDR180W,1,-3.5034149,0.5049505233764648,0.25123152136802673,0.02463054098188877
YGR089W,YIL144W,1,-3.504774,0.5073891878128052,0.2536945939064026,0.02463054098188877
YML104C,YOR290C,0,-3.5078545,0.5049019455909729,0.2536945939064026,0.024876847863197327
YOR249C,YBR156C,1,-3.5147743,0.507317066192627,0.25615763664245605,0.024876847863197327
YIL132C,YGR089W,1,-3.5247931,0.5097087621688843,0.2586206793785095,0.024876847863197327
YBR170C,YHR031C,0,-3.5253234,0.5072463750839233,0.2586206793785095,0.025123152881860733
YCR088W,YNL218W,0,-3.5292182,0.504807710647583,0.2586206793785095,0.02536945790052414
YPR141C,YGR275W,1,-3.5361156,0.5071770548820496,0.2610837519168854,0.02536945790052414
YMR164C,YDR057W,0,-3.538042,0.5047619342803955,0.2610837519168854,0.025615762919187546
YNL020C,YIL009C-A,0,-3.54383,0.5023696422576904,0.2610837519168854,0.0258620698004961
YNL020C,YDR434W,0,-3.548592,0.5,0.2610837519168854,0.026108374819159508
YOR249C,YIL132C,1,-3.5494647,0.5023474097251892,0.26354679465293884,0.026108374819159508
YJL168C,YKR029C,0,-3.5517302,0.5,0.26354679465293884,0.026354679837822914
YHR067W,YJL063C,0,-3.553499,0.4976744055747986,0.26354679465293884,0.02660098485648632
YDR183W,YLR119W,0,-3.5557806,0.49537035822868347,0.26354679465293884,0.026847289875149727
YJL019W,YOR073W,1,-3.5614934,0.4976958632469177,0.2660098373889923,0.026847289875149727
YGR275W,YBR156C,1,-3.5635295,0.5,0.26847290992736816,0.026847289875149727
YOR249C,YGR089W,1,-3.5638707,0.5022830963134766,0.27093595266342163,0.026847289875149727
YJR083C,YLR234W,0,-3.5639203,0.5,0.27093595266342163,0.027093596756458282
YPL127C,YMR283C,0,-3.5711057,0.4977375566959381,0.27093595266342163,0.02733990177512169
YBR135W,YBR030W,0,-3.5732224,0.4954954981803894,0.27093595266342163,0.027586206793785095
YLR127C,YIL132C,1,-3.574555,0.49775785207748413,0.2733990252017975,0.027586206793785095
YGR089W,YFL008W,1,-3.591355,0.5,0.27586206793785095,0.027586206793785095
YCR088W,YDR153C,0,-3.591599,0.4977777898311615,0.27586206793785095,0.0278325118124485
YBR107C,YOR073W,1,-3.5952265,0.5,0.2783251106739044,0.0278325118124485
YLR363C,YHL022C,0,-3.600115,0.4977973699569702,0.2783251106739044,0.028078816831111908
YBR136W,YBR030W,0,-3.600755,0.49561402201652527,0.2783251106739044,0.028325123712420464
YMR078C,YFL037W,1,-3.6019263,0.4978165924549103,0.2807881832122803,0.028325123712420464
YGL240W,YHR014W,1,-3.610467,0.5,0.28325122594833374,0.028325123712420464
YDR303C,YLR234W,0,-3.6120715,0.4978354871273041,0.28325122594833374,0.02857142873108387
YPR029C,YEL019C,0,-3.619265,0.49568966031074524,0.28325122594833374,0.028817733749747276
YJR021C,YDL033C,0,-3.6215878,0.4935622215270996,0.28325122594833374,0.029064038768410683
YML036W,YOR362C,0,-3.624258,0.49145299196243286,0.28325122594833374,0.02931034564971924
YPR141C,YER147C,1,-3.624258,0.4936170279979706,0.2857142984867096,0.02931034564971924
YDR118W,YFR036W,1,-3.6243486,0.4957627058029175,0.28817734122276306,0.02931034564971924
YNL116W,YNL025C,0,-3.6281571,0.49367088079452515,0.28817734122276306,0.029556650668382645
YJR082C,YER108C,0,-3.6290019,0.49159663915634155,0.28817734122276306,0.02980295568704605
YMR106C,YER031C,0,-3.6340728,0.4895397424697876,0.28817734122276306,0.030049260705709457
YBR057C,YLR316C,0,-3.6341724,0.48750001192092896,0.28817734122276306,0.030295565724372864
YML012W,YLR067C,0,-3.6366553,0.48547717928886414,0.28817734122276306,0.03054187260568142
YLR117C,YOL100W,0,-3.6457968,0.4834710657596588,0.28817734122276306,0.030788177624344826
YPR141C,YJL019W,1,-3.658167,0.4855967164039612,0.29064038395881653,0.030788177624344826
YBR087W,YFL008W,1,-3.6585011,0.48770493268966675,0.2931034564971924,0.030788177624344826
YKR027W,YLR141W,0,-3.6609902,0.48571428656578064,0.2931034564971924,0.031034482643008232
YOR195W,YNR031C,0,-3.6670334,0.48373982310295105,0.2931034564971924,0.03128078952431679
YHR166C,YMR078C,1,-3.6678462,0.4858299493789673,0.29556649923324585,0.03128078952431679
YER155C,YGL163C,0,-3.6692343,0.4838709533214569,0.29556649923324585,0.031527094542980194
YNL275W,YBR193C,0,-3.6720812,0.4819277226924896,0.29556649923324585,0.0317733995616436
YMR078C,YGL240W,1,-3.683546,0.48399999737739563,0.2980295419692993,0.0317733995616436
YJR021C,YHL009C,0,-3.6881366,0.48207172751426697,0.2980295419692993,0.03201970458030701
YDR439W,YOR073W,1,-3.6986895,0.4841269850730896,0.30049261450767517,0.03201970458030701
YOR156C,YIL144W,1,-3.698837,0.48616600036621094,0.30295565724372864,0.03201970458030701
YNL020C,YDR424C,0,-3.7076862,0.4842519760131836,0.30295565724372864,0.03226600959897041
YNR049C,YLR313C,0,-3.7099617,0.48235294222831726,0.30295565724372864,0.03251231461763382
YMR264W,YIL073C,0,-3.7112439,0.48046875,0.30295565724372864,0.032758619636297226
YLR127C,YGR089W,1,-3.7177558,0.48249027132987976,0.3054187297821045,0.032758619636297226
YDR439W,YBR156C,1,-3.7208939,0.4844961166381836,0.30788177251815796,0.032758619636297226
YOR249C,YGR275W,1,-3.7218978,0.4864864945411682,0.3103448152542114,0.032758619636297226
YJL019W,YBR087W,1,-3.7220583,0.48846152424812317,0.3128078877925873,0.032758619636297226
YJL019W,YFL008W,1,-3.7283933,0.49042144417762756,0.31527093052864075,0.032758619636297226
YMR078C,YOR156C,1,-3.730558,0.49236640334129333,0.3177340030670166,0.032758619636297226
YPR141C,YDR180W,1,-3.7328286,0.4942965805530548,0.32019704580307007,0.032758619636297226
YLR321C,YOR073W,1,-3.7381186,0.4962121248245239,0.32266008853912354,0.032758619636297226
YMR112C,YDR170C,0,-3.7387984,0.49433961510658264,0.32266008853912354,0.03300492465496063
YPR141C,YBR087W,1,-3.7419608,0.49624061584472656,0.3251231610774994,0.03300492465496063
YBR112C,YOL023W,0,-3.7483773,0.49438202381134033,0.3251231610774994,0.03325122967362404
YNL053W,YOR308C,0,-3.750872,0.49253731966018677,0.3251231610774994,0.033497538417577744
YGR275W,YHR014W,1,-3.7532015,0.4944238066673279,0.32758620381355286,0.033497538417577744
YBR211C,YHR166C,1,-3.757612,0.4962962865829468,0.3300492465496063,0.033497538417577744
YOL117W,YDR103W,0,-3.7580204,0.4944649338722229,0.3300492465496063,0.03374384343624115
YBR107C,YLR321C,1,-3.7606878,0.49632352590560913,0.3325123190879822,0.03374384343624115
YBR107C,YDR180W,1,-3.7621636,0.4981684982776642,0.33497536182403564,0.03374384343624115
YPR141C,YJL080C,1,-3.7625163,0.5,0.3374384343624115,0.03374384343624115
YML104C,YJL104W,0,-3.7650833,0.4981818199157715,0.3374384343624115,0.033990148454904556
YLR361C,YBR081C,0,-3.7653775,0.49637681245803833,0.3374384343624115,0.03423645347356796
YPL076W,YOL100W,0,-3.7664156,0.4945848286151886,0.3374384343624115,0.03448275849223137
YDR118W,YLR321C,1,-3.7694397,0.49640288949012756,0.33990147709846497,0.03448275849223137
YDL102W,YIL110W,0,-3.7701273,0.49462366104125977,0.33990147709846497,0.034729063510894775
YDR439W,YJL019W,1,-3.771341,0.49642857909202576,0.34236451983451843,0.034729063510894775
YJR125C,YPR068C,0,-3.7788105,0.49466192722320557,0.34236451983451843,0.03497536852955818
YPR037C,YOL031C,0,-3.7830513,0.4929077923297882,0.34236451983451843,0.03522167354822159
YOR025W,YIL008W,0,-3.785235,0.4911660850048065,0.34236451983451843,0.035467978566884995
YBR211C,YIL144W,1,-3.7860699,0.49295774102211,0.3448275923728943,0.035467978566884995
YDR376W,YHR108W,0,-3.7894447,0.4912280738353729,0.3448275923728943,0.0357142873108387
YFL008W,YFL037W,1,-3.79528,0.49300700426101685,0.34729063510894775,0.0357142873108387
YGL240W,YLR321C,1,-3.7983582,0.4947735071182251,0.3497537076473236,0.0357142873108387
YIL132C,YDR439W,1,-3.805519,0.4965277910232544,0.3522167503833771,0.0357142873108387
YIL132C,YBR087W,1,-3.8095741,0.4982698857784271,0.35467979311943054,0.0357142873108387
YDR180W,YFL037W,1,-3.810439,0.5,0.3571428656578064,0.0357142873108387
YLR313C,YDL120W,0,-3.8131213,0.4982817769050598,0.3571428656578064,0.035960592329502106
YER125W,YLR403W,0,-3.8162055,0.49657535552978516,0.3571428656578064,0.03620689734816551
YJL194W,YCL069W,0,-3.8272557,0.4948805570602417,0.3571428656578064,0.03645320236682892
YEL056W,YBL008W,0,-3.8283863,0.4931972920894623,0.3571428656578064,0.036699507385492325
YDR252W,YLR013W,0,-3.831262,0.49152541160583496,0.3571428656578064,0.03694581240415573
YKL022C,YGL240W,1,-3.83791,0.4932432472705841,0.35960590839385986,0.03694581240415573
YLR286C,YKR095W-A,0,-3.8405905,0.4915824830532074,0.35960590839385986,0.03719211742281914
YPL151C,YMR183C,0,-3.855019,0.4899328947067261,0.35960590839385986,0.037438422441482544
YJL019W,YFL037W,1,-3.8571637,0.49163880944252014,0.36206895112991333,0.037438422441482544
YLR361C,YNL262W,0,-3.862639,0.49000000953674316,0.36206895112991333,0.03768472746014595
YNL288W,YLR329W,0,-3.8640285,0.4883720874786377,0.36206895112991333,0.037931036204099655
YIL007C,YBL052C,0,-3.8681748,0.4867549538612366,0.36206895112991333,0.03817734122276306
YFL008W,YHR014W,1,-3.8710423,0.4884488582611084,0.3645320236682892,0.03817734122276306
YHR166C,YGR089W,1,-3.8783348,0.49013158679008484,0.36699506640434265,0.03817734122276306
YLR015W,YER104W,0,-3.878689,0.48852458596229553,0.36699506640434265,0.03842364624142647
YDL164C,YDR167W,0,-3.8796554,0.4869281053543091,0.36699506640434265,0.038669951260089874
YPL051W,YOR319W,0,-3.880866,0.48534202575683594,0.36699506640434265,0.03891625627875328
YNL227C,YMR106C,0,-3.8816876,0.48376622796058655,0.36699506640434265,0.03916256129741669
YJL019W,YJL080C,1,-3.8822727,0.48543688654899597,0.3694581389427185,0.03916256129741669
YML011C,YGR152C,0,-3.8873434,0.4838709533214569,0.3694581389427185,0.03940886631608009
YDR180W,YER147C,1,-3.891723,0.4855305552482605,0.371921181678772,0.03940886631608009
YIR004W,YPL029W,0,-3.899348,0.4839743673801422,0.371921181678772,0.0396551713347435
YCR093W,YOR320C,0,-3.908272,0.48242810368537903,0.371921181678772,0.039901476353406906
YGR134W,YNL292W,0,-3.9139938,0.48089173436164856,0.371921181678772,0.04014778509736061
YJL196C,YKL138C-A,0,-3.9142842,0.4793650805950165,0.371921181678772,0.04039409011602402
YDR499W,YPL010W,0,-3.9213152,0.4778481125831604,0.371921181678772,0.040640395134687424
YLR013W,YJR094C,0,-3.9249077,0.4763406813144684,0.371921181678772,0.04088670015335083
YMR137C,YCR073C,0,-3.9286287,0.47484275698661804,0.371921181678772,0.041133005172014236
YKL011C,YMR137C,0,-3.9324446,0.4733542203903198,0.371921181678772,0.04137931019067764
YGR089W,YOR073W,1,-3.9342327,0.4749999940395355,0.37438422441482544,0.04137931019067764
YBR164C,YBL008W,0,-3.936057,0.4735202491283417,0.37438422441482544,0.04162561520934105
YDL108W,YCL069W,0,-3.9375646,0.47204968333244324,0.37438422441482544,0.041871920228004456
YHR166C,YFL037W,1,-3.939805,0.4736842215061188,0.3768472969532013,0.041871920228004456
YOR156C,YBR156C,1,-3.9434547,0.4753086566925049,0.37931033968925476,0.041871920228004456
YOR249C,YFL008W,1,-3.944211,0.4769230782985687,0.3817734122276306,0.041871920228004456
YGR275W,YFL037W,1,-3.9450681,0.47852760553359985,0.3842364549636841,0.041871920228004456
YOR362C,YHR154W,0,-3.9455655,0.47706422209739685,0.3842364549636841,0.04211822524666786
YPR171W,YLR005W,0,-3.9476514,0.47560974955558777,0.3842364549636841,0.04236453026533127
YNL020C,YJL087C,0,-3.9485736,0.47416412830352783,0.3842364549636841,0.04261083900928497
YGR089W,YLR321C,1,-3.9504552,0.47575756907463074,0.38669949769973755,0.04261083900928497
YDL087C,YOR147W,0,-3.9545798,0.4743202328681946,0.38669949769973755,0.04285714402794838
YJR091C,YNL262W,0,-3.957543,0.47289156913757324,0.38669949769973755,0.043103449046611786
YDR490C,YMR137C,0,-3.961056,0.4714714586734772,0.38669949769973755,0.04334975406527519
YGR231C,YCL075W,0,-3.9613092,0.470059871673584,0.38669949769973755,0.0435960590839386
YGL240W,YBR087W,1,-3.966412,0.47164177894592285,0.3891625702381134,0.0435960590839386
YJL112W,YOR308C,0,-3.9678504,0.4702380895614624,0.3891625702381134,0.043842364102602005
YJR022W,YMR037C,0,-3.9760528,0.4688427448272705,0.3891625702381134,0.04408866912126541
YOR308C,YPR139C,0,-3.9760804,0.4674556255340576,0.3891625702381134,0.04433497413992882
YDL216C,YHR163W,0,-3.980194,0.46607670187950134,0.3891625702381134,0.044581279158592224
YHR067W,YNL106C,0,-3.9833264,0.4647058844566345,0.3891625702381134,0.04482758790254593
YMR232W,YGL086W,0,-3.983667,0.4633431136608124,0.3891625702381134,0.045073892921209335
YGR261C,YOR290C,0,-3.9865174,0.46198830008506775,0.3891625702381134,0.04532019793987274
YOR193W,YDR489W,0,-3.9868927,0.46064141392707825,0.3891625702381134,0.04556650295853615
YMR283C,YPL047W,0,-3.9879441,0.4593023359775543,0.3891625702381134,0.045812807977199554
YBL008W,YDL087C,0,-3.9906235,0.4579710066318512,0.3891625702381134,0.04605911299586296
YDR439W,YFL037W,1,-3.9925137,0.4595375657081604,0.39162561297416687,0.04605911299586296
YIL132C,YOR156C,1,-3.9970012,0.46109509468078613,0.39408865571022034,0.04605911299586296
YHR001W,YMR106C,0,-3.998417,0.4597701132297516,0.39408865571022034,0.04630541801452637
YGL240W,YDR439W,1,-4.003778,0.4613180458545685,0.3965517282485962,0.04630541801452637
YLL006W,YLR141W,0,-4.005557,0.46000000834465027,0.3965517282485962,0.046551723033189774
YML032C,YBR077C,0,-4.0087404,0.45868945121765137,0.3965517282485962,0.04679802805185318
YER007W,YOL091W,0,-4.0110197,0.4573863744735718,0.3965517282485962,0.047044336795806885
YJL106W,YNL106C,0,-4.0122395,0.45609065890312195,0.3965517282485962,0.04729064181447029
YLR067C,YPR042C,0,-4.0131226,0.4548022747039795,0.3965517282485962,0.0475369468331337
YNL216W,YHL009C,0,-4.0145245,0.45352113246917725,0.3965517282485962,0.047783251851797104
YDR439W,YIL144W,1,-4.024653,0.45505619049072266,0.39901477098464966,0.047783251851797104
YJL090C,YDR081C,0,-4.025801,0.45378151535987854,0.39901477098464966,0.04802955687046051
YBR211C,YIL132C,1,-4.032883,0.455307275056839,0.4014778435230255,0.04802955687046051
YAL021C,YDL160C,0,-4.0338387,0.4540390074253082,0.4014778435230255,0.04827586188912392
YML105C,YHR084W,0,-4.034262,0.45277777314186096,0.4014778435230255,0.04852216690778732
YIL139C,YKR029C,0,-4.0349126,0.4515235424041748,0.4014778435230255,0.04876847192645073
YMR283C,YER116C,0,-4.0349627,0.450276255607605,0.4014778435230255,0.049014776945114136
YBR133C,YPL152W,0,-4.0376368,0.4490358233451843,0.4014778435230255,0.04926108196377754
YJR083C,YMR137C,0,-4.0395155,0.44780218601226807,0.4014778435230255,0.04950739070773125
YLR248W,YBR080C,0,-4.0449505,0.4465753436088562,0.4014778435230255,0.04975369572639465
YCR094W,YER123W,0,-4.04776,0.4453551769256592,0.4014778435230255,0.05000000074505806
YOR156C,YGR275W,1,-4.0478315,0.4468664824962616,0.403940886259079,0.05000000074505806
YER147C,YFL008W,1,-4.051139,0.448369562625885,0.40640392899513245,0.05000000074505806
YPR034W,YOR018W,0,-4.0555186,0.4471544623374939,0.40640392899513245,0.050246305763721466
YFR036W,YBR156C,1,-4.057031,0.4486486613750458,0.4088670015335083,0.050246305763721466
YKL138C-A,YER169W,0,-4.0576906,0.4474393427371979,0.4088670015335083,0.05049261078238487
YJR091C,YDL087C,0,-4.0665793,0.4462365508079529,0.4088670015335083,0.05073891580104828
YHR166C,YOR156C,1,-4.0672626,0.4477211833000183,0.41133004426956177,0.05073891580104828
YHR077C,YDR103W,0,-4.0722136,0.446524053812027,0.41133004426956177,0.050985220819711685
YPR141C,YOR073W,1,-4.0742126,0.4480000138282776,0.4137931168079376,0.050985220819711685
YBR087W,YGR275W,1,-4.075246,0.44946807622909546,0.4162561595439911,0.050985220819711685
YGL240W,YER147C,1,-4.0843616,0.45092839002609253,0.41871920228004456,0.050985220819711685
YBL063W,YER104W,0,-4.0876274,0.44973546266555786,0.41871920228004456,0.05123152583837509
YIL132C,YGR275W,1,-4.1020794,0.4511873424053192,0.4211822748184204,0.05123152583837509
YFL057C,YLR141W,0,-4.1029043,0.44999998807907104,0.4211822748184204,0.0514778308570385
YLR368W,YMR137C,0,-4.104355,0.4488188922405243,0.4211822748184204,0.0517241396009922
YGL240W,YFL008W,1,-4.104593,0.45026177167892456,0.4236453175544739,0.0517241396009922
YMR112C,YAR002W,0,-4.106558,0.44908615946769714,0.4236453175544739,0.05197044461965561
YML036W,YPR121W,0,-4.1081347,0.4479166567325592,0.4236453175544739,0.052216749638319016
YLR131C,YDL120W,0,-4.1093698,0.44675323367118835,0.4236453175544739,0.05246305465698242
YHR183W,YGR221C,0,-4.1124535,0.4455958604812622,0.4236453175544739,0.05270935967564583
YIL132C,YER147C,1,-4.1192102,0.44702842831611633,0.42610836029052734,0.05270935967564583
YER183C,YLR234W,0,-4.1196046,0.4458763003349304,0.42610836029052734,0.052955664694309235
YDR424C,YLR384C,0,-4.120251,0.44473007321357727,0.42610836029052734,0.05320196971297264
YGL206C,YDR363W,0,-4.1241117,0.4435897469520569,0.42610836029052734,0.05344827473163605
YGR275W,YDR180W,1,-4.1266007,0.44501277804374695,0.4285714328289032,0.05344827473163605
YKL138C-A,YCR020C-A,0,-4.1273704,0.44387754797935486,0.4285714328289032,0.053694579750299454
YMR078C,YBR087W,1,-4.128172,0.4452926218509674,0.43103447556495667,0.053694579750299454
YCL069W,YBR030W,0,-4.1316695,0.44416242837905884,0.43103447556495667,0.05394088849425316
YBR211C,YDR180W,1,-4.1326046,0.44556963443756104,0.4334975481033325,0.05394088849425316
YBR136W,YDR057W,0,-4.133225,0.4444444477558136,0.4334975481033325,0.054187193512916565
YBR038W,YPL241C,0,-4.1368303,0.4433249235153198,0.4334975481033325,0.05443349853157997
YBR107C,YDR439W,1,-4.140908,0.44472360610961914,0.435960590839386,0.05443349853157997
YGR040W,YFL060C,0,-4.1437645,0.4436090290546417,0.435960590839386,0.05467980355024338
YDR263C,YOR226C,0,-4.1470337,0.4424999952316284,0.435960590839386,0.054926108568906784
YIL140W,YOR388C,0,-4.1534157,0.4413965046405792,0.435960590839386,0.05517241358757019
YML061C,YHR048W,0,-4.1602826,0.44029849767684937,0.435960590839386,0.0554187186062336
YGL210W-A,YOR149C,0,-4.162541,0.43920594453811646,0.435960590839386,0.055665023624897
YBR211C,YOR073W,1,-4.165933,0.44059404730796814,0.43842363357543945,0.055665023624897
YGR275W,YER147C,1,-4.170868,0.44197529554367065,0.4408867061138153,0.055665023624897
YLR319C,YKR095W-A,0,-4.175972,0.4408867061138153,0.4408867061138153,0.05591132864356041
YGR089W,YDR180W,1,-4.178695,0.4422604441642761,0.4433497488498688,0.05591132864356041
YIL072W,YDL225W,0,-4.17964,0.44117647409439087,0.4433497488498688,0.056157633662223816
YDR118W,YDR439W,1,-4.1801305,0.44254279136657715,0.44581282138824463,0.056157633662223816
YJR083C,YPR049C,0,-4.180637,0.4414634108543396,0.44581282138824463,0.05640394240617752
YOL023W,YIL007C,0,-4.1925316,0.4403893053531647,0.44581282138824463,0.05665024742484093
YNL199C,YGL232W,0,-4.1942058,0.4393203854560852,0.44581282138824463,0.056896552443504333
YOR257W,YHR084W,0,-4.199222,0.4382566511631012,0.44581282138824463,0.05714285746216774
YER007W,YML061C,0,-4.2004046,0.43719807267189026,0.44581282138824463,0.057389162480831146
YPL268W,YDR362C,0,-4.202447,0.4361445903778076,0.44581282138824463,0.05763546749949455
YBR164C,YFL029C,0,-4.2032824,0.4350961446762085,0.44581282138824463,0.05788177251815796
YOL082W,YBL063W,0,-4.207695,0.4340527653694153,0.44581282138824463,0.058128077536821365
YJL112W,YDR081C,0,-4.2115707,0.4330143630504608,0.44581282138824463,0.05837438255548477
YHR194W,YPL016W,0,-4.2151875,0.4319809079170227,0.44581282138824463,0.05862069129943848
YDL164C,YLR363C,0,-4.217234,0.43095237016677856,0.44581282138824463,0.05886699631810188
YLR119W,YNL025C,0,-4.2210283,0.4299287497997284,0.44581282138824463,0.05911330133676529
YDR118W,YER147C,1,-4.2241554,0.43127962946891785,0.4482758641242981,0.05911330133676529
YNL106C,YNL177C,0,-4.22695,0.43026003241539,0.4482758641242981,0.059359606355428696
YJR083C,YPR068C,0,-4.2291584,0.4292452931404114,0.4482758641242981,0.0596059113740921
YLR370C,YGR075C,0,-4.2301464,0.4282352924346924,0.4482758641242981,0.05985221639275551
YOL078W,YDL190C,0,-4.231231,0.4272300601005554,0.4482758641242981,0.060098521411418915
YMR078C,YHR014W,1,-4.23308,0.4285714328289032,0.45073890686035156,0.060098521411418915
YOL078W,YNL116W,0,-4.23335,0.427570104598999,0.45073890686035156,0.06034482643008232
YMR167W,YBL103C,0,-4.234343,0.42657342553138733,0.45073890686035156,0.06059113144874573
YER125W,YLL002W,0,-4.235466,0.4255813956260681,0.45073890686035156,0.06083744019269943
YOR148C,YDR213W,0,-4.2366877,0.4245939552783966,0.45073890686035156,0.06108374521136284
YIL149C,YLR313C,0,-4.2395773,0.4236111044883728,0.45073890686035156,0.061330050230026245
YKL022C,YDR439W,1,-4.245997,0.4249422550201416,0.4532019793987274,0.061330050230026245
YKL022C,YGR089W,1,-4.249511,0.42626726627349854,0.4556650221347809,0.061330050230026245
YBR211C,YBR107C,1,-4.250147,0.4275861978530884,0.45812806487083435,0.061330050230026245
YCL032W,YGR221C,0,-4.2541413,0.4266054928302765,0.45812806487083435,0.06157635524868965
YOR156C,YGR063C,1,-4.259181,0.42791762948036194,0.4605911374092102,0.06157635524868965
YJL194W,YPL127C,0,-4.2651,0.4269406497478485,0.4605911374092102,0.06182266026735306
YER114C,YDR052C,0,-4.2668943,0.42596811056137085,0.4605911374092102,0.062068965286016464
YLR127C,YBR156C,1,-4.2680655,0.4272727370262146,0.46305418014526367,0.062068965286016464
YPR111W,YDR081C,0,-4.270844,0.4263038635253906,0.46305418014526367,0.06231527030467987
YGR135W,YLR234W,0,-4.2715783,0.42533937096595764,0.46305418014526367,0.06256157904863358
YNL145W,YMR164C,0,-4.2724266,0.42437922954559326,0.46305418014526367,0.06280788034200668
YML036W,YOL091W,0,-4.27252,0.4234234094619751,0.46305418014526367,0.06305418908596039
YHR077C,YDR201W,0,-4.2750483,0.42247191071510315,0.46305418014526367,0.0633004903793335
YER007W,YFL060C,0,-4.2763753,0.42152467370033264,0.46305418014526367,0.0635467991232872
YOR388C,YHR108W,0,-4.2772417,0.4205816686153412,0.46305418014526367,0.06379310041666031
YHR190W,YDR057W,0,-4.284632,0.4196428656578064,0.46305418014526367,0.06403940916061401
YIL132C,YFL037W,1,-4.2933855,0.42093542218208313,0.4655172526836395,0.06403940916061401
YKL144C,YHR090C,0,-4.293511,0.41999998688697815,0.4655172526836395,0.06428571790456772
YDR439W,YBR087W,1,-4.293794,0.421286016702652,0.467980295419693,0.06428571790456772
YJL178C,YNL262W,0,-4.294135,0.4203539788722992,0.467980295419693,0.06453201919794083
YER111C,YGL225W,0,-4.2946634,0.4194260537624359,0.467980295419693,0.06477832794189453
YKL022C,YMR078C,1,-4.297623,0.42070484161376953,0.47044333815574646,0.06477832794189453
YCR107W,YBR295W,0,-4.29906,0.4197802245616913,0.47044333815574646,0.06502462923526764
YPR017C,YHR079C-B,0,-4.299698,0.41885966062545776,0.47044333815574646,0.06527093797922134
YGR040W,YOR150W,0,-4.302928,0.4179431200027466,0.47044333815574646,0.06551723927259445
YOR249C,YER147C,1,-4.303388,0.4192139804363251,0.4729064106941223,0.06551723927259445
YDL033C,YPL029W,0,-4.3036585,0.41830065846443176,0.4729064106941223,0.06576354801654816
YPL268W,YER031C,0,-4.305253,0.417391300201416,0.4729064106941223,0.06600984930992126
YDR211W,YKR095W-A,0,-4.3068886,0.41648590564727783,0.4729064106941223,0.06625615805387497
YLR370C,YLR391W-A,0,-4.3101,0.41558441519737244,0.4729064106941223,0.06650245934724808
YDL209C,YPL016W,0,-4.318936,0.41468682885169983,0.4729064106941223,0.06674876809120178
YMR078C,YJL080C,1,-4.3202004,0.4159482717514038,0.4753694534301758,0.06674876809120178
YIL072W,YBR081C,0,-4.326539,0.41505375504493713,0.4753694534301758,0.06699507683515549
YBR202W,YGR112W,0,-4.327118,0.41416308283805847,0.4753694534301758,0.0672413781285286
YPR034W,YDR252W,0,-4.3279657,0.41327622532844543,0.4753694534301758,0.0674876868724823
YOR249C,YFR036W,1,-4.33013,0.4145299196243286,0.47783252596855164,0.0674876868724823
YAL022C,YNL262W,0,-4.3310165,0.41364604234695435,0.47783252596855164,0.06773398816585541
YHL048W,YBR170C,0,-4.3347235,0.4127659499645233,0.47783252596855164,0.06798029690980911
YDR052C,YEL056W,0,-4.3350654,0.41188958287239075,0.47783252596855164,0.06822659820318222
YPR111W,YDR190C,0,-4.335699,0.41101694107055664,0.47783252596855164,0.06847290694713593
YEL062W,YJL156C,0,-4.335799,0.4101479947566986,0.47783252596855164,0.06871920824050903
YKL138C-A,YJL087C,0,-4.3364873,0.40928271412849426,0.47783252596855164,0.06896551698446274
YDR118W,YGR275W,1,-4.337758,0.410526305437088,0.4802955687046051,0.06896551698446274
YML104C,YNL025C,0,-4.338503,0.4096638560295105,0.4802955687046051,0.06921182572841644
YDR263C,YCR092C,0,-4.344876,0.4088050425052643,0.4802955687046051,0.06945812702178955
YIR004W,YBR278W,0,-4.3480124,0.4079498052597046,0.4802955687046051,0.06970443576574326
YJL178C,YOR368W,0,-4.3509316,0.40709811449050903,0.4802955687046051,0.06995073705911636
YIL010W,YGL201C,0,-4.3514647,0.40625,0.4802955687046051,0.07019704580307007
YPR034W,YJR046W,0,-4.3629603,0.4054054021835327,0.4802955687046051,0.07044334709644318
YHL048W,YML115C,0,-4.374409,0.4045643210411072,0.4802955687046051,0.07068965584039688
YMR135C,YKL108W,0,-4.374463,0.4037266969680786,0.4802955687046051,0.07093595713376999
YBR211C,YMR078C,1,-4.3748074,0.40495866537094116,0.48275861144065857,0.07093595713376999
YIL139C,YER111C,0,-4.379758,0.4041237235069275,0.48275861144065857,0.0711822658777237
YKL011C,YGL163C,0,-4.3807135,0.403292179107666,0.48275861144065857,0.0714285746216774
YJL207C,YLR275W,0,-4.38076,0.4024640619754791,0.48275861144065857,0.0716748759150505
YBR156C,YIL144W,1,-4.3814225,0.4036885201931,0.4852216839790344,0.0716748759150505
YJR131W,YKR029C,0,-4.382192,0.4028629958629608,0.4852216839790344,0.07192118465900421
YGR261C,YML010W,0,-4.382757,0.4020408093929291,0.4852216839790344,0.07216748595237732
YLL043W,YOR018W,0,-4.38354,0.40122199058532715,0.4852216839790344,0.07241379469633102
YOR371C,YGL006W,0,-4.385525,0.40040650963783264,0.4852216839790344,0.07266009598970413
YLR127C,YER147C,1,-4.3925214,0.4016227126121521,0.4876847267150879,0.07266009598970413
YLR391W-A,YIL106W,0,-4.39354,0.40080970525741577,0.4876847267150879,0.07290640473365784
YBR038W,YML006C,0,-4.3956227,0.4000000059604645,0.4876847267150879,0.07315270602703094
YDL076C,YLR026C,0,-4.396746,0.39919355511665344,0.4876847267150879,0.07339901477098465
YER108C,YFL035C-A,0,-4.396954,0.39839035272598267,0.4876847267150879,0.07364532351493835
YOL144W,YML010W,0,-4.399426,0.39759036898612976,0.4876847267150879,0.07389162480831146
YPR141C,YFL037W,1,-4.4019213,0.3987976014614105,0.49014776945114136,0.07389162480831146
YOR005C,YPR017C,0,-4.4025917,0.39800000190734863,0.49014776945114136,0.07413793355226517
YBR107C,YBR156C,1,-4.4030495,0.3992016017436981,0.4926108419895172,0.07413793355226517
YJL125C,YNL311C,0,-4.4058204,0.39840638637542725,0.4926108419895172,0.07438423484563828
YML118W,YML047C,0,-4.4094367,0.3976143002510071,0.4926108419895172,0.07463054358959198
YJL005W,YDR052C,0,-4.4122415,0.3968254029750824,0.4926108419895172,0.07487684488296509
YBR133C,YJL133W,0,-4.4141054,0.39603960514068604,0.4926108419895172,0.07512315362691879
YLR363C,YHL009C,0,-4.41427,0.395256906747818,0.4926108419895172,0.0753694549202919
YML010W,YLR316C,0,-4.4144583,0.39447730779647827,0.4926108419895172,0.0756157636642456
YPR111W,YJR021C,0,-4.4148626,0.3937007784843445,0.4926108419895172,0.07586207240819931
YCR092C,YLL036C,0,-4.415368,0.3929273188114166,0.4926108419895172,0.07610837370157242
YOR368W,YIL073C,0,-4.4153967,0.3921568691730499,0.4926108419895172,0.07635468244552612
YOR217W,YHL009C,0,-4.4173946,0.3913894295692444,0.4926108419895172,0.07660098373889923
YLR139C,YCL069W,0,-4.419065,0.390625,0.4926108419895172,0.07684729248285294
YGR092W,YHR079C-B,0,-4.4197717,0.3898635506629944,0.4926108419895172,0.07709359377622604
YER108C,YKR059W,0,-4.425973,0.38910505175590515,0.4926108419895172,0.07733990252017975
YHR166C,YDR439W,1,-4.430791,0.3902912735939026,0.4950738847255707,0.07733990252017975
YOR156C,YFL008W,1,-4.435264,0.39147287607192993,0.49753695726394653,0.07733990252017975
YAL017W,YFL049W,0,-4.437663,0.39071565866470337,0.49753695726394653,0.07758620381355286
YOR249C,YKL022C,1,-4.439324,0.3918918967247009,0.5,0.07758620381355286
YNL227C,YMR036C,0,-4.440968,0.3911367952823639,0.5,0.07783251255750656
YLR127C,YMR078C,1,-4.4422398,0.39230769872665405,0.5024630427360535,0.07783251255750656
YDL116W,YLR234W,0,-4.4456344,0.39155471324920654,0.5024630427360535,0.07807882130146027
YOL101C,YPL033C,0,-4.458391,0.39080458879470825,0.5024630427360535,0.07832512259483337
YKR095W-A,YOR172W,0,-4.462836,0.39005735516548157,0.5024630427360535,0.07857143133878708
YOR156C,YDR180W,1,-4.4658775,0.39122137427330017,0.5049260854721069,0.07857143133878708
YPR068C,YNR039C,0,-4.4675784,0.39047619700431824,0.5049260854721069,0.07881773263216019
YLR319C,YMR135C,0,-4.4691663,0.38973385095596313,0.5049260854721069,0.07906404137611389
YBR087W,YDR180W,1,-4.471533,0.3908918499946594,0.5073891878128052,0.07906404137611389
YJL146W,YOR217W,0,-4.4729633,0.3901515007019043,0.5073891878128052,0.079310342669487
YDR252W,YJL063C,0,-4.473191,0.389413982629776,0.5073891878128052,0.0795566514134407
YIL144W,YFL037W,1,-4.4758325,0.39056605100631714,0.5098522305488586,0.0795566514134407
YNL199C,YOL133W,0,-4.4784737,0.38983049988746643,0.5098522305488586,0.07980295270681381
YPR155C,YHR077C,0,-4.4829082,0.38909775018692017,0.5098522305488586,0.08004926145076752
YBL052C,YOR149C,0,-4.4843564,0.38836774230003357,0.5098522305488586,0.08029557019472122
YHR108W,YLR384C,0,-4.4867005,0.38764044642448425,0.5098522305488586,0.08054187148809433
YNL288W,YGR040W,0,-4.489617,0.3869158923625946,0.5098522305488586,0.08078818023204803
YDR118W,YGL240W,1,-4.4914627,0.38805970549583435,0.5123152732849121,0.08078818023204803
YMR164C,YLR316C,0,-4.4974523,0.3873370587825775,0.5123152732849121,0.08103448152542114
YOR362C,YER111C,0,-4.5070543,0.38661709427833557,0.5123152732849121,0.08128079026937485
YER147C,YBR156C,1,-4.5079174,0.3877550959587097,0.5147783160209656,0.08128079026937485
YJL080C,YFL008W,1,-4.5081415,0.3888888955116272,0.517241358757019,0.08128079026937485
YBR081C,YIL022W,0,-4.5098267,0.388170063495636,0.517241358757019,0.08152709156274796
YDR167W,YNR048W,0,-4.510702,0.3874538838863373,0.517241358757019,0.08177340030670166
YHR166C,YGL240W,1,-4.511417,0.3885819613933563,0.5197044610977173,0.08177340030670166
YER108C,YGL201C,0,-4.5118265,0.38786765933036804,0.5197044610977173,0.08201970160007477
YGR092W,YOR148C,0,-4.514386,0.3871559500694275,0.5197044610977173,0.08226601034402847
YGR169C,YJL127C,0,-4.5152082,0.38644689321517944,0.5197044610977173,0.08251231163740158
YMR139W,YMR283C,0,-4.52432,0.38574039936065674,0.5197044610977173,0.08275862038135529
YPR171W,YPL063W,0,-4.5246706,0.38503649830818176,0.5197044610977173,0.08300492912530899
YDL164C,YJL110C,0,-4.529007,0.38433516025543213,0.5197044610977173,0.0832512304186821
YOL100W,YOL146W,0,-4.530588,0.38363635540008545,0.5197044610977173,0.0834975391626358
YNL227C,YLR368W,0,-4.5319986,0.3829401135444641,0.5197044610977173,0.08374384045600891
YFL035C-A,YOR195W,0,-4.5327473,0.38224637508392334,0.5197044610977173,0.08399014919996262
YML110C,YHR067W,0,-4.5329685,0.38155514001846313,0.5197044610977173,0.08423645049333572
YOR372C,YHR178W,0,-4.5334816,0.3808664381504059,0.5197044610977173,0.08448275923728943
YFR036W,YJL019W,1,-4.5346274,0.3819819688796997,0.5221675038337708,0.08448275923728943
YGR092W,YOL133W,0,-4.5358605,0.38129496574401855,0.5221675038337708,0.08472906053066254
YPR141C,YGR089W,1,-4.5377975,0.38240575790405273,0.5246305465698242,0.08472906053066254
YDR148C,YML023C,0,-4.539585,0.3817204236984253,0.5246305465698242,0.08497536927461624
YAL020C,YBR098W,0,-4.540392,0.38103756308555603,0.5246305465698242,0.08522167801856995
YLR335W,YOL113W,0,-4.543335,0.38035714626312256,0.5246305465698242,0.08546797931194305
YJL019W,YBR156C,1,-4.5443707,0.3814616799354553,0.5270935893058777,0.08546797931194305
YPR175W,YER123W,0,-4.545821,0.38078293204307556,0.5270935893058777,0.08571428805589676
YML012W,YBL063W,0,-4.5500526,0.3801065683364868,0.5270935893058777,0.08596058934926987
YGL210W-A,YHR090C,0,-4.551336,0.3794326186180115,0.5270935893058777,0.08620689809322357
YNR031C,YNL025C,0,-4.5544405,0.37876105308532715,0.5270935893058777,0.08645319938659668
YLR127C,YDR439W,1,-4.5554047,0.3798586428165436,0.5295566320419312,0.08645319938659668
YFL033C,YPL139C,0,-4.557363,0.3791887164115906,0.5295566320419312,0.08669950813055038
YDR439W,YGR089W,1,-4.5616016,0.3802816867828369,0.5320196747779846,0.08669950813055038
YHR098C,YER123W,0,-4.563051,0.37961336970329285,0.5320196747779846,0.08694580942392349
YCL029C,YAR002W,0,-4.5631547,0.378947377204895,0.5320196747779846,0.0871921181678772
YNL020C,YKR050W,0,-4.564702,0.37828370928764343,0.5320196747779846,0.0874384269118309
YDR320C,YMR236W,0,-4.5651727,0.3776223659515381,0.5320196747779846,0.08768472820520401
YBR038W,YJR043C,0,-4.5659037,0.376963347196579,0.5320196747779846,0.08793103694915771
YMR172W,YGR135W,0,-4.5674286,0.3763066232204437,0.5320196747779846,0.08817733824253082
YER159C,YKR019C,0,-4.568292,0.37565216422080994,0.5320196747779846,0.08842364698648453
YPR168W,YOR057W,0,-4.5686073,0.375,0.5320196747779846,0.08866994827985764
YKL022C,YFL037W,1,-4.571984,0.3760831952095032,0.5344827771186829,0.08866994827985764
YPL194W,YGL006W,0,-4.572203,0.3754325211048126,0.5344827771186829,0.08891625702381134
YLR195C,YBR223C,0,-4.5759463,0.37478411197662354,0.5344827771186829,0.08916255831718445
YJL106W,YJL139C,0,-4.5776796,0.3741379380226135,0.5344827771186829,0.08940886706113815
YBR080C,YBR077C,0,-4.578221,0.3734939694404602,0.5344827771186829,0.08965517580509186
YOL031C,YML010W,0,-4.5793977,0.37285223603248596,0.5344827771186829,0.08990147709846497
YDR511W,YOR048C,0,-4.5824547,0.372212678194046,0.5344827771186829,0.09014778584241867
YDL197C,YMR100W,0,-4.5856943,0.37157535552978516,0.5344827771186829,0.09039408713579178
YJR082C,YMR214W,0,-4.58723,0.3709401786327362,0.5344827771186829,0.09064039587974548
YIL009C-A,YFL035C-A,0,-4.5877075,0.37030717730522156,0.5344827771186829,0.09088669717311859
YDL100C,YDL116W,0,-4.591564,0.3696763217449188,0.5344827771186829,0.0911330059170723
YGR112W,YLR277C,0,-4.5931535,0.369047611951828,0.5344827771186829,0.0913793072104454
YBR164C,YPR171W,0,-4.596929,0.3684210479259491,0.5344827771186829,0.09162561595439911
YDR376W,YGR221C,0,-4.599411,0.3677965998649597,0.5344827771186829,0.09187192469835281
YBL063W,YMR236W,0,-4.601095,0.36717426776885986,0.5344827771186829,0.09211822599172592
YDR263C,YDR362C,0,-4.601745,0.36655405163764954,0.5344827771186829,0.09236453473567963
YIR004W,YCL074W,0,-4.6036863,0.36593592166900635,0.5344827771186829,0.09261083602905273
YBR156C,YFL037W,1,-4.6045413,0.3670033812522888,0.5369458198547363,0.09261083602905273
YCR094W,YJR017C,0,-4.612275,0.3663865625858307,0.5369458198547363,0.09285714477300644
YKR065C,YHL022C,0,-4.6134076,0.3657718002796173,0.5369458198547363,0.09310344606637955
YGR089W,YFL037W,1,-4.6213026,0.3668341636657715,0.5394088625907898,0.09310344606637955
YOR073W,YFL008W,1,-4.6225805,0.3678929805755615,0.5418719053268433,0.09310344606637955
YGL086W,YGR288W,0,-4.6280804,0.3672787845134735,0.5418719053268433,0.09334975481033325
YDR055W,YDR422C,0,-4.634262,0.36666667461395264,0.5418719053268433,0.09359605610370636
YER116C,YBR254C,0,-4.63724,0.36605656147003174,0.5418719053268433,0.09384236484766006
YOR372C,YBR171W,0,-4.6393194,0.3654485046863556,0.5418719053268433,0.09408867359161377
YMR036C,YKL144C,0,-4.6396985,0.3648424446582794,0.5418719053268433,0.09433497488498688
YPR037C,YMR268C,0,-4.6452756,0.3642384111881256,0.5418719053268433,0.09458128362894058
YDR432W,YBR240C,0,-4.6478987,0.3636363744735718,0.5418719053268433,0.09482758492231369
YHR014W,YIL144W,1,-4.648124,0.3646864593029022,0.5443349480628967,0.09482758492231369
YDR376W,YJL100W,0,-4.648393,0.36408567428588867,0.5443349480628967,0.0950738936662674
YKR076W,YMR106C,0,-4.64895,0.3634868562221527,0.5443349480628967,0.0953201949596405
YML031W,YFL049W,0,-4.649703,0.36288997530937195,0.5443349480628967,0.09556650370359421
YPR017C,YPL268W,0,-4.6541233,0.36229509115219116,0.5443349480628967,0.09581280499696732
YML061C,YIL008W,0,-4.6569014,0.3617021143436432,0.5443349480628967,0.09605911374092102
YLL043W,YDL118W,0,-4.6582193,0.3611111044883728,0.5443349480628967,0.09630541503429413
YDL087C,YPR155C,0,-4.658846,0.3605220317840576,0.5443349480628967,0.09655172377824783
YBR070C,YMR052W,0,-4.663305,0.35993486642837524,0.5443349480628967,0.09679803252220154
YDL209C,YOR221C,0,-4.6635656,0.3593495786190033,0.5443349480628967,0.09704433381557465
YOR130C,YJL154C,0,-4.664706,0.35876622796058655,0.5443349480628967,0.09729064255952835
YHR166C,YHR014W,1,-4.666294,0.35980552434921265,0.546798050403595,0.09729064255952835
YDL197C,YDR363W,0,-4.6675987,0.35922330617904663,0.546798050403595,0.09753694385290146
YLL006W,YJL139C,0,-4.6704154,0.35864296555519104,0.546798050403595,0.09778325259685516
YMR172W,YGR002C,0,-4.670793,0.3580645024776459,0.546798050403595,0.09802955389022827
YDL197C,YCR028C-A,0,-4.671058,0.35748791694641113,0.546798050403595,0.09827586263418198
YLR391W-A,YOR221C,0,-4.6715603,0.35691317915916443,0.546798050403595,0.09852216392755508
YNL071W,YMR164C,0,-4.6792197,0.35634028911590576,0.546798050403595,0.09876847267150879
YPL132W,YLR045C,0,-4.6792645,0.35576921701431274,0.546798050403595,0.0990147814154625
YGR275W,YJL080C,1,-4.681403,0.35679998993873596,0.5492610931396484,0.0990147814154625
YJL115W,YOR048C,0,-4.683195,0.3562300205230713,0.5492610931396484,0.0992610827088356
YCL029C,YBR030W,0,-4.6879582,0.35566186904907227,0.5492610931396484,0.0995073914527893
YCL074W,YOL138C,0,-4.688819,0.3550955355167389,0.5492610931396484,0.09975369274616241
YER114C,YBR080C,0,-4.695077,0.3545309901237488,0.5492610931396484,0.10000000149011612
YFR036W,YBR107C,1,-4.6975994,0.35555556416511536,0.5517241358757019,0.10000000149011612
YJL001W,YBR223C,0,-4.698103,0.3549920618534088,0.5517241358757019,0.10024630278348923
YNL261W,YPL139C,0,-4.7001276,0.3544303774833679,0.5517241358757019,0.10049261152744293
YGR206W,YKL028W,0,-4.7052975,0.3538704514503479,0.5517241358757019,0.10073891282081604
YMR214W,YER116C,0,-4.7072806,0.35331231355667114,0.5517241358757019,0.10098522156476974
YOR249C,YJL019W,1,-4.7076974,0.35433071851730347,0.5541871786117554,0.10098522156476974
YBR211C,YOR156C,1,-4.7103167,0.3553459048271179,0.5566502213478088,0.10098522156476974
YPL010W,YOR308C,0,-4.7155476,0.35478806495666504,0.5566502213478088,0.10123153030872345
YFL035C-A,YAR002W,0,-4.7165403,0.35423198342323303,0.5566502213478088,0.10147783160209656
YJR082C,YPL063W,0,-4.7168293,0.3536776304244995,0.5566502213478088,0.10172414034605026
YBR057C,YBR254C,0,-4.7184963,0.3531250059604645,0.5566502213478088,0.10197044163942337
YLR319C,YCR092C,0,-4.7185516,0.35257411003112793,0.5566502213478088,0.10221675038337708
YNL264C,YOR290C,0,-4.7185936,0.3520249128341675,0.5566502213478088,0.10246305167675018
YKL052C,YDR170C,0,-4.719075,0.3514774441719055,0.5566502213478088,0.10270936042070389
YKR027W,YIL072W,0,-4.721488,0.35093167424201965,0.5566502213478088,0.102955661714077
YDL074C,YGR092W,0,-4.721883,0.3503876030445099,0.5566502213478088,0.1032019704580307
YDR499W,YIL073C,0,-4.724506,0.34984520077705383,0.5566502213478088,0.1034482792019844
YOL123W,YEL019C,0,-4.7245173,0.3493044674396515,0.5566502213478088,0.10369458049535751
YJL115W,YML031W,0,-4.727463,0.34876543283462524,0.5566502213478088,0.10394088923931122
YDR376W,YDR175C,0,-4.7292686,0.3482280373573303,0.5566502213478088,0.10418719053268433
YJR082C,YML038C,0,-4.731158,0.3476923108100891,0.5566502213478088,0.10443349927663803
YNL262W,YPL089C,0,-4.732417,0.3471582233905792,0.5566502213478088,0.10467980057001114
YOL068C,YNL197C,0,-4.73365,0.34662577509880066,0.5566502213478088,0.10492610931396484
YER006W,YJR028W,0,-4.7369747,0.34609493613243103,0.5566502213478088,0.10517241060733795
YOR372C,YLR026C,0,-4.7380967,0.3455657362937927,0.5566502213478088,0.10541871935129166
YDR147W,YGL210W-A,0,-4.7405376,0.34503817558288574,0.5566502213478088,0.10566502809524536
YDR110W,YLR410W,0,-4.7409487,0.3445121943950653,0.5566502213478088,0.10591132938861847
YLR447C,YMR284W,0,-4.7414775,0.3439878225326538,0.5566502213478088,0.10615763813257217
YKL134C,YPR165W,0,-4.743609,0.34346505999565125,0.5566502213478088,0.10640393942594528
YKL011C,YDR081C,0,-4.746036,0.34294384717941284,0.5566502213478088,0.10665024816989899
YMR078C,YER147C,1,-4.7465158,0.3439393937587738,0.5591133236885071,0.10665024816989899
YHR154W,YDR103W,0,-4.7499456,0.34341907501220703,0.5591133236885071,0.1068965494632721
YPL132W,YHR031C,0,-4.7506685,0.3429003059864044,0.5591133236885071,0.1071428582072258
YJL115W,YNR049C,0,-4.7514663,0.34238311648368835,0.5591133236885071,0.10738915950059891
YOR156C,YOR073W,1,-4.7518106,0.34337350726127625,0.5615763664245605,0.10738915950059891
YJR083C,YJL145W,0,-4.755514,0.34285715222358704,0.5615763664245605,0.10763546824455261
YGR275W,YFL008W,1,-4.7556534,0.34384384751319885,0.564039409160614,0.10763546824455261
YJL146W,YKR095W-A,0,-4.7595987,0.3433283269405365,0.564039409160614,0.10788177698850632
YBR081C,YCL074W,0,-4.759978,0.3428143858909607,0.564039409160614,0.10812807828187943
YOR249C,YDR439W,1,-4.760989,0.3437967002391815,0.5665024518966675,0.10812807828187943
YLR319C,YJL141C,0,-4.7610807,0.34328359365463257,0.5665024518966675,0.10837438702583313
YPR055W,YOR057W,0,-4.7654266,0.342771977186203,0.5665024518966675,0.10862068831920624
YBL008W,YNL103W,0,-4.767477,0.3422619104385376,0.5665024518966675,0.10886699706315994
YOL146W,YIL022W,0,-4.767532,0.3417533338069916,0.5665024518966675,0.10911329835653305
YHR067W,YCL069W,0,-4.770816,0.34124627709388733,0.5665024518966675,0.10935960710048676
YJL115W,YHR056C,0,-4.771947,0.34074074029922485,0.5665024518966675,0.10960590839385986
YHL022C,YCR018C,0,-4.7724557,0.34023669362068176,0.5665024518966675,0.10985221713781357
YNL020C,YIR013C,0,-4.7731233,0.33973410725593567,0.5665024518966675,0.11009852588176727
YOR156C,YGR089W,1,-4.7769995,0.3407079577445984,0.568965494632721,0.11009852588176727
YBR057C,YKR050W,0,-4.7771115,0.34020617604255676,0.568965494632721,0.11034482717514038
YNL199C,YMR268C,0,-4.7772026,0.3397058844566345,0.568965494632721,0.11059113591909409
YER172C,YIL128W,0,-4.778397,0.3392070531845093,0.568965494632721,0.1108374372124672
YKL135C,YNL020C,0,-4.780298,0.33870968222618103,0.568965494632721,0.1110837459564209
YLR277C,YPL033C,0,-4.7810235,0.3382137715816498,0.568965494632721,0.111330047249794
YIL009C-A,YOR057W,0,-4.781553,0.33771929144859314,0.568965494632721,0.11157635599374771
YOL078W,YMR284W,0,-4.782524,0.3372262716293335,0.568965494632721,0.11182265728712082
YBR107C,YBR087W,1,-4.7832747,0.3381924331188202,0.5714285969734192,0.11182265728712082
YDR376W,YDR081C,0,-4.7846212,0.33770015835762024,0.5714285969734192,0.11206896603107452
YDR376W,YDL190C,0,-4.7847834,0.3372093141078949,0.5714285969734192,0.11231526732444763
YBR234C,YEL031W,0,-4.786482,0.3367198705673218,0.5714285969734192,0.11256157606840134
YER051W,YNL227C,0,-4.787435,0.33623188734054565,0.5714285969734192,0.11280788481235504
YLR127C,YKL022C,1,-4.7897043,0.33719247579574585,0.5738916397094727,0.11280788481235504
YOR025W,YBR240C,0,-4.796086,0.33670520782470703,0.5738916397094727,0.11305418610572815
YDR118W,YJL019W,1,-4.797661,0.33766233921051025,0.5763546824455261,0.11305418610572815
YKL064W,YOR064C,0,-4.798842,0.33717578649520874,0.5763546824455261,0.11330049484968185
YFR036W,YPR141C,1,-4.7992,0.3381294906139374,0.5788177251815796,0.11330049484968185
YPL218W,YCL032W,0,-4.800348,0.33764368295669556,0.5788177251815796,0.11354679614305496
YNL259C,YFL060C,0,-4.801332,0.33715924620628357,0.5788177251815796,0.11379310488700867
YKR019C,YOR122C,0,-4.801497,0.3366762101650238,0.5788177251815796,0.11403940618038177
YOR221C,YDR159W,0,-4.803333,0.33619457483291626,0.5788177251815796,0.11428571492433548
YIL106W,YOL113W,0,-4.8037043,0.33571428060531616,0.5788177251815796,0.11453201621770859
YBR164C,YER116C,0,-4.805135,0.3352353870868683,0.5788177251815796,0.11477832496166229
YBL008W,YDR320C,0,-4.805181,0.33475783467292786,0.5788177251815796,0.115024633705616
YDR148C,YLR234W,0,-4.8083105,0.33428165316581726,0.5788177251815796,0.1152709349989891
YJR021C,YKL117W,0,-4.809694,0.3338068127632141,0.5788177251815796,0.11551724374294281
YHR108W,YNL071W,0,-4.811602,0.3333333432674408,0.5788177251815796,0.11576354503631592
YNL223W,YFL029C,0,-4.8141665,0.33286118507385254,0.5788177251815796,0.11600985378026962
YCL074W,YKL075C,0,-4.8157043,0.33239036798477173,0.5788177251815796,0.11625615507364273
YIL010W,YDL108W,0,-4.8158684,0.33192089200019836,0.5788177251815796,0.11650246381759644
YGR257C,YOR018W,0,-4.8160586,0.33145275712013245,0.5788177251815796,0.11674876511096954
YCR107W,YGR158C,0,-4.8172607,0.3309859037399292,0.5788177251815796,0.11699507385492325
YPR049C,YLR013W,0,-4.817958,0.3305203914642334,0.5788177251815796,0.11724138259887695
YLR127C,YBR087W,1,-4.820757,0.3314606845378876,0.5812807679176331,0.11724138259887695
YBR211C,YGL240W,1,-4.8210573,0.33239832520484924,0.5837438702583313,0.11724138259887695
YBR086C,YJR153W,0,-4.821393,0.33193278312683105,0.5837438702583313,0.11748768389225006
YDR252W,YMR037C,0,-4.8239913,0.33146852254867554,0.5837438702583313,0.11773399263620377
YOR320C,YMR164C,0,-4.8243556,0.3310055732727051,0.5837438702583313,0.11798029392957687
YKL135C,YLR313C,0,-4.8268404,0.3305439352989197,0.5837438702583313,0.11822660267353058
YDR499W,YMR167W,0,-4.8297873,0.33008357882499695,0.5837438702583313,0.11847290396690369
YPL051W,YOR217W,0,-4.831043,0.3296244740486145,0.5837438702583313,0.11871921271085739
YBR211C,YDR118W,1,-4.8353477,0.3305555582046509,0.5862069129943848,0.11871921271085739
YDR301W,YLR219W,0,-4.837019,0.3300970792770386,0.5862069129943848,0.1189655140042305
YOR156C,YBR087W,1,-4.837293,0.3310249447822571,0.5886699557304382,0.1189655140042305
YJR153W,YNR031C,0,-4.840473,0.3305670917034149,0.5886699557304382,0.1192118227481842
YKL205W,YGR129W,0,-4.8452296,0.33011049032211304,0.5886699557304382,0.11945813149213791
YLL006W,YKL134C,0,-4.846759,0.32965517044067383,0.5886699557304382,0.11970443278551102
YHR205W,YCL069W,0,-4.847486,0.3292011022567749,0.5886699557304382,0.11995074152946472
YDR420W,YGR075C,0,-4.851392,0.32874828577041626,0.5886699557304382,0.12019704282283783
YBR070C,YCR062W,0,-4.8515954,0.3282966911792755,0.5886699557304382,0.12044335156679153
YIL004C,YFR008W,0,-4.8520536,0.32784637808799744,0.5886699557304382,0.12068965286016464
YLR069C,YKL108W,0,-4.855813,0.32739725708961487,0.5886699557304382,0.12093596160411835
YMR137C,YFL033C,0,-4.857235,0.3269493877887726,0.5886699557304382,0.12118226289749146
YGR089W,YER147C,1,-4.85783,0.32786884903907776,0.5911329984664917,0.12118226289749146
YNL223W,YDL087C,0,-4.859603,0.32742154598236084,0.5911329984664917,0.12142857164144516
YNL251C,YLR045C,0,-4.8613887,0.3269754648208618,0.5911329984664917,0.12167488038539886
YJR043C,YNL163C,0,-4.862982,0.3265306055545807,0.5911329984664917,0.12192118167877197
YBR070C,YBR089C-A,0,-4.8673525,0.32608696818351746,0.5911329984664917,0.12216749042272568
YEL019C,YGR090W,0,-4.8708115,0.32564449310302734,0.5911329984664917,0.12241379171609879
YLR127C,YDR118W,1,-4.8715563,0.32655826210975647,0.5935960412025452,0.12241379171609879
YJR046W,YDR362C,0,-4.8727555,0.3261163830757141,0.5935960412025452,0.12266010046005249
YDR052C,YOR217W,0,-4.8728056,0.3256756663322449,0.5935960412025452,0.1229064017534256
YOR362C,YML032C,0,-4.87306,0.32523617148399353,0.5935960412025452,0.1231527104973793
YJR083C,YIR004W,0,-4.873669,0.3247978389263153,0.5935960412025452,0.12339901179075241
YLR080W,YLR363C,0,-4.873842,0.3243606984615326,0.5935960412025452,0.12364532053470612
YCR107W,YLR067C,0,-4.874442,0.323924720287323,0.5935960412025452,0.12389162927865982
YLL043W,YIL072W,0,-4.8750844,0.3234899342060089,0.5935960412025452,0.12413793057203293
YCR093W,YOR329C,0,-4.8752155,0.32305631041526794,0.5935960412025452,0.12438423931598663
YLR133W,YLR234W,0,-4.8770094,0.3226238191127777,0.5935960412025452,0.12463054060935974
YBL002W,YOR142W-A,0,-4.8773856,0.322192519903183,0.5935960412025452,0.12487684935331345
YBL022C,YPR036W,0,-4.879357,0.321762353181839,0.5935960412025452,0.12512315809726715
YFR047C,YCL075W,0,-4.8817677,0.3213333189487457,0.5935960412025452,0.12536945939064026
YDR081C,YBR030W,0,-4.8836145,0.3209054470062256,0.5935960412025452,0.12561576068401337
YHR079C-B,YHR163W,0,-4.885208,0.32047873735427856,0.5935960412025452,0.12586206197738647
YKR065C,YER116C,0,-4.8866153,0.3200531303882599,0.5935960412025452,0.12610837817192078
YOR381W,YLL031C,0,-4.8899727,0.31962865591049194,0.5935960412025452,0.12635467946529388
YPL029W,YML045W-A,0,-4.8913255,0.31920528411865234,0.5935960412025452,0.126600980758667
YPR111W,YGR077C,0,-4.8918114,0.31878307461738586,0.5935960412025452,0.1268472969532013
YMR232W,YLR316C,0,-4.892165,0.31836196780204773,0.5935960412025452,0.1270935982465744
YAL030W,YJL192C,0,-4.892485,0.31794196367263794,0.5935960412025452,0.1273398995399475
YOL031C,YDR489W,0,-4.8924913,0.3175230622291565,0.5935960412025452,0.12758620083332062
YKL011C,YGL129C,0,-4.893409,0.3171052634716034,0.5935960412025452,0.12783251702785492
YLL002W,YPL257W-B,0,-4.8957176,0.31668856739997864,0.5935960412025452,0.12807881832122803
YBR070C,YLR195C,0,-4.895736,0.3162729740142822,0.5935960412025452,0.12832511961460114
YDR376W,YAL020C,0,-4.8977866,0.3158584535121918,0.5935960412025452,0.12857143580913544
YGR075C,YFR003C,0,-4.898685,0.31544503569602966,0.5935960412025452,0.12881773710250854
YMR232W,YOL146W,0,-4.899363,0.3150326907634735,0.5935960412025452,0.12906403839588165
YER169W,YOL091W,0,-4.900122,0.3146214187145233,0.5935960412025452,0.12931033968925476
YPR171W,YKR014C,0,-4.9006653,0.3142112195491791,0.5935960412025452,0.12955665588378906
YHR041C,YOR142W-A,0,-4.9028287,0.3138020932674408,0.5935960412025452,0.12980295717716217
YJR083C,YNL012W,0,-4.9029813,0.3133940100669861,0.5935960412025452,0.13004925847053528
YIL106W,YOR187W,0,-4.9047127,0.31298699975013733,0.5935960412025452,0.1302955597639084
YDR292C,YDR057W,0,-4.9059515,0.31258106231689453,0.5935960412025452,0.1305418759584427
YKL208W,YLR426W,0,-4.906542,0.3121761679649353,0.5935960412025452,0.1307881772518158
YKL011C,YPL151C,0,-4.906902,0.31177231669425964,0.5935960412025452,0.1310344785451889
YKL052C,YOL038W,0,-4.9070835,0.31136950850486755,0.5935960412025452,0.1312807947397232
YJR022W,YML045W-A,0,-4.9102983,0.31096774339675903,0.5935960412025452,0.1315270960330963
YNL288W,YFL003C,0,-4.9112864,0.3105670213699341,0.5935960412025452,0.13177339732646942
YLR391W-A,YFR008W,0,-4.9119186,0.3101673126220703,0.5935960412025452,0.13201969861984253
YNL225C,YDL166C,0,-4.9144907,0.3097686469554901,0.5935960412025452,0.13226601481437683
YJL019W,YOR156C,1,-4.9179883,0.3106546998023987,0.5960590839385986,0.13226601481437683
YDR376W,YEL062W,0,-4.918638,0.3102564215660095,0.5960590839385986,0.13251231610774994
YBR164C,YDR182W,0,-4.9211497,0.30985915660858154,0.5960590839385986,0.13275861740112305
YLR319C,YJR125C,0,-4.921212,0.30946290493011475,0.5960590839385986,0.13300491869449615
YBR164C,YPR042C,0,-4.9247055,0.3090676963329315,0.5960590839385986,0.13325123488903046
YFR036W,YMR078C,1,-4.925514,0.30994898080825806,0.5985221862792969,0.13325123488903046
YBR077C,YDL194W,0,-4.9326425,0.3095541298389435,0.5985221862792969,0.13349753618240356
YGR120C,YJL133W,0,-4.93392,0.3091602921485901,0.5985221862792969,0.13374383747577667
YNL311C,YHR181W,0,-4.935977,0.3087674677371979,0.5985221862792969,0.13399015367031097
YGR261C,YPL194W,0,-4.937791,0.30837562680244446,0.5985221862792969,0.13423645496368408
YPR178W,YER138C,0,-4.938112,0.3079847991466522,0.5985221862792969,0.1344827562570572
YBR080C,YNL079C,0,-4.938446,0.3075949251651764,0.5985221862792969,0.1347290575504303
YAL058W,YOR381W,0,-4.9386773,0.30720606446266174,0.5985221862792969,0.1349753737449646
YFR008W,YOR368W,0,-4.942029,0.3068181872367859,0.5985221862792969,0.1352216750383377
YJR125C,YMR172W,0,-4.94284,0.30643126368522644,0.5985221862792969,0.13546797633171082
YOR274W,YDL216C,0,-4.9431376,0.3060453534126282,0.5985221862792969,0.13571429252624512
YJL207C,YIL149C,0,-4.9436827,0.3056603670120239,0.5985221862792969,0.13596059381961823
YLR026C,YOR172W,0,-4.94536,0.30527639389038086,0.5985221862792969,0.13620689511299133
YIL072W,YBL052C,0,-4.9464197,0.3048933446407318,0.5985221862792969,0.13645319640636444
YJL106W,YKL028W,0,-4.947809,0.30451127886772156,0.5985221862792969,0.13669951260089874
YPL194W,YBR182C,0,-4.948432,0.3041301667690277,0.5985221862792969,0.13694581389427185
YGL201C,YML047C,0,-4.9486747,0.30375000834465027,0.5985221862792969,0.13719211518764496
YDR052C,YNL021W,0,-4.948702,0.30337077379226685,0.5985221862792969,0.13743841648101807
YDR450W,YHR214C-C,0,-4.9500656,0.3029925227165222,0.5985221862792969,0.13768473267555237
YLR189C,YDL038C,0,-4.951482,0.3026151955127716,0.5985221862792969,0.13793103396892548
YBR118W,YJR028W,0,-4.9524603,0.302238792181015,0.5985221862792969,0.13817733526229858
YBR211C,YOR249C,1,-4.952825,0.30310559272766113,0.6009852290153503,0.13817733526229858
YDL232W,YDR303C,0,-4.9569674,0.3027295172214508,0.6009852290153503,0.13842365145683289
YLR127C,YGR275W,1,-4.9571657,0.30359354615211487,0.6034482717514038,0.13842365145683289
YOL077C,YHR214C-C,0,-4.9578524,0.3032178282737732,0.6034482717514038,0.138669952750206
YDR147W,YOR142W-A,0,-4.9589157,0.30284300446510315,0.6034482717514038,0.1389162540435791
YIL114C,YDR210W-B,0,-4.960007,0.3024691343307495,0.6034482717514038,0.1391625553369522
YDR361C,YOR192C-A,0,-4.9600115,0.3020961880683899,0.6034482717514038,0.1394088715314865
YHR108W,YDR422C,0,-4.9616218,0.3017241358757019,0.6034482717514038,0.13965517282485962
YIL139C,YGR090W,0,-4.9620914,0.30135300755500793,0.6034482717514038,0.13990147411823273
YBR193C,YDL194W,0,-4.963664,0.300982803106308,0.6034482717514038,0.14014779031276703
YJL019W,YHR014W,1,-4.966436,0.30184048414230347,0.6059113144874573,0.14014779031276703
YGL240W,YGR275W,1,-4.966927,0.3026960790157318,0.6083743572235107,0.14014779031276703
YGR216C,YLR275W,0,-4.9670963,0.302325576543808,0.6083743572235107,0.14039409160614014
YDL074C,YDR261C-C,0,-4.968913,0.3019559979438782,0.6083743572235107,0.14064039289951324
YJL125C,YIL139C,0,-4.9721556,0.30158731341362,0.6083743572235107,0.14088669419288635
YKL022C,YHR166C,1,-4.9736013,0.30243903398513794,0.610837459564209,0.14088669419288635
YMR039C,YNL079C,0,-4.9737554,0.30207064747810364,0.610837459564209,0.14113301038742065
YNL223W,YIL129C,0,-4.977001,0.30170315504074097,0.610837459564209,0.14137931168079376
YMR232W,YNL054W-B,0,-4.981593,0.3013365864753723,0.610837459564209,0.14162561297416687
YBR136W,YGR169C,0,-4.982641,0.3009708821773529,0.610837459564209,0.14187191426753998
YPR168W,YPR042C,0,-4.983853,0.3006060719490051,0.610837459564209,0.14211823046207428
YJL011C,YDR034C-C,0,-4.985719,0.3002421259880066,0.610837459564209,0.1423645317554474
YER104W,YDR098C-B,0,-4.986076,0.2998790740966797,0.610837459564209,0.1426108330488205
YFR036W,YFL037W,1,-4.9889216,0.3007246255874634,0.6133005023002625,0.1426108330488205
YNL103W,YPR137C-A,0,-4.9891086,0.30036187171936035,0.6133005023002625,0.1428571492433548
YML036W,YDR365W-A,0,-4.9919295,0.30000001192092896,0.6133005023002625,0.1431034505367279
YER051W,YER169W,0,-4.992039,0.2996389865875244,0.6133005023002625,0.143349751830101
YNL259C,YHR214C-C,0,-4.9923797,0.2992788553237915,0.6133005023002625,0.14359605312347412
YKL052C,YLR335W,0,-4.995617,0.29891955852508545,0.6133005023002625,0.14384236931800842
YNL030W,YHR214C-C,0,-4.9964137,0.298561155796051,0.6133005023002625,0.14408867061138153
YDR339C,YDR261W-A,0,-5.0000644,0.29820358753204346,0.6133005023002625,0.14433497190475464
YCL029C,YKL053C-A,0,-5.0043597,0.29784688353538513,0.6133005023002625,0.14458128809928894
YDL232W,YGL070C,0,-5.0051384,0.29749104380607605,0.6133005023002625,0.14482758939266205
YFR036W,YFL008W,1,-5.0061007,0.29832935333251953,0.6157635450363159,0.14482758939266205
YDL033C,YLR275W,0,-5.00653,0.29797378182411194,0.6157635450363159,0.14507389068603516
YLR067C,YGR075C,0,-5.0085454,0.2976190447807312,0.6157635450363159,0.14532019197940826
YDL004W,YDR052C,0,-5.0089054,0.2972651720046997,0.6157635450363159,0.14556650817394257
YCR093W,YFL033C,0,-5.013416,0.2969121038913727,0.6157635450363159,0.14581280946731567
YLR002C,YOR192C-A,0,-5.021454,0.2965599000453949,0.6157635450363159,0.14605911076068878
YBR274W,YDR365W-A,0,-5.021782,0.29620853066444397,0.6157635450363159,0.1463054120540619
YER104W,YPL019C,0,-5.0223446,0.2958579957485199,0.6157635450363159,0.1465517282485962
YLR117C,YNL066W,0,-5.0223875,0.2955082654953003,0.6157635450363159,0.1467980295419693
YLR220W,YDL087C,0,-5.024975,0.29515939950942993,0.6157635450363159,0.1470443308353424
YIL072W,YML011C,0,-5.02744,0.29481130838394165,0.6157635450363159,0.1472906470298767
YGR261C,YOR149C,0,-5.028277,0.2944640815258026,0.6157635450363159,0.14753694832324982
YIL139C,YDR365W-A,0,-5.028545,0.29411765933036804,0.6157635450363159,0.14778324961662292
YER032W,YHL009C,0,-5.0301237,0.29377204179763794,0.6157635450363159,0.14802955090999603
YBR038W,YCR018C,0,-5.0309215,0.2934272289276123,0.6157635450363159,0.14827586710453033
YMR036C,YPR101W,0,-5.033201,0.2930832505226135,0.6157635450363159,0.14852216839790344
YAL022C,YML045W-A,0,-5.0339885,0.2927400469779968,0.6157635450363159,0.14876846969127655
YHR183W,YHR154W,0,-5.036609,0.2923976480960846,0.6157635450363159,0.14901477098464966
YGL150C,YKR019C,0,-5.0398445,0.2920560836791992,0.6157635450363159,0.14926108717918396
YOR249C,YLR321C,1,-5.039922,0.29288214445114136,0.6182265877723694,0.14926108717918396
YGR089W,YBR156C,1,-5.042144,0.2937062978744507,0.6206896305084229,0.14926108717918396
YOR257W,YDL170W,0,-5.0447345,0.29336437582969666,0.6206896305084229,0.14950738847255707
YNL275W,YJL106W,0,-5.046886,0.2930232584476471,0.6206896305084229,0.14975368976593018
YIL106W,YDL194W,0,-5.04737,0.2926829159259796,0.6206896305084229,0.15000000596046448
YBR098W,YOR076C,0,-5.050268,0.2923433780670166,0.6206896305084229,0.15024630725383759
YDL112W,YOR192C-A,0,-5.051517,0.29200464487075806,0.6206896305084229,0.1504926085472107
YDR499W,YPR137C-A,0,-5.05354,0.2916666567325592,0.6206896305084229,0.1507389098405838
YBR211C,YGR089W,1,-5.053913,0.2924855351448059,0.6231527328491211,0.1507389098405838
YDR052C,YDL216C,0,-5.054851,0.29214781522750854,0.6231527328491211,0.1509852260351181
YBR107C,YGR275W,1,-5.0554314,0.29296424984931946,0.6256157755851746,0.1509852260351181
YPL016W,YPR137C-A,0,-5.055489,0.2926267385482788,0.6256157755851746,0.1512315273284912
YGR120C,YPL029W,0,-5.056106,0.29229000210762024,0.6256157755851746,0.15147782862186432
YGL210W-A,YHR205W,0,-5.057353,0.29195401072502136,0.6256157755851746,0.15172414481639862
YDR180W,YLR321C,1,-5.0580306,0.2927669286727905,0.628078818321228,0.15172414481639862
YAL022C,YDR365W-A,0,-5.058095,0.29243120551109314,0.628078818321228,0.15197044610977173
YJL005W,YNL261W,0,-5.0584946,0.29209622740745544,0.628078818321228,0.15221674740314484
YBR211C,YKL022C,1,-5.0591784,0.29290616512298584,0.6305418610572815,0.15221674740314484
YIL153W,YNL079C,0,-5.0595193,0.29257142543792725,0.6305418610572815,0.15246304869651794
YPL248C,YEL019C,0,-5.060315,0.29223743081092834,0.6305418610572815,0.15270936489105225
YDR159W,YOR187W,0,-5.061526,0.2919042110443115,0.6305418610572815,0.15295566618442535
YOR095C,YDR210W-B,0,-5.0632915,0.2915717661380768,0.6305418610572815,0.15320196747779846
YBR038W,YDR201W,0,-5.0634217,0.29124003648757935,0.6305418610572815,0.15344826877117157
YLR139C,YNL138W,0,-5.063553,0.290909081697464,0.6305418610572815,0.15369458496570587
YNL288W,YDL164C,0,-5.06387,0.2905789017677307,0.6305418610572815,0.15394088625907898
YML010W,YDR103W,0,-5.0647316,0.29024943709373474,0.6305418610572815,0.1541871875524521
YBR080C,YOR172W,0,-5.0666275,0.28992071747779846,0.6305418610572815,0.1544335037469864
YBR070C,YOL044W,0,-5.070655,0.28959277272224426,0.6305418610572815,0.1546798050403595
YEL056W,YNL218W,0,-5.0713205,0.28926554322242737,0.6305418610572815,0.1549261063337326
YLL036C,YOR142W-A,0,-5.073303,0.28893905878067017,0.6305418610572815,0.1551724076271057
YOR371C,YCL075W,0,-5.073886,0.28861328959465027,0.6305418610572815,0.15541872382164001
YDR083W,YMR045C,0,-5.074524,0.28828829526901245,0.6305418610572815,0.15566502511501312
YPL241C,YDR034C-C,0,-5.077302,0.28796401619911194,0.6305418610572815,0.15591132640838623
YPR029C,YOR322C,0,-5.077404,0.28764045238494873,0.6305418610572815,0.15615764260292053
YIL072W,YGL163C,0,-5.0775766,0.2873176336288452,0.6305418610572815,0.15640394389629364
YMR164C,YPL063W,0,-5.07964,0.286995530128479,0.6305418610572815,0.15665024518966675
YDR421W,YGR120C,0,-5.079814,0.2866741418838501,0.6305418610572815,0.15689654648303986
YNL280C,YEL031W,0,-5.0825405,0.2863534688949585,0.6305418610572815,0.15714286267757416
YJR022W,YML005W,0,-5.0843997,0.2860335111618042,0.6305418610572815,0.15738916397094727
YHR108W,YOR192C-A,0,-5.0844126,0.2857142984867096,0.6305418610572815,0.15763546526432037
YLR005W,YOR256C,0,-5.085185,0.2853957712650299,0.6305418610572815,0.15788176655769348
YJL056C,YDR261C-C,0,-5.085888,0.2850779592990875,0.6305418610572815,0.15812808275222778
YJL207C,YDL170W,0,-5.0859265,0.28476083278656006,0.6305418610572815,0.1583743840456009
YBR107C,YHR014W,1,-5.086551,0.28555554151535034,0.633004903793335,0.1583743840456009
YBR202W,YFR003C,0,-5.086833,0.2852386236190796,0.633004903793335,0.158620685338974
YOR319W,YOR192C-A,0,-5.086903,0.28492239117622375,0.633004903793335,0.1588670015335083
YOR025W,YCL032W,0,-5.088586,0.2846068739891052,0.633004903793335,0.1591133028268814
YMR137C,YBR254C,0,-5.0886025,0.2842920422554016,0.633004903793335,0.15935960412025452
YNL177C,YHR154W,0,-5.0899076,0.2839778959751129,0.633004903793335,0.15960590541362762
YHR163W,YER138C,0,-5.090043,0.2836644649505615,0.633004903793335,0.15985222160816193
YJL157C,YFL035C-A,0,-5.090266,0.28335171937942505,0.633004903793335,0.16009852290153503
YKR027W,YLR277C,0,-5.096431,0.2830396592617035,0.633004903793335,0.16034482419490814
YML073C,YML045W-A,0,-5.097597,0.28272828459739685,0.633004903793335,0.16059114038944244
YDR499W,YJL001W,0,-5.097739,0.2824175953865051,0.633004903793335,0.16083744168281555
YFL035C-A,YDL116W,0,-5.0979514,0.28210756182670593,0.633004903793335,0.16108374297618866
YFR002W,YKR020W,0,-5.0982013,0.28179824352264404,0.633004903793335,0.16133004426956177
YDR362C,YDL112W,0,-5.098466,0.2814895808696747,0.633004903793335,0.16157636046409607
YPR049C,YKL011C,0,-5.0991282,0.2811816334724426,0.633004903793335,0.16182266175746918
YFR036W,YDR439W,1,-5.099148,0.2819672226905823,0.6354680061340332,0.16182266175746918
YGR275W,YIL144W,1,-5.099457,0.28275108337402344,0.6379310488700867,0.16182266175746918
YOL021C,YHR214C-C,0,-5.0999675,0.28244274854660034,0.6379310488700867,0.16206896305084229
YIL014W,YML047C,0,-5.0999713,0.2821350693702698,0.6379310488700867,0.1623152643442154
YLR015W,YPR165W,0,-5.1006274,0.2818280756473541,0.6379310488700867,0.1625615805387497
YBL022C,YMR137C,0,-5.102417,0.281521737575531,0.6379310488700867,0.1628078818321228
YKL138C-A,YOR057W,0,-5.1040006,0.2812160551548004,0.6379310488700867,0.1630541831254959
YBR070C,YLR370C,0,-5.1083775,0.28091105818748474,0.6379310488700867,0.1633004993200302
YGR092W,YHR178W,0,-5.109544,0.2806067168712616,0.6379310488700867,0.16354680061340332
YAL021C,YIL129C,0,-5.1112933,0.280303031206131,0.6379310488700867,0.16379310190677643
YKL134C,YML045W-A,0,-5.1132536,0.2800000011920929,0.6379310488700867,0.16403940320014954
YLL043W,YGL210W-A,0,-5.1134934,0.27969762682914734,0.6379310488700867,0.16428571939468384
YPR171W,YKL028W,0,-5.114087,0.2793959081172943,0.6379310488700867,0.16453202068805695
YOR371C,YMR053C,0,-5.115963,0.2790948152542114,0.6379310488700867,0.16477832198143005
YOR249C,YGL240W,1,-5.1173105,0.2798708379268646,0.6403940916061401,0.16477832198143005
YDL164C,YAL022C,0,-5.1246657,0.2795698940753937,0.6403940916061401,0.16502462327480316
YHR067W,YHR214C-C,0,-5.1253576,0.27926960587501526,0.6403940916061401,0.16527093946933746
YML023C,YBR295W,0,-5.1258674,0.278969943523407,0.6403940916061401,0.16551724076271057
YBL041W,YDR213W,0,-5.1260962,0.2786709666252136,0.6403940916061401,0.16576354205608368
YDR490C,YPR137C-A,0,-5.127083,0.278372585773468,0.6403940916061401,0.16600985825061798
YOR381W,YDR320C,0,-5.1270986,0.27807486057281494,0.6403940916061401,0.1662561595439911
YHL022C,YCL075W,0,-5.1288753,0.2777777910232544,0.6403940916061401,0.1665024608373642
YMR058W,YBL101W-A,0,-5.1308947,0.2774813175201416,0.6403940916061401,0.1667487621307373
YDL020C,YDR320C,0,-5.1325626,0.27718549966812134,0.6403940916061401,0.1669950783252716
YFL033C,YCL074W,0,-5.133163,0.2768903076648712,0.6403940916061401,0.16724137961864471
YKL108W,YPR137C-A,0,-5.1344748,0.27659574151039124,0.6403940916061401,0.16748768091201782
YER167W,YER032W,0,-5.134758,0.2763018012046814,0.6403940916061401,0.16773399710655212
YNL116W,YDL118W,0,-5.135252,0.2760084867477417,0.6403940916061401,0.16798029839992523
YGL232W,YGR172C,0,-5.1357903,0.27571579813957214,0.6403940916061401,0.16822659969329834
YJL168C,YLR035C-A,0,-5.136306,0.27542373538017273,0.6403940916061401,0.16847290098667145
YDL108W,YGL210W-A,0,-5.1367655,0.27513226866722107,0.6403940916061401,0.16871921718120575
YKL022C,YER147C,1,-5.1378903,0.2758985161781311,0.6428571343421936,0.16871921718120575
YGL252C,YDR057W,0,-5.140209,0.275607168674469,0.6428571343421936,0.16896551847457886
YOL123W,YML045W-A,0,-5.140236,0.275316447019577,0.6428571343421936,0.16921181976795197
YKL053C-A,YOR274W,0,-5.140421,0.2750263512134552,0.6428571343421936,0.16945812106132507
YPL132W,YOL123W,0,-5.1410375,0.27473685145378113,0.6428571343421936,0.16970443725585938
YBR240C,YBL101W-A,0,-5.1438837,0.2744479477405548,0.6428571343421936,0.16995073854923248
YPR155C,YDR261W-A,0,-5.1460896,0.27415966987609863,0.6428571343421936,0.1701970398426056
YIL009C-A,YGR161W-B,0,-5.1475306,0.2738719880580902,0.6428571343421936,0.1704433560371399
YNL156C,YBL101W-B,0,-5.1499476,0.27358490228652954,0.6428571343421936,0.170689657330513
YLR219W,YPR168W,0,-5.1502585,0.273298442363739,0.6428571343421936,0.1709359586238861
YMR078C,YBR156C,1,-5.150466,0.27405858039855957,0.6453201770782471,0.1709359586238861
YFR036W,YER147C,1,-5.150636,0.2748171389102936,0.6477832794189453,0.1709359586238861
YDR052C,YBR223C,0,-5.151586,0.2745302617549896,0.6477832794189453,0.17118225991725922
YCR107W,YER007W,0,-5.151924,0.2742440104484558,0.6477832794189453,0.17142857611179352
YBR193C,YDR365W-A,0,-5.153944,0.27395832538604736,0.6477832794189453,0.17167487740516663
YAL041W,YDR432W,0,-5.1569896,0.27367326617240906,0.6477832794189453,0.17192117869853973
YFR036W,YIL132C,1,-5.1576147,0.27442827820777893,0.6502463221549988,0.17192117869853973
YNL275W,YLR136C,0,-5.158831,0.2741433084011078,0.6502463221549988,0.17216749489307404
YAR002W,YBL101W-B,0,-5.16064,0.2738589346408844,0.6502463221549988,0.17241379618644714
YIL119C,YHR214C-C,0,-5.162178,0.2735751271247864,0.6502463221549988,0.17266009747982025
YDL232W,YCL074W,0,-5.1624684,0.2732919156551361,0.6502463221549988,0.17290639877319336
YJR022W,YOL146W,0,-5.162711,0.2730093002319336,0.6502463221549988,0.17315271496772766
YOL111C,YJL087C,0,-5.1633263,0.27272728085517883,0.6502463221549988,0.17339901626110077
YOL023W,YDR098C-B,0,-5.16378,0.27244582772254944,0.6502463221549988,0.17364531755447388
YNL068C,YOR048C,0,-5.164439,0.2721649408340454,0.6502463221549988,0.17389161884784698
YNL111C,YGR161W-B,0,-5.1655664,0.27188464999198914,0.6502463221549988,0.1741379350423813
YFL035C-A,YDR395W,0,-5.1657677,0.2716049253940582,0.6502463221549988,0.1743842363357544
YHL024W,YKR020W,0,-5.168691,0.2713257968425751,0.6502463221549988,0.1746305376291275
YER025W,YOR064C,0,-5.1699142,0.2710472345352173,0.6502463221549988,0.1748768538236618
YJL190C,YDR034C-C,0,-5.1714373,0.27076923847198486,0.6502463221549988,0.1751231551170349
YGR129W,YGR211W,0,-5.1724973,0.2704918086528778,0.6502463221549988,0.17536945641040802
YLR189C,YPL257W-B,0,-5.1735673,0.2702149450778961,0.6502463221549988,0.17561575770378113
YPL239W,YDR261W-A,0,-5.1835337,0.2699386477470398,0.6502463221549988,0.17586207389831543
YGL210W-A,YDL216C,0,-5.183557,0.26966291666030884,0.6502463221549988,0.17610837519168854
YNL199C,YIL080W,0,-5.18488,0.26938775181770325,0.6502463221549988,0.17635467648506165
YJL033W,YOR142W-A,0,-5.186533,0.269113153219223,0.6502463221549988,0.17660097777843475
YOL113W,YMR106C,0,-5.187719,0.2688390910625458,0.6502463221549988,0.17684729397296906
YBR274W,YHR183W,0,-5.188115,0.2685656249523163,0.6502463221549988,0.17709359526634216
YLL001W,YDR261W-A,0,-5.189381,0.26829269528388977,0.6502463221549988,0.17733989655971527
YPR041W,YDR365W-A,0,-5.1897874,0.26802030205726624,0.6502463221549988,0.17758621275424957
YBL063W,YBR030W,0,-5.189801,0.26774847507476807,0.6502463221549988,0.17783251404762268
YLR131C,YPL218W,0,-5.1899734,0.26747721433639526,0.6502463221549988,0.1780788153409958
YDL164C,YHR079C-B,0,-5.1913967,0.26720649003982544,0.6502463221549988,0.1783251166343689
YBL002W,YEL019C,0,-5.1916184,0.2669363021850586,0.6502463221549988,0.1785714328289032
YIL079C,YBR012W-A,0,-5.192269,0.2666666805744171,0.6502463221549988,0.1788177341222763
YPL140C,YJL087C,0,-5.1947966,0.2663975656032562,0.6502463221549988,0.17906403541564941
YOR148C,YDR261W-A,0,-5.196308,0.2661290466785431,0.6502463221549988,0.17931035161018372
YKR009C,YDR261C-C,0,-5.197548,0.26586103439331055,0.6502463221549988,0.17955665290355682
YOR195W,YHR214C-C,0,-5.19755,0.265593558549881,0.6502463221549988,0.17980295419692993
YKR027W,YAL021C,0,-5.1981397,0.2653266191482544,0.6502463221549988,0.18004925549030304
YHR098C,YLR313C,0,-5.198321,0.2650602459907532,0.6502463221549988,0.18029557168483734
YIL073C,YNL054W-B,0,-5.198583,0.26479437947273254,0.6502463221549988,0.18054187297821045
YPL051W,YJL141C,0,-5.1991034,0.2645290493965149,0.6502463221549988,0.18078817427158356
YPL241C,YEL056W,0,-5.199974,0.2642642557621002,0.6502463221549988,0.18103447556495667
YIL014W,YOR274W,0,-5.2000065,0.2639999985694885,0.6502463221549988,0.18128079175949097
YPL029W,YDL038C,0,-5.200601,0.2637362778186798,0.6502463221549988,0.18152709305286407
YHL048W,YPR137C-A,0,-5.2022624,0.2634730637073517,0.6502463221549988,0.18177339434623718
YPR036W,YPR137C-A,0,-5.205101,0.26321035623550415,0.6502463221549988,0.18201971054077148
YER032W,YJL112W,0,-5.205203,0.262948215007782,0.6502463221549988,0.1822660118341446
YGR103W,YML045W-A,0,-5.2053757,0.2626865804195404,0.6502463221549988,0.1825123131275177
YKR029C,YML010W,0,-5.20587,0.2624254524707794,0.6502463221549988,0.1827586144208908
YDR273W,YCR020C-A,0,-5.206465,0.2621648609638214,0.6502463221549988,0.1830049306154251
YDR182W,YLR035C-A,0,-5.2079153,0.261904776096344,0.6502463221549988,0.18325123190879822
YMR100W,YGR030C,0,-5.208907,0.26164519786834717,0.6502463221549988,0.18349753320217133
YNL106C,YKR019C,0,-5.209418,0.26138612627983093,0.6502463221549988,0.18374384939670563
YNL020C,YBL101W-B,0,-5.2108502,0.2611275911331177,0.6502463221549988,0.18399015069007874
YPL194W,YJL093C,0,-5.213687,0.260869562625885,0.6502463221549988,0.18423645198345184
YDL087C,YER007W,0,-5.2138786,0.26061204075813293,0.6502463221549988,0.18448275327682495
YDR052C,YGR257C,0,-5.215111,0.26035502552986145,0.6502463221549988,0.18472906947135925
YCL029C,YOR098C,0,-5.217436,0.26009851694107056,0.6502463221549988,0.18497537076473236
YDR263C,YMR016C,0,-5.217608,0.25984251499176025,0.6502463221549988,0.18522167205810547
YDR206W,YIL167W,0,-5.217684,0.25958701968193054,0.6502463221549988,0.18546797335147858
YPR167C,YBL101W-B,0,-5.217868,0.2593320310115814,0.6502463221549988,0.18571428954601288
YPR034W,YIL008W,0,-5.218679,0.2590775191783905,0.6502463221549988,0.185960590839386
YPL040C,YBL052C,0,-5.219063,0.25882354378700256,0.6502463221549988,0.1862068921327591
YJL111W,YOL023W,0,-5.220236,0.25857001543045044,0.6502463221549988,0.1864532083272934
YNL282W,YDL033C,0,-5.2210073,0.2583170235157013,0.6502463221549988,0.1866995096206665
YDR363W,YAL023C,0,-5.2211,0.25806450843811035,0.6502463221549988,0.1869458109140396
YBL008W,YPR137C-A,0,-5.22133,0.2578125,0.6502463221549988,0.18719211220741272
YFR036W,YGR275W,1,-5.222002,0.25853657722473145,0.6527093648910522,0.18719211220741272
YOR322C,YOR137C,0,-5.2225046,0.2582845985889435,0.6527093648910522,0.18743842840194702
YOR116C,YPR125W,0,-5.222668,0.2580330967903137,0.6527093648910522,0.18768472969532013
YGR288W,YOR372C,0,-5.2227902,0.25778210163116455,0.6527093648910522,0.18793103098869324
YBR107C,YIL144W,1,-5.2230015,0.25850340723991394,0.6551724076271057,0.18793103098869324
YOL123W,YGR161W-B,0,-5.2239075,0.25825244188308716,0.6551724076271057,0.18817734718322754
YER051W,YBR080C,0,-5.2271085,0.2580019533634186,0.6551724076271057,0.18842364847660065
YLR131C,YJL125C,0,-5.2276134,0.2577519416809082,0.6551724076271057,0.18866994976997375
YJL110C,YIL167W,0,-5.231161,0.25750240683555603,0.6551724076271057,0.18891625106334686
YDL116W,YBL101W-A,0,-5.231957,0.25725337862968445,0.6551724076271057,0.18916256725788116
YMR006C,YDR098C-B,0,-5.2401385,0.25700482726097107,0.6551724076271057,0.18940886855125427
YMR183C,YDR210W-B,0,-5.2404776,0.2567567527294159,0.6551724076271057,0.18965516984462738
YHR014W,YGR063C,1,-5.2414017,0.2574734687805176,0.6576354503631592,0.18965516984462738
YDR081C,YDR210W-B,0,-5.242155,0.2572254240512848,0.6576354503631592,0.1899014711380005
YDL100C,YJR028W,0,-5.2437406,0.2569778561592102,0.6576354503631592,0.1901477873325348
YMR264W,YFL033C,0,-5.2468095,0.2567307651042938,0.6576354503631592,0.1903940886259079
YOL144W,YOR142W-A,0,-5.2470217,0.25648415088653564,0.6576354503631592,0.190640389919281
YHR108W,YLR035C-A,0,-5.2476482,0.25623801350593567,0.6576354503631592,0.1908867061138153
YLR319C,YOR217W,0,-5.2478056,0.2559923231601715,0.6576354503631592,0.19113300740718842
YCR020C-A,YAL017W,0,-5.248121,0.25574713945388794,0.6576354503631592,0.19137930870056152
YOR319W,YFL049W,0,-5.2494383,0.2555024027824402,0.6576354503631592,0.19162560999393463
YNL021W,YBR012W-A,0,-5.249523,0.25525811314582825,0.6576354503631592,0.19187192618846893
YJL104W,YLR316C,0,-5.2525306,0.2550143301486969,0.6576354503631592,0.19211822748184204
YBR079C,YHR214C-C,0,-5.252634,0.25477099418640137,0.6576354503631592,0.19236452877521515
YER026C,YDR034C-C,0,-5.2548304,0.25452813506126404,0.6576354503631592,0.19261083006858826
YBL103C,YPR137C-A,0,-5.2558584,0.2542857229709625,0.6576354503631592,0.19285714626312256
YOR308C,YOR192C-A,0,-5.2558775,0.2540437579154968,0.6576354503631592,0.19310344755649567
YBR234C,YBR193C,0,-5.256391,0.25380226969718933,0.6576354503631592,0.19334974884986877
YGR258C,YNL025C,0,-5.2569923,0.25356125831604004,0.6576354503631592,0.19359606504440308
YJL087C,YGR161C-D,0,-5.257916,0.25332069396972656,0.6576354503631592,0.19384236633777618
YDR361C,YGR161C-D,0,-5.2597837,0.2530805766582489,0.6576354503631592,0.1940886676311493
YBR036C,YPR137C-A,0,-5.2602186,0.25284090638160706,0.6576354503631592,0.1943349689245224
YDL100C,YNL287W,0,-5.2615337,0.2526017129421234,0.6576354503631592,0.1945812851190567
YDR317W,YGL086W,0,-5.2616043,0.2523629367351532,0.6576354503631592,0.1948275864124298
YBR156C,YFL008W,1,-5.262149,0.2530689239501953,0.6600984930992126,0.1948275864124298
YOR388C,YOR142W-A,0,-5.2626257,0.2528301775455475,0.6600984930992126,0.19507388770580292
YJL154C,YOR142W-A,0,-5.264016,0.25259190797805786,0.6600984930992126,0.19532020390033722
YOL113W,YMR183C,0,-5.2656813,0.25235405564308167,0.6600984930992126,0.19556650519371033
YOR187W,YOR192C-A,0,-5.267799,0.2521166503429413,0.6600984930992126,0.19581280648708344
YLR117C,YNL009W,0,-5.2681623,0.2518796920776367,0.6600984930992126,0.19605910778045654
YOR018W,YLR183C,0,-5.2690268,0.25164318084716797,0.6600984930992126,0.19630542397499084
YJL110C,YOR025W,0,-5.270093,0.25140711665153503,0.6600984930992126,0.19655172526836395
YPL240C,YML045W-A,0,-5.272015,0.2511714994907379,0.6600984930992126,0.19679802656173706
YDR263C,YPL007C,0,-5.2728677,0.2509363293647766,0.6600984930992126,0.19704432785511017
YNL071W,YPR137C-A,0,-5.2729583,0.25070157647132874,0.6600984930992126,0.19729064404964447
YNL199C,YDR210W-C,0,-5.2744308,0.25046730041503906,0.6600984930992126,0.19753694534301758
YFL016C,YDR210W-D,0,-5.2744308,0.2502334415912628,0.6600984930992126,0.19778324663639069
YDR361C,YDR210W-C,0,-5.2744308,0.25,0.6600984930992126,0.198029562830925
YDR301W,YDR210W-C,0,-5.2744308,0.249767005443573,0.6600984930992126,0.1982758641242981
YGL225W,YDR210W-C,0,-5.2744308,0.2495344579219818,0.6600984930992126,0.1985221654176712
YOR232W,YDR210W-D,0,-5.2744308,0.24930232763290405,0.6600984930992126,0.1987684667110443
YKR029C,YDR210W-C,0,-5.2744308,0.24907062947750092,0.6600984930992126,0.1990147829055786
YLR370C,YDR210W-C,0,-5.2744308,0.2488393634557724,0.6600984930992126,0.19926108419895172
YPR121W,YDR210W-C,0,-5.2744308,0.2486085295677185,0.6600984930992126,0.19950738549232483
YDR499W,YDR210W-D,0,-5.2744308,0.24837812781333923,0.6600984930992126,0.19975370168685913
YNL071W,YBL101W-A,0,-5.2744308,0.2481481432914734,0.6600984930992126,0.20000000298023224
YKL117W,YDR210W-D,0,-5.2744308,0.24791859090328217,0.6600984930992126,0.20024630427360535
YNL116W,YDR210W-D,0,-5.2744308,0.24768947064876556,0.6600984930992126,0.20049260556697845
YER006W,YDR210W-D,0,-5.2744308,0.2474607527256012,0.6600984930992126,0.20073892176151276
YBR077C,YDR210W-C,0,-5.2744308,0.24723246693611145,0.6600984930992126,0.20098522305488586
YDL038C,YOR142W-A,0,-5.2744308,0.24700461328029633,0.6600984930992126,0.20123152434825897
YPL147W,YBL101W-A,0,-5.2744308,0.24677716195583344,0.6600984930992126,0.20147782564163208
YKR014C,YDR210W-D,0,-5.2744308,0.24655014276504517,0.6600984930992126,0.20172414183616638
YJL110C,YGL210W-A,0,-5.2789373,0.24632352590560913,0.6600984930992126,0.2019704431295395
YJL001W,YIR022W,0,-5.2804976,0.24609734117984772,0.6600984930992126,0.2022167444229126
YAL022C,YBR279W,0,-5.281784,0.24587155878543854,0.6600984930992126,0.2024630606174469
YHR143W-A,YOR106W,0,-5.282579,0.24564619362354279,0.6600984930992126,0.20270936191082
YER116C,YPR036W,0,-5.282901,0.24542124569416046,0.6600984930992126,0.20295566320419312
YHR036W,YGR161C-D,0,-5.2831774,0.24519670009613037,0.6600984930992126,0.20320196449756622
YDR439W,YLR321C,1,-5.283844,0.2458866536617279,0.6625615954399109,0.20320196449756622
YIL132C,YBR107C,1,-5.283895,0.24657534062862396,0.6650246381759644,0.20320196449756622
YGR231C,YMR061W,0,-5.2840347,0.24635036289691925,0.6650246381759644,0.20344828069210052
YPL187W,YBR080C,0,-5.2841883,0.24612580239772797,0.6650246381759644,0.20369458198547363
YDL108W,YDR057W,0,-5.2842054,0.24590164422988892,0.6650246381759644,0.20394088327884674
YOL038W,YBL101W-A,0,-5.2868237,0.2456778883934021,0.6650246381759644,0.20418719947338104
YOL158C,YGR109W-A,0,-5.2870474,0.2454545497894287,0.6650246381759644,0.20443350076675415
YGL006W,YDR261C-C,0,-5.289024,0.24523161351680756,0.6650246381759644,0.20467980206012726
YGL210W-A,YKR059W,0,-5.2892838,0.24500907957553864,0.6650246381759644,0.20492610335350037
YKL052C,YMR016C,0,-5.2907557,0.24478694796562195,0.6650246381759644,0.20517241954803467
YML118W,YPL257W-B,0,-5.291981,0.2445652186870575,0.6650246381759644,0.20541872084140778
YMR172W,YDR177W,0,-5.292064,0.24434389173984528,0.6650246381759644,0.20566502213478088
YNL275W,YOL038W,0,-5.292309,0.2441229671239853,0.6650246381759644,0.205911323428154
YDR529C,YBL101W-B,0,-5.293062,0.24390244483947754,0.6650246381759644,0.2061576396226883
YGR040W,YML023C,0,-5.293678,0.24368230998516083,0.6650246381759644,0.2064039409160614
YHR166C,YJL019W,1,-5.2938285,0.24436429142951965,0.6674876809120178,0.2064039409160614
YDR180W,YHR014W,1,-5.2940106,0.24504505097866058,0.6699507236480713,0.2064039409160614
YGR206W,YLR139C,0,-5.295089,0.24482448399066925,0.6699507236480713,0.2066502422094345
YPL227C,YOR142W-A,0,-5.295666,0.24460431933403015,0.6699507236480713,0.2068965584039688
YBR036C,YCR062W,0,-5.295812,0.2443845421075821,0.6699507236480713,0.20714285969734192
YGR152C,YPR137C-A,0,-5.2958274,0.24416516721248627,0.6699507236480713,0.20738916099071503
YGR040W,YOR367W,0,-5.2958956,0.24394619464874268,0.6699507236480713,0.20763546228408813
YML004C,YBL101W-B,0,-5.2962275,0.24372759461402893,0.6699507236480713,0.20788177847862244
YMR052W,YIL073C,0,-5.296238,0.24350939691066742,0.6699507236480713,0.20812807977199554
YIL140W,YBR135W,0,-5.2968454,0.24329158663749695,0.6699507236480713,0.20837438106536865
YAL038W,YHR214C-C,0,-5.29713,0.2430741786956787,0.6699507236480713,0.20862068235874176
YBR193C,YOR172W,0,-5.299299,0.24285714328289032,0.6699507236480713,0.20886699855327606
YML006C,YOR362C,0,-5.30032,0.24264049530029297,0.6699507236480713,0.20911329984664917
YFL029C,YGR206W,0,-5.3031015,0.24242424964904785,0.6699507236480713,0.20935960114002228
YCL029C,YBR216C,0,-5.3032045,0.24220837652683258,0.6699507236480713,0.20960591733455658
YPR141C,YLR321C,1,-5.303398,0.24288256466388702,0.6724137663841248,0.20960591733455658
YGR211W,YDR210W-B,0,-5.30342,0.24266666173934937,0.6724137663841248,0.2098522186279297
YOR226C,YOR142W-A,0,-5.3041496,0.24245116114616394,0.6724137663841248,0.2100985199213028
YDR110W,YDR261C-C,0,-5.304496,0.24223601818084717,0.6724137663841248,0.2103448212146759
YPL089C,YCL074W,0,-5.3063707,0.24202127754688263,0.6724137663841248,0.2105911374092102
YML061C,YDR098C-B,0,-5.3072577,0.24180690944194794,0.6724137663841248,0.2108374387025833
YBR086C,YML047C,0,-5.3091235,0.2415929138660431,0.6724137663841248,0.21108373999595642
YNL264C,YBR081C,0,-5.309669,0.24137930572032928,0.6724137663841248,0.21133005619049072
YLR263W,YNR034W,0,-5.3127565,0.24116608500480652,0.6724137663841248,0.21157635748386383
YOR064C,YDR261C-C,0,-5.313047,0.2409532219171524,0.6724137663841248,0.21182265877723694
YOR178C,YMR167W,0,-5.3135905,0.24074074625968933,0.6724137663841248,0.21206896007061005
YPL147W,YGR161C-D,0,-5.315648,0.2405286282300949,0.6724137663841248,0.21231527626514435
YDR363W,YGR109W-A,0,-5.316717,0.24031689763069153,0.6724137663841248,0.21256157755851746
YLR127C,YGL240W,1,-5.317771,0.24098505079746246,0.674876868724823,0.21256157755851746
YHR166C,YFR036W,1,-5.318627,0.24165202677249908,0.6773399114608765,0.21256157755851746
YDR490C,YPL010W,0,-5.322019,0.24143986403942108,0.6773399114608765,0.21280787885189056
YBR274W,YML115C,0,-5.3227496,0.24122807383537292,0.6773399114608765,0.21305418014526367
YNL220W,YDR261W-A,0,-5.3229446,0.24101665616035461,0.6773399114608765,0.21330049633979797
YLR127C,YFL037W,1,-5.323549,0.2416812628507614,0.6798029541969299,0.21330049633979797
YNL261W,YPL257W-B,0,-5.3245807,0.24146981537342072,0.6798029541969299,0.21354679763317108
YER147C,YOR073W,1,-5.325957,0.24213287234306335,0.6822659969329834,0.21354679763317108
YJR082C,YOR193W,0,-5.3259716,0.24192139506340027,0.6822659969329834,0.2137930989265442
YIR013C,YOL146W,0,-5.3259964,0.24171029031276703,0.6822659969329834,0.2140394151210785
YLR205C,YDR081C,0,-5.326755,0.24149955809116364,0.6822659969329834,0.2142857164144516
YIL132C,YGR063C,1,-5.328599,0.24216027557849884,0.6847290396690369,0.2142857164144516
YML006C,YDR365W-A,0,-5.330215,0.24194952845573425,0.6847290396690369,0.2145320177078247
YAL021C,YFL016C,0,-5.3326116,0.24173912405967712,0.6847290396690369,0.21477831900119781
YPR111W,YDR098C-B,0,-5.336511,0.24152910709381104,0.6847290396690369,0.21502463519573212
YDL102W,YEL062W,0,-5.3371606,0.2413194477558136,0.6847290396690369,0.21527093648910522
YNL199C,YLR384C,0,-5.338065,0.24111014604568481,0.6847290396690369,0.21551723778247833
YGL201C,YDL212W,0,-5.3399706,0.24090121686458588,0.6847290396690369,0.21576355397701263
YBR156C,YHR014W,1,-5.341275,0.24155844748020172,0.6871921420097351,0.21576355397701263
YOR073W,YFL037W,1,-5.3423376,0.24221453070640564,0.6896551847457886,0.21576355397701263
YGL240W,YDR180W,1,-5.345438,0.24286949634552002,0.692118227481842,0.21576355397701263
YER183C,YBR173C,0,-5.3477154,0.2426597625017166,0.692118227481842,0.21600985527038574
YLR409C,YOR064C,0,-5.347973,0.24245038628578186,0.692118227481842,0.21625615656375885
YNL264C,YDR170C,0,-5.3494163,0.24224138259887695,0.692118227481842,0.21650245785713196
YDR081C,YDR098C-B,0,-5.350008,0.2420327365398407,0.692118227481842,0.21674877405166626
YBR107C,YGR089W,1,-5.351033,0.24268501996994019,0.6945812702178955,0.21674877405166626
YOR122C,YDR034C-C,0,-5.351202,0.24247635900974274,0.6945812702178955,0.21699507534503937
YPR034W,YJR103W,0,-5.351366,0.24226804077625275,0.6945812702178955,0.21724137663841248
YOR320C,YIL135C,0,-5.3515296,0.2420600801706314,0.6945812702178955,0.21748767793178558
YKL208W,YKL134C,0,-5.3519363,0.24185249209403992,0.6945812702178955,0.21773399412631989
YPR029C,YDL038C,0,-5.352764,0.24164524674415588,0.6945812702178955,0.217980295419693
YML061C,YGR161C-D,0,-5.3529377,0.2414383590221405,0.6945812702178955,0.2182265967130661
YDR081C,YER169W,0,-5.3532076,0.24123182892799377,0.6945812702178955,0.2184729129076004
YLR391W-A,YEL056W,0,-5.3535585,0.2410256415605545,0.6945812702178955,0.2187192142009735
YBR112C,YDR261C-C,0,-5.3542986,0.2408198118209839,0.6945812702178955,0.21896551549434662
YNL078W,YML115C,0,-5.354682,0.24061433970928192,0.6945812702178955,0.21921181678771973
YER025W,YPR137C-A,0,-5.3551655,0.24040921032428741,0.6945812702178955,0.21945813298225403
YFR008W,YDR210W-B,0,-5.355231,0.24020442366600037,0.6945812702178955,0.21970443427562714
YBR202W,YJR022W,0,-5.3558893,0.23999999463558197,0.6945812702178955,0.21995073556900024
YOR257W,YOR322C,0,-5.3567104,0.23979592323303223,0.6945812702178955,0.22019705176353455
YGR040W,YDL106C,0,-5.356733,0.23959217965602875,0.6945812702178955,0.22044335305690765
YPL059W,YHL022C,0,-5.3567486,0.23938879370689392,0.6945812702178955,0.22068965435028076
YPL007C,YBL101W-A,0,-5.356882,0.23918575048446655,0.6945812702178955,0.22093595564365387
YJL001W,YKR014C,0,-5.356953,0.23898304998874664,0.6945812702178955,0.22118227183818817
YPR176C,YML105C,0,-5.358473,0.2387806922197342,0.6945812702178955,0.22142857313156128
YNL009W,YLR313C,0,-5.359477,0.2385786771774292,0.6945812702178955,0.2216748744249344
YMR135C,YFL049W,0,-5.3608885,0.23837700486183167,0.6945812702178955,0.2219211757183075
YBL063W,YNL261W,0,-5.362468,0.2381756752729416,0.6945812702178955,0.2221674919128418
YPL051W,YHR036W,0,-5.363235,0.23797468841075897,0.6945812702178955,0.2224137932062149
YBR087W,YOR073W,1,-5.3657484,0.2386171966791153,0.697044312953949,0.2224137932062149
YBR010W,YHR154W,0,-5.366449,0.2384161800146103,0.697044312953949,0.222660094499588
YNL220W,YML045W-A,0,-5.3669114,0.23821549117565155,0.697044312953949,0.22290641069412231
YFR047C,YDR261C-C,0,-5.3681746,0.23801514506340027,0.697044312953949,0.22315271198749542
YNL094W,YHR205W,0,-5.368459,0.23781512677669525,0.697044312953949,0.22339901328086853
YDR432W,YGR161C-D,0,-5.3684673,0.2376154512166977,0.697044312953949,0.22364531457424164
YOR322C,YHR214C-C,0,-5.3686237,0.2374161034822464,0.697044312953949,0.22389163076877594
YDR363W,YBR283C,0,-5.3722854,0.23721709847450256,0.697044312953949,0.22413793206214905
YOL139C,YJR028W,0,-5.372324,0.237018421292305,0.697044312953949,0.22438423335552216
YBL103C,YDR098C-B,0,-5.3739514,0.23682008683681488,0.697044312953949,0.22463053464889526
YGR161W-B,YHR048W,0,-5.3742156,0.23662208020687103,0.697044312953949,0.22487685084342957
YBR211C,YFR036W,1,-5.3753605,0.23725982010364532,0.6995074152946472,0.22487685084342957
YDR211W,YDR210W-B,0,-5.377559,0.2370617687702179,0.6995074152946472,0.22512315213680267
YDR252W,YPL140C,0,-5.37815,0.23686406016349792,0.6995074152946472,0.22536945343017578
YJR043C,YGL163C,0,-5.3796935,0.23666666448116302,0.6995074152946472,0.22561576962471008
YBL080C,YNL197C,0,-5.3799744,0.23646961152553558,0.6995074152946472,0.2258620709180832
YLL050C,YCR062W,0,-5.3800693,0.2362728714942932,0.6995074152946472,0.2261083722114563
YFL029C,YDR261C-C,0,-5.3823824,0.2360764741897583,0.6995074152946472,0.2263546735048294
YBR086C,YDR210W-B,0,-5.3824105,0.23588040471076965,0.6995074152946472,0.2266009896993637
YOR381W,YPL257W-B,0,-5.38356,0.23568464815616608,0.6995074152946472,0.22684729099273682
YCR094W,YCL066W,0,-5.384634,0.23548921942710876,0.6995074152946472,0.22709359228610992
YBR114W,YHR163W,0,-5.3863287,0.23529411852359772,0.6995074152946472,0.22733990848064423
YFR036W,YHR014W,1,-5.3864965,0.23592714965343475,0.7019704580307007,0.22733990848064423
YEL056W,YGL252C,0,-5.387837,0.23573200404644012,0.7019704580307007,0.22758620977401733
YNL012W,YMR087W,0,-5.389202,0.23553718626499176,0.7019704580307007,0.22783251106739044
YPL187W,YNL054W-B,0,-5.3895693,0.23534269630908966,0.7019704580307007,0.22807881236076355
YNL251C,YML045W-A,0,-5.391797,0.23514851927757263,0.7019704580307007,0.22832512855529785
YKL138C-A,YDR395W,0,-5.392713,0.23495465517044067,0.7019704580307007,0.22857142984867096
YER032W,YPL152W,0,-5.3933196,0.23476111888885498,0.7019704580307007,0.22881773114204407
YAL020C,YDR261W-A,0,-5.3934712,0.23456789553165436,0.7019704580307007,0.22906403243541718
YLR080W,YDR261C-C,0,-5.395437,0.234375,0.7019704580307007,0.22931034862995148
YLR127C,YOR156C,1,-5.397508,0.23500411212444305,0.7044335007667542,0.22931034862995148
YHR070W,YPL257W-B,0,-5.3984265,0.23481117188930511,0.7044335007667542,0.22955664992332458
YEL019C,YIL110W,0,-5.398464,0.23461854457855225,0.7044335007667542,0.2298029512166977
YBR098W,YGL070C,0,-5.398512,0.23442623019218445,0.7044335007667542,0.230049267411232
YBR170C,YGR161W-B,0,-5.399736,0.23423422873020172,0.7044335007667542,0.2302955687046051
YGL133W,YOR142W-A,0,-5.3999276,0.23404255509376526,0.7044335007667542,0.2305418699979782
YNL138W,YJL113W,0,-5.4002724,0.23385117948055267,0.7044335007667542,0.23078817129135132
YNL071W,YHR214C-C,0,-5.4006467,0.23366013169288635,0.7044335007667542,0.23103448748588562
YLL001W,YLR035C-A,0,-5.4010735,0.2334693819284439,0.7044335007667542,0.23128078877925873
YJL019W,YIL144W,1,-5.40115,0.23409461975097656,0.7068965435028076,0.23128078877925873
YOL151W,YOR192C-A,0,-5.4013705,0.23390382528305054,0.7068965435028076,0.23152709007263184
YIL128W,YBL101W-A,0,-5.40213,0.23371335864067078,0.7068965435028076,0.23177340626716614
YER114C,YER031C,0,-5.4022264,0.2335231900215149,0.7068965435028076,0.23201970756053925
YIL140W,YDR424C,0,-5.402246,0.23333333432674408,0.7068965435028076,0.23226600885391235
YPL132W,YMR214W,0,-5.4022784,0.23314379155635834,0.7068965435028076,0.23251231014728546
YGR055W,YPR137C-A,0,-5.402712,0.23295454680919647,0.7068965435028076,0.23275862634181976
YER032W,YKL034W,0,-5.404464,0.23276561498641968,0.7068965435028076,0.23300492763519287
YDL076C,YOR149C,0,-5.4052563,0.23257698118686676,0.7068965435028076,0.23325122892856598
YMR106C,YLR346C,0,-5.40543,0.2323886603116989,0.7068965435028076,0.2334975302219391
YDR339C,YMR046C,0,-5.4086213,0.23220065236091614,0.7068965435028076,0.2337438464164734
YGL210W-A,YBL039C,0,-5.4098215,0.23201292753219604,0.7068965435028076,0.2339901477098465
YNL119W,YDR159W,0,-5.4130316,0.23182553052902222,0.7068965435028076,0.2342364490032196
YBL041W,YLR119W,0,-5.413521,0.23163841664791107,0.7068965435028076,0.2344827651977539
YJR125C,YOR192C-A,0,-5.413685,0.231451615691185,0.7068965435028076,0.23472906649112701
YLR370C,YOR174W,0,-5.414577,0.2312651127576828,0.7068965435028076,0.23497536778450012
YJL101C,YOR142W-A,0,-5.415768,0.23107890784740448,0.7068965435028076,0.23522166907787323
YPR168W,YPL218W,0,-5.4162474,0.23089300096035004,0.7068965435028076,0.23546798527240753
YLR205C,YPR068C,0,-5.4163494,0.23070739209651947,0.7068965435028076,0.23571428656578064
YER167W,YCR073C,0,-5.417355,0.23052208125591278,0.7068965435028076,0.23596058785915375
YCR107W,YKR007W,0,-5.417939,0.23033708333969116,0.7068965435028076,0.23620688915252686
YPL160W,YFR002W,0,-5.4181767,0.23015236854553223,0.7068965435028076,0.23645320534706116
YAL020C,YLR133W,0,-5.4184074,0.22996795177459717,0.7068965435028076,0.23669950664043427
YER147C,YHR014W,1,-5.419245,0.23058447241783142,0.7093595862388611,0.23669950664043427
YER114C,YOL031C,0,-5.41929,0.2303999960422516,0.7093595862388611,0.23694580793380737
YBR010W,YIL082W-A,0,-5.4201336,0.23021583259105682,0.7093595862388611,0.23719212412834167
YCR107W,YGL163C,0,-5.4214416,0.23003195226192474,0.7093595862388611,0.23743842542171478
YOR076C,YNR031C,0,-5.4217315,0.22984836995601654,0.7093595862388611,0.2376847267150879
YML006C,YOL123W,0,-5.423607,0.22966507077217102,0.7093595862388611,0.237931028008461
YNL030W,YDR499W,0,-5.4243035,0.22948206961154938,0.7093595862388611,0.2381773442029953
YBR211C,YFL037W,1,-5.4247103,0.2300955355167389,0.7118226885795593,0.2381773442029953
YMR268C,YDL112W,0,-5.426061,0.22991248965263367,0.7118226885795593,0.2384236454963684
YHR194W,YDR365W-A,0,-5.426909,0.22972972691059113,0.7118226885795593,0.23866994678974152
YOR367W,YCL074W,0,-5.4274983,0.22954726219177246,0.7118226885795593,0.23891626298427582
YPR140W,YKR050W,0,-5.4276667,0.22936508059501648,0.7118226885795593,0.23916256427764893
YBL101W-B,YNR048W,0,-5.4286475,0.22918318212032318,0.7118226885795593,0.23940886557102203
YDR183W,YAR035W,0,-5.429392,0.22900158166885376,0.7118226885795593,0.23965516686439514
YOL146W,YDR170C,0,-5.4299555,0.22882026433944702,0.7118226885795593,0.23990148305892944
YBR234C,YAR002W,0,-5.430494,0.22863924503326416,0.7118226885795593,0.24014778435230255
YNL287W,YOL091W,0,-5.431244,0.2284584939479828,0.7118226885795593,0.24039408564567566
YIL128W,YNL177C,0,-5.4322486,0.2282780408859253,0.7118226885795593,0.24064038693904877
YBR087W,YBR156C,1,-5.4345036,0.228887140750885,0.7142857313156128,0.24064038693904877
YIL010W,YLR067C,0,-5.4360995,0.22870662808418274,0.7142857313156128,0.24088670313358307
YML010W,YBR030W,0,-5.4370203,0.22852639853954315,0.7142857313156128,0.24113300442695618
YKL108W,YGR090W,0,-5.438481,0.22834645211696625,0.7142857313156128,0.24137930572032928
YER120W,YLR119W,0,-5.4413557,0.22816680371761322,0.7142857313156128,0.2416256219148636
YNL262W,YHR056C,0,-5.4420285,0.22798742353916168,0.7142857313156128,0.2418719232082367
YLR080W,YOR290C,0,-5.4422207,0.22780832648277283,0.7142857313156128,0.2421182245016098
YBR279W,YIL022W,0,-5.4454556,0.22762951254844666,0.7142857313156128,0.2423645257949829
YDL074C,YOR322C,0,-5.445985,0.22745098173618317,0.7142857313156128,0.2426108419895172
YDR206W,YPR137C-A,0,-5.446539,0.22727273404598236,0.7142857313156128,0.24285714328289032
YDR182W,YGR030C,0,-5.44997,0.22709475457668304,0.7142857313156128,0.24310344457626343
YNR059W,YOL138C,0,-5.450877,0.2269170582294464,0.7142857313156128,0.24334976077079773
YDR421W,YOL023W,0,-5.4512444,0.22673964500427246,0.7142857313156128,0.24359606206417084
YLR403W,YFL049W,0,-5.4526043,0.2265625,0.7142857313156128,0.24384236335754395
YPR055W,YDR261C-C,0,-5.4534936,0.22638563811779022,0.7142857313156128,0.24408866465091705
YIR037W,YDR210W-B,0,-5.4536457,0.22620904445648193,0.7142857313156128,0.24433498084545135
YPR171W,YNL280C,0,-5.4550323,0.22603273391723633,0.7142857313156128,0.24458128213882446
YNL103W,YPL151C,0,-5.4551,0.2258566915988922,0.7142857313156128,0.24482758343219757
YDL022W,YCR062W,0,-5.4577503,0.22568093240261078,0.7142857313156128,0.24507388472557068
YLR183C,YPL257W-B,0,-5.4582286,0.22550544142723083,0.7142857313156128,0.24532020092010498
YER108C,YNL106C,0,-5.4587355,0.22533021867275238,0.7142857313156128,0.2455665022134781
YMR239C,YHR031C,0,-5.4606514,0.2251552790403366,0.7142857313156128,0.2458128035068512
YJR094C,YER031C,0,-5.4610515,0.22498060762882233,0.7142857313156128,0.2460591197013855
YKL052C,YHR079C-B,0,-5.462509,0.22480620443820953,0.7142857313156128,0.2463054209947586
YPR141C,YHR014W,1,-5.463001,0.22540666162967682,0.7167487740516663,0.2463054209947586
YBR290W,YDL160C,0,-5.464258,0.22523219883441925,0.7167487740516663,0.2465517222881317
YCR094W,YDR175C,0,-5.4649158,0.22505800426006317,0.7167487740516663,0.24679802358150482
YML086C,YDL209C,0,-5.4665627,0.22488407790660858,0.7167487740516663,0.24704433977603912
YMR284W,YGR109W-A,0,-5.467532,0.22471041977405548,0.7167487740516663,0.24729064106941223
YDL102W,YDR301W,0,-5.4686995,0.22453702986240387,0.7167487740516663,0.24753694236278534
YPL187W,YDR422C,0,-5.4687204,0.22436392307281494,0.7167487740516663,0.24778325855731964
YFL003C,YPR041W,0,-5.4705496,0.2241910696029663,0.7167487740516663,0.24802955985069275
YNL103W,YKL144C,0,-5.471555,0.22401846945285797,0.7167487740516663,0.24827586114406586
YAL023C,YNL054W-B,0,-5.473281,0.22384615242481232,0.7167487740516663,0.24852216243743896
YOL113W,YOR142W-A,0,-5.473434,0.22367410361766815,0.7167487740516663,0.24876847863197327
YBL008W,YOL068C,0,-5.4745584,0.22350230813026428,0.7167487740516663,0.24901477992534637
YLR368W,YCR092C,0,-5.4745836,0.2233307808637619,0.7167487740516663,0.24926108121871948
YOR156C,YLR321C,1,-5.4768915,0.22392638027668,0.7192118167877197,0.24926108121871948
YBR010W,YGL133W,0,-5.47783,0.22375479340553284,0.7192118167877197,0.2495073825120926
YDR499W,YGR244C,0,-5.4778333,0.22358345985412598,0.7192118167877197,0.2497536987066269
YOR231W,YCL075W,0,-5.4779377,0.2234123945236206,0.7192118167877197,0.25
YNL068C,YCR037C,0,-5.4787083,0.22324159741401672,0.7192118167877197,0.2502463161945343
YLL031C,YOR142W-A,0,-5.4815145,0.22307105362415314,0.7192118167877197,0.2504926025867462
YDR439W,YGR275W,1,-5.481583,0.22366411983966827,0.7216748595237732,0.2504926025867462
YDR201W,YCR062W,0,-5.481764,0.2234935164451599,0.7216748595237732,0.2507389187812805
YBR070C,YGR135W,0,-5.483438,0.22332316637039185,0.7216748595237732,0.2509852349758148
YER155C,YJR021C,0,-5.4842896,0.22315308451652527,0.7216748595237732,0.25123152136802673
YOR076C,YFL060C,0,-5.4849772,0.222983255982399,0.7216748595237732,0.25147783756256104
YAL058W,YOL071W,0,-5.487577,0.222813680768013,0.7216748595237732,0.25172412395477295
YGR261C,YML104C,0,-5.488918,0.2226443737745285,0.7216748595237732,0.25197044014930725
YOR181W,YDR098C-B,0,-5.489995,0.2224753201007843,0.7216748595237732,0.25221675634384155
YJR082C,YLR316C,0,-5.490253,0.2223065197467804,0.7216748595237732,0.25246304273605347
YDR170C,YCR062W,0,-5.4911375,0.22213798761367798,0.7216748595237732,0.25270935893058777
YCL039W,YPL187W,0,-5.491398,0.22196969389915466,0.7216748595237732,0.25295567512512207
YER147C,YFL037W,1,-5.4926357,0.2225586622953415,0.7241379022598267,0.25295567512512207
YNL220W,YLR117C,0,-5.492847,0.2223903238773346,0.7241379022598267,0.253201961517334
YDR081C,YCR037C,0,-5.4932065,0.2222222238779068,0.7241379022598267,0.2534482777118683
YPR175W,YMR164C,0,-5.4934425,0.2220543771982193,0.7241379022598267,0.2536945939064026
YKL022C,YFR036W,1,-5.493597,0.22264151275157928,0.7266010046005249,0.2536945939064026
YDR511W,YMR236W,0,-5.49381,0.222473606467247,0.7266010046005249,0.2539408802986145
YJL104W,YOR290C,0,-5.496257,0.22230595350265503,0.7266010046005249,0.2541871964931488
YGL240W,YBR107C,1,-5.4965496,0.22289156913757324,0.7290640473365784,0.2541871964931488
YBR290W,YLR088W,0,-5.497335,0.2227238565683365,0.7290640473365784,0.2544334828853607
YML086C,YOR371C,0,-5.497635,0.22255639731884003,0.7290640473365784,0.254679799079895
YML031W,YOR122C,0,-5.4994817,0.22238917648792267,0.7290640473365784,0.2549261152744293
YOL146W,YGR112W,0,-5.5008903,0.2222222238779068,0.7290640473365784,0.25517240166664124
YBR038W,YIL080W,0,-5.501075,0.22205550968647003,0.7290640473365784,0.25541871786117554
YJR021C,YJR029W,0,-5.501174,0.22188904881477356,0.7290640473365784,0.25566503405570984
YDR480W,YPR140W,0,-5.5032406,0.22172284126281738,0.7290640473365784,0.25591132044792175
YMR264W,YDR303C,0,-5.504644,0.2215568870306015,0.7290640473365784,0.25615763664245605
YJL101C,YIL007C,0,-5.5047636,0.22139117121696472,0.7290640473365784,0.25640395283699036
YJR131W,YDR435C,0,-5.505815,0.22122570872306824,0.7290640473365784,0.25665023922920227
YHR190W,YCR062W,0,-5.506145,0.22106049954891205,0.7290640473365784,0.2568965554237366
YHR166C,YBR107C,1,-5.5062394,0.22164179384708405,0.7315270900726318,0.2568965554237366
YLR391W-A,YJR082C,0,-5.506671,0.2214765101671219,0.7315270900726318,0.2571428716182709
YER167W,YPR036W,0,-5.506884,0.22131147980690002,0.7315270900726318,0.2573891580104828
YML061C,YKL034W,0,-5.5090537,0.22114668786525726,0.7315270900726318,0.2576354742050171
YOL130W,YPL016W,0,-5.509114,0.2209821492433548,0.7315270900726318,0.257881760597229
YJR043C,YJR028W,0,-5.5097537,0.22081784904003143,0.7315270900726318,0.2581280767917633
YMR135C,YBL101W-A,0,-5.51008,0.22065378725528717,0.7315270900726318,0.2583743929862976
YJR091C,YJR131W,0,-5.510681,0.2204899787902832,0.7315270900726318,0.2586206793785095
YBR240C,YNL054W-B,0,-5.511077,0.22032640874385834,0.7315270900726318,0.2588669955730438
YOR195W,YNL054W-B,0,-5.5115304,0.22016307711601257,0.7315270900726318,0.2591133117675781
YDR147W,YOR106W,0,-5.5118,0.2199999988079071,0.7315270900726318,0.25935959815979004
YLR127C,YHR014W,1,-5.5124955,0.22057734429836273,0.7339901328086853,0.25935959815979004
YCL029C,YOR005C,0,-5.5130877,0.2204142063856125,0.7339901328086853,0.25960591435432434
YDR083W,YBL005W-A,0,-5.5134907,0.22025129199028015,0.7339901328086853,0.25985223054885864
YLR335W,YPL139C,0,-5.518547,0.2200886309146881,0.7339901328086853,0.26009851694107056
YLR275W,YKR079C,0,-5.518819,0.21992619335651398,0.7339901328086853,0.26034483313560486
YHL024W,YPR137C-A,0,-5.519824,0.21976400911808014,0.7339901328086853,0.2605911195278168
YML129C,YFL035C-A,0,-5.52312,0.2196020632982254,0.7339901328086853,0.2608374357223511
YPR034W,YGR132C,0,-5.5232253,0.21944035589694977,0.7339901328086853,0.2610837519168854
YMR052W,YIL167W,0,-5.524783,0.21927888691425323,0.7339901328086853,0.2613300383090973
YGL006W,YLR234W,0,-5.525341,0.2191176414489746,0.7339901328086853,0.2615763545036316
YLR219W,YDR170C,0,-5.5262904,0.21895664930343628,0.7339901328086853,0.2618226706981659
YDL020C,YNL054W-B,0,-5.5269566,0.21879589557647705,0.7339901328086853,0.2620689570903778
YFR036W,YGR089W,1,-5.5274353,0.219369038939476,0.7364531755447388,0.2620689570903778
YGR109W-A,YIL082W-A,0,-5.527588,0.21920821070671082,0.7364531755447388,0.2623152732849121
YKL022C,YBR107C,1,-5.528208,0.21978022158145905,0.738916277885437,0.2623152732849121
YDL209C,YMR046C,0,-5.528349,0.21961933374404907,0.738916277885437,0.2625615894794464
YFL049W,YDR034C-C,0,-5.528416,0.219458669424057,0.738916277885437,0.2628078758716583
YOR174W,YFL060C,0,-5.5284753,0.21929824352264404,0.738916277885437,0.2630541920661926
YOL111C,YGR161W-B,0,-5.5295386,0.21913805603981018,0.738916277885437,0.26330047845840454
YJL127C,YDR120C,0,-5.5328918,0.21897810697555542,0.738916277885437,0.26354679465293884
YDL087C,YBL101W-B,0,-5.537017,0.21881838142871857,0.738916277885437,0.26379311084747314
YMR264W,YOR018W,0,-5.539053,0.21865889430046082,0.738916277885437,0.26403939723968506
YBR145W,YGR161W-B,0,-5.5395985,0.21849963068962097,0.738916277885437,0.26428571343421936
YHR070W,YOR172W,0,-5.541091,0.21834060549736023,0.738916277885437,0.26453202962875366
YAL058W,YHR084W,0,-5.546979,0.2181818187236786,0.738916277885437,0.2647783160209656
YLR370C,YDR320C,0,-5.547187,0.21802325546741486,0.738916277885437,0.2650246322154999
YFL059W,YOR192C-A,0,-5.547695,0.21786493062973022,0.738916277885437,0.2652709484100342
YPR190C,YIL082W-A,0,-5.548037,0.2177068144083023,0.738916277885437,0.2655172348022461
YMR236W,YKR089C,0,-5.549059,0.21754895150661469,0.738916277885437,0.2657635509967804
YJL207C,YCL075W,0,-5.5494304,0.21739129722118378,0.738916277885437,0.2660098373889923
YLR321C,YIL144W,1,-5.5494504,0.217958003282547,0.7413793206214905,0.2660098373889923
YLR449W,YOR142W-A,0,-5.549532,0.2178002893924713,0.7413793206214905,0.2662561535835266
YOL113W,YML045W-A,0,-5.549644,0.21764279901981354,0.7413793206214905,0.2665024697780609
YBR171W,YGL232W,0,-5.5514517,0.21748554706573486,0.7413793206214905,0.2667487561702728
YOR274W,YIL029C,0,-5.553169,0.2173285186290741,0.7413793206214905,0.26699507236480713
YPL268W,YGL062W,0,-5.5533724,0.21717171370983124,0.7413793206214905,0.26724138855934143
YMR078C,YGR063C,1,-5.553567,0.2177361249923706,0.743842363357544,0.26724138855934143
YCL029C,YJL141C,0,-5.555927,0.21757924556732178,0.743842363357544,0.26748767495155334
YGL006W,YLR248W,0,-5.5564127,0.21742260456085205,0.743842363357544,0.26773399114608765
YDR317W,YOL101C,0,-5.55764,0.21726618707180023,0.743842363357544,0.26798030734062195
YCR093W,YPL257W-B,0,-5.558197,0.21710999310016632,0.743842363357544,0.26822659373283386
YHR166C,YER147C,1,-5.561301,0.2176724076271057,0.7463054060935974,0.26822659373283386
YHR108W,YCR062W,0,-5.561399,0.21751615405082703,0.7463054060935974,0.26847290992736816
YBR070C,YBR290W,0,-5.563457,0.21736010909080505,0.7463054060935974,0.26871922612190247
YBR278W,YPL089C,0,-5.564086,0.21720430254936218,0.7463054060935974,0.2689655125141144
YFL016C,YPR137C-A,0,-5.56449,0.21704870462417603,0.7463054060935974,0.2692118287086487
YMR232W,YKL075C,0,-5.5649962,0.21689334511756897,0.7463054060935974,0.2694581151008606
YMR112C,YBR080C,0,-5.566647,0.21673819422721863,0.7463054060935974,0.2697044312953949
YLR189C,YNL199C,0,-5.568641,0.2165832668542862,0.7463054060935974,0.2699507474899292
YCL069W,YDR002W,0,-5.5688467,0.21642857789993286,0.7463054060935974,0.2701970338821411
YOR257W,YIL010W,0,-5.5689826,0.21627408266067505,0.7463054060935974,0.2704433500766754
YJL112W,YNL313C,0,-5.5715475,0.21611982583999634,0.7463054060935974,0.2706896662712097
YBR267W,YPL257W-B,0,-5.571726,0.21596579253673553,0.7463054060935974,0.27093595266342163
YOL068C,YDR170C,0,-5.5722327,0.21581196784973145,0.7463054060935974,0.27118226885795593
YKL165C,YLR119W,0,-5.5741453,0.21565836668014526,0.7463054060935974,0.27142858505249023
YDR027C,YDR057W,0,-5.5743647,0.2155049741268158,0.7463054060935974,0.27167487144470215
YBR240C,YDR261W-A,0,-5.5751104,0.21535180509090424,0.7463054060935974,0.27192118763923645
YAL009W,YLR045C,0,-5.5824294,0.21519885957241058,0.7463054060935974,0.27216747403144836
YGL120C,YIL082W-A,0,-5.582728,0.21504613757133484,0.7463054060935974,0.27241379022598267
YCR039C,YMR268C,0,-5.583066,0.2148936241865158,0.7463054060935974,0.27266010642051697
YDR211W,YOL091W,0,-5.58368,0.2147413194179535,0.7463054060935974,0.2729063928127289
YOR073W,YBR156C,1,-5.583762,0.21529744565486908,0.7487684488296509,0.2729063928127289
YGR158C,YHR077C,0,-5.5853205,0.215145081281662,0.7487684488296509,0.2731527090072632
YAL022C,YBR136W,0,-5.5859203,0.2149929255247116,0.7487684488296509,0.2733990252017975
YJL034W,YOR217W,0,-5.586166,0.21484099328517914,0.7487684488296509,0.2736453115940094
YMR232W,YGL201C,0,-5.5867586,0.21468926966190338,0.7487684488296509,0.2738916277885437
YDL074C,YOR212W,0,-5.5926847,0.21453775465488434,0.7487684488296509,0.274137943983078
YOR005C,YER125W,0,-5.593486,0.2143864631652832,0.7487684488296509,0.2743842303752899
YNL106C,YIL029C,0,-5.5939875,0.21423538029193878,0.7487684488296509,0.2746305465698242
YLR335W,YIL073C,0,-5.595668,0.21408450603485107,0.7487684488296509,0.27487683296203613
YCR088W,YOL123W,0,-5.5957813,0.21393385529518127,0.7487684488296509,0.27512314915657043
YBR070C,YEL042W,0,-5.5967827,0.213783398270607,0.7487684488296509,0.27536946535110474
YLR013W,YKL084W,0,-5.5972667,0.21363316476345062,0.7487684488296509,0.27561575174331665
YDR361C,YBR012W-A,0,-5.598939,0.21348313987255096,0.7487684488296509,0.27586206793785095
YJR022W,YDL087C,0,-5.6030445,0.2133333384990692,0.7487684488296509,0.27610838413238525
YGL086W,YLR141W,0,-5.6047406,0.21318373084068298,0.7487684488296509,0.27635467052459717
YIL004C,YHR001W,0,-5.6048822,0.21303433179855347,0.7487684488296509,0.27660098671913147
YLL043W,YOL117W,0,-5.6057563,0.21288515627384186,0.7487684488296509,0.27684730291366577
YCR052W,YOR172W,0,-5.605884,0.21273617446422577,0.7487684488296509,0.2770935893058777
YKL208W,YOR192C-A,0,-5.6064982,0.2125874161720276,0.7487684488296509,0.277339905500412
YKL192C,YGR161W-B,0,-5.607565,0.21243885159492493,0.7487684488296509,0.2775862216949463
YDL120W,YDL118W,0,-5.607774,0.21229049563407898,0.7487684488296509,0.2778325080871582
YDR434W,YML045W-A,0,-5.6088715,0.21214236319065094,0.7487684488296509,0.2780788242816925
YML132W,YHL022C,0,-5.6096907,0.21199442446231842,0.7487684488296509,0.2783251106739044
YMR052W,YOR172W,0,-5.610419,0.21184669435024261,0.7487684488296509,0.2785714268684387
YDL232W,YIL080W,0,-5.6146603,0.21169915795326233,0.7487684488296509,0.278817743062973
YJL100W,YKL134C,0,-5.6196613,0.21155184507369995,0.7487684488296509,0.27906402945518494
YML110C,YOR212W,0,-5.622924,0.2114047259092331,0.7487684488296509,0.27931034564971924
YNL220W,YMR112C,0,-5.626782,0.21125781536102295,0.7487684488296509,0.27955666184425354
YOR367W,YGR109W-A,0,-5.6287727,0.21111111342906952,0.7487684488296509,0.27980294823646545
YGL120C,YOR064C,0,-5.630829,0.2109646052122116,0.7487684488296509,0.28004926443099976
YER167W,YIR004W,0,-5.631029,0.2108183056116104,0.7487684488296509,0.28029558062553406
YNL079C,YDL120W,0,-5.6327753,0.21067221462726593,0.7487684488296509,0.28054186701774597
YDR377W,YDR081C,0,-5.635646,0.21052631735801697,0.7487684488296509,0.2807881832122803
YBR234C,YDR052C,0,-5.6379824,0.21038062870502472,0.7487684488296509,0.2810344696044922
YDR499W,YNR059W,0,-5.6383166,0.210235133767128,0.7487684488296509,0.2812807857990265
YIL128W,YPR036W,0,-5.6410375,0.21008984744548798,0.7487684488296509,0.2815271019935608
YNR049C,YML032C,0,-5.6452603,0.20994475483894348,0.7487684488296509,0.2817733883857727
YGL210W-A,YER125W,0,-5.6454053,0.2097998559474945,0.7487684488296509,0.282019704580307
YJR131W,YOR329C,0,-5.64782,0.20965516567230225,0.7487684488296509,0.2822660207748413
YBR070C,YGL070C,0,-5.6510987,0.2095106840133667,0.7487684488296509,0.2825123071670532
YPL227C,YOR353C,0,-5.6512094,0.20936639606952667,0.7487684488296509,0.2827586233615875
YDR211W,YML045W-A,0,-5.6512938,0.20922230184078217,0.7487684488296509,0.2830049395561218
YEL062W,YOR367W,0,-5.6537466,0.20907840132713318,0.7487684488296509,0.28325122594833374
YDR432W,YDR261C-C,0,-5.6553936,0.2089347094297409,0.7487684488296509,0.28349754214286804
YBR274W,YNR059W,0,-5.6556277,0.20879121124744415,0.7487684488296509,0.28374382853507996
YNL106C,YGR002C,0,-5.656764,0.20864790678024292,0.7487684488296509,0.28399014472961426
YJR043C,YOR256C,0,-5.6570306,0.2085047960281372,0.7487684488296509,0.28423646092414856
YGL127C,YDR034C-C,0,-5.661333,0.2083618938922882,0.7487684488296509,0.2844827473163605
YDR363W,YDR499W,0,-5.6616096,0.20821918547153473,0.7487684488296509,0.2847290635108948
YLR189C,YDR182W,0,-5.6619234,0.20807665586471558,0.7487684488296509,0.2849753797054291
YLR361C,YPL089C,0,-5.6659374,0.20793433487415314,0.7487684488296509,0.285221666097641
YDR017C,YGL086W,0,-5.666358,0.20779220759868622,0.7487684488296509,0.2854679822921753
YCR018C,YHR214C-C,0,-5.666526,0.20765027403831482,0.7487684488296509,0.2857142984867096
YDR055W,YPL218W,0,-5.6687374,0.20750853419303894,0.7487684488296509,0.2859605848789215
YIL140W,YFL049W,0,-5.670657,0.20736698806285858,0.7487684488296509,0.2862069010734558
YOL111C,YLR275W,0,-5.672159,0.20722563564777374,0.7487684488296509,0.2864531874656677
YOL133W,YER169W,0,-5.674431,0.20708446204662323,0.7487684488296509,0.286699503660202
YGL173C,YER116C,0,-5.675067,0.20694349706172943,0.7487684488296509,0.28694581985473633
YNL223W,YNL021W,0,-5.676656,0.20680272579193115,0.7487684488296509,0.28719210624694824
YER183C,YFL060C,0,-5.6776576,0.2066621333360672,0.7487684488296509,0.28743842244148254
YLL031C,YHR206W,0,-5.679563,0.20652173459529877,0.7487684488296509,0.28768473863601685
YBR290W,YPR101W,0,-5.680279,0.20638152956962585,0.7487684488296509,0.28793102502822876
YJL080C,YBR156C,1,-5.682024,0.20691993832588196,0.7512315511703491,0.28793102502822876
YEL019C,YNR034W,0,-5.682662,0.20677965879440308,0.7512315511703491,0.28817734122276306
YGL210W-A,YDR218C,0,-5.682839,0.20663957297801971,0.7512315511703491,0.28842365741729736
YML010W,YBL005W-A,0,-5.684244,0.20649966597557068,0.7512315511703491,0.2886699438095093
YOL023W,YNL227C,0,-5.684467,0.20635995268821716,0.7512315511703491,0.2889162600040436
YOR195W,YMR045C,0,-5.6857367,0.20622041821479797,0.7512315511703491,0.2891625761985779
YKL028W,YOR172W,0,-5.688511,0.2060810774564743,0.7512315511703491,0.2894088625907898
YML110C,YOR368W,0,-5.690611,0.20594193041324615,0.7512315511703491,0.2896551787853241
YOR372C,YOL144W,0,-5.6959825,0.20580296218395233,0.7512315511703491,0.289901465177536
YCR052W,YPL016W,0,-5.696186,0.20566418766975403,0.7512315511703491,0.2901477813720703
YFL024C,YHR056C,0,-5.6986356,0.20552560687065125,0.7512315511703491,0.2903940975666046
YDL160C,YGR206W,0,-5.6994534,0.2053872048854828,0.7512315511703491,0.29064038395881653
YGR089W,YGR063C,1,-5.7010393,0.205921933054924,0.7536945939064026,0.29064038395881653
YIL010W,YOR308C,0,-5.702929,0.20578345656394958,0.7536945939064026,0.29088670015335083
YJL008C,YML032C,0,-5.7052298,0.20564515888690948,0.7536945939064026,0.29113301634788513
YDR499W,YNL079C,0,-5.711246,0.2055070549249649,0.7536945939064026,0.29137930274009705
YMR232W,YOR371C,0,-5.7121897,0.20536912977695465,0.7536945939064026,0.29162561893463135
YOR226C,YML010W,0,-5.71268,0.20523138344287872,0.7536945939064026,0.29187193512916565
YJR022W,YIL017C,0,-5.7169027,0.20509383082389832,0.7536945939064026,0.29211822152137756
YAL021C,YJL113W,0,-5.717068,0.20495645701885223,0.7536945939064026,0.29236453771591187
YER159C,YPR036W,0,-5.7171817,0.20481927692890167,0.7536945939064026,0.2926108241081238
YOR381W,YGR161W-B,0,-5.718765,0.20468227565288544,0.7536945939064026,0.2928571403026581
YBR267W,YDL118W,0,-5.7188573,0.20454545319080353,0.7536945939064026,0.2931034564971924
YDL102W,YOR329C,0,-5.719609,0.20440882444381714,0.7536945939064026,0.2933497428894043
YJL178C,YIL072W,0,-5.720225,0.20427235960960388,0.7536945939064026,0.2935960590839386
YOR335C,YOR371C,0,-5.724923,0.20413608849048615,0.7536945939064026,0.2938423752784729
YML031W,YLR263W,0,-5.7254486,0.20399999618530273,0.7536945939064026,0.2940886616706848
YGR221C,YFR003C,0,-5.7265,0.20386409759521484,0.7536945939064026,0.2943349778652191
YAL017W,YBR216C,0,-5.72714,0.20372836291790009,0.7536945939064026,0.2945812940597534
YOR100C,YDR365W-A,0,-5.727553,0.20359280705451965,0.7536945939064026,0.29482758045196533
YDR188W,YOR362C,0,-5.7287426,0.20345744490623474,0.7536945939064026,0.29507389664649963
YML031W,YML115C,0,-5.7298903,0.20332226157188416,0.7536945939064026,0.29532018303871155
YHR205W,YKL108W,0,-5.729947,0.2031872570514679,0.7536945939064026,0.29556649923324585
YFL024C,YHL009C,0,-5.7300057,0.20305241644382477,0.7536945939064026,0.29581281542778015
YBL063W,YOL121C,0,-5.7301946,0.20291776955127716,0.7536945939064026,0.29605910181999207
YOR371C,YJR021C,0,-5.7315526,0.20278330147266388,0.7536945939064026,0.29630541801452637
YDL076C,YPL139C,0,-5.731886,0.20264901220798492,0.7536945939064026,0.29655173420906067
YDL033C,YNL333W,0,-5.732935,0.2025148868560791,0.7536945939064026,0.2967980206012726
YJL112W,YJL047C,0,-5.7333536,0.2023809552192688,0.7536945939064026,0.2970443367958069
YER167W,YHR187W,0,-5.7335615,0.20224718749523163,0.7536945939064026,0.2972906529903412
YDR480W,YIL022W,0,-5.734999,0.20211361348628998,0.7536945939064026,0.2975369393825531
YOR147W,YBR136W,0,-5.7353477,0.20198020339012146,0.7536945939064026,0.2977832555770874
YDL102W,YGL019W,0,-5.736347,0.20184697210788727,0.7536945939064026,0.2980295419692993
YML086C,YBL052C,0,-5.736389,0.2017139047384262,0.7536945939064026,0.2982758581638336
YDL042C,YLR277C,0,-5.7365217,0.20158103108406067,0.7536945939064026,0.2985221743583679
YKR056W,YOR356W,0,-5.738332,0.20144832134246826,0.7536945939064026,0.29876846075057983
YNL012W,YJR029W,0,-5.7397118,0.20131579041481018,0.7536945939064026,0.29901477694511414
YML104C,YHR070W,0,-5.7405887,0.20118343830108643,0.7536945939064026,0.29926109313964844
YML061C,YIR022W,0,-5.7421174,0.2010512501001358,0.7536945939064026,0.29950737953186035
YJR004C,YDR098C-B,0,-5.742834,0.2009192407131195,0.7536945939064026,0.29975369572639465
YML104C,YMR175W,0,-5.743247,0.20078739523887634,0.7536945939064026,0.30000001192092896
YOL100W,YBL041W,0,-5.7440457,0.2006557434797287,0.7536945939064026,0.30024629831314087
YOR290C,YGR161W-B,0,-5.746979,0.200524240732193,0.7536945939064026,0.30049261450767517
YDL074C,YKR029C,0,-5.7491775,0.2003929316997528,0.7536945939064026,0.3007389307022095
YPR125W,YJL056C,0,-5.749881,0.20026178658008575,0.7536945939064026,0.3009852170944214
YGL055W,YGR109W-A,0,-5.751918,0.20013080537319183,0.7536945939064026,0.3012315332889557
YOL021C,YGR109W-A,0,-5.754039,0.20000000298023224,0.7536945939064026,0.3014778196811676
YKL022C,YJL080C,1,-5.754727,0.2005225270986557,0.756157636642456,0.3014778196811676
YBR279W,YMR016C,0,-5.7550616,0.20039165019989014,0.756157636642456,0.3017241358757019
YDR317W,YOR057W,0,-5.75718,0.2002609223127365,0.756157636642456,0.3019704520702362
YIL140W,YDL212W,0,-5.757365,0.2001303732395172,0.756157636642456,0.3022167384624481
YNL288W,YML036W,0,-5.7578497,0.20000000298023224,0.756157636642456,0.3024630546569824
YDR159W,YJL141C,0,-5.7579117,0.1998697966337204,0.756157636642456,0.3027093708515167
YOR193W,YLR005W,0,-5.758219,0.1997397541999817,0.756157636642456,0.30295565724372864
YIL029C,YMR045C,0,-5.758622,0.1996098756790161,0.756157636642456,0.30320197343826294
YPL089C,YBR223C,0,-5.758956,0.19948017597198486,0.756157636642456,0.30344828963279724
YMR312W,YDR103W,0,-5.7621284,0.19935065507888794,0.756157636642456,0.30369457602500916
YMR112C,YPR140W,0,-5.763026,0.19922128319740295,0.756157636642456,0.30394089221954346
YMR214W,YDL042C,0,-5.770225,0.1990920901298523,0.756157636642456,0.30418717861175537
YGL201C,YOL117W,0,-5.771998,0.19896306097507477,0.756157636642456,0.3044334948062897
YAL044C,YBR098W,0,-5.7724247,0.19883419573307037,0.756157636642456,0.304679811000824
YBR112C,YER007W,0,-5.772601,0.1987054944038391,0.756157636642456,0.3049260973930359
YPR176C,YJR082C,0,-5.7726836,0.19857697188854218,0.756157636642456,0.3051724135875702
YPL040C,YNL149C,0,-5.773967,0.19844861328601837,0.756157636642456,0.3054187297821045
YJR083C,YCL075W,0,-5.777664,0.1983204185962677,0.756157636642456,0.3056650161743164
YML038C,YDR057W,0,-5.777839,0.19819238781929016,0.756157636642456,0.3059113323688507
YJR125C,YGL150C,0,-5.780179,0.19806452095508575,0.756157636642456,0.306157648563385
YCL029C,YGR288W,0,-5.7829537,0.19793681800365448,0.756157636642456,0.3064039349555969
YLR139C,YMR016C,0,-5.78311,0.19780927896499634,0.756157636642456,0.3066502511501312
YKL022C,YLR321C,1,-5.7865586,0.19832582771778107,0.7586206793785095,0.3066502511501312
YKR019C,YGL133W,0,-5.786892,0.19819819927215576,0.7586206793785095,0.30689653754234314
YPL040C,YDL190C,0,-5.787476,0.1980707347393036,0.7586206793785095,0.30714285373687744
YGR092W,YLR205C,0,-5.788158,0.19794344902038574,0.7586206793785095,0.30738916993141174
YNL116W,YKL140W,0,-5.789214,0.19781631231307983,0.7586206793785095,0.30763545632362366
YGL070C,YBL005W-A,0,-5.790582,0.19768933951854706,0.7586206793785095,0.30788177251815796
YPL187W,YOR018W,0,-5.7911305,0.1975625455379486,0.7586206793785095,0.30812808871269226
YHR067W,YDR213W,0,-5.7914267,0.1974359005689621,0.7586206793785095,0.3083743751049042
YDL209C,YPL147W,0,-5.7933955,0.19730941951274872,0.7586206793785095,0.3086206912994385
YGR177C,YPL033C,0,-5.795586,0.19718310236930847,0.7586206793785095,0.3088670074939728
YOR100C,YFL035C-A,0,-5.7964764,0.19705694913864136,0.7586206793785095,0.3091132938861847
YMR153W,YIL073C,0,-5.7964945,0.19693094491958618,0.7586206793785095,0.309359610080719
YOR319W,YIL135C,0,-5.7975893,0.19680510461330414,0.7586206793785095,0.3096058964729309
YJR022W,YOR187W,0,-5.7987323,0.19667944312095642,0.7586206793785095,0.3098522126674652
YDR499W,YML118W,0,-5.7990317,0.19655393064022064,0.7586206793785095,0.3100985288619995
YDR377W,YLR220W,0,-5.801734,0.1964285671710968,0.7586206793785095,0.3103448152542114
YOL012C,YMR137C,0,-5.8018446,0.1963033825159073,0.7586206793785095,0.3105911314487457
YOR221C,YEL062W,0,-5.802713,0.1961783468723297,0.7586206793785095,0.31083744764328003
YCL032W,YDL118W,0,-5.804525,0.19605347514152527,0.7586206793785095,0.31108373403549194
YMR036C,YDL020C,0,-5.8060455,0.19592875242233276,0.7586206793785095,0.31133005023002625
YHL024W,YIL082W-A,0,-5.8065333,0.1958041936159134,0.7586206793785095,0.31157636642456055
YBL103C,YDR177W,0,-5.8093905,0.19567979872226715,0.7586206793785095,0.31182265281677246
YOR025W,YJL141C,0,-5.809576,0.19555555284023285,0.7586206793785095,0.31206896901130676
YHL011C,YGR109W-A,0,-5.810955,0.19543147087097168,0.7586206793785095,0.31231528520584106
YBL063W,YHL024W,0,-5.8131413,0.19530755281448364,0.7586206793785095,0.312561571598053
YFR051C,YBR077C,0,-5.8150725,0.19518378376960754,0.7586206793785095,0.3128078877925873
YOR048C,YGR172C,0,-5.815212,0.19506016373634338,0.7586206793785095,0.3130541741847992
YNL053W,YHR205W,0,-5.816137,0.19493670761585236,0.7586206793785095,0.3133004903793335
YGL017W,YNL225C,0,-5.81693,0.19481341540813446,0.7586206793785095,0.3135468065738678
YDR177W,YDL038C,0,-5.8185754,0.1946902722120285,0.7586206793785095,0.3137930929660797
YBR211C,YDR439W,1,-5.820193,0.19519898295402527,0.761083722114563,0.3137930929660797
YML118W,YLR045C,0,-5.822547,0.19507575035095215,0.761083722114563,0.314039409160614
YAL022C,YLR026C,0,-5.826261,0.19495268166065216,0.761083722114563,0.3142857253551483
YDL225W,YCL074W,0,-5.8279786,0.1948297619819641,0.761083722114563,0.31453201174736023
YLR015W,YDL232W,0,-5.8303695,0.194706991314888,0.761083722114563,0.31477832794189453
YLR110C,YDR183W,0,-5.830495,0.19458438456058502,0.761083722114563,0.31502464413642883
YAL020C,YNR031C,0,-5.8335867,0.19446192681789398,0.761083722114563,0.31527093052864075
YNL163C,YHR056C,0,-5.8357472,0.19433961808681488,0.761083722114563,0.31551724672317505
YOR381W,YLR035C-A,0,-5.836604,0.1942174732685089,0.761083722114563,0.31576353311538696
YJR131W,YDR218C,0,-5.838833,0.19409547746181488,0.761083722114563,0.31600984930992126
YKL134C,YNL282W,0,-5.8397913,0.1939736306667328,0.761083722114563,0.31625616550445557
YDL164C,YML023C,0,-5.840324,0.19385194778442383,0.761083722114563,0.3165024518966675
YPR155C,YAL030W,0,-5.8409595,0.1937304139137268,0.761083722114563,0.3167487680912018
YBR211C,YLR127C,1,-5.8411508,0.19423559308052063,0.7635468244552612,0.3167487680912018
YPL040C,YAL009W,0,-5.844999,0.19411396980285645,0.7635468244552612,0.3169950842857361
YKR029C,YER138C,0,-5.8459373,0.1939924955368042,0.7635468244552612,0.317241370677948
YGR092W,YHR181W,0,-5.8489704,0.1938711702823639,0.7635468244552612,0.3174876868724823
YIL129C,YLR234W,0,-5.8494635,0.19374999403953552,0.7635468244552612,0.3177340030670166
YDR045C,YDR103W,0,-5.85079,0.19362898170948029,0.7635468244552612,0.3179802894592285
YER051W,YOL117W,0,-5.8536024,0.193508118391037,0.7635468244552612,0.3182266056537628
YDL160C,YDR055W,0,-5.855007,0.19338740408420563,0.7635468244552612,0.31847289204597473
YIL014W,YFL035C-A,0,-5.8552856,0.1932668387889862,0.7635468244552612,0.31871920824050903
YBR135W,YOR221C,0,-5.8563867,0.19314642250537872,0.7635468244552612,0.31896552443504333
YNL021W,YGR258C,0,-5.8566294,0.19302615523338318,0.7635468244552612,0.31921181082725525
YOR232W,YNR031C,0,-5.8571515,0.19290603697299957,0.7635468244552612,0.31945812702178955
YNR049C,YLR119W,0,-5.858314,0.1927860677242279,0.7635468244552612,0.31970444321632385
YMR268C,YJR045C,0,-5.8607273,0.19266624748706818,0.7635468244552612,0.31995072960853577
YML110C,YHR079C-B,0,-5.86077,0.19254659116268158,0.7635468244552612,0.32019704580307007
YOR147W,YMR100W,0,-5.862488,0.19242706894874573,0.7635468244552612,0.32044336199760437
YER147C,YGR063C,1,-5.862719,0.19292804598808289,0.7660098671913147,0.32044336199760437
YDR263C,YHR067W,0,-5.863043,0.19280843436717987,0.7660098671913147,0.3206896483898163
YPR029C,YGR258C,0,-5.863118,0.1926889717578888,0.7660098671913147,0.3209359645843506
YDR421W,YPL089C,0,-5.8634415,0.19256965816020966,0.7660098671913147,0.3211822807788849
YLL016W,YLR035C-A,0,-5.8638706,0.19245049357414246,0.7660098671913147,0.3214285671710968
YNL333W,YLR035C-A,0,-5.865694,0.1923314779996872,0.7660098671913147,0.3216748833656311
YBR087W,YER147C,1,-5.866018,0.1928306519985199,0.7684729099273682,0.3216748833656311
YMR268C,YDL194W,0,-5.8697433,0.19271154701709747,0.7684729099273682,0.321921169757843
YGR227W,YDR057W,0,-5.871149,0.192592591047287,0.7684729099273682,0.3221674859523773
YPR068C,YPR167C,0,-5.872375,0.19247378408908844,0.7684729099273682,0.3224138021469116
YBR057C,YHR070W,0,-5.873154,0.19235511124134064,0.7684729099273682,0.32266008853912354
YML105C,YJR029W,0,-5.8735995,0.19223660230636597,0.7684729099273682,0.32290640473365784
YJL157C,YPR101W,0,-5.874127,0.19211822748184204,0.7684729099273682,0.32315272092819214
YKR019C,YPR165W,0,-5.8756433,0.19200000166893005,0.7684729099273682,0.32339900732040405
YJL101C,YER169W,0,-5.876696,0.19188192486763,0.7684729099273682,0.32364532351493835
YCR094W,YLR403W,0,-5.8772063,0.1917639821767807,0.7684729099273682,0.32389163970947266
YDR147W,YGL252C,0,-5.879524,0.19164618849754333,0.7684729099273682,0.32413792610168457
YBR070C,YMR035W,0,-5.879665,0.1915285438299179,0.7684729099273682,0.32438424229621887
YMR164C,YNL313C,0,-5.87988,0.19141104817390442,0.7684729099273682,0.3246305286884308
YKR007W,YDL076C,0,-5.8829618,0.19129368662834167,0.7684729099273682,0.3248768448829651
YJL058C,YMR112C,0,-5.8830533,0.19117647409439087,0.7684729099273682,0.3251231610774994
YML006C,YHL034C,0,-5.883416,0.1910593956708908,0.7684729099273682,0.3253694474697113
YCL029C,YER007W,0,-5.883543,0.19094246625900269,0.7684729099273682,0.3256157636642456
YOR174W,YLL036C,0,-5.884618,0.1908256858587265,0.7684729099273682,0.3258620798587799
YJL106W,YGL006W,0,-5.8846273,0.19070903956890106,0.7684729099273682,0.3261083662509918
YGL240W,YGR089W,1,-5.8859076,0.19120341539382935,0.7709359526634216,0.3261083662509918
YOR290C,YAL009W,0,-5.8860874,0.19108669459819794,0.7709359526634216,0.3263546824455261
YJL058C,YNL275W,0,-5.8877516,0.19097010791301727,0.7709359526634216,0.3266009986400604
YLR286C,YMR037C,0,-5.890967,0.19085365533828735,0.7709359526634216,0.32684728503227234
YAL041W,YJL056C,0,-5.8913407,0.19073735177516937,0.7709359526634216,0.32709360122680664
YBR107C,YFL037W,1,-5.8913994,0.19123020768165588,0.7733989953994751,0.32709360122680664
YIL129C,YLR035C-A,0,-5.892846,0.19111381471157074,0.7733989953994751,0.32733988761901855
YGR286C,YDL164C,0,-5.89294,0.19099757075309753,0.7733989953994751,0.32758620381355286
YHR031C,YDL120W,0,-5.8932586,0.19088146090507507,0.7733989953994751,0.32783252000808716
YMR183C,YNL253W,0,-5.8944826,0.19076548516750336,0.7733989953994751,0.3280788064002991
YPL132W,YGL236C,0,-5.896841,0.19064967334270477,0.7733989953994751,0.3283251225948334
YMR232W,YCL066W,0,-5.897747,0.19053398072719574,0.7733989953994751,0.3285714387893677
YDR052C,YHR001W,0,-5.898201,0.19041843712329865,0.7733989953994751,0.3288177251815796
YOR174W,YKL144C,0,-5.8991637,0.1903030276298523,0.7733989953994751,0.3290640413761139
YMR232W,YOR221C,0,-5.901887,0.19018776714801788,0.7733989953994751,0.3293103575706482
YER003C,YER138C,0,-5.902597,0.19007264077663422,0.7733989953994751,0.3295566439628601
YDR439W,YHR014W,1,-5.9035416,0.19056262075901031,0.7758620977401733,0.3295566439628601
YBR077C,YDL120W,0,-5.904263,0.19044740498065948,0.7758620977401733,0.3298029601573944
YMR039C,YER111C,0,-5.9064007,0.1903323233127594,0.7758620977401733,0.3300492465496063
YNL068C,YNR059W,0,-5.909368,0.19021739065647125,0.7758620977401733,0.3302955627441406
YML032C,YDL076C,0,-5.9097066,0.19010259211063385,0.7758620977401733,0.3305418789386749
YGR216C,YDL118W,0,-5.910511,0.1899879425764084,0.7758620977401733,0.33078816533088684
YGR135W,YHL012W,0,-5.9106655,0.18987341225147247,0.7758620977401733,0.33103448152542114
YCR094W,YGR152C,0,-5.9149165,0.1897590309381485,0.7758620977401733,0.33128079771995544
YDR175C,YDR103W,0,-5.916183,0.18964479863643646,0.7758620977401733,0.33152708411216736
YJL194W,YDL185W,0,-5.9193373,0.18953068554401398,0.7758620977401733,0.33177340030670166
YHR079C-B,YER111C,0,-5.9195704,0.18941672146320343,0.7758620977401733,0.33201971650123596
YPL194W,YMR037C,0,-5.9196424,0.18930289149284363,0.7758620977401733,0.3322660028934479
YOR232W,YOR353C,0,-5.9210186,0.18918919563293457,0.7758620977401733,0.3325123190879822
YDR118W,YJL080C,1,-5.9220037,0.18967586755752563,0.7783251404762268,0.3325123190879822
YGL019W,YMR112C,0,-5.9227343,0.18956208229064941,0.7783251404762268,0.3327586352825165
YDR206W,YDL033C,0,-5.922893,0.18944844603538513,0.7783251404762268,0.3330049216747284
YOR201C,YNL197C,0,-5.9243245,0.1893349289894104,0.7783251404762268,0.3332512378692627
YKR076W,YJR021C,0,-5.9264393,0.1892215609550476,0.7783251404762268,0.3334975242614746
YBR012W-A,YKL075C,0,-5.9273424,0.18910831212997437,0.7783251404762268,0.3337438404560089
YIL009C-A,YOR217W,0,-5.9297166,0.18899521231651306,0.7783251404762268,0.3339901566505432
YOR320C,YKL140W,0,-5.9298844,0.1888822466135025,0.7783251404762268,0.3342364430427551
YMR037C,YML105C,0,-5.930518,0.1887694150209427,0.7783251404762268,0.33448275923728943
YJL190C,YJL113W,0,-5.9336886,0.18865671753883362,0.7783251404762268,0.33472907543182373
YJR082C,YPL028W,0,-5.93369,0.1885441541671753,0.7783251404762268,0.33497536182403564
YFR002W,YBR012W-A,0,-5.934305,0.1884317249059677,0.7783251404762268,0.33522167801856995
YLR394W,YPL059W,0,-5.934663,0.18831942975521088,0.7783251404762268,0.33546799421310425
YOR193W,YOR172W,0,-5.935388,0.18820726871490479,0.7783251404762268,0.33571428060531616
YBR107C,YOR156C,1,-5.9361715,0.18869048357009888,0.7807881832122803,0.33571428060531616
YLR321C,YBR156C,1,-5.936221,0.1891731172800064,0.7832512259483337,0.33571428060531616
YHR190W,YBR193C,0,-5.9368086,0.18906064331531525,0.7832512259483337,0.33596059679985046
YKL205W,YGR169C,0,-5.93705,0.18894830346107483,0.7832512259483337,0.3362068831920624
YGR216C,YKL144C,0,-5.93707,0.18883609771728516,0.7832512259483337,0.3364531993865967
YNL068C,YMR036C,0,-5.93798,0.18872404098510742,0.7832512259483337,0.336699515581131
YDL166C,YMR052W,0,-5.941369,0.18861210346221924,0.7832512259483337,0.3369458019733429
YOL023W,YJR029W,0,-5.9426146,0.1885003000497818,0.7832512259483337,0.3371921181678772
YER032W,YGL173C,0,-5.9427233,0.1883886307477951,0.7832512259483337,0.3374384343624115
YHR056C,YHR163W,0,-5.943184,0.18827708065509796,0.7832512259483337,0.3376847207546234
YFR047C,YLR319C,0,-5.943545,0.18816567957401276,0.7832512259483337,0.3379310369491577
YNL287W,YLR410W,0,-5.945466,0.1880544126033783,0.7832512259483337,0.338177353143692
YPR178W,YPR042C,0,-5.9458804,0.1879432648420334,0.7832512259483337,0.33842363953590393
YDR177W,YJL154C,0,-5.9465413,0.18783225119113922,0.7832512259483337,0.33866995573043823
YLL043W,YPR178W,0,-5.948507,0.1877213716506958,0.7832512259483337,0.33891624212265015
YJR082C,YMR284W,0,-5.9490976,0.18761062622070312,0.7832512259483337,0.33916255831718445
YNL223W,YPL033C,0,-5.9532213,0.1875,0.7832512259483337,0.33940887451171875
YNL149C,YOR290C,0,-5.955705,0.18738950788974762,0.7832512259483337,0.33965516090393066
YBR211C,YLR321C,1,-5.9568653,0.18786807358264923,0.7857142686843872,0.33965516090393066
YCL069W,YOR064C,0,-5.957545,0.18775750696659088,0.7857142686843872,0.33990147709846497
YBR081C,YDR086C,0,-5.958572,0.18764705955982208,0.7857142686843872,0.34014779329299927
YBR107C,YJL019W,1,-5.9585733,0.1881246268749237,0.7881773114204407,0.34014779329299927
YKR065C,YPR121W,0,-5.9587855,0.18801410496234894,0.7881773114204407,0.3403940796852112
YML073C,YBR012W-A,0,-5.9596543,0.18790370225906372,0.7881773114204407,0.3406403958797455
YDR170C,YML010W,0,-5.959995,0.18779343366622925,0.7881773114204407,0.3408867120742798
YBR112C,YMR183C,0,-5.9635916,0.18768328428268433,0.7881773114204407,0.3411329984664917
YGR261C,YDR420W,0,-5.964786,0.18757326900959015,0.7881773114204407,0.341379314661026
YHR005C-A,YGL210W-A,0,-5.965954,0.18746338784694672,0.7881773114204407,0.3416256010532379
YHL011C,YJL113W,0,-5.9663687,0.18735362589359283,0.7881773114204407,0.3418719172477722
YPR171W,YNL216W,0,-5.9673824,0.1872439980506897,0.7881773114204407,0.3421182334423065
YCR107W,YOR181W,0,-5.970277,0.1871345043182373,0.7881773114204407,0.34236451983451843
YDL197C,YDR081C,0,-5.970847,0.18702512979507446,0.7881773114204407,0.34261083602905273
YCR094W,YOR048C,0,-5.972136,0.18691588938236237,0.7881773114204407,0.34285715222358704
YJL178C,YJL056C,0,-5.9730077,0.18680676817893982,0.7881773114204407,0.34310343861579895
YJL190C,YCR062W,0,-5.9770484,0.18669778108596802,0.7881773114204407,0.34334975481033325
YPL051W,YCL043C,0,-5.977894,0.18658892810344696,0.7881773114204407,0.34359607100486755
YJR083C,YBR112C,0,-5.979091,0.18648017942905426,0.7881773114204407,0.34384235739707947
YJL207C,YMR224C,0,-5.9805374,0.1863715797662735,0.7881773114204407,0.34408867359161377
YGL133W,YFL016C,0,-5.9809885,0.1862630993127823,0.7881773114204407,0.34433498978614807
YFR008W,YOL023W,0,-5.981949,0.18615473806858063,0.7881773114204407,0.34458127617836
YML031W,YOL044W,0,-5.9823694,0.1860465109348297,0.7881773114204407,0.3448275923728943
YPR171W,YLL016W,0,-5.9845133,0.18593840301036835,0.7881773114204407,0.3450738787651062
YOR231W,YPL257W-B,0,-5.984763,0.18583042919635773,0.7881773114204407,0.3453201949596405
YBR290W,YDR320C,0,-5.985144,0.18572257459163666,0.7881773114204407,0.3455665111541748
YMR052W,YFR051C,0,-5.9854164,0.18561485409736633,0.7881773114204407,0.3458127975463867
YDR153C,YLR410W,0,-5.9864545,0.18550725281238556,0.7881773114204407,0.346059113740921
YER183C,YDR422C,0,-5.9870915,0.18539977073669434,0.7881773114204407,0.3463054299354553
YOR148C,YIL135C,0,-5.987877,0.18529240787029266,0.7881773114204407,0.34655171632766724
YKL208W,YOR290C,0,-5.9883876,0.18518517911434174,0.7881773114204407,0.34679803252220154
YDR499W,YCR039C,0,-5.9890547,0.18507808446884155,0.7881773114204407,0.34704434871673584
YGR288W,YML005W,0,-5.9900947,0.18497109413146973,0.7881773114204407,0.34729063510894775
YCL038C,YML104C,0,-5.991604,0.18486423790454865,0.7881773114204407,0.34753695130348206
YJL111W,YPR178W,0,-5.9932203,0.18475750088691711,0.7881773114204407,0.34778323769569397
YOL121C,YPL274W,0,-5.993924,0.18465089797973633,0.7881773114204407,0.34802955389022827
YDR263C,YML006C,0,-5.994503,0.1845443993806839,0.7881773114204407,0.3482758700847626
YDR118W,YBR107C,1,-5.995861,0.18501441180706024,0.7906404137611389,0.3482758700847626
YJR127C,YHR178W,0,-5.9960947,0.18490783870220184,0.7906404137611389,0.3485221564769745
YER167W,YPL140C,0,-5.997878,0.184801384806633,0.7906404137611389,0.3487684726715088
YBR278W,YPR006C,0,-6.0001473,0.1846950501203537,0.7906404137611389,0.3490147888660431
YOR174W,YDR292C,0,-6.00248,0.18458884954452515,0.7906404137611389,0.349261075258255
YNL225C,YBR295W,0,-6.0027156,0.18448275327682495,0.7906404137611389,0.3495073914527893
YMR053C,YGR161W-B,0,-6.004898,0.1843767911195755,0.7906404137611389,0.3497537076473236
YGR077C,YNL313C,0,-6.0049195,0.1842709481716156,0.7906404137611389,0.3499999940395355
YKL189W,YJR127C,0,-6.007432,0.18416523933410645,0.7906404137611389,0.3502463102340698
YIL062C,YDL209C,0,-6.007472,0.18405963480472565,0.7906404137611389,0.35049259662628174
YBL002W,YJR094C,0,-6.007927,0.1839541494846344,0.7906404137611389,0.35073891282081604
YDR118W,YBR087W,1,-6.008175,0.18442153930664062,0.7931034564971924,0.35073891282081604
YJL100W,YPL010W,0,-6.0082216,0.18431596457958221,0.7931034564971924,0.35098522901535034
YPR134W,YPL089C,0,-6.009792,0.18421052396297455,0.7931034564971924,0.35123151540756226
YKR027W,YDL038C,0,-6.010618,0.18410520255565643,0.7931034564971924,0.35147783160209656
YNL009W,YPL007C,0,-6.0114856,0.18400000035762787,0.7931034564971924,0.35172414779663086
YBR087W,YIL144W,1,-6.0115585,0.18446601927280426,0.7955664992332458,0.35172414779663086
YBR107C,YJL080C,1,-6.0133977,0.18493150174617767,0.7980295419692993,0.35172414779663086
YMR043W,YLR248W,0,-6.013871,0.18482601642608643,0.7980295419692993,0.3519704341888428
YJR091C,YGR258C,0,-6.0139127,0.18472063541412354,0.7980295419692993,0.3522167503833771
YFR047C,YJL168C,0,-6.014613,0.1846153885126114,0.7980295419692993,0.3524630665779114
YML031W,YDL042C,0,-6.0161533,0.1845102459192276,0.7980295419692993,0.3527093529701233
YJL090C,YOR298W,0,-6.018237,0.18440523743629456,0.7980295419692993,0.3529556691646576
YBR010W,YJR094C,0,-6.0201354,0.18430034816265106,0.7980295419692993,0.3532019555568695
YER104W,YMR214W,0,-6.0208335,0.18419556319713593,0.7980295419692993,0.3534482717514038
YFR036W,YJL080C,1,-6.0213723,0.18465909361839294,0.8004925847053528,0.3534482717514038
YGR120C,YJL093C,0,-6.0218744,0.18455423414707184,0.8004925847053528,0.3536945879459381
YMR037C,YGL232W,0,-6.022135,0.18444949388504028,0.8004925847053528,0.35394087433815
YFR036W,YIL144W,1,-6.0241137,0.1849120855331421,0.802955687046051,0.35394087433815
YOR147W,YIL082W-A,0,-6.0251837,0.18480725586414337,0.802955687046051,0.3541871905326843
YER125W,YIL022W,0,-6.025963,0.1847025454044342,0.802955687046051,0.35443350672721863
YDR363W,YMR037C,0,-6.0283303,0.1845979541540146,0.802955687046051,0.35467979311943054
YOR147W,YBR170C,0,-6.030089,0.18449349701404572,0.802955687046051,0.35492610931396484
YOL038W,YBL005W-A,0,-6.030984,0.1843891441822052,0.802955687046051,0.35517242550849915
YGR152C,YOR076C,0,-6.032629,0.18428491055965424,0.802955687046051,0.35541871190071106
YOL123W,YPR101W,0,-6.033916,0.18418079614639282,0.802955687046051,0.35566502809524536
YJL001W,YJL139C,0,-6.0366235,0.18407678604125977,0.802955687046051,0.35591134428977966
YDR180W,YJL080C,1,-6.0389395,0.18453724682331085,0.8054187297821045,0.35591134428977966
YHL034C,YDR320C,0,-6.039217,0.18443316221237183,0.8054187297821045,0.3561576306819916
YAL017W,YER138C,0,-6.0395117,0.18432919681072235,0.8054187297821045,0.3564039468765259
YDR317W,YDR086C,0,-6.040293,0.18422535061836243,0.8054187297821045,0.3566502332687378
YML031W,YDR159W,0,-6.040514,0.18412162363529205,0.8054187297821045,0.3568965494632721
YKL208W,YER120W,0,-6.040748,0.18401800096035004,0.8054187297821045,0.3571428656578064
YLR189C,YBR202W,0,-6.0428004,0.18391451239585876,0.8054187297821045,0.3573891520500183
YBR038W,YLR205C,0,-6.043496,0.18381112813949585,0.8054187297821045,0.3576354682445526
YBL002W,YJR028W,0,-6.043638,0.18370786309242249,0.8054187297821045,0.3578817844390869
YKL135C,YML115C,0,-6.044858,0.18360471725463867,0.8054187297821045,0.35812807083129883
YJR040W,YOR368W,0,-6.046274,0.1835016906261444,0.8054187297821045,0.35837438702583313
YKL022C,YJL019W,1,-6.0472503,0.18395961821079254,0.807881772518158,0.35837438702583313
YFL059W,YLR346C,0,-6.049345,0.18385650217533112,0.807881772518158,0.35862070322036743
YIL018W,YBL005W-A,0,-6.0511427,0.18375350534915924,0.807881772518158,0.35886698961257935
YPL132W,YML031W,0,-6.053114,0.18365061283111572,0.807881772518158,0.35911330580711365
YGR169C,YJL069C,0,-6.054737,0.18354783952236176,0.807881772518158,0.35935959219932556
YFR036W,YOR073W,1,-6.0554776,0.18400447070598602,0.8103448152542114,0.35935959219932556
YOL100W,YJL192C,0,-6.055843,0.1839016228914261,0.8103448152542114,0.35960590839385986
YER007W,YDR086C,0,-6.057974,0.1837988793849945,0.8103448152542114,0.35985222458839417
YKL135C,YAL020C,0,-6.062466,0.18369625508785248,0.8103448152542114,0.3600985109806061
YER003C,YLR275W,0,-6.0662074,0.18359375,0.8103448152542114,0.3603448271751404
YDR339C,YMR036C,0,-6.066267,0.18349134922027588,0.8103448152542114,0.3605911433696747
YER125W,YMR149W,0,-6.067472,0.1833890676498413,0.8103448152542114,0.3608374297618866
YLR015W,YDR182W,0,-6.0704465,0.1832869052886963,0.8103448152542114,0.3610837459564209
YLR195C,YPL139C,0,-6.0718684,0.18318486213684082,0.8103448152542114,0.3613300621509552
YOL111C,YNL282W,0,-6.0731325,0.1830829232931137,0.8103448152542114,0.3615763485431671
YGL150C,YBL005W-A,0,-6.0733857,0.18298108875751495,0.8103448152542114,0.3618226647377014
YIL106W,YKR014C,0,-6.0747976,0.18287937343120575,0.8103448152542114,0.36206895112991333
YHR021C,YMR045C,0,-6.0753155,0.1827777773141861,0.8103448152542114,0.36231526732444763
YOL117W,YPL057C,0,-6.0756006,0.1826762855052948,0.8103448152542114,0.36256158351898193
YLR219W,YJL093C,0,-6.076287,0.18257491290569305,0.8103448152542114,0.36280786991119385
YPR041W,YIL029C,0,-6.0796576,0.18247365951538086,0.8103448152542114,0.36305418610572815
YAL040C,YPL257W-B,0,-6.0797353,0.18237251043319702,0.8103448152542114,0.36330050230026245
YDL020C,YPL016W,0,-6.081347,0.18227146565914154,0.8103448152542114,0.36354678869247437
YNL161W,YKL205W,0,-6.086291,0.1821705400943756,0.8103448152542114,0.36379310488700867
YIL014W,YJR153W,0,-6.0865154,0.18206973373889923,0.8103448152542114,0.36403942108154297
YDR339C,YPR168W,0,-6.086956,0.1819690316915512,0.8103448152542114,0.3642857074737549
YOR371C,YBR010W,0,-6.087047,0.18186843395233154,0.8103448152542114,0.3645320236682892
YLR321C,YHR014W,1,-6.087675,0.18232044577598572,0.8128078579902649,0.3645320236682892
YHR067W,YPL139C,0,-6.0880075,0.18221977353096008,0.8128078579902649,0.3647783398628235
YGR152C,YJL156C,0,-6.0887976,0.1821192055940628,0.8128078579902649,0.3650246262550354
YKL022C,YOR156C,1,-6.089325,0.18257032334804535,0.8152709603309631,0.3650246262550354
YMR139W,YBR080C,0,-6.089423,0.1824696809053421,0.8152709603309631,0.3652709424495697
YOR249C,YHR014W,1,-6.091022,0.18292011320590973,0.8177340030670166,0.3652709424495697
YBR290W,YCR062W,0,-6.0917687,0.18281938135623932,0.8177340030670166,0.3655172288417816
YDR182W,YPL127C,0,-6.0919943,0.18271876871585846,0.8177340030670166,0.3657635450363159
YOR274W,YOR137C,0,-6.0919967,0.18261826038360596,0.8177340030670166,0.3660098612308502
YKL011C,YDR218C,0,-6.0922136,0.182517871260643,0.8177340030670166,0.36625614762306213
YIL014W,YHR205W,0,-6.0931005,0.1824175864458084,0.8177340030670166,0.36650246381759644
YJL090C,YOR356W,0,-6.095126,0.18231740593910217,0.8177340030670166,0.36674878001213074
YHR036W,YKL084W,0,-6.095139,0.18221734464168549,0.8177340030670166,0.36699506640434265
YOL091W,YMR045C,0,-6.096216,0.18211738765239716,0.8177340030670166,0.36724138259887695
YNL199C,YDR432W,0,-6.097611,0.18201754987239838,0.8177340030670166,0.36748769879341125
YGR112W,YDL042C,0,-6.101678,0.18191780149936676,0.8177340030670166,0.36773398518562317
YKL135C,YOR149C,0,-6.102134,0.1818181872367859,0.8177340030670166,0.36798030138015747
YOL111C,YPL007C,0,-6.108246,0.18171866238117218,0.8177340030670166,0.3682265877723694
YPL010W,YGR112W,0,-6.111389,0.18161925673484802,0.8177340030670166,0.3684729039669037
YBR211C,YJL019W,1,-6.1114497,0.18206670880317688,0.8201970458030701,0.3684729039669037
YOR098C,YER003C,0,-6.1122675,0.18196721374988556,0.8201970458030701,0.368719220161438
YJL063C,YJR028W,0,-6.1123724,0.1818678379058838,0.8201970458030701,0.3689655065536499
YDR432W,YAL009W,0,-6.112438,0.18176856637001038,0.8201970458030701,0.3692118227481842
YDR317W,YJR131W,0,-6.1125526,0.18166939914226532,0.8201970458030701,0.3694581389427185
YER147C,YLR321C,1,-6.113205,0.1821155995130539,0.8226600885391235,0.3694581389427185
YDL112W,YCR062W,0,-6.1135817,0.18201634287834167,0.8226600885391235,0.3697044253349304
YCR039C,YDL232W,0,-6.117342,0.181917205452919,0.8226600885391235,0.3699507415294647
YKR065C,YNR048W,0,-6.117346,0.1818181872367859,0.8226600885391235,0.370197057723999
YOR174W,YBR077C,0,-6.119235,0.18171925842761993,0.8226600885391235,0.37044334411621094
YIL014W,YOL144W,0,-6.1214743,0.18162044882774353,0.8226600885391235,0.37068966031074524
YDR180W,YBR156C,1,-6.12177,0.1820652186870575,0.825123131275177,0.37068966031074524
YGL240W,YGR063C,1,-6.1222916,0.18250951170921326,0.8275862336158752,0.37068966031074524
YLR127C,YLR321C,1,-6.122435,0.18295331299304962,0.8300492763519287,0.37068966031074524
YOL101C,YBR012W-A,0,-6.1294675,0.1828540414571762,0.8300492763519287,0.37093594670295715
YNL275W,YPL248C,0,-6.131274,0.18275487422943115,0.8300492763519287,0.37118226289749146
YOR368W,YBR182C,0,-6.1343293,0.18265582621097565,0.8300492763519287,0.37142857909202576
YDR317W,YKL134C,0,-6.1345706,0.1825568825006485,0.8300492763519287,0.37167486548423767
YLR127C,YFR036W,1,-6.1359262,0.18299946188926697,0.8325123190879822,0.37167486548423767
YLL002W,YKR079C,0,-6.136093,0.18290042877197266,0.8325123190879822,0.371921181678772
YMR100W,YCL032W,0,-6.136417,0.1828015148639679,0.8325123190879822,0.3721674978733063
YOR232W,YGR169C,0,-6.1395283,0.1827027052640915,0.8325123190879822,0.3724137842655182
YGR089W,YBR087W,1,-6.141143,0.1831442415714264,0.8349753618240356,0.3724137842655182
YBR290W,YPL089C,0,-6.14136,0.18304535746574402,0.8349753618240356,0.3726601004600525
YER167W,YGR288W,0,-6.1421213,0.18294657766819,0.8349753618240356,0.3729064166545868
YFL035C-A,YMR239C,0,-6.143942,0.18284790217876434,0.8349753618240356,0.3731527030467987
YCR088W,YGR158C,0,-6.144379,0.18274933099746704,0.8349753618240356,0.373399019241333
YDL160C,YLR141W,0,-6.1455297,0.1826508641242981,0.8349753618240356,0.3736453056335449
YAR002W,YPL139C,0,-6.1480355,0.1825525015592575,0.8349753618240356,0.3738916218280792
YPR154W,YHR154W,0,-6.1517677,0.18245425820350647,0.8349753618240356,0.3741379380226135
YAL009W,YNR039C,0,-6.1557035,0.1823561042547226,0.8349753618240356,0.37438422441482544
YOR335C,YPL241C,0,-6.1559763,0.18225806951522827,0.8349753618240356,0.37463054060935974
YGR244C,YJL113W,0,-6.1577535,0.1821601241827011,0.8349753618240356,0.37487685680389404
YNL287W,YPR140W,0,-6.1587934,0.1820622980594635,0.8349753618240356,0.37512314319610596
YOL082W,YMR167W,0,-6.159575,0.18196457624435425,0.8349753618240356,0.37536945939064026
YPR176C,YDR103W,0,-6.1608787,0.18186695873737335,0.8349753618240356,0.37561577558517456
YKR027W,YDR303C,0,-6.161307,0.18176943063735962,0.8349753618240356,0.3758620619773865
YML086C,YOR195W,0,-6.1635103,0.18167202174663544,0.8349753618240356,0.3761083781719208
YLR005W,YER138C,0,-6.165148,0.1815747171640396,0.8349753618240356,0.3763546943664551
YLL043W,YGR172C,0,-6.1656337,0.18147751688957214,0.8349753618240356,0.376600980758667
YEL056W,YEL062W,0,-6.166411,0.18138042092323303,0.8349753618240356,0.3768472969532013
YCR073C,YFL049W,0,-6.17362,0.18128342926502228,0.8349753618240356,0.3770935833454132
YBR098W,YIL082W-A,0,-6.1761084,0.1811865270137787,0.8349753618240356,0.3773398995399475
YIL153W,YCR018C,0,-6.178605,0.18108974397182465,0.8349753618240356,0.3775862157344818
YDL212W,YHL022C,0,-6.1789393,0.18099306523799896,0.8349753618240356,0.3778325021266937
YOL082W,YHL012W,0,-6.180104,0.18089647591114044,0.8349753618240356,0.378078818321228
YDR489W,YJL087C,0,-6.18075,0.18080000579357147,0.8349753618240356,0.37832513451576233
YCR088W,YMR232W,0,-6.1820564,0.18070362508296967,0.8349753618240356,0.37857142090797424
YOR079C,YJR082C,0,-6.182187,0.18060734868049622,0.8349753618240356,0.37881773710250854
YAL040C,YGR132C,0,-6.1845675,0.18051117658615112,0.8349753618240356,0.37906405329704285
YPR155C,YKR050W,0,-6.1855407,0.1804151087999344,0.8349753618240356,0.37931033968925476
YBR087W,YFL037W,1,-6.1858907,0.1808510571718216,0.8374384045600891,0.37931033968925476
YAL040C,YJL047C,0,-6.186139,0.1807549148797989,0.8374384045600891,0.37955665588378906
YOR362C,YCL032W,0,-6.186743,0.18065887689590454,0.8374384045600891,0.379802942276001
YLR286C,YBR057C,0,-6.1875334,0.18056292831897736,0.8374384045600891,0.3800492584705353
YMR039C,YJR046W,0,-6.1888623,0.18046708405017853,0.8374384045600891,0.3802955746650696
YJL034W,YGR257C,0,-6.1917024,0.18037135899066925,0.8374384045600891,0.3805418610572815
YOR381W,YHR187W,0,-6.1917114,0.18027570843696594,0.8374384045600891,0.3807881772518158
YDL074C,YDR301W,0,-6.195051,0.18018017709255219,0.8374384045600891,0.3810344934463501
YPR042C,YKL075C,0,-6.196142,0.18008475005626678,0.8374384045600891,0.381280779838562
YER159C,YML012W,0,-6.19769,0.17998941242694855,0.8374384045600891,0.3815270960330963
YHR187W,YJL112W,0,-6.1980486,0.17989417910575867,0.8374384045600891,0.3817734122276306
YMR232W,YJL154C,0,-6.198548,0.17979905009269714,0.8374384045600891,0.38201969861984253
YMR039C,YOR106W,0,-6.1995316,0.17970401048660278,0.8374384045600891,0.38226601481437683
YBL020W,YBR223C,0,-6.1999264,0.17960909008979797,0.8374384045600891,0.38251230120658875
YFL024C,YBR254C,0,-6.2003975,0.17951425909996033,0.8374384045600891,0.38275861740112305
YOR257W,YDL232W,0,-6.2014885,0.17941953241825104,0.8374384045600891,0.38300493359565735
YDR459C,YKL075C,0,-6.2033424,0.1793248951435089,0.8374384045600891,0.38325121998786926
YJL113W,YJR028W,0,-6.2042704,0.17923036217689514,0.8374384045600891,0.38349753618240356
YDR434W,YOR217W,0,-6.2044935,0.17913593351840973,0.8374384045600891,0.38374385237693787
YCL029C,YDL106C,0,-6.2047234,0.17904159426689148,0.8374384045600891,0.3839901387691498
YAL030W,YER111C,0,-6.2058206,0.17894737422466278,0.8374384045600891,0.3842364549636841
YDR424C,YDR432W,0,-6.2072077,0.17885322868824005,0.8374384045600891,0.3844827711582184
YCR107W,YOR005C,0,-6.2080855,0.17875920236110687,0.8374384045600891,0.3847290575504303
YDR301W,YDR147W,0,-6.208392,0.17866526544094086,0.8374384045600891,0.3849753737449646
YLR449W,YBR012W-A,0,-6.2094183,0.1785714328289032,0.8374384045600891,0.3852216601371765
YKL064W,YNL253W,0,-6.2096157,0.1784776896238327,0.8374384045600891,0.3854679763317108
YNL223W,YDR213W,0,-6.2157497,0.17838405072689056,0.8374384045600891,0.3857142925262451
YKL011C,YNR031C,0,-6.2165194,0.1782905012369156,0.8374384045600891,0.38596057891845703
YMR035W,YML023C,0,-6.2172356,0.17819707095623016,0.8374384045600891,0.38620689511299133
YDR376W,YHR056C,0,-6.217394,0.1781037151813507,0.8374384045600891,0.38645321130752563
YLR013W,YKR079C,0,-6.217843,0.1780104786157608,0.8374384045600891,0.38669949769973755
YCL038C,YHR079C-B,0,-6.2188745,0.17791731655597687,0.8374384045600891,0.38694581389427185
YLR363C,YOR356W,0,-6.220643,0.17782427370548248,0.8374384045600891,0.38719213008880615
YPL194W,YOR367W,0,-6.221692,0.17773130536079407,0.8374384045600891,0.38743841648101807
YBL080C,YER138C,0,-6.22375,0.1776384562253952,0.8374384045600891,0.38768473267555237
YPL140C,YIL018W,0,-6.224311,0.1775456964969635,0.8374384045600891,0.38793104887008667
YHR014W,YFL037W,1,-6.2276897,0.17797495424747467,0.8399015069007874,0.38793104887008667
YNL223W,YMR037C,0,-6.22773,0.1778821051120758,0.8399015069007874,0.3881773352622986
YML004C,YLR263W,0,-6.228815,0.1777893602848053,0.8399015069007874,0.3884236514568329
YMR106C,YIL082W-A,0,-6.23074,0.17769671976566315,0.8399015069007874,0.3886699378490448
YCR052W,YMR045C,0,-6.2312,0.17760416865348816,0.8399015069007874,0.3889162540435791
YBR211C,YHR014W,1,-6.23331,0.1780322790145874,0.8423645496368408,0.3889162540435791
YLR133W,YJL145W,0,-6.2338862,0.17793965339660645,0.8423645496368408,0.3891625702381134
YKL062W,YMR088C,0,-6.234229,0.17784711718559265,0.8423645496368408,0.3894088566303253
YCL038C,YLR035C-A,0,-6.234728,0.17775467038154602,0.8423645496368408,0.3896551728248596
YBR057C,YBL103C,0,-6.2362795,0.17766234278678894,0.8423645496368408,0.3899014890193939
YJR040W,YKL028W,0,-6.2363367,0.17757008969783783,0.8423645496368408,0.39014777541160583
YBR170C,YAR002W,0,-6.2396655,0.17747794091701508,0.8423645496368408,0.39039409160614014
YCL039W,YOR368W,0,-6.241025,0.17738589644432068,0.8423645496368408,0.39064040780067444
YKL189W,YHR205W,0,-6.2452226,0.17729394137859344,0.8423645496368408,0.39088669419288635
YKL138C-A,YPL152W,0,-6.2469573,0.17720207571983337,0.8423645496368408,0.39113301038742065
YCR071C,YBR012W-A,0,-6.2469635,0.17711029946804047,0.8423645496368408,0.39137929677963257
YER032W,YIL101C,0,-6.247671,0.17701862752437592,0.8423645496368408,0.39162561297416687
YKR039W,YOL138C,0,-6.249567,0.17692705988883972,0.8423645496368408,0.39187192916870117
YOR368W,YBR012W-A,0,-6.250226,0.1768355667591095,0.8423645496368408,0.3921182155609131
YPL063W,YDR002W,0,-6.250414,0.17674419283866882,0.8423645496368408,0.3923645317554474
YKL146W,YER114C,0,-6.250659,0.17665289342403412,0.8423645496368408,0.3926108479499817
YBR211C,YGR063C,1,-6.252438,0.17707794904708862,0.8448275923728943,0.3926108479499817
YPR017C,YER125W,0,-6.253302,0.17698659002780914,0.8448275923728943,0.3928571343421936
YDR439W,YOR156C,1,-6.2550445,0.1774110347032547,0.8472906351089478,0.3928571343421936
YGR275W,YLR321C,1,-6.257189,0.17783504724502563,0.8497536778450012,0.3928571343421936
YOR137C,YJL093C,0,-6.2574024,0.17774343490600586,0.8497536778450012,0.3931034505367279
YKR036C,YLR275W,0,-6.2575145,0.17765191197395325,0.8497536778450012,0.3933497667312622
YNR059W,YER003C,0,-6.257819,0.1775604784488678,0.8497536778450012,0.3935960531234741
YIL072W,YPR167C,0,-6.2584047,0.1774691343307495,0.8497536778450012,0.3938423693180084
YJL005W,YOL100W,0,-6.2591715,0.17737789452075958,0.8497536778450012,0.39408865571022034
YBR135W,YDR206W,0,-6.2608795,0.17728674411773682,0.8497536778450012,0.39433497190475464
YGL017W,YGR134W,0,-6.260922,0.1771956831216812,0.8497536778450012,0.39458128809928894
YGR257C,YOL031C,0,-6.262614,0.17710472643375397,0.8497536778450012,0.39482757449150085
YNL106C,YPR155C,0,-6.2664394,0.17701385915279388,0.8497536778450012,0.39507389068603516
YBR070C,YCR047C,0,-6.26665,0.17692308127880096,0.8497536778450012,0.39532020688056946
YBR080C,YDR422C,0,-6.2676597,0.1768323928117752,0.8497536778450012,0.39556649327278137
YPL194W,YBL005W-A,0,-6.2695847,0.1767418086528778,0.8497536778450012,0.3958128094673157
YBR086C,YMR283C,0,-6.270211,0.17665129899978638,0.8497536778450012,0.39605912566185
YMR264W,YLR141W,0,-6.270397,0.1765608936548233,0.8497536778450012,0.3963054120540619
YOR344C,YCL074W,0,-6.2712946,0.1764705926179886,0.8497536778450012,0.3965517282485962
YHR214C-C,YLR035C-A,0,-6.2720394,0.17638036608695984,0.8497536778450012,0.3967980444431305
YOR290C,YMR039C,0,-6.273155,0.17629024386405945,0.8497536778450012,0.3970443308353424
YOR079C,YAL009W,0,-6.274469,0.17620021104812622,0.8497536778450012,0.3972906470298767
YJL019W,YGR089W,1,-6.275708,0.1766207218170166,0.8522167205810547,0.3972906470298767
YFR008W,YPR042C,0,-6.2763352,0.1765306144952774,0.8522167205810547,0.3975369334220886
YCR018C,YBR223C,0,-6.2775445,0.17644059658050537,0.8522167205810547,0.3977832496166229
YLR384C,YJL192C,0,-6.277675,0.1763506680727005,0.8522167205810547,0.3980295658111572
YLR205C,YKR019C,0,-6.2778683,0.1762608289718628,0.8522167205810547,0.39827585220336914
YKL052C,YPL147W,0,-6.278949,0.17617107927799225,0.8522167205810547,0.39852216839790344
YGL133W,YCL043C,0,-6.2794127,0.17608141899108887,0.8522167205810547,0.39876848459243774
YPL227C,YPR029C,0,-6.2799516,0.17599186301231384,0.8522167205810547,0.39901477098464966
YDR513W,YOR232W,0,-6.282239,0.17590239644050598,0.8522167205810547,0.39926108717918396
YGR134W,YMR043W,0,-6.2823157,0.1758130043745041,0.8522167205810547,0.39950740337371826
YDR206W,YER123W,0,-6.2829485,0.17572371661663055,0.8522167205810547,0.3997536897659302
YFR051C,YER111C,0,-6.286296,0.17563451826572418,0.8522167205810547,0.4000000059604645
YMR224C,YNL253W,0,-6.2875266,0.17554540932178497,0.8522167205810547,0.4002462923526764
YOL123W,YLR195C,0,-6.287872,0.17545638978481293,0.8522167205810547,0.4004926085472107
YEL042W,YML010W,0,-6.287898,0.17536745965480804,0.8522167205810547,0.400738924741745
YNL071W,YDL190C,0,-6.2883263,0.17527861893177032,0.8522167205810547,0.4009852111339569
YNL259C,YKL028W,0,-6.29194,0.17518986761569977,0.8522167205810547,0.4012315273284912
YJL019W,YER147C,1,-6.2929325,0.17560729384422302,0.8546798229217529,0.4012315273284912
YOR322C,YLR426W,0,-6.2934337,0.1755184680223465,0.8546798229217529,0.4014778435230255
YIL062C,YBR112C,0,-6.294391,0.17542973160743713,0.8546798229217529,0.4017241299152374
YLR015W,YNL225C,0,-6.2946186,0.17534108459949493,0.8546798229217529,0.40197044610977173
YCR020C-A,YLR248W,0,-6.296233,0.1752525269985199,0.8546798229217529,0.40221676230430603
YOR187W,YDL190C,0,-6.296378,0.17516405880451202,0.8546798229217529,0.40246304869651794
YCR107W,YJL109C,0,-6.2967615,0.1750756800174713,0.8546798229217529,0.40270936489105225
YKR027W,YCR028C-A,0,-6.297072,0.17498739063739777,0.8546798229217529,0.40295565128326416
YIL149C,YOR372C,0,-6.2980385,0.17489919066429138,0.8546798229217529,0.40320196747779846
YDL209C,YDR177W,0,-6.299361,0.17481108009815216,0.8546798229217529,0.40344828367233276
YOR249C,YBR107C,1,-6.3012075,0.1752265840768814,0.8571428656578064,0.40344828367233276
YBR170C,YJR103W,0,-6.302127,0.17513839900493622,0.8571428656578064,0.4036945700645447
YOL146W,YJL192C,0,-6.3026805,0.1750503033399582,0.8571428656578064,0.403940886259079
YFL035C-A,YPL033C,0,-6.3029575,0.17496229708194733,0.8571428656578064,0.4041872024536133
YKR027W,YHR194W,0,-6.3050075,0.17487436532974243,0.8571428656578064,0.4044334888458252
YDL190C,YPL139C,0,-6.307354,0.1747865378856659,0.8571428656578064,0.4046798050403595
YIL128W,YIL153W,0,-6.3088675,0.17469879984855652,0.8571428656578064,0.4049261212348938
YLR133W,YGR129W,0,-6.309553,0.1746111363172531,0.8571428656578064,0.4051724076271057
YFR036W,YGL240W,1,-6.3107457,0.175025075674057,0.8596059083938599,0.4051724076271057
YNR059W,YMR149W,0,-6.3118873,0.17493733763694763,0.8596059083938599,0.40541872382164
YGL055W,YDL118W,0,-6.3120904,0.1748497039079666,0.8596059083938599,0.40566501021385193
YMR039C,YIL101C,0,-6.312702,0.17476214468479156,0.8596059083938599,0.40591132640838623
YLR056W,YNL313C,0,-6.3135085,0.17467467486858368,0.8596059083938599,0.40615764260292053
YBR133C,YOR274W,0,-6.314537,0.17458729445934296,0.8596059083938599,0.40640392899513245
YFR008W,YNL138W,0,-6.3148007,0.1745000034570694,0.8596059083938599,0.40665024518966675
YJL194W,YMR045C,0,-6.317976,0.1744127869606018,0.8596059083938599,0.40689656138420105
YLR110C,YIL080W,0,-6.3192925,0.17432567477226257,0.8596059083938599,0.40714284777641296
YJL113W,YLR346C,0,-6.319565,0.1742386370897293,0.8596059083938599,0.40738916397094727
YDR376W,YBR012W-A,0,-6.3217254,0.1741517037153244,0.8596059083938599,0.40763548016548157
YKL022C,YIL144W,1,-6.32247,0.17456358671188354,0.8620689511299133,0.40763548016548157
YGL006W,YJR021C,0,-6.323057,0.17447656393051147,0.8620689511299133,0.4078817665576935
YNL216W,YLL016W,0,-6.3236017,0.17438963055610657,0.8620689511299133,0.4081280827522278
YNL012W,YDR213W,0,-6.3244243,0.17430278658866882,0.8620689511299133,0.4083743989467621
YNL111C,YIL082W-A,0,-6.32782,0.17421603202819824,0.8620689511299133,0.408620685338974
YDL106C,YJL154C,0,-6.3283463,0.17412935197353363,0.8620689511299133,0.4088670015335083
YOR322C,YGL129C,0,-6.3325944,0.17404276132583618,0.8620689511299133,0.4091132879257202
YPL268W,YOR057W,0,-6.333272,0.1739562600851059,0.8620689511299133,0.4093596041202545
YPR175W,YPR036W,0,-6.3332973,0.17386984825134277,0.8620689511299133,0.4096059203147888
YGR120C,YBL041W,0,-6.3358293,0.17378351092338562,0.8620689511299133,0.40985220670700073
YMR036C,YMR175W,0,-6.3377223,0.17369727790355682,0.8620689511299133,0.41009852290153503
YDR201W,YOR187W,0,-6.3431525,0.1736111044883728,0.8620689511299133,0.41034483909606934
YOR322C,YBR173C,0,-6.3431683,0.17352503538131714,0.8620689511299133,0.41059112548828125
YOR249C,YBR087W,1,-6.3431683,0.17393459379673004,0.8645319938659668,0.41059112548828125
YLR363C,YOR187W,0,-6.3434296,0.17384843528270721,0.8645319938659668,0.41083744168281555
YFR036W,YLR321C,1,-6.344618,0.17425742745399475,0.866995096206665,0.41083744168281555
YLR384C,YNL177C,0,-6.3466673,0.17417120933532715,0.866995096206665,0.41108375787734985
YLR384C,YDR183W,0,-6.347663,0.17408506572246552,0.866995096206665,0.41133004426956177
YBR107C,YER147C,1,-6.347902,0.17449332773685455,0.8694581389427185,0.41133004426956177
YMR214W,YDL038C,0,-6.3492293,0.17440710961818695,0.8694581389427185,0.41157636046409607
YGR231C,YHR084W,0,-6.3520174,0.1743209809064865,0.8694581389427185,0.411822646856308
YML074C,YCR052W,0,-6.3520956,0.17423494160175323,0.8694581389427185,0.4120689630508423
YKL192C,YMR046C,0,-6.359644,0.17414899170398712,0.8694581389427185,0.4123152792453766
YJL058C,YFL033C,0,-6.361884,0.17406311631202698,0.8694581389427185,0.4125615656375885
YJR043C,YKL144C,0,-6.36227,0.173977330327034,0.8694581389427185,0.4128078818321228
YNL253W,YNL079C,0,-6.3635983,0.17389161884784698,0.8694581389427185,0.4130541980266571
YGL150C,YDR167W,0,-6.363974,0.17380601167678833,0.8694581389427185,0.413300484418869
YER108C,YJL210W,0,-6.3640056,0.17372047901153564,0.8694581389427185,0.4135468006134033
YBL080C,YJR127C,0,-6.364628,0.17363502085208893,0.8694581389427185,0.4137931168079376
YJL157C,YNL066W,0,-6.364917,0.17354965209960938,0.8694581389427185,0.41403940320014954
YDR218C,YCL074W,0,-6.3670826,0.17346437275409698,0.8694581389427185,0.41428571939468384
YOR073W,YGR063C,1,-6.367988,0.17387033998966217,0.871921181678772,0.41428571939468384
YJL192C,YLR045C,0,-6.3699102,0.17378497123718262,0.871921181678772,0.41453200578689575
YLR136C,YNL079C,0,-6.3702383,0.17369970679283142,0.871921181678772,0.41477832198143005
YDR376W,YPR178W,0,-6.3705683,0.1736145168542862,0.871921181678772,0.41502463817596436
YNL068C,YMR224C,0,-6.3707047,0.17352941632270813,0.871921181678772,0.41527092456817627
YOR076C,YIL029C,0,-6.372864,0.17344439029693604,0.871921181678772,0.41551724076271057
YLR363C,YKR020W,0,-6.37464,0.1733594536781311,0.871921181678772,0.4157635569572449
YCR107W,YJL101C,0,-6.3766165,0.17327459156513214,0.871921181678772,0.4160098433494568
YJR091C,YPR168W,0,-6.377226,0.17318981885910034,0.871921181678772,0.4162561595439911
YLR384C,YNL053W,0,-6.3780556,0.1731051355600357,0.871921181678772,0.4165024757385254
YCR088W,YER138C,0,-6.379214,0.17302052676677704,0.871921181678772,0.4167487621307373
YBR070C,YML061C,0,-6.382324,0.17293600738048553,0.871921181678772,0.4169950783252716
YPL160W,YHR108W,0,-6.385145,0.1728515625,0.871921181678772,0.4172413647174835
YLR219W,YDR489W,0,-6.386189,0.17276720702648163,0.871921181678772,0.4174876809120178
YLR384C,YDR490C,0,-6.3865547,0.17268292605876923,0.871921181678772,0.4177339971065521
YFL035C-A,YLR009W,0,-6.3872333,0.172598734498024,0.871921181678772,0.41798028349876404
YJL101C,YFL049W,0,-6.387613,0.17251461744308472,0.871921181678772,0.41822659969329834
YIL153W,YHR090C,0,-6.3882,0.1724305897951126,0.871921181678772,0.41847291588783264
YGL017W,YGR288W,0,-6.390939,0.17234663665294647,0.871921181678772,0.41871920228004456
YOR147W,YKL064W,0,-6.3934755,0.1722627729177475,0.871921181678772,0.41896551847457886
YMR100W,YOR212W,0,-6.3946376,0.1721789836883545,0.871921181678772,0.41921183466911316
YLL001W,YIL128W,0,-6.396963,0.17209528386592865,0.871921181678772,0.4194581210613251
YBR170C,YAL009W,0,-6.397169,0.17201165854930878,0.871921181678772,0.4197044372558594
YJL010C,YLR183C,0,-6.3974133,0.17192812263965607,0.871921181678772,0.4199507534503937
YML110C,YJR094C,0,-6.3990693,0.17184466123580933,0.871921181678772,0.4201970398426056
YOR130C,YGR221C,0,-6.3999295,0.17176127433776855,0.871921181678772,0.4204433560371399
YIL082W-A,YKL075C,0,-6.400418,0.17167797684669495,0.871921181678772,0.4206896424293518
YGR204W,YOL121C,0,-6.4011974,0.1715947687625885,0.871921181678772,0.4209359586238861
YGR244C,YMR112C,0,-6.4012403,0.17151163518428802,0.871921181678772,0.4211822748184204
YER155C,YJL133W,0,-6.402463,0.17142857611179352,0.871921181678772,0.4214285612106323
YKL053C-A,YNL261W,0,-6.4029183,0.17134559154510498,0.871921181678772,0.4216748774051666
YCL066W,YOR308C,0,-6.405328,0.1712626963853836,0.871921181678772,0.4219211935997009
YLR160C,YLR013W,0,-6.407055,0.1711798906326294,0.871921181678772,0.42216747999191284
YNL199C,YNL261W,0,-6.4071856,0.17109714448451996,0.871921181678772,0.42241379618644714
YOR100C,YJR028W,0,-6.4074507,0.17101448774337769,0.871921181678772,0.42266011238098145
YNL119W,YER138C,0,-6.4075637,0.17093192040920258,0.871921181678772,0.42290639877319336
YNL031C,YJL087C,0,-6.407811,0.17084942758083344,0.871921181678772,0.42315271496772766
YBR164C,YNL261W,0,-6.4093895,0.17076700925827026,0.871921181678772,0.4233990013599396
YHR205W,YPL016W,0,-6.41055,0.17068466544151306,0.871921181678772,0.4236453175544739
YCR073C,YER138C,0,-6.4145966,0.17060241103172302,0.871921181678772,0.4238916337490082
YPL227C,YPR049C,0,-6.414652,0.17052023112773895,0.871921181678772,0.4241379201412201
YAL040C,YDL087C,0,-6.4179006,0.17043812572956085,0.871921181678772,0.4243842363357544
YLR275W,YIL082W-A,0,-6.419071,0.17035610973834991,0.871921181678772,0.4246305525302887
YPL140C,YFR003C,0,-6.419125,0.17027416825294495,0.871921181678772,0.4248768389225006
YBR118W,YMR087W,0,-6.419549,0.17019230127334595,0.871921181678772,0.4251231551170349
YBR135W,YJL011C,0,-6.422439,0.1701105237007141,0.871921181678772,0.4253694713115692
YNL020C,YOR076C,0,-6.4225063,0.17002882063388824,0.871921181678772,0.42561575770378113
YOL101C,YMR236W,0,-6.4231515,0.16994719207286835,0.871921181678772,0.42586207389831543
YPL028W,YHR079C-B,0,-6.424791,0.16986563801765442,0.871921181678772,0.42610836029052734
YLL001W,YNL287W,0,-6.427245,0.16978417336940765,0.871921181678772,0.42635467648506165
YOR274W,YGR075C,0,-6.4279346,0.16970278322696686,0.871921181678772,0.42660099267959595
YPL028W,YLL016W,0,-6.428837,0.16962146759033203,0.871921181678772,0.42684727907180786
YFR047C,YAL009W,0,-6.42939,0.16954022645950317,0.871921181678772,0.42709359526634216
YCR047C,YCR039C,0,-6.4309278,0.16945907473564148,0.871921181678772,0.42733991146087646
YJL133W,YOL147C,0,-6.431797,0.16937799751758575,0.871921181678772,0.4275861978530884
YDR453C,YER123W,0,-6.432542,0.1692969799041748,0.871921181678772,0.4278325140476227
YOL130W,YDL185W,0,-6.432597,0.1692160665988922,0.871921181678772,0.428078830242157
YMR224C,YBR114W,0,-6.4326596,0.1691352128982544,0.871921181678772,0.4283251166343689
YJL008C,YDL042C,0,-6.4333596,0.16905444860458374,0.871921181678772,0.4285714328289032
YJR091C,YCL032W,0,-6.434053,0.16897374391555786,0.871921181678772,0.4288177192211151
YLR015W,YIL106W,0,-6.435106,0.16889312863349915,0.871921181678772,0.4290640354156494
YJL127C,YPL214C,0,-6.4351826,0.1688125878572464,0.871921181678772,0.4293103516101837
YAL041W,YIL080W,0,-6.435874,0.16873212158679962,0.871921181678772,0.42955663800239563
YKR050W,YPR139C,0,-6.4395485,0.16865174472332,0.871921181678772,0.42980295419692993
YPR042C,YIL153W,0,-6.4395776,0.16857142746448517,0.871921181678772,0.43004927039146423
YDR303C,YDR320C,0,-6.4416404,0.1684911996126175,0.871921181678772,0.43029555678367615
YJL133W,YPR055W,0,-6.443796,0.1684110313653946,0.871921181678772,0.43054187297821045
YBR211C,YGR275W,1,-6.4441433,0.16880646347999573,0.8743842244148254,0.43054187297821045
YCL043C,YDR422C,0,-6.446084,0.16872623562812805,0.8743842244148254,0.43078818917274475
YCL039W,YOR137C,0,-6.447584,0.16864608228206635,0.8743842244148254,0.43103447556495667
YPR068C,YCR073C,0,-6.450817,0.1685660034418106,0.8743842244148254,0.43128079175949097
YDL108W,YNL261W,0,-6.4509873,0.16848599910736084,0.8743842244148254,0.43152710795402527
YCR107W,YMR045C,0,-6.4524536,0.16840606927871704,0.8743842244148254,0.4317733943462372
YMR224C,YGL232W,0,-6.4528685,0.1683262139558792,0.8743842244148254,0.4320197105407715
YJR022W,YHL034C,0,-6.453039,0.16824644804000854,0.8743842244148254,0.4322659969329834
YBR182C,YAL009W,0,-6.4568753,0.16816674172878265,0.8743842244148254,0.4325123131275177
YDR432W,YDR201W,0,-6.4608603,0.16808712482452393,0.8743842244148254,0.432758629322052
YHR108W,YMR149W,0,-6.4631653,0.16800756752490997,0.8743842244148254,0.4330049157142639
YBL008W,YGR090W,0,-6.4644747,0.16792809963226318,0.8743842244148254,0.4332512319087982
YDR420W,YML005W,0,-6.466894,0.16784870624542236,0.8743842244148254,0.4334975481033325
YMR149W,YDL038C,0,-6.468108,0.16776937246322632,0.8743842244148254,0.43374383449554443
YLR196W,YCR062W,0,-6.4687614,0.16769012808799744,0.8743842244148254,0.43399015069007874
YEL056W,YBR077C,0,-6.4691367,0.16761095821857452,0.8743842244148254,0.43423646688461304
YNL259C,YDL225W,0,-6.4700723,0.1675318479537964,0.8743842244148254,0.43448275327682495
YDR252W,YLR363C,0,-6.4722996,0.1674528270959854,0.8743842244148254,0.43472906947135925
YKL134C,YNL313C,0,-6.472783,0.1673738807439804,0.8743842244148254,0.43497535586357117
YJR040W,YJL168C,0,-6.4775057,0.16729500889778137,0.8743842244148254,0.43522167205810547
YLR189C,YPR139C,0,-6.478706,0.1672161966562271,0.8743842244148254,0.43546798825263977
YLR286C,YLR067C,0,-6.480694,0.16713747382164001,0.8743842244148254,0.4357142746448517
YLR153C,YKL134C,0,-6.4818525,0.1670588254928589,0.8743842244148254,0.435960590839386
YGR134W,YMR037C,0,-6.484172,0.16698025166988373,0.8743842244148254,0.4362069070339203
YER172C,YIL010W,0,-6.4877515,0.16690173745155334,0.8743842244148254,0.4364531934261322
YLL036C,YMR087W,0,-6.488502,0.16682331264019012,0.8743842244148254,0.4366995096206665
YLR449W,YNR031C,0,-6.491922,0.16674494743347168,0.8743842244148254,0.4369458258152008
YPL274W,YLL016W,0,-6.495373,0.1666666716337204,0.8743842244148254,0.4371921122074127
YOR078W,YKL075C,0,-6.496169,0.1665884554386139,0.8743842244148254,0.437438428401947
YCR107W,YNL216W,0,-6.497206,0.16651031374931335,0.8743842244148254,0.43768471479415894
YBR087W,YLR321C,1,-6.4974766,0.16690108180046082,0.8768472671508789,0.43768471479415894
YFR008W,YPL040C,0,-6.499186,0.1668228656053543,0.8768472671508789,0.43793103098869324
YPR111W,YIL018W,0,-6.501684,0.16674472391605377,0.8768472671508789,0.43817734718322754
YIR002C,YER123W,0,-6.5020723,0.1666666716337204,0.8768472671508789,0.43842363357543945
YHL048W,YGR135W,0,-6.503468,0.1665886789560318,0.8768472671508789,0.43866994976997375
YNL020C,YMR241W,0,-6.5045004,0.16651076078414917,0.8768472671508789,0.43891626596450806
YJL090C,YJR040W,0,-6.5048714,0.1664329171180725,0.8768472671508789,0.43916255235671997
YJL034W,YGL236C,0,-6.508427,0.16635513305664062,0.8768472671508789,0.4394088685512543
YGL201C,YLL016W,0,-6.509121,0.1662774384021759,0.8768472671508789,0.4396551847457886
YAR002W,YBR080C,0,-6.510664,0.16619981825351715,0.8768472671508789,0.4399014711380005
YPL227C,YGL127C,0,-6.5109153,0.16612225770950317,0.8768472671508789,0.4401477873325348
YCR107W,YOL082W,0,-6.512247,0.16604477167129517,0.8768472671508789,0.4403941035270691
YJL194W,YML024W,0,-6.513467,0.16596736013889313,0.8768472671508789,0.440640389919281
YGR244C,YGL163C,0,-6.5137615,0.16589002311229706,0.8768472671508789,0.4408867061138153
YJL190C,YDL038C,0,-6.5148377,0.16581276059150696,0.8768472671508789,0.4411329925060272
YIL018W,YMR039C,0,-6.519849,0.16573557257652283,0.8768472671508789,0.4413793087005615
YDL076C,YHR041C,0,-6.522262,0.16565844416618347,0.8768472671508789,0.4416256248950958
YLR368W,YBR012W-A,0,-6.522668,0.16558139026165009,0.8768472671508789,0.44187191128730774
YDR110W,YPR125W,0,-6.531109,0.16550441086292267,0.8768472671508789,0.44211822748184204
YOR098C,YKL075C,0,-6.5317163,0.16542750597000122,0.8768472671508789,0.44236454367637634
YPL040C,YIL110W,0,-6.531966,0.16535067558288574,0.8768472671508789,0.44261083006858826
YLR335W,YIL018W,0,-6.533934,0.16527390480041504,0.8768472671508789,0.44285714626312256
YIL062C,YJL111W,0,-6.5371084,0.1651972085237503,0.8768472671508789,0.44310346245765686
YLR321C,YGR063C,1,-6.5389595,0.16558441519737244,0.8793103694915771,0.44310346245765686
YMR145C,YJL139C,0,-6.539616,0.16550764441490173,0.8793103694915771,0.4433497488498688
YDR459C,YIL129C,0,-6.5404663,0.165430948138237,0.8793103694915771,0.4435960650444031
YIL022W,YIL008W,0,-6.541914,0.16535432636737823,0.8793103694915771,0.443842351436615
YDR453C,YJR028W,0,-6.5420623,0.16527777910232544,0.8793103694915771,0.4440886676311493
YNL251C,YMR106C,0,-6.542142,0.16520129144191742,0.8793103694915771,0.4443349838256836
YJR043C,YHL012W,0,-6.543872,0.16512487828731537,0.8793103694915771,0.4445812702178955
YBR267W,YGR162W,0,-6.5447216,0.1650485396385193,0.8793103694915771,0.4448275864124298
YBR279W,YAR035W,0,-6.5462403,0.16497227549552917,0.8793103694915771,0.4450739026069641
YNL094W,YJR028W,0,-6.547397,0.16489607095718384,0.8793103694915771,0.445320188999176
YOR388C,YOR148C,0,-6.547612,0.16481994092464447,0.8793103694915771,0.4455665051937103
YDR182W,YLR133W,0,-6.5477443,0.16474388539791107,0.8793103694915771,0.44581282138824463
YDR188W,YMR039C,0,-6.5487385,0.16466788947582245,0.8793103694915771,0.44605910778045654
YMR312W,YNL103W,0,-6.5492296,0.164591982960701,0.8793103694915771,0.44630542397499084
YOR150W,YML105C,0,-6.5493975,0.1645161360502243,0.8793103694915771,0.44655171036720276
YNL311C,YMR046C,0,-6.5502443,0.1644403487443924,0.8793103694915771,0.44679802656173706
YLR133W,YLL006W,0,-6.5506296,0.16436463594436646,0.8793103694915771,0.44704434275627136
YNL261W,YOL044W,0,-6.551341,0.16428899765014648,0.8793103694915771,0.4472906291484833
YKL053C-A,YDR159W,0,-6.551434,0.16421343386173248,0.8793103694915771,0.4475369453430176
YGL017W,YMR100W,0,-6.552969,0.16413792967796326,0.8793103694915771,0.4477832615375519
YHL048W,YPR139C,0,-6.5545406,0.1640625,0.8793103694915771,0.4480295479297638
YLR286C,YKL075C,0,-6.5552216,0.1639871448278427,0.8793103694915771,0.4482758641242981
YGR177C,YIR022W,0,-6.557375,0.1639118492603302,0.8793103694915771,0.4485221803188324
YHR036W,YGR162W,0,-6.562887,0.16383662819862366,0.8793103694915771,0.4487684667110443
YJL008C,YGL086W,0,-6.5644627,0.1637614667415619,0.8793103694915771,0.4490147829055786
YJL117W,YJL056C,0,-6.5645156,0.1636863797903061,0.8793103694915771,0.4492610692977905
YGR120C,YJR135W-A,0,-6.5650444,0.16361136734485626,0.8793103694915771,0.44950738549232483
YMR137C,YGR172C,0,-6.56746,0.1635364145040512,0.8793103694915771,0.44975370168685913
YJL019W,YGR275W,1,-6.569101,0.16391941905021667,0.8817734122276306,0.44975370168685913
YDL102W,YBR296C,0,-6.5716534,0.16384439170360565,0.8817734122276306,0.44999998807907104
YOL146W,YDL038C,0,-6.5748096,0.1637694388628006,0.8817734122276306,0.45024630427360535
YIL004C,YGL236C,0,-6.5819707,0.1636945605278015,0.8817734122276306,0.45049262046813965
YHR077C,YGL006W,0,-6.582225,0.1636197417974472,0.8817734122276306,0.45073890686035156
YIL004C,YKR014C,0,-6.582376,0.16354499757289886,0.8817734122276306,0.45098522305488586
YJL110C,YIL022W,0,-6.582693,0.1634703129529953,0.8817734122276306,0.45123153924942017
YNL199C,YNL163C,0,-6.583231,0.1633957028388977,0.8817734122276306,0.4514778256416321
YGL187C,YHR079C-B,0,-6.5855875,0.16332116723060608,0.8817734122276306,0.4517241418361664
YJL196C,YKR089C,0,-6.586378,0.16324669122695923,0.8817734122276306,0.4519704580307007
YGL150C,YML010W,0,-6.5869207,0.16317228972911835,0.8817734122276306,0.4522167444229126
YJL058C,YOR005C,0,-6.587632,0.16309794783592224,0.8817734122276306,0.4524630606174469
YBR036C,YOR149C,0,-6.5887985,0.1630236804485321,0.8817734122276306,0.4527093470096588
YGR177C,YJR043C,0,-6.5888863,0.16294947266578674,0.8817734122276306,0.4529556632041931
YNL177C,YLR263W,0,-6.589491,0.16287533938884735,0.8817734122276306,0.4532019793987274
YLR394W,YML012W,0,-6.5902767,0.16280128061771393,0.8817734122276306,0.45344826579093933
YOR079C,YJR094C,0,-6.590838,0.1627272665500641,0.8817734122276306,0.45369458198547363
YLR304C,YIL080W,0,-6.5920305,0.1626533418893814,0.8817734122276306,0.45394089818000793
YOL091W,YML010W,0,-6.5931206,0.1625794768333435,0.8817734122276306,0.45418718457221985
YGR134W,YDL022W,0,-6.5947304,0.16250567138195038,0.8817734122276306,0.45443350076675415
YNL288W,YKL189W,0,-6.5969477,0.16243194043636322,0.8817734122276306,0.45467981696128845
YER147C,YJL080C,1,-6.5977793,0.1628117859363556,0.8842364549636841,0.45467981696128845
YGL070C,YPL007C,0,-6.598337,0.16273798048496246,0.8842364549636841,0.45492610335350037
YPR111W,YFL016C,0,-6.59867,0.1626642495393753,0.8842364549636841,0.45517241954803467
YBL020W,YPR055W,0,-6.599133,0.16259057819843292,0.8842364549636841,0.4554187059402466
YPL040C,YMR046C,0,-6.6003847,0.1625169813632965,0.8842364549636841,0.4556650221347809
YOL012C,YIL017C,0,-6.6004887,0.16244344413280487,0.8842364549636841,0.4559113383293152
YNL261W,YER169W,0,-6.6007514,0.162369966506958,0.8842364549636841,0.4561576247215271
YDR147W,YOR381W,0,-6.607075,0.16229656338691711,0.8842364549636841,0.4564039409160614
YOR057W,YGL127C,0,-6.6082664,0.162223219871521,0.8842364549636841,0.4566502571105957
YGL206C,YBR135W,0,-6.608289,0.16214995086193085,0.8842364549636841,0.4568965435028076
YER169W,YOL055C,0,-6.609265,0.16207675635814667,0.8842364549636841,0.4571428596973419
YBR038W,YKR014C,0,-6.609878,0.16200360655784607,0.8842364549636841,0.4573891758918762
YLR313C,YDR453C,0,-6.611494,0.16193053126335144,0.8842364549636841,0.45763546228408813
YBR297W,YER007W,0,-6.612005,0.16185753047466278,0.8842364549636841,0.45788177847862244
YER032W,YJR135W-A,0,-6.6138887,0.1617845892906189,0.8842364549636841,0.45812806487083435
YLR127C,YJL019W,1,-6.613955,0.1621621549129486,0.8866994976997375,0.45812806487083435
YKL011C,YOL068C,0,-6.614634,0.16208915412425995,0.8866994976997375,0.45837438106536865
YHL024W,YNR048W,0,-6.6151476,0.16201619803905487,0.8866994976997375,0.45862069725990295
YNL261W,YDR422C,0,-6.615495,0.16194331645965576,0.8866994976997375,0.45886698365211487
YOL158C,YBR077C,0,-6.616332,0.16187050938606262,0.8866994976997375,0.45911329984664917
YNL021W,YJL034W,0,-6.616586,0.16179774701595306,0.8866994976997375,0.45935961604118347
YJL010C,YCL075W,0,-6.6193094,0.16172507405281067,0.8866994976997375,0.4596059024333954
YPR068C,YBR114W,0,-6.621338,0.16165244579315186,0.8866994976997375,0.4598522186279297
YGL236C,YLL036C,0,-6.62149,0.161579892039299,0.8866994976997375,0.460098534822464
YLR127C,YBR107C,1,-6.6225696,0.1619560271501541,0.889162540435791,0.460098534822464
YDL087C,YHR001W,0,-6.6234117,0.1618834137916565,0.889162540435791,0.4603448212146759
YLR141W,YCR073C,0,-6.6256194,0.16181084513664246,0.889162540435791,0.4605911374092102
YMR135C,YML115C,0,-6.627124,0.1617383509874344,0.889162540435791,0.4608374238014221
YDR153C,YMR183C,0,-6.6282015,0.1616659164428711,0.889162540435791,0.4610837399959564
YDR055W,YIL073C,0,-6.6301403,0.16159355640411377,0.889162540435791,0.4613300561904907
YPL089C,YPL029W,0,-6.631345,0.16152125597000122,0.889162540435791,0.46157634258270264
YJL058C,YOR212W,0,-6.632409,0.16144901514053345,0.889162540435791,0.46182265877723694
YNL068C,YGL127C,0,-6.63254,0.16137684881687164,0.889162540435791,0.46206897497177124
YLR205C,YFL003C,0,-6.634559,0.16130474209785461,0.889162540435791,0.46231526136398315
YBR170C,YER138C,0,-6.6389017,0.16123269498348236,0.889162540435791,0.46256157755851746
YJL101C,YHR001W,0,-6.6399426,0.16116070747375488,0.889162540435791,0.46280789375305176
YJL178C,YOL121C,0,-6.6417665,0.16108879446983337,0.889162540435791,0.46305418014526367
YER108C,YGL055W,0,-6.642446,0.16101695597171783,0.889162540435791,0.463300496339798
YJL080C,YLR321C,1,-6.64368,0.1613909900188446,0.8916256427764893,0.463300496339798
YGR134W,YNL054W,0,-6.644075,0.1613190770149231,0.8916256427764893,0.4635468125343323
YPL076W,YHR181W,0,-6.6453366,0.16124720871448517,0.8916256427764893,0.4637930989265442
YBR274W,YLR080W,0,-6.6461854,0.1611754298210144,0.8916256427764893,0.4640394151210785
YNR059W,YOR367W,0,-6.6465816,0.16110369563102722,0.8916256427764893,0.4642857015132904
YPR049C,YER114C,0,-6.646661,0.16103202104568481,0.8916256427764893,0.4645320177078247
YDR034C-C,YDR261W-A,0,-6.647985,0.16096042096614838,0.8916256427764893,0.464778333902359
YOR117W,YCL032W,0,-6.6482816,0.1608888953924179,0.8916256427764893,0.4650246202945709
YLR335W,YBR216C,0,-6.6496177,0.16081741452217102,0.8916256427764893,0.4652709364891052
YKL011C,YLR329W,0,-6.6499476,0.1607460081577301,0.8916256427764893,0.4655172526836395
YNL103W,YJL093C,0,-6.650246,0.16067466139793396,0.8916256427764893,0.46576353907585144
YAL022C,YJL093C,0,-6.6521606,0.1606033742427826,0.8916256427764893,0.46600985527038574
YMR014W,YDR170C,0,-6.654519,0.160532146692276,0.8916256427764893,0.46625617146492004
YHR143W-A,YMR175W,0,-6.6559033,0.16046099364757538,0.8916256427764893,0.46650245785713196
YPR068C,YHR181W,0,-6.657604,0.16038990020751953,0.8916256427764893,0.46674877405166626
YHL034C,YNR039C,0,-6.6577153,0.16031886637210846,0.8916256427764893,0.4669950604438782
YAL041W,YBR182C,0,-6.6579304,0.16024789214134216,0.8916256427764893,0.4672413766384125
YPL010W,YOL055C,0,-6.65856,0.16017699241638184,0.8916256427764893,0.4674876928329468
YMR224C,YIL082W-A,0,-6.659216,0.16010615229606628,0.8916256427764893,0.4677339792251587
YMR153W,YER125W,0,-6.661149,0.1600353717803955,0.8916256427764893,0.467980295419693
YNL275W,YMR079W,0,-6.663583,0.1599646508693695,0.8916256427764893,0.4682266116142273
YGR120C,YJL100W,0,-6.66564,0.15989398956298828,0.8916256427764893,0.4684728980064392
YGL206C,YOL055C,0,-6.6656885,0.15982340276241302,0.8916256427764893,0.4687192142009735
YIL149C,YLR335W,0,-6.667639,0.15975287556648254,0.8916256427764893,0.4689655303955078
YOR098C,YDR422C,0,-6.671225,0.15968239307403564,0.8916256427764893,0.4692118167877197
YNL275W,YDR480W,0,-6.6720185,0.1596119999885559,0.8916256427764893,0.46945813298225403
YKR076W,YNR039C,0,-6.672963,0.15954165160655975,0.8916256427764893,0.46970441937446594
YJL194W,YOR147W,0,-6.67309,0.15947136282920837,0.8916256427764893,0.46995073556900024
YDR303C,YDL120W,0,-6.6746902,0.15940114855766296,0.8916256427764893,0.47019705176353455
YOR079C,YDR362C,0,-6.6756096,0.15933097898960114,0.8916256427764893,0.47044333815574646
YJL125C,YDR027C,0,-6.675952,0.15926088392734528,0.8916256427764893,0.47068965435028076
YJL001W,YOR076C,0,-6.6767573,0.1591908484697342,0.8916256427764893,0.47093597054481506
YPL227C,YOL044W,0,-6.6771116,0.15912087261676788,0.8916256427764893,0.471182256937027
YAL020C,YJL101C,0,-6.679591,0.15905097126960754,0.8916256427764893,0.4714285731315613
YDL074C,YKL064W,0,-6.6808524,0.1589811146259308,0.8916256427764893,0.4716748893260956
YPR049C,YNL264C,0,-6.682506,0.15891133248806,0.8916256427764893,0.4719211757183075
YJR017C,YDR453C,0,-6.6836467,0.1588415950536728,0.8916256427764893,0.4721674919128418
YGR231C,YGR152C,0,-6.684346,0.15877193212509155,0.8916256427764893,0.4724137783050537
YHR036W,YLR220W,0,-6.6845684,0.1587023288011551,0.8916256427764893,0.472660094499588
YNL103W,YNL261W,0,-6.6857877,0.1586327850818634,0.8916256427764893,0.4729064106941223
YLR286C,YLR329W,0,-6.6859756,0.1585633009672165,0.8916256427764893,0.47315269708633423
YPL274W,YNR048W,0,-6.686263,0.15849387645721436,0.8916256427764893,0.47339901328086853
YAL041W,YER104W,0,-6.6938143,0.158424511551857,0.8916256427764893,0.47364532947540283
YFL024C,YHR042W,0,-6.6946955,0.1583552062511444,0.8916256427764893,0.47389161586761475
YGR231C,YPL096W,0,-6.6949673,0.1582859605550766,0.8916256427764893,0.47413793206214905
YML074C,YAL044C,0,-6.695999,0.15821678936481476,0.8916256427764893,0.47438424825668335
YFR036W,YBR087W,1,-6.700204,0.15858453512191772,0.8940886855125427,0.47438424825668335
YJR017C,YJL133W,0,-6.7006373,0.15851528942584991,0.8940886855125427,0.47463053464889526
YLR131C,YGL062W,0,-6.701417,0.15844608843326569,0.8940886855125427,0.47487685084342957
YDR499W,YKR056W,0,-6.701803,0.15837696194648743,0.8940886855125427,0.47512316703796387
YPL132W,YBL103C,0,-6.702331,0.15830789506435394,0.8940886855125427,0.4753694534301758
YKR079C,YIL008W,0,-6.703034,0.15823888778686523,0.8940886855125427,0.4756157696247101
YLR002C,YLR183C,0,-6.703974,0.1581699401140213,0.8940886855125427,0.475862056016922
YKL205W,YOR362C,0,-6.7079363,0.15810105204582214,0.8940886855125427,0.4761083722114563
YPR111W,YBR069C,0,-6.708511,0.15803220868110657,0.8940886855125427,0.4763546884059906
YLR195C,YGR030C,0,-6.708828,0.15796343982219696,0.8940886855125427,0.4766009747982025
YDL166C,YOR319W,0,-6.7111936,0.15789473056793213,0.8940886855125427,0.4768472909927368
YPR049C,YDR422C,0,-6.7122416,0.15782608091831207,0.8940886855125427,0.4770936071872711
YDL216C,YLL016W,0,-6.713422,0.1577574908733368,0.8940886855125427,0.47733989357948303
YKL052C,YLL006W,0,-6.718651,0.1576889604330063,0.8940886855125427,0.47758620977401733
YPL218W,YJL168C,0,-6.7194014,0.15762048959732056,0.8940886855125427,0.47783252596855164
YPL076W,YER169W,0,-6.7201495,0.1575520783662796,0.8940886855125427,0.47807881236076355
YJR040W,YLR403W,0,-6.7209754,0.15748372673988342,0.8940886855125427,0.47832512855529785
YDR017C,YBR182C,0,-6.7222557,0.15741543471813202,0.8940886855125427,0.47857141494750977
YNL078W,YBR182C,0,-6.7251406,0.1573472023010254,0.8940886855125427,0.47881773114204407
YJL058C,YGL006W,0,-6.725809,0.15727902948856354,0.8940886855125427,0.47906404733657837
YOL113W,YDR167W,0,-6.726288,0.15721091628074646,0.8940886855125427,0.4793103337287903
YIL129C,YDR027C,0,-6.72824,0.15714286267757416,0.8940886855125427,0.4795566499233246
YDL232W,YJL056C,0,-6.731715,0.15707485377788544,0.8940886855125427,0.4798029661178589
YHR036W,YGL062W,0,-6.732795,0.15700691938400269,0.8940886855125427,0.4800492525100708
YJL133W,YPR140W,0,-6.7332764,0.1569390445947647,0.8940886855125427,0.4802955687046051
YGR206W,YDL232W,0,-6.7352424,0.15687121450901031,0.8940886855125427,0.4805418848991394
YNL199C,YOR187W,0,-6.735378,0.1568034589290619,0.8940886855125427,0.4807881712913513
YDR055W,YGR002C,0,-6.735533,0.15673574805259705,0.8940886855125427,0.4810344874858856
YPL248C,YML105C,0,-6.7366033,0.15666811168193817,0.8940886855125427,0.48128077387809753
YLR080W,YOR057W,0,-6.736758,0.15660052001476288,0.8940886855125427,0.48152709007263184
YDL185W,YML038C,0,-6.737268,0.15653298795223236,0.8940886855125427,0.48177340626716614
YOL121C,YGL129C,0,-6.7384386,0.15646551549434662,0.8940886855125427,0.48201969265937805
YEL042W,YPL033C,0,-6.738774,0.15639810264110565,0.8940886855125427,0.48226600885391235
YNL025C,YMR088C,0,-6.739332,0.15633074939250946,0.8940886855125427,0.48251232504844666
YLR368W,YBR117C,0,-6.740696,0.15626345574855804,0.8940886855125427,0.48275861144065857
YHR183W,YJR019C,0,-6.741528,0.1561962068080902,0.8940886855125427,0.48300492763519287
YOR079C,YNR048W,0,-6.742024,0.15612903237342834,0.8940886855125427,0.4832512438297272
YLR286C,YPL057C,0,-6.743928,0.15606190264225006,0.8940886855125427,0.4834975302219391
YLR394W,YCL066W,0,-6.746678,0.15599484741687775,0.8940886855125427,0.4837438464164734
YGR120C,YKL189W,0,-6.7575684,0.155927836894989,0.8940886855125427,0.4839901626110077
YKR029C,YDL212W,0,-6.7584915,0.15586088597774506,0.8940886855125427,0.4842364490032196
YGR261C,YPL026C,0,-6.7591023,0.15579399466514587,0.8940886855125427,0.4844827651977539
YKR039W,YPL096W,0,-6.7596984,0.15572716295719147,0.8940886855125427,0.4847290515899658
YDR175C,YOR172W,0,-6.7597485,0.15566037595272064,0.8940886855125427,0.4849753677845001
YLR015W,YMR035W,0,-6.759819,0.1555936634540558,0.8940886855125427,0.4852216839790344
YDR188W,YBL041W,0,-6.759835,0.1555269956588745,0.8940886855125427,0.48546797037124634
YDR473C,YGR075C,0,-6.763719,0.155460387468338,0.8940886855125427,0.48571428656578064
YAL040C,YNL287W,0,-6.7638645,0.1553938388824463,0.8940886855125427,0.48596060276031494
YDL209C,YJR004C,0,-6.7651315,0.15532734990119934,0.8940886855125427,0.48620688915252686
YKL011C,YKR014C,0,-6.7668266,0.15526090562343597,0.8940886855125427,0.48645320534706116
YKR076W,YIL167W,0,-6.7677207,0.15519452095031738,0.8940886855125427,0.48669952154159546
YNL177C,YJL113W,0,-6.7718554,0.15512821078300476,0.8940886855125427,0.4869458079338074
YER116C,YAL030W,0,-6.773844,0.15506194531917572,0.8940886855125427,0.4871921241283417
YLR131C,YLR409C,0,-6.774521,0.15499572455883026,0.8940886855125427,0.4874384105205536
YOR137C,YLR410W,0,-6.777013,0.15492957830429077,0.8940886855125427,0.4876847267150879
YDR206W,YML023C,0,-6.7774673,0.15486347675323486,0.8940886855125427,0.4879310429096222
YLL006W,YHL034C,0,-6.778487,0.15479743480682373,0.8940886855125427,0.4881773293018341
YNL116W,YPR139C,0,-6.778533,0.15473145246505737,0.8940886855125427,0.4884236454963684
YPR017C,YMR087W,0,-6.778845,0.1546655297279358,0.8940886855125427,0.4886699616909027
YDR432W,YLR136C,0,-6.77969,0.15459966659545898,0.8940886855125427,0.4889162480831146
YEL056W,YKL205W,0,-6.7829037,0.15453384816646576,0.8940886855125427,0.4891625642776489
YJL101C,YMR153W,0,-6.7838907,0.1544680893421173,0.8940886855125427,0.4894088804721832
YHR005C-A,YDR529C,0,-6.7845,0.15440237522125244,0.8940886855125427,0.48965516686439514
YLL050C,YOR147W,0,-6.7847376,0.15433673560619354,0.8940886855125427,0.48990148305892944
YMR135C,YDR317W,0,-6.786605,0.15427114069461823,0.8940886855125427,0.49014776945114136
YDR273W,YOR174W,0,-6.787674,0.15420560538768768,0.8940886855125427,0.49039408564567566
YOR174W,YOR149C,0,-6.788508,0.15414012968540192,0.8940886855125427,0.49064040184020996
YOR371C,YMR037C,0,-6.7887206,0.15407469868659973,0.8940886855125427,0.4908866882324219
YGL006W,YJR029W,0,-6.7898855,0.15400932729244232,0.8940886855125427,0.4911330044269562
YOR274W,YJL113W,0,-6.794654,0.1539440155029297,0.8940886855125427,0.4913793206214905
YAL021C,YNL068C,0,-6.795169,0.15387876331806183,0.8940886855125427,0.4916256070137024
YHR056C,YHR181W,0,-6.795637,0.15381355583667755,0.8940886855125427,0.4918719232082367
YHR190W,YDR211W,0,-6.7964263,0.15374840795993805,0.8940886855125427,0.492118239402771
YBR089C-A,YDL020C,0,-6.7967067,0.15368331968784332,0.8940886855125427,0.4923645257949829
YOR353C,YPL063W,0,-6.79845,0.15361827611923218,0.8940886855125427,0.4926108419895172
YHR166C,YJL080C,1,-6.7985573,0.15397630631923676,0.8965517282485962,0.4926108419895172
YOR195W,YOR297C,0,-6.7988553,0.15391120314598083,0.8965517282485962,0.4928571283817291
YCL017C,YGL006W,0,-6.7990103,0.1538461595773697,0.8965517282485962,0.4931034445762634
YMR037C,YPR165W,0,-6.7990866,0.15378116071224213,0.8965517282485962,0.49334976077079773
YKL208W,YMR284W,0,-6.8014717,0.15371622145175934,0.8965517282485962,0.49359604716300964
YDR377W,YBR133C,0,-6.8026466,0.15365132689476013,0.8965517282485962,0.49384236335754395
YKL064W,YPL147W,0,-6.805028,0.1535864919424057,0.8965517282485962,0.49408867955207825
YKR065C,YAL009W,0,-6.805648,0.15352171659469604,0.8965517282485962,0.49433496594429016
YPR111W,YMR058W,0,-6.80577,0.15345700085163116,0.8965517282485962,0.49458128213882446
YHR154W,YNL311C,0,-6.8063774,0.15339232981204987,0.8965517282485962,0.49482759833335876
YBR211C,YER147C,1,-6.807809,0.15374894440174103,0.8990147709846497,0.49482759833335876
YOL078W,YDL038C,0,-6.8106976,0.15368421375751495,0.8990147709846497,0.4950738847255707
YHR067W,YHR181W,0,-6.811665,0.15361952781677246,0.8990147709846497,0.495320200920105
YNL111C,YNR031C,0,-6.8117313,0.15355490148067474,0.8990147709846497,0.4955665171146393
YER089C,YKL140W,0,-6.8129187,0.1534903347492218,0.8990147709846497,0.4958128035068512
YJL194W,YLR372W,0,-6.814013,0.15342581272125244,0.8990147709846497,0.4960591197013855
YBR145W,YKR036C,0,-6.815536,0.15336135029792786,0.8990147709846497,0.4963054060935974
YBR114W,YNL163C,0,-6.8162107,0.15329693257808685,0.8990147709846497,0.4965517222881317
YNL149C,YLR026C,0,-6.816236,0.15323257446289062,0.8990147709846497,0.496798038482666
YML110C,YIL014W,0,-6.819971,0.15316827595233917,0.8990147709846497,0.49704432487487793
YMR232W,YGR231C,0,-6.82009,0.1531040221452713,0.8990147709846497,0.49729064106941223
YIL009C-A,YLR410W,0,-6.824592,0.1530398279428482,0.8990147709846497,0.49753695726394653
YHL048W,YFR051C,0,-6.825898,0.15297569334506989,0.8990147709846497,0.49778324365615845
YJL106W,YPL239W,0,-6.8273573,0.15291160345077515,0.8990147709846497,0.49802955985069275
YDL100C,YJL100W,0,-6.828862,0.15284757316112518,0.8990147709846497,0.49827587604522705
YHR190W,YFR002W,0,-6.830104,0.1527835875749588,0.8990147709846497,0.49852216243743896
YOR156C,YER147C,1,-6.8302517,0.15313807129859924,0.9014778137207031,0.49852216243743896
YLR015W,YGL232W,0,-6.831691,0.15307402610778809,0.9014778137207031,0.49876847863197327
YDR147W,YPL028W,0,-6.834936,0.1530100405216217,0.9014778137207031,0.4990147650241852
YOR257W,YOR193W,0,-6.8350186,0.1529460996389389,0.9014778137207031,0.4992610812187195
YBR055C,YBL103C,0,-6.835681,0.15288220345973969,0.9014778137207031,0.4995073974132538
YBR156C,YGR063C,1,-6.8376102,0.15323591232299805,0.9039409160614014,0.4995073974132538
YJR083C,YDR339C,0,-6.8378525,0.15317195653915405,0.9039409160614014,0.4997536838054657
YPL151C,YNR048W,0,-6.8384156,0.15310804545879364,0.9039409160614014,0.5
YFL029C,YJL047C,0,-6.840242,0.1530442088842392,0.9039409160614014,0.5002462863922119
YJL125C,YOL111C,0,-6.8404446,0.15298040211200714,0.9039409160614014,0.5004926323890686
YMR014W,YGR258C,0,-6.8415956,0.15291666984558105,0.9039409160614014,0.5007389187812805
YDL076C,YNL054W,0,-6.8470726,0.15285298228263855,0.9039409160614014,0.5009852051734924
YNL288W,YBR036C,0,-6.8497124,0.15278933942317963,0.9039409160614014,0.5012315511703491
YPL241C,YOL101C,0,-6.84984,0.15272575616836548,0.9039409160614014,0.501477837562561
YJR022W,YOR298W,0,-6.851826,0.1526622325181961,0.9039409160614014,0.501724123954773
YGL173C,YHR042W,0,-6.854395,0.15259875357151031,0.9039409160614014,0.5019704699516296
YNL156C,YBL020W,0,-6.8549294,0.1525353342294693,0.9039409160614014,0.5022167563438416
YDR153C,YJL146W,0,-6.85552,0.15247195959091187,0.9039409160614014,0.5024630427360535
YBR278W,YKL165C,0,-6.856266,0.1524086445569992,0.9039409160614014,0.5027093887329102
YDL166C,YNL106C,0,-6.8573837,0.15234537422657013,0.9039409160614014,0.5029556751251221
YHL048W,YJL146W,0,-6.8576946,0.15228216350078583,0.9039409160614014,0.503201961517334
YDL197C,YBR185C,0,-6.8577843,0.1522189974784851,0.9039409160614014,0.5034482479095459
YKR019C,YOR344C,0,-6.8612223,0.15215589106082916,0.9039409160614014,0.5036945939064026
YOR322C,YDR002W,0,-6.861323,0.1520928293466568,0.9039409160614014,0.5039408802986145
YOL023W,YOR256C,0,-6.86204,0.1520298272371292,0.9039409160614014,0.5041871666908264
YDR434W,YGL006W,0,-6.8635273,0.1519668698310852,0.9039409160614014,0.5044335126876831
YGR231C,YLR410W,0,-6.867607,0.15190397202968597,0.9039409160614014,0.504679799079895
YOL146W,YBR169C,0,-6.8694763,0.15184111893177032,0.9039409160614014,0.5049260854721069
YPR176C,YDR292C,0,-6.8721614,0.15177832543849945,0.9039409160614014,0.5051724314689636
YGR055W,YOR308C,0,-6.873515,0.15171559154987335,0.9039409160614014,0.5054187178611755
YLR069C,YLR183C,0,-6.8740044,0.15165288746356964,0.9039409160614014,0.5056650042533875
YKR036C,YIL082W-A,0,-6.8753242,0.1515902578830719,0.9039409160614014,0.5059113502502441
YNL111C,YDL120W,0,-6.8754873,0.15152765810489655,0.9039409160614014,0.506157636642456
YJL080C,YOR073W,1,-6.8785524,0.15187783539295197,0.9064039587974548,0.506157636642456
YLR447C,YIL029C,0,-6.880496,0.15181517601013184,0.9064039587974548,0.506403923034668
YLR141W,YNL079C,0,-6.8815203,0.15175257623195648,0.9064039587974548,0.5066502690315247
YDL100C,YLR248W,0,-6.881605,0.1516900211572647,0.9064039587974548,0.5068965554237366
YJL019W,YGR063C,1,-6.8833036,0.1520395576953888,0.9088670015335083,0.5068965554237366
YAL058W,YBR297W,0,-6.888748,0.15197694301605225,0.9088670015335083,0.5071428418159485
YBR036C,YDL042C,0,-6.889624,0.15191437304019928,0.9088670015335083,0.5073891878128052
YLR133W,YMR095C,0,-6.889682,0.1518518477678299,0.9088670015335083,0.5076354742050171
YLR153C,YDR490C,0,-6.8906717,0.15178938210010529,0.9088670015335083,0.507881760597229
YOR002W,YIL119C,0,-6.891117,0.15172697603702545,0.9088670015335083,0.5081281065940857
YGR129W,YDL190C,0,-6.892064,0.1516646146774292,0.9088670015335083,0.5083743929862976
YLR394W,YFL033C,0,-6.8931403,0.15160229802131653,0.9088670015335083,0.5086206793785095
YLL031C,YNR039C,0,-6.8936872,0.15154004096984863,0.9088670015335083,0.5088669657707214
YBR107C,YGR063C,1,-6.895299,0.15188834071159363,0.9113300442695618,0.5088669657707214
YOL068C,YBR182C,0,-6.8968177,0.15182600915431976,0.9113300442695618,0.5091133117675781
YKR059W,YNL079C,0,-6.89721,0.15176373720169067,0.9113300442695618,0.50935959815979
YDR301W,YMR312W,0,-6.8983254,0.15170150995254517,0.9113300442695618,0.509605884552002
YNL156C,YJR153W,0,-6.901519,0.15163934230804443,0.9113300442695618,0.5098522305488586
YPL057C,YDR167W,0,-6.9022627,0.15157721936702728,0.9113300442695618,0.5100985169410706
YJL090C,YER169W,0,-6.9031734,0.1515151560306549,0.9113300442695618,0.5103448033332825
YDL166C,YPR167C,0,-6.9053516,0.1514531373977661,0.9113300442695618,0.5105911493301392
YFL060C,YKL075C,0,-6.9062037,0.1513911634683609,0.9113300442695618,0.5108374357223511
YER125W,YDR002W,0,-6.90764,0.15132924914360046,0.9113300442695618,0.511083722114563
YDR153C,YBR295W,0,-6.9087667,0.1512673795223236,0.9113300442695618,0.5113300681114197
YLL016W,YDR167W,0,-6.9112716,0.15120555460453033,0.9113300442695618,0.5115763545036316
YNL223W,YEL062W,0,-6.9116616,0.15114378929138184,0.9113300442695618,0.5118226408958435
YIL072W,YDR175C,0,-6.9152594,0.15108206868171692,0.9113300442695618,0.5120689868927002
YGL017W,YJR127C,0,-6.916016,0.15102040767669678,0.9113300442695618,0.5123152732849121
YGR261C,YLL036C,0,-6.9165106,0.15095879137516022,0.9113300442695618,0.512561559677124
YNL119W,YNL025C,0,-6.919358,0.15089721977710724,0.9113300442695618,0.5128079056739807
YDL164C,YCL066W,0,-6.921566,0.15083570778369904,0.9113300442695618,0.5130541920661926
YPL151C,YPR187W,0,-6.9223967,0.15077424049377441,0.9113300442695618,0.5133004784584045
YJR022W,YMR284W,0,-6.923394,0.15071283280849457,0.9113300442695618,0.5135468244552612
YIL004C,YBR117C,0,-6.9279547,0.1506514698266983,0.9113300442695618,0.5137931108474731
YNL078W,YML061C,0,-6.928628,0.15059015154838562,0.9113300442695618,0.5140393972396851
YLR051C,YPL029W,0,-6.9303846,0.15052887797355652,0.9113300442695618,0.5142857432365417
YCL038C,YJL113W,0,-6.9318376,0.1504676640033722,0.9113300442695618,0.5145320296287537
YKL165C,YHR048W,0,-6.9326115,0.15040650963783264,0.9113300442695618,0.5147783160209656
YHR190W,YFL059W,0,-6.9349775,0.15034538507461548,0.9113300442695618,0.5150246024131775
YCL066W,YOL091W,0,-6.9355397,0.1502843201160431,0.9113300442695618,0.5152709484100342
YDL087C,YNL287W,0,-6.9369082,0.15022329986095428,0.9113300442695618,0.5155172348022461
YJL080C,YIL144W,1,-6.9395127,0.1505681872367859,0.9137930870056152,0.5155172348022461
YGR120C,YGL070C,0,-6.94078,0.1505070924758911,0.9137930870056152,0.515763521194458
YDR153C,YLR005W,0,-6.940798,0.1504460722208023,0.9137930870056152,0.5160098671913147
YNL199C,YLL036C,0,-6.941103,0.1503850817680359,0.9137930870056152,0.5162561535835266
YOR048C,YAL009W,0,-6.942333,0.15032415091991425,0.9137930870056152,0.5165024399757385
YMR136W,YOR297C,0,-6.942358,0.15026326477527618,0.9137930870056152,0.5167487859725952
YFL033C,YDR087C,0,-6.944394,0.1502024233341217,0.9137930870056152,0.5169950723648071
YAL021C,YBL002W,0,-6.9455442,0.150141641497612,0.9137930870056152,0.517241358757019
YPL029W,YJR103W,0,-6.9477243,0.15008090436458588,0.9137930870056152,0.5174877047538757
YJR040W,YEL013W,0,-6.9478517,0.15002021193504333,0.9137930870056152,0.5177339911460876
YGR286C,YDL120W,0,-6.948328,0.14995957911014557,0.9137930870056152,0.5179802775382996
YKL062W,YLR119W,0,-6.9490113,0.14989899098873138,0.9137930870056152,0.5182266235351562
YCR039C,YHR206W,0,-6.9495125,0.14983844757080078,0.9137930870056152,0.5184729099273682
YML036W,YER123W,0,-6.950219,0.14977796375751495,0.9137930870056152,0.5187191963195801
YNR059W,YJL117W,0,-6.9535413,0.1497175097465515,0.9137930870056152,0.5189655423164368
YFL033C,YJL192C,0,-6.954478,0.14965711534023285,0.9137930870056152,0.5192118287086487
YDL074C,YIL010W,0,-6.956173,0.14959678053855896,0.9137930870056152,0.5194581151008606
YAL021C,YML011C,0,-6.9563665,0.14953647553920746,0.9137930870056152,0.5197044610977173
YOR193W,YJR028W,0,-6.9573956,0.14947623014450073,0.9137930870056152,0.5199507474899292
YLR304C,YOR201C,0,-6.9626093,0.1494160294532776,0.9137930870056152,0.5201970338821411
YDR118W,YGR063C,1,-6.9627585,0.1497584581375122,0.9162561297416687,0.5201970338821411
YJL168C,YMR149W,0,-6.9644413,0.1496981829404831,0.9162561297416687,0.520443320274353
YPR141C,YGR063C,1,-6.9647913,0.15004022419452667,0.9187192320823669,0.520443320274353
YLR363C,YDR303C,0,-6.9656754,0.14997988939285278,0.9187192320823669,0.5206896662712097
YDR421W,YNL009W,0,-6.9721246,0.14991961419582367,0.9187192320823669,0.5209359526634216
YER089C,YOR368W,0,-6.972224,0.14985938370227814,0.9187192320823669,0.5211822390556335
YDR513W,YKL110C,0,-6.975574,0.1497991979122162,0.9187192320823669,0.5214285850524902
YBR070C,YGR244C,0,-6.9771566,0.14973905682563782,0.9187192320823669,0.5216748714447021
YDR153C,YPL248C,0,-6.9775777,0.14967897534370422,0.9187192320823669,0.5219211578369141
YML118W,YMR183C,0,-6.977662,0.1496189385652542,0.9187192320823669,0.5221675038337708
YJL063C,YPR178W,0,-6.9781914,0.14955894649028778,0.9187192320823669,0.5224137902259827
YOL139C,YKL138C-A,0,-6.9818172,0.14949899911880493,0.9187192320823669,0.5226600766181946
YDR303C,YBR126C,0,-6.982038,0.14943909645080566,0.9187192320823669,0.5229064226150513
YJR094C,YPL096W,0,-6.9843225,0.14937925338745117,0.9187192320823669,0.5231527090072632
YNL094W,YNL145W,0,-6.9851356,0.14931945502758026,0.9187192320823669,0.5233989953994751
YBR055C,YDL120W,0,-6.986034,0.14925970137119293,0.9187192320823669,0.5236453413963318
YLR449W,YML061C,0,-6.9862237,0.14920000731945038,0.9187192320823669,0.5238916277885437
YKL062W,YML031W,0,-6.988616,0.1491403430700302,0.9187192320823669,0.5241379141807556
YMR214W,YNL138W,0,-6.9889803,0.14908073842525482,0.9187192320823669,0.5243842601776123
YIL110W,YDL225W,0,-6.9894934,0.149021178483963,0.9187192320823669,0.5246305465698242
YKL110C,YER007W,0,-6.991025,0.14896166324615479,0.9187192320823669,0.5248768329620361
YKL146W,YPR140W,0,-6.9934645,0.14890219271183014,0.9187192320823669,0.5251231789588928
YOR048C,YBR173C,0,-6.997074,0.14884278178215027,0.9187192320823669,0.5253694653511047
YDL160C,YKR089C,0,-6.9999304,0.14878340065479279,0.9187192320823669,0.5256157517433167
YJL001W,YDR055W,0,-7.0000577,0.14872407913208008,0.9187192320823669,0.5258620977401733
YKL135C,YBR135W,0,-7.0038548,0.14866480231285095,0.9187192320823669,0.5261083841323853
YDL166C,YBR077C,0,-7.0043745,0.1486055850982666,0.9187192320823669,0.5263546705245972
YDL106C,YOR137C,0,-7.0050874,0.14854639768600464,0.9187192320823669,0.5266009569168091
YMR264W,YLR403W,0,-7.00573,0.14848725497722626,0.9187192320823669,0.5268473029136658
YIL007C,YJL139C,0,-7.0058017,0.14842817187309265,0.9187192320823669,0.5270935893058777
YOL100W,YDR167W,0,-7.007852,0.14836913347244263,0.9187192320823669,0.5273398756980896
YCL032W,YNL313C,0,-7.01147,0.14831013977527618,0.9187192320823669,0.5275862216949463
YLR139C,YDR292C,0,-7.0117464,0.14825119078159332,0.9187192320823669,0.5278325080871582
YGR231C,YIL153W,0,-7.0155153,0.14819228649139404,0.9187192320823669,0.5280787944793701
YJL100W,YJL056C,0,-7.0155783,0.14813344180583954,0.9187192320823669,0.5283251404762268
YHR108W,YIR037W,0,-7.016237,0.14807462692260742,0.9187192320823669,0.5285714268684387
YCR034W,YIL106W,0,-7.0180607,0.14801587164402008,0.9187192320823669,0.5288177132606506
YDR292C,YIL080W,0,-7.021008,0.14795716106891632,0.9187192320823669,0.5290640592575073
YNL078W,YCR028C-A,0,-7.023758,0.14789849519729614,0.9187192320823669,0.5293103456497192
YDR188W,YMR236W,0,-7.024542,0.14783987402915955,0.9187192320823669,0.5295566320419312
YHR181W,YBR223C,0,-7.026709,0.14778129756450653,0.9187192320823669,0.5298029780387878
YPL241C,YBR185C,0,-7.0298786,0.1477227658033371,0.9187192320823669,0.5300492644309998
YEL056W,YIL073C,0,-7.0299263,0.14766429364681244,0.9187192320823669,0.5302955508232117
YNL227C,YHR181W,0,-7.030472,0.14760585129261017,0.9187192320823669,0.5305418968200684
YKL146W,YIL010W,0,-7.0330267,0.14754746854305267,0.9187192320823669,0.5307881832122803
YPL010W,YDR362C,0,-7.038436,0.14748913049697876,0.9187192320823669,0.5310344696044922
YJL125C,YDR317W,0,-7.0389576,0.14743083715438843,0.9187192320823669,0.5312808156013489
YDL108W,YKL075C,0,-7.0390797,0.14737257361412048,0.9187192320823669,0.5315271019935608
YDR422C,YDR395W,0,-7.040737,0.14731436967849731,0.9187192320823669,0.5317733883857727
YER051W,YMR079W,0,-7.0426626,0.14725622534751892,0.9187192320823669,0.5320196747779846
YLR234W,YJL109C,0,-7.047886,0.14719811081886292,0.9187192320823669,0.5322660207748413
YPL241C,YHR041C,0,-7.048431,0.1471400409936905,0.9187192320823669,0.5325123071670532
YFR036W,YOR156C,1,-7.048891,0.14747634530067444,0.9211822748184204,0.5325123071670532
YBR070C,YMR264W,0,-7.049928,0.14741821587085724,0.9211822748184204,0.5327585935592651
YKR046C,YLR234W,0,-7.0534816,0.14736013114452362,0.9211822748184204,0.5330049395561218
YIL114C,YOR137C,0,-7.054214,0.14730209112167358,0.9211822748184204,0.5332512259483337
YOL113W,YJL139C,0,-7.05525,0.14724409580230713,0.9211822748184204,0.5334975123405457
YGR216C,YOR256C,0,-7.055464,0.14718614518642426,0.9211822748184204,0.5337438583374023
YJL110C,YMR088C,0,-7.057899,0.14712823927402496,0.9211822748184204,0.5339901447296143
YJR019C,YDR057W,0,-7.060429,0.14707039296627045,0.9211822748184204,0.5342364311218262
YDR377W,YCL032W,0,-7.065031,0.14701257646083832,0.9211822748184204,0.5344827771186829
YMR136W,YDR499W,0,-7.0654573,0.14695481956005096,0.9211822748184204,0.5347290635108948
YMR312W,YOR064C,0,-7.0654774,0.146897092461586,0.9211822748184204,0.5349753499031067
YOR322C,YMR139W,0,-7.0721564,0.1468394249677658,0.9211822748184204,0.5352216958999634
YGR231C,YKL117W,0,-7.0765734,0.146781787276268,0.9211822748184204,0.5354679822921753
YMR058W,YPR068C,0,-7.077956,0.14672420918941498,0.9211822748184204,0.5357142686843872
YOR232W,YOR116C,0,-7.0792155,0.14666666090488434,0.9211822748184204,0.5359606146812439
YBL103C,YLR426W,0,-7.0799747,0.14660917222499847,0.9211822748184204,0.5362069010734558
YBR211C,YBR087W,1,-7.08016,0.1469435691833496,0.9236453175544739,0.5362069010734558
YDR490C,YJL011C,0,-7.083728,0.14688602089881897,0.9236453175544739,0.5364531874656677
YPR176C,YOR078W,0,-7.08416,0.14682850241661072,0.9236453175544739,0.5366995334625244
YNL106C,YFR003C,0,-7.084675,0.14677104353904724,0.9236453175544739,0.5369458198547363
YDR110W,YDR175C,0,-7.085215,0.14671361446380615,0.9236453175544739,0.5371921062469482
YOR098C,YGL070C,0,-7.0858736,0.14665624499320984,0.9236453175544739,0.5374384522438049
YOR381W,YKR019C,0,-7.08753,0.1465989053249359,0.9236453175544739,0.5376847386360168
YCR039C,YAR035W,0,-7.088127,0.14654162526130676,0.9236453175544739,0.5379310250282288
YML032C,YJL154C,0,-7.0897975,0.146484375,0.9236453175544739,0.5381773114204407
YJR153W,YHR143W-A,0,-7.091132,0.14642716944217682,0.9236453175544739,0.5384236574172974
YJL010C,YBR077C,0,-7.0939794,0.1463700234889984,0.9236453175544739,0.5386699438095093
YDL020C,YMR079W,0,-7.09436,0.1463129073381424,0.9236453175544739,0.5389162302017212
YBR193C,YPL147W,0,-7.098377,0.14625585079193115,0.9236453175544739,0.5391625761985779
YJL058C,YHR143W-A,0,-7.098654,0.1461988240480423,0.9236453175544739,0.5394088625907898
YKL022C,YBR087W,1,-7.098698,0.14653156697750092,0.9261083602905273,0.5394088625907898
YPR168W,YOR064C,0,-7.1022744,0.14647448062896729,0.9261083602905273,0.5396551489830017
YPR006C,YDL108W,0,-7.1069894,0.14641743898391724,0.9261083602905273,0.5399014949798584
YPL140C,YNL313C,0,-7.1087017,0.14636045694351196,0.9261083602905273,0.5401477813720703
YML130C,YMR268C,0,-7.109326,0.14630350470542908,0.9261083602905273,0.5403940677642822
YPR167C,YML011C,0,-7.1138353,0.14624659717082977,0.9261083602905273,0.5406404137611389
YBR089C-A,YMR039C,0,-7.1169643,0.14618973433971405,0.9261083602905273,0.5408867001533508
YNL287W,YJL192C,0,-7.11709,0.1461329162120819,0.9261083602905273,0.5411329865455627
YHR206W,YPL029W,0,-7.117942,0.14607614278793335,0.9261083602905273,0.5413793325424194
YBR234C,YBR106W,0,-7.117944,0.14601941406726837,0.9261083602905273,0.5416256189346313
YCL066W,YJL063C,0,-7.1215954,0.14596273005008698,0.9261083602905273,0.5418719053268433
YML086C,YJR153W,0,-7.122016,0.14590609073638916,0.9261083602905273,0.5421182513237
YAL017W,YCR018C,0,-7.1222334,0.14584949612617493,0.9261083602905273,0.5423645377159119
YCR039C,YOL147C,0,-7.123333,0.14579294621944427,0.9261083602905273,0.5426108241081238
YBL005W-A,YOL138C,0,-7.1277914,0.1457364410161972,0.9261083602905273,0.5428571701049805
YLR080W,YDL216C,0,-7.12812,0.14567996561527252,0.9261083602905273,0.5431034564971924
YIL014W,YCR052W,0,-7.1290526,0.14562354981899261,0.9261083602905273,0.5433497428894043
YNR058W,YJL106W,0,-7.1314487,0.1455671638250351,0.9261083602905273,0.543596088886261
YMR232W,YPR140W,0,-7.1323996,0.14551083743572235,0.9261083602905273,0.5438423752784729
YOL144W,YKR095W-A,0,-7.133341,0.145454540848732,0.9261083602905273,0.5440886616706848
YLR141W,YDR170C,0,-7.1346464,0.1453983038663864,0.9261083602905273,0.5443349480628967
YHR206W,YGL225W,0,-7.136119,0.14534209668636322,0.9261083602905273,0.5445812940597534
YOL101C,YER123W,0,-7.136179,0.1452859342098236,0.9261083602905273,0.5448275804519653
YPR171W,YGR090W,0,-7.138568,0.14522981643676758,0.9261083602905273,0.5450738668441772
YIL072W,YOR187W,0,-7.1399384,0.14517374336719513,0.9261083602905273,0.5453202128410339
YPR178W,YLR426W,0,-7.1404524,0.14511771500110626,0.9261083602905273,0.5455664992332458
YNL264C,YNL138W,0,-7.140724,0.14506173133850098,0.9261083602905273,0.5458127856254578
YIL135C,YPL019C,0,-7.141853,0.14500577747821808,0.9261083602905273,0.5460591316223145
YLL006W,YOR217W,0,-7.1439295,0.14494988322257996,0.9261083602905273,0.5463054180145264
YLR220W,YBR216C,0,-7.143961,0.14489403367042542,0.9261083602905273,0.5465517044067383
YPR006C,YLR368W,0,-7.144026,0.14483821392059326,0.9261083602905273,0.546798050403595
YPL063W,YLR136C,0,-7.1475477,0.1447824388742447,0.9261083602905273,0.5470443367958069
YAL058W,YER120W,0,-7.14942,0.1447267085313797,0.9261083602905273,0.5472906231880188
YOL068C,YDR320C,0,-7.1498175,0.1446710228919983,0.9261083602905273,0.5475369691848755
YIR004W,YOR130C,0,-7.1516047,0.14461538195610046,0.9261083602905273,0.5477832555770874
YPR042C,YKL034W,0,-7.1532373,0.14455978572368622,0.9261083602905273,0.5480295419692993
YKR076W,YKL117W,0,-7.1533284,0.14450423419475555,0.9261083602905273,0.548275887966156
YJL033W,YMR039C,0,-7.1539593,0.14444871246814728,0.9261083602905273,0.5485221743583679
YOL111C,YAL030W,0,-7.1570883,0.14439323544502258,0.9261083602905273,0.5487684607505798
YKL084W,YNL311C,0,-7.15767,0.14433781802654266,0.9261083602905273,0.5490148067474365
YGR092W,YOL158C,0,-7.159061,0.14428243041038513,0.9261083602905273,0.5492610931396484
YNL094W,YAL020C,0,-7.1596103,0.14422708749771118,0.9261083602905273,0.5495073795318604
YPR029C,YLR220W,0,-7.159816,0.14417177438735962,0.9261083602905273,0.5497536659240723
YKR027W,YOR078W,0,-7.162775,0.14411652088165283,0.9261083602905273,0.550000011920929
YGR206W,YJL192C,0,-7.1663694,0.14406129717826843,0.9261083602905273,0.5502462983131409
YOL123W,YBR223C,0,-7.1675243,0.1440061330795288,0.9261083602905273,0.5504925847053528
YIL062C,YMR036C,0,-7.1677976,0.14395099878311157,0.9261083602905273,0.5507389307022095
YKL011C,YLR219W,0,-7.16813,0.14389590919017792,0.9261083602905273,0.5509852170944214
YCL029C,YEL031W,0,-7.1692066,0.14384086430072784,0.9261083602905273,0.5512315034866333
YOR187W,YJL154C,0,-7.1709166,0.14378584921360016,0.9261083602905273,0.55147784948349
YHR194W,YOR174W,0,-7.1742225,0.14373089373111725,0.9261083602905273,0.5517241358757019
YOL101C,YEL019C,0,-7.1760674,0.14367596805095673,0.9261083602905273,0.5519704222679138
YLR335W,YHR001W,0,-7.176903,0.14362108707427979,0.9261083602905273,0.5522167682647705
YIL010W,YMR139W,0,-7.1781588,0.14356625080108643,0.9261083602905273,0.5524630546569824
YGR089W,YHR014W,1,-7.178461,0.14389312267303467,0.9285714030265808,0.5524630546569824
YPR049C,YDL190C,0,-7.1786942,0.14383822679519653,0.9285714030265808,0.5527093410491943
YHR108W,YDR177W,0,-7.1793594,0.14378337562084198,0.9285714030265808,0.552955687046051
YGR089W,YJL080C,1,-7.1811767,0.1441098004579544,0.931034505367279,0.552955687046051
YKL064W,YIL106W,0,-7.1811957,0.14405487477779388,0.931034505367279,0.5532019734382629
YML036W,YKR089C,0,-7.18193,0.14399999380111694,0.931034505367279,0.5534482598304749
YGL173C,YNL216W,0,-7.184128,0.14394515752792358,0.931034505367279,0.5536946058273315
YPL248C,YIL082W-A,0,-7.187056,0.1438903659582138,0.931034505367279,0.5539408922195435
YGL252C,YJR028W,0,-7.18774,0.1438356190919876,0.931034505367279,0.5541871786117554
YDR432W,YKR059W,0,-7.1888714,0.1437809020280838,0.931034505367279,0.5544335246086121
YLR370C,YIL042C,0,-7.1920137,0.14372622966766357,0.931034505367279,0.554679811000824
YLL031C,YIL129C,0,-7.192435,0.14367160201072693,0.931034505367279,0.5549260973930359
YCL043C,YKR089C,0,-7.192466,0.14361701905727386,0.931034505367279,0.5551724433898926
YPL040C,YDR045C,0,-7.193133,0.14356248080730438,0.931034505367279,0.5554187297821045
YGL252C,YJR029W,0,-7.1935415,0.1435079723596573,0.931034505367279,0.5556650161743164
YNL223W,YLL050C,0,-7.1941657,0.14345350861549377,0.931034505367279,0.5559113025665283
YDR190C,YLR346C,0,-7.194488,0.14339908957481384,0.931034505367279,0.556157648563385
YOR117W,YPL057C,0,-7.1945596,0.1433447152376175,0.931034505367279,0.5564039349555969
YPR168W,YGL129C,0,-7.1950765,0.14329037070274353,0.931034505367279,0.5566502213478088
YJL133W,YKL140W,0,-7.195814,0.14323607087135315,0.931034505367279,0.5568965673446655
YLR088W,YKL117W,0,-7.1968727,0.14318181574344635,0.931034505367279,0.5571428537368774
YBR234C,YER155C,0,-7.1971307,0.14312760531902313,0.931034505367279,0.5573891401290894
YOL038W,YDR395W,0,-7.1975684,0.1430734246969223,0.931034505367279,0.557635486125946
YMR224C,YPL026C,0,-7.1977744,0.14301930367946625,0.931034505367279,0.557881772518158
YER167W,YIL018W,0,-7.1993756,0.1429651975631714,0.931034505367279,0.5581280589103699
YJR019C,YNR048W,0,-7.202132,0.1429111510515213,0.931034505367279,0.5583744049072266
YNL094W,YKR036C,0,-7.204134,0.1428571492433548,0.931034505367279,0.5586206912994385
YPR049C,YNR034W,0,-7.2072597,0.14280317723751068,0.931034505367279,0.5588669776916504
YOR226C,YBL103C,0,-7.207456,0.14274924993515015,0.931034505367279,0.5591133236885071
YLR205C,YML105C,0,-7.207488,0.142695352435112,0.931034505367279,0.559359610080719
YMR079W,YLR277C,0,-7.2079287,0.14264151453971863,0.931034505367279,0.5596058964729309
YOR116C,YJL154C,0,-7.2099524,0.14258770644664764,0.931034505367279,0.5598522424697876
YLR304C,YMR058W,0,-7.210287,0.14253394305706024,0.931034505367279,0.5600985288619995
YMR149W,YML115C,0,-7.2109857,0.14248020946979523,0.931034505367279,0.5603448152542114
YLR403W,YNR034W,0,-7.213388,0.1424265205860138,0.931034505367279,0.5605911612510681
YDL164C,YNL031C,0,-7.213843,0.14237287640571594,0.931034505367279,0.56083744764328
YAL023C,YEL013W,0,-7.215744,0.14231927692890167,0.931034505367279,0.5610837340354919
YGL187C,YHL012W,0,-7.2166834,0.1422657072544098,0.931034505367279,0.5613300204277039
YGR120C,YDR450W,0,-7.2168684,0.1422121822834015,0.931034505367279,0.5615763664245605
YNL227C,YJR045C,0,-7.2170005,0.14215870201587677,0.931034505367279,0.5618226528167725
YLL036C,YML115C,0,-7.2181067,0.14210526645183563,0.931034505367279,0.5620689392089844
YOR178C,YKL134C,0,-7.2190294,0.14205186069011688,0.931034505367279,0.5623152852058411
YIL004C,YBR267W,0,-7.2191973,0.1419984996318817,0.931034505367279,0.562561571598053
YJL192C,YJL093C,0,-7.2192264,0.14194516837596893,0.931034505367279,0.5628078579902649
YJL154C,YPR125W,0,-7.220383,0.14189189672470093,0.931034505367279,0.5630542039871216
YNL216W,YGR112W,0,-7.2223907,0.1418386548757553,0.931034505367279,0.5633004903793335
YLR056W,YDL194W,0,-7.224396,0.14178544282913208,0.931034505367279,0.5635467767715454
YKL205W,YMR016C,0,-7.226246,0.14173229038715363,0.931034505367279,0.5637931227684021
YAL022C,YKR059W,0,-7.2273674,0.14167916774749756,0.931034505367279,0.564039409160614
YOR150W,YBR055C,0,-7.2286363,0.14162607491016388,0.931034505367279,0.5642856955528259
YOL064C,YMR236W,0,-7.2287335,0.14157302677631378,0.931034505367279,0.5645320415496826
YBR079C,YDR201W,0,-7.230273,0.14152002334594727,0.931034505367279,0.5647783279418945
YJR043C,YOR116C,0,-7.231225,0.14146706461906433,0.931034505367279,0.5650246143341064
YOR329C,YJL154C,0,-7.2326365,0.14141413569450378,0.931034505367279,0.5652709603309631
YNL218W,YDL190C,0,-7.2338758,0.14136125147342682,0.931034505367279,0.565517246723175
YMR052W,YIL042C,0,-7.2343426,0.14130841195583344,0.931034505367279,0.565763533115387
YBR112C,YOL101C,0,-7.2345676,0.14125560224056244,0.931034505367279,0.5660098791122437
YNL253W,YKL140W,0,-7.235094,0.14120283722877502,0.931034505367279,0.5662561655044556
YLR008C,YBL052C,0,-7.236015,0.1411501169204712,0.931034505367279,0.5665024518966675
YKL208W,YOR256C,0,-7.240498,0.14109742641448975,0.931034505367279,0.5667487978935242
YOR381W,YGL225W,0,-7.240548,0.14104478061199188,0.931034505367279,0.5669950842857361
YKL205W,YDR175C,0,-7.2409554,0.1409921646118164,0.931034505367279,0.567241370677948
YGL019W,YPL033C,0,-7.241511,0.1409395933151245,0.931034505367279,0.5674876570701599
YJR017C,YOR221C,0,-7.2464676,0.1408870667219162,0.931034505367279,0.5677340030670166
YLR051C,YPR168W,0,-7.248226,0.14083456993103027,0.931034505367279,0.5679802894592285
YOL130W,YGL062W,0,-7.2484303,0.14078211784362793,0.931034505367279,0.5682265758514404
YCR107W,YGR162W,0,-7.2494774,0.14072971045970917,0.931034505367279,0.5684729218482971
YKL075C,YLR346C,0,-7.2495403,0.1406773328781128,0.931034505367279,0.568719208240509
YML110C,YFL059W,0,-7.2501283,0.140625,0.931034505367279,0.568965494632721
YFL003C,YIL073C,0,-7.2501345,0.1405726969242096,0.931034505367279,0.5692118406295776
YCL039W,YNR048W,0,-7.2508783,0.14052045345306396,0.931034505367279,0.5694581270217896
YDL106C,YKR079C,0,-7.256888,0.14046822488307953,0.931034505367279,0.5697044134140015
YLR117C,YER025W,0,-7.259079,0.14041604101657867,0.931034505367279,0.5699507594108582
YML011C,YDR086C,0,-7.2620177,0.1403639018535614,0.931034505367279,0.5701970458030701
YJL115W,YBR069C,0,-7.26246,0.1403118073940277,0.931034505367279,0.570443332195282
YOL139C,YDL232W,0,-7.263333,0.1402597427368164,0.931034505367279,0.5706896781921387
YGR002C,YER031C,0,-7.2633834,0.1402077078819275,0.931034505367279,0.5709359645843506
YLR370C,YHR206W,0,-7.265749,0.14015573263168335,0.931034505367279,0.5711822509765625
YIL062C,YJL033W,0,-7.2660065,0.1401037871837616,0.931034505367279,0.5714285969734192
YDR439W,YJL080C,1,-7.269412,0.14042237401008606,0.9334975481033325,0.5714285969734192
YMR136W,YJR028W,0,-7.270933,0.14037036895751953,0.9334975481033325,0.5716748833656311
YDR206W,YOR117W,0,-7.2711587,0.1403183937072754,0.9334975481033325,0.571921169757843
YPR020W,YPL007C,0,-7.2732267,0.14026646316051483,0.9334975481033325,0.5721675157546997
YBL020W,YJL156C,0,-7.274185,0.14021457731723785,0.9334975481033325,0.5724138021469116
YOR371C,YLR141W,0,-7.27432,0.14016272127628326,0.9334975481033325,0.5726600885391235
YBR211C,YJL080C,1,-7.27437,0.14048059284687042,0.935960590839386,0.5726600885391235
YNL288W,YMR088C,0,-7.2754292,0.14042867720127106,0.935960590839386,0.5729063749313354
YCL039W,YBR057C,0,-7.27769,0.14037680625915527,0.935960590839386,0.5731527209281921
YAL023C,YLR275W,0,-7.2784514,0.14032496511936188,0.935960590839386,0.573399007320404
YMR312W,YGR112W,0,-7.2794995,0.14027316868305206,0.935960590839386,0.573645293712616
YDR167W,YIL082W-A,0,-7.279556,0.14022140204906464,0.935960590839386,0.5738916397094727
YOR002W,YNL094W,0,-7.2804737,0.1401696801185608,0.935960590839386,0.5741379261016846
YLR394W,YOL101C,0,-7.28053,0.14011798799037933,0.935960590839386,0.5743842124938965
YDR377W,YDL150W,0,-7.2813997,0.14006634056568146,0.935960590839386,0.5746305584907532
YLL031C,YBR117C,0,-7.2815847,0.14001473784446716,0.935960590839386,0.5748768448829651
YJR004C,YBR223C,0,-7.284466,0.13996316492557526,0.935960590839386,0.575123131275177
YDR435C,YLR039C,0,-7.2890544,0.13991163671016693,0.935960590839386,0.5753694772720337
YPR029C,YMR035W,0,-7.2916956,0.139860138297081,0.935960590839386,0.5756157636642456
YDR236C,YNR048W,0,-7.2923317,0.13980868458747864,0.935960590839386,0.5758620500564575
YDR363W,YMR183C,0,-7.2925553,0.13975726068019867,0.935960590839386,0.5761083960533142
YJL157C,YKR029C,0,-7.293695,0.13970588147640228,0.935960590839386,0.5763546824455261
YLR248W,YLR426W,0,-7.293894,0.13965453207492828,0.935960590839386,0.576600968837738
YBR036C,YBL020W,0,-7.295576,0.13960322737693787,0.935960590839386,0.5768473148345947
YDR159W,YMR095C,0,-7.295786,0.13955196738243103,0.935960590839386,0.5770936012268066
YLR153C,YDL225W,0,-7.298739,0.13950073719024658,0.935960590839386,0.5773398876190186
YLR205C,YLR139C,0,-7.2995005,0.13944953680038452,0.935960590839386,0.5775862336158752
YGR257C,YNL078W,0,-7.3001466,0.13939838111400604,0.935960590839386,0.5778325200080872
YBR278W,YDR083W,0,-7.301256,0.13934727013111115,0.935960590839386,0.5780788064002991
YLR160C,YJR040W,0,-7.3020234,0.13929618895053864,0.935960590839386,0.5783251523971558
YEL062W,YKL117W,0,-7.3046727,0.1392451375722885,0.935960590839386,0.5785714387893677
YGR129W,YOR344C,0,-7.3068485,0.13919414579868317,0.935960590839386,0.5788177251815796
YOR148C,YPL214C,0,-7.307111,0.139143168926239,0.935960590839386,0.5790640115737915
YDR252W,YMR312W,0,-7.3096337,0.13909223675727844,0.935960590839386,0.5793103575706482
YKL138C-A,YKR057W,0,-7.310133,0.13904134929180145,0.935960590839386,0.5795566439628601
YJR091C,YBR089C-A,0,-7.310184,0.13899049162864685,0.935960590839386,0.579802930355072
YJL106W,YGR257C,0,-7.310894,0.13893966376781464,0.935960590839386,0.5800492763519287
YIL140W,YFL016C,0,-7.313035,0.1388888955116272,0.935960590839386,0.5802955627441406
YPL214C,YJL154C,0,-7.3162756,0.13883814215660095,0.935960590839386,0.5805418491363525
YMR136W,YJL127C,0,-7.317721,0.1387874335050583,0.935960590839386,0.5807881951332092
YIL140W,YLR410W,0,-7.319128,0.1387367695569992,0.935960590839386,0.5810344815254211
YAL003W,YKL138C-A,0,-7.320745,0.1386861354112625,0.935960590839386,0.5812807679176331
YOL147C,YDL194W,0,-7.323167,0.1386355310678482,0.935960590839386,0.5815271139144897
YKL022C,YHR014W,1,-7.3243713,0.1389496773481369,0.9384236335754395,0.5815271139144897
YOL038W,YPL063W,0,-7.3252187,0.13889901340007782,0.9384236335754395,0.5817734003067017
YGL133W,YAR035W,0,-7.325269,0.13884839415550232,0.9384236335754395,0.5820196866989136
YMR268C,YJR046W,0,-7.326242,0.1387978196144104,0.9384236335754395,0.5822660326957703
YCL043C,YLR141W,0,-7.3308325,0.13874727487564087,0.9384236335754395,0.5825123190879822
YFL039C,YPL033C,0,-7.3319817,0.13869675993919373,0.9384236335754395,0.5827586054801941
YJL069C,YPR036W,0,-7.3334813,0.13864628970623016,0.9384236335754395,0.5830049514770508
YDR055W,YJL156C,0,-7.3334923,0.138595849275589,0.9384236335754395,0.5832512378692627
YPL059W,YJL106W,0,-7.3335037,0.1385454535484314,0.9384236335754395,0.5834975242614746
YIL149C,YDR320C,0,-7.3340645,0.1384950876235962,0.9384236335754395,0.5837438702583313
YIL106W,YNL177C,0,-7.3350606,0.13844476640224457,0.9384236335754395,0.5839901566505432
YOR226C,YOL100W,0,-7.338232,0.13839447498321533,0.9384236335754395,0.5842364430427551
YPR029C,YDR432W,0,-7.3394785,0.13834422826766968,0.9384236335754395,0.584482729434967
YBR278W,YGR172C,0,-7.343005,0.1382940113544464,0.9384236335754395,0.5847290754318237
YLR220W,YBL063W,0,-7.3483963,0.13824382424354553,0.9384236335754395,0.5849753618240356
YDR236C,YMR043W,0,-7.351011,0.13819368183612823,0.9384236335754395,0.5852216482162476
YHR041C,YMR149W,0,-7.356373,0.13814358413219452,0.9384236335754395,0.5854679942131042
YLR321C,YFL037W,1,-7.35859,0.13845595717430115,0.9408866763114929,0.5854679942131042
YOR249C,YFL037W,1,-7.3592525,0.13876812160015106,0.9433497786521912,0.5854679942131042
YOL130W,YLR361C,0,-7.3593316,0.1387178599834442,0.9433497786521912,0.5857142806053162
YJL210W,YBR012W-A,0,-7.3596897,0.13866762816905975,0.9433497786521912,0.5859605669975281
YDR180W,YGR063C,1,-7.361367,0.13897937536239624,0.9458128213882446,0.5859605669975281
YLR361C,YMR214W,0,-7.361828,0.138929083943367,0.9458128213882446,0.5862069129943848
YKL208W,YGL006W,0,-7.3649635,0.13887883722782135,0.9458128213882446,0.5864531993865967
YBL022C,YHR090C,0,-7.36622,0.13882863521575928,0.9458128213882446,0.5866994857788086
YLR361C,YNL071W,0,-7.3663497,0.1387784630060196,0.9458128213882446,0.5869458317756653
YGR204W,YLR368W,0,-7.3675065,0.1387283205986023,0.9458128213882446,0.5871921181678772
YDR422C,YPL057C,0,-7.3687673,0.13867822289466858,0.9458128213882446,0.5874384045600891
YOL071W,YGL252C,0,-7.3692064,0.13862815499305725,0.9458128213882446,0.5876847505569458
YOR388C,YBR114W,0,-7.3817644,0.1385781317949295,0.9458128213882446,0.5879310369491577
YML086C,YLR410W,0,-7.382674,0.13852813839912415,0.9458128213882446,0.5881773233413696
YJL104W,YGL006W,0,-7.3834696,0.13847818970680237,0.9458128213882446,0.5884236693382263
YER114C,YNL111C,0,-7.3840647,0.13842825591564178,0.9458128213882446,0.5886699557304382
YJL115W,YML130C,0,-7.3872566,0.13837838172912598,0.9458128213882446,0.5889162421226501
YPL160W,YJL113W,0,-7.388752,0.13832853734493256,0.9458128213882446,0.5891625881195068
YOR193W,YPR187W,0,-7.3900046,0.13827872276306152,0.9458128213882446,0.5894088745117188
YDR206W,YIL017C,0,-7.3904686,0.13822893798351288,0.9458128213882446,0.5896551609039307
YJR022W,YDR177W,0,-7.3908234,0.13817919790744781,0.9458128213882446,0.5899015069007874
YKR039W,YDR473C,0,-7.391547,0.13812950253486633,0.9458128213882446,0.5901477932929993
YLR220W,YJL047C,0,-7.392404,0.13807982206344604,0.9458128213882446,0.5903940796852112
YDL232W,YGR030C,0,-7.392911,0.13803020119667053,0.9458128213882446,0.5906403660774231
YOL023W,YNL216W,0,-7.393073,0.1379805952310562,0.9458128213882446,0.5908867120742798
YDR317W,YEL031W,0,-7.394955,0.13793103396892548,0.9458128213882446,0.5911329984664917
YCR039C,YKR079C,0,-7.395412,0.13788150250911713,0.9458128213882446,0.5913792848587036
YJR004C,YJL093C,0,-7.396953,0.13783201575279236,0.9458128213882446,0.5916256308555603
YLL050C,YLR286C,0,-7.399673,0.13778255879878998,0.9458128213882446,0.5918719172477722
YKL110C,YPL029W,0,-7.4036555,0.13773314654827118,0.9458128213882446,0.5921182036399841
YKL110C,YPR168W,0,-7.4052896,0.13768376410007477,0.9458128213882446,0.5923645496368408
YDR236C,YJL100W,0,-7.4102874,0.13763441145420074,0.9458128213882446,0.5926108360290527
YCR039C,YOL038W,0,-7.410529,0.1375850886106491,0.9458128213882446,0.5928571224212646
YPR006C,YKR059W,0,-7.411888,0.13753581047058105,0.9458128213882446,0.5931034684181213
YJL063C,YCR028C-A,0,-7.4121323,0.13748657703399658,0.9458128213882446,0.5933497548103333
YIL042C,YLR026C,0,-7.4172688,0.1374373584985733,0.9458128213882446,0.5935960412025452
YOR078W,YJL133W,0,-7.4175863,0.1373881995677948,0.9458128213882446,0.5938423871994019
YGR206W,YGR090W,0,-7.4205585,0.1373390555381775,0.9458128213882446,0.5940886735916138
YML032C,YJL109C,0,-7.420995,0.13728995621204376,0.9458128213882446,0.5943349599838257
YFR008W,YBR254C,0,-7.4210944,0.13724088668823242,0.9458128213882446,0.5945813059806824
YLR335W,YBR114W,0,-7.4243937,0.13719184696674347,0.9458128213882446,0.5948275923728943
YJL034W,YML115C,0,-7.4253674,0.1371428519487381,0.9458128213882446,0.5950738787651062
YJL011C,YDR213W,0,-7.425786,0.1370939016342163,0.9458128213882446,0.5953202247619629
YBR106W,YLR141W,0,-7.42959,0.1370449662208557,0.9458128213882446,0.5955665111541748
YNR049C,YNL163C,0,-7.431572,0.1369960755109787,0.9458128213882446,0.5958127975463867
YDR424C,YPR190C,0,-7.432614,0.13694721460342407,0.9458128213882446,0.5960590839385986
YMR053C,YMR087W,0,-7.4347396,0.13689839839935303,0.9458128213882446,0.5963054299354553
YOR078W,YFL049W,0,-7.4350824,0.13684961199760437,0.9458128213882446,0.5965517163276672
YOR150W,YOR057W,0,-7.4370074,0.1368008553981781,0.9458128213882446,0.5967980027198792
YGR288W,YJL063C,0,-7.437394,0.1367521435022354,0.9458128213882446,0.5970443487167358
YDR420W,YJR127C,0,-7.438234,0.13670344650745392,0.9458128213882446,0.5972906351089478
YNL261W,YHR205W,0,-7.4386344,0.1366548091173172,0.9458128213882446,0.5975369215011597
YDR211W,YPR167C,0,-7.43881,0.13660618662834167,0.9458128213882446,0.5977832674980164
YJR043C,YMR149W,0,-7.4395204,0.13655760884284973,0.9458128213882446,0.5980295538902283
YJR091C,YNL055C,0,-7.4407806,0.13650906085968018,0.9458128213882446,0.5982758402824402
YDR317W,YER125W,0,-7.441128,0.1364605575799942,0.9458128213882446,0.5985221862792969
YOR257W,YDL120W,0,-7.443036,0.13641208410263062,0.9458128213882446,0.5987684726715088
YOR005C,YER120W,0,-7.444579,0.13636364042758942,0.9458128213882446,0.5990147590637207
YKR056W,YKR020W,0,-7.446132,0.1363152265548706,0.9458128213882446,0.5992611050605774
YNL227C,YGR231C,0,-7.447572,0.13626685738563538,0.9458128213882446,0.5995073914527893
YEL062W,YHR084W,0,-7.450096,0.13621851801872253,0.9458128213882446,0.5997536778450012
YMR175W,YLR346C,0,-7.4524813,0.13617020845413208,0.9458128213882446,0.6000000238418579
YPL240C,YNL079C,0,-7.453168,0.1361219435930252,0.9458128213882446,0.6002463102340698
YDR317W,YMR224C,0,-7.45516,0.13607370853424072,0.9458128213882446,0.6004925966262817
YNR049C,YHR048W,0,-7.455323,0.13602550327777863,0.9458128213882446,0.6007389426231384
YPL240C,YDL042C,0,-7.456064,0.1359773427248001,0.9458128213882446,0.6009852290153503
YBL041W,YOR297C,0,-7.456675,0.1359291970729828,0.9458128213882446,0.6012315154075623
YGL178W,YDR490C,0,-7.4602227,0.13588111102581024,0.9458128213882446,0.601477861404419
YMR137C,YBR126C,0,-7.460741,0.1358330398797989,0.9458128213882446,0.6017241477966309
YOR257W,YJL157C,0,-7.46112,0.13578501343727112,0.9458128213882446,0.6019704341888428
YLR131C,YLR175W,0,-7.466906,0.13573701679706573,0.9458128213882446,0.6022167205810547
YNL261W,YBL064C,0,-7.467978,0.13568904995918274,0.9458128213882446,0.6024630665779114
YLR051C,YLR136C,0,-7.468636,0.13564111292362213,0.9458128213882446,0.6027093529701233
YER183C,YHR056C,0,-7.470366,0.1355932205915451,0.9458128213882446,0.6029556393623352
YOR298W,YPL239W,0,-7.47228,0.13554535806179047,0.9458128213882446,0.6032019853591919
YGL019W,YOL101C,0,-7.474217,0.13549752533435822,0.9458128213882446,0.6034482717514038
YNR058W,YIL153W,0,-7.4748573,0.13544973731040955,0.9458128213882446,0.6036945581436157
YNL009W,YMR088C,0,-7.4767194,0.13540197908878326,0.9458128213882446,0.6039409041404724
YDR081C,YLL016W,0,-7.4793067,0.13535425066947937,0.9458128213882446,0.6041871905326843
YIL106W,YDR175C,0,-7.479959,0.13530655205249786,0.9458128213882446,0.6044334769248962
YLL016W,YIL008W,0,-7.480481,0.13525889813899994,0.9458128213882446,0.6046798229217529
YNL275W,YBR117C,0,-7.480611,0.1352112740278244,0.9458128213882446,0.6049261093139648
YKL134C,YHL024W,0,-7.4812226,0.13516367971897125,0.9458128213882446,0.6051723957061768
YOR201C,YBR012W-A,0,-7.4818583,0.1351161152124405,0.9458128213882446,0.6054187417030334
YPL059W,YPR041W,0,-7.483077,0.1350685954093933,0.9458128213882446,0.6056650280952454
YOR150W,YHR031C,0,-7.4852347,0.13502109050750732,0.9458128213882446,0.6059113144874573
YDR273W,YPL096W,0,-7.4884777,0.1349736452102661,0.9458128213882446,0.606157660484314
YDR027C,YIL101C,0,-7.4911995,0.1349262148141861,0.9458128213882446,0.6064039468765259
YKL192C,YGR040W,0,-7.491666,0.13487881422042847,0.9458128213882446,0.6066502332687378
YCR037C,YDL042C,0,-7.491893,0.13483145833015442,0.9458128213882446,0.6068965792655945
YGL236C,YBR069C,0,-7.4921665,0.13478413224220276,0.9458128213882446,0.6071428656578064
YMR232W,YEL056W,0,-7.4998856,0.1347368359565735,0.9458128213882446,0.6073891520500183
YML031W,YPL063W,0,-7.5037766,0.1346895843744278,0.9458128213882446,0.6076354384422302
YDL116W,YER120W,0,-7.508586,0.1346423625946045,0.9458128213882446,0.6078817844390869
YLR002C,YDL042C,0,-7.5113473,0.13459515571594238,0.9458128213882446,0.6081280708312988
YKL084W,YIL101C,0,-7.5145006,0.13454800844192505,0.9458128213882446,0.6083743572235107
YLR008C,YDR459C,0,-7.5165844,0.1345008760690689,0.9458128213882446,0.6086207032203674
YPL010W,YKR050W,0,-7.520674,0.13445378839969635,0.9458128213882446,0.6088669896125793
YMR112C,YLR372W,0,-7.5215855,0.13440671563148499,0.9458128213882446,0.6091132760047913
YPR049C,YOL158C,0,-7.5223255,0.1343596875667572,0.9458128213882446,0.609359622001648
YFL057C,YLR056W,0,-7.522466,0.1343126893043518,0.9458128213882446,0.6096059083938599
YIL004C,YOR181W,0,-7.525056,0.13426573574543,0.9458128213882446,0.6098521947860718
YNL145W,YDL190C,0,-7.525173,0.13421881198883057,0.9458128213882446,0.6100985407829285
YLR153C,YJR019C,0,-7.525311,0.13417190313339233,0.9458128213882446,0.6103448271751404
YAL020C,YDR188W,0,-7.5265813,0.13412503898143768,0.9458128213882446,0.6105911135673523
YLR220W,YGR040W,0,-7.527402,0.1340782195329666,0.9458128213882446,0.610837459564209
YBL022C,YPL139C,0,-7.52983,0.13403141498565674,0.9458128213882446,0.6110837459564209
YGL236C,YJR019C,0,-7.5318565,0.13398464024066925,0.9458128213882446,0.6113300323486328
YHR190W,YDL120W,0,-7.533544,0.13393791019916534,0.9458128213882446,0.6115763783454895
YDR499W,YNL177C,0,-7.5350566,0.13389120995998383,0.9458128213882446,0.6118226647377014
YER183C,YOL144W,0,-7.5380397,0.1338445395231247,0.9458128213882446,0.6120689511299133
YHR187W,YPL218W,0,-7.538128,0.13379791378974915,0.9458128213882446,0.61231529712677
YLL050C,YOR221C,0,-7.5385857,0.1337513029575348,0.9458128213882446,0.6125615835189819
YOR156C,YHR014W,1,-7.5389132,0.13405291736125946,0.9482758641242981,0.6125615835189819
YKR050W,YKR014C,0,-7.5415683,0.13400626182556152,0.9482758641242981,0.6128078699111938
YJR091C,YBR170C,0,-7.542634,0.13395963609218597,0.9482758641242981,0.6130542159080505
YGL129C,YLR005W,0,-7.5432224,0.1339130401611328,0.9482758641242981,0.6133005023002625
YOR231W,YOL055C,0,-7.548646,0.13386647403240204,0.9482758641242981,0.6135467886924744
YBR145W,YJL090C,0,-7.5492454,0.13381995260715485,0.9482758641242981,0.6137930750846863
YDR178W,YIL080W,0,-7.549536,0.13377346098423004,0.9482758641242981,0.614039421081543
YDR439W,YGR063C,1,-7.550811,0.13407433032989502,0.9507389068603516,0.614039421081543
YLR361C,YMR312W,0,-7.5527363,0.13402777910232544,0.9507389068603516,0.6142857074737549
YML129C,YDR453C,0,-7.553531,0.13398125767707825,0.9507389068603516,0.6145319938659668
YPL187W,YPL239W,0,-7.5550413,0.13393476605415344,0.9507389068603516,0.6147783398628235
YOR221C,YOR201C,0,-7.563876,0.13388830423355103,0.9507389068603516,0.6150246262550354
YGL178W,YLR008C,0,-7.5638905,0.1338418871164322,0.9507389068603516,0.6152709126472473
YPL241C,YDL181W,0,-7.5641823,0.13379549980163574,0.9507389068603516,0.615517258644104
YGL187C,YER104W,0,-7.57191,0.1337491273880005,0.9507389068603516,0.6157635450363159
YOL082W,YOR048C,0,-7.5731997,0.13370279967784882,0.9507389068603516,0.6160098314285278
YGR158C,YDL216C,0,-7.57901,0.13365651667118073,0.9507389068603516,0.6162561774253845
YLR133W,YJL157C,0,-7.579575,0.13361024856567383,0.9507389068603516,0.6165024638175964
YPL132W,YMR006C,0,-7.5818567,0.13356401026248932,0.9507389068603516,0.6167487502098083
YPR175W,YJL101C,0,-7.582963,0.1335178166627884,0.9507389068603516,0.616995096206665
YPR175W,YBR114W,0,-7.5840173,0.13347165286540985,0.9507389068603516,0.617241382598877
YHR108W,YKL084W,0,-7.584475,0.1334255039691925,0.9507389068603516,0.6174876689910889
YKL022C,YGR063C,1,-7.5866137,0.13372494280338287,0.953201949596405,0.6174876689910889
YDR432W,YIL114C,0,-7.5877647,0.13367874920368195,0.953201949596405,0.6177340149879456
YNL280C,YNL216W,0,-7.5885983,0.1336326003074646,0.953201949596405,0.6179803013801575
YAL020C,YKL028W,0,-7.5893736,0.13358646631240845,0.953201949596405,0.6182265877723694
YFR047C,YPL139C,0,-7.593666,0.13354037702083588,0.953201949596405,0.6184729337692261
YPL160W,YJR094C,0,-7.594884,0.1334943026304245,0.953201949596405,0.618719220161438
YDR263C,YCR037C,0,-7.598239,0.1334482729434967,0.953201949596405,0.6189655065536499
YJL178C,YML118W,0,-7.5986037,0.1334022730588913,0.953201949596405,0.6192117929458618
YAL023C,YKR020W,0,-7.599661,0.13335630297660828,0.953201949596405,0.6194581389427185
YBR234C,YOL151W,0,-7.6008997,0.13331036269664764,0.953201949596405,0.6197044253349304
YKR019C,YKL110C,0,-7.601553,0.1332644671201706,0.953201949596405,0.6199507117271423
YKR036C,YMR006C,0,-7.6026797,0.13321858644485474,0.953201949596405,0.620197057723999
YLR286C,YML031W,0,-7.6039195,0.13317275047302246,0.953201949596405,0.6204433441162109
YJR127C,YML005W,0,-7.606472,0.13312692940235138,0.953201949596405,0.6206896305084229
YGL236C,YFR003C,0,-7.6118126,0.13308115303516388,0.953201949596405,0.6209359765052795
YAL021C,YMR095C,0,-7.6141105,0.13303540647029877,0.953201949596405,0.6211822628974915
YNL161W,YDR339C,0,-7.6141553,0.13298968970775604,0.953201949596405,0.6214285492897034
YGR134W,YIL007C,0,-7.6149817,0.1329440027475357,0.953201949596405,0.6216748952865601
YPL037C,YER007W,0,-7.617131,0.13289834558963776,0.953201949596405,0.621921181678772
YDR435C,YPR036W,0,-7.6183863,0.1328527331352234,0.953201949596405,0.6221674680709839
YHR194W,YGR258C,0,-7.6191144,0.13280713558197021,0.953201949596405,0.6224138140678406
YDL022W,YJL156C,0,-7.6195307,0.13276158273220062,0.953201949596405,0.6226601004600525
YDR339C,YJL011C,0,-7.6197586,0.13271604478359222,0.953201949596405,0.6229063868522644
YDR148C,YPL063W,0,-7.624075,0.1326705515384674,0.953201949596405,0.6231527328491211
YNR059W,YNL066W,0,-7.6269274,0.13262508809566498,0.953201949596405,0.623399019241333
YLR015W,YDL130W,0,-7.6312723,0.13257965445518494,0.953201949596405,0.6236453056335449
YNR049C,YCR018C,0,-7.631863,0.13253425061702728,0.953201949596405,0.6238916516304016
YOR147W,YDR422C,0,-7.632136,0.13248887658119202,0.953201949596405,0.6241379380226135
YBR098W,YMR096W,0,-7.6353197,0.13244353234767914,0.953201949596405,0.6243842244148254
YFR047C,YBR030W,0,-7.6362414,0.13239821791648865,0.953201949596405,0.6246305704116821
YFL039C,YML073C,0,-7.6381264,0.13235294818878174,0.953201949596405,0.624876856803894
YJL063C,YPR155C,0,-7.6399965,0.13230769336223602,0.953201949596405,0.625123143196106
YDR252W,YER003C,0,-7.6408625,0.1322624683380127,0.953201949596405,0.6253694295883179
YDR188W,YPL274W,0,-7.641162,0.13221728801727295,0.953201949596405,0.6256157755851746
YIL072W,YIL080W,0,-7.6436815,0.1321721374988556,0.953201949596405,0.6258620619773865
YOR344C,YDL170W,0,-7.6451797,0.13212700188159943,0.953201949596405,0.6261083483695984
YLL050C,YDR489W,0,-7.646062,0.13208191096782684,0.953201949596405,0.6263546943664551
YEL031W,YGR129W,0,-7.64659,0.13203684985637665,0.953201949596405,0.626600980758667
YDL130W,YNL079C,0,-7.6515217,0.13199181854724884,0.953201949596405,0.6268472671508789
YPR111W,YLR002C,0,-7.6575136,0.13194681704044342,0.953201949596405,0.6270936131477356
YFR002W,YGR258C,0,-7.65902,0.1319018453359604,0.953201949596405,0.6273398995399475
YMR136W,YER120W,0,-7.660489,0.13185690343379974,0.953201949596405,0.6275861859321594
YLR133W,YML031W,0,-7.662286,0.1318119913339615,0.953201949596405,0.6278325319290161
YOL130W,YIL106W,0,-7.662308,0.13176710903644562,0.953201949596405,0.628078818321228
YDL190C,YLR447C,0,-7.6629167,0.13172225654125214,0.953201949596405,0.6283251047134399
YBR114W,YMR214W,0,-7.6675706,0.13167744874954224,0.953201949596405,0.6285714507102966
YHR143W-A,YOR290C,0,-7.668587,0.13163265585899353,0.953201949596405,0.6288177371025085
YKR046C,YBL022C,0,-7.672318,0.1315878927707672,0.953201949596405,0.6290640234947205
YLR157C,YOR320C,0,-7.6770296,0.13154317438602448,0.953201949596405,0.6293103694915771
YPL028W,YNL280C,0,-7.6771607,0.13149847090244293,0.953201949596405,0.6295566558837891
YMR135C,YOR322C,0,-7.6778502,0.13145379722118378,0.953201949596405,0.629802942276001
YJR125C,YOL144W,0,-7.6783943,0.1314091682434082,0.953201949596405,0.6300492882728577
YBR136W,YBR267W,0,-7.6796484,0.13136456906795502,0.953201949596405,0.6302955746650696
YGR092W,YPL026C,0,-7.681816,0.13131998479366302,0.953201949596405,0.6305418610572815
YOL082W,YOR148C,0,-7.683211,0.13127544522285461,0.953201949596405,0.6307882070541382
YJL125C,YLR410W,0,-7.684457,0.1312309205532074,0.953201949596405,0.6310344934463501
YKR009C,YMR112C,0,-7.68466,0.13118644058704376,0.953201949596405,0.631280779838562
YER051W,YOL144W,0,-7.685338,0.13114199042320251,0.953201949596405,0.6315270662307739
YIL132C,YJL080C,1,-7.685742,0.1314363181591034,0.9556650519371033,0.6315270662307739
YDR480W,YOR388C,0,-7.687273,0.13139180839061737,0.9556650519371033,0.6317734122276306
YBR223C,YIL022W,0,-7.688369,0.13134732842445374,0.9556650519371033,0.6320196986198425
YMR014W,YML105C,0,-7.6893144,0.1313028782606125,0.9556650519371033,0.6322659850120544
YJR102C,YDL120W,0,-7.691883,0.13125845789909363,0.9556650519371033,0.6325123310089111
YHL048W,YOL100W,0,-7.692163,0.13121406733989716,0.9556650519371033,0.632758617401123
YDR490C,YDR045C,0,-7.6932974,0.13116970658302307,0.9556650519371033,0.633004903793335
YOR388C,YOR137C,0,-7.6973825,0.13112537562847137,0.9556650519371033,0.6332512497901917
YDL209C,YML004C,0,-7.700803,0.13108107447624207,0.9556650519371033,0.6334975361824036
YDR339C,YDR292C,0,-7.700816,0.13103681802749634,0.9556650519371033,0.6337438225746155
YHL011C,YHR206W,0,-7.702224,0.1309925764799118,0.9556650519371033,0.6339901685714722
YBR223C,YKL034W,0,-7.702318,0.13094836473464966,0.9556650519371033,0.6342364549636841
YOL044W,YBL041W,0,-7.702706,0.1309041827917099,0.9556650519371033,0.634482741355896
YKR065C,YDR303C,0,-7.703767,0.13086003065109253,0.9556650519371033,0.6347290873527527
YDR377W,YCR028C-A,0,-7.7038336,0.13081590831279755,0.9556650519371033,0.6349753737449646
YMR149W,YLR346C,0,-7.7053895,0.13077183067798615,0.9556650519371033,0.6352216601371765
YMR145C,YLL002W,0,-7.708073,0.13072776794433594,0.9556650519371033,0.6354680061340332
YNR058W,YIR002C,0,-7.711261,0.13068373501300812,0.9556650519371033,0.6357142925262451
YLR157C,YOL031C,0,-7.7128086,0.13063973188400269,0.9556650519371033,0.635960578918457
YNL282W,YOR106W,0,-7.714138,0.13059575855731964,0.9556650519371033,0.6362069249153137
YGR134W,YOR150W,0,-7.717998,0.13055181503295898,0.9556650519371033,0.6364532113075256
YOR232W,YPL147W,0,-7.7180443,0.13050790131092072,0.9556650519371033,0.6366994976997375
YOR100C,YFL024C,0,-7.7181673,0.13046401739120483,0.9556650519371033,0.6369457840919495
YJR125C,YOR329C,0,-7.7197595,0.13042016327381134,0.9556650519371033,0.6371921300888062
YDL166C,YBR173C,0,-7.7248287,0.13037633895874023,0.9556650519371033,0.6374384164810181
YOL082W,YER114C,0,-7.724869,0.13033254444599152,0.9556650519371033,0.63768470287323
YLR051C,YDR087C,0,-7.72536,0.13028877973556519,0.9556650519371033,0.6379310488700867
YDR182W,YGR257C,0,-7.7259808,0.13024504482746124,0.9556650519371033,0.6381773352622986
YOR100C,YNL078W,0,-7.727065,0.1302013397216797,0.9556650519371033,0.6384236216545105
YJL101C,YOR353C,0,-7.7357206,0.13015766441822052,0.9556650519371033,0.6386699676513672
YDR148C,YMR036C,0,-7.7368083,0.13011401891708374,0.9556650519371033,0.6389162540435791
YPR178W,YNL216W,0,-7.7374606,0.13007040321826935,0.9556650519371033,0.639162540435791
YMR058W,YGR288W,0,-7.737648,0.13002680242061615,0.9556650519371033,0.6394088864326477
YNL030W,YKL144C,0,-7.739623,0.12998324632644653,0.9556650519371033,0.6396551728248596
YBR112C,YJL001W,0,-7.7398825,0.1299397200345993,0.9556650519371033,0.6399014592170715
YML132W,YMR036C,0,-7.740659,0.12989622354507446,0.9556650519371033,0.6401478052139282
YGR244C,YMR214W,0,-7.740971,0.12985274195671082,0.9556650519371033,0.6403940916061401
YJL194W,YJL190C,0,-7.741376,0.12980930507183075,0.9556650519371033,0.640640377998352
YPR049C,YDR086C,0,-7.74146,0.12976588308811188,0.9556650519371033,0.6408867239952087
YOR381W,YLR409C,0,-7.7454987,0.1297225058078766,0.9556650519371033,0.6411330103874207
YOL044W,YJR004C,0,-7.7563496,0.1296791434288025,0.9556650519371033,0.6413792967796326
YNL111C,YJR022W,0,-7.7610645,0.12963581085205078,0.9556650519371033,0.6416256427764893
YNL021W,YNL248C,0,-7.7617526,0.12959252297878265,0.9556650519371033,0.6418719291687012
YNL280C,YMR283C,0,-7.7617598,0.12954925000667572,0.9556650519371033,0.6421182155609131
YJL192C,YLR136C,0,-7.764125,0.12950600683689117,0.9556650519371033,0.6423645615577698
YNL111C,YOR057W,0,-7.7656364,0.12946279346942902,0.9556650519371033,0.6426108479499817
YGL086W,YCR028C-A,0,-7.7682,0.12941960990428925,0.9556650519371033,0.6428571343421936
YOR148C,YBR173C,0,-7.7686367,0.12937645614147186,0.9556650519371033,0.6431034207344055
YHR181W,YLR136C,0,-7.76933,0.12933333218097687,0.9556650519371033,0.6433497667312622
YKL022C,YGR275W,1,-7.7757587,0.12962345778942108,0.9581280946731567,0.6433497667312622
YJR125C,YMR035W,0,-7.778305,0.1295802742242813,0.9581280946731567,0.6435960531234741
YOR098C,YKR050W,0,-7.7789726,0.12953713536262512,0.9581280946731567,0.643842339515686
YBR112C,YPL214C,0,-7.779849,0.12949401140213013,0.9581280946731567,0.6440886855125427
YHR070W,YJL069C,0,-7.78051,0.12945091724395752,0.9581280946731567,0.6443349719047546
YDL197C,YDR175C,0,-7.7819633,0.1294078528881073,0.9581280946731567,0.6445812582969666
YGR288W,YHR163W,0,-7.7829785,0.12936481833457947,0.9581280946731567,0.6448276042938232
YBL002W,YIR037W,0,-7.78301,0.12932181358337402,0.9581280946731567,0.6450738906860352
YLR335W,YAL023C,0,-7.7843637,0.12927882373332977,0.9581280946731567,0.6453201770782471
YGL236C,YJR021C,0,-7.7850556,0.1292358785867691,0.9581280946731567,0.6455665230751038
YJL101C,YHR067W,0,-7.7855163,0.12919296324253082,0.9581280946731567,0.6458128094673157
YDR421W,YNL251C,0,-7.786387,0.12915006279945374,0.9581280946731567,0.6460590958595276
YML132W,YGL201C,0,-7.7866697,0.12910720705986023,0.9581280946731567,0.6463054418563843
YLR160C,YGR135W,0,-7.7872677,0.12906436622142792,0.9581280946731567,0.6465517282485962
YDR252W,YGR172C,0,-7.7873173,0.129021555185318,0.9581280946731567,0.6467980146408081
YGR227W,YDR303C,0,-7.7944436,0.12897877395153046,0.9581280946731567,0.6470443606376648
YJL110C,YBL022C,0,-7.7950435,0.1289360225200653,0.9581280946731567,0.6472906470298767
YAL040C,YNL031C,0,-7.795988,0.12889330089092255,0.9581280946731567,0.6475369334220886
YLR080W,YLR329W,0,-7.796851,0.12885060906410217,0.9581280946731567,0.6477832794189453
YBR169C,YHL012W,0,-7.8018937,0.1288079470396042,0.9581280946731567,0.6480295658111572
YPR041W,YPL063W,0,-7.80219,0.1287653148174286,0.9581280946731567,0.6482758522033691
YNL138W,YMR241W,0,-7.8046246,0.12872269749641418,0.9581280946731567,0.648522138595581
YER167W,YKL189W,0,-7.806258,0.12868012487888336,0.9581280946731567,0.6487684845924377
YOR130C,YMR087W,0,-7.8072643,0.12863756716251373,0.9581280946731567,0.6490147709846497
YAL041W,YDR317W,0,-7.81061,0.1285950392484665,0.9581280946731567,0.6492610573768616
YCR034W,YPL076W,0,-7.81108,0.12855254113674164,0.9581280946731567,0.6495074033737183
YOL101C,YDR529C,0,-7.8143096,0.12851007282733917,0.9581280946731567,0.6497536897659302
YJL001W,YKR029C,0,-7.8191724,0.1284676343202591,0.9581280946731567,0.6499999761581421
YGR286C,YPL152W,0,-7.819472,0.1284252256155014,0.9581280946731567,0.6502463221549988
YNR054C,YGR169C,0,-7.82283,0.1283828318119049,0.9581280946731567,0.6504926085472107
YPL028W,YJL087C,0,-7.824269,0.128340482711792,0.9581280946731567,0.6507388949394226
YAR002W,YPL218W,0,-7.826087,0.12829814851284027,0.9581280946731567,0.6509852409362793
YGR288W,YMR037C,0,-7.828159,0.12825585901737213,0.9581280946731567,0.6512315273284912
YMR100W,YDR490C,0,-7.833276,0.12821358442306519,0.9581280946731567,0.6514778137207031
YDR206W,YKL140W,0,-7.833753,0.12817133963108063,0.9581280946731567,0.6517241597175598
YDL004W,YOL100W,0,-7.83666,0.12812912464141846,0.9581280946731567,0.6519704461097717
YNL094W,YBR010W,0,-7.837785,0.12808692455291748,0.9581280946731567,0.6522167325019836
YKL135C,YBR036C,0,-7.839799,0.12804476916790009,0.9581280946731567,0.6524630784988403
YDR459C,YDR292C,0,-7.8406367,0.12800262868404388,0.9581280946731567,0.6527093648910522
YDR236C,YPL029W,0,-7.8407025,0.12796053290367126,0.9581280946731567,0.6529556512832642
YBR106W,YJL145W,0,-7.841754,0.12791845202445984,0.9581280946731567,0.6532019972801208
YBR234C,YEL013W,0,-7.8429337,0.1278764009475708,0.9581280946731567,0.6534482836723328
YOL130W,YDR273W,0,-7.8479557,0.12783437967300415,0.9581280946731567,0.6536945700645447
YGR063C,YIL144W,1,-7.8520284,0.12812089920043945,0.9605911374092102,0.6536945700645447
YGR162W,YIL135C,0,-7.854642,0.12807881832122803,0.9605911374092102,0.6539409160614014
YJR153W,YGL030W,0,-7.854748,0.128036767244339,0.9605911374092102,0.6541872024536133
YJR135W-A,YMR284W,0,-7.8563714,0.12799474596977234,0.9605911374092102,0.6544334888458252
YKR009C,YML011C,0,-7.858013,0.12795275449752808,0.9605911374092102,0.6546797752380371
YOR249C,YJL080C,1,-7.861262,0.1282387673854828,0.9630541801452637,0.6546797752380371
YLR195C,YFR051C,0,-7.8630147,0.12819671630859375,0.9630541801452637,0.6549261212348938
YML105C,YDR170C,0,-7.863939,0.1281547099351883,0.9630541801452637,0.6551724076271057
YFR036W,YGR063C,1,-7.8657875,0.12844036519527435,0.9655172228813171,0.6551724076271057
YNL288W,YLR394W,0,-7.867999,0.12839829921722412,0.9655172228813171,0.6554186940193176
YBL064C,YJL087C,0,-7.868896,0.12835624814033508,0.9655172228813171,0.6556650400161743
YLR403W,YPL214C,0,-7.869196,0.12831424176692963,0.9655172228813171,0.6559113264083862
YBL002W,YNL055C,0,-7.8781567,0.12827225029468536,0.9655172228813171,0.6561576128005981
YML132W,YDL108W,0,-7.8795795,0.1282302886247635,0.9655172228813171,0.6564039587974548
YJR082C,YPR101W,0,-7.8796654,0.128188356757164,0.9655172228813171,0.6566502451896667
YIR013C,YGL127C,0,-7.8818264,0.1281464546918869,0.9655172228813171,0.6568965315818787
YPR190C,YMR183C,0,-7.8841352,0.1281045824289322,0.9655172228813171,0.6571428775787354
YPL160W,YJL133W,0,-7.8843846,0.12806272506713867,0.9655172228813171,0.6573891639709473
YDR361C,YOL121C,0,-7.8847427,0.12802089750766754,0.9655172228813171,0.6576354503631592
YGL017W,YBR202W,0,-7.885917,0.1279790997505188,0.9655172228813171,0.6578817963600159
YNR049C,YIL135C,0,-7.8890076,0.12793733179569244,0.9655172228813171,0.6581280827522278
YOR122C,YPL029W,0,-7.890667,0.12789559364318848,0.9655172228813171,0.6583743691444397
YPL227C,YHR205W,0,-7.8910384,0.1278538852930069,0.9655172228813171,0.6586207151412964
YBL002W,YPR006C,0,-7.89972,0.1278121918439865,0.9655172228813171,0.6588670015335083
YLR160C,YDR183W,0,-7.9022126,0.1277705281972885,0.9655172228813171,0.6591132879257202
YJL210W,YMR236W,0,-7.903648,0.1277289092540741,0.9655172228813171,0.6593596339225769
YLR219W,YDR473C,0,-7.904305,0.12768729031085968,0.9655172228813171,0.6596059203147888
YDR434W,YLR447C,0,-7.9052086,0.12764571607112885,0.9655172228813171,0.6598522067070007
YGR231C,YJL056C,0,-7.9057264,0.1276041716337204,0.9655172228813171,0.6600984930992126
YNR058W,YDR017C,0,-7.90578,0.12756264209747314,0.9655172228813171,0.6603448390960693
YNR054C,YMR112C,0,-7.906514,0.12752114236354828,0.9655172228813171,0.6605911254882812
YCR088W,YLR133W,0,-7.9088163,0.1274796724319458,0.9655172228813171,0.6608374118804932
YMR164C,YDL185W,0,-7.911504,0.1274382323026657,0.9655172228813171,0.6610837578773499
YER167W,YJL050W,0,-7.912203,0.127396821975708,0.9655172228813171,0.6613300442695618
YLR363C,YJR045C,0,-7.915639,0.1273554265499115,0.9655172228813171,0.6615763306617737
YGR257C,YHL024W,0,-7.9199944,0.12731406092643738,0.9655172228813171,0.6618226766586304
YLR051C,YML104C,0,-7.9208713,0.12727272510528564,0.9655172228813171,0.6620689630508423
YDR236C,YIL008W,0,-7.923545,0.1272314190864563,0.9655172228813171,0.6623152494430542
YLR136C,YDL170W,0,-7.924898,0.12719014286994934,0.9655172228813171,0.6625615954399109
YNR058W,YOR388C,0,-7.9253197,0.12714888155460358,0.9655172228813171,0.6628078818321228
YOR249C,YGR063C,1,-7.927658,0.12743189930915833,0.9679803252220154,0.6628078818321228
YAL054C,YFL003C,0,-7.9278927,0.12739059329032898,0.9679803252220154,0.6630541682243347
YOL147C,YOR356W,0,-7.928001,0.12734931707382202,0.9679803252220154,0.6633005142211914
YML032C,YLR316C,0,-7.9280424,0.12730807065963745,0.9679803252220154,0.6635468006134033
YDR480W,YDL020C,0,-7.9284635,0.12726683914661407,0.9679803252220154,0.6637930870056152
YML073C,YOR367W,0,-7.9302764,0.12722563743591309,0.9679803252220154,0.6640394330024719
YDL181W,YOR057W,0,-7.9309664,0.12718446552753448,0.9679803252220154,0.6642857193946838
YCR073C,YLR409C,0,-7.934472,0.12714332342147827,0.9679803252220154,0.6645320057868958
YDL150W,YML010W,0,-7.935687,0.12710219621658325,0.9679803252220154,0.6647783517837524
YDL212W,YMR236W,0,-7.9364624,0.12706109881401062,0.9679803252220154,0.6650246381759644
YDR459C,YBL064C,0,-7.9370813,0.12702004611492157,0.9679803252220154,0.6652709245681763
YIR013C,YIL018W,0,-7.939253,0.12697899341583252,0.9679803252220154,0.665517270565033
YDR206W,YLR363C,0,-7.942003,0.12693798542022705,0.9679803252220154,0.6657635569572449
YBR267W,YMR302C,0,-7.9428697,0.12689699232578278,0.9679803252220154,0.6660098433494568
YPL028W,YHR077C,0,-7.942944,0.1268560290336609,0.9679803252220154,0.6662561297416687
YER155C,YBR240C,0,-7.9454675,0.1268150955438614,0.9679803252220154,0.6665024757385254
YIL004C,YMR058W,0,-7.947191,0.12677419185638428,0.9679803252220154,0.6667487621307373
YOR149C,YLR005W,0,-7.947259,0.12673331797122955,0.9679803252220154,0.6669950485229492
YER051W,YHR005C-A,0,-7.948836,0.12669245898723602,0.9679803252220154,0.6672413945198059
YKL146W,YER003C,0,-7.9493046,0.12665162980556488,0.9679803252220154,0.6674876809120178
YLR026C,YOR212W,0,-7.9494596,0.12661083042621613,0.9679803252220154,0.6677339673042297
YHR108W,YGR090W,0,-7.949891,0.12657004594802856,0.9679803252220154,0.6679803133010864
YGR030C,YJL011C,0,-7.952504,0.1265292912721634,0.9679803252220154,0.6682265996932983
YOR025W,YPR167C,0,-7.953218,0.1264885812997818,0.9679803252220154,0.6684728860855103
YBR193C,YOR116C,0,-7.954001,0.1264478713274002,0.9679803252220154,0.6687192320823669
YPL089C,YDR395W,0,-7.954139,0.1264072060585022,0.9679803252220154,0.6689655184745789
YIR013C,YOL133W,0,-7.954692,0.12636655569076538,0.9679803252220154,0.6692118048667908
YDR473C,YKR056W,0,-7.9554377,0.12632593512535095,0.9679803252220154,0.6694581508636475
YDR206W,YOR130C,0,-7.957196,0.1262853443622589,0.9679803252220154,0.6697044372558594
YMR312W,YOL023W,0,-7.958691,0.12624478340148926,0.9679803252220154,0.6699507236480713
YOR117W,YNL012W,0,-7.96101,0.1262042373418808,0.9679803252220154,0.670197069644928
YIL042C,YFL060C,0,-7.965571,0.12616372108459473,0.9679803252220154,0.6704433560371399
YLL050C,YOL123W,0,-7.9659,0.12612323462963104,0.9679803252220154,0.6706896424293518
YGL187C,YGR030C,0,-7.966762,0.12608277797698975,0.9679803252220154,0.6709359884262085
YJR091C,YOR137C,0,-7.968679,0.12604233622550964,0.9679803252220154,0.6711822748184204
YLR361C,YBR182C,0,-7.970371,0.12600192427635193,0.9679803252220154,0.6714285612106323
YIL062C,YOR193W,0,-7.9719906,0.1259615421295166,0.9679803252220154,0.6716748476028442
YKL192C,YOL101C,0,-7.9737515,0.12592117488384247,0.9679803252220154,0.6719211935997009
YKR039W,YJR127C,0,-7.976718,0.12588085234165192,0.9679803252220154,0.6721674799919128
YOL068C,YOR130C,0,-7.979042,0.12584054470062256,0.9679803252220154,0.6724137663841248
YDR153C,YMR079W,0,-7.9794273,0.1258002519607544,0.9679803252220154,0.6726601123809814
YMR052W,YER006W,0,-7.979763,0.1257600039243698,0.9679803252220154,0.6729063987731934
YBL103C,YJL145W,0,-7.9804583,0.12571977078914642,0.9679803252220154,0.6731526851654053
YGR204W,YJL192C,0,-7.981389,0.12567956745624542,0.9679803252220154,0.673399031162262
YJL033W,YJR131W,0,-7.9821854,0.12563937902450562,0.9679803252220154,0.6736453175544739
YFL008W,YGR063C,1,-7.9835415,0.12591882050037384,0.9704433679580688,0.6736453175544739
YER172C,YDR120C,0,-7.987035,0.12587858736515045,0.9704433679580688,0.6738916039466858
YNL216W,YDR450W,0,-7.9893503,0.12583838403224945,0.9704433679580688,0.6741379499435425
YJL207C,YHR041C,0,-7.9932327,0.12579821050167084,0.9704433679580688,0.6743842363357544
YDL022W,YNL025C,0,-7.9951754,0.1257580667734146,0.9704433679580688,0.6746305227279663
YCR107W,YNR054C,0,-7.9969463,0.12571793794631958,0.9704433679580688,0.674876868724823
YDR435C,YNL287W,0,-8.000127,0.12567782402038574,0.9704433679580688,0.6751231551170349
YFR047C,YMR039C,0,-8.001325,0.12563775479793549,0.9704433679580688,0.6753694415092468
YDR178W,YJR029W,0,-8.003468,0.12559770047664642,0.9704433679580688,0.6756157875061035
YJL008C,YPL063W,0,-8.006169,0.12555767595767975,0.9704433679580688,0.6758620738983154
YER114C,YML130C,0,-8.00643,0.12551768124103546,0.9704433679580688,0.6761083602905273
YIL014W,YER089C,0,-8.0069065,0.12547770142555237,0.9704433679580688,0.676354706287384
YJL207C,YNL012W,0,-8.010664,0.12543775141239166,0.9704433679580688,0.676600992679596
YOL158C,YIL119C,0,-8.01156,0.12539783120155334,0.9704433679580688,0.6768472790718079
YKL110C,YJL100W,0,-8.011772,0.12535794079303741,0.9704433679580688,0.6770936250686646
YML128C,YMR268C,0,-8.01409,0.12531806528568268,0.9704433679580688,0.6773399114608765
YHR041C,YLR005W,0,-8.01465,0.12527821958065033,0.9704433679580688,0.6775861978530884
YCL032W,YHR048W,0,-8.0225525,0.12523840367794037,0.9704433679580688,0.6778324842453003
YML104C,YLR409C,0,-8.023028,0.1251986026763916,0.9704433679580688,0.678078830242157
YPR020W,YHR036W,0,-8.024648,0.12515883147716522,0.9704433679580688,0.6783251166343689
YDL160C,YMR302C,0,-8.028552,0.12511909008026123,0.9704433679580688,0.6785714030265808
YLR160C,YJL106W,0,-8.028661,0.12507936358451843,0.9704433679580688,0.6788177490234375
YMR100W,YKR065C,0,-8.032435,0.12503966689109802,0.9704433679580688,0.6790640354156494
YML074C,YMR145C,0,-8.034027,0.125,0.9704433679580688,0.6793103218078613
YNL199C,YOL064C,0,-8.0341425,0.12496035546064377,0.9704433679580688,0.679556667804718
YMR135C,YJL133W,0,-8.03457,0.12492073327302933,0.9704433679580688,0.6798029541969299
YGR227W,YIL110W,0,-8.038793,0.12488114088773727,0.9704433679580688,0.6800492405891418
YIR037W,YDR362C,0,-8.0406,0.12484157085418701,0.9704433679580688,0.6802955865859985
YGR063C,YFL037W,1,-8.043448,0.12511877715587616,0.9729064106941223,0.6802955865859985
YML006C,YML031W,0,-8.047924,0.1250791698694229,0.9729064106941223,0.6805418729782104
YDR301W,YJL145W,0,-8.047929,0.12503956258296967,0.9729064106941223,0.6807881593704224
YEL056W,YDL150W,0,-8.051964,0.125,0.9729064106941223,0.681034505367279
YER155C,YPR190C,0,-8.0520115,0.12496045231819153,0.9729064106941223,0.681280791759491
YGL019W,YOL038W,0,-8.053594,0.12492093443870544,0.9729064106941223,0.6815270781517029
YOL123W,YJL141C,0,-8.0552025,0.12488143891096115,0.9729064106941223,0.6817734241485596
YPL059W,YKR089C,0,-8.055609,0.12484197318553925,0.9729064106941223,0.6820197105407715
YKL146W,YHR098C,0,-8.058893,0.12480252981185913,0.9729064106941223,0.6822659969329834
YLR127C,YGR063C,1,-8.059083,0.1250789612531662,0.9753694534301758,0.6822659969329834
YLR075W,YLR234W,0,-8.059742,0.1250394731760025,0.9753694534301758,0.6825123429298401
YOL133W,YGR288W,0,-8.061317,0.125,0.9753694534301758,0.682758629322052
YOL021C,YKL110C,0,-8.06437,0.12496055662631989,0.9753694534301758,0.6830049157142639
YLR013W,YER025W,0,-8.066701,0.12492113560438156,0.9753694534301758,0.6832512021064758
YLR335W,YMR175W,0,-8.069069,0.12488174438476562,0.9753694534301758,0.6834975481033325
YJL011C,YOL138C,0,-8.069597,0.12484236806631088,0.9753694534301758,0.6837438344955444
YDL181W,YKL117W,0,-8.070195,0.12480302900075912,0.9753694534301758,0.6839901208877563
YJR046W,YNL313C,0,-8.072114,0.12476370483636856,0.9753694534301758,0.684236466884613
YOR221C,YMR079W,0,-8.073206,0.12472441047430038,0.9753694534301758,0.684482753276825
YCR093W,YKR079C,0,-8.073761,0.124685138463974,0.9753694534301758,0.6847290396690369
YFR051C,YDR303C,0,-8.075325,0.1246458888053894,0.9753694534301758,0.6849753856658936
YGL201C,YPL274W,0,-8.079372,0.1246066689491272,0.9753694534301758,0.6852216720581055
YBL103C,YJL168C,0,-8.080918,0.12456747144460678,0.9753694534301758,0.6854679584503174
YLR175W,YOR195W,0,-8.084858,0.12452830374240875,0.9753694534301758,0.6857143044471741
YJR046W,YPR125W,0,-8.08801,0.12448915094137192,0.9753694534301758,0.685960590839386
YOL158C,YMR172W,0,-8.090033,0.12445002794265747,0.9753694534301758,0.6862068772315979
YOL151W,YOL044W,0,-8.0921335,0.12441093474626541,0.9753694534301758,0.6864532232284546
YKL205W,YIL110W,0,-8.09671,0.12437185645103455,0.9753694534301758,0.6866995096206665
YPL140C,YGR214W,0,-8.096918,0.12433280795812607,0.9753694534301758,0.6869457960128784
YIR004W,YJL141C,0,-8.096948,0.12429378181695938,0.9753694534301758,0.6871921420097351
YFL060C,YPR041W,0,-8.098275,0.12425478547811508,0.9753694534301758,0.687438428401947
YPL029W,YMR241W,0,-8.0999775,0.12421581149101257,0.9753694534301758,0.6876847147941589
YKL062W,YML010W,0,-8.1009865,0.12417685985565186,0.9753694534301758,0.6879310607910156
YNL020C,YLR384C,0,-8.101026,0.12413793057203293,0.9753694534301758,0.6881773471832275
YBR036C,YOL144W,0,-8.101838,0.12409903109073639,0.9753694534301758,0.6884236335754395
YOR048C,YJR103W,0,-8.102936,0.12406015396118164,0.9753694534301758,0.6886699795722961
YLR219W,YLR136C,0,-8.10648,0.12402129918336868,0.9753694534301758,0.6889162659645081
YDL022W,YBR279W,0,-8.107204,0.12398246675729752,0.9753694534301758,0.68916255235672
YAL040C,YER125W,0,-8.107923,0.12394366413354874,0.9753694534301758,0.6894088387489319
YLR051C,YKL144C,0,-8.113822,0.12390488386154175,0.9753694534301758,0.6896551847457886
YMR006C,YDR422C,0,-8.11435,0.12386612594127655,0.9753694534301758,0.6899014711380005
YGL017W,YCL038C,0,-8.115603,0.12382739037275314,0.9753694534301758,0.6901477575302124
YNL116W,YGL055W,0,-8.116429,0.12378868460655212,0.9753694534301758,0.6903941035270691
YLR133W,YOR297C,0,-8.117031,0.1237500011920929,0.9753694534301758,0.690640389919281
YOR149C,YPL214C,0,-8.118516,0.12371134012937546,0.9753694534301758,0.6908866763114929
YLR205C,YDR292C,0,-8.119575,0.12367270141839981,0.9753694534301758,0.6911330223083496
YOR011W,YLR363C,0,-8.120174,0.12363409250974655,0.9753694534301758,0.6913793087005615
YOL023W,YJR127C,0,-8.12106,0.12359550595283508,0.9753694534301758,0.6916255950927734
YOL151W,YJL168C,0,-8.122897,0.1235569417476654,0.9753694534301758,0.6918719410896301
YPL194W,YDR087C,0,-8.124548,0.12351839989423752,0.9753694534301758,0.692118227481842
YOL082W,YDR252W,0,-8.130416,0.12347988784313202,0.9753694534301758,0.692364513874054
YMR264W,YML012W,0,-8.1310215,0.12344139814376831,0.9753694534301758,0.6926108598709106
YMR096W,YNR034W,0,-8.131744,0.12340293079614639,0.9753694534301758,0.6928571462631226
YIR013C,YHR041C,0,-8.13492,0.12336448580026627,0.9753694534301758,0.6931034326553345
YDR303C,YAL030W,0,-8.138505,0.12332606315612793,0.9753694534301758,0.6933497786521912
YNL227C,YNL054W,0,-8.139637,0.12328767031431198,0.9753694534301758,0.6935960650444031
YGL236C,YGR211W,0,-8.140314,0.12324929982423782,0.9753694534301758,0.693842351436615
YIR022W,YKL028W,0,-8.141591,0.12321095168590546,0.9753694534301758,0.6940886974334717
YDR489W,YOR187W,0,-8.141802,0.12317262589931488,0.9753694534301758,0.6943349838256836
YOR362C,YDR395W,0,-8.142119,0.12313432991504669,0.9753694534301758,0.6945812702178955
YOR002W,YJL104W,0,-8.143092,0.1230960488319397,0.9753694534301758,0.6948275566101074
YLR335W,YBL103C,0,-8.145286,0.12305779755115509,0.9753694534301758,0.6950739026069641
YBR070C,YJL101C,0,-8.151751,0.12301956862211227,0.9753694534301758,0.695320188999176
YER167W,YGL120C,0,-8.152087,0.12298136949539185,0.9753694534301758,0.6955664753913879
YCR088W,YOR117W,0,-8.152145,0.12294318526983261,0.9753694534301758,0.6958128213882446
YNL020C,YOL121C,0,-8.152304,0.12290503084659576,0.9753694534301758,0.6960591077804565
YKL062W,YMR268C,0,-8.152571,0.12286689132452011,0.9753694534301758,0.6963053941726685
YKR065C,YKR089C,0,-8.153961,0.12282878160476685,0.9753694534301758,0.6965517401695251
YLR110C,YKR057W,0,-8.160284,0.12279069423675537,0.9753694534301758,0.6967980265617371
YML073C,YBR240C,0,-8.164537,0.12275263667106628,0.9753694534301758,0.697044312953949
YLR153C,YCR047C,0,-8.164819,0.12271459400653839,0.9753694534301758,0.6972906589508057
YGR090W,YGR211W,0,-8.16612,0.12267658114433289,0.9753694534301758,0.6975369453430176
YPL040C,YKL110C,0,-8.170372,0.12263859063386917,0.9753694534301758,0.6977832317352295
YCL066W,YNL103W,0,-8.173927,0.12260062247514725,0.9753694534301758,0.6980295777320862
YGL225W,YML038C,0,-8.174464,0.12256267666816711,0.9753694534301758,0.6982758641242981
YCL039W,YPL010W,0,-8.175753,0.12252475321292877,0.9753694534301758,0.69852215051651
YLR157C,YER167W,0,-8.176562,0.12248685210943222,0.9753694534301758,0.6987684965133667
YFR008W,YDR086C,0,-8.176619,0.12244898080825806,0.9753694534301758,0.6990147829055786
YDR376W,YPL028W,0,-8.179024,0.12241113185882568,0.9753694534301758,0.6992610692977905
YNL225C,YIL114C,0,-8.182192,0.1223732978105545,0.9753694534301758,0.6995074152946472
YBR278W,YJL104W,0,-8.185301,0.12233549356460571,0.9753694534301758,0.6997537016868591
YIL004C,YDL185W,0,-8.185894,0.12229771167039871,0.9753694534301758,0.699999988079071
YDR086C,YDR395W,0,-8.190401,0.1222599595785141,0.9753694534301758,0.7002463340759277
YAL054C,YDR218C,0,-8.19785,0.12222222238779068,0.9753694534301758,0.7004926204681396
YJL178C,YIL018W,0,-8.199098,0.12218450754880905,0.9753694534301758,0.7007389068603516
YJR094C,YMR043W,0,-8.200679,0.12214682251214981,0.9753694534301758,0.7009851932525635
YER089C,YGR169C,0,-8.201348,0.12210915982723236,0.9753694534301758,0.7012315392494202
YMR100W,YGR132C,0,-8.20208,0.1220715194940567,0.9753694534301758,0.7014778256416321
YGL187C,YDL225W,0,-8.205217,0.12203390151262283,0.9753694534301758,0.701724112033844
YGL129C,YIL017C,0,-8.208179,0.12199630588293076,0.9753694534301758,0.7019704580307007
YPR167C,YPL029W,0,-8.208206,0.12195873260498047,0.9753694534301758,0.7022167444229126
YCR071C,YDR148C,0,-8.21256,0.12192118167877197,0.9753694534301758,0.7024630308151245
YLR160C,YGL206C,0,-8.215531,0.12188365310430527,0.9753694534301758,0.7027093768119812
YGR216C,YGR244C,0,-8.21596,0.12184615433216095,0.9753694534301758,0.7029556632041931
YDR363W,YLR051C,0,-8.219177,0.12180867791175842,0.9753694534301758,0.703201949596405
YDL232W,YBR296C,0,-8.2204275,0.12177121639251709,0.9753694534301758,0.7034482955932617
YMR164C,YER089C,0,-8.222664,0.12173378467559814,0.9753694534301758,0.7036945819854736
YOL021C,YBR077C,0,-8.224002,0.12169637531042099,0.9753694534301758,0.7039408683776855
YAL020C,YJL145W,0,-8.226514,0.12165898829698563,0.9753694534301758,0.7041872143745422
YGL240W,YJL080C,1,-8.228643,0.12192874401807785,0.9778324961662292,0.7041872143745422
YOL068C,YPL152W,0,-8.23133,0.1218913123011589,0.9778324961662292,0.7044335007667542
YNL220W,YHR036W,0,-8.232189,0.12185389548540115,0.9778324961662292,0.7046797871589661
YNL280C,YGL201C,0,-8.233686,0.12181650847196579,0.9778324961662292,0.7049261331558228
YOL068C,YOR298W,0,-8.234095,0.12177914381027222,0.9778324961662292,0.7051724195480347
YKR076W,YNL264C,0,-8.235101,0.12174179404973984,0.9778324961662292,0.7054187059402466
YGR231C,YAL030W,0,-8.235478,0.12170447409152985,0.9778324961662292,0.7056650519371033
YDR182W,YHR041C,0,-8.236477,0.12166717648506165,0.9778324961662292,0.7059113383293152
YBR296C,YML061C,0,-8.237399,0.12162990123033524,0.9778324961662292,0.7061576247215271
YJL080C,YHR014W,1,-8.243592,0.12189892679452896,0.9802955389022827,0.7061576247215271
YOL101C,YGL236C,0,-8.244126,0.12186160683631897,0.9802955389022827,0.706403911113739
YJR083C,YPR041W,0,-8.25197,0.12182430177927017,0.9802955389022827,0.7066502571105957
YOR274W,YOR098C,0,-8.253176,0.12178702652454376,0.9802955389022827,0.7068965435028076
YOL082W,YCL017C,0,-8.254001,0.12174977362155914,0.9802955389022827,0.7071428298950195
YBL020W,YEL013W,0,-8.2631855,0.12171253561973572,0.9802955389022827,0.7073891758918762
YBR145W,YPL076W,0,-8.264739,0.12167532742023468,0.9802955389022827,0.7076354622840881
YKR036C,YOR187W,0,-8.271551,0.12163814157247543,0.9802955389022827,0.7078817486763
YPL010W,YNL333W,0,-8.272253,0.12160097807645798,0.9802955389022827,0.7081280946731567
YNL031C,YBR169C,0,-8.272442,0.12156383693218231,0.9802955389022827,0.7083743810653687
YMR037C,YER120W,0,-8.278873,0.12152671813964844,0.9802955389022827,0.7086206674575806
YJL101C,YAL017W,0,-8.2791195,0.12148962169885635,0.9802955389022827,0.7088670134544373
YFL029C,YOL044W,0,-8.284673,0.12145254760980606,0.9802955389022827,0.7091132998466492
YGL129C,YLR316C,0,-8.28471,0.12141549587249756,0.9802955389022827,0.7093595862388611
YOL100W,YJL139C,0,-8.28751,0.12137846648693085,0.9802955389022827,0.7096059322357178
YFL029C,YAR002W,0,-8.29209,0.12134146690368652,0.9802955389022827,0.7098522186279297
YNL275W,YOL031C,0,-8.292099,0.1213044822216034,0.9802955389022827,0.7100985050201416
YKR039W,YLR263W,0,-8.294359,0.12126751989126205,0.9802955389022827,0.7103448510169983
YOR232W,YGL055W,0,-8.295163,0.1212305799126625,0.9802955389022827,0.7105911374092102
YBR077C,YHR048W,0,-8.297463,0.12119366973638535,0.9802955389022827,0.7108374238014221
YFL039C,YIL009C-A,0,-8.297934,0.12115677446126938,0.9802955389022827,0.7110837697982788
YBR185C,YPL089C,0,-8.2985525,0.1211199015378952,0.9802955389022827,0.7113300561904907
YNL288W,YNL071W,0,-8.303561,0.12108305096626282,0.9802955389022827,0.7115763425827026
YNL259C,YHR206W,0,-8.30963,0.12104623019695282,0.9802955389022827,0.7118226885795593
YHR042W,YMR006C,0,-8.310874,0.12100942432880402,0.9802955389022827,0.7120689749717712
YLR205C,YDR175C,0,-8.311003,0.120972640812397,0.9802955389022827,0.7123152613639832
YDR236C,YDR055W,0,-8.312044,0.12093588709831238,0.9802955389022827,0.7125615477561951
YJL146W,YNR034W,0,-8.314476,0.12089914828538895,0.9802955389022827,0.7128078937530518
YDR292C,YJR019C,0,-8.316993,0.1208624318242073,0.9802955389022827,0.7130541801452637
YJL001W,YGL070C,0,-8.320764,0.12082574516534805,0.9802955389022827,0.7133004665374756
YOL012C,YPR187W,0,-8.320857,0.12078907340765,0.9802955389022827,0.7135468125343323
YDL166C,YER003C,0,-8.321508,0.12075242400169373,0.9802955389022827,0.7137930989265442
YJL047C,YNR034W,0,-8.323152,0.12071580439805984,0.9802955389022827,0.7140393853187561
YNL216W,YNL079C,0,-8.3238735,0.12067919969558716,0.9802955389022827,0.7142857313156128
YMR035W,YCR009C,0,-8.3263035,0.12064261734485626,0.9802955389022827,0.7145320177078247
YMR058W,YPL139C,0,-8.328026,0.12060605734586716,0.9802955389022827,0.7147783041000366
YJL008C,YFL059W,0,-8.332403,0.12056952714920044,0.9802955389022827,0.7150246500968933
YDR361C,YDL106C,0,-8.33608,0.12053301185369492,0.9802955389022827,0.7152709364891052
YDR213W,YPL239W,0,-8.33696,0.12049651890993118,0.9802955389022827,0.7155172228813171
YJL058C,YNL149C,0,-8.340382,0.12046004831790924,0.9802955389022827,0.7157635688781738
YIL008W,YIL017C,0,-8.346055,0.12042360007762909,0.9802955389022827,0.7160098552703857
YGR169C,YHL024W,0,-8.346966,0.12038717418909073,0.9802955389022827,0.7162561416625977
YKL146W,YNL216W,0,-8.348394,0.12035077065229416,0.9802955389022827,0.7165024876594543
YHR056C,YLR372W,0,-8.35046,0.12031438946723938,0.9802955389022827,0.7167487740516663
YPR190C,YHR181W,0,-8.352072,0.12027803063392639,0.9802955389022827,0.7169950604438782
YPR190C,YPR139C,0,-8.355082,0.1202416941523552,0.9802955389022827,0.7172414064407349
YPL089C,YHR205W,0,-8.355353,0.12020537257194519,0.9802955389022827,0.7174876928329468
YIL114C,YBR030W,0,-8.358419,0.12016908079385757,0.9802955389022827,0.7177339792251587
YMR164C,YJR045C,0,-8.360039,0.12013281136751175,0.9802955389022827,0.7179803252220154
YJR040W,YJL100W,0,-8.360119,0.12009655684232712,0.9802955389022827,0.7182266116142273
YMR153W,YOR356W,0,-8.360794,0.12006033211946487,0.9802955389022827,0.7184728980064392
YML086C,YAR002W,0,-8.361052,0.12002412229776382,0.9802955389022827,0.7187191843986511
YKL208W,YHR206W,0,-8.363162,0.11998794227838516,0.9802955389022827,0.7189655303955078
YNL103W,YNL248C,0,-8.363863,0.1199517771601677,0.9802955389022827,0.7192118167877197
YOL038W,YHR070W,0,-8.364843,0.11991563439369202,0.9802955389022827,0.7194581031799316
YHR183W,YBR030W,0,-8.366842,0.11987952142953873,0.9802955389022827,0.7197044491767883
YNL103W,YNL149C,0,-8.368565,0.11984342336654663,0.9802955389022827,0.7199507355690002
YJL210W,YPL151C,0,-8.370381,0.11980734765529633,0.9802955389022827,0.7201970219612122
YMR135C,YNL149C,0,-8.372248,0.11977129429578781,0.9802955389022827,0.7204433679580688
YPL227C,YNL292W,0,-8.377384,0.11973525583744049,0.9802955389022827,0.7206896543502808
YNL259C,YLR316C,0,-8.37743,0.11969924718141556,0.9802955389022827,0.7209359407424927
YMR312W,YJR103W,0,-8.380402,0.11966326087713242,0.9802955389022827,0.7211822867393494
YPR121W,YGL225W,0,-8.383542,0.11962728947401047,0.9802955389022827,0.7214285731315613
YOR011W,YML012W,0,-8.384031,0.11959134787321091,0.9802955389022827,0.7216748595237732
YMR006C,YLR119W,0,-8.387444,0.11955542117357254,0.9802955389022827,0.7219212055206299
YOR353C,YMR053C,0,-8.3898945,0.11951951682567596,0.9802955389022827,0.7221674919128418
YOR388C,YKR046C,0,-8.390841,0.11948363482952118,0.9802955389022827,0.7224137783050537
YGR158C,YBR170C,0,-8.39536,0.11944778263568878,0.9802955389022827,0.7226601243019104
YPR154W,YPL016W,0,-8.396765,0.11941193789243698,0.9802955389022827,0.7229064106941223
YLR304C,YNL078W,0,-8.3980465,0.11937612295150757,0.9802955389022827,0.7231526970863342
YKL189W,YJR102C,0,-8.398695,0.11934033036231995,0.9802955389022827,0.7233990430831909
YER026C,YOR221C,0,-8.401815,0.11930455267429352,0.9802955389022827,0.7236453294754028
YML036W,YNL209W,0,-8.403006,0.11926880478858948,0.9802955389022827,0.7238916158676147
YJL063C,YNR034W,0,-8.405922,0.11923307180404663,0.9802955389022827,0.7241379022598267
YOL158C,YKL144C,0,-8.408479,0.11919736117124557,0.9802955389022827,0.7243842482566833
YDR017C,YJL010C,0,-8.410542,0.1191616803407669,0.9802955389022827,0.7246305346488953
YNL216W,YJR127C,0,-8.413867,0.11912600696086884,0.9802955389022827,0.7248768210411072
YBL022C,YHR143W-A,0,-8.413966,0.11909036338329315,0.9802955389022827,0.7251231670379639
YPR165W,YNL054W,0,-8.416453,0.11905474215745926,0.9802955389022827,0.7253694534301758
YNL149C,YDR190C,0,-8.425388,0.11901913583278656,0.9802955389022827,0.7256157398223877
YCR094W,YNL156C,0,-8.426266,0.11898355931043625,0.9802955389022827,0.7258620858192444
YOL144W,YOL138C,0,-8.426857,0.11894799768924713,0.9802955389022827,0.7261083722114563
YJR022W,YBR267W,0,-8.426875,0.1189124584197998,0.9802955389022827,0.7263546586036682
YAL038W,YJL087C,0,-8.431378,0.11887694150209427,0.9802955389022827,0.7266010046005249
YCR034W,YPL140C,0,-8.432377,0.11884144693613052,0.9802955389022827,0.7268472909927368
YDL108W,YPL057C,0,-8.433645,0.11880596727132797,0.9802955389022827,0.7270935773849487
YLR051C,YJL011C,0,-8.434807,0.11877051740884781,0.9802955389022827,0.7273399233818054
YER159C,YJL093C,0,-8.438777,0.11873508244752884,0.9802955389022827,0.7275862097740173
YDL160C,YGR211W,0,-8.439541,0.11869966983795166,0.9802955389022827,0.7278324961662292
YIL153W,YKR059W,0,-8.444078,0.11866427958011627,0.9802955389022827,0.7280788421630859
YGR231C,YMR239C,0,-8.444375,0.11862891167402267,0.9802955389022827,0.7283251285552979
YMR153W,YNL216W,0,-8.45312,0.11859356611967087,0.9802955389022827,0.7285714149475098
YHR190W,YDR450W,0,-8.454342,0.11855823546648026,0.9802955389022827,0.7288177609443665
YHR194W,YKR089C,0,-8.460304,0.11852292716503143,0.9802955389022827,0.7290640473365784
YBR297W,YOR148C,0,-8.463576,0.118487648665905,0.9802955389022827,0.7293103337287903
YBR087W,YGR063C,1,-8.465017,0.11874999850988388,0.982758641242981,0.7293103337287903
YPL132W,YDR147W,0,-8.466473,0.11871466785669327,0.982758641242981,0.729556679725647
YNL225C,YBR267W,0,-8.467263,0.11867935955524445,0.982758641242981,0.7298029661178589
YOR150W,YJL093C,0,-8.467506,0.11864406615495682,0.982758641242981,0.7300492525100708
YER026C,YDR422C,0,-8.467561,0.11860880255699158,0.982758641242981,0.7302955389022827
YOL139C,YIL010W,0,-8.46814,0.11857355386018753,0.982758641242981,0.7305418848991394
YPL227C,YKL062W,0,-8.469637,0.11853832751512527,0.982758641242981,0.7307881712913513
YJR125C,YDR489W,0,-8.470926,0.11850311607122421,0.982758641242981,0.7310344576835632
YMR268C,YGR211W,0,-8.488718,0.11846793442964554,0.982758641242981,0.7312808036804199
YCR037C,YBR117C,0,-8.493104,0.11843276768922806,0.982758641242981,0.7315270900726318
YAL023C,YDR292C,0,-8.493824,0.11839762330055237,0.982758641242981,0.7317733764648438
YLL050C,YHR041C,0,-8.498516,0.11836250126361847,0.982758641242981,0.7320197224617004
YMR312W,YDL185W,0,-8.503015,0.11832740157842636,0.982758641242981,0.7322660088539124
YML130C,YPL089C,0,-8.503398,0.11829232424497604,0.982758641242981,0.7325122952461243
YBR145W,YOR257W,0,-8.504203,0.11825726181268692,0.982758641242981,0.732758641242981
YAL023C,YPR121W,0,-8.510252,0.11822222173213959,0.982758641242981,0.7330049276351929
YGR040W,YAL023C,0,-8.51038,0.11818720400333405,0.982758641242981,0.7332512140274048
YDR511W,YPR187W,0,-8.512897,0.1181522086262703,0.982758641242981,0.7334975600242615
YHR205W,YBR069C,0,-8.513358,0.11811722815036774,0.982758641242981,0.7337438464164734
YKL053C-A,YKR059W,0,-8.513823,0.11808227002620697,0.982758641242981,0.7339901328086853
YDR052C,YBR079C,0,-8.514326,0.118047334253788,0.982758641242981,0.734236478805542
YOL139C,YNL197C,0,-8.515009,0.11801242083311081,0.982758641242981,0.7344827651977539
YPL010W,YPL026C,0,-8.515111,0.11797752976417542,0.982758641242981,0.7347290515899658
YER169W,YHR070W,0,-8.515874,0.11794265359640121,0.982758641242981,0.7349753975868225
YNL197C,YGR211W,0,-8.516226,0.1179077997803688,0.982758641242981,0.7352216839790344
YPR049C,YLR248W,0,-8.516289,0.11787296831607819,0.982758641242981,0.7354679703712463
YLR039C,YDL150W,0,-8.521259,0.11783815920352936,0.982758641242981,0.7357142567634583
YGR216C,YBR182C,0,-8.522419,0.11780336499214172,0.982758641242981,0.7359606027603149
YNL116W,YDR339C,0,-8.52343,0.11776859313249588,0.982758641242981,0.7362068891525269
YBR296C,YOR048C,0,-8.524712,0.11773384362459183,0.982758641242981,0.7364531755447388
YDR432W,YLR141W,0,-8.529607,0.11769911646842957,0.982758641242981,0.7366995215415955
YPL187W,YGL225W,0,-8.529956,0.1176644042134285,0.982758641242981,0.7369458079338074
YBL002W,YGL252C,0,-8.532639,0.11762971431016922,0.982758641242981,0.7371920943260193
YMR095C,YCL032W,0,-8.534531,0.11759504675865173,0.982758641242981,0.737438440322876
YJL210W,YOR356W,0,-8.536766,0.11756040155887604,0.982758641242981,0.7376847267150879
YGR244C,YGL236C,0,-8.536885,0.11752577126026154,0.982758641242981,0.7379310131072998
YIL062C,YOR149C,0,-8.538931,0.11749116331338882,0.982758641242981,0.7381773591041565
YNL053W,YBR079C,0,-8.541207,0.1174565777182579,0.982758641242981,0.7384236454963684
YDR273W,YMR079W,0,-8.54351,0.11742201447486877,0.982758641242981,0.7386699318885803
YDR178W,YJL139C,0,-8.547944,0.11738746613264084,0.982758641242981,0.738916277885437
YPR055W,YHR041C,0,-8.548074,0.1173529401421547,0.982758641242981,0.7391625642776489
YPR055W,YKL034W,0,-8.548226,0.11731843650341034,0.982758641242981,0.7394088506698608
YDR361C,YJR017C,0,-8.548715,0.11728394776582718,0.982758641242981,0.7396551966667175
YNL280C,YPL026C,0,-8.552343,0.1172494888305664,0.982758641242981,0.7399014830589294
YIR022W,YIL135C,0,-8.561243,0.11721504479646683,0.982758641242981,0.7401477694511414
YLL050C,YOR231W,0,-8.566807,0.11718061566352844,0.982758641242981,0.740394115447998
YKL192C,YCL017C,0,-8.567683,0.11714620888233185,0.982758641242981,0.74064040184021
YBR080C,YKR079C,0,-8.567972,0.11711183190345764,0.982758641242981,0.7408866882324219
YLR133W,YDL166C,0,-8.569626,0.11707746237516403,0.982758641242981,0.7411330342292786
YML006C,YGR211W,0,-8.571077,0.11704312264919281,0.982758641242981,0.7413793206214905
YPL240C,YJL034W,0,-8.571797,0.11700879782438278,0.982758641242981,0.7416256070137024
YJL178C,YDR178W,0,-8.571805,0.11697449535131454,0.982758641242981,0.7418718934059143
YGR261C,YOR078W,0,-8.580159,0.1169402077794075,0.982758641242981,0.742118239402771
YAL044C,YER123W,0,-8.58544,0.11690595000982285,0.982758641242981,0.7423645257949829
YGR204W,YLR403W,0,-8.586311,0.11687170714139938,0.982758641242981,0.7426108121871948
YJL008C,YPL214C,0,-8.593895,0.11683747917413712,0.982758641242981,0.7428571581840515
YGR132C,YNL333W,0,-8.59396,0.11680328100919724,0.982758641242981,0.7431034445762634
YNL259C,YLR286C,0,-8.594786,0.11676909774541855,0.982758641242981,0.7433497309684753
YOR078W,YAR002W,0,-8.595703,0.11673492938280106,0.982758641242981,0.743596076965332
YDL116W,YPL019C,0,-8.597561,0.11670079082250595,0.982758641242981,0.743842363357544
YDR361C,YHR205W,0,-8.604201,0.11666666716337204,0.982758641242981,0.7440886497497559
YDL181W,YMR036C,0,-8.607407,0.11663256585597992,0.982758641242981,0.7443349957466125
YHL048W,YPR125W,0,-8.608517,0.11659847944974899,0.982758641242981,0.7445812821388245
YDR188W,YLR405W,0,-8.609429,0.11656441539525986,0.982758641242981,0.7448275685310364
YNR058W,YJL117W,0,-8.609464,0.11653037369251251,0.982758641242981,0.7450739145278931
YAL022C,YOL123W,0,-8.609813,0.11649634689092636,0.982758641242981,0.745320200920105
YLR160C,YOR329C,0,-8.610167,0.1164623498916626,0.982758641242981,0.7455664873123169
YDR182W,YPL240C,0,-8.613923,0.11642836034297943,0.982758641242981,0.7458128333091736
YMR035W,YDL232W,0,-8.621717,0.11639440059661865,0.982758641242981,0.7460591197013855
YPL194W,YNL145W,0,-8.62225,0.11636045575141907,0.982758641242981,0.7463054060935974
YHR067W,YOL101C,0,-8.626321,0.11632653325796127,0.982758641242981,0.7465517520904541
YHL024W,YKL028W,0,-8.630396,0.11629262566566467,0.982758641242981,0.746798038482666
YML012W,YKL144C,0,-8.63041,0.11625874042510986,0.982758641242981,0.7470443248748779
YER025W,YPL033C,0,-8.634479,0.11622487753629684,0.982758641242981,0.7472906112670898
YIL062C,YOL031C,0,-8.644605,0.11619102954864502,0.982758641242981,0.7475369572639465
YDL004W,YDR273W,0,-8.646734,0.11615720391273499,0.982758641242981,0.7477832436561584
YDR377W,YER159C,0,-8.649992,0.11612340062856674,0.982758641242981,0.7480295300483704
YJL157C,YIL042C,0,-8.650401,0.11608961224555969,0.982758641242981,0.748275876045227
YJL207C,YBR296C,0,-8.6518345,0.11605584621429443,0.982758641242981,0.748522162437439
YOR098C,YLR372W,0,-8.653564,0.11602210253477097,0.982758641242981,0.7487684488296509
YPL028W,YGL252C,0,-8.657696,0.11598837375640869,0.982758641242981,0.7490147948265076
YLR157C,YOR076C,0,-8.6580105,0.11595466732978821,0.982758641242981,0.7492610812187195
YCR034W,YFL016C,0,-8.660219,0.11592097580432892,0.982758641242981,0.7495073676109314
YDR292C,YHR181W,0,-8.660564,0.11588730663061142,0.982758641242981,0.7497537136077881
YEL062W,YNL066W,0,-8.661925,0.11585365980863571,0.982758641242981,0.75
YGR261C,YLR219W,0,-8.662724,0.1158200278878212,0.982758641242981,0.7502462863922119
YFL059W,YLR447C,0,-8.662834,0.11578641831874847,0.982758641242981,0.7504926323890686
YER025W,YFR002W,0,-8.663101,0.11575283110141754,0.982758641242981,0.7507389187812805
YLR056W,YMR167W,0,-8.663209,0.1157192587852478,0.982758641242981,0.7509852051734924
YIL149C,YOR201C,0,-8.667256,0.11568570882081985,0.982758641242981,0.7512315511703491
YDL042C,YOR344C,0,-8.671961,0.1156521737575531,0.982758641242981,0.751477837562561
YIL062C,YDR317W,0,-8.676413,0.11561866104602814,0.982758641242981,0.751724123954773
YNL156C,YAL009W,0,-8.677701,0.11558517068624496,0.982758641242981,0.7519704699516296
YPR049C,YDR120C,0,-8.681056,0.11555169522762299,0.982758641242981,0.7522167563438416
YBR114W,YBL020W,0,-8.681345,0.1155182421207428,0.982758641242981,0.7524630427360535
YMR014W,YLR405W,0,-8.68261,0.1154848039150238,0.982758641242981,0.7527093887329102
YOR002W,YIL114C,0,-8.683794,0.1154513880610466,0.982758641242981,0.7529556751251221
YCR034W,YLR195C,0,-8.6838255,0.11541799455881119,0.982758641242981,0.753201961517334
YCR028C-A,YGL232W,0,-8.686274,0.11538461595773697,0.982758641242981,0.7534482479095459
YOR048C,YOR137C,0,-8.687015,0.11535125970840454,0.982758641242981,0.7536945939064026
YNR059W,YGL129C,0,-8.688736,0.1153179183602333,0.982758641242981,0.7539408802986145
YNL009W,YMR035W,0,-8.693862,0.11528459936380386,0.982758641242981,0.7541871666908264
YPR134W,YIL080W,0,-8.694517,0.11525130271911621,0.982758641242981,0.7544335126876831
YDR361C,YNL251C,0,-8.69474,0.11521802097558975,0.982758641242981,0.754679799079895
YBL002W,YDR490C,0,-8.695811,0.11518475413322449,0.982758641242981,0.7549260854721069
YJL115W,YGR214W,0,-8.696278,0.11515151709318161,0.982758641242981,0.7551724314689636
YDL166C,YPR155C,0,-8.696836,0.11511829495429993,0.982758641242981,0.7554187178611755
YHR194W,YOR116C,0,-8.697189,0.11508508771657944,0.982758641242981,0.7556650042533875
YAL041W,YIL007C,0,-8.700753,0.11505190283060074,0.982758641242981,0.7559113502502441
YDR101C,YLR346C,0,-8.701931,0.11501874029636383,0.982758641242981,0.756157636642456
YKL205W,YGR172C,0,-8.706054,0.11498559266328812,0.982758641242981,0.756403923034668
YBR145W,YJL104W,0,-8.707727,0.1149524599313736,0.982758641242981,0.7566502690315247
YGR134W,YIL101C,0,-8.7102165,0.11491935700178146,0.982758641242981,0.7568965554237366
YNL288W,YDR453C,0,-8.712595,0.11488626897335052,0.982758641242981,0.7571428418159485
YBL002W,YGL030W,0,-8.712781,0.11485319584608078,0.982758641242981,0.7573891878128052
YHR166C,YGR063C,1,-8.716579,0.11510791629552841,0.9852216839790344,0.7573891878128052
YCR071C,YDR178W,0,-8.716894,0.11507479846477509,0.9852216839790344,0.7576354742050171
YGR257C,YDL232W,0,-8.717153,0.11504170298576355,0.9852216839790344,0.757881760597229
YBR278W,YBR069C,0,-8.717705,0.11500862240791321,0.9852216839790344,0.7581281065940857
YJR153W,YMR175W,0,-8.717896,0.11497556418180466,0.9852216839790344,0.7583743929862976
YER104W,YMR095C,0,-8.71882,0.1149425283074379,0.9852216839790344,0.7586206793785095
YBR087W,YJL080C,1,-8.7209635,0.11519677937030792,0.9876847267150879,0.7586206793785095
YPR020W,YNL262W,0,-8.721365,0.11516369879245758,0.9876847267150879,0.7588669657707214
YMR096W,YIL101C,0,-8.722664,0.11513063311576843,0.9876847267150879,0.7591133117675781
YNL333W,YGR221C,0,-8.724966,0.11509758979082108,0.9876847267150879,0.75935959815979
YLR067C,YJR127C,0,-8.727313,0.11506456136703491,0.9876847267150879,0.759605884552002
YGR248W,YIL017C,0,-8.72813,0.11503155529499054,0.9876847267150879,0.7598522305488586
YJL115W,YIL119C,0,-8.731348,0.11499856412410736,0.9876847267150879,0.7600985169410706
YPR165W,YML105C,0,-8.732234,0.11496559530496597,0.9876847267150879,0.7603448033332825
YNL156C,YLL036C,0,-8.737839,0.11493264883756638,0.9876847267150879,0.7605911493301392
YMR058W,YCR028C-A,0,-8.739418,0.11489970982074738,0.9876847267150879,0.7608374357223511
YGR261C,YIL018W,0,-8.74044,0.11486680060625076,0.9876847267150879,0.761083722114563
YOR116C,YDR103W,0,-8.742576,0.11483390629291534,0.9876847267150879,0.7613300681114197
YDR148C,YJL141C,0,-8.743282,0.11480103433132172,0.9876847267150879,0.7615763545036316
YDR110W,YPL026C,0,-8.745718,0.11476817727088928,0.9876847267150879,0.7618226408958435
YPR134W,YIL007C,0,-8.749045,0.11473533511161804,0.9876847267150879,0.7620689868927002
YGL006W,YMR302C,0,-8.749064,0.11470251530408859,0.9876847267150879,0.7623152732849121
YLR205C,YPR165W,0,-8.754163,0.11466971784830093,0.9876847267150879,0.762561559677124
YNR058W,YCL043C,0,-8.755689,0.11463693529367447,0.9876847267150879,0.7628079056739807
YGR214W,YPL033C,0,-8.756564,0.1146041750907898,0.9876847267150879,0.7630541920661926
YNL280C,YBR080C,0,-8.759009,0.11457142978906631,0.9876847267150879,0.7633004784584045
YPL076W,YER089C,0,-8.769928,0.11453870683908463,0.9876847267150879,0.7635468244552612
YNL177C,YIL007C,0,-8.772059,0.11450599879026413,0.9876847267150879,0.7637931108474731
YNL111C,YLR080W,0,-8.7743225,0.11447330564260483,0.9876847267150879,0.7640393972396851
YOR221C,YPL057C,0,-8.776622,0.11444064229726791,0.9876847267150879,0.7642857432365417
YMR264W,YDR206W,0,-8.779758,0.1144079864025116,0.9876847267150879,0.7645320296287537
YGR030C,YPL010W,0,-8.780978,0.11437535285949707,0.9876847267150879,0.7647783160209656
YAL009W,YAR035W,0,-8.783178,0.11434274166822433,0.9876847267150879,0.7650246024131775
YMR014W,YBR297W,0,-8.7836685,0.11431014537811279,0.9876847267150879,0.7652709484100342
YLR183C,YKL034W,0,-8.785045,0.11427757143974304,0.9876847267150879,0.7655172348022461
YML110C,YPL019C,0,-8.789913,0.11424501240253448,0.9876847267150879,0.765763521194458
YDL116W,YLR136C,0,-8.790705,0.11421247571706772,0.9876847267150879,0.7660098671913147
YAL054C,YJL133W,0,-8.791227,0.11417995393276215,0.9876847267150879,0.7662561535835266
YFL057C,YDR211W,0,-8.792057,0.11414745450019836,0.9876847267150879,0.7665024399757385
YCR039C,YPL274W,0,-8.796331,0.11411496996879578,0.9876847267150879,0.7667487859725952
YNR054C,YKR007W,0,-8.798319,0.11408250033855438,0.9876847267150879,0.7669950723648071
YHL048W,YPL057C,0,-8.798904,0.11405006051063538,0.9876847267150879,0.767241358757019
YOR201C,YOR353C,0,-8.799121,0.11401762813329697,0.9876847267150879,0.7674877047538757
YDL004W,YLR056W,0,-8.802928,0.11398521810770035,0.9876847267150879,0.7677339911460876
YKR065C,YPL214C,0,-8.807461,0.11395283043384552,0.9876847267150879,0.7679802775382996
YAL003W,YGL173C,0,-8.807495,0.11392045766115189,0.9876847267150879,0.7682266235351562
YBR234C,YML004C,0,-8.81242,0.11388809978961945,0.9876847267150879,0.7684729099273682
YPR034W,YHR174W,0,-8.817055,0.1138557642698288,0.9876847267150879,0.7687191963195801
YDL150W,YDL212W,0,-8.818918,0.11382344365119934,0.9876847267150879,0.7689655423164368
YCR107W,YDR083W,0,-8.819698,0.11379114538431168,0.9876847267150879,0.7692118287086487
YGL173C,YGR169C,0,-8.821977,0.1137588620185852,0.9876847267150879,0.7694581151008606
YHR089C,YOR098C,0,-8.829767,0.11372660100460052,0.9876847267150879,0.7697044610977173
YOR201C,YBL064C,0,-8.8308525,0.11369435489177704,0.9876847267150879,0.7699507474899292
YPL059W,YJL109C,0,-8.83107,0.11366213113069534,0.9876847267150879,0.7701970338821411
YAL038W,YDR081C,0,-8.836857,0.11362992227077484,0.9876847267150879,0.770443320274353
YNL156C,YCR009C,0,-8.837638,0.11359773576259613,0.9876847267150879,0.7706896662712097
YOR011W,YOL038W,0,-8.838062,0.11356556415557861,0.9876847267150879,0.7709359526634216
YJL034W,YEL031W,0,-8.840258,0.11353340744972229,0.9876847267150879,0.7711822390556335
YHR077C,YMR149W,0,-8.843254,0.11350127309560776,0.9876847267150879,0.7714285850524902
YHR190W,YMR139W,0,-8.8441515,0.11346915364265442,0.9876847267150879,0.7716748714447021
YKR076W,YJR022W,0,-8.849102,0.11343705654144287,0.9876847267150879,0.7719211578369141
YBL064C,YIL080W,0,-8.850436,0.11340497434139252,0.9876847267150879,0.7721675038337708
YML012W,YOR117W,0,-8.850526,0.11337291449308395,0.9876847267150879,0.7724137902259827
YDL232W,YBR117C,0,-8.851398,0.11334086954593658,0.9876847267150879,0.7726600766181946
YNL119W,YDL194W,0,-8.852276,0.113308846950531,0.9876847267150879,0.7729064226150513
YOR156C,YJL080C,1,-8.8530245,0.11355932056903839,0.9901477694511414,0.7729064226150513
YJL080C,YGR063C,1,-8.857817,0.11380966007709503,0.9926108121871948,0.7729064226150513
YOL082W,YDL116W,0,-8.861158,0.1137775257229805,0.9926108121871948,0.7731527090072632
YIL128W,YFR051C,0,-8.863038,0.11374541372060776,0.9926108121871948,0.7733989953994751
YGR286C,YKR014C,0,-8.863343,0.11371331661939621,0.9926108121871948,0.7736453413963318
YDR017C,YDL108W,0,-8.864661,0.11368124186992645,0.9926108121871948,0.7738916277885437
YLR372W,YBR173C,0,-8.867905,0.11364918202161789,0.9926108121871948,0.7741379141807556
YOR122C,YGL127C,0,-8.868572,0.11361714452505112,0.9926108121871948,0.7743842601776123
YIL110W,YER089C,0,-8.870725,0.11358512192964554,0.9926108121871948,0.7746305465698242
YKR036C,YPR140W,0,-8.88022,0.11355311423540115,0.9926108121871948,0.7748768329620361
YNL030W,YIL018W,0,-8.881807,0.11352112889289856,0.9926108121871948,0.7751231789588928
YCR071C,YCL017C,0,-8.888759,0.11348915845155716,0.9926108121871948,0.7753694653511047
YBL002W,YJR153W,0,-8.890171,0.11345721036195755,0.9926108121871948,0.7756157517433167
YEL056W,YHL024W,0,-8.893371,0.11342527717351913,0.9926108121871948,0.7758620977401733
YOR178C,YJL133W,0,-8.89928,0.11339335888624191,0.9926108121871948,0.7761083841323853
YMR137C,YBR118W,0,-8.8996525,0.11336146295070648,0.9926108121871948,0.7763546705245972
YDL197C,YPL037C,0,-8.905775,0.11332958191633224,0.9926108121871948,0.7766009569168091
YIR022W,YMR096W,0,-8.913082,0.1132977232336998,0.9926108121871948,0.7768473029136658
YDR211W,YMR284W,0,-8.915775,0.11326587945222855,0.9926108121871948,0.7770935893058777
YDR273W,YNL209W,0,-8.9170265,0.11323405802249908,0.9926108121871948,0.7773398756980896
YNL156C,YNL163C,0,-8.929878,0.11320224404335022,0.9926108121871948,0.7775862216949463
YPL248C,YNL156C,0,-8.936935,0.11317045986652374,0.9926108121871948,0.7778325080871582
YPL051W,YGR211W,0,-8.942134,0.11313868314027786,0.9926108121871948,0.7780787944793701
YPL187W,YBR118W,0,-8.942665,0.11310692876577377,0.9926108121871948,0.7783251404762268
YLR088W,YJR019C,0,-8.945318,0.11307519674301147,0.9926108121871948,0.7785714268684387
YML004C,YAL017W,0,-8.949166,0.11304347962141037,0.9926108121871948,0.7788177132606506
YPR020W,YDR473C,0,-8.949257,0.11301177740097046,0.9926108121871948,0.7790640592575073
YJR127C,YIR022W,0,-8.950636,0.11298009753227234,0.9926108121871948,0.7793103456497192
YBL103C,YBR171W,0,-8.954534,0.11294843256473541,0.9926108121871948,0.7795566320419312
YIR004W,YMR145C,0,-8.963705,0.11291678249835968,0.9926108121871948,0.7798029780387878
YLR080W,YMR095C,0,-8.964839,0.11288515478372574,0.9926108121871948,0.7800492644309998
YDR480W,YBR169C,0,-8.965096,0.11285354197025299,0.9926108121871948,0.7802955508232117
YLR110C,YOL139C,0,-8.967253,0.11282195150852203,0.9926108121871948,0.7805418968200684
YJL050W,YIL167W,0,-8.967409,0.11279037594795227,0.9926108121871948,0.7807881832122803
YKR009C,YGR216C,0,-8.967876,0.1127588152885437,0.9926108121871948,0.7810344696044922
YLR286C,YGL030W,0,-8.974133,0.11272726953029633,0.9926108121871948,0.7812808156013489
YNL149C,YJR045C,0,-8.976517,0.11269574612379074,0.9926108121871948,0.7815271019935608
YJL125C,YBR114W,0,-8.976669,0.11266424506902695,0.9926108121871948,0.7817733883857727
YKL192C,YPR155C,0,-8.976793,0.11263275891542435,0.9926108121871948,0.7820196747779846
YOR011W,YGL062W,0,-8.977299,0.11260128766298294,0.9926108121871948,0.7822660207748413
YEL031W,YJR045C,0,-8.97863,0.11256983131170273,0.9926108121871948,0.7825123071670532
YDR211W,YJL010C,0,-8.984965,0.1125383973121643,0.9926108121871948,0.7827585935592651
YBR278W,YJL141C,0,-8.985912,0.11250697821378708,0.9926108121871948,0.7830049395561218
YOR257W,YNL055C,0,-8.986286,0.11247558146715164,0.9926108121871948,0.7832512259483337
YLR384C,YMR035W,0,-8.986643,0.1124441996216774,0.9926108121871948,0.7834975123405457
YOR130C,YOR329C,0,-8.989238,0.11241283267736435,0.9926108121871948,0.7837438583374023
YPL076W,YOR064C,0,-8.995197,0.1123814806342125,0.9926108121871948,0.7839901447296143
YNL227C,YPL274W,0,-8.999281,0.11235015094280243,0.9926108121871948,0.7842364311218262
YLR026C,YBR169C,0,-9.001136,0.11231884360313416,0.9926108121871948,0.7844827771186829
YDR188W,YGR030C,0,-9.00367,0.11228754371404648,0.9926108121871948,0.7847290635108948
YPL268W,YDR450W,0,-9.007416,0.11225626617670059,0.9926108121871948,0.7849753499031067
YNL288W,YMR058W,0,-9.007937,0.1122250035405159,0.9926108121871948,0.7852216958999634
YLR026C,YGR211W,0,-9.009389,0.112193763256073,0.9926108121871948,0.7854679822921753
YCL043C,YML005W,0,-9.011715,0.11216253787279129,0.9926108121871948,0.7857142686843872
YMR035W,YHR098C,0,-9.011847,0.11213132739067078,0.9926108121871948,0.7859606146812439
YJL194W,YKR009C,0,-9.015514,0.11210013926029205,0.9926108121871948,0.7862069010734558
YER169W,YGR162W,0,-9.0190735,0.11206896603107452,0.9926108121871948,0.7864531874656677
YDL074C,YGL127C,0,-9.020061,0.11203780770301819,0.9926108121871948,0.7866995334625244
YNR054C,YOR212W,0,-9.020482,0.11200667172670364,0.9926108121871948,0.7869458198547363
YPL026C,YLR183C,0,-9.02053,0.11197555065155029,0.9926108121871948,0.7871921062469482
YOR048C,YEL031W,0,-9.023048,0.11194444447755814,0.9926108121871948,0.7874384522438049
YPR006C,YOR226C,0,-9.029108,0.11191336065530777,0.9926108121871948,0.7876847386360168
YOL158C,YIL135C,0,-9.032279,0.111882284283638,0.9926108121871948,0.7879310250282288
YOL144W,YKL028W,0,-9.032982,0.11185123771429062,0.9926108121871948,0.7881773114204407
YDR213W,YMR302C,0,-9.033288,0.11182019859552383,0.9926108121871948,0.7884236574172974
YDR511W,YLR196W,0,-9.03598,0.11178918182849884,0.9926108121871948,0.7886699438095093
YPL274W,YLR410W,0,-9.042908,0.11175817996263504,0.9926108121871948,0.7889162302017212
YHR187W,YBR297W,0,-9.044444,0.11172720044851303,0.9926108121871948,0.7891625761985779
YGR103W,YDL185W,0,-9.044581,0.11169622838497162,0.9926108121871948,0.7894088625907898
YAL003W,YDL116W,0,-9.049785,0.111665278673172,0.9926108121871948,0.7896551489830017
YDL100C,YNL119W,0,-9.0516205,0.11163435131311417,0.9926108121871948,0.7899014949798584
YNL111C,YOR290C,0,-9.056945,0.11160343140363693,0.9926108121871948,0.7901477813720703
YMR137C,YNR034W,0,-9.057804,0.11157253384590149,0.9926108121871948,0.7903940677642822
YOL139C,YOL031C,0,-9.059046,0.11154165863990784,0.9926108121871948,0.7906404137611389
YNR054C,YPL089C,0,-9.068578,0.11151079088449478,0.9926108121871948,0.7908867001533508
YPR190C,YCR052W,0,-9.068778,0.11147994548082352,0.9926108121871948,0.7911329865455627
YDL112W,YDL190C,0,-9.068895,0.11144911497831345,0.9926108121871948,0.7913793325424194
YBL008W,YDR178W,0,-9.070422,0.11141829937696457,0.9926108121871948,0.7916256189346313
YFL057C,YBR283C,0,-9.071032,0.11138750612735748,0.9926108121871948,0.7918719053268433
YKR065C,YOR048C,0,-9.071428,0.11135672777891159,0.9926108121871948,0.7921182513237
YFL039C,YOR079C,0,-9.072891,0.11132596433162689,0.9926108121871948,0.7923645377159119
YBR173C,YPL239W,0,-9.078106,0.11129522323608398,0.9926108121871948,0.7926108241081238
YLR157C,YIL149C,0,-9.079099,0.11126449704170227,0.9926108121871948,0.7928571701049805
YDL232W,YNL163C,0,-9.080891,0.11123378574848175,0.9926108121871948,0.7931034564971924
YML004C,YGR257C,0,-9.0816345,0.11120308935642242,0.9926108121871948,0.7933497428894043
YLR248W,YMR149W,0,-9.083965,0.11117241531610489,0.9926108121871948,0.793596088886261
YJR091C,YDR002W,0,-9.089561,0.11114175617694855,0.9926108121871948,0.7938423752784729
YKR014C,YMR087W,0,-9.093524,0.1111111119389534,0.9926108121871948,0.7940886616706848
YPL096W,YIL101C,0,-9.096318,0.11108048260211945,0.9926108121871948,0.7943349480628967
YPL089C,YOR344C,0,-9.099028,0.11104987561702728,0.9926108121871948,0.7945812940597534
YGR177C,YGL236C,0,-9.103442,0.11101928353309631,0.9926108121871948,0.7948275804519653
YCL038C,YMR214W,0,-9.103846,0.11098870635032654,0.9926108121871948,0.7950738668441772
YML047C,YNL209W,0,-9.104174,0.11095815151929855,0.9926108121871948,0.7953202128410339
YEL056W,YMR239C,0,-9.1058445,0.11092761158943176,0.9926108121871948,0.7955664992332458
YGR134W,YKR009C,0,-9.106191,0.11089708656072617,0.9926108121871948,0.7958127856254578
YPL028W,YDR317W,0,-9.111765,0.11086657643318176,0.9926108121871948,0.7960591316223145
YLR075W,YBR081C,0,-9.112315,0.11083608120679855,0.9926108121871948,0.7963054180145264
YGL120C,YHR203C,0,-9.112572,0.11080560833215714,0.9926108121871948,0.7965517044067383
YIR013C,YGL030W,0,-9.113645,0.11077515035867691,0.9926108121871948,0.796798050403595
YKL205W,YMR224C,0,-9.114325,0.11074470728635788,0.9926108121871948,0.7970443367958069
YCR034W,YDR057W,0,-9.116356,0.11071428656578064,0.9926108121871948,0.7972906231880188
YNL177C,YJR004C,0,-9.119989,0.1106838807463646,0.9926108121871948,0.7975369691848755
YBR297W,YKL064W,0,-9.1203165,0.11065348982810974,0.9926108121871948,0.7977832555770874
YOL133W,YPL057C,0,-9.121747,0.11062311381101608,0.9926108121871948,0.7980295419692993
YML006C,YOR116C,0,-9.123028,0.11059275269508362,0.9926108121871948,0.798275887966156
YFR008W,YEL042W,0,-9.124235,0.11056241393089294,0.9926108121871948,0.7985221743583679
YHR070W,YDR027C,0,-9.12901,0.11053209006786346,0.9926108121871948,0.7987684607505798
YGR103W,YBR279W,0,-9.130795,0.11050178110599518,0.9926108121871948,0.7990148067474365
YPR020W,YPL132W,0,-9.131966,0.11047149449586868,0.9926108121871948,0.7992610931396484
YAL054C,YML036W,0,-9.134341,0.11044121533632278,0.9926108121871948,0.7995073795318604
YHR190W,YDL212W,0,-9.13512,0.11041095852851868,0.9926108121871948,0.7997536659240723
YOR100C,YNL021W,0,-9.137491,0.11038071662187576,0.9926108121871948,0.800000011920929
YIR013C,YOR063W,0,-9.144382,0.11035048961639404,0.9926108121871948,0.8002462983131409
YDR052C,YNL248C,0,-9.147441,0.11032028496265411,0.9926108121871948,0.8004925847053528
YPL132W,YLR219W,0,-9.151137,0.11029009521007538,0.9926108121871948,0.8007389307022095
YJL101C,YOR193W,0,-9.152158,0.11025992035865784,0.9926108121871948,0.8009852170944214
YPL240C,YDR303C,0,-9.152299,0.11022976040840149,0.9926108121871948,0.8012315034866333
YNL145W,YLR195C,0,-9.153279,0.11019961535930634,0.9926108121871948,0.80147784948349
YGR204W,YPL016W,0,-9.16375,0.11016949266195297,0.9926108121871948,0.8017241358757019
YOL111C,YNL156C,0,-9.166224,0.1101393848657608,0.9926108121871948,0.8019704222679138
YOR297C,YJL093C,0,-9.176315,0.11010929197072983,0.9926108121871948,0.8022167682647705
YGR286C,YLR051C,0,-9.183119,0.11007921397686005,0.9926108121871948,0.8024630546569824
YHR005C-A,YJL050W,0,-9.187717,0.11004915088415146,0.9926108121871948,0.8027093410491943
YMR164C,YIL018W,0,-9.188535,0.11001911014318466,0.9926108121871948,0.802955687046051
YPR020W,YNL225C,0,-9.189648,0.10998908430337906,0.9926108121871948,0.8032019734382629
YGR030C,YIL018W,0,-9.194908,0.10995907336473465,0.9926108121871948,0.8034482598304749
YMR241W,YPR125W,0,-9.1993885,0.10992907732725143,0.9926108121871948,0.8036946058273315
YKL205W,YCR020C-A,0,-9.201426,0.10989910364151001,0.9926108121871948,0.8039408922195435
YIL072W,YDL130W,0,-9.207176,0.10986913740634918,0.9926108121871948,0.8041871786117554
YNL094W,YDL020C,0,-9.20906,0.10983919352293015,0.9926108121871948,0.8044335246086121
YKL064W,YAL023C,0,-9.212253,0.1098092645406723,0.9926108121871948,0.804679811000824
YNL071W,YBR216C,0,-9.212289,0.10977935045957565,0.9926108121871948,0.8049260973930359
YGR261C,YNL055C,0,-9.218482,0.1097494587302208,0.9926108121871948,0.8051724433898926
YMR095C,YOR308C,0,-9.224708,0.10971957445144653,0.9926108121871948,0.8054187297821045
YOR011W,YOR174W,0,-9.226627,0.10968971252441406,0.9926108121871948,0.8056650161743164
YMR014W,YPR140W,0,-9.228447,0.10965986549854279,0.9926108121871948,0.8059113025665283
YML036W,YBR118W,0,-9.233227,0.1096300333738327,0.9926108121871948,0.806157648563385
YLR110C,YDR057W,0,-9.236713,0.10960021615028381,0.9926108121871948,0.8064039349555969
YPL057C,YJR102C,0,-9.243903,0.10957042127847672,0.9926108121871948,0.8066502213478088
YKL189W,YMR139W,0,-9.245943,0.10954063385725021,0.9926108121871948,0.8068965673446655
YER155C,YMR175W,0,-9.247176,0.1095108687877655,0.9926108121871948,0.8071428537368774
YJL011C,YPR036W,0,-9.248502,0.10948111861944199,0.9926108121871948,0.8073891401290894
YAL044C,YCR037C,0,-9.248833,0.10945138335227966,0.9926108121871948,0.807635486125946
YGR204W,YHL011C,0,-9.251277,0.10942167043685913,0.9926108121871948,0.807881772518158
YDR317W,YMR006C,0,-9.251736,0.1093919649720192,0.9926108121871948,0.8081280589103699
YLR153C,YLR133W,0,-9.255762,0.10936228185892105,0.9926108121871948,0.8083744049072266
YML074C,YHR041C,0,-9.257151,0.1093326061964035,0.9926108121871948,0.8086206912994385
YBR185C,YNR059W,0,-9.260684,0.10930295288562775,0.9926108121871948,0.8088669776916504
YHR174W,YFL049W,0,-9.2613735,0.10927332192659378,0.9926108121871948,0.8091133236885071
YML006C,YPL147W,0,-9.26264,0.10924369841814041,0.9926108121871948,0.809359610080719
YOL101C,YKL062W,0,-9.263855,0.10921408981084824,0.9926108121871948,0.8096058964729309
YCR047C,YDR206W,0,-9.266343,0.10918450355529785,0.9926108121871948,0.8098522424697876
YGR286C,YPL010W,0,-9.268315,0.10915493220090866,0.9926108121871948,0.8100985288619995
YCR052W,YGR162W,0,-9.270164,0.10912537574768066,0.9926108121871948,0.8103448152542114
YLR127C,YJL080C,1,-9.270222,0.10936654359102249,0.9950739145278931,0.8103448152542114
YDL197C,YOL064C,0,-9.274402,0.10933694243431091,0.9950739145278931,0.8105911612510681
YIL149C,YOL144W,0,-9.27588,0.10930735617876053,0.9950739145278931,0.81083744764328
YMR035W,YGR135W,0,-9.281078,0.10927779227495193,0.9950739145278931,0.8110837340354919
YMR079W,YJL192C,0,-9.289482,0.10924824327230453,0.9950739145278931,0.8113300204277039
YDR148C,YIL149C,0,-9.291599,0.10921870917081833,0.9950739145278931,0.8115763664245605
YOR232W,YPL063W,0,-9.295088,0.10918918997049332,0.9950739145278931,0.8118226528167725
YPL059W,YDR177W,0,-9.299616,0.1091596856713295,0.9950739145278931,0.8120689392089844
YPR155C,YPL019C,0,-9.299808,0.10913019627332687,0.9950739145278931,0.8123152852058411
YKR007W,YPL026C,0,-9.301599,0.10910072922706604,0.9950739145278931,0.812561571598053
YJR040W,YIL110W,0,-9.302074,0.1090712770819664,0.9950739145278931,0.8128078579902649
YOR098C,YGL055W,0,-9.302775,0.10904183238744736,0.9950739145278931,0.8130542039871216
YMR153W,YMR214W,0,-9.3032,0.1090124100446701,0.9950739145278931,0.8133004903793335
YIL079C,YER125W,0,-9.30746,0.10898300260305405,0.9950739145278931,0.8135467767715454
YFL029C,YLR141W,0,-9.308935,0.10895361751317978,0.9950739145278931,0.8137931227684021
YGR177C,YKL064W,0,-9.314005,0.10892423987388611,0.9950739145278931,0.814039409160614
YFL057C,YGR090W,0,-9.317533,0.10889487713575363,0.9950739145278931,0.8142856955528259
YBL064C,YBR216C,0,-9.317734,0.10886553674936295,0.9950739145278931,0.8145320415496826
YGR103W,YJL145W,0,-9.321573,0.10883620381355286,0.9950739145278931,0.8147783279418945
YLR196W,YKL117W,0,-9.326497,0.10880689322948456,0.9950739145278931,0.8150246143341064
YDL223C,YNR031C,0,-9.332069,0.10877759754657745,0.9950739145278931,0.8152709603309631
YLL001W,YHR001W,0,-9.333362,0.10874831676483154,0.9950739145278931,0.815517246723175
YIR037W,YOR122C,0,-9.334131,0.10871905088424683,0.9950739145278931,0.815763533115387
YDL087C,YER031C,0,-9.3351,0.1086897999048233,0.9950739145278931,0.8160098791122437
YOR388C,YBR106W,0,-9.336158,0.10866057127714157,0.9950739145278931,0.8162561655044556
YFL029C,YNR054C,0,-9.336702,0.10863135010004044,0.9950739145278931,0.8165024518966675
YAL023C,YJL141C,0,-9.343688,0.10860215127468109,0.9950739145278931,0.8167487978935242
YMR145C,YLR316C,0,-9.345701,0.10857296735048294,0.9950739145278931,0.8169950842857361
YML110C,YPL147W,0,-9.350785,0.10854379087686539,0.9950739145278931,0.817241370677948
YLL031C,YNL138W,0,-9.352446,0.10851463675498962,0.9950739145278931,0.8174876570701599
YJL178C,YJL111W,0,-9.353127,0.10848549753427505,0.9950739145278931,0.8177340030670166
YKR056W,YJL141C,0,-9.357118,0.10845637321472168,0.9950739145278931,0.8179802894592285
YNL031C,YOR201C,0,-9.361641,0.1084272712469101,0.9950739145278931,0.8182265758514404
YNL111C,YGL127C,0,-9.380346,0.10839817672967911,0.9950739145278931,0.8184729218482971
YOL130W,YPL139C,0,-9.380862,0.10836909711360931,0.9950739145278931,0.818719208240509
YGR103W,YJR021C,0,-9.384267,0.10834003984928131,0.9950739145278931,0.818965494632721
YNL280C,YDL116W,0,-9.384703,0.1083109900355339,0.9950739145278931,0.8192118406295776
YLR370C,YOL147C,0,-9.386229,0.10828196257352829,0.9950739145278931,0.8194581270217896
YPR171W,YNR054C,0,-9.390016,0.10825295001268387,0.9950739145278931,0.8197044134140015
YLR002C,YML115C,0,-9.391761,0.10822394490242004,0.9950739145278931,0.8199507594108582
YBR106W,YPL010W,0,-9.394279,0.10819496214389801,0.9950739145278931,0.8201970458030701
YML129C,YHR042W,0,-9.401092,0.10816599428653717,0.9950739145278931,0.820443332195282
YLR157C,YPR101W,0,-9.409979,0.10813704133033752,0.9950739145278931,0.8206896781921387
YOL139C,YPL239W,0,-9.414,0.10810811072587967,0.9950739145278931,0.8209359645843506
YLR384C,YOR367W,0,-9.415732,0.10807918757200241,0.9950739145278931,0.8211822509765625
YGR204W,YOL044W,0,-9.418097,0.10805027931928635,0.9950739145278931,0.8214285969734192
YNL268W,YML118W,0,-9.42042,0.10802139341831207,0.9950739145278931,0.8216748833656311
YNL261W,YLL036C,0,-9.429648,0.1079925149679184,0.9950739145278931,0.821921169757843
YBR086C,YBR185C,0,-9.429772,0.10796365886926651,0.9950739145278931,0.8221675157546997
YJL157C,YDR450W,0,-9.433767,0.10793481022119522,0.9950739145278931,0.8224138021469116
YLR110C,YIR004W,0,-9.434842,0.10790598392486572,0.9950739145278931,0.8226600885391235
YJL117W,YJL141C,0,-9.437951,0.10787717252969742,0.9950739145278931,0.8229063749313354
YIL062C,YIL101C,0,-9.438391,0.10784836858510971,0.9950739145278931,0.8231527209281921
YDR236C,YCR053W,0,-9.456823,0.1078195869922638,0.9950739145278931,0.823399007320404
YGR155W,YDL076C,0,-9.457821,0.10779082030057907,0.9950739145278931,0.823645293712616
YNL275W,YDR120C,0,-9.46262,0.10776206851005554,0.9950739145278931,0.8238916397094727
YDR148C,YBR114W,0,-9.464394,0.1077333316206932,0.9950739145278931,0.8241379261016846
YJL080C,YFL037W,1,-9.465277,0.1079712063074112,0.9975369572639465,0.8241379261016846
YER025W,YPR055W,0,-9.467087,0.10794243216514587,0.9975369572639465,0.8243842124938965
YER167W,YOR178C,0,-9.467858,0.10791366547346115,0.9975369572639465,0.8246305584907532
YOR257W,YOL158C,0,-9.469115,0.10788492113351822,0.9975369572639465,0.8248768448829651
YPL028W,YHR042W,0,-9.473412,0.10785619169473648,0.9975369572639465,0.825123131275177
YOL077C,YLR234W,0,-9.47365,0.10782747715711594,0.9975369572639465,0.8253694772720337
YML132W,YNL199C,0,-9.479172,0.10779877752065659,0.9975369572639465,0.8256157636642456
YDL074C,YKL053C-A,0,-9.491289,0.10777009278535843,0.9975369572639465,0.8258620500564575
YOL101C,YGL120C,0,-9.503422,0.10774142295122147,0.9975369572639465,0.8261083960533142
YOR002W,YOR329C,0,-9.505881,0.1077127680182457,0.9975369572639465,0.8263546824455261
YPR029C,YDR236C,0,-9.506432,0.10768412798643112,0.9975369572639465,0.826600968837738
YLL050C,YDR422C,0,-9.506832,0.10765550285577774,0.9975369572639465,0.8268473148345947
YDR513W,YOL100W,0,-9.509619,0.10762689262628555,0.9975369572639465,0.8270936012268066
YKR009C,YJL001W,0,-9.509983,0.10759829729795456,0.9975369572639465,0.8273398876190186
YDR424C,YPR041W,0,-9.511551,0.10756972432136536,0.9975369572639465,0.8275862336158752
YDR101C,YCL069W,0,-9.515824,0.10754115879535675,0.9975369572639465,0.8278325200080872
YDR081C,YDR002W,0,-9.522072,0.10751260817050934,0.9975369572639465,0.8280788064002991
YKL192C,YLR363C,0,-9.522156,0.10748407989740372,0.9975369572639465,0.8283251523971558
YNL220W,YHR048W,0,-9.529255,0.10745555907487869,0.9975369572639465,0.8285714387893677
YKR056W,YGR090W,0,-9.530537,0.10742705315351486,0.9975369572639465,0.8288177251815796
YLR219W,YOR353C,0,-9.532204,0.10739856958389282,0.9975369572639465,0.8290640115737915
YCL039W,YPL096W,0,-9.542914,0.10737009346485138,0.9975369572639465,0.8293103575706482
YIL079C,YNL313C,0,-9.548126,0.10734163969755173,0.9975369572639465,0.8295566439628601
YDR182W,YNR034W,0,-9.549847,0.10731319338083267,0.9975369572639465,0.829802930355072
YIL167W,YNL209W,0,-9.55773,0.10728476941585541,0.9975369572639465,0.8300492763519287
YLR175W,YIL010W,0,-9.558704,0.10725635290145874,0.9975369572639465,0.8302955627441406
YNL156C,YHR001W,0,-9.560013,0.10722795873880386,0.9975369572639465,0.8305418491363525
YML074C,YOR181W,0,-9.567063,0.10719957947731018,0.9975369572639465,0.8307881951332092
YLR056W,YJR021C,0,-9.56988,0.1071712076663971,0.9975369572639465,0.8310344815254211
YKL110C,YDL076C,0,-9.569982,0.1071428582072258,0.9975369572639465,0.8312807679176331
YMR014W,YBR254C,0,-9.570214,0.1071145236492157,0.9975369572639465,0.8315271139144897
YHR005C-A,YGL070C,0,-9.582604,0.1070861965417862,0.9975369572639465,0.8317734003067017
YCR039C,YBR169C,0,-9.590793,0.10705789178609848,0.9975369572639465,0.8320196866989136
YCR047C,YHR183W,0,-9.594785,0.10702960193157196,0.9975369572639465,0.8322660326957703
YDL197C,YKR039W,0,-9.595519,0.10700131952762604,0.9975369572639465,0.8325123190879822
YDR511W,YOR344C,0,-9.600278,0.1069730594754219,0.9975369572639465,0.8327586054801941
YPL028W,YHR206W,0,-9.60306,0.10694481432437897,0.9975369572639465,0.8330049514770508
YKL146W,YGR135W,0,-9.607049,0.10691657662391663,0.9975369572639465,0.8332512378692627
YGR257C,YLR136C,0,-9.608334,0.10688836127519608,0.9975369572639465,0.8334975242614746
YDL074C,YJL010C,0,-9.6097975,0.10686016082763672,0.9975369572639465,0.8337438702583313
YOL064C,YOR048C,0,-9.614687,0.10683196783065796,0.9975369572639465,0.8339901566505432
YDL108W,YPL239W,0,-9.616718,0.10680379718542099,0.9975369572639465,0.8342364430427551
YFL057C,YLR009W,0,-9.618719,0.10677564144134521,0.9975369572639465,0.834482729434967
YLR056W,YGR258C,0,-9.620249,0.10674749314785004,0.9975369572639465,0.8347290754318237
YDR480W,YDR529C,0,-9.6210785,0.10671936720609665,0.9975369572639465,0.8349753618240356
YOR149C,YKR056W,0,-9.623665,0.10669125616550446,0.9975369572639465,0.8352216482162476
YMR236W,YBR126C,0,-9.624829,0.10666315257549286,0.9975369572639465,0.8354679942131042
YIL062C,YGL173C,0,-9.628231,0.10663507133722305,0.9975369572639465,0.8357142806053162
YJL115W,YOL039W,0,-9.6286955,0.10660700500011444,0.9975369572639465,0.8359605669975281
YAL023C,YBR118W,0,-9.628784,0.10657894611358643,0.9975369572639465,0.8362069129943848
YDL212W,YMR095C,0,-9.630045,0.1065509095788002,0.9975369572639465,0.8364531993865967
YHR174W,YBR010W,0,-9.646378,0.10652288049459457,0.9975369572639465,0.8366994857788086
YMR136W,YOL055C,0,-9.646512,0.10649487376213074,0.9975369572639465,0.8369458317756653
YEL042W,YOR256C,0,-9.646612,0.1064668744802475,0.9975369572639465,0.8371921181678772
YDR432W,YKL034W,0,-9.647623,0.10643889755010605,0.9975369572639465,0.8374384045600891
YOR178C,YDR148C,0,-9.649917,0.1064109280705452,0.9975369572639465,0.8376847505569458
YOL158C,YDR453C,0,-9.653509,0.10638298094272614,0.9975369572639465,0.8379310369491577
YCR088W,YKR076W,0,-9.661898,0.10635504126548767,0.9975369572639465,0.8381773233413696
YOR174W,YDR178W,0,-9.6634865,0.1063271164894104,0.9975369572639465,0.8384236693382263
YCR071C,YJL010C,0,-9.667898,0.10629921406507492,0.9975369572639465,0.8386699557304382
YFR051C,YIL017C,0,-9.669186,0.10627131909132004,0.9975369572639465,0.8389162421226501
YGR177C,YJL168C,0,-9.677818,0.10624343901872635,0.9975369572639465,0.8391625881195068
YOR232W,YBL064C,0,-9.681737,0.10621558129787445,0.9975369572639465,0.8394088745117188
YBR145W,YOR098C,0,-9.685857,0.10618773102760315,0.9975369572639465,0.8396551609039307
YGR227W,YNR054C,0,-9.688082,0.10615989565849304,0.9975369572639465,0.8399015069007874
YBL080C,YPR041W,0,-9.690292,0.10613207519054413,0.9975369572639465,0.8401477932929993
YDR421W,YPL239W,0,-9.696521,0.10610426962375641,0.9975369572639465,0.8403940796852112
YIR037W,YNL177C,0,-9.701523,0.10607647895812988,0.9975369572639465,0.8406403660774231
YLR175W,YPR101W,0,-9.70781,0.10604870319366455,0.9975369572639465,0.8408867120742798
YBR079C,YLR139C,0,-9.716927,0.10602094233036041,0.9975369572639465,0.8411329984664917
YAL003W,YBR030W,0,-9.717461,0.10599319636821747,0.9975369572639465,0.8413792848587036
YOL082W,YJR045C,0,-9.724052,0.10596546530723572,0.9975369572639465,0.8416256308555603
YBR010W,YNL261W,0,-9.728285,0.10593774169683456,0.9975369572639465,0.8418719172477722
YKL135C,YNR049C,0,-9.729656,0.1059100404381752,0.9975369572639465,0.8421182036399841
YIL110W,YNL066W,0,-9.734258,0.10588235408067703,0.9975369572639465,0.8423645496368408
YNL275W,YNR054C,0,-9.738645,0.10585467517375946,0.9975369572639465,0.8426108360290527
YLR220W,YKL165C,0,-9.741003,0.10582701861858368,0.9975369572639465,0.8428571224212646
YBR106W,YBR069C,0,-9.754257,0.1057993695139885,0.9975369572639465,0.8431034684181213
YHR005C-A,YNL149C,0,-9.755823,0.1057717427611351,0.9975369572639465,0.8433497548103333
YBR145W,YAL022C,0,-9.7585,0.1057441234588623,0.9975369572639465,0.8435960412025452
YLR335W,YHL024W,0,-9.758912,0.1057165265083313,0.9975369572639465,0.8438423871994019
YBR145W,YMR088C,0,-9.761337,0.10568893700838089,0.9975369572639465,0.8440886735916138
YIL007C,YPL214C,0,-9.761855,0.10566136240959167,0.9975369572639465,0.8443349599838257
YML006C,YFR051C,0,-9.763104,0.10563380271196365,0.9975369572639465,0.8445813059806824
YGL187C,YGR211W,0,-9.768055,0.10560625791549683,0.9975369572639465,0.8448275923728943
YDR252W,YOR100C,0,-9.7708435,0.10557872802019119,0.9975369572639465,0.8450738787651062
YKL110C,YNL292W,0,-9.771536,0.10555121302604675,0.9975369572639465,0.8453202247619629
YOL139C,YBR267W,0,-9.772074,0.10552371293306351,0.9975369572639465,0.8455665111541748
YBR010W,YDR489W,0,-9.773142,0.10549622029066086,0.9975369572639465,0.8458127975463867
YJL110C,YKR065C,0,-9.77327,0.10546875,0.9975369572639465,0.8460590839385986
YPL063W,YMR088C,0,-9.773791,0.10544129461050034,0.9975369572639465,0.8463054299354553
YOR116C,YKL034W,0,-9.777231,0.10541384667158127,0.9975369572639465,0.8465517163276672
YDR101C,YDR361C,0,-9.7857,0.1053864136338234,0.9975369572639465,0.8467980027198792
YGR077C,YMR039C,0,-9.795074,0.10535900294780731,0.9975369572639465,0.8470443487167358
YKL052C,YGR216C,0,-9.796393,0.10533159971237183,0.9975369572639465,0.8472906351089478
YOR098C,YGL120C,0,-9.798483,0.10530421137809753,0.9975369572639465,0.8475369215011597
YNL111C,YER031C,0,-9.801131,0.10527683794498444,0.9975369572639465,0.8477832674980164
YHR174W,YLR384C,0,-9.807442,0.10524947941303253,0.9975369572639465,0.8480295538902283
YPL147W,YOR116C,0,-9.807731,0.10522213578224182,0.9975369572639465,0.8482758402824402
YDL150W,YCR052W,0,-9.808998,0.1051948070526123,0.9975369572639465,0.8485221862792969
YOL133W,YPR006C,0,-9.817445,0.10516748577356339,0.9975369572639465,0.8487684726715088
YGR134W,YLR196W,0,-9.819371,0.10514018684625626,0.9975369572639465,0.8490147590637207
YOL021C,YPR140W,0,-9.825418,0.10511289536952972,0.9975369572639465,0.8492611050605774
YLL036C,YHR041C,0,-9.826269,0.10508562624454498,0.9975369572639465,0.8495073914527893
YDL112W,YLR409C,0,-9.834371,0.10505836457014084,0.9975369572639465,0.8497536778450012
YLR175W,YBR279W,0,-9.834951,0.10503111779689789,0.9975369572639465,0.8500000238418579
YGR030C,YPL026C,0,-9.836456,0.10500388592481613,0.9975369572639465,0.8502463102340698
YNL031C,YOL133W,0,-9.838425,0.10497666895389557,0.9975369572639465,0.8504925966262817
YBR274W,YPR041W,0,-9.83861,0.1049494668841362,0.9975369572639465,0.8507389426231384
YPR020W,YGL006W,0,-9.84164,0.10492227971553802,0.9975369572639465,0.8509852290153503
YCL029C,YBR118W,0,-9.845018,0.10489510744810104,0.9975369572639465,0.8512315154075623
YJL111W,YOR137C,0,-9.845837,0.10486794263124466,0.9975369572639465,0.851477861404419
YBR010W,YHR194W,0,-9.8482,0.10484080016613007,0.9975369572639465,0.8517241477966309
YER025W,YDL190C,0,-9.851023,0.10481366515159607,0.9975369572639465,0.8519704341888428
YOL101C,YLR075W,0,-9.851977,0.10478654503822327,0.9975369572639465,0.8522167205810547
YGR204W,YBR254C,0,-9.856724,0.10475943982601166,0.9975369572639465,0.8524630665779114
YBR145W,YDR252W,0,-9.862732,0.10473234951496124,0.9975369572639465,0.8527093529701233
YBR296C,YMR302C,0,-9.8630295,0.10470527410507202,0.9975369572639465,0.8529556393623352
YBR283C,YDR167W,0,-9.86304,0.104678213596344,0.9975369572639465,0.8532019853591919
YEL056W,YOR095C,0,-9.863634,0.10465116053819656,0.9975369572639465,0.8534482717514038
YMR135C,YKL053C-A,0,-9.86492,0.10462412983179092,0.9975369572639465,0.8536945581436157
YDR363W,YOR344C,0,-9.877378,0.10459710657596588,0.9975369572639465,0.8539409041404724
YDR473C,YNL209W,0,-9.878241,0.10457009822130203,0.9975369572639465,0.8541871905326843
YBR089C-A,YAR035W,0,-9.880705,0.10454310476779938,0.9975369572639465,0.8544334769248962
YOR100C,YJR021C,0,-9.885881,0.10451612621545792,0.9975369572639465,0.8546798229217529
YFL057C,YNL071W,0,-9.890815,0.10448916256427765,0.9975369572639465,0.8549261093139648
YAL003W,YIL149C,0,-9.891276,0.10446221381425858,0.9975369572639465,0.8551723957061768
YOR079C,YCR053W,0,-9.892595,0.1044352725148201,0.9975369572639465,0.8554187417030334
YBR038W,YBR118W,0,-9.899698,0.10440835356712341,0.9975369572639465,0.8556650280952454
YMR239C,YIR022W,0,-9.901722,0.10438144207000732,0.9975369572639465,0.8559113144874573
YKL192C,YFR003C,0,-9.902038,0.10435454547405243,0.9975369572639465,0.856157660484314
YDR453C,YJL056C,0,-9.902842,0.10432766377925873,0.9975369572639465,0.8564039468765259
YIR037W,YKL144C,0,-9.908356,0.10430079698562622,0.9975369572639465,0.8566502332687378
YFL039C,YDR148C,0,-9.918756,0.10427394509315491,0.9975369572639465,0.8568965792655945
YIL079C,YFL016C,0,-9.920786,0.10424710065126419,0.9975369572639465,0.8571428656578064
YGL055W,YLR067C,0,-9.923131,0.10422027856111526,0.9975369572639465,0.8573891520500183
YJL157C,YBR117C,0,-9.925267,0.10419346392154694,0.9975369572639465,0.8576354384422302
YOL151W,YOR076C,0,-9.925341,0.1041666641831398,0.9975369572639465,0.8578817844390869
YBR010W,YHR021C,0,-9.926471,0.10413987934589386,0.9975369572639465,0.8581280708312988
YIR037W,YIL022W,0,-9.926551,0.10411310940980911,0.9975369572639465,0.8583743572235107
YOR335C,YOR344C,0,-9.930925,0.10408635437488556,0.9975369572639465,0.8586207032203674
YLR205C,YDR120C,0,-9.941029,0.1040596067905426,0.9975369572639465,0.8588669896125793
YMR006C,YNL055C,0,-9.942479,0.10403288155794144,0.9975369572639465,0.8591132760047913
YOR002W,YMR236W,0,-9.951731,0.10400616377592087,0.9975369572639465,0.859359622001648
YPL240C,YGL127C,0,-9.95227,0.10397946089506149,0.9975369572639465,0.8596059083938599
YOL147C,YJR102C,0,-9.953425,0.10395277291536331,0.9975369572639465,0.8598521947860718
YHR194W,YPR134W,0,-9.961569,0.10392609983682632,0.9975369572639465,0.8600985407829285
YGL187C,YGR129W,0,-9.969141,0.10389943420886993,0.9975369572639465,0.8603448271751404
YMR239C,YDL130W,0,-9.976021,0.10387279093265533,0.9975369572639465,0.8605911135673523
YKR009C,YML105C,0,-9.988794,0.10384615510702133,0.9975369572639465,0.860837459564209
YLR220W,YER003C,0,-9.993631,0.10381953418254852,0.9975369572639465,0.8610837459564209
YMR058W,YMR088C,0,-9.99584,0.10379292815923691,0.9975369572639465,0.8613300323486328
YNR058W,YCR053W,0,-9.997116,0.10376633703708649,0.9975369572639465,0.8615763783454895
YOR095C,YJL011C,0,-9.997254,0.10373975336551666,0.9975369572639465,0.8618226647377014
YKR065C,YGL225W,0,-10.004527,0.10371318459510803,0.9975369572639465,0.8620689511299133
YDR450W,YPR121W,0,-10.01126,0.10368663817644119,0.9975369572639465,0.86231529712677
YDR148C,YMR183C,0,-10.014015,0.10366009920835495,0.9975369572639465,0.8625615835189819
YGL120C,YJL156C,0,-10.023054,0.1036335751414299,0.9975369572639465,0.8628078699111938
YDR087C,YLL002W,0,-10.031348,0.10360705852508545,0.9975369572639465,0.8630542159080505
YGR204W,YDR376W,0,-10.031958,0.10358056426048279,0.9975369572639465,0.8633005023002625
YJL050W,YOR362C,0,-10.032907,0.10355407744646072,0.9975369572639465,0.8635467886924744
YPR175W,YOR344C,0,-10.03681,0.10352760553359985,0.9975369572639465,0.8637930750846863
YKR027W,YNL248C,0,-10.037449,0.10350114852190018,0.9975369572639465,0.864039421081543
YLL006W,YDR087C,0,-10.038424,0.1034747064113617,0.9975369572639465,0.8642857074737549
YOL130W,YLR051C,0,-10.043915,0.1034482792019844,0.9975369572639465,0.8645319938659668
YMR172W,YBR118W,0,-10.044043,0.10342185944318771,0.9975369572639465,0.8647783398628235
YPL227C,YNL288W,0,-10.045156,0.10339545458555222,0.9975369572639465,0.8650246262550354
YPL127C,YBR118W,0,-10.046265,0.10336906462907791,0.9975369572639465,0.8652709126472473
YHR190W,YJR045C,0,-10.04812,0.1033426895737648,0.9975369572639465,0.865517258644104
YNL009W,YDR120C,0,-10.049488,0.10331632941961288,0.9975369572639465,0.8657635450363159
YNL111C,YOL123W,0,-10.054337,0.10328997671604156,0.9975369572639465,0.8660098314285278
YGR055W,YDR057W,0,-10.057721,0.10326363891363144,0.9975369572639465,0.8662561774253845
YHR089C,YNL261W,0,-10.063375,0.10323731601238251,0.9975369572639465,0.8665024638175964
YIL004C,YIL114C,0,-10.066677,0.10321100801229477,0.9975369572639465,0.8667487502098083
YGR275W,YGR063C,1,-10.06789,0.10343948751688004,1.0,0.8667487502098083
YOR011W,YKR059W,0,-10.070739,0.10341314226388931,1.0,0.866995096206665
YLR110C,YLR234W,0,-10.079433,0.10338681191205978,1.0,0.867241382598877
YGL187C,YNL012W,0,-10.081434,0.10336048901081085,1.0,0.8674876689910889
YNR034W,YBR283C,0,-10.081729,0.10333418101072311,1.0,0.8677340149879456
YNL156C,YDL120W,0,-10.083464,0.10330788791179657,1.0,0.8679803013801575
YOR063W,YDR086C,0,-10.101233,0.10328160971403122,1.0,0.8682265877723694
YOR201C,YMR079W,0,-10.103334,0.10325533896684647,1.0,0.8684729337692261
YJL058C,YNL055C,0,-10.10913,0.1032290905714035,1.0,0.868719220161438
YAL044C,YDR177W,0,-10.111504,0.10320284962654114,1.0,0.8689655065536499
YIL106W,YGR214W,0,-10.11331,0.10317662358283997,1.0,0.8692117929458618
YJL157C,YMR095C,0,-10.11831,0.10315040498971939,1.0,0.8694581389427185
YOL111C,YOL039W,0,-10.120253,0.1031242087483406,1.0,0.8697044253349304
YDL212W,YIL017C,0,-10.124151,0.10309801995754242,1.0,0.8699507117271423
YEL031W,YJL141C,0,-10.133218,0.10307184606790543,1.0,0.870197057723999
YKR076W,YDL170W,0,-10.133364,0.10304568707942963,1.0,0.8704433441162109
YPL029W,YOR297C,0,-10.137159,0.10301953554153442,1.0,0.8706896305084229
YDL130W,YOR367W,0,-10.138184,0.10299340635538101,1.0,0.8709359765052795
YJL117W,YDL212W,0,-10.146228,0.1029672846198082,1.0,0.8711822628974915
YKL064W,YJL190C,0,-10.147459,0.10294117778539658,1.0,0.8714285492897034
YDL100C,YDR177W,0,-10.158384,0.10291508585214615,1.0,0.8716748952865601
YBL064C,YHR203C,0,-10.164918,0.10288900136947632,1.0,0.871921181678772
YBR106W,YML047C,0,-10.165829,0.10286293178796768,1.0,0.8721674680709839
YDR086C,YJL069C,0,-10.170405,0.10283687710762024,1.0,0.8724138140678406
YIL042C,YMR149W,0,-10.171604,0.10281083732843399,1.0,0.8726601004600525
YOR078W,YOR256C,0,-10.171933,0.10278481245040894,1.0,0.8729063868522644
YCR034W,YMR283C,0,-10.172389,0.10275879502296448,1.0,0.8731527328491211
YHR001W,YJL069C,0,-10.17442,0.10273279249668121,1.0,0.873399019241333
YOR372C,YOR063W,0,-10.18417,0.10270680487155914,1.0,0.8736453056335449
YDR434W,YNL333W,0,-10.185061,0.10268083214759827,1.0,0.8738916516304016
YJL010C,YDL216C,0,-10.19677,0.10265486687421799,1.0,0.8741379380226135
YJR125C,YOR178C,0,-10.199965,0.1026289165019989,1.0,0.8743842244148254
YCR020C-A,YNL055C,0,-10.2044935,0.10260298103094101,1.0,0.8746305704116821
YLR175W,YDL181W,0,-10.207858,0.10257706046104431,1.0,0.874876856803894
YFL039C,YBR274W,0,-10.217392,0.10255114734172821,1.0,0.875123143196106
YGL120C,YPR125W,0,-10.220676,0.1025252491235733,1.0,0.8753694295883179
YBR145W,YML104C,0,-10.226758,0.10249936580657959,1.0,0.8756157755851746
YBR089C-A,YGL225W,0,-10.227046,0.10247349739074707,1.0,0.8758620619773865
YPR020W,YPL033C,0,-10.23344,0.10244764387607574,1.0,0.8761083483695984
YLR405W,YML118W,0,-10.234265,0.10242179781198502,1.0,0.8763546943664551
YJR094C,YBL064C,0,-10.238107,0.10239596664905548,1.0,0.876600980758667
YKL052C,YLR009W,0,-10.240758,0.10237014293670654,1.0,0.8768472671508789
YBR267W,YGR090W,0,-10.243586,0.1023443415760994,1.0,0.8770936131477356
YOL151W,YOR344C,0,-10.243715,0.10231854766607285,1.0,0.8773398995399475
YNR058W,YML004C,0,-10.244295,0.10229276865720749,1.0,0.8775861859321594
YIL007C,YAL023C,0,-10.250909,0.10226700454950333,1.0,0.8778325319290161
YDR147W,YLR069C,0,-10.269663,0.10224124789237976,1.0,0.878078818321228
YBR267W,YKL144C,0,-10.270389,0.10221550613641739,1.0,0.8783251047134399
YJL196C,YJL125C,0,-10.281529,0.10218977928161621,1.0,0.8785714507102966
YOL077C,YDL120W,0,-10.28919,0.10216406732797623,1.0,0.8788177371025085
YNL149C,YGR211W,0,-10.291298,0.10213836282491684,1.0,0.8790640234947205
YFL057C,YDR147W,0,-10.293096,0.10211267322301865,1.0,0.8793103694915771
YPR168W,YNL209W,0,-10.3019905,0.10208699852228165,1.0,0.8795566558837891
YBL064C,YML011C,0,-10.303101,0.10206133872270584,1.0,0.879802942276001
YAL054C,YEL013W,0,-10.306114,0.10203568637371063,1.0,0.8800492882728577
YDR045C,YMR241W,0,-10.306814,0.10201004892587662,1.0,0.8802955746650696
YCR034W,YLR384C,0,-10.310254,0.1019844263792038,1.0,0.8805418610572815
YDR045C,YMR149W,0,-10.319269,0.10195881128311157,1.0,0.8807882070541382
YOR388C,YMR095C,0,-10.330658,0.10193321853876114,1.0,0.8810344934463501
YML118W,YOR297C,0,-10.350833,0.1019076332449913,1.0,0.881280779838562
YJL058C,YBL002W,0,-10.351886,0.10188205540180206,1.0,0.8815270662307739
YPL240C,YGR055W,0,-10.36129,0.10185649991035461,1.0,0.8817734122276306
YDR434W,YMR239C,0,-10.361812,0.10183095186948776,1.0,0.8820196986198425
YLR056W,YPL151C,0,-10.362137,0.1018054187297821,1.0,0.8822659850120544
YLR056W,YPL063W,0,-10.366005,0.10177989304065704,1.0,0.8825123310089111
YOL038W,YDR418W,0,-10.374252,0.10175438225269318,1.0,0.882758617401123
YLR196W,YLR277C,0,-10.37606,0.1017288863658905,1.0,0.883004903793335
YGL062W,YOR344C,0,-10.387339,0.10170340538024902,1.0,0.8832512497901917
YJL106W,YGL030W,0,-10.388838,0.10167793929576874,1.0,0.8834975361824036
YNL094W,YKL165C,0,-10.409254,0.10165248066186905,1.0,0.8837438225746155
YGL187C,YPL076W,0,-10.415207,0.10162703692913055,1.0,0.8839901685714722
YGR155W,YPR017C,0,-10.417486,0.10160160064697266,1.0,0.8842364549636841
YLR051C,YMR053C,0,-10.418723,0.10157617926597595,1.0,0.884482741355896
YLR160C,YML128C,0,-10.42046,0.10155077278614044,1.0,0.8847290873527527
YHR183W,YPR190C,0,-10.423817,0.10152538120746613,1.0,0.8849753737449646
YDR361C,YDL130W,0,-10.42607,0.1014999970793724,1.0,0.8852216601371765
YGR204W,YGR162W,0,-10.427407,0.10147462785243988,1.0,0.8854680061340332
YDR377W,YDL022W,0,-10.428377,0.10144927352666855,1.0,0.8857142925262451
YDR377W,YKR065C,0,-10.432184,0.10142393410205841,1.0,0.885960578918457
YJL196C,YNL333W,0,-10.43412,0.10139860212802887,1.0,0.8862069249153137
YOR100C,YIL007C,0,-10.437294,0.10137328505516052,1.0,0.8864532113075256
YGL120C,YPR101W,0,-10.4444065,0.10134797543287277,1.0,0.8866994976997375
YOL021C,YLR449W,0,-10.446489,0.10132268816232681,1.0,0.8869457840919495
YNL020C,YAL038W,0,-10.458857,0.10129740834236145,1.0,0.8871921300888062
YPR049C,YOL101C,0,-10.4591255,0.10127213597297668,1.0,0.8874384164810181
YDR339C,YDR178W,0,-10.459531,0.10124688595533371,1.0,0.88768470287323
YMR061W,YML073C,0,-10.463905,0.10122164338827133,1.0,0.8879310488700867
YOL071W,YMR096W,0,-10.464546,0.10119640827178955,1.0,0.8881773352622986
YMR139W,YNL054W,0,-10.470962,0.10117119550704956,1.0,0.8884236216545105
YPL037C,YLR139C,0,-10.479446,0.10114599019289017,1.0,0.8886699676513672
YPR190C,YMR149W,0,-10.479755,0.10112079977989197,1.0,0.8889162540435791
YJL196C,YMR241W,0,-10.492954,0.10109561681747437,1.0,0.889162540435791
YOR226C,YER125W,0,-10.496819,0.10107044875621796,1.0,0.8894088864326477
YMR312W,YLR316C,0,-10.49986,0.10104529559612274,1.0,0.8896551728248596
YLR110C,YBR267W,0,-10.500265,0.10102015733718872,1.0,0.8899014592170715
YLR160C,YJL111W,0,-10.501169,0.1009950265288353,1.0,0.8901478052139282
YDR101C,YIL167W,0,-10.5026455,0.10096991062164307,1.0,0.8903940916061401
YHL024W,YHR143W-A,0,-10.502666,0.10094480216503143,1.0,0.890640377998352
YML086C,YPL019C,0,-10.505113,0.100919708609581,1.0,0.8908867239952087
YJL125C,YML031W,0,-10.508757,0.10089462995529175,1.0,0.8911330103874207
YIL062C,YMR145C,0,-10.513172,0.1008695662021637,1.0,0.8913792967796326
YKR057W,YCR018C,0,-10.515708,0.10084450989961624,1.0,0.8916256427764893
YNL111C,YJL141C,0,-10.516821,0.10081946849822998,1.0,0.8918719291687012
YNL280C,YCR053W,0,-10.524571,0.10079444199800491,1.0,0.8921182155609131
YOR100C,YMR079W,0,-10.526792,0.10076942294836044,1.0,0.8923645615577698
YKR076W,YKL053C-A,0,-10.538299,0.10074441879987717,1.0,0.8926108479499817
YDR453C,YHR048W,0,-10.538332,0.10071942210197449,1.0,0.8928571343421936
YIR037W,YDR167W,0,-10.538765,0.1006944477558136,1.0,0.8931034207344055
YKR076W,YAL003W,0,-10.542158,0.10066947340965271,1.0,0.8933497667312622
YDR081C,YHL011C,0,-10.5439625,0.10064452141523361,1.0,0.8935960531234741
YDR513W,YBR283C,0,-10.548313,0.10061957687139511,1.0,0.893842339515686
YPL028W,YCR028C-A,0,-10.551329,0.1005946472287178,1.0,0.8940886855125427
YER167W,YHR174W,0,-10.568529,0.10056973248720169,1.0,0.8943349719047546
YOR178C,YNL119W,0,-10.571716,0.10054482519626617,1.0,0.8945812582969666
YCR034W,YML031W,0,-10.57929,0.10051993280649185,1.0,0.8948276042938232
YLR405W,YCR034W,0,-10.582931,0.10049504786729813,1.0,0.8950738906860352
YMR232W,YDR418W,0,-10.58337,0.1004701778292656,1.0,0.8953201770782471
YER006W,YDL076C,0,-10.584169,0.10044532269239426,1.0,0.8955665230751038
YMR014W,YNL248C,0,-10.584356,0.10042048245668411,1.0,0.8958128094673157
YLR304C,YOR335C,0,-10.590475,0.10039564967155457,1.0,0.8960590958595276
YPR101W,YLR409C,0,-10.593881,0.10037083178758621,1.0,0.8963054418563843
YGL030W,YHR181W,0,-10.599561,0.10034602135419846,1.0,0.8965517282485962
YNL199C,YGR214W,0,-10.602318,0.1003212258219719,1.0,0.8967980146408081
YOL039W,YDR087C,0,-10.615488,0.10029644519090652,1.0,0.8970443606376648
YOR063W,YOR329C,0,-10.620264,0.10027167201042175,1.0,0.8972906470298767
YOR098C,YIL017C,0,-10.622884,0.10024691373109818,1.0,0.8975369334220886
YDR120C,YPL139C,0,-10.626507,0.10022217035293579,1.0,0.8977832794189453
YPR006C,YOL147C,0,-10.633074,0.100197434425354,1.0,0.8980295658111572
YDR432W,YBR169C,0,-10.634574,0.10017271339893341,1.0,0.8982758522033691
YMR112C,YML073C,0,-10.647216,0.10014799982309341,1.0,0.898522138595581
YJL011C,YMR149W,0,-10.65411,0.10012330114841461,1.0,0.8987684845924377
YGL055W,YHR181W,0,-10.658904,0.100098617374897,1.0,0.8990147709846497
YCL039W,YIL018W,0,-10.665224,0.10007394850254059,1.0,0.8992610573768616
YPR175W,YJR019C,0,-10.668917,0.10004928708076477,1.0,0.8995074033737183
YGR158C,YJR004C,0,-10.670984,0.10002463310956955,1.0,0.8997536897659302
YMR043W,YJR004C,0,-10.674057,0.10000000149011612,1.0,0.8999999761581421
YMR058W,YGR169C,0,-10.6747875,0.09997537732124329,1.0,0.9002463221549988
YAL054C,YFL059W,0,-10.680835,0.09995076060295105,1.0,0.9004926085472107
YML104C,YHR203C,0,-10.687101,0.0999261662364006,1.0,0.9007388949394226
YOL071W,YHR070W,0,-10.690729,0.09990157186985016,1.0,0.9009852409362793
YDL004W,YBR169C,0,-10.691068,0.0998769998550415,1.0,0.9012315273284912
YKL192C,YGR112W,0,-10.692496,0.09985243529081345,1.0,0.9014778137207031
YBR133C,YLR075W,0,-10.705065,0.09982788562774658,1.0,0.9017241597175598
YCL017C,YGL225W,0,-10.714725,0.09980334341526031,1.0,0.9019704461097717
YOL023W,YLR009W,0,-10.714951,0.09977881610393524,1.0,0.9022167325019836
YPR190C,YMR284W,0,-10.718344,0.09975429624319077,1.0,0.9024630784988403
YOL123W,YDR120C,0,-10.72014,0.09972979873418808,1.0,0.9027093648910522
YKR076W,YIL022W,0,-10.725784,0.0997053012251854,1.0,0.9029556512832642
YLR157C,YCL029C,0,-10.726537,0.0996808260679245,1.0,0.9032019972801208
YBR086C,YHR143W-A,0,-10.733087,0.0996563583612442,1.0,0.9034482836723328
YCR028C-A,YBR171W,0,-10.733582,0.0996319055557251,1.0,0.9036945700645447
YPL160W,YOR148C,0,-10.737263,0.09960746020078659,1.0,0.9039409160614014
YDR377W,YAL044C,0,-10.740583,0.09958302974700928,1.0,0.9041872024536133
YDR178W,YIL008W,0,-10.7407055,0.09955860674381256,1.0,0.9044334888458252
YKR079C,YOR344C,0,-10.740836,0.09953419864177704,1.0,0.9046797752380371
YML132W,YGR158C,0,-10.744381,0.09950980544090271,1.0,0.9049261212348938
YOR178C,YMR239C,0,-10.745432,0.09948541969060898,1.0,0.9051724076271057
YNR054C,YPR140W,0,-10.764893,0.09946104884147644,1.0,0.9054186940193176
YLR160C,YBR283C,0,-10.765759,0.0994366854429245,1.0,0.9056650400161743
YAL044C,YDL100C,0,-10.784699,0.09941234439611435,1.0,0.9059113264083862
YOL158C,YBR169C,0,-10.788013,0.0993880033493042,1.0,0.9061576128005981
YDR480W,YPL240C,0,-10.788776,0.09936367720365524,1.0,0.9064039587974548
YDR450W,YDR057W,0,-10.790031,0.09933936595916748,1.0,0.9066502451896667
YNL227C,YNL209W,0,-10.792793,0.09931506961584091,1.0,0.9068965315818787
YDR421W,YML128C,0,-10.794328,0.09929078072309494,1.0,0.9071428775787354
YMR149W,YJL109C,0,-10.811716,0.09926650673151016,1.0,0.9073891639709473
YGL187C,YLR119W,0,-10.813833,0.09924224019050598,1.0,0.9076354503631592
YNL068C,YNL248C,0,-10.815082,0.099217988550663,1.0,0.9078817963600159
YCR034W,YAL009W,0,-10.815809,0.0991937443614006,1.0,0.9081280827522278
YOL039W,YDL225W,0,-10.8204365,0.09916951507329941,1.0,0.9083743691444397
YIR037W,YJL069C,0,-10.822668,0.0991453006863594,1.0,0.9086207151412964
YGR055W,YHR031C,0,-10.829836,0.09912109375,1.0,0.9088670015335083
YCL038C,YGL127C,0,-10.832497,0.09909690171480179,1.0,0.9091132879257202
YGL070C,YBR117C,0,-10.83263,0.09907271713018417,1.0,0.9093596339225769
YDR377W,YOR150W,0,-10.842171,0.09904854744672775,1.0,0.9096059203147888
YNL333W,YEL031W,0,-10.846455,0.09902439266443253,1.0,0.9098522067070007
YER089C,YHR021C,0,-10.848675,0.0990002453327179,1.0,0.9100984930992126
YDL106C,YLR009W,0,-10.851365,0.09897611290216446,1.0,0.9103448390960693
YHR089C,YOL123W,0,-10.856827,0.09895198792219162,1.0,0.9105911254882812
YBR145W,YLR370C,0,-10.866437,0.09892787784337997,1.0,0.9108374118804932
YOR187W,YGR211W,0,-10.874192,0.09890377521514893,1.0,0.9110837578773499
YPL241C,YHR021C,0,-10.881733,0.09887968748807907,1.0,0.9113300442695618
YDR435C,YDR450W,0,-10.8820305,0.09885561466217041,1.0,0.9115763306617737
YJL111W,YCL017C,0,-10.886369,0.09883154928684235,1.0,0.9118226766586304
YFR002W,YHR048W,0,-10.902605,0.09880749881267548,1.0,0.9120689630508423
YHL011C,YIL018W,0,-10.908367,0.0987834557890892,1.0,0.9123152494430542
YJR127C,YDR002W,0,-10.908934,0.09875942766666412,1.0,0.9125615954399109
YCL038C,YPL019C,0,-10.916548,0.09873540699481964,1.0,0.9128078818321228
YOL038W,YNL209W,0,-10.916802,0.09871140122413635,1.0,0.9130541682243347
YKL084W,YGR211W,0,-10.91753,0.09868741035461426,1.0,0.9133005142211914
YLL031C,YDR418W,0,-10.925964,0.09866342693567276,1.0,0.9135468006134033
YLL031C,YJL069C,0,-10.930876,0.09863945841789246,1.0,0.9137930870056152
YHR174W,YMR043W,0,-10.941017,0.09861549735069275,1.0,0.9140394330024719
YLR153C,YOR122C,0,-10.954222,0.09859155118465424,1.0,0.9142857193946838
YAL038W,YGL070C,0,-10.960351,0.09856761246919632,1.0,0.9145320057868958
YNR054C,YOL055C,0,-10.961091,0.0985436886548996,1.0,0.9147783517837524
YOR011W,YHR183W,0,-10.966242,0.09851977974176407,1.0,0.9150246381759644
YAL054C,YOR057W,0,-10.968811,0.09849587827920914,1.0,0.9152709245681763
YPL151C,YDR418W,0,-10.980643,0.0984719842672348,1.0,0.915517270565033
YFL039C,YLR088W,0,-10.98133,0.09844810515642166,1.0,0.9157635569572449
YML031W,YMR175W,0,-10.991699,0.09842424094676971,1.0,0.9160098433494568
YOL151W,YDL223C,0,-11.009954,0.09840038418769836,1.0,0.9162561297416687
YMR058W,YOL123W,0,-11.013138,0.09837654232978821,1.0,0.9165024757385254
YKL208W,YNL055C,0,-11.014736,0.09835271537303925,1.0,0.9167487621307373
YGL019W,YPL019C,0,-11.022037,0.09832889586687088,1.0,0.9169950485229492
YEL062W,YIL018W,0,-11.026118,0.09830508381128311,1.0,0.9172413945198059
YKR046C,YAL023C,0,-11.028556,0.09828128665685654,1.0,0.9174876809120178
YBR145W,YGL055W,0,-11.031195,0.09825750440359116,1.0,0.9177339673042297
YNR058W,YJL008C,0,-11.031427,0.09823372960090637,1.0,0.9179803133010864
YMR264W,YOR063W,0,-11.032385,0.09820996969938278,1.0,0.9182265996932983
YPL240C,YOR344C,0,-11.032784,0.09818621724843979,1.0,0.9184728860855103
YLR110C,YJL104W,0,-11.037776,0.09816247224807739,1.0,0.9187192320823669
YPR049C,YDR418W,0,-11.038864,0.09813874959945679,1.0,0.9189655184745789
YFL057C,YJR125C,0,-11.039202,0.09811503440141678,1.0,0.9192118048667908
YHR187W,YMR088C,0,-11.041077,0.09809132665395737,1.0,0.9194581508636475
YGL120C,YDL076C,0,-11.042452,0.09806763380765915,1.0,0.9197044372558594
YMR239C,YJR103W,0,-11.044269,0.09804394841194153,1.0,0.9199507236480713
YPR187W,YML115C,0,-11.045851,0.0980202779173851,1.0,0.920197069644928
YDR361C,YOR187W,0,-11.05418,0.09799662232398987,1.0,0.9204433560371399
YCL039W,YHR070W,0,-11.055271,0.09797297418117523,1.0,0.9206896424293518
YDL181W,YJL047C,0,-11.055601,0.09794933348894119,1.0,0.9209359884262085
YKL205W,YPL019C,0,-11.056937,0.09792571514844894,1.0,0.9211822748184204
YOR011W,YML073C,0,-11.070597,0.0979020968079567,1.0,0.9214285612106323
YCR093W,YNL209W,0,-11.073193,0.09787849336862564,1.0,0.9216748476028442
YHR190W,YBR126C,0,-11.079828,0.09785490483045578,1.0,0.9219211935997009
YKR076W,YPR187W,0,-11.082478,0.09783132374286652,1.0,0.9221674799919128
YIL114C,YGL070C,0,-11.083471,0.09780775755643845,1.0,0.9224137663841248
YDL223C,YBR297W,0,-11.084562,0.09778419882059097,1.0,0.9226601123809814
YEL056W,YML073C,0,-11.084869,0.0977606549859047,1.0,0.9229063987731934
YIL062C,YPL240C,0,-11.086701,0.09773711860179901,1.0,0.9231526851654053
YNR054C,YOR116C,0,-11.097771,0.09771359711885452,1.0,0.923399031162262
YLR153C,YMR058W,0,-11.101986,0.09769008308649063,1.0,0.9236453175544739
YMR100W,YLR409C,0,-11.104031,0.09766658395528793,1.0,0.9238916039466858
YPR190C,YNL313C,0,-11.125664,0.09764309972524643,1.0,0.9241379499435425
YKL146W,YOL151W,0,-11.128029,0.09761962294578552,1.0,0.9243842363357544
YLR175W,YPL268W,0,-11.130646,0.09759615361690521,1.0,0.9246305227279663
YPL028W,YAR002W,0,-11.134829,0.0975726991891861,1.0,0.924876868724823
YFL033C,YJR019C,0,-11.139534,0.09754925221204758,1.0,0.9251231551170349
YAL054C,YJL001W,0,-11.14249,0.09752582013607025,1.0,0.9253694415092468
YJL210W,YGR172C,0,-11.149715,0.09750240296125412,1.0,0.9256157875061035
YDR511W,YHR190W,0,-11.150553,0.09747899323701859,1.0,0.9258620738983154
YPL059W,YAL030W,0,-11.154307,0.09745559096336365,1.0,0.9261083602905273
YPL152W,YPL239W,0,-11.1677065,0.0974322035908699,1.0,0.926354706287384
YML132W,YDR395W,0,-11.1758995,0.09740883111953735,1.0,0.926600992679596
YHR042W,YGR214W,0,-11.185806,0.0973854660987854,1.0,0.9268472790718079
YLR175W,YOR005C,0,-11.186885,0.09736210852861404,1.0,0.9270936250686646
YBL064C,YBR254C,0,-11.210254,0.09733876585960388,1.0,0.9273399114608765
YOR063W,YDL076C,0,-11.210329,0.09731543809175491,1.0,0.9275861978530884
YDR211W,YHR021C,0,-11.21397,0.09729211777448654,1.0,0.9278324842453003
YFL039C,YPR006C,0,-11.221662,0.09726880490779877,1.0,0.928078830242157
YLR157C,YLL050C,0,-11.226477,0.09724550694227219,1.0,0.9283251166343689
YER003C,YJL190C,0,-11.228225,0.0972222238779068,1.0,0.9285714030265808
YJL196C,YGR211W,0,-11.230482,0.09719894826412201,1.0,0.9288177490234375
YDR188W,YIL110W,0,-11.234179,0.09717568010091782,1.0,0.9290640354156494
YOL064C,YNL012W,0,-11.23749,0.09715242683887482,1.0,0.9293103218078613
YIL018W,YKL028W,0,-11.242831,0.09712918847799301,1.0,0.929556667804718
YML129C,YDR418W,0,-11.244721,0.0971059575676918,1.0,0.9298029541969299
YLR002C,YHR041C,0,-11.246187,0.09708273410797119,1.0,0.9300492405891418
YGR204W,YDR432W,0,-11.249107,0.09705952554941177,1.0,0.9302955865859985
YDR206W,YKR046C,0,-11.264412,0.09703633189201355,1.0,0.9305418729782104
YOL071W,YDL223C,0,-11.26487,0.09701314568519592,1.0,0.9307881593704224
YNR054C,YMR043W,0,-11.275803,0.09698996692895889,1.0,0.931034505367279
YHR206W,YGR248W,0,-11.279058,0.09696680307388306,1.0,0.931280791759491
YEL042W,YEL062W,0,-11.29501,0.09694364666938782,1.0,0.9315270781517029
YPL152W,YGR248W,0,-11.296978,0.09692050516605377,1.0,0.9317734241485596
YNL268W,YKL117W,0,-11.303982,0.09689737111330032,1.0,0.9320197105407715
YBR126C,YPR125W,0,-11.336199,0.09687425196170807,1.0,0.9322659969329834
YER026C,YOL068C,0,-11.36282,0.09685114771127701,1.0,0.9325123429298401
YML130C,YOL147C,0,-11.365722,0.09682804346084595,1.0,0.932758629322052
YOL023W,YLR196W,0,-11.36824,0.09680496156215668,1.0,0.9330049157142639
YPR154W,YAR035W,0,-11.373047,0.09678187966346741,1.0,0.9332512021064758
YMR268C,YDL130W,0,-11.375041,0.09675882011651993,1.0,0.9334975481033325
YNR054C,YGL055W,0,-11.379416,0.09673576056957245,1.0,0.9337438344955444
YOL082W,YOL064C,0,-11.390903,0.09671272337436676,1.0,0.9339901208877563
YJL008C,YKR039W,0,-11.407422,0.09668968617916107,1.0,0.934236466884613
YAL038W,YHR187W,0,-11.410408,0.09666666388511658,1.0,0.934482753276825
YCR094W,YLR075W,0,-11.422965,0.09664365649223328,1.0,0.9347290396690369
YNL268W,YHR143W-A,0,-11.43525,0.09662065654993057,1.0,0.9349753856658936
YPR187W,YJR004C,0,-11.435816,0.09659767150878906,1.0,0.9352216720581055
YGR244C,YJL109C,0,-11.448545,0.09657469391822815,1.0,0.9354679584503174
YLR363C,YPR154W,0,-11.459324,0.09655172377824783,1.0,0.9357143044471741
YOL039W,YJR045C,0,-11.459499,0.09652876853942871,1.0,0.935960590839386
YDL166C,YCR034W,0,-11.473073,0.09650582075119019,1.0,0.9362068772315979
YGL187C,YGR135W,0,-11.47352,0.09648288786411285,1.0,0.9364532232284546
YOL077C,YOL133W,0,-11.497717,0.09645996987819672,1.0,0.9366995096206665
YMR079W,YHR048W,0,-11.506053,0.09643705189228058,1.0,0.9369457960128784
YDR432W,YHL024W,0,-11.5104065,0.09641415625810623,1.0,0.9371921420097351
YPR020W,YHR048W,0,-11.513308,0.09639126062393188,1.0,0.937438428401947
YOL077C,YOR174W,0,-11.529014,0.09636837989091873,1.0,0.9376847147941589
YJR040W,YMR096W,0,-11.53265,0.09634551405906677,1.0,0.9379310607910156
YOR297C,YDL112W,0,-11.540321,0.09632265567779541,1.0,0.9381773471832275
YMR095C,YDL170W,0,-11.548643,0.09629981219768524,1.0,0.9384236335754395
YOR100C,YPR101W,0,-11.556169,0.09627697616815567,1.0,0.9386699795722961
YMR037C,YLR196W,0,-11.566243,0.0962541475892067,1.0,0.9389162659645081
YPR167C,YPR165W,0,-11.568676,0.09623133391141891,1.0,0.93916255235672
YGL187C,YDR083W,0,-11.584137,0.09620852768421173,1.0,0.9394088387489319
YDL181W,YOR297C,0,-11.594328,0.09618573635816574,1.0,0.9396551847457886
YLR449W,YOL101C,0,-11.5948,0.09616295248270035,1.0,0.9399014711380005
YJR091C,YER006W,0,-11.59598,0.09614018350839615,1.0,0.9401477575302124
YJL210W,YEL031W,0,-11.600773,0.09611742198467255,1.0,0.9403941035270691
YKL192C,YJR103W,0,-11.603685,0.09609467536211014,1.0,0.940640389919281
YGL006W,YGL030W,0,-11.617907,0.09607193619012833,1.0,0.9408866763114929
YCL038C,YDL181W,0,-11.630944,0.09604920446872711,1.0,0.9411330223083496
YFR008W,YLR196W,0,-11.634537,0.09602648764848709,1.0,0.9413793087005615
YHR089C,YBR133C,0,-11.634945,0.09600378572940826,1.0,0.9416255950927734
YDR273W,YMR145C,0,-11.634964,0.09598108381032944,1.0,0.9418719410896301
YAL017W,YHR203C,0,-11.645828,0.0959584042429924,1.0,0.942118227481842
YOL082W,YGR214W,0,-11.646254,0.09593572467565536,1.0,0.942364513874054
YCR094W,YOL147C,0,-11.651746,0.09591306746006012,1.0,0.9426108598709106
YLL036C,YMR079W,0,-11.652605,0.09589041024446487,1.0,0.9428571462631226
YDR317W,YML128C,0,-11.668979,0.09586776793003082,1.0,0.9431034326553345
YOL021C,YOR297C,0,-11.672802,0.09584514051675797,1.0,0.9433497786521912
YDL004W,YDL022W,0,-11.678729,0.09582251310348511,1.0,0.9435960650444031
YCL066W,YDL130W,0,-11.686455,0.09579990804195404,1.0,0.943842351436615
YJL010C,YIR022W,0,-11.697832,0.09577730298042297,1.0,0.9440886974334717
YBR170C,YLR372W,0,-11.706004,0.0957547202706337,1.0,0.9443349838256836
YOR232W,YJR127C,0,-11.717733,0.09573213756084442,1.0,0.9445812702178955
YGR288W,YLR075W,0,-11.722375,0.09570956975221634,1.0,0.9448275566101074
YCR088W,YMR058W,0,-11.72954,0.09568701684474945,1.0,0.9450739026069641
YLR075W,YOR212W,0,-11.737656,0.09566446393728256,1.0,0.945320188999176
YKR057W,YDR175C,0,-11.744049,0.09564193338155746,1.0,0.9455664753913879
YAL038W,YJL069C,0,-11.74683,0.09561940282583237,1.0,0.9458128213882446
YBL064C,YGR172C,0,-11.7470665,0.09559689462184906,1.0,0.9460591077804565
YLR157C,YJL101C,0,-11.758241,0.09557438641786575,1.0,0.9463053941726685
YHR021C,YPR139C,0,-11.764601,0.09555189311504364,1.0,0.9465517401695251
YML086C,YNL259C,0,-11.782431,0.09552941471338272,1.0,0.9467980265617371
YER051W,YLR009W,0,-11.782499,0.0955069363117218,1.0,0.947044312953949
YOL130W,YJR125C,0,-11.7837305,0.09548448026180267,1.0,0.9472906589508057
YLR088W,YMR145C,0,-11.78469,0.09546202421188354,1.0,0.9475369453430176
YJL034W,YJL010C,0,-11.785074,0.09543958306312561,1.0,0.9477832317352295
YOR178C,YML128C,0,-11.788034,0.09541715681552887,1.0,0.9480295777320862
YNL251C,YJL069C,0,-11.788261,0.09539473801851273,1.0,0.9482758641242981
YDL150W,YPL019C,0,-11.791277,0.09537232667207718,1.0,0.94852215051651
YLR009W,YFL059W,0,-11.79401,0.09534993022680283,1.0,0.9487684965133667
YMR136W,YCR018C,0,-11.818468,0.09532754123210907,1.0,0.9490147829055786
YLL031C,YGR103W,0,-11.822574,0.09530516713857651,1.0,0.9492610692977905
YNL220W,YGL129C,0,-11.831703,0.09528280049562454,1.0,0.9495074152946472
YLR056W,YLR008C,0,-11.833992,0.09526044130325317,1.0,0.9497537016868591
YOR320C,YDL130W,0,-11.845278,0.095238097012043,1.0,0.949999988079071
YBR234C,YGR162W,0,-11.846884,0.09521576017141342,1.0,0.9502463340759277
YNL223W,YLR009W,0,-11.851014,0.09519343823194504,1.0,0.9504926204681396
YPL240C,YGR103W,0,-11.860214,0.09517112374305725,1.0,0.9507389068603516
YMR175W,YOR187W,0,-11.874306,0.09514881670475006,1.0,0.9509851932525635
YLR304C,YDL150W,0,-11.892468,0.09512652456760406,1.0,0.9512315392494202
YDR421W,YKR057W,0,-11.8968315,0.09510423988103867,1.0,0.9514778256416321
YER172C,YNL248C,0,-11.900265,0.09508197009563446,1.0,0.951724112033844
YPR178W,YHR021C,0,-11.901404,0.09505970776081085,1.0,0.9519704580307007
YBR267W,YBR117C,0,-11.904491,0.09503745287656784,1.0,0.9522167444229126
YLR075W,YMR284W,0,-11.905497,0.09501521289348602,1.0,0.9524630308151245
YER167W,YGL030W,0,-11.908361,0.0949929803609848,1.0,0.9527093768119812
YML128C,YDR177W,0,-11.909549,0.09497076272964478,1.0,0.9529556632041931
YOL151W,YDR177W,0,-11.9112835,0.09494855254888535,1.0,0.953201949596405
YLL043W,YML073C,0,-11.911823,0.09492634981870651,1.0,0.9534482955932617
YCL038C,YGR090W,0,-11.9134035,0.09490416198968887,1.0,0.9536945819854736
YOR388C,YPR187W,0,-11.927397,0.09488198161125183,1.0,0.9539408683776855
YPL240C,YKR065C,0,-11.936298,0.09485981613397598,1.0,0.9541872143745422
YOL151W,YPR167C,0,-11.948948,0.09483765810728073,1.0,0.9544335007667542
YAL023C,YMR175W,0,-11.950495,0.09481550753116608,1.0,0.9546797871589661
YOR319W,YGL030W,0,-11.960922,0.09479337185621262,1.0,0.9549261331558228
YHL048W,YOR187W,0,-11.966116,0.09477124363183975,1.0,0.9551724195480347
YMR100W,YML073C,0,-11.967262,0.09474912285804749,1.0,0.9554187059402466
YLR304C,YDR453C,0,-11.980289,0.09472701698541641,1.0,0.9556650519371033
YNL282W,YHR021C,0,-11.980637,0.09470491856336594,1.0,0.9559113383293152
YBL064C,YDR045C,0,-11.981661,0.09468283504247665,1.0,0.9561576247215271
YNL220W,YML004C,0,-11.992985,0.09466075897216797,1.0,0.956403911113739
YLR449W,YGL055W,0,-12.003308,0.09463869780302048,1.0,0.9566502571105957
YJL210W,YPL026C,0,-12.017045,0.09461663663387299,1.0,0.9568965435028076
YPL240C,YGR231C,0,-12.040776,0.09459459781646729,1.0,0.9571428298950195
YJL190C,YLR447C,0,-12.045874,0.09457255899906158,1.0,0.9573891758918762
YOR063W,YBR283C,0,-12.047085,0.09455053508281708,1.0,0.9576354622840881
YNL209W,YGR211W,0,-12.060133,0.09452851861715317,1.0,0.9578817486763
YER169W,YBR069C,0,-12.062143,0.09450651705265045,1.0,0.9581280946731567
YLL031C,YGR214W,0,-12.076212,0.09448452293872833,1.0,0.9583743810653687
YOL071W,YHR194W,0,-12.081114,0.09446254372596741,1.0,0.9586206674575806
YNL248C,YHR084W,0,-12.093159,0.09444056451320648,1.0,0.9588670134544373
YGR244C,YJL011C,0,-12.094491,0.09441860765218735,1.0,0.9591132998466492
YAL003W,YCR020C-A,0,-12.110582,0.09439665079116821,1.0,0.9593595862388611
YPR187W,YBR069C,0,-12.117176,0.09437470883131027,1.0,0.9596059322357178
YOR320C,YOR063W,0,-12.121215,0.09435277432203293,1.0,0.9598522186279297
YCR028C-A,YGL225W,0,-12.12301,0.09433085471391678,1.0,0.9600985050201416
YDR148C,YBR126C,0,-12.1412115,0.09430894255638123,1.0,0.9603448510169983
YOR063W,YDR190C,0,-12.145999,0.09428703784942627,1.0,0.9605911374092102
YHR174W,YOR201C,0,-12.156525,0.09426514804363251,1.0,0.9608374238014221
YDR513W,YGL030W,0,-12.163156,0.09424326568841934,1.0,0.9610837697982788
YDL130W,YJL087C,0,-12.167389,0.09422139823436737,1.0,0.9613300561904907
YAL003W,YPL007C,0,-12.176337,0.094199538230896,1.0,0.9615763425827026
YMR145C,YNL264C,0,-12.1936,0.09417768567800522,1.0,0.9618226885795593
YHR174W,YMR079W,0,-12.1937,0.09415584057569504,1.0,0.9620689749717712
YPL240C,YLR008C,0,-12.195686,0.09413401037454605,1.0,0.9623152613639832
YOL130W,YNL248C,0,-12.201768,0.09411219507455826,1.0,0.9625615477561951
YLR175W,YPL059W,0,-12.215573,0.09409037977457047,1.0,0.9628078937530518
YGL062W,YOR063W,0,-12.227816,0.09406857937574387,1.0,0.9630541801452637
YOR079C,YGR162W,0,-12.237072,0.09404679387807846,1.0,0.9633004665374756
YPL240C,YOR298W,0,-12.303183,0.09402500838041306,1.0,0.9635468125343323
YPR171W,YJL190C,0,-12.306826,0.09400323778390884,1.0,0.9637930989265442
YML132W,YEL042W,0,-12.315901,0.09398148208856583,1.0,0.9640393853187561
YJR022W,YOR095C,0,-12.3286,0.0939597338438034,1.0,0.9642857313156128
YML118W,YGL120C,0,-12.332384,0.09393799304962158,1.0,0.9645320177078247
YBR296C,YBR079C,0,-12.332403,0.09391625970602036,1.0,0.9647783041000366
YPR049C,YMR096W,0,-12.338659,0.09389454126358032,1.0,0.9650246500968933
YPR020W,YOR063W,0,-12.363512,0.09387283027172089,1.0,0.9652709364891052
YGR204W,YDL022W,0,-12.36834,0.09385113418102264,1.0,0.9655172228813171
YML130C,YMR145C,0,-12.368814,0.093829445540905,1.0,0.9657635688781738
YJL178C,YDR361C,0,-12.37986,0.09380776435136795,1.0,0.9660098552703857
YKR057W,YBR173C,0,-12.381904,0.0937860906124115,1.0,0.9662561416625977
YMR139W,YKL034W,0,-12.383938,0.09376443177461624,1.0,0.9665024876594543
YAL038W,YKL062W,0,-12.387055,0.09374278783798218,1.0,0.9667487740516663
YHR089C,YLR219W,0,-12.403589,0.09372114390134811,1.0,0.9669950604438782
YNL068C,YLR075W,0,-12.416952,0.09369951486587524,1.0,0.9672414064407349
YBR267W,YPL026C,0,-12.425756,0.09367789328098297,1.0,0.9674876928329468
YGR155W,YOL147C,0,-12.433777,0.09365628659725189,1.0,0.9677339792251587
YPL160W,YBR036C,0,-12.45064,0.09363468736410141,1.0,0.9679803252220154
YJL125C,YBR169C,0,-12.469075,0.09361309558153152,1.0,0.9682266116142273
YKL144C,YGR214W,0,-12.494553,0.09359151870012283,1.0,0.9684728980064392
YBL080C,YDR450W,0,-12.497311,0.09356994926929474,1.0,0.9687191843986511
YLL006W,YLR196W,0,-12.506172,0.09354838728904724,1.0,0.9689655303955078
YDL166C,YDL223C,0,-12.528055,0.09352684020996094,1.0,0.9692118167877197
YOL077C,YDR055W,0,-12.552144,0.09350530058145523,1.0,0.9694581031799316
YLR304C,YDL020C,0,-12.56381,0.09348376840353012,1.0,0.9697044491767883
YAL017W,YDR450W,0,-12.575775,0.09346224367618561,1.0,0.9699507355690002
YLR075W,YGR211W,0,-12.5764475,0.09344073385000229,1.0,0.9701970219612122
YGL019W,YOL039W,0,-12.581221,0.09341923892498016,1.0,0.9704433679580688
YGR214W,YLR275W,0,-12.5827,0.09339774399995804,1.0,0.9706896543502808
YGR244C,YEL031W,0,-12.593357,0.0933762639760971,1.0,0.9709359407424927
YLR175W,YNL253W,0,-12.598935,0.09335479140281677,1.0,0.9711822867393494
YGL187C,YIL009C-A,0,-12.604674,0.09333333373069763,1.0,0.9714285731315613
YOL123W,YMR096W,0,-12.631929,0.09331188350915909,1.0,0.9716748595237732
YBR164C,YLR056W,0,-12.632402,0.09329044073820114,1.0,0.9719212055206299
YLR051C,YDR055W,0,-12.663861,0.09326901286840439,1.0,0.9721674919128418
YOL139C,YPL076W,0,-12.67354,0.09324758499860764,1.0,0.9724137783050537
YCR034W,YGR257C,0,-12.677015,0.09322617948055267,1.0,0.9726601243019104
YJL190C,YOR353C,0,-12.681215,0.09320477396249771,1.0,0.9729064106941223
YIL018W,YKL140W,0,-12.684034,0.09318338334560394,1.0,0.9731526970863342
YDL160C,YKR039W,0,-12.685053,0.09316200017929077,1.0,0.9733990430831909
YML130C,YGL062W,0,-12.694922,0.0931406319141388,1.0,0.9736453294754028
YLR056W,YDR420W,0,-12.69617,0.09311926364898682,1.0,0.9738916158676147
YNL119W,YPR041W,0,-12.697981,0.09309791028499603,1.0,0.9741379022598267
YML130C,YGL225W,0,-12.707595,0.09307657182216644,1.0,0.9743842482566833
YMR058W,YGR055W,0,-12.716378,0.09305524080991745,1.0,0.9746305346488953
YDL223C,YDR175C,0,-12.745572,0.09303391724824905,1.0,0.9748768210411072
YBR185C,YDL112W,0,-12.750452,0.09301260113716125,1.0,0.9751231670379639
YDR435C,YML073C,0,-12.755932,0.09299129992723465,1.0,0.9753694534301758
YIR037W,YOL064C,0,-12.761437,0.09296999871730804,1.0,0.9756157398223877
YLR051C,YNR034W,0,-12.782055,0.09294871985912323,1.0,0.9758620858192444
YHR089C,YNL106C,0,-12.800402,0.09292744100093842,1.0,0.9761083722114563
YAL020C,YPL240C,0,-12.818933,0.0929061770439148,1.0,0.9763546586036682
YKL146W,YNL248C,0,-12.82388,0.09288492053747177,1.0,0.9766010046005249
YDR511W,YBR126C,0,-12.829231,0.09286367893218994,1.0,0.9768472909927368
YML132W,YHR021C,0,-12.829395,0.09284244477748871,1.0,0.9770935773849487
YML061C,YNL209W,0,-12.829973,0.09282121807336807,1.0,0.9773399233818054
YGR204W,YJR004C,0,-12.839301,0.09279999881982803,1.0,0.9775862097740173
YOR130C,YKR057W,0,-12.840497,0.09277879446744919,1.0,0.9778324961662292
YKR039W,YDR087C,0,-12.862794,0.09275759756565094,1.0,0.9780788421630859
YML024W,YJL154C,0,-12.870399,0.09273640811443329,1.0,0.9783251285552979
YJL100W,YBR069C,0,-12.890805,0.09271523356437683,1.0,0.9785714149475098
YNL280C,YKR057W,0,-12.894965,0.09269406646490097,1.0,0.9788177609443665
YGL030W,YMR088C,0,-12.909626,0.0926729068160057,1.0,0.9790640473365784
YAL003W,YIL017C,0,-12.940044,0.09265175461769104,1.0,0.9793103337287903
YLR175W,YOR344C,0,-12.945015,0.09263061732053757,1.0,0.979556679725647
YML128C,YHR042W,0,-12.962113,0.09260948747396469,1.0,0.9798029661178589
YMR006C,YLR075W,0,-12.983854,0.09258837252855301,1.0,0.9800492525100708
YDL004W,YJL069C,0,-12.986334,0.09256725758314133,1.0,0.9802955389022827
YLR370C,YDR175C,0,-12.986996,0.09254615753889084,1.0,0.9805418848991394
YGR257C,YDL185W,0,-12.989718,0.09252506494522095,1.0,0.9807881712913513
YGR248W,YBR117C,0,-13.0336075,0.09250398725271225,1.0,0.9810344576835632
YOL077C,YJL125C,0,-13.053602,0.09248291701078415,1.0,0.9812808036804199
YLR153C,YJL125C,0,-13.0543165,0.09246185421943665,1.0,0.9815270900726318
YHR089C,YIL101C,0,-13.065403,0.09244079887866974,1.0,0.9817733764648438
YLR110C,YGR248W,0,-13.101294,0.09241975843906403,1.0,0.9820197224617004
YDL102W,YKR057W,0,-13.102361,0.09239872545003891,1.0,0.9822660088539124
YBR185C,YDL185W,0,-13.113939,0.09237769991159439,1.0,0.9825122952461243
YFL016C,YBR117C,0,-13.123097,0.09235668927431107,1.0,0.982758641242981
YOL077C,YNL163C,0,-13.138962,0.09233568608760834,1.0,0.9830049276351929
YDR511W,YBR169C,0,-13.159656,0.0923146903514862,1.0,0.9832512140274048
YBR126C,YPL239W,0,-13.213061,0.09229370206594467,1.0,0.9834975600242615
YPR020W,YBR106W,0,-13.257375,0.09227272868156433,1.0,0.9837438464164734
YMR058W,YDR045C,0,-13.30637,0.09225176274776459,1.0,0.9839901328086853
YOL077C,YDR435C,0,-13.3143835,0.09223080426454544,1.0,0.984236478805542
YLR286C,YDR529C,0,-13.330669,0.09220985323190689,1.0,0.9844827651977539
YPL227C,YOL039W,0,-13.333536,0.09218891710042953,1.0,0.9847290515899658
YDR148C,YML024W,0,-13.345831,0.09216798841953278,1.0,0.9849753975868225
YBR234C,YBL039C,0,-13.3892765,0.09214707463979721,1.0,0.9852216839790344
YPL028W,YBR283C,0,-13.425111,0.09212616086006165,1.0,0.9854679703712463
YMR136W,YBR106W,0,-13.433258,0.09210526198148727,1.0,0.9857142567634583
YAL041W,YDR418W,0,-13.441324,0.0920843705534935,1.0,0.9859606027603149
YPR175W,YGR248W,0,-13.46149,0.09206349402666092,1.0,0.9862068891525269
YLR304C,YIL101C,0,-13.463825,0.09204261749982834,1.0,0.9864531755447388
YLR051C,YJL190C,0,-13.4759865,0.09202175587415695,1.0,0.9866995215415955
YOR100C,YKR057W,0,-13.510208,0.09200090914964676,1.0,0.9869458079338074
YER025W,YNL209W,0,-13.517721,0.09198006242513657,1.0,0.9871920943260193
YNL156C,YHR021C,0,-13.522669,0.09195923060178757,1.0,0.987438440322876
YFL057C,YKR057W,0,-13.5800905,0.09193840622901917,1.0,0.9876847267150879
YCL017C,YGR103W,0,-13.599995,0.09191758930683136,1.0,0.9879310131072998
YML128C,YMR241W,0,-13.617249,0.09189678728580475,1.0,0.9881773591041565
YHR174W,YDR435C,0,-13.625397,0.09187599271535873,1.0,0.9884236454963684
YDL130W,YDR178W,0,-13.638596,0.09185520559549332,1.0,0.9886699318885803
YML073C,YPR041W,0,-13.643082,0.0918344259262085,1.0,0.988916277885437
YDR101C,YOR226C,0,-13.689902,0.09181366115808487,1.0,0.9891625642776489
YDL166C,YLR009W,0,-13.72701,0.09179290384054184,1.0,0.9894088506698608
YGR204W,YBR114W,0,-13.734034,0.0917721539735794,1.0,0.9896551966667175
YML073C,YJL109C,0,-13.765638,0.09175141155719757,1.0,0.9899014830589294
YOL021C,YML073C,0,-13.783537,0.09173068404197693,1.0,0.9901477694511414
YIL079C,YGR248W,0,-13.836221,0.09170996397733688,1.0,0.990394115447998
YOR095C,YBR079C,0,-13.863363,0.09168925136327744,1.0,0.99064040184021
YAL003W,YPL026C,0,-13.889484,0.09166854619979858,1.0,0.9908866882324219
YDR434W,YLR075W,0,-13.926561,0.09164785593748093,1.0,0.9911330342292786
YOR095C,YDR027C,0,-13.976734,0.09162717312574387,1.0,0.9913793206214905
YLR153C,YNL248C,0,-14.058486,0.0916064977645874,1.0,0.9916256070137024
YHR089C,YBR126C,0,-14.103325,0.09158582985401154,1.0,0.9918718934059143
YOL077C,YHR194W,0,-14.137485,0.09156517684459686,1.0,0.992118239402771
YML130C,YKR039W,0,-14.196544,0.09154453128576279,1.0,0.9923645257949829
YCR034W,YKR056W,0,-14.217888,0.09152389317750931,1.0,0.9926108121871948
YLR075W,YPR101W,0,-14.221495,0.09150326997041702,1.0,0.9928571581840515
YJR127C,YGR211W,0,-14.24869,0.09148264676332474,1.0,0.9931034445762634
YLR056W,YNL216W,0,-14.257957,0.09146203845739365,1.0,0.9933497309684753
YLR056W,YGR214W,0,-14.270288,0.09144144505262375,1.0,0.993596076965332
YBL064C,YDR529C,0,-14.292821,0.09142085164785385,1.0,0.993842363357544
YMR175W,YNL066W,0,-14.325979,0.09140027314424515,1.0,0.9940886497497559
YNR054C,YLL043W,0,-14.336674,0.09137970209121704,1.0,0.9943349957466125
YOL151W,YMR096W,0,-14.377085,0.09135913848876953,1.0,0.9945812821388245
YGR155W,YPL214C,0,-14.404187,0.09133858233690262,1.0,0.9948275685310364
YLR056W,YDR087C,0,-14.415895,0.0913180410861969,1.0,0.9950739145278931
YGR204W,YER026C,0,-14.437611,0.09129750728607178,1.0,0.995320200920105
YDR101C,YPR140W,0,-14.539428,0.09127698093652725,1.0,0.9955664873123169
YGR214W,YJR103W,0,-14.625225,0.09125646203756332,1.0,0.9958128333091736
YAL038W,YGL236C,0,-14.661028,0.09123595803976059,1.0,0.9960591197013855
YJL125C,YKR057W,0,-14.712296,0.09121545404195786,1.0,0.9963054060935974
YDL022W,YER006W,0,-14.741909,0.09119496494531631,1.0,0.9965517520904541
YLR304C,YNL138W,0,-14.955029,0.09117449074983597,1.0,0.996798038482666
YJR045C,YLR372W,0,-14.992748,0.09115401655435562,1.0,0.9970443248748779
YAL003W,YDR045C,0,-15.121252,0.09113355726003647,1.0,0.9972906112670898
YGR103W,YMR088C,0,-15.1242,0.09111310541629791,1.0,0.9975369572639465
YCR034W,YKR009C,0,-15.348542,0.09109266102313995,1.0,0.9977832436561584
YJL190C,YKR050W,0,-15.513252,0.09107223153114319,1.0,0.9980295300483704
YDR045C,YKR057W,0,-15.561195,0.09105180203914642,1.0,0.998275876045227
YOL077C,YDR045C,0,-15.852761,0.09103138744831085,1.0,0.998522162437439
YOL064C,YNL333W,0,-15.963198,0.09101098775863647,1.0,0.9987684488296509
YML130C,YJL190C,0,-16.593748,0.0909905880689621,1.0,0.9990147948265076
YGR103W,YGR248W,0,-16.839537,0.09097019582986832,1.0,0.9992610812187195
YLR075W,YIL129C,0,-17.844715,0.09094981849193573,1.0,0.9995073676109314
YFL029C,YDR017C,0,-18.64208,0.09092944860458374,1.0,0.9997537136077881
YFL029C,YDR170C,0,-19.409315,0.09090909361839294,1.0,1.0
