Gene A,Gene B,Label,Score,Precision,Recall,False Positive Rate
YPR025C,YKR062W,1,-4.6808405,1.0,0.0010000000474974513,0.0
YPL011C,YDR311W,1,-4.682688,1.0,0.0020000000949949026,0.0
YPL011C,YKR062W,1,-4.7652216,1.0,0.003000000026077032,0.0
YPR056W,YBR123C,1,-4.85942,1.0,0.004000000189989805,0.0
YER148W,YGL112C,1,-4.8812704,1.0,0.004999999888241291,0.0
YPR025C,YPR186C,1,-4.889578,1.0,0.006000000052154064,0.0
YPR056W,YGR005C,1,-4.8944616,1.0,0.007000000216066837,0.0
YDR145W,YPL122C,1,-4.922532,1.0,0.00800000037997961,0.0
YPR025C,YPL011C,1,-4.934719,1.0,0.008999999612569809,0.0
YDR288W,YFR048W,0,-4.943372,0.8999999761581421,0.008999999612569809,9.999999747378752e-05
YDR295C,YBL046W,0,-4.957099,0.8181818127632141,0.008999999612569809,0.00019999999494757503
YER177W,YMR200W,0,-4.9682426,0.75,0.008999999612569809,0.0003000000142492354
YOL067C,YDR311W,1,-4.968873,0.7692307829856873,0.009999999776482582,0.0003000000142492354
YPR025C,YER148W,1,-4.980976,0.7857142686843872,0.010999999940395355,0.0003000000142492354
YGL044C,YML088W,0,-4.981337,0.7333333492279053,0.010999999940395355,0.00039999998989515007
YER171W,YIL143C,1,-4.9942055,0.75,0.012000000104308128,0.00039999998989515007
YLR418C,YNL051W,0,-5.0587506,0.7058823704719543,0.012000000104308128,0.0005000000237487257
YBR039W,YKL085W,0,-5.074132,0.6666666865348816,0.012000000104308128,0.0006000000284984708
YGL172W,YER005W,0,-5.074137,0.6315789222717285,0.012000000104308128,0.000699999975040555
YBR073W,YNL047C,0,-5.0750947,0.6000000238418579,0.012000000104308128,0.0007999999797903001
YGL061C,YOL102C,0,-5.0760098,0.5714285969734192,0.012000000104308128,0.0008999999845400453
YNL039W,YGR246C,1,-5.0765896,0.5909090638160706,0.013000000268220901,0.0008999999845400453
YBR207W,YBR037C,0,-5.0766573,0.5652173757553101,0.013000000268220901,0.0010000000474974513
YBR198C,YGL112C,1,-5.0831847,0.5833333134651184,0.014000000432133675,0.0010000000474974513
YPR186C,YPL122C,1,-5.087878,0.6000000238418579,0.014999999664723873,0.0010000000474974513
YKR062W,YDR460W,1,-5.088976,0.6153846383094788,0.01600000075995922,0.0010000000474974513
YER148W,YPL122C,1,-5.0955353,0.6296296119689941,0.017000000923871994,0.0010000000474974513
YKR062W,YDR311W,1,-5.0960846,0.6428571343421936,0.017999999225139618,0.0010000000474974513
YFR024C-A,YOR085W,0,-5.101376,0.6206896305084229,0.017999999225139618,0.0010999999940395355
YER107C,YPR072W,0,-5.1015606,0.6000000238418579,0.017999999225139618,0.0012000000569969416
YMR314W,YGR209C,0,-5.10333,0.5806451439857483,0.017999999225139618,0.0013000000035390258
YMR109W,YKL126W,0,-5.1056366,0.5625,0.017999999225139618,0.00139999995008111
YDR145W,YDR311W,1,-5.1063223,0.5757575631141663,0.01899999938905239,0.00139999995008111
YOR330C,YIL122W,0,-5.110498,0.5588235259056091,0.01899999938905239,0.001500000013038516
YBR102C,YLR182W,0,-5.112439,0.5428571701049805,0.01899999938905239,0.0015999999595806003
YPR181C,YIL039W,0,-5.115411,0.5277777910232544,0.01899999938905239,0.0017000000225380063
YBR123C,YGR047C,1,-5.119849,0.5405405163764954,0.019999999552965164,0.0017000000225380063
YOR233W,YDL028C,0,-5.12151,0.5263158082962036,0.019999999552965164,0.0017999999690800905
YGR254W,YLR044C,0,-5.122937,0.5128205418586731,0.019999999552965164,0.0019000000320374966
YBR073W,YGR099W,0,-5.134424,0.5,0.019999999552965164,0.0020000000949949026
YER171W,YPR086W,1,-5.139558,0.5121951103210449,0.020999999716877937,0.0020000000949949026
YJL053W,YGL153W,0,-5.1413116,0.5,0.020999999716877937,0.002099999925121665
YPR072W,YDR407C,0,-5.1465635,0.4883720874786377,0.020999999716877937,0.002199999988079071
YBR288C,YLR166C,0,-5.1564674,0.47727271914482117,0.020999999716877937,0.002300000051036477
YHR079C,YHR073W,0,-5.1594176,0.46666666865348816,0.020999999716877937,0.002400000113993883
YJR089W,YBR102C,0,-5.1637363,0.45652174949645996,0.020999999716877937,0.0024999999441206455
YBR041W,YJL004C,0,-5.164112,0.44680851697921753,0.020999999716877937,0.0026000000070780516
YNL314W,YML098W,1,-5.1723185,0.4583333432674408,0.02199999988079071,0.0026000000070780516
YPL204W,YNL091W,0,-5.172696,0.44897958636283875,0.02199999988079071,0.0027000000700354576
YDL143W,YIL038C,0,-5.1797214,0.4399999976158142,0.02199999988079071,0.00279999990016222
YML015C,YPL011C,1,-5.179776,0.45098039507865906,0.023000000044703484,0.00279999990016222
YPR086W,YML015C,1,-5.182477,0.4615384638309479,0.024000000208616257,0.00279999990016222
YBR102C,YIL105C,0,-5.1826553,0.4528301954269409,0.024000000208616257,0.002899999963119626
YGR246C,YGR005C,1,-5.1907244,0.46296295523643494,0.02500000037252903,0.002899999963119626
YPL011C,YPL122C,1,-5.1922235,0.4727272689342499,0.026000000536441803,0.002899999963119626
YML015C,YBR198C,1,-5.2005486,0.4821428656578064,0.027000000700354576,0.002899999963119626
YOR033C,YOL066C,0,-5.201195,0.4736842215061188,0.027000000700354576,0.003000000026077032
YML098W,YDR311W,1,-5.2022257,0.48275861144065857,0.02800000086426735,0.003000000026077032
YMR227C,YDR311W,1,-5.20325,0.49152541160583496,0.028999999165534973,0.003000000026077032
YPL129W,YGR005C,1,-5.205927,0.5,0.029999999329447746,0.003000000026077032
YIL143C,YDR311W,1,-5.2151985,0.5081967115402222,0.03099999949336052,0.003000000026077032
YPR025C,YDR145W,1,-5.215952,0.5161290168762207,0.03200000151991844,0.003000000026077032
YLR318W,YNL032W,0,-5.217455,0.5079365372657776,0.03200000151991844,0.003100000089034438
YER171W,YDR311W,1,-5.219365,0.515625,0.032999999821186066,0.003100000089034438
YLR259C,YOL122C,0,-5.2212625,0.5076923370361328,0.032999999821186066,0.0031999999191612005
YJR050W,YLR369W,0,-5.2223353,0.5,0.032999999821186066,0.0032999999821186066
YER148W,YPL129W,1,-5.224387,0.5074626803398132,0.03400000184774399,0.0032999999821186066
YDR145W,YPL011C,1,-5.224732,0.5147058963775635,0.03500000014901161,0.0032999999821186066
YGR246C,YDR311W,1,-5.224951,0.52173912525177,0.035999998450279236,0.0032999999821186066
YJR076C,YIL138C,0,-5.225789,0.5142857432365417,0.035999998450279236,0.0034000000450760126
YOL051W,YPR024W,0,-5.226425,0.5070422291755676,0.035999998450279236,0.0035000001080334187
YDR145W,YGL112C,1,-5.2292643,0.5138888955116272,0.03700000047683716,0.0035000001080334187
YNL258C,YOR014W,0,-5.2321544,0.5068492889404297,0.03700000047683716,0.003599999938160181
YPR025C,YOR194C,1,-5.2340345,0.5135135054588318,0.03799999877810478,0.003599999938160181
YDR311W,YBR123C,1,-5.2347856,0.5199999809265137,0.039000000804662704,0.003599999938160181
YPR086W,YDR311W,1,-5.2391257,0.5263158082962036,0.03999999910593033,0.003599999938160181
YOR110W,YOR194C,1,-5.23927,0.5324675440788269,0.04100000113248825,0.003599999938160181
YNL039W,YDR460W,1,-5.239341,0.5384615659713745,0.041999999433755875,0.003599999938160181
YLR314C,YKL179C,0,-5.2431207,0.5316455960273743,0.041999999433755875,0.003700000001117587
YMR227C,YKR062W,1,-5.248103,0.5375000238418579,0.0430000014603138,0.003700000001117587
YER105C,YGR006W,0,-5.250824,0.5308641791343689,0.0430000014603138,0.003800000064074993
YKL017C,YKL173W,0,-5.25126,0.5243902206420898,0.0430000014603138,0.0038999998942017555
YER148W,YKR062W,1,-5.252504,0.5301204919815063,0.04399999976158142,0.0038999998942017555
YPL129W,YPL011C,1,-5.2530727,0.5357142686843872,0.04500000178813934,0.0038999998942017555
YGL066W,YJL054W,0,-5.25312,0.529411792755127,0.04500000178813934,0.004000000189989805
YDR227W,YER100W,0,-5.253565,0.5232558250427246,0.04500000178813934,0.004100000020116568
YPR108W,YNL121C,0,-5.2565017,0.517241358757019,0.04500000178813934,0.00419999985024333
YPR070W,YER173W,0,-5.2612114,0.5113636255264282,0.04500000178813934,0.00430000014603138
YML098W,YBR123C,1,-5.2624755,0.516853928565979,0.04600000008940697,0.00430000014603138
YCR038C,YGL151W,0,-5.2626514,0.5111111402511597,0.04600000008940697,0.004399999976158142
YNL257C,YCR042C,1,-5.2627926,0.5164835453033447,0.04699999839067459,0.004399999976158142
YPL011C,YGR047C,1,-5.262867,0.52173912525177,0.04800000041723251,0.004399999976158142
YOL089C,YKR062W,1,-5.2635393,0.5268816947937012,0.04899999871850014,0.004399999976158142
YPR186C,YDR311W,1,-5.2677436,0.5319148898124695,0.05000000074505806,0.004399999976158142
YDR099W,YCL034W,0,-5.2692256,0.5263158082962036,0.05000000074505806,0.0044999998062849045
YJL165C,YOR288C,0,-5.2697544,0.5208333134651184,0.05000000074505806,0.004600000102072954
YKL190W,YMR281W,0,-5.270933,0.5154638886451721,0.05000000074505806,0.004699999932199717
YBR039W,YML091C,0,-5.271215,0.5102040767669678,0.05000000074505806,0.004800000227987766
YGL190C,YIL075C,0,-5.2714243,0.5050504803657532,0.05000000074505806,0.004900000058114529
YJL006C,YOL109W,0,-5.2715,0.5,0.05000000074505806,0.004999999888241291
YDR460W,YBR123C,1,-5.2722387,0.5049505233764648,0.050999999046325684,0.004999999888241291
YDR423C,YBR006W,0,-5.2725453,0.5,0.050999999046325684,0.005100000184029341
YDR079C-A,YBR123C,1,-5.272746,0.5048543810844421,0.052000001072883606,0.005100000184029341
YMR033W,YML064C,0,-5.272849,0.5,0.052000001072883606,0.005200000014156103
YHR167W,YDR532C,0,-5.2734184,0.4952380955219269,0.052000001072883606,0.0052999998442828655
YPR086W,YOR110W,1,-5.2739897,0.5,0.05299999937415123,0.0052999998442828655
YDR145W,YKR062W,1,-5.2746153,0.5046728849411011,0.05400000140070915,0.0052999998442828655
YKL213C,YAL016W,0,-5.2764907,0.5,0.05400000140070915,0.005400000140070915
YNR035C,YJR104C,0,-5.279052,0.4954128563404083,0.05400000140070915,0.005499999970197678
YPL178W,YJL140W,0,-5.2796783,0.4909090995788574,0.05400000140070915,0.00559999980032444
YML069W,YER171W,1,-5.279684,0.4954954981803894,0.054999999701976776,0.00559999980032444
YDR079C-A,YAL001C,1,-5.2797623,0.5,0.0560000017285347,0.00559999980032444
YGL112C,YPL122C,1,-5.282962,0.5044247508049011,0.05700000002980232,0.00559999980032444
YML069W,YDR311W,1,-5.2872696,0.5087719559669495,0.057999998331069946,0.00559999980032444
YOR266W,YEL050C,0,-5.287812,0.5043478012084961,0.057999998331069946,0.00570000009611249
YER171W,YDR145W,1,-5.2890673,0.5086206793785095,0.05900000035762787,0.00570000009611249
YNL039W,YKR062W,1,-5.289933,0.5128205418586731,0.05999999865889549,0.00570000009611249
YPR072W,YDR356W,0,-5.2900367,0.508474588394165,0.05999999865889549,0.005799999926239252
YML049C,YKL203C,0,-5.290614,0.5042017102241516,0.05999999865889549,0.005900000222027302
YNL039W,YMR227C,1,-5.291667,0.5083333253860474,0.061000000685453415,0.005900000222027302
YAR008W,YLR262C,0,-5.2931814,0.5041322112083435,0.061000000685453415,0.006000000052154064
YGL241W,YNL290W,0,-5.2932076,0.5,0.061000000685453415,0.006099999882280827
YMR004W,YML088W,0,-5.294075,0.49593496322631836,0.061000000685453415,0.006200000178068876
YIL036W,YNL257C,1,-5.297127,0.5,0.06199999898672104,0.006200000178068876
YOR198C,YGL048C,0,-5.2973022,0.4959999918937683,0.06199999898672104,0.006300000008195639
YNL257C,YGR047C,1,-5.2979565,0.5,0.06300000101327896,0.006300000008195639
YHR191C,YER087C-B,0,-5.3004007,0.4960629940032959,0.06300000101327896,0.006399999838322401
YBR258C,YLR010C,0,-5.3016906,0.4921875,0.06300000101327896,0.006500000134110451
YNL039W,YCR042C,1,-5.302733,0.4961240291595459,0.06400000303983688,0.006500000134110451
YOR123C,YLR138W,0,-5.3029923,0.4923076927661896,0.06400000303983688,0.006599999964237213
YLR314C,YGR009C,0,-5.3045425,0.4885496199131012,0.06400000303983688,0.0066999997943639755
YIL065C,YDR503C,0,-5.3050995,0.4848484992980957,0.06400000303983688,0.006800000090152025
YDR145W,YDR079C-A,1,-5.306225,0.4887218177318573,0.06499999761581421,0.006800000090152025
YPR186C,YBR123C,1,-5.3065805,0.49253731966018677,0.06599999964237213,0.006800000090152025
YIL143C,YOR194C,1,-5.3105516,0.4962962865829468,0.06700000166893005,0.006800000090152025
YLR079W,YBR289W,0,-5.3108034,0.49264705181121826,0.06700000166893005,0.006899999920278788
YNL014W,YIL122W,0,-5.3125105,0.48905110359191895,0.06700000166893005,0.007000000216066837
YGL166W,YDR079C-A,1,-5.313002,0.49275362491607666,0.06800000369548798,0.007000000216066837
YMR113W,YNL082W,0,-5.3155727,0.4892086386680603,0.06800000369548798,0.0071000000461936
YML069W,YBR198C,1,-5.3176346,0.4928571283817291,0.0689999982714653,0.0071000000461936
YNL038W,YOR123C,0,-5.319294,0.4893617033958435,0.0689999982714653,0.007199999876320362
YNL222W,YPL129W,1,-5.319667,0.49295774102211,0.07000000029802322,0.007199999876320362
YGL251C,YDR207C,0,-5.32121,0.4895104765892029,0.07000000029802322,0.007300000172108412
YPR025C,YDR460W,1,-5.3215265,0.4930555522441864,0.07100000232458115,0.007300000172108412
YJL031C,YKL015W,0,-5.321731,0.48965516686439514,0.07100000232458115,0.007400000002235174
YGR038W,YER018C,0,-5.3231416,0.48630136251449585,0.07100000232458115,0.007499999832361937
YGR047C,YGR005C,1,-5.3241987,0.4897959232330322,0.07199999690055847,0.007499999832361937
YGL190C,YEL037C,0,-5.325019,0.4864864945411682,0.07199999690055847,0.007600000128149986
YPR164W,YDR164C,0,-5.326152,0.48322147130966187,0.07199999690055847,0.007699999958276749
YER148W,YDR460W,1,-5.327012,0.4866666793823242,0.0729999989271164,0.007699999958276749
YNL325C,YGL153W,0,-5.327652,0.4834437072277069,0.0729999989271164,0.007799999788403511
YPL177C,YCR042C,1,-5.328065,0.4868420958518982,0.07400000095367432,0.007799999788403511
YLR314C,YGL048C,0,-5.332657,0.48366013169288635,0.07400000095367432,0.007899999618530273
YFL021W,YDR079C-A,1,-5.3336782,0.48701298236846924,0.07500000298023224,0.007899999618530273
YGL112C,YDR311W,1,-5.334777,0.4903225898742676,0.07599999755620956,0.007899999618530273
YKR083C,YGR029W,0,-5.334997,0.4871794879436493,0.07599999755620956,0.00800000037997961
YBL032W,YBR205W,0,-5.3366933,0.48407644033432007,0.07599999755620956,0.008100000210106373
YGL172W,YDR329C,0,-5.337803,0.4810126721858978,0.07599999755620956,0.008200000040233135
YMR186W,YFR050C,0,-5.338946,0.4779874086380005,0.07599999755620956,0.008299999870359898
YDL192W,YJL183W,0,-5.3405056,0.4749999940395355,0.07599999755620956,0.00839999970048666
YIL075C,YNL229C,0,-5.341756,0.47204968333244324,0.07599999755620956,0.008500000461935997
YPL011C,YGL112C,1,-5.3429317,0.4753086566925049,0.07699999958276749,0.008500000461935997
YBL085W,YGR072W,0,-5.3438196,0.47239264845848083,0.07699999958276749,0.00860000029206276
YGR246C,YPR025C,1,-5.344524,0.47560974955558777,0.07800000160932541,0.00860000029206276
YGL035C,YIR041W,0,-5.345004,0.4727272689342499,0.07800000160932541,0.008700000122189522
YPL202C,YPL011C,1,-5.34501,0.47590360045433044,0.07900000363588333,0.008700000122189522
YNL239W,YDL195W,0,-5.345602,0.473053902387619,0.07900000363588333,0.008799999952316284
YJR145C,YBR143C,0,-5.3465567,0.4702380895614624,0.07900000363588333,0.008899999782443047
YPR179C,YDR088C,0,-5.350065,0.4674556255340576,0.07900000363588333,0.008999999612569809
YOL094C,YLR145W,0,-5.3511662,0.4647058844566345,0.07900000363588333,0.009100000374019146
YOL089C,YDR145W,1,-5.3516374,0.46783626079559326,0.07999999821186066,0.009100000374019146
YPL011C,YOR194C,1,-5.351731,0.47093021869659424,0.08100000023841858,0.009100000374019146
YNL039W,YML098W,1,-5.352372,0.47398844361305237,0.0820000022649765,0.009100000374019146
YLR028C,YKL194C,0,-5.3540087,0.4712643623352051,0.0820000022649765,0.009200000204145908
YGR186W,YGR005C,1,-5.356181,0.47428572177886963,0.08299999684095383,0.009200000204145908
YER129W,YLR298C,0,-5.358263,0.47159090638160706,0.08299999684095383,0.00930000003427267
YPR086W,YDR145W,1,-5.3607187,0.47457626461982727,0.08399999886751175,0.00930000003427267
YOR334W,YCL010C,0,-5.361408,0.47191011905670166,0.08399999886751175,0.009399999864399433
YPR189W,YER005W,0,-5.362146,0.46927374601364136,0.08399999886751175,0.009499999694526196
YIL036W,YGL207W,1,-5.363065,0.4722222089767456,0.08500000089406967,0.009499999694526196
YOR067C,YAR033W,0,-5.3640175,0.469613254070282,0.08500000089406967,0.009600000455975533
YJL091C,YHR026W,0,-5.365323,0.4670329689979553,0.08500000089406967,0.009700000286102295
YDL017W,YLR305C,0,-5.36548,0.4644808769226074,0.08500000089406967,0.009800000116229057
YPR179C,YMR005W,0,-5.365549,0.46195653080940247,0.08500000089406967,0.00989999994635582
YPR103W,YJR044C,0,-5.3662043,0.45945945382118225,0.08500000089406967,0.009999999776482582
YGR147C,YOR295W,0,-5.3670073,0.45698925852775574,0.08500000089406967,0.010099999606609344
YOR110W,YGR005C,1,-5.367535,0.45989304780960083,0.0860000029206276,0.010099999606609344
YDL047W,YBR127C,0,-5.367604,0.457446813583374,0.0860000029206276,0.010200000368058681
YPL060W,YIL075C,0,-5.3676667,0.45502644777297974,0.0860000029206276,0.010300000198185444
YBR215W,YDR082W,0,-5.369816,0.4526315927505493,0.0860000029206276,0.010400000028312206
YDL029W,YDR265W,0,-5.369951,0.45026177167892456,0.0860000029206276,0.010499999858438969
YGR193C,YLL003W,0,-5.3707905,0.4479166567325592,0.0860000029206276,0.010599999688565731
YMR033W,YDL006W,0,-5.371688,0.4455958604812622,0.0860000029206276,0.010700000450015068
YIL036W,YIL143C,1,-5.372197,0.4484536051750183,0.08699999749660492,0.010700000450015068
YER017C,YOL122C,0,-5.3725977,0.446153849363327,0.08699999749660492,0.01080000028014183
YNL257C,YDR311W,1,-5.374414,0.44897958636283875,0.08799999952316284,0.01080000028014183
YGL207W,YDR145W,1,-5.375186,0.4517766535282135,0.08900000154972076,0.01080000028014183
YIL143C,YDR460W,1,-5.3755083,0.4545454680919647,0.09000000357627869,0.01080000028014183
YML015C,YPL129W,1,-5.376567,0.45728641748428345,0.09099999815225601,0.01080000028014183
YNL039W,YPR025C,1,-5.3785524,0.46000000834465027,0.09200000017881393,0.01080000028014183
YBR017C,YIL126W,0,-5.3790407,0.45771142840385437,0.09200000017881393,0.010900000110268593
YJL165C,YAL032C,0,-5.3796973,0.4554455578327179,0.09200000017881393,0.010999999940395355
YJL124C,YBL023C,0,-5.384026,0.4532019793987274,0.09200000017881393,0.011099999770522118
YHR115C,YKL068W,0,-5.3855476,0.45098039507865906,0.09200000017881393,0.01119999960064888
YIL131C,YBL079W,0,-5.385578,0.44878047704696655,0.09200000017881393,0.011300000362098217
YER173W,YPL065W,0,-5.385608,0.446601927280426,0.09200000017881393,0.01140000019222498
YLR182W,YMR067C,0,-5.38568,0.4444444477558136,0.09200000017881393,0.011500000022351742
YBR041W,YIR006C,0,-5.3870697,0.4423076808452606,0.09200000017881393,0.011599999852478504
YIL143C,YDR079C-A,1,-5.388426,0.4449760913848877,0.09300000220537186,0.011599999852478504
YPR086W,YPL129W,1,-5.3891726,0.4476190507411957,0.09399999678134918,0.011599999852478504
YJL076W,YLR383W,0,-5.3897343,0.44549763202667236,0.09399999678134918,0.011699999682605267
YDR145W,YGR047C,1,-5.389842,0.44811320304870605,0.0949999988079071,0.011699999682605267
YIL143C,YMR227C,1,-5.3899517,0.4507042169570923,0.09600000083446503,0.011699999682605267
YER012W,YIL126W,0,-5.3904114,0.44859811663627625,0.09600000083446503,0.011800000444054604
YPR072W,YGL172W,0,-5.3906217,0.4465116262435913,0.09600000083446503,0.011900000274181366
YJR013W,YLR097C,0,-5.391205,0.4444444477558136,0.09600000083446503,0.012000000104308128
YML127W,YJL004C,0,-5.3922606,0.4423963129520416,0.09600000083446503,0.01209999993443489
YDL044C,YLR071C,0,-5.392356,0.4403669834136963,0.09600000083446503,0.012199999764561653
YLL015W,YOL129W,0,-5.3924227,0.4383561611175537,0.09600000083446503,0.012299999594688416
YDR311W,YPR056W,1,-5.3929214,0.44090908765792847,0.09700000286102295,0.012299999594688416
YDR295C,YBR060C,0,-5.393032,0.438914030790329,0.09700000286102295,0.012400000356137753
YPL195W,YOL004W,0,-5.3932266,0.4369369447231293,0.09700000286102295,0.012500000186264515
YAL016W,YPR173C,0,-5.393473,0.43497759103775024,0.09700000286102295,0.012600000016391277
YPR025C,YOL089C,1,-5.3948007,0.4375,0.09799999743700027,0.012600000016391277
YOR304W,YJL013C,0,-5.3951883,0.4355555474758148,0.09799999743700027,0.01269999984651804
YER148W,YOR194C,1,-5.3956356,0.43805310130119324,0.0989999994635582,0.01269999984651804
YOR265W,YKL006C-A,0,-5.3957386,0.4361233413219452,0.0989999994635582,0.012799999676644802
YDR174W,YGR033C,0,-5.395997,0.43421053886413574,0.0989999994635582,0.012900000438094139
YNR010W,YKL173W,0,-5.397808,0.432314395904541,0.0989999994635582,0.013000000268220901
YGL211W,YOR115C,0,-5.3988333,0.43043479323387146,0.0989999994635582,0.013100000098347664
YOR211C,YIL031W,0,-5.398924,0.4285714328289032,0.0989999994635582,0.013199999928474426
YNL222W,YGL112C,1,-5.400242,0.43103447556495667,0.10000000149011612,0.013199999928474426
YFR028C,YDR207C,0,-5.4012337,0.42918455600738525,0.10000000149011612,0.013299999758601189
YKR062W,YPL122C,1,-5.4014792,0.4316239356994629,0.10100000351667404,0.013299999758601189
YDL142C,YKR067W,0,-5.401497,0.4297872483730316,0.10100000351667404,0.013399999588727951
YPL145C,YKR090W,0,-5.4016743,0.42796608805656433,0.10100000351667404,0.013500000350177288
YPR186C,YML015C,1,-5.4022636,0.4303797483444214,0.10199999809265137,0.013500000350177288
YNL072W,YHR050W,0,-5.4038353,0.4285714328289032,0.10199999809265137,0.01360000018030405
YNL039W,YPL122C,1,-5.4043207,0.43096235394477844,0.10300000011920929,0.01360000018030405
YML015C,YDR311W,1,-5.404816,0.4333333373069763,0.10400000214576721,0.01360000018030405
YDL105W,YBL046W,0,-5.4049964,0.4315352737903595,0.10400000214576721,0.013700000010430813
YNL039W,YBR123C,1,-5.4051094,0.43388429284095764,0.10499999672174454,0.013700000010430813
YNL257C,YDR145W,1,-5.407194,0.43621399998664856,0.10599999874830246,0.013700000010430813
YDR288W,YBR153W,0,-5.4085293,0.4344262182712555,0.10599999874830246,0.013799999840557575
YBL019W,YPL228W,0,-5.409401,0.4326530694961548,0.10599999874830246,0.013899999670684338
YFR021W,YAL043C,0,-5.4099064,0.43089431524276733,0.10599999874830246,0.014000000432133675
YER021W,YPR173C,0,-5.410554,0.4291498064994812,0.10599999874830246,0.014100000262260437
YGR247W,YDR142C,0,-5.4110885,0.42741936445236206,0.10599999874830246,0.0142000000923872
YEL027W,YMR054W,0,-5.4112988,0.4257028102874756,0.10599999874830246,0.014299999922513962
YGR267C,YKR022C,0,-5.411708,0.42399999499320984,0.10599999874830246,0.014399999752640724
YKR028W,YCL063W,0,-5.4124618,0.4223107695579529,0.10599999874830246,0.014499999582767487
YPR103W,YML001W,0,-5.415862,0.420634925365448,0.10599999874830246,0.014600000344216824
YOR113W,YGL142C,0,-5.415909,0.41897234320640564,0.10599999874830246,0.014700000174343586
YJL081C,YGL226C-A,0,-5.417388,0.4173228442668915,0.10599999874830246,0.014800000004470348
YML098W,YGR047C,1,-5.4177732,0.41960784792900085,0.10700000077486038,0.014800000004470348
YDR419W,YDR011W,0,-5.418335,0.41796875,0.10700000077486038,0.01489999983459711
YPR186C,YPR086W,1,-5.418629,0.42023345828056335,0.1080000028014183,0.01489999983459711
YPR086W,YGR186W,1,-5.4189596,0.42248061299324036,0.10899999737739563,0.01489999983459711
YNL039W,YGR047C,1,-5.419589,0.4247104227542877,0.10999999940395355,0.01489999983459711
YPR025C,YDR079C-A,1,-5.4204683,0.42692306637763977,0.11100000143051147,0.01489999983459711
YGL207W,YDR311W,1,-5.4207296,0.4291187822818756,0.1120000034570694,0.01489999983459711
YHR175W,YKL046C,0,-5.4212103,0.42748090624809265,0.1120000034570694,0.014999999664723873
YOL116W,YDR166C,0,-5.424175,0.42585551738739014,0.1120000034570694,0.01510000042617321
YIL036W,YBR123C,1,-5.425008,0.4280303120613098,0.11299999803304672,0.01510000042617321
YKL206C,YJR144W,0,-5.4258657,0.4264150857925415,0.11299999803304672,0.015200000256299973
YIL040W,YDR337W,0,-5.4260426,0.4248120188713074,0.11299999803304672,0.015300000086426735
YDR272W,YPL206C,0,-5.4271975,0.4232209622859955,0.11299999803304672,0.015399999916553497
YMR237W,YKL126W,0,-5.427722,0.4216417968273163,0.11299999803304672,0.01549999974668026
YPR086W,YPL122C,1,-5.4280367,0.4237918257713318,0.11400000005960464,0.01549999974668026
YGR246C,YNL257C,1,-5.4282475,0.42592594027519226,0.11500000208616257,0.01549999974668026
YPL177C,YDR079C-A,1,-5.4291425,0.42804428935050964,0.11599999666213989,0.01549999974668026
YCR042C,YKR062W,1,-5.429542,0.43014705181121826,0.11699999868869781,0.01549999974668026
YCR042C,YGR047C,1,-5.4307494,0.43223443627357483,0.11800000071525574,0.01549999974668026
YIL036W,YDR145W,1,-5.4312243,0.4343065619468689,0.11900000274181366,0.01549999974668026
YPL011C,YBR198C,1,-5.431424,0.4363636374473572,0.11999999731779099,0.01549999974668026
YOR033C,YDL065C,0,-5.433219,0.43478259444236755,0.11999999731779099,0.015599999576807022
YKR062W,YOR194C,1,-5.434567,0.4368230998516083,0.12099999934434891,0.015599999576807022
YKR083C,YDL028C,0,-5.436166,0.43525180220603943,0.12099999934434891,0.015699999406933784
YLR238W,YER012W,0,-5.43675,0.43369176983833313,0.12099999934434891,0.015799999237060547
YJR052W,YDR207C,0,-5.4367743,0.43214285373687744,0.12099999934434891,0.01590000092983246
YMR044W,YGL210W,0,-5.4399824,0.4306049942970276,0.12099999934434891,0.01600000075995922
YCR042C,YPL122C,1,-5.439985,0.43262410163879395,0.12200000137090683,0.01600000075995922
YJR089W,YNR011C,0,-5.4401455,0.4310953915119171,0.12200000137090683,0.016100000590085983
YDR318W,YGR020C,0,-5.4413357,0.42957746982574463,0.12200000137090683,0.016200000420212746
YDR166C,YLR362W,0,-5.4420433,0.42807018756866455,0.12200000137090683,0.016300000250339508
YNL039W,YGL207W,1,-5.442093,0.4300699234008789,0.12300000339746475,0.016300000250339508
YBR109C,YHR060W,0,-5.442141,0.4285714328289032,0.12300000339746475,0.01640000008046627
YBR161W,YBR199W,0,-5.4427342,0.4270833432674408,0.12300000339746475,0.016499999910593033
YPL209C,YOL069W,0,-5.443141,0.42560553550720215,0.12300000339746475,0.016599999740719795
YCR082W,YLR254C,0,-5.445349,0.4241379201412201,0.12300000339746475,0.016699999570846558
YMR227C,YGR047C,1,-5.445812,0.42611682415008545,0.12399999797344208,0.016699999570846558
YER143W,YDR088C,0,-5.447627,0.42465752363204956,0.12399999797344208,0.01679999940097332
YGL066W,YML088W,0,-5.447871,0.42320817708969116,0.12399999797344208,0.016899999231100082
YBL009W,YMR048W,0,-5.4478846,0.4217686951160431,0.12399999797344208,0.017000000923871994
YLR215C,YDR191W,0,-5.448248,0.4203389883041382,0.12399999797344208,0.017100000753998756
YKL194C,YNL330C,0,-5.4491224,0.4189189076423645,0.12399999797344208,0.01720000058412552
YDR460W,YDR079C-A,1,-5.44977,0.4208754301071167,0.125,0.01720000058412552
YEL037C,YOL148C,0,-5.4507613,0.4194630980491638,0.125,0.01730000041425228
YLR314C,YLR059C,0,-5.4510636,0.41806021332740784,0.125,0.017400000244379044
YPL145C,YGR279C,0,-5.4521856,0.4166666567325592,0.125,0.017500000074505806
YMR240C,YOL128C,0,-5.4526324,0.41528239846229553,0.125,0.01759999990463257
YMR255W,YMR273C,0,-5.452842,0.4139072895050049,0.125,0.01769999973475933
YKL007W,YAR007C,0,-5.4528837,0.4125412404537201,0.125,0.017799999564886093
YPR100W,YHR091C,0,-5.458045,0.4111842215061188,0.125,0.017899999395012856
YGL130W,YBR035C,0,-5.4593315,0.4098360538482666,0.125,0.017999999225139618
YEL029C,YOR241W,0,-5.4594946,0.4084967374801636,0.125,0.01810000091791153
YML069W,YDR145W,1,-5.460243,0.4104234576225281,0.12600000202655792,0.01810000091791153
YNL113W,YDR447C,0,-5.460248,0.40909090638160706,0.12600000202655792,0.018200000748038292
YDR254W,YGL153W,0,-5.4602914,0.40776699781417847,0.12600000202655792,0.018300000578165054
YEL015W,YMR005W,0,-5.460457,0.40645161271095276,0.12600000202655792,0.018400000408291817
YML069W,YGR186W,1,-5.460471,0.4083601236343384,0.12700000405311584,0.018400000408291817
YDR071C,YGR009C,0,-5.4607906,0.40705129504203796,0.12700000405311584,0.01850000023841858
YOR132W,YCL033C,0,-5.4616127,0.4057508111000061,0.12700000405311584,0.01860000006854534
YPL098C,YGL126W,0,-5.46181,0.404458612203598,0.12700000405311584,0.018699999898672104
YDL213C,YNL302C,0,-5.4619894,0.40317460894584656,0.12700000405311584,0.018799999728798866
YDR145W,YMR227C,1,-5.4624634,0.40506330132484436,0.12800000607967377,0.018799999728798866
YIL026C,YNL304W,0,-5.462928,0.40378549695014954,0.12800000607967377,0.01889999955892563
YDL175C,YNR010W,0,-5.4630356,0.402515709400177,0.12800000607967377,0.01899999938905239
YNL242W,YLR305C,0,-5.463553,0.40125390887260437,0.12800000607967377,0.019099999219179153
YNL219C,YOL122C,0,-5.463726,0.4000000059604645,0.12800000607967377,0.019200000911951065
YDL126C,YKL145W,0,-5.4641767,0.3987538814544678,0.12800000607967377,0.019300000742077827
YLR310C,YDR054C,0,-5.4643373,0.39751553535461426,0.12800000607967377,0.01940000057220459
YLR390W-A,YCR024C-A,0,-5.4644403,0.396284818649292,0.12800000607967377,0.019500000402331352
YMR237W,YML078W,0,-5.464925,0.395061731338501,0.12800000607967377,0.019600000232458115
YIL036W,YKR062W,1,-5.4655886,0.3969230651855469,0.1289999932050705,0.019600000232458115
YDR145W,YDR460W,1,-5.4674196,0.3987730145454407,0.12999999523162842,0.019600000232458115
YGL135W,YHR135C,0,-5.4677477,0.3975535035133362,0.12999999523162842,0.019700000062584877
YPR019W,YMR073C,0,-5.4682913,0.396341472864151,0.12999999523162842,0.01979999989271164
YPL179W,YBL102W,0,-5.4683404,0.3951367735862732,0.12999999523162842,0.019899999722838402
YNL314W,YBR123C,1,-5.468508,0.3969697058200836,0.13099999725818634,0.019899999722838402
YGL216W,YDR532C,0,-5.4691606,0.395770400762558,0.13099999725818634,0.019999999552965164
YOL135C,YKR086W,0,-5.4691896,0.39457830786705017,0.13099999725818634,0.020099999383091927
YOL002C,YDR456W,0,-5.471431,0.3933933973312378,0.13099999725818634,0.02019999921321869
YNL271C,YMR275C,0,-5.4718018,0.3922155797481537,0.13099999725818634,0.0203000009059906
YGL032C,YDR378C,0,-5.4718413,0.3910447657108307,0.13099999725818634,0.020400000736117363
YOR284W,YDR378C,0,-5.473068,0.3898809552192688,0.13099999725818634,0.020500000566244125
YDR145W,YPL129W,1,-5.4734817,0.3916913866996765,0.13199999928474426,0.020500000566244125
YOR080W,YLL021W,0,-5.474275,0.39053255319595337,0.13199999928474426,0.020600000396370888
YML051W,YPR075C,0,-5.47446,0.389380544424057,0.13199999928474426,0.02070000022649765
YGR178C,YCR081W,0,-5.474541,0.38823530077934265,0.13199999928474426,0.020800000056624413
YNL257C,YGR005C,1,-5.4745946,0.39002931118011475,0.13300000131130219,0.020800000056624413
YER148W,YIL143C,1,-5.475345,0.39181286096572876,0.1340000033378601,0.020800000056624413
YKL206C,YML019W,0,-5.4761267,0.3906705677509308,0.1340000033378601,0.020899999886751175
YGR167W,YJL076W,0,-5.4761953,0.3895348906517029,0.1340000033378601,0.020999999716877937
YLR085C,YOL095C,0,-5.476616,0.38840579986572266,0.1340000033378601,0.0210999995470047
YJL002C,YHR135C,0,-5.476778,0.38728323578834534,0.1340000033378601,0.021199999377131462
YJR064W,YLR150W,0,-5.4771233,0.38616713881492615,0.1340000033378601,0.021299999207258224
YDR228C,YDL006W,0,-5.4782395,0.3850574791431427,0.1340000033378601,0.021400000900030136
YER171W,YPL011C,1,-5.47945,0.3868194818496704,0.13500000536441803,0.021400000900030136
YML069W,YML098W,1,-5.480519,0.38857144117355347,0.13600000739097595,0.021400000900030136
YBL018C,YHR088W,0,-5.481606,0.38746437430381775,0.13600000739097595,0.0215000007301569
YOR058C,YKR037C,0,-5.4819455,0.3863636255264282,0.13600000739097595,0.02160000056028366
YBR009C,YDR276C,0,-5.483345,0.3852691352367401,0.13600000739097595,0.021700000390410423
YOR074C,YBR130C,0,-5.4843025,0.38418078422546387,0.13600000739097595,0.021800000220537186
YBR009C,YBR275C,0,-5.48454,0.3830986022949219,0.13600000739097595,0.021900000050663948
YPL129W,YOR194C,1,-5.4845877,0.3848314583301544,0.13699999451637268,0.021900000050663948
YOL094C,YDR240C,0,-5.485016,0.3837535083293915,0.13699999451637268,0.02199999988079071
YMR076C,YDR323C,0,-5.4854755,0.38268157839775085,0.13699999451637268,0.022099999710917473
YNR001C,YOL110W,0,-5.486636,0.38161560893058777,0.13699999451637268,0.022199999541044235
YML015C,YOR194C,1,-5.4868565,0.38333332538604736,0.1379999965429306,0.022199999541044235
YPL122C,YDR460W,1,-5.488666,0.38504156470298767,0.13899999856948853,0.022199999541044235
YNL291C,YCR044C,0,-5.4887652,0.38397789001464844,0.13899999856948853,0.022299999371170998
YPR086W,YGR047C,1,-5.4889874,0.38567492365837097,0.14000000059604645,0.022299999371170998
YPR056W,YDR079C-A,1,-5.4895773,0.38736262917518616,0.14100000262260437,0.022299999371170998
YDL200C,YJL036W,0,-5.4899645,0.3863013684749603,0.14100000262260437,0.02239999920129776
YOL013C,YDL195W,0,-5.490184,0.3852458894252777,0.14100000262260437,0.02250000089406967
YDR440W,YML064C,0,-5.4906,0.3841961920261383,0.14100000262260437,0.022600000724196434
YJL201W,YHR120W,0,-5.491068,0.38315218687057495,0.14100000262260437,0.022700000554323196
YBR161W,YML121W,0,-5.491956,0.38211381435394287,0.14100000262260437,0.02280000038444996
YOL145C,YKR031C,0,-5.493017,0.38108107447624207,0.14100000262260437,0.02290000021457672
YPR025C,YER171W,1,-5.493346,0.3827493190765381,0.1420000046491623,0.02290000021457672
YGL155W,YDR138W,0,-5.494078,0.3817204236984253,0.1420000046491623,0.023000000044703484
YML098W,YGR005C,1,-5.4944468,0.3833780288696289,0.14300000667572021,0.023000000044703484
YDR151C,YER012W,0,-5.4948645,0.38235294818878174,0.14300000667572021,0.023099999874830246
YGL112C,YOR194C,1,-5.494916,0.3840000033378601,0.14399999380111694,0.023099999874830246
YDR356W,YIL138C,0,-5.4949946,0.38297873735427856,0.14399999380111694,0.02319999970495701
YGR098C,YGL210W,0,-5.495193,0.3819628655910492,0.14399999380111694,0.02329999953508377
YOL088C,YLR181C,0,-5.4958367,0.380952388048172,0.14399999380111694,0.023399999365210533
YJR060W,YNL064C,0,-5.495982,0.3799472153186798,0.14399999380111694,0.023499999195337296
YGR274C,YGR186W,1,-5.4963045,0.3815789520740509,0.14499999582767487,0.023499999195337296
YIL143C,YML015C,1,-5.496898,0.38320210576057434,0.1459999978542328,0.023499999195337296
YIL036W,YDR079C-A,1,-5.4970922,0.3848167657852173,0.1469999998807907,0.023499999195337296
YDR145W,YOR110W,1,-5.4974303,0.3864229619503021,0.14800000190734863,0.023499999195337296
YGR246C,YML069W,1,-5.4976864,0.3880208432674408,0.14900000393390656,0.023499999195337296
YDR329C,YLR025W,0,-5.4981384,0.3870129883289337,0.14900000393390656,0.023600000888109207
YML015C,YMR227C,1,-5.4986105,0.38860103487968445,0.15000000596046448,0.023600000888109207
YML071C,YFR048W,0,-5.4990225,0.38759690523147583,0.15000000596046448,0.02370000071823597
YGR274C,YPL011C,1,-5.4995775,0.38917526602745056,0.1509999930858612,0.02370000071823597
YDL005C,YBR275C,0,-5.4996114,0.38817480206489563,0.1509999930858612,0.023800000548362732
YGR274C,YPL122C,1,-5.499896,0.3897435963153839,0.15199999511241913,0.023800000548362732
YKL112W,YNL166C,0,-5.5004854,0.38874679803848267,0.15199999511241913,0.023900000378489494
YCL001W,YDR011W,0,-5.501106,0.3877550959587097,0.15199999511241913,0.024000000208616257
YER171W,YGL112C,1,-5.501993,0.3893129825592041,0.15299999713897705,0.024000000208616257
YMR162C,YOL112W,0,-5.5020046,0.38832488656044006,0.15299999713897705,0.02410000003874302
YGL207W,YBR123C,1,-5.5021696,0.3898734152317047,0.15399999916553497,0.02410000003874302
YMR276W,YNL241C,0,-5.502342,0.3888888955116272,0.15399999916553497,0.02419999986886978
YLR288C,YIL061C,0,-5.5036983,0.38790932297706604,0.15399999916553497,0.024299999698996544
YGR140W,YPL192C,0,-5.503962,0.38693466782569885,0.15399999916553497,0.024399999529123306
YCR042C,YDR079C-A,1,-5.5057793,0.38847118616104126,0.1550000011920929,0.024399999529123306
YJL081C,YGL018C,0,-5.506445,0.38749998807907104,0.1550000011920929,0.02449999935925007
YOL089C,YML069W,1,-5.506935,0.3890274167060852,0.15600000321865082,0.02449999935925007
YPR186C,YBR198C,1,-5.5072136,0.3905472755432129,0.15700000524520874,0.02449999935925007
YHR073W,YOR261C,0,-5.507903,0.3895781636238098,0.15700000524520874,0.02459999918937683
YGL207W,YML015C,1,-5.5082655,0.3910891115665436,0.15800000727176666,0.02459999918937683
YER013W,YIL030C,0,-5.5088415,0.3901234567165375,0.15800000727176666,0.024700000882148743
YGR218W,YMR047C,0,-5.5098104,0.3891625702381134,0.15800000727176666,0.024800000712275505
YGL005C,YJR010C-A,0,-5.5101213,0.3882063925266266,0.15800000727176666,0.024900000542402267
YOL051W,YHR186C,0,-5.510764,0.38725489377975464,0.15800000727176666,0.02500000037252903
YOR241W,YLR424W,0,-5.510788,0.38630807399749756,0.15800000727176666,0.025100000202655792
YOL063C,YDR481C,0,-5.510955,0.3853658437728882,0.15800000727176666,0.025200000032782555
YGL013C,YPR173C,0,-5.5110044,0.3844282329082489,0.15800000727176666,0.025299999862909317
YML069W,YIL143C,1,-5.5121136,0.3859223425388336,0.1589999943971634,0.025299999862909317
YOR233W,YDR217C,0,-5.5121903,0.38498789072036743,0.1589999943971634,0.02539999969303608
YOL067C,YDR145W,1,-5.5122905,0.3864734172821045,0.1599999964237213,0.02539999969303608
YNL201C,YGL058W,0,-5.512635,0.3855421543121338,0.1599999964237213,0.025499999523162842
YPR025C,YGR274C,1,-5.5149183,0.38701921701431274,0.16099999845027924,0.025499999523162842
YMR119W,YGR284C,0,-5.5152,0.38609111309051514,0.16099999845027924,0.025599999353289604
YCR081W,YDR457W,0,-5.5154486,0.3851674497127533,0.16099999845027924,0.025699999183416367
YDR071C,YPL065W,0,-5.51582,0.38424819707870483,0.16099999845027924,0.025800000876188278
YLR166C,YIL039W,0,-5.5168867,0.38333332538604736,0.16099999845027924,0.02590000070631504
YIL002C,YDR330W,0,-5.516969,0.3824228048324585,0.16099999845027924,0.026000000536441803
YKR086W,YDR280W,0,-5.5174656,0.38151657581329346,0.16099999845027924,0.026100000366568565
YPR186C,YGR005C,1,-5.517713,0.38297873735427856,0.16200000047683716,0.026100000366568565
YGR099W,YOR115C,0,-5.5181646,0.3820754587650299,0.16200000047683716,0.026200000196695328
YDR145W,YGR005C,1,-5.518717,0.3835294246673584,0.16300000250339508,0.026200000196695328
YBR179C,YBR253W,0,-5.5187244,0.3826290965080261,0.16300000250339508,0.02630000002682209
YIL036W,YDR460W,1,-5.5190744,0.38407495617866516,0.164000004529953,0.02630000002682209
YDL069C,YMR198W,0,-5.5191956,0.38317757844924927,0.164000004529953,0.026399999856948853
YGR276C,YHR135C,0,-5.5200586,0.38228437304496765,0.164000004529953,0.026499999687075615
YDR311W,YGR005C,1,-5.521285,0.38372093439102173,0.16500000655651093,0.026499999687075615
YLR103C,YPL153C,0,-5.5220246,0.3828306198120117,0.16500000655651093,0.026599999517202377
YJR033C,YBR260C,0,-5.5228353,0.3819444477558136,0.16500000655651093,0.02669999934732914
YBR109C,YOR020C,0,-5.5248795,0.3810623586177826,0.16500000655651093,0.026799999177455902
YBR198C,YDR311W,1,-5.5251637,0.382488489151001,0.16599999368190765,0.026799999177455902
YPR046W,YNL047C,0,-5.525365,0.3816092014312744,0.16599999368190765,0.026900000870227814
YDL035C,YJR044C,0,-5.5263443,0.3807339370250702,0.16599999368190765,0.027000000700354576
YDL047W,YGL049C,0,-5.5271916,0.3798626959323883,0.16599999368190765,0.02710000053048134
YPR135W,YBR272C,0,-5.528026,0.37899544835090637,0.16599999368190765,0.0272000003606081
YPR008W,YDR311W,1,-5.5281496,0.38041001558303833,0.16699999570846558,0.0272000003606081
YOL042W,YDL007W,0,-5.528252,0.3795454502105713,0.16699999570846558,0.027300000190734863
YML098W,YGR186W,1,-5.528837,0.380952388048172,0.1679999977350235,0.027300000190734863
YHR086W,YPL032C,0,-5.530294,0.38009050488471985,0.1679999977350235,0.027400000020861626
YGL216W,YHR082C,0,-5.5308905,0.3792324960231781,0.1679999977350235,0.027499999850988388
YPR094W,YPR143W,0,-5.5315065,0.37837839126586914,0.1679999977350235,0.02759999968111515
YML015C,YML098W,1,-5.5318613,0.3797752857208252,0.16899999976158142,0.02759999968111515
YGL136C,YHR027C,0,-5.5325694,0.37892377376556396,0.16899999976158142,0.027699999511241913
YML098W,YPR056W,1,-5.533312,0.3803131878376007,0.17000000178813934,0.027699999511241913
YBR198C,YMR227C,1,-5.533764,0.3816964328289032,0.17100000381469727,0.027699999511241913
YOR321W,YGR170W,0,-5.534544,0.3808463215827942,0.17100000381469727,0.027799999341368675
YNL039W,YER171W,1,-5.534576,0.3822222352027893,0.1720000058412552,0.027799999341368675
YIL098C,YLR011W,0,-5.534622,0.381374716758728,0.1720000058412552,0.027899999171495438
YGR246C,YGL112C,1,-5.535079,0.38274335861206055,0.17299999296665192,0.027899999171495438
YIL143C,YPR086W,1,-5.535139,0.38410595059394836,0.17399999499320984,0.027899999171495438
YNL297C,YGL100W,0,-5.535577,0.38325992226600647,0.17399999499320984,0.02800000086426735
YMR227C,YBR123C,1,-5.535635,0.38461539149284363,0.17499999701976776,0.02800000086426735
YPL195W,YKL015W,0,-5.535988,0.3837719261646271,0.17499999701976776,0.02810000069439411
YNL044W,YKL196C,0,-5.5365887,0.3829321563243866,0.17499999701976776,0.028200000524520874
YER171W,YPL122C,1,-5.536824,0.3842794895172119,0.17599999904632568,0.028200000524520874
YPR162C,YHR073W,0,-5.538495,0.3834422528743744,0.17599999904632568,0.028300000354647636
YDR071C,YJL029C,0,-5.539354,0.38260868191719055,0.17599999904632568,0.0284000001847744
YIR006C,YLR430W,0,-5.5398016,0.381778746843338,0.17599999904632568,0.02850000001490116
YBR020W,YPL258C,0,-5.539864,0.380952388048172,0.17599999904632568,0.028599999845027924
YPL011C,YMR227C,1,-5.5400033,0.38228940963745117,0.1770000010728836,0.028599999845027924
YKL019W,YKL080W,0,-5.5429397,0.38146552443504333,0.1770000010728836,0.028699999675154686
YDR289C,YGR104C,0,-5.543839,0.38064515590667725,0.1770000010728836,0.02879999950528145
YPR086W,YBR123C,1,-5.5440226,0.3819742500782013,0.17800000309944153,0.02879999950528145
YKL015W,YML034W,0,-5.545615,0.381156325340271,0.17800000309944153,0.02889999933540821
YNL272C,YOL006C,0,-5.545704,0.38034188747406006,0.17800000309944153,0.028999999165534973
YPL011C,YGR005C,1,-5.546379,0.38166311383247375,0.17900000512599945,0.028999999165534973
YBL084C,YBR199W,0,-5.546406,0.38085106015205383,0.17900000512599945,0.029100000858306885
YJR068W,YFR004W,0,-5.547706,0.3800424635410309,0.17900000512599945,0.029200000688433647
YOR080W,YOR115C,0,-5.547794,0.3792372941970825,0.17900000512599945,0.02930000051856041
YOL089C,YNL257C,1,-5.5481777,0.38054966926574707,0.18000000715255737,0.02930000051856041
YDR145W,YOR194C,1,-5.548812,0.3818565309047699,0.1809999942779541,0.02930000051856041
YDR145W,YPR056W,1,-5.548827,0.3831579089164734,0.18199999630451202,0.02930000051856041
YIL048W,YHR135C,0,-5.5501904,0.38235294818878174,0.18199999630451202,0.029400000348687172
YNL258C,YGR181W,0,-5.5502005,0.3815513551235199,0.18199999630451202,0.029500000178813934
YDR296W,YDR243C,0,-5.5503974,0.38075312972068787,0.18199999630451202,0.029600000008940697
YJL031C,YDR251W,0,-5.550587,0.37995824217796326,0.18199999630451202,0.02969999983906746
YNL257C,YBR198C,1,-5.550721,0.3812499940395355,0.18299999833106995,0.02969999983906746
YGL058W,YML021C,0,-5.551446,0.3804573714733124,0.18299999833106995,0.02979999966919422
YNR033W,YMR190C,0,-5.5514917,0.37966805696487427,0.18299999833106995,0.029899999499320984
YPR179C,YJL179W,0,-5.5518036,0.3788819909095764,0.18299999833106995,0.029999999329447746
YBR123C,YOR110W,1,-5.5519733,0.3801652789115906,0.18400000035762787,0.029999999329447746
YBR039W,YCR026C,0,-5.552644,0.3793814480304718,0.18400000035762787,0.03009999915957451
YHR165C,YDR334W,0,-5.5528293,0.3786008358001709,0.18400000035762787,0.03020000085234642
YCR038C,YER068W,0,-5.5536137,0.3778234124183655,0.18400000035762787,0.030300000682473183
YLR102C,YGL227W,0,-5.5540085,0.37704917788505554,0.18400000035762787,0.030400000512599945
YDR311W,YDR460W,1,-5.5542703,0.37832310795783997,0.1850000023841858,0.030400000512599945
YLR442C,YLR396C,0,-5.554519,0.37755101919174194,0.1850000023841858,0.030500000342726707
YDL154W,YDR501W,0,-5.554639,0.376782089471817,0.1850000023841858,0.03060000017285347
YOR123C,YML021C,0,-5.55486,0.3760162591934204,0.1850000023841858,0.030700000002980232
YMR012W,YPR103W,0,-5.556011,0.3752535581588745,0.1850000023841858,0.030799999833106995
YDR375C,YGL219C,0,-5.5564213,0.37449392676353455,0.1850000023841858,0.030899999663233757
YGL113W,YDR416W,0,-5.5567513,0.3737373650074005,0.1850000023841858,0.03099999949336052
YMR029C,YER094C,0,-5.5572786,0.3729838728904724,0.1850000023841858,0.031099999323487282
YGR003W,YGL172W,0,-5.55925,0.37223339080810547,0.1850000023841858,0.031199999153614044
YML015C,YCR042C,1,-5.5595512,0.3734939694404602,0.1860000044107437,0.031199999153614044
YGR246C,YBR123C,1,-5.560341,0.3747495114803314,0.18700000643730164,0.031199999153614044
YLR028C,YER008C,0,-5.5603952,0.37400001287460327,0.18700000643730164,0.031300000846385956
YML015C,YKR062W,1,-5.5605583,0.3752495050430298,0.18799999356269836,0.031300000846385956
YGL003C,YAL032C,0,-5.5606375,0.3745020031929016,0.18799999356269836,0.03139999881386757
YPR186C,YOR194C,1,-5.5609455,0.3757455348968506,0.1889999955892563,0.03139999881386757
YPL192C,YFR005C,0,-5.5610456,0.375,0.1889999955892563,0.03150000050663948
YKL145W,YDR394W,0,-5.5612974,0.3742574155330658,0.1889999955892563,0.031599998474121094
YGR274C,YGL112C,1,-5.5621386,0.3754940629005432,0.1899999976158142,0.031599998474121094
YNL257C,YGL112C,1,-5.562189,0.37672585248947144,0.19099999964237213,0.031599998474121094
YGL251C,YOR386W,0,-5.5625286,0.375984251499176,0.19099999964237213,0.031700000166893005
YBL071W-A,YER002W,0,-5.5628166,0.3752455711364746,0.19099999964237213,0.03180000185966492
YLR314C,YMR288W,0,-5.564813,0.3745098114013672,0.19099999964237213,0.03189999982714653
YGL195W,YGL253W,0,-5.5648212,0.373776912689209,0.19099999964237213,0.03200000151991844
YPL011C,YPR056W,1,-5.5648446,0.375,0.19200000166893005,0.03200000151991844
YKR028W,YMR127C,0,-5.565019,0.3742690086364746,0.19200000166893005,0.032099999487400055
YEL015W,YPL053C,0,-5.566004,0.37354084849357605,0.19200000166893005,0.03220000118017197
YNL257C,YOR110W,1,-5.5663266,0.3747572898864746,0.19300000369548798,0.03220000118017197
YGL071W,YPL008W,0,-5.5663505,0.3740310072898865,0.19300000369548798,0.03229999914765358
YGR098C,YLR347C,0,-5.5671034,0.37330755591392517,0.19300000369548798,0.03240000084042549
YMR067C,YPL020C,0,-5.567487,0.3725868761539459,0.19300000369548798,0.032499998807907104
YLR385C,YAR042W,0,-5.5681977,0.37186896800994873,0.19300000369548798,0.032600000500679016
YPL244C,YIR008C,0,-5.5690346,0.3711538314819336,0.19300000369548798,0.03269999846816063
YER105C,YDR289C,0,-5.570221,0.3704414665699005,0.19300000369548798,0.03280000016093254
YER148W,YDR079C-A,1,-5.5707765,0.37164750695228577,0.1940000057220459,0.03280000016093254
YNL039W,YOR110W,1,-5.571068,0.3728489577770233,0.19499999284744263,0.03280000016093254
YGL054C,YDR129C,0,-5.571229,0.3721373975276947,0.19499999284744263,0.03290000185370445
YGR246C,YML098W,1,-5.571697,0.3733333349227905,0.19599999487400055,0.03290000185370445
YGL207W,YCR042C,1,-5.57312,0.37452471256256104,0.19699999690055847,0.03290000185370445
YKL206C,YER008C,0,-5.573408,0.37381404638290405,0.19699999690055847,0.032999999821186066
YDR163W,YGR013W,0,-5.574316,0.37310606241226196,0.19699999690055847,0.03310000151395798
YGR246C,YGR047C,1,-5.5743923,0.3742911219596863,0.1979999989271164,0.03310000151395798
YGR170W,YLR298C,0,-5.574807,0.37358489632606506,0.1979999989271164,0.03319999948143959
YOR160W,YIR015W,0,-5.5751696,0.37288135290145874,0.1979999989271164,0.0333000011742115
YDL192W,YIL039W,0,-5.5759177,0.3721804618835449,0.1979999989271164,0.033399999141693115
YJL134W,YKL176C,0,-5.5760493,0.37148216366767883,0.1979999989271164,0.03350000083446503
YPL129W,YGR186W,1,-5.5762005,0.37265917658805847,0.19900000095367432,0.03350000083446503
YOR198C,YJL167W,0,-5.576917,0.37196260690689087,0.19900000095367432,0.03359999880194664
YJR066W,YCR083W,0,-5.5771337,0.3712686598300934,0.19900000095367432,0.03370000049471855
YER148W,YPR056W,1,-5.5776315,0.3724394738674164,0.20000000298023224,0.03370000049471855
YDL088C,YLR096W,0,-5.577817,0.371747225522995,0.20000000298023224,0.033799998462200165
YKR062W,YDR079C-A,1,-5.578184,0.37291279435157776,0.20100000500679016,0.033799998462200165
YMR162C,YGL013C,0,-5.5789137,0.3722222149372101,0.20100000500679016,0.033900000154972076
YKL179C,YMR299C,0,-5.5793333,0.37153419852256775,0.20100000500679016,0.03400000184774399
YHR023W,YGR212W,0,-5.579656,0.37084871530532837,0.20100000500679016,0.0340999998152256
YPR105C,YMR065W,0,-5.5799036,0.37016573548316956,0.20100000500679016,0.03420000150799751
YDR138W,YLR240W,0,-5.5803757,0.3694852888584137,0.20100000500679016,0.034299999475479126
YDL207W,YNL038W,0,-5.5808945,0.3688073456287384,0.20100000500679016,0.03440000116825104
YLR078C,YBR129C,0,-5.581401,0.3681318759918213,0.20100000500679016,0.03449999913573265
YPL106C,YKL126W,0,-5.581594,0.36745887994766235,0.20100000500679016,0.03460000082850456
YPR122W,YBR237W,0,-5.582018,0.3667883276939392,0.20100000500679016,0.034699998795986176
YGR186W,YOR194C,1,-5.5827503,0.3679417073726654,0.20200000703334808,0.034699998795986176
YGR024C,YHR060W,0,-5.582785,0.3672727346420288,0.20200000703334808,0.03480000048875809
YDL019C,YOL148C,0,-5.583248,0.3666061758995056,0.20200000703334808,0.0348999984562397
YBR213W,YBL055C,0,-5.5833416,0.3659420311450958,0.20200000703334808,0.03500000014901161
YBR102C,YFL004W,0,-5.583584,0.36528030037879944,0.20200000703334808,0.035100001841783524
YGR167W,YDR079W,0,-5.5843663,0.3646209239959717,0.20200000703334808,0.03519999980926514
YOR239W,YHL003C,0,-5.584467,0.3639639616012573,0.20200000703334808,0.03530000150203705
YGR119C,YDR334W,0,-5.584759,0.3633093535900116,0.20200000703334808,0.03539999946951866
YJL061W,YPL180W,0,-5.5854936,0.3626570999622345,0.20200000703334808,0.03550000116229057
YBR289W,YLR369W,0,-5.585547,0.36200717091560364,0.20200000703334808,0.035599999129772186
YDR311W,YGR047C,1,-5.586426,0.3631484806537628,0.2029999941587448,0.035599999129772186
YBR215W,YDL043C,0,-5.586517,0.36250001192092896,0.2029999941587448,0.0357000008225441
YER171W,YOR110W,1,-5.586927,0.3636363744735718,0.20399999618530273,0.0357000008225441
YDR507C,YDR138W,0,-5.5877743,0.3629893362522125,0.20399999618530273,0.03579999879002571
YIL065C,YHR050W,0,-5.587964,0.3623445928096771,0.20399999618530273,0.03590000048279762
YBL084C,YGL167C,0,-5.588061,0.3617021143436432,0.20399999618530273,0.035999998450279236
YDR228C,YDR457W,0,-5.588791,0.3610619604587555,0.20399999618530273,0.03610000014305115
YNL039W,YNL222W,1,-5.588808,0.3621908128261566,0.20499999821186066,0.03610000014305115
YOL063C,YFR029W,0,-5.588928,0.36155202984809875,0.20499999821186066,0.03620000183582306
YDR284C,YGR046W,0,-5.589432,0.36091548204421997,0.20499999821186066,0.03629999980330467
YPL177C,YKR062W,1,-5.5897837,0.36203867197036743,0.20600000023841858,0.03629999980330467
YCR042C,YPR056W,1,-5.590103,0.36315789818763733,0.2070000022649765,0.03629999980330467
YER171W,YPR056W,1,-5.5902376,0.36427319049835205,0.20800000429153442,0.03629999980330467
YKL190W,YCL001W,0,-5.5907564,0.3636363744735718,0.20800000429153442,0.036400001496076584
YGL003C,YDL058W,0,-5.590789,0.3630017340183258,0.20800000429153442,0.0364999994635582
YNL082W,YJL072C,0,-5.5908585,0.3623693287372589,0.20800000429153442,0.03660000115633011
YDR494W,YJL036W,0,-5.5910587,0.3617391288280487,0.20800000429153442,0.03669999912381172
YGR253C,YIL021W,0,-5.5918493,0.3611111044883728,0.20800000429153442,0.03680000081658363
YKL005C,YMR127C,0,-5.5921917,0.3604852557182312,0.20800000429153442,0.03689999878406525
YBR119W,YDL064W,0,-5.5926332,0.3598615825176239,0.20800000429153442,0.03700000047683716
YGR179C,YMR075W,0,-5.5934234,0.3592400550842285,0.20800000429153442,0.03709999844431877
YNL314W,YCR042C,1,-5.594266,0.3603448271751404,0.20900000631809235,0.03709999844431877
YLR254C,YDR028C,0,-5.5958624,0.35972461104393005,0.20900000631809235,0.03720000013709068
YOR204W,YCL051W,0,-5.596424,0.35910654067993164,0.20900000631809235,0.037300001829862595
YPL177C,YML098W,1,-5.596744,0.36020582914352417,0.20999999344348907,0.037300001829862595
YOR026W,YGR193C,0,-5.596817,0.3595890402793884,0.20999999344348907,0.03739999979734421
YLR206W,YCR026C,0,-5.5970044,0.3589743673801422,0.20999999344348907,0.03750000149011612
YLR399C,YLR274W,0,-5.597099,0.35836178064346313,0.20999999344348907,0.03759999945759773
YKR008W,YKL119C,0,-5.597427,0.3577512800693512,0.20999999344348907,0.037700001150369644
YMR299C,YDR071C,0,-5.5974627,0.3571428656578064,0.20999999344348907,0.03779999911785126
YPL118W,YNL169C,0,-5.5987105,0.35653650760650635,0.20999999344348907,0.03790000081062317
YLR310C,YNL307C,0,-5.5993237,0.35593220591545105,0.20999999344348907,0.03799999877810478
YPL084W,YML127W,0,-5.599393,0.3553299605846405,0.20999999344348907,0.038100000470876694
YPR025C,YIL143C,1,-5.599455,0.3564189076423645,0.210999995470047,0.038100000470876694
YDR311W,YDR079C-A,1,-5.599925,0.3575042188167572,0.21199999749660492,0.038100000470876694
YDR145W,YBR123C,1,-5.600605,0.3585858643054962,0.21299999952316284,0.038100000470876694
YDL035C,YPL176C,0,-5.600897,0.35798320174217224,0.21299999952316284,0.03819999843835831
YOR014W,YOR307C,0,-5.6019945,0.35738253593444824,0.21299999952316284,0.03830000013113022
YDL192W,YHR099W,0,-5.6026745,0.356783926486969,0.21299999952316284,0.03840000182390213
YPL129W,YBR123C,1,-5.6031866,0.3578595221042633,0.21400000154972076,0.03840000182390213
YPR025C,YDR311W,1,-5.60336,0.3589315414428711,0.2150000035762787,0.03840000182390213
YDR414C,YDR138W,0,-5.6035423,0.3583333194255829,0.2150000035762787,0.03849999979138374
YDR228C,YDR073W,0,-5.603601,0.35773709416389465,0.2150000035762787,0.038600001484155655
YEL063C,YML121W,0,-5.6036277,0.3571428656578064,0.2150000035762787,0.03869999945163727
YHR158C,YIL084C,0,-5.6036596,0.35655057430267334,0.2150000035762787,0.03880000114440918
YML077W,YJL184W,0,-5.603733,0.35596027970314026,0.2150000035762787,0.03889999911189079
YKL213C,YMR208W,0,-5.6038,0.35537189245224,0.2150000035762787,0.039000000804662704
YPL164C,YOL043C,0,-5.604499,0.3547854721546173,0.2150000035762787,0.03909999877214432
YBR004C,YFL005W,0,-5.6055326,0.35420098900794983,0.2150000035762787,0.03920000046491623
YMR212C,YIL118W,0,-5.60569,0.35361841320991516,0.2150000035762787,0.03929999843239784
YNL257C,YGL207W,1,-5.605791,0.35467979311943054,0.2160000056028366,0.03929999843239784
YDR145W,YGR186W,1,-5.605834,0.35573771595954895,0.21699999272823334,0.03929999843239784
YGL190C,YPR164W,0,-5.606027,0.35515546798706055,0.21699999272823334,0.039400000125169754
YPL069C,YJR084W,0,-5.60621,0.35457515716552734,0.21699999272823334,0.039500001817941666
YML081C-A,YER074W-A,0,-5.606518,0.35399672389030457,0.21699999272823334,0.03959999978542328
YPR186C,YMR227C,1,-5.606844,0.35504886507987976,0.21799999475479126,0.03959999978542328
YPR018W,YLR182W,0,-5.607252,0.3544715344905853,0.21799999475479126,0.03970000147819519
YJR006W,YBL057C,0,-5.6073,0.3538961112499237,0.21799999475479126,0.039799999445676804
YDR288W,YNL032W,0,-5.607979,0.3533225357532501,0.21799999475479126,0.039900001138448715
YBR272C,YKR001C,0,-5.6080256,0.3527508080005646,0.21799999475479126,0.03999999910593033
YBR233W-A,YPR018W,0,-5.608555,0.35218092799186707,0.21799999475479126,0.04010000079870224
YBL099W,YNL015W,0,-5.608676,0.3516128957271576,0.21799999475479126,0.04019999876618385
YGL233W,YML076C,0,-5.6087484,0.35104671120643616,0.21799999475479126,0.040300000458955765
YDR121W,YNL099C,0,-5.6097383,0.350482314825058,0.21799999475479126,0.04039999842643738
YPL177C,YPR008W,1,-5.609836,0.35152488946914673,0.21899999678134918,0.04039999842643738
YIR025W,YGR013W,0,-5.611125,0.3509615361690521,0.21899999678134918,0.04050000011920929
YGR246C,YOR194C,1,-5.611621,0.35199999809265137,0.2199999988079071,0.04050000011920929
YLR226W,YML065W,0,-5.6118917,0.35143768787384033,0.2199999988079071,0.0406000018119812
YKR062W,YPR056W,1,-5.6123285,0.35247209668159485,0.22100000083446503,0.0406000018119812
YDR164C,YLR337C,0,-5.6126194,0.3519108295440674,0.22100000083446503,0.040699999779462814
YPL259C,YMR026C,0,-5.613045,0.3513513505458832,0.22100000083446503,0.040800001472234726
YIL143C,YDR145W,1,-5.6131315,0.3523809611797333,0.22200000286102295,0.040800001472234726
YLR085C,YDR394W,0,-5.6132402,0.35182249546051025,0.22200000286102295,0.04089999943971634
YOR026W,YJL029C,0,-5.6135287,0.3512658178806305,0.22200000286102295,0.04100000113248825
YPL050C,YPL042C,0,-5.6138725,0.3507108986377716,0.22200000286102295,0.041099999099969864
YPR179C,YDR356W,0,-5.613926,0.3501577377319336,0.22200000286102295,0.041200000792741776
YER045C,YDR079C-A,1,-5.6142025,0.3511810898780823,0.22300000488758087,0.041200000792741776
YMR026C,YER173W,0,-5.614325,0.35062894225120544,0.22300000488758087,0.04129999876022339
YBR195C,YDR160W,0,-5.6147532,0.3500784933567047,0.22300000488758087,0.0414000004529953
YGL020C,YBR095C,0,-5.6155562,0.34952977299690247,0.22300000488758087,0.04149999842047691
YPR186C,YGL112C,1,-5.6159363,0.350547730922699,0.2240000069141388,0.04149999842047691
YIL143C,YPL011C,1,-5.6162195,0.3515625,0.22499999403953552,0.04149999842047691
YML098W,YGL112C,1,-5.616436,0.35257411003112793,0.22599999606609344,0.04149999842047691
YIL143C,YBR198C,1,-5.6168137,0.35358256101608276,0.22699999809265137,0.04149999842047691
YDL008W,YNL038W,0,-5.618129,0.353032648563385,0.22699999809265137,0.041600000113248825
YML098W,YCR042C,1,-5.618581,0.35403725504875183,0.2280000001192093,0.041600000113248825
YKR068C,YDR483W,0,-5.6186695,0.35348838567733765,0.2280000001192093,0.04170000180602074
YCR042C,YBR198C,1,-5.6188807,0.35448917746543884,0.2290000021457672,0.04170000180602074
YOR085W,YMR203W,0,-5.618943,0.35394126176834106,0.2290000021457672,0.04179999977350235
YLR231C,YNR001C,0,-5.6194267,0.3533950746059418,0.2290000021457672,0.04190000146627426
YCR048W,YEL009C,0,-5.6201553,0.3528505265712738,0.2290000021457672,0.041999999433755875
YDR151C,YDL134C,0,-5.6208816,0.3523077070713043,0.2290000021457672,0.042100001126527786
YMR138W,YOR039W,0,-5.621376,0.35176652669906616,0.2290000021457672,0.0421999990940094
YML098W,YPL011C,1,-5.6215363,0.3527607321739197,0.23000000417232513,0.0421999990940094
YMR235C,YDR341C,0,-5.6215982,0.3522205352783203,0.23000000417232513,0.04230000078678131
YKR062W,YOR110W,1,-5.622121,0.35321101546287537,0.23100000619888306,0.04230000078678131
YDR385W,YCL011C,0,-5.6221504,0.35267174243927,0.23100000619888306,0.042399998754262924
YPL011C,YGR186W,1,-5.6228676,0.353658527135849,0.23199999332427979,0.042399998754262924
YJL134W,YMR234W,0,-5.6228867,0.35312023758888245,0.23199999332427979,0.042500000447034836
YLR170C,YEL012W,0,-5.623316,0.3525835871696472,0.23199999332427979,0.04259999841451645
YPR008W,YOR110W,1,-5.6233406,0.3535660207271576,0.2329999953508377,0.04259999841451645
YFL048C,YPR070W,0,-5.623479,0.3530302941799164,0.2329999953508377,0.04270000010728836
YPR025C,YPR056W,1,-5.62348,0.35400909185409546,0.23399999737739563,0.04270000010728836
YBL061C,YML064C,0,-5.623519,0.35347431898117065,0.23399999737739563,0.04280000180006027
YOR028C,YMR005W,0,-5.623695,0.3529411852359772,0.23399999737739563,0.042899999767541885
YPL100W,YLR265C,0,-5.6239123,0.35240963101387024,0.23399999737739563,0.0430000014603138
YKL005C,YMR077C,0,-5.624359,0.35187968611717224,0.23399999737739563,0.04309999942779541
YDL105W,YPL253C,0,-5.6245794,0.3513513505458832,0.23399999737739563,0.04320000112056732
YML069W,YGL207W,1,-5.6246023,0.35232383012771606,0.23499999940395355,0.04320000112056732
YGR007W,YML055W,0,-5.6248302,0.351796418428421,0.23499999940395355,0.043299999088048935
YKL143W,YDR289C,0,-5.6252823,0.35127055644989014,0.23499999940395355,0.04340000078082085
YIL036W,YPR008W,1,-5.625764,0.35223880410194397,0.23600000143051147,0.04340000078082085
YBL023C,YMR013C,0,-5.625974,0.3517138659954071,0.23600000143051147,0.04349999874830246
YER171W,YNL222W,1,-5.6260815,0.3526785671710968,0.2370000034570694,0.04349999874830246
YPR056W,YGR047C,1,-5.6264057,0.3536404073238373,0.23800000548362732,0.04349999874830246
YPL209C,YDL006W,0,-5.627144,0.3531157374382019,0.23800000548362732,0.04360000044107437
YDR238C,YJL054W,0,-5.628089,0.3525925874710083,0.23800000548362732,0.043699998408555984
YGR098C,YKR008W,0,-5.6286325,0.35207101702690125,0.23800000548362732,0.043800000101327896
YOL089C,YBR123C,1,-5.629182,0.3530280590057373,0.23899999260902405,0.043800000101327896
YNL222W,YGR274C,1,-5.6298733,0.3539822995662689,0.23999999463558197,0.043800000101327896
YDR311W,YOR194C,1,-5.6305933,0.3549337387084961,0.2409999966621399,0.043800000101327896
YOL017W,YKR037C,0,-5.6307344,0.3544117510318756,0.2409999966621399,0.04390000179409981
YNL192W,YIR006C,0,-5.63173,0.3538913428783417,0.2409999966621399,0.04399999976158142
YOR209C,YJL029C,0,-5.632443,0.3533724248409271,0.2409999966621399,0.04410000145435333
YER017C,YLR023C,0,-5.632467,0.35285505652427673,0.2409999966621399,0.044199999421834946
YER016W,YPR162C,0,-5.632759,0.3523391783237457,0.2409999966621399,0.04430000111460686
YDL017W,YDL159W,0,-5.6328793,0.3518248200416565,0.2409999966621399,0.04439999908208847
YCR042C,YAL001C,1,-5.6330433,0.352769672870636,0.24199999868869781,0.04439999908208847
YPR018W,YBR095C,0,-5.63451,0.352256178855896,0.24199999868869781,0.04450000077486038
YLL042C,YIL049W,0,-5.635203,0.3517441749572754,0.24199999868869781,0.044599998742341995
YGL112C,YBR123C,1,-5.6353617,0.3526850640773773,0.24300000071525574,0.044599998742341995
YDR221W,YKR031C,0,-5.635506,0.35217392444610596,0.24300000071525574,0.04470000043511391
YIR009W,YGL004C,0,-5.635687,0.3516642451286316,0.24300000071525574,0.04479999840259552
YMR025W,YGL068W,0,-5.636132,0.3511560559272766,0.24300000071525574,0.04490000009536743
YNL039W,YGR274C,1,-5.636688,0.35209235548973083,0.24400000274181366,0.04490000009536743
YML062C,YDR409W,0,-5.6369467,0.3515850007534027,0.24400000274181366,0.04500000178813934
YNL164C,YCL055W,0,-5.636999,0.35107913613319397,0.24400000274181366,0.045099999755620956
YGL195W,YLR113W,0,-5.6371546,0.35057470202445984,0.24400000274181366,0.04520000144839287
YNL329C,YHR074W,0,-5.6379786,0.3500717282295227,0.24400000274181366,0.04529999941587448
YPL122C,YOR110W,1,-5.638026,0.35100287199020386,0.24500000476837158,0.04529999941587448
YPR008W,YNL257C,1,-5.6381683,0.3519313335418701,0.2460000067949295,0.04529999941587448
YIR023W,YLR452C,0,-5.6381874,0.3514285683631897,0.2460000067949295,0.04540000110864639
YBL071W-A,YKR053C,0,-5.638205,0.3509272336959839,0.2460000067949295,0.045499999076128006
YCR086W,YML095C,0,-5.638968,0.3504273593425751,0.2460000067949295,0.04560000076889992
YIL036W,YOR194C,1,-5.6389933,0.3513513505458832,0.24699999392032623,0.04560000076889992
YPL129W,YKR062W,1,-5.639208,0.35227271914482117,0.24799999594688416,0.04560000076889992
YPL270W,YPL180W,0,-5.6392546,0.35177305340766907,0.24799999594688416,0.04569999873638153
YPL129W,YGL112C,1,-5.6394315,0.3526912033557892,0.24899999797344208,0.04569999873638153
YKL032C,YNL154C,0,-5.6396933,0.35219237208366394,0.24899999797344208,0.04580000042915344
YDL040C,YOR269W,0,-5.639927,0.35169491171836853,0.24899999797344208,0.045899998396635056
YPL011C,YDR460W,1,-5.640144,0.3526093065738678,0.25,0.045899998396635056
YEL036C,YPL169C,0,-5.64065,0.35211268067359924,0.25,0.04600000008940697
YHR133C,YMR013C,0,-5.6408186,0.3516174256801605,0.25,0.04610000178217888
YMR227C,YGR005C,1,-5.6414723,0.35252809524536133,0.25099998712539673,0.04610000178217888
YDL132W,YPL118W,0,-5.6418047,0.35203367471694946,0.25099998712539673,0.04619999974966049
YPR023C,YNL007C,0,-5.641811,0.35154062509536743,0.25099998712539673,0.046300001442432404
YFL025C,YGL130W,0,-5.642008,0.35104894638061523,0.25099998712539673,0.04639999940991402
YOL089C,YPL122C,1,-5.6421523,0.3519552946090698,0.25200000405311584,0.04639999940991402
YCR048W,YML088W,0,-5.6440516,0.3514644205570221,0.25200000405311584,0.04650000110268593
YDR483W,YMR313C,0,-5.6441274,0.3509749174118042,0.25200000405311584,0.04659999907016754
YNL004W,YNR006W,0,-5.644957,0.35048678517341614,0.25200000405311584,0.04670000076293945
YMR240C,YPR095C,0,-5.6452155,0.3499999940395355,0.25200000405311584,0.046799998730421066
YJR135C,YKL079W,0,-5.646445,0.34951457381248474,0.25200000405311584,0.04690000042319298
YPR019W,YLR369W,0,-5.646543,0.349030464887619,0.25200000405311584,0.04699999839067459
YIL036W,YPR086W,1,-5.6468024,0.34993085265159607,0.2529999911785126,0.04699999839067459
YPL192C,YGL171W,0,-5.6472836,0.3494475185871124,0.2529999911785126,0.0471000000834465
YGR199W,YPR173C,0,-5.647453,0.34896552562713623,0.2529999911785126,0.047200001776218414
YGR217W,YMR005W,0,-5.647689,0.3484848439693451,0.2529999911785126,0.04729999974370003
YDR176W,YBR289W,0,-5.6479483,0.3480055034160614,0.2529999911785126,0.04740000143647194
YDR481C,YKR001C,0,-5.6489344,0.34752747416496277,0.2529999911785126,0.04749999940395355
YGL112C,YKR062W,1,-5.649714,0.34842249751091003,0.2540000081062317,0.04749999940395355
YCL067C,YBL093C,0,-5.650266,0.3479452133178711,0.2540000081062317,0.047600001096725464
YML069W,YPL122C,1,-5.651479,0.3488371968269348,0.2549999952316284,0.047600001096725464
YPL049C,YIL154C,0,-5.6515613,0.34836065769195557,0.2549999952316284,0.04769999906420708
YDR244W,YNL243W,0,-5.652192,0.347885400056839,0.2549999952316284,0.04780000075697899
YDR318W,YDR337W,0,-5.652257,0.34741145372390747,0.2549999952316284,0.0478999987244606
YIL159W,YPL167C,0,-5.652972,0.3469387888908386,0.2549999952316284,0.04800000041723251
YDR311W,YPL122C,1,-5.652981,0.3478260934352875,0.25600001215934753,0.04800000041723251
YHR186C,YGL210W,0,-5.653157,0.34735414385795593,0.25600001215934753,0.04809999838471413
YOL089C,YDR460W,1,-5.653345,0.348238468170166,0.25699999928474426,0.04809999838471413
YDR337W,YGR028W,0,-5.653366,0.34776726365089417,0.25699999928474426,0.04820000007748604
YMR200W,YKL148C,0,-5.6536117,0.3472973108291626,0.25699999928474426,0.04830000177025795
YML065W,YER173W,0,-5.653764,0.3468286097049713,0.25699999928474426,0.04839999973773956
YHR072W-A,YNL016W,0,-5.654173,0.3463611900806427,0.25699999928474426,0.048500001430511475
YPR008W,YPL011C,1,-5.654497,0.3472409248352051,0.257999986410141,0.048500001430511475
YPR056W,YOR194C,1,-5.654934,0.34811827540397644,0.2590000033378601,0.048500001430511475
YKL013C,YDR388W,0,-5.6549864,0.34765100479125977,0.2590000033378601,0.04859999939799309
YHR107C,YOR270C,0,-5.655244,0.3471849858760834,0.2590000033378601,0.048700001090765
YFR027W,YNL312W,0,-5.655431,0.34672021865844727,0.2590000033378601,0.04879999905824661
YPL122C,YDR079C-A,1,-5.656373,0.3475935757160187,0.25999999046325684,0.04879999905824661
YCR048W,YKL080W,0,-5.6565943,0.3471294939517975,0.25999999046325684,0.048900000751018524
YML098W,YPL129W,1,-5.6567135,0.3479999899864197,0.26100000739097595,0.048900000751018524
YPL255W,YLR272C,0,-5.65697,0.3475366234779358,0.26100000739097595,0.04899999871850014
YER148W,YBR198C,1,-5.6571045,0.34840425848960876,0.2619999945163727,0.04899999871850014
YLR291C,YOR359W,0,-5.6575003,0.3479415774345398,0.2619999945163727,0.04910000041127205
YIL034C,YGR048W,0,-5.6579547,0.3474801182746887,0.2619999945163727,0.04919999837875366
YMR255W,YCL033C,0,-5.658908,0.34701988101005554,0.2619999945163727,0.049300000071525574
YDL005C,YDR372C,0,-5.659131,0.34656083583831787,0.2619999945163727,0.049400001764297485
YCL044C,YDR238C,0,-5.659616,0.3461030423641205,0.2619999945163727,0.0494999997317791
YLR285W,YKL196C,0,-5.659981,0.3456464409828186,0.2619999945163727,0.04960000142455101
YMR281W,YMR054W,0,-5.660415,0.34519103169441223,0.2619999945163727,0.04969999939203262
YBR109C,YKL186C,0,-5.660501,0.34473684430122375,0.2619999945163727,0.049800001084804535
YPL233W,YMR075W,0,-5.6605816,0.3442838490009308,0.2619999945163727,0.04989999905228615
YBR233W-A,YML107C,0,-5.6606836,0.34383201599121094,0.2619999945163727,0.05000000074505806
YBR221C,YJR059W,0,-5.6608944,0.3433813750743866,0.2619999945163727,0.05009999871253967
YBR198C,YBR123C,1,-5.6609383,0.34424084424972534,0.2630000114440918,0.05009999871253967
YGL241W,YDR217C,0,-5.661022,0.34379085898399353,0.2630000114440918,0.050200000405311584
YEL015W,YOR157C,0,-5.661458,0.34334203600883484,0.2630000114440918,0.0502999983727932
YGR278W,YJL030W,0,-5.6622405,0.34289440512657166,0.2630000114440918,0.05040000006556511
YLL013C,YBL088C,0,-5.663152,0.3424479067325592,0.2630000114440918,0.05050000175833702
YBR009C,YNL072W,0,-5.663182,0.34200260043144226,0.2630000114440918,0.050599999725818634
YPR086W,YOR194C,1,-5.663239,0.34285715222358704,0.2639999985694885,0.050599999725818634
YNL001W,YBR034C,0,-5.6637893,0.34241244196891785,0.2639999985694885,0.050700001418590546
YOR038C,YGR082W,0,-5.6640077,0.34196892380714417,0.2639999985694885,0.05079999938607216
YPR008W,YPR086W,1,-5.664114,0.3428201675415039,0.26499998569488525,0.05079999938607216
YKR068C,YGR057C,0,-5.6643324,0.34237727522850037,0.26499998569488525,0.05090000107884407
YIL036W,YGR005C,1,-5.664467,0.3432258069515228,0.26600000262260437,0.05090000107884407
YLR028C,YPL031C,0,-5.664673,0.34278351068496704,0.26600000262260437,0.050999999046325684
YDR176W,YGL044C,0,-5.666065,0.342342346906662,0.26600000262260437,0.051100000739097595
YPR019W,YGL013C,0,-5.666191,0.34190231561660767,0.26600000262260437,0.05119999870657921
YML069W,YOR110W,1,-5.666482,0.34274712204933167,0.2669999897480011,0.05119999870657921
YER036C,YDR498C,0,-5.6671114,0.3423076868057251,0.2669999897480011,0.05130000039935112
YHR158C,YPL065W,0,-5.66749,0.34186938405036926,0.2669999897480011,0.05139999836683273
YPR186C,YKR062W,1,-5.668398,0.3427110016345978,0.2680000066757202,0.05139999836683273
YGL066W,YPL138C,0,-5.6685634,0.3422732949256897,0.2680000066757202,0.051500000059604645
YER171W,YCR042C,1,-5.669029,0.3431122303009033,0.26899999380111694,0.051500000059604645
YLR357W,YOL125W,0,-5.669261,0.3426751494407654,0.26899999380111694,0.051600001752376556
YHR115C,YKR037C,0,-5.6697116,0.3422391712665558,0.26899999380111694,0.05169999971985817
YDR191W,YER100W,0,-5.66988,0.3418043255805969,0.26899999380111694,0.05180000141263008
YML055W,YMR197C,0,-5.6701922,0.341370552778244,0.26899999380111694,0.051899999380111694
YNL037C,YNL098C,0,-5.6704426,0.34093788266181946,0.26899999380111694,0.052000001072883606
YOR275C,YJL089W,0,-5.6704607,0.34050631523132324,0.26899999380111694,0.05209999904036522
YER171W,YER148W,1,-5.6705904,0.3413400650024414,0.27000001072883606,0.05209999904036522
YJR031C,YPL045W,0,-5.6706805,0.34090909361839294,0.27000001072883606,0.05220000073313713
YPL129W,YBR198C,1,-5.670722,0.341740220785141,0.2709999978542328,0.05220000073313713
YOL061W,YML085C,0,-5.6713734,0.3413098156452179,0.2709999978542328,0.052299998700618744
YFR021W,YDR423C,0,-5.6715126,0.34088051319122314,0.2709999978542328,0.052400000393390656
YGL168W,YBL007C,0,-5.6716785,0.34045225381851196,0.2709999978542328,0.05249999836087227
YEL030W,YBR119W,0,-5.673126,0.3400250971317291,0.2709999978542328,0.05260000005364418
YJL013C,YER105C,0,-5.6732864,0.33959898352622986,0.2709999978542328,0.05270000174641609
YKL139W,YOL010W,0,-5.67359,0.33917397260665894,0.2709999978542328,0.052799999713897705
YGL094C,YOR069W,0,-5.6740074,0.3387500047683716,0.2709999978542328,0.05290000140666962
YGL174W,YER012W,0,-5.674509,0.3383270800113678,0.2709999978542328,0.05299999937415123
YML102W,YBL006C,0,-5.674568,0.33790522813796997,0.2709999978542328,0.05310000106692314
YIL040W,YLR212C,0,-5.6752768,0.3374844193458557,0.2709999978542328,0.053199999034404755
YBR288C,YGL005C,0,-5.675378,0.3370646834373474,0.2709999978542328,0.053300000727176666
YLR385C,YHR135C,0,-5.676509,0.3366459608078003,0.2709999978542328,0.05339999869465828
YGR274C,YML015C,1,-5.6769485,0.3374689817428589,0.2720000147819519,0.05339999869465828
YGR274C,YBR198C,1,-5.6773977,0.3382899761199951,0.27300000190734863,0.05339999869465828
YNL048W,YDR414C,0,-5.677517,0.3378712832927704,0.27300000190734863,0.05350000038743019
YDR130C,YFL018C,0,-5.6777315,0.3374536335468292,0.27300000190734863,0.053599998354911804
YDR198C,YBL055C,0,-5.6782684,0.33703702688217163,0.27300000190734863,0.053700000047683716
YNL006W,YKL059C,0,-5.678741,0.3366214632987976,0.27300000190734863,0.05380000174045563
YFR021W,YLR047C,0,-5.679299,0.3362068831920624,0.27300000190734863,0.05389999970793724
YKL206C,YPL091W,0,-5.679495,0.3357933461666107,0.27300000190734863,0.05400000140070915
YDR245W,YOL020W,0,-5.6795087,0.33538082242012024,0.27300000190734863,0.054099999368190765
YOR109W,YFR013W,0,-5.6799235,0.33496931195259094,0.27300000190734863,0.05420000106096268
YJR052W,YPR094W,0,-5.680047,0.3345588147640228,0.27300000190734863,0.05429999902844429
YJR076C,YER074W-A,0,-5.680324,0.3341493308544159,0.27300000190734863,0.0544000007212162
YOR284W,YOR103C,0,-5.6803265,0.33374083042144775,0.27300000190734863,0.054499998688697815
YDL208W,YGR285C,0,-5.6803665,0.3333333432674408,0.27300000190734863,0.05460000038146973
YLR309C,YKL012W,0,-5.6808486,0.33292683959007263,0.27300000190734863,0.05469999834895134
YML098W,YAL001C,1,-5.6809416,0.33373934030532837,0.27399998903274536,0.05469999834895134
YDR168W,YMR313C,0,-5.6811266,0.3333333432674408,0.27399998903274536,0.05480000004172325
YPL050C,YGR276C,0,-5.681494,0.33292829990386963,0.27399998903274536,0.05490000173449516
YMR225C,YEL012W,0,-5.682867,0.33252426981925964,0.27399998903274536,0.054999999701976776
YGL207W,YOR110W,1,-5.683064,0.3333333432674408,0.2750000059604645,0.054999999701976776
YDL207W,YDR138W,0,-5.6831007,0.332929790019989,0.2750000059604645,0.05510000139474869
YML015C,YGL112C,1,-5.683365,0.333736389875412,0.2759999930858612,0.05510000139474869
YGR036C,YOR060C,0,-5.6833878,0.3333333432674408,0.2759999930858612,0.0551999993622303
YPL177C,YML015C,1,-5.683658,0.33413752913475037,0.2770000100135803,0.0551999993622303
YJL020C,YMR150C,0,-5.6836824,0.333734929561615,0.2770000100135803,0.05530000105500221
YOR326W,YLR292C,0,-5.683924,0.3333333432674408,0.2770000100135803,0.055399999022483826
YLR032W,YPL045W,0,-5.6845446,0.3329326808452606,0.2770000100135803,0.05550000071525574
YOL067C,YNL257C,1,-5.6850038,0.3337334990501404,0.27799999713897705,0.05550000071525574
YOL089C,YGR047C,1,-5.6852036,0.33453238010406494,0.27900001406669617,0.05550000071525574
YBR199W,YOR208W,0,-5.685755,0.33413174748420715,0.27900001406669617,0.05559999868273735
YDR423C,YAL051W,0,-5.6858797,0.33373206853866577,0.27900001406669617,0.05570000037550926
YOR113W,YFR014C,0,-5.6861787,0.3333333432674408,0.27900001406669617,0.055799998342990875
YPL202C,YER171W,1,-5.6862497,0.33412888646125793,0.2800000011920929,0.055799998342990875
YDL134C,YKL012W,0,-5.6862917,0.33373063802719116,0.2800000011920929,0.05590000003576279
YJR118C,YGR181W,0,-5.686528,0.3333333432674408,0.2800000011920929,0.0560000017285347
YGR003W,YOR330C,0,-5.6865845,0.33293697237968445,0.2800000011920929,0.05609999969601631
YMR065W,YCL010C,0,-5.6866455,0.3325415551662445,0.2800000011920929,0.05620000138878822
YBR131W,YIL038C,0,-5.6872654,0.33214709162712097,0.2800000011920929,0.056299999356269836
YGL116W,YOL072W,0,-5.6873593,0.33175355195999146,0.2800000011920929,0.05640000104904175
YML069W,YGR047C,1,-5.687426,0.33254438638687134,0.2809999883174896,0.05640000104904175
YML124C,YKL175W,0,-5.687617,0.33215129375457764,0.2809999883174896,0.05649999901652336
YPL122C,YOR194C,1,-5.6877375,0.3329397737979889,0.28200000524520874,0.05649999901652336
YIR009W,YCR035C,0,-5.68778,0.3325471580028534,0.28200000524520874,0.05660000070929527
YNL039W,YNL257C,1,-5.68785,0.3333333432674408,0.28299999237060547,0.05660000070929527
YGR047C,YOR110W,1,-5.6885967,0.3341176509857178,0.2840000092983246,0.05660000070929527
YNL039W,YIL143C,1,-5.688634,0.3349001109600067,0.2849999964237213,0.05660000070929527
YFR041C,YKR082W,0,-5.688678,0.3345070481300354,0.2849999964237213,0.056699998676776886
YPL122C,YBR123C,1,-5.6888475,0.3352872133255005,0.28600001335144043,0.056699998676776886
YOL067C,YMR227C,1,-5.6893067,0.3360655605792999,0.28700000047683716,0.056699998676776886
YBR198C,YPL122C,1,-5.6893163,0.3368421196937561,0.2879999876022339,0.056699998676776886
YDR205W,YJL029C,0,-5.689787,0.336448609828949,0.2879999876022339,0.0568000003695488
YPL084W,YJL029C,0,-5.690666,0.33605602383613586,0.2879999876022339,0.05689999833703041
YER020W,YGR147C,0,-5.6909504,0.3356643319129944,0.2879999876022339,0.05700000002980232
YGL207W,YPL129W,1,-5.6911325,0.33643773198127747,0.289000004529953,0.05700000002980232
YER068W,YDR097C,0,-5.6917806,0.3360465168952942,0.289000004529953,0.057100001722574234
YIL142W,YER157W,0,-5.6923904,0.33565622568130493,0.289000004529953,0.05719999969005585
YMR288W,YDR404C,0,-5.6925087,0.3352668285369873,0.289000004529953,0.05730000138282776
YDR409W,YAR042W,0,-5.6931286,0.3348783254623413,0.289000004529953,0.05739999935030937
YOR085W,YOL102C,0,-5.694023,0.33449074625968933,0.289000004529953,0.057500001043081284
YIL159W,YLR369W,0,-5.694362,0.334104061126709,0.289000004529953,0.0575999990105629
YOR269W,YMR125W,0,-5.69446,0.3337182402610779,0.289000004529953,0.05770000070333481
YMR184W,YPL233W,0,-5.694709,0.3333333432674408,0.289000004529953,0.05779999867081642
YOL089C,YDR079C-A,1,-5.6949577,0.3341013789176941,0.28999999165534973,0.05779999867081642
YNL314W,YOR110W,1,-5.695029,0.3348676562309265,0.29100000858306885,0.05779999867081642
YDR385W,YHR083W,0,-5.69503,0.33448275923728943,0.29100000858306885,0.05790000036358833
YPL022W,YDR407C,0,-5.695663,0.3340987265110016,0.29100000858306885,0.057999998331069946
YER022W,YGL049C,0,-5.695821,0.3337155878543854,0.29100000858306885,0.05810000002384186
YJR031C,YAL029C,0,-5.6962013,0.3333333432674408,0.29100000858306885,0.05820000171661377
YJR060W,YLR378C,0,-5.69638,0.33295193314552307,0.29100000858306885,0.05829999968409538
YHR193C,YIR026C,0,-5.6965303,0.332571417093277,0.29100000858306885,0.058400001376867294
YNR010W,YPR173C,0,-5.6973343,0.3321917951107025,0.29100000858306885,0.05849999934434891
YNL059C,YGR104C,0,-5.6975083,0.3318130075931549,0.29100000858306885,0.05860000103712082
YGR178C,YMR005W,0,-5.6979523,0.33143508434295654,0.29100000858306885,0.05869999900460243
YDR145W,YBR198C,1,-5.6980424,0.3321956694126129,0.2919999957084656,0.05869999900460243
YMR044W,YDR356W,0,-5.698428,0.33181819319725037,0.2919999957084656,0.058800000697374344
YLR260W,YOL069W,0,-5.698597,0.3314415514469147,0.2919999957084656,0.05889999866485596
YML015C,YDR145W,1,-5.699197,0.3321995437145233,0.2930000126361847,0.05889999866485596
YNL014W,YAL055W,0,-5.699458,0.33182331919670105,0.2930000126361847,0.05900000035762787
YML069W,YPR056W,1,-5.699806,0.33257919549942017,0.2939999997615814,0.05900000035762787
YMR227C,YPR056W,1,-5.699992,0.3333333432674408,0.29499998688697815,0.05900000035762787
YDR409W,YDR189W,0,-5.7003326,0.33295711874961853,0.29499998688697815,0.05909999832510948
YBR152W,YPL045W,0,-5.701009,0.3325817286968231,0.29499998688697815,0.05920000001788139
YGR116W,YMR313C,0,-5.701195,0.33220720291137695,0.29499998688697815,0.059300001710653305
YBR004C,YEL002C,0,-5.7014165,0.33183351159095764,0.29499998688697815,0.05939999967813492
YGR274C,YDR145W,1,-5.702235,0.3325842618942261,0.29600000381469727,0.05939999967813492
YCR060W,YDR532C,0,-5.702437,0.3322109878063202,0.29600000381469727,0.05950000137090683
YPR179C,YBR195C,0,-5.7025394,0.33183857798576355,0.29600000381469727,0.05959999933838844
YPR021C,YHR102W,0,-5.703018,0.3314669728279114,0.29600000381469727,0.059700001031160355
YDR329C,YOR008C,0,-5.7030525,0.33109620213508606,0.29600000381469727,0.05979999899864197
YLR427W,YCR077C,0,-5.70312,0.3307262659072876,0.29600000381469727,0.05990000069141388
YKR031C,YOL102C,0,-5.703148,0.3303571343421936,0.29600000381469727,0.05999999865889549
YLR285W,YNL107W,0,-5.703474,0.32998883724212646,0.29600000381469727,0.060100000351667404
YGL005C,YML067C,0,-5.703565,0.3296213746070862,0.29600000381469727,0.06019999831914902
YGL005C,YOR069W,0,-5.703711,0.32925471663475037,0.29600000381469727,0.06030000001192093
YOR377W,YOR160W,0,-5.7043056,0.3288888931274414,0.29600000381469727,0.06040000170469284
YIL068C,YLR442C,0,-5.7043285,0.3285238742828369,0.29600000381469727,0.060499999672174454
YGL142C,YMR013C,0,-5.7045865,0.3281596601009369,0.29600000381469727,0.060600001364946365
YPL202C,YKR062W,1,-5.704771,0.3289036452770233,0.296999990940094,0.060600001364946365
YGR274C,YCR042C,1,-5.7053986,0.3296460211277008,0.2980000078678131,0.060600001364946365
YGR113W,YBR103W,0,-5.705759,0.3292817771434784,0.2980000078678131,0.06069999933242798
YGL066W,YML014W,0,-5.706063,0.32891830801963806,0.2980000078678131,0.06080000102519989
YOL089C,YML098W,1,-5.7066593,0.3296582102775574,0.29899999499320984,0.06080000102519989
YJL003W,YDL198C,0,-5.7066774,0.32929515838623047,0.29899999499320984,0.0608999989926815
YOR349W,YHR111W,0,-5.7069526,0.32893288135528564,0.29899999499320984,0.061000000685453415
YML098W,YKL058W,1,-5.707221,0.32967033982276917,0.30000001192092896,0.061000000685453415
YPR056W,YKL058W,1,-5.707548,0.33040615916252136,0.3009999990463257,0.061000000685453415
YDL115C,YMR273C,0,-5.7078342,0.33004385232925415,0.3009999990463257,0.06109999865293503
YHL020C,YAL016W,0,-5.708407,0.3296823799610138,0.3009999990463257,0.06120000034570694
YLR265C,YBR260C,0,-5.7099233,0.32932165265083313,0.3009999990463257,0.06129999831318855
YDL028C,YEL037C,0,-5.710457,0.3289617598056793,0.3009999990463257,0.061400000005960464
YNR003C,YER019C-A,0,-5.7107306,0.3286026120185852,0.3009999990463257,0.061500001698732376
YOR160W,YGR276C,0,-5.711071,0.32824426889419556,0.3009999990463257,0.06159999966621399
YML127W,YMR127C,0,-5.7119975,0.327886700630188,0.3009999990463257,0.0617000013589859
YJR064W,YBR058C,0,-5.7123303,0.3275299370288849,0.3009999990463257,0.061799999326467514
YER177W,YBL058W,0,-5.7125015,0.3271739184856415,0.3009999990463257,0.061900001019239426
YCR077C,YBR172C,0,-5.7127514,0.32681867480278015,0.3009999990463257,0.06199999898672104
YBL033C,YNL229C,0,-5.7129936,0.3264642059803009,0.3009999990463257,0.06210000067949295
YMR025W,YCL061C,0,-5.713027,0.32611051201820374,0.3009999990463257,0.062199998646974564
YCR042C,YBR123C,1,-5.7131586,0.3268398344516754,0.3019999861717224,0.062199998646974564
YPR018W,YDR285W,0,-5.713317,0.3264864981174469,0.3019999861717224,0.062300000339746475
YLR382C,YBR192W,0,-5.713376,0.3261339068412781,0.3019999861717224,0.06239999830722809
YGR274C,YMR227C,1,-5.713734,0.32686084508895874,0.30300000309944153,0.06239999830722809
YNL039W,YGL112C,1,-5.713876,0.32758620381355286,0.30399999022483826,0.06239999830722809
YJL085W,YBR058C,0,-5.714035,0.32723358273506165,0.30399999022483826,0.0625
YKR035W-A,YFL004W,0,-5.7144613,0.3268817067146301,0.30399999022483826,0.06260000169277191
YKL046C,YDR407C,0,-5.714574,0.3265306055545807,0.30399999022483826,0.06270000338554382
YLR098C,YDR276C,0,-5.7146025,0.32618024945259094,0.30399999022483826,0.06279999762773514
YDR039C,YOL112W,0,-5.7150784,0.3258306682109833,0.30399999022483826,0.06289999932050705
YOR061W,YLR328W,0,-5.7153587,0.3254818022251129,0.30399999022483826,0.06300000101327896
YKL016C,YHR116W,0,-5.715752,0.32513368129730225,0.30399999022483826,0.06310000270605087
YGL175C,YDR392W,0,-5.7158494,0.32478633522987366,0.30399999022483826,0.06319999694824219
YNL257C,YKL058W,1,-5.715933,0.32550692558288574,0.3050000071525574,0.06319999694824219
YJL191W,YPR132W,0,-5.716341,0.3251599073410034,0.3050000071525574,0.0632999986410141
YOR033C,YEL003W,0,-5.717293,0.3248136341571808,0.3050000071525574,0.06340000033378601
YJL062W,YOR115C,0,-5.7176027,0.32446807622909546,0.3050000071525574,0.06350000202655792
YDL101C,YNL047C,0,-5.717761,0.3241232633590698,0.3050000071525574,0.06360000371932983
YOR244W,YGL075C,0,-5.717887,0.3237791955471039,0.3050000071525574,0.06369999796152115
YNL330C,YER008C,0,-5.718278,0.32343584299087524,0.3050000071525574,0.06379999965429306
YJR031C,YNL032W,0,-5.718605,0.3230932056903839,0.3050000071525574,0.06390000134706497
YPL050C,YMR080C,0,-5.718752,0.32275131344795227,0.3050000071525574,0.06400000303983688
YML069W,YGL112C,1,-5.71888,0.3234672248363495,0.3059999942779541,0.06400000303983688
YOR269W,YPR198W,0,-5.7190924,0.3231256604194641,0.3059999942779541,0.0640999972820282
YGR014W,YOR103C,0,-5.7192917,0.32278481125831604,0.3059999942779541,0.06419999897480011
YNL039W,YPR056W,1,-5.7198534,0.3234984278678894,0.3070000112056732,0.06419999897480011
YIL036W,YML098W,1,-5.7199454,0.324210524559021,0.30799999833106995,0.06419999897480011
YML015C,YPL122C,1,-5.7201605,0.3249211311340332,0.3089999854564667,0.06419999897480011
YBL026W,YPR131C,0,-5.7203155,0.3245798349380493,0.3089999854564667,0.06430000066757202
YGR098C,YGL038C,0,-5.7205114,0.32423925399780273,0.3089999854564667,0.06440000236034393
YOL067C,YKR062W,1,-5.7205296,0.3249475955963135,0.3100000023841858,0.06440000236034393
YLL027W,YDL065C,0,-5.720661,0.32460734248161316,0.3100000023841858,0.06449999660253525
YJR050W,YJL179W,0,-5.7211037,0.32426777482032776,0.3100000023841858,0.06459999829530716
YLR107W,YGR276C,0,-5.72158,0.32392895221710205,0.3100000023841858,0.06469999998807907
YNL258C,YKL041W,0,-5.7216163,0.32359081506729126,0.3100000023841858,0.06480000168085098
YNL039W,YOL089C,1,-5.721862,0.32429614663124084,0.3109999895095825,0.06480000168085098
YNL298W,YNR052C,0,-5.722123,0.3239583373069763,0.3109999895095825,0.0649000033736229
YGR178C,YPL112C,0,-5.7221327,0.3236212134361267,0.3109999895095825,0.06499999761581421
YLR427W,YDR194C,0,-5.7221446,0.3232848346233368,0.3109999895095825,0.06509999930858612
YPR086W,YDR079C-A,1,-5.722237,0.32398754358291626,0.31200000643730164,0.06509999930858612
YLR135W,YJL176C,0,-5.7233105,0.3236514627933502,0.31200000643730164,0.06520000100135803
YHR099W,YMR293C,0,-5.7234497,0.3233160674571991,0.31200000643730164,0.06530000269412994
YDR281C,YDR478W,0,-5.723699,0.3229813575744629,0.31200000643730164,0.06539999693632126
YMR299C,YNL214W,0,-5.72382,0.322647362947464,0.31200000643730164,0.06549999862909317
YCR082W,YLR377C,0,-5.7239194,0.32231405377388,0.31200000643730164,0.06560000032186508
YOL077W-A,YGL004C,0,-5.724038,0.32198143005371094,0.31200000643730164,0.065700002014637
YMR281W,YOR269W,0,-5.7245116,0.3216494917869568,0.31200000643730164,0.0658000037074089
YDL143W,YGR253C,0,-5.724588,0.32131823897361755,0.31200000643730164,0.06589999794960022
YDR512C,YDR484W,0,-5.724945,0.32098764181137085,0.31200000643730164,0.06599999964237213
YFL048C,YGL051W,0,-5.7249994,0.32065775990486145,0.31200000643730164,0.06610000133514404
YML071C,YBR009C,0,-5.72565,0.3203285336494446,0.31200000643730164,0.06620000302791595
YJR135C,YPL156C,0,-5.7261367,0.3199999928474426,0.31200000643730164,0.06629999727010727
YKR054C,YOR241W,0,-5.726664,0.3196721374988556,0.31200000643730164,0.06639999896287918
YOL034W,YLR240W,0,-5.72684,0.3193449378013611,0.31200000643730164,0.06650000065565109
YMR277W,YCR008W,0,-5.726927,0.3190183937549591,0.31200000643730164,0.066600002348423
YOL110W,YDR322C-A,0,-5.727441,0.31869253516197205,0.31200000643730164,0.06669999659061432
YIR023W,YER040W,0,-5.727586,0.3183673322200775,0.31200000643730164,0.06679999828338623
YGL207W,YGR005C,1,-5.7277765,0.31906217336654663,0.31299999356269836,0.06679999828338623
YHR191C,YDR078C,0,-5.7290707,0.318737268447876,0.31299999356269836,0.06689999997615814
YML015C,YGR047C,1,-5.729213,0.31943032145500183,0.3140000104904175,0.06689999997615814
YGR147C,YML065W,0,-5.7292805,0.31910568475723267,0.3140000104904175,0.06700000166893005
YER148W,YPL011C,1,-5.7294655,0.31979694962501526,0.3149999976158142,0.06700000166893005
YPL115C,YCL031C,0,-5.729705,0.31947261095046997,0.3149999976158142,0.06710000336170197
YEL022W,YOR126C,0,-5.729806,0.3191489279270172,0.3149999976158142,0.06719999760389328
YML055W,YGR116W,0,-5.729845,0.318825900554657,0.3149999976158142,0.06729999929666519
YPL145C,YDL015C,0,-5.730037,0.3185035288333893,0.3149999976158142,0.0674000009894371
YPL055C,YDR265W,0,-5.7302766,0.3181818127632141,0.3149999976158142,0.06750000268220901
YIL075C,YGL100W,0,-5.7304363,0.31786075234413147,0.3149999976158142,0.06759999692440033
YPR025C,YOL067C,1,-5.7305546,0.31854838132858276,0.3160000145435333,0.06759999692440033
YLR206W,YKR052C,0,-5.7310343,0.3182275891304016,0.3160000145435333,0.06769999861717224
YML103C,YDR407C,0,-5.73114,0.317907452583313,0.3160000145435333,0.06780000030994415
YPR019W,YDR062W,0,-5.731724,0.3175879418849945,0.3160000145435333,0.06790000200271606
YEL003W,YNL188W,0,-5.7317905,0.31726908683776855,0.3160000145435333,0.06800000369548798
YGR056W,YLR166C,0,-5.731934,0.31695085763931274,0.3160000145435333,0.06809999793767929
YPL008W,YDR198C,0,-5.732004,0.3166332542896271,0.3160000145435333,0.0681999996304512
YPR186C,YDR145W,1,-5.73207,0.31731730699539185,0.31700000166893005,0.0681999996304512
YMR186W,YGL025C,0,-5.7321596,0.31700000166893005,0.31700000166893005,0.06830000132322311
YDR122W,YAL043C,0,-5.7323027,0.3166833221912384,0.31700000166893005,0.06840000301599503
YIL034C,YDR335W,0,-5.7324843,0.3163672685623169,0.31700000166893005,0.06849999725818634
YDL056W,YPL085W,0,-5.7327332,0.3160518407821655,0.31700000166893005,0.06859999895095825
YGL130W,YOL017W,0,-5.732871,0.3157370388507843,0.31700000166893005,0.06870000064373016
YBR233W-A,YLR305C,0,-5.7348166,0.3154228925704956,0.31700000166893005,0.06880000233650208
YLR170C,YER162C,0,-5.735353,0.31510934233665466,0.31700000166893005,0.06889999657869339
YKR086W,YFR005C,0,-5.736518,0.31479641795158386,0.31700000166893005,0.0689999982714653
YER036C,YIL109C,0,-5.736984,0.3144841194152832,0.31700000166893005,0.06909999996423721
YMR076C,YGR193C,0,-5.7377896,0.3141724467277527,0.31700000166893005,0.06920000165700912
YJL004C,YDR059C,0,-5.737821,0.3138613998889923,0.31700000166893005,0.06930000334978104
YPL177C,YPL011C,1,-5.738323,0.3145400583744049,0.3179999887943268,0.06930000334978104
YMR281W,YGR044C,0,-5.7384377,0.31422924995422363,0.3179999887943268,0.06939999759197235
YDL143W,YLR429W,0,-5.7389,0.3139190375804901,0.3179999887943268,0.06949999928474426
YOL089C,YPR086W,1,-5.7389603,0.31459566950798035,0.3190000057220459,0.06949999928474426
YIL061C,YDR484W,0,-5.7389884,0.3142857253551483,0.3190000057220459,0.06960000097751617
YDL126C,YLR270W,0,-5.739027,0.31397637724876404,0.3190000057220459,0.06970000267028809
YOL089C,YDR311W,1,-5.7394724,0.31465092301368713,0.3199999928474426,0.06970000267028809
YER016W,YDL153C,0,-5.739675,0.31434184312820435,0.3199999928474426,0.0697999969124794
YNL039W,YGR186W,1,-5.739745,0.31501471996307373,0.32100000977516174,0.0697999969124794
YDR040C,YMR255W,0,-5.740287,0.31470587849617004,0.32100000977516174,0.06989999860525131
YMR138W,YDL007W,0,-5.7403626,0.3143976628780365,0.32100000977516174,0.07000000029802322
YOL089C,YIL143C,1,-5.7407484,0.31506848335266113,0.32199999690055847,0.07000000029802322
YOR304W,YPR108W,0,-5.7410727,0.3147605061531067,0.32199999690055847,0.07010000199079514
YBR198C,YPR056W,1,-5.741431,0.3154296875,0.3230000138282776,0.07010000199079514
YCR042C,YDR311W,1,-5.7419767,0.31609755754470825,0.3240000009536743,0.07010000199079514
YNL131W,YBL055C,0,-5.742462,0.31578946113586426,0.3240000009536743,0.07020000368356705
YDL161W,YKR085C,0,-5.742796,0.3154819905757904,0.3240000009536743,0.07029999792575836
YEL022W,YDR143C,0,-5.7436295,0.3151750862598419,0.3240000009536743,0.07039999961853027
YJR121W,YPL190C,0,-5.7438164,0.3148688077926636,0.3240000009536743,0.07050000131130219
YER148W,YDR311W,1,-5.7442055,0.31553396582603455,0.32499998807907104,0.07050000131130219
YDR145W,YML098W,1,-5.7449,0.31619787216186523,0.32600000500679016,0.07050000131130219
YBL014C,YER129W,0,-5.744937,0.31589147448539734,0.32600000500679016,0.0706000030040741
YKL213C,YIL112W,0,-5.7451553,0.3155856728553772,0.32600000500679016,0.07069999724626541
YLR231C,YCL001W,0,-5.745286,0.3152804672718048,0.32600000500679016,0.07079999893903732
YIL036W,YCR042C,1,-5.7455883,0.31594201922416687,0.3269999921321869,0.07079999893903732
YPL129W,YOR110W,1,-5.746272,0.31660231947898865,0.328000009059906,0.07079999893903732
YBR015C,YPR024W,0,-5.746295,0.3162970244884491,0.328000009059906,0.07090000063180923
YPL011C,YBR123C,1,-5.746652,0.31695568561553955,0.32899999618530273,0.07090000063180923
YNL051W,YBR060C,0,-5.7467165,0.3166506290435791,0.32899999618530273,0.07100000232458115
YMR299C,YPL128C,0,-5.7470245,0.3163461685180664,0.32899999618530273,0.07109999656677246
YDR173C,YDR372C,0,-5.747274,0.3160422742366791,0.32899999618530273,0.07119999825954437
YER171W,YDR460W,1,-5.747429,0.31669867038726807,0.33000001311302185,0.07119999825954437
YDL088C,YDL028C,0,-5.747845,0.31639501452445984,0.33000001311302185,0.07129999995231628
YOR250C,YGL151W,0,-5.7482986,0.31609195470809937,0.33000001311302185,0.0714000016450882
YNL312W,YNL047C,0,-5.7488747,0.31578946113586426,0.33000001311302185,0.07150000333786011
YOR253W,YOL072W,0,-5.7489195,0.3154875636100769,0.33000001311302185,0.07159999758005142
YLR210W,YLR095C,0,-5.749178,0.3151862323284149,0.33000001311302185,0.07169999927282333
YNL006W,YPL196W,0,-5.749364,0.3148854970932007,0.33000001311302185,0.07180000096559525
YBR198C,YGR005C,1,-5.7509923,0.315538614988327,0.3310000002384186,0.07180000096559525
YLR259C,YMR314W,0,-5.7514133,0.3152380883693695,0.3310000002384186,0.07190000265836716
YNL039W,YAL001C,1,-5.751444,0.3158896267414093,0.3319999873638153,0.07190000265836716
YPL270W,YLR025W,0,-5.7514677,0.31558936834335327,0.3319999873638153,0.07199999690055847
YNL135C,YOL088C,0,-5.752642,0.3152896463871002,0.3319999873638153,0.07209999859333038
YJL042W,YDR479C,0,-5.7529416,0.3149905204772949,0.3319999873638153,0.0722000002861023
YDL165W,YNL153C,0,-5.7530494,0.3146919310092926,0.3319999873638153,0.0723000019788742
YPR025C,YMR227C,1,-5.7531176,0.31534090638160706,0.3330000042915344,0.0723000019788742
YDL155W,YNL267W,0,-5.753198,0.3150425851345062,0.3330000042915344,0.07240000367164612
YGR113W,YML092C,0,-5.7532606,0.3147448003292084,0.3330000042915344,0.07249999791383743
YNL004W,YFL038C,0,-5.7533755,0.3144475817680359,0.3330000042915344,0.07259999960660934
YGL116W,YLR228C,0,-5.753475,0.31415092945098877,0.3330000042915344,0.07270000129938126
YNL222W,YOR110W,1,-5.7536793,0.31479737162590027,0.33399999141693115,0.07270000129938126
YDR507C,YOL006C,0,-5.753826,0.31450092792510986,0.33399999141693115,0.07280000299215317
YMR047C,YBL093C,0,-5.753909,0.3142050802707672,0.33399999141693115,0.07289999723434448
YDL165W,YDR140W,0,-5.7542877,0.31390976905822754,0.33399999141693115,0.0729999989271164
YGR246C,YGL207W,1,-5.7544065,0.31455397605895996,0.33500000834465027,0.0729999989271164
YPL228W,YKL032C,0,-5.7550673,0.3142589032649994,0.33500000834465027,0.0731000006198883
YPR135W,YMR197C,0,-5.7550945,0.3139643967151642,0.33500000834465027,0.07320000231266022
YIL150C,YBR152W,0,-5.7554092,0.31367042660713196,0.33500000834465027,0.07329999655485153
YOL065C,YBR280C,0,-5.7557144,0.3133769929409027,0.33500000834465027,0.07339999824762344
YPL202C,YPR008W,1,-5.7561913,0.31401869654655457,0.335999995470047,0.07339999824762344
YPR135W,YGL094C,0,-5.756544,0.3137255012989044,0.335999995470047,0.07349999994039536
YER148W,YDR145W,1,-5.757015,0.3143656849861145,0.3370000123977661,0.07349999994039536
YOL043C,YBL093C,0,-5.757204,0.31407269835472107,0.3370000123977661,0.07360000163316727
YDL088C,YDR416W,0,-5.7574754,0.3137802481651306,0.3370000123977661,0.07370000332593918
YDR386W,YBL014C,0,-5.757941,0.3134883642196655,0.3370000123977661,0.0737999975681305
YNL222W,YGR047C,1,-5.758349,0.3141264021396637,0.33799999952316284,0.0737999975681305
YGR056W,YDR082W,0,-5.7584877,0.3138347268104553,0.33799999952316284,0.0738999992609024
YCR042C,YGR005C,1,-5.758631,0.3144712448120117,0.33899998664855957,0.0738999992609024
YPL129W,YDR079C-A,1,-5.759048,0.3151065707206726,0.3400000035762787,0.0738999992609024
YMR184W,YOR259C,0,-5.7591543,0.31481480598449707,0.3400000035762787,0.07400000095367432
YFL050C,YMR270C,0,-5.7592545,0.3145235776901245,0.3400000035762787,0.07410000264644623
YDR040C,YNL339C,0,-5.759745,0.3142329156398773,0.3400000035762787,0.07419999688863754
YDR517W,YDR221W,0,-5.7599754,0.3139427602291107,0.3400000035762787,0.07429999858140945
YKL017C,YDR265W,0,-5.760601,0.3136531412601471,0.3400000035762787,0.07440000027418137
YDR283C,YGR070W,0,-5.761327,0.31336405873298645,0.3400000035762787,0.07450000196695328
YGR010W,YOR162C,0,-5.7613635,0.3130755126476288,0.3400000035762787,0.07460000365972519
YOL115W,YDR404C,0,-5.761666,0.3127875030040741,0.3400000035762787,0.0746999979019165
YPR086W,YML098W,1,-5.76177,0.3134191036224365,0.3409999907016754,0.0746999979019165
YOL069W,YLR298C,0,-5.762434,0.31313130259513855,0.3409999907016754,0.07479999959468842
YDR098C,YHR039C-A,0,-5.762642,0.31284403800964355,0.3409999907016754,0.07490000128746033
YGR091W,YGL044C,0,-5.763211,0.31255728006362915,0.3409999907016754,0.07500000298023224
YJL073W,YLR376C,0,-5.763432,0.3122710585594177,0.3409999907016754,0.07509999722242355
YPR008W,YOL067C,1,-5.7641,0.31290027499198914,0.34200000762939453,0.07509999722242355
YPL242C,YGR222W,0,-5.764172,0.3126142621040344,0.34200000762939453,0.07519999891519547
YNL222W,YDR145W,1,-5.7643533,0.31324201822280884,0.34299999475479126,0.07519999891519547
YGR166W,YGL144C,0,-5.7647257,0.31295621395111084,0.34299999475479126,0.07530000060796738
YGR046W,YBR006W,0,-5.7649865,0.31267091631889343,0.34299999475479126,0.07540000230073929
YDR409W,YER041W,0,-5.765175,0.312386155128479,0.34299999475479126,0.0754999965429306
YGL004C,YIL030C,0,-5.7660165,0.31210190057754517,0.34299999475479126,0.07559999823570251
YPL228W,YHR058C,0,-5.766264,0.3118181824684143,0.34299999475479126,0.07569999992847443
YDL069C,YPL254W,0,-5.7666655,0.31153497099876404,0.34299999475479126,0.07580000162124634
YDL117W,YOR144C,0,-5.767647,0.31125226616859436,0.34299999475479126,0.07590000331401825
YDR440W,YNL082W,0,-5.7679663,0.3109700679779053,0.34299999475479126,0.07599999755620956
YGL256W,YBR002C,0,-5.7680693,0.31068840622901917,0.34299999475479126,0.07609999924898148
YDL147W,YKL119C,0,-5.768093,0.31040725111961365,0.34299999475479126,0.07620000094175339
YPR100W,YMR200W,0,-5.768408,0.31012657284736633,0.34299999475479126,0.0763000026345253
YGR246C,YDR145W,1,-5.7687945,0.31074976921081543,0.3440000116825104,0.0763000026345253
YER105C,YIL084C,0,-5.7692275,0.31046929955482483,0.3440000116825104,0.07639999687671661
YDR043C,YOR089C,0,-5.769319,0.3101893663406372,0.3440000116825104,0.07649999856948853
YDR411C,YPL179W,0,-5.769338,0.3099099099636078,0.3440000116825104,0.07660000026226044
YPL177C,YOL089C,1,-5.769518,0.31053104996681213,0.3449999988079071,0.07660000026226044
YLR385C,YDR457W,0,-5.7696476,0.31025180220603943,0.3449999988079071,0.07670000195503235
YOR330C,YDR436W,0,-5.7698994,0.3099730312824249,0.3449999988079071,0.07680000364780426
YER174C,YDR400W,0,-5.769906,0.3096947968006134,0.3449999988079071,0.07689999788999557
YPR025C,YPR086W,1,-5.769967,0.3103139102458954,0.34599998593330383,0.07689999788999557
YIL044C,YPL048W,0,-5.7701693,0.3100358545780182,0.34599998593330383,0.07699999958276749
YLR418C,YNL283C,0,-5.7709827,0.3097582757472992,0.34599998593330383,0.0771000012755394
YLR170C,YDR174W,0,-5.771084,0.3094812035560608,0.34599998593330383,0.07720000296831131
YCL055W,YER075C,0,-5.7711983,0.309204638004303,0.34599998593330383,0.07729999721050262
YPR186C,YPL129W,1,-5.771284,0.3098214268684387,0.34700000286102295,0.07729999721050262
YBR280C,YLR006C,0,-5.7716074,0.30954504013061523,0.34700000286102295,0.07739999890327454
YFL050C,YPR179C,0,-5.772263,0.30926916003227234,0.34700000286102295,0.07750000059604645
YNL167C,YBL055C,0,-5.7723446,0.30899375677108765,0.34700000286102295,0.07760000228881836
YLR096W,YAL051W,0,-5.7724676,0.30871886014938354,0.34700000286102295,0.07769999653100967
YDL017W,YOR039W,0,-5.773206,0.30844444036483765,0.34700000286102295,0.07779999822378159
YBR236C,YGL005C,0,-5.773511,0.30817052721977234,0.34700000286102295,0.0778999999165535
YDR093W,YIL122W,0,-5.7735405,0.30789706110954285,0.34700000286102295,0.07800000160932541
YMR200W,YIR018W,0,-5.773712,0.30762410163879395,0.34700000286102295,0.07810000330209732
YFL056C,YPL096C-A,0,-5.773813,0.30735164880752563,0.34700000286102295,0.07819999754428864
YEL030W,YOR261C,0,-5.773943,0.30707964301109314,0.34700000286102295,0.07829999923706055
YAL001C,YGR005C,1,-5.7739525,0.3076923191547394,0.3479999899864197,0.07829999923706055
YPL084W,YAR019C,0,-5.7742977,0.3074204921722412,0.3479999899864197,0.07840000092983246
YHR115C,YML092C,0,-5.7745295,0.30714917182922363,0.3479999899864197,0.07850000262260437
YNL099C,YLR147C,0,-5.7748823,0.30687829852104187,0.3479999899864197,0.07859999686479568
YEL027W,YMR296C,0,-5.774971,0.3066079318523407,0.3479999899864197,0.0786999985575676
YPR186C,YPL011C,1,-5.774997,0.3072183132171631,0.3490000069141388,0.0786999985575676
YOR039W,YOR035C,0,-5.7752647,0.30694809556007385,0.3490000069141388,0.07880000025033951
YEL053C,YDR318W,0,-5.775511,0.3066783845424652,0.3490000069141388,0.07890000194311142
YPR186C,YDR079C-A,1,-5.775958,0.3072870969772339,0.3499999940395355,0.07890000194311142
YGL195W,YBR153W,0,-5.775978,0.3070175349712372,0.3499999940395355,0.07900000363588333
YJR059W,YDR030C,0,-5.776514,0.30674847960472107,0.3499999940395355,0.07909999787807465
YER174C,YBL006C,0,-5.776909,0.30647987127304077,0.3499999940395355,0.07919999957084656
YNR032W,YDR164C,0,-5.7781925,0.3062117099761963,0.3499999940395355,0.07930000126361847
YER177W,YDR411C,0,-5.7784824,0.3059440553188324,0.3499999940395355,0.07940000295639038
YFL013C,YMR285C,0,-5.7787485,0.3056768476963043,0.3499999940395355,0.0794999971985817
YPL202C,YCR042C,1,-5.7790117,0.30628272891044617,0.35100001096725464,0.0794999971985817
YOR008C,YKL080W,0,-5.7790337,0.3060157001018524,0.35100001096725464,0.07959999889135361
YLR284C,YHR150W,0,-5.7790413,0.3057491183280945,0.35100001096725464,0.07970000058412552
YNL222W,YBR198C,1,-5.7790623,0.306353360414505,0.35199999809265137,0.07970000058412552
YGL207W,YIL143C,1,-5.7793713,0.30695652961730957,0.3529999852180481,0.07970000058412552
YAL029C,YNL221C,0,-5.7798023,0.3066898286342621,0.3529999852180481,0.07980000227689743
YAL029C,YGR091W,0,-5.7798805,0.3064236044883728,0.3529999852180481,0.07989999651908875
YOL089C,YCR042C,1,-5.7800155,0.30702516436576843,0.3540000021457672,0.07989999651908875
YLR066W,YKL018W,0,-5.7800264,0.3067590892314911,0.3540000021457672,0.07999999821186066
YGR246C,YML015C,1,-5.780054,0.3073593080043793,0.35499998927116394,0.07999999821186066
YDR460W,YGR047C,1,-5.7806697,0.3079584836959839,0.35600000619888306,0.07999999821186066
YDR363W-A,YOL006C,0,-5.7807517,0.3076923191547394,0.35600000619888306,0.08009999990463257
YHR150W,YGL058W,0,-5.782174,0.3074266016483307,0.35600000619888306,0.08020000159740448
YOR250C,YBR097W,0,-5.7822013,0.3071613311767578,0.35600000619888306,0.08030000329017639
YER133W,YOR326W,0,-5.7827415,0.30689653754234314,0.35600000619888306,0.0803999975323677
YIL173W,YDR545W,0,-5.7830925,0.30663222074508667,0.35600000619888306,0.08049999922513962
YMR140W,YGR013W,0,-5.7831492,0.30636832118034363,0.35600000619888306,0.08060000091791153
YMR288W,YFR013W,0,-5.7832775,0.3061048984527588,0.35600000619888306,0.08070000261068344
YER001W,YGL167C,0,-5.7837744,0.30584192276000977,0.35600000619888306,0.08079999685287476
YIR008C,YJL187C,0,-5.7844596,0.30557939410209656,0.35600000619888306,0.08089999854564667
YML069W,YNL257C,1,-5.7845583,0.30617496371269226,0.3569999933242798,0.08089999854564667
YGR007W,YLR298C,0,-5.785123,0.305912584066391,0.3569999933242798,0.08100000023841858
YGL207W,YML098W,1,-5.785134,0.30650684237480164,0.3580000102519989,0.08100000023841858
YJL085W,YBR244W,0,-5.7852025,0.3062446415424347,0.3580000102519989,0.08110000193119049
YLR320W,YOL034W,0,-5.7852163,0.30598291754722595,0.3580000102519989,0.0812000036239624
YMR227C,YDR079C-A,1,-5.7852516,0.30657556653022766,0.35899999737739563,0.0812000036239624
YNL257C,YML098W,1,-5.785305,0.3071672320365906,0.36000001430511475,0.0812000036239624
YJL128C,YLR266C,0,-5.785573,0.3069053590297699,0.36000001430511475,0.08129999786615372
YPL086C,YGR082W,0,-5.7857,0.3066439628601074,0.36000001430511475,0.08139999955892563
YNL329C,YAL002W,0,-5.7862844,0.3063829839229584,0.36000001430511475,0.08150000125169754
YJL134W,YOR129C,0,-5.786586,0.30612245202064514,0.36000001430511475,0.08160000294446945
YIL085C,YIL109C,0,-5.7870235,0.3058623671531677,0.36000001430511475,0.08169999718666077
YBR039W,YOR030W,0,-5.78709,0.3056027293205261,0.36000001430511475,0.08179999887943268
YGL018C,YLR105C,0,-5.7873354,0.30534350872039795,0.36000001430511475,0.08190000057220459
YAL033W,YGL066W,0,-5.788372,0.3050847351551056,0.36000001430511475,0.0820000022649765
YER154W,YNL312W,0,-5.7894793,0.30482640862464905,0.36000001430511475,0.08209999650716782
YGL112C,YGR005C,1,-5.789612,0.3054145574569702,0.3610000014305115,0.08209999650716782
YBR129C,YGL100W,0,-5.7906065,0.3051563799381256,0.3610000014305115,0.08219999819993973
YGL166W,YPR008W,1,-5.792145,0.3057432472705841,0.3619999885559082,0.08219999819993973
YCR067C,YDR080W,0,-5.792147,0.30548521876335144,0.3619999885559082,0.08229999989271164
YCL016C,YMR004W,0,-5.7925057,0.305227667093277,0.3619999885559082,0.08240000158548355
YML069W,YDR079C-A,1,-5.7928677,0.3058129847049713,0.3630000054836273,0.08240000158548355
YOL067C,YBR198C,1,-5.792925,0.30639731884002686,0.36399999260902405,0.08240000158548355
YGL112C,YKL058W,1,-5.7930164,0.3069806694984436,0.36500000953674316,0.08240000158548355
YDL143W,YJL073W,0,-5.793112,0.3067227005958557,0.36500000953674316,0.08250000327825546
YOR334W,YDR279W,0,-5.794443,0.30646514892578125,0.36500000953674316,0.08259999752044678
YML098W,YOR194C,1,-5.794569,0.3070469796657562,0.3659999966621399,0.08259999752044678
YGR246C,YIL143C,1,-5.7947373,0.3076278269290924,0.367000013589859,0.08259999752044678
YOR253W,YOR301W,0,-5.7952423,0.3073701858520508,0.367000013589859,0.08269999921321869
YCR044C,YDL224C,0,-5.795355,0.3071129620075226,0.367000013589859,0.0828000009059906
YLR242C,YML019W,0,-5.795433,0.3068561851978302,0.367000013589859,0.08290000259876251
YGL038C,YDR028C,0,-5.7956057,0.30659982562065125,0.367000013589859,0.08299999684095383
YGR274C,YGR047C,1,-5.795681,0.3071786165237427,0.36800000071525574,0.08299999684095383
YPR186C,YOR110W,1,-5.7959104,0.3077564537525177,0.36899998784065247,0.08299999684095383
YKL048C,YIL048W,0,-5.7959614,0.3075000047683716,0.36899998784065247,0.08309999853372574
YNR033W,YNL213C,0,-5.796085,0.3072439730167389,0.36899998784065247,0.08320000022649765
YIL036W,YMR227C,1,-5.7963276,0.30782029032707214,0.3700000047683716,0.08320000022649765
YML015C,YDR460W,1,-5.7967024,0.3083956837654114,0.3709999918937683,0.08320000022649765
YAR014C,YMR243C,0,-5.7967587,0.30813953280448914,0.3709999918937683,0.08330000191926956
YML127W,YDR129C,0,-5.797011,0.3078838288784027,0.3709999918937683,0.08340000361204147
YML015C,YGR186W,1,-5.7975006,0.30845770239830017,0.3720000088214874,0.08340000361204147
YKL194C,YFL005W,0,-5.7979136,0.3082021474838257,0.3720000088214874,0.08349999785423279
YPR008W,YML015C,1,-5.798135,0.30877482891082764,0.37299999594688416,0.08349999785423279
YPL202C,YGL112C,1,-5.798137,0.3093465566635132,0.37400001287460327,0.08349999785423279
YPL129W,YDR311W,1,-5.7985044,0.3099173605442047,0.375,0.08349999785423279
YNL192W,YHR074W,0,-5.7987623,0.3096614480018616,0.375,0.0835999995470047
YGR024C,YBL004W,0,-5.7989626,0.30940595269203186,0.375,0.08370000123977661
YAL026C,YNR013C,0,-5.799179,0.3091508746147156,0.375,0.08380000293254852
YOL043C,YBL105C,0,-5.7997856,0.3088962137699127,0.375,0.08389999717473984
YBR210W,YGR082W,0,-5.7997932,0.3086419701576233,0.375,0.08399999886751175
YKL130C,YNR015W,0,-5.7998476,0.3083881437778473,0.375,0.08410000056028366
YPL137C,YDR060W,0,-5.8002253,0.3081347644329071,0.375,0.08420000225305557
YOL067C,YDR460W,1,-5.8002415,0.3087027966976166,0.37599998712539673,0.08420000225305557
YPL176C,YLR396C,0,-5.80025,0.30844953656196594,0.37599998712539673,0.08429999649524689
YER171W,YOR194C,1,-5.8002987,0.3090164065361023,0.37700000405311584,0.08429999649524689
YKR066C,YOR020C,0,-5.8009768,0.3087632954120636,0.37700000405311584,0.0843999981880188
YMR075W,YMR313C,0,-5.801375,0.3085106313228607,0.37700000405311584,0.08449999988079071
YBR015C,YLR396C,0,-5.8017807,0.30825838446617126,0.37700000405311584,0.08460000157356262
YHR079C,YLR240W,0,-5.802058,0.30800652503967285,0.37700000405311584,0.08470000326633453
YFL048C,YMR113W,0,-5.8020797,0.30775511264801025,0.37700000405311584,0.08479999750852585
YPL129W,YPL122C,1,-5.802639,0.30831974744796753,0.3779999911785126,0.08479999750852585
YOL135C,YKL113C,0,-5.802824,0.3080684542655945,0.3779999911785126,0.08489999920129776
YLR353W,YER008C,0,-5.8032036,0.30781757831573486,0.3779999911785126,0.08500000089406967
YPL161C,YBR245C,0,-5.8034344,0.30756711959838867,0.3779999911785126,0.08510000258684158
YPR021C,YBR041W,0,-5.8037205,0.3073170781135559,0.3779999911785126,0.0851999968290329
YGL153W,YHL025W,0,-5.8043385,0.3070674240589142,0.3779999911785126,0.08529999852180481
YLR429W,YKR022C,0,-5.8043594,0.3068181872367859,0.3779999911785126,0.08540000021457672
YCR077C,YDR485C,0,-5.8048778,0.30656933784484863,0.3779999911785126,0.08550000190734863
YOR284W,YKL203C,0,-5.8049574,0.3063209056854248,0.3779999911785126,0.08560000360012054
YGR246C,YNL314W,1,-5.8052588,0.3068825900554657,0.3790000081062317,0.08560000360012054
YKR085C,YKR002W,0,-5.80538,0.3066343069076538,0.3790000081062317,0.08569999784231186
YBR199W,YHR004C,0,-5.805438,0.30638641119003296,0.3790000081062317,0.08579999953508377
YEL018W,YHR167W,0,-5.805538,0.30613893270492554,0.3790000081062317,0.08590000122785568
YOR346W,YGR095C,0,-5.805841,0.30589184165000916,0.3790000081062317,0.0860000029206276
YOL069W,YPL124W,0,-5.805921,0.3056451678276062,0.3790000081062317,0.08609999716281891
YGR252W,YPR100W,0,-5.806057,0.3053988814353943,0.3790000081062317,0.08619999885559082
YPL202C,YIL143C,1,-5.806194,0.3059581220149994,0.3799999952316284,0.08619999885559082
YHR058C,YLL004W,0,-5.8064632,0.3057119846343994,0.3799999952316284,0.08630000054836273
YOL089C,YGR005C,1,-5.806567,0.3062700927257538,0.38100001215934753,0.08630000054836273
YMR220W,YBL017C,0,-5.8067555,0.30602410435676575,0.38100001215934753,0.08640000224113464
YPR025C,YNL257C,1,-5.807162,0.306581050157547,0.38199999928474426,0.08640000224113464
YLR166C,YML007W,0,-5.8075423,0.3063352108001709,0.38199999928474426,0.08649999648332596
YML069W,YGR274C,1,-5.8076735,0.3068910241127014,0.382999986410141,0.08649999648332596
YLR295C,YPL145C,0,-5.8076906,0.30664530396461487,0.382999986410141,0.08659999817609787
YIR025W,YJR035W,0,-5.808036,0.30640000104904175,0.382999986410141,0.08669999986886978
YER133W,YPL117C,0,-5.8082485,0.30615508556365967,0.382999986410141,0.0868000015616417
YHR058C,YNL126W,0,-5.808419,0.30591055750846863,0.382999986410141,0.0869000032544136
YML099C,YHR073W,0,-5.80842,0.30566638708114624,0.382999986410141,0.08699999749660492
YPL204W,YIL147C,0,-5.8085423,0.3054226338863373,0.382999986410141,0.08709999918937683
YNL222W,YML015C,1,-5.8085723,0.30597609281539917,0.3840000033378601,0.08709999918937683
YER171W,YBR123C,1,-5.80961,0.30652865767478943,0.38499999046325684,0.08709999918937683
YKR054C,YGR059W,0,-5.809638,0.3062848150730133,0.38499999046325684,0.08720000088214874
YPL119C,YER027C,0,-5.8102283,0.30604133009910583,0.38499999046325684,0.08730000257492065
YFR028C,YPL008W,0,-5.8107224,0.3057982623577118,0.38499999046325684,0.08739999681711197
YDR038C,YNL088W,0,-5.810823,0.3055555522441864,0.38499999046325684,0.08749999850988388
YGL155W,YMR075W,0,-5.810979,0.30531322956085205,0.38499999046325684,0.08760000020265579
YPL259C,YLR293C,0,-5.811157,0.30507132411003113,0.38499999046325684,0.0877000018954277
YJL041W,YGL145W,0,-5.8119693,0.30482977628707886,0.38499999046325684,0.08780000358819962
YFR013W,YFR052W,0,-5.8119993,0.3045886158943176,0.38499999046325684,0.08789999783039093
YGL065C,YDR140W,0,-5.8121376,0.30434781312942505,0.38499999046325684,0.08799999952316284
YPL228W,YAL011W,0,-5.812435,0.3041074275970459,0.38499999046325684,0.08810000121593475
YDL145C,YBR121C,0,-5.813137,0.3038673996925354,0.38499999046325684,0.08820000290870667
YOR355W,YNL121C,0,-5.8133693,0.30362775921821594,0.38499999046325684,0.08829999715089798
YDL045C,YHR039C-A,0,-5.8134165,0.3033885061740875,0.38499999046325684,0.08839999884366989
YGR274C,YOR194C,1,-5.813554,0.30393701791763306,0.38600000739097595,0.08839999884366989
YGL112C,YDR079C-A,1,-5.8136406,0.30448466539382935,0.3869999945163727,0.08839999884366989
YNL039W,YBR198C,1,-5.8137026,0.3050314486026764,0.3880000114440918,0.08839999884366989
YPR082C,YGL054C,0,-5.814049,0.3047918379306793,0.3880000114440918,0.0885000005364418
YPR199C,YMR022W,0,-5.8140707,0.3045525848865509,0.3880000114440918,0.08860000222921371
YPR186C,YGR186W,1,-5.814124,0.3050980269908905,0.3889999985694885,0.08860000222921371
YPR008W,YIL143C,1,-5.814816,0.30564263463020325,0.38999998569488525,0.08860000222921371
YPL202C,YDR145W,1,-5.815301,0.30618637800216675,0.39100000262260437,0.08860000222921371
YBR073W,YDL159W,0,-5.8156757,0.30594679713249207,0.39100000262260437,0.08869999647140503
YGL142C,YGR241C,0,-5.815701,0.30570757389068604,0.39100000262260437,0.08879999816417694
YNL039W,YIL036W,1,-5.8157043,0.3062500059604645,0.3919999897480011,0.08879999816417694
YDL101C,YNL188W,0,-5.816071,0.3060109317302704,0.3919999897480011,0.08889999985694885
YOR299W,YNL307C,0,-5.816335,0.30577224493026733,0.3919999897480011,0.08900000154972076
YDR320C-A,YPL232W,0,-5.81659,0.30553391575813293,0.3919999897480011,0.08910000324249268
YOL013C,YGR241C,0,-5.8170457,0.3052959442138672,0.3919999897480011,0.08919999748468399
YNL023C,YMR005W,0,-5.8170958,0.3050583600997925,0.3919999897480011,0.0892999991774559
YNL192W,YGR147C,0,-5.81717,0.3048211634159088,0.3919999897480011,0.08940000087022781
YLR453C,YPL138C,0,-5.8173323,0.3045842945575714,0.3919999897480011,0.08950000256299973
YGL119W,YLR285W,0,-5.817482,0.30434781312942505,0.3919999897480011,0.08959999680519104
YPR188C,YPR100W,0,-5.8175535,0.3041117191314697,0.3919999897480011,0.08969999849796295
YJR057W,YNL332W,0,-5.817724,0.30387598276138306,0.3919999897480011,0.08980000019073486
YPL097W,YER087C-B,0,-5.817778,0.30364057421684265,0.3919999897480011,0.08990000188350677
YIL085C,YIL138C,0,-5.817958,0.3034055829048157,0.3919999897480011,0.09000000357627869
YJL020C,YGR006W,0,-5.8182683,0.30317091941833496,0.3919999897480011,0.09009999781847
YPR008W,YBR198C,1,-5.818284,0.3037094175815582,0.3930000066757202,0.09009999781847
YLR284C,YDR221W,0,-5.818285,0.30347490310668945,0.3930000066757202,0.09019999951124191
YDR283C,YPR083W,0,-5.8184843,0.30324074625968933,0.3930000066757202,0.09030000120401382
YHR158C,YMR201C,0,-5.818574,0.30300694704055786,0.3930000066757202,0.09040000289678574
YDL165W,YKL025C,0,-5.818804,0.30277350544929504,0.3930000066757202,0.09049999713897705
YOL067C,YML015C,1,-5.819503,0.30331024527549744,0.39399999380111694,0.09049999713897705
YOR299W,YLR337C,0,-5.819506,0.30307692289352417,0.39399999380111694,0.09059999883174896
YNL004W,YNL091W,0,-5.8195744,0.30284395813941956,0.39399999380111694,0.09070000052452087
YPL100W,YIR015W,0,-5.819853,0.302611380815506,0.39399999380111694,0.09080000221729279
YFR009W,YDR245W,0,-5.8204794,0.30237913131713867,0.39399999380111694,0.0908999964594841
YLR459W,YLR154C,0,-5.820491,0.30214723944664,0.39399999380111694,0.09099999815225601
YBL034C,YBR175W,0,-5.82067,0.30191570520401,0.39399999380111694,0.09109999984502792
YGR202C,YIL063C,0,-5.820804,0.30168452858924866,0.39399999380111694,0.09120000153779984
YDR375C,YLR262C,0,-5.8208284,0.30145370960235596,0.39399999380111694,0.09130000323057175
YGL211W,YIL061C,0,-5.8212347,0.3012232482433319,0.39399999380111694,0.09139999747276306
YPL267W,YOL094C,0,-5.8213515,0.3009931147098541,0.39399999380111694,0.09149999916553497
YPR021C,YML049C,0,-5.8215427,0.3007633686065674,0.39399999380111694,0.09160000085830688
YFL013C,YBL046W,0,-5.8219337,0.3005339503288269,0.39399999380111694,0.0917000025510788
YBR015C,YKL214C,0,-5.8219547,0.3003048896789551,0.39399999380111694,0.09179999679327011
YPL259C,YPL055C,0,-5.8219724,0.3000761568546295,0.39399999380111694,0.09189999848604202
YGL254W,YDR330W,0,-5.8221884,0.2998477816581726,0.39399999380111694,0.09200000017881393
YDR268W,YOL122C,0,-5.822442,0.29961976408958435,0.39399999380111694,0.09210000187158585
YDL245C,YDR122W,0,-5.822898,0.29939210414886475,0.39399999380111694,0.09220000356435776
YJR158W,YBR289W,0,-5.8230786,0.2991647720336914,0.39399999380111694,0.09229999780654907
YKR002W,YLR324W,0,-5.823187,0.2989377975463867,0.39399999380111694,0.09239999949932098
YDR283C,YPL020C,0,-5.82331,0.2987111508846283,0.39399999380111694,0.0925000011920929
YML120C,YMR076C,0,-5.8233166,0.2984848618507385,0.39399999380111694,0.09260000288486481
YNL159C,YOR211C,0,-5.823365,0.298258900642395,0.39399999380111694,0.09269999712705612
YPL069C,YGR020C,0,-5.8237963,0.29803329706192017,0.39399999380111694,0.09279999881982803
YOR266W,YDR243C,0,-5.82386,0.2978080213069916,0.39399999380111694,0.09290000051259995
YMR184W,YLR229C,0,-5.823921,0.29758307337760925,0.39399999380111694,0.09300000220537186
YLR357W,YER029C,0,-5.824191,0.2973584830760956,0.39399999380111694,0.09309999644756317
YJR093C,YKL059C,0,-5.824233,0.29713425040245056,0.39399999380111694,0.09319999814033508
YDR260C,YPR095C,0,-5.8242655,0.2969103157520294,0.39399999380111694,0.093299999833107
YNL323W,YBL058W,0,-5.824279,0.29668673872947693,0.39399999380111694,0.0934000015258789
YHR034C,YNL102W,0,-5.8244195,0.2964635193347931,0.39399999380111694,0.09350000321865082
YGR218W,YML121W,0,-5.8244934,0.29624059796333313,0.39399999380111694,0.09359999746084213
YCR077C,YGL210W,0,-5.8248224,0.2960180342197418,0.39399999380111694,0.09369999915361404
YGL219C,YJL054W,0,-5.824889,0.2957957983016968,0.39399999380111694,0.09380000084638596
YER157W,YMR197C,0,-5.8249435,0.295573890209198,0.39399999380111694,0.09390000253915787
YAL032C,YPR024W,0,-5.824997,0.2953523099422455,0.39399999380111694,0.09399999678134918
YJR139C,YHR039C-A,0,-5.825549,0.2951310873031616,0.39399999380111694,0.0940999984741211
YNL314W,YDR079C-A,1,-5.825678,0.295658677816391,0.39500001072883606,0.0940999984741211
YJL039C,YML001W,0,-5.825717,0.2954375445842743,0.39500001072883606,0.094200000166893
YBR198C,YGR047C,1,-5.8257213,0.2959641218185425,0.3959999978542328,0.094200000166893
YPR086W,YBR198C,1,-5.826021,0.2964899241924286,0.3970000147819519,0.094200000166893
YNL222W,YPL011C,1,-5.8260717,0.29701492190361023,0.39800000190734863,0.094200000166893
YGL213C,YMR156C,0,-5.826161,0.2967934310436249,0.39800000190734863,0.09430000185966492
YKL190W,YKR061W,0,-5.826571,0.2965722680091858,0.39800000190734863,0.09440000355243683
YAR015W,YPR033C,0,-5.826731,0.29635146260261536,0.39800000190734863,0.09449999779462814
YBR021W,YNL221C,0,-5.827022,0.2961309552192688,0.39800000190734863,0.09459999948740005
YLL003W,YDL224C,0,-5.8270645,0.2959107756614685,0.39800000190734863,0.09470000118017197
YMR075W,YPL138C,0,-5.8274975,0.2956909239292145,0.39800000190734863,0.09480000287294388
YGR202C,YDR280W,0,-5.827678,0.2954714298248291,0.39800000190734863,0.09489999711513519
YPL243W,YPL106C,0,-5.827718,0.2952522337436676,0.39800000190734863,0.0949999988079071
YML098W,YBR198C,1,-5.82778,0.2957746386528015,0.39899998903274536,0.0949999988079071
YBR215W,YPL020C,0,-5.8278246,0.29555556178092957,0.39899998903274536,0.09510000050067902
YGL207W,YGL112C,1,-5.8280344,0.2960769832134247,0.4000000059604645,0.09510000050067902
YJR042W,YLR145W,0,-5.8280444,0.2958579957485199,0.4000000059604645,0.09520000219345093
YPR046W,YLR288C,0,-5.828804,0.295639306306839,0.4000000059604645,0.09529999643564224
YNL206C,YFR031C,0,-5.8288713,0.29542097449302673,0.4000000059604645,0.09539999812841415
YER133W,YDR323C,0,-5.8289804,0.29520294070243835,0.4000000059604645,0.09549999982118607
YJL031C,YGL025C,0,-5.829242,0.29498526453971863,0.4000000059604645,0.09560000151395798
YJR055W,YCR040W,0,-5.829357,0.2947678565979004,0.4000000059604645,0.09570000320672989
YMR211W,YGR202C,0,-5.8298683,0.2945508062839508,0.4000000059604645,0.0957999974489212
YBR207W,YDR485C,0,-5.830106,0.2943340837955475,0.4000000059604645,0.09589999914169312
YLR068W,YBR258C,0,-5.8301277,0.29411765933036804,0.4000000059604645,0.09600000083446503
YGL181W,YDR227W,0,-5.8301687,0.2939015328884125,0.4000000059604645,0.09610000252723694
YDL231C,YBR257W,0,-5.83033,0.29368576407432556,0.4000000059604645,0.09619999676942825
YDR130C,YDL043C,0,-5.8306,0.2934702932834625,0.4000000059604645,0.09629999846220016
YPL202C,YML098W,1,-5.8311386,0.29398825764656067,0.4009999930858612,0.09629999846220016
YNR072W,YOR049C,0,-5.831547,0.2937729060649872,0.4009999930858612,0.09640000015497208
YDR176W,YDR192C,0,-5.8315783,0.2935578227043152,0.4009999930858612,0.09650000184774399
YLR242C,YJL035C,0,-5.8319273,0.29334309697151184,0.4009999930858612,0.0966000035405159
YER028C,YBR198C,1,-5.832019,0.29385966062545776,0.4020000100135803,0.0966000035405159
YML069W,YPR086W,1,-5.8324327,0.2943754494190216,0.40299999713897705,0.0966000035405159
YPL069C,YMR059W,0,-5.832718,0.2941605746746063,0.40299999713897705,0.09669999778270721
YOR244W,YIL068C,0,-5.8337607,0.2939460277557373,0.40299999713897705,0.09679999947547913
YEL029C,YBR167C,0,-5.8338184,0.29373177886009216,0.40299999713897705,0.09690000116825104
YMR237W,YKL203C,0,-5.83397,0.2935178577899933,0.40299999713897705,0.09700000286102295
YJR090C,YDR191W,0,-5.834262,0.2933042347431183,0.40299999713897705,0.09709999710321426
YNL278W,YEL061C,0,-5.834605,0.29309090971946716,0.40299999713897705,0.09719999879598618
YOR236W,YBL018C,0,-5.8347383,0.2928779125213623,0.40299999713897705,0.09730000048875809
YGR246C,YPL129W,1,-5.8348265,0.2933914363384247,0.40400001406669617,0.09730000048875809
YKR062W,YAL001C,1,-5.8348856,0.29390421509742737,0.4050000011920929,0.09730000048875809
YIL098C,YKL193C,0,-5.834918,0.29369106888771057,0.4050000011920929,0.09740000218153
YOR159C,YKL166C,0,-5.834923,0.29347825050354004,0.4050000011920929,0.09749999642372131
YPR021C,YOL042W,0,-5.8349705,0.29326575994491577,0.4050000011920929,0.09759999811649323
YBR233W-A,YDR075W,0,-5.8349733,0.293053537607193,0.4050000011920929,0.09769999980926514
YNL048W,YPR188C,0,-5.8350763,0.2928416430950165,0.4050000011920929,0.09780000150203705
YNL257C,YBR123C,1,-5.8354588,0.2933526039123535,0.4059999883174896,0.09780000150203705
YER171W,YKR062W,1,-5.835646,0.29386281967163086,0.40700000524520874,0.09780000150203705
YNL257C,YPR056W,1,-5.8358164,0.2943722903728485,0.40799999237060547,0.09780000150203705
YER028C,YGR047C,1,-5.836834,0.29488104581832886,0.4090000092983246,0.09780000150203705
YML095C,YPR173C,0,-5.836836,0.294668585062027,0.4090000092983246,0.09790000319480896
YLR215C,YER100W,0,-5.8372326,0.29445645213127136,0.4090000092983246,0.09799999743700027
YDR276C,YPR094W,0,-5.837422,0.2942446172237396,0.4090000092983246,0.09809999912977219
YLL013C,YIR018W,0,-5.837597,0.29403308033943176,0.4090000092983246,0.0982000008225441
YPL259C,YDR477W,0,-5.83797,0.2938218414783478,0.4090000092983246,0.09830000251531601
YOR377W,YGR116W,0,-5.837992,0.29361090064048767,0.4090000092983246,0.09839999675750732
YPR105C,YAL026C,0,-5.8381534,0.29340028762817383,0.4090000092983246,0.09849999845027924
YDL013W,YBR265W,0,-5.838168,0.29318997263908386,0.4090000092983246,0.09860000014305115
YOL089C,YPR056W,1,-5.838378,0.2936962842941284,0.4099999964237213,0.09860000014305115
YPR186C,YGR274C,1,-5.8386087,0.2942018508911133,0.41100001335144043,0.09860000014305115
YBR109C,YER117W,0,-5.838625,0.29399141669273376,0.41100001335144043,0.09870000183582306
YPL122C,YGR186W,1,-5.83869,0.2944960594177246,0.41200000047683716,0.09870000183582306
YGL245W,YOR038C,0,-5.838909,0.29428571462631226,0.41200000047683716,0.09880000352859497
YKL020C,YCR061W,0,-5.8389955,0.2940756678581238,0.41200000047683716,0.09889999777078629
YML069W,YPL011C,1,-5.8390193,0.2945791780948639,0.4129999876022339,0.09889999777078629
YGR178C,YAL047C,0,-5.8390203,0.2943692207336426,0.4129999876022339,0.0989999994635582
YOL063C,YBR199W,0,-5.8392105,0.29415953159332275,0.4129999876022339,0.09910000115633011
YER109C,YPR051W,0,-5.839564,0.2939501702785492,0.4129999876022339,0.09920000284910202
YNL074C,YBR293W,0,-5.8404408,0.2937411069869995,0.4129999876022339,0.09929999709129333
YPR200C,YPR198W,0,-5.8405175,0.2935323417186737,0.4129999876022339,0.09939999878406525
YGL143C,YKR031C,0,-5.8405223,0.2933238744735718,0.4129999876022339,0.09950000047683716
YDR072C,YJR144W,0,-5.8406506,0.29311567544937134,0.4129999876022339,0.09960000216960907
YPL204W,YGL058W,0,-5.8407335,0.29290780425071716,0.4129999876022339,0.09969999641180038
YDL013W,YOR301W,0,-5.8417053,0.2927002012729645,0.4129999876022339,0.0997999981045723
YMR005W,YKL196C,0,-5.8419275,0.29249292612075806,0.4129999876022339,0.09989999979734421
YMR001C,YMR032W,0,-5.8424983,0.2922859191894531,0.4129999876022339,0.10000000149011612
YML109W,YIL039W,0,-5.842856,0.29207921028137207,0.4129999876022339,0.10010000318288803
YOR377W,YMR044W,0,-5.8430634,0.2918727993965149,0.4129999876022339,0.10019999742507935
YBR214W,YJR044C,0,-5.843161,0.2916666567325592,0.4129999876022339,0.10029999911785126
YLL004W,YOR229W,0,-5.8433943,0.2914608418941498,0.4129999876022339,0.10040000081062317
YKL190W,YDL035C,0,-5.8435674,0.29125529527664185,0.4129999876022339,0.10050000250339508
YOR194C,YKL058W,1,-5.843813,0.29175475239753723,0.414000004529953,0.10050000250339508
YIR010W,YAL032C,0,-5.8439465,0.29154929518699646,0.414000004529953,0.1005999967455864
YOL067C,YGL207W,1,-5.844117,0.2920478582382202,0.41499999165534973,0.1005999967455864
YIL036W,YML015C,1,-5.844303,0.29254570603370667,0.41600000858306885,0.1005999967455864
YER017C,YGR116W,0,-5.8446717,0.29234012961387634,0.41600000858306885,0.1006999984383583
YFR027W,YHR167W,0,-5.844722,0.2921348214149475,0.41600000858306885,0.10080000013113022
YDR346C,YER100W,0,-5.8449173,0.29192981123924255,0.41600000858306885,0.10090000182390213
YLR078C,YGR098C,0,-5.844937,0.2917250990867615,0.41600000858306885,0.10100000351667404
YJL081C,YMR296C,0,-5.8454027,0.2915206849575043,0.41600000858306885,0.10109999775886536
YMR033W,YBL058W,0,-5.846191,0.29131653904914856,0.41600000858306885,0.10119999945163727
YOR349W,YOR207C,0,-5.846388,0.29111266136169434,0.41600000858306885,0.10130000114440918
YER142C,YPR032W,0,-5.846562,0.290909081697464,0.41600000858306885,0.10140000283718109
YGL136C,YOR087W,0,-5.8466215,0.2907058000564575,0.41600000858306885,0.1014999970793724
YGR098C,YPR046W,0,-5.8470235,0.29050278663635254,0.41600000858306885,0.10159999877214432
YDR320C-A,YMR162C,0,-5.847747,0.29030007123947144,0.41600000858306885,0.10170000046491623
YPR008W,YCR042C,1,-5.847768,0.2907949686050415,0.4169999957084656,0.10170000046491623
YDR145W,YAL001C,1,-5.8478947,0.29128921031951904,0.4180000126361847,0.10170000046491623
YHL038C,YLR035C,0,-5.847946,0.291086345911026,0.4180000126361847,0.10180000215768814
YDR288W,YLR166C,0,-5.848222,0.29088377952575684,0.4180000126361847,0.10189999639987946
YKR063C,YHR073W,0,-5.8486085,0.29068151116371155,0.4180000126361847,0.10199999809265137
YNL118C,YDR076W,0,-5.848837,0.29047951102256775,0.4180000126361847,0.10209999978542328
YOR188W,YBR265W,0,-5.848961,0.29027777910232544,0.4180000126361847,0.10220000147819519
YPL120W,YJR044C,0,-5.84906,0.290076345205307,0.4180000126361847,0.1023000031709671
YGR167W,YNL029C,0,-5.849238,0.28987517952919006,0.4180000126361847,0.10239999741315842
YOR260W,YNL121C,0,-5.8493595,0.2896742820739746,0.4180000126361847,0.10249999910593033
YMR255W,YKL170W,0,-5.849491,0.28947368264198303,0.4180000126361847,0.10260000079870224
YGL065C,YOR068C,0,-5.849615,0.28927335143089294,0.4180000126361847,0.10270000249147415
YKL016C,YOR171C,0,-5.8496504,0.28907331824302673,0.4180000126361847,0.10279999673366547
YKL197C,YOR347C,0,-5.8497257,0.2888735234737396,0.4180000126361847,0.10289999842643738
YKL112W,YJL201W,0,-5.849911,0.2886740267276764,0.4180000126361847,0.10300000011920929
YGR217W,YOR380W,0,-5.850276,0.28847479820251465,0.4180000126361847,0.1031000018119812
YDR423C,YBR207W,0,-5.8504763,0.2882758677005768,0.4180000126361847,0.10320000350475311
YIL143C,YCR042C,1,-5.8505363,0.28876635432243347,0.4189999997615814,0.10320000350475311
YKR062W,YGR047C,1,-5.851268,0.28925618529319763,0.41999998688697815,0.10320000350475311
YGL038C,YIL109C,0,-5.8513975,0.2890571355819702,0.41999998688697815,0.10329999774694443
YGL090W,YDR251W,0,-5.8516593,0.2888583242893219,0.41999998688697815,0.10339999943971634
YIL143C,YGR005C,1,-5.851877,0.2893470823764801,0.42100000381469727,0.10339999943971634
YJL071W,YDL017W,0,-5.852205,0.28914836049079895,0.42100000381469727,0.10350000113248825
YGL195W,YMR044W,0,-5.853207,0.2889499068260193,0.42100000381469727,0.10360000282526016
YJL003W,YNL015W,0,-5.8534064,0.2887517213821411,0.42100000381469727,0.10369999706745148
YBR247C,YDL208W,0,-5.8537316,0.28855380415916443,0.42100000381469727,0.10379999876022339
YKR087C,YOR103C,0,-5.853762,0.28835615515708923,0.42100000381469727,0.1039000004529953
YER166W,YDR388W,0,-5.8539524,0.2881588041782379,0.42100000381469727,0.10400000214576721
YPL212C,YNR023W,0,-5.8543005,0.2879616916179657,0.42100000381469727,0.10409999638795853
YCR075C,YML027W,0,-5.8546352,0.28776487708091736,0.42100000381469727,0.10419999808073044
YER016W,YGR200C,0,-5.8547134,0.2875683009624481,0.42100000381469727,0.10429999977350235
YIL143C,YML098W,1,-5.8547688,0.28805461525917053,0.421999990940094,0.10429999977350235
YPL125W,YDR329C,0,-5.85483,0.28785812854766846,0.421999990940094,0.10440000146627426
YDR419W,YLR003C,0,-5.854932,0.2876618802547455,0.421999990940094,0.10450000315904617
YJR132W,YDR075W,0,-5.8551292,0.2874659299850464,0.421999990940094,0.10459999740123749
YIR005W,YLR383W,0,-5.8559957,0.2872702479362488,0.421999990940094,0.1046999990940094
YML078W,YDR158W,0,-5.856123,0.28707483410835266,0.421999990940094,0.10480000078678131
YDR164C,YGL213C,0,-5.8561354,0.28687968850135803,0.421999990940094,0.10490000247955322
YDR071C,YOL143C,0,-5.8565865,0.2866847813129425,0.421999990940094,0.10499999672174454
YLL013C,YOR162C,0,-5.857074,0.28649014234542847,0.421999990940094,0.10509999841451645
YER178W,YGL097W,0,-5.857112,0.2862958014011383,0.421999990940094,0.10520000010728836
YIL143C,YBR123C,1,-5.8573675,0.2867796719074249,0.4230000078678131,0.10520000010728836
YGL249W,YMR293C,0,-5.8576574,0.28658536076545715,0.4230000078678131,0.10530000180006027
YDR172W,YFL038C,0,-5.8576946,0.28639134764671326,0.4230000078678131,0.10540000349283218
YIL063C,YDR545W,0,-5.8577576,0.28619757294654846,0.4230000078678131,0.1054999977350235
YDR173C,YKL012W,0,-5.857778,0.28600406646728516,0.4230000078678131,0.10559999942779541
YNL085W,YLR340W,0,-5.8583736,0.28581079840660095,0.4230000078678131,0.10570000112056732
YLR442C,YOR083W,0,-5.8583937,0.2856178283691406,0.4230000078678131,0.10580000281333923
YAR018C,YDR334W,0,-5.8584046,0.2854250967502594,0.4230000078678131,0.10589999705553055
YGR247W,YER143W,0,-5.8585033,0.28523263335227966,0.4230000078678131,0.10599999874830246
YER122C,YFL013C,0,-5.858581,0.2850404381752014,0.4230000078678131,0.10610000044107437
YJR060W,YHR034C,0,-5.8587465,0.28484848141670227,0.4230000078678131,0.10620000213384628
YNL222W,YML098W,1,-5.858818,0.28532975912094116,0.42399999499320984,0.10620000213384628
YBR186W,YGR059W,0,-5.858954,0.2851378619670868,0.42399999499320984,0.1062999963760376
YMR227C,YOR110W,1,-5.8589935,0.28561827540397644,0.42500001192092896,0.1062999963760376
YGL226C-A,YDR407C,0,-5.8590508,0.28542646765708923,0.42500001192092896,0.10639999806880951
YOR160W,YML103C,0,-5.8591394,0.28523489832878113,0.42500001192092896,0.10649999976158142
YOR026W,YKL186C,0,-5.85983,0.2850435972213745,0.42500001192092896,0.10660000145435333
YDR113C,YOR313C,0,-5.8599677,0.284852534532547,0.42500001192092896,0.10670000314712524
YMR168C,YPL262W,0,-5.859973,0.28466174006462097,0.42500001192092896,0.10679999738931656
YPL048W,YFL038C,0,-5.860579,0.28447121381759644,0.42500001192092896,0.10689999908208847
YML071C,YIL026C,0,-5.8607397,0.284280925989151,0.42500001192092896,0.10700000077486038
YGL174W,YKL092C,0,-5.8609476,0.28409090638160706,0.42500001192092896,0.1071000024676323
YDL175C,YPR023C,0,-5.8610315,0.2839011251926422,0.42500001192092896,0.10719999670982361
YKL057C,YDR238C,0,-5.861118,0.28371161222457886,0.42500001192092896,0.10729999840259552
YDR498C,YML029W,0,-5.861124,0.2835223376750946,0.42500001192092896,0.10740000009536743
YDL046W,YDR288W,0,-5.8612795,0.28333333134651184,0.42500001192092896,0.10750000178813934
YGL195W,YDR356W,0,-5.8612947,0.2831445634365082,0.42500001192092896,0.10760000348091125
YKL179C,YNL304W,0,-5.8612986,0.282956063747406,0.42500001192092896,0.10769999772310257
YLR264W,YGR094W,0,-5.8615932,0.28276780247688293,0.42500001192092896,0.10779999941587448
YJR053W,YNR011C,0,-5.8621807,0.28257977962493896,0.42500001192092896,0.10790000110864639
YER070W,YPL234C,0,-5.862978,0.2823920249938965,0.42500001192092896,0.1080000028014183
YOR110W,YKL058W,1,-5.8633595,0.28286853432655334,0.4259999990463257,0.1080000028014183
YOR160W,YDR243C,0,-5.8636627,0.28268080949783325,0.4259999990463257,0.10809999704360962
YDR460W,YKL058W,1,-5.863728,0.28315648436546326,0.4269999861717224,0.10809999704360962
YIL036W,YGL112C,1,-5.8642597,0.2836315333843231,0.42800000309944153,0.10809999704360962
YOR173W,YDR077W,0,-5.864719,0.28344371914863586,0.42800000309944153,0.10819999873638153
YOR028C,YKR087C,0,-5.8647804,0.2832561135292053,0.42800000309944153,0.10830000042915344
YIL021W,YDR181C,0,-5.8647904,0.28306877613067627,0.42800000309944153,0.10840000212192535
YER068W,YDR392W,0,-5.865281,0.2828816771507263,0.42800000309944153,0.10849999636411667
YPL202C,YGR047C,1,-5.8652825,0.28335535526275635,0.42899999022483826,0.10849999636411667
YGR246C,YOL089C,1,-5.865355,0.28382837772369385,0.4300000071525574,0.10849999636411667
YBL011W,YGL093W,0,-5.8659534,0.28364115953445435,0.4300000071525574,0.10859999805688858
YLR170C,YDR330W,0,-5.867454,0.28345417976379395,0.4300000071525574,0.10869999974966049
YAL024C,YDR472W,0,-5.867527,0.28326746821403503,0.4300000071525574,0.1088000014424324
YDR483W,YDR425W,0,-5.867663,0.28308096528053284,0.4300000071525574,0.10890000313520432
YOR045W,YNL088W,0,-5.867818,0.28289473056793213,0.4300000071525574,0.10899999737739563
YDL192W,YML046W,0,-5.867939,0.2827087342739105,0.4300000071525574,0.10909999907016754
YPL125W,YOR326W,0,-5.868166,0.2825230062007904,0.4300000071525574,0.10920000076293945
YPL125W,YGL093W,0,-5.8682346,0.282337486743927,0.4300000071525574,0.10930000245571136
YHR158C,YDR296W,0,-5.8684707,0.2821522355079651,0.4300000071525574,0.10939999669790268
YFL050C,YDR163W,0,-5.868844,0.2819672226905823,0.4300000071525574,0.10949999839067459
YEL022W,YDR359C,0,-5.868946,0.28178244829177856,0.4300000071525574,0.1096000000834465
YBR177C,YOL013C,0,-5.8693886,0.28159791231155396,0.4300000071525574,0.10970000177621841
YNL085W,YLR328W,0,-5.8694706,0.28141361474990845,0.4300000071525574,0.10980000346899033
YER019C-A,YGR181W,0,-5.8695016,0.28122955560684204,0.4300000071525574,0.10989999771118164
YPL177C,YOR194C,1,-5.870163,0.28169935941696167,0.4309999942779541,0.10989999771118164
YOL067C,YML098W,1,-5.8705573,0.28216850757598877,0.4320000112056732,0.10989999771118164
YKL190W,YIL150C,0,-5.870644,0.2819843292236328,0.4320000112056732,0.10999999940395355
YPL100W,YAL026C,0,-5.870688,0.28180038928985596,0.4320000112056732,0.11010000109672546
YLR292C,YLR105C,0,-5.87094,0.2816166877746582,0.4320000112056732,0.11020000278949738
YGR267C,YLR032W,0,-5.8717737,0.28143322467803955,0.4320000112056732,0.11029999703168869
YGL124C,YER068W,0,-5.871942,0.28125,0.4320000112056732,0.1103999987244606
YBL017C,YHR083W,0,-5.872257,0.28106701374053955,0.4320000112056732,0.11050000041723251
YML103C,YDR427W,0,-5.8723335,0.2808842658996582,0.4320000112056732,0.11060000211000443
YGR274C,YDR079C-A,1,-5.8728676,0.2813515365123749,0.43299999833106995,0.11060000211000443
YJL081C,YKR099W,0,-5.87302,0.2811688184738159,0.43299999833106995,0.11069999635219574
YFL021W,YML098W,1,-5.873456,0.2816353142261505,0.4339999854564667,0.11069999635219574
YER171W,YGR274C,1,-5.8734665,0.2821011543273926,0.4350000023841858,0.11069999635219574
YOL089C,YGL207W,1,-5.873598,0.2825664281845093,0.4359999895095825,0.11069999635219574
YGL058W,YER049W,0,-5.8736095,0.28238341212272644,0.4359999895095825,0.11079999804496765
YML098W,YDR079C-A,1,-5.8737774,0.28284791111946106,0.43700000643730164,0.11079999804496765
YLR305C,YER100W,0,-5.874179,0.282664954662323,0.43700000643730164,0.11089999973773956
YCL011C,YER107C,0,-5.874614,0.28248223662376404,0.43700000643730164,0.11100000143051147
YLR390W-A,YDR093W,0,-5.874688,0.2822997272014618,0.43700000643730164,0.11110000312328339
YKL152C,YBL056W,0,-5.8754,0.28211748600006104,0.43700000643730164,0.1111999973654747
YGR262C,YPL124W,0,-5.8756247,0.2819354832172394,0.43700000643730164,0.11129999905824661
YKL055C,YBR221C,0,-5.875686,0.2817537188529968,0.43700000643730164,0.11140000075101852
YML076C,YHR161C,0,-5.8760023,0.281572163105011,0.43700000643730164,0.11150000244379044
YDR483W,YDL093W,0,-5.876097,0.28139084577560425,0.43700000643730164,0.11159999668598175
YOL088C,YDL046W,0,-5.876223,0.2812097668647766,0.43700000643730164,0.11169999837875366
YPL177C,YFL021W,1,-5.8762684,0.28167203068733215,0.43799999356269836,0.11169999837875366
YKL006C-A,YPL065W,0,-5.876321,0.2814910113811493,0.43799999356269836,0.11180000007152557
YOR067C,YGL124C,0,-5.8764915,0.28131020069122314,0.43799999356269836,0.11190000176429749
YGL020C,YIL051C,0,-5.8767223,0.2811296582221985,0.43799999356269836,0.1120000034570694
YNL173C,YER074W-A,0,-5.876814,0.28094932436943054,0.43799999356269836,0.11209999769926071
YGL084C,YDR166C,0,-5.8774977,0.2807692289352417,0.43799999356269836,0.11219999939203262
YBR042C,YGR119C,0,-5.8775177,0.28058937191963196,0.43799999356269836,0.11230000108480453
YBR221C,YML085C,0,-5.877881,0.28040972352027893,0.43799999356269836,0.11240000277757645
YGL016W,YOR270C,0,-5.8780484,0.280230313539505,0.43799999356269836,0.11249999701976776
YPL202C,YPL122C,1,-5.8781357,0.2806905508041382,0.4390000104904175,0.11249999701976776
YNL042W,YKL012W,0,-5.8785477,0.28051117062568665,0.4390000104904175,0.11259999871253967
YMR227C,YPL122C,1,-5.8786,0.28097063302993774,0.4399999976158142,0.11259999871253967
YDL175C,YDR335W,0,-5.8786387,0.280791312456131,0.4399999976158142,0.11270000040531158
YBR210W,YLR309C,0,-5.878841,0.2806122303009033,0.4399999976158142,0.1128000020980835
YDR129C,YDL047W,0,-5.879265,0.28043338656425476,0.4399999976158142,0.11289999634027481
YDR037W,YGL246C,0,-5.879608,0.2802547812461853,0.4399999976158142,0.11299999803304672
YDR461W,YGR033C,0,-5.879833,0.28007638454437256,0.4399999976158142,0.11309999972581863
YPR131C,YOL001W,0,-5.879836,0.2798982262611389,0.4399999976158142,0.11320000141859055
YKL048C,YPR072W,0,-5.880037,0.279720276594162,0.4399999976158142,0.11330000311136246
YDL064W,YLR386W,0,-5.880039,0.27954256534576416,0.4399999976158142,0.11339999735355377
YGL175C,YBL034C,0,-5.880224,0.27936509251594543,0.4399999976158142,0.11349999904632568
YER148W,YBR123C,1,-5.8804164,0.27982234954833984,0.4410000145435333,0.11349999904632568
YBR119W,YGR141W,0,-5.8804483,0.2796449065208435,0.4410000145435333,0.1136000007390976
YIL040W,YDR243C,0,-5.880665,0.2794676721096039,0.4410000145435333,0.1137000024318695
YLR442C,YNL047C,0,-5.8810377,0.27929067611694336,0.4410000145435333,0.11379999667406082
YGR005C,YKL058W,1,-5.8811193,0.2797468304634094,0.44200000166893005,0.11379999667406082
YPR086W,YGL112C,1,-5.8814006,0.28020238876342773,0.4429999887943268,0.11379999667406082
YER148W,YNL222W,1,-5.881509,0.2806573808193207,0.4440000057220459,0.11379999667406082
YFR014C,YKL204W,0,-5.8816257,0.2804800868034363,0.4440000057220459,0.11389999836683273
YKL025C,YLR176C,0,-5.882003,0.280303031206131,0.4440000057220459,0.11400000005960464
YER166W,YOL033W,0,-5.8820677,0.2801261842250824,0.4440000057220459,0.11410000175237656
YER149C,YER075C,0,-5.8820753,0.2799495458602905,0.4440000057220459,0.11420000344514847
YJL039C,YIL118W,0,-5.8823414,0.27977314591407776,0.4440000057220459,0.11429999768733978
YER028C,YCR042C,1,-5.8830037,0.2802267074584961,0.4449999928474426,0.11429999768733978
YOR260W,YGL137W,0,-5.8830523,0.2800503373146057,0.4449999928474426,0.1143999993801117
YOR028C,YPL181W,0,-5.8833036,0.27987420558929443,0.4449999928474426,0.1145000010728836
YER148W,YGR186W,1,-5.883401,0.28032684326171875,0.44600000977516174,0.1145000010728836
YDR221W,YDL013W,0,-5.883446,0.28015074133872986,0.44600000977516174,0.11460000276565552
YML069W,YPR186C,1,-5.8840647,0.2806026339530945,0.44699999690055847,0.11460000276565552
YJR084W,YOL033W,0,-5.8842883,0.28042659163475037,0.44699999690055847,0.11469999700784683
YPL008W,YNL272C,0,-5.8843555,0.28025078773498535,0.44699999690055847,0.11479999870061874
YPL202C,YIL036W,1,-5.884939,0.28070175647735596,0.4480000138282776,0.11479999870061874
YIL009W,YJL054W,0,-5.885104,0.28052598237991333,0.4480000138282776,0.11490000039339066
YPL118W,YDR276C,0,-5.885115,0.2803504467010498,0.4480000138282776,0.11500000208616257
YMR247C,YIL147C,0,-5.88519,0.280175119638443,0.4480000138282776,0.11509999632835388
YIL103W,YMR125W,0,-5.885564,0.2800000011920929,0.4480000138282776,0.1151999980211258
YLL015W,YFL041W,0,-5.885596,0.2798251211643219,0.4480000138282776,0.1152999997138977
YGL144C,YCR035C,0,-5.8857718,0.2796504497528076,0.4480000138282776,0.11540000140666962
YBR043C,YOL004W,0,-5.8857718,0.27947598695755005,0.4480000138282776,0.11550000309944153
YDR240C,YBR175W,0,-5.8861628,0.2793017327785492,0.4480000138282776,0.11559999734163284
YLR113W,YKL175W,0,-5.886174,0.27912771701812744,0.4480000138282776,0.11569999903440475
YJR105W,YJR145C,0,-5.886297,0.2789539098739624,0.4480000138282776,0.11580000072717667
YGL207W,YPR086W,1,-5.8863,0.27940261363983154,0.4490000009536743,0.11580000072717667
YDL154W,YOR075W,0,-5.886366,0.2792288661003113,0.4490000009536743,0.11590000241994858
YML077W,YOR253W,0,-5.886504,0.27905532717704773,0.4490000009536743,0.11599999666213989
YPL091W,YMR091C,0,-5.8866673,0.2788819968700409,0.4490000009536743,0.1160999983549118
YMR163C,YCR026C,0,-5.8868175,0.27870887517929077,0.4490000009536743,0.11620000004768372
YKR090W,YPL234C,0,-5.8868785,0.27853599190711975,0.4490000009536743,0.11630000174045563
YJR013W,YGR006W,0,-5.8872166,0.27836328744888306,0.4490000009536743,0.11640000343322754
YGR230W,YJR112W,0,-5.887248,0.27819082140922546,0.4490000009536743,0.11649999767541885
YOL067C,YPL122C,1,-5.887298,0.27863776683807373,0.44999998807907104,0.11649999767541885
YHR191C,YHR012W,0,-5.8873014,0.2784653604030609,0.44999998807907104,0.11659999936819077
YLR138W,YOR153W,0,-5.887719,0.2782931327819824,0.44999998807907104,0.11670000106096268
YMR068W,YOR037W,0,-5.8880653,0.27812114357948303,0.44999998807907104,0.11680000275373459
YOL072W,YBR006W,0,-5.888103,0.27794936299324036,0.44999998807907104,0.1168999969959259
YKR037C,YDR200C,0,-5.8884583,0.2777777910232544,0.44999998807907104,0.11699999868869781
YGR007W,YPR052C,0,-5.888508,0.27760642766952515,0.44999998807907104,0.11710000038146973
YJL134W,YKL173W,0,-5.8886714,0.2774352729320526,0.44999998807907104,0.11720000207424164
YPL110C,YPR024W,0,-5.8887863,0.2772643268108368,0.44999998807907104,0.11729999631643295
YJR060W,YOR083W,0,-5.8894806,0.2770935893058777,0.44999998807907104,0.11739999800920486
YGR202C,YDR372C,0,-5.889738,0.2769230902194977,0.44999998807907104,0.11749999970197678
YKR062W,YKL058W,1,-5.889902,0.2773677706718445,0.45100000500679016,0.11749999970197678
YKL114C,YCR002C,0,-5.890268,0.27719730138778687,0.45100000500679016,0.11760000139474869
YBL003C,YPR073C,0,-5.89037,0.27702704071998596,0.45100000500679016,0.1177000030875206
YOL027C,YOL034W,0,-5.890466,0.2768569588661194,0.45100000500679016,0.11779999732971191
YGL018C,YNL323W,0,-5.890803,0.2766871154308319,0.45100000500679016,0.11789999902248383
YGL207W,YBR198C,1,-5.890834,0.2771306037902832,0.4519999921321869,0.11789999902248383
YBL007C,YML034W,0,-5.891012,0.2769607901573181,0.4519999921321869,0.11800000071525574
YDL002C,YLR166C,0,-5.891124,0.27679118514060974,0.4519999921321869,0.11810000240802765
YDL174C,YDL244W,0,-5.8911705,0.2766217887401581,0.4519999921321869,0.11819999665021896
YLR305C,YAR003W,0,-5.891843,0.27645260095596313,0.4519999921321869,0.11829999834299088
YGR274C,YKL058W,1,-5.8920393,0.27689486742019653,0.453000009059906,0.11829999834299088
YCL067C,YBL006C,0,-5.892301,0.276725709438324,0.453000009059906,0.11840000003576279
YKL013C,YDL113C,0,-5.892954,0.2765567898750305,0.453000009059906,0.1185000017285347
YDR512C,YGR220C,0,-5.8935843,0.2763880491256714,0.453000009059906,0.11860000342130661
YOL067C,YPR086W,1,-5.8941674,0.2768292725086212,0.45399999618530273,0.11860000342130661
YFL025C,YJL099W,0,-5.8947744,0.2766605615615845,0.45399999618530273,0.11869999766349792
YOR067C,YLR427W,0,-5.8948717,0.27649208903312683,0.45399999618530273,0.11879999935626984
YIL122W,YDR416W,0,-5.8951807,0.2763237953186035,0.45399999618530273,0.11890000104904175
YDR071C,YMR146C,0,-5.895437,0.2761557102203369,0.45399999618530273,0.11900000274181366
YOR030W,YPL224C,0,-5.895765,0.275987833738327,0.45399999618530273,0.11909999698400497
YDR448W,YDR503C,0,-5.8959103,0.27582016587257385,0.45399999618530273,0.11919999867677689
YGL166W,YGR005C,1,-5.8960657,0.2762598693370819,0.45500001311302185,0.11919999867677689
YKR062W,YBR123C,1,-5.8964686,0.276699036359787,0.4560000002384186,0.11919999867677689
YDR244W,YJR035W,0,-5.8969145,0.2765312194824219,0.4560000002384186,0.1193000003695488
YGR246C,YGR186W,1,-5.897213,0.27696970105171204,0.4569999873638153,0.1193000003695488
YDR016C,YNL272C,0,-5.897338,0.2768019437789917,0.4569999873638153,0.11940000206232071
YHR074W,YGR116W,0,-5.897405,0.2766343951225281,0.4569999873638153,0.11949999630451202
YGR140W,YDR372C,0,-5.89783,0.2764670252799988,0.4569999873638153,0.11959999799728394
YDR151C,YKL173W,0,-5.8978863,0.2762998938560486,0.4569999873638153,0.11969999969005585
YLL015W,YHR091C,0,-5.897898,0.2761329412460327,0.4569999873638153,0.11980000138282776
YJL025W,YHR119W,0,-5.8979616,0.27596619725227356,0.4569999873638153,0.11990000307559967
YFR021W,YLR268W,0,-5.898059,0.27579963207244873,0.4569999873638153,0.11999999731779099
YLR305C,YOR229W,0,-5.8984747,0.275633305311203,0.4569999873638153,0.1200999990105629
YNL314W,YDR145W,1,-5.8985353,0.27606990933418274,0.4580000042915344,0.1200999990105629
YHR026W,YFL004W,0,-5.89857,0.2759036123752594,0.4580000042915344,0.12020000070333481
YKL046C,YKL048C,0,-5.8991175,0.2757374942302704,0.4580000042915344,0.12030000239610672
YLR113W,YML028W,0,-5.8992887,0.2755716145038605,0.4580000042915344,0.12039999663829803
YML098W,YMR227C,1,-5.899699,0.27600720524787903,0.45899999141693115,0.12039999663829803
YDR079C-A,YGR005C,1,-5.900152,0.2764423191547394,0.46000000834465027,0.12039999663829803
YPR025C,YKL058W,1,-5.9003344,0.27687686681747437,0.460999995470047,0.12039999663829803
YPL049C,YER107C,0,-5.900421,0.2767106890678406,0.460999995470047,0.12049999833106995
YNL257C,YIL143C,1,-5.9004545,0.27714458107948303,0.4620000123977661,0.12049999833106995
YPR025C,YPL129W,1,-5.9005833,0.2775779366493225,0.46299999952316284,0.12049999833106995
YFR024C-A,YPL179W,0,-5.9005833,0.2774116098880768,0.46299999952316284,0.12060000002384186
YNL229C,YPL283C,0,-5.901367,0.27724552154541016,0.46299999952316284,0.12070000171661377
YDR205W,YDR484W,0,-5.9015303,0.27707958221435547,0.46299999952316284,0.12080000340938568
YOL089C,YOR194C,1,-5.901571,0.27751195430755615,0.46399998664855957,0.12080000340938568
YPL254W,YDR334W,0,-5.901662,0.27734607458114624,0.46399998664855957,0.120899997651577
YMR012W,YER009W,0,-5.9018097,0.27718040347099304,0.46399998664855957,0.12099999934434891
YPR133W-A,YDL064W,0,-5.9021854,0.27701491117477417,0.46399998664855957,0.12110000103712082
YHR024C,YBR049C,0,-5.9024844,0.276849627494812,0.46399998664855957,0.12120000272989273
YDL079C,YLR154C,0,-5.902552,0.27668455243110657,0.46399998664855957,0.12129999697208405
YJL209W,YML109W,0,-5.902583,0.27651965618133545,0.46399998664855957,0.12139999866485596
YOL049W,YGL038C,0,-5.902708,0.27635496854782104,0.46399998664855957,0.12150000035762787
YDL178W,YER019W,0,-5.9028463,0.27619048953056335,0.46399998664855957,0.12160000205039978
YIL143C,YGL112C,1,-5.903132,0.2766210734844208,0.4650000035762787,0.12160000205039978
YKL042W,YPL042C,0,-5.9033365,0.2764565944671631,0.4650000035762787,0.1216999962925911
YOR182C,YML093W,0,-5.90372,0.2762923240661621,0.4650000035762787,0.121799997985363
YAL034W-A,YOR269W,0,-5.903799,0.27612826228141785,0.4650000035762787,0.12189999967813492
YBR200W,YNL272C,0,-5.903824,0.2759643793106079,0.4650000035762787,0.12200000137090683
YLR233C,YDR097C,0,-5.903837,0.2758007049560547,0.4650000035762787,0.12210000306367874
YKL009W,YKL056C,0,-5.904072,0.2756372392177582,0.4650000035762787,0.12219999730587006
YBR207W,YJL165C,0,-5.904077,0.2754739224910736,0.4650000035762787,0.12229999899864197
YPL082C,YBR265W,0,-5.9042645,0.27531084418296814,0.4650000035762787,0.12240000069141388
YJL183W,YGR056W,0,-5.9048004,0.2751479148864746,0.4650000035762787,0.12250000238418579
YIL068C,YNL121C,0,-5.904806,0.2749852240085602,0.4650000035762787,0.1225999966263771
YNL173C,YCL033C,0,-5.9051437,0.2748226821422577,0.4650000035762787,0.12269999831914902
YER157W,YDL161W,0,-5.9053493,0.2746603786945343,0.4650000035762787,0.12280000001192093
YGR029W,YDR483W,0,-5.905645,0.27449822425842285,0.4650000035762787,0.12290000170469284
YDL099W,YNL064C,0,-5.905755,0.2743362784385681,0.4650000035762787,0.12300000339746475
YLR330W,YGL245W,0,-5.9057684,0.2741745412349701,0.4650000035762787,0.12309999763965607
YPL259C,YDL117W,0,-5.905816,0.274012953042984,0.4650000035762787,0.12319999933242798
YPL096C-A,YMR186W,0,-5.905999,0.273851603269577,0.4650000035762787,0.12330000102519989
YBR272C,YDL230W,0,-5.9063797,0.273690402507782,0.4650000035762787,0.1234000027179718
YLR107W,YOR035C,0,-5.906397,0.27352941036224365,0.4650000035762787,0.12349999696016312
YLR154C,YDR494W,0,-5.9064264,0.27336859703063965,0.4650000035762787,0.12359999865293503
YPR185W,YDR293C,0,-5.906763,0.27320799231529236,0.4650000035762787,0.12370000034570694
YKL160W,YHR081W,0,-5.9070063,0.2730475664138794,0.4650000035762787,0.12380000203847885
YBR210W,YJR031C,0,-5.9071074,0.27288731932640076,0.4650000035762787,0.12389999628067017
YIL036W,YGL166W,1,-5.9072685,0.2733137905597687,0.4659999907016754,0.12389999628067017
YPL146C,YML088W,0,-5.907309,0.2731535732746124,0.4659999907016754,0.12399999797344208
YEL061C,YDL098C,0,-5.9075685,0.2729935646057129,0.4659999907016754,0.12409999966621399
YGR256W,YEL069C,0,-5.9077134,0.2728337347507477,0.4659999907016754,0.1242000013589859
YJL198W,YEL017C-A,0,-5.9080334,0.2726740837097168,0.4659999907016754,0.12430000305175781
YJL024C,YCR086W,0,-5.9083524,0.27251461148262024,0.4659999907016754,0.12439999729394913
YGR274C,YDR311W,1,-5.9087877,0.2729398012161255,0.46700000762939453,0.12439999729394913
YLR052W,YDR372C,0,-5.909176,0.2727803885936737,0.46700000762939453,0.12449999898672104
YDR515W,YBR111W-A,0,-5.9096165,0.27262112498283386,0.46700000762939453,0.12460000067949295
YKR083C,YGL067W,0,-5.9101887,0.27246206998825073,0.46700000762939453,0.12470000237226486
YOR160W,YML021C,0,-5.9102116,0.27230319380760193,0.46700000762939453,0.12479999661445618
YHR200W,YMR005W,0,-5.9102125,0.27214452624320984,0.46700000762939453,0.12489999830722809
YPL008W,YLR212C,0,-5.9102144,0.2719860076904297,0.46700000762939453,0.125
YJR069C,YBL032W,0,-5.91028,0.27182769775390625,0.46700000762939453,0.1251000016927719
YKL101W,YKR101W,0,-5.910589,0.27166956663131714,0.46700000762939453,0.12520000338554382
YGR098C,YJL039C,0,-5.9106035,0.27151161432266235,0.46700000762939453,0.12530000507831573
YDR164C,YPL258C,0,-5.910633,0.2713538706302643,0.46700000762939453,0.12540000677108765
YPL164C,YBL014C,0,-5.910819,0.27119627594947815,0.46700000762939453,0.12549999356269836
YHR124W,YPL233W,0,-5.910844,0.27103888988494873,0.46700000762939453,0.12559999525547028
YHR115C,YHR034C,0,-5.9110675,0.27088168263435364,0.46700000762939453,0.1256999969482422
YML113W,YKR028W,0,-5.911209,0.2707246243953705,0.46700000762939453,0.1257999986410141
YGL153W,YPL193W,0,-5.9113255,0.27056777477264404,0.46700000762939453,0.125900000333786
YJR065C,YJR073C,0,-5.91168,0.27041110396385193,0.46700000762939453,0.12600000202655792
YGL075C,YFR029W,0,-5.9118314,0.27025464177131653,0.46700000762939453,0.12610000371932983
YDR146C,YPL045W,0,-5.9121513,0.27009832859039307,0.46700000762939453,0.12620000541210175
YFR050C,YBR043C,0,-5.9131804,0.26994219422340393,0.46700000762939453,0.12630000710487366
YNR027W,YLR288C,0,-5.9132967,0.2697862386703491,0.46700000762939453,0.12639999389648438
YOL067C,YGL112C,1,-5.913808,0.27020785212516785,0.46799999475479126,0.12639999389648438
YKL179C,YHR005C,0,-5.913867,0.2700519263744354,0.46799999475479126,0.1264999955892563
YNL039W,YDR311W,1,-5.9145336,0.2704728841781616,0.4690000116825104,0.1264999955892563
YKL197C,YGL115W,0,-5.9146657,0.2703169882297516,0.4690000116825104,0.1265999972820282
YFR014C,YML121W,0,-5.914706,0.27016130089759827,0.4690000116825104,0.1266999989748001
YIL036W,YBR198C,1,-5.9149876,0.27058145403862,0.4699999988079071,0.1266999989748001
YDR145W,YKL058W,1,-5.9149885,0.2710011601448059,0.47099998593330383,0.1266999989748001
YER148W,YCR042C,1,-5.9150686,0.27142035961151123,0.47200000286102295,0.1266999989748001
YDR137W,YEL020W-A,0,-5.915291,0.27126437425613403,0.47200000286102295,0.12680000066757202
YIL036W,YOR110W,1,-5.915351,0.2716829478740692,0.4729999899864197,0.12680000066757202
YOR119C,YDR200C,0,-5.915523,0.2715269923210144,0.4729999899864197,0.12690000236034393
YNL129W,YGR006W,0,-5.9155774,0.27137118577957153,0.4729999899864197,0.12700000405311584
YIL154C,YDR353W,0,-5.9159193,0.2712155878543854,0.4729999899864197,0.12710000574588776
YDR388W,YJL052W,0,-5.916056,0.27106016874313354,0.4729999899864197,0.12720000743865967
YAL035W,YDR192C,0,-5.916455,0.27090492844581604,0.4729999899864197,0.12729999423027039
YBR286W,YOR316C,0,-5.9165273,0.27074986696243286,0.4729999899864197,0.1273999959230423
YNL039W,YPL177C,1,-5.91714,0.2711670398712158,0.4740000069141388,0.1273999959230423
YPL124W,YNL309W,0,-5.9172244,0.27101200819015503,0.4740000069141388,0.1274999976158142
YML049C,YCR067C,0,-5.9175315,0.27085715532302856,0.4740000069141388,0.12759999930858612
YDL154W,YKL041W,0,-5.9176197,0.27070245146751404,0.4740000069141388,0.12770000100135803
YMR023C,YHR086W,0,-5.9176245,0.2705479562282562,0.4740000069141388,0.12780000269412994
YOR143C,YDR407C,0,-5.918023,0.27039361000061035,0.4740000069141388,0.12790000438690186
YNL080C,YJR160C,0,-5.9183426,0.2702394425868988,0.4740000069141388,0.12800000607967377
YKR003W,YBR127C,0,-5.918812,0.27008548378944397,0.4740000069141388,0.12809999287128448
YFL056C,YKR067W,0,-5.9189196,0.2699316740036011,0.4740000069141388,0.1281999945640564
YHL038C,YOL009C,0,-5.9191575,0.2697780430316925,0.4740000069141388,0.1282999962568283
YOR349W,YLR233C,0,-5.9195366,0.2696245610713959,0.4740000069141388,0.12839999794960022
YLL027W,YDR004W,0,-5.9195757,0.26947128772735596,0.4740000069141388,0.12849999964237213
YNL002C,YNL032W,0,-5.919656,0.26931819319725037,0.4740000069141388,0.12860000133514404
YOR123C,YDR205W,0,-5.9201727,0.2691652476787567,0.4740000069141388,0.12870000302791595
YLR028C,YMR298W,0,-5.9206486,0.2690124809741974,0.4740000069141388,0.12880000472068787
YML015C,YPR056W,1,-5.920905,0.2694271206855774,0.4749999940395355,0.12880000472068787
YDL155W,YJR013W,0,-5.920926,0.26927438378334045,0.4749999940395355,0.12890000641345978
YDL126C,YMR077C,0,-5.9211626,0.26912182569503784,0.4749999940395355,0.1289999932050705
YOR377W,YMR212C,0,-5.9213734,0.26896941661834717,0.4749999940395355,0.1290999948978424
YDR228C,YJL098W,0,-5.9214497,0.2688172161579132,0.4749999940395355,0.12919999659061432
YBR002C,YHR135C,0,-5.9215255,0.2686651647090912,0.4749999940395355,0.12929999828338623
YLR105C,YJR049C,0,-5.921646,0.2685132920742035,0.4749999940395355,0.12939999997615814
YGR098C,YOR033C,0,-5.9217367,0.26836156845092773,0.4749999940395355,0.12950000166893005
YMR021C,YDR097C,0,-5.92212,0.2682100534439087,0.4749999940395355,0.12960000336170197
YOR109W,YOR361C,0,-5.922165,0.2680586874485016,0.4749999940395355,0.12970000505447388
YMR073C,YBR275C,0,-5.9221897,0.2679075002670288,0.4749999940395355,0.1298000067472458
YDR138W,YGL011C,0,-5.92235,0.26775649189949036,0.4749999940395355,0.1298999935388565
YPR094W,YGR013W,0,-5.922372,0.26760563254356384,0.4749999940395355,0.12999999523162842
YER075C,YOR294W,0,-5.9225435,0.26745495200157166,0.4749999940395355,0.13009999692440033
YOL112W,YKR048C,0,-5.9227166,0.2673044502735138,0.4749999940395355,0.13019999861717224
YHL020C,YLR369W,0,-5.9229546,0.26715409755706787,0.4749999940395355,0.13030000030994415
YIL143C,YPL122C,1,-5.923234,0.267566055059433,0.47600001096725464,0.13030000030994415
YPL011C,YOR110W,1,-5.9233723,0.2679775357246399,0.47699999809265137,0.13030000030994415
YDR388W,YOR132W,0,-5.923389,0.2678270637989044,0.47699999809265137,0.13040000200271606
YBL009W,YPL269W,0,-5.9235373,0.26767677068710327,0.47699999809265137,0.13050000369548798
YBL040C,YBL013W,0,-5.92382,0.26752662658691406,0.47699999809265137,0.1306000053882599
YMR073C,YER173W,0,-5.9242935,0.26737669110298157,0.47699999809265137,0.1307000070810318
YBL017C,YNL093W,0,-5.924831,0.267226904630661,0.47699999809265137,0.13079999387264252
YOL033W,YIL030C,0,-5.9249077,0.2670772671699524,0.47699999809265137,0.13089999556541443
YKL015W,YPR107C,0,-5.9249253,0.2669278085231781,0.47699999809265137,0.13099999725818634
YOR103C,YOR035C,0,-5.925004,0.26677852869033813,0.47699999809265137,0.13109999895095825
YOL145C,YJL201W,0,-5.925008,0.2666293978691101,0.47699999809265137,0.13120000064373016
YMR025W,YBL007C,0,-5.925021,0.2664804458618164,0.47699999809265137,0.13130000233650208
YFR046C,YLR208W,0,-5.925414,0.26633167266845703,0.47699999809265137,0.131400004029274
YDL056W,YIL126W,0,-5.92553,0.2661830484867096,0.47699999809265137,0.1315000057220459
YNR038W,YAR018C,0,-5.925731,0.2660345733165741,0.47699999809265137,0.1316000074148178
YDR346C,YDR495C,0,-5.9257474,0.2658862769603729,0.47699999809265137,0.13169999420642853
YNL112W,YJR145C,0,-5.9258027,0.2657381594181061,0.47699999809265137,0.13179999589920044
YOR180C,YMR293C,0,-5.9258375,0.26559019088745117,0.47699999809265137,0.13189999759197235
YGL142C,YDR108W,0,-5.926504,0.2654424011707306,0.47699999809265137,0.13199999928474426
YEL069C,YML114C,0,-5.9265532,0.26529476046562195,0.47699999809265137,0.13210000097751617
YEL009C,YBL003C,0,-5.9270535,0.26514729857444763,0.47699999809265137,0.13220000267028809
YPL161C,YNL118C,0,-5.927068,0.26499998569488525,0.47699999809265137,0.13230000436306
YDL155W,YBR058C,0,-5.9271183,0.2648528516292572,0.47699999809265137,0.1324000060558319
YMR056C,YOR045W,0,-5.927395,0.2647058963775635,0.47699999809265137,0.13249999284744263
YJL041W,YOR380W,0,-5.9276686,0.2645590603351593,0.47699999809265137,0.13259999454021454
YNL041C,YDR240C,0,-5.927679,0.26441240310668945,0.47699999809265137,0.13269999623298645
YPR025C,YGR186W,1,-5.9279385,0.2648199498653412,0.4779999852180481,0.13269999623298645
YNR033W,YNL082W,0,-5.928191,0.2646733224391937,0.4779999852180481,0.13279999792575836
YNL327W,YKL113C,0,-5.9287276,0.2645268440246582,0.4779999852180481,0.13289999961853027
YDR130C,YGL038C,0,-5.9290934,0.264380544424057,0.4779999852180481,0.13300000131130219
YOL067C,YIL143C,1,-5.9292116,0.2647871673107147,0.4790000021457672,0.13300000131130219
YOL112W,YGL144C,0,-5.929347,0.2646408975124359,0.4790000021457672,0.1331000030040741
YIL143C,YPL129W,1,-5.929494,0.2650469243526459,0.47999998927116394,0.1331000030040741
YMR219W,YBR188C,0,-5.9296775,0.26490065455436707,0.47999998927116394,0.133200004696846
YER112W,YDR146C,0,-5.929927,0.2647545635700226,0.47999998927116394,0.13330000638961792
YMR025W,YDR323C,0,-5.93002,0.26460859179496765,0.47999998927116394,0.13339999318122864
YGL183C,YHR012W,0,-5.931034,0.26446279883384705,0.47999998927116394,0.13349999487400055
YNL222W,YKR062W,1,-5.9311604,0.2648678421974182,0.48100000619888306,0.13349999487400055
YOL013C,YOL112W,0,-5.931532,0.26472207903862,0.48100000619888306,0.13359999656677246
YLR376C,YPR007C,0,-5.931634,0.2645764648914337,0.48100000619888306,0.13369999825954437
YGL032C,YLR043C,0,-5.931925,0.2644309997558594,0.48100000619888306,0.13379999995231628
YBL016W,YHR120W,0,-5.932398,0.26428571343421936,0.48100000619888306,0.1339000016450882
YMR227C,YDR460W,1,-5.932455,0.26468974351882935,0.4819999933242798,0.1339000016450882
YEL022W,YOL076W,0,-5.9327726,0.26454445719718933,0.4819999933242798,0.1340000033378601
YDL093W,YBR265W,0,-5.93311,0.26439934968948364,0.4819999933242798,0.13410000503063202
YNR026C,YOL093W,0,-5.9333153,0.2642543911933899,0.4819999933242798,0.13420000672340393
YCR075C,YGL192W,0,-5.9335184,0.2641095817089081,0.4819999933242798,0.13429999351501465
YKL114C,YDR414C,0,-5.934208,0.2639649510383606,0.4819999933242798,0.13439999520778656
YOR216C,YNL283C,0,-5.9342537,0.26382046937942505,0.4819999933242798,0.13449999690055847
YPL091W,YDR443C,0,-5.934287,0.26367613673210144,0.4819999933242798,0.13459999859333038
YGR246C,YGR274C,1,-5.9344597,0.2640787363052368,0.4830000102519989,0.13459999859333038
YER168C,YLR386W,0,-5.934479,0.2639344334602356,0.4830000102519989,0.1347000002861023
YNL222W,YDR079C-A,1,-5.9346447,0.2643364369869232,0.48399999737739563,0.1347000002861023
YER126C,YOR327C,0,-5.9346666,0.264192134141922,0.48399999737739563,0.1348000019788742
YBR231C,YML088W,0,-5.9349213,0.2640480101108551,0.48399999737739563,0.13490000367164612
YDR040C,YJL164C,0,-5.9355373,0.26390403509140015,0.48399999737739563,0.13500000536441803
YLR166C,YLR020C,0,-5.9356356,0.26376020908355713,0.48399999737739563,0.13510000705718994
YER028C,YDR311W,1,-5.935732,0.26416122913360596,0.48500001430511475,0.13510000705718994
YGL016W,YIR009W,0,-5.9359837,0.2640174329280853,0.48500001430511475,0.13519999384880066
YBR233W-A,YMR204C,0,-5.9360056,0.26387378573417664,0.48500001430511475,0.13529999554157257
YPL129W,YDR460W,1,-5.9361367,0.26427406072616577,0.4860000014305115,0.13529999554157257
YLR265C,YDR198C,0,-5.936207,0.26413044333457947,0.4860000014305115,0.13539999723434448
YDL245C,YDL002C,0,-5.9364796,0.2639869749546051,0.4860000014305115,0.1354999989271164
YGL003C,YKL019W,0,-5.9364977,0.2638436555862427,0.4860000014305115,0.1356000006198883
YDR270W,YPL164C,0,-5.936727,0.2637004852294922,0.4860000014305115,0.13570000231266022
YGL136C,YNL003C,0,-5.9369087,0.263557493686676,0.4860000014305115,0.13580000400543213
YPL202C,YPR025C,1,-5.9371667,0.26395663619041443,0.4869999885559082,0.13580000400543213
YER030W,YOL065C,0,-5.93723,0.26381364464759827,0.4869999885559082,0.13590000569820404
YOR109W,YLR424W,0,-5.9373302,0.26367083191871643,0.4869999885559082,0.13600000739097595
YDL031W,YGL136C,0,-5.937693,0.26352813839912415,0.4869999885559082,0.13609999418258667
YJL081C,YJL183W,0,-5.937711,0.2633856236934662,0.4869999885559082,0.13619999587535858
YNL001W,YDR392W,0,-5.9384847,0.26324325799942017,0.4869999885559082,0.1362999975681305
YCR026C,YCL004W,0,-5.9385366,0.2631010413169861,0.4869999885559082,0.1363999992609024
YER127W,YCR055C,0,-5.9385815,0.26295897364616394,0.4869999885559082,0.13650000095367432
YIR008C,YDR160W,0,-5.9395056,0.26281705498695374,0.4869999885559082,0.13660000264644623
YMR220W,YBR260C,0,-5.9397717,0.26267528533935547,0.4869999885559082,0.13670000433921814
YGL136C,YKR082W,0,-5.9397874,0.26253369450569153,0.4869999885559082,0.13680000603199005
YDR294C,YDR485C,0,-5.939993,0.2623922526836395,0.4869999885559082,0.13689999282360077
YDL175C,YDR472W,0,-5.9400554,0.2622509300708771,0.4869999885559082,0.13699999451637268
YKL139W,YKL095W,0,-5.940248,0.26210978627204895,0.4869999885559082,0.1370999962091446
YPL101W,YHR120W,0,-5.9405494,0.26196879148483276,0.4869999885559082,0.1371999979019165
YGL112C,YOR110W,1,-5.940634,0.26236557960510254,0.4880000054836273,0.1371999979019165
YKR054C,YBL006C,0,-5.9406853,0.26222461462020874,0.4880000054836273,0.13729999959468842
YKL055C,YBL055C,0,-5.9410458,0.2620837688446045,0.4880000054836273,0.13740000128746033
YKL048C,YBL040C,0,-5.941141,0.26194310188293457,0.4880000054836273,0.13750000298023224
YGL119W,YEL036C,0,-5.941334,0.2618025839328766,0.4880000054836273,0.13760000467300415
YMR021C,YLR376C,0,-5.9415364,0.26166218519210815,0.4880000054836273,0.13770000636577606
YNR010W,YOR241W,0,-5.9422274,0.26152196526527405,0.4880000054836273,0.13779999315738678
YKL055C,YGL167C,0,-5.9423275,0.2613818943500519,0.4880000054836273,0.1378999948501587
YNL039W,YPL129W,1,-5.9423685,0.2617773115634918,0.48899999260902405,0.1378999948501587
YIL021W,YJL035C,0,-5.9424515,0.26163724064826965,0.48899999260902405,0.1379999965429306
YFL021W,YOR194C,1,-5.942848,0.26203209161758423,0.49000000953674316,0.1379999965429306
YPL244C,YNL147W,0,-5.9431405,0.26189205050468445,0.49000000953674316,0.13809999823570251
YDR423C,YDL128W,0,-5.9432287,0.2617521286010742,0.49000000953674316,0.13819999992847443
YOR033C,YLR016C,0,-5.9433074,0.2616123855113983,0.49000000953674316,0.13830000162124634
YML069W,YCR042C,1,-5.943717,0.26200640201568604,0.4909999966621399,0.13830000162124634
YNL136W,YGR004W,0,-5.944024,0.26186665892601013,0.4909999966621399,0.13840000331401825
YOL089C,YML015C,1,-5.944085,0.2622601389884949,0.492000013589859,0.13840000331401825
YDR414C,YDR164C,0,-5.944193,0.26212039589881897,0.492000013589859,0.13850000500679016
YDR217C,YOR191W,0,-5.944398,0.2619808316230774,0.492000013589859,0.13860000669956207
YBL013W,YOR160W,0,-5.9446983,0.26184141635894775,0.492000013589859,0.1386999934911728
YEL053C,YOR045W,0,-5.945016,0.26170212030410767,0.492000013589859,0.1387999951839447
YIL021W,YPR108W,0,-5.945648,0.2615630030632019,0.492000013589859,0.1388999968767166
YDR411C,YMR089C,0,-5.945717,0.2614240050315857,0.492000013589859,0.13899999856948853
YML094W,YIR025W,0,-5.946305,0.2612851858139038,0.492000013589859,0.13910000026226044
YPL169C,YDR228C,0,-5.9466105,0.2611464858055115,0.492000013589859,0.13920000195503235
YGR246C,YPR056W,1,-5.946795,0.26153847575187683,0.49300000071525574,0.13920000195503235
YCR020W-B,YDR165W,0,-5.947015,0.2613997757434845,0.49300000071525574,0.13930000364780426
YLR295C,YMR044W,0,-5.9472265,0.2612612545490265,0.49300000071525574,0.13940000534057617
YGR156W,YML114C,0,-5.9472733,0.2611228823661804,0.49300000071525574,0.13950000703334808
YIL049W,YBR275C,0,-5.947567,0.2609846591949463,0.49300000071525574,0.1395999938249588
YIL142W,YOL142W,0,-5.94765,0.2608465552330017,0.49300000071525574,0.1396999955177307
YMR113W,YKR086W,0,-5.9476933,0.26070863008499146,0.49300000071525574,0.13979999721050262
YDR385W,YGR229C,0,-5.947775,0.26057082414627075,0.49300000071525574,0.13989999890327454
YFR029W,YDR545W,0,-5.9481034,0.260433167219162,0.49300000071525574,0.14000000059604645
YBR258C,YNL131W,0,-5.948241,0.26029565930366516,0.49300000071525574,0.14010000228881836
YGL144C,YOR307C,0,-5.9483023,0.2601583003997803,0.49300000071525574,0.14020000398159027
YGR246C,YKR062W,1,-5.9483767,0.26054853200912476,0.49399998784065247,0.14020000398159027
YER094C,YGL227W,0,-5.9483824,0.26041117310523987,0.49399998784065247,0.14030000567436218
YKL006C-A,YLR385C,0,-5.94861,0.2602739632129669,0.49399998784065247,0.1404000073671341
YBR059C,YDL046W,0,-5.948806,0.2601369023323059,0.49399998784065247,0.1404999941587448
YJR057W,YPL164C,0,-5.948978,0.25999999046325684,0.49399998784065247,0.14059999585151672
YCR086W,YER044C-A,0,-5.949203,0.2598632276058197,0.49399998784065247,0.14069999754428864
YNL099C,YOL109W,0,-5.9494066,0.2597266137599945,0.49399998784065247,0.14079999923706055
YNL059C,YML081C-A,0,-5.9495773,0.25959011912345886,0.49399998784065247,0.14090000092983246
YGL207W,YPL122C,1,-5.949846,0.2599789798259735,0.4950000047683716,0.14090000092983246
YLR006C,YCL033C,0,-5.9498577,0.25984251499176025,0.4950000047683716,0.14100000262260437
YGL112C,YGR186W,1,-5.9502087,0.2602308392524719,0.4959999918937683,0.14100000262260437
YHR059W,YML041C,0,-5.95034,0.26009437441825867,0.4959999918937683,0.14110000431537628
YDR079C-A,YGR186W,1,-5.950356,0.26048219203948975,0.4970000088214874,0.14110000431537628
YNL222W,YDR311W,1,-5.9503584,0.260869562625885,0.49799999594688416,0.14110000431537628
YPR008W,YPR056W,1,-5.950369,0.26125654578208923,0.49900001287460327,0.14110000431537628
YNL039W,YER148W,1,-5.9510236,0.26164311170578003,0.5,0.14110000431537628
YDR151C,YML029W,0,-5.9514694,0.2615062892436981,0.5,0.1412000060081482
YPL118W,YBL079W,0,-5.951665,0.26136958599090576,0.5,0.1412999927997589
YDR207C,YML097C,0,-5.951687,0.26123303174972534,0.5,0.14139999449253082
YDL220C,YDR142C,0,-5.9518504,0.2610965967178345,0.5,0.14149999618530273
YDR448W,YMR204C,0,-5.9519205,0.26096034049987793,0.5,0.14159999787807465
YDR036C,YNL016W,0,-5.952627,0.26082420349121094,0.5,0.14169999957084656
YPR086W,YPR056W,1,-5.95306,0.2612096071243286,0.5009999871253967,0.14169999957084656
YGR246C,YPR086W,1,-5.9533834,0.26159459352493286,0.5019999742507935,0.14169999957084656
YGL223C,YOL108C,0,-5.9535103,0.2614583373069763,0.5019999742507935,0.14180000126361847
YNL039W,YDR145W,1,-5.95461,0.2618427872657776,0.503000020980835,0.14180000126361847
YBL026W,YNL121C,0,-5.9548836,0.26170656085014343,0.503000020980835,0.14190000295639038
YGL092W,YNL244C,0,-5.9550104,0.26157045364379883,0.503000020980835,0.1420000046491623
YMR168C,YBR233W-A,0,-5.9550266,0.26143452525138855,0.503000020980835,0.1421000063419342
YNL222W,YBR123C,1,-5.9551125,0.26181817054748535,0.5040000081062317,0.1421000063419342
YDL207W,YKL089W,0,-5.955238,0.2616822421550751,0.5040000081062317,0.14219999313354492
YLR293C,YGL137W,0,-5.955516,0.26154643297195435,0.5040000081062317,0.14229999482631683
YMR292W,YMR305C,0,-5.9555826,0.26141080260276794,0.5040000081062317,0.14239999651908875
YGR028W,YPL130W,0,-5.9556146,0.2612752616405487,0.5040000081062317,0.14249999821186066
YHR008C,YHR161C,0,-5.9557323,0.2611398994922638,0.5040000081062317,0.14259999990463257
YNL027W,YIL098C,0,-5.955821,0.26100465655326843,0.5040000081062317,0.14270000159740448
YIL037C,YGL104C,0,-5.955854,0.260869562625885,0.5040000081062317,0.1428000032901764
YDR260C,YBL004W,0,-5.9559155,0.2607346177101135,0.5040000081062317,0.1429000049829483
YDR189W,YNL244C,0,-5.9562798,0.2605997920036316,0.5040000081062317,0.14300000667572021
YBR058C,YPR107C,0,-5.9564137,0.2604651153087616,0.5040000081062317,0.14309999346733093
YOR127W,YML049C,0,-5.956526,0.26033058762550354,0.5040000081062317,0.14319999516010284
YPL167C,YIL066C,0,-5.9566936,0.26019617915153503,0.5040000081062317,0.14329999685287476
YNL206C,YDR135C,0,-5.95717,0.26006191968917847,0.5040000081062317,0.14339999854564667
YPR100W,YJL054W,0,-5.9573603,0.25992780923843384,0.5040000081062317,0.14350000023841858
YBL051C,YBR289W,0,-5.957511,0.25979381799697876,0.5040000081062317,0.1436000019311905
YDR289C,YPR088C,0,-5.9576173,0.2596599757671356,0.5040000081062317,0.1437000036239624
YOR321W,YNR026C,0,-5.9577675,0.25952625274658203,0.5040000081062317,0.14380000531673431
YMR032W,YNL299W,0,-5.9580736,0.2593926787376404,0.5040000081062317,0.14390000700950623
YCR033W,YER018C,0,-5.9584246,0.25925925374031067,0.5040000081062317,0.14399999380111694
YNL329C,YFR031C,0,-5.9584603,0.2591259777545929,0.5040000081062317,0.14409999549388885
YBL074C,YKL048C,0,-5.958856,0.2589927911758423,0.5040000081062317,0.14419999718666077
YER171W,YGR047C,1,-5.959089,0.25937339663505554,0.5049999952316284,0.14419999718666077
YNR002C,YNL015W,0,-5.9591217,0.2592402398586273,0.5049999952316284,0.14429999887943268
YBL071W-A,YPL157W,0,-5.9591575,0.25910723209381104,0.5049999952316284,0.1444000005722046
YCR027C,YOR275C,0,-5.959466,0.2589743733406067,0.5049999952316284,0.1445000022649765
YPL122C,YKL058W,1,-5.959467,0.2593541741371155,0.5059999823570251,0.1445000022649765
YMR033W,YKL080W,0,-5.9596577,0.25922131538391113,0.5059999823570251,0.1446000039577484
YGL151W,YDR464W,0,-5.959752,0.25908857583999634,0.5059999823570251,0.14470000565052032
YGR274C,YGR005C,1,-5.959853,0.259467750787735,0.5070000290870667,0.14470000565052032
YPL020C,YNR047W,0,-5.9600997,0.2593350410461426,0.5070000290870667,0.14480000734329224
YIR005W,YLR135W,0,-5.9601426,0.2592024505138397,0.5070000290870667,0.14489999413490295
YIL049W,YAL016W,0,-5.960498,0.2590700089931488,0.5070000290870667,0.14499999582767487
YNL039W,YML015C,1,-5.961069,0.25944840908050537,0.5080000162124634,0.14499999582767487
YKL101W,YDR335W,0,-5.9610696,0.25931596755981445,0.5080000162124634,0.14509999752044678
YCL016C,YOL003C,0,-5.961157,0.2591836750507355,0.5080000162124634,0.1451999992132187
YHL002W,YKR038C,0,-5.9613094,0.25905150175094604,0.5080000162124634,0.1453000009059906
YGL166W,YDR145W,1,-5.961539,0.2594291567802429,0.5090000033378601,0.1453000009059906
YER180C-A,YDR486C,0,-5.9615507,0.2592969834804535,0.5090000033378601,0.1454000025987625
YIL036W,YGR186W,1,-5.961607,0.2596741318702698,0.5099999904632568,0.1454000025987625
YLR170C,YPR057W,0,-5.96187,0.25954198837280273,0.5099999904632568,0.14550000429153442
YBR237W,YML001W,0,-5.9619217,0.25940996408462524,0.5099999904632568,0.14560000598430634
YHR058C,YOL028C,0,-5.9620004,0.2592780888080597,0.5099999904632568,0.14569999277591705
YOL089C,YER171W,1,-5.9620056,0.2596544623374939,0.5109999775886536,0.14569999277591705
YML069W,YDR460W,1,-5.962068,0.26003047823905945,0.5120000243186951,0.14569999277591705
YMR072W,YPL128C,0,-5.9623337,0.25989848375320435,0.5120000243186951,0.14579999446868896
YER146W,YOL135C,0,-5.9623733,0.2597666084766388,0.5120000243186951,0.14589999616146088
YGL112C,YGR047C,1,-5.962538,0.2601419985294342,0.5130000114440918,0.14589999616146088
YBR142W,YMR080C,0,-5.962618,0.26001012325286865,0.5130000114440918,0.1459999978542328
YLR310C,YLR284C,0,-5.9629283,0.2598784267902374,0.5130000114440918,0.1460999995470047
YPL204W,YER180C-A,0,-5.9631104,0.25974684953689575,0.5130000114440918,0.1462000012397766
YMR068W,YGL191W,0,-5.963232,0.25961539149284363,0.5130000114440918,0.14630000293254852
YOR123C,YLR166C,0,-5.9635673,0.25948405265808105,0.5130000114440918,0.14640000462532043
YGR274C,YBR123C,1,-5.9641333,0.2598584294319153,0.5139999985694885,0.14640000462532043
YIL036W,YOL089C,1,-5.964137,0.26023244857788086,0.5149999856948853,0.14640000462532043
YDL047W,YDL084W,0,-5.964265,0.2601010203361511,0.5149999856948853,0.14650000631809235
YGR246C,YER028C,1,-5.964323,0.2604745030403137,0.515999972820282,0.14650000631809235
YJR001W,YDR379W,0,-5.9644527,0.260343074798584,0.515999972820282,0.14659999310970306
YHL003C,YGR171C,0,-5.9645214,0.2602117955684662,0.515999972820282,0.14669999480247498
YPR008W,YOL089C,1,-5.9646263,0.26058468222618103,0.5170000195503235,0.14669999480247498
YNL219C,YDL217C,0,-5.9655976,0.26045340299606323,0.5170000195503235,0.1467999964952469
YPL221W,YNL201C,0,-5.9656296,0.260322242975235,0.5170000195503235,0.1468999981880188
YJR077C,YKL051W,0,-5.965727,0.2601912319660187,0.5170000195503235,0.1469999998807907
YCL031C,YDR260C,0,-5.9657307,0.2600603699684143,0.5170000195503235,0.14710000157356262
YJL061W,YDR498C,0,-5.965956,0.2599296271800995,0.5170000195503235,0.14720000326633453
YLR028C,YDL045C,0,-5.96705,0.2597990036010742,0.5170000195503235,0.14730000495910645
YDR495C,YDR135C,0,-5.9671836,0.2596684992313385,0.5170000195503235,0.14740000665187836
YML019W,YNR013C,0,-5.9672422,0.2595381438732147,0.5170000195503235,0.14749999344348907
YKR068C,YPR070W,0,-5.967913,0.2594079375267029,0.5170000195503235,0.147599995136261
YDR436W,YGR270W,0,-5.9681535,0.2592778205871582,0.5170000195503235,0.1476999968290329
YGL054C,YIL038C,0,-5.968204,0.25914788246154785,0.5170000195503235,0.1477999985218048
YNL256W,YGL151W,0,-5.968294,0.25901803374290466,0.5170000195503235,0.14790000021457672
YOR198C,YJR010C-A,0,-5.968544,0.2588883340358734,0.5170000195503235,0.14800000190734863
YKL172W,YPL169C,0,-5.9687295,0.2587587535381317,0.5170000195503235,0.14810000360012054
YGR140W,YJR035W,0,-5.9687524,0.25862932205200195,0.5170000195503235,0.14820000529289246
YGL207W,YGR274C,1,-5.968877,0.2590000033378601,0.5180000066757202,0.14820000529289246
YAL007C,YDR251W,0,-5.969107,0.25887057185173035,0.5180000066757202,0.14830000698566437
YOL063C,YJL076W,0,-5.9693775,0.25874125957489014,0.5180000066757202,0.14839999377727509
YDR283C,YDR279W,0,-5.9696465,0.25861209630966187,0.5180000066757202,0.148499995470047
YGR098C,YMR305C,0,-5.9696474,0.25848302245140076,0.5180000066757202,0.1485999971628189
YOL063C,YGL168W,0,-5.969662,0.258354127407074,0.5180000066757202,0.14869999885559082
YMR238W,YPL106C,0,-5.969873,0.25822532176971436,0.5180000066757202,0.14880000054836273
YCR048W,YER180C-A,0,-5.9698963,0.2580966651439667,0.5180000066757202,0.14890000224113464
YMR255W,YPR088C,0,-5.9699583,0.25796812772750854,0.5180000066757202,0.14900000393390656
YCL011C,YMR255W,0,-5.9701223,0.25783970952033997,0.5180000066757202,0.14910000562667847
YDR079C-A,YOR110W,1,-5.9703445,0.2582089602947235,0.5189999938011169,0.14910000562667847
YJR147W,YMR288W,0,-5.9703946,0.25808054208755493,0.5189999938011169,0.14920000731945038
YDL079C,YGR181W,0,-5.9705396,0.2579522728919983,0.5189999938011169,0.1492999941110611
YKR085C,YBR095C,0,-5.9707966,0.2578241527080536,0.5189999938011169,0.149399995803833
YBR288C,YGR285C,0,-5.970892,0.25769612193107605,0.5189999938011169,0.14949999749660492
YBR009C,YOR004W,0,-5.9711714,0.25756824016571045,0.5189999938011169,0.14959999918937683
YDR079C-A,YGR047C,1,-5.9713287,0.2579365074634552,0.5199999809265137,0.14959999918937683
YKL195W,YKL126W,0,-5.9714813,0.2578086256980896,0.5199999809265137,0.14970000088214874
YBR022W,YHR083W,0,-5.9716096,0.25768086314201355,0.5199999809265137,0.14980000257492065
YLR438C-A,YOL135C,0,-5.971698,0.25755324959754944,0.5199999809265137,0.14990000426769257
YPL119C,YDR181C,0,-5.9718094,0.2574257552623749,0.5199999809265137,0.15000000596046448
YGL142C,YOR085W,0,-5.9719906,0.25729838013648987,0.5199999809265137,0.1500999927520752
YHR191C,YLR148W,0,-5.972053,0.2571711242198944,0.5199999809265137,0.1501999944448471
YGL027C,YOR236W,0,-5.9720626,0.2570439875125885,0.5199999809265137,0.15029999613761902
YDL006W,YEL051W,0,-5.9720955,0.25691699981689453,0.5199999809265137,0.15039999783039093
YFL021W,YAL001C,1,-5.9721427,0.2572839558124542,0.5210000276565552,0.15039999783039093
YHL038C,YER029C,0,-5.9726734,0.25715696811676025,0.5210000276565552,0.15049999952316284
YML102W,YNL307C,0,-5.9727917,0.25703009963035583,0.5210000276565552,0.15060000121593475
YOR028C,YER022W,0,-5.973284,0.25690335035324097,0.5210000276565552,0.15070000290870667
YHR150W,YGL175C,0,-5.9734654,0.25677675008773804,0.5210000276565552,0.15080000460147858
YPL155C,YPL157W,0,-5.973675,0.25665023922920227,0.5210000276565552,0.1509000062942505
YIR033W,YNL016W,0,-5.973771,0.25652387738227844,0.5210000276565552,0.1509999930858612
YPL180W,YOR043W,0,-5.97378,0.25639763474464417,0.5210000276565552,0.15109999477863312
YNR032C-A,YPR108W,0,-5.9738884,0.25627151131629944,0.5210000276565552,0.15119999647140503
YDL088C,YPL125W,0,-5.9739995,0.25614553689956665,0.5210000276565552,0.15129999816417694
YBR161W,YNL201C,0,-5.9740067,0.256019651889801,0.5210000276565552,0.15139999985694885
YJL186W,YKL145W,0,-5.9742923,0.25589391589164734,0.5210000276565552,0.15150000154972076
YGL136C,YNR023W,0,-5.9744377,0.2557682991027832,0.5210000276565552,0.15160000324249268
YPL061W,YDR099W,0,-5.974441,0.2556428015232086,0.5210000276565552,0.1517000049352646
YIL036W,YML069W,1,-5.9745836,0.2560078501701355,0.5220000147819519,0.1517000049352646
YGL003C,YER041W,0,-5.9747257,0.2558823525905609,0.5220000147819519,0.1518000066280365
YNL169C,YHR083W,0,-5.9748936,0.2557569742202759,0.5220000147819519,0.15189999341964722
YOL043C,YPL188W,0,-5.9752026,0.2556317448616028,0.5220000147819519,0.15199999511241913
YJL041W,YOR119C,0,-5.9752827,0.25550660490989685,0.5220000147819519,0.15209999680519104
YDR507C,YCL024W,0,-5.9755955,0.25538161396980286,0.5220000147819519,0.15219999849796295
YPR105C,YOR260W,0,-5.975833,0.255256712436676,0.5220000147819519,0.15230000019073486
YOR039W,YAL034W-A,0,-5.97598,0.25513195991516113,0.5220000147819519,0.15240000188350677
YNL051W,YJL072C,0,-5.9760427,0.2550073266029358,0.5220000147819519,0.1525000035762787
YNL042W,YNL136W,0,-5.9761963,0.2548828125,0.5220000147819519,0.1526000052690506
YDL047W,YER190W,0,-5.9762435,0.25475841760635376,0.5220000147819519,0.1527000069618225
YGR218W,YGL227W,0,-5.9764977,0.25463414192199707,0.5220000147819519,0.15279999375343323
YJR063W,YPR133C,0,-5.976643,0.25450998544692993,0.5220000147819519,0.15289999544620514
YMR231W,YDR325W,0,-5.9769535,0.25438597798347473,0.5220000147819519,0.15299999713897705
YGR274C,YOR110W,1,-5.977372,0.2547491490840912,0.5230000019073486,0.15299999713897705
YNL023C,YOL148C,0,-5.977457,0.2546251118183136,0.5230000019073486,0.15309999883174896
YLR312C-B,YOR272W,0,-5.9780684,0.25450122356414795,0.5230000019073486,0.15320000052452087
YHR082C,YCL051W,0,-5.9783964,0.25437742471694946,0.5230000019073486,0.15330000221729279
YKL139W,YHR148W,0,-5.9786654,0.2542537748813629,0.5230000019073486,0.1534000039100647
YDR411C,YLR425W,0,-5.9787407,0.25413021445274353,0.5230000019073486,0.1535000056028366
YIR033W,YNL317W,0,-5.978755,0.2540068030357361,0.5230000019073486,0.15360000729560852
YOR299W,YPR189W,0,-5.9788485,0.2538834810256958,0.5230000019073486,0.15369999408721924
YGL194C,YGL175C,0,-5.97935,0.25376030802726746,0.5230000019073486,0.15379999577999115
YNL219C,YMR005W,0,-5.9793725,0.25363725423812866,0.5230000019073486,0.15389999747276306
YLR113W,YBL079W,0,-5.979438,0.25351428985595703,0.5230000019073486,0.15399999916553497
YCR098C,YCL005W-A,0,-5.9796596,0.25339147448539734,0.5230000019073486,0.15410000085830688
YIL124W,YPL053C,0,-5.979744,0.2532687783241272,0.5230000019073486,0.1542000025510788
YDR487C,YHR030C,0,-5.9797726,0.2531461715698242,0.5230000019073486,0.1543000042438507
YNL257C,YDR079C-A,1,-5.980581,0.25350749492645264,0.5239999890327454,0.1543000042438507
YNL233W,YML109W,0,-5.980842,0.25338491797447205,0.5239999890327454,0.15440000593662262
YGL207W,YPL011C,1,-5.980882,0.25374576449394226,0.5249999761581421,0.15440000593662262
YLR242C,YKL074C,0,-5.9810996,0.25362318754196167,0.5249999761581421,0.15449999272823334
YBL003C,YLR268W,0,-5.9812374,0.25350072979927063,0.5249999761581421,0.15459999442100525
YKR062W,YGR005C,1,-5.982048,0.2538610100746155,0.5260000228881836,0.15459999442100525
YBL079W,YKR028W,0,-5.9824014,0.25373855233192444,0.5260000228881836,0.15469999611377716
YIL026C,YLR154C,0,-5.982631,0.25361621379852295,0.5260000228881836,0.15479999780654907
YKL152C,YOL127W,0,-5.982732,0.2534939646720886,0.5260000228881836,0.15489999949932098
YER171W,YGR005C,1,-5.9829397,0.25385355949401855,0.5270000100135803,0.15489999949932098
YDR113C,YML034W,0,-5.9829473,0.2537313401699066,0.5270000100135803,0.1550000011920929
YLR148W,YDR447C,0,-5.9829493,0.25360924005508423,0.5270000100135803,0.1551000028848648
YJR068W,YHR111W,0,-5.983109,0.2534872591495514,0.5270000100135803,0.15520000457763672
YMR276W,YNL091W,0,-5.9834876,0.2533653974533081,0.5270000100135803,0.15530000627040863
YNR035C,YBR272C,0,-5.9838037,0.253243625164032,0.5270000100135803,0.15539999306201935
YOL088C,YAR031W,0,-5.9838433,0.2531220018863678,0.5270000100135803,0.15549999475479126
YKR085C,YLR369W,0,-5.983851,0.2530004680156708,0.5270000100135803,0.15559999644756317
YGR004W,YPR189W,0,-5.9838676,0.2528790831565857,0.5270000100135803,0.15569999814033508
YPR188C,YLL004W,0,-5.9840074,0.2527577877044678,0.5270000100135803,0.155799999833107
YPL202C,YER148W,1,-5.984149,0.25311601161956787,0.527999997138977,0.155799999833107
YMR201C,YLR176C,0,-5.984418,0.25299471616744995,0.527999997138977,0.1559000015258789
YFR028C,YER044C-A,0,-5.984874,0.25287356972694397,0.527999997138977,0.15600000321865082
YDR078C,YPL138C,0,-5.9850616,0.25275251269340515,0.527999997138977,0.15610000491142273
YGL207W,YGR186W,1,-5.985088,0.25311005115509033,0.5289999842643738,0.15610000491142273
YIL046W,YBR012W-B,0,-5.9851036,0.2529889941215515,0.5289999842643738,0.15620000660419464
YML015C,YDR079C-A,1,-5.985106,0.2533460855484009,0.5299999713897705,0.15620000660419464
YGL229C,YJL059W,0,-5.9851723,0.25322502851486206,0.5299999713897705,0.15629999339580536
YOR039W,YPR032W,0,-5.985511,0.2531041204929352,0.5299999713897705,0.15639999508857727
YPR086W,YGR005C,1,-5.985576,0.2534606158733368,0.531000018119812,0.15639999508857727
YPR086W,YKR062W,1,-5.985586,0.25381678342819214,0.5320000052452087,0.15639999508857727
YNL257C,YDR460W,1,-5.9856553,0.2541726231575012,0.5329999923706055,0.15639999508857727
YMR200W,YDR073W,0,-5.9857197,0.25405147671699524,0.5329999923706055,0.15649999678134918
YPL244C,YOR321W,0,-5.985805,0.2539304494857788,0.5329999923706055,0.1565999984741211
YGR140W,YJR160C,0,-5.9858446,0.25380951166152954,0.5329999923706055,0.156700000166893
YPL159C,YHR161C,0,-5.986013,0.2536887228488922,0.5329999923706055,0.15680000185966492
YLR242C,YDL095W,0,-5.9860554,0.25356802344322205,0.5329999923706055,0.15690000355243683
YJR065C,YGR057C,0,-5.9860716,0.25344744324684143,0.5329999923706055,0.15700000524520874
YBR212W,YDR247W,0,-5.986393,0.25332698225975037,0.5329999923706055,0.15710000693798065
YJL061W,YML019W,0,-5.986467,0.25320664048194885,0.5329999923706055,0.15719999372959137
YPR182W,YBR058C,0,-5.9871244,0.2530864179134369,0.5329999923706055,0.15729999542236328
YER173W,YPL085W,0,-5.9874825,0.2529663145542145,0.5329999923706055,0.1573999971151352
YPR179C,YDR312W,0,-5.98757,0.25284630060195923,0.5329999923706055,0.1574999988079071
YGR246C,YAL001C,1,-5.9876585,0.25320056080818176,0.5339999794960022,0.1574999988079071
YCR014C,YMR182C,0,-5.987735,0.2530805766582489,0.5339999794960022,0.15760000050067902
YKR034W,YLL027W,0,-5.9877734,0.2529606819152832,0.5339999794960022,0.15770000219345093
YBR073W,YDR369C,0,-5.9880633,0.25284090638160706,0.5339999794960022,0.15780000388622284
YML069W,YMR227C,1,-5.988187,0.25319451093673706,0.5350000262260437,0.15780000388622284
YLR100W,YBL088C,0,-5.9881916,0.2530747354030609,0.5350000262260437,0.15790000557899475
YDL088C,YBR008C,0,-5.9883156,0.2529550790786743,0.5350000262260437,0.15800000727176666
YMR080C,YPR131C,0,-5.988402,0.25283554196357727,0.5350000262260437,0.15809999406337738
YNL192W,YOR209C,0,-5.9884596,0.2527160942554474,0.5350000262260437,0.1581999957561493
YGL195W,YDR322C-A,0,-5.988508,0.25259679555892944,0.5350000262260437,0.1582999974489212
YOL051W,YLR328W,0,-5.9889784,0.25247758626937866,0.5350000262260437,0.15839999914169312
YMR288W,YCR035C,0,-5.9891047,0.25235849618911743,0.5350000262260437,0.15850000083446503
YDL031W,YLR048W,0,-5.9894485,0.25223949551582336,0.5350000262260437,0.15860000252723694
YNL307C,YCR067C,0,-5.989732,0.25212064385414124,0.5350000262260437,0.15870000422000885
YDL028C,YLR165C,0,-5.9897943,0.25200188159942627,0.5350000262260437,0.15880000591278076
YDL045C,YDR487C,0,-5.989808,0.25188323855400085,0.5350000262260437,0.15889999270439148
YPL036W,YMR054W,0,-5.9905834,0.251764714717865,0.5350000262260437,0.1589999943971634
YER143W,YDL134C,0,-5.9905844,0.2516462802886963,0.5350000262260437,0.1590999960899353
YNR008W,YKL196C,0,-5.9908676,0.25152796506881714,0.5350000262260437,0.15919999778270721
YER164W,YGR167W,0,-5.990943,0.25140976905822754,0.5350000262260437,0.15929999947547913
YHR034C,YNR023W,0,-5.9911003,0.2512916922569275,0.5350000262260437,0.15940000116825104
YDR098C,YEL017C-A,0,-5.991318,0.2511737048625946,0.5350000262260437,0.15950000286102295
YGR230W,YOL110W,0,-5.9914045,0.25105583667755127,0.5350000262260437,0.15960000455379486
YPR193C,YHR079C-A,0,-5.9916396,0.2509380877017975,0.5350000262260437,0.15970000624656677
YDR078C,YDR486C,0,-5.991993,0.25082042813301086,0.5350000262260437,0.1597999930381775
YNL222W,YPR056W,1,-5.9920444,0.2511714994907379,0.5360000133514404,0.1597999930381775
YDR284C,YOL027C,0,-5.992267,0.2510538697242737,0.5360000133514404,0.1598999947309494
YPR083W,YLR357W,0,-5.992277,0.2509363293647766,0.5360000133514404,0.1599999964237213
YBR198C,YKR062W,1,-5.992305,0.2512868642807007,0.5370000004768372,0.1599999964237213
YFR013W,YMR225C,0,-5.99261,0.2511693239212036,0.5370000004768372,0.16009999811649323
YER028C,YKR062W,1,-5.992655,0.25151941180229187,0.5379999876022339,0.16009999811649323
YIL044C,YBR102C,0,-5.9930058,0.2514018714427948,0.5379999876022339,0.16019999980926514
YPR193C,YOL108C,0,-5.9930854,0.2512844502925873,0.5379999876022339,0.16030000150203705
YGL253W,YLR328W,0,-5.9931116,0.2511671483516693,0.5379999876022339,0.16040000319480896
YNL271C,YMR192W,0,-5.9937906,0.2510499358177185,0.5379999876022339,0.16050000488758087
YOL088C,YNL049C,0,-5.9937935,0.25093284249305725,0.5379999876022339,0.16060000658035278
YJL074C,YEL012W,0,-5.9938946,0.25081583857536316,0.5379999876022339,0.1606999933719635
YBR103W,YER100W,0,-5.9941263,0.250698983669281,0.5379999876022339,0.1607999950647354
YER068W,YOR132W,0,-5.9944468,0.250582218170166,0.5379999876022339,0.16089999675750732
YKL190W,YPL249C,0,-5.9944515,0.2504655420780182,0.5379999876022339,0.16099999845027924
YJL165C,YLR163C,0,-5.994464,0.2503489851951599,0.5379999876022339,0.16110000014305115
YMR203W,YOL102C,0,-5.994821,0.2502325475215912,0.5379999876022339,0.16120000183582306
YER028C,YML015C,1,-5.9951477,0.25058111548423767,0.5389999747276306,0.16120000183582306
YOL069W,YDR369C,0,-5.9951487,0.25046467781066895,0.5389999747276306,0.16130000352859497
YHR088W,YOR068C,0,-5.9953957,0.25034835934638977,0.5389999747276306,0.16140000522136688
YAL053W,YDR143C,0,-5.995414,0.25023213028907776,0.5389999747276306,0.1615000069141388
YNL232W,YKL214C,0,-5.995516,0.2501160204410553,0.5389999747276306,0.1615999937057495
YPL202C,YDR311W,1,-5.995657,0.2504638135433197,0.5400000214576721,0.1615999937057495
YPL177C,YGR047C,1,-5.9958405,0.25081130862236023,0.5410000085830688,0.1615999937057495
YOR074C,YDR378C,0,-5.9960613,0.2506950795650482,0.5410000085830688,0.16169999539852142
YNL317W,YIL084C,0,-5.9961214,0.25057896971702576,0.5410000085830688,0.16179999709129333
YNL323W,YAL055W,0,-5.996174,0.25046294927597046,0.5410000085830688,0.16189999878406525
YMR091C,YOR140W,0,-5.996312,0.2503470480442047,0.5410000085830688,0.16200000047683716
YNL039W,YNL314W,1,-5.9971094,0.25069379806518555,0.5419999957084656,0.16200000047683716
YDR345C,YPL022W,0,-5.9972115,0.2505778968334198,0.5419999957084656,0.16210000216960907
YGR274C,YPR056W,1,-5.9973035,0.2509241998195648,0.5429999828338623,0.16210000216960907
YJL085W,YML092C,0,-5.9974127,0.25080832839012146,0.5429999828338623,0.16220000386238098
YGR033C,YNL273W,0,-5.997529,0.2506925165653229,0.5429999828338623,0.1623000055551529
YBR065C,YFR055W,0,-5.997731,0.25057682394981384,0.5429999828338623,0.1624000072479248
YFL022C,YIL112W,0,-5.997739,0.25046125054359436,0.5429999828338623,0.16249999403953552
YPR008W,YPL129W,1,-5.997875,0.2508068382740021,0.5440000295639038,0.16249999403953552
YHR065C,YLR424W,0,-5.998116,0.2506912350654602,0.5440000295639038,0.16259999573230743
YPR188C,YBR153W,0,-5.998273,0.2505757808685303,0.5440000295639038,0.16269999742507935
YOR171C,YPL169C,0,-5.9984055,0.2504604160785675,0.5440000295639038,0.16279999911785126
YGR024C,YEL004W,0,-5.9985037,0.2503451406955719,0.5440000295639038,0.16290000081062317
YDR192C,YPL175W,0,-5.9985857,0.25022998452186584,0.5440000295639038,0.16300000250339508
YBR272C,YHR091C,0,-5.998714,0.25011494755744934,0.5440000295639038,0.163100004196167
YER177W,YDL035C,0,-5.9987526,0.25,0.5440000295639038,0.1632000058889389
YJL042W,YOR054C,0,-5.9988933,0.24988515675067902,0.5440000295639038,0.16329999268054962
YMR192W,YKL057C,0,-5.999461,0.24977043271064758,0.5440000295639038,0.16339999437332153
YGR217W,YPL097W,0,-5.999767,0.2496557980775833,0.5440000295639038,0.16349999606609344
YBL018C,YHR167W,0,-5.9999905,0.2495412826538086,0.5440000295639038,0.16359999775886536
YJR119C,YDR240C,0,-6.000086,0.24942687153816223,0.5440000295639038,0.16369999945163727
YAL013W,YAL035W,0,-6.000224,0.24931256473064423,0.5440000295639038,0.16380000114440918
YOL017W,YHR152W,0,-6.000683,0.24919834733009338,0.5440000295639038,0.1639000028371811
YLR035C,YIL038C,0,-6.000921,0.2490842491388321,0.5440000295639038,0.164000004529953
YGR267C,YER027C,0,-6.001232,0.24897025525569916,0.5440000295639038,0.16410000622272491
YDR460W,YOR194C,1,-6.0013027,0.2493138164281845,0.5450000166893005,0.16410000622272491
YER028C,YGR274C,1,-6.0013824,0.2496570646762848,0.5460000038146973,0.16410000622272491
YDR166C,YGL227W,0,-6.001725,0.2495429664850235,0.5460000038146973,0.16419999301433563
YIL035C,YGR147C,0,-6.0018034,0.24942895770072937,0.5460000038146973,0.16429999470710754
YDR141C,YMR273C,0,-6.0018272,0.2493150681257248,0.5460000038146973,0.16439999639987946
YGR246C,YDR079C-A,1,-6.002367,0.24965769052505493,0.546999990940094,0.16439999639987946
YHR115C,YOL049W,0,-6.002597,0.24954380095005035,0.546999990940094,0.16449999809265137
YCL004W,YNL082W,0,-6.002703,0.24943000078201294,0.546999990940094,0.16459999978542328
YDR272W,YDR011W,0,-6.002718,0.24931631982326508,0.546999990940094,0.1647000014781952
YGR274C,YKR062W,1,-6.0027685,0.24965831637382507,0.5479999780654907,0.1647000014781952
YDL148C,YFL017W-A,0,-6.0029902,0.24954462051391602,0.5479999780654907,0.1648000031709671
YLR028C,YJL128C,0,-6.0031576,0.2494310438632965,0.5479999780654907,0.164900004863739
YAL056W,YDR407C,0,-6.00326,0.24931755661964417,0.5479999780654907,0.16500000655651093
YKR022C,YDR369C,0,-6.003468,0.24920418858528137,0.5479999780654907,0.16509999334812164
YBR198C,YOR110W,1,-6.003485,0.24954545497894287,0.5490000247955322,0.16509999334812164
YCR042C,YMR227C,1,-6.0035152,0.2498864084482193,0.550000011920929,0.16509999334812164
YFL017W-A,YDR322C-A,0,-6.0036707,0.24977293610572815,0.550000011920929,0.16519999504089355
YPL097W,YDR129C,0,-6.0037165,0.24965955317020416,0.550000011920929,0.16529999673366547
YLR342W,YDR172W,0,-6.003766,0.24954627454280853,0.550000011920929,0.16539999842643738
YDR334W,YDL217C,0,-6.00416,0.24943310022354126,0.550000011920929,0.1655000001192093
YLR116W,YML039W,0,-6.0041747,0.24932003021240234,0.550000011920929,0.1656000018119812
YDL143W,YBL088C,0,-6.0042634,0.24920706450939178,0.550000011920929,0.1657000035047531
YKL025C,YER093C,0,-6.004325,0.24909420311450958,0.550000011920929,0.16580000519752502
YDR079C-A,YOR194C,1,-6.004603,0.24943412840366364,0.5509999990463257,0.16580000519752502
YGL116W,YMR059W,0,-6.0046964,0.24932126700878143,0.5509999990463257,0.16590000689029694
YIL049W,YMR179W,0,-6.004832,0.2492085099220276,0.5509999990463257,0.16599999368190765
YJR144W,YDR097C,0,-6.0050297,0.2490958422422409,0.5509999990463257,0.16609999537467957
YPL270W,YNL036W,0,-6.0051613,0.24898327887058258,0.5509999990463257,0.16619999706745148
YMR220W,YDL236W,0,-6.005374,0.2488708198070526,0.5509999990463257,0.1662999987602234
YKR037C,YOR359W,0,-6.0064325,0.248758465051651,0.5509999990463257,0.1664000004529953
YOR334W,YDR228C,0,-6.0066175,0.24864621460437775,0.5509999990463257,0.1665000021457672
YIL048W,YBR167C,0,-6.0066185,0.24853405356407166,0.5509999990463257,0.16660000383853912
YOR209C,YIL039W,0,-6.00676,0.24842199683189392,0.5509999990463257,0.16670000553131104
YML067C,YOL090W,0,-6.0067797,0.24831004440784454,0.5509999990463257,0.16680000722408295
YLR167W,YER180C-A,0,-6.0068207,0.24819819629192352,0.5509999990463257,0.16689999401569366
YPR025C,YNL222W,1,-6.0068703,0.24853669106960297,0.5519999861717224,0.16689999401569366
YGR097W,YOL148C,0,-6.0069494,0.24842484295368195,0.5519999861717224,0.16699999570846558
YIL098C,YPL045W,0,-6.0070486,0.2483130842447281,0.5519999861717224,0.1670999974012375
YPR082C,YDL058W,0,-6.007208,0.24820144474506378,0.5519999861717224,0.1671999990940094
YBR186W,YKL041W,0,-6.0074067,0.24808989465236664,0.5519999861717224,0.1673000007867813
YER142C,YGR170W,0,-6.007738,0.24797843396663666,0.5519999861717224,0.16740000247955322
YBR288C,YKL074C,0,-6.007976,0.24786709249019623,0.5519999861717224,0.16750000417232513
YPR120C,YBL034C,0,-6.0080624,0.24775584042072296,0.5519999861717224,0.16760000586509705
YPR025C,YML015C,1,-6.008218,0.24809332191944122,0.5529999732971191,0.16760000586509705
YKL073W,YKR037C,0,-6.008733,0.24798206984996796,0.5529999732971191,0.16769999265670776
YMR097C,YHR004C,0,-6.00875,0.24787090718746185,0.5529999732971191,0.16779999434947968
YHL019C,YLR033W,0,-6.0087795,0.2477598637342453,0.5529999732971191,0.1678999960422516
YGR099W,YPL045W,0,-6.009103,0.2476489096879959,0.5529999732971191,0.1679999977350235
YOL165C,YCR048W,0,-6.0092154,0.24753804504871368,0.5529999732971191,0.1680999994277954
YHR157W,YAL047C,0,-6.0094986,0.247427299618721,0.5529999732971191,0.16820000112056732
YLR233C,YHR158C,0,-6.0095015,0.2473166435956955,0.5529999732971191,0.16830000281333923
YNL286W,YGR046W,0,-6.0099616,0.24720607697963715,0.5529999732971191,0.16840000450611115
YOL143C,YOL005C,0,-6.010009,0.24709561467170715,0.5529999732971191,0.16850000619888306
YNL219C,YML027W,0,-6.0100455,0.24698525667190552,0.5529999732971191,0.16859999299049377
YDR054C,YMR288W,0,-6.0100465,0.24687500298023224,0.5529999732971191,0.16869999468326569
YDR323C,YML014W,0,-6.010092,0.24676483869552612,0.5529999732971191,0.1687999963760376
YER028C,YML098W,1,-6.0103674,0.2471008002758026,0.5540000200271606,0.1687999963760376
YGL207W,YKR062W,1,-6.010462,0.24743646383285522,0.5550000071525574,0.1687999963760376
YKL025C,YDR322C-A,0,-6.0105,0.24732621014118195,0.5550000071525574,0.1688999980688095
YGL151W,YMR179W,0,-6.010873,0.24721603095531464,0.5550000071525574,0.16899999976158142
YOR058C,YHL025W,0,-6.010956,0.24710597097873688,0.5550000071525574,0.16910000145435333
YPR132W,YMR013C,0,-6.011111,0.24699600040912628,0.5550000071525574,0.16920000314712524
YER171W,YML098W,1,-6.011202,0.24733096361160278,0.5559999942779541,0.16920000314712524
YLR242C,YOL006C,0,-6.012292,0.2472209930419922,0.5559999942779541,0.16930000483989716
YPL169C,YOL045W,0,-6.012662,0.24711111187934875,0.5559999942779541,0.16940000653266907
YPR100W,YKR001C,0,-6.012665,0.24700133502483368,0.5559999942779541,0.16949999332427979
YCR042C,YOR194C,1,-6.012683,0.24733570218086243,0.5569999814033508,0.16949999332427979
YKL016C,YOL143C,0,-6.013178,0.24722592532634735,0.5569999814033508,0.1695999950170517
YDR404C,YNR026C,0,-6.013233,0.24711623787879944,0.5569999814033508,0.1696999967098236
YGR175C,YML067C,0,-6.0135183,0.24700665473937988,0.5569999814033508,0.16979999840259552
YIL154C,YOR083W,0,-6.0135384,0.2468971610069275,0.5569999814033508,0.16990000009536743
YER014C-A,YLR034C,0,-6.013605,0.24678777158260345,0.5569999814033508,0.17000000178813934
YDR016C,YHR200W,0,-6.014432,0.24667847156524658,0.5569999814033508,0.17010000348091125
YIL046W,YCR020C,0,-6.014503,0.24656927585601807,0.5569999814033508,0.17020000517368317
YBR100W,YMR070W,0,-6.014589,0.2464601695537567,0.5569999814033508,0.17030000686645508
YER148W,YOR110W,1,-6.014602,0.2467934489250183,0.5580000281333923,0.17030000686645508
YMR276W,YIL021W,0,-6.014612,0.24668435752391815,0.5580000281333923,0.1703999936580658
YPL115C,YPL224C,0,-6.0147986,0.24657534062862396,0.5580000281333923,0.1704999953508377
YIR033W,YDL235C,0,-6.015375,0.24646642804145813,0.5580000281333923,0.17059999704360962
YPL115C,YGL195W,0,-6.0154147,0.24635761976242065,0.5580000281333923,0.17069999873638153
YLR309C,YOL042W,0,-6.015644,0.24624890089035034,0.5580000281333923,0.17080000042915344
YDR122W,YMR047C,0,-6.015956,0.2461402714252472,0.5580000281333923,0.17090000212192535
YDR240C,YOR313C,0,-6.0159636,0.2460317462682724,0.5580000281333923,0.17100000381469727
YNL172W,YDR202C,0,-6.0160904,0.24592331051826477,0.5580000281333923,0.17110000550746918
YMR208W,YAL035W,0,-6.0161524,0.2458149790763855,0.5580000281333923,0.1712000072002411
YLR314C,YLL061W,0,-6.016381,0.2457067370414734,0.5580000281333923,0.1712999939918518
YKR063C,YDR208W,0,-6.016637,0.24559858441352844,0.5580000281333923,0.17139999568462372
YHR005C,YJR068W,0,-6.017031,0.24549053609371185,0.5580000281333923,0.17149999737739563
YNL136W,YML046W,0,-6.0172334,0.24538259208202362,0.5580000281333923,0.17159999907016754
YOR326W,YLR034C,0,-6.0172763,0.24527472257614136,0.5580000281333923,0.17170000076293945
YEL063C,YER020W,0,-6.017317,0.24516695737838745,0.5580000281333923,0.17180000245571136
YMR298W,YNL206C,0,-6.0173874,0.2450592815876007,0.5580000281333923,0.17190000414848328
YDR106W,YDL235C,0,-6.017414,0.24495171010494232,0.5580000281333923,0.1720000058412552
YBR110W,YMR048W,0,-6.0174313,0.2448442280292511,0.5580000281333923,0.1720999926328659
YNL231C,YKL051W,0,-6.017647,0.24473683536052704,0.5580000281333923,0.17219999432563782
YOR241W,YBR097W,0,-6.0179186,0.24462954699993134,0.5580000281333923,0.17229999601840973
YFL055W,YCR061W,0,-6.017995,0.2445223480463028,0.5580000281333923,0.17239999771118164
YJR139C,YDL235C,0,-6.018253,0.24441523849964142,0.5580000281333923,0.17249999940395355
YKR061W,YAL016W,0,-6.018429,0.2443082332611084,0.5580000281333923,0.17260000109672546
YEL034W,YNL098C,0,-6.018433,0.24420131742954254,0.5580000281333923,0.17270000278949738
YER028C,YIL143C,1,-6.018466,0.24453192949295044,0.5590000152587891,0.17270000278949738
YDR461W,YGL014W,0,-6.018533,0.24442501366138458,0.5590000152587891,0.1728000044822693
YBR272C,YDR335W,0,-6.018667,0.2443181872367859,0.5590000152587891,0.1729000061750412
YMR162C,YEL017C-A,0,-6.018757,0.24421145021915436,0.5590000152587891,0.17299999296665192
YJR092W,YLL003W,0,-6.018763,0.24410480260849,0.5590000152587891,0.17309999465942383
YDL143W,YCL031C,0,-6.01887,0.24399825930595398,0.5590000152587891,0.17319999635219574
YBL102W,YOR132W,0,-6.019051,0.24389179050922394,0.5590000152587891,0.17329999804496765
YGL207W,YAL001C,1,-6.019265,0.2442215383052826,0.5600000023841858,0.17329999804496765
YDR151C,YFL005W,0,-6.0196986,0.24411508440971375,0.5600000023841858,0.17339999973773956
YLR385C,YGL210W,0,-6.0201306,0.24400871992111206,0.5600000023841858,0.17350000143051147
YGR202C,YBR082C,0,-6.020628,0.24390244483947754,0.5600000023841858,0.1736000031232834
YGL194C,YPL085W,0,-6.020783,0.24379625916481018,0.5600000023841858,0.1737000048160553
YGL003C,YHL020C,0,-6.0208974,0.24369016289710999,0.5600000023841858,0.1738000065088272
YER171W,YGR186W,1,-6.0211425,0.24401913583278656,0.5609999895095825,0.1738000065088272
YER030W,YIR026C,0,-6.021224,0.24391303956508636,0.5609999895095825,0.17389999330043793
YAL032C,YLR453C,0,-6.0213695,0.24380704760551453,0.5609999895095825,0.17399999499320984
YGR274C,YPL129W,1,-6.0215244,0.2441355288028717,0.5619999766349792,0.17399999499320984
YNL064C,YDR545W,0,-6.0216904,0.24402952194213867,0.5619999766349792,0.17409999668598175
YMR292W,YBR275C,0,-6.0221,0.2439236044883728,0.5619999766349792,0.17419999837875366
YER083C,YMR311C,0,-6.0224657,0.2438177913427353,0.5619999766349792,0.17430000007152557
YLR007W,YDR407C,0,-6.022971,0.24371205270290375,0.5619999766349792,0.17440000176429749
YNL014W,YOL112W,0,-6.023211,0.24360641837120056,0.5619999766349792,0.1745000034570694
YDR158W,YFL018C,0,-6.023267,0.24350087344646454,0.5619999766349792,0.1746000051498413
YPL159C,YML092C,0,-6.023486,0.24339540302753448,0.5619999766349792,0.17470000684261322
YBL055C,YDR131C,0,-6.023631,0.2432900369167328,0.5619999766349792,0.17479999363422394
YPL008W,YPR181C,0,-6.0237556,0.24318477511405945,0.5619999766349792,0.17489999532699585
YGR246C,YER171W,1,-6.023758,0.2435121089220047,0.5630000233650208,0.17489999532699585
YGL027C,YBR260C,0,-6.0241055,0.24340683221817017,0.5630000233650208,0.17499999701976776
YKR066C,YEL020W-A,0,-6.024207,0.2433016449213028,0.5630000233650208,0.17509999871253967
YGL195W,YGR056W,0,-6.024411,0.2431965470314026,0.5630000233650208,0.17520000040531158
YDR179C,YLR298C,0,-6.024448,0.24309153854846954,0.5630000233650208,0.1753000020980835
YBR042C,YBL007C,0,-6.025132,0.24298661947250366,0.5630000233650208,0.1754000037908554
YIL084C,YDR246W,0,-6.025291,0.24288178980350494,0.5630000233650208,0.17550000548362732
YGR238C,YDL105W,0,-6.025381,0.24277706444263458,0.5630000233650208,0.17560000717639923
YML069W,YPL129W,1,-6.0255957,0.24310344457626343,0.5640000104904175,0.17560000717639923
YBR177C,YCL008C,0,-6.0256023,0.24299870431423187,0.5640000104904175,0.17569999396800995
YOL080C,YPR102C,0,-6.025982,0.24289405345916748,0.5640000104904175,0.17579999566078186
YDR419W,YER180C-A,0,-6.026002,0.24278949201107025,0.5640000104904175,0.17589999735355377
YIR028W,YGR080W,0,-6.0260334,0.24268501996994019,0.5640000104904175,0.17599999904632568
YGL105W,YBR188C,0,-6.0260925,0.24258065223693848,0.5640000104904175,0.1761000007390976
YMR212C,YOR047C,0,-6.026284,0.24247635900974274,0.5640000104904175,0.1762000024318695
YDL097C,YFL058W,0,-6.0263577,0.24237215518951416,0.5640000104904175,0.17630000412464142
YGL048C,YFL058W,0,-6.0266953,0.24226804077625275,0.5640000104904175,0.17640000581741333
YOR316C,YJR160C,0,-6.0268126,0.2421640157699585,0.5640000104904175,0.17649999260902405
YML069W,YER148W,1,-6.026922,0.2424892634153366,0.5649999976158142,0.17649999260902405
YKR055W,YLR452C,0,-6.027059,0.24238523840904236,0.5649999976158142,0.17659999430179596
YDR150W,YDR189W,0,-6.027079,0.24228130280971527,0.5649999976158142,0.17669999599456787
YOR346W,YLR371W,0,-6.0274415,0.24217745661735535,0.5649999976158142,0.17679999768733978
YJL071W,YGL155W,0,-6.027556,0.24207369983196259,0.5649999976158142,0.1768999993801117
YBR155W,YBR100W,0,-6.0281763,0.2419700175523758,0.5649999976158142,0.1770000010728836
YLR115W,YJR144W,0,-6.028496,0.24186643958091736,0.5649999976158142,0.17710000276565552
YAL032C,YHR161C,0,-6.0285654,0.2417629510164261,0.5649999976158142,0.17720000445842743
YBL093C,YMR263W,0,-6.028926,0.24165953695774078,0.5649999976158142,0.17730000615119934
YGL094C,YNL214W,0,-6.0289693,0.24155622720718384,0.5649999976158142,0.17739999294281006
YDL243C,YNL243W,0,-6.029006,0.24145299196243286,0.5649999976158142,0.17749999463558197
YJL165C,YKR048C,0,-6.0292153,0.24134984612464905,0.5649999976158142,0.17759999632835388
YNL159C,YKL200C,0,-6.029258,0.2412468045949936,0.5649999976158142,0.1776999980211258
YOR171C,YMR127C,0,-6.0293045,0.2411438375711441,0.5649999976158142,0.1777999997138977
YLR376C,YKL018W,0,-6.0293794,0.24104095995426178,0.5649999976158142,0.17790000140666962
YBL071W-A,YDR004W,0,-6.029653,0.24093817174434662,0.5649999976158142,0.17800000309944153
YOR281C,YML124C,0,-6.0297375,0.24083545804023743,0.5649999976158142,0.17810000479221344
YBR100W,YDL064W,0,-6.029874,0.2407328486442566,0.5649999976158142,0.17820000648498535
YOR346W,YPL237W,0,-6.0303173,0.24063032865524292,0.5649999976158142,0.17829999327659607
YPL208W,YHR012W,0,-6.0304165,0.24052788317203522,0.5649999976158142,0.17839999496936798
YFR040W,YGR111W,0,-6.0304193,0.24042552709579468,0.5649999976158142,0.1784999966621399
YFR009W,YPR132W,0,-6.03086,0.2403232604265213,0.5649999976158142,0.1785999983549118
YCR082W,YDR293C,0,-6.0309687,0.2402210831642151,0.5649999976158142,0.17870000004768372
YGL061C,YOL043C,0,-6.0310383,0.24011899530887604,0.5649999976158142,0.17880000174045563
YOR136W,YJR052W,0,-6.03104,0.24001699686050415,0.5649999976158142,0.17890000343322754
YHR004C,YLR362W,0,-6.031177,0.23991507291793823,0.5649999976158142,0.17900000512599945
YJL085W,YJL102W,0,-6.031502,0.23981323838233948,0.5649999976158142,0.17910000681877136
YKL089W,YPL232W,0,-6.031737,0.23971149325370789,0.5649999976158142,0.17919999361038208
YBL069W,YDR227W,0,-6.0317907,0.23960983753204346,0.5649999976158142,0.179299995303154
YBL003C,YNL110C,0,-6.0320215,0.2395082712173462,0.5649999976158142,0.1793999969959259
YFR027W,YDL105W,0,-6.0321445,0.2394067794084549,0.5649999976158142,0.17949999868869781
YNL039W,YDR079C-A,1,-6.032488,0.2397289276123047,0.5659999847412109,0.17949999868869781
YNL314W,YOL089C,1,-6.0325065,0.240050807595253,0.5669999718666077,0.17949999868869781
YOR304W,YOR160W,0,-6.032755,0.23994921147823334,0.5669999718666077,0.17960000038146973
YPR086W,YPL011C,1,-6.033202,0.240270733833313,0.5680000185966492,0.17960000038146973
YBR040W,YPL269W,0,-6.0332575,0.24016913771629333,0.5680000185966492,0.17970000207424164
YBR199W,YKR086W,0,-6.033574,0.24006763100624084,0.5680000185966492,0.17980000376701355
YER171W,YKL058W,1,-6.0338116,0.2403886765241623,0.5690000057220459,0.17980000376701355
YGR007W,YOL069W,0,-6.034008,0.2402871549129486,0.5690000057220459,0.17990000545978546
YKL170W,YDR207C,0,-6.0340405,0.24018573760986328,0.5690000057220459,0.18000000715255737
YAL015C,YPL138C,0,-6.034102,0.24008439481258392,0.5690000057220459,0.1800999939441681
YPR008W,YKR062W,1,-6.034127,0.2404048889875412,0.5699999928474426,0.1800999939441681
YFL022C,YOL051W,0,-6.0342526,0.24030354619026184,0.5699999928474426,0.18019999563694
YPR008W,YMR227C,1,-6.03439,0.24062368273735046,0.5709999799728394,0.18019999563694
YGL245W,YNL317W,0,-6.0345254,0.2405223250389099,0.5709999799728394,0.18029999732971191
YOR080W,YDR240C,0,-6.034583,0.24042105674743652,0.5709999799728394,0.18039999902248383
YOL088C,YJR156C,0,-6.0346003,0.2403198629617691,0.5709999799728394,0.18050000071525574
YBL046W,YOL102C,0,-6.0347505,0.24021875858306885,0.5709999799728394,0.18060000240802765
YJL134W,YMR190C,0,-6.034848,0.24011774361133575,0.5709999799728394,0.18070000410079956
YDR270W,YOR089C,0,-6.035183,0.24001681804656982,0.5709999799728394,0.18080000579357147
YNL230C,YPR095C,0,-6.0352955,0.23991596698760986,0.5709999799728394,0.1808999925851822
YNL085W,YDR400W,0,-6.035607,0.23981520533561707,0.5709999799728394,0.1809999942779541
YMR044W,YJL025W,0,-6.0357904,0.23971451818943024,0.5709999799728394,0.181099995970726
YDL161W,YMR255W,0,-6.035906,0.23961393535137177,0.5709999799728394,0.18119999766349792
YLR102C,YBR049C,0,-6.035964,0.23951342701911926,0.5709999799728394,0.18129999935626984
YFR029W,YDR356W,0,-6.036025,0.23941299319267273,0.5709999799728394,0.18140000104904175
YDR191W,YLR292C,0,-6.03639,0.23931266367435455,0.5709999799728394,0.18150000274181366
YDL192W,YOR179C,0,-6.036416,0.23921239376068115,0.5709999799728394,0.18160000443458557
YML126C,YCR084C,0,-6.036787,0.2391122281551361,0.5709999799728394,0.18170000612735748
YDR375C,YMR076C,0,-6.037045,0.23901213705539703,0.5709999799728394,0.1817999929189682
YIL033C,YOL088C,0,-6.0371265,0.23891213536262512,0.5709999799728394,0.1818999946117401
YGL003C,YMR030W,0,-6.0373287,0.23881220817565918,0.5709999799728394,0.18199999630451202
YLR362W,YNR006W,0,-6.037332,0.2387123703956604,0.5709999799728394,0.18209999799728394
YGL061C,YLR451W,0,-6.037367,0.23861262202262878,0.5709999799728394,0.18219999969005585
YNL314W,YGR274C,1,-6.0378585,0.23893065750598907,0.5720000267028809,0.18219999969005585
YIL065C,YGL093W,0,-6.037915,0.23883089423179626,0.5720000267028809,0.18230000138282776
YJL036W,YDR306C,0,-6.038179,0.23873122036457062,0.5720000267028809,0.18240000307559967
YIL076W,YGR141W,0,-6.0384645,0.23863162100315094,0.5720000267028809,0.18250000476837158
YPR025C,YGR005C,1,-6.038747,0.23894912004470825,0.5730000138282776,0.18250000476837158
YLR423C,YOR032C,0,-6.038825,0.23884952068328857,0.5730000138282776,0.1826000064611435
YMR042W,YLR442C,0,-6.0389767,0.23874999582767487,0.5730000138282776,0.1826999932527542
YDR126W,YOR338W,0,-6.0390396,0.23865056037902832,0.5730000138282776,0.18279999494552612
YLR129W,YGR094W,0,-6.039238,0.23855121433734894,0.5730000138282776,0.18289999663829803
YJL061W,YLR145W,0,-6.039239,0.23845192790031433,0.5730000138282776,0.18299999833106995
YER146W,YLR448W,0,-6.039278,0.23835274577140808,0.5730000138282776,0.18310000002384186
YPL213W,YNL047C,0,-6.039299,0.2382536381483078,0.5730000138282776,0.18320000171661377
YPL255W,YCR075C,0,-6.0393906,0.23815461993217468,0.5730000138282776,0.18330000340938568
YML069W,YOL067C,1,-6.039518,0.238471120595932,0.5740000009536743,0.18330000340938568
YNL270C,YLR383W,0,-6.0395446,0.2383720874786377,0.5740000009536743,0.1834000051021576
YHR038W,YML109W,0,-6.0400915,0.23827314376831055,0.5740000009536743,0.1835000067949295
YLR459W,YIL075C,0,-6.0401793,0.23817427456378937,0.5740000009536743,0.18359999358654022
YMR165C,YGL167C,0,-6.0402045,0.23807549476623535,0.5740000009536743,0.18369999527931213
YGR276C,YLR268W,0,-6.040437,0.2379767894744873,0.5740000009536743,0.18379999697208405
YMR316W,YOL156W,0,-6.0404873,0.23787815868854523,0.5740000009536743,0.18389999866485596
YEL017C-A,YNL032W,0,-6.0407715,0.2377796173095703,0.5740000009536743,0.18400000035762787
YOR054C,YIL017W,0,-6.0410213,0.23768116533756256,0.5740000009536743,0.18410000205039978
YDL115C,YDL078C,0,-6.0412674,0.23758278787136078,0.5740000009536743,0.1842000037431717
YFL041W,YGR054W,0,-6.0418653,0.23748448491096497,0.5740000009536743,0.1843000054359436
YER142C,YBR058C,0,-6.041932,0.23738627135753632,0.5740000009536743,0.18440000712871552
YDR487C,YPR133W-A,0,-6.0420895,0.23728813230991364,0.5740000009536743,0.18449999392032623
YBR236C,YIL034C,0,-6.0423493,0.23719008266925812,0.5740000009536743,0.18459999561309814
YNL314W,YGL207W,1,-6.042515,0.23750516772270203,0.574999988079071,0.18459999561309814
YKL001C,YHL036W,0,-6.0425844,0.23740710318088531,0.574999988079071,0.18469999730587006
YNR016C,YOR031W,0,-6.042904,0.23730912804603577,0.574999988079071,0.18479999899864197
YNL101W,YNL131W,0,-6.042921,0.2372112274169922,0.574999988079071,0.18490000069141388
YNL222W,YGR005C,1,-6.0429306,0.23752577602863312,0.5759999752044678,0.18490000069141388
YNL039W,YGR005C,1,-6.0430098,0.23784007132053375,0.5770000219345093,0.18490000069141388
YGR246C,YPR186C,1,-6.0432253,0.2381540983915329,0.578000009059906,0.18490000069141388
YKL007W,YDR141C,0,-6.043289,0.238056018948555,0.578000009059906,0.1850000023841858
YBR008C,YPL244C,0,-6.043378,0.23795801401138306,0.578000009059906,0.1851000040769577
YIL046W,YLR254C,0,-6.0438643,0.2378600835800171,0.578000009059906,0.18520000576972961
YNL245C,YNL139C,0,-6.04405,0.2377622425556183,0.578000009059906,0.18529999256134033
YFL021W,YBR123C,1,-6.0442476,0.23807565867900848,0.5789999961853027,0.18529999256134033
YFL021W,YMR227C,1,-6.044385,0.2383888214826584,0.5799999833106995,0.18529999256134033
YIL036W,YKL058W,1,-6.044409,0.238701730966568,0.5809999704360962,0.18529999256134033
YGR140W,YNR010W,0,-6.044794,0.23860369622707367,0.5809999704360962,0.18539999425411224
YPL217C,YPR189W,0,-6.045104,0.2385057508945465,0.5809999704360962,0.18549999594688416
YGR199W,YER075C,0,-6.0451665,0.23840788006782532,0.5809999704360962,0.18559999763965607
YPR002W,YDR363W-A,0,-6.0452375,0.2383100837469101,0.5809999704360962,0.18569999933242798
YLR116W,YDL195W,0,-6.045457,0.23821237683296204,0.5809999704360962,0.1858000010251999
YML069W,YML015C,1,-6.0454774,0.23852458596229553,0.5820000171661377,0.1858000010251999
YKR082W,YCR008W,0,-6.045493,0.23842687904834747,0.5820000171661377,0.1859000027179718
YNL080C,YNR032C-A,0,-6.0455413,0.2383292317390442,0.5820000171661377,0.1860000044107437
YGR220C,YMR125W,0,-6.045904,0.23823168873786926,0.5820000171661377,0.18610000610351562
YPR093C,YER018C,0,-6.0461693,0.2381342053413391,0.5820000171661377,0.18619999289512634
YDL007W,YOR305W,0,-6.0463676,0.23803681135177612,0.5820000171661377,0.18629999458789825
YER040W,YGR080W,0,-6.046399,0.2379394918680191,0.5820000171661377,0.18639999628067017
YLR145W,YGL049C,0,-6.0470314,0.23784226179122925,0.5820000171661377,0.18649999797344208
YDR116C,YMR260C,0,-6.047036,0.23774509131908417,0.5820000171661377,0.186599999666214
YPR186C,YGL207W,1,-6.047078,0.23805634677410126,0.5830000042915344,0.186599999666214
YMR184W,YLR165C,0,-6.047183,0.23795917630195618,0.5830000042915344,0.1867000013589859
YPR005C,YFR031C,0,-6.047198,0.23786209523677826,0.5830000042915344,0.1868000030517578
YDR375C,YCL004W,0,-6.047247,0.2377650886774063,0.5830000042915344,0.18690000474452972
YGL032C,YJR050W,0,-6.047283,0.23766815662384033,0.5830000042915344,0.18700000643730164
YDL175C,YHR079C,0,-6.0473647,0.23757131397724152,0.5830000042915344,0.18709999322891235
YNL102W,YEL002C,0,-6.0475492,0.23747454583644867,0.5830000042915344,0.18719999492168427
YHL047C,YGL227W,0,-6.0479736,0.2373778522014618,0.5830000042915344,0.18729999661445618
YER133W,YGL246C,0,-6.048188,0.23728123307228088,0.5830000042915344,0.1873999983072281
YNL102W,YLR262C,0,-6.0483456,0.23718470335006714,0.5830000042915344,0.1875
YNR002C,YDR164C,0,-6.048591,0.23708824813365936,0.5830000042915344,0.1876000016927719
YJR047C,YBL040C,0,-6.0486326,0.23699186742305756,0.5830000042915344,0.18770000338554382
YNL257C,YGR274C,1,-6.0487022,0.23730191588401794,0.5839999914169312,0.18770000338554382
YOL010W,YNL244C,0,-6.0488625,0.23720552027225494,0.5839999914169312,0.18780000507831573
YMR301C,YGR123C,0,-6.0488796,0.2371092140674591,0.5839999914169312,0.18790000677108765
YOR038C,YGR296W,0,-6.0490403,0.23701298236846924,0.5839999914169312,0.18799999356269836
YBL074C,YJL065C,0,-6.049449,0.23691684007644653,0.5839999914169312,0.18809999525547028
YDR365C,YHL003C,0,-6.050087,0.2368207573890686,0.5839999914169312,0.1881999969482422
YPR025C,YGL207W,1,-6.0502286,0.23713012039661407,0.5849999785423279,0.1881999969482422
YER148W,YML015C,1,-6.0503945,0.23743921518325806,0.5860000252723694,0.1881999969482422
YKL204W,YDL006W,0,-6.050687,0.23734305799007416,0.5860000252723694,0.1882999986410141
YDR028C,YGR180C,0,-6.050793,0.23724696040153503,0.5860000252723694,0.188400000333786
YDR166C,YKR060W,0,-6.050873,0.23715095221996307,0.5860000252723694,0.18850000202655792
YOR094W,YDL002C,0,-6.051153,0.23705501854419708,0.5860000252723694,0.18860000371932983
YPL069C,YDR054C,0,-6.0513506,0.23695915937423706,0.5860000252723694,0.18870000541210175
YBR123C,YKL058W,1,-6.051375,0.23726758360862732,0.5870000123977661,0.18870000541210175
YKL008C,YOR327C,0,-6.051465,0.2371717244386673,0.5870000123977661,0.18880000710487366
YPL115C,YAL035W,0,-6.0516233,0.23707592487335205,0.5870000123977661,0.18889999389648438
YPR025C,YGR047C,1,-6.0517592,0.23738393187522888,0.5879999995231628,0.18889999389648438
YBL084C,YPL124W,0,-6.051861,0.23728813230991364,0.5879999995231628,0.1889999955892563
YAR019C,YMR073C,0,-6.0519314,0.23719242215156555,0.5879999995231628,0.1890999972820282
YNL222W,YPR086W,1,-6.052056,0.23749999701976776,0.5889999866485596,0.1890999972820282
YDL195W,YJR066W,0,-6.0521913,0.23740427196025848,0.5889999866485596,0.1891999989748001
YBR207W,YJR104C,0,-6.0523653,0.23730862140655518,0.5889999866485596,0.18930000066757202
YPL011C,YDR079C-A,1,-6.0526643,0.23761579394340515,0.5899999737739563,0.18930000066757202
YNL256W,YBL025W,0,-6.052789,0.23752012848854065,0.5899999737739563,0.18940000236034393
YPL008W,YNL207W,0,-6.05284,0.2374245524406433,0.5899999737739563,0.18950000405311584
YDR481C,YGR020C,0,-6.0532517,0.23732903599739075,0.5899999737739563,0.18960000574588776
YCR075C,YER012W,0,-6.0534506,0.23723360896110535,0.5899999737739563,0.18970000743865967
YDR093W,YNL239W,0,-6.0534797,0.23713825643062592,0.5899999737739563,0.18979999423027039
YJL020C,YOR129C,0,-6.0536494,0.23704299330711365,0.5899999737739563,0.1898999959230423
YMR240C,YGR095C,0,-6.053736,0.23694778978824615,0.5899999737739563,0.1899999976158142
YIL061C,YLR130C,0,-6.0537453,0.23685267567634583,0.5899999737739563,0.19009999930858612
YIL036W,YGR047C,1,-6.0549245,0.2371589094400406,0.5910000205039978,0.19009999930858612
YDL058W,YPL087W,0,-6.0549555,0.23706378042697906,0.5910000205039978,0.19020000100135803
YIR006C,YPL203W,0,-6.0550237,0.2369687259197235,0.5910000205039978,0.19030000269412994
YDR469W,YDR416W,0,-6.055024,0.23687374591827393,0.5910000205039978,0.19040000438690186
YBR119W,YGR229C,0,-6.0550556,0.2367788404226303,0.5910000205039978,0.19050000607967377
YPL169C,YKR022C,0,-6.0552034,0.23668402433395386,0.5910000205039978,0.19059999287128448
YDR448W,YBL006C,0,-6.055499,0.23658926784992218,0.5910000205039978,0.1906999945640564
YJL173C,YPL232W,0,-6.055591,0.23649460077285767,0.5910000205039978,0.1907999962568283
YMR238W,YOR338W,0,-6.055636,0.23639999330043793,0.5910000205039978,0.19089999794960022
YJL092W,YKL095W,0,-6.056019,0.23630547523498535,0.5910000205039978,0.19099999964237213
YNL039W,YGL166W,1,-6.0561886,0.23661071062088013,0.5920000076293945,0.19099999964237213
YOR014W,YGR074W,0,-6.056639,0.23651617765426636,0.5920000076293945,0.19110000133514404
YNL166C,YKL186C,0,-6.0566864,0.23642171919345856,0.5920000076293945,0.19120000302791595
YKL148C,YJR120W,0,-6.0569224,0.23632735013961792,0.5920000076293945,0.19130000472068787
YHR164C,YBR168W,0,-6.0569353,0.23623304069042206,0.5920000076293945,0.19140000641345978
YDR150W,YDR078C,0,-6.0570097,0.23613880574703217,0.5920000076293945,0.1914999932050705
YCL061C,YBR082C,0,-6.0570364,0.23604466021060944,0.5920000076293945,0.1915999948978424
YMR059W,YMR005W,0,-6.0571175,0.23595057427883148,0.5920000076293945,0.19169999659061432
YIL142W,YPL091W,0,-6.0571837,0.2358565777540207,0.5920000076293945,0.19179999828338623
YPL115C,YBR042C,0,-6.0572743,0.23576264083385468,0.5920000076293945,0.19189999997615814
YPL018W,YOR043W,0,-6.0574274,0.23566879332065582,0.5920000076293945,0.19200000166893005
YMR022W,YGR099W,0,-6.0575256,0.23557500541210175,0.5920000076293945,0.19210000336170197
YJL209W,YLR401C,0,-6.0576773,0.23548130691051483,0.5920000076293945,0.19220000505447388
YBR160W,YLL021W,0,-6.057785,0.2353876680135727,0.5920000076293945,0.1923000067472458
YGR167W,YNL339C,0,-6.0579886,0.23529411852359772,0.5920000076293945,0.1923999935388565
YHR152W,YGL212W,0,-6.05809,0.23520062863826752,0.5920000076293945,0.19249999523162842
YNL006W,YNL231C,0,-6.058134,0.23510722815990448,0.5920000076293945,0.19259999692440033
YIL142W,YOL009C,0,-6.0583744,0.23501388728618622,0.5920000076293945,0.19269999861717224
YAL034W-A,YOL102C,0,-6.058783,0.23492063581943512,0.5920000076293945,0.19280000030994415
YMR213W,YOR349W,0,-6.0591564,0.2348274439573288,0.5920000076293945,0.19290000200271606
YBL017C,YLR292C,0,-6.0594473,0.23473434150218964,0.5920000076293945,0.19300000369548798
YPL008W,YGR200C,0,-6.0595484,0.23464129865169525,0.5920000076293945,0.1931000053882599
YMR220W,YOR085W,0,-6.059576,0.23454833030700684,0.5920000076293945,0.1932000070810318
YML014W,YFL038C,0,-6.059738,0.23445545136928558,0.5920000076293945,0.19329999387264252
YDL153C,YGR272C,0,-6.0597873,0.2343626320362091,0.5920000076293945,0.19339999556541443
YPR008W,YER171W,1,-6.059807,0.2346656173467636,0.5929999947547913,0.19339999556541443
YLR380W,YDR388W,0,-6.060001,0.23457278311252594,0.5929999947547913,0.19349999725818634
YPR086W,YCR042C,1,-6.0600395,0.23487544059753418,0.593999981880188,0.19349999725818634
YBR289W,YKR031C,0,-6.060171,0.2347826063632965,0.593999981880188,0.19359999895095825
YGL051W,YOL004W,0,-6.0609055,0.2346898466348648,0.593999981880188,0.19370000064373016
YPL202C,YML069W,1,-6.060998,0.2349921017885208,0.5950000286102295,0.19370000064373016
YPL202C,YNL039W,1,-6.061025,0.23529411852359772,0.5960000157356262,0.19370000064373016
YCR002C,YBR024W,0,-6.0613613,0.23520126938819885,0.5960000157356262,0.19380000233650208
YBR186W,YNL317W,0,-6.0613995,0.23510847985744476,0.5960000157356262,0.193900004029274
YNL188W,YKL059C,0,-6.061472,0.23501577973365784,0.5960000157356262,0.1940000057220459
YPR186C,YGR047C,1,-6.061819,0.23531730473041534,0.597000002861023,0.1940000057220459
YGR047C,YGR186W,1,-6.061927,0.23561859130859375,0.5979999899864197,0.1940000057220459
YNL039W,YOR194C,1,-6.062049,0.23591965436935425,0.5989999771118164,0.1940000057220459
YMR280C,YFL013C,0,-6.062145,0.235826775431633,0.5989999771118164,0.1941000074148178
YPL267W,YML052W,0,-6.0626636,0.23573395609855652,0.5989999771118164,0.19419999420642853
YOL026C,YGL227W,0,-6.0627227,0.2356412261724472,0.5989999771118164,0.19429999589920044
YDL192W,YMR059W,0,-6.063292,0.23554857075214386,0.5989999771118164,0.19439999759197235
YCR012W,YOR182C,0,-6.0633698,0.2354559749364853,0.5989999771118164,0.19449999928474426
YMR292W,YER018C,0,-6.0633936,0.2353634536266327,0.5989999771118164,0.19460000097751617
YDL003W,YGL213C,0,-6.064237,0.23527100682258606,0.5989999771118164,0.19470000267028809
YDR060W,YDR381W,0,-6.0642986,0.2351786345243454,0.5989999771118164,0.19480000436306
YLR424W,YLR240W,0,-6.0644984,0.2350863367319107,0.5989999771118164,0.1949000060558319
YNL314W,YPR056W,1,-6.0647373,0.2353864312171936,0.6000000238418579,0.1949000060558319
YGL130W,YFR009W,0,-6.0647545,0.23529411852359772,0.6000000238418579,0.19499999284744263
YLR170C,YNL243W,0,-6.0648456,0.2352018803358078,0.6000000238418579,0.19509999454021454
YJR078W,YNL142W,0,-6.064847,0.23510971665382385,0.6000000238418579,0.19519999623298645
YGR224W,YOR179C,0,-6.0648556,0.23501762747764587,0.6000000238418579,0.19529999792575836
YOR259C,YHR119W,0,-6.065385,0.23492561280727386,0.6000000238418579,0.19539999961853027
YPL129W,YCR042C,1,-6.0656185,0.23522505164146423,0.6010000109672546,0.19539999961853027
YFL025C,YPR193C,0,-6.0660286,0.23513302206993103,0.6010000109672546,0.19550000131130219
YCR075C,YJL073W,0,-6.066142,0.2350410670042038,0.6010000109672546,0.1956000030040741
YML121W,YIR006C,0,-6.0668955,0.23494918644428253,0.6010000109672546,0.195700004696846
YGR006W,YNL206C,0,-6.067073,0.23485736548900604,0.6010000109672546,0.19580000638961792
YOR281C,YGL233W,0,-6.0674353,0.23476561903953552,0.6010000109672546,0.19589999318122864
YGL044C,YDR189W,0,-6.067544,0.23467396199703217,0.6010000109672546,0.19599999487400055
YOL067C,YBR123C,1,-6.067685,0.23497267067432404,0.6019999980926514,0.19599999487400055
YDR039C,YDR192C,0,-6.0678186,0.23488099873065948,0.6019999980926514,0.19609999656677246
YOR259C,YGL208W,0,-6.0679426,0.2347893863916397,0.6019999980926514,0.19619999825954437
YLR397C,YIL030C,0,-6.068047,0.2346978485584259,0.6019999980926514,0.19629999995231628
YMR168C,YJR126C,0,-6.0680485,0.23460638523101807,0.6019999980926514,0.1964000016450882
YGL166W,YGL112C,1,-6.068056,0.23490455746650696,0.6029999852180481,0.1964000016450882
YAL056W,YPR067W,0,-6.0680933,0.23481307923793793,0.6029999852180481,0.1965000033378601
YKL176C,YDL224C,0,-6.068142,0.23472167551517487,0.6029999852180481,0.19660000503063202
YOR351C,YER154W,0,-6.068181,0.23463034629821777,0.6029999852180481,0.19670000672340393
YMR140W,YMR197C,0,-6.0682817,0.23453909158706665,0.6029999852180481,0.19679999351501465
YER179W,YPR198W,0,-6.068367,0.2344478964805603,0.6029999852180481,0.19689999520778656
YGL166W,YKR062W,1,-6.068641,0.23474542796611786,0.6039999723434448,0.19689999520778656
YJR001W,YLR310C,0,-6.0686746,0.2346542328596115,0.6039999723434448,0.19699999690055847
YLR380W,YJL085W,0,-6.068775,0.23456311225891113,0.6039999723434448,0.19709999859333038
YKL200C,YGL093W,0,-6.0688086,0.23447205126285553,0.6039999723434448,0.1972000002861023
YMR119W,YHR091C,0,-6.06894,0.2343810647726059,0.6039999723434448,0.1973000019788742
YOR030W,YJL165C,0,-6.068944,0.23429015278816223,0.6039999723434448,0.19740000367164612
YMR247C,YMR260C,0,-6.069158,0.23419930040836334,0.6039999723434448,0.19750000536441803
YDR457W,YCR083W,0,-6.0692616,0.23410852253437042,0.6039999723434448,0.19760000705718994
YPR019W,YML120C,0,-6.0693007,0.23401781916618347,0.6039999723434448,0.19769999384880066
YOR299W,YNL090W,0,-6.069344,0.2339271903038025,0.6039999723434448,0.19779999554157257
YOR119C,YJL140W,0,-6.0694,0.23383662104606628,0.6039999723434448,0.19789999723434448
YKL073W,YLR332W,0,-6.069467,0.23374612629413605,0.6039999723434448,0.1979999989271164
YOR034C,YLR166C,0,-6.0696573,0.23365570604801178,0.6039999723434448,0.1981000006198883
YER148W,YPR086W,1,-6.0696964,0.23395204544067383,0.6050000190734863,0.1981000006198883
YML098W,YKR062W,1,-6.069873,0.23424816131591797,0.6060000061988831,0.1981000006198883
YMR301C,YDR212W,0,-6.0700684,0.23415765166282654,0.6060000061988831,0.19820000231266022
YBR065C,YDR219C,0,-6.070368,0.23406720161437988,0.6060000061988831,0.19830000400543213
YER162C,YHR039C-B,0,-6.070932,0.2339768409729004,0.6060000061988831,0.19840000569820404
YER028C,YDR079C-A,1,-6.070985,0.23427248001098633,0.6069999933242798,0.19840000569820404
YKR066C,YER180C-A,0,-6.071019,0.23418210446834564,0.6069999933242798,0.19850000739097595
YGR186W,YKL058W,1,-6.071264,0.2344774454832077,0.6079999804496765,0.19850000739097595
YKL012W,YFL005W,0,-6.07152,0.23438704013824463,0.6079999804496765,0.19859999418258667
YOL017W,YML027W,0,-6.0715475,0.23429672420024872,0.6079999804496765,0.19869999587535858
YKL073W,YOR351C,0,-6.0716143,0.23420646786689758,0.6079999804496765,0.1987999975681305
YGL238W,YDL005C,0,-6.0716667,0.23411628603935242,0.6079999804496765,0.1988999992609024
YMR287C,YLR438C-A,0,-6.071704,0.23402617871761322,0.6079999804496765,0.19900000095367432
YJL036W,YLR337W,0,-6.0719366,0.2339361310005188,0.6079999804496765,0.19910000264644623
YLR215C,YJL035C,0,-6.0719733,0.23384615778923035,0.6079999804496765,0.19920000433921814
YLR100W,YGR099W,0,-6.0720487,0.23375624418258667,0.6079999804496765,0.19930000603199005
YPL192C,YKR101W,0,-6.072101,0.23366640508174896,0.6079999804496765,0.19939999282360077
YPL084W,YLR259C,0,-6.0721436,0.23357664048671722,0.6079999804496765,0.19949999451637268
YOL089C,YKL058W,1,-6.072153,0.2338709682226181,0.609000027179718,0.19949999451637268
YBR265W,YCL005W-A,0,-6.0721607,0.23378118872642517,0.609000027179718,0.1995999962091446
YBR236C,YNL133C,0,-6.0726404,0.2336914837360382,0.609000027179718,0.1996999979019165
YIL036W,YPL011C,1,-6.0726924,0.23398542404174805,0.6100000143051147,0.1996999979019165
YBR041W,YPL258C,0,-6.072731,0.2338957041501999,0.6100000143051147,0.19979999959468842
YMR023C,YNR011C,0,-6.07275,0.2338060587644577,0.6100000143051147,0.19990000128746033
YPL015C,YDR456W,0,-6.0729,0.2337164729833603,0.6100000143051147,0.20000000298023224
YGR202C,YBR167C,0,-6.0729666,0.23362696170806885,0.6100000143051147,0.20010000467300415
YFL013C,YML025C,0,-6.0732994,0.23353752493858337,0.6100000143051147,0.20020000636577606
YGR166W,YPR133C,0,-6.07342,0.23344814777374268,0.6100000143051147,0.20029999315738678
YIL115C,YHR167W,0,-6.0736237,0.23335883021354675,0.6100000143051147,0.2003999948501587
YPR093C,YLR330W,0,-6.073641,0.233269602060318,0.6100000143051147,0.2004999965429306
YNL166C,YDR279W,0,-6.0736628,0.233180433511734,0.6100000143051147,0.20059999823570251
YBR017C,YLR020C,0,-6.074017,0.2330913245677948,0.6100000143051147,0.20069999992847443
YCL051W,YLR105C,0,-6.0745025,0.23300229012966156,0.6100000143051147,0.20080000162124634
YDR060W,YGR095C,0,-6.074952,0.2329133301973343,0.6100000143051147,0.20090000331401825
YGL003C,YJL035C,0,-6.0750484,0.2328244298696518,0.6100000143051147,0.20100000500679016
YGR070W,YBL058W,0,-6.075083,0.23273560404777527,0.6100000143051147,0.20110000669956207
YCR040W,YFL017W-A,0,-6.0752726,0.23264683783054352,0.6100000143051147,0.2011999934911728
YJL134W,YPL020C,0,-6.075449,0.23255814611911774,0.6100000143051147,0.2012999951839447
YGR157W,YLR378C,0,-6.0756545,0.23246951401233673,0.6100000143051147,0.2013999968767166
YDR245W,YDL140C,0,-6.075659,0.2323809564113617,0.6100000143051147,0.20149999856948853
YPR199C,YDR329C,0,-6.0757303,0.23229245841503143,0.6100000143051147,0.20160000026226044
YGL119W,YGL047W,0,-6.075947,0.23220403492450714,0.6100000143051147,0.20170000195503235
YMR267W,YNL126W,0,-6.07596,0.23211567103862762,0.6100000143051147,0.20180000364780426
YPL049C,YLR246W,0,-6.076027,0.23202738165855408,0.6100000143051147,0.20190000534057617
YDR247W,YMR197C,0,-6.0765834,0.2319391667842865,0.6100000143051147,0.20200000703334808
YIL125W,YBR012W-B,0,-6.076597,0.2318510115146637,0.6100000143051147,0.2020999938249588
YNL219C,YJR089W,0,-6.076687,0.23176291584968567,0.6100000143051147,0.2021999955177307
YPR185W,YMR250W,0,-6.0770235,0.2316748946905136,0.6100000143051147,0.20229999721050262
YGL168W,YOR363C,0,-6.0774055,0.23158693313598633,0.6100000143051147,0.20239999890327454
YER016W,YFL004W,0,-6.0780344,0.23149904608726501,0.6100000143051147,0.20250000059604645
YGL207W,YDR079C-A,1,-6.0780516,0.23179058730602264,0.6110000014305115,0.20250000059604645
YNL042W,YMR044W,0,-6.0786166,0.23170268535614014,0.6110000014305115,0.20260000228881836
YMR316W,YPL203W,0,-6.078877,0.2316148579120636,0.6110000014305115,0.20270000398159027
YMR044W,YER112W,0,-6.078973,0.23152709007263184,0.6110000014305115,0.20280000567436218
YOR330C,YPR198W,0,-6.0791497,0.23143939673900604,0.6110000014305115,0.2029000073671341
YMR200W,YKL203C,0,-6.0792565,0.23135176301002502,0.6110000014305115,0.2029999941587448
YKR095W,YMR293C,0,-6.0793076,0.23126418888568878,0.6110000014305115,0.20309999585151672
YDR054C,YEL003W,0,-6.0793223,0.2311766892671585,0.6110000014305115,0.20319999754428864
YMR048W,YJL091C,0,-6.0794144,0.2310892641544342,0.6110000014305115,0.20329999923706055
YKR066C,YMR272C,0,-6.079444,0.23100188374519348,0.6110000014305115,0.20340000092983246
YJL003W,YJR110W,0,-6.0794983,0.23091459274291992,0.6110000014305115,0.20350000262260437
YNL065W,YBL069W,0,-6.0797906,0.23082734644412994,0.6110000014305115,0.20360000431537628
YLR155C,YCL005W-A,0,-6.0800066,0.23074017465114594,0.6110000014305115,0.2037000060081482
YHR011W,YJL167W,0,-6.0800915,0.2306530773639679,0.6110000014305115,0.2037999927997589
YGL226C-A,YHR083W,0,-6.0802865,0.23056603968143463,0.6110000014305115,0.20389999449253082
YER095W,YCL063W,0,-6.080468,0.23047906160354614,0.6110000014305115,0.20399999618530273
YFL038C,YNL304W,0,-6.0806985,0.23039215803146362,0.6110000014305115,0.20409999787807465
YNL029C,YDR142C,0,-6.080819,0.23030531406402588,0.6110000014305115,0.20419999957084656
YKL190W,YDL109C,0,-6.0809035,0.2302185446023941,0.6110000014305115,0.20430000126361847
YBR042C,YKL088W,0,-6.0812254,0.2301318198442459,0.6110000014305115,0.20440000295639038
YIL046W,YMR004W,0,-6.081441,0.23004518449306488,0.6110000014305115,0.2045000046491623
YJL014W,YPR094W,0,-6.0814734,0.22995859384536743,0.6110000014305115,0.2046000063419342
YDL155W,YHR165C,0,-6.08171,0.22987207770347595,0.6110000014305115,0.20469999313354492
YJR070C,YBR143C,0,-6.082103,0.22978563606739044,0.6110000014305115,0.20479999482631683
YNL139C,YFR037C,0,-6.0822134,0.2296992540359497,0.6110000014305115,0.20489999651908875
YOR038C,YGL093W,0,-6.0823913,0.22961293160915375,0.6110000014305115,0.20499999821186066
YAL029C,YFR029W,0,-6.082645,0.22952666878700256,0.6110000014305115,0.20509999990463257
YDR141C,YBR111W-A,0,-6.08287,0.22944048047065735,0.6110000014305115,0.20520000159740448
YPR179C,YOR305W,0,-6.082942,0.2293543517589569,0.6110000014305115,0.2053000032901764
YIL026C,YMR125W,0,-6.082962,0.22926829755306244,0.6110000014305115,0.2054000049829483
YGL254W,YJR013W,0,-6.0831375,0.22918230295181274,0.6110000014305115,0.20550000667572021
YBR017C,YKR085C,0,-6.083825,0.22909636795520782,0.6110000014305115,0.20559999346733093
YPR051W,YDL084W,0,-6.0838695,0.22901049256324768,0.6110000014305115,0.20569999516010284
YDR093W,YDR281C,0,-6.0840235,0.2289246916770935,0.6110000014305115,0.20579999685287476
YKR068C,YLR256W,0,-6.084058,0.2288389503955841,0.6110000014305115,0.20589999854564667
YML098W,YPL122C,1,-6.0841336,0.2291276603937149,0.6119999885559082,0.20589999854564667
YOL089C,YMR227C,1,-6.0841894,0.229416161775589,0.6129999756813049,0.20589999854564667
YMR188C,YNL243W,0,-6.084203,0.22933034598827362,0.6129999756813049,0.20600000023841858
YNL014W,YDR288W,0,-6.0844564,0.22924457490444183,0.6129999756813049,0.2061000019311905
YML095C,YGL058W,0,-6.0844812,0.22915887832641602,0.6129999756813049,0.2062000036239624
YHR059W,YBR034C,0,-6.0845256,0.22907324135303497,0.6129999756813049,0.20630000531673431
YGL254W,YGR238C,0,-6.0846367,0.2289876788854599,0.6129999756813049,0.20640000700950623
YDL188C,YMR216C,0,-6.0847187,0.2289021611213684,0.6129999756813049,0.20649999380111694
YNL242W,YOL013C,0,-6.0847974,0.22881671786308289,0.6129999756813049,0.20659999549388885
YIL143C,YGR274C,1,-6.085127,0.22910447418689728,0.6140000224113464,0.20659999549388885
YML071C,YNL246W,0,-6.0853066,0.22901901602745056,0.6140000224113464,0.20669999718666077
YOL095C,YCR044C,0,-6.0853467,0.22893363237380981,0.6140000224113464,0.20679999887943268
YGL119W,YKL016C,0,-6.0854344,0.22884830832481384,0.6140000224113464,0.2069000005722046
YBR008C,YEL002C,0,-6.0854406,0.22876304388046265,0.6140000224113464,0.2070000022649765
YGL195W,YBR012W-B,0,-6.085452,0.22867783904075623,0.6140000224113464,0.2071000039577484
YLR293C,YGR099W,0,-6.0860023,0.22859270870685577,0.6140000224113464,0.20720000565052032
YMR041C,YFR031C,0,-6.086076,0.2285076230764389,0.6140000224113464,0.20730000734329224
YBR002C,YER180C-A,0,-6.0860767,0.228422611951828,0.6140000224113464,0.20739999413490295
YKR025W,YBR165W,0,-6.086109,0.22833767533302307,0.6140000224113464,0.20749999582767487
YMR299C,YMR023C,0,-6.0863667,0.22825278341770172,0.6140000224113464,0.20759999752044678
YNL101W,YKL008C,0,-6.086589,0.22816796600818634,0.6140000224113464,0.2076999992132187
YJL140W,YPL083C,0,-6.0868635,0.22808320820331573,0.6140000224113464,0.2078000009059906
YML078W,YEL053C,0,-6.086897,0.2279985100030899,0.6140000224113464,0.2079000025987625
YBR198C,YDR079C-A,1,-6.0871534,0.2282850742340088,0.6150000095367432,0.2079000025987625
YDR411C,YMR051C,0,-6.0873203,0.22820037603378296,0.6150000095367432,0.20800000429153442
YPL096C-A,YGR141W,0,-6.0873275,0.2281157225370407,0.6150000095367432,0.20810000598430634
YML069W,YBR123C,1,-6.087466,0.22840192914009094,0.6159999966621399,0.20810000598430634
YFL013C,YFL017W-A,0,-6.0875998,0.2283172756433487,0.6159999966621399,0.20819999277591705
YOR001W,YDR146C,0,-6.087822,0.22823268175125122,0.6159999966621399,0.20829999446868896
YOR281C,YOR129C,0,-6.087907,0.22814814746379852,0.6159999966621399,0.20839999616146088
YJR002W,YGR251W,0,-6.087941,0.2280636727809906,0.6159999966621399,0.2084999978542328
YHL025W,YER074W-A,0,-6.087949,0.22797927260398865,0.6159999966621399,0.2085999995470047
YBR103W,YEL020W-A,0,-6.088046,0.22789493203163147,0.6159999966621399,0.2087000012397766
YNL172W,YNL186W,0,-6.0880756,0.22781065106391907,0.6159999966621399,0.20880000293254852
YBR132C,YBR196C,0,-6.0883703,0.22772642970085144,0.6159999966621399,0.20890000462532043
YPL069C,YBR023C,0,-6.088791,0.22764228284358978,0.6159999966621399,0.20900000631809235
YPR008W,YOR194C,1,-6.088835,0.22792759537696838,0.6169999837875366,0.20900000631809235
YDL115C,YNL003C,0,-6.0888805,0.22784343361854553,0.6169999837875366,0.20909999310970306
YDL065C,YPL235W,0,-6.0891213,0.22775931656360626,0.6169999837875366,0.20919999480247498
YNL136W,YPL053C,0,-6.0894895,0.22767527401447296,0.6169999837875366,0.2092999964952469
YNL331C,YPR081C,0,-6.089525,0.22759129106998444,0.6169999837875366,0.2093999981880188
YBL033C,YMR101C,0,-6.0898156,0.22750736773014069,0.6169999837875366,0.2094999998807907
YBR059C,YDL130W-A,0,-6.0898886,0.2274235188961029,0.6169999837875366,0.20960000157356262
YGR098C,YDR191W,0,-6.0900164,0.2273397147655487,0.6169999837875366,0.20970000326633453
YLR228C,YNL323W,0,-6.090017,0.22725598514080048,0.6169999837875366,0.20980000495910645
YKL182W,YER008C,0,-6.0900426,0.22717231512069702,0.6169999837875366,0.20990000665187836
YDR488C,YIL084C,0,-6.0901604,0.22708870470523834,0.6169999837875366,0.20999999344348907
YGR057C,YKL186C,0,-6.0903254,0.22700515389442444,0.6169999837875366,0.210099995136261
YLR433C,YOR359W,0,-6.0908613,0.2269216626882553,0.6169999837875366,0.2101999968290329
YKR063C,YHL027W,0,-6.091297,0.22683823108673096,0.6169999837875366,0.2102999985218048
YOR039W,YER088C,0,-6.0915174,0.22675487399101257,0.6169999837875366,0.21040000021457672
YBR123C,YGR186W,1,-6.0916467,0.2270389348268509,0.6179999709129333,0.21040000021457672
YOL077W-A,YER002W,0,-6.0917807,0.2269555628299713,0.6179999709129333,0.21050000190734863
YLR165C,YOL004W,0,-6.091895,0.2268722504377365,0.6179999709129333,0.21060000360012054
YLR095C,YPR131C,0,-6.0920258,0.22678899765014648,0.6179999709129333,0.21070000529289246
YLR399C,YFL034C-B,0,-6.0921116,0.22670578956604004,0.6179999709129333,0.21080000698566437
YJL091C,YJL039C,0,-6.092301,0.22662265598773956,0.6179999709129333,0.21089999377727509
YER122C,YDL148C,0,-6.092479,0.22653958201408386,0.6179999709129333,0.210999995470047
YER052C,YDR463W,0,-6.092514,0.22645658254623413,0.6179999709129333,0.2110999971628189
YDR054C,YKR028W,0,-6.092538,0.22637362778186798,0.6179999709129333,0.21119999885559082
YGL058W,YOR272W,0,-6.0927563,0.2262907326221466,0.6179999709129333,0.21130000054836273
YLR215C,YLR165C,0,-6.092808,0.2262079119682312,0.6179999709129333,0.21140000224113464
YDL245C,YOL034W,0,-6.0928926,0.22612513601779938,0.6179999709129333,0.21150000393390656
YOR316C,YNL029C,0,-6.0930653,0.22604243457317352,0.6179999709129333,0.21160000562667847
YBR130C,YJL004C,0,-6.0932426,0.22595977783203125,0.6179999709129333,0.21170000731945038
YGR003W,YNL272C,0,-6.093405,0.22587719559669495,0.6179999709129333,0.2117999941110611
YPR104C,YPL258C,0,-6.093441,0.22579467296600342,0.6179999709129333,0.211899995803833
YPL049C,YBR276C,0,-6.093462,0.22571219503879547,0.6179999709129333,0.21199999749660492
YIL076W,YGL243W,0,-6.093532,0.2256297916173935,0.6179999709129333,0.21209999918937683
YER040W,YPR193C,0,-6.093537,0.2255474478006363,0.6179999709129333,0.21220000088214874
YOR281C,YOR295W,0,-6.093571,0.22546516358852386,0.6179999709129333,0.21230000257492065
YHR123W,YCR084C,0,-6.0936418,0.2253829389810562,0.6179999709129333,0.21240000426769257
YBR158W,YLR224W,0,-6.0936584,0.22530075907707214,0.6179999709129333,0.21250000596046448
YBR143C,YBR058C,0,-6.093664,0.22521865367889404,0.6179999709129333,0.2125999927520752
YPL084W,YER065C,0,-6.0936875,0.22513660788536072,0.6179999709129333,0.2126999944448471
YPL082C,YKR037C,0,-6.093725,0.22505462169647217,0.6179999709129333,0.21279999613761902
YGL065C,YDR150W,0,-6.094174,0.2249726951122284,0.6179999709129333,0.21289999783039093
YDL014W,YLR044C,0,-6.094269,0.2248908281326294,0.6179999709129333,0.21299999952316284
YDR151C,YOR307C,0,-6.0947175,0.22480902075767517,0.6179999709129333,0.21310000121593475
YBR198C,YOR194C,1,-6.0951037,0.2250909060239792,0.6190000176429749,0.21310000121593475
YIL143C,YOR110W,1,-6.0952325,0.22537259757518768,0.6200000047683716,0.21310000121593475
YDR108W,YPR052C,0,-6.095471,0.2252907007932663,0.6200000047683716,0.21320000290870667
YLR102C,YNL294C,0,-6.0954885,0.22520886361598969,0.6200000047683716,0.21330000460147858
YJR033C,YBR293W,0,-6.0955696,0.22512708604335785,0.6200000047683716,0.2134000062942505
YER148W,YMR227C,1,-6.0957413,0.22540834546089172,0.6209999918937683,0.2134000062942505
YGL073W,YEL051W,0,-6.095902,0.2253265529870987,0.6209999918937683,0.2134999930858612
YMR047C,YGR296W,0,-6.095977,0.22524483501911163,0.6209999918937683,0.21359999477863312
YDR512C,YOR132W,0,-6.095996,0.22516316175460815,0.6209999918937683,0.21369999647140503
YDL065C,YNL090W,0,-6.096287,0.22508154809474945,0.6209999918937683,0.21379999816417694
YML069W,YKL058W,1,-6.0963006,0.22536231577396393,0.621999979019165,0.21379999816417694
YGL222C,YFL002W-A,0,-6.0963507,0.22528070211410522,0.621999979019165,0.21389999985694885
YPL262W,YGR279C,0,-6.09666,0.2251991331577301,0.621999979019165,0.21400000154972076
YGR140W,YGR042W,0,-6.0970697,0.22511762380599976,0.621999979019165,0.21410000324249268
YBL026W,YPL180W,0,-6.097072,0.22503617405891418,0.621999979019165,0.2142000049352646
YBR109C,YBR186W,0,-6.0971823,0.22495479881763458,0.621999979019165,0.2143000066280365
YBL057C,YKL019W,0,-6.097186,0.22487346827983856,0.621999979019165,0.21439999341964722
YJR147W,YDR082W,0,-6.0972104,0.22479219734668732,0.621999979019165,0.21449999511241913
YIL075C,YGR111W,0,-6.0973034,0.22471098601818085,0.621999979019165,0.21459999680519104
YDR311W,YAL001C,1,-6.0973253,0.22499097883701324,0.6230000257492065,0.21459999680519104
YLR438C-A,YPR024W,0,-6.097356,0.22490975260734558,0.6230000257492065,0.21469999849796295
YOR126C,YKL059C,0,-6.09748,0.2248285859823227,0.6230000257492065,0.21480000019073486
YNL048W,YBR199W,0,-6.097645,0.22474747896194458,0.6230000257492065,0.21490000188350677
YNR030W,YGR209C,0,-6.097676,0.22466643154621124,0.6230000257492065,0.2150000035762787
YPL202C,YPR056W,1,-6.0977325,0.22494593262672424,0.6240000128746033,0.2150000035762787
YHR172W,YML085C,0,-6.097787,0.2248648703098297,0.6240000128746033,0.2151000052690506
YCR089W,YCR081W,0,-6.0983195,0.22478386759757996,0.6240000128746033,0.2152000069618225
YDL192W,YDL088C,0,-6.0983615,0.22470290958881378,0.6240000128746033,0.21529999375343323
YCL060C,YHR120W,0,-6.0987344,0.22462202608585358,0.6240000128746033,0.21539999544620514
YOL077W-A,YOR230W,0,-6.0991464,0.22454120218753815,0.6240000128746033,0.21549999713897705
YMR276W,YKL079W,0,-6.0993066,0.2244604378938675,0.6240000128746033,0.21559999883174896
YNL222W,YDR460W,1,-6.0997767,0.22473929822444916,0.625,0.21559999883174896
YLR028C,YGR141W,0,-6.0998187,0.2246585190296173,0.625,0.21570000052452087
YJL020C,YDL132W,0,-6.099869,0.22457779943943024,0.625,0.21580000221729279
YCR042C,YGR186W,1,-6.0999174,0.22485631704330444,0.6259999871253967,0.21580000221729279
YML081C-A,YER015W,0,-6.0999894,0.22477558255195618,0.6259999871253967,0.2159000039100647
YJL167W,YGR008C,0,-6.1000166,0.22469490766525269,0.6259999871253967,0.2160000056028366
YPR025C,YBR123C,1,-6.1002617,0.22497308254241943,0.6269999742507935,0.2160000056028366
YLR423C,YKL175W,0,-6.1004624,0.22489239275455475,0.6269999742507935,0.21610000729560852
YJR143C,YDR280W,0,-6.100898,0.22481176257133484,0.6269999742507935,0.21619999408721924
YCR058C,YGL212W,0,-6.1010046,0.2247311770915985,0.6269999742507935,0.21629999577999115
YHR026W,YCR027C,0,-6.101012,0.22465066611766815,0.6269999742507935,0.21639999747276306
YNL314W,YMR227C,1,-6.1011,0.2249283641576767,0.628000020980835,0.21639999747276306
YGL166W,YML098W,1,-6.101218,0.22520586848258972,0.6290000081062317,0.21639999747276306
YOR133W,YBR021W,0,-6.1012506,0.2251252681016922,0.6290000081062317,0.21649999916553497
YKL176C,YKR022C,0,-6.101657,0.22504472732543945,0.6290000081062317,0.21660000085830688
YGL155W,YOR046C,0,-6.1017447,0.2249642312526703,0.6290000081062317,0.2167000025510788
YMR301C,YDR123C,0,-6.101857,0.2248838096857071,0.6290000081062317,0.2168000042438507
YNL258C,YMR229C,0,-6.1020145,0.22480343282222748,0.6290000081062317,0.21690000593662262
YGL021W,YDR389W,0,-6.1021147,0.22472311556339264,0.6290000081062317,0.21699999272823334
YPL137C,YLR154C,0,-6.102213,0.22464285790920258,0.6290000081062317,0.21709999442100525
YPL202C,YGL207W,1,-6.102369,0.22491967678070068,0.6299999952316284,0.21709999442100525
YDR423C,YPR088C,0,-6.102377,0.22483940422534943,0.6299999952316284,0.21719999611377716
YJL018W,YDR088C,0,-6.102561,0.22475919127464294,0.6299999952316284,0.21729999780654907
YKL191W,YKR063C,0,-6.1027193,0.22467902302742004,0.6299999952316284,0.21739999949932098
YIL076W,YKL042W,0,-6.1028376,0.2245989292860031,0.6299999952316284,0.2175000011920929
YJR055W,YJL176C,0,-6.103158,0.22451889514923096,0.6299999952316284,0.2176000028848648
YPL256C,YMR073C,0,-6.1038,0.22443890571594238,0.6299999952316284,0.21770000457763672
YGR264C,YJL018W,0,-6.1039224,0.22435897588729858,0.6299999952316284,0.21780000627040863
YNL271C,YHR074W,0,-6.104141,0.22427910566329956,0.6299999952316284,0.21789999306201935
YOL094C,YNR003C,0,-6.1041718,0.2241992950439453,0.6299999952316284,0.21799999475479126
YBR200W,YGR272C,0,-6.1041956,0.22411952912807465,0.6299999952316284,0.21809999644756317
YKL048C,YPL206C,0,-6.1045604,0.22403982281684875,0.6299999952316284,0.21819999814033508
YJL186W,YPR095C,0,-6.105225,0.22396019101142883,0.6299999952316284,0.218299999833107
YGL238W,YJR049C,0,-6.105502,0.2238806039094925,0.6299999952316284,0.2184000015258789
YPR135W,YBL014C,0,-6.105543,0.22380106151103973,0.6299999952316284,0.21850000321865082
YLR148W,YCR058C,0,-6.1055603,0.22372159361839294,0.6299999952316284,0.21860000491142273
YPR143W,YDR207C,0,-6.105996,0.22364217042922974,0.6299999952316284,0.21870000660419464
YGL166W,YDR460W,1,-6.106451,0.22391767799854279,0.6309999823570251,0.21870000660419464
YGR224W,YER129W,0,-6.1066003,0.22383823990821838,0.6309999823570251,0.21879999339580536
YBR288C,YNR032W,0,-6.106806,0.22375886142253876,0.6309999823570251,0.21889999508857727
YMR162C,YDR486C,0,-6.1069994,0.2236795425415039,0.6309999823570251,0.21899999678134918
YDL154W,YNR052C,0,-6.1070366,0.22360028326511383,0.6309999823570251,0.2190999984741211
YNL236W,YBL005W-B,0,-6.1071215,0.22352108359336853,0.6309999823570251,0.219200000166893
YKL049C,YIL030C,0,-6.107459,0.2234419286251068,0.6309999823570251,0.21930000185966492
YDR311W,YGR186W,1,-6.1075583,0.22371681034564972,0.6320000290870667,0.21930000185966492
YJL198W,YML025C,0,-6.1076117,0.223637655377388,0.6320000290870667,0.21940000355243683
YEL022W,YOR162C,0,-6.10766,0.22355854511260986,0.6320000290870667,0.21950000524520874
YKL005C,YDR235W,0,-6.1077724,0.2234794944524765,0.6320000290870667,0.21960000693798065
YBR243C,YLR020C,0,-6.1077776,0.22340048849582672,0.6320000290870667,0.21969999372959137
YPR025C,YBR198C,1,-6.108167,0.22367490828037262,0.6330000162124634,0.21969999372959137
YMR213W,YBL051C,0,-6.1081986,0.22359590232372284,0.6330000162124634,0.21979999542236328
YPR005C,YDR330W,0,-6.1083384,0.22351695597171783,0.6330000162124634,0.2198999971151352
YJL042W,YGR133W,0,-6.108589,0.2234380543231964,0.6330000162124634,0.2199999988079071
YIL036W,YPL129W,1,-6.1086235,0.22371207177639008,0.6340000033378601,0.2199999988079071
YPR122W,YBR179C,0,-6.1092815,0.22363315522670746,0.6340000033378601,0.22010000050067902
YDR320C-A,YKR095W,0,-6.1093836,0.22355429828166962,0.6340000033378601,0.22020000219345093
YPR025C,YML069W,1,-6.1095686,0.22382798790931702,0.6349999904632568,0.22020000219345093
YMR280C,YGR220C,0,-6.1096187,0.22374911606311798,0.6349999904632568,0.22030000388622284
YPR179C,YMR322C,0,-6.110422,0.22367030382156372,0.6349999904632568,0.22040000557899475
YBR198C,YDR460W,1,-6.1104574,0.22394366562366486,0.6359999775886536,0.22040000557899475
YGL003C,YKL093W,0,-6.1104803,0.2238648384809494,0.6359999775886536,0.22050000727176666
YMR212C,YBL005W-B,0,-6.110536,0.22378607094287872,0.6359999775886536,0.22059999406337738
YIL036W,YNL314W,1,-6.1105595,0.2240590900182724,0.6370000243186951,0.22059999406337738
YNR010W,YIL138C,0,-6.110604,0.22398030757904053,0.6370000243186951,0.2206999957561493
YER148W,YKL058W,1,-6.110608,0.2242530733346939,0.6380000114440918,0.2206999957561493
YBL050W,YOR008C-A,0,-6.110674,0.22417427599430084,0.6380000114440918,0.2207999974489212
YMR267W,YNL169C,0,-6.1107254,0.22409553825855255,0.6380000114440918,0.22089999914169312
YGL084C,YJR006W,0,-6.1108475,0.22401686012744904,0.6380000114440918,0.22100000083446503
YDL099W,YOL028C,0,-6.1108556,0.2239382266998291,0.6380000114440918,0.22110000252723694
YNL001W,YKL154W,0,-6.1108932,0.22385965287685394,0.6380000114440918,0.22120000422000885
YPL177C,YDR460W,1,-6.1111555,0.22413188219070435,0.6389999985694885,0.22120000422000885
YFR033C,YLR240W,0,-6.111257,0.224053293466568,0.6389999985694885,0.22130000591278076
YJR064W,YCR086W,0,-6.111565,0.22397476434707642,0.6389999985694885,0.22139999270439148
YFL041W,YER180C-A,0,-6.111583,0.22389627993106842,0.6389999985694885,0.2214999943971634
YHR038W,YDR189W,0,-6.111931,0.2238178700208664,0.6389999985694885,0.2215999960899353
YGR218W,YJL092W,0,-6.1122417,0.22373948991298676,0.6389999985694885,0.22169999778270721
YDR299W,YDL207W,0,-6.112416,0.22366118431091309,0.6389999985694885,0.22179999947547913
YNL222W,YGR186W,1,-6.1125474,0.22393281757831573,0.6399999856948853,0.22179999947547913
YNL271C,YML046W,0,-6.112822,0.22385449707508087,0.6399999856948853,0.22190000116825104
YGR238C,YML013W,0,-6.1130524,0.2237762212753296,0.6399999856948853,0.22200000286102295
YMR267W,YMR179W,0,-6.113305,0.22369800508022308,0.6399999856948853,0.22210000455379486
YBR100W,YGL122C,0,-6.1133547,0.22361984848976135,0.6399999856948853,0.22220000624656677
YDR488C,YIL063C,0,-6.1134105,0.2235417366027832,0.6399999856948853,0.2222999930381775
YJR042W,YPL237W,0,-6.1136355,0.22346368432044983,0.6399999856948853,0.2223999947309494
YGL032C,YDL143W,0,-6.113692,0.22338569164276123,0.6399999856948853,0.2224999964237213
YCR055C,YDR325W,0,-6.1137133,0.2233077436685562,0.6399999856948853,0.22259999811649323
YBR023C,YGR004W,0,-6.113738,0.22322985529899597,0.6399999856948853,0.22269999980926514
YJL091C,YOR088W,0,-6.113892,0.2231520265340805,0.6399999856948853,0.22280000150203705
YNL314W,YOL067C,1,-6.114032,0.2234227955341339,0.640999972820282,0.22280000150203705
YPL096C-A,YOR229W,0,-6.1141777,0.22334495186805725,0.640999972820282,0.22290000319480896
YNL059C,YPL175W,0,-6.1144395,0.22326715290546417,0.640999972820282,0.22300000488758087
YBL013W,YNL272C,0,-6.1146555,0.22318941354751587,0.640999972820282,0.22310000658035278
YLR288C,YBR130C,0,-6.1146736,0.22311173379421234,0.640999972820282,0.2231999933719635
YOR023C,YGL043W,0,-6.1151257,0.2230340987443924,0.640999972820282,0.2232999950647354
YDR093W,YNL229C,0,-6.1151686,0.22295652329921722,0.640999972820282,0.22339999675750732
YMR281W,YHR186C,0,-6.1152115,0.22287899255752563,0.640999972820282,0.22349999845027924
YBR026C,YPR095C,0,-6.1153803,0.22280153632164001,0.640999972820282,0.22360000014305115
YOL045W,YNL272C,0,-6.115473,0.22272410988807678,0.640999972820282,0.22370000183582306
YEL016C,YLR176C,0,-6.1154876,0.22264675796031952,0.640999972820282,0.22380000352859497
YKL160W,YPL211W,0,-6.115558,0.22256945073604584,0.640999972820282,0.22390000522136688
YCL014W,YBL084C,0,-6.1155586,0.22249218821525574,0.640999972820282,0.2240000069141388
YCL024W,YDR427W,0,-6.115592,0.2224149852991104,0.640999972820282,0.2240999937057495
YFL034C-B,YOR088W,0,-6.115735,0.22233784198760986,0.640999972820282,0.22419999539852142
YHL038C,YDR140W,0,-6.1157837,0.2222607433795929,0.640999972820282,0.22429999709129333
YHL038C,YCR106W,0,-6.116003,0.2221837043762207,0.640999972820282,0.22439999878406525
YDR483W,YCL001W,0,-6.116075,0.2221067249774933,0.640999972820282,0.22450000047683716
YDR302W,YOL003C,0,-6.1161623,0.22202979028224945,0.640999972820282,0.22460000216960907
YBR210W,YHR099W,0,-6.116168,0.2219529151916504,0.640999972820282,0.22470000386238098
YHR186C,YDR129C,0,-6.116212,0.2218760848045349,0.640999972820282,0.2248000055551529
YMR296C,YJL054W,0,-6.1164317,0.2217993140220642,0.640999972820282,0.2249000072479248
YOR026W,YPR054W,0,-6.1168156,0.2217225879430771,0.640999972820282,0.22499999403953552
YMR113W,YOR160W,0,-6.1168156,0.22164592146873474,0.640999972820282,0.22509999573230743
YKL149C,YGR048W,0,-6.1168623,0.22156929969787598,0.640999972820282,0.22519999742507935
YLR210W,YDR461W,0,-6.1168933,0.221492737531662,0.640999972820282,0.22529999911785126
YER171W,YBR198C,1,-6.116988,0.22176165878772736,0.6420000195503235,0.22529999911785126
YMR076C,YNL332W,0,-6.117015,0.22168508172035217,0.6420000195503235,0.22540000081062317
YEL034W,YBR159W,0,-6.1173615,0.22160856425762177,0.6420000195503235,0.22550000250339508
YKL129C,YML085C,0,-6.1173773,0.22153209149837494,0.6420000195503235,0.225600004196167
YDL226C,YIL051C,0,-6.117416,0.2214556783437729,0.6420000195503235,0.2257000058889389
YLL015W,YGR276C,0,-6.117591,0.22137930989265442,0.6420000195503235,0.22579999268054962
YBR009C,YPR074C,0,-6.1183763,0.22130300104618073,0.6420000195503235,0.22589999437332153
YGL195W,YDL030W,0,-6.1185703,0.2212267369031906,0.6420000195503235,0.22599999606609344
YDR440W,YKL018W,0,-6.1185894,0.22115053236484528,0.6420000195503235,0.22609999775886536
YPL204W,YOR119C,0,-6.118689,0.22107438743114471,0.6420000195503235,0.22619999945163727
YNL286W,YHR204W,0,-6.1189246,0.22099827229976654,0.6420000195503235,0.22630000114440918
YNL039W,YOL067C,1,-6.1192036,0.22126634418964386,0.6430000066757202,0.22630000114440918
YJL014W,YBR143C,0,-6.119523,0.22119022905826569,0.6430000066757202,0.2264000028371811
YIL049W,YMR296C,0,-6.119666,0.2211141735315323,0.6430000066757202,0.226500004529953
YDR375C,YDR302W,0,-6.1197443,0.22103816270828247,0.6430000066757202,0.22660000622272491
YGR247W,YDR437W,0,-6.11995,0.22096219658851624,0.6430000066757202,0.22669999301433563
YLR023C,YLR148W,0,-6.120058,0.22088629007339478,0.6430000066757202,0.22679999470710754
YDR524C,YLR182W,0,-6.1203117,0.2208104431629181,0.6430000066757202,0.22689999639987946
YLR418C,YDR160W,0,-6.120398,0.220734640955925,0.6430000066757202,0.22699999809265137
YGL106W,YDR289C,0,-6.1204247,0.22065888345241547,0.6430000066757202,0.22709999978542328
YGL166W,YNL257C,1,-6.120454,0.22092624008655548,0.6439999938011169,0.22709999978542328
YBR100W,YGR195W,0,-6.120658,0.22085048258304596,0.6439999938011169,0.2272000014781952
YPR008W,YER148W,1,-6.1207113,0.22111758589744568,0.6449999809265137,0.2272000014781952
YDL101C,YBL014C,0,-6.1207485,0.22104181349277496,0.6449999809265137,0.2273000031709671
YBR167C,YHR200W,0,-6.12092,0.22096608579158783,0.6449999809265137,0.227400004863739
YPR135W,YJL002C,0,-6.1210103,0.22089041769504547,0.6449999809265137,0.22750000655651093
YER028C,YER148W,1,-6.1210365,0.22115713357925415,0.6460000276565552,0.22750000655651093
YLR330W,YAL013W,0,-6.1211586,0.2210814505815506,0.6460000276565552,0.22759999334812164
YDR254W,YKR028W,0,-6.1214323,0.22100581228733063,0.6460000276565552,0.22769999504089355
YPL177C,YDR145W,1,-6.121499,0.22127223014831543,0.6470000147819519,0.22769999504089355
YBR260C,YOR332W,0,-6.1216097,0.22119657695293427,0.6470000147819519,0.22779999673366547
YNL298W,YOR008C-A,0,-6.1217465,0.22112098336219788,0.6470000147819519,0.22789999842643738
YOR049C,YOR162C,0,-6.122077,0.22104543447494507,0.6470000147819519,0.2280000001192093
YCL011C,YGR054W,0,-6.1222696,0.22096994519233704,0.6470000147819519,0.2281000018119812
YLR048W,YMR260C,0,-6.1223125,0.22089450061321259,0.6470000147819519,0.2282000035047531
YPL065W,YPL144W,0,-6.122444,0.2208191156387329,0.6470000147819519,0.22830000519752502
YAL056W,YER094C,0,-6.122599,0.22074377536773682,0.6470000147819519,0.22840000689029694
YPR046W,YBL018C,0,-6.1229215,0.2206684798002243,0.6470000147819519,0.22849999368190765
YNL270C,YLR154C,0,-6.122976,0.22059324383735657,0.6470000147819519,0.22859999537467957
YPL283C,YNL310C,0,-6.1230326,0.2205180674791336,0.6470000147819519,0.22869999706745148
YGR191W,YCR031C,0,-6.123125,0.22044293582439423,0.6470000147819519,0.2287999987602234
YIL033C,YDR385W,0,-6.123399,0.22036784887313843,0.6470000147819519,0.2289000004529953
YOL033W,YBR188C,0,-6.1235924,0.2202928215265274,0.6470000147819519,0.2290000021457672
YDL043C,YGR253C,0,-6.12368,0.22021783888339996,0.6470000147819519,0.22910000383853912
YJL006C,YDR030C,0,-6.1237993,0.2201429009437561,0.6470000147819519,0.22920000553131104
YIL122W,YHR006W,0,-6.1238284,0.22006802260875702,0.6470000147819519,0.22930000722408295
YBR161W,YIL065C,0,-6.1238313,0.2199932038784027,0.6470000147819519,0.22939999401569366
YJL006C,YJR050W,0,-6.123847,0.21991842985153198,0.6470000147819519,0.22949999570846558
YPL021W,YFR048W,0,-6.123906,0.21984370052814484,0.6470000147819519,0.2295999974012375
YGL222C,YPL234C,0,-6.124074,0.21976901590824127,0.6470000147819519,0.2296999990940094
YOL089C,YAL001C,1,-6.124126,0.22003395855426788,0.6480000019073486,0.2296999990940094
YCL003W,YLR147C,0,-6.124158,0.21995927393436432,0.6480000019073486,0.2298000007867813
YGL094C,YKL020C,0,-6.1243258,0.21988463401794434,0.6480000019073486,0.22990000247955322
YOL165C,YOR240W,0,-6.12442,0.21981003880500793,0.6480000019073486,0.23000000417232513
YDL085W,YPL120W,0,-6.1244497,0.2197355031967163,0.6480000019073486,0.23010000586509705
YGL166W,YOR194C,1,-6.1245813,0.2199999988079071,0.6489999890327454,0.23010000586509705
YER053C,YDR131C,0,-6.124815,0.21992544829845428,0.6489999890327454,0.23019999265670776
YJL099W,YEL065W,0,-6.124837,0.21985094249248505,0.6489999890327454,0.23029999434947968
YLR451W,YJR141W,0,-6.124921,0.21977649629116058,0.6489999890327454,0.2303999960422516
YIL143C,YNL222W,1,-6.1249433,0.22004061937332153,0.6499999761581421,0.2303999960422516
YHR043C,YDR310C,0,-6.1250753,0.21996615827083588,0.6499999761581421,0.2304999977350235
YBL084C,YDL097C,0,-6.12525,0.2198917418718338,0.6499999761581421,0.2305999994277954
YFL011W-A,YBR293W,0,-6.125332,0.2198173850774765,0.6499999761581421,0.23070000112056732
YGR274C,YML098W,1,-6.125659,0.2200811356306076,0.6510000228881836,0.23070000112056732
YML067C,YLR025W,0,-6.125845,0.2200067639350891,0.6510000228881836,0.23080000281333923
YJR092W,YMR309C,0,-6.1259537,0.2199324369430542,0.6510000228881836,0.23090000450611115
YMR025W,YGL200C,0,-6.126503,0.21985815465450287,0.6510000228881836,0.23100000619888306
YGL207W,YPR056W,1,-6.126519,0.22012153267860413,0.6520000100135803,0.23100000619888306
YGR113W,YDR011W,0,-6.1265635,0.2200472503900528,0.6520000100135803,0.23109999299049377
YNL127W,YEL041W,0,-6.1265655,0.21997301280498505,0.6520000100135803,0.23119999468326569
YHR094C,YBR159W,0,-6.1266413,0.21989881992340088,0.6520000100135803,0.2312999963760376
YKL040C,YKL188C,0,-6.127285,0.2198246866464615,0.6520000100135803,0.2313999980688095
YLR176C,YNL273W,0,-6.127529,0.21975058317184448,0.6520000100135803,0.23149999976158142
YBL040C,YBR043C,0,-6.1277223,0.21967655420303345,0.6520000100135803,0.23160000145435333
YKL054C,YDR259C,0,-6.127824,0.2196025550365448,0.6520000100135803,0.23170000314712524
YNL173C,YIL051C,0,-6.1279216,0.21952861547470093,0.6520000100135803,0.23180000483989716
YPL177C,YAL001C,1,-6.127923,0.21979132294654846,0.652999997138977,0.23180000483989716
YOR109W,YDL078C,0,-6.128221,0.2197173684835434,0.652999997138977,0.23190000653266907
YHR124W,YPL041C,0,-6.1283836,0.2196434587240219,0.652999997138977,0.23199999332427979
YKL190W,YDR427W,0,-6.128551,0.2195696085691452,0.652999997138977,0.2320999950170517
YNL074C,YLR055C,0,-6.128788,0.21949580311775208,0.652999997138977,0.2321999967098236
YGL166W,YER148W,1,-6.128795,0.2197580635547638,0.6539999842643738,0.2321999967098236
YLR047C,YLR467W,0,-6.1288095,0.21968424320220947,0.6539999842643738,0.23229999840259552
YOR020C,YGL053W,0,-6.128949,0.21961048245429993,0.6539999842643738,0.23240000009536743
YMR070W,YMR313C,0,-6.1292553,0.21953675150871277,0.6539999842643738,0.23250000178813934
YPR008W,YDR145W,1,-6.1293116,0.21979865431785583,0.6549999713897705,0.23250000178813934
YNL001W,YMR161W,0,-6.1295094,0.21972492337226868,0.6549999713897705,0.23260000348091125
YOR179C,YPL234C,0,-6.1297474,0.2196512371301651,0.6549999713897705,0.23270000517368317
YPL155C,YAL011W,0,-6.129799,0.2195776104927063,0.6549999713897705,0.23280000686645508
YPR031W,YDR545W,0,-6.12986,0.21950402855873108,0.6549999713897705,0.2328999936580658
YDL226C,YGL135W,0,-6.129924,0.21943049132823944,0.6549999713897705,0.2329999953508377
YBR023C,YOR260W,0,-6.1299973,0.21935699880123138,0.6549999713897705,0.23309999704360962
YML102W,YMR067C,0,-6.1300025,0.2192835658788681,0.6549999713897705,0.23319999873638153
YMR212C,YER154W,0,-6.130043,0.2192101776599884,0.6549999713897705,0.23330000042915344
YGR009C,YDL077C,0,-6.1301336,0.21913683414459229,0.6549999713897705,0.23340000212192535
YGL027C,YDL084W,0,-6.130186,0.21906355023384094,0.6549999713897705,0.23350000381469727
YOR099W,YDR498C,0,-6.130246,0.21899031102657318,0.6549999713897705,0.23360000550746918
YDL126C,YIR033W,0,-6.1303062,0.218917116522789,0.6549999713897705,0.2337000072002411
YGR274C,YAL001C,1,-6.130372,0.21917808055877686,0.656000018119812,0.2337000072002411
YKL054C,YPL098C,0,-6.1304245,0.21910487115383148,0.656000018119812,0.2337999939918518
YDR005C,YDR356W,0,-6.1305866,0.21903172135353088,0.656000018119812,0.23389999568462372
YPL008W,YML016C,0,-6.1306086,0.21895861625671387,0.656000018119812,0.23399999737739563
YBR214W,YBR111W-A,0,-6.130889,0.21888555586338043,0.656000018119812,0.23409999907016754
YBL100W-A,YLR455W,0,-6.1311235,0.21881254017353058,0.656000018119812,0.23420000076293945
YDL147W,YPL276W,0,-6.1311493,0.2187395840883255,0.656000018119812,0.23430000245571136
YDR224C,YGR253C,0,-6.1311607,0.218666672706604,0.656000018119812,0.23440000414848328
YBR058C,YGR281W,0,-6.1312714,0.2185938060283661,0.656000018119812,0.2345000058412552
YPL129W,YAL001C,1,-6.131295,0.21885409951210022,0.6570000052452087,0.2345000058412552
YBR123C,YOR194C,1,-6.131331,0.21911421418190002,0.6579999923706055,0.2345000058412552
YPL117C,YPL085W,0,-6.1313496,0.21904127299785614,0.6579999923706055,0.2345999926328659
YLR060W,YEL037C,0,-6.1314187,0.21896839141845703,0.6579999923706055,0.23469999432563782
YOR030W,YBR035C,0,-6.131668,0.2188955396413803,0.6579999923706055,0.23479999601840973
YOL009C,YMR005W,0,-6.13171,0.21882274746894836,0.6579999923706055,0.23489999771118164
YER119C,YGL012W,0,-6.1317587,0.21875,0.6579999923706055,0.23499999940395355
YLR369W,YER041W,0,-6.1318846,0.21867729723453522,0.6579999923706055,0.23510000109672546
YER106W,YLR385C,0,-6.1319237,0.2186046540737152,0.6579999923706055,0.23520000278949738
YFL055W,YKL188C,0,-6.1328707,0.21853205561637878,0.6579999923706055,0.2353000044822693
YPL202C,YPR186C,1,-6.1328726,0.21879149973392487,0.6589999794960022,0.2353000044822693
YGL166W,YGR047C,1,-6.133599,0.21905077993869781,0.6600000262260437,0.2353000044822693
YER100W,YOR270C,0,-6.1339626,0.21897810697555542,0.6600000262260437,0.2354000061750412
YMR001C,YPR016C,0,-6.1339746,0.2189054787158966,0.6600000262260437,0.23549999296665192
YNL243W,YKL020C,0,-6.1341915,0.21883289515972137,0.6600000262260437,0.23559999465942383
YIL048W,YBL017C,0,-6.134345,0.21876035630702972,0.6600000262260437,0.23569999635219574
YPL146C,YOL142W,0,-6.1344194,0.21868787705898285,0.6600000262260437,0.23579999804496765
YOR377W,YBL061C,0,-6.1344213,0.21861544251441956,0.6600000262260437,0.23589999973773956
YEL016C,YER087C-A,0,-6.1347713,0.21854305267333984,0.6600000262260437,0.23600000143051147
YNL222W,YOR194C,1,-6.134858,0.21880172193050385,0.6610000133514404,0.23600000143051147
YLR148W,YMR266W,0,-6.135193,0.21872931718826294,0.6610000133514404,0.2361000031232834
YBR026C,YKL085W,0,-6.1353226,0.21865695714950562,0.6610000133514404,0.2362000048160553
YHL047C,YBL079W,0,-6.135774,0.21858465671539307,0.6610000133514404,0.2363000065088272
YKR048C,YJL074C,0,-6.136082,0.2185124009847641,0.6610000133514404,0.23639999330043793
YER030W,YIL118W,0,-6.136241,0.2184401899576187,0.6610000133514404,0.23649999499320984
YCL012W,YMR125W,0,-6.1363144,0.2183680236339569,0.6610000133514404,0.23659999668598175
YCR026C,YCL031C,0,-6.136387,0.2182959020137787,0.6610000133514404,0.23669999837875366
YNL074C,YHR006W,0,-6.136467,0.21822383999824524,0.6610000133514404,0.23680000007152557
YNL314W,YPR008W,1,-6.1365323,0.2184818536043167,0.6620000004768372,0.23680000007152557
YOR241W,YCL052C,0,-6.1365776,0.21840976178646088,0.6620000004768372,0.23690000176429749
YPL015C,YHR165C,0,-6.136648,0.21833772957324982,0.6620000004768372,0.2370000034570694
YIR010W,YOR047C,0,-6.1372814,0.21826574206352234,0.6620000004768372,0.2371000051498413
YHR079C,YPR144C,0,-6.137371,0.21819379925727844,0.6620000004768372,0.23720000684261322
YJL021C,YJR044C,0,-6.137541,0.21812191605567932,0.6620000004768372,0.23729999363422394
YDR318W,YCL031C,0,-6.137679,0.2180500626564026,0.6620000004768372,0.23739999532699585
YDL043C,YGR020C,0,-6.137683,0.21797826886177063,0.6620000004768372,0.23749999701976776
YDR288W,YBR050C,0,-6.137726,0.21790651977062225,0.6620000004768372,0.23759999871253967
YGR167W,YGR048W,0,-6.1378717,0.21783481538295746,0.6620000004768372,0.23770000040531158
YPL015C,YML049C,0,-6.138014,0.21776315569877625,0.6620000004768372,0.2378000020980835
YOR046C,YLR166C,0,-6.1382713,0.2176915556192398,0.6620000004768372,0.2379000037908554
YJR001W,YBR221C,0,-6.1384172,0.21761998534202576,0.6620000004768372,0.23800000548362732
YER122C,YCR067C,0,-6.1385126,0.21754847466945648,0.6620000004768372,0.23810000717639923
YNL298W,YKR083C,0,-6.138572,0.2174770087003708,0.6620000004768372,0.23819999396800995
YDL198C,YHR099W,0,-6.138766,0.21740558743476868,0.6620000004768372,0.23829999566078186
YOR140W,YCL020W,0,-6.138879,0.21733421087265015,0.6620000004768372,0.23839999735355377
YGL065C,YCL060C,0,-6.1389904,0.2172628790140152,0.6620000004768372,0.23849999904632568
YOR113W,YFL048C,0,-6.139227,0.21719160676002502,0.6620000004768372,0.2386000007390976
YGL245W,YNL186W,0,-6.1393275,0.21712036430835724,0.6620000004768372,0.2387000024318695
YOR236W,YNR052C,0,-6.139338,0.21704918146133423,0.6620000004768372,0.23880000412464142
YPL078C,YER042W,0,-6.139538,0.2169780433177948,0.6620000004768372,0.23890000581741333
YML013W,YLL017W,0,-6.139574,0.21690694987773895,0.6620000004768372,0.23899999260902405
YDL192W,YGR009C,0,-6.1396093,0.2168359011411667,0.6620000004768372,0.23909999430179596
YAR018C,YML033W,0,-6.1397595,0.216764897108078,0.6620000004768372,0.23919999599456787
YLR292C,YDR463W,0,-6.139777,0.2166939377784729,0.6620000004768372,0.23929999768733978
YDR022C,YHR116W,0,-6.139902,0.21662303805351257,0.6620000004768372,0.2393999993801117
YGL166W,YAL001C,1,-6.1405296,0.21687929332256317,0.6629999876022339,0.2393999993801117
YER157W,YMR225C,0,-6.1405525,0.21680837869644165,0.6629999876022339,0.2395000010728836
YGL143C,YOR213C,0,-6.140748,0.21673749387264252,0.6629999876022339,0.23960000276565552
YER019W,YOR129C,0,-6.140874,0.21666666865348816,0.6629999876022339,0.23970000445842743
YBR179C,YLR182W,0,-6.1410503,0.21659588813781738,0.6629999876022339,0.23980000615119934
YML016C,YOL122C,0,-6.1411324,0.2165251523256302,0.6629999876022339,0.23989999294281006
YPR008W,YGR005C,1,-6.1412764,0.21678093075752258,0.6639999747276306,0.23989999294281006
YOR094W,YFL013C,0,-6.141407,0.2167101800441742,0.6639999747276306,0.23999999463558197
YMR292W,YGL192W,0,-6.1416254,0.2166394740343094,0.6639999747276306,0.24009999632835388
YDR337W,YCL054W,0,-6.141659,0.21656881272792816,0.6639999747276306,0.2401999980211258
YMR080C,YKL126W,0,-6.1416607,0.2164982110261917,0.6639999747276306,0.2402999997138977
YDR096W,YMR210W,0,-6.141903,0.21642763912677765,0.6639999747276306,0.24040000140666962
YEL027W,YKL042W,0,-6.1419935,0.21635712683200836,0.6639999747276306,0.24050000309944153
YJR042W,YML014W,0,-6.1421614,0.21628664433956146,0.6639999747276306,0.24060000479221344
YGL044C,YDR425W,0,-6.1430364,0.21621622145175934,0.6639999747276306,0.24070000648498535
YJL076W,YBL005W-B,0,-6.1430626,0.2161458283662796,0.6639999747276306,0.24079999327659607
YER017C,YKL201C,0,-6.1431236,0.21607549488544464,0.6639999747276306,0.24089999496936798
YDR115W,YJL045W,0,-6.1432476,0.21600520610809326,0.6639999747276306,0.2409999966621399
YBR213W,YDR088C,0,-6.1435323,0.21593496203422546,0.6639999747276306,0.2410999983549118
YFL011W-A,YPL008W,0,-6.1435843,0.21586476266384125,0.6639999747276306,0.24120000004768372
YOL016C,YBR233W-A,0,-6.1436934,0.2157946079969406,0.6639999747276306,0.24130000174045563
YDL220C,YGL226C-A,0,-6.143917,0.21572449803352356,0.6639999747276306,0.24140000343322754
YNL062C,YJL018W,0,-6.144221,0.2156544327735901,0.6639999747276306,0.24150000512599945
YNL102W,YGR104C,0,-6.1443667,0.2155844122171402,0.6639999747276306,0.24160000681877136
YJL020C,YCL005W-A,0,-6.144381,0.2155144363641739,0.6639999747276306,0.24169999361038208
YGL226C-A,YDR115W,0,-6.1444016,0.21544452011585236,0.6639999747276306,0.241799995303154
YEL061C,YBR100W,0,-6.1446767,0.2153746336698532,0.6639999747276306,0.2418999969959259
YPR112C,YPR088C,0,-6.1451206,0.21530479192733765,0.6639999747276306,0.24199999868869781
YBR188C,YPR189W,0,-6.1461477,0.21523500978946686,0.6639999747276306,0.24210000038146973
YER036C,YPL036W,0,-6.1461964,0.21516525745391846,0.6639999747276306,0.24220000207424164
YPL204W,YAR009C,0,-6.1462097,0.21509556472301483,0.6639999747276306,0.24230000376701355
YDR448W,YCR067C,0,-6.1464095,0.2150259017944336,0.6639999747276306,0.24240000545978546
YNL027W,YNL326C,0,-6.146719,0.21495629847049713,0.6639999747276306,0.24250000715255737
YGL241W,YOR213C,0,-6.1467495,0.21488672494888306,0.6639999747276306,0.2425999939441681
YML116W,YLR385C,0,-6.146865,0.21481721103191376,0.6639999747276306,0.24269999563694
YGR157W,YOR275C,0,-6.1471906,0.21474774181842804,0.6639999747276306,0.24279999732971191
YOR067C,YMR204C,0,-6.1472135,0.2146783024072647,0.6639999747276306,0.24289999902248383
YGR279C,YFL002W-A,0,-6.14734,0.21460892260074615,0.6639999747276306,0.24300000071525574
YKL004W,YMR162C,0,-6.147453,0.21453957259655,0.6639999747276306,0.24310000240802765
YPR002W,YAL055W,0,-6.1478543,0.2144702821969986,0.6639999747276306,0.24320000410079956
YMR235C,YOL125W,0,-6.1480803,0.2144010365009308,0.6639999747276306,0.24330000579357147
YLR380W,YOR269W,0,-6.1481137,0.21433182060718536,0.6639999747276306,0.2433999925851822
YGL211W,YDR288W,0,-6.1481733,0.21426266431808472,0.6639999747276306,0.2434999942779541
YOR145C,YER074W-A,0,-6.148226,0.21419355273246765,0.6639999747276306,0.243599995970726
YER028C,YPR056W,1,-6.1484704,0.21444694697856903,0.6650000214576721,0.243599995970726
YDR385W,YJR027W,0,-6.148481,0.21437782049179077,0.6650000214576721,0.24369999766349792
YKL197C,YJL048C,0,-6.1487436,0.2143087387084961,0.6650000214576721,0.24379999935626984
YJL071W,YBR049C,0,-6.1488814,0.2142396867275238,0.6650000214576721,0.24390000104904175
YDL045C,YER149C,0,-6.1493773,0.2141706943511963,0.6650000214576721,0.24400000274181366
YGL112C,YDR460W,1,-6.1495895,0.21442370116710663,0.6660000085830688,0.24400000274181366
YOL059W,YJR026W,0,-6.149615,0.21435467898845673,0.6660000085830688,0.24410000443458557
YER028C,YGR186W,1,-6.1496553,0.21460746228694916,0.6669999957084656,0.24410000443458557
YPR128C,YDL007W,0,-6.1496687,0.21453844010829926,0.6669999957084656,0.24420000612735748
YBR026C,YGR101W,0,-6.149843,0.21446944773197174,0.6669999957084656,0.2442999929189682
YFL002W-A,YOR338W,0,-6.149871,0.214400514960289,0.6669999957084656,0.2443999946117401
YLR362W,YIL126W,0,-6.1499615,0.21433162689208984,0.6669999957084656,0.24449999630451202
YBR059C,YER173W,0,-6.14997,0.21426276862621307,0.6669999957084656,0.24459999799728394
YNL257C,YKR062W,1,-6.150097,0.2145150899887085,0.6679999828338623,0.24459999799728394
YDR216W,YDR115W,0,-6.150161,0.21444623172283173,0.6679999828338623,0.24469999969005585
YPR056W,YOR110W,1,-6.1501684,0.21469832956790924,0.6690000295639038,0.24469999969005585
YPR086W,YMR227C,1,-6.1505785,0.21495027840137482,0.6700000166893005,0.24469999969005585
YAL055W,YPL258C,0,-6.150581,0.21488133072853088,0.6700000166893005,0.24480000138282776
YBR253W,YBL005W-B,0,-6.150893,0.21481244266033173,0.6700000166893005,0.24490000307559967
YMR213W,YBR009C,0,-6.1509285,0.21474358439445496,0.6700000166893005,0.24500000476837158
YMR022W,YDR160W,0,-6.1509657,0.21467478573322296,0.6700000166893005,0.2451000064611435
YCL067C,YDL085W,0,-6.151063,0.21460601687431335,0.6700000166893005,0.2451999932527542
YGR222W,YPL157W,0,-6.151413,0.21453730762004852,0.6700000166893005,0.24529999494552612
YBL071W-A,YEL017C-A,0,-6.1515126,0.21446862816810608,0.6700000166893005,0.24539999663829803
YBL051C,YBR082C,0,-6.151561,0.21439999341964722,0.6700000166893005,0.24549999833106995
YGR036C,YDR507C,0,-6.151608,0.21433141827583313,0.6700000166893005,0.24560000002384186
YFL021W,YGR186W,1,-6.1518545,0.2145826667547226,0.6710000038146973,0.24560000002384186
YGR224W,YJL128C,0,-6.1520195,0.21451406180858612,0.6710000038146973,0.24570000171661377
YGR057C,YBR119W,0,-6.152155,0.21444551646709442,0.6710000038146973,0.24580000340938568
YNR075W,YOR243C,0,-6.152238,0.2143770009279251,0.6710000038146973,0.2459000051021576
YDL143W,YKL213C,0,-6.152342,0.21430853009223938,0.6710000038146973,0.2460000067949295
YDR037W,YGL049C,0,-6.1526766,0.21424010396003723,0.6710000038146973,0.24609999358654022
YIL075C,YKL035W,0,-6.1532803,0.21417172253131866,0.6710000038146973,0.24619999527931213
YDL231C,YBR245C,0,-6.153316,0.21410338580608368,0.6710000038146973,0.24629999697208405
YKL145W,YDR227W,0,-6.1533284,0.21403509378433228,0.6710000038146973,0.24639999866485596
YLR391W,YLR148W,0,-6.153388,0.21396683156490326,0.6710000038146973,0.24650000035762787
YNL123W,YDR131C,0,-6.153401,0.21389862895011902,0.6710000038146973,0.24660000205039978
YKL045W,YDR515W,0,-6.15343,0.21383047103881836,0.6710000038146973,0.2467000037431717
YGR274C,YDR460W,1,-6.1535096,0.21408091485500336,0.671999990940094,0.2467000037431717
YNL239W,YNL085W,0,-6.1538205,0.2140127420425415,0.671999990940094,0.2468000054359436
YMR032W,YPR163C,0,-6.153868,0.21394459903240204,0.671999990940094,0.24690000712871552
YML113W,YLR264W,0,-6.1538744,0.21387651562690735,0.671999990940094,0.24699999392032623
YDR272W,YOL060C,0,-6.1539154,0.21380846202373505,0.671999990940094,0.24709999561309814
YHR135C,YML039W,0,-6.1539674,0.21374045312404633,0.671999990940094,0.24719999730587006
YGR098C,YJL074C,0,-6.153972,0.2136724889278412,0.671999990940094,0.24729999899864197
YKL055C,YDR030C,0,-6.1540203,0.21360458433628082,0.671999990940094,0.24740000069141388
YHR024C,YOR346W,0,-6.154321,0.21353669464588165,0.671999990940094,0.2475000023841858
YBR201W,YLR285W,0,-6.154355,0.21346886456012726,0.671999990940094,0.2476000040769577
YPL046C,YDL003W,0,-6.1544237,0.21340107917785645,0.671999990940094,0.24770000576972961
YCR020W-B,YGR285C,0,-6.1549435,0.2133333384990692,0.671999990940094,0.24779999256134033
YBR236C,YJL035C,0,-6.154978,0.21326562762260437,0.671999990940094,0.24789999425411224
YGR188C,YEL037C,0,-6.155172,0.2131979763507843,0.671999990940094,0.24799999594688416
YER122C,YEL004W,0,-6.1552153,0.21313035488128662,0.671999990940094,0.24809999763965607
YBL084C,YDR039C,0,-6.1552396,0.21306277811527252,0.671999990940094,0.24819999933242798
YGL143C,YGR193C,0,-6.1552715,0.212995246052742,0.671999990940094,0.2483000010251999
YDR478W,YPL065W,0,-6.1553116,0.21292775869369507,0.671999990940094,0.2484000027179718
YGL067W,YKL081W,0,-6.1553707,0.2128603160381317,0.671999990940094,0.2485000044107437
YDR098C,YDR113C,0,-6.155406,0.21279290318489075,0.671999990940094,0.24860000610351562
YFL011W-A,YOR326W,0,-6.1556826,0.21272554993629456,0.671999990940094,0.24869999289512634
YGR267C,YJL035C,0,-6.1563387,0.21265822649002075,0.671999990940094,0.24879999458789825
YOL008W,YPR133C,0,-6.1564627,0.21259094774723053,0.671999990940094,0.24889999628067017
YJR144W,YOL128C,0,-6.156624,0.2125237137079239,0.671999990940094,0.24899999797344208
YDR518W,YBR015C,0,-6.1569996,0.21245652437210083,0.671999990940094,0.249099999666214
YPL202C,YNL222W,1,-6.157051,0.21270543336868286,0.6729999780654907,0.249099999666214
YFL009W,YGL171W,0,-6.15716,0.2126382291316986,0.6729999780654907,0.2492000013589859
YDR255C,YOR003W,0,-6.1573286,0.21257106959819794,0.6729999780654907,0.2493000030517578
YDL030W,YKL051W,0,-6.1574125,0.21250393986701965,0.6729999780654907,0.24940000474452972
YCL060C,YGR086C,0,-6.1574125,0.21243686974048615,0.6729999780654907,0.24950000643730164
YOR036W,YGR181W,0,-6.1574783,0.21236982941627502,0.6729999780654907,0.24959999322891235
YBL016W,YDL002C,0,-6.1577616,0.21230283379554749,0.6729999780654907,0.24969999492168427
YDL095W,YJR027W,0,-6.157854,0.21223588287830353,0.6729999780654907,0.24979999661445618
YML102W,YLR132C,0,-6.1579547,0.21216897666454315,0.6729999780654907,0.2498999983072281
YDR384C,YFL035C,0,-6.1582413,0.21210211515426636,0.6729999780654907,0.25
YER173W,YGR272C,0,-6.1583776,0.21203528344631195,0.6729999780654907,0.2500999867916107
YLR215C,YDR238C,0,-6.1583986,0.21196851134300232,0.6729999780654907,0.2502000033855438
YML059C,YKL041W,0,-6.15847,0.21190176904201508,0.6729999780654907,0.25029999017715454
YJL018W,YNL016W,0,-6.158571,0.2118350714445114,0.6729999780654907,0.25040000677108765
YLR170C,YER180C-A,0,-6.158696,0.21176840364933014,0.6729999780654907,0.25049999356269836
YBR082C,YGR048W,0,-6.158888,0.21170179545879364,0.6729999780654907,0.25060001015663147
YGL005C,YAL026C,0,-6.159025,0.21163521707057953,0.6729999780654907,0.2506999969482422
YMR173W,YDR272W,0,-6.159116,0.211568683385849,0.6729999780654907,0.2508000135421753
YPL129W,YKL058W,1,-6.1596045,0.2118164747953415,0.6740000247955322,0.2508000135421753
YIL159W,YLR132C,0,-6.1598015,0.21174992620944977,0.6740000247955322,0.250900000333786
YPL050C,YCR033W,0,-6.1598053,0.21168342232704163,0.6740000247955322,0.25099998712539673
YNL039W,YFL021W,1,-6.1599765,0.21193093061447144,0.675000011920929,0.25099998712539673
YGR246C,YIL036W,1,-6.1601367,0.2121782749891281,0.6759999990463257,0.25099998712539673
YBR161W,YKL080W,0,-6.160219,0.212111696600914,0.6759999990463257,0.25110000371932983
YNL167C,YCR084C,0,-6.1602545,0.21204516291618347,0.6759999990463257,0.25119999051094055
YPR186C,YPR056W,1,-6.160289,0.21229225397109985,0.6769999861717224,0.25119999051094055
YPL262W,YGL210W,0,-6.160471,0.21222570538520813,0.6769999861717224,0.25130000710487366
YER190W,YBL100W-B,0,-6.1604767,0.2121592015028,0.6769999861717224,0.2513999938964844
YGL090W,YPL085W,0,-6.160582,0.21209272742271423,0.6769999861717224,0.2515000104904175
YLR397C,YBR058C-A,0,-6.160596,0.21202631294727325,0.6769999861717224,0.2515999972820282
YDR518W,YML088W,0,-6.160642,0.21195992827415466,0.6769999861717224,0.2517000138759613
YML069W,YNL222W,1,-6.160829,0.21220657229423523,0.6779999732971191,0.2517000138759613
YPR186C,YIL143C,1,-6.160861,0.21245306730270386,0.6790000200271606,0.2517000138759613
YLR214W,YPL179W,0,-6.160905,0.2123866081237793,0.6790000200271606,0.251800000667572
YGL190C,YML092C,0,-6.161165,0.21232019364833832,0.6790000200271606,0.25189998745918274
YJR035W,YBR082C,0,-6.1612463,0.21225382387638092,0.6790000200271606,0.25200000405311584
YDL178W,YPL085W,0,-6.161354,0.2121874988079071,0.6790000200271606,0.25209999084472656
YGR170W,YDR363W-A,0,-6.1615443,0.21212121844291687,0.6790000200271606,0.25220000743865967
YPR105C,YGL211W,0,-6.1616907,0.21205496788024902,0.6790000200271606,0.2522999942302704
YER045C,YKR062W,1,-6.1617045,0.21230097115039825,0.6800000071525574,0.2522999942302704
YDL165W,YJL065C,0,-6.1617084,0.2122347056865692,0.6800000071525574,0.2524000108242035
YKL045W,YLR107W,0,-6.1618237,0.21216848492622375,0.6800000071525574,0.2524999976158142
YBL056W,YGR042W,0,-6.1619406,0.21210230886936188,0.6800000071525574,0.2526000142097473
YCL012W,YHL031C,0,-6.162036,0.21203617751598358,0.6800000071525574,0.25270000100135803
YPR008W,YGR274C,1,-6.162161,0.21228179335594177,0.6809999942779541,0.25270000100135803
YDL130W-A,YGL096W,0,-6.1624174,0.21221564710140228,0.6809999942779541,0.25279998779296875
YFL018W-A,YPL210C,0,-6.1624227,0.21214953064918518,0.6809999942779541,0.25290000438690186
YGL229C,YHR030C,0,-6.162615,0.21208345890045166,0.6809999942779541,0.2529999911785126
YDR245W,YBL024W,0,-6.1626787,0.21201743185520172,0.6809999942779541,0.2531000077724457
YKL200C,YDR393W,0,-6.162699,0.21195144951343536,0.6809999942779541,0.2531999945640564
YBR110W,YBR237W,0,-6.162759,0.2118854969739914,0.6809999942779541,0.2533000111579895
YDR106W,YIL077C,0,-6.16281,0.211819589138031,0.6809999942779541,0.2533999979496002
YLR007W,YDL060W,0,-6.1630106,0.2117537260055542,0.6809999942779541,0.2535000145435333
YCL060C,YDR486C,0,-6.1630487,0.21168790757656097,0.6809999942779541,0.25360000133514404
YPL200W,YCR106W,0,-6.1634216,0.21162211894989014,0.6809999942779541,0.25369998812675476
YKL143W,YIL038C,0,-6.1634483,0.21155638992786407,0.6809999942779541,0.25380000472068787
YEL027W,YBL105C,0,-6.163528,0.2114906758069992,0.6809999942779541,0.2538999915122986
YLR266C,YDR293C,0,-6.163645,0.2114250212907791,0.6809999942779541,0.2540000081062317
YJL165C,YGR276C,0,-6.163832,0.2113594114780426,0.6809999942779541,0.2540999948978424
YJL081C,YPL237W,0,-6.163855,0.21129383146762848,0.6809999942779541,0.2542000114917755
YLR201C,YAL026C,0,-6.163992,0.21122828125953674,0.6809999942779541,0.25429999828338623
YPL060W,YDR245W,0,-6.1640162,0.21116279065608978,0.6809999942779541,0.25440001487731934
YLR216C,YKR085C,0,-6.164174,0.2110973298549652,0.6809999942779541,0.25450000166893005
YNL214W,YPL253C,0,-6.1643305,0.21103191375732422,0.6809999942779541,0.25459998846054077
YKL068W,YML049C,0,-6.1643696,0.2109665423631668,0.6809999942779541,0.2547000050544739
YLR192C,YIR019C,0,-6.1644926,0.2109012007713318,0.6809999942779541,0.2547999918460846
YFL011W-A,YNR038W,0,-6.1646843,0.21083591878414154,0.6809999942779541,0.2549000084400177
YDL088C,YMR182C,0,-6.16476,0.21077066659927368,0.6809999942779541,0.2549999952316284
YNR035C,YOR298C-A,0,-6.1650047,0.2107054442167282,0.6809999942779541,0.2551000118255615
YDR254W,YNL097C,0,-6.1651497,0.21064026653766632,0.6809999942779541,0.25519999861717224
YPL254W,YBR012W-B,0,-6.1653595,0.210575133562088,0.6809999942779541,0.25529998540878296
YBR100W,YOR060C,0,-6.165648,0.2105100452899933,0.6809999942779541,0.25540000200271606
YGL222C,YOR103C,0,-6.165655,0.21044498682022095,0.6809999942779541,0.2554999887943268
YPL202C,YGR186W,1,-6.1656566,0.21068890392780304,0.6819999814033508,0.2554999887943268
YKR028W,YBR061C,0,-6.1657295,0.2106238454580307,0.6819999814033508,0.2556000053882599
YOR198C,YMR075W,0,-6.165798,0.21055881679058075,0.6819999814033508,0.2556999921798706
YPL018W,YGR056W,0,-6.165834,0.21049383282661438,0.6819999814033508,0.2558000087738037
YGR175C,YPL145C,0,-6.1659555,0.2104288786649704,0.6819999814033508,0.25589999556541443
YJL018W,YKL057C,0,-6.16601,0.21036396920681,0.6819999814033508,0.25600001215934753
YJR035W,YJL140W,0,-6.1662335,0.21029910445213318,0.6819999814033508,0.25609999895095825
YER174C,YGR010W,0,-6.1664114,0.21023428440093994,0.6819999814033508,0.25619998574256897
YHR143W,YAL005C,0,-6.166417,0.2101694941520691,0.6819999814033508,0.2563000023365021
YBR100W,YBL011W,0,-6.166521,0.21010474860668182,0.6819999814033508,0.2563999891281128
YOR250C,YKL086W,0,-6.166771,0.21004003286361694,0.6819999814033508,0.2565000057220459
YPL249C,YJL012C,0,-6.166867,0.20997537672519684,0.6819999814033508,0.2565999925136566
YPL181W,YEL016C,0,-6.1668773,0.20991073548793793,0.6819999814033508,0.2567000091075897
YFL011W-A,YJL219W,0,-6.166908,0.2098461538553238,0.6819999814033508,0.25679999589920044
YLR052W,YKL113C,0,-6.167069,0.20978160202503204,0.6819999814033508,0.25690001249313354
YBR179C,YDR407C,0,-6.1671515,0.20971709489822388,0.6819999814033508,0.25699999928474426
YOL067C,YDR079C-A,1,-6.167451,0.20996004343032837,0.6830000281333923,0.25699999928474426
YIL036W,YER028C,1,-6.16746,0.21020282804965973,0.6840000152587891,0.25699999928474426
YDL137W,YER094C,0,-6.167633,0.2101382464170456,0.6840000152587891,0.257099986076355
YDL115C,YPR031W,0,-6.1676645,0.21007370948791504,0.6840000152587891,0.2572000026702881
YMR220W,YHR204W,0,-6.167873,0.21000921726226807,0.6840000152587891,0.2572999894618988
YGR113W,YOR142W-B,0,-6.168458,0.20994475483894348,0.6840000152587891,0.2574000060558319
YOR173W,YPR137C-B,0,-6.1685944,0.20988033711910248,0.6840000152587891,0.2574999928474426
YDR414C,YJL018W,0,-6.1687136,0.20981594920158386,0.6840000152587891,0.25760000944137573
YLR328W,YOR359W,0,-6.168889,0.20975160598754883,0.6840000152587891,0.25769999623298645
YPL167C,YLR145W,0,-6.1689076,0.20968730747699738,0.6840000152587891,0.25780001282691956
YAR010C,YOL103W-B,0,-6.1690373,0.2096230536699295,0.6840000152587891,0.2578999996185303
YML121W,YEL004W,0,-6.169263,0.20955882966518402,0.6840000152587891,0.257999986410141
YDL143W,YOL034W,0,-6.169371,0.20949463546276093,0.6840000152587891,0.2581000030040741
YBR280C,YPR137C-B,0,-6.1694145,0.2094305008649826,0.6840000152587891,0.2581999897956848
YEL036C,YNL236W,0,-6.1694202,0.20936639606952667,0.6840000152587891,0.2583000063896179
YER180C-A,YDR092W,0,-6.169775,0.20930232107639313,0.6840000152587891,0.25839999318122864
YMR319C,YDL028C,0,-6.170109,0.20923830568790436,0.6840000152587891,0.25850000977516174
YBR050C,YDL109C,0,-6.1703463,0.20917430520057678,0.6840000152587891,0.25859999656677246
YEL027W,YPL036W,0,-6.170365,0.20911036431789398,0.6840000152587891,0.25870001316070557
YJR158W,YDR322C-A,0,-6.1703873,0.20904645323753357,0.6840000152587891,0.2587999999523163
YNL014W,YPL083C,0,-6.1705637,0.20898258686065674,0.6840000152587891,0.258899986743927
YGR217W,YLR060W,0,-6.170784,0.2089187502861023,0.6840000152587891,0.2590000033378601
YDR225W,YNR046W,0,-6.1709356,0.20885495841503143,0.6840000152587891,0.2590999901294708
YAL053W,YDR259C,0,-6.1709843,0.20879121124744415,0.6840000152587891,0.25920000672340393
YNL038W,YGR264C,0,-6.1710997,0.20872749388217926,0.6840000152587891,0.25929999351501465
YIL036W,YER171W,1,-6.1711855,0.2089688777923584,0.6850000023841858,0.25929999351501465
YGL051W,YHL007C,0,-6.1713686,0.2089051604270935,0.6850000023841858,0.25940001010894775
YER021W,YGL243W,0,-6.1714807,0.2088414579629898,0.6850000023841858,0.25949999690055847
YGL022W,YLR354C,0,-6.1716213,0.20877781510353088,0.6850000023841858,0.2596000134944916
YDR375C,YAL010C,0,-6.171652,0.20871420204639435,0.6850000023841858,0.2597000002861023
YNL133C,YJR158W,0,-6.171671,0.2086506187915802,0.6850000023841858,0.259799987077713
YFR033C,YOR338W,0,-6.171976,0.20858709514141083,0.6850000023841858,0.2599000036716461
YIL115C,YDR443C,0,-6.172077,0.20852358639240265,0.6850000023841858,0.25999999046325684
YKL204W,YCL052C,0,-6.172365,0.20846013724803925,0.6850000023841858,0.26010000705718994
YDR184C,YPR009W,0,-6.1726346,0.20839671790599823,0.6850000023841858,0.26019999384880066
YPL011C,YKL058W,1,-6.172719,0.20863747596740723,0.6859999895095825,0.26019999384880066
YDR272W,YOR326W,0,-6.1727843,0.20857404172420502,0.6859999895095825,0.26030001044273376
YPL131W,YOR088W,0,-6.172856,0.2085106372833252,0.6859999895095825,0.2603999972343445
YDL198C,YLR324W,0,-6.1728573,0.20844727754592896,0.6859999895095825,0.2605000138282776
YBR066C,YFL018W-A,0,-6.172979,0.2083839625120163,0.6859999895095825,0.2606000006198883
YDR004W,YHR119W,0,-6.1730165,0.20832067728042603,0.6859999895095825,0.260699987411499
YGL254W,YOL066C,0,-6.1731877,0.20825743675231934,0.6859999895095825,0.26080000400543213
YGR156W,YNL154C,0,-6.173189,0.20819424092769623,0.6859999895095825,0.26089999079704285
YNL201C,YKL130C,0,-6.1733227,0.2081310749053955,0.6859999895095825,0.26100000739097595
YDL014W,YML124C,0,-6.173418,0.20806793868541718,0.6859999895095825,0.26109999418258667
YOL002C,YOR343W-B,0,-6.1734276,0.20800484716892242,0.6859999895095825,0.2612000107765198
YLR176C,YFR037C,0,-6.173461,0.20794180035591125,0.6859999895095825,0.2612999975681305
YPR002W,YGR144W,0,-6.173605,0.20787878334522247,0.6859999895095825,0.2614000141620636
YMR202W,YOL129W,0,-6.1736546,0.20781581103801727,0.6859999895095825,0.2615000009536743
YPL125W,YPR161C,0,-6.173928,0.20775288343429565,0.6859999895095825,0.26159998774528503
YPL211W,YCL062W,0,-6.174034,0.20768998563289642,0.6859999895095825,0.26170000433921814
YGR188C,YBL057C,0,-6.1741505,0.20762711763381958,0.6859999895095825,0.26179999113082886
YLR433C,YPR054W,0,-6.1742005,0.20756429433822632,0.6859999895095825,0.26190000772476196
YDL243C,YDR261C-D,0,-6.174266,0.20750151574611664,0.6859999895095825,0.2619999945163727
YPL244C,YHR066W,0,-6.174336,0.20743876695632935,0.6859999895095825,0.2621000111103058
YLR074C,YLR337W,0,-6.1744576,0.20737606287002563,0.6859999895095825,0.2621999979019165
YMR025W,YFR019W,0,-6.174508,0.2073133885860443,0.6859999895095825,0.2623000144958496
YML025C,YOR343W-A,0,-6.174596,0.20725075900554657,0.6859999895095825,0.2624000012874603
YDR168W,YLR410W-A,0,-6.174964,0.20718815922737122,0.6859999895095825,0.26249998807907104
YMR200W,YMR218C,0,-6.175549,0.20712560415267944,0.6859999895095825,0.26260000467300415
YPL122C,YAL001C,1,-6.1758614,0.20736493170261383,0.6869999766349792,0.26260000467300415
YOR037W,YML007W,0,-6.1758633,0.20730234682559967,0.6869999766349792,0.26269999146461487
YJR006W,YER019W,0,-6.1759033,0.20723982155323029,0.6869999766349792,0.262800008058548
YFR033C,YMR313C,0,-6.175973,0.2071773260831833,0.6869999766349792,0.2628999948501587
YNL172W,YLR295C,0,-6.176117,0.20711486041545868,0.6869999766349792,0.2630000114440918
YDR323C,YML085C,0,-6.1762614,0.20705243945121765,0.6869999766349792,0.2630999982357025
YGR246C,YPL177C,1,-6.1763077,0.2072913497686386,0.6880000233650208,0.2630999982357025
YBR065C,YPL015C,0,-6.17634,0.2072289139032364,0.6880000233650208,0.2632000148296356
YOL067C,YPL129W,1,-6.176491,0.20746763050556183,0.6890000104904175,0.2632000148296356
YGL038C,YDR217C,0,-6.1764956,0.2074051797389984,0.6890000104904175,0.26330000162124634
YOR109W,YDR034C-D,0,-6.176614,0.20734275877475739,0.6890000104904175,0.26339998841285706
YNL166C,YBR260C,0,-6.176695,0.20728038251399994,0.6890000104904175,0.26350000500679016
YJR118C,YNL107W,0,-6.1767855,0.20721805095672607,0.6890000104904175,0.2635999917984009
YGR056W,YPL257W-A,0,-6.1769047,0.2071557492017746,0.6890000104904175,0.263700008392334
YMR041C,YJL052W,0,-6.1769576,0.2070934772491455,0.6890000104904175,0.2637999951839447
YGR191W,YER001W,0,-6.1770263,0.20703125,0.6890000104904175,0.2639000117778778
YML043C,YJL098W,0,-6.177183,0.20696905255317688,0.6890000104904175,0.2639999985694885
YGL054C,YOR351C,0,-6.177188,0.20690689980983734,0.6890000104904175,0.26409998536109924
YIL034C,YNL334C,0,-6.177192,0.20684479176998138,0.6890000104904175,0.26420000195503235
YOL004W,YFL002W-A,0,-6.177204,0.20678271353244781,0.6890000104904175,0.26429998874664307
YBR009C,YIL109C,0,-6.1773405,0.20672066509723663,0.6890000104904175,0.26440000534057617
YBR236C,YJL166W,0,-6.177352,0.20665866136550903,0.6890000104904175,0.2644999921321869
YBR123C,YGR005C,1,-6.177732,0.2068965584039688,0.6899999976158142,0.2644999921321869
YMR133W,YPL144W,0,-6.177762,0.20683453977108002,0.6899999976158142,0.26460000872612
YPL181W,YPR158C-D,0,-6.177856,0.2067725509405136,0.6899999976158142,0.2646999955177307
YLR451W,YIL031W,0,-6.1781197,0.2067106068134308,0.6899999976158142,0.2648000121116638
YDL243C,YDL132W,0,-6.178332,0.20664869248867035,0.6899999976158142,0.26489999890327454
YNL219C,YGL039W,0,-6.1783514,0.2065868228673935,0.6899999976158142,0.26499998569488525
YNR027W,YOR074C,0,-6.1784744,0.20652499794960022,0.6899999976158142,0.26510000228881836
YNL023C,YLR166C,0,-6.1786294,0.20646320283412933,0.6899999976158142,0.2651999890804291
YOR143C,YDR210W-A,0,-6.1788845,0.20640143752098083,0.6899999976158142,0.2653000056743622
YIR009W,YDR545W,0,-6.1789303,0.20633971691131592,0.6899999976158142,0.2653999924659729
YKL068W,YOR127W,0,-6.1790733,0.2062780261039734,0.6899999976158142,0.265500009059906
YBR020W,YOR343W-B,0,-6.179117,0.20621638000011444,0.6899999976158142,0.2655999958515167
YDR392W,YNL121C,0,-6.1792316,0.20615476369857788,0.6899999976158142,0.26570001244544983
YFL048C,YIL154C,0,-6.1793337,0.2060931921005249,0.6899999976158142,0.26579999923706055
YBR040W,YML064C,0,-6.1794367,0.2060316503047943,0.6899999976158142,0.26589998602867126
YDR425W,YIL017W,0,-6.1796956,0.2059701532125473,0.6899999976158142,0.26600000262260437
YNL314W,YOR194C,1,-6.1799498,0.20620709657669067,0.6909999847412109,0.26600000262260437
YKL012W,YPR158W-B,0,-6.179971,0.20614558458328247,0.6909999847412109,0.2660999894142151
YPR070W,YCL004W,0,-6.1800666,0.20608410239219666,0.6909999847412109,0.2662000060081482
YPR072W,YFL002C,0,-6.1802444,0.20602266490459442,0.6909999847412109,0.2662999927997589
YDR440W,YDR123C,0,-6.1802564,0.20596125721931458,0.6909999847412109,0.266400009393692
YBR040W,YDL105W,0,-6.180329,0.20589987933635712,0.6909999847412109,0.26649999618530273
YCL040W,YOR014W,0,-6.180459,0.20583854615688324,0.6909999847412109,0.26660001277923584
YLR381W,YER159C-A,0,-6.1805143,0.20577724277973175,0.6909999847412109,0.26669999957084656
YHR091C,YEL002C,0,-6.1805754,0.20571598410606384,0.6909999847412109,0.2667999863624573
YGR143W,YMR273C,0,-6.1805754,0.20565475523471832,0.6909999847412109,0.2669000029563904
YLL019C,YNL284C-B,0,-6.1805916,0.20559357106685638,0.6909999847412109,0.2669999897480011
YOL063C,YGR161W-A,0,-6.1805916,0.20553241670131683,0.6909999847412109,0.2671000063419342
YMR128W,YDR316W-A,0,-6.1806307,0.20547130703926086,0.6909999847412109,0.2671999931335449
YCR055C,YOL072W,0,-6.1808357,0.20541022717952728,0.6909999847412109,0.267300009727478
YDR097C,YMR080C,0,-6.18085,0.2053491771221161,0.6909999847412109,0.26739999651908875
YCR063W,YNL049C,0,-6.1808558,0.20528817176818848,0.6909999847412109,0.26750001311302185
YFL011W-A,YFL038C,0,-6.1809525,0.20522721111774445,0.6909999847412109,0.26759999990463257
YHR120W,YDR363W-A,0,-6.180954,0.2051662653684616,0.6909999847412109,0.2676999866962433
YPL112C,YBR260C,0,-6.1810775,0.20510537922382355,0.6909999847412109,0.2678000032901764
YDR479C,YOL103W-B,0,-6.1811595,0.20504450798034668,0.6909999847412109,0.2678999900817871
YBL026W,YGL046W,0,-6.181207,0.2049836814403534,0.6909999847412109,0.2680000066757202
YHR061C,YGR161C-C,0,-6.181266,0.2049228996038437,0.6909999847412109,0.26809999346733093
YDL140C,YMR203W,0,-6.1815443,0.20486214756965637,0.6909999847412109,0.26820001006126404
YDR310C,YJL222W,0,-6.181549,0.20480142533779144,0.6909999847412109,0.26829999685287476
YDR245W,YKR087C,0,-6.181869,0.2047407478094101,0.6909999847412109,0.26840001344680786
YGR036C,YBR050C,0,-6.181896,0.20468010008335114,0.6909999847412109,0.2685000002384186
YLR274W,YHR012W,0,-6.182036,0.20461948215961456,0.6909999847412109,0.2685999870300293
YMR314W,YCR106W,0,-6.182114,0.20455890893936157,0.6909999847412109,0.2687000036239624
YCL031C,YCL054W,0,-6.182126,0.20449836552143097,0.6909999847412109,0.2687999904155731
YHR129C,YFL002W-A,0,-6.1821613,0.20443786680698395,0.6909999847412109,0.2689000070095062
YGR014W,YOR160W,0,-6.1821957,0.20437739789485931,0.6909999847412109,0.26899999380111694
YPL159C,YFL002W-B,0,-6.182313,0.20431697368621826,0.6909999847412109,0.26910001039505005
YKL200C,YJR033C,0,-6.1823874,0.2042565792798996,0.6909999847412109,0.26919999718666077
YKR068C,YIR009W,0,-6.182408,0.20419621467590332,0.6909999847412109,0.26930001378059387
YBR041W,YMR023C,0,-6.1824856,0.20413589477539062,0.6909999847412109,0.2694000005722046
YOL125W,YDL128W,0,-6.1826973,0.20407560467720032,0.6909999847412109,0.2694999873638153
YPL178W,YBL007C,0,-6.1827726,0.2040153592824936,0.6909999847412109,0.2696000039577484
YOR026W,YLR138W,0,-6.1832576,0.20395512878894806,0.6909999847412109,0.26969999074935913
YNL127W,YNL107W,0,-6.1833115,0.2038949579000473,0.6909999847412109,0.26980000734329224
YHR072W-A,YKL043W,0,-6.1833434,0.20383480191230774,0.6909999847412109,0.26989999413490295
YHR107C,YLR288C,0,-6.1836433,0.20377469062805176,0.6909999847412109,0.27000001072883606
YPL177C,YDR311W,1,-6.183646,0.20400942862033844,0.6919999718666077,0.27000001072883606
YMR296C,YOR088W,0,-6.1839547,0.20394930243492126,0.6919999718666077,0.2700999975204468
YOR209C,YOR127W,0,-6.183976,0.20388922095298767,0.6919999718666077,0.2702000141143799
YEL037C,YDL229W,0,-6.184325,0.20382915437221527,0.6919999718666077,0.2703000009059906
YOR127W,YGL162W,0,-6.1843777,0.20376914739608765,0.6919999718666077,0.2703999876976013
YDL028C,YKL214C,0,-6.1844263,0.20370915532112122,0.6919999718666077,0.2705000042915344
YOR377W,YPR158C-C,0,-6.1845284,0.20364920794963837,0.6919999718666077,0.27059999108314514
YPR008W,YGR047C,1,-6.184607,0.20388349890708923,0.6930000185966492,0.27059999108314514
YOL067C,YNL222W,1,-6.184608,0.20411764085292816,0.6940000057220459,0.27059999108314514
YLR114C,YLR410W-A,0,-6.1847377,0.20405763387680054,0.6940000057220459,0.27070000767707825
YLR176C,YDR227W,0,-6.1847506,0.2039976418018341,0.6940000057220459,0.27079999446868896
YHR169W,YNL126W,0,-6.1849275,0.20393770933151245,0.6940000057220459,0.27090001106262207
YGL116W,YDL058W,0,-6.1850185,0.203877791762352,0.6940000057220459,0.2709999978542328
YFL035C,YBR231C,0,-6.1850243,0.2038179188966751,0.6940000057220459,0.2711000144481659
YOL067C,YCR042C,1,-6.185026,0.204051673412323,0.6949999928474426,0.2711000144481659
YLR285W,YJL222W,0,-6.1851125,0.20399178564548492,0.6949999928474426,0.2712000012397766
YLR097C,YJR026W,0,-6.185133,0.20393192768096924,0.6949999928474426,0.27129998803138733
YGL004C,YML127W,0,-6.1851997,0.20387209951877594,0.6949999928474426,0.27140000462532043
YKL154W,YDR115W,0,-6.1853123,0.20381231606006622,0.6949999928474426,0.27149999141693115
YNL314W,YGR047C,1,-6.185343,0.20404572784900665,0.6959999799728394,0.27149999141693115
YGL112C,YMR227C,1,-6.185437,0.20427902042865753,0.6970000267028809,0.27149999141693115
YOL089C,YPR186C,1,-6.1856437,0.20451216399669647,0.6980000138282776,0.27149999141693115
YHR171W,YER177W,0,-6.1856728,0.2044522613286972,0.6980000138282776,0.27160000801086426
YDL007W,YBR231C,0,-6.1857343,0.20439238846302032,0.6980000138282776,0.271699994802475
YIL143C,YGR186W,1,-6.1858854,0.20462529361248016,0.6990000009536743,0.271699994802475
YLR197W,YGR161W-A,0,-6.1860175,0.2045654058456421,0.6990000009536743,0.2718000113964081
YJR076C,YOR275C,0,-6.1861944,0.2045055627822876,0.6990000009536743,0.2718999981880188
YFL009W,YJR132W,0,-6.186327,0.2044457495212555,0.6990000009536743,0.2720000147819519
YDR200C,YJR126C,0,-6.186359,0.20438596606254578,0.6990000009536743,0.2721000015735626
YCR075C,YCL024W,0,-6.186467,0.20432622730731964,0.6990000009536743,0.27219998836517334
YGR249W,YLR410W-A,0,-6.1865854,0.2042665034532547,0.6990000009536743,0.27230000495910645
YFL050C,YNR067C,0,-6.187,0.20420683920383453,0.6990000009536743,0.27239999175071716
YGL257C,YOR209C,0,-6.1870537,0.20414718985557556,0.6990000009536743,0.27250000834465027
YCR086W,YPL130W,0,-6.1870995,0.20408758521080017,0.6990000009536743,0.272599995136261
YIL143C,YKL058W,1,-6.187253,0.20431990921497345,0.699999988079071,0.272599995136261
YIL143C,YKR062W,1,-6.187269,0.2045520842075348,0.7009999752044678,0.272599995136261
YOR033C,YPL116W,0,-6.1874046,0.20449241995811462,0.7009999752044678,0.2727000117301941
YER001W,YNL302C,0,-6.187483,0.20443278551101685,0.7009999752044678,0.2727999985218048
YPR201W,YNL332W,0,-6.1879315,0.20437318086624146,0.7009999752044678,0.2728999853134155
YEL053C,YOR191W,0,-6.1880035,0.20431360602378845,0.7009999752044678,0.27300000190734863
YNL147W,YLR256W-A,0,-6.1880875,0.20425407588481903,0.7009999752044678,0.27309998869895935
YKL041W,YOR192C-B,0,-6.1882505,0.204194575548172,0.7009999752044678,0.27320000529289246
YGR133W,YFL018W-A,0,-6.188263,0.20413511991500854,0.7009999752044678,0.2732999920845032
YLL035W,YBL100W-B,0,-6.1883,0.20407569408416748,0.7009999752044678,0.2734000086784363
YLR242C,YKR008W,0,-6.188662,0.2040162980556488,0.7009999752044678,0.273499995470047
YJL041W,YPR107C,0,-6.1887703,0.20395693182945251,0.7009999752044678,0.2736000120639801
YFR046C,YLR035C,0,-6.1887946,0.2038976103067398,0.7009999752044678,0.2736999988555908
YML088W,YOR004W,0,-6.1889415,0.2038383185863495,0.7009999752044678,0.27379998564720154
YOL089C,YBR198C,1,-6.1891274,0.20406976342201233,0.7020000219345093,0.27379998564720154
YCL062W,YOR087W,0,-6.189142,0.20401045680046082,0.7020000219345093,0.27390000224113464
YLR295C,YKR054C,0,-6.1892233,0.20395119488239288,0.7020000219345093,0.27399998903274536
YKR024C,YBL055C,0,-6.1892486,0.20389194786548615,0.7020000219345093,0.27410000562667847
YBL046W,YOR265W,0,-6.1893196,0.203832745552063,0.7020000219345093,0.2741999924182892
YDR389W,YFL002W-B,0,-6.1894274,0.2037735879421234,0.7020000219345093,0.2743000090122223
YLL038C,YDR243C,0,-6.1897025,0.20371444523334503,0.7020000219345093,0.274399995803833
YGR217W,YDR194C,0,-6.1900206,0.20365534722805023,0.7020000219345093,0.2745000123977661
YMR092C,YOL090W,0,-6.1900964,0.203596293926239,0.7020000219345093,0.27459999918937683
YBR186W,YBR061C,0,-6.19011,0.203537255525589,0.7020000219345093,0.27469998598098755
YDR069C,YDR464W,0,-6.190176,0.20347826182842255,0.7020000219345093,0.27480000257492065
YPL137C,YGR170W,0,-6.190454,0.2034192979335785,0.7020000219345093,0.27489998936653137
YPL202C,YBR198C,1,-6.1904716,0.20365005731582642,0.703000009059906,0.27489998936653137
YBR167C,YLR222C,0,-6.1906934,0.20359107851982117,0.703000009059906,0.2750000059604645
YFL035C,YLR221C,0,-6.190939,0.2035321295261383,0.703000009059906,0.2750999927520752
YNL302C,YLR022C,0,-6.1909456,0.20347322523593903,0.703000009059906,0.2752000093460083
YJL014W,YPR143W,0,-6.190958,0.20341435074806213,0.703000009059906,0.275299996137619
YDR423C,YFL002W-A,0,-6.190974,0.20335550606250763,0.703000009059906,0.2754000127315521
YNL314W,YER171W,1,-6.19112,0.2035858929157257,0.7039999961853027,0.2754000127315521
YGL008C,YPR158C-C,0,-6.1911325,0.20352703332901,0.7039999961853027,0.27549999952316284
YLR314C,YLL024C,0,-6.191361,0.2034682035446167,0.7039999961853027,0.27559998631477356
YMR198W,YML103C,0,-6.1913614,0.20340941846370697,0.7039999961853027,0.27570000290870667
YNL101W,YHR133C,0,-6.1916504,0.20335066318511963,0.7039999961853027,0.2757999897003174
YNL059C,YNL231C,0,-6.1917315,0.20329193770885468,0.7039999961853027,0.2759000062942505
YPL202C,YGR005C,1,-6.191951,0.2035219371318817,0.7049999833106995,0.2759000062942505
YHR039C,YNL046W,0,-6.1919804,0.20346319675445557,0.7049999833106995,0.2759999930858612
YNL314W,YPL122C,1,-6.192069,0.20369301736354828,0.7059999704360962,0.2759999930858612
YLL015W,YER151C,0,-6.1921887,0.20363426208496094,0.7059999704360962,0.2761000096797943
YJL072C,YOR043W,0,-6.1923304,0.20357555150985718,0.7059999704360962,0.27619999647140503
YOL089C,YGL112C,1,-6.1923676,0.2038051337003708,0.7070000171661377,0.27619999647140503
YMR093W,YER137C-A,0,-6.192382,0.20374639332294464,0.7070000171661377,0.27630001306533813
YGR246C,YNL222W,1,-6.1924114,0.20397579669952393,0.7080000042915344,0.27630001306533813
YPL269W,YLR410W-B,0,-6.192419,0.20391705632209778,0.7080000042915344,0.27639999985694885
YIL026C,YGR156W,0,-6.19242,0.20385833084583282,0.7080000042915344,0.27649998664855957
YOR240W,YNL186W,0,-6.1926637,0.20379965007305145,0.7080000042915344,0.2766000032424927
YBL017C,YML045W,0,-6.192759,0.20374101400375366,0.7080000042915344,0.2766999900341034
YKL114C,YNL147W,0,-6.1930532,0.20368239283561707,0.7080000042915344,0.2768000066280365
YJR013W,YBR088C,0,-6.193116,0.20362381637096405,0.7080000042915344,0.2768999934196472
YDR429C,YDL235C,0,-6.193162,0.20356526970863342,0.7080000042915344,0.2770000100135803
YBL098W,YGR161C-C,0,-6.19325,0.20350675284862518,0.7080000042915344,0.27709999680519104
YLR381W,YER165W,0,-6.1934423,0.20344828069210052,0.7080000042915344,0.27720001339912415
YMR073C,YKL175W,0,-6.19363,0.20338982343673706,0.7080000042915344,0.27730000019073486
YDR485C,YDR365W-B,0,-6.1937037,0.20333142578601837,0.7080000042915344,0.2773999869823456
YPL112C,YER100W,0,-6.1937914,0.20327304303646088,0.7080000042915344,0.2775000035762787
YNL127W,YBR127C,0,-6.193919,0.20321469008922577,0.7080000042915344,0.2775999903678894
YKL015W,YPL235W,0,-6.19392,0.20315638184547424,0.7080000042915344,0.2777000069618225
YJL124C,YAL029C,0,-6.1941533,0.2030981034040451,0.7080000042915344,0.2777999937534332
YNL117W,YOR343W-B,0,-6.194232,0.20303986966609955,0.7080000042915344,0.27790001034736633
YIL142W,YBL051C,0,-6.19433,0.20298165082931519,0.7080000042915344,0.27799999713897705
YPL275W,YDR258C,0,-6.194527,0.2029234766960144,0.7080000042915344,0.27810001373291016
YGL054C,YIL019W,0,-6.194829,0.202865332365036,0.7080000042915344,0.2782000005245209
YKR066C,YJL004C,0,-6.1949654,0.20280721783638,0.7080000042915344,0.2782999873161316
YOR133W,YER159C-A,0,-6.195176,0.20274914801120758,0.7080000042915344,0.2784000039100647
YPR113W,YBL018C,0,-6.1953387,0.20269109308719635,0.7080000042915344,0.2784999907016754
YIL037C,YPR173C,0,-6.195371,0.2026330828666687,0.7080000042915344,0.2786000072956085
YGL005C,YCL061C,0,-6.1953974,0.20257510244846344,0.7080000042915344,0.27869999408721924
YMR032W,YHL007C,0,-6.1956396,0.20251716673374176,0.7080000042915344,0.27880001068115234
YAL002W,YPR158W-A,0,-6.1957803,0.20245924592018127,0.7080000042915344,0.27889999747276306
YPR008W,YER028C,1,-6.1958284,0.20268724858760834,0.7089999914169312,0.27889999747276306
YGL033W,YCR058C,0,-6.1958337,0.20262932777404785,0.7089999914169312,0.27900001406669617
YCL012W,YJL167W,0,-6.1959515,0.20257142186164856,0.7089999914169312,0.2791000008583069
YDR456W,YOL143C,0,-6.1962514,0.20251356065273285,0.7089999914169312,0.2791999876499176
YCR027C,YLR256W-A,0,-6.1966867,0.20245574414730072,0.7089999914169312,0.2793000042438507
YGL022W,YGR109W-B,0,-6.1968756,0.20239794254302979,0.7089999914169312,0.2793999910354614
YOL104C,YLR301W,0,-6.197235,0.20234018564224243,0.7089999914169312,0.27950000762939453
YBR017C,YER074W-A,0,-6.1972485,0.20228245854377747,0.7089999914169312,0.27959999442100525
YLR084C,YNL113W,0,-6.19727,0.2022247612476349,0.7089999914169312,0.27970001101493835
YOR316C,YMR192W,0,-6.1973352,0.2021670937538147,0.7089999914169312,0.2797999978065491
YOR240W,YBR035C,0,-6.1975493,0.2021094709634781,0.7089999914169312,0.2799000144004822
YJL098W,YBR083W,0,-6.1976166,0.20205186307430267,0.7089999914169312,0.2800000011920929
YKL204W,YGL073W,0,-6.197644,0.20199429988861084,0.7089999914169312,0.2800999879837036
YGL094C,YDR289C,0,-6.1977196,0.2019367665052414,0.7089999914169312,0.2802000045776367
YCR102C,YOR343W-B,0,-6.1978197,0.20187927782535553,0.7089999914169312,0.28029999136924744
YHR006W,YNL284C-B,0,-6.1980085,0.20182180404663086,0.7089999914169312,0.28040000796318054
YNL041C,YKL054C,0,-6.1980324,0.20176437497138977,0.7089999914169312,0.28049999475479126
YER142C,YLR410W-A,0,-6.1984243,0.20170697569847107,0.7089999914169312,0.28060001134872437
YJR055W,YKL186C,0,-6.19847,0.20164960622787476,0.7089999914169312,0.2806999981403351
YDR463W,YOR343W-B,0,-6.1986127,0.20159226655960083,0.7089999914169312,0.2808000147342682
YMR001C,YPL050C,0,-6.198731,0.2015349566936493,0.7089999914169312,0.2809000015258789
YJL201W,YMR207C,0,-6.1987424,0.20147769153118134,0.7089999914169312,0.2809999883174896
YDR216W,YAR019C,0,-6.198797,0.20142045617103577,0.7089999914169312,0.28110000491142273
YIL036W,YFL021W,1,-6.1988673,0.20164726674556732,0.7099999785423279,0.28110000491142273
YMR072W,YDR260C,0,-6.1990385,0.20159000158309937,0.7099999785423279,0.28119999170303345
YOR110W,YGR186W,1,-6.1994247,0.2018166333436966,0.7110000252723694,0.28119999170303345
YNL039W,YPL011C,1,-6.1994295,0.20204313099384308,0.7120000123977661,0.28119999170303345
YLR158C,YGR284C,0,-6.1995363,0.20198582112789154,0.7120000123977661,0.28130000829696655
YDR116C,YJL029C,0,-6.1997943,0.2019285261631012,0.7120000123977661,0.28139999508857727
YJL167W,YOR132W,0,-6.1998005,0.20187127590179443,0.7120000123977661,0.2815000116825104
YKL005C,YCR055C,0,-6.1998725,0.20181405544281006,0.7120000123977661,0.2815999984741211
YBL013W,YHR024C,0,-6.199897,0.20175686478614807,0.7120000123977661,0.2816999852657318
YGR004W,YDL064W,0,-6.2000475,0.20169971883296967,0.7120000123977661,0.2818000018596649
YDR437W,YKR087C,0,-6.200093,0.20164258778095245,0.7120000123977661,0.28189998865127563
YBR160W,YLR240W,0,-6.2001476,0.20158550143241882,0.7120000123977661,0.28200000524520874
YMR001C,YDR372C,0,-6.200178,0.20152844488620758,0.7120000123977661,0.28209999203681946
YKR062W,YGR186W,1,-6.2004604,0.2017543911933899,0.7129999995231628,0.28209999203681946
YMR080C,YDL208W,0,-6.200609,0.20169731974601746,0.7129999995231628,0.28220000863075256
YML099C,YDL043C,0,-6.2006316,0.2016402781009674,0.7129999995231628,0.2822999954223633
YKL178C,YDR261C-D,0,-6.2007074,0.20158326625823975,0.7129999995231628,0.2824000120162964
YDL047W,YOR084W,0,-6.2007647,0.20152628421783447,0.7129999995231628,0.2824999988079071
YNL314W,YNL257C,1,-6.201162,0.20175190269947052,0.7139999866485596,0.2824999988079071
YMR246W,YER165W,0,-6.2013617,0.20169492065906525,0.7139999866485596,0.2825999855995178
YOR230W,YBR012W-B,0,-6.20137,0.20163795351982117,0.7139999866485596,0.2827000021934509
YIL021W,YPL106C,0,-6.2013865,0.20158103108406067,0.7139999866485596,0.28279998898506165
YLL013C,YKL056C,0,-6.2014036,0.20152413845062256,0.7139999866485596,0.28290000557899475
YIL112W,YDR356W,0,-6.2014165,0.20146727561950684,0.7139999866485596,0.28299999237060547
YBR179C,YJR027W,0,-6.2015038,0.2014104425907135,0.7139999866485596,0.2831000089645386
YDR423C,YDR316W-A,0,-6.201544,0.20135363936424255,0.7139999866485596,0.2831999957561493
YGL003C,YKL196C,0,-6.201654,0.201296865940094,0.7139999866485596,0.2833000123500824
YHR115C,YGL194C,0,-6.2016582,0.20124013721942902,0.7139999866485596,0.2833999991416931
YPL129W,YMR227C,1,-6.2016597,0.2014652043581009,0.7149999737739563,0.2833999991416931
YJL035C,YPL120W,0,-6.2017937,0.20140844583511353,0.7149999737739563,0.28349998593330383
YJL054W,YIR026C,0,-6.202021,0.20135173201560974,0.7149999737739563,0.28360000252723694
YDR037W,YPR088C,0,-6.202158,0.20129504799842834,0.7149999737739563,0.28369998931884766
YKL173W,YML034W,0,-6.2022686,0.20123839378356934,0.7149999737739563,0.28380000591278076
YKR086W,YOR088W,0,-6.2023277,0.20118176937103271,0.7149999737739563,0.2838999927043915
YBR085W,YNL082W,0,-6.202603,0.20112517476081848,0.7149999737739563,0.2840000092983246
YDR097C,YFL002W-B,0,-6.2028093,0.20106860995292664,0.7149999737739563,0.2840999960899353
YPL006W,YML007W,0,-6.202878,0.20101208984851837,0.7149999737739563,0.2842000126838684
YNL085W,YPR158W-B,0,-6.202903,0.2009555995464325,0.7149999737739563,0.2842999994754791
YBR186W,YBR095C,0,-6.2029796,0.2008991241455078,0.7149999737739563,0.28439998626708984
YGL145W,YDR316W-B,0,-6.2030907,0.2008426934480667,0.7149999737739563,0.28450000286102295
YPR188C,YBR275C,0,-6.2031555,0.200786292552948,0.7149999737739563,0.28459998965263367
YDR043C,YDR365W-B,0,-6.2032785,0.20072992146015167,0.7149999737739563,0.2847000062465668
YPL093W,YER159C-A,0,-6.203332,0.20067359507083893,0.7149999737739563,0.2847999930381775
YDR173C,YJR049C,0,-6.203444,0.20061728358268738,0.7149999737739563,0.2849000096321106
YLR148W,YLR227W-A,0,-6.203479,0.2005610167980194,0.7149999737739563,0.2849999964237213
YDR194C,YGR161W-A,0,-6.203533,0.20050476491451263,0.7149999737739563,0.2851000130176544
YOR241W,YOR179C,0,-6.203679,0.20044855773448944,0.7149999737739563,0.28519999980926514
YDL227C,YNL283C,0,-6.2037234,0.20039238035678864,0.7149999737739563,0.28529998660087585
YCL016C,YDR069C,0,-6.20387,0.20033623278141022,0.7149999737739563,0.28540000319480896
YDL165W,YDR039C,0,-6.2038875,0.2002801150083542,0.7149999737739563,0.2854999899864197
YLR431C,YGL087C,0,-6.2038984,0.20022402703762054,0.7149999737739563,0.2856000065803528
YPL159C,YPR137C-B,0,-6.203988,0.2001679688692093,0.7149999737739563,0.2856999933719635
YKL057C,YNL250W,0,-6.2041807,0.20011195540428162,0.7149999737739563,0.2858000099658966
YDL079C,YKL006C-A,0,-6.20433,0.20005595684051514,0.7149999737739563,0.2858999967575073
YPL036W,YHL009W-B,0,-6.2044106,0.20000000298023224,0.7149999737739563,0.28600001335144043
YOR198C,YDR353W,0,-6.2044935,0.19994407892227173,0.7149999737739563,0.28610000014305115
YML065W,YDR189W,0,-6.2045975,0.1998881697654724,0.7149999737739563,0.28619998693466187
YPR016C,YGR272C,0,-6.2047596,0.19983230531215668,0.7149999737739563,0.28630000352859497
YOR069W,YJL114W,0,-6.2048316,0.19977647066116333,0.7149999737739563,0.2863999903202057
YGL053W,YPR158C-D,0,-6.204857,0.19972066581249237,0.7149999737739563,0.2865000069141388
YMR308C,YPR158W-A,0,-6.204937,0.1996648907661438,0.7149999737739563,0.2865999937057495
YDL029W,YPR199C,0,-6.2049565,0.1996091604232788,0.7149999737739563,0.2867000102996826
YOL004W,YNL046W,0,-6.205044,0.199553444981575,0.7149999737739563,0.28679999709129333
YJL198W,YIL061C,0,-6.2050533,0.1994977742433548,0.7149999737739563,0.28690001368522644
YOR023C,YMR030W,0,-6.205106,0.19944211840629578,0.7149999737739563,0.28700000047683716
YNL323W,YPL174C,0,-6.2051754,0.19938650727272034,0.7149999737739563,0.2870999872684479
YNL172W,YGR224W,0,-6.2052746,0.1993309110403061,0.7149999737739563,0.287200003862381
YJR137C,YDR098C-A,0,-6.205415,0.19927535951137543,0.7149999737739563,0.2872999906539917
YLR353W,YMR156C,0,-6.205678,0.19921983778476715,0.7149999737739563,0.2874000072479248
YLR276C,YGR027W-B,0,-6.2057023,0.19916434586048126,0.7149999737739563,0.2874999940395355
YPR023C,YOL013C,0,-6.205806,0.19910888373851776,0.7149999737739563,0.28760001063346863
YOR240W,YHR119W,0,-6.2062063,0.19905345141887665,0.7149999737739563,0.28769999742507935
YMR069W,YOR060C,0,-6.2062626,0.19899804890155792,0.7149999737739563,0.28780001401901245
YML069W,YAL001C,1,-6.2062654,0.1992209255695343,0.7160000205039978,0.28780001401901245
YNL245C,YDR527W,0,-6.2062883,0.19916550815105438,0.7160000205039978,0.28790000081062317
YER143W,YMR218C,0,-6.20646,0.19911012053489685,0.7160000205039978,0.2879999876022339
YJR053W,YGR038C-A,0,-6.206499,0.1990547627210617,0.7160000205039978,0.288100004196167
YPL233W,YDR498C,0,-6.206554,0.19899944961071014,0.7160000205039978,0.2881999909877777
YPL202C,YGR274C,1,-6.2065635,0.19922201335430145,0.7170000076293945,0.2881999909877777
YDL031W,YOR171C,0,-6.2065926,0.1991666704416275,0.7170000076293945,0.2883000075817108
YOL127W,YHL009W-B,0,-6.206595,0.19911135733127594,0.7170000076293945,0.28839999437332153
YHR169W,YER180C-A,0,-6.206754,0.19905607402324677,0.7170000076293945,0.28850001096725464
YMR247C,YPL253C,0,-6.2068005,0.19900083541870117,0.7170000076293945,0.28859999775886536
YAL047C,YBL100W-B,0,-6.2070065,0.19894561171531677,0.7170000076293945,0.28870001435279846
YOL156W,YDR372C,0,-6.2070394,0.19889043271541595,0.7170000076293945,0.2888000011444092
YGL130W,YML126C,0,-6.2070656,0.19883526861667633,0.7170000076293945,0.2888999879360199
YJL095W,YLR438C-A,0,-6.2070665,0.1987801492214203,0.7170000076293945,0.289000004529953
YJL030W,YOR210W,0,-6.207133,0.19872505962848663,0.7170000076293945,0.2890999913215637
YPR046W,YDR261C-D,0,-6.2071686,0.19866998493671417,0.7170000076293945,0.2892000079154968
YKL029C,YFL002W-A,0,-6.2073836,0.1986149549484253,0.7170000076293945,0.28929999470710754
YOR028C,YJR120W,0,-6.207385,0.1985599547624588,0.7170000076293945,0.28940001130104065
YJL029C,YOR142W-B,0,-6.207424,0.1985049843788147,0.7170000076293945,0.28949999809265137
YLR410W-B,YNL054W-A,0,-6.207488,0.19845004379749298,0.7170000076293945,0.2896000146865845
YPL193W,YPR182W,0,-6.207675,0.19839513301849365,0.7170000076293945,0.2897000014781952
YJL059W,YBL100W-A,0,-6.207705,0.1983402520418167,0.7170000076293945,0.2897999882698059
YDR461W,YDR098C-A,0,-6.207711,0.19828540086746216,0.7170000076293945,0.289900004863739
YMR038C,YCL034W,0,-6.2077537,0.19823057949543,0.7170000076293945,0.28999999165534973
YCR005C,YDR293C,0,-6.2078414,0.19817578792572021,0.7170000076293945,0.29010000824928284
YKR097W,YDR334W,0,-6.208092,0.19812102615833282,0.7170000076293945,0.29019999504089355
YPL031C,YDR316W-B,0,-6.208221,0.19806629419326782,0.7170000076293945,0.29030001163482666
YKL152C,YGR027W-A,0,-6.208253,0.1980115920305252,0.7170000076293945,0.2903999984264374
YJL214W,YDR369C,0,-6.2083616,0.19795693457126617,0.7170000076293945,0.2904999852180481
YLR032W,YDR261W-B,0,-6.2083645,0.19790229201316833,0.7170000076293945,0.2906000018119812
YBL097W,YER159C-A,0,-6.208412,0.19784767925739288,0.7170000076293945,0.2906999886035919
YLR148W,YIL037C,0,-6.208585,0.19779309630393982,0.7170000076293945,0.290800005197525
YDR163W,YBR006W,0,-6.208585,0.19773855805397034,0.7170000076293945,0.29089999198913574
YOL016C,YGR209C,0,-6.2086687,0.19768403470516205,0.7170000076293945,0.29100000858306885
YMR200W,YPR032W,0,-6.209049,0.19762954115867615,0.7170000076293945,0.29109999537467957
YDR457W,YLL040C,0,-6.209059,0.19757509231567383,0.7170000076293945,0.29120001196861267
YDL029W,YGL044C,0,-6.2091885,0.1975206583738327,0.7170000076293945,0.2912999987602234
YGR074W,YHL009W-B,0,-6.2093053,0.19746626913547516,0.7170000076293945,0.2913999855518341
YHR072W,YDL058W,0,-6.209388,0.1974118947982788,0.7170000076293945,0.2915000021457672
YFR041C,YNL309W,0,-6.2093916,0.19735755026340485,0.7170000076293945,0.29159998893737793
YGL190C,YOL108C,0,-6.2093983,0.19730325043201447,0.7170000076293945,0.29170000553131104
YGR097W,YJL053W,0,-6.2094545,0.19724896550178528,0.7170000076293945,0.29179999232292175
YJL014W,YGR272C,0,-6.209531,0.19719472527503967,0.7170000076293945,0.29190000891685486
YJR126C,YLR157C-B,0,-6.2096243,0.19714049994945526,0.7170000076293945,0.2919999957084656
YPL008W,YDL201W,0,-6.210038,0.19708630442619324,0.7170000076293945,0.2921000123023987
YPL078C,YFL002W-B,0,-6.2100863,0.1970321536064148,0.7170000076293945,0.2921999990940094
YOL105C,YDR210W-A,0,-6.2103567,0.19697801768779755,0.7170000076293945,0.2922999858856201
YPL175W,YDL015C,0,-6.2105255,0.19692392647266388,0.7170000076293945,0.2924000024795532
YGL251C,YNL123W,0,-6.210565,0.1968698501586914,0.7170000076293945,0.29249998927116394
YMR092C,YDR334W,0,-6.21058,0.19681581854820251,0.7170000076293945,0.29260000586509705
YDR076W,YEL012W,0,-6.210612,0.19676180183887482,0.7170000076293945,0.29269999265670776
YJR156C,YDR261W-B,0,-6.210739,0.1967078149318695,0.7170000076293945,0.29280000925064087
YKL152C,YNL054W-A,0,-6.2108355,0.19665387272834778,0.7170000076293945,0.2928999960422516
YNR026C,YBR165W,0,-6.2109666,0.19659994542598724,0.7170000076293945,0.2930000126361847
YIL066C,YDL217C,0,-6.2111435,0.1965460479259491,0.7170000076293945,0.2930999994277954
YOL067C,YGR047C,1,-6.2112217,0.19676624238491058,0.7179999947547913,0.2930999994277954
YPR056W,YAL001C,1,-6.2113676,0.19698630273342133,0.718999981880188,0.2930999994277954
YGL207W,YDR460W,1,-6.2114224,0.19720624387264252,0.7200000286102295,0.2930999994277954
YBL051C,YOR089C,0,-6.2115574,0.197152242064476,0.7200000286102295,0.29319998621940613
YLR328W,YOR142W-B,0,-6.2117834,0.1970982700586319,0.7200000286102295,0.29330000281333923
YLR342W,YGR020C,0,-6.2118387,0.19704432785511017,0.7200000286102295,0.29339998960494995
YDL088C,YLR095C,0,-6.2118654,0.19699043035507202,0.7200000286102295,0.29350000619888306
YJR078W,YKL203C,0,-6.212181,0.19693654775619507,0.7200000286102295,0.2935999929904938
YFR055W,YGR161W-A,0,-6.2122183,0.1968826949596405,0.7200000286102295,0.2937000095844269
YGR192C,YDR210W-A,0,-6.212323,0.19682887196540833,0.7200000286102295,0.2937999963760376
YDR168W,YGR185C,0,-6.2123747,0.19677507877349854,0.7200000286102295,0.2939000129699707
YOL089C,YER148W,1,-6.2125826,0.19699452817440033,0.7210000157356262,0.2939000129699707
YDR025W,YBR172C,0,-6.212618,0.19694072008132935,0.7210000157356262,0.2939999997615814
YPL164C,YIL084C,0,-6.2126455,0.19688694179058075,0.7210000157356262,0.29409998655319214
YGR246C,YPL011C,1,-6.2130294,0.19710619747638702,0.722000002861023,0.29409998655319214
YMR299C,YDR261C-D,0,-6.2130876,0.19705240428447723,0.722000002861023,0.29420000314712524
YNL257C,YPL122C,1,-6.2131095,0.19727148115634918,0.7229999899864197,0.29420000314712524
YBL105C,YJL222W,0,-6.2133975,0.1972176730632782,0.7229999899864197,0.29429998993873596
YPL117C,YFL002W-A,0,-6.2134233,0.1971638947725296,0.7229999899864197,0.29440000653266907
YBR199W,YLR227W-B,0,-6.213642,0.1971101462841034,0.7229999899864197,0.2944999933242798
YLR233C,YDR018C,0,-6.213684,0.19705641269683838,0.7229999899864197,0.2946000099182129
YBR059C,YDR261W-B,0,-6.213882,0.19700272381305695,0.7229999899864197,0.2946999967098236
YGR047C,YKL058W,1,-6.2140656,0.19722147285938263,0.7239999771118164,0.2946999967098236
YPR081C,YHR158C,0,-6.214142,0.1971677541732788,0.7239999771118164,0.2948000133037567
YIL131C,YGR161C-C,0,-6.2141666,0.19711408019065857,0.7239999771118164,0.29490000009536743
YPR086W,YGR274C,1,-6.214202,0.19733260571956635,0.7250000238418579,0.29490000009536743
YDL198C,YOR088W,0,-6.214202,0.1972789168357849,0.7250000238418579,0.29499998688697815
YBL003C,YDR210W-A,0,-6.214331,0.19722524285316467,0.7250000238418579,0.29510000348091125
YCR042C,YKL058W,1,-6.21446,0.19744357466697693,0.7260000109672546,0.29510000348091125
YLR391W,YKL081W,0,-6.2144694,0.1973898857831955,0.7260000109672546,0.295199990272522
YLR453C,YKL203C,0,-6.2146597,0.19733622670173645,0.7260000109672546,0.2953000068664551
YBR175W,YCR060W,0,-6.214735,0.197282612323761,0.7260000109672546,0.2953999936580658
YCL012W,YGL027C,0,-6.214912,0.19722901284694672,0.7260000109672546,0.2955000102519989
YOR049C,YLR227W-B,0,-6.214946,0.19717544317245483,0.7260000109672546,0.2955999970436096
YML064C,YDR322C-A,0,-6.2149725,0.19712191820144653,0.7260000109672546,0.2957000136375427
YBR090C-A,YNL121C,0,-6.215056,0.19706840813159943,0.7260000109672546,0.29580000042915344
YNR008W,YDR365W-B,0,-6.215185,0.1970149278640747,0.7260000109672546,0.29589998722076416
YNR044W,YLR451W,0,-6.2155104,0.19696147739887238,0.7260000109672546,0.29600000381469727
YDR054C,YDL098C,0,-6.2155447,0.19690805673599243,0.7260000109672546,0.296099990606308
YNL070W,YER159C-A,0,-6.21556,0.19685466587543488,0.7260000109672546,0.2962000072002411
YKL008C,YML039W,0,-6.2155905,0.1968013048171997,0.7260000109672546,0.2962999939918518
YDR097C,YML021C,0,-6.2156854,0.19674797356128693,0.7260000109672546,0.2964000105857849
YGL116W,YLR312C-B,0,-6.215692,0.19669465720653534,0.7260000109672546,0.29649999737739563
YPL049C,YGR027W-A,0,-6.2156954,0.19664138555526733,0.7260000109672546,0.29660001397132874
YER127W,YOR045W,0,-6.215769,0.19658814370632172,0.7260000109672546,0.29670000076293945
YBL019W,YGL067W,0,-6.2157793,0.1965349167585373,0.7260000109672546,0.29679998755455017
YML097C,YER159C-A,0,-6.21586,0.19648173451423645,0.7260000109672546,0.2969000041484833
YLR113W,YHR079C-A,0,-6.2159004,0.1964285671710968,0.7260000109672546,0.296999990940094
YCL008C,YJR026W,0,-6.2161326,0.19637544453144073,0.7260000109672546,0.2971000075340271
YNR010W,YKL200C,0,-6.216156,0.19632233679294586,0.7260000109672546,0.2971999943256378
YDL030W,YNL046W,0,-6.216166,0.19626925885677338,0.7260000109672546,0.2973000109195709
YKR066C,YFL002W-A,0,-6.2162285,0.19621621072292328,0.7260000109672546,0.29739999771118164
YDR398W,YDR210C-C,0,-6.2163243,0.19616319239139557,0.7260000109672546,0.29750001430511475
YHR204W,YNL290W,0,-6.2163324,0.19611020386219025,0.7260000109672546,0.29760000109672546
YMR313C,YPL065W,0,-6.216351,0.1960572451353073,0.7260000109672546,0.2976999878883362
YPR019W,YIL070C,0,-6.216426,0.19600431621074677,0.7260000109672546,0.2978000044822693
YGL223C,YML016C,0,-6.216481,0.1959514170885086,0.7260000109672546,0.29789999127388
YJR158W,YOR321W,0,-6.21651,0.19589854776859283,0.7260000109672546,0.2980000078678131
YPL267W,YDL109C,0,-6.216771,0.19584569334983826,0.7260000109672546,0.29809999465942383
YCL024W,YER137C-A,0,-6.216774,0.19579288363456726,0.7260000109672546,0.29820001125335693
YDR372C,YDR306C,0,-6.2168055,0.19574008882045746,0.7260000109672546,0.29829999804496765
YER045C,YNL257C,1,-6.216898,0.19595687091350555,0.7269999980926514,0.29829999804496765
YOR224C,YOR216C,0,-6.2169714,0.19590407609939575,0.7269999980926514,0.29840001463890076
YMR038C,YNL054W-A,0,-6.217029,0.19585129618644714,0.7269999980926514,0.2985000014305115
YJL020C,YJR027W,0,-6.2170534,0.19579854607582092,0.7269999980926514,0.2985999882221222
YPR008W,YML098W,1,-6.217293,0.19601507484912872,0.7279999852180481,0.2985999882221222
YOR047C,YCL062W,0,-6.21733,0.1959623098373413,0.7279999852180481,0.2987000048160553
YNR008W,YML027W,0,-6.217415,0.19590957462787628,0.7279999852180481,0.298799991607666
YPL174C,YOR270C,0,-6.217449,0.19585686922073364,0.7279999852180481,0.2989000082015991
YDR142C,YOR043W,0,-6.2174754,0.1958041936159134,0.7279999852180481,0.29899999499320984
YER143W,YML062C,0,-6.217617,0.19575154781341553,0.7279999852180481,0.29910001158714294
YOL002C,YLR410W-A,0,-6.2176876,0.19569893181324005,0.7279999852180481,0.29919999837875366
YOR188W,YNL082W,0,-6.217791,0.19564633071422577,0.7279999852180481,0.2992999851703644
YKL021C,YER022W,0,-6.2178106,0.19559375941753387,0.7279999852180481,0.2994000017642975
YOL165C,YPR054W,0,-6.2179146,0.19554123282432556,0.7279999852180481,0.2994999885559082
YCR005C,YGR044C,0,-6.2179894,0.19548872113227844,0.7279999852180481,0.2996000051498413
YMR048W,YOL129W,0,-6.2181273,0.1954362392425537,0.7279999852180481,0.299699991941452
YDL078C,YPR158C-C,0,-6.218198,0.19538378715515137,0.7279999852180481,0.29980000853538513
YHR102W,YFL038C,0,-6.2183275,0.1953313648700714,0.7279999852180481,0.29989999532699585
YOR216C,YLR227W-B,0,-6.2183475,0.19527897238731384,0.7279999852180481,0.30000001192092896
YJL024C,YDR393W,0,-6.2185526,0.19522660970687866,0.7279999852180481,0.3000999987125397
YGR081C,YJR141W,0,-6.218589,0.19517426192760468,0.7279999852180481,0.3001999855041504
YLR310C,YLR442C,0,-6.218631,0.19512194395065308,0.7279999852180481,0.3003000020980835
YGL020C,YDR078C,0,-6.218726,0.19506967067718506,0.7279999852180481,0.3003999888896942
YER016W,YDL059C,0,-6.2188287,0.19501741230487823,0.7279999852180481,0.3005000054836273
YHR115C,YPR158W-B,0,-6.2188354,0.1949651837348938,0.7279999852180481,0.30059999227523804
YDR005C,YBL100W-A,0,-6.218936,0.19491298496723175,0.7279999852180481,0.30070000886917114
YDR225W,YDR363W-A,0,-6.2190733,0.1948608160018921,0.7279999852180481,0.30079999566078186
YCR055C,YDL138W,0,-6.2191143,0.19480867683887482,0.7279999852180481,0.30090001225471497
YIL044C,YMR190C,0,-6.2192354,0.19475655257701874,0.7279999852180481,0.3009999990463257
YPL177C,YOL067C,1,-6.21924,0.19497191905975342,0.7289999723434448,0.3009999990463257
YGL183C,YJR010C-A,0,-6.2192554,0.19491977989673615,0.7289999723434448,0.3010999858379364
YBL013W,YPL082C,0,-6.219262,0.19486768543720245,0.7289999723434448,0.3012000024318695
YKL190W,YLR157C-B,0,-6.2192993,0.19481560587882996,0.7289999723434448,0.3012999892234802
YBR004C,YGR170W,0,-6.219366,0.19476355612277985,0.7289999723434448,0.30140000581741333
YLR052W,YGR027W-A,0,-6.219439,0.19471153616905212,0.7289999723434448,0.30149999260902405
YAL056W,YMR125W,0,-6.219549,0.1946595460176468,0.7289999723434448,0.30160000920295715
YMR192W,YDR485C,0,-6.2196302,0.19460758566856384,0.7289999723434448,0.30169999599456787
YLR347C,YDR189W,0,-6.21968,0.1945556402206421,0.7289999723434448,0.301800012588501
YKL200C,YLR350W,0,-6.2198567,0.19450373947620392,0.7289999723434448,0.3018999993801117
YHR024C,YLL011W,0,-6.2198644,0.19445185363292694,0.7289999723434448,0.3019999861717224
YFL031W,YPR158W-B,0,-6.2200336,0.19439999759197235,0.7289999723434448,0.3021000027656555
YDR364C,YBR006W,0,-6.2201166,0.19434817135334015,0.7289999723434448,0.30219998955726624
YPL061W,YFR024C,0,-6.2203264,0.19429637491703033,0.7289999723434448,0.30230000615119934
YKL068W,YDR381W,0,-6.2203293,0.1942446082830429,0.7289999723434448,0.30239999294281006
YNL245C,YLR166C,0,-6.220333,0.19419285655021667,0.7289999723434448,0.30250000953674316
YIL115C,YKL006C-A,0,-6.2203875,0.19414114952087402,0.7289999723434448,0.3025999963283539
YLL004W,YLR014C,0,-6.220396,0.19408945739269257,0.7289999723434448,0.302700012922287
YJR077C,YPL283C,0,-6.220583,0.1940377950668335,0.7289999723434448,0.3027999997138977
YCL055W,YOR351C,0,-6.220872,0.19398616254329681,0.7289999723434448,0.3028999865055084
YPL053C,YDL040C,0,-6.2211795,0.19393455982208252,0.7289999723434448,0.30300000309944153
YGL168W,YOR192C-B,0,-6.221263,0.19388297200202942,0.7289999723434448,0.30309998989105225
YNL284C-B,YOR060C,0,-6.221263,0.1938314288854599,0.7289999723434448,0.30320000648498535
YMR316W,YBR102C,0,-6.221363,0.19377990067005157,0.7289999723434448,0.30329999327659607
YJR066W,YGR161C-C,0,-6.2213635,0.19372840225696564,0.7289999723434448,0.3034000098705292
YMR104C,YFL002W-A,0,-6.22149,0.1936769336462021,0.7289999723434448,0.3034999966621399
YNL272C,YDR160W,0,-6.2215166,0.19362549483776093,0.7289999723434448,0.303600013256073
YGL226C-A,YBR275C,0,-6.2216706,0.19357408583164215,0.7289999723434448,0.3037000000476837
YJL071W,YOR260W,0,-6.221698,0.19352269172668457,0.7289999723434448,0.30379998683929443
YDL092W,YGR161C-C,0,-6.2218466,0.19347134232521057,0.7289999723434448,0.30390000343322754
YOR112W,YOR295W,0,-6.2220306,0.19342000782489777,0.7289999723434448,0.30399999022483826
YDL059C,YDR316W-A,0,-6.2221565,0.19336870312690735,0.7289999723434448,0.30410000681877136
YOL112W,YHR133C,0,-6.2222433,0.19331742823123932,0.7289999723434448,0.3041999936103821
YCL060C,YNL003C,0,-6.2222548,0.19326616823673248,0.7289999723434448,0.3043000102043152
YJR066W,YDR098C-A,0,-6.2223296,0.19321495294570923,0.7289999723434448,0.3043999969959259
YKL055C,YLR337W,0,-6.2223887,0.19316375255584717,0.7289999723434448,0.304500013589859
YPR008W,YNL222W,1,-6.222794,0.19337747991085052,0.7300000190734863,0.304500013589859
YDL243C,YHR012W,0,-6.2229285,0.19332626461982727,0.7300000190734863,0.3046000003814697
YML052W,YHL009W-B,0,-6.22295,0.1932750791311264,0.7300000190734863,0.30469998717308044
YER045C,YMR227C,1,-6.223037,0.19348861277103424,0.7310000061988831,0.30469998717308044
YKL074C,YPL257W-A,0,-6.223068,0.19343741238117218,0.7310000061988831,0.30480000376701355
YBR084W,YDR412W,0,-6.2231426,0.1933862417936325,0.7310000061988831,0.30489999055862427
YOR240W,YIL066C,0,-6.2233524,0.19333510100841522,0.7310000061988831,0.3050000071525574
YDL132W,YGL144C,0,-6.2233887,0.19328397512435913,0.7310000061988831,0.3050999939441681
YDR037W,YGL135W,0,-6.2234097,0.19323287904262543,0.7310000061988831,0.3052000105381012
YGR224W,YJR090C,0,-6.223443,0.1931818127632141,0.7310000061988831,0.3052999973297119
YDR191W,YOL072W,0,-6.223743,0.19313077628612518,0.7310000061988831,0.305400013923645
YGL166W,YPL011C,1,-6.223764,0.1933438926935196,0.7319999933242798,0.305400013923645
YEL017C-A,YBR111W-A,0,-6.2240067,0.19329284131526947,0.7319999933242798,0.30550000071525574
YJR144W,YPR158W-A,0,-6.2241135,0.19324181973934174,0.7319999933242798,0.30559998750686646
YPL270W,YLR090W,0,-6.224115,0.1931908130645752,0.7319999933242798,0.30570000410079956
YPR179C,YPR158C-D,0,-6.224272,0.19313983619213104,0.7319999933242798,0.3057999908924103
YNL331C,YOL110W,0,-6.224284,0.19308888912200928,0.7319999933242798,0.3059000074863434
YDL030W,YOR140W,0,-6.2242985,0.1930379718542099,0.7319999933242798,0.3059999942779541
YPR001W,YLR410W-B,0,-6.2243156,0.1929870843887329,0.7319999933242798,0.3061000108718872
YML071C,YDR078C,0,-6.224343,0.19293621182441711,0.7319999933242798,0.3061999976634979
YKL059C,YLR362W,0,-6.22437,0.1928853690624237,0.7319999933242798,0.30630001425743103
YJL092W,YDR210C-D,0,-6.2244296,0.19283455610275269,0.7319999933242798,0.30640000104904175
YHR059W,YER159C-A,0,-6.2245345,0.19278377294540405,0.7319999933242798,0.30649998784065247
YLR085C,YLR284C,0,-6.224573,0.1927330195903778,0.7319999933242798,0.30660000443458557
YLR233C,YPR078C,0,-6.22462,0.19268228113651276,0.7319999933242798,0.3066999912261963
YPL255W,YLR212C,0,-6.2246523,0.1926315724849701,0.7319999933242798,0.3068000078201294
YPR191W,YGL098W,0,-6.2246795,0.19258089363574982,0.7319999933242798,0.3068999946117401
YBR201W,YPL006W,0,-6.224931,0.19253024458885193,0.7319999933242798,0.3070000112056732
YLR381W,YGR285C,0,-6.224984,0.19247962534427643,0.7319999933242798,0.30709999799728394
YFL021W,YOR110W,1,-6.224985,0.19269190728664398,0.7329999804496765,0.30709999799728394
YDL130W-A,YEL020W-A,0,-6.2251534,0.1926412582397461,0.7329999804496765,0.30720001459121704
YPL249C,YJR104C,0,-6.225271,0.1925906389951706,0.7329999804496765,0.30730000138282776
YLR231C,YMR250W,0,-6.2256417,0.19254006445407867,0.7329999804496765,0.3073999881744385
YNL110C,YCR024C-A,0,-6.2257023,0.19248948991298676,0.7329999804496765,0.3075000047683716
YOR185C,YIL017W,0,-6.2257137,0.19243896007537842,0.7329999804496765,0.3075999915599823
YBR188C,YPL060C-A,0,-6.225771,0.19238844513893127,0.7329999804496765,0.3077000081539154
YBR276C,YDL015C,0,-6.2257833,0.1923379749059677,0.7329999804496765,0.3077999949455261
YIL036W,YPL122C,1,-6.225798,0.19254983961582184,0.734000027179718,0.3077999949455261
YDR508C,YGR238C,0,-6.225868,0.1924993395805359,0.734000027179718,0.30790001153945923
YDR040C,YER133W,0,-6.2262297,0.19244886934757233,0.734000027179718,0.30799999833106995
YJR112W,YGR099W,0,-6.2262306,0.19239842891693115,0.734000027179718,0.30809998512268066
YOL013C,YML076C,0,-6.226247,0.19234800338745117,0.734000027179718,0.30820000171661377
YDR335W,YLR424W,0,-6.226325,0.19229762256145477,0.734000027179718,0.3082999885082245
YCR055C,YJR035W,0,-6.226574,0.19224725663661957,0.734000027179718,0.3084000051021576
YBR041W,YMR077C,0,-6.226649,0.19219690561294556,0.734000027179718,0.3084999918937683
YOR327C,YCR033W,0,-6.2268844,0.19214659929275513,0.734000027179718,0.3086000084877014
YHL019C,YOL013C,0,-6.226901,0.1920963078737259,0.734000027179718,0.30869999527931213
YPR083W,YPR158W-A,0,-6.227165,0.19204604625701904,0.734000027179718,0.30880001187324524
YBR102C,YFL058W,0,-6.227212,0.19199581444263458,0.734000027179718,0.30889999866485596
YOL008W,YLR459W,0,-6.227303,0.1919456124305725,0.734000027179718,0.3089999854564667
YCR027C,YNL093W,0,-6.2273326,0.19189542531967163,0.734000027179718,0.3091000020503998
YPL125W,YOR142W-B,0,-6.227362,0.19184526801109314,0.734000027179718,0.3091999888420105
YLL026W,YCL060C,0,-6.2273664,0.19179514050483704,0.734000027179718,0.3093000054359436
YDR174W,YNL214W,0,-6.2276144,0.19174504280090332,0.734000027179718,0.3093999922275543
YOL033W,YNL310C,0,-6.2276573,0.1916949599981308,0.734000027179718,0.3095000088214874
YDR039C,YOR069W,0,-6.2276626,0.19164490699768066,0.734000027179718,0.30959999561309814
YDL079C,YLR227W-A,0,-6.2278137,0.19159488379955292,0.734000027179718,0.30970001220703125
YHR191C,YNL284C-B,0,-6.2278185,0.19154489040374756,0.734000027179718,0.30979999899864197
YOL004W,YPL106C,0,-6.2278214,0.1914949119091034,0.734000027179718,0.3098999857902527
YKL021C,YLR312C-B,0,-6.2278557,0.19144496321678162,0.734000027179718,0.3100000023841858
YFL035C,YPR182W,0,-6.2279205,0.19139504432678223,0.734000027179718,0.3100999891757965
YPL032C,YDR316W-A,0,-6.227936,0.19134515523910522,0.734000027179718,0.3102000057697296
YGR161C,YPL203W,0,-6.2279415,0.19129528105258942,0.734000027179718,0.31029999256134033
YNL192W,YDL245C,0,-6.22843,0.191245436668396,0.734000027179718,0.31040000915527344
YDR343C,YMR197C,0,-6.228444,0.19119562208652496,0.734000027179718,0.31049999594688416
YJR108W,YMR033W,0,-6.2285557,0.19114583730697632,0.734000027179718,0.31060001254081726
YOR373W,YNL099C,0,-6.2286696,0.19109606742858887,0.734000027179718,0.310699999332428
YGL241W,YDR260C,0,-6.2287765,0.1910463273525238,0.734000027179718,0.3107999861240387
YJR053W,YOR213C,0,-6.2288036,0.19099661707878113,0.734000027179718,0.3109000027179718
YLR268W,YPR158C-D,0,-6.2289495,0.19094693660736084,0.734000027179718,0.3109999895095825
YNR032C-A,YGR161C-C,0,-6.2289834,0.19089727103710175,0.734000027179718,0.3111000061035156
YJL184W,YKL200C,0,-6.2290077,0.19084763526916504,0.734000027179718,0.31119999289512634
YDR106W,YBL026W,0,-6.2290196,0.19079802930355072,0.734000027179718,0.31130000948905945
YBR072W,YLR256W-A,0,-6.2290335,0.1907484382390976,0.734000027179718,0.31139999628067017
YKR068C,YLR100W,0,-6.2291803,0.19069887697696686,0.734000027179718,0.31150001287460327
YDR009W,YGL075C,0,-6.229236,0.1906493455171585,0.734000027179718,0.311599999666214
YDL174C,YFR024C,0,-6.229448,0.19059984385967255,0.734000027179718,0.3116999864578247
YDR331W,YOL040C,0,-6.22945,0.19055035710334778,0.734000027179718,0.3118000030517578
YBL074C,YFL002W-B,0,-6.229599,0.1905009150505066,0.734000027179718,0.31189998984336853
YCL040W,YPL015C,0,-6.22962,0.1904514729976654,0.734000027179718,0.31200000643730164
YLR242C,YPL096C-A,0,-6.2296333,0.1904020756483078,0.734000027179718,0.31209999322891235
YIR009W,YLR410W-B,0,-6.229909,0.1903526932001114,0.734000027179718,0.31220000982284546
YLR096W,YCR080W,0,-6.2301626,0.19030334055423737,0.734000027179718,0.3122999966144562
YPL209C,YIL077C,0,-6.230278,0.19025401771068573,0.734000027179718,0.3124000132083893
YNL323W,YCR055C,0,-6.2305765,0.1902047097682953,0.734000027179718,0.3125
YER171W,YPL129W,1,-6.230622,0.19041450321674347,0.7350000143051147,0.3125
YKL020C,YLR256W-A,0,-6.2307177,0.19036519527435303,0.7350000143051147,0.3125999867916107
YCL014W,YFL018W-A,0,-6.230938,0.19031590223312378,0.7350000143051147,0.3127000033855438
YER061C,YPR161C,0,-6.2310514,0.19026663899421692,0.7350000143051147,0.31279999017715454
YPL082C,YDR527W,0,-6.2311144,0.19021739065647125,0.7350000143051147,0.31290000677108765
YMR250W,YLR410W-B,0,-6.2311993,0.19016817212104797,0.7350000143051147,0.31299999356269836
YOL094C,YDR034C-D,0,-6.2312346,0.19011898338794708,0.7350000143051147,0.31310001015663147
YML046W,YHL009W-B,0,-6.231326,0.19006982445716858,0.7350000143051147,0.3131999969482422
YBR243C,YFL036W,0,-6.23137,0.19002068042755127,0.7350000143051147,0.3133000135421753
YDR088C,YER160C,0,-6.2314262,0.18997156620025635,0.7350000143051147,0.313400000333786
YDR077W,YLR256W-A,0,-6.2314663,0.1899224817752838,0.7350000143051147,0.31349998712539673
YKL139W,YLR259C,0,-6.2316155,0.18987341225147247,0.7350000143051147,0.31360000371932983
YFR048W,YOR159C,0,-6.2316375,0.18982438743114471,0.7350000143051147,0.31369999051094055
YGL063W,YDR477W,0,-6.2316437,0.18977536261081696,0.7350000143051147,0.31380000710487366
YLR229C,YDR098C-A,0,-6.2317553,0.18972638249397278,0.7350000143051147,0.3138999938964844
YER045C,YGR274C,1,-6.231784,0.18993549048900604,0.7360000014305115,0.3138999938964844
YPL177C,YPR086W,1,-6.2319207,0.19014447927474976,0.7369999885559082,0.3138999938964844
YFL017W-A,YOR343W-B,0,-6.2322125,0.1900954395532608,0.7369999885559082,0.3140000104904175
YNR008W,YDR337W,0,-6.232232,0.19004641473293304,0.7369999885559082,0.3140999972820282
YML013W,YNL284C-B,0,-6.232355,0.18999741971492767,0.7369999885559082,0.3142000138759613
YBR275C,YER041W,0,-6.232399,0.1899484544992447,0.7369999885559082,0.314300000667572
YBL004W,YLR256W-A,0,-6.2324123,0.1898995041847229,0.7369999885559082,0.31439998745918274
YNL029C,YBR050C,0,-6.2325854,0.1898505985736847,0.7369999885559082,0.31450000405311584
YER105C,YCR055C,0,-6.2326303,0.18980169296264648,0.7369999885559082,0.31459999084472656
YOR027W,YLR410W-B,0,-6.232637,0.18975283205509186,0.7369999885559082,0.31470000743865967
YMR033W,YDR518W,0,-6.232666,0.18970398604869843,0.7369999885559082,0.3147999942302704
YML048W,YDL227C,0,-6.2327194,0.18965516984462738,0.7369999885559082,0.3149000108242035
YGL195W,YDR170W-A,0,-6.2327676,0.18960638344287872,0.7369999885559082,0.3149999976158142
YOL013C,YDR210C-D,0,-6.233177,0.18955761194229126,0.7369999885559082,0.3151000142097473
YMR047C,YDR059C,0,-6.233236,0.18950887024402618,0.7369999885559082,0.31520000100135803
YJL059W,YDR210C-D,0,-6.2334414,0.1894601583480835,0.7369999885559082,0.31529998779296875
YDR411C,YNL016W,0,-6.2335052,0.189411461353302,0.7369999885559082,0.31540000438690186
YPL121C,YDR034C-D,0,-6.2335196,0.1893627941608429,0.7369999885559082,0.3154999911785126
YKR066C,YML048W,0,-6.2336154,0.18931415677070618,0.7369999885559082,0.3156000077724457
YIL154C,YDR207C,0,-6.233695,0.18926553428173065,0.7369999885559082,0.3156999945640564
YDR411C,YBL056W,0,-6.2337265,0.18921694159507751,0.7369999885559082,0.3158000111579895
YGR086C,YGL004C,0,-6.2339306,0.18916837871074677,0.7369999885559082,0.3158999979496002
YCR055C,YBR154C,0,-6.2342415,0.1891198307275772,0.7369999885559082,0.3160000145435333
YNL188W,YBR090C-A,0,-6.234268,0.18907131254673004,0.7369999885559082,0.31610000133514404
YOR275C,YOR088W,0,-6.234269,0.18902282416820526,0.7369999885559082,0.31619998812675476
YIR010W,YPL257W-A,0,-6.234351,0.18897436559200287,0.7369999885559082,0.31630000472068787
YEL036C,YPR122W,0,-6.2344003,0.18892592191696167,0.7369999885559082,0.3163999915122986
YFL056C,YCL026C-A,0,-6.2344723,0.18887749314308167,0.7369999885559082,0.3165000081062317
YDR072C,YER162C,0,-6.2345357,0.18882910907268524,0.7369999885559082,0.3165999948978424
YLR429W,YCR055C,0,-6.2346506,0.18878073990345,0.7369999885559082,0.3167000114917755
YPL106C,YFL002W-A,0,-6.234673,0.18873240053653717,0.7369999885559082,0.31679999828338623
YOR068C,YGR109W-B,0,-6.2348757,0.18868407607078552,0.7369999885559082,0.31690001487731934
YBL061C,YBR293W,0,-6.2348967,0.18863578140735626,0.7369999885559082,0.31700000166893005
YHR079C,YMR076C,0,-6.234901,0.1885875165462494,0.7369999885559082,0.31709998846054077
YGR193C,YHR030C,0,-6.2349453,0.1885392665863037,0.7369999885559082,0.3172000050544739
YNL118C,YDR461W,0,-6.235057,0.18849104642868042,0.7369999885559082,0.3172999918460846
YDR322C-A,YDR034C-D,0,-6.2350883,0.18844285607337952,0.7369999885559082,0.3174000084400177
YNL038W,YHR088W,0,-6.235253,0.1883946806192398,0.7369999885559082,0.3174999952316284
YDR025W,YLR256W-A,0,-6.2352877,0.18834653496742249,0.7369999885559082,0.3176000118255615
YFR034C,YDR210W-A,0,-6.235338,0.18829841911792755,0.7369999885559082,0.31769999861717224
YPR025C,YPR008W,1,-6.235383,0.18850575387477875,0.7379999756813049,0.31769999861717224
YPL253C,YOL103W-A,0,-6.235403,0.18845760822296143,0.7379999756813049,0.31779998540878296
YLR256W-A,YPL257W-A,0,-6.2355037,0.1884094923734665,0.7379999756813049,0.31790000200271606
YKL139W,YPL060W,0,-6.235543,0.18836140632629395,0.7379999756813049,0.3179999887943268
YDR279W,YPL085W,0,-6.235568,0.1883133500814438,0.7379999756813049,0.3181000053882599
YBR165W,YMR273C,0,-6.2355967,0.18826530873775482,0.7379999756813049,0.3181999921798706
YML029W,YER137C-A,0,-6.235661,0.18821729719638824,0.7379999756813049,0.3183000087738037
YOL066C,YLR268W,0,-6.235834,0.18816930055618286,0.7379999756813049,0.31839999556541443
YDR331W,YFR024C,0,-6.235861,0.18812133371829987,0.7379999756813049,0.31850001215934753
YOR239W,YKR022C,0,-6.2358646,0.18807339668273926,0.7379999756813049,0.31859999895095825
YNL166C,YGR109W-B,0,-6.2358937,0.18802547454833984,0.7379999756813049,0.31869998574256897
YBR273C,YPR036W-A,0,-6.236144,0.18797758221626282,0.7379999756813049,0.3188000023365021
YIL121W,YNL284C-A,0,-6.236144,0.18792971968650818,0.7379999756813049,0.3188999891281128
YMR234W,YOR343C-A,0,-6.236144,0.18788187205791473,0.7379999756813049,0.3190000057220459
YHR114W,YNL284C-A,0,-6.236144,0.18783405423164368,0.7379999756813049,0.3190999925136566
YLR310C,YOR343C-B,0,-6.236144,0.187786266207695,0.7379999756813049,0.3192000091075897
YDR014W-A,YFL018C,0,-6.236144,0.18773849308490753,0.7379999756813049,0.31929999589920044
YDR030C,YOR343C-B,0,-6.236144,0.18769074976444244,0.7379999756813049,0.31940001249313354
YER074W-A,YBR012W-B,0,-6.236144,0.18764302134513855,0.7379999756813049,0.31949999928474426
YBR090C-A,YLR256W-A,0,-6.236144,0.18759532272815704,0.7379999756813049,0.319599986076355
YJR089W,YLR410W-A,0,-6.236144,0.18754765391349792,0.7379999756813049,0.3197000026702881
YDR507C,YLR157C-B,0,-6.236144,0.1875,0.7379999756813049,0.3197999894618988
YPR107C,YHL009W-A,0,-6.236144,0.18745237588882446,0.7379999756813049,0.3199000060558319
YPR009W,YPR036W-A,0,-6.236144,0.18740476667881012,0.7379999756813049,0.3199999928474426
YDR016C,YPR036W-A,0,-6.236144,0.18735720217227936,0.7379999756813049,0.32010000944137573
YNL271C,YHL009W-A,0,-6.236144,0.1873096376657486,0.7379999756813049,0.32019999623298645
YDR126W,YPR036W-A,0,-6.236144,0.18726211786270142,0.7379999756813049,0.32030001282691956
YOR088W,YLR410W-B,0,-6.236144,0.18721461296081543,0.7379999756813049,0.3203999996185303
YIR025W,YOR343C-B,0,-6.236144,0.18716713786125183,0.7379999756813049,0.320499986410141
YPR135W,YNL284C-A,0,-6.236144,0.18711967766284943,0.7379999756813049,0.3206000030040741
YPL253C,YNL284C-A,0,-6.236144,0.1870722472667694,0.7379999756813049,0.3206999897956848
YDL058W,YPR036W-A,0,-6.236144,0.18702483177185059,0.7379999756813049,0.3208000063896179
YBR154C,YNL284C-A,0,-6.236144,0.18697744607925415,0.7379999756813049,0.32089999318122864
YDR524C,YDR014W-A,0,-6.236144,0.1869300901889801,0.7379999756813049,0.32100000977516174
YGR285C,YLR157C-A,0,-6.236144,0.18688274919986725,0.7379999756813049,0.32109999656677246
YDR077W,YPR036W-A,0,-6.236144,0.18683543801307678,0.7379999756813049,0.32120001316070557
YHR039C-B,YKL070W,0,-6.236144,0.1867881566286087,0.7379999756813049,0.3212999999523163
YBR196C,YPR036W-A,0,-6.236144,0.18674089014530182,0.7379999756813049,0.321399986743927
YML080W,YDR014W-A,0,-6.236144,0.18669365346431732,0.7379999756813049,0.3215000033378601
YBR168W,YOR343C-B,0,-6.236144,0.18664643168449402,0.7379999756813049,0.3215999901294708
YNL307C,YOR343C-B,0,-6.236144,0.1865992397069931,0.7379999756813049,0.32170000672340393
YBR073W,YNL284C-A,0,-6.236144,0.18655207753181458,0.7379999756813049,0.32179999351501465
YER117W,YLR157C-A,0,-6.236144,0.18650493025779724,0.7379999756813049,0.32190001010894775
YDR014W-A,YBL018C,0,-6.236144,0.1864578127861023,0.7379999756813049,0.32199999690055847
YHR039C,YLR410W-A,0,-6.236144,0.18641071021556854,0.7379999756813049,0.3221000134944916
YGL046W,YDR261C-D,0,-6.236144,0.18636363744735718,0.7379999756813049,0.3222000002861023
YNR008W,YOR343C-A,0,-6.236144,0.186316579580307,0.7379999756813049,0.322299987077713
YDR014W-A,YDR404C,0,-6.236144,0.18626956641674042,0.7379999756813049,0.3224000036716461
YML039W,YOR343C-A,0,-6.236144,0.18622255325317383,0.7379999756813049,0.32249999046325684
YDL008W,YDR014W-A,0,-6.236144,0.18617558479309082,0.7379999756813049,0.32260000705718994
YPR164W,YHL009W-A,0,-6.236144,0.186128631234169,0.7379999756813049,0.32269999384880066
YDR014W-A,YBR168W,0,-6.236144,0.1860816925764084,0.7379999756813049,0.32280001044273376
YLL004W,YLR157C-A,0,-6.236144,0.18603478372097015,0.7379999756813049,0.3228999972343445
YGL190C,YDR014W-A,0,-6.236144,0.1859879046678543,0.7379999756813049,0.3230000138282776
YOR088W,YER137C-A,0,-6.236144,0.18594104051589966,0.7379999756813049,0.3231000006198883
YDR515W,YHL009W-A,0,-6.236144,0.1858942061662674,0.7379999756813049,0.323199987411499
YKL185W,YDR014W-A,0,-6.236144,0.18584738671779633,0.7379999756813049,0.32330000400543213
YNL136W,YLR157C-A,0,-6.236144,0.18580059707164764,0.7379999756813049,0.32339999079704285
YER015W,YPR158W-B,0,-6.236144,0.18575383722782135,0.7379999756813049,0.32350000739097595
YMR182C,YLR157C-A,0,-6.236144,0.18570709228515625,0.7379999756813049,0.32359999418258667
YHR062C,YPR036W-A,0,-6.236144,0.18566037714481354,0.7379999756813049,0.3237000107765198
YDL008W,YOR343C-B,0,-6.236144,0.18561367690563202,0.7379999756813049,0.3237999975681305
YIL117C,YOR343C-B,0,-6.236144,0.1855670064687729,0.7379999756813049,0.3239000141620636
YIL053W,YNL284C-A,0,-6.236144,0.18552036583423615,0.7379999756813049,0.3240000009536743
YML033W,YDR210C-C,0,-6.236144,0.1854737401008606,0.7379999756813049,0.32409998774528503
YPL157W,YPR036W-A,0,-6.236144,0.18542712926864624,0.7379999756813049,0.32420000433921814
YBL100W-A,YOR343C-B,0,-6.236144,0.18538056313991547,0.7379999756813049,0.32429999113082886
YBL018C,YHL009W-A,0,-6.236144,0.1853339970111847,0.7379999756813049,0.32440000772476196
YLR455W,YOR343C-A,0,-6.236144,0.1852874755859375,0.7379999756813049,0.3244999945163727
YER100W,YHL009W-A,0,-6.236144,0.1852409690618515,0.7379999756813049,0.3246000111103058
YBL097W,YOR343C-B,0,-6.236144,0.1851944774389267,0.7379999756813049,0.3246999979019165
YER173W,YNL284C-A,0,-6.236144,0.18514801561832428,0.7379999756813049,0.3248000144958496
YHR091C,YNL284C-A,0,-6.236144,0.18510158360004425,0.7379999756813049,0.3249000012874603
YOR023C,YOR343C-B,0,-6.236144,0.18505516648292542,0.7379999756813049,0.32499998807907104
YOR088W,YDR341C,0,-6.236144,0.18500877916812897,0.7379999756813049,0.32510000467300415
YBR090C-A,YKL070W,0,-6.236144,0.1849624067544937,0.7379999756813049,0.32519999146461487
YJL021C,YOL103W-A,0,-6.236144,0.18491606414318085,0.7379999756813049,0.325300008058548
YCR010C,YNL284C-A,0,-6.236144,0.18486973643302917,0.7379999756813049,0.3253999948501587
YDR320C-A,YKL070W,0,-6.236144,0.1848234385251999,0.7379999756813049,0.3255000114440918
YNL318C,YPR137C-B,0,-6.236144,0.184777170419693,0.7379999756813049,0.3255999982357025
YDR014W-A,YOR160W,0,-6.236144,0.1847309172153473,0.7379999756813049,0.3257000148296356
YDL078C,YOR343C-A,0,-6.236144,0.18468467891216278,0.7379999756813049,0.32580000162124634
YHR066W,YHL009W-A,0,-6.236144,0.18463848531246185,0.7379999756813049,0.32589998841285706
YBR090C-A,YDR316W-A,0,-6.236144,0.18459229171276093,0.7379999756813049,0.32600000500679016
YDL244W,YHL009W-B,0,-6.2363396,0.18454614281654358,0.7379999756813049,0.3260999917984009
YGL054C,YNL250W,0,-6.2365637,0.18449999392032623,0.7379999756813049,0.326200008392334
YML126C,YOR157C,0,-6.236758,0.18445388972759247,0.7379999756813049,0.3262999951839447
YJR077C,YNL263C,0,-6.23687,0.1844078004360199,0.7379999756813049,0.3264000117778778
YPR186C,YNL257C,1,-6.2368736,0.18461154401302338,0.7390000224113464,0.3264000117778778
YNL314W,YDR311W,1,-6.2368927,0.1848151832818985,0.7400000095367432,0.3264000117778778
YDR243C,YBR012W-B,0,-6.2369213,0.18476903438568115,0.7400000095367432,0.3264999985694885
YMR309C,YOR140W,0,-6.236949,0.1847229152917862,0.7400000095367432,0.32659998536109924
YOR198C,YFR028C,0,-6.2369504,0.18467681109905243,0.7400000095367432,0.32670000195503235
YBR039W,YDL013W,0,-6.2369585,0.18463073670864105,0.7400000095367432,0.32679998874664307
YKL149C,YNL284C-B,0,-6.237179,0.18458467721939087,0.7400000095367432,0.32690000534057617
YDL005C,YNL186W,0,-6.2373548,0.18453864753246307,0.7400000095367432,0.3269999921321869
YLR010C,YER159C-A,0,-6.237509,0.18449264764785767,0.7400000095367432,0.32710000872612
YMR250W,YAR010C,0,-6.237547,0.18444666266441345,0.7400000095367432,0.3271999955177307
YPR173C,YER137C-A,0,-6.237554,0.18440069258213043,0.7400000095367432,0.3273000121116638
YOL072W,YPR158C-C,0,-6.237561,0.1843547523021698,0.7400000095367432,0.32739999890327454
YGR014W,YOL072W,0,-6.237563,0.18430884182453156,0.7400000095367432,0.32749998569488525
YJL099W,YDR501W,0,-6.2375636,0.1842629462480545,0.7400000095367432,0.32760000228881836
YBR090C-A,YGR004W,0,-6.237604,0.18421708047389984,0.7400000095367432,0.3276999890804291
YOR123C,YOR054C,0,-6.237641,0.18417122960090637,0.7400000095367432,0.3278000056743622
YGL054C,YER027C,0,-6.23766,0.1841254085302353,0.7400000095367432,0.3278999924659729
YHL040C,YLR256W-A,0,-6.2377787,0.1840796023607254,0.7400000095367432,0.328000009059906
YDL014W,YBL005W-B,0,-6.2378683,0.1840338259935379,0.7400000095367432,0.3280999958515167
YDR298C,YFL048C,0,-6.2379084,0.1839880645275116,0.7400000095367432,0.32820001244544983
YLR147C,YOR142W-B,0,-6.237955,0.18394233286380768,0.7400000095367432,0.32829999923706055
YHR143W,YDR034C-D,0,-6.2380104,0.18389661610126495,0.7400000095367432,0.32839998602867126
YNL257C,YML015C,1,-6.238294,0.18409937620162964,0.7409999966621399,0.32839998602867126
YDR457W,YOR192C-B,0,-6.238333,0.18405364453792572,0.7409999966621399,0.32850000262260437
YMR072W,YGL238W,0,-6.2385,0.1840079426765442,0.7409999966621399,0.3285999894142151
YNL084C,YBR257W,0,-6.2385335,0.18396227061748505,0.7409999966621399,0.3287000060081482
YLR418C,YDR143C,0,-6.2385874,0.1839165985584259,0.7409999966621399,0.3287999927997589
YOR207C,YLR442C,0,-6.2386417,0.18387097120285034,0.7409999966621399,0.328900009393692
YKL186C,YOR127W,0,-6.2386637,0.18382535874843597,0.7409999966621399,0.32899999618530273
YBR160W,YJR132W,0,-6.2386956,0.1837797611951828,0.7409999966621399,0.32910001277923584
YJL071W,YLR410W-B,0,-6.238763,0.18373419344425201,0.7409999966621399,0.32919999957084656
YLL018C-A,YCL003W,0,-6.2387724,0.18368864059448242,0.7409999966621399,0.3292999863624573
YMR069W,YLL012W,0,-6.2387753,0.18364311754703522,0.7409999966621399,0.3294000029563904
YOL090W,YDR235W,0,-6.2390156,0.1835976243019104,0.7409999966621399,0.3294999897480011
YHR013C,YDR507C,0,-6.239313,0.18355214595794678,0.7409999966621399,0.3296000063419342
YBL099W,YER008C,0,-6.23934,0.18350668251514435,0.7409999966621399,0.3296999931335449
YOR136W,YKL170W,0,-6.239484,0.1834612488746643,0.7409999966621399,0.329800009727478
YLR148W,YPL257W-A,0,-6.2396283,0.18341584503650665,0.7409999966621399,0.32989999651908875
YPR056W,YGR186W,1,-6.239663,0.18361791968345642,0.7419999837875366,0.32989999651908875
YJL214W,YHL009W-B,0,-6.239763,0.18357248604297638,0.7419999837875366,0.33000001311302185
YBL085W,YGL066W,0,-6.239813,0.18352708220481873,0.7419999837875366,0.33009999990463257
YOL067C,YPL011C,1,-6.239891,0.18372897803783417,0.7429999709129333,0.33009999990463257
YOL059W,YBL093C,0,-6.240191,0.18368355929851532,0.7429999709129333,0.3301999866962433
YNL074C,YEL050C,0,-6.2404404,0.18363815546035767,0.7429999709129333,0.3303000032901764
YCL060C,YHR167W,0,-6.240474,0.1835927814245224,0.7429999709129333,0.3303999900817871
YER087C-B,YPR078C,0,-6.2404823,0.18354743719100952,0.7429999709129333,0.3305000066757202
YFR029W,YLR430W,0,-6.2405257,0.18350209295749664,0.7429999709129333,0.33059999346733093
YJR076C,YLR071C,0,-6.240981,0.18345679342746735,0.7429999709129333,0.33070001006126404
YER174C,YDR028C,0,-6.241048,0.18341150879859924,0.7429999709129333,0.33079999685287476
YGR280C,YGL243W,0,-6.241099,0.18336623907089233,0.7429999709129333,0.33090001344680786
YDR179C,YJR042W,0,-6.2414417,0.1833209991455078,0.7429999709129333,0.3310000002384186
YDR296W,YNL131W,0,-6.2415986,0.18327577412128448,0.7429999709129333,0.3310999870300293
YJL134W,YLR148W,0,-6.241679,0.18323057889938354,0.7429999709129333,0.3312000036239624
YPL036W,YJL004C,0,-6.2417808,0.1831853985786438,0.7429999709129333,0.3312999904155731
YPR102C,YOL040C,0,-6.2418427,0.18314024806022644,0.7429999709129333,0.3314000070095062
YJR076C,YOR343W-B,0,-6.241912,0.18309512734413147,0.7429999709129333,0.33149999380111694
YJL187C,YER190W,0,-6.242071,0.1830500066280365,0.7429999709129333,0.33160001039505005
YAR044W,YPL180W,0,-6.242119,0.1830049306154251,0.7429999709129333,0.33169999718666077
YJR010C-A,YDR170W-A,0,-6.2421713,0.18295986950397491,0.7429999709129333,0.33180001378059387
YMR275C,YNL298W,0,-6.242366,0.1829148232936859,0.7429999709129333,0.3319000005722046
YNL128W,YKL041W,0,-6.2424173,0.1828698068857193,0.7429999709129333,0.3319999873638153
YGL116W,YNR003C,0,-6.2424912,0.18282480537891388,0.7429999709129333,0.3321000039577484
YOL104C,YHR167W,0,-6.2424994,0.18277983367443085,0.7429999709129333,0.33219999074935913
YIL035C,YNL167C,0,-6.2426596,0.182734876871109,0.7429999709129333,0.33230000734329224
YOR284W,YBR293W,0,-6.2426863,0.18268994987010956,0.7429999709129333,0.33239999413490295
YCL012W,YJL201W,0,-6.2427297,0.1826450377702713,0.7429999709129333,0.33250001072883606
YDR375C,YPL153C,0,-6.242731,0.18260014057159424,0.7429999709129333,0.3325999975204468
YNL250W,YER159C-A,0,-6.2427406,0.18255528807640076,0.7429999709129333,0.3327000141143799
YIL095W,YOR068C,0,-6.242902,0.18251043558120728,0.7429999709129333,0.3328000009059906
YOL063C,YHR004C,0,-6.2429137,0.18246561288833618,0.7429999709129333,0.3328999876976013
YMR109W,YJL187C,0,-6.2431307,0.18242081999778748,0.7429999709129333,0.3330000042915344
YJL021C,YOL040C,0,-6.2432218,0.18237604200839996,0.7429999709129333,0.33309999108314514
YNL121C,YLR157C-B,0,-6.2433085,0.18233129382133484,0.7429999709129333,0.33320000767707825
YGR246C,YOR110W,1,-6.243341,0.18253189325332642,0.7440000176429749,0.33320000767707825
YOR030W,YBR111W-A,0,-6.243364,0.1824871301651001,0.7440000176429749,0.33329999446868896
YML021C,YOL103W-B,0,-6.2434173,0.18244236707687378,0.7440000176429749,0.33340001106262207
YJL204C,YFL002W-B,0,-6.2434936,0.18239764869213104,0.7440000176429749,0.3334999978542328
YOL067C,YOR110W,1,-6.2436066,0.1825980395078659,0.7450000047683716,0.3334999978542328
YNL029C,YKL113C,0,-6.2436156,0.18255329132080078,0.7450000047683716,0.3336000144481659
YNL130C,YMR288W,0,-6.243661,0.18250857293605804,0.7450000047683716,0.3337000012397766
YDL045C,YNL126W,0,-6.24368,0.1824638694524765,0.7450000047683716,0.33379998803138733
YOL089C,YPL011C,1,-6.2437716,0.18266405165195465,0.7459999918937683,0.33379998803138733
YML042W,YBR237W,0,-6.2439613,0.18261933326721191,0.7459999918937683,0.33390000462532043
YDL101C,YJR033C,0,-6.244131,0.18257464468479156,0.7459999918937683,0.33399999141693115
YGR246C,YER148W,1,-6.244215,0.1827746480703354,0.746999979019165,0.33399999141693115
YOR351C,YIL105C,0,-6.2442694,0.18272994458675385,0.746999979019165,0.33410000801086426
YDR140W,YKR072C,0,-6.244423,0.1826852560043335,0.746999979019165,0.334199994802475
YEL027W,YGL046W,0,-6.244523,0.18264058232307434,0.746999979019165,0.3343000113964081
YER002W,YBR002C,0,-6.244597,0.18259593844413757,0.746999979019165,0.3343999981880188
YML059C,YDR481C,0,-6.2446785,0.1825513243675232,0.746999979019165,0.3345000147819519
YLR023C,YGR272C,0,-6.2447557,0.18250672519207,0.746999979019165,0.3346000015735626
YEL036C,YNL284C-B,0,-6.2447963,0.18246214091777802,0.746999979019165,0.33469998836517334
YJL020C,YER015W,0,-6.2449007,0.1824175864458084,0.746999979019165,0.33480000495910645
YOL067C,YPR056W,1,-6.2449255,0.1826171875,0.7480000257492065,0.33480000495910645
YLR425W,YPR158W-B,0,-6.245014,0.1825726181268692,0.7480000257492065,0.33489999175071716
YER061C,YAR044W,0,-6.2450433,0.1825280636548996,0.7480000257492065,0.33500000834465027
YML094W,YFL035C,0,-6.245149,0.18248353898525238,0.7480000257492065,0.335099995136261
YLR221C,YER180C-A,0,-6.245198,0.18243902921676636,0.7480000257492065,0.3352000117301941
YDR170W-A,YOR305W,0,-6.2452087,0.18239453434944153,0.7480000257492065,0.3352999985218048
YPR054W,YHL009W-B,0,-6.2454624,0.1823500692844391,0.7480000257492065,0.3353999853134155
YBR132C,YJR010C-A,0,-6.245493,0.18230563402175903,0.7480000257492065,0.33550000190734863
YPL180W,YBR012W-B,0,-6.245507,0.18226121366024017,0.7480000257492065,0.33559998869895935
YHR186C,YER160C,0,-6.2455225,0.1822168081998825,0.7480000257492065,0.33570000529289246
YGR161W-A,YPR078C,0,-6.2458115,0.18217243254184723,0.7480000257492065,0.3357999920845032
YGR239C,YPR158W-B,0,-6.2460337,0.18212807178497314,0.7480000257492065,0.3359000086784363
YER149C,YNL279W,0,-6.2460556,0.18208374083042145,0.7480000257492065,0.335999995470047
YDL137W,YKL002W,0,-6.2460623,0.18203942477703094,0.7480000257492065,0.3361000120639801
YNL080C,YOR295W,0,-6.246092,0.18199513852596283,0.7480000257492065,0.3361999988555908
YKL046C,YNL318C,0,-6.2461214,0.1819508671760559,0.7480000257492065,0.33629998564720154
YML071C,YCR081W,0,-6.2462397,0.18190661072731018,0.7480000257492065,0.33640000224113464
YGL008C,YOL103W-B,0,-6.246272,0.18186238408088684,0.7480000257492065,0.33649998903274536
YPL265W,YFL058W,0,-6.246285,0.1818181872367859,0.7480000257492065,0.33660000562667847
YIL038C,YOR192C-B,0,-6.2464857,0.18177399039268494,0.7480000257492065,0.3366999924182892
YML015C,YGR005C,1,-6.2465982,0.18197278678417206,0.7490000128746033,0.3366999924182892
YPL249C,YKL148C,0,-6.24664,0.1819285899400711,0.7490000128746033,0.3368000090122223
YKL013C,YMR188C,0,-6.2467155,0.18188440799713135,0.7490000128746033,0.336899995803833
YFR046C,YLR410W-A,0,-6.246764,0.18184025585651398,0.7490000128746033,0.3370000123977661
YPR082C,YPR081C,0,-6.2469435,0.1817961186170578,0.7490000128746033,0.33709999918937683
YNL039W,YPR008W,1,-6.246976,0.18199466168880463,0.75,0.33709999918937683
YNL166C,YDR261C-D,0,-6.246995,0.18195050954818726,0.75,0.33719998598098755
YDL132W,YFL041W,0,-6.2470818,0.18190637230873108,0.75,0.33730000257492065
YER161C,YNL128W,0,-6.2471356,0.1818622648715973,0.75,0.33739998936653137
YMR015C,YER178W,0,-6.2471647,0.1818181872367859,0.75,0.3375000059604645
YJL002C,YGR027W-A,0,-6.2471933,0.1817741096019745,0.75,0.3375999927520752
YPL170W,YGR010W,0,-6.2472053,0.18173007667064667,0.75,0.3377000093460083
YCR089W,YPR081C,0,-6.2472177,0.18168604373931885,0.75,0.337799996137619
YIR008C,YDR365W-B,0,-6.2473993,0.18164204061031342,0.75,0.3379000127315521
YMR277W,YBR090C-A,0,-6.2474318,0.18159806728363037,0.75,0.33799999952316284
YDL201W,YLR410W-B,0,-6.2476535,0.18155410885810852,0.75,0.33809998631477356
YBR237W,YGR027W-A,0,-6.2476535,0.18151016533374786,0.75,0.33820000290870667
YBL085W,YOL090W,0,-6.2477913,0.1814662516117096,0.75,0.3382999897003174
YBR289W,YPR158W-B,0,-6.2478604,0.18142235279083252,0.75,0.3384000062942505
YMR069W,YPR158W-A,0,-6.247884,0.18137848377227783,0.75,0.3384999930858612
YKL092C,YBR186W,0,-6.2479444,0.18133462965488434,0.75,0.3386000096797943
YFR024C-A,YPL041C,0,-6.248052,0.18129079043865204,0.75,0.33869999647140503
YGL153W,YLR292C,0,-6.2482185,0.18124698102474213,0.75,0.33880001306533813
YML075C,YPL060C-A,0,-6.248257,0.1812031865119934,0.75,0.33889999985694885
YER030W,YOL004W,0,-6.24848,0.18115942180156708,0.75,0.33899998664855957
YGL071W,YNL082W,0,-6.248488,0.18111567199230194,0.75,0.3391000032424927
YPL043W,YDR392W,0,-6.248602,0.1810719519853592,0.75,0.3391999900341034
YEL069C,YBR015C,0,-6.248659,0.18102824687957764,0.75,0.3393000066280365
YOR299W,YBR215W,0,-6.248696,0.18098455667495728,0.75,0.3393999934196472
YDR054C,YLL008W,0,-6.248905,0.1809408962726593,0.75,0.3395000100135803
YML127W,YNL054W-A,0,-6.24894,0.18089725077152252,0.75,0.33959999680519104
YMR056C,YMR025W,0,-6.248948,0.18085363507270813,0.75,0.33970001339912415
YMR213W,YMR309C,0,-6.2489624,0.18081003427505493,0.75,0.33980000019073486
YLR418C,YMR070W,0,-6.2490206,0.18076644837856293,0.75,0.3398999869823456
YDR281C,YGR195W,0,-6.2490797,0.1807228922843933,0.75,0.3400000035762787
YER122C,YHL009W-B,0,-6.249147,0.1806793510913849,0.75,0.3400999903678894
YGL029W,YER100W,0,-6.2492046,0.18063583970069885,0.75,0.3402000069618225
YML008C,YER117W,0,-6.2492304,0.180592343211174,0.75,0.3402999937534332
YDR038C,YLR157C-B,0,-6.2493377,0.18054886162281036,0.75,0.34040001034736633
YKL007W,YGR109C,0,-6.249406,0.1805054098367691,0.75,0.34049999713897705
YPR073C,YNL206C,0,-6.249548,0.18046198785305023,0.75,0.34060001373291016
YAL034W-A,YLR425W,0,-6.249569,0.18041856586933136,0.75,0.3407000005245209
YNL101W,YCR081W,0,-6.2496367,0.18037517368793488,0.75,0.3407999873161316
YMR138W,YBL034C,0,-6.249637,0.18033181130886078,0.75,0.3409000039100647
YGL166W,YDR311W,1,-6.2498775,0.18052884936332703,0.7509999871253967,0.3409000039100647
YLR176C,YEL065W,0,-6.2500973,0.18048545718193054,0.7509999871253967,0.3409999907016754
YBR102C,YCL035C,0,-6.2501082,0.18044209480285645,0.7509999871253967,0.3411000072956085
YLR429W,YJL074C,0,-6.2503633,0.18039874732494354,0.7509999871253967,0.34119999408721924
YLR391W,YPL015C,0,-6.2505646,0.18035542964935303,0.7509999871253967,0.34130001068115234
YKR060W,YFL002W-A,0,-6.250696,0.1803121268749237,0.7509999871253967,0.34139999747276306
YBL040C,YPL121C,0,-6.2507343,0.18026883900165558,0.7509999871253967,0.34150001406669617
YGL243W,YDR098C-A,0,-6.2508297,0.18022558093070984,0.7509999871253967,0.3416000008583069
YBR073W,YBR012W-B,0,-6.25083,0.1801823377609253,0.7509999871253967,0.3416999876499176
YJL209W,YOR236W,0,-6.2509837,0.18013912439346313,0.7509999871253967,0.3418000042438507
YJL021C,YBL032W,0,-6.251104,0.18009592592716217,0.7509999871253967,0.3418999910354614
YLR466W,YER159C-A,0,-6.2513065,0.1800527423620224,0.7509999871253967,0.34200000762939453
YDR265W,YDR210W-A,0,-6.251442,0.18000958859920502,0.7509999871253967,0.34209999442100525
YDR264C,YOR254C,0,-6.251558,0.17996644973754883,0.7509999871253967,0.34220001101493835
YLR113W,YPR137C-B,0,-6.251688,0.17992334067821503,0.7509999871253967,0.3422999978065491
YLR148W,YPL153C,0,-6.251953,0.17988024652004242,0.7509999871253967,0.3424000144004822
YML092C,YOL103W-B,0,-6.252267,0.179837167263031,0.7509999871253967,0.3425000011920929
YGL192W,YDR308C,0,-6.252284,0.17979411780834198,0.7509999871253967,0.3425999879837036
YER036C,YPL244C,0,-6.252516,0.17975108325481415,0.7509999871253967,0.3427000045776367
YGR165W,YBR050C,0,-6.2525454,0.1797080636024475,0.7509999871253967,0.34279999136924744
YEL009C,YMR247C,0,-6.2525854,0.17966507375240326,0.7509999871253967,0.34290000796318054
YBR090C-A,YPL233W,0,-6.252822,0.1796220988035202,0.7509999871253967,0.34299999475479126
YOR241W,YDR451C,0,-6.2531624,0.17957915365695953,0.7509999871253967,0.34310001134872437
YEL060C,YML029W,0,-6.2531757,0.17953622341156006,0.7509999871253967,0.3431999981403351
YCR040W,YLR157C-B,0,-6.253252,0.17949330806732178,0.7509999871253967,0.3433000147342682
YCR035C,YOR270C,0,-6.2532926,0.17945042252540588,0.7509999871253967,0.3434000015258789
YNR011C,YDR098C-A,0,-6.2533636,0.17940755188465118,0.7509999871253967,0.3434999883174896
YGR133W,YER137C-A,0,-6.2533946,0.17936469614505768,0.7509999871253967,0.34360000491142273
YNL314W,YFL021W,1,-6.253517,0.17956064641475677,0.7519999742507935,0.34360000491142273
YGL119W,YFL004W,0,-6.2535267,0.17951779067516327,0.7519999742507935,0.34369999170303345
YJR073C,YLR227W-B,0,-6.253538,0.17947493493556976,0.7519999742507935,0.34380000829696655
YFR046C,YGL222C,0,-6.2535944,0.17943210899829865,0.7519999742507935,0.34389999508857727
YER030W,YDR316W-A,0,-6.2536016,0.17938931286334991,0.7519999742507935,0.3440000116825104
YHR169W,YFR013W,0,-6.253746,0.17934653162956238,0.7519999742507935,0.3440999984741211
YLR126C,YOR343W-B,0,-6.253776,0.17930376529693604,0.7519999742507935,0.3441999852657318
YGL195W,YLR157C-B,0,-6.2538238,0.17926102876663208,0.7519999742507935,0.3443000018596649
YDL220C,YOL103W-B,0,-6.253951,0.17921830713748932,0.7519999742507935,0.34439998865127563
YDL024C,YCL060C,0,-6.25416,0.17917560040950775,0.7519999742507935,0.34450000524520874
YMR299C,YDL200C,0,-6.2542706,0.17913292348384857,0.7519999742507935,0.34459999203681946
YDL142C,YER022W,0,-6.254323,0.17909026145935059,0.7519999742507935,0.34470000863075256
YBR275C,YNL167C,0,-6.2544165,0.1790476143360138,0.7519999742507935,0.3447999954223633
YJR132W,YPL237W,0,-6.254426,0.1790049970149994,0.7519999742507935,0.3449000120162964
YJR089W,YHR039C-B,0,-6.2544584,0.17896239459514618,0.7519999742507935,0.3449999988079071
YDL220C,YPR158W-A,0,-6.254967,0.17891982197761536,0.7519999742507935,0.3450999855995178
YLR291C,YHR020W,0,-6.254998,0.17887726426124573,0.7519999742507935,0.3452000021934509
YMR047C,YPL060C-A,0,-6.255126,0.1788347214460373,0.7519999742507935,0.34529998898506165
YGR167W,YBR037C,0,-6.2551665,0.17879220843315125,0.7519999742507935,0.34540000557899475
YDL143W,YHR158C,0,-6.2551823,0.1787497103214264,0.7519999742507935,0.34549999237060547
YOL027C,YMR179W,0,-6.255246,0.17870722711086273,0.7519999742507935,0.3456000089645386
YPL170W,YCR060W,0,-6.2553005,0.17866475880146027,0.7519999742507935,0.3456999957561493
YFL050C,YJL018W,0,-6.255439,0.17862233519554138,0.7519999742507935,0.3458000123500824
YER013W,YDL098C,0,-6.2554855,0.1785799115896225,0.7519999742507935,0.3458999991416931
YBR121C,YGR014W,0,-6.255536,0.178537517786026,0.7519999742507935,0.34599998593330383
YFL021W,YNL257C,1,-6.2556376,0.1787324994802475,0.753000020980835,0.34599998593330383
YER068W,YDR210W-A,0,-6.2556505,0.1786900758743286,0.753000020980835,0.34610000252723694
YGR027W-A,YGR038C-B,0,-6.2557297,0.17864768207073212,0.753000020980835,0.34619998931884766
YER177W,YIL063C,0,-6.255763,0.178605318069458,0.753000020980835,0.34630000591278076
YLR154C,YFR037C,0,-6.255784,0.1785629540681839,0.753000020980835,0.3463999927043915
YDR140W,YBL011W,0,-6.2559752,0.17852061986923218,0.753000020980835,0.3465000092983246
YDL244W,YJL012C-A,0,-6.255988,0.17847831547260284,0.753000020980835,0.3465999960899353
YDR394W,YGR027W-B,0,-6.256079,0.1784360259771347,0.753000020980835,0.3467000126838684
YOR354C,YDR316W-B,0,-6.256111,0.17839375138282776,0.753000020980835,0.3467999994754791
YHR200W,YPL210C,0,-6.2561126,0.178351491689682,0.753000020980835,0.34689998626708984
YOR332W,YDR210C-C,0,-6.2562065,0.17830926179885864,0.753000020980835,0.34700000286102295
YLR163C,YGL144C,0,-6.2562675,0.17826704680919647,0.753000020980835,0.34709998965263367
YEL071W,YFL035C,0,-6.2562866,0.1782248467206955,0.753000020980835,0.3472000062465668
YGL047W,YAL032C,0,-6.256301,0.1781826764345169,0.753000020980835,0.3472999930381775
YPR162C,YHR088W,0,-6.256307,0.1781405210494995,0.753000020980835,0.3474000096321106
YPR057W,YCR066W,0,-6.256399,0.1780983954668045,0.753000020980835,0.3474999964237213
YER073W,YLR380W,0,-6.2564697,0.1780562847852707,0.753000020980835,0.3476000130176544
YDR447C,YFL017W-A,0,-6.256543,0.17801418900489807,0.753000020980835,0.34769999980926514
YDL099W,YDR436W,0,-6.256628,0.17797210812568665,0.753000020980835,0.34779998660087585
YHR191C,YER137C-A,0,-6.256651,0.1779300570487976,0.753000020980835,0.34790000319480896
YLR210W,YDR170W-A,0,-6.256716,0.17788802087306976,0.753000020980835,0.3479999899864197
YNL048W,YHR039C-B,0,-6.2568407,0.1778460144996643,0.753000020980835,0.3481000065803528
YDR208W,YMR234W,0,-6.256909,0.17780400812625885,0.753000020980835,0.3481999933719635
YER030W,YOR279C,0,-6.2571583,0.17776204645633698,0.753000020980835,0.3483000099658966
YKL054C,YNL231C,0,-6.257186,0.1777200847864151,0.753000020980835,0.3483999967575073
YER009W,YLR410W-B,0,-6.2572384,0.1776781529188156,0.753000020980835,0.34850001335144043
YBR247C,YIL009W,0,-6.257308,0.17763623595237732,0.753000020980835,0.34860000014305115
YJR050W,YHR006W,0,-6.2574787,0.17759433388710022,0.753000020980835,0.34869998693466187
YNL207W,YDR261W-B,0,-6.2579055,0.1775524616241455,0.753000020980835,0.34880000352859497
YKR001C,YLR227W-B,0,-6.2579374,0.177510604262352,0.753000020980835,0.3488999903202057
YDR329C,YLR227W-A,0,-6.257985,0.17746877670288086,0.753000020980835,0.3490000069141388
YDR106W,YKL126W,0,-6.2581315,0.17742694914340973,0.753000020980835,0.3490999937057495
YFR028C,YDR034C-D,0,-6.258318,0.17738516628742218,0.753000020980835,0.3492000102996826
YOL034W,YOR142W-B,0,-6.258334,0.17734338343143463,0.753000020980835,0.34929999709129333
YFL018W-A,YDL217C,0,-6.258337,0.17730163037776947,0.753000020980835,0.34940001368522644
YDR258C,YJL166W,0,-6.2584205,0.1772598922252655,0.753000020980835,0.34950000047683716
YOL067C,YKL058W,1,-6.258565,0.17745351791381836,0.7540000081062317,0.34950000047683716
YGL247W,YDR470C,0,-6.258567,0.1774117648601532,0.7540000081062317,0.3495999872684479
YOR240W,YKL126W,0,-6.2586737,0.17737002670764923,0.7540000081062317,0.349700003862381
YER044C-A,YPR158C-D,0,-6.258795,0.17732831835746765,0.7540000081062317,0.3497999906539917
YER174C,YGR085C,0,-6.258801,0.17728662490844727,0.7540000081062317,0.3499000072479248
YDL002C,YLR410W-B,0,-6.258843,0.17724494636058807,0.7540000081062317,0.3499999940395355
YAL001C,YKL058W,1,-6.2588663,0.17743830382823944,0.7549999952316284,0.3499999940395355
YNL304W,YPR107C,0,-6.258912,0.17739661037921906,0.7549999952316284,0.35010001063346863
YGL046W,YOL110W,0,-6.258952,0.17735494673252106,0.7549999952316284,0.35019999742507935
YHR065C,YLR227W-B,0,-6.2591133,0.17731329798698425,0.7549999952316284,0.35030001401901245
YER146W,YOR343W-B,0,-6.259192,0.17727166414260864,0.7549999952316284,0.35040000081062317
YER014C-A,YHR133C,0,-6.259285,0.17723004519939423,0.7549999952316284,0.3504999876022339
YKR087C,YIL017W,0,-6.259446,0.1771884560585022,0.7549999952316284,0.350600004196167
YIR025W,YBR012W-B,0,-6.259555,0.17714688181877136,0.7549999952316284,0.3506999909877777
YHR011W,YDR181C,0,-6.2596865,0.17710532248020172,0.7549999952316284,0.3508000075817108
YER190W,YOL103W-A,0,-6.2597957,0.17706379294395447,0.7549999952316284,0.35089999437332153
YBR029C,YGR161C-C,0,-6.259843,0.1770222783088684,0.7549999952316284,0.35100001096725464
YDR518W,YAR018C,0,-6.259897,0.17698077857494354,0.7549999952316284,0.35109999775886536
YBL019W,YOR288C,0,-6.260469,0.17693930864334106,0.7549999952316284,0.35120001435279846
YCL001W,YNL310C,0,-6.260517,0.1768978387117386,0.7549999952316284,0.3513000011444092
YJL099W,YPL060C-A,0,-6.260606,0.1768564134836197,0.7549999952316284,0.3513999879360199
YBR245C,YLR193C,0,-6.260684,0.1768149882555008,0.7549999952316284,0.351500004529953
YMR021C,YOL103W-A,0,-6.260685,0.17677359282970428,0.7549999952316284,0.3515999913215637
YHR001W-A,YNL054W-A,0,-6.2607327,0.17673221230506897,0.7549999952316284,0.3517000079154968
YNL293W,YGR027W-B,0,-6.260828,0.17669084668159485,0.7549999952316284,0.35179999470710754
YHL020C,YMR134W,0,-6.2608624,0.17664951086044312,0.7549999952316284,0.35190001130104065
YCL060C,YPR102C,0,-6.2611966,0.17660818994045258,0.7549999952316284,0.35199999809265137
YGR278W,YOL010W,0,-6.261403,0.17656688392162323,0.7549999952316284,0.3521000146865845
YOR168W,YOR142W-B,0,-6.2615585,0.17652560770511627,0.7549999952316284,0.3522000014781952
YMR033W,YJR145C,0,-6.261675,0.17648433148860931,0.7549999952316284,0.3522999882698059
YDR378C,YOR307C,0,-6.2617555,0.17644309997558594,0.7549999952316284,0.352400004863739
YGR133W,YOR386W,0,-6.261775,0.17640186846256256,0.7549999952316284,0.35249999165534973
YJL179W,YDR207C,0,-6.261855,0.17636066675186157,0.7549999952316284,0.35260000824928284
YIL021W,YGR099W,0,-6.2620373,0.17631947994232178,0.7549999952316284,0.35269999504089355
YCR027C,YEL057C,0,-6.2622128,0.17627830803394318,0.7549999952316284,0.35280001163482666
YGR222W,YGR027W-A,0,-6.262226,0.17623716592788696,0.7549999952316284,0.3528999984264374
YNL242W,YGL084C,0,-6.262238,0.17619603872299194,0.7549999952316284,0.3529999852180481
YLR268W,YMR059W,0,-6.262269,0.17615492641925812,0.7549999952316284,0.3531000018119812
YOR058C,YLL034C,0,-6.2624016,0.17611382901668549,0.7549999952316284,0.3531999886035919
YPL258C,YDR200C,0,-6.2624264,0.17607276141643524,0.7549999952316284,0.353300005197525
YMR091C,YLL017W,0,-6.2624464,0.1760317087173462,0.7549999952316284,0.35339999198913574
YDR005C,YPR158C-C,0,-6.2624955,0.17599067091941833,0.7549999952316284,0.35350000858306885
YLR085C,YJR068W,0,-6.2625504,0.17594966292381287,0.7549999952316284,0.35359999537467957
YDL245C,YDR365W-B,0,-6.2625594,0.1759086698293686,0.7549999952316284,0.35370001196861267
YOR265W,YOR142W-B,0,-6.2626386,0.1758676916360855,0.7549999952316284,0.3537999987602234
YNR007C,YGR272C,0,-6.262743,0.17582672834396362,0.7549999952316284,0.3538999855518341
YPL121C,YHR039C-B,0,-6.2628775,0.17578579485416412,0.7549999952316284,0.3540000021457672
YPL091W,YLR006C,0,-6.2630415,0.17574487626552582,0.7549999952316284,0.35409998893737793
YBL017C,YLR227W-A,0,-6.2631307,0.1757039725780487,0.7549999952316284,0.35420000553131104
YPL120W,YDR545W,0,-6.2631774,0.17566309869289398,0.7549999952316284,0.35429999232292175
YPL116W,YOL115W,0,-6.2633,0.17562223970890045,0.7549999952316284,0.35440000891685486
YPL082C,YMR091C,0,-6.263362,0.17558139562606812,0.7549999952316284,0.3544999957084656
YKL125W,YOR060C,0,-6.263429,0.17554056644439697,0.7549999952316284,0.3546000123023987
YGR179C,YDR246W,0,-6.263444,0.17549976706504822,0.7549999952316284,0.3546999990940094
YJL060W,YFR029W,0,-6.263562,0.17545898258686066,0.7549999952316284,0.3547999858856201
YBR155W,YPR072W,0,-6.263606,0.1754182130098343,0.7549999952316284,0.3549000024795532
YLR450W,YCR102C,0,-6.263795,0.1753774732351303,0.7549999952316284,0.35499998927116394
YOR377W,YNL016W,0,-6.2639165,0.17533673346042633,0.7549999952316284,0.35510000586509705
YPR086W,YDR460W,1,-6.2640085,0.17552821338176727,0.7559999823570251,0.35510000586509705
YDL231C,YPL082C,0,-6.264021,0.1754874587059021,0.7559999823570251,0.35519999265670776
YGL016W,YLR410W-A,0,-6.2640676,0.17544673383235931,0.7559999823570251,0.35530000925064087
YER109C,YEL004W,0,-6.264168,0.17540603876113892,0.7559999823570251,0.3553999960422516
YDL014W,YLR157C-B,0,-6.264195,0.17536534368991852,0.7559999823570251,0.3555000126361847
YDR227W,YOR054C,0,-6.2642374,0.1753246784210205,0.7559999823570251,0.3555999994277954
YGR027W-A,YNL213C,0,-6.264274,0.1752840280532837,0.7559999823570251,0.35569998621940613
YOR334W,YDR261C-D,0,-6.264385,0.17524339258670807,0.7559999823570251,0.35580000281333923
YCL004W,YDR098C-A,0,-6.2644014,0.17520278692245483,0.7559999823570251,0.35589998960494995
YNL232W,YDR316W-A,0,-6.2644334,0.1751621812582016,0.7559999823570251,0.35600000619888306
YBR288C,YOR210W,0,-6.264441,0.17512160539627075,0.7559999823570251,0.3560999929904938
YPL138C,YNL046W,0,-6.264572,0.1750810593366623,0.7559999823570251,0.3562000095844269
YNL314W,YGR005C,1,-6.264578,0.17527204751968384,0.7570000290870667,0.3562000095844269
YKL143W,YOR142W-B,0,-6.26464,0.17523148655891418,0.7570000290870667,0.3562999963760376
YJL020C,YGR038C-A,0,-6.2648144,0.17519092559814453,0.7570000290870667,0.3564000129699707
YPL228W,YBL033C,0,-6.2648787,0.17515039443969727,0.7570000290870667,0.3564999997615814
YBR243C,YDR210C-D,0,-6.265116,0.1751098781824112,0.7570000290870667,0.35659998655319214
YAL015C,YGL046W,0,-6.2653036,0.17506937682628632,0.7570000290870667,0.35670000314712524
YNL314W,YPL129W,1,-6.265308,0.17526011168956757,0.7580000162124634,0.35670000314712524
YFR024C,YIR041W,0,-6.265316,0.1752195954322815,0.7580000162124634,0.35679998993873596
YPR185W,YLR371W,0,-6.2655168,0.1751791089773178,0.7580000162124634,0.35690000653266907
YBL023C,YKL194C,0,-6.2655373,0.17513863742351532,0.7580000162124634,0.3569999933242798
YNL038W,YDL236W,0,-6.265771,0.17509818077087402,0.7580000162124634,0.3571000099182129
YPL204W,YCR080W,0,-6.265858,0.17505773901939392,0.7580000162124634,0.3571999967098236
YIL098C,YMR203W,0,-6.265894,0.175017312169075,0.7580000162124634,0.3573000133037567
YPR185W,YNL339C,0,-6.2659025,0.1749769151210785,0.7580000162124634,0.35740000009536743
YCR020W-B,YGR161W-A,0,-6.2661324,0.17493653297424316,0.7580000162124634,0.35749998688697815
YFL056C,YOR039W,0,-6.2662306,0.17489616572856903,0.7580000162124634,0.35760000348091125
YNL093W,YML040W,0,-6.2662725,0.17485582828521729,0.7580000162124634,0.357699990272522
YDR260C,YEL041W,0,-6.2664905,0.17481549084186554,0.7580000162124634,0.3578000068664551
YKR087C,YGL046W,0,-6.266525,0.17477518320083618,0.7580000162124634,0.3578999936580658
YBR177C,YIL105C,0,-6.266551,0.1747349053621292,0.7580000162124634,0.3580000102519989
YGL166W,YOL089C,1,-6.26658,0.17492510378360748,0.7590000033378601,0.3580000102519989
YPR164W,YGL233W,0,-6.2666016,0.17488479614257812,0.7590000033378601,0.3580999970436096
YDL029W,YDR494W,0,-6.2666245,0.17484450340270996,0.7590000033378601,0.3582000136375427
YPR093C,YLR417W,0,-6.2666473,0.17480424046516418,0.7590000033378601,0.35830000042915344
YKL126W,YPR158W-A,0,-6.266752,0.1747639924287796,0.7590000033378601,0.35839998722076416
YDR298C,YNL029C,0,-6.2668695,0.1747237592935562,0.7590000033378601,0.35850000381469727
YDL095W,YOR305W,0,-6.2670655,0.17468354105949402,0.7590000033378601,0.358599990606308
YDR034C-D,YOR084W,0,-6.2670856,0.1746433526277542,0.7590000033378601,0.3587000072002411
YMR048W,YJL039C,0,-6.267086,0.1746031790971756,0.7590000033378601,0.3587999939918518
YMR173W,YPL275W,0,-6.2672234,0.17456302046775818,0.7590000033378601,0.3589000105857849
YER149C,YNL283C,0,-6.267296,0.17452287673950195,0.7590000033378601,0.35899999737739563
YMR192W,YML055W,0,-6.2673264,0.17448276281356812,0.7590000033378601,0.35910001397132874
YJR089W,YHR172W,0,-6.267332,0.17444266378879547,0.7590000033378601,0.35920000076293945
YPL177C,YOR110W,1,-6.2674236,0.17463235557079315,0.7599999904632568,0.35920000076293945
YMR190C,YLR312C-B,0,-6.267496,0.17459224164485931,0.7599999904632568,0.35929998755455017
YOR347C,YPL022W,0,-6.2676907,0.17455214262008667,0.7599999904632568,0.3594000041484833
YKL016C,YJL116C,0,-6.267712,0.17451205849647522,0.7599999904632568,0.359499990940094
YGR041W,YKL197C,0,-6.2677155,0.17447198927402496,0.7599999904632568,0.3596000075340271
YCR042C,YGL112C,1,-6.267832,0.17466145753860474,0.7609999775886536,0.3596000075340271
YGL020C,YDR365W-B,0,-6.2678323,0.17462138831615448,0.7609999775886536,0.3596999943256378
YLR068W,YKL059C,0,-6.2679873,0.17458131909370422,0.7609999775886536,0.3598000109195709
YEL060C,YDR210C-C,0,-6.2681656,0.17454127967357635,0.7609999775886536,0.35989999771118164
YIL035C,YPR033C,0,-6.268171,0.17450125515460968,0.7609999775886536,0.36000001430511475
YJL091C,YOR192C-B,0,-6.2684517,0.1744612604379654,0.7609999775886536,0.36010000109672546
YLR200W,YDR316W-A,0,-6.2687054,0.1744212657213211,0.7609999775886536,0.3601999878883362
YJR002W,YDR365W-B,0,-6.268753,0.1743813008069992,0.7609999775886536,0.3603000044822693
YMR290C,YOL103W-B,0,-6.2688484,0.1743413507938385,0.7609999775886536,0.36039999127388
YBL082C,YNR011C,0,-6.268897,0.174301415681839,0.7609999775886536,0.3605000078678131
YCL012W,YJL054W,0,-6.269166,0.17426151037216187,0.7609999775886536,0.36059999465942383
YCL062W,YBR097W,0,-6.269223,0.17422160506248474,0.7609999775886536,0.36070001125335693
YDR328C,YDR341C,0,-6.2692413,0.17418172955513,0.7609999775886536,0.36079999804496765
YJR001W,YPR119W,0,-6.2692432,0.17414188385009766,0.7609999775886536,0.36090001463890076
YAR003W,YLR272C,0,-6.2694793,0.1741020381450653,0.7609999775886536,0.3610000014305115
YBL017C,YGR044C,0,-6.2694855,0.17406220734119415,0.7609999775886536,0.3610999882221222
YKL148C,YGR038C-A,0,-6.2694993,0.17402240633964539,0.7609999775886536,0.3612000048160553
YJR119C,YHR060W,0,-6.2696853,0.1739826202392578,0.7609999775886536,0.361299991607666
YOR295W,YDR261C-D,0,-6.2699604,0.17394286394119263,0.7609999775886536,0.3614000082015991
YKR066C,YPL249C,0,-6.270061,0.17390310764312744,0.7609999775886536,0.36149999499320984
YOR037W,YML080W,0,-6.27011,0.17386338114738464,0.7609999775886536,0.36160001158714294
YMR238W,YNR017W,0,-6.270149,0.17382366955280304,0.7609999775886536,0.36169999837875366
YLR115W,YOR142W-B,0,-6.2701507,0.17378397285938263,0.7609999775886536,0.3617999851703644
YJR013W,YOL103W-B,0,-6.2701826,0.1737442910671234,0.7609999775886536,0.3619000017642975
YDR037W,YDR261C-D,0,-6.270246,0.17370463907718658,0.7609999775886536,0.3619999885559082
YHR073W,YPR103W,0,-6.2703953,0.17366498708724976,0.7609999775886536,0.3621000051498413
YMR292W,YPR158W-B,0,-6.2704363,0.17362536489963531,0.7609999775886536,0.362199991941452
YDL132W,YML059C,0,-6.2704735,0.17358577251434326,0.7609999775886536,0.36230000853538513
YPR033C,YDR316W-B,0,-6.270532,0.1735461801290512,0.7609999775886536,0.36239999532699585
YBR035C,YDR341C,0,-6.2707057,0.17350661754608154,0.7609999775886536,0.36250001192092896
YNL039W,YPR086W,1,-6.270849,0.17369501292705536,0.7620000243186951,0.36250001192092896
YFL041W,YFL036W,0,-6.2708693,0.1736554205417633,0.7620000243186951,0.3625999987125397
YCR086W,YHR088W,0,-6.270916,0.17361585795879364,0.7620000243186951,0.3626999855041504
YER040W,YMR125W,0,-6.27093,0.17357631027698517,0.7620000243186951,0.3628000020980835
YDL078C,YDR545W,0,-6.270957,0.1735367774963379,0.7620000243186951,0.3628999888896942
YPR031W,YML131W,0,-6.270957,0.173497274518013,0.7620000243186951,0.3630000054836273
YOL086C,YOL103W-B,0,-6.270977,0.1734577715396881,0.7620000243186951,0.36309999227523804
YJR084W,YPL128C,0,-6.2710047,0.1734182983636856,0.7620000243186951,0.36320000886917114
YMR281W,YGR027W-B,0,-6.27104,0.1733788400888443,0.7620000243186951,0.36329999566078186
YLR033W,YIL105C,0,-6.2710724,0.17333939671516418,0.7620000243186951,0.36340001225471497
YDR457W,YBL005W-B,0,-6.2711053,0.17329998314380646,0.7620000243186951,0.3634999990463257
YBR059C,YJR068W,0,-6.2711325,0.17326056957244873,0.7620000243186951,0.3635999858379364
YNL164C,YLR455W,0,-6.271202,0.1732211858034134,0.7620000243186951,0.3637000024318695
YGL106W,YDR210C-D,0,-6.271326,0.17318181693553925,0.7620000243186951,0.3637999892234802
YOL054W,YDR210C-C,0,-6.2714214,0.1731424629688263,0.7620000243186951,0.36390000581741333
YBR142W,YNL284C-B,0,-6.271612,0.17310313880443573,0.7620000243186951,0.36399999260902405
YHL028W,YHR214C-B,0,-6.271699,0.17306381464004517,0.7620000243186951,0.36410000920295715
YNR030W,YOR180C,0,-6.271743,0.173024520277977,0.7620000243186951,0.36419999599456787
YNL159C,YHR092C,0,-6.27176,0.17298524081707,0.7620000243186951,0.364300012588501
YKL114C,YGR241C,0,-6.271829,0.17294597625732422,0.7620000243186951,0.3643999993801117
YJL041W,YGL249W,0,-6.271885,0.17290674149990082,0.7620000243186951,0.3644999861717224
YMR212C,YJL018W,0,-6.2719264,0.17286750674247742,0.7620000243186951,0.3646000027656555
YDR436W,YPR133W-A,0,-6.272039,0.1728283017873764,0.7620000243186951,0.36469998955726624
YOL145C,YKL046C,0,-6.2720737,0.17278911173343658,0.7620000243186951,0.36480000615119934
YPL181W,YMR113W,0,-6.2720933,0.17274993658065796,0.7620000243186951,0.36489999294281006
YHR005C,YLR265C,0,-6.272296,0.17271079123020172,0.7620000243186951,0.36500000953674316
YPL181W,YBR091C,0,-6.2723,0.17267164587974548,0.7620000243186951,0.3650999963283539
YPL159C,YLR132C,0,-6.272485,0.17263253033161163,0.7620000243186951,0.365200012922287
YPR073C,YFR048W,0,-6.2726545,0.17259342968463898,0.7620000243186951,0.3652999997138977
YLR095C,YDR312W,0,-6.2726827,0.17255434393882751,0.7620000243186951,0.3653999865055084
YNL049C,YGR197C,0,-6.273164,0.17251528799533844,0.7620000243186951,0.36550000309944153
YGR029W,YBR207W,0,-6.2733746,0.17247623205184937,0.7620000243186951,0.36559998989105225
YDR375C,YLR410W-B,0,-6.2734547,0.17243720591068268,0.7620000243186951,0.36570000648498535
YAL001C,YOR194C,1,-6.2737727,0.17262443900108337,0.7630000114440918,0.36570000648498535
YDR276C,YPL276W,0,-6.2738113,0.1725853830575943,0.7630000114440918,0.36579999327659607
YPR131C,YGR143W,0,-6.2738876,0.1725463569164276,0.7630000114440918,0.3659000098705292
YIL044C,YCR035C,0,-6.274082,0.17250734567642212,0.7630000114440918,0.3659999966621399
YLR172C,YDR210C-D,0,-6.2741847,0.17246834933757782,0.7630000114440918,0.366100013256073
YBL097W,YPR054W,0,-6.274287,0.1724293828010559,0.7630000114440918,0.3662000000476837
YKR086W,YML034W,0,-6.274313,0.172390416264534,0.7630000114440918,0.36629998683929443
YML059C,YMR210W,0,-6.274391,0.17235147953033447,0.7630000114440918,0.36640000343322754
YDR254W,YHR172W,0,-6.2744627,0.17231255769729614,0.7630000114440918,0.36649999022483826
YLR433C,YIL117C,0,-6.274607,0.172273650765419,0.7630000114440918,0.36660000681877136
YDR272W,YFR048W,0,-6.274706,0.17223475873470306,0.7630000114440918,0.3666999936103821
YOR237W,YLR298C,0,-6.274807,0.1721958965063095,0.7630000114440918,0.3668000102043152
YDR363W-A,YPR158W-A,0,-6.274852,0.17215703427791595,0.7630000114440918,0.3668999969959259
YEL032W,YBR143C,0,-6.2748756,0.1721182018518448,0.7630000114440918,0.367000013589859
YIL121W,YGR027W-B,0,-6.2749157,0.17207938432693481,0.7630000114440918,0.3671000003814697
YBR288C,YCR020C,0,-6.274929,0.17204058170318604,0.7630000114440918,0.36719998717308044
YML058W-A,YLR442C,0,-6.275066,0.17200180888175964,0.7630000114440918,0.36730000376701355
YEL002C,YFL002W-B,0,-6.2750745,0.17196303606033325,0.7630000114440918,0.36739999055862427
YGR197C,YLR337W,0,-6.275264,0.17192429304122925,0.7630000114440918,0.3675000071525574
YNL048W,YPL124W,0,-6.275379,0.17188556492328644,0.7630000114440918,0.3675999939441681
YGR238C,YHL009W-B,0,-6.275392,0.17184685170650482,0.7630000114440918,0.3677000105381012
YBR102C,YGR024C,0,-6.2754235,0.1718081533908844,0.7630000114440918,0.3677999973297119
YJL060W,YOL112W,0,-6.27551,0.17176946997642517,0.7630000114440918,0.367900013923645
YMR070W,YIL068C,0,-6.275526,0.17173081636428833,0.7630000114440918,0.36800000071525574
YOR250C,YNR015W,0,-6.27553,0.1716921627521515,0.7630000114440918,0.36809998750686646
YDR314C,YLR147C,0,-6.275569,0.17165353894233704,0.7630000114440918,0.36820000410079956
YBR217W,YJR006W,0,-6.275727,0.17161493003368378,0.7630000114440918,0.3682999908924103
YDR385W,YDR039C,0,-6.276186,0.1715763509273529,0.7630000114440918,0.3684000074863434
YOR080W,YLR096W,0,-6.276382,0.17153777182102203,0.7630000114440918,0.3684999942779541
YGR175C,YOR192C-B,0,-6.2764406,0.17149920761585236,0.7630000114440918,0.3686000108718872
YLR377C,YPR158W-A,0,-6.2764406,0.17146067321300507,0.7630000114440918,0.3686999976634979
YGL211W,YOR343W-A,0,-6.276472,0.17142215371131897,0.7630000114440918,0.36880001425743103
YIL066C,YMR051C,0,-6.276477,0.17138364911079407,0.7630000114440918,0.36890000104904175
YNL274C,YMR313C,0,-6.2765923,0.17134515941143036,0.7630000114440918,0.36899998784065247
YBR168W,YOR008C,0,-6.276622,0.17130668461322784,0.7630000114440918,0.36910000443458557
YOR037W,YLR113W,0,-6.2766533,0.17126823961734772,0.7630000114440918,0.3691999912261963
YCR048W,YNL054W-A,0,-6.2766943,0.17122980952262878,0.7630000114440918,0.3693000078201294
YFR024C,YLR266C,0,-6.2770157,0.17119137942790985,0.7630000114440918,0.3693999946117401
YLR291C,YJL204C,0,-6.277107,0.1711529791355133,0.7630000114440918,0.3695000112056732
YBR260C,YPR182W,0,-6.277175,0.17111459374427795,0.7630000114440918,0.36959999799728394
YLR377C,YOR007C,0,-6.277209,0.171076238155365,0.7630000114440918,0.36970001459121704
YDR092W,YML045W,0,-6.2773,0.17103788256645203,0.7630000114440918,0.36980000138282776
YMR238W,YLR467W,0,-6.2773557,0.17099955677986145,0.7630000114440918,0.3698999881744385
YJL021C,YGR193C,0,-6.2774634,0.17096123099327087,0.7630000114440918,0.3700000047683716
YCL060C,YMR305C,0,-6.2774777,0.17092293500900269,0.7630000114440918,0.3700999915599823
YJR064W,YLR025W,0,-6.27756,0.1708846539258957,0.7630000114440918,0.3702000081539154
YGL021W,YPR198W,0,-6.277684,0.1708463877439499,0.7630000114440918,0.3702999949455261
YFL009W,YIR019C,0,-6.2777815,0.17080815136432648,0.7630000114440918,0.37040001153945923
YBR093C,YCL005W-A,0,-6.2778783,0.17076991498470306,0.7630000114440918,0.37049999833106995
YDR231C,YAL031C,0,-6.278141,0.17073170840740204,0.7630000114440918,0.37059998512268066
YER027C,YDL065C,0,-6.2781577,0.1706935167312622,0.7630000114440918,0.37070000171661377
YAL042W,YGR007W,0,-6.278185,0.17065533995628357,0.7630000114440918,0.3707999885082245
YJR047C,YFL002W-B,0,-6.2783017,0.17061717808246613,0.7630000114440918,0.3709000051021576
YPR094W,YLR132C,0,-6.2783146,0.17057903110980988,0.7630000114440918,0.3709999918937683
YDR363W-A,YGR161W-A,0,-6.2784348,0.17054089903831482,0.7630000114440918,0.3711000084877014
YHR019C,YGL100W,0,-6.2784786,0.17050279676914215,0.7630000114440918,0.37119999527931213
YPL095C,YHR123W,0,-6.2784786,0.17046469449996948,0.7630000114440918,0.37130001187324524
YGL151W,YLL017W,0,-6.2786846,0.1704266220331192,0.7630000114440918,0.37139999866485596
YJR121W,YDR131C,0,-6.27872,0.17038856446743011,0.7630000114440918,0.3714999854564667
YGR108W,YPR137C-B,0,-6.2787857,0.17035052180290222,0.7630000114440918,0.3716000020503998
YBR059C,YPL096C-A,0,-6.278818,0.17031249403953552,0.7630000114440918,0.3716999888420105
YLR276C,YGR038C-B,0,-6.278874,0.1702744960784912,0.7630000114440918,0.3718000054359436
YKL041W,YHL009W-B,0,-6.27905,0.1702364981174469,0.7630000114440918,0.3718999922275543
YLR102C,YOR136W,0,-6.2791824,0.17019852995872498,0.7630000114440918,0.3720000088214874
YPL256C,YMR202W,0,-6.279272,0.17016057670116425,0.7630000114440918,0.37209999561309814
YMR292W,YDR013W,0,-6.279334,0.1701226383447647,0.7630000114440918,0.37220001220703125
YJR092W,YGL200C,0,-6.279436,0.17008471488952637,0.7630000114440918,0.37229999899864197
YER040W,YDL085W,0,-6.279684,0.17004680633544922,0.7630000114440918,0.3723999857902527
YGL032C,YLR186W,0,-6.279694,0.17000891268253326,0.7630000114440918,0.3725000023841858
YJR108W,YPR052C,0,-6.2797112,0.1699710339307785,0.7630000114440918,0.3725999891757965
YIL150C,YDR379W,0,-6.2797956,0.16993318498134613,0.7630000114440918,0.3727000057697296
YLR453C,YPR018W,0,-6.279867,0.16989535093307495,0.7630000114440918,0.37279999256134033
YPL146C,YOL103W-B,0,-6.280105,0.16985753178596497,0.7630000114440918,0.37290000915527344
YDR179C,YDR276C,0,-6.280122,0.16981971263885498,0.7630000114440918,0.37299999594688416
YBR160W,YGL151W,0,-6.2801704,0.16978193819522858,0.7630000114440918,0.37310001254081726
YOR109W,YLR298C,0,-6.280254,0.16974416375160217,0.7630000114440918,0.373199999332428
YNL101W,YGL116W,0,-6.2804184,0.16970640420913696,0.7630000114440918,0.3732999861240387
YML094W,YCL062W,0,-6.2804594,0.16966867446899414,0.7630000114440918,0.3734000027179718
YKL085W,YKR085C,0,-6.2805595,0.16963094472885132,0.7630000114440918,0.3734999895095825
YNR027W,YER044C-A,0,-6.280933,0.16959324479103088,0.7630000114440918,0.3736000061035156
YNL148C,YMR197C,0,-6.2810607,0.16955555975437164,0.7630000114440918,0.37369999289512634
YHR043C,YML045W,0,-6.281093,0.1695178896188736,0.7630000114440918,0.37380000948905945
YJL018W,YML058W,0,-6.281411,0.16948023438453674,0.7630000114440918,0.37389999628067017
YPR105C,YDR446W,0,-6.2814474,0.16944259405136108,0.7630000114440918,0.37400001287460327
YPR183W,YNR052C,0,-6.28147,0.16940496861934662,0.7630000114440918,0.374099999666214
YGR171C,YLR086W,0,-6.2816525,0.16936737298965454,0.7630000114440918,0.3741999864578247
YCR086W,YDR151C,0,-6.281997,0.16932977735996246,0.7630000114440918,0.3743000030517578
YOR245C,YNL325C,0,-6.2819977,0.16929221153259277,0.7630000114440918,0.37439998984336853
YDL029W,YDR108W,0,-6.282012,0.16925466060638428,0.7630000114440918,0.37450000643730164
YOR299W,YER159C-A,0,-6.2820845,0.16921712458133698,0.7630000114440918,0.37459999322891235
YGL001C,YPL234C,0,-6.2821546,0.16917960345745087,0.7630000114440918,0.37470000982284546
YGR278W,YCL044C,0,-6.2822857,0.16914209723472595,0.7630000114440918,0.3747999966144562
YGL144C,YCR080W,0,-6.282358,0.16910460591316223,0.7630000114440918,0.3749000132083893
YDL105W,YDL195W,0,-6.2823877,0.1690671443939209,0.7630000114440918,0.375
YOL072W,YCR102C,0,-6.282448,0.16902968287467957,0.7630000114440918,0.3750999867916107
YGL246C,YDL052C,0,-6.282572,0.16899225115776062,0.7630000114440918,0.3752000033855438
YPL255W,YDR283C,0,-6.2828407,0.16895483434200287,0.7630000114440918,0.37529999017715454
YIL021W,YDR246W,0,-6.2828665,0.16891741752624512,0.7630000114440918,0.37540000677108765
YBL015W,YKL070W,0,-6.282917,0.16888003051280975,0.7630000114440918,0.37549999356269836
YGL144C,YDL235C,0,-6.2829237,0.16884265840053558,0.7630000114440918,0.37560001015663147
YNL046W,YPR158W-A,0,-6.283227,0.1688053160905838,0.7630000114440918,0.3756999969482422
YDL017W,YNR047W,0,-6.283252,0.16876797378063202,0.7630000114440918,0.3758000135421753
YGR238C,YHR196W,0,-6.283332,0.16873064637184143,0.7630000114440918,0.375900000333786
YER122C,YPL058C,0,-6.2833514,0.16869334876537323,0.7630000114440918,0.37599998712539673
YDR295C,YFR029W,0,-6.2834044,0.16865605115890503,0.7630000114440918,0.37610000371932983
YLR228C,YOR143C,0,-6.2834864,0.16861878335475922,0.7630000114440918,0.37619999051094055
YGR060W,YLR410W-A,0,-6.283491,0.1685815304517746,0.7630000114440918,0.37630000710487366
YLL009C,YPR100W,0,-6.283659,0.16854429244995117,0.7630000114440918,0.3763999938964844
YBR243C,YPL006W,0,-6.2836704,0.16850706934928894,0.7630000114440918,0.3765000104904175
YJR158W,YNL213C,0,-6.2836747,0.1684698611497879,0.7630000114440918,0.3765999972820282
YCR020W-B,YBL011W,0,-6.283701,0.16843266785144806,0.7630000114440918,0.3767000138759613
YNL318C,YPL242C,0,-6.2837377,0.1683955043554306,0.7630000114440918,0.376800000667572
YNL230C,YBR012W-B,0,-6.2837625,0.16835834085941315,0.7630000114440918,0.37689998745918274
YGR220C,YIL017W,0,-6.2837753,0.16832120716571808,0.7630000114440918,0.37700000405311584
YPR031W,YLR212C,0,-6.283784,0.168284073472023,0.7630000114440918,0.37709999084472656
YGL045W,YJL036W,0,-6.2841005,0.16824696958065033,0.7630000114440918,0.37720000743865967
YMR198W,YNL131W,0,-6.284154,0.16820988059043884,0.7630000114440918,0.3772999942302704
YDL142C,YCR080W,0,-6.2842007,0.16817280650138855,0.7630000114440918,0.3774000108242035
YPL082C,YBL035C,0,-6.2842655,0.16813574731349945,0.7630000114440918,0.3774999976158142
YML071C,YNL247W,0,-6.2844396,0.16809870302677155,0.7630000114440918,0.3776000142097473
YPL096C-A,YKR042W,0,-6.2846155,0.16806167364120483,0.7630000114440918,0.37770000100135803
YDR163W,YKR067W,0,-6.2846193,0.16802465915679932,0.7630000114440918,0.37779998779296875
YLR272C,YDR210C-D,0,-6.2846785,0.1679876744747162,0.7630000114440918,0.37790000438690186
YJL074C,YLR020C,0,-6.284685,0.16795068979263306,0.7630000114440918,0.3779999911785126
YLR328W,YCL003W,0,-6.285004,0.16791373491287231,0.7630000114440918,0.3781000077724457
YGL021W,YGR181W,0,-6.285134,0.16787679493427277,0.7630000114440918,0.3781999945640564
YMR026C,YCR058C,0,-6.285155,0.16783985495567322,0.7630000114440918,0.3783000111579895
YDR023W,YAL011W,0,-6.285367,0.16780294477939606,0.7630000114440918,0.3783999979496002
YOL135C,YDR259C,0,-6.2853813,0.1677660495042801,0.7630000114440918,0.3785000145435333
YML112W,YGL122C,0,-6.285411,0.16772916913032532,0.7630000114440918,0.37860000133514404
YBR243C,YIL016W,0,-6.2855377,0.16769230365753174,0.7630000114440918,0.37869998812675476
YPR030W,YPL258C,0,-6.285718,0.16765545308589935,0.7630000114440918,0.37880000472068787
YHR143W,YDL236W,0,-6.2857647,0.16761863231658936,0.7630000114440918,0.3788999915122986
YCL034W,YNL231C,0,-6.2861824,0.16758181154727936,0.7630000114440918,0.3790000081062317
YJL091C,YDR316W-A,0,-6.2862616,0.16754502058029175,0.7630000114440918,0.3790999948978424
YOR267C,YOR275C,0,-6.2862844,0.16750822961330414,0.7630000114440918,0.3792000114917755
YJR010C-A,YBR061C,0,-6.2864513,0.16747146844863892,0.7630000114440918,0.37929999828338623
YIR025W,YBL057C,0,-6.2865477,0.1674347221851349,0.7630000114440918,0.37940001487731934
YOL089C,YOL067C,1,-6.2865486,0.16761738061904907,0.7639999985694885,0.37940001487731934
YHR124W,YNL049C,0,-6.286606,0.16758060455322266,0.7639999985694885,0.37950000166893005
YCR020C,YER137C-A,0,-6.286745,0.16754385828971863,0.7639999985694885,0.37959998846054077
YMR203W,YBR006W,0,-6.286759,0.1675071269273758,0.7639999985694885,0.3797000050544739
YGL105W,YDL017W,0,-6.286786,0.16747041046619415,0.7639999985694885,0.3797999918460846
YJL021C,YKR053C,0,-6.287077,0.1674337089061737,0.7639999985694885,0.3799000084400177
YPL095C,YLR148W,0,-6.2870827,0.16739702224731445,0.7639999985694885,0.3799999952316284
YJR108W,YLR138W,0,-6.2874804,0.1673603504896164,0.7639999985694885,0.3801000118255615
YNL039W,YKL058W,1,-6.2875557,0.1675427109003067,0.7649999856948853,0.3801000118255615
YER015W,YEL009C,0,-6.2875657,0.16750602424144745,0.7649999856948853,0.38019999861717224
YGL153W,YDL138W,0,-6.28757,0.1674693524837494,0.7649999856948853,0.38029998540878296
YNR038W,YPR158C-D,0,-6.287713,0.16743269562721252,0.7649999856948853,0.38040000200271606
YBR100W,YJL187C,0,-6.287751,0.16739606857299805,0.7649999856948853,0.3804999887943268
YER028C,YMR227C,1,-6.287919,0.16757820546627045,0.765999972820282,0.3804999887943268
YOR245C,YPR188C,0,-6.287979,0.16754156351089478,0.765999972820282,0.3806000053882599
YPR138C,YML114C,0,-6.288089,0.1675049215555191,0.765999972820282,0.3806999921798706
YER068W,YFL018W-A,0,-6.2883577,0.16746829450130463,0.765999972820282,0.3808000087738037
YDL029W,YJR026W,0,-6.2884917,0.16743169724941254,0.765999972820282,0.38089999556541443
YLR438C-A,YPL036W,0,-6.2885756,0.16739509999752045,0.765999972820282,0.38100001215934753
YKR083C,YJL219W,0,-6.2885933,0.16735853254795074,0.765999972820282,0.38109999895095825
YGL251C,YBR228W,0,-6.2886124,0.16732197999954224,0.765999972820282,0.38119998574256897
YNL247W,YPR158W-B,0,-6.288636,0.16728542745113373,0.765999972820282,0.3813000023365021
YGL119W,YBR065C,0,-6.2886906,0.1672489047050476,0.765999972820282,0.3813999891281128
YDL217C,YDR210C-D,0,-6.288812,0.16721239686012268,0.765999972820282,0.3815000057220459
YBR198C,YAL001C,1,-6.288886,0.16739414632320404,0.7670000195503235,0.3815000057220459
YER028C,YPR186C,1,-6.2888956,0.16757582128047943,0.7680000066757202,0.3815000057220459
YCL059C,YBR002C,0,-6.28896,0.16753926873207092,0.7680000066757202,0.3815999925136566
YER045C,YIL036W,1,-6.2889843,0.16772082448005676,0.7689999938011169,0.3815999925136566
YGL003C,YOR380W,0,-6.289258,0.16768425703048706,0.7689999938011169,0.3817000091075897
YCR098C,YJR119C,0,-6.2892714,0.16764770448207855,0.7689999938011169,0.38179999589920044
YNL127W,YBR152W,0,-6.2893233,0.16761116683483124,0.7689999938011169,0.38190001249313354
YGL018C,YLR467W,0,-6.289475,0.16757462918758392,0.7689999938011169,0.38199999928474426
YGR262C,YIR015W,0,-6.28954,0.167538121342659,0.7689999938011169,0.382099986076355
YIL013C,YOR332W,0,-6.289794,0.16750162839889526,0.7689999938011169,0.3822000026702881
YBL069W,YHR072W-A,0,-6.2899947,0.16746515035629272,0.7689999938011169,0.3822999894618988
YCR106W,YLR025W,0,-6.290011,0.16742870211601257,0.7689999938011169,0.3824000060558319
YOL011W,YGL039W,0,-6.290059,0.16739225387573242,0.7689999938011169,0.3824999928474426
YGL005C,YAR009C,0,-6.2900667,0.16735582053661346,0.7689999938011169,0.38260000944137573
YOR330C,YNL074C,0,-6.290427,0.1673194020986557,0.7689999938011169,0.38269999623298645
YKL101W,YCL060C,0,-6.290533,0.16728301346302032,0.7689999938011169,0.38280001282691956
YCL060C,YOL105C,0,-6.290604,0.16724662482738495,0.7689999938011169,0.3828999996185303
YKR052C,YIR019C,0,-6.2906694,0.16721026599407196,0.7689999938011169,0.382999986410141
YNL062C,YOR332W,0,-6.2908354,0.16717390716075897,0.7689999938011169,0.3831000030040741
YBR177C,YGR048W,0,-6.2909856,0.16713757812976837,0.7689999938011169,0.3831999897956848
YHR191C,YDR322C-A,0,-6.290997,0.16710126399993896,0.7689999938011169,0.3833000063896179
YMR161W,YCR080W,0,-6.291021,0.16706496477127075,0.7689999938011169,0.38339999318122864
YLR264W,YLR292C,0,-6.291059,0.16702866554260254,0.7689999938011169,0.38350000977516174
YOR074C,YEL024W,0,-6.291246,0.1669923961162567,0.7689999938011169,0.38359999656677246
YLR206W,YEL041W,0,-6.2913437,0.16695614159107208,0.7689999938011169,0.38370001316070557
YFR037C,YPL283C,0,-6.2913847,0.16691990196704865,0.7689999938011169,0.3837999999523163
YGL167C,YOR343W-A,0,-6.2914505,0.1668836772441864,0.7689999938011169,0.383899986743927
YCL014W,YLR410W-A,0,-6.2914505,0.16684746742248535,0.7689999938011169,0.3840000033378601
YKL001C,YKL043W,0,-6.291503,0.1668112725019455,0.7689999938011169,0.3840999901294708
YLL022C,YNL029C,0,-6.29152,0.16677510738372803,0.7689999938011169,0.38420000672340393
YBR041W,YOR213C,0,-6.29161,0.16673894226551056,0.7689999938011169,0.38429999351501465
YMR055C,YDR078C,0,-6.2916164,0.16670279204845428,0.7689999938011169,0.38440001010894775
YBR273C,YGR161C-C,0,-6.291671,0.1666666716337204,0.7689999938011169,0.38449999690055847
YPL137C,YOR088W,0,-6.291819,0.1666305512189865,0.7689999938011169,0.3846000134944916
YNL250W,YBR058C-A,0,-6.291875,0.166594460606575,0.7689999938011169,0.3847000002861023
YPL087W,YDR261W-B,0,-6.2920218,0.1665583699941635,0.7689999938011169,0.384799987077713
YNL257C,YNL222W,1,-6.292053,0.1667388528585434,0.7699999809265137,0.384799987077713
YHR142W,YBR195C,0,-6.292168,0.1667027473449707,0.7699999809265137,0.3849000036716461
YDL138W,YHL007C,0,-6.2922535,0.1666666716337204,0.7699999809265137,0.38499999046325684
YDR179C,YDR470C,0,-6.2927117,0.1666305959224701,0.7699999809265137,0.38510000705718994
YOR298C-A,YNR032W,0,-6.292778,0.16659455001354218,0.7699999809265137,0.38519999384880066
YLR233C,YPR107C,0,-6.2928104,0.16655851900577545,0.7699999809265137,0.38530001044273376
YJR121W,YBR012W-B,0,-6.2928166,0.16652248799800873,0.7699999809265137,0.3853999972343445
YKL093W,YDR425W,0,-6.2929134,0.1664864867925644,0.7699999809265137,0.3855000138282776
YHR030C,YGR161W-A,0,-6.292946,0.16645050048828125,0.7699999809265137,0.3856000006198883
YMR234W,YHR050W,0,-6.293268,0.1664145290851593,0.7699999809265137,0.385699987411499
YPL217C,YHR111W,0,-6.293322,0.16637857258319855,0.7699999809265137,0.38580000400543213
YOR046C,YER117W,0,-6.2933598,0.1663426160812378,0.7699999809265137,0.38589999079704285
YBR129C,YLR362W,0,-6.29356,0.16630668938159943,0.7699999809265137,0.38600000739097595
YNL291C,YLL021W,0,-6.293602,0.16627077758312225,0.7699999809265137,0.38609999418258667
YIL115C,YDR469W,0,-6.293606,0.16623488068580627,0.7699999809265137,0.3862000107765198
YCL012W,YNL049C,0,-6.2936244,0.16619901359081268,0.7699999809265137,0.3862999975681305
YIR023W,YCR012W,0,-6.2936583,0.1661631464958191,0.7699999809265137,0.3864000141620636
YDL192W,YBL018C,0,-6.293662,0.1661272943019867,0.7699999809265137,0.3865000009536743
YLR114C,YIL033C,0,-6.2938004,0.1660914570093155,0.7699999809265137,0.38659998774528503
YPR193C,YPL060C-A,0,-6.2939568,0.16605563461780548,0.7699999809265137,0.38670000433921814
YIR023W,YKL191W,0,-6.2939816,0.16601984202861786,0.7699999809265137,0.38679999113082886
YFL021W,YGR047C,1,-6.294031,0.16619960963726044,0.7710000276565552,0.38679999113082886
YBL051C,YMR182C,0,-6.2940555,0.16616378724575043,0.7710000276565552,0.38690000772476196
YPL093W,YOR142W-B,0,-6.294177,0.1661279946565628,0.7710000276565552,0.3869999945163727
YGL222C,YML095C,0,-6.2944403,0.16609220206737518,0.7710000276565552,0.3871000111103058
YJL214W,YPL190C,0,-6.2944746,0.16605642437934875,0.7710000276565552,0.3871999979019165
YLR391W,YPL050C,0,-6.29463,0.16602067649364471,0.7710000276565552,0.3873000144958496
YKL114C,YNR003C,0,-6.294632,0.16598492860794067,0.7710000276565552,0.3874000012874603
YGL191W,YLR425W,0,-6.2947707,0.16594921052455902,0.7710000276565552,0.38749998807907104
YLR114C,YBR037C,0,-6.294791,0.16591349244117737,0.7710000276565552,0.38760000467300415
YOR269W,YGR059W,0,-6.2948647,0.1658778041601181,0.7710000276565552,0.38769999146461487
YNR038W,YMR032W,0,-6.2950473,0.16584211587905884,0.7710000276565552,0.387800008058548
YDR062W,YDL036C,0,-6.295146,0.16580645740032196,0.7710000276565552,0.3878999948501587
YBL013W,YLR034C,0,-6.295227,0.16577079892158508,0.7710000276565552,0.3880000114440918
YGR029W,YLR288C,0,-6.2953405,0.1657351702451706,0.7710000276565552,0.3880999982357025
YOL145C,YER094C,0,-6.295388,0.1656995415687561,0.7710000276565552,0.3882000148296356
YLR135W,YLR200W,0,-6.295591,0.165663942694664,0.7710000276565552,0.38830000162124634
YPL181W,YOR030W,0,-6.295683,0.1656283587217331,0.7710000276565552,0.38839998841285706
YGR070W,YNR023W,0,-6.295854,0.16559278964996338,0.7710000276565552,0.38850000500679016
YPR120C,YBL016W,0,-6.296074,0.16555722057819366,0.7710000276565552,0.3885999917984009
YOR204W,YJL065C,0,-6.296115,0.16552168130874634,0.7710000276565552,0.388700008392334
YHL031C,YOR089C,0,-6.2961903,0.1654861569404602,0.7710000276565552,0.3887999951839447
YOR244W,YDR255C,0,-6.2962246,0.16545064747333527,0.7710000276565552,0.3889000117778778
YLR391W,YLR059C,0,-6.2962704,0.16541515290737152,0.7710000276565552,0.3889999985694885
YPR054W,YNR006W,0,-6.29628,0.16537965834140778,0.7710000276565552,0.38909998536109924
YHR024C,YDR065W,0,-6.2963047,0.16534419357776642,0.7710000276565552,0.38920000195503235
YIL048W,YBR050C,0,-6.2963915,0.16530874371528625,0.7710000276565552,0.38929998874664307
YAL013W,YLR347C,0,-6.2964783,0.16527330875396729,0.7710000276565552,0.38940000534057617
YBR090C-A,YOL045W,0,-6.296528,0.1652378886938095,0.7710000276565552,0.3894999921321869
YDR272W,YPL174C,0,-6.2965713,0.16520248353481293,0.7710000276565552,0.38960000872612
YJR092W,YLR288C,0,-6.296652,0.16516709327697754,0.7710000276565552,0.3896999955177307
YCL059C,YKR085C,0,-6.2966776,0.16513171792030334,0.7710000276565552,0.3898000121116638
YHL031C,YIR021W,0,-6.296995,0.16509635746479034,0.7710000276565552,0.38989999890327454
YPL075W,YBL014C,0,-6.2970104,0.16506101191043854,0.7710000276565552,0.38999998569488525
YOR239W,YER149C,0,-6.2971973,0.16502568125724792,0.7710000276565552,0.39010000228881836
YLR134W,YOL004W,0,-6.297326,0.1649903655052185,0.7710000276565552,0.3901999890804291
YBR256C,YOR261C,0,-6.297344,0.16495506465435028,0.7710000276565552,0.3903000056743622
YGR036C,YCR080W,0,-6.2974315,0.16491977870464325,0.7710000276565552,0.3903999924659729
YKR035W-A,YOL127W,0,-6.2974825,0.1648845225572586,0.7710000276565552,0.390500009059906
YDR294C,YDL002C,0,-6.297761,0.16484926640987396,0.7710000276565552,0.3905999958515167
YER122C,YAL025C,0,-6.297769,0.1648140251636505,0.7710000276565552,0.39070001244544983
YBL015W,YER159C-A,0,-6.2978096,0.16477879881858826,0.7710000276565552,0.39079999923706055
YBL088C,YLR337C,0,-6.2978244,0.1647435873746872,0.7710000276565552,0.39089998602867126
YJR007W,YGL098W,0,-6.29791,0.16470839083194733,0.7710000276565552,0.39100000262260437
YGR060W,YDL188C,0,-6.297968,0.16467320919036865,0.7710000276565552,0.3910999894142151
YHR142W,YAL029C,0,-6.2981157,0.16463805735111237,0.7710000276565552,0.3912000060081482
YFL022C,YBR090C-A,0,-6.298543,0.16460290551185608,0.7710000276565552,0.3912999927997589
YEL063C,YDR219C,0,-6.2985525,0.164567768573761,0.7710000276565552,0.391400009393692
YDR123C,YHL006C,0,-6.298697,0.1645326465368271,0.7710000276565552,0.39149999618530273
YNL097C,YFL018W-A,0,-6.298743,0.16449753940105438,0.7710000276565552,0.39160001277923584
YDR016C,YAL010C,0,-6.2987547,0.16446246206760406,0.7710000276565552,0.39169999957084656
YER178W,YIL077C,0,-6.298854,0.16442738473415375,0.7710000276565552,0.3917999863624573
YGL174W,YDR404C,0,-6.29893,0.16439232230186462,0.7710000276565552,0.3919000029563904
YLR060W,YHR073W,0,-6.2989693,0.1643572747707367,0.7710000276565552,0.3919999897480011
YNL297C,YLR066W,0,-6.2992377,0.16432225704193115,0.7710000276565552,0.3921000063419342
YHR013C,YLR410W-A,0,-6.299433,0.1642872393131256,0.7710000276565552,0.3921999931335449
YKL139W,YNL297C,0,-6.2995205,0.16425223648548126,0.7710000276565552,0.392300009727478
YML112W,YDR129C,0,-6.2996106,0.1642172485589981,0.7710000276565552,0.39239999651908875
YGL027C,YPL110C,0,-6.2996507,0.16418227553367615,0.7710000276565552,0.39250001311302185
YMR246W,YBL093C,0,-6.299836,0.16414733231067657,0.7710000276565552,0.39259999990463257
YBR179C,YGR122W,0,-6.29996,0.164112389087677,0.7710000276565552,0.3926999866962433
YEL063C,YMR287C,0,-6.300089,0.16407746076583862,0.7710000276565552,0.3928000032901764
YBR175W,YMR156C,0,-6.3001366,0.16404254734516144,0.7710000276565552,0.3928999900817871
YER028C,YDR145W,1,-6.3002,0.16422037780284882,0.7720000147819519,0.3928999900817871
YCR012W,YKR090W,0,-6.300247,0.16418544948101044,0.7720000147819519,0.3930000066757202
YDR416W,YMR197C,0,-6.3003216,0.16415053606033325,0.7720000147819519,0.39309999346733093
YLR100W,YKL173W,0,-6.3005457,0.16411565244197845,0.7720000147819519,0.39320001006126404
YDR013W,YDR131C,0,-6.3009343,0.16408076882362366,0.7720000147819519,0.39329999685287476
YNL272C,YLR150W,0,-6.3009915,0.16404590010643005,0.7720000147819519,0.39340001344680786
YPL231W,YIL122W,0,-6.30114,0.16401104629039764,0.7720000147819519,0.3935000002384186
YLR399C,YKL188C,0,-6.301178,0.16397620737552643,0.7720000147819519,0.3935999870300293
YJL024C,YMR050C,0,-6.3013115,0.1639413833618164,0.7720000147819519,0.3937000036239624
YDR069C,YOR279C,0,-6.301318,0.16390658915042877,0.7720000147819519,0.3937999904155731
YLR292C,YGR081C,0,-6.3015347,0.16387179493904114,0.7720000147819519,0.3939000070095062
YIL095W,YKR072C,0,-6.301672,0.1638370156288147,0.7720000147819519,0.39399999380111694
YOR233W,YGR094W,0,-6.301701,0.16380225121974945,0.7720000147819519,0.39410001039505005
YBL040C,YDR501W,0,-6.301966,0.1637675017118454,0.7720000147819519,0.39419999718666077
YNR056C,YOR127W,0,-6.302262,0.16373276710510254,0.7720000147819519,0.39430001378059387
YFL021W,YPL011C,1,-6.3024287,0.16391009092330933,0.7730000019073486,0.39430001378059387
YDR448W,YER149C,0,-6.3025274,0.16387534141540527,0.7730000019073486,0.3944000005722046
YMR073C,YGL022W,0,-6.3025417,0.16384060680866241,0.7730000019073486,0.3944999873638153
YDR414C,YOR351C,0,-6.302705,0.16380588710308075,0.7730000019073486,0.3946000039577484
YPL267W,YML058W,0,-6.3027654,0.16377118229866028,0.7730000019073486,0.39469999074935913
YBR199W,YER112W,0,-6.302819,0.163736492395401,0.7730000019073486,0.39480000734329224
YOR240W,YGL209W,0,-6.3028655,0.16370181739330292,0.7730000019073486,0.39489999413490295
YPR193C,YAL016W,0,-6.3030696,0.16366715729236603,0.7730000019073486,0.39500001072883606
YDR478W,YDR341C,0,-6.3032446,0.16363251209259033,0.7730000019073486,0.3950999975204468
YJL095W,YNL298W,0,-6.3033333,0.16359788179397583,0.7730000019073486,0.3952000141143799
YBR110W,YDR163W,0,-6.3033404,0.16356326639652252,0.7730000019073486,0.3953000009059906
YFL021W,YDR145W,1,-6.3035374,0.16374021768569946,0.7739999890327454,0.3953000009059906
YMR247C,YML040W,0,-6.3036966,0.16370558738708496,0.7739999890327454,0.3953999876976013
YMR267W,YBR006W,0,-6.303851,0.16367097198963165,0.7739999890327454,0.3955000042915344
YLR272C,YNL284C-B,0,-6.3038983,0.16363635659217834,0.7739999890327454,0.39559999108314514
YDR141C,YMR192W,0,-6.3039904,0.16360177099704742,0.7739999890327454,0.39570000767707825
YER073W,YIL017W,0,-6.3041263,0.1635672003030777,0.7739999890327454,0.39579999446868896
YDR469W,YGR027W-A,0,-6.30413,0.16353264451026917,0.7739999890327454,0.39590001106262207
YFR019W,YKL043W,0,-6.304136,0.16349810361862183,0.7739999890327454,0.3959999978542328
YLR060W,YJL035C,0,-6.304187,0.1634635627269745,0.7739999890327454,0.3961000144481659
YPL202C,YOR194C,1,-6.304201,0.16364020109176636,0.7749999761581421,0.3961000144481659
YKL079W,YPL041C,0,-6.3043437,0.16360566020011902,0.7749999761581421,0.3962000012397766
YPL234C,YER159C-A,0,-6.3043623,0.16357113420963287,0.7749999761581421,0.39629998803138733
YFR024C,YDR312W,0,-6.3044434,0.16353660821914673,0.7749999761581421,0.39640000462532043
YMR101C,YML076C,0,-6.3046002,0.16350211203098297,0.7749999761581421,0.39649999141693115
YMR192W,YOL088C,0,-6.305007,0.1634676158428192,0.7749999761581421,0.39660000801086426
YDR324C,YJL012C-A,0,-6.3053474,0.16343314945697784,0.7749999761581421,0.396699994802475
YDR099W,YPR057W,0,-6.305361,0.16339869797229767,0.7749999761581421,0.3968000113964081
YBR273C,YLL056C,0,-6.305463,0.1633642464876175,0.7749999761581421,0.3968999981880188
YKL032C,YOR321W,0,-6.3055687,0.1633298248052597,0.7749999761581421,0.3970000147819519
YER020W,YOR069W,0,-6.305627,0.16329540312290192,0.7749999761581421,0.3971000015735626
YBR257W,YPL120W,0,-6.306078,0.16326101124286652,0.7749999761581421,0.39719998836517334
YKL082C,YFL002W-A,0,-6.3061023,0.16322661936283112,0.7749999761581421,0.39730000495910645
YNR007C,YGR008C,0,-6.3061037,0.1631922572851181,0.7749999761581421,0.39739999175071716
YDR288W,YHL009W-B,0,-6.3063917,0.1631578952074051,0.7749999761581421,0.39750000834465027
YDL040C,YOR068C,0,-6.3066854,0.16312354803085327,0.7749999761581421,0.397599995136261
YDR191W,YML025C,0,-6.3066998,0.16308923065662384,0.7749999761581421,0.3977000117301941
YOL026C,YPR074C,0,-6.30697,0.1630549132823944,0.7749999761581421,0.3977999985218048
YBL097W,YMR101C,0,-6.3069963,0.16302061080932617,0.7749999761581421,0.3978999853134155
YNL061W,YGR038C-B,0,-6.307088,0.16298632323741913,0.7749999761581421,0.39800000190734863
YAR007C,YBL061C,0,-6.307261,0.16295206546783447,0.7749999761581421,0.39809998869895935
YBL023C,YHR214C-B,0,-6.3075094,0.16291780769824982,0.7749999761581421,0.39820000529289246
YDR221W,YNL241C,0,-6.3075175,0.16288356482982635,0.7749999761581421,0.3982999920845032
YDR495C,YJR120W,0,-6.307694,0.1628493368625641,0.7749999761581421,0.3984000086784363
YCR089W,YDL040C,0,-6.307875,0.162815123796463,0.7749999761581421,0.398499995470047
YIR010W,YDR457W,0,-6.308087,0.16278092563152313,0.7749999761581421,0.3986000120639801
YDL035C,YDR443C,0,-6.308201,0.16274674236774445,0.7749999761581421,0.3986999988555908
YNL242W,YGR212W,0,-6.308239,0.16271257400512695,0.7749999761581421,0.39879998564720154
YDL043C,YOL080C,0,-6.308278,0.16267842054367065,0.7749999761581421,0.39890000224113464
YHR107C,YCR081W,0,-6.308511,0.16264428198337555,0.7749999761581421,0.39899998903274536
YMR073C,YPR051W,0,-6.3086166,0.16261015832424164,0.7749999761581421,0.39910000562667847
YBR090C-A,YMR200W,0,-6.308696,0.16257604956626892,0.7749999761581421,0.3991999924182892
YML058W,YDR131C,0,-6.3087616,0.1625419408082962,0.7749999761581421,0.3993000090122223
YER149C,YML033W,0,-6.3087807,0.16250786185264587,0.7749999761581421,0.399399995803833
YPL174C,YKR008W,0,-6.3089223,0.16247379779815674,0.7749999761581421,0.3995000123977661
YGL004C,YDR306C,0,-6.309044,0.1624397337436676,0.7749999761581421,0.39959999918937683
YIL035C,YAL032C,0,-6.309497,0.16240569949150085,0.7749999761581421,0.39969998598098755
YEL018W,YDL095W,0,-6.3095694,0.1623716801404953,0.7749999761581421,0.39980000257492065
YPR200C,YKL195W,0,-6.3098927,0.16233766078948975,0.7749999761581421,0.39989998936653137
YDL046W,YMR231W,0,-6.310088,0.16230367124080658,0.7749999761581421,0.4000000059604645
YCL011C,YDR495C,0,-6.3102374,0.1622696816921234,0.7749999761581421,0.4000999927520752
YOR173W,YGR161W-A,0,-6.310335,0.16223570704460144,0.7749999761581421,0.4002000093460083
YKR003W,YGL046W,0,-6.3105536,0.16220176219940186,0.7749999761581421,0.400299996137619
YJR060W,YLR098C,0,-6.3105774,0.16216781735420227,0.7749999761581421,0.4004000127315521
YER044C-A,YDR065W,0,-6.3106136,0.16213388741016388,0.7749999761581421,0.40049999952316284
YPR033C,YBR130C,0,-6.3106594,0.16209997236728668,0.7749999761581421,0.40059998631477356
YPL195W,YHR026W,0,-6.3107376,0.16206608712673187,0.7749999761581421,0.40070000290870667
YIR025W,YMR285C,0,-6.310801,0.16203220188617706,0.7749999761581421,0.4007999897003174
YDR447C,YDR369C,0,-6.3108563,0.16199833154678345,0.7749999761581421,0.4009000062942505
YMR048W,YJL140W,0,-6.3110886,0.16196447610855103,0.7749999761581421,0.4009999930858612
YAR018C,YGR141W,0,-6.311175,0.1619306355714798,0.7749999761581421,0.4011000096797943
YPL122C,YGR047C,1,-6.3113346,0.1621057093143463,0.7760000228881836,0.4011000096797943
YKL112W,YGL205W,0,-6.3114753,0.1620718389749527,0.7760000228881836,0.40119999647140503
YLR190W,YHR039C-A,0,-6.3115816,0.16203799843788147,0.7760000228881836,0.40130001306533813
YKR087C,YLR107W,0,-6.3116803,0.16200417280197144,0.7760000228881836,0.40139999985694885
YPL177C,YGR274C,1,-6.311681,0.16217908263206482,0.7770000100135803,0.40139999985694885
YHR069C,YDR325W,0,-6.311741,0.1621452420949936,0.7770000100135803,0.40149998664855957
YDL226C,YOR081C,0,-6.311858,0.16211141645908356,0.7770000100135803,0.4016000032424927
YCL016C,YJL053W,0,-6.311885,0.16207759082317352,0.7770000100135803,0.4016999900341034
YGR175C,YLR032W,0,-6.311952,0.16204379498958588,0.7770000100135803,0.4018000066280365
YPR193C,YGL243W,0,-6.3121314,0.16201001405715942,0.7770000100135803,0.4018999934196472
YNL278W,YGR033C,0,-6.312146,0.16197623312473297,0.7770000100135803,0.4020000100135803
YJR158W,YER087C-A,0,-6.3121967,0.1619424819946289,0.7770000100135803,0.40209999680519104
YCR075C,YCL062W,0,-6.3126535,0.16190873086452484,0.7770000100135803,0.40220001339912415
YGL020C,YEL065W,0,-6.312728,0.16187499463558197,0.7770000100135803,0.40230000019073486
YPR025C,YIL036W,1,-6.3127403,0.1620495766401291,0.777999997138977,0.40230000019073486
YGR098C,YDR235W,0,-6.3127646,0.16201582551002502,0.777999997138977,0.4023999869823456
YDR400W,YLR227W-B,0,-6.312828,0.16198208928108215,0.777999997138977,0.4025000035762787
YMR184W,YAR042W,0,-6.3128595,0.16194838285446167,0.777999997138977,0.4025999903678894
YER028C,YGL112C,1,-6.313011,0.16212278604507446,0.7789999842643738,0.4025999903678894
YMR237W,YNL080C,0,-6.3130255,0.1620890498161316,0.7789999842643738,0.4027000069618225
YHR065C,YER180C-A,0,-6.3130913,0.1620553433895111,0.7789999842643738,0.4027999937534332
YER038C,YLR032W,0,-6.3131175,0.16202163696289062,0.7789999842643738,0.40290001034736633
YGR003W,YKL014C,0,-6.313149,0.16198794543743134,0.7789999842643738,0.40299999713897705
YOR208W,YBR228W,0,-6.3132277,0.16195426881313324,0.7789999842643738,0.40310001373291016
YCR098C,YKR101W,0,-6.3132815,0.16192059218883514,0.7789999842643738,0.4032000005245209
YIL085C,YHR072W-A,0,-6.3133144,0.16188694536685944,0.7789999842643738,0.4032999873161316
YGR247W,YPL116W,0,-6.313497,0.16185331344604492,0.7789999842643738,0.4034000039100647
YGL223C,YDL101C,0,-6.313655,0.1618196964263916,0.7789999842643738,0.4034999907016754
YOR112W,YER103W,0,-6.3136683,0.16178607940673828,0.7789999842643738,0.4036000072956085
YKL185W,YML078W,0,-6.3137374,0.16175249218940735,0.7789999842643738,0.40369999408721924
YPL177C,YPR186C,1,-6.3138375,0.1619265079498291,0.7799999713897705,0.40369999408721924
YOR233W,YBL025W,0,-6.31388,0.16189290583133698,0.7799999713897705,0.40380001068115234
YHR118C,YLR453C,0,-6.3140097,0.16185930371284485,0.7799999713897705,0.40389999747276306
YOL102C,YOR084W,0,-6.314066,0.1618257313966751,0.7799999713897705,0.40400001406669617
YPR086W,YAL001C,1,-6.3140817,0.16199958324432373,0.781000018119812,0.40400001406669617
YCL008C,YNL088W,0,-6.314085,0.1619659960269928,0.781000018119812,0.4041000008583069
YNL102W,YOR088W,0,-6.314094,0.16193240880966187,0.781000018119812,0.4041999876499176
YPL125W,YJL222W,0,-6.3141384,0.16189883649349213,0.781000018119812,0.4043000042438507
YDL088C,YGR183C,0,-6.3141937,0.16186527907848358,0.781000018119812,0.4043999910354614
YMR237W,YLR193C,0,-6.314334,0.16183175146579742,0.781000018119812,0.40450000762939453
YPL060W,YDR280W,0,-6.3143377,0.16179822385311127,0.781000018119812,0.40459999442100525
YOR265W,YGR024C,0,-6.3144603,0.1617647111415863,0.781000018119812,0.40470001101493835
YDR194C,YMR051C,0,-6.314714,0.16173121333122253,0.781000018119812,0.4047999978065491
YBR004C,YOL034W,0,-6.3149967,0.16169771552085876,0.781000018119812,0.4049000144004822
YDL159W,YDL244W,0,-6.315009,0.16166424751281738,0.781000018119812,0.4050000011920929
YJL201W,YDR515W,0,-6.315114,0.1616307944059372,0.781000018119812,0.4050999879837036
YHR176W,YCL062W,0,-6.3151445,0.1615973562002182,0.781000018119812,0.4052000045776367
YDR465C,YPR158W-B,0,-6.3152065,0.1615639179944992,0.781000018119812,0.40529999136924744
YAR031W,YGR013W,0,-6.315346,0.1615305095911026,0.781000018119812,0.40540000796318054
YPL270W,YJL116C,0,-6.315387,0.161497101187706,0.781000018119812,0.40549999475479126
YLR044C,YLR048W,0,-6.315591,0.16146372258663177,0.781000018119812,0.40560001134872437
YER028C,YML069W,1,-6.3158293,0.16163703799247742,0.7820000052452087,0.40560001134872437
YMR119W,YBR082C,0,-6.315881,0.161603644490242,0.7820000052452087,0.4056999981403351
YKR081C,YDR341C,0,-6.316105,0.1615702509880066,0.7820000052452087,0.4058000147342682
YBR109C,YGR027W-B,0,-6.316308,0.16153687238693237,0.7820000052452087,0.4059000015258789
YKL193C,YHR106W,0,-6.3163886,0.16150350868701935,0.7820000052452087,0.4059999883174896
YGL126W,YGR038C-B,0,-6.316482,0.16147015988826752,0.7820000052452087,0.40610000491142273
YJR097W,YJL030W,0,-6.3168955,0.16143682599067688,0.7820000052452087,0.40619999170303345
YPR119W,YKL014C,0,-6.3170557,0.16140350699424744,0.7820000052452087,0.40630000829696655
YNL166C,YBR042C,0,-6.3171096,0.1613702028989792,0.7820000052452087,0.40639999508857727
YGL144C,YFL002W-B,0,-6.3171196,0.16133691370487213,0.7820000052452087,0.4065000116825104
YOR210W,YBL005W-B,0,-6.317177,0.16130362451076508,0.7820000052452087,0.4065999984741211
YMR281W,YER137C-A,0,-6.317584,0.1612703651189804,0.7820000052452087,0.4066999852657318
YPL283C,YOR087W,0,-6.3180747,0.16123712062835693,0.7820000052452087,0.4068000018596649
YPL095C,YPR088C,0,-6.318121,0.16120387613773346,0.7820000052452087,0.40689998865127563
YJL021C,YNL258C,0,-6.318258,0.16117064654827118,0.7820000052452087,0.40700000524520874
YMR092C,YBL017C,0,-6.318331,0.1611374467611313,0.7820000052452087,0.40709999203681946
YKL068W,YCR014C,0,-6.318407,0.1611042469739914,0.7820000052452087,0.40720000863075256
YEL027W,YPL262W,0,-6.318462,0.1610710620880127,0.7820000052452087,0.4072999954223633
YHL003C,YBR172C,0,-6.3186865,0.1610378921031952,0.7820000052452087,0.4074000120162964
YIL117C,YML131W,0,-6.3189287,0.16100473701953888,0.7820000052452087,0.4074999988079071
YIR021W,YFL002W-A,0,-6.3191752,0.16097159683704376,0.7820000052452087,0.4075999855995178
YHR133C,YDR316W-B,0,-6.319207,0.16093847155570984,0.7820000052452087,0.4077000021934509
YIL103W,YKL170W,0,-6.3192616,0.16090534627437592,0.7820000052452087,0.40779998898506165
YNL037C,YHR102W,0,-6.319364,0.16087225079536438,0.7820000052452087,0.40790000557899475
YLR216C,YDL130W-A,0,-6.3193655,0.16083915531635284,0.7820000052452087,0.40799999237060547
YKL201C,YER178W,0,-6.3194103,0.1608060896396637,0.7820000052452087,0.4081000089645386
YGR057C,YKL200C,0,-6.3194294,0.16077302396297455,0.7820000052452087,0.4081999957561493
YNL101W,YGL143C,0,-6.3195024,0.1607399731874466,0.7820000052452087,0.4083000123500824
YJL021C,YCL054W,0,-6.3196507,0.16070695221424103,0.7820000052452087,0.4083999991416931
YFL010W-A,YNL130C,0,-6.3197355,0.16067393124103546,0.7820000052452087,0.40849998593330383
YMR277W,YJL184W,0,-6.319767,0.1606409251689911,0.7820000052452087,0.40860000252723694
YOR126C,YHL009W-B,0,-6.319787,0.1606079339981079,0.7820000052452087,0.40869998931884766
YLR242C,YDL045C,0,-6.3198166,0.16057494282722473,0.7820000052452087,0.40880000591278076
YFR028C,YAL059W,0,-6.3199644,0.16054198145866394,0.7820000052452087,0.4088999927043915
YOR204W,YGL113W,0,-6.320084,0.16050903499126434,0.7820000052452087,0.4090000092983246
YBR023C,YDR331W,0,-6.320409,0.16047608852386475,0.7820000052452087,0.4090999960899353
YGL012W,YIR033W,0,-6.3204565,0.16044317185878754,0.7820000052452087,0.4092000126838684
YDR295C,YBR293W,0,-6.320468,0.16041025519371033,0.7820000052452087,0.4092999994754791
YLR165C,YKL080W,0,-6.3205886,0.1603773534297943,0.7820000052452087,0.40939998626708984
YAR018C,YDR116C,0,-6.3205957,0.16034448146820068,0.7820000052452087,0.40950000286102295
YDL007W,YHR016C,0,-6.320752,0.16031160950660706,0.7820000052452087,0.40959998965263367
YCR010C,YMR050C,0,-6.3208647,0.16027875244617462,0.7820000052452087,0.4097000062465668
YHR200W,YGR192C,0,-6.3212214,0.1602458953857422,0.7820000052452087,0.4097999930381775
YBR276C,YLR262C,0,-6.3212814,0.16021306812763214,0.7820000052452087,0.4099000096321106
YHR091C,YAR033W,0,-6.321423,0.1601802557706833,0.7820000052452087,0.4099999964237213
YIL036W,YAL001C,1,-6.3215895,0.16035224497318268,0.7829999923706055,0.4099999964237213
YOR046C,YDR472W,0,-6.3217597,0.16031941771507263,0.7829999923706055,0.4101000130176544
YLR353W,YJL124C,0,-6.3218055,0.16028659045696259,0.7829999923706055,0.41019999980926514
YHR023W,YCL003W,0,-6.321827,0.16025379300117493,0.7829999923706055,0.41029998660087585
YJL085W,YDR018C,0,-6.3218923,0.16022099554538727,0.7829999923706055,0.41040000319480896
YOR034C,YHR007C,0,-6.3219013,0.1601882129907608,0.7829999923706055,0.4104999899864197
YNL169C,YCR031C,0,-6.322158,0.16015544533729553,0.7829999923706055,0.4106000065803528
YGL247W,YDL188C,0,-6.3222218,0.16012269258499146,0.7829999923706055,0.4106999933719635
YMR216C,YLL024C,0,-6.3224134,0.16008995473384857,0.7829999923706055,0.4108000099658966
YCL051W,YOL011W,0,-6.3225174,0.16005723178386688,0.7829999923706055,0.4108999967575073
YKL020C,YMR089C,0,-6.3225336,0.1600245237350464,0.7829999923706055,0.41100001335144043
YBL016W,YLR126C,0,-6.3228226,0.15999183058738708,0.7829999923706055,0.41110000014305115
YPL259C,YCR080W,0,-6.322982,0.15995913743972778,0.7829999923706055,0.41119998693466187
YHL019C,YDL101C,0,-6.3235598,0.15992647409439087,0.7829999923706055,0.41130000352859497
YLR450W,YDR212W,0,-6.323886,0.15989381074905396,0.7829999923706055,0.4113999903202057
YER168C,YML067C,0,-6.323906,0.15986116230487823,0.7829999923706055,0.4115000069141388
YLR214W,YNL045W,0,-6.324008,0.1598285436630249,0.7829999923706055,0.4115999937057495
YGR246C,YGL166W,1,-6.3240266,0.1599999964237213,0.7839999794960022,0.4115999937057495
YNL245C,YPL157W,0,-6.324053,0.1599673479795456,0.7839999794960022,0.4117000102996826
YCR065W,YLR398C,0,-6.3240833,0.15993471443653107,0.7839999794960022,0.41179999709129333
YDR280W,YFR031C,0,-6.324643,0.15990209579467773,0.7839999794960022,0.41190001368522644
YGL001C,YKL060C,0,-6.3246603,0.1598694920539856,0.7839999794960022,0.41200000047683716
YNL169C,YGR046W,0,-6.3250027,0.15983690321445465,0.7839999794960022,0.4120999872684479
YKL213C,YDR279W,0,-6.325522,0.1598043143749237,0.7839999794960022,0.412200003862381
YDR379W,YJL089W,0,-6.325721,0.15977175533771515,0.7839999794960022,0.4122999906539917
YMR038C,YGR113W,0,-6.3259554,0.1597391963005066,0.7839999794960022,0.4124000072479248
YNL080C,YDR419W,0,-6.3259783,0.15970666706562042,0.7839999794960022,0.4124999940395355
YPL018W,YJR110W,0,-6.3261266,0.15967413783073425,0.7839999794960022,0.41260001063346863
YLR378C,YPR198W,0,-6.3265247,0.15964162349700928,0.7839999794960022,0.41269999742507935
YBL098W,YDR507C,0,-6.3266783,0.1596091240644455,0.7839999794960022,0.41280001401901245
YIR025W,YMR234W,0,-6.3267593,0.1595766395330429,0.7839999794960022,0.41290000081062317
YBR280C,YDR484W,0,-6.3267837,0.15954415500164032,0.7839999794960022,0.4129999876022339
YPR186C,YOL067C,1,-6.326886,0.15971516072750092,0.7850000262260437,0.4129999876022339
YOR034C,YIL147C,0,-6.3271523,0.15968267619609833,0.7850000262260437,0.413100004196167
YPL006W,YML040W,0,-6.327224,0.15965019166469574,0.7850000262260437,0.4131999909877777
YBL023C,YDL128W,0,-6.3272467,0.15961773693561554,0.7850000262260437,0.4133000075817108
YGL020C,YEL066W,0,-6.327302,0.15958528220653534,0.7850000262260437,0.41339999437332153
YPL228W,YOR061W,0,-6.3273907,0.15955284237861633,0.7850000262260437,0.41350001096725464
YBR021W,YDR060W,0,-6.3275948,0.15952041745185852,0.7850000262260437,0.41359999775886536
YLL026W,YNR032W,0,-6.32763,0.1594880074262619,0.7850000262260437,0.41370001435279846
YLR453C,YDL080C,0,-6.3279037,0.15945561230182648,0.7850000262260437,0.4138000011444092
YDL045C,YFR024C,0,-6.3280525,0.15942323207855225,0.7850000262260437,0.4138999879360199
YER157W,YDR079W,0,-6.328083,0.1593908667564392,0.7850000262260437,0.414000004529953
YAL068C,YLR090W,0,-6.3281918,0.15935850143432617,0.7850000262260437,0.4140999913215637
YFL034C-B,YGL122C,0,-6.3287516,0.15932616591453552,0.7850000262260437,0.4142000079154968
YGR246C,YPL122C,1,-6.3290195,0.1594967544078827,0.7860000133514404,0.4142000079154968
YJL167W,YDL134C,0,-6.3291106,0.15946438908576965,0.7860000133514404,0.41429999470710754
YNR032W,YLR181C,0,-6.3293967,0.159432053565979,0.7860000133514404,0.41440001130104065
YOR259C,YBR152W,0,-6.3295527,0.15939971804618835,0.7860000133514404,0.41449999809265137
YGL153W,YMR210W,0,-6.3297095,0.1593673974275589,0.7860000133514404,0.4146000146865845
YKL175W,YLR301W,0,-6.329747,0.15933509171009064,0.7860000133514404,0.4147000014781952
YDR283C,YGL046W,0,-6.3300138,0.15930280089378357,0.7860000133514404,0.4147999882698059
YDR038C,YBR004C,0,-6.330115,0.1592705100774765,0.7860000133514404,0.414900004863739
YML077W,YCR058C,0,-6.3302736,0.15923824906349182,0.7860000133514404,0.41499999165534973
YNL325C,YPL243W,0,-6.330557,0.15920600295066833,0.7860000133514404,0.41510000824928284
YDR245W,YOL097C,0,-6.331035,0.15917375683784485,0.7860000133514404,0.41519999504089355
YPL209C,YCL060C,0,-6.331061,0.15914152562618256,0.7860000133514404,0.41530001163482666
YDL149W,YDR065W,0,-6.331079,0.15910930931568146,0.7860000133514404,0.4153999984264374
YMR025W,YNL250W,0,-6.3311405,0.15907710790634155,0.7860000133514404,0.4154999852180481
YMR301C,YDR023W,0,-6.3311467,0.15904492139816284,0.7860000133514404,0.4156000018119812
YLR256W,YLR455W,0,-6.3311605,0.15901274979114532,0.7860000133514404,0.4156999886035919
YML112W,YCR028C,0,-6.331189,0.1589805781841278,0.7860000133514404,0.415800005197525
YBR123C,YAL001C,1,-6.3312826,0.15915066003799438,0.7870000004768372,0.415800005197525
YOR157C,YCL019W,0,-6.331626,0.15911847352981567,0.7870000004768372,0.41589999198913574
YBR029C,YOR321W,0,-6.331972,0.15908631682395935,0.7870000004768372,0.41600000858306885
YAL012W,YKL073W,0,-6.3321667,0.15905416011810303,0.7870000004768372,0.41609999537467957
YDL140C,YJL052W,0,-6.3321953,0.1590220183134079,0.7870000004768372,0.41620001196861267
YPL224C,YPR088C,0,-6.332282,0.15898990631103516,0.7870000004768372,0.4162999987602234
YJL021C,YDL098C,0,-6.3325186,0.15895777940750122,0.7870000004768372,0.4163999855518341
YIL109C,YCR081W,0,-6.332589,0.15892568230628967,0.7870000004768372,0.4165000021457672
YBR103W,YDL244W,0,-6.3325973,0.15889360010623932,0.7870000004768372,0.41659998893737793
YMR168C,YER052C,0,-6.3329287,0.15886153280735016,0.7870000004768372,0.41670000553131104
YHR059W,YLL003W,0,-6.33317,0.158829465508461,0.7870000004768372,0.41679999232292175
YML076C,YLR227W-B,0,-6.3332973,0.15879741311073303,0.7870000004768372,0.41690000891685486
YPR057W,YGL051W,0,-6.3333664,0.15876537561416626,0.7870000004768372,0.4169999957084656
YHR013C,YGR245C,0,-6.3333945,0.15873335301876068,0.7870000004768372,0.4171000123023987
YMR255W,YJL183W,0,-6.3334312,0.1587013453245163,0.7870000004768372,0.4171999990940094
YMR011W,YBR111W-A,0,-6.3337364,0.1586693525314331,0.7870000004768372,0.4172999858856201
YGL153W,YDL230W,0,-6.3338003,0.1586373746395111,0.7870000004768372,0.4174000024795532
YGR147C,YLR003C,0,-6.3339777,0.1586053967475891,0.7870000004768372,0.41749998927116394
YER030W,YGR104C,0,-6.3341155,0.1585734486579895,0.7870000004768372,0.41760000586509705
YBR004C,YHL006C,0,-6.3341417,0.1585415005683899,0.7870000004768372,0.41769999265670776
YOL108C,YMR089C,0,-6.334143,0.15850956737995148,0.7870000004768372,0.41780000925064087
YPL060W,YHR160C,0,-6.3342366,0.15847764909267426,0.7870000004768372,0.4178999960422516
YAL051W,YGL063W,0,-6.334244,0.15844574570655823,0.7870000004768372,0.4180000126361847
YML094W,YER151C,0,-6.334329,0.1584138423204422,0.7870000004768372,0.4180999994277954
YNR016C,YPR005C,0,-6.334516,0.15838196873664856,0.7870000004768372,0.41819998621940613
YPL267W,YBL100W-A,0,-6.334547,0.15835009515285492,0.7870000004768372,0.41830000281333923
YLR284C,YGR099W,0,-6.334823,0.15831825137138367,0.7870000004768372,0.41839998960494995
YGL068W,YLR048W,0,-6.3350563,0.15828640758991241,0.7870000004768372,0.41850000619888306
YGR246C,YMR227C,1,-6.3351135,0.15845565497875214,0.7879999876022339,0.41850000619888306
YBL097W,YGR101W,0,-6.335191,0.15842381119728088,0.7879999876022339,0.4185999929904938
YNR044W,YJR160C,0,-6.335485,0.15839195251464844,0.7879999876022339,0.4187000095844269
YDL017W,YJL198W,0,-6.335544,0.15836012363433838,0.7879999876022339,0.4187999963760376
YGR209C,YOR008C-A,0,-6.3356657,0.15832830965518951,0.7879999876022339,0.4189000129699707
YPR025C,YNL314W,1,-6.3357058,0.1584973931312561,0.7889999747276306,0.4189000129699707
YBR165W,YDR115W,0,-6.335724,0.15846554934978485,0.7889999747276306,0.4189999997615814
YGR225W,YML095C,0,-6.3357525,0.158433735370636,0.7889999747276306,0.41909998655319214
YFL013C,YBR002C,0,-6.3358035,0.15840192139148712,0.7889999747276306,0.41920000314712524
YPL125W,YFR024C,0,-6.335805,0.15837013721466064,0.7889999747276306,0.41929998993873596
YOL060C,YJL018W,0,-6.335895,0.15833835303783417,0.7889999747276306,0.41940000653266907
YML103C,YKL038W,0,-6.336131,0.15830658376216888,0.7889999747276306,0.4194999933242798
YPR023C,YPR070W,0,-6.336234,0.1582748293876648,0.7889999747276306,0.4196000099182129
YDR163W,YLR007W,0,-6.3362617,0.1582430750131607,0.7889999747276306,0.4196999967098236
YJR053W,YML124C,0,-6.3363338,0.158211350440979,0.7889999747276306,0.4198000133037567
YOL067C,YER148W,1,-6.336366,0.15838010609149933,0.7900000214576721,0.4198000133037567
YHR167W,YOR008C-A,0,-6.3365054,0.15834836661815643,0.7900000214576721,0.41990000009536743
YAL001C,YOR110W,1,-6.3365226,0.1585170328617096,0.7910000085830688,0.41990000009536743
YJL074C,YLR224W,0,-6.3365684,0.1584852784872055,0.7910000085830688,0.41999998688697815
YGR246C,YPR008W,1,-6.3366446,0.1586538404226303,0.7919999957084656,0.41999998688697815
YER157W,YDR243C,0,-6.336684,0.15862207114696503,0.7919999957084656,0.42010000348091125
YNL232W,YNL273W,0,-6.33675,0.15859030187129974,0.7919999957084656,0.420199990272522
YPL058C,YNR023W,0,-6.3368077,0.15855856239795685,0.7919999957084656,0.4203000068664551
YGL200C,YNR046W,0,-6.337023,0.15852682292461395,0.7919999957084656,0.4203999936580658
YOL003C,YEL024W,0,-6.337104,0.15849509835243225,0.7919999957084656,0.4205000102519989
YLR401C,YGL172W,0,-6.3371706,0.15846338868141174,0.7919999957084656,0.4205999970436096
YDR137W,YHL027W,0,-6.3371797,0.15843167901039124,0.7919999957084656,0.4207000136375427
YDL051W,YKL042W,0,-6.3372,0.15839999914169312,0.7919999957084656,0.42080000042915344
YGL191W,YKL086W,0,-6.3373723,0.158368319272995,0.7919999957084656,0.42089998722076416
YMR025W,YGR086C,0,-6.3374557,0.15833666920661926,0.7919999957084656,0.42100000381469727
YIL095W,YML025C,0,-6.3374653,0.15830501914024353,0.7919999957084656,0.421099990606308
YDR022C,YER015W,0,-6.337468,0.158273383975029,0.7919999957084656,0.4212000072002411
YNL207W,YKL175W,0,-6.337556,0.15824176371097565,0.7919999957084656,0.4212999939918518
YLR210W,YBR205W,0,-6.3379517,0.1582101434469223,0.7919999957084656,0.4214000105857849
YLR254C,YCR055C,0,-6.3383904,0.15817855298519135,0.7919999957084656,0.42149999737739563
YNL233W,YDR170W-A,0,-6.3384705,0.1581469625234604,0.7919999957084656,0.42160001397132874
YDL231C,YJR031C,0,-6.338474,0.15811538696289062,0.7919999957084656,0.42170000076293945
YDL031W,YDR065W,0,-6.338642,0.15808382630348206,0.7919999957084656,0.42179998755455017
YNL318C,YDR328C,0,-6.338666,0.15805228054523468,0.7919999957084656,0.4219000041484833
YFR019W,YPR138C,0,-6.338781,0.1580207496881485,0.7919999957084656,0.421999990940094
YBR110W,YPR138C,0,-6.339037,0.1579892337322235,0.7919999957084656,0.4221000075340271
YHR085W,YJL191W,0,-6.339055,0.15795771777629852,0.7919999957084656,0.4221999943256378
YGL190C,YKL026C,0,-6.339105,0.15792621672153473,0.7919999957084656,0.4223000109195709
YOR145C,YOL072W,0,-6.3391323,0.15789473056793213,0.7919999957084656,0.42239999771118164
YLR115W,YKR003W,0,-6.33925,0.15786325931549072,0.7919999957084656,0.42250001430511475
YIL115C,YMR156C,0,-6.3392916,0.1578318029642105,0.7919999957084656,0.42260000109672546
YMR076C,YFR050C,0,-6.3393517,0.1578003615140915,0.7919999957084656,0.4226999878883362
YGR193C,YIL126W,0,-6.339509,0.15776892006397247,0.7919999957084656,0.4228000044822693
YCR040W,YOR253W,0,-6.3395405,0.15773750841617584,0.7919999957084656,0.42289999127388
YJL042W,YPL042C,0,-6.339567,0.1577060967683792,0.7919999957084656,0.4230000078678131
YDL111C,YNR023W,0,-6.3398247,0.15767470002174377,0.7919999957084656,0.42309999465942383
YPL259C,YHR053C,0,-6.3399544,0.15764331817626953,0.7919999957084656,0.42320001125335693
YLR165C,YCR106W,0,-6.3399715,0.1576119363307953,0.7919999957084656,0.42329999804496765
YJL081C,YNL061W,0,-6.339998,0.15758058428764343,0.7919999957084656,0.42340001463890076
YJR158W,YLR385C,0,-6.3400354,0.15754923224449158,0.7919999957084656,0.4235000014305115
YDR472W,YEL004W,0,-6.3400416,0.15751789510250092,0.7919999957084656,0.4235999882221222
YLR114C,YGL061C,0,-6.340145,0.15748657286167145,0.7919999957084656,0.4237000048160553
YLR007W,YOR127W,0,-6.340207,0.15745526552200317,0.7919999957084656,0.423799991607666
YMR204C,YPL190C,0,-6.3402343,0.1574239730834961,0.7919999957084656,0.4239000082015991
YPR131C,YOR229W,0,-6.3402977,0.157392680644989,0.7919999957084656,0.42399999499320984
YNL257C,YPR086W,1,-6.340374,0.15756011009216309,0.7929999828338623,0.42399999499320984
YDR069C,YNL250W,0,-6.3404207,0.1575288027524948,0.7929999828338623,0.42410001158714294
YLR148W,YLR193C,0,-6.3407984,0.15749751031398773,0.7929999828338623,0.42419999837875366
YBR210W,YAR044W,0,-6.3409605,0.15746624767780304,0.7929999828338623,0.4242999851703644
YDR194C,YIL147C,0,-6.3409843,0.15743498504161835,0.7929999828338623,0.4244000017642975
YKL012W,YGR027W-A,0,-6.3411083,0.15740373730659485,0.7929999828338623,0.4244999885559082
YDR060W,YHR111W,0,-6.3413277,0.15737248957157135,0.7929999828338623,0.4246000051498413
YCL060C,YML013W,0,-6.341383,0.15734127163887024,0.7929999828338623,0.424699991941452
YBR049C,YJR027W,0,-6.34183,0.15731005370616913,0.7929999828338623,0.42480000853538513
YDR411C,YNL290W,0,-6.3419065,0.1572788506746292,0.7929999828338623,0.42489999532699585
YKR067W,YFR033C,0,-6.342018,0.15724767744541168,0.7929999828338623,0.42500001192092896
YAL031C,YOR332W,0,-6.342319,0.15721648931503296,0.7929999828338623,0.4250999987125397
YPL177C,YML069W,1,-6.342339,0.15738354623317719,0.7940000295639038,0.4250999987125397
YOR253W,YLR022C,0,-6.3423395,0.15735235810279846,0.7940000295639038,0.4251999855041504
YIR033W,YDL052C,0,-6.3423767,0.15732118487358093,0.7940000295639038,0.4253000020980835
YGL021W,YHR176W,0,-6.342398,0.1572900116443634,0.7940000295639038,0.4253999888896942
YNL091W,YML025C,0,-6.3425865,0.15725886821746826,0.7940000295639038,0.4255000054836273
YFL010W-A,YBR159W,0,-6.342676,0.15722772479057312,0.7940000295639038,0.42559999227523804
YLR144C,YOL069W,0,-6.343039,0.15719659626483917,0.7940000295639038,0.42570000886917114
YIL143C,YPR056W,1,-6.343108,0.1573634147644043,0.7950000166893005,0.42570000886917114
YCR089W,YHR086W,0,-6.3434277,0.15733227133750916,0.7950000166893005,0.42579999566078186
YER016W,YPL091W,0,-6.3434496,0.1573011428117752,0.7950000166893005,0.42590001225471497
YLR098C,YBR280C,0,-6.3435135,0.15727002918720245,0.7950000166893005,0.4259999990463257
YPR181C,YNL047C,0,-6.3435655,0.1572389304637909,0.7950000166893005,0.4260999858379364
YGL090W,YBR095C,0,-6.343664,0.15720783174037933,0.7950000166893005,0.4262000024318695
YLR208W,YMR059W,0,-6.343873,0.15717674791812897,0.7950000166893005,0.4262999892234802
YLR417W,YMR134W,0,-6.3438826,0.1571456789970398,0.7950000166893005,0.42640000581741333
YER129W,YAR010C,0,-6.344082,0.15711462497711182,0.7950000166893005,0.42649999260902405
YGL207W,YOR194C,1,-6.3442173,0.15728117525577545,0.7960000038146973,0.42649999260902405
YGL073W,YKL170W,0,-6.344228,0.15725009143352509,0.7960000038146973,0.42660000920295715
YJL124C,YGL213C,0,-6.344495,0.1572190374135971,0.7960000038146973,0.42669999599456787
YGL174W,YOL097C,0,-6.344839,0.15718799829483032,0.7960000038146973,0.426800012588501
YJR064W,YIL049W,0,-6.344887,0.15715695917606354,0.7960000038146973,0.4268999993801117
YAL012W,YLR264W,0,-6.3449507,0.15712593495845795,0.7960000038146973,0.4269999861717224
YOR210W,YBL100W-B,0,-6.344971,0.15709492564201355,0.7960000038146973,0.4271000027656555
YNR038W,YGL049C,0,-6.3450565,0.15706393122673035,0.7960000038146973,0.42719998955726624
YNL201C,YLR208W,0,-6.3451166,0.15703295171260834,0.7960000038146973,0.42730000615119934
YBR168W,YDR469W,0,-6.3451376,0.15700197219848633,0.7960000038146973,0.42739999294281006
YGR246C,YBR198C,1,-6.34571,0.1571682095527649,0.796999990940094,0.42739999294281006
YGR133W,YER095W,0,-6.3458476,0.15713723003864288,0.796999990940094,0.42750000953674316
YNL329C,YGL063W,0,-6.3459306,0.15710625052452087,0.796999990940094,0.4275999963283539
YDL052C,YGR229C,0,-6.34599,0.15707528591156006,0.796999990940094,0.427700012922287
YJL186W,YMR051C,0,-6.3461876,0.15704433619976044,0.796999990940094,0.4277999997138977
YML067C,YPL237W,0,-6.346347,0.157013401389122,0.796999990940094,0.4278999865055084
YPR104C,YHR012W,0,-6.3464327,0.15698246657848358,0.796999990940094,0.42800000309944153
YKL013C,YPR179C,0,-6.346486,0.15695156157016754,0.796999990940094,0.42809998989105225
YIR011C,YCR083W,0,-6.3465548,0.1569206565618515,0.796999990940094,0.42820000648498535
YLR066W,YPR107C,0,-6.346636,0.15688976645469666,0.796999990940094,0.42829999327659607
YKL043W,YBL014C,0,-6.346694,0.156858891248703,0.796999990940094,0.4284000098705292
YDL069C,YPR088C,0,-6.3467584,0.15682801604270935,0.796999990940094,0.4284999966621399
YOR301W,YIL126W,0,-6.3468914,0.15679717063903809,0.796999990940094,0.428600013256073
YJL214W,YDR129C,0,-6.346938,0.15676632523536682,0.796999990940094,0.4287000000476837
YBL071W-A,YMR030W,0,-6.3470325,0.15673549473285675,0.796999990940094,0.42879998683929443
YNL026W,YBR175W,0,-6.3471327,0.15670467913150787,0.796999990940094,0.42890000343322754
YJL006C,YOR363C,0,-6.347163,0.1566738784313202,0.796999990940094,0.42899999022483826
YBL046W,YER160C,0,-6.347208,0.1566430777311325,0.796999990940094,0.42910000681877136
YGL032C,YKL060C,0,-6.34722,0.1566123068332672,0.796999990940094,0.4291999936103821
YNL214W,YOR338W,0,-6.3472996,0.15658153593540192,0.796999990940094,0.4293000102043152
YKR063C,YLR376C,0,-6.3475256,0.15655077993869781,0.796999990940094,0.4293999969959259
YDR151C,YBR260C,0,-6.3480787,0.1565200388431549,0.796999990940094,0.429500013589859
YOR074C,YDL097C,0,-6.348117,0.156489297747612,0.796999990940094,0.4296000003814697
YDR448W,YML071C,0,-6.3481393,0.15645857155323029,0.796999990940094,0.42969998717308044
YPR051W,YMR117C,0,-6.348214,0.15642787516117096,0.796999990940094,0.42980000376701355
YPR164W,YBR049C,0,-6.3483305,0.15639717876911163,0.796999990940094,0.42989999055862427
YBL084C,YPL001W,0,-6.3484373,0.1563664972782135,0.796999990940094,0.4300000071525574
YEL024W,YHR083W,0,-6.348798,0.15633581578731537,0.796999990940094,0.4300999939441681
YHR116W,YBR153W,0,-6.3491154,0.15630516409873962,0.796999990940094,0.4302000105381012
YBR253W,YNR006W,0,-6.349141,0.15627451241016388,0.796999990940094,0.4302999973297119
YMR246W,YEL057C,0,-6.349248,0.15624387562274933,0.796999990940094,0.430400013923645
YGR289C,YBR090C-A,0,-6.3493066,0.15621325373649597,0.796999990940094,0.43050000071525574
YHR024C,YGR004W,0,-6.3494215,0.15618263185024261,0.796999990940094,0.43059998750686646
YMR276W,YJL036W,0,-6.349427,0.15615203976631165,0.796999990940094,0.43070000410079956
YMR012W,YBR257W,0,-6.349532,0.15612144768238068,0.796999990940094,0.4307999908924103
YIR019C,YBR012W-B,0,-6.349558,0.1560908704996109,0.796999990940094,0.4309000074863434
YBR073W,YOR338W,0,-6.349622,0.15606030821800232,0.796999990940094,0.4309999942779541
YJL140W,YLR298C,0,-6.3497143,0.15602976083755493,0.796999990940094,0.4311000108718872
YER020W,YFR024C,0,-6.34976,0.15599921345710754,0.796999990940094,0.4311999976634979
YPL271W,YPR018W,0,-6.3497977,0.15596869587898254,0.796999990940094,0.43130001425743103
YJL003W,YDL128W,0,-6.349987,0.15593817830085754,0.796999990940094,0.43140000104904175
YIR005W,YHR020W,0,-6.35012,0.15590767562389374,0.796999990940094,0.43149998784065247
YOR168W,YLR448W,0,-6.350185,0.15587717294692993,0.796999990940094,0.43160000443458557
YMR276W,YKR090W,0,-6.3502226,0.1558467000722885,0.796999990940094,0.4316999912261963
YBR298C,YBL100W-B,0,-6.350402,0.1558162271976471,0.796999990940094,0.4318000078201294
YML113W,YBR015C,0,-6.3504143,0.15578576922416687,0.796999990940094,0.4318999946117401
YJR009C,YOR287C,0,-6.3504186,0.15575532615184784,0.796999990940094,0.4320000112056732
YLR214W,YFL005W,0,-6.3508015,0.15572489798069,0.796999990940094,0.43209999799728394
YPL175W,YMR054W,0,-6.350894,0.15569446980953217,0.796999990940094,0.43220001459121704
YGL142C,YPL196W,0,-6.350913,0.15566405653953552,0.796999990940094,0.43230000138282776
YGR253C,YKL070W,0,-6.3509617,0.15563365817070007,0.796999990940094,0.4323999881744385
YMR127C,YDR393W,0,-6.351,0.15560327470302582,0.796999990940094,0.4325000047683716
YNL267W,YBR058C-A,0,-6.351164,0.15557290613651276,0.796999990940094,0.4325999915599823
YMR277W,YBR159W,0,-6.351429,0.1555425375699997,0.796999990940094,0.4327000081539154
YFL056C,YAL056W,0,-6.351482,0.15551219880580902,0.796999990940094,0.4327999949455261
YJR013W,YIL023C,0,-6.3516626,0.15548186004161835,0.796999990940094,0.43290001153945923
YOL060C,YGL048C,0,-6.3516726,0.15545153617858887,0.796999990940094,0.43299999833106995
YDR039C,YBR152W,0,-6.3517127,0.1554212123155594,0.796999990940094,0.43309998512268066
YPL202C,YDR460W,1,-6.3518944,0.1555858850479126,0.7979999780654907,0.43309998512268066
YAL026C,YGR200C,0,-6.351914,0.15555556118488312,0.7979999780654907,0.43320000171661377
YLR059C,YLR383W,0,-6.352272,0.15552523732185364,0.7979999780654907,0.4332999885082245
YMR287C,YJL183W,0,-6.35232,0.15549492835998535,0.7979999780654907,0.4334000051021576
YGR191W,YGR009C,0,-6.3523526,0.15546463429927826,0.7979999780654907,0.4334999918937683
YNL270C,YMR204C,0,-6.352723,0.15543435513973236,0.7979999780654907,0.4336000084877014
YKL040C,YBL100W-B,0,-6.3528185,0.15540409088134766,0.7979999780654907,0.43369999527931213
YPL049C,YLR401C,0,-6.352851,0.15537382662296295,0.7979999780654907,0.43380001187324524
YFL048C,YGL135W,0,-6.352882,0.15534359216690063,0.7979999780654907,0.43389999866485596
YLR095C,YNL250W,0,-6.352888,0.15531335771083832,0.7979999780654907,0.4339999854564667
YDR294C,YPL224C,0,-6.3529778,0.155283123254776,0.7979999780654907,0.4341000020503998
YKR024C,YDR170W-A,0,-6.353023,0.15525291860103607,0.7979999780654907,0.4341999888420105
YDL115C,YBR130C,0,-6.353137,0.15522271394729614,0.7979999780654907,0.4343000054359436
YOR245C,YPL022W,0,-6.353177,0.1551925390958786,0.7979999780654907,0.4343999922275543
YPL262W,YIL068C,0,-6.353194,0.15516234934329987,0.7979999780654907,0.4345000088214874
YGL013C,YPL138C,0,-6.353494,0.15513218939304352,0.7979999780654907,0.43459999561309814
YMR140W,YER093C,0,-6.3537664,0.15510204434394836,0.7979999780654907,0.43470001220703125
YMR204C,YDR494W,0,-6.353771,0.1550718992948532,0.7979999780654907,0.43479999899864197
YPR199C,YCL008C,0,-6.353805,0.15504176914691925,0.7979999780654907,0.4348999857902527
YHR081W,YDR356W,0,-6.354048,0.15501165390014648,0.7979999780654907,0.4350000023841858
YEL016C,YNL154C,0,-6.3540554,0.1549815535545349,0.7979999780654907,0.4350999891757965
YPR104C,YGL245W,0,-6.354141,0.15495145320892334,0.7979999780654907,0.4352000057697296
YOR132W,YOR043W,0,-6.3543167,0.15492136776447296,0.7979999780654907,0.43529999256134033
YJL201W,YHR015W,0,-6.3543234,0.15489129722118378,0.7979999780654907,0.43540000915527344
YNR057C,YNL329C,0,-6.354344,0.1548612415790558,0.7979999780654907,0.43549999594688416
YFL025C,YPL228W,0,-6.3547564,0.154831200838089,0.7979999780654907,0.43560001254081726
YMR143W,YPL128C,0,-6.354851,0.1548011600971222,0.7979999780654907,0.435699999332428
YDL188C,YGR253C,0,-6.3549027,0.1547711342573166,0.7979999780654907,0.4357999861240387
YHR165C,YIL120W,0,-6.3550034,0.15474112331867218,0.7979999780654907,0.4359000027179718
YOR043W,YNL046W,0,-6.3551493,0.15471112728118896,0.7979999780654907,0.4359999895095825
YLR098C,YPL137C,0,-6.355233,0.15468114614486694,0.7979999780654907,0.4361000061035156
YJL006C,YHR165C,0,-6.3553624,0.15465116500854492,0.7979999780654907,0.43619999289512634
YER171W,YDR079C-A,1,-6.3553658,0.1548149585723877,0.7990000247955322,0.43619999289512634
YPL096C-A,YHR165C,0,-6.355435,0.15478496253490448,0.7990000247955322,0.43630000948905945
YPL267W,YPL259C,0,-6.3555264,0.15475498139858246,0.7990000247955322,0.43639999628067017
YDL045C,YMR127C,0,-6.355581,0.15472501516342163,0.7990000247955322,0.43650001287460327
YNL041C,YDR494W,0,-6.3557024,0.154695063829422,0.7990000247955322,0.436599999666214
YFL055W,YIL046W,0,-6.355801,0.15466511249542236,0.7990000247955322,0.4366999864578247
YGR081C,YJL029C,0,-6.3558164,0.15463519096374512,0.7990000247955322,0.4368000030517578
YDR085C,YER014C-A,0,-6.355984,0.15460526943206787,0.7990000247955322,0.43689998984336853
YPL046C,YGL028C,0,-6.3560314,0.15457534790039062,0.7990000247955322,0.43700000643730164
YKR026C,YDL064W,0,-6.35621,0.15454545617103577,0.7990000247955322,0.43709999322891235
YLR105C,YBR172C,0,-6.3562326,0.1545155644416809,0.7990000247955322,0.43720000982284546
YDR341C,YER160C,0,-6.356312,0.15448568761348724,0.7990000247955322,0.4372999966144562
YER087C-A,YLR378C,0,-6.3564696,0.15445582568645477,0.7990000247955322,0.4374000132083893
YNL307C,YBR130C,0,-6.356513,0.1544259786605835,0.7990000247955322,0.4375
YPL043W,YAR009C,0,-6.3566103,0.15439613163471222,0.7990000247955322,0.4375999867916107
YNL298W,YCL004W,0,-6.356629,0.15436629951000214,0.7990000247955322,0.4377000033855438
YLR129W,YDR170W-A,0,-6.3566623,0.15433648228645325,0.7990000247955322,0.43779999017715454
YOR061W,YNL041C,0,-6.356799,0.15430667996406555,0.7990000247955322,0.43790000677108765
YNL147W,YPR162C,0,-6.3573427,0.15427689254283905,0.7990000247955322,0.43799999356269836
YKL095W,YDR306C,0,-6.35756,0.15424710512161255,0.7990000247955322,0.43810001015663147
YER019W,YLR071C,0,-6.3576612,0.15421733260154724,0.7990000247955322,0.4381999969482422
YFR027W,YDR268W,0,-6.3577967,0.15418757498264313,0.7990000247955322,0.4383000135421753
YMR208W,YGR029W,0,-6.3579865,0.154157817363739,0.7990000247955322,0.438400000333786
YGR192C,YER160C,0,-6.3581953,0.1541280895471573,0.7990000247955322,0.43849998712539673
YPR023C,YLL021W,0,-6.3583336,0.15409836173057556,0.7990000247955322,0.43860000371932983
YFR019W,YGL181W,0,-6.358774,0.15406864881515503,0.7990000247955322,0.43869999051094055
YGR239C,YER053C,0,-6.359212,0.1540389508008957,0.7990000247955322,0.43880000710487366
YBL017C,YGR161C,0,-6.3593283,0.15400925278663635,0.7990000247955322,0.4388999938964844
YNL027W,YLR238W,0,-6.3595276,0.1539795696735382,0.7990000247955322,0.4390000104904175
YNL042W,YOR321W,0,-6.3598337,0.15394990146160126,0.7990000247955322,0.4390999972820282
YIL049W,YDL064W,0,-6.359842,0.1539202481508255,0.7990000247955322,0.4392000138759613
YOR074C,YML059C,0,-6.3598804,0.15389059484004974,0.7990000247955322,0.439300000667572
YGR246C,YFL021W,1,-6.3600993,0.15405353903770447,0.800000011920929,0.439300000667572
YLR098C,YDL079C,0,-6.3601274,0.15402387082576752,0.800000011920929,0.43939998745918274
YIL085C,YOR087W,0,-6.3601885,0.15399423241615295,0.800000011920929,0.43950000405311584
YFR052W,YMR050C,0,-6.360319,0.1539645940065384,0.800000011920929,0.43959999084472656
YCR028C,YGR080W,0,-6.360356,0.15393495559692383,0.800000011920929,0.43970000743865967
YHR023W,YIL039W,0,-6.3603864,0.15390534698963165,0.800000011920929,0.4397999942302704
YFR033C,YDR202C,0,-6.3604155,0.15387573838233948,0.800000011920929,0.4399000108242035
YLR398C,YJR027W,0,-6.36043,0.1538461595773697,0.800000011920929,0.4399999976158142
YPL008W,YLR154C,0,-6.3604345,0.1538165807723999,0.800000011920929,0.4401000142097473
YPR067W,YDR488C,0,-6.3605423,0.15378700196743011,0.800000011920929,0.44020000100135803
YNL257C,YPL129W,1,-6.360551,0.15394964814186096,0.8009999990463257,0.44020000100135803
YLR450W,YGR212W,0,-6.360895,0.15392005443572998,0.8009999990463257,0.44029998779296875
YKL093W,YJR104C,0,-6.3609076,0.1538904905319214,0.8009999990463257,0.44040000438690186
YPL228W,YPR001W,0,-6.3612475,0.1538609266281128,0.8009999990463257,0.4404999911785126
YDR318W,YBR280C,0,-6.3612556,0.1538313776254654,0.8009999990463257,0.4406000077724457
YNL048W,YGR013W,0,-6.3615274,0.1538018435239792,0.8009999990463257,0.4406999945640564
YMR227C,YOR194C,1,-6.361661,0.15396429598331451,0.8019999861717224,0.4406999945640564
YGR171C,YLR337W,0,-6.3617153,0.15393474698066711,0.8019999861717224,0.4408000111579895
YIL142W,YNR064C,0,-6.361803,0.15390519797801971,0.8019999861717224,0.4408999979496002
YJR150C,YKL048C,0,-6.3620534,0.1538756787776947,0.8019999861717224,0.4410000145435333
YNL072W,YOR210W,0,-6.362146,0.1538461595773697,0.8019999861717224,0.44110000133514404
YEL050C,YML029W,0,-6.362239,0.15381664037704468,0.8019999861717224,0.44119998812675476
YER038C,YKR031C,0,-6.362303,0.15378715097904205,0.8019999861717224,0.44130000472068787
YER095W,YPL094C,0,-6.362322,0.15375766158103943,0.8019999861717224,0.4413999915122986
YPR163C,YLR130C,0,-6.36234,0.1537282019853592,0.8019999861717224,0.4415000081062317
YDR174W,YOL093W,0,-6.3623605,0.15369874238967896,0.8019999861717224,0.4415999948978424
YHR171W,YBL005W-B,0,-6.362383,0.15366928279399872,0.8019999861717224,0.4417000114917755
YBR207W,YLL056C,0,-6.3624716,0.15363985300064087,0.8019999861717224,0.44179999828338623
YLR186W,YER146W,0,-6.362481,0.15361042320728302,0.8019999861717224,0.44190001487731934
YDR123C,YNR043W,0,-6.3627214,0.15358100831508636,0.8019999861717224,0.44200000166893005
YNL129W,YBL106C,0,-6.3627987,0.1535515934228897,0.8019999861717224,0.44209998846054077
YNL230C,YBL005W,0,-6.3629103,0.15352220833301544,0.8019999861717224,0.4422000050544739
YML126C,YLR035C,0,-6.3629127,0.15349282324314117,0.8019999861717224,0.4422999918460846
YLR085C,YDR358W,0,-6.363307,0.1534634530544281,0.8019999861717224,0.4424000084400177
YCR055C,YDR160W,0,-6.363371,0.15343409776687622,0.8019999861717224,0.4424999952316284
YKL197C,YDR498C,0,-6.3634057,0.15340474247932434,0.8019999861717224,0.4426000118255615
YLR382C,YJR068W,0,-6.363421,0.15337540209293365,0.8019999861717224,0.44269999861717224
YER127W,YPR132W,0,-6.363453,0.15334607660770416,0.8019999861717224,0.44279998540878296
YDL088C,YGR270W,0,-6.36374,0.15331676602363586,0.8019999861717224,0.44290000200271606
YDR311W,YOR110W,1,-6.364053,0.15347859263420105,0.8029999732971191,0.44290000200271606
YNL257C,YPL011C,1,-6.364069,0.15364035964012146,0.8040000200271606,0.44290000200271606
YBR159W,YKL214C,0,-6.364264,0.15361100435256958,0.8040000200271606,0.4429999887943268
YNL219C,YDL003W,0,-6.36442,0.1535816639661789,0.8040000200271606,0.4431000053882599
YOL090W,YKL188C,0,-6.364457,0.1535523235797882,0.8040000200271606,0.4431999921798706
YIL036W,YER148W,1,-6.3644695,0.15371395647525787,0.8050000071525574,0.4431999921798706
YPL177C,YGL207W,1,-6.3644886,0.15387552976608276,0.8059999942779541,0.4431999921798706
YGR081C,YBL088C,0,-6.364542,0.1538461595773697,0.8059999942779541,0.4433000087738037
YLR350W,YOR045W,0,-6.3646116,0.15381678938865662,0.8059999942779541,0.44339999556541443
YBR043C,YML097C,0,-6.364655,0.15378744900226593,0.8059999942779541,0.44350001215934753
YJL092W,YJL143W,0,-6.3646555,0.15375810861587524,0.8059999942779541,0.44359999895095825
YOL086C,YIL147C,0,-6.364772,0.15372878313064575,0.8059999942779541,0.44369998574256897
YNL015W,YDR073W,0,-6.3647785,0.15369947254657745,0.8059999942779541,0.4438000023365021
YNL331C,YJL045W,0,-6.364856,0.15367016196250916,0.8059999942779541,0.4438999891281128
YDR427W,YNL047C,0,-6.3648744,0.15364086627960205,0.8059999942779541,0.4440000057220459
YOL065C,YPL192C,0,-6.365041,0.15361158549785614,0.8059999942779541,0.4440999925136566
YJR013W,YPR005C,0,-6.3652263,0.15358231961727142,0.8059999942779541,0.4442000091075897
YDR168W,YER178W,0,-6.365487,0.1535530537366867,0.8059999942779541,0.44429999589920044
YDR518W,YHL036W,0,-6.3655567,0.15352380275726318,0.8059999942779541,0.44440001249313354
YPL155C,YMR077C,0,-6.3655624,0.15349456667900085,0.8059999942779541,0.44449999928474426
YFL021W,YGL207W,1,-6.3655643,0.1536557525396347,0.8069999814033508,0.44449999928474426
YGL029W,YPL082C,0,-6.36565,0.15362650156021118,0.8069999814033508,0.444599986076355
YIL051C,YOR008C-A,0,-6.365876,0.15359726548194885,0.8069999814033508,0.4447000026702881
YGL166W,YIL143C,1,-6.365923,0.15375833213329315,0.8080000281333923,0.4447000026702881
YER053C,YIR011C,0,-6.365986,0.15372906625270844,0.8080000281333923,0.4447999894618988
YEL022W,YDR394W,0,-6.3662167,0.1536998301744461,0.8080000281333923,0.4449000060558319
YPL060W,YEL017C-A,0,-6.366259,0.15367059409618378,0.8080000281333923,0.4449999928474426
YMR173W,YDL101C,0,-6.3663387,0.15364137291908264,0.8080000281333923,0.44510000944137573
YKL201C,YDR306C,0,-6.366473,0.1536121666431427,0.8080000281333923,0.44519999623298645
YPL085W,YAL011W,0,-6.366639,0.15358297526836395,0.8080000281333923,0.44530001282691956
YPR008W,YGR186W,1,-6.366686,0.15374381840229034,0.8090000152587891,0.44530001282691956
YGL253W,YML040W,0,-6.3667793,0.1537146121263504,0.8090000152587891,0.4453999996185303
YLR086W,YDR346C,0,-6.36683,0.15368540585041046,0.8090000152587891,0.445499986410141
YPL233W,YOR045W,0,-6.366968,0.1536562144756317,0.8090000152587891,0.4456000030040741
YMR200W,YMR210W,0,-6.3670063,0.15362703800201416,0.8090000152587891,0.4456999897956848
YAL051W,YGR111W,0,-6.3670645,0.1535978764295578,0.8090000152587891,0.4458000063896179
YJR031C,YCL067C,0,-6.3671026,0.15356871485710144,0.8090000152587891,0.44589999318122864
YOR327C,YLR396C,0,-6.367114,0.15353956818580627,0.8090000152587891,0.44600000977516174
YHR068W,YDR318W,0,-6.367579,0.1535104364156723,0.8090000152587891,0.44609999656677246
YGL143C,YMR134W,0,-6.3679,0.15348131954669952,0.8090000152587891,0.44620001316070557
YPL200W,YOL104C,0,-6.367916,0.15345220267772675,0.8090000152587891,0.4462999999523163
YER148W,YAL001C,1,-6.3679276,0.15361274778842926,0.8100000023841858,0.4462999999523163
YPL269W,YPL210C,0,-6.368,0.1535836160182953,0.8100000023841858,0.446399986743927
YBL085W,YIR021W,0,-6.368011,0.1535544991493225,0.8100000023841858,0.4465000033378601
YER075C,YML033W,0,-6.368026,0.15352539718151093,0.8100000023841858,0.4465999901294708
YNL082W,YOR014W,0,-6.36821,0.15349631011486053,0.8100000023841858,0.44670000672340393
YJR053W,YDR457W,0,-6.368245,0.15346722304821014,0.8100000023841858,0.44679999351501465
YIR019C,YAL051W,0,-6.368264,0.15343815088272095,0.8100000023841858,0.44690001010894775
YER171W,YGL207W,1,-6.368362,0.15359848737716675,0.8109999895095825,0.44690001010894775
YOL060C,YGR027W-A,0,-6.368435,0.15356940031051636,0.8109999895095825,0.44699999690055847
YGL012W,YHR039C-B,0,-6.3686647,0.15354032814502716,0.8109999895095825,0.4471000134944916
YJR078W,YNR008W,0,-6.368766,0.15351125597953796,0.8109999895095825,0.4472000002861023
YOR074C,YDR138W,0,-6.3688107,0.15348221361637115,0.8109999895095825,0.447299987077713
YPR186C,YER148W,1,-6.368853,0.15364238619804382,0.8119999766349792,0.447299987077713
YIL070C,YKL057C,0,-6.3688536,0.15361331403255463,0.8119999766349792,0.4474000036716461
YER164W,YAR009C,0,-6.369715,0.15358425676822662,0.8119999766349792,0.44749999046325684
YDR030C,YEL065W,0,-6.3698783,0.15355521440505981,0.8119999766349792,0.44760000705718994
YNR033W,YGR104C,0,-6.3700953,0.1535261869430542,0.8119999766349792,0.44769999384880066
YML049C,YMR210W,0,-6.3701067,0.15349715948104858,0.8119999766349792,0.44780001044273376
YKL141W,YDR306C,0,-6.3709774,0.15346814692020416,0.8119999766349792,0.4478999972343445
YOR067C,YMR211W,0,-6.3711987,0.15343914926052094,0.8119999766349792,0.4480000138282776
YOR224C,YNL064C,0,-6.3712454,0.1534101665019989,0.8119999766349792,0.4481000006198883
YOR266W,YDR425W,0,-6.371277,0.15338118374347687,0.8119999766349792,0.448199987411499
YNL298W,YJL198W,0,-6.371433,0.15335221588611603,0.8119999766349792,0.44830000400543213
YNL214W,YDL140C,0,-6.371455,0.15332326292991638,0.8119999766349792,0.44839999079704285
YNL065W,YDL056W,0,-6.372053,0.15329432487487793,0.8119999766349792,0.44850000739097595
YDL003W,YER173W,0,-6.3720665,0.15326538681983948,0.8119999766349792,0.44859999418258667
YER053C,YGL011C,0,-6.372137,0.15323646366596222,0.8119999766349792,0.4487000107765198
YER038C,YDL188C,0,-6.372195,0.15320754051208496,0.8119999766349792,0.4487999975681305
YOR328W,YNL213C,0,-6.3722134,0.1531786471605301,0.8119999766349792,0.4489000141620636
YAL056W,YNL003C,0,-6.3722587,0.15314975380897522,0.8119999766349792,0.4490000009536743
YOL129W,YLR466W,0,-6.372274,0.15312087535858154,0.8119999766349792,0.44909998774528503
YML046W,YMR216C,0,-6.3722873,0.15309201180934906,0.8119999766349792,0.44920000433921814
YLR134W,YHR074W,0,-6.3723574,0.15306314826011658,0.8119999766349792,0.44929999113082886
YGL166W,YPR086W,1,-6.3725224,0.15322276949882507,0.8130000233650208,0.44929999113082886
YNL080C,YIL066C,0,-6.372551,0.1531938910484314,0.8130000233650208,0.44940000772476196
YPR131C,YOR027W,0,-6.372691,0.1531650274991989,0.8130000233650208,0.4494999945163727
YPR100W,YDL134C,0,-6.3727527,0.15313617885112762,0.8130000233650208,0.4496000111103058
YNL312W,YDR359C,0,-6.373342,0.15310734510421753,0.8130000233650208,0.4496999979019165
YAL007C,YLR264W,0,-6.3733525,0.15307851135730743,0.8130000233650208,0.4498000144958496
YAR018C,YOR069W,0,-6.373597,0.15304969251155853,0.8130000233650208,0.4499000012874603
YHR011W,YLR312C-B,0,-6.373788,0.15302088856697083,0.8130000233650208,0.44999998807907104
YNL074C,YKL088W,0,-6.373863,0.1529920995235443,0.8130000233650208,0.45010000467300415
YMR213W,YFL058W,0,-6.3739686,0.1529633104801178,0.8130000233650208,0.45019999146461487
YGR157W,YGL028C,0,-6.3739758,0.15293453633785248,0.8130000233650208,0.450300008058548
YCR005C,YNL046W,0,-6.3741093,0.15290577709674835,0.8130000233650208,0.4503999948501587
YBL105C,YPL253C,0,-6.374158,0.15287701785564423,0.8130000233650208,0.4505000114440918
YGR225W,YDL078C,0,-6.3743773,0.1528482735157013,0.8130000233650208,0.4505999982357025
YJL021C,YDR379W,0,-6.37442,0.15281954407691956,0.8130000233650208,0.4507000148296356
YER028C,YPL011C,1,-6.3744297,0.15297876298427582,0.8140000104904175,0.4507000148296356
YML120C,YMR089C,0,-6.3744364,0.15295001864433289,0.8140000104904175,0.45080000162124634
YDR448W,YEL030W,0,-6.374547,0.15292128920555115,0.8140000104904175,0.45089998841285706
YDR075W,YHR111W,0,-6.374614,0.1528925597667694,0.8140000104904175,0.45100000500679016
YDR394W,YFL058W,0,-6.374625,0.15286384522914886,0.8140000104904175,0.4510999917984009
YMR270C,YOL097C,0,-6.3748093,0.15283514559268951,0.8140000104904175,0.451200008392334
YNL274C,YMR163C,0,-6.374858,0.15280646085739136,0.8140000104904175,0.4512999951839447
YMR073C,YGL183C,0,-6.3748913,0.1527777761220932,0.8140000104904175,0.4514000117778778
YML126C,YNL064C,0,-6.375038,0.15274910628795624,0.8140000104904175,0.4514999985694885
YNL128W,YKL175W,0,-6.375258,0.15272045135498047,0.8140000104904175,0.45159998536109924
YKR063C,YMR022W,0,-6.3752694,0.1526917964220047,0.8140000104904175,0.45170000195503235
YPR082C,YNL136W,0,-6.375288,0.15266317129135132,0.8140000104904175,0.45179998874664307
YIL033C,YER015W,0,-6.37531,0.15263454616069794,0.8140000104904175,0.45190000534057617
YNL097C,YMR125W,0,-6.375325,0.15260592103004456,0.8140000104904175,0.4519999921321869
YEL003W,YNL047C,0,-6.3753405,0.15257732570171356,0.8140000104904175,0.45210000872612
YLL019C,YLR288C,0,-6.3754253,0.15254873037338257,0.8140000104904175,0.4521999955177307
YFL022C,YGL013C,0,-6.375539,0.15252013504505157,0.8140000104904175,0.4523000121116638
YAL053W,YPL234C,0,-6.3755846,0.15249156951904297,0.8140000104904175,0.45239999890327454
YPL177C,YER171W,1,-6.3758364,0.15265031158924103,0.8149999976158142,0.45239999890327454
YFL017W-A,YBL034C,0,-6.3758535,0.15262171626091003,0.8149999976158142,0.45249998569488525
YLR192C,YGR270W,0,-6.3758974,0.15259315073490143,0.8149999976158142,0.45260000228881836
YKL190W,YJR031C,0,-6.3758993,0.15256458520889282,0.8149999976158142,0.4526999890804291
YFL036W,YDR398W,0,-6.3760433,0.1525360345840454,0.8149999976158142,0.4528000056743622
YMR109W,YPL041C,0,-6.37642,0.152507483959198,0.8149999976158142,0.4528999924659729
YJR035W,YKL018W,0,-6.376498,0.15247894823551178,0.8149999976158142,0.453000009059906
YDR388W,YDR189W,0,-6.3772383,0.15245042741298676,0.8149999976158142,0.4530999958515167
YER142C,YER001W,0,-6.3772693,0.15242192149162292,0.8149999976158142,0.45320001244544983
YKL004W,YPR188C,0,-6.3773375,0.1523934155702591,0.8149999976158142,0.45329999923706055
YHL040C,YPR133C,0,-6.377366,0.15236492455005646,0.8149999976158142,0.45339998602867126
YPR183W,YER160C,0,-6.3773737,0.15233644843101501,0.8149999976158142,0.45350000262260437
YKL006C-A,YIL173W,0,-6.3774295,0.15230798721313477,0.8149999976158142,0.4535999894142151
YPL177C,YNL222W,1,-6.3775196,0.15246637165546417,0.8159999847412109,0.4535999894142151
YER164W,YDR363W-A,0,-6.377615,0.15243788063526154,0.8159999847412109,0.4537000060081482
YER014C-A,YER157W,0,-6.3776426,0.1524094194173813,0.8159999847412109,0.4537999927997589
YLR095C,YPR024W,0,-6.3777747,0.15238095819950104,0.8159999847412109,0.453900009393692
YNL051W,YBR095C,0,-6.3779354,0.1523524969816208,0.8159999847412109,0.45399999618530273
YNR013C,YDR080W,0,-6.3780537,0.15232406556606293,0.8159999847412109,0.45410001277923584
YOR236W,YBR043C,0,-6.378097,0.15229563415050507,0.8159999847412109,0.45419999957084656
YKR024C,YAL047C,0,-6.3781605,0.1522672176361084,0.8159999847412109,0.4542999863624573
YER028C,YOR110W,1,-6.378281,0.1524253785610199,0.8169999718666077,0.4542999863624573
YNR033W,YLR292C,0,-6.378467,0.15239694714546204,0.8169999718666077,0.4544000029563904
YNL307C,YJL061W,0,-6.3785477,0.15236851572990417,0.8169999718666077,0.4544999897480011
YBR090C-A,YPR102C,0,-6.378932,0.1523401141166687,0.8169999718666077,0.4546000063419342
YLR453C,YIL138C,0,-6.3789673,0.15231171250343323,0.8169999718666077,0.4546999931335449
YCR091W,YJR068W,0,-6.3789887,0.15228331089019775,0.8169999718666077,0.454800009727478
YGL207W,YKL058W,1,-6.379184,0.15244129300117493,0.8180000185966492,0.454800009727478
YDR492W,YBL100W-A,0,-6.379285,0.15241289138793945,0.8180000185966492,0.45489999651908875
YPL193W,YEL020W-A,0,-6.3793983,0.15238450467586517,0.8180000185966492,0.45500001311302185
YKL005C,YLR328W,0,-6.379526,0.1523561179637909,0.8180000185966492,0.45509999990463257
YOR304W,YPR018W,0,-6.3796177,0.1523277461528778,0.8180000185966492,0.4551999866962433
YIL044C,YDR059C,0,-6.3797355,0.15229938924312592,0.8180000185966492,0.4553000032901764
YER020W,YJR119C,0,-6.379985,0.15227103233337402,0.8180000185966492,0.4553999900817871
YOR386W,YHR030C,0,-6.3800774,0.15224269032478333,0.8180000185966492,0.4555000066757202
YNR010W,YDR306C,0,-6.3802376,0.15221436321735382,0.8180000185966492,0.45559999346733093
YGL155W,YOL102C,0,-6.3804016,0.1521860510110855,0.8180000185966492,0.45570001006126404
YGL168W,YGL246C,0,-6.380457,0.1521577388048172,0.8180000185966492,0.45579999685287476
YGR200C,YNL206C,0,-6.3806868,0.15212944149971008,0.8180000185966492,0.45590001344680786
YKR054C,YIR005W,0,-6.3808355,0.15210115909576416,0.8180000185966492,0.4560000002384186
YJR105W,YLL061W,0,-6.380962,0.15207287669181824,0.8180000185966492,0.4560999870300293
YEL063C,YMR322C,0,-6.381054,0.1520446091890335,0.8180000185966492,0.4562000036239624
YBR068C,YMR270C,0,-6.381129,0.15201635658740997,0.8180000185966492,0.4562999904155731
YGL046W,YMR013C,0,-6.381201,0.15198810398578644,0.8180000185966492,0.4564000070095062
YPR131C,YOR047C,0,-6.3812213,0.1519598662853241,0.8180000185966492,0.45649999380111694
YGL181W,YNL329C,0,-6.3813,0.15193164348602295,0.8180000185966492,0.45660001039505005
YIL044C,YDR299W,0,-6.381437,0.151903435587883,0.8180000185966492,0.45669999718666077
YMR219W,YGL213C,0,-6.3815513,0.15187522768974304,0.8180000185966492,0.45680001378059387
YJL031C,YOR103C,0,-6.381852,0.15184703469276428,0.8180000185966492,0.4569000005722046
YNL036W,YGR270W,0,-6.3819847,0.15181885659694672,0.8180000185966492,0.4569999873638153
YOR349W,YAL013W,0,-6.3821497,0.15179067850112915,0.8180000185966492,0.4571000039577484
YER127W,YKL125W,0,-6.3822517,0.15176253020763397,0.8180000185966492,0.45719999074935913
YPL011C,YAL001C,1,-6.382304,0.1519198715686798,0.8190000057220459,0.45719999074935913
YGL180W,YMR055C,0,-6.382732,0.15189169347286224,0.8190000057220459,0.45730000734329224
YLR190W,YMR243C,0,-6.382763,0.15186353027820587,0.8190000057220459,0.45739999413490295
YML112W,YJR118C,0,-6.382812,0.1518353670835495,0.8190000057220459,0.45750001072883606
YER148W,YGR274C,1,-6.383216,0.1519925892353058,0.8199999928474426,0.45750001072883606
YMR001C,YOL109W,0,-6.383219,0.15196441113948822,0.8199999928474426,0.4575999975204468
YGL047W,YGR157W,0,-6.3834076,0.15193626284599304,0.8199999928474426,0.4577000141143799
YEL050C,YOR132W,0,-6.3834734,0.15190811455249786,0.8199999928474426,0.4578000009059906
YGL097W,YDR429C,0,-6.38356,0.15187998116016388,0.8199999928474426,0.4578999876976013
YKL204W,YCR028C,0,-6.383753,0.1518518477678299,0.8199999928474426,0.4580000042915344
YOL067C,YGR005C,1,-6.3837824,0.15200889110565186,0.8209999799728394,0.4580000042915344
YKL001C,YML021C,0,-6.3840275,0.15198074281215668,0.8209999799728394,0.45809999108314514
YNL101W,YCR065W,0,-6.3840914,0.1519526243209839,0.8209999799728394,0.45820000767707825
YJL021C,YPR052C,0,-6.3842278,0.1519245058298111,0.8209999799728394,0.45829999446868896
YBR039W,YOL011W,0,-6.3842545,0.1518963873386383,0.8209999799728394,0.45840001106262207
YJR160C,YJR112W,0,-6.3843946,0.1518682986497879,0.8209999799728394,0.4584999978542328
YER165W,YAL047C,0,-6.384431,0.1518402099609375,0.8209999799728394,0.4586000144481659
YNL148C,YFL011W-A,0,-6.3847446,0.1518121361732483,0.8209999799728394,0.4587000012397766
YJL186W,YMR059W,0,-6.385001,0.15178406238555908,0.8209999799728394,0.45879998803138733
YDR516C,YPL060W,0,-6.385024,0.15175600349903107,0.8209999799728394,0.45890000462532043
YKL213C,YKR082W,0,-6.3850565,0.15172795951366425,0.8209999799728394,0.45899999141693115
YKL002W,YER149C,0,-6.3852134,0.15169993042945862,0.8209999799728394,0.45910000801086426
YCR038C,YCL001W,0,-6.3852406,0.151671901345253,0.8209999799728394,0.459199994802475
YAL056W,YHR102W,0,-6.3853216,0.15164388716220856,0.8209999799728394,0.4593000113964081
YHR143W,YKL059C,0,-6.3853245,0.15161588788032532,0.8209999799728394,0.4593999981880188
YER119C,YMR004W,0,-6.385349,0.15158788859844208,0.8209999799728394,0.4595000147819519
YGL021W,YLR032W,0,-6.3854146,0.15155990421772003,0.8209999799728394,0.4596000015735626
YDL028C,YPR133W-A,0,-6.3854656,0.15153193473815918,0.8209999799728394,0.45969998836517334
YNL232W,YHR012W,0,-6.385515,0.15150396525859833,0.8209999799728394,0.45980000495910645
YIL070C,YMR134W,0,-6.3855414,0.15147601068019867,0.8209999799728394,0.45989999175071716
YGR003W,YKL088W,0,-6.3856764,0.1514480710029602,0.8209999799728394,0.46000000834465027
YLR396C,YML045W,0,-6.385746,0.15142014622688293,0.8209999799728394,0.460099995136261
YNR067C,YPL213W,0,-6.3859005,0.15139222145080566,0.8209999799728394,0.4602000117301941
YLL040C,YNL046W,0,-6.3860025,0.1513643115758896,0.8209999799728394,0.4602999985218048
YOR185C,YGL126W,0,-6.386213,0.1513364017009735,0.8209999799728394,0.4603999853134155
YPR131C,YNR064C,0,-6.3862867,0.15130852162837982,0.8209999799728394,0.46050000190734863
YNL278W,YPR078C,0,-6.3864746,0.15128062665462494,0.8209999799728394,0.46059998869895935
YBR109C,YJR135C,0,-6.3867235,0.15125276148319244,0.8209999799728394,0.46070000529289246
YOR038C,YHR015W,0,-6.3867292,0.15122489631175995,0.8209999799728394,0.4607999920845032
YNR027W,YOL042W,0,-6.386915,0.15119704604148865,0.8209999799728394,0.4609000086784363
YDL175C,YJR033C,0,-6.3872137,0.15116921067237854,0.8209999799728394,0.460999995470047
YJR006W,YMR140W,0,-6.3872957,0.15114139020442963,0.8209999799728394,0.4611000120639801
YEL018W,YKL200C,0,-6.3874283,0.1511135697364807,0.8209999799728394,0.4611999988555908
YMR179W,YCR102C,0,-6.3875237,0.1510857492685318,0.8209999799728394,0.46129998564720154
YJR155W,YFL018W-A,0,-6.387594,0.15105795860290527,0.8209999799728394,0.46140000224113464
YGL078C,YLR424W,0,-6.3877125,0.15103016793727875,0.8209999799728394,0.46149998903274536
YKR085C,YMR293C,0,-6.3877897,0.15100239217281342,0.8209999799728394,0.46160000562667847
YOL156W,YER022W,0,-6.387956,0.15097461640834808,0.8209999799728394,0.4616999924182892
YGL012W,YOL097C,0,-6.387992,0.15094687044620514,0.8209999799728394,0.4618000090122223
YCR002C,YML059C,0,-6.388068,0.1509191244840622,0.8209999799728394,0.461899995803833
YOR269W,YDR334W,0,-6.3880906,0.15089137852191925,0.8209999799728394,0.4620000123977661
YOR354C,YBR289W,0,-6.388098,0.1508636474609375,0.8209999799728394,0.46209999918937683
YNL314W,YML015C,1,-6.388158,0.15101966261863708,0.8220000267028809,0.46209999918937683
YEL032W,YIL017W,0,-6.3881917,0.15099191665649414,0.8220000267028809,0.46219998598098755
YGL090W,YLR034C,0,-6.3882914,0.1509641855955124,0.8220000267028809,0.46230000257492065
YMR292W,YGR192C,0,-6.3883734,0.15093646943569183,0.8220000267028809,0.46239998936653137
YDR151C,YIL077C,0,-6.3885646,0.15090875327587128,0.8220000267028809,0.4625000059604645
YDL115C,YJR144W,0,-6.388603,0.15088105201721191,0.8220000267028809,0.4625999927520752
YMR168C,YGL093W,0,-6.3886347,0.15085336565971375,0.8220000267028809,0.4627000093460083
YAL035W,YCR102C,0,-6.3888702,0.15082569420337677,0.8220000267028809,0.462799996137619
YOR188W,YKR001C,0,-6.3889465,0.1507980227470398,0.8220000267028809,0.4629000127315521
YBR090C-A,YCR072C,0,-6.3889904,0.150770366191864,0.8220000267028809,0.46299999952316284
YGL090W,YNL064C,0,-6.389316,0.15074270963668823,0.8220000267028809,0.46309998631477356
YJR084W,YNL279W,0,-6.3894334,0.15071506798267365,0.8220000267028809,0.46320000290870667
YOR031W,YER013W,0,-6.389802,0.15068744122982025,0.8220000267028809,0.4632999897003174
YPL232W,YML027W,0,-6.3899693,0.15065982937812805,0.8220000267028809,0.4634000062942505
YDR460W,YAL001C,1,-6.3902645,0.1508154720067978,0.8230000138282776,0.4634000062942505
YJL219W,YBR159W,0,-6.3902807,0.1507878303527832,0.8230000138282776,0.4634999930858612
YHL006C,YPL041C,0,-6.3903427,0.150760218501091,0.8230000138282776,0.4636000096797943
YGR121C,YPR198W,0,-6.390429,0.1507326066493988,0.8230000138282776,0.46369999647140503
YHR129C,YOL010W,0,-6.3907347,0.1507049947977066,0.8230000138282776,0.46380001306533813
YOR031W,YML039W,0,-6.390762,0.1506774127483368,0.8230000138282776,0.46389999985694885
YDR397C,YNL169C,0,-6.3909063,0.15064983069896698,0.8230000138282776,0.46399998664855957
YLR059C,YOR341W,0,-6.3910656,0.15062224864959717,0.8230000138282776,0.4641000032424927
YDR294C,YLR126C,0,-6.391082,0.15059469640254974,0.8230000138282776,0.4641999900341034
YLR260W,YAR009C,0,-6.3911552,0.15056714415550232,0.8230000138282776,0.4643000066280365
YDR040C,YDR160W,0,-6.3913155,0.1505396068096161,0.8230000138282776,0.4643999934196472
YMR202W,YJR120W,0,-6.3915453,0.15051206946372986,0.8230000138282776,0.4645000100135803
YIL112W,YER022W,0,-6.3916407,0.15048454701900482,0.8230000138282776,0.46459999680519104
YEL009C,YNL231C,0,-6.3916864,0.15045703947544098,0.8230000138282776,0.46470001339912415
YDR277C,YNL294C,0,-6.391695,0.15042953193187714,0.8230000138282776,0.46480000019073486
YDR038C,YBR127C,0,-6.3917174,0.15040205419063568,0.8230000138282776,0.4648999869823456
YFL013C,YHR214C-B,0,-6.391773,0.15037456154823303,0.8230000138282776,0.4650000035762787
YCR055C,YJL029C,0,-6.3919077,0.15034709870815277,0.8230000138282776,0.4650999903678894
YNL008C,YDR394W,0,-6.392043,0.1503196358680725,0.8230000138282776,0.4652000069618225
YFL050C,YDR515W,0,-6.39219,0.15029218792915344,0.8230000138282776,0.4652999937534332
YCR002C,YOL045W,0,-6.3922243,0.15026473999023438,0.8230000138282776,0.46540001034736633
YPL188W,YJL140W,0,-6.3923454,0.1502373069524765,0.8230000138282776,0.46549999713897705
YGL048C,YOR162C,0,-6.392377,0.15020988881587982,0.8230000138282776,0.46560001373291016
YLL042C,YOR027W,0,-6.392473,0.15018248558044434,0.8230000138282776,0.4657000005245209
YJR074W,YFL045C,0,-6.392915,0.15015508234500885,0.8230000138282776,0.4657999873161316
YCL020W,YOR338W,0,-6.392926,0.15012769401073456,0.8230000138282776,0.4659000039100647
YDL113C,YLR190W,0,-6.392962,0.15010030567646027,0.8230000138282776,0.4659999907016754
YOL165C,YIL068C,0,-6.3931255,0.15007293224334717,0.8230000138282776,0.4661000072956085
YNR044W,YBR088C,0,-6.393199,0.15004557371139526,0.8230000138282776,0.46619999408721924
YGR165W,YOR069W,0,-6.3932,0.15001823008060455,0.8230000138282776,0.46630001068115234
YJL098W,YNL107W,0,-6.393344,0.14999088644981384,0.8230000138282776,0.46639999747276306
YGL046W,YLR298C,0,-6.393365,0.14996355772018433,0.8230000138282776,0.46650001406669617
YGL032C,YMR091C,0,-6.3934355,0.1499362289905548,0.8230000138282776,0.4666000008583069
YOR361C,YNL046W,0,-6.393781,0.14990893006324768,0.8230000138282776,0.4666999876499176
YMR301C,YDR200C,0,-6.3938375,0.14988163113594055,0.8230000138282776,0.4668000042438507
YJR118C,YBR100W,0,-6.393914,0.14985433220863342,0.8230000138282776,0.4668999910354614
YNL334C,YLR193C,0,-6.3939543,0.1498270481824875,0.8230000138282776,0.46700000762939453
YNL097C,YML033W,0,-6.394108,0.14979977905750275,0.8230000138282776,0.46709999442100525
YPL209C,YCL001W,0,-6.3941374,0.1497725248336792,0.8230000138282776,0.46720001101493835
YLR010C,YIL063C,0,-6.394165,0.14974527060985565,0.8230000138282776,0.4672999978065491
YOL156W,YPL041C,0,-6.3943768,0.1497180312871933,0.8230000138282776,0.4674000144004822
YNL323W,YOL054W,0,-6.39455,0.14969079196453094,0.8230000138282776,0.4675000011920929
YFR019W,YGL035C,0,-6.3946,0.14966358244419098,0.8230000138282776,0.4675999879837036
YHL038C,YIR012W,0,-6.3947697,0.14963635802268982,0.8230000138282776,0.4677000045776367
YJR140C,YPR198W,0,-6.394846,0.14960916340351105,0.8230000138282776,0.46779999136924744
YDR038C,YCR014C,0,-6.3948917,0.14958196878433228,0.8230000138282776,0.46790000796318054
YMR077C,YDL224C,0,-6.395049,0.1495547890663147,0.8230000138282776,0.46799999475479126
YDL198C,YER001W,0,-6.395202,0.14952760934829712,0.8230000138282776,0.46810001134872437
YIL046W,YBL105C,0,-6.3953385,0.14950045943260193,0.8230000138282776,0.4681999981403351
YOR346W,YOL004W,0,-6.3953648,0.14947329461574554,0.8230000138282776,0.4683000147342682
YDR423C,YJL045W,0,-6.3954153,0.14944615960121155,0.8230000138282776,0.4684000015258789
YPL095C,YJL018W,0,-6.3955064,0.14941902458667755,0.8230000138282776,0.4684999883174896
YOR310C,YGR085C,0,-6.3956003,0.14939190447330475,0.8230000138282776,0.46860000491142273
YLR448W,YER087C-A,0,-6.396018,0.14936478435993195,0.8230000138282776,0.46869999170303345
YBR109C,YHR011W,0,-6.396036,0.14933769404888153,0.8230000138282776,0.46880000829696655
YPL233W,YNL279W,0,-6.396055,0.14931058883666992,0.8230000138282776,0.46889999508857727
YBR160W,YLR206W,0,-6.396285,0.1492835134267807,0.8230000138282776,0.4690000116825104
YCL025C,YPL055C,0,-6.3966427,0.14925643801689148,0.8230000138282776,0.4690999984741211
YPL170W,YDL093W,0,-6.396741,0.14922937750816345,0.8230000138282776,0.4691999852657318
YPL098C,YPR094W,0,-6.396742,0.14920231699943542,0.8230000138282776,0.4693000018596649
YKL166C,YLR455W,0,-6.396826,0.1491752713918686,0.8230000138282776,0.46939998865127563
YNL029C,YBL024W,0,-6.3970947,0.14914824068546295,0.8230000138282776,0.46950000524520874
YML107C,YKR086W,0,-6.3971305,0.1491212248802185,0.8230000138282776,0.46959999203681946
YLR293C,YEL034W,0,-6.3972187,0.14909420907497406,0.8230000138282776,0.46970000863075256
YDR323C,YGR128C,0,-6.3972273,0.14906719326972961,0.8230000138282776,0.4697999954223633
YOR180C,YML067C,0,-6.397338,0.14904020726680756,0.8230000138282776,0.4699000120162964
YBL106C,YMR089C,0,-6.3973756,0.1490132212638855,0.8230000138282776,0.4699999988079071
YKR022C,YDR407C,0,-6.3973985,0.14898623526096344,0.8230000138282776,0.4700999855995178
YHR007C,YFL058W,0,-6.397809,0.14895927906036377,0.8230000138282776,0.4702000021934509
YIL017W,YFL038C,0,-6.3980327,0.1489323228597641,0.8230000138282776,0.47029998898506165
YPL193W,YDR143C,0,-6.398077,0.14890536665916443,0.8230000138282776,0.47040000557899475
YNR033W,YCR058C,0,-6.3981667,0.14887844026088715,0.8230000138282776,0.47049999237060547
YGR220C,YOR127W,0,-6.398404,0.14885151386260986,0.8230000138282776,0.4706000089645386
YDR165W,YML088W,0,-6.3984766,0.14882458746433258,0.8230000138282776,0.4706999957561493
YML051W,YLR145W,0,-6.398553,0.14879769086837769,0.8230000138282776,0.4708000123500824
YDR121W,YOR160W,0,-6.3986235,0.1487707942724228,0.8230000138282776,0.4708999991416931
YFL021W,YIL143C,1,-6.3987484,0.14892463386058807,0.8240000009536743,0.4708999991416931
YLR397C,YMR240C,0,-6.398864,0.14889772236347198,0.8240000009536743,0.47099998593330383
YBR008C,YKR095W,0,-6.3992434,0.1488708257675171,0.8240000009536743,0.47110000252723694
YDR069C,YLR007W,0,-6.3992968,0.1488439291715622,0.8240000009536743,0.47119998931884766
YLR429W,YER178W,0,-6.3993635,0.1488170474767685,0.8240000009536743,0.47130000591278076
YJL164C,YGL039W,0,-6.3994346,0.148790180683136,0.8240000009536743,0.4713999927043915
YMR186W,YGL075C,0,-6.399527,0.14876331388950348,0.8240000009536743,0.4715000092983246
YDR299W,YGL174W,0,-6.399686,0.14873646199703217,0.8240000009536743,0.4715999960899353
YKL074C,YNL126W,0,-6.3997374,0.14870962500572205,0.8240000009536743,0.4717000126838684
YAL012W,YPL208W,0,-6.399781,0.14868278801441193,0.8240000009536743,0.4717999994754791
YGL144C,YKR042W,0,-6.400095,0.148655965924263,0.8240000009536743,0.47189998626708984
YDR448W,YPL124W,0,-6.400359,0.14862914383411407,0.8240000009536743,0.47200000286102295
YPL146C,YKL119C,0,-6.4004054,0.14860235154628754,0.8240000009536743,0.47209998965263367
YNL242W,YLR320W,0,-6.4004717,0.1485755443572998,0.8240000009536743,0.4722000062465668
YHR085W,YNL273W,0,-6.40049,0.14854876697063446,0.8240000009536743,0.4722999930381775
YLR386W,YIL077C,0,-6.400504,0.14852198958396912,0.8240000009536743,0.4724000096321106
YOR224C,YBR083W,0,-6.400805,0.14849522709846497,0.8240000009536743,0.4724999964237213
YML046W,YCR081W,0,-6.401123,0.14846846461296082,0.8240000009536743,0.4726000130176544
YGL168W,YNL091W,0,-6.4012876,0.14844171702861786,0.8240000009536743,0.47269999980926514
YOR281C,YHR026W,0,-6.4014378,0.1484149843454361,0.8240000009536743,0.47279998660087585
YKL186C,YDR393W,0,-6.4020777,0.14838825166225433,0.8240000009536743,0.47290000319480896
YPR122W,YOR068C,0,-6.4022274,0.14836153388023376,0.8240000009536743,0.4729999899864197
YIL036W,YOL067C,1,-6.402375,0.14851485192775726,0.824999988079071,0.4729999899864197
YBL090W,YPL042C,0,-6.4024296,0.1484881192445755,0.824999988079071,0.4731000065803528
YKL049C,YBR168W,0,-6.403041,0.14846140146255493,0.824999988079071,0.4731999933719635
YPL254W,YGR296W,0,-6.403168,0.14843468368053436,0.824999988079071,0.4733000099658966
YJL222W,YAR009C,0,-6.4033175,0.148407980799675,0.824999988079071,0.4733999967575073
YER038C,YDR312W,0,-6.4036245,0.1483812928199768,0.824999988079071,0.47350001335144043
YPR138C,YBR213W,0,-6.4038486,0.14835461974143982,0.824999988079071,0.47360000014305115
YKL212W,YGR185C,0,-6.4041963,0.14832794666290283,0.824999988079071,0.47369998693466187
YFL025C,YGR086C,0,-6.404377,0.14830127358436584,0.824999988079071,0.47380000352859497
YBL032W,YER009W,0,-6.4044046,0.14827461540699005,0.824999988079071,0.4738999903202057
YGL027C,YDR392W,0,-6.404507,0.14824797213077545,0.824999988079071,0.4740000069141388
YKL206C,YJR026W,0,-6.404518,0.14822134375572205,0.824999988079071,0.4740999937057495
YER179W,YEL009C,0,-6.4048643,0.14819471538066864,0.824999988079071,0.4742000102996826
YKL056C,YJR026W,0,-6.4052534,0.14816810190677643,0.824999988079071,0.47429999709129333
YML059C,YOL115W,0,-6.405287,0.1481415033340454,0.824999988079071,0.47440001368522644
YGR200C,YAL007C,0,-6.405299,0.1481149047613144,0.824999988079071,0.47450000047683716
YDR005C,YML059C,0,-6.4053626,0.14808832108974457,0.824999988079071,0.4745999872684479
YOL165C,YGR252W,0,-6.405409,0.14806173741817474,0.824999988079071,0.474700003862381
YOL054W,YDR484W,0,-6.4054375,0.1480351686477661,0.824999988079071,0.4747999906539917
YAL059W,YMR296C,0,-6.4054775,0.14800861477851868,0.824999988079071,0.4749000072479248
YLR138W,YHR167W,0,-6.405612,0.14798206090927124,0.824999988079071,0.4749999940395355
YNL023C,YPL133C,0,-6.4056726,0.147955521941185,0.824999988079071,0.47510001063346863
YOR153W,YMR272C,0,-6.4057055,0.14792899787425995,0.824999988079071,0.47519999742507935
YHR068W,YDR372C,0,-6.4058557,0.1479024738073349,0.824999988079071,0.47530001401901245
YJR002W,YKL018W,0,-6.405957,0.14787596464157104,0.824999988079071,0.47540000081062317
YOR229W,YIL039W,0,-6.4061136,0.1478494554758072,0.824999988079071,0.4754999876022339
YOR327C,YGL212W,0,-6.4061694,0.14782297611236572,0.824999988079071,0.475600004196167
YJL081C,YMR275C,0,-6.4061875,0.14779648184776306,0.824999988079071,0.4756999909877777
YFL021W,YGR005C,1,-6.4062843,0.14794912934303284,0.8259999752044678,0.4756999909877777
YMR162C,YGR270W,0,-6.4063044,0.14792263507843018,0.8259999752044678,0.4758000075817108
YNL314W,YIL143C,1,-6.4064274,0.14807520806789398,0.8270000219345093,0.4758000075817108
YLR014C,YOR313C,0,-6.406855,0.14804869890213013,0.8270000219345093,0.47589999437332153
YML103C,YML039W,0,-6.406926,0.14802218973636627,0.8270000219345093,0.47600001096725464
YBR097W,YNL107W,0,-6.4070835,0.1479957103729248,0.8270000219345093,0.47609999775886536
YMR227C,YGR186W,1,-6.4071064,0.14814814925193787,0.828000009059906,0.47609999775886536
YDR256C,YOR120W,0,-6.4072,0.148121640086174,0.828000009059906,0.47620001435279846
YCL067C,YIR011C,0,-6.4072404,0.14809514582157135,0.828000009059906,0.4763000011444092
YMR266W,YGL022W,0,-6.407383,0.14806866645812988,0.828000009059906,0.4763999879360199
YBR021W,YNL246W,0,-6.4073944,0.1480422019958496,0.828000009059906,0.476500004529953
YPL200W,YDR251W,0,-6.407421,0.14801573753356934,0.828000009059906,0.4765999913215637
YJR069C,YAR009C,0,-6.407532,0.14798927307128906,0.828000009059906,0.4767000079154968
YNR074C,YJL134W,0,-6.4079823,0.14796282351016998,0.828000009059906,0.47679999470710754
YCR065W,YBR218C,0,-6.4081154,0.1479363888502121,0.828000009059906,0.47690001130104065
YER148W,YGR047C,1,-6.408143,0.14808860421180725,0.8289999961853027,0.47690001130104065
YDR038C,YJL102W,0,-6.4085655,0.14806215465068817,0.8289999961853027,0.47699999809265137
YPL202C,YGR246C,1,-6.4085846,0.14821428060531616,0.8299999833106995,0.47699999809265137
YPR200C,YER122C,0,-6.4086256,0.14818783104419708,0.8299999833106995,0.4771000146865845
YGL111W,YCR031C,0,-6.4086647,0.1481613665819168,0.8299999833106995,0.4772000014781952
YBR109C,YGL257C,0,-6.408844,0.14813493192195892,0.8299999833106995,0.4772999882698059
YDR254W,YLL041C,0,-6.4092503,0.14810849726200104,0.8299999833106995,0.477400004863739
YDR524C,YKL214C,0,-6.4092574,0.14808206260204315,0.8299999833106995,0.47749999165534973
YHR072W,YOR243C,0,-6.4093447,0.14805565774440765,0.8299999833106995,0.47760000824928284
YML078W,YNL241C,0,-6.409471,0.14802925288677216,0.8299999833106995,0.47769999504089355
YPR113W,YPL083C,0,-6.4095182,0.14800284802913666,0.8299999833106995,0.47780001163482666
YDL140C,YML097C,0,-6.4096627,0.14797647297382355,0.8299999833106995,0.4778999984264374
YHL031C,YMR292W,0,-6.409782,0.14795008301734924,0.8299999833106995,0.4779999852180481
YGR142W,YGR144W,0,-6.409917,0.14792372286319733,0.8299999833106995,0.4781000018119812
YLR158C,YGR167W,0,-6.4105663,0.1478973627090454,0.8299999833106995,0.4781999886035919
YPR094W,YDR353W,0,-6.4106317,0.1478710174560547,0.8299999833106995,0.478300005197525
YLR295C,YML077W,0,-6.4107656,0.14784467220306396,0.8299999833106995,0.47839999198913574
YCR082W,YKL055C,0,-6.4108973,0.14781834185123444,0.8299999833106995,0.47850000858306885
YDR038C,YML107C,0,-6.4109993,0.1477920264005661,0.8299999833106995,0.47859999537467957
YGR036C,YLL009C,0,-6.411251,0.14776571094989777,0.8299999833106995,0.47870001196861267
YHR072W-A,YML091C,0,-6.411525,0.14773941040039062,0.8299999833106995,0.4787999987602234
YDL208W,YPL041C,0,-6.4120917,0.14771310985088348,0.8299999833106995,0.4788999855518341
YER028C,YDR460W,1,-6.412113,0.14786477386951447,0.8309999704360962,0.4788999855518341
YFR014C,YMR004W,0,-6.4122233,0.14783845841884613,0.8309999704360962,0.4790000021457672
YDL045C,YDR481C,0,-6.4122496,0.14781217277050018,0.8309999704360962,0.47909998893737793
YDR096W,YOR007C,0,-6.412382,0.14778587222099304,0.8309999704360962,0.47920000553131104
YBR214W,YDR409W,0,-6.4125195,0.1477596014738083,0.8309999704360962,0.47929999232292175
YOR038C,YMR050C,0,-6.4125485,0.14773333072662354,0.8309999704360962,0.47940000891685486
YOL011W,YGR074W,0,-6.4126134,0.14770707488059998,0.8309999704360962,0.4794999957084656
YNL082W,YPR137W,0,-6.4127455,0.14768081903457642,0.8309999704360962,0.4796000123023987
YAL012W,YNL046W,0,-6.4130154,0.14765457808971405,0.8309999704360962,0.4796999990940094
YIR017C,YLR025W,0,-6.413494,0.14762835204601288,0.8309999704360962,0.4797999858856201
YOR034C,YJL173C,0,-6.4136267,0.1476021260023117,0.8309999704360962,0.4799000024795532
YOL089C,YGR186W,1,-6.4136915,0.14775350689888,0.8320000171661377,0.4799000024795532
YJL209W,YDR457W,0,-6.4137774,0.14772726595401764,0.8320000171661377,0.47999998927116394
YJR050W,YER117W,0,-6.4137936,0.14770105481147766,0.8320000171661377,0.48010000586509705
YMR182C,YDR310C,0,-6.413903,0.1476748287677765,0.8320000171661377,0.48019999265670776
YOL043C,YKL014C,0,-6.4139123,0.1476486176252365,0.8320000171661377,0.48030000925064087
YMR296C,YIR015W,0,-6.4139986,0.14762242138385773,0.8320000171661377,0.4803999960422516
YPL161C,YNL279W,0,-6.4142084,0.14759624004364014,0.8320000171661377,0.4805000126361847
YOL069W,YLR105C,0,-6.4143925,0.14757005870342255,0.8320000171661377,0.4805999994277954
YIL065C,YLR450W,0,-6.4144154,0.14754389226436615,0.8320000171661377,0.48069998621940613
YJR068W,YNL243W,0,-6.4144583,0.14751772582530975,0.8320000171661377,0.48080000281333923
YFR034C,YER070W,0,-6.4144707,0.14749157428741455,0.8320000171661377,0.48089998960494995
YLR100W,YJR139C,0,-6.414584,0.14746543765068054,0.8320000171661377,0.48100000619888306
YLR095C,YPL031C,0,-6.414712,0.14743930101394653,0.8320000171661377,0.4810999929904938
YBR167C,YLR467W,0,-6.4147816,0.14741317927837372,0.8320000171661377,0.4812000095844269
YKR022C,YOL028C,0,-6.414871,0.1473870724439621,0.8320000171661377,0.4812999963760376
YNR075W,YJR035W,0,-6.415123,0.14736096560955048,0.8320000171661377,0.4814000129699707
YER065C,YOR115C,0,-6.415465,0.14733487367630005,0.8320000171661377,0.4814999997615814
YER177W,YLR274W,0,-6.4154806,0.14730878174304962,0.8320000171661377,0.48159998655319214
YOR259C,YGL022W,0,-6.415481,0.1472827047109604,0.8320000171661377,0.48170000314712524
YGR144W,YDR115W,0,-6.4158697,0.14725664258003235,0.8320000171661377,0.48179998993873596
YHR129C,YOL104C,0,-6.4162493,0.1472305804491043,0.8320000171661377,0.48190000653266907
YDR423C,YLR181C,0,-6.4164176,0.14720453321933746,0.8320000171661377,0.4819999933242798
YMR275C,YHR079C,0,-6.4164834,0.14717848598957062,0.8320000171661377,0.4821000099182129
YNL166C,YGL090W,0,-6.417116,0.14715245366096497,0.8320000171661377,0.4821999967098236
YLR242C,YLR386W,0,-6.4172063,0.1471264362335205,0.8320000171661377,0.4823000133037567
YHR039C,YMR305C,0,-6.4172106,0.14710041880607605,0.8320000171661377,0.48240000009536743
YGL180W,YAR010C,0,-6.41722,0.14707441627979279,0.8320000171661377,0.48249998688697815
YDR060W,YOR338W,0,-6.417321,0.14704842865467072,0.8320000171661377,0.48260000348091125
YDR217C,YHR038W,0,-6.4173946,0.14702244102954865,0.8320000171661377,0.482699990272522
YOR355W,YER112W,0,-6.417415,0.14699646830558777,0.8320000171661377,0.4828000068664551
YDR088C,YGL249W,0,-6.4177523,0.1469704955816269,0.8320000171661377,0.4828999936580658
YGR091W,YMR210W,0,-6.417904,0.1469445377588272,0.8320000171661377,0.4830000102519989
YPR193C,YJL129C,0,-6.417906,0.14691859483718872,0.8320000171661377,0.4830999970436096
YHR175W,YKR022C,0,-6.4182487,0.14689265191555023,0.8320000171661377,0.4832000136375427
YKL197C,YDR092W,0,-6.418296,0.14686672389507294,0.8320000171661377,0.48330000042915344
YDR082W,YER005W,0,-6.418384,0.14684081077575684,0.8320000171661377,0.48339998722076416
YHR133C,YDR328C,0,-6.4184055,0.14681489765644073,0.8320000171661377,0.48350000381469727
YKL008C,YGR212W,0,-6.4184937,0.14678898453712463,0.8320000171661377,0.483599990606308
YFL022C,YGR072W,0,-6.418763,0.14676310122013092,0.8320000171661377,0.4837000072002411
YLR226W,YOL110W,0,-6.418891,0.1467372179031372,0.8320000171661377,0.4837999939918518
YJL076W,YGL169W,0,-6.418908,0.1467113345861435,0.8320000171661377,0.4839000105857849
YJL092W,YCL063W,0,-6.4193296,0.14668546617031097,0.8320000171661377,0.48399999737739563
YER028C,YAL001C,1,-6.4197125,0.14683589339256287,0.8330000042915344,0.48399999737739563
YMR011W,YIL017W,0,-6.4198885,0.14681001007556915,0.8330000042915344,0.48410001397132874
YMR109W,YGR024C,0,-6.4200163,0.14678414165973663,0.8330000042915344,0.48420000076293945
YPL249C,YHR106W,0,-6.4200544,0.1467582732439041,0.8330000042915344,0.48429998755455017
YAR018C,YNL064C,0,-6.420065,0.14673243463039398,0.8330000042915344,0.4844000041484833
YDR059C,YLL056C,0,-6.4200873,0.14670658111572266,0.8330000042915344,0.484499990940094
YKL154W,YOL020W,0,-6.4203978,0.14668075740337372,0.8330000042915344,0.4846000075340271
YKR034W,YCL003W,0,-6.4205194,0.14665493369102478,0.8330000042915344,0.4846999943256378
YJL013C,YDL109C,0,-6.4205723,0.14662910997867584,0.8330000042915344,0.4848000109195709
YMR055C,YOL020W,0,-6.421071,0.1466033160686493,0.8330000042915344,0.48489999771118164
YNL312W,YDR160W,0,-6.421157,0.14657750725746155,0.8330000042915344,0.48500001430511475
YMR177W,YPL237W,0,-6.421238,0.1465517282485962,0.8330000042915344,0.48510000109672546
YGL003C,YBR273C,0,-6.42155,0.14652594923973083,0.8330000042915344,0.4851999878883362
YBR026C,YER024W,0,-6.4217415,0.14650017023086548,0.8330000042915344,0.4853000044822693
YFR021W,YKR042W,0,-6.4217587,0.1464744210243225,0.8330000042915344,0.48539999127388
YHR164C,YCR055C,0,-6.4220037,0.14644865691661835,0.8330000042915344,0.4855000078678131
YOL108C,YMR285C,0,-6.4220448,0.14642292261123657,0.8330000042915344,0.48559999465942383
YHR165C,YBR130C,0,-6.4220715,0.1463971883058548,0.8330000042915344,0.48570001125335693
YGL166W,YBR123C,1,-6.4220743,0.14654718339443207,0.8339999914169312,0.48570001125335693
YGL136C,YBR073W,0,-6.422089,0.1465214341878891,0.8339999914169312,0.48579999804496765
YJR076C,YCL019W,0,-6.42232,0.14649569988250732,0.8339999914169312,0.48590001463890076
YOR151C,YNL299W,0,-6.4224806,0.14646996557712555,0.8339999914169312,0.4860000014305115
YFL005W,YJR066W,0,-6.422807,0.14644424617290497,0.8339999914169312,0.4860999882221222
YNL186W,YOR338W,0,-6.4228106,0.14641854166984558,0.8339999914169312,0.4862000048160553
YIL147C,YOR003W,0,-6.4228106,0.1463928371667862,0.8339999914169312,0.486299991607666
YPL053C,YIR015W,0,-6.422948,0.146367147564888,0.8339999914169312,0.4864000082015991
YNR052C,YOR083W,0,-6.4231787,0.1463414579629898,0.8339999914169312,0.48649999499320984
YNL153C,YOR099W,0,-6.4232607,0.1463157832622528,0.8339999914169312,0.48660001158714294
YPL275W,YLR181C,0,-6.423544,0.146290123462677,0.8339999914169312,0.48669999837875366
YNL294C,YCR073W-A,0,-6.423613,0.1462644636631012,0.8339999914169312,0.4867999851703644
YBL093C,YLR455W,0,-6.4237475,0.14623881876468658,0.8339999914169312,0.4869000017642975
YDR151C,YPL085W,0,-6.423814,0.14621318876743317,0.8339999914169312,0.4869999885559082
YDL117W,YGL106W,0,-6.4241524,0.14618755877017975,0.8339999914169312,0.4871000051498413
YGL166W,YNL314W,1,-6.4241853,0.14633719623088837,0.8349999785423279,0.4871000051498413
YHR079C-A,YDR077W,0,-6.42424,0.14631155133247375,0.8349999785423279,0.487199991941452
YEL051W,YOL105C,0,-6.4243546,0.14628592133522034,0.8349999785423279,0.48730000853538513
YKL191W,YDR212W,0,-6.4244123,0.14626029133796692,0.8349999785423279,0.48739999532699585
YPL095C,YPR179C,0,-6.4244223,0.1462346762418747,0.8349999785423279,0.48750001192092896
YMR292W,YNR064C,0,-6.4247894,0.14620907604694366,0.8349999785423279,0.4875999987125397
YDR069C,YFR004W,0,-6.424795,0.14618347585201263,0.8349999785423279,0.4876999855041504
YGR161C,YOR003W,0,-6.4248533,0.1461578905582428,0.8349999785423279,0.4878000020980835
YNL102W,YDR451C,0,-6.4250016,0.14613230526447296,0.8349999785423279,0.4878999888896942
YBR200W,YDR013W,0,-6.4250073,0.14610673487186432,0.8349999785423279,0.4880000054836273
YDR071C,YCL004W,0,-6.4251294,0.14608117938041687,0.8349999785423279,0.48809999227523804
YNR075W,YOR237W,0,-6.425192,0.14605562388896942,0.8349999785423279,0.48820000886917114
YBL019W,YNL007C,0,-6.4252143,0.14603008329868317,0.8349999785423279,0.48829999566078186
YOR067C,YDL002C,0,-6.425263,0.1460045427083969,0.8349999785423279,0.48840001225471497
YPL259C,YPL188W,0,-6.4256315,0.14597901701927185,0.8349999785423279,0.4884999990463257
YPL125W,YDL217C,0,-6.4257402,0.14595350623130798,0.8349999785423279,0.4885999858379364
YKL185W,YKL043W,0,-6.4258013,0.14592799544334412,0.8349999785423279,0.4887000024318695
YJL186W,YKR002W,0,-6.425826,0.14590249955654144,0.8349999785423279,0.4887999892234802
YML095C,YBL014C,0,-6.425843,0.14587700366973877,0.8349999785423279,0.48890000581741333
YDR299W,YMR177W,0,-6.425856,0.1458515226840973,0.8349999785423279,0.48899999260902405
YMR301C,YAL051W,0,-6.4258947,0.145826056599617,0.8349999785423279,0.48910000920295715
YGR083C,YPR164W,0,-6.425955,0.14580059051513672,0.8349999785423279,0.48919999599456787
YKR099W,YPL084W,0,-6.4259586,0.14577513933181763,0.8349999785423279,0.489300012588501
YNL286W,YOL003C,0,-6.4260817,0.14574968814849854,0.8349999785423279,0.4893999993801117
YPL161C,YEL027W,0,-6.4264317,0.14572425186634064,0.8349999785423279,0.4894999861717224
YDR309C,YNL294C,0,-6.4267297,0.14569883048534393,0.8349999785423279,0.4896000027656555
YKL046C,YJR073C,0,-6.427077,0.14567340910434723,0.8349999785423279,0.48969998955726624
YPL156C,YDR314C,0,-6.4270954,0.14564800262451172,0.8349999785423279,0.48980000615119934
YER045C,YER171W,1,-6.4272137,0.145796999335289,0.8360000252723694,0.48980000615119934
YPL178W,YIL037C,0,-6.427222,0.1457715779542923,0.8360000252723694,0.48989999294281006
YML116W,YGL115W,0,-6.4274707,0.1457461714744568,0.8360000252723694,0.49000000953674316
YML080W,YJL204C,0,-6.4274864,0.14572076499462128,0.8360000252723694,0.4900999963283539
YOL067C,YOR194C,1,-6.427563,0.145869642496109,0.8370000123977661,0.4900999963283539
YGL032C,YDR429C,0,-6.42764,0.1458442211151123,0.8370000123977661,0.490200012922287
YHR024C,YNL015W,0,-6.4279404,0.1458188146352768,0.8370000123977661,0.4902999997138977
YML080W,YPR163C,0,-6.4279532,0.14579342305660248,0.8370000123977661,0.4903999865055084
YPR009W,YDR545W,0,-6.4280653,0.14576803147792816,0.8370000123977661,0.49050000309944153
YHR038W,YIL016W,0,-6.428115,0.14574263989925385,0.8370000123977661,0.49059998989105225
YGL020C,YKR002W,0,-6.4281435,0.14571726322174072,0.8370000123977661,0.49070000648498535
YDR393W,YHR020W,0,-6.428316,0.1456919014453888,0.8370000123977661,0.49079999327659607
YDL220C,YJR074W,0,-6.4285316,0.14566655457019806,0.8370000123977661,0.4909000098705292
YLR433C,YMR029C,0,-6.4285717,0.14564120769500732,0.8370000123977661,0.4909999966621399
YPR008W,YML069W,1,-6.428888,0.14578984677791595,0.8379999995231628,0.4909999966621399
YER035W,YIL098C,0,-6.428935,0.14576448500156403,0.8379999995231628,0.491100013256073
YGL029W,YDR325W,0,-6.4289503,0.1457391232252121,0.8379999995231628,0.4912000000476837
YFR001W,YHR099W,0,-6.428998,0.14571379125118256,0.8379999995231628,0.49129998683929443
YBR042C,YGL004C,0,-6.429047,0.14568845927715302,0.8379999995231628,0.49140000343322754
YIL160C,YML049C,0,-6.429098,0.14566312730312347,0.8379999995231628,0.49149999022483826
YDL213C,YNL126W,0,-6.429291,0.14563781023025513,0.8379999995231628,0.49160000681877136
YJR078W,YPR005C,0,-6.4293976,0.14561250805854797,0.8379999995231628,0.4916999936103821
YBL085W,YCR024C-A,0,-6.42977,0.14558722078800201,0.8379999995231628,0.4918000102043152
YJL024C,YKL054C,0,-6.4299345,0.14556191861629486,0.8379999995231628,0.4918999969959259
YHL019C,YPL188W,0,-6.430113,0.1455366462469101,0.8379999995231628,0.492000013589859
YMR219W,YPL075W,0,-6.4301767,0.14551137387752533,0.8379999995231628,0.4921000003814697
YGR013W,YDR115W,0,-6.430208,0.14548611640930176,0.8379999995231628,0.49219998717308044
YLR309C,YHR008C,0,-6.4304085,0.14546085894107819,0.8379999995231628,0.49230000376701355
YGL222C,YOR153W,0,-6.430558,0.1454356163740158,0.8379999995231628,0.49239999055862427
YLR380W,YLR105C,0,-6.4306536,0.14541037380695343,0.8379999995231628,0.4925000071525574
YJR070C,YBL005W-B,0,-6.4307833,0.14538514614105225,0.8379999995231628,0.4925999939441681
YLR320W,YAL068C,0,-6.430956,0.14535993337631226,0.8379999995231628,0.4927000105381012
YDR151C,YGL068W,0,-6.4309597,0.14533472061157227,0.8379999995231628,0.4927999973297119
YGR133W,YNR013C,0,-6.4312534,0.14530952274799347,0.8379999995231628,0.492900013923645
YMR133W,YGR104C,0,-6.4312725,0.14528432488441467,0.8379999995231628,0.49300000071525574
YMR301C,YDL230W,0,-6.4318314,0.14525914192199707,0.8379999995231628,0.49309998750686646
YDR494W,YPL130W,0,-6.431952,0.14523397386074066,0.8379999995231628,0.49320000410079956
YBR022W,YLR425W,0,-6.432257,0.14520880579948425,0.8379999995231628,0.4932999908924103
YGL151W,YNL044W,0,-6.4325294,0.14518363773822784,0.8379999995231628,0.4934000074863434
YAL025C,YLR016C,0,-6.4325624,0.14515849947929382,0.8379999995231628,0.4934999942779541
YLL026W,YJL045W,0,-6.4326077,0.1451333612203598,0.8379999995231628,0.4936000108718872
YNL323W,YJL129C,0,-6.4326673,0.14510822296142578,0.8379999995231628,0.4936999976634979
YHR069C,YBL088C,0,-6.432678,0.14508309960365295,0.8379999995231628,0.49380001425743103
YLR229C,YLL056C,0,-6.432951,0.14505799114704132,0.8379999995231628,0.49390000104904175
YOR061W,YML055W,0,-6.433036,0.1450328826904297,0.8379999995231628,0.49399998784065247
YDL044C,YGR143W,0,-6.433074,0.14500778913497925,0.8379999995231628,0.49410000443458557
YER014C-A,YFL017W-A,0,-6.4333453,0.1449826955795288,0.8379999995231628,0.4941999912261963
YMR070W,YLR262C,0,-6.433508,0.14495761692523956,0.8379999995231628,0.4943000078201294
YFR027W,YNR072W,0,-6.4335356,0.1449325531721115,0.8379999995231628,0.4943999946117401
YPR093C,YOR347C,0,-6.4336348,0.14490748941898346,0.8379999995231628,0.4945000112056732
YKL201C,YMR273C,0,-6.4336576,0.1448824405670166,0.8379999995231628,0.49459999799728394
YAL033W,YDR356W,0,-6.433675,0.14485739171504974,0.8379999995231628,0.49470001459121704
YAR014C,YHR167W,0,-6.4339247,0.14483235776424408,0.8379999995231628,0.49480000138282776
YPR021C,YDL143W,0,-6.434572,0.14480732381343842,0.8379999995231628,0.4948999881744385
YOR284W,YML013W,0,-6.4346733,0.14478230476379395,0.8379999995231628,0.4950000047683716
YOL063C,YDR058C,0,-6.434723,0.14475730061531067,0.8379999995231628,0.4950999915599823
YNL242W,YPR161C,0,-6.434904,0.1447322964668274,0.8379999995231628,0.4952000081539154
YOR269W,YHR088W,0,-6.434917,0.1447073072195053,0.8379999995231628,0.4952999949455261
YFR046C,YPR024W,0,-6.4355183,0.14468231797218323,0.8379999995231628,0.49540001153945923
YIL085C,YGL171W,0,-6.4356165,0.14465734362602234,0.8379999995231628,0.49549999833106995
YOR233W,YJL004C,0,-6.43567,0.14463238418102264,0.8379999995231628,0.49559998512268066
YDL056W,YHR170W,0,-6.435899,0.14460742473602295,0.8379999995231628,0.49570000171661377
YKL082C,YAL047C,0,-6.4359274,0.14458246529102325,0.8379999995231628,0.4957999885082245
YPL048W,YGL233W,0,-6.4360576,0.14455753564834595,0.8379999995231628,0.4959000051021576
YDL208W,YLR337W,0,-6.4361,0.14453259110450745,0.8379999995231628,0.4959999918937683
YGL012W,YIL076W,0,-6.4361877,0.14450767636299133,0.8379999995231628,0.4961000084877014
YMR229C,YER161C,0,-6.4362183,0.14448276162147522,0.8379999995231628,0.49619999527931213
YHR176W,YGR272C,0,-6.4364395,0.1444578468799591,0.8379999995231628,0.49630001187324524
YBR201W,YGL100W,0,-6.4366975,0.1444329470396042,0.8379999995231628,0.49639999866485596
YPL098C,YML039W,0,-6.436821,0.14440806210041046,0.8379999995231628,0.4964999854564667
YGL171W,YIL017W,0,-6.436838,0.14438317716121674,0.8379999995231628,0.4966000020503998
YLR103C,YIL131C,0,-6.437247,0.1443583071231842,0.8379999995231628,0.4966999888420105
YNL133C,YPL050C,0,-6.437643,0.14433345198631287,0.8379999995231628,0.4968000054359436
YKR068C,YDL003W,0,-6.4377003,0.14430859684944153,0.8379999995231628,0.4968999922275543
YJR160C,YGR009C,0,-6.437887,0.1442837417125702,0.8379999995231628,0.4970000088214874
YPL115C,YGR279C,0,-6.437971,0.14425890147686005,0.8379999995231628,0.49709999561309814
YMR202W,YGR159C,0,-6.4379997,0.1442340761423111,0.8379999995231628,0.49720001220703125
YOL080C,YGR072W,0,-6.4380646,0.14420926570892334,0.8379999995231628,0.49729999899864197
YBR160W,YLR172C,0,-6.4381037,0.1441844403743744,0.8379999995231628,0.4973999857902527
YER019C-A,YDR146C,0,-6.4383717,0.14415964484214783,0.8379999995231628,0.4975000023841858
YAR033W,YPR018W,0,-6.4384174,0.14413484930992126,0.8379999995231628,0.4975999891757965
YGR098C,YOR310C,0,-6.4384804,0.1441100537776947,0.8379999995231628,0.4977000057697296
YJL099W,YJR118C,0,-6.438901,0.14408528804779053,0.8379999995231628,0.49779999256134033
YDR224C,YKL035W,0,-6.439018,0.14406050741672516,0.8379999995231628,0.49790000915527344
YKL204W,YIL063C,0,-6.439081,0.14403575658798218,0.8379999995231628,0.49799999594688416
YLR314C,YGL097W,0,-6.4391136,0.1440110057592392,0.8379999995231628,0.49810001254081726
YPL138C,YEL020W-A,0,-6.439226,0.14398625493049622,0.8379999995231628,0.498199999332428
YBR102C,YDR465C,0,-6.4392543,0.14396151900291443,0.8379999995231628,0.4982999861240387
YNL318C,YLL017W,0,-6.439295,0.14393679797649384,0.8379999995231628,0.4984000027179718
YOR307C,YPL157W,0,-6.439299,0.14391207695007324,0.8379999995231628,0.4984999895095825
YGL018C,YHR016C,0,-6.439309,0.14388735592365265,0.8379999995231628,0.4986000061035156
YOR244W,YDR285W,0,-6.4394097,0.14386266469955444,0.8379999995231628,0.49869999289512634
YGL155W,YOR315W,0,-6.4394436,0.14383797347545624,0.8379999995231628,0.49880000948905945
YDL028C,YNR032W,0,-6.439515,0.14381328225135803,0.8379999995231628,0.49889999628067017
YDR268W,YLR059C,0,-6.439576,0.14378860592842102,0.8379999995231628,0.49900001287460327
YDR200C,YCR102C,0,-6.4399343,0.1437639445066452,0.8379999995231628,0.499099999666214
YGR254W,YOR259C,0,-6.4399824,0.14373928308486938,0.8379999995231628,0.4991999864578247
YCL034W,YJL089W,0,-6.440059,0.14371462166309357,0.8379999995231628,0.4993000030517578
YIL035C,YPL155C,0,-6.4401174,0.14368999004364014,0.8379999995231628,0.49939998984336853
YBR177C,YOR211C,0,-6.440209,0.1436653584241867,0.8379999995231628,0.49950000643730164
YNL192W,YKL125W,0,-6.4403076,0.14364072680473328,0.8379999995231628,0.49959999322891235
YKL220C,YLR116W,0,-6.4403563,0.14361611008644104,0.8379999995231628,0.49970000982284546
YOR046C,YGL018C,0,-6.4404097,0.14359150826931,0.8379999995231628,0.4997999966144562
YFL025C,YDR320C-A,0,-6.440466,0.14356690645217896,0.8379999995231628,0.4999000132083893
YGR038W,YER013W,0,-6.440715,0.1435423046350479,0.8379999995231628,0.5
YER119C,YNL317W,0,-6.4407644,0.14351773262023926,0.8379999995231628,0.5001000165939331
YGL106W,YGR078C,0,-6.441394,0.1434931457042694,0.8379999995231628,0.5001999735832214
YMR055C,YOR254C,0,-6.4416504,0.14346858859062195,0.8379999995231628,0.5002999901771545
YOR341W,YPL041C,0,-6.441806,0.1434440314769745,0.8379999995231628,0.5004000067710876
YLR342W,YOL143C,0,-6.4419923,0.14341947436332703,0.8379999995231628,0.5005000233650208
YDL143W,YBR040W,0,-6.4421444,0.14339493215084076,0.8379999995231628,0.5005999803543091
YMR001C,YDR156W,0,-6.4423113,0.14337040483951569,0.8379999995231628,0.5006999969482422
YMR198W,YGL124C,0,-6.442374,0.1433458775281906,0.8379999995231628,0.5008000135421753
YNR008W,YIL121W,0,-6.4424257,0.14332136511802673,0.8379999995231628,0.5008999705314636
YGR247W,YPR073C,0,-6.4424715,0.14329685270786285,0.8379999995231628,0.5009999871253967
YJL065C,YER052C,0,-6.4424863,0.14327235519886017,0.8379999995231628,0.5011000037193298
YBL003C,YIL105C,0,-6.442654,0.14324785768985748,0.8379999995231628,0.5012000203132629
YNR002C,YNL210W,0,-6.442854,0.143223375082016,0.8379999995231628,0.5012999773025513
YPL031C,YOL054W,0,-6.443009,0.1431989073753357,0.8379999995231628,0.5013999938964844
YIL065C,YPR032W,0,-6.4430103,0.1431744396686554,0.8379999995231628,0.5015000104904175
YNL278W,YDL013W,0,-6.44324,0.1431499868631363,0.8379999995231628,0.5016000270843506
YER065C,YJR077C,0,-6.443343,0.1431255340576172,0.8379999995231628,0.5016999840736389
YNL326C,YFL058W,0,-6.4433646,0.14310109615325928,0.8379999995231628,0.501800000667572
YOL108C,YBR050C,0,-6.4435368,0.14307665824890137,0.8379999995231628,0.5019000172615051
YGL105W,YHR086W,0,-6.4435644,0.14305223524570465,0.8379999995231628,0.5019999742507935
YNL314W,YKR062W,1,-6.443586,0.14319850504398346,0.8389999866485596,0.5019999742507935
YEL018W,YER095W,0,-6.4436045,0.14317406713962555,0.8389999866485596,0.5020999908447266
YGL256W,YJL081C,0,-6.4436865,0.14314962923526764,0.8389999866485596,0.5022000074386597
YOR188W,YMR067C,0,-6.443775,0.14312520623207092,0.8389999866485596,0.5023000240325928
YER087C-A,YLR092W,0,-6.443927,0.1431007981300354,0.8389999866485596,0.5023999810218811
YMR117C,YLR224W,0,-6.444327,0.14307640492916107,0.8389999866485596,0.5024999976158142
YHR094C,YOL066C,0,-6.4443445,0.14305199682712555,0.8389999866485596,0.5026000142097473
YDR214W,YHL040C,0,-6.444566,0.14302761852741241,0.8389999866485596,0.5026999711990356
YBL030C,YOR008C-A,0,-6.44491,0.14300324022769928,0.8389999866485596,0.5027999877929688
YNL270C,YJL108C,0,-6.4450026,0.14297886192798615,0.8389999866485596,0.5029000043869019
YKL038W,YGR099W,0,-6.4450135,0.1429545134305954,0.8389999866485596,0.503000020980835
YJL094C,YBL033C,0,-6.4450235,0.14293015003204346,0.8389999866485596,0.5030999779701233
YDL097C,YBR175W,0,-6.4452133,0.1429058015346527,0.8389999866485596,0.5031999945640564
YIL048W,YIL120W,0,-6.445227,0.14288146793842316,0.8389999866485596,0.5033000111579895
YIL044C,YDR517W,0,-6.445669,0.1428571492433548,0.8389999866485596,0.5034000277519226
YKL193C,YPL258C,0,-6.445736,0.14283281564712524,0.8389999866485596,0.5034999847412109
YGL013C,YNL186W,0,-6.4457836,0.14280851185321808,0.8389999866485596,0.503600001335144
YOR298C-A,YDL244W,0,-6.445794,0.1427842080593109,0.8389999866485596,0.5037000179290771
YNL172W,YDR130C,0,-6.4459476,0.14275990426540375,0.8389999866485596,0.5037999749183655
YHL031C,YEL004W,0,-6.446021,0.14273563027381897,0.8389999866485596,0.5038999915122986
YEL036C,YKL080W,0,-6.446121,0.142711341381073,0.8389999866485596,0.5040000081062317
YGL241W,YFL034C-B,0,-6.446144,0.14268706738948822,0.8389999866485596,0.5041000247001648
YPR094W,YGL098W,0,-6.446156,0.14266280829906464,0.8389999866485596,0.5041999816894531
YML071C,YNR003C,0,-6.4461737,0.14263856410980225,0.8389999866485596,0.5042999982833862
YER107C,YJR070C,0,-6.446553,0.14261430501937866,0.8389999866485596,0.5044000148773193
YKL179C,YCL063W,0,-6.4467535,0.14259007573127747,0.8389999866485596,0.5044999718666077
YBR294W,YDR359C,0,-6.44676,0.14256584644317627,0.8389999866485596,0.5045999884605408
YOL077W-A,YGL126W,0,-6.44681,0.14254161715507507,0.8389999866485596,0.5047000050544739
YCL004W,YBR294W,0,-6.4468126,0.14251741766929626,0.8389999866485596,0.504800021648407
YLR332W,YNL221C,0,-6.4469023,0.14249320328235626,0.8389999866485596,0.5048999786376953
YHR011W,YNL046W,0,-6.4470067,0.14246900379657745,0.8389999866485596,0.5049999952316284
YNL291C,YMR234W,0,-6.447173,0.14244481921195984,0.8389999866485596,0.5051000118255615
YJL095W,YDR121W,0,-6.4474792,0.14242063462734222,0.8389999866485596,0.5052000284194946
YPL049C,YGR222W,0,-6.4475355,0.1423964649438858,0.8389999866485596,0.505299985408783
YPR193C,YLR163C,0,-6.447546,0.14237231016159058,0.8389999866485596,0.5054000020027161
YOR151C,YGL135W,0,-6.4475536,0.14234815537929535,0.8389999866485596,0.5055000185966492
YPL001W,YER162C,0,-6.4477167,0.14232400059700012,0.8389999866485596,0.5055999755859375
YOL156W,YOR208W,0,-6.447784,0.1422998607158661,0.8389999866485596,0.5056999921798706
YDL174C,YKL017C,0,-6.447791,0.14227573573589325,0.8389999866485596,0.5058000087738037
YER045C,YPR086W,1,-6.4478602,0.142421156167984,0.8399999737739563,0.5058000087738037
YPR185W,YNL214W,0,-6.448146,0.14239701628684998,0.8399999737739563,0.5059000253677368
YNR056C,YIL098C,0,-6.44823,0.14237287640571594,0.8399999737739563,0.5059999823570251
YDL143W,YPL065W,0,-6.448256,0.1423487514257431,0.8399999737739563,0.5060999989509583
YKL017C,YBR293W,0,-6.448472,0.14232464134693146,0.8399999737739563,0.5062000155448914
YJR092W,YLR298C,0,-6.448534,0.1423005312681198,0.8399999737739563,0.5062999725341797
YDL008W,YDR527W,0,-6.4486427,0.14227642118930817,0.8399999737739563,0.5063999891281128
YIL036W,YNL222W,1,-6.4487047,0.1424216777086258,0.8410000205039978,0.5063999891281128
YJL170C,YMR068W,0,-6.448811,0.14239756762981415,0.8410000205039978,0.5065000057220459
YBR142W,YGL249W,0,-6.4490213,0.1423734575510025,0.8410000205039978,0.506600022315979
YDL149W,YDR456W,0,-6.449044,0.14234936237335205,0.8410000205039978,0.5066999793052673
YLR130C,YJR027W,0,-6.449086,0.1423252671957016,0.8410000205039978,0.5067999958992004
YGL251C,YIL109C,0,-6.4492517,0.14230118691921234,0.8410000205039978,0.5069000124931335
YHR150W,YNL273W,0,-6.449261,0.14227710664272308,0.8410000205039978,0.5070000290870667
YNL239W,YIL126W,0,-6.449282,0.14225304126739502,0.8410000205039978,0.507099986076355
YFR055W,YLR332W,0,-6.4492908,0.14222899079322815,0.8410000205039978,0.5072000026702881
YER075C,YGL011C,0,-6.449329,0.14220494031906128,0.8410000205039978,0.5073000192642212
YNL008C,YPL221W,0,-6.4497952,0.1421808898448944,0.8410000205039978,0.5073999762535095
YDR240C,YPR133W-A,0,-6.4499617,0.14215686917304993,0.8410000205039978,0.5074999928474426
YOR240W,YPL144W,0,-6.450135,0.14213283360004425,0.8410000205039978,0.5076000094413757
YOL149W,YOL105C,0,-6.450479,0.14210882782936096,0.8410000205039978,0.5077000260353088
YNL314W,YAL001C,1,-6.450642,0.14225375652313232,0.8420000076293945,0.5077000260353088
YER044C-A,YMR059W,0,-6.4508266,0.14222973585128784,0.8420000076293945,0.5077999830245972
YGL093W,YEL020W-A,0,-6.4509125,0.14220571517944336,0.8420000076293945,0.5078999996185303
YPL177C,YBR123C,1,-6.4510665,0.14235055446624756,0.8429999947547913,0.5078999996185303
YOR332W,YNL283C,0,-6.4512205,0.14232651889324188,0.8429999947547913,0.5080000162124634
YKL213C,YER013W,0,-6.451379,0.1423024982213974,0.8429999947547913,0.5080999732017517
YMR162C,YJL183W,0,-6.4514675,0.14227847754955292,0.8429999947547913,0.5081999897956848
YMR198W,YKL200C,0,-6.4514885,0.14225447177886963,0.8429999947547913,0.5083000063896179
YML062C,YPL224C,0,-6.4516344,0.14223046600818634,0.8429999947547913,0.508400022983551
YKL082C,YBR111W-A,0,-6.451792,0.14220647513866425,0.8429999947547913,0.5084999799728394
YCR005C,YGR209C,0,-6.4520473,0.14218249917030334,0.8429999947547913,0.5085999965667725
YNL008C,YML114C,0,-6.452141,0.14215852320194244,0.8429999947547913,0.5087000131607056
YDL231C,YML016C,0,-6.452366,0.14213454723358154,0.8429999947547913,0.5088000297546387
YDL135C,YOR270C,0,-6.452454,0.14211058616638184,0.8429999947547913,0.508899986743927
YNR010W,YDR075W,0,-6.45248,0.14208664000034332,0.8429999947547913,0.5090000033378601
YER088C,YMR234W,0,-6.452565,0.1420626938343048,0.8429999947547913,0.5091000199317932
YNR074C,YBR201W,0,-6.452673,0.1420387476682663,0.8429999947547913,0.5091999769210815
YIL160C,YER087C-A,0,-6.452758,0.14201483130455017,0.8429999947547913,0.5092999935150146
YKL038W,YLR020C,0,-6.452818,0.14199090003967285,0.8429999947547913,0.5094000101089478
YMR213W,YJL045W,0,-6.4529734,0.14196699857711792,0.8429999947547913,0.5095000267028809
YGL136C,YNL243W,0,-6.4529905,0.1419430822134018,0.8429999947547913,0.5095999836921692
YDR501W,YNL241C,0,-6.453106,0.14191919565200806,0.8429999947547913,0.5097000002861023
YDL137W,YJL124C,0,-6.4531555,0.14189530909061432,0.8429999947547913,0.5098000168800354
YNR044W,YLR166C,0,-6.4533443,0.14187142252922058,0.8429999947547913,0.5098999738693237
YKL012W,YJL166W,0,-6.453351,0.14184755086898804,0.8429999947547913,0.5099999904632568
YDR443C,YDL084W,0,-6.4534035,0.1418236941099167,0.8429999947547913,0.5101000070571899
YDR122W,YNL026W,0,-6.4535985,0.14179983735084534,0.8429999947547913,0.510200023651123
YLR380W,YDR174W,0,-6.4536104,0.141775980591774,0.8429999947547913,0.5102999806404114
YPR007C,YNL213C,0,-6.453636,0.14175213873386383,0.8429999947547913,0.5103999972343445
YPL195W,YBR298C,0,-6.4538126,0.14172831177711487,0.8429999947547913,0.5105000138282776
YBR212W,YOR321W,0,-6.453847,0.1417044848203659,0.8429999947547913,0.5105999708175659
YFL021W,YBR198C,1,-6.4539995,0.14184874296188354,0.843999981880188,0.5105999708175659
YKL220C,YOR216C,0,-6.4540524,0.1418249011039734,0.843999981880188,0.510699987411499
YOR046C,YGR280C,0,-6.4541006,0.14180107414722443,0.843999981880188,0.5108000040054321
YDR314C,YMR059W,0,-6.454233,0.14177726209163666,0.843999981880188,0.5109000205993652
YBL032W,YPR009W,0,-6.4543147,0.1417534500360489,0.843999981880188,0.5109999775886536
YLR207W,YNL326C,0,-6.454398,0.14172963798046112,0.843999981880188,0.5110999941825867
YPR185W,YOR266W,0,-6.4544554,0.14170584082603455,0.843999981880188,0.5112000107765198
YDR108W,YPL196W,0,-6.4544816,0.14168205857276917,0.843999981880188,0.5113000273704529
YCR091W,YCR066W,0,-6.454578,0.14165827631950378,0.843999981880188,0.5113999843597412
YPL110C,YHR111W,0,-6.454768,0.1416345089673996,0.843999981880188,0.5115000009536743
YMR015C,YPL041C,0,-6.455077,0.1416107416152954,0.843999981880188,0.5116000175476074
YJR053W,YOR326W,0,-6.455083,0.14158698916435242,0.843999981880188,0.5116999745368958
YNL325C,YDR359C,0,-6.455627,0.14156323671340942,0.843999981880188,0.5117999911308289
YDL126C,YDL047W,0,-6.4561014,0.14153949916362762,0.843999981880188,0.511900007724762
YPL254W,YOR340C,0,-6.45621,0.14151576161384583,0.843999981880188,0.5120000243186951
YPL177C,YPL129W,1,-6.456257,0.141659677028656,0.8450000286102295,0.5120000243186951
YOR168W,YBL090W,0,-6.45634,0.1416359394788742,0.8450000286102295,0.5120999813079834
YCR010C,YDR058C,0,-6.4564586,0.1416122019290924,0.8450000286102295,0.5121999979019165
YJL060W,YBR100W,0,-6.456713,0.1415884792804718,0.8450000286102295,0.5123000144958496
YNL314W,YGL112C,1,-6.456751,0.14173229038715363,0.8460000157356262,0.5123000144958496
YPL078C,YIL159W,0,-6.4567957,0.14170853793621063,0.8460000157356262,0.5123999714851379
YNL112W,YOL102C,0,-6.4568024,0.14168481528759003,0.8460000157356262,0.512499988079071
YHR058C,YBL033C,0,-6.4568324,0.14166107773780823,0.8460000157356262,0.5126000046730042
YCR098C,YHR079C,0,-6.4568806,0.14163736999034882,0.8460000157356262,0.5127000212669373
YIL159W,YKL194C,0,-6.4571304,0.1416136622428894,0.8460000157356262,0.5127999782562256
YNR057C,YAL056W,0,-6.4573812,0.14158995449543,0.8460000157356262,0.5128999948501587
YHL002W,YLR014C,0,-6.457467,0.14156626164913177,0.8460000157356262,0.5130000114440918
YDL165W,YHR085W,0,-6.4575224,0.14154258370399475,0.8460000157356262,0.5131000280380249
YKL092C,YGL013C,0,-6.457594,0.14151890575885773,0.8460000157356262,0.5131999850273132
YGR202C,YOR315W,0,-6.4576287,0.1414952278137207,0.8460000157356262,0.5133000016212463
YBR110W,YNL036W,0,-6.457991,0.14147156476974487,0.8460000157356262,0.5134000182151794
YDR138W,YOR321W,0,-6.4581213,0.14144791662693024,0.8460000157356262,0.5134999752044678
YDL137W,YJR089W,0,-6.458508,0.1414242684841156,0.8460000157356262,0.5135999917984009
YOR132W,YMR051C,0,-6.458521,0.14140063524246216,0.8460000157356262,0.513700008392334
YCR048W,YHL047C,0,-6.4588203,0.14137700200080872,0.8460000157356262,0.5138000249862671
YMR219W,YPL116W,0,-6.4589396,0.14135338366031647,0.8460000157356262,0.5138999819755554
YDR393W,YPL276W,0,-6.459076,0.14132976531982422,0.8460000157356262,0.5139999985694885
YOR361C,YMR067C,0,-6.459347,0.14130616188049316,0.8460000157356262,0.5141000151634216
YER094C,YMR234W,0,-6.4599257,0.1412825584411621,0.8460000157356262,0.51419997215271
YHR016C,YBL005W-B,0,-6.4600644,0.14125896990299225,0.8460000157356262,0.5142999887466431
YLR270W,YDL115C,0,-6.4602804,0.14123539626598358,0.8460000157356262,0.5144000053405762
YGL155W,YPL101W,0,-6.46049,0.14121182262897491,0.8460000157356262,0.5145000219345093
YIR009W,YFL002C,0,-6.4605145,0.14118824899196625,0.8460000157356262,0.5145999789237976
YKL112W,YMR097C,0,-6.4605722,0.14116469025611877,0.8460000157356262,0.5146999955177307
YKL016C,YDR334W,0,-6.461558,0.1411411464214325,0.8460000157356262,0.5148000121116638
YKL200C,YPL179W,0,-6.46163,0.14111760258674622,0.8460000157356262,0.5149000287055969
YDR404C,YML043C,0,-6.461764,0.14109405875205994,0.8460000157356262,0.5149999856948853
YDR404C,YJL176C,0,-6.461964,0.14107052981853485,0.8460000157356262,0.5151000022888184
YDR276C,YGR009C,0,-6.462098,0.14104701578617096,0.8460000157356262,0.5152000188827515
YCR031C,YPL012W,0,-6.4621844,0.14102350175380707,0.8460000157356262,0.5152999758720398
YML114C,YML001W,0,-6.4622135,0.14100000262260437,0.8460000157356262,0.5153999924659729
YBR131W,YLR222C,0,-6.4623485,0.14097650349140167,0.8460000157356262,0.515500009059906
YBL019W,YJR027W,0,-6.4624076,0.14095301926136017,0.8460000157356262,0.5156000256538391
YDR309C,YNL299W,0,-6.4625607,0.14092953503131866,0.8460000157356262,0.5156999826431274
YCR098C,YMR305C,0,-6.4626846,0.14090606570243835,0.8460000157356262,0.5157999992370605
YKL191W,YOR133W,0,-6.4627542,0.14088259637355804,0.8460000157356262,0.5159000158309937
YNL219C,YNR010W,0,-6.462827,0.14085914194583893,0.8460000157356262,0.515999972820282
YKL008C,YOL045W,0,-6.462846,0.1408356875181198,0.8460000157356262,0.5160999894142151
YGL241W,YLR154C,0,-6.4628572,0.1408122479915619,0.8460000157356262,0.5162000060081482
YAL035W,YGR192C,0,-6.462984,0.14078882336616516,0.8460000157356262,0.5163000226020813
YNL133C,YMR192W,0,-6.4630423,0.14076538383960724,0.8460000157356262,0.5163999795913696
YBR159W,YOR334W,0,-6.4631386,0.1407419741153717,0.8460000157356262,0.5164999961853027
YER036C,YPR010C,0,-6.4632134,0.14071856439113617,0.8460000157356262,0.5166000127792358
YGR083C,YOL059W,0,-6.4633055,0.14069515466690063,0.8460000157356262,0.516700029373169
YJR084W,YKL143W,0,-6.463318,0.1406717598438263,0.8460000157356262,0.5167999863624573
YOR380W,YDR240C,0,-6.4633746,0.14064837992191315,0.8460000157356262,0.5169000029563904
YLR170C,YNL101W,0,-6.463666,0.140625,0.8460000157356262,0.5170000195503235
YPL237W,YGR024C,0,-6.4638186,0.14060163497924805,0.8460000157356262,0.5170999765396118
YNL214W,YBL033C,0,-6.463917,0.1405782699584961,0.8460000157356262,0.5171999931335449
YJL176C,YLR010C,0,-6.4639297,0.14055490493774414,0.8460000157356262,0.517300009727478
YJL073W,YKL006C-A,0,-6.464122,0.14053155481815338,0.8460000157356262,0.5174000263214111
YER095W,YNR023W,0,-6.464134,0.14050821959972382,0.8460000157356262,0.5174999833106995
YOR233W,YDR065W,0,-6.46416,0.14048488438129425,0.8460000157356262,0.5175999999046326
YJR002W,YOR008C-A,0,-6.464161,0.14046156406402588,0.8460000157356262,0.5177000164985657
YNL123W,YDR494W,0,-6.4642606,0.1404382437467575,0.8460000157356262,0.517799973487854
YOR206W,YHR026W,0,-6.4643607,0.14041493833065033,0.8460000157356262,0.5178999900817871
YKL149C,YNL312W,0,-6.464424,0.14039163291454315,0.8460000157356262,0.5180000066757202
YML080W,YDR297W,0,-6.4647374,0.14036834239959717,0.8460000157356262,0.5181000232696533
YNL148C,YGR276C,0,-6.464966,0.14034505188465118,0.8460000157356262,0.5181999802589417
YMR277W,YBL093C,0,-6.4650097,0.1403217762708664,0.8460000157356262,0.5182999968528748
YMR156C,YBL100W-A,0,-6.465386,0.1402985006570816,0.8460000157356262,0.5184000134468079
YER028C,YNL222W,1,-6.465641,0.14044106006622314,0.847000002861023,0.5184000134468079
YDR116C,YGL067W,0,-6.4657946,0.14041776955127716,0.847000002861023,0.5184999704360962
YDL247W,YJR141W,0,-6.466156,0.14039449393749237,0.847000002861023,0.5185999870300293
YGR029W,YDR060W,0,-6.466199,0.14037123322486877,0.847000002861023,0.5187000036239624
YBR034C,YDR037W,0,-6.4664764,0.14034797251224518,0.847000002861023,0.5188000202178955
YCR042C,YDR460W,1,-6.46651,0.14049039781093597,0.8479999899864197,0.5188000202178955
YCR040W,YEL050C,0,-6.4666414,0.14046712219715118,0.8479999899864197,0.5188999772071838
YCL004W,YDL092W,0,-6.466646,0.1404438614845276,0.8479999899864197,0.5189999938011169
YDR483W,YKL186C,0,-6.4666624,0.140420600771904,0.8479999899864197,0.51910001039505
YOL165C,YDR331W,0,-6.4668756,0.1403973549604416,0.8479999899864197,0.5192000269889832
YJR042W,YIL122W,0,-6.4673305,0.1403741091489792,0.8479999899864197,0.5192999839782715
YPL177C,YIL143C,1,-6.4674067,0.14051638543605804,0.8489999771118164,0.5192999839782715
YOL011W,YML127W,0,-6.467415,0.14049313962459564,0.8489999771118164,0.5194000005722046
YGR057C,YMR146C,0,-6.467476,0.14046989381313324,0.8489999771118164,0.5195000171661377
YPL202C,YDR079C-A,1,-6.4675126,0.14061208069324493,0.8500000238418579,0.5195000171661377
YHR058C,YPL121C,0,-6.4675713,0.14058881998062134,0.8500000238418579,0.519599974155426
YPL117C,YPR046W,0,-6.4677086,0.14056557416915894,0.8500000238418579,0.5196999907493591
YFL021W,YNL222W,1,-6.467785,0.14070767164230347,0.8510000109672546,0.5196999907493591
YJR069C,YLR055C,0,-6.4683185,0.14068441092967987,0.8510000109672546,0.5198000073432922
YPL022W,YJL012C-A,0,-6.4685097,0.14066115021705627,0.8510000109672546,0.5199000239372253
YDR143C,YAR042W,0,-6.4686193,0.14063790440559387,0.8510000109672546,0.5199999809265137
YML092C,YLL017W,0,-6.4687366,0.14061467349529266,0.8510000109672546,0.5200999975204468
YKL046C,YER042W,0,-6.468956,0.14059144258499146,0.8510000109672546,0.5202000141143799
YPL155C,YPR074C,0,-6.4689946,0.14056822657585144,0.8510000109672546,0.5202999711036682
YDR194C,YKL055C,0,-6.4694176,0.14054501056671143,0.8510000109672546,0.5203999876976013
YLR200W,YGR042W,0,-6.469473,0.1405217945575714,0.8510000109672546,0.5205000042915344
YKR063C,YFL005W,0,-6.46955,0.1404985934495926,0.8510000109672546,0.5206000208854675
YDR481C,YER012W,0,-6.469642,0.14047540724277496,0.8510000109672546,0.5206999778747559
YDR166C,YPL124W,0,-6.4697237,0.14045222103595734,0.8510000109672546,0.520799994468689
YER009W,YKL141W,0,-6.4702573,0.1404290497303009,0.8510000109672546,0.5209000110626221
YDL055C,YNL302C,0,-6.470278,0.14040587842464447,0.8510000109672546,0.5210000276565552
YLR310C,YDR202C,0,-6.4703064,0.14038270711898804,0.8510000109672546,0.5210999846458435
YBR212W,YBL005W,0,-6.470468,0.1403595507144928,0.8510000109672546,0.5212000012397766
YDR195W,YDL217C,0,-6.470499,0.14033640921115875,0.8510000109672546,0.5213000178337097
YOL088C,YGL246C,0,-6.470662,0.1403132677078247,0.8510000109672546,0.521399974822998
YDR171W,YHR074W,0,-6.470854,0.14029014110565186,0.8510000109672546,0.5214999914169312
YKR081C,YLR262C,0,-6.471039,0.140267014503479,0.8510000109672546,0.5216000080108643
YMR069W,YGL098W,0,-6.4711857,0.14024390280246735,0.8510000109672546,0.5217000246047974
YDL097C,YJR009C,0,-6.4712076,0.1402207911014557,0.8510000109672546,0.5217999815940857
YOR245C,YGR008C,0,-6.471237,0.14019769430160522,0.8510000109672546,0.5218999981880188
YOR145C,YNL283C,0,-6.471342,0.14017459750175476,0.8510000109672546,0.5220000147819519
YDR378C,YOR036W,0,-6.471439,0.1401515156030655,0.8510000109672546,0.5220999717712402
YGL180W,YKL088W,0,-6.4715023,0.14012843370437622,0.8510000109672546,0.5221999883651733
YGR225W,YAL024C,0,-6.4716873,0.14010536670684814,0.8510000109672546,0.5223000049591064
YDR364C,YDR512C,0,-6.4717436,0.14008229970932007,0.8510000109672546,0.5224000215530396
YMR060C,YDR131C,0,-6.4718056,0.14005924761295319,0.8510000109672546,0.5224999785423279
YFR050C,YJL121C,0,-6.4718285,0.1400361955165863,0.8510000109672546,0.522599995136261
YNL236W,YMR117C,0,-6.4719043,0.14001315832138062,0.8510000109672546,0.5227000117301941
YLR231C,YPL110C,0,-6.471926,0.13999013602733612,0.8510000109672546,0.5228000283241272
YDL243C,YLR310C,0,-6.472037,0.13996709883213043,0.8510000109672546,0.5228999853134155
YOR080W,YCR055C,0,-6.4721766,0.13994409143924713,0.8510000109672546,0.5230000019073486
YMR033W,YEL034W,0,-6.472184,0.13992108404636383,0.8510000109672546,0.5231000185012817
YBR195C,YNR032W,0,-6.47266,0.13989807665348053,0.8510000109672546,0.5231999754905701
YCR012W,YEL037C,0,-6.472846,0.13987508416175842,0.8510000109672546,0.5232999920845032
YNL074C,YLR034C,0,-6.4729123,0.13985209167003632,0.8510000109672546,0.5234000086784363
YGL090W,YER095W,0,-6.4729753,0.1398291140794754,0.8510000109672546,0.5235000252723694
YAL059W,YGL068W,0,-6.472993,0.13980615139007568,0.8510000109672546,0.5235999822616577
YDL174C,YCR106W,0,-6.473192,0.13978317379951477,0.8510000109672546,0.5236999988555908
YOL028C,YLR126C,0,-6.473406,0.13976022601127625,0.8510000109672546,0.5238000154495239
YDL220C,YBR008C,0,-6.473469,0.13973727822303772,0.8510000109672546,0.5238999724388123
YKR090W,YDR137W,0,-6.473564,0.1397143304347992,0.8510000109672546,0.5239999890327454
YER174C,YLR105C,0,-6.4737396,0.13969139754772186,0.8510000109672546,0.5241000056266785
YIL049W,YCL026C-A,0,-6.4740973,0.13966846466064453,0.8510000109672546,0.5242000222206116
YAL012W,YNL026W,0,-6.4742923,0.1396455466747284,0.8510000109672546,0.5242999792098999
YBR179C,YBR060C,0,-6.4746118,0.13962264358997345,0.8510000109672546,0.524399995803833
YAL011W,YDL080C,0,-6.474773,0.1395997405052185,0.8510000109672546,0.5245000123977661
YDR384C,YDR207C,0,-6.474838,0.13957683742046356,0.8510000109672546,0.5246000289916992
YMR116C,YER166W,0,-6.4751463,0.1395539492368698,0.8510000109672546,0.5246999859809875
YNL291C,YNL213C,0,-6.475174,0.13953107595443726,0.8510000109672546,0.5248000025749207
YEL069C,YLR320W,0,-6.475233,0.1395082026720047,0.8510000109672546,0.5249000191688538
YDR194C,YPR018W,0,-6.475289,0.13948532938957214,0.8510000109672546,0.5249999761581421
YER017C,YJL013C,0,-6.4754233,0.13946247100830078,0.8510000109672546,0.5250999927520752
YFL056C,YGR007W,0,-6.4754276,0.13943961262702942,0.8510000109672546,0.5252000093460083
YGR036C,YDL079C,0,-6.475441,0.13941676914691925,0.8510000109672546,0.5253000259399414
YIL121W,YDL109C,0,-6.475624,0.13939394056797028,0.8510000109672546,0.5253999829292297
YLR332W,YJR120W,0,-6.4756966,0.1393711119890213,0.8510000109672546,0.5254999995231628
YOR316C,YMR076C,0,-6.475732,0.13934828341007233,0.8510000109672546,0.525600016117096
YOR240W,YDR208W,0,-6.475872,0.13932546973228455,0.8510000109672546,0.5256999731063843
YBR186W,YIR008C,0,-6.47607,0.13930267095565796,0.8510000109672546,0.5257999897003174
YGR006W,YGR285C,0,-6.4761453,0.13927987217903137,0.8510000109672546,0.5259000062942505
YPR113W,YPL179W,0,-6.4762955,0.13925707340240479,0.8510000109672546,0.5260000228881836
YPL069C,YDR073W,0,-6.4765363,0.1392342895269394,0.8510000109672546,0.5260999798774719
YOR157C,YPL212C,0,-6.476614,0.1392115205526352,0.8510000109672546,0.526199996471405
YOR349W,YLR246W,0,-6.4766273,0.139188751578331,0.8510000109672546,0.5263000130653381
YDR160W,YOR287C,0,-6.47685,0.1391659826040268,0.8510000109672546,0.5264000296592712
YBR154C,YDR082W,0,-6.476956,0.1391432285308838,0.8510000109672546,0.5264999866485596
YDL090C,YDR451C,0,-6.4769588,0.13912048935890198,0.8510000109672546,0.5266000032424927
YPL061W,YAL034W-A,0,-6.476969,0.13909775018692017,0.8510000109672546,0.5267000198364258
YKL201C,YLR086W,0,-6.4771104,0.13907501101493835,0.8510000109672546,0.5267999768257141
YMR311C,YML028W,0,-6.477188,0.13905228674411774,0.8510000109672546,0.5268999934196472
YJL026W,YLR362W,0,-6.4772453,0.1390295773744583,0.8510000109672546,0.5270000100135803
YJR047C,YJR026W,0,-6.4772477,0.1390068531036377,0.8510000109672546,0.5271000266075134
YOL094C,YFL036W,0,-6.477305,0.13898415863513947,0.8510000109672546,0.5271999835968018
YKL068W,YMR165C,0,-6.4775524,0.13896146416664124,0.8510000109672546,0.5273000001907349
YDR289C,YPL128C,0,-6.4776316,0.138938769698143,0.8510000109672546,0.527400016784668
YER028C,YOL067C,1,-6.4780416,0.13907933235168457,0.8519999980926514,0.527400016784668
YGR109C,YNL107W,0,-6.4780836,0.13905663788318634,0.8519999980926514,0.5274999737739563
YGL032C,YIL046W,0,-6.478125,0.1390339434146881,0.8519999980926514,0.5275999903678894
YPL121C,YJL036W,0,-6.4783735,0.13901126384735107,0.8519999980926514,0.5277000069618225
YKL026C,YML025C,0,-6.478698,0.13898858428001404,0.8519999980926514,0.5278000235557556
YER164W,YPR023C,0,-6.479094,0.138965904712677,0.8519999980926514,0.527899980545044
YMR202W,YOL109W,0,-6.479292,0.13894325494766235,0.8519999980926514,0.527999997138977
YBL099W,YKR042W,0,-6.479598,0.1389205902814865,0.8519999980926514,0.5281000137329102
YML094W,YLR192C,0,-6.4796,0.13889794051647186,0.8519999980926514,0.5281999707221985
YPR021C,YJL060W,0,-6.479827,0.1388753056526184,0.8519999980926514,0.5282999873161316
YJL021C,YIR005W,0,-6.4799395,0.13885267078876495,0.8519999980926514,0.5284000039100647
YPL265W,YKL079W,0,-6.4799604,0.1388300508260727,0.8519999980926514,0.5285000205039978
YNR002C,YER012W,0,-6.480156,0.13880743086338043,0.8519999980926514,0.5285999774932861
YDR284C,YOR380W,0,-6.4801846,0.13878482580184937,0.8519999980926514,0.5286999940872192
YDR235W,YBR083W,0,-6.480246,0.1387622207403183,0.8519999980926514,0.5288000106811523
YDR208W,YHL036W,0,-6.4802575,0.13873961567878723,0.8519999980926514,0.5289000272750854
YPL161C,YAL002W,0,-6.480359,0.13871702551841736,0.8519999980926514,0.5289999842643738
YMR165C,YMR051C,0,-6.48038,0.13869445025920868,0.8519999980926514,0.5291000008583069
YOR281C,YIL109C,0,-6.480505,0.138671875,0.8519999980926514,0.52920001745224
YNL310C,YMR243C,0,-6.4805336,0.13864931464195251,0.8519999980926514,0.5292999744415283
YNL074C,YML029W,0,-6.4806595,0.13862675428390503,0.8519999980926514,0.5293999910354614
YNL075W,YDR464W,0,-6.480686,0.13860419392585754,0.8519999980926514,0.5295000076293945
YOR304W,YPL212C,0,-6.4807444,0.13858164846897125,0.8519999980926514,0.5296000242233276
YDR140W,YKL070W,0,-6.480811,0.13855911791324615,0.8519999980926514,0.529699981212616
YNL314W,YPR186C,1,-6.4809594,0.13869918882846832,0.8529999852180481,0.529699981212616
YER145C,YDR341C,0,-6.480988,0.13867664337158203,0.8529999852180481,0.5297999978065491
YOR007C,YJR009C,0,-6.481089,0.13865409791469574,0.8529999852180481,0.5299000144004822
YDR245W,YHR196W,0,-6.4811373,0.13863156735897064,0.8529999852180481,0.5299999713897705
YOR109W,YKL122C,0,-6.481171,0.13860903680324554,0.8529999852180481,0.5300999879837036
YJL122W,YDL052C,0,-6.481953,0.13858652114868164,0.8529999852180481,0.5302000045776367
YPR113W,YPL130W,0,-6.4822235,0.13856400549411774,0.8529999852180481,0.5303000211715698
YBL005W,YML052W,0,-6.4825106,0.13854150474071503,0.8529999852180481,0.5303999781608582
YMR072W,YPL032C,0,-6.482568,0.13851900398731232,0.8529999852180481,0.5304999947547913
YOR261C,YLR224W,0,-6.4825964,0.1384965032339096,0.8529999852180481,0.5306000113487244
YBR205W,YBR258C,0,-6.4826136,0.13847403228282928,0.8529999852180481,0.5307000279426575
YDR449C,YPL045W,0,-6.482721,0.13845154643058777,0.8529999852180481,0.5307999849319458
YMR198W,YLL018C-A,0,-6.4829016,0.13842907547950745,0.8529999852180481,0.5309000015258789
YDR037W,YJR126C,0,-6.482903,0.13840661942958832,0.8529999852180481,0.531000018119812
YJR135C,YIL077C,0,-6.483012,0.1383841633796692,0.8529999852180481,0.5310999751091003
YNL309W,YDR369C,0,-6.4832788,0.13836172223091125,0.8529999852180481,0.5311999917030334
YDR022C,YNL258C,0,-6.483453,0.13833928108215332,0.8529999852180481,0.5313000082969666
YHR053C,YBR237W,0,-6.483531,0.13831685483455658,0.8529999852180481,0.5314000248908997
YLR032W,YAR009C,0,-6.483816,0.13829442858695984,0.8529999852180481,0.531499981880188
YKL149C,YKL056C,0,-6.483949,0.1382720023393631,0.8529999852180481,0.5315999984741211
YDR093W,YDL148C,0,-6.4839935,0.13824959099292755,0.8529999852180481,0.5317000150680542
YBR023C,YOR168W,0,-6.4843073,0.1382271945476532,0.8529999852180481,0.5317999720573425
YMR177W,YGL051W,0,-6.484618,0.13820479810237885,0.8529999852180481,0.5318999886512756
YHR074W,YBR284W,0,-6.4847574,0.1381824016571045,0.8529999852180481,0.5320000052452087
YHR026W,YLL056C,0,-6.484828,0.13816002011299133,0.8529999852180481,0.5321000218391418
YIL125W,YNL229C,0,-6.484868,0.13813765347003937,0.8529999852180481,0.5321999788284302
YCL067C,YOL065C,0,-6.4849033,0.1381152868270874,0.8529999852180481,0.5322999954223633
YDL095W,YDR028C,0,-6.484906,0.13809292018413544,0.8529999852180481,0.5324000120162964
YOR014W,YDR308C,0,-6.4850583,0.13807056844234467,0.8529999852180481,0.5325000286102295
YFR034C,YMR218C,0,-6.4850645,0.1380482316017151,0.8529999852180481,0.5325999855995178
YER049W,YFL004W,0,-6.485074,0.1380258947610855,0.8529999852180481,0.5327000021934509
YPL157W,YOR083W,0,-6.485235,0.13800355792045593,0.8529999852180481,0.532800018787384
YER148W,YGL207W,1,-6.485247,0.13814300298690796,0.8539999723434448,0.532800018787384
YML019W,YOR014W,0,-6.485308,0.1381206512451172,0.8539999723434448,0.5328999757766724
YDR174W,YAR010C,0,-6.485525,0.1380983144044876,0.8539999723434448,0.5329999923706055
YOL033W,YMR197C,0,-6.485612,0.13807599246501923,0.8539999723434448,0.5331000089645386
YLR418C,YCL063W,0,-6.4857507,0.13805367052555084,0.8539999723434448,0.5332000255584717
YEL054C,YKL154W,0,-6.485767,0.13803136348724365,0.8539999723434448,0.53329998254776
YGR256W,YPR095C,0,-6.4858065,0.13800905644893646,0.8539999723434448,0.5333999991416931
YLR284C,YIL160C,0,-6.485995,0.13798674941062927,0.8539999723434448,0.5335000157356262
YDR335W,YOL105C,0,-6.4863157,0.13796445727348328,0.8539999723434448,0.5335999727249146
YHR058C,YML085C,0,-6.4867077,0.13794218003749847,0.8539999723434448,0.5336999893188477
YLR172C,YOR103C,0,-6.4870434,0.13791990280151367,0.8539999723434448,0.5338000059127808
YGL256W,YDR164C,0,-6.4872866,0.13789762556552887,0.8539999723434448,0.5339000225067139
YER019W,YIR021W,0,-6.4877133,0.13787536323070526,0.8539999723434448,0.5339999794960022
YNL286W,YAR010C,0,-6.48775,0.13785310089588165,0.8539999723434448,0.5340999960899353
YBR023C,YDR227W,0,-6.487753,0.13783085346221924,0.8539999723434448,0.5342000126838684
YPL119C,YDR171W,0,-6.48792,0.13780862092971802,0.8539999723434448,0.5343000292778015
YKR085C,YGL210W,0,-6.4880977,0.1377863883972168,0.8539999723434448,0.5343999862670898
YPL101W,YLR130C,0,-6.4881716,0.13776415586471558,0.8539999723434448,0.534500002861023
YNR016C,YDL143W,0,-6.4884553,0.13774193823337555,0.8539999723434448,0.534600019454956
YNL049C,YGL097W,0,-6.488473,0.13771972060203552,0.8539999723434448,0.5346999764442444
YML062C,YMR313C,0,-6.488638,0.1376975178718567,0.8539999723434448,0.5347999930381775
YER045C,YML015C,1,-6.488804,0.1378365308046341,0.8550000190734863,0.5347999930381775
YNR056C,YAL033W,0,-6.4889536,0.13781431317329407,0.8550000190734863,0.5349000096321106
YOR031W,YDL007W,0,-6.4889655,0.13779211044311523,0.8550000190734863,0.5350000262260437
YBL024W,YNL154C,0,-6.489025,0.1377698928117752,0.8550000190734863,0.535099983215332
YPR095C,YNL186W,0,-6.48906,0.13774770498275757,0.8550000190734863,0.5351999998092651
YPL275W,YML121W,0,-6.489169,0.13772551715373993,0.8550000190734863,0.5353000164031982
YMR275C,YOR080W,0,-6.4893837,0.1377033293247223,0.8550000190734863,0.5353999733924866
YGR166W,YCR035C,0,-6.489608,0.13768115639686584,0.8550000190734863,0.5354999899864197
YOR239W,YOL077W-A,0,-6.4897084,0.1376589983701706,0.8550000190734863,0.5356000065803528
YLR292C,YLR240W,0,-6.4901996,0.13763682544231415,0.8550000190734863,0.5357000231742859
YDR191W,YDR246W,0,-6.490244,0.1376146823167801,0.8550000190734863,0.5357999801635742
YBR119W,YDR300C,0,-6.4905396,0.13759253919124603,0.8550000190734863,0.5358999967575073
YNL016W,YOL129W,0,-6.490718,0.13757039606571198,0.8550000190734863,0.5360000133514404
YGL012W,YDR498C,0,-6.4907746,0.1375482678413391,0.8550000190734863,0.5360999703407288
YLR201C,YLR318W,0,-6.490982,0.13752613961696625,0.8550000190734863,0.5361999869346619
YGR060W,YLL061W,0,-6.4914165,0.13750402629375458,0.8550000190734863,0.536300003528595
YBL013W,YDR065W,0,-6.491551,0.1374819129705429,0.8550000190734863,0.5364000201225281
YLR292C,YLL024C,0,-6.4916596,0.13745979964733124,0.8550000190734863,0.5364999771118164
YGR229C,YIL017W,0,-6.4920716,0.13743771612644196,0.8550000190734863,0.5365999937057495
YDL145C,YJL204C,0,-6.4923306,0.13741561770439148,0.8550000190734863,0.5367000102996826
YMR097C,YNR011C,0,-6.492415,0.1373935341835022,0.8550000190734863,0.5368000268936157
YBL018C,YMR190C,0,-6.4925623,0.1373714655637741,0.8550000190734863,0.536899983882904
YKL060C,YDR091C,0,-6.4926357,0.13734939694404602,0.8550000190734863,0.5370000004768372
YLR074C,YDL040C,0,-6.4926944,0.13732734322547913,0.8550000190734863,0.5371000170707703
YBR039W,YNL309W,0,-6.4930186,0.13730528950691223,0.8550000190734863,0.5371999740600586
YLR192C,YGL144C,0,-6.4934688,0.13728323578834534,0.8550000190734863,0.5372999906539917
YNL328C,YGR181W,0,-6.493735,0.13726119697093964,0.8550000190734863,0.5374000072479248
YMR292W,YJL143W,0,-6.4937615,0.13723915815353394,0.8550000190734863,0.5375000238418579
YGL166W,YOR110W,1,-6.493843,0.13737763464450836,0.8560000061988831,0.5375000238418579
YLL042C,YEL065W,0,-6.494425,0.13735558092594147,0.8560000061988831,0.5375999808311462
YPL046C,YNL117W,0,-6.494521,0.13733354210853577,0.8560000061988831,0.5376999974250793
YKL150W,YOL009C,0,-6.494606,0.13731151819229126,0.8560000061988831,0.5378000140190125
YNR052C,YLR221C,0,-6.494623,0.13728949427604675,0.8560000061988831,0.5378999710083008
YGL020C,YHR005C,0,-6.4948215,0.13726748526096344,0.8560000061988831,0.5379999876022339
YDR346C,YLR301W,0,-6.4948874,0.13724547624588013,0.8560000061988831,0.538100004196167
YOR040W,YBR294W,0,-6.495036,0.13722346723079681,0.8560000061988831,0.5382000207901001
YOR386W,YBR294W,0,-6.4950566,0.1372014731168747,0.8560000061988831,0.5382999777793884
YDL065C,YPL258C,0,-6.4954042,0.13717949390411377,0.8560000061988831,0.5383999943733215
YDL115C,YGL104C,0,-6.495422,0.13715749979019165,0.8560000061988831,0.5385000109672546
YEL061C,YDR483W,0,-6.495837,0.13713553547859192,0.8560000061988831,0.5386000275611877
YGR004W,YOR004W,0,-6.495884,0.1371135711669922,0.8560000061988831,0.5386999845504761
YJR035W,YKL113C,0,-6.4959264,0.13709160685539246,0.8560000061988831,0.5388000011444092
YAL013W,YKR086W,0,-6.4960785,0.13706965744495392,0.8560000061988831,0.5389000177383423
YNR007C,YLR126C,0,-6.4963827,0.13704770803451538,0.8560000061988831,0.5389999747276306
YFR033C,YDR131C,0,-6.496484,0.13702577352523804,0.8560000061988831,0.5390999913215637
YPR143W,YML039W,0,-6.496602,0.1370038390159607,0.8560000061988831,0.5392000079154968
YMR092C,YBL003C,0,-6.496791,0.13698191940784454,0.8560000061988831,0.5393000245094299
YLR385C,YOL097C,0,-6.4969497,0.1369599997997284,0.8560000061988831,0.5393999814987183
YOL026C,YDR515W,0,-6.497369,0.13693809509277344,0.8560000061988831,0.5394999980926514
YER038C,YJR160C,0,-6.4975443,0.13691619038581848,0.8560000061988831,0.5396000146865845
YDR423C,YER109C,0,-6.497676,0.13689428567886353,0.8560000061988831,0.5396999716758728
YNL167C,YGL039W,0,-6.4977827,0.13687239587306976,0.8560000061988831,0.5397999882698059
YPR183W,YML094W,0,-6.497794,0.1368505209684372,0.8560000061988831,0.539900004863739
YLR052W,YNL007C,0,-6.4978366,0.13682864606380463,0.8560000061988831,0.5400000214576721
YKL073W,YDR523C,0,-6.4979486,0.13680677115917206,0.8560000061988831,0.5400999784469604
YPR183W,YER001W,0,-6.49796,0.13678491115570068,0.8560000061988831,0.5401999950408936
YGL111W,YLR452C,0,-6.497985,0.1367630660533905,0.8560000061988831,0.5403000116348267
YIL021W,YLR337W,0,-6.4981594,0.13674122095108032,0.8560000061988831,0.5404000282287598
YAL007C,YER127W,0,-6.4981976,0.13671937584877014,0.8560000061988831,0.5404999852180481
YDR272W,YER018C,0,-6.4982347,0.13669754564762115,0.8560000061988831,0.5406000018119812
YBR015C,YKL141W,0,-6.4984665,0.13667571544647217,0.8560000061988831,0.5407000184059143
YDR142C,YJL098W,0,-6.4986095,0.13665390014648438,0.8560000061988831,0.5407999753952026
YHR193C,YPL055C,0,-6.4987392,0.13663208484649658,0.8560000061988831,0.5408999919891357
YLR105C,YCL020W,0,-6.498745,0.13661028444766998,0.8560000061988831,0.5410000085830688
YPL117C,YGR009C,0,-6.498879,0.13658848404884338,0.8560000061988831,0.541100025177002
YNL206C,YGR111W,0,-6.4989376,0.13656668365001678,0.8560000061988831,0.5411999821662903
YER014C-A,YLR430W,0,-6.4991236,0.13654489815235138,0.8560000061988831,0.5412999987602234
YAL053W,YOL148C,0,-6.4992027,0.13652312755584717,0.8560000061988831,0.5414000153541565
YPR008W,YGL207W,1,-6.499497,0.13666081428527832,0.8569999933242798,0.5414000153541565
YOR253W,YDR135C,0,-6.4995823,0.13663902878761292,0.8569999933242798,0.5414999723434448
YPR138C,YNR032W,0,-6.4997134,0.1366172432899475,0.8569999933242798,0.5415999889373779
YLR270W,YDL093W,0,-6.4997263,0.1365954726934433,0.8569999933242798,0.541700005531311
YPL267W,YDR079W,0,-6.5000744,0.1365737020969391,0.8569999933242798,0.5418000221252441
YPL095C,YNL325C,0,-6.5000772,0.13655194640159607,0.8569999933242798,0.5418999791145325
YDL002C,YPL179W,0,-6.50008,0.13653019070625305,0.8569999933242798,0.5419999957084656
YER171W,YOL067C,1,-6.5002556,0.13666772842407227,0.8579999804496765,0.5419999957084656
YCR008W,YOL129W,0,-6.5002694,0.13664595782756805,0.8579999804496765,0.5421000123023987
YEL022W,YCR020C,0,-6.5004168,0.13662420213222504,0.8579999804496765,0.5422000288963318
YBR042C,YIL017W,0,-6.5004406,0.13660244643688202,0.8579999804496765,0.5422999858856201
YGR254W,YDR276C,0,-6.5006857,0.1365807056427002,0.8579999804496765,0.5424000024795532
YER056C,YBR037C,0,-6.500746,0.13655896484851837,0.8579999804496765,0.5425000190734863
YHR176W,YDL130W-A,0,-6.5007987,0.13653723895549774,0.8579999804496765,0.5425999760627747
YIR011C,YOR008C-A,0,-6.5008,0.1365155130624771,0.8579999804496765,0.5426999926567078
YDR512C,YDL077C,0,-6.5008025,0.13649380207061768,0.8579999804496765,0.5428000092506409
YIL103W,YLR355C,0,-6.5011554,0.13647209107875824,0.8579999804496765,0.542900025844574
YNL015W,YJL059W,0,-6.5013256,0.1364503800868988,0.8579999804496765,0.5429999828338623
YGL208W,YJL074C,0,-6.5013676,0.13642868399620056,0.8579999804496765,0.5430999994277954
YPR124W,YER041W,0,-6.5014057,0.13640698790550232,0.8579999804496765,0.5432000160217285
YBR009C,YNR043W,0,-6.501421,0.13638530671596527,0.8579999804496765,0.5432999730110168
YLR268W,YDR160W,0,-6.5016384,0.13636364042758942,0.8579999804496765,0.54339998960495
YHR065C,YMR266W,0,-6.5016413,0.13634197413921356,0.8579999804496765,0.5435000061988831
YFL021W,YPR086W,1,-6.5018654,0.1364791840314865,0.859000027179718,0.5435000061988831
YBL102W,YLR092W,0,-6.5020094,0.13645750284194946,0.859000027179718,0.5436000227928162
YPR120C,YJL121C,0,-6.502017,0.1364358365535736,0.859000027179718,0.5436999797821045
YPL001W,YPR191W,0,-6.502276,0.13641417026519775,0.859000027179718,0.5437999963760376
YBR161W,YHR081W,0,-6.502331,0.1363925039768219,0.859000027179718,0.5439000129699707
YEL053C,YDR353W,0,-6.5024614,0.13637085258960724,0.859000027179718,0.5440000295639038
YGL254W,YML131W,0,-6.5025063,0.13634920120239258,0.859000027179718,0.5440999865531921
YLR425W,YLR360W,0,-6.5025454,0.1363275647163391,0.859000027179718,0.5442000031471252
YGR070W,YGR080W,0,-6.502648,0.13630592823028564,0.859000027179718,0.5443000197410583
YGL071W,YGR144W,0,-6.503169,0.13628430664539337,0.859000027179718,0.5443999767303467
YER122C,YOR020C,0,-6.5033107,0.1362626850605011,0.859000027179718,0.5444999933242798
YLR377C,YKL068W,0,-6.503539,0.13624107837677002,0.859000027179718,0.5446000099182129
YKR067W,YDL085W,0,-6.5037537,0.13621947169303894,0.859000027179718,0.544700026512146
YGR264C,YDR397C,0,-6.5038385,0.13619787991046906,0.859000027179718,0.5447999835014343
YLR355C,YJR120W,0,-6.5038614,0.13617628812789917,0.859000027179718,0.5449000000953674
YHR148W,YDR381W,0,-6.5039787,0.13615469634532928,0.859000027179718,0.5450000166893005
YGL016W,YJL013C,0,-6.5042024,0.1361331194639206,0.859000027179718,0.5450999736785889
YPL217C,YPR031W,0,-6.504301,0.1361115574836731,0.859000027179718,0.545199990272522
YHR142W,YKR063C,0,-6.504416,0.1360899806022644,0.859000027179718,0.5453000068664551
YLR431C,YDR393W,0,-6.504588,0.1360684335231781,0.859000027179718,0.5454000234603882
YDL036C,YCR031C,0,-6.50479,0.1360468864440918,0.859000027179718,0.5454999804496765
YGL021W,YNL207W,0,-6.505028,0.1360253393650055,0.859000027179718,0.5455999970436096
YGR267C,YGR192C,0,-6.505084,0.13600380718708038,0.859000027179718,0.5457000136375427
YOL116W,YDR260C,0,-6.505222,0.13598227500915527,0.859000027179718,0.545799970626831
YAL001C,YGR186W,1,-6.5058923,0.1361190229654312,0.8600000143051147,0.545799970626831
YHR086W,YJL138C,0,-6.5058994,0.1360974907875061,0.8600000143051147,0.5458999872207642
YGL213C,YDL077C,0,-6.506028,0.1360759437084198,0.8600000143051147,0.5460000038146973
YML077W,YER106W,0,-6.5061316,0.13605442643165588,0.8600000143051147,0.5461000204086304
YGR217W,YLR150W,0,-6.506298,0.13603289425373077,0.8600000143051147,0.5461999773979187
YER044C,YBR127C,0,-6.5063977,0.13601139187812805,0.8600000143051147,0.5462999939918518
YIL124W,YKL026C,0,-6.5064034,0.13598987460136414,0.8600000143051147,0.5464000105857849
YNL110C,YMR077C,0,-6.506432,0.1359683722257614,0.8600000143051147,0.546500027179718
YOR185C,YGR238C,0,-6.5065374,0.13594688475131989,0.8600000143051147,0.5465999841690063
YOR260W,YMR255W,0,-6.506668,0.13592539727687836,0.8600000143051147,0.5467000007629395
YGL207W,YNL222W,1,-6.506897,0.13606195151805878,0.8610000014305115,0.5467000007629395
YLR382C,YGR296W,0,-6.5069923,0.13604044914245605,0.8610000014305115,0.5468000173568726
YGL027C,YNL090W,0,-6.5071325,0.13601896166801453,0.8610000014305115,0.5468999743461609
YCL027W,YPL193W,0,-6.5072627,0.135997474193573,0.8610000014305115,0.546999990940094
YBR237W,YKL080W,0,-6.507403,0.13597600162029266,0.8610000014305115,0.5471000075340271
YIL112W,YNL173C,0,-6.508068,0.13595452904701233,0.8610000014305115,0.5472000241279602
YKL009W,YBL100W-A,0,-6.508209,0.135933056473732,0.8610000014305115,0.5472999811172485
YHR129C,YDR463W,0,-6.5083017,0.13591159880161285,0.8610000014305115,0.5473999977111816
YLR285W,YIR006C,0,-6.5084205,0.1358901560306549,0.8610000014305115,0.5475000143051147
YPR093C,YLR310C,0,-6.508536,0.13586871325969696,0.8610000014305115,0.5475999712944031
YCL035C,YHR135C,0,-6.5087,0.135847270488739,0.8610000014305115,0.5476999878883362
YLR098C,YGR028W,0,-6.5087943,0.13582584261894226,0.8610000014305115,0.5478000044822693
YDR172W,YPL283C,0,-6.508805,0.1358044147491455,0.8610000014305115,0.5479000210762024
YML071C,YOL122C,0,-6.508814,0.13578300178050995,0.8610000014305115,0.5479999780654907
YLR377C,YDR309C,0,-6.508838,0.1357615888118744,0.8610000014305115,0.5480999946594238
YGR230W,YGL051W,0,-6.508938,0.13574019074440002,0.8610000014305115,0.5482000112533569
YER014C-A,YJL128C,0,-6.509027,0.13571879267692566,0.8610000014305115,0.54830002784729
YHR053C,YLL034C,0,-6.509057,0.1356973946094513,0.8610000014305115,0.5483999848365784
YOR198C,YLR417W,0,-6.509202,0.13567601144313812,0.8610000014305115,0.5485000014305115
YFR053C,YIL122W,0,-6.5092845,0.13565464317798615,0.8610000014305115,0.5486000180244446
YDL148C,YFR034C,0,-6.509473,0.13563327491283417,0.8610000014305115,0.5486999750137329
YBR095C,YJL012C-A,0,-6.5097275,0.1356119066476822,0.8610000014305115,0.548799991607666
YKR037C,YFL004W,0,-6.510026,0.1355905532836914,0.8610000014305115,0.5489000082015991
YGR225W,YFR005C,0,-6.510042,0.13556919991970062,0.8610000014305115,0.5490000247955322
YNL270C,YJL085W,0,-6.5101104,0.13554786145687103,0.8610000014305115,0.5490999817848206
YBR042C,YGL222C,0,-6.5102296,0.13552652299404144,0.8610000014305115,0.5491999983787537
YPR008W,YAL001C,1,-6.5104294,0.13566257059574127,0.8619999885559082,0.5491999983787537
YDR021W,YPL204W,0,-6.5108204,0.13564123213291168,0.8619999885559082,0.5493000149726868
YGL116W,YGR111W,0,-6.5110083,0.1356198936700821,0.8619999885559082,0.5493999719619751
YFL034C-B,YHR050W,0,-6.5117083,0.1355985552072525,0.8619999885559082,0.5494999885559082
YGL219C,YLR105C,0,-6.511793,0.1355772316455841,0.8619999885559082,0.5496000051498413
YKR052C,YLR032W,0,-6.511824,0.1355559080839157,0.8619999885559082,0.5497000217437744
YPR065W,YHR020W,0,-6.5118275,0.13553458452224731,0.8619999885559082,0.5497999787330627
YDR062W,YPL258C,0,-6.511919,0.1355132907629013,0.8619999885559082,0.5498999953269958
YGL090W,YGR144W,0,-6.5120554,0.1354919821023941,0.8619999885559082,0.550000011920929
YHR012W,YER160C,0,-6.5121803,0.1354706883430481,0.8619999885559082,0.5501000285148621
YPL177C,YGR005C,1,-6.512424,0.1356065422296524,0.8629999756813049,0.5501000285148621
YJL029C,YPR107C,0,-6.512478,0.1355852335691452,0.8629999756813049,0.5501999855041504
YGL013C,YPL144W,0,-6.512519,0.1355639398097992,0.8629999756813049,0.5503000020980835
YOL077W-A,YER126C,0,-6.5126305,0.13554264605045319,0.8629999756813049,0.5504000186920166
YHR055C,YBL034C,0,-6.5128274,0.13552135229110718,0.8629999756813049,0.5504999756813049
YBR199W,YOL094C,0,-6.513073,0.13550007343292236,0.8629999756813049,0.550599992275238
YPL082C,YHR034C,0,-6.5131073,0.13547880947589874,0.8629999756813049,0.5507000088691711
YOR038C,YMR073C,0,-6.513116,0.13545754551887512,0.8629999756813049,0.5508000254631042
YHR011W,YDL013W,0,-6.513371,0.1354362815618515,0.8629999756813049,0.5508999824523926
YIL056W,YKL080W,0,-6.5140624,0.13541503250598907,0.8629999756813049,0.5509999990463257
YER045C,YGL207W,1,-6.5143394,0.13555067777633667,0.8640000224113464,0.5509999990463257
YMR072W,YDL044C,0,-6.514579,0.13552941381931305,0.8640000224113464,0.5511000156402588
YCL026C-A,YMR051C,0,-6.5145817,0.13550814986228943,0.8640000224113464,0.5511999726295471
YMR041C,YNL045W,0,-6.5146227,0.135486900806427,0.8640000224113464,0.5512999892234802
YDR108W,YLR113W,0,-6.514744,0.13546566665172577,0.8640000224113464,0.5514000058174133
YBR004C,YKL154W,0,-6.5149946,0.13544443249702454,0.8640000224113464,0.5515000224113464
YGR268C,YNR064C,0,-6.515265,0.1354231983423233,0.8640000224113464,0.5515999794006348
YOR113W,YGL068W,0,-6.515356,0.13540197908878326,0.8640000224113464,0.5516999959945679
YLR105C,YOR007C,0,-6.515568,0.13538075983524323,0.8640000224113464,0.551800012588501
YLR155C,YDR072C,0,-6.515876,0.13535955548286438,0.8640000224113464,0.5519000291824341
YIR028W,YPL262W,0,-6.5159445,0.13533835113048553,0.8640000224113464,0.5519999861717224
YPR025C,YAL001C,1,-6.5159965,0.13547377288341522,0.8650000095367432,0.5519999861717224
YBR243C,YIL095W,0,-6.516281,0.13545255362987518,0.8650000095367432,0.5521000027656555
YMR055C,YOR145C,0,-6.516432,0.13543134927749634,0.8650000095367432,0.5522000193595886
YNL293W,YBL018C,0,-6.5165005,0.1354101449251175,0.8650000095367432,0.552299976348877
YHR060W,YOL128C,0,-6.5165396,0.13538895547389984,0.8650000095367432,0.5523999929428101
YFR019W,YOR008C-A,0,-6.5166407,0.1353677660226822,0.8650000095367432,0.5525000095367432
YGR036C,YNL023C,0,-6.5173693,0.13534657657146454,0.8650000095367432,0.5526000261306763
YLR259C,YIL138C,0,-6.517445,0.13532540202140808,0.8650000095367432,0.5526999831199646
YNL314W,YBR198C,1,-6.5176654,0.13546065986156464,0.8659999966621399,0.5526999831199646
YNL314W,YGR186W,1,-6.517937,0.1355958729982376,0.8669999837875366,0.5526999831199646
YHL038C,YCL001W,0,-6.5184555,0.13557466864585876,0.8669999837875366,0.5527999997138977
YLR260W,YEL020W-A,0,-6.518567,0.13555346429347992,0.8669999837875366,0.5529000163078308
YMR029C,YCR028C,0,-6.5186224,0.13553227484226227,0.8669999837875366,0.5529999732971191
YGL033W,YDL005C,0,-6.518884,0.1355111002922058,0.8669999837875366,0.5530999898910522
YIL040W,YGL067W,0,-6.519058,0.13548992574214935,0.8669999837875366,0.5532000064849854
YDR150W,YJL002C,0,-6.519082,0.1354687511920929,0.8669999837875366,0.5533000230789185
YFL021W,YDR311W,1,-6.5191636,0.13560381531715393,0.8679999709129333,0.5533000230789185
YGR036C,YPL021W,0,-6.5193243,0.13558262586593628,0.8679999709129333,0.5533999800682068
YJL186W,YNR064C,0,-6.5193734,0.13556145131587982,0.8679999709129333,0.5534999966621399
YBL018C,YML040W,0,-6.5196495,0.13554029166698456,0.8679999709129333,0.553600013256073
YGR037C,YOR081C,0,-6.5196733,0.1355191320180893,0.8679999709129333,0.5536999702453613
YIR021W,YMR022W,0,-6.5196953,0.13549797236919403,0.8679999709129333,0.5537999868392944
YFR037C,YMR093W,0,-6.5198174,0.13547682762145996,0.8679999709129333,0.5539000034332275
YPR010C,YDR393W,0,-6.520028,0.1354556828737259,0.8679999709129333,0.5540000200271606
YDR494W,YNL246W,0,-6.520108,0.13543453812599182,0.8679999709129333,0.554099977016449
YOL010W,YLR059C,0,-6.52015,0.13541342318058014,0.8679999709129333,0.5541999936103821
YOR346W,YDR451C,0,-6.5204535,0.13539229333400726,0.8679999709129333,0.5543000102043152
YKL073W,YKL029C,0,-6.5207148,0.13537117838859558,0.8679999709129333,0.5544000267982483
YNL233W,YGR284C,0,-6.5208015,0.1353500634431839,0.8679999709129333,0.5544999837875366
YCL054W,YCL020W,0,-6.521135,0.1353289633989334,0.8679999709129333,0.5546000003814697
YOR340C,YCR102C,0,-6.521235,0.13530787825584412,0.8679999709129333,0.5547000169754028
YLR385C,YML028W,0,-6.5212765,0.13528677821159363,0.8679999709129333,0.5547999739646912
YGL035C,YCR044C,0,-6.5213337,0.13526569306850433,0.8679999709129333,0.5548999905586243
YNL091W,YOR313C,0,-6.521357,0.13524462282657623,0.8679999709129333,0.5550000071525574
YNL312W,YDR293C,0,-6.5214977,0.13522355258464813,0.8679999709129333,0.5551000237464905
YLR214W,YAR009C,0,-6.5216827,0.13520249724388123,0.8679999709129333,0.5551999807357788
YEL050C,YDR058C,0,-6.521822,0.13518144190311432,0.8679999709129333,0.5552999973297119
YGR188C,YMR255W,0,-6.521847,0.1351603865623474,0.8679999709129333,0.555400013923645
YPL178W,YOR180C,0,-6.5218706,0.1351393461227417,0.8679999709129333,0.5554999709129333
YGL067W,YOR014W,0,-6.5221896,0.135118305683136,0.8679999709129333,0.5555999875068665
YNR033W,YJR158W,0,-6.5228815,0.13509728014469147,0.8679999709129333,0.5557000041007996
YMR165C,YMR197C,0,-6.523003,0.13507625460624695,0.8679999709129333,0.5558000206947327
YDL077C,YOR129C,0,-6.5231256,0.13505522906780243,0.8679999709129333,0.555899977684021
YDR254W,YPL124W,0,-6.5231504,0.1350342184305191,0.8679999709129333,0.5559999942779541
YAL013W,YOR080W,0,-6.523365,0.13501322269439697,0.8679999709129333,0.5561000108718872
YPL242C,YPR162C,0,-6.523369,0.13499222695827484,0.8679999709129333,0.5562000274658203
YOR020C,YDR388W,0,-6.523441,0.1349712312221527,0.8679999709129333,0.5562999844551086
YPL098C,YJL164C,0,-6.523547,0.13495025038719177,0.8679999709129333,0.5564000010490417
YLR102C,YPR201W,0,-6.523567,0.13492926955223083,0.8679999709129333,0.5565000176429749
YBL050W,YLR398C,0,-6.5237393,0.1349083036184311,0.8679999709129333,0.5565999746322632
YBL033C,YLR362W,0,-6.523799,0.13488733768463135,0.8679999709129333,0.5566999912261963
YAL007C,YBR002C,0,-6.52425,0.1348663717508316,0.8679999709129333,0.5568000078201294
YPL135W,YMR065W,0,-6.5242963,0.13484542071819305,0.8679999709129333,0.5569000244140625
YNL059C,YGR054W,0,-6.5244875,0.1348244845867157,0.8679999709129333,0.5569999814033508
YNR019W,YDR071C,0,-6.524524,0.13480353355407715,0.8679999709129333,0.5570999979972839
YPL169C,YOR182C,0,-6.5247555,0.134782612323761,0.8679999709129333,0.557200014591217
YHL020C,YDR425W,0,-6.5250273,0.13476167619228363,0.8679999709129333,0.5572999715805054
YGL022W,YIL063C,0,-6.525053,0.13474076986312866,0.8679999709129333,0.5573999881744385
YDL085W,YPR103W,0,-6.5251355,0.1347198486328125,0.8679999709129333,0.5575000047683716
YDL085W,YMR231W,0,-6.5254827,0.13469894230365753,0.8679999709129333,0.5576000213623047
YBR158W,YIL049W,0,-6.525531,0.13467805087566376,0.8679999709129333,0.557699978351593
YKL032C,YLR292C,0,-6.5258126,0.1346571445465088,0.8679999709129333,0.5577999949455261
YBL098W,YFL005W,0,-6.5258656,0.1346362680196762,0.8679999709129333,0.5579000115394592
YLR397C,YAL013W,0,-6.52591,0.13461539149284363,0.8679999709129333,0.5580000281333923
YMR186W,YOR269W,0,-6.5259867,0.13459451496601105,0.8679999709129333,0.5580999851226807
YGL256W,YLL027W,0,-6.5262356,0.13457363843917847,0.8679999709129333,0.5582000017166138
YAL031C,YGR165W,0,-6.526348,0.13455277681350708,0.8679999709129333,0.5583000183105469
YCL035C,YMR004W,0,-6.5264444,0.1345319300889969,0.8679999709129333,0.5583999752998352
YMR227C,YKL058W,1,-6.526512,0.13466604053974152,0.8690000176429749,0.5583999752998352
YFL055W,YNL281W,0,-6.5265675,0.13464517891407013,0.8690000176429749,0.5584999918937683
YNL135C,YER105C,0,-6.526702,0.13462431728839874,0.8690000176429749,0.5586000084877014
YOR188W,YHR038W,0,-6.526944,0.13460347056388855,0.8690000176429749,0.5587000250816345
YML123C,YBL102W,0,-6.526951,0.13458262383937836,0.8690000176429749,0.5587999820709229
YML078W,YMR133W,0,-6.5270214,0.13456177711486816,0.8690000176429749,0.558899998664856
YFL021W,YGL112C,1,-6.5270634,0.13469576835632324,0.8700000047683716,0.558899998664856
YER044C-A,YIL039W,0,-6.5272503,0.13467492163181305,0.8700000047683716,0.5590000152587891
YBR041W,YDR310C,0,-6.5272923,0.13465407490730286,0.8700000047683716,0.5590999722480774
YDR121W,YLR291C,0,-6.527858,0.13463324308395386,0.8700000047683716,0.5591999888420105
YHR026W,YDR092W,0,-6.527897,0.13461241126060486,0.8700000047683716,0.5593000054359436
YML071C,YNL173C,0,-6.527932,0.13459157943725586,0.8700000047683716,0.5594000220298767
YIR021W,YML107C,0,-6.5279446,0.13457076251506805,0.8700000047683716,0.559499979019165
YKL112W,YDL137W,0,-6.5280623,0.13454996049404144,0.8700000047683716,0.5595999956130981
YLR285W,YDR324C,0,-6.528384,0.13452914357185364,0.8700000047683716,0.5597000122070312
YGL172W,YDR202C,0,-6.5283947,0.13450834155082703,0.8700000047683716,0.5598000288009644
YPL221W,YOR301W,0,-6.5284204,0.1344875544309616,0.8700000047683716,0.5598999857902527
YNL314W,YPL011C,1,-6.5285587,0.13462132215499878,0.8709999918937683,0.5598999857902527
YGR217W,YPL124W,0,-6.5287066,0.13460052013397217,0.8709999918937683,0.5600000023841858
YNR032W,YEL020W-A,0,-6.528721,0.13457973301410675,0.8709999918937683,0.5601000189781189
YJR049C,YDR372C,0,-6.528835,0.13455893099308014,0.8709999918937683,0.5601999759674072
YOR245C,YEL016C,0,-6.528867,0.13453815877437592,0.8709999918937683,0.5602999925613403
YEL027W,YBL005W,0,-6.5289216,0.1345173716545105,0.8709999918937683,0.5604000091552734
YGL211W,YOR287C,0,-6.5289984,0.13449659943580627,0.8709999918937683,0.5605000257492065
YKL089W,YPR164W,0,-6.5290546,0.13447584211826324,0.8709999918937683,0.5605999827384949
YNL314W,YNL222W,1,-6.5290747,0.13460944592952728,0.871999979019165,0.5605999827384949
YAL035W,YDR532C,0,-6.5291934,0.13458867371082306,0.871999979019165,0.560699999332428
YEL003W,YCR020C,0,-6.529255,0.13456790149211884,0.871999979019165,0.5608000159263611
YBR022W,YDR077W,0,-6.5292573,0.1345471441745758,0.871999979019165,0.5608999729156494
YGL090W,YGL094C,0,-6.529399,0.13452638685703278,0.871999979019165,0.5609999895095825
YMR204C,YKR052C,0,-6.529725,0.13450562953948975,0.871999979019165,0.5611000061035156
YNL148C,YGL245W,0,-6.530104,0.1344848871231079,0.871999979019165,0.5612000226974487
YGL151W,YNL007C,0,-6.5301933,0.13446414470672607,0.871999979019165,0.5612999796867371
YBL074C,YCR060W,0,-6.530449,0.13444341719150543,0.871999979019165,0.5613999962806702
YHR169W,YKL041W,0,-6.53046,0.1344226896762848,0.871999979019165,0.5615000128746033
YGR097W,YCL020W,0,-6.5307574,0.13440197706222534,0.871999979019165,0.5616000294685364
YEL066W,YGR156W,0,-6.530902,0.1343812644481659,0.871999979019165,0.5616999864578247
YFL025C,YGR285C,0,-6.530983,0.13436055183410645,0.871999979019165,0.5618000030517578
YLR113W,YDR427W,0,-6.5311093,0.1343398541212082,0.871999979019165,0.5619000196456909
YDR060W,YPR131C,0,-6.5316286,0.13431915640830994,0.871999979019165,0.5619999766349792
YMR287C,YOR068C,0,-6.5316477,0.13429847359657288,0.871999979019165,0.5620999932289124
YJL209W,YDR469W,0,-6.531879,0.13427779078483582,0.871999979019165,0.5622000098228455
YDR277C,YGL039W,0,-6.5319233,0.13425712287425995,0.871999979019165,0.5623000264167786
YKL043W,YOL028C,0,-6.5326014,0.13423645496368408,0.871999979019165,0.5623999834060669
YGR003W,YHR214C-B,0,-6.5328197,0.13421578705310822,0.871999979019165,0.5625
YAL042W,YOR081C,0,-6.5328774,0.13419513404369354,0.871999979019165,0.5626000165939331
YLR043C,YBL100W-A,0,-6.5330806,0.13417448103427887,0.871999979019165,0.5626999735832214
YJL098W,YDR322C-A,0,-6.5333195,0.1341538429260254,0.871999979019165,0.5627999901771545
YPR008W,YGL112C,1,-6.533367,0.134287029504776,0.8730000257492065,0.5627999901771545
YNR056C,YAL031C,0,-6.533552,0.13426637649536133,0.8730000257492065,0.5629000067710876
YDL137W,YPL112C,0,-6.53364,0.13424573838710785,0.8730000257492065,0.5630000233650208
YCL025C,YGL195W,0,-6.533697,0.13422508537769318,0.8730000257492065,0.5630999803543091
YDL040C,YJL173C,0,-6.533762,0.1342044621706009,0.8730000257492065,0.5631999969482422
YNL172W,YGR268C,0,-6.5338364,0.1341838240623474,0.8730000257492065,0.5633000135421753
YKL060C,YOR346W,0,-6.5339575,0.13416321575641632,0.8730000257492065,0.5633999705314636
YHR164C,YPR094W,0,-6.5343676,0.13414259254932404,0.8730000257492065,0.5634999871253967
YOR198C,YOR204W,0,-6.5345287,0.13412198424339294,0.8730000257492065,0.5636000037193298
YPL231W,YML064C,0,-6.5345383,0.13410137593746185,0.8730000257492065,0.5637000203132629
YHR197W,YEL026W,0,-6.534603,0.13408078253269196,0.8730000257492065,0.5637999773025513
YDR484W,YDR341C,0,-6.5348186,0.13406018912792206,0.8730000257492065,0.5638999938964844
YPL137C,YMR026C,0,-6.5348597,0.13403961062431335,0.8730000257492065,0.5640000104904175
YNR013C,YFL058W,0,-6.5349236,0.13401903212070465,0.8730000257492065,0.5641000270843506
YHR053C,YKL074C,0,-6.535076,0.13399846851825714,0.8730000257492065,0.5641999840736389
YJL128C,YBL106C,0,-6.535097,0.13397790491580963,0.8730000257492065,0.564300000667572
YDR412W,YPL041C,0,-6.5354214,0.13395734131336212,0.8730000257492065,0.5644000172615051
YHR116W,YLR324W,0,-6.535589,0.1339367926120758,0.8730000257492065,0.5644999742507935
YMR116C,YDR165W,0,-6.535602,0.1339162439107895,0.8730000257492065,0.5645999908447266
YPL091W,YIL085C,0,-6.535756,0.13389571011066437,0.8730000257492065,0.5647000074386597
YPR007C,YHR012W,0,-6.535786,0.13387517631053925,0.8730000257492065,0.5648000240325928
YHR094C,YBL079W,0,-6.535802,0.13385464251041412,0.8730000257492065,0.5648999810218811
YGL124C,YBL051C,0,-6.5360765,0.1338341236114502,0.8730000257492065,0.5649999976158142
YPL058C,YLR425W,0,-6.5361195,0.13381360471248627,0.8730000257492065,0.5651000142097473
YPL163C,YLR301W,0,-6.5361223,0.13379310071468353,0.8730000257492065,0.5651999711990356
YDL192W,YNL097C,0,-6.536132,0.1337725967168808,0.8730000257492065,0.5652999877929688
YOL067C,YAL001C,1,-6.5363026,0.1339053213596344,0.8740000128746033,0.5652999877929688
YER171W,YAL001C,1,-6.5363827,0.13403798639774323,0.875,0.5652999877929688
YBL074C,YHL028W,0,-6.5366335,0.1340174674987793,0.875,0.5654000043869019
YGL166W,YOL067C,1,-6.536817,0.13415007293224335,0.8759999871253967,0.5654000043869019
YML057W,YER013W,0,-6.5371833,0.13412953913211823,0.8759999871253967,0.565500020980835
YPL042C,YNL213C,0,-6.5372853,0.1341090053319931,0.8759999871253967,0.5655999779701233
YGR213C,YDR293C,0,-6.5373507,0.13408847153186798,0.8759999871253967,0.5656999945640564
YOL059W,YGR028W,0,-6.537393,0.13406795263290405,0.8759999871253967,0.5658000111579895
YML075C,YNL029C,0,-6.5375247,0.13404743373394012,0.8759999871253967,0.5659000277519226
YDL245C,YDR018C,0,-6.538224,0.1340269297361374,0.8759999871253967,0.5659999847412109
YDR036C,YJR141W,0,-6.5382743,0.13400642573833466,0.8759999871253967,0.566100001335144
YGL033W,YML027W,0,-6.5384903,0.13398592174053192,0.8759999871253967,0.5662000179290771
YDR163W,YPL235W,0,-6.538697,0.13396543264389038,0.8759999871253967,0.5662999749183655
YMR182C,YER029C,0,-6.5387573,0.13394495844841003,0.8759999871253967,0.5663999915122986
YER142C,YJR144W,0,-6.538843,0.1339244693517685,0.8759999871253967,0.5665000081062317
YBR247C,YNL201C,0,-6.538942,0.13390401005744934,0.8759999871253967,0.5666000247001648
YPL235W,YOR007C,0,-6.5390363,0.133883535861969,0.8759999871253967,0.5666999816894531
YLR380W,YNL294C,0,-6.5391016,0.13386307656764984,0.8759999871253967,0.5667999982833862
YPL095C,YPL118W,0,-6.5391474,0.13384263217449188,0.8759999871253967,0.5669000148773193
YGL191W,YMR231W,0,-6.5394096,0.13382218778133392,0.8759999871253967,0.5669999718666077
YGR014W,YDL058W,0,-6.539508,0.13380174338817596,0.8759999871253967,0.5670999884605408
YDR298C,YNL126W,0,-6.5398235,0.1337813138961792,0.8759999871253967,0.5672000050544739
YBL051C,YDR235W,0,-6.5401306,0.13376088440418243,0.8759999871253967,0.567300021648407
YCR027C,YDR146C,0,-6.5401673,0.13374045491218567,0.8759999871253967,0.5673999786376953
YGL005C,YGR213C,0,-6.5402,0.1337200403213501,0.8759999871253967,0.5674999952316284
YGL047W,YKL175W,0,-6.5405846,0.13369964063167572,0.8759999871253967,0.5676000118255615
YPR030W,YGL084C,0,-6.540659,0.13367922604084015,0.8759999871253967,0.5677000284194946
YPR025C,YGL166W,1,-6.5406847,0.13381141424179077,0.8769999742507935,0.5677000284194946
YJL148W,YOL020W,0,-6.540696,0.1337909996509552,0.8769999742507935,0.567799985408783
YML093W,YDR200C,0,-6.541105,0.13377058506011963,0.8769999742507935,0.5679000020027161
YGL012W,YLR034C,0,-6.5411053,0.13375018537044525,0.8769999742507935,0.5680000185966492
YOR047C,YKL119C,0,-6.5411205,0.13372980058193207,0.8769999742507935,0.5680999755859375
YLR047C,YJR132W,0,-6.541127,0.1337094008922577,0.8769999742507935,0.5681999921798706
YLL061W,YCL020W,0,-6.54121,0.1336890310049057,0.8769999742507935,0.5683000087738037
YGL171W,YDR400W,0,-6.541338,0.13366864621639252,0.8769999742507935,0.5684000253677368
YFL021W,YPR056W,1,-6.541355,0.13380067050457,0.878000020980835,0.5684000253677368
YDR483W,YIR041W,0,-6.541379,0.13378028571605682,0.878000020980835,0.5684999823570251
YIL065C,YML097C,0,-6.541383,0.13375990092754364,0.878000020980835,0.5685999989509583
YMR288W,YPL106C,0,-6.54163,0.13373953104019165,0.878000020980835,0.5687000155448914
YBL082C,YDR312W,0,-6.5416822,0.13371916115283966,0.878000020980835,0.5687999725341797
YHR176W,YNL334C,0,-6.541935,0.13369879126548767,0.878000020980835,0.5688999891281128
YDR022C,YAL068C,0,-6.542021,0.13367843627929688,0.878000020980835,0.5690000057220459
YFR019W,YLR035C,0,-6.5422482,0.13365809619426727,0.878000020980835,0.569100022315979
YKL182W,YLL061W,0,-6.542802,0.13363774120807648,0.878000020980835,0.5691999793052673
YNR016C,YLL018C-A,0,-6.542818,0.13361741602420807,0.878000020980835,0.5692999958992004
YFR021W,YGR202C,0,-6.542874,0.13359707593917847,0.878000020980835,0.5694000124931335
YJL208C,YGR054W,0,-6.5431247,0.13357675075531006,0.878000020980835,0.5695000290870667
YGR128C,YEL057C,0,-6.5432158,0.13355644047260284,0.878000020980835,0.569599986076355
YOR355W,YGL257C,0,-6.5432844,0.13353611528873444,0.878000020980835,0.5697000026702881
YFL021W,YML015C,1,-6.5438633,0.13366788625717163,0.8790000081062317,0.5697000026702881
YBR161W,YML065W,0,-6.5439773,0.13364756107330322,0.8790000081062317,0.5698000192642212
YML078W,YLR386W,0,-6.543997,0.13362723588943481,0.8790000081062317,0.5698999762535095
YER042W,YGR099W,0,-6.543998,0.1336069256067276,0.8790000081062317,0.5699999928474426
YOR237W,YOR085W,0,-6.5440483,0.13358663022518158,0.8790000081062317,0.5701000094413757
YNR019W,YGR167W,0,-6.544133,0.13356631994247437,0.8790000081062317,0.5702000260353088
YKR066C,YOR179C,0,-6.5441585,0.13354603946208954,0.8790000081062317,0.5702999830245972
YDR358W,YPR002W,0,-6.5443373,0.13352574408054352,0.8790000081062317,0.5703999996185303
YIR005W,YDR337W,0,-6.5445843,0.1335054636001587,0.8790000081062317,0.5705000162124634
YDR423C,YNL278W,0,-6.544894,0.13348519802093506,0.8790000081062317,0.5705999732017517
YGL166W,YGR274C,1,-6.544978,0.13361676037311554,0.8799999952316284,0.5705999732017517
YER008C,YLR092W,0,-6.5450873,0.1335964798927307,0.8799999952316284,0.5706999897956848
YOR304W,YMR267W,0,-6.545327,0.1335761994123459,0.8799999952316284,0.5708000063896179
YPL195W,YCR048W,0,-6.5454655,0.13355593383312225,0.8799999952316284,0.570900022983551
YPR164W,YER094C,0,-6.545713,0.13353565335273743,0.8799999952316284,0.5709999799728394
YPR188C,YHR088W,0,-6.5460296,0.133515402674675,0.8799999952316284,0.5710999965667725
YFR004W,YOR008C-A,0,-6.546082,0.13349515199661255,0.8799999952316284,0.5712000131607056
YGL043W,YGR082W,0,-6.546276,0.1334749013185501,0.8799999952316284,0.5713000297546387
YCL027W,YCR060W,0,-6.5463705,0.13345465064048767,0.8799999952316284,0.571399986743927
YDR404C,YHR038W,0,-6.5467095,0.13343441486358643,0.8799999952316284,0.5715000033378601
YER174C,YDR325W,0,-6.546715,0.13341419398784637,0.8799999952316284,0.5716000199317932
YAL013W,YKL018W,0,-6.546813,0.13339397311210632,0.8799999952316284,0.5716999769210815
YGL151W,YHR062C,0,-6.547037,0.13337375223636627,0.8799999952316284,0.5717999935150146
YPL116W,YGL168W,0,-6.5474043,0.13335353136062622,0.8799999952316284,0.5719000101089478
YGR256W,YHR039C-A,0,-6.5476475,0.13333334028720856,0.8799999952316284,0.5720000267028809
YKL113C,YDR115W,0,-6.5478745,0.1333131343126297,0.8799999952316284,0.5720999836921692
YBR020W,YER042W,0,-6.547902,0.13329294323921204,0.8799999952316284,0.5722000002861023
YDR295C,YIR033W,0,-6.5479546,0.13327275216579437,0.8799999952316284,0.5723000168800354
YDL093W,YMR293C,0,-6.5480766,0.1332525759935379,0.8799999952316284,0.5723999738693237
YDL039C,YNL002C,0,-6.548171,0.13323239982128143,0.8799999952316284,0.5724999904632568
YER109C,YJL165C,0,-6.548275,0.13321223855018616,0.8799999952316284,0.5726000070571899
YBL023C,YJR141W,0,-6.5482855,0.1331920623779297,0.8799999952316284,0.572700023651123
YLR215C,YDL035C,0,-6.548329,0.1331719160079956,0.8799999952316284,0.5727999806404114
YML078W,YCR035C,0,-6.5483747,0.13315176963806152,0.8799999952316284,0.5728999972343445
YDR295C,YHR001W-A,0,-6.5484786,0.13313162326812744,0.8799999952316284,0.5730000138282776
YJR143C,YDR478W,0,-6.548501,0.13311147689819336,0.8799999952316284,0.5730999708175659
YML077W,YDR040C,0,-6.5485334,0.13309134542942047,0.8799999952316284,0.573199987411499
YPL177C,YNL257C,1,-6.5486565,0.13322244584560394,0.8809999823570251,0.573199987411499
YDR173C,YMR051C,0,-6.5487504,0.13320229947566986,0.8809999823570251,0.5733000040054321
YGR268C,YER094C,0,-6.5488205,0.13318216800689697,0.8809999823570251,0.5734000205993652
YDR039C,YDL226C,0,-6.5488205,0.13316203653812408,0.8809999823570251,0.5734999775886536
YMR163C,YLL011W,0,-6.5492477,0.1331419050693512,0.8809999823570251,0.5735999941825867
YML126C,YGR202C,0,-6.5493402,0.1331217885017395,0.8809999823570251,0.5737000107765198
YNL039W,YER028C,1,-6.5493464,0.13325275480747223,0.8820000290870667,0.5737000107765198
YOR317W,YGL035C,0,-6.5494227,0.13323262333869934,0.8820000290870667,0.5738000273704529
YGR097W,YFR028C,0,-6.549609,0.13321250677108765,0.8820000290870667,0.5738999843597412
YHR116W,YDR058C,0,-6.549697,0.13319239020347595,0.8820000290870667,0.5740000009536743
YMR240C,YHR148W,0,-6.549875,0.13317227363586426,0.8820000290870667,0.5741000175476074
YIR021W,YDR181C,0,-6.550612,0.13315217196941376,0.8820000290870667,0.5741999745368958
YOR173W,YNL274C,0,-6.5506477,0.13313207030296326,0.8820000290870667,0.5742999911308289
YKR061W,YLR385C,0,-6.5506725,0.13311198353767395,0.8820000290870667,0.574400007724762
YBL051C,YER087C-A,0,-6.5512166,0.13309189677238464,0.8820000290870667,0.5745000243186951
YDL040C,YOR310C,0,-6.551237,0.13307181000709534,0.8820000290870667,0.5745999813079834
YLR342W,YGL033W,0,-6.551279,0.13305173814296722,0.8820000290870667,0.5746999979019165
YBL046W,YCR057C,0,-6.5513735,0.1330316811800003,0.8820000290870667,0.5748000144958496
YDL174C,YEL017C-A,0,-6.5517535,0.1330116093158722,0.8820000290870667,0.5748999714851379
YJR013W,YOR287C,0,-6.551937,0.13299155235290527,0.8820000290870667,0.574999988079071
YOR153W,YJL204C,0,-6.552245,0.13297151029109955,0.8820000290870667,0.5751000046730042
YPL119C,YGR014W,0,-6.552338,0.13295146822929382,0.8820000290870667,0.5752000212669373
YDR343C,YKL006C-A,0,-6.5525627,0.1329314261674881,0.8820000290870667,0.5752999782562256
YLR291C,YLR293C,0,-6.552766,0.13291139900684357,0.8820000290870667,0.5753999948501587
YDR036C,YOR305W,0,-6.552971,0.13289137184619904,0.8820000290870667,0.5755000114440918
YLR068W,YPL045W,0,-6.5532637,0.1328713446855545,0.8820000290870667,0.5756000280380249
YDL051W,YCL054W,0,-6.554125,0.13285133242607117,0.8820000290870667,0.5756999850273132
YCL034W,YPR070W,0,-6.554139,0.13283132016658783,0.8820000290870667,0.5758000016212463
YDL015C,YNR006W,0,-6.5542355,0.13281132280826569,0.8820000290870667,0.5759000182151794
YOL128C,YML040W,0,-6.554387,0.13279132544994354,0.8820000290870667,0.5759999752044678
YPL058C,YLL056C,0,-6.554502,0.1327713429927826,0.8820000290870667,0.5760999917984009
YDL236W,YDR443C,0,-6.5545206,0.13275136053562164,0.8820000290870667,0.576200008392334
YNL314W,YKL058W,1,-6.5546913,0.13288186490535736,0.8830000162124634,0.576200008392334
YHR148W,YCL003W,0,-6.555107,0.13286186754703522,0.8830000162124634,0.5763000249862671
YGR175C,YOR014W,0,-6.555149,0.13284188508987427,0.8830000162124634,0.5763999819755554
YMR316W,YDR198C,0,-6.555165,0.13282190263271332,0.8830000162124634,0.5764999985694885
YPR025C,YER028C,1,-6.555505,0.13295231759548187,0.8840000033378601,0.5764999985694885
YER053C,YOR266W,0,-6.5555487,0.13293233513832092,0.8840000033378601,0.5766000151634216
YGL166W,YPR186C,1,-6.555589,0.1330626904964447,0.8849999904632568,0.5766000151634216
YPL209C,YGR239C,0,-6.555731,0.13304269313812256,0.8849999904632568,0.57669997215271
YDR166C,YPL041C,0,-6.5557656,0.13302269577980042,0.8849999904632568,0.5767999887466431
YGR188C,YEL004W,0,-6.5557985,0.13300269842147827,0.8849999904632568,0.5769000053405762
YNL201C,YGL039W,0,-6.556303,0.13298271596431732,0.8849999904632568,0.5770000219345093
YDR334W,YJR120W,0,-6.55634,0.13296273350715637,0.8849999904632568,0.5770999789237976
YDR483W,YJL089W,0,-6.5563974,0.13294276595115662,0.8849999904632568,0.5771999955177307
YLR044C,YBL102W,0,-6.55667,0.13292279839515686,0.8849999904632568,0.5773000121116638
YLR047C,YPL203W,0,-6.5567913,0.1329028308391571,0.8849999904632568,0.5774000287055969
YDR300C,YDL060W,0,-6.557034,0.13288287818431854,0.8849999904632568,0.5774999856948853
YGL084C,YGL033W,0,-6.557087,0.13286294043064117,0.8849999904632568,0.5776000022888184
YGL155W,YGR108W,0,-6.5572567,0.1328429877758026,0.8849999904632568,0.5777000188827515
YBL098W,YJL208C,0,-6.55727,0.13282305002212524,0.8849999904632568,0.5777999758720398
YAL015C,YDL058W,0,-6.5574484,0.13280312716960907,0.8849999904632568,0.5778999924659729
YLR150W,YNL064C,0,-6.557455,0.1327831894159317,0.8849999904632568,0.578000009059906
YER045C,YML069W,1,-6.5576134,0.13291329145431519,0.8859999775886536,0.578000009059906
YBR093C,YKL042W,0,-6.5576296,0.13289335370063782,0.8859999775886536,0.5781000256538391
YDR298C,YPR133C,0,-6.5576963,0.13287343084812164,0.8859999775886536,0.5781999826431274
YGR218W,YPL018W,0,-6.5577383,0.13285350799560547,0.8859999775886536,0.5782999992370605
YOL127W,YDL217C,0,-6.557852,0.1328335851430893,0.8859999775886536,0.5784000158309937
YDL069C,YER041W,0,-6.5578804,0.13281367719173431,0.8859999775886536,0.578499972820282
YCR048W,YOR295W,0,-6.557888,0.13279376924037933,0.8859999775886536,0.5785999894142151
YBR245C,YER165W,0,-6.5579443,0.13277386128902435,0.8859999775886536,0.5787000060081482
YKL191W,YDR356W,0,-6.558219,0.13275396823883057,0.8859999775886536,0.5788000226020813
YOR355W,YJR002W,0,-6.5582695,0.13273407518863678,0.8859999775886536,0.5788999795913696
YDR208W,YGR195W,0,-6.5583296,0.1327141970396042,0.8859999775886536,0.5789999961853027
YBR009C,YDR115W,0,-6.5586634,0.1326943188905716,0.8859999775886536,0.5791000127792358
YKL057C,YDR146C,0,-6.5589213,0.1326744556427002,0.8859999775886536,0.579200029373169
YNR027W,YDR163W,0,-6.5592613,0.1326545923948288,0.8859999775886536,0.5792999863624573
YCR048W,YDR457W,0,-6.5593157,0.1326347291469574,0.8859999775886536,0.5794000029563904
YKL038W,YJR044C,0,-6.559343,0.1326148808002472,0.8859999775886536,0.5795000195503235
YML060W,YBR012W-B,0,-6.559486,0.132595032453537,0.8859999775886536,0.5795999765396118
YEL065W,YKR001C,0,-6.5597043,0.13257518410682678,0.8859999775886536,0.5796999931335449
YGR098C,YER106W,0,-6.5598764,0.13255535066127777,0.8859999775886536,0.579800009727478
YLR399C,YPL167C,0,-6.560147,0.13253553211688995,0.8859999775886536,0.5799000263214111
YKL025C,YOL110W,0,-6.560419,0.13251569867134094,0.8859999775886536,0.5799999833106995
YIL044C,YKR066C,0,-6.560733,0.13249588012695312,0.8859999775886536,0.5800999999046326
YIL053W,YOR068C,0,-6.560775,0.1324760764837265,0.8859999775886536,0.5802000164985657
YDR382W,YNL247W,0,-6.5607815,0.13245627284049988,0.8859999775886536,0.580299973487854
YDL045C,YML059C,0,-6.5607843,0.13243646919727325,0.8859999775886536,0.5803999900817871
YDR448W,YOL042W,0,-6.5608983,0.13241668045520782,0.8859999775886536,0.5805000066757202
YLR459W,YLR320W,0,-6.560954,0.1323968917131424,0.8859999775886536,0.5806000232696533
YGL246C,YHR088W,0,-6.561009,0.13237710297107697,0.8859999775886536,0.5806999802589417
YAL055W,YHR083W,0,-6.5610914,0.13235732913017273,0.8859999775886536,0.5807999968528748
YMR308C,YIL147C,0,-6.561116,0.1323375701904297,0.8859999775886536,0.5809000134468079
YMR208W,YBR092C,0,-6.561204,0.13231779634952545,0.8859999775886536,0.5809999704360962
YDR106W,YPR198W,0,-6.5614414,0.1322980374097824,0.8859999775886536,0.5810999870300293
YHR011W,YMR101C,0,-6.561656,0.13227829337120056,0.8859999775886536,0.5812000036239624
YDR037W,YDR363W-A,0,-6.56175,0.1322585493326187,0.8859999775886536,0.5813000202178955
YLR223C,YKL196C,0,-6.561759,0.13223880529403687,0.8859999775886536,0.5813999772071838
YPR128C,YNL007C,0,-6.5619764,0.1322190761566162,0.8859999775886536,0.5814999938011169
YOL017W,YDR205W,0,-6.5622888,0.13219934701919556,0.8859999775886536,0.58160001039505
YLR256W,YMR177W,0,-6.562392,0.1321796178817749,0.8859999775886536,0.5817000269889832
YPL116W,YJL072C,0,-6.5625863,0.13215990364551544,0.8859999775886536,0.5817999839782715
YNR052C,YDR359C,0,-6.562621,0.13214018940925598,0.8859999775886536,0.5819000005722046
YOR007C,YHR138C,0,-6.562649,0.13212049007415771,0.8859999775886536,0.5820000171661377
YPL046C,YOR036W,0,-6.5629883,0.13210079073905945,0.8859999775886536,0.582099974155426
YJL122W,YKL113C,0,-6.5630503,0.13208109140396118,0.8859999775886536,0.5821999907493591
YCL055W,YNL229C,0,-6.563078,0.1320614069700241,0.8859999775886536,0.5823000073432922
YOR144C,YOR287C,0,-6.5631666,0.13204172253608704,0.8859999775886536,0.5824000239372253
YAL010C,YMR285C,0,-6.5632153,0.13202205300331116,0.8859999775886536,0.5824999809265137
YDR254W,YPR024W,0,-6.5633373,0.13200238347053528,0.8859999775886536,0.5825999975204468
YGL097W,YDL084W,0,-6.5637226,0.1319827139377594,0.8859999775886536,0.5827000141143799
YDR517W,YOR191W,0,-6.56379,0.13196305930614471,0.8859999775886536,0.5827999711036682
YPL259C,YIR017C,0,-6.5639687,0.13194340467453003,0.8859999775886536,0.5828999876976013
YLR059C,YPR078C,0,-6.5641613,0.13192376494407654,0.8859999775886536,0.5830000042915344
YDR412W,YNL273W,0,-6.564234,0.13190412521362305,0.8859999775886536,0.5831000208854675
YOR206W,YDR472W,0,-6.5643167,0.13188448548316956,0.8859999775886536,0.5831999778747559
YLR452C,YDR306C,0,-6.564338,0.13186486065387726,0.8859999775886536,0.583299994468689
YNL274C,YML055W,0,-6.56469,0.13184523582458496,0.8859999775886536,0.5834000110626221
YGR217W,YBR256C,0,-6.564781,0.13182562589645386,0.8859999775886536,0.5835000276565552
YIL070C,YDR043C,0,-6.564991,0.13180601596832275,0.8859999775886536,0.5835999846458435
YGR193C,YHR001W-A,0,-6.564993,0.13178640604019165,0.8859999775886536,0.5837000012397766
YGR246C,YKL058W,1,-6.565369,0.13191552460193634,0.8870000243186951,0.5837000012397766
YAR014C,YBR084W,0,-6.5655303,0.13189591467380524,0.8870000243186951,0.5838000178337097
YDR437W,YNL206C,0,-6.5658503,0.13187630474567413,0.8870000243186951,0.583899974822998
YPR164W,YJL098W,0,-6.5664053,0.13185669481754303,0.8870000243186951,0.5839999914169312
YJL071W,YML120C,0,-6.5664454,0.13183709979057312,0.8870000243186951,0.5841000080108643
YNL257C,YMR227C,1,-6.566514,0.13196611404418945,0.8880000114440918,0.5841000080108643
YHR065C,YDR389W,0,-6.5665617,0.13194650411605835,0.8880000114440918,0.5842000246047974
YER042W,YGL243W,0,-6.5668144,0.13192690908908844,0.8880000114440918,0.5842999815940857
YJL071W,YMR033W,0,-6.567079,0.13190731406211853,0.8880000114440918,0.5843999981880188
YDR106W,YEL024W,0,-6.5670834,0.13188771903514862,0.8880000114440918,0.5845000147819519
YLR095C,YPL234C,0,-6.567108,0.1318681389093399,0.8880000114440918,0.5845999717712402
YBR186W,YGR183C,0,-6.5671196,0.1318485587835312,0.8880000114440918,0.5846999883651733
YPL055C,YMR030W,0,-6.567151,0.13182897865772247,0.8880000114440918,0.5848000049591064
YML075C,YBR273C,0,-6.5671616,0.13180941343307495,0.8880000114440918,0.5849000215530396
YDR060W,YBR289W,0,-6.567297,0.13178984820842743,0.8880000114440918,0.5849999785423279
YPR105C,YIL046W,0,-6.5673094,0.1317702978849411,0.8880000114440918,0.585099995136261
YNL042W,YMR091C,0,-6.56739,0.13175074756145477,0.8880000114440918,0.5852000117301941
YBR029C,YPL049C,0,-6.5675545,0.13173119723796844,0.8880000114440918,0.5853000283241272
YGL137W,YLR086W,0,-6.567731,0.1317116618156433,0.8880000114440918,0.5853999853134155
YJR093C,YPL124W,0,-6.567732,0.13169212639331818,0.8880000114440918,0.5855000019073486
YDR512C,YGL257C,0,-6.5678444,0.13167259097099304,0.8880000114440918,0.5856000185012817
YEL066W,YDL247W,0,-6.568226,0.1316530704498291,0.8880000114440918,0.5856999754905701
YJL071W,YCR081W,0,-6.568324,0.13163356482982635,0.8880000114440918,0.5857999920845032
YMR081C,YGR279C,0,-6.568484,0.13161404430866241,0.8880000114440918,0.5859000086784363
YMR227C,YAL001C,1,-6.568499,0.13174274563789368,0.8889999985694885,0.5859000086784363
YKL170W,YER160C,0,-6.568814,0.13172322511672974,0.8889999985694885,0.5860000252723694
YDR205W,YMR133W,0,-6.568991,0.1317037045955658,0.8889999985694885,0.5860999822616577
YOL001W,YCR024C-A,0,-6.568997,0.13168419897556305,0.8889999985694885,0.5861999988555908
YER015W,YER190W,0,-6.5690556,0.1316646933555603,0.8889999985694885,0.5863000154495239
YOR035C,YDR353W,0,-6.569067,0.13164518773555756,0.8889999985694885,0.5863999724388123
YDR016C,YJL102W,0,-6.569112,0.131625697016716,0.8889999985694885,0.5864999890327454
YPR073C,YKL130C,0,-6.569117,0.13160622119903564,0.8889999985694885,0.5866000056266785
YOL020W,YHR020W,0,-6.5694084,0.1315867304801941,0.8889999985694885,0.5867000222206116
YGL194C,YLL017W,0,-6.569828,0.13156726956367493,0.8889999985694885,0.5867999792098999
YHR066W,YLR249W,0,-6.5698705,0.13154779374599457,0.8889999985694885,0.586899995803833
YGL166W,YCR042C,1,-6.5699224,0.13167628645896912,0.8899999856948853,0.586899995803833
YMR190C,YBR228W,0,-6.570034,0.13165681064128876,0.8899999856948853,0.5870000123977661
YER052C,YPL032C,0,-6.5704336,0.1316373348236084,0.8899999856948853,0.5871000289916992
YDR488C,YDL058W,0,-6.570489,0.13161785900592804,0.8899999856948853,0.5871999859809875
YAR033W,YLR376C,0,-6.570891,0.13159839808940887,0.8899999856948853,0.5873000025749207
YKL154W,YKL088W,0,-6.5713363,0.1315789520740509,0.8899999856948853,0.5874000191688538
YDR099W,YNL278W,0,-6.571533,0.13155949115753174,0.8899999856948853,0.5874999761581421
YKL054C,YOL009C,0,-6.571788,0.13154006004333496,0.8899999856948853,0.5875999927520752
YLR452C,YNL045W,0,-6.571946,0.131520614027977,0.8899999856948853,0.5877000093460083
YER082C,YDR065W,0,-6.572099,0.1315011829137802,0.8899999856948853,0.5878000259399414
YGL021W,YKL006C-A,0,-6.5722704,0.13148175179958344,0.8899999856948853,0.5878999829292297
YIR025W,YBL030C,0,-6.5723476,0.13146233558654785,0.8899999856948853,0.5879999995231628
YBR130C,YML085C,0,-6.572419,0.13144291937351227,0.8899999856948853,0.588100016117096
YDR009W,YDR289C,0,-6.5725956,0.13142350316047668,0.8899999856948853,0.5881999731063843
YMR270C,YDR312W,0,-6.572597,0.1314041018486023,0.8899999856948853,0.5882999897003174
YDL078C,YER008C,0,-6.572661,0.1313847005367279,0.8899999856948853,0.5884000062942505
YAL056W,YOR347C,0,-6.5728,0.1313653141260147,0.8899999856948853,0.5885000228881836
YBR201W,YML058W,0,-6.5728765,0.1313459277153015,0.8899999856948853,0.5885999798774719
YOL067C,YGR186W,1,-6.573264,0.131474107503891,0.890999972820282,0.5885999798774719
YKL015W,YNL107W,0,-6.5733476,0.1314547061920166,0.890999972820282,0.588699996471405
YBL058W,YFL002C,0,-6.5733633,0.1314353197813034,0.890999972820282,0.5888000130653381
YLR116W,YPL130W,0,-6.5735054,0.1314159333705902,0.890999972820282,0.5889000296592712
YIL142W,YDL111C,0,-6.573583,0.13139654695987701,0.890999972820282,0.5889999866485596
YDL115C,YOR209C,0,-6.5736313,0.131377175450325,0.890999972820282,0.5891000032424927
YBR198C,YKL058W,1,-6.573924,0.13150523602962494,0.8920000195503235,0.5891000032424927
YFR001W,YNL310C,0,-6.5740995,0.13148584961891174,0.8920000195503235,0.5892000198364258
YOR056C,YGR118W,0,-6.57416,0.13146646320819855,0.8920000195503235,0.5892999768257141
YGR280C,YBR048W,0,-6.5744386,0.13144709169864655,0.8920000195503235,0.5893999934196472
YMR055C,YLR043C,0,-6.574466,0.13142773509025574,0.8920000195503235,0.5895000100135803
YHR175W,YLL061W,0,-6.5745125,0.13140836358070374,0.8920000195503235,0.5896000266075134
YMR200W,YMR051C,0,-6.5746226,0.13138900697231293,0.8920000195503235,0.5896999835968018
YDR163W,YML076C,0,-6.5746593,0.1313696652650833,0.8920000195503235,0.5898000001907349
YBR276C,YEL020W-A,0,-6.57495,0.1313503235578537,0.8920000195503235,0.589900016784668
YPR120C,YDR404C,0,-6.5751286,0.13133098185062408,0.8920000195503235,0.5899999737739563
YDR106W,YGL090W,0,-6.5751853,0.13131164014339447,0.8920000195503235,0.5900999903678894
YER028C,YPL129W,1,-6.5755043,0.13143950700759888,0.8930000066757202,0.5900999903678894
YHR011W,YAL047C,0,-6.5756226,0.13142016530036926,0.8930000066757202,0.5902000069618225
YLR318W,YNL182C,0,-6.575674,0.13140082359313965,0.8930000066757202,0.5903000235557556
YDL217C,YCR102C,0,-6.575717,0.13138149678707123,0.8930000066757202,0.590399980545044
YDL245C,YIL075C,0,-6.575876,0.1313621699810028,0.8930000066757202,0.590499997138977
YNR019W,YEL057C,0,-6.576063,0.1313428431749344,0.8930000066757202,0.5906000137329102
YKR068C,YMR204C,0,-6.576274,0.13132353127002716,0.8930000066757202,0.5906999707221985
YBR192W,YML088W,0,-6.576313,0.13130421936511993,0.8930000066757202,0.5907999873161316
YOL016C,YAL013W,0,-6.576399,0.1312849223613739,0.8930000066757202,0.5909000039100647
YKR052C,YIL117C,0,-6.576494,0.13126562535762787,0.8930000066757202,0.5910000205039978
YNR033W,YNL062C,0,-6.5765066,0.13124632835388184,0.8930000066757202,0.5910999774932861
YOR033C,YJR002W,0,-6.576541,0.131227046251297,0.8930000066757202,0.5911999940872192
YAR018C,YLR165C,0,-6.576687,0.13120776414871216,0.8930000066757202,0.5913000106811523
YML007W,YIL039W,0,-6.5767913,0.13118848204612732,0.8930000066757202,0.5914000272750854
YBL088C,YER049W,0,-6.5768576,0.13116921484470367,0.8930000066757202,0.5914999842643738
YKL175W,YNR064C,0,-6.5769978,0.13114994764328003,0.8930000066757202,0.5916000008583069
YMR255W,YNL291C,0,-6.577337,0.13113069534301758,0.8930000066757202,0.59170001745224
YIL036W,YPR186C,1,-6.5773697,0.1312582641839981,0.8939999938011169,0.59170001745224
YHR193C,YMR156C,0,-6.5776415,0.13123899698257446,0.8939999938011169,0.5917999744415283
YLR138W,YEL057C,0,-6.577857,0.13121972978115082,0.8939999938011169,0.5918999910354614
YKL016C,YGR247W,0,-6.5778613,0.13120046257972717,0.8939999938011169,0.5920000076293945
YPR051W,YGL051W,0,-6.578454,0.13118122518062592,0.8939999938011169,0.5921000242233276
YLR270W,YER022W,0,-6.5787153,0.13116197288036346,0.8939999938011169,0.592199981212616
YOR007C,YDR407C,0,-6.5787783,0.1311427354812622,0.8939999938011169,0.5922999978065491
YDL213C,YOR265W,0,-6.578781,0.13112349808216095,0.8939999938011169,0.5924000144004822
YDL174C,YKL204W,0,-6.578795,0.1311042606830597,0.8939999938011169,0.5924999713897705
YIL155C,YKR085C,0,-6.578838,0.13108503818511963,0.8939999938011169,0.5925999879837036
YHL006C,YDR451C,0,-6.5789285,0.13106583058834076,0.8939999938011169,0.5927000045776367
YBR024W,YOR007C,0,-6.579093,0.1310466080904007,0.8939999938011169,0.5928000211715698
YDR235W,YOR043W,0,-6.5792894,0.13102740049362183,0.8939999938011169,0.5928999781608582
YPL217C,YIL138C,0,-6.579667,0.13100820779800415,0.8939999938011169,0.5929999947547913
YLR223C,YNL293W,0,-6.579962,0.13098901510238647,0.8939999938011169,0.5931000113487244
YGR268C,YJL036W,0,-6.5800457,0.1309698224067688,0.8939999938011169,0.5932000279426575
YBL019W,YNR003C,0,-6.5800695,0.13095064461231232,0.8939999938011169,0.5932999849319458
YJR112W,YML060W,0,-6.580103,0.13093145191669464,0.8939999938011169,0.5934000015258789
YNL101W,YKR087C,0,-6.580207,0.13091228902339935,0.8939999938011169,0.593500018119812
YNL286W,YNL135C,0,-6.5802574,0.13089311122894287,0.8939999938011169,0.5935999751091003
YPR186C,YKL058W,1,-6.580268,0.13102035224437714,0.8949999809265137,0.5935999751091003
YBR022W,YKR053C,0,-6.5805864,0.13100117444992065,0.8949999809265137,0.5936999917030334
YMR287C,YKR025W,0,-6.5807858,0.13098199665546417,0.8949999809265137,0.5938000082969666
YIR009W,YMR089C,0,-6.581215,0.13096283376216888,0.8949999809265137,0.5939000248908997
YJL198W,YJL025W,0,-6.5815263,0.1309436708688736,0.8949999809265137,0.593999981880188
YMR237W,YDL235C,0,-6.5815887,0.1309245228767395,0.8949999809265137,0.5940999984741211
YDR494W,YDR247W,0,-6.5816736,0.1309053748846054,0.8949999809265137,0.5942000150680542
YKL021C,YBL046W,0,-6.581855,0.1308862268924713,0.8949999809265137,0.5942999720573425
YER045C,YNL314W,1,-6.5820827,0.13101330399513245,0.8960000276565552,0.5942999720573425
YDR122W,YGL058W,0,-6.5823507,0.13099415600299835,0.8960000276565552,0.5943999886512756
YPR001W,YIL115C,0,-6.5826654,0.13097500801086426,0.8960000276565552,0.5945000052452087
YKL212W,YBL034C,0,-6.5826674,0.13095586001873016,0.8960000276565552,0.5946000218391418
YPR183W,YDR131C,0,-6.582679,0.13093672692775726,0.8960000276565552,0.5946999788284302
YKL160W,YOR230W,0,-6.5826817,0.13091759383678436,0.8960000276565552,0.5947999954223633
YDR270W,YOR213C,0,-6.5828366,0.13089846074581146,0.8960000276565552,0.5949000120162964
YNL290W,YDL052C,0,-6.583145,0.13087934255599976,0.8960000276565552,0.5950000286102295
YMR161W,YJL059W,0,-6.583194,0.13086022436618805,0.8960000276565552,0.5950999855995178
YMR298W,YOR084W,0,-6.5832043,0.13084112107753754,0.8960000276565552,0.5952000021934509
YMR168C,YDL081C,0,-6.5833445,0.13082201778888702,0.8960000276565552,0.595300018787384
YFL055W,YER024W,0,-6.5833826,0.1308029145002365,0.8960000276565552,0.5953999757766724
YCR098C,YGL104C,0,-6.5835505,0.1307838261127472,0.8960000276565552,0.5954999923706055
YLR347C,YNL299W,0,-6.58357,0.13076473772525787,0.8960000276565552,0.5956000089645386
YDR162C,YIL109C,0,-6.5840545,0.13074566423892975,0.8960000276565552,0.5957000255584717
YDL097C,YJL089W,0,-6.5841913,0.13072657585144043,0.8960000276565552,0.59579998254776
YDL175C,YLR068W,0,-6.5844226,0.1307075172662735,0.8960000276565552,0.5958999991416931
YPL170W,YFL031W,0,-6.5849724,0.13068844377994537,0.8960000276565552,0.5960000157356262
YDR036C,YGL135W,0,-6.585153,0.13066938519477844,0.8960000276565552,0.5960999727249146
YBR043C,YDR470C,0,-6.5851583,0.1306503415107727,0.8960000276565552,0.5961999893188477
YPL177C,YBR198C,1,-6.5851874,0.13077707588672638,0.8970000147819519,0.5961999893188477
YFR019W,YGL136C,0,-6.585245,0.13075801730155945,0.8970000147819519,0.5963000059127808
YDR099W,YIL035C,0,-6.5854874,0.13073895871639252,0.8970000147819519,0.5964000225067139
YNL309W,YGL249W,0,-6.585498,0.13071990013122559,0.8970000147819519,0.5964999794960022
YBL082C,YLR011W,0,-6.5857162,0.13070085644721985,0.8970000147819519,0.5965999960899353
YHR053C,YPL094C,0,-6.5858536,0.1306818127632141,0.8970000147819519,0.5967000126838684
YCR044C,YOR224C,0,-6.585862,0.13066278398036957,0.8970000147819519,0.5968000292778015
YMR192W,YPR132W,0,-6.5859804,0.13064375519752502,0.8970000147819519,0.5968999862670898
YBR042C,YNR017W,0,-6.5861273,0.13062472641468048,0.8970000147819519,0.597000002861023
YDL044C,YER087C-A,0,-6.5861363,0.13060571253299713,0.8970000147819519,0.597100019454956
YMR133W,YER093C,0,-6.586217,0.13058669865131378,0.8970000147819519,0.5971999764442444
YDL135C,YCR102C,0,-6.5863657,0.13056768476963043,0.8970000147819519,0.5972999930381775
YMR246W,YCR106W,0,-6.5864434,0.13054868578910828,0.8970000147819519,0.5974000096321106
YLR081W,YER075C,0,-6.5865893,0.13052968680858612,0.8970000147819519,0.5975000262260437
YKL139W,YER019W,0,-6.5869737,0.13051068782806396,0.8970000147819519,0.597599983215332
YFL031W,YER100W,0,-6.5872664,0.130491703748703,0.8970000147819519,0.5976999998092651
YPR199C,YBR152W,0,-6.587545,0.13047273457050323,0.8970000147819519,0.5978000164031982
YLR401C,YLR147C,0,-6.587717,0.13045375049114227,0.8970000147819519,0.5978999733924866
YHR072W,YHR061C,0,-6.5878363,0.1304347813129425,0.8970000147819519,0.5979999899864197
YDL145C,YDR131C,0,-6.5878954,0.13041581213474274,0.8970000147819519,0.5981000065803528
YNL073W,YOL104C,0,-6.5880365,0.13039685785770416,0.8970000147819519,0.5982000231742859
YOR298C-A,YLR025W,0,-6.5883265,0.1303779035806656,0.8970000147819519,0.5982999801635742
YDR298C,YDR488C,0,-6.588847,0.1303589642047882,0.8970000147819519,0.5983999967575073
YIL035C,YOR310C,0,-6.5891147,0.13034002482891083,0.8970000147819519,0.5985000133514404
YNL039W,YPR186C,1,-6.589325,0.13046637177467346,0.8980000019073486,0.5985000133514404
YLR182W,YML131W,0,-6.5894966,0.1304474174976349,0.8980000019073486,0.5985999703407288
YML113W,YML041C,0,-6.5895987,0.1304284632205963,0.8980000019073486,0.5986999869346619
YIL009W,YBR205W,0,-6.589752,0.13040952384471893,0.8980000019073486,0.598800003528595
YKL101W,YJR141W,0,-6.5898795,0.13039058446884155,0.8980000019073486,0.5989000201225281
YMR229C,YKL079W,0,-6.5900307,0.13037165999412537,0.8980000019073486,0.5989999771118164
YLR353W,YBR237W,0,-6.5901394,0.13035273551940918,0.8980000019073486,0.5990999937057495
YLR310C,YPL171C,0,-6.590209,0.130333811044693,0.8980000019073486,0.5992000102996826
YPR133W-A,YBR012W-B,0,-6.59027,0.130314901471138,0.8980000019073486,0.5993000268936157
YAL035W,YHR150W,0,-6.5904803,0.130295991897583,0.8980000019073486,0.599399983882904
YHR059W,YBR083W,0,-6.591139,0.1302770972251892,0.8980000019073486,0.5995000004768372
YNL042W,YLR285W,0,-6.5912027,0.1302582025527954,0.8980000019073486,0.5996000170707703
YHR160C,YOR229W,0,-6.591247,0.1302393078804016,0.8980000019073486,0.5996999740600586
YBR247C,YOR229W,0,-6.5914545,0.1302204132080078,0.8980000019073486,0.5997999906539917
YNR035C,YBL098W,0,-6.591558,0.1302015334367752,0.8980000019073486,0.5999000072479248
YKL073W,YGR212W,0,-6.591572,0.1301826685667038,0.8980000019073486,0.6000000238418579
YGL166W,YPL129W,1,-6.5916114,0.13030874729156494,0.8989999890327454,0.6000000238418579
YPL275W,YNL133C,0,-6.5917196,0.13028985261917114,0.8989999890327454,0.6000999808311462
YDL198C,YGL048C,0,-6.5917864,0.13027097284793854,0.8989999890327454,0.6001999974250793
YBR084W,YPL112C,0,-6.5918145,0.13025210797786713,0.8989999890327454,0.6003000140190125
YNR072W,YNL016W,0,-6.591922,0.13023322820663452,0.8989999890327454,0.6003999710083008
YMR133W,YOR305W,0,-6.5920334,0.1302143633365631,0.8989999890327454,0.6004999876022339
YNL097C,YGR245C,0,-6.59227,0.1301955133676529,0.8989999890327454,0.600600004196167
YBL099W,YGR054W,0,-6.5923777,0.13017666339874268,0.8989999890327454,0.6007000207901001
YGL130W,YLL018C-A,0,-6.5926905,0.13015781342983246,0.8989999890327454,0.6007999777793884
YDR142C,YML043C,0,-6.592839,0.13013896346092224,0.8989999890327454,0.6008999943733215
YDR419W,YLR145W,0,-6.5929885,0.13012012839317322,0.8989999890327454,0.6010000109672546
YBR158W,YMR186W,0,-6.5932713,0.1301013082265854,0.8989999890327454,0.6011000275611877
YJL002C,YCL003W,0,-6.5934925,0.13008247315883636,0.8989999890327454,0.6011999845504761
YDL243C,YBR023C,0,-6.5936203,0.13006365299224854,0.8989999890327454,0.6013000011444092
YKR038C,YPR182W,0,-6.593836,0.1300448477268219,0.8989999890327454,0.6014000177383423
YML078W,YOR081C,0,-6.5940537,0.13002602756023407,0.8989999890327454,0.6014999747276306
YDR138W,YPR002W,0,-6.594156,0.13000723719596863,0.8989999890327454,0.6015999913215637
YGL014W,YCR067C,0,-6.594183,0.129988431930542,0.8989999890327454,0.6017000079154968
YDL154W,YBR183W,0,-6.594352,0.12996964156627655,0.8989999890327454,0.6018000245094299
YDL178W,YOR230W,0,-6.5943794,0.1299508512020111,0.8989999890327454,0.6018999814987183
YLR450W,YOL034W,0,-6.5945864,0.12993207573890686,0.8989999890327454,0.6019999980926514
YGL257C,YIL016W,0,-6.594728,0.1299133002758026,0.8989999890327454,0.6021000146865845
YER021W,YGL229C,0,-6.5951304,0.12989452481269836,0.8989999890327454,0.6021999716758728
YBR177C,YKL057C,0,-6.595357,0.1298757642507553,0.8989999890327454,0.6022999882698059
YPL202C,YPL129W,1,-6.595669,0.13000144064426422,0.8999999761581421,0.6022999882698059
YKL085W,YLR298C,0,-6.5958943,0.12998266518115997,0.8999999761581421,0.602400004863739
YNL001W,YLR212C,0,-6.5959063,0.12996390461921692,0.8999999761581421,0.6025000214576721
YIR010W,YGL226C-A,0,-6.59597,0.12994512915611267,0.8999999761581421,0.6025999784469604
YHR079C,YNL283C,0,-6.5961027,0.12992636859416962,0.8999999761581421,0.6026999950408936
YBR023C,YJL054W,0,-6.596242,0.12990762293338776,0.8999999761581421,0.6028000116348267
YJL165C,YHR214C-B,0,-6.5963087,0.1298888772726059,0.8999999761581421,0.6029000282287598
YDR150W,YBR294W,0,-6.596632,0.12987013161182404,0.8999999761581421,0.6029999852180481
YOR377W,YOL028C,0,-6.5966325,0.12985138595104218,0.8999999761581421,0.6031000018119812
YER009W,YCL008C,0,-6.5966835,0.1298326551914215,0.8999999761581421,0.6032000184059143
YLR144C,YDR337W,0,-6.5966887,0.12981393933296204,0.8999999761581421,0.6032999753952026
YPL018W,YJL176C,0,-6.5967665,0.12979520857334137,0.8999999761581421,0.6033999919891357
YMR316W,YNR060W,0,-6.5968876,0.1297764927148819,0.8999999761581421,0.6035000085830688
YJL094C,YPR075C,0,-6.596943,0.12975779175758362,0.8999999761581421,0.603600025177002
YNL334C,YHL028W,0,-6.596959,0.12973907589912415,0.8999999761581421,0.6036999821662903
YGL028C,YJR010C-A,0,-6.5972314,0.12972037494182587,0.8999999761581421,0.6037999987602234
YEL016C,YMR197C,0,-6.597339,0.12970168888568878,0.8999999761581421,0.6039000153541565
YLR381W,YML052W,0,-6.5974283,0.1296830028295517,0.8999999761581421,0.6039999723434448
YLR310C,YPR143W,0,-6.59803,0.1296643167734146,0.8999999761581421,0.6040999889373779
YBL078C,YNR072W,0,-6.598424,0.12964563071727753,0.8999999761581421,0.604200005531311
YER045C,YOL089C,1,-6.5985446,0.12977099418640137,0.9010000228881836,0.604200005531311
YKR068C,YGR254W,0,-6.598584,0.12975230813026428,0.9010000228881836,0.6043000221252441
YPR057W,YAL031C,0,-6.59873,0.1297336220741272,0.9010000228881836,0.6043999791145325
YER157W,YJR147W,0,-6.598761,0.1297149509191513,0.9010000228881836,0.6044999957084656
YNR003C,YGR085C,0,-6.5991793,0.12969626486301422,0.9010000228881836,0.6046000123023987
YLR081W,YPR164W,0,-6.599817,0.12967760860919952,0.9010000228881836,0.6047000288963318
YKL008C,YDR140W,0,-6.5998373,0.12965893745422363,0.9010000228881836,0.6047999858856201
YKL112W,YDL015C,0,-6.599843,0.12964028120040894,0.9010000228881836,0.6049000024795532
YHR075C,YNL312W,0,-6.5998955,0.12962163984775543,0.9010000228881836,0.6050000190734863
YPL202C,YOR110W,1,-6.5999427,0.12974683940410614,0.9020000100135803,0.6050000190734863
YLR265C,YNL046W,0,-6.599945,0.12972816824913025,0.9020000100135803,0.6050999760627747
YOR034C,YMR059W,0,-6.600007,0.12970952689647675,0.9020000100135803,0.6051999926567078
YEL017C-A,YOR089C,0,-6.600067,0.12969087064266205,0.9020000100135803,0.6053000092506409
YIR041W,YHL006C,0,-6.600498,0.12967222929000854,0.9020000100135803,0.605400025844574
YLL013C,YGR042W,0,-6.6005535,0.12965358793735504,0.9020000100135803,0.6054999828338623
YHR053C,YEL069C,0,-6.60068,0.12963494658470154,0.9020000100135803,0.6055999994277954
YBL003C,YJR033C,0,-6.600813,0.12961632013320923,0.9020000100135803,0.6057000160217285
YJR059W,YKR101W,0,-6.600874,0.1295977085828781,0.9020000100135803,0.6057999730110168
YAR002C-A,YLR150W,0,-6.600903,0.1295790821313858,0.9020000100135803,0.60589998960495
YGR238C,YDR079W,0,-6.6009846,0.1295604705810547,0.9020000100135803,0.6060000061988831
YOR295W,YPL041C,0,-6.6010866,0.12954185903072357,0.9020000100135803,0.6061000227928162
YDL069C,YDL224C,0,-6.6012993,0.12952326238155365,0.9020000100135803,0.6061999797821045
YER053C,YIL075C,0,-6.6013927,0.12950466573238373,0.9020000100135803,0.6062999963760376
YOR023C,YLR382C,0,-6.6014266,0.1294860690832138,0.9020000100135803,0.6064000129699707
YPR008W,YPR186C,1,-6.6014385,0.1296110302209854,0.902999997138977,0.6064000129699707
YER053C,YPR078C,0,-6.601451,0.1295924186706543,0.902999997138977,0.6065000295639038
YNR030W,YLR176C,0,-6.6014576,0.12957382202148438,0.902999997138977,0.6065999865531921
YHR053C,YHL028W,0,-6.6014996,0.12955524027347565,0.902999997138977,0.6067000031471252
YNR044W,YJL059W,0,-6.6018505,0.12953665852546692,0.902999997138977,0.6068000197410583
YBL026W,YGR143W,0,-6.6018753,0.1295180767774582,0.902999997138977,0.6068999767303467
YGR279C,YDR393W,0,-6.6018934,0.12949949502944946,0.902999997138977,0.6069999933242798
YDL135C,YDL140C,0,-6.6019,0.12948092818260193,0.902999997138977,0.6071000099182129
YKR099W,YKL122C,0,-6.6021805,0.1294623613357544,0.902999997138977,0.607200026512146
YBL042C,YKL057C,0,-6.6023755,0.12944380939006805,0.902999997138977,0.6072999835014343
YOR204W,YJL219W,0,-6.6024837,0.1294252574443817,0.902999997138977,0.6074000000953674
YPL202C,YBR123C,1,-6.602583,0.1295500099658966,0.9039999842643738,0.6074000000953674
YPR023C,YGR074W,0,-6.6030188,0.12953145802021027,0.9039999842643738,0.6075000166893005
YKR008W,YKL178C,0,-6.6030693,0.12951289117336273,0.9039999842643738,0.6075999736785889
YBR237W,YNL002C,0,-6.603142,0.1294943392276764,0.9039999842643738,0.607699990272522
YPL110C,YDL044C,0,-6.603201,0.12947580218315125,0.9039999842643738,0.6078000068664551
YOL080C,YFR031C,0,-6.603247,0.1294572502374649,0.9039999842643738,0.6079000234603882
YKR087C,YHR172W,0,-6.603489,0.12943871319293976,0.9039999842643738,0.6079999804496765
YAL015C,YGL175C,0,-6.6034994,0.1294201910495758,0.9039999842643738,0.6080999970436096
YJL167W,YKL060C,0,-6.6037135,0.12940165400505066,0.9039999842643738,0.6082000136375427
YPL155C,YGL011C,0,-6.603775,0.1293831467628479,0.9039999842643738,0.608299970626831
YML051W,YDL247W,0,-6.6040673,0.12936462461948395,0.9039999842643738,0.6083999872207642
YDR037W,YOR346W,0,-6.6040964,0.1293461173772812,0.9039999842643738,0.6085000038146973
YMR109W,YOR049C,0,-6.604226,0.12932761013507843,0.9039999842643738,0.6086000204086304
YNR052C,YDR011W,0,-6.604294,0.12930911779403687,0.9039999842643738,0.6086999773979187
YKR081C,YBL100W-B,0,-6.6043596,0.1292906105518341,0.9039999842643738,0.6087999939918518
YOL040C,YKL166C,0,-6.6043787,0.12927213311195374,0.9039999842643738,0.6089000105857849
YOL145C,YCR091W,0,-6.604417,0.12925364077091217,0.9039999842643738,0.609000027179718
YBR210W,YEL066W,0,-6.604662,0.1292351633310318,0.9039999842643738,0.6090999841690063
YPL177C,YNL314W,1,-6.6047163,0.129359632730484,0.9049999713897705,0.6090999841690063
YGL038C,YBR186W,0,-6.604762,0.12934114038944244,0.9049999713897705,0.6092000007629395
YFL011W,YDR142C,0,-6.6048093,0.12932266294956207,0.9049999713897705,0.6093000173568726
YMR033W,YGR181W,0,-6.604821,0.1293041855096817,0.9049999713897705,0.6093999743461609
YBR177C,YGL013C,0,-6.6048603,0.12928570806980133,0.9049999713897705,0.609499990940094
YKR003W,YNL247W,0,-6.60493,0.12926724553108215,0.9049999713897705,0.6096000075340271
YDR280W,YIL039W,0,-6.6049833,0.12924878299236298,0.9049999713897705,0.6097000241279602
YLR214W,YJR035W,0,-6.6051154,0.129230335354805,0.9049999713897705,0.6097999811172485
YGL155W,YJR145C,0,-6.605282,0.12921187281608582,0.9049999713897705,0.6098999977111816
YBR233W-A,YOL013C,0,-6.6053076,0.12919344007968903,0.9049999713897705,0.6100000143051147
YMR056C,YJL203W,0,-6.6053896,0.12917499244213104,0.9049999713897705,0.6100999712944031
YHR129C,YLL034C,0,-6.6058416,0.12915655970573425,0.9049999713897705,0.6101999878883362
YNL008C,YML075C,0,-6.606039,0.12913812696933746,0.9049999713897705,0.6103000044822693
YNL339C,YCL033C,0,-6.606058,0.12911970913410187,0.9049999713897705,0.6104000210762024
YMR305C,YPR182W,0,-6.606233,0.12910129129886627,0.9049999713897705,0.6104999780654907
YPL202C,YFL021W,1,-6.6062336,0.12922550737857819,0.906000018119812,0.6104999780654907
YMR068W,YBL007C,0,-6.606313,0.1292070746421814,0.906000018119812,0.6105999946594238
YGR038W,YKL178C,0,-6.6063166,0.1291886568069458,0.906000018119812,0.6107000112533569
YOR233W,YMR203W,0,-6.6063294,0.129170224070549,0.906000018119812,0.61080002784729
YDR085C,YDR294C,0,-6.6064134,0.1291518211364746,0.906000018119812,0.6108999848365784
YDR060W,YDL153C,0,-6.6064634,0.129133403301239,0.906000018119812,0.6110000014305115
YLR155C,YGL045W,0,-6.60653,0.1291150003671646,0.906000018119812,0.6111000180244446
YNL080C,YLR256W,0,-6.606761,0.1290966123342514,0.906000018119812,0.6111999750137329
YJL013C,YPR138C,0,-6.606777,0.129078209400177,0.906000018119812,0.611299991607666
YGR225W,YKL004W,0,-6.607126,0.129059836268425,0.906000018119812,0.6114000082015991
YOR081C,YIL023C,0,-6.6071324,0.12904144823551178,0.906000018119812,0.6115000247955322
YDR062W,YER087C-A,0,-6.607166,0.12902307510375977,0.906000018119812,0.6115999817848206
YOL116W,YPL041C,0,-6.6075716,0.12900470197200775,0.906000018119812,0.6116999983787537
YIL112W,YNR017W,0,-6.6080203,0.12898632884025574,0.906000018119812,0.6118000149726868
YPR119W,YGR195W,0,-6.608319,0.12896797060966492,0.906000018119812,0.6118999719619751
YER013W,YDR202C,0,-6.608331,0.1289496123790741,0.906000018119812,0.6119999885559082
YGL016W,YML062C,0,-6.6084623,0.12893126904964447,0.906000018119812,0.6121000051498413
YJR139C,YML123C,0,-6.6086407,0.12891292572021484,0.906000018119812,0.6122000217437744
YER164W,YGL078C,0,-6.6087904,0.12889458239078522,0.906000018119812,0.6122999787330627
YJR069C,YIR012W,0,-6.6088614,0.1288762390613556,0.906000018119812,0.6123999953269958
YLR295C,YOR049C,0,-6.6088705,0.12885791063308716,0.906000018119812,0.612500011920929
YOL002C,YNL026W,0,-6.608882,0.12883959710597992,0.906000018119812,0.6126000285148621
YML116W,YLR176C,0,-6.608967,0.1288212686777115,0.906000018119812,0.6126999855041504
YBR092C,YOR321W,0,-6.609123,0.12880295515060425,0.906000018119812,0.6128000020980835
YNL258C,YIL019W,0,-6.609172,0.128784641623497,0.906000018119812,0.6129000186920166
YOR032C,YLR033W,0,-6.609307,0.12876634299755096,0.906000018119812,0.6129999756813049
YOL089C,YPL129W,1,-6.6095386,0.12889015674591064,0.9070000052452087,0.6129999756813049
YMR116C,YJR026W,0,-6.609624,0.1288718432188034,0.9070000052452087,0.613099992275238
YER038C,YBR256C,0,-6.6096725,0.12885352969169617,0.9070000052452087,0.6132000088691711
YNR015W,YAR042W,0,-6.6097794,0.12883523106575012,0.9070000052452087,0.6133000254631042
YFR028C,YCR102C,0,-6.609864,0.12881693243980408,0.9070000052452087,0.6133999824523926
YPR138C,YNL329C,0,-6.61016,0.12879863381385803,0.9070000052452087,0.6134999990463257
YJR086W,YFL026W,0,-6.6103873,0.12878035008907318,0.9070000052452087,0.6136000156402588
YER012W,YER075C,0,-6.610655,0.12876206636428833,0.9070000052452087,0.6136999726295471
YMR065W,YAL068C,0,-6.610667,0.12874378263950348,0.9070000052452087,0.6137999892234802
YHR011W,YHR133C,0,-6.6113415,0.12872551381587982,0.9070000052452087,0.6139000058174133
YKR083C,YPL235W,0,-6.611358,0.12870724499225616,0.9070000052452087,0.6140000224113464
YKL188C,YML001W,0,-6.611928,0.1286889910697937,0.9070000052452087,0.6140999794006348
YNL142W,YHR020W,0,-6.6119905,0.12867073714733124,0.9070000052452087,0.6141999959945679
YJL138C,YKL203C,0,-6.612044,0.12865248322486877,0.9070000052452087,0.614300012588501
YLR028C,YFL011W,0,-6.612303,0.1286342293024063,0.9070000052452087,0.6144000291824341
YNL286W,YPL036W,0,-6.612406,0.12861599028110504,0.9070000052452087,0.6144999861717224
YMR204C,YDL128W,0,-6.6124516,0.12859776616096497,0.9070000052452087,0.6146000027656555
YNL072W,YLR337C,0,-6.6126513,0.1285795271396637,0.9070000052452087,0.6147000193595886
YHR169W,YBR088C,0,-6.612757,0.12856130301952362,0.9070000052452087,0.614799976348877
YPL254W,YMR200W,0,-6.612831,0.12854307889938354,0.9070000052452087,0.6148999929428101
YDR284C,YPR078C,0,-6.6130786,0.12852486968040466,0.9070000052452087,0.6150000095367432
YJR150C,YPL075W,0,-6.61309,0.12850666046142578,0.9070000052452087,0.6151000261306763
YML013W,YML109W,0,-6.6131434,0.1284884512424469,0.9070000052452087,0.6151999831199646
YCR058C,YIR018W,0,-6.613229,0.1284702569246292,0.9070000052452087,0.6152999997138977
YDL046W,YBL025W,0,-6.613432,0.12845206260681152,0.9070000052452087,0.6154000163078308
YLR068W,YKR090W,0,-6.6134458,0.12843386828899384,0.9070000052452087,0.6154999732971191
YBL032W,YHR088W,0,-6.613644,0.12841568887233734,0.9070000052452087,0.6155999898910522
YPR001W,YDR129C,0,-6.6137047,0.12839750945568085,0.9070000052452087,0.6157000064849854
YML029W,YDR341C,0,-6.6139607,0.12837933003902435,0.9070000052452087,0.6158000230789185
YPL015C,YER072W,0,-6.6139665,0.12836116552352905,0.9070000052452087,0.6158999800682068
YEL063C,YNL164C,0,-6.614026,0.12834300100803375,0.9070000052452087,0.6159999966621399
YOR349W,YER087C-A,0,-6.6140423,0.12832485139369965,0.9070000052452087,0.616100013256073
YNR060W,YKR022C,0,-6.6141634,0.12830668687820435,0.9070000052452087,0.6161999702453613
YDR359C,YKL119C,0,-6.614727,0.12828853726387024,0.9070000052452087,0.6162999868392944
YOL086C,YBR029C,0,-6.6151714,0.12827040255069733,0.9070000052452087,0.6164000034332275
YFL022C,YER038C,0,-6.6151767,0.12825226783752441,0.9070000052452087,0.6165000200271606
YNL201C,YOR243C,0,-6.6153255,0.1282341331243515,0.9070000052452087,0.616599977016449
YDL105W,YHR020W,0,-6.615494,0.1282159984111786,0.9070000052452087,0.6166999936103821
YNL201C,YKR031C,0,-6.6156507,0.12819787859916687,0.9070000052452087,0.6168000102043152
YMR281W,YNL279W,0,-6.615816,0.12817975878715515,0.9070000052452087,0.6169000267982483
YER052C,YHR058C,0,-6.616002,0.12816165387630463,0.9070000052452087,0.6169999837875366
YMR055C,YLR452C,0,-6.6160955,0.1281435489654541,0.9070000052452087,0.6171000003814697
YJL122W,YDR212W,0,-6.616411,0.12812544405460358,0.9070000052452087,0.6172000169754028
YGR256W,YDR306C,0,-6.6166105,0.12810733914375305,0.9070000052452087,0.6172999739646912
YJL204C,YHR157W,0,-6.6166415,0.12808924913406372,0.9070000052452087,0.6173999905586243
YDR295C,YGL037C,0,-6.6166506,0.1280711591243744,0.9070000052452087,0.6175000071525574
YPR008W,YDR460W,1,-6.6168327,0.12819427251815796,0.9079999923706055,0.6175000071525574
YPL202C,YNL257C,1,-6.6169877,0.12831734120845795,0.9089999794960022,0.6175000071525574
YKL051W,YAL011W,0,-6.6170955,0.12829922139644623,0.9089999794960022,0.6176000237464905
YHR091C,YOR270C,0,-6.6173196,0.1282811164855957,0.9089999794960022,0.6176999807357788
YBR250W,YJL164C,0,-6.6173553,0.12826301157474518,0.9089999794960022,0.6177999973297119
YMR072W,YGR070W,0,-6.617553,0.12824492156505585,0.9089999794960022,0.617900013923645
YMR204C,YPL087W,0,-6.617553,0.12822683155536652,0.9089999794960022,0.6179999709129333
YCL024W,YNL307C,0,-6.6176033,0.12820874154567719,0.9089999794960022,0.6180999875068665
YPR083W,YJL004C,0,-6.617674,0.12819066643714905,0.9089999794960022,0.6182000041007996
YJL041W,YGR101W,0,-6.6178093,0.1281725913286209,0.9089999794960022,0.6183000206947327
YNL073W,YNL088W,0,-6.6178937,0.12815451622009277,0.9089999794960022,0.618399977684021
YDR296W,YNL236W,0,-6.618001,0.12813645601272583,0.9089999794960022,0.6184999942779541
YKL190W,YNR003C,0,-6.6181,0.1281183958053589,0.9089999794960022,0.6186000108718872
YPL177C,YER148W,1,-6.6181393,0.12824125587940216,0.9100000262260437,0.6186000108718872
YIR011C,YML085C,0,-6.618538,0.12822319567203522,0.9100000262260437,0.6187000274658203
YMR150C,YDR469W,0,-6.618744,0.12820513546466827,0.9100000262260437,0.6187999844551086
YDL149W,YDR527W,0,-6.6188674,0.12818707525730133,0.9100000262260437,0.6189000010490417
YLR032W,YOL020W,0,-6.619082,0.1281690150499344,0.9100000262260437,0.6190000176429749
YOR204W,YJL035C,0,-6.619229,0.12815096974372864,0.9100000262260437,0.6190999746322632
YCL067C,YPL188W,0,-6.619325,0.1281329244375229,0.9100000262260437,0.6191999912261963
YLR158C,YJR135C,0,-6.6198606,0.12811487913131714,0.9100000262260437,0.6193000078201294
YER087C-B,YJL045W,0,-6.6201143,0.12809684872627258,0.9100000262260437,0.6194000244140625
YDR331W,YGR081C,0,-6.620183,0.12807881832122803,0.9100000262260437,0.6194999814033508
YBL026W,YER117W,0,-6.6206255,0.12806078791618347,0.9100000262260437,0.6195999979972839
YPR008W,YKL058W,1,-6.6206856,0.1281834840774536,0.9110000133514404,0.6195999979972839
YPL121C,YDL200C,0,-6.620772,0.12816545367240906,0.9110000133514404,0.619700014591217
YKR072C,YJL129C,0,-6.620818,0.1281474232673645,0.9110000133514404,0.6197999715805054
YNL047C,YDL098C,0,-6.6209545,0.12812939286231995,0.9110000133514404,0.6198999881744385
YDR123C,YKL093W,0,-6.621159,0.12811137735843658,0.9110000133514404,0.6200000047683716
YGL027C,YGR086C,0,-6.6214523,0.12809336185455322,0.9110000133514404,0.6201000213623047
YOR026W,YLL041C,0,-6.622019,0.12807536125183105,0.9110000133514404,0.620199978351593
YBR236C,YBR154C,0,-6.622179,0.1280573457479477,0.9110000133514404,0.6202999949455261
YNL328C,YDR238C,0,-6.62219,0.12803936004638672,0.9110000133514404,0.6204000115394592
YPR100W,YDL229W,0,-6.6222477,0.12802135944366455,0.9110000133514404,0.6205000281333923
YLR383W,YER072W,0,-6.6224756,0.12800337374210358,0.9110000133514404,0.6205999851226807
YDR345C,YLL019C,0,-6.6224833,0.1279853880405426,0.9110000133514404,0.6207000017166138
YER168C,YLL056C,0,-6.6226034,0.12796741724014282,0.9110000133514404,0.6208000183105469
YOR373W,YNL299W,0,-6.6226244,0.12794943153858185,0.9110000133514404,0.6208999752998352
YLR242C,YCR065W,0,-6.6226807,0.12793147563934326,0.9110000133514404,0.6209999918937683
YPR033C,YIL021W,0,-6.6228075,0.12791350483894348,0.9110000133514404,0.6211000084877014
YER028C,YPR086W,1,-6.623336,0.12803593277931213,0.9120000004768372,0.6211000084877014
YGL094C,YGL135W,0,-6.623862,0.12801796197891235,0.9120000004768372,0.6212000250816345
YDR097C,YDR398W,0,-6.6239862,0.12800000607967377,0.9120000004768372,0.6212999820709229
YNL245C,YPR024W,0,-6.624654,0.127982035279274,0.9120000004768372,0.621399998664856
YOL095C,YHR066W,0,-6.6247153,0.1279640793800354,0.9120000004768372,0.6215000152587891
YDR469W,YBR284W,0,-6.6247473,0.12794612348079681,0.9120000004768372,0.6215999722480774
YGL223C,YDR060W,0,-6.624753,0.12792818248271942,0.9120000004768372,0.6216999888420105
YPL100W,YCR058C,0,-6.625038,0.12791024148464203,0.9120000004768372,0.6218000054359436
YEL032W,YMR125W,0,-6.6255913,0.12789230048656464,0.9120000004768372,0.6219000220298767
YIL112W,YLR417W,0,-6.625623,0.12787437438964844,0.9120000004768372,0.621999979019165
YLR401C,YML052W,0,-6.6256485,0.12785644829273224,0.9120000004768372,0.6220999956130981
YGR249W,YDR065W,0,-6.6256924,0.12783852219581604,0.9120000004768372,0.6222000122070312
YER015W,YLR320W,0,-6.625778,0.12782059609889984,0.9120000004768372,0.6223000288009644
YMR026C,YDL036C,0,-6.6257915,0.12780268490314484,0.9120000004768372,0.6223999857902527
YPL231W,YAL002W,0,-6.6260166,0.12778478860855103,0.9120000004768372,0.6225000023841858
YGL099W,YIL068C,0,-6.6263723,0.12776687741279602,0.9120000004768372,0.6226000189781189
YHR013C,YBR250W,0,-6.62647,0.1277489811182022,0.9120000004768372,0.6226999759674072
YOR250C,YDL245C,0,-6.626584,0.1277310997247696,0.9120000004768372,0.6227999925613403
YBL019W,YKL196C,0,-6.6270833,0.12771320343017578,0.9120000004768372,0.6229000091552734
YHL025W,YBR175W,0,-6.6273313,0.12769532203674316,0.9120000004768372,0.6230000257492065
YGL043W,YFL011W,0,-6.6275063,0.12767744064331055,0.9120000004768372,0.6230999827384949
YLL027W,YDL230W,0,-6.6283846,0.12765957415103912,0.9120000004768372,0.623199999332428
YOL165C,YDR488C,0,-6.628456,0.1276417076587677,0.9120000004768372,0.6233000159263611
YPR144C,YNL290W,0,-6.6285925,0.12762384116649628,0.9120000004768372,0.6233999729156494
YHR068W,YKL073W,0,-6.629059,0.12760598957538605,0.9120000004768372,0.6234999895095825
YPL275W,YGL013C,0,-6.629121,0.12758813798427582,0.9120000004768372,0.6236000061035156
YMR188C,YDR195W,0,-6.6292534,0.1275702863931656,0.9120000004768372,0.6237000226974487
YDR173C,YPL135W,0,-6.6294017,0.12755244970321655,0.9120000004768372,0.6237999796867371
YBR158W,YEL003W,0,-6.6295342,0.12753461301326752,0.9120000004768372,0.6238999962806702
YDL008W,YOR030W,0,-6.6296196,0.12751677632331848,0.9120000004768372,0.6240000128746033
YBL061C,YER049W,0,-6.629639,0.12749895453453064,0.9120000004768372,0.6241000294685364
YOL065C,YNL247W,0,-6.629661,0.1274811327457428,0.9120000004768372,0.6241999864578247
YNL084C,YLR450W,0,-6.6296997,0.12746331095695496,0.9120000004768372,0.6243000030517578
YPR188C,YPL157W,0,-6.6300106,0.1274455040693283,0.9120000004768372,0.6244000196456909
YOR058C,YEL057C,0,-6.6303115,0.12742769718170166,0.9120000004768372,0.6244999766349792
YDR437W,YOL020W,0,-6.6303673,0.127409890294075,0.9120000004768372,0.6245999932289124
YFR005C,YLR181C,0,-6.6303697,0.12739209830760956,0.9120000004768372,0.6247000098228455
YBR131W,YDR451C,0,-6.6305876,0.1273743063211441,0.9120000004768372,0.6248000264167786
YLR383W,YPL276W,0,-6.630625,0.12735651433467865,0.9120000004768372,0.6248999834060669
YOL156W,YGR054W,0,-6.630825,0.1273387372493744,0.9120000004768372,0.625
YOL165C,YML040W,0,-6.630929,0.12732096016407013,0.9120000004768372,0.6251000165939331
YER145C,YDR470C,0,-6.6310186,0.12730318307876587,0.9120000004768372,0.6251999735832214
YMR168C,YBL061C,0,-6.631102,0.1272854208946228,0.9120000004768372,0.6252999901771545
YNL318C,YMR243C,0,-6.631111,0.12726765871047974,0.9120000004768372,0.6254000067710876
YBL098W,YLR340W,0,-6.631156,0.12724989652633667,0.9120000004768372,0.6255000233650208
YGL130W,YER002W,0,-6.631265,0.1272321492433548,0.9120000004768372,0.6255999803543091
YGL113W,YBR082C,0,-6.6312833,0.12721440196037292,0.9120000004768372,0.6256999969482422
YJL076W,YGR128C,0,-6.6315317,0.12719665467739105,0.9120000004768372,0.6258000135421753
YNL222W,YAL001C,1,-6.631635,0.1273183673620224,0.9129999876022339,0.6258000135421753
YBR065C,YIL077C,0,-6.632015,0.12730062007904053,0.9129999876022339,0.6258999705314636
YDR150W,YML039W,0,-6.6323886,0.12728287279605865,0.9129999876022339,0.6259999871253967
YBL040C,YKR097W,0,-6.632653,0.12726512551307678,0.9129999876022339,0.6261000037193298
YCL059C,YGL068W,0,-6.6327972,0.1272473931312561,0.9129999876022339,0.6262000203132629
YNR053C,YGL169W,0,-6.6329517,0.12722966074943542,0.9129999876022339,0.6262999773025513
YGR119C,YMR165C,0,-6.6331196,0.12721192836761475,0.9129999876022339,0.6263999938964844
YOR245C,YGR165W,0,-6.633161,0.12719421088695526,0.9129999876022339,0.6265000104904175
YFL023W,YNL286W,0,-6.6332626,0.12717649340629578,0.9129999876022339,0.6266000270843506
YDR251W,YIR011C,0,-6.6333365,0.1271587759256363,0.9129999876022339,0.6266999840736389
YLR097C,YIL016W,0,-6.633529,0.127141073346138,0.9129999876022339,0.626800000667572
YFL023W,YER052C,0,-6.633728,0.1271233707666397,0.9129999876022339,0.6269000172615051
YDR495C,YNR047W,0,-6.6339703,0.12710566818714142,0.9129999876022339,0.6269999742507935
YOL080C,YPR080W,0,-6.634217,0.12708798050880432,0.9129999876022339,0.6270999908447266
YGR037C,YJL041W,0,-6.6342244,0.12707027792930603,0.9129999876022339,0.6272000074386597
YAL035W,YGL095C,0,-6.6346335,0.12705260515213013,0.9129999876022339,0.6273000240325928
YMR080C,YBR037C,0,-6.634691,0.12703491747379303,0.9129999876022339,0.6273999810218811
YOR377W,YDL117W,0,-6.634779,0.12701724469661713,0.9129999876022339,0.6274999976158142
YMR138W,YBR142W,0,-6.634843,0.12699958682060242,0.9129999876022339,0.6276000142097473
YBR218C,YIL138C,0,-6.635025,0.1269819140434265,0.9129999876022339,0.6276999711990356
YBL085W,YMR133W,0,-6.6350727,0.1269642561674118,0.9129999876022339,0.6277999877929688
YAL011W,YOL097C,0,-6.6351767,0.1269466131925583,0.9129999876022339,0.6279000043869019
YGR142W,YLR193C,0,-6.6351852,0.12692895531654358,0.9129999876022339,0.628000020980835
YGL153W,YEL004W,0,-6.635308,0.12691131234169006,0.9129999876022339,0.6280999779701233
YNL210W,YBR221C,0,-6.6353874,0.12689366936683655,0.9129999876022339,0.6281999945640564
YDL200C,YDR388W,0,-6.6355057,0.12687604129314423,0.9129999876022339,0.6283000111579895
YPL176C,YDR470C,0,-6.6357384,0.1268584132194519,0.9129999876022339,0.6284000277519226
YLR249W,YLR301W,0,-6.6357527,0.12684078514575958,0.9129999876022339,0.6284999847412109
YBR015C,YGR192C,0,-6.6359825,0.12682317197322845,0.9129999876022339,0.628600001335144
YNR002C,YNR072W,0,-6.636071,0.12680555880069733,0.9129999876022339,0.6287000179290771
YOR140W,YDR523C,0,-6.6360917,0.1267879456281662,0.9129999876022339,0.6287999749183655
YHR052W,YHR072W-A,0,-6.6360946,0.12677034735679626,0.9129999876022339,0.6288999915122986
YHR106W,YDR484W,0,-6.6362314,0.12675274908542633,0.9129999876022339,0.6290000081062317
YBR068C,YER190W,0,-6.6363993,0.1267351508140564,0.9129999876022339,0.6291000247001648
YJR010C-A,YKL056C,0,-6.636411,0.12671755254268646,0.9129999876022339,0.6291999816894531
YOR040W,YBR043C,0,-6.6366873,0.12669996917247772,0.9129999876022339,0.6292999982833862
YBR059C,YNL128W,0,-6.6368923,0.12668238580226898,0.9129999876022339,0.6294000148773193
YDR225W,YDR419W,0,-6.636902,0.12666481733322144,0.9129999876022339,0.6294999718666077
YGR037C,YKL149C,0,-6.6372147,0.1266472488641739,0.9129999876022339,0.6295999884605408
YGL001C,YLR240W,0,-6.637249,0.12662968039512634,0.9129999876022339,0.6297000050544739
YDR141C,YER112W,0,-6.6376944,0.12661212682724,0.9129999876022339,0.629800021648407
YBR244W,YDR217C,0,-6.6378937,0.12659455835819244,0.9129999876022339,0.6298999786376953
YPL202C,YOL089C,1,-6.6379995,0.12671564519405365,0.9139999747276306,0.6298999786376953
YLR411W,YPR073C,0,-6.638094,0.1266980916261673,0.9139999747276306,0.6299999952316284
YOR340C,YDR400W,0,-6.6381664,0.12668052315711975,0.9139999747276306,0.6301000118255615
YLR116W,YLR107W,0,-6.6381874,0.1266629695892334,0.9139999747276306,0.6302000284194946
YML080W,YDR078C,0,-6.6385536,0.12664541602134705,0.9139999747276306,0.630299985408783
YLL024C,YHR020W,0,-6.638772,0.1266278773546219,0.9139999747276306,0.6304000020027161
YLR135W,YNL070W,0,-6.6389112,0.12661033868789673,0.9139999747276306,0.6305000185966492
YNL331C,YPR005C,0,-6.6392813,0.12659280002117157,0.9139999747276306,0.6305999755859375
YGL093W,YDL064W,0,-6.6393137,0.1265752613544464,0.9139999747276306,0.6306999921798706
YAR007C,YKL006C-A,0,-6.6393695,0.12655773758888245,0.9139999747276306,0.6308000087738037
YNR075W,YBR275C,0,-6.6395884,0.12654021382331848,0.9139999747276306,0.6309000253677368
YJL184W,YMR023C,0,-6.6396933,0.1265227049589157,0.9139999747276306,0.6309999823570251
YEL009C,YBR212W,0,-6.6399007,0.12650519609451294,0.9139999747276306,0.6310999989509583
YPR163C,YDR472W,0,-6.6400766,0.12648768723011017,0.9139999747276306,0.6312000155448914
YDR281C,YJR068W,0,-6.640272,0.1264701783657074,0.9139999747276306,0.6312999725341797
YOR316C,YBR294W,0,-6.640541,0.12645268440246582,0.9139999747276306,0.6313999891281128
YHL040C,YNL070W,0,-6.6406536,0.12643519043922424,0.9139999747276306,0.6315000057220459
YDR221W,YAR007C,0,-6.64073,0.12641771137714386,0.9139999747276306,0.631600022315979
YCL061C,YMR030W,0,-6.6407747,0.12640021741390228,0.9139999747276306,0.6316999793052673
YDL013W,YKL154W,0,-6.640934,0.1263827383518219,0.9139999747276306,0.6317999958992004
YBR065C,YDR140W,0,-6.6410522,0.1263652741909027,0.9139999747276306,0.6319000124931335
YIL036W,YPR056W,1,-6.641301,0.12648603320121765,0.9150000214576721,0.6319000124931335
YPR182W,YML088W,0,-6.6413803,0.12646855413913727,0.9150000214576721,0.6320000290870667
YOR008C,YOL124C,0,-6.641409,0.12645107507705688,0.9150000214576721,0.632099986076355
YOR034C,YGL192W,0,-6.6416025,0.1264336109161377,0.9150000214576721,0.6322000026702881
YLR242C,YIR005W,0,-6.641852,0.1264161318540573,0.9150000214576721,0.6323000192642212
YHR034C,YDL097C,0,-6.6418757,0.12639866769313812,0.9150000214576721,0.6323999762535095
YNL074C,YNL247W,0,-6.641936,0.12638121843338013,0.9150000214576721,0.6324999928474426
YMR080C,YHR079C-A,0,-6.6420445,0.12636376917362213,0.9150000214576721,0.6326000094413757
YNR032W,YDR469W,0,-6.6425667,0.12634631991386414,0.9150000214576721,0.6327000260353088
YBL033C,YGL229C,0,-6.6427298,0.12632887065410614,0.9150000214576721,0.6327999830245972
YFL011W,YER022W,0,-6.6428695,0.12631143629550934,0.9150000214576721,0.6328999996185303
YPL131W,YOR068C,0,-6.6430535,0.12629400193691254,0.9150000214576721,0.6330000162124634
YER061C,YLR264W,0,-6.6432476,0.12627656757831573,0.9150000214576721,0.6330999732017517
YLL042C,YHR034C,0,-6.6433535,0.12625914812088013,0.9150000214576721,0.6331999897956848
YPL015C,YER118C,0,-6.643652,0.12624172866344452,0.9150000214576721,0.6333000063896179
YLL035W,YHR204W,0,-6.643667,0.1262243092060089,0.9150000214576721,0.633400022983551
YLR399C,YER094C,0,-6.644264,0.1262068897485733,0.9150000214576721,0.6334999799728394
YBR085W,YNL291C,0,-6.6443543,0.1261894851922989,0.9150000214576721,0.6335999965667725
YDR099W,YPL058C,0,-6.644477,0.12617209553718567,0.9150000214576721,0.6337000131607056
YGR037C,YPR001W,0,-6.6450844,0.12615469098091125,0.9150000214576721,0.6338000297546387
YCR098C,YDR363W-A,0,-6.6451983,0.12613730132579803,0.9150000214576721,0.633899986743927
YER019C-A,YAL011W,0,-6.645411,0.12611991167068481,0.9150000214576721,0.6340000033378601
YJL184W,YMR081C,0,-6.64588,0.1261025369167328,0.9150000214576721,0.6341000199317932
YDR013W,YFR052W,0,-6.6460743,0.12608516216278076,0.9150000214576721,0.6341999769210815
YKL057C,YAL011W,0,-6.646242,0.12606778740882874,0.9150000214576721,0.6342999935150146
YML042W,YDL117W,0,-6.646246,0.1260504275560379,0.9150000214576721,0.6344000101089478
YKL015W,YKL130C,0,-6.6463814,0.12603305280208588,0.9150000214576721,0.6345000267028809
YDR221W,YPL212C,0,-6.6466894,0.12601569294929504,0.9150000214576721,0.6345999836921692
YMR056C,YPL008W,0,-6.646721,0.1259983479976654,0.9150000214576721,0.6347000002861023
YPR031W,YER094C,0,-6.6470566,0.12598100304603577,0.9150000214576721,0.6348000168800354
YMR246W,YOL142W,0,-6.647089,0.12596365809440613,0.9150000214576721,0.6348999738693237
YFL056C,YNL097C,0,-6.6475835,0.1259463131427765,0.9150000214576721,0.6349999904632568
YBR034C,YNR017W,0,-6.6476545,0.12592898309230804,0.9150000214576721,0.6351000070571899
YDR163W,YER143W,0,-6.6477575,0.1259116530418396,0.9150000214576721,0.635200023651123
YKL176C,YOL005C,0,-6.6477723,0.12589433789253235,0.9150000214576721,0.6352999806404114
YMR292W,YOL094C,0,-6.647808,0.1258770078420639,0.9150000214576721,0.6353999972343445
YNL051W,YML091C,0,-6.647906,0.12585969269275665,0.9150000214576721,0.6355000138282776
YDR487C,YMR134W,0,-6.6481304,0.1258423924446106,0.9150000214576721,0.6355999708175659
YER126C,YCR066W,0,-6.648413,0.12582507729530334,0.9150000214576721,0.635699987411499
YNL298W,YBR088C,0,-6.6487856,0.1258077770471573,0.9150000214576721,0.6358000040054321
YKR068C,YPL258C,0,-6.649083,0.12579049170017242,0.9150000214576721,0.6359000205993652
YIL122W,YOR115C,0,-6.6491137,0.12577319145202637,0.9150000214576721,0.6359999775886536
YOL164W,YDR238C,0,-6.649263,0.1257559061050415,0.9150000214576721,0.6360999941825867
YPR122W,YBL056W,0,-6.64944,0.12573863565921783,0.9150000214576721,0.6362000107765198
YKL012W,YNL246W,0,-6.649604,0.12572135031223297,0.9150000214576721,0.6363000273704529
YFL021W,YER028C,1,-6.649831,0.12584146857261658,0.9160000085830688,0.6363000273704529
YNL037C,YDR289C,0,-6.6498384,0.1258241832256317,0.9160000085830688,0.6363999843597412
YDR073W,YHL025W,0,-6.6498537,0.12580689787864685,0.9160000085830688,0.6365000009536743
YNL008C,YNR011C,0,-6.650094,0.125789612531662,0.9160000085830688,0.6366000175476074
YHR015W,YBR294W,0,-6.6501045,0.12577234208583832,0.9160000085830688,0.6366999745368958
YGR121C,YGL066W,0,-6.6507287,0.12575508654117584,0.9160000085830688,0.6367999911308289
YGL105W,YJL128C,0,-6.651055,0.12573781609535217,0.9160000085830688,0.636900007724762
YPL255W,YKL175W,0,-6.6510706,0.1257205605506897,0.9160000085830688,0.6370000243186951
YDL230W,YMR013C,0,-6.65114,0.12570330500602722,0.9160000085830688,0.6370999813079834
YGR097W,YPR112C,0,-6.6513567,0.12568606436252594,0.9160000085830688,0.6371999979019165
YCL011C,YGR128C,0,-6.651721,0.12566880881786346,0.9160000085830688,0.6373000144958496
YDL147W,YHR066W,0,-6.651952,0.12565158307552338,0.9160000085830688,0.6373999714851379
YOR355W,YGR044C,0,-6.6520033,0.1256343424320221,0.9160000085830688,0.637499988079071
YIR023W,YGR085C,0,-6.6521063,0.125617116689682,0.9160000085830688,0.6376000046730042
YJL128C,YBR175W,0,-6.652277,0.12559989094734192,0.9160000085830688,0.6377000212669373
YML112W,YCR057C,0,-6.652356,0.12558266520500183,0.9160000085830688,0.6377999782562256
YOL042W,YNL332W,0,-6.6526747,0.12556545436382294,0.9160000085830688,0.6378999948501587
YJR001W,YLR284C,0,-6.6526804,0.12554824352264404,0.9160000085830688,0.6380000114440918
YDL085W,YBR083W,0,-6.6527343,0.12553104758262634,0.9160000085830688,0.6381000280380249
YGL021W,YLR059C,0,-6.6527863,0.12551383674144745,0.9160000085830688,0.6381999850273132
YGR109C,YPL244C,0,-6.65291,0.12549664080142975,0.9160000085830688,0.6383000016212463
YMR059W,YER049W,0,-6.652975,0.12547944486141205,0.9160000085830688,0.6384000182151794
YIL126W,YLR425W,0,-6.653099,0.12546226382255554,0.9160000085830688,0.6384999752044678
YGL112C,YAL001C,1,-6.6531134,0.1255820393562317,0.9169999957084656,0.6384999752044678
YDR076W,YHR027C,0,-6.6532187,0.125564843416214,0.9169999957084656,0.6385999917984009
YMR203W,YBR293W,0,-6.65326,0.1255476474761963,0.9169999957084656,0.638700008392334
YDR294C,YPL128C,0,-6.6532845,0.1255304515361786,0.9169999957084656,0.6388000249862671
YDR256C,YPL179W,0,-6.653393,0.12551327049732208,0.9169999957084656,0.6388999819755554
YGL245W,YHR062C,0,-6.6536403,0.12549610435962677,0.9169999957084656,0.6389999985694885
YOR244W,YKR003W,0,-6.6539354,0.12547892332077026,0.9169999957084656,0.6391000151634216
YGR142W,YNL038W,0,-6.654066,0.12546175718307495,0.9169999957084656,0.63919997215271
YBR159W,YLR003C,0,-6.6543107,0.12544459104537964,0.9169999957084656,0.6392999887466431
YPR093C,YKR099W,0,-6.6546345,0.12542743980884552,0.9169999957084656,0.6394000053405762
YGR048W,YOL109W,0,-6.6550736,0.1254102885723114,0.9169999957084656,0.6395000219345093
YOL049W,YKL201C,0,-6.655115,0.12539313733577728,0.9169999957084656,0.6395999789237976
YJL073W,YCR033W,0,-6.6551914,0.12537598609924316,0.9169999957084656,0.6396999955177307
YOR144C,YOR298C-A,0,-6.6554565,0.12535884976387024,0.9169999957084656,0.6398000121116638
YNL061W,YOR127W,0,-6.65553,0.12534171342849731,0.9169999957084656,0.6399000287055969
YOR317W,YCL044C,0,-6.6555753,0.12532459199428558,0.9169999957084656,0.6399999856948853
YAR019C,YIL051C,0,-6.655584,0.12530745565891266,0.9169999957084656,0.6401000022888184
YGL222C,YER118C,0,-6.655796,0.12529033422470093,0.9169999957084656,0.6402000188827515
YDR030C,YJL025W,0,-6.655925,0.1252732276916504,0.9169999957084656,0.6402999758720398
YPL177C,YKL058W,1,-6.6559258,0.12539270520210266,0.9179999828338623,0.6402999758720398
YMR177W,YJL059W,0,-6.656439,0.12537558376789093,0.9179999828338623,0.6403999924659729
YDL175C,YBR127C,0,-6.6565638,0.1253584623336792,0.9179999828338623,0.640500009059906
YGR175C,YDL245C,0,-6.6566124,0.12534134089946747,0.9179999828338623,0.6406000256538391
YNL027W,YDL084W,0,-6.6566596,0.12532423436641693,0.9179999828338623,0.6406999826431274
YER157W,YFL031W,0,-6.656912,0.1253071278333664,0.9179999828338623,0.6407999992370605
YHR193C,YDR477W,0,-6.6569715,0.12529002130031586,0.9179999828338623,0.6409000158309937
YMR308C,YOL124C,0,-6.6571636,0.1252729296684265,0.9179999828338623,0.640999972820282
YBR200W,YBR050C,0,-6.6571674,0.12525583803653717,0.9179999828338623,0.6410999894142151
YFL023W,YOR260W,0,-6.657498,0.12523874640464783,0.9179999828338623,0.6412000060081482
YGR188C,YKL068W,0,-6.657958,0.12522165477275848,0.9179999828338623,0.6413000226020813
YIL142W,YOR129C,0,-6.6579585,0.12520457804203033,0.9179999828338623,0.6413999795913696
YLL008W,YPR070W,0,-6.6581964,0.12518750131130219,0.9179999828338623,0.6414999961853027
YMR038C,YDR276C,0,-6.658204,0.12517043948173523,0.9179999828338623,0.6416000127792358
YKR003W,YER093C,0,-6.658442,0.12515337765216827,0.9179999828338623,0.641700029373169
YMR023C,YLR301W,0,-6.658516,0.12513631582260132,0.9179999828338623,0.6417999863624573
YML062C,YOR321W,0,-6.658675,0.12511925399303436,0.9179999828338623,0.6419000029563904
YLR016C,YKR060W,0,-6.658778,0.1251022070646286,0.9179999828338623,0.6420000195503235
YDR481C,YDR314C,0,-6.6588035,0.12508516013622284,0.9179999828338623,0.6420999765396118
YPL083C,YHR008C,0,-6.6588063,0.12506811320781708,0.9179999828338623,0.6421999931335449
YPL175W,YDR457W,0,-6.6591744,0.1250510811805725,0.9179999828338623,0.642300009727478
YPL258C,YIL138C,0,-6.6591797,0.12503404915332794,0.9179999828338623,0.6424000263214111
YMR162C,YDR446W,0,-6.6591864,0.12501701712608337,0.9179999828338623,0.6424999833106995
YNL278W,YHR124W,0,-6.659334,0.125,0.9179999828338623,0.6425999999046326
YCR082W,YLR192C,0,-6.6594896,0.12498298287391663,0.9179999828338623,0.6427000164985657
YPL217C,YDR146C,0,-6.6596417,0.12496596574783325,0.9179999828338623,0.642799973487854
YGL257C,YBR006W,0,-6.6597056,0.12494895607233047,0.9179999828338623,0.6428999900817871
YGR083C,YPR103W,0,-6.6597753,0.1249319538474083,0.9179999828338623,0.6430000066757202
YLR430W,YBR103W,0,-6.660041,0.12491495162248611,0.9179999828338623,0.6431000232696533
YPL178W,YHR133C,0,-6.6601524,0.12489795684814453,0.9179999828338623,0.6431999802589417
YPR200C,YAR007C,0,-6.660188,0.12488096952438354,0.9179999828338623,0.6432999968528748
YLR293C,YDR115W,0,-6.660241,0.12486398220062256,0.9179999828338623,0.6434000134468079
YDL090C,YJL026W,0,-6.6603003,0.12484700232744217,0.9179999828338623,0.6434999704360962
YDL154W,YLR059C,0,-6.660342,0.12483002245426178,0.9179999828338623,0.6435999870300293
YML059C,YJL128C,0,-6.660469,0.12481305003166199,0.9179999828338623,0.6437000036239624
YLL004W,YLR448W,0,-6.660591,0.12479608505964279,0.9179999828338623,0.6438000202178955
YHR015W,YNL097C,0,-6.660776,0.1247791200876236,0.9179999828338623,0.6438999772071838
YPR067W,YBR213W,0,-6.660989,0.124762162566185,0.9179999828338623,0.6439999938011169
YLR314C,YGL249W,0,-6.6610093,0.124745212495327,0.9179999828338623,0.64410001039505
YMR237W,YMR013C,0,-6.6610413,0.124728262424469,0.9179999828338623,0.6442000269889832
YIL037C,YGR070W,0,-6.661347,0.12471131980419159,0.9179999828338623,0.6442999839782715
YOR157C,YOL093W,0,-6.661377,0.12469437718391418,0.9179999828338623,0.6444000005722046
YGR037C,YPL042C,0,-6.661459,0.12467744201421738,0.9179999828338623,0.6445000171661377
YKL114C,YMR023C,0,-6.661569,0.12466051429510117,0.9179999828338623,0.644599974155426
YLR176C,YLR378C,0,-6.6618304,0.12464358657598495,0.9179999828338623,0.6446999907493591
YNL278W,YLL019C,0,-6.6621447,0.12462666630744934,0.9179999828338623,0.6448000073432922
YJR108W,YDL161W,0,-6.6623964,0.12460974603891373,0.9179999828338623,0.6449000239372253
YAL059W,YEL050C,0,-6.6624627,0.12459283322095871,0.9179999828338623,0.6449999809265137
YBL024W,YNL186W,0,-6.6626024,0.12457592785358429,0.9179999828338623,0.6450999975204468
YHR019C,YHR011W,0,-6.662677,0.12455902248620987,0.9179999828338623,0.6452000141143799
YNL159C,YNL147W,0,-6.6631384,0.12454212456941605,0.9179999828338623,0.6452999711036682
YJR009C,YIL063C,0,-6.6637497,0.12452523410320282,0.9179999828338623,0.6453999876976013
YDR038C,YPR018W,0,-6.6640525,0.1245083436369896,0.9179999828338623,0.6455000042915344
YNR067C,YJR120W,0,-6.6641264,0.12449145317077637,0.9179999828338623,0.6456000208854675
YMR280C,YGR157W,0,-6.6641955,0.12447457760572433,0.9179999828338623,0.6456999778747559
YER053C,YBR082C,0,-6.664214,0.1244577020406723,0.9179999828338623,0.645799994468689
YBL019W,YHR039C,0,-6.6642795,0.12444082647562027,0.9179999828338623,0.6459000110626221
YGR188C,YDL035C,0,-6.6643457,0.12442396581172943,0.9179999828338623,0.6460000276565552
YBR132C,YDR039C,0,-6.6645308,0.124407097697258,0.9179999828338623,0.6460999846458435
YPL061W,YBR284W,0,-6.6646123,0.12439024448394775,0.9179999828338623,0.6462000012397766
YFL011W,YLR014C,0,-6.6652265,0.12437339127063751,0.9179999828338623,0.6463000178337097
YDL207W,YPR138C,0,-6.6652546,0.12435654550790787,0.9179999828338623,0.646399974822998
YNL133C,YOR209C,0,-6.665507,0.12433969974517822,0.9179999828338623,0.6464999914169312
YFR033C,YOR001W,0,-6.6658325,0.12432286143302917,0.9179999828338623,0.6466000080108643
YLR216C,YBR009C,0,-6.66585,0.12430602312088013,0.9179999828338623,0.6467000246047974
YLR411W,YPL209C,0,-6.665941,0.12428919225931168,0.9179999828338623,0.6467999815940857
YHR193C,YFL002C,0,-6.666115,0.12427236884832382,0.9179999828338623,0.6468999981880188
YGL142C,YGR094W,0,-6.666131,0.12425555288791656,0.9179999828338623,0.6470000147819519
YBR049C,YLR043C,0,-6.666155,0.12423873692750931,0.9179999828338623,0.6470999717712402
YNL232W,YAR010C,0,-6.666477,0.12422192096710205,0.9179999828338623,0.6471999883651733
YDR289C,YOL124C,0,-6.666971,0.12420511245727539,0.9179999828338623,0.6473000049591064
YLR357W,YNL241C,0,-6.6670084,0.12418831139802933,0.9179999828338623,0.6474000215530396
YDL092W,YHR099W,0,-6.667143,0.12417151033878326,0.9179999828338623,0.6474999785423279
YCL055W,YML028W,0,-6.6674156,0.1241547167301178,0.9179999828338623,0.647599995136261
YJR074W,YOR307C,0,-6.6674194,0.12413793057203293,0.9179999828338623,0.6477000117301941
YMR001C,YGL251C,0,-6.6676226,0.12412114441394806,0.9179999828338623,0.6478000283241272
YBL016W,YDL188C,0,-6.6677723,0.12410436570644379,0.9179999828338623,0.6478999853134155
YGL171W,YOR305W,0,-6.6679163,0.12408759444952011,0.9179999828338623,0.6480000019073486
YHR034C,YEL012W,0,-6.6679325,0.12407082319259644,0.9179999828338623,0.6481000185012817
YPL061W,YAR042W,0,-6.6681542,0.12405405193567276,0.9179999828338623,0.6481999754905701
YER028C,YGR005C,1,-6.6682005,0.12417241185903549,0.9190000295639038,0.6481999754905701
YGL211W,YGR118W,0,-6.668356,0.12415563315153122,0.9190000295639038,0.6482999920845032
YGR097W,YIL154C,0,-6.668844,0.12413886189460754,0.9190000295639038,0.6484000086784363
YDR295C,YBR142W,0,-6.668883,0.12412209808826447,0.9190000295639038,0.6485000252723694
YLR007W,YBR154C,0,-6.668922,0.12410533428192139,0.9190000295639038,0.6485999822616577
YBR236C,YDR231C,0,-6.6690536,0.1240885779261589,0.9190000295639038,0.6486999988555908
YGL191W,YKL018W,0,-6.669235,0.12407182157039642,0.9190000295639038,0.6488000154495239
YHR116W,YER029C,0,-6.669466,0.12405507266521454,0.9190000295639038,0.6488999724388123
YBR142W,YDL097C,0,-6.669982,0.12403833121061325,0.9190000295639038,0.6489999890327454
YNL007C,YDR443C,0,-6.6700473,0.12402158975601196,0.9190000295639038,0.6491000056266785
YGR140W,YOR008C,0,-6.6700788,0.12400485575199127,0.9190000295639038,0.6492000222206116
YGL166W,YMR227C,1,-6.6702433,0.12412304431200027,0.9200000166893005,0.6492000222206116
YPL237W,YLR386W,0,-6.6703672,0.12410630285739899,0.9200000166893005,0.6492999792098999
YGL166W,YER028C,1,-6.670579,0.12422443926334381,0.9210000038146973,0.6492999792098999
YJL134W,YMR093W,0,-6.670661,0.12420769035816193,0.9210000038146973,0.649399995803833
YDL055C,YER087C-A,0,-6.670691,0.12419094145298004,0.9210000038146973,0.6495000123977661
YDR076W,YLL041C,0,-6.6706924,0.12417419254779816,0.9210000038146973,0.6496000289916992
YBR188C,YNL332W,0,-6.670946,0.12415745854377747,0.9210000038146973,0.6496999859809875
YER019C-A,YBR284W,0,-6.67096,0.12414071708917618,0.9210000038146973,0.6498000025749207
YKL130C,YPR182W,0,-6.6710663,0.12412399053573608,0.9210000038146973,0.6499000191688538
YPL243W,YKL126W,0,-6.671193,0.12410726398229599,0.9210000038146973,0.6499999761581421
YPL271W,YLR417W,0,-6.671412,0.12409054487943649,0.9210000038146973,0.6500999927520752
YGL175C,YGR046W,0,-6.671646,0.124073825776577,0.9210000038146973,0.6502000093460083
YDR138W,YCL001W,0,-6.671974,0.1240571141242981,0.9210000038146973,0.6503000259399414
YDL058W,YML040W,0,-6.6721296,0.1240404024720192,0.9210000038146973,0.6503999829292297
YGL175C,YMR146C,0,-6.672202,0.12402369827032089,0.9210000038146973,0.6504999995231628
YKL040C,YML040W,0,-6.672501,0.12400700151920319,0.9210000038146973,0.650600016117096
YGL168W,YGR249W,0,-6.6726203,0.12399030476808548,0.9210000038146973,0.6506999731063843
YJR090C,YDL046W,0,-6.672763,0.12397361546754837,0.9210000038146973,0.6507999897003174
YPL015C,YDR487C,0,-6.6728725,0.12395693361759186,0.9210000038146973,0.6509000062942505
YOR307C,YKL081W,0,-6.673108,0.12394025176763535,0.9210000038146973,0.6510000228881836
YLL038C,YNL256W,0,-6.673408,0.12392357736825943,0.9210000038146973,0.6510999798774719
YPL181W,YOR332W,0,-6.673602,0.12390690296888351,0.9210000038146973,0.651199996471405
YOR250C,YNL201C,0,-6.673726,0.1238902360200882,0.9210000038146973,0.6513000130653381
YHR091C,YBR024W,0,-6.6737294,0.12387356907129288,0.9210000038146973,0.6514000296592712
YER036C,YIL118W,0,-6.6737623,0.12385690957307816,0.9210000038146973,0.6514999866485596
YGR059W,YDR212W,0,-6.6740713,0.12384025752544403,0.9210000038146973,0.6516000032424927
YOR207C,YPL012W,0,-6.6743402,0.1238236054778099,0.9210000038146973,0.6517000198364258
YKL143W,YNL201C,0,-6.6745806,0.12380696088075638,0.9210000038146973,0.6517999768257141
YPL121C,YGL014W,0,-6.67474,0.12379032373428345,0.9210000038146973,0.6518999934196472
YLL034C,YDL083C,0,-6.6749306,0.12377368658781052,0.9210000038146973,0.6520000100135803
YOR083W,YDR259C,0,-6.6751246,0.12375705689191818,0.9210000038146973,0.6521000266075134
YLL009C,YJR042W,0,-6.6754246,0.12374042719602585,0.9210000038146973,0.6521999835968018
YOL002C,YOR380W,0,-6.675638,0.12372380495071411,0.9210000038146973,0.6523000001907349
YJR052W,YBR058C-A,0,-6.675819,0.12370718270540237,0.9210000038146973,0.652400016784668
YBR008C,YGL084C,0,-6.6758194,0.12369057536125183,0.9210000038146973,0.6524999737739563
YNL004W,YJR158W,0,-6.6759033,0.12367396056652069,0.9210000038146973,0.6525999903678894
YLR242C,YLR022C,0,-6.6761093,0.12365736067295074,0.9210000038146973,0.6527000069618225
YIR017C,YJL203W,0,-6.676665,0.1236407607793808,0.9210000038146973,0.6528000235557556
YDR280W,YMR127C,0,-6.6767006,0.12362416088581085,0.9210000038146973,0.652899980545044
YBL006C,YBL051C,0,-6.6767855,0.1236075684428215,0.9210000038146973,0.652999997138977
YPR112C,YBR231C,0,-6.6767874,0.12359098345041275,0.9210000038146973,0.6531000137329102
YJL091C,YDL002C,0,-6.6772966,0.123574398458004,0.9210000038146973,0.6531999707221985
YHR007C,YOR207C,0,-6.677457,0.12355782091617584,0.9210000038146973,0.6532999873161316
YOR275C,YOR081C,0,-6.677533,0.12354125082492828,0.9210000038146973,0.6534000039100647
YHR007C,YBR258C,0,-6.6782317,0.12352468073368073,0.9210000038146973,0.6535000205039978
YPR199C,YDR071C,0,-6.678916,0.12350811064243317,0.9210000038146973,0.6535999774932861
YJL013C,YFL002C,0,-6.6789703,0.1234915554523468,0.9210000038146973,0.6536999940872192
YNL004W,YPL159C,0,-6.6792917,0.12347500026226044,0.9210000038146973,0.6538000106811523
YDR270W,YDL002C,0,-6.679346,0.12345844507217407,0.9210000038146973,0.6539000272750854
YAL031C,YEL034W,0,-6.679364,0.1234418973326683,0.9210000038146973,0.6539999842643738
YIL038C,YPL156C,0,-6.6794257,0.12342535704374313,0.9210000038146973,0.6541000008583069
YCL040W,YDR456W,0,-6.6795454,0.12340881675481796,0.9210000038146973,0.65420001745224
YFL021W,YER171W,1,-6.6803746,0.12352626025676727,0.921999990940094,0.65420001745224
YJL074C,YBL106C,0,-6.6804957,0.1235097125172615,0.921999990940094,0.6542999744415283
YER028C,YNL257C,1,-6.6805034,0.12362711131572723,0.9229999780654907,0.6542999744415283
YKL191W,YGL137W,0,-6.6806917,0.12361055612564087,0.9229999780654907,0.6543999910354614
YBR026C,YGR270W,0,-6.6807127,0.1235940009355545,0.9229999780654907,0.6545000076293945
YML092C,YGL063W,0,-6.6808014,0.12357745319604874,0.9229999780654907,0.6546000242233276
YGL124C,YMR129W,0,-6.6808467,0.12356091290712357,0.9229999780654907,0.654699981212616
YMR032W,YLR222C,0,-6.6808786,0.1235443726181984,0.9229999780654907,0.6547999978065491
YJR143C,YPL106C,0,-6.680911,0.12352783977985382,0.9229999780654907,0.6549000144004822
YDR386W,YOR119C,0,-6.6812544,0.12351130694150925,0.9229999780654907,0.6549999713897705
YJL108C,YLR396C,0,-6.6812544,0.12349478155374527,0.9229999780654907,0.6550999879837036
YMR299C,YOR168W,0,-6.681365,0.12347826361656189,0.9229999780654907,0.6552000045776367
YJR105W,YOR119C,0,-6.681573,0.12346174567937851,0.9229999780654907,0.6553000211715698
YBR035C,YOR229W,0,-6.681603,0.12344523519277573,0.9229999780654907,0.6553999781608582
YDL126C,YOR284W,0,-6.682175,0.12342872470617294,0.9229999780654907,0.6554999947547913
YDR296W,YER008C,0,-6.682442,0.12341222167015076,0.9229999780654907,0.6556000113487244
YBL042C,YDR306C,0,-6.682496,0.12339571863412857,0.9229999780654907,0.6557000279426575
YHR164C,YEL024W,0,-6.6825166,0.12337923049926758,0.9229999780654907,0.6557999849319458
YDR440W,YJL053W,0,-6.682559,0.12336273491382599,0.9229999780654907,0.6559000015258789
YJR092W,YDR062W,0,-6.6826334,0.1233462542295456,0.9229999780654907,0.656000018119812
YGR140W,YPL175W,0,-6.682931,0.1233297735452652,0.9229999780654907,0.6560999751091003
YKL021C,YGR270W,0,-6.6833086,0.1233132928609848,0.9229999780654907,0.6561999917030334
YOL034W,YML131W,0,-6.683421,0.123296819627285,0.9229999780654907,0.6563000082969666
YPR075C,YNL026W,0,-6.6835814,0.1232803538441658,0.9229999780654907,0.6564000248908997
YKL113C,YKL014C,0,-6.6836863,0.1232638880610466,0.9229999780654907,0.656499981880188
YLR081W,YHR075C,0,-6.6837997,0.123247429728508,0.9229999780654907,0.6565999984741211
YDR397C,YKR086W,0,-6.683917,0.12323097139596939,0.9229999780654907,0.6567000150680542
YCR075C,YCR031C,0,-6.6839952,0.12321452051401138,0.9229999780654907,0.6567999720573425
YIL044C,YJR009C,0,-6.684108,0.12319807708263397,0.9229999780654907,0.6568999886512756
YMR246W,YOL105C,0,-6.6841254,0.12318163365125656,0.9229999780654907,0.6570000052452087
YNL065W,YHR023W,0,-6.6843634,0.12316519767045975,0.9229999780654907,0.6571000218391418
YPR201W,YJL089W,0,-6.6848288,0.12314876914024353,0.9229999780654907,0.6571999788284302
YLR381W,YHR059W,0,-6.68487,0.12313234061002731,0.9229999780654907,0.6572999954223633
YJL013C,YLL024C,0,-6.684969,0.1231159120798111,0.9229999780654907,0.6574000120162964
YGL028C,YKL020C,0,-6.685011,0.12309949100017548,0.9229999780654907,0.6575000286102295
YPR199C,YMR089C,0,-6.6850443,0.12308307737112045,0.9229999780654907,0.6575999855995178
YPL209C,YKL193C,0,-6.6851993,0.12306666374206543,0.9229999780654907,0.6577000021934509
YMR065W,YAL032C,0,-6.6856117,0.123050257563591,0.9229999780654907,0.657800018787384
YNL172W,YLR074C,0,-6.685712,0.12303385883569717,0.9229999780654907,0.6578999757766724
YBR029C,YOL126C,0,-6.685919,0.12301746010780334,0.9229999780654907,0.6579999923706055
YGR037C,YML121W,0,-6.6859674,0.12300106883049011,0.9229999780654907,0.6581000089645386
YNR030W,YOL043C,0,-6.6860723,0.12298467755317688,0.9229999780654907,0.6582000255584717
YKL114C,YOR361C,0,-6.68641,0.12296829372644424,0.9229999780654907,0.65829998254776
YKL220C,YPL117C,0,-6.6864467,0.12295190989971161,0.9229999780654907,0.6583999991416931
YPR104C,YDR025W,0,-6.6866636,0.12293553352355957,0.9229999780654907,0.6585000157356262
YJL085W,YLR259C,0,-6.686755,0.12291916459798813,0.9229999780654907,0.6585999727249146
YFL025C,YGR183C,0,-6.6868362,0.12290279567241669,0.9229999780654907,0.6586999893188477
YHR075C,YHR099W,0,-6.687049,0.12288643419742584,0.9229999780654907,0.6588000059127808
YLR044C,YML064C,0,-6.6872797,0.122870072722435,0.9229999780654907,0.6589000225067139
YHR094C,YGR178C,0,-6.687422,0.12285371869802475,0.9229999780654907,0.6589999794960022
YJR105W,YLR066W,0,-6.6874714,0.1228373721241951,0.9229999780654907,0.6590999960899353
YLR246W,YLR016C,0,-6.687868,0.12282102555036545,0.9229999780654907,0.6592000126838684
YNL281W,YCR102C,0,-6.688077,0.1228046864271164,0.9229999780654907,0.6593000292778015
YER065C,YOR153W,0,-6.688197,0.12278834730386734,0.9229999780654907,0.6593999862670898
YNL245C,YIL131C,0,-6.6884966,0.12277201563119888,0.9229999780654907,0.659500002861023
YLR158C,YDR427W,0,-6.688531,0.12275568395853043,0.9229999780654907,0.659600019454956
YNL286W,YKL089W,0,-6.689016,0.12273935973644257,0.9229999780654907,0.6596999764442444
YOR317W,YPL053C,0,-6.689378,0.1227230429649353,0.9229999780654907,0.6597999930381775
YMR138W,YAL031C,0,-6.689441,0.12270672619342804,0.9229999780654907,0.6599000096321106
YGR095C,YHR167W,0,-6.689709,0.12269041687250137,0.9229999780654907,0.6600000262260437
YJR093C,YML075C,0,-6.68983,0.12267410755157471,0.9229999780654907,0.660099983215332
YKL049C,YIL117C,0,-6.6898966,0.12265780568122864,0.9229999780654907,0.6601999998092651
YPL048W,YMR299C,0,-6.6899495,0.12264151126146317,0.9229999780654907,0.6603000164031982
YDL003W,YBR024W,0,-6.689988,0.12262521684169769,0.9229999780654907,0.6603999733924866
YCL027W,YBR022W,0,-6.690097,0.12260892987251282,0.9229999780654907,0.6604999899864197
YGL090W,YNR053C,0,-6.690137,0.12259264290332794,0.9229999780654907,0.6606000065803528
YOL143C,YMR179W,0,-6.6901703,0.12257636338472366,0.9229999780654907,0.6607000231742859
YPL008W,YGL008C,0,-6.690236,0.12256008386611938,0.9229999780654907,0.6607999801635742
YPR104C,YGL038C,0,-6.690483,0.1225438117980957,0.9229999780654907,0.6608999967575073
YGL099W,YDR115W,0,-6.6908636,0.12252754718065262,0.9229999780654907,0.6610000133514404
YCL014W,YJL026W,0,-6.690941,0.12251128256320953,0.9229999780654907,0.6610999703407288
YBR158W,YER173W,0,-6.6913843,0.12249502539634705,0.9229999780654907,0.6611999869346619
YMR150C,YLL056C,0,-6.691567,0.12247876822948456,0.9229999780654907,0.661300003528595
YJL165C,YOR056C,0,-6.691639,0.12246251851320267,0.9229999780654907,0.6614000201225281
YOR260W,YBR250W,0,-6.6926146,0.12244626879692078,0.9229999780654907,0.6614999771118164
YDR379W,YEL050C,0,-6.692809,0.12243003398180008,0.9229999780654907,0.6615999937057495
YLR451W,YOR049C,0,-6.6928205,0.12241379171609879,0.9229999780654907,0.6617000102996826
YEL036C,YOR037W,0,-6.6933947,0.12239755690097809,0.9229999780654907,0.6618000268936157
YPL018W,YLR214W,0,-6.693449,0.12238132953643799,0.9229999780654907,0.661899983882904
YOR136W,YFR034C,0,-6.693473,0.12236510962247849,0.9229999780654907,0.6620000004768372
YLR357W,YDR078C,0,-6.693494,0.12234888970851898,0.9229999780654907,0.6621000170707703
YPL265W,YBR228W,0,-6.693737,0.12233266979455948,0.9229999780654907,0.6621999740600586
YOR033C,YBR218C,0,-6.693758,0.12231645733118057,0.9229999780654907,0.6622999906539917
YIL048W,YPL123C,0,-6.693935,0.12230025231838226,0.9229999780654907,0.6624000072479248
YJR147W,YOL002C,0,-6.6940956,0.12228404730558395,0.9229999780654907,0.6625000238418579
YOR304W,YLL019C,0,-6.6942253,0.12226784974336624,0.9229999780654907,0.6625999808311462
YLR129W,YOL054W,0,-6.6943245,0.12225165218114853,0.9229999780654907,0.6626999974250793
YFR041C,YHR160C,0,-6.6944056,0.12223546206951141,0.9229999780654907,0.6628000140190125
YDR345C,YPL121C,0,-6.6944585,0.1222192794084549,0.9229999780654907,0.6628999710083008
YEL069C,YKL019W,0,-6.694601,0.12220309674739838,0.9229999780654907,0.6629999876022339
YPL231W,YDR140W,0,-6.6947165,0.12218692153692245,0.9229999780654907,0.663100004196167
YLR114C,YPL101W,0,-6.694847,0.12217074632644653,0.9229999780654907,0.6632000207901001
YML067C,YKL045W,0,-6.695121,0.12215457856655121,0.9229999780654907,0.6632999777793884
YBR083W,YOR287C,0,-6.6952715,0.12213841825723648,0.9229999780654907,0.6633999943733215
YPL049C,YGR212W,0,-6.6955185,0.12212225794792175,0.9229999780654907,0.6635000109672546
YGR118W,YNL273W,0,-6.695648,0.12210609763860703,0.9229999780654907,0.6636000275611877
YBR210W,YDL036C,0,-6.695675,0.1220899447798729,0.9229999780654907,0.6636999845504761
YLR376C,YPR074C,0,-6.6957355,0.12207379937171936,0.9229999780654907,0.6638000011444092
YFL056C,YDL117W,0,-6.695795,0.12205765396356583,0.9229999780654907,0.6639000177383423
YFL021W,YPL122C,1,-6.695979,0.1221737414598465,0.9240000247955322,0.6639000177383423
YOR313C,YNL310C,0,-6.6960473,0.12215758860111237,0.9240000247955322,0.6639999747276306
YNL006W,YOR298C-A,0,-6.696105,0.12214144319295883,0.9240000247955322,0.6640999913215637
YGL181W,YDR123C,0,-6.6965804,0.1221252977848053,0.9240000247955322,0.6642000079154968
YBR247C,YBR196C,0,-6.6965847,0.12210915982723236,0.9240000247955322,0.6643000245094299
YGL049C,YDR018C,0,-6.696783,0.12209302186965942,0.9240000247955322,0.6643999814987183
YHL040C,YAR014C,0,-6.696909,0.12207689136266708,0.9240000247955322,0.6644999980926514
YOR244W,YOR168W,0,-6.696965,0.12206076830625534,0.9240000247955322,0.6646000146865845
YGR195W,YCL008C,0,-6.696977,0.1220446452498436,0.9240000247955322,0.6646999716758728
YML080W,YBR172C,0,-6.69708,0.12202852964401245,0.9240000247955322,0.6647999882698059
YPL095C,YMR065W,0,-6.69739,0.1220124140381813,0.9240000247955322,0.664900004863739
YLR324W,YKL038W,0,-6.69758,0.12199630588293076,0.9240000247955322,0.6650000214576721
YHR062C,YGR296W,0,-6.697633,0.1219801977276802,0.9240000247955322,0.6650999784469604
YLR314C,YML131W,0,-6.697812,0.12196409702301025,0.9240000247955322,0.6651999950408936
YAL056W,YLR145W,0,-6.6980295,0.1219480037689209,0.9240000247955322,0.6653000116348267
YBL057C,YOR224C,0,-6.698041,0.12193191051483154,0.9240000247955322,0.6654000282287598
YKL112W,YDR523C,0,-6.698248,0.12191581726074219,0.9240000247955322,0.6654999852180481
YOR299W,YGR104C,0,-6.698509,0.12189973890781403,0.9240000247955322,0.6656000018119812
YBR160W,YKL020C,0,-6.698535,0.12188365310430527,0.9240000247955322,0.6657000184059143
YJL092W,YBR165W,0,-6.698665,0.1218675822019577,0.9240000247955322,0.6657999753952026
YIL155C,YKL020C,0,-6.6987915,0.12185151129961014,0.9240000247955322,0.6658999919891357
YLR165C,YGL210W,0,-6.698824,0.12183544039726257,0.9240000247955322,0.6660000085830688
YOL156W,YHL020C,0,-6.6990547,0.1218193769454956,0.9240000247955322,0.666100025177002
YDR277C,YBL033C,0,-6.6995482,0.12180332094430923,0.9240000247955322,0.6661999821662903
YGR078C,YBL093C,0,-6.7000504,0.12178726494312286,0.9240000247955322,0.6662999987602234
YOR315W,YBL004W,0,-6.7002897,0.12177121639251709,0.9240000247955322,0.6664000153541565
YPL164C,YOR216C,0,-6.7007875,0.12175517529249191,0.9240000247955322,0.6664999723434448
YDR221W,YDR078C,0,-6.7009745,0.12173912674188614,0.9240000247955322,0.6665999889373779
YOR103C,YGL008C,0,-6.701009,0.12172309309244156,0.9240000247955322,0.666700005531311
YHR094C,YLL021W,0,-6.7010536,0.12170705944299698,0.9240000247955322,0.6668000221252441
YDL031W,YLR165C,0,-6.7013073,0.121691033244133,0.9240000247955322,0.6668999791145325
YBR043C,YLR272C,0,-6.7013283,0.12167500704526901,0.9240000247955322,0.6669999957084656
YFR021W,YGL008C,0,-6.7014704,0.12165898829698563,0.9240000247955322,0.6671000123023987
YML094W,YJL059W,0,-6.7015295,0.12164296954870224,0.9240000247955322,0.6672000288963318
YOR074C,YDR165W,0,-6.7016206,0.12162695825099945,0.9240000247955322,0.6672999858856201
YOR317W,YGL181W,0,-6.7019844,0.12161094695329666,0.9240000247955322,0.6674000024795532
YOR288C,YLR154C,0,-6.7022448,0.12159494310617447,0.9240000247955322,0.6675000190734863
YHR013C,YLR272C,0,-6.702299,0.12157894670963287,0.9240000247955322,0.6675999760627747
YNL166C,YDL138W,0,-6.702778,0.12156295031309128,0.9240000247955322,0.6676999926567078
YLR360W,YLR337C,0,-6.703018,0.12154696136713028,0.9240000247955322,0.6678000092506409
YER148W,YML098W,1,-6.703069,0.12166250497102737,0.925000011920929,0.6678000092506409
YNL207W,YDL015C,0,-6.7030735,0.12164650112390518,0.925000011920929,0.667900025844574
YLR293C,YJR110W,0,-6.703225,0.12163050472736359,0.925000011920929,0.6679999828338623
YPR086W,YKL058W,1,-6.703474,0.1217459887266159,0.9259999990463257,0.6679999828338623
YBR199W,YBR250W,0,-6.7036705,0.12172998487949371,0.9259999990463257,0.6680999994277954
YBL015W,YIL030C,0,-6.703757,0.12171398848295212,0.9259999990463257,0.6682000160217285
YBR042C,YEL071W,0,-6.7041283,0.12169799208641052,0.9259999990463257,0.6682999730110168
YBR085W,YNL328C,0,-6.7041283,0.12168199568986893,0.9259999990463257,0.66839998960495
YLR350W,YIR008C,0,-6.7042513,0.12166600674390793,0.9259999990463257,0.6685000061988831
YNR067C,YML109W,0,-6.704446,0.12165002524852753,0.9259999990463257,0.6686000227928162
YBR275C,YKL081W,0,-6.704608,0.12163404375314713,0.9259999990463257,0.6686999797821045
YNL327W,YNL188W,0,-6.7048197,0.12161806970834732,0.9259999990463257,0.6687999963760376
YJL102W,YLR145W,0,-6.7048388,0.12160210311412811,0.9259999990463257,0.6689000129699707
YIR021W,YBL093C,0,-6.704895,0.1215861365199089,0.9259999990463257,0.6690000295639038
YDR507C,YNR072W,0,-6.7052164,0.1215701699256897,0.9259999990463257,0.6690999865531921
YMR237W,YAL035W,0,-6.7052364,0.12155421078205109,0.9259999990463257,0.6692000031471252
YOL060C,YDL007W,0,-6.705343,0.12153825908899307,0.9259999990463257,0.6693000197410583
YMR280C,YDR404C,0,-6.705655,0.12152230739593506,0.9259999990463257,0.6693999767303467
YCL067C,YGR268C,0,-6.705672,0.12150636315345764,0.9259999990463257,0.6694999933242798
YER040W,YFL034C-B,0,-6.705738,0.12149041891098022,0.9259999990463257,0.6696000099182129
YPL154C,YPR032W,0,-6.7057943,0.1214744821190834,0.9259999990463257,0.669700026512146
YMR092C,YER061C,0,-6.7058325,0.12145855277776718,0.9259999990463257,0.6697999835014343
YDR508C,YDR389W,0,-6.705842,0.12144262343645096,0.9259999990463257,0.6699000000953674
YGL018C,YDL003W,0,-6.706315,0.12142670154571533,0.9259999990463257,0.6700000166893005
YKL154W,YBR273C,0,-6.7063727,0.1214107796549797,0.9259999990463257,0.6700999736785889
YGR289C,YFR048W,0,-6.706485,0.12139485776424408,0.9259999990463257,0.670199990272522
YMR204C,YBR130C,0,-6.7065554,0.12137895077466965,0.9259999990463257,0.6703000068664551
YGL027C,YNL173C,0,-6.7066174,0.12136304378509521,0.9259999990463257,0.6704000234603882
YNL164C,YHR027C,0,-6.7067037,0.12134713679552078,0.9259999990463257,0.6704999804496765
YNL331C,YJR006W,0,-6.706756,0.12133123725652695,0.9259999990463257,0.6705999970436096
YML120C,YHR034C,0,-6.7069016,0.12131533771753311,0.9259999990463257,0.6707000136375427
YLR284C,YDL140C,0,-6.707261,0.12129945307970047,0.9259999990463257,0.670799970626831
YLR035C,YOR287C,0,-6.7074356,0.12128356099128723,0.9259999990463257,0.6708999872207642
YOR317W,YGR170W,0,-6.707649,0.12126767635345459,0.9259999990463257,0.6710000038146973
YDR517W,YLR048W,0,-6.7080746,0.12125179916620255,0.9259999990463257,0.6711000204086304
YPL259C,YGL255W,0,-6.708109,0.1212359219789505,0.9259999990463257,0.6711999773979187
YHR157W,YJR086W,0,-6.7082205,0.12122005224227905,0.9259999990463257,0.6712999939918518
YHR038W,YFL002C,0,-6.7082796,0.1212041899561882,0.9259999990463257,0.6714000105857849
YAR019C,YKL042W,0,-6.708296,0.12118832767009735,0.9259999990463257,0.671500027179718
YNR056C,YOR039W,0,-6.7083263,0.1211724653840065,0.9259999990463257,0.6715999841690063
YOR046C,YBR257W,0,-6.708621,0.12115661054849625,0.9259999990463257,0.6717000007629395
YGL094C,YDR246W,0,-6.7088246,0.12114076316356659,0.9259999990463257,0.6718000173568726
YDR378C,YOR243C,0,-6.7089148,0.12112491577863693,0.9259999990463257,0.6718999743461609
YJR002W,YDR176W,0,-6.709551,0.12110907584428787,0.9259999990463257,0.671999990940094
YNR044W,YPL270W,0,-6.7095814,0.12109323590993881,0.9259999990463257,0.6721000075340271
YPR201W,YKL026C,0,-6.710021,0.12107740342617035,0.9259999990463257,0.6722000241279602
YMR238W,YLR293C,0,-6.710143,0.12106157839298248,0.9259999990463257,0.6722999811172485
YKL054C,YNL214W,0,-6.7101603,0.12104575335979462,0.9259999990463257,0.6723999977111816
YDL192W,YOL116W,0,-6.710459,0.12102992832660675,0.9259999990463257,0.6725000143051147
YDR283C,YER129W,0,-6.710534,0.12101411074399948,0.9259999990463257,0.6725999712944031
YJL116C,YBR276C,0,-6.710799,0.12099830061197281,0.9259999990463257,0.6726999878883362
YFL056C,YBR250W,0,-6.7110996,0.12098249047994614,0.9259999990463257,0.6728000044822693
YCR027C,YKL122C,0,-6.711451,0.12096668779850006,0.9259999990463257,0.6729000210762024
YHR129C,YBL024W,0,-6.7114964,0.12095088511705399,0.9259999990463257,0.6729999780654907
YDR040C,YFL031W,0,-6.7116046,0.12093508988618851,0.9259999990463257,0.6730999946594238
YPR113W,YJL098W,0,-6.712381,0.12091930210590363,0.9259999990463257,0.6732000112533569
YNL142W,YPL232W,0,-6.712608,0.12090351432561874,0.9259999990463257,0.67330002784729
YJL143W,YPL203W,0,-6.7126594,0.12088772654533386,0.9259999990463257,0.6733999848365784
YEL069C,YOL003C,0,-6.712681,0.12087194621562958,0.9259999990463257,0.6735000014305115
YOR046C,YIL065C,0,-6.7127666,0.12085617333650589,0.9259999990463257,0.6736000180244446
YOR260W,YNL247W,0,-6.712921,0.1208404004573822,0.9259999990463257,0.6736999750137329
YER045C,YGR186W,1,-6.7129292,0.12095511704683304,0.9269999861717224,0.6736999750137329
YGR144W,YJL164C,0,-6.7129345,0.12093933671712875,0.9269999861717224,0.673799991607666
YDL155W,YLL013C,0,-6.7130213,0.12092355638742447,0.9269999861717224,0.6739000082015991
YFL013C,YER126C,0,-6.713101,0.12090778350830078,0.9269999861717224,0.6740000247955322
YGR147C,YLL034C,0,-6.713115,0.12089201807975769,0.9269999861717224,0.6740999817848206
YNL026W,YLR298C,0,-6.713132,0.1208762526512146,0.9269999861717224,0.6741999983787537
YLR238W,YGL158W,0,-6.7132206,0.1208604946732521,0.9269999861717224,0.6743000149726868
YOR236W,YLR450W,0,-6.713299,0.12084473669528961,0.9269999861717224,0.6743999719619751
YDR264C,YER129W,0,-6.7134,0.12082898616790771,0.9269999861717224,0.6744999885559082
YGR142W,YPL075W,0,-6.7134185,0.12081324309110641,0.9269999861717224,0.6746000051498413
YCR089W,YDL213C,0,-6.7135057,0.12079750001430511,0.9269999861717224,0.6747000217437744
YER133W,YMR296C,0,-6.7135463,0.12078175693750381,0.9269999861717224,0.6747999787330627
YNL270C,YJR093C,0,-6.7136717,0.12076602131128311,0.9269999861717224,0.6748999953269958
YER164W,YBL040C,0,-6.713711,0.120750293135643,0.9269999861717224,0.675000011920929
YLR270W,YBR168W,0,-6.713779,0.1207345649600029,0.9269999861717224,0.6751000285148621
YLR411W,YKR083C,0,-6.7138653,0.12071884423494339,0.9269999861717224,0.6751999855041504
YHR083W,YDR259C,0,-6.714191,0.12070312350988388,0.9269999861717224,0.6753000020980835
YKL007W,YPL021W,0,-6.7142467,0.12068741023540497,0.9269999861717224,0.6754000186920166
YLR052W,YNL299W,0,-6.7142925,0.12067169696092606,0.9269999861717224,0.6754999756813049
YHR171W,YER103W,0,-6.714553,0.12065599113702774,0.9269999861717224,0.675599992275238
YJL013C,YER149C,0,-6.714923,0.12064029276371002,0.9269999861717224,0.6757000088691711
YDR108W,YDR143C,0,-6.714981,0.1206245943903923,0.9269999861717224,0.6758000254631042
YOL077W-A,YGL035C,0,-6.7151666,0.12060889601707458,0.9269999861717224,0.6758999824523926
YKL150W,YOR153W,0,-6.7158546,0.12059321254491806,0.9269999861717224,0.6759999990463257
YGL061C,YNL129W,0,-6.715881,0.12057752162218094,0.9269999861717224,0.6761000156402588
YJL198W,YDR494W,0,-6.716,0.12056183815002441,0.9269999861717224,0.6761999726295471
YDL083C,YIL061C,0,-6.7161283,0.12054616212844849,0.9269999861717224,0.6762999892234802
YER002W,YOR361C,0,-6.716177,0.12053049355745316,0.9269999861717224,0.6764000058174133
YPR185W,YNL245C,0,-6.7163377,0.12051481753587723,0.9269999861717224,0.6765000224113464
YLR155C,YDR221W,0,-6.7164836,0.1204991564154625,0.9269999861717224,0.6765999794006348
YNL041C,YGL126W,0,-6.716555,0.12048349529504776,0.9269999861717224,0.6766999959945679
YGL073W,YJR126C,0,-6.7165565,0.12046783417463303,0.9269999861717224,0.676800012588501
YLR429W,YNL097C,0,-6.7166195,0.12045218050479889,0.9269999861717224,0.6769000291824341
YAL034W-A,YCR020C,0,-6.7168603,0.12043653428554535,0.9269999861717224,0.6769999861717224
YLL018C-A,YJR126C,0,-6.717003,0.12042088806629181,0.9269999861717224,0.6771000027656555
YBR244W,YLR424W,0,-6.7170234,0.12040524929761887,0.9269999861717224,0.6772000193595886
YBR247C,YOR033C,0,-6.717081,0.12038961052894592,0.9269999861717224,0.677299976348877
YHR124W,YBL007C,0,-6.7174206,0.12037397921085358,0.9269999861717224,0.6773999929428101
YNR067C,YGR060W,0,-6.717659,0.12035834789276123,0.9269999861717224,0.6775000095367432
YIL095W,YER018C,0,-6.71771,0.12034272402524948,0.9269999861717224,0.6776000261306763
YGL200C,YLL034C,0,-6.717766,0.12032710015773773,0.9269999861717224,0.6776999831199646
YFL021W,YPR008W,1,-6.71778,0.12044127285480499,0.9279999732971191,0.6776999831199646
YDR022C,YLR020C,0,-6.7180414,0.12042564153671265,0.9279999732971191,0.6777999997138977
YBR221C,YLR398C,0,-6.7180963,0.1204100176692009,0.9279999732971191,0.6779000163078308
YOR237W,YFL034C-B,0,-6.718261,0.12039439380168915,0.9279999732971191,0.6779999732971191
YGL195W,YBR250W,0,-6.7184706,0.120378777384758,0.9279999732971191,0.6780999898910522
YMR162C,YOL066C,0,-6.7186995,0.12036316841840744,0.9279999732971191,0.6782000064849854
YNL129W,YPL032C,0,-6.719101,0.12034755200147629,0.9279999732971191,0.6783000230789185
YMR184W,YHR150W,0,-6.7196198,0.12033195048570633,0.9279999732971191,0.6783999800682068
YBL069W,YNR043W,0,-6.7197347,0.12031634896993637,0.9279999732971191,0.6784999966621399
YDL154W,YKL141W,0,-6.7198772,0.12030075490474701,0.9279999732971191,0.678600013256073
YPL188W,YLL056C,0,-6.720496,0.12028516083955765,0.9279999732971191,0.6786999702453613
YPL211W,YOR346W,0,-6.7205496,0.12026956677436829,0.9279999732971191,0.6787999868392944
YBR276C,YCR035C,0,-6.7206154,0.12025398761034012,0.9279999732971191,0.6789000034332275
YPL209C,YKL126W,0,-6.720649,0.12023840099573135,0.9279999732971191,0.6790000200271606
YKR066C,YLR145W,0,-6.720779,0.12022282928228378,0.9279999732971191,0.679099977016449
YHR142W,YNR067C,0,-6.721055,0.12020725756883621,0.9279999732971191,0.6791999936103821
YHR200W,YLR066W,0,-6.721137,0.12019168585538864,0.9279999732971191,0.6793000102043152
YNR027W,YOR007C,0,-6.7213116,0.12017612159252167,0.9279999732971191,0.6794000267982483
YBR175W,YDR485C,0,-6.7214794,0.1201605573296547,0.9279999732971191,0.6794999837875366
YER122C,YBR188C,0,-6.7215614,0.12014500051736832,0.9279999732971191,0.6796000003814697
YAL051W,YBL005W-B,0,-6.7215686,0.12012945115566254,0.9279999732971191,0.6797000169754028
YIL065C,YOR386W,0,-6.721646,0.12011390179395676,0.9279999732971191,0.6797999739646912
YJL116C,YPR080W,0,-6.7216806,0.12009835988283157,0.9279999732971191,0.6798999905586243
YER045C,YML098W,1,-6.7217283,0.12021221220493317,0.9290000200271606,0.6798999905586243
YBL042C,YGL028C,0,-6.7221975,0.12019666284322739,0.9290000200271606,0.6800000071525574
YDL083C,YKL119C,0,-6.723274,0.1201811134815216,0.9290000200271606,0.6801000237464905
YLR328W,YNR011C,0,-6.723424,0.12016556411981583,0.9290000200271606,0.6801999807357788
YPR186C,YAL001C,1,-6.7238226,0.12027935683727264,0.9300000071525574,0.6801999807357788
YDL137W,YER027C,0,-6.7239656,0.12026380747556686,0.9300000071525574,0.6802999973297119
YIL049W,YOR267C,0,-6.7240806,0.12024825811386108,0.9300000071525574,0.680400013923645
YML060W,YOR266W,0,-6.7244353,0.1202327087521553,0.9300000071525574,0.6804999709129333
YHR072W-A,YHR161C,0,-6.724513,0.12021716684103012,0.9300000071525574,0.6805999875068665
YFL021W,YOL089C,1,-6.724539,0.12033087760210037,0.9309999942779541,0.6805999875068665
YBR244W,YLR148W,0,-6.7247486,0.12031532824039459,0.9309999942779541,0.6807000041007996
YKL186C,YFR029W,0,-6.724814,0.12029977887868881,0.9309999942779541,0.6808000206947327
YGL021W,YGR185C,0,-6.7253785,0.12028423696756363,0.9309999942779541,0.680899977684021
YPL169C,YJR044C,0,-6.725473,0.12026870250701904,0.9309999942779541,0.6809999942779541
YDR412W,YBR284W,0,-6.7257366,0.12025316804647446,0.9309999942779541,0.6811000108718872
YFR055W,YOL102C,0,-6.7258015,0.12023763358592987,0.9309999942779541,0.6812000274658203
YNL281W,YER065C,0,-6.7258153,0.12022210657596588,0.9309999942779541,0.6812999844551086
YLR107W,YOR047C,0,-6.7262745,0.12020658701658249,0.9309999942779541,0.6814000010490417
YOR109W,YBR168W,0,-6.7264,0.1201910674571991,0.9309999942779541,0.6815000176429749
YBR142W,YLR116W,0,-6.726422,0.1201755553483963,0.9309999942779541,0.6815999746322632
YDR312W,YCL020W,0,-6.726721,0.1201600432395935,0.9309999942779541,0.6816999912261963
YLR215C,YKR042W,0,-6.7267528,0.12014453113079071,0.9309999942779541,0.6818000078201294
YJR074W,YCR084C,0,-6.726837,0.12012903392314911,0.9309999942779541,0.6819000244140625
YML123C,YLL056C,0,-6.7270665,0.12011353671550751,0.9309999942779541,0.6819999814033508
YOR133W,YPR173C,0,-6.7272425,0.1200980395078659,0.9309999942779541,0.6820999979972839
YHR004C,YDR341C,0,-6.7272754,0.1200825497508049,0.9309999942779541,0.682200014591217
YOL143C,YDR160W,0,-6.727276,0.1200670599937439,0.9309999942779541,0.6822999715805054
YLR081W,YBR167C,0,-6.727392,0.12005157768726349,0.9309999942779541,0.6823999881744385
YBR179C,YKL014C,0,-6.727622,0.12003610283136368,0.9309999942779541,0.6825000047683716
YLR216C,YGR099W,0,-6.7276998,0.12002062797546387,0.9309999942779541,0.6826000213623047
YOL017W,YER145C,0,-6.7277136,0.12000515311956406,0.9309999942779541,0.682699978351593
YGR038W,YKR086W,0,-6.7280345,0.11998968571424484,0.9309999942779541,0.6827999949455261
YOL115W,YDR129C,0,-6.7280693,0.11997422575950623,0.9309999942779541,0.6829000115394592
YPL177C,YGR186W,1,-6.72812,0.12008761614561081,0.9319999814033508,0.6829000115394592
YER056C,YNL239W,0,-6.7282276,0.1200721487402916,0.9319999814033508,0.6830000281333923
YDL174C,YJL116C,0,-6.7285438,0.12005668133497238,0.9319999814033508,0.6830999851226807
YDL231C,YDR096W,0,-6.7289677,0.12004121392965317,0.9319999814033508,0.6832000017166138
YAR033W,YML065W,0,-6.7293186,0.12002575397491455,0.9319999814033508,0.6833000183105469
YOR067C,YDR098C,0,-6.729641,0.12001030147075653,0.9319999814033508,0.6833999752998352
YKR034W,YNL160W,0,-6.7297544,0.11999484896659851,0.9319999814033508,0.6834999918937683
YLR377C,YMR322C,0,-6.729862,0.11997940391302109,0.9319999814033508,0.6836000084877014
YBR200W,YBR037C,0,-6.729974,0.11996395885944366,0.9319999814033508,0.6837000250816345
YFL023W,YER118C,0,-6.7300625,0.11994852125644684,0.9319999814033508,0.6837999820709229
YMR225C,YLR222C,0,-6.7303762,0.11993308365345001,0.9319999814033508,0.683899998664856
YHR011W,YNL001W,0,-6.7303944,0.11991765350103378,0.9319999814033508,0.6840000152587891
YNL037C,YDR065W,0,-6.7305274,0.11990222334861755,0.9319999814033508,0.6840999722480774
YML116W,YGR163W,0,-6.730791,0.11988680064678192,0.9319999814033508,0.6841999888420105
YPL095C,YPL144W,0,-6.7309065,0.11987138539552689,0.9319999814033508,0.6843000054359436
YDR073W,YBL004W,0,-6.7310114,0.11985597014427185,0.9319999814033508,0.6844000220298767
YDR358W,YLR360W,0,-6.731183,0.11984055489301682,0.9319999814033508,0.684499979019165
YJL214W,YPR094W,0,-6.731438,0.11982514709234238,0.9319999814033508,0.6845999956130981
YHR164C,YBL004W,0,-6.7315655,0.11980974674224854,0.9319999814033508,0.6847000122070312
YNL239W,YGR054W,0,-6.73158,0.1197943463921547,0.9319999814033508,0.6848000288009644
YBL079W,YLR249W,0,-6.7317266,0.11977894604206085,0.9319999814033508,0.6848999857902527
YGL115W,YOL028C,0,-6.7317443,0.1197635605931282,0.9319999814033508,0.6850000023841858
YLR007W,YNL151C,0,-6.731781,0.11974816769361496,0.9319999814033508,0.6851000189781189
YDR423C,YHR043C,0,-6.731911,0.11973278224468231,0.9319999814033508,0.6851999759674072
YCR106W,YJL187C,0,-6.731992,0.11971740424633026,0.9319999814033508,0.6852999925613403
YMR092C,YEL037C,0,-6.732091,0.11970202624797821,0.9319999814033508,0.6854000091552734
YLR221C,YLR301W,0,-6.73236,0.11968665570020676,0.9319999814033508,0.6855000257492065
YER028C,YGL207W,1,-6.7329817,0.11979968845844269,0.9330000281333923,0.6855000257492065
YLR092W,YGR033C,0,-6.7331114,0.11978431046009064,0.9330000281333923,0.6855999827384949
YER045C,YPR008W,1,-6.733269,0.11989730596542358,0.9340000152587891,0.6855999827384949
YGL253W,YBR084W,0,-6.7333474,0.11988191306591034,0.9340000152587891,0.685699999332428
YBL032W,YML014W,0,-6.7333717,0.11986652761697769,0.9340000152587891,0.6858000159263611
YCR020W-B,YNL339C,0,-6.7338037,0.11985114961862564,0.9340000152587891,0.6858999729156494
YPL265W,YPL116W,0,-6.7340517,0.11983577162027359,0.9340000152587891,0.6859999895095825
YNL049C,YKL042W,0,-6.734232,0.11982040107250214,0.9340000152587891,0.6861000061035156
YDR123C,YGR192C,0,-6.734235,0.11980503052473068,0.9340000152587891,0.6862000226974487
YLR231C,YDR302W,0,-6.734582,0.11978965997695923,0.9340000152587891,0.6862999796867371
YMR038C,YJL091C,0,-6.735463,0.11977430433034897,0.9340000152587891,0.6863999962806702
YLR172C,YDL134C,0,-6.735536,0.11975894123315811,0.9340000152587891,0.6865000128746033
YGR245C,YBR172C,0,-6.735644,0.11974359303712845,0.9340000152587891,0.6866000294685364
YBR065C,YPR132W,0,-6.7357283,0.11972823739051819,0.9340000152587891,0.6866999864578247
YLR459W,YKL093W,0,-6.735775,0.11971289664506912,0.9340000152587891,0.6868000030517578
YDR256C,YDR036C,0,-6.7358027,0.11969755589962006,0.9340000152587891,0.6869000196456909
YDR069C,YDR325W,0,-6.7359886,0.11968221515417099,0.9340000152587891,0.6869999766349792
YKL154W,YIL031W,0,-6.7360086,0.11966688185930252,0.9340000152587891,0.6870999932289124
YDR448W,YPR074C,0,-6.736105,0.11965154856443405,0.9340000152587891,0.6872000098228455
YJR013W,YNL186W,0,-6.736866,0.11963622272014618,0.9340000152587891,0.6873000264167786
YBR154C,YFR040W,0,-6.7369037,0.1196209043264389,0.9340000152587891,0.6873999834060669
YOR173W,YGL090W,0,-6.7372246,0.11960558593273163,0.9340000152587891,0.6875
YCR098C,YDR425W,0,-6.7374344,0.11959026753902435,0.9340000152587891,0.6876000165939331
YNR044W,YOR075W,0,-6.7374983,0.11957495659589767,0.9340000152587891,0.6876999735832214
YEL003W,YLR355C,0,-6.737553,0.11955965310335159,0.9340000152587891,0.6877999901771545
YDR129C,YDR469W,0,-6.7379985,0.11954434961080551,0.9340000152587891,0.6879000067710876
YKL013C,YMR263W,0,-6.7381115,0.11952905356884003,0.9340000152587891,0.6880000233650208
YMR281W,YBR257W,0,-6.7381425,0.11951375752687454,0.9340000152587891,0.6880999803543091
YGL084C,YBR105C,0,-6.7385187,0.11949846148490906,0.9340000152587891,0.6881999969482422
YBR129C,YPL188W,0,-6.738966,0.11948318034410477,0.9340000152587891,0.6883000135421753
YLR214W,YML124C,0,-6.738971,0.11946789175271988,0.9340000152587891,0.6883999705314636
YDR518W,YLR303W,0,-6.7389765,0.11945261806249619,0.9340000152587891,0.6884999871253967
YKR066C,YNL029C,0,-6.739081,0.1194373369216919,0.9340000152587891,0.6886000037193298
YHL038C,YER001W,0,-6.7392197,0.1194220706820488,0.9340000152587891,0.6887000203132629
YHR120W,YOR327C,0,-6.73931,0.1194068044424057,0.9340000152587891,0.6887999773025513
YDL145C,YJL013C,0,-6.739366,0.1193915382027626,0.9340000152587891,0.6888999938964844
YNL123W,YOR119C,0,-6.7394495,0.1193762794137001,0.9340000152587891,0.6890000104904175
YPR030W,YGL018C,0,-6.739477,0.1193610206246376,0.9340000152587891,0.6891000270843506
YPL170W,YDR158W,0,-6.7395487,0.1193457692861557,0.9340000152587891,0.6891999840736389
YOR120W,YKR003W,0,-6.7397523,0.1193305253982544,0.9340000152587891,0.689300000667572
YGL071W,YNL014W,0,-6.739897,0.11931528151035309,0.9340000152587891,0.6894000172615051
YLR233C,YFR030W,0,-6.740218,0.11930003762245178,0.9340000152587891,0.6894999742507935
YLR186W,YGR056W,0,-6.740363,0.11928480118513107,0.9340000152587891,0.6895999908447266
YLR314C,YLR222C,0,-6.740487,0.11926957219839096,0.9340000152587891,0.6897000074386597
YBL078C,YKL032C,0,-6.740763,0.11925434321165085,0.9340000152587891,0.6898000240325928
YML102W,YBL084C,0,-6.740914,0.11923911422491074,0.9340000152587891,0.6898999810218811
YLR284C,YKR061W,0,-6.7409673,0.11922389268875122,0.9340000152587891,0.6899999976158142
YJL176C,YLR249W,0,-6.741078,0.1192086786031723,0.9340000152587891,0.6901000142097473
YLR377C,YGR222W,0,-6.741082,0.11919346451759338,0.9340000152587891,0.6901999711990356
YPR200C,YHR083W,0,-6.7413735,0.11917825788259506,0.9340000152587891,0.6902999877929688
YGR179C,YHL006C,0,-6.7413816,0.11916305124759674,0.9340000152587891,0.6904000043869019
YJL062W,YNL302C,0,-6.7414675,0.11914785206317902,0.9340000152587891,0.690500020980835
YFR053C,YBR183W,0,-6.7414684,0.11913265287876129,0.9340000152587891,0.6905999779701233
YNL048W,YAR031W,0,-6.741697,0.11911746114492416,0.9340000152587891,0.6906999945640564
YLL008W,YLR130C,0,-6.7418766,0.11910226941108704,0.9340000152587891,0.6908000111579895
YIL084C,YGR185C,0,-6.7423115,0.1190870851278305,0.9340000152587891,0.6909000277519226
YER094C,YOR346W,0,-6.7429447,0.11907190084457397,0.9340000152587891,0.6909999847412109
YBR040W,YDL200C,0,-6.742981,0.11905672401189804,0.9340000152587891,0.691100001335144
YBR186W,YDR465C,0,-6.743221,0.1190415471792221,0.9340000152587891,0.6912000179290771
YGR267C,YKL141W,0,-6.743811,0.11902637779712677,0.9340000152587891,0.6912999749183655
YKL143W,YMR203W,0,-6.7441406,0.11901121586561203,0.9340000152587891,0.6913999915122986
YEL020W-A,YML027W,0,-6.7441463,0.11899605393409729,0.9340000152587891,0.6915000081062317
YGR165W,YIL061C,0,-6.7442207,0.11898089200258255,0.9340000152587891,0.6916000247001648
YPL262W,YOL094C,0,-6.744325,0.11896573752164841,0.9340000152587891,0.6916999816894531
YLR098C,YJL006C,0,-6.744657,0.11895058304071426,0.9340000152587891,0.6917999982833862
YDL135C,YER049W,0,-6.7448196,0.11893543601036072,0.9340000152587891,0.6919000148773193
YBR085W,YPL237W,0,-6.7448606,0.11892029643058777,0.9340000152587891,0.6919999718666077
YJL122W,YFL036W,0,-6.745638,0.11890515685081482,0.9340000152587891,0.6920999884605408
YDR163W,YIL039W,0,-6.7457275,0.11889001727104187,0.9340000152587891,0.6922000050544739
YGL068W,YDL055C,0,-6.745793,0.11887488514184952,0.9340000152587891,0.692300021648407
YGR157W,YKR022C,0,-6.74586,0.11885976046323776,0.9340000152587891,0.6923999786376953
YFL056C,YER190W,0,-6.746067,0.11884463578462601,0.9340000152587891,0.6924999952316284
YOR354C,YKL178C,0,-6.746079,0.11882951855659485,0.9340000152587891,0.6926000118255615
YKL086W,YDR306C,0,-6.7461805,0.11881440132856369,0.9340000152587891,0.6927000284194946
YGL012W,YDR156W,0,-6.7468166,0.11879928410053253,0.9340000152587891,0.692799985408783
YHR053C,YJL054W,0,-6.747261,0.11878418177366257,0.9340000152587891,0.6929000020027161
YFL021W,YDR460W,1,-6.747266,0.1188962385058403,0.9350000023841858,0.6929000020027161
YNR001C,YLR417W,0,-6.747447,0.11888112127780914,0.9350000023841858,0.6930000185966492
YOR033C,YDR129C,0,-6.747475,0.11886600404977798,0.9350000023841858,0.6930999755859375
YPL116W,YNL093W,0,-6.7475395,0.11885089427232742,0.9350000023841858,0.6931999921798706
YJL006C,YKL126W,0,-6.7478275,0.11883579194545746,0.9350000023841858,0.6933000087738037
YGR217W,YNR038W,0,-6.747886,0.1188206896185875,0.9350000023841858,0.6934000253677368
YPL036W,YKL038W,0,-6.748371,0.11880558729171753,0.9350000023841858,0.6934999823570251
YKL152C,YJL214W,0,-6.748731,0.11879049986600876,0.9350000023841858,0.6935999989509583
YIL125W,YOR279C,0,-6.748781,0.11877540498971939,0.9350000023841858,0.6937000155448914
YGL166W,YPR056W,1,-6.748825,0.11888733506202698,0.9359999895095825,0.6937000155448914
YMR080C,YAR007C,0,-6.7488575,0.11887224018573761,0.9359999895095825,0.6937999725341797
YGL066W,YEL026W,0,-6.74886,0.11885714530944824,0.9359999895095825,0.6938999891281128
YPR057W,YKL213C,0,-6.7493296,0.11884205043315887,0.9359999895095825,0.6940000057220459
YKL152C,YGR008C,0,-6.7493706,0.1188269630074501,0.9359999895095825,0.694100022315979
YPL159C,YNL088W,0,-6.7494607,0.11881188303232193,0.9359999895095825,0.6941999793052673
YJL121C,YKL173W,0,-6.749614,0.11879680305719376,0.9359999895095825,0.6942999958992004
YIL160C,YDR143C,0,-6.749647,0.11878172308206558,0.9359999895095825,0.6944000124931335
YJR033C,YKL088W,0,-6.7497225,0.118766650557518,0.9359999895095825,0.6945000290870667
YNL159C,YAL034W-A,0,-6.7501225,0.11875158548355103,0.9359999895095825,0.694599986076355
YJR092W,YMR089C,0,-6.750331,0.11873652040958405,0.9359999895095825,0.6947000026702881
YCL067C,YNR047W,0,-6.7504277,0.11872146278619766,0.9359999895095825,0.6948000192642212
YBR017C,YBR228W,0,-6.7505,0.11870640516281128,0.9359999895095825,0.6948999762535095
YCL026C-A,YHR015W,0,-6.7506323,0.1186913549900055,0.9359999895095825,0.6949999928474426
YLR223C,YER049W,0,-6.7506394,0.11867630481719971,0.9359999895095825,0.6951000094413757
YPL167C,YLR268W,0,-6.7506695,0.11866125464439392,0.9359999895095825,0.6952000260353088
YPL116W,YGL136C,0,-6.7507067,0.11864621937274933,0.9359999895095825,0.6952999830245972
YPL200W,YCR035C,0,-6.7508106,0.11863117665052414,0.9359999895095825,0.6953999996185303
YML121W,YLR022C,0,-6.7508354,0.11861614137887955,0.9359999895095825,0.6955000162124634
YDR298C,YGR249W,0,-6.750874,0.11860111355781555,0.9359999895095825,0.6955999732017517
YDR343C,YLR301W,0,-6.75103,0.11858608573675156,0.9359999895095825,0.6956999897956848
YHR053C,YNR072W,0,-6.7510314,0.11857106536626816,0.9359999895095825,0.6958000063896179
YKR024C,YBL088C,0,-6.7510343,0.11855604499578476,0.9359999895095825,0.695900022983551
YCR086W,YDR281C,0,-6.75145,0.11854103207588196,0.9359999895095825,0.6959999799728394
YDR046C,YER041W,0,-6.751548,0.11852601915597916,0.9359999895095825,0.6960999965667725
YDR523C,YDR330W,0,-6.751668,0.11851101368665695,0.9359999895095825,0.6962000131607056
YPR144C,YNL221C,0,-6.751686,0.11849601566791534,0.9359999895095825,0.6963000297546387
YHL047C,YNR075W,0,-6.7517023,0.11848101019859314,0.9359999895095825,0.696399986743927
YCR031C,YHR152W,0,-6.751916,0.11846601963043213,0.9359999895095825,0.6965000033378601
YLR155C,YGR222W,0,-6.751933,0.11845102161169052,0.9359999895095825,0.6966000199317932
YKL166C,YHL028W,0,-6.752051,0.11843603849411011,0.9359999895095825,0.6966999769210815
YMR168C,YKR053C,0,-6.7520704,0.1184210553765297,0.9359999895095825,0.6967999935150146
YBL097W,YCL033C,0,-6.7521577,0.11840607225894928,0.9359999895095825,0.6969000101089478
YKL068W,YLR360W,0,-6.752716,0.11839109659194946,0.9359999895095825,0.6970000267028809
YMR303C,YGR183C,0,-6.7529135,0.11837612092494965,0.9359999895095825,0.6970999836921692
YDR337W,YIL147C,0,-6.753459,0.11836115270853043,0.9359999895095825,0.6972000002861023
YER109C,YNR032W,0,-6.7536974,0.1183461844921112,0.9359999895095825,0.6973000168800354
YGR238C,YDR212W,0,-6.753797,0.11833122372627258,0.9359999895095825,0.6973999738693237
YEL027W,YBL025W,0,-6.7539616,0.11831627041101456,0.9359999895095825,0.6974999904632568
YBR020W,YDL130W-A,0,-6.754351,0.11830131709575653,0.9359999895095825,0.6976000070571899
YMR285C,YHR138C,0,-6.7543583,0.1182863637804985,0.9359999895095825,0.697700023651123
YHR043C,YOR162C,0,-6.7544107,0.11827141791582108,0.9359999895095825,0.6977999806404114
YLL061W,YNL202W,0,-6.7544193,0.11825647205114365,0.9359999895095825,0.6978999972343445
YPL101W,YGR239C,0,-6.7544966,0.11824153363704681,0.9359999895095825,0.6980000138282776
YNL314W,YER028C,1,-6.754505,0.11835291236639023,0.9369999766349792,0.6980000138282776
YKL152C,YPR073C,0,-6.754594,0.1183379665017128,0.9369999766349792,0.6980999708175659
YIL076W,YHR008C,0,-6.755295,0.11832302063703537,0.9369999766349792,0.698199987411499
YML113W,YNR026C,0,-6.7553535,0.11830808222293854,0.9369999766349792,0.6983000040054321
YPL170W,YMR117C,0,-6.755678,0.1182931438088417,0.9369999766349792,0.6984000205993652
YKL191W,YMR293C,0,-6.755762,0.11827821284532547,0.9369999766349792,0.6984999775886536
YBR161W,YER068W,0,-6.755846,0.11826328188180923,0.9369999766349792,0.6985999941825867
YBR236C,YNR057C,0,-6.7562466,0.1182483583688736,0.9369999766349792,0.6987000107765198
YGL051W,YLR340W,0,-6.7564645,0.11823343485593796,0.9369999766349792,0.6988000273704529
YBR039W,YBL025W,0,-6.756594,0.11821851879358292,0.9369999766349792,0.6988999843597412
YNR016C,YIL118W,0,-6.7567797,0.11820361018180847,0.9369999766349792,0.6990000009536743
YNR026C,YDR078C,0,-6.7569036,0.11818870157003403,0.9369999766349792,0.6991000175476074
YGR247W,YJL072C,0,-6.7570066,0.11817379295825958,0.9369999766349792,0.6991999745368958
YFR041C,YIR015W,0,-6.757216,0.11815889179706573,0.9369999766349792,0.6992999911308289
YIR021W,YKL041W,0,-6.757398,0.11814399063587189,0.9369999766349792,0.699400007724762
YMR280C,YJR059W,0,-6.757515,0.11812909692525864,0.9369999766349792,0.6995000243186951
YDR085C,YER119C,0,-6.7582116,0.11811420321464539,0.9369999766349792,0.6995999813079834
YGR083C,YJR070C,0,-6.758539,0.11809931695461273,0.9369999766349792,0.6996999979019165
YBR221C,YER087C-A,0,-6.758649,0.11808443814516068,0.9369999766349792,0.6998000144958496
YJL201W,YER100W,0,-6.758909,0.11806955933570862,0.9369999766349792,0.6998999714851379
YOL149W,YNL045W,0,-6.7589808,0.11805468052625656,0.9369999766349792,0.699999988079071
YGL200C,YDR465C,0,-6.759103,0.1180398091673851,0.9369999766349792,0.7001000046730042
YDL111C,YDL077C,0,-6.759239,0.11802493780851364,0.9369999766349792,0.7002000212669373
YLR190W,YDR293C,0,-6.759248,0.11801007390022278,0.9369999766349792,0.7002999782562256
YOR349W,YHR026W,0,-6.7592735,0.11799521744251251,0.9369999766349792,0.7003999948501587
YMR270C,YIL056W,0,-6.759575,0.11798036098480225,0.9369999766349792,0.7005000114440918
YPL086C,YKL119C,0,-6.7595787,0.11796550452709198,0.9369999766349792,0.7006000280380249
YKL085W,YLR376C,0,-6.7598133,0.11795065551996231,0.9369999766349792,0.7006999850273132
YBL032W,YLR014C,0,-6.759941,0.11793580651283264,0.9369999766349792,0.7008000016212463
YPL153C,YDR353W,0,-6.760103,0.11792096495628357,0.9369999766349792,0.7009000182151794
YOL126C,YLR357W,0,-6.760153,0.1179061308503151,0.9369999766349792,0.7009999752044678
YJR065C,YIR018W,0,-6.760403,0.11789129674434662,0.9369999766349792,0.7010999917984009
YCR044C,YPR161C,0,-6.760785,0.11787646263837814,0.9369999766349792,0.701200008392334
YBR029C,YER126C,0,-6.7610407,0.11786163598299026,0.9369999766349792,0.7013000249862671
YNR074C,YEL066W,0,-6.761096,0.11784680932760239,0.9369999766349792,0.7013999819755554
YHR142W,YOR259C,0,-6.7611094,0.1178319901227951,0.9369999766349792,0.7014999985694885
YPL271W,YLR098C,0,-6.7611165,0.11781717836856842,0.9369999766349792,0.7016000151634216
YGL200C,YPR161C,0,-6.7612534,0.11780236661434174,0.9369999766349792,0.70169997215271
YBL023C,YNL241C,0,-6.761395,0.11778755486011505,0.9369999766349792,0.7017999887466431
YOR351C,YPL154C,0,-6.7615557,0.11777275055646896,0.9369999766349792,0.7019000053405762
YJL081C,YPR080W,0,-6.7617855,0.11775794625282288,0.9369999766349792,0.7020000219345093
YJL108C,YLR200W,0,-6.7623186,0.11774314939975739,0.9369999766349792,0.7020999789237976
YNR030W,YCL067C,0,-6.7623577,0.11772835999727249,0.9369999766349792,0.7021999955177307
YNL314W,YDR460W,1,-6.7628007,0.11783919483423233,0.9380000233650208,0.7021999955177307
YCR010C,YKR052C,0,-6.7629175,0.11782439053058624,0.9380000233650208,0.7023000121116638
YOR113W,YNL070W,0,-6.763045,0.11780959367752075,0.9380000233650208,0.7024000287055969
YAR031W,YGL104C,0,-6.763224,0.11779480427503586,0.9380000233650208,0.7024999856948853
YNL307C,YMR104C,0,-6.7633104,0.11778000742197037,0.9380000233650208,0.7026000022888184
YNL041C,YMR011W,0,-6.7633944,0.11776522547006607,0.9380000233650208,0.7027000188827515
YDL145C,YPL193W,0,-6.7633996,0.11775043606758118,0.9380000233650208,0.7027999758720398
YPL188W,YPR054W,0,-6.7635546,0.11773566156625748,0.9380000233650208,0.7028999924659729
YPL061W,YCL067C,0,-6.7636313,0.11772088706493378,0.9380000233650208,0.703000009059906
YML055W,YPL157W,0,-6.7639503,0.11770611256361008,0.9380000233650208,0.7031000256538391
YMR065W,YDL188C,0,-6.764104,0.11769134551286697,0.9380000233650208,0.7031999826431274
YLR249W,YGR270W,0,-6.7641215,0.11767657846212387,0.9380000233650208,0.7032999992370605
YGL166W,YNL222W,1,-6.7644367,0.11778725683689117,0.9390000104904175,0.7032999992370605
YML059C,YGR128C,0,-6.7645407,0.11777248233556747,0.9390000104904175,0.7034000158309937
YML008C,YGL244W,0,-6.764702,0.11775771528482437,0.9390000104904175,0.703499972820282
YMR240C,YEL009C,0,-6.7649508,0.11774294823408127,0.9390000104904175,0.7035999894142151
YNL080C,YER024W,0,-6.765097,0.11772818118333817,0.9390000104904175,0.7037000060081482
YDR106W,YOR123C,0,-6.765216,0.11771342903375626,0.9390000104904175,0.7038000226020813
YKL020C,YGR181W,0,-6.7653713,0.11769866943359375,0.9390000104904175,0.7038999795913696
YGL195W,YDR096W,0,-6.7654057,0.11768391728401184,0.9390000104904175,0.7039999961853027
YBL003C,YMR142C,0,-6.76541,0.11766917258501053,0.9390000104904175,0.7041000127792358
YLR274W,YOL143C,0,-6.7657957,0.11765442788600922,0.9390000104904175,0.704200029373169
YHR053C,YMR156C,0,-6.765814,0.1176396906375885,0.9390000104904175,0.7042999863624573
YGL018C,YGL093W,0,-6.7659545,0.11762495338916779,0.9390000104904175,0.7044000029563904
YCR024C-A,YBR165W,0,-6.7662945,0.11761022359132767,0.9390000104904175,0.7045000195503235
YKL204W,YCR061W,0,-6.766305,0.11759549379348755,0.9390000104904175,0.7045999765396118
YJL071W,YHR188C,0,-6.7665377,0.11758076399564743,0.9390000104904175,0.7046999931335449
YDR106W,YER177W,0,-6.766746,0.11756604164838791,0.9390000104904175,0.704800009727478
YCR005C,YGL195W,0,-6.7669725,0.11755132675170898,0.9390000104904175,0.7049000263214111
YLR022C,YPL130W,0,-6.766985,0.11753661185503006,0.9390000104904175,0.7049999833106995
YLR411W,YKR082W,0,-6.767041,0.11752190440893173,0.9390000104904175,0.7050999999046326
YJL024C,YEL009C,0,-6.767231,0.1175071969628334,0.9390000104904175,0.7052000164985657
YDL024C,YOR069W,0,-6.76727,0.11749248951673508,0.9390000104904175,0.705299973487854
YER168C,YPL043W,0,-6.767305,0.11747778952121735,0.9390000104904175,0.7053999900817871
YKR068C,YOL109W,0,-6.7673407,0.11746309697628021,0.9390000104904175,0.7055000066757202
YPR030W,YNL294C,0,-6.7673674,0.11744840443134308,0.9390000104904175,0.7056000232696533
YML078W,YPL171C,0,-6.7673874,0.11743371933698654,0.9390000104904175,0.7056999802589417
YJL095W,YMR208W,0,-6.7677536,0.11741903424263,0.9390000104904175,0.7057999968528748
YLR411W,YDR071C,0,-6.7682943,0.11740434914827347,0.9390000104904175,0.7059000134468079
YDR080W,YMR104C,0,-6.768497,0.11738967150449753,0.9390000104904175,0.7059999704360962
YLR197W,YEL057C,0,-6.7685456,0.11737500131130219,0.9390000104904175,0.7060999870300293
YOL145C,YJR118C,0,-6.7686777,0.11736033111810684,0.9390000104904175,0.7062000036239624
YJL002C,YJL204C,0,-6.768705,0.1173456609249115,0.9390000104904175,0.7063000202178955
YPL055C,YJL012C,0,-6.7690353,0.11733099818229675,0.9390000104904175,0.7063999772071838
YKL148C,YDR135C,0,-6.7693653,0.1173163428902626,0.9390000104904175,0.7064999938011169
YOL051W,YDR037W,0,-6.7694306,0.11730168759822845,0.9390000104904175,0.70660001039505
YAL053W,YHR118C,0,-6.7694435,0.1172870323061943,0.9390000104904175,0.7067000269889832
YGL180W,YBL078C,0,-6.7697678,0.11727238446474075,0.9390000104904175,0.7067999839782715
YMR042W,YOR211C,0,-6.770179,0.1172577440738678,0.9390000104904175,0.7069000005722046
YJL020C,YEL015W,0,-6.7702885,0.11724310368299484,0.9390000104904175,0.7070000171661377
YCR063W,YDR276C,0,-6.7703514,0.11722846329212189,0.9390000104904175,0.707099974155426
YLR155C,YBL045C,0,-6.7704477,0.11721383035182953,0.9390000104904175,0.7071999907493591
YDR524C,YNL062C,0,-6.770488,0.11719920486211777,0.9390000104904175,0.7073000073432922
YOL017W,YMR101C,0,-6.770714,0.11718457192182541,0.9390000104904175,0.7074000239372253
YNR011C,YDL059C,0,-6.770954,0.11716995388269424,0.9390000104904175,0.7074999809265137
YLR163C,YJL035C,0,-6.771176,0.11715533584356308,0.9390000104904175,0.7075999975204468
YGL166W,YML015C,1,-6.771478,0.11726547032594681,0.9399999976158142,0.7075999975204468
YOR236W,YML052W,0,-6.7715216,0.11725084483623505,0.9399999976158142,0.7077000141143799
YDR224C,YER142C,0,-6.7715445,0.11723621934652328,0.9399999976158142,0.7077999711036682
YIL046W,YNL202W,0,-6.771755,0.11722160130739212,0.9399999976158142,0.7078999876976013
YGR044C,YGR116W,0,-6.7720165,0.11720698326826096,0.9399999976158142,0.7080000042915344
YIR023W,YDL084W,0,-6.7720613,0.11719237267971039,0.9399999976158142,0.7081000208854675
YKL120W,YOL142W,0,-6.772445,0.11717776209115982,0.9399999976158142,0.7081999778747559
YJR013W,YNR003C,0,-6.7725487,0.11716315895318985,0.9399999976158142,0.708299994468689
YJL085W,YNL244C,0,-6.7725964,0.11714855581521988,0.9399999976158142,0.7084000110626221
YKL004W,YFL018C,0,-6.7728095,0.11713395267724991,0.9399999976158142,0.7085000276565552
YNL172W,YAL055W,0,-6.7731104,0.11711936444044113,0.9399999976158142,0.7085999846458435
YGL166W,YER171W,1,-6.7731137,0.11722934991121292,0.9409999847412109,0.7085999846458435
YGL130W,YML124C,0,-6.7733297,0.11721474677324295,0.9409999847412109,0.7087000012397766
YGR142W,YNR067C,0,-6.773338,0.11720015108585358,0.9409999847412109,0.7088000178337097
YJR093C,YBL005W,0,-6.773385,0.1171855553984642,0.9409999847412109,0.708899974822998
YER052C,YPL055C,0,-6.773578,0.11717095971107483,0.9409999847412109,0.7089999914169312
YOR269W,YBL033C,0,-6.773597,0.11715637147426605,0.9409999847412109,0.7091000080108643
YGL003C,YKL089W,0,-6.77362,0.11714179068803787,0.9409999847412109,0.7092000246047974
YHR053C,YIL002C,0,-6.773728,0.11712720990180969,0.9409999847412109,0.7092999815940857
YBR158W,YDR465C,0,-6.7741814,0.11711262911558151,0.9409999847412109,0.7093999981880188
YJL128C,YLL011W,0,-6.774748,0.11709805577993393,0.9409999847412109,0.7095000147819519
YKL004W,YPL095C,0,-6.7750034,0.11708348989486694,0.9409999847412109,0.7095999717712402
YOR269W,YDR276C,0,-6.7752914,0.11706892400979996,0.9409999847412109,0.7096999883651733
YNR038W,YPL094C,0,-6.77531,0.11705435812473297,0.9409999847412109,0.7098000049591064
YLR129W,YNL047C,0,-6.7759,0.11703979969024658,0.9409999847412109,0.7099000215530396
YKL049C,YPL119C,0,-6.7759523,0.11702524870634079,0.9409999847412109,0.7099999785423279
YEL018W,YOR027W,0,-6.7762675,0.1170106902718544,0.9409999847412109,0.710099995136261
YPL022W,YOR332W,0,-6.7764273,0.1169961467385292,0.9409999847412109,0.7102000117301941
YGL241W,YCR084C,0,-6.7764435,0.11698160320520401,0.9409999847412109,0.7103000283241272
YJL072C,YDL060W,0,-6.7764516,0.11696705967187881,0.9409999847412109,0.7103999853134155
YCR065W,YOR089C,0,-6.7765565,0.11695252358913422,0.9409999847412109,0.7105000019073486
YLR353W,YBR175W,0,-6.776615,0.11693798750638962,0.9409999847412109,0.7106000185012817
YBR158W,YNL072W,0,-6.7767124,0.11692345887422562,0.9409999847412109,0.7106999754905701
YGR144W,YPR016C,0,-6.7772894,0.11690893024206161,0.9409999847412109,0.7107999920845032
YGR262C,YKR034W,0,-6.777337,0.11689440906047821,0.9409999847412109,0.7109000086784363
YFR033C,YGR281W,0,-6.777357,0.1168798878788948,0.9409999847412109,0.7110000252723694
YJL201W,YER020W,0,-6.777429,0.116865374147892,0.9409999847412109,0.7110999822616577
YKL178C,YJR066W,0,-6.777754,0.11685086041688919,0.9409999847412109,0.7111999988555908
YDR126W,YKL099C,0,-6.777981,0.11683635413646698,0.9409999847412109,0.7113000154495239
YJR009C,YFL058W,0,-6.7779927,0.11682184785604477,0.9409999847412109,0.7113999724388123
YNL049C,YMR210W,0,-6.778325,0.11680734902620316,0.9409999847412109,0.7114999890327454
YDL126C,YNR017W,0,-6.7783365,0.11679285019636154,0.9409999847412109,0.7116000056266785
YOR315W,YBR165W,0,-6.7784157,0.11677835881710052,0.9409999847412109,0.7117000222206116
YMR092C,YPL061W,0,-6.7785997,0.11676386743783951,0.9409999847412109,0.7117999792098999
YEL069C,YPL206C,0,-6.778679,0.11674937605857849,0.9409999847412109,0.711899995803833
YDL031W,YOR272W,0,-6.779166,0.11673489958047867,0.9409999847412109,0.7120000123977661
YGR278W,YAL068C,0,-6.7791696,0.11672041565179825,0.9409999847412109,0.7121000289916992
YHL047C,YDL030W,0,-6.7791977,0.11670593917369843,0.9409999847412109,0.7121999859809875
YEL030W,YPR078C,0,-6.7792215,0.1166914701461792,0.9409999847412109,0.7123000025749207
YGL171W,YCR060W,0,-6.77947,0.11667700111865997,0.9409999847412109,0.7124000191688538
YER020W,YIL147C,0,-6.78025,0.11666253209114075,0.9409999847412109,0.7124999761581421
YGL071W,YML123C,0,-6.78028,0.11664807051420212,0.9409999847412109,0.7125999927520752
YJR078W,YAR031W,0,-6.7804294,0.11663361638784409,0.9409999847412109,0.7127000093460083
YPL021W,YIL160C,0,-6.7805166,0.11661916226148605,0.9409999847412109,0.7128000259399414
YNR003C,YGR118W,0,-6.780534,0.11660470813512802,0.9409999847412109,0.7128999829292297
YIL070C,YHR023W,0,-6.780735,0.11659026145935059,0.9409999847412109,0.7129999995231628
YOR373W,YGR059W,0,-6.780772,0.11657581478357315,0.9409999847412109,0.713100016117096
YOR239W,YDR115W,0,-6.780802,0.11656137555837631,0.9409999847412109,0.7131999731063843
YDR092W,YOL109W,0,-6.7809014,0.11654694378376007,0.9409999847412109,0.7132999897003174
YML046W,YKR081C,0,-6.781067,0.11653250455856323,0.9409999847412109,0.7134000062942505
YAL051W,YMR013C,0,-6.7811117,0.11651808023452759,0.9409999847412109,0.7135000228881836
YNR060W,YDR416W,0,-6.7812424,0.11650365591049194,0.9409999847412109,0.7135999798774719
YPL097W,YOL006C,0,-6.781831,0.1164892315864563,0.9409999847412109,0.713699996471405
YNL130C,YBL026W,0,-6.7819185,0.11647481471300125,0.9409999847412109,0.7138000130653381
YDL243C,YFR034C,0,-6.7822466,0.1164603978395462,0.9409999847412109,0.7139000296592712
YGR024C,YPL176C,0,-6.782468,0.11644598096609116,0.9409999847412109,0.7139999866485596
YBL003C,YOR049C,0,-6.7825727,0.1164315789937973,0.9409999847412109,0.7141000032424927
YBR029C,YLL022C,0,-6.7827597,0.11641716957092285,0.9409999847412109,0.7142000198364258
YGL256W,YLR418C,0,-6.7829275,0.116402767598629,0.9409999847412109,0.7142999768257141
YGL018C,YOR145C,0,-6.783059,0.11638837307691574,0.9409999847412109,0.7143999934196472
YPL095C,YKL089W,0,-6.783341,0.11637397855520248,0.9409999847412109,0.7145000100135803
YGR247W,YIR008C,0,-6.783531,0.11635959148406982,0.9409999847412109,0.7146000266075134
YNR027W,YLR116W,0,-6.783622,0.11634520441293716,0.9409999847412109,0.7146999835968018
YKL185W,YKL079W,0,-6.783678,0.1163308173418045,0.9409999847412109,0.7148000001907349
YGL047W,YMR219W,0,-6.783739,0.11631643772125244,0.9409999847412109,0.714900016784668
YOR144C,YHL027W,0,-6.783823,0.11630206555128098,0.9409999847412109,0.7149999737739563
YBR110W,YDL192W,0,-6.784244,0.11628769338130951,0.9409999847412109,0.7150999903678894
YKL021C,YNR043W,0,-6.784274,0.11627332121133804,0.9409999847412109,0.7152000069618225
YDL175C,YKL085W,0,-6.784675,0.11625895649194717,0.9409999847412109,0.7153000235557556
YMR220W,YJL164C,0,-6.7846794,0.1162445917725563,0.9409999847412109,0.715399980545044
YEL061C,YDR477W,0,-6.7847457,0.11623023450374603,0.9409999847412109,0.715499997138977
YER068W,YBR256C,0,-6.7848835,0.11621588468551636,0.9409999847412109,0.7156000137329102
YIL121W,YOL004W,0,-6.785045,0.11620153486728668,0.9409999847412109,0.7156999707221985
YDR158W,YDR404C,0,-6.785289,0.116187185049057,0.9409999847412109,0.7157999873161316
YLR270W,YOR351C,0,-6.7853227,0.11617284268140793,0.9409999847412109,0.7159000039100647
YJL020C,YAL034W-A,0,-6.7854342,0.11615850031375885,0.9409999847412109,0.7160000205039978
YKL060C,YLR096W,0,-6.785437,0.11614416539669037,0.9409999847412109,0.7160999774932861
YDL019C,YOR216C,0,-6.785846,0.11612983047962189,0.9409999847412109,0.7161999940872192
YDL078C,YML123C,0,-6.786174,0.1161154955625534,0.9409999847412109,0.7163000106811523
YJL167W,YNR053C,0,-6.786247,0.11610117554664612,0.9409999847412109,0.7164000272750854
YHL036W,YOR279C,0,-6.786498,0.11608684808015823,0.9409999847412109,0.7164999842643738
YHR043C,YKR101W,0,-6.7865067,0.11607252806425095,0.9409999847412109,0.7166000008583069
YHR053C,YPR143W,0,-6.786521,0.11605821549892426,0.9409999847412109,0.71670001745224
YPL032C,YJR066W,0,-6.786528,0.11604390293359756,0.9409999847412109,0.7167999744415283
YNL233W,YOR315W,0,-6.7865334,0.11602959036827087,0.9409999847412109,0.7168999910354614
YJR050W,YHR016C,0,-6.7865667,0.11601528525352478,0.9409999847412109,0.7170000076293945
YEL054C,YPR078C,0,-6.7865877,0.11600098758935928,0.9409999847412109,0.7171000242233276
YLL019C,YAL015C,0,-6.787163,0.11598668992519379,0.9409999847412109,0.717199981212616
YPR023C,YDL138W,0,-6.787215,0.11597239226102829,0.9409999847412109,0.7172999978065491
YHR129C,YPL266W,0,-6.7873282,0.11595810204744339,0.9409999847412109,0.7174000144004822
YPL181W,YKR060W,0,-6.7873964,0.11594381183385849,0.9409999847412109,0.7174999713897705
YIL065C,YNL126W,0,-6.7874117,0.11592952907085419,0.9409999847412109,0.7175999879837036
YML060W,YIR006C,0,-6.78776,0.11591525375843048,0.9409999847412109,0.7177000045776367
YBR243C,YGL005C,0,-6.7881126,0.11590097099542618,0.9409999847412109,0.7178000211715698
YMR305C,YAR042W,0,-6.7882614,0.11588670313358307,0.9409999847412109,0.7178999781608582
YDR037W,YMR091C,0,-6.7886157,0.11587242782115936,0.9409999847412109,0.7179999947547913
YPL202C,YPL177C,1,-6.7889605,0.11598128825426102,0.9419999718666077,0.7179999947547913
YML057W,YLR318W,0,-6.789011,0.11596700549125671,0.9419999718666077,0.7181000113487244
YIL040W,YOR208W,0,-6.7893524,0.11595273017883301,0.9419999718666077,0.7182000279426575
YMR056C,YOL126C,0,-6.7893915,0.1159384623169899,0.9419999718666077,0.7182999849319458
YPR046W,YAR031W,0,-6.790187,0.11592419445514679,0.9419999718666077,0.7184000015258789
YOR031W,YGL151W,0,-6.7903385,0.11590992659330368,0.9419999718666077,0.718500018119812
YML046W,YNL045W,0,-6.790455,0.11589566618204117,0.9419999718666077,0.7185999751091003
YDR411C,YDR162C,0,-6.790609,0.11588141322135925,0.9419999718666077,0.7186999917030334
YER126C,YML059C,0,-6.7907686,0.11586716026067734,0.9419999718666077,0.7188000082969666
YBR286W,YJR137C,0,-6.7909117,0.11585290729999542,0.9419999718666077,0.7189000248908997
YER028C,YBR123C,1,-6.7913876,0.11596163362264633,0.9430000185966492,0.7189000248908997
YDR302W,YDR494W,0,-6.791503,0.11594737321138382,0.9430000185966492,0.718999981880188
YPR201W,YFR050C,0,-6.7915335,0.1159331202507019,0.9430000185966492,0.7190999984741211
YKL026C,YHR006W,0,-6.791811,0.11591886729001999,0.9430000185966492,0.7192000150680542
YPR023C,YDR404C,0,-6.791987,0.11590462177991867,0.9430000185966492,0.7192999720573425
YGL166W,YGL207W,1,-6.792061,0.11601327359676361,0.9440000057220459,0.7192999720573425
YNL004W,YLR044C,0,-6.7924004,0.1159990206360817,0.9440000057220459,0.7193999886512756
YLR176C,YCR067C,0,-6.792589,0.11598476767539978,0.9440000057220459,0.7195000052452087
YEL015W,YLL061W,0,-6.792735,0.11597051471471786,0.9440000057220459,0.7196000218391418
YDL051W,YLR301W,0,-6.7927556,0.11595626920461655,0.9440000057220459,0.7196999788284302
YER088C,YDR343C,0,-6.792912,0.11594203114509583,0.9440000057220459,0.7197999954223633
YLR214W,YNL133C,0,-6.7929583,0.1159277930855751,0.9440000057220459,0.7199000120162964
YOR023C,YJL081C,0,-6.7933445,0.11591355502605438,0.9440000057220459,0.7200000286102295
YHR094C,YMR054W,0,-6.793372,0.11589932441711426,0.9440000057220459,0.7200999855995178
YEL027W,YGL037C,0,-6.793475,0.11588509380817413,0.9440000057220459,0.7202000021934509
YGR246C,YOL067C,1,-6.793841,0.11599361896514893,0.9449999928474426,0.7202000021934509
YGL018C,YIL031W,0,-6.7939234,0.1159793809056282,0.9449999928474426,0.720300018787384
YGR133W,YKL014C,0,-6.7939267,0.11596515029668808,0.9449999928474426,0.7203999757766724
YBR085W,YLR095C,0,-6.794058,0.11595091968774796,0.9449999928474426,0.7204999923706055
YFL021W,YGR274C,1,-6.7942753,0.11605937778949738,0.9459999799728394,0.7204999923706055
YMR033W,YPR083W,0,-6.7951794,0.11604513972997665,0.9459999799728394,0.7206000089645386
YOL076W,YLR006C,0,-6.795308,0.11603090912103653,0.9459999799728394,0.7207000255584717
YOR123C,YMR008C,0,-6.795376,0.1160166785120964,0.9459999799728394,0.72079998254776
YBR020W,YHR060W,0,-6.795471,0.11600245535373688,0.9459999799728394,0.7208999991416931
YBL045C,YKL086W,0,-6.7957153,0.11598823219537735,0.9459999799728394,0.7210000157356262
YHR102W,YDR277C,0,-6.7958,0.11597400903701782,0.9459999799728394,0.7210999727249146
YNL118C,YGL255W,0,-6.7962403,0.11595979332923889,0.9459999799728394,0.7211999893188477
YGL241W,YER110C,0,-6.796755,0.11594558507204056,0.9459999799728394,0.7213000059127808
YLR190W,YDR025W,0,-6.797111,0.11593136936426163,0.9459999799728394,0.7214000225067139
YBR020W,YJR042W,0,-6.7972803,0.11591716855764389,0.9459999799728394,0.7214999794960022
YOR056C,YIL105C,0,-6.797296,0.11590296775102615,0.9459999799728394,0.7215999960899353
YJL073W,YKR053C,0,-6.797303,0.11588876694440842,0.9459999799728394,0.7217000126838684
YKL059C,YPL196W,0,-6.7976685,0.11587457358837128,0.9459999799728394,0.7218000292778015
YHR123W,YHR034C,0,-6.797715,0.11586038023233414,0.9459999799728394,0.7218999862670898
YAL032C,YKL080W,0,-6.797768,0.1158461943268776,0.9459999799728394,0.722000002861023
YMR127C,YGR197C,0,-6.7978573,0.11583200842142105,0.9459999799728394,0.722100019454956
YGL174W,YGR197C,0,-6.7981634,0.11581782251596451,0.9459999799728394,0.7221999764442444
YEL041W,YNL247W,0,-6.7984133,0.11580365151166916,0.9459999799728394,0.7222999930381775
YJR105W,YNR008W,0,-6.7986975,0.11578947305679321,0.9459999799728394,0.7224000096321106
YGL048C,YDR372C,0,-6.798927,0.11577530205249786,0.9459999799728394,0.7225000262260437
YDL137W,YNR002C,0,-6.799693,0.11576113849878311,0.9459999799728394,0.722599983215332
YGR280C,YPL106C,0,-6.7997966,0.11574697494506836,0.9459999799728394,0.7226999998092651
YFL050C,YKL178C,0,-6.7998114,0.11573281139135361,0.9459999799728394,0.7228000164031982
YGL014W,YER094C,0,-6.800254,0.11571865528821945,0.9459999799728394,0.7228999733924866
YBL030C,YKL042W,0,-6.800378,0.1157044991850853,0.9459999799728394,0.7229999899864197
YJR119C,YNL297C,0,-6.800751,0.11569035053253174,0.9459999799728394,0.7231000065803528
YHR058C,YJR104C,0,-6.8014297,0.11567620187997818,0.9459999799728394,0.7232000231742859
YGR245C,YPL106C,0,-6.801755,0.11566206067800522,0.9459999799728394,0.7232999801635742
YDL079C,YLR043C,0,-6.8021917,0.11564791947603226,0.9459999799728394,0.7233999967575073
YER045C,YGR246C,1,-6.8023844,0.11575601994991302,0.9470000267028809,0.7233999967575073
YER142C,YPL124W,0,-6.8025,0.11574187129735947,0.9470000267028809,0.7235000133514404
YGL175C,YPR016C,0,-6.8029437,0.1157277300953865,0.9470000267028809,0.7235999703407288
YHR011W,YBR061C,0,-6.802978,0.11571358889341354,0.9470000267028809,0.7236999869346619
YCR024C-A,YGL229C,0,-6.8032637,0.11569944769144058,0.9470000267028809,0.723800003528595
YPL188W,YKL019W,0,-6.8032856,0.11568531394004822,0.9470000267028809,0.7239000201225281
YJL122W,YLR285W,0,-6.803569,0.11567118763923645,0.9470000267028809,0.7239999771118164
YKR083C,YPR005C,0,-6.8038635,0.11565706133842468,0.9470000267028809,0.7240999937057495
YKL185W,YKL017C,0,-6.803875,0.11564293503761292,0.9470000267028809,0.7242000102996826
YML042W,YDR140W,0,-6.803949,0.11562881618738174,0.9470000267028809,0.7243000268936157
YNL072W,YMR077C,0,-6.8041034,0.11561469733715057,0.9470000267028809,0.724399983882904
YGR175C,YOR035C,0,-6.8043313,0.1156005859375,0.9470000267028809,0.7245000004768372
YLR423C,YPR161C,0,-6.8043633,0.11558647453784943,0.9470000267028809,0.7246000170707703
YKR060W,YOR287C,0,-6.804475,0.11557237058877945,0.9470000267028809,0.7246999740600586
YHR034C,YLR292C,0,-6.8048277,0.11555826663970947,0.9470000267028809,0.7247999906539917
YNR074C,YNL097C,0,-6.8049335,0.11554417014122009,0.9470000267028809,0.7249000072479248
YDL052C,YGL095C,0,-6.805267,0.11553007364273071,0.9470000267028809,0.7250000238418579
YMR250W,YMR272C,0,-6.8053045,0.11551597714424133,0.9470000267028809,0.7250999808311462
YNR075W,YML113W,0,-6.805917,0.11550188809633255,0.9470000267028809,0.7251999974250793
YNR017W,YBR130C,0,-6.8060484,0.11548780649900436,0.9470000267028809,0.7253000140190125
YDR245W,YNL334C,0,-6.806356,0.11547372490167618,0.9470000267028809,0.7253999710083008
YKL016C,YDR156W,0,-6.8064156,0.11545964330434799,0.9470000267028809,0.7254999876022339
YKL185W,YBL084C,0,-6.8066497,0.1154455691576004,0.9470000267028809,0.725600004196167
YDR106W,YLR022C,0,-6.8073444,0.11543149501085281,0.9470000267028809,0.7257000207901001
YBL023C,YPR080W,0,-6.807394,0.11541742831468582,0.9470000267028809,0.7257999777793884
YPR198W,YLR055C,0,-6.8076606,0.11540336161851883,0.9470000267028809,0.7258999943733215
YOR038C,YCR073W-A,0,-6.8080144,0.11538930237293243,0.9470000267028809,0.7260000109672546
YER054C,YNL167C,0,-6.8080487,0.11537524312734604,0.9470000267028809,0.7261000275611877
YLR233C,YJL102W,0,-6.8082304,0.11536119133234024,0.9470000267028809,0.7261999845504761
YJL219W,YKR063C,0,-6.808243,0.11534713953733444,0.9470000267028809,0.7263000011444092
YPL255W,YFL036W,0,-6.8084497,0.11533308774232864,0.9470000267028809,0.7264000177383423
YGL256W,YOL105C,0,-6.808801,0.11531904339790344,0.9470000267028809,0.7264999747276306
YHR094C,YBR218C,0,-6.8089113,0.11530500650405884,0.9470000267028809,0.7265999913215637
YKL152C,YPL060W,0,-6.8091736,0.11529096961021423,0.9470000267028809,0.7267000079154968
YGL174W,YDL079C,0,-6.8094482,0.11527693271636963,0.9470000267028809,0.7268000245094299
YER145C,YOR081C,0,-6.8096685,0.11526290327310562,0.9470000267028809,0.7268999814987183
YLR276C,YMR299C,0,-6.810422,0.11524887382984161,0.9470000267028809,0.7269999980926514
YLL008W,YBR121C,0,-6.81048,0.1152348518371582,0.9470000267028809,0.7271000146865845
YNL314W,YPR086W,1,-6.8105,0.11534249782562256,0.9480000138282776,0.7271000146865845
YER117W,YPL085W,0,-6.810548,0.11532846838235855,0.9480000138282776,0.7271999716758728
YMR184W,YLR032W,0,-6.8106174,0.11531443893909454,0.9480000138282776,0.7272999882698059
YNR056C,YOL069W,0,-6.810746,0.11530041694641113,0.9480000138282776,0.727400004863739
YOR354C,YGL249W,0,-6.8108177,0.11528639495372772,0.9480000138282776,0.7275000214576721
YBL042C,YLR301W,0,-6.810921,0.11527237296104431,0.9480000138282776,0.7275999784469604
YDR503C,YML016C,0,-6.811281,0.1152583584189415,0.9480000138282776,0.7276999950408936
YLL008W,YBL011W,0,-6.8113747,0.11524434387683868,0.9480000138282776,0.7278000116348267
YFR014C,YDR059C,0,-6.811468,0.11523033678531647,0.9480000138282776,0.7279000282287598
YDL143W,YBR021W,0,-6.8116055,0.11521633714437485,0.9480000138282776,0.7279999852180481
YGR142W,YOR267C,0,-6.8117228,0.11520233005285263,0.9480000138282776,0.7281000018119812
YPL204W,YKL194C,0,-6.8118954,0.11518833786249161,0.9480000138282776,0.7282000184059143
YNL214W,YJL138C,0,-6.8119874,0.11517433822154999,0.9480000138282776,0.7282999753952026
YDR503C,YER112W,0,-6.8119984,0.11516035348176956,0.9480000138282776,0.7283999919891357
YMR056C,YPR104C,0,-6.8123045,0.11514636129140854,0.9480000138282776,0.7285000085830688
YDR342C,YKR031C,0,-6.813067,0.11513237655162811,0.9480000138282776,0.728600025177002
YDR072C,YNR006W,0,-6.8136635,0.11511839926242828,0.9480000138282776,0.7286999821662903
YJL165C,YDL236W,0,-6.813893,0.11510442197322845,0.9480000138282776,0.7287999987602234
YER045C,YDR145W,1,-6.813977,0.1152118518948555,0.9490000009536743,0.7287999987602234
YFL010W-A,YDR393W,0,-6.814168,0.11519786715507507,0.9490000009536743,0.7289000153541565
YJL183W,YPR007C,0,-6.814204,0.11518388241529465,0.9490000009536743,0.7289999723434448
YIR025W,YER009W,0,-6.8143063,0.11516990512609482,0.9490000009536743,0.7290999889373779
YBR066C,YBR060C,0,-6.8143854,0.11515592783689499,0.9490000009536743,0.729200005531311
YGR088W,YMR015C,0,-6.8144464,0.11514195799827576,0.9490000009536743,0.7293000221252441
YLR303W,YJL143W,0,-6.8148336,0.11512798815965652,0.9490000009536743,0.7293999791145325
YKR038C,YCL044C,0,-6.8148985,0.11511402577161789,0.9490000009536743,0.7294999957084656
YBR205W,YDR011W,0,-6.8152647,0.11510006338357925,0.9490000009536743,0.7296000123023987
YJL071W,YLR424W,0,-6.8152704,0.11508610099554062,0.9490000009536743,0.7297000288963318
YOL086C,YIL038C,0,-6.816147,0.11507214605808258,0.9490000009536743,0.7297999858856201
YLR068W,YDR131C,0,-6.816347,0.11505819857120514,0.9490000009536743,0.7299000024795532
YHR142W,YJL165C,0,-6.816455,0.1150442510843277,0.9490000009536743,0.7300000190734863
YGL166W,YPL122C,1,-6.817129,0.11515151709318161,0.949999988079071,0.7300000190734863
YNL102W,YBL004W,0,-6.817198,0.11513756215572357,0.949999988079071,0.7300999760627747
YPR001W,YDL135C,0,-6.817284,0.11512360721826553,0.949999988079071,0.7301999926567078
YDR099W,YNL188W,0,-6.817292,0.11510965973138809,0.949999988079071,0.7303000092506409
YDL137W,YDR302W,0,-6.8173127,0.11509571224451065,0.949999988079071,0.730400025844574
YER109C,YGR070W,0,-6.8174286,0.1150817722082138,0.949999988079071,0.7304999828338623
YMR184W,YEL029C,0,-6.817438,0.11506783217191696,0.949999988079071,0.7305999994277954
YMR296C,YMR021C,0,-6.8174777,0.11505389213562012,0.949999988079071,0.7307000160217285
YPL046C,YNL075W,0,-6.8177743,0.11503995954990387,0.949999988079071,0.7307999730110168
YHR086W,YEL057C,0,-6.817896,0.11502603441476822,0.949999988079071,0.73089998960495
YGL194C,YLR424W,0,-6.8179803,0.11501210927963257,0.949999988079071,0.7310000061988831
YOL051W,YDR309C,0,-6.8184648,0.11499818414449692,0.949999988079071,0.7311000227928162
YJR013W,YGR094W,0,-6.8187838,0.11498426645994186,0.949999988079071,0.7311999797821045
YPL078C,YBR298C,0,-6.818945,0.11497034877538681,0.949999988079071,0.7312999963760376
YDL143W,YLR034C,0,-6.8190794,0.11495643854141235,0.949999988079071,0.7314000129699707
YFL050C,YLL034C,0,-6.819146,0.1149425283074379,0.949999988079071,0.7315000295639038
YBR177C,YNL014W,0,-6.819256,0.11492862552404404,0.949999988079071,0.7315999865531921
YPL043W,YDR018C,0,-6.8192825,0.11491472274065018,0.949999988079071,0.7317000031471252
YKL021C,YOL104C,0,-6.819668,0.11490081995725632,0.949999988079071,0.7318000197410583
YGL105W,YOR180C,0,-6.8202343,0.11488692462444305,0.949999988079071,0.7318999767303467
YER024W,YOR129C,0,-6.820314,0.11487303674221039,0.949999988079071,0.7319999933242798
YDR022C,YDR283C,0,-6.820531,0.11485914885997772,0.949999988079071,0.7321000099182129
YMR238W,YGR193C,0,-6.820845,0.11484526097774506,0.949999988079071,0.732200026512146
YDR162C,YPL196W,0,-6.821108,0.11483138054609299,0.949999988079071,0.7322999835014343
YGL027C,YDR409W,0,-6.82118,0.11481750011444092,0.949999988079071,0.7324000000953674
YPL255W,YGR109C,0,-6.821393,0.11480362713336945,0.949999988079071,0.7325000166893005
YPL121C,YHL025W,0,-6.8217597,0.11478975415229797,0.949999988079071,0.7325999736785889
YOR254C,YIL023C,0,-6.822091,0.1147758886218071,0.949999988079071,0.732699990272522
YLL009C,YHR079C,0,-6.82214,0.11476202309131622,0.949999988079071,0.7328000068664551
YOR034C,YCR002C,0,-6.8222437,0.11474815756082535,0.949999988079071,0.7329000234603882
YOR326W,YDR300C,0,-6.8222876,0.11473429948091507,0.949999988079071,0.7329999804496765
YDL088C,YMR246W,0,-6.8223095,0.11472044140100479,0.949999988079071,0.7330999970436096
YMR113W,YOL049W,0,-6.8223352,0.11470659077167511,0.949999988079071,0.7332000136375427
YGL037C,YOR380W,0,-6.8224154,0.11469274759292603,0.949999988079071,0.733299970626831
YMR290C,YMR013C,0,-6.8226457,0.11467889696359634,0.949999988079071,0.7333999872207642
YOR284W,YER127W,0,-6.822877,0.11466505378484726,0.949999988079071,0.7335000038146973
YHR171W,YER044C-A,0,-6.823575,0.11465121805667877,0.949999988079071,0.7336000204086304
YOL026C,YPL112C,0,-6.8237863,0.11463738232851028,0.949999988079071,0.7336999773979187
YLR190W,YPL036W,0,-6.8238435,0.1146235540509224,0.949999988079071,0.7337999939918518
YIR023W,YCR031C,0,-6.8239884,0.1146097257733345,0.949999988079071,0.7339000105857849
YLR071C,YOR179C,0,-6.824125,0.11459589749574661,0.949999988079071,0.734000027179718
YDL147W,YDL229W,0,-6.824271,0.11458207666873932,0.949999988079071,0.7340999841690063
YCL055W,YGL045W,0,-6.824487,0.11456825584173203,0.949999988079071,0.7342000007629395
YMR008C,YOL128C,0,-6.824709,0.11455444246530533,0.949999988079071,0.7343000173568726
YDR009W,YPR065W,0,-6.824732,0.11454062908887863,0.949999988079071,0.7343999743461609
YPL262W,YFL011W,0,-6.8249626,0.11452682316303253,0.949999988079071,0.734499990940094
YKL040C,YMR200W,0,-6.8254123,0.11451301723718643,0.949999988079071,0.7346000075340271
YJL140W,YOR307C,0,-6.825514,0.11449921876192093,0.949999988079071,0.7347000241279602
YCR038C,YNL117W,0,-6.825584,0.11448542028665543,0.949999988079071,0.7347999811172485
YDR214W,YOR279C,0,-6.826125,0.11447162181138992,0.949999988079071,0.7348999977111816
YMR184W,YIL117C,0,-6.8261523,0.11445783078670502,0.949999988079071,0.7350000143051147
YBL040C,YKL081W,0,-6.827317,0.11444403976202011,0.949999988079071,0.7350999712944031
YHL020C,YOR254C,0,-6.8273287,0.1144302561879158,0.949999988079071,0.7351999878883362
YEL061C,YKL057C,0,-6.827649,0.11441647261381149,0.949999988079071,0.7353000044822693
YPL175W,YOR003W,0,-6.8277197,0.11440269649028778,0.949999988079071,0.7354000210762024
YHL047C,YHR065C,0,-6.82786,0.11438892036676407,0.949999988079071,0.7354999780654907
YOL059W,YMR093W,0,-6.828003,0.11437515169382095,0.949999988079071,0.7355999946594238
YGL016W,YGR279C,0,-6.828109,0.11436138302087784,0.949999988079071,0.7357000112533569
YDR121W,YER020W,0,-6.8284135,0.11434761434793472,0.949999988079071,0.73580002784729
YNR056C,YHR094C,0,-6.8290734,0.1143338531255722,0.949999988079071,0.7358999848365784
YMR068W,YJR055W,0,-6.8291416,0.11432009935379028,0.949999988079071,0.7360000014305115
YFL023W,YIR026C,0,-6.829254,0.11430633813142776,0.949999988079071,0.7361000180244446
YLR223C,YGL014W,0,-6.829405,0.11429259181022644,0.949999988079071,0.7361999750137329
YGL003C,YGL012W,0,-6.8295083,0.11427883803844452,0.949999988079071,0.736299991607666
YPL254W,YDR465C,0,-6.8298206,0.1142650917172432,0.949999988079071,0.7364000082015991
YDR314C,YHR111W,0,-6.8298993,0.11425135284662247,0.949999988079071,0.7365000247955322
YBR034C,YDR243C,0,-6.830065,0.11423761397600174,0.949999988079071,0.7365999817848206
YNL001W,YOR327C,0,-6.830287,0.11422387510538101,0.949999988079071,0.7366999983787537
YEL016C,YAR031W,0,-6.8303394,0.11421014368534088,0.949999988079071,0.7368000149726868
YFL021W,YKL058W,1,-6.8303623,0.11431662738323212,0.9509999752044678,0.7368000149726868
YML113W,YJR063W,0,-6.8305726,0.11430288106203079,0.9509999752044678,0.7368999719619751
YGR004W,YGR070W,0,-6.830679,0.11428914964199066,0.9509999752044678,0.7369999885559082
YML121W,YCL054W,0,-6.8307905,0.11427541822195053,0.9509999752044678,0.7371000051498413
YGL106W,YKL038W,0,-6.8314857,0.1142616868019104,0.9509999752044678,0.7372000217437744
YDR516C,YJL167W,0,-6.8315115,0.11424795538187027,0.9509999752044678,0.7372999787330627
YGL180W,YDR498C,0,-6.8316164,0.11423423141241074,0.9509999752044678,0.7373999953269958
YBR091C,YKL113C,0,-6.8317065,0.1142205148935318,0.9509999752044678,0.737500011920929
YER044C,YDL035C,0,-6.8324203,0.11420679837465286,0.9509999752044678,0.7376000285148621
YML058W-A,YDR072C,0,-6.832485,0.11419308185577393,0.9509999752044678,0.7376999855041504
YGR171C,YKR072C,0,-6.8325186,0.11417937278747559,0.9509999752044678,0.7378000020980835
YFL010W-A,YDR247W,0,-6.8327274,0.11416566371917725,0.9509999752044678,0.7379000186920166
YPR112C,YFL002C,0,-6.833499,0.1141519621014595,0.9509999752044678,0.7379999756813049
YFR009W,YDL046W,0,-6.833565,0.11413826048374176,0.9509999752044678,0.738099992275238
YGL166W,YPL177C,1,-6.833779,0.11424457281827927,0.9520000219345093,0.738099992275238
YKL204W,YOR284W,0,-6.8337936,0.11423086374998093,0.9520000219345093,0.7382000088691711
YBL045C,YGL167C,0,-6.833955,0.11421715468168259,0.9520000219345093,0.7383000254631042
YGR188C,YBR284W,0,-6.8339615,0.11420345306396484,0.9520000219345093,0.7383999824523926
YDL029W,YBR105C,0,-6.83397,0.1141897588968277,0.9520000219345093,0.7384999990463257
YML058W-A,YNL307C,0,-6.834238,0.11417606472969055,0.9520000219345093,0.7386000156402588
YLR060W,YOR171C,0,-6.83426,0.1141623705625534,0.9520000219345093,0.7386999726295471
YCL061C,YDL064W,0,-6.8344393,0.11414868384599686,0.9520000219345093,0.7387999892234802
YPL095C,YHR039C,0,-6.834678,0.11413499712944031,0.9520000219345093,0.7389000058174133
YLR309C,YDL130W-A,0,-6.8348026,0.11412131041288376,0.9520000219345093,0.7390000224113464
YHR053C,YKR101W,0,-6.8351946,0.1141076385974884,0.9520000219345093,0.7390999794006348
YGL033W,YHR186C,0,-6.8356056,0.11409395933151245,0.9520000219345093,0.7391999959945679
YJR158W,YOL069W,0,-6.8356347,0.1140802875161171,0.9520000219345093,0.739300012588501
YBR214W,YPR054W,0,-6.8356714,0.11406661570072174,0.9520000219345093,0.7394000291824341
YJL073W,YOL093W,0,-6.8359346,0.11405295133590698,0.9520000219345093,0.7394999861717224
YNL232W,YLR165C,0,-6.8359604,0.11403929442167282,0.9520000219345093,0.7396000027656555
YOR046C,YBR192W,0,-6.836189,0.11402563005685806,0.9520000219345093,0.7397000193595886
YHR024C,YPL175W,0,-6.8362403,0.1140119731426239,0.9520000219345093,0.739799976348877
YOR046C,YBR021W,0,-6.836501,0.11399832367897034,0.9520000219345093,0.7398999929428101
YBL090W,YAR010C,0,-6.8366346,0.11398467421531677,0.9520000219345093,0.7400000095367432
YMR296C,YFR052W,0,-6.836725,0.11397102475166321,0.9520000219345093,0.7401000261306763
YDL095W,YDR195W,0,-6.8367577,0.11395738273859024,0.9520000219345093,0.7401999831199646
YNL270C,YGL226C-A,0,-6.8372207,0.11394374817609787,0.9520000219345093,0.7402999997138977
YJR047C,YDL159W,0,-6.83731,0.1139301136136055,0.9520000219345093,0.7404000163078308
YDR171W,YJR066W,0,-6.837465,0.11391647905111313,0.9520000219345093,0.7404999732971191
YMR081C,YDL043C,0,-6.837552,0.11390284448862076,0.9520000219345093,0.7405999898910522
YLR186W,YLR020C,0,-6.8376994,0.11388922482728958,0.9520000219345093,0.7407000064849854
YOR250C,YJR070C,0,-6.837892,0.11387559771537781,0.9520000219345093,0.7408000230789185
YDL028C,YHR004C,0,-6.838132,0.11386197805404663,0.9520000219345093,0.7408999800682068
YPR057W,YOL011W,0,-6.838627,0.11384835839271545,0.9520000219345093,0.7409999966621399
YGL226C-A,YCR035C,0,-6.8392835,0.11383474618196487,0.9520000219345093,0.741100013256073
YGL191W,YGR060W,0,-6.839572,0.11382114142179489,0.9520000219345093,0.7411999702453613
YDL117W,YNL299W,0,-6.8396244,0.11380752921104431,0.9520000219345093,0.7412999868392944
YPR164W,YHR069C,0,-6.8397036,0.11379392445087433,0.9520000219345093,0.7414000034332275
YCR033W,YPL138C,0,-6.8397536,0.11378032714128494,0.9520000219345093,0.7415000200271606
YMR015C,YHR073W,0,-6.839809,0.11376672983169556,0.9520000219345093,0.741599977016449
YJL073W,YLR340W,0,-6.8401814,0.11375313997268677,0.9520000219345093,0.7416999936103821
YKL120W,YLR266C,0,-6.8406587,0.11373954266309738,0.9520000219345093,0.7418000102043152
YDR298C,YOR281C,0,-6.8410716,0.11372596025466919,0.9520000219345093,0.7419000267982483
YOL063C,YOL093W,0,-6.8411574,0.113712377846241,0.9520000219345093,0.7419999837875366
YDR478W,YGR013W,0,-6.8412075,0.1136987954378128,0.9520000219345093,0.7421000003814697
YDR040C,YIL021W,0,-6.8415713,0.11368521302938461,0.9520000219345093,0.7422000169754028
YNL206C,YJR044C,0,-6.8416214,0.11367163807153702,0.9520000219345093,0.7422999739646912
YLL061W,YEL051W,0,-6.841961,0.11365807056427002,0.9520000219345093,0.7423999905586243
YNL023C,YIL002C,0,-6.841994,0.11364450305700302,0.9520000219345093,0.7425000071525574
YGR171C,YLR324W,0,-6.842357,0.11363093554973602,0.9520000219345093,0.7426000237464905
YOR030W,YNR032W,0,-6.842391,0.11361737549304962,0.9520000219345093,0.7426999807357788
YFR055W,YJR035W,0,-6.842474,0.11360381543636322,0.9520000219345093,0.7427999973297119
YOL089C,YER028C,1,-6.842477,0.11370958387851715,0.953000009059906,0.7427999973297119
YNL023C,YDR268W,0,-6.8429728,0.11369601637125015,0.953000009059906,0.742900013923645
YIL098C,YGR078C,0,-6.8432837,0.11368244886398315,0.953000009059906,0.7429999709129333
YDR385W,YGR046W,0,-6.8435683,0.11366889625787735,0.953000009059906,0.7430999875068665
YBL033C,YDR212W,0,-6.8438125,0.11365533620119095,0.953000009059906,0.7432000041007996
YOR119C,YGL095C,0,-6.843917,0.11364178359508514,0.953000009059906,0.7433000206947327
YLR377C,YJR139C,0,-6.844132,0.11362823098897934,0.953000009059906,0.743399977684021
YHR176W,YBR058C,0,-6.844371,0.11361468583345413,0.953000009059906,0.7434999942779541
YOR031W,YCR020C,0,-6.8444777,0.11360114067792892,0.953000009059906,0.7436000108718872
YDR281C,YIL084C,0,-6.8445244,0.11358760297298431,0.953000009059906,0.7437000274658203
YCR077C,YKL035W,0,-6.8445425,0.1135740652680397,0.953000009059906,0.7437999844551086
YPR023C,YML058W,0,-6.844548,0.11356053501367569,0.953000009059906,0.7439000010490417
YMR168C,YOL124C,0,-6.8447685,0.11354700475931168,0.953000009059906,0.7440000176429749
YDR184C,YPL124W,0,-6.845237,0.11353347450494766,0.953000009059906,0.7440999746322632
YHL038C,YBL093C,0,-6.8454876,0.11351995170116425,0.953000009059906,0.7441999912261963
YLR074C,YPL231W,0,-6.8457556,0.11350642889738083,0.953000009059906,0.7443000078201294
YBL082C,YBR250W,0,-6.8460784,0.11349291354417801,0.953000009059906,0.7444000244140625
YBL074C,YDR298C,0,-6.8461766,0.11347939819097519,0.953000009059906,0.7444999814033508
YBR276C,YKL122C,0,-6.8463974,0.11346589028835297,0.953000009059906,0.7445999979972839
YGR183C,YOL072W,0,-6.8470073,0.11345238238573074,0.953000009059906,0.744700014591217
YML046W,YMR190C,0,-6.847063,0.11343887448310852,0.953000009059906,0.7447999715805054
YLR023C,YLR014C,0,-6.848134,0.1134253740310669,0.953000009059906,0.7448999881744385
YGL054C,YGR159C,0,-6.848938,0.11341187357902527,0.953000009059906,0.7450000047683716
YLR215C,YKR097W,0,-6.8491573,0.11339838057756424,0.953000009059906,0.7451000213623047
YHR193C,YGR059W,0,-6.8491855,0.11338488757610321,0.953000009059906,0.745199978351593
YPR023C,YDR208W,0,-6.8499694,0.11337140202522278,0.953000009059906,0.7452999949455261
YNR060W,YIL051C,0,-6.8507576,0.11335791647434235,0.953000009059906,0.7454000115394592
YLR288C,YNL243W,0,-6.8508334,0.11334443092346191,0.953000009059906,0.7455000281333923
YDL220C,YDR202C,0,-6.8509765,0.11333095282316208,0.953000009059906,0.7455999851226807
YFL056C,YLL012W,0,-6.8509912,0.11331748217344284,0.953000009059906,0.7457000017166138
YNL314W,YML069W,1,-6.8513575,0.11342290043830872,0.9539999961853027,0.7457000017166138
YGR188C,YPL235W,0,-6.8514977,0.11340941488742828,0.9539999961853027,0.7458000183105469
YBL082C,YDR240C,0,-6.8517737,0.11339593678712845,0.9539999961853027,0.7458999752998352
YPR122W,YDL111C,0,-6.8517923,0.11338245868682861,0.9539999961853027,0.7459999918937683
YLR163C,YBL061C,0,-6.851949,0.11336898058652878,0.9539999961853027,0.7461000084877014
YGL008C,YKL014C,0,-6.851981,0.11335550993680954,0.9539999961853027,0.7462000250816345
YDL093W,YFR048W,0,-6.8520813,0.1133420467376709,0.9539999961853027,0.7462999820709229
YMR240C,YBR212W,0,-6.852562,0.11332858353853226,0.9539999961853027,0.746399998664856
YJL184W,YFL011W,0,-6.8528557,0.11331512033939362,0.9539999961853027,0.7465000152587891
YDR138W,YNR046W,0,-6.852884,0.11330166459083557,0.9539999961853027,0.7465999722480774
YMR319C,YNL167C,0,-6.8531847,0.11328820884227753,0.9539999961853027,0.7466999888420105
YBL097W,YDL059C,0,-6.853376,0.11327475309371948,0.9539999961853027,0.7468000054359436
YDR501W,YDL084W,0,-6.8534718,0.11326130479574203,0.9539999961853027,0.7469000220298767
YBR121C,YGR033C,0,-6.8538656,0.11324786394834518,0.9539999961853027,0.746999979019165
YHR015W,YCR072C,0,-6.8540134,0.11323442310094833,0.9539999961853027,0.7470999956130981
YMR129W,YGL039W,0,-6.8540845,0.11322098225355148,0.9539999961853027,0.7472000122070312
YBL069W,YHR011W,0,-6.8540854,0.11320754885673523,0.9539999961853027,0.7473000288009644
YPL175W,YDR353W,0,-6.854627,0.11319411545991898,0.9539999961853027,0.7473999857902527
YNR074C,YFR028C,0,-6.8546305,0.11318068206310272,0.9539999961853027,0.7475000023841858
YKL149C,YGR060W,0,-6.854664,0.11316725611686707,0.9539999961853027,0.7476000189781189
YDL198C,YAL015C,0,-6.8546867,0.113153837621212,0.9539999961853027,0.7476999759674072
YIL124W,YJL179W,0,-6.854689,0.11314041912555695,0.9539999961853027,0.7477999925613403
YBR042C,YNL210W,0,-6.8547564,0.11312700062990189,0.9539999961853027,0.7479000091552734
YNL051W,YEL041W,0,-6.854871,0.11311358958482742,0.9539999961853027,0.7480000257492065
YKR026C,YNL169C,0,-6.8549776,0.11310017853975296,0.9539999961853027,0.7480999827384949
YJR132W,YAL016W,0,-6.855727,0.1130867674946785,0.9539999961853027,0.748199999332428
YDR524C,YNL339C,0,-6.855916,0.11307336390018463,0.9539999961853027,0.7483000159263611
YLR176C,YDL217C,0,-6.8562465,0.11305996775627136,0.9539999961853027,0.7483999729156494
YOR188W,YLR048W,0,-6.8564434,0.1130465716123581,0.9539999961853027,0.7484999895095825
YOR008C,YPR080W,0,-6.85649,0.11303317546844482,0.9539999961853027,0.7486000061035156
YPR124W,YOR160W,0,-6.856697,0.11301978677511215,0.9539999961853027,0.7487000226974487
YGL105W,YDL002C,0,-6.857278,0.11300639808177948,0.9539999961853027,0.7487999796867371
YBL014C,YOR089C,0,-6.857663,0.11299300938844681,0.9539999961853027,0.7488999962806702
YBR004C,YPL155C,0,-6.8576646,0.11297962814569473,0.9539999961853027,0.7490000128746033
YBR034C,YMR059W,0,-6.8580484,0.11296625435352325,0.9539999961853027,0.7491000294685364
YDR225W,YDR164C,0,-6.8594165,0.11295288056135178,0.9539999961853027,0.7491999864578247
YGL254W,YKL043W,0,-6.859541,0.1129395067691803,0.9539999961853027,0.7493000030517578
YPL232W,YAL002W,0,-6.8604574,0.11292613297700882,0.9539999961853027,0.7494000196456909
YHR039C,YGR180C,0,-6.860754,0.11291277408599854,0.9539999961853027,0.7494999766349792
YBL097W,YBR280C,0,-6.860798,0.11289940774440765,0.9539999961853027,0.7495999932289124
YPL233W,YIL121W,0,-6.8610973,0.11288604885339737,0.9539999961853027,0.7497000098228455
YOL065C,YDR527W,0,-6.8617635,0.11287268996238708,0.9539999961853027,0.7498000264167786
YDR508C,YGL246C,0,-6.861822,0.1128593385219574,0.9539999961853027,0.7498999834060669
YDR414C,YLR260W,0,-6.861869,0.11284598708152771,0.9539999961853027,0.75
YPL202C,YMR227C,1,-6.8622355,0.11295091360807419,0.9549999833106995,0.75
YEL061C,YDL059C,0,-6.862409,0.1129375621676445,0.9549999833106995,0.7501000165939331
YIL098C,YGL257C,0,-6.8624573,0.11292420327663422,0.9549999833106995,0.7501999735832214
YPR182W,YNL299W,0,-6.86251,0.11291085183620453,0.9549999833106995,0.7502999901771545
YMR238W,YGL008C,0,-6.863703,0.11289750784635544,0.9549999833106995,0.7504000067710876
YJL167W,YML065W,0,-6.8638415,0.11288416385650635,0.9549999833106995,0.7505000233650208
YGR239C,YGR091W,0,-6.8639193,0.11287081986665726,0.9549999833106995,0.7505999803543091
YJL071W,YIL075C,0,-6.863922,0.11285748332738876,0.9549999833106995,0.7506999969482422
YER045C,YFL021W,1,-6.8639975,0.11296230554580688,0.9559999704360962,0.7506999969482422
YOR244W,YCL059C,0,-6.8640485,0.1129489615559578,0.9559999704360962,0.7508000135421753
YJR069C,YFL002C,0,-6.864229,0.1129356175661087,0.9559999704360962,0.7508999705314636
YPL270W,YBL093C,0,-6.8642783,0.11292228102684021,0.9559999704360962,0.7509999871253967
YNL117W,YGL011C,0,-6.8642864,0.11290893703699112,0.9559999704360962,0.7511000037193298
YMR156C,YKR060W,0,-6.8648243,0.11289560794830322,0.9559999704360962,0.7512000203132629
YMR041C,YAL047C,0,-6.8648834,0.11288227885961533,0.9559999704360962,0.7512999773025513
YML019W,YGR086C,0,-6.8649273,0.11286894977092743,0.9559999704360962,0.7513999938964844
YOL165C,YGR060W,0,-6.8652253,0.11285562813282013,0.9559999704360962,0.7515000104904175
YKR025W,YHR088W,0,-6.8653054,0.11284230649471283,0.9559999704360962,0.7516000270843506
YER014C-A,YBR026C,0,-6.865465,0.11282898485660553,0.9559999704360962,0.7516999840736389
YAL056W,YML007W,0,-6.86574,0.11281567066907883,0.9559999704360962,0.751800000667572
YLR186W,YNL273W,0,-6.865923,0.11280235648155212,0.9559999704360962,0.7519000172615051
YHR133C,YMR067C,0,-6.865926,0.11278904974460602,0.9559999704360962,0.7519999742507935
YOL049W,YMR272C,0,-6.8664474,0.11277574300765991,0.9559999704360962,0.7520999908447266
YBR275C,YEL012W,0,-6.866618,0.1127624437212944,0.9559999704360962,0.7522000074386597
YIL122W,YMR235C,0,-6.866975,0.1127491444349289,0.9559999704360962,0.7523000240325928
YGL028C,YGR229C,0,-6.867442,0.11273585259914398,0.9559999704360962,0.7523999810218811
YLL038C,YPR007C,0,-6.8676343,0.11272255331277847,0.9559999704360962,0.7524999976158142
YLR165C,YHR030C,0,-6.868351,0.11270926892757416,0.9559999704360962,0.7526000142097473
YHR094C,YBR022W,0,-6.8685403,0.11269597709178925,0.9559999704360962,0.7526999711990356
YML116W,YGR046W,0,-6.868824,0.11268270015716553,0.9559999704360962,0.7527999877929688
YLR170C,YDR523C,0,-6.868856,0.11266941577196121,0.9559999704360962,0.7529000043869019
YNL008C,YDL040C,0,-6.86904,0.1126561388373375,0.9559999704360962,0.753000020980835
YJR150C,YER165W,0,-6.8691254,0.11264286190271378,0.9559999704360962,0.7530999779701233
YBL099W,YKL088W,0,-6.869452,0.11262959241867065,0.9559999704360962,0.7531999945640564
YGR142W,YNL082W,0,-6.870064,0.11261633038520813,0.9559999704360962,0.7533000111579895
YDR072C,YCL063W,0,-6.870641,0.11260306090116501,0.9559999704360962,0.7534000277519226
YIL019W,YEL037C,0,-6.8706894,0.11258979886770248,0.9559999704360962,0.7534999847412109
YFR014C,YMR234W,0,-6.870717,0.11257654428482056,0.9559999704360962,0.753600001335144
YBR247C,YDR372C,0,-6.8707876,0.11256328970193863,0.9559999704360962,0.7537000179290771
YER008C,YCR060W,0,-6.870985,0.1125500351190567,0.9559999704360962,0.7537999749183655
YPR124W,YLR148W,0,-6.8711777,0.11253678798675537,0.9559999704360962,0.7538999915122986
YFL021W,YPL129W,1,-6.871222,0.11264124512672424,0.9570000171661377,0.7538999915122986
YGL166W,YFL021W,1,-6.8713408,0.11274567246437073,0.9580000042915344,0.7538999915122986
YBL085W,YBR162C,0,-6.871373,0.1127324104309082,0.9580000042915344,0.7540000081062317
YMR296C,YPL031C,0,-6.87144,0.11271914094686508,0.9580000042915344,0.7541000247001648
YNR002C,YMR081C,0,-6.871455,0.11270587891340256,0.9580000042915344,0.7541999816894531
YNL166C,YOL122C,0,-6.871462,0.11269262433052063,0.9580000042915344,0.7542999982833862
YNL117W,YAL002W,0,-6.8715224,0.1126793697476387,0.9580000042915344,0.7544000148773193
YGL116W,YMR023C,0,-6.8723154,0.11266611516475677,0.9580000042915344,0.7544999718666077
YLR284C,YJR073C,0,-6.872771,0.11265286803245544,0.9580000042915344,0.7545999884605408
YPR052C,YBR280C,0,-6.8728433,0.11263962090015411,0.9580000042915344,0.7547000050544739
YCL061C,YPR094W,0,-6.8730354,0.11262638121843338,0.9580000042915344,0.754800021648407
YMR015C,YLR055C,0,-6.873121,0.11261314153671265,0.9580000042915344,0.7548999786376953
YNL278W,YBR256C,0,-6.873603,0.11259990930557251,0.9580000042915344,0.7549999952316284
YHR007C,YGR099W,0,-6.87409,0.11258666962385178,0.9580000042915344,0.7551000118255615
YPR082C,YAL042W,0,-6.8742642,0.11257344484329224,0.9580000042915344,0.7552000284194946
YBL016W,YKL006C-A,0,-6.874293,0.1125602126121521,0.9580000042915344,0.755299985408783
YGR202C,YBR092C,0,-6.8743615,0.11254699528217316,0.9580000042915344,0.7554000020027161
YOR028C,YOR037W,0,-6.8746357,0.11253377050161362,0.9580000042915344,0.7555000185966492
YKL046C,YKR085C,0,-6.8747053,0.11252055317163467,0.9580000042915344,0.7555999755859375
YOR109W,YGR094W,0,-6.874764,0.11250734329223633,0.9580000042915344,0.7556999921798706
YNL327W,YMR202W,0,-6.874841,0.11249412596225739,0.9580000042915344,0.7558000087738037
YGL213C,YBR294W,0,-6.874946,0.11248092353343964,0.9580000042915344,0.7559000253677368
YOR317W,YOR162C,0,-6.874956,0.11246771365404129,0.9580000042915344,0.7559999823570251
YOR315W,YDR484W,0,-6.875405,0.11245451122522354,0.9580000042915344,0.7560999989509583
YLR385C,YOL020W,0,-6.875436,0.11244131624698639,0.9580000042915344,0.7562000155448914
YFL021W,YML069W,1,-6.875515,0.11254547536373138,0.9589999914169312,0.7562000155448914
YNR027W,YER162C,0,-6.8757,0.11253227293491364,0.9589999914169312,0.7562999725341797
YPL200W,YLR293C,0,-6.8765144,0.11251906305551529,0.9589999914169312,0.7563999891281128
YGL071W,YBL013W,0,-6.8772397,0.11250586807727814,0.9589999914169312,0.7565000057220459
YPL058C,YDR328C,0,-6.877378,0.11249266564846039,0.9589999914169312,0.756600022315979
YJR025C,YOR031W,0,-6.877425,0.11247947812080383,0.9589999914169312,0.7566999793052673
YBR024W,YHR020W,0,-6.877633,0.11246628314256668,0.9589999914169312,0.7567999958992004
YMR186W,YDR265W,0,-6.8780556,0.11245309561491013,0.9589999914169312,0.7569000124931335
YER045C,YAL001C,1,-6.878133,0.11255715787410736,0.9599999785423279,0.7569000124931335
YLR155C,YDR285W,0,-6.8784103,0.11254396289587021,0.9599999785423279,0.7570000290870667
YLR357W,YLL012W,0,-6.8784866,0.11253076791763306,0.9599999785423279,0.757099986076355
YBL045C,YIR018W,0,-6.878522,0.1125175803899765,0.9599999785423279,0.7572000026702881
YOL069W,YML091C,0,-6.878811,0.11250439286231995,0.9599999785423279,0.7573000192642212
YER056C,YOR049C,0,-6.8788533,0.11249121278524399,0.9599999785423279,0.7573999762535095
YPR135W,YER054C,0,-6.879037,0.11247803270816803,0.9599999785423279,0.7574999928474426
YIL038C,YLR066W,0,-6.8792353,0.11246485263109207,0.9599999785423279,0.7576000094413757
YKL085W,YBR294W,0,-6.8798122,0.11245168000459671,0.9599999785423279,0.7577000260353088
YJR078W,YOR049C,0,-6.879903,0.11243850737810135,0.9599999785423279,0.7577999830245972
YLR318W,YGL051W,0,-6.880006,0.11242534220218658,0.9599999785423279,0.7578999996185303
YJR053W,YHR001W-A,0,-6.8805027,0.11241217702627182,0.9599999785423279,0.7580000162124634
YKR082W,YDR058C,0,-6.8807282,0.11239901930093765,0.9599999785423279,0.7580999732017517
YDR043C,YGR048W,0,-6.881091,0.11238586157560349,0.9599999785423279,0.7581999897956848
YPL196W,YOR332W,0,-6.8811107,0.11237270385026932,0.9599999785423279,0.7583000063896179
YFR055W,YEL037C,0,-6.881838,0.11235955357551575,0.9599999785423279,0.758400022983551
YHR043C,YOR032C,0,-6.8818917,0.11234640330076218,0.9599999785423279,0.7584999799728394
YBL030C,YBR260C,0,-6.8819294,0.1123332530260086,0.9599999785423279,0.7585999965667725
YGR101W,YDR075W,0,-6.8819504,0.11232011020183563,0.9599999785423279,0.7587000131607056
YGR060W,YPL176C,0,-6.882436,0.11230697482824326,0.9599999785423279,0.7588000297546387
YKL082C,YBR231C,0,-6.882579,0.11229383200407028,0.9599999785423279,0.758899986743927
YDR158W,YDL077C,0,-6.8831162,0.1122807040810585,0.9599999785423279,0.7590000033378601
YML116W,YDR005C,0,-6.8834815,0.11226756870746613,0.9599999785423279,0.7591000199317932
YPL213W,YDL140C,0,-6.883666,0.11225444078445435,0.9599999785423279,0.7591999769210815
YNL148C,YGR140W,0,-6.883775,0.11224132031202316,0.9599999785423279,0.7592999935150146
YMR150C,YBL051C,0,-6.883798,0.11222819983959198,0.9599999785423279,0.7594000101089478
YFL050C,YPL048W,0,-6.883939,0.1122150793671608,0.9599999785423279,0.7595000267028809
YGR037C,YAL016W,0,-6.8842077,0.11220196634531021,0.9599999785423279,0.7595999836921692
YDL137W,YOR120W,0,-6.8843675,0.11218885332345963,0.9599999785423279,0.7597000002861023
YOL127W,YKL173W,0,-6.8843985,0.11217574030160904,0.9599999785423279,0.7598000168800354
YEL054C,YDR469W,0,-6.8844213,0.11216263473033905,0.9599999785423279,0.7598999738693237
YMR056C,YOR026W,0,-6.88459,0.11214952915906906,0.9599999785423279,0.7599999904632568
YPL058C,YOL122C,0,-6.88501,0.11213643103837967,0.9599999785423279,0.7601000070571899
YPR201W,YGR145W,0,-6.8851795,0.11212333291769028,0.9599999785423279,0.760200023651123
YLR381W,YOR245C,0,-6.8852034,0.11211024224758148,0.9599999785423279,0.7602999806404114
YDR437W,YFR055W,0,-6.88521,0.11209715157747269,0.9599999785423279,0.7603999972343445
YHL038C,YLR084C,0,-6.8853436,0.11208406090736389,0.9599999785423279,0.7605000138282776
YBR042C,YDL208W,0,-6.8859205,0.1120709776878357,0.9599999785423279,0.7605999708175659
YJL170C,YMR177W,0,-6.8862925,0.1120578944683075,0.9599999785423279,0.760699987411499
YML102W,YPL086C,0,-6.886491,0.1120448186993599,0.9599999785423279,0.7608000040054321
YLR256W,YBR050C,0,-6.8867517,0.11203174293041229,0.9599999785423279,0.7609000205993652
YIL026C,YLR084C,0,-6.886883,0.11201866716146469,0.9599999785423279,0.7609999775886536
YMR246W,YPL112C,0,-6.887521,0.11200559884309769,0.9599999785423279,0.7610999941825867
YJR025C,YJL183W,0,-6.8876467,0.11199253052473068,0.9599999785423279,0.7612000107765198
YCL026C-A,YJL091C,0,-6.888084,0.11197946965694427,0.9599999785423279,0.7613000273704529
YNL173C,YOL105C,0,-6.88868,0.11196640878915787,0.9599999785423279,0.7613999843597412
YGR056W,YNL334C,0,-6.8888288,0.11195335537195206,0.9599999785423279,0.7615000009536743
YGL033W,YDR449C,0,-6.889544,0.11194030195474625,0.9599999785423279,0.7616000175476074
YER164W,YGR060W,0,-6.8896365,0.11192724853754044,0.9599999785423279,0.7616999745368958
YOR027W,YHR016C,0,-6.8897896,0.11191420257091522,0.9599999785423279,0.7617999911308289
YDR123C,YPL097W,0,-6.890291,0.11190115660429001,0.9599999785423279,0.761900007724762
YHR102W,YDR308C,0,-6.8903775,0.1118881106376648,0.9599999785423279,0.7620000243186951
YNR035C,YBL093C,0,-6.890421,0.11187507212162018,0.9599999785423279,0.7620999813079834
YDR277C,YKR055W,0,-6.890713,0.11186203360557556,0.9599999785423279,0.7621999979019165
YLR401C,YLR192C,0,-6.8907585,0.11184900254011154,0.9599999785423279,0.7623000144958496
YOR151C,YDL244W,0,-6.8908234,0.11183597147464752,0.9599999785423279,0.7623999714851379
YBR142W,YLR417W,0,-6.891227,0.1118229478597641,0.9599999785423279,0.762499988079071
YDR258C,YCL024W,0,-6.891291,0.11180992424488068,0.9599999785423279,0.7626000046730042
YFL056C,YOL017W,0,-6.891442,0.11179690062999725,0.9599999785423279,0.7627000212669373
YDR173C,YPL154C,0,-6.8916645,0.11178388446569443,0.9599999785423279,0.7627999782562256
YFL013C,YNL246W,0,-6.8917665,0.1117708683013916,0.9599999785423279,0.7628999948501587
YCR065W,YJR147W,0,-6.8922267,0.11175785958766937,0.9599999785423279,0.7630000114440918
YOR034C,YPR107C,0,-6.892623,0.11174485087394714,0.9599999785423279,0.7631000280380249
YLR357W,YGR059W,0,-6.8930645,0.11173184216022491,0.9599999785423279,0.7631999850273132
YDL126C,YOR028C,0,-6.893141,0.11171884089708328,0.9599999785423279,0.7633000016212463
YMR238W,YER117W,0,-6.893213,0.11170583963394165,0.9599999785423279,0.7634000182151794
YER119C,YGR254W,0,-6.8932467,0.11169284582138062,0.9599999785423279,0.7634999752044678
YJR025C,YOR213C,0,-6.8933415,0.11167985200881958,0.9599999785423279,0.7635999917984009
YLR350W,YCR044C,0,-6.8933516,0.11166685819625854,0.9599999785423279,0.763700008392334
YLR223C,YCL001W,0,-6.8934226,0.1116538718342781,0.9599999785423279,0.7638000249862671
YNR074C,YOR287C,0,-6.893592,0.11164088547229767,0.9599999785423279,0.7638999819755554
YDL154W,YGR118W,0,-6.893706,0.11162790656089783,0.9599999785423279,0.7639999985694885
YPL126W,YPR074C,0,-6.8942547,0.11161492764949799,0.9599999785423279,0.7641000151634216
YIL098C,YGR166W,0,-6.894704,0.11160195618867874,0.9599999785423279,0.76419997215271
YDL099W,YGL255W,0,-6.8948116,0.1115889772772789,0.9599999785423279,0.7642999887466431
YBL023C,YJR044C,0,-6.8948116,0.11157601326704025,0.9599999785423279,0.7644000053405762
YDR345C,YOR269W,0,-6.8949704,0.11156304180622101,0.9599999785423279,0.7645000219345093
YML059C,YOL093W,0,-6.895711,0.11155007779598236,0.9599999785423279,0.7645999789237976
YHR160C,YDR135C,0,-6.895867,0.11153712123632431,0.9599999785423279,0.7646999955177307
YDR021W,YDR483W,0,-6.896021,0.11152416467666626,0.9599999785423279,0.7648000121116638
YMR246W,YBR129C,0,-6.896236,0.11151120811700821,0.9599999785423279,0.7649000287055969
YMR213W,YNL117W,0,-6.896359,0.11149825900793076,0.9599999785423279,0.7649999856948853
YEL071W,YKR031C,0,-6.8964906,0.1114853098988533,0.9599999785423279,0.7651000022888184
YGL195W,YJR059W,0,-6.8968077,0.11147236078977585,0.9599999785423279,0.7652000188827515
YKL212W,YLL011W,0,-6.8968163,0.11145941913127899,0.9599999785423279,0.7652999758720398
YDL036C,YER041W,0,-6.896942,0.11144648492336273,0.9599999785423279,0.7653999924659729
YGL078C,YHR007C,0,-6.8970437,0.11143354326486588,0.9599999785423279,0.765500009059906
YIL138C,YLL040C,0,-6.8971024,0.11142061650753021,0.9599999785423279,0.7656000256538391
YPL149W,YOR361C,0,-6.897406,0.11140768229961395,0.9599999785423279,0.7656999826431274
YER045C,YPL011C,1,-6.8975563,0.11151079088449478,0.9610000252723694,0.7656999826431274
YMR015C,YKR090W,0,-6.8977604,0.11149785667657852,0.9610000252723694,0.7657999992370605
YKR001C,YJL045W,0,-6.8977656,0.11148492246866226,0.9610000252723694,0.7659000158309937
YCL031C,YBR024W,0,-6.897888,0.111471988260746,0.9610000252723694,0.765999972820282
YOL126C,YOL020W,0,-6.8981667,0.11145906150341034,0.9610000252723694,0.7660999894142151
YMR080C,YMR030W,0,-6.898307,0.11144613474607468,0.9610000252723694,0.7662000060081482
YPL086C,YDR189W,0,-6.8985176,0.11143320798873901,0.9610000252723694,0.7663000226020813
YDR085C,YAL013W,0,-6.8985643,0.11142028868198395,0.9610000252723694,0.7663999795913696
YNR056C,YJL060W,0,-6.898603,0.11140736937522888,0.9610000252723694,0.7664999961853027
YNL006W,YGR118W,0,-6.89873,0.11139445751905441,0.9610000252723694,0.7666000127792358
YER020W,YML064C,0,-6.8988147,0.11138154566287994,0.9610000252723694,0.766700029373169
YAR014C,YMR204C,0,-6.8989735,0.11136864125728607,0.9610000252723694,0.7667999863624573
YPR199C,YML097C,0,-6.899083,0.1113557368516922,0.9610000252723694,0.7669000029563904
YAL059W,YCR066W,0,-6.8998456,0.11134283244609833,0.9610000252723694,0.7670000195503235
YNL182C,YNL085W,0,-6.89992,0.11132993549108505,0.9610000252723694,0.7670999765396118
YLL042C,YPL123C,0,-6.89996,0.11131703853607178,0.9610000252723694,0.7671999931335449
YDR243C,YGL229C,0,-6.8999815,0.1113041490316391,0.9610000252723694,0.767300009727478
YPL202C,YGL166W,1,-6.900023,0.11140706390142441,0.9620000123977661,0.767300009727478
YPR185W,YGR254W,0,-6.900037,0.11139416694641113,0.9620000123977661,0.7674000263214111
YBR026C,YBR152W,0,-6.9000473,0.11138126999139786,0.9620000123977661,0.7674999833106995
YHR052W,YEL057C,0,-6.900217,0.11136837303638458,0.9620000123977661,0.7675999999046326
YMR128W,YLR266C,0,-6.9003906,0.1113554835319519,0.9620000123977661,0.7677000164985657
YPL115C,YDL014W,0,-6.900491,0.11134259402751923,0.9620000123977661,0.767799973487854
YML015C,YKL058W,1,-6.9006224,0.11144543439149857,0.9629999995231628,0.767799973487854
YLR028C,YPL117C,0,-6.900906,0.11143253743648529,0.9629999995231628,0.7678999900817871
YJR070C,YBL024W,0,-6.9010234,0.11141964793205261,0.9629999995231628,0.7680000066757202
YGL238W,YER065C,0,-6.9010324,0.11140675842761993,0.9629999995231628,0.7681000232696533
YDR284C,YER024W,0,-6.9013686,0.11139386892318726,0.9629999995231628,0.7681999802589417
YGR029W,YKL186C,0,-6.901387,0.11138098686933517,0.9629999995231628,0.7682999968528748
YJR084W,YPL237W,0,-6.90139,0.1113681048154831,0.9629999995231628,0.7684000134468079
YGL254W,YAL055W,0,-6.9017563,0.11135523021221161,0.9629999995231628,0.7684999704360962
YDR487C,YDR146C,0,-6.902079,0.11134234815835953,0.9629999995231628,0.7685999870300293
YGL183C,YKL014C,0,-6.902204,0.11132948100566864,0.9629999995231628,0.7687000036239624
YJL074C,YDR398W,0,-6.902606,0.11131661385297775,0.9629999995231628,0.7688000202178955
YGL211W,YPL210C,0,-6.90294,0.11130374670028687,0.9629999995231628,0.7688999772071838
YCL004W,YLR249W,0,-6.902995,0.11129087954759598,0.9629999995231628,0.7689999938011169
YLR274W,YNL274C,0,-6.903078,0.11127801984548569,0.9629999995231628,0.76910001039505
YDL192W,YHR088W,0,-6.903308,0.111265167593956,0.9629999995231628,0.7692000269889832
YGR145W,YOR008C,0,-6.9034777,0.1112523078918457,0.9629999995231628,0.7692999839782715
YKL206C,YAL005C,0,-6.9035883,0.1112394630908966,0.9629999995231628,0.7694000005722046
YDR280W,YJL004C,0,-6.90366,0.11122661083936691,0.9629999995231628,0.7695000171661377
YBR105C,YML109W,0,-6.9041505,0.11121376603841782,0.9629999995231628,0.769599974155426
YOL060C,YAR033W,0,-6.904587,0.11120092123746872,0.9629999995231628,0.7696999907493591
YER017C,YML043C,0,-6.9046907,0.11118808388710022,0.9629999995231628,0.7698000073432922
YEL069C,YMR093W,0,-6.904914,0.11117524653673172,0.9629999995231628,0.7699000239372253
YGL166W,YBR198C,1,-6.9049325,0.11127784848213196,0.9639999866485596,0.7699000239372253
YLR380W,YHL036W,0,-6.9051666,0.11126500368118286,0.9639999866485596,0.7699999809265137
YNL302C,YBR012W-B,0,-6.905267,0.11125216633081436,0.9639999866485596,0.7700999975204468
YMR276W,YKL038W,0,-6.9052725,0.11123932898044586,0.9639999866485596,0.7702000141143799
YOL164W,YDR356W,0,-6.905694,0.11122649163007736,0.9639999866485596,0.7702999711036682
YDR060W,YMR229C,0,-6.906251,0.11121366173028946,0.9639999866485596,0.7703999876976013
YML078W,YDR137W,0,-6.9063725,0.11120083183050156,0.9639999866485596,0.7705000042915344
YJL072C,YCL001W,0,-6.9067073,0.11118800193071365,0.9639999866485596,0.7706000208854675
YGR142W,YLR165C,0,-6.9069033,0.11117517948150635,0.9639999866485596,0.7706999778747559
YER002W,YPR102C,0,-6.9073334,0.11116236448287964,0.9639999866485596,0.770799994468689
YLR158C,YJL138C,0,-6.907561,0.11114954203367233,0.9639999866485596,0.7709000110626221
YKL176C,YML052W,0,-6.907618,0.11113672703504562,0.9639999866485596,0.7710000276565552
YBR201W,YOL011W,0,-6.9077644,0.11112391948699951,0.9639999866485596,0.7710999846458435
YNL006W,YDR077W,0,-6.9097295,0.1111111119389534,0.9639999866485596,0.7712000012397766
YGL037C,YGL249W,0,-6.910276,0.11109830439090729,0.9639999866485596,0.7713000178337097
YPL193W,YML124C,0,-6.9103765,0.11108550429344177,0.9639999866485596,0.771399974822998
YIR010W,YKR097W,0,-6.911001,0.11107270419597626,0.9639999866485596,0.7714999914169312
YBL099W,YGR041W,0,-6.911519,0.11105991154909134,0.9639999866485596,0.7716000080108643
YJL214W,YPL124W,0,-6.911695,0.11104711145162582,0.9639999866485596,0.7717000246047974
YJR147W,YDR465C,0,-6.911956,0.1110343262553215,0.9639999866485596,0.7717999815940857
YDR168W,YHR065C,0,-6.912727,0.11102153360843658,0.9639999866485596,0.7718999981880188
YFL041W,YLR084C,0,-6.913098,0.11100874841213226,0.9639999866485596,0.7720000147819519
YAL042W,YLR197W,0,-6.9133396,0.11099597066640854,0.9639999866485596,0.7720999717712402
YOR239W,YDR527W,0,-6.913383,0.11098319292068481,0.9639999866485596,0.7721999883651733
YLR113W,YGR213C,0,-6.9135203,0.11097041517496109,0.9639999866485596,0.7723000049591064
YFL010W-A,YJL089W,0,-6.91353,0.11095764487981796,0.9639999866485596,0.7724000215530396
YMR068W,YIL115C,0,-6.9137144,0.11094487458467484,0.9639999866485596,0.7724999785423279
YHR175W,YDR341C,0,-6.9139442,0.11093210428953171,0.9639999866485596,0.772599995136261
YAL026C,YGL205W,0,-6.9142466,0.11091934144496918,0.9639999866485596,0.7727000117301941
YER045C,YPR186C,1,-6.91426,0.11102163046598434,0.9649999737739563,0.7727000117301941
YOR136W,YLL061W,0,-6.9145713,0.11100886017084122,0.9649999737739563,0.7728000283241272
YNL113W,YBL025W,0,-6.9147024,0.11099608987569809,0.9649999737739563,0.7728999853134155
YJL170C,YIR018W,0,-6.914709,0.11098332703113556,0.9649999737739563,0.7730000019073486
YGL183C,YKL175W,0,-6.914728,0.11097056418657303,0.9649999737739563,0.7731000185012817
YDR038C,YHR059W,0,-6.914811,0.1109578013420105,0.9649999737739563,0.7731999754905701
YNR003C,YOL004W,0,-6.9148936,0.11094504594802856,0.9649999737739563,0.7732999920845032
YOR206W,YIL053W,0,-6.9151154,0.11093229055404663,0.9649999737739563,0.7734000086784363
YHL040C,YKR082W,0,-6.9161854,0.1109195426106453,0.9649999737739563,0.7735000252723694
YDL245C,YJR063W,0,-6.9164424,0.11090679466724396,0.9649999737739563,0.7735999822616577
YGL020C,YPR193C,0,-6.916794,0.11089404672384262,0.9649999737739563,0.7736999988555908
YGR225W,YKL085W,0,-6.91733,0.11088130623102188,0.9649999737739563,0.7738000154495239
YBR119W,YGL028C,0,-6.9173565,0.11086856573820114,0.9649999737739563,0.7738999724388123
YLL018C-A,YPL050C,0,-6.917385,0.110855832695961,0.9649999737739563,0.7739999890327454
YCL051W,YPR009W,0,-6.9174323,0.11084309965372086,0.9649999737739563,0.7741000056266785
YBL009W,YDL046W,0,-6.917656,0.11083036661148071,0.9649999737739563,0.7742000222206116
YOL110W,YLR452C,0,-6.917861,0.11081764101982117,0.9649999737739563,0.7742999792098999
YLR401C,YPL045W,0,-6.918003,0.11080491542816162,0.9649999737739563,0.774399995803833
YPL021W,YGR119C,0,-6.918054,0.11079218983650208,0.9649999737739563,0.7745000123977661
YOL164W,YGR239C,0,-6.9180584,0.11077947169542313,0.9649999737739563,0.7746000289916992
YPL202C,YER028C,1,-6.918409,0.11088154464960098,0.9660000205039978,0.7746000289916992
YNL242W,YPL101W,0,-6.9189153,0.11086881905794144,0.9660000205039978,0.7746999859809875
YMR025W,YHR139C,0,-6.9189386,0.11085609346628189,0.9660000205039978,0.7748000025749207
YGR145W,YKL073W,0,-6.9195232,0.11084337532520294,0.9660000205039978,0.7749000191688538
YMR281W,YKR095W,0,-6.9196424,0.11083065718412399,0.9660000205039978,0.7749999761581421
YBL040C,YOR298C-A,0,-6.919738,0.11081793904304504,0.9660000205039978,0.7750999927520752
YEL029C,YGR145W,0,-6.919855,0.11080522835254669,0.9660000205039978,0.7752000093460083
YGR268C,YLR305C,0,-6.920098,0.11079252511262894,0.9660000205039978,0.7753000259399414
YFL056C,YER154W,0,-6.920152,0.11077981442213058,0.9660000205039978,0.7753999829292297
YGL013C,YGL058W,0,-6.9201617,0.11076711118221283,0.9660000205039978,0.7754999995231628
YBR110W,YIL122W,0,-6.9207335,0.11075441539287567,0.9660000205039978,0.775600016117096
YIR011C,YML027W,0,-6.920947,0.11074171960353851,0.9660000205039978,0.7756999731063843
YKR066C,YNL027W,0,-6.921172,0.11072902381420135,0.9660000205039978,0.7757999897003174
YLR107W,YER072W,0,-6.9216485,0.1107163354754448,0.9660000205039978,0.7759000062942505
YCR057C,YPR133W-A,0,-6.9219666,0.11070364713668823,0.9660000205039978,0.7760000228881836
YNL008C,YER040W,0,-6.922203,0.11069095879793167,0.9660000205039978,0.7760999798774719
YHL047C,YPL146C,0,-6.9224243,0.1106782779097557,0.9660000205039978,0.776199996471405
YDL002C,YGR080W,0,-6.922531,0.11066559702157974,0.9660000205039978,0.7763000130653381
YDL143W,YMR097C,0,-6.922536,0.11065292358398438,0.9660000205039978,0.7764000296592712
YCL004W,YOR315W,0,-6.922727,0.11064025014638901,0.9660000205039978,0.7764999866485596
YDR423C,YCR040W,0,-6.9228115,0.11062757670879364,0.9660000205039978,0.7766000032424927
YBR154C,YKL130C,0,-6.9228783,0.11061491072177887,0.9660000205039978,0.7767000198364258
YIL009W,YHR004C,0,-6.9230223,0.1106022447347641,0.9660000205039978,0.7767999768257141
YDR121W,YKL212W,0,-6.923034,0.11058957874774933,0.9660000205039978,0.7768999934196472
YEL061C,YPL098C,0,-6.9231668,0.11057692021131516,0.9660000205039978,0.7770000100135803
YLL042C,YDR245W,0,-6.923217,0.11056426912546158,0.9660000205039978,0.7771000266075134
YGR108W,YJL054W,0,-6.9233704,0.1105516105890274,0.9660000205039978,0.7771999835968018
YPR010C,YDR389W,0,-6.923627,0.11053896695375443,0.9660000205039978,0.7773000001907349
YLR166C,YHR008C,0,-6.923705,0.11052631586790085,0.9660000205039978,0.777400016784668
YBR020W,YOR142W,0,-6.9239283,0.11051367223262787,0.9660000205039978,0.7774999737739563
YDR046C,YPL065W,0,-6.923972,0.11050102859735489,0.9660000205039978,0.7775999903678894
YCL025C,YHR016C,0,-6.924294,0.1104883924126625,0.9660000205039978,0.7777000069618225
YBR040W,YLR328W,0,-6.9243135,0.11047575622797012,0.9660000205039978,0.7778000235557556
YLR353W,YMR142C,0,-6.9245768,0.11046312004327774,0.9660000205039978,0.777899980545044
YMR055C,YNR053C,0,-6.9246826,0.11045049130916595,0.9660000205039978,0.777999997138977
YDR005C,YOR188W,0,-6.9247313,0.11043786257505417,0.9660000205039978,0.7781000137329102
YNL192W,YBR183W,0,-6.925129,0.11042524129152298,0.9660000205039978,0.7781999707221985
YGR284C,YOR089C,0,-6.925501,0.11041262000799179,0.9660000205039978,0.7782999873161316
YLR288C,YKL148C,0,-6.9256516,0.1103999987244606,0.9660000205039978,0.7784000039100647
YCR020C,YBR168W,0,-6.925999,0.11038738489151001,0.9660000205039978,0.7785000205039978
YLR078C,YOR317W,0,-6.9262743,0.11037477105855942,0.9660000205039978,0.7785999774932861
YCR086W,YNL307C,0,-6.9263577,0.11036216467618942,0.9660000205039978,0.7786999940872192
YBR066C,YDR443C,0,-6.926399,0.11034955084323883,0.9660000205039978,0.7788000106811523
YPL196W,YDR419W,0,-6.9268894,0.11033695191144943,0.9660000205039978,0.7789000272750854
YMR097C,YGR213C,0,-6.9273195,0.11032434552907944,0.9660000205039978,0.7789999842643738
YNL231C,YPL012W,0,-6.9273405,0.11031175404787064,0.9660000205039978,0.7791000008583069
YFL026W,YHR012W,0,-6.9275446,0.11029915511608124,0.9660000205039978,0.77920001745224
YKL043W,YJR052W,0,-6.927573,0.11028656363487244,0.9660000205039978,0.7792999744415283
YKL093W,YML088W,0,-6.9286304,0.11027397215366364,0.9660000205039978,0.7793999910354614
YMR199W,YLR148W,0,-6.928857,0.11026138812303543,0.9660000205039978,0.7795000076293945
YBL007C,YNL064C,0,-6.929058,0.11024880409240723,0.9660000205039978,0.7796000242233276
YFL056C,YER164W,0,-6.9291553,0.11023622006177902,0.9660000205039978,0.779699981212616
YNR060W,YJL039C,0,-6.929254,0.11022364348173141,0.9660000205039978,0.7797999978065491
YIL147C,YDR058C,0,-6.9293156,0.11021106690168381,0.9660000205039978,0.7799000144004822
YPL265W,YBR004C,0,-6.929383,0.1101984977722168,0.9660000205039978,0.7799999713897705
YGL211W,YPL036W,0,-6.9296494,0.11018592119216919,0.9660000205039978,0.7800999879837036
YOL149W,YBR048W,0,-6.930175,0.11017335951328278,0.9660000205039978,0.7802000045776367
YGR264C,YBR119W,0,-6.930188,0.11016079038381577,0.9660000205039978,0.7803000211715698
YBR243C,YGL008C,0,-6.930189,0.11014823615550995,0.9660000205039978,0.7803999781608582
YNL148C,YJR097W,0,-6.930201,0.11013567447662354,0.9660000205039978,0.7804999947547913
YBL006C,YPR110C,0,-6.930328,0.11012312024831772,0.9660000205039978,0.7806000113487244
YDR009W,YNR043W,0,-6.930578,0.1101105660200119,0.9660000205039978,0.7807000279426575
YNR044W,YOL164W,0,-6.930643,0.11009801924228668,0.9660000205039978,0.7807999849319458
YGL166W,YML069W,1,-6.930791,0.11019942909479141,0.9670000076293945,0.7807999849319458
YPR083W,YNL151C,0,-6.931248,0.1101868748664856,0.9670000076293945,0.7809000015258789
YEL066W,YPL192C,0,-6.9318457,0.11017432063817978,0.9670000076293945,0.781000018119812
YBR286W,YER117W,0,-6.9318485,0.11016176640987396,0.9670000076293945,0.7810999751091003
YAR008W,YGR285C,0,-6.932128,0.11014921963214874,0.9670000076293945,0.7811999917030334
YOR168W,YCR106W,0,-6.9327145,0.11013667285442352,0.9670000076293945,0.7813000082969666
YLR390W-A,YAR003W,0,-6.933098,0.1101241335272789,0.9670000076293945,0.7814000248908997
YDR388W,YBR165W,0,-6.933568,0.11011159420013428,0.9670000076293945,0.781499981880188
YMR008C,YOL142W,0,-6.9336843,0.11009905487298965,0.9670000076293945,0.7815999984741211
YGL014W,YOR083W,0,-6.933898,0.11008652299642563,0.9670000076293945,0.7817000150680542
YBL003C,YGR013W,0,-6.934167,0.1100739911198616,0.9670000076293945,0.7817999720573425
YNL093W,YPL144W,0,-6.9343505,0.11006145924329758,0.9670000076293945,0.7818999886512756
YDL137W,YDR488C,0,-6.934441,0.11004893481731415,0.9670000076293945,0.7820000052452087
YIL066C,YML058W,0,-6.934612,0.11003641039133072,0.9670000076293945,0.7821000218391418
YMR208W,YPL092W,0,-6.9353466,0.11002389341592789,0.9670000076293945,0.7821999788284302
YFL021W,YKR062W,1,-6.9354315,0.11012513935565948,0.9679999947547913,0.7821999788284302
YLR256W,YPL146C,0,-6.9354467,0.11011261492967606,0.9679999947547913,0.7822999954223633
YFR041C,YIL125W,0,-6.9356785,0.11010009050369263,0.9679999947547913,0.7824000120162964
YIL150C,YDR451C,0,-6.936038,0.1100875660777092,0.9679999947547913,0.7825000286102295
YHR157W,YKR060W,0,-6.9362383,0.11007504910230637,0.9679999947547913,0.7825999855995178
YKL122C,YLR466W,0,-6.9364567,0.11006253212690353,0.9679999947547913,0.7827000021934509
YMR004W,YPL036W,0,-6.936573,0.1100500226020813,0.9679999947547913,0.782800018787384
YMR015C,YDR219C,0,-6.9366083,0.11003751307725906,0.9679999947547913,0.7828999757766724
YPL213W,YMR305C,0,-6.9366527,0.11002500355243683,0.9679999947547913,0.7829999923706055
YDR302W,YLR371W,0,-6.937107,0.11001250147819519,0.9679999947547913,0.7831000089645386
YLR231C,YMR285C,0,-6.9375157,0.10999999940395355,0.9679999947547913,0.7832000255584717
YOR279C,YLR378C,0,-6.9375954,0.10998750478029251,0.9679999947547913,0.78329998254776
YGL116W,YPR067W,0,-6.937664,0.10997500270605087,0.9679999947547913,0.7833999991416931
YKL178C,YLR181C,0,-6.9377007,0.10996251553297043,0.9679999947547913,0.7835000157356262
YGR140W,YPL212C,0,-6.9383106,0.10995002090930939,0.9679999947547913,0.7835999727249146
YJL166W,YDL092W,0,-6.938358,0.10993753373622894,0.9679999947547913,0.7836999893188477
YGR188C,YOR346W,0,-6.938366,0.1099250540137291,0.9679999947547913,0.7838000059127808
YDL143W,YGR213C,0,-6.938368,0.10991256684064865,0.9679999947547913,0.7839000225067139
YCL055W,YKL201C,0,-6.939085,0.1099000871181488,0.9679999947547913,0.7839999794960022
YKL172W,YKL073W,0,-6.9391556,0.10988761484622955,0.9679999947547913,0.7840999960899353
YDL230W,YDR486C,0,-6.9395895,0.1098751425743103,0.9679999947547913,0.7842000126838684
YDR288W,YOL020W,0,-6.9396443,0.10986267030239105,0.9679999947547913,0.7843000292778015
YDL059C,YHR172W,0,-6.940141,0.1098502054810524,0.9679999947547913,0.7843999862670898
YNL299W,YDR285W,0,-6.9402986,0.10983774065971375,0.9679999947547913,0.784500002861023
YJL002C,YHR008C,0,-6.9403305,0.10982527583837509,0.9679999947547913,0.784600019454956
YMR038C,YLR181C,0,-6.9403534,0.10981281846761703,0.9679999947547913,0.7846999764442444
YOR317W,YNL093W,0,-6.9406805,0.10980036109685898,0.9679999947547913,0.7847999930381775
YLR044C,YLR240W,0,-6.9406896,0.10978791117668152,0.9679999947547913,0.7849000096321106
YNR060W,YKR090W,0,-6.9408875,0.10977546125650406,0.9679999947547913,0.7850000262260437
YOL094C,YKL178C,0,-6.941214,0.1097630113363266,0.9679999947547913,0.785099983215332
YLR390W-A,YBR153W,0,-6.9415655,0.10975056886672974,0.9679999947547913,0.7851999998092651
YKL113C,YJL222W,0,-6.941578,0.10973812639713287,0.9679999947547913,0.7853000164031982
YML075C,YBR195C,0,-6.9418,0.10972568392753601,0.9679999947547913,0.7853999733924866
YGL033W,YMR260C,0,-6.94228,0.10971324890851974,0.9679999947547913,0.7854999899864197
YEL066W,YPL188W,0,-6.942449,0.10970081388950348,0.9679999947547913,0.7856000065803528
YKR097W,YGL115W,0,-6.942518,0.10968838632106781,0.9679999947547913,0.7857000231742859
YCR063W,YNL273W,0,-6.942531,0.10967595875263214,0.9679999947547913,0.7857999801635742
YJR047C,YDR251W,0,-6.942564,0.10966353118419647,0.9679999947547913,0.7858999967575073
YHR175W,YLR383W,0,-6.9426417,0.1096511110663414,0.9679999947547913,0.7860000133514404
YGR123C,YLR166C,0,-6.942833,0.10963869094848633,0.9679999947547913,0.7860999703407288
YGR159C,YPR088C,0,-6.9431314,0.10962627083063126,0.9679999947547913,0.7861999869346619
YHR015W,YGL093W,0,-6.9434137,0.10961385816335678,0.9679999947547913,0.786300003528595
YBR244W,YAL002W,0,-6.9436893,0.1096014529466629,0.9679999947547913,0.7864000201225281
YDR030C,YPR137W,0,-6.94473,0.10958904027938843,0.9679999947547913,0.7864999771118164
YER045C,YGR047C,1,-6.9456377,0.10968983173370361,0.968999981880188,0.7864999771118164
YIL048W,YDR076W,0,-6.945727,0.10967741906642914,0.968999981880188,0.7865999937057495
YLL008W,YDR295C,0,-6.945737,0.10966500639915466,0.968999981880188,0.7867000102996826
YPL049C,YDR503C,0,-6.946473,0.10965259373188019,0.968999981880188,0.7868000268936157
YLR397C,YGL075C,0,-6.9467325,0.10964018851518631,0.968999981880188,0.786899983882904
YHR026W,YGL158W,0,-6.9470096,0.10962778329849243,0.968999981880188,0.7870000004768372
YGR253C,YHR020W,0,-6.947043,0.10961538553237915,0.968999981880188,0.7871000170707703
YBR015C,YBL051C,0,-6.9470835,0.10960298776626587,0.968999981880188,0.7871999740600586
YER165W,YER018C,0,-6.947247,0.10959059000015259,0.968999981880188,0.7872999906539917
YPL112C,YJL026W,0,-6.947436,0.1095781996846199,0.968999981880188,0.7874000072479248
YPL018W,YGL096W,0,-6.947603,0.10956580936908722,0.968999981880188,0.7875000238418579
YNL112W,YJR007W,0,-6.9477396,0.10955341905355453,0.968999981880188,0.7875999808311462
YGR289C,YER041W,0,-6.94777,0.10954103618860245,0.968999981880188,0.7876999974250793
YLR208W,YJR104C,0,-6.9486303,0.10952865332365036,0.968999981880188,0.7878000140190125
YJR078W,YGR013W,0,-6.9499187,0.10951627790927887,0.968999981880188,0.7878999710083008
YML099C,YER015W,0,-6.9500437,0.10950389504432678,0.968999981880188,0.7879999876022339
YPR030W,YMR015C,0,-6.950313,0.10949152708053589,0.968999981880188,0.788100004196167
YHR026W,YBR050C,0,-6.950924,0.1094791516661644,0.968999981880188,0.7882000207901001
YDR216W,YLL040C,0,-6.9513497,0.1094667837023735,0.968999981880188,0.7882999777793884
YDR508C,YPR102C,0,-6.9514284,0.10945442318916321,0.968999981880188,0.7883999943733215
YOR267C,YNL082W,0,-6.951828,0.10944206267595291,0.968999981880188,0.7885000109672546
YMR011W,YGR111W,0,-6.951931,0.10942970216274261,0.968999981880188,0.7886000275611877
YCR005C,YGL126W,0,-6.9523053,0.10941734164953232,0.968999981880188,0.7886999845504761
YDR524C,YMR104C,0,-6.9523907,0.10940498858690262,0.968999981880188,0.7888000011444092
YNL006W,YBR143C,0,-6.9529257,0.10939264297485352,0.968999981880188,0.7889000177383423
YLR433C,YLR303W,0,-6.9530506,0.10938028991222382,0.968999981880188,0.7889999747276306
YDL236W,YOL011W,0,-6.953126,0.10936794430017471,0.968999981880188,0.7890999913215637
YER045C,YGL112C,1,-6.9533424,0.10946846008300781,0.9700000286102295,0.7890999913215637
YOL026C,YMR309C,0,-6.953409,0.10945610702037811,0.9700000286102295,0.7892000079154968
YBR040W,YGR159C,0,-6.9536624,0.10944375395774841,0.9700000286102295,0.7893000245094299
YHR143W,YKL175W,0,-6.953695,0.10943140834569931,0.9700000286102295,0.7893999814987183
YDR264C,YGR095C,0,-6.953786,0.10941906273365021,0.9700000286102295,0.7894999980926514
YIL033C,YDR416W,0,-6.9538727,0.1094067245721817,0.9700000286102295,0.7896000146865845
YIL095W,YOL005C,0,-6.9539995,0.1093943864107132,0.9700000286102295,0.7896999716758728
YPL050C,YBR284W,0,-6.9548445,0.10938204824924469,0.9700000286102295,0.7897999882698059
YER045C,YPR056W,1,-6.955528,0.10948246717453003,0.9710000157356262,0.7897999882698059
YIL046W,YOL088C,0,-6.955564,0.10947012156248093,0.9710000157356262,0.789900004863739
YIL065C,YNL169C,0,-6.9557557,0.10945778340101242,0.9710000157356262,0.7900000214576721
YDL101C,YMR250W,0,-6.9560843,0.10944544523954391,0.9710000157356262,0.7900999784469604
YPL242C,YLR448W,0,-6.9565043,0.109433114528656,0.9710000157356262,0.7901999950408936
YJL208C,YGR122W,0,-6.9565763,0.1094207763671875,0.9710000157356262,0.7903000116348267
YDR106W,YMR186W,0,-6.956667,0.10940845310688019,0.9710000157356262,0.7904000282287598
YDR294C,YNL210W,0,-6.956668,0.10939612239599228,0.9710000157356262,0.7904999852180481
YDR527W,YFL002C,0,-6.956983,0.10938379913568497,0.9710000157356262,0.7906000018119812
YPL249C,YDR341C,0,-6.9574866,0.10937148332595825,0.9710000157356262,0.7907000184059143
YKL008C,YDL229W,0,-6.957658,0.10935916006565094,0.9710000157356262,0.7907999753952026
YLL015W,YPR138C,0,-6.958024,0.10934684425592422,0.9710000157356262,0.7908999919891357
YDR256C,YLR450W,0,-6.958288,0.1093345358967781,0.9710000157356262,0.7910000085830688
YER054C,YDR345C,0,-6.9586096,0.10932222753763199,0.9710000157356262,0.791100025177002
YKL148C,YDR485C,0,-6.958683,0.10930991917848587,0.9710000157356262,0.7911999821662903
YPL224C,YML058W,0,-6.958707,0.10929761081933975,0.9710000157356262,0.7912999987602234
YJR135C,YKL051W,0,-6.9587717,0.10928530991077423,0.9710000157356262,0.7914000153541565
YOR354C,YOL040C,0,-6.9588203,0.1092730164527893,0.9710000157356262,0.7914999723434448
YDR116C,YIR026C,0,-6.9591007,0.10926071554422379,0.9710000157356262,0.7915999889373779
YOL061W,YLR006C,0,-6.9592524,0.10924842208623886,0.9710000157356262,0.791700005531311
YFR019W,YCL026C-A,0,-6.9595747,0.10923613607883453,0.9710000157356262,0.7918000221252441
YIL120W,YNL312W,0,-6.9596877,0.1092238500714302,0.9710000157356262,0.7918999791145325
YGR278W,YNR043W,0,-6.9598665,0.10921156406402588,0.9710000157356262,0.7919999957084656
YBL030C,YGL229C,0,-6.959993,0.10919927805662155,0.9710000157356262,0.7921000123023987
YJL148W,YDR280W,0,-6.960003,0.10918699949979782,0.9710000157356262,0.7922000288963318
YGL063W,YLR264W,0,-6.960214,0.10917472094297409,0.9710000157356262,0.7922999858856201
YNR016C,YPL050C,0,-6.960386,0.10916244983673096,0.9710000157356262,0.7924000024795532
YDR384C,YGL049C,0,-6.961302,0.10915017873048782,0.9710000157356262,0.7925000190734863
YPR052C,YJL148W,0,-6.9615173,0.10913791507482529,0.9710000157356262,0.7925999760627747
YGL135W,YDL007W,0,-6.961653,0.10912564396858215,0.9710000157356262,0.7926999926567078
YER052C,YER127W,0,-6.961709,0.10911338031291962,0.9710000157356262,0.7928000092506409
YBR247C,YDR532C,0,-6.9621625,0.10910112410783768,0.9710000157356262,0.792900025844574
YHL047C,YGR116W,0,-6.9624443,0.10908886790275574,0.9710000157356262,0.7929999828338623
YJL116C,YDR369C,0,-6.962655,0.1090766116976738,0.9710000157356262,0.7930999994277954
YPL217C,YPR183W,0,-6.962677,0.10906436294317245,0.9710000157356262,0.7932000160217285
YPL149W,YDR358W,0,-6.962817,0.10905211418867111,0.9710000157356262,0.7932999730110168
YFR055W,YDR011W,0,-6.9632883,0.10903986543416977,0.9710000157356262,0.79339998960495
YMR197C,YML027W,0,-6.9634557,0.10902762413024902,0.9710000157356262,0.7935000061988831
YPR193C,YDL230W,0,-6.963494,0.10901538282632828,0.9710000157356262,0.7936000227928162
YPR021C,YGL016W,0,-6.9636016,0.10900314152240753,0.9710000157356262,0.7936999797821045
YJL099W,YDL052C,0,-6.963783,0.10899090766906738,0.9710000157356262,0.7937999963760376
YGR193C,YLL011W,0,-6.9642367,0.10897867381572723,0.9710000157356262,0.7939000129699707
YPL022W,YKL122C,0,-6.9644175,0.10896644741296768,0.9710000157356262,0.7940000295639038
YBL074C,YDL148C,0,-6.9646745,0.10895422101020813,0.9710000157356262,0.7940999865531921
YIL085C,YPL106C,0,-6.964805,0.10894199460744858,0.9710000157356262,0.7942000031471252
YIL121W,YLL040C,0,-6.965171,0.10892977565526962,0.9710000157356262,0.7943000197410583
YDR483W,YDL060W,0,-6.965381,0.10891755670309067,0.9710000157356262,0.7943999767303467
YGL180W,YDL095W,0,-6.9654255,0.10890533775091171,0.9710000157356262,0.7944999933242798
YBR088C,YMR142C,0,-6.966088,0.10889312624931335,0.9710000157356262,0.7946000099182129
YHR170W,YJL204C,0,-6.966501,0.108880914747715,0.9710000157356262,0.794700026512146
YDR279W,YDR058C,0,-6.9665704,0.10886871069669724,0.9710000157356262,0.7947999835014343
YDR448W,YCR083W,0,-6.9666195,0.10885649919509888,0.9710000157356262,0.7949000000953674
YNL318C,YHR111W,0,-6.9675264,0.10884430259466171,0.9710000157356262,0.7950000166893005
YDR121W,YNL049C,0,-6.968075,0.10883209854364395,0.9710000157356262,0.7950999736785889
YGL115W,YOL125W,0,-6.968184,0.10881990194320679,0.9710000157356262,0.795199990272522
YLR158C,YAL029C,0,-6.9682364,0.10880771279335022,0.9710000157356262,0.7953000068664551
YJL030W,YBR143C,0,-6.9683237,0.10879551619291306,0.9710000157356262,0.7954000234603882
YER030W,YCR057C,0,-6.968556,0.10878332704305649,0.9710000157356262,0.7954999804496765
YPL170W,YGL153W,0,-6.968748,0.10877114534378052,0.9710000157356262,0.7955999970436096
YER030W,YOR173W,0,-6.969939,0.10875896364450455,0.9710000157356262,0.7957000136375427
YPL159C,YHR069C,0,-6.9701033,0.10874678194522858,0.9710000157356262,0.795799970626831
YJL030W,YML120C,0,-6.9703364,0.1087346002459526,0.9710000157356262,0.7958999872207642
YIL070C,YKL080W,0,-6.970558,0.10872242599725723,0.9710000157356262,0.7960000038146973
YJR158W,YOL061W,0,-6.9708705,0.10871025174856186,0.9710000157356262,0.7961000204086304
YDR517W,YGL205W,0,-6.9709487,0.10869808495044708,0.9710000157356262,0.7961999773979187
YDL036C,YNL131W,0,-6.9709673,0.1086859181523323,0.9710000157356262,0.7962999939918518
YKL073W,YOR243C,0,-6.9710135,0.10867375135421753,0.9710000157356262,0.7964000105857849
YBR065C,YPL138C,0,-6.971238,0.10866159200668335,0.9710000157356262,0.796500027179718
YGR268C,YBL025W,0,-6.9727116,0.10864943265914917,0.9710000157356262,0.7965999841690063
YER073W,YHR088W,0,-6.97441,0.10863728076219559,0.9710000157356262,0.7967000007629395
YMR280C,YMR065W,0,-6.9748635,0.108625128865242,0.9710000157356262,0.7968000173568726
YJR025C,YIL159W,0,-6.9753046,0.10861297696828842,0.9710000157356262,0.7968999743461609
YOR307C,YPR080W,0,-6.975358,0.10860082507133484,0.9710000157356262,0.796999990940094
YNL072W,YGR180C,0,-6.975772,0.10858868062496185,0.9710000157356262,0.7971000075340271
YGL253W,YMR156C,0,-6.975807,0.10857654362916946,0.9710000157356262,0.7972000241279602
YHR170W,YDR323C,0,-6.9758177,0.10856439918279648,0.9710000157356262,0.7972999811172485
YPL101W,YDR470C,0,-6.9768357,0.10855226218700409,0.9710000157356262,0.7973999977111816
YIL160C,YMR247C,0,-6.977399,0.1085401326417923,0.9710000157356262,0.7975000143051147
YJR144W,YNL299W,0,-6.9775133,0.10852799564599991,0.9710000157356262,0.7975999712944031
YNL048W,YNR060W,0,-6.977794,0.10851586610078812,0.9710000157356262,0.7976999878883362
YDL017W,YNR017W,0,-6.978163,0.10850374400615692,0.9710000157356262,0.7978000044822693
YGL035C,YLL011W,0,-6.9789853,0.10849162191152573,0.9710000157356262,0.7979000210762024
YGR220C,YDL095W,0,-6.9793487,0.10847949981689453,0.9710000157356262,0.7979999780654907
YOR081C,YOL093W,0,-6.979534,0.10846738517284393,0.9710000157356262,0.7980999946594238
YEL016C,YDR479C,0,-6.9797673,0.10845526307821274,0.9710000157356262,0.7982000112533569
YKL009W,YOL011W,0,-6.979807,0.10844315588474274,0.9710000157356262,0.79830002784729
YHR096C,YPL098C,0,-6.97992,0.10843104124069214,0.9710000157356262,0.7983999848365784
YLR028C,YDR245W,0,-6.9801493,0.10841893404722214,0.9710000157356262,0.7985000014305115
YER110C,YML093W,0,-6.980302,0.10840683430433273,0.9710000157356262,0.7986000180244446
YJR077C,YDR485C,0,-6.980362,0.10839473456144333,0.9710000157356262,0.7986999750137329
YJR160C,YLR092W,0,-6.980553,0.10838263481855392,0.9710000157356262,0.798799991607666
YLR451W,YPR132W,0,-6.9808073,0.10837053507566452,0.9710000157356262,0.7989000082015991
YMR182C,YIL052C,0,-6.9811573,0.10835844278335571,0.9710000157356262,0.7990000247955322
YIL068C,YKL035W,0,-6.981182,0.1083463504910469,0.9710000157356262,0.7990999817848206
YMR055C,YMR015C,0,-6.9812393,0.1083342656493187,0.9710000157356262,0.7991999983787537
YBR034C,YCR106W,0,-6.9820385,0.10832218080759048,0.9710000157356262,0.7993000149726868
YNR074C,YHR172W,0,-6.982151,0.10831009596586227,0.9710000157356262,0.7993999719619751
YBL082C,YCL052C,0,-6.9824014,0.10829801112413406,0.9710000157356262,0.7994999885559082
YOR208W,YFL026W,0,-6.982629,0.10828593373298645,0.9710000157356262,0.7996000051498413
YAL053W,YHR026W,0,-6.9827914,0.10827386379241943,0.9710000157356262,0.7997000217437744
YMR048W,YKL021C,0,-6.9830055,0.10826179385185242,0.9710000157356262,0.7997999787330627
YOR294W,YDR310C,0,-6.9834547,0.1082497239112854,0.9710000157356262,0.7998999953269958
YER045C,YIL143C,1,-6.9836874,0.10834912210702896,0.972000002861023,0.7998999953269958
YGR010W,YKL113C,0,-6.9841614,0.10833705216646194,0.972000002861023,0.800000011920929
YMR275C,YGL008C,0,-6.984285,0.10832497477531433,0.972000002861023,0.8001000285148621
YGR264C,YKL055C,0,-6.9843264,0.10831290483474731,0.972000002861023,0.8001999855041504
YJR070C,YLR145W,0,-6.9844055,0.1083008348941803,0.972000002861023,0.8003000020980835
YER133W,YDR165W,0,-6.984701,0.10828877240419388,0.972000002861023,0.8004000186920166
YJR119C,YKR052C,0,-6.985075,0.10827670991420746,0.972000002861023,0.8004999756813049
YBL097W,YNL329C,0,-6.985503,0.10826464742422104,0.972000002861023,0.800599992275238
YDR171W,YML114C,0,-6.985987,0.10825259238481522,0.972000002861023,0.8007000088691711
YMR048W,YKL008C,0,-6.9862337,0.1082405373454094,0.972000002861023,0.8008000254631042
YJL204C,YKL141W,0,-6.9863763,0.10822848230600357,0.972000002861023,0.8008999824523926
YGL001C,YHR072W,0,-6.9870567,0.10821643471717834,0.972000002861023,0.8009999990463257
YJR108W,YNR026C,0,-6.987098,0.10820438712835312,0.972000002861023,0.8011000156402588
YKL074C,YDR076W,0,-6.9874034,0.1081923395395279,0.972000002861023,0.8011999726295471
YER045C,YGL166W,1,-6.9874554,0.10829159617424011,0.9729999899864197,0.8011999726295471
YJL191W,YDR240C,0,-6.987838,0.10827954858541489,0.9729999899864197,0.8012999892234802
YHR176W,YBR272C,0,-6.987946,0.10826750099658966,0.9729999899864197,0.8014000058174133
YDL188C,YER075C,0,-6.988016,0.10825545340776443,0.9729999899864197,0.8015000224113464
YGL099W,YJR077C,0,-6.9881153,0.10824340581893921,0.9729999899864197,0.8015999794006348
YPR001W,YNL164C,0,-6.9882197,0.10823136568069458,0.9729999899864197,0.8016999959945679
YGR086C,YDR419W,0,-6.988531,0.10821933299303055,0.9729999899864197,0.801800012588501
YGL200C,YBR258C,0,-6.988737,0.10820729285478592,0.9729999899864197,0.8019000291824341
YFL010W-A,YER062C,0,-6.9891224,0.10819526016712189,0.9729999899864197,0.8019999861717224
YHR072W,YNL117W,0,-6.9892874,0.10818323493003845,0.9729999899864197,0.8021000027656555
YNR056C,YMR305C,0,-6.9895835,0.10817120969295502,0.9729999899864197,0.8022000193595886
YGL222C,YOR004W,0,-6.989791,0.10815918445587158,0.9729999899864197,0.802299976348877
YOR160W,YJR086W,0,-6.990031,0.10814715921878815,0.9729999899864197,0.8023999929428101
YER045C,YOR110W,1,-6.9901114,0.10824627429246902,0.9739999771118164,0.8023999929428101
YJL170C,YDR098C,0,-6.9904404,0.10823424905538559,0.9739999771118164,0.8025000095367432
YPL116W,YKR081C,0,-6.99052,0.10822222381830215,0.9739999771118164,0.8026000261306763
YER002W,YML027W,0,-6.990529,0.10821019858121872,0.9739999771118164,0.8026999831199646
YOR037W,YPL145C,0,-6.9906034,0.10819818079471588,0.9739999771118164,0.8027999997138977
YPL078C,YKL125W,0,-6.991082,0.10818616300821304,0.9739999771118164,0.8029000163078308
YLR399C,YMR165C,0,-6.991138,0.1081741452217102,0.9739999771118164,0.8029999732971191
YNR027W,YJL039C,0,-6.99162,0.10816213488578796,0.9739999771118164,0.8030999898910522
YFR050C,YGL212W,0,-6.9916215,0.10815012454986572,0.9739999771118164,0.8032000064849854
YCR065W,YOR151C,0,-6.9916534,0.10813811421394348,0.9739999771118164,0.8033000230789185
YNL258C,YHR170W,0,-6.9925847,0.10812611132860184,0.9739999771118164,0.8033999800682068
YPL177C,YPL122C,1,-6.992854,0.10822510719299316,0.9750000238418579,0.8033999800682068
YMR083W,YPL124W,0,-6.9928837,0.10821309685707092,0.9750000238418579,0.8034999966621399
YJR155W,YKR086W,0,-6.9936643,0.10820108652114868,0.9750000238418579,0.803600013256073
YLR158C,YMR266W,0,-6.993838,0.10818908363580704,0.9750000238418579,0.8036999702453613
YML015C,YAL001C,1,-6.9939156,0.10828802734613419,0.9760000109672546,0.8036999702453613
YGL209W,YGR081C,0,-6.994572,0.10827601701021194,0.9760000109672546,0.8037999868392944
YDL227C,YPR144C,0,-6.995,0.1082640066742897,0.9760000109672546,0.8039000034332275
YJR139C,YNL201C,0,-6.995228,0.10825199633836746,0.9760000109672546,0.8040000200271606
YLL035W,YDR388W,0,-6.9954243,0.10823999345302582,0.9760000109672546,0.804099977016449
YMR231W,YKL081W,0,-6.9958963,0.10822799056768417,0.9760000109672546,0.8041999936103821
YOR206W,YGR094W,0,-6.996792,0.10821598768234253,0.9760000109672546,0.8043000102043152
YNL256W,YLR272C,0,-6.99691,0.10820399224758148,0.9760000109672546,0.8044000267982483
YMR303C,YDR054C,0,-6.996952,0.10819199681282043,0.9760000109672546,0.8044999837875366
YJR155W,YML109W,0,-6.9970417,0.10818000137805939,0.9760000109672546,0.8046000003814697
YNL085W,YNL002C,0,-6.998123,0.10816801339387894,0.9760000109672546,0.8047000169754028
YDL069C,YCR084C,0,-6.998608,0.10815602540969849,0.9760000109672546,0.8047999739646912
YJL167W,YDR517W,0,-6.999345,0.10814404487609863,0.9760000109672546,0.8048999905586243
YAL056W,YMR229C,0,-6.9995604,0.10813206434249878,0.9760000109672546,0.8050000071525574
YJR147W,YJR050W,0,-6.999863,0.10812008380889893,0.9760000109672546,0.8051000237464905
YDR043C,YHR200W,0,-6.9999475,0.10810811072587967,0.9760000109672546,0.8051999807357788
YJR155W,YGL238W,0,-7.000155,0.10809613764286041,0.9760000109672546,0.8052999973297119
YDR270W,YGR116W,0,-7.0002,0.10808416455984116,0.9760000109672546,0.805400013923645
YDR404C,YLR466W,0,-7.000806,0.1080721989274025,0.9760000109672546,0.8054999709129333
YIL019W,YPL120W,0,-7.000867,0.10806023329496384,0.9760000109672546,0.8055999875068665
YKL129C,YDR146C,0,-7.0008683,0.10804826766252518,0.9760000109672546,0.8057000041007996
YOR260W,YLR165C,0,-7.0012207,0.10803630948066711,0.9760000109672546,0.8058000206947327
YOR301W,YKL086W,0,-7.001485,0.10802435129880905,0.9760000109672546,0.805899977684021
YGL029W,YOR207C,0,-7.0015717,0.10801239311695099,0.9760000109672546,0.8059999942779541
YER054C,YNL169C,0,-7.0017767,0.10800044238567352,0.9760000109672546,0.8061000108718872
YNL242W,YKL182W,0,-7.0020556,0.10798849165439606,0.9760000109672546,0.8062000274658203
YGL075C,YPL097W,0,-7.002467,0.10797654837369919,0.9760000109672546,0.8062999844551086
YMR047C,YCR061W,0,-7.002547,0.10796460509300232,0.9760000109672546,0.8064000010490417
YER095W,YDR463W,0,-7.003004,0.10795266181230545,0.9760000109672546,0.8065000176429749
YER110C,YKL095W,0,-7.0030184,0.10794071853160858,0.9760000109672546,0.8065999746322632
YPL138C,YGL255W,0,-7.0032597,0.10792878270149231,0.9760000109672546,0.8066999912261963
YLL061W,YNL329C,0,-7.0034766,0.10791685432195663,0.9760000109672546,0.8068000078201294
YNL256W,YDR363W-A,0,-7.00361,0.10790491849184036,0.9760000109672546,0.8069000244140625
YMR069W,YIL048W,0,-7.0040207,0.10789299011230469,0.9760000109672546,0.8069999814033508
YMR049C,YPL032C,0,-7.004218,0.10788106918334961,0.9760000109672546,0.8070999979972839
YOR198C,YBR257W,0,-7.0042696,0.10786914080381393,0.9760000109672546,0.807200014591217
YAL053W,YPL050C,0,-7.004301,0.10785721987485886,0.9760000109672546,0.8072999715805054
YKL197C,YOL005C,0,-7.0047083,0.10784530639648438,0.9760000109672546,0.8073999881744385
YHR096C,YPL192C,0,-7.0048532,0.1078333854675293,0.9760000109672546,0.8075000047683716
YOR355W,YKR052C,0,-7.004901,0.10782147943973541,0.9760000109672546,0.8076000213623047
YML112W,YGL208W,0,-7.004979,0.10780956596136093,0.9760000109672546,0.807699978351593
YPL178W,YCL035C,0,-7.0050764,0.10779765993356705,0.9760000109672546,0.8077999949455261
YLR035C,YDR487C,0,-7.005378,0.10778575390577316,0.9760000109672546,0.8079000115394592
YOR056C,YIL016W,0,-7.005465,0.10777384787797928,0.9760000109672546,0.8080000281333923
YER015W,YBR152W,0,-7.0056887,0.10776194930076599,0.9760000109672546,0.8080999851226807
YBR286W,YER162C,0,-7.0060716,0.1077500581741333,0.9760000109672546,0.8082000017166138
YMR220W,YBL106C,0,-7.0062275,0.10773815959692001,0.9760000109672546,0.8083000183105469
YDR214W,YJR139C,0,-7.0062504,0.10772626847028732,0.9760000109672546,0.8083999752998352
YPR132W,YBR293W,0,-7.0065513,0.10771437734365463,0.9760000109672546,0.8084999918937683
YLR238W,YDL060W,0,-7.0067415,0.10770249366760254,0.9760000109672546,0.8086000084877014
YNL080C,YMR165C,0,-7.006893,0.10769060999155045,0.9760000109672546,0.8087000250816345
YKL009W,YOR129C,0,-7.0073366,0.10767872631549835,0.9760000109672546,0.8087999820709229
YDR088C,YML027W,0,-7.007622,0.10766685009002686,0.9760000109672546,0.808899998664856
YDR231C,YLR130C,0,-7.0077977,0.10765497386455536,0.9760000109672546,0.8090000152587891
YCL059C,YAR042W,0,-7.0083437,0.10764309763908386,0.9760000109672546,0.8090999722480774
YER110C,YIL077C,0,-7.0085616,0.10763122886419296,0.9760000109672546,0.8091999888420105
YBR207W,YGR083C,0,-7.0086756,0.10761936008930206,0.9760000109672546,0.8093000054359436
YAR007C,YER082C,0,-7.009409,0.10760749876499176,0.9760000109672546,0.8094000220298767
YGL256W,YFL017W-A,0,-7.009457,0.10759563744068146,0.9760000109672546,0.809499979019165
YJR158W,YDL030W,0,-7.00957,0.10758377611637115,0.9760000109672546,0.8095999956130981
YPL174C,YGR123C,0,-7.0099173,0.10757191479206085,0.9760000109672546,0.8097000122070312
YLR085C,YDR096W,0,-7.0101085,0.10756006091833115,0.9760000109672546,0.8098000288009644
YJR121W,YLL060C,0,-7.010126,0.10754820704460144,0.9760000109672546,0.8098999857902527
YLR291C,YIL066C,0,-7.0102997,0.10753636062145233,0.9760000109672546,0.8100000023841858
YJR121W,YMR322C,0,-7.0104303,0.10752451419830322,0.9760000109672546,0.8101000189781189
YOR008C,YKL086W,0,-7.010825,0.10751266777515411,0.9760000109672546,0.8101999759674072
YDR518W,YCL040W,0,-7.010849,0.1075008288025856,0.9760000109672546,0.8102999925613403
YOR185C,YGL151W,0,-7.0111675,0.10748898983001709,0.9760000109672546,0.8104000091552734
YDR071C,YBL033C,0,-7.0112615,0.10747715085744858,0.9760000109672546,0.8105000257492065
YDL005C,YFL045C,0,-7.01157,0.10746531933546066,0.9760000109672546,0.8105999827384949
YMR012W,YCR060W,0,-7.011817,0.10745348781347275,0.9760000109672546,0.810699999332428
YHL040C,YOR038C,0,-7.0118675,0.10744165629148483,0.9760000109672546,0.8108000159263611
YMR275C,YPL036W,0,-7.0119433,0.10742983222007751,0.9760000109672546,0.8108999729156494
YNL242W,YDR461W,0,-7.0129027,0.1074180081486702,0.9760000109672546,0.8109999895095825
YER013W,YDR523C,0,-7.0132484,0.10740618407726288,0.9760000109672546,0.8111000061035156
YER045C,YDR311W,1,-7.0132675,0.10750440508127213,0.9769999980926514,0.8111000061035156
YIL052C,YDR181C,0,-7.0135374,0.10749257355928421,0.9769999980926514,0.8112000226974487
YPL015C,YDL235C,0,-7.014595,0.10748074948787689,0.9769999980926514,0.8112999796867371
YOR007C,YDR523C,0,-7.0147142,0.10746892541646957,0.9769999980926514,0.8113999962806702
YIL009W,YPL032C,0,-7.0150547,0.10745710879564285,0.9769999980926514,0.8115000128746033
YDL226C,YLR254C,0,-7.0153112,0.10744528472423553,0.9769999980926514,0.8116000294685364
YMR072W,YEL060C,0,-7.0153666,0.10743347555398941,0.9769999980926514,0.8116999864578247
YML075C,YDR140W,0,-7.015482,0.10742165893316269,0.9769999980926514,0.8118000030517578
YIR019C,YOL125W,0,-7.015537,0.10740984976291656,0.9769999980926514,0.8119000196456909
YDR296W,YIL109C,0,-7.0156407,0.10739804059267044,0.9769999980926514,0.8119999766349792
YER049W,YKR053C,0,-7.0159044,0.10738623887300491,0.9769999980926514,0.8120999932289124
YMR116C,YGL167C,0,-7.0161057,0.10737443715333939,0.9769999980926514,0.8122000098228455
YOR153W,YPL212C,0,-7.01646,0.10736263543367386,0.9769999980926514,0.8123000264167786
YFL055W,YML124C,0,-7.0165386,0.10735084116458893,0.9769999980926514,0.8123999834060669
YOR250C,YNL160W,0,-7.016614,0.107339046895504,0.9769999980926514,0.8125
YOR074C,YOL143C,0,-7.016773,0.10732725262641907,0.9769999980926514,0.8126000165939331
YOL127W,YPL210C,0,-7.016934,0.10731546580791473,0.9769999980926514,0.8126999735832214
YPL204W,YBR092C,0,-7.0169907,0.1073036789894104,0.9769999980926514,0.8127999901771545
YEL071W,YBR049C,0,-7.0170803,0.10729189217090607,0.9769999980926514,0.8129000067710876
YKR066C,YIL085C,0,-7.017232,0.10728011280298233,0.9769999980926514,0.8130000233650208
YDR060W,YGL087C,0,-7.0172644,0.1072683334350586,0.9769999980926514,0.8130999803543091
YPL021W,YPL243W,0,-7.0173173,0.10725656151771545,0.9769999980926514,0.8131999969482422
YER122C,YPL015C,0,-7.017481,0.10724478960037231,0.9769999980926514,0.8133000135421753
YBL042C,YLR034C,0,-7.0175333,0.10723301768302917,0.9769999980926514,0.8133999705314636
YGR121C,YBL050W,0,-7.0179963,0.10722124576568604,0.9769999980926514,0.8134999871253967
YCR063W,YER021W,0,-7.0180445,0.10720948129892349,0.9769999980926514,0.8136000037193298
YDL178W,YMR322C,0,-7.0183887,0.10719771683216095,0.9769999980926514,0.8137000203132629
YKR022C,YGL022W,0,-7.018507,0.107185959815979,0.9769999980926514,0.8137999773025513
YHR094C,YDR030C,0,-7.019371,0.10717420279979706,0.9769999980926514,0.8138999938964844
YER052C,YIR015W,0,-7.0193734,0.10716244578361511,0.9769999980926514,0.8140000104904175
YDR465C,YMR313C,0,-7.0193825,0.10715068876743317,0.9769999980926514,0.8141000270843506
YMR056C,YJL065C,0,-7.019456,0.10713893920183182,0.9769999980926514,0.8141999840736389
YBR059C,YBR092C,0,-7.020378,0.10712718963623047,0.9769999980926514,0.814300000667572
YER020W,YNL016W,0,-7.0210443,0.10711544752120972,0.9769999980926514,0.8144000172615051
YMR146C,YLR181C,0,-7.0217757,0.10710370540618896,0.9769999980926514,0.8144999742507935
YJL183W,YDR523C,0,-7.02184,0.10709196329116821,0.9769999980926514,0.8145999908447266
YDL030W,YML091C,0,-7.022078,0.10708022862672806,0.9769999980926514,0.8147000074386597
YDR231C,YDL229W,0,-7.022196,0.1070684939622879,0.9769999980926514,0.8148000240325928
YOR046C,YNL006W,0,-7.0225015,0.10705675929784775,0.9769999980926514,0.8148999810218811
YNR033W,YMR182C,0,-7.022582,0.10704503208398819,0.9769999980926514,0.8149999976158142
YDR298C,YJL209W,0,-7.0227423,0.10703330487012863,0.9769999980926514,0.8151000142097473
YMR237W,YHR055C,0,-7.022787,0.10702157765626907,0.9769999980926514,0.8151999711990356
YBR048W,YKL203C,0,-7.0229063,0.10700985789299011,0.9769999980926514,0.8152999877929688
YGL208W,YGR020C,0,-7.0239973,0.10699813812971115,0.9769999980926514,0.8154000043869019
YHR011W,YCL031C,0,-7.0242066,0.10698641836643219,0.9769999980926514,0.815500020980835
YLR068W,YPL212C,0,-7.0243397,0.10697470605373383,0.9769999980926514,0.8155999779701233
YHR019C,YDR515W,0,-7.0252132,0.10696299374103546,0.9769999980926514,0.8156999945640564
YPL249C,YKR086W,0,-7.025544,0.1069512888789177,0.9769999980926514,0.8158000111579895
YGL166W,YGR186W,1,-7.025552,0.10704904049634933,0.9779999852180481,0.8158000111579895
YMR162C,YJR002W,0,-7.0256495,0.10703732073307037,0.9779999852180481,0.8159000277519226
YDR194C,YCL008C,0,-7.0257034,0.10702560842037201,0.9779999852180481,0.8159999847412109
YPR016C,YLR425W,0,-7.0259333,0.10701389610767365,0.9779999852180481,0.816100001335144
YBR142W,YDR379W,0,-7.0261793,0.10700219124555588,0.9779999852180481,0.8162000179290771
YMR073C,YBR092C,0,-7.0265064,0.10699047893285751,0.9779999852180481,0.8162999749183655
YOR206W,YPR010C,0,-7.0265326,0.10697878152132034,0.9779999852180481,0.8163999915122986
YBL069W,YBR037C,0,-7.026563,0.10696707665920258,0.9779999852180481,0.8165000081062317
YHR143W,YGL183C,0,-7.026637,0.1069553792476654,0.9779999852180481,0.8166000247001648
YLR060W,YJL187C,0,-7.0269504,0.10694368183612823,0.9779999852180481,0.8166999816894531
YBL061C,YAL016W,0,-7.0272875,0.10693199187517166,0.9779999852180481,0.8167999982833862
YDR446W,YPL231W,0,-7.0279255,0.10692030191421509,0.9779999852180481,0.8169000148773193
YOL164W,YPL243W,0,-7.028178,0.10690861195325851,0.9779999852180481,0.8169999718666077
YGL192W,YKL212W,0,-7.0284758,0.10689692944288254,0.9779999852180481,0.8170999884605408
YDR164C,YDR324C,0,-7.0288124,0.10688524693250656,0.9779999852180481,0.8172000050544739
YMR161W,YLR417W,0,-7.028834,0.10687356442213058,0.9779999852180481,0.817300021648407
YPL119C,YDR280W,0,-7.028962,0.1068618893623352,0.9779999852180481,0.8173999786376953
YHR075C,YDL130W-A,0,-7.029467,0.10685021430253983,0.9779999852180481,0.8174999952316284
YNR027W,YNL130C,0,-7.0297556,0.10683853924274445,0.9779999852180481,0.8176000118255615
YLR229C,YEL054C,0,-7.030113,0.10682687163352966,0.9779999852180481,0.8177000284194946
YPR124W,YNL142W,0,-7.0302696,0.10681520402431488,0.9779999852180481,0.817799985408783
YOR334W,YJR044C,0,-7.0303726,0.1068035364151001,0.9779999852180481,0.8179000020027161
YIL036W,YPL177C,1,-7.030864,0.10690107196569443,0.9789999723434448,0.8179000020027161
YBL003C,YPR161C,0,-7.031066,0.10688939690589905,0.9789999723434448,0.8180000185966492
YHR034C,YGR192C,0,-7.0313787,0.10687772929668427,0.9789999723434448,0.8180999755859375
YLR450W,YDR527W,0,-7.031742,0.10686606168746948,0.9789999723434448,0.8181999921798706
YLR071C,YJL089W,0,-7.03184,0.1068544015288353,0.9789999723434448,0.8183000087738037
YNR074C,YJL173C,0,-7.0322094,0.10684273391962051,0.9789999723434448,0.8184000253677368
YGL094C,YML093W,0,-7.032561,0.10683108121156693,0.9789999723434448,0.8184999823570251
YGR083C,YLR256W,0,-7.033006,0.10681942105293274,0.9789999723434448,0.8185999989509583
YIR033W,YGR081C,0,-7.0331826,0.10680776834487915,0.9789999723434448,0.8187000155448914
YER045C,YCR042C,1,-7.033398,0.10690520703792572,0.9800000190734863,0.8187000155448914
YML116W,YNL166C,0,-7.033408,0.10689353942871094,0.9800000190734863,0.8187999725341797
YCR063W,YPR144C,0,-7.03409,0.10688188672065735,0.9800000190734863,0.8188999891281128
YER012W,YGR183C,0,-7.0341196,0.10687022656202316,0.9800000190734863,0.8190000057220459
YDR281C,YDR425W,0,-7.034421,0.10685857385396957,0.9800000190734863,0.819100022315979
YML116W,YFL011W,0,-7.0346146,0.10684692859649658,0.9800000190734863,0.8191999793052673
YDR296W,YBR196C,0,-7.034658,0.106835275888443,0.9800000190734863,0.8192999958992004
YJL201W,YER129W,0,-7.035017,0.10682363063097,0.9800000190734863,0.8194000124931335
YLR276C,YOR207C,0,-7.035121,0.1068119928240776,0.9800000190734863,0.8195000290870667
YER065C,YFL013C,0,-7.035175,0.10680034756660461,0.9800000190734863,0.819599986076355
YHR157W,YDR486C,0,-7.0353193,0.10678870975971222,0.9800000190734863,0.8197000026702881
YDL031W,YPL209C,0,-7.0355496,0.10677707195281982,0.9800000190734863,0.8198000192642212
YPR193C,YMR013C,0,-7.035684,0.10676544159650803,0.9800000190734863,0.8198999762535095
YBR008C,YHR176W,0,-7.0357747,0.10675381124019623,0.9800000190734863,0.8199999928474426
YGR145W,YCR026C,0,-7.03583,0.10674218833446503,0.9800000190734863,0.8201000094413757
YBR029C,YDR280W,0,-7.036282,0.10673055797815323,0.9800000190734863,0.8202000260353088
YMR246W,YOR143C,0,-7.036296,0.10671893507242203,0.9800000190734863,0.8202999830245972
YGR188C,YPL006W,0,-7.0372977,0.10670731961727142,0.9800000190734863,0.8203999996185303
YHR176W,YDR181C,0,-7.0377655,0.10669569671154022,0.9800000190734863,0.8205000162124634
YOR260W,YMR201C,0,-7.0378346,0.10668408125638962,0.9800000190734863,0.8205999732017517
YKL029C,YAL010C,0,-7.0378647,0.10667247325181961,0.9800000190734863,0.8206999897956848
YIL155C,YGL151W,0,-7.037875,0.1066608652472496,0.9800000190734863,0.8208000063896179
YNL281W,YLL019C,0,-7.0380573,0.1066492572426796,0.9800000190734863,0.820900022983551
YFL014W,YDR485C,0,-7.0382714,0.10663764923810959,0.9800000190734863,0.8209999799728394
YDL079C,YPR102C,0,-7.038572,0.10662604868412018,0.9800000190734863,0.8210999965667725
YBL042C,YDR388W,0,-7.038588,0.10661444813013077,0.9800000190734863,0.8212000131607056
YLR116W,YGR239C,0,-7.0386176,0.10660284757614136,0.9800000190734863,0.8213000297546387
YDL132W,YJL098W,0,-7.0387373,0.10659125447273254,0.9800000190734863,0.821399986743927
YMR220W,YDR165W,0,-7.038762,0.10657966136932373,0.9800000190734863,0.8215000033378601
YGL209W,YLR044C,0,-7.0391197,0.10656807571649551,0.9800000190734863,0.8216000199317932
YDL155W,YKL051W,0,-7.0392632,0.1065564826130867,0.9800000190734863,0.8216999769210815
YNL331C,YDR312W,0,-7.0394588,0.10654490441083908,0.9800000190734863,0.8217999935150146
YDR021W,YLR417W,0,-7.039984,0.10653331875801086,0.9800000190734863,0.8219000101089478
YHR164C,YKL080W,0,-7.040841,0.10652174055576324,0.9800000190734863,0.8220000267028809
YHR133C,YBR165W,0,-7.040855,0.10651016235351562,0.9800000190734863,0.8220999836921692
YJR119C,YNL049C,0,-7.0412664,0.106498584151268,0.9800000190734863,0.8222000002861023
YLR401C,YDL134C,0,-7.0420465,0.10648701339960098,0.9800000190734863,0.8223000168800354
YML048W,YGR104C,0,-7.0425506,0.10647544264793396,0.9800000190734863,0.8223999738693237
YLR259C,YBR043C,0,-7.042551,0.10646387934684753,0.9800000190734863,0.8224999904632568
YOR040W,YAL034W-A,0,-7.0426264,0.10645231604576111,0.9800000190734863,0.8226000070571899
YHR133C,YDR484W,0,-7.0430393,0.10644075274467468,0.9800000190734863,0.822700023651123
YPR073C,YDL229W,0,-7.044278,0.10642918944358826,0.9800000190734863,0.8227999806404114
YLR172C,YMR219W,0,-7.0443892,0.10641763359308243,0.9800000190734863,0.8228999972343445
YER110C,YDL003W,0,-7.0444336,0.1064060777425766,0.9800000190734863,0.8230000138282776
YNL142W,YEL050C,0,-7.044629,0.10639452934265137,0.9800000190734863,0.8230999708175659
YDR264C,YDR298C,0,-7.0450373,0.10638298094272614,0.9800000190734863,0.823199987411499
YLR418C,YDL081C,0,-7.04536,0.1063714325428009,0.9800000190734863,0.8233000040054321
YIL026C,YDR449C,0,-7.045615,0.10635988414287567,0.9800000190734863,0.8234000205993652
YOL065C,YBR294W,0,-7.0460005,0.10634834319353104,0.9800000190734863,0.8234999775886536
YKL068W,YFL026W,0,-7.0462,0.1063368022441864,0.9800000190734863,0.8235999941825867
YGL071W,YPL237W,0,-7.0462694,0.10632526874542236,0.9800000190734863,0.8237000107765198
YNR032W,YIL121W,0,-7.0464153,0.10631373524665833,0.9800000190734863,0.8238000273704529
YJR047C,YPL086C,0,-7.0465984,0.10630220174789429,0.9800000190734863,0.8238999843597412
YGR179C,YMR142C,0,-7.0470967,0.10629067569971085,0.9800000190734863,0.8240000009536743
YOL088C,YHR088W,0,-7.0478115,0.10627914220094681,0.9800000190734863,0.8241000175476074
YPL138C,YPR074C,0,-7.0479307,0.10626762360334396,0.9800000190734863,0.8241999745368958
YDR516C,YPL124W,0,-7.048523,0.10625609755516052,0.9800000190734863,0.8242999911308289
YNR033W,YBR183W,0,-7.0485563,0.10624457895755768,0.9800000190734863,0.824400007724762
YBL058W,YKL056C,0,-7.0486927,0.10623306035995483,0.9800000190734863,0.8245000243186951
YML126C,YDR004W,0,-7.0487165,0.10622154921293259,0.9800000190734863,0.8245999813079834
YJL219W,YLR090W,0,-7.0492992,0.10621003806591034,0.9800000190734863,0.8246999979019165
YIL033C,YBR165W,0,-7.0495663,0.10619852691888809,0.9800000190734863,0.8248000144958496
YDL143W,YJL108C,0,-7.0496883,0.10618701577186584,0.9800000190734863,0.8248999714851379
YPL200W,YNL160W,0,-7.0501647,0.1061755120754242,0.9800000190734863,0.824999988079071
YOR351C,YOR254C,0,-7.050678,0.10616401582956314,0.9800000190734863,0.8251000046730042
YER106W,YBR188C,0,-7.0506988,0.10615251213312149,0.9800000190734863,0.8252000212669373
YGR254W,YER008C,0,-7.050935,0.10614101588726044,0.9800000190734863,0.8252999782562256
YPL159C,YDL093W,0,-7.051095,0.10612951964139938,0.9800000190734863,0.8253999948501587
YGR239C,YOR294W,0,-7.0512905,0.10611803084611893,0.9800000190734863,0.8255000114440918
YBL045C,YLR398C,0,-7.051751,0.10610654205083847,0.9800000190734863,0.8256000280380249
YDR436W,YOR068C,0,-7.0518,0.10609505325555801,0.9800000190734863,0.8256999850273132
YOR119C,YIL075C,0,-7.0518622,0.10608356446027756,0.9800000190734863,0.8258000016212463
YBR272C,YLL004W,0,-7.052168,0.1060720831155777,0.9800000190734863,0.8259000182151794
YNL281W,YGR094W,0,-7.0524316,0.10606060922145844,0.9800000190734863,0.8259999752044678
YDR309C,YLR106C,0,-7.052756,0.10604912787675858,0.9800000190734863,0.8260999917984009
YDL117W,YDL031W,0,-7.05297,0.10603765398263931,0.9800000190734863,0.826200008392334
YNL074C,YKR025W,0,-7.0532084,0.10602618008852005,0.9800000190734863,0.8263000249862671
YOR144C,YGR180C,0,-7.0533485,0.10601471364498138,0.9800000190734863,0.8263999819755554
YER061C,YCL026C-A,0,-7.0535393,0.10600324720144272,0.9800000190734863,0.8264999985694885
YOR188W,YOR275C,0,-7.0536613,0.10599178075790405,0.9800000190734863,0.8266000151634216
YGR249W,YOR288C,0,-7.0536914,0.10598031431436539,0.9800000190734863,0.82669997215271
YMR083W,YDL175C,0,-7.0544453,0.10596885532140732,0.9800000190734863,0.8267999887466431
YBR085W,YDL055C,0,-7.0549464,0.10595740377902985,0.9800000190734863,0.8269000053405762
YJL166W,YDR478W,0,-7.0554075,0.10594594478607178,0.9800000190734863,0.8270000219345093
YNL123W,YDR481C,0,-7.05562,0.1059344932436943,0.9800000190734863,0.8270999789237976
YGR060W,YKL009W,0,-7.0557184,0.10592304170131683,0.9800000190734863,0.8271999955177307
YGL219C,YAR003W,0,-7.056397,0.10591159760951996,0.9800000190734863,0.8273000121116638
YCL035C,YGL158W,0,-7.056443,0.10590015351772308,0.9800000190734863,0.8274000287055969
YKR097W,YPL237W,0,-7.0566125,0.10588870942592621,0.9800000190734863,0.8274999856948853
YIL124W,YIL118W,0,-7.056849,0.10587726533412933,0.9800000190734863,0.8276000022888184
YAL059W,YNL047C,0,-7.057416,0.10586582869291306,0.9800000190734863,0.8277000188827515
YPL058C,YDR308C,0,-7.0576124,0.10585439950227737,0.9800000190734863,0.8277999758720398
YKL002W,YPL043W,0,-7.0576954,0.1058429628610611,0.9800000190734863,0.8278999924659729
YOR185C,YOR084W,0,-7.057799,0.10583153367042542,0.9800000190734863,0.828000009059906
YCR063W,YOR075W,0,-7.058216,0.10582010447978973,0.9800000190734863,0.8281000256538391
YDR318W,YKR081C,0,-7.0588307,0.10580868273973465,0.9800000190734863,0.8281999826431274
YLL009C,YIL026C,0,-7.059432,0.10579726099967957,0.9800000190734863,0.8282999992370605
YBL003C,YOR047C,0,-7.0595226,0.10578583925962448,0.9800000190734863,0.8284000158309937
YDL143W,YGL012W,0,-7.059611,0.1057744175195694,0.9800000190734863,0.828499972820282
YBR072W,YJL108C,0,-7.0597706,0.10576300323009491,0.9800000190734863,0.8285999894142151
YDR106W,YJR042W,0,-7.059905,0.10575158894062042,0.9800000190734863,0.8287000060081482
YHR176W,YFL017W-A,0,-7.0600452,0.10574018210172653,0.9800000190734863,0.8288000226020813
YIL065C,YLR342W,0,-7.0605655,0.10572877526283264,0.9800000190734863,0.8288999795913696
YER045C,YNL222W,1,-7.060853,0.10582524538040161,0.9810000061988831,0.8288999795913696
YER112W,YBL005W,0,-7.0611963,0.10581383109092712,0.9810000061988831,0.8289999961853027
YDR075W,YIL052C,0,-7.0614433,0.10580241680145264,0.9810000061988831,0.8291000127792358
YLL008W,YNR017W,0,-7.062754,0.10579100251197815,0.9810000061988831,0.829200029373169
YDR121W,YGL209W,0,-7.062806,0.10577959567308426,0.9810000061988831,0.8292999863624573
YLR129W,YDR318W,0,-7.0633035,0.10576819628477097,0.9810000061988831,0.8294000029563904
YEL009C,YMR204C,0,-7.063408,0.10575678944587708,0.9810000061988831,0.8295000195503235
YGL027C,YBR121C,0,-7.0637155,0.10574539005756378,0.9810000061988831,0.8295999765396118
YGL247W,YPL082C,0,-7.0641727,0.10573399811983109,0.9810000061988831,0.8296999931335449
YPL093W,YOL028C,0,-7.0641913,0.10572259873151779,0.9810000061988831,0.829800009727478
YJL092W,YOL124C,0,-7.064239,0.1057112067937851,0.9810000061988831,0.8299000263214111
YPL100W,YFR030W,0,-7.0643053,0.1056998148560524,0.9810000061988831,0.8299999833106995
YGL209W,YLR092W,0,-7.064838,0.1056884303689003,0.9810000061988831,0.8300999999046326
YML102W,YGR094W,0,-7.064853,0.1056770458817482,0.9810000061988831,0.8302000164985657
YCL055W,YOL027C,0,-7.0649676,0.1056656613945961,0.9810000061988831,0.830299973487854
YLR381W,YPL171C,0,-7.065295,0.1056542843580246,0.9810000061988831,0.8303999900817871
YLR238W,YJL191W,0,-7.065316,0.1056428998708725,0.9810000061988831,0.8305000066757202
YGL047W,YFR005C,0,-7.065423,0.10563153028488159,0.9810000061988831,0.8306000232696533
YEL029C,YDR451C,0,-7.065483,0.10562015324831009,0.9810000061988831,0.8306999802589417
YBL056W,YOL010W,0,-7.065484,0.10560878366231918,0.9810000061988831,0.8307999968528748
YHR171W,YDL040C,0,-7.065509,0.10559741407632828,0.9810000061988831,0.8309000134468079
YDL201W,YBR165W,0,-7.0656004,0.10558605194091797,0.9810000061988831,0.8309999704360962
YGL033W,YOR027W,0,-7.065719,0.10557468980550766,0.9810000061988831,0.8310999870300293
YOR037W,YNL110C,0,-7.0657835,0.10556332767009735,0.9810000061988831,0.8312000036239624
YER149C,YMR322C,0,-7.065871,0.10555196553468704,0.9810000061988831,0.8313000202178955
YLL042C,YOR272W,0,-7.0660844,0.10554061084985733,0.9810000061988831,0.8313999772071838
YHR142W,YER094C,0,-7.066502,0.10552926361560822,0.9810000061988831,0.8314999938011169
YDR255C,YNL310C,0,-7.066759,0.1055179089307785,0.9810000061988831,0.83160001039505
YMR041C,YHR007C,0,-7.066759,0.10550656169652939,0.9810000061988831,0.8317000269889832
YDR358W,YIL115C,0,-7.066904,0.10549521446228027,0.9810000061988831,0.8317999839782715
YNR056C,YDL099W,0,-7.067392,0.10548387467861176,0.9810000061988831,0.8319000005722046
YJL091C,YIL056W,0,-7.067794,0.10547252744436264,0.9810000061988831,0.8320000171661377
YCL051W,YPR143W,0,-7.0678062,0.10546118766069412,0.9810000061988831,0.832099974155426
YPR021C,YMR128W,0,-7.0680456,0.1054498553276062,0.9810000061988831,0.8321999907493591
YPL244C,YBR256C,0,-7.0681834,0.10543852299451828,0.9810000061988831,0.8323000073432922
YMR219W,YJL089W,0,-7.0688314,0.10542719066143036,0.9810000061988831,0.8324000239372253
YJL214W,YIL052C,0,-7.0691805,0.10541585832834244,0.9810000061988831,0.8324999809265137
YBL032W,YDR080W,0,-7.069295,0.10540453344583511,0.9810000061988831,0.8325999975204468
YPR046W,YPL032C,0,-7.069545,0.10539320856332779,0.9810000061988831,0.8327000141143799
YDL192W,YML049C,0,-7.070156,0.10538189113140106,0.9810000061988831,0.8327999711036682
YDR343C,YDL098C,0,-7.0703077,0.10537056624889374,0.9810000061988831,0.8328999876976013
YDR108W,YPR132W,0,-7.0703416,0.10535924881696701,0.9810000061988831,0.8330000042915344
YOR113W,YGL049C,0,-7.0709457,0.10534793883562088,0.9810000061988831,0.8331000208854675
YLR350W,YLL021W,0,-7.0715585,0.10533662885427475,0.9810000061988831,0.8331999778747559
YDL175C,YNR002C,0,-7.0721645,0.10532531887292862,0.9810000061988831,0.833299994468689
YPR080W,YLR010C,0,-7.0723143,0.10531400889158249,0.9810000061988831,0.8334000110626221
YLR256W,YEL060C,0,-7.0723305,0.10530270636081696,0.9810000061988831,0.8335000276565552
YMR023C,YDL084W,0,-7.072725,0.10529140383005142,0.9810000061988831,0.8335999846458435
YDL192W,YNL127W,0,-7.073564,0.10528010129928589,0.9810000061988831,0.8337000012397766
YER145C,YPL159C,0,-7.0737386,0.10526880621910095,0.9810000061988831,0.8338000178337097
YIL040W,YBR250W,0,-7.0740395,0.10525751113891602,0.9810000061988831,0.833899974822998
YHR024C,YOR351C,0,-7.074361,0.10524621605873108,0.9810000061988831,0.8339999914169312
YBL030C,YML043C,0,-7.0746937,0.10523492842912674,0.9810000061988831,0.8341000080108643
YDR096W,YOR253W,0,-7.074893,0.1052236407995224,0.9810000061988831,0.8342000246047974
YNR044W,YJR150C,0,-7.0756116,0.10521235316991806,0.9810000061988831,0.8342999815940857
YOL080C,YDL140C,0,-7.075818,0.10520107299089432,0.9810000061988831,0.8343999981880188
YDL247W,YPL253C,0,-7.075901,0.10518979281187057,0.9810000061988831,0.8345000147819519
YGL089C,YJR042W,0,-7.0762672,0.10517851263284683,0.9810000061988831,0.8345999717712402
YMR213W,YGL104C,0,-7.076391,0.10516723990440369,0.9810000061988831,0.8346999883651733
YBL024W,YOR089C,0,-7.0764246,0.10515596717596054,0.9810000061988831,0.8348000049591064
YAL055W,YNL113W,0,-7.076522,0.1051446944475174,0.9810000061988831,0.8349000215530396
YIL160C,YER005W,0,-7.077574,0.10513342916965485,0.9810000061988831,0.8349999785423279
YDR365C,YCR057C,0,-7.077675,0.1051221638917923,0.9810000061988831,0.835099995136261
YGL013C,YER082C,0,-7.077766,0.10511089861392975,0.9810000061988831,0.8352000117301941
YDR163W,YNR013C,0,-7.078482,0.1050996333360672,0.9810000061988831,0.8353000283241272
YPL046C,YEL065W,0,-7.078516,0.10508837550878525,0.9810000061988831,0.8353999853134155
YDL174C,YDR523C,0,-7.079404,0.1050771176815033,0.9810000061988831,0.8355000019073486
YHR026W,YCR061W,0,-7.079509,0.10506586730480194,0.9810000061988831,0.8356000185012817
YLR186W,YDR191W,0,-7.0795865,0.10505461692810059,0.9810000061988831,0.8356999754905701
YGR037C,YHR023W,0,-7.0797644,0.10504336655139923,0.9810000061988831,0.8357999920845032
YLR158C,YKL079W,0,-7.0807514,0.10503212362527847,0.9810000061988831,0.8359000086784363
YMR075W,YHR008C,0,-7.081052,0.10502087324857712,0.9810000061988831,0.8360000252723694
YLR381W,YNL274C,0,-7.0814505,0.10500963032245636,0.9810000061988831,0.8360999822616577
YNL283C,YLL012W,0,-7.081525,0.1049983948469162,0.9810000061988831,0.8361999988555908
YDR440W,YDR398W,0,-7.0818534,0.10498715937137604,0.9810000061988831,0.8363000154495239
YDL207W,YNR053C,0,-7.082588,0.10497592389583588,0.9810000061988831,0.8363999724388123
YPR093C,YMR292W,0,-7.0832596,0.10496468842029572,0.9810000061988831,0.8364999890327454
YDR298C,YML008C,0,-7.0838566,0.10495346039533615,0.9810000061988831,0.8366000056266785
YPR030W,YGR296W,0,-7.084072,0.10494223237037659,0.9810000061988831,0.8367000222206116
YCR106W,YBR083W,0,-7.0842104,0.10493101179599762,0.9810000061988831,0.8367999792098999
YEL060C,YPL092W,0,-7.084419,0.10491978377103806,0.9810000061988831,0.836899995803833
YGL216W,YGL171W,0,-7.0847874,0.10490856319665909,0.9810000061988831,0.8370000123977661
YNL206C,YPR074C,0,-7.085102,0.10489735007286072,0.9810000061988831,0.8371000289916992
YOR094W,YPL159C,0,-7.0851517,0.10488612949848175,0.9810000061988831,0.8371999859809875
YMR119W,YLR167W,0,-7.08529,0.10487491637468338,0.9810000061988831,0.8373000025749207
YLR081W,YNL004W,0,-7.085375,0.1048637107014656,0.9810000061988831,0.8374000191688538
YDR221W,YOR143C,0,-7.0857534,0.10485249757766724,0.9810000061988831,0.8374999761581421
YML075C,YER013W,0,-7.0858335,0.10484129190444946,0.9810000061988831,0.8375999927520752
YPR110C,YHR020W,0,-7.085854,0.10483009368181229,0.9810000061988831,0.8377000093460083
YBR294W,YPR016C,0,-7.0858903,0.10481888800859451,0.9810000061988831,0.8378000259399414
YER045C,YNL039W,1,-7.0861397,0.10491453111171722,0.9819999933242798,0.8378000259399414
YBL046W,YHR074W,0,-7.0865755,0.10490332543849945,0.9819999933242798,0.8378999829292297
YPR183W,YGR072W,0,-7.0867534,0.10489211976528168,0.9819999933242798,0.8379999995231628
YBR102C,YOR224C,0,-7.0867662,0.1048809140920639,0.9819999933242798,0.838100016117096
YKL185W,YBR091C,0,-7.086948,0.10486971586942673,0.9819999933242798,0.8381999731063843
YOR236W,YHR050W,0,-7.0869513,0.10485851764678955,0.9819999933242798,0.8382999897003174
YJL095W,YBR143C,0,-7.08706,0.10484731942415237,0.9819999933242798,0.8384000062942505
YKR085C,YDR160W,0,-7.0871124,0.1048361286520958,0.9819999933242798,0.8385000228881836
YBL013W,YGR147C,0,-7.0885754,0.10482493788003922,0.9819999933242798,0.8385999798774719
YAL012W,YKL041W,0,-7.0888147,0.10481374710798264,0.9819999933242798,0.838699996471405
YHR015W,YBR043C,0,-7.0898657,0.10480256378650665,0.9819999933242798,0.8388000130653381
YNR060W,YPR113W,0,-7.090057,0.10479138046503067,0.9819999933242798,0.8389000296592712
YJR013W,YKL166C,0,-7.0902877,0.10478019714355469,0.9819999933242798,0.8389999866485596
YDL039C,YPL012W,0,-7.0904818,0.1047690138220787,0.9819999933242798,0.8391000032424927
YGL065C,YNR053C,0,-7.0905404,0.10475783795118332,0.9819999933242798,0.8392000198364258
YGR083C,YIR019C,0,-7.090686,0.10474666953086853,0.9819999933242798,0.8392999768257141
YOR142W,YNL154C,0,-7.0912886,0.10473549365997314,0.9819999933242798,0.8393999934196472
YBL004W,YHR196W,0,-7.0916433,0.10472432523965836,0.9819999933242798,0.8395000100135803
YHL040C,YNL246W,0,-7.092412,0.10471315681934357,0.9819999933242798,0.8396000266075134
YPL021W,YHR039C,0,-7.092468,0.10470199584960938,0.9819999933242798,0.8396999835968018
YLR242C,YEL066W,0,-7.0925164,0.10469083487987518,0.9819999933242798,0.8398000001907349
YOL104C,YKR031C,0,-7.092702,0.10467967391014099,0.9819999933242798,0.839900016784668
YFR055W,YOR301W,0,-7.0927515,0.1046685129404068,0.9819999933242798,0.8399999737739563
YGL247W,YHR001W-A,0,-7.0929728,0.1046573594212532,0.9819999933242798,0.8400999903678894
YKL056C,YDR285W,0,-7.092992,0.10464620590209961,0.9819999933242798,0.8402000069618225
YER142C,YDR146C,0,-7.0950565,0.10463505238294601,0.9819999933242798,0.8403000235557556
YNR001C,YFR005C,0,-7.0963826,0.10462390631437302,0.9819999933242798,0.840399980545044
YCR024C-A,YNL279W,0,-7.097356,0.10461276024580002,0.9819999933242798,0.840499997138977
YDL079C,YDR113C,0,-7.0976067,0.10460162162780762,0.9819999933242798,0.8406000137329102
YGR193C,YMR305C,0,-7.0976233,0.10459047555923462,0.9819999933242798,0.8406999707221985
YDL174C,YGR166W,0,-7.097627,0.10457933694124222,0.9819999933242798,0.8407999873161316
YMR129W,YPL123C,0,-7.097727,0.10456820577383041,0.9819999933242798,0.8409000039100647
YHR039C,YLR396C,0,-7.097913,0.10455706715583801,0.9819999933242798,0.8410000205039978
YGL216W,YPR163C,0,-7.098366,0.10454593598842621,0.9819999933242798,0.8410999774932861
YKL093W,YBR257W,0,-7.0990596,0.104534812271595,0.9819999933242798,0.8411999940872192
YMR188C,YGR128C,0,-7.0993643,0.1045236811041832,0.9819999933242798,0.8413000106811523
YKL040C,YLR014C,0,-7.0994587,0.10451255738735199,0.9819999933242798,0.8414000272750854
YGR238C,YGL089C,0,-7.0995827,0.10450143367052078,0.9819999933242798,0.8414999842643738
YHR169W,YDR508C,0,-7.099656,0.10449031740427017,0.9819999933242798,0.8416000008583069
YJR144W,YDL014W,0,-7.099689,0.10447920113801956,0.9819999933242798,0.84170001745224
YLR109W,YLR105C,0,-7.099845,0.10446808487176895,0.9819999933242798,0.8417999744415283
YOR209C,YER162C,0,-7.100259,0.10445697605609894,0.9819999933242798,0.8418999910354614
YIL098C,YCL010C,0,-7.1003423,0.10444585978984833,0.9819999933242798,0.8420000076293945
YPR179C,YGL008C,0,-7.1006546,0.10443475842475891,0.9819999933242798,0.8421000242233276
YMR188C,YER165W,0,-7.1016893,0.1044236496090889,0.9819999933242798,0.842199981212616
YKR002W,YOL124C,0,-7.101823,0.10441254824399948,0.9819999933242798,0.8422999978065491
YPR201W,YBR072W,0,-7.1018586,0.10440144687891006,0.9819999933242798,0.8424000144004822
YBL003C,YIL066C,0,-7.101898,0.10439034551382065,0.9819999933242798,0.8424999713897705
YNL135C,YLR265C,0,-7.102439,0.10437925159931183,0.9819999933242798,0.8425999879837036
YPL200W,YDR258C,0,-7.1025753,0.10436815768480301,0.9819999933242798,0.8427000045776367
YGR144W,YHR196W,0,-7.102648,0.10435706377029419,0.9819999933242798,0.8428000211715698
YMR308C,YER018C,0,-7.103021,0.10434597730636597,0.9819999933242798,0.8428999781608582
YPL177C,YER028C,1,-7.1031914,0.10444113612174988,0.9829999804496765,0.8428999781608582
YGR262C,YDR523C,0,-7.103261,0.10443004220724106,0.9829999804496765,0.8429999947547913
YBR201W,YDR077W,0,-7.1034184,0.10441894829273224,0.9829999804496765,0.8431000113487244
YMR213W,YCL026C-A,0,-7.1034527,0.10440786182880402,0.9829999804496765,0.8432000279426575
YAL010C,YLL011W,0,-7.103711,0.1043967679142952,0.9829999804496765,0.8432999849319458
YLR259C,YNR015W,0,-7.103739,0.10438568890094757,0.9829999804496765,0.8434000015258789
YLR106C,YJR033C,0,-7.1037655,0.10437460243701935,0.9829999804496765,0.843500018119812
YPR080W,YDL217C,0,-7.103853,0.10436352342367172,0.9829999804496765,0.8435999751091003
YMR072W,YFR053C,0,-7.1041365,0.1043524444103241,0.9829999804496765,0.8436999917030334
YGR098C,YOR120W,0,-7.104268,0.10434136539697647,0.9829999804496765,0.8438000082969666
YDR158W,YKL057C,0,-7.104744,0.10433029383420944,0.9829999804496765,0.8439000248908997
YGL229C,YLR020C,0,-7.105335,0.10431922227144241,0.9829999804496765,0.843999981880188
YER020W,YLR452C,0,-7.105477,0.10430815070867538,0.9829999804496765,0.8440999984741211
YLR266C,YGL162W,0,-7.1060543,0.10429707914590836,0.9829999804496765,0.8442000150680542
YLR259C,YCR014C,0,-7.1066065,0.10428601503372192,0.9829999804496765,0.8442999720573425
YKL008C,YDR004W,0,-7.107088,0.10427495837211609,0.9829999804496765,0.8443999886512756
YGL135W,YDR293C,0,-7.1074004,0.10426389425992966,0.9829999804496765,0.8445000052452087
YNL080C,YPL135W,0,-7.107534,0.10425283759832382,0.9829999804496765,0.8446000218391418
YLR068W,YIL068C,0,-7.1076074,0.10424178093671799,0.9829999804496765,0.8446999788284302
YPR075C,YKR025W,0,-7.107661,0.10423073172569275,0.9829999804496765,0.8447999954223633
YOR085W,YLR148W,0,-7.107813,0.10421967506408691,0.9829999804496765,0.8449000120162964
YKL054C,YBR127C,0,-7.107953,0.10420862585306168,0.9829999804496765,0.8450000286102295
YNL014W,YLR043C,0,-7.108535,0.10419758409261703,0.9829999804496765,0.8450999855995178
YMR116C,YDL043C,0,-7.1092863,0.1041865423321724,0.9829999804496765,0.8452000021934509
YAR015W,YOL013C,0,-7.1096416,0.10417550057172775,0.9829999804496765,0.845300018787384
YDR277C,YML064C,0,-7.1098437,0.10416445881128311,0.9829999804496765,0.8453999757766724
YKL029C,YLR268W,0,-7.1099024,0.10415342450141907,0.9829999804496765,0.8454999923706055
YKL182W,YJL204C,0,-7.110448,0.10414239019155502,0.9829999804496765,0.8456000089645386
YJR092W,YPL119C,0,-7.1105795,0.10413135588169098,0.9829999804496765,0.8457000255584717
YOL149W,YDR284C,0,-7.11062,0.10412032902240753,0.9829999804496765,0.84579998254776
YAR033W,YLR249W,0,-7.111148,0.10410930216312408,0.9829999804496765,0.8458999991416931
YCR048W,YKL220C,0,-7.111196,0.10409827530384064,0.9829999804496765,0.8460000157356262
YIL070C,YBR154C,0,-7.1120224,0.10408724844455719,0.9829999804496765,0.8460999727249146
YDL178W,YGR192C,0,-7.112543,0.10407622903585434,0.9829999804496765,0.8461999893188477
YLR347C,YLR197W,0,-7.11392,0.10406520962715149,0.9829999804496765,0.8463000059127808
YKL013C,YBR060C,0,-7.114208,0.10405419766902924,0.9829999804496765,0.8464000225067139
YPL008W,YNL135C,0,-7.114228,0.10404318571090698,0.9829999804496765,0.8464999794960022
YHR061C,YKL068W,0,-7.114321,0.10403217375278473,0.9829999804496765,0.8465999960899353
YPL271W,YBR152W,0,-7.1148763,0.10402116179466248,0.9829999804496765,0.8467000126838684
YNL133C,YLL040C,0,-7.1149282,0.10401015728712082,0.9829999804496765,0.8468000292778015
YDR123C,YNL082W,0,-7.1149726,0.10399915277957916,0.9829999804496765,0.8468999862670898
YHR171W,YBL071W-A,0,-7.1156826,0.1039881482720375,0.9829999804496765,0.847000002861023
YMR101C,YOR332W,0,-7.11569,0.10397715121507645,0.9829999804496765,0.847100019454956
YNL065W,YGR044C,0,-7.1157503,0.10396615415811539,0.9829999804496765,0.8471999764442444
YER088C,YHR030C,0,-7.1160536,0.10395515710115433,0.9829999804496765,0.8472999930381775
YMR008C,YGR095C,0,-7.11609,0.10394416749477386,0.9829999804496765,0.8474000096321106
YGR175C,YPR083W,0,-7.116787,0.1039331778883934,0.9829999804496765,0.8475000262260437
YLR377C,YOR032C,0,-7.117068,0.10392218828201294,0.9829999804496765,0.847599983215332
YNL147W,YDL039C,0,-7.1172857,0.10391120612621307,0.9829999804496765,0.8476999998092651
YPL271W,YBR289W,0,-7.1181574,0.10390022397041321,0.9829999804496765,0.8478000164031982
YNL257C,YER148W,1,-7.1184483,0.1039949283003807,0.984000027179718,0.8478000164031982
YDR085C,YKL173W,0,-7.1191854,0.10398393869400024,0.984000027179718,0.8478999733924866
YNL136W,YCL040W,0,-7.1192408,0.10397294908761978,0.984000027179718,0.8479999899864197
YFL041W,YFR009W,0,-7.1192923,0.10396196693181992,0.984000027179718,0.8481000065803528
YGL061C,YDR247W,0,-7.119428,0.10395098477602005,0.984000027179718,0.8482000231742859
YDL140C,YEL051W,0,-7.119766,0.10394000262022018,0.984000027179718,0.8482999801635742
YKL004W,YHR065C,0,-7.1202927,0.10392902046442032,0.984000027179718,0.8483999967575073
YDR364C,YIL051C,0,-7.120901,0.10391804575920105,0.984000027179718,0.8485000133514404
YGL037C,YJL004C,0,-7.1213274,0.10390707850456238,0.984000027179718,0.8485999703407288
YAL059W,YJL222W,0,-7.121459,0.10389610379934311,0.984000027179718,0.8486999869346619
YMR276W,YJR110W,0,-7.121537,0.10388513654470444,0.984000027179718,0.848800003528595
YKR068C,YIL155C,0,-7.122694,0.10387416929006577,0.984000027179718,0.8489000201225281
YHR129C,YBL051C,0,-7.1231046,0.1038632020354271,0.984000027179718,0.8489999771118164
YLR023C,YPL208W,0,-7.1233206,0.10385224223136902,0.984000027179718,0.8490999937057495
YLR208W,YHR138C,0,-7.1233873,0.10384128242731094,0.984000027179718,0.8492000102996826
YHR068W,YBR097W,0,-7.1239033,0.10383032262325287,0.984000027179718,0.8493000268936157
YFL025C,YJL164C,0,-7.125257,0.10381937026977539,0.984000027179718,0.849399983882904
YDL024C,YHR160C,0,-7.126822,0.10380841791629791,0.984000027179718,0.8495000004768372
YJR084W,YLR221C,0,-7.1268635,0.10379746556282043,0.984000027179718,0.8496000170707703
YMR204C,YJL148W,0,-7.1268864,0.10378652065992355,0.984000027179718,0.8496999740600586
YGR247W,YKR060W,0,-7.1272492,0.10377557575702667,0.984000027179718,0.8497999906539917
YER035W,YOR103C,0,-7.1277065,0.10376463085412979,0.984000027179718,0.8499000072479248
YLR158C,YCL008C,0,-7.1285286,0.10375369340181351,0.984000027179718,0.8500000238418579
YDL002C,YHR197W,0,-7.1286173,0.10374274849891663,0.984000027179718,0.8500999808311462
YMR143W,YNL304W,0,-7.128894,0.10373181849718094,0.984000027179718,0.8501999974250793
YBR021W,YGR193C,0,-7.128895,0.10372088104486465,0.984000027179718,0.8503000140190125
YML060W,YGL094C,0,-7.1290035,0.10370995104312897,0.984000027179718,0.8503999710083008
YMR015C,YBL016W,0,-7.1296463,0.10369902104139328,0.984000027179718,0.8504999876022339
YOL066C,YBR280C,0,-7.1305766,0.10368809103965759,0.984000027179718,0.850600004196167
YMR186W,YJR010C-A,0,-7.130666,0.1036771684885025,0.984000027179718,0.8507000207901001
YFL009W,YGL158W,0,-7.1306667,0.10366624593734741,0.984000027179718,0.8507999777793884
YFL023W,YKL054C,0,-7.131226,0.10365532338619232,0.984000027179718,0.8508999943733215
YPL095C,YMR146C,0,-7.13191,0.10364440828561783,0.984000027179718,0.8510000109672546
YML075C,YOR056C,0,-7.1326475,0.10363349318504333,0.984000027179718,0.8511000275611877
YHR129C,YGR180C,0,-7.13286,0.10362257808446884,0.984000027179718,0.8511999845504761
YGR247W,YFL002C,0,-7.1335115,0.10361167043447495,0.984000027179718,0.8513000011444092
YBR042C,YMR128W,0,-7.1341696,0.10360075533390045,0.984000027179718,0.8514000177383423
YIL142W,YGR268C,0,-7.1341805,0.10358985513448715,0.984000027179718,0.8514999747276306
YNR067C,YER118C,0,-7.1343627,0.10357894748449326,0.984000027179718,0.8515999913215637
YBR083W,YGL096W,0,-7.134479,0.10356804728507996,0.984000027179718,0.8517000079154968
YIL019W,YAL025C,0,-7.134559,0.10355714708566666,0.984000027179718,0.8518000245094299
YNR019W,YOL115W,0,-7.134842,0.10354624688625336,0.984000027179718,0.8518999814987183
YAL059W,YGL257C,0,-7.134941,0.10353535413742065,0.984000027179718,0.8519999980926514
YGL005C,YGL255W,0,-7.1349764,0.10352446138858795,0.984000027179718,0.8521000146865845
YMR207C,YGL162W,0,-7.135376,0.10351356863975525,0.984000027179718,0.8521999716758728
YLR303W,YKL035W,0,-7.135688,0.10350268334150314,0.984000027179718,0.8522999882698059
YBR298C,YGL053W,0,-7.1361437,0.10349179804325104,0.984000027179718,0.852400004863739
YGR267C,YOR267C,0,-7.1362524,0.10348091274499893,0.984000027179718,0.8525000214576721
YIL098C,YJR097W,0,-7.1365147,0.10347003489732742,0.984000027179718,0.8525999784469604
YHR124W,YKL166C,0,-7.1370635,0.10345914959907532,0.984000027179718,0.8526999950408936
YDR446W,YDR037W,0,-7.1375046,0.1034482792019844,0.984000027179718,0.8528000116348267
YOR080W,YPR182W,0,-7.138816,0.1034374013543129,0.984000027179718,0.8529000282287598
YAR019C,YNL093W,0,-7.139371,0.10342653095722198,0.984000027179718,0.8529999852180481
YGR166W,YBR154C,0,-7.1397915,0.10341566056013107,0.984000027179718,0.8531000018119812
YNR044W,YJL030W,0,-7.1399384,0.10340479016304016,0.984000027179718,0.8532000184059143
YOR120W,YJL026W,0,-7.1401224,0.10339392721652985,0.984000027179718,0.8532999753952026
YNL042W,YCR091W,0,-7.1401377,0.10338306427001953,0.984000027179718,0.8533999919891357
YLR429W,YER002W,0,-7.141099,0.10337220132350922,0.984000027179718,0.8535000085830688
YNR044W,YFL018C,0,-7.1417475,0.1033613458275795,0.984000027179718,0.853600025177002
YGL180W,YOR281C,0,-7.1420393,0.10335049033164978,0.984000027179718,0.8536999821662903
YPR112C,YJR010C-A,0,-7.142358,0.10333963483572006,0.984000027179718,0.8537999987602234
YJR053W,YNL274C,0,-7.1423864,0.10332877933979034,0.984000027179718,0.8539000153541565
YER036C,YBR188C,0,-7.1425037,0.10331793129444122,0.984000027179718,0.8539999723434448
YLR023C,YKL080W,0,-7.1425295,0.1033070832490921,0.984000027179718,0.8540999889373779
YKL007W,YER126C,0,-7.1427693,0.10329624265432358,0.984000027179718,0.854200005531311
YNL312W,YMR093W,0,-7.1428323,0.10328540205955505,0.984000027179718,0.8543000221252441
YGL063W,YDR469W,0,-7.143207,0.10327456146478653,0.984000027179718,0.8543999791145325
YIR041W,YOR340C,0,-7.143758,0.103263720870018,0.984000027179718,0.8544999957084656
YEL034W,YCR106W,0,-7.144381,0.10325288772583008,0.984000027179718,0.8546000123023987
YDR345C,YBR231C,0,-7.1443963,0.10324205458164215,0.984000027179718,0.8547000288963318
YER012W,YNL002C,0,-7.144713,0.10323122143745422,0.984000027179718,0.8547999858856201
YDR384C,YOR304W,0,-7.1455264,0.1032203957438469,0.984000027179718,0.8549000024795532
YAL059W,YEL032W,0,-7.1455746,0.10320956259965897,0.984000027179718,0.8550000190734863
YEL071W,YOL065C,0,-7.145702,0.10319874435663223,0.984000027179718,0.8550999760627747
YDL051W,YOR354C,0,-7.145816,0.1031879186630249,0.984000027179718,0.8551999926567078
YGL001C,YFR037C,0,-7.145939,0.10317710041999817,0.984000027179718,0.8553000092506409
YKL026C,YMR188C,0,-7.146212,0.10316628217697144,0.984000027179718,0.855400025844574
YML046W,YLL012W,0,-7.1463785,0.1031554639339447,0.984000027179718,0.8554999828338623
YOL017W,YLR193C,0,-7.146499,0.10314465314149857,0.984000027179718,0.8555999994277954
YER045C,YPL129W,1,-7.147138,0.10323865711688995,0.9850000143051147,0.8555999994277954
YBL102W,YPR016C,0,-7.1476965,0.10322783142328262,0.9850000143051147,0.8557000160217285
YHR092C,YHR196W,0,-7.1485963,0.10321702063083649,0.9850000143051147,0.8557999730110168
YPL237W,YDL128W,0,-7.1487894,0.10320620238780975,0.9850000143051147,0.85589998960495
YPL061W,YGR048W,0,-7.1492414,0.10319539159536362,0.9850000143051147,0.8560000061988831
YLR047C,YLL034C,0,-7.1492558,0.10318458080291748,0.9850000143051147,0.8561000227928162
YNL325C,YBR082C,0,-7.1494174,0.10317377001047134,0.9850000143051147,0.8561999797821045
YNR056C,YLR328W,0,-7.1499653,0.1031629666686058,0.9850000143051147,0.8562999963760376
YIL044C,YDL085W,0,-7.150278,0.10315216332674026,0.9850000143051147,0.8564000129699707
YLR201C,YOR260W,0,-7.1503696,0.10314135998487473,0.9850000143051147,0.8565000295639038
YLL026W,YOR191W,0,-7.150605,0.10313056409358978,0.9850000143051147,0.8565999865531921
YOR034C,YPR182W,0,-7.1507583,0.10311976820230484,0.9850000143051147,0.8567000031471252
YJR105W,YAL032C,0,-7.1511726,0.1031089723110199,0.9850000143051147,0.8568000197410583
YBR257W,YMR308C,0,-7.1522493,0.10309817641973495,0.9850000143051147,0.8568999767303467
YMR207C,YML123C,0,-7.1526937,0.10308738797903061,0.9850000143051147,0.8569999933242798
YHR007C,YJL208C,0,-7.1528378,0.10307659953832626,0.9850000143051147,0.8571000099182129
YNR001C,YGL241W,0,-7.1528807,0.10306581854820251,0.9850000143051147,0.857200026512146
YDR412W,YJR007W,0,-7.1529026,0.10305503010749817,0.9850000143051147,0.8572999835014343
YDR270W,YJL091C,0,-7.153258,0.10304424911737442,0.9850000143051147,0.8574000000953674
YFR046C,YKL009W,0,-7.1536064,0.10303347557783127,0.9850000143051147,0.8575000166893005
YKL016C,YHR096C,0,-7.154152,0.10302269458770752,0.9850000143051147,0.8575999736785889
YNR067C,YOL009C,0,-7.154979,0.10301192104816437,0.9850000143051147,0.857699990272522
YGR268C,YMR234W,0,-7.15508,0.10300114750862122,0.9850000143051147,0.8578000068664551
YOR020C,YLR055C,0,-7.1561556,0.10299038141965866,0.9850000143051147,0.8579000234603882
YBR008C,YDR098C,0,-7.156184,0.1029796153306961,0.9850000143051147,0.8579999804496765
YDR251W,YLR448W,0,-7.157302,0.10296884924173355,0.9850000143051147,0.8580999970436096
YER145C,YMR272C,0,-7.158167,0.102958083152771,0.9850000143051147,0.8582000136375427
YDR297W,YOR004W,0,-7.158568,0.10294732451438904,0.9850000143051147,0.858299970626831
YLR044C,YGR253C,0,-7.15875,0.10293656587600708,0.9850000143051147,0.8583999872207642
YKL139W,YER054C,0,-7.1589384,0.10292580723762512,0.9850000143051147,0.8585000038146973
YNR023W,YIL023C,0,-7.160058,0.10291505604982376,0.9850000143051147,0.8586000204086304
YGR212W,YDR449C,0,-7.1602116,0.1029043048620224,0.9850000143051147,0.8586999773979187
YDR174W,YOR027W,0,-7.1608763,0.10289355367422104,0.9850000143051147,0.8587999939918518
YKL201C,YBL061C,0,-7.1609316,0.10288280993700027,0.9850000143051147,0.8589000105857849
YJR137C,YKR060W,0,-7.1615486,0.10287206619977951,0.9850000143051147,0.859000027179718
YGL143C,YNL283C,0,-7.161621,0.10286132246255875,0.9850000143051147,0.8590999841690063
YLR074C,YBL007C,0,-7.16204,0.10285057872533798,0.9850000143051147,0.8592000007629395
YPL204W,YDL130W-A,0,-7.1620545,0.10283984243869781,0.9850000143051147,0.8593000173568726
YBL069W,YMR190C,0,-7.1621175,0.10282910615205765,0.9850000143051147,0.8593999743461609
YDR398W,YNL044W,0,-7.1633735,0.10281836986541748,0.9850000143051147,0.859499990940094
YNR017W,YLR324W,0,-7.1635666,0.10280764102935791,0.9850000143051147,0.8596000075340271
YGL016W,YPR080W,0,-7.1641884,0.10279691219329834,0.9850000143051147,0.8597000241279602
YAR033W,YAL005C,0,-7.164809,0.10278618335723877,0.9850000143051147,0.8597999811172485
YKL114C,YOR206W,0,-7.164959,0.1027754619717598,0.9850000143051147,0.8598999977111816
YGL219C,YGL106W,0,-7.165102,0.10276473313570023,0.9850000143051147,0.8600000143051147
YER106W,YCR012W,0,-7.165254,0.10275401920080185,0.9850000143051147,0.8600999712944031
YDL101C,YCR057C,0,-7.1660914,0.10274329781532288,0.9850000143051147,0.8601999878883362
YPL265W,YGR119C,0,-7.166401,0.1027325838804245,0.9850000143051147,0.8603000044822693
YER036C,YCR057C,0,-7.1666474,0.10272186994552612,0.9850000143051147,0.8604000210762024
YJL219W,YOR001W,0,-7.166875,0.10271115601062775,0.9850000143051147,0.8604999780654907
YDL142C,YDR446W,0,-7.167296,0.10270044952630997,0.9850000143051147,0.8605999946594238
YJL071W,YJR070C,0,-7.168347,0.10268974304199219,0.9850000143051147,0.8607000112533569
YER045C,YPL202C,1,-7.1688213,0.10278327763080597,0.9860000014305115,0.8607000112533569
YDR365C,YOR307C,0,-7.1696486,0.10277256369590759,0.9860000014305115,0.86080002784729
YAR033W,YGL111W,0,-7.169958,0.10276185721158981,0.9860000014305115,0.8608999848365784
YLR376C,YIL053W,0,-7.1700945,0.10275114327669144,0.9860000014305115,0.8610000014305115
YNL245C,YML008C,0,-7.170457,0.10274043679237366,0.9860000014305115,0.8611000180244446
YNR057C,YBR276C,0,-7.1711054,0.10272973775863647,0.9860000014305115,0.8611999750137329
YML075C,YDR091C,0,-7.171977,0.1027190312743187,0.9860000014305115,0.861299991607666
YCL026C-A,YNL291C,0,-7.1720533,0.10270833224058151,0.9860000014305115,0.8614000082015991
YNR002C,YDL161W,0,-7.1724043,0.10269763320684433,0.9860000014305115,0.8615000247955322
YHR096C,YPL117C,0,-7.1725683,0.10268694162368774,0.9860000014305115,0.8615999817848206
YJR070C,YBR289W,0,-7.1726346,0.10267625004053116,0.9860000014305115,0.8616999983787537
YKR066C,YOR253W,0,-7.1729636,0.10266555845737457,0.9860000014305115,0.8618000149726868
YPL242C,YBR162C,0,-7.173177,0.10265486687421799,0.9860000014305115,0.8618999719619751
YAL053W,YMR097C,0,-7.173308,0.102644182741642,0.9860000014305115,0.8619999885559082
YNL027W,YEL027W,0,-7.1735134,0.10263349860906601,0.9860000014305115,0.8621000051498413
YER045C,YOL067C,1,-7.1738157,0.10272689163684845,0.9869999885559082,0.8621000051498413
YGL008C,YGR085C,0,-7.1738253,0.10271620005369186,0.9869999885559082,0.8622000217437744
YOR267C,YEL020W-A,0,-7.174271,0.10270551592111588,0.9869999885559082,0.8622999787330627
YMR030W,YDL235C,0,-7.1745768,0.10269483178853989,0.9869999885559082,0.8623999953269958
YBL009W,YGR264C,0,-7.174839,0.1026841476559639,0.9869999885559082,0.862500011920929
YNL241C,YMR293C,0,-7.175313,0.10267346352338791,0.9869999885559082,0.8626000285148621
YLR167W,YOR007C,0,-7.1760645,0.10266278684139252,0.9869999885559082,0.8626999855041504
YJR150C,YOR204W,0,-7.176155,0.10265210270881653,0.9869999885559082,0.8628000020980835
YPL267W,YPL110C,0,-7.1771994,0.10264143347740173,0.9869999885559082,0.8629000186920166
YBR039W,YLR320W,0,-7.177495,0.10263075679540634,0.9869999885559082,0.8629999756813049
YKL190W,YGR245C,0,-7.1777945,0.10262008756399155,0.9869999885559082,0.863099992275238
YDR507C,YNL037C,0,-7.177852,0.10260941833257675,0.9869999885559082,0.8632000088691711
YGR083C,YDR451C,0,-7.1780453,0.10259874910116196,0.9869999885559082,0.8633000254631042
YER075C,YPR080W,0,-7.1780615,0.10258808732032776,0.9869999885559082,0.8633999824523926
YER045C,YER148W,1,-7.1781597,0.10268135368824005,0.9879999756813049,0.8633999824523926
YNL270C,YIR012W,0,-7.1786532,0.10267068445682526,0.9879999756813049,0.8634999990463257
YBR200W,YKR081C,0,-7.1787286,0.10266001522541046,0.9879999756813049,0.8636000156402588
YPR057W,YOL020W,0,-7.179188,0.10264935344457626,0.9879999756813049,0.8636999726295471
YOR206W,YBR250W,0,-7.179245,0.10263868421316147,0.9879999756813049,0.8637999892234802
YBR035C,YIL160C,0,-7.1797075,0.10262802243232727,0.9879999756813049,0.8639000058174133
YMR072W,YNL085W,0,-7.179878,0.10261736810207367,0.9879999756813049,0.8640000224113464
YGR123C,YML001W,0,-7.1812167,0.10260670632123947,0.9879999756813049,0.8640999794006348
YPL021W,YDR429C,0,-7.1812754,0.10259605199098587,0.9879999756813049,0.8641999959945679
YGL111W,YMR101C,0,-7.1814365,0.10258539766073227,0.9879999756813049,0.864300012588501
YBR244W,YNL202W,0,-7.181983,0.10257475078105927,0.9879999756813049,0.8644000291824341
YML092C,YJL204C,0,-7.1820865,0.10256410390138626,0.9879999756813049,0.8644999861717224
YOR030W,YJR073C,0,-7.182279,0.10255345702171326,0.9879999756813049,0.8646000027656555
YDL017W,YKL026C,0,-7.1824403,0.10254281014204025,0.9879999756813049,0.8647000193595886
YLR129W,YCR028C,0,-7.183093,0.10253217071294785,0.9879999756813049,0.864799976348877
YER103W,YNL088W,0,-7.184574,0.10252153128385544,0.9879999756813049,0.8648999929428101
YJR158W,YOR270C,0,-7.184793,0.10251089185476303,0.9879999756813049,0.8650000095367432
YPL069C,YBR050C,0,-7.1848097,0.10250025987625122,0.9879999756813049,0.8651000261306763
YJL061W,YGR080W,0,-7.184958,0.10248962789773941,0.9879999756813049,0.8651999831199646
YML052W,YBR058C,0,-7.1859593,0.1024789959192276,0.9879999756813049,0.8652999997138977
YBL026W,YGR141W,0,-7.1860247,0.10246836394071579,0.9879999756813049,0.8654000163078308
YGL078C,YPL094C,0,-7.186103,0.10245773941278458,0.9879999756813049,0.8654999732971191
YKL049C,YOR185C,0,-7.1869583,0.10244711488485336,0.9879999756813049,0.8655999898910522
YDR503C,YHR160C,0,-7.187066,0.10243649780750275,0.9879999756813049,0.8657000064849854
YFR019W,YGR159C,0,-7.1877203,0.10242587327957153,0.9879999756813049,0.8658000230789185
YJL094C,YJL121C,0,-7.187788,0.10241525620222092,0.9879999756813049,0.8658999800682068
YER045C,YOR194C,1,-7.187996,0.1025082916021347,0.9890000224113464,0.8658999800682068
YPL091W,YNL207W,0,-7.188096,0.10249766707420349,0.9890000224113464,0.8659999966621399
YHR094C,YDR456W,0,-7.18831,0.10248704999685287,0.9890000224113464,0.866100013256073
YGL223C,YML075C,0,-7.1885176,0.10247642546892166,0.9890000224113464,0.8661999702453613
YLR401C,YDR329C,0,-7.1896725,0.10246580839157104,0.9890000224113464,0.8662999868392944
YCR044C,YMR101C,0,-7.190113,0.10245519876480103,0.9890000224113464,0.8664000034332275
YKL046C,YPL012W,0,-7.190152,0.10244458168745041,0.9890000224113464,0.8665000200271606
YDL024C,YGR008C,0,-7.1907268,0.10243397206068039,0.9890000224113464,0.866599977016449
YLL034C,YDL081C,0,-7.191289,0.10242336243391037,0.9890000224113464,0.8666999936103821
YOL164W,YGR041W,0,-7.191318,0.10241276025772095,0.9890000224113464,0.8668000102043152
YOL051W,YOR253W,0,-7.1916666,0.10240215063095093,0.9890000224113464,0.8669000267982483
YBR059C,YLR411W,0,-7.191887,0.1023915484547615,0.9890000224113464,0.8669999837875366
YER126C,YGR074W,0,-7.1920366,0.10238095372915268,0.9890000224113464,0.8671000003814697
YLR068W,YKL043W,0,-7.1924195,0.10237035155296326,0.9890000224113464,0.8672000169754028
YDL195W,YLL011W,0,-7.1925545,0.10235975682735443,0.9890000224113464,0.8672999739646912
YAL012W,YGR296W,0,-7.1927795,0.1023491695523262,0.9890000224113464,0.8673999905586243
YEL003W,YPL176C,0,-7.1928287,0.10233857482671738,0.9890000224113464,0.8675000071525574
YML094W,YHL006C,0,-7.1929836,0.10232798755168915,0.9890000224113464,0.8676000237464905
YPL092W,YJL054W,0,-7.193503,0.10231740027666092,0.9890000224113464,0.8676999807357788
YGL053W,YGR094W,0,-7.1939926,0.10230682045221329,0.9890000224113464,0.8677999973297119
YDR228C,YCL033C,0,-7.1941237,0.10229623317718506,0.9890000224113464,0.867900013923645
YEL016C,YEL060C,0,-7.1947904,0.10228565335273743,0.9890000224113464,0.8679999709129333
YML060W,YPL012W,0,-7.1949406,0.10227508097887039,0.9890000224113464,0.8680999875068665
YNL328C,YGL209W,0,-7.1955523,0.10226450115442276,0.9890000224113464,0.8682000041007996
YNL117W,YBL033C,0,-7.196007,0.10225392878055573,0.9890000224113464,0.8683000206947327
YJL122W,YIL122W,0,-7.196868,0.10224335640668869,0.9890000224113464,0.868399977684021
YJL014W,YGR209C,0,-7.1969275,0.10223279148340225,0.9890000224113464,0.8684999942779541
YMR204C,YOL127W,0,-7.196973,0.10222221910953522,0.9890000224113464,0.8686000108718872
YBR004C,YGL181W,0,-7.197391,0.10221165418624878,0.9890000224113464,0.8687000274658203
YJL209W,YDL198C,0,-7.1974077,0.10220109671354294,0.9890000224113464,0.8687999844551086
YKR034W,YCR077C,0,-7.1975465,0.1021905317902565,0.9890000224113464,0.8689000010490417
YNL065W,YLL040C,0,-7.197859,0.10217997431755066,0.9890000224113464,0.8690000176429749
YBL016W,YDR080W,0,-7.1978974,0.10216942429542542,0.9890000224113464,0.8690999746322632
YGL021W,YMR322C,0,-7.198234,0.10215886682271957,0.9890000224113464,0.8691999912261963
YER168C,YHR175W,0,-7.1984344,0.10214831680059433,0.9890000224113464,0.8693000078201294
YJL102W,YGR074W,0,-7.198481,0.10213776677846909,0.9890000224113464,0.8694000244140625
YJL072C,YDR255C,0,-7.1991196,0.10212721675634384,0.9890000224113464,0.8694999814033508
YHR082C,YBR066C,0,-7.1994195,0.1021166741847992,0.9890000224113464,0.8695999979972839
YHR065C,YNR046W,0,-7.2001696,0.10210613161325455,0.9890000224113464,0.869700014591217
YBR050C,YGR095C,0,-7.2005568,0.1020955890417099,0.9890000224113464,0.8697999715805054
YPL100W,YAR008W,0,-7.2010827,0.10208505392074585,0.9890000224113464,0.8698999881744385
YDR140W,YBR154C,0,-7.201931,0.1020745187997818,0.9890000224113464,0.8700000047683716
YER062C,YGR239C,0,-7.202034,0.10206398367881775,0.9890000224113464,0.8701000213623047
YDR151C,YCL044C,0,-7.202144,0.1020534485578537,0.9890000224113464,0.870199978351593
YDL231C,YPR163C,0,-7.203556,0.10204292088747025,0.9890000224113464,0.8702999949455261
YBR257W,YGL137W,0,-7.203824,0.10203239321708679,0.9890000224113464,0.8704000115394592
YPL021W,YDR492W,0,-7.2038574,0.10202186554670334,0.9890000224113464,0.8705000281333923
YGL183C,YBL004W,0,-7.204213,0.10201134532690048,0.9890000224113464,0.8705999851226807
YFL010W-A,YLR107W,0,-7.2042418,0.10200082510709763,0.9890000224113464,0.8707000017166138
YDL079C,YDR416W,0,-7.2044473,0.10199030488729477,0.9890000224113464,0.8708000183105469
YHL036W,YOR127W,0,-7.2047215,0.10197979211807251,0.9890000224113464,0.8708999752998352
YHR094C,YKL057C,0,-7.204813,0.10196927189826965,0.9890000224113464,0.8709999918937683
YGL195W,YDR501W,0,-7.204917,0.10195876657962799,0.9890000224113464,0.8711000084877014
YOL020W,YPR080W,0,-7.2052255,0.10194825381040573,0.9890000224113464,0.8712000250816345
YDR113C,YNL093W,0,-7.2068586,0.10193774849176407,0.9890000224113464,0.8712999820709229
YLR028C,YHR069C,0,-7.2068815,0.10192723572254181,0.9890000224113464,0.871399998664856
YNR053C,YBR093C,0,-7.208157,0.10191673785448074,0.9890000224113464,0.8715000152587891
YER178W,YPR137W,0,-7.2085843,0.10190623253583908,0.9890000224113464,0.8715999722480774
YNR030W,YGR072W,0,-7.208782,0.10189573466777802,0.9890000224113464,0.8716999888420105
YML099C,YJL148W,0,-7.208826,0.10188523679971695,0.9890000224113464,0.8718000054359436
YDR231C,YOR047C,0,-7.2090564,0.10187473893165588,0.9890000224113464,0.8719000220298767
YJR047C,YLR226W,0,-7.209385,0.10186424851417542,0.9890000224113464,0.871999979019165
YLR109W,YIL117C,0,-7.209891,0.10185375809669495,0.9890000224113464,0.8720999956130981
YOR250C,YDR277C,0,-7.2104645,0.10184326767921448,0.9890000224113464,0.8722000122070312
YMR056C,YDR113C,0,-7.2104893,0.1018327847123146,0.9890000224113464,0.8723000288009644
YAL024C,YGR239C,0,-7.2109528,0.10182230174541473,0.9890000224113464,0.8723999857902527
YOR168W,YDR451C,0,-7.211228,0.10181181877851486,0.9890000224113464,0.8725000023841858
YMR168C,YKL099C,0,-7.212268,0.10180133581161499,0.9890000224113464,0.8726000189781189
YNR074C,YHR055C,0,-7.2123547,0.10179086029529572,0.9890000224113464,0.8726999759674072
YLR158C,YDL024C,0,-7.213132,0.10178038477897644,0.9890000224113464,0.8727999925613403
YKR026C,YMR070W,0,-7.2131844,0.10176990926265717,0.9890000224113464,0.8729000091552734
YMR138W,YEL027W,0,-7.2132597,0.10175944119691849,0.9890000224113464,0.8730000257492065
YAR015W,YPL153C,0,-7.21329,0.10174897313117981,0.9890000224113464,0.8730999827384949
YLR411W,YGR059W,0,-7.2135506,0.10173850506544113,0.9890000224113464,0.873199999332428
YOR204W,YHR006W,0,-7.21375,0.10172803699970245,0.9890000224113464,0.8733000159263611
YNL325C,YGR195W,0,-7.2139454,0.10171757638454437,0.9890000224113464,0.8733999729156494
YGR180C,YPR137W,0,-7.2142024,0.10170711576938629,0.9890000224113464,0.8734999895095825
YHR176W,YEL022W,0,-7.2142715,0.10169665515422821,0.9890000224113464,0.8736000061035156
YGR195W,YLR354C,0,-7.214818,0.10168620198965073,0.9890000224113464,0.8737000226974487
YNL272C,YML028W,0,-7.2155075,0.10167574882507324,0.9890000224113464,0.8737999796867371
YMR080C,YNL044W,0,-7.2156057,0.10166529566049576,0.9890000224113464,0.8738999962806702
YPR102C,YBR250W,0,-7.215814,0.10165484994649887,0.9890000224113464,0.8740000128746033
YBL042C,YMR022W,0,-7.2159734,0.10164439678192139,0.9890000224113464,0.8741000294685364
YHR114W,YGR128C,0,-7.2161,0.1016339510679245,0.9890000224113464,0.8741999864578247
YKL191W,YLR450W,0,-7.2162824,0.10162351280450821,0.9890000224113464,0.8743000030517578
YGR289C,YNL250W,0,-7.2163887,0.10161306709051132,0.9890000224113464,0.8744000196456909
YDR075W,YGR118W,0,-7.2165713,0.10160262882709503,0.9890000224113464,0.8744999766349792
YLR095C,YOR294W,0,-7.2166424,0.10159219056367874,0.9890000224113464,0.8745999932289124
YNL118C,YJR009C,0,-7.216687,0.10158175975084305,0.9890000224113464,0.8747000098228455
YDL165W,YDR345C,0,-7.2168684,0.10157132893800735,0.9890000224113464,0.8748000264167786
YOL002C,YML027W,0,-7.217286,0.10156089812517166,0.9890000224113464,0.8748999834060669
YOR260W,YER162C,0,-7.2173505,0.10155046731233597,0.9890000224113464,0.875
YGR229C,YJL052W,0,-7.2176437,0.10154004395008087,0.9890000224113464,0.8751000165939331
YBL016W,YHR083W,0,-7.2176714,0.10152962058782578,0.9890000224113464,0.8751999735832214
YNR072W,YDL051W,0,-7.2192216,0.10151919722557068,0.9890000224113464,0.8752999901771545
YER021W,YPR137W,0,-7.2193093,0.10150877386331558,0.9890000224113464,0.8754000067710876
YAL034W-A,YOL127W,0,-7.220238,0.10149835795164108,0.9890000224113464,0.8755000233650208
YER062C,YMR067C,0,-7.22114,0.10148794203996658,0.9890000224113464,0.8755999803543091
YPL202C,YKL058W,1,-7.2217426,0.10158013552427292,0.9900000095367432,0.8755999803543091
YER056C,YDR080W,0,-7.222447,0.10156971216201782,0.9900000095367432,0.8756999969482422
YDL138W,YOL143C,0,-7.222497,0.10155929625034332,0.9900000095367432,0.8758000135421753
YOR206W,YKL041W,0,-7.2225313,0.10154888033866882,0.9900000095367432,0.8758999705314636
YDL059C,YOL010W,0,-7.2227964,0.10153846442699432,0.9900000095367432,0.8759999871253967
YHR124W,YBL051C,0,-7.223386,0.10152804851531982,0.9900000095367432,0.8761000037193298
YPL265W,YBR009C,0,-7.2236805,0.10151764005422592,0.9900000095367432,0.8762000203132629
YDL207W,YER052C,0,-7.2246823,0.10150723159313202,0.9900000095367432,0.8762999773025513
YDR337W,YLR044C,0,-7.2247534,0.10149682313203812,0.9900000095367432,0.8763999938964844
YLR109W,YOR295W,0,-7.225026,0.10148641467094421,0.9900000095367432,0.8765000104904175
YLR182W,YLR435W,0,-7.2251997,0.10147601366043091,0.9900000095367432,0.8766000270843506
YMR138W,YDR284C,0,-7.2286315,0.1014656126499176,0.9900000095367432,0.8766999840736389
YOR136W,YMR177W,0,-7.229208,0.1014552190899849,0.9900000095367432,0.876800000667572
YPL146C,YJL108C,0,-7.2295456,0.10144481807947159,0.9900000095367432,0.8769000172615051
YDR412W,YJL222W,0,-7.2299395,0.10143442451953888,0.9900000095367432,0.8769999742507935
YFR001W,YGL022W,0,-7.230553,0.10142403095960617,0.9900000095367432,0.8770999908447266
YKL191W,YDL201W,0,-7.2306056,0.10141364485025406,0.9900000095367432,0.8772000074386597
YOR340C,YKL051W,0,-7.231126,0.10140325874090195,0.9900000095367432,0.8773000240325928
YHR088W,YLL024C,0,-7.2313633,0.10139287263154984,0.9900000095367432,0.8773999810218811
YGL256W,YBR272C,0,-7.2324104,0.10138248652219772,0.9900000095367432,0.8774999976158142
YGL238W,YHR157W,0,-7.2325325,0.10137210786342621,0.9900000095367432,0.8776000142097473
YJL092W,YKL125W,0,-7.2326336,0.1013617292046547,0.9900000095367432,0.8776999711990356
YPL086C,YER106W,0,-7.2326784,0.10135135054588318,0.9900000095367432,0.8777999877929688
YNR075W,YDR163W,0,-7.2330065,0.10134097933769226,0.9900000095367432,0.8779000043869019
YJL102W,YIR009W,0,-7.2332735,0.10133060067892075,0.9900000095367432,0.878000020980835
YKL150W,YPR189W,0,-7.233343,0.10132023692131042,0.9900000095367432,0.8780999779701233
YIL155C,YNL026W,0,-7.233586,0.1013098657131195,0.9900000095367432,0.8781999945640564
YJL116C,YLR055C,0,-7.2338367,0.10129950195550919,0.9900000095367432,0.8783000111579895
YLR371W,YLR048W,0,-7.2340426,0.10128913074731827,0.9900000095367432,0.8784000277519226
YOL016C,YDR451C,0,-7.2343264,0.10127877444028854,0.9900000095367432,0.8784999847412109
YML046W,YPL032C,0,-7.23457,0.10126841068267822,0.9900000095367432,0.878600001335144
YGR268C,YBR275C,0,-7.234863,0.1012580543756485,0.9900000095367432,0.8787000179290771
YMR173W,YER019C-A,0,-7.2349167,0.10124769806861877,0.9900000095367432,0.8787999749183655
YMR305C,YJR049C,0,-7.2359095,0.10123734176158905,0.9900000095367432,0.8788999915122986
YPL217C,YBR073W,0,-7.236444,0.10122699290513992,0.9900000095367432,0.8790000081062317
YHL031C,YDR082W,0,-7.236562,0.1012166440486908,0.9900000095367432,0.8791000247001648
YHR068W,YPR075C,0,-7.236776,0.10120629519224167,0.9900000095367432,0.8791999816894531
YML126C,YEL003W,0,-7.23734,0.10119595378637314,0.9900000095367432,0.8792999982833862
YFL021W,YER148W,1,-7.2380505,0.10128781944513321,0.9909999966621399,0.8792999982833862
YGR143W,YDL092W,0,-7.238918,0.10127746313810349,0.9909999966621399,0.8794000148773193
YKL204W,YCR024C-A,0,-7.239434,0.10126711428165436,0.9909999966621399,0.8794999718666077
YEL029C,YDL188C,0,-7.2395296,0.10125677287578583,0.9909999966621399,0.8795999884605408
YPL055C,YIL013C,0,-7.239808,0.1012464240193367,0.9909999966621399,0.8797000050544739
YBL032W,YDR126W,0,-7.239995,0.10123608261346817,0.9909999966621399,0.879800021648407
YDR256C,YJR074W,0,-7.2403283,0.10122574120759964,0.9909999966621399,0.8798999786376953
YBL019W,YPL256C,0,-7.240768,0.10121539980173111,0.9909999966621399,0.8799999952316284
YJR074W,YML028W,0,-7.240883,0.10120506584644318,0.9909999966621399,0.8801000118255615
YCL016C,YER052C,0,-7.2412586,0.10119473189115524,0.9909999966621399,0.8802000284194946
YOR233W,YNR032W,0,-7.2413282,0.10118439793586731,0.9909999966621399,0.880299985408783
YML078W,YNL309W,0,-7.2413554,0.10117407143115997,0.9909999966621399,0.8804000020027161
YER107C,YKL129C,0,-7.2414107,0.10116373747587204,0.9909999966621399,0.8805000185966492
YNR053C,YDL098C,0,-7.2415166,0.1011534109711647,0.9909999966621399,0.8805999755859375
YPR083W,YMR190C,0,-7.242288,0.10114309191703796,0.9909999966621399,0.8806999921798706
YDR384C,YNL036W,0,-7.242603,0.10113276541233063,0.9909999966621399,0.8808000087738037
YLR035C,YBR092C,0,-7.2431374,0.10112244635820389,0.9909999966621399,0.8809000253677368
YDL051W,YHR124W,0,-7.243261,0.10111213475465775,0.9909999966621399,0.8809999823570251
YHR091C,YLR167W,0,-7.2433925,0.101101815700531,0.9909999966621399,0.8810999989509583
YER045C,YBR198C,1,-7.24359,0.10119350999593735,0.9919999837875366,0.8810999989509583
YDR093W,YIL155C,0,-7.244239,0.10118319094181061,0.9919999837875366,0.8812000155448914
YKL043W,YML049C,0,-7.2443314,0.10117287188768387,0.9919999837875366,0.8812999725341797
YPR100W,YGR128C,0,-7.2443857,0.10116255283355713,0.9919999837875366,0.8813999891281128
YKR099W,YIL051C,0,-7.2449265,0.10115224123001099,0.9919999837875366,0.8815000057220459
YKL185W,YNL256W,0,-7.2453814,0.10114192217588425,0.9919999837875366,0.881600022315979
YPR100W,YLR292C,0,-7.245839,0.1011316105723381,0.9919999837875366,0.8816999793052673
YLL060C,YDR527W,0,-7.248948,0.10112130641937256,0.9919999837875366,0.8817999958992004
YOR030W,YJR104C,0,-7.2494173,0.10111099481582642,0.9919999837875366,0.8819000124931335
YJR049C,YLR272C,0,-7.2498236,0.10110069066286087,0.9919999837875366,0.8820000290870667
YOL164W,YER154W,0,-7.249983,0.10109039396047592,0.9919999837875366,0.882099986076355
YJR121W,YDR016C,0,-7.2502685,0.10108008980751038,0.9919999837875366,0.8822000026702881
YNL127W,YNL135C,0,-7.25032,0.10106979310512543,0.9919999837875366,0.8823000192642212
YGL053W,YMR179W,0,-7.2503386,0.10105949640274048,0.9919999837875366,0.8823999762535095
YPL266W,YFL058W,0,-7.250451,0.10104919970035553,0.9919999837875366,0.8824999928474426
YIL035C,YIL160C,0,-7.2504597,0.10103891044855118,0.9919999837875366,0.8826000094413757
YDR205W,YPL156C,0,-7.250526,0.10102862119674683,0.9919999837875366,0.8827000260353088
YGL174W,YJR049C,0,-7.2506285,0.10101833194494247,0.9919999837875366,0.8827999830245972
YER049W,YMR089C,0,-7.250637,0.10100804269313812,0.9919999837875366,0.8828999996185303
YPR023C,YPR113W,0,-7.2510376,0.10099776089191437,0.9919999837875366,0.8830000162124634
YBL058W,YKL014C,0,-7.2511835,0.10098747909069061,0.9919999837875366,0.8830999732017517
YKR061W,YBR088C,0,-7.2513514,0.10097719728946686,0.9919999837875366,0.8831999897956848
YPR201W,YER009W,0,-7.252531,0.1009669229388237,0.9919999837875366,0.8833000063896179
YGL092W,YGR209C,0,-7.25285,0.10095664858818054,0.9919999837875366,0.883400022983551
YJL173C,YKL056C,0,-7.2530484,0.10094637423753738,0.9919999837875366,0.8834999799728394
YJL071W,YDL051W,0,-7.2534513,0.10093609988689423,0.9919999837875366,0.8835999965667725
YNL151C,YHL006C,0,-7.25422,0.10092583298683167,0.9919999837875366,0.8837000131607056
YNL142W,YNL097C,0,-7.2542768,0.1009155660867691,0.9919999837875366,0.8838000297546387
YKL092C,YER054C,0,-7.2550087,0.10090529918670654,0.9919999837875366,0.883899986743927
YHR004C,YCL054W,0,-7.2551155,0.10089503973722458,0.9919999837875366,0.8840000033378601
YGL021W,YFL036W,0,-7.2552643,0.10088477283716202,0.9919999837875366,0.8841000199317932
YCR038C,YGR285C,0,-7.2553926,0.10087451338768005,0.9919999837875366,0.8841999769210815
YHR004C,YPR161C,0,-7.255554,0.10086426138877869,0.9919999837875366,0.8842999935150146
YLR044C,YLR292C,0,-7.2564034,0.10085400938987732,0.9919999837875366,0.8844000101089478
YJR155W,YEL017C-A,0,-7.256785,0.10084374994039536,0.9919999837875366,0.8845000267028809
YJR053W,YER042W,0,-7.257523,0.10083350539207458,0.9919999837875366,0.8845999836921692
YHR043C,YGR197C,0,-7.2589483,0.10082325339317322,0.9919999837875366,0.8847000002861023
YHR026W,YHR157W,0,-7.2593026,0.10081300884485245,0.9919999837875366,0.8848000168800354
YOR099W,YDR195W,0,-7.2601757,0.10080276429653168,0.9919999837875366,0.8848999738693237
YPL008W,YKL086W,0,-7.260246,0.10079251974821091,0.9919999837875366,0.8849999904632568
YBR020W,YHR069C,0,-7.2605634,0.10078228265047073,0.9919999837875366,0.8851000070571899
YDR212W,YNR047W,0,-7.2616014,0.10077204555273056,0.9919999837875366,0.885200023651123
YDL161W,YGR175C,0,-7.2617874,0.10076180845499039,0.9919999837875366,0.8852999806404114
YDR116C,YOL104C,0,-7.2619195,0.10075157135725021,0.9919999837875366,0.8853999972343445
YIL155C,YGR222W,0,-7.2633095,0.10074134171009064,0.9919999837875366,0.8855000138282776
YBR039W,YJR110W,0,-7.2634096,0.10073111206293106,0.9919999837875366,0.8855999708175659
YPL231W,YNR026C,0,-7.264056,0.10072088241577148,0.9919999837875366,0.885699987411499
YOR206W,YGR185C,0,-7.264602,0.1007106602191925,0.9919999837875366,0.8858000040054321
YKL086W,YOR047C,0,-7.2647457,0.10070043802261353,0.9919999837875366,0.8859000205993652
YNL278W,YDR515W,0,-7.2652287,0.10069021582603455,0.9919999837875366,0.8859999775886536
YBR093C,YGL095C,0,-7.266981,0.10067999362945557,0.9919999837875366,0.8860999941825867
YER065C,YKL195W,0,-7.267291,0.10066977888345718,0.9919999837875366,0.8862000107765198
YER126C,YGR085C,0,-7.2676964,0.1006595641374588,0.9919999837875366,0.8863000273704529
YLR074C,YGR171C,0,-7.2678046,0.10064934939146042,0.9919999837875366,0.8863999843597412
YDL198C,YGR059W,0,-7.268292,0.10063914209604263,0.9919999837875366,0.8865000009536743
YML116W,YDR318W,0,-7.2683353,0.10062892735004425,0.9919999837875366,0.8866000175476074
YDL098C,YDR165W,0,-7.2687626,0.10061872750520706,0.9919999837875366,0.8866999745368958
YHR094C,YGR118W,0,-7.268775,0.10060852020978928,0.9919999837875366,0.8867999911308289
YNL256W,YNL073W,0,-7.2688046,0.10059831291437149,0.9919999837875366,0.886900007724762
YBR188C,YBR092C,0,-7.269503,0.1005881130695343,0.9919999837875366,0.8870000243186951
YNL274C,YBR073W,0,-7.269536,0.10057792067527771,0.9919999837875366,0.8870999813079834
YPR001W,YLR355C,0,-7.2695975,0.10056772083044052,0.9919999837875366,0.8871999979019165
YGR142W,YKL130C,0,-7.270557,0.10055752843618393,0.9919999837875366,0.8873000144958496
YGL200C,YBR183W,0,-7.271448,0.10054733604192734,0.9919999837875366,0.8873999714851379
YCR098C,YBL058W,0,-7.27194,0.10053714364767075,0.9919999837875366,0.887499988079071
YPL265W,YGL033W,0,-7.272234,0.10052695870399475,0.9919999837875366,0.8876000046730042
YDR021W,YKR001C,0,-7.2726226,0.10051676630973816,0.9919999837875366,0.8877000212669373
YNL270C,YPL106C,0,-7.272705,0.10050658881664276,0.9919999837875366,0.8877999782562256
YAL025C,YML058W,0,-7.274396,0.10049640387296677,0.9919999837875366,0.8878999948501587
YOL010W,YDR412W,0,-7.274541,0.10048622637987137,0.9919999837875366,0.8880000114440918
YNL112W,YDL188C,0,-7.2746215,0.10047604888677597,0.9919999837875366,0.8881000280380249
YJR147W,YNL016W,0,-7.27493,0.10046587139368057,0.9919999837875366,0.8881999850273132
YJL128C,YDL081C,0,-7.2761526,0.10045569390058517,0.9919999837875366,0.8883000016212463
YML113W,YDR398W,0,-7.276839,0.10044552385807037,0.9919999837875366,0.8884000182151794
YHR086W,YOR027W,0,-7.2770853,0.10043535381555557,0.9919999837875366,0.8884999752044678
YJR097W,YNL044W,0,-7.2771153,0.10042518377304077,0.9919999837875366,0.8885999917984009
YDR272W,YLR130C,0,-7.2774315,0.10041502118110657,0.9919999837875366,0.888700008392334
YLR452C,YDR322C-A,0,-7.2777495,0.10040485858917236,0.9919999837875366,0.8888000249862671
YCR048W,YBL045C,0,-7.277914,0.10039469599723816,0.9919999837875366,0.8888999819755554
YMR083W,YEL004W,0,-7.279647,0.10038454085588455,0.9919999837875366,0.8889999985694885
YGR108W,YMR143W,0,-7.2797794,0.10037437826395035,0.9919999837875366,0.8891000151634216
YIR005W,YNL061W,0,-7.279895,0.10036422312259674,0.9919999837875366,0.88919997215271
YGR142W,YNL126W,0,-7.279933,0.10035407543182373,0.9919999837875366,0.8892999887466431
YAL013W,YMR292W,0,-7.280899,0.10034392029047012,0.9919999837875366,0.8894000053405762
YEL066W,YPL130W,0,-7.2809362,0.10033377259969711,0.9919999837875366,0.8895000219345093
YNL101W,YGR285C,0,-7.28122,0.1003236249089241,0.9919999837875366,0.8895999789237976
YLR266C,YIL016W,0,-7.281328,0.10031347721815109,0.9919999837875366,0.8896999955177307
YOR157C,YBR154C,0,-7.282543,0.10030333697795868,0.9919999837875366,0.8898000121116638
YHR053C,YAL013W,0,-7.282586,0.10029319673776627,0.9919999837875366,0.8899000287055969
YCR048W,YDR449C,0,-7.282616,0.10028305649757385,0.9919999837875366,0.8899999856948853
YBR228W,YPR163C,0,-7.283195,0.10027292370796204,0.9919999837875366,0.8901000022888184
YBR023C,YNL302C,0,-7.2839093,0.10026278346776962,0.9919999837875366,0.8902000188827515
YNL328C,YKR053C,0,-7.2842426,0.1002526506781578,0.9919999837875366,0.8902999758720398
YBR247C,YKL040C,0,-7.284627,0.10024252533912659,0.9919999837875366,0.8903999924659729
YGR256W,YAR018C,0,-7.2847385,0.10023239254951477,0.9919999837875366,0.890500009059906
YBL045C,YDL013W,0,-7.2848015,0.10022226721048355,0.9919999837875366,0.8906000256538391
YKL150W,YLR362W,0,-7.2857985,0.10021214187145233,0.9919999837875366,0.8906999826431274
YBR175W,YOR003W,0,-7.286124,0.10020201653242111,0.9919999837875366,0.8907999992370605
YER044C-A,YLR079W,0,-7.286443,0.10019189864397049,0.9919999837875366,0.8909000158309937
YER020W,YPL163C,0,-7.286597,0.10018178075551987,0.9919999837875366,0.890999972820282
YOR094W,YGL158W,0,-7.286668,0.10017166286706924,0.9919999837875366,0.8910999894142151
YBR272C,YBR196C,0,-7.287245,0.10016155242919922,0.9919999837875366,0.8912000060081482
YJL191W,YPL157W,0,-7.2874575,0.1001514419913292,0.9919999837875366,0.8913000226020813
YNL233W,YER049W,0,-7.287565,0.10014133155345917,0.9919999837875366,0.8913999795913696
YPL196W,YDR341C,0,-7.289159,0.10013122111558914,0.9919999837875366,0.8914999961853027
YPL181W,YPR080W,0,-7.289688,0.10012111067771912,0.9919999837875366,0.8916000127792358
YBL045C,YDL213C,0,-7.2908163,0.10011100769042969,0.9919999837875366,0.891700029373169
YGR254W,YBR142W,0,-7.291361,0.10010090470314026,0.9919999837875366,0.8917999863624573
YPR075C,YDR308C,0,-7.2914844,0.10009080916643143,0.9919999837875366,0.8919000029563904
YDR191W,YLL019C,0,-7.291509,0.1000807136297226,0.9919999837875366,0.8920000195503235
YER177W,YDR465C,0,-7.2921724,0.10007061064243317,0.9919999837875366,0.8920999765396118
YKL172W,YJR035W,0,-7.292285,0.10006052255630493,0.9919999837875366,0.8921999931335449
YOL156W,YNL182C,0,-7.292391,0.1000504270195961,0.9919999837875366,0.892300009727478
YLR401C,YNL328C,0,-7.2924166,0.10004033893346786,0.9919999837875366,0.8924000263214111
YLR303W,YPL210C,0,-7.292558,0.10003025084733963,0.9919999837875366,0.8924999833106995
YPL075W,YKL026C,0,-7.2929153,0.1000201627612114,0.9919999837875366,0.8925999999046326
YKR097W,YOR224C,0,-7.2930155,0.10001008212566376,0.9919999837875366,0.8927000164985657
YNR030W,YNL166C,0,-7.2933598,0.10000000149011612,0.9919999837875366,0.892799973487854
YDL113C,YOR133W,0,-7.29344,0.09998992085456848,0.9919999837875366,0.8928999900817871
YHR068W,YDR028C,0,-7.2941813,0.09997984021902084,0.9919999837875366,0.8930000066757202
YOR180C,YOR133W,0,-7.2943864,0.0999697670340538,0.9919999837875366,0.8931000232696533
YOL115W,YBR043C,0,-7.294525,0.09995969384908676,0.9919999837875366,0.8931999802589417
YDL035C,YMR093W,0,-7.2954297,0.09994962066411972,0.9919999837875366,0.8932999968528748
YER044C,YDR202C,0,-7.295891,0.09993955492973328,0.9919999837875366,0.8934000134468079
YJL179W,YDR293C,0,-7.2962813,0.09992948174476624,0.9919999837875366,0.8934999704360962
YPR185W,YGR289C,0,-7.296691,0.09991942346096039,0.9919999837875366,0.8935999870300293
YHR068W,YIL066C,0,-7.29703,0.09990935772657394,0.9919999837875366,0.8937000036239624
YLL009C,YGR119C,0,-7.2972193,0.0998992919921875,0.9919999837875366,0.8938000202178955
YHR069C,YLR150W,0,-7.2972436,0.09988923370838165,0.9919999837875366,0.8938999772071838
YNR075W,YDR011W,0,-7.2973466,0.0998791754245758,0.9919999837875366,0.8939999938011169
YER173W,YJL138C,0,-7.2979126,0.09986912459135056,0.9919999837875366,0.89410001039505
YBR023C,YHR196W,0,-7.2979655,0.09985906630754471,0.9919999837875366,0.8942000269889832
YGR108W,YAL015C,0,-7.2992268,0.09984901547431946,0.9919999837875366,0.8942999839782715
YKL125W,YML085C,0,-7.299343,0.0998389720916748,0.9919999837875366,0.8944000005722046
YNL061W,YIL030C,0,-7.2999797,0.09982892125844955,0.9919999837875366,0.8945000171661377
YDL083C,YDL077C,0,-7.3007803,0.0998188778758049,0.9919999837875366,0.894599974155426
YDR283C,YKR002W,0,-7.3012743,0.09980883449316025,0.9919999837875366,0.8946999907493591
YER127W,YER072W,0,-7.3014355,0.0997987911105156,0.9919999837875366,0.8948000073432922
YCR048W,YDR337W,0,-7.3018384,0.09978875517845154,0.9919999837875366,0.8949000239372253
YBL007C,YOR179C,0,-7.3019705,0.09977871924638748,0.9919999837875366,0.8949999809265137
YLR291C,YGL219C,0,-7.3021507,0.09976868331432343,0.9919999837875366,0.8950999975204468
YNR056C,YHR092C,0,-7.3022304,0.09975864738225937,0.9919999837875366,0.8952000141143799
YDR318W,YJR063W,0,-7.3023396,0.09974861890077591,0.9919999837875366,0.8952999711036682
YCL016C,YJR137C,0,-7.3024726,0.09973859041929245,0.9919999837875366,0.8953999876976013
YJL098W,YPL106C,0,-7.302578,0.09972856193780899,0.9919999837875366,0.8955000042915344
YLR134W,YLR191W,0,-7.3026943,0.09971853345632553,0.9919999837875366,0.8956000208854675
YKL029C,YGR161C,0,-7.3028054,0.09970851242542267,0.9919999837875366,0.8956999778747559
YOR133W,YAL051W,0,-7.3036947,0.0996984913945198,0.9919999837875366,0.895799994468689
YER045C,YKL058W,1,-7.30402,0.09978896379470825,0.9929999709129333,0.895799994468689
YBR092C,YFL038C,0,-7.3041973,0.09977893531322479,0.9929999709129333,0.8959000110626221
YLR210W,YML123C,0,-7.3044033,0.09976891428232193,0.9929999709129333,0.8960000276565552
YEL026W,YGR104C,0,-7.3045664,0.09975889325141907,0.9929999709129333,0.8960999846458435
YGR249W,YCR031C,0,-7.3055277,0.0997488722205162,0.9929999709129333,0.8962000012397766
YPL001W,YGR289C,0,-7.3064156,0.09973885118961334,0.9929999709129333,0.8963000178337097
YEL060C,YDR451C,0,-7.3074327,0.09972883760929108,0.9929999709129333,0.896399974822998
YER056C,YGL171W,0,-7.307963,0.09971881657838821,0.9929999709129333,0.8964999914169312
YKL150W,YBR214W,0,-7.3086057,0.09970880299806595,0.9929999709129333,0.8966000080108643
YHL003C,YOL128C,0,-7.309696,0.09969879686832428,0.9929999709129333,0.8967000246047974
YDR492W,YLR383W,0,-7.309898,0.09968878328800201,0.9929999709129333,0.8967999815940857
YJR112W,YDL055C,0,-7.3100967,0.09967877715826035,0.9929999709129333,0.8968999981880188
YDR028C,YKL166C,0,-7.3103137,0.09966877102851868,0.9929999709129333,0.8970000147819519
YJR155W,YCL014W,0,-7.3110123,0.0996587723493576,0.9929999709129333,0.8970999717712402
YGR262C,YDR158W,0,-7.3117065,0.09964877367019653,0.9929999709129333,0.8971999883651733
YNL027W,YDL079C,0,-7.312986,0.09963877499103546,0.9929999709129333,0.8973000049591064
YML014W,YKR053C,0,-7.3136063,0.09962877631187439,0.9929999709129333,0.8974000215530396
YOR168W,YGL175C,0,-7.3138666,0.09961877763271332,0.9929999709129333,0.8974999785423279
YML075C,YDR077W,0,-7.314087,0.09960878640413284,0.9929999709129333,0.897599995136261
YEL032W,YBR037C,0,-7.3140874,0.09959879517555237,0.9929999709129333,0.8977000117301941
YJL095W,YLR172C,0,-7.3145704,0.0995888039469719,0.9929999709129333,0.8978000283241272
YDR099W,YML094W,0,-7.3152795,0.09957882016897202,0.9929999709129333,0.8978999853134155
YPR179C,YML127W,0,-7.3152895,0.09956883639097214,0.9929999709129333,0.8980000019073486
YDL040C,YDR255C,0,-7.315402,0.09955885261297226,0.9929999709129333,0.8981000185012817
YCR067C,YPR163C,0,-7.315917,0.09954886883497238,0.9929999709129333,0.8981999754905701
YNR011C,YDL081C,0,-7.3160753,0.0995388925075531,0.9929999709129333,0.8982999920845032
YIL013C,YLR200W,0,-7.3166313,0.09952891618013382,0.9929999709129333,0.8984000086784363
YDL013W,YDR060W,0,-7.316687,0.09951893985271454,0.9929999709129333,0.8985000252723694
YNL014W,YGR082W,0,-7.3168693,0.09950897097587585,0.9929999709129333,0.8985999822616577
YLR044C,YJL089W,0,-7.318194,0.09949899464845657,0.9929999709129333,0.8986999988555908
YBL034C,YJR049C,0,-7.319626,0.09948902577161789,0.9929999709129333,0.8988000154495239
YFL010W-A,YDR416W,0,-7.3198614,0.0994790643453598,0.9929999709129333,0.8988999724388123
YER040W,YGL253W,0,-7.320506,0.09946909546852112,0.9929999709129333,0.8989999890327454
YDR381W,YPL206C,0,-7.320506,0.09945913404226303,0.9929999709129333,0.8991000056266785
YHR171W,YOR045W,0,-7.3209085,0.09944917261600494,0.9929999709129333,0.8992000222206116
YOR109W,YGR095C,0,-7.3216724,0.09943921118974686,0.9929999709129333,0.8992999792098999
YBL058W,YOR272W,0,-7.32187,0.09942925721406937,0.9929999709129333,0.899399995803833
YOR133W,YGL004C,0,-7.322319,0.09941930323839188,0.9929999709129333,0.8995000123977661
YFL025C,YAL055W,0,-7.322609,0.09940934926271439,0.9929999709129333,0.8996000289916992
YKL060C,YOR171C,0,-7.3227015,0.09939940273761749,0.9929999709129333,0.8996999859809875
YIL070C,YPR143W,0,-7.3227787,0.09938944876194,0.9929999709129333,0.8998000025749207
YNL173C,YDR013W,0,-7.3233166,0.09937950223684311,0.9929999709129333,0.8999000191688538
YBR158W,YGR141W,0,-7.3235407,0.09936955571174622,0.9929999709129333,0.8999999761581421
YPL093W,YBR228W,0,-7.3243694,0.09935961663722992,0.9929999709129333,0.9000999927520752
YOL164W,YJR090C,0,-7.325647,0.09934967756271362,0.9929999709129333,0.9002000093460083
YPR025C,YFL021W,1,-7.3260846,0.09943977743387222,0.9940000176429749,0.9002000093460083
YPR002W,YKR090W,0,-7.3262224,0.09942983090877533,0.9940000176429749,0.9003000259399414
YFL025C,YGL089C,0,-7.326355,0.09941988438367844,0.9940000176429749,0.9003999829292297
YER094C,YHR196W,0,-7.3264565,0.09940993785858154,0.9940000176429749,0.9004999995231628
YBL046W,YGR197C,0,-7.327002,0.09939999878406525,0.9940000176429749,0.900600016117096
YDR384C,YHR102W,0,-7.32718,0.09939005970954895,0.9940000176429749,0.9006999731063843
YAR018C,YDR465C,0,-7.3273907,0.09938012063503265,0.9940000176429749,0.9007999897003174
YMR303C,YGR144W,0,-7.3277245,0.09937018901109695,0.9940000176429749,0.9009000062942505
YMR083W,YNL166C,0,-7.328489,0.09936025738716125,0.9940000176429749,0.9010000228881836
YKL004W,YLR011W,0,-7.3285446,0.09935032576322556,0.9940000176429749,0.9010999798774719
YLR390W-A,YCR066W,0,-7.3285866,0.09934039413928986,0.9940000176429749,0.901199996471405
YDR294C,YIL016W,0,-7.3295693,0.09933046996593475,0.9940000176429749,0.9013000130653381
YMR237W,YDR297W,0,-7.3304605,0.09932054579257965,0.9940000176429749,0.9014000296592712
YDL079C,YNL299W,0,-7.3304615,0.09931062161922455,0.9940000176429749,0.9014999866485596
YNL148C,YPR119W,0,-7.3306537,0.09930069744586945,0.9940000176429749,0.9016000032424927
YGL111W,YPL176C,0,-7.330881,0.09929078072309494,0.9940000176429749,0.9017000198364258
YDR419W,YLR249W,0,-7.3310604,0.09928086400032043,0.9940000176429749,0.9017999768257141
YLR129W,YOR014W,0,-7.331302,0.09927094727754593,0.9940000176429749,0.9018999934196472
YER070W,YBR048W,0,-7.332206,0.09926103800535202,0.9940000176429749,0.9020000100135803
YGR239C,YGR094W,0,-7.3322325,0.09925112128257751,0.9940000176429749,0.9021000266075134
YNR057C,YLR221C,0,-7.3324633,0.0992412120103836,0.9940000176429749,0.9021999835968018
YPL270W,YKL081W,0,-7.3326244,0.0992313101887703,0.9940000176429749,0.9023000001907349
YPR122W,YGL008C,0,-7.332911,0.09922140091657639,0.9940000176429749,0.902400016784668
YLL009C,YMR266W,0,-7.333107,0.09921149909496307,0.9940000176429749,0.9024999737739563
YBL004W,YLR240W,0,-7.3332977,0.09920159727334976,0.9940000176429749,0.9025999903678894
YPR005C,YKL154W,0,-7.334819,0.09919169545173645,0.9940000176429749,0.9027000069618225
YOR288C,YHL036W,0,-7.33583,0.09918180108070374,0.9940000176429749,0.9028000235557556
YFL011W,YOR243C,0,-7.3369474,0.09917190670967102,0.9940000176429749,0.902899980545044
YHR143W,YIL066C,0,-7.337163,0.0991620123386383,0.9940000176429749,0.902999997138977
YNL286W,YNL327W,0,-7.3383303,0.09915211796760559,0.9940000176429749,0.9031000137329102
YJR132W,YOL080C,0,-7.3398733,0.09914223104715347,0.9940000176429749,0.9031999707221985
YDR364C,YDR451C,0,-7.3400946,0.09913234412670135,0.9940000176429749,0.9032999873161316
YIL098C,YKR061W,0,-7.3403935,0.09912245720624924,0.9940000176429749,0.9034000039100647
YGR175C,YLR025W,0,-7.340866,0.09911257028579712,0.9940000176429749,0.9035000205039978
YJR155W,YNL188W,0,-7.3422737,0.0991026908159256,0.9940000176429749,0.9035999774932861
YNL182C,YKL099C,0,-7.3430676,0.09909281134605408,0.9940000176429749,0.9036999940872192
YHR160C,YIL016W,0,-7.3439083,0.09908293187618256,0.9940000176429749,0.9038000106811523
YMR049C,YPR164W,0,-7.344388,0.09907305985689163,0.9940000176429749,0.9039000272750854
YNL164C,YBR273C,0,-7.3450937,0.09906318783760071,0.9940000176429749,0.9039999842643738
YER015W,YOR243C,0,-7.345275,0.09905331581830978,0.9940000176429749,0.9041000008583069
YCL059C,YOL033W,0,-7.3468146,0.09904344379901886,0.9940000176429749,0.90420001745224
YBL015W,YOL149W,0,-7.347092,0.09903357923030853,0.9940000176429749,0.9042999744415283
YDR113C,YEL012W,0,-7.347108,0.09902370721101761,0.9940000176429749,0.9043999910354614
YER044C-A,YJL164C,0,-7.3475103,0.09901384264230728,0.9940000176429749,0.9045000076293945
YJL208C,YHL007C,0,-7.3480506,0.09900398552417755,0.9940000176429749,0.9046000242233276
YER073W,YJL013C,0,-7.3481607,0.09899412095546722,0.9940000176429749,0.904699981212616
YNL061W,YBL033C,0,-7.3488903,0.0989842638373375,0.9940000176429749,0.9047999978065491
YNR033W,YLL034C,0,-7.35192,0.09897440671920776,0.9940000176429749,0.9049000144004822
YHR052W,YML016C,0,-7.352277,0.09896455705165863,0.9940000176429749,0.9049999713897705
YDR225W,YOL045W,0,-7.3523836,0.0989547073841095,0.9940000176429749,0.9050999879837036
YGR159C,YDL006W,0,-7.3524866,0.09894485026597977,0.9940000176429749,0.9052000045776367
YDL117W,YLL008W,0,-7.3532786,0.09893500804901123,0.9940000176429749,0.9053000211715698
YMR041C,YAL042W,0,-7.3556204,0.0989251583814621,0.9940000176429749,0.9053999781608582
YNR019W,YDR461W,0,-7.355688,0.09891531616449356,0.9940000176429749,0.9054999947547913
YDL008W,YOR230W,0,-7.3557534,0.09890547394752502,0.9940000176429749,0.9056000113487244
YGL209W,YKR031C,0,-7.3564043,0.09889563173055649,0.9940000176429749,0.9057000279426575
YPL221W,YOL010W,0,-7.35787,0.09888579696416855,0.9940000176429749,0.9057999849319458
YOL063C,YJR150C,0,-7.3579655,0.09887595474720001,0.9940000176429749,0.9059000015258789
YJL108C,YHR167W,0,-7.3585386,0.09886611998081207,0.9940000176429749,0.906000018119812
YKL009W,YOR341W,0,-7.359053,0.09885629266500473,0.9940000176429749,0.9060999751091003
YDL161W,YLL012W,0,-7.360836,0.09884645789861679,0.9940000176429749,0.9061999917030334
YPR002W,YER103W,0,-7.3609295,0.09883663058280945,0.9940000176429749,0.9063000082969666
YJR078W,YPR105C,0,-7.3626795,0.0988268032670021,0.9940000176429749,0.9064000248908997
YDR365C,YIR033W,0,-7.362979,0.09881698340177536,0.9940000176429749,0.906499981880188
YMR038C,YPL192C,0,-7.3643017,0.09880715608596802,0.9940000176429749,0.9065999984741211
YGR193C,YBR273C,0,-7.3643613,0.09879733622074127,0.9940000176429749,0.9067000150680542
YPR112C,YIR012W,0,-7.3666496,0.09878751635551453,0.9940000176429749,0.9067999720573425
YNL242W,YBR130C,0,-7.366867,0.09877770394086838,0.9940000176429749,0.9068999886512756
YPR133C,YBR083W,0,-7.3669415,0.09876788407564163,0.9940000176429749,0.9070000052452087
YLR259C,YPL164C,0,-7.3670945,0.09875807166099548,0.9940000176429749,0.9071000218391418
YOR236W,YDR005C,0,-7.367627,0.09874825924634933,0.9940000176429749,0.9071999788284302
YEL066W,YIR012W,0,-7.3680577,0.09873845428228378,0.9940000176429749,0.9072999954223633
YCL031C,YBR280C,0,-7.3684006,0.09872864186763763,0.9940000176429749,0.9074000120162964
YML094W,YJL042W,0,-7.3687425,0.09871883690357208,0.9940000176429749,0.9075000286102295
YDR085C,YAL034W-A,0,-7.3687525,0.09870903939008713,0.9940000176429749,0.9075999855995178
YNL328C,YOR310C,0,-7.3696175,0.09869923442602158,0.9940000176429749,0.9077000021934509
YEL065W,YDR400W,0,-7.370632,0.09868943691253662,0.9940000176429749,0.907800018787384
YMR119W,YDL039C,0,-7.370918,0.09867963939905167,0.9940000176429749,0.9078999757766724
YPR104C,YIR017C,0,-7.372132,0.09866984188556671,0.9940000176429749,0.9079999923706055
YEL024W,YML043C,0,-7.373834,0.09866005182266235,0.9940000176429749,0.9081000089645386
YOL051W,YJR070C,0,-7.376804,0.098650261759758,0.9940000176429749,0.9082000255584717
YDR085C,YPL244C,0,-7.3780107,0.09864047169685364,0.9940000176429749,0.90829998254776
YDR346C,YEL012W,0,-7.3799734,0.09863068163394928,0.9940000176429749,0.9083999991416931
YNL256W,YHR065C,0,-7.3809013,0.09862089157104492,0.9940000176429749,0.9085000157356262
YNL232W,YBR066C,0,-7.3812866,0.09861110895872116,0.9940000176429749,0.9085999727249146
YPL119C,YPL235W,0,-7.3833914,0.0986013263463974,0.9940000176429749,0.9086999893188477
YLR284C,YPL128C,0,-7.383541,0.09859155118465424,0.9940000176429749,0.9088000059127808
YIL021W,YBR162C,0,-7.3844657,0.09858176857233047,0.9940000176429749,0.9089000225067139
YPL131W,YML013W,0,-7.3849673,0.09857199341058731,0.9940000176429749,0.9089999794960022
YBR085W,YDR375C,0,-7.386238,0.09856221824884415,0.9940000176429749,0.9090999960899353
YFR021W,YJL208C,0,-7.3871956,0.09855245053768158,0.9940000176429749,0.9092000126838684
YML112W,YMR173W,0,-7.3873177,0.09854267537593842,0.9940000176429749,0.9093000292778015
YHR094C,YNL302C,0,-7.387439,0.09853290766477585,0.9940000176429749,0.9093999862670898
YPR124W,YER024W,0,-7.3879356,0.09852314740419388,0.9940000176429749,0.909500002861023
YCR002C,YDR091C,0,-7.387951,0.09851337969303131,0.9940000176429749,0.909600019454956
YLR109W,YPR199C,0,-7.388273,0.09850361943244934,0.9940000176429749,0.9096999764442444
YOR316C,YJL191W,0,-7.388627,0.09849385917186737,0.9940000176429749,0.9097999930381775
YPL100W,YFR001W,0,-7.389027,0.0984840989112854,0.9940000176429749,0.9099000096321106
YMR072W,YBL061C,0,-7.389041,0.09847433865070343,0.9940000176429749,0.9100000262260437
YPR057W,YPR030W,0,-7.3893795,0.09846458584070206,0.9940000176429749,0.910099983215332
YML094W,YLR130C,0,-7.3898783,0.09845483303070068,0.9940000176429749,0.9101999998092651
YPR030W,YDR523C,0,-7.390233,0.09844508022069931,0.9940000176429749,0.9103000164031982
YHR186C,YGL183C,0,-7.390273,0.09843533486127853,0.9940000176429749,0.9103999733924866
YHR007C,YLR382C,0,-7.390388,0.09842558950185776,0.9940000176429749,0.9104999899864197
YKL045W,YJL052W,0,-7.390814,0.09841584414243698,0.9940000176429749,0.9106000065803528
YBL082C,YDL078C,0,-7.3929186,0.0984060987830162,0.9940000176429749,0.9107000231742859
YGR142W,YHR172W,0,-7.393942,0.09839636087417603,0.9940000176429749,0.9107999801635742
YIL159W,YOL013C,0,-7.3950853,0.09838661551475525,0.9940000176429749,0.9108999967575073
YNL037C,YDR463W,0,-7.3956823,0.09837687760591507,0.9940000176429749,0.9110000133514404
YDR429C,YLR298C,0,-7.3958683,0.09836714714765549,0.9940000176429749,0.9110999703407288
YMR301C,YGL191W,0,-7.3977222,0.09835740923881531,0.9940000176429749,0.9111999869346619
YJR047C,YJR050W,0,-7.3984394,0.09834767878055573,0.9940000176429749,0.911300003528595
YPL131W,YLR166C,0,-7.3991714,0.09833794832229614,0.9940000176429749,0.9114000201225281
YHR005C,YFL018C,0,-7.399173,0.09832822531461716,0.9940000176429749,0.9114999771118164
YKL172W,YOR313C,0,-7.399311,0.09831849485635757,0.9940000176429749,0.9115999937057495
YMR068W,YDR299W,0,-7.3999224,0.09830877184867859,0.9940000176429749,0.9117000102996826
YPR082C,YGR256W,0,-7.39994,0.0982990488409996,0.9940000176429749,0.9118000268936157
YLR228C,YDR358W,0,-7.4003925,0.09828933328390121,0.9940000176429749,0.911899983882904
YDL220C,YLR197W,0,-7.4010706,0.09827961027622223,0.9940000176429749,0.9120000004768372
YPL112C,YDR449C,0,-7.401859,0.09826989471912384,0.9940000176429749,0.9121000170707703
YHR096C,YBL025W,0,-7.402953,0.09826017916202545,0.9940000176429749,0.9121999740600586
YGR145W,YLR090W,0,-7.4034758,0.09825047105550766,0.9940000176429749,0.9122999906539917
YLL012W,YMR089C,0,-7.4035125,0.09824075549840927,0.9940000176429749,0.9124000072479248
YPR135W,YJR063W,0,-7.4039,0.09823104739189148,0.9940000176429749,0.9125000238418579
YLR102C,YGR097W,0,-7.4040265,0.09822134673595428,0.9940000176429749,0.9125999808311462
YGR003W,YHR193C,0,-7.4046164,0.09821163862943649,0.9940000176429749,0.9126999974250793
YBR017C,YGR044C,0,-7.4073153,0.0982019379734993,0.9940000176429749,0.9128000140190125
YIL016W,YLL024C,0,-7.407411,0.0981922373175621,0.9940000176429749,0.9128999710083008
YNR019W,YKL149C,0,-7.409384,0.09818253666162491,0.9940000176429749,0.9129999876022339
YHR007C,YPL097W,0,-7.4095726,0.09817283600568771,0.9940000176429749,0.913100004196167
YBR026C,YOL135C,0,-7.409972,0.09816314280033112,0.9940000176429749,0.9132000207901001
YMR008C,YHR157W,0,-7.4100504,0.09815344959497452,0.9940000176429749,0.9132999777793884
YPL097W,YMR093W,0,-7.4102874,0.09814375638961792,0.9940000176429749,0.9133999943733215
YCR005C,YMR113W,0,-7.410311,0.09813407063484192,0.9940000176429749,0.9135000109672546
YHR193C,YDL080C,0,-7.4109316,0.09812438488006592,0.9940000176429749,0.9136000275611877
YBR026C,YDL006W,0,-7.4117117,0.09811469912528992,0.9940000176429749,0.9136999845504761
YPL188W,YKL113C,0,-7.4129276,0.09810501337051392,0.9940000176429749,0.9138000011444092
YBL074C,YPL163C,0,-7.413004,0.09809533506631851,0.9940000176429749,0.9139000177383423
YMR202W,YFR033C,0,-7.4133735,0.09808564931154251,0.9940000176429749,0.9139999747276306
YPL006W,YBL057C,0,-7.4135256,0.0980759710073471,0.9940000176429749,0.9140999913215637
YDR423C,YDR113C,0,-7.4138455,0.0980663001537323,0.9940000176429749,0.9142000079154968
YGR145W,YHR062C,0,-7.41395,0.0980566218495369,0.9940000176429749,0.9143000245094299
YNL258C,YEL026W,0,-7.414174,0.09804695099592209,0.9940000176429749,0.9143999814987183
YHR072W,YGR080W,0,-7.4144897,0.09803728014230728,0.9940000176429749,0.9144999980926514
YGR161C,YDR207C,0,-7.4147587,0.09802761673927307,0.9940000176429749,0.9146000146865845
YOR260W,YMR150C,0,-7.415556,0.09801794588565826,0.9940000176429749,0.9146999716758728
YNL148C,YER127W,0,-7.4156075,0.09800828248262405,0.9940000176429749,0.9147999882698059
YPL209C,YDL055C,0,-7.415962,0.09799861907958984,0.9940000176429749,0.914900004863739
YDR437W,YPL043W,0,-7.416095,0.09798895567655563,0.9940000176429749,0.9150000214576721
YDR172W,YJL059W,0,-7.4168215,0.09797929972410202,0.9940000176429749,0.9150999784469604
YCR005C,YLR347C,0,-7.4169703,0.09796964377164841,0.9940000176429749,0.9151999950408936
YLL015W,YGR123C,0,-7.4176397,0.0979599878191948,0.9940000176429749,0.9153000116348267
YLR284C,YEL032W,0,-7.418288,0.09795033186674118,0.9940000176429749,0.9154000282287598
YGL078C,YHR065C,0,-7.418383,0.09794068336486816,0.9940000176429749,0.9154999852180481
YMR303C,YNL192W,0,-7.4187765,0.09793103486299515,0.9940000176429749,0.9156000018119812
YDR221W,YNR015W,0,-7.420549,0.09792138636112213,0.9940000176429749,0.9157000184059143
YDR062W,YPR065W,0,-7.420572,0.09791173785924911,0.9940000176429749,0.9157999753952026
YER143W,YHR039C,0,-7.4211645,0.0979020968079567,0.9940000176429749,0.9158999919891357
YOR198C,YFR040W,0,-7.421333,0.09789245575666428,0.9940000176429749,0.9160000085830688
YBR161W,YHR094C,0,-7.421921,0.09788281470537186,0.9940000176429749,0.916100025177002
YMR188C,YMR104C,0,-7.4223156,0.09787318110466003,0.9940000176429749,0.9161999821662903
YHL019C,YDR302W,0,-7.42257,0.09786354005336761,0.9940000176429749,0.9162999987602234
YBR085W,YOL013C,0,-7.4226065,0.09785390645265579,0.9940000176429749,0.9164000153541565
YHR142W,YLR293C,0,-7.4229174,0.09784427285194397,0.9940000176429749,0.9164999723434448
YER045C,YPR025C,1,-7.4235463,0.09793306887149811,0.9950000047683716,0.9164999723434448
YGR262C,YJL164C,0,-7.424061,0.09792343527078629,0.9950000047683716,0.9165999889373779
YKL120W,YEL026W,0,-7.424202,0.09791379421949387,0.9950000047683716,0.916700005531311
YOR316C,YDL208W,0,-7.425338,0.09790416061878204,0.9950000047683716,0.9168000221252441
YHR053C,YLR176C,0,-7.425815,0.09789452701807022,0.9950000047683716,0.9168999791145325
YIL160C,YCR072C,0,-7.4260955,0.097884900867939,0.9950000047683716,0.9169999957084656
YKL026C,YBR083W,0,-7.426513,0.09787526726722717,0.9950000047683716,0.9171000123023987
YDR216W,YHR193C,0,-7.4266787,0.09786564111709595,0.9950000047683716,0.9172000288963318
YPL053C,YDL201W,0,-7.4269257,0.09785602241754532,0.9950000047683716,0.9172999858856201
YKL013C,YNL207W,0,-7.427084,0.09784639626741409,0.9950000047683716,0.9174000024795532
YAL059W,YJL035C,0,-7.428028,0.09783677756786346,0.9950000047683716,0.9175000190734863
YNL314W,YER148W,1,-7.4305644,0.09792547672986984,0.9959999918937683,0.9175000190734863
YNL186W,YPR107C,0,-7.430584,0.09791585057973862,0.9959999918937683,0.9175999760627747
YPR018W,YMR146C,0,-7.4309554,0.09790622442960739,0.9959999918937683,0.9176999926567078
YBR037C,YLL012W,0,-7.431142,0.09789659827947617,0.9959999918937683,0.9178000092506409
YHR139C,YML064C,0,-7.432089,0.09788697957992554,0.9959999918937683,0.917900025844574
YMR277W,YDL085W,0,-7.4335814,0.09787736088037491,0.9959999918937683,0.9179999828338623
YPL270W,YDL213C,0,-7.4337864,0.09786774218082428,0.9959999918937683,0.9180999994277954
YJR137C,YGR144W,0,-7.434572,0.09785812348127365,0.9959999918937683,0.9182000160217285
YJR025C,YJL198W,0,-7.4355536,0.09784851223230362,0.9959999918937683,0.9182999730110168
YGR179C,YLR150W,0,-7.435692,0.09783890098333359,0.9959999918937683,0.91839998960495
YKR052C,YIL053W,0,-7.4368753,0.09782928973436356,0.9959999918937683,0.9185000061988831
YHR169W,YFL004W,0,-7.4369316,0.09781967848539352,0.9959999918937683,0.9186000227928162
YOR355W,YCL024W,0,-7.4370785,0.09781007468700409,0.9959999918937683,0.9186999797821045
YBL097W,YBR162C,0,-7.437081,0.09780047088861465,0.9959999918937683,0.9187999963760376
YOR173W,YDR477W,0,-7.437978,0.09779086709022522,0.9959999918937683,0.9189000129699707
YFL010W-A,YER143W,0,-7.4380474,0.09778127074241638,0.9959999918937683,0.9190000295639038
YOR136W,YLR288C,0,-7.438338,0.09777166694402695,0.9959999918937683,0.9190999865531921
YMR182C,YEL054C,0,-7.4395723,0.09776207059621811,0.9959999918937683,0.9192000031471252
YML075C,YER106W,0,-7.4403076,0.09775248169898987,0.9959999918937683,0.9193000197410583
YJL102W,YMR243C,0,-7.440421,0.09774288535118103,0.9959999918937683,0.9193999767303467
YKR055W,YPL130W,0,-7.4409065,0.09773329645395279,0.9959999918937683,0.9194999933242798
YER002W,YDL213C,0,-7.44122,0.09772370755672455,0.9959999918937683,0.9196000099182129
YOR185C,YGR091W,0,-7.4413567,0.09771411865949631,0.9959999918937683,0.919700026512146
YGL219C,YOR315W,0,-7.443249,0.09770452976226807,0.9959999918937683,0.9197999835014343
YJL166W,YJL012C,0,-7.443323,0.09769494831562042,0.9959999918937683,0.9199000000953674
YDL174C,YGL209W,0,-7.4437795,0.09768536686897278,0.9959999918937683,0.9200000166893005
YKR066C,YIL009W,0,-7.4439516,0.09767578542232513,0.9959999918937683,0.9200999736785889
YHL036W,YPL144W,0,-7.444828,0.09766621142625809,0.9959999918937683,0.920199990272522
YER178W,YGR059W,0,-7.4469147,0.09765662997961044,0.9959999918937683,0.9203000068664551
YHR013C,YBR294W,0,-7.447219,0.0976470559835434,0.9959999918937683,0.9204000234603882
YGR245C,YLR003C,0,-7.448989,0.09763748943805695,0.9959999918937683,0.9204999804496765
YOR185C,YOL142W,0,-7.4493856,0.0976279154419899,0.9959999918937683,0.9205999970436096
YNL075W,YNR008W,0,-7.450071,0.09761834889650345,0.9959999918937683,0.9207000136375427
YPR005C,YOR348C,0,-7.4505734,0.097608782351017,0.9959999918937683,0.920799970626831
YFL056C,YKL043W,0,-7.450679,0.09759921580553055,0.9959999918937683,0.9208999872207642
YJR145C,YIL173W,0,-7.4533257,0.0975896567106247,0.9959999918937683,0.9210000038146973
YNL298W,YGR159C,0,-7.4535775,0.09758009016513824,0.9959999918937683,0.9211000204086304
YIR033W,YDR259C,0,-7.4538975,0.09757053107023239,0.9959999918937683,0.9211999773979187
YLL009C,YLR228C,0,-7.4541883,0.09756097197532654,0.9959999918937683,0.9212999939918518
YHL040C,YPR110C,0,-7.454574,0.09755142033100128,0.9959999918937683,0.9214000105857849
YMR299C,YLR293C,0,-7.4563737,0.09754186868667603,0.9959999918937683,0.921500027179718
YBR034C,YBR152W,0,-7.4565067,0.09753231704235077,0.9959999918937683,0.9215999841690063
YGR191W,YPL120W,0,-7.4573345,0.09752276539802551,0.9959999918937683,0.9217000007629395
YKL178C,YBR127C,0,-7.4582105,0.09751321375370026,0.9959999918937683,0.9218000173568726
YBL003C,YLR034C,0,-7.4582677,0.0975036695599556,0.9959999918937683,0.9218999743461609
YPL031C,YMR143W,0,-7.45931,0.09749412536621094,0.9959999918937683,0.921999990940094
YLL034C,YOR087W,0,-7.4614773,0.09748458117246628,0.9959999918937683,0.9221000075340271
YKL206C,YOR317W,0,-7.4633036,0.09747504442930222,0.9959999918937683,0.9222000241279602
YGL205W,YLL024C,0,-7.464058,0.09746550768613815,0.9959999918937683,0.9222999811172485
YMR116C,YHL006C,0,-7.4642887,0.09745597094297409,0.9959999918937683,0.9223999977111816
YMR038C,YGL255W,0,-7.464307,0.09744643419981003,0.9959999918937683,0.9225000143051147
YPR005C,YMR146C,0,-7.4653797,0.09743689745664597,0.9959999918937683,0.9225999712944031
YNL117W,YBR275C,0,-7.465488,0.0974273681640625,0.9959999918937683,0.9226999878883362
YOR168W,YDR330W,0,-7.465598,0.09741783887147903,0.9959999918937683,0.9228000044822693
YNL080C,YPL123C,0,-7.465818,0.09740830957889557,0.9959999918937683,0.9229000210762024
YBR092C,YDR280W,0,-7.466202,0.0973987877368927,0.9959999918937683,0.9229999780654907
YML071C,YJL116C,0,-7.466358,0.09738926589488983,0.9959999918937683,0.9230999946594238
YCL025C,YDR198C,0,-7.46691,0.09737974405288696,0.9959999918937683,0.9232000112533569
YMR211W,YAL005C,0,-7.467316,0.0973702222108841,0.9959999918937683,0.92330002784729
YEL066W,YGR280C,0,-7.467746,0.09736070036888123,0.9959999918937683,0.9233999848365784
YBR085W,YOL088C,0,-7.468012,0.09735118597745895,0.9959999918937683,0.9235000014305115
YJR070C,YIR033W,0,-7.468024,0.09734167158603668,0.9959999918937683,0.9236000180244446
YDL230W,YOR143C,0,-7.4687123,0.09733215719461441,0.9959999918937683,0.9236999750137329
YNL279W,YFR037C,0,-7.469059,0.09732265025377274,0.9959999918937683,0.923799991607666
YHR169W,YHR086W,0,-7.4692364,0.09731314331293106,0.9959999918937683,0.9239000082015991
YIR021W,YBR183W,0,-7.4705753,0.09730363637208939,0.9959999918937683,0.9240000247955322
YOR328W,YIL121W,0,-7.471419,0.09729412943124771,0.9959999918937683,0.9240999817848206
YDR046C,YBR088C,0,-7.4720955,0.09728462249040604,0.9959999918937683,0.9241999983787537
YPL265W,YOR040W,0,-7.4723234,0.09727512300014496,0.9959999918937683,0.9243000149726868
YHL003C,YPL171C,0,-7.4731407,0.09726562350988388,0.9959999918937683,0.9243999719619751
YLR044C,YNL097C,0,-7.4739923,0.0972561240196228,0.9959999918937683,0.9244999885559082
YCR073W-A,YNL244C,0,-7.4740205,0.09724663197994232,0.9959999918937683,0.9246000051498413
YDR309C,YOR168W,0,-7.4745293,0.09723713994026184,0.9959999918937683,0.9247000217437744
YFR014C,YMR250W,0,-7.475148,0.09722764790058136,0.9959999918937683,0.9247999787330627
YKL093W,YJL140W,0,-7.4752007,0.09721815586090088,0.9959999918937683,0.9248999953269958
YGR200C,YER024W,0,-7.475686,0.0972086638212204,0.9959999918937683,0.925000011920929
YOR267C,YDR346C,0,-7.4759297,0.09719917923212051,0.9959999918937683,0.9251000285148621
YBL082C,YDR176W,0,-7.4759436,0.09718969464302063,0.9959999918937683,0.9251999855041504
YKL001C,YDL019C,0,-7.4761133,0.09718021005392075,0.9959999918937683,0.9253000020980835
YFL050C,YOR182C,0,-7.476303,0.09717073291540146,0.9959999918937683,0.9254000186920166
YGR199W,YGL162W,0,-7.477048,0.09716125577688217,0.9959999918937683,0.9254999756813049
YMR303C,YKL005C,0,-7.4774656,0.09715177863836288,0.9959999918937683,0.925599992275238
YBR298C,YLR016C,0,-7.4776874,0.0971423014998436,0.9959999918937683,0.9257000088691711
YGL223C,YIL123W,0,-7.4782834,0.09713282436132431,0.9959999918937683,0.9258000254631042
YKR066C,YLR452C,0,-7.478774,0.09712335467338562,0.9959999918937683,0.9258999824523926
YMR092C,YLR430W,0,-7.479082,0.09711388498544693,0.9959999918937683,0.9259999990463257
YIL122W,YIR026C,0,-7.4795036,0.09710441529750824,0.9959999918937683,0.9261000156402588
YDL055C,YPL002C,0,-7.479888,0.09709495306015015,0.9959999918937683,0.9261999726295471
YER073W,YJR092W,0,-7.480672,0.09708548337221146,0.9959999918937683,0.9262999892234802
YGL135W,YLR466W,0,-7.4817257,0.09707602113485336,0.9959999918937683,0.9264000058174133
YKL212W,YOR035C,0,-7.4819775,0.09706656634807587,0.9959999918937683,0.9265000224113464
YBR034C,YLR259C,0,-7.482045,0.09705710411071777,0.9959999918937683,0.9265999794006348
YGL144C,YOL040C,0,-7.482578,0.09704764932394028,0.9959999918937683,0.9266999959945679
YOL063C,YLL008W,0,-7.4837856,0.09703819453716278,0.9959999918937683,0.926800012588501
YIL066C,YNL302C,0,-7.4839554,0.09702873975038528,0.9959999918937683,0.9269000291824341
YMR056C,YJL006C,0,-7.484144,0.09701928496360779,0.9959999918937683,0.9269999861717224
YHR007C,YBR154C,0,-7.4844775,0.09700983762741089,0.9959999918937683,0.9271000027656555
YMR116C,YOR237W,0,-7.48491,0.09700039029121399,0.9959999918937683,0.9272000193595886
YMR011W,YNL214W,0,-7.4849157,0.09699094295501709,0.9959999918937683,0.927299976348877
YOR233W,YDR005C,0,-7.485252,0.09698150306940079,0.9959999918937683,0.9273999929428101
YIR009W,YGL037C,0,-7.4854493,0.09697205573320389,0.9959999918937683,0.9275000095367432
YDR009W,YFL002C,0,-7.486348,0.09696261584758759,0.9959999918937683,0.9276000261306763
YJL030W,YDL039C,0,-7.4870143,0.09695317596197128,0.9959999918937683,0.9276999831199646
YGL037C,YBL025W,0,-7.4876966,0.09694374352693558,0.9959999918937683,0.9277999997138977
YAL015C,YDR404C,0,-7.4891896,0.09693430364131927,0.9959999918937683,0.9279000163078308
YHR052W,YBR218C,0,-7.489782,0.09692487120628357,0.9959999918937683,0.9279999732971191
YPL208W,YMR322C,0,-7.4899516,0.09691543877124786,0.9959999918937683,0.9280999898910522
YGL200C,YPL171C,0,-7.48996,0.09690601378679276,0.9959999918937683,0.9282000064849854
YBL019W,YNL112W,0,-7.4902315,0.09689658880233765,0.9959999918937683,0.9283000230789185
YGL162W,YKL126W,0,-7.491304,0.09688715636730194,0.9959999918937683,0.9283999800682068
YKR061W,YHR065C,0,-7.4916725,0.09687773883342743,0.9959999918937683,0.9284999966621399
YCR010C,YKL021C,0,-7.4917874,0.09686831384897232,0.9959999918937683,0.928600013256073
YPR201W,YBR088C,0,-7.492983,0.09685889631509781,0.9959999918937683,0.9286999702453613
YNL130C,YGR128C,0,-7.49333,0.0968494713306427,0.9959999918937683,0.9287999868392944
YAL012W,YBR247C,0,-7.4938498,0.09684006124734879,0.9959999918937683,0.9289000034332275
YJL219W,YDL084W,0,-7.4944687,0.09683064371347427,0.9959999918937683,0.9290000200271606
YIL040W,YOR230W,0,-7.4957705,0.09682123363018036,0.9959999918937683,0.929099977016449
YKR025W,YJR009C,0,-7.496191,0.09681181609630585,0.9959999918937683,0.9291999936103821
YDR216W,YJR132W,0,-7.496204,0.09680241346359253,0.9959999918937683,0.9293000102043152
YLR293C,YPL258C,0,-7.496355,0.09679300338029861,0.9959999918937683,0.9294000267982483
YLR390W-A,YMR263W,0,-7.496356,0.0967836007475853,0.9959999918937683,0.9294999837875366
YGR289C,YHR167W,0,-7.4973674,0.09677419066429138,0.9959999918937683,0.9296000003814697
YPR021C,YNL062C,0,-7.4979076,0.09676478803157806,0.9959999918937683,0.9297000169754028
YLR047C,YOR281C,0,-7.4982657,0.09675539284944534,0.9959999918937683,0.9297999739646912
YDR184C,YGL073W,0,-7.4997835,0.09674599021673203,0.9959999918937683,0.9298999905586243
YCL025C,YDR515W,0,-7.499908,0.0967365950345993,0.9959999918937683,0.9300000071525574
YNL101W,YGL106W,0,-7.500352,0.09672719985246658,0.9959999918937683,0.9301000237464905
YOR023C,YDL153C,0,-7.5009155,0.09671781212091446,0.9959999918937683,0.9301999807357788
YJR137C,YER049W,0,-7.50101,0.09670841693878174,0.9959999918937683,0.9302999973297119
YKR031C,YLR150W,0,-7.502903,0.09669902920722961,0.9959999918937683,0.930400013923645
YKL101W,YER126C,0,-7.504043,0.09668964147567749,0.9959999918937683,0.9304999709129333
YDR258C,YLR154C,0,-7.5056953,0.09668025374412537,0.9959999918937683,0.9305999875068665
YOR144C,YGR264C,0,-7.506256,0.09667087346315384,0.9959999918937683,0.9307000041007996
YMR165C,YKL178C,0,-7.5072412,0.09666149318218231,0.9959999918937683,0.9308000206947327
YOR145C,YHR111W,0,-7.509242,0.09665211290121078,0.9959999918937683,0.930899977684021
YPR132W,YOR043W,0,-7.5097003,0.09664273262023926,0.9959999918937683,0.9309999942779541
YMR322C,YDR346C,0,-7.5099473,0.09663335233926773,0.9959999918937683,0.9311000108718872
YHR030C,YMR093W,0,-7.510952,0.0966239795088768,0.9959999918937683,0.9312000274658203
YGR191W,YBR088C,0,-7.511257,0.09661460667848587,0.9959999918937683,0.9312999844551086
YPL188W,YPL012W,0,-7.511939,0.09660524129867554,0.9959999918937683,0.9314000010490417
YNL302C,YJR049C,0,-7.512656,0.0965958684682846,0.9959999918937683,0.9315000176429749
YGL078C,YOR157C,0,-7.513338,0.09658650308847427,0.9959999918937683,0.9315999746322632
YLR397C,YLR023C,0,-7.514267,0.09657713770866394,0.9959999918937683,0.9316999912261963
YDL014W,YLR176C,0,-7.514621,0.09656777232885361,0.9959999918937683,0.9318000078201294
YJR147W,YKL170W,0,-7.5156045,0.09655840694904327,0.9959999918937683,0.9319000244140625
YIL160C,YLR150W,0,-7.515694,0.09654904901981354,0.9959999918937683,0.9319999814033508
YOR133W,YMR015C,0,-7.517984,0.0965396910905838,0.9959999918937683,0.9320999979972839
YDL003W,YPR198W,0,-7.518136,0.09653033316135406,0.9959999918937683,0.932200014591217
YJL014W,YDL024C,0,-7.5186625,0.09652098268270493,0.9959999918937683,0.9322999715805054
YOR185C,YDR181C,0,-7.5187073,0.09651162475347519,0.9959999918937683,0.9323999881744385
YMR212C,YNL241C,0,-7.520301,0.09650227427482605,0.9959999918937683,0.9325000047683716
YLR095C,YGR008C,0,-7.520922,0.09649293124675751,0.9959999918937683,0.9326000213623047
YNL080C,YML120C,0,-7.522125,0.09648358076810837,0.9959999918937683,0.932699978351593
YJR147W,YDR150W,0,-7.5229692,0.09647423774003983,0.9959999918937683,0.9327999949455261
YJL102W,YDL084W,0,-7.5247283,0.09646489471197128,0.9959999918937683,0.9329000115394592
YMR177W,YAL055W,0,-7.5266314,0.09645555168390274,0.9959999918937683,0.9330000281333923
YDR279W,YNL160W,0,-7.526648,0.0964462086558342,0.9959999918937683,0.9330999851226807
YHR148W,YDR503C,0,-7.527186,0.09643687307834625,0.9959999918937683,0.9332000017166138
YPL221W,YER012W,0,-7.528577,0.0964275375008583,0.9959999918937683,0.9333000183105469
YJL073W,YDR091C,0,-7.531116,0.09641820192337036,0.9959999918937683,0.9333999752998352
YDR517W,YML065W,0,-7.5331345,0.09640886634588242,0.9959999918937683,0.9334999918937683
YLR411W,YOR233W,0,-7.533432,0.09639953821897507,0.9959999918937683,0.9336000084877014
YPL002C,YKL099C,0,-7.5334764,0.09639020264148712,0.9959999918937683,0.9337000250816345
YBR298C,YJL089W,0,-7.534287,0.09638088196516037,0.9959999918937683,0.9337999820709229
YLR276C,YLR135W,0,-7.5345435,0.09637155383825302,0.9959999918937683,0.933899998664856
YER127W,YBL007C,0,-7.535702,0.09636222571134567,0.9959999918937683,0.9340000152587891
YCR005C,YBR172C,0,-7.5365477,0.09635290503501892,0.9959999918937683,0.9340999722480774
YHL002W,YLR150W,0,-7.5369864,0.09634358435869217,0.9959999918937683,0.9341999888420105
YMR015C,YPR144C,0,-7.538345,0.09633427113294601,0.9959999918937683,0.9343000054359436
YLR215C,YBR280C,0,-7.5386915,0.09632495045661926,0.9959999918937683,0.9344000220298767
YIR005W,YJL042W,0,-7.5411806,0.09631563723087311,0.9959999918937683,0.934499979019165
YNR035C,YLR003C,0,-7.541891,0.09630632400512695,0.9959999918937683,0.9345999956130981
YML060W,YMR201C,0,-7.5433664,0.0962970107793808,0.9959999918937683,0.9347000122070312
YPR065W,YDR398W,0,-7.544706,0.09628770500421524,0.9959999918937683,0.9348000288009644
YDL174C,YIL131C,0,-7.5448823,0.09627839177846909,0.9959999918937683,0.9348999857902527
YGR225W,YER065C,0,-7.545661,0.09626908600330353,0.9959999918937683,0.9350000023841858
YNL001W,YOR084W,0,-7.5460405,0.09625978767871857,0.9959999918937683,0.9351000189781189
YLR423C,YHR062C,0,-7.5461044,0.09625048190355301,0.9959999918937683,0.9351999759674072
YIL155C,YIL031W,0,-7.5479193,0.09624118357896805,0.9959999918937683,0.9352999925613403
YHR082C,YDR198C,0,-7.548208,0.09623188525438309,0.9959999918937683,0.9354000091552734
YKL185W,YDR358W,0,-7.54822,0.09622258692979813,0.9959999918937683,0.9355000257492065
YCL035C,YEL060C,0,-7.5482755,0.09621328860521317,0.9959999918937683,0.9355999827384949
YIR033W,YNR053C,0,-7.5487556,0.0962039977312088,0.9959999918937683,0.935699999332428
YMR303C,YDL097C,0,-7.548812,0.09619470685720444,0.9959999918937683,0.9358000159263611
YHR088W,YOR272W,0,-7.5490475,0.09618541598320007,0.9959999918937683,0.9358999729156494
YJR132W,YPL058C,0,-7.5495043,0.0961761325597763,0.9959999918937683,0.9359999895095825
YNR001C,YNL126W,0,-7.5504265,0.09616684168577194,0.9959999918937683,0.9361000061035156
YLR396C,YBR183W,0,-7.551448,0.09615755826234818,0.9959999918937683,0.9362000226974487
YJR105W,YFR030W,0,-7.5519733,0.09614827483892441,0.9959999918937683,0.9362999796867371
YPR137W,YKL166C,0,-7.552684,0.09613899886608124,0.9959999918937683,0.9363999962806702
YHR074W,YCR031C,0,-7.552858,0.09612971544265747,0.9959999918937683,0.9365000128746033
YJR097W,YGL143C,0,-7.553241,0.0961204394698143,0.9959999918937683,0.9366000294685364
YPL075W,YLR079W,0,-7.5535755,0.09611116349697113,0.9959999918937683,0.9366999864578247
YDR096W,YOL142W,0,-7.5543137,0.09610188752412796,0.9959999918937683,0.9368000030517578
YOR094W,YLR092W,0,-7.555429,0.09609261900186539,0.9959999918937683,0.9369000196456909
YGR088W,YFL034C-B,0,-7.555623,0.09608335047960281,0.9959999918937683,0.9369999766349792
YBR275C,YNL202W,0,-7.558235,0.09607408195734024,0.9959999918937683,0.9370999932289124
YNR043W,YGR245C,0,-7.559632,0.09606481343507767,0.9959999918937683,0.9372000098228455
YNL080C,YPL154C,0,-7.559897,0.09605555236339569,0.9959999918937683,0.9373000264167786
YMR119W,YDR280W,0,-7.5601444,0.09604628384113312,0.9959999918937683,0.9373999834060669
YOR208W,YOL010W,0,-7.5602655,0.09603702276945114,0.9959999918937683,0.9375
YFL058W,YGR128C,0,-7.560539,0.09602776914834976,0.9959999918937683,0.9376000165939331
YMR292W,YIL125W,0,-7.560688,0.09601850807666779,0.9959999918937683,0.9376999735832214
YER062C,YKR048C,0,-7.5623035,0.0960092544555664,0.9959999918937683,0.9377999901771545
YDR184C,YIL048W,0,-7.5643387,0.09600000083446503,0.9959999918937683,0.9379000067710876
YLR068W,YIL023C,0,-7.564385,0.09599074721336365,0.9959999918937683,0.9380000233650208
YMR161W,YBR092C,0,-7.5643873,0.09598150104284286,0.9959999918937683,0.9380999803543091
YGR088W,YER005W,0,-7.5654974,0.09597224742174149,0.9959999918937683,0.9381999969482422
YGL191W,YOR361C,0,-7.567335,0.0959630012512207,0.9959999918937683,0.9383000135421753
YMR250W,YKL008C,0,-7.568011,0.09595375508069992,0.9959999918937683,0.9383999705314636
YGR119C,YOR347C,0,-7.568735,0.09594451636075974,0.9959999918937683,0.9384999871253967
YJR143C,YGR046W,0,-7.5692863,0.09593527019023895,0.9959999918937683,0.9386000037193298
YDR512C,YDL040C,0,-7.5696354,0.09592603147029877,0.9959999918937683,0.9387000203132629
YPL171C,YPR080W,0,-7.569659,0.09591679275035858,0.9959999918937683,0.9387999773025513
YNL182C,YIL123W,0,-7.5699654,0.09590756148099899,0.9959999918937683,0.9388999938964844
YGL021W,YNL202W,0,-7.570948,0.09589832276105881,0.9959999918937683,0.9390000104904175
YKL060C,YGL171W,0,-7.5748053,0.09588909149169922,0.9959999918937683,0.9391000270843506
YPR113W,YCR061W,0,-7.5750194,0.09587986022233963,0.9959999918937683,0.9391999840736389
YHR116W,YPL211W,0,-7.575036,0.09587062895298004,0.9959999918937683,0.939300000667572
YAR033W,YMR229C,0,-7.5752707,0.09586140513420105,0.9959999918937683,0.9394000172615051
YNR002C,YOL094C,0,-7.576153,0.09585218131542206,0.9959999918937683,0.9394999742507935
YCR020W-B,YBR066C,0,-7.576666,0.09584295749664307,0.9959999918937683,0.9395999908447266
YBL078C,YHR091C,0,-7.576684,0.09583373367786407,0.9959999918937683,0.9397000074386597
YHR148W,YBR097W,0,-7.576811,0.09582451730966568,0.9959999918937683,0.9398000240325928
YBR142W,YOR298C-A,0,-7.5774765,0.09581529349088669,0.9959999918937683,0.9398999810218811
YNL062C,YFR055W,0,-7.5776634,0.0958060771226883,0.9959999918937683,0.9399999976158142
YOL115W,YHR001W-A,0,-7.581461,0.0957968682050705,0.9959999918937683,0.9401000142097473
YAL035W,YKL178C,0,-7.581995,0.0957876518368721,0.9959999918937683,0.9401999711990356
YPR057W,YEL041W,0,-7.5845675,0.0957784429192543,0.9959999918937683,0.9402999877929688
YGL256W,YML057W,0,-7.58634,0.0957692340016365,0.9959999918937683,0.9404000043869019
YGL038C,YKL125W,0,-7.5868106,0.09576002508401871,0.9959999918937683,0.940500020980835
YGL253W,YKL040C,0,-7.5871453,0.09575081616640091,0.9959999918937683,0.9405999779701233
YGR264C,YCR020C,0,-7.587473,0.09574161469936371,0.9959999918937683,0.9406999945640564
YBR132C,YDR414C,0,-7.587509,0.09573241323232651,0.9959999918937683,0.9408000111579895
YKL056C,YKL035W,0,-7.588438,0.0957232117652893,0.9959999918937683,0.9409000277519226
YHR007C,YOR301W,0,-7.589615,0.0957140102982521,0.9959999918937683,0.9409999847412109
YNL201C,YGR161C,0,-7.5906305,0.0957048162817955,0.9959999918937683,0.941100001335144
YJL170C,YPL126W,0,-7.5907216,0.0956956222653389,0.9959999918937683,0.9412000179290771
YHR157W,YPR010C,0,-7.5911927,0.0956864282488823,0.9959999918937683,0.9412999749183655
YGR245C,YDL052C,0,-7.5928764,0.09567723423242569,0.9959999918937683,0.9413999915122986
YBR244W,YMR143W,0,-7.592991,0.09566804021596909,0.9959999918937683,0.9415000081062317
YHR004C,YNL002C,0,-7.5932283,0.09565885365009308,0.9959999918937683,0.9416000247001648
YNR001C,YGR108W,0,-7.593598,0.09564966708421707,0.9959999918937683,0.9416999816894531
YNL232W,YCL052C,0,-7.5948844,0.09564048051834106,0.9959999918937683,0.9417999982833862
YMR076C,YJR063W,0,-7.594886,0.09563130140304565,0.9959999918937683,0.9419000148773193
YHR068W,YJR035W,0,-7.595912,0.09562212228775024,0.9959999918937683,0.9419999718666077
YDL002C,YJR145C,0,-7.5965805,0.09561294317245483,0.9959999918937683,0.9420999884605408
YNL293W,YOL093W,0,-7.597521,0.09560376405715942,0.9959999918937683,0.9422000050544739
YHR068W,YGL216W,0,-7.5981445,0.09559458494186401,0.9959999918937683,0.942300021648407
YBR155W,YBR105C,0,-7.5983524,0.0955854132771492,0.9959999918937683,0.9423999786376953
YER106W,YLR354C,0,-7.599079,0.09557624161243439,0.9959999918937683,0.9424999952316284
YFR037C,YKR053C,0,-7.6007023,0.09556706994771957,0.9959999918937683,0.9426000118255615
YML042W,YGL255W,0,-7.6007605,0.09555789828300476,0.9959999918937683,0.9427000284194946
YML080W,YKL038W,0,-7.601289,0.09554873406887054,0.9959999918937683,0.942799985408783
YIL070C,YOL094C,0,-7.601902,0.09553956985473633,0.9959999918937683,0.9429000020027161
YOR033C,YEL060C,0,-7.6022596,0.09553040564060211,0.9959999918937683,0.9430000185966492
YMR225C,YNL279W,0,-7.602499,0.0955212414264679,0.9959999918937683,0.9430999755859375
YMR128W,YNL007C,0,-7.603079,0.09551208466291428,0.9959999918937683,0.9431999921798706
YKL001C,YDL148C,0,-7.603655,0.09550292789936066,0.9959999918937683,0.9433000087738037
YDR244W,YDL081C,0,-7.6056323,0.09549377113580704,0.9959999918937683,0.9434000253677368
YER061C,YOR380W,0,-7.607047,0.09548461437225342,0.9959999918937683,0.9434999823570251
YKL026C,YOR270C,0,-7.6075087,0.0954754576086998,0.9959999918937683,0.9435999989509583
YBR160W,YMR104C,0,-7.609021,0.09546630829572678,0.9959999918937683,0.9437000155448914
YPL126W,YDL201W,0,-7.610201,0.09545715898275375,0.9959999918937683,0.9437999725341797
YMR083W,YLR377C,0,-7.613206,0.09544800966978073,0.9959999918937683,0.9438999891281128
YIL035C,YEL012W,0,-7.6137853,0.0954388678073883,0.9959999918937683,0.9440000057220459
YML057W,YCR035C,0,-7.614105,0.09542971849441528,0.9959999918937683,0.944100022315979
YER045C,YBR123C,1,-7.616486,0.0955163836479187,0.996999979019165,0.944100022315979
YGL078C,YHR157W,0,-7.6168594,0.09550723433494568,0.996999979019165,0.9441999793052673
YER045C,YGR005C,1,-7.617021,0.09559386968612671,0.9980000257492065,0.9441999793052673
YIL155C,YJR042W,0,-7.618125,0.09558471292257309,0.9980000257492065,0.9442999958992004
YKL185W,YLR014C,0,-7.6182075,0.09557556360960007,0.9980000257492065,0.9444000124931335
YER020W,YPL050C,0,-7.6183376,0.09556640684604645,0.9980000257492065,0.9445000290870667
YPL006W,YPR010C,0,-7.618946,0.09555725753307343,0.9980000257492065,0.944599986076355
YER162C,YDR398W,0,-7.619767,0.0955481082201004,0.9980000257492065,0.9447000026702881
YJL031C,YLR222C,0,-7.6200504,0.09553895890712738,0.9980000257492065,0.9448000192642212
YPR065W,YOR224C,0,-7.6205406,0.09552981704473495,0.9980000257492065,0.9448999762535095
YGR200C,YLL019C,0,-7.6213684,0.09552067518234253,0.9980000257492065,0.9449999928474426
YIL051C,YOR004W,0,-7.6216583,0.0955115333199501,0.9980000257492065,0.9451000094413757
YLR223C,YNL026W,0,-7.6222925,0.09550239145755768,0.9980000257492065,0.9452000260353088
YBR072W,YGL008C,0,-7.622568,0.09549325704574585,0.9980000257492065,0.9452999830245972
YGL066W,YML052W,0,-7.6227493,0.09548411518335342,0.9980000257492065,0.9453999996185303
YLR150W,YHR012W,0,-7.623619,0.0954749807715416,0.9980000257492065,0.9455000162124634
YOR036W,YNL102W,0,-7.6240892,0.09546585381031036,0.9980000257492065,0.9455999732017517
YOR027W,YOR143C,0,-7.6243067,0.09545671939849854,0.9980000257492065,0.9456999897956848
YGL143C,YML043C,0,-7.625074,0.0954475924372673,0.9980000257492065,0.9458000063896179
YOL093W,YNL241C,0,-7.625766,0.09543846547603607,0.9980000257492065,0.945900022983551
YPL202C,YAL001C,1,-7.626545,0.09552495926618576,0.9990000128746033,0.945900022983551
YMR022W,YKL014C,0,-7.626997,0.09551582485437393,0.9990000128746033,0.9459999799728394
YDR171W,YPR080W,0,-7.6269975,0.0955066904425621,0.9990000128746033,0.9460999965667725
YIL155C,YKR086W,0,-7.6292295,0.09549756348133087,0.9990000128746033,0.9462000131607056
YOL086C,YPL133C,0,-7.6299353,0.09548843652009964,0.9990000128746033,0.9463000297546387
YDR488C,YGR245C,0,-7.632177,0.09547930955886841,0.9990000128746033,0.946399986743927
YKR031C,YIR012W,0,-7.632885,0.09547018259763718,0.9990000128746033,0.9465000033378601
YPL061W,YIL097W,0,-7.633384,0.09546106308698654,0.9990000128746033,0.9466000199317932
YIR028W,YGL043W,0,-7.6350546,0.09545193612575531,0.9990000128746033,0.9466999769210815
YPR001W,YMR032W,0,-7.635213,0.09544281661510468,0.9990000128746033,0.9467999935150146
YLR270W,YOR133W,0,-7.635592,0.09543370455503464,0.9990000128746033,0.9469000101089478
YLR318W,YOL127W,0,-7.635596,0.095424585044384,0.9990000128746033,0.9470000267028809
YKL068W,YPR010C,0,-7.635766,0.09541547298431396,0.9990000128746033,0.9470999836921692
YDR022C,YGL097W,0,-7.6371884,0.09540636092424393,0.9990000128746033,0.9472000002861023
YJL102W,YMR182C,0,-7.637973,0.09539724886417389,0.9990000128746033,0.9473000168800354
YGR070W,YPL210C,0,-7.6389914,0.09538814425468445,0.9990000128746033,0.9473999738693237
YOL145C,YFL014W,0,-7.63958,0.09537903219461441,0.9990000128746033,0.9474999904632568
YNL202W,YJL054W,0,-7.639593,0.09536992758512497,0.9990000128746033,0.9476000070571899
YKL009W,YGR183C,0,-7.6409116,0.09536082297563553,0.9990000128746033,0.947700023651123
YBL015W,YLR014C,0,-7.641336,0.09535172581672668,0.9990000128746033,0.9477999806404114
YKL016C,YCL026C-A,0,-7.6427593,0.09534262120723724,0.9990000128746033,0.9478999972343445
YDR079W,YJR009C,0,-7.64316,0.0953335240483284,0.9990000128746033,0.9480000138282776
YBR155W,YJR002W,0,-7.645192,0.09532442688941956,0.9990000128746033,0.9480999708175659
YLR435W,YJL059W,0,-7.6459923,0.09531532973051071,0.9990000128746033,0.948199987411499
YOR133W,YJL173C,0,-7.6469536,0.09530624002218246,0.9990000128746033,0.9483000040054321
YGL181W,YAL025C,0,-7.6469674,0.09529715031385422,0.9990000128746033,0.9484000205993652
YPL265W,YHR133C,0,-7.6470833,0.09528806060552597,0.9990000128746033,0.9484999775886536
YHL036W,YNL088W,0,-7.647115,0.09527897089719772,0.9990000128746033,0.9485999941825867
YBL098W,YER127W,0,-7.6471624,0.09526988118886948,0.9990000128746033,0.9487000107765198
YFL058W,YPR163C,0,-7.6471653,0.09526079893112183,0.9990000128746033,0.9488000273704529
YGL106W,YGR239C,0,-7.6475525,0.09525171667337418,0.9990000128746033,0.9488999843597412
YCR089W,YLR221C,0,-7.6499996,0.09524263441562653,0.9990000128746033,0.9490000009536743
YER062C,YIL173W,0,-7.6512523,0.09523355215787888,0.9990000128746033,0.9491000175476074
YGR007W,YKL051W,0,-7.65178,0.09522447735071182,0.9990000128746033,0.9491999745368958
YMR004W,YIL052C,0,-7.652084,0.09521540254354477,0.9990000128746033,0.9492999911308289
YDR342C,YJR068W,0,-7.6529493,0.09520632773637772,0.9990000128746033,0.949400007724762
YNL270C,YER107C,0,-7.653375,0.09519725292921066,0.9990000128746033,0.9495000243186951
YIL155C,YDR323C,0,-7.6543226,0.0951881855726242,0.9990000128746033,0.9495999813079834
YOR310C,YNL243W,0,-7.6545763,0.09517911821603775,0.9990000128746033,0.9496999979019165
YOL164W,YMR277W,0,-7.655542,0.0951700508594513,0.9990000128746033,0.9498000144958496
YLR266C,YOR230W,0,-7.6566677,0.09516098350286484,0.9990000128746033,0.9498999714851379
YKL014C,YOR132W,0,-7.6580667,0.09515191614627838,0.9990000128746033,0.949999988079071
YDR516C,YCL031C,0,-7.658706,0.09514285624027252,0.9990000128746033,0.9501000046730042
YER045C,YDR460W,1,-7.658819,0.09522902220487595,1.0,0.9501000046730042
YOR049C,YGL169W,0,-7.65898,0.09521995484828949,1.0,0.9502000212669373
YHR124W,YPR010C,0,-7.661311,0.09521089494228363,1.0,0.9502999782562256
YBR215W,YHL036W,0,-7.6624937,0.09520182758569717,1.0,0.9503999948501587
YIL155C,YDR523C,0,-7.6624947,0.09519276767969131,1.0,0.9505000114440918
YOL090W,YPR163C,0,-7.6630054,0.09518370777368546,1.0,0.9506000280380249
YKL013C,YMR142C,0,-7.6646986,0.0951746478676796,1.0,0.9506999850273132
YJR002W,YDR346C,0,-7.6657515,0.09516558796167374,1.0,0.9508000016212463
YNL328C,YDR300C,0,-7.668086,0.09515653550624847,1.0,0.9509000182151794
YMR041C,YBL061C,0,-7.6719255,0.09514747560024261,1.0,0.9509999752044678
YNL164C,YOR136W,0,-7.6721005,0.09513842314481735,1.0,0.9510999917984009
YMR311C,YOL124C,0,-7.6738257,0.09512937813997269,1.0,0.951200008392334
YPL093W,YBR093C,0,-7.6739793,0.09512032568454742,1.0,0.9513000249862671
YNL148C,YOL010W,0,-7.6742086,0.09511128067970276,1.0,0.9513999819755554
YCL025C,YOR284W,0,-7.675593,0.0951022356748581,1.0,0.9514999985694885
YOL063C,YGR128C,0,-7.6789985,0.09509319067001343,1.0,0.9516000151634216
YEL030W,YFL045C,0,-7.6800914,0.09508415311574936,1.0,0.95169997215271
YBR029C,YNR060W,0,-7.6803336,0.0950751081109047,1.0,0.9517999887466431
YGL008C,YBR165W,0,-7.6817327,0.09506607055664062,1.0,0.9519000053405762
YJL091C,YBR105C,0,-7.681735,0.09505703300237656,1.0,0.9520000219345093
YAL026C,YEL026W,0,-7.6835604,0.09504800289869308,1.0,0.9520999789237976
YPL178W,YIR017C,0,-7.6837726,0.09503896534442902,1.0,0.9521999955177307
YDL095W,YHR066W,0,-7.6849794,0.09502993524074554,1.0,0.9523000121116638
YDR022C,YNL207W,0,-7.6855407,0.09502090513706207,1.0,0.9524000287055969
YLR074C,YBR177C,0,-7.687531,0.0950118750333786,1.0,0.9524999856948853
YBR168W,YMR229C,0,-7.687751,0.09500285238027573,1.0,0.9526000022888184
YJL209W,YGR088W,0,-7.68785,0.09499382227659225,1.0,0.9527000188827515
YMR011W,YML120C,0,-7.688302,0.09498479962348938,1.0,0.9527999758720398
YHR096C,YKR061W,0,-7.688627,0.0949757844209671,1.0,0.9528999924659729
YPL256C,YLR165C,0,-7.6902137,0.09496676176786423,1.0,0.953000009059906
YDR216W,YOR145C,0,-7.690359,0.09495774656534195,1.0,0.9531000256538391
YNL130C,YGR249W,0,-7.6904793,0.09494873136281967,1.0,0.9531999826431274
YPR075C,YDR382W,0,-7.6918645,0.0949397161602974,1.0,0.9532999992370605
YLR397C,YDR069C,0,-7.6920624,0.09493070095777512,1.0,0.9534000158309937
YJL102W,YDL213C,0,-7.693341,0.09492169320583344,1.0,0.953499972820282
YBR110W,YJL148W,0,-7.6960864,0.09491267800331116,1.0,0.9535999894142151
YGR239C,YOL143C,0,-7.6980886,0.09490367025136948,1.0,0.9537000060081482
YHR007C,YBR195C,0,-7.7001505,0.09489466995000839,1.0,0.9538000226020813
YCR031C,YGR013W,0,-7.700158,0.09488566219806671,1.0,0.9538999795913696
YBR143C,YOR084W,0,-7.7003508,0.09487666189670563,1.0,0.9539999961853027
YMR250W,YOL003C,0,-7.700739,0.09486766159534454,1.0,0.9541000127792358
YKL143W,YOR145C,0,-7.701669,0.09485866129398346,1.0,0.954200029373169
YBR247C,YGR121C,0,-7.702634,0.09484966099262238,1.0,0.9542999863624573
YDR437W,YBL075C,0,-7.7029743,0.09484066814184189,1.0,0.9544000029563904
YGL169W,YDR398W,0,-7.703169,0.0948316752910614,1.0,0.9545000195503235
YJL138C,YOL028C,0,-7.7044473,0.09482268244028091,1.0,0.9545999765396118
YNL279W,YOR132W,0,-7.7045,0.09481368958950043,1.0,0.9546999931335449
YGL209W,YPL094C,0,-7.7046394,0.09480470418930054,1.0,0.954800009727478
YNL182C,YOR014W,0,-7.7073383,0.09479571878910065,1.0,0.9549000263214111
YDL085W,YKR025W,0,-7.707365,0.09478673338890076,1.0,0.9549999833106995
YFL014W,YML025C,0,-7.7084084,0.09477774798870087,1.0,0.9550999999046326
YDR184C,YNL297C,0,-7.7097807,0.09476876258850098,1.0,0.9552000164985657
YGR088W,YDR411C,0,-7.7121596,0.09475978463888168,1.0,0.955299973487854
YJL071W,YOR204W,0,-7.7124267,0.09475080668926239,1.0,0.9553999900817871
YMR116C,YNL133C,0,-7.7131834,0.0947418287396431,1.0,0.9555000066757202
YLR324W,YPR113W,0,-7.713448,0.0947328507900238,1.0,0.9556000232696533
YNL004W,YEL012W,0,-7.7147317,0.09472388029098511,1.0,0.9556999802589417
YDR331W,YMR104C,0,-7.716153,0.09471490979194641,1.0,0.9557999968528748
YGR247W,YMR049C,0,-7.716703,0.09470593929290771,1.0,0.9559000134468079
YLR129W,YGL209W,0,-7.7179327,0.09469696879386902,1.0,0.9559999704360962
YNL037C,YDR449C,0,-7.7191143,0.09468800574541092,1.0,0.9560999870300293
YMR285C,YKL148C,0,-7.7203503,0.09467903524637222,1.0,0.9562000036239624
YOR237W,YGR123C,0,-7.7233734,0.09467007219791412,1.0,0.9563000202178955
YJL060W,YGL247W,0,-7.723788,0.09466111660003662,1.0,0.9563999772071838
YBR195C,YJL191W,0,-7.725146,0.09465215355157852,1.0,0.9564999938011169
YFR024C-A,YER029C,0,-7.726739,0.09464319795370102,1.0,0.95660001039505
YLL011W,YCR073W-A,0,-7.7275076,0.09463424235582352,1.0,0.9567000269889832
YNR002C,YMR059W,0,-7.7289853,0.09462528675794601,1.0,0.9567999839782715
YNL182C,YOL126C,0,-7.729511,0.09461633116006851,1.0,0.9569000005722046
YNL159C,YKL029C,0,-7.729851,0.0946073830127716,1.0,0.9570000171661377
YMR198W,YDR171W,0,-7.7298985,0.0945984274148941,1.0,0.957099974155426
YHR169W,YGL084C,0,-7.73089,0.0945894792675972,1.0,0.9571999907493591
YER054C,YBR130C,0,-7.7322903,0.09458053857088089,1.0,0.9573000073432922
YLR448W,YHR012W,0,-7.733402,0.09457159042358398,1.0,0.9574000239372253
YLL026W,YOR295W,0,-7.7339606,0.09456264972686768,1.0,0.9574999809265137
YBL078C,YGL247W,0,-7.7365847,0.09455370903015137,1.0,0.9575999975204468
YDR512C,YGR083C,0,-7.7368174,0.09454476833343506,1.0,0.9577000141143799
YNL065W,YGL191W,0,-7.73704,0.09453582763671875,1.0,0.9577999711036682
YDR046C,YKR099W,0,-7.7382455,0.09452689439058304,1.0,0.9578999876976013
YCL025C,YLR417W,0,-7.7391653,0.09451796114444733,1.0,0.9580000042915344
YOL043C,YDL081C,0,-7.739379,0.09450902789831161,1.0,0.9581000208854675
YOR377W,YOR230W,0,-7.739457,0.0945000946521759,1.0,0.9581999778747559
YNL036W,YHR157W,0,-7.7397804,0.09449116140604019,1.0,0.958299994468689
YEL015W,YOR120W,0,-7.7404413,0.09448223561048508,1.0,0.9584000110626221
YOL126C,YDR240C,0,-7.7412634,0.09447330981492996,1.0,0.9585000276565552
YBR132C,YGL016W,0,-7.7431407,0.09446438401937485,1.0,0.9585999846458435
YDL208W,YOL128C,0,-7.744415,0.09445546567440033,1.0,0.9587000012397766
YDL192W,YIL160C,0,-7.7473545,0.09444653987884521,1.0,0.9588000178337097
YDL008W,YGL008C,0,-7.7476583,0.0944376215338707,1.0,0.958899974822998
YOR020C,YNL299W,0,-7.7492533,0.09442870318889618,1.0,0.9589999914169312
YHR170W,YPL156C,0,-7.7535586,0.09441979229450226,1.0,0.9591000080108643
YHL038C,YPL131W,0,-7.755723,0.09441087394952774,1.0,0.9592000246047974
YMR128W,YBL106C,0,-7.7592134,0.09440196305513382,1.0,0.9592999815940857
YBL047C,YPR163C,0,-7.7593985,0.0943930521607399,1.0,0.9593999981880188
YGL048C,YDL130W-A,0,-7.759852,0.09438414126634598,1.0,0.9595000147819519
YPR112C,YBR088C,0,-7.7607727,0.09437523782253265,1.0,0.9595999717712402
YBR040W,YPL188W,0,-7.760901,0.09436632692813873,1.0,0.9596999883651733
YNR001C,YKL212W,0,-7.7613273,0.09435742348432541,1.0,0.9598000049591064
YHR085W,YKL014C,0,-7.7646356,0.09434852004051208,1.0,0.9599000215530396
YBR172C,YGR080W,0,-7.7668266,0.09433962404727936,1.0,0.9599999785423279
YLR330W,YKR081C,0,-7.7745185,0.09433072060346603,1.0,0.960099995136261
YLR264W,YNL241C,0,-7.7783012,0.0943218246102333,1.0,0.9602000117301941
YJL122W,YPL269W,0,-7.778309,0.09431292861700058,1.0,0.9603000283241272
YHL038C,YER072W,0,-7.778324,0.09430403262376785,1.0,0.9603999853134155
YGL209W,YDL081C,0,-7.7797155,0.09429514408111572,1.0,0.9605000019073486
YGR070W,YDL111C,0,-7.7805214,0.09428625553846359,1.0,0.9606000185012817
YDR440W,YGL037C,0,-7.781975,0.09427736699581146,1.0,0.9606999754905701
YCL059C,YPR103W,0,-7.7821445,0.09426847845315933,1.0,0.9607999920845032
YIL155C,YER070W,0,-7.7838907,0.0942595899105072,1.0,0.9609000086784363
YMR290C,YML065W,0,-7.7853227,0.09425070881843567,1.0,0.9610000252723694
YJR002W,YOR085W,0,-7.785466,0.09424182772636414,1.0,0.9610999822616577
YOR168W,YKL150W,0,-7.7867208,0.0942329466342926,1.0,0.9611999988555908
YEL029C,YBR280C,0,-7.787069,0.09422406554222107,1.0,0.9613000154495239
YER002W,YHR066W,0,-7.789323,0.09421518445014954,1.0,0.9613999724388123
YPL110C,YBR048W,0,-7.7905054,0.0942063108086586,1.0,0.9614999890327454
YGL191W,YHR143W,0,-7.7921886,0.09419743716716766,1.0,0.9616000056266785
YPL100W,YDR297W,0,-7.795377,0.09418856352567673,1.0,0.9617000222206116
YGR108W,YPL170W,0,-7.7971115,0.09417969733476639,1.0,0.9617999792098999
YGL093W,YOR004W,0,-7.7974386,0.09417082369327545,1.0,0.961899995803833
YGL124C,YDL148C,0,-7.7985663,0.09416195750236511,1.0,0.9620000123977661
YER054C,YPL210C,0,-7.799346,0.09415309131145477,1.0,0.9621000289916992
YLR215C,YER044C,0,-7.7997446,0.09414423257112503,1.0,0.9621999859809875
YNL042W,YJL191W,0,-7.8000307,0.09413536638021469,1.0,0.9623000025749207
YOR288C,YPR112C,0,-7.800948,0.09412650763988495,1.0,0.9624000191688538
YOR067C,YGR142W,0,-7.80882,0.0941176488995552,1.0,0.9624999761581421
YJR065C,YGL246C,0,-7.8096905,0.09410879015922546,1.0,0.9625999927520752
YER056C,YHR038W,0,-7.81078,0.09409993141889572,1.0,0.9627000093460083
YPL256C,YDR080W,0,-7.8131685,0.09409108012914658,1.0,0.9628000259399414
YDR272W,YLR448W,0,-7.815747,0.09408222883939743,1.0,0.9628999829292297
YFR021W,YNL113W,0,-7.8176823,0.09407337754964828,1.0,0.9629999995231628
YGR254W,YDR240C,0,-7.818587,0.09406452625989914,1.0,0.963100016117096
YBR158W,YBR214W,0,-7.8207245,0.09405568242073059,1.0,0.9631999731063843
YLR084C,YNL241C,0,-7.8230743,0.09404683858156204,1.0,0.9632999897003174
YLR060W,YLR107W,0,-7.823653,0.0940379947423935,1.0,0.9634000062942505
YDR384C,YMR293C,0,-7.824072,0.09402915090322495,1.0,0.9635000228881836
YDR358W,YLL061W,0,-7.8281827,0.0940203070640564,1.0,0.9635999798774719
YDR465C,YML029W,0,-7.8285465,0.09401147067546844,1.0,0.963699996471405
YOL049W,YOL125W,0,-7.828972,0.0940026342868805,1.0,0.9638000130653381
YNL327W,YNL044W,0,-7.8292046,0.09399379789829254,1.0,0.9639000296592712
YOL002C,YER103W,0,-7.8299775,0.09398496150970459,1.0,0.9639999866485596
YMR056C,YHR193C,0,-7.831658,0.09397613257169724,1.0,0.9641000032424927
YOR243C,YHR001W-A,0,-7.8328366,0.09396729618310928,1.0,0.9642000198364258
YHR115C,YCL040W,0,-7.8339543,0.09395846724510193,1.0,0.9642999768257141
YIL019W,YEL066W,0,-7.837482,0.09394964575767517,1.0,0.9643999934196472
YOR173W,YDL005C,0,-7.8404827,0.09394081681966782,1.0,0.9645000100135803
YGL171W,YPL002C,0,-7.8425436,0.09393199533224106,1.0,0.9646000266075134
YPR030W,YBR060C,0,-7.8436685,0.0939231738448143,1.0,0.9646999835968018
YKR067W,YNL064C,0,-7.844709,0.09391435235738754,1.0,0.9648000001907349
YMR128W,YCR075C,0,-7.8455954,0.09390553086996078,1.0,0.964900016784668
YOR253W,YJL052W,0,-7.8463,0.09389671683311462,1.0,0.9649999737739563
YDL208W,YBR024W,0,-7.8502636,0.09388789534568787,1.0,0.9650999903678894
YMR303C,YPL211W,0,-7.8511457,0.0938790813088417,1.0,0.9652000069618225
YIL154C,YDL084W,0,-7.855094,0.09387027472257614,1.0,0.9653000235557556
YPL196W,YML043C,0,-7.8563538,0.09386146068572998,1.0,0.965399980545044
YNR035C,YDR184C,0,-7.858978,0.09385265409946442,1.0,0.965499997138977
YLR210W,YBR050C,0,-7.8602676,0.09384384751319885,1.0,0.9656000137329102
YBL099W,YIL103W,0,-7.8619556,0.09383504092693329,1.0,0.9656999707221985
YDR163W,YHL036W,0,-7.863089,0.09382623434066772,1.0,0.9657999873161316
YBL042C,YDR258C,0,-7.86329,0.09381742775440216,1.0,0.9659000039100647
YDR365C,YMR030W,0,-7.865608,0.0938086286187172,1.0,0.9660000205039978
YEL054C,YBR097W,0,-7.8683047,0.09379982948303223,1.0,0.9660999774932861
YDR512C,YKL081W,0,-7.86851,0.09379103034734726,1.0,0.9661999940872192
YLR390W-A,YDR325W,0,-7.8689265,0.09378223866224289,1.0,0.9663000106811523
YDL130W-A,YPL237W,0,-7.868964,0.09377344697713852,1.0,0.9664000272750854
YIL053W,YPL253C,0,-7.870703,0.09376464784145355,1.0,0.9664999842643738
YGL180W,YLR150W,0,-7.872791,0.09375585615634918,1.0,0.9666000008583069
YJR092W,YNR001C,0,-7.8765554,0.09374707192182541,1.0,0.96670001745224
YDR507C,YJL116C,0,-7.8797674,0.09373828023672104,1.0,0.9667999744415283
YEL024W,YPR110C,0,-7.881411,0.09372949600219727,1.0,0.9668999910354614
YMR116C,YNL042W,0,-7.8832254,0.09372071176767349,1.0,0.9670000076293945
YNL192W,YIL052C,0,-7.883868,0.09371192753314972,1.0,0.9671000242233276
YOL126C,YDR078C,0,-7.8854446,0.09370315074920654,1.0,0.967199981212616
YGL038C,YGR128C,0,-7.886318,0.09369436651468277,1.0,0.9672999978065491
YIL155C,YGL209W,0,-7.886345,0.0936855897307396,1.0,0.9674000144004822
YNL298W,YBR026C,0,-7.888226,0.09367681294679642,1.0,0.9674999713897705
YKL185W,YAL059W,0,-7.890093,0.09366804361343384,1.0,0.9675999879837036
YER062C,YDR194C,0,-7.895376,0.09365926682949066,1.0,0.9677000045776367
YEL060C,YOR213C,0,-7.8983583,0.09365049749612808,1.0,0.9678000211715698
YGL073W,YOR310C,0,-7.898794,0.0936417281627655,1.0,0.9678999781608582
YBR260C,YOL097C,0,-7.903112,0.09363295882940292,1.0,0.9679999947547913
YDL111C,YGL229C,0,-7.903961,0.09362418949604034,1.0,0.9681000113487244
YPR021C,YNL151C,0,-7.9056706,0.09361542761325836,1.0,0.9682000279426575
YGL106W,YBR214W,0,-7.906519,0.09360666573047638,1.0,0.9682999849319458
YLR060W,YKL148C,0,-7.908528,0.0935979038476944,1.0,0.9684000015258789
YIR023W,YGR289C,0,-7.91012,0.09358914196491241,1.0,0.968500018119812
YBL035C,YBL075C,0,-7.913759,0.09358038753271103,1.0,0.9685999751091003
YPL256C,YNL036W,0,-7.9137764,0.09357162564992905,1.0,0.9686999917030334
YOL127W,YLR034C,0,-7.9150767,0.09356287121772766,1.0,0.9688000082969666
YOR120W,YNL016W,0,-7.915892,0.09355412423610687,1.0,0.9689000248908997
YMR260C,YNL093W,0,-7.916525,0.09354536980390549,1.0,0.968999981880188
YLL009C,YCR072C,0,-7.9221973,0.0935366228222847,1.0,0.9690999984741211
YDR171W,YCR044C,0,-7.9224844,0.09352786839008331,1.0,0.9692000150680542
YOR099W,YPL093W,0,-7.9260764,0.09351912140846252,1.0,0.9692999720573425
YDR343C,YOL010W,0,-7.926871,0.09351038187742233,1.0,0.9693999886512756
YOR036W,YPL157W,0,-7.9269824,0.09350163489580154,1.0,0.9695000052452087
YPR124W,YKL125W,0,-7.9283195,0.09349289536476135,1.0,0.9696000218391418
YMR303C,YOL001W,0,-7.9285107,0.09348415583372116,1.0,0.9696999788284302
YER053C,YOR207C,0,-7.928957,0.09347541630268097,1.0,0.9697999954223633
YDR277C,YMR229C,0,-7.930276,0.09346667677164078,1.0,0.9699000120162964
YDL148C,YDL201W,0,-7.9305434,0.09345794469118118,1.0,0.9700000286102295
YDR372C,YCR061W,0,-7.931377,0.09344921261072159,1.0,0.9700999855995178
YIL070C,YJL108C,0,-7.9343104,0.093440480530262,1.0,0.9702000021934509
YPL231W,YGR072W,0,-7.9356527,0.0934317484498024,1.0,0.970300018787384
YDR106W,YML123C,0,-7.9358377,0.0934230163693428,1.0,0.9703999757766724
YGL205W,YOR272W,0,-7.937296,0.0934142917394638,1.0,0.9704999923706055
YER054C,YNL299W,0,-7.938647,0.09340556710958481,1.0,0.9706000089645386
YOL076W,YPL123C,0,-7.943533,0.09339684247970581,1.0,0.9707000255584717
YKR067W,YNL279W,0,-7.9457984,0.09338811784982681,1.0,0.97079998254776
YNL221C,YEL012W,0,-7.946614,0.09337940067052841,1.0,0.9708999991416931
YML080W,YHR008C,0,-7.9474273,0.09337068349123001,1.0,0.9710000157356262
YLR172C,YHR062C,0,-7.948115,0.09336196631193161,1.0,0.9710999727249146
YLR450W,YCR072C,0,-7.9496307,0.09335324913263321,1.0,0.9711999893188477
YDL045C,YDR508C,0,-7.950394,0.09334453195333481,1.0,0.9713000059127808
YOR208W,YOL124C,0,-7.952324,0.093335822224617,1.0,0.9714000225067139
YFL018C,YOR056C,0,-7.954849,0.0933271124958992,1.0,0.9714999794960022
YPL091W,YDL060W,0,-7.9553137,0.0933184027671814,1.0,0.9715999960899353
YCL034W,YDL153C,0,-7.956183,0.09330969303846359,1.0,0.9717000126838684
YNL256W,YER062C,0,-7.9623365,0.09330099076032639,1.0,0.9718000292778015
YHL019C,YMR309C,0,-7.9668074,0.09329228103160858,1.0,0.9718999862670898
YNL159C,YOR182C,0,-7.96716,0.09328357875347137,1.0,0.972000002861023
YMR316W,YFR053C,0,-7.9676824,0.09327488392591476,1.0,0.972100019454956
YDL059C,YLR249W,0,-7.9737473,0.09326618164777756,1.0,0.9721999764442444
YML042W,YDL227C,0,-7.977311,0.09325748682022095,1.0,0.9722999930381775
YJR063W,YNL093W,0,-7.983944,0.09324878454208374,1.0,0.9724000096321106
YGL047W,YKL008C,0,-7.9858027,0.09324008971452713,1.0,0.9725000262260437
YPL018W,YLL011W,0,-7.9872303,0.09323140233755112,1.0,0.972599983215332
YPR001W,YJR150C,0,-7.9910245,0.0932227075099945,1.0,0.9726999998092651
YDR258C,YBR088C,0,-7.991638,0.0932140201330185,1.0,0.9728000164031982
YOL011W,YDR023W,0,-7.9945116,0.09320533275604248,1.0,0.9728999733924866
YPR144C,YLL040C,0,-7.9948325,0.09319664537906647,1.0,0.9729999899864197
YMR015C,YPL211W,0,-7.996325,0.09318795800209045,1.0,0.9731000065803528
YDL142C,YNL186W,0,-7.9969473,0.09317927807569504,1.0,0.9732000231742859
YNL127W,YIL155C,0,-7.9991403,0.09317059814929962,1.0,0.9732999801635742
YNL239W,YJL035C,0,-8.000712,0.0931619182229042,1.0,0.9733999967575073
YBR154C,YNL026W,0,-8.001909,0.09315323829650879,1.0,0.9735000133514404
YJL052W,YKL014C,0,-8.005171,0.09314455837011337,1.0,0.9735999703407288
YJR132W,YPL203W,0,-8.007307,0.09313588589429855,1.0,0.9736999869346619
YOR348C,YNL126W,0,-8.00819,0.09312721341848373,1.0,0.973800003528595
YFL014W,YML088W,0,-8.010473,0.09311854094266891,1.0,0.9739000201225281
YBL015W,YMR116C,0,-8.010664,0.0931098684668541,1.0,0.9739999771118164
YJL052W,YHR167W,0,-8.011189,0.09310120344161987,1.0,0.9740999937057495
YDR085C,YPL157W,0,-8.012225,0.09309253096580505,1.0,0.9742000102996826
YNR053C,YCL010C,0,-8.012813,0.09308386594057083,1.0,0.9743000268936157
YGR280C,YBL102W,0,-8.012837,0.0930752083659172,1.0,0.974399983882904
YDR205W,YOR310C,0,-8.013503,0.09306654334068298,1.0,0.9745000004768372
YDR060W,YOL129W,0,-8.014019,0.09305787831544876,1.0,0.9746000170707703
YDR122W,YHR133C,0,-8.017293,0.09304922074079514,1.0,0.9746999740600586
YFR001W,YIL023C,0,-8.017477,0.09304056316614151,1.0,0.9747999906539917
YGL045W,YOR294W,0,-8.018452,0.09303191304206848,1.0,0.9749000072479248
YHR075C,YDL064W,0,-8.018725,0.09302325546741486,1.0,0.9750000238418579
YER044C,YMR285C,0,-8.019275,0.09301460534334183,1.0,0.9750999808311462
YBR132C,YOL127W,0,-8.020108,0.0930059552192688,1.0,0.9751999974250793
YFR053C,YPR009W,0,-8.021144,0.09299730509519577,1.0,0.9753000140190125
YAR015W,YGR142W,0,-8.022103,0.09298865497112274,1.0,0.9753999710083008
YHR193C,YJL094C,0,-8.022421,0.09298001229763031,1.0,0.9754999876022339
YLR060W,YML091C,0,-8.025076,0.09297136217355728,1.0,0.975600004196167
YHR139C,YDR400W,0,-8.026687,0.09296271950006485,1.0,0.9757000207901001
YMR303C,YLR095C,0,-8.027983,0.09295408427715302,1.0,0.9757999777793884
YER035W,YJR143C,0,-8.029627,0.09294544160366058,1.0,0.9758999943733215
YGL032C,YGR161C,0,-8.029675,0.09293680638074875,1.0,0.9760000109672546
YPR067W,YBR142W,0,-8.03115,0.09292816370725632,1.0,0.9761000275611877
YKL081W,YHR161C,0,-8.031298,0.09291952848434448,1.0,0.9761999845504761
YGL171W,YJR156C,0,-8.031729,0.09291090071201324,1.0,0.9763000011444092
YML116W,YDR492W,0,-8.035613,0.09290226548910141,1.0,0.9764000177383423
YOR348C,YAR003W,0,-8.035955,0.09289363771677017,1.0,0.9764999747276306
YBR084W,YDR265W,0,-8.037506,0.09288500994443893,1.0,0.9765999913215637
YIR028W,YBR172C,0,-8.041658,0.0928763821721077,1.0,0.9767000079154968
YNL242W,YPL212C,0,-8.042188,0.09286775439977646,1.0,0.9768000245094299
YOR120W,YOR237W,0,-8.044503,0.09285913407802582,1.0,0.9768999814987183
YDR516C,YEL003W,0,-8.044943,0.09285051375627518,1.0,0.9769999980926514
YBR247C,YHR066W,0,-8.047193,0.09284189343452454,1.0,0.9771000146865845
YGR289C,YDR382W,0,-8.047752,0.0928332731127739,1.0,0.9771999716758728
YFL056C,YMR093W,0,-8.049078,0.09282465279102325,1.0,0.9772999882698059
YJL108C,YIL052C,0,-8.049794,0.09281603991985321,1.0,0.977400004863739
YGR268C,YGL028C,0,-8.049989,0.09280742704868317,1.0,0.9775000214576721
YOR032C,YGR178C,0,-8.050502,0.09279881417751312,1.0,0.9775999784469604
YDR171W,YGR074W,0,-8.050872,0.09279020130634308,1.0,0.9776999950408936
YER038C,YJL191W,0,-8.05495,0.09278158843517303,1.0,0.9778000116348267
YCL040W,YDR523C,0,-8.056146,0.09277298301458359,1.0,0.9779000282287598
YOR317W,YNL279W,0,-8.059298,0.09276437759399414,1.0,0.9779999852180481
YLR134W,YDR079W,0,-8.060192,0.0927557721734047,1.0,0.9781000018119812
YDR171W,YHR023W,0,-8.060685,0.09274717420339584,1.0,0.9782000184059143
YGL253W,YNL110C,0,-8.0675955,0.0927385687828064,1.0,0.9782999753952026
YGR028W,YLL012W,0,-8.068479,0.09272997081279755,1.0,0.9783999919891357
YOR023C,YNL002C,0,-8.069722,0.0927213728427887,1.0,0.9785000085830688
YGL053W,YDR300C,0,-8.069828,0.09271277487277985,1.0,0.978600025177002
YCL059C,YLR092W,0,-8.071613,0.09270418435335159,1.0,0.9786999821662903
YPL126W,YGR213C,0,-8.075411,0.09269558638334274,1.0,0.9787999987602234
YDL147W,YMR305C,0,-8.075965,0.09268699586391449,1.0,0.9789000153541565
YHR157W,YIL052C,0,-8.081342,0.09267840534448624,1.0,0.9789999723434448
YGR142W,YDR300C,0,-8.081442,0.09266981482505798,1.0,0.9790999889373779
YLR186W,YGR010W,0,-8.082005,0.09266123175621033,1.0,0.979200005531311
YGR088W,YCL011C,0,-8.093038,0.09265264868736267,1.0,0.9793000221252441
YJL060W,YGL044C,0,-8.094331,0.09264405816793442,1.0,0.9793999791145325
YDR492W,YOR265W,0,-8.095181,0.09263548254966736,1.0,0.9794999957084656
YLR048W,YDR394W,0,-8.095489,0.0926268994808197,1.0,0.9796000123023987
YDR099W,YEL054C,0,-8.096351,0.09261831641197205,1.0,0.9797000288963318
YBR066C,YOL020W,0,-8.099188,0.09260974079370499,1.0,0.9797999858856201
YLR401C,YER044C,0,-8.099495,0.09260116517543793,1.0,0.9799000024795532
YML120C,YJR112W,0,-8.102336,0.09259258955717087,1.0,0.9800000190734863
YJR064W,YER054C,0,-8.10237,0.0925840213894844,1.0,0.9800999760627747
YOR361C,YHL028W,0,-8.105592,0.09257544577121735,1.0,0.9801999926567078
YDL142C,YER110C,0,-8.106314,0.09256687760353088,1.0,0.9803000092506409
YKR034W,YDR365C,0,-8.108633,0.09255830943584442,1.0,0.980400025844574
YNL112W,YOR288C,0,-8.109402,0.09254974871873856,1.0,0.9804999828338623
YHR193C,YBR280C,0,-8.110562,0.0925411805510521,1.0,0.9805999994277954
YLR293C,YLL019C,0,-8.115071,0.09253261983394623,1.0,0.9807000160217285
YJL122W,YOR004W,0,-8.115084,0.09252405911684036,1.0,0.9807999730110168
YDL137W,YDR384C,0,-8.11876,0.0925154983997345,1.0,0.98089998960495
YDR258C,YHR172W,0,-8.119704,0.09250693768262863,1.0,0.9810000061988831
YGR268C,YHR120W,0,-8.119712,0.09249838441610336,1.0,0.9811000227928162
YER062C,YLR298C,0,-8.120805,0.0924898236989975,1.0,0.9811999797821045
YPL265W,YOL124C,0,-8.121596,0.09248127043247223,1.0,0.9812999963760376
YLR256W,YNL110C,0,-8.122323,0.09247271716594696,1.0,0.9814000129699707
YNL036W,YPR163C,0,-8.12367,0.09246417135000229,1.0,0.9815000295639038
YKL152C,YML075C,0,-8.127437,0.09245561808347702,1.0,0.9815999865531921
YHR148W,YCR083W,0,-8.1279,0.09244707226753235,1.0,0.9817000031471252
YPR074C,YCR061W,0,-8.130246,0.09243852645158768,1.0,0.9818000197410583
YJL053W,YGR123C,0,-8.130575,0.092429980635643,1.0,0.9818999767303467
YFL056C,YDR447C,0,-8.135577,0.09242144227027893,1.0,0.9819999933242798
YKL049C,YDL052C,0,-8.140674,0.09241290390491486,1.0,0.9821000099182129
YDR299W,YPL015C,0,-8.15159,0.09240435808897018,1.0,0.982200026512146
YLR222C,YOR230W,0,-8.152235,0.0923958271741867,1.0,0.9822999835014343
YKR024C,YHR066W,0,-8.152822,0.09238728880882263,1.0,0.9824000000953674
YHR176W,YJL098W,0,-8.164816,0.09237875044345856,1.0,0.9825000166893005
YOL060C,YDR382W,0,-8.168172,0.09237021952867508,1.0,0.9825999736785889
YDL051W,YHR006W,0,-8.175272,0.0923616886138916,1.0,0.982699990272522
YBR212W,YMR260C,0,-8.181045,0.09235315769910812,1.0,0.9828000068664551
YDL126C,YNR053C,0,-8.187345,0.09234462678432465,1.0,0.9829000234603882
YJR097W,YAL016W,0,-8.190108,0.09233610332012177,1.0,0.9829999804496765
YAR015W,YBR183W,0,-8.193652,0.09232757985591888,1.0,0.9830999970436096
YNL038W,YBR214W,0,-8.198758,0.092319056391716,1.0,0.9832000136375427
YKR082W,YEL060C,0,-8.201756,0.09231053292751312,1.0,0.983299970626831
YPL271W,YJL035C,0,-8.204743,0.09230200946331024,1.0,0.9833999872207642
YGL078C,YEL071W,0,-8.206765,0.09229349344968796,1.0,0.9835000038146973
YLR186W,YER024W,0,-8.211352,0.09228497743606567,1.0,0.9836000204086304
YFR055W,YOL127W,0,-8.2185755,0.09227646142244339,1.0,0.9836999773979187
YBR084W,YLR362W,0,-8.21956,0.0922679454088211,1.0,0.9837999939918518
YGL061C,YML120C,0,-8.219969,0.09225943684577942,1.0,0.9839000105857849
YKR099W,YGL229C,0,-8.22338,0.09225092083215714,1.0,0.984000027179718
YDL113C,YJL208C,0,-8.223639,0.09224241226911545,1.0,0.9840999841690063
YOR253W,YMR104C,0,-8.224826,0.09223390370607376,1.0,0.9842000007629395
YOR120W,YOL109W,0,-8.228333,0.09222540259361267,1.0,0.9843000173568726
YER044C,YLR222C,0,-8.228438,0.09221689403057098,1.0,0.9843999743461609
YKL150W,YOR207C,0,-8.233875,0.0922083929181099,1.0,0.984499990940094
YDR108W,YOR348C,0,-8.242734,0.0921998918056488,1.0,0.9846000075340271
YIR028W,YHR148W,0,-8.24837,0.09219139069318771,1.0,0.9847000241279602
YPL146C,YBR006W,0,-8.255496,0.09218288958072662,1.0,0.9847999811172485
YLR028C,YHR052W,0,-8.270485,0.09217439591884613,1.0,0.9848999977111816
YBR132C,YIL016W,0,-8.270717,0.09216590225696564,1.0,0.9850000143051147
YLR113W,YBR072W,0,-8.272317,0.09215740114450455,1.0,0.9850999712944031
YDR436W,YPR080W,0,-8.272567,0.09214891493320465,1.0,0.9851999878883362
YOR237W,YHR008C,0,-8.273401,0.09214042127132416,1.0,0.9853000044822693
YLR223C,YBR214W,0,-8.276206,0.09213193506002426,1.0,0.9854000210762024
YMR290C,YLL040C,0,-8.281517,0.09212344884872437,1.0,0.9854999780654907
YDR156W,YBR024W,0,-8.28265,0.09211496263742447,1.0,0.9855999946594238
YIR028W,YOL093W,0,-8.288791,0.09210647642612457,1.0,0.9857000112533569
YOR243C,YNR047W,0,-8.29585,0.09209799021482468,1.0,0.98580002784729
YPR200C,YBR072W,0,-8.298266,0.09208951145410538,1.0,0.9858999848365784
YLR397C,YPL006W,0,-8.298446,0.09208103269338608,1.0,0.9860000014305115
YPL212C,YGL227W,0,-8.299721,0.09207255393266678,1.0,0.9861000180244446
YOR040W,YKL081W,0,-8.304287,0.09206407517194748,1.0,0.9861999750137329
YMR142C,YBR183W,0,-8.309269,0.09205560386180878,1.0,0.986299991607666
YPL110C,YOL097C,0,-8.310639,0.09204712510108948,1.0,0.9864000082015991
YPR120C,YEL060C,0,-8.312858,0.09203865379095078,1.0,0.9865000247955322
YDR503C,YGR245C,0,-8.314702,0.09203018248081207,1.0,0.9865999817848206
YLL008W,YGR070W,0,-8.31472,0.09202171862125397,1.0,0.9866999983787537
YBR247C,YGR143W,0,-8.318882,0.09201324731111526,1.0,0.9868000149726868
YHR013C,YBR105C,0,-8.330687,0.09200478345155716,1.0,0.9868999719619751
YLR435W,YOR132W,0,-8.331019,0.09199631959199905,1.0,0.9869999885559082
YBL085W,YCL040W,0,-8.334285,0.09198785573244095,1.0,0.9871000051498413
YHR062C,YGL208W,0,-8.335098,0.09197939932346344,1.0,0.9872000217437744
YOR120W,YML019W,0,-8.340703,0.09197093546390533,1.0,0.9872999787330627
YGR161C,YJL138C,0,-8.345235,0.09196247905492783,1.0,0.9873999953269958
YHR001W-A,YBL093C,0,-8.347304,0.09195402264595032,1.0,0.987500011920929
YBL078C,YER165W,0,-8.360688,0.09194556623697281,1.0,0.9876000285148621
YPR001W,YHR065C,0,-8.3622675,0.0919371172785759,1.0,0.9876999855041504
YPL058C,YEL054C,0,-8.366714,0.09192866086959839,1.0,0.9878000020980835
YAR019C,YKL009W,0,-8.369875,0.09192021191120148,1.0,0.9879000186920166
YMR212C,YNL015W,0,-8.373506,0.09191176295280457,1.0,0.9879999756813049
YNL239W,YLR448W,0,-8.374249,0.09190331399440765,1.0,0.988099992275238
YBR002C,YBR280C,0,-8.375622,0.09189487248659134,1.0,0.9882000088691711
YIL034C,YOR340C,0,-8.377965,0.09188643097877502,1.0,0.9883000254631042
YML120C,YGR285C,0,-8.379478,0.09187798947095871,1.0,0.9883999824523926
YOR317W,YNR060W,0,-8.381657,0.0918695479631424,1.0,0.9884999990463257
YCR005C,YPL237W,0,-8.381841,0.09186110645532608,1.0,0.9886000156402588
YDR259C,YLR249W,0,-8.382373,0.09185266494750977,1.0,0.9886999726295471
YBL015W,YPL254W,0,-8.3841,0.09184423089027405,1.0,0.9887999892234802
YOR386W,YBL004W,0,-8.384439,0.09183579683303833,1.0,0.9889000058174133
YBR155W,YGL053W,0,-8.394189,0.09182736277580261,1.0,0.9890000224113464
YKL009W,YLR337C,0,-8.397691,0.09181893616914749,1.0,0.9890999794006348
YGL020C,YGR256W,0,-8.398516,0.09181050211191177,1.0,0.9891999959945679
YDL040C,YGR161C,0,-8.402033,0.09180207550525665,1.0,0.989300012588501
YDL113C,YPR137W,0,-8.404588,0.09179364889860153,1.0,0.9894000291824341
YGR268C,YGR123C,0,-8.4086485,0.09178522229194641,1.0,0.9894999861717224
YOR142W,YDR091C,0,-8.41874,0.09177679568529129,1.0,0.9896000027656555
YMR290C,YKL148C,0,-8.429231,0.09176837652921677,1.0,0.9897000193595886
YJL060W,YLL022C,0,-8.433627,0.09175995737314224,1.0,0.989799976348877
YGL037C,YJR145C,0,-8.437568,0.09175153821706772,1.0,0.9898999929428101
YNR002C,YBR143C,0,-8.443963,0.0917431190609932,1.0,0.9900000095367432
YJR073C,YGL049C,0,-8.468269,0.09173469990491867,1.0,0.9901000261306763
YIL019W,YJL052W,0,-8.472682,0.09172628819942474,1.0,0.9901999831199646
YOR348C,YIL138C,0,-8.477915,0.09171787649393082,1.0,0.9902999997138977
YBR132C,YMR260C,0,-8.478846,0.09170946478843689,1.0,0.9904000163078308
YJL122W,YDR255C,0,-8.484692,0.09170105308294296,1.0,0.9904999732971191
YMR319C,YBR072W,0,-8.492551,0.09169264882802963,1.0,0.9905999898910522
YHR052W,YGR070W,0,-8.499421,0.0916842371225357,1.0,0.9907000064849854
YOR136W,YNL061W,0,-8.500426,0.09167583286762238,1.0,0.9908000230789185
YML057W,YNL207W,0,-8.501386,0.09166742861270905,1.0,0.9908999800682068
YDR516C,YJL198W,0,-8.515182,0.09165903180837631,1.0,0.9909999966621399
YLR201C,YCR072C,0,-8.525157,0.09165062755346298,1.0,0.991100013256073
YJR155W,YOR206W,0,-8.527303,0.09164223074913025,1.0,0.9911999702453613
YGL047W,YNR046W,0,-8.533338,0.09163383394479752,1.0,0.9912999868392944
YIR012W,YDL130W-A,0,-8.544272,0.09162543714046478,1.0,0.9914000034332275
YDR517W,YPL126W,0,-8.545043,0.09161704033613205,1.0,0.9915000200271606
YJL053W,YER082C,0,-8.545471,0.09160865098237991,1.0,0.991599977016449
YDR478W,YHR016C,0,-8.554118,0.09160025417804718,1.0,0.9916999936103821
YOR347C,YEL026W,0,-8.556115,0.09159186482429504,1.0,0.9918000102043152
YGL014W,YJL164C,0,-8.560744,0.09158347547054291,1.0,0.9919000267982483
YNR001C,YMR260C,0,-8.583972,0.09157509356737137,1.0,0.9919999837875366
YPL217C,YDL130W-A,0,-8.589884,0.09156670421361923,1.0,0.9921000003814697
YOR185C,YMR290C,0,-8.6143265,0.09155832231044769,1.0,0.9922000169754028
YJR002W,YER103W,0,-8.634187,0.09154994040727615,1.0,0.9922999739646912
YDR171W,YFL002C,0,-8.643968,0.09154155850410461,1.0,0.9923999905586243
YDL039C,YPL123C,0,-8.648896,0.09153318405151367,1.0,0.9925000071525574
YER119C,YOR056C,0,-8.649537,0.09152480214834213,1.0,0.9926000237464905
YKL150W,YNL207W,0,-8.649791,0.09151642769575119,1.0,0.9926999807357788
YLR397C,YHR075C,0,-8.668605,0.09150805324316025,1.0,0.9927999973297119
YKL150W,YDR382W,0,-8.675275,0.0914996787905693,1.0,0.992900013923645
YDR516C,YLR291C,0,-8.685988,0.09149131178855896,1.0,0.9929999709129333
YPL211W,YLR240W,0,-8.68811,0.09148293733596802,1.0,0.9930999875068665
YFL025C,YBR072W,0,-8.695268,0.09147457033395767,1.0,0.9932000041007996
YFR014C,YKL009W,0,-8.699033,0.09146620333194733,1.0,0.9933000206947327
YLR022C,YBR006W,0,-8.715638,0.09145783632993698,1.0,0.993399977684021
YJL122W,YNR032W,0,-8.72061,0.09144947677850723,1.0,0.9934999942779541
YBR072W,YMR247C,0,-8.73521,0.09144110977649689,1.0,0.9936000108718872
YDL083C,YLL012W,0,-8.736068,0.09143275022506714,1.0,0.9937000274658203
YPL091W,YKL009W,0,-8.740989,0.09142439067363739,1.0,0.9937999844551086
YNL117W,YDR353W,0,-8.75288,0.09141603112220764,1.0,0.9939000010490417
YLR068W,YIL154C,0,-8.759997,0.09140767902135849,1.0,0.9940000176429749
YGR088W,YOR210W,0,-8.76142,0.09139932692050934,1.0,0.9940999746322632
YNR015W,YBR183W,0,-8.7686205,0.09139096736907959,1.0,0.9941999912261963
YPL265W,YBL075C,0,-8.785953,0.09138262271881104,1.0,0.9943000078201294
YBL078C,YGL014W,0,-8.786292,0.09137427061796188,1.0,0.9944000244140625
YOL093W,YBR006W,0,-8.787538,0.09136591851711273,1.0,0.9944999814033508
YBR214W,YLL012W,0,-8.796667,0.09135757386684418,1.0,0.9945999979972839
YGL247W,YCL040W,0,-8.798518,0.09134922921657562,1.0,0.994700014591217
YMR128W,YHR197W,0,-8.802941,0.09134088456630707,1.0,0.9947999715805054
YGL180W,YHR062C,0,-8.81116,0.09133253991603851,1.0,0.9948999881744385
YJL020C,YJR097W,0,-8.821167,0.09132420271635056,1.0,0.9950000047683716
YPL100W,YPL131W,0,-8.828559,0.091315858066082,1.0,0.9951000213623047
YBL078C,YER168C,0,-8.829751,0.09130752086639404,1.0,0.995199978351593
YJR059W,YLL034C,0,-8.849816,0.09129919111728668,1.0,0.9952999949455261
YIR017C,YPL211W,0,-8.860015,0.09129085391759872,1.0,0.9954000115394592
YGR268C,YLR197W,0,-8.890559,0.09128251671791077,1.0,0.9955000281333923
YDL149W,YOR206W,0,-8.892654,0.0912741869688034,1.0,0.9955999851226807
YMR128W,YGL227W,0,-8.924943,0.09126585721969604,1.0,0.9957000017166138
YNL002C,YMR104C,0,-8.931966,0.09125752747058868,1.0,0.9958000183105469
YBR072W,YPL157W,0,-8.939315,0.09124920517206192,1.0,0.9958999752998352
YDR449C,YOR054C,0,-8.941742,0.09124087542295456,1.0,0.9959999918937683
YMR290C,YER142C,0,-8.948243,0.0912325531244278,1.0,0.9961000084877014
YKL085W,YPL043W,0,-8.980644,0.09122423082590103,1.0,0.9962000250816345
YLR201C,YNL182C,0,-9.006669,0.09121590852737427,1.0,0.9962999820709229
YNL298W,YDR516C,0,-9.008955,0.0912075862288475,1.0,0.996399998664856
YHR052W,YCL052C,0,-9.019145,0.09119927138090134,1.0,0.9965000152587891
YJL122W,YLR206W,0,-9.023609,0.09119095653295517,1.0,0.9965999722480774
YBR026C,YKL143W,0,-9.028604,0.091182641685009,1.0,0.9966999888420105
YNL061W,YPL087W,0,-9.029346,0.09117432683706284,1.0,0.9968000054359436
YFR053C,YDL060W,0,-9.038306,0.09116601198911667,1.0,0.9969000220298767
YHR096C,YMR091C,0,-9.052148,0.0911577045917511,1.0,0.996999979019165
YER054C,YDL081C,0,-9.054303,0.09114939719438553,1.0,0.9970999956130981
YNL274C,YER049W,0,-9.078317,0.09114108979701996,1.0,0.9972000122070312
YBR072W,YPL212C,0,-9.086963,0.09113278239965439,1.0,0.9973000288009644
YDR516C,YML043C,0,-9.093091,0.09112447500228882,1.0,0.9973999857902527
YIL097W,YGR128C,0,-9.100089,0.09111617505550385,1.0,0.9975000023841858
YDL051W,YOR347C,0,-9.107837,0.09110787510871887,1.0,0.9976000189781189
YNL015W,YDR324C,0,-9.148776,0.0910995751619339,1.0,0.9976999759674072
YOR361C,YEL012W,0,-9.158065,0.09109127521514893,1.0,0.9977999925613403
YLR324W,YOR340C,0,-9.192499,0.09108297526836395,1.0,0.9979000091552734
YOR310C,YJL059W,0,-9.207648,0.09107468277215958,1.0,0.9980000257492065
YJR070C,YLR324W,0,-9.224584,0.0910663902759552,1.0,0.9980999827384949
YNL117W,YKL009W,0,-9.272946,0.09105809777975082,1.0,0.998199999332428
YPL126W,YDR059C,0,-9.279969,0.09104980528354645,1.0,0.9983000159263611
YKR024C,YOR120W,0,-9.283952,0.09104151278734207,1.0,0.9983999729156494
YLR270W,YNL244C,0,-9.313743,0.09103322774171829,1.0,0.9984999895095825
YBL078C,YLR264W,0,-9.384034,0.09102494269609451,1.0,0.9986000061035156
YKL172W,YBR006W,0,-9.417973,0.09101665765047073,1.0,0.9987000226974487
YLL011W,YMR093W,0,-9.515798,0.09100837260484695,1.0,0.9987999796867371
YJR063W,YGR161C,0,-9.54263,0.09100008755922318,1.0,0.9988999962806702
YDR171W,YLR264W,0,-9.54805,0.09099180996417999,1.0,0.9990000128746033
YER049W,YKL035W,0,-9.578277,0.09098353236913681,1.0,0.9991000294685364
YKL172W,YDR358W,0,-9.5807295,0.09097525477409363,1.0,0.9991999864578247
YHR052W,YER020W,0,-9.588416,0.09096697717905045,1.0,0.9993000030517578
YLR401C,YBR072W,0,-9.616386,0.09095870703458786,1.0,0.9994000196456909
YHR068W,YMR250W,0,-9.625854,0.09095042943954468,1.0,0.9994999766349792
YGR088W,YDR165W,0,-9.646103,0.09094215929508209,1.0,0.9995999932289124
YOR173W,YLR172C,0,-9.731346,0.0909338891506195,1.0,0.9997000098228455
YNL075W,YPL087W,0,-9.832328,0.09092562645673752,1.0,0.9998000264167786
YBR072W,YDL081C,0,-10.516897,0.09091735631227493,1.0,0.9998999834060669
YBR155W,YCL040W,0,-11.288828,0.09090909361839294,1.0,1.0
